season,player_id,player,nickname,team_id,team,team_name,game_id,game_date,matchup,wl,min,pts_off_tov,pts_2nd_chance,pts_fb,pts_paint,opp_pts_off_tov,opp_pts_2nd_chance,opp_pts_fb,opp_pts_paint,blk,blka,pf,pfd,nba_fantasy_pts,gp_rank,w_rank,l_rank,w_pct_rank,min_rank,pts_off_tov_rank,pts_2nd_chance_rank,pts_fb_rank,pts_paint_rank,opp_pts_off_tov_rank,opp_pts_2nd_chance_rank,opp_pts_fb_rank,opp_pts_paint_rank,blk_rank,blka_rank,pf_rank,pfd_rank,nba_fantasy_pts_rank,available_flag,min_sec,season_start,season_end
2015-16,1718,Paul Pierce,Paul,1610612746,LAC,LA Clippers,21501229,2016-04-13T00:00:00,LAC @ PHX,L,21.6,0.0,0.0,0.0,0.0,14.0,16.0,10.0,28.0,1.0,1.0,2.0,0.0,10.6,1,13074,13074,13074,14555,12059,10158,9917,18861,22292,25155,20169,5824,2692,17214,11390,18762,18723,1.0,21:33,2015,2016
2015-16,1626163,Frank Kaminsky,Frank,1610612766,CHA,Charlotte Hornets,21501219,2016-04-13T00:00:00,CHA vs. ORL,W,20.2,0.0,0.0,0.0,2.0,3.0,2.0,8.0,18.0,0.0,2.0,0.0,1.0,5.9,1,1,1,1,15713,12059,10158,9917,12984,5109,3734,17194,13577,8004,23588,1,12373,21953,1.0,20:13,2015,2016
2015-16,201177,Josh McRoberts,Josh,1610612748,MIA,Miami Heat,21501217,2016-04-13T00:00:00,MIA @ BOS,L,15.8,0.0,0.0,0.0,2.0,3.0,2.0,6.0,14.0,0.0,0.0,0.0,0.0,11.3,1,13074,13074,13074,19193,12059,10158,9917,12984,5109,3734,13388,17019,8004,1,1,18762,18230,1.0,15:48,2015,2016
2015-16,203094,Andrew Nicholson,Andrew,1610612753,ORL,Orlando Magic,21501219,2016-04-13T00:00:00,ORL @ CHA,L,3.7,0.0,0.0,0.0,0.0,2.0,2.0,0.0,2.0,0.0,0.0,0.0,0.0,1.2,1,13074,13074,13074,24814,12059,10158,9917,18861,2619,3734,1,24614,8004,1,1,18762,24661,1.0,3:44,2015,2016
2015-16,203935,Marcus Smart,Marcus,1610612738,BOS,Boston Celtics,21501217,2016-04-13T00:00:00,BOS vs. MIA,W,23.4,0.0,0.0,0.0,0.0,6.0,4.0,6.0,28.0,0.0,1.0,0.0,1.0,1.4,1,1,1,1,13077,12059,10158,9917,18861,10028,8458,13388,5824,8004,17214,1,12373,24615,1.0,23:21,2015,2016
2015-16,2365,Chris Andersen,Chris,1610612763,MEM,Memphis Grizzlies,21501227,2016-04-13T00:00:00,MEM @ GSW,L,8.1,0.0,0.0,0.0,0.0,0.0,3.0,8.0,6.0,0.0,0.0,0.0,0.0,1.2,1,13074,13074,13074,23167,12059,10158,9917,18861,1,7138,17194,22724,8004,1,1,18762,24661,1.0,8:03,2015,2016
2015-16,1626253,Axel Toupane,Axel,1610612743,DEN,Denver Nuggets,21501230,2016-04-13T00:00:00,DEN @ POR,L,6.3,0.0,0.0,0.0,0.0,5.0,5.0,3.0,6.0,0.0,0.0,1.0,0.0,1.2,1,13074,13074,13074,23849,12059,10158,9917,18861,8403,11469,7328,22724,8004,1,4972,18762,24661,1.0,6:17,2015,2016
2015-16,101179,Ronnie Price,Ronnie,1610612756,PHX,Phoenix Suns,21501229,2016-04-13T00:00:00,PHX vs. LAC,W,17.8,0.0,0.0,0.0,0.0,2.0,0.0,0.0,14.0,0.0,0.0,0.0,1.0,11.2,1,1,1,1,17715,12059,10158,9917,18861,2619,1,1,17019,8004,1,1,12373,18267,1.0,17:45,2015,2016
2015-16,201147,Corey Brewer,Corey,1610612745,HOU,Houston Rockets,21501224,2016-04-13T00:00:00,HOU vs. SAC,W,17.7,0.0,0.0,2.0,2.0,7.0,6.0,4.0,22.0,0.0,0.0,2.0,0.0,1.5,1,1,1,1,17737,12059,10158,4675,12984,12242,13237,8806,10265,8004,1,11390,18762,24473,1.0,17:43,2015,2016
2015-16,201601,Luc Mbah a Moute,Luc,1610612746,LAC,LA Clippers,21501229,2016-04-13T00:00:00,LAC @ PHX,L,9.5,0.0,0.0,0.0,0.0,10.0,8.0,6.0,10.0,0.0,0.0,1.0,0.0,1.5,1,13074,13074,13074,22634,12059,10158,9917,18861,17370,17345,13388,20209,8004,1,4972,18762,24473,1.0,9:29,2015,2016
2015-16,1626162,Kelly Oubre Jr.,Kelly,1610612764,WAS,Washington Wizards,21501221,2016-04-13T00:00:00,WAS vs. ATL,W,25.6,0.0,0.0,0.0,6.0,9.0,8.0,13.0,12.0,1.0,0.0,3.0,2.0,10.6,1,1,1,1,11241,12059,10158,9917,5299,15771,17345,23048,18637,2692,1,17641,7786,18723,1.0,25:34,2015,2016
2015-16,201988,Patty Mills,Patty,1610612759,SAS,San Antonio Spurs,21501223,2016-04-13T00:00:00,SAS @ DAL,W,20.1,0.0,0.0,0.0,0.0,11.0,6.0,4.0,14.0,0.0,0.0,2.0,1.0,1.5,1,1,1,1,15829,12059,10158,9917,18861,18886,13237,8806,17019,8004,1,11390,12373,24473,1.0,20:07,2015,2016
2015-16,2570,Kendrick Perkins,Kendrick,1610612740,NOP,New Orleans Pelicans,21501226,2016-04-13T00:00:00,NOP @ MIN,L,20.2,0.0,0.0,0.0,0.0,16.0,4.0,12.0,42.0,0.0,1.0,1.0,2.0,10.5,1,13074,13074,13074,15694,12059,10158,9917,18861,23774,8458,22259,670,8004,17214,4972,7786,18808,1.0,20:14,2015,2016
2015-16,203955,Bryce Cotton,Bryce,1610612763,MEM,Memphis Grizzlies,21501227,2016-04-13T00:00:00,MEM @ GSW,L,1.9,0.0,0.0,0.0,0.0,3.0,0.0,0.0,0.0,0.0,0.0,0.0,0.0,2.0,1,13074,13074,13074,25544,12059,10158,9917,18861,5109,1,1,25429,8004,1,1,18762,24216,1.0,1:56,2015,2016
2015-16,202962,Greg Smith,Greg,1610612750,MIN,Minnesota Timberwolves,21501226,2016-04-13T00:00:00,MIN vs. NOP,W,6.4,0.0,0.0,0.0,0.0,2.0,3.0,5.0,12.0,0.0,0.0,1.0,0.0,3.2,1,1,1,1,23803,12059,10158,9917,18861,2619,7138,11593,18637,8004,1,4972,18762,23473,1.0,6:21,2015,2016
2015-16,202726,Andrew Goudelock,Andrew,1610612745,HOU,Houston Rockets,21501224,2016-04-13T00:00:00,HOU vs. SAC,W,7.2,0.0,0.0,0.0,0.0,4.0,1.0,4.0,6.0,0.0,0.0,0.0,0.0,4.5,1,1,1,1,23507,12059,10158,9917,18861,6141,3393,8806,22724,8004,1,1,18762,22773,1.0,7:09,2015,2016
2015-16,2760,Anderson Varejao,Anderson,1610612744,GSW,Golden State Warriors,21501227,2016-04-13T00:00:00,GSW vs. MEM,W,1.9,0.0,0.0,0.0,0.0,0.0,0.0,0.0,0.0,0.0,0.0,0.0,0.0,3.6,1,1,1,1,25544,12059,10158,9917,18861,1,1,1,25429,8004,1,1,18762,23310,1.0,1:56,2015,2016
2015-16,2400,Drew Gooden,Drew,1610612764,WAS,Washington Wizards,21501221,2016-04-13T00:00:00,WAS vs. ATL,W,2.4,0.0,0.0,0.0,0.0,0.0,0.0,0.0,2.0,0.0,0.0,0.0,1.0,4.0,1,1,1,1,25365,12059,10158,9917,18861,1,1,1,24614,8004,1,1,12373,23142,1.0,2:26,2015,2016
2015-16,203894,Shabazz Napier,Shabazz,1610612753,ORL,Orlando Magic,21501219,2016-04-13T00:00:00,ORL @ CHA,L,3.7,0.0,0.0,1.0,0.0,2.0,2.0,0.0,2.0,0.0,0.0,0.0,1.0,4.0,1,13074,13074,13074,24814,12059,10158,9347,18861,2619,3734,1,24614,8004,1,1,12373,23142,1.0,3:44,2015,2016
2015-16,203960,JaKarr Sampson,JaKarr,1610612743,DEN,Denver Nuggets,21501230,2016-04-13T00:00:00,DEN @ POR,L,8.6,0.0,0.0,0.0,0.0,4.0,5.0,2.0,6.0,0.0,2.0,1.0,1.0,4.2,1,13074,13074,13074,23011,12059,10158,9917,18861,6141,11469,4025,22724,8004,23588,4972,12373,22976,1.0,8:33,2015,2016
2015-16,203961,Eric Moreland,Eric,1610612758,SAC,Sacramento Kings,21501224,2016-04-13T00:00:00,SAC @ HOU,L,4.5,0.0,0.0,0.0,0.0,2.0,5.0,2.0,6.0,0.0,1.0,1.0,0.0,5.1,1,13074,13074,13074,24561,12059,10158,9917,18861,2619,11469,4025,22724,8004,17214,4972,18762,22478,1.0,4:27,2015,2016
2015-16,2550,Kirk Hinrich,Kirk,1610612737,ATL,Atlanta Hawks,21501221,2016-04-13T00:00:00,ATL @ WAS,L,3.0,0.0,0.0,0.0,0.0,0.0,0.0,0.0,2.0,0.0,0.0,0.0,0.0,0.0,1,13074,13074,13074,25119,12059,10158,9917,18861,1,1,1,24614,8004,1,1,18762,25170,1.0,3:01,2015,2016
2015-16,203998,Bruno Caboclo,Bruno,1610612761,TOR,Toronto Raptors,21501218,2016-04-13T00:00:00,TOR @ BKN,W,35.1,3.0,0.0,0.0,0.0,7.0,10.0,9.0,36.0,1.0,1.0,2.0,0.0,8.7,1,1,1,1,3496,4307,10158,9917,18861,12242,20509,18829,1943,2692,17214,11390,18762,20045,1.0,35:03,2015,2016
2015-16,1626242,Luis Montero,Luis,1610612757,POR,Portland Trail Blazers,21501230,2016-04-13T00:00:00,POR vs. DEN,W,9.0,0.0,0.0,0.0,0.0,4.0,3.0,2.0,4.0,0.0,1.0,0.0,1.0,0.2,1,1,1,1,22827,12059,10158,9917,18861,6141,7138,4025,23698,8004,17214,1,12373,25103,1.0,9:02,2015,2016
2015-16,2772,Trevor Ariza,Trevor,1610612745,HOU,Houston Rockets,21501224,2016-04-13T00:00:00,HOU vs. SAC,W,22.5,4.0,2.0,2.0,4.0,10.0,3.0,9.0,10.0,0.0,0.0,0.0,1.0,8.8,1,1,1,1,13793,2460,4731,4675,8599,17370,7138,18829,20209,8004,1,1,12373,19994,1.0,22:27,2015,2016
2015-16,203187,Chris Johnson,Chris,1610612762,UTA,Utah Jazz,21501228,2016-04-13T00:00:00,UTA @ LAL,L,20.3,0.0,2.0,0.0,4.0,10.0,2.0,4.0,20.0,0.0,0.0,2.0,0.0,8.9,1,13074,13074,13074,15654,12059,4731,9917,8599,17370,3734,8806,11929,8004,1,11390,18762,19914,1.0,20:17,2015,2016
2015-16,1626196,Josh Richardson,Josh,1610612748,MIA,Miami Heat,21501217,2016-04-13T00:00:00,MIA @ BOS,L,27.0,0.0,0.0,0.0,0.0,11.0,4.0,8.0,30.0,1.0,0.0,3.0,3.0,9.3,1,13074,13074,13074,10051,12059,10158,9917,18861,18886,8458,17194,4541,2692,1,17641,4736,19656,1.0,26:57,2015,2016
2015-16,1626176,Rakeem Christmas,Rakeem,1610612754,IND,Indiana Pacers,21501225,2016-04-13T00:00:00,IND @ MIL,W,6.1,0.0,0.0,0.0,4.0,10.0,3.0,2.0,8.0,0.0,0.0,1.0,0.0,5.2,1,1,1,1,23919,12059,10158,9917,8599,17370,7138,4025,21543,8004,1,4972,18762,22370,1.0,6:06,2015,2016
2015-16,201228,C.J. Watson,C.J.,1610612753,ORL,Orlando Magic,21501219,2016-04-13T00:00:00,ORL @ CHA,L,19.5,0.0,0.0,3.0,2.0,2.0,0.0,0.0,22.0,0.0,0.0,0.0,2.0,9.5,1,13074,13074,13074,16329,12059,10158,3302,12984,2619,1,1,10265,8004,1,1,7786,19519,1.0,19:29,2015,2016
2015-16,203089,John Henson,John,1610612749,MIL,Milwaukee Bucks,21501225,2016-04-13T00:00:00,MIL vs. IND,L,21.8,2.0,0.0,2.0,6.0,6.0,2.0,2.0,22.0,1.0,0.0,2.0,2.0,13.3,1,13074,13074,13074,14331,6026,10158,4675,5299,10028,3734,4025,10265,2692,1,11390,7786,16712,1.0,21:48,2015,2016
2015-16,101123,Gerald Green,Gerald,1610612748,MIA,Miami Heat,21501217,2016-04-13T00:00:00,MIA @ BOS,L,5.1,0.0,0.0,0.0,0.0,0.0,2.0,0.0,6.0,0.0,0.0,3.0,0.0,0.0,1,13074,13074,13074,24317,12059,10158,9917,18861,1,3734,1,22724,8004,1,17641,18762,25170,1.0,5:08,2015,2016
2015-16,201166,Aaron Brooks,Aaron,1610612741,CHI,Chicago Bulls,21501222,2016-04-13T00:00:00,CHI vs. PHI,W,3.2,0.0,0.0,0.0,0.0,4.0,2.0,2.0,10.0,0.0,0.0,1.0,0.0,0.0,1,1,1,1,25054,12059,10158,9917,18861,6141,3734,4025,20209,8004,1,4972,18762,25170,1.0,3:11,2015,2016
2015-16,101141,Ersan Ilyasova,Ersan,1610612753,ORL,Orlando Magic,21501219,2016-04-13T00:00:00,ORL @ CHA,L,19.8,0.0,2.0,0.0,2.0,8.0,0.0,7.0,16.0,0.0,0.0,1.0,0.0,13.4,1,13074,13074,13074,16085,12059,4731,9917,12984,13914,1,15538,15259,8004,1,4972,18762,16614,1.0,19:47,2015,2016
2015-16,202684,Tristan Thompson,Tristan,1610612739,CLE,Cleveland Cavaliers,21501220,2016-04-13T00:00:00,CLE vs. DET,L,0.1,0.0,0.0,0.0,0.0,0.0,0.0,0.0,0.0,0.0,0.0,1.0,0.0,0.0,1,13074,13074,13074,26051,12059,10158,9917,18861,1,1,1,25429,8004,1,4972,18762,25170,1.0,0:04,2015,2016
2015-16,101135,David Lee,David,1610612742,DAL,Dallas Mavericks,21501223,2016-04-13T00:00:00,DAL vs. SAS,L,7.2,2.0,0.0,2.0,2.0,0.0,0.0,0.0,6.0,0.0,1.0,0.0,0.0,6.8,1,13074,13074,13074,23492,6026,10158,4675,12984,1,1,1,22724,8004,17214,1,18762,21328,1.0,7:12,2015,2016
2015-16,203527,Ryan Kelly,Ryan,1610612747,LAL,Los Angeles Lakers,21501228,2016-04-13T00:00:00,LAL vs. UTA,W,1.5,0.0,0.0,0.0,0.0,0.0,2.0,0.0,4.0,0.0,0.0,0.0,0.0,0.0,1,1,1,1,25715,12059,10158,9917,18861,1,3734,1,23698,8004,1,1,18762,25170,1.0,1:27,2015,2016
2015-16,203469,Cody Zeller,Cody,1610612766,CHA,Charlotte Hornets,21501219,2016-04-13T00:00:00,CHA vs. ORL,W,12.6,0.0,0.0,0.0,2.0,0.0,2.0,3.0,14.0,0.0,0.0,1.0,1.0,9.6,1,1,1,1,21198,12059,10158,9917,12984,1,3734,7328,17019,8004,1,4972,12373,19434,1.0,12:37,2015,2016
2015-16,203084,Harrison Barnes,Harrison,1610612744,GSW,Golden State Warriors,21501227,2016-04-13T00:00:00,GSW vs. MEM,W,30.5,0.0,2.0,0.0,2.0,13.0,17.0,4.0,28.0,0.0,0.0,2.0,3.0,21.7,1,1,1,1,7090,12059,4731,9917,12984,21300,25429,8806,5824,8004,1,11390,4736,10592,1.0,30:31,2015,2016
2015-16,203940,Adreian Payne,Adreian,1610612750,MIN,Minnesota Timberwolves,21501226,2016-04-13T00:00:00,MIN vs. NOP,W,6.4,0.0,0.0,2.0,2.0,2.0,3.0,5.0,12.0,0.0,0.0,1.0,0.0,3.7,1,1,1,1,23803,12059,10158,4675,12984,2619,7138,11593,18637,8004,1,4972,18762,23278,1.0,6:21,2015,2016
2015-16,203081,Damian Lillard,Damian,1610612757,POR,Portland Trail Blazers,21501230,2016-04-13T00:00:00,POR vs. DEN,W,23.8,4.0,0.0,4.0,10.0,10.0,4.0,17.0,38.0,0.0,0.0,1.0,2.0,36.1,1,1,1,1,12744,2460,10158,1913,1840,17370,8458,24967,1422,8004,1,4972,7786,3432,1.0,23:48,2015,2016
2015-16,1626168,Trey Lyles,Trey,1610612762,UTA,Utah Jazz,21501228,2016-04-13T00:00:00,UTA @ LAL,L,39.1,2.0,2.0,2.0,8.0,14.0,8.0,12.0,50.0,0.0,0.0,2.0,3.0,47.7,1,13074,13074,13074,1025,6026,4731,4675,3109,22292,17345,22259,107,8004,1,11390,4736,989,1.0,39:07,2015,2016
2015-16,201935,James Harden,James,1610612745,HOU,Houston Rockets,21501224,2016-04-13T00:00:00,HOU vs. SAC,W,30.3,11.0,5.0,13.0,14.0,12.0,3.0,11.0,18.0,0.0,1.0,3.0,5.0,47.8,1,1,1,1,7284,55,995,26,542,20178,7138,21342,13577,8004,17214,17641,1539,979,1.0,30:16,2015,2016
2015-16,202703,Nikola Mirotic,Nikola,1610612741,CHI,Chicago Bulls,21501222,2016-04-13T00:00:00,CHI vs. PHI,W,39.0,8.0,8.0,3.0,6.0,13.0,7.0,12.0,30.0,3.0,1.0,4.0,4.0,68.4,1,1,1,1,1074,308,137,3302,5299,21300,15642,22259,4541,347,17214,22104,2748,61,1.0,39:00,2015,2016
2015-16,202738,Isaiah Thomas,Isaiah,1610612738,BOS,Boston Celtics,21501217,2016-04-13T00:00:00,BOS vs. MIA,W,34.2,1.0,0.0,6.0,4.0,4.0,12.0,2.0,32.0,0.0,3.0,2.0,9.0,36.8,1,1,1,1,4189,11535,10158,740,8599,6141,22832,4025,3535,8004,25441,11390,138,3241,1.0,34:12,2015,2016
2015-16,203493,Reggie Bullock Jr.,Reggie,1610612765,DET,Detroit Pistons,21501220,2016-04-13T00:00:00,DET @ CLE,W,38.5,0.0,0.0,2.0,4.0,5.0,12.0,0.0,36.0,0.0,0.0,1.0,3.0,29.6,1,1,1,1,1304,12059,10158,4675,8599,8403,22832,1,1943,8004,1,4972,4736,6050,1.0,38:27,2015,2016
2015-16,202388,Donald Sloan,Donald,1610612751,BKN,Brooklyn Nets,21501218,2016-04-13T00:00:00,BKN vs. TOR,L,26.0,0.0,2.0,2.0,6.0,1.0,5.0,7.0,24.0,0.0,2.0,4.0,1.0,29.6,1,13074,13074,13074,10825,12059,4731,4675,5299,2356,11469,15538,8723,8004,23588,22104,12373,6050,1.0,26:01,2015,2016
2015-16,1626181,Norman Powell,Norman,1610612761,TOR,Toronto Raptors,21501218,2016-04-13T00:00:00,TOR @ BKN,W,36.6,5.0,0.0,8.0,10.0,6.0,10.0,15.0,38.0,0.0,0.0,2.0,5.0,50.3,1,1,1,1,2347,1603,10158,280,1840,10028,20509,24242,1422,8004,1,11390,1539,722,1.0,36:35,2015,2016
2015-16,101109,Raymond Felton,Raymond,1610612742,DAL,Dallas Mavericks,21501223,2016-04-13T00:00:00,DAL vs. SAS,L,33.4,2.0,4.0,2.0,8.0,10.0,6.0,5.0,24.0,0.0,0.0,2.0,2.0,29.8,1,13074,13074,13074,4825,6026,1596,4675,3109,17370,13237,11593,8723,8004,1,11390,7786,5948,1.0,33:23,2015,2016
2015-16,203937,Kyle Anderson,Kyle,1610612759,SAS,San Antonio Spurs,21501223,2016-04-13T00:00:00,SAS @ DAL,W,30.5,4.0,0.0,2.0,6.0,13.0,11.0,4.0,16.0,0.0,0.0,2.0,3.0,48.0,1,1,1,1,7141,2460,10158,4675,5299,21300,21814,8806,15259,8004,1,11390,4736,960,1.0,30:27,2015,2016
2015-16,2730,Dwight Howard,Dwight,1610612745,HOU,Houston Rockets,21501224,2016-04-13T00:00:00,HOU vs. SAC,W,25.1,6.0,2.0,0.0,14.0,12.0,3.0,11.0,16.0,1.0,1.0,1.0,1.0,29.0,1,1,1,1,11573,878,4731,9917,542,20178,7138,21342,15259,2692,17214,4972,12373,6346,1.0,25:08,2015,2016
2015-16,203138,Hollis Thompson,Hollis,1610612755,PHI,Philadelphia 76ers,21501222,2016-04-13T00:00:00,PHI @ CHI,L,31.3,4.0,0.0,3.0,6.0,11.0,8.0,4.0,28.0,1.0,0.0,4.0,1.0,29.9,1,13074,13074,13074,6457,2460,10158,3302,5299,18886,17345,8806,5824,2692,1,22104,12373,5884,1.0,31:19,2015,2016
2015-16,202362,Lance Stephenson,Lance,1610612763,MEM,Memphis Grizzlies,21501227,2016-04-13T00:00:00,MEM @ GSW,L,35.4,2.0,0.0,2.0,6.0,16.0,8.0,20.0,30.0,0.0,1.0,2.0,1.0,35.4,1,13074,13074,13074,3196,6026,10158,4675,5299,23774,17345,25599,4541,8004,17214,11390,12373,3684,1.0,35:26,2015,2016
2015-16,203798,PJ Hairston,PJ,1610612763,MEM,Memphis Grizzlies,21501227,2016-04-13T00:00:00,MEM @ GSW,L,17.1,5.0,0.0,0.0,2.0,12.0,4.0,10.0,12.0,0.0,1.0,0.0,0.0,11.6,1,13074,13074,13074,18176,1603,10158,9917,12984,20178,8458,20169,18637,8004,17214,1,18762,17970,1.0,17:08,2015,2016
2015-16,203524,Solomon Hill,Solomon,1610612754,IND,Indiana Pacers,21501225,2016-04-13T00:00:00,IND @ MIL,W,32.7,2.0,0.0,0.0,2.0,14.0,4.0,16.0,34.0,0.0,0.0,2.0,3.0,46.7,1,1,1,1,5323,6026,10158,9917,12984,22292,8458,24641,2701,8004,1,11390,4736,1112,1.0,32:43,2015,2016
2015-16,203476,Gorgui Dieng,Gorgui,1610612750,MIN,Minnesota Timberwolves,21501226,2016-04-13T00:00:00,MIN vs. NOP,W,32.7,0.0,4.0,2.0,10.0,9.0,4.0,11.0,20.0,2.0,0.0,3.0,3.0,44.2,1,1,1,1,5370,12059,1596,4675,1840,15771,8458,21342,11929,932,1,17641,4736,1515,1.0,32:40,2015,2016
2015-16,201585,Kosta Koufos,Kosta,1610612758,SAC,Sacramento Kings,21501224,2016-04-13T00:00:00,SAC @ HOU,L,33.4,4.0,4.0,2.0,12.0,23.0,4.0,18.0,46.0,2.0,1.0,3.0,0.0,35.7,1,13074,13074,13074,4798,2460,1596,4675,988,25803,8458,25228,298,932,17214,17641,18762,3578,1.0,33:25,2015,2016
2015-16,202714,Shelvin Mack,Shelvin,1610612762,UTA,Utah Jazz,21501228,2016-04-13T00:00:00,UTA @ LAL,L,34.6,2.0,0.0,0.0,8.0,13.0,14.0,15.0,46.0,0.0,0.0,2.0,4.0,24.0,1,13074,13074,13074,3903,6026,10158,9917,3109,21300,24300,24242,298,8004,1,11390,2748,9121,1.0,34:33,2015,2016
2015-16,2744,Al Jefferson,Al,1610612766,CHA,Charlotte Hornets,21501219,2016-04-13T00:00:00,CHA vs. ORL,W,23.4,4.0,0.0,0.0,18.0,5.0,2.0,14.0,28.0,1.0,0.0,1.0,4.0,36.8,1,1,1,1,13052,2460,10158,9917,131,8403,3734,23710,5824,2692,1,4972,2748,3241,1.0,23:23,2015,2016
2015-16,203088,Kendall Marshall,Kendall,1610612755,PHI,Philadelphia 76ers,21501222,2016-04-13T00:00:00,PHI @ CHI,L,36.7,3.0,0.0,0.0,2.0,13.0,15.0,5.0,28.0,0.0,1.0,2.0,1.0,24.1,1,13074,13074,13074,2297,4307,10158,9917,12984,21300,24781,11593,5824,8004,17214,11390,12373,9068,1.0,36:41,2015,2016
2015-16,203924,Jerami Grant,Jerami,1610612755,PHI,Philadelphia 76ers,21501222,2016-04-13T00:00:00,PHI @ CHI,L,38.2,2.0,0.0,4.0,10.0,10.0,18.0,5.0,26.0,2.0,1.0,3.0,4.0,36.7,1,13074,13074,13074,1424,6026,10158,1913,1840,17370,25634,11593,7214,932,17214,17641,2748,3269,1.0,38:12,2015,2016
2015-16,201563,Michael Beasley,Michael,1610612745,HOU,Houston Rockets,21501224,2016-04-13T00:00:00,HOU vs. SAC,W,16.6,2.0,0.0,2.0,6.0,6.0,7.0,6.0,16.0,1.0,1.0,0.0,1.0,24.0,1,1,1,1,18545,6026,10158,4675,5299,10028,15642,13388,15259,2692,17214,1,12373,9121,1.0,16:38,2015,2016
2015-16,2403,Nene,ene,1610612764,WAS,Washington Wizards,21501221,2016-04-13T00:00:00,WAS vs. ATL,W,28.7,4.0,2.0,2.0,14.0,5.0,2.0,10.0,22.0,0.0,0.0,3.0,3.0,46.6,1,1,1,1,8602,2460,4731,4675,542,8403,3734,20169,10265,8004,1,17641,4736,1122,1.0,28:44,2015,2016
2015-16,203991,Clint Capela,Clint,1610612745,HOU,Houston Rockets,21501224,2016-04-13T00:00:00,HOU vs. SAC,W,22.9,0.0,2.0,0.0,6.0,9.0,7.0,6.0,22.0,3.0,0.0,2.0,2.0,35.9,1,1,1,1,13484,12059,4731,9917,5299,15771,15642,13388,10265,347,1,11390,7786,3505,1.0,22:52,2015,2016
2015-16,201145,Jeff Green,Jeff,1610612746,LAC,LA Clippers,21501229,2016-04-13T00:00:00,LAC @ PHX,L,24.6,0.0,2.0,0.0,6.0,8.0,15.0,12.0,30.0,0.0,0.0,2.0,1.0,24.9,1,13074,13074,13074,12048,12059,4731,9917,5299,13914,24781,22259,4541,8004,1,11390,12373,8553,1.0,24:35,2015,2016
2015-16,202355,Hassan Whiteside,Hassan,1610612748,MIA,Miami Heat,21501217,2016-04-13T00:00:00,MIA @ BOS,L,27.9,0.0,3.0,0.0,12.0,14.0,8.0,12.0,40.0,4.0,0.0,2.0,6.0,43.8,1,13074,13074,13074,9277,12059,3104,9917,988,22292,17345,22259,983,132,1,11390,873,1587,1.0,27:56,2015,2016
2015-16,202325,Wesley Johnson,Wesley,1610612746,LAC,LA Clippers,21501229,2016-04-13T00:00:00,LAC @ PHX,L,34.6,0.0,0.0,3.0,2.0,10.0,19.0,12.0,40.0,1.0,0.0,3.0,0.0,29.4,1,13074,13074,13074,3851,12059,10158,3302,12984,17370,25786,22259,983,2692,1,17641,18762,6143,1.0,34:37,2015,2016
2015-16,201962,Toney Douglas,Toney,1610612740,NOP,New Orleans Pelicans,21501226,2016-04-13T00:00:00,NOP @ MIN,L,42.4,4.0,2.0,4.0,6.0,18.0,6.0,24.0,64.0,0.0,0.0,2.0,5.0,43.3,1,13074,13074,13074,270,2460,4731,1913,5299,24749,13237,25937,2,8004,1,11390,1539,1678,1.0,42:22,2015,2016
2015-16,203156,Henry Sims,Henry,1610612751,BKN,Brooklyn Nets,21501218,2016-04-13T00:00:00,BKN vs. TOR,L,23.2,2.0,4.0,0.0,8.0,11.0,4.0,6.0,26.0,3.0,0.0,3.0,0.0,28.9,1,13074,13074,13074,13175,6026,1596,9917,3109,18886,8458,13388,7214,347,1,17641,18762,6414,1.0,23:14,2015,2016
2015-16,203200,Justin Holiday,Justin,1610612741,CHI,Chicago Bulls,21501222,2016-04-13T00:00:00,CHI vs. PHI,W,37.2,2.0,3.0,4.0,4.0,15.0,7.0,12.0,26.0,1.0,2.0,2.0,6.0,45.1,1,1,1,1,1973,6026,3104,1913,8599,23079,15642,22259,7214,2692,23588,11390,873,1338,1.0,37:11,2015,2016
2015-16,201229,Anthony Tolliver,Anthony,1610612765,DET,Detroit Pistons,21501220,2016-04-13T00:00:00,DET @ CLE,W,38.6,0.0,3.0,0.0,0.0,2.0,11.0,7.0,36.0,0.0,0.0,1.0,0.0,24.1,1,1,1,1,1212,12059,3104,9917,18861,2619,21814,15538,1943,8004,1,4972,18762,9068,1.0,38:37,2015,2016
2015-16,203953,Jabari Parker,Jabari,1610612749,MIL,Milwaukee Bucks,21501225,2016-04-13T00:00:00,MIL vs. IND,L,25.2,3.0,0.0,6.0,12.0,8.0,2.0,12.0,20.0,0.0,3.0,1.0,3.0,29.9,1,13074,13074,13074,11528,4307,10158,740,988,13914,3734,22259,11929,8004,25441,4972,4736,5884,1.0,25:12,2015,2016
2015-16,1626157,Karl-Anthony Towns,Karl-Anthony,1610612750,MIN,Minnesota Timberwolves,21501226,2016-04-13T00:00:00,MIN vs. NOP,W,32.0,6.0,2.0,4.0,16.0,7.0,9.0,11.0,28.0,2.0,0.0,3.0,2.0,55.3,1,1,1,1,5933,878,4731,1913,275,12242,19144,21342,5824,932,1,17641,7786,384,1.0,31:57,2015,2016
2015-16,203994,Jusuf Nurkić,Jusuf,1610612743,DEN,Denver Nuggets,21501230,2016-04-13T00:00:00,DEN @ POR,L,38.8,6.0,3.0,2.0,10.0,21.0,20.0,14.0,36.0,3.0,1.0,5.0,3.0,49.8,1,13074,13074,13074,1127,878,3104,4675,1840,25535,25875,23710,1943,347,17214,24686,4736,775,1.0,38:50,2015,2016
2015-16,202357,Nemanja Bjelica,Nemanja,1610612750,MIN,Minnesota Timberwolves,21501226,2016-04-13T00:00:00,MIN vs. NOP,W,18.7,0.0,0.0,0.0,4.0,2.0,5.0,4.0,20.0,1.0,0.0,4.0,0.0,29.1,1,1,1,1,16960,12059,10158,9917,8599,2619,11469,8806,11929,2692,1,22104,18762,6285,1.0,18:41,2015,2016
2015-16,201939,Stephen Curry,Stephen,1610612744,GSW,Golden State Warriors,21501227,2016-04-13T00:00:00,GSW vs. MEM,W,29.8,5.0,4.0,20.0,10.0,8.0,18.0,8.0,34.0,0.0,0.0,2.0,7.0,63.8,1,1,1,1,7749,1603,1596,1,1840,13914,25634,17194,2701,8004,1,11390,469,106,1.0,29:46,2015,2016
2015-16,201976,Patrick Beverley,Patrick,1610612745,HOU,Houston Rockets,21501224,2016-04-13T00:00:00,HOU vs. SAC,W,32.9,4.0,0.0,6.0,6.0,14.0,9.0,13.0,26.0,0.0,0.0,3.0,2.0,48.8,1,1,1,1,5241,2460,10158,740,5299,22292,19144,23048,7214,8004,1,17641,7786,881,1.0,32:51,2015,2016
2015-16,203903,Jordan Clarkson,Jordan,1610612747,LAL,Los Angeles Lakers,21501228,2016-04-13T00:00:00,LAL vs. UTA,W,34.1,4.0,2.0,6.0,12.0,5.0,10.0,8.0,38.0,0.0,0.0,1.0,0.0,23.9,1,1,1,1,4253,2460,4731,740,988,8403,20509,17194,1422,8004,1,4972,18762,9184,1.0,34:07,2015,2016
2015-16,201202,Joel Anthony,Joel,1610612765,DET,Detroit Pistons,21501220,2016-04-13T00:00:00,DET @ CLE,W,25.2,2.0,2.0,0.0,4.0,6.0,12.0,0.0,24.0,8.0,0.0,2.0,2.0,35.8,1,1,1,1,11512,6026,4731,9917,8599,10028,22832,1,8723,5,1,11390,7786,3541,1.0,25:13,2015,2016
2015-16,203895,Jordan McRae,Jordan,1610612739,CLE,Cleveland Cavaliers,21501220,2016-04-13T00:00:00,CLE vs. DET,L,47.1,0.0,2.0,5.0,16.0,12.0,14.0,7.0,20.0,0.0,5.0,5.0,5.0,46.3,1,13074,13074,13074,37,12059,4731,1277,275,20178,24300,15538,11929,8004,26042,24686,1539,1168,1.0,47:06,2015,2016
2015-16,202691,Klay Thompson,Klay,1610612744,GSW,Golden State Warriors,21501227,2016-04-13T00:00:00,GSW vs. MEM,W,28.4,3.0,0.0,8.0,2.0,13.0,18.0,4.0,32.0,1.0,0.0,1.0,0.0,24.4,1,1,1,1,8969,4307,10158,280,12984,21300,25634,8806,3535,2692,1,4972,18762,8867,1.0,28:21,2015,2016
2015-16,1626191,Chris McCullough,Chris,1610612751,BKN,Brooklyn Nets,21501218,2016-04-13T00:00:00,BKN vs. TOR,L,21.7,2.0,2.0,2.0,4.0,13.0,2.0,9.0,26.0,1.0,0.0,0.0,0.0,24.5,1,13074,13074,13074,14422,6026,4731,4675,8599,21300,3734,18829,7214,2692,1,1,18762,8801,1.0,21:44,2015,2016
2015-16,201143,Al Horford,Al,1610612737,ATL,Atlanta Hawks,21501221,2016-04-13T00:00:00,ATL @ WAS,L,30.0,0.0,0.0,0.0,4.0,14.0,9.0,15.0,34.0,1.0,0.0,2.0,4.0,35.6,1,13074,13074,13074,7584,12059,10158,9917,8599,22292,19144,24242,2701,2692,1,11390,2748,3615,1.0,29:57,2015,2016
2015-16,977,Kobe Bryant,Kobe,1610612747,LAL,Los Angeles Lakers,21501228,2016-04-13T00:00:00,LAL vs. UTA,W,42.1,11.0,2.0,10.0,22.0,10.0,10.0,14.0,50.0,1.0,1.0,1.0,10.0,74.8,1,1,1,1,294,55,4731,118,25,17370,20509,23710,107,2692,17214,4972,76,21,1.0,42:09,2015,2016
2015-16,202720,Jon Leuer,Jon,1610612756,PHX,Phoenix Suns,21501229,2016-04-13T00:00:00,PHX vs. LAC,W,20.4,4.0,6.0,0.0,8.0,2.0,0.0,3.0,18.0,1.0,0.0,1.0,2.0,43.8,1,1,1,1,15600,2460,481,9917,3109,2619,1,7328,13577,2692,1,4972,7786,1587,1.0,20:21,2015,2016
2015-16,1626169,Stanley Johnson,Stanley,1610612765,DET,Detroit Pistons,21501220,2016-04-13T00:00:00,DET @ CLE,W,31.5,4.0,3.0,2.0,2.0,8.0,13.0,7.0,32.0,1.0,0.0,5.0,2.0,35.6,1,1,1,1,6280,2460,3104,4675,12984,13914,23668,15538,3535,2692,1,24686,7786,3615,1.0,31:32,2015,2016
2015-16,201581,JJ Hickson,JJ,1610612764,WAS,Washington Wizards,21501221,2016-04-13T00:00:00,WAS vs. ATL,W,19.3,0.0,6.0,2.0,4.0,8.0,8.0,9.0,10.0,1.0,0.0,1.0,4.0,23.9,1,1,1,1,16488,12059,481,4675,8599,13914,17345,18829,20209,2692,1,4972,2748,9184,1.0,19:16,2015,2016
2015-16,203507,Giannis Antetokounmpo,Giannis,1610612749,MIL,Milwaukee Bucks,21501225,2016-04-13T00:00:00,MIL vs. IND,L,29.1,4.0,2.0,8.0,12.0,10.0,6.0,8.0,24.0,1.0,0.0,2.0,3.0,36.3,1,13074,13074,13074,8295,2460,4731,280,988,17370,13237,17194,8723,2692,1,11390,4736,3380,1.0,29:06,2015,2016
2015-16,2440,Matt Barnes,Matt,1610612763,MEM,Memphis Grizzlies,21501227,2016-04-13T00:00:00,MEM @ GSW,L,31.7,2.0,2.0,0.0,4.0,7.0,7.0,27.0,26.0,0.0,1.0,2.0,1.0,29.8,1,13074,13074,13074,6142,6026,4731,9917,8599,12242,15642,26031,7214,8004,17214,11390,12373,5948,1.0,31:42,2015,2016
2015-16,202340,Avery Bradley,Avery,1610612738,BOS,Boston Celtics,21501217,2016-04-13T00:00:00,BOS vs. MIA,W,30.7,4.0,2.0,4.0,12.0,6.0,14.0,4.0,38.0,0.0,0.0,2.0,0.0,27.4,1,1,1,1,6988,2460,4731,1913,988,10028,24300,8806,1422,8004,1,11390,18762,7179,1.0,30:39,2015,2016
2015-16,101112,Channing Frye,Channing,1610612739,CLE,Cleveland Cavaliers,21501220,2016-04-13T00:00:00,CLE vs. DET,L,41.1,3.0,0.0,0.0,2.0,10.0,15.0,5.0,18.0,0.0,0.0,1.0,2.0,30.2,1,13074,13074,13074,474,4307,10158,9917,12984,17370,24781,11593,13577,8004,1,4972,7786,5751,1.0,41:04,2015,2016
2015-16,101107,Marvin Williams,Marvin,1610612766,CHA,Charlotte Hornets,21501219,2016-04-13T00:00:00,CHA vs. ORL,W,9.8,0.0,0.0,0.0,2.0,0.0,0.0,0.0,12.0,0.0,0.0,0.0,2.0,15.8,1,1,1,1,22527,12059,10158,9917,12984,1,1,1,18637,8004,1,1,7786,14754,1.0,9:48,2015,2016
2015-16,203912,C.J. Wilcox,C.J.,1610612746,LAC,LA Clippers,21501229,2016-04-13T00:00:00,LAC @ PHX,L,28.9,2.0,2.0,2.0,4.0,8.0,19.0,14.0,38.0,1.0,0.0,3.0,2.0,27.1,1,13074,13074,13074,8490,6026,4731,4675,8599,13914,25786,23710,1422,2692,1,17641,7786,7339,1.0,28:51,2015,2016
2015-16,203909,KJ McDaniels,KJ,1610612745,HOU,Houston Rockets,21501224,2016-04-13T00:00:00,HOU vs. SAC,W,12.0,0.0,2.0,1.0,4.0,7.0,1.0,4.0,10.0,0.0,0.0,0.0,3.0,15.8,1,1,1,1,21529,12059,4731,9347,8599,12242,3393,8806,20209,8004,1,1,4736,14754,1.0,12:00,2015,2016
2015-16,203906,Devyn Marble,Devyn,1610612753,ORL,Orlando Magic,21501219,2016-04-13T00:00:00,ORL @ CHA,L,20.4,0.0,0.0,0.0,2.0,4.0,2.0,0.0,20.0,0.0,0.0,2.0,1.0,15.2,1,13074,13074,13074,15562,12059,10158,9917,12984,6141,3734,1,11929,8004,1,11390,12373,15219,1.0,20:24,2015,2016
2015-16,203486,Mason Plumlee,Mason,1610612757,POR,Portland Trail Blazers,21501230,2016-04-13T00:00:00,POR vs. DEN,W,23.6,2.0,0.0,2.0,4.0,13.0,6.0,12.0,32.0,2.0,0.0,0.0,3.0,27.1,1,1,1,1,12884,6026,10158,4675,8599,21300,13237,22259,3535,932,1,1,4736,7339,1.0,23:37,2015,2016
2015-16,203101,Miles Plumlee,Miles,1610612749,MIL,Milwaukee Bucks,21501225,2016-04-13T00:00:00,MIL vs. IND,L,20.0,2.0,2.0,0.0,4.0,3.0,6.0,8.0,26.0,0.0,0.0,1.0,0.0,12.3,1,13074,13074,13074,15922,6026,4731,9917,8599,5109,13237,17194,7214,8004,1,4972,18762,17524,1.0,19:59,2015,2016
2015-16,1626246,Boban Marjanović,Boban,1610612759,SAS,San Antonio Spurs,21501223,2016-04-13T00:00:00,SAS @ DAL,W,37.0,2.0,2.0,0.0,10.0,14.0,15.0,2.0,12.0,2.0,0.0,3.0,7.0,42.9,1,1,1,1,2076,6026,4731,9917,1840,22292,24781,4025,18637,932,1,17641,469,1754,1.0,37:00,2015,2016
2015-16,1626161,Willie Cauley-Stein,Willie,1610612758,SAC,Sacramento Kings,21501224,2016-04-13T00:00:00,SAC @ HOU,L,31.3,0.0,2.0,2.0,6.0,27.0,8.0,27.0,52.0,1.0,1.0,5.0,1.0,27.1,1,13074,13074,13074,6439,12059,4731,4675,5299,26014,17345,26031,59,2692,17214,24686,12373,7339,1.0,31:20,2015,2016
2015-16,101187,Alan Anderson,Alan,1610612764,WAS,Washington Wizards,21501221,2016-04-13T00:00:00,WAS vs. ATL,W,12.2,0.0,0.0,0.0,0.0,6.0,8.0,4.0,8.0,0.0,0.0,4.0,0.0,12.3,1,1,1,1,21429,12059,10158,9917,18861,10028,17345,8806,21543,8004,1,22104,18762,17524,1.0,12:12,2015,2016
2015-16,2034,Mike Miller,Mike,1610612743,DEN,Denver Nuggets,21501230,2016-04-13T00:00:00,DEN @ POR,L,18.3,0.0,0.0,3.0,2.0,9.0,6.0,9.0,20.0,0.0,0.0,2.0,2.0,20.3,1,13074,13074,13074,17278,12059,10158,3302,12984,15771,13237,18829,11929,8004,1,11390,7786,11534,1.0,18:17,2015,2016
2015-16,203148,Brian Roberts,Brian,1610612757,POR,Portland Trail Blazers,21501230,2016-04-13T00:00:00,POR vs. DEN,W,16.8,3.0,7.0,3.0,4.0,4.0,5.0,4.0,16.0,0.0,0.0,3.0,3.0,19.7,1,1,1,1,18417,4307,292,3302,8599,6141,11469,8806,15259,8004,1,17641,4736,11962,1.0,16:48,2015,2016
2015-16,1626210,Alan Williams,Alan,1610612756,PHX,Phoenix Suns,21501229,2016-04-13T00:00:00,PHX vs. LAC,W,22.3,0.0,6.0,0.0,8.0,2.0,4.0,8.0,26.0,3.0,1.0,4.0,3.0,41.4,1,1,1,1,13920,12059,481,9917,3109,2619,8458,17194,7214,347,17214,22104,4736,2060,1.0,22:18,2015,2016
2015-16,1717,Dirk Nowitzki,Dirk,1610612742,DAL,Dallas Mavericks,21501223,2016-04-13T00:00:00,DAL vs. SAS,L,33.8,2.0,6.0,0.0,2.0,9.0,6.0,8.0,26.0,0.0,0.0,2.0,5.0,30.9,1,13074,13074,13074,4516,6026,481,9917,12984,15771,13237,17194,7214,8004,1,11390,1539,5452,1.0,33:48,2015,2016
2015-16,203118,Mike Scott,Mike,1610612737,ATL,Atlanta Hawks,21501221,2016-04-13T00:00:00,ATL @ WAS,L,16.7,2.0,3.0,2.0,0.0,0.0,2.0,2.0,14.0,0.0,0.0,1.0,1.0,15.1,1,13074,13074,13074,18534,6026,3104,4675,18861,1,3734,4025,17019,8004,1,4972,12373,15328,1.0,16:39,2015,2016
2015-16,201952,Jeff Teague,Jeff,1610612737,ATL,Atlanta Hawks,21501221,2016-04-13T00:00:00,ATL @ WAS,L,27.4,2.0,0.0,6.0,8.0,16.0,11.0,21.0,34.0,0.0,1.0,4.0,3.0,26.9,1,13074,13074,13074,9676,6026,10158,740,3109,23774,21814,25725,2701,8004,17214,22104,4736,7438,1.0,27:25,2015,2016
2015-16,2564,Boris Diaw,Boris,1610612759,SAS,San Antonio Spurs,21501223,2016-04-13T00:00:00,SAS @ DAL,W,20.1,0.0,0.0,0.0,4.0,15.0,4.0,6.0,10.0,0.0,0.0,3.0,0.0,11.9,1,1,1,1,15851,12059,10158,9917,8599,23079,8458,13388,20209,8004,1,17641,18762,17760,1.0,20:05,2015,2016
2015-16,203948,Johnny O'Bryant III,Johnny,1610612749,MIL,Milwaukee Bucks,21501225,2016-04-13T00:00:00,MIL vs. IND,L,16.1,2.0,0.0,2.0,6.0,4.0,4.0,4.0,20.0,0.0,0.0,0.0,0.0,15.2,1,13074,13074,13074,18971,6026,10158,4675,5299,6141,8458,8806,11929,8004,1,1,18762,15219,1.0,16:05,2015,2016
2015-16,203462,Archie Goodwin,Archie,1610612756,PHX,Phoenix Suns,21501229,2016-04-13T00:00:00,PHX vs. LAC,W,30.3,0.0,2.0,2.0,6.0,9.0,6.0,12.0,32.0,0.0,0.0,1.0,1.0,26.1,1,1,1,1,7305,12059,4731,4675,5299,15771,13237,22259,3535,8004,1,4972,12373,7836,1.0,30:15,2015,2016
2015-16,1626245,Cristiano Felicio,Cristiano,1610612741,CHI,Chicago Bulls,21501222,2016-04-13T00:00:00,CHI vs. PHI,W,28.6,0.0,2.0,0.0,4.0,15.0,5.0,6.0,10.0,2.0,1.0,2.0,1.0,26.8,1,1,1,1,8699,12059,4731,9917,8599,23079,11469,13388,20209,932,17214,11390,12373,7486,1.0,28:38,2015,2016
2015-16,202391,Jeremy Lin,Jeremy,1610612766,CHA,Charlotte Hornets,21501219,2016-04-13T00:00:00,CHA vs. ORL,W,20.8,3.0,0.0,7.0,2.0,3.0,0.0,8.0,20.0,0.0,1.0,1.0,1.0,19.8,1,1,1,1,15274,4307,10158,454,12984,5109,1,17194,11929,8004,17214,4972,12373,11883,1.0,20:45,2015,2016
2015-16,2563,Dahntay Jones,Dahntay,1610612739,CLE,Cleveland Cavaliers,21501220,2016-04-13T00:00:00,CLE vs. DET,L,42.4,2.0,4.0,0.0,4.0,14.0,15.0,7.0,24.0,2.0,2.0,6.0,1.0,31.0,1,13074,13074,13074,273,6026,1596,9917,8599,22292,24781,15538,8723,932,23588,25827,12373,5406,1.0,42:21,2015,2016
2015-16,201574,Jason Thompson,Jason,1610612761,TOR,Toronto Raptors,21501218,2016-04-13T00:00:00,TOR @ BKN,W,21.8,3.0,4.0,2.0,8.0,7.0,8.0,16.0,32.0,1.0,1.0,3.0,2.0,26.1,1,1,1,1,14345,4307,1596,4675,3109,12242,17345,24641,3535,2692,17214,17641,7786,7836,1.0,21:48,2015,2016
2015-16,202083,Wesley Matthews,Wesley,1610612742,DAL,Dallas Mavericks,21501223,2016-04-13T00:00:00,DAL vs. SAS,L,40.2,5.0,0.0,0.0,0.0,11.0,4.0,8.0,34.0,1.0,0.0,2.0,0.0,31.3,1,13074,13074,13074,689,1603,10158,9917,18861,18886,8458,17194,2701,2692,1,11390,18762,5258,1.0,40:10,2015,2016
2015-16,203471,Dennis Schröder,Dennis,1610612737,ATL,Atlanta Hawks,21501221,2016-04-13T00:00:00,ATL @ WAS,L,20.6,4.0,2.0,1.0,2.0,0.0,2.0,2.0,16.0,0.0,1.0,1.0,3.0,15.5,1,13074,13074,13074,15420,2460,4731,9347,12984,1,3734,4025,15259,8004,17214,4972,4736,15004,1.0,20:35,2015,2016
2015-16,203112,Quincy Acy,Quincy,1610612758,SAC,Sacramento Kings,21501224,2016-04-13T00:00:00,SAC @ HOU,L,29.3,2.0,2.0,0.0,2.0,6.0,11.0,13.0,32.0,1.0,0.0,0.0,5.0,30.6,1,13074,13074,13074,8133,6026,4731,9917,12984,10028,21814,23048,3535,2692,1,1,1539,5574,1.0,29:17,2015,2016
2015-16,1626251,Duje Dukan,Duje,1610612758,SAC,Sacramento Kings,21501224,2016-04-13T00:00:00,SAC @ HOU,L,24.2,3.0,0.0,0.0,0.0,6.0,9.0,12.0,30.0,0.0,0.0,2.0,0.0,15.3,1,13074,13074,13074,12360,4307,10158,9917,18861,10028,19144,22259,4541,8004,1,11390,18762,15150,1.0,24:14,2015,2016
2015-16,203082,Terrence Ross,Terrence,1610612761,TOR,Toronto Raptors,21501218,2016-04-13T00:00:00,TOR @ BKN,W,28.6,1.0,0.0,0.0,6.0,1.0,6.0,12.0,28.0,1.0,1.0,1.0,3.0,42.0,1,1,1,1,8733,11535,10158,9917,5299,2356,13237,22259,5824,2692,17214,4972,4736,1936,1.0,28:36,2015,2016
2015-16,2588,Matt Bonner,Matt,1610612759,SAS,San Antonio Spurs,21501223,2016-04-13T00:00:00,SAS @ DAL,W,22.7,0.0,0.0,0.0,0.0,4.0,2.0,0.0,6.0,1.0,0.0,2.0,0.0,11.7,1,1,1,1,13631,12059,10158,9917,18861,6141,3734,1,22724,2692,1,11390,18762,17903,1.0,22:40,2015,2016
2015-16,201160,Jason Smith,Jason,1610612753,ORL,Orlando Magic,21501219,2016-04-13T00:00:00,ORL @ CHA,L,15.6,2.0,0.0,0.0,2.0,2.0,0.0,0.0,18.0,1.0,1.0,3.0,1.0,11.7,1,13074,13074,13074,19334,6026,10158,9917,12984,2619,1,1,13577,2692,17214,17641,12373,17903,1.0,15:37,2015,2016
2015-16,203488,Mike Muscala,Mike,1610612737,ATL,Atlanta Hawks,21501221,2016-04-13T00:00:00,ATL @ WAS,L,9.9,2.0,2.0,2.0,4.0,4.0,4.0,4.0,8.0,1.0,0.0,3.0,2.0,11.7,1,13074,13074,13074,22497,6026,4731,4675,8599,6141,8458,8806,21543,2692,1,17641,7786,17903,1.0,9:54,2015,2016
2015-16,202700,Donatas Motiejunas,Donatas,1610612745,HOU,Houston Rockets,21501224,2016-04-13T00:00:00,HOU vs. SAC,W,15.0,0.0,0.0,0.0,2.0,7.0,2.0,9.0,10.0,1.0,1.0,0.0,2.0,11.8,1,1,1,1,19791,12059,10158,9917,12984,12242,3734,18829,20209,2692,17214,1,7786,17832,1.0,14:57,2015,2016
2015-16,201961,Wayne Ellington,Wayne,1610612751,BKN,Brooklyn Nets,21501218,2016-04-13T00:00:00,BKN vs. TOR,L,16.6,2.0,0.0,2.0,2.0,10.0,2.0,6.0,22.0,0.0,1.0,2.0,1.0,12.2,1,13074,13074,13074,18605,6026,10158,4675,12984,17370,3734,13388,10265,8004,17214,11390,12373,17566,1.0,16:34,2015,2016
2015-16,202329,Al-Farouq Aminu,Al-Farouq,1610612757,POR,Portland Trail Blazers,21501230,2016-04-13T00:00:00,POR vs. DEN,W,18.7,2.0,3.0,0.0,2.0,7.0,6.0,10.0,30.0,0.0,0.0,3.0,2.0,15.6,1,1,1,1,16930,6026,3104,9917,12984,12242,13237,20169,4541,8004,1,17641,7786,14916,1.0,18:43,2015,2016
2015-16,203526,Raul Neto,Raul,1610612762,UTA,Utah Jazz,21501228,2016-04-13T00:00:00,UTA @ LAL,L,19.0,2.0,0.0,2.0,6.0,8.0,2.0,5.0,20.0,0.0,0.0,0.0,0.0,15.2,1,13074,13074,13074,16712,6026,10158,4675,5299,13914,3734,11593,11929,8004,1,1,18762,15219,1.0,18:59,2015,2016
2015-16,202349,Greivis Vasquez,Greivis,1610612749,MIL,Milwaukee Bucks,21501225,2016-04-13T00:00:00,MIL vs. IND,L,22.4,0.0,0.0,0.0,0.0,3.0,4.0,6.0,30.0,0.0,0.0,2.0,0.0,12.2,1,13074,13074,13074,13822,12059,10158,9917,18861,5109,8458,13388,4541,8004,1,11390,18762,17566,1.0,22:25,2015,2016
2015-16,202689,Kemba Walker,Kemba,1610612766,CHA,Charlotte Hornets,21501219,2016-04-13T00:00:00,CHA vs. ORL,W,17.8,0.0,0.0,0.0,2.0,0.0,2.0,3.0,20.0,0.0,0.0,1.0,1.0,15.2,1,1,1,1,17684,12059,10158,9917,12984,1,3734,7328,11929,8004,1,4972,12373,15219,1.0,17:47,2015,2016
2015-16,1626145,Tyus Jones,Tyus,1610612750,MIN,Minnesota Timberwolves,21501226,2016-04-13T00:00:00,MIN vs. NOP,W,25.8,0.0,0.0,0.0,4.0,4.0,8.0,9.0,32.0,0.0,0.0,0.0,2.0,31.2,1,1,1,1,10993,12059,10158,9917,8599,6141,17345,18829,3535,8004,1,1,7786,5304,1.0,25:49,2015,2016
2015-16,203481,Jeff Withey,Jeff,1610612762,UTA,Utah Jazz,21501228,2016-04-13T00:00:00,UTA @ LAL,L,27.8,2.0,2.0,0.0,8.0,13.0,12.0,10.0,34.0,1.0,0.0,3.0,4.0,27.3,1,13074,13074,13074,9395,6026,4731,9917,3109,21300,22832,20169,2701,2692,1,17641,2748,7236,1.0,27:47,2015,2016
2015-16,2210,Richard Jefferson,Richard,1610612739,CLE,Cleveland Cavaliers,21501220,2016-04-13T00:00:00,CLE vs. DET,L,33.0,0.0,1.0,0.0,6.0,9.0,13.0,2.0,14.0,0.0,0.0,3.0,3.0,20.4,1,13074,13074,13074,5163,12059,9709,9917,5299,15771,23668,4025,17019,8004,1,17641,4736,11453,1.0,32:58,2015,2016
2015-16,201951,Ty Lawson,Ty,1610612754,IND,Indiana Pacers,21501225,2016-04-13T00:00:00,IND @ MIL,W,26.0,0.0,0.0,4.0,4.0,14.0,4.0,16.0,34.0,0.0,0.0,0.0,1.0,15.2,1,1,1,1,10813,12059,10158,1913,8599,22292,8458,24641,2701,8004,1,1,12373,15219,1.0,26:02,2015,2016
2015-16,204456,T.J. McConnell,T.J.,1610612755,PHI,Philadelphia 76ers,21501222,2016-04-13T00:00:00,PHI @ CHI,L,21.8,7.0,0.0,2.0,6.0,11.0,6.0,4.0,18.0,0.0,0.0,1.0,1.0,31.1,1,13074,13074,13074,14389,548,10158,4675,5299,18886,13237,8806,13577,8004,1,4972,12373,5354,1.0,21:45,2015,2016
2015-16,201965,Jeff Ayres,Jeff,1610612746,LAC,LA Clippers,21501229,2016-04-13T00:00:00,LAC @ PHX,L,18.9,0.0,2.0,0.0,4.0,12.0,13.0,10.0,30.0,0.0,3.0,3.0,4.0,13.5,1,13074,13074,13074,16806,12059,4731,9917,8599,20178,23668,20169,4541,8004,25441,17641,2748,16552,1.0,18:52,2015,2016
2015-16,2581,Steve Blake,Steve,1610612765,DET,Detroit Pistons,21501220,2016-04-13T00:00:00,DET @ CLE,W,24.0,3.0,0.0,0.0,2.0,2.0,5.0,7.0,22.0,1.0,0.0,1.0,3.0,28.4,1,1,1,1,12549,4307,10158,9917,12984,2619,11469,15538,10265,2692,1,4972,4736,6663,1.0,24:00,2015,2016
2015-16,201600,Omer Asik,Omer,1610612740,NOP,New Orleans Pelicans,21501226,2016-04-13T00:00:00,NOP @ MIN,L,32.1,0.0,5.0,0.0,20.0,14.0,6.0,20.0,46.0,0.0,1.0,1.0,6.0,39.7,1,13074,13074,13074,5802,12059,995,9917,59,22292,13237,25599,298,8004,17214,4972,873,2451,1.0,32:06,2015,2016
2015-16,201941,Jordan Hill,Jordan,1610612754,IND,Indiana Pacers,21501225,2016-04-13T00:00:00,IND @ MIL,W,30.2,2.0,0.0,0.0,2.0,14.0,0.0,8.0,28.0,1.0,1.0,1.0,0.0,21.7,1,1,1,1,7336,6026,10158,9917,12984,22292,1,17194,5824,2692,17214,4972,18762,10592,1.0,30:13,2015,2016
2015-16,203463,Ben McLemore,Ben,1610612758,SAC,Sacramento Kings,21501224,2016-04-13T00:00:00,SAC @ HOU,L,39.9,7.0,2.0,7.0,10.0,27.0,8.0,30.0,58.0,0.0,2.0,2.0,2.0,37.5,1,13074,13074,13074,767,548,4731,454,1840,26014,17345,26060,14,8004,23588,11390,7786,3050,1.0,39:52,2015,2016
2015-16,204067,Jarell Eddie,Jarell,1610612764,WAS,Washington Wizards,21501221,2016-04-13T00:00:00,WAS vs. ATL,W,20.6,0.0,0.0,0.0,0.0,9.0,5.0,11.0,10.0,0.0,1.0,1.0,1.0,17.5,1,1,1,1,15422,12059,10158,9917,18861,15771,11469,21342,20209,8004,17214,4972,12373,13528,1.0,20:34,2015,2016
2015-16,200770,Jordan Farmar,Jordan,1610612763,MEM,Memphis Grizzlies,21501227,2016-04-13T00:00:00,MEM @ GSW,L,21.5,2.0,2.0,2.0,0.0,12.0,5.0,23.0,18.0,0.0,1.0,3.0,2.0,22.4,1,13074,13074,13074,14601,6026,4731,4675,18861,20178,11469,25880,13577,8004,17214,17641,7786,10131,1.0,21:29,2015,2016
2015-16,202341,James Anderson,James,1610612758,SAC,Sacramento Kings,21501224,2016-04-13T00:00:00,SAC @ HOU,L,37.2,5.0,0.0,6.0,8.0,25.0,9.0,18.0,50.0,0.0,1.0,3.0,5.0,28.3,1,13074,13074,13074,1962,1603,10158,740,3109,25944,19144,25228,107,8004,17214,17641,1539,6720,1.0,37:12,2015,2016
2015-16,202389,Timofey Mozgov,Timofey,1610612739,CLE,Cleveland Cavaliers,21501220,2016-04-13T00:00:00,CLE vs. DET,L,36.6,0.0,4.0,0.0,12.0,10.0,10.0,3.0,14.0,2.0,1.0,2.0,0.0,37.9,1,13074,13074,13074,2366,12059,1596,9917,988,17370,20509,7328,17019,932,17214,11390,18762,2931,1.0,36:33,2015,2016
2015-16,203963,Shayne Whittington,Shayne,1610612754,IND,Indiana Pacers,21501225,2016-04-13T00:00:00,IND @ MIL,W,24.1,1.0,2.0,0.0,6.0,7.0,3.0,6.0,16.0,0.0,0.0,2.0,2.0,13.6,1,1,1,1,12470,11535,4731,9917,5299,12242,7138,13388,15259,8004,1,11390,7786,16460,1.0,24:05,2015,2016
2015-16,203952,Andrew Wiggins,Andrew,1610612750,MIN,Minnesota Timberwolves,21501226,2016-04-13T00:00:00,MIN vs. NOP,W,33.2,0.0,2.0,0.0,14.0,9.0,4.0,11.0,26.0,2.0,0.0,1.0,3.0,31.8,1,1,1,1,4985,12059,4731,9917,542,15771,8458,21342,7214,932,1,4972,4736,5041,1.0,33:10,2015,2016
2015-16,1626173,Rashad Vaughn,Rashad,1610612749,MIL,Milwaukee Bucks,21501225,2016-04-13T00:00:00,MIL vs. IND,L,35.6,3.0,0.0,0.0,0.0,14.0,4.0,8.0,36.0,1.0,0.0,3.0,1.0,22.8,1,13074,13074,13074,3047,4307,10158,9917,18861,22292,8458,17194,1943,2692,1,17641,12373,9883,1.0,35:37,2015,2016
2015-16,201937,Ricky Rubio,Ricky,1610612750,MIN,Minnesota Timberwolves,21501226,2016-04-13T00:00:00,MIN vs. NOP,W,22.2,2.0,0.0,2.0,0.0,7.0,4.0,9.0,14.0,0.0,0.0,3.0,3.0,39.8,1,1,1,1,14020,6026,10158,4675,18861,12242,8458,18829,17019,8004,1,17641,4736,2422,1.0,22:11,2015,2016
2015-16,201975,Jodie Meeks,Jodie,1610612765,DET,Detroit Pistons,21501220,2016-04-13T00:00:00,DET @ CLE,W,26.5,3.0,5.0,3.0,2.0,8.0,10.0,0.0,24.0,0.0,1.0,0.0,2.0,28.1,1,1,1,1,10433,4307,995,3302,12984,13914,20509,1,8723,8004,17214,1,7786,6818,1.0,26:32,2015,2016
2015-16,1626153,Delon Wright,Delon,1610612761,TOR,Toronto Raptors,21501218,2016-04-13T00:00:00,TOR @ BKN,W,37.1,2.0,0.0,6.0,14.0,7.0,10.0,16.0,42.0,2.0,3.0,1.0,2.0,39.5,1,1,1,1,2015,6026,10158,740,542,12242,20509,24641,670,932,25441,4972,7786,2497,1.0,37:07,2015,2016
2015-16,201619,Sasha Kaun,Sasha,1610612739,CLE,Cleveland Cavaliers,21501220,2016-04-13T00:00:00,CLE vs. DET,L,23.0,0.0,2.0,0.0,2.0,6.0,11.0,4.0,12.0,2.0,3.0,0.0,1.0,17.0,1,13074,13074,13074,13368,12059,4731,9917,12984,10028,21814,8806,18637,932,25441,1,12373,13855,1.0,23:01,2015,2016
2015-16,2548,Dwyane Wade,Dwyane,1610612748,MIA,Miami Heat,21501217,2016-04-13T00:00:00,MIA @ BOS,L,31.1,2.0,2.0,2.0,6.0,15.0,8.0,13.0,50.0,1.0,0.0,2.0,2.0,28.1,1,13074,13074,13074,6670,6026,4731,4675,5299,23079,17345,23048,107,2692,1,11390,7786,6818,1.0,31:03,2015,2016
2015-16,1626185,Jarell Martin,Jarell,1610612763,MEM,Memphis Grizzlies,21501227,2016-04-13T00:00:00,MEM @ GSW,L,24.0,0.0,3.0,0.0,6.0,15.0,4.0,13.0,14.0,0.0,1.0,4.0,2.0,17.0,1,13074,13074,13074,12549,12059,3104,9917,5299,23079,8458,23048,17019,8004,17214,22104,7786,13855,1.0,24:00,2015,2016
2015-16,1626202,Joe Young,Joe,1610612754,IND,Indiana Pacers,21501225,2016-04-13T00:00:00,IND @ MIL,W,23.0,3.0,0.0,0.0,4.0,7.0,3.0,2.0,16.0,0.0,1.0,0.0,1.0,22.3,1,1,1,1,13383,4307,10158,9917,8599,12242,7138,4025,15259,8004,17214,1,12373,10208,1.0,22:59,2015,2016
2015-16,203109,Jae Crowder,Jae,1610612738,BOS,Boston Celtics,21501217,2016-04-13T00:00:00,BOS vs. MIA,W,35.8,0.0,2.0,4.0,10.0,4.0,14.0,2.0,34.0,0.0,3.0,5.0,0.0,22.2,1,1,1,1,2914,12059,4731,1913,1840,6141,24300,4025,2701,8004,25441,24686,18762,10263,1.0,35:47,2015,2016
2015-16,201980,Danny Green,Danny,1610612759,SAS,San Antonio Spurs,21501223,2016-04-13T00:00:00,SAS @ DAL,W,26.9,2.0,0.0,6.0,6.0,9.0,9.0,0.0,8.0,0.0,0.0,2.0,2.0,21.9,1,1,1,1,10133,6026,10158,740,5299,15771,19144,1,21543,8004,1,11390,7786,10460,1.0,26:52,2015,2016
2015-16,202709,Cory Joseph,Cory,1610612761,TOR,Toronto Raptors,21501218,2016-04-13T00:00:00,TOR @ BKN,W,17.7,0.0,2.0,0.0,2.0,0.0,2.0,2.0,6.0,0.0,0.0,0.0,2.0,17.7,1,1,1,1,17755,12059,4731,9917,12984,1,3734,4025,22724,8004,1,1,7786,13380,1.0,17:42,2015,2016
2015-16,202332,Cole Aldrich,Cole,1610612746,LAC,LA Clippers,21501229,2016-04-13T00:00:00,LAC @ PHX,L,25.1,2.0,0.0,0.0,10.0,10.0,14.0,10.0,24.0,3.0,0.0,2.0,4.0,38.5,1,13074,13074,13074,11573,6026,10158,9917,1840,17370,24300,20169,8723,347,1,11390,2748,2771,1.0,25:08,2015,2016
2015-16,203458,Alex Len,Alex,1610612756,PHX,Phoenix Suns,21501229,2016-04-13T00:00:00,PHX vs. LAC,W,27.6,0.0,0.0,2.0,8.0,9.0,2.0,4.0,22.0,0.0,2.0,0.0,2.0,14.1,1,1,1,1,9548,12059,10158,4675,3109,15771,3734,8806,10265,8004,23588,1,7786,16094,1.0,27:35,2015,2016
2015-16,202330,Gordon Hayward,Gordon,1610612762,UTA,Utah Jazz,21501228,2016-04-13T00:00:00,UTA @ LAL,L,31.9,2.0,0.0,4.0,8.0,14.0,10.0,10.0,42.0,0.0,1.0,2.0,4.0,21.9,1,13074,13074,13074,5947,6026,10158,1913,3109,22292,20509,20169,670,8004,17214,11390,2748,10460,1.0,31:56,2015,2016
2015-16,203210,JaMychal Green,JaMychal,1610612763,MEM,Memphis Grizzlies,21501227,2016-04-13T00:00:00,MEM @ GSW,L,26.0,2.0,5.0,2.0,8.0,14.0,6.0,7.0,20.0,0.0,0.0,2.0,2.0,22.6,1,13074,13074,13074,10840,6026,995,4675,3109,22292,13237,15538,11929,8004,1,11390,7786,10000,1.0,26:00,2015,2016
2015-16,203926,Doug McDermott,Doug,1610612741,CHI,Chicago Bulls,21501222,2016-04-13T00:00:00,CHI vs. PHI,W,34.5,3.0,1.0,0.0,10.0,24.0,2.0,12.0,26.0,0.0,1.0,2.0,3.0,21.7,1,1,1,1,3961,4307,9709,9917,1840,25890,3734,22259,7214,8004,17214,11390,4736,10592,1.0,34:29,2015,2016
2015-16,203095,Evan Fournier,Evan,1610612753,ORL,Orlando Magic,21501219,2016-04-13T00:00:00,ORL @ CHA,L,33.5,2.0,2.0,2.0,6.0,10.0,2.0,7.0,26.0,0.0,3.0,3.0,1.0,32.9,1,13074,13074,13074,4740,6026,4731,4675,5299,17370,3734,15538,7214,8004,25441,17641,12373,4566,1.0,33:30,2015,2016
2015-16,203932,Aaron Gordon,Aaron,1610612753,ORL,Orlando Magic,21501219,2016-04-13T00:00:00,ORL @ CHA,L,24.5,5.0,2.0,8.0,14.0,4.0,2.0,0.0,24.0,1.0,1.0,1.0,2.0,38.5,1,13074,13074,13074,12138,1603,4731,280,542,6141,3734,1,8723,2692,17214,4972,7786,2771,1.0,24:29,2015,2016
2015-16,202397,Ish Smith,Ish,1610612755,PHI,Philadelphia 76ers,21501222,2016-04-13T00:00:00,PHI @ CHI,L,37.6,0.0,0.0,0.0,2.0,12.0,15.0,9.0,30.0,1.0,2.0,5.0,1.0,28.0,1,13074,13074,13074,1715,12059,10158,9917,12984,20178,24781,18829,4541,2692,23588,24686,12373,6864,1.0,37:34,2015,2016
2015-16,202710,Jimmy Butler III,Jimmy,1610612741,CHI,Chicago Bulls,21501222,2016-04-13T00:00:00,CHI vs. PHI,W,25.7,2.0,2.0,2.0,6.0,14.0,5.0,4.0,12.0,1.0,2.0,1.0,7.0,39.4,1,1,1,1,11157,6026,4731,4675,5299,22292,11469,8806,18637,2692,23588,4972,469,2530,1.0,25:39,2015,2016
2015-16,201162,Jared Dudley,Jared,1610612764,WAS,Washington Wizards,21501221,2016-04-13T00:00:00,WAS vs. ATL,W,33.4,3.0,2.0,1.0,4.0,7.0,2.0,15.0,22.0,0.0,0.0,3.0,2.0,32.2,1,1,1,1,4842,4307,4731,9347,8599,12242,3734,24242,10265,8004,1,17641,7786,4846,1.0,33:22,2015,2016
2015-16,201973,Jonas Jerebko,Jonas,1610612738,BOS,Boston Celtics,21501217,2016-04-13T00:00:00,BOS vs. MIA,W,16.3,3.0,0.0,0.0,0.0,4.0,4.0,4.0,20.0,1.0,0.0,2.0,1.0,13.5,1,1,1,1,18785,4307,10158,9917,18861,6141,8458,8806,11929,2692,1,11390,12373,16552,1.0,16:20,2015,2016
2015-16,202323,Evan Turner,Evan,1610612738,BOS,Boston Celtics,21501217,2016-04-13T00:00:00,BOS vs. MIA,W,29.1,2.0,0.0,2.0,12.0,6.0,7.0,6.0,38.0,0.0,0.0,3.0,2.0,27.6,1,1,1,1,8328,6026,10158,4675,988,10028,15642,13388,1422,8004,1,17641,7786,7080,1.0,29:03,2015,2016
2015-16,203996,Damien Inglis,Damien,1610612749,MIL,Milwaukee Bucks,21501225,2016-04-13T00:00:00,MIL vs. IND,L,20.3,3.0,3.0,0.0,2.0,6.0,2.0,2.0,26.0,0.0,0.0,1.0,0.0,17.3,1,13074,13074,13074,15666,4307,3104,9917,12984,10028,3734,4025,7214,8004,1,4972,18762,13671,1.0,20:16,2015,2016
2015-16,200782,P.J. Tucker,P.J.,1610612756,PHX,Phoenix Suns,21501229,2016-04-13T00:00:00,PHX vs. LAC,W,30.1,5.0,4.0,5.0,8.0,9.0,4.0,4.0,26.0,0.0,1.0,3.0,3.0,27.9,1,1,1,1,7496,1603,1596,1277,3109,15771,8458,8806,7214,8004,17214,17641,4736,6914,1.0,30:03,2015,2016
2015-16,2585,Zaza Pachulia,Zaza,1610612742,DAL,Dallas Mavericks,21501223,2016-04-13T00:00:00,DAL vs. SAS,L,29.7,0.0,2.0,0.0,6.0,11.0,6.0,9.0,28.0,0.0,0.0,5.0,4.0,22.4,1,13074,13074,13074,7846,12059,4731,9917,5299,18886,13237,18829,5824,8004,1,24686,2748,10131,1.0,29:39,2015,2016
2015-16,203098,John Jenkins,John,1610612756,PHX,Phoenix Suns,21501229,2016-04-13T00:00:00,PHX vs. LAC,W,21.3,2.0,3.0,2.0,2.0,2.0,4.0,8.0,26.0,0.0,0.0,1.0,2.0,13.9,1,1,1,1,14783,6026,3104,4675,12984,2619,8458,17194,7214,8004,1,4972,7786,16232,1.0,21:18,2015,2016
2015-16,203496,Robert Covington,Robert,1610612755,PHI,Philadelphia 76ers,21501222,2016-04-13T00:00:00,PHI @ CHI,L,41.9,8.0,3.0,5.0,2.0,18.0,15.0,9.0,30.0,0.0,2.0,4.0,4.0,38.2,1,13074,13074,13074,326,308,3104,1277,12984,24749,24781,18829,4541,8004,23588,22104,2748,2854,1.0,41:52,2015,2016
2015-16,2216,Zach Randolph,Zach,1610612763,MEM,Memphis Grizzlies,21501227,2016-04-13T00:00:00,MEM @ GSW,L,25.7,4.0,6.0,2.0,18.0,7.0,5.0,27.0,22.0,0.0,0.0,1.0,3.0,39.2,1,13074,13074,13074,11123,2460,481,4675,131,12242,11469,26031,10265,8004,1,4972,4736,2590,1.0,25:41,2015,2016
2015-16,203490,Otto Porter Jr.,Otto,1610612764,WAS,Washington Wizards,21501221,2016-04-13T00:00:00,WAS vs. ATL,W,22.4,3.0,0.0,3.0,4.0,4.0,2.0,6.0,20.0,1.0,0.0,1.0,2.0,22.1,1,1,1,1,13807,4307,10158,3302,8599,6141,3734,13388,11929,2692,1,4972,7786,10332,1.0,22:26,2015,2016
2015-16,203512,Lucas Nogueira,Lucas,1610612761,TOR,Toronto Raptors,21501218,2016-04-13T00:00:00,TOR @ BKN,W,35.6,0.0,0.0,0.0,6.0,6.0,10.0,16.0,40.0,3.0,0.0,2.0,1.0,32.5,1,1,1,1,3069,12059,10158,9917,5299,10028,20509,24641,983,347,1,11390,12373,4726,1.0,35:36,2015,2016
2015-16,203268,Jorge Gutierrez,Jorge,1610612766,CHA,Charlotte Hornets,21501219,2016-04-13T00:00:00,CHA vs. ORL,W,17.8,0.0,0.0,0.0,0.0,11.0,4.0,10.0,20.0,0.0,0.0,1.0,0.0,13.8,1,1,1,1,17652,12059,10158,9917,18861,18886,8458,20169,11929,8004,1,4972,18762,16311,1.0,17:49,2015,2016
2015-16,203521,Matthew Dellavedova,Matthew,1610612739,CLE,Cleveland Cavaliers,21501220,2016-04-13T00:00:00,CLE vs. DET,L,6.2,0.0,2.0,2.0,4.0,0.0,3.0,0.0,0.0,0.0,0.0,0.0,0.0,13.8,1,13074,13074,13074,23898,12059,4731,4675,8599,1,7138,1,25429,8004,1,1,18762,16311,1.0,6:09,2015,2016
2015-16,101111,Charlie Villanueva,Charlie,1610612742,DAL,Dallas Mavericks,21501223,2016-04-13T00:00:00,DAL vs. SAS,L,15.0,6.0,0.0,0.0,0.0,5.0,0.0,3.0,16.0,0.0,0.0,2.0,1.0,13.4,1,13074,13074,13074,19741,878,10158,9917,18861,8403,1,7328,15259,8004,1,11390,12373,16614,1.0,15:02,2015,2016
2015-16,202711,Bojan Bogdanović,Bojan,1610612751,BKN,Brooklyn Nets,21501218,2016-04-13T00:00:00,BKN vs. TOR,L,37.0,0.0,0.0,2.0,6.0,13.0,7.0,16.0,40.0,0.0,1.0,3.0,2.0,39.2,1,13074,13074,13074,2056,12059,10158,4675,5299,21300,15642,24641,983,8004,17214,17641,7786,2590,1.0,37:02,2015,2016
2015-16,203999,Nikola Jokić,Nikola,1610612743,DEN,Denver Nuggets,21501230,2016-04-13T00:00:00,DEN @ POR,L,34.9,0.0,4.0,6.0,12.0,15.0,10.0,13.0,30.0,0.0,1.0,3.0,5.0,39.1,1,13074,13074,13074,3580,12059,1596,740,988,23079,20509,23048,4541,8004,17214,17641,1539,2616,1.0,34:56,2015,2016
2015-16,201584,Courtney Lee,Courtney,1610612766,CHA,Charlotte Hornets,21501219,2016-04-13T00:00:00,CHA vs. ORL,W,14.1,0.0,0.0,0.0,0.0,0.0,2.0,3.0,14.0,0.0,0.0,0.0,0.0,17.2,1,1,1,1,20328,12059,10158,9917,18861,1,3734,7328,17019,8004,1,1,18762,13725,1.0,14:08,2015,2016
2015-16,203468,CJ McCollum,CJ,1610612757,POR,Portland Trail Blazers,21501230,2016-04-13T00:00:00,POR vs. DEN,W,26.6,4.0,0.0,5.0,8.0,7.0,6.0,11.0,28.0,1.0,3.0,0.0,2.0,33.1,1,1,1,1,10332,2460,10158,1277,3109,12242,13237,21342,5824,2692,25441,1,7786,4505,1.0,26:39,2015,2016
2015-16,200794,Paul Millsap,Paul,1610612737,ATL,Atlanta Hawks,21501221,2016-04-13T00:00:00,ATL @ WAS,L,31.1,0.0,0.0,0.0,8.0,14.0,9.0,21.0,36.0,3.0,1.0,3.0,3.0,38.7,1,13074,13074,13074,6630,12059,10158,9917,3109,22292,19144,25725,1943,347,17214,17641,4736,2717,1.0,31:07,2015,2016
2015-16,2743,Kris Humphries,Kris,1610612737,ATL,Atlanta Hawks,21501221,2016-04-13T00:00:00,ATL @ WAS,L,11.1,3.0,0.0,1.0,2.0,0.0,2.0,4.0,10.0,0.0,0.0,1.0,1.0,17.1,1,13074,13074,13074,21983,4307,10158,9347,12984,1,3734,8806,20209,8004,1,4972,12373,13791,1.0,11:06,2015,2016
2015-16,204028,Tarik Black,Tarik,1610612747,LAL,Los Angeles Lakers,21501228,2016-04-13T00:00:00,LAL vs. UTA,W,18.1,0.0,2.0,0.0,4.0,9.0,0.0,4.0,18.0,1.0,0.0,4.0,0.0,13.4,1,1,1,1,17425,12059,4731,9917,8599,15771,1,8806,13577,2692,1,22104,18762,16614,1.0,18:07,2015,2016
2015-16,202702,Kenneth Faried,Kenneth,1610612743,DEN,Denver Nuggets,21501230,2016-04-13T00:00:00,DEN @ POR,L,19.3,0.0,4.0,0.0,6.0,10.0,10.0,5.0,16.0,2.0,0.0,3.0,3.0,28.6,1,13074,13074,13074,16444,12059,1596,9917,5299,17370,20509,11593,15259,932,1,17641,4736,6560,1.0,19:19,2015,2016
2015-16,1626204,Larry Nance Jr.,Larry,1610612747,LAL,Los Angeles Lakers,21501228,2016-04-13T00:00:00,LAL vs. UTA,W,28.1,0.0,2.0,2.0,6.0,11.0,2.0,10.0,28.0,0.0,0.0,2.0,1.0,17.2,1,1,1,1,9126,12059,4731,4675,5299,18886,3734,20169,5824,8004,1,11390,12373,13725,1.0,28:08,2015,2016
2015-16,203949,James Michael McAdoo,James Michael,1610612744,GSW,Golden State Warriors,21501227,2016-04-13T00:00:00,GSW vs. MEM,W,2.9,0.0,0.0,0.0,0.0,0.0,0.0,0.0,0.0,1.0,0.0,0.0,0.0,3.0,1,1,1,1,25151,12059,10158,9917,18861,1,1,1,25429,2692,1,1,18762,23648,1.0,2:56,2015,2016
2015-16,203900,Markel Brown,Markel,1610612751,BKN,Brooklyn Nets,21501218,2016-04-13T00:00:00,BKN vs. TOR,L,31.5,0.0,0.0,0.0,6.0,4.0,7.0,10.0,28.0,2.0,1.0,1.0,1.0,21.2,1,13074,13074,13074,6300,12059,10158,9917,5299,6141,15642,20169,5824,932,17214,4972,12373,10936,1.0,31:31,2015,2016
2015-16,201579,Roy Hibbert,Roy,1610612747,LAL,Los Angeles Lakers,21501228,2016-04-13T00:00:00,LAL vs. UTA,W,21.0,2.0,2.0,0.0,4.0,4.0,6.0,6.0,24.0,0.0,0.0,2.0,2.0,13.2,1,1,1,1,15054,6026,4731,9917,8599,6141,13237,13388,8723,8004,1,11390,7786,16768,1.0,21:00,2015,2016
2015-16,202706,Jordan Hamilton,Jordan,1610612740,NOP,New Orleans Pelicans,21501226,2016-04-13T00:00:00,NOP @ MIN,L,34.6,0.0,0.0,0.0,0.0,18.0,6.0,18.0,62.0,0.0,1.0,1.0,1.0,20.9,1,13074,13074,13074,3865,12059,10158,9917,18861,24749,13237,25228,5,8004,17214,4972,12373,11132,1.0,34:36,2015,2016
2015-16,200757,Thabo Sefolosha,Thabo,1610612737,ATL,Atlanta Hawks,21501221,2016-04-13T00:00:00,ATL @ WAS,L,24.2,0.0,0.0,0.0,0.0,4.0,4.0,6.0,14.0,0.0,1.0,1.0,2.0,16.4,1,13074,13074,13074,12395,12059,10158,9917,18861,6141,8458,13388,17019,8004,17214,4972,7786,14289,1.0,24:11,2015,2016
2015-16,1626167,Myles Turner,Myles,1610612754,IND,Indiana Pacers,21501225,2016-04-13T00:00:00,IND @ MIL,W,22.1,0.0,2.0,0.0,2.0,9.0,7.0,10.0,26.0,2.0,0.0,4.0,1.0,21.5,1,1,1,1,14099,12059,4731,9917,12984,15771,15642,20169,7214,932,1,22104,12373,10755,1.0,22:05,2015,2016
2015-16,203898,Tyler Ennis,Tyler,1610612749,MIL,Milwaukee Bucks,21501225,2016-04-13T00:00:00,MIL vs. IND,L,29.2,0.0,0.0,0.0,2.0,13.0,4.0,8.0,28.0,0.0,0.0,2.0,1.0,20.9,1,13074,13074,13074,8181,12059,10158,9917,12984,21300,8458,17194,5824,8004,1,11390,12373,11132,1.0,29:14,2015,2016
2015-16,1626257,Salah Mejri,Salah,1610612742,DAL,Dallas Mavericks,21501223,2016-04-13T00:00:00,DAL vs. SAS,L,11.2,0.0,0.0,0.0,0.0,2.0,0.0,2.0,8.0,0.0,1.0,3.0,4.0,2.7,1,13074,13074,13074,21925,12059,10158,9917,18861,2619,1,4025,21543,8004,17214,17641,2748,23884,1.0,11:14,2015,2016
2015-16,1626273,Marcelo Huertas,Marcelo,1610612747,LAL,Los Angeles Lakers,21501228,2016-04-13T00:00:00,LAL vs. UTA,W,25.9,0.0,2.0,0.0,2.0,11.0,0.0,8.0,26.0,0.0,0.0,2.0,0.0,12.8,1,1,1,1,10939,12059,4731,9917,12984,18886,1,17194,7214,8004,1,11390,18762,17129,1.0,25:53,2015,2016
2015-16,203901,Elfrid Payton,Elfrid,1610612753,ORL,Orlando Magic,21501219,2016-04-13T00:00:00,ORL @ CHA,L,24.8,0.0,0.0,0.0,2.0,10.0,2.0,7.0,18.0,0.0,0.0,1.0,1.0,18.3,1,13074,13074,13074,11841,12059,10158,9917,12984,17370,3734,15538,13577,8004,1,4972,12373,12952,1.0,24:47,2015,2016
2015-16,1626164,Devin Booker,Devin,1610612756,PHX,Phoenix Suns,21501229,2016-04-13T00:00:00,PHX vs. LAC,W,26.7,5.0,2.0,3.0,2.0,9.0,2.0,4.0,20.0,1.0,1.0,2.0,2.0,18.4,1,1,1,1,10272,1603,4731,3302,12984,15771,3734,8806,11929,2692,17214,11390,7786,12854,1.0,26:42,2015,2016
2015-16,203096,Jared Sullinger,Jared,1610612738,BOS,Boston Celtics,21501217,2016-04-13T00:00:00,BOS vs. MIA,W,23.0,0.0,2.0,0.0,6.0,2.0,12.0,0.0,24.0,1.0,1.0,1.0,1.0,16.1,1,1,1,1,13399,12059,4731,9917,5299,2619,22832,1,8723,2692,17214,4972,12373,14515,1.0,22:58,2015,2016
2015-16,203473,Dewayne Dedmon,Dewayne,1610612753,ORL,Orlando Magic,21501219,2016-04-13T00:00:00,ORL @ CHA,L,12.0,0.0,0.0,0.0,4.0,7.0,4.0,0.0,8.0,2.0,0.0,3.0,1.0,12.8,1,13074,13074,13074,21510,12059,10158,9917,8599,12242,8458,1,21543,932,1,17641,12373,17129,1.0,12:02,2015,2016
2015-16,204098,Xavier Munford,Xavier,1610612763,MEM,Memphis Grizzlies,21501227,2016-04-13T00:00:00,MEM @ GSW,L,25.6,0.0,0.0,2.0,2.0,7.0,6.0,14.0,20.0,1.0,2.0,3.0,2.0,21.4,1,13074,13074,13074,11208,12059,10158,4675,12984,12242,13237,23710,11929,2692,23588,17641,7786,10807,1.0,25:36,2015,2016
2015-16,1626151,Aaron Harrison,Aaron,1610612766,CHA,Charlotte Hornets,21501219,2016-04-13T00:00:00,CHA vs. ORL,W,15.7,0.0,0.0,0.0,2.0,11.0,2.0,10.0,16.0,0.0,0.0,3.0,1.0,16.5,1,1,1,1,19241,12059,10158,9917,12984,18886,3734,20169,15259,8004,1,17641,12373,14224,1.0,15:44,2015,2016
2015-16,203501,Tim Hardaway Jr.,Tim,1610612737,ATL,Atlanta Hawks,21501221,2016-04-13T00:00:00,ATL @ WAS,L,15.8,0.0,3.0,2.0,2.0,4.0,4.0,6.0,10.0,0.0,0.0,0.0,1.0,18.3,1,13074,13074,13074,19232,12059,3104,4675,12984,6141,8458,13388,20209,8004,1,1,12373,12952,1.0,15:45,2015,2016
2015-16,1626192,Pat Connaughton,Pat,1610612757,POR,Portland Trail Blazers,21501230,2016-04-13T00:00:00,POR vs. DEN,W,28.8,0.0,3.0,0.0,0.0,13.0,7.0,6.0,22.0,0.0,2.0,2.0,0.0,13.1,1,1,1,1,8553,12059,3104,9917,18861,21300,15642,13388,10265,8004,23588,11390,18762,16874,1.0,28:47,2015,2016
2015-16,203382,Aron Baynes,Aron,1610612765,DET,Detroit Pistons,21501220,2016-04-13T00:00:00,DET @ CLE,W,27.8,2.0,4.0,0.0,6.0,4.0,5.0,7.0,26.0,0.0,1.0,3.0,3.0,18.5,1,1,1,1,9392,6026,1596,9917,5299,6141,11469,15538,7214,8004,17214,17641,4736,12794,1.0,27:48,2015,2016
2015-16,202730,Lavoy Allen,Lavoy,1610612754,IND,Indiana Pacers,21501225,2016-04-13T00:00:00,IND @ MIL,W,25.5,2.0,4.0,0.0,14.0,5.0,4.0,10.0,24.0,0.0,0.0,4.0,0.0,21.2,1,1,1,1,11317,6026,1596,9917,542,8403,8458,20169,8723,8004,1,22104,18762,10936,1.0,25:28,2015,2016
2015-16,1889,Andre Miller,Andre,1610612759,SAS,San Antonio Spurs,21501223,2016-04-13T00:00:00,SAS @ DAL,W,28.1,2.0,0.0,0.0,4.0,12.0,9.0,2.0,6.0,0.0,0.0,1.0,2.0,20.7,1,1,1,1,9167,6026,10158,9917,8599,20178,19144,4025,22724,8004,1,4972,7786,11252,1.0,28:05,2015,2016
2015-16,1626178,Rondae Hollis-Jefferson,Rondae,1610612751,BKN,Brooklyn Nets,21501218,2016-04-13T00:00:00,BKN vs. TOR,L,24.2,1.0,4.0,0.0,4.0,1.0,7.0,5.0,20.0,2.0,0.0,1.0,3.0,21.1,1,13074,13074,13074,12379,11535,1596,9917,8599,2356,15642,11593,11929,932,1,4972,4736,11012,1.0,24:12,2015,2016
2015-16,1626183,Branden Dawson,Branden,1610612746,LAC,LA Clippers,21501229,2016-04-13T00:00:00,LAC @ PHX,L,6.5,0.0,0.0,3.0,2.0,2.0,4.0,4.0,12.0,0.0,0.0,0.0,1.0,3.0,1,13074,13074,13074,23747,12059,10158,3302,12984,2619,8458,8806,18637,8004,1,1,12373,23648,1.0,6:31,2015,2016
2015-16,203145,Kent Bazemore,Kent,1610612737,ATL,Atlanta Hawks,21501221,2016-04-13T00:00:00,ATL @ WAS,L,21.4,0.0,0.0,2.0,2.0,12.0,9.0,17.0,34.0,0.0,0.0,3.0,2.0,21.6,1,13074,13074,13074,14679,12059,10158,4675,12984,20178,19144,24967,2701,8004,1,17641,7786,10666,1.0,21:25,2015,2016
2015-16,203939,Dwight Powell,Dwight,1610612742,DAL,Dallas Mavericks,21501223,2016-04-13T00:00:00,DAL vs. SAS,L,2.9,0.0,0.0,0.0,0.0,1.0,0.0,0.0,2.0,0.0,0.0,0.0,0.0,3.0,1,13074,13074,13074,25171,12059,10158,9917,18861,2356,1,1,24614,8004,1,1,18762,23648,1.0,2:53,2015,2016
2015-16,203918,Rodney Hood,Rodney,1610612762,UTA,Utah Jazz,21501228,2016-04-13T00:00:00,UTA @ LAL,L,18.1,0.0,2.0,0.0,4.0,5.0,10.0,12.0,26.0,0.0,1.0,1.0,0.0,12.9,1,13074,13074,13074,17465,12059,4731,9917,8599,8403,20509,22259,7214,8004,17214,4972,18762,17049,1.0,18:04,2015,2016
2015-16,202328,Greg Monroe,Greg,1610612749,MIL,Milwaukee Bucks,21501225,2016-04-13T00:00:00,MIL vs. IND,L,12.6,2.0,0.0,0.0,4.0,9.0,2.0,6.0,16.0,0.0,0.0,0.0,4.0,12.9,1,13074,13074,13074,21244,6026,10158,9917,8599,15771,3734,13388,15259,8004,1,1,2748,17049,1.0,12:33,2015,2016
2015-16,204014,Damjan Rudez,Damjan,1610612750,MIN,Minnesota Timberwolves,21501226,2016-04-13T00:00:00,MIN vs. NOP,W,8.8,0.0,0.0,0.0,0.0,2.0,6.0,5.0,12.0,0.0,0.0,2.0,0.0,2.4,1,1,1,1,22924,12059,10158,9917,18861,2619,13237,11593,18637,8004,1,11390,18762,24024,1.0,8:47,2015,2016
2015-16,202687,Bismack Biyombo,Bismack,1610612761,TOR,Toronto Raptors,21501218,2016-04-13T00:00:00,TOR @ BKN,W,12.4,0.0,1.0,0.0,2.0,1.0,2.0,2.0,8.0,2.0,2.0,1.0,1.0,16.5,1,1,1,1,21332,12059,9709,9917,12984,2356,3734,4025,21543,932,23588,4972,12373,14224,1.0,12:24,2015,2016
2015-16,1626149,Montrezl Harrell,Montrezl,1610612745,HOU,Houston Rockets,21501224,2016-04-13T00:00:00,HOU vs. SAC,W,7.3,2.0,0.0,4.0,4.0,4.0,1.0,4.0,6.0,1.0,0.0,1.0,0.0,8.2,1,1,1,1,23481,6026,10158,1913,8599,6141,3393,8806,22724,2692,1,4972,18762,20416,1.0,7:15,2015,2016
2015-16,203092,Tyler Zeller,Tyler,1610612738,BOS,Boston Celtics,21501217,2016-04-13T00:00:00,BOS vs. MIA,W,7.7,0.0,0.0,0.0,2.0,4.0,4.0,4.0,12.0,1.0,1.0,0.0,2.0,8.2,1,1,1,1,23335,12059,10158,9917,12984,6141,8458,8806,18637,2692,17214,1,7786,20416,1.0,7:39,2015,2016
2015-16,2755,Kevin Martin,Kevin,1610612759,SAS,San Antonio Spurs,21501223,2016-04-13T00:00:00,SAS @ DAL,W,24.1,0.0,0.0,0.0,2.0,20.0,6.0,6.0,12.0,0.0,0.0,2.0,2.0,8.4,1,1,1,1,12501,12059,10158,9917,12984,25338,13237,13388,18637,8004,1,11390,7786,20273,1.0,24:04,2015,2016
2015-16,201575,Brandon Rush,Brandon,1610612744,GSW,Golden State Warriors,21501227,2016-04-13T00:00:00,GSW vs. MEM,W,4.3,3.0,0.0,0.0,0.0,2.0,0.0,0.0,4.0,0.0,0.0,0.0,0.0,3.0,1,1,1,1,24612,4307,10158,9917,18861,2619,1,1,23698,8004,1,1,18762,23648,1.0,4:18,2015,2016
2015-16,201978,Chase Budinger,Chase,1610612756,PHX,Phoenix Suns,21501229,2016-04-13T00:00:00,PHX vs. LAC,W,16.1,4.0,2.0,4.0,6.0,2.0,2.0,8.0,18.0,0.0,1.0,0.0,0.0,21.0,1,1,1,1,18988,2460,4731,1913,5299,2619,3734,17194,13577,8004,17214,1,18762,11077,1.0,16:04,2015,2016
2015-16,1713,Vince Carter,Vince,1610612763,MEM,Memphis Grizzlies,21501227,2016-04-13T00:00:00,MEM @ GSW,L,23.0,0.0,3.0,0.0,0.0,2.0,7.0,21.0,22.0,0.0,0.0,1.0,1.0,12.9,1,13074,13074,13074,13383,12059,3104,9917,18861,2619,15642,25725,10265,8004,1,4972,12373,17049,1.0,22:59,2015,2016
2015-16,2594,Kyle Korver,Kyle,1610612737,ATL,Atlanta Hawks,21501221,2016-04-13T00:00:00,ATL @ WAS,L,28.9,0.0,0.0,3.0,0.0,12.0,9.0,17.0,38.0,0.0,0.0,2.0,0.0,2.5,1,13074,13074,13074,8441,12059,10158,3302,18861,20178,19144,24967,1422,8004,1,11390,18762,24003,1.0,28:55,2015,2016
2015-16,1891,Jason Terry,Jason,1610612745,HOU,Houston Rockets,21501224,2016-04-13T00:00:00,HOU vs. SAC,W,14.3,0.0,0.0,0.0,0.0,5.0,6.0,2.0,16.0,0.0,0.0,0.0,0.0,15.9,1,1,1,1,20211,12059,10158,9917,18861,8403,13237,4025,15259,8004,1,1,18762,14675,1.0,14:19,2015,2016
2015-16,203114,Khris Middleton,Khris,1610612749,MIL,Milwaukee Bucks,21501225,2016-04-13T00:00:00,MIL vs. IND,L,7.8,0.0,0.0,0.0,0.0,4.0,4.0,6.0,12.0,0.0,0.0,1.0,0.0,3.0,1,13074,13074,13074,23288,12059,10158,9917,18861,6141,8458,13388,18637,8004,1,4972,18762,23648,1.0,7:45,2015,2016
2015-16,203922,Glenn Robinson III,Glenn,1610612754,IND,Indiana Pacers,21501225,2016-04-13T00:00:00,IND @ MIL,W,27.7,2.0,0.0,2.0,8.0,11.0,3.0,6.0,22.0,0.0,1.0,0.0,1.0,21.4,1,1,1,1,9441,6026,10158,4675,3109,18886,7138,13388,10265,8004,17214,1,12373,10807,1.0,27:43,2015,2016
2015-16,203110,Draymond Green,Draymond,1610612744,GSW,Golden State Warriors,21501227,2016-04-13T00:00:00,GSW vs. MEM,W,29.8,0.0,1.0,2.0,4.0,8.0,18.0,8.0,34.0,1.0,0.0,1.0,1.0,33.3,1,1,1,1,7738,12059,9709,4675,8599,13914,25634,17194,2701,2692,1,4972,12373,4423,1.0,29:47,2015,2016
2015-16,2738,Andre Iguodala,Andre,1610612744,GSW,Golden State Warriors,21501227,2016-04-13T00:00:00,GSW vs. MEM,W,28.5,0.0,0.0,0.0,2.0,8.0,8.0,10.0,26.0,0.0,0.0,1.0,2.0,19.3,1,1,1,1,8804,12059,10158,9917,12984,13914,17345,20169,7214,8004,1,4972,7786,12228,1.0,28:31,2015,2016
2015-16,203499,Shane Larkin,Shane,1610612751,BKN,Brooklyn Nets,21501218,2016-04-13T00:00:00,BKN vs. TOR,L,28.3,0.0,0.0,2.0,4.0,13.0,4.0,11.0,36.0,0.0,2.0,1.0,1.0,19.6,1,13074,13074,13074,9028,12059,10158,4675,8599,21300,8458,21342,1943,8004,23588,4972,12373,12024,1.0,28:16,2015,2016
2015-16,101161,Amir Johnson,Amir,1610612738,BOS,Boston Celtics,21501217,2016-04-13T00:00:00,BOS vs. MIA,W,21.6,2.0,2.0,0.0,6.0,2.0,6.0,0.0,22.0,0.0,0.0,4.0,2.0,18.9,1,1,1,1,14504,6026,4731,9917,5299,2619,13237,1,10265,8004,1,22104,7786,12513,1.0,21:37,2015,2016
2015-16,203915,Spencer Dinwiddie,Spencer,1610612765,DET,Detroit Pistons,21501220,2016-04-13T00:00:00,DET @ CLE,W,29.0,0.0,2.0,0.0,4.0,8.0,12.0,0.0,28.0,0.0,3.0,0.0,7.0,25.5,1,1,1,1,8373,12059,4731,9917,8599,13914,22832,1,5824,8004,25441,1,469,8230,1.0,29:00,2015,2016
2015-16,201150,Spencer Hawes,Spencer,1610612766,CHA,Charlotte Hornets,21501219,2016-04-13T00:00:00,CHA vs. ORL,W,18.0,2.0,2.0,0.0,2.0,11.0,4.0,13.0,22.0,1.0,0.0,1.0,1.0,25.5,1,1,1,1,17523,6026,4731,9917,12984,18886,8458,23048,10265,2692,1,4972,12373,8230,1.0,17:59,2015,2016
2015-16,203613,Jonathon Simmons,Jonathon,1610612759,SAS,San Antonio Spurs,21501223,2016-04-13T00:00:00,SAS @ DAL,W,30.7,4.0,4.0,3.0,10.0,17.0,13.0,6.0,16.0,0.0,2.0,2.0,6.0,34.4,1,1,1,1,6969,2460,1596,3302,1840,24337,23668,13388,15259,8004,23588,11390,873,4029,1.0,30:40,2015,2016
2015-16,203584,Troy Daniels,Troy,1610612766,CHA,Charlotte Hornets,21501219,2016-04-13T00:00:00,CHA vs. ORL,W,27.4,3.0,0.0,0.0,0.0,12.0,6.0,11.0,30.0,0.0,0.0,1.0,1.0,23.6,1,1,1,1,9664,4307,10158,9917,18861,20178,13237,21342,4541,8004,1,4972,12373,9377,1.0,27:26,2015,2016
2015-16,201196,Ramon Sessions,Ramon,1610612764,WAS,Washington Wizards,21501221,2016-04-13T00:00:00,WAS vs. ATL,W,33.6,4.0,3.0,11.0,8.0,7.0,2.0,10.0,24.0,0.0,1.0,5.0,3.0,33.8,1,1,1,1,4644,2460,3104,69,3109,12242,3734,20169,8723,8004,17214,24686,4736,4244,1.0,33:38,2015,2016
2015-16,1626159,Justise Winslow,Justise,1610612748,MIA,Miami Heat,21501217,2016-04-13T00:00:00,MIA @ BOS,L,28.5,0.0,5.0,0.0,4.0,10.0,6.0,7.0,34.0,0.0,1.0,2.0,1.0,23.5,1,13074,13074,13074,8853,12059,995,9917,8599,17370,13237,15538,2701,8004,17214,11390,12373,9452,1.0,28:28,2015,2016
2015-16,201946,Tyler Hansbrough,Tyler,1610612766,CHA,Charlotte Hornets,21501219,2016-04-13T00:00:00,CHA vs. ORL,W,12.0,0.0,0.0,0.0,4.0,9.0,2.0,4.0,10.0,0.0,1.0,2.0,4.0,9.7,1,1,1,1,21529,12059,10158,9917,8599,15771,3734,8806,20209,8004,17214,11390,2748,19379,1.0,12:00,2015,2016
2015-16,203930,Sean Kilpatrick,Sean,1610612751,BKN,Brooklyn Nets,21501218,2016-04-13T00:00:00,BKN vs. TOR,L,31.4,0.0,0.0,8.0,8.0,4.0,7.0,10.0,28.0,0.0,3.0,2.0,3.0,25.5,1,13074,13074,13074,6365,12059,10158,280,3109,6141,15642,20169,5824,8004,25441,11390,4736,8230,1.0,31:26,2015,2016
2015-16,2592,James Jones,James,1610612739,CLE,Cleveland Cavaliers,21501220,2016-04-13T00:00:00,CLE vs. DET,L,35.8,5.0,2.0,0.0,4.0,9.0,14.0,7.0,18.0,1.0,0.0,5.0,3.0,19.5,1,13074,13074,13074,2932,1603,4731,9917,8599,15771,24300,15538,13577,2692,1,24686,4736,12096,1.0,35:45,2015,2016
2015-16,1626199,Darrun Hilliard,Darrun,1610612765,DET,Detroit Pistons,21501220,2016-04-13T00:00:00,DET @ CLE,W,23.9,0.0,0.0,0.0,0.0,7.0,5.0,7.0,22.0,1.0,2.0,2.0,1.0,14.8,1,1,1,1,12702,12059,10158,9917,18861,12242,11469,15538,10265,2692,23588,11390,12373,15561,1.0,23:51,2015,2016
2015-16,204025,Tim Frazier,Tim,1610612740,NOP,New Orleans Pelicans,21501226,2016-04-13T00:00:00,NOP @ MIN,L,36.0,0.0,0.0,0.0,6.0,20.0,8.0,22.0,62.0,0.0,3.0,4.0,0.0,33.3,1,13074,13074,13074,2773,12059,10158,9917,5299,25338,17345,25811,5,8004,25441,22104,18762,4423,1.0,35:59,2015,2016
2015-16,203503,Tony Snell,Tony,1610612741,CHI,Chicago Bulls,21501222,2016-04-13T00:00:00,CHI vs. PHI,W,43.5,0.0,0.0,0.0,4.0,18.0,5.0,12.0,22.0,1.0,0.0,1.0,1.0,23.4,1,1,1,1,164,12059,10158,9917,8599,24749,11469,22259,10265,2692,1,4972,12373,9501,1.0,43:30,2015,2016
2015-16,1626147,Justin Anderson,Justin,1610612742,DAL,Dallas Mavericks,21501223,2016-04-13T00:00:00,DAL vs. SAS,L,30.1,3.0,0.0,2.0,0.0,10.0,2.0,11.0,30.0,1.0,0.0,4.0,1.0,25.0,1,13074,13074,13074,7424,4307,10158,4675,18861,17370,3734,21342,4541,2692,1,22104,12373,8485,1.0,30:07,2015,2016
2015-16,203141,Mirza Teletovic,Mirza,1610612756,PHX,Phoenix Suns,21501229,2016-04-13T00:00:00,PHX vs. LAC,W,27.7,2.0,6.0,4.0,12.0,9.0,6.0,9.0,28.0,0.0,0.0,3.0,4.0,33.8,1,1,1,1,9496,6026,481,1913,988,15771,13237,18829,5824,8004,1,17641,2748,4244,1.0,27:39,2015,2016
2015-16,202344,Trevor Booker,Trevor,1610612762,UTA,Utah Jazz,21501228,2016-04-13T00:00:00,UTA @ LAL,L,28.8,0.0,2.0,6.0,8.0,11.0,8.0,18.0,36.0,0.0,1.0,3.0,2.0,19.0,1,13074,13074,13074,8551,12059,4731,740,3109,18886,17345,25228,1943,8004,17214,17641,7786,12440,1.0,28:47,2015,2016
2015-16,203457,Nerlens Noel,Nerlens,1610612755,PHI,Philadelphia 76ers,21501222,2016-04-13T00:00:00,PHI @ CHI,L,32.6,1.0,4.0,0.0,4.0,15.0,13.0,9.0,30.0,3.0,2.0,5.0,1.0,34.2,1,13074,13074,13074,5408,11535,1596,9917,8599,23079,23668,18829,4541,347,23588,24686,12373,4092,1.0,32:37,2015,2016
2015-16,201967,Dante Cunningham,Dante,1610612740,NOP,New Orleans Pelicans,21501226,2016-04-13T00:00:00,NOP @ MIN,L,34.9,0.0,2.0,2.0,6.0,16.0,10.0,14.0,56.0,0.0,1.0,3.0,2.0,19.0,1,13074,13074,13074,3623,12059,4731,4675,5299,23774,20509,23710,21,8004,17214,17641,7786,12440,1.0,34:53,2015,2016
2015-16,1626209,Mario Hezonja,Mario,1610612753,ORL,Orlando Magic,21501219,2016-04-13T00:00:00,ORL @ CHA,L,42.1,4.0,0.0,5.0,4.0,14.0,4.0,7.0,38.0,0.0,0.0,2.0,2.0,25.0,1,13074,13074,13074,299,2460,10158,1277,8599,22292,8458,15538,1422,8004,1,11390,7786,8485,1.0,42:06,2015,2016
2015-16,201977,Marcus Thornton,Marcus,1610612764,WAS,Washington Wizards,21501221,2016-04-13T00:00:00,WAS vs. ATL,W,25.9,2.0,0.0,2.0,8.0,4.0,5.0,8.0,20.0,0.0,2.0,1.0,2.0,25.0,1,1,1,1,10967,6026,10158,4675,3109,6141,11469,17194,11929,8004,23588,4972,7786,8485,1.0,25:51,2015,2016
2015-16,201609,Goran Dragic,Goran,1610612748,MIA,Miami Heat,21501217,2016-04-13T00:00:00,MIA @ BOS,L,32.9,4.0,4.0,4.0,16.0,14.0,8.0,10.0,38.0,2.0,1.0,5.0,4.0,33.9,1,13074,13074,13074,5195,2460,1596,1913,275,22292,17345,20169,1422,932,17214,24686,2748,4208,1.0,32:56,2015,2016
2015-16,101106,Andrew Bogut,Andrew,1610612744,GSW,Golden State Warriors,21501227,2016-04-13T00:00:00,GSW vs. MEM,W,18.9,2.0,0.0,0.0,4.0,8.0,15.0,2.0,20.0,2.0,0.0,3.0,0.0,14.3,1,1,1,1,16777,6026,10158,9917,8599,13914,24781,4025,11929,932,1,17641,18762,15948,1.0,18:54,2015,2016
2015-16,203459,Allen Crabbe,Allen,1610612757,POR,Portland Trail Blazers,21501230,2016-04-13T00:00:00,POR vs. DEN,W,24.7,5.0,3.0,2.0,2.0,9.0,6.0,9.0,30.0,0.0,0.0,0.0,3.0,25.6,1,1,1,1,11970,1603,3104,4675,12984,15771,13237,18829,4541,8004,1,1,4736,8157,1.0,24:39,2015,2016
2015-16,203143,Pablo Prigioni,Pablo,1610612746,LAC,LA Clippers,21501229,2016-04-13T00:00:00,LAC @ PHX,L,39.5,2.0,0.0,2.0,8.0,22.0,27.0,18.0,54.0,0.0,1.0,2.0,1.0,34.7,1,13074,13074,13074,903,6026,10158,4675,3109,25683,26067,25228,35,8004,17214,11390,12373,3935,1.0,39:27,2015,2016
2015-16,201571,D.J. Augustin,D.J.,1610612743,DEN,Denver Nuggets,21501230,2016-04-13T00:00:00,DEN @ POR,L,14.7,0.0,0.0,0.0,0.0,10.0,12.0,5.0,12.0,1.0,1.0,2.0,1.0,14.7,1,13074,13074,13074,19979,12059,10158,9917,18861,17370,22832,11593,18637,2692,17214,11390,12373,15631,1.0,14:40,2015,2016
2015-16,203090,Maurice Harkless,Maurice,1610612757,POR,Portland Trail Blazers,21501230,2016-04-13T00:00:00,POR vs. DEN,W,18.2,3.0,0.0,0.0,0.0,10.0,2.0,12.0,26.0,2.0,0.0,3.0,0.0,14.7,1,1,1,1,17345,4307,10158,9917,18861,17370,3734,22259,7214,932,1,17641,18762,15631,1.0,18:12,2015,2016
2015-16,2733,Shaun Livingston,Shaun,1610612744,GSW,Golden State Warriors,21501227,2016-04-13T00:00:00,GSW vs. MEM,W,21.4,0.0,0.0,2.0,2.0,7.0,5.0,6.0,18.0,0.0,0.0,1.0,1.0,25.6,1,1,1,1,14708,12059,10158,4675,12984,12242,11469,13388,13577,8004,1,4972,12373,8157,1.0,21:23,2015,2016
2015-16,203105,Festus Ezeli,Festus,1610612744,GSW,Golden State Warriors,21501227,2016-04-13T00:00:00,GSW vs. MEM,W,13.4,0.0,2.0,0.0,4.0,2.0,3.0,6.0,10.0,1.0,0.0,0.0,0.0,14.2,1,1,1,1,20761,12059,4731,9917,8599,2619,7138,13388,20209,2692,1,1,18762,16003,1.0,13:22,2015,2016
2015-16,202334,Ed Davis,Ed,1610612757,POR,Portland Trail Blazers,21501230,2016-04-13T00:00:00,POR vs. DEN,W,24.4,0.0,4.0,0.0,8.0,4.0,5.0,7.0,20.0,0.0,0.0,3.0,2.0,22.8,1,1,1,1,12221,12059,1596,9917,3109,6141,11469,15538,11929,8004,1,17641,7786,9883,1.0,24:23,2015,2016
2015-16,203516,James Ennis III,James,1610612740,NOP,New Orleans Pelicans,21501226,2016-04-13T00:00:00,NOP @ MIN,L,39.8,7.0,3.0,12.0,8.0,18.0,10.0,20.0,68.0,0.0,1.0,4.0,4.0,33.4,1,13074,13074,13074,776,548,3104,42,3109,24749,20509,25599,1,8004,17214,22104,2748,4384,1.0,39:50,2015,2016
2015-16,203115,Will Barton,Will,1610612743,DEN,Denver Nuggets,21501230,2016-04-13T00:00:00,DEN @ POR,L,25.4,3.0,0.0,0.0,4.0,10.0,12.0,5.0,20.0,0.0,0.0,0.0,1.0,14.6,1,13074,13074,13074,11346,4307,10158,9917,8599,17370,22832,11593,11929,8004,1,1,12373,15699,1.0,25:26,2015,2016
2015-16,2207,Joe Johnson,Joe,1610612748,MIA,Miami Heat,21501217,2016-04-13T00:00:00,MIA @ BOS,L,36.5,2.0,0.0,0.0,8.0,9.0,6.0,16.0,42.0,0.0,1.0,1.0,3.0,25.3,1,13074,13074,13074,2387,6026,10158,9917,3109,15771,13237,24641,670,8004,17214,4972,4736,8340,1.0,36:31,2015,2016
2015-16,1626171,Bobby Portis,Bobby,1610612741,CHI,Chicago Bulls,21501222,2016-04-13T00:00:00,CHI vs. PHI,W,28.4,3.0,2.0,0.0,4.0,22.0,2.0,10.0,24.0,0.0,0.0,0.0,2.0,25.3,1,1,1,1,8954,4307,4731,9917,8599,25683,3734,20169,8723,8004,1,1,7786,8340,1.0,28:22,2015,2016
2015-16,203943,Noah Vonleh,Noah,1610612757,POR,Portland Trail Blazers,21501230,2016-04-13T00:00:00,POR vs. DEN,W,25.4,0.0,0.0,0.0,4.0,4.0,5.0,5.0,14.0,3.0,0.0,4.0,1.0,23.5,1,1,1,1,11395,12059,10158,9917,8599,6141,11469,11593,17019,347,1,22104,12373,9452,1.0,25:22,2015,2016
2015-16,203498,Shabazz Muhammad,Shabazz,1610612750,MIN,Minnesota Timberwolves,21501226,2016-04-13T00:00:00,MIN vs. NOP,W,23.2,8.0,2.0,8.0,20.0,4.0,8.0,9.0,24.0,0.0,0.0,1.0,3.0,34.5,1,1,1,1,13160,308,4731,280,59,6141,17345,18829,8723,8004,1,4972,4736,3997,1.0,23:14,2015,2016
2015-16,2746,Josh Smith,Josh,1610612745,HOU,Houston Rockets,21501224,2016-04-13T00:00:00,HOU vs. SAC,W,16.4,0.0,0.0,0.0,4.0,8.0,1.0,2.0,12.0,0.0,0.0,3.0,0.0,19.5,1,1,1,1,18720,12059,10158,9917,8599,13914,3393,4025,18637,8004,1,17641,18762,12096,1.0,16:25,2015,2016
2015-16,1626144,Emmanuel Mudiay,Emmanuel,1610612743,DEN,Denver Nuggets,21501230,2016-04-13T00:00:00,DEN @ POR,L,36.9,6.0,0.0,6.0,16.0,15.0,10.0,13.0,32.0,0.0,3.0,1.0,2.0,34.8,1,13074,13074,13074,2163,878,10158,740,275,23079,20509,23048,3535,8004,25441,4972,7786,3891,1.0,36:53,2015,2016
2015-16,203944,Julius Randle,Julius,1610612747,LAL,Los Angeles Lakers,21501228,2016-04-13T00:00:00,LAL vs. UTA,W,33.2,2.0,0.0,2.0,2.0,5.0,10.0,8.0,38.0,1.0,0.0,2.0,1.0,19.3,1,1,1,1,5003,6026,10158,4675,12984,8403,20509,17194,1422,2692,1,11390,12373,12228,1.0,33:09,2015,2016
2015-16,1626156,D'Angelo Russell,D'Angelo,1610612747,LAL,Los Angeles Lakers,21501228,2016-04-13T00:00:00,LAL vs. UTA,W,36.0,0.0,2.0,0.0,8.0,10.0,10.0,12.0,44.0,0.0,0.0,3.0,2.0,25.3,1,1,1,1,2759,12059,4731,9917,3109,17370,20509,22259,454,8004,1,17641,7786,8340,1.0,36:00,2015,2016
2015-16,2736,Luol Deng,Luol,1610612748,MIA,Miami Heat,21501217,2016-04-13T00:00:00,MIA @ BOS,L,35.2,0.0,2.0,0.0,4.0,9.0,6.0,18.0,46.0,2.0,0.0,3.0,1.0,23.6,1,13074,13074,13074,3376,12059,4731,9917,8599,15771,13237,25228,298,932,1,17641,12373,9377,1.0,35:13,2015,2016
2015-16,203897,Zach LaVine,Zach,1610612750,MIN,Minnesota Timberwolves,21501226,2016-04-13T00:00:00,MIN vs. NOP,W,30.8,8.0,0.0,8.0,10.0,7.0,6.0,11.0,30.0,1.0,0.0,1.0,0.0,34.9,1,1,1,1,6881,308,10158,280,1840,12242,13237,21342,4541,2692,1,4972,18762,3845,1.0,30:49,2015,2016
2015-16,202335,Patrick Patterson,Patrick,1610612761,TOR,Toronto Raptors,21501218,2016-04-13T00:00:00,TOR @ BKN,W,15.2,0.0,2.0,0.0,2.0,0.0,2.0,2.0,10.0,0.0,0.0,0.0,1.0,10.1,1,1,1,1,19652,12059,4731,9917,12984,1,3734,4025,20209,8004,1,1,12373,19105,1.0,15:09,2015,2016
2015-16,201155,Rodney Stuckey,Rodney,1610612754,IND,Indiana Pacers,21501225,2016-04-13T00:00:00,IND @ MIL,W,22.6,4.0,0.0,8.0,6.0,14.0,4.0,14.0,32.0,0.0,0.0,0.0,6.0,23.8,1,1,1,1,13689,2460,10158,280,5299,22292,8458,23710,3535,8004,1,1,873,9261,1.0,22:36,2015,2016
2015-16,203552,Seth Curry,Seth,1610612758,SAC,Sacramento Kings,21501224,2016-04-13T00:00:00,SAC @ HOU,L,40.2,0.0,0.0,0.0,0.0,29.0,11.0,30.0,56.0,0.0,1.0,1.0,2.0,19.7,1,13074,13074,13074,672,12059,10158,9917,18861,26052,21814,26060,21,8004,17214,4972,7786,11962,1.0,40:13,2015,2016
2015-16,101114,Deron Williams,Deron,1610612742,DAL,Dallas Mavericks,21501223,2016-04-13T00:00:00,DAL vs. SAS,L,36.5,3.0,3.0,0.0,2.0,11.0,6.0,9.0,36.0,0.0,1.0,3.0,2.0,22.9,1,13074,13074,13074,2377,4307,3104,9917,12984,18886,13237,18829,1943,8004,17214,17641,7786,9811,1.0,36:32,2015,2016
2015-16,203085,Austin Rivers,Austin,1610612746,LAC,LA Clippers,21501229,2016-04-13T00:00:00,LAC @ PHX,L,31.0,5.0,0.0,2.0,10.0,14.0,20.0,14.0,34.0,0.0,0.0,2.0,2.0,34.3,1,13074,13074,13074,6760,1603,10158,4675,1840,22292,25875,23710,2701,8004,1,11390,7786,4063,1.0,30:57,2015,2016
2015-16,2571,Leandro Barbosa,Leandro,1610612744,GSW,Golden State Warriors,21501227,2016-04-13T00:00:00,GSW vs. MEM,W,18.2,0.0,0.0,0.0,2.0,9.0,3.0,2.0,12.0,1.0,1.0,1.0,1.0,14.7,1,1,1,1,17329,12059,10158,9917,12984,15771,7138,4025,18637,2692,17214,4972,12373,15631,1.0,18:14,2015,2016
2015-16,203914,Gary Harris,Gary,1610612743,DEN,Denver Nuggets,21501230,2016-04-13T00:00:00,DEN @ POR,L,36.8,2.0,0.0,2.0,2.0,16.0,10.0,11.0,32.0,0.0,0.0,1.0,1.0,19.3,1,13074,13074,13074,2218,6026,10158,4675,12984,23774,20509,21342,3535,8004,1,4972,12373,12228,1.0,36:49,2015,2016
2015-16,201578,Marreese Speights,Marreese,1610612744,GSW,Golden State Warriors,21501227,2016-04-13T00:00:00,GSW vs. MEM,W,12.0,6.0,2.0,2.0,6.0,7.0,0.0,0.0,12.0,0.0,0.0,2.0,3.0,22.8,1,1,1,1,21520,878,4731,4675,5299,12242,1,1,18637,8004,1,11390,4736,9883,1.0,12:01,2015,2016
2015-16,204060,Joe Ingles,Joe,1610612762,UTA,Utah Jazz,21501228,2016-04-13T00:00:00,UTA @ LAL,L,20.5,3.0,0.0,0.0,0.0,7.0,4.0,14.0,26.0,0.0,0.0,1.0,0.0,25.2,1,13074,13074,13074,15491,4307,10158,9917,18861,12242,8458,23710,7214,8004,1,4972,18762,8383,1.0,20:30,2015,2016
2015-16,202696,Nikola Vučević,Nikola,1610612753,ORL,Orlando Magic,21501219,2016-04-13T00:00:00,ORL @ CHA,L,20.4,1.0,0.0,2.0,14.0,5.0,0.0,7.0,16.0,0.0,0.0,2.0,2.0,23.3,1,13074,13074,13074,15600,11535,10158,4675,542,8403,1,15538,15259,8004,1,11390,7786,9567,1.0,20:21,2015,2016
2015-16,203087,Jeremy Lamb,Jeremy,1610612766,CHA,Charlotte Hornets,21501219,2016-04-13T00:00:00,CHA vs. ORL,W,30.4,2.0,2.0,0.0,6.0,5.0,2.0,18.0,36.0,3.0,0.0,2.0,1.0,34.8,1,1,1,1,7224,6026,4731,9917,5299,8403,3734,25228,1943,347,1,11390,12373,3891,1.0,30:21,2015,2016
2015-16,202066,Garrett Temple,Garrett,1610612764,WAS,Washington Wizards,21501221,2016-04-13T00:00:00,WAS vs. ATL,W,16.0,0.0,0.0,2.0,2.0,6.0,8.0,9.0,10.0,1.0,1.0,0.0,1.0,14.7,1,1,1,1,19075,12059,10158,4675,12984,10028,17345,18829,20209,2692,17214,1,12373,15631,1.0,15:57,2015,2016
2015-16,203482,Kelly Olynyk,Kelly,1610612738,BOS,Boston Celtics,21501217,2016-04-13T00:00:00,BOS vs. MIA,W,18.4,5.0,2.0,2.0,8.0,2.0,3.0,2.0,12.0,0.0,1.0,1.0,3.0,25.7,1,1,1,1,17181,1603,4731,4675,3109,2619,7138,4025,18637,8004,17214,4972,4736,8088,1.0,18:24,2015,2016
2015-16,2225,Tony Parker,Tony,1610612759,SAS,San Antonio Spurs,21501215,2016-04-12T00:00:00,SAS vs. OKC,W,37.2,2.0,3.0,2.0,10.0,0.0,20.0,0.0,30.0,0.0,0.0,2.0,5.0,33.7,1,1,1,1,1936,6026,3104,4675,1840,1,25875,1,4541,8004,1,11390,1539,4280,1.0,37:14,2015,2016
2015-16,202682,Derrick Williams,Derrick,1610612752,NYK,New York Knicks,21501212,2016-04-12T00:00:00,NYK @ IND,L,31.8,5.0,3.0,2.0,4.0,11.0,9.0,14.0,28.0,0.0,0.0,2.0,1.0,25.2,1,13074,13074,13074,6096,1603,3104,4675,8599,18886,19144,23710,5824,8004,1,11390,12373,8383,1.0,31:46,2015,2016
2015-16,201167,Arron Afflalo,Arron,1610612752,NYK,New York Knicks,21501212,2016-04-12T00:00:00,NYK @ IND,L,26.2,3.0,3.0,0.0,0.0,6.0,8.0,6.0,22.0,0.0,0.0,1.0,1.0,19.2,1,13074,13074,13074,10697,4307,3104,9917,18861,10028,17345,13388,10265,8004,1,4972,12373,12284,1.0,26:11,2015,2016
2015-16,203524,Solomon Hill,Solomon,1610612754,IND,Indiana Pacers,21501212,2016-04-12T00:00:00,IND vs. NYK,W,33.8,0.0,0.0,0.0,4.0,10.0,6.0,2.0,16.0,0.0,0.0,2.0,0.0,25.2,1,1,1,1,4550,12059,10158,9917,8599,17370,13237,4025,15259,8004,1,11390,18762,8383,1.0,33:45,2015,2016
2015-16,2555,Nick Collison,Nick,1610612760,OKC,Oklahoma City Thunder,21501215,2016-04-12T00:00:00,OKC @ SAS,L,30.3,0.0,2.0,0.0,2.0,17.0,11.0,7.0,30.0,0.0,0.0,5.0,0.0,22.8,1,13074,13074,13074,7284,12059,4731,9917,12984,24337,21814,15538,4541,8004,1,24686,18762,9883,1.0,30:16,2015,2016
2015-16,202730,Lavoy Allen,Lavoy,1610612754,IND,Indiana Pacers,21501212,2016-04-12T00:00:00,IND vs. NYK,W,18.5,2.0,0.0,0.0,4.0,0.0,2.0,0.0,10.0,1.0,0.0,1.0,0.0,14.5,1,1,1,1,17080,6026,10158,9917,8599,1,3734,1,20209,2692,1,4972,18762,15799,1.0,18:31,2015,2016
2015-16,101108,Chris Paul,Chris,1610612746,LAC,LA Clippers,21501216,2016-04-12T00:00:00,LAC vs. MEM,W,26.5,2.0,3.0,2.0,4.0,14.0,10.0,6.0,24.0,0.0,0.0,1.0,1.0,34.9,1,1,1,1,10439,6026,3104,4675,8599,22292,20509,13388,8723,8004,1,4972,12373,3845,1.0,26:31,2015,2016
2015-16,201933,Blake Griffin,Blake,1610612746,LAC,LA Clippers,21501216,2016-04-12T00:00:00,LAC vs. MEM,W,23.3,3.0,3.0,0.0,4.0,14.0,6.0,6.0,20.0,0.0,0.0,3.0,3.0,33.4,1,1,1,1,13136,4307,3104,9917,8599,22292,13237,13388,11929,8004,1,17641,4736,4384,1.0,23:16,2015,2016
2015-16,101145,Monta Ellis,Monta,1610612754,IND,Indiana Pacers,21501212,2016-04-12T00:00:00,IND vs. NYK,W,24.3,2.0,0.0,4.0,4.0,7.0,2.0,4.0,16.0,0.0,0.0,0.0,1.0,19.5,1,1,1,1,12335,6026,10158,1913,8599,12242,3734,8806,15259,8004,1,1,12373,12096,1.0,24:16,2015,2016
2015-16,200768,Kyle Lowry,Kyle,1610612761,TOR,Toronto Raptors,21501214,2016-04-12T00:00:00,TOR vs. PHI,W,26.3,3.0,9.0,0.0,0.0,11.0,6.0,2.0,24.0,0.0,1.0,1.0,3.0,25.8,1,1,1,1,10626,4307,77,9917,18861,18886,13237,4025,8723,8004,17214,4972,4736,8022,1.0,26:16,2015,2016
2015-16,2216,Zach Randolph,Zach,1610612763,MEM,Memphis Grizzlies,21501216,2016-04-12T00:00:00,MEM @ LAC,L,25.0,2.0,2.0,0.0,8.0,13.0,2.0,18.0,26.0,0.0,0.0,2.0,0.0,23.8,1,13074,13074,13074,11711,6026,4731,9917,3109,21300,3734,25228,7214,8004,1,11390,18762,9261,1.0,24:57,2015,2016
2015-16,203917,Nik Stauskas,Nik,1610612755,PHI,Philadelphia 76ers,21501214,2016-04-12T00:00:00,PHI @ TOR,L,36.8,5.0,2.0,0.0,10.0,16.0,15.0,15.0,48.0,0.0,0.0,3.0,1.0,23.9,1,13074,13074,13074,2204,1603,4731,9917,1840,23774,24781,24242,192,8004,1,17641,12373,9184,1.0,36:49,2015,2016
2015-16,203937,Kyle Anderson,Kyle,1610612759,SAS,San Antonio Spurs,21501215,2016-04-12T00:00:00,SAS vs. OKC,W,20.2,0.0,0.0,0.0,2.0,4.0,4.0,0.0,12.0,0.0,0.0,0.0,2.0,15.0,1,1,1,1,15747,12059,10158,9917,12984,6141,8458,1,18637,8004,1,1,7786,15404,1.0,20:11,2015,2016
2015-16,203210,JaMychal Green,JaMychal,1610612763,MEM,Memphis Grizzlies,21501216,2016-04-12T00:00:00,MEM @ LAC,L,26.1,2.0,4.0,2.0,6.0,13.0,8.0,9.0,28.0,1.0,1.0,1.0,1.0,25.0,1,13074,13074,13074,10803,6026,1596,4675,5299,21300,17345,18829,5824,2692,17214,4972,12373,8485,1.0,26:03,2015,2016
2015-16,202687,Bismack Biyombo,Bismack,1610612761,TOR,Toronto Raptors,21501214,2016-04-12T00:00:00,TOR vs. PHI,W,21.7,0.0,0.0,0.0,6.0,10.0,4.0,2.0,18.0,1.0,0.0,2.0,3.0,25.4,1,1,1,1,14458,12059,10158,9917,5299,17370,8458,4025,13577,2692,1,11390,4736,8273,1.0,21:40,2015,2016
2015-16,2365,Chris Andersen,Chris,1610612763,MEM,Memphis Grizzlies,21501216,2016-04-12T00:00:00,MEM @ LAC,L,21.1,6.0,4.0,2.0,8.0,9.0,2.0,15.0,18.0,0.0,0.0,0.0,1.0,19.0,1,13074,13074,13074,14945,878,1596,4675,3109,15771,3734,24242,13577,8004,1,1,12373,12440,1.0,21:08,2015,2016
2015-16,201155,Rodney Stuckey,Rodney,1610612754,IND,Indiana Pacers,21501212,2016-04-12T00:00:00,IND vs. NYK,W,25.8,2.0,0.0,4.0,4.0,9.0,6.0,4.0,14.0,0.0,3.0,0.0,3.0,25.6,1,1,1,1,11062,6026,10158,1913,8599,15771,13237,8806,17019,8004,25441,1,4736,8157,1.0,25:45,2015,2016
2015-16,203088,Kendall Marshall,Kendall,1610612755,PHI,Philadelphia 76ers,21501214,2016-04-12T00:00:00,PHI @ TOR,L,14.4,0.0,0.0,0.0,0.0,3.0,6.0,4.0,12.0,0.0,1.0,0.0,0.0,11.3,1,13074,13074,13074,20163,12059,10158,9917,18861,5109,13237,8806,18637,8004,17214,1,18762,18230,1.0,14:24,2015,2016
2015-16,200751,Randy Foye,Randy,1610612760,OKC,Oklahoma City Thunder,21501215,2016-04-12T00:00:00,OKC @ SAS,L,16.9,0.0,0.0,0.0,0.0,9.0,7.0,2.0,18.0,0.0,0.0,1.0,2.0,10.7,1,13074,13074,13074,18319,12059,10158,9917,18861,15771,15642,4025,13577,8004,1,4972,7786,18636,1.0,16:56,2015,2016
2015-16,203962,Josh Huestis,Josh,1610612760,OKC,Oklahoma City Thunder,21501215,2016-04-12T00:00:00,OKC @ SAS,L,5.5,0.0,0.0,0.0,0.0,4.0,4.0,0.0,4.0,0.0,0.0,0.0,0.0,1.2,1,13074,13074,13074,24180,12059,10158,9917,18861,6141,8458,1,23698,8004,1,1,18762,24661,1.0,5:28,2015,2016
2015-16,202695,Kawhi Leonard,Kawhi,1610612759,SAS,San Antonio Spurs,21501215,2016-04-12T00:00:00,SAS vs. OKC,W,38.7,6.0,3.0,2.0,6.0,5.0,26.0,7.0,36.0,2.0,1.0,3.0,4.0,48.5,1,1,1,1,1169,878,3104,4675,5299,8403,26061,15538,1943,932,17214,17641,2748,909,1.0,38:44,2015,2016
2015-16,202331,Paul George,Paul,1610612754,IND,Indiana Pacers,21501212,2016-04-12T00:00:00,IND vs. NYK,W,28.7,3.0,6.0,2.0,6.0,7.0,2.0,4.0,18.0,0.0,0.0,0.0,5.0,36.8,1,1,1,1,8678,4307,481,4675,5299,12242,3734,8806,13577,8004,1,1,1539,3241,1.0,28:40,2015,2016
2015-16,202683,Enes Freedom,Enes,1610612760,OKC,Oklahoma City Thunder,21501215,2016-04-12T00:00:00,OKC @ SAS,L,38.1,0.0,6.0,4.0,8.0,14.0,14.0,4.0,24.0,0.0,4.0,2.0,2.0,36.2,1,13074,13074,13074,1458,12059,481,1913,3109,22292,24300,8806,8723,8004,25926,11390,7786,3407,1.0,38:07,2015,2016
2015-16,1495,Tim Duncan,Tim,1610612759,SAS,San Antonio Spurs,21501215,2016-04-12T00:00:00,SAS vs. OKC,W,34.1,5.0,3.0,0.0,8.0,3.0,18.0,5.0,28.0,1.0,2.0,2.0,4.0,29.3,1,1,1,1,4308,1603,3104,9917,3109,5109,25634,11593,5824,2692,23588,11390,2748,6202,1.0,34:03,2015,2016
2015-16,203460,Andre Roberson,Andre,1610612760,OKC,Oklahoma City Thunder,21501215,2016-04-12T00:00:00,OKC @ SAS,L,27.1,0.0,2.0,0.0,2.0,8.0,10.0,7.0,16.0,2.0,0.0,3.0,1.0,29.0,1,13074,13074,13074,9950,12059,4731,9917,12984,13914,20509,15538,15259,932,1,17641,12373,6346,1.0,27:05,2015,2016
2015-16,201609,Goran Dragic,Goran,1610612748,MIA,Miami Heat,21501213,2016-04-12T00:00:00,MIA @ DET,W,26.2,0.0,2.0,0.0,8.0,6.0,10.0,6.0,26.0,0.0,1.0,4.0,0.0,29.0,1,1,1,1,10671,12059,4731,9917,3109,10028,20509,13388,7214,8004,17214,22104,18762,6346,1.0,26:14,2015,2016
2015-16,202355,Hassan Whiteside,Hassan,1610612748,MIA,Miami Heat,21501213,2016-04-12T00:00:00,MIA @ DET,W,34.1,6.0,2.0,0.0,2.0,14.0,17.0,6.0,36.0,3.0,1.0,4.0,4.0,36.8,1,1,1,1,4251,878,4731,9917,12984,22292,25429,13388,1943,347,17214,22104,2748,3241,1.0,34:07,2015,2016
2015-16,202694,Marcus Morris Sr.,Marcus,1610612765,DET,Detroit Pistons,21501213,2016-04-12T00:00:00,DET vs. MIA,L,34.2,0.0,5.0,2.0,6.0,10.0,5.0,2.0,26.0,0.0,0.0,1.0,5.0,24.3,1,13074,13074,13074,4205,12059,995,4675,5299,17370,11469,4025,7214,8004,1,4972,1539,8939,1.0,34:11,2015,2016
2015-16,2736,Luol Deng,Luol,1610612748,MIA,Miami Heat,21501213,2016-04-12T00:00:00,MIA @ DET,W,41.4,0.0,2.0,2.0,4.0,9.0,17.0,3.0,40.0,0.0,0.0,1.0,2.0,29.0,1,1,1,1,416,12059,4731,4675,8599,15771,25429,7328,983,8004,1,4972,7786,6346,1.0,41:22,2015,2016
2015-16,2207,Joe Johnson,Joe,1610612748,MIA,Miami Heat,21501213,2016-04-12T00:00:00,MIA @ DET,W,34.0,2.0,3.0,0.0,8.0,15.0,17.0,6.0,32.0,0.0,0.0,1.0,3.0,36.9,1,1,1,1,4337,6026,3104,9917,3109,23079,25429,13388,3535,8004,1,4972,4736,3210,1.0,34:01,2015,2016
2015-16,202332,Cole Aldrich,Cole,1610612746,LAC,LA Clippers,21501216,2016-04-12T00:00:00,LAC vs. MEM,W,14.6,0.0,0.0,0.0,4.0,0.0,4.0,0.0,12.0,3.0,0.0,2.0,1.0,24.3,1,1,1,1,20048,12059,10158,9917,8599,1,8458,1,18637,347,1,11390,12373,8939,1.0,14:35,2015,2016
2015-16,202397,Ish Smith,Ish,1610612755,PHI,Philadelphia 76ers,21501214,2016-04-12T00:00:00,PHI @ TOR,L,33.6,0.0,0.0,2.0,10.0,17.0,18.0,11.0,40.0,0.0,0.0,2.0,0.0,29.4,1,13074,13074,13074,4668,12059,10158,4675,1840,24337,25634,21342,983,8004,1,11390,18762,6143,1.0,33:36,2015,2016
2015-16,204456,T.J. McConnell,T.J.,1610612755,PHI,Philadelphia 76ers,21501214,2016-04-12T00:00:00,PHI @ TOR,L,21.6,3.0,0.0,0.0,0.0,10.0,11.0,11.0,20.0,0.0,0.0,0.0,0.0,11.6,1,13074,13074,13074,14504,4307,10158,9917,18861,17370,21814,21342,11929,8004,1,1,18762,17970,1.0,21:37,2015,2016
2015-16,203955,Bryce Cotton,Bryce,1610612763,MEM,Memphis Grizzlies,21501216,2016-04-12T00:00:00,MEM @ LAC,L,2.8,0.0,0.0,0.0,0.0,2.0,0.0,0.0,4.0,0.0,0.0,0.0,0.0,0.0,1,13074,13074,13074,25200,12059,10158,9917,18861,2619,1,1,23698,8004,1,1,18762,25170,1.0,2:47,2015,2016
2015-16,2440,Matt Barnes,Matt,1610612763,MEM,Memphis Grizzlies,21501216,2016-04-12T00:00:00,MEM @ LAC,L,26.1,2.0,0.0,2.0,4.0,13.0,2.0,17.0,24.0,0.0,0.0,2.0,2.0,5.2,1,13074,13074,13074,10786,6026,10158,4675,8599,21300,3734,24967,8723,8004,1,11390,7786,22370,1.0,26:04,2015,2016
2015-16,2405,Amar'e Stoudemire,Amar'e,1610612748,MIA,Miami Heat,21501213,2016-04-12T00:00:00,MIA @ DET,W,6.0,0.0,0.0,0.0,4.0,0.0,3.0,1.0,8.0,0.0,1.0,3.0,0.0,5.2,1,1,1,1,23988,12059,10158,9917,8599,1,7138,3646,21543,8004,17214,17641,18762,22370,1.0,5:58,2015,2016
2015-16,202713,Kyle Singler,Kyle,1610612760,OKC,Oklahoma City Thunder,21501215,2016-04-12T00:00:00,OKC @ SAS,L,6.5,0.0,0.0,0.0,0.0,2.0,0.0,0.0,8.0,0.0,0.0,1.0,0.0,7.2,1,13074,13074,13074,23734,12059,10158,9917,18861,2619,1,1,21543,8004,1,4972,18762,21035,1.0,6:32,2015,2016
2015-16,2755,Kevin Martin,Kevin,1610612759,SAS,San Antonio Spurs,21501215,2016-04-12T00:00:00,SAS vs. OKC,W,15.2,0.0,0.0,0.0,0.0,5.0,2.0,5.0,6.0,0.0,0.0,1.0,0.0,5.0,1,1,1,1,19618,12059,10158,9917,18861,8403,3734,11593,22724,8004,1,4972,18762,22500,1.0,15:12,2015,2016
2015-16,203382,Aron Baynes,Aron,1610612765,DET,Detroit Pistons,21501213,2016-04-12T00:00:00,DET vs. MIA,L,15.1,0.0,2.0,0.0,4.0,4.0,2.0,4.0,12.0,1.0,0.0,1.0,2.0,9.6,1,13074,13074,13074,19691,12059,4731,9917,8599,6141,3734,8806,18637,2692,1,4972,7786,19434,1.0,15:06,2015,2016
2015-16,200811,Lou Amundson,Lou,1610612752,NYK,New York Knicks,21501212,2016-04-12T00:00:00,NYK @ IND,L,7.7,0.0,0.0,0.0,0.0,2.0,0.0,0.0,8.0,0.0,0.0,2.0,1.0,4.4,1,13074,13074,13074,23322,12059,10158,9917,18861,2619,1,1,21543,8004,1,11390,12373,22837,1.0,7:41,2015,2016
2015-16,203921,Cleanthony Early,Cleanthony,1610612752,NYK,New York Knicks,21501212,2016-04-12T00:00:00,NYK @ IND,L,30.4,0.0,2.0,0.0,2.0,15.0,13.0,16.0,34.0,0.0,0.0,2.0,0.0,8.6,1,13074,13074,13074,7208,12059,4731,9917,12984,23079,23668,24641,2701,8004,1,11390,18762,20125,1.0,30:22,2015,2016
2015-16,101123,Gerald Green,Gerald,1610612748,MIA,Miami Heat,21501213,2016-04-12T00:00:00,MIA @ DET,W,19.5,2.0,0.0,2.0,0.0,7.0,12.0,5.0,22.0,0.0,0.0,2.0,1.0,9.2,1,1,1,1,16340,6026,10158,4675,18861,12242,22832,11593,10265,8004,1,11390,12373,19680,1.0,19:28,2015,2016
2015-16,201229,Anthony Tolliver,Anthony,1610612765,DET,Detroit Pistons,21501213,2016-04-12T00:00:00,DET vs. MIA,L,12.0,0.0,0.0,0.0,2.0,4.0,2.0,4.0,8.0,0.0,0.0,0.0,1.0,9.4,1,13074,13074,13074,21529,12059,10158,9917,12984,6141,3734,8806,21543,8004,1,1,12373,19568,1.0,12:00,2015,2016
2015-16,201577,Robin Lopez,Robin,1610612752,NYK,New York Knicks,21501212,2016-04-12T00:00:00,NYK @ IND,L,22.3,0.0,0.0,0.0,4.0,7.0,7.0,8.0,20.0,1.0,0.0,0.0,0.0,21.7,1,13074,13074,13074,13954,12059,10158,9917,8599,12242,15642,17194,11929,2692,1,1,18762,10592,1.0,22:15,2015,2016
2015-16,2581,Steve Blake,Steve,1610612765,DET,Detroit Pistons,21501213,2016-04-12T00:00:00,DET vs. MIA,L,32.4,2.0,2.0,0.0,2.0,10.0,7.0,0.0,24.0,0.0,1.0,1.0,4.0,21.7,1,13074,13074,13074,5546,6026,4731,9917,12984,17370,15642,1,8723,8004,17214,4972,2748,10592,1.0,32:26,2015,2016
2015-16,203912,C.J. Wilcox,C.J.,1610612746,LAC,LA Clippers,21501216,2016-04-12T00:00:00,LAC vs. MEM,W,5.3,2.0,0.0,0.0,2.0,0.0,2.0,0.0,6.0,0.0,0.0,0.0,0.0,7.2,1,1,1,1,24241,6026,10158,9917,12984,1,3734,1,22724,8004,1,1,18762,21035,1.0,5:20,2015,2016
2015-16,203457,Nerlens Noel,Nerlens,1610612755,PHI,Philadelphia 76ers,21501214,2016-04-12T00:00:00,PHI @ TOR,L,34.2,5.0,2.0,0.0,10.0,16.0,16.0,11.0,38.0,1.0,0.0,4.0,5.0,41.5,1,13074,13074,13074,4170,1603,4731,9917,1840,23774,25155,21342,1422,2692,1,22104,1539,2038,1.0,34:13,2015,2016
2015-16,201601,Luc Mbah a Moute,Luc,1610612746,LAC,LA Clippers,21501216,2016-04-12T00:00:00,LAC vs. MEM,W,14.4,4.0,0.0,2.0,8.0,10.0,2.0,4.0,10.0,0.0,0.0,1.0,0.0,12.2,1,1,1,1,20147,2460,10158,4675,3109,17370,3734,8806,20209,8004,1,4972,18762,17566,1.0,14:26,2015,2016
2015-16,201588,George Hill,George,1610612754,IND,Indiana Pacers,21501212,2016-04-12T00:00:00,IND vs. NYK,W,37.3,6.0,2.0,8.0,6.0,10.0,8.0,2.0,20.0,1.0,0.0,3.0,4.0,31.6,1,1,1,1,1882,878,4731,280,5299,17370,17345,4025,11929,2692,1,17641,2748,5130,1.0,37:19,2015,2016
2015-16,200755,JJ Redick,JJ,1610612746,LAC,LA Clippers,21501216,2016-04-12T00:00:00,LAC vs. MEM,W,12.7,3.0,0.0,8.0,2.0,8.0,4.0,4.0,12.0,0.0,0.0,1.0,2.0,12.2,1,1,1,1,21145,4307,10158,280,12984,13914,8458,8806,18637,8004,1,4972,7786,17566,1.0,12:41,2015,2016
2015-16,1626181,Norman Powell,Norman,1610612761,TOR,Toronto Raptors,21501214,2016-04-12T00:00:00,TOR vs. PHI,W,38.4,4.0,3.0,6.0,2.0,15.0,6.0,2.0,32.0,0.0,0.0,2.0,2.0,31.3,1,1,1,1,1338,2460,3104,740,12984,23079,13237,4025,3535,8004,1,11390,7786,5258,1.0,38:22,2015,2016
2015-16,201599,DeAndre Jordan,DeAndre,1610612746,LAC,LA Clippers,21501216,2016-04-12T00:00:00,LAC vs. MEM,W,27.9,4.0,0.0,3.0,6.0,14.0,13.0,6.0,26.0,2.0,0.0,2.0,1.0,30.9,1,1,1,1,9324,2460,10158,3302,5299,22292,23668,13388,7214,932,1,11390,12373,5452,1.0,27:52,2015,2016
2015-16,201960,DeMarre Carroll,DeMarre,1610612761,TOR,Toronto Raptors,21501214,2016-04-12T00:00:00,TOR vs. PHI,W,20.7,0.0,2.0,0.0,2.0,4.0,0.0,0.0,10.0,0.0,1.0,2.0,0.0,20.2,1,1,1,1,15319,12059,4731,9917,12984,6141,1,1,20209,8004,17214,11390,18762,11610,1.0,20:42,2015,2016
2015-16,1626167,Myles Turner,Myles,1610612754,IND,Indiana Pacers,21501212,2016-04-12T00:00:00,IND vs. NYK,W,17.7,0.0,2.0,0.0,2.0,2.0,3.0,0.0,8.0,1.0,2.0,2.0,2.0,20.0,1,1,1,1,17765,12059,4731,9917,12984,2619,7138,1,21543,2692,23588,11390,7786,11752,1.0,17:41,2015,2016
2015-16,1626174,Christian Wood,Christian,1610612755,PHI,Philadelphia 76ers,21501214,2016-04-12T00:00:00,PHI @ TOR,L,19.5,2.0,2.0,0.0,4.0,11.0,13.0,8.0,20.0,2.0,1.0,1.0,5.0,20.0,1,13074,13074,13074,16350,6026,4731,9917,8599,18886,23668,17194,11929,932,17214,4972,1539,11752,1.0,19:27,2015,2016
2015-16,203079,Dion Waiters,Dion,1610612760,OKC,Oklahoma City Thunder,21501215,2016-04-12T00:00:00,OKC @ SAS,L,42.1,0.0,8.0,0.0,8.0,13.0,19.0,7.0,30.0,1.0,2.0,1.0,9.0,31.0,1,13074,13074,13074,303,12059,137,9917,3109,21300,25786,15538,4541,2692,23588,4972,138,5406,1.0,42:05,2015,2016
2015-16,201988,Patty Mills,Patty,1610612759,SAS,San Antonio Spurs,21501215,2016-04-12T00:00:00,SAS vs. OKC,W,15.8,5.0,0.0,2.0,0.0,7.0,6.0,7.0,12.0,0.0,0.0,2.0,2.0,11.7,1,1,1,1,19214,1603,10158,4675,18861,12242,13237,15538,18637,8004,1,11390,7786,17903,1.0,15:46,2015,2016
2015-16,2449,Luis Scola,Luis,1610612761,TOR,Toronto Raptors,21501214,2016-04-12T00:00:00,TOR vs. PHI,W,21.1,0.0,0.0,0.0,6.0,15.0,6.0,2.0,22.0,1.0,1.0,2.0,2.0,20.3,1,1,1,1,14996,12059,10158,9917,5299,23079,13237,4025,10265,2692,17214,11390,7786,11534,1.0,21:04,2015,2016
2015-16,1626196,Josh Richardson,Josh,1610612748,MIA,Miami Heat,21501213,2016-04-12T00:00:00,MIA @ DET,W,37.3,0.0,0.0,0.0,0.0,13.0,17.0,5.0,40.0,2.0,1.0,2.0,4.0,19.7,1,1,1,1,1906,12059,10158,9917,18861,21300,25429,11593,983,932,17214,11390,2748,11962,1.0,37:17,2015,2016
2015-16,203143,Pablo Prigioni,Pablo,1610612746,LAC,LA Clippers,21501216,2016-04-12T00:00:00,LAC vs. MEM,W,19.3,0.0,2.0,0.0,2.0,0.0,9.0,0.0,18.0,0.0,0.0,1.0,1.0,20.3,1,1,1,1,16457,12059,4731,9917,12984,1,19144,1,13577,8004,1,4972,12373,11534,1.0,19:18,2015,2016
2015-16,203138,Hollis Thompson,Hollis,1610612755,PHI,Philadelphia 76ers,21501214,2016-04-12T00:00:00,PHI @ TOR,L,30.7,0.0,0.0,0.0,0.0,12.0,16.0,11.0,32.0,0.0,1.0,1.0,2.0,15.2,1,13074,13074,13074,6938,12059,10158,9917,18861,20178,25155,21342,3535,8004,17214,4972,7786,15219,1.0,30:43,2015,2016
2015-16,203082,Terrence Ross,Terrence,1610612761,TOR,Toronto Raptors,21501214,2016-04-12T00:00:00,TOR vs. PHI,W,27.1,2.0,0.0,3.0,8.0,10.0,4.0,2.0,20.0,0.0,1.0,1.0,1.0,31.4,1,1,1,1,9934,6026,10158,3302,3109,17370,8458,4025,11929,8004,17214,4972,12373,5218,1.0,27:05,2015,2016
2015-16,1626185,Jarell Martin,Jarell,1610612763,MEM,Memphis Grizzlies,21501216,2016-04-12T00:00:00,MEM @ LAC,L,19.8,0.0,4.0,0.0,4.0,11.0,8.0,2.0,18.0,0.0,0.0,5.0,4.0,18.6,1,13074,13074,13074,16041,12059,1596,9917,8599,18886,17345,4025,13577,8004,1,24686,2748,12715,1.0,19:50,2015,2016
2015-16,200746,LaMarcus Aldridge,LaMarcus,1610612759,SAS,San Antonio Spurs,21501215,2016-04-12T00:00:00,SAS vs. OKC,W,19.4,2.0,4.0,0.0,4.0,2.0,12.0,0.0,22.0,1.0,0.0,1.0,3.0,16.0,1,1,1,1,16420,6026,1596,9917,8599,2619,22832,1,10265,2692,1,4972,4736,14590,1.0,19:21,2015,2016
2015-16,101133,Ian Mahinmi,Ian,1610612754,IND,Indiana Pacers,21501212,2016-04-12T00:00:00,IND vs. NYK,W,30.3,2.0,5.0,0.0,12.0,10.0,5.0,4.0,18.0,0.0,1.0,2.0,2.0,21.6,1,1,1,1,7249,6026,995,9917,988,17370,11469,8806,13577,8004,17214,11390,7786,10666,1.0,30:19,2015,2016
2015-16,202325,Wesley Johnson,Wesley,1610612746,LAC,LA Clippers,21501216,2016-04-12T00:00:00,LAC vs. MEM,W,18.3,2.0,0.0,2.0,2.0,0.0,13.0,0.0,18.0,2.0,0.0,1.0,0.0,18.2,1,1,1,1,17278,6026,10158,4675,12984,1,23668,1,13577,932,1,4972,18762,13004,1.0,18:17,2015,2016
2015-16,204098,Xavier Munford,Xavier,1610612763,MEM,Memphis Grizzlies,21501216,2016-04-12T00:00:00,MEM @ LAC,L,32.1,0.0,3.0,0.0,10.0,15.0,10.0,7.0,34.0,0.0,1.0,4.0,3.0,16.6,1,13074,13074,13074,5802,12059,3104,9917,1840,23079,20509,15538,2701,8004,17214,22104,4736,14125,1.0,32:06,2015,2016
2015-16,203512,Lucas Nogueira,Lucas,1610612761,TOR,Toronto Raptors,21501214,2016-04-12T00:00:00,TOR vs. PHI,W,9.2,4.0,0.0,4.0,4.0,1.0,0.0,0.0,6.0,1.0,0.0,4.0,0.0,12.7,1,1,1,1,22773,2460,10158,1913,8599,2356,1,1,22724,2692,1,22104,18762,17201,1.0,9:10,2015,2016
2015-16,1718,Paul Pierce,Paul,1610612746,LAC,LA Clippers,21501216,2016-04-12T00:00:00,LAC vs. MEM,W,20.4,4.0,0.0,0.0,2.0,0.0,6.0,0.0,18.0,0.0,0.0,2.0,4.0,16.1,1,1,1,1,15586,2460,10158,9917,12984,1,13237,1,13577,8004,1,11390,2748,14515,1.0,20:23,2015,2016
2015-16,201145,Jeff Green,Jeff,1610612746,LAC,LA Clippers,21501216,2016-04-12T00:00:00,LAC vs. MEM,W,25.7,0.0,2.0,0.0,10.0,0.0,9.0,0.0,20.0,0.0,1.0,1.0,1.0,18.1,1,1,1,1,11100,12059,4731,9917,1840,1,19144,1,11929,8004,17214,4972,12373,13090,1.0,25:42,2015,2016
2015-16,1713,Vince Carter,Vince,1610612763,MEM,Memphis Grizzlies,21501216,2016-04-12T00:00:00,MEM @ LAC,L,14.6,0.0,0.0,0.0,0.0,12.0,3.0,13.0,12.0,0.0,0.0,1.0,3.0,7.7,1,13074,13074,13074,20038,12059,10158,9917,18861,20178,7138,23048,18637,8004,1,4972,4736,20733,1.0,14:36,2015,2016
2015-16,201574,Jason Thompson,Jason,1610612761,TOR,Toronto Raptors,21501214,2016-04-12T00:00:00,TOR vs. PHI,W,14.5,1.0,2.0,0.0,0.0,3.0,0.0,0.0,8.0,0.0,0.0,3.0,2.0,8.3,1,1,1,1,20133,11535,4731,9917,18861,5109,1,1,21543,8004,1,17641,7786,20376,1.0,14:27,2015,2016
2015-16,203924,Jerami Grant,Jerami,1610612755,PHI,Philadelphia 76ers,21501214,2016-04-12T00:00:00,PHI @ TOR,L,14.8,0.0,0.0,0.0,2.0,4.0,12.0,0.0,18.0,2.0,1.0,5.0,1.0,16.4,1,13074,13074,13074,19916,12059,10158,9917,12984,6141,22832,1,13577,932,17214,24686,12373,14289,1.0,14:46,2015,2016
2015-16,2617,Udonis Haslem,Udonis,1610612748,MIA,Miami Heat,21501213,2016-04-12T00:00:00,MIA @ DET,W,7.9,0.0,0.0,0.0,0.0,1.0,2.0,0.0,4.0,0.0,0.0,2.0,1.0,2.2,1,1,1,1,23217,12059,10158,9917,18861,2356,3734,1,23698,8004,1,11390,12373,24138,1.0,7:55,2015,2016
2015-16,201965,Jeff Ayres,Jeff,1610612746,LAC,LA Clippers,21501216,2016-04-12T00:00:00,LAC vs. MEM,W,5.3,0.0,0.0,0.0,0.0,0.0,2.0,0.0,6.0,0.0,0.0,2.0,1.0,2.7,1,1,1,1,24241,12059,10158,9917,18861,1,3734,1,22724,8004,1,11390,12373,23884,1.0,5:20,2015,2016
2015-16,202362,Lance Stephenson,Lance,1610612763,MEM,Memphis Grizzlies,21501216,2016-04-12T00:00:00,MEM @ LAC,L,22.4,0.0,2.0,0.0,4.0,8.0,5.0,5.0,24.0,0.0,2.0,2.0,3.0,18.1,1,13074,13074,13074,13818,12059,4731,9917,8599,13914,11469,11593,8723,8004,23588,11390,4736,13090,1.0,22:26,2015,2016
2015-16,203493,Reggie Bullock Jr.,Reggie,1610612765,DET,Detroit Pistons,21501213,2016-04-12T00:00:00,DET vs. MIA,L,12.3,0.0,0.0,0.0,2.0,2.0,2.0,2.0,6.0,0.0,1.0,2.0,0.0,7.7,1,13074,13074,13074,21368,12059,10158,9917,12984,2619,3734,4025,22724,8004,17214,11390,18762,20733,1.0,12:20,2015,2016
2015-16,201627,Anthony Morrow,Anthony,1610612760,OKC,Oklahoma City Thunder,21501215,2016-04-12T00:00:00,OKC @ SAS,L,21.4,0.0,0.0,0.0,0.0,8.0,12.0,2.0,22.0,0.0,0.0,1.0,2.0,8.0,1,13074,13074,13074,14734,12059,10158,9917,18861,13914,22832,4025,10265,8004,1,4972,7786,20564,1.0,21:21,2015,2016
2015-16,201951,Ty Lawson,Ty,1610612754,IND,Indiana Pacers,21501212,2016-04-12T00:00:00,IND vs. NYK,W,23.7,0.0,0.0,0.0,4.0,5.0,6.0,0.0,10.0,0.0,2.0,0.0,0.0,21.4,1,1,1,1,12788,12059,10158,9917,8599,8403,13237,1,20209,8004,23588,1,18762,10807,1.0,23:44,2015,2016
2015-16,203613,Jonathon Simmons,Jonathon,1610612759,SAS,San Antonio Spurs,21501215,2016-04-12T00:00:00,SAS vs. OKC,W,5.4,0.0,0.0,0.0,2.0,0.0,0.0,0.0,2.0,0.0,0.0,1.0,1.0,2.0,1,1,1,1,24231,12059,10158,9917,12984,1,1,1,24614,8004,1,4972,12373,24216,1.0,5:21,2015,2016
2015-16,203915,Spencer Dinwiddie,Spencer,1610612765,DET,Detroit Pistons,21501213,2016-04-12T00:00:00,DET vs. MIA,L,15.6,0.0,0.0,1.0,4.0,4.0,2.0,4.0,12.0,0.0,0.0,3.0,2.0,12.9,1,13074,13074,13074,19376,12059,10158,9347,8599,6141,3734,8806,18637,8004,1,17641,7786,17049,1.0,15:34,2015,2016
2015-16,201980,Danny Green,Danny,1610612759,SAS,San Antonio Spurs,21501215,2016-04-12T00:00:00,SAS vs. OKC,W,26.7,0.0,0.0,3.0,0.0,0.0,20.0,2.0,28.0,1.0,0.0,5.0,0.0,18.3,1,1,1,1,10250,12059,10158,3302,18861,1,25875,4025,5824,2692,1,24686,18762,12952,1.0,26:44,2015,2016
2015-16,203798,PJ Hairston,PJ,1610612763,MEM,Memphis Grizzlies,21501216,2016-04-12T00:00:00,MEM @ LAC,L,23.7,0.0,0.0,0.0,0.0,8.0,5.0,7.0,24.0,0.0,1.0,0.0,1.0,7.6,1,13074,13074,13074,12822,12059,10158,9917,18861,13914,11469,15538,8723,8004,17214,1,12373,20803,1.0,23:42,2015,2016
2015-16,203496,Robert Covington,Robert,1610612755,PHI,Philadelphia 76ers,21501214,2016-04-12T00:00:00,PHI @ TOR,L,34.4,3.0,0.0,0.0,0.0,11.0,13.0,4.0,32.0,1.0,1.0,2.0,6.0,32.1,1,13074,13074,13074,4012,4307,10158,9917,18861,18886,23668,8806,3535,2692,17214,11390,873,4889,1.0,34:25,2015,2016
2015-16,203500,Steven Adams,Steven,1610612760,OKC,Oklahoma City Thunder,21501215,2016-04-12T00:00:00,OKC @ SAS,L,37.6,0.0,8.0,0.0,12.0,9.0,17.0,7.0,30.0,2.0,0.0,5.0,3.0,31.8,1,13074,13074,13074,1690,12059,137,9917,988,15771,25429,15538,4541,932,1,24686,4736,5041,1.0,37:37,2015,2016
2015-16,2561,David West,David,1610612759,SAS,San Antonio Spurs,21501215,2016-04-12T00:00:00,SAS vs. OKC,W,30.1,0.0,4.0,0.0,2.0,7.0,17.0,7.0,22.0,1.0,2.0,4.0,1.0,21.8,1,1,1,1,7467,12059,1596,9917,12984,12242,25429,15538,10265,2692,23588,22104,12373,10526,1.0,30:05,2015,2016
2015-16,201942,DeMar DeRozan,DeMar,1610612761,TOR,Toronto Raptors,21501214,2016-04-12T00:00:00,TOR vs. PHI,W,22.3,4.0,0.0,2.0,6.0,7.0,2.0,0.0,16.0,0.0,1.0,0.0,2.0,27.4,1,1,1,1,13890,2460,10158,4675,5299,12242,3734,1,15259,8004,17214,1,7786,7179,1.0,22:20,2015,2016
2015-16,203085,Austin Rivers,Austin,1610612746,LAC,LA Clippers,21501216,2016-04-12T00:00:00,LAC vs. MEM,W,26.3,0.0,0.0,5.0,2.0,10.0,15.0,4.0,30.0,0.0,0.0,2.0,3.0,17.2,1,1,1,1,10581,12059,10158,1277,12984,17370,24781,8806,4541,8004,1,11390,4736,13725,1.0,26:19,2015,2016
2015-16,200770,Jordan Farmar,Jordan,1610612763,MEM,Memphis Grizzlies,21501216,2016-04-12T00:00:00,MEM @ LAC,L,26.4,2.0,0.0,0.0,0.0,16.0,5.0,17.0,28.0,0.0,2.0,1.0,1.0,14.0,1,13074,13074,13074,10559,6026,10158,9917,18861,23774,11469,24967,5824,8004,23588,4972,12373,16166,1.0,26:21,2015,2016
2015-16,202685,Jonas Valančiūnas,Jonas,1610612761,TOR,Toronto Raptors,21501214,2016-04-12T00:00:00,TOR vs. PHI,W,17.2,2.0,8.0,0.0,16.0,7.0,2.0,0.0,12.0,1.0,1.0,3.0,2.0,32.2,1,1,1,1,18153,6026,137,9917,275,12242,3734,1,18637,2692,17214,17641,7786,4846,1.0,17:10,2015,2016
2015-16,1626166,Cameron Payne,Cameron,1610612760,OKC,Oklahoma City Thunder,21501215,2016-04-12T00:00:00,OKC @ SAS,L,39.6,7.0,0.0,3.0,10.0,16.0,11.0,9.0,28.0,0.0,2.0,4.0,3.0,28.1,1,13074,13074,13074,873,548,10158,3302,1840,23774,21814,18829,5824,8004,23588,22104,4736,6818,1.0,39:33,2015,2016
2015-16,202699,Tobias Harris,Tobias,1610612765,DET,Detroit Pistons,21501213,2016-04-12T00:00:00,DET vs. MIA,L,36.0,4.0,0.0,0.0,8.0,10.0,7.0,0.0,28.0,2.0,3.0,1.0,3.0,32.8,1,13074,13074,13074,2759,2460,10158,9917,3109,17370,15642,1,5824,932,25441,4972,4736,4609,1.0,36:00,2015,2016
2015-16,203484,Kentavious Caldwell-Pope,Kentavious,1610612765,DET,Detroit Pistons,21501213,2016-04-12T00:00:00,DET vs. MIA,L,35.7,7.0,2.0,2.0,8.0,12.0,7.0,2.0,30.0,0.0,0.0,1.0,1.0,27.6,1,13074,13074,13074,3003,548,4731,4675,3109,20178,15642,4025,4541,8004,1,4972,12373,7080,1.0,35:40,2015,2016
2015-16,204038,Langston Galloway,Langston,1610612752,NYK,New York Knicks,21501212,2016-04-12T00:00:00,NYK @ IND,L,35.2,2.0,0.0,2.0,6.0,13.0,11.0,12.0,32.0,1.0,0.0,1.0,2.0,27.9,1,13074,13074,13074,3413,6026,10158,4675,5299,21300,21814,22259,3535,2692,1,4972,7786,6914,1.0,35:10,2015,2016
2015-16,1626153,Delon Wright,Delon,1610612761,TOR,Toronto Raptors,21501214,2016-04-12T00:00:00,TOR vs. PHI,W,21.7,0.0,0.0,0.0,2.0,7.0,0.0,0.0,12.0,1.0,0.0,0.0,1.0,21.9,1,1,1,1,14406,12059,10158,9917,12984,12242,1,1,18637,2692,1,1,12373,10460,1.0,21:44,2015,2016
2015-16,1626170,Jerian Grant,Jerian,1610612752,NYK,New York Knicks,21501212,2016-04-12T00:00:00,NYK @ IND,L,38.6,0.0,0.0,0.0,6.0,12.0,8.0,16.0,36.0,1.0,1.0,2.0,3.0,38.2,1,13074,13074,13074,1225,12059,10158,9917,5299,20178,17345,24641,1943,2692,17214,11390,4736,2854,1.0,38:35,2015,2016
2015-16,2756,Sasha Vujacic,Sasha,1610612752,NYK,New York Knicks,21501212,2016-04-12T00:00:00,NYK @ IND,L,22.3,2.0,0.0,0.0,0.0,9.0,11.0,8.0,24.0,0.0,1.0,2.0,2.0,16.8,1,13074,13074,13074,13954,6026,10158,9917,18861,15771,21814,17194,8723,8004,17214,11390,7786,13996,1.0,22:15,2015,2016
2015-16,203124,Kyle O'Quinn,Kyle,1610612752,NYK,New York Knicks,21501212,2016-04-12T00:00:00,NYK @ IND,L,14.9,0.0,0.0,0.0,2.0,6.0,8.0,4.0,16.0,3.0,1.0,2.0,0.0,22.4,1,13074,13074,13074,19816,12059,10158,9917,12984,10028,17345,8806,15259,347,17214,11390,18762,10131,1.0,14:55,2015,2016
2015-16,1626169,Stanley Johnson,Stanley,1610612765,DET,Detroit Pistons,21501213,2016-04-12T00:00:00,DET vs. MIA,L,13.8,2.0,2.0,2.0,4.0,4.0,4.0,2.0,10.0,0.0,0.0,3.0,1.0,13.5,1,13074,13074,13074,20513,6026,4731,4675,8599,6141,8458,4025,20209,8004,1,17641,12373,16552,1.0,13:49,2015,2016
2015-16,1626246,Boban Marjanović,Boban,1610612759,SAS,San Antonio Spurs,21501215,2016-04-12T00:00:00,SAS vs. OKC,W,22.3,0.0,4.0,0.0,8.0,2.0,5.0,2.0,12.0,2.0,0.0,1.0,1.0,22.6,1,1,1,1,13914,12059,1596,9917,3109,2619,11469,4025,18637,932,1,4972,12373,10000,1.0,22:18,2015,2016
2015-16,203083,Andre Drummond,Andre,1610612765,DET,Detroit Pistons,21501213,2016-04-12T00:00:00,DET vs. MIA,L,32.9,0.0,9.0,0.0,8.0,10.0,7.0,0.0,24.0,1.0,0.0,4.0,2.0,37.6,1,13074,13074,13074,5207,12059,77,9917,3109,17370,15642,1,8723,2692,1,22104,7786,3018,1.0,32:54,2015,2016
2015-16,2548,Dwyane Wade,Dwyane,1610612748,MIA,Miami Heat,21501213,2016-04-12T00:00:00,MIA @ DET,W,33.7,4.0,0.0,0.0,10.0,10.0,15.0,3.0,32.0,0.0,0.0,2.0,2.0,22.3,1,1,1,1,4629,2460,10158,9917,1840,17370,24781,7328,3535,8004,1,11390,7786,10208,1.0,33:39,2015,2016
2015-16,202338,Kevin Seraphin,Kevin,1610612752,NYK,New York Knicks,21501212,2016-04-12T00:00:00,NYK @ IND,L,10.8,0.0,0.0,0.0,2.0,4.0,0.0,6.0,10.0,2.0,0.0,3.0,0.0,17.5,1,13074,13074,13074,22100,12059,10158,9917,12984,6141,1,13388,20209,932,1,17641,18762,13528,1.0,10:50,2015,2016
2015-16,201976,Patrick Beverley,Patrick,1610612745,HOU,Houston Rockets,21501207,2016-04-11T00:00:00,HOU @ MIN,W,34.7,2.0,1.0,2.0,4.0,13.0,4.0,11.0,40.0,2.0,0.0,2.0,4.0,32.0,1,1,1,1,3826,6026,9709,4675,8599,21300,8458,21342,983,932,1,11390,2748,4945,1.0,34:39,2015,2016
2015-16,203458,Alex Len,Alex,1610612756,PHX,Phoenix Suns,21501211,2016-04-11T00:00:00,PHX vs. SAC,L,37.5,4.0,5.0,0.0,10.0,10.0,5.0,10.0,44.0,1.0,4.0,6.0,3.0,31.9,1,13074,13074,13074,1760,2460,995,9917,1840,17370,11469,20169,454,2692,25926,25827,4736,4984,1.0,37:30,2015,2016
2015-16,202344,Trevor Booker,Trevor,1610612762,UTA,Utah Jazz,21501210,2016-04-11T00:00:00,UTA vs. DAL,L,23.9,0.0,0.0,2.0,6.0,7.0,9.0,2.0,18.0,1.0,0.0,3.0,0.0,17.4,1,13074,13074,13074,12619,12059,10158,4675,5299,12242,19144,4025,13577,2692,1,17641,18762,13595,1.0,23:56,2015,2016
2015-16,201586,Serge Ibaka,Serge,1610612760,OKC,Oklahoma City Thunder,21501209,2016-04-11T00:00:00,OKC vs. LAL,W,27.1,0.0,0.0,0.0,2.0,9.0,7.0,6.0,12.0,3.0,1.0,1.0,0.0,17.5,1,1,1,1,9897,12059,10158,9917,12984,15771,15642,13388,18637,347,17214,4972,18762,13528,1.0,27:08,2015,2016
2015-16,200782,P.J. Tucker,P.J.,1610612756,PHX,Phoenix Suns,21501211,2016-04-11T00:00:00,PHX vs. SAC,L,34.4,2.0,8.0,0.0,10.0,10.0,2.0,10.0,40.0,0.0,0.0,3.0,4.0,39.0,1,13074,13074,13074,4012,6026,137,9917,1840,17370,3734,20169,983,8004,1,17641,2748,2642,1.0,34:25,2015,2016
2015-16,2399,Mike Dunleavy,Mike,1610612741,CHI,Chicago Bulls,21501208,2016-04-11T00:00:00,CHI @ NOP,W,21.3,2.0,0.0,2.0,4.0,8.0,4.0,2.0,28.0,1.0,0.0,1.0,1.0,21.9,1,1,1,1,14763,6026,10158,4675,8599,13914,8458,4025,5824,2692,1,4972,12373,10460,1.0,21:19,2015,2016
2015-16,203935,Marcus Smart,Marcus,1610612738,BOS,Boston Celtics,21501205,2016-04-11T00:00:00,BOS vs. CHA,L,31.4,2.0,3.0,2.0,2.0,11.0,5.0,8.0,22.0,0.0,1.0,3.0,5.0,17.1,1,13074,13074,13074,6418,6026,3104,4675,12984,18886,11469,17194,10265,8004,17214,17641,1539,13791,1.0,31:21,2015,2016
2015-16,2406,Caron Butler,Caron,1610612758,SAC,Sacramento Kings,21501211,2016-04-11T00:00:00,SAC @ PHX,W,17.3,0.0,0.0,3.0,0.0,10.0,6.0,6.0,20.0,1.0,0.0,0.0,1.0,13.9,1,1,1,1,18046,12059,10158,3302,18861,17370,13237,13388,11929,2692,1,1,12373,16232,1.0,17:18,2015,2016
2015-16,203897,Zach LaVine,Zach,1610612750,MIN,Minnesota Timberwolves,21501207,2016-04-11T00:00:00,MIN vs. HOU,L,27.2,2.0,2.0,4.0,10.0,7.0,9.0,11.0,34.0,1.0,1.0,1.0,2.0,32.9,1,13074,13074,13074,9872,6026,4731,1913,1840,12242,19144,21342,2701,2692,17214,4972,7786,4566,1.0,27:10,2015,2016
2015-16,203482,Kelly Olynyk,Kelly,1610612738,BOS,Boston Celtics,21501205,2016-04-11T00:00:00,BOS vs. CHA,L,23.2,0.0,6.0,2.0,8.0,5.0,5.0,2.0,10.0,0.0,0.0,4.0,3.0,28.7,1,13074,13074,13074,13244,12059,481,4675,3109,8403,11469,4025,20209,8004,1,22104,4736,6514,1.0,23:09,2015,2016
2015-16,202711,Bojan Bogdanović,Bojan,1610612751,BKN,Brooklyn Nets,21501206,2016-04-11T00:00:00,BKN vs. WAS,L,30.3,5.0,3.0,9.0,10.0,11.0,9.0,24.0,44.0,0.0,0.0,2.0,2.0,28.5,1,13074,13074,13074,7305,1603,3104,184,1840,18886,19144,25937,454,8004,1,11390,7786,6613,1.0,30:15,2015,2016
2015-16,201150,Spencer Hawes,Spencer,1610612766,CHA,Charlotte Hornets,21501205,2016-04-11T00:00:00,CHA @ BOS,W,19.7,0.0,0.0,0.0,2.0,2.0,13.0,6.0,20.0,1.0,0.0,3.0,1.0,17.0,1,1,1,1,16182,12059,10158,9917,12984,2619,23668,13388,11929,2692,1,17641,12373,13855,1.0,19:40,2015,2016
2015-16,202388,Donald Sloan,Donald,1610612751,BKN,Brooklyn Nets,21501206,2016-04-11T00:00:00,BKN vs. WAS,L,18.8,3.0,0.0,2.0,4.0,2.0,4.0,16.0,24.0,0.0,0.0,2.0,0.0,17.4,1,13074,13074,13074,16895,4307,10158,4675,8599,2619,8458,24641,8723,8004,1,11390,18762,13595,1.0,18:46,2015,2016
2015-16,202738,Isaiah Thomas,Isaiah,1610612738,BOS,Boston Celtics,21501205,2016-04-11T00:00:00,BOS vs. CHA,L,20.8,2.0,2.0,2.0,8.0,6.0,3.0,4.0,28.0,0.0,2.0,3.0,5.0,22.4,1,13074,13074,13074,15223,6026,4731,4675,3109,10028,7138,8806,5824,8004,23588,17641,1539,10131,1.0,20:48,2015,2016
2015-16,1626145,Tyus Jones,Tyus,1610612750,MIN,Minnesota Timberwolves,21501207,2016-04-11T00:00:00,MIN vs. HOU,L,25.8,2.0,2.0,0.0,0.0,13.0,3.0,10.0,26.0,0.0,0.0,4.0,1.0,17.1,1,13074,13074,13074,11030,6026,4731,9917,18861,21300,7138,20169,7214,8004,1,22104,12373,13791,1.0,25:47,2015,2016
2015-16,203507,Giannis Antetokounmpo,Giannis,1610612749,MIL,Milwaukee Bucks,21501204,2016-04-11T00:00:00,MIL @ ORL,L,36.9,0.0,4.0,0.0,8.0,20.0,15.0,7.0,50.0,3.0,1.0,5.0,3.0,33.3,1,13074,13074,13074,2167,12059,1596,9917,3109,25338,24781,15538,107,347,17214,24686,4736,4423,1.0,36:52,2015,2016
2015-16,1626154,RJ Hunter,RJ,1610612738,BOS,Boston Celtics,21501205,2016-04-11T00:00:00,BOS vs. CHA,L,12.0,3.0,3.0,0.0,4.0,0.0,0.0,0.0,2.0,0.0,0.0,0.0,1.0,17.6,1,13074,13074,13074,21529,4307,3104,9917,8599,1,1,1,24614,8004,1,1,12373,13443,1.0,12:00,2015,2016
2015-16,202349,Greivis Vasquez,Greivis,1610612749,MIL,Milwaukee Bucks,21501204,2016-04-11T00:00:00,MIL @ ORL,L,16.8,0.0,5.0,0.0,0.0,6.0,1.0,3.0,10.0,0.0,0.0,3.0,0.0,14.1,1,13074,13074,13074,18435,12059,995,9917,18861,10028,3393,7328,20209,8004,1,17641,18762,16094,1.0,16:47,2015,2016
2015-16,202066,Garrett Temple,Garrett,1610612764,WAS,Washington Wizards,21501206,2016-04-11T00:00:00,WAS @ BKN,W,23.9,0.0,0.0,0.0,0.0,8.0,5.0,12.0,18.0,0.0,1.0,1.0,2.0,17.5,1,1,1,1,12665,12059,10158,9917,18861,13914,11469,22259,13577,8004,17214,4972,7786,13528,1.0,23:53,2015,2016
2015-16,1626171,Bobby Portis,Bobby,1610612741,CHI,Chicago Bulls,21501208,2016-04-11T00:00:00,CHI @ NOP,W,28.5,2.0,4.0,0.0,2.0,3.0,3.0,4.0,22.0,0.0,0.0,0.0,4.0,28.6,1,1,1,1,8824,6026,1596,9917,12984,5109,7138,8806,10265,8004,1,1,2748,6560,1.0,28:30,2015,2016
2015-16,201600,Omer Asik,Omer,1610612740,NOP,New Orleans Pelicans,21501208,2016-04-11T00:00:00,NOP vs. CHI,L,24.0,2.0,0.0,0.0,12.0,8.0,2.0,6.0,20.0,0.0,1.0,1.0,2.0,31.9,1,13074,13074,13074,12549,6026,10158,9917,988,13914,3734,13388,11929,8004,17214,4972,7786,4984,1.0,24:00,2015,2016
2015-16,203112,Quincy Acy,Quincy,1610612758,SAC,Sacramento Kings,21501211,2016-04-11T00:00:00,SAC @ PHX,W,16.1,0.0,3.0,0.0,4.0,10.0,6.0,4.0,18.0,2.0,0.0,2.0,4.0,17.7,1,1,1,1,18996,12059,3104,9917,8599,17370,13237,8806,13577,932,1,11390,2748,13380,1.0,16:03,2015,2016
2015-16,101114,Deron Williams,Deron,1610612742,DAL,Dallas Mavericks,21501210,2016-04-11T00:00:00,DAL @ UTA,W,36.8,6.0,0.0,4.0,10.0,4.0,4.0,11.0,44.0,0.0,0.0,2.0,4.0,37.8,1,1,1,1,2224,878,10158,1913,1840,6141,8458,21342,454,8004,1,11390,2748,2956,1.0,36:48,2015,2016
2015-16,203135,Robert Sacre,Robert,1610612747,LAL,Los Angeles Lakers,21501209,2016-04-11T00:00:00,LAL @ OKC,L,16.4,2.0,1.0,0.0,4.0,2.0,0.0,9.0,18.0,0.0,0.0,3.0,3.0,22.6,1,13074,13074,13074,18699,6026,9709,9917,8599,2619,1,18829,13577,8004,1,17641,4736,10000,1.0,16:26,2015,2016
2015-16,2744,Al Jefferson,Al,1610612766,CHA,Charlotte Hornets,21501205,2016-04-11T00:00:00,CHA @ BOS,W,27.1,0.0,0.0,0.0,12.0,14.0,10.0,8.0,18.0,1.0,1.0,5.0,1.0,38.2,1,1,1,1,9897,12059,10158,9917,988,22292,20509,17194,13577,2692,17214,24686,12373,2854,1.0,27:08,2015,2016
2015-16,203944,Julius Randle,Julius,1610612747,LAL,Los Angeles Lakers,21501209,2016-04-11T00:00:00,LAL @ OKC,L,27.1,2.0,0.0,0.0,4.0,15.0,11.0,28.0,34.0,0.0,2.0,1.0,1.0,28.6,1,13074,13074,13074,9974,6026,10158,9917,8599,23079,21814,26047,2701,8004,23588,4972,12373,6560,1.0,27:03,2015,2016
2015-16,1626178,Rondae Hollis-Jefferson,Rondae,1610612751,BKN,Brooklyn Nets,21501206,2016-04-11T00:00:00,BKN vs. WAS,L,23.2,0.0,4.0,4.0,4.0,4.0,10.0,11.0,20.0,3.0,0.0,2.0,3.0,39.2,1,13074,13074,13074,13196,12059,1596,1913,8599,6141,20509,21342,11929,347,1,11390,4736,2590,1.0,23:12,2015,2016
2015-16,2772,Trevor Ariza,Trevor,1610612745,HOU,Houston Rockets,21501207,2016-04-11T00:00:00,HOU @ MIN,W,28.7,7.0,0.0,7.0,8.0,9.0,4.0,13.0,36.0,0.0,1.0,3.0,1.0,31.8,1,1,1,1,8667,548,10158,454,3109,15771,8458,23048,1943,8004,17214,17641,12373,5041,1.0,28:41,2015,2016
2015-16,202330,Gordon Hayward,Gordon,1610612762,UTA,Utah Jazz,21501210,2016-04-11T00:00:00,UTA vs. DAL,L,39.9,4.0,0.0,5.0,18.0,17.0,9.0,4.0,30.0,1.0,1.0,2.0,5.0,39.2,1,13074,13074,13074,771,2460,10158,1277,131,24337,19144,8806,4541,2692,17214,11390,1539,2590,1.0,39:51,2015,2016
2015-16,203476,Gorgui Dieng,Gorgui,1610612750,MIN,Minnesota Timberwolves,21501207,2016-04-11T00:00:00,MIN vs. HOU,L,25.3,5.0,0.0,0.0,8.0,9.0,7.0,11.0,26.0,0.0,0.0,2.0,3.0,22.3,1,13074,13074,13074,11444,1603,10158,9917,3109,15771,15642,21342,7214,8004,1,11390,4736,10208,1.0,25:18,2015,2016
2015-16,203499,Shane Larkin,Shane,1610612751,BKN,Brooklyn Nets,21501206,2016-04-11T00:00:00,BKN vs. WAS,L,31.3,3.0,0.0,4.0,12.0,13.0,11.0,15.0,34.0,0.0,0.0,2.0,3.0,32.7,1,13074,13074,13074,6470,4307,10158,1913,988,21300,21814,24242,2701,8004,1,11390,4736,4649,1.0,31:18,2015,2016
2015-16,203471,Dennis Schröder,Dennis,1610612737,ATL,Atlanta Hawks,21501203,2016-04-11T00:00:00,ATL @ CLE,L,16.9,0.0,0.0,0.0,4.0,4.0,6.0,0.0,18.0,0.0,0.0,3.0,2.0,13.6,1,13074,13074,13074,18330,12059,10158,9917,8599,6141,13237,1,13577,8004,1,17641,7786,16460,1.0,16:56,2015,2016
2015-16,203096,Jared Sullinger,Jared,1610612738,BOS,Boston Celtics,21501205,2016-04-11T00:00:00,BOS vs. CHA,L,16.6,0.0,2.0,0.0,4.0,5.0,3.0,2.0,20.0,0.0,0.0,0.0,1.0,15.1,1,13074,13074,13074,18545,12059,4731,9917,8599,8403,7138,4025,11929,8004,1,1,12373,15328,1.0,16:38,2015,2016
2015-16,977,Kobe Bryant,Kobe,1610612747,LAL,Los Angeles Lakers,21501209,2016-04-11T00:00:00,LAL @ OKC,L,19.0,3.0,0.0,6.0,0.0,10.0,13.0,19.0,24.0,0.0,1.0,2.0,1.0,15.2,1,13074,13074,13074,16734,4307,10158,740,18861,17370,23668,25435,8723,8004,17214,11390,12373,15219,1.0,18:57,2015,2016
2015-16,101107,Marvin Williams,Marvin,1610612766,CHA,Charlotte Hornets,21501205,2016-04-11T00:00:00,CHA @ BOS,W,28.8,0.0,3.0,0.0,2.0,14.0,12.0,10.0,22.0,2.0,0.0,1.0,1.0,26.7,1,1,1,1,8572,12059,3104,9917,12984,22292,22832,20169,10265,932,1,4972,12373,7525,1.0,28:46,2015,2016
2015-16,202340,Avery Bradley,Avery,1610612738,BOS,Boston Celtics,21501205,2016-04-11T00:00:00,BOS vs. CHA,L,24.4,7.0,3.0,0.0,2.0,2.0,6.0,2.0,22.0,0.0,1.0,4.0,0.0,19.9,1,13074,13074,13074,12221,548,3104,9917,12984,2619,13237,4025,10265,8004,17214,22104,18762,11824,1.0,24:23,2015,2016
2015-16,202700,Donatas Motiejunas,Donatas,1610612745,HOU,Houston Rockets,21501207,2016-04-11T00:00:00,HOU @ MIN,W,19.2,0.0,2.0,0.0,4.0,8.0,2.0,8.0,22.0,0.0,0.0,2.0,2.0,20.3,1,1,1,1,16559,12059,4731,9917,8599,13914,3734,17194,10265,8004,1,11390,7786,11534,1.0,19:10,2015,2016
2015-16,203940,Adreian Payne,Adreian,1610612750,MIN,Minnesota Timberwolves,21501207,2016-04-11T00:00:00,MIN vs. HOU,L,9.2,0.0,2.0,0.0,4.0,6.0,2.0,2.0,6.0,0.0,0.0,1.0,4.0,19.8,1,13074,13074,13074,22773,12059,4731,9917,8599,10028,3734,4025,22724,8004,1,4972,2748,11883,1.0,9:10,2015,2016
2015-16,1626273,Marcelo Huertas,Marcelo,1610612747,LAL,Los Angeles Lakers,21501209,2016-04-11T00:00:00,LAL @ OKC,L,27.6,2.0,0.0,0.0,2.0,11.0,2.0,8.0,26.0,0.0,2.0,2.0,1.0,20.3,1,13074,13074,13074,9571,6026,10158,9917,12984,18886,3734,17194,7214,8004,23588,11390,12373,11534,1.0,27:33,2015,2016
2015-16,200794,Paul Millsap,Paul,1610612737,ATL,Atlanta Hawks,21501203,2016-04-11T00:00:00,ATL @ CLE,L,30.9,1.0,0.0,1.0,4.0,20.0,5.0,7.0,32.0,3.0,1.0,3.0,4.0,30.1,1,13074,13074,13074,6775,11535,10158,9347,8599,25338,11469,15538,3535,347,17214,17641,2748,5794,1.0,30:56,2015,2016
2015-16,201962,Toney Douglas,Toney,1610612740,NOP,New Orleans Pelicans,21501208,2016-04-11T00:00:00,NOP vs. CHI,L,33.1,4.0,0.0,2.0,8.0,4.0,4.0,3.0,24.0,0.0,0.0,1.0,1.0,30.9,1,13074,13074,13074,5044,2460,10158,4675,3109,6141,8458,7328,8723,8004,1,4972,12373,5452,1.0,33:06,2015,2016
2015-16,201585,Kosta Koufos,Kosta,1610612758,SAC,Sacramento Kings,21501211,2016-04-11T00:00:00,SAC @ PHX,W,34.8,1.0,0.0,0.0,16.0,19.0,13.0,8.0,38.0,2.0,0.0,4.0,5.0,41.6,1,1,1,1,3717,11535,10158,9917,275,25074,23668,17194,1422,932,1,22104,1539,2021,1.0,34:46,2015,2016
2015-16,101141,Ersan Ilyasova,Ersan,1610612753,ORL,Orlando Magic,21501204,2016-04-11T00:00:00,ORL vs. MIL,W,37.0,4.0,2.0,2.0,14.0,10.0,11.0,2.0,50.0,3.0,0.0,3.0,1.0,42.7,1,1,1,1,2077,2460,4731,4675,542,17370,21814,4025,107,347,1,17641,12373,1800,1.0,37:00,2015,2016
2015-16,201160,Jason Smith,Jason,1610612753,ORL,Orlando Magic,21501204,2016-04-11T00:00:00,ORL vs. MIL,W,29.2,2.0,0.0,0.0,2.0,6.0,10.0,6.0,32.0,4.0,1.0,1.0,2.0,42.7,1,1,1,1,8251,6026,10158,9917,12984,10028,20509,13388,3535,132,17214,4972,7786,1800,1.0,29:10,2015,2016
2015-16,203898,Tyler Ennis,Tyler,1610612749,MIL,Milwaukee Bucks,21501204,2016-04-11T00:00:00,MIL @ ORL,L,23.6,0.0,0.0,0.0,8.0,6.0,4.0,6.0,18.0,0.0,0.0,3.0,1.0,12.4,1,13074,13074,13074,12899,12059,10158,9917,3109,10028,8458,13388,13577,8004,1,17641,12373,17418,1.0,23:36,2015,2016
2015-16,203460,Andre Roberson,Andre,1610612760,OKC,Oklahoma City Thunder,21501209,2016-04-11T00:00:00,OKC vs. LAL,W,18.4,2.0,3.0,4.0,4.0,5.0,2.0,6.0,4.0,0.0,0.0,1.0,0.0,11.8,1,1,1,1,17200,6026,3104,1913,8599,8403,3734,13388,23698,8004,1,4972,18762,17832,1.0,18:23,2015,2016
2015-16,203156,Henry Sims,Henry,1610612751,BKN,Brooklyn Nets,21501206,2016-04-11T00:00:00,BKN vs. WAS,L,29.7,0.0,2.0,0.0,4.0,9.0,5.0,21.0,32.0,2.0,0.0,4.0,3.0,27.1,1,13074,13074,13074,7792,12059,4731,9917,8599,15771,11469,25725,3535,932,1,22104,4736,7339,1.0,29:44,2015,2016
2015-16,203501,Tim Hardaway Jr.,Tim,1610612737,ATL,Atlanta Hawks,21501203,2016-04-11T00:00:00,ATL @ CLE,L,17.0,2.0,0.0,4.0,4.0,4.0,6.0,0.0,16.0,0.0,0.0,0.0,0.0,11.9,1,13074,13074,13074,18243,6026,10158,1913,8599,6141,13237,1,15259,8004,1,1,18762,17760,1.0,17:02,2015,2016
2015-16,1626168,Trey Lyles,Trey,1610612762,UTA,Utah Jazz,21501210,2016-04-11T00:00:00,UTA vs. DAL,L,23.4,0.0,0.0,0.0,2.0,10.0,2.0,2.0,16.0,0.0,0.0,1.0,2.0,15.7,1,13074,13074,13074,13025,12059,10158,9917,12984,17370,3734,4025,15259,8004,1,4972,7786,14841,1.0,23:26,2015,2016
2015-16,201581,JJ Hickson,JJ,1610612764,WAS,Washington Wizards,21501206,2016-04-11T00:00:00,WAS @ BKN,W,24.1,2.0,3.0,4.0,12.0,8.0,5.0,14.0,18.0,1.0,2.0,1.0,3.0,26.2,1,1,1,1,12491,6026,3104,1913,988,13914,11469,23710,13577,2692,23588,4972,4736,7785,1.0,24:04,2015,2016
2015-16,201143,Al Horford,Al,1610612737,ATL,Atlanta Hawks,21501203,2016-04-11T00:00:00,ATL @ CLE,L,33.1,2.0,2.0,0.0,14.0,15.0,5.0,7.0,30.0,1.0,0.0,2.0,1.0,41.2,1,13074,13074,13074,5079,6026,4731,9917,542,23079,11469,15538,4541,2692,1,11390,12373,2099,1.0,33:03,2015,2016
2015-16,203500,Steven Adams,Steven,1610612760,OKC,Oklahoma City Thunder,21501209,2016-04-11T00:00:00,OKC vs. LAL,W,24.8,6.0,6.0,2.0,12.0,7.0,7.0,6.0,12.0,1.0,0.0,2.0,5.0,43.0,1,1,1,1,11878,878,481,4675,988,12242,15642,13388,18637,2692,1,11390,1539,1733,1.0,24:45,2015,2016
2015-16,1626156,D'Angelo Russell,D'Angelo,1610612747,LAL,Los Angeles Lakers,21501209,2016-04-11T00:00:00,LAL @ OKC,L,33.8,0.0,2.0,0.0,6.0,17.0,13.0,30.0,42.0,0.0,2.0,1.0,5.0,12.4,1,13074,13074,13074,4521,12059,4731,9917,5299,24337,23668,26060,670,8004,23588,4972,1539,17418,1.0,33:47,2015,2016
2015-16,201166,Aaron Brooks,Aaron,1610612741,CHI,Chicago Bulls,21501208,2016-04-11T00:00:00,CHI @ NOP,W,20.1,0.0,0.0,3.0,0.0,3.0,3.0,4.0,14.0,1.0,0.0,4.0,2.0,12.2,1,1,1,1,15816,12059,10158,3302,18861,5109,7138,8806,17019,2692,1,22104,7786,17566,1.0,20:07,2015,2016
2015-16,201952,Jeff Teague,Jeff,1610612737,ATL,Atlanta Hawks,21501203,2016-04-11T00:00:00,ATL @ CLE,L,31.1,2.0,0.0,0.0,16.0,16.0,5.0,7.0,26.0,0.0,0.0,2.0,2.0,31.5,1,13074,13074,13074,6616,6026,10158,9917,275,23774,11469,15538,7214,8004,1,11390,7786,5180,1.0,31:08,2015,2016
2015-16,202710,Jimmy Butler III,Jimmy,1610612741,CHI,Chicago Bulls,21501208,2016-04-11T00:00:00,CHI @ NOP,W,29.0,0.0,2.0,0.0,8.0,8.0,4.0,2.0,40.0,1.0,1.0,1.0,5.0,42.1,1,1,1,1,8355,12059,4731,9917,3109,13914,8458,4025,983,2692,17214,4972,1539,1910,1.0,29:01,2015,2016
2015-16,201935,James Harden,James,1610612745,HOU,Houston Rockets,21501207,2016-04-11T00:00:00,HOU @ MIN,W,31.7,3.0,3.0,2.0,8.0,9.0,4.0,13.0,36.0,0.0,1.0,0.0,4.0,41.2,1,1,1,1,6169,4307,3104,4675,3109,15771,8458,23048,1943,8004,17214,1,2748,2099,1.0,31:40,2015,2016
2015-16,203521,Matthew Dellavedova,Matthew,1610612739,CLE,Cleveland Cavaliers,21501203,2016-04-11T00:00:00,CLE vs. ATL,W,20.4,0.0,0.0,0.0,6.0,10.0,7.0,4.0,18.0,0.0,0.0,2.0,2.0,15.7,1,1,1,1,15599,12059,10158,9917,5299,17370,15642,8806,13577,8004,1,11390,7786,14841,1.0,20:22,2015,2016
2015-16,202357,Nemanja Bjelica,Nemanja,1610612750,MIN,Minnesota Timberwolves,21501207,2016-04-11T00:00:00,MIN vs. HOU,L,29.2,0.0,2.0,2.0,4.0,13.0,5.0,12.0,32.0,0.0,1.0,5.0,5.0,27.3,1,13074,13074,13074,8222,12059,4731,4675,8599,21300,11469,22259,3535,8004,17214,24686,1539,7236,1.0,29:12,2015,2016
2015-16,202703,Nikola Mirotic,Nikola,1610612741,CHI,Chicago Bulls,21501208,2016-04-11T00:00:00,CHI @ NOP,W,37.2,2.0,2.0,0.0,6.0,10.0,7.0,6.0,44.0,0.0,0.0,3.0,4.0,31.3,1,1,1,1,1995,6026,4731,9917,5299,17370,15642,13388,454,8004,1,17641,2748,5258,1.0,37:09,2015,2016
2015-16,203497,Rudy Gobert,Rudy,1610612762,UTA,Utah Jazz,21501210,2016-04-11T00:00:00,UTA vs. DAL,L,11.8,0.0,2.0,0.0,0.0,10.0,0.0,4.0,8.0,0.0,0.0,0.0,2.0,12.2,1,13074,13074,13074,21691,12059,4731,9917,18861,17370,1,8806,21543,8004,1,1,7786,17566,1.0,11:48,2015,2016
2015-16,203145,Kent Bazemore,Kent,1610612737,ATL,Atlanta Hawks,21501203,2016-04-11T00:00:00,ATL @ CLE,L,26.5,9.0,5.0,8.0,4.0,14.0,5.0,7.0,22.0,1.0,3.0,3.0,2.0,40.7,1,13074,13074,13074,10436,171,995,280,8599,22292,11469,15538,10265,2692,25441,17641,7786,2199,1.0,26:31,2015,2016
2015-16,203991,Clint Capela,Clint,1610612745,HOU,Houston Rockets,21501207,2016-04-11T00:00:00,HOU @ MIN,W,15.6,0.0,2.0,0.0,10.0,0.0,2.0,10.0,14.0,1.0,0.0,2.0,1.0,27.0,1,1,1,1,19356,12059,4731,9917,1840,1,3734,20169,17019,2692,1,11390,12373,7385,1.0,15:35,2015,2016
2015-16,203962,Josh Huestis,Josh,1610612760,OKC,Oklahoma City Thunder,21501209,2016-04-11T00:00:00,OKC vs. LAL,W,8.0,0.0,0.0,0.0,0.0,2.0,2.0,3.0,4.0,0.0,0.0,1.0,0.0,2.4,1,1,1,1,23174,12059,10158,9917,18861,2619,3734,7328,23698,8004,1,4972,18762,24024,1.0,8:01,2015,2016
2015-16,201627,Anthony Morrow,Anthony,1610612760,OKC,Oklahoma City Thunder,21501209,2016-04-11T00:00:00,OKC vs. LAL,W,14.0,0.0,0.0,3.0,2.0,4.0,7.0,3.0,12.0,1.0,0.0,1.0,0.0,16.6,1,1,1,1,20407,12059,10158,3302,12984,6141,15642,7328,18637,2692,1,4972,18762,14125,1.0,14:00,2015,2016
2015-16,1626163,Frank Kaminsky,Frank,1610612766,CHA,Charlotte Hornets,21501205,2016-04-11T00:00:00,CHA @ BOS,W,19.2,0.0,2.0,0.0,2.0,5.0,11.0,4.0,20.0,1.0,0.0,1.0,3.0,20.9,1,1,1,1,16501,12059,4731,9917,12984,8403,21814,8806,11929,2692,1,4972,4736,11132,1.0,19:14,2015,2016
2015-16,202323,Evan Turner,Evan,1610612738,BOS,Boston Celtics,21501205,2016-04-11T00:00:00,BOS vs. CHA,L,30.2,0.0,4.0,4.0,8.0,11.0,5.0,8.0,20.0,0.0,3.0,3.0,1.0,20.9,1,13074,13074,13074,7336,12059,1596,1913,3109,18886,11469,17194,11929,8004,25441,17641,12373,11132,1.0,30:13,2015,2016
2015-16,2210,Richard Jefferson,Richard,1610612739,CLE,Cleveland Cavaliers,21501203,2016-04-11T00:00:00,CLE vs. ATL,W,23.6,0.0,2.0,0.0,2.0,10.0,7.0,4.0,20.0,0.0,0.0,1.0,1.0,8.2,1,1,1,1,12920,12059,4731,9917,12984,17370,15642,8806,11929,8004,1,4972,12373,20416,1.0,23:34,2015,2016
2015-16,2747,JR Smith,JR,1610612739,CLE,Cleveland Cavaliers,21501203,2016-04-11T00:00:00,CLE vs. ATL,W,32.3,2.0,0.0,0.0,2.0,9.0,0.0,11.0,30.0,0.0,0.0,1.0,0.0,2.2,1,1,1,1,5676,6026,10158,9917,12984,15771,1,21342,4541,8004,1,4972,18762,24138,1.0,32:16,2015,2016
2015-16,203952,Andrew Wiggins,Andrew,1610612750,MIN,Minnesota Timberwolves,21501207,2016-04-11T00:00:00,MIN vs. HOU,L,26.7,0.0,0.0,2.0,4.0,9.0,9.0,11.0,34.0,0.0,0.0,3.0,3.0,16.7,1,13074,13074,13074,10261,12059,10158,4675,8599,15771,19144,21342,2701,8004,1,17641,4736,14064,1.0,26:43,2015,2016
2015-16,203926,Doug McDermott,Doug,1610612741,CHI,Chicago Bulls,21501208,2016-04-11T00:00:00,CHI @ NOP,W,24.1,2.0,2.0,0.0,8.0,3.0,3.0,4.0,22.0,0.0,1.0,1.0,1.0,20.8,1,1,1,1,12442,6026,4731,9917,3109,5109,7138,8806,10265,8004,17214,4972,12373,11195,1.0,24:07,2015,2016
2015-16,2550,Kirk Hinrich,Kirk,1610612737,ATL,Atlanta Hawks,21501203,2016-04-11T00:00:00,ATL @ CLE,L,5.1,0.0,0.0,0.0,0.0,0.0,6.0,0.0,4.0,0.0,0.0,0.0,0.0,2.7,1,13074,13074,13074,24334,12059,10158,9917,18861,1,13237,1,23698,8004,1,1,18762,23884,1.0,5:05,2015,2016
2015-16,202714,Shelvin Mack,Shelvin,1610612762,UTA,Utah Jazz,21501210,2016-04-11T00:00:00,UTA vs. DAL,L,35.2,0.0,0.0,4.0,12.0,12.0,9.0,2.0,26.0,0.0,0.0,4.0,2.0,21.4,1,13074,13074,13074,3357,12059,10158,1913,988,20178,19144,4025,7214,8004,1,22104,7786,10807,1.0,35:14,2015,2016
2015-16,101109,Raymond Felton,Raymond,1610612742,DAL,Dallas Mavericks,21501210,2016-04-11T00:00:00,DAL @ UTA,W,25.3,0.0,0.0,0.0,4.0,4.0,3.0,9.0,28.0,0.0,0.0,4.0,3.0,17.8,1,1,1,1,11457,12059,10158,9917,8599,6141,7138,18829,5824,8004,1,22104,4736,13309,1.0,25:17,2015,2016
2015-16,2594,Kyle Korver,Kyle,1610612737,ATL,Atlanta Hawks,21501203,2016-04-11T00:00:00,ATL @ CLE,L,32.1,3.0,0.0,0.0,0.0,18.0,5.0,7.0,30.0,0.0,0.0,2.0,0.0,8.5,1,13074,13074,13074,5770,4307,10158,9917,18861,24749,11469,15538,4541,8004,1,11390,18762,20215,1.0,32:08,2015,2016
2015-16,204067,Jarell Eddie,Jarell,1610612764,WAS,Washington Wizards,21501206,2016-04-11T00:00:00,WAS @ BKN,W,20.7,0.0,0.0,0.0,0.0,8.0,5.0,8.0,20.0,0.0,1.0,0.0,0.0,16.3,1,1,1,1,15301,12059,10158,9917,18861,13914,11469,17194,11929,8004,17214,1,18762,14372,1.0,20:43,2015,2016
2015-16,201961,Wayne Ellington,Wayne,1610612751,BKN,Brooklyn Nets,21501206,2016-04-11T00:00:00,BKN vs. WAS,L,23.9,2.0,3.0,2.0,2.0,11.0,7.0,16.0,34.0,0.0,0.0,1.0,0.0,16.4,1,13074,13074,13074,12665,6026,3104,4675,12984,18886,15642,24641,2701,8004,1,4972,18762,14289,1.0,23:53,2015,2016
2015-16,203079,Dion Waiters,Dion,1610612760,OKC,Oklahoma City Thunder,21501209,2016-04-11T00:00:00,OKC vs. LAL,W,16.8,5.0,0.0,2.0,2.0,4.0,2.0,0.0,8.0,1.0,0.0,1.0,2.0,18.2,1,1,1,1,18459,1603,10158,4675,12984,6141,3734,1,21543,2692,1,4972,7786,13004,1.0,16:45,2015,2016
2015-16,2555,Nick Collison,Nick,1610612760,OKC,Oklahoma City Thunder,21501209,2016-04-11T00:00:00,OKC vs. LAL,W,12.5,0.0,0.0,0.0,2.0,2.0,4.0,3.0,8.0,1.0,0.0,1.0,1.0,8.5,1,1,1,1,21300,12059,10158,9917,12984,2619,8458,7328,21543,2692,1,4972,12373,20215,1.0,12:27,2015,2016
2015-16,203918,Rodney Hood,Rodney,1610612762,UTA,Utah Jazz,21501210,2016-04-11T00:00:00,UTA vs. DAL,L,34.0,0.0,0.0,0.0,0.0,12.0,11.0,2.0,22.0,0.0,0.0,3.0,2.0,18.3,1,13074,13074,13074,4372,12059,10158,9917,18861,20178,21814,4025,10265,8004,1,17641,7786,12952,1.0,33:58,2015,2016
2015-16,101112,Channing Frye,Channing,1610612739,CLE,Cleveland Cavaliers,21501203,2016-04-11T00:00:00,CLE vs. ATL,W,15.5,0.0,0.0,0.0,2.0,10.0,7.0,2.0,16.0,1.0,0.0,2.0,0.0,8.4,1,1,1,1,19386,12059,10158,9917,12984,17370,15642,4025,15259,2692,1,11390,18762,20273,1.0,15:32,2015,2016
2015-16,204060,Joe Ingles,Joe,1610612762,UTA,Utah Jazz,21501210,2016-04-11T00:00:00,UTA vs. DAL,L,21.5,3.0,0.0,0.0,0.0,5.0,4.0,2.0,18.0,0.0,0.0,3.0,1.0,16.4,1,13074,13074,13074,14601,4307,10158,9917,18861,8403,8458,4025,13577,8004,1,17641,12373,14289,1.0,21:29,2015,2016
2015-16,2570,Kendrick Perkins,Kendrick,1610612740,NOP,New Orleans Pelicans,21501208,2016-04-11T00:00:00,NOP vs. CHI,L,16.5,0.0,0.0,0.0,0.0,4.0,8.0,3.0,16.0,1.0,0.0,2.0,0.0,8.3,1,13074,13074,13074,18652,12059,10158,9917,18861,6141,17345,7328,15259,2692,1,11390,18762,20376,1.0,16:30,2015,2016
2015-16,202337,Luke Babbitt,Luke,1610612740,NOP,New Orleans Pelicans,21501208,2016-04-11T00:00:00,NOP vs. CHI,L,34.7,0.0,4.0,0.0,2.0,10.0,8.0,4.0,34.0,0.0,0.0,3.0,3.0,16.0,1,13074,13074,13074,3744,12059,1596,9917,12984,17370,17345,8806,2701,8004,1,17641,4736,14590,1.0,34:44,2015,2016
2015-16,201147,Corey Brewer,Corey,1610612745,HOU,Houston Rockets,21501207,2016-04-11T00:00:00,HOU @ MIN,W,14.8,0.0,0.0,2.0,2.0,4.0,0.0,3.0,10.0,1.0,0.0,1.0,1.0,16.2,1,1,1,1,19916,12059,10158,4675,12984,6141,1,7328,20209,2692,1,4972,12373,14436,1.0,14:46,2015,2016
2015-16,204028,Tarik Black,Tarik,1610612747,LAL,Los Angeles Lakers,21501209,2016-04-11T00:00:00,LAL @ OKC,L,11.3,0.0,2.0,0.0,2.0,2.0,2.0,2.0,12.0,0.0,0.0,3.0,1.0,8.1,1,13074,13074,13074,21894,12059,4731,9917,12984,2619,3734,4025,18637,8004,1,17641,12373,20521,1.0,11:20,2015,2016
2015-16,203903,Jordan Clarkson,Jordan,1610612747,LAL,Los Angeles Lakers,21501209,2016-04-11T00:00:00,LAL @ OKC,L,34.7,0.0,2.0,0.0,2.0,10.0,11.0,26.0,40.0,0.0,3.0,2.0,3.0,16.4,1,13074,13074,13074,3808,12059,4731,9917,12984,17370,21814,26007,983,8004,25441,11390,4736,14289,1.0,34:40,2015,2016
2015-16,101187,Alan Anderson,Alan,1610612764,WAS,Washington Wizards,21501206,2016-04-11T00:00:00,WAS @ BKN,W,17.8,0.0,0.0,0.0,2.0,7.0,3.0,18.0,20.0,0.0,3.0,2.0,0.0,8.5,1,1,1,1,17694,12059,10158,9917,12984,12242,7138,25228,11929,8004,25441,11390,18762,20215,1.0,17:46,2015,2016
2015-16,203503,Tony Snell,Tony,1610612741,CHI,Chicago Bulls,21501208,2016-04-11T00:00:00,CHI @ NOP,W,25.9,2.0,0.0,4.0,0.0,7.0,3.0,6.0,18.0,0.0,0.0,2.0,2.0,18.1,1,1,1,1,10896,6026,10158,1913,18861,12242,7138,13388,13577,8004,1,11390,7786,13090,1.0,25:56,2015,2016
2015-16,202726,Andrew Goudelock,Andrew,1610612745,HOU,Houston Rockets,21501207,2016-04-11T00:00:00,HOU @ MIN,W,5.5,0.0,0.0,0.0,0.0,5.0,4.0,3.0,8.0,0.0,0.0,0.0,0.0,1.0,1,1,1,1,24165,12059,10158,9917,18861,8403,8458,7328,21543,8004,1,1,18762,24960,1.0,5:29,2015,2016
2015-16,2419,Tayshaun Prince,Tayshaun,1610612750,MIN,Minnesota Timberwolves,21501207,2016-04-11T00:00:00,MIN vs. HOU,L,12.9,0.0,0.0,0.0,0.0,6.0,1.0,4.0,16.0,0.0,0.0,0.0,0.0,5.9,1,13074,13074,13074,21038,12059,10158,9917,18861,10028,3393,8806,15259,8004,1,1,18762,21953,1.0,12:53,2015,2016
2015-16,1626147,Justin Anderson,Justin,1610612742,DAL,Dallas Mavericks,21501210,2016-04-11T00:00:00,DAL @ UTA,W,14.2,0.0,2.0,0.0,4.0,2.0,3.0,5.0,18.0,1.0,0.0,1.0,0.0,10.6,1,1,1,1,20256,12059,4731,9917,8599,2619,7138,11593,13577,2692,1,4972,18762,18723,1.0,14:15,2015,2016
2015-16,203094,Andrew Nicholson,Andrew,1610612753,ORL,Orlando Magic,21501204,2016-04-11T00:00:00,ORL vs. MIL,W,11.0,0.0,0.0,0.0,0.0,2.0,7.0,4.0,10.0,0.0,0.0,2.0,0.0,1.4,1,1,1,1,22028,12059,10158,9917,18861,2619,15642,8806,20209,8004,1,11390,18762,24615,1.0,11:00,2015,2016
2015-16,203092,Tyler Zeller,Tyler,1610612738,BOS,Boston Celtics,21501205,2016-04-11T00:00:00,BOS vs. CHA,L,6.5,0.0,0.0,0.0,0.0,0.0,0.0,2.0,4.0,0.0,0.0,0.0,0.0,1.2,1,13074,13074,13074,23749,12059,10158,9917,18861,1,1,4025,23698,8004,1,1,18762,24661,1.0,6:30,2015,2016
2015-16,2734,Devin Harris,Devin,1610612742,DAL,Dallas Mavericks,21501210,2016-04-11T00:00:00,DAL @ UTA,W,7.3,0.0,0.0,0.0,0.0,3.0,0.0,0.0,4.0,0.0,0.0,0.0,1.0,6.4,1,1,1,1,23470,12059,10158,9917,18861,5109,1,1,23698,8004,1,1,12373,21589,1.0,7:17,2015,2016
2015-16,2743,Kris Humphries,Kris,1610612737,ATL,Atlanta Hawks,21501203,2016-04-11T00:00:00,ATL @ CLE,L,11.4,0.0,0.0,0.0,0.0,0.0,6.0,0.0,8.0,0.0,0.0,0.0,1.0,5.9,1,13074,13074,13074,21862,12059,10158,9917,18861,1,13237,1,21543,8004,1,1,12373,21953,1.0,11:25,2015,2016
2015-16,1626257,Salah Mejri,Salah,1610612742,DAL,Dallas Mavericks,21501210,2016-04-11T00:00:00,DAL @ UTA,W,16.1,0.0,0.0,0.0,6.0,3.0,3.0,0.0,6.0,0.0,1.0,2.0,1.0,11.1,1,1,1,1,18993,12059,10158,9917,5299,5109,7138,1,22724,8004,17214,11390,12373,18370,1.0,16:04,2015,2016
2015-16,201973,Jonas Jerebko,Jonas,1610612738,BOS,Boston Celtics,21501205,2016-04-11T00:00:00,BOS vs. CHA,L,24.6,0.0,0.0,0.0,2.0,4.0,5.0,4.0,16.0,0.0,0.0,0.0,1.0,10.8,1,13074,13074,13074,11990,12059,10158,9917,12984,6141,11469,8806,15259,8004,1,1,12373,18579,1.0,24:38,2015,2016
2015-16,1626210,Alan Williams,Alan,1610612756,PHX,Phoenix Suns,21501211,2016-04-11T00:00:00,PHX vs. SAC,L,8.7,0.0,0.0,0.0,2.0,4.0,0.0,5.0,8.0,0.0,2.0,0.0,2.0,11.2,1,13074,13074,13074,22950,12059,10158,9917,12984,6141,1,11593,21543,8004,23588,1,7786,18267,1.0,8:43,2015,2016
2015-16,203268,Jorge Gutierrez,Jorge,1610612766,CHA,Charlotte Hornets,21501205,2016-04-11T00:00:00,CHA @ BOS,W,1.2,0.0,0.0,0.0,0.0,3.0,0.0,0.0,4.0,0.0,0.0,0.0,0.0,1.5,1,1,1,1,25793,12059,10158,9917,18861,5109,1,1,23698,8004,1,1,18762,24473,1.0,1:12,2015,2016
2015-16,203584,Troy Daniels,Troy,1610612766,CHA,Charlotte Hornets,21501205,2016-04-11T00:00:00,CHA @ BOS,W,16.7,0.0,0.0,0.0,0.0,5.0,11.0,4.0,20.0,0.0,0.0,2.0,0.0,11.2,1,1,1,1,18473,12059,10158,9917,18861,8403,21814,8806,11929,8004,1,11390,18762,18267,1.0,16:44,2015,2016
2015-16,201584,Courtney Lee,Courtney,1610612766,CHA,Charlotte Hornets,21501205,2016-04-11T00:00:00,CHA @ BOS,W,32.7,0.0,0.0,0.0,2.0,11.0,13.0,12.0,32.0,0.0,0.0,2.0,1.0,10.6,1,1,1,1,5315,12059,10158,9917,12984,18886,23668,22259,3535,8004,1,11390,12373,18723,1.0,32:44,2015,2016
2015-16,203098,John Jenkins,John,1610612756,PHX,Phoenix Suns,21501211,2016-04-11T00:00:00,PHX vs. SAC,L,19.5,2.0,0.0,0.0,0.0,8.0,3.0,11.0,24.0,0.0,1.0,2.0,0.0,5.7,1,13074,13074,13074,16329,6026,10158,9917,18861,13914,7138,21342,8723,8004,17214,11390,18762,22054,1.0,19:29,2015,2016
2015-16,1626173,Rashad Vaughn,Rashad,1610612749,MIL,Milwaukee Bucks,21501204,2016-04-11T00:00:00,MIL @ ORL,L,28.2,0.0,1.0,0.0,2.0,13.0,13.0,7.0,36.0,1.0,0.0,2.0,1.0,6.0,1,13074,13074,13074,9076,12059,9709,9917,12984,21300,23668,15538,1943,2692,1,11390,12373,21878,1.0,28:12,2015,2016
2015-16,201946,Tyler Hansbrough,Tyler,1610612766,CHA,Charlotte Hornets,21501205,2016-04-11T00:00:00,CHA @ BOS,W,1.2,0.0,0.0,0.0,0.0,3.0,0.0,0.0,4.0,0.0,0.0,1.0,0.0,1.2,1,1,1,1,25793,12059,10158,9917,18861,5109,1,1,23698,8004,1,4972,18762,24661,1.0,1:12,2015,2016
2015-16,203118,Mike Scott,Mike,1610612737,ATL,Atlanta Hawks,21501203,2016-04-11T00:00:00,ATL @ CLE,L,11.8,0.0,0.0,0.0,0.0,5.0,0.0,0.0,14.0,0.0,0.0,1.0,0.0,1.5,1,13074,13074,13074,21684,12059,10158,9917,18861,8403,1,1,17019,8004,1,4972,18762,24473,1.0,11:48,2015,2016
2015-16,202692,Alec Burks,Alec,1610612762,UTA,Utah Jazz,21501210,2016-04-11T00:00:00,UTA vs. DAL,L,10.6,0.0,0.0,0.0,0.0,5.0,0.0,2.0,8.0,0.0,0.0,0.0,0.0,11.6,1,13074,13074,13074,22180,12059,10158,9917,18861,8403,1,4025,21543,8004,1,1,18762,17970,1.0,10:38,2015,2016
2015-16,203473,Dewayne Dedmon,Dewayne,1610612753,ORL,Orlando Magic,21501204,2016-04-11T00:00:00,ORL vs. MIL,W,18.8,4.0,6.0,2.0,12.0,6.0,8.0,0.0,28.0,3.0,1.0,4.0,4.0,44.6,1,1,1,1,16835,2460,481,4675,988,10028,17345,1,5824,347,17214,22104,2748,1438,1.0,18:51,2015,2016
2015-16,202681,Kyrie Irving,Kyrie,1610612739,CLE,Cleveland Cavaliers,21501203,2016-04-11T00:00:00,CLE vs. ATL,W,40.2,4.0,2.0,2.0,10.0,13.0,4.0,13.0,44.0,1.0,2.0,2.0,2.0,50.3,1,1,1,1,672,2460,4731,4675,1840,21300,8458,23048,454,2692,23588,11390,7786,722,1.0,40:13,2015,2016
2015-16,1717,Dirk Nowitzki,Dirk,1610612742,DAL,Dallas Mavericks,21501210,2016-04-11T00:00:00,DAL @ UTA,W,31.7,6.0,3.0,0.0,2.0,5.0,6.0,7.0,30.0,1.0,0.0,0.0,3.0,44.7,1,1,1,1,6166,878,3104,9917,12984,8403,13237,15538,4541,2692,1,1,4736,1419,1.0,31:40,2015,2016
2015-16,1626161,Willie Cauley-Stein,Willie,1610612758,SAC,Sacramento Kings,21501211,2016-04-11T00:00:00,SAC @ PHX,W,39.2,2.0,0.0,4.0,8.0,23.0,13.0,6.0,42.0,1.0,1.0,2.0,2.0,29.9,1,1,1,1,1002,6026,10158,1913,3109,25803,23668,13388,670,2692,17214,11390,7786,5884,1.0,39:10,2015,2016
2015-16,203930,Sean Kilpatrick,Sean,1610612751,BKN,Brooklyn Nets,21501206,2016-04-11T00:00:00,BKN vs. WAS,L,30.4,7.0,0.0,8.0,6.0,6.0,13.0,17.0,32.0,1.0,0.0,0.0,3.0,36.5,1,13074,13074,13074,7196,548,10158,280,5299,10028,23668,24967,3535,2692,1,1,4736,3326,1.0,30:23,2015,2016
2015-16,203109,Jae Crowder,Jae,1610612738,BOS,Boston Celtics,21501205,2016-04-11T00:00:00,BOS vs. CHA,L,21.2,2.0,0.0,2.0,2.0,5.0,5.0,2.0,24.0,1.0,0.0,0.0,0.0,7.4,1,13074,13074,13074,14879,6026,10158,4675,12984,8403,11469,4025,8723,2692,1,1,18762,20912,1.0,21:12,2015,2016
2015-16,203516,James Ennis III,James,1610612740,NOP,New Orleans Pelicans,21501208,2016-04-11T00:00:00,NOP vs. CHI,L,39.9,0.0,3.0,0.0,8.0,12.0,10.0,6.0,34.0,1.0,0.0,3.0,5.0,46.0,1,13074,13074,13074,756,12059,3104,9917,3109,20178,20509,13388,2701,2692,1,17641,1539,1198,1.0,39:54,2015,2016
2015-16,1626157,Karl-Anthony Towns,Karl-Anthony,1610612750,MIN,Minnesota Timberwolves,21501207,2016-04-11T00:00:00,MIN vs. HOU,L,27.5,0.0,0.0,0.0,6.0,8.0,10.0,9.0,38.0,1.0,2.0,3.0,0.0,24.5,1,13074,13074,13074,9616,12059,10158,9917,5299,13914,20509,18829,1422,2692,23588,17641,18762,8801,1.0,27:29,2015,2016
2015-16,202391,Jeremy Lin,Jeremy,1610612766,CHA,Charlotte Hornets,21501205,2016-04-11T00:00:00,CHA @ BOS,W,39.2,5.0,0.0,4.0,8.0,12.0,23.0,10.0,32.0,1.0,0.0,4.0,7.0,57.9,1,1,1,1,983,1603,10158,1913,3109,20178,26017,20169,3535,2692,1,22104,469,269,1.0,39:13,2015,2016
2015-16,201196,Ramon Sessions,Ramon,1610612764,WAS,Washington Wizards,21501206,2016-04-11T00:00:00,WAS @ BKN,W,28.8,2.0,0.0,10.0,12.0,16.0,9.0,29.0,36.0,0.0,1.0,2.0,4.0,43.6,1,1,1,1,8549,6026,10158,118,988,23774,19144,26054,1943,8004,17214,11390,2748,1627,1.0,28:48,2015,2016
2015-16,101179,Ronnie Price,Ronnie,1610612756,PHX,Phoenix Suns,21501211,2016-04-11T00:00:00,PHX vs. SAC,L,34.8,2.0,2.0,2.0,4.0,5.0,3.0,6.0,42.0,0.0,1.0,2.0,2.0,24.5,1,13074,13074,13074,3660,6026,4731,4675,8599,8403,7138,13388,670,8004,17214,11390,7786,8801,1.0,34:51,2015,2016
2015-16,101161,Amir Johnson,Amir,1610612738,BOS,Boston Celtics,21501205,2016-04-11T00:00:00,BOS vs. CHA,L,22.2,3.0,0.0,2.0,2.0,6.0,3.0,4.0,28.0,0.0,0.0,0.0,2.0,24.2,1,13074,13074,13074,14020,4307,10158,4675,12984,10028,7138,8806,5824,8004,1,1,7786,9009,1.0,22:11,2015,2016
2015-16,2544,LeBron James,LeBron,1610612739,CLE,Cleveland Cavaliers,21501203,2016-04-11T00:00:00,CLE vs. ATL,W,32.4,12.0,0.0,5.0,16.0,15.0,3.0,9.0,30.0,1.0,2.0,2.0,6.0,55.2,1,1,1,1,5566,27,10158,1277,275,23079,7138,18829,4541,2692,23588,11390,873,387,1.0,32:25,2015,2016
2015-16,201566,Russell Westbrook,Russell,1610612760,OKC,Oklahoma City Thunder,21501209,2016-04-11T00:00:00,OKC vs. LAL,W,27.7,2.0,0.0,5.0,10.0,9.0,7.0,6.0,12.0,0.0,0.0,2.0,4.0,46.0,1,1,1,1,9496,6026,10158,1277,1840,15771,15642,13388,18637,8004,1,11390,2748,1198,1.0,27:39,2015,2016
2015-16,204025,Tim Frazier,Tim,1610612740,NOP,New Orleans Pelicans,21501208,2016-04-11T00:00:00,NOP vs. CHI,L,33.0,3.0,0.0,2.0,8.0,10.0,10.0,9.0,28.0,0.0,1.0,5.0,7.0,50.7,1,13074,13074,13074,5152,4307,10158,4675,3109,17370,20509,18829,5824,8004,17214,24686,469,677,1.0,32:58,2015,2016
2015-16,203498,Shabazz Muhammad,Shabazz,1610612750,MIN,Minnesota Timberwolves,21501207,2016-04-11T00:00:00,MIN vs. HOU,L,22.2,7.0,0.0,9.0,14.0,11.0,3.0,8.0,20.0,0.0,0.0,0.0,4.0,29.2,1,13074,13074,13074,13979,548,10158,184,542,18886,7138,17194,11929,8004,1,1,2748,6243,1.0,22:14,2015,2016
2015-16,201142,Kevin Durant,Kevin,1610612760,OKC,Oklahoma City Thunder,21501209,2016-04-11T00:00:00,OKC vs. LAL,W,27.2,0.0,2.0,12.0,8.0,9.0,7.0,6.0,14.0,1.0,0.0,2.0,4.0,48.5,1,1,1,1,9851,12059,4731,42,3109,15771,15642,13388,17019,2692,1,11390,2748,909,1.0,27:12,2015,2016
2015-16,203901,Elfrid Payton,Elfrid,1610612753,ORL,Orlando Magic,21501204,2016-04-11T00:00:00,ORL vs. MIL,W,31.2,3.0,0.0,2.0,6.0,6.0,8.0,0.0,40.0,0.0,1.0,1.0,5.0,36.1,1,1,1,1,6536,4307,10158,4675,5299,10028,17345,1,983,8004,17214,4972,1539,3432,1.0,31:13,2015,2016
2015-16,2746,Josh Smith,Josh,1610612745,HOU,Houston Rockets,21501207,2016-04-11T00:00:00,HOU @ MIN,W,23.4,3.0,0.0,2.0,0.0,5.0,2.0,8.0,24.0,0.0,0.0,6.0,1.0,24.1,1,1,1,1,13077,4307,10158,4675,18861,8403,3734,17194,8723,8004,1,25827,12373,9068,1.0,23:21,2015,2016
2015-16,203552,Seth Curry,Seth,1610612758,SAC,Sacramento Kings,21501211,2016-04-11T00:00:00,SAC @ PHX,W,38.1,2.0,2.0,0.0,4.0,21.0,13.0,8.0,40.0,0.0,0.0,3.0,1.0,53.1,1,1,1,1,1472,6026,4731,9917,8599,25535,23668,17194,983,8004,1,17641,12373,513,1.0,38:05,2015,2016
2015-16,202328,Greg Monroe,Greg,1610612749,MIL,Milwaukee Bucks,21501204,2016-04-11T00:00:00,MIL @ ORL,L,27.0,6.0,6.0,0.0,18.0,13.0,14.0,7.0,44.0,1.0,3.0,2.0,3.0,44.4,1,13074,13074,13074,9996,878,481,9917,131,21300,24300,15538,454,2692,25441,11390,4736,1474,1.0,27:01,2015,2016
2015-16,200752,Rudy Gay,Rudy,1610612758,SAC,Sacramento Kings,21501211,2016-04-11T00:00:00,SAC @ PHX,W,34.8,6.0,0.0,4.0,6.0,19.0,13.0,6.0,38.0,4.0,1.0,4.0,4.0,36.2,1,1,1,1,3735,878,10158,1913,5299,25074,23668,13388,1422,132,17214,22104,2748,3407,1.0,34:45,2015,2016
2015-16,1626209,Mario Hezonja,Mario,1610612753,ORL,Orlando Magic,21501204,2016-04-11T00:00:00,ORL vs. MIL,W,39.2,4.0,3.0,4.0,8.0,8.0,17.0,4.0,46.0,0.0,1.0,2.0,1.0,46.1,1,1,1,1,1012,2460,3104,1913,3109,13914,25429,8806,298,8004,17214,11390,12373,1185,1.0,39:09,2015,2016
2015-16,201977,Marcus Thornton,Marcus,1610612764,WAS,Washington Wizards,21501206,2016-04-11T00:00:00,WAS @ BKN,W,31.7,2.0,4.0,8.0,6.0,19.0,11.0,27.0,40.0,0.0,0.0,1.0,2.0,35.6,1,1,1,1,6184,6026,1596,280,5299,25074,21814,26031,983,8004,1,4972,7786,3615,1.0,31:39,2015,2016
2015-16,1626164,Devin Booker,Devin,1610612756,PHX,Phoenix Suns,21501211,2016-04-11T00:00:00,PHX vs. SAC,L,32.9,4.0,2.0,2.0,10.0,8.0,4.0,8.0,34.0,1.0,2.0,5.0,6.0,34.8,1,13074,13074,13074,5204,2460,4731,4675,1840,13914,8458,17194,2701,2692,23588,24686,873,3891,1.0,32:55,2015,2016
2015-16,203900,Markel Brown,Markel,1610612751,BKN,Brooklyn Nets,21501206,2016-04-11T00:00:00,BKN vs. WAS,L,28.7,0.0,0.0,4.0,4.0,4.0,10.0,18.0,32.0,1.0,1.0,1.0,1.0,18.8,1,13074,13074,13074,8624,12059,10158,1913,8599,6141,20509,25228,3535,2692,17214,4972,12373,12588,1.0,28:43,2015,2016
2015-16,1626245,Cristiano Felicio,Cristiano,1610612741,CHI,Chicago Bulls,21501208,2016-04-11T00:00:00,CHI @ NOP,W,27.5,2.0,2.0,0.0,6.0,9.0,4.0,2.0,30.0,0.0,0.0,3.0,2.0,23.2,1,1,1,1,9616,6026,4731,9917,5299,15771,8458,4025,4541,8004,1,17641,7786,9630,1.0,27:29,2015,2016
2015-16,202341,James Anderson,James,1610612758,SAC,Sacramento Kings,21501211,2016-04-11T00:00:00,SAC @ PHX,W,23.8,2.0,0.0,2.0,8.0,15.0,11.0,4.0,26.0,1.0,1.0,1.0,2.0,23.2,1,1,1,1,12742,6026,10158,4675,3109,23079,21814,8806,7214,2692,17214,4972,7786,9630,1.0,23:49,2015,2016
2015-16,201587,Nicolas Batum,Nicolas,1610612766,CHA,Charlotte Hornets,21501205,2016-04-11T00:00:00,CHA @ BOS,W,17.3,0.0,0.0,0.0,6.0,7.0,7.0,4.0,10.0,0.0,0.0,0.0,0.0,19.1,1,1,1,1,18061,12059,10158,9917,5299,12242,15642,8806,20209,8004,1,1,18762,12372,1.0,17:17,2015,2016
2015-16,203527,Ryan Kelly,Ryan,1610612747,LAL,Los Angeles Lakers,21501209,2016-04-11T00:00:00,LAL @ OKC,L,18.0,2.0,2.0,1.0,2.0,0.0,0.0,7.0,20.0,0.0,0.0,0.0,3.0,14.6,1,13074,13074,13074,17523,6026,4731,9347,12984,1,1,15538,11929,8004,1,1,4736,15699,1.0,17:59,2015,2016
2015-16,203463,Ben McLemore,Ben,1610612758,SAC,Sacramento Kings,21501211,2016-04-11T00:00:00,SAC @ PHX,W,36.1,1.0,0.0,2.0,6.0,18.0,10.0,8.0,38.0,1.0,0.0,3.0,6.0,25.9,1,1,1,1,2711,11535,10158,4675,5299,24749,20509,17194,1422,2692,1,17641,873,7960,1.0,36:04,2015,2016
2015-16,203953,Jabari Parker,Jabari,1610612749,MIL,Milwaukee Bucks,21501204,2016-04-11T00:00:00,MIL @ ORL,L,36.6,2.0,0.0,4.0,8.0,20.0,15.0,9.0,48.0,0.0,4.0,1.0,2.0,19.1,1,13074,13074,13074,2366,6026,10158,1913,3109,25338,24781,18829,192,8004,25926,4972,7786,12372,1.0,36:33,2015,2016
2015-16,2585,Zaza Pachulia,Zaza,1610612742,DAL,Dallas Mavericks,21501210,2016-04-11T00:00:00,DAL @ UTA,W,26.9,0.0,2.0,0.0,4.0,2.0,3.0,6.0,30.0,0.0,1.0,2.0,1.0,19.3,1,1,1,1,10095,12059,4731,9917,8599,2619,7138,13388,4541,8004,17214,11390,12373,12228,1.0,26:55,2015,2016
2015-16,203114,Khris Middleton,Khris,1610612749,MIL,Milwaukee Bucks,21501204,2016-04-11T00:00:00,MIL @ ORL,L,35.4,4.0,2.0,2.0,8.0,22.0,12.0,5.0,44.0,0.0,1.0,2.0,3.0,33.5,1,13074,13074,13074,3224,2460,4731,4675,3109,25683,22832,11593,454,8004,17214,11390,4736,4348,1.0,35:24,2015,2016
2015-16,1626162,Kelly Oubre Jr.,Kelly,1610612764,WAS,Washington Wizards,21501206,2016-04-11T00:00:00,WAS @ BKN,W,28.6,0.0,2.0,5.0,10.0,10.0,5.0,18.0,30.0,0.0,0.0,4.0,2.0,23.2,1,1,1,1,8699,12059,4731,1277,1840,17370,11469,25228,4541,8004,1,22104,7786,9630,1.0,28:38,2015,2016
2015-16,203906,Devyn Marble,Devyn,1610612753,ORL,Orlando Magic,21501204,2016-04-11T00:00:00,ORL vs. MIL,W,19.2,4.0,1.0,0.0,4.0,6.0,8.0,6.0,26.0,0.0,1.0,1.0,4.0,14.7,1,1,1,1,16573,2460,9709,9917,8599,10028,17345,13388,7214,8004,17214,4972,2748,15631,1.0,19:09,2015,2016
2015-16,200826,J.J. Barea,J.J.,1610612742,DAL,Dallas Mavericks,21501210,2016-04-11T00:00:00,DAL @ UTA,W,27.4,3.0,0.0,0.0,0.0,3.0,5.0,2.0,22.0,0.0,0.0,1.0,0.0,23.0,1,1,1,1,9657,4307,10158,9917,18861,5109,11469,4025,10265,8004,1,4972,18762,9760,1.0,27:27,2015,2016
2015-16,202713,Kyle Singler,Kyle,1610612760,OKC,Oklahoma City Thunder,21501209,2016-04-11T00:00:00,OKC vs. LAL,W,26.4,2.0,0.0,2.0,2.0,6.0,4.0,3.0,14.0,1.0,0.0,3.0,1.0,23.0,1,1,1,1,10518,6026,10158,4675,12984,10028,8458,7328,17019,2692,1,17641,12373,9760,1.0,26:25,2015,2016
2015-16,201579,Roy Hibbert,Roy,1610612747,LAL,Los Angeles Lakers,21501209,2016-04-11T00:00:00,LAL @ OKC,L,20.2,0.0,0.0,0.0,0.0,15.0,11.0,21.0,24.0,1.0,0.0,4.0,0.0,9.8,1,13074,13074,13074,15694,12059,10158,9917,18861,23079,21814,25725,8723,2692,1,22104,18762,19331,1.0,20:14,2015,2016
2015-16,203141,Mirza Teletovic,Mirza,1610612756,PHX,Phoenix Suns,21501211,2016-04-11T00:00:00,PHX vs. SAC,L,34.3,11.0,0.0,4.0,8.0,13.0,5.0,13.0,36.0,0.0,1.0,4.0,1.0,34.1,1,13074,13074,13074,4082,55,10158,1913,3109,21300,11469,23048,1943,8004,17214,22104,12373,4124,1.0,34:19,2015,2016
2015-16,202684,Tristan Thompson,Tristan,1610612739,CLE,Cleveland Cavaliers,21501203,2016-04-11T00:00:00,CLE vs. ATL,W,36.1,0.0,5.0,0.0,4.0,13.0,4.0,13.0,40.0,1.0,1.0,2.0,5.0,34.5,1,1,1,1,2695,12059,995,9917,8599,21300,8458,23048,983,2692,17214,11390,1539,3997,1.0,36:04,2015,2016
2015-16,201937,Ricky Rubio,Ricky,1610612750,MIN,Minnesota Timberwolves,21501207,2016-04-11T00:00:00,MIN vs. HOU,L,22.2,2.0,0.0,2.0,4.0,5.0,9.0,7.0,28.0,1.0,1.0,1.0,1.0,22.9,1,13074,13074,13074,13991,6026,10158,4675,8599,8403,19144,15538,5824,2692,17214,4972,12373,9811,1.0,22:13,2015,2016
2015-16,1891,Jason Terry,Jason,1610612745,HOU,Houston Rockets,21501207,2016-04-11T00:00:00,HOU @ MIN,W,23.3,0.0,0.0,0.0,0.0,9.0,4.0,11.0,24.0,0.0,0.0,1.0,0.0,14.4,1,1,1,1,13136,12059,10158,9917,18861,15771,8458,21342,8723,8004,1,4972,18762,15857,1.0,23:16,2015,2016
2015-16,201228,C.J. Watson,C.J.,1610612753,ORL,Orlando Magic,21501204,2016-04-11T00:00:00,ORL vs. MIL,W,16.8,0.0,0.0,0.0,0.0,6.0,10.0,6.0,20.0,0.0,0.0,1.0,1.0,14.9,1,1,1,1,18435,12059,10158,9917,18861,10028,20509,13388,11929,8004,1,4972,12373,15463,1.0,16:47,2015,2016
2015-16,202324,Derrick Favors,Derrick,1610612762,UTA,Utah Jazz,21501210,2016-04-11T00:00:00,UTA vs. DAL,L,28.2,0.0,2.0,0.0,8.0,7.0,9.0,0.0,22.0,1.0,0.0,0.0,1.0,19.6,1,13074,13074,13074,9103,12059,4731,9917,3109,12242,19144,1,10265,2692,1,1,12373,12024,1.0,28:10,2015,2016
2015-16,201967,Dante Cunningham,Dante,1610612740,NOP,New Orleans Pelicans,21501208,2016-04-11T00:00:00,NOP vs. CHI,L,35.0,2.0,0.0,2.0,8.0,6.0,8.0,7.0,26.0,0.0,1.0,4.0,0.0,14.2,1,13074,13074,13074,3522,6026,10158,4675,3109,10028,17345,15538,7214,8004,17214,22104,18762,16003,1.0,35:01,2015,2016
2015-16,203200,Justin Holiday,Justin,1610612741,CHI,Chicago Bulls,21501208,2016-04-11T00:00:00,CHI @ NOP,W,26.4,0.0,0.0,0.0,6.0,4.0,4.0,0.0,32.0,0.0,0.0,5.0,2.0,23.3,1,1,1,1,10552,12059,10158,9917,5299,6141,8458,1,3535,8004,1,24686,7786,9567,1.0,26:22,2015,2016
2015-16,201567,Kevin Love,Kevin,1610612739,CLE,Cleveland Cavaliers,21501203,2016-04-11T00:00:00,CLE vs. ATL,W,29.5,2.0,0.0,0.0,0.0,9.0,0.0,9.0,30.0,0.0,0.0,2.0,2.0,33.3,1,1,1,1,8002,6026,10158,9917,18861,15771,1,18829,4541,8004,1,11390,7786,4423,1.0,29:28,2015,2016
2015-16,203101,Miles Plumlee,Miles,1610612749,MIL,Milwaukee Bucks,21501204,2016-04-11T00:00:00,MIL @ ORL,L,21.0,0.0,0.0,0.0,4.0,10.0,1.0,3.0,10.0,2.0,0.0,0.0,0.0,25.6,1,13074,13074,13074,15069,12059,10158,9917,8599,17370,3393,7328,20209,932,1,1,18762,8157,1.0,20:59,2015,2016
2015-16,202689,Kemba Walker,Kemba,1610612766,CHA,Charlotte Hornets,21501205,2016-04-11T00:00:00,CHA @ BOS,W,35.6,6.0,3.0,4.0,6.0,16.0,15.0,12.0,24.0,1.0,0.0,1.0,3.0,35.0,1,1,1,1,3031,878,3104,1913,5299,23774,24781,22259,8723,2692,1,4972,4736,3813,1.0,35:38,2015,2016
2015-16,1897,Metta World Peace,Metta,1610612747,LAL,Los Angeles Lakers,21501209,2016-04-11T00:00:00,LAL @ OKC,L,23.1,2.0,2.0,2.0,2.0,9.0,0.0,6.0,22.0,0.0,1.0,0.0,2.0,19.2,1,13074,13074,13074,13324,6026,4731,4675,12984,15771,1,13388,10265,8004,17214,1,7786,12284,1.0,23:04,2015,2016
2015-16,202706,Jordan Hamilton,Jordan,1610612740,NOP,New Orleans Pelicans,21501208,2016-04-11T00:00:00,NOP vs. CHI,L,23.8,0.0,0.0,0.0,4.0,6.0,10.0,7.0,18.0,0.0,0.0,4.0,2.0,19.6,1,13074,13074,13074,12758,12059,10158,9917,8599,10028,20509,15538,13577,8004,1,22104,7786,12024,1.0,23:47,2015,2016
2015-16,200751,Randy Foye,Randy,1610612760,OKC,Oklahoma City Thunder,21501209,2016-04-11T00:00:00,OKC vs. LAL,W,12.3,2.0,0.0,2.0,6.0,2.0,2.0,0.0,8.0,2.0,0.0,1.0,1.0,19.4,1,1,1,1,21368,6026,10158,4675,5299,2619,3734,1,21543,932,1,4972,12373,12154,1.0,12:20,2015,2016
2015-16,203095,Evan Fournier,Evan,1610612753,ORL,Orlando Magic,21501204,2016-04-11T00:00:00,ORL vs. MIL,W,37.7,2.0,3.0,0.0,8.0,10.0,11.0,2.0,48.0,0.0,2.0,0.0,2.0,26.0,1,1,1,1,1654,6026,3104,9917,3109,17370,21814,4025,192,8004,23588,1,7786,7910,1.0,37:42,2015,2016
2015-16,201162,Jared Dudley,Jared,1610612764,WAS,Washington Wizards,21501206,2016-04-11T00:00:00,WAS @ BKN,W,22.1,4.0,6.0,0.0,8.0,14.0,9.0,17.0,28.0,0.0,0.0,2.0,0.0,25.7,1,1,1,1,14099,2460,481,9917,3109,22292,19144,24967,5824,8004,1,11390,18762,8088,1.0,22:05,2015,2016
2015-16,101162,Marcin Gortat,Marcin,1610612764,WAS,Washington Wizards,21501206,2016-04-11T00:00:00,WAS @ BKN,W,23.9,0.0,0.0,0.0,6.0,16.0,9.0,23.0,36.0,0.0,1.0,2.0,2.0,18.9,1,1,1,1,12621,12059,10158,9917,5299,23774,19144,25880,1943,8004,17214,11390,7786,12513,1.0,23:56,2015,2016
2015-16,202083,Wesley Matthews,Wesley,1610612742,DAL,Dallas Mavericks,21501210,2016-04-11T00:00:00,DAL @ UTA,W,38.5,0.0,0.0,0.0,2.0,7.0,3.0,11.0,42.0,0.0,1.0,2.0,2.0,23.9,1,1,1,1,1304,12059,10158,9917,12984,12242,7138,21342,670,8004,17214,11390,7786,9184,1.0,38:27,2015,2016
2015-16,202720,Jon Leuer,Jon,1610612756,PHX,Phoenix Suns,21501211,2016-04-11T00:00:00,PHX vs. SAC,L,28.0,2.0,0.0,2.0,8.0,8.0,0.0,7.0,22.0,1.0,0.0,1.0,1.0,26.0,1,13074,13074,13074,9228,6026,10158,4675,3109,13914,1,15538,10265,2692,1,4972,12373,7910,1.0,28:00,2015,2016
2015-16,1626191,Chris McCullough,Chris,1610612751,BKN,Brooklyn Nets,21501206,2016-04-11T00:00:00,BKN vs. WAS,L,23.8,4.0,2.0,4.0,8.0,15.0,6.0,17.0,38.0,2.0,0.0,2.0,3.0,26.0,1,13074,13074,13074,12768,2460,4731,1913,3109,23079,13237,24967,1422,932,1,11390,4736,7910,1.0,23:46,2015,2016
2015-16,2730,Dwight Howard,Dwight,1610612745,HOU,Houston Rockets,21501207,2016-04-11T00:00:00,HOU @ MIN,W,26.9,0.0,4.0,2.0,16.0,13.0,2.0,6.0,32.0,1.0,1.0,2.0,4.0,35.1,1,1,1,1,10065,12059,1596,4675,275,21300,3734,13388,3535,2692,17214,11390,2748,3777,1.0,26:56,2015,2016
2015-16,203490,Otto Porter Jr.,Otto,1610612764,WAS,Washington Wizards,21501206,2016-04-11T00:00:00,WAS @ BKN,W,18.5,5.0,0.0,4.0,2.0,14.0,9.0,19.0,24.0,0.0,0.0,3.0,1.0,14.4,1,1,1,1,17112,1603,10158,1913,12984,22292,19144,25435,8723,8004,1,17641,12373,15857,1.0,18:28,2015,2016
2015-16,1626204,Larry Nance Jr.,Larry,1610612747,LAL,Los Angeles Lakers,21501209,2016-04-11T00:00:00,LAL @ OKC,L,9.0,0.0,0.0,0.0,0.0,4.0,2.0,4.0,8.0,0.0,0.0,2.0,0.0,3.9,1,13074,13074,13074,22857,12059,10158,9917,18861,6141,3734,8806,21543,8004,1,11390,18762,23225,1.0,8:57,2015,2016
2015-16,202962,Greg Smith,Greg,1610612750,MIN,Minnesota Timberwolves,21501207,2016-04-11T00:00:00,MIN vs. HOU,L,4.9,0.0,0.0,0.0,0.0,0.0,0.0,0.0,6.0,0.0,0.0,0.0,0.0,3.9,1,13074,13074,13074,24412,12059,10158,9917,18861,1,1,1,22724,8004,1,1,18762,23225,1.0,4:51,2015,2016
2015-16,203093,Terrence Jones,Terrence,1610612745,HOU,Houston Rockets,21501207,2016-04-11T00:00:00,HOU @ MIN,W,5.5,0.0,0.0,0.0,2.0,5.0,4.0,3.0,8.0,0.0,0.0,3.0,0.0,3.4,1,1,1,1,24165,12059,10158,9917,12984,8403,8458,7328,21543,8004,1,17641,18762,23417,1.0,5:29,2015,2016
2015-16,203895,Jordan McRae,Jordan,1610612739,CLE,Cleveland Cavaliers,21501203,2016-04-11T00:00:00,CLE vs. ATL,W,7.0,0.0,2.0,0.0,2.0,6.0,3.0,0.0,2.0,0.0,1.0,0.0,0.0,7.1,1,1,1,1,23576,12059,4731,9917,12984,10028,7138,1,24614,8004,17214,1,18762,21141,1.0,6:58,2015,2016
2015-16,203909,KJ McDaniels,KJ,1610612745,HOU,Houston Rockets,21501207,2016-04-11T00:00:00,HOU @ MIN,W,5.5,0.0,0.0,0.0,0.0,5.0,4.0,3.0,8.0,0.0,0.0,0.0,0.0,3.2,1,1,1,1,24165,12059,10158,9917,18861,8403,8458,7328,21543,8004,1,1,18762,23473,1.0,5:29,2015,2016
2015-16,200757,Thabo Sefolosha,Thabo,1610612737,ATL,Atlanta Hawks,21501203,2016-04-11T00:00:00,ATL @ CLE,L,15.2,0.0,0.0,0.0,0.0,4.0,0.0,0.0,16.0,0.0,0.0,1.0,1.0,8.7,1,13074,13074,13074,19651,12059,10158,9917,18861,6141,1,1,15259,8004,1,4972,12373,20045,1.0,15:10,2015,2016
2015-16,201619,Sasha Kaun,Sasha,1610612739,CLE,Cleveland Cavaliers,21501203,2016-04-11T00:00:00,CLE vs. ATL,W,1.6,0.0,0.0,0.0,0.0,0.0,0.0,0.0,0.0,0.0,0.0,0.0,0.0,0.0,1,1,1,1,25669,12059,10158,9917,18861,1,1,1,25429,8004,1,1,18762,25170,1.0,1:34,2015,2016
2015-16,1626166,Cameron Payne,Cameron,1610612760,OKC,Oklahoma City Thunder,21501209,2016-04-11T00:00:00,OKC vs. LAL,W,8.0,0.0,0.0,0.0,4.0,2.0,2.0,3.0,4.0,0.0,0.0,2.0,0.0,7.2,1,1,1,1,23174,12059,10158,9917,8599,2619,3734,7328,23698,8004,1,11390,18762,21035,1.0,8:01,2015,2016
2015-16,101135,David Lee,David,1610612742,DAL,Dallas Mavericks,21501210,2016-04-11T00:00:00,DAL @ UTA,W,15.9,2.0,4.0,0.0,2.0,2.0,0.0,4.0,16.0,0.0,0.0,1.0,1.0,9.3,1,1,1,1,19151,6026,1596,9917,12984,2619,1,8806,15259,8004,1,4972,12373,19656,1.0,15:51,2015,2016
2015-16,203089,John Henson,John,1610612749,MIL,Milwaukee Bucks,21501204,2016-04-11T00:00:00,MIL @ ORL,L,14.6,0.0,0.0,0.0,4.0,5.0,0.0,3.0,10.0,0.0,1.0,2.0,2.0,6.6,1,13074,13074,13074,20038,12059,10158,9917,8599,8403,1,7328,20209,8004,17214,11390,7786,21445,1.0,14:36,2015,2016
2015-16,201563,Michael Beasley,Michael,1610612745,HOU,Houston Rockets,21501207,2016-04-11T00:00:00,HOU @ MIN,W,5.5,3.0,0.0,0.0,0.0,5.0,4.0,3.0,8.0,0.0,0.0,1.0,2.0,6.9,1,1,1,1,24165,4307,10158,9917,18861,8403,8458,7328,21543,8004,1,4972,7786,21262,1.0,5:29,2015,2016
2015-16,203526,Raul Neto,Raul,1610612762,UTA,Utah Jazz,21501210,2016-04-11T00:00:00,UTA vs. DAL,L,7.5,0.0,0.0,0.0,0.0,0.0,2.0,0.0,2.0,0.0,0.0,0.0,0.0,6.9,1,13074,13074,13074,23379,12059,10158,9917,18861,1,3734,1,24614,8004,1,1,18762,21262,1.0,7:32,2015,2016
2015-16,1626151,Aaron Harrison,Aaron,1610612766,CHA,Charlotte Hornets,21501205,2016-04-11T00:00:00,CHA @ BOS,W,1.2,0.0,0.0,0.0,0.0,3.0,0.0,0.0,4.0,0.0,0.0,0.0,0.0,-1.0,1,1,1,1,25793,12059,10158,9917,18861,5109,1,1,23698,8004,1,1,18762,25932,1.0,1:12,2015,2016
2015-16,203923,James Young,James,1610612738,BOS,Boston Celtics,21501205,2016-04-11T00:00:00,BOS vs. CHA,L,2.0,0.0,0.0,0.0,0.0,0.0,0.0,0.0,0.0,0.0,0.0,0.0,0.0,0.0,1,13074,13074,13074,25534,12059,10158,9917,18861,1,1,1,25429,8004,1,1,18762,25170,1.0,1:57,2015,2016
2015-16,203488,Mike Muscala,Mike,1610612737,ATL,Atlanta Hawks,21501203,2016-04-11T00:00:00,ATL @ CLE,L,8.8,0.0,0.0,0.0,0.0,0.0,6.0,0.0,4.0,1.0,0.0,1.0,1.0,9.6,1,13074,13074,13074,22916,12059,10158,9917,18861,1,13237,1,23698,2692,1,4972,12373,19434,1.0,8:48,2015,2016
2015-16,2592,James Jones,James,1610612739,CLE,Cleveland Cavaliers,21501203,2016-04-11T00:00:00,CLE vs. ATL,W,1.6,0.0,0.0,0.0,0.0,0.0,0.0,0.0,0.0,0.0,0.0,0.0,0.0,0.0,1,1,1,1,25669,12059,10158,9917,18861,1,1,1,25429,8004,1,1,18762,25170,1.0,1:34,2015,2016
2015-16,201978,Chase Budinger,Chase,1610612756,PHX,Phoenix Suns,21501211,2016-04-11T00:00:00,PHX vs. SAC,L,9.8,0.0,0.0,0.0,0.0,4.0,3.0,5.0,10.0,0.0,1.0,2.0,0.0,0.5,1,13074,13074,13074,22524,12059,10158,9917,18861,6141,7138,11593,20209,8004,17214,11390,18762,25056,1.0,9:49,2015,2016
2015-16,203481,Jeff Withey,Jeff,1610612762,UTA,Utah Jazz,21501210,2016-04-11T00:00:00,UTA vs. DAL,L,4.0,0.0,2.0,0.0,2.0,0.0,0.0,0.0,0.0,0.0,1.0,0.0,0.0,4.4,1,13074,13074,13074,24720,12059,4731,9917,12984,1,1,1,25429,8004,17214,1,18762,22837,1.0,3:58,2015,2016
2015-16,202683,Enes Freedom,Enes,1610612760,OKC,Oklahoma City Thunder,21501209,2016-04-11T00:00:00,OKC vs. LAL,W,16.9,0.0,2.0,0.0,0.0,4.0,2.0,0.0,8.0,0.0,0.0,2.0,2.0,4.8,1,1,1,1,18342,12059,4731,9917,18861,6141,3734,1,21543,8004,1,11390,7786,22657,1.0,16:54,2015,2016
2015-16,1626179,Terry Rozier,Terry,1610612738,BOS,Boston Celtics,21501205,2016-04-11T00:00:00,BOS vs. CHA,L,5.0,0.0,0.0,0.0,0.0,0.0,0.0,2.0,4.0,0.0,0.0,0.0,1.0,4.4,1,13074,13074,13074,24370,12059,10158,9917,18861,1,1,4025,23698,8004,1,1,12373,22837,1.0,5:00,2015,2016
2015-16,204014,Damjan Rudez,Damjan,1610612750,MIN,Minnesota Timberwolves,21501207,2016-04-11T00:00:00,MIN vs. HOU,L,7.0,0.0,0.0,0.0,0.0,3.0,2.0,0.0,4.0,0.0,0.0,0.0,0.0,0.0,1,13074,13074,13074,23566,12059,10158,9917,18861,5109,3734,1,23698,8004,1,1,18762,25170,1.0,7:00,2015,2016
2015-16,200768,Kyle Lowry,Kyle,1610612761,TOR,Toronto Raptors,21501202,2016-04-10T00:00:00,TOR @ NYK,W,31.9,3.0,0.0,0.0,0.0,2.0,11.0,5.0,34.0,1.0,0.0,2.0,2.0,34.5,1,1,1,1,5947,4307,10158,9917,18861,2619,21814,11593,2701,2692,1,11390,7786,3997,1.0,31:56,2015,2016
2015-16,203953,Jabari Parker,Jabari,1610612749,MIL,Milwaukee Bucks,21501197,2016-04-10T00:00:00,MIL @ PHI,W,31.5,2.0,0.0,3.0,8.0,16.0,6.0,14.0,40.0,0.0,1.0,4.0,1.0,19.2,1,1,1,1,6352,6026,10158,3302,3109,23774,13237,23710,983,8004,17214,22104,12373,12284,1.0,31:27,2015,2016
2015-16,203105,Festus Ezeli,Festus,1610612744,GSW,Golden State Warriors,21501201,2016-04-10T00:00:00,GSW @ SAS,W,6.4,0.0,0.0,0.0,0.0,3.0,0.0,0.0,4.0,0.0,0.0,0.0,1.0,10.2,1,1,1,1,23775,12059,10158,9917,18861,5109,1,1,23698,8004,1,1,12373,19003,1.0,6:25,2015,2016
2015-16,203499,Shane Larkin,Shane,1610612751,BKN,Brooklyn Nets,21501199,2016-04-10T00:00:00,BKN @ IND,L,35.3,6.0,0.0,8.0,6.0,16.0,11.0,9.0,48.0,0.0,0.0,1.0,4.0,33.8,1,13074,13074,13074,3347,878,10158,280,5299,23774,21814,18829,192,8004,1,4972,2748,4244,1.0,35:15,2015,2016
2015-16,2225,Tony Parker,Tony,1610612759,SAS,San Antonio Spurs,21501201,2016-04-10T00:00:00,SAS vs. GSW,L,29.4,0.0,0.0,0.0,2.0,10.0,8.0,12.0,26.0,0.0,0.0,4.0,2.0,14.4,1,13074,13074,13074,8055,12059,10158,9917,12984,17370,17345,22259,7214,8004,1,22104,7786,15857,1.0,29:25,2015,2016
2015-16,201587,Nicolas Batum,Nicolas,1610612766,CHA,Charlotte Hornets,21501194,2016-04-10T00:00:00,CHA @ WAS,L,33.7,0.0,0.0,0.0,0.0,11.0,4.0,10.0,40.0,0.0,0.0,2.0,1.0,25.0,1,13074,13074,13074,4609,12059,10158,9917,18861,18886,8458,20169,983,8004,1,11390,12373,8485,1.0,33:41,2015,2016
2015-16,201574,Jason Thompson,Jason,1610612761,TOR,Toronto Raptors,21501202,2016-04-10T00:00:00,TOR @ NYK,W,19.1,0.0,0.0,0.0,6.0,0.0,8.0,0.0,18.0,0.0,0.0,3.0,0.0,14.4,1,1,1,1,16654,12059,10158,9917,5299,1,17345,1,13577,8004,1,17641,18762,15857,1.0,19:03,2015,2016
2015-16,203914,Gary Harris,Gary,1610612743,DEN,Denver Nuggets,21501198,2016-04-10T00:00:00,DEN vs. UTA,L,33.1,7.0,0.0,6.0,6.0,15.0,14.0,9.0,30.0,0.0,1.0,1.0,1.0,19.6,1,13074,13074,13074,5064,548,10158,740,5299,23079,24300,18829,4541,8004,17214,4972,12373,12024,1.0,33:04,2015,2016
2015-16,201942,DeMar DeRozan,DeMar,1610612761,TOR,Toronto Raptors,21501202,2016-04-10T00:00:00,TOR @ NYK,W,35.0,5.0,2.0,0.0,20.0,2.0,13.0,5.0,34.0,0.0,0.0,1.0,3.0,34.6,1,1,1,1,3534,1603,4731,9917,59,2619,23668,11593,2701,8004,1,4972,4736,3963,1.0,35:00,2015,2016
2015-16,203110,Draymond Green,Draymond,1610612744,GSW,Golden State Warriors,21501201,2016-04-10T00:00:00,GSW @ SAS,W,33.3,2.0,2.0,0.0,6.0,8.0,11.0,6.0,24.0,1.0,0.0,4.0,3.0,23.8,1,1,1,1,4896,6026,4731,9917,5299,13914,21814,13388,8723,2692,1,22104,4736,9261,1.0,33:17,2015,2016
2015-16,101114,Deron Williams,Deron,1610612742,DAL,Dallas Mavericks,21501196,2016-04-10T00:00:00,DAL @ LAC,L,28.5,0.0,2.0,2.0,4.0,6.0,9.0,5.0,24.0,0.0,1.0,4.0,3.0,25.3,1,13074,13074,13074,8779,12059,4731,4675,8599,10028,19144,11593,8723,8004,17214,22104,4736,8340,1.0,28:32,2015,2016
2015-16,203084,Harrison Barnes,Harrison,1610612744,GSW,Golden State Warriors,21501201,2016-04-10T00:00:00,GSW @ SAS,W,33.3,3.0,0.0,4.0,2.0,8.0,7.0,6.0,30.0,0.0,1.0,1.0,2.0,14.6,1,1,1,1,4899,4307,10158,1913,12984,13914,15642,13388,4541,8004,17214,4972,7786,15699,1.0,33:17,2015,2016
2015-16,201584,Courtney Lee,Courtney,1610612766,CHA,Charlotte Hornets,21501194,2016-04-10T00:00:00,CHA @ WAS,L,28.4,0.0,0.0,0.0,0.0,9.0,4.0,15.0,32.0,1.0,0.0,3.0,2.0,19.6,1,13074,13074,13074,8879,12059,10158,9917,18861,15771,8458,24242,3535,2692,1,17641,7786,12024,1.0,28:26,2015,2016
2015-16,203903,Jordan Clarkson,Jordan,1610612747,LAL,Los Angeles Lakers,21501195,2016-04-10T00:00:00,LAL @ HOU,L,35.9,4.0,2.0,4.0,12.0,18.0,14.0,27.0,54.0,0.0,1.0,0.0,1.0,33.6,1,13074,13074,13074,2833,2460,4731,1913,988,24749,24300,26031,35,8004,17214,1,12373,4305,1.0,35:54,2015,2016
2015-16,203524,Solomon Hill,Solomon,1610612754,IND,Indiana Pacers,21501199,2016-04-10T00:00:00,IND vs. BKN,W,31.6,0.0,2.0,2.0,12.0,13.0,5.0,19.0,30.0,0.0,1.0,0.0,1.0,33.9,1,1,1,1,6194,12059,4731,4675,988,21300,11469,25435,4541,8004,17214,1,12373,4208,1.0,31:38,2015,2016
2015-16,204028,Tarik Black,Tarik,1610612747,LAL,Los Angeles Lakers,21501195,2016-04-10T00:00:00,LAL @ HOU,L,24.0,2.0,0.0,2.0,8.0,6.0,17.0,10.0,22.0,1.0,1.0,2.0,1.0,19.4,1,13074,13074,13074,12549,6026,10158,4675,3109,10028,25429,20169,10265,2692,17214,11390,12373,12154,1.0,24:00,2015,2016
2015-16,101107,Marvin Williams,Marvin,1610612766,CHA,Charlotte Hornets,21501194,2016-04-10T00:00:00,CHA @ WAS,L,20.3,4.0,4.0,0.0,6.0,0.0,2.0,4.0,26.0,0.0,0.0,2.0,1.0,23.7,1,13074,13074,13074,15631,2460,1596,9917,5299,1,3734,8806,7214,8004,1,11390,12373,9329,1.0,20:19,2015,2016
2015-16,2546,Carmelo Anthony,Carmelo,1610612752,NYK,New York Knicks,21501202,2016-04-10T00:00:00,NYK vs. TOR,L,24.7,0.0,4.0,0.0,8.0,4.0,3.0,0.0,32.0,1.0,1.0,3.0,4.0,33.7,1,13074,13074,13074,11941,12059,1596,9917,3109,6141,7138,1,3535,2692,17214,17641,2748,4280,1.0,24:41,2015,2016
2015-16,203124,Kyle O'Quinn,Kyle,1610612752,NYK,New York Knicks,21501202,2016-04-10T00:00:00,NYK vs. TOR,L,20.1,2.0,1.0,0.0,6.0,6.0,6.0,0.0,10.0,0.0,1.0,3.0,3.0,23.5,1,13074,13074,13074,15834,6026,9709,9917,5299,10028,13237,1,20209,8004,17214,17641,4736,9452,1.0,20:06,2015,2016
2015-16,203082,Terrence Ross,Terrence,1610612761,TOR,Toronto Raptors,21501202,2016-04-10T00:00:00,TOR @ NYK,W,20.7,0.0,0.0,0.0,2.0,4.0,4.0,3.0,18.0,0.0,0.0,2.0,1.0,14.2,1,1,1,1,15342,12059,10158,9917,12984,6141,8458,7328,13577,8004,1,11390,12373,16003,1.0,20:40,2015,2016
2015-16,101111,Charlie Villanueva,Charlie,1610612742,DAL,Dallas Mavericks,21501196,2016-04-10T00:00:00,DAL @ LAC,L,13.0,0.0,2.0,0.0,2.0,0.0,0.0,0.0,8.0,0.0,2.0,2.0,0.0,23.0,1,13074,13074,13074,20974,12059,4731,9917,12984,1,1,1,21543,8004,23588,11390,18762,9760,1.0,13:00,2015,2016
2015-16,202689,Kemba Walker,Kemba,1610612766,CHA,Charlotte Hornets,21501194,2016-04-10T00:00:00,CHA @ WAS,L,33.2,5.0,0.0,5.0,4.0,6.0,4.0,8.0,36.0,1.0,1.0,0.0,5.0,34.1,1,13074,13074,13074,4966,1603,10158,1277,8599,10028,8458,17194,1943,2692,17214,1,1539,4124,1.0,33:12,2015,2016
2015-16,201577,Robin Lopez,Robin,1610612752,NYK,New York Knicks,21501202,2016-04-10T00:00:00,NYK vs. TOR,L,27.9,0.0,4.0,2.0,8.0,4.0,3.0,0.0,34.0,1.0,1.0,0.0,1.0,19.5,1,13074,13074,13074,9306,12059,1596,4675,3109,6141,7138,1,2701,2692,17214,1,12373,12096,1.0,27:54,2015,2016
2015-16,1717,Dirk Nowitzki,Dirk,1610612742,DAL,Dallas Mavericks,21501196,2016-04-10T00:00:00,DAL @ LAC,L,27.9,0.0,0.0,0.0,2.0,8.0,6.0,8.0,24.0,0.0,0.0,2.0,2.0,23.0,1,13074,13074,13074,9306,12059,10158,9917,12984,13914,13237,17194,8723,8004,1,11390,7786,9760,1.0,27:54,2015,2016
2015-16,101106,Andrew Bogut,Andrew,1610612744,GSW,Golden State Warriors,21501201,2016-04-10T00:00:00,GSW @ SAS,W,22.7,2.0,2.0,0.0,2.0,6.0,5.0,4.0,16.0,0.0,0.0,2.0,2.0,10.3,1,1,1,1,13582,6026,4731,9917,12984,10028,11469,8806,15259,8004,1,11390,7786,18965,1.0,22:44,2015,2016
2015-16,203094,Andrew Nicholson,Andrew,1610612753,ORL,Orlando Magic,21501200,2016-04-10T00:00:00,ORL @ MIA,L,22.9,0.0,0.0,0.0,2.0,7.0,3.0,7.0,24.0,0.0,0.0,1.0,3.0,9.7,1,13074,13074,13074,13491,12059,10158,9917,12984,12242,7138,15538,8723,8004,1,4972,4736,19379,1.0,22:52,2015,2016
2015-16,203101,Miles Plumlee,Miles,1610612749,MIL,Milwaukee Bucks,21501197,2016-04-10T00:00:00,MIL @ PHI,W,28.5,0.0,0.0,0.0,8.0,19.0,4.0,10.0,26.0,1.0,0.0,1.0,1.0,25.7,1,1,1,1,8840,12059,10158,9917,3109,25074,8458,20169,7214,2692,1,4972,12373,8088,1.0,28:29,2015,2016
2015-16,1626173,Rashad Vaughn,Rashad,1610612749,MIL,Milwaukee Bucks,21501197,2016-04-10T00:00:00,MIL @ PHI,W,22.9,0.0,0.0,3.0,0.0,7.0,6.0,4.0,22.0,0.0,1.0,2.0,0.0,14.6,1,1,1,1,13470,12059,10158,3302,18861,12242,13237,8806,10265,8004,17214,11390,18762,15699,1.0,22:53,2015,2016
2015-16,202685,Jonas Valančiūnas,Jonas,1610612761,TOR,Toronto Raptors,21501202,2016-04-10T00:00:00,TOR @ NYK,W,27.9,0.0,5.0,0.0,12.0,2.0,10.0,5.0,30.0,3.0,1.0,3.0,4.0,33.4,1,1,1,1,9338,12059,995,9917,988,2619,20509,11593,4541,347,17214,17641,2748,4384,1.0,27:51,2015,2016
2015-16,203469,Cody Zeller,Cody,1610612766,CHA,Charlotte Hornets,21501194,2016-04-10T00:00:00,CHA @ WAS,L,16.6,0.0,0.0,0.0,2.0,2.0,2.0,5.0,16.0,0.0,1.0,3.0,2.0,14.7,1,13074,13074,13074,18545,12059,10158,9917,12984,2619,3734,11593,15259,8004,17214,17641,7786,15631,1.0,16:38,2015,2016
2015-16,2772,Trevor Ariza,Trevor,1610612745,HOU,Houston Rockets,21501195,2016-04-10T00:00:00,HOU vs. LAL,W,37.6,6.0,5.0,11.0,10.0,12.0,4.0,16.0,36.0,1.0,1.0,2.0,0.0,34.9,1,1,1,1,1683,878,995,69,1840,20178,8458,24641,1943,2692,17214,11390,18762,3845,1.0,37:38,2015,2016
2015-16,202344,Trevor Booker,Trevor,1610612762,UTA,Utah Jazz,21501198,2016-04-10T00:00:00,UTA @ DEN,W,20.5,0.0,4.0,0.0,2.0,6.0,4.0,8.0,20.0,1.0,0.0,1.0,2.0,19.5,1,1,1,1,15449,12059,1596,9917,12984,10028,8458,17194,11929,2692,1,4972,7786,12096,1.0,20:32,2015,2016
2015-16,203921,Cleanthony Early,Cleanthony,1610612752,NYK,New York Knicks,21501202,2016-04-10T00:00:00,NYK vs. TOR,L,20.9,0.0,0.0,0.0,0.0,6.0,4.0,0.0,8.0,0.0,1.0,2.0,2.0,11.0,1,13074,13074,13074,15140,12059,10158,9917,18861,10028,8458,1,21543,8004,17214,11390,7786,18430,1.0,20:54,2015,2016
2015-16,201980,Danny Green,Danny,1610612759,SAS,San Antonio Spurs,21501201,2016-04-10T00:00:00,SAS vs. GSW,L,25.0,2.0,0.0,2.0,2.0,6.0,4.0,10.0,18.0,0.0,1.0,2.0,0.0,6.4,1,13074,13074,13074,11698,6026,10158,4675,12984,10028,8458,20169,13577,8004,17214,11390,18762,21589,1.0,24:58,2015,2016
2015-16,203481,Jeff Withey,Jeff,1610612762,UTA,Utah Jazz,21501198,2016-04-10T00:00:00,UTA @ DEN,W,5.8,0.0,0.0,0.0,0.0,0.0,0.0,2.0,8.0,0.0,0.0,1.0,0.0,1.2,1,1,1,1,24066,12059,10158,9917,18861,1,1,4025,21543,8004,1,4972,18762,24661,1.0,5:46,2015,2016
2015-16,201575,Brandon Rush,Brandon,1610612744,GSW,Golden State Warriors,21501201,2016-04-10T00:00:00,GSW @ SAS,W,10.3,0.0,0.0,0.0,0.0,3.0,4.0,0.0,2.0,0.0,1.0,0.0,0.0,5.8,1,1,1,1,22330,12059,10158,9917,18861,5109,8458,1,24614,8004,17214,1,18762,22018,1.0,10:16,2015,2016
2015-16,203085,Austin Rivers,Austin,1610612746,LAC,LA Clippers,21501196,2016-04-10T00:00:00,LAC vs. DAL,W,12.6,0.0,0.0,0.0,0.0,3.0,4.0,7.0,16.0,0.0,2.0,2.0,0.0,2.0,1,1,1,1,21189,12059,10158,9917,18861,5109,8458,15538,15259,8004,23588,11390,18762,24216,1.0,12:39,2015,2016
2015-16,202730,Lavoy Allen,Lavoy,1610612754,IND,Indiana Pacers,21501199,2016-04-10T00:00:00,IND vs. BKN,W,14.1,0.0,0.0,0.0,2.0,3.0,5.0,2.0,6.0,0.0,0.0,2.0,1.0,11.2,1,1,1,1,20379,12059,10158,9917,12984,5109,11469,4025,22724,8004,1,11390,12373,18267,1.0,14:03,2015,2016
2015-16,204060,Joe Ingles,Joe,1610612762,UTA,Utah Jazz,21501198,2016-04-10T00:00:00,UTA @ DEN,W,10.0,0.0,0.0,0.0,0.0,10.0,0.0,7.0,12.0,0.0,0.0,0.0,0.0,1.0,1,1,1,1,22429,12059,10158,9917,18861,17370,1,15538,18637,8004,1,1,18762,24960,1.0,10:01,2015,2016
2015-16,203912,C.J. Wilcox,C.J.,1610612746,LAC,LA Clippers,21501196,2016-04-10T00:00:00,LAC vs. DAL,W,0.9,0.0,0.0,0.0,0.0,0.0,0.0,0.0,0.0,0.0,0.0,0.0,0.0,1.2,1,1,1,1,25888,12059,10158,9917,18861,1,1,1,25429,8004,1,1,18762,24661,1.0,0:55,2015,2016
2015-16,1897,Metta World Peace,Metta,1610612747,LAL,Los Angeles Lakers,21501195,2016-04-10T00:00:00,LAL @ HOU,L,18.1,0.0,3.0,0.0,2.0,4.0,9.0,7.0,24.0,0.0,0.0,2.0,0.0,10.7,1,13074,13074,13074,17402,12059,3104,9917,12984,6141,19144,15538,8723,8004,1,11390,18762,18636,1.0,18:08,2015,2016
2015-16,203268,Jorge Gutierrez,Jorge,1610612766,CHA,Charlotte Hornets,21501194,2016-04-10T00:00:00,CHA @ WAS,L,2.8,0.0,0.0,0.0,0.0,0.0,0.0,2.0,2.0,0.0,0.0,0.0,2.0,5.5,1,13074,13074,13074,25223,12059,10158,9917,18861,1,1,4025,24614,8004,1,1,7786,22196,1.0,2:45,2015,2016
2015-16,203894,Shabazz Napier,Shabazz,1610612753,ORL,Orlando Magic,21501200,2016-04-10T00:00:00,ORL @ MIA,L,12.0,0.0,0.0,0.0,2.0,0.0,2.0,2.0,16.0,0.0,0.0,0.0,2.0,5.5,1,13074,13074,13074,21529,12059,10158,9917,12984,1,3734,4025,15259,8004,1,1,7786,22196,1.0,12:00,2015,2016
2015-16,203960,JaKarr Sampson,JaKarr,1610612743,DEN,Denver Nuggets,21501198,2016-04-10T00:00:00,DEN vs. UTA,L,13.5,0.0,0.0,0.0,0.0,4.0,5.0,2.0,10.0,0.0,1.0,1.0,0.0,1.2,1,13074,13074,13074,20693,12059,10158,9917,18861,6141,11469,4025,20209,8004,17214,4972,18762,24661,1.0,13:31,2015,2016
2015-16,203078,Bradley Beal,Bradley,1610612764,WAS,Washington Wizards,21501194,2016-04-10T00:00:00,WAS vs. CHA,W,7.7,3.0,0.0,0.0,0.0,2.0,2.0,0.0,4.0,0.0,1.0,0.0,1.0,6.2,1,1,1,1,23307,4307,10158,9917,18861,2619,3734,1,23698,8004,17214,1,12373,21696,1.0,7:43,2015,2016
2015-16,201580,JaVale McGee,JaVale,1610612742,DAL,Dallas Mavericks,21501196,2016-04-10T00:00:00,DAL @ LAC,L,2.0,0.0,0.0,0.0,0.0,0.0,0.0,0.0,0.0,0.0,0.0,0.0,0.0,1.2,1,13074,13074,13074,25506,12059,10158,9917,18861,1,1,1,25429,8004,1,1,18762,24661,1.0,2:02,2015,2016
2015-16,1626246,Boban Marjanović,Boban,1610612759,SAS,San Antonio Spurs,21501201,2016-04-10T00:00:00,SAS vs. GSW,L,6.2,0.0,0.0,0.0,4.0,3.0,0.0,4.0,0.0,0.0,1.0,1.0,1.0,6.4,1,13074,13074,13074,23868,12059,10158,9917,8599,5109,1,8806,25429,8004,17214,4972,12373,21589,1.0,6:13,2015,2016
2015-16,1626159,Justise Winslow,Justise,1610612748,MIA,Miami Heat,21501200,2016-04-10T00:00:00,MIA vs. ORL,W,14.0,2.0,0.0,2.0,0.0,8.0,3.0,9.0,12.0,0.0,0.0,0.0,1.0,11.1,1,1,1,1,20398,6026,10158,4675,18861,13914,7138,18829,18637,8004,1,1,12373,18370,1.0,14:01,2015,2016
2015-16,203187,Chris Johnson,Chris,1610612762,UTA,Utah Jazz,21501198,2016-04-10T00:00:00,UTA @ DEN,W,5.5,0.0,0.0,0.0,0.0,2.0,0.0,2.0,4.0,0.0,0.0,1.0,1.0,0.2,1,1,1,1,24196,12059,10158,9917,18861,2619,1,4025,23698,8004,1,4972,12373,25103,1.0,5:27,2015,2016
2015-16,201581,JJ Hickson,JJ,1610612764,WAS,Washington Wizards,21501194,2016-04-10T00:00:00,WAS vs. CHA,W,0.8,0.0,0.0,0.0,0.0,0.0,0.0,0.0,0.0,0.0,0.0,0.0,0.0,0.0,1,1,1,1,25910,12059,10158,9917,18861,1,1,1,25429,8004,1,1,18762,25170,1.0,0:51,2015,2016
2015-16,2733,Shaun Livingston,Shaun,1610612744,GSW,Golden State Warriors,21501201,2016-04-10T00:00:00,GSW @ SAS,W,22.0,0.0,0.0,0.0,2.0,5.0,5.0,2.0,14.0,1.0,0.0,4.0,0.0,13.4,1,1,1,1,14176,12059,10158,9917,12984,8403,11469,4025,17019,2692,1,22104,18762,16614,1.0,21:59,2015,2016
2015-16,203508,Sergey Karasev,Sergey,1610612751,BKN,Brooklyn Nets,21501199,2016-04-10T00:00:00,BKN @ IND,L,13.3,0.0,0.0,0.0,0.0,2.0,0.0,2.0,14.0,0.0,0.0,4.0,4.0,9.1,1,13074,13074,13074,20817,12059,10158,9917,18861,2619,1,4025,17019,8004,1,22104,2748,19789,1.0,13:17,2015,2016
2015-16,201965,Jeff Ayres,Jeff,1610612746,LAC,LA Clippers,21501196,2016-04-10T00:00:00,LAC vs. DAL,W,0.9,0.0,0.0,0.0,0.0,0.0,0.0,0.0,0.0,0.0,0.0,0.0,0.0,0.0,1,1,1,1,25888,12059,10158,9917,18861,1,1,1,25429,8004,1,1,18762,25170,1.0,0:55,2015,2016
2015-16,202692,Alec Burks,Alec,1610612762,UTA,Utah Jazz,21501198,2016-04-10T00:00:00,UTA @ DEN,W,14.0,0.0,0.0,0.0,0.0,3.0,2.0,7.0,16.0,0.0,1.0,1.0,0.0,9.0,1,1,1,1,20413,12059,10158,9917,18861,5109,3734,15538,15259,8004,17214,4972,18762,19835,1.0,13:59,2015,2016
2015-16,202066,Garrett Temple,Garrett,1610612764,WAS,Washington Wizards,21501194,2016-04-10T00:00:00,WAS vs. CHA,W,16.5,3.0,0.0,3.0,2.0,2.0,2.0,2.0,4.0,0.0,0.0,3.0,1.0,8.9,1,1,1,1,18640,4307,10158,3302,12984,2619,3734,4025,23698,8004,1,17641,12373,19914,1.0,16:31,2015,2016
2015-16,203473,Dewayne Dedmon,Dewayne,1610612753,ORL,Orlando Magic,21501200,2016-04-10T00:00:00,ORL @ MIA,L,7.9,0.0,0.0,0.0,0.0,0.0,2.0,0.0,10.0,0.0,0.0,1.0,0.0,8.8,1,13074,13074,13074,23211,12059,10158,9917,18861,1,3734,1,20209,8004,1,4972,18762,19994,1.0,7:56,2015,2016
2015-16,203909,KJ McDaniels,KJ,1610612745,HOU,Houston Rockets,21501195,2016-04-10T00:00:00,HOU vs. LAL,W,1.7,0.0,0.0,0.0,0.0,0.0,0.0,0.0,0.0,0.0,0.0,0.0,0.0,0.0,1,1,1,1,25631,12059,10158,9917,18861,1,1,1,25429,8004,1,1,18762,25170,1.0,1:41,2015,2016
2015-16,101141,Ersan Ilyasova,Ersan,1610612753,ORL,Orlando Magic,21501200,2016-04-10T00:00:00,ORL @ MIA,L,16.9,0.0,0.0,0.0,0.0,10.0,2.0,6.0,28.0,0.0,0.0,1.0,0.0,0.4,1,13074,13074,13074,18356,12059,10158,9917,18861,17370,3734,13388,5824,8004,1,4972,18762,25093,1.0,16:53,2015,2016
2015-16,201147,Corey Brewer,Corey,1610612745,HOU,Houston Rockets,21501195,2016-04-10T00:00:00,HOU vs. LAL,W,8.7,0.0,0.0,0.0,4.0,4.0,7.0,2.0,12.0,0.0,0.0,0.0,1.0,6.7,1,1,1,1,22968,12059,10158,9917,8599,6141,15642,4025,18637,8004,1,1,12373,21376,1.0,8:41,2015,2016
2015-16,201589,Darrell Arthur,Darrell,1610612743,DEN,Denver Nuggets,21501198,2016-04-10T00:00:00,DEN vs. UTA,L,12.0,0.0,0.0,2.0,2.0,4.0,5.0,2.0,12.0,0.0,0.0,5.0,0.0,8.6,1,13074,13074,13074,21606,12059,10158,4675,12984,6141,11469,4025,18637,8004,1,24686,18762,20125,1.0,11:58,2015,2016
2015-16,203922,Glenn Robinson III,Glenn,1610612754,IND,Indiana Pacers,21501199,2016-04-10T00:00:00,IND vs. BKN,W,12.0,0.0,0.0,0.0,0.0,6.0,2.0,7.0,16.0,1.0,1.0,3.0,1.0,6.7,1,1,1,1,21529,12059,10158,9917,18861,10028,3734,15538,15259,2692,17214,17641,12373,21376,1.0,12:00,2015,2016
2015-16,202325,Wesley Johnson,Wesley,1610612746,LAC,LA Clippers,21501196,2016-04-10T00:00:00,LAC vs. DAL,W,16.0,0.0,0.0,0.0,0.0,3.0,4.0,7.0,12.0,1.0,0.0,2.0,0.0,7.2,1,1,1,1,19035,12059,10158,9917,18861,5109,8458,15538,18637,2692,1,11390,18762,21035,1.0,16:00,2015,2016
2015-16,202391,Jeremy Lin,Jeremy,1610612766,CHA,Charlotte Hornets,21501194,2016-04-10T00:00:00,CHA @ WAS,L,21.5,0.0,0.0,0.0,0.0,8.0,0.0,10.0,20.0,0.0,2.0,2.0,3.0,6.7,1,13074,13074,13074,14578,12059,10158,9917,18861,13914,1,20169,11929,8004,23588,11390,4736,21376,1.0,21:31,2015,2016
2015-16,1882,Elton Brand,Elton,1610612755,PHI,Philadelphia 76ers,21501197,2016-04-10T00:00:00,PHI vs. MIL,L,17.0,0.0,0.0,0.0,0.0,0.0,8.0,5.0,18.0,0.0,0.0,1.0,0.0,3.9,1,13074,13074,13074,18297,12059,10158,9917,18861,1,17345,11593,13577,8004,1,4972,18762,23225,1.0,16:58,2015,2016
2015-16,1626202,Joe Young,Joe,1610612754,IND,Indiana Pacers,21501199,2016-04-10T00:00:00,IND vs. BKN,W,12.0,0.0,0.0,0.0,0.0,6.0,2.0,7.0,16.0,0.0,1.0,0.0,0.0,4.7,1,1,1,1,21529,12059,10158,9917,18861,10028,3734,15538,15259,8004,17214,1,18762,22672,1.0,12:00,2015,2016
2015-16,201961,Wayne Ellington,Wayne,1610612751,BKN,Brooklyn Nets,21501199,2016-04-10T00:00:00,BKN @ IND,L,24.7,0.0,0.0,0.0,0.0,11.0,6.0,9.0,38.0,1.0,0.0,1.0,0.0,7.1,1,13074,13074,13074,11898,12059,10158,9917,18861,18886,13237,18829,1422,2692,1,4972,18762,21141,1.0,24:44,2015,2016
2015-16,2755,Kevin Martin,Kevin,1610612759,SAS,San Antonio Spurs,21501201,2016-04-10T00:00:00,SAS vs. GSW,L,19.4,3.0,0.0,0.0,0.0,7.0,4.0,9.0,12.0,0.0,0.0,0.0,1.0,9.6,1,13074,13074,13074,16363,4307,10158,9917,18861,12242,8458,18829,18637,8004,1,1,12373,19434,1.0,19:26,2015,2016
2015-16,202726,Andrew Goudelock,Andrew,1610612745,HOU,Houston Rockets,21501195,2016-04-10T00:00:00,HOU vs. LAL,W,0.6,0.0,0.0,0.0,0.0,0.0,0.0,0.0,0.0,0.0,0.0,0.0,0.0,0.0,1,1,1,1,25968,12059,10158,9917,18861,1,1,1,25429,8004,1,1,18762,25170,1.0,0:34,2015,2016
2015-16,1626253,Axel Toupane,Axel,1610612743,DEN,Denver Nuggets,21501198,2016-04-10T00:00:00,DEN vs. UTA,L,10.6,0.0,0.0,0.0,0.0,3.0,4.0,0.0,4.0,1.0,0.0,0.0,0.0,7.1,1,13074,13074,13074,22208,12059,10158,9917,18861,5109,8458,1,23698,2692,1,1,18762,21141,1.0,10:33,2015,2016
2015-16,203526,Raul Neto,Raul,1610612762,UTA,Utah Jazz,21501198,2016-04-10T00:00:00,UTA @ DEN,W,8.8,0.0,2.0,0.0,0.0,0.0,0.0,4.0,10.0,0.0,0.0,1.0,2.0,7.0,1,1,1,1,22905,12059,4731,9917,18861,1,1,8806,20209,8004,1,4972,7786,21188,1.0,8:50,2015,2016
2015-16,101123,Gerald Green,Gerald,1610612748,MIA,Miami Heat,21501200,2016-04-10T00:00:00,MIA vs. ORL,W,16.5,0.0,0.0,2.0,8.0,3.0,3.0,4.0,8.0,0.0,1.0,2.0,1.0,21.6,1,1,1,1,18652,12059,10158,4675,3109,5109,7138,8806,21543,8004,17214,11390,12373,10666,1.0,16:30,2015,2016
2015-16,201167,Arron Afflalo,Arron,1610612752,NYK,New York Knicks,21501202,2016-04-10T00:00:00,NYK vs. TOR,L,23.0,0.0,0.0,0.0,0.0,2.0,4.0,0.0,16.0,0.0,0.0,0.0,0.0,5.1,1,13074,13074,13074,13411,12059,10158,9917,18861,2619,8458,1,15259,8004,1,1,18762,22478,1.0,22:57,2015,2016
2015-16,201946,Tyler Hansbrough,Tyler,1610612766,CHA,Charlotte Hornets,21501194,2016-04-10T00:00:00,CHA @ WAS,L,2.8,0.0,0.0,0.0,0.0,0.0,0.0,2.0,2.0,0.0,0.0,0.0,0.0,0.0,1,13074,13074,13074,25223,12059,10158,9917,18861,1,1,4025,24614,8004,1,1,18762,25170,1.0,2:45,2015,2016
2015-16,2617,Udonis Haslem,Udonis,1610612748,MIA,Miami Heat,21501200,2016-04-10T00:00:00,MIA vs. ORL,W,2.7,0.0,0.0,0.0,0.0,0.0,0.0,0.0,0.0,0.0,0.0,1.0,0.0,3.6,1,1,1,1,25241,12059,10158,9917,18861,1,1,1,25429,8004,1,4972,18762,23310,1.0,2:43,2015,2016
2015-16,201571,D.J. Augustin,D.J.,1610612743,DEN,Denver Nuggets,21501198,2016-04-10T00:00:00,DEN vs. UTA,L,18.1,0.0,0.0,0.0,0.0,7.0,6.0,4.0,16.0,0.0,1.0,0.0,2.0,3.7,1,13074,13074,13074,17454,12059,10158,9917,18861,12242,13237,8806,15259,8004,17214,1,7786,23278,1.0,18:05,2015,2016
2015-16,1627362,Briante Weber,Briante,1610612748,MIA,Miami Heat,21501200,2016-04-10T00:00:00,MIA vs. ORL,W,2.7,0.0,0.0,0.0,2.0,0.0,0.0,0.0,0.0,0.0,0.0,1.0,0.0,4.7,1,1,1,1,25241,12059,10158,9917,12984,1,1,1,25429,8004,1,4972,18762,22672,1.0,2:43,2015,2016
2015-16,201150,Spencer Hawes,Spencer,1610612766,CHA,Charlotte Hornets,21501194,2016-04-10T00:00:00,CHA @ WAS,L,4.6,0.0,0.0,0.0,2.0,0.0,0.0,2.0,6.0,0.0,0.0,3.0,0.0,3.9,1,13074,13074,13074,24519,12059,10158,9917,12984,1,1,4025,22724,8004,1,17641,18762,23225,1.0,4:34,2015,2016
2015-16,101109,Raymond Felton,Raymond,1610612742,DAL,Dallas Mavericks,21501196,2016-04-10T00:00:00,DAL @ LAC,L,30.5,0.0,0.0,4.0,12.0,11.0,6.0,15.0,28.0,2.0,1.0,5.0,4.0,35.3,1,13074,13074,13074,7105,12059,10158,1913,988,18886,13237,24242,5824,932,17214,24686,2748,3719,1.0,30:30,2015,2016
2015-16,203496,Robert Covington,Robert,1610612755,PHI,Philadelphia 76ers,21501197,2016-04-10T00:00:00,PHI vs. MIL,L,39.8,8.0,0.0,2.0,2.0,11.0,5.0,13.0,36.0,0.0,1.0,3.0,2.0,37.1,1,13074,13074,13074,777,308,10158,4675,12984,18886,11469,23048,1943,8004,17214,17641,7786,3151,1.0,39:50,2015,2016
2015-16,1938,Manu Ginobili,Manu,1610612759,SAS,San Antonio Spurs,21501201,2016-04-10T00:00:00,SAS vs. GSW,L,20.5,0.0,3.0,0.0,0.0,4.0,0.0,5.0,10.0,1.0,0.0,1.0,3.0,24.7,1,13074,13074,13074,15511,12059,3104,9917,18861,6141,1,11593,20209,2692,1,4972,4736,8673,1.0,20:28,2015,2016
2015-16,1626273,Marcelo Huertas,Marcelo,1610612747,LAL,Los Angeles Lakers,21501195,2016-04-10T00:00:00,LAL @ HOU,L,25.1,0.0,0.0,0.0,4.0,6.0,14.0,7.0,24.0,0.0,0.0,0.0,0.0,24.9,1,13074,13074,13074,11631,12059,10158,9917,8599,10028,24300,15538,8723,8004,1,1,18762,8553,1.0,25:03,2015,2016
2015-16,203114,Khris Middleton,Khris,1610612749,MIL,Milwaukee Bucks,21501197,2016-04-10T00:00:00,MIL @ PHI,W,42.7,6.0,2.0,6.0,18.0,21.0,8.0,14.0,46.0,0.0,0.0,3.0,6.0,62.7,1,1,1,1,225,878,4731,740,131,25535,17345,23710,298,8004,1,17641,873,127,1.0,42:44,2015,2016
2015-16,203457,Nerlens Noel,Nerlens,1610612755,PHI,Philadelphia 76ers,21501197,2016-04-10T00:00:00,PHI vs. MIL,L,42.4,4.0,8.0,2.0,18.0,15.0,5.0,19.0,44.0,1.0,1.0,4.0,2.0,46.6,1,13074,13074,13074,255,2460,137,4675,131,23079,11469,25435,454,2692,17214,22104,7786,1122,1.0,42:26,2015,2016
2015-16,1626167,Myles Turner,Myles,1610612754,IND,Indiana Pacers,21501199,2016-04-10T00:00:00,IND vs. BKN,W,26.4,3.0,2.0,5.0,18.0,6.0,5.0,11.0,26.0,2.0,0.0,3.0,4.0,46.5,1,1,1,1,10529,4307,4731,1277,131,10028,11469,21342,7214,932,1,17641,2748,1137,1.0,26:24,2015,2016
2015-16,200755,JJ Redick,JJ,1610612746,LAC,LA Clippers,21501196,2016-04-10T00:00:00,LAC vs. DAL,W,30.6,2.0,6.0,2.0,2.0,0.0,4.0,7.0,12.0,1.0,1.0,0.0,1.0,24.7,1,1,1,1,7004,6026,481,4675,12984,1,8458,15538,18637,2692,17214,1,12373,8673,1.0,30:38,2015,2016
2015-16,203507,Giannis Antetokounmpo,Giannis,1610612749,MIL,Milwaukee Bucks,21501197,2016-04-10T00:00:00,MIL @ PHI,W,40.4,6.0,0.0,5.0,6.0,20.0,6.0,10.0,32.0,5.0,3.0,0.0,5.0,56.3,1,1,1,1,630,878,10158,1277,5299,25338,13237,20169,3535,59,25441,1,1539,339,1.0,40:23,2015,2016
2015-16,203944,Julius Randle,Julius,1610612747,LAL,Los Angeles Lakers,21501195,2016-04-10T00:00:00,LAL @ HOU,L,29.9,2.0,0.0,5.0,6.0,18.0,10.0,24.0,44.0,0.0,1.0,4.0,2.0,24.4,1,13074,13074,13074,7654,6026,10158,1277,5299,24749,20509,25937,454,8004,17214,22104,7786,8867,1.0,29:52,2015,2016
2015-16,203497,Rudy Gobert,Rudy,1610612762,UTA,Utah Jazz,21501198,2016-04-10T00:00:00,UTA @ DEN,W,37.5,2.0,9.0,2.0,10.0,14.0,2.0,15.0,28.0,6.0,1.0,4.0,7.0,51.3,1,1,1,1,1730,6026,77,4675,1840,22292,3734,24242,5824,19,17214,22104,469,631,1.0,37:32,2015,2016
2015-16,201609,Goran Dragic,Goran,1610612748,MIA,Miami Heat,21501200,2016-04-10T00:00:00,MIA vs. ORL,W,35.7,2.0,2.0,0.0,14.0,6.0,12.0,9.0,28.0,1.0,0.0,1.0,3.0,35.4,1,1,1,1,3003,6026,4731,9917,542,10028,22832,18829,5824,2692,1,4972,4736,3684,1.0,35:40,2015,2016
2015-16,203900,Markel Brown,Markel,1610612751,BKN,Brooklyn Nets,21501199,2016-04-10T00:00:00,BKN @ IND,L,33.9,3.0,1.0,2.0,8.0,9.0,8.0,6.0,44.0,3.0,0.0,5.0,3.0,61.2,1,13074,13074,13074,4396,4307,9709,4675,3109,15771,17345,13388,454,347,1,24686,4736,175,1.0,33:56,2015,2016
2015-16,201951,Ty Lawson,Ty,1610612754,IND,Indiana Pacers,21501199,2016-04-10T00:00:00,IND vs. BKN,W,26.3,2.0,0.0,0.0,6.0,6.0,5.0,11.0,24.0,0.0,0.0,3.0,3.0,29.7,1,1,1,1,10581,6026,10158,9917,5299,10028,11469,21342,8723,8004,1,17641,4736,6006,1.0,26:19,2015,2016
2015-16,201939,Stephen Curry,Stephen,1610612744,GSW,Golden State Warriors,21501201,2016-04-10T00:00:00,GSW @ SAS,W,35.4,4.0,4.0,5.0,12.0,11.0,11.0,6.0,24.0,0.0,0.0,4.0,8.0,52.5,1,1,1,1,3262,2460,1596,1277,988,18886,21814,13388,8723,8004,1,22104,254,544,1.0,35:22,2015,2016
2015-16,201976,Patrick Beverley,Patrick,1610612745,HOU,Houston Rockets,21501195,2016-04-10T00:00:00,HOU vs. LAL,W,33.4,4.0,0.0,2.0,8.0,14.0,4.0,16.0,34.0,0.0,0.0,4.0,1.0,37.4,1,1,1,1,4787,2460,10158,4675,3109,22292,8458,24641,2701,8004,1,22104,12373,3073,1.0,33:26,2015,2016
2015-16,203999,Nikola Jokić,Nikola,1610612743,DEN,Denver Nuggets,21501198,2016-04-10T00:00:00,DEN vs. UTA,L,36.0,0.0,4.0,2.0,12.0,14.0,13.0,9.0,28.0,1.0,0.0,4.0,3.0,46.2,1,13074,13074,13074,2735,12059,1596,4675,988,22292,23668,18829,5824,2692,1,22104,4736,1175,1.0,36:02,2015,2016
2015-16,101162,Marcin Gortat,Marcin,1610612764,WAS,Washington Wizards,21501194,2016-04-10T00:00:00,WAS vs. CHA,W,30.9,0.0,2.0,0.0,14.0,14.0,8.0,3.0,16.0,1.0,0.0,3.0,2.0,43.6,1,1,1,1,6847,12059,4731,9917,542,22292,17345,7328,15259,2692,1,17641,7786,1627,1.0,30:51,2015,2016
2015-16,202349,Greivis Vasquez,Greivis,1610612749,MIL,Milwaukee Bucks,21501197,2016-04-10T00:00:00,MIL @ PHI,W,13.7,0.0,0.0,0.0,0.0,2.0,2.0,4.0,16.0,0.0,0.0,0.0,0.0,7.4,1,1,1,1,20569,12059,10158,9917,18861,2619,3734,8806,15259,8004,1,1,18762,20912,1.0,13:44,2015,2016
2015-16,203089,John Henson,John,1610612749,MIL,Milwaukee Bucks,21501197,2016-04-10T00:00:00,MIL @ PHI,W,24.5,0.0,4.0,0.0,12.0,5.0,6.0,4.0,24.0,2.0,0.0,3.0,3.0,36.5,1,1,1,1,12102,12059,1596,9917,988,8403,13237,8806,8723,932,1,17641,4736,3326,1.0,24:31,2015,2016
2015-16,1626156,D'Angelo Russell,D'Angelo,1610612747,LAL,Los Angeles Lakers,21501195,2016-04-10T00:00:00,LAL @ HOU,L,35.1,0.0,0.0,2.0,0.0,20.0,20.0,24.0,46.0,0.0,1.0,2.0,5.0,24.0,1,13074,13074,13074,3496,12059,10158,4675,18861,25338,25875,25937,298,8004,17214,11390,1539,9121,1.0,35:03,2015,2016
2015-16,202397,Ish Smith,Ish,1610612755,PHI,Philadelphia 76ers,21501197,2016-04-10T00:00:00,PHI vs. MIL,L,38.5,4.0,0.0,3.0,14.0,15.0,3.0,14.0,40.0,2.0,0.0,2.0,4.0,53.8,1,13074,13074,13074,1272,2460,10158,3302,542,23079,7138,23710,983,932,1,11390,2748,472,1.0,38:30,2015,2016
2015-16,201977,Marcus Thornton,Marcus,1610612764,WAS,Washington Wizards,21501194,2016-04-10T00:00:00,WAS vs. CHA,W,30.9,3.0,0.0,6.0,4.0,10.0,4.0,3.0,16.0,0.0,1.0,2.0,4.0,29.0,1,1,1,1,6775,4307,10158,740,8599,17370,8458,7328,15259,8004,17214,11390,2748,6346,1.0,30:56,2015,2016
2015-16,202695,Kawhi Leonard,Kawhi,1610612759,SAS,San Antonio Spurs,21501201,2016-04-10T00:00:00,SAS vs. GSW,L,39.0,0.0,6.0,0.0,12.0,11.0,8.0,13.0,30.0,3.0,0.0,3.0,6.0,58.1,1,13074,13074,13074,1083,12059,481,9917,988,18886,17345,23048,4541,347,1,17641,873,265,1.0,38:59,2015,2016
2015-16,202330,Gordon Hayward,Gordon,1610612762,UTA,Utah Jazz,21501198,2016-04-10T00:00:00,UTA @ DEN,W,36.3,7.0,0.0,7.0,10.0,8.0,6.0,10.0,28.0,1.0,2.0,1.0,5.0,49.3,1,1,1,1,2579,548,10158,454,1840,13914,13237,20169,5824,2692,23588,4972,1539,827,1.0,36:15,2015,2016
2015-16,201935,James Harden,James,1610612745,HOU,Houston Rockets,21501195,2016-04-10T00:00:00,HOU vs. LAL,W,41.4,8.0,3.0,14.0,16.0,12.0,9.0,16.0,38.0,0.0,1.0,2.0,5.0,72.3,1,1,1,1,410,308,3104,20,275,20178,19144,24641,1422,8004,17214,11390,1539,33,1.0,41:23,2015,2016
2015-16,1626144,Emmanuel Mudiay,Emmanuel,1610612743,DEN,Denver Nuggets,21501198,2016-04-10T00:00:00,DEN vs. UTA,L,37.5,4.0,0.0,2.0,8.0,11.0,12.0,9.0,32.0,0.0,1.0,2.0,2.0,31.1,1,13074,13074,13074,1740,2460,10158,4675,3109,18886,22832,18829,3535,8004,17214,11390,7786,5354,1.0,37:31,2015,2016
2015-16,101133,Ian Mahinmi,Ian,1610612754,IND,Indiana Pacers,21501199,2016-04-10T00:00:00,IND vs. BKN,W,21.6,4.0,5.0,0.0,14.0,10.0,5.0,12.0,12.0,0.0,0.0,1.0,2.0,26.7,1,1,1,1,14518,2460,995,9917,542,17370,11469,22259,18637,8004,1,4972,7786,7525,1.0,21:36,2015,2016
2015-16,203584,Troy Daniels,Troy,1610612766,CHA,Charlotte Hornets,21501194,2016-04-10T00:00:00,CHA @ WAS,L,21.7,0.0,0.0,0.0,0.0,8.0,0.0,13.0,18.0,0.0,0.0,4.0,1.0,11.9,1,13074,13074,13074,14458,12059,10158,9917,18861,13914,1,23048,13577,8004,1,22104,12373,17760,1.0,21:40,2015,2016
2015-16,201160,Jason Smith,Jason,1610612753,ORL,Orlando Magic,21501200,2016-04-10T00:00:00,ORL @ MIA,L,12.7,0.0,3.0,0.0,2.0,4.0,3.0,4.0,10.0,1.0,0.0,2.0,1.0,15.7,1,13074,13074,13074,21161,12059,3104,9917,12984,6141,7138,8806,20209,2692,1,11390,12373,14841,1.0,12:40,2015,2016
2015-16,1626168,Trey Lyles,Trey,1610612762,UTA,Utah Jazz,21501198,2016-04-10T00:00:00,UTA @ DEN,W,32.2,7.0,0.0,0.0,6.0,12.0,6.0,9.0,28.0,0.0,0.0,2.0,1.0,31.2,1,1,1,1,5747,548,10158,9917,5299,20178,13237,18829,5824,8004,1,11390,12373,5304,1.0,32:10,2015,2016
2015-16,202355,Hassan Whiteside,Hassan,1610612748,MIA,Miami Heat,21501200,2016-04-10T00:00:00,MIA vs. ORL,W,28.4,0.0,6.0,0.0,10.0,10.0,12.0,9.0,26.0,2.0,0.0,2.0,4.0,43.0,1,1,1,1,8954,12059,481,9917,1840,17370,22832,18829,7214,932,1,11390,2748,1733,1.0,28:22,2015,2016
2015-16,203901,Elfrid Payton,Elfrid,1610612753,ORL,Orlando Magic,21501200,2016-04-10T00:00:00,ORL @ MIA,L,25.8,0.0,2.0,2.0,4.0,12.0,6.0,8.0,34.0,0.0,2.0,2.0,2.0,19.8,1,13074,13074,13074,10993,12059,4731,4675,8599,20178,13237,17194,2701,8004,23588,11390,7786,11883,1.0,25:49,2015,2016
2015-16,202687,Bismack Biyombo,Bismack,1610612761,TOR,Toronto Raptors,21501202,2016-04-10T00:00:00,TOR @ NYK,W,20.1,0.0,0.0,0.0,0.0,2.0,5.0,0.0,10.0,0.0,0.0,3.0,1.0,12.1,1,1,1,1,15790,12059,10158,9917,18861,2619,11469,1,20209,8004,1,17641,12373,17639,1.0,20:09,2015,2016
2015-16,101135,David Lee,David,1610612742,DAL,Dallas Mavericks,21501196,2016-04-10T00:00:00,DAL @ LAC,L,16.7,2.0,0.0,0.0,0.0,9.0,3.0,12.0,8.0,0.0,1.0,2.0,1.0,12.4,1,13074,13074,13074,18488,6026,10158,9917,18861,15771,7138,22259,21543,8004,17214,11390,12373,17418,1.0,16:43,2015,2016
2015-16,201145,Jeff Green,Jeff,1610612746,LAC,LA Clippers,21501196,2016-04-10T00:00:00,LAC vs. DAL,W,19.6,4.0,0.0,7.0,6.0,5.0,4.0,7.0,16.0,1.0,1.0,0.0,1.0,27.2,1,1,1,1,16278,2460,10158,454,5299,8403,8458,15538,15259,2692,17214,1,12373,7289,1.0,19:33,2015,2016
2015-16,201933,Blake Griffin,Blake,1610612746,LAC,LA Clippers,21501196,2016-04-10T00:00:00,LAC vs. DAL,W,33.3,2.0,0.0,1.0,12.0,5.0,8.0,10.0,18.0,0.0,1.0,5.0,5.0,42.7,1,1,1,1,4894,6026,10158,9347,988,8403,17345,20169,13577,8004,17214,24686,1539,1800,1.0,33:18,2015,2016
2015-16,204038,Langston Galloway,Langston,1610612752,NYK,New York Knicks,21501202,2016-04-10T00:00:00,NYK vs. TOR,L,27.2,0.0,2.0,0.0,2.0,8.0,4.0,0.0,20.0,0.0,0.0,3.0,0.0,15.6,1,13074,13074,13074,9836,12059,4731,9917,12984,13914,8458,1,11929,8004,1,17641,18762,14916,1.0,27:13,2015,2016
2015-16,1626147,Justin Anderson,Justin,1610612742,DAL,Dallas Mavericks,21501196,2016-04-10T00:00:00,DAL @ LAC,L,26.1,1.0,0.0,3.0,0.0,8.0,3.0,6.0,32.0,0.0,1.0,5.0,4.0,15.2,1,13074,13074,13074,10755,11535,10158,3302,18861,13914,7138,13388,3535,8004,17214,24686,2748,15219,1.0,26:06,2015,2016
2015-16,201155,Rodney Stuckey,Rodney,1610612754,IND,Indiana Pacers,21501199,2016-04-10T00:00:00,IND vs. BKN,W,14.9,0.0,0.0,0.0,4.0,3.0,3.0,4.0,8.0,0.0,0.0,2.0,2.0,15.6,1,1,1,1,19800,12059,10158,9917,8599,5109,7138,8806,21543,8004,1,11390,7786,14916,1.0,14:56,2015,2016
2015-16,202696,Nikola Vučević,Nikola,1610612753,ORL,Orlando Magic,21501200,2016-04-10T00:00:00,ORL @ MIA,L,29.8,0.0,4.0,0.0,12.0,15.0,6.0,11.0,40.0,0.0,0.0,3.0,2.0,31.6,1,13074,13074,13074,7761,12059,1596,9917,988,23079,13237,21342,983,8004,1,17641,7786,5130,1.0,29:45,2015,2016
2015-16,1626257,Salah Mejri,Salah,1610612742,DAL,Dallas Mavericks,21501196,2016-04-10T00:00:00,DAL @ LAC,L,13.6,0.0,0.0,0.0,0.0,2.0,6.0,8.0,12.0,1.0,0.0,3.0,1.0,12.0,1,13074,13074,13074,20648,12059,10158,9917,18861,2619,13237,17194,18637,2692,1,17641,12373,17703,1.0,13:35,2015,2016
2015-16,2037,Jamal Crawford,Jamal,1610612746,LAC,LA Clippers,21501196,2016-04-10T00:00:00,LAC vs. DAL,W,26.4,3.0,3.0,5.0,4.0,5.0,6.0,7.0,20.0,0.0,0.0,1.0,3.0,27.2,1,1,1,1,10500,4307,3104,1277,8599,8403,13237,15538,11929,8004,1,4972,4736,7289,1.0,26:27,2015,2016
2015-16,202682,Derrick Williams,Derrick,1610612752,NYK,New York Knicks,21501202,2016-04-10T00:00:00,NYK vs. TOR,L,22.7,0.0,2.0,0.0,4.0,4.0,5.0,0.0,28.0,0.0,0.0,0.0,2.0,11.8,1,13074,13074,13074,13607,12059,4731,9917,8599,6141,11469,1,5824,8004,1,1,7786,17832,1.0,22:42,2015,2016
2015-16,204456,T.J. McConnell,T.J.,1610612755,PHI,Philadelphia 76ers,21501197,2016-04-10T00:00:00,PHI vs. MIL,L,23.4,0.0,0.0,2.0,4.0,3.0,6.0,5.0,28.0,0.0,0.0,2.0,0.0,26.3,1,13074,13074,13074,13075,12059,10158,4675,8599,5109,13237,11593,5824,8004,1,11390,18762,7733,1.0,23:21,2015,2016
2015-16,2730,Dwight Howard,Dwight,1610612745,HOU,Houston Rockets,21501195,2016-04-10T00:00:00,HOU vs. LAL,W,33.1,0.0,2.0,0.0,8.0,10.0,4.0,14.0,30.0,3.0,0.0,3.0,2.0,41.1,1,1,1,1,5074,12059,4731,9917,3109,17370,8458,23710,4541,347,1,17641,7786,2123,1.0,33:04,2015,2016
2015-16,203898,Tyler Ennis,Tyler,1610612749,MIL,Milwaukee Bucks,21501197,2016-04-10T00:00:00,MIL @ PHI,W,39.3,0.0,0.0,0.0,2.0,22.0,8.0,10.0,34.0,0.0,1.0,3.0,0.0,11.6,1,1,1,1,962,12059,10158,9917,12984,25683,17345,20169,2701,8004,17214,17641,18762,17970,1.0,39:16,2015,2016
2015-16,202388,Donald Sloan,Donald,1610612751,BKN,Brooklyn Nets,21501199,2016-04-10T00:00:00,BKN @ IND,L,34.6,2.0,0.0,5.0,6.0,7.0,9.0,9.0,48.0,0.0,0.0,1.0,3.0,30.1,1,13074,13074,13074,3878,6026,10158,1277,5299,12242,19144,18829,192,8004,1,4972,4736,5794,1.0,34:35,2015,2016
2015-16,202711,Bojan Bogdanović,Bojan,1610612751,BKN,Brooklyn Nets,21501199,2016-04-10T00:00:00,BKN @ IND,L,28.9,3.0,0.0,0.0,2.0,11.0,4.0,11.0,42.0,0.0,1.0,1.0,2.0,15.9,1,13074,13074,13074,8448,4307,10158,9917,12984,18886,8458,21342,670,8004,17214,4972,7786,14675,1.0,28:54,2015,2016
2015-16,203937,Kyle Anderson,Kyle,1610612759,SAS,San Antonio Spurs,21501201,2016-04-10T00:00:00,SAS vs. GSW,L,17.7,2.0,0.0,2.0,4.0,3.0,0.0,4.0,8.0,0.0,1.0,3.0,0.0,15.1,1,13074,13074,13074,17788,6026,10158,4675,8599,5109,1,8806,21543,8004,17214,17641,18762,15328,1.0,17:39,2015,2016
2015-16,203930,Sean Kilpatrick,Sean,1610612751,BKN,Brooklyn Nets,21501199,2016-04-10T00:00:00,BKN @ IND,L,28.4,2.0,7.0,6.0,12.0,7.0,8.0,6.0,32.0,0.0,2.0,3.0,2.0,30.4,1,13074,13074,13074,8934,6026,292,740,988,12242,17345,13388,3535,8004,23588,17641,7786,5661,1.0,28:23,2015,2016
2015-16,1626163,Frank Kaminsky,Frank,1610612766,CHA,Charlotte Hornets,21501194,2016-04-10T00:00:00,CHA @ WAS,L,30.3,3.0,2.0,0.0,2.0,14.0,2.0,16.0,28.0,0.0,0.0,2.0,5.0,31.2,1,13074,13074,13074,7249,4307,4731,9917,12984,22292,3734,24641,5824,8004,1,11390,1539,5304,1.0,30:19,2015,2016
2015-16,203490,Otto Porter Jr.,Otto,1610612764,WAS,Washington Wizards,21501194,2016-04-10T00:00:00,WAS vs. CHA,W,22.3,0.0,0.0,0.0,2.0,14.0,6.0,3.0,16.0,0.0,0.0,1.0,0.0,12.4,1,1,1,1,13920,12059,10158,9917,12984,22292,13237,7328,15259,8004,1,4972,18762,17418,1.0,22:18,2015,2016
2015-16,203917,Nik Stauskas,Nik,1610612755,PHI,Philadelphia 76ers,21501197,2016-04-10T00:00:00,PHI vs. MIL,L,36.5,2.0,0.0,0.0,2.0,15.0,5.0,17.0,38.0,0.0,2.0,1.0,3.0,15.2,1,13074,13074,13074,2419,6026,10158,9917,12984,23079,11469,24967,1422,8004,23588,4972,4736,15219,1.0,36:28,2015,2016
2015-16,977,Kobe Bryant,Kobe,1610612747,LAL,Los Angeles Lakers,21501195,2016-04-10T00:00:00,LAL @ HOU,L,27.4,6.0,0.0,3.0,8.0,16.0,15.0,22.0,36.0,0.0,0.0,1.0,4.0,40.9,1,13074,13074,13074,9664,878,10158,3302,3109,23774,24781,25811,1943,8004,1,4972,2748,2166,1.0,27:26,2015,2016
2015-16,201579,Roy Hibbert,Roy,1610612747,LAL,Los Angeles Lakers,21501195,2016-04-10T00:00:00,LAL @ HOU,L,24.0,0.0,0.0,0.0,0.0,16.0,7.0,19.0,40.0,2.0,1.0,3.0,2.0,15.1,1,13074,13074,13074,12549,12059,10158,9917,18861,23774,15642,25435,983,932,17214,17641,7786,15328,1.0,24:00,2015,2016
2015-16,2756,Sasha Vujacic,Sasha,1610612752,NYK,New York Knicks,21501202,2016-04-10T00:00:00,NYK vs. TOR,L,35.2,0.0,0.0,0.0,0.0,8.0,9.0,0.0,30.0,1.0,1.0,3.0,2.0,27.1,1,13074,13074,13074,3413,12059,10158,9917,18861,13914,19144,1,4541,2692,17214,17641,7786,7339,1.0,35:10,2015,2016
2015-16,201988,Patty Mills,Patty,1610612759,SAS,San Antonio Spurs,21501201,2016-04-10T00:00:00,SAS vs. GSW,L,20.9,0.0,2.0,0.0,2.0,3.0,0.0,4.0,12.0,0.0,1.0,2.0,3.0,15.4,1,13074,13074,13074,15108,12059,4731,9917,12984,5109,1,8806,18637,8004,17214,11390,4736,15066,1.0,20:56,2015,2016
2015-16,201588,George Hill,George,1610612754,IND,Indiana Pacers,21501199,2016-04-10T00:00:00,IND vs. BKN,W,21.1,4.0,0.0,4.0,4.0,7.0,5.0,12.0,14.0,0.0,1.0,0.0,1.0,33.0,1,1,1,1,14996,2460,10158,1913,8599,12242,11469,22259,17019,8004,17214,1,12373,4537,1.0,21:04,2015,2016
2015-16,2746,Josh Smith,Josh,1610612745,HOU,Houston Rockets,21501195,2016-04-10T00:00:00,HOU vs. LAL,W,19.4,0.0,3.0,0.0,0.0,0.0,7.0,9.0,20.0,0.0,0.0,2.0,3.0,17.1,1,1,1,1,16420,12059,3104,9917,18861,1,15642,18829,11929,8004,1,11390,4736,13791,1.0,19:21,2015,2016
2015-16,203906,Devyn Marble,Devyn,1610612753,ORL,Orlando Magic,21501200,2016-04-10T00:00:00,ORL @ MIA,L,26.6,0.0,0.0,3.0,2.0,6.0,5.0,6.0,30.0,0.0,0.0,1.0,3.0,13.9,1,13074,13074,13074,10393,12059,10158,3302,12984,10028,11469,13388,4541,8004,1,4972,4736,16232,1.0,26:34,2015,2016
2015-16,203918,Rodney Hood,Rodney,1610612762,UTA,Utah Jazz,21501198,2016-04-10T00:00:00,UTA @ DEN,W,34.3,0.0,3.0,0.0,4.0,12.0,4.0,11.0,28.0,0.0,2.0,0.0,1.0,28.0,1,1,1,1,4099,12059,3104,9917,8599,20178,8458,21342,5824,8004,23588,1,12373,6864,1.0,34:18,2015,2016
2015-16,202331,Paul George,Paul,1610612754,IND,Indiana Pacers,21501199,2016-04-10T00:00:00,IND vs. BKN,W,22.5,5.0,3.0,2.0,4.0,7.0,5.0,10.0,14.0,0.0,0.0,3.0,4.0,28.0,1,1,1,1,13781,1603,3104,4675,8599,12242,11469,20169,17019,8004,1,17641,2748,6864,1.0,22:28,2015,2016
2015-16,200746,LaMarcus Aldridge,LaMarcus,1610612759,SAS,San Antonio Spurs,21501201,2016-04-10T00:00:00,SAS vs. GSW,L,33.1,2.0,2.0,0.0,6.0,10.0,8.0,12.0,28.0,1.0,1.0,0.0,1.0,39.5,1,13074,13074,13074,5016,6026,4731,9917,5299,17370,17345,22259,5824,2692,17214,1,12373,2497,1.0,33:08,2015,2016
2015-16,203156,Henry Sims,Henry,1610612751,BKN,Brooklyn Nets,21501199,2016-04-10T00:00:00,BKN @ IND,L,18.9,0.0,0.0,0.0,2.0,8.0,10.0,3.0,20.0,0.0,0.0,4.0,2.0,14.1,1,13074,13074,13074,16790,12059,10158,9917,12984,13914,20509,7328,11929,8004,1,22104,7786,16094,1.0,18:53,2015,2016
2015-16,2744,Al Jefferson,Al,1610612766,CHA,Charlotte Hornets,21501194,2016-04-10T00:00:00,CHA @ WAS,L,21.4,2.0,2.0,0.0,6.0,12.0,2.0,11.0,22.0,0.0,1.0,4.0,1.0,17.4,1,13074,13074,13074,14679,6026,4731,9917,5299,20178,3734,21342,10265,8004,17214,22104,12373,13595,1.0,21:25,2015,2016
2015-16,1626196,Josh Richardson,Josh,1610612748,MIA,Miami Heat,21501200,2016-04-10T00:00:00,MIA vs. ORL,W,34.1,2.0,0.0,2.0,4.0,10.0,6.0,12.0,24.0,0.0,0.0,1.0,1.0,17.6,1,1,1,1,4261,6026,10158,4675,8599,17370,13237,22259,8723,8004,1,4972,12373,13443,1.0,34:07,2015,2016
2015-16,2738,Andre Iguodala,Andre,1610612744,GSW,Golden State Warriors,21501201,2016-04-10T00:00:00,GSW @ SAS,W,28.5,0.0,0.0,0.0,0.0,5.0,9.0,2.0,18.0,1.0,2.0,1.0,1.0,21.9,1,1,1,1,8851,12059,10158,9917,18861,8403,19144,4025,13577,2692,23588,4972,12373,10460,1.0,28:29,2015,2016
2015-16,201599,DeAndre Jordan,DeAndre,1610612746,LAC,LA Clippers,21501196,2016-04-10T00:00:00,LAC vs. DAL,W,32.0,0.0,0.0,1.0,8.0,2.0,4.0,9.0,16.0,1.0,0.0,2.0,16.0,28.0,1,1,1,1,5866,12059,10158,9347,3109,2619,8458,18829,15259,2692,1,11390,5,6864,1.0,32:01,2015,2016
2015-16,1626170,Jerian Grant,Jerian,1610612752,NYK,New York Knicks,21501202,2016-04-10T00:00:00,NYK vs. TOR,L,38.4,2.0,2.0,3.0,12.0,8.0,7.0,0.0,42.0,0.0,1.0,1.0,5.0,32.1,1,13074,13074,13074,1328,6026,4731,3302,988,13914,15642,1,670,8004,17214,4972,1539,4889,1.0,38:23,2015,2016
2015-16,203095,Evan Fournier,Evan,1610612753,ORL,Orlando Magic,21501200,2016-04-10T00:00:00,ORL @ MIA,L,31.5,7.0,3.0,7.0,12.0,17.0,7.0,13.0,40.0,0.0,1.0,1.0,1.0,31.9,1,13074,13074,13074,6282,548,3104,454,988,24337,15642,23048,983,8004,17214,4972,12373,4984,1.0,31:32,2015,2016
2015-16,203924,Jerami Grant,Jerami,1610612755,PHI,Philadelphia 76ers,21501197,2016-04-10T00:00:00,PHI vs. MIL,L,43.1,0.0,2.0,2.0,10.0,15.0,5.0,14.0,50.0,3.0,3.0,1.0,8.0,39.8,1,13074,13074,13074,194,12059,4731,4675,1840,23079,11469,23710,107,347,25441,4972,254,2422,1.0,43:08,2015,2016
2015-16,2736,Luol Deng,Luol,1610612748,MIA,Miami Heat,21501200,2016-04-10T00:00:00,MIA vs. ORL,W,35.0,4.0,0.0,6.0,12.0,5.0,12.0,8.0,30.0,0.0,0.0,5.0,4.0,31.9,1,1,1,1,3534,2460,10158,740,988,8403,22832,17194,4541,8004,1,24686,2748,4984,1.0,35:00,2015,2016
2015-16,201196,Ramon Sessions,Ramon,1610612764,WAS,Washington Wizards,21501194,2016-04-10T00:00:00,WAS vs. CHA,W,36.4,0.0,0.0,0.0,8.0,14.0,8.0,3.0,20.0,0.0,0.0,1.0,4.0,39.5,1,1,1,1,2497,12059,10158,9917,3109,22292,17345,7328,11929,8004,1,4972,2748,2497,1.0,36:22,2015,2016
2015-16,202335,Patrick Patterson,Patrick,1610612761,TOR,Toronto Raptors,21501202,2016-04-10T00:00:00,TOR @ NYK,W,29.0,2.0,0.0,0.0,2.0,4.0,7.0,5.0,22.0,1.0,0.0,1.0,0.0,13.6,1,1,1,1,8413,6026,10158,9917,12984,6141,15642,11593,10265,2692,1,4972,18762,16460,1.0,28:57,2015,2016
2015-16,201162,Jared Dudley,Jared,1610612764,WAS,Washington Wizards,21501194,2016-04-10T00:00:00,WAS vs. CHA,W,28.7,3.0,0.0,0.0,4.0,2.0,4.0,2.0,8.0,2.0,0.0,2.0,2.0,39.9,1,1,1,1,8685,4307,10158,9917,8599,2619,8458,4025,21543,932,1,11390,7786,2396,1.0,28:39,2015,2016
2015-16,202691,Klay Thompson,Klay,1610612744,GSW,Golden State Warriors,21501201,2016-04-10T00:00:00,GSW @ SAS,W,34.9,2.0,0.0,7.0,8.0,6.0,8.0,4.0,26.0,1.0,1.0,2.0,0.0,28.2,1,1,1,1,3621,6026,10158,454,3109,10028,17345,8806,7214,2692,17214,11390,18762,6778,1.0,34:53,2015,2016
2015-16,2207,Joe Johnson,Joe,1610612748,MIA,Miami Heat,21501200,2016-04-10T00:00:00,MIA vs. ORL,W,27.3,3.0,0.0,3.0,2.0,10.0,12.0,9.0,26.0,0.0,0.0,1.0,0.0,16.9,1,1,1,1,9741,4307,10158,3302,12984,17370,22832,18829,7214,8004,1,4972,18762,13911,1.0,27:20,2015,2016
2015-16,2585,Zaza Pachulia,Zaza,1610612742,DAL,Dallas Mavericks,21501196,2016-04-10T00:00:00,DAL @ LAC,L,16.8,0.0,0.0,0.0,4.0,11.0,3.0,8.0,14.0,2.0,0.0,1.0,1.0,13.8,1,13074,13074,13074,18393,12059,10158,9917,8599,18886,7138,17194,17019,932,1,4972,12373,16311,1.0,16:50,2015,2016
2015-16,203994,Jusuf Nurkić,Jusuf,1610612743,DEN,Denver Nuggets,21501198,2016-04-10T00:00:00,DEN vs. UTA,L,21.9,3.0,2.0,3.0,4.0,6.0,9.0,4.0,18.0,2.0,0.0,3.0,4.0,17.3,1,13074,13074,13074,14258,4307,4731,3302,8599,10028,19144,8806,13577,932,1,17641,2748,13671,1.0,21:54,2015,2016
2015-16,101145,Monta Ellis,Monta,1610612754,IND,Indiana Pacers,21501199,2016-04-10T00:00:00,IND vs. BKN,W,21.7,0.0,0.0,0.0,0.0,10.0,5.0,12.0,14.0,0.0,0.0,3.0,2.0,17.7,1,1,1,1,14446,12059,10158,9917,18861,17370,11469,22259,17019,8004,1,17641,7786,13380,1.0,21:41,2015,2016
2015-16,2403,Nene,ene,1610612764,WAS,Washington Wizards,21501194,2016-04-10T00:00:00,WAS vs. CHA,W,16.3,0.0,0.0,5.0,4.0,0.0,0.0,2.0,6.0,2.0,0.0,3.0,4.0,22.0,1,1,1,1,18820,12059,10158,1277,8599,1,1,4025,22724,932,1,17641,2748,10388,1.0,16:18,2015,2016
2015-16,201177,Josh McRoberts,Josh,1610612748,MIA,Miami Heat,21501200,2016-04-10T00:00:00,MIA vs. ORL,W,19.6,0.0,1.0,0.0,0.0,3.0,3.0,6.0,12.0,0.0,0.0,1.0,2.0,17.3,1,1,1,1,16202,12059,9709,9917,18861,5109,7138,13388,18637,8004,1,4972,7786,13671,1.0,19:38,2015,2016
2015-16,2548,Dwyane Wade,Dwyane,1610612748,MIA,Miami Heat,21501200,2016-04-10T00:00:00,MIA vs. ORL,W,23.9,6.0,0.0,0.0,8.0,10.0,12.0,9.0,24.0,0.0,0.0,1.0,2.0,33.1,1,1,1,1,12621,878,10158,9917,3109,17370,22832,18829,8723,8004,1,4972,7786,4505,1.0,23:56,2015,2016
2015-16,101108,Chris Paul,Chris,1610612746,LAC,LA Clippers,21501196,2016-04-10T00:00:00,LAC vs. DAL,W,35.2,2.0,0.0,2.0,2.0,2.0,4.0,7.0,12.0,0.0,0.0,2.0,2.0,32.9,1,1,1,1,3357,6026,10158,4675,12984,2619,8458,15538,18637,8004,1,11390,7786,4566,1.0,35:14,2015,2016
2015-16,202700,Donatas Motiejunas,Donatas,1610612745,HOU,Houston Rockets,21501195,2016-04-10T00:00:00,HOU vs. LAL,W,19.2,2.0,0.0,2.0,6.0,10.0,2.0,7.0,14.0,0.0,0.0,1.0,2.0,16.0,1,1,1,1,16501,6026,10158,4675,5299,17370,3734,15538,17019,8004,1,4972,7786,14590,1.0,19:14,2015,2016
2015-16,203527,Ryan Kelly,Ryan,1610612747,LAL,Los Angeles Lakers,21501195,2016-04-10T00:00:00,LAL @ HOU,L,2.4,0.0,0.0,0.0,0.0,2.0,0.0,0.0,2.0,0.0,0.0,0.0,0.0,2.4,1,13074,13074,13074,25365,12059,10158,9917,18861,2619,1,1,24614,8004,1,1,18762,24024,1.0,2:26,2015,2016
2015-16,203948,Johnny O'Bryant III,Johnny,1610612749,MIL,Milwaukee Bucks,21501197,2016-04-10T00:00:00,MIL @ PHI,W,21.6,1.0,3.0,2.0,2.0,8.0,4.0,0.0,10.0,0.0,0.0,3.0,3.0,12.6,1,1,1,1,14555,11535,3104,4675,12984,13914,8458,1,20209,8004,1,17641,4736,17277,1.0,21:33,2015,2016
2015-16,101139,CJ Miles,CJ,1610612754,IND,Indiana Pacers,21501199,2016-04-10T00:00:00,IND vs. BKN,W,15.9,0.0,0.0,0.0,0.0,3.0,3.0,8.0,10.0,1.0,0.0,2.0,0.0,17.9,1,1,1,1,19151,12059,10158,9917,18861,5109,7138,17194,20209,2692,1,11390,18762,13229,1.0,15:51,2015,2016
2015-16,201228,C.J. Watson,C.J.,1610612753,ORL,Orlando Magic,21501200,2016-04-10T00:00:00,ORL @ MIA,L,22.2,3.0,0.0,3.0,2.0,7.0,3.0,7.0,26.0,0.0,0.0,4.0,1.0,16.6,1,13074,13074,13074,14020,4307,10158,3302,12984,12242,7138,15538,7214,8004,1,22104,12373,14125,1.0,22:11,2015,2016
2015-16,202709,Cory Joseph,Cory,1610612761,TOR,Toronto Raptors,21501202,2016-04-10T00:00:00,TOR @ NYK,W,18.3,0.0,2.0,0.0,0.0,2.0,5.0,0.0,8.0,0.0,0.0,1.0,2.0,8.1,1,1,1,1,17231,12059,4731,9917,18861,2619,11469,1,21543,8004,1,4972,7786,20521,1.0,18:21,2015,2016
2015-16,1891,Jason Terry,Jason,1610612745,HOU,Houston Rockets,21501195,2016-04-10T00:00:00,HOU vs. LAL,W,20.6,0.0,3.0,0.0,2.0,6.0,9.0,4.0,24.0,0.0,0.0,0.0,0.0,16.0,1,1,1,1,15360,12059,3104,9917,12984,10028,19144,8806,8723,8004,1,1,18762,14590,1.0,20:38,2015,2016
2015-16,203080,Thomas Robinson,Thomas,1610612751,BKN,Brooklyn Nets,21501199,2016-04-10T00:00:00,BKN @ IND,L,9.3,0.0,2.0,2.0,2.0,6.0,0.0,4.0,14.0,0.0,0.0,1.0,0.0,2.4,1,13074,13074,13074,22692,12059,4731,4675,12984,10028,1,8806,17019,8004,1,4972,18762,24024,1.0,9:20,2015,2016
2015-16,201578,Marreese Speights,Marreese,1610612744,GSW,Golden State Warriors,21501201,2016-04-10T00:00:00,GSW @ SAS,W,8.4,0.0,0.0,0.0,2.0,0.0,3.0,0.0,6.0,2.0,0.0,0.0,1.0,18.0,1,1,1,1,23060,12059,10158,9917,12984,1,7138,1,22724,932,1,1,12373,13164,1.0,8:23,2015,2016
2015-16,202083,Wesley Matthews,Wesley,1610612742,DAL,Dallas Mavericks,21501196,2016-04-10T00:00:00,DAL @ LAC,L,30.8,0.0,2.0,0.0,0.0,11.0,6.0,14.0,26.0,0.0,0.0,2.0,2.0,8.5,1,13074,13074,13074,6863,12059,4731,9917,18861,18886,13237,23710,7214,8004,1,11390,7786,20215,1.0,30:50,2015,2016
2015-16,204067,Jarell Eddie,Jarell,1610612764,WAS,Washington Wizards,21501194,2016-04-10T00:00:00,WAS vs. CHA,W,0.8,0.0,0.0,0.0,0.0,0.0,0.0,0.0,0.0,0.0,0.0,0.0,0.0,3.0,1,1,1,1,25910,12059,10158,9917,18861,1,1,1,25429,8004,1,1,18762,23648,1.0,0:51,2015,2016
2015-16,202332,Cole Aldrich,Cole,1610612746,LAC,LA Clippers,21501196,2016-04-10T00:00:00,LAC vs. DAL,W,10.1,2.0,0.0,0.0,4.0,0.0,0.0,2.0,6.0,1.0,0.0,2.0,0.0,18.1,1,1,1,1,22412,6026,10158,9917,8599,1,1,4025,22724,2692,1,11390,18762,13090,1.0,10:04,2015,2016
2015-16,203546,Ian Clark,Ian,1610612744,GSW,Golden State Warriors,21501201,2016-04-10T00:00:00,GSW @ SAS,W,4.9,0.0,0.0,0.0,0.0,0.0,2.0,0.0,6.0,0.0,0.0,0.0,0.0,3.0,1,1,1,1,24401,12059,10158,9917,18861,1,3734,1,22724,8004,1,1,18762,23648,1.0,4:54,2015,2016
2015-16,201563,Michael Beasley,Michael,1610612745,HOU,Houston Rockets,21501195,2016-04-10T00:00:00,HOU vs. LAL,W,9.4,0.0,6.0,0.0,4.0,6.0,2.0,2.0,14.0,0.0,1.0,0.0,0.0,13.1,1,1,1,1,22663,12059,481,9917,8599,10028,3734,4025,17019,8004,17214,1,18762,16874,1.0,9:25,2015,2016
2015-16,203087,Jeremy Lamb,Jeremy,1610612766,CHA,Charlotte Hornets,21501194,2016-04-10T00:00:00,CHA @ WAS,L,2.8,0.0,0.0,0.0,0.0,0.0,0.0,2.0,2.0,0.0,0.0,0.0,0.0,3.0,1,13074,13074,13074,25223,12059,10158,9917,18861,1,1,4025,24614,8004,1,1,18762,23648,1.0,2:45,2015,2016
2015-16,203138,Hollis Thompson,Hollis,1610612755,PHI,Philadelphia 76ers,21501197,2016-04-10T00:00:00,PHI vs. MIL,L,24.3,6.0,0.0,3.0,0.0,1.0,8.0,8.0,26.0,0.0,1.0,5.0,0.0,16.3,1,13074,13074,13074,12295,878,10158,3302,18861,2356,17345,17194,7214,8004,17214,24686,18762,14372,1.0,24:19,2015,2016
2015-16,203530,Joffrey Lauvergne,Joffrey,1610612743,DEN,Denver Nuggets,21501198,2016-04-10T00:00:00,DEN vs. UTA,L,22.9,0.0,0.0,0.0,4.0,12.0,9.0,7.0,20.0,1.0,2.0,2.0,1.0,18.5,1,13074,13074,13074,13470,12059,10158,9917,8599,20178,19144,15538,11929,2692,23588,11390,12373,12794,1.0,22:53,2015,2016
2015-16,201960,DeMarre Carroll,DeMarre,1610612761,TOR,Toronto Raptors,21501202,2016-04-10T00:00:00,TOR @ NYK,W,17.4,0.0,0.0,0.0,0.0,2.0,4.0,0.0,10.0,1.0,1.0,2.0,1.0,18.5,1,1,1,1,18004,12059,10158,9917,18861,2619,8458,1,20209,2692,17214,11390,12373,12794,1.0,17:21,2015,2016
2015-16,203143,Pablo Prigioni,Pablo,1610612746,LAC,LA Clippers,21501196,2016-04-10T00:00:00,LAC vs. DAL,W,8.9,0.0,0.0,0.0,0.0,0.0,0.0,5.0,4.0,0.0,0.0,2.0,0.0,3.0,1,1,1,1,22890,12059,10158,9917,18861,1,1,11593,23698,8004,1,11390,18762,23648,1.0,8:53,2015,2016
2015-16,101187,Alan Anderson,Alan,1610612764,WAS,Washington Wizards,21501194,2016-04-10T00:00:00,WAS vs. CHA,W,12.8,2.0,0.0,4.0,2.0,0.0,0.0,2.0,2.0,0.0,0.0,1.0,3.0,7.6,1,1,1,1,21062,6026,10158,1913,12984,1,1,4025,24614,8004,1,4972,4736,20803,1.0,12:50,2015,2016
2015-16,1626162,Kelly Oubre Jr.,Kelly,1610612764,WAS,Washington Wizards,21501194,2016-04-10T00:00:00,WAS vs. CHA,W,17.3,0.0,0.0,2.0,4.0,0.0,2.0,2.0,4.0,0.0,0.0,3.0,2.0,7.6,1,1,1,1,18024,12059,10158,4675,8599,1,3734,4025,23698,8004,1,17641,7786,20803,1.0,17:20,2015,2016
2015-16,203939,Dwight Powell,Dwight,1610612742,DAL,Dallas Mavericks,21501196,2016-04-10T00:00:00,DAL @ LAC,L,8.7,2.0,2.0,2.0,4.0,0.0,0.0,0.0,8.0,0.0,0.0,0.0,1.0,7.6,1,13074,13074,13074,22968,6026,4731,4675,8599,1,1,1,21543,8004,1,1,12373,20803,1.0,8:41,2015,2016
2015-16,1626191,Chris McCullough,Chris,1610612751,BKN,Brooklyn Nets,21501199,2016-04-10T00:00:00,BKN @ IND,L,12.7,0.0,0.0,0.0,0.0,13.0,4.0,6.0,20.0,0.0,1.0,0.0,2.0,13.1,1,13074,13074,13074,21121,12059,10158,9917,18861,21300,8458,13388,11929,8004,17214,1,7786,16874,1.0,12:43,2015,2016
2015-16,1626209,Mario Hezonja,Mario,1610612753,ORL,Orlando Magic,21501200,2016-04-10T00:00:00,ORL @ MIA,L,31.8,3.0,3.0,0.0,0.0,17.0,6.0,11.0,42.0,0.0,0.0,2.0,1.0,16.1,1,13074,13074,13074,6074,4307,3104,9917,18861,24337,13237,21342,670,8004,1,11390,12373,14515,1.0,31:48,2015,2016
2015-16,201601,Luc Mbah a Moute,Luc,1610612746,LAC,LA Clippers,21501196,2016-04-10T00:00:00,LAC vs. DAL,W,13.4,0.0,0.0,0.0,2.0,0.0,2.0,2.0,8.0,1.0,0.0,2.0,1.0,12.7,1,1,1,1,20739,12059,10158,9917,12984,1,3734,4025,21543,2692,1,11390,12373,17201,1.0,13:25,2015,2016
2015-16,1626204,Larry Nance Jr.,Larry,1610612747,LAL,Los Angeles Lakers,21501195,2016-04-10T00:00:00,LAL @ HOU,L,18.1,2.0,6.0,2.0,8.0,4.0,14.0,5.0,18.0,0.0,0.0,1.0,0.0,21.1,1,13074,13074,13074,17402,6026,481,4675,3109,6141,24300,11593,13577,8004,1,4972,18762,11012,1.0,18:08,2015,2016
2015-16,2734,Devin Harris,Devin,1610612742,DAL,Dallas Mavericks,21501196,2016-04-10T00:00:00,DAL @ LAC,L,25.3,0.0,0.0,3.0,0.0,9.0,3.0,14.0,16.0,0.0,0.0,3.0,1.0,16.1,1,13074,13074,13074,11457,12059,10158,3302,18861,15771,7138,23710,15259,8004,1,17641,12373,14515,1.0,25:17,2015,2016
2015-16,203991,Clint Capela,Clint,1610612745,HOU,Houston Rockets,21501195,2016-04-10T00:00:00,HOU vs. LAL,W,14.9,2.0,2.0,0.0,4.0,6.0,7.0,4.0,18.0,1.0,0.0,1.0,1.0,13.0,1,1,1,1,19797,6026,4731,9917,8599,10028,15642,8806,13577,2692,1,4972,12373,16969,1.0,14:57,2015,2016
2015-16,1626181,Norman Powell,Norman,1610612761,TOR,Toronto Raptors,21501202,2016-04-10T00:00:00,TOR @ NYK,W,20.7,0.0,0.0,0.0,2.0,0.0,8.0,2.0,16.0,0.0,1.0,1.0,1.0,7.7,1,1,1,1,15302,12059,10158,9917,12984,1,17345,4025,15259,8004,17214,4972,12373,20733,1.0,20:43,2015,2016
2015-16,202693,Markieff Morris,Markieff,1610612764,WAS,Washington Wizards,21501194,2016-04-10T00:00:00,WAS vs. CHA,W,18.5,0.0,2.0,0.0,6.0,12.0,4.0,3.0,14.0,0.0,0.0,4.0,2.0,18.4,1,1,1,1,17094,12059,4731,9917,5299,20178,8458,7328,17019,8004,1,22104,7786,12854,1.0,18:30,2015,2016
2015-16,202714,Shelvin Mack,Shelvin,1610612762,UTA,Utah Jazz,21501198,2016-04-10T00:00:00,UTA @ DEN,W,35.2,2.0,0.0,2.0,8.0,13.0,6.0,10.0,28.0,0.0,1.0,2.0,0.0,25.6,1,1,1,1,3413,6026,10158,4675,3109,21300,13237,20169,5824,8004,17214,11390,18762,8157,1.0,35:10,2015,2016
2015-16,203115,Will Barton,Will,1610612743,DEN,Denver Nuggets,21501198,2016-04-10T00:00:00,DEN vs. UTA,L,34.5,2.0,0.0,2.0,6.0,14.0,13.0,9.0,30.0,2.0,2.0,1.0,1.0,34.9,1,13074,13074,13074,3961,6026,10158,4675,5299,22292,23668,18829,4541,932,23588,4972,12373,3845,1.0,34:29,2015,2016
2015-16,2561,David West,David,1610612759,SAS,San Antonio Spurs,21501201,2016-04-10T00:00:00,SAS vs. GSW,L,28.8,2.0,0.0,2.0,2.0,8.0,8.0,7.0,26.0,0.0,1.0,2.0,1.0,25.5,1,13074,13074,13074,8534,6026,10158,4675,12984,13914,17345,15538,7214,8004,17214,11390,12373,8230,1.0,28:48,2015,2016
2015-16,203552,Seth Curry,Seth,1610612758,SAC,Sacramento Kings,21501193,2016-04-09T00:00:00,SAC vs. OKC,W,33.1,6.0,3.0,6.0,2.0,8.0,15.0,5.0,18.0,0.0,1.0,2.0,0.0,25.9,1,1,1,1,5016,878,3104,740,12984,13914,24781,11593,13577,8004,17214,11390,18762,7960,1.0,33:08,2015,2016
2015-16,201937,Ricky Rubio,Ricky,1610612750,MIN,Minnesota Timberwolves,21501192,2016-04-09T00:00:00,MIN @ POR,W,32.4,3.0,0.0,0.0,0.0,14.0,5.0,2.0,30.0,0.0,1.0,3.0,2.0,34.3,1,1,1,1,5595,4307,10158,9917,18861,22292,11469,4025,4541,8004,17214,17641,7786,4063,1.0,32:22,2015,2016
2015-16,203098,John Jenkins,John,1610612756,PHX,Phoenix Suns,21501189,2016-04-09T00:00:00,PHX @ NOP,W,17.4,0.0,4.0,0.0,4.0,9.0,5.0,14.0,24.0,0.0,0.0,1.0,1.0,10.2,1,1,1,1,18004,12059,1596,9917,8599,15771,11469,23710,8723,8004,1,4972,12373,19003,1.0,17:21,2015,2016
2015-16,203952,Andrew Wiggins,Andrew,1610612750,MIN,Minnesota Timberwolves,21501192,2016-04-09T00:00:00,MIN @ POR,W,32.3,6.0,2.0,0.0,12.0,14.0,5.0,2.0,30.0,0.0,2.0,4.0,4.0,25.9,1,1,1,1,5663,878,4731,9917,988,22292,11469,4025,4541,8004,23588,22104,2748,7960,1.0,32:17,2015,2016
2015-16,2738,Andre Iguodala,Andre,1610612744,GSW,Golden State Warriors,21501190,2016-04-09T00:00:00,GSW @ MEM,W,26.8,0.0,2.0,3.0,2.0,7.0,10.0,5.0,24.0,0.0,0.0,1.0,0.0,10.0,1,1,1,1,10232,12059,4731,3302,12984,12242,20509,11593,8723,8004,1,4972,18762,19178,1.0,26:46,2015,2016
2015-16,202357,Nemanja Bjelica,Nemanja,1610612750,MIN,Minnesota Timberwolves,21501192,2016-04-09T00:00:00,MIN @ POR,W,30.1,1.0,2.0,0.0,4.0,7.0,8.0,2.0,28.0,1.0,0.0,2.0,3.0,34.0,1,1,1,1,7482,11535,4731,9917,8599,12242,17345,4025,5824,2692,1,11390,4736,4162,1.0,30:04,2015,2016
2015-16,203141,Mirza Teletovic,Mirza,1610612756,PHX,Phoenix Suns,21501189,2016-04-09T00:00:00,PHX @ NOP,W,29.1,0.0,2.0,3.0,6.0,15.0,9.0,10.0,30.0,1.0,1.0,2.0,3.0,34.0,1,1,1,1,8306,12059,4731,3302,5299,23079,19144,20169,4541,2692,17214,11390,4736,4162,1.0,29:05,2015,2016
2015-16,202334,Ed Davis,Ed,1610612757,POR,Portland Trail Blazers,21501192,2016-04-09T00:00:00,POR vs. MIN,L,16.1,2.0,0.0,0.0,6.0,3.0,11.0,0.0,20.0,0.0,0.0,3.0,1.0,14.4,1,13074,13074,13074,18952,6026,10158,9917,5299,5109,21814,1,11929,8004,1,17641,12373,15857,1.0,16:07,2015,2016
2015-16,202684,Tristan Thompson,Tristan,1610612739,CLE,Cleveland Cavaliers,21501191,2016-04-09T00:00:00,CLE @ CHI,L,30.9,0.0,1.0,0.0,2.0,14.0,14.0,5.0,18.0,3.0,1.0,4.0,4.0,26.1,1,13074,13074,13074,6835,12059,9709,9917,12984,22292,24300,11593,13577,347,17214,22104,2748,7836,1.0,30:52,2015,2016
2015-16,204098,Xavier Munford,Xavier,1610612763,MEM,Memphis Grizzlies,21501190,2016-04-09T00:00:00,MEM vs. GSW,L,29.5,0.0,0.0,0.0,4.0,3.0,6.0,6.0,22.0,1.0,0.0,2.0,1.0,34.4,1,13074,13074,13074,7944,12059,10158,9917,8599,5109,13237,13388,10265,2692,1,11390,12373,4029,1.0,29:32,2015,2016
2015-16,201582,Alexis Ajinca,Alexis,1610612740,NOP,New Orleans Pelicans,21501189,2016-04-09T00:00:00,NOP vs. PHX,L,23.2,0.0,2.0,0.0,2.0,9.0,3.0,8.0,20.0,1.0,1.0,3.0,3.0,10.3,1,13074,13074,13074,13217,12059,4731,9917,12984,15771,7138,17194,11929,2692,17214,17641,4736,18965,1.0,23:11,2015,2016
2015-16,2733,Shaun Livingston,Shaun,1610612744,GSW,Golden State Warriors,21501190,2016-04-09T00:00:00,GSW @ MEM,W,16.4,2.0,0.0,0.0,2.0,8.0,9.0,3.0,20.0,1.0,0.0,1.0,2.0,14.4,1,1,1,1,18698,6026,10158,9917,12984,13914,19144,7328,11929,2692,1,4972,7786,15857,1.0,16:26,2015,2016
2015-16,202683,Enes Freedom,Enes,1610612760,OKC,Oklahoma City Thunder,21501193,2016-04-09T00:00:00,OKC @ SAC,L,20.4,0.0,5.0,2.0,6.0,11.0,11.0,5.0,20.0,0.0,0.0,1.0,4.0,19.2,1,13074,13074,13074,15562,12059,995,4675,5299,18886,21814,11593,11929,8004,1,4972,2748,12284,1.0,20:24,2015,2016
2015-16,201962,Toney Douglas,Toney,1610612740,NOP,New Orleans Pelicans,21501189,2016-04-09T00:00:00,NOP vs. PHX,L,30.5,5.0,0.0,4.0,4.0,11.0,12.0,12.0,38.0,0.0,0.0,2.0,6.0,34.9,1,13074,13074,13074,7075,1603,10158,1913,8599,18886,22832,22259,1422,8004,1,11390,873,3845,1.0,30:32,2015,2016
2015-16,202340,Avery Bradley,Avery,1610612738,BOS,Boston Celtics,21501188,2016-04-09T00:00:00,BOS @ ATL,L,34.9,3.0,2.0,4.0,6.0,9.0,5.0,14.0,30.0,1.0,2.0,4.0,2.0,34.8,1,13074,13074,13074,3619,4307,4731,1913,5299,15771,11469,23710,4541,2692,23588,22104,7786,3891,1.0,34:53,2015,2016
2015-16,202720,Jon Leuer,Jon,1610612756,PHX,Phoenix Suns,21501189,2016-04-09T00:00:00,PHX @ NOP,W,20.0,0.0,0.0,0.0,4.0,9.0,5.0,12.0,22.0,0.0,0.0,1.0,3.0,19.1,1,1,1,1,15918,12059,10158,9917,8599,15771,11469,22259,10265,8004,1,4972,4736,12372,1.0,19:60,2015,2016
2015-16,202326,DeMarcus Cousins,DeMarcus,1610612758,SAC,Sacramento Kings,21501193,2016-04-09T00:00:00,SAC vs. OKC,W,31.9,0.0,2.0,0.0,14.0,10.0,11.0,20.0,34.0,1.0,2.0,6.0,6.0,34.9,1,1,1,1,5973,12059,4731,9917,542,17370,21814,25599,2701,2692,23588,25827,873,3845,1.0,31:54,2015,2016
2015-16,203482,Kelly Olynyk,Kelly,1610612738,BOS,Boston Celtics,21501188,2016-04-09T00:00:00,BOS @ ATL,L,18.7,1.0,3.0,0.0,0.0,4.0,2.0,7.0,10.0,1.0,0.0,1.0,3.0,14.9,1,13074,13074,13074,16926,11535,3104,9917,18861,6141,3734,15538,20209,2692,1,4972,4736,15463,1.0,18:44,2015,2016
2015-16,202703,Nikola Mirotic,Nikola,1610612741,CHI,Chicago Bulls,21501191,2016-04-09T00:00:00,CHI vs. CLE,W,17.3,0.0,3.0,0.0,0.0,8.0,6.0,3.0,10.0,1.0,0.0,3.0,0.0,25.2,1,1,1,1,18057,12059,3104,9917,18861,13914,13237,7328,20209,2692,1,17641,18762,8383,1.0,17:18,2015,2016
2015-16,201565,Derrick Rose,Derrick,1610612741,CHI,Chicago Bulls,21501191,2016-04-09T00:00:00,CHI vs. CLE,W,32.1,4.0,2.0,0.0,2.0,9.0,17.0,11.0,18.0,0.0,1.0,0.0,1.0,14.9,1,1,1,1,5811,2460,4731,9917,12984,15771,25429,21342,13577,8004,17214,1,12373,15463,1.0,32:05,2015,2016
2015-16,203488,Mike Muscala,Mike,1610612737,ATL,Atlanta Hawks,21501188,2016-04-09T00:00:00,ATL vs. BOS,W,0.8,0.0,0.0,0.0,0.0,0.0,0.0,0.0,0.0,0.0,0.0,0.0,0.0,1.2,1,1,1,1,25907,12059,10158,9917,18861,1,1,1,25429,8004,1,1,18762,24661,1.0,0:51,2015,2016
2015-16,2594,Kyle Korver,Kyle,1610612737,ATL,Atlanta Hawks,21501188,2016-04-09T00:00:00,ATL vs. BOS,W,26.3,0.0,0.0,3.0,0.0,7.0,7.0,16.0,24.0,0.0,0.0,4.0,2.0,5.7,1,1,1,1,10565,12059,10158,3302,18861,12242,15642,24641,8723,8004,1,22104,7786,22054,1.0,26:21,2015,2016
2015-16,203092,Tyler Zeller,Tyler,1610612738,BOS,Boston Celtics,21501188,2016-04-09T00:00:00,BOS @ ATL,L,4.8,1.0,1.0,2.0,2.0,2.0,5.0,0.0,8.0,0.0,0.0,0.0,2.0,5.7,1,13074,13074,13074,24426,11535,9709,4675,12984,2619,11469,1,21543,8004,1,1,7786,22054,1.0,4:48,2015,2016
2015-16,1626166,Cameron Payne,Cameron,1610612760,OKC,Oklahoma City Thunder,21501193,2016-04-09T00:00:00,OKC @ SAC,L,5.3,0.0,0.0,0.0,0.0,0.0,4.0,4.0,12.0,0.0,0.0,1.0,0.0,1.2,1,13074,13074,13074,24249,12059,10158,9917,18861,1,8458,8806,18637,8004,1,4972,18762,24661,1.0,5:18,2015,2016
2015-16,203943,Noah Vonleh,Noah,1610612757,POR,Portland Trail Blazers,21501192,2016-04-09T00:00:00,POR vs. MIN,L,8.9,0.0,2.0,0.0,2.0,1.0,3.0,0.0,4.0,0.0,0.0,0.0,0.0,5.6,1,13074,13074,13074,22898,12059,4731,9917,12984,2356,7138,1,23698,8004,1,1,18762,22133,1.0,8:51,2015,2016
2015-16,2760,Anderson Varejao,Anderson,1610612744,GSW,Golden State Warriors,21501190,2016-04-09T00:00:00,GSW @ MEM,W,5.0,0.0,0.0,0.0,0.0,3.0,0.0,6.0,6.0,0.0,0.0,0.0,0.0,6.0,1,1,1,1,24354,12059,10158,9917,18861,5109,1,13388,22724,8004,1,1,18762,21878,1.0,5:02,2015,2016
2015-16,203546,Ian Clark,Ian,1610612744,GSW,Golden State Warriors,21501190,2016-04-09T00:00:00,GSW @ MEM,W,3.8,0.0,0.0,0.0,0.0,2.0,7.0,0.0,8.0,0.0,0.0,0.0,0.0,1.5,1,1,1,1,24805,12059,10158,9917,18861,2619,15642,1,21543,8004,1,1,18762,24473,1.0,3:47,2015,2016
2015-16,200752,Rudy Gay,Rudy,1610612758,SAC,Sacramento Kings,21501193,2016-04-09T00:00:00,SAC vs. OKC,W,37.8,2.0,5.0,6.0,10.0,5.0,14.0,21.0,36.0,2.0,1.0,4.0,6.0,55.1,1,1,1,1,1615,6026,995,740,1840,8403,24300,25725,1943,932,17214,22104,873,391,1.0,37:47,2015,2016
2015-16,203081,Damian Lillard,Damian,1610612757,POR,Portland Trail Blazers,21501192,2016-04-09T00:00:00,POR vs. MIN,L,37.9,7.0,0.0,0.0,14.0,19.0,11.0,4.0,30.0,0.0,2.0,3.0,6.0,45.1,1,13074,13074,13074,1546,548,10158,9917,542,25074,21814,8806,4541,8004,23588,17641,873,1338,1.0,37:55,2015,2016
2015-16,203486,Mason Plumlee,Mason,1610612757,POR,Portland Trail Blazers,21501192,2016-04-09T00:00:00,POR vs. MIN,L,31.6,0.0,5.0,1.0,12.0,18.0,8.0,4.0,26.0,2.0,1.0,1.0,4.0,45.0,1,13074,13074,13074,6252,12059,995,9347,988,24749,17345,8806,7214,932,17214,4972,2748,1357,1.0,31:35,2015,2016
2015-16,201142,Kevin Durant,Kevin,1610612760,OKC,Oklahoma City Thunder,21501193,2016-04-09T00:00:00,OKC @ SAC,L,39.9,5.0,2.0,4.0,12.0,21.0,14.0,17.0,40.0,0.0,1.0,1.0,4.0,45.2,1,13074,13074,13074,761,1603,4731,1913,988,25535,24300,24967,983,8004,17214,4972,2748,1324,1.0,39:53,2015,2016
2015-16,203110,Draymond Green,Draymond,1610612744,GSW,Golden State Warriors,21501190,2016-04-09T00:00:00,GSW @ MEM,W,35.2,0.0,2.0,0.0,16.0,6.0,8.0,7.0,32.0,3.0,0.0,2.0,3.0,50.2,1,1,1,1,3388,12059,4731,9917,275,10028,17345,15538,3535,347,1,11390,4736,733,1.0,35:12,2015,2016
2015-16,202706,Jordan Hamilton,Jordan,1610612740,NOP,New Orleans Pelicans,21501189,2016-04-09T00:00:00,NOP vs. PHX,L,26.5,2.0,4.0,4.0,4.0,4.0,11.0,7.0,32.0,1.0,0.0,4.0,3.0,29.5,1,13074,13074,13074,10451,6026,1596,1913,8599,6141,21814,15538,3535,2692,1,22104,4736,6103,1.0,26:30,2015,2016
2015-16,1713,Vince Carter,Vince,1610612763,MEM,Memphis Grizzlies,21501190,2016-04-09T00:00:00,MEM vs. GSW,L,30.7,0.0,5.0,0.0,6.0,3.0,4.0,13.0,34.0,0.0,0.0,2.0,2.0,29.4,1,13074,13074,13074,6970,12059,995,9917,5299,5109,8458,23048,2701,8004,1,11390,7786,6143,1.0,30:40,2015,2016
2015-16,202323,Evan Turner,Evan,1610612738,BOS,Boston Celtics,21501188,2016-04-09T00:00:00,BOS @ ATL,L,25.8,0.0,0.0,2.0,4.0,8.0,7.0,7.0,20.0,0.0,1.0,2.0,1.0,23.9,1,13074,13074,13074,11028,12059,10158,4675,8599,13914,15642,15538,11929,8004,17214,11390,12373,9184,1.0,25:47,2015,2016
2015-16,202681,Kyrie Irving,Kyrie,1610612739,CLE,Cleveland Cavaliers,21501191,2016-04-09T00:00:00,CLE @ CHI,L,38.6,0.0,0.0,0.0,6.0,19.0,15.0,4.0,28.0,0.0,3.0,2.0,1.0,29.8,1,13074,13074,13074,1228,12059,10158,9917,5299,25074,24781,8806,5824,8004,25441,11390,12373,5948,1.0,38:35,2015,2016
2015-16,2200,Pau Gasol,Pau,1610612741,CHI,Chicago Bulls,21501191,2016-04-09T00:00:00,CHI vs. CLE,W,24.6,2.0,2.0,0.0,4.0,8.0,11.0,8.0,14.0,1.0,1.0,4.0,6.0,29.9,1,1,1,1,11996,6026,4731,9917,8599,13914,21814,17194,17019,2692,17214,22104,873,5884,1.0,24:38,2015,2016
2015-16,2216,Zach Randolph,Zach,1610612763,MEM,Memphis Grizzlies,21501190,2016-04-09T00:00:00,MEM vs. GSW,L,26.6,0.0,0.0,0.0,8.0,6.0,2.0,13.0,28.0,1.0,1.0,2.0,1.0,23.9,1,13074,13074,13074,10408,12059,10158,9917,3109,10028,3734,23048,5824,2692,17214,11390,12373,9184,1.0,26:34,2015,2016
2015-16,202738,Isaiah Thomas,Isaiah,1610612738,BOS,Boston Celtics,21501188,2016-04-09T00:00:00,BOS @ ATL,L,32.7,2.0,0.0,2.0,8.0,11.0,5.0,17.0,36.0,0.0,3.0,1.0,3.0,29.4,1,13074,13074,13074,5314,6026,10158,4675,3109,18886,11469,24967,1943,8004,25441,4972,4736,6143,1.0,32:44,2015,2016
2015-16,2544,LeBron James,LeBron,1610612739,CLE,Cleveland Cavaliers,21501191,2016-04-09T00:00:00,CLE @ CHI,L,38.6,6.0,4.0,5.0,12.0,18.0,14.0,8.0,26.0,1.0,0.0,1.0,5.0,44.9,1,13074,13074,13074,1238,878,1596,1277,988,24749,24300,17194,7214,2692,1,4972,1539,1380,1.0,38:33,2015,2016
2015-16,200794,Paul Millsap,Paul,1610612737,ATL,Atlanta Hawks,21501188,2016-04-09T00:00:00,ATL vs. BOS,W,38.7,6.0,2.0,9.0,12.0,12.0,10.0,22.0,38.0,5.0,0.0,2.0,4.0,72.7,1,1,1,1,1176,878,4731,184,988,20178,20509,25811,1422,59,1,11390,2748,30,1.0,38:43,2015,2016
2015-16,201143,Al Horford,Al,1610612737,ATL,Atlanta Hawks,21501188,2016-04-09T00:00:00,ATL vs. BOS,W,32.6,0.0,0.0,0.0,4.0,11.0,7.0,16.0,30.0,1.0,2.0,4.0,3.0,35.6,1,1,1,1,5453,12059,10158,9917,8599,18886,15642,24641,4541,2692,23588,22104,4736,3615,1.0,32:34,2015,2016
2015-16,201567,Kevin Love,Kevin,1610612739,CLE,Cleveland Cavaliers,21501191,2016-04-09T00:00:00,CLE @ CHI,L,35.7,0.0,3.0,6.0,2.0,15.0,11.0,5.0,26.0,0.0,0.0,3.0,5.0,37.1,1,13074,13074,13074,3000,12059,3104,740,12984,23079,21814,11593,7214,8004,1,17641,1539,3151,1.0,35:40,2015,2016
2015-16,202691,Klay Thompson,Klay,1610612744,GSW,Golden State Warriors,21501190,2016-04-09T00:00:00,GSW @ MEM,W,35.5,6.0,2.0,5.0,8.0,7.0,10.0,2.0,34.0,1.0,0.0,0.0,3.0,35.5,1,1,1,1,3184,878,4731,1277,3109,12242,20509,4025,2701,2692,1,1,4736,3657,1.0,35:27,2015,2016
2015-16,1626164,Devin Booker,Devin,1610612756,PHX,Phoenix Suns,21501189,2016-04-09T00:00:00,PHX @ NOP,W,26.9,2.0,0.0,5.0,6.0,9.0,8.0,4.0,20.0,1.0,0.0,4.0,3.0,29.3,1,1,1,1,10065,6026,10158,1277,5299,15771,17345,8806,11929,2692,1,22104,4736,6202,1.0,26:56,2015,2016
2015-16,203200,Justin Holiday,Justin,1610612741,CHI,Chicago Bulls,21501191,2016-04-09T00:00:00,CHI vs. CLE,W,22.4,4.0,0.0,7.0,2.0,1.0,3.0,3.0,6.0,1.0,0.0,1.0,3.0,24.4,1,1,1,1,13821,2460,10158,454,12984,2356,7138,7328,22724,2692,1,4972,4736,8867,1.0,22:25,2015,2016
2015-16,1626157,Karl-Anthony Towns,Karl-Anthony,1610612750,MIN,Minnesota Timberwolves,21501192,2016-04-09T00:00:00,MIN @ POR,W,38.0,2.0,6.0,0.0,16.0,16.0,9.0,4.0,42.0,2.0,1.0,2.0,2.0,47.0,1,1,1,1,1526,6026,481,9917,275,23774,19144,8806,670,932,17214,11390,7786,1078,1.0,37:58,2015,2016
2015-16,2440,Matt Barnes,Matt,1610612763,MEM,Memphis Grizzlies,21501190,2016-04-09T00:00:00,MEM vs. GSW,L,39.9,2.0,4.0,2.0,10.0,8.0,8.0,10.0,40.0,0.0,1.0,3.0,2.0,47.0,1,13074,13074,13074,765,6026,1596,4675,1840,13914,17345,20169,983,8004,17214,17641,7786,1078,1.0,39:53,2015,2016
2015-16,201954,Darren Collison,Darren,1610612758,SAC,Sacramento Kings,21501193,2016-04-09T00:00:00,SAC vs. OKC,W,36.8,10.0,2.0,2.0,6.0,2.0,15.0,23.0,34.0,0.0,0.0,2.0,4.0,47.0,1,1,1,1,2238,99,4731,4675,5299,2619,24781,25880,2701,8004,1,11390,2748,1078,1.0,36:47,2015,2016
2015-16,203926,Doug McDermott,Doug,1610612741,CHI,Chicago Bulls,21501191,2016-04-09T00:00:00,CHI vs. CLE,W,10.9,0.0,2.0,0.0,2.0,2.0,0.0,2.0,8.0,0.0,0.0,2.0,1.0,8.6,1,1,1,1,22085,12059,4731,9917,12984,2619,1,4025,21543,8004,1,11390,12373,20125,1.0,10:52,2015,2016
2015-16,203118,Mike Scott,Mike,1610612737,ATL,Atlanta Hawks,21501188,2016-04-09T00:00:00,ATL vs. BOS,W,15.9,0.0,0.0,0.0,0.0,7.0,7.0,8.0,14.0,0.0,0.0,2.0,0.0,6.9,1,1,1,1,19148,12059,10158,9917,18861,12242,15642,17194,17019,8004,1,11390,18762,21262,1.0,15:52,2015,2016
2015-16,2210,Richard Jefferson,Richard,1610612739,CLE,Cleveland Cavaliers,21501191,2016-04-09T00:00:00,CLE @ CHI,L,9.9,0.0,0.0,0.0,0.0,8.0,9.0,4.0,10.0,0.0,0.0,1.0,1.0,3.2,1,13074,13074,13074,22507,12059,10158,9917,18861,13914,19144,8806,20209,8004,1,4972,12373,23473,1.0,9:51,2015,2016
2015-16,201627,Anthony Morrow,Anthony,1610612760,OKC,Oklahoma City Thunder,21501193,2016-04-09T00:00:00,OKC @ SAC,L,6.0,0.0,0.0,3.0,0.0,3.0,2.0,7.0,8.0,0.0,0.0,0.0,2.0,4.2,1,13074,13074,13074,23951,12059,10158,3302,18861,5109,3734,15538,21543,8004,1,1,7786,22976,1.0,6:01,2015,2016
2015-16,203096,Jared Sullinger,Jared,1610612738,BOS,Boston Celtics,21501188,2016-04-09T00:00:00,BOS @ ATL,L,10.5,0.0,0.0,0.0,0.0,4.0,0.0,9.0,14.0,0.0,1.0,2.0,1.0,8.7,1,13074,13074,13074,22212,12059,10158,9917,18861,6141,1,18829,17019,8004,17214,11390,12373,20045,1.0,10:33,2015,2016
2015-16,1626179,Terry Rozier,Terry,1610612738,BOS,Boston Celtics,21501188,2016-04-09T00:00:00,BOS @ ATL,L,3.2,0.0,0.0,0.0,0.0,0.0,0.0,0.0,0.0,0.0,0.0,0.0,0.0,0.0,1,13074,13074,13074,25049,12059,10158,9917,18861,1,1,1,25429,8004,1,1,18762,25170,1.0,3:13,2015,2016
2015-16,2570,Kendrick Perkins,Kendrick,1610612740,NOP,New Orleans Pelicans,21501189,2016-04-09T00:00:00,NOP vs. PHX,L,16.5,0.0,1.0,0.0,0.0,4.0,10.0,5.0,14.0,0.0,1.0,3.0,1.0,5.3,1,13074,13074,13074,18675,12059,9709,9917,18861,6141,20509,11593,17019,8004,17214,17641,12373,22358,1.0,16:28,2015,2016
2015-16,1626145,Tyus Jones,Tyus,1610612750,MIN,Minnesota Timberwolves,21501192,2016-04-09T00:00:00,MIN @ POR,W,15.6,2.0,0.0,0.0,2.0,4.0,6.0,2.0,18.0,0.0,0.0,0.0,0.0,9.0,1,1,1,1,19322,6026,10158,9917,12984,6141,13237,4025,13577,8004,1,1,18762,19835,1.0,15:38,2015,2016
2015-16,202389,Timofey Mozgov,Timofey,1610612739,CLE,Cleveland Cavaliers,21501191,2016-04-09T00:00:00,CLE @ CHI,L,8.0,0.0,0.0,0.0,0.0,8.0,4.0,4.0,8.0,1.0,0.0,1.0,1.0,4.0,1,13074,13074,13074,23170,12059,10158,9917,18861,13914,8458,8806,21543,2692,1,4972,12373,23142,1.0,8:02,2015,2016
2015-16,201978,Chase Budinger,Chase,1610612756,PHX,Phoenix Suns,21501189,2016-04-09T00:00:00,PHX @ NOP,W,16.5,0.0,2.0,2.0,6.0,7.0,3.0,10.0,18.0,0.0,1.0,1.0,1.0,9.2,1,1,1,1,18657,12059,4731,4675,5299,12242,7138,20169,13577,8004,17214,4972,12373,19680,1.0,16:30,2015,2016
2015-16,2571,Leandro Barbosa,Leandro,1610612744,GSW,Golden State Warriors,21501190,2016-04-09T00:00:00,GSW @ MEM,W,13.9,0.0,0.0,0.0,0.0,5.0,4.0,6.0,16.0,0.0,0.0,2.0,0.0,-1.0,1,1,1,1,20499,12059,10158,9917,18861,8403,8458,13388,15259,8004,1,11390,18762,25932,1.0,13:51,2015,2016
2015-16,203798,PJ Hairston,PJ,1610612763,MEM,Memphis Grizzlies,21501190,2016-04-09T00:00:00,MEM vs. GSW,L,16.0,0.0,4.0,3.0,2.0,0.0,4.0,0.0,12.0,0.0,0.0,1.0,2.0,13.3,1,13074,13074,13074,19035,12059,1596,3302,12984,1,8458,1,18637,8004,1,4972,7786,16712,1.0,16:00,2015,2016
2015-16,101112,Channing Frye,Channing,1610612739,CLE,Cleveland Cavaliers,21501191,2016-04-09T00:00:00,CLE @ CHI,L,14.8,0.0,0.0,0.0,0.0,15.0,6.0,10.0,16.0,0.0,1.0,2.0,0.0,7.2,1,13074,13074,13074,19884,12059,10158,9917,18861,23079,13237,20169,15259,8004,17214,11390,18762,21035,1.0,14:49,2015,2016
2015-16,203923,James Young,James,1610612738,BOS,Boston Celtics,21501188,2016-04-09T00:00:00,BOS @ ATL,L,0.8,0.0,0.0,0.0,0.0,0.0,0.0,0.0,0.0,0.0,0.0,0.0,0.0,0.0,1,13074,13074,13074,25907,12059,10158,9917,18861,1,1,1,25429,8004,1,1,18762,25170,1.0,0:51,2015,2016
2015-16,203459,Allen Crabbe,Allen,1610612757,POR,Portland Trail Blazers,21501192,2016-04-09T00:00:00,POR vs. MIN,L,28.4,2.0,0.0,2.0,2.0,10.0,17.0,0.0,30.0,0.0,0.0,2.0,0.0,9.7,1,13074,13074,13074,8891,6026,10158,4675,12984,17370,25429,1,4541,8004,1,11390,18762,19379,1.0,28:26,2015,2016
2015-16,2743,Kris Humphries,Kris,1610612737,ATL,Atlanta Hawks,21501188,2016-04-09T00:00:00,ATL vs. BOS,W,8.0,0.0,0.0,0.0,0.0,6.0,2.0,4.0,10.0,0.0,0.0,0.0,1.0,7.2,1,1,1,1,23182,12059,10158,9917,18861,10028,3734,8806,20209,8004,1,1,12373,21035,1.0,8:01,2015,2016
2015-16,202337,Luke Babbitt,Luke,1610612740,NOP,New Orleans Pelicans,21501189,2016-04-09T00:00:00,NOP vs. PHX,L,34.2,0.0,2.0,0.0,12.0,4.0,15.0,10.0,38.0,0.0,2.0,5.0,4.0,30.8,1,13074,13074,13074,4150,12059,4731,9917,988,6141,24781,20169,1422,8004,23588,24686,2748,5493,1.0,34:14,2015,2016
2015-16,200782,P.J. Tucker,P.J.,1610612756,PHX,Phoenix Suns,21501189,2016-04-09T00:00:00,PHX @ NOP,W,28.0,0.0,2.0,0.0,0.0,9.0,8.0,6.0,24.0,0.0,0.0,1.0,3.0,30.6,1,1,1,1,9224,12059,4731,9917,18861,15771,17345,13388,8723,8004,1,4972,4736,5574,1.0,28:00,2015,2016
2015-16,203079,Dion Waiters,Dion,1610612760,OKC,Oklahoma City Thunder,21501193,2016-04-09T00:00:00,OKC @ SAC,L,23.1,3.0,1.0,0.0,0.0,12.0,11.0,12.0,26.0,1.0,1.0,1.0,2.0,15.4,1,13074,13074,13074,13257,4307,9709,9917,18861,20178,21814,22259,7214,2692,17214,4972,7786,15066,1.0,23:08,2015,2016
2015-16,203468,CJ McCollum,CJ,1610612757,POR,Portland Trail Blazers,21501192,2016-04-09T00:00:00,POR vs. MIN,L,34.9,4.0,2.0,1.0,4.0,15.0,12.0,4.0,38.0,0.0,1.0,4.0,6.0,30.9,1,13074,13074,13074,3618,2460,4731,9347,8599,23079,22832,8806,1422,8004,17214,22104,873,5452,1.0,34:54,2015,2016
2015-16,203105,Festus Ezeli,Festus,1610612744,GSW,Golden State Warriors,21501190,2016-04-09T00:00:00,GSW @ MEM,W,18.4,0.0,0.0,0.0,6.0,2.0,0.0,2.0,14.0,0.0,1.0,0.0,4.0,15.3,1,1,1,1,17200,12059,10158,9917,5299,2619,1,4025,17019,8004,17214,1,2748,15150,1.0,18:23,2015,2016
2015-16,203516,James Ennis III,James,1610612740,NOP,New Orleans Pelicans,21501189,2016-04-09T00:00:00,NOP vs. PHX,L,33.8,7.0,4.0,6.0,12.0,11.0,11.0,10.0,28.0,0.0,0.0,3.0,1.0,31.2,1,13074,13074,13074,4493,548,1596,740,988,18886,21814,20169,5824,8004,1,17641,12373,5304,1.0,33:50,2015,2016
2015-16,203210,JaMychal Green,JaMychal,1610612763,MEM,Memphis Grizzlies,21501190,2016-04-09T00:00:00,MEM vs. GSW,L,13.9,1.0,2.0,1.0,2.0,2.0,6.0,0.0,12.0,0.0,2.0,1.0,4.0,15.8,1,13074,13074,13074,20487,11535,4731,9347,12984,2619,13237,1,18637,8004,23588,4972,2748,14754,1.0,13:53,2015,2016
2015-16,200770,Jordan Farmar,Jordan,1610612763,MEM,Memphis Grizzlies,21501190,2016-04-09T00:00:00,MEM vs. GSW,L,18.9,3.0,0.0,0.0,0.0,5.0,2.0,7.0,22.0,1.0,1.0,1.0,0.0,15.6,1,13074,13074,13074,16746,4307,10158,9917,18861,8403,3734,15538,10265,2692,17214,4972,18762,14916,1.0,18:56,2015,2016
2015-16,203145,Kent Bazemore,Kent,1610612737,ATL,Atlanta Hawks,21501188,2016-04-09T00:00:00,ATL vs. BOS,W,28.2,4.0,3.0,2.0,12.0,10.0,8.0,23.0,26.0,2.0,1.0,5.0,3.0,41.5,1,1,1,1,9051,2460,3104,4675,988,17370,17345,25880,7214,932,17214,24686,4736,2038,1.0,28:14,2015,2016
2015-16,201952,Jeff Teague,Jeff,1610612737,ATL,Atlanta Hawks,21501188,2016-04-09T00:00:00,ATL vs. BOS,W,28.1,3.0,3.0,3.0,12.0,8.0,8.0,18.0,26.0,0.0,2.0,3.0,5.0,41.5,1,1,1,1,9138,4307,3104,3302,988,13914,17345,25228,7214,8004,23588,17641,1539,2038,1.0,28:07,2015,2016
2015-16,201939,Stephen Curry,Stephen,1610612744,GSW,Golden State Warriors,21501190,2016-04-09T00:00:00,GSW @ MEM,W,34.0,0.0,0.0,5.0,6.0,4.0,8.0,5.0,30.0,0.0,1.0,1.0,1.0,40.8,1,1,1,1,4362,12059,10158,1277,5299,6141,17345,11593,4541,8004,17214,4972,12373,2181,1.0,33:59,2015,2016
2015-16,1626210,Alan Williams,Alan,1610612756,PHX,Phoenix Suns,21501189,2016-04-09T00:00:00,PHX @ NOP,W,8.4,0.0,0.0,0.0,2.0,3.0,2.0,6.0,8.0,2.0,0.0,3.0,1.0,20.4,1,1,1,1,23045,12059,10158,9917,12984,5109,3734,13388,21543,932,1,17641,12373,11453,1.0,8:26,2015,2016
2015-16,201967,Dante Cunningham,Dante,1610612740,NOP,New Orleans Pelicans,21501189,2016-04-09T00:00:00,NOP vs. PHX,L,30.4,0.0,0.0,2.0,8.0,11.0,8.0,10.0,32.0,0.0,1.0,2.0,4.0,20.2,1,13074,13074,13074,7166,12059,10158,4675,3109,18886,17345,20169,3535,8004,17214,11390,2748,11610,1.0,30:25,2015,2016
2015-16,203521,Matthew Dellavedova,Matthew,1610612739,CLE,Cleveland Cavaliers,21501191,2016-04-09T00:00:00,CLE @ CHI,L,26.7,0.0,0.0,0.0,0.0,15.0,13.0,12.0,22.0,0.0,0.0,2.0,1.0,11.9,1,13074,13074,13074,10272,12059,10158,9917,18861,23079,23668,22259,10265,8004,1,11390,12373,17760,1.0,26:42,2015,2016
2015-16,101161,Amir Johnson,Amir,1610612738,BOS,Boston Celtics,21501188,2016-04-09T00:00:00,BOS @ ATL,L,26.2,2.0,2.0,4.0,12.0,11.0,5.0,9.0,26.0,4.0,1.0,5.0,1.0,41.6,1,13074,13074,13074,10709,6026,4731,1913,988,18886,11469,18829,7214,132,17214,24686,12373,2021,1.0,26:11,2015,2016
2015-16,203090,Maurice Harkless,Maurice,1610612757,POR,Portland Trail Blazers,21501192,2016-04-09T00:00:00,POR vs. MIN,L,30.7,0.0,2.0,0.0,2.0,17.0,8.0,4.0,32.0,1.0,2.0,3.0,0.0,12.1,1,13074,13074,13074,6947,12059,4731,9917,12984,24337,17345,8806,3535,2692,23588,17641,18762,17639,1.0,30:43,2015,2016
2015-16,201566,Russell Westbrook,Russell,1610612760,OKC,Oklahoma City Thunder,21501193,2016-04-09T00:00:00,OKC @ SAC,L,33.7,0.0,2.0,5.0,8.0,17.0,11.0,15.0,36.0,0.0,0.0,5.0,5.0,40.0,1,13074,13074,13074,4594,12059,4731,1277,3109,24337,21814,24242,1943,8004,1,24686,1539,2364,1.0,33:42,2015,2016
2015-16,203935,Marcus Smart,Marcus,1610612738,BOS,Boston Celtics,21501188,2016-04-09T00:00:00,BOS @ ATL,L,33.2,5.0,5.0,0.0,6.0,11.0,10.0,11.0,28.0,0.0,0.0,3.0,3.0,30.5,1,13074,13074,13074,4956,1603,995,9917,5299,18886,20509,21342,5824,8004,1,17641,4736,5620,1.0,33:13,2015,2016
2015-16,1626185,Jarell Martin,Jarell,1610612763,MEM,Memphis Grizzlies,21501190,2016-04-09T00:00:00,MEM vs. GSW,L,12.7,0.0,2.0,0.0,4.0,2.0,2.0,6.0,8.0,1.0,1.0,3.0,0.0,8.2,1,13074,13074,13074,21161,12059,4731,9917,8599,2619,3734,13388,21543,2692,17214,17641,18762,20416,1.0,12:40,2015,2016
2015-16,203498,Shabazz Muhammad,Shabazz,1610612750,MIN,Minnesota Timberwolves,21501192,2016-04-09T00:00:00,MIN @ POR,W,18.0,0.0,5.0,0.0,8.0,4.0,6.0,2.0,18.0,0.0,0.0,2.0,2.0,16.1,1,1,1,1,17540,12059,995,9917,3109,6141,13237,4025,13577,8004,1,11390,7786,14515,1.0,17:58,2015,2016
2015-16,203460,Andre Roberson,Andre,1610612760,OKC,Oklahoma City Thunder,21501193,2016-04-09T00:00:00,OKC @ SAC,L,22.3,0.0,2.0,4.0,6.0,11.0,9.0,10.0,26.0,2.0,0.0,3.0,0.0,21.3,1,13074,13074,13074,13913,12059,4731,1913,5299,18886,19144,20169,7214,932,1,17641,18762,10880,1.0,22:19,2015,2016
2015-16,203112,Quincy Acy,Quincy,1610612758,SAC,Sacramento Kings,21501193,2016-04-09T00:00:00,SAC vs. OKC,W,21.0,0.0,4.0,2.0,6.0,8.0,10.0,0.0,14.0,0.0,0.0,1.0,3.0,18.6,1,1,1,1,15065,12059,1596,4675,5299,13914,20509,1,17019,8004,1,4972,4736,12715,1.0,20:60,2015,2016
2015-16,1626154,RJ Hunter,RJ,1610612738,BOS,Boston Celtics,21501188,2016-04-09T00:00:00,BOS @ ATL,L,0.8,0.0,0.0,0.0,0.0,0.0,0.0,0.0,0.0,0.0,0.0,0.0,0.0,3.0,1,13074,13074,13074,25907,12059,10158,9917,18861,1,1,1,25429,8004,1,1,18762,23648,1.0,0:51,2015,2016
2015-16,101179,Ronnie Price,Ronnie,1610612756,PHX,Phoenix Suns,21501189,2016-04-09T00:00:00,PHX @ NOP,W,22.9,3.0,0.0,0.0,0.0,7.0,6.0,8.0,20.0,0.0,0.0,4.0,0.0,8.5,1,1,1,1,13455,4307,10158,9917,18861,12242,13237,17194,11929,8004,1,22104,18762,20215,1.0,22:54,2015,2016
2015-16,201600,Omer Asik,Omer,1610612740,NOP,New Orleans Pelicans,21501189,2016-04-09T00:00:00,NOP vs. PHX,L,13.5,0.0,0.0,0.0,0.0,9.0,2.0,5.0,12.0,0.0,1.0,2.0,0.0,2.6,1,13074,13074,13074,20705,12059,10158,9917,18861,15771,3734,11593,18637,8004,17214,11390,18762,23982,1.0,13:30,2015,2016
2015-16,203897,Zach LaVine,Zach,1610612750,MIN,Minnesota Timberwolves,21501192,2016-04-09T00:00:00,MIN @ POR,W,26.9,5.0,0.0,2.0,0.0,14.0,5.0,2.0,28.0,1.0,0.0,3.0,3.0,18.1,1,1,1,1,10065,1603,10158,4675,18861,22292,11469,4025,5824,2692,1,17641,4736,13090,1.0,26:56,2015,2016
2015-16,2399,Mike Dunleavy,Mike,1610612741,CHI,Chicago Bulls,21501191,2016-04-09T00:00:00,CHI vs. CLE,W,26.0,3.0,3.0,0.0,2.0,6.0,17.0,8.0,14.0,1.0,1.0,2.0,1.0,12.9,1,1,1,1,10849,4307,3104,9917,12984,10028,25429,17194,17019,2692,17214,11390,12373,17049,1.0,25:60,2015,2016
2015-16,203501,Tim Hardaway Jr.,Tim,1610612737,ATL,Atlanta Hawks,21501188,2016-04-09T00:00:00,ATL vs. BOS,W,11.4,0.0,0.0,0.0,2.0,7.0,3.0,2.0,10.0,0.0,0.0,1.0,0.0,3.0,1,1,1,1,21883,12059,10158,9917,12984,12242,7138,4025,20209,8004,1,4972,18762,23648,1.0,11:23,2015,2016
2015-16,202362,Lance Stephenson,Lance,1610612763,MEM,Memphis Grizzlies,21501190,2016-04-09T00:00:00,MEM vs. GSW,L,38.3,4.0,0.0,2.0,8.0,8.0,6.0,10.0,36.0,0.0,1.0,1.0,1.0,16.4,1,13074,13074,13074,1398,2460,10158,4675,3109,13914,13237,20169,1943,8004,17214,4972,12373,14289,1.0,38:15,2015,2016
2015-16,202341,James Anderson,James,1610612758,SAC,Sacramento Kings,21501193,2016-04-09T00:00:00,SAC vs. OKC,W,24.4,3.0,0.0,2.0,2.0,7.0,11.0,23.0,30.0,0.0,0.0,2.0,1.0,8.2,1,1,1,1,12209,4307,10158,4675,12984,12242,21814,25880,4541,8004,1,11390,12373,20416,1.0,24:24,2015,2016
2015-16,203463,Ben McLemore,Ben,1610612758,SAC,Sacramento Kings,21501193,2016-04-09T00:00:00,SAC vs. OKC,W,16.9,1.0,0.0,0.0,0.0,8.0,5.0,0.0,8.0,0.0,1.0,1.0,1.0,8.2,1,1,1,1,18383,11535,10158,9917,18861,13914,11469,1,21543,8004,17214,4972,12373,20416,1.0,16:51,2015,2016
2015-16,2365,Chris Andersen,Chris,1610612763,MEM,Memphis Grizzlies,21501190,2016-04-09T00:00:00,MEM vs. GSW,L,13.6,2.0,0.0,0.0,4.0,3.0,0.0,0.0,6.0,0.0,0.0,0.0,1.0,18.3,1,13074,13074,13074,20627,6026,10158,9917,8599,5109,1,1,22724,8004,1,1,12373,12952,1.0,13:38,2015,2016
2015-16,201973,Jonas Jerebko,Jonas,1610612738,BOS,Boston Celtics,21501188,2016-04-09T00:00:00,BOS @ ATL,L,13.9,0.0,0.0,0.0,0.0,4.0,3.0,7.0,12.0,0.0,2.0,1.0,0.0,2.1,1,13074,13074,13074,20478,12059,10158,9917,18861,6141,7138,15538,18637,8004,23588,4972,18762,24211,1.0,13:54,2015,2016
2015-16,201585,Kosta Koufos,Kosta,1610612758,SAC,Sacramento Kings,21501193,2016-04-09T00:00:00,SAC vs. OKC,W,17.0,2.0,2.0,0.0,8.0,0.0,9.0,2.0,10.0,1.0,0.0,4.0,2.0,16.3,1,1,1,1,18288,6026,4731,9917,3109,1,19144,4025,20209,2692,1,22104,7786,14372,1.0,16:59,2015,2016
2015-16,200751,Randy Foye,Randy,1610612760,OKC,Oklahoma City Thunder,21501193,2016-04-09T00:00:00,OKC @ SAC,L,19.1,2.0,0.0,0.0,2.0,15.0,5.0,5.0,12.0,0.0,0.0,3.0,2.0,3.0,1,13074,13074,13074,16614,6026,10158,9917,12984,23079,11469,11593,18637,8004,1,17641,7786,23648,1.0,19:06,2015,2016
2015-16,201575,Brandon Rush,Brandon,1610612744,GSW,Golden State Warriors,21501190,2016-04-09T00:00:00,GSW @ MEM,W,10.0,0.0,0.0,0.0,0.0,3.0,7.0,1.0,8.0,1.0,0.0,2.0,0.0,2.0,1,1,1,1,22449,12059,10158,9917,18861,5109,15642,3646,21543,2692,1,11390,18762,24216,1.0,9:59,2015,2016
2015-16,203084,Harrison Barnes,Harrison,1610612744,GSW,Golden State Warriors,21501190,2016-04-09T00:00:00,GSW @ MEM,W,30.5,0.0,0.0,0.0,2.0,8.0,13.0,3.0,32.0,0.0,1.0,4.0,0.0,17.9,1,1,1,1,7117,12059,10158,9917,12984,13914,23668,7328,3535,8004,17214,22104,18762,13229,1.0,30:29,2015,2016
2015-16,201945,Gerald Henderson,Gerald,1610612757,POR,Portland Trail Blazers,21501192,2016-04-09T00:00:00,POR vs. MIN,L,19.1,0.0,0.0,0.0,2.0,6.0,13.0,0.0,24.0,0.0,0.0,1.0,1.0,2.0,1,13074,13074,13074,16638,12059,10158,9917,12984,10028,23668,1,8723,8004,1,4972,12373,24216,1.0,19:05,2015,2016
2015-16,202713,Kyle Singler,Kyle,1610612760,OKC,Oklahoma City Thunder,21501193,2016-04-09T00:00:00,OKC @ SAC,L,16.0,0.0,3.0,0.0,2.0,11.0,7.0,3.0,14.0,1.0,0.0,3.0,0.0,12.6,1,13074,13074,13074,19035,12059,3104,9917,12984,18886,15642,7328,17019,2692,1,17641,18762,17277,1.0,16:00,2015,2016
2015-16,203476,Gorgui Dieng,Gorgui,1610612750,MIN,Minnesota Timberwolves,21501192,2016-04-09T00:00:00,MIN @ POR,W,24.3,2.0,0.0,2.0,2.0,9.0,5.0,2.0,20.0,3.0,0.0,2.0,3.0,22.1,1,1,1,1,12267,6026,10158,4675,12984,15771,11469,4025,11929,347,1,11390,4736,10332,1.0,24:20,2015,2016
2015-16,200757,Thabo Sefolosha,Thabo,1610612737,ATL,Atlanta Hawks,21501188,2016-04-09T00:00:00,ATL vs. BOS,W,30.0,0.0,0.0,0.0,0.0,12.0,8.0,9.0,32.0,2.0,0.0,1.0,1.0,17.3,1,1,1,1,7553,12059,10158,9917,18861,20178,17345,18829,3535,932,1,4972,12373,13671,1.0,29:60,2015,2016
2015-16,204025,Tim Frazier,Tim,1610612740,NOP,New Orleans Pelicans,21501189,2016-04-09T00:00:00,NOP vs. PHX,L,31.3,4.0,0.0,2.0,4.0,2.0,13.0,8.0,36.0,0.0,2.0,2.0,3.0,33.1,1,13074,13074,13074,6439,2460,10158,4675,8599,2619,23668,17194,1943,8004,23588,11390,4736,4505,1.0,31:20,2015,2016
2015-16,2419,Tayshaun Prince,Tayshaun,1610612750,MIN,Minnesota Timberwolves,21501192,2016-04-09T00:00:00,MIN @ POR,W,22.5,0.0,4.0,0.0,4.0,8.0,6.0,2.0,26.0,0.0,0.0,0.0,1.0,13.9,1,1,1,1,13793,12059,1596,9917,8599,13914,13237,4025,7214,8004,1,1,12373,16232,1.0,22:27,2015,2016
2015-16,201586,Serge Ibaka,Serge,1610612760,OKC,Oklahoma City Thunder,21501193,2016-04-09T00:00:00,OKC @ SAC,L,28.9,0.0,4.0,3.0,2.0,14.0,9.0,15.0,36.0,0.0,1.0,3.0,1.0,28.6,1,13074,13074,13074,8459,12059,1596,3302,12984,22292,19144,24242,1943,8004,17214,17641,12373,6560,1.0,28:53,2015,2016
2015-16,201166,Aaron Brooks,Aaron,1610612741,CHI,Chicago Bulls,21501191,2016-04-09T00:00:00,CHI vs. CLE,W,15.9,3.0,2.0,3.0,4.0,0.0,0.0,0.0,4.0,0.0,0.0,1.0,0.0,17.7,1,1,1,1,19102,4307,4731,3302,8599,1,1,1,23698,8004,1,4972,18762,13380,1.0,15:55,2015,2016
2015-16,2199,Tyson Chandler,Tyson,1610612756,PHX,Phoenix Suns,21501189,2016-04-09T00:00:00,PHX @ NOP,W,20.8,2.0,5.0,0.0,8.0,7.0,6.0,4.0,14.0,3.0,0.0,0.0,3.0,28.5,1,1,1,1,15245,6026,995,9917,3109,12242,13237,8806,17019,347,1,1,4736,6613,1.0,20:47,2015,2016
2015-16,202710,Jimmy Butler III,Jimmy,1610612741,CHI,Chicago Bulls,21501191,2016-04-09T00:00:00,CHI vs. CLE,W,38.5,0.0,0.0,2.0,2.0,9.0,17.0,11.0,18.0,0.0,2.0,3.0,4.0,39.4,1,1,1,1,1248,12059,10158,4675,12984,15771,25429,21342,13577,8004,23588,17641,2748,2530,1.0,38:33,2015,2016
2015-16,203109,Jae Crowder,Jae,1610612738,BOS,Boston Celtics,21501188,2016-04-09T00:00:00,BOS @ ATL,L,34.3,4.0,0.0,11.0,8.0,11.0,8.0,14.0,36.0,0.0,0.0,2.0,6.0,32.4,1,13074,13074,13074,4082,2460,10158,69,3109,18886,17345,23710,1943,8004,1,11390,873,4768,1.0,34:19,2015,2016
2015-16,1626245,Cristiano Felicio,Cristiano,1610612741,CHI,Chicago Bulls,21501191,2016-04-09T00:00:00,CHI vs. CLE,W,23.5,8.0,4.0,0.0,14.0,1.0,6.0,3.0,8.0,2.0,0.0,4.0,1.0,27.5,1,1,1,1,12988,308,1596,9917,542,2356,13237,7328,21543,932,1,22104,12373,7137,1.0,23:29,2015,2016
2015-16,201578,Marreese Speights,Marreese,1610612744,GSW,Golden State Warriors,21501190,2016-04-09T00:00:00,GSW @ MEM,W,10.7,0.0,2.0,0.0,2.0,5.0,9.0,0.0,16.0,1.0,1.0,1.0,3.0,14.0,1,1,1,1,22173,12059,4731,9917,12984,8403,19144,1,15259,2692,17214,4972,4736,16166,1.0,10:39,2015,2016
2015-16,1626171,Bobby Portis,Bobby,1610612741,CHI,Chicago Bulls,21501191,2016-04-09T00:00:00,CHI vs. CLE,W,28.8,2.0,2.0,0.0,4.0,1.0,8.0,6.0,10.0,0.0,0.0,2.0,1.0,17.0,1,1,1,1,8570,6026,4731,9917,8599,2356,17345,13388,20209,8004,1,11390,12373,13855,1.0,28:46,2015,2016
2015-16,203462,Archie Goodwin,Archie,1610612756,PHX,Phoenix Suns,21501189,2016-04-09T00:00:00,PHX @ NOP,W,25.1,4.0,0.0,5.0,8.0,11.0,7.0,10.0,26.0,1.0,0.0,5.0,8.0,32.1,1,1,1,1,11594,2460,10158,1277,3109,18886,15642,20169,7214,2692,1,24686,254,4889,1.0,25:06,2015,2016
2015-16,203471,Dennis Schröder,Dennis,1610612737,ATL,Atlanta Hawks,21501188,2016-04-09T00:00:00,ATL vs. BOS,W,19.9,2.0,2.0,2.0,2.0,10.0,5.0,7.0,20.0,0.0,1.0,0.0,2.0,27.7,1,1,1,1,15979,6026,4731,4675,12984,17370,11469,15538,11929,8004,17214,1,7786,7008,1.0,19:55,2015,2016
2015-16,1626161,Willie Cauley-Stein,Willie,1610612758,SAC,Sacramento Kings,21501193,2016-04-09T00:00:00,SAC vs. OKC,W,21.2,2.0,0.0,4.0,4.0,2.0,10.0,21.0,26.0,0.0,0.0,1.0,2.0,17.8,1,1,1,1,14929,6026,10158,1913,8599,2619,20509,25725,7214,8004,1,4972,7786,13309,1.0,21:10,2015,2016
2015-16,2747,JR Smith,JR,1610612739,CLE,Cleveland Cavaliers,21501191,2016-04-09T00:00:00,CLE @ CHI,L,36.9,3.0,9.0,0.0,0.0,18.0,14.0,8.0,26.0,0.0,1.0,2.0,4.0,39.2,1,13074,13074,13074,2117,4307,77,9917,18861,24749,24300,17194,7214,8004,17214,11390,2748,2590,1.0,36:56,2015,2016
2015-16,203458,Alex Len,Alex,1610612756,PHX,Phoenix Suns,21501189,2016-04-09T00:00:00,PHX @ NOP,W,24.9,2.0,2.0,0.0,6.0,4.0,6.0,6.0,24.0,0.0,0.0,3.0,0.0,28.2,1,1,1,1,11736,6026,4731,9917,5299,6141,13237,13388,8723,8004,1,17641,18762,6778,1.0,24:55,2015,2016
2015-16,203500,Steven Adams,Steven,1610612760,OKC,Oklahoma City Thunder,21501193,2016-04-09T00:00:00,OKC @ SAC,L,25.3,0.0,1.0,2.0,4.0,15.0,7.0,17.0,30.0,1.0,1.0,4.0,3.0,22.1,1,13074,13074,13074,11481,12059,9709,4675,8599,23079,15642,24967,4541,2692,17214,22104,4736,10332,1.0,25:16,2015,2016
2015-16,202329,Al-Farouq Aminu,Al-Farouq,1610612757,POR,Portland Trail Blazers,21501192,2016-04-09T00:00:00,POR vs. MIN,L,32.4,3.0,0.0,0.0,4.0,16.0,12.0,4.0,36.0,1.0,1.0,3.0,0.0,14.1,1,13074,13074,13074,5546,4307,10158,9917,8599,23774,22832,8806,1943,2692,17214,17641,18762,16094,1.0,32:26,2015,2016
2015-16,1626144,Emmanuel Mudiay,Emmanuel,1610612743,DEN,Denver Nuggets,21501186,2016-04-08T00:00:00,DEN vs. SAS,W,36.3,3.0,3.0,3.0,4.0,10.0,8.0,6.0,34.0,1.0,2.0,1.0,1.0,37.7,1,1,1,1,2534,4307,3104,3302,8599,17370,17345,13388,2701,2692,23588,4972,12373,2990,1.0,36:19,2015,2016
2015-16,201967,Dante Cunningham,Dante,1610612740,NOP,New Orleans Pelicans,21501184,2016-04-08T00:00:00,NOP vs. LAL,W,34.3,5.0,2.0,2.0,4.0,16.0,2.0,10.0,16.0,0.0,1.0,2.0,1.0,22.7,1,1,1,1,4134,1603,4731,4675,8599,23774,3734,20169,15259,8004,17214,11390,12373,9938,1.0,34:15,2015,2016
2015-16,203089,John Henson,John,1610612749,MIL,Milwaukee Bucks,21501181,2016-04-08T00:00:00,MIL @ BOS,L,17.4,0.0,0.0,0.0,4.0,11.0,0.0,11.0,30.0,3.0,0.0,2.0,2.0,22.3,1,13074,13074,13074,17998,12059,10158,9917,8599,18886,1,21342,4541,347,1,11390,7786,10208,1.0,17:22,2015,2016
2015-16,202331,Paul George,Paul,1610612754,IND,Indiana Pacers,21501183,2016-04-08T00:00:00,IND @ TOR,L,27.9,0.0,0.0,2.0,2.0,6.0,0.0,8.0,28.0,1.0,1.0,4.0,5.0,28.3,1,13074,13074,13074,9328,12059,10158,4675,12984,10028,1,17194,5824,2692,17214,22104,1539,6720,1.0,27:52,2015,2016
2015-16,202362,Lance Stephenson,Lance,1610612763,MEM,Memphis Grizzlies,21501185,2016-04-08T00:00:00,MEM @ DAL,L,24.5,0.0,2.0,2.0,6.0,10.0,6.0,5.0,14.0,0.0,1.0,4.0,0.0,22.7,1,13074,13074,13074,12083,12059,4731,4675,5299,17370,13237,11593,17019,8004,17214,22104,18762,9938,1.0,24:32,2015,2016
2015-16,201145,Jeff Green,Jeff,1610612746,LAC,LA Clippers,21501187,2016-04-08T00:00:00,LAC @ UTA,W,35.9,6.0,3.0,0.0,6.0,9.0,6.0,12.0,28.0,1.0,2.0,2.0,1.0,27.8,1,1,1,1,2833,878,3104,9917,5299,15771,13237,22259,5824,2692,23588,11390,12373,6950,1.0,35:54,2015,2016
2015-16,1717,Dirk Nowitzki,Dirk,1610612742,DAL,Dallas Mavericks,21501185,2016-04-08T00:00:00,DAL vs. MEM,W,33.6,4.0,0.0,0.0,0.0,15.0,14.0,9.0,30.0,0.0,0.0,4.0,8.0,27.6,1,1,1,1,4692,2460,10158,9917,18861,23079,24300,18829,4541,8004,1,22104,254,7080,1.0,33:35,2015,2016
2015-16,201574,Jason Thompson,Jason,1610612761,TOR,Toronto Raptors,21501183,2016-04-08T00:00:00,TOR vs. IND,W,21.6,0.0,0.0,0.0,2.0,4.0,4.0,4.0,14.0,1.0,0.0,3.0,0.0,22.7,1,1,1,1,14555,12059,10158,9917,12984,6141,8458,8806,17019,2692,1,17641,18762,9938,1.0,21:33,2015,2016
2015-16,203469,Cody Zeller,Cody,1610612766,CHA,Charlotte Hornets,21501178,2016-04-08T00:00:00,CHA vs. BKN,W,23.2,0.0,0.0,0.0,2.0,9.0,18.0,4.0,16.0,5.0,1.0,1.0,2.0,28.3,1,1,1,1,13217,12059,10158,9917,12984,15771,25634,8806,15259,59,17214,4972,7786,6720,1.0,23:11,2015,2016
2015-16,203080,Thomas Robinson,Thomas,1610612751,BKN,Brooklyn Nets,21501178,2016-04-08T00:00:00,BKN @ CHA,L,31.4,2.0,12.0,0.0,12.0,9.0,16.0,14.0,26.0,0.0,4.0,6.0,7.0,38.4,1,13074,13074,13074,6393,6026,6,9917,988,15771,25155,23710,7214,8004,25926,25827,469,2802,1.0,31:23,2015,2016
2015-16,202324,Derrick Favors,Derrick,1610612762,UTA,Utah Jazz,21501187,2016-04-08T00:00:00,UTA vs. LAC,L,36.9,0.0,2.0,0.0,10.0,22.0,12.0,4.0,26.0,4.0,0.0,2.0,3.0,38.2,1,13074,13074,13074,2139,12059,4731,9917,1840,25683,22832,8806,7214,132,1,11390,4736,2854,1.0,36:54,2015,2016
2015-16,202328,Greg Monroe,Greg,1610612749,MIL,Milwaukee Bucks,21501181,2016-04-08T00:00:00,MIL @ BOS,L,28.0,2.0,2.0,0.0,6.0,16.0,6.0,18.0,36.0,0.0,1.0,3.0,5.0,22.6,1,13074,13074,13074,9212,6026,4731,9917,5299,23774,13237,25228,1943,8004,17214,17641,1539,10000,1.0,28:01,2015,2016
2015-16,204025,Tim Frazier,Tim,1610612740,NOP,New Orleans Pelicans,21501184,2016-04-08T00:00:00,NOP vs. LAL,W,26.4,0.0,0.0,0.0,2.0,11.0,2.0,13.0,10.0,0.0,1.0,3.0,5.0,28.6,1,1,1,1,10542,12059,10158,9917,12984,18886,3734,23048,20209,8004,17214,17641,1539,6560,1.0,26:23,2015,2016
2015-16,2734,Devin Harris,Devin,1610612742,DAL,Dallas Mavericks,21501185,2016-04-08T00:00:00,DAL vs. MEM,W,26.2,3.0,0.0,3.0,2.0,16.0,12.0,14.0,32.0,0.0,0.0,3.0,6.0,17.8,1,1,1,1,10655,4307,10158,3302,12984,23774,22832,23710,3535,8004,1,17641,873,13309,1.0,26:14,2015,2016
2015-16,2736,Luol Deng,Luol,1610612748,MIA,Miami Heat,21501179,2016-04-08T00:00:00,MIA @ ORL,L,32.2,2.0,7.0,0.0,4.0,12.0,8.0,16.0,42.0,0.0,0.0,2.0,1.0,22.5,1,13074,13074,13074,5747,6026,292,9917,8599,20178,17345,24641,670,8004,1,11390,12373,10082,1.0,32:10,2015,2016
2015-16,203999,Nikola Jokić,Nikola,1610612743,DEN,Denver Nuggets,21501186,2016-04-08T00:00:00,DEN vs. SAS,W,32.2,0.0,0.0,0.0,4.0,4.0,4.0,6.0,24.0,1.0,0.0,2.0,2.0,38.0,1,1,1,1,5705,12059,10158,9917,8599,6141,8458,13388,8723,2692,1,11390,7786,2903,1.0,32:13,2015,2016
2015-16,203516,James Ennis III,James,1610612740,NOP,New Orleans Pelicans,21501184,2016-04-08T00:00:00,NOP vs. LAL,W,26.8,0.0,2.0,2.0,4.0,13.0,0.0,5.0,12.0,0.0,1.0,1.0,2.0,13.6,1,1,1,1,10237,12059,4731,4675,8599,21300,1,11593,18637,8004,17214,4972,7786,16460,1.0,26:45,2015,2016
2015-16,203918,Rodney Hood,Rodney,1610612762,UTA,Utah Jazz,21501187,2016-04-08T00:00:00,UTA vs. LAC,L,45.8,2.0,2.0,2.0,6.0,23.0,15.0,2.0,36.0,0.0,1.0,1.0,1.0,22.0,1,13074,13074,13074,64,6026,4731,4675,5299,25803,24781,4025,1943,8004,17214,4972,12373,10388,1.0,45:50,2015,2016
2015-16,202685,Jonas Valančiūnas,Jonas,1610612761,TOR,Toronto Raptors,21501183,2016-04-08T00:00:00,TOR vs. IND,W,21.4,2.0,0.0,0.0,6.0,5.0,2.0,6.0,16.0,1.0,1.0,3.0,4.0,13.8,1,1,1,1,14708,6026,10158,9917,5299,8403,3734,13388,15259,2692,17214,17641,2748,16311,1.0,21:23,2015,2016
2015-16,203210,JaMychal Green,JaMychal,1610612763,MEM,Memphis Grizzlies,21501185,2016-04-08T00:00:00,MEM @ DAL,L,13.5,2.0,2.0,0.0,6.0,2.0,0.0,0.0,8.0,0.0,1.0,4.0,2.0,13.6,1,13074,13074,13074,20693,6026,4731,9917,5299,2619,1,1,21543,8004,17214,22104,7786,16460,1.0,13:31,2015,2016
2015-16,203900,Markel Brown,Markel,1610612751,BKN,Brooklyn Nets,21501178,2016-04-08T00:00:00,BKN @ CHA,L,21.7,4.0,0.0,6.0,4.0,7.0,9.0,2.0,24.0,0.0,0.0,3.0,2.0,17.8,1,13074,13074,13074,14456,2460,10158,740,8599,12242,19144,4025,8723,8004,1,17641,7786,13309,1.0,21:41,2015,2016
2015-16,201609,Goran Dragic,Goran,1610612748,MIA,Miami Heat,21501179,2016-04-08T00:00:00,MIA @ ORL,L,30.4,0.0,6.0,0.0,6.0,8.0,3.0,15.0,38.0,0.0,3.0,2.0,3.0,32.6,1,13074,13074,13074,7222,12059,481,9917,5299,13914,7138,24242,1422,8004,25441,11390,4736,4687,1.0,30:22,2015,2016
2015-16,201150,Spencer Hawes,Spencer,1610612766,CHA,Charlotte Hornets,21501178,2016-04-08T00:00:00,CHA vs. BKN,W,13.3,0.0,0.0,0.0,2.0,11.0,8.0,6.0,12.0,1.0,0.0,2.0,1.0,13.9,1,1,1,1,20795,12059,10158,9917,12984,18886,17345,13388,18637,2692,1,11390,12373,16232,1.0,13:19,2015,2016
2015-16,203526,Raul Neto,Raul,1610612762,UTA,Utah Jazz,21501187,2016-04-08T00:00:00,UTA vs. LAC,L,13.4,2.0,0.0,2.0,4.0,2.0,2.0,2.0,2.0,0.0,2.0,1.0,2.0,17.2,1,13074,13074,13074,20741,6026,10158,4675,8599,2619,3734,4025,24614,8004,23588,4972,7786,13725,1.0,13:24,2015,2016
2015-16,1718,Paul Pierce,Paul,1610612746,LAC,LA Clippers,21501187,2016-04-08T00:00:00,LAC @ UTA,W,32.5,5.0,0.0,0.0,6.0,7.0,11.0,12.0,28.0,0.0,1.0,0.0,2.0,27.4,1,1,1,1,5498,1603,10158,9917,5299,12242,21814,22259,5824,8004,17214,1,7786,7179,1.0,32:31,2015,2016
2015-16,2207,Joe Johnson,Joe,1610612748,MIA,Miami Heat,21501179,2016-04-08T00:00:00,MIA @ ORL,L,26.8,2.0,4.0,3.0,10.0,10.0,3.0,14.0,38.0,0.0,0.0,2.0,1.0,13.7,1,13074,13074,13074,10180,6026,1596,3302,1840,17370,7138,23710,1422,8004,1,11390,12373,16393,1.0,26:48,2015,2016
2015-16,101123,Gerald Green,Gerald,1610612748,MIA,Miami Heat,21501179,2016-04-08T00:00:00,MIA @ ORL,L,15.4,0.0,0.0,0.0,0.0,4.0,0.0,4.0,16.0,0.0,1.0,4.0,0.0,13.7,1,13074,13074,13074,19485,12059,10158,9917,18861,6141,1,8806,15259,8004,17214,22104,18762,16393,1.0,15:23,2015,2016
2015-16,1626209,Mario Hezonja,Mario,1610612753,ORL,Orlando Magic,21501179,2016-04-08T00:00:00,ORL vs. MIA,W,23.0,0.0,0.0,0.0,2.0,3.0,11.0,3.0,24.0,0.0,0.0,1.0,1.0,17.3,1,1,1,1,13411,12059,10158,9917,12984,5109,21814,7328,8723,8004,1,4972,12373,13671,1.0,22:57,2015,2016
2015-16,203530,Joffrey Lauvergne,Joffrey,1610612743,DEN,Denver Nuggets,21501186,2016-04-08T00:00:00,DEN vs. SAS,W,14.6,2.0,2.0,2.0,2.0,6.0,7.0,9.0,20.0,1.0,2.0,4.0,3.0,17.5,1,1,1,1,20026,6026,4731,4675,12984,10028,15642,18829,11929,2692,23588,22104,4736,13528,1.0,14:37,2015,2016
2015-16,203917,Nik Stauskas,Nik,1610612755,PHI,Philadelphia 76ers,21501180,2016-04-08T00:00:00,PHI vs. NYK,L,37.0,2.0,2.0,6.0,2.0,8.0,12.0,5.0,24.0,0.0,2.0,3.0,4.0,32.9,1,13074,13074,13074,2058,6026,4731,740,12984,13914,22832,11593,8723,8004,23588,17641,2748,4566,1.0,37:02,2015,2016
2015-16,1626156,D'Angelo Russell,D'Angelo,1610612747,LAL,Los Angeles Lakers,21501184,2016-04-08T00:00:00,LAL @ NOP,L,32.0,6.0,0.0,5.0,6.0,10.0,8.0,9.0,22.0,0.0,0.0,4.0,8.0,38.4,1,13074,13074,13074,5883,878,10158,1277,5299,17370,17345,18829,10265,8004,1,22104,254,2802,1.0,32:00,2015,2016
2015-16,202730,Lavoy Allen,Lavoy,1610612754,IND,Indiana Pacers,21501183,2016-04-08T00:00:00,IND @ TOR,L,19.6,2.0,4.0,0.0,4.0,3.0,2.0,3.0,10.0,0.0,0.0,1.0,1.0,22.6,1,13074,13074,13074,16211,6026,1596,9917,8599,5109,3734,7328,20209,8004,1,4972,12373,10000,1.0,19:37,2015,2016
2015-16,202083,Wesley Matthews,Wesley,1610612742,DAL,Dallas Mavericks,21501185,2016-04-08T00:00:00,DAL vs. MEM,W,43.9,0.0,0.0,0.0,0.0,18.0,18.0,11.0,40.0,0.0,1.0,3.0,2.0,13.9,1,1,1,1,138,12059,10158,9917,18861,24749,25634,21342,983,8004,17214,17641,7786,16232,1.0,43:54,2015,2016
2015-16,201961,Wayne Ellington,Wayne,1610612751,BKN,Brooklyn Nets,21501178,2016-04-08T00:00:00,BKN @ CHA,L,26.3,7.0,3.0,4.0,2.0,9.0,11.0,14.0,22.0,0.0,0.0,1.0,0.0,23.7,1,13074,13074,13074,10580,548,3104,1913,12984,15771,21814,23710,10265,8004,1,4972,18762,9329,1.0,26:19,2015,2016
2015-16,2585,Zaza Pachulia,Zaza,1610612742,DAL,Dallas Mavericks,21501185,2016-04-08T00:00:00,DAL vs. MEM,W,21.6,0.0,0.0,0.0,0.0,6.0,11.0,5.0,16.0,1.0,0.0,1.0,2.0,14.8,1,1,1,1,14504,12059,10158,9917,18861,10028,21814,11593,15259,2692,1,4972,7786,15561,1.0,21:37,2015,2016
2015-16,202706,Jordan Hamilton,Jordan,1610612740,NOP,New Orleans Pelicans,21501184,2016-04-08T00:00:00,NOP vs. LAL,W,24.1,0.0,0.0,2.0,4.0,7.0,4.0,9.0,8.0,0.0,0.0,0.0,1.0,10.4,1,1,1,1,12453,12059,10158,4675,8599,12242,8458,18829,21543,8004,1,1,12373,18859,1.0,24:06,2015,2016
2015-16,203924,Jerami Grant,Jerami,1610612755,PHI,Philadelphia 76ers,21501180,2016-04-08T00:00:00,PHI vs. NYK,L,32.7,0.0,2.0,0.0,6.0,8.0,10.0,2.0,14.0,1.0,1.0,2.0,4.0,23.0,1,13074,13074,13074,5381,12059,4731,9917,5299,13914,20509,4025,17019,2692,17214,11390,2748,9760,1.0,32:39,2015,2016
2015-16,203083,Andre Drummond,Andre,1610612765,DET,Detroit Pistons,21501182,2016-04-08T00:00:00,DET vs. WAS,W,25.6,0.0,2.0,0.0,6.0,10.0,8.0,4.0,32.0,0.0,0.0,3.0,4.0,25.7,1,1,1,1,11237,12059,4731,9917,5299,17370,17345,8806,3535,8004,1,17641,2748,8088,1.0,25:35,2015,2016
2015-16,203935,Marcus Smart,Marcus,1610612738,BOS,Boston Celtics,21501181,2016-04-08T00:00:00,BOS vs. MIL,W,27.1,2.0,0.0,0.0,0.0,11.0,8.0,5.0,30.0,1.0,0.0,0.0,3.0,25.7,1,1,1,1,9934,6026,10158,9917,18861,18886,17345,11593,4541,2692,1,1,4736,8088,1.0,27:05,2015,2016
2015-16,201600,Omer Asik,Omer,1610612740,NOP,New Orleans Pelicans,21501184,2016-04-08T00:00:00,NOP vs. LAL,W,17.9,0.0,0.0,0.0,0.0,9.0,0.0,0.0,6.0,0.0,0.0,2.0,2.0,9.9,1,1,1,1,17579,12059,10158,9917,18861,15771,1,1,22724,8004,1,11390,7786,19247,1.0,17:55,2015,2016
2015-16,201973,Jonas Jerebko,Jonas,1610612738,BOS,Boston Celtics,21501181,2016-04-08T00:00:00,BOS vs. MIL,W,21.5,2.0,0.0,2.0,4.0,8.0,0.0,11.0,24.0,1.0,0.0,2.0,1.0,23.9,1,1,1,1,14565,6026,10158,4675,8599,13914,1,21342,8723,2692,1,11390,12373,9184,1.0,21:32,2015,2016
2015-16,203082,Terrence Ross,Terrence,1610612761,TOR,Toronto Raptors,21501183,2016-04-08T00:00:00,TOR vs. IND,W,20.2,2.0,0.0,0.0,2.0,18.0,7.0,2.0,16.0,0.0,1.0,6.0,0.0,14.2,1,1,1,1,15747,6026,10158,9917,12984,24749,15642,4025,15259,8004,17214,25827,18762,16003,1.0,20:11,2015,2016
2015-16,2548,Dwyane Wade,Dwyane,1610612748,MIA,Miami Heat,21501179,2016-04-08T00:00:00,MIA @ ORL,L,31.5,6.0,4.0,4.0,8.0,10.0,8.0,16.0,44.0,0.0,1.0,1.0,4.0,25.7,1,13074,13074,13074,6352,878,1596,1913,3109,17370,17345,24641,454,8004,17214,4972,2748,8088,1.0,31:27,2015,2016
2015-16,101139,CJ Miles,CJ,1610612754,IND,Indiana Pacers,21501183,2016-04-08T00:00:00,IND @ TOR,L,22.7,8.0,2.0,0.0,4.0,2.0,2.0,9.0,20.0,0.0,0.0,3.0,2.0,14.2,1,13074,13074,13074,13607,308,4731,9917,8599,2619,3734,18829,11929,8004,1,17641,7786,16003,1.0,22:42,2015,2016
2015-16,1626153,Delon Wright,Delon,1610612761,TOR,Toronto Raptors,21501183,2016-04-08T00:00:00,TOR vs. IND,W,25.9,0.0,2.0,6.0,10.0,20.0,9.0,6.0,26.0,0.0,1.0,0.0,6.0,23.8,1,1,1,1,10896,12059,4731,740,1840,25338,19144,13388,7214,8004,17214,1,873,9261,1.0,25:56,2015,2016
2015-16,202335,Patrick Patterson,Patrick,1610612761,TOR,Toronto Raptors,21501183,2016-04-08T00:00:00,TOR vs. IND,W,26.7,0.0,2.0,0.0,0.0,17.0,9.0,4.0,24.0,2.0,0.0,0.0,0.0,14.8,1,1,1,1,10272,12059,4731,9917,18861,24337,19144,8806,8723,932,1,1,18762,15561,1.0,26:42,2015,2016
2015-16,203901,Elfrid Payton,Elfrid,1610612753,ORL,Orlando Magic,21501179,2016-04-08T00:00:00,ORL vs. MIA,W,37.1,5.0,0.0,7.0,12.0,16.0,29.0,12.0,40.0,0.0,2.0,2.0,5.0,34.6,1,1,1,1,2046,1603,10158,454,988,23774,26071,22259,983,8004,23588,11390,1539,3963,1.0,37:03,2015,2016
2015-16,202323,Evan Turner,Evan,1610612738,BOS,Boston Celtics,21501181,2016-04-08T00:00:00,BOS vs. MIL,W,31.5,0.0,2.0,2.0,2.0,8.0,4.0,5.0,34.0,1.0,0.0,2.0,0.0,25.3,1,1,1,1,6296,12059,4731,4675,12984,13914,8458,11593,2701,2692,1,11390,18762,8340,1.0,31:32,2015,2016
2015-16,1495,Tim Duncan,Tim,1610612759,SAS,San Antonio Spurs,21501186,2016-04-08T00:00:00,SAS @ DEN,L,34.5,2.0,6.0,2.0,12.0,12.0,11.0,10.0,36.0,1.0,1.0,1.0,4.0,33.4,1,13074,13074,13074,3990,6026,481,4675,988,20178,21814,20169,1943,2692,17214,4972,2748,4384,1.0,34:27,2015,2016
2015-16,201584,Courtney Lee,Courtney,1610612766,CHA,Charlotte Hornets,21501178,2016-04-08T00:00:00,CHA vs. BKN,W,24.4,2.0,2.0,2.0,4.0,2.0,14.0,4.0,16.0,0.0,0.0,2.0,1.0,14.4,1,1,1,1,12241,6026,4731,4675,8599,2619,24300,8806,15259,8004,1,11390,12373,15857,1.0,24:22,2015,2016
2015-16,202682,Derrick Williams,Derrick,1610612752,NYK,New York Knicks,21501180,2016-04-08T00:00:00,NYK @ PHI,W,25.8,3.0,0.0,0.0,2.0,3.0,5.0,10.0,14.0,0.0,1.0,1.0,1.0,25.3,1,1,1,1,11045,4307,10158,9917,12984,5109,11469,20169,17019,8004,17214,4972,12373,8340,1.0,25:46,2015,2016
2015-16,2756,Sasha Vujacic,Sasha,1610612752,NYK,New York Knicks,21501180,2016-04-08T00:00:00,NYK @ PHI,W,31.5,3.0,0.0,2.0,2.0,8.0,9.0,13.0,18.0,0.0,0.0,3.0,1.0,34.0,1,1,1,1,6301,4307,10158,4675,12984,13914,19144,23048,13577,8004,1,17641,12373,4162,1.0,31:31,2015,2016
2015-16,2403,Nene,ene,1610612764,WAS,Washington Wizards,21501182,2016-04-08T00:00:00,WAS @ DET,L,21.2,4.0,0.0,2.0,8.0,3.0,5.0,7.0,12.0,0.0,0.0,4.0,3.0,22.8,1,13074,13074,13074,14847,2460,10158,4675,3109,5109,11469,15538,18637,8004,1,22104,4736,9883,1.0,21:14,2015,2016
2015-16,201962,Toney Douglas,Toney,1610612740,NOP,New Orleans Pelicans,21501184,2016-04-08T00:00:00,NOP vs. LAL,W,33.4,4.0,2.0,3.0,8.0,17.0,4.0,6.0,12.0,0.0,1.0,4.0,5.0,35.2,1,1,1,1,4850,2460,4731,3302,3109,24337,8458,13388,18637,8004,17214,22104,1539,3745,1.0,33:21,2015,2016
2015-16,203613,Jonathon Simmons,Jonathon,1610612759,SAS,San Antonio Spurs,21501186,2016-04-08T00:00:00,SAS @ DEN,L,35.1,2.0,3.0,6.0,10.0,10.0,11.0,10.0,40.0,0.0,1.0,3.0,4.0,19.0,1,13074,13074,13074,3440,6026,3104,740,1840,17370,21814,20169,983,8004,17214,17641,2748,12440,1.0,35:08,2015,2016
2015-16,2755,Kevin Martin,Kevin,1610612759,SAS,San Antonio Spurs,21501186,2016-04-08T00:00:00,SAS @ DEN,L,26.3,4.0,0.0,3.0,4.0,10.0,9.0,10.0,22.0,0.0,0.0,1.0,5.0,25.2,1,13074,13074,13074,10626,2460,10158,3302,8599,17370,19144,20169,10265,8004,1,4972,1539,8383,1.0,26:16,2015,2016
2015-16,1882,Elton Brand,Elton,1610612755,PHI,Philadelphia 76ers,21501180,2016-04-08T00:00:00,PHI vs. NYK,L,13.0,0.0,2.0,0.0,2.0,8.0,2.0,1.0,20.0,1.0,0.0,2.0,0.0,14.5,1,13074,13074,13074,20962,12059,4731,9917,12984,13914,3734,3646,11929,2692,1,11390,18762,15799,1.0,13:01,2015,2016
2015-16,202709,Cory Joseph,Cory,1610612761,TOR,Toronto Raptors,21501183,2016-04-08T00:00:00,TOR vs. IND,W,34.7,2.0,0.0,0.0,6.0,9.0,8.0,8.0,30.0,0.0,0.0,0.0,4.0,34.7,1,1,1,1,3744,6026,10158,9917,5299,15771,17345,17194,4541,8004,1,1,2748,3935,1.0,34:44,2015,2016
2015-16,101133,Ian Mahinmi,Ian,1610612754,IND,Indiana Pacers,21501183,2016-04-08T00:00:00,IND @ TOR,L,18.4,2.0,0.0,0.0,2.0,2.0,0.0,6.0,10.0,3.0,0.0,5.0,1.0,19.0,1,13074,13074,13074,17220,6026,10158,9917,12984,2619,1,13388,20209,347,1,24686,12373,12440,1.0,18:21,2015,2016
2015-16,201196,Ramon Sessions,Ramon,1610612764,WAS,Washington Wizards,21501182,2016-04-08T00:00:00,WAS @ DET,L,32.3,2.0,0.0,4.0,8.0,14.0,6.0,4.0,30.0,0.0,0.0,2.0,2.0,23.2,1,13074,13074,13074,5663,6026,10158,1913,3109,22292,13237,8806,4541,8004,1,11390,7786,9630,1.0,32:17,2015,2016
2015-16,203096,Jared Sullinger,Jared,1610612738,BOS,Boston Celtics,21501181,2016-04-08T00:00:00,BOS vs. MIL,W,19.4,3.0,2.0,0.0,10.0,4.0,8.0,5.0,20.0,0.0,0.0,3.0,1.0,25.5,1,1,1,1,16399,4307,4731,9917,1840,6141,17345,11593,11929,8004,1,17641,12373,8230,1.0,19:23,2015,2016
2015-16,101162,Marcin Gortat,Marcin,1610612764,WAS,Washington Wizards,21501182,2016-04-08T00:00:00,WAS @ DET,L,26.1,2.0,4.0,0.0,8.0,11.0,4.0,6.0,22.0,0.0,1.0,5.0,0.0,14.3,1,13074,13074,13074,10755,6026,1596,9917,3109,18886,8458,13388,10265,8004,17214,24686,18762,15948,1.0,26:06,2015,2016
2015-16,2581,Steve Blake,Steve,1610612765,DET,Detroit Pistons,21501182,2016-04-08T00:00:00,DET vs. WAS,W,13.6,0.0,3.0,3.0,0.0,4.0,2.0,6.0,18.0,0.0,0.0,0.0,1.0,10.4,1,1,1,1,20638,12059,3104,3302,18861,6141,3734,13388,13577,8004,1,1,12373,18859,1.0,13:36,2015,2016
2015-16,1626191,Chris McCullough,Chris,1610612751,BKN,Brooklyn Nets,21501178,2016-04-08T00:00:00,BKN @ CHA,L,24.5,2.0,5.0,0.0,6.0,8.0,9.0,9.0,22.0,0.0,2.0,1.0,1.0,25.1,1,13074,13074,13074,12102,6026,995,9917,5299,13914,19144,18829,10265,8004,23588,4972,12373,8429,1.0,24:31,2015,2016
2015-16,203944,Julius Randle,Julius,1610612747,LAL,Los Angeles Lakers,21501184,2016-04-08T00:00:00,LAL @ NOP,L,31.1,4.0,0.0,4.0,4.0,13.0,8.0,9.0,22.0,0.0,0.0,3.0,2.0,22.8,1,13074,13074,13074,6637,2460,10158,1913,8599,21300,17345,18829,10265,8004,1,17641,7786,9883,1.0,31:06,2015,2016
2015-16,202066,Garrett Temple,Garrett,1610612764,WAS,Washington Wizards,21501182,2016-04-08T00:00:00,WAS @ DET,L,21.3,0.0,0.0,2.0,2.0,0.0,5.0,9.0,10.0,1.0,1.0,1.0,0.0,14.6,1,13074,13074,13074,14833,12059,10158,4675,12984,1,11469,18829,20209,2692,17214,4972,18762,15699,1.0,21:15,2015,2016
2015-16,2754,Tony Allen,Tony,1610612763,MEM,Memphis Grizzlies,21501185,2016-04-08T00:00:00,MEM @ DAL,L,36.9,9.0,4.0,7.0,14.0,11.0,8.0,2.0,20.0,1.0,0.0,4.0,6.0,44.9,1,13074,13074,13074,2178,171,1596,454,542,18886,17345,4025,11929,2692,1,22104,873,1380,1.0,36:51,2015,2016
2015-16,201577,Robin Lopez,Robin,1610612752,NYK,New York Knicks,21501180,2016-04-08T00:00:00,NYK @ PHI,W,28.4,0.0,6.0,0.0,16.0,10.0,7.0,14.0,26.0,3.0,1.0,4.0,6.0,50.5,1,1,1,1,8934,12059,481,9917,275,17370,15642,23710,7214,347,17214,22104,873,709,1.0,28:23,2015,2016
2015-16,203994,Jusuf Nurkić,Jusuf,1610612743,DEN,Denver Nuggets,21501186,2016-04-08T00:00:00,DEN vs. SAS,W,34.7,0.0,6.0,0.0,14.0,6.0,9.0,6.0,32.0,2.0,2.0,4.0,1.0,44.5,1,1,1,1,3794,12059,481,9917,542,10028,19144,13388,3535,932,23588,22104,12373,1459,1.0,34:41,2015,2016
2015-16,203921,Cleanthony Early,Cleanthony,1610612752,NYK,New York Knicks,21501180,2016-04-08T00:00:00,NYK @ PHI,W,16.9,0.0,0.0,1.0,0.0,4.0,4.0,5.0,12.0,1.0,0.0,6.0,1.0,11.5,1,1,1,1,18358,12059,10158,9347,18861,6141,8458,11593,18637,2692,1,25827,12373,18079,1.0,16:53,2015,2016
2015-16,1626204,Larry Nance Jr.,Larry,1610612747,LAL,Los Angeles Lakers,21501184,2016-04-08T00:00:00,LAL @ NOP,L,23.6,2.0,0.0,0.0,2.0,4.0,5.0,4.0,14.0,2.0,0.0,0.0,3.0,24.8,1,13074,13074,13074,12908,6026,10158,9917,12984,6141,11469,8806,17019,932,1,1,4736,8614,1.0,23:35,2015,2016
2015-16,202332,Cole Aldrich,Cole,1610612746,LAC,LA Clippers,21501187,2016-04-08T00:00:00,LAC @ UTA,W,39.7,2.0,4.0,0.0,20.0,4.0,9.0,5.0,24.0,1.0,1.0,4.0,2.0,61.6,1,1,1,1,811,6026,1596,9917,59,6141,19144,11593,8723,2692,17214,22104,7786,159,1.0,39:44,2015,2016
2015-16,202689,Kemba Walker,Kemba,1610612766,CHA,Charlotte Hornets,21501178,2016-04-08T00:00:00,CHA vs. BKN,W,29.8,2.0,3.0,11.0,6.0,9.0,23.0,4.0,24.0,3.0,1.0,1.0,3.0,44.8,1,1,1,1,7723,6026,3104,69,5299,15771,26017,8806,8723,347,17214,4972,4736,1406,1.0,29:48,2015,2016
2015-16,202696,Nikola Vučević,Nikola,1610612753,ORL,Orlando Magic,21501179,2016-04-08T00:00:00,ORL vs. MIA,W,35.1,4.0,2.0,0.0,20.0,15.0,26.0,12.0,46.0,2.0,1.0,3.0,5.0,45.7,1,1,1,1,3461,2460,4731,9917,59,23079,26061,22259,298,932,17214,17641,1539,1251,1.0,35:07,2015,2016
2015-16,203092,Tyler Zeller,Tyler,1610612738,BOS,Boston Celtics,21501181,2016-04-08T00:00:00,BOS vs. MIL,W,25.1,6.0,0.0,7.0,18.0,7.0,4.0,4.0,28.0,4.0,1.0,3.0,8.0,44.6,1,1,1,1,11604,878,10158,454,131,12242,8458,8806,5824,132,17214,17641,254,1438,1.0,25:05,2015,2016
2015-16,203898,Tyler Ennis,Tyler,1610612749,MIL,Milwaukee Bucks,21501181,2016-04-08T00:00:00,MIL @ BOS,L,37.6,3.0,2.0,2.0,6.0,20.0,6.0,20.0,52.0,0.0,3.0,4.0,2.0,35.7,1,13074,13074,13074,1722,4307,4731,4675,5299,25338,13237,25599,59,8004,25441,22104,7786,3578,1.0,37:33,2015,2016
2015-16,203960,JaKarr Sampson,JaKarr,1610612743,DEN,Denver Nuggets,21501186,2016-04-08T00:00:00,DEN vs. SAS,W,24.6,5.0,2.0,5.0,8.0,2.0,6.0,4.0,26.0,1.0,0.0,1.0,2.0,29.8,1,1,1,1,11999,1603,4731,1277,3109,2619,13237,8806,7214,2692,1,4972,7786,5948,1.0,24:37,2015,2016
2015-16,1626196,Josh Richardson,Josh,1610612748,MIA,Miami Heat,21501179,2016-04-08T00:00:00,MIA @ ORL,L,32.7,1.0,3.0,0.0,0.0,8.0,5.0,9.0,36.0,1.0,1.0,1.0,2.0,30.0,1,13074,13074,13074,5336,11535,3104,9917,18861,13914,11469,18829,1943,2692,17214,4972,7786,5840,1.0,32:42,2015,2016
2015-16,2744,Al Jefferson,Al,1610612766,CHA,Charlotte Hornets,21501178,2016-04-08T00:00:00,CHA vs. BKN,W,17.3,2.0,2.0,0.0,4.0,2.0,6.0,2.0,16.0,0.0,1.0,2.0,0.0,29.3,1,1,1,1,18046,6026,4731,9917,8599,2619,13237,4025,15259,8004,17214,11390,18762,6202,1.0,17:18,2015,2016
2015-16,203953,Jabari Parker,Jabari,1610612749,MIL,Milwaukee Bucks,21501181,2016-04-08T00:00:00,MIL @ BOS,L,28.7,2.0,2.0,4.0,12.0,18.0,6.0,20.0,38.0,0.0,2.0,3.0,3.0,24.5,1,13074,13074,13074,8666,6026,4731,1913,988,24749,13237,25599,1422,8004,23588,17641,4736,8801,1.0,28:41,2015,2016
2015-16,977,Kobe Bryant,Kobe,1610612747,LAL,Los Angeles Lakers,21501184,2016-04-08T00:00:00,LAL @ NOP,L,22.2,3.0,0.0,0.0,0.0,10.0,7.0,5.0,18.0,0.0,0.0,0.0,1.0,24.6,1,13074,13074,13074,13991,4307,10158,9917,18861,17370,15642,11593,13577,8004,1,1,12373,8724,1.0,22:13,2015,2016
2015-16,202699,Tobias Harris,Tobias,1610612765,DET,Detroit Pistons,21501182,2016-04-08T00:00:00,DET vs. WAS,W,36.6,3.0,0.0,0.0,0.0,12.0,6.0,4.0,38.0,0.0,1.0,3.0,3.0,29.3,1,1,1,1,2337,4307,10158,9917,18861,20178,13237,8806,1422,8004,17214,17641,4736,6202,1.0,36:36,2015,2016
2015-16,2561,David West,David,1610612759,SAS,San Antonio Spurs,21501186,2016-04-08T00:00:00,SAS @ DEN,L,32.2,0.0,2.0,0.0,10.0,12.0,13.0,12.0,38.0,5.0,0.0,3.0,3.0,46.4,1,13074,13074,13074,5692,12059,4731,9917,1840,20178,23668,22259,1422,59,1,17641,4736,1149,1.0,32:14,2015,2016
2015-16,201582,Alexis Ajinca,Alexis,1610612740,NOP,New Orleans Pelicans,21501184,2016-04-08T00:00:00,NOP vs. LAL,W,37.2,4.0,2.0,0.0,6.0,22.0,4.0,10.0,14.0,2.0,0.0,3.0,3.0,56.0,1,1,1,1,1973,2460,4731,9917,5299,25683,8458,20169,17019,932,1,17641,4736,352,1.0,37:11,2015,2016
2015-16,101145,Monta Ellis,Monta,1610612754,IND,Indiana Pacers,21501183,2016-04-08T00:00:00,IND @ TOR,L,28.8,0.0,0.0,4.0,10.0,4.0,2.0,4.0,28.0,0.0,0.0,3.0,2.0,29.6,1,13074,13074,13074,8572,12059,10158,1913,1840,6141,3734,8806,5824,8004,1,17641,7786,6050,1.0,28:46,2015,2016
2015-16,101107,Marvin Williams,Marvin,1610612766,CHA,Charlotte Hornets,21501178,2016-04-08T00:00:00,CHA vs. BKN,W,21.9,4.0,2.0,2.0,6.0,4.0,15.0,4.0,18.0,1.0,0.0,4.0,2.0,29.1,1,1,1,1,14245,2460,4731,4675,5299,6141,24781,8806,13577,2692,1,22104,7786,6285,1.0,21:55,2015,2016
2015-16,202693,Markieff Morris,Markieff,1610612764,WAS,Washington Wizards,21501182,2016-04-08T00:00:00,WAS @ DET,L,36.7,6.0,4.0,0.0,12.0,14.0,6.0,13.0,28.0,0.0,0.0,4.0,6.0,37.4,1,13074,13074,13074,2301,878,1596,9917,988,22292,13237,23048,5824,8004,1,22104,873,3073,1.0,36:40,2015,2016
2015-16,202355,Hassan Whiteside,Hassan,1610612748,MIA,Miami Heat,21501179,2016-04-08T00:00:00,MIA @ ORL,L,28.1,2.0,6.0,3.0,10.0,9.0,5.0,11.0,38.0,4.0,1.0,3.0,6.0,44.2,1,13074,13074,13074,9135,6026,481,3302,1840,15771,11469,21342,1422,132,17214,17641,873,1515,1.0,28:08,2015,2016
2015-16,202704,Reggie Jackson,Reggie,1610612765,DET,Detroit Pistons,21501182,2016-04-08T00:00:00,DET vs. WAS,W,34.4,6.0,0.0,4.0,16.0,12.0,8.0,5.0,36.0,0.0,0.0,3.0,7.0,52.3,1,1,1,1,4028,878,10158,1913,275,20178,17345,11593,1943,8004,1,17641,469,559,1.0,34:24,2015,2016
2015-16,203496,Robert Covington,Robert,1610612755,PHI,Philadelphia 76ers,21501180,2016-04-08T00:00:00,PHI vs. NYK,L,34.2,8.0,3.0,4.0,6.0,5.0,8.0,4.0,30.0,0.0,1.0,4.0,4.0,48.2,1,13074,13074,13074,4216,308,3104,1913,5299,8403,17345,8806,4541,8004,17214,22104,2748,941,1.0,34:10,2015,2016
2015-16,203506,Victor Oladipo,Victor,1610612753,ORL,Orlando Magic,21501179,2016-04-08T00:00:00,ORL vs. MIA,W,28.2,0.0,3.0,4.0,8.0,11.0,16.0,7.0,36.0,2.0,1.0,2.0,0.0,24.3,1,1,1,1,9113,12059,3104,1913,3109,18886,25155,15538,1943,932,17214,11390,18762,8939,1.0,28:09,2015,2016
2015-16,2546,Carmelo Anthony,Carmelo,1610612752,NYK,New York Knicks,21501180,2016-04-08T00:00:00,NYK @ PHI,W,25.6,2.0,4.0,0.0,0.0,5.0,5.0,10.0,18.0,2.0,1.0,2.0,4.0,30.1,1,1,1,1,11178,6026,1596,9917,18861,8403,11469,20169,13577,932,17214,11390,2748,5794,1.0,25:38,2015,2016
2015-16,203507,Giannis Antetokounmpo,Giannis,1610612749,MIL,Milwaukee Bucks,21501181,2016-04-08T00:00:00,MIL @ BOS,L,26.6,3.0,0.0,5.0,6.0,18.0,6.0,16.0,36.0,1.0,1.0,5.0,6.0,46.9,1,13074,13074,13074,10379,4307,10158,1277,5299,24749,13237,24641,1943,2692,17214,24686,873,1095,1.0,26:35,2015,2016
2015-16,203095,Evan Fournier,Evan,1610612753,ORL,Orlando Magic,21501179,2016-04-08T00:00:00,ORL vs. MIA,W,46.2,5.0,3.0,7.0,6.0,16.0,31.0,12.0,52.0,0.0,1.0,5.0,8.0,46.9,1,1,1,1,52,1603,3104,454,5299,23774,26076,22259,59,8004,17214,24686,254,1095,1.0,46:13,2015,2016
2015-16,201587,Nicolas Batum,Nicolas,1610612766,CHA,Charlotte Hornets,21501178,2016-04-08T00:00:00,CHA vs. BKN,W,26.6,2.0,2.0,0.0,6.0,9.0,20.0,4.0,20.0,1.0,0.0,2.0,0.0,29.2,1,1,1,1,10379,6026,4731,9917,5299,15771,25875,8806,11929,2692,1,11390,18762,6243,1.0,26:35,2015,2016
2015-16,2037,Jamal Crawford,Jamal,1610612746,LAC,LA Clippers,21501187,2016-04-08T00:00:00,LAC @ UTA,W,48.8,10.0,2.0,5.0,4.0,9.0,15.0,12.0,40.0,1.0,0.0,3.0,6.0,47.0,1,1,1,1,18,99,4731,1277,8599,15771,24781,22259,983,2692,1,17641,873,1078,1.0,48:45,2015,2016
2015-16,101141,Ersan Ilyasova,Ersan,1610612753,ORL,Orlando Magic,21501179,2016-04-08T00:00:00,ORL vs. MIA,W,24.0,0.0,0.0,2.0,4.0,10.0,15.0,9.0,24.0,0.0,0.0,1.0,1.0,11.2,1,1,1,1,12549,12059,10158,4675,8599,17370,24781,18829,8723,8004,1,4972,12373,18267,1.0,24:00,2015,2016
2015-16,202692,Alec Burks,Alec,1610612762,UTA,Utah Jazz,21501187,2016-04-08T00:00:00,UTA vs. LAC,L,13.0,0.0,2.0,3.0,2.0,4.0,0.0,2.0,6.0,0.0,0.0,1.0,0.0,11.2,1,13074,13074,13074,20985,12059,4731,3302,12984,6141,1,4025,22724,8004,1,4972,18762,18267,1.0,12:60,2015,2016
2015-16,201965,Jeff Ayres,Jeff,1610612746,LAC,LA Clippers,21501187,2016-04-08T00:00:00,LAC @ UTA,W,12.8,0.0,0.0,0.0,0.0,5.0,6.0,7.0,18.0,0.0,0.0,2.0,0.0,1.4,1,1,1,1,21090,12059,10158,9917,18861,8403,13237,15538,13577,8004,1,11390,18762,24615,1.0,12:47,2015,2016
2015-16,2588,Matt Bonner,Matt,1610612759,SAS,San Antonio Spurs,21501186,2016-04-08T00:00:00,SAS @ DEN,L,13.2,0.0,0.0,0.0,2.0,2.0,0.0,2.0,6.0,0.0,0.0,1.0,0.0,5.6,1,13074,13074,13074,20874,12059,10158,9917,12984,2619,1,4025,22724,8004,1,4972,18762,22133,1.0,13:11,2015,2016
2015-16,201601,Luc Mbah a Moute,Luc,1610612746,LAC,LA Clippers,21501187,2016-04-08T00:00:00,LAC @ UTA,W,33.3,0.0,0.0,0.0,0.0,2.0,9.0,0.0,24.0,0.0,1.0,2.0,0.0,11.1,1,1,1,1,4897,12059,10158,9917,18861,2619,19144,1,8723,8004,17214,11390,18762,18370,1.0,33:17,2015,2016
2015-16,1626273,Marcelo Huertas,Marcelo,1610612747,LAL,Los Angeles Lakers,21501184,2016-04-08T00:00:00,LAL @ NOP,L,27.3,3.0,0.0,3.0,2.0,7.0,5.0,2.0,16.0,0.0,0.0,4.0,3.0,11.2,1,13074,13074,13074,9763,4307,10158,3302,12984,12242,11469,4025,15259,8004,1,22104,4736,18267,1.0,27:18,2015,2016
2015-16,2617,Udonis Haslem,Udonis,1610612748,MIA,Miami Heat,21501179,2016-04-08T00:00:00,MIA @ ORL,L,8.9,1.0,1.0,0.0,6.0,0.0,3.0,0.0,8.0,0.0,0.0,2.0,2.0,10.6,1,13074,13074,13074,22885,11535,9709,9917,5299,1,7138,1,21543,8004,1,11390,7786,18723,1.0,8:53,2015,2016
2015-16,203937,Kyle Anderson,Kyle,1610612759,SAS,San Antonio Spurs,21501186,2016-04-08T00:00:00,SAS @ DEN,L,34.6,0.0,0.0,0.0,2.0,12.0,6.0,12.0,38.0,0.0,0.0,1.0,1.0,11.2,1,13074,13074,13074,3865,12059,10158,9917,12984,20178,13237,22259,1422,8004,1,4972,12373,18267,1.0,34:36,2015,2016
2015-16,201571,D.J. Augustin,D.J.,1610612743,DEN,Denver Nuggets,21501186,2016-04-08T00:00:00,DEN vs. SAS,W,14.0,0.0,0.0,0.0,4.0,6.0,7.0,9.0,20.0,0.0,0.0,1.0,0.0,6.0,1,1,1,1,20428,12059,10158,9917,8599,10028,15642,18829,11929,8004,1,4972,18762,21878,1.0,13:58,2015,2016
2015-16,203493,Reggie Bullock Jr.,Reggie,1610612765,DET,Detroit Pistons,21501182,2016-04-08T00:00:00,DET vs. WAS,W,20.4,0.0,0.0,0.0,0.0,7.0,4.0,6.0,26.0,0.0,0.0,2.0,0.0,6.5,1,1,1,1,15562,12059,10158,9917,18861,12242,8458,13388,7214,8004,1,11390,18762,21519,1.0,20:24,2015,2016
2015-16,201951,Ty Lawson,Ty,1610612754,IND,Indiana Pacers,21501183,2016-04-08T00:00:00,IND @ TOR,L,18.1,0.0,0.0,0.0,0.0,4.0,2.0,11.0,16.0,0.0,0.0,2.0,0.0,10.9,1,13074,13074,13074,17477,12059,10158,9917,18861,6141,3734,21342,15259,8004,1,11390,18762,18498,1.0,18:03,2015,2016
2015-16,203109,Jae Crowder,Jae,1610612738,BOS,Boston Celtics,21501181,2016-04-08T00:00:00,BOS vs. MIL,W,14.3,0.0,0.0,2.0,2.0,0.0,4.0,4.0,16.0,0.0,0.0,3.0,3.0,11.4,1,1,1,1,20250,12059,10158,4675,12984,1,8458,8806,15259,8004,1,17641,4736,18134,1.0,14:15,2015,2016
2015-16,203138,Hollis Thompson,Hollis,1610612755,PHI,Philadelphia 76ers,21501180,2016-04-08T00:00:00,PHI vs. NYK,L,27.1,0.0,0.0,0.0,0.0,7.0,8.0,6.0,30.0,0.0,0.0,1.0,0.0,6.2,1,13074,13074,13074,9908,12059,10158,9917,18861,12242,17345,13388,4541,8004,1,4972,18762,21696,1.0,27:08,2015,2016
2015-16,101187,Alan Anderson,Alan,1610612764,WAS,Washington Wizards,21501182,2016-04-08T00:00:00,WAS @ DET,L,19.2,0.0,0.0,0.0,0.0,0.0,3.0,7.0,6.0,0.0,0.0,1.0,0.0,5.7,1,13074,13074,13074,16573,12059,10158,9917,18861,1,7138,15538,22724,8004,1,4972,18762,22054,1.0,19:09,2015,2016
2015-16,2034,Mike Miller,Mike,1610612743,DEN,Denver Nuggets,21501186,2016-04-08T00:00:00,DEN vs. SAS,W,12.7,0.0,0.0,0.0,0.0,2.0,5.0,9.0,16.0,0.0,0.0,2.0,0.0,6.9,1,1,1,1,21110,12059,10158,9917,18861,2619,11469,18829,15259,8004,1,11390,18762,21262,1.0,12:44,2015,2016
2015-16,1626167,Myles Turner,Myles,1610612754,IND,Indiana Pacers,21501183,2016-04-08T00:00:00,IND @ TOR,L,23.2,0.0,0.0,0.0,2.0,9.0,2.0,6.0,24.0,2.0,1.0,5.0,2.0,21.7,1,13074,13074,13074,13217,12059,10158,9917,12984,15771,3734,13388,8723,932,17214,24686,7786,10592,1.0,23:11,2015,2016
2015-16,1626185,Jarell Martin,Jarell,1610612763,MEM,Memphis Grizzlies,21501185,2016-04-08T00:00:00,MEM @ DAL,L,10.6,0.0,2.0,0.0,2.0,5.0,1.0,0.0,4.0,0.0,1.0,3.0,1.0,6.6,1,13074,13074,13074,22189,12059,4731,9917,12984,8403,3393,1,23698,8004,17214,17641,12373,21445,1.0,10:36,2015,2016
2015-16,204456,T.J. McConnell,T.J.,1610612755,PHI,Philadelphia 76ers,21501180,2016-04-08T00:00:00,PHI vs. NYK,L,15.9,2.0,0.0,0.0,0.0,13.0,6.0,1.0,18.0,0.0,1.0,0.0,1.0,6.5,1,13074,13074,13074,19125,6026,10158,9917,18861,21300,13237,3646,13577,8004,17214,1,12373,21519,1.0,15:53,2015,2016
2015-16,203948,Johnny O'Bryant III,Johnny,1610612749,MIL,Milwaukee Bucks,21501181,2016-04-08T00:00:00,MIL @ BOS,L,11.4,0.0,0.0,0.0,4.0,13.0,0.0,8.0,18.0,0.0,0.0,1.0,1.0,7.0,1,13074,13074,13074,21885,12059,10158,9917,8599,21300,1,17194,13577,8004,1,4972,12373,21188,1.0,11:22,2015,2016
2015-16,200826,J.J. Barea,J.J.,1610612742,DAL,Dallas Mavericks,21501185,2016-04-08T00:00:00,DAL vs. MEM,W,8.5,0.0,0.0,0.0,4.0,2.0,10.0,0.0,8.0,0.0,0.0,1.0,1.0,6.7,1,1,1,1,23032,12059,10158,9917,8599,2619,20509,1,21543,8004,1,4972,12373,21376,1.0,8:28,2015,2016
2015-16,202687,Bismack Biyombo,Bismack,1610612761,TOR,Toronto Raptors,21501183,2016-04-08T00:00:00,TOR vs. IND,W,9.6,0.0,0.0,0.0,2.0,11.0,3.0,0.0,6.0,0.0,0.0,0.0,0.0,6.8,1,1,1,1,22601,12059,10158,9917,12984,18886,7138,1,22724,8004,1,1,18762,21328,1.0,9:34,2015,2016
2015-16,204028,Tarik Black,Tarik,1610612747,LAL,Los Angeles Lakers,21501184,2016-04-08T00:00:00,LAL @ NOP,L,16.0,0.0,0.0,0.0,2.0,2.0,5.0,0.0,12.0,1.0,0.0,4.0,0.0,13.3,1,13074,13074,13074,19007,12059,10158,9917,12984,2619,11469,1,18637,2692,1,22104,18762,16712,1.0,16:02,2015,2016
2015-16,201588,George Hill,George,1610612754,IND,Indiana Pacers,21501183,2016-04-08T00:00:00,IND @ TOR,L,32.0,0.0,0.0,2.0,2.0,4.0,2.0,5.0,28.0,0.0,1.0,2.0,1.0,9.5,1,13074,13074,13074,5933,12059,10158,4675,12984,6141,3734,11593,5824,8004,17214,11390,12373,19519,1.0,31:57,2015,2016
2015-16,203135,Robert Sacre,Robert,1610612747,LAL,Los Angeles Lakers,21501184,2016-04-08T00:00:00,LAL @ NOP,L,14.8,0.0,0.0,0.0,0.0,7.0,4.0,4.0,12.0,0.0,2.0,3.0,0.0,9.3,1,13074,13074,13074,19927,12059,10158,9917,18861,12242,8458,8806,18637,8004,23588,17641,18762,19656,1.0,14:45,2015,2016
2015-16,203955,Bryce Cotton,Bryce,1610612763,MEM,Memphis Grizzlies,21501185,2016-04-08T00:00:00,MEM @ DAL,L,0.2,0.0,0.0,0.0,0.0,0.0,0.0,0.0,0.0,0.0,0.0,0.0,0.0,0.0,1,13074,13074,13074,26015,12059,10158,9917,18861,1,1,1,25429,8004,1,1,18762,25170,1.0,0:14,2015,2016
2015-16,203922,Glenn Robinson III,Glenn,1610612754,IND,Indiana Pacers,21501183,2016-04-08T00:00:00,IND @ TOR,L,2.9,0.0,0.0,0.0,0.0,3.0,2.0,0.0,0.0,0.0,0.0,0.0,0.0,0.0,1,13074,13074,13074,25175,12059,10158,9917,18861,5109,3734,1,25429,8004,1,1,18762,25170,1.0,2:52,2015,2016
2015-16,1626253,Axel Toupane,Axel,1610612743,DEN,Denver Nuggets,21501186,2016-04-08T00:00:00,DEN vs. SAS,W,9.2,0.0,0.0,0.0,0.0,2.0,2.0,7.0,12.0,1.0,1.0,1.0,1.0,9.2,1,1,1,1,22752,12059,10158,9917,18861,2619,3734,15538,18637,2692,17214,4972,12373,19680,1.0,9:13,2015,2016
2015-16,1626183,Branden Dawson,Branden,1610612746,LAC,LA Clippers,21501187,2016-04-08T00:00:00,LAC @ UTA,W,2.2,0.0,0.0,0.0,0.0,0.0,4.0,0.0,4.0,0.0,0.0,0.0,0.0,0.0,1,1,1,1,25445,12059,10158,9917,18861,1,8458,1,23698,8004,1,1,18762,25170,1.0,2:13,2015,2016
2015-16,1626202,Joe Young,Joe,1610612754,IND,Indiana Pacers,21501183,2016-04-08T00:00:00,IND @ TOR,L,2.9,2.0,2.0,2.0,4.0,3.0,2.0,0.0,0.0,0.0,0.0,1.0,0.0,9.0,1,13074,13074,13074,25175,6026,4731,4675,8599,5109,3734,1,25429,8004,1,4972,18762,19835,1.0,2:52,2015,2016
2015-16,202711,Bojan Bogdanović,Bojan,1610612751,BKN,Brooklyn Nets,21501178,2016-04-08T00:00:00,BKN @ CHA,L,20.8,0.0,2.0,0.0,2.0,9.0,7.0,14.0,20.0,1.0,3.0,0.0,0.0,9.7,1,13074,13074,13074,15273,12059,4731,9917,12984,15771,15642,23710,11929,2692,25441,1,18762,19379,1.0,20:45,2015,2016
2015-16,1626168,Trey Lyles,Trey,1610612762,UTA,Utah Jazz,21501187,2016-04-08T00:00:00,UTA vs. LAC,L,14.2,0.0,0.0,0.0,2.0,0.0,0.0,3.0,6.0,0.0,0.0,1.0,1.0,8.8,1,13074,13074,13074,20269,12059,10158,9917,12984,1,1,7328,22724,8004,1,4972,12373,19994,1.0,14:13,2015,2016
2015-16,101161,Amir Johnson,Amir,1610612738,BOS,Boston Celtics,21501181,2016-04-08T00:00:00,BOS vs. MIL,W,15.2,2.0,0.0,0.0,4.0,6.0,4.0,7.0,18.0,0.0,0.0,4.0,1.0,8.7,1,1,1,1,19613,6026,10158,9917,8599,10028,8458,15538,13577,8004,1,22104,12373,20045,1.0,15:13,2015,2016
2015-16,203527,Ryan Kelly,Ryan,1610612747,LAL,Los Angeles Lakers,21501184,2016-04-08T00:00:00,LAL @ NOP,L,21.7,0.0,2.0,0.0,0.0,5.0,9.0,0.0,16.0,1.0,0.0,0.0,0.0,8.6,1,13074,13074,13074,14424,12059,4731,9917,18861,8403,19144,1,15259,2692,1,1,18762,20125,1.0,21:43,2015,2016
2015-16,203912,C.J. Wilcox,C.J.,1610612746,LAC,LA Clippers,21501187,2016-04-08T00:00:00,LAC @ UTA,W,18.1,0.0,2.0,0.0,0.0,5.0,6.0,7.0,18.0,0.0,0.0,2.0,3.0,8.6,1,1,1,1,17440,12059,4731,9917,18861,8403,13237,15538,13577,8004,1,11390,4736,20125,1.0,18:06,2015,2016
2015-16,204098,Xavier Munford,Xavier,1610612763,MEM,Memphis Grizzlies,21501185,2016-04-08T00:00:00,MEM @ DAL,L,14.9,0.0,0.0,0.0,0.0,9.0,5.0,5.0,10.0,0.0,1.0,3.0,1.0,4.5,1,13074,13074,13074,19862,12059,10158,9917,18861,15771,11469,11593,20209,8004,17214,17641,12373,22773,1.0,14:51,2015,2016
2015-16,201946,Tyler Hansbrough,Tyler,1610612766,CHA,Charlotte Hornets,21501178,2016-04-08T00:00:00,CHA vs. BKN,W,5.8,0.0,4.0,0.0,2.0,6.0,6.0,4.0,8.0,0.0,0.0,0.0,2.0,4.0,1,1,1,1,24041,12059,1596,9917,12984,10028,13237,8806,21543,8004,1,1,7786,23142,1.0,5:50,2015,2016
2015-16,202349,Greivis Vasquez,Greivis,1610612749,MIL,Milwaukee Bucks,21501181,2016-04-08T00:00:00,MIL @ BOS,L,15.2,0.0,0.0,0.0,2.0,12.0,0.0,9.0,30.0,0.0,0.0,2.0,1.0,4.5,1,13074,13074,13074,19627,12059,10158,9917,12984,20178,1,18829,4541,8004,1,11390,12373,22773,1.0,15:11,2015,2016
2015-16,203996,Damien Inglis,Damien,1610612749,MIL,Milwaukee Bucks,21501181,2016-04-08T00:00:00,MIL @ BOS,L,14.9,0.0,0.0,0.0,0.0,9.0,0.0,3.0,22.0,0.0,0.0,3.0,0.0,4.7,1,13074,13074,13074,19828,12059,10158,9917,18861,15771,1,7328,10265,8004,1,17641,18762,22672,1.0,14:54,2015,2016
2015-16,203798,PJ Hairston,PJ,1610612763,MEM,Memphis Grizzlies,21501185,2016-04-08T00:00:00,MEM @ DAL,L,5.6,0.0,0.0,2.0,2.0,2.0,1.0,0.0,0.0,0.0,0.0,1.0,0.0,5.0,1,13074,13074,13074,24134,12059,10158,4675,12984,2619,3393,1,25429,8004,1,4972,18762,22500,1.0,5:37,2015,2016
2015-16,203088,Kendall Marshall,Kendall,1610612755,PHI,Philadelphia 76ers,21501180,2016-04-08T00:00:00,PHI vs. NYK,L,7.9,0.0,0.0,0.0,0.0,11.0,2.0,0.0,8.0,0.0,0.0,2.0,0.0,5.0,1,13074,13074,13074,23242,12059,10158,9917,18861,18886,3734,1,21543,8004,1,11390,18762,22500,1.0,7:52,2015,2016
2015-16,201160,Jason Smith,Jason,1610612753,ORL,Orlando Magic,21501179,2016-04-08T00:00:00,ORL vs. MIA,W,12.8,0.0,0.0,0.0,4.0,1.0,5.0,0.0,8.0,4.0,0.0,1.0,2.0,21.6,1,1,1,1,21083,12059,10158,9917,8599,2356,11469,1,21543,132,1,4972,7786,10666,1.0,12:48,2015,2016
2015-16,1626175,Jordan Mickey,Jordan,1610612738,BOS,Boston Celtics,21501181,2016-04-08T00:00:00,BOS vs. MIL,W,3.5,0.0,0.0,0.0,0.0,4.0,0.0,4.0,6.0,0.0,2.0,1.0,0.0,0.0,1,1,1,1,24935,12059,10158,9917,18861,6141,1,8806,22724,8004,23588,4972,18762,25170,1.0,3:28,2015,2016
2015-16,203512,Lucas Nogueira,Lucas,1610612761,TOR,Toronto Raptors,21501183,2016-04-08T00:00:00,TOR vs. IND,W,10.9,0.0,0.0,2.0,2.0,2.0,2.0,2.0,12.0,1.0,0.0,1.0,2.0,5.2,1,1,1,1,22077,12059,10158,4675,12984,2619,3734,4025,18637,2692,1,4972,7786,22370,1.0,10:53,2015,2016
2015-16,203268,Jorge Gutierrez,Jorge,1610612766,CHA,Charlotte Hornets,21501178,2016-04-08T00:00:00,CHA vs. BKN,W,2.1,0.0,0.0,0.0,0.0,4.0,3.0,2.0,4.0,0.0,0.0,0.0,0.0,0.0,1,1,1,1,25476,12059,10158,9917,18861,6141,7138,4025,23698,8004,1,1,18762,25170,1.0,2:07,2015,2016
2015-16,203906,Devyn Marble,Devyn,1610612753,ORL,Orlando Magic,21501179,2016-04-08T00:00:00,ORL vs. MIA,W,4.7,0.0,0.0,0.0,0.0,0.0,2.0,0.0,4.0,0.0,0.0,2.0,0.0,5.4,1,1,1,1,24459,12059,10158,9917,18861,1,3734,1,23698,8004,1,11390,18762,22242,1.0,4:43,2015,2016
2015-16,1626154,RJ Hunter,RJ,1610612738,BOS,Boston Celtics,21501181,2016-04-08T00:00:00,BOS vs. MIL,W,3.5,0.0,0.0,0.0,0.0,4.0,0.0,4.0,6.0,0.0,0.0,0.0,0.0,-1.0,1,1,1,1,24935,12059,10158,9917,18861,6141,1,8806,22724,8004,1,1,18762,25932,1.0,3:28,2015,2016
2015-16,201229,Anthony Tolliver,Anthony,1610612765,DET,Detroit Pistons,21501182,2016-04-08T00:00:00,DET vs. WAS,W,11.4,0.0,0.0,0.0,0.0,4.0,4.0,7.0,16.0,1.0,0.0,1.0,1.0,7.4,1,1,1,1,21869,12059,10158,9917,18861,6141,8458,15538,15259,2692,1,4972,12373,20912,1.0,11:24,2015,2016
2015-16,1713,Vince Carter,Vince,1610612763,MEM,Memphis Grizzlies,21501185,2016-04-08T00:00:00,MEM @ DAL,L,17.0,3.0,0.0,0.0,2.0,7.0,0.0,3.0,8.0,0.0,0.0,1.0,2.0,7.2,1,13074,13074,13074,18267,4307,10158,9917,12984,12242,1,7328,21543,8004,1,4972,7786,21035,1.0,17:01,2015,2016
2015-16,203115,Will Barton,Will,1610612743,DEN,Denver Nuggets,21501186,2016-04-08T00:00:00,DEN vs. SAS,W,32.6,2.0,0.0,2.0,10.0,12.0,11.0,13.0,40.0,0.0,1.0,4.0,1.0,21.2,1,1,1,1,5453,6026,10158,4675,1840,20178,21814,23048,983,8004,17214,22104,12373,10936,1.0,32:34,2015,2016
2015-16,201155,Rodney Stuckey,Rodney,1610612754,IND,Indiana Pacers,21501183,2016-04-08T00:00:00,IND @ TOR,L,16.0,2.0,0.0,0.0,4.0,4.0,0.0,11.0,12.0,1.0,1.0,1.0,3.0,17.9,1,13074,13074,13074,19075,6026,10158,9917,8599,6141,1,21342,18637,2692,17214,4972,4736,13229,1.0,15:57,2015,2016
2015-16,2570,Kendrick Perkins,Kendrick,1610612740,NOP,New Orleans Pelicans,21501184,2016-04-08T00:00:00,NOP vs. LAL,W,16.1,0.0,2.0,0.0,2.0,4.0,2.0,7.0,10.0,2.0,1.0,3.0,1.0,13.1,1,1,1,1,18971,12059,4731,9917,12984,6141,3734,15538,20209,932,17214,17641,12373,16874,1.0,16:05,2015,2016
2015-16,204038,Langston Galloway,Langston,1610612752,NYK,New York Knicks,21501180,2016-04-08T00:00:00,NYK @ PHI,W,30.7,0.0,0.0,0.0,2.0,9.0,6.0,9.0,18.0,0.0,2.0,2.0,0.0,16.3,1,1,1,1,6950,12059,10158,9917,12984,15771,13237,18829,13577,8004,23588,11390,18762,14372,1.0,30:42,2015,2016
2015-16,201228,C.J. Watson,C.J.,1610612753,ORL,Orlando Magic,21501179,2016-04-08T00:00:00,ORL vs. MIA,W,29.0,0.0,0.0,0.0,4.0,8.0,20.0,5.0,36.0,1.0,0.0,2.0,1.0,12.9,1,1,1,1,8373,12059,10158,9917,8599,13914,25875,11593,1943,2692,1,11390,12373,17049,1.0,29:00,2015,2016
2015-16,202714,Shelvin Mack,Shelvin,1610612762,UTA,Utah Jazz,21501187,2016-04-08T00:00:00,UTA vs. LAC,L,32.7,2.0,0.0,3.0,4.0,21.0,15.0,5.0,34.0,0.0,0.0,5.0,3.0,16.4,1,13074,13074,13074,5322,6026,10158,3302,8599,25535,24781,11593,2701,8004,1,24686,4736,14289,1.0,32:43,2015,2016
2015-16,203524,Solomon Hill,Solomon,1610612754,IND,Indiana Pacers,21501183,2016-04-08T00:00:00,IND @ TOR,L,27.8,6.0,3.0,0.0,6.0,11.0,4.0,12.0,24.0,0.0,1.0,1.0,2.0,20.9,1,13074,13074,13074,9352,878,3104,9917,5299,18886,8458,22259,8723,8004,17214,4972,7786,11132,1.0,27:50,2015,2016
2015-16,204060,Joe Ingles,Joe,1610612762,UTA,Utah Jazz,21501187,2016-04-08T00:00:00,UTA vs. LAC,L,22.2,2.0,0.0,2.0,2.0,8.0,9.0,3.0,16.0,0.0,0.0,3.0,0.0,16.4,1,13074,13074,13074,13967,6026,10158,4675,12984,13914,19144,7328,15259,8004,1,17641,18762,14289,1.0,22:15,2015,2016
2015-16,1626178,Rondae Hollis-Jefferson,Rondae,1610612751,BKN,Brooklyn Nets,21501178,2016-04-08T00:00:00,BKN @ CHA,L,23.5,0.0,0.0,0.0,2.0,8.0,11.0,7.0,24.0,1.0,0.0,2.0,0.0,18.7,1,13074,13074,13074,12976,12059,10158,9917,12984,13914,21814,15538,8723,2692,1,11390,18762,12648,1.0,23:29,2015,2016
2015-16,202388,Donald Sloan,Donald,1610612751,BKN,Brooklyn Nets,21501178,2016-04-08T00:00:00,BKN @ CHA,L,23.3,0.0,2.0,0.0,6.0,9.0,11.0,6.0,22.0,1.0,1.0,0.0,1.0,17.9,1,13074,13074,13074,13114,12059,4731,9917,5299,15771,21814,13388,10265,2692,17214,1,12373,13229,1.0,23:19,2015,2016
2015-16,1626179,Terry Rozier,Terry,1610612738,BOS,Boston Celtics,21501181,2016-04-08T00:00:00,BOS vs. MIL,W,6.4,0.0,0.0,0.0,4.0,4.0,0.0,4.0,10.0,0.0,0.0,1.0,0.0,2.0,1,1,1,1,23803,12059,10158,9917,8599,6141,1,8806,20209,8004,1,4972,18762,24216,1.0,6:21,2015,2016
2015-16,101111,Charlie Villanueva,Charlie,1610612742,DAL,Dallas Mavericks,21501185,2016-04-08T00:00:00,DAL vs. MEM,W,2.2,0.0,2.0,0.0,2.0,0.0,0.0,3.0,2.0,0.0,0.0,0.0,0.0,2.0,1,1,1,1,25439,12059,4731,9917,12984,1,1,7328,24614,8004,1,1,18762,24216,1.0,2:14,2015,2016
2015-16,1626163,Frank Kaminsky,Frank,1610612766,CHA,Charlotte Hornets,21501178,2016-04-08T00:00:00,CHA vs. BKN,W,21.3,0.0,3.0,0.0,8.0,4.0,8.0,6.0,18.0,0.0,0.0,1.0,2.0,21.3,1,1,1,1,14783,12059,3104,9917,3109,6141,17345,13388,13577,8004,1,4972,7786,10880,1.0,21:18,2015,2016
2015-16,2405,Amar'e Stoudemire,Amar'e,1610612748,MIA,Miami Heat,21501179,2016-04-08T00:00:00,MIA @ ORL,L,10.9,2.0,0.0,0.0,4.0,4.0,0.0,9.0,14.0,0.0,1.0,3.0,0.0,7.8,1,13074,13074,13074,22077,6026,10158,9917,8599,6141,1,18829,17019,8004,17214,17641,18762,20696,1.0,10:53,2015,2016
2015-16,203584,Troy Daniels,Troy,1610612766,CHA,Charlotte Hornets,21501178,2016-04-08T00:00:00,CHA vs. BKN,W,24.9,3.0,2.0,0.0,0.0,13.0,12.0,8.0,18.0,0.0,0.0,2.0,1.0,21.6,1,1,1,1,11737,4307,4731,9917,18861,21300,22832,17194,13577,8004,1,11390,12373,10666,1.0,24:55,2015,2016
2015-16,203382,Aron Baynes,Aron,1610612765,DET,Detroit Pistons,21501182,2016-04-08T00:00:00,DET vs. WAS,W,22.4,0.0,0.0,2.0,2.0,6.0,2.0,7.0,22.0,1.0,0.0,1.0,6.0,21.0,1,1,1,1,13819,12059,10158,4675,12984,10028,3734,15538,10265,2692,1,4972,873,11077,1.0,22:26,2015,2016
2015-16,201167,Arron Afflalo,Arron,1610612752,NYK,New York Knicks,21501180,2016-04-08T00:00:00,NYK @ PHI,W,31.5,3.0,0.0,0.0,2.0,9.0,6.0,11.0,18.0,0.0,0.0,0.0,1.0,16.5,1,1,1,1,6324,4307,10158,9917,12984,15771,13237,21342,13577,8004,1,1,12373,14224,1.0,31:29,2015,2016
2015-16,203156,Henry Sims,Henry,1610612751,BKN,Brooklyn Nets,21501178,2016-04-08T00:00:00,BKN @ CHA,L,16.6,0.0,1.0,0.0,2.0,7.0,4.0,2.0,20.0,1.0,0.0,2.0,1.0,17.9,1,13074,13074,13074,18558,12059,9709,9917,12984,12242,8458,4025,11929,2692,1,11390,12373,13229,1.0,16:37,2015,2016
2015-16,203499,Shane Larkin,Shane,1610612751,BKN,Brooklyn Nets,21501178,2016-04-08T00:00:00,BKN @ CHA,L,24.7,0.0,0.0,0.0,0.0,7.0,9.0,10.0,24.0,1.0,1.0,2.0,1.0,21.4,1,13074,13074,13074,11937,12059,10158,9917,18861,12242,19144,20169,8723,2692,17214,11390,12373,10807,1.0,24:41,2015,2016
2015-16,203939,Dwight Powell,Dwight,1610612742,DAL,Dallas Mavericks,21501185,2016-04-08T00:00:00,DAL vs. MEM,W,0.8,0.0,0.0,0.0,0.0,0.0,0.0,2.0,2.0,1.0,0.0,0.0,0.0,3.0,1,1,1,1,25924,12059,10158,9917,18861,1,1,4025,24614,2692,1,1,18762,23648,1.0,0:45,2015,2016
2015-16,101135,David Lee,David,1610612742,DAL,Dallas Mavericks,21501185,2016-04-08T00:00:00,DAL vs. MEM,W,16.2,2.0,2.0,0.0,8.0,7.0,8.0,0.0,14.0,0.0,0.0,2.0,1.0,13.0,1,1,1,1,18868,6026,4731,9917,3109,12242,17345,1,17019,8004,1,11390,12373,16969,1.0,16:13,2015,2016
2015-16,1626151,Aaron Harrison,Aaron,1610612766,CHA,Charlotte Hornets,21501178,2016-04-08T00:00:00,CHA vs. BKN,W,2.2,0.0,0.0,0.0,0.0,2.0,3.0,2.0,4.0,0.0,0.0,0.0,0.0,3.0,1,1,1,1,25440,12059,10158,9917,18861,2619,7138,4025,23698,8004,1,1,18762,23648,1.0,2:14,2015,2016
2015-16,203914,Gary Harris,Gary,1610612743,DEN,Denver Nuggets,21501186,2016-04-08T00:00:00,DEN vs. SAS,W,29.1,4.0,0.0,4.0,4.0,10.0,6.0,6.0,26.0,0.0,0.0,3.0,1.0,16.1,1,1,1,1,8327,2460,10158,1913,8599,17370,13237,13388,7214,8004,1,17641,12373,14515,1.0,29:03,2015,2016
2015-16,202344,Trevor Booker,Trevor,1610612762,UTA,Utah Jazz,21501187,2016-04-08T00:00:00,UTA vs. LAC,L,16.3,0.0,0.0,0.0,0.0,10.0,9.0,2.0,12.0,1.0,0.0,1.0,0.0,8.2,1,13074,13074,13074,18785,12059,10158,9917,18861,17370,19144,4025,18637,2692,1,4972,18762,20416,1.0,16:20,2015,2016
2015-16,201162,Jared Dudley,Jared,1610612764,WAS,Washington Wizards,21501182,2016-04-08T00:00:00,WAS @ DET,L,12.0,0.0,0.0,0.0,4.0,0.0,3.0,0.0,6.0,0.0,0.0,4.0,2.0,12.4,1,13074,13074,13074,21598,12059,10158,9917,8599,1,7138,1,22724,8004,1,22104,7786,17418,1.0,11:60,2015,2016
2015-16,203078,Bradley Beal,Bradley,1610612764,WAS,Washington Wizards,21501182,2016-04-08T00:00:00,WAS @ DET,L,40.6,2.0,2.0,3.0,12.0,14.0,7.0,10.0,28.0,0.0,0.0,1.0,5.0,30.7,1,13074,13074,13074,591,6026,4731,3302,988,22292,15642,20169,5824,8004,1,4972,1539,5539,1.0,40:33,2015,2016
2015-16,200770,Jordan Farmar,Jordan,1610612763,MEM,Memphis Grizzlies,21501185,2016-04-08T00:00:00,MEM @ DAL,L,25.6,2.0,3.0,0.0,2.0,5.0,2.0,0.0,14.0,0.0,1.0,3.0,1.0,12.4,1,13074,13074,13074,11220,6026,3104,9917,12984,8403,3734,1,17019,8004,17214,17641,12373,17418,1.0,25:36,2015,2016
2015-16,203101,Miles Plumlee,Miles,1610612749,MIL,Milwaukee Bucks,21501181,2016-04-08T00:00:00,MIL @ BOS,L,20.0,2.0,2.0,3.0,10.0,16.0,0.0,11.0,34.0,0.0,1.0,1.0,3.0,30.5,1,13074,13074,13074,15922,6026,4731,3302,1840,23774,1,21342,2701,8004,17214,4972,4736,5620,1.0,19:59,2015,2016
2015-16,1626246,Boban Marjanović,Boban,1610612759,SAS,San Antonio Spurs,21501186,2016-04-08T00:00:00,SAS @ DEN,L,13.6,2.0,2.0,2.0,4.0,4.0,2.0,6.0,14.0,1.0,0.0,1.0,4.0,19.8,1,13074,13074,13074,20671,6026,4731,4675,8599,6141,3734,13388,17019,2692,1,4972,2748,11883,1.0,13:33,2015,2016
2015-16,203484,Kentavious Caldwell-Pope,Kentavious,1610612765,DET,Detroit Pistons,21501182,2016-04-08T00:00:00,DET vs. WAS,W,37.2,2.0,2.0,4.0,6.0,9.0,6.0,7.0,38.0,0.0,0.0,3.0,0.0,19.8,1,1,1,1,1936,6026,4731,1913,5299,15771,13237,15538,1422,8004,1,17641,18762,11883,1.0,37:14,2015,2016
2015-16,202694,Marcus Morris Sr.,Marcus,1610612765,DET,Detroit Pistons,21501182,2016-04-08T00:00:00,DET vs. WAS,W,38.4,3.0,2.0,0.0,4.0,16.0,10.0,9.0,44.0,0.0,0.0,2.0,1.0,26.9,1,1,1,1,1338,4307,4731,9917,8599,23774,20509,18829,454,8004,1,11390,12373,7438,1.0,38:22,2015,2016
2015-16,203930,Sean Kilpatrick,Sean,1610612751,BKN,Brooklyn Nets,21501178,2016-04-08T00:00:00,BKN @ CHA,L,27.2,2.0,5.0,2.0,4.0,7.0,13.0,2.0,26.0,0.0,1.0,0.0,4.0,26.4,1,13074,13074,13074,9819,6026,995,4675,8599,12242,23668,4025,7214,8004,17214,1,2748,7672,1.0,27:15,2015,2016
2015-16,1889,Andre Miller,Andre,1610612759,SAS,San Antonio Spurs,21501186,2016-04-08T00:00:00,SAS @ DEN,L,27.5,2.0,0.0,0.0,4.0,8.0,7.0,8.0,24.0,0.0,3.0,1.0,0.0,27.3,1,13074,13074,13074,9606,6026,10158,9917,8599,13914,15642,17194,8723,8004,25441,4972,18762,7236,1.0,27:30,2015,2016
2015-16,1626173,Rashad Vaughn,Rashad,1610612749,MIL,Milwaukee Bucks,21501181,2016-04-08T00:00:00,MIL @ BOS,L,40.4,3.0,2.0,0.0,4.0,27.0,6.0,29.0,54.0,1.0,1.0,3.0,0.0,26.9,1,13074,13074,13074,634,4307,4731,9917,8599,26014,13237,26054,35,2692,17214,17641,18762,7438,1.0,40:22,2015,2016
2015-16,2365,Chris Andersen,Chris,1610612763,MEM,Memphis Grizzlies,21501185,2016-04-08T00:00:00,MEM @ DAL,L,21.1,2.0,1.0,0.0,2.0,8.0,2.0,2.0,10.0,0.0,0.0,2.0,2.0,15.9,1,13074,13074,13074,14986,6026,9709,9917,12984,13914,3734,4025,20209,8004,1,11390,7786,14675,1.0,21:05,2015,2016
2015-16,203490,Otto Porter Jr.,Otto,1610612764,WAS,Washington Wizards,21501182,2016-04-08T00:00:00,WAS @ DET,L,30.8,0.0,0.0,0.0,0.0,14.0,6.0,9.0,28.0,0.0,0.0,1.0,0.0,15.6,1,13074,13074,13074,6915,12059,10158,9917,18861,22292,13237,18829,5824,8004,1,4972,18762,14916,1.0,30:46,2015,2016
2015-16,101109,Raymond Felton,Raymond,1610612742,DAL,Dallas Mavericks,21501185,2016-04-08T00:00:00,DAL vs. MEM,W,36.2,0.0,4.0,0.0,2.0,18.0,7.0,14.0,32.0,0.0,0.0,2.0,6.0,42.2,1,1,1,1,2631,12059,1596,9917,12984,24749,15642,23710,3535,8004,1,11390,873,1892,1.0,36:10,2015,2016
2015-16,202337,Luke Babbitt,Luke,1610612740,NOP,New Orleans Pelicans,21501184,2016-04-08T00:00:00,NOP vs. LAL,W,24.0,2.0,3.0,0.0,4.0,11.0,2.0,15.0,12.0,0.0,0.0,2.0,3.0,26.6,1,1,1,1,12598,6026,3104,9917,8599,18886,3734,24242,18637,8004,1,11390,4736,7566,1.0,23:59,2015,2016
2015-16,1626181,Norman Powell,Norman,1610612761,TOR,Toronto Raptors,21501183,2016-04-08T00:00:00,TOR vs. IND,W,41.2,5.0,0.0,7.0,4.0,16.0,9.0,10.0,38.0,0.0,3.0,2.0,9.0,40.2,1,1,1,1,445,1603,10158,454,8599,23774,19144,20169,1422,8004,25441,11390,138,2323,1.0,41:12,2015,2016
2015-16,1626257,Salah Mejri,Salah,1610612742,DAL,Dallas Mavericks,21501185,2016-04-08T00:00:00,DAL vs. MEM,W,13.2,3.0,0.0,0.0,6.0,7.0,7.0,3.0,10.0,1.0,0.0,1.0,3.0,15.6,1,1,1,1,20872,4307,10158,9917,5299,12242,15642,7328,20209,2692,1,4972,4736,14916,1.0,13:12,2015,2016
2015-16,203497,Rudy Gobert,Rudy,1610612762,UTA,Utah Jazz,21501187,2016-04-08T00:00:00,UTA vs. LAC,L,24.5,0.0,7.0,0.0,6.0,10.0,8.0,5.0,26.0,0.0,0.0,0.0,4.0,15.9,1,13074,13074,13074,12152,12059,292,9917,5299,17370,17345,11593,7214,8004,1,1,2748,14675,1.0,24:28,2015,2016
2015-16,203903,Jordan Clarkson,Jordan,1610612747,LAL,Los Angeles Lakers,21501184,2016-04-08T00:00:00,LAL @ NOP,L,34.1,2.0,2.0,3.0,4.0,11.0,10.0,7.0,28.0,0.0,0.0,3.0,1.0,30.6,1,13074,13074,13074,4281,6026,4731,3302,8599,18886,20509,15538,5824,8004,1,17641,12373,5574,1.0,34:05,2015,2016
2015-16,202340,Avery Bradley,Avery,1610612738,BOS,Boston Celtics,21501181,2016-04-08T00:00:00,BOS vs. MIL,W,25.1,6.0,2.0,5.0,8.0,4.0,8.0,5.0,26.0,0.0,1.0,1.0,2.0,20.4,1,1,1,1,11573,878,4731,1277,3109,6141,17345,11593,7214,8004,17214,4972,7786,11453,1.0,25:08,2015,2016
2015-16,1626147,Justin Anderson,Justin,1610612742,DAL,Dallas Mavericks,21501185,2016-04-08T00:00:00,DAL vs. MEM,W,37.6,4.0,0.0,2.0,2.0,11.0,18.0,9.0,34.0,3.0,0.0,0.0,4.0,41.0,1,1,1,1,1683,2460,10158,4675,12984,18886,25634,18829,2701,347,1,1,2748,2143,1.0,37:38,2015,2016
2015-16,2440,Matt Barnes,Matt,1610612763,MEM,Memphis Grizzlies,21501185,2016-04-08T00:00:00,MEM @ DAL,L,38.1,0.0,3.0,3.0,0.0,10.0,8.0,3.0,22.0,0.0,0.0,4.0,1.0,30.9,1,13074,13074,13074,1477,12059,3104,3302,18861,17370,17345,7328,10265,8004,1,22104,12373,5452,1.0,38:05,2015,2016
2015-16,1626159,Justise Winslow,Justise,1610612748,MIA,Miami Heat,21501179,2016-04-08T00:00:00,MIA @ ORL,L,23.2,0.0,0.0,2.0,6.0,5.0,5.0,6.0,26.0,0.0,1.0,3.0,0.0,19.8,1,13074,13074,13074,13160,12059,10158,4675,5299,8403,11469,13388,7214,8004,17214,17641,18762,11883,1.0,23:14,2015,2016
2015-16,202397,Ish Smith,Ish,1610612755,PHI,Philadelphia 76ers,21501180,2016-04-08T00:00:00,PHI vs. NYK,L,38.9,0.0,0.0,4.0,4.0,2.0,12.0,6.0,28.0,1.0,1.0,3.0,4.0,42.9,1,13074,13074,13074,1109,12059,10158,1913,8599,2619,22832,13388,5824,2692,17214,17641,2748,1754,1.0,38:54,2015,2016
2015-16,202738,Isaiah Thomas,Isaiah,1610612738,BOS,Boston Celtics,21501181,2016-04-08T00:00:00,BOS vs. MIL,W,24.9,2.0,0.0,6.0,10.0,10.0,8.0,9.0,30.0,2.0,1.0,1.0,4.0,30.9,1,1,1,1,11758,6026,10158,740,1840,17370,17345,18829,4541,932,17214,4972,2748,5452,1.0,24:54,2015,2016
2015-16,1626170,Jerian Grant,Jerian,1610612752,NYK,New York Knicks,21501180,2016-04-08T00:00:00,NYK @ PHI,W,30.0,0.0,0.0,3.0,8.0,10.0,9.0,18.0,22.0,0.0,0.0,3.0,5.0,31.0,1,1,1,1,7525,12059,10158,3302,3109,17370,19144,25228,10265,8004,1,17641,1539,5406,1.0,30:01,2015,2016
2015-16,203143,Pablo Prigioni,Pablo,1610612746,LAC,LA Clippers,21501187,2016-04-08T00:00:00,LAC @ UTA,W,41.7,2.0,6.0,2.0,4.0,4.0,9.0,5.0,26.0,0.0,1.0,5.0,1.0,30.9,1,1,1,1,356,6026,481,4675,8599,6141,19144,11593,7214,8004,17214,24686,12373,5452,1.0,41:43,2015,2016
2015-16,201949,James Johnson,James,1610612761,TOR,Toronto Raptors,21501183,2016-04-08T00:00:00,TOR vs. IND,W,27.9,0.0,0.0,0.0,6.0,8.0,2.0,8.0,18.0,0.0,1.0,4.0,3.0,20.5,1,1,1,1,9328,12059,10158,9917,5299,13914,3734,17194,13577,8004,17214,22104,4736,11401,1.0,27:52,2015,2016
2015-16,202330,Gordon Hayward,Gordon,1610612762,UTA,Utah Jazz,21501187,2016-04-08T00:00:00,UTA vs. LAC,L,45.9,1.0,2.0,0.0,6.0,25.0,15.0,7.0,36.0,1.0,0.0,0.0,6.0,43.1,1,13074,13074,13074,63,11535,4731,9917,5299,25944,24781,15538,1943,2692,1,1,873,1713,1.0,45:53,2015,2016
2015-16,203457,Nerlens Noel,Nerlens,1610612755,PHI,Philadelphia 76ers,21501180,2016-04-08T00:00:00,PHI vs. NYK,L,33.4,0.0,2.0,5.0,10.0,3.0,10.0,5.0,18.0,2.0,2.0,3.0,6.0,42.5,1,13074,13074,13074,4850,12059,4731,1277,1840,5109,20509,11593,13577,932,23588,17641,873,1841,1.0,33:21,2015,2016
2015-16,202391,Jeremy Lin,Jeremy,1610612766,CHA,Charlotte Hornets,21501178,2016-04-08T00:00:00,CHA vs. BKN,W,27.1,1.0,0.0,1.0,6.0,10.0,14.0,10.0,26.0,1.0,2.0,0.0,3.0,20.5,1,1,1,1,9897,11535,10158,9347,5299,17370,24300,20169,7214,2692,23588,1,4736,11401,1.0,27:08,2015,2016
2015-16,2216,Zach Randolph,Zach,1610612763,MEM,Memphis Grizzlies,21501185,2016-04-08T00:00:00,MEM @ DAL,L,32.0,2.0,4.0,0.0,8.0,11.0,7.0,5.0,20.0,0.0,1.0,4.0,1.0,20.2,1,13074,13074,13074,5868,6026,1596,9917,3109,18886,15642,11593,11929,8004,17214,22104,12373,11610,1.0,32:01,2015,2016
2015-16,201988,Patty Mills,Patty,1610612759,SAS,San Antonio Spurs,21501186,2016-04-08T00:00:00,SAS @ DEN,L,23.1,0.0,0.0,2.0,2.0,10.0,6.0,10.0,32.0,1.0,2.0,0.0,2.0,26.1,1,13074,13074,13074,13305,12059,10158,4675,12984,17370,13237,20169,3535,2692,23588,1,7786,7836,1.0,23:05,2015,2016
2015-16,203482,Kelly Olynyk,Kelly,1610612738,BOS,Boston Celtics,21501181,2016-04-08T00:00:00,BOS vs. MIL,W,22.6,9.0,0.0,5.0,8.0,5.0,2.0,3.0,22.0,0.0,0.0,2.0,4.0,30.9,1,1,1,1,13689,171,10158,1277,3109,8403,3734,7328,10265,8004,1,11390,2748,5452,1.0,22:36,2015,2016
2015-16,201579,Roy Hibbert,Roy,1610612747,LAL,Los Angeles Lakers,21501184,2016-04-08T00:00:00,LAL @ NOP,L,17.2,2.0,0.0,0.0,0.0,6.0,4.0,5.0,10.0,1.0,2.0,2.0,2.0,15.2,1,13074,13074,13074,18112,6026,10158,9917,18861,10028,8458,11593,20209,2692,23588,11390,7786,15219,1.0,17:13,2015,2016
2015-16,203124,Kyle O'Quinn,Kyle,1610612752,NYK,New York Knicks,21501180,2016-04-08T00:00:00,NYK @ PHI,W,19.6,2.0,4.0,0.0,6.0,2.0,4.0,5.0,4.0,2.0,0.0,2.0,1.0,26.1,1,1,1,1,16211,6026,1596,9917,5299,2619,8458,11593,23698,932,1,11390,12373,7836,1.0,19:37,2015,2016
2015-16,202695,Kawhi Leonard,Kawhi,1610612759,SAS,San Antonio Spurs,21501177,2016-04-07T00:00:00,SAS @ GSW,L,34.8,6.0,2.0,0.0,12.0,9.0,7.0,21.0,32.0,0.0,0.0,0.0,5.0,30.6,1,13074,13074,13074,3666,878,4731,9917,988,15771,15642,25725,3535,8004,1,1,1539,5574,1.0,34:50,2015,2016
2015-16,2730,Dwight Howard,Dwight,1610612745,HOU,Houston Rockets,21501175,2016-04-07T00:00:00,HOU vs. PHX,L,29.9,2.0,2.0,0.0,8.0,14.0,13.0,7.0,30.0,4.0,0.0,1.0,5.0,30.4,1,13074,13074,13074,7672,6026,4731,9917,3109,22292,23668,15538,4541,132,1,4972,1539,5661,1.0,29:51,2015,2016
2015-16,101179,Ronnie Price,Ronnie,1610612756,PHX,Phoenix Suns,21501175,2016-04-07T00:00:00,PHX @ HOU,W,26.7,3.0,3.0,0.0,0.0,16.0,2.0,15.0,18.0,1.0,0.0,4.0,2.0,30.1,1,1,1,1,10300,4307,3104,9917,18861,23774,3734,24242,13577,2692,1,22104,7786,5794,1.0,26:40,2015,2016
2015-16,203991,Clint Capela,Clint,1610612745,HOU,Houston Rockets,21501175,2016-04-07T00:00:00,HOU vs. PHX,L,18.2,4.0,4.0,2.0,6.0,18.0,23.0,2.0,22.0,2.0,0.0,3.0,2.0,19.9,1,13074,13074,13074,17388,2460,1596,4675,5299,24749,26017,4025,10265,932,1,17641,7786,11824,1.0,18:09,2015,2016
2015-16,201952,Jeff Teague,Jeff,1610612737,ATL,Atlanta Hawks,21501173,2016-04-07T00:00:00,ATL vs. TOR,W,30.4,2.0,0.0,7.0,10.0,9.0,5.0,2.0,34.0,1.0,1.0,2.0,7.0,30.5,1,1,1,1,7193,6026,10158,454,1840,15771,11469,4025,2701,2692,17214,11390,469,5620,1.0,30:23,2015,2016
2015-16,203552,Seth Curry,Seth,1610612758,SAC,Sacramento Kings,21501176,2016-04-07T00:00:00,SAC vs. MIN,L,25.7,2.0,0.0,3.0,0.0,13.0,17.0,13.0,16.0,0.0,1.0,2.0,2.0,12.2,1,13074,13074,13074,11100,6026,10158,3302,18861,21300,25429,23048,15259,8004,17214,11390,7786,17566,1.0,25:42,2015,2016
2015-16,2746,Josh Smith,Josh,1610612745,HOU,Houston Rockets,21501175,2016-04-07T00:00:00,HOU vs. PHX,L,17.7,0.0,0.0,3.0,0.0,17.0,17.0,5.0,20.0,1.0,0.0,2.0,1.0,11.8,1,13074,13074,13074,17777,12059,10158,3302,18861,24337,25429,11593,11929,2692,1,11390,12373,17832,1.0,17:40,2015,2016
2015-16,1891,Jason Terry,Jason,1610612745,HOU,Houston Rockets,21501175,2016-04-07T00:00:00,HOU vs. PHX,L,23.1,0.0,0.0,0.0,6.0,17.0,19.0,2.0,28.0,1.0,0.0,4.0,0.0,15.7,1,13074,13074,13074,13334,12059,10158,9917,5299,24337,25786,4025,5824,2692,1,22104,18762,14841,1.0,23:03,2015,2016
2015-16,201585,Kosta Koufos,Kosta,1610612758,SAC,Sacramento Kings,21501176,2016-04-07T00:00:00,SAC vs. MIN,L,20.7,0.0,2.0,0.0,2.0,3.0,6.0,2.0,12.0,0.0,1.0,4.0,0.0,20.0,1,13074,13074,13074,15302,12059,4731,9917,12984,5109,13237,4025,18637,8004,17214,22104,18762,11752,1.0,20:43,2015,2016
2015-16,202357,Nemanja Bjelica,Nemanja,1610612750,MIN,Minnesota Timberwolves,21501176,2016-04-07T00:00:00,MIN @ SAC,W,25.6,2.0,0.0,2.0,4.0,7.0,9.0,4.0,18.0,1.0,0.0,4.0,2.0,26.8,1,1,1,1,11234,6026,10158,4675,8599,12242,19144,8806,13577,2692,1,22104,7786,7486,1.0,25:35,2015,2016
2015-16,200768,Kyle Lowry,Kyle,1610612761,TOR,Toronto Raptors,21501173,2016-04-07T00:00:00,TOR @ ATL,L,34.3,3.0,0.0,0.0,8.0,12.0,2.0,15.0,30.0,0.0,2.0,4.0,4.0,30.8,1,13074,13074,13074,4082,4307,10158,9917,3109,20178,3734,24242,4541,8004,23588,22104,2748,5493,1.0,34:19,2015,2016
2015-16,203112,Quincy Acy,Quincy,1610612758,SAC,Sacramento Kings,21501176,2016-04-07T00:00:00,SAC vs. MIN,L,27.8,2.0,2.0,4.0,8.0,14.0,14.0,13.0,24.0,1.0,0.0,3.0,3.0,27.7,1,13074,13074,13074,9352,6026,4731,1913,3109,22292,24300,23048,8723,2692,1,17641,4736,7008,1.0,27:50,2015,2016
2015-16,2207,Joe Johnson,Joe,1610612748,MIA,Miami Heat,21501174,2016-04-07T00:00:00,MIA vs. CHI,W,35.2,0.0,2.0,2.0,4.0,4.0,9.0,0.0,26.0,0.0,0.0,3.0,0.0,28.6,1,1,1,1,3413,12059,4731,4675,8599,6141,19144,1,7214,8004,1,17641,18762,6560,1.0,35:10,2015,2016
2015-16,200757,Thabo Sefolosha,Thabo,1610612737,ATL,Atlanta Hawks,21501173,2016-04-07T00:00:00,ATL vs. TOR,W,29.5,3.0,0.0,5.0,6.0,7.0,7.0,0.0,24.0,0.0,1.0,2.0,1.0,13.9,1,1,1,1,7988,4307,10158,1277,5299,12242,15642,1,8723,8004,17214,11390,12373,16232,1.0,29:29,2015,2016
2015-16,1626164,Devin Booker,Devin,1610612756,PHX,Phoenix Suns,21501175,2016-04-07T00:00:00,PHX @ HOU,W,37.9,2.0,2.0,0.0,2.0,22.0,4.0,25.0,36.0,1.0,3.0,4.0,5.0,22.0,1,1,1,1,1575,6026,4731,9917,12984,25683,8458,25980,1943,2692,25441,22104,1539,10388,1.0,37:51,2015,2016
2015-16,202691,Klay Thompson,Klay,1610612744,GSW,Golden State Warriors,21501177,2016-04-07T00:00:00,GSW vs. SAS,W,35.1,2.0,5.0,0.0,4.0,20.0,6.0,8.0,30.0,0.0,0.0,4.0,1.0,28.6,1,1,1,1,3464,6026,995,9917,8599,25338,13237,17194,4541,8004,1,22104,12373,6560,1.0,35:06,2015,2016
2015-16,2548,Dwyane Wade,Dwyane,1610612748,MIA,Miami Heat,21501174,2016-04-07T00:00:00,MIA vs. CHI,W,32.9,2.0,4.0,5.0,14.0,6.0,11.0,2.0,30.0,0.0,0.0,1.0,2.0,32.0,1,1,1,1,5183,6026,1596,1277,542,10028,21814,4025,4541,8004,1,4972,7786,4945,1.0,32:56,2015,2016
2015-16,203897,Zach LaVine,Zach,1610612750,MIN,Minnesota Timberwolves,21501176,2016-04-07T00:00:00,MIN @ SAC,W,25.5,4.0,3.0,6.0,4.0,12.0,12.0,10.0,24.0,1.0,0.0,1.0,1.0,32.2,1,1,1,1,11267,2460,3104,740,8599,20178,22832,20169,8723,2692,1,4972,12373,4846,1.0,25:32,2015,2016
2015-16,203462,Archie Goodwin,Archie,1610612756,PHX,Phoenix Suns,21501175,2016-04-07T00:00:00,PHX @ HOU,W,21.3,7.0,5.0,2.0,10.0,8.0,6.0,11.0,28.0,0.0,0.0,2.0,5.0,32.9,1,1,1,1,14743,548,995,4675,1840,13914,13237,21342,5824,8004,1,11390,1539,4566,1.0,21:20,2015,2016
2015-16,201988,Patty Mills,Patty,1610612759,SAS,San Antonio Spurs,21501177,2016-04-07T00:00:00,SAS @ GSW,L,17.6,0.0,0.0,3.0,4.0,4.0,0.0,12.0,28.0,0.0,0.0,1.0,2.0,13.5,1,13074,13074,13074,17834,12059,10158,3302,8599,6141,1,22259,5824,8004,1,4972,7786,16552,1.0,17:35,2015,2016
2015-16,1626245,Cristiano Felicio,Cristiano,1610612741,CHI,Chicago Bulls,21501174,2016-04-07T00:00:00,CHI @ MIA,L,14.4,2.0,2.0,4.0,6.0,4.0,8.0,2.0,16.0,0.0,0.0,1.0,2.0,16.9,1,13074,13074,13074,20147,6026,4731,1913,5299,6141,17345,4025,15259,8004,1,4972,7786,13911,1.0,14:26,2015,2016
2015-16,203476,Gorgui Dieng,Gorgui,1610612750,MIN,Minnesota Timberwolves,21501176,2016-04-07T00:00:00,MIN @ SAC,W,34.2,6.0,3.0,5.0,12.0,12.0,14.0,10.0,30.0,1.0,3.0,1.0,3.0,38.6,1,1,1,1,4226,878,3104,1277,988,20178,24300,20169,4541,2692,25441,4972,4736,2744,1.0,34:09,2015,2016
2015-16,2199,Tyson Chandler,Tyson,1610612756,PHX,Phoenix Suns,21501175,2016-04-07T00:00:00,PHX @ HOU,W,32.5,2.0,12.0,4.0,16.0,20.0,2.0,22.0,24.0,0.0,2.0,1.0,3.0,39.5,1,1,1,1,5470,6026,6,1913,275,25338,3734,25811,8723,8004,23588,4972,4736,2497,1.0,32:32,2015,2016
2015-16,201937,Ricky Rubio,Ricky,1610612750,MIN,Minnesota Timberwolves,21501176,2016-04-07T00:00:00,MIN @ SAC,W,21.7,0.0,0.0,0.0,0.0,12.0,10.0,10.0,20.0,0.0,0.0,3.0,3.0,14.1,1,1,1,1,14477,12059,10158,9917,18861,20178,20509,20169,11929,8004,1,17641,4736,16094,1.0,21:39,2015,2016
2015-16,2733,Shaun Livingston,Shaun,1610612744,GSW,Golden State Warriors,21501177,2016-04-07T00:00:00,GSW vs. SAS,W,19.3,0.0,0.0,0.0,6.0,8.0,0.0,13.0,22.0,0.0,0.0,1.0,1.0,17.7,1,1,1,1,16494,12059,10158,9917,5299,13914,1,23048,10265,8004,1,4972,12373,13380,1.0,19:15,2015,2016
2015-16,2405,Amar'e Stoudemire,Amar'e,1610612748,MIA,Miami Heat,21501174,2016-04-07T00:00:00,MIA vs. CHI,W,16.1,4.0,0.0,2.0,10.0,2.0,4.0,0.0,12.0,0.0,1.0,3.0,1.0,22.6,1,1,1,1,18997,2460,10158,4675,1840,2619,8458,1,18637,8004,17214,17641,12373,10000,1.0,16:03,2015,2016
2015-16,202700,Donatas Motiejunas,Donatas,1610612745,HOU,Houston Rockets,21501175,2016-04-07T00:00:00,HOU vs. PHX,L,12.0,4.0,0.0,0.0,2.0,2.0,7.0,2.0,16.0,0.0,0.0,2.0,2.0,13.5,1,13074,13074,13074,21529,2460,10158,9917,12984,2619,15642,4025,15259,8004,1,11390,7786,16552,1.0,12:00,2015,2016
2015-16,1626157,Karl-Anthony Towns,Karl-Anthony,1610612750,MIN,Minnesota Timberwolves,21501176,2016-04-07T00:00:00,MIN @ SAC,W,27.3,2.0,4.0,2.0,8.0,10.0,12.0,8.0,24.0,1.0,1.0,2.0,4.0,38.5,1,1,1,1,9783,6026,1596,4675,3109,17370,22832,17194,8723,2692,17214,11390,2748,2771,1.0,27:17,2015,2016
2015-16,101106,Andrew Bogut,Andrew,1610612744,GSW,Golden State Warriors,21501177,2016-04-07T00:00:00,GSW vs. SAS,W,21.5,0.0,2.0,0.0,6.0,13.0,4.0,6.0,16.0,2.0,0.0,4.0,1.0,31.7,1,1,1,1,14572,12059,4731,9917,5299,21300,8458,13388,15259,932,1,22104,12373,5088,1.0,21:32,2015,2016
2015-16,201954,Darren Collison,Darren,1610612758,SAC,Sacramento Kings,21501176,2016-04-07T00:00:00,SAC vs. MIN,L,37.0,6.0,0.0,6.0,6.0,12.0,17.0,13.0,30.0,0.0,0.0,4.0,3.0,28.4,1,13074,13074,13074,2097,878,10158,740,5299,20178,25429,23048,4541,8004,1,22104,4736,6663,1.0,36:58,2015,2016
2015-16,202341,James Anderson,James,1610612758,SAC,Sacramento Kings,21501176,2016-04-07T00:00:00,SAC vs. MIN,L,29.9,2.0,4.0,2.0,6.0,7.0,19.0,2.0,24.0,2.0,0.0,2.0,2.0,28.3,1,13074,13074,13074,7617,6026,1596,4675,5299,12242,25786,4025,8723,932,1,11390,7786,6720,1.0,29:55,2015,2016
2015-16,201609,Goran Dragic,Goran,1610612748,MIA,Miami Heat,21501174,2016-04-07T00:00:00,MIA vs. CHI,W,30.8,4.0,4.0,4.0,8.0,4.0,4.0,4.0,28.0,1.0,0.0,1.0,2.0,39.4,1,1,1,1,6915,2460,1596,1913,3109,6141,8458,8806,5824,2692,1,4972,7786,2530,1.0,30:46,2015,2016
2015-16,2772,Trevor Ariza,Trevor,1610612745,HOU,Houston Rockets,21501175,2016-04-07T00:00:00,HOU vs. PHX,L,38.3,9.0,0.0,6.0,6.0,28.0,34.0,9.0,42.0,3.0,0.0,4.0,2.0,47.9,1,13074,13074,13074,1390,171,10158,740,5299,26034,26077,18829,670,347,1,22104,7786,970,1.0,38:16,2015,2016
2015-16,202355,Hassan Whiteside,Hassan,1610612748,MIA,Miami Heat,21501174,2016-04-07T00:00:00,MIA vs. CHI,W,27.3,0.0,10.0,0.0,10.0,6.0,5.0,6.0,26.0,1.0,2.0,6.0,4.0,36.4,1,1,1,1,9751,12059,34,9917,1840,10028,11469,13388,7214,2692,23588,25827,2748,3353,1.0,27:19,2015,2016
2015-16,201939,Stephen Curry,Stephen,1610612744,GSW,Golden State Warriors,21501177,2016-04-07T00:00:00,GSW vs. SAS,W,36.3,2.0,0.0,7.0,14.0,23.0,6.0,13.0,30.0,0.0,1.0,2.0,2.0,49.5,1,1,1,1,2557,6026,10158,454,542,25803,13237,23048,4541,8004,17214,11390,7786,811,1.0,36:17,2015,2016
2015-16,1626161,Willie Cauley-Stein,Willie,1610612758,SAC,Sacramento Kings,21501176,2016-04-07T00:00:00,SAC vs. MIN,L,32.8,2.0,10.0,0.0,10.0,17.0,14.0,11.0,26.0,0.0,0.0,5.0,3.0,29.2,1,13074,13074,13074,5301,6026,34,9917,1840,24337,24300,21342,7214,8004,1,24686,4736,6243,1.0,32:45,2015,2016
2015-16,203200,Justin Holiday,Justin,1610612741,CHI,Chicago Bulls,21501174,2016-04-07T00:00:00,CHI @ MIA,L,30.4,0.0,3.0,0.0,6.0,8.0,18.0,9.0,40.0,2.0,0.0,0.0,0.0,23.9,1,13074,13074,13074,7177,12059,3104,9917,5299,13914,25634,18829,983,932,1,1,18762,9184,1.0,30:24,2015,2016
2015-16,2200,Pau Gasol,Pau,1610612741,CHI,Chicago Bulls,21501174,2016-04-07T00:00:00,CHI @ MIA,L,33.2,2.0,2.0,0.0,8.0,12.0,16.0,13.0,48.0,4.0,0.0,0.0,5.0,48.4,1,13074,13074,13074,5000,6026,4731,9917,3109,20178,25155,23048,192,132,1,1,1539,920,1.0,33:09,2015,2016
2015-16,201935,James Harden,James,1610612745,HOU,Houston Rockets,21501175,2016-04-07T00:00:00,HOU vs. PHX,L,43.4,3.0,0.0,8.0,8.0,26.0,34.0,7.0,42.0,0.0,1.0,3.0,4.0,45.9,1,13074,13074,13074,174,4307,10158,280,3109,25979,26077,15538,670,8004,17214,17641,2748,1224,1.0,43:24,2015,2016
2015-16,203082,Terrence Ross,Terrence,1610612761,TOR,Toronto Raptors,21501173,2016-04-07T00:00:00,TOR @ ATL,L,18.8,0.0,0.0,0.0,0.0,2.0,2.0,6.0,16.0,0.0,0.0,0.0,0.0,11.5,1,13074,13074,13074,16858,12059,10158,9917,18861,2619,3734,13388,15259,8004,1,1,18762,18079,1.0,18:49,2015,2016
2015-16,201942,DeMar DeRozan,DeMar,1610612761,TOR,Toronto Raptors,21501173,2016-04-07T00:00:00,TOR @ ATL,L,34.2,2.0,0.0,0.0,8.0,12.0,2.0,18.0,34.0,0.0,4.0,3.0,1.0,28.8,1,13074,13074,13074,4216,6026,10158,9917,3109,20178,3734,25228,2701,8004,25926,17641,12373,6465,1.0,34:10,2015,2016
2015-16,200794,Paul Millsap,Paul,1610612737,ATL,Atlanta Hawks,21501173,2016-04-07T00:00:00,ATL vs. TOR,W,37.1,2.0,2.0,3.0,8.0,9.0,7.0,2.0,34.0,5.0,0.0,4.0,4.0,46.8,1,1,1,1,2040,6026,4731,3302,3109,15771,15642,4025,2701,59,1,22104,2748,1102,1.0,37:04,2015,2016
2015-16,201565,Derrick Rose,Derrick,1610612741,CHI,Chicago Bulls,21501174,2016-04-07T00:00:00,CHI @ MIA,L,35.7,0.0,0.0,0.0,6.0,16.0,18.0,13.0,44.0,0.0,2.0,0.0,3.0,29.1,1,13074,13074,13074,2974,12059,10158,9917,5299,23774,25634,23048,454,8004,23588,1,4736,6285,1.0,35:42,2015,2016
2015-16,201976,Patrick Beverley,Patrick,1610612745,HOU,Houston Rockets,21501175,2016-04-07T00:00:00,HOU vs. PHX,L,29.5,0.0,2.0,3.0,0.0,19.0,20.0,7.0,38.0,0.0,1.0,3.0,3.0,29.1,1,13074,13074,13074,8010,12059,4731,3302,18861,25074,25875,15538,1422,8004,17214,17641,4736,6285,1.0,29:27,2015,2016
2015-16,200782,P.J. Tucker,P.J.,1610612756,PHX,Phoenix Suns,21501175,2016-04-07T00:00:00,PHX @ HOU,W,36.9,4.0,10.0,0.0,12.0,22.0,4.0,25.0,34.0,0.0,2.0,4.0,3.0,44.9,1,1,1,1,2151,2460,34,9917,988,25683,8458,25980,2701,8004,23588,22104,4736,1380,1.0,36:53,2015,2016
2015-16,202720,Jon Leuer,Jon,1610612756,PHX,Phoenix Suns,21501175,2016-04-07T00:00:00,PHX @ HOU,W,10.2,2.0,2.0,0.0,2.0,2.0,4.0,1.0,10.0,0.0,2.0,2.0,1.0,11.5,1,1,1,1,22370,6026,4731,9917,12984,2619,8458,3646,20209,8004,23588,11390,12373,18079,1.0,10:09,2015,2016
2015-16,201147,Corey Brewer,Corey,1610612745,HOU,Houston Rockets,21501175,2016-04-07T00:00:00,HOU vs. PHX,L,9.7,0.0,0.0,3.0,4.0,4.0,2.0,0.0,10.0,0.0,0.0,1.0,1.0,7.4,1,13074,13074,13074,22547,12059,10158,3302,8599,6141,3734,1,20209,8004,1,4972,12373,20912,1.0,9:44,2015,2016
2015-16,200752,Rudy Gay,Rudy,1610612758,SAC,Sacramento Kings,21501176,2016-04-07T00:00:00,SAC vs. MIN,L,34.3,0.0,0.0,0.0,6.0,16.0,9.0,13.0,30.0,2.0,2.0,2.0,2.0,49.1,1,13074,13074,13074,4082,12059,10158,9917,5299,23774,19144,23048,4541,932,23588,11390,7786,850,1.0,34:19,2015,2016
2015-16,202687,Bismack Biyombo,Bismack,1610612761,TOR,Toronto Raptors,21501173,2016-04-07T00:00:00,TOR @ ATL,L,21.7,2.0,2.0,0.0,6.0,2.0,2.0,8.0,16.0,1.0,2.0,0.0,3.0,24.3,1,13074,13074,13074,14406,6026,4731,9917,5299,2619,3734,17194,15259,2692,23588,1,4736,8939,1.0,21:44,2015,2016
2015-16,203084,Harrison Barnes,Harrison,1610612744,GSW,Golden State Warriors,21501177,2016-04-07T00:00:00,GSW vs. SAS,W,32.7,2.0,0.0,2.0,4.0,18.0,6.0,11.0,26.0,0.0,0.0,3.0,3.0,29.1,1,1,1,1,5370,6026,10158,4675,8599,24749,13237,21342,7214,8004,1,17641,4736,6285,1.0,32:40,2015,2016
2015-16,203952,Andrew Wiggins,Andrew,1610612750,MIN,Minnesota Timberwolves,21501176,2016-04-07T00:00:00,MIN @ SAC,W,33.7,0.0,7.0,0.0,6.0,12.0,14.0,10.0,28.0,0.0,0.0,2.0,7.0,23.8,1,1,1,1,4583,12059,292,9917,5299,20178,24300,20169,5824,8004,1,11390,469,9261,1.0,33:43,2015,2016
2015-16,201143,Al Horford,Al,1610612737,ATL,Atlanta Hawks,21501173,2016-04-07T00:00:00,ATL vs. TOR,W,32.9,2.0,0.0,2.0,6.0,12.0,12.0,0.0,22.0,0.0,1.0,4.0,1.0,33.6,1,1,1,1,5241,6026,10158,4675,5299,20178,22832,1,10265,8004,17214,22104,12373,4305,1.0,32:51,2015,2016
2015-16,2225,Tony Parker,Tony,1610612759,SAS,San Antonio Spurs,21501177,2016-04-07T00:00:00,SAS @ GSW,L,27.4,2.0,0.0,0.0,2.0,9.0,7.0,11.0,24.0,0.0,0.0,1.0,4.0,14.9,1,13074,13074,13074,9730,6026,10158,9917,12984,15771,15642,21342,8723,8004,1,4972,2748,15463,1.0,27:21,2015,2016
2015-16,2755,Kevin Martin,Kevin,1610612759,SAS,San Antonio Spurs,21501177,2016-04-07T00:00:00,SAS @ GSW,L,14.8,6.0,0.0,6.0,4.0,4.0,0.0,2.0,20.0,0.0,0.0,0.0,2.0,23.8,1,13074,13074,13074,19884,878,10158,740,8599,6141,1,4025,11929,8004,1,1,7786,9261,1.0,14:49,2015,2016
2015-16,2594,Kyle Korver,Kyle,1610612737,ATL,Atlanta Hawks,21501173,2016-04-07T00:00:00,ATL vs. TOR,W,36.4,0.0,0.0,3.0,2.0,9.0,14.0,2.0,30.0,3.0,0.0,3.0,0.0,34.0,1,1,1,1,2497,12059,10158,3302,12984,15771,24300,4025,4541,347,1,17641,18762,4162,1.0,36:22,2015,2016
2015-16,202710,Jimmy Butler III,Jimmy,1610612741,CHI,Chicago Bulls,21501174,2016-04-07T00:00:00,CHI @ MIA,L,40.1,4.0,2.0,2.0,6.0,12.0,20.0,15.0,58.0,1.0,0.0,1.0,7.0,34.2,1,13074,13074,13074,712,2460,4731,4675,5299,20178,25875,24242,14,2692,1,4972,469,4092,1.0,40:04,2015,2016
2015-16,203110,Draymond Green,Draymond,1610612744,GSW,Golden State Warriors,21501177,2016-04-07T00:00:00,GSW vs. SAS,W,33.8,3.0,0.0,9.0,10.0,18.0,4.0,7.0,30.0,0.0,0.0,2.0,1.0,34.7,1,1,1,1,4508,4307,10158,184,1840,24749,8458,15538,4541,8004,1,11390,12373,3935,1.0,33:48,2015,2016
2015-16,203937,Kyle Anderson,Kyle,1610612759,SAS,San Antonio Spurs,21501177,2016-04-07T00:00:00,SAS @ GSW,L,19.8,2.0,0.0,2.0,6.0,5.0,3.0,13.0,14.0,0.0,0.0,2.0,2.0,25.7,1,13074,13074,13074,16100,6026,10158,4675,5299,8403,7138,23048,17019,8004,1,11390,7786,8088,1.0,19:46,2015,2016
2015-16,1626196,Josh Richardson,Josh,1610612748,MIA,Miami Heat,21501174,2016-04-07T00:00:00,MIA vs. CHI,W,32.3,2.0,0.0,0.0,6.0,6.0,7.0,6.0,30.0,0.0,0.0,3.0,1.0,14.9,1,1,1,1,5650,6026,10158,9917,5299,10028,15642,13388,4541,8004,1,17641,12373,15463,1.0,32:18,2015,2016
2015-16,2736,Luol Deng,Luol,1610612748,MIA,Miami Heat,21501174,2016-04-07T00:00:00,MIA vs. CHI,W,33.0,4.0,2.0,2.0,10.0,6.0,6.0,6.0,36.0,0.0,2.0,1.0,2.0,18.9,1,1,1,1,5152,2460,4731,4675,1840,10028,13237,13388,1943,8004,23588,4972,7786,12513,1.0,32:58,2015,2016
2015-16,201980,Danny Green,Danny,1610612759,SAS,San Antonio Spurs,21501177,2016-04-07T00:00:00,SAS @ GSW,L,28.6,6.0,0.0,6.0,0.0,6.0,7.0,11.0,22.0,2.0,0.0,2.0,0.0,34.5,1,13074,13074,13074,8733,878,10158,740,18861,10028,15642,21342,10265,932,1,11390,18762,3997,1.0,28:36,2015,2016
2015-16,202685,Jonas Valančiūnas,Jonas,1610612761,TOR,Toronto Raptors,21501173,2016-04-07T00:00:00,TOR @ ATL,L,21.4,2.0,7.0,0.0,6.0,12.0,0.0,14.0,24.0,1.0,0.0,1.0,5.0,25.6,1,13074,13074,13074,14657,6026,292,9917,5299,20178,1,23710,8723,2692,1,4972,1539,8157,1.0,21:26,2015,2016
2015-16,203141,Mirza Teletovic,Mirza,1610612756,PHX,Phoenix Suns,21501175,2016-04-07T00:00:00,PHX @ HOU,W,31.3,12.0,0.0,3.0,8.0,8.0,6.0,14.0,34.0,0.0,2.0,2.0,3.0,35.0,1,1,1,1,6498,27,10158,3302,3109,13914,13237,23710,2701,8004,23588,11390,4736,3813,1.0,31:16,2015,2016
2015-16,201563,Michael Beasley,Michael,1610612745,HOU,Houston Rockets,21501175,2016-04-07T00:00:00,HOU vs. PHX,L,12.4,2.0,0.0,1.0,6.0,7.0,4.0,2.0,8.0,0.0,0.0,1.0,1.0,10.4,1,13074,13074,13074,21358,6026,10158,9347,5299,12242,8458,4025,21543,8004,1,4972,12373,18859,1.0,12:21,2015,2016
2015-16,202703,Nikola Mirotic,Nikola,1610612741,CHI,Chicago Bulls,21501174,2016-04-07T00:00:00,CHI @ MIA,L,26.8,0.0,0.0,0.0,4.0,12.0,12.0,15.0,46.0,0.0,0.0,6.0,1.0,14.7,1,13074,13074,13074,10237,12059,10158,9917,8599,20178,22832,24242,298,8004,1,25827,12373,15631,1.0,26:45,2015,2016
2015-16,202709,Cory Joseph,Cory,1610612761,TOR,Toronto Raptors,21501173,2016-04-07T00:00:00,TOR @ ATL,L,17.5,0.0,2.0,0.0,2.0,2.0,2.0,7.0,14.0,1.0,1.0,1.0,2.0,14.9,1,13074,13074,13074,17870,12059,4731,9917,12984,2619,3734,15538,17019,2692,17214,4972,7786,15463,1.0,17:33,2015,2016
2015-16,1626145,Tyus Jones,Tyus,1610612750,MIN,Minnesota Timberwolves,21501176,2016-04-07T00:00:00,MIN @ SAC,W,26.3,0.0,3.0,0.0,2.0,5.0,9.0,7.0,24.0,0.0,0.0,1.0,0.0,25.6,1,1,1,1,10563,12059,3104,9917,12984,8403,19144,15538,8723,8004,1,4972,18762,8157,1.0,26:21,2015,2016
2015-16,203458,Alex Len,Alex,1610612756,PHX,Phoenix Suns,21501175,2016-04-07T00:00:00,PHX @ HOU,W,29.9,0.0,2.0,0.0,2.0,18.0,6.0,13.0,26.0,0.0,1.0,4.0,1.0,25.1,1,1,1,1,7649,12059,4731,9917,12984,24749,13237,23048,7214,8004,17214,22104,12373,8429,1.0,29:53,2015,2016
2015-16,203488,Mike Muscala,Mike,1610612737,ATL,Atlanta Hawks,21501173,2016-04-07T00:00:00,ATL vs. TOR,W,8.8,0.0,0.0,0.0,2.0,2.0,0.0,2.0,12.0,0.0,0.0,1.0,0.0,5.9,1,1,1,1,22932,12059,10158,9917,12984,2619,1,4025,18637,8004,1,4972,18762,21953,1.0,8:46,2015,2016
2015-16,203909,KJ McDaniels,KJ,1610612745,HOU,Houston Rockets,21501175,2016-04-07T00:00:00,HOU vs. PHX,L,1.4,0.0,0.0,0.0,0.0,0.0,0.0,0.0,0.0,0.0,0.0,0.0,1.0,2.0,1,13074,13074,13074,25739,12059,10158,9917,18861,1,1,1,25429,8004,1,1,12373,24216,1.0,1:24,2015,2016
2015-16,1626159,Justise Winslow,Justise,1610612748,MIA,Miami Heat,21501174,2016-04-07T00:00:00,MIA vs. CHI,W,28.8,0.0,2.0,0.0,2.0,6.0,7.0,6.0,28.0,0.0,2.0,1.0,0.0,11.2,1,1,1,1,8519,12059,4731,9917,12984,10028,15642,13388,5824,8004,23588,4972,18762,18267,1.0,28:50,2015,2016
2015-16,203546,Ian Clark,Ian,1610612744,GSW,Golden State Warriors,21501177,2016-04-07T00:00:00,GSW vs. SAS,W,1.2,0.0,0.0,0.0,0.0,3.0,0.0,5.0,4.0,0.0,0.0,0.0,0.0,1.2,1,1,1,1,25786,12059,10158,9917,18861,5109,1,11593,23698,8004,1,1,18762,24661,1.0,1:14,2015,2016
2015-16,203926,Doug McDermott,Doug,1610612741,CHI,Chicago Bulls,21501174,2016-04-07T00:00:00,CHI @ MIA,L,20.7,0.0,0.0,0.0,2.0,4.0,12.0,2.0,26.0,0.0,0.0,2.0,0.0,6.2,1,13074,13074,13074,15298,12059,10158,9917,12984,6141,22832,4025,7214,8004,1,11390,18762,21696,1.0,20:44,2015,2016
2015-16,1626171,Bobby Portis,Bobby,1610612741,CHI,Chicago Bulls,21501174,2016-04-07T00:00:00,CHI @ MIA,L,19.9,0.0,2.0,0.0,6.0,4.0,10.0,0.0,16.0,0.0,0.0,2.0,1.0,21.0,1,13074,13074,13074,15999,12059,4731,9917,5299,6141,20509,1,15259,8004,1,11390,12373,11077,1.0,19:54,2015,2016
2015-16,200746,LaMarcus Aldridge,LaMarcus,1610612759,SAS,San Antonio Spurs,21501177,2016-04-07T00:00:00,SAS @ GSW,L,29.3,4.0,2.0,0.0,6.0,9.0,7.0,16.0,30.0,0.0,1.0,2.0,3.0,21.6,1,13074,13074,13074,8150,2460,4731,9917,5299,15771,15642,24641,4541,8004,17214,11390,4736,10666,1.0,29:16,2015,2016
2015-16,1626210,Alan Williams,Alan,1610612756,PHX,Phoenix Suns,21501175,2016-04-07T00:00:00,PHX @ HOU,W,3.3,0.0,0.0,0.0,0.0,2.0,2.0,3.0,10.0,0.0,0.0,1.0,0.0,2.4,1,1,1,1,25008,12059,10158,9917,18861,2619,3734,7328,20209,8004,1,4972,18762,24024,1.0,3:17,2015,2016
2015-16,2617,Udonis Haslem,Udonis,1610612748,MIA,Miami Heat,21501174,2016-04-07T00:00:00,MIA vs. CHI,W,3.7,0.0,0.0,0.0,0.0,0.0,2.0,0.0,4.0,0.0,0.0,1.0,0.0,2.4,1,1,1,1,24849,12059,10158,9917,18861,1,3734,1,23698,8004,1,4972,18762,24024,1.0,3:40,2015,2016
2015-16,202726,Andrew Goudelock,Andrew,1610612745,HOU,Houston Rockets,21501175,2016-04-07T00:00:00,HOU vs. PHX,L,4.7,0.0,0.0,0.0,0.0,8.0,7.0,2.0,4.0,1.0,0.0,0.0,2.0,8.2,1,13074,13074,13074,24471,12059,10158,9917,18861,13914,15642,4025,23698,2692,1,1,7786,20416,1.0,4:41,2015,2016
2015-16,201960,DeMarre Carroll,DeMarre,1610612761,TOR,Toronto Raptors,21501173,2016-04-07T00:00:00,TOR @ ATL,L,13.8,5.0,3.0,0.0,2.0,2.0,2.0,4.0,8.0,0.0,0.0,2.0,2.0,18.2,1,13074,13074,13074,20504,1603,3104,9917,12984,2619,3734,8806,21543,8004,1,11390,7786,13004,1.0,13:50,2015,2016
2015-16,203940,Adreian Payne,Adreian,1610612750,MIN,Minnesota Timberwolves,21501176,2016-04-07T00:00:00,MIN @ SAC,W,7.8,0.0,0.0,0.0,0.0,5.0,3.0,7.0,12.0,0.0,0.0,2.0,0.0,2.6,1,1,1,1,23261,12059,10158,9917,18861,8403,7138,15538,18637,8004,1,11390,18762,23982,1.0,7:49,2015,2016
2015-16,2738,Andre Iguodala,Andre,1610612744,GSW,Golden State Warriors,21501177,2016-04-07T00:00:00,GSW vs. SAS,W,20.8,2.0,0.0,2.0,4.0,12.0,4.0,11.0,22.0,0.0,1.0,0.0,0.0,12.9,1,1,1,1,15197,6026,10158,4675,8599,20178,8458,21342,10265,8004,17214,1,18762,17049,1.0,20:50,2015,2016
2015-16,203961,Eric Moreland,Eric,1610612758,SAC,Sacramento Kings,21501176,2016-04-07T00:00:00,SAC vs. MIN,L,12.4,0.0,0.0,2.0,2.0,2.0,7.0,4.0,12.0,0.0,0.0,0.0,1.0,3.2,1,13074,13074,13074,21322,12059,10158,4675,12984,2619,15642,8806,18637,8004,1,1,12373,23473,1.0,12:25,2015,2016
2015-16,203105,Festus Ezeli,Festus,1610612744,GSW,Golden State Warriors,21501177,2016-04-07T00:00:00,GSW vs. SAS,W,7.9,0.0,0.0,0.0,4.0,3.0,0.0,5.0,6.0,0.0,0.0,0.0,1.0,7.6,1,1,1,1,23242,12059,10158,9917,8599,5109,1,11593,22724,8004,1,1,12373,20803,1.0,7:52,2015,2016
2015-16,203463,Ben McLemore,Ben,1610612758,SAC,Sacramento Kings,21501176,2016-04-07T00:00:00,SAC vs. MIN,L,19.4,3.0,1.0,0.0,4.0,11.0,7.0,4.0,16.0,0.0,0.0,1.0,1.0,12.8,1,13074,13074,13074,16399,4307,9709,9917,8599,18886,15642,8806,15259,8004,1,4972,12373,17129,1.0,19:23,2015,2016
2015-16,203498,Shabazz Muhammad,Shabazz,1610612750,MIN,Minnesota Timberwolves,21501176,2016-04-07T00:00:00,MIN @ SAC,W,16.4,3.0,2.0,0.0,2.0,5.0,5.0,7.0,18.0,0.0,1.0,0.0,3.0,12.4,1,1,1,1,18699,4307,4731,9917,12984,8403,11469,15538,13577,8004,17214,1,4736,17418,1.0,16:26,2015,2016
2015-16,203501,Tim Hardaway Jr.,Tim,1610612737,ATL,Atlanta Hawks,21501173,2016-04-07T00:00:00,ATL vs. TOR,W,27.6,3.0,0.0,0.0,2.0,12.0,7.0,2.0,20.0,2.0,0.0,1.0,2.0,21.2,1,1,1,1,9568,4307,10158,9917,12984,20178,15642,4025,11929,932,1,4972,7786,10936,1.0,27:34,2015,2016
2015-16,201578,Marreese Speights,Marreese,1610612744,GSW,Golden State Warriors,21501177,2016-04-07T00:00:00,GSW vs. SAS,W,10.2,2.0,0.0,0.0,0.0,3.0,0.0,8.0,16.0,0.0,0.0,0.0,1.0,7.7,1,1,1,1,22370,6026,10158,9917,18861,5109,1,17194,15259,8004,1,1,12373,20733,1.0,10:09,2015,2016
2015-16,203118,Mike Scott,Mike,1610612737,ATL,Atlanta Hawks,21501173,2016-04-07T00:00:00,ATL vs. TOR,W,14.1,2.0,2.0,2.0,6.0,5.0,9.0,0.0,6.0,0.0,0.0,0.0,1.0,20.9,1,1,1,1,20363,6026,4731,4675,5299,8403,19144,1,22724,8004,1,1,12373,11132,1.0,14:05,2015,2016
2015-16,2561,David West,David,1610612759,SAS,San Antonio Spurs,21501177,2016-04-07T00:00:00,SAS @ GSW,L,23.6,0.0,0.0,2.0,4.0,4.0,0.0,12.0,30.0,0.0,0.0,0.0,3.0,21.5,1,13074,13074,13074,12920,12059,10158,4675,8599,6141,1,22259,4541,8004,1,1,4736,10755,1.0,23:34,2015,2016
2015-16,1626181,Norman Powell,Norman,1610612761,TOR,Toronto Raptors,21501173,2016-04-07T00:00:00,TOR @ ATL,L,31.0,0.0,0.0,2.0,4.0,12.0,2.0,16.0,26.0,0.0,2.0,2.0,1.0,16.3,1,13074,13074,13074,6692,12059,10158,4675,8599,20178,3734,24641,7214,8004,23588,11390,12373,14372,1.0,31:02,2015,2016
2015-16,202335,Patrick Patterson,Patrick,1610612761,TOR,Toronto Raptors,21501173,2016-04-07T00:00:00,TOR @ ATL,L,28.0,0.0,0.0,0.0,0.0,7.0,4.0,13.0,24.0,1.0,0.0,1.0,0.0,17.8,1,13074,13074,13074,9239,12059,10158,9917,18861,12242,8458,23048,8723,2692,1,4972,18762,13309,1.0,27:59,2015,2016
2015-16,2399,Mike Dunleavy,Mike,1610612741,CHI,Chicago Bulls,21501174,2016-04-07T00:00:00,CHI @ MIA,L,18.9,0.0,0.0,0.0,0.0,8.0,6.0,6.0,26.0,0.0,0.0,0.0,1.0,6.8,1,13074,13074,13074,16806,12059,10158,9917,18861,13914,13237,13388,7214,8004,1,1,12373,21328,1.0,18:52,2015,2016
2015-16,1938,Manu Ginobili,Manu,1610612759,SAS,San Antonio Spurs,21501177,2016-04-07T00:00:00,SAS @ GSW,L,19.6,0.0,0.0,0.0,4.0,7.0,0.0,7.0,28.0,0.0,0.0,1.0,1.0,7.2,1,13074,13074,13074,16236,12059,10158,9917,8599,12242,1,15538,5824,8004,1,4972,12373,21035,1.0,19:35,2015,2016
2015-16,201574,Jason Thompson,Jason,1610612761,TOR,Toronto Raptors,21501173,2016-04-07T00:00:00,TOR @ ATL,L,3.0,0.0,0.0,0.0,0.0,0.0,0.0,1.0,2.0,0.0,0.0,0.0,0.0,0.0,1,13074,13074,13074,25119,12059,10158,9917,18861,1,1,3646,24614,8004,1,1,18762,25170,1.0,3:01,2015,2016
2015-16,2571,Leandro Barbosa,Leandro,1610612744,GSW,Golden State Warriors,21501177,2016-04-07T00:00:00,GSW vs. SAS,W,14.8,0.0,0.0,0.0,0.0,6.0,0.0,13.0,18.0,0.0,0.0,3.0,0.0,3.2,1,1,1,1,19916,12059,10158,9917,18861,10028,1,23048,13577,8004,1,17641,18762,23473,1.0,14:46,2015,2016
2015-16,201575,Brandon Rush,Brandon,1610612744,GSW,Golden State Warriors,21501177,2016-04-07T00:00:00,GSW vs. SAS,W,6.5,0.0,0.0,3.0,0.0,3.0,0.0,5.0,10.0,0.0,0.0,3.0,0.0,4.2,1,1,1,1,23739,12059,10158,3302,18861,5109,1,11593,20209,8004,1,17641,18762,22976,1.0,6:31,2015,2016
2015-16,2449,Luis Scola,Luis,1610612761,TOR,Toronto Raptors,21501173,2016-04-07T00:00:00,TOR @ ATL,L,11.3,0.0,0.0,0.0,2.0,7.0,0.0,8.0,14.0,0.0,0.0,1.0,0.0,4.8,1,13074,13074,13074,21909,12059,10158,9917,12984,12242,1,17194,17019,8004,1,4972,18762,22657,1.0,11:17,2015,2016
2015-16,2419,Tayshaun Prince,Tayshaun,1610612750,MIN,Minnesota Timberwolves,21501176,2016-04-07T00:00:00,MIN @ SAC,W,19.2,2.0,0.0,0.0,0.0,5.0,7.0,2.0,14.0,0.0,0.0,1.0,0.0,9.5,1,1,1,1,16573,6026,10158,9917,18861,8403,15642,4025,17019,8004,1,4972,18762,19519,1.0,19:09,2015,2016
2015-16,2550,Kirk Hinrich,Kirk,1610612737,ATL,Atlanta Hawks,21501173,2016-04-07T00:00:00,ATL vs. TOR,W,4.8,0.0,0.0,0.0,0.0,0.0,2.0,0.0,2.0,0.0,0.0,0.0,0.0,0.0,1,1,1,1,24447,12059,10158,9917,18861,1,3734,1,24614,8004,1,1,18762,25170,1.0,4:45,2015,2016
2015-16,2743,Kris Humphries,Kris,1610612737,ATL,Atlanta Hawks,21501173,2016-04-07T00:00:00,ATL vs. TOR,W,3.2,0.0,0.0,0.0,0.0,0.0,0.0,0.0,2.0,0.0,0.0,0.0,0.0,0.0,1,1,1,1,25036,12059,10158,9917,18861,1,1,1,24614,8004,1,1,18762,25170,1.0,3:14,2015,2016
2015-16,203512,Lucas Nogueira,Lucas,1610612761,TOR,Toronto Raptors,21501173,2016-04-07T00:00:00,TOR @ ATL,L,4.8,0.0,0.0,0.0,0.0,0.0,2.0,0.0,2.0,0.0,1.0,1.0,1.0,4.2,1,13074,13074,13074,24418,12059,10158,9917,18861,1,3734,1,24614,8004,17214,4972,12373,22976,1.0,4:50,2015,2016
2015-16,204014,Damjan Rudez,Damjan,1610612750,MIN,Minnesota Timberwolves,21501176,2016-04-07T00:00:00,MIN @ SAC,W,1.2,0.0,0.0,0.0,0.0,0.0,0.0,5.0,4.0,0.0,0.0,0.0,0.0,0.0,1,1,1,1,25821,12059,10158,9917,18861,1,1,11593,23698,8004,1,1,18762,25170,1.0,1:10,2015,2016
2015-16,1495,Tim Duncan,Tim,1610612759,SAS,San Antonio Spurs,21501177,2016-04-07T00:00:00,SAS @ GSW,L,19.2,0.0,2.0,0.0,4.0,4.0,4.0,8.0,20.0,0.0,1.0,0.0,0.0,7.1,1,13074,13074,13074,16540,12059,4731,9917,8599,6141,8458,17194,11929,8004,17214,1,18762,21141,1.0,19:11,2015,2016
2015-16,202962,Greg Smith,Greg,1610612750,MIN,Minnesota Timberwolves,21501176,2016-04-07T00:00:00,MIN @ SAC,W,1.2,0.0,0.0,0.0,0.0,0.0,0.0,5.0,4.0,0.0,0.0,0.0,0.0,0.0,1,1,1,1,25821,12059,10158,9917,18861,1,1,11593,23698,8004,1,1,18762,25170,1.0,1:10,2015,2016
2015-16,2588,Matt Bonner,Matt,1610612759,SAS,San Antonio Spurs,21501177,2016-04-07T00:00:00,SAS @ GSW,L,5.5,0.0,0.0,2.0,0.0,4.0,0.0,2.0,12.0,0.0,0.0,2.0,0.0,5.0,1,13074,13074,13074,24196,12059,10158,4675,18861,6141,1,4025,18637,8004,1,11390,18762,22500,1.0,5:27,2015,2016
2015-16,203471,Dennis Schröder,Dennis,1610612737,ATL,Atlanta Hawks,21501173,2016-04-07T00:00:00,ATL vs. TOR,W,15.5,0.0,0.0,0.0,0.0,5.0,7.0,0.0,4.0,1.0,1.0,2.0,0.0,6.9,1,1,1,1,19446,12059,10158,9917,18861,8403,15642,1,23698,2692,17214,11390,18762,21262,1.0,15:27,2015,2016
2015-16,203098,John Jenkins,John,1610612756,PHX,Phoenix Suns,21501175,2016-04-07T00:00:00,PHX @ HOU,W,10.2,0.0,0.0,0.0,0.0,2.0,4.0,1.0,10.0,0.0,0.0,0.0,1.0,3.5,1,1,1,1,22370,12059,10158,9917,18861,2619,8458,3646,20209,8004,1,1,12373,23351,1.0,10:09,2015,2016
2015-16,202726,Andrew Goudelock,Andrew,1610612745,HOU,Houston Rockets,21501170,2016-04-06T00:00:00,HOU @ DAL,L,1.7,0.0,0.0,0.0,0.0,2.0,0.0,2.0,2.0,0.0,0.0,0.0,0.0,0.0,1,13074,13074,13074,25628,12059,10158,9917,18861,2619,1,4025,24614,8004,1,1,18762,25170,1.0,1:42,2015,2016
2015-16,201581,JJ Hickson,JJ,1610612764,WAS,Washington Wizards,21501167,2016-04-06T00:00:00,WAS vs. BKN,W,6.4,0.0,0.0,0.0,0.0,2.0,2.0,7.0,6.0,0.0,0.0,1.0,0.0,3.6,1,1,1,1,23780,12059,10158,9917,18861,2619,3734,15538,22724,8004,1,4972,18762,23310,1.0,6:24,2015,2016
2015-16,202388,Donald Sloan,Donald,1610612751,BKN,Brooklyn Nets,21501167,2016-04-06T00:00:00,BKN @ WAS,L,17.4,0.0,0.0,0.0,0.0,4.0,6.0,7.0,26.0,0.0,2.0,0.0,2.0,6.5,1,13074,13074,13074,17960,12059,10158,9917,18861,6141,13237,15538,7214,8004,23588,1,7786,21519,1.0,17:24,2015,2016
2015-16,2400,Drew Gooden,Drew,1610612764,WAS,Washington Wizards,21501167,2016-04-06T00:00:00,WAS vs. BKN,W,5.4,0.0,4.0,0.0,4.0,2.0,2.0,7.0,6.0,1.0,0.0,3.0,0.0,7.0,1,1,1,1,24231,12059,1596,9917,8599,2619,3734,15538,22724,2692,1,17641,18762,21188,1.0,5:21,2015,2016
2015-16,2590,Mo Williams,Mo,1610612739,CLE,Cleveland Cavaliers,21501165,2016-04-06T00:00:00,CLE @ IND,L,5.2,0.0,0.0,2.0,2.0,3.0,0.0,0.0,4.0,0.0,0.0,0.0,0.0,3.2,1,13074,13074,13074,24278,12059,10158,4675,12984,5109,1,1,23698,8004,1,1,18762,23473,1.0,5:14,2015,2016
2015-16,201147,Corey Brewer,Corey,1610612745,HOU,Houston Rockets,21501170,2016-04-06T00:00:00,HOU @ DAL,L,23.1,0.0,0.0,2.0,2.0,5.0,6.0,3.0,12.0,0.0,0.0,1.0,2.0,6.6,1,13074,13074,13074,13320,12059,10158,4675,12984,8403,13237,7328,18637,8004,1,4972,7786,21445,1.0,23:04,2015,2016
2015-16,203095,Evan Fournier,Evan,1610612753,ORL,Orlando Magic,21501166,2016-04-06T00:00:00,ORL vs. DET,L,31.8,2.0,4.0,4.0,14.0,19.0,0.0,11.0,34.0,0.0,2.0,4.0,3.0,21.6,1,13074,13074,13074,6096,6026,1596,1913,542,25074,1,21342,2701,8004,23588,22104,4736,10666,1.0,31:46,2015,2016
2015-16,1626202,Joe Young,Joe,1610612754,IND,Indiana Pacers,21501165,2016-04-06T00:00:00,IND vs. CLE,W,3.5,0.0,0.0,0.0,0.0,0.0,0.0,0.0,2.0,0.0,0.0,1.0,0.0,0.0,1,1,1,1,24946,12059,10158,9917,18861,1,1,1,24614,8004,1,4972,18762,25170,1.0,3:27,2015,2016
2015-16,202389,Timofey Mozgov,Timofey,1610612739,CLE,Cleveland Cavaliers,21501165,2016-04-06T00:00:00,CLE @ IND,L,15.8,0.0,0.0,0.0,0.0,5.0,9.0,5.0,18.0,0.0,0.0,2.0,3.0,8.8,1,13074,13074,13074,19178,12059,10158,9917,18861,8403,19144,11593,13577,8004,1,11390,4736,19994,1.0,15:49,2015,2016
2015-16,204067,Jarell Eddie,Jarell,1610612764,WAS,Washington Wizards,21501167,2016-04-06T00:00:00,WAS vs. BKN,W,5.4,0.0,0.0,0.0,0.0,2.0,2.0,7.0,6.0,0.0,0.0,0.0,1.0,6.5,1,1,1,1,24231,12059,10158,9917,18861,2619,3734,15538,22724,8004,1,1,12373,21519,1.0,5:21,2015,2016
2015-16,1897,Metta World Peace,Metta,1610612747,LAL,Los Angeles Lakers,21501172,2016-04-06T00:00:00,LAL vs. LAC,L,13.9,0.0,0.0,0.0,0.0,6.0,7.0,2.0,12.0,0.0,1.0,2.0,0.0,0.0,1,13074,13074,13074,20466,12059,10158,9917,18861,10028,15642,4025,18637,8004,17214,11390,18762,25170,1.0,13:54,2015,2016
2015-16,203459,Allen Crabbe,Allen,1610612757,POR,Portland Trail Blazers,21501171,2016-04-06T00:00:00,POR vs. OKC,W,23.8,0.0,0.0,6.0,0.0,9.0,10.0,7.0,26.0,0.0,0.0,2.0,1.0,21.6,1,1,1,1,12757,12059,10158,740,18861,15771,20509,15538,7214,8004,1,11390,12373,10666,1.0,23:48,2015,2016
2015-16,201600,Omer Asik,Omer,1610612740,NOP,New Orleans Pelicans,21501168,2016-04-06T00:00:00,NOP @ BOS,L,14.4,0.0,0.0,0.0,0.0,10.0,7.0,2.0,14.0,0.0,2.0,3.0,1.0,3.8,1,13074,13074,13074,20192,12059,10158,9917,18861,17370,15642,4025,17019,8004,23588,17641,12373,23270,1.0,14:22,2015,2016
2015-16,201965,Jeff Ayres,Jeff,1610612746,LAC,LA Clippers,21501172,2016-04-06T00:00:00,LAC @ LAL,W,12.6,2.0,0.0,0.0,0.0,2.0,2.0,4.0,12.0,0.0,0.0,1.0,0.0,4.4,1,1,1,1,21229,6026,10158,9917,18861,2619,3734,8806,18637,8004,1,4972,18762,22837,1.0,12:35,2015,2016
2015-16,101109,Raymond Felton,Raymond,1610612742,DAL,Dallas Mavericks,21501170,2016-04-06T00:00:00,DAL vs. HOU,W,18.4,2.0,0.0,2.0,2.0,4.0,10.0,2.0,20.0,0.0,0.0,3.0,1.0,9.7,1,1,1,1,17141,6026,10158,4675,12984,6141,20509,4025,11929,8004,1,17641,12373,19379,1.0,18:27,2015,2016
2015-16,201162,Jared Dudley,Jared,1610612764,WAS,Washington Wizards,21501167,2016-04-06T00:00:00,WAS vs. BKN,W,14.9,0.0,0.0,0.0,0.0,5.0,2.0,8.0,10.0,0.0,0.0,1.0,0.0,5.4,1,1,1,1,19854,12059,10158,9917,18861,8403,3734,17194,20209,8004,1,4972,18762,22242,1.0,14:52,2015,2016
2015-16,200811,Lou Amundson,Lou,1610612752,NYK,New York Knicks,21501169,2016-04-06T00:00:00,NYK vs. CHA,L,4.2,0.0,0.0,0.0,0.0,0.0,0.0,0.0,6.0,0.0,0.0,1.0,0.0,-2.8,1,13074,13074,13074,24633,12059,10158,9917,18861,1,1,1,22724,8004,1,4972,18762,26077,1.0,4:13,2015,2016
2015-16,1626167,Myles Turner,Myles,1610612754,IND,Indiana Pacers,21501165,2016-04-06T00:00:00,IND vs. CLE,W,5.1,0.0,0.0,0.0,0.0,0.0,0.0,0.0,2.0,0.0,1.0,3.0,0.0,0.0,1,1,1,1,24342,12059,10158,9917,18861,1,1,1,24614,8004,17214,17641,18762,25170,1.0,5:04,2015,2016
2015-16,1626242,Luis Montero,Luis,1610612757,POR,Portland Trail Blazers,21501171,2016-04-06T00:00:00,POR vs. OKC,W,0.1,0.0,0.0,0.0,0.0,0.0,0.0,0.0,0.0,0.0,0.0,0.0,0.0,0.0,1,1,1,1,26031,12059,10158,9917,18861,1,1,1,25429,8004,1,1,18762,25170,1.0,0:09,2015,2016
2015-16,203135,Robert Sacre,Robert,1610612747,LAL,Los Angeles Lakers,21501172,2016-04-06T00:00:00,LAL vs. LAC,L,14.7,2.0,2.0,0.0,4.0,4.0,2.0,3.0,8.0,0.0,0.0,0.0,0.0,9.0,1,13074,13074,13074,19969,6026,4731,9917,8599,6141,3734,7328,21543,8004,1,1,18762,19835,1.0,14:41,2015,2016
2015-16,203527,Ryan Kelly,Ryan,1610612747,LAL,Los Angeles Lakers,21501172,2016-04-06T00:00:00,LAL vs. LAC,L,8.1,0.0,2.0,0.0,4.0,3.0,5.0,1.0,0.0,0.0,1.0,0.0,1.0,5.2,1,13074,13074,13074,23149,12059,4731,9917,8599,5109,11469,3646,25429,8004,17214,1,12373,22370,1.0,8:06,2015,2016
2015-16,1626192,Pat Connaughton,Pat,1610612757,POR,Portland Trail Blazers,21501171,2016-04-06T00:00:00,POR vs. OKC,W,0.1,0.0,0.0,0.0,0.0,0.0,0.0,0.0,0.0,0.0,0.0,0.0,0.0,0.0,1,1,1,1,26031,12059,10158,9917,18861,1,1,1,25429,8004,1,1,18762,25170,1.0,0:09,2015,2016
2015-16,202713,Kyle Singler,Kyle,1610612760,OKC,Oklahoma City Thunder,21501171,2016-04-06T00:00:00,OKC @ POR,L,13.6,0.0,1.0,0.0,0.0,7.0,4.0,2.0,14.0,0.0,0.0,4.0,1.0,4.2,1,13074,13074,13074,20633,12059,9709,9917,18861,12242,8458,4025,17019,8004,1,22104,12373,22976,1.0,13:37,2015,2016
2015-16,1626154,RJ Hunter,RJ,1610612738,BOS,Boston Celtics,21501168,2016-04-06T00:00:00,BOS vs. NOP,W,8.0,0.0,2.0,0.0,2.0,2.0,0.0,7.0,2.0,0.0,0.0,0.0,0.0,4.7,1,1,1,1,23174,12059,4731,9917,12984,2619,1,15538,24614,8004,1,1,18762,22672,1.0,8:01,2015,2016
2015-16,201579,Roy Hibbert,Roy,1610612747,LAL,Los Angeles Lakers,21501172,2016-04-06T00:00:00,LAL vs. LAC,L,16.6,0.0,0.0,0.0,2.0,0.0,4.0,12.0,22.0,1.0,0.0,3.0,1.0,9.4,1,13074,13074,13074,18545,12059,10158,9917,12984,1,8458,22259,10265,2692,1,17641,12373,19568,1.0,16:38,2015,2016
2015-16,202706,Jordan Hamilton,Jordan,1610612740,NOP,New Orleans Pelicans,21501168,2016-04-06T00:00:00,NOP @ BOS,L,28.0,2.0,2.0,5.0,2.0,15.0,12.0,6.0,28.0,0.0,0.0,2.0,1.0,21.7,1,13074,13074,13074,9262,6026,4731,1277,12984,23079,22832,13388,5824,8004,1,11390,12373,10592,1.0,27:57,2015,2016
2015-16,202711,Bojan Bogdanović,Bojan,1610612751,BKN,Brooklyn Nets,21501167,2016-04-06T00:00:00,BKN @ WAS,L,20.7,2.0,0.0,0.0,0.0,2.0,10.0,7.0,28.0,0.0,4.0,1.0,1.0,5.4,1,13074,13074,13074,15345,6026,10158,9917,18861,2619,20509,15538,5824,8004,25926,4972,12373,22242,1.0,20:39,2015,2016
2015-16,101111,Charlie Villanueva,Charlie,1610612742,DAL,Dallas Mavericks,21501170,2016-04-06T00:00:00,DAL vs. HOU,W,0.1,0.0,0.0,0.0,0.0,0.0,0.0,0.0,0.0,0.0,0.0,0.0,0.0,0.0,1,1,1,1,26030,12059,10158,9917,18861,1,1,1,25429,8004,1,1,18762,25170,1.0,0:09,2015,2016
2015-16,200826,J.J. Barea,J.J.,1610612742,DAL,Dallas Mavericks,21501170,2016-04-06T00:00:00,DAL vs. HOU,W,36.9,10.0,5.0,0.0,6.0,12.0,23.0,12.0,38.0,0.0,1.0,1.0,3.0,43.0,1,1,1,1,2164,99,995,9917,5299,20178,26017,22259,1422,8004,17214,4972,4736,1733,1.0,36:52,2015,2016
2015-16,1626162,Kelly Oubre Jr.,Kelly,1610612764,WAS,Washington Wizards,21501167,2016-04-06T00:00:00,WAS vs. BKN,W,18.6,3.0,0.0,0.0,4.0,7.0,4.0,13.0,14.0,0.0,0.0,4.0,1.0,15.3,1,1,1,1,17040,4307,10158,9917,8599,12242,8458,23048,17019,8004,1,22104,12373,15150,1.0,18:34,2015,2016
2015-16,203090,Maurice Harkless,Maurice,1610612757,POR,Portland Trail Blazers,21501171,2016-04-06T00:00:00,POR vs. OKC,W,28.3,5.0,0.0,2.0,10.0,4.0,3.0,5.0,24.0,2.0,1.0,3.0,1.0,40.0,1,1,1,1,9002,1603,10158,4675,1840,6141,7138,11593,8723,932,17214,17641,12373,2364,1.0,28:18,2015,2016
2015-16,101133,Ian Mahinmi,Ian,1610612754,IND,Indiana Pacers,21501165,2016-04-06T00:00:00,IND vs. CLE,W,21.7,2.0,6.0,2.0,10.0,9.0,4.0,0.0,8.0,0.0,0.0,3.0,5.0,30.1,1,1,1,1,14405,6026,481,4675,1840,15771,8458,1,21543,8004,1,17641,1539,5794,1.0,21:44,2015,2016
2015-16,201935,James Harden,James,1610612745,HOU,Houston Rockets,21501170,2016-04-06T00:00:00,HOU @ DAL,L,44.0,2.0,6.0,3.0,4.0,20.0,11.0,6.0,26.0,2.0,2.0,4.0,6.0,41.0,1,13074,13074,13074,135,6026,481,3302,8599,25338,21814,13388,7214,932,23588,22104,873,2143,1.0,43:57,2015,2016
2015-16,202083,Wesley Matthews,Wesley,1610612742,DAL,Dallas Mavericks,21501170,2016-04-06T00:00:00,DAL vs. HOU,W,40.6,6.0,0.0,3.0,0.0,12.0,17.0,14.0,38.0,0.0,2.0,2.0,2.0,30.2,1,1,1,1,583,878,10158,3302,18861,20178,25429,23710,1422,8004,23588,11390,7786,5751,1.0,40:35,2015,2016
2015-16,203516,James Ennis III,James,1610612740,NOP,New Orleans Pelicans,21501168,2016-04-06T00:00:00,NOP @ BOS,L,28.6,2.0,2.0,3.0,4.0,16.0,7.0,6.0,22.0,0.0,0.0,6.0,3.0,20.3,1,13074,13074,13074,8699,6026,4731,3302,8599,23774,15642,13388,10265,8004,1,25827,4736,11534,1.0,28:38,2015,2016
2015-16,201627,Anthony Morrow,Anthony,1610612760,OKC,Oklahoma City Thunder,21501171,2016-04-06T00:00:00,OKC @ POR,L,31.3,0.0,0.0,0.0,2.0,15.0,6.0,10.0,30.0,0.0,1.0,2.0,2.0,26.6,1,13074,13074,13074,6514,12059,10158,9917,12984,23079,13237,20169,4541,8004,17214,11390,7786,7566,1.0,31:15,2015,2016
2015-16,203468,CJ McCollum,CJ,1610612757,POR,Portland Trail Blazers,21501171,2016-04-06T00:00:00,POR vs. OKC,W,35.3,3.0,2.0,3.0,10.0,12.0,12.0,7.0,30.0,0.0,0.0,3.0,3.0,31.1,1,1,1,1,3346,4307,4731,3302,1840,20178,22832,15538,4541,8004,1,17641,4736,5354,1.0,35:15,2015,2016
2015-16,203493,Reggie Bullock Jr.,Reggie,1610612765,DET,Detroit Pistons,21501166,2016-04-06T00:00:00,DET @ ORL,W,27.1,5.0,0.0,3.0,2.0,9.0,7.0,4.0,24.0,1.0,1.0,1.0,1.0,31.6,1,1,1,1,9934,1603,10158,3302,12984,15771,15642,8806,8723,2692,17214,4972,12373,5130,1.0,27:05,2015,2016
2015-16,101161,Amir Johnson,Amir,1610612738,BOS,Boston Celtics,21501168,2016-04-06T00:00:00,BOS vs. NOP,W,24.8,6.0,2.0,0.0,4.0,8.0,10.0,5.0,18.0,2.0,0.0,4.0,1.0,20.4,1,1,1,1,11872,878,4731,9917,8599,13914,20509,11593,13577,932,1,22104,12373,11453,1.0,24:46,2015,2016
2015-16,202337,Luke Babbitt,Luke,1610612740,NOP,New Orleans Pelicans,21501168,2016-04-06T00:00:00,NOP @ BOS,L,33.2,2.0,4.0,3.0,4.0,17.0,12.0,11.0,30.0,0.0,3.0,1.0,4.0,31.6,1,13074,13074,13074,4944,6026,1596,3302,8599,24337,22832,21342,4541,8004,25441,4972,2748,5130,1.0,33:14,2015,2016
2015-16,203484,Kentavious Caldwell-Pope,Kentavious,1610612765,DET,Detroit Pistons,21501166,2016-04-06T00:00:00,DET @ ORL,W,36.0,5.0,3.0,5.0,8.0,15.0,17.0,9.0,42.0,0.0,0.0,2.0,2.0,31.1,1,1,1,1,2748,1603,3104,1277,3109,23079,25429,18829,670,8004,1,11390,7786,5354,1.0,36:01,2015,2016
2015-16,200755,JJ Redick,JJ,1610612746,LAC,LA Clippers,21501172,2016-04-06T00:00:00,LAC @ LAL,W,22.6,0.0,0.0,5.0,2.0,6.0,9.0,4.0,18.0,0.0,0.0,1.0,1.0,20.6,1,1,1,1,13661,12059,10158,1277,12984,10028,19144,8806,13577,8004,1,4972,12373,11314,1.0,22:38,2015,2016
2015-16,2744,Al Jefferson,Al,1610612766,CHA,Charlotte Hornets,21501169,2016-04-06T00:00:00,CHA @ NYK,W,28.9,4.0,0.0,0.0,18.0,10.0,6.0,2.0,18.0,0.0,2.0,2.0,1.0,40.1,1,1,1,1,8475,2460,10158,9917,131,17370,13237,4025,13577,8004,23588,11390,12373,2345,1.0,28:52,2015,2016
2015-16,202696,Nikola Vučević,Nikola,1610612753,ORL,Orlando Magic,21501166,2016-04-06T00:00:00,ORL vs. DET,L,27.4,2.0,2.0,0.0,6.0,11.0,4.0,13.0,28.0,1.0,3.0,5.0,0.0,43.1,1,13074,13074,13074,9730,6026,4731,9917,5299,18886,8458,23048,5824,2692,25441,24686,18762,1713,1.0,27:21,2015,2016
2015-16,201196,Ramon Sessions,Ramon,1610612764,WAS,Washington Wizards,21501167,2016-04-06T00:00:00,WAS vs. BKN,W,29.4,2.0,4.0,5.0,10.0,14.0,16.0,9.0,32.0,0.0,1.0,0.0,3.0,40.1,1,1,1,1,8021,6026,1596,1277,1840,22292,25155,18829,3535,8004,17214,1,4736,2345,1.0,29:26,2015,2016
2015-16,2403,Nene,ene,1610612764,WAS,Washington Wizards,21501167,2016-04-06T00:00:00,WAS vs. BKN,W,16.2,0.0,2.0,0.0,10.0,7.0,2.0,6.0,10.0,2.0,1.0,2.0,5.0,31.4,1,1,1,1,18898,12059,4731,9917,1840,12242,3734,13388,20209,932,17214,11390,1539,5218,1.0,16:11,2015,2016
2015-16,203078,Bradley Beal,Bradley,1610612764,WAS,Washington Wizards,21501167,2016-04-06T00:00:00,WAS vs. BKN,W,32.4,4.0,2.0,7.0,16.0,17.0,15.0,11.0,28.0,1.0,0.0,2.0,0.0,41.1,1,1,1,1,5589,2460,4731,454,275,24337,24781,21342,5824,2692,1,11390,18762,2123,1.0,32:23,2015,2016
2015-16,201582,Alexis Ajinca,Alexis,1610612740,NOP,New Orleans Pelicans,21501168,2016-04-06T00:00:00,NOP @ BOS,L,21.7,2.0,4.0,0.0,4.0,9.0,0.0,7.0,10.0,0.0,0.0,4.0,2.0,20.1,1,13074,13074,13074,14442,6026,1596,9917,8599,15771,1,15538,20209,8004,1,22104,7786,11685,1.0,21:42,2015,2016
2015-16,202699,Tobias Harris,Tobias,1610612765,DET,Detroit Pistons,21501166,2016-04-06T00:00:00,DET @ ORL,W,30.4,1.0,0.0,3.0,6.0,15.0,13.0,9.0,36.0,0.0,2.0,4.0,1.0,26.4,1,1,1,1,7196,11535,10158,3302,5299,23079,23668,18829,1943,8004,23588,22104,12373,7672,1.0,30:23,2015,2016
2015-16,201577,Robin Lopez,Robin,1610612752,NYK,New York Knicks,21501169,2016-04-06T00:00:00,NYK vs. CHA,L,35.1,2.0,2.0,0.0,6.0,10.0,14.0,4.0,34.0,2.0,1.0,2.0,2.0,26.9,1,13074,13074,13074,3461,6026,4731,9917,5299,17370,24300,8806,2701,932,17214,11390,7786,7438,1.0,35:07,2015,2016
2015-16,203524,Solomon Hill,Solomon,1610612754,IND,Indiana Pacers,21501165,2016-04-06T00:00:00,IND vs. CLE,W,31.2,3.0,0.0,2.0,2.0,13.0,6.0,6.0,26.0,1.0,0.0,2.0,1.0,31.0,1,1,1,1,6527,4307,10158,4675,12984,21300,13237,13388,7214,2692,1,11390,12373,5406,1.0,31:14,2015,2016
2015-16,203469,Cody Zeller,Cody,1610612766,CHA,Charlotte Hornets,21501169,2016-04-06T00:00:00,CHA @ NYK,W,19.1,0.0,4.0,0.0,6.0,4.0,3.0,8.0,20.0,0.0,1.0,3.0,1.0,15.5,1,1,1,1,16592,12059,1596,9917,5299,6141,7138,17194,11929,8004,17214,17641,12373,15004,1.0,19:08,2015,2016
2015-16,203080,Thomas Robinson,Thomas,1610612751,BKN,Brooklyn Nets,21501167,2016-04-06T00:00:00,BKN @ WAS,L,30.6,2.0,10.0,2.0,20.0,7.0,12.0,9.0,42.0,0.0,1.0,4.0,4.0,40.0,1,13074,13074,13074,7022,6026,34,4675,59,12242,22832,18829,670,8004,17214,22104,2748,2364,1.0,30:36,2015,2016
2015-16,202738,Isaiah Thomas,Isaiah,1610612738,BOS,Boston Celtics,21501168,2016-04-06T00:00:00,BOS vs. NOP,W,33.0,5.0,3.0,6.0,12.0,10.0,12.0,7.0,22.0,0.0,1.0,3.0,13.0,50.8,1,1,1,1,5104,1603,3104,740,988,17370,22832,15538,10265,8004,17214,17641,14,671,1.0,33:01,2015,2016
2015-16,202681,Kyrie Irving,Kyrie,1610612739,CLE,Cleveland Cavaliers,21501165,2016-04-06T00:00:00,CLE @ IND,L,30.2,10.0,0.0,4.0,12.0,10.0,13.0,10.0,36.0,1.0,0.0,2.0,2.0,45.4,1,13074,13074,13074,7336,99,10158,1913,988,17370,23668,20169,1943,2692,1,11390,7786,1291,1.0,30:13,2015,2016
2015-16,977,Kobe Bryant,Kobe,1610612747,LAL,Los Angeles Lakers,21501172,2016-04-06T00:00:00,LAL vs. LAC,L,27.8,0.0,5.0,0.0,4.0,2.0,4.0,15.0,30.0,0.0,1.0,1.0,2.0,24.1,1,13074,13074,13074,9415,12059,995,9917,8599,2619,8458,24242,4541,8004,17214,4972,7786,9068,1.0,27:46,2015,2016
2015-16,203486,Mason Plumlee,Mason,1610612757,POR,Portland Trail Blazers,21501171,2016-04-06T00:00:00,POR vs. OKC,W,30.2,0.0,0.0,0.0,6.0,4.0,8.0,5.0,32.0,1.0,0.0,4.0,5.0,35.7,1,1,1,1,7347,12059,10158,9917,5299,6141,17345,11593,3535,2692,1,22104,1539,3578,1.0,30:13,2015,2016
2015-16,202331,Paul George,Paul,1610612754,IND,Indiana Pacers,21501165,2016-04-06T00:00:00,IND vs. CLE,W,31.5,4.0,3.0,2.0,8.0,13.0,4.0,0.0,16.0,0.0,1.0,1.0,6.0,36.5,1,1,1,1,6282,2460,3104,4675,3109,21300,8458,1,15259,8004,17214,4972,873,3326,1.0,31:32,2015,2016
2015-16,203499,Shane Larkin,Shane,1610612751,BKN,Brooklyn Nets,21501167,2016-04-06T00:00:00,BKN @ WAS,L,30.6,0.0,0.0,2.0,6.0,7.0,12.0,9.0,42.0,1.0,1.0,3.0,2.0,29.9,1,13074,13074,13074,7022,12059,10158,4675,5299,12242,22832,18829,670,2692,17214,17641,7786,5884,1.0,30:36,2015,2016
2015-16,203500,Steven Adams,Steven,1610612760,OKC,Oklahoma City Thunder,21501171,2016-04-06T00:00:00,OKC @ POR,L,23.0,0.0,7.0,0.0,8.0,17.0,4.0,12.0,22.0,0.0,0.0,2.0,4.0,23.9,1,13074,13074,13074,13383,12059,292,9917,3109,24337,8458,22259,10265,8004,1,11390,2748,9184,1.0,22:59,2015,2016
2015-16,202329,Al-Farouq Aminu,Al-Farouq,1610612757,POR,Portland Trail Blazers,21501171,2016-04-06T00:00:00,POR vs. OKC,W,37.4,9.0,2.0,7.0,14.0,9.0,10.0,7.0,34.0,1.0,0.0,2.0,5.0,52.7,1,1,1,1,1823,171,4731,454,542,15771,20509,15538,2701,2692,1,11390,1539,536,1.0,37:24,2015,2016
2015-16,202683,Enes Freedom,Enes,1610612760,OKC,Oklahoma City Thunder,21501171,2016-04-06T00:00:00,OKC @ POR,L,35.7,8.0,4.0,7.0,20.0,10.0,6.0,13.0,30.0,1.0,1.0,3.0,5.0,62.0,1,13074,13074,13074,3014,308,1596,454,59,17370,13237,23048,4541,2692,17214,17641,1539,141,1.0,35:39,2015,2016
2015-16,1626179,Terry Rozier,Terry,1610612738,BOS,Boston Celtics,21501168,2016-04-06T00:00:00,BOS vs. NOP,W,16.6,0.0,0.0,0.0,2.0,0.0,2.0,13.0,12.0,0.0,0.0,2.0,0.0,7.4,1,1,1,1,18558,12059,10158,9917,12984,1,3734,23048,18637,8004,1,11390,18762,20912,1.0,16:37,2015,2016
2015-16,203506,Victor Oladipo,Victor,1610612753,ORL,Orlando Magic,21501166,2016-04-06T00:00:00,ORL vs. DET,L,39.3,7.0,0.0,5.0,6.0,16.0,4.0,8.0,36.0,1.0,0.0,4.0,6.0,29.3,1,13074,13074,13074,936,548,10158,1277,5299,23774,8458,17194,1943,2692,1,22104,873,6202,1.0,39:20,2015,2016
2015-16,201229,Anthony Tolliver,Anthony,1610612765,DET,Detroit Pistons,21501166,2016-04-06T00:00:00,DET @ ORL,W,17.6,0.0,0.0,0.0,2.0,7.0,7.0,2.0,16.0,0.0,1.0,2.0,1.0,7.4,1,1,1,1,17816,12059,10158,9917,12984,12242,15642,4025,15259,8004,17214,11390,12373,20912,1.0,17:37,2015,2016
2015-16,201933,Blake Griffin,Blake,1610612746,LAC,LA Clippers,21501172,2016-04-06T00:00:00,LAC @ LAL,W,24.8,2.0,4.0,6.0,6.0,6.0,9.0,4.0,20.0,0.0,0.0,0.0,3.0,29.1,1,1,1,1,11828,6026,1596,740,5299,10028,19144,8806,11929,8004,1,1,4736,6285,1.0,24:48,2015,2016
2015-16,202694,Marcus Morris Sr.,Marcus,1610612765,DET,Detroit Pistons,21501166,2016-04-06T00:00:00,DET @ ORL,W,33.0,3.0,0.0,0.0,2.0,20.0,16.0,9.0,40.0,0.0,0.0,2.0,6.0,24.6,1,1,1,1,5146,4307,10158,9917,12984,25338,25155,18829,983,8004,1,11390,873,8724,1.0,32:59,2015,2016
2015-16,202066,Garrett Temple,Garrett,1610612764,WAS,Washington Wizards,21501167,2016-04-06T00:00:00,WAS vs. BKN,W,28.8,2.0,0.0,2.0,0.0,9.0,7.0,17.0,26.0,0.0,1.0,2.0,3.0,35.2,1,1,1,1,8507,6026,10158,4675,18861,15771,15642,24967,7214,8004,17214,11390,4736,3745,1.0,28:50,2015,2016
2015-16,101162,Marcin Gortat,Marcin,1610612764,WAS,Washington Wizards,21501167,2016-04-06T00:00:00,WAS vs. BKN,W,25.4,0.0,2.0,2.0,10.0,12.0,16.0,9.0,30.0,4.0,0.0,2.0,2.0,43.9,1,1,1,1,11358,12059,4731,4675,1840,20178,25155,18829,4541,132,1,11390,7786,1573,1.0,25:25,2015,2016
2015-16,101108,Chris Paul,Chris,1610612746,LAC,LA Clippers,21501172,2016-04-06T00:00:00,LAC @ LAL,W,24.4,2.0,0.0,0.0,4.0,6.0,9.0,4.0,18.0,0.0,0.0,2.0,2.0,30.0,1,1,1,1,12177,6026,10158,9917,8599,10028,19144,8806,13577,8004,1,11390,7786,5840,1.0,24:26,2015,2016
2015-16,203083,Andre Drummond,Andre,1610612765,DET,Detroit Pistons,21501166,2016-04-06T00:00:00,DET @ ORL,W,33.3,0.0,1.0,0.0,10.0,17.0,17.0,11.0,38.0,4.0,1.0,1.0,3.0,46.7,1,1,1,1,4914,12059,9709,9917,1840,24337,25429,21342,1422,132,17214,4972,4736,1112,1.0,33:16,2015,2016
2015-16,202689,Kemba Walker,Kemba,1610612766,CHA,Charlotte Hornets,21501169,2016-04-06T00:00:00,CHA @ NYK,W,35.5,3.0,6.0,3.0,4.0,14.0,7.0,8.0,28.0,0.0,0.0,2.0,3.0,46.0,1,1,1,1,3184,4307,481,3302,8599,22292,15642,17194,5824,8004,1,11390,4736,1198,1.0,35:27,2015,2016
2015-16,101145,Monta Ellis,Monta,1610612754,IND,Indiana Pacers,21501165,2016-04-06T00:00:00,IND vs. CLE,W,32.6,3.0,2.0,3.0,6.0,13.0,6.0,6.0,22.0,0.0,1.0,2.0,2.0,32.2,1,1,1,1,5424,4307,4731,3302,5299,21300,13237,13388,10265,8004,17214,11390,7786,4846,1.0,32:36,2015,2016
2015-16,1626273,Marcelo Huertas,Marcelo,1610612747,LAL,Los Angeles Lakers,21501172,2016-04-06T00:00:00,LAL vs. LAC,L,28.4,0.0,0.0,0.0,4.0,9.0,12.0,3.0,16.0,0.0,0.0,0.0,3.0,13.9,1,13074,13074,13074,8879,12059,10158,9917,8599,15771,22832,7328,15259,8004,1,1,4736,16232,1.0,28:26,2015,2016
2015-16,203901,Elfrid Payton,Elfrid,1610612753,ORL,Orlando Magic,21501166,2016-04-06T00:00:00,ORL vs. DET,L,32.2,2.0,5.0,0.0,12.0,14.0,4.0,8.0,28.0,1.0,1.0,2.0,1.0,32.9,1,13074,13074,13074,5746,6026,995,9917,988,22292,8458,17194,5824,2692,17214,11390,12373,4566,1.0,32:10,2015,2016
2015-16,101139,CJ Miles,CJ,1610612754,IND,Indiana Pacers,21501165,2016-04-06T00:00:00,IND vs. CLE,W,24.2,3.0,0.0,0.0,2.0,8.0,6.0,6.0,20.0,0.0,0.0,2.0,1.0,27.6,1,1,1,1,12395,4307,10158,9917,12984,13914,13237,13388,11929,8004,1,11390,12373,7080,1.0,24:11,2015,2016
2015-16,202340,Avery Bradley,Avery,1610612738,BOS,Boston Celtics,21501168,2016-04-06T00:00:00,BOS vs. NOP,W,34.0,5.0,0.0,6.0,6.0,10.0,12.0,9.0,22.0,0.0,1.0,0.0,3.0,32.7,1,1,1,1,4352,1603,10158,740,5299,17370,22832,18829,10265,8004,17214,1,4736,4649,1.0,34:00,2015,2016
2015-16,101135,David Lee,David,1610612742,DAL,Dallas Mavericks,21501170,2016-04-06T00:00:00,DAL vs. HOU,W,19.8,0.0,4.0,0.0,8.0,6.0,8.0,5.0,20.0,0.0,0.0,4.0,0.0,22.6,1,1,1,1,16051,12059,1596,9917,3109,10028,17345,11593,11929,8004,1,22104,18762,10000,1.0,19:50,2015,2016
2015-16,203124,Kyle O'Quinn,Kyle,1610612752,NYK,New York Knicks,21501169,2016-04-06T00:00:00,NYK vs. CHA,L,12.9,0.0,0.0,0.0,2.0,2.0,3.0,0.0,10.0,2.0,0.0,3.0,0.0,14.0,1,13074,13074,13074,21035,12059,10158,9917,12984,2619,7138,1,20209,932,1,17641,18762,16166,1.0,12:53,2015,2016
2015-16,201973,Jonas Jerebko,Jonas,1610612738,BOS,Boston Celtics,21501168,2016-04-06T00:00:00,BOS vs. NOP,W,17.3,0.0,0.0,0.0,0.0,2.0,2.0,10.0,12.0,1.0,0.0,2.0,0.0,14.0,1,1,1,1,18083,12059,10158,9917,18861,2619,3734,20169,18637,2692,1,11390,18762,16166,1.0,17:15,2015,2016
2015-16,2210,Richard Jefferson,Richard,1610612739,CLE,Cleveland Cavaliers,21501165,2016-04-06T00:00:00,CLE @ IND,L,31.2,2.0,0.0,0.0,4.0,8.0,9.0,2.0,20.0,0.0,0.0,1.0,3.0,22.3,1,13074,13074,13074,6567,6026,10158,9917,8599,13914,19144,4025,11929,8004,1,4972,4736,10208,1.0,31:11,2015,2016
2015-16,201155,Rodney Stuckey,Rodney,1610612754,IND,Indiana Pacers,21501165,2016-04-06T00:00:00,IND vs. CLE,W,21.9,0.0,0.0,0.0,2.0,8.0,4.0,6.0,20.0,0.0,0.0,1.0,3.0,14.1,1,1,1,1,14231,12059,10158,9917,12984,13914,8458,13388,11929,8004,1,4972,4736,16094,1.0,21:57,2015,2016
2015-16,204025,Tim Frazier,Tim,1610612740,NOP,New Orleans Pelicans,21501168,2016-04-06T00:00:00,NOP @ BOS,L,33.8,0.0,0.0,4.0,8.0,20.0,12.0,14.0,36.0,1.0,0.0,3.0,3.0,38.0,1,13074,13074,13074,4479,12059,10158,1913,3109,25338,22832,23710,1943,2692,1,17641,4736,2903,1.0,33:50,2015,2016
2015-16,201567,Kevin Love,Kevin,1610612739,CLE,Cleveland Cavaliers,21501165,2016-04-06T00:00:00,CLE @ IND,L,18.5,3.0,2.0,0.0,0.0,6.0,10.0,6.0,26.0,0.0,1.0,3.0,5.0,28.0,1,13074,13074,13074,17069,4307,4731,9917,18861,10028,20509,13388,7214,8004,17214,17641,1539,6864,1.0,18:32,2015,2016
2015-16,2581,Steve Blake,Steve,1610612765,DET,Detroit Pistons,21501166,2016-04-06T00:00:00,DET @ ORL,W,16.2,0.0,0.0,0.0,0.0,7.0,7.0,2.0,12.0,0.0,0.0,1.0,1.0,13.4,1,1,1,1,18870,12059,10158,9917,18861,12242,15642,4025,18637,8004,1,4972,12373,16614,1.0,16:13,2015,2016
2015-16,201962,Toney Douglas,Toney,1610612740,NOP,New Orleans Pelicans,21501168,2016-04-06T00:00:00,NOP @ BOS,L,30.3,2.0,0.0,3.0,6.0,16.0,5.0,12.0,14.0,0.0,0.0,4.0,3.0,31.9,1,13074,13074,13074,7262,6026,10158,3302,5299,23774,11469,22259,17019,8004,1,22104,4736,4984,1.0,30:18,2015,2016
2015-16,201563,Michael Beasley,Michael,1610612745,HOU,Houston Rockets,21501170,2016-04-06T00:00:00,HOU @ DAL,L,21.4,6.0,4.0,0.0,8.0,9.0,5.0,3.0,10.0,0.0,1.0,3.0,2.0,22.1,1,13074,13074,13074,14701,878,1596,9917,3109,15771,11469,7328,20209,8004,17214,17641,7786,10332,1.0,21:24,2015,2016
2015-16,203490,Otto Porter Jr.,Otto,1610612764,WAS,Washington Wizards,21501167,2016-04-06T00:00:00,WAS vs. BKN,W,29.4,0.0,4.0,0.0,6.0,14.0,16.0,9.0,32.0,2.0,0.0,1.0,5.0,31.7,1,1,1,1,8034,12059,1596,9917,5299,22292,25155,18829,3535,932,1,4972,1539,5088,1.0,29:26,2015,2016
2015-16,201584,Courtney Lee,Courtney,1610612766,CHA,Charlotte Hornets,21501169,2016-04-06T00:00:00,CHA @ NYK,W,35.9,2.0,0.0,0.0,0.0,11.0,7.0,10.0,28.0,1.0,0.0,0.0,0.0,22.0,1,1,1,1,2859,6026,10158,9917,18861,18886,15642,20169,5824,2692,1,1,18762,10388,1.0,35:51,2015,2016
2015-16,202682,Derrick Williams,Derrick,1610612752,NYK,New York Knicks,21501169,2016-04-06T00:00:00,NYK vs. CHA,L,32.4,2.0,2.0,0.0,12.0,7.0,14.0,3.0,28.0,0.0,0.0,1.0,2.0,28.5,1,13074,13074,13074,5600,6026,4731,9917,988,12242,24300,7328,5824,8004,1,4972,7786,6613,1.0,32:22,2015,2016
2015-16,203962,Josh Huestis,Josh,1610612760,OKC,Oklahoma City Thunder,21501171,2016-04-06T00:00:00,OKC @ POR,L,21.0,0.0,0.0,0.0,0.0,0.0,2.0,6.0,22.0,1.0,0.0,0.0,1.0,17.2,1,13074,13074,13074,15093,12059,10158,9917,18861,1,3734,13388,10265,2692,1,1,12373,13725,1.0,20:57,2015,2016
2015-16,203081,Damian Lillard,Damian,1610612757,POR,Portland Trail Blazers,21501171,2016-04-06T00:00:00,POR vs. OKC,W,36.8,0.0,0.0,0.0,0.0,5.0,10.0,10.0,40.0,1.0,1.0,0.0,3.0,28.1,1,1,1,1,2221,12059,10158,9917,18861,8403,20509,20169,983,2692,17214,1,4736,6818,1.0,36:48,2015,2016
2015-16,2546,Carmelo Anthony,Carmelo,1610612752,NYK,New York Knicks,21501169,2016-04-06T00:00:00,NYK vs. CHA,L,37.8,0.0,0.0,0.0,2.0,10.0,17.0,1.0,30.0,2.0,0.0,4.0,5.0,39.7,1,13074,13074,13074,1581,12059,10158,9917,12984,17370,25429,3646,4541,932,1,22104,1539,2451,1.0,37:50,2015,2016
2015-16,202693,Markieff Morris,Markieff,1610612764,WAS,Washington Wizards,21501167,2016-04-06T00:00:00,WAS vs. BKN,W,27.8,0.0,0.0,0.0,8.0,14.0,16.0,7.0,30.0,0.0,1.0,1.0,1.0,17.4,1,1,1,1,9395,12059,10158,9917,3109,22292,25155,15538,4541,8004,17214,4972,12373,13595,1.0,27:47,2015,2016
2015-16,2756,Sasha Vujacic,Sasha,1610612752,NYK,New York Knicks,21501169,2016-04-06T00:00:00,NYK vs. CHA,L,25.2,5.0,5.0,3.0,2.0,5.0,13.0,0.0,18.0,0.0,0.0,2.0,1.0,21.8,1,13074,13074,13074,11515,1603,995,3302,12984,8403,23668,1,13577,8004,1,11390,12373,10526,1.0,25:13,2015,2016
2015-16,201599,DeAndre Jordan,DeAndre,1610612746,LAC,LA Clippers,21501172,2016-04-06T00:00:00,LAC @ LAL,W,27.2,0.0,4.0,2.0,14.0,7.0,13.0,5.0,24.0,4.0,1.0,2.0,4.0,38.2,1,1,1,1,9862,12059,1596,4675,542,12242,23668,11593,8723,132,17214,11390,2748,2854,1.0,27:11,2015,2016
2015-16,202332,Cole Aldrich,Cole,1610612746,LAC,LA Clippers,21501172,2016-04-06T00:00:00,LAC @ LAL,W,17.8,0.0,3.0,0.0,4.0,2.0,2.0,3.0,18.0,2.0,0.0,1.0,2.0,32.0,1,1,1,1,17684,12059,3104,9917,8599,2619,3734,7328,13577,932,1,4972,7786,4945,1.0,17:47,2015,2016
2015-16,203382,Aron Baynes,Aron,1610612765,DET,Detroit Pistons,21501166,2016-04-06T00:00:00,DET @ ORL,W,14.7,0.0,0.0,0.0,6.0,5.0,3.0,0.0,12.0,0.0,0.0,2.0,2.0,13.8,1,1,1,1,19994,12059,10158,9917,5299,8403,7138,1,18637,8004,1,11390,7786,16311,1.0,14:39,2015,2016
2015-16,1626163,Frank Kaminsky,Frank,1610612766,CHA,Charlotte Hornets,21501169,2016-04-06T00:00:00,CHA @ NYK,W,23.8,0.0,7.0,0.0,10.0,5.0,3.0,6.0,16.0,0.0,1.0,1.0,1.0,28.3,1,1,1,1,12744,12059,292,9917,1840,8403,7138,13388,15259,8004,17214,4972,12373,6720,1.0,23:48,2015,2016
2015-16,201167,Arron Afflalo,Arron,1610612752,NYK,New York Knicks,21501169,2016-04-06T00:00:00,NYK vs. CHA,L,29.9,0.0,0.0,0.0,2.0,7.0,7.0,4.0,32.0,0.0,0.0,1.0,1.0,17.5,1,13074,13074,13074,7636,12059,10158,9917,12984,12242,15642,8806,3535,8004,1,4972,12373,13528,1.0,29:53,2015,2016
2015-16,1626191,Chris McCullough,Chris,1610612751,BKN,Brooklyn Nets,21501167,2016-04-06T00:00:00,BKN @ WAS,L,24.6,5.0,2.0,2.0,4.0,9.0,6.0,9.0,36.0,1.0,0.0,2.0,2.0,33.1,1,13074,13074,13074,12068,1603,4731,4675,8599,15771,13237,18829,1943,2692,1,11390,7786,4505,1.0,24:33,2015,2016
2015-16,1626170,Jerian Grant,Jerian,1610612752,NYK,New York Knicks,21501169,2016-04-06T00:00:00,NYK vs. CHA,L,22.9,3.0,0.0,3.0,4.0,5.0,11.0,0.0,18.0,0.0,0.0,1.0,3.0,21.9,1,13074,13074,13074,13496,4307,10158,3302,8599,8403,21814,1,13577,8004,1,4972,4736,10460,1.0,22:51,2015,2016
2015-16,201976,Patrick Beverley,Patrick,1610612745,HOU,Houston Rockets,21501170,2016-04-06T00:00:00,HOU @ DAL,L,29.4,0.0,5.0,2.0,6.0,17.0,7.0,3.0,20.0,0.0,0.0,5.0,1.0,19.5,1,13074,13074,13074,8040,12059,995,4675,5299,24337,15642,7328,11929,8004,1,24686,12373,12096,1.0,29:25,2015,2016
2015-16,201160,Jason Smith,Jason,1610612753,ORL,Orlando Magic,21501166,2016-04-06T00:00:00,ORL vs. DET,L,15.8,2.0,0.0,0.0,0.0,4.0,0.0,0.0,12.0,2.0,0.0,3.0,1.0,25.8,1,13074,13074,13074,19178,6026,10158,9917,18861,6141,1,1,18637,932,1,17641,12373,8022,1.0,15:49,2015,2016
2015-16,1626209,Mario Hezonja,Mario,1610612753,ORL,Orlando Magic,21501166,2016-04-06T00:00:00,ORL vs. DET,L,20.4,2.0,0.0,0.0,4.0,7.0,4.0,7.0,18.0,1.0,0.0,1.0,0.0,19.1,1,13074,13074,13074,15556,6026,10158,9917,8599,12242,8458,15538,13577,2692,1,4972,18762,12372,1.0,20:25,2015,2016
2015-16,1626166,Cameron Payne,Cameron,1610612760,OKC,Oklahoma City Thunder,21501171,2016-04-06T00:00:00,OKC @ POR,L,30.9,1.0,0.0,0.0,2.0,9.0,8.0,13.0,28.0,0.0,2.0,2.0,1.0,23.2,1,13074,13074,13074,6818,11535,10158,9917,12984,15771,17345,23048,5824,8004,23588,11390,12373,9630,1.0,30:53,2015,2016
2015-16,203903,Jordan Clarkson,Jordan,1610612747,LAL,Los Angeles Lakers,21501172,2016-04-06T00:00:00,LAL vs. LAC,L,32.1,4.0,0.0,4.0,6.0,7.0,8.0,14.0,28.0,0.0,0.0,3.0,2.0,23.4,1,13074,13074,13074,5802,2460,10158,1913,5299,12242,17345,23710,5824,8004,1,17641,7786,9501,1.0,32:06,2015,2016
2015-16,201945,Gerald Henderson,Gerald,1610612757,POR,Portland Trail Blazers,21501171,2016-04-06T00:00:00,POR vs. OKC,W,14.5,0.0,0.0,0.0,0.0,4.0,10.0,0.0,14.0,0.0,0.0,2.0,1.0,14.4,1,1,1,1,20093,12059,10158,9917,18861,6141,20509,1,17019,8004,1,11390,12373,15857,1.0,14:31,2015,2016
2015-16,203156,Henry Sims,Henry,1610612751,BKN,Brooklyn Nets,21501167,2016-04-06T00:00:00,BKN @ WAS,L,20.2,2.0,0.0,0.0,2.0,4.0,8.0,7.0,30.0,1.0,0.0,3.0,0.0,22.9,1,13074,13074,13074,15729,6026,10158,9917,12984,6141,17345,15538,4541,2692,1,17641,18762,9811,1.0,20:12,2015,2016
2015-16,203930,Sean Kilpatrick,Sean,1610612751,BKN,Brooklyn Nets,21501167,2016-04-06T00:00:00,BKN @ WAS,L,25.6,2.0,3.0,2.0,4.0,9.0,8.0,9.0,42.0,0.0,0.0,3.0,3.0,14.7,1,13074,13074,13074,11192,6026,3104,4675,8599,15771,17345,18829,670,8004,1,17641,4736,15631,1.0,25:37,2015,2016
2015-16,201150,Spencer Hawes,Spencer,1610612766,CHA,Charlotte Hornets,21501169,2016-04-06T00:00:00,CHA @ NYK,W,17.8,1.0,0.0,1.0,2.0,2.0,4.0,2.0,16.0,1.0,0.0,0.0,2.0,9.9,1,1,1,1,17667,11535,10158,9347,12984,2619,8458,4025,15259,2692,1,1,7786,19247,1.0,17:48,2015,2016
2015-16,2772,Trevor Ariza,Trevor,1610612745,HOU,Houston Rockets,21501170,2016-04-06T00:00:00,HOU @ DAL,L,41.9,2.0,2.0,3.0,6.0,22.0,9.0,8.0,26.0,0.0,1.0,1.0,1.0,25.1,1,13074,13074,13074,324,6026,4731,3302,5299,25683,19144,17194,7214,8004,17214,4972,12373,8429,1.0,41:53,2015,2016
2015-16,201588,George Hill,George,1610612754,IND,Indiana Pacers,21501165,2016-04-06T00:00:00,IND vs. CLE,W,31.6,0.0,2.0,0.0,6.0,13.0,4.0,0.0,18.0,0.0,0.0,4.0,0.0,23.3,1,1,1,1,6226,12059,4731,9917,5299,21300,8458,1,13577,8004,1,22104,18762,9567,1.0,31:36,2015,2016
2015-16,2730,Dwight Howard,Dwight,1610612745,HOU,Houston Rockets,21501170,2016-04-06T00:00:00,HOU @ DAL,L,33.6,2.0,8.0,0.0,14.0,16.0,7.0,5.0,22.0,1.0,0.0,2.0,6.0,33.7,1,13074,13074,13074,4703,6026,137,9917,542,23774,15642,11593,10265,2692,1,11390,873,4280,1.0,33:34,2015,2016
2015-16,1718,Paul Pierce,Paul,1610612746,LAC,LA Clippers,21501172,2016-04-06T00:00:00,LAC @ LAL,W,20.2,2.0,3.0,0.0,0.0,1.0,4.0,2.0,16.0,0.0,0.0,3.0,1.0,10.2,1,1,1,1,15764,6026,3104,9917,18861,2356,8458,4025,15259,8004,1,17641,12373,19003,1.0,20:10,2015,2016
2015-16,203912,C.J. Wilcox,C.J.,1610612746,LAC,LA Clippers,21501172,2016-04-06T00:00:00,LAC @ LAL,W,25.1,0.0,0.0,0.0,0.0,3.0,6.0,5.0,24.0,0.0,0.0,1.0,1.0,19.2,1,1,1,1,11590,12059,10158,9917,18861,5109,13237,11593,8723,8004,1,4972,12373,12284,1.0,25:07,2015,2016
2015-16,203094,Andrew Nicholson,Andrew,1610612753,ORL,Orlando Magic,21501166,2016-04-06T00:00:00,ORL vs. DET,L,20.3,0.0,5.0,0.0,4.0,7.0,0.0,5.0,18.0,0.0,0.0,1.0,2.0,23.2,1,13074,13074,13074,15616,12059,995,9917,8599,12242,1,11593,13577,8004,1,4972,7786,9630,1.0,20:20,2015,2016
2015-16,203109,Jae Crowder,Jae,1610612738,BOS,Boston Celtics,21501168,2016-04-06T00:00:00,BOS vs. NOP,W,34.4,4.0,2.0,0.0,2.0,6.0,14.0,16.0,22.0,2.0,0.0,3.0,3.0,25.1,1,1,1,1,4025,2460,4731,9917,12984,10028,24300,24641,10265,932,1,17641,4736,8429,1.0,34:25,2015,2016
2015-16,101107,Marvin Williams,Marvin,1610612766,CHA,Charlotte Hornets,21501169,2016-04-06T00:00:00,CHA @ NYK,W,31.2,2.0,0.0,0.0,2.0,12.0,7.0,2.0,24.0,0.0,1.0,4.0,5.0,25.6,1,1,1,1,6588,6026,10158,9917,12984,20178,15642,4025,8723,8004,17214,22104,1539,8157,1.0,31:10,2015,2016
2015-16,203935,Marcus Smart,Marcus,1610612738,BOS,Boston Celtics,21501168,2016-04-06T00:00:00,BOS vs. NOP,W,32.9,2.0,0.0,2.0,6.0,10.0,12.0,18.0,22.0,2.0,0.0,4.0,4.0,33.8,1,1,1,1,5207,6026,10158,4675,5299,17370,22832,25228,10265,932,1,22104,2748,4244,1.0,32:54,2015,2016
2015-16,1626204,Larry Nance Jr.,Larry,1610612747,LAL,Los Angeles Lakers,21501172,2016-04-06T00:00:00,LAL vs. LAC,L,19.6,0.0,0.0,0.0,2.0,9.0,10.0,1.0,8.0,0.0,1.0,2.0,0.0,14.4,1,13074,13074,13074,16278,12059,10158,9917,12984,15771,20509,3646,21543,8004,17214,11390,18762,15857,1.0,19:33,2015,2016
2015-16,202697,Iman Shumpert,Iman,1610612739,CLE,Cleveland Cavaliers,21501165,2016-04-06T00:00:00,CLE @ IND,L,35.0,0.0,0.0,0.0,0.0,11.0,12.0,8.0,36.0,0.0,0.0,4.0,2.0,10.1,1,13074,13074,13074,3534,12059,10158,9917,18861,18886,22832,17194,1943,8004,1,22104,7786,19105,1.0,35:00,2015,2016
2015-16,203079,Dion Waiters,Dion,1610612760,OKC,Oklahoma City Thunder,21501171,2016-04-06T00:00:00,OKC @ POR,L,38.5,4.0,2.0,5.0,12.0,15.0,2.0,15.0,34.0,0.0,0.0,2.0,5.0,33.3,1,13074,13074,13074,1252,2460,4731,1277,988,23079,3734,24242,2701,8004,1,11390,1539,4423,1.0,38:32,2015,2016
2015-16,203900,Markel Brown,Markel,1610612751,BKN,Brooklyn Nets,21501167,2016-04-06T00:00:00,BKN @ WAS,L,22.6,3.0,0.0,6.0,8.0,6.0,6.0,9.0,34.0,1.0,1.0,0.0,4.0,19.2,1,13074,13074,13074,13661,4307,10158,740,3109,10028,13237,18829,2701,2692,17214,1,2748,12284,1.0,22:38,2015,2016
2015-16,2734,Devin Harris,Devin,1610612742,DAL,Dallas Mavericks,21501170,2016-04-06T00:00:00,DAL vs. HOU,W,31.2,2.0,0.0,3.0,2.0,8.0,17.0,5.0,28.0,0.0,1.0,2.0,2.0,14.3,1,1,1,1,6563,6026,10158,3302,12984,13914,25429,11593,5824,8004,17214,11390,7786,15948,1.0,31:12,2015,2016
2015-16,203944,Julius Randle,Julius,1610612747,LAL,Los Angeles Lakers,21501172,2016-04-06T00:00:00,LAL vs. LAC,L,26.7,2.0,2.0,3.0,4.0,2.0,2.0,13.0,26.0,0.0,1.0,2.0,1.0,33.5,1,13074,13074,13074,10287,6026,4731,3302,8599,2619,3734,23048,7214,8004,17214,11390,12373,4348,1.0,26:41,2015,2016
2015-16,1626257,Salah Mejri,Salah,1610612742,DAL,Dallas Mavericks,21501170,2016-04-06T00:00:00,DAL vs. HOU,W,15.9,0.0,0.0,0.0,4.0,4.0,11.0,0.0,14.0,3.0,0.0,2.0,2.0,19.5,1,1,1,1,19139,12059,10158,9917,8599,6141,21814,1,17019,347,1,11390,7786,12096,1.0,15:52,2015,2016
2015-16,203143,Pablo Prigioni,Pablo,1610612746,LAC,LA Clippers,21501172,2016-04-06T00:00:00,LAC @ LAL,W,24.1,0.0,0.0,0.0,4.0,3.0,6.0,5.0,24.0,0.0,0.0,3.0,0.0,14.8,1,1,1,1,12442,12059,10158,9917,8599,5109,13237,11593,8723,8004,1,17641,18762,15561,1.0,24:07,2015,2016
2015-16,202334,Ed Davis,Ed,1610612757,POR,Portland Trail Blazers,21501171,2016-04-06T00:00:00,POR vs. OKC,W,17.6,0.0,4.0,0.0,6.0,9.0,8.0,7.0,16.0,1.0,0.0,5.0,1.0,23.6,1,1,1,1,17803,12059,1596,9917,5299,15771,17345,15538,15259,2692,1,24686,12373,9377,1.0,17:39,2015,2016
2015-16,203909,KJ McDaniels,KJ,1610612745,HOU,Houston Rockets,21501170,2016-04-06T00:00:00,HOU @ DAL,L,15.4,2.0,0.0,4.0,4.0,8.0,2.0,2.0,12.0,0.0,0.0,0.0,0.0,10.2,1,13074,13074,13074,19495,6026,10158,1913,8599,13914,3734,4025,18637,8004,1,1,18762,19003,1.0,15:22,2015,2016
2015-16,204038,Langston Galloway,Langston,1610612752,NYK,New York Knicks,21501169,2016-04-06T00:00:00,NYK vs. CHA,L,25.2,2.0,0.0,2.0,4.0,7.0,6.0,4.0,26.0,0.0,2.0,1.0,0.0,23.1,1,13074,13074,13074,11557,6026,10158,4675,8599,12242,13237,8806,7214,8004,23588,4972,18762,9699,1.0,25:09,2015,2016
2015-16,202391,Jeremy Lin,Jeremy,1610612766,CHA,Charlotte Hornets,21501169,2016-04-06T00:00:00,CHA @ NYK,W,33.0,0.0,0.0,0.0,0.0,12.0,6.0,10.0,28.0,0.0,1.0,1.0,2.0,14.5,1,1,1,1,5127,12059,10158,9917,18861,20178,13237,20169,5824,8004,17214,4972,7786,15799,1.0,33:00,2015,2016
2015-16,203991,Clint Capela,Clint,1610612745,HOU,Houston Rockets,21501170,2016-04-06T00:00:00,HOU @ DAL,L,12.3,0.0,0.0,0.0,2.0,6.0,4.0,3.0,8.0,1.0,0.0,1.0,1.0,14.3,1,13074,13074,13074,21391,12059,10158,9917,12984,10028,8458,7328,21543,2692,1,4972,12373,15948,1.0,12:17,2015,2016
2015-16,202730,Lavoy Allen,Lavoy,1610612754,IND,Indiana Pacers,21501165,2016-04-06T00:00:00,IND vs. CLE,W,20.8,1.0,0.0,1.0,6.0,2.0,2.0,0.0,12.0,0.0,0.0,3.0,1.0,10.2,1,1,1,1,15193,11535,10158,9347,5299,2619,3734,1,18637,8004,1,17641,12373,19003,1.0,20:51,2015,2016
2015-16,202704,Reggie Jackson,Reggie,1610612765,DET,Detroit Pistons,21501166,2016-04-06T00:00:00,DET @ ORL,W,31.8,7.0,0.0,2.0,8.0,15.0,13.0,9.0,40.0,1.0,3.0,1.0,6.0,34.8,1,1,1,1,6085,548,10158,4675,3109,23079,23668,18829,983,2692,25441,4972,873,3891,1.0,31:47,2015,2016
2015-16,201961,Wayne Ellington,Wayne,1610612751,BKN,Brooklyn Nets,21501167,2016-04-06T00:00:00,BKN @ WAS,L,23.8,3.0,3.0,6.0,0.0,2.0,12.0,7.0,30.0,0.0,0.0,2.0,0.0,20.8,1,13074,13074,13074,12727,4307,3104,740,18861,2619,22832,15538,4541,8004,1,11390,18762,11195,1.0,23:50,2015,2016
2015-16,201941,Jordan Hill,Jordan,1610612754,IND,Indiana Pacers,21501165,2016-04-06T00:00:00,IND vs. CLE,W,8.9,0.0,2.0,0.0,4.0,6.0,4.0,6.0,10.0,0.0,0.0,1.0,0.0,12.9,1,1,1,1,22876,12059,4731,9917,8599,10028,8458,13388,20209,8004,1,4972,18762,17049,1.0,8:54,2015,2016
2015-16,201967,Dante Cunningham,Dante,1610612740,NOP,New Orleans Pelicans,21501168,2016-04-06T00:00:00,NOP @ BOS,L,31.0,0.0,0.0,2.0,0.0,18.0,2.0,12.0,22.0,1.0,1.0,5.0,1.0,13.1,1,13074,13074,13074,6740,12059,10158,4675,18861,24749,3734,22259,10265,2692,17214,24686,12373,16874,1.0,30:58,2015,2016
2015-16,201943,Brandon Jennings,Brandon,1610612753,ORL,Orlando Magic,21501166,2016-04-06T00:00:00,ORL vs. DET,L,15.7,3.0,0.0,0.0,2.0,7.0,0.0,5.0,16.0,0.0,0.0,2.0,0.0,8.5,1,13074,13074,13074,19265,4307,10158,9917,12984,12242,1,11593,15259,8004,1,11390,18762,20215,1.0,15:42,2015,2016
2015-16,101112,Channing Frye,Channing,1610612739,CLE,Cleveland Cavaliers,21501165,2016-04-06T00:00:00,CLE @ IND,L,20.6,0.0,4.0,0.0,0.0,8.0,0.0,2.0,14.0,0.0,0.0,3.0,4.0,16.6,1,13074,13074,13074,15371,12059,1596,9917,18861,13914,1,4025,17019,8004,1,17641,2748,14125,1.0,20:37,2015,2016
2015-16,203932,Aaron Gordon,Aaron,1610612753,ORL,Orlando Magic,21501166,2016-04-06T00:00:00,ORL vs. DET,L,32.3,2.0,4.0,2.0,4.0,14.0,4.0,8.0,26.0,1.0,0.0,1.0,2.0,21.2,1,13074,13074,13074,5669,6026,1596,4675,8599,22292,8458,17194,7214,2692,1,4972,7786,10936,1.0,32:17,2015,2016
2015-16,202684,Tristan Thompson,Tristan,1610612739,CLE,Cleveland Cavaliers,21501165,2016-04-06T00:00:00,CLE @ IND,L,22.5,0.0,2.0,0.0,8.0,11.0,3.0,5.0,14.0,0.0,0.0,1.0,1.0,13.0,1,13074,13074,13074,13793,12059,4731,9917,3109,18886,7138,11593,17019,8004,1,4972,12373,16969,1.0,22:27,2015,2016
2015-16,203482,Kelly Olynyk,Kelly,1610612738,BOS,Boston Celtics,21501168,2016-04-06T00:00:00,BOS vs. NOP,W,11.5,2.0,3.0,2.0,2.0,2.0,2.0,5.0,10.0,0.0,0.0,2.0,1.0,13.0,1,1,1,1,21836,6026,3104,4675,12984,2619,3734,11593,20209,8004,1,11390,12373,16969,1.0,11:29,2015,2016
2015-16,1626156,D'Angelo Russell,D'Angelo,1610612747,LAL,Los Angeles Lakers,21501172,2016-04-06T00:00:00,LAL vs. LAC,L,35.5,0.0,0.0,1.0,4.0,6.0,8.0,15.0,32.0,0.0,1.0,1.0,4.0,17.9,1,13074,13074,13074,3165,12059,10158,9347,8599,10028,17345,24242,3535,8004,17214,4972,2748,13229,1.0,35:28,2015,2016
2015-16,2585,Zaza Pachulia,Zaza,1610612742,DAL,Dallas Mavericks,21501170,2016-04-06T00:00:00,DAL vs. HOU,W,24.3,2.0,2.0,0.0,6.0,10.0,12.0,12.0,30.0,0.0,0.0,2.0,1.0,20.9,1,1,1,1,12278,6026,4731,9917,5299,17370,22832,22259,4541,8004,1,11390,12373,11132,1.0,24:20,2015,2016
2015-16,203521,Matthew Dellavedova,Matthew,1610612739,CLE,Cleveland Cavaliers,21501165,2016-04-06T00:00:00,CLE @ IND,L,21.5,2.0,0.0,0.0,2.0,8.0,0.0,2.0,16.0,0.0,0.0,1.0,2.0,12.6,1,13074,13074,13074,14601,6026,10158,9917,12984,13914,1,4025,15259,8004,1,4972,7786,17277,1.0,21:29,2015,2016
2015-16,1626147,Justin Anderson,Justin,1610612742,DAL,Dallas Mavericks,21501170,2016-04-06T00:00:00,DAL vs. HOU,W,20.1,0.0,0.0,0.0,2.0,6.0,10.0,9.0,22.0,1.0,0.0,1.0,2.0,12.6,1,1,1,1,15828,12059,10158,9917,12984,10028,20509,18829,10265,2692,1,4972,7786,17277,1.0,20:07,2015,2016
2015-16,203096,Jared Sullinger,Jared,1610612738,BOS,Boston Celtics,21501168,2016-04-06T00:00:00,BOS vs. NOP,W,21.0,2.0,0.0,0.0,0.0,0.0,4.0,5.0,6.0,0.0,0.0,0.0,2.0,21.2,1,1,1,1,15054,6026,10158,9917,18861,1,8458,11593,22724,8004,1,1,7786,10936,1.0,21:00,2015,2016
2015-16,1626178,Rondae Hollis-Jefferson,Rondae,1610612751,BKN,Brooklyn Nets,21501167,2016-04-06T00:00:00,BKN @ WAS,L,23.9,2.0,2.0,2.0,2.0,5.0,10.0,7.0,30.0,0.0,1.0,3.0,1.0,18.1,1,13074,13074,13074,12630,6026,4731,4675,12984,8403,20509,15538,4541,8004,17214,17641,12373,13090,1.0,23:55,2015,2016
2015-16,2592,James Jones,James,1610612739,CLE,Cleveland Cavaliers,21501165,2016-04-06T00:00:00,CLE @ IND,L,5.1,0.0,0.0,0.0,0.0,0.0,2.0,0.0,4.0,1.0,0.0,0.0,1.0,8.0,1,13074,13074,13074,24317,12059,10158,9917,18861,1,3734,1,23698,2692,1,1,12373,20564,1.0,5:08,2015,2016
2015-16,200751,Randy Foye,Randy,1610612760,OKC,Oklahoma City Thunder,21501171,2016-04-06T00:00:00,OKC @ POR,L,36.7,0.0,2.0,0.0,4.0,12.0,6.0,13.0,36.0,0.0,2.0,4.0,2.0,21.6,1,13074,13074,13074,2285,12059,4731,9917,8599,20178,13237,23048,1943,8004,23588,22104,7786,10666,1.0,36:42,2015,2016
2015-16,203963,Shayne Whittington,Shayne,1610612754,IND,Indiana Pacers,21501165,2016-04-06T00:00:00,IND vs. CLE,W,3.5,0.0,0.0,0.0,0.0,0.0,0.0,0.0,2.0,0.0,0.0,1.0,0.0,2.7,1,1,1,1,24946,12059,10158,9917,18861,1,1,1,24614,8004,1,4972,18762,23884,1.0,3:27,2015,2016
2015-16,203943,Noah Vonleh,Noah,1610612757,POR,Portland Trail Blazers,21501171,2016-04-06T00:00:00,POR vs. OKC,W,4.4,0.0,0.0,0.0,0.0,4.0,2.0,5.0,6.0,0.0,0.0,0.0,0.0,2.4,1,1,1,1,24571,12059,10158,9917,18861,6141,3734,11593,22724,8004,1,1,18762,24024,1.0,4:27,2015,2016
2015-16,204028,Tarik Black,Tarik,1610612747,LAL,Los Angeles Lakers,21501172,2016-04-06T00:00:00,LAL vs. LAC,L,16.7,1.0,4.0,1.0,8.0,7.0,8.0,1.0,8.0,0.0,0.0,2.0,3.0,16.0,1,13074,13074,13074,18508,11535,1596,9347,3109,12242,17345,3646,21543,8004,1,11390,4736,14590,1.0,16:41,2015,2016
2015-16,2747,JR Smith,JR,1610612739,CLE,Cleveland Cavaliers,21501165,2016-04-06T00:00:00,CLE @ IND,L,24.1,0.0,0.0,0.0,2.0,10.0,13.0,10.0,34.0,1.0,0.0,2.0,1.0,16.0,1,13074,13074,13074,12491,12059,10158,9917,12984,17370,23668,20169,2701,2692,1,11390,12373,14590,1.0,24:04,2015,2016
2015-16,203092,Tyler Zeller,Tyler,1610612738,BOS,Boston Celtics,21501168,2016-04-06T00:00:00,BOS vs. NOP,W,6.5,0.0,0.0,0.0,2.0,0.0,0.0,5.0,2.0,0.0,0.0,0.0,1.0,8.1,1,1,1,1,23737,12059,10158,9917,12984,1,1,11593,24614,8004,1,1,12373,20521,1.0,6:32,2015,2016
2015-16,1717,Dirk Nowitzki,Dirk,1610612742,DAL,Dallas Mavericks,21501170,2016-04-06T00:00:00,DAL vs. HOU,W,32.6,0.0,0.0,0.0,0.0,8.0,17.0,11.0,30.0,0.0,0.0,3.0,4.0,18.7,1,1,1,1,5405,12059,10158,9917,18861,13914,25429,21342,4541,8004,1,17641,2748,12648,1.0,32:38,2015,2016
2015-16,203921,Cleanthony Early,Cleanthony,1610612752,NYK,New York Knicks,21501169,2016-04-06T00:00:00,NYK vs. CHA,L,11.4,0.0,0.0,2.0,4.0,5.0,0.0,4.0,16.0,0.0,0.0,0.0,0.0,7.8,1,13074,13074,13074,21862,12059,10158,4675,8599,8403,1,8806,15259,8004,1,1,18762,20696,1.0,11:25,2015,2016
2015-16,203087,Jeremy Lamb,Jeremy,1610612766,CHA,Charlotte Hornets,21501169,2016-04-06T00:00:00,CHA @ NYK,W,14.9,0.0,0.0,0.0,2.0,0.0,2.0,2.0,12.0,1.0,0.0,1.0,1.0,11.2,1,1,1,1,19800,12059,10158,9917,12984,1,3734,4025,18637,2692,1,4972,12373,18267,1.0,14:56,2015,2016
2015-16,203148,Brian Roberts,Brian,1610612757,POR,Portland Trail Blazers,21501171,2016-04-06T00:00:00,POR vs. OKC,W,11.3,0.0,0.0,0.0,0.0,5.0,7.0,7.0,18.0,0.0,0.0,2.0,0.0,1.2,1,1,1,1,21899,12059,10158,9917,18861,8403,15642,15538,13577,8004,1,11390,18762,24661,1.0,11:20,2015,2016
2015-16,201619,Sasha Kaun,Sasha,1610612739,CLE,Cleveland Cavaliers,21501165,2016-04-06T00:00:00,CLE @ IND,L,5.1,0.0,0.0,0.0,2.0,0.0,2.0,0.0,4.0,0.0,0.0,0.0,0.0,5.6,1,13074,13074,13074,24317,12059,10158,9917,12984,1,3734,1,23698,8004,1,1,18762,22133,1.0,5:08,2015,2016
2015-16,201601,Luc Mbah a Moute,Luc,1610612746,LAC,LA Clippers,21501172,2016-04-06T00:00:00,LAC @ LAL,W,20.9,0.0,0.0,2.0,2.0,6.0,9.0,4.0,18.0,0.0,0.0,3.0,0.0,11.2,1,1,1,1,15124,12059,10158,4675,12984,10028,19144,8806,13577,8004,1,17641,18762,18267,1.0,20:55,2015,2016
2015-16,2555,Nick Collison,Nick,1610612760,OKC,Oklahoma City Thunder,21501171,2016-04-06T00:00:00,OKC @ POR,L,9.4,0.0,0.0,0.0,0.0,0.0,2.0,6.0,14.0,0.0,0.0,1.0,2.0,6.0,1,13074,13074,13074,22657,12059,10158,9917,18861,1,3734,13388,17019,8004,1,4972,7786,21878,1.0,9:26,2015,2016
2015-16,201145,Jeff Green,Jeff,1610612746,LAC,LA Clippers,21501172,2016-04-06T00:00:00,LAC @ LAL,W,14.2,3.0,0.0,1.0,2.0,1.0,4.0,1.0,12.0,0.0,0.0,0.0,2.0,11.4,1,1,1,1,20284,4307,10158,9347,12984,2356,8458,3646,18637,8004,1,1,7786,18134,1.0,14:12,2015,2016
2015-16,203895,Jordan McRae,Jordan,1610612739,CLE,Cleveland Cavaliers,21501165,2016-04-06T00:00:00,CLE @ IND,L,5.1,0.0,0.0,0.0,0.0,0.0,2.0,0.0,4.0,0.0,0.0,0.0,0.0,1.5,1,13074,13074,13074,24317,12059,10158,9917,18861,1,3734,1,23698,8004,1,1,18762,24473,1.0,5:08,2015,2016
2015-16,2570,Kendrick Perkins,Kendrick,1610612740,NOP,New Orleans Pelicans,21501168,2016-04-06T00:00:00,NOP @ BOS,L,19.0,0.0,2.0,0.0,2.0,9.0,3.0,10.0,14.0,0.0,1.0,0.0,2.0,5.8,1,13074,13074,13074,16684,12059,4731,9917,12984,15771,7138,20169,17019,8004,17214,1,7786,22018,1.0,19:01,2015,2016
2015-16,203922,Glenn Robinson III,Glenn,1610612754,IND,Indiana Pacers,21501165,2016-04-06T00:00:00,IND vs. CLE,W,3.5,0.0,0.0,0.0,0.0,0.0,0.0,0.0,2.0,0.0,0.0,0.0,0.0,1.5,1,1,1,1,24946,12059,10158,9917,18861,1,1,1,24614,8004,1,1,18762,24473,1.0,3:27,2015,2016
2015-16,1626183,Branden Dawson,Branden,1610612746,LAC,LA Clippers,21501172,2016-04-06T00:00:00,LAC @ LAL,W,6.1,0.0,0.0,0.0,0.0,2.0,2.0,4.0,6.0,0.0,0.0,0.0,0.0,1.2,1,1,1,1,23933,12059,10158,9917,18861,2619,3734,8806,22724,8004,1,1,18762,24661,1.0,6:04,2015,2016
2015-16,1891,Jason Terry,Jason,1610612745,HOU,Houston Rockets,21501170,2016-04-06T00:00:00,HOU @ DAL,L,17.4,0.0,0.0,0.0,2.0,5.0,4.0,5.0,12.0,0.0,0.0,0.0,1.0,6.2,1,13074,13074,13074,18002,12059,10158,9917,12984,8403,8458,11593,18637,8004,1,1,12373,21696,1.0,17:21,2015,2016
2015-16,203473,Dewayne Dedmon,Dewayne,1610612753,ORL,Orlando Magic,21501166,2016-04-06T00:00:00,ORL vs. DET,L,4.8,0.0,0.0,0.0,0.0,6.0,0.0,0.0,4.0,1.0,0.0,0.0,1.0,5.4,1,13074,13074,13074,24418,12059,10158,9917,18861,10028,1,1,23698,2692,1,1,12373,22242,1.0,4:50,2015,2016
2015-16,202338,Kevin Seraphin,Kevin,1610612752,NYK,New York Knicks,21501169,2016-04-06T00:00:00,NYK vs. CHA,L,3.1,0.0,0.0,0.0,0.0,2.0,0.0,0.0,2.0,0.0,0.0,0.0,0.0,1.2,1,13074,13074,13074,25102,12059,10158,9917,18861,2619,1,1,24614,8004,1,1,18762,24661,1.0,3:04,2015,2016
2015-16,2419,Tayshaun Prince,Tayshaun,1610612750,MIN,Minnesota Timberwolves,21501163,2016-04-05T00:00:00,MIN @ GSW,W,6.7,0.0,0.0,0.0,0.0,0.0,2.0,2.0,4.0,0.0,0.0,1.0,0.0,1.2,1,1,1,1,23680,12059,10158,9917,18861,1,3734,4025,23698,8004,1,4972,18762,24661,1.0,6:42,2015,2016
2015-16,201166,Aaron Brooks,Aaron,1610612741,CHI,Chicago Bulls,21501158,2016-04-05T00:00:00,CHI @ MEM,L,12.5,0.0,0.0,0.0,0.0,15.0,4.0,2.0,18.0,0.0,0.0,0.0,1.0,6.0,1,13074,13074,13074,21300,12059,10158,9917,18861,23079,8458,4025,13577,8004,1,1,12373,21878,1.0,12:27,2015,2016
2015-16,2555,Nick Collison,Nick,1610612760,OKC,Oklahoma City Thunder,21501160,2016-04-05T00:00:00,OKC @ DEN,W,6.7,0.0,0.0,0.0,0.0,5.0,2.0,5.0,4.0,1.0,0.0,0.0,0.0,10.7,1,1,1,1,23694,12059,10158,9917,18861,8403,3734,11593,23698,2692,1,1,18762,18636,1.0,6:39,2015,2016
2015-16,2449,Luis Scola,Luis,1610612761,TOR,Toronto Raptors,21501156,2016-04-05T00:00:00,TOR vs. CHA,W,15.2,0.0,0.0,0.0,4.0,1.0,1.0,0.0,4.0,0.0,0.0,1.0,1.0,6.2,1,1,1,1,19627,12059,10158,9917,8599,2356,3393,1,23698,8004,1,4972,12373,21696,1.0,15:11,2015,2016
2015-16,201978,Chase Budinger,Chase,1610612756,PHX,Phoenix Suns,21501157,2016-04-05T00:00:00,PHX @ ATL,L,6.7,0.0,0.0,0.0,2.0,4.0,3.0,2.0,4.0,0.0,0.0,1.0,1.0,6.2,1,13074,13074,13074,23659,12059,10158,9917,12984,6141,7138,4025,23698,8004,1,4972,12373,21696,1.0,6:44,2015,2016
2015-16,202341,James Anderson,James,1610612758,SAC,Sacramento Kings,21501162,2016-04-05T00:00:00,SAC vs. POR,L,36.3,0.0,0.0,0.0,0.0,22.0,22.0,7.0,26.0,1.0,0.0,2.0,1.0,11.2,1,13074,13074,13074,2520,12059,10158,9917,18861,25683,25991,15538,7214,2692,1,11390,12373,18267,1.0,36:20,2015,2016
2015-16,202713,Kyle Singler,Kyle,1610612760,OKC,Oklahoma City Thunder,21501160,2016-04-05T00:00:00,OKC @ DEN,W,14.1,0.0,0.0,0.0,0.0,3.0,4.0,7.0,12.0,0.0,0.0,2.0,0.0,1.4,1,1,1,1,20379,12059,10158,9917,18861,5109,8458,15538,18637,8004,1,11390,18762,24615,1.0,14:03,2015,2016
2015-16,1626210,Alan Williams,Alan,1610612756,PHX,Phoenix Suns,21501157,2016-04-05T00:00:00,PHX @ ATL,L,7.3,0.0,1.0,0.0,0.0,2.0,0.0,2.0,4.0,0.0,0.0,1.0,1.0,6.1,1,13074,13074,13074,23448,12059,9709,9917,18861,2619,1,4025,23698,8004,1,4972,12373,21845,1.0,7:20,2015,2016
2015-16,203089,John Henson,John,1610612749,MIL,Milwaukee Bucks,21501159,2016-04-05T00:00:00,MIL vs. CLE,L,6.7,0.0,0.0,0.0,0.0,0.0,0.0,0.0,2.0,0.0,0.0,1.0,1.0,1.5,1,13074,13074,13074,23694,12059,10158,9917,18861,1,1,1,24614,8004,1,4972,12373,24473,1.0,6:39,2015,2016
2015-16,2617,Udonis Haslem,Udonis,1610612748,MIA,Miami Heat,21501155,2016-04-05T00:00:00,MIA vs. DET,W,5.0,0.0,0.0,0.0,0.0,0.0,2.0,0.0,4.0,0.0,0.0,0.0,1.0,5.6,1,1,1,1,24378,12059,10158,9917,18861,1,3734,1,23698,8004,1,1,12373,22133,1.0,4:58,2015,2016
2015-16,2592,James Jones,James,1610612739,CLE,Cleveland Cavaliers,21501159,2016-04-05T00:00:00,CLE @ MIL,W,8.6,0.0,0.0,0.0,0.0,0.0,4.0,0.0,4.0,0.0,0.0,0.0,0.0,6.0,1,1,1,1,23004,12059,10158,9917,18861,1,8458,1,23698,8004,1,1,18762,21878,1.0,8:34,2015,2016
2015-16,2037,Jamal Crawford,Jamal,1610612746,LAC,LA Clippers,21501164,2016-04-05T00:00:00,LAC vs. LAL,W,18.2,0.0,0.0,0.0,2.0,10.0,2.0,11.0,16.0,0.0,0.0,2.0,3.0,5.5,1,1,1,1,17388,12059,10158,9917,12984,17370,3734,21342,15259,8004,1,11390,4736,22196,1.0,18:09,2015,2016
2015-16,201933,Blake Griffin,Blake,1610612746,LAC,LA Clippers,21501164,2016-04-05T00:00:00,LAC vs. LAL,W,16.8,2.0,0.0,2.0,2.0,2.0,0.0,5.0,2.0,0.0,0.0,0.0,2.0,11.1,1,1,1,1,18417,6026,10158,4675,12984,2619,1,11593,24614,8004,1,1,7786,18370,1.0,16:48,2015,2016
2015-16,203926,Doug McDermott,Doug,1610612741,CHI,Chicago Bulls,21501158,2016-04-05T00:00:00,CHI @ MEM,L,24.4,2.0,0.0,0.0,4.0,25.0,9.0,4.0,28.0,0.0,0.0,4.0,0.0,10.7,1,13074,13074,13074,12241,6026,10158,9917,8599,25944,19144,8806,5824,8004,1,22104,18762,18636,1.0,24:22,2015,2016
2015-16,203118,Mike Scott,Mike,1610612737,ATL,Atlanta Hawks,21501157,2016-04-05T00:00:00,ATL vs. PHX,W,15.6,0.0,0.0,0.0,2.0,3.0,1.0,2.0,12.0,0.0,1.0,1.0,0.0,6.4,1,1,1,1,19321,12059,10158,9917,12984,5109,3393,4025,18637,8004,17214,4972,18762,21589,1.0,15:38,2015,2016
2015-16,202702,Kenneth Faried,Kenneth,1610612743,DEN,Denver Nuggets,21501160,2016-04-05T00:00:00,DEN vs. OKC,L,22.8,0.0,0.0,0.0,2.0,9.0,7.0,20.0,32.0,0.0,0.0,3.0,3.0,11.4,1,13074,13074,13074,13553,12059,10158,9917,12984,15771,15642,25599,3535,8004,1,17641,4736,18134,1.0,22:46,2015,2016
2015-16,1882,Elton Brand,Elton,1610612755,PHI,Philadelphia 76ers,21501154,2016-04-05T00:00:00,PHI vs. NOP,W,11.1,0.0,0.0,0.0,2.0,5.0,2.0,0.0,4.0,0.0,0.0,1.0,0.0,5.8,1,1,1,1,21985,12059,10158,9917,12984,8403,3734,1,23698,8004,1,4972,18762,22018,1.0,11:06,2015,2016
2015-16,201627,Anthony Morrow,Anthony,1610612760,OKC,Oklahoma City Thunder,21501160,2016-04-05T00:00:00,OKC @ DEN,W,23.6,0.0,0.0,3.0,0.0,9.0,9.0,13.0,26.0,0.0,0.0,2.0,0.0,10.5,1,1,1,1,12884,12059,10158,3302,18861,15771,19144,23048,7214,8004,1,11390,18762,18808,1.0,23:37,2015,2016
2015-16,201574,Jason Thompson,Jason,1610612761,TOR,Toronto Raptors,21501156,2016-04-05T00:00:00,TOR vs. CHA,W,4.6,0.0,0.0,0.0,0.0,2.0,2.0,3.0,2.0,1.0,0.0,0.0,0.0,5.7,1,1,1,1,24519,12059,10158,9917,18861,2619,3734,7328,24614,2692,1,1,18762,22054,1.0,4:34,2015,2016
2015-16,2571,Leandro Barbosa,Leandro,1610612744,GSW,Golden State Warriors,21501163,2016-04-05T00:00:00,GSW vs. MIN,L,12.6,2.0,0.0,2.0,2.0,9.0,0.0,15.0,12.0,0.0,2.0,1.0,1.0,6.4,1,13074,13074,13074,21190,6026,10158,4675,12984,15771,1,24242,18637,8004,23588,4972,12373,21589,1.0,12:38,2015,2016
2015-16,203105,Festus Ezeli,Festus,1610612744,GSW,Golden State Warriors,21501163,2016-04-05T00:00:00,GSW vs. MIN,L,4.6,0.0,0.0,0.0,0.0,5.0,0.0,4.0,4.0,0.0,0.0,1.0,0.0,1.2,1,13074,13074,13074,24519,12059,10158,9917,18861,8403,1,8806,23698,8004,1,4972,18762,24661,1.0,4:34,2015,2016
2015-16,201202,Joel Anthony,Joel,1610612765,DET,Detroit Pistons,21501155,2016-04-05T00:00:00,DET @ MIA,L,3.9,0.0,0.0,0.0,0.0,1.0,0.0,1.0,2.0,0.0,0.0,0.0,0.0,1.2,1,13074,13074,13074,24734,12059,10158,9917,18861,2356,1,3646,24614,8004,1,1,18762,24661,1.0,3:55,2015,2016
2015-16,2743,Kris Humphries,Kris,1610612737,ATL,Atlanta Hawks,21501157,2016-04-05T00:00:00,ATL vs. PHX,W,10.5,0.0,0.0,0.0,2.0,2.0,2.0,7.0,10.0,0.0,0.0,0.0,0.0,5.7,1,1,1,1,22211,12059,10158,9917,12984,2619,3734,15538,20209,8004,1,1,18762,22054,1.0,10:33,2015,2016
2015-16,2588,Matt Bonner,Matt,1610612759,SAS,San Antonio Spurs,21501161,2016-04-05T00:00:00,SAS @ UTA,W,6.2,0.0,0.0,0.0,0.0,2.0,3.0,2.0,4.0,0.0,1.0,0.0,0.0,0.0,1,1,1,1,23868,12059,10158,9917,18861,2619,7138,4025,23698,8004,17214,1,18762,25170,1.0,6:13,2015,2016
2015-16,2406,Caron Butler,Caron,1610612758,SAC,Sacramento Kings,21501162,2016-04-05T00:00:00,SAC vs. POR,L,7.8,0.0,0.0,0.0,2.0,2.0,2.0,4.0,6.0,0.0,0.0,0.0,0.0,1.0,1,13074,13074,13074,23253,12059,10158,9917,12984,2619,3734,8806,22724,8004,1,1,18762,24960,1.0,7:50,2015,2016
2015-16,2210,Richard Jefferson,Richard,1610612739,CLE,Cleveland Cavaliers,21501159,2016-04-05T00:00:00,CLE @ MIL,W,19.9,0.0,0.0,0.0,0.0,6.0,4.0,2.0,16.0,1.0,0.0,1.0,0.0,7.2,1,1,1,1,15972,12059,10158,9917,18861,10028,8458,4025,15259,2692,1,4972,18762,21035,1.0,19:56,2015,2016
2015-16,202697,Iman Shumpert,Iman,1610612739,CLE,Cleveland Cavaliers,21501159,2016-04-05T00:00:00,CLE @ MIL,W,15.9,0.0,0.0,0.0,0.0,6.0,0.0,2.0,14.0,0.0,0.0,1.0,1.0,4.1,1,1,1,1,19147,12059,10158,9917,18861,10028,1,4025,17019,8004,1,4972,12373,23131,1.0,15:52,2015,2016
2015-16,204098,Xavier Munford,Xavier,1610612763,MEM,Memphis Grizzlies,21501158,2016-04-05T00:00:00,MEM vs. CHI,W,17.5,5.0,0.0,2.0,0.0,8.0,3.0,9.0,12.0,0.0,1.0,1.0,0.0,9.6,1,1,1,1,17893,1603,10158,4675,18861,13914,7138,18829,18637,8004,17214,4972,18762,19434,1.0,17:30,2015,2016
2015-16,203895,Jordan McRae,Jordan,1610612739,CLE,Cleveland Cavaliers,21501159,2016-04-05T00:00:00,CLE @ MIL,W,5.7,0.0,0.0,0.0,0.0,0.0,4.0,0.0,2.0,0.0,0.0,0.0,0.0,3.5,1,1,1,1,24102,12059,10158,9917,18861,1,8458,1,24614,8004,1,1,18762,23351,1.0,5:41,2015,2016
2015-16,1737,Nazr Mohammed,Nazr,1610612760,OKC,Oklahoma City Thunder,21501160,2016-04-05T00:00:00,OKC @ DEN,W,5.5,0.0,2.0,0.0,2.0,3.0,2.0,5.0,2.0,0.0,0.0,1.0,0.0,3.4,1,1,1,1,24151,12059,4731,9917,12984,5109,3734,11593,24614,8004,1,4972,18762,23417,1.0,5:32,2015,2016
2015-16,101123,Gerald Green,Gerald,1610612748,MIA,Miami Heat,21501155,2016-04-05T00:00:00,MIA vs. DET,W,3.9,1.0,0.0,1.0,0.0,2.0,2.0,0.0,2.0,0.0,0.0,1.0,1.0,4.0,1,1,1,1,24734,11535,10158,9347,18861,2619,3734,1,24614,8004,1,4972,12373,23142,1.0,3:55,2015,2016
2015-16,203996,Damien Inglis,Damien,1610612749,MIL,Milwaukee Bucks,21501159,2016-04-05T00:00:00,MIL vs. CLE,L,5.7,0.0,0.0,0.0,0.0,0.0,0.0,0.0,0.0,0.0,0.0,0.0,0.0,0.5,1,13074,13074,13074,24102,12059,10158,9917,18861,1,1,1,25429,8004,1,1,18762,25056,1.0,5:41,2015,2016
2015-16,201177,Josh McRoberts,Josh,1610612748,MIA,Miami Heat,21501155,2016-04-05T00:00:00,MIA vs. DET,W,2.1,0.0,0.0,0.0,0.0,0.0,0.0,0.0,0.0,0.0,0.0,0.0,0.0,-1.0,1,1,1,1,25471,12059,10158,9917,18861,1,1,1,25429,8004,1,1,18762,25932,1.0,2:08,2015,2016
2015-16,203961,Eric Moreland,Eric,1610612758,SAC,Sacramento Kings,21501162,2016-04-05T00:00:00,SAC vs. POR,L,6.2,0.0,0.0,0.0,0.0,3.0,2.0,2.0,4.0,0.0,0.0,1.0,1.0,0.2,1,13074,13074,13074,23863,12059,10158,9917,18861,5109,3734,4025,23698,8004,1,4972,12373,25103,1.0,6:14,2015,2016
2015-16,203955,Bryce Cotton,Bryce,1610612763,MEM,Memphis Grizzlies,21501158,2016-04-05T00:00:00,MEM vs. CHI,W,0.3,0.0,0.0,0.0,0.0,0.0,0.0,0.0,2.0,0.0,0.0,0.0,0.0,0.0,1,1,1,1,25996,12059,10158,9917,18861,1,1,1,24614,8004,1,1,18762,25170,1.0,0:20,2015,2016
2015-16,200797,Ryan Hollins,Ryan,1610612763,MEM,Memphis Grizzlies,21501158,2016-04-05T00:00:00,MEM vs. CHI,W,0.3,0.0,0.0,0.0,0.0,0.0,0.0,0.0,2.0,0.0,0.0,0.0,0.0,0.0,1,1,1,1,25996,12059,10158,9917,18861,1,1,1,24614,8004,1,1,18762,25170,1.0,0:20,2015,2016
2015-16,203526,Raul Neto,Raul,1610612762,UTA,Utah Jazz,21501161,2016-04-05T00:00:00,UTA vs. SAS,L,13.3,0.0,0.0,0.0,0.0,8.0,0.0,7.0,8.0,0.0,0.0,0.0,2.0,-0.8,1,13074,13074,13074,20838,12059,10158,9917,18861,13914,1,15538,21543,8004,1,1,7786,25914,1.0,13:15,2015,2016
2015-16,203148,Brian Roberts,Brian,1610612757,POR,Portland Trail Blazers,21501162,2016-04-05T00:00:00,POR @ SAC,W,0.4,0.0,0.0,0.0,0.0,0.0,0.0,0.0,0.0,0.0,0.0,0.0,0.0,0.0,1,1,1,1,25988,12059,10158,9917,18861,1,1,1,25429,8004,1,1,18762,25170,1.0,0:25,2015,2016
2015-16,201575,Brandon Rush,Brandon,1610612744,GSW,Golden State Warriors,21501163,2016-04-05T00:00:00,GSW vs. MIN,L,10.2,0.0,0.0,0.0,0.0,9.0,4.0,11.0,18.0,0.0,0.0,0.0,0.0,3.6,1,13074,13074,13074,22348,12059,10158,9917,18861,15771,8458,21342,13577,8004,1,1,18762,23310,1.0,10:12,2015,2016
2015-16,1495,Tim Duncan,Tim,1610612759,SAS,San Antonio Spurs,21501161,2016-04-05T00:00:00,SAS @ UTA,W,23.6,0.0,1.0,0.0,0.0,7.0,5.0,3.0,18.0,2.0,0.0,2.0,3.0,13.4,1,1,1,1,12870,12059,9709,9917,18861,12242,11469,7328,13577,932,1,11390,4736,16614,1.0,23:38,2015,2016
2015-16,201579,Roy Hibbert,Roy,1610612747,LAL,Los Angeles Lakers,21501164,2016-04-05T00:00:00,LAL @ LAC,L,15.7,0.0,0.0,0.0,0.0,12.0,4.0,19.0,22.0,0.0,0.0,3.0,0.0,3.8,1,13074,13074,13074,19308,12059,10158,9917,18861,20178,8458,25435,10265,8004,1,17641,18762,23270,1.0,15:39,2015,2016
2015-16,203187,Chris Johnson,Chris,1610612762,UTA,Utah Jazz,21501161,2016-04-05T00:00:00,UTA vs. SAS,L,2.3,0.0,0.0,0.0,0.0,0.0,0.0,0.0,0.0,0.0,0.0,0.0,0.0,0.0,1,13074,13074,13074,25418,12059,10158,9917,18861,1,1,1,25429,8004,1,1,18762,25170,1.0,2:18,2015,2016
2015-16,203484,Kentavious Caldwell-Pope,Kentavious,1610612765,DET,Detroit Pistons,21501155,2016-04-05T00:00:00,DET @ MIA,L,25.0,0.0,0.0,0.0,2.0,9.0,7.0,5.0,22.0,0.0,0.0,4.0,1.0,0.0,1,13074,13074,13074,11643,12059,10158,9917,12984,15771,15642,11593,10265,8004,1,22104,12373,25170,1.0,25:02,2015,2016
2015-16,203101,Miles Plumlee,Miles,1610612749,MIL,Milwaukee Bucks,21501159,2016-04-05T00:00:00,MIL vs. CLE,L,19.7,0.0,2.0,0.0,4.0,0.0,2.0,2.0,12.0,0.0,1.0,2.0,2.0,13.4,1,13074,13074,13074,16148,12059,4731,9917,8599,1,3734,4025,18637,8004,17214,11390,7786,16614,1.0,19:42,2015,2016
2015-16,203915,Spencer Dinwiddie,Spencer,1610612765,DET,Detroit Pistons,21501155,2016-04-05T00:00:00,DET @ MIA,L,3.9,0.0,0.0,0.0,0.0,1.0,0.0,1.0,2.0,0.0,1.0,1.0,1.0,3.7,1,13074,13074,13074,24734,12059,10158,9917,18861,2356,1,3646,24614,8004,17214,4972,12373,23278,1.0,3:55,2015,2016
2015-16,1626168,Trey Lyles,Trey,1610612762,UTA,Utah Jazz,21501161,2016-04-05T00:00:00,UTA vs. SAS,L,18.8,0.0,0.0,0.0,2.0,10.0,2.0,7.0,14.0,0.0,0.0,1.0,2.0,9.6,1,13074,13074,13074,16880,12059,10158,9917,12984,17370,3734,15538,17019,8004,1,4972,7786,19434,1.0,18:48,2015,2016
2015-16,203463,Ben McLemore,Ben,1610612758,SAC,Sacramento Kings,21501162,2016-04-05T00:00:00,SAC vs. POR,L,26.6,0.0,0.0,5.0,4.0,13.0,9.0,10.0,22.0,0.0,1.0,1.0,1.0,8.9,1,13074,13074,13074,10379,12059,10158,1277,8599,21300,19144,20169,10265,8004,17214,4972,12373,19914,1.0,26:35,2015,2016
2015-16,202694,Marcus Morris Sr.,Marcus,1610612765,DET,Detroit Pistons,21501155,2016-04-05T00:00:00,DET @ MIA,L,28.2,0.0,0.0,1.0,0.0,11.0,8.0,7.0,26.0,0.0,1.0,2.0,2.0,8.8,1,13074,13074,13074,9113,12059,10158,9347,18861,18886,17345,15538,7214,8004,17214,11390,7786,19994,1.0,28:09,2015,2016
2015-16,203500,Steven Adams,Steven,1610612760,OKC,Oklahoma City Thunder,21501160,2016-04-05T00:00:00,OKC @ DEN,W,21.8,0.0,0.0,5.0,4.0,9.0,5.0,10.0,22.0,0.0,1.0,4.0,7.0,9.1,1,1,1,1,14365,12059,10158,1277,8599,15771,11469,20169,10265,8004,17214,22104,469,19789,1.0,21:46,2015,2016
2015-16,203098,John Jenkins,John,1610612756,PHX,Phoenix Suns,21501157,2016-04-05T00:00:00,PHX @ ATL,L,10.6,0.0,0.0,0.0,0.0,6.0,5.0,6.0,12.0,0.0,0.0,1.0,0.0,8.9,1,13074,13074,13074,22207,12059,10158,9917,18861,10028,11469,13388,18637,8004,1,4972,18762,19914,1.0,10:34,2015,2016
2015-16,201578,Marreese Speights,Marreese,1610612744,GSW,Golden State Warriors,21501163,2016-04-05T00:00:00,GSW vs. MIN,L,8.5,0.0,2.0,0.0,6.0,6.0,4.0,8.0,18.0,0.0,0.0,0.0,0.0,5.2,1,13074,13074,13074,23024,12059,4731,9917,5299,10028,8458,17194,13577,8004,1,1,18762,22370,1.0,8:31,2015,2016
2015-16,203912,C.J. Wilcox,C.J.,1610612746,LAC,LA Clippers,21501164,2016-04-05T00:00:00,LAC vs. LAL,W,7.1,2.0,0.0,2.0,2.0,1.0,5.0,2.0,2.0,0.0,0.0,1.0,1.0,7.0,1,1,1,1,23525,6026,10158,4675,12984,2356,11469,4025,24614,8004,1,4972,12373,21188,1.0,7:06,2015,2016
2015-16,203135,Robert Sacre,Robert,1610612747,LAL,Los Angeles Lakers,21501164,2016-04-05T00:00:00,LAL @ LAC,L,8.5,1.0,2.0,0.0,2.0,6.0,2.0,4.0,8.0,0.0,0.0,2.0,2.0,8.6,1,13074,13074,13074,23037,11535,4731,9917,12984,10028,3734,8806,21543,8004,1,11390,7786,20125,1.0,8:27,2015,2016
2015-16,1626169,Stanley Johnson,Stanley,1610612765,DET,Detroit Pistons,21501155,2016-04-05T00:00:00,DET @ MIA,L,19.4,0.0,0.0,0.0,0.0,7.0,3.0,4.0,18.0,0.0,0.0,1.0,0.0,9.1,1,13074,13074,13074,16356,12059,10158,9917,18861,12242,7138,8806,13577,8004,1,4972,18762,19789,1.0,19:27,2015,2016
2015-16,2738,Andre Iguodala,Andre,1610612744,GSW,Golden State Warriors,21501163,2016-04-05T00:00:00,GSW vs. MIN,L,18.8,0.0,0.0,0.0,4.0,15.0,3.0,16.0,18.0,0.0,0.0,2.0,0.0,5.2,1,13074,13074,13074,16895,12059,10158,9917,8599,23079,7138,24641,13577,8004,1,11390,18762,22370,1.0,18:46,2015,2016
2015-16,2590,Mo Williams,Mo,1610612739,CLE,Cleveland Cavaliers,21501159,2016-04-05T00:00:00,CLE @ MIL,W,9.9,0.0,0.0,0.0,0.0,0.0,4.0,0.0,4.0,0.0,0.0,1.0,0.0,4.7,1,1,1,1,22488,12059,10158,9917,18861,1,8458,1,23698,8004,1,4972,18762,22672,1.0,9:55,2015,2016
2015-16,2216,Zach Randolph,Zach,1610612763,MEM,Memphis Grizzlies,21501158,2016-04-05T00:00:00,MEM vs. CHI,W,35.1,8.0,6.0,0.0,16.0,2.0,17.0,11.0,20.0,0.0,3.0,2.0,5.0,49.0,1,1,1,1,3482,308,481,9917,275,2619,25429,21342,11929,8004,25441,11390,1539,862,1.0,35:05,2015,2016
2015-16,101107,Marvin Williams,Marvin,1610612766,CHA,Charlotte Hornets,21501156,2016-04-05T00:00:00,CHA @ TOR,L,31.3,0.0,8.0,0.0,4.0,2.0,9.0,2.0,22.0,0.0,0.0,2.0,1.0,29.7,1,13074,13074,13074,6457,12059,137,9917,8599,2619,19144,4025,10265,8004,1,11390,12373,6006,1.0,31:19,2015,2016
2015-16,201939,Stephen Curry,Stephen,1610612744,GSW,Golden State Warriors,21501163,2016-04-05T00:00:00,GSW vs. MIN,L,42.6,5.0,0.0,11.0,6.0,24.0,7.0,24.0,40.0,0.0,1.0,4.0,7.0,56.7,1,13074,13074,13074,242,1603,10158,69,5299,25890,15642,25937,983,8004,17214,22104,469,327,1.0,42:35,2015,2016
2015-16,203090,Maurice Harkless,Maurice,1610612757,POR,Portland Trail Blazers,21501162,2016-04-05T00:00:00,POR @ SAC,W,32.7,6.0,11.0,2.0,12.0,6.0,7.0,20.0,28.0,0.0,1.0,2.0,2.0,46.2,1,1,1,1,5350,878,19,4675,988,10028,15642,25599,5824,8004,17214,11390,7786,1175,1.0,32:41,2015,2016
2015-16,203138,Hollis Thompson,Hollis,1610612755,PHI,Philadelphia 76ers,21501154,2016-04-05T00:00:00,PHI vs. NOP,W,21.8,3.0,3.0,3.0,2.0,2.0,9.0,2.0,24.0,1.0,0.0,1.0,1.0,24.4,1,1,1,1,14316,4307,3104,3302,12984,2619,19144,4025,8723,2692,1,4972,12373,8867,1.0,21:49,2015,2016
2015-16,201566,Russell Westbrook,Russell,1610612760,OKC,Oklahoma City Thunder,21501160,2016-04-05T00:00:00,OKC @ DEN,W,26.7,1.0,3.0,2.0,4.0,9.0,9.0,10.0,30.0,0.0,1.0,1.0,3.0,48.8,1,1,1,1,10287,11535,3104,4675,8599,15771,19144,20169,4541,8004,17214,4972,4736,881,1.0,26:41,2015,2016
2015-16,202391,Jeremy Lin,Jeremy,1610612766,CHA,Charlotte Hornets,21501156,2016-04-05T00:00:00,CHA @ TOR,L,40.2,3.0,0.0,3.0,2.0,4.0,11.0,7.0,26.0,0.0,1.0,4.0,6.0,36.3,1,13074,13074,13074,694,4307,10158,3302,12984,6141,21814,15538,7214,8004,17214,22104,873,3380,1.0,40:09,2015,2016
2015-16,203952,Andrew Wiggins,Andrew,1610612750,MIN,Minnesota Timberwolves,21501163,2016-04-05T00:00:00,MIN @ GSW,W,41.9,8.0,0.0,4.0,12.0,28.0,11.0,25.0,54.0,0.0,1.0,0.0,5.0,57.0,1,1,1,1,329,308,10158,1913,988,26034,21814,25980,35,8004,17214,1,1539,313,1.0,41:52,2015,2016
2015-16,203486,Mason Plumlee,Mason,1610612757,POR,Portland Trail Blazers,21501162,2016-04-05T00:00:00,POR @ SAC,W,27.2,4.0,4.0,0.0,8.0,4.0,3.0,14.0,34.0,3.0,0.0,6.0,3.0,36.3,1,1,1,1,9822,2460,1596,9917,3109,6141,7138,23710,2701,347,1,25827,4736,3380,1.0,27:14,2015,2016
2015-16,202689,Kemba Walker,Kemba,1610612766,CHA,Charlotte Hornets,21501156,2016-04-05T00:00:00,CHA @ TOR,L,35.7,0.0,0.0,0.0,6.0,4.0,6.0,9.0,26.0,1.0,1.0,3.0,3.0,24.4,1,13074,13074,13074,3014,12059,10158,9917,5299,6141,13237,18829,7214,2692,17214,17641,4736,8867,1.0,35:39,2015,2016
2015-16,203944,Julius Randle,Julius,1610612747,LAL,Los Angeles Lakers,21501164,2016-04-05T00:00:00,LAL @ LAC,L,31.5,0.0,0.0,4.0,0.0,16.0,6.0,26.0,36.0,1.0,1.0,2.0,3.0,24.4,1,13074,13074,13074,6352,12059,10158,1913,18861,23774,13237,26007,1943,2692,17214,11390,4736,8867,1.0,31:27,2015,2016
2015-16,200770,Jordan Farmar,Jordan,1610612763,MEM,Memphis Grizzlies,21501158,2016-04-05T00:00:00,MEM vs. CHI,W,31.0,5.0,0.0,5.0,6.0,2.0,17.0,6.0,20.0,0.0,0.0,0.0,1.0,24.4,1,1,1,1,6681,1603,10158,1277,5299,2619,25429,13388,11929,8004,1,1,12373,8867,1.0,31:03,2015,2016
2015-16,1626164,Devin Booker,Devin,1610612756,PHX,Phoenix Suns,21501157,2016-04-05T00:00:00,PHX @ ATL,L,38.7,4.0,0.0,7.0,10.0,24.0,13.0,23.0,40.0,0.0,0.0,4.0,5.0,47.0,1,13074,13074,13074,1203,2460,10158,454,1840,25890,23668,25880,983,8004,1,22104,1539,1078,1.0,38:40,2015,2016
2015-16,201142,Kevin Durant,Kevin,1610612760,OKC,Oklahoma City Thunder,21501160,2016-04-05T00:00:00,OKC @ DEN,W,29.4,7.0,2.0,4.0,8.0,9.0,7.0,10.0,28.0,1.0,0.0,1.0,4.0,55.0,1,1,1,1,8021,548,4731,1913,3109,15771,15642,20169,5824,2692,1,4972,2748,395,1.0,29:26,2015,2016
2015-16,200782,P.J. Tucker,P.J.,1610612756,PHX,Phoenix Suns,21501157,2016-04-05T00:00:00,PHX @ ATL,L,32.0,0.0,0.0,0.0,0.0,21.0,5.0,19.0,34.0,0.0,0.0,2.0,6.0,11.6,1,13074,13074,13074,5864,12059,10158,9917,18861,25535,11469,25435,2701,8004,1,11390,873,17970,1.0,32:01,2015,2016
2015-16,201609,Goran Dragic,Goran,1610612748,MIA,Miami Heat,21501155,2016-04-05T00:00:00,MIA vs. DET,W,33.8,5.0,0.0,0.0,6.0,10.0,6.0,5.0,28.0,0.0,0.0,4.0,3.0,36.0,1,1,1,1,4484,1603,10158,9917,5299,17370,13237,11593,5824,8004,1,22104,4736,3463,1.0,33:50,2015,2016
2015-16,203145,Kent Bazemore,Kent,1610612737,ATL,Atlanta Hawks,21501157,2016-04-05T00:00:00,ATL vs. PHX,W,34.0,9.0,0.0,8.0,8.0,7.0,0.0,7.0,16.0,0.0,0.0,4.0,4.0,49.3,1,1,1,1,4319,171,10158,280,3109,12242,1,15538,15259,8004,1,22104,2748,827,1.0,34:02,2015,2016
2015-16,202681,Kyrie Irving,Kyrie,1610612739,CLE,Cleveland Cavaliers,21501159,2016-04-05T00:00:00,CLE @ MIL,W,26.9,4.0,3.0,0.0,2.0,10.0,8.0,10.0,38.0,0.0,1.0,2.0,2.0,24.6,1,1,1,1,10099,2460,3104,9917,12984,17370,17345,20169,1422,8004,17214,11390,7786,8724,1.0,26:54,2015,2016
2015-16,203477,Isaiah Canaan,Isaiah,1610612755,PHI,Philadelphia 76ers,21501154,2016-04-05T00:00:00,PHI vs. NOP,W,22.8,0.0,0.0,3.0,4.0,7.0,11.0,0.0,10.0,0.0,0.0,1.0,1.0,24.4,1,1,1,1,13553,12059,10158,3302,8599,12242,21814,1,20209,8004,1,4972,12373,8867,1.0,22:46,2015,2016
2015-16,203497,Rudy Gobert,Rudy,1610612762,UTA,Utah Jazz,21501161,2016-04-05T00:00:00,UTA vs. SAS,L,33.4,2.0,0.0,0.0,0.0,13.0,5.0,7.0,18.0,2.0,1.0,3.0,3.0,24.0,1,13074,13074,13074,4840,6026,10158,9917,18861,21300,11469,15538,13577,932,17214,17641,4736,9121,1.0,33:22,2015,2016
2015-16,201942,DeMar DeRozan,DeMar,1610612761,TOR,Toronto Raptors,21501156,2016-04-05T00:00:00,TOR vs. CHA,W,35.7,0.0,2.0,2.0,4.0,6.0,6.0,3.0,28.0,0.0,2.0,0.0,6.0,45.4,1,1,1,1,3014,12059,4731,4675,8599,10028,13237,7328,5824,8004,23588,1,873,1291,1.0,35:39,2015,2016
2015-16,200794,Paul Millsap,Paul,1610612737,ATL,Atlanta Hawks,21501157,2016-04-05T00:00:00,ATL vs. PHX,W,35.6,2.0,0.0,3.0,4.0,11.0,2.0,6.0,18.0,3.0,0.0,3.0,5.0,62.4,1,1,1,1,3071,6026,10158,3302,8599,18886,3734,13388,13577,347,1,17641,1539,135,1.0,35:35,2015,2016
2015-16,101106,Andrew Bogut,Andrew,1610612744,GSW,Golden State Warriors,21501163,2016-04-05T00:00:00,GSW vs. MIN,L,32.0,2.0,4.0,0.0,10.0,13.0,2.0,16.0,24.0,2.0,1.0,5.0,0.0,43.5,1,13074,13074,13074,5926,6026,1596,9917,1840,21300,3734,24641,8723,932,17214,24686,18762,1646,1.0,31:58,2015,2016
2015-16,200765,Rajon Rondo,Rajon,1610612758,SAC,Sacramento Kings,21501162,2016-04-05T00:00:00,SAC vs. POR,L,41.9,4.0,0.0,4.0,10.0,22.0,24.0,9.0,30.0,0.0,1.0,4.0,2.0,61.0,1,13074,13074,13074,326,2460,10158,1913,1840,25683,26041,18829,4541,8004,17214,22104,7786,182,1.0,41:52,2015,2016
2015-16,203507,Giannis Antetokounmpo,Giannis,1610612749,MIL,Milwaukee Bucks,21501159,2016-04-05T00:00:00,MIL vs. CLE,L,39.3,2.0,4.0,4.0,16.0,4.0,8.0,4.0,24.0,0.0,1.0,3.0,1.0,50.8,1,13074,13074,13074,956,6026,1596,1913,275,6141,17345,8806,8723,8004,17214,17641,12373,671,1.0,39:17,2015,2016
2015-16,202355,Hassan Whiteside,Hassan,1610612748,MIA,Miami Heat,21501155,2016-04-05T00:00:00,MIA vs. DET,W,28.8,2.0,4.0,0.0,14.0,8.0,10.0,3.0,22.0,4.0,0.0,3.0,1.0,43.4,1,1,1,1,8572,6026,1596,9917,542,13914,20509,7328,10265,132,1,17641,12373,1662,1.0,28:46,2015,2016
2015-16,2200,Pau Gasol,Pau,1610612741,CHI,Chicago Bulls,21501158,2016-04-05T00:00:00,CHI @ MEM,L,35.1,0.0,2.0,2.0,6.0,27.0,13.0,2.0,32.0,4.0,1.0,2.0,3.0,44.0,1,13074,13074,13074,3474,12059,4731,4675,5299,26014,23668,4025,3535,132,17214,11390,4736,1559,1.0,35:05,2015,2016
2015-16,101108,Chris Paul,Chris,1610612746,LAC,LA Clippers,21501164,2016-04-05T00:00:00,LAC vs. LAL,W,23.1,4.0,0.0,10.0,10.0,0.0,6.0,5.0,8.0,1.0,0.0,1.0,3.0,50.8,1,1,1,1,13305,2460,10158,118,1840,1,13237,11593,21543,2692,1,4972,4736,671,1.0,23:05,2015,2016
2015-16,2744,Al Jefferson,Al,1610612766,CHA,Charlotte Hornets,21501156,2016-04-05T00:00:00,CHA @ TOR,L,20.2,1.0,1.0,0.0,2.0,4.0,4.0,2.0,18.0,0.0,1.0,3.0,1.0,24.2,1,13074,13074,13074,15764,11535,9709,9917,12984,6141,8458,4025,13577,8004,17214,17641,12373,9009,1.0,20:10,2015,2016
2015-16,1713,Vince Carter,Vince,1610612763,MEM,Memphis Grizzlies,21501158,2016-04-05T00:00:00,MEM vs. CHI,W,24.7,12.0,5.0,0.0,6.0,8.0,6.0,13.0,16.0,1.0,3.0,1.0,1.0,37.0,1,1,1,1,11926,27,995,9917,5299,13914,13237,23048,15259,2692,25441,4972,12373,3182,1.0,24:42,2015,2016
2015-16,203552,Seth Curry,Seth,1610612758,SAC,Sacramento Kings,21501162,2016-04-05T00:00:00,SAC vs. POR,L,33.9,0.0,3.0,6.0,2.0,15.0,21.0,9.0,28.0,0.0,1.0,4.0,1.0,29.2,1,13074,13074,13074,4454,12059,3104,740,12984,23079,25962,18829,5824,8004,17214,22104,12373,6243,1.0,33:52,2015,2016
2015-16,202326,DeMarcus Cousins,DeMarcus,1610612758,SAC,Sacramento Kings,21501162,2016-04-05T00:00:00,SAC vs. POR,L,38.4,2.0,2.0,4.0,18.0,17.0,20.0,9.0,22.0,3.0,3.0,2.0,10.0,51.3,1,13074,13074,13074,1307,6026,4731,1913,131,24337,25875,18829,10265,347,25441,11390,76,631,1.0,38:26,2015,2016
2015-16,2544,LeBron James,LeBron,1610612739,CLE,Cleveland Cavaliers,21501159,2016-04-05T00:00:00,CLE @ MIL,W,28.1,2.0,0.0,4.0,8.0,6.0,10.0,8.0,38.0,1.0,0.0,0.0,5.0,35.5,1,1,1,1,9182,6026,10158,1913,3109,10028,20509,17194,1422,2692,1,1,1539,3657,1.0,28:04,2015,2016
2015-16,203141,Mirza Teletovic,Mirza,1610612756,PHX,Phoenix Suns,21501157,2016-04-05T00:00:00,PHX @ ATL,L,27.6,0.0,0.0,0.0,0.0,13.0,14.0,12.0,24.0,0.0,1.0,0.0,1.0,29.9,1,13074,13074,13074,9560,12059,10158,9917,18861,21300,24300,22259,8723,8004,17214,1,12373,5884,1.0,27:34,2015,2016
2015-16,1626157,Karl-Anthony Towns,Karl-Anthony,1610612750,MIN,Minnesota Timberwolves,21501163,2016-04-05T00:00:00,MIN @ GSW,W,44.7,2.0,2.0,0.0,10.0,26.0,11.0,25.0,54.0,2.0,2.0,5.0,8.0,44.4,1,1,1,1,92,6026,4731,9917,1840,25979,21814,25980,35,932,23588,24686,254,1474,1.0,44:43,2015,2016
2015-16,2548,Dwyane Wade,Dwyane,1610612748,MIA,Miami Heat,21501155,2016-04-05T00:00:00,MIA vs. DET,W,24.6,4.0,0.0,0.0,4.0,2.0,6.0,2.0,24.0,0.0,0.0,1.0,3.0,24.2,1,1,1,1,12068,2460,10158,9917,8599,2619,13237,4025,8723,8004,1,4972,4736,9009,1.0,24:33,2015,2016
2015-16,203898,Tyler Ennis,Tyler,1610612749,MIL,Milwaukee Bucks,21501159,2016-04-05T00:00:00,MIL vs. CLE,L,27.5,2.0,0.0,0.0,4.0,2.0,2.0,0.0,18.0,0.0,0.0,3.0,2.0,15.8,1,13074,13074,13074,9594,6026,10158,9917,8599,2619,3734,1,13577,8004,1,17641,7786,14754,1.0,27:31,2015,2016
2015-16,201988,Patty Mills,Patty,1610612759,SAS,San Antonio Spurs,21501161,2016-04-05T00:00:00,SAS @ UTA,W,20.7,0.0,0.0,3.0,0.0,2.0,3.0,2.0,8.0,0.0,0.0,3.0,2.0,12.2,1,1,1,1,15319,12059,10158,3302,18861,2619,7138,4025,21543,8004,1,17641,7786,17566,1.0,20:42,2015,2016
2015-16,202706,Jordan Hamilton,Jordan,1610612740,NOP,New Orleans Pelicans,21501154,2016-04-05T00:00:00,NOP @ PHI,L,26.7,0.0,4.0,0.0,4.0,13.0,11.0,10.0,26.0,0.0,2.0,2.0,2.0,20.6,1,13074,13074,13074,10300,12059,1596,9917,8599,21300,21814,20169,7214,8004,23588,11390,7786,11314,1.0,26:40,2015,2016
2015-16,202330,Gordon Hayward,Gordon,1610612762,UTA,Utah Jazz,21501161,2016-04-05T00:00:00,UTA vs. SAS,L,36.0,1.0,3.0,1.0,8.0,11.0,4.0,7.0,16.0,0.0,1.0,2.0,2.0,20.3,1,13074,13074,13074,2759,11535,3104,9347,3109,18886,8458,15538,15259,8004,17214,11390,7786,11534,1.0,36:00,2015,2016
2015-16,977,Kobe Bryant,Kobe,1610612747,LAL,Los Angeles Lakers,21501164,2016-04-05T00:00:00,LAL @ LAC,L,22.3,0.0,4.0,0.0,4.0,12.0,4.0,19.0,24.0,0.0,0.0,1.0,2.0,12.4,1,13074,13074,13074,13954,12059,1596,9917,8599,20178,8458,25435,8723,8004,1,4972,7786,17418,1.0,22:15,2015,2016
2015-16,202684,Tristan Thompson,Tristan,1610612739,CLE,Cleveland Cavaliers,21501159,2016-04-05T00:00:00,CLE @ MIL,W,17.7,0.0,2.0,0.0,10.0,6.0,2.0,2.0,16.0,2.0,0.0,1.0,1.0,26.9,1,1,1,1,17737,12059,4731,9917,1840,10028,3734,4025,15259,932,1,4972,12373,7438,1.0,17:43,2015,2016
2015-16,203382,Aron Baynes,Aron,1610612765,DET,Detroit Pistons,21501155,2016-04-05T00:00:00,DET @ MIA,L,14.2,0.0,4.0,0.0,6.0,8.0,6.0,5.0,14.0,0.0,0.0,0.0,1.0,20.2,1,13074,13074,13074,20269,12059,1596,9917,5299,13914,13237,11593,17019,8004,1,1,12373,11610,1.0,14:13,2015,2016
2015-16,2747,JR Smith,JR,1610612739,CLE,Cleveland Cavaliers,21501159,2016-04-05T00:00:00,CLE @ MIL,W,26.5,0.0,0.0,0.0,0.0,6.0,10.0,8.0,38.0,0.0,0.0,2.0,1.0,26.9,1,1,1,1,10487,12059,10158,9917,18861,10028,20509,17194,1422,8004,1,11390,12373,7438,1.0,26:27,2015,2016
2015-16,203083,Andre Drummond,Andre,1610612765,DET,Detroit Pistons,21501155,2016-04-05T00:00:00,DET @ MIA,L,29.9,0.0,4.0,0.0,6.0,8.0,6.0,4.0,26.0,0.0,1.0,2.0,3.0,26.6,1,13074,13074,13074,7654,12059,1596,9917,5299,13914,13237,8806,7214,8004,17214,11390,4736,7566,1.0,29:52,2015,2016
2015-16,2399,Mike Dunleavy,Mike,1610612741,CHI,Chicago Bulls,21501158,2016-04-05T00:00:00,CHI @ MEM,L,18.9,0.0,3.0,0.0,0.0,6.0,6.0,2.0,8.0,2.0,0.0,4.0,1.0,15.2,1,13074,13074,13074,16764,12059,3104,9917,18861,10028,13237,4025,21543,932,1,22104,12373,15219,1.0,18:55,2015,2016
2015-16,2199,Tyson Chandler,Tyson,1610612756,PHX,Phoenix Suns,21501157,2016-04-05T00:00:00,PHX @ ATL,L,35.6,0.0,0.0,0.0,6.0,24.0,11.0,21.0,36.0,1.0,0.0,4.0,3.0,31.1,1,13074,13074,13074,3092,12059,10158,9917,5299,25890,21814,25725,1943,2692,1,22104,4736,5354,1.0,35:33,2015,2016
2015-16,203460,Andre Roberson,Andre,1610612760,OKC,Oklahoma City Thunder,21501160,2016-04-05T00:00:00,OKC @ DEN,W,13.2,0.0,0.0,0.0,4.0,7.0,2.0,6.0,14.0,0.0,0.0,0.0,0.0,11.7,1,1,1,1,20894,12059,10158,9917,8599,12242,3734,13388,17019,8004,1,1,18762,17903,1.0,13:09,2015,2016
2015-16,203110,Draymond Green,Draymond,1610612744,GSW,Golden State Warriors,21501163,2016-04-05T00:00:00,GSW vs. MIN,L,38.8,6.0,2.0,4.0,10.0,22.0,5.0,13.0,28.0,2.0,0.0,6.0,3.0,41.7,1,13074,13074,13074,1142,878,4731,1913,1840,25683,11469,23048,5824,932,1,25827,4736,2002,1.0,38:48,2015,2016
2015-16,203501,Tim Hardaway Jr.,Tim,1610612737,ATL,Atlanta Hawks,21501157,2016-04-05T00:00:00,ATL vs. PHX,W,13.7,2.0,3.0,2.0,4.0,2.0,3.0,2.0,8.0,0.0,0.0,2.0,4.0,12.2,1,1,1,1,20614,6026,3104,4675,8599,2619,7138,4025,21543,8004,1,11390,2748,17566,1.0,13:39,2015,2016
2015-16,201171,Carl Landry,Carl,1610612755,PHI,Philadelphia 76ers,21501154,2016-04-05T00:00:00,PHI vs. NOP,W,26.1,3.0,8.0,0.0,6.0,4.0,12.0,2.0,22.0,0.0,0.0,1.0,3.0,40.3,1,1,1,1,10742,4307,137,9917,5299,6141,22832,4025,10265,8004,1,4972,4736,2302,1.0,26:07,2015,2016
2015-16,203498,Shabazz Muhammad,Shabazz,1610612750,MIN,Minnesota Timberwolves,21501163,2016-04-05T00:00:00,MIN @ GSW,W,38.9,9.0,6.0,18.0,14.0,15.0,11.0,17.0,46.0,0.0,1.0,0.0,9.0,41.2,1,1,1,1,1104,171,481,6,542,23079,21814,24967,298,8004,17214,1,138,2099,1.0,38:55,2015,2016
2015-16,203496,Robert Covington,Robert,1610612755,PHI,Philadelphia 76ers,21501154,2016-04-05T00:00:00,PHI vs. NOP,W,35.5,4.0,0.0,4.0,4.0,9.0,12.0,0.0,22.0,1.0,0.0,3.0,2.0,41.3,1,1,1,1,3125,2460,10158,1913,8599,15771,22832,1,10265,2692,1,17641,7786,2074,1.0,35:31,2015,2016
2015-16,201567,Kevin Love,Kevin,1610612739,CLE,Cleveland Cavaliers,21501159,2016-04-05T00:00:00,CLE @ MIL,W,25.5,0.0,0.0,0.0,2.0,6.0,10.0,8.0,38.0,0.0,0.0,1.0,1.0,30.3,1,1,1,1,11316,12059,10158,9917,12984,10028,20509,17194,1422,8004,1,4972,12373,5702,1.0,25:28,2015,2016
2015-16,1626161,Willie Cauley-Stein,Willie,1610612758,SAC,Sacramento Kings,21501162,2016-04-05T00:00:00,SAC vs. POR,L,33.5,2.0,1.0,5.0,6.0,15.0,21.0,9.0,26.0,3.0,1.0,4.0,3.0,27.0,1,13074,13074,13074,4728,6026,9709,1277,5299,23079,25962,18829,7214,347,17214,22104,4736,7385,1.0,33:31,2015,2016
2015-16,203471,Dennis Schröder,Dennis,1610612737,ATL,Atlanta Hawks,21501157,2016-04-05T00:00:00,ATL vs. PHX,W,17.9,2.0,0.0,0.0,2.0,2.0,3.0,4.0,14.0,0.0,2.0,1.0,1.0,15.1,1,1,1,1,17603,6026,10158,9917,12984,2619,7138,8806,17019,8004,23588,4972,12373,15328,1.0,17:54,2015,2016
2015-16,203087,Jeremy Lamb,Jeremy,1610612766,CHA,Charlotte Hornets,21501156,2016-04-05T00:00:00,CHA @ TOR,L,18.9,0.0,0.0,0.0,2.0,4.0,5.0,2.0,16.0,0.0,1.0,0.0,0.0,11.8,1,13074,13074,13074,16790,12059,10158,9917,12984,6141,11469,4025,15259,8004,17214,1,18762,17832,1.0,18:53,2015,2016
2015-16,1626181,Norman Powell,Norman,1610612761,TOR,Toronto Raptors,21501156,2016-04-05T00:00:00,TOR vs. CHA,W,22.9,0.0,2.0,2.0,2.0,6.0,6.0,3.0,10.0,0.0,0.0,2.0,1.0,15.3,1,1,1,1,13483,12059,4731,4675,12984,10028,13237,7328,20209,8004,1,11390,12373,15150,1.0,22:52,2015,2016
2015-16,203468,CJ McCollum,CJ,1610612757,POR,Portland Trail Blazers,21501162,2016-04-05T00:00:00,POR @ SAC,W,36.3,7.0,3.0,5.0,4.0,6.0,7.0,20.0,26.0,0.0,1.0,0.0,3.0,42.1,1,1,1,1,2557,548,3104,1277,8599,10028,15642,25599,7214,8004,17214,1,4736,1910,1.0,36:17,2015,2016
2015-16,201582,Alexis Ajinca,Alexis,1610612740,NOP,New Orleans Pelicans,21501154,2016-04-05T00:00:00,NOP @ PHI,L,25.3,0.0,2.0,0.0,2.0,7.0,2.0,6.0,14.0,0.0,0.0,3.0,0.0,20.0,1,13074,13074,13074,11446,12059,4731,9917,12984,12242,3734,13388,17019,8004,1,17641,18762,11752,1.0,25:18,2015,2016
2015-16,202334,Ed Davis,Ed,1610612757,POR,Portland Trail Blazers,21501162,2016-04-05T00:00:00,POR @ SAC,W,20.4,0.0,0.0,0.0,2.0,4.0,6.0,10.0,10.0,1.0,0.0,2.0,0.0,12.1,1,1,1,1,15600,12059,10158,9917,12984,6141,13237,20169,20209,2692,1,11390,18762,17639,1.0,20:21,2015,2016
2015-16,201599,DeAndre Jordan,DeAndre,1610612746,LAC,LA Clippers,21501164,2016-04-05T00:00:00,LAC vs. LAL,W,29.0,0.0,0.0,0.0,6.0,6.0,6.0,12.0,14.0,0.0,1.0,2.0,3.0,27.3,1,1,1,1,8390,12059,10158,9917,5299,10028,13237,22259,17019,8004,17214,11390,4736,7236,1.0,28:59,2015,2016
2015-16,204025,Tim Frazier,Tim,1610612740,NOP,New Orleans Pelicans,21501154,2016-04-05T00:00:00,NOP @ PHI,L,35.6,4.0,2.0,0.0,2.0,12.0,2.0,11.0,24.0,0.0,1.0,2.0,5.0,40.7,1,13074,13074,13074,3064,2460,4731,9917,12984,20178,3734,21342,8723,8004,17214,11390,1539,2199,1.0,35:36,2015,2016
2015-16,202687,Bismack Biyombo,Bismack,1610612761,TOR,Toronto Raptors,21501156,2016-04-05T00:00:00,TOR vs. CHA,W,19.6,0.0,0.0,0.0,2.0,0.0,5.0,0.0,16.0,3.0,3.0,2.0,4.0,20.4,1,1,1,1,16211,12059,10158,9917,12984,1,11469,1,15259,347,25441,11390,2748,11453,1.0,19:37,2015,2016
2015-16,203457,Nerlens Noel,Nerlens,1610612755,PHI,Philadelphia 76ers,21501154,2016-04-05T00:00:00,PHI vs. NOP,W,17.6,0.0,2.0,0.0,4.0,4.0,8.0,2.0,16.0,1.0,0.0,1.0,1.0,12.2,1,1,1,1,17860,12059,4731,9917,8599,6141,17345,4025,15259,2692,1,4972,12373,17566,1.0,17:33,2015,2016
2015-16,201571,D.J. Augustin,D.J.,1610612743,DEN,Denver Nuggets,21501160,2016-04-05T00:00:00,DEN vs. OKC,L,22.4,3.0,2.0,3.0,4.0,3.0,6.0,3.0,24.0,0.0,1.0,0.0,4.0,26.4,1,13074,13074,13074,13841,4307,4731,3302,8599,5109,13237,7328,8723,8004,17214,1,2748,7672,1.0,22:23,2015,2016
2015-16,201952,Jeff Teague,Jeff,1610612737,ATL,Atlanta Hawks,21501157,2016-04-05T00:00:00,ATL vs. PHX,W,30.1,5.0,5.0,2.0,10.0,9.0,0.0,7.0,12.0,0.0,0.0,1.0,1.0,27.4,1,1,1,1,7448,1603,995,4675,1840,15771,1,15538,18637,8004,1,4972,12373,7179,1.0,30:06,2015,2016
2015-16,203994,Jusuf Nurkić,Jusuf,1610612743,DEN,Denver Nuggets,21501160,2016-04-05T00:00:00,DEN vs. OKC,L,16.5,0.0,0.0,0.0,2.0,6.0,2.0,13.0,14.0,2.0,0.0,3.0,5.0,20.0,1,13074,13074,13074,18631,12059,10158,9917,12984,10028,3734,23048,17019,932,1,17641,1539,11752,1.0,16:32,2015,2016
2015-16,2440,Matt Barnes,Matt,1610612763,MEM,Memphis Grizzlies,21501158,2016-04-05T00:00:00,MEM vs. CHI,W,41.1,0.0,2.0,2.0,0.0,8.0,20.0,11.0,22.0,0.0,0.0,2.0,3.0,26.4,1,1,1,1,461,12059,4731,4675,18861,13914,25875,21342,10265,8004,1,11390,4736,7672,1.0,41:08,2015,2016
2015-16,2733,Shaun Livingston,Shaun,1610612744,GSW,Golden State Warriors,21501163,2016-04-05T00:00:00,GSW vs. MIN,L,21.5,2.0,3.0,0.0,6.0,14.0,8.0,10.0,28.0,0.0,0.0,4.0,3.0,20.1,1,13074,13074,13074,14600,6026,3104,9917,5299,22292,17345,20169,5824,8004,1,22104,4736,11685,1.0,21:29,2015,2016
2015-16,202704,Reggie Jackson,Reggie,1610612765,DET,Detroit Pistons,21501155,2016-04-05T00:00:00,DET @ MIA,L,28.8,2.0,0.0,4.0,8.0,11.0,9.0,7.0,26.0,1.0,1.0,0.0,5.0,30.9,1,13074,13074,13074,8553,6026,10158,1913,3109,18886,19144,15538,7214,2692,17214,1,1539,5452,1.0,28:47,2015,2016
2015-16,201601,Luc Mbah a Moute,Luc,1610612746,LAC,LA Clippers,21501164,2016-04-05T00:00:00,LAC vs. LAL,W,21.4,2.0,2.0,2.0,2.0,0.0,6.0,3.0,8.0,0.0,0.0,0.0,1.0,12.1,1,1,1,1,14690,6026,4731,4675,12984,1,13237,7328,21543,8004,1,1,12373,17639,1.0,21:24,2015,2016
2015-16,203960,JaKarr Sampson,JaKarr,1610612743,DEN,Denver Nuggets,21501160,2016-04-05T00:00:00,DEN vs. OKC,L,23.6,0.0,4.0,4.0,8.0,8.0,8.0,18.0,24.0,0.0,1.0,4.0,1.0,17.0,1,13074,13074,13074,12899,12059,1596,1913,3109,13914,17345,25228,8723,8004,17214,22104,12373,13855,1.0,23:36,2015,2016
2015-16,202337,Luke Babbitt,Luke,1610612740,NOP,New Orleans Pelicans,21501154,2016-04-05T00:00:00,NOP @ PHI,L,31.1,3.0,5.0,0.0,8.0,14.0,7.0,9.0,30.0,0.0,1.0,3.0,2.0,28.1,1,13074,13074,13074,6656,4307,995,9917,3109,22292,15642,18829,4541,8004,17214,17641,7786,6818,1.0,31:04,2015,2016
2015-16,203917,Nik Stauskas,Nik,1610612755,PHI,Philadelphia 76ers,21501154,2016-04-05T00:00:00,PHI vs. NOP,W,33.6,3.0,0.0,0.0,6.0,6.0,18.0,2.0,32.0,1.0,1.0,2.0,2.0,27.4,1,1,1,1,4682,4307,10158,9917,5299,10028,25634,4025,3535,2692,17214,11390,7786,7179,1.0,33:35,2015,2016
2015-16,201145,Jeff Green,Jeff,1610612746,LAC,LA Clippers,21501164,2016-04-05T00:00:00,LAC vs. LAL,W,31.4,2.0,0.0,0.0,6.0,11.0,11.0,13.0,28.0,1.0,1.0,4.0,5.0,32.6,1,1,1,1,6418,6026,10158,9917,5299,18886,21814,23048,5824,2692,17214,22104,1539,4687,1.0,31:21,2015,2016
2015-16,200746,LaMarcus Aldridge,LaMarcus,1610612759,SAS,San Antonio Spurs,21501161,2016-04-05T00:00:00,SAS @ UTA,W,36.2,6.0,0.0,0.0,4.0,7.0,5.0,3.0,28.0,0.0,0.0,1.0,1.0,32.4,1,1,1,1,2630,878,10158,9917,8599,12242,11469,7328,5824,8004,1,4972,12373,4768,1.0,36:10,2015,2016
2015-16,101179,Ronnie Price,Ronnie,1610612756,PHX,Phoenix Suns,21501157,2016-04-05T00:00:00,PHX @ ATL,L,31.0,5.0,0.0,2.0,0.0,24.0,11.0,21.0,30.0,0.0,0.0,2.0,1.0,28.6,1,13074,13074,13074,6688,1603,10158,4675,18861,25890,21814,25725,4541,8004,1,11390,12373,6560,1.0,31:02,2015,2016
2015-16,202714,Shelvin Mack,Shelvin,1610612762,UTA,Utah Jazz,21501161,2016-04-05T00:00:00,UTA vs. SAS,L,30.3,0.0,5.0,0.0,2.0,4.0,4.0,0.0,16.0,0.0,1.0,2.0,1.0,21.8,1,13074,13074,13074,7278,12059,995,9917,12984,6141,8458,1,15259,8004,17214,11390,12373,10526,1.0,30:17,2015,2016
2015-16,202709,Cory Joseph,Cory,1610612761,TOR,Toronto Raptors,21501156,2016-04-05T00:00:00,TOR vs. CHA,W,24.8,0.0,2.0,0.0,2.0,0.0,5.0,3.0,22.0,0.0,0.0,2.0,1.0,21.8,1,1,1,1,11797,12059,4731,9917,12984,1,11469,7328,10265,8004,1,11390,12373,10526,1.0,24:50,2015,2016
2015-16,202685,Jonas Valančiūnas,Jonas,1610612761,TOR,Toronto Raptors,21501156,2016-04-05T00:00:00,TOR vs. CHA,W,28.4,0.0,0.0,0.0,8.0,6.0,6.0,3.0,16.0,3.0,1.0,3.0,5.0,32.4,1,1,1,1,8934,12059,10158,9917,3109,10028,13237,7328,15259,347,17214,17641,1539,4768,1.0,28:23,2015,2016
2015-16,1626145,Tyus Jones,Tyus,1610612750,MIN,Minnesota Timberwolves,21501163,2016-04-05T00:00:00,MIN @ GSW,W,19.2,3.0,0.0,2.0,6.0,4.0,4.0,7.0,14.0,0.0,0.0,1.0,2.0,17.5,1,1,1,1,16571,4307,10158,4675,5299,6141,8458,15538,17019,8004,1,4972,7786,13528,1.0,19:10,2015,2016
2015-16,2754,Tony Allen,Tony,1610612763,MEM,Memphis Grizzlies,21501158,2016-04-05T00:00:00,MEM vs. CHI,W,29.8,4.0,0.0,2.0,4.0,4.0,14.0,6.0,18.0,0.0,2.0,2.0,4.0,28.3,1,1,1,1,7705,2460,10158,4675,8599,6141,24300,13388,13577,8004,23588,11390,2748,6720,1.0,29:50,2015,2016
2015-16,2207,Joe Johnson,Joe,1610612748,MIA,Miami Heat,21501155,2016-04-05T00:00:00,MIA vs. DET,W,28.1,0.0,4.0,0.0,6.0,2.0,6.0,4.0,28.0,0.0,0.0,1.0,1.0,21.7,1,1,1,1,9158,12059,1596,9917,5299,2619,13237,8806,5824,8004,1,4972,12373,10592,1.0,28:06,2015,2016
2015-16,203527,Ryan Kelly,Ryan,1610612747,LAL,Los Angeles Lakers,21501164,2016-04-05T00:00:00,LAL @ LAC,L,24.9,0.0,0.0,0.0,2.0,6.0,2.0,6.0,20.0,0.0,0.0,3.0,1.0,17.8,1,13074,13074,13074,11737,12059,10158,9917,12984,10028,3734,13388,11929,8004,1,17641,12373,13309,1.0,24:55,2015,2016
2015-16,2225,Tony Parker,Tony,1610612759,SAS,San Antonio Spurs,21501161,2016-04-05T00:00:00,SAS @ UTA,W,27.3,0.0,0.0,0.0,4.0,7.0,5.0,3.0,28.0,0.0,3.0,0.0,2.0,22.6,1,1,1,1,9763,12059,10158,9917,8599,12242,11469,7328,5824,8004,25441,1,7786,10000,1.0,27:18,2015,2016
2015-16,202397,Ish Smith,Ish,1610612755,PHI,Philadelphia 76ers,21501154,2016-04-05T00:00:00,PHI vs. NOP,W,29.9,0.0,0.0,4.0,2.0,9.0,16.0,2.0,18.0,2.0,0.0,3.0,1.0,22.4,1,1,1,1,7672,12059,10158,1913,12984,15771,25155,4025,13577,932,1,17641,12373,10131,1.0,29:51,2015,2016
2015-16,203903,Jordan Clarkson,Jordan,1610612747,LAL,Los Angeles Lakers,21501164,2016-04-05T00:00:00,LAL @ LAC,L,30.5,0.0,0.0,3.0,4.0,12.0,4.0,21.0,32.0,0.0,0.0,2.0,2.0,17.7,1,13074,13074,13074,7105,12059,10158,3302,8599,20178,8458,25725,3535,8004,1,11390,7786,13380,1.0,30:30,2015,2016
2015-16,1897,Metta World Peace,Metta,1610612747,LAL,Los Angeles Lakers,21501164,2016-04-05T00:00:00,LAL @ LAC,L,19.0,6.0,3.0,4.0,6.0,2.0,0.0,5.0,12.0,1.0,1.0,1.0,3.0,32.5,1,13074,13074,13074,16684,878,3104,1913,5299,2619,1,11593,18637,2692,17214,4972,4736,4726,1.0,19:01,2015,2016
2015-16,203530,Joffrey Lauvergne,Joffrey,1610612743,DEN,Denver Nuggets,21501160,2016-04-05T00:00:00,DEN vs. OKC,L,27.5,0.0,0.0,0.0,4.0,2.0,9.0,1.0,26.0,0.0,2.0,1.0,2.0,27.5,1,13074,13074,13074,9578,12059,10158,9917,8599,2619,19144,3646,7214,8004,23588,4972,7786,7137,1.0,27:32,2015,2016
2015-16,203469,Cody Zeller,Cody,1610612766,CHA,Charlotte Hornets,21501156,2016-04-05T00:00:00,CHA @ TOR,L,19.4,0.0,0.0,0.0,8.0,2.0,4.0,2.0,12.0,2.0,0.0,2.0,3.0,22.2,1,13074,13074,13074,16420,12059,10158,9917,3109,2619,8458,4025,18637,932,1,11390,4736,10263,1.0,19:21,2015,2016
2015-16,202703,Nikola Mirotic,Nikola,1610612741,CHI,Chicago Bulls,21501158,2016-04-05T00:00:00,CHI @ MEM,L,29.0,0.0,6.0,5.0,0.0,29.0,10.0,9.0,36.0,1.0,0.0,4.0,3.0,38.1,1,13074,13074,13074,8353,12059,481,1277,18861,26052,20509,18829,1943,2692,1,22104,4736,2879,1.0,29:01,2015,2016
2015-16,1626171,Bobby Portis,Bobby,1610612741,CHI,Chicago Bulls,21501158,2016-04-05T00:00:00,CHI @ MEM,L,19.0,0.0,4.0,4.0,8.0,9.0,7.0,2.0,8.0,2.0,0.0,2.0,1.0,27.9,1,13074,13074,13074,16720,12059,1596,1913,3109,15771,15642,4025,21543,932,1,11390,12373,6914,1.0,18:59,2015,2016
2015-16,203081,Damian Lillard,Damian,1610612757,POR,Portland Trail Blazers,21501162,2016-04-05T00:00:00,POR @ SAC,W,35.4,2.0,3.0,0.0,2.0,8.0,5.0,19.0,40.0,1.0,2.0,1.0,5.0,38.4,1,1,1,1,3264,6026,3104,9917,12984,13914,11469,25435,983,2692,23588,4972,1539,2802,1.0,35:21,2015,2016
2015-16,201967,Dante Cunningham,Dante,1610612740,NOP,New Orleans Pelicans,21501154,2016-04-05T00:00:00,NOP @ PHI,L,32.2,2.0,0.0,2.0,6.0,10.0,8.0,11.0,24.0,0.0,0.0,1.0,2.0,21.9,1,13074,13074,13074,5747,6026,10158,4675,5299,17370,17345,21342,8723,8004,1,4972,7786,10460,1.0,32:10,2015,2016
2015-16,203085,Austin Rivers,Austin,1610612746,LAC,LA Clippers,21501164,2016-04-05T00:00:00,LAC vs. LAL,W,17.8,0.0,0.0,2.0,2.0,10.0,2.0,9.0,18.0,0.0,1.0,0.0,3.0,13.9,1,1,1,1,17652,12059,10158,4675,12984,17370,3734,18829,13577,8004,17214,1,4736,16232,1.0,17:49,2015,2016
2015-16,2736,Luol Deng,Luol,1610612748,MIA,Miami Heat,21501155,2016-04-05T00:00:00,MIA vs. DET,W,34.3,2.0,0.0,6.0,6.0,8.0,8.0,3.0,24.0,0.0,0.0,2.0,1.0,32.1,1,1,1,1,4138,6026,10158,740,5299,13914,17345,7328,8723,8004,1,11390,12373,4889,1.0,34:15,2015,2016
2015-16,1626156,D'Angelo Russell,D'Angelo,1610612747,LAL,Los Angeles Lakers,21501164,2016-04-05T00:00:00,LAL @ LAC,L,33.5,0.0,0.0,3.0,2.0,18.0,6.0,26.0,36.0,1.0,1.0,5.0,1.0,17.1,1,13074,13074,13074,4719,12059,10158,3302,12984,24749,13237,26007,1943,2692,17214,24686,12373,13791,1.0,33:32,2015,2016
2015-16,202357,Nemanja Bjelica,Nemanja,1610612750,MIN,Minnesota Timberwolves,21501163,2016-04-05T00:00:00,MIN @ GSW,W,20.7,0.0,0.0,0.0,0.0,6.0,4.0,9.0,18.0,2.0,0.0,1.0,1.0,17.1,1,1,1,1,15345,12059,10158,9917,18861,10028,8458,18829,13577,932,1,4972,12373,13791,1.0,20:39,2015,2016
2015-16,203462,Archie Goodwin,Archie,1610612756,PHX,Phoenix Suns,21501157,2016-04-05T00:00:00,PHX @ ATL,L,15.7,0.0,0.0,2.0,2.0,6.0,5.0,6.0,16.0,2.0,2.0,0.0,1.0,13.9,1,13074,13074,13074,19251,12059,10158,4675,12984,10028,11469,13388,15259,932,23588,1,12373,16232,1.0,15:44,2015,2016
2015-16,201565,Derrick Rose,Derrick,1610612741,CHI,Chicago Bulls,21501158,2016-04-05T00:00:00,CHI @ MEM,L,35.2,2.0,2.0,0.0,6.0,23.0,13.0,9.0,26.0,0.0,0.0,1.0,2.0,28.0,1,13074,13074,13074,3387,6026,4731,9917,5299,25803,23668,18829,7214,8004,1,4972,7786,6864,1.0,35:13,2015,2016
2015-16,202710,Jimmy Butler III,Jimmy,1610612741,CHI,Chicago Bulls,21501158,2016-04-05T00:00:00,CHI @ MEM,L,35.4,0.0,0.0,2.0,4.0,25.0,13.0,7.0,32.0,0.0,0.0,0.0,1.0,13.8,1,13074,13074,13074,3235,12059,10158,4675,8599,25944,23668,15538,3535,8004,1,1,12373,16311,1.0,35:23,2015,2016
2015-16,2594,Kyle Korver,Kyle,1610612737,ATL,Atlanta Hawks,21501157,2016-04-05T00:00:00,ATL vs. PHX,W,28.6,3.0,3.0,3.0,2.0,9.0,0.0,9.0,16.0,0.0,0.0,4.0,2.0,13.7,1,1,1,1,8715,4307,3104,3302,12984,15771,1,18829,15259,8004,1,22104,7786,16393,1.0,28:37,2015,2016
2015-16,203897,Zach LaVine,Zach,1610612750,MIN,Minnesota Timberwolves,21501163,2016-04-05T00:00:00,MIN @ GSW,W,40.2,7.0,3.0,2.0,4.0,30.0,9.0,22.0,56.0,0.0,1.0,1.0,1.0,39.3,1,1,1,1,694,548,3104,4675,8599,26063,19144,25811,21,8004,17214,4972,12373,2563,1.0,40:09,2015,2016
2015-16,203079,Dion Waiters,Dion,1610612760,OKC,Oklahoma City Thunder,21501160,2016-04-05T00:00:00,OKC @ DEN,W,23.7,2.0,2.0,3.0,6.0,2.0,6.0,6.0,26.0,0.0,1.0,1.0,2.0,38.7,1,1,1,1,12837,6026,4731,3302,5299,2619,13237,13388,7214,8004,17214,4972,7786,2717,1.0,23:41,2015,2016
2015-16,201965,Jeff Ayres,Jeff,1610612746,LAC,LA Clippers,21501164,2016-04-05T00:00:00,LAC vs. LAL,W,6.9,2.0,2.0,0.0,2.0,1.0,5.0,2.0,2.0,0.0,0.0,0.0,0.0,8.3,1,1,1,1,23589,6026,4731,9917,12984,2356,11469,4025,24614,8004,1,1,18762,20376,1.0,6:55,2015,2016
2015-16,1626166,Cameron Payne,Cameron,1610612760,OKC,Oklahoma City Thunder,21501160,2016-04-05T00:00:00,OKC @ DEN,W,6.7,0.0,0.0,1.0,2.0,5.0,2.0,5.0,4.0,0.0,1.0,0.0,1.0,8.0,1,1,1,1,23694,12059,10158,9347,12984,8403,3734,11593,23698,8004,17214,1,12373,20564,1.0,6:39,2015,2016
2015-16,1626253,Axel Toupane,Axel,1610612743,DEN,Denver Nuggets,21501160,2016-04-05T00:00:00,DEN vs. OKC,L,23.9,0.0,0.0,2.0,4.0,2.0,9.0,1.0,20.0,0.0,0.0,2.0,1.0,18.4,1,13074,13074,13074,12650,12059,10158,4675,8599,2619,19144,3646,11929,8004,1,11390,12373,12854,1.0,23:54,2015,2016
2015-16,203112,Quincy Acy,Quincy,1610612758,SAC,Sacramento Kings,21501162,2016-04-05T00:00:00,SAC vs. POR,L,15.3,0.0,3.0,0.0,2.0,11.0,9.0,6.0,16.0,0.0,0.0,1.0,0.0,8.0,1,13074,13074,13074,19532,12059,3104,9917,12984,18886,19144,13388,15259,8004,1,4972,18762,20564,1.0,15:20,2015,2016
2015-16,201962,Toney Douglas,Toney,1610612740,NOP,New Orleans Pelicans,21501154,2016-04-05T00:00:00,NOP @ PHI,L,36.8,0.0,2.0,0.0,2.0,12.0,11.0,14.0,34.0,0.0,1.0,2.0,0.0,17.9,1,13074,13074,13074,2251,12059,4731,9917,12984,20178,21814,23710,2701,8004,17214,11390,18762,13229,1.0,36:46,2015,2016
2015-16,1938,Manu Ginobili,Manu,1610612759,SAS,San Antonio Spurs,21501161,2016-04-05T00:00:00,SAS @ UTA,W,18.5,2.0,2.0,2.0,4.0,4.0,0.0,0.0,4.0,0.0,0.0,1.0,1.0,18.4,1,1,1,1,17080,6026,4731,4675,8599,6141,1,1,23698,8004,1,4972,12373,12854,1.0,18:31,2015,2016
2015-16,2549,Chris Kaman,Chris,1610612757,POR,Portland Trail Blazers,21501162,2016-04-05T00:00:00,POR @ SAC,W,2.2,0.0,0.0,0.0,0.0,0.0,2.0,0.0,2.0,0.0,0.0,2.0,0.0,2.7,1,1,1,1,25453,12059,10158,9917,18861,1,3734,1,24614,8004,1,11390,18762,23884,1.0,2:11,2015,2016
2015-16,204060,Joe Ingles,Joe,1610612762,UTA,Utah Jazz,21501161,2016-04-05T00:00:00,UTA vs. SAS,L,26.3,0.0,0.0,0.0,2.0,17.0,4.0,9.0,18.0,0.0,0.0,3.0,3.0,17.9,1,13074,13074,13074,10626,12059,10158,9917,12984,24337,8458,18829,13577,8004,1,17641,4736,13229,1.0,26:16,2015,2016
2015-16,201584,Courtney Lee,Courtney,1610612766,CHA,Charlotte Hornets,21501156,2016-04-05T00:00:00,CHA @ TOR,L,36.3,0.0,0.0,0.0,6.0,4.0,6.0,9.0,26.0,1.0,1.0,5.0,1.0,21.4,1,13074,13074,13074,2579,12059,10158,9917,5299,6141,13237,18829,7214,2692,17214,24686,12373,10807,1.0,36:15,2015,2016
2015-16,201150,Spencer Hawes,Spencer,1610612766,CHA,Charlotte Hornets,21501156,2016-04-05T00:00:00,CHA @ TOR,L,8.5,0.0,0.0,0.0,2.0,0.0,3.0,5.0,4.0,1.0,1.0,1.0,0.0,7.9,1,13074,13074,13074,23028,12059,10158,9917,12984,1,7138,11593,23698,2692,17214,4972,18762,20646,1.0,8:29,2015,2016
2015-16,203521,Matthew Dellavedova,Matthew,1610612739,CLE,Cleveland Cavaliers,21501159,2016-04-05T00:00:00,CLE @ MIL,W,11.2,0.0,0.0,0.0,0.0,2.0,2.0,0.0,12.0,0.0,0.0,2.0,3.0,8.5,1,1,1,1,21950,12059,10158,9917,18861,2619,3734,1,18637,8004,1,11390,4736,20215,1.0,11:11,2015,2016
2015-16,1626144,Emmanuel Mudiay,Emmanuel,1610612743,DEN,Denver Nuggets,21501160,2016-04-05T00:00:00,DEN vs. OKC,L,27.1,2.0,2.0,4.0,10.0,14.0,7.0,22.0,30.0,0.0,0.0,2.0,2.0,21.4,1,13074,13074,13074,9974,6026,4731,1913,1840,22292,15642,25811,4541,8004,1,11390,7786,10807,1.0,27:03,2015,2016
2015-16,203999,Nikola Jokić,Nikola,1610612743,DEN,Denver Nuggets,21501160,2016-04-05T00:00:00,DEN vs. OKC,L,19.1,2.0,0.0,0.0,4.0,6.0,2.0,8.0,18.0,2.0,0.0,2.0,0.0,18.4,1,13074,13074,13074,16654,6026,10158,9917,8599,10028,3734,17194,13577,932,1,11390,18762,12854,1.0,19:03,2015,2016
2015-16,203082,Terrence Ross,Terrence,1610612761,TOR,Toronto Raptors,21501156,2016-04-05T00:00:00,TOR vs. CHA,W,21.0,2.0,0.0,2.0,2.0,0.0,5.0,0.0,14.0,0.0,0.0,0.0,1.0,7.8,1,1,1,1,15079,6026,10158,4675,12984,1,11469,1,17019,8004,1,1,12373,20696,1.0,20:59,2015,2016
2015-16,1626185,Jarell Martin,Jarell,1610612763,MEM,Memphis Grizzlies,21501158,2016-04-05T00:00:00,MEM vs. CHI,W,13.6,0.0,2.0,0.0,6.0,6.0,6.0,2.0,8.0,0.0,0.0,2.0,2.0,8.5,1,1,1,1,20625,12059,4731,9917,5299,10028,13237,4025,21543,8004,1,11390,7786,20215,1.0,13:38,2015,2016
2015-16,2405,Amar'e Stoudemire,Amar'e,1610612748,MIA,Miami Heat,21501155,2016-04-05T00:00:00,MIA vs. DET,W,14.3,0.0,0.0,0.0,0.0,2.0,0.0,2.0,14.0,0.0,0.0,2.0,1.0,7.8,1,1,1,1,20234,12059,10158,9917,18861,2619,1,4025,17019,8004,1,11390,12373,20696,1.0,14:16,2015,2016
2015-16,1626163,Frank Kaminsky,Frank,1610612766,CHA,Charlotte Hornets,21501156,2016-04-05T00:00:00,CHA @ TOR,L,29.8,2.0,2.0,0.0,0.0,6.0,7.0,7.0,20.0,1.0,2.0,2.0,1.0,20.7,1,13074,13074,13074,7761,6026,4731,9917,18861,10028,15642,15538,11929,2692,23588,11390,12373,11252,1.0,29:45,2015,2016
2015-16,203948,Johnny O'Bryant III,Johnny,1610612749,MIL,Milwaukee Bucks,21501159,2016-04-05T00:00:00,MIL vs. CLE,L,30.6,4.0,4.0,4.0,10.0,6.0,8.0,4.0,18.0,0.0,0.0,2.0,0.0,20.9,1,13074,13074,13074,7036,2460,1596,1913,1840,10028,17345,8806,13577,8004,1,11390,18762,11132,1.0,30:35,2015,2016
2015-16,1626159,Justise Winslow,Justise,1610612748,MIA,Miami Heat,21501155,2016-04-05T00:00:00,MIA vs. DET,W,29.7,3.0,1.0,3.0,4.0,8.0,8.0,3.0,26.0,0.0,1.0,2.0,2.0,18.0,1,1,1,1,7776,4307,9709,3302,8599,13914,17345,7328,7214,8004,17214,11390,7786,13164,1.0,29:44,2015,2016
2015-16,200757,Thabo Sefolosha,Thabo,1610612737,ATL,Atlanta Hawks,21501157,2016-04-05T00:00:00,ATL vs. PHX,W,19.7,5.0,0.0,7.0,6.0,4.0,3.0,4.0,12.0,0.0,0.0,1.0,1.0,16.3,1,1,1,1,16148,1603,10158,454,5299,6141,7138,8806,18637,8004,1,4972,12373,14372,1.0,19:42,2015,2016
2015-16,200751,Randy Foye,Randy,1610612760,OKC,Oklahoma City Thunder,21501160,2016-04-05T00:00:00,OKC @ DEN,W,19.2,0.0,0.0,0.0,2.0,4.0,4.0,4.0,18.0,1.0,0.0,2.0,0.0,7.5,1,1,1,1,16540,12059,10158,9917,12984,6141,8458,8806,13577,2692,1,11390,18762,20874,1.0,19:11,2015,2016
2015-16,1626199,Darrun Hilliard,Darrun,1610612765,DET,Detroit Pistons,21501155,2016-04-05T00:00:00,DET @ MIA,L,14.3,5.0,0.0,0.0,0.0,4.0,4.0,1.0,10.0,0.0,0.0,0.0,0.0,13.1,1,13074,13074,13074,20234,1603,10158,9917,18861,6141,8458,3646,20209,8004,1,1,18762,16874,1.0,14:16,2015,2016
2015-16,201980,Danny Green,Danny,1610612759,SAS,San Antonio Spurs,21501161,2016-04-05T00:00:00,SAS @ UTA,W,26.4,0.0,0.0,0.0,2.0,3.0,6.0,3.0,28.0,0.0,0.0,3.0,1.0,13.1,1,1,1,1,10537,12059,10158,9917,12984,5109,13237,7328,5824,8004,1,17641,12373,16874,1.0,26:24,2015,2016
2015-16,203143,Pablo Prigioni,Pablo,1610612746,LAC,LA Clippers,21501164,2016-04-05T00:00:00,LAC vs. LAL,W,8.5,0.0,0.0,2.0,2.0,1.0,5.0,2.0,4.0,0.0,0.0,0.0,0.0,8.0,1,1,1,1,23037,12059,10158,4675,12984,2356,11469,4025,23698,8004,1,1,18762,20564,1.0,8:27,2015,2016
2015-16,203115,Will Barton,Will,1610612743,DEN,Denver Nuggets,21501160,2016-04-05T00:00:00,DEN vs. OKC,L,30.4,2.0,3.0,4.0,4.0,8.0,9.0,7.0,38.0,0.0,0.0,2.0,2.0,20.8,1,13074,13074,13074,7177,6026,3104,1913,8599,13914,19144,15538,1422,8004,1,11390,7786,11195,1.0,30:24,2015,2016
2015-16,202329,Al-Farouq Aminu,Al-Farouq,1610612757,POR,Portland Trail Blazers,21501162,2016-04-05T00:00:00,POR @ SAC,W,21.1,0.0,0.0,2.0,2.0,4.0,3.0,14.0,28.0,1.0,1.0,2.0,1.0,18.4,1,1,1,1,15010,12059,10158,4675,12984,6141,7138,23710,5824,2692,17214,11390,12373,12854,1.0,21:03,2015,2016
2015-16,203943,Noah Vonleh,Noah,1610612757,POR,Portland Trail Blazers,21501162,2016-04-05T00:00:00,POR @ SAC,W,7.8,0.0,0.0,0.0,0.0,2.0,0.0,2.0,6.0,1.0,0.0,0.0,0.0,8.4,1,1,1,1,23253,12059,10158,9917,18861,2619,1,4025,22724,2692,1,1,18762,20273,1.0,7:50,2015,2016
2015-16,1626196,Josh Richardson,Josh,1610612748,MIA,Miami Heat,21501155,2016-04-05T00:00:00,MIA vs. DET,W,35.5,0.0,3.0,0.0,2.0,8.0,12.0,3.0,28.0,0.0,0.0,1.0,0.0,18.4,1,1,1,1,3147,12059,3104,9917,12984,13914,22832,7328,5824,8004,1,4972,18762,12854,1.0,35:29,2015,2016
2015-16,203200,Justin Holiday,Justin,1610612741,CHI,Chicago Bulls,21501158,2016-04-05T00:00:00,CHI @ MEM,L,16.7,6.0,3.0,2.0,2.0,18.0,4.0,9.0,18.0,1.0,0.0,0.0,1.0,12.7,1,13074,13074,13074,18488,878,3104,4675,12984,24749,8458,18829,13577,2692,1,1,12373,17201,1.0,16:43,2015,2016
2015-16,203924,Jerami Grant,Jerami,1610612755,PHI,Philadelphia 76ers,21501154,2016-04-05T00:00:00,PHI vs. NOP,W,23.5,4.0,0.0,2.0,6.0,7.0,8.0,0.0,14.0,0.0,0.0,1.0,4.0,21.1,1,1,1,1,12945,2460,10158,4675,5299,12242,17345,1,17019,8004,1,4972,2748,11012,1.0,23:33,2015,2016
2015-16,203493,Reggie Bullock Jr.,Reggie,1610612765,DET,Detroit Pistons,21501155,2016-04-05T00:00:00,DET @ MIA,L,3.9,0.0,2.0,0.0,2.0,1.0,0.0,1.0,2.0,0.0,0.0,0.0,0.0,2.0,1,13074,13074,13074,24734,12059,4731,9917,12984,2356,1,3646,24614,8004,1,1,18762,24216,1.0,3:55,2015,2016
2015-16,201229,Anthony Tolliver,Anthony,1610612765,DET,Detroit Pistons,21501155,2016-04-05T00:00:00,DET @ MIA,L,24.0,0.0,0.0,0.0,2.0,11.0,8.0,8.0,22.0,0.0,0.0,0.0,1.0,7.7,1,13074,13074,13074,12609,12059,10158,9917,12984,18886,17345,17194,10265,8004,1,1,12373,20733,1.0,23:58,2015,2016
2015-16,203937,Kyle Anderson,Kyle,1610612759,SAS,San Antonio Spurs,21501161,2016-04-05T00:00:00,SAS @ UTA,W,22.8,5.0,0.0,2.0,4.0,2.0,2.0,2.0,18.0,0.0,0.0,2.0,1.0,23.6,1,1,1,1,13528,1603,10158,4675,8599,2619,3734,4025,13577,8004,1,11390,12373,9377,1.0,22:48,2015,2016
2015-16,203210,JaMychal Green,JaMychal,1610612763,MEM,Memphis Grizzlies,21501158,2016-04-05T00:00:00,MEM vs. CHI,W,24.4,4.0,2.0,0.0,4.0,8.0,5.0,11.0,16.0,0.0,2.0,3.0,2.0,23.5,1,1,1,1,12241,2460,4731,9917,8599,13914,11469,21342,15259,8004,23588,17641,7786,9452,1.0,24:22,2015,2016
2015-16,202699,Tobias Harris,Tobias,1610612765,DET,Detroit Pistons,21501155,2016-04-05T00:00:00,DET @ MIA,L,29.2,0.0,2.0,0.0,14.0,8.0,6.0,4.0,26.0,0.0,0.0,2.0,3.0,34.4,1,13074,13074,13074,8195,12059,4731,9917,542,13914,13237,8806,7214,8004,1,11390,4736,4029,1.0,29:13,2015,2016
2015-16,2570,Kendrick Perkins,Kendrick,1610612740,NOP,New Orleans Pelicans,21501154,2016-04-05T00:00:00,NOP @ PHI,L,22.7,0.0,2.0,0.0,8.0,12.0,11.0,10.0,26.0,0.0,1.0,0.0,0.0,19.4,1,13074,13074,13074,13607,12059,4731,9917,3109,20178,21814,20169,7214,8004,17214,1,18762,12154,1.0,22:42,2015,2016
2015-16,201586,Serge Ibaka,Serge,1610612760,OKC,Oklahoma City Thunder,21501160,2016-04-05T00:00:00,OKC @ DEN,W,28.9,4.0,2.0,5.0,6.0,11.0,7.0,10.0,30.0,0.0,0.0,2.0,2.0,23.5,1,1,1,1,8448,2460,4731,1277,5299,18886,15642,20169,4541,8004,1,11390,7786,9452,1.0,28:54,2015,2016
2015-16,201143,Al Horford,Al,1610612737,ATL,Atlanta Hawks,21501157,2016-04-05T00:00:00,ATL vs. PHX,W,34.2,2.0,5.0,2.0,8.0,6.0,1.0,7.0,12.0,0.0,1.0,4.0,1.0,34.5,1,1,1,1,4150,6026,995,4675,3109,10028,3393,15538,18637,8004,17214,22104,12373,3997,1.0,34:14,2015,2016
2015-16,202691,Klay Thompson,Klay,1610612744,GSW,Golden State Warriors,21501163,2016-04-05T00:00:00,GSW vs. MIN,L,40.4,7.0,0.0,5.0,14.0,22.0,11.0,13.0,42.0,1.0,1.0,4.0,1.0,35.1,1,13074,13074,13074,634,548,10158,1277,542,25683,21814,23048,670,2692,17214,22104,12373,3777,1.0,40:22,2015,2016
2015-16,1626173,Rashad Vaughn,Rashad,1610612749,MIL,Milwaukee Bucks,21501159,2016-04-05T00:00:00,MIL vs. CLE,L,44.5,0.0,0.0,0.0,0.0,6.0,6.0,4.0,24.0,1.0,2.0,1.0,0.0,25.9,1,13074,13074,13074,100,12059,10158,9917,18861,10028,13237,8806,8723,2692,23588,4972,18762,7960,1.0,44:32,2015,2016
2015-16,203476,Gorgui Dieng,Gorgui,1610612750,MIN,Minnesota Timberwolves,21501163,2016-04-05T00:00:00,MIN @ GSW,W,19.0,2.0,0.0,2.0,6.0,15.0,4.0,8.0,24.0,2.0,0.0,1.0,1.0,23.0,1,1,1,1,16709,6026,10158,4675,5299,23079,8458,17194,8723,932,1,4972,12373,9760,1.0,18:60,2015,2016
2015-16,1626245,Cristiano Felicio,Cristiano,1610612741,CHI,Chicago Bulls,21501158,2016-04-05T00:00:00,CHI @ MEM,L,13.9,0.0,0.0,0.0,0.0,13.0,6.0,9.0,14.0,1.0,0.0,3.0,2.0,10.0,1,13074,13074,13074,20495,12059,10158,9917,18861,21300,13237,18829,17019,2692,1,17641,7786,19178,1.0,13:52,2015,2016
2015-16,101112,Channing Frye,Channing,1610612739,CLE,Cleveland Cavaliers,21501159,2016-04-05T00:00:00,CLE @ MIL,W,22.5,0.0,3.0,0.0,2.0,6.0,4.0,2.0,16.0,1.0,0.0,2.0,0.0,25.7,1,1,1,1,13747,12059,3104,9917,12984,10028,8458,4025,15259,2692,1,11390,18762,8088,1.0,22:32,2015,2016
2015-16,202325,Wesley Johnson,Wesley,1610612746,LAC,LA Clippers,21501164,2016-04-05T00:00:00,LAC vs. LAL,W,19.5,0.0,0.0,3.0,0.0,8.0,4.0,9.0,16.0,1.0,0.0,1.0,0.0,18.9,1,1,1,1,16306,12059,10158,3302,18861,13914,8458,18829,15259,2692,1,4972,18762,12513,1.0,19:31,2015,2016
2015-16,201945,Gerald Henderson,Gerald,1610612757,POR,Portland Trail Blazers,21501162,2016-04-05T00:00:00,POR @ SAC,W,31.8,0.0,2.0,4.0,6.0,4.0,6.0,12.0,24.0,0.0,0.0,2.0,4.0,22.9,1,1,1,1,6048,12059,4731,1913,5299,6141,13237,22259,8723,8004,1,11390,2748,9811,1.0,31:50,2015,2016
2015-16,202328,Greg Monroe,Greg,1610612749,MIL,Milwaukee Bucks,21501159,2016-04-05T00:00:00,MIL vs. CLE,L,24.8,0.0,0.0,0.0,6.0,6.0,6.0,2.0,14.0,0.0,2.0,1.0,2.0,19.0,1,13074,13074,13074,11841,12059,10158,9917,5299,10028,13237,4025,17019,8004,23588,4972,7786,12440,1.0,24:47,2015,2016
2015-16,202335,Patrick Patterson,Patrick,1610612761,TOR,Toronto Raptors,21501156,2016-04-05T00:00:00,TOR vs. CHA,W,28.2,0.0,3.0,0.0,6.0,3.0,8.0,0.0,24.0,0.0,0.0,2.0,1.0,23.1,1,1,1,1,9075,12059,3104,9917,5299,5109,17345,1,8723,8004,1,11390,12373,9699,1.0,28:12,2015,2016
2015-16,202344,Trevor Booker,Trevor,1610612762,UTA,Utah Jazz,21501161,2016-04-05T00:00:00,UTA vs. SAS,L,16.3,0.0,0.0,2.0,6.0,7.0,3.0,2.0,8.0,1.0,0.0,3.0,1.0,19.0,1,13074,13074,13074,18831,12059,10158,4675,5299,12242,7138,4025,21543,2692,1,17641,12373,12440,1.0,16:17,2015,2016
2015-16,203918,Rodney Hood,Rodney,1610612762,UTA,Utah Jazz,21501161,2016-04-05T00:00:00,UTA vs. SAS,L,36.5,2.0,0.0,2.0,14.0,11.0,6.0,4.0,20.0,0.0,1.0,2.0,1.0,33.4,1,13074,13074,13074,2397,6026,10158,4675,542,18886,13237,8806,11929,8004,17214,11390,12373,4384,1.0,36:30,2015,2016
2015-16,2581,Steve Blake,Steve,1610612765,DET,Detroit Pistons,21501155,2016-04-05T00:00:00,DET @ MIA,L,15.3,3.0,0.0,0.0,0.0,5.0,3.0,2.0,14.0,0.0,0.0,2.0,0.0,14.9,1,13074,13074,13074,19559,4307,10158,9917,18861,8403,7138,4025,17019,8004,1,11390,18762,15463,1.0,15:18,2015,2016
2015-16,203516,James Ennis III,James,1610612740,NOP,New Orleans Pelicans,21501154,2016-04-05T00:00:00,NOP @ PHI,L,29.7,2.0,3.0,0.0,4.0,15.0,13.0,9.0,22.0,1.0,0.0,3.0,4.0,14.2,1,13074,13074,13074,7776,6026,3104,9917,8599,23079,23668,18829,10265,2692,1,17641,2748,16003,1.0,29:44,2015,2016
2015-16,203953,Jabari Parker,Jabari,1610612749,MIL,Milwaukee Bucks,21501159,2016-04-05T00:00:00,MIL vs. CLE,L,41.3,4.0,4.0,2.0,14.0,6.0,8.0,4.0,28.0,0.0,2.0,1.0,6.0,25.4,1,13074,13074,13074,435,2460,1596,4675,542,10028,17345,8806,5824,8004,23588,4972,873,8273,1.0,41:16,2015,2016
2015-16,202332,Cole Aldrich,Cole,1610612746,LAC,LA Clippers,21501164,2016-04-05T00:00:00,LAC vs. LAL,W,18.6,0.0,0.0,0.0,6.0,5.0,7.0,4.0,14.0,1.0,0.0,4.0,1.0,19.1,1,1,1,1,16991,12059,10158,9917,5299,8403,15642,8806,17019,2692,1,22104,12373,12372,1.0,18:38,2015,2016
2015-16,2365,Chris Andersen,Chris,1610612763,MEM,Memphis Grizzlies,21501158,2016-04-05T00:00:00,MEM vs. CHI,W,22.0,0.0,0.0,0.0,2.0,4.0,12.0,6.0,14.0,0.0,0.0,2.0,2.0,9.7,1,1,1,1,14151,12059,10158,9917,12984,6141,22832,13388,17019,8004,1,11390,7786,19379,1.0,22:02,2015,2016
2015-16,203914,Gary Harris,Gary,1610612743,DEN,Denver Nuggets,21501160,2016-04-05T00:00:00,DEN vs. OKC,L,26.8,7.0,2.0,2.0,6.0,12.0,6.0,22.0,34.0,0.0,0.0,0.0,1.0,34.3,1,13074,13074,13074,10204,548,4731,4675,5299,20178,13237,25811,2701,8004,1,1,12373,4063,1.0,26:47,2015,2016
2015-16,200755,JJ Redick,JJ,1610612746,LAC,LA Clippers,21501164,2016-04-05T00:00:00,LAC vs. LAL,W,21.8,4.0,2.0,5.0,4.0,0.0,6.0,3.0,8.0,0.0,0.0,2.0,1.0,14.6,1,1,1,1,14331,2460,4731,1277,8599,1,13237,7328,21543,8004,1,11390,12373,15699,1.0,21:48,2015,2016
2015-16,200768,Kyle Lowry,Kyle,1610612761,TOR,Toronto Raptors,21501156,2016-04-05T00:00:00,TOR vs. CHA,W,39.7,4.0,2.0,3.0,4.0,6.0,11.0,0.0,24.0,1.0,0.0,4.0,2.0,33.8,1,1,1,1,813,2460,4731,3302,8599,10028,21814,1,8723,2692,1,22104,7786,4244,1.0,39:43,2015,2016
2015-16,202683,Enes Freedom,Enes,1610612760,OKC,Oklahoma City Thunder,21501160,2016-04-05T00:00:00,OKC @ DEN,W,20.7,0.0,2.0,0.0,14.0,4.0,6.0,4.0,24.0,1.0,0.0,5.0,0.0,34.7,1,1,1,1,15319,12059,4731,9917,542,6141,13237,8806,8723,2692,1,24686,18762,3935,1.0,20:42,2015,2016
2015-16,203084,Harrison Barnes,Harrison,1610612744,GSW,Golden State Warriors,21501163,2016-04-05T00:00:00,GSW vs. MIN,L,35.1,6.0,2.0,5.0,6.0,16.0,11.0,10.0,38.0,0.0,1.0,2.0,0.0,25.0,1,13074,13074,13074,3450,878,4731,1277,5299,23774,21814,20169,1422,8004,17214,11390,18762,8485,1.0,35:07,2015,2016
2015-16,202695,Kawhi Leonard,Kawhi,1610612759,SAS,San Antonio Spurs,21501161,2016-04-05T00:00:00,SAS @ UTA,W,38.3,0.0,3.0,2.0,4.0,9.0,8.0,5.0,36.0,2.0,0.0,3.0,7.0,34.6,1,1,1,1,1372,12059,3104,4675,8599,15771,17345,11593,1943,932,1,17641,469,3963,1.0,38:18,2015,2016
2015-16,2561,David West,David,1610612759,SAS,San Antonio Spurs,21501161,2016-04-05T00:00:00,SAS @ UTA,W,20.0,4.0,0.0,0.0,4.0,2.0,3.0,2.0,8.0,0.0,0.0,1.0,0.0,14.1,1,1,1,1,15937,2460,10158,9917,8599,2619,7138,4025,21543,8004,1,4972,18762,16094,1.0,19:58,2015,2016
2015-16,204028,Tarik Black,Tarik,1610612747,LAL,Los Angeles Lakers,21501164,2016-04-05T00:00:00,LAL @ LAC,L,23.9,2.0,4.0,0.0,4.0,0.0,0.0,5.0,16.0,0.0,1.0,2.0,1.0,19.2,1,13074,13074,13074,12650,6026,1596,9917,8599,1,1,11593,15259,8004,17214,11390,12373,12284,1.0,23:54,2015,2016
2015-16,203458,Alex Len,Alex,1610612756,PHX,Phoenix Suns,21501157,2016-04-05T00:00:00,PHX @ ATL,L,34.8,2.0,2.0,0.0,6.0,26.0,13.0,23.0,40.0,1.0,0.0,4.0,2.0,23.4,1,13074,13074,13074,3690,6026,4731,9917,5299,25979,23668,25880,983,2692,1,22104,7786,9501,1.0,34:48,2015,2016
2015-16,203459,Allen Crabbe,Allen,1610612757,POR,Portland Trail Blazers,21501162,2016-04-05T00:00:00,POR @ SAC,W,24.8,5.0,3.0,0.0,0.0,2.0,6.0,9.0,22.0,0.0,2.0,2.0,1.0,19.3,1,1,1,1,11841,1603,3104,9917,18861,2619,13237,18829,10265,8004,23588,11390,12373,12228,1.0,24:47,2015,2016
2015-16,202324,Derrick Favors,Derrick,1610612762,UTA,Utah Jazz,21501161,2016-04-05T00:00:00,UTA vs. SAS,L,26.9,4.0,0.0,0.0,2.0,4.0,2.0,2.0,12.0,1.0,0.0,2.0,1.0,19.3,1,13074,13074,13074,10062,2460,10158,9917,12984,6141,3734,4025,18637,2692,1,11390,12373,12228,1.0,26:57,2015,2016
2015-16,1626273,Marcelo Huertas,Marcelo,1610612747,LAL,Los Angeles Lakers,21501164,2016-04-05T00:00:00,LAL @ LAC,L,30.3,2.0,0.0,2.0,4.0,6.0,2.0,9.0,24.0,0.0,0.0,2.0,2.0,19.6,1,13074,13074,13074,7237,6026,10158,4675,8599,10028,3734,18829,8723,8004,1,11390,7786,12024,1.0,30:20,2015,2016
2015-16,201937,Ricky Rubio,Ricky,1610612750,MIN,Minnesota Timberwolves,21501163,2016-04-05T00:00:00,MIN @ GSW,W,33.8,0.0,0.0,0.0,2.0,26.0,9.0,20.0,50.0,0.0,0.0,5.0,2.0,19.3,1,1,1,1,4481,12059,10158,9917,12984,25979,19144,25599,107,8004,1,24686,7786,12228,1.0,33:50,2015,2016
2015-16,202389,Timofey Mozgov,Timofey,1610612739,CLE,Cleveland Cavaliers,21501159,2016-04-05T00:00:00,CLE @ MIL,W,21.7,0.0,0.0,0.0,4.0,6.0,8.0,8.0,34.0,3.0,0.0,1.0,0.0,19.3,1,1,1,1,14424,12059,10158,9917,8599,10028,17345,17194,2701,347,1,4972,18762,12228,1.0,21:43,2015,2016
2015-16,204456,T.J. McConnell,T.J.,1610612755,PHI,Philadelphia 76ers,21501154,2016-04-05T00:00:00,PHI vs. NOP,W,18.2,2.0,0.0,0.0,4.0,2.0,4.0,0.0,18.0,0.0,0.0,1.0,1.0,23.4,1,1,1,1,17388,6026,10158,9917,8599,2619,8458,1,13577,8004,1,4972,12373,9501,1.0,18:09,2015,2016
2015-16,202323,Evan Turner,Evan,1610612738,BOS,Boston Celtics,21501153,2016-04-03T00:00:00,BOS @ LAL,W,35.7,2.0,0.0,0.0,6.0,14.0,11.0,12.0,42.0,0.0,0.0,2.0,2.0,25.8,1,1,1,1,2985,6026,10158,9917,5299,22292,21814,22259,670,8004,1,11390,7786,8022,1.0,35:41,2015,2016
2015-16,203898,Tyler Ennis,Tyler,1610612749,MIL,Milwaukee Bucks,21501150,2016-04-03T00:00:00,MIL vs. CHI,L,30.8,3.0,0.0,0.0,6.0,11.0,6.0,13.0,40.0,0.0,0.0,3.0,1.0,25.8,1,13074,13074,13074,6915,4307,10158,9917,5299,18886,13237,23048,983,8004,1,17641,12373,8022,1.0,30:46,2015,2016
2015-16,203486,Mason Plumlee,Mason,1610612757,POR,Portland Trail Blazers,21501152,2016-04-03T00:00:00,POR @ GSW,L,19.3,0.0,0.0,0.0,8.0,5.0,6.0,12.0,26.0,1.0,1.0,3.0,2.0,23.8,1,13074,13074,13074,16440,12059,10158,9917,3109,8403,13237,22259,7214,2692,17214,17641,7786,9261,1.0,19:20,2015,2016
2015-16,1626167,Myles Turner,Myles,1610612754,IND,Indiana Pacers,21501151,2016-04-03T00:00:00,IND @ NYK,W,30.6,0.0,2.0,4.0,6.0,11.0,6.0,6.0,28.0,1.0,0.0,2.0,2.0,25.7,1,1,1,1,7057,12059,4731,1913,5299,18886,13237,13388,5824,2692,1,11390,7786,8088,1.0,30:33,2015,2016
2015-16,1626185,Jarell Martin,Jarell,1610612763,MEM,Memphis Grizzlies,21501148,2016-04-03T00:00:00,MEM @ ORL,L,15.6,0.0,2.0,0.0,2.0,1.0,5.0,3.0,6.0,0.0,0.0,2.0,3.0,14.7,1,13074,13074,13074,19351,12059,4731,9917,12984,2356,11469,7328,22724,8004,1,11390,4736,15631,1.0,15:36,2015,2016
2015-16,201196,Ramon Sessions,Ramon,1610612764,WAS,Washington Wizards,21501147,2016-04-03T00:00:00,WAS @ LAC,L,23.2,0.0,3.0,0.0,8.0,8.0,2.0,4.0,24.0,0.0,1.0,0.0,4.0,26.0,1,13074,13074,13074,13160,12059,3104,9917,3109,13914,3734,8806,8723,8004,17214,1,2748,7910,1.0,23:14,2015,2016
2015-16,2585,Zaza Pachulia,Zaza,1610612742,DAL,Dallas Mavericks,21501146,2016-04-03T00:00:00,DAL @ MIN,W,22.6,0.0,2.0,0.0,2.0,7.0,0.0,3.0,12.0,0.0,1.0,5.0,2.0,14.3,1,1,1,1,13726,12059,4731,9917,12984,12242,1,7328,18637,8004,17214,24686,7786,15948,1.0,22:33,2015,2016
2015-16,203508,Sergey Karasev,Sergey,1610612751,BKN,Brooklyn Nets,21501143,2016-04-03T00:00:00,BKN vs. NOP,L,20.0,0.0,2.0,0.0,2.0,20.0,7.0,20.0,32.0,0.0,1.0,2.0,1.0,15.0,1,13074,13074,13074,15937,12059,4731,9917,12984,25338,15642,25599,3535,8004,17214,11390,12373,15404,1.0,19:58,2015,2016
2015-16,201973,Jonas Jerebko,Jonas,1610612738,BOS,Boston Celtics,21501153,2016-04-03T00:00:00,BOS @ LAL,W,19.2,0.0,1.0,2.0,2.0,1.0,7.0,5.0,18.0,1.0,0.0,2.0,1.0,18.9,1,1,1,1,16522,12059,9709,4675,12984,2356,15642,11593,13577,2692,1,11390,12373,12513,1.0,19:13,2015,2016
2015-16,202700,Donatas Motiejunas,Donatas,1610612745,HOU,Houston Rockets,21501145,2016-04-03T00:00:00,HOU vs. OKC,W,18.5,0.0,0.0,0.0,2.0,6.0,6.0,5.0,14.0,0.0,1.0,1.0,2.0,14.3,1,1,1,1,17066,12059,10158,9917,12984,10028,13237,11593,17019,8004,17214,4972,7786,15948,1.0,18:32,2015,2016
2015-16,2570,Kendrick Perkins,Kendrick,1610612740,NOP,New Orleans Pelicans,21501143,2016-04-03T00:00:00,NOP @ BKN,W,14.9,0.0,1.0,0.0,6.0,2.0,8.0,2.0,16.0,1.0,0.0,2.0,1.0,14.7,1,1,1,1,19800,12059,9709,9917,5299,2619,17345,4025,15259,2692,1,11390,12373,15631,1.0,14:56,2015,2016
2015-16,203490,Otto Porter Jr.,Otto,1610612764,WAS,Washington Wizards,21501147,2016-04-03T00:00:00,WAS @ LAC,L,32.2,0.0,3.0,6.0,0.0,11.0,11.0,9.0,32.0,0.0,0.0,2.0,0.0,26.1,1,13074,13074,13074,5692,12059,3104,740,18861,18886,21814,18829,3535,8004,1,11390,18762,7836,1.0,32:14,2015,2016
2015-16,2403,Nene,ene,1610612764,WAS,Washington Wizards,21501147,2016-04-03T00:00:00,WAS @ LAC,L,19.0,2.0,2.0,2.0,8.0,8.0,4.0,2.0,20.0,0.0,1.0,3.0,3.0,18.8,1,13074,13074,13074,16670,6026,4731,4675,3109,13914,8458,4025,11929,8004,17214,17641,4736,12588,1.0,19:02,2015,2016
2015-16,203991,Clint Capela,Clint,1610612745,HOU,Houston Rockets,21501145,2016-04-03T00:00:00,HOU vs. OKC,W,23.0,5.0,2.0,0.0,8.0,12.0,16.0,6.0,22.0,4.0,2.0,6.0,2.0,34.2,1,1,1,1,13377,1603,4731,9917,3109,20178,25155,13388,10265,132,23588,25827,7786,4092,1.0,22:60,2015,2016
2015-16,201579,Roy Hibbert,Roy,1610612747,LAL,Los Angeles Lakers,21501153,2016-04-03T00:00:00,LAL vs. BOS,L,28.5,0.0,0.0,0.0,2.0,8.0,15.0,11.0,32.0,3.0,0.0,1.0,2.0,25.0,1,13074,13074,13074,8778,12059,10158,9917,12984,13914,24781,21342,3535,347,1,4972,7786,8485,1.0,28:32,2015,2016
2015-16,202344,Trevor Booker,Trevor,1610612762,UTA,Utah Jazz,21501149,2016-04-03T00:00:00,UTA @ PHX,W,16.7,0.0,2.0,2.0,4.0,2.0,0.0,0.0,12.0,2.0,0.0,1.0,0.0,19.0,1,1,1,1,18521,12059,4731,4675,8599,2619,1,1,18637,932,1,4972,18762,12440,1.0,16:40,2015,2016
2015-16,203101,Miles Plumlee,Miles,1610612749,MIL,Milwaukee Bucks,21501150,2016-04-03T00:00:00,MIL vs. CHI,L,24.8,0.0,3.0,2.0,8.0,6.0,4.0,8.0,30.0,1.0,0.0,0.0,1.0,23.6,1,13074,13074,13074,11797,12059,3104,4675,3109,10028,8458,17194,4541,2692,1,1,12373,9377,1.0,24:50,2015,2016
2015-16,101109,Raymond Felton,Raymond,1610612742,DAL,Dallas Mavericks,21501146,2016-04-03T00:00:00,DAL @ MIN,W,18.0,0.0,0.0,2.0,2.0,5.0,2.0,3.0,12.0,1.0,0.0,1.0,0.0,10.1,1,1,1,1,17486,12059,10158,4675,12984,8403,3734,7328,18637,2692,1,4972,18762,19105,1.0,18:03,2015,2016
2015-16,203524,Solomon Hill,Solomon,1610612754,IND,Indiana Pacers,21501151,2016-04-03T00:00:00,IND @ NYK,W,18.5,2.0,0.0,4.0,4.0,0.0,4.0,2.0,16.0,0.0,1.0,0.0,0.0,10.1,1,1,1,1,17098,6026,10158,1913,8599,1,8458,4025,15259,8004,17214,1,18762,19105,1.0,18:30,2015,2016
2015-16,203944,Julius Randle,Julius,1610612747,LAL,Los Angeles Lakers,21501153,2016-04-03T00:00:00,LAL vs. BOS,L,30.0,2.0,2.0,5.0,12.0,12.0,11.0,15.0,32.0,0.0,0.0,1.0,5.0,34.0,1,13074,13074,13074,7586,6026,4731,1277,988,20178,21814,24242,3535,8004,1,4972,1539,4162,1.0,29:57,2015,2016
2015-16,203187,Chris Johnson,Chris,1610612762,UTA,Utah Jazz,21501149,2016-04-03T00:00:00,UTA @ PHX,W,17.8,0.0,0.0,2.0,2.0,2.0,7.0,0.0,16.0,1.0,0.0,0.0,1.0,10.4,1,1,1,1,17711,12059,10158,4675,12984,2619,15642,1,15259,2692,1,1,12373,18859,1.0,17:46,2015,2016
2015-16,203156,Henry Sims,Henry,1610612751,BKN,Brooklyn Nets,21501143,2016-04-03T00:00:00,BKN vs. NOP,L,30.1,4.0,0.0,0.0,6.0,15.0,3.0,9.0,32.0,0.0,0.0,2.0,1.0,22.9,1,13074,13074,13074,7484,2460,10158,9917,5299,23079,7138,18829,3535,8004,1,11390,12373,9811,1.0,30:04,2015,2016
2015-16,202332,Cole Aldrich,Cole,1610612746,LAC,LA Clippers,21501147,2016-04-03T00:00:00,LAC vs. WAS,W,10.2,2.0,0.0,0.0,6.0,10.0,4.0,4.0,14.0,0.0,0.0,4.0,1.0,14.4,1,1,1,1,22369,6026,10158,9917,5299,17370,8458,8806,17019,8004,1,22104,12373,15857,1.0,10:10,2015,2016
2015-16,203935,Marcus Smart,Marcus,1610612738,BOS,Boston Celtics,21501153,2016-04-03T00:00:00,BOS @ LAL,W,29.3,2.0,3.0,2.0,2.0,7.0,7.0,6.0,26.0,0.0,1.0,4.0,3.0,23.0,1,1,1,1,8150,6026,3104,4675,12984,12242,15642,13388,7214,8004,17214,22104,4736,9760,1.0,29:16,2015,2016
2015-16,2733,Shaun Livingston,Shaun,1610612744,GSW,Golden State Warriors,21501152,2016-04-03T00:00:00,GSW vs. POR,W,21.0,0.0,0.0,2.0,6.0,6.0,6.0,2.0,8.0,0.0,0.0,2.0,0.0,14.6,1,1,1,1,15021,12059,10158,4675,5299,10028,13237,4025,21543,8004,1,11390,18762,15699,1.0,21:02,2015,2016
2015-16,202328,Greg Monroe,Greg,1610612749,MIL,Milwaukee Bucks,21501150,2016-04-03T00:00:00,MIL vs. CHI,L,23.2,4.0,2.0,2.0,4.0,10.0,2.0,5.0,28.0,1.0,1.0,1.0,2.0,23.5,1,13074,13074,13074,13231,2460,4731,4675,8599,17370,3734,11593,5824,2692,17214,4972,7786,9452,1.0,23:10,2015,2016
2015-16,203930,Sean Kilpatrick,Sean,1610612751,BKN,Brooklyn Nets,21501143,2016-04-03T00:00:00,BKN vs. NOP,L,26.2,2.0,5.0,2.0,6.0,24.0,7.0,27.0,40.0,0.0,2.0,3.0,2.0,14.6,1,13074,13074,13074,10726,6026,995,4675,5299,25890,15642,26031,983,8004,23588,17641,7786,15699,1.0,26:09,2015,2016
2015-16,202693,Markieff Morris,Markieff,1610612764,WAS,Washington Wizards,21501147,2016-04-03T00:00:00,WAS @ LAC,L,36.4,0.0,0.0,0.0,4.0,9.0,9.0,9.0,34.0,0.0,0.0,4.0,2.0,35.1,1,13074,13074,13074,2485,12059,10158,9917,8599,15771,19144,18829,2701,8004,1,22104,7786,3777,1.0,36:23,2015,2016
2015-16,202691,Klay Thompson,Klay,1610612744,GSW,Golden State Warriors,21501152,2016-04-03T00:00:00,GSW vs. POR,W,34.9,7.0,0.0,5.0,8.0,18.0,6.0,15.0,30.0,2.0,1.0,2.0,2.0,35.1,1,1,1,1,3613,548,10158,1277,3109,24749,13237,24242,4541,932,17214,11390,7786,3777,1.0,34:54,2015,2016
2015-16,2730,Dwight Howard,Dwight,1610612745,HOU,Houston Rockets,21501145,2016-04-03T00:00:00,HOU vs. OKC,W,20.4,2.0,4.0,0.0,4.0,4.0,7.0,7.0,18.0,0.0,0.0,5.0,0.0,19.6,1,1,1,1,15562,6026,1596,9917,8599,6141,15642,15538,13577,8004,1,24686,18762,12024,1.0,20:24,2015,2016
2015-16,201967,Dante Cunningham,Dante,1610612740,NOP,New Orleans Pelicans,21501143,2016-04-03T00:00:00,NOP @ BKN,W,31.9,4.0,3.0,7.0,8.0,12.0,17.0,2.0,22.0,0.0,1.0,3.0,3.0,23.3,1,1,1,1,6018,2460,3104,454,3109,20178,25429,4025,10265,8004,17214,17641,4736,9567,1.0,31:52,2015,2016
2015-16,202683,Enes Freedom,Enes,1610612760,OKC,Oklahoma City Thunder,21501145,2016-04-03T00:00:00,OKC @ HOU,L,18.1,2.0,10.0,0.0,14.0,15.0,15.0,6.0,26.0,0.0,1.0,4.0,1.0,23.2,1,13074,13074,13074,17425,6026,34,9917,542,23079,24781,13388,7214,8004,17214,22104,12373,9630,1.0,18:07,2015,2016
2015-16,201961,Wayne Ellington,Wayne,1610612751,BKN,Brooklyn Nets,21501143,2016-04-03T00:00:00,BKN vs. NOP,L,26.9,0.0,0.0,0.0,0.0,12.0,3.0,9.0,28.0,1.0,0.0,0.0,1.0,19.7,1,13074,13074,13074,10141,12059,10158,9917,18861,20178,7138,18829,5824,2692,1,1,12373,11962,1.0,26:51,2015,2016
2015-16,1626191,Chris McCullough,Chris,1610612751,BKN,Brooklyn Nets,21501143,2016-04-03T00:00:00,BKN vs. NOP,L,21.1,2.0,4.0,0.0,2.0,15.0,7.0,18.0,34.0,0.0,2.0,2.0,1.0,11.0,1,13074,13074,13074,15010,6026,1596,9917,12984,23079,15642,25228,2701,8004,23588,11390,12373,18430,1.0,21:03,2015,2016
2015-16,203473,Dewayne Dedmon,Dewayne,1610612753,ORL,Orlando Magic,21501148,2016-04-03T00:00:00,ORL vs. MEM,W,12.5,0.0,2.0,0.0,8.0,3.0,10.0,0.0,14.0,0.0,0.0,2.0,1.0,10.6,1,1,1,1,21270,12059,4731,9917,3109,5109,20509,1,17019,8004,1,11390,12373,18723,1.0,12:31,2015,2016
2015-16,204060,Joe Ingles,Joe,1610612762,UTA,Utah Jazz,21501149,2016-04-03T00:00:00,UTA @ PHX,W,9.8,0.0,0.0,0.0,0.0,0.0,7.0,0.0,12.0,0.0,0.0,0.0,0.0,1.5,1,1,1,1,22527,12059,10158,9917,18861,1,15642,1,18637,8004,1,1,18762,24473,1.0,9:48,2015,2016
2015-16,202349,Greivis Vasquez,Greivis,1610612749,MIL,Milwaukee Bucks,21501150,2016-04-03T00:00:00,MIL vs. CHI,L,5.9,0.0,0.0,0.0,0.0,4.0,2.0,6.0,12.0,0.0,0.0,0.0,0.0,1.5,1,13074,13074,13074,24002,12059,10158,9917,18861,6141,3734,13388,18637,8004,1,1,18762,24473,1.0,5:54,2015,2016
2015-16,201145,Jeff Green,Jeff,1610612746,LAC,LA Clippers,21501147,2016-04-03T00:00:00,LAC vs. WAS,W,14.8,2.0,0.0,0.0,2.0,8.0,5.0,9.0,18.0,0.0,1.0,0.0,1.0,1.0,1,1,1,1,19873,6026,10158,9917,12984,13914,11469,18829,13577,8004,17214,1,12373,24960,1.0,14:50,2015,2016
2015-16,101112,Channing Frye,Channing,1610612739,CLE,Cleveland Cavaliers,21501144,2016-04-03T00:00:00,CLE vs. CHA,W,15.3,0.0,0.0,0.0,0.0,4.0,4.0,4.0,10.0,0.0,0.0,2.0,0.0,10.9,1,1,1,1,19532,12059,10158,9917,18861,6141,8458,8806,20209,8004,1,11390,18762,18498,1.0,15:20,2015,2016
2015-16,201147,Corey Brewer,Corey,1610612745,HOU,Houston Rockets,21501145,2016-04-03T00:00:00,HOU vs. OKC,W,14.3,0.0,2.0,2.0,6.0,7.0,8.0,6.0,14.0,0.0,0.0,1.0,0.0,11.0,1,1,1,1,20227,12059,4731,4675,5299,12242,17345,13388,17019,8004,1,4972,18762,18430,1.0,14:17,2015,2016
2015-16,203900,Markel Brown,Markel,1610612751,BKN,Brooklyn Nets,21501143,2016-04-03T00:00:00,BKN vs. NOP,L,18.8,0.0,3.0,0.0,2.0,19.0,9.0,15.0,32.0,0.0,0.0,6.0,2.0,10.7,1,13074,13074,13074,16840,12059,3104,9917,12984,25074,19144,24242,3535,8004,1,25827,7786,18636,1.0,18:50,2015,2016
2015-16,2365,Chris Andersen,Chris,1610612763,MEM,Memphis Grizzlies,21501148,2016-04-03T00:00:00,MEM @ ORL,L,16.0,2.0,2.0,0.0,2.0,10.0,4.0,12.0,24.0,0.0,0.0,2.0,1.0,5.6,1,13074,13074,13074,19050,6026,4731,9917,12984,17370,8458,22259,8723,8004,1,11390,12373,22133,1.0,15:59,2015,2016
2015-16,201166,Aaron Brooks,Aaron,1610612741,CHI,Chicago Bulls,21501150,2016-04-03T00:00:00,CHI @ MIL,W,19.2,0.0,0.0,0.0,6.0,5.0,6.0,8.0,32.0,0.0,0.0,1.0,2.0,11.0,1,1,1,1,16559,12059,10158,9917,5299,8403,13237,17194,3535,8004,1,4972,7786,18430,1.0,19:10,2015,2016
2015-16,203079,Dion Waiters,Dion,1610612760,OKC,Oklahoma City Thunder,21501145,2016-04-03T00:00:00,OKC @ HOU,L,24.7,1.0,0.0,2.0,2.0,19.0,17.0,6.0,32.0,0.0,0.0,1.0,1.0,6.2,1,13074,13074,13074,11909,11535,10158,4675,12984,25074,25429,13388,3535,8004,1,4972,12373,21696,1.0,24:44,2015,2016
2015-16,202066,Garrett Temple,Garrett,1610612764,WAS,Washington Wizards,21501147,2016-04-03T00:00:00,WAS @ LAC,L,13.6,4.0,2.0,0.0,4.0,10.0,2.0,2.0,14.0,0.0,0.0,3.0,1.0,10.9,1,13074,13074,13074,20647,2460,4731,9917,8599,17370,3734,4025,17019,8004,1,17641,12373,18498,1.0,13:36,2015,2016
2015-16,201945,Gerald Henderson,Gerald,1610612757,POR,Portland Trail Blazers,21501152,2016-04-03T00:00:00,POR @ GSW,L,23.7,4.0,0.0,0.0,2.0,6.0,0.0,13.0,18.0,0.0,0.0,2.0,2.0,15.9,1,13074,13074,13074,12837,2460,10158,9917,12984,10028,1,23048,13577,8004,1,11390,7786,14675,1.0,23:41,2015,2016
2015-16,202389,Timofey Mozgov,Timofey,1610612739,CLE,Cleveland Cavaliers,21501144,2016-04-03T00:00:00,CLE vs. CHA,W,14.4,0.0,0.0,0.0,2.0,8.0,0.0,7.0,4.0,0.0,0.0,2.0,1.0,6.1,1,1,1,1,20184,12059,10158,9917,12984,13914,1,15538,23698,8004,1,11390,12373,21845,1.0,14:22,2015,2016
2015-16,101179,Ronnie Price,Ronnie,1610612756,PHX,Phoenix Suns,21501149,2016-04-03T00:00:00,PHX vs. UTA,L,32.3,0.0,0.0,0.0,0.0,15.0,8.0,11.0,30.0,0.0,0.0,5.0,4.0,5.9,1,13074,13074,13074,5661,12059,10158,9917,18861,23079,17345,21342,4541,8004,1,24686,2748,21953,1.0,32:17,2015,2016
2015-16,203148,Brian Roberts,Brian,1610612757,POR,Portland Trail Blazers,21501152,2016-04-03T00:00:00,POR @ GSW,L,3.2,0.0,0.0,0.0,0.0,0.0,0.0,0.0,0.0,0.0,0.0,0.0,0.0,1.5,1,13074,13074,13074,25074,12059,10158,9917,18861,1,1,1,25429,8004,1,1,18762,24473,1.0,3:09,2015,2016
2015-16,203949,James Michael McAdoo,James Michael,1610612744,GSW,Golden State Warriors,21501152,2016-04-03T00:00:00,GSW vs. POR,W,10.1,0.0,0.0,2.0,4.0,2.0,2.0,0.0,10.0,1.0,0.0,3.0,0.0,11.2,1,1,1,1,22392,12059,10158,4675,8599,2619,3734,1,20209,2692,1,17641,18762,18267,1.0,10:06,2015,2016
2015-16,203546,Ian Clark,Ian,1610612744,GSW,Golden State Warriors,21501152,2016-04-03T00:00:00,GSW vs. POR,W,3.2,0.0,0.0,0.0,0.0,0.0,0.0,2.0,2.0,0.0,0.0,1.0,0.0,1.5,1,1,1,1,25063,12059,10158,9917,18861,1,1,4025,24614,8004,1,4972,18762,24473,1.0,3:11,2015,2016
2015-16,203955,Bryce Cotton,Bryce,1610612763,MEM,Memphis Grizzlies,21501148,2016-04-03T00:00:00,MEM @ ORL,L,0.8,0.0,0.0,0.0,0.0,0.0,3.0,0.0,0.0,0.0,0.0,0.0,0.0,2.0,1,13074,13074,13074,25922,12059,10158,9917,18861,1,7138,1,25429,8004,1,1,18762,24216,1.0,0:46,2015,2016
2015-16,1626192,Pat Connaughton,Pat,1610612757,POR,Portland Trail Blazers,21501152,2016-04-03T00:00:00,POR @ GSW,L,3.2,0.0,0.0,0.0,0.0,0.0,0.0,0.0,0.0,0.0,0.0,0.0,0.0,1.2,1,13074,13074,13074,25074,12059,10158,9917,18861,1,1,1,25429,8004,1,1,18762,24661,1.0,3:09,2015,2016
2015-16,101107,Marvin Williams,Marvin,1610612766,CHA,Charlotte Hornets,21501144,2016-04-03T00:00:00,CHA @ CLE,L,37.8,2.0,2.0,0.0,6.0,12.0,7.0,2.0,34.0,1.0,0.0,4.0,2.0,36.7,1,13074,13074,13074,1592,6026,4731,9917,5299,20178,15642,4025,2701,2692,1,22104,7786,3269,1.0,37:49,2015,2016
2015-16,203497,Rudy Gobert,Rudy,1610612762,UTA,Utah Jazz,21501149,2016-04-03T00:00:00,UTA @ PHX,W,24.5,0.0,0.0,2.0,10.0,3.0,9.0,3.0,16.0,2.0,0.0,4.0,1.0,29.0,1,1,1,1,12148,12059,10158,4675,1840,5109,19144,7328,15259,932,1,22104,12373,6346,1.0,24:29,2015,2016
2015-16,203932,Aaron Gordon,Aaron,1610612753,ORL,Orlando Magic,21501148,2016-04-03T00:00:00,ORL vs. MEM,W,28.8,0.0,5.0,5.0,8.0,9.0,11.0,8.0,36.0,1.0,1.0,1.0,2.0,36.5,1,1,1,1,8553,12059,995,1277,3109,15771,21814,17194,1943,2692,17214,4972,7786,3326,1.0,28:47,2015,2016
2015-16,202083,Wesley Matthews,Wesley,1610612742,DAL,Dallas Mavericks,21501146,2016-04-03T00:00:00,DAL @ MIN,W,36.4,3.0,6.0,0.0,0.0,6.0,2.0,8.0,28.0,0.0,0.0,1.0,3.0,24.9,1,1,1,1,2452,4307,481,9917,18861,10028,3734,17194,5824,8004,1,4972,4736,8553,1.0,36:25,2015,2016
2015-16,201142,Kevin Durant,Kevin,1610612760,OKC,Oklahoma City Thunder,21501145,2016-04-03T00:00:00,OKC @ HOU,L,37.5,2.0,4.0,5.0,8.0,20.0,19.0,15.0,32.0,1.0,1.0,5.0,6.0,45.6,1,13074,13074,13074,1786,6026,1596,1277,3109,25338,25786,24242,3535,2692,17214,24686,873,1263,1.0,37:27,2015,2016
2015-16,201566,Russell Westbrook,Russell,1610612760,OKC,Oklahoma City Thunder,21501145,2016-04-03T00:00:00,OKC @ HOU,L,37.4,4.0,2.0,6.0,8.0,15.0,13.0,17.0,36.0,0.0,0.0,3.0,8.0,50.1,1,13074,13074,13074,1830,2460,4731,740,3109,23079,23668,24967,1943,8004,1,17641,254,743,1.0,37:24,2015,2016
2015-16,202689,Kemba Walker,Kemba,1610612766,CHA,Charlotte Hornets,21501144,2016-04-03T00:00:00,CHA @ CLE,L,41.2,5.0,4.0,10.0,8.0,15.0,7.0,4.0,36.0,1.0,0.0,0.0,6.0,57.7,1,13074,13074,13074,455,1603,1596,118,3109,23079,15642,8806,1943,2692,1,1,873,281,1.0,41:09,2015,2016
2015-16,202322,John Wall,John,1610612764,WAS,Washington Wizards,21501147,2016-04-03T00:00:00,WAS @ LAC,L,31.8,2.0,3.0,7.0,2.0,9.0,11.0,9.0,28.0,0.0,1.0,3.0,2.0,36.9,1,13074,13074,13074,6106,6026,3104,454,12984,15771,21814,18829,5824,8004,17214,17641,7786,3210,1.0,31:45,2015,2016
2015-16,203081,Damian Lillard,Damian,1610612757,POR,Portland Trail Blazers,21501152,2016-04-03T00:00:00,POR @ GSW,L,35.5,7.0,6.0,2.0,10.0,7.0,6.0,21.0,38.0,0.0,2.0,2.0,7.0,47.6,1,13074,13074,13074,3109,548,481,4675,1840,12242,13237,25725,1422,8004,23588,11390,469,1003,1.0,35:32,2015,2016
2015-16,202331,Paul George,Paul,1610612754,IND,Indiana Pacers,21501151,2016-04-03T00:00:00,IND @ NYK,W,28.5,2.0,2.0,0.0,2.0,5.0,6.0,7.0,18.0,1.0,3.0,1.0,3.0,35.3,1,1,1,1,8820,6026,4731,9917,12984,8403,13237,15538,13577,2692,25441,4972,4736,3719,1.0,28:30,2015,2016
2015-16,201577,Robin Lopez,Robin,1610612752,NYK,New York Knicks,21501151,2016-04-03T00:00:00,NYK vs. IND,L,35.2,0.0,4.0,0.0,10.0,6.0,6.0,5.0,18.0,6.0,0.0,2.0,0.0,49.5,1,13074,13074,13074,3356,12059,1596,9917,1840,10028,13237,11593,13577,19,1,11390,18762,811,1.0,35:14,2015,2016
2015-16,204025,Tim Frazier,Tim,1610612740,NOP,New Orleans Pelicans,21501143,2016-04-03T00:00:00,NOP @ BKN,W,37.4,8.0,0.0,4.0,10.0,6.0,23.0,4.0,30.0,0.0,1.0,3.0,4.0,49.9,1,1,1,1,1860,308,10158,1913,1840,10028,26017,8806,4541,8004,17214,17641,2748,765,1.0,37:21,2015,2016
2015-16,203516,James Ennis III,James,1610612740,NOP,New Orleans Pelicans,21501143,2016-04-03T00:00:00,NOP @ BKN,W,28.8,6.0,0.0,9.0,4.0,4.0,17.0,2.0,24.0,1.0,0.0,3.0,3.0,35.6,1,1,1,1,8553,878,10158,184,8599,6141,25429,4025,8723,2692,1,17641,4736,3615,1.0,28:47,2015,2016
2015-16,201935,James Harden,James,1610612745,HOU,Houston Rockets,21501145,2016-04-03T00:00:00,HOU vs. OKC,W,42.6,6.0,4.0,9.0,12.0,16.0,25.0,15.0,42.0,1.0,1.0,2.0,10.0,66.3,1,1,1,1,237,878,1596,184,988,23774,26050,24242,670,2692,17214,11390,76,84,1.0,42:38,2015,2016
2015-16,202696,Nikola Vučević,Nikola,1610612753,ORL,Orlando Magic,21501148,2016-04-03T00:00:00,ORL vs. MEM,W,32.2,4.0,2.0,1.0,6.0,6.0,3.0,8.0,30.0,1.0,0.0,3.0,7.0,49.9,1,1,1,1,5707,2460,4731,9347,5299,10028,7138,17194,4541,2692,1,17641,469,765,1.0,32:13,2015,2016
2015-16,2199,Tyson Chandler,Tyson,1610612756,PHX,Phoenix Suns,21501149,2016-04-03T00:00:00,PHX vs. UTA,L,38.0,1.0,4.0,0.0,20.0,24.0,8.0,13.0,38.0,0.0,0.0,1.0,3.0,44.6,1,13074,13074,13074,1519,11535,1596,9917,59,25890,17345,23048,1422,8004,1,4972,4736,1438,1.0,37:58,2015,2016
2015-16,203109,Jae Crowder,Jae,1610612738,BOS,Boston Celtics,21501153,2016-04-03T00:00:00,BOS @ LAL,W,30.8,4.0,0.0,4.0,6.0,11.0,4.0,4.0,36.0,0.0,0.0,5.0,5.0,47.0,1,1,1,1,6915,2460,10158,1913,5299,18886,8458,8806,1943,8004,1,24686,1539,1078,1.0,30:46,2015,2016
2015-16,202710,Jimmy Butler III,Jimmy,1610612741,CHI,Chicago Bulls,21501150,2016-04-03T00:00:00,CHI @ MIL,W,38.1,2.0,2.0,2.0,16.0,8.0,15.0,7.0,46.0,1.0,0.0,1.0,5.0,47.0,1,1,1,1,1482,6026,4731,4675,275,13914,24781,15538,298,2692,1,4972,1539,1078,1.0,38:04,2015,2016
2015-16,2200,Pau Gasol,Pau,1610612741,CHI,Chicago Bulls,21501150,2016-04-03T00:00:00,CHI @ MIL,W,33.9,2.0,0.0,0.0,10.0,8.0,15.0,7.0,42.0,2.0,0.0,2.0,2.0,44.6,1,1,1,1,4468,6026,10158,9917,1840,13914,24781,15538,670,932,1,11390,7786,1438,1.0,33:52,2015,2016
2015-16,201150,Spencer Hawes,Spencer,1610612766,CHA,Charlotte Hornets,21501144,2016-04-03T00:00:00,CHA @ CLE,L,19.4,2.0,2.0,0.0,4.0,11.0,3.0,4.0,10.0,0.0,0.0,1.0,1.0,24.8,1,13074,13074,13074,16409,6026,4731,9917,8599,18886,7138,8806,20209,8004,1,4972,12373,8614,1.0,19:22,2015,2016
2015-16,1626157,Karl-Anthony Towns,Karl-Anthony,1610612750,MIN,Minnesota Timberwolves,21501146,2016-04-03T00:00:00,MIN vs. DAL,L,44.4,0.0,0.0,3.0,6.0,18.0,15.0,6.0,28.0,3.0,2.0,3.0,2.0,55.7,1,13074,13074,13074,106,12059,10158,3302,5299,24749,24781,13388,5824,347,23588,17641,7786,365,1.0,44:24,2015,2016
2015-16,203110,Draymond Green,Draymond,1610612744,GSW,Golden State Warriors,21501152,2016-04-03T00:00:00,GSW vs. POR,W,35.4,0.0,4.0,4.0,14.0,12.0,14.0,13.0,34.0,3.0,2.0,3.0,5.0,63.0,1,1,1,1,3224,12059,1596,1913,542,20178,24300,23048,2701,347,23588,17641,1539,121,1.0,35:24,2015,2016
2015-16,101108,Chris Paul,Chris,1610612746,LAC,LA Clippers,21501147,2016-04-03T00:00:00,LAC vs. WAS,W,32.7,1.0,4.0,0.0,8.0,3.0,16.0,11.0,28.0,0.0,0.0,2.0,7.0,49.6,1,1,1,1,5347,11535,1596,9917,3109,5109,25155,21342,5824,8004,1,11390,469,798,1.0,32:41,2015,2016
2015-16,101161,Amir Johnson,Amir,1610612738,BOS,Boston Celtics,21501153,2016-04-03T00:00:00,BOS @ LAL,W,26.1,2.0,6.0,4.0,8.0,14.0,2.0,8.0,30.0,0.0,1.0,4.0,1.0,29.6,1,1,1,1,10740,6026,481,1913,3109,22292,3734,17194,4541,8004,17214,22104,12373,6050,1.0,26:08,2015,2016
2015-16,200770,Jordan Farmar,Jordan,1610612763,MEM,Memphis Grizzlies,21501148,2016-04-03T00:00:00,MEM @ ORL,L,14.2,0.0,2.0,0.0,2.0,6.0,6.0,14.0,28.0,0.0,0.0,1.0,1.0,7.5,1,13074,13074,13074,20260,12059,4731,9917,12984,10028,13237,23710,5824,8004,1,4972,12373,20874,1.0,14:14,2015,2016
2015-16,203141,Mirza Teletovic,Mirza,1610612756,PHX,Phoenix Suns,21501149,2016-04-03T00:00:00,PHX vs. UTA,L,30.9,2.0,4.0,3.0,4.0,18.0,3.0,11.0,30.0,0.0,2.0,3.0,2.0,29.2,1,13074,13074,13074,6775,6026,1596,3302,8599,24749,7138,21342,4541,8004,23588,17641,7786,6243,1.0,30:56,2015,2016
2015-16,200826,J.J. Barea,J.J.,1610612742,DAL,Dallas Mavericks,21501146,2016-04-03T00:00:00,DAL @ MIN,W,34.7,0.0,5.0,0.0,8.0,6.0,0.0,7.0,22.0,0.0,2.0,1.0,3.0,35.6,1,1,1,1,3794,12059,995,9917,3109,10028,1,15538,10265,8004,23588,4972,4736,3615,1.0,34:41,2015,2016
2015-16,201939,Stephen Curry,Stephen,1610612744,GSW,Golden State Warriors,21501152,2016-04-03T00:00:00,GSW vs. POR,W,34.6,0.0,2.0,6.0,6.0,16.0,14.0,13.0,34.0,1.0,0.0,2.0,4.0,61.7,1,1,1,1,3875,12059,4731,740,5299,23774,24300,23048,2701,2692,1,11390,2748,154,1.0,34:35,2015,2016
2015-16,203507,Giannis Antetokounmpo,Giannis,1610612749,MIL,Milwaukee Bucks,21501150,2016-04-03T00:00:00,MIL vs. CHI,L,42.9,0.0,4.0,4.0,22.0,14.0,4.0,8.0,48.0,1.0,0.0,4.0,8.0,55.5,1,13074,13074,13074,207,12059,1596,1913,25,22292,8458,17194,192,2692,1,22104,254,375,1.0,42:55,2015,2016
2015-16,101133,Ian Mahinmi,Ian,1610612754,IND,Indiana Pacers,21501151,2016-04-03T00:00:00,IND @ NYK,W,32.0,0.0,2.0,1.0,6.0,11.0,8.0,9.0,26.0,1.0,1.0,2.0,3.0,24.6,1,1,1,1,5851,12059,4731,9347,5299,18886,17345,18829,7214,2692,17214,11390,4736,8724,1.0,32:02,2015,2016
2015-16,201587,Nicolas Batum,Nicolas,1610612766,CHA,Charlotte Hornets,21501144,2016-04-03T00:00:00,CHA @ CLE,L,20.1,4.0,0.0,4.0,2.0,10.0,4.0,6.0,24.0,0.0,0.0,1.0,0.0,11.5,1,13074,13074,13074,15816,2460,10158,1913,12984,17370,8458,13388,8723,8004,1,4972,18762,18079,1.0,20:07,2015,2016
2015-16,2544,LeBron James,LeBron,1610612739,CLE,Cleveland Cavaliers,21501144,2016-04-03T00:00:00,CLE vs. CHA,W,40.8,6.0,4.0,4.0,24.0,22.0,4.0,21.0,26.0,0.0,1.0,4.0,5.0,59.6,1,1,1,1,517,878,1596,1913,14,25683,8458,25725,7214,8004,17214,22104,1539,225,1.0,40:50,2015,2016
2015-16,203090,Maurice Harkless,Maurice,1610612757,POR,Portland Trail Blazers,21501152,2016-04-03T00:00:00,POR @ GSW,L,29.9,2.0,3.0,2.0,8.0,5.0,6.0,19.0,34.0,0.0,2.0,3.0,3.0,30.0,1,13074,13074,13074,7613,6026,3104,4675,3109,8403,13237,25435,2701,8004,23588,17641,4736,5840,1.0,29:56,2015,2016
2015-16,203095,Evan Fournier,Evan,1610612753,ORL,Orlando Magic,21501148,2016-04-03T00:00:00,ORL vs. MEM,W,39.2,2.0,7.0,4.0,6.0,9.0,15.0,8.0,48.0,0.0,1.0,5.0,4.0,28.9,1,1,1,1,975,6026,292,1913,5299,15771,24781,17194,192,8004,17214,24686,2748,6414,1.0,39:14,2015,2016
2015-16,2734,Devin Harris,Devin,1610612742,DAL,Dallas Mavericks,21501146,2016-04-03T00:00:00,DAL @ MIN,W,31.2,3.0,3.0,2.0,4.0,9.0,2.0,5.0,18.0,0.0,1.0,1.0,3.0,28.9,1,1,1,1,6524,4307,3104,4675,8599,15771,3734,11593,13577,8004,17214,4972,4736,6414,1.0,31:15,2015,2016
2015-16,977,Kobe Bryant,Kobe,1610612747,LAL,Los Angeles Lakers,21501153,2016-04-03T00:00:00,LAL vs. BOS,L,33.0,11.0,5.0,2.0,8.0,10.0,17.0,13.0,36.0,0.0,0.0,4.0,5.0,49.3,1,13074,13074,13074,5104,55,995,4675,3109,17370,25429,23048,1943,8004,1,22104,1539,827,1.0,33:01,2015,2016
2015-16,202324,Derrick Favors,Derrick,1610612762,UTA,Utah Jazz,21501149,2016-04-03T00:00:00,UTA @ PHX,W,28.2,2.0,0.0,2.0,10.0,2.0,9.0,6.0,24.0,0.0,0.0,3.0,4.0,28.9,1,1,1,1,9086,6026,10158,4675,1840,2619,19144,13388,8723,8004,1,17641,2748,6414,1.0,28:11,2015,2016
2015-16,202738,Isaiah Thomas,Isaiah,1610612738,BOS,Boston Celtics,21501153,2016-04-03T00:00:00,BOS @ LAL,W,29.9,2.0,6.0,3.0,12.0,13.0,11.0,12.0,32.0,0.0,2.0,1.0,4.0,35.4,1,1,1,1,7636,6026,481,3302,988,21300,21814,22259,3535,8004,23588,4972,2748,3684,1.0,29:53,2015,2016
2015-16,204038,Langston Galloway,Langston,1610612752,NYK,New York Knicks,21501151,2016-04-03T00:00:00,NYK vs. IND,L,31.4,3.0,2.0,3.0,6.0,4.0,10.0,9.0,22.0,0.0,0.0,2.0,4.0,29.4,1,13074,13074,13074,6405,4307,4731,3302,5299,6141,20509,18829,10265,8004,1,11390,2748,6143,1.0,31:22,2015,2016
2015-16,202714,Shelvin Mack,Shelvin,1610612762,UTA,Utah Jazz,21501149,2016-04-03T00:00:00,UTA @ PHX,W,35.2,2.0,0.0,0.0,6.0,3.0,12.0,6.0,22.0,2.0,1.0,1.0,2.0,29.9,1,1,1,1,3357,6026,10158,9917,5299,5109,22832,13388,10265,932,17214,4972,7786,5884,1.0,35:14,2015,2016
2015-16,202703,Nikola Mirotic,Nikola,1610612741,CHI,Chicago Bulls,21501150,2016-04-03T00:00:00,CHI @ MIL,W,35.1,5.0,2.0,2.0,6.0,9.0,11.0,10.0,44.0,0.0,0.0,3.0,2.0,29.7,1,1,1,1,3464,1603,4731,4675,5299,15771,21814,20169,454,8004,1,17641,7786,6006,1.0,35:06,2015,2016
2015-16,203901,Elfrid Payton,Elfrid,1610612753,ORL,Orlando Magic,21501148,2016-04-03T00:00:00,ORL vs. MEM,W,31.4,0.0,0.0,5.0,4.0,9.0,11.0,8.0,38.0,0.0,0.0,0.0,4.0,24.9,1,1,1,1,6377,12059,10158,1277,8599,15771,21814,17194,1422,8004,1,1,2748,8553,1.0,31:25,2015,2016
2015-16,101162,Marcin Gortat,Marcin,1610612764,WAS,Washington Wizards,21501147,2016-04-03T00:00:00,WAS @ LAC,L,28.6,0.0,6.0,1.0,18.0,7.0,9.0,9.0,26.0,0.0,0.0,5.0,1.0,29.9,1,13074,13074,13074,8695,12059,481,9347,131,12242,19144,18829,7214,8004,1,24686,12373,5884,1.0,28:38,2015,2016
2015-16,203482,Kelly Olynyk,Kelly,1610612738,BOS,Boston Celtics,21501153,2016-04-03T00:00:00,BOS @ LAL,W,13.2,0.0,2.0,0.0,2.0,3.0,7.0,2.0,10.0,0.0,0.0,2.0,0.0,4.2,1,1,1,1,20869,12059,4731,9917,12984,5109,15642,4025,20209,8004,1,11390,18762,22976,1.0,13:12,2015,2016
2015-16,202730,Lavoy Allen,Lavoy,1610612754,IND,Indiana Pacers,21501151,2016-04-03T00:00:00,IND @ NYK,W,14.7,0.0,0.0,0.0,0.0,0.0,2.0,1.0,6.0,0.0,0.0,1.0,1.0,5.3,1,1,1,1,19969,12059,10158,9917,18861,1,3734,3646,22724,8004,1,4972,12373,22358,1.0,14:41,2015,2016
2015-16,203939,Dwight Powell,Dwight,1610612742,DAL,Dallas Mavericks,21501146,2016-04-03T00:00:00,DAL @ MIN,W,3.7,0.0,0.0,0.0,0.0,0.0,2.0,0.0,4.0,0.0,0.0,0.0,0.0,0.0,1,1,1,1,24855,12059,10158,9917,18861,1,3734,1,23698,8004,1,1,18762,25170,1.0,3:39,2015,2016
2015-16,203186,Willie Reed,Willie,1610612751,BKN,Brooklyn Nets,21501143,2016-04-03T00:00:00,BKN vs. NOP,L,17.9,0.0,2.0,0.0,4.0,17.0,7.0,20.0,28.0,0.0,1.0,3.0,2.0,13.4,1,13074,13074,13074,17579,12059,4731,9917,8599,24337,15642,25599,5824,8004,17214,17641,7786,16614,1.0,17:55,2015,2016
2015-16,1713,Vince Carter,Vince,1610612763,MEM,Memphis Grizzlies,21501148,2016-04-03T00:00:00,MEM @ ORL,L,24.4,3.0,0.0,0.0,6.0,9.0,7.0,12.0,18.0,0.0,0.0,1.0,2.0,21.6,1,13074,13074,13074,12197,4307,10158,9917,5299,15771,15642,22259,13577,8004,1,4972,7786,10666,1.0,24:25,2015,2016
2015-16,203481,Jeff Withey,Jeff,1610612762,UTA,Utah Jazz,21501149,2016-04-03T00:00:00,UTA @ PHX,W,1.4,0.0,0.0,0.0,0.0,0.0,0.0,0.0,2.0,0.0,0.0,0.0,0.0,0.0,1,1,1,1,25747,12059,10158,9917,18861,1,1,1,24614,8004,1,1,18762,25170,1.0,1:23,2015,2016
2015-16,2419,Tayshaun Prince,Tayshaun,1610612750,MIN,Minnesota Timberwolves,21501146,2016-04-03T00:00:00,MIN vs. DAL,L,8.3,0.0,0.0,0.0,0.0,3.0,6.0,0.0,4.0,0.0,0.0,0.0,0.0,3.2,1,13074,13074,13074,23091,12059,10158,9917,18861,5109,13237,1,23698,8004,1,1,18762,23473,1.0,8:17,2015,2016
2015-16,201627,Anthony Morrow,Anthony,1610612760,OKC,Oklahoma City Thunder,21501145,2016-04-03T00:00:00,OKC @ HOU,L,6.6,0.0,5.0,0.0,0.0,6.0,2.0,6.0,8.0,0.0,0.0,1.0,1.0,6.5,1,13074,13074,13074,23701,12059,995,9917,18861,10028,3734,13388,21543,8004,1,4972,12373,21519,1.0,6:39,2015,2016
2015-16,202726,Andrew Goudelock,Andrew,1610612745,HOU,Houston Rockets,21501145,2016-04-03T00:00:00,HOU vs. OKC,W,8.7,2.0,0.0,0.0,2.0,5.0,6.0,0.0,10.0,0.0,0.0,2.0,1.0,8.7,1,1,1,1,22958,6026,10158,9917,12984,8403,13237,1,20209,8004,1,11390,12373,20045,1.0,8:42,2015,2016
2015-16,2746,Josh Smith,Josh,1610612745,HOU,Houston Rockets,21501145,2016-04-03T00:00:00,HOU vs. OKC,W,6.9,0.0,0.0,0.0,2.0,0.0,2.0,2.0,8.0,0.0,0.0,0.0,0.0,4.0,1,1,1,1,23613,12059,10158,9917,12984,1,3734,4025,21543,8004,1,1,18762,23142,1.0,6:51,2015,2016
2015-16,1626242,Luis Montero,Luis,1610612757,POR,Portland Trail Blazers,21501152,2016-04-03T00:00:00,POR @ GSW,L,3.2,0.0,0.0,0.0,0.0,0.0,0.0,0.0,0.0,0.0,0.0,0.0,0.0,-1.0,1,13074,13074,13074,25074,12059,10158,9917,18861,1,1,1,25429,8004,1,1,18762,25932,1.0,3:09,2015,2016
2015-16,202713,Kyle Singler,Kyle,1610612760,OKC,Oklahoma City Thunder,21501145,2016-04-03T00:00:00,OKC @ HOU,L,16.6,0.0,0.0,0.0,2.0,11.0,13.0,4.0,26.0,0.0,0.0,0.0,2.0,8.7,1,13074,13074,13074,18576,12059,10158,9917,12984,18886,23668,8806,7214,8004,1,1,7786,20045,1.0,16:36,2015,2016
2015-16,203098,John Jenkins,John,1610612756,PHX,Phoenix Suns,21501149,2016-04-03T00:00:00,PHX vs. UTA,L,6.5,0.0,0.0,0.0,0.0,0.0,0.0,1.0,4.0,0.0,0.0,1.0,1.0,5.0,1,13074,13074,13074,23765,12059,10158,9917,18861,1,1,3646,23698,8004,1,4972,12373,22500,1.0,6:27,2015,2016
2015-16,201160,Jason Smith,Jason,1610612753,ORL,Orlando Magic,21501148,2016-04-03T00:00:00,ORL vs. MEM,W,3.3,0.0,0.0,0.0,0.0,0.0,2.0,0.0,6.0,0.0,0.0,3.0,0.0,0.0,1,1,1,1,25017,12059,10158,9917,18861,1,3734,1,22724,8004,1,17641,18762,25170,1.0,3:16,2015,2016
2015-16,201978,Chase Budinger,Chase,1610612756,PHX,Phoenix Suns,21501149,2016-04-03T00:00:00,PHX vs. UTA,L,4.3,0.0,0.0,0.0,0.0,0.0,0.0,2.0,2.0,0.0,0.0,0.0,0.0,0.0,1,13074,13074,13074,24607,12059,10158,9917,18861,1,1,4025,24614,8004,1,1,18762,25170,1.0,4:19,2015,2016
2015-16,203996,Damien Inglis,Damien,1610612749,MIL,Milwaukee Bucks,21501150,2016-04-03T00:00:00,MIL vs. CHI,L,9.3,0.0,0.0,0.0,0.0,5.0,0.0,0.0,12.0,0.0,0.0,0.0,0.0,4.7,1,13074,13074,13074,22703,12059,10158,9917,18861,8403,1,1,18637,8004,1,1,18762,22672,1.0,9:19,2015,2016
2015-16,1626210,Alan Williams,Alan,1610612756,PHX,Phoenix Suns,21501149,2016-04-03T00:00:00,PHX vs. UTA,L,1.4,0.0,0.0,0.0,2.0,0.0,0.0,0.0,0.0,0.0,0.0,0.0,0.0,3.2,1,13074,13074,13074,25747,12059,10158,9917,12984,1,1,1,25429,8004,1,1,18762,23473,1.0,1:23,2015,2016
2015-16,203087,Jeremy Lamb,Jeremy,1610612766,CHA,Charlotte Hornets,21501144,2016-04-03T00:00:00,CHA @ CLE,L,3.9,0.0,0.0,0.0,0.0,6.0,3.0,0.0,0.0,0.0,0.0,1.0,0.0,0.0,1,13074,13074,13074,24754,12059,10158,9917,18861,10028,7138,1,25429,8004,1,4972,18762,25170,1.0,3:53,2015,2016
2015-16,203094,Andrew Nicholson,Andrew,1610612753,ORL,Orlando Magic,21501148,2016-04-03T00:00:00,ORL vs. MEM,W,19.2,1.0,0.0,3.0,0.0,0.0,4.0,0.0,14.0,0.0,0.0,1.0,1.0,21.7,1,1,1,1,16514,11535,10158,3302,18861,1,8458,1,17019,8004,1,4972,12373,10592,1.0,19:13,2015,2016
2015-16,202357,Nemanja Bjelica,Nemanja,1610612750,MIN,Minnesota Timberwolves,21501146,2016-04-03T00:00:00,MIN vs. DAL,L,14.2,0.0,0.0,0.0,2.0,10.0,10.0,4.0,10.0,0.0,0.0,3.0,1.0,4.5,1,13074,13074,13074,20287,12059,10158,9917,12984,17370,20509,8806,20209,8004,1,17641,12373,22773,1.0,14:12,2015,2016
2015-16,201600,Omer Asik,Omer,1610612740,NOP,New Orleans Pelicans,21501143,2016-04-03T00:00:00,NOP @ BKN,W,4.0,0.0,0.0,0.0,0.0,5.0,0.0,0.0,0.0,0.0,0.0,2.0,0.0,-2.0,1,1,1,1,24701,12059,10158,9917,18861,8403,1,1,25429,8004,1,11390,18762,26061,1.0,4:01,2015,2016
2015-16,203940,Adreian Payne,Adreian,1610612750,MIN,Minnesota Timberwolves,21501146,2016-04-03T00:00:00,MIN vs. DAL,L,14.3,2.0,2.0,0.0,4.0,5.0,2.0,4.0,12.0,1.0,0.0,2.0,0.0,9.6,1,13074,13074,13074,20250,6026,4731,9917,8599,8403,3734,8806,18637,2692,1,11390,18762,19434,1.0,14:15,2015,2016
2015-16,203462,Archie Goodwin,Archie,1610612756,PHX,Phoenix Suns,21501149,2016-04-03T00:00:00,PHX vs. UTA,L,13.0,0.0,0.0,0.0,4.0,4.0,0.0,3.0,10.0,0.0,0.0,2.0,0.0,4.2,1,13074,13074,13074,20952,12059,10158,9917,8599,6141,1,7328,20209,8004,1,11390,18762,22976,1.0,13:02,2015,2016
2015-16,203459,Allen Crabbe,Allen,1610612757,POR,Portland Trail Blazers,21501152,2016-04-03T00:00:00,POR @ GSW,L,24.1,2.0,0.0,2.0,2.0,4.0,0.0,14.0,16.0,0.0,0.0,1.0,2.0,6.7,1,13074,13074,13074,12503,6026,10158,4675,12984,6141,1,23710,15259,8004,1,4972,7786,21376,1.0,24:03,2015,2016
2015-16,203089,John Henson,John,1610612749,MIL,Milwaukee Bucks,21501150,2016-04-03T00:00:00,MIL vs. CHI,L,9.1,0.0,0.0,0.0,0.0,6.0,2.0,8.0,16.0,1.0,0.0,1.0,0.0,4.2,1,13074,13074,13074,22794,12059,10158,9917,18861,10028,3734,17194,15259,2692,1,4972,18762,22976,1.0,9:07,2015,2016
2015-16,203498,Shabazz Muhammad,Shabazz,1610612750,MIN,Minnesota Timberwolves,21501146,2016-04-03T00:00:00,MIN vs. DAL,L,16.4,0.0,0.0,0.0,0.0,9.0,7.0,4.0,10.0,0.0,0.0,0.0,1.0,9.1,1,13074,13074,13074,18749,12059,10158,9917,18861,15771,15642,8806,20209,8004,1,1,12373,19789,1.0,16:23,2015,2016
2015-16,203527,Ryan Kelly,Ryan,1610612747,LAL,Los Angeles Lakers,21501153,2016-04-03T00:00:00,LAL vs. BOS,L,14.6,0.0,0.0,0.0,0.0,2.0,5.0,4.0,12.0,0.0,0.0,1.0,0.0,4.4,1,13074,13074,13074,20026,12059,10158,9917,18861,2619,11469,8806,18637,8004,1,4972,18762,22837,1.0,14:37,2015,2016
2015-16,203105,Festus Ezeli,Festus,1610612744,GSW,Golden State Warriors,21501152,2016-04-03T00:00:00,GSW vs. POR,W,9.3,0.0,0.0,0.0,2.0,5.0,3.0,2.0,12.0,0.0,0.0,1.0,1.0,4.6,1,1,1,1,22735,12059,10158,9917,12984,8403,7138,4025,18637,8004,1,4972,12373,22734,1.0,9:15,2015,2016
2015-16,203921,Cleanthony Early,Cleanthony,1610612752,NYK,New York Knicks,21501151,2016-04-03T00:00:00,NYK vs. IND,L,17.4,0.0,0.0,0.0,0.0,2.0,0.0,3.0,6.0,1.0,1.0,2.0,1.0,6.7,1,13074,13074,13074,17957,12059,10158,9917,18861,2619,1,7328,22724,2692,17214,11390,12373,21376,1.0,17:25,2015,2016
2015-16,1626171,Bobby Portis,Bobby,1610612741,CHI,Chicago Bulls,21501150,2016-04-03T00:00:00,CHI @ MIL,W,12.9,2.0,0.0,0.0,4.0,4.0,8.0,5.0,18.0,0.0,1.0,1.0,0.0,6.7,1,1,1,1,21028,6026,10158,9917,8599,6141,17345,11593,13577,8004,17214,4972,18762,21376,1.0,12:54,2015,2016
2015-16,2772,Trevor Ariza,Trevor,1610612745,HOU,Houston Rockets,21501145,2016-04-03T00:00:00,HOU vs. OKC,W,43.8,4.0,2.0,4.0,2.0,16.0,23.0,13.0,44.0,0.0,0.0,2.0,3.0,30.9,1,1,1,1,145,2460,4731,1913,12984,23774,26017,23048,454,8004,1,11390,4736,5452,1.0,43:49,2015,2016
2015-16,2590,Mo Williams,Mo,1610612739,CLE,Cleveland Cavaliers,21501144,2016-04-03T00:00:00,CLE vs. CHA,W,13.2,3.0,0.0,0.0,0.0,4.0,4.0,4.0,10.0,0.0,0.0,0.0,0.0,11.7,1,1,1,1,20862,4307,10158,9917,18861,6141,8458,8806,20209,8004,1,1,18762,17903,1.0,13:13,2015,2016
2015-16,1626204,Larry Nance Jr.,Larry,1610612747,LAL,Los Angeles Lakers,21501153,2016-04-03T00:00:00,LAL vs. BOS,L,18.9,2.0,0.0,1.0,4.0,8.0,3.0,10.0,16.0,0.0,0.0,3.0,1.0,15.2,1,13074,13074,13074,16801,6026,10158,9347,8599,13914,7138,20169,15259,8004,1,17641,12373,15219,1.0,18:53,2015,2016
2015-16,203953,Jabari Parker,Jabari,1610612749,MIL,Milwaukee Bucks,21501150,2016-04-03T00:00:00,MIL vs. CHI,L,44.0,4.0,10.0,4.0,14.0,12.0,6.0,10.0,52.0,0.0,3.0,3.0,3.0,40.7,1,13074,13074,13074,134,2460,34,1913,542,20178,13237,20169,59,8004,25441,17641,4736,2199,1.0,43:58,2015,2016
2015-16,203903,Jordan Clarkson,Jordan,1610612747,LAL,Los Angeles Lakers,21501153,2016-04-03T00:00:00,LAL vs. BOS,L,36.5,1.0,2.0,3.0,8.0,10.0,15.0,11.0,34.0,0.0,1.0,4.0,6.0,31.5,1,13074,13074,13074,2411,11535,4731,3302,3109,17370,24781,21342,2701,8004,17214,22104,873,5180,1.0,36:29,2015,2016
2015-16,203078,Bradley Beal,Bradley,1610612764,WAS,Washington Wizards,21501147,2016-04-03T00:00:00,WAS @ LAC,L,39.1,1.0,2.0,1.0,2.0,7.0,11.0,9.0,36.0,0.0,1.0,5.0,3.0,26.4,1,13074,13074,13074,1025,11535,4731,9347,12984,12242,21814,18829,1943,8004,17214,24686,4736,7672,1.0,39:07,2015,2016
2015-16,203476,Gorgui Dieng,Gorgui,1610612750,MIN,Minnesota Timberwolves,21501146,2016-04-03T00:00:00,MIN vs. DAL,L,23.2,0.0,0.0,4.0,4.0,7.0,13.0,2.0,10.0,0.0,1.0,1.0,1.0,15.1,1,13074,13074,13074,13244,12059,10158,1913,8599,12242,23668,4025,20209,8004,17214,4972,12373,15328,1.0,23:09,2015,2016
2015-16,202334,Ed Davis,Ed,1610612757,POR,Portland Trail Blazers,21501152,2016-04-03T00:00:00,POR @ GSW,L,21.1,0.0,2.0,0.0,6.0,6.0,0.0,13.0,16.0,3.0,0.0,2.0,0.0,30.3,1,13074,13074,13074,14945,12059,4731,9917,5299,10028,1,23048,15259,347,1,11390,18762,5702,1.0,21:08,2015,2016
2015-16,1626209,Mario Hezonja,Mario,1610612753,ORL,Orlando Magic,21501148,2016-04-03T00:00:00,ORL vs. MEM,W,18.0,0.0,0.0,0.0,0.0,0.0,2.0,0.0,12.0,0.0,0.0,1.0,0.0,12.0,1,1,1,1,17540,12059,10158,9917,18861,1,3734,1,18637,8004,1,4972,18762,17703,1.0,17:58,2015,2016
2015-16,203506,Victor Oladipo,Victor,1610612753,ORL,Orlando Magic,21501148,2016-04-03T00:00:00,ORL vs. MEM,W,38.8,8.0,2.0,10.0,18.0,9.0,13.0,8.0,40.0,1.0,2.0,4.0,2.0,43.0,1,1,1,1,1142,308,4731,118,131,15771,23668,17194,983,2692,23588,22104,7786,1733,1.0,38:48,2015,2016
2015-16,1626257,Salah Mejri,Salah,1610612742,DAL,Dallas Mavericks,21501146,2016-04-03T00:00:00,DAL @ MIN,W,19.4,0.0,0.0,0.0,0.0,2.0,0.0,5.0,14.0,2.0,0.0,2.0,0.0,12.0,1,1,1,1,16409,12059,10158,9917,18861,2619,1,11593,17019,932,1,11390,18762,17703,1.0,19:22,2015,2016
2015-16,203085,Austin Rivers,Austin,1610612746,LAC,LA Clippers,21501147,2016-04-03T00:00:00,LAC vs. WAS,W,18.4,2.0,4.0,0.0,4.0,10.0,12.0,6.0,22.0,0.0,0.0,0.0,2.0,26.8,1,1,1,1,17160,6026,1596,9917,8599,17370,22832,13388,10265,8004,1,1,7786,7486,1.0,18:26,2015,2016
2015-16,2037,Jamal Crawford,Jamal,1610612746,LAC,LA Clippers,21501147,2016-04-03T00:00:00,LAC vs. WAS,W,25.1,2.0,0.0,2.0,4.0,11.0,11.0,10.0,30.0,0.0,0.0,2.0,2.0,30.8,1,1,1,1,11606,6026,10158,4675,8599,18886,21814,20169,4541,8004,1,11390,7786,5493,1.0,25:05,2015,2016
2015-16,201567,Kevin Love,Kevin,1610612739,CLE,Cleveland Cavaliers,21501144,2016-04-03T00:00:00,CLE vs. CHA,W,32.2,9.0,5.0,0.0,8.0,20.0,4.0,19.0,22.0,1.0,2.0,4.0,1.0,41.8,1,1,1,1,5726,171,995,9917,3109,25338,8458,25435,10265,2692,23588,22104,12373,1981,1.0,32:12,2015,2016
2015-16,203468,CJ McCollum,CJ,1610612757,POR,Portland Trail Blazers,21501152,2016-04-03T00:00:00,POR @ GSW,L,37.3,3.0,0.0,9.0,4.0,11.0,6.0,24.0,46.0,0.0,2.0,3.0,3.0,26.2,1,13074,13074,13074,1924,4307,10158,184,8599,18886,13237,25937,298,8004,23588,17641,4736,7785,1.0,37:15,2015,2016
2015-16,1626170,Jerian Grant,Jerian,1610612752,NYK,New York Knicks,21501151,2016-04-03T00:00:00,NYK vs. IND,L,26.0,0.0,0.0,0.0,2.0,2.0,2.0,3.0,8.0,0.0,1.0,2.0,2.0,15.6,1,13074,13074,13074,10813,12059,10158,9917,12984,2619,3734,7328,21543,8004,17214,11390,7786,14916,1.0,26:02,2015,2016
2015-16,1891,Jason Terry,Jason,1610612745,HOU,Houston Rockets,21501145,2016-04-03T00:00:00,HOU vs. OKC,W,8.2,0.0,0.0,0.0,0.0,0.0,6.0,2.0,8.0,0.0,0.0,0.0,0.0,12.0,1,1,1,1,23125,12059,10158,9917,18861,1,13237,4025,21543,8004,1,1,18762,17703,1.0,8:11,2015,2016
2015-16,1626273,Marcelo Huertas,Marcelo,1610612747,LAL,Los Angeles Lakers,21501153,2016-04-03T00:00:00,LAL vs. BOS,L,23.9,0.0,0.0,0.0,4.0,8.0,7.0,12.0,22.0,0.0,0.0,2.0,1.0,15.1,1,13074,13074,13074,12650,12059,10158,9917,8599,13914,15642,22259,10265,8004,1,11390,12373,15328,1.0,23:54,2015,2016
2015-16,202337,Luke Babbitt,Luke,1610612740,NOP,New Orleans Pelicans,21501143,2016-04-03T00:00:00,NOP @ BKN,W,33.2,3.0,0.0,3.0,8.0,12.0,14.0,4.0,22.0,1.0,1.0,5.0,3.0,31.2,1,1,1,1,4966,4307,10158,3302,3109,20178,24300,8806,10265,2692,17214,24686,4736,5304,1.0,33:12,2015,2016
2015-16,203500,Steven Adams,Steven,1610612760,OKC,Oklahoma City Thunder,21501145,2016-04-03T00:00:00,OKC @ HOU,L,31.4,2.0,2.0,0.0,6.0,10.0,8.0,13.0,26.0,2.0,2.0,1.0,4.0,26.3,1,13074,13074,13074,6373,6026,4731,9917,5299,17370,17345,23048,7214,932,23588,4972,2748,7733,1.0,31:26,2015,2016
2015-16,203952,Andrew Wiggins,Andrew,1610612750,MIN,Minnesota Timberwolves,21501146,2016-04-03T00:00:00,MIN vs. DAL,L,41.1,9.0,0.0,2.0,14.0,13.0,16.0,6.0,22.0,0.0,0.0,0.0,5.0,41.8,1,13074,13074,13074,471,171,10158,4675,542,21300,25155,13388,10265,8004,1,1,1539,1981,1.0,41:04,2015,2016
2015-16,101139,CJ Miles,CJ,1610612754,IND,Indiana Pacers,21501151,2016-04-03T00:00:00,IND @ NYK,W,19.7,0.0,0.0,0.0,2.0,6.0,4.0,2.0,20.0,0.0,0.0,3.0,2.0,15.1,1,1,1,1,16133,12059,10158,9917,12984,10028,8458,4025,11929,8004,1,17641,7786,15328,1.0,19:44,2015,2016
2015-16,203210,JaMychal Green,JaMychal,1610612763,MEM,Memphis Grizzlies,21501148,2016-04-03T00:00:00,MEM @ ORL,L,30.0,0.0,2.0,2.0,8.0,7.0,14.0,9.0,22.0,1.0,1.0,4.0,2.0,30.5,1,13074,13074,13074,7555,12059,4731,4675,3109,12242,24300,18829,10265,2692,17214,22104,7786,5620,1.0,29:59,2015,2016
2015-16,201563,Michael Beasley,Michael,1610612745,HOU,Houston Rockets,21501145,2016-04-03T00:00:00,HOU vs. OKC,W,9.3,2.0,2.0,0.0,4.0,0.0,10.0,4.0,14.0,0.0,1.0,1.0,1.0,12.3,1,1,1,1,22691,6026,4731,9917,8599,1,20509,8806,17019,8004,17214,4972,12373,17524,1.0,9:20,2015,2016
2015-16,201599,DeAndre Jordan,DeAndre,1610612746,LAC,LA Clippers,21501147,2016-04-03T00:00:00,LAC vs. WAS,W,35.1,0.0,3.0,0.0,10.0,1.0,17.0,8.0,30.0,3.0,0.0,3.0,8.0,41.9,1,1,1,1,3473,12059,3104,9917,1840,2356,25429,17194,4541,347,1,17641,254,1958,1.0,35:05,2015,2016
2015-16,203080,Thomas Robinson,Thomas,1610612751,BKN,Brooklyn Nets,21501143,2016-04-03T00:00:00,BKN vs. NOP,L,27.0,1.0,7.0,0.0,8.0,17.0,3.0,11.0,26.0,0.0,0.0,3.0,6.0,27.0,1,13074,13074,13074,10052,11535,292,9917,3109,24337,7138,21342,7214,8004,1,17641,873,7385,1.0,26:57,2015,2016
2015-16,201937,Ricky Rubio,Ricky,1610612750,MIN,Minnesota Timberwolves,21501146,2016-04-03T00:00:00,MIN vs. DAL,L,34.1,0.0,0.0,0.0,0.0,13.0,11.0,4.0,20.0,0.0,1.0,3.0,3.0,19.9,1,13074,13074,13074,4295,12059,10158,9917,18861,21300,21814,8806,11929,8004,17214,17641,4736,11824,1.0,34:04,2015,2016
2015-16,204028,Tarik Black,Tarik,1610612747,LAL,Los Angeles Lakers,21501153,2016-04-03T00:00:00,LAL vs. BOS,L,19.0,0.0,0.0,0.0,4.0,8.0,3.0,10.0,16.0,1.0,0.0,1.0,3.0,12.1,1,13074,13074,13074,16698,12059,10158,9917,8599,13914,7138,20169,15259,2692,1,4972,4736,17639,1.0,19:00,2015,2016
2015-16,203918,Rodney Hood,Rodney,1610612762,UTA,Utah Jazz,21501149,2016-04-03T00:00:00,UTA @ PHX,W,35.0,12.0,3.0,3.0,0.0,5.0,7.0,6.0,26.0,2.0,0.0,3.0,2.0,40.9,1,1,1,1,3519,27,3104,3302,18861,8403,15642,13388,7214,932,1,17641,7786,2166,1.0,35:01,2015,2016
2015-16,200751,Randy Foye,Randy,1610612760,OKC,Oklahoma City Thunder,21501145,2016-04-03T00:00:00,OKC @ HOU,L,17.2,3.0,0.0,0.0,0.0,14.0,12.0,2.0,20.0,1.0,0.0,0.0,0.0,16.2,1,13074,13074,13074,18096,4307,10158,9917,18861,22292,22832,4025,11929,2692,1,1,18762,14436,1.0,17:14,2015,2016
2015-16,203897,Zach LaVine,Zach,1610612750,MIN,Minnesota Timberwolves,21501146,2016-04-03T00:00:00,MIN vs. DAL,L,30.3,0.0,0.0,0.0,2.0,15.0,11.0,6.0,24.0,0.0,0.0,5.0,2.0,16.1,1,13074,13074,13074,7284,12059,10158,9917,12984,23079,21814,13388,8723,8004,1,24686,7786,14515,1.0,30:16,2015,2016
2015-16,101145,Monta Ellis,Monta,1610612754,IND,Indiana Pacers,21501151,2016-04-03T00:00:00,IND @ NYK,W,29.7,0.0,0.0,0.0,2.0,6.0,8.0,8.0,24.0,0.0,1.0,1.0,2.0,16.2,1,1,1,1,7847,12059,10158,9917,12984,10028,17345,17194,8723,8004,17214,4972,7786,14436,1.0,29:39,2015,2016
2015-16,201943,Brandon Jennings,Brandon,1610612753,ORL,Orlando Magic,21501148,2016-04-03T00:00:00,ORL vs. MEM,W,16.6,0.0,0.0,0.0,0.0,0.0,4.0,0.0,12.0,0.0,0.0,1.0,0.0,12.6,1,1,1,1,18592,12059,10158,9917,18861,1,8458,1,18637,8004,1,4972,18762,17277,1.0,16:35,2015,2016
2015-16,203460,Andre Roberson,Andre,1610612760,OKC,Oklahoma City Thunder,21501145,2016-04-03T00:00:00,OKC @ HOU,L,20.1,2.0,2.0,0.0,4.0,2.0,2.0,11.0,14.0,0.0,1.0,2.0,0.0,7.6,1,13074,13074,13074,15849,6026,4731,9917,8599,2619,3734,21342,17019,8004,17214,11390,18762,20803,1.0,20:06,2015,2016
2015-16,202734,E'Twaun Moore,E'Twaun,1610612741,CHI,Chicago Bulls,21501150,2016-04-03T00:00:00,CHI @ MIL,W,26.9,0.0,0.0,0.0,6.0,8.0,13.0,7.0,28.0,0.0,2.0,1.0,0.0,20.9,1,1,1,1,10087,12059,10158,9917,5299,13914,23668,15538,5824,8004,23588,4972,18762,11132,1.0,26:55,2015,2016
2015-16,2760,Anderson Varejao,Anderson,1610612744,GSW,Golden State Warriors,21501152,2016-04-03T00:00:00,GSW vs. POR,W,6.8,0.0,0.0,0.0,0.0,2.0,6.0,2.0,10.0,0.0,0.0,1.0,2.0,2.2,1,1,1,1,23627,12059,10158,9917,18861,2619,13237,4025,20209,8004,1,4972,7786,24138,1.0,6:50,2015,2016
2015-16,1626168,Trey Lyles,Trey,1610612762,UTA,Utah Jazz,21501149,2016-04-03T00:00:00,UTA @ PHX,W,23.9,2.0,3.0,2.0,6.0,3.0,10.0,3.0,18.0,0.0,0.0,1.0,1.0,16.1,1,1,1,1,12630,6026,3104,4675,5299,5109,20509,7328,13577,8004,1,4972,12373,14515,1.0,23:55,2015,2016
2015-16,203092,Tyler Zeller,Tyler,1610612738,BOS,Boston Celtics,21501153,2016-04-03T00:00:00,BOS @ LAL,W,17.9,0.0,0.0,0.0,4.0,2.0,0.0,4.0,12.0,0.0,0.0,3.0,0.0,12.8,1,1,1,1,17592,12059,10158,9917,8599,2619,1,8806,18637,8004,1,17641,18762,17129,1.0,17:55,2015,2016
2015-16,201578,Marreese Speights,Marreese,1610612744,GSW,Golden State Warriors,21501152,2016-04-03T00:00:00,GSW vs. POR,W,13.4,0.0,0.0,2.0,0.0,8.0,0.0,2.0,6.0,0.0,1.0,2.0,2.0,13.1,1,1,1,1,20760,12059,10158,4675,18861,13914,1,4025,22724,8004,17214,11390,7786,16874,1.0,13:22,2015,2016
2015-16,1626163,Frank Kaminsky,Frank,1610612766,CHA,Charlotte Hornets,21501144,2016-04-03T00:00:00,CHA @ CLE,L,24.2,0.0,0.0,0.0,2.0,8.0,6.0,4.0,20.0,1.0,0.0,1.0,0.0,16.3,1,13074,13074,13074,12411,12059,10158,9917,12984,13914,13237,8806,11929,2692,1,4972,18762,14372,1.0,24:10,2015,2016
2015-16,203526,Raul Neto,Raul,1610612762,UTA,Utah Jazz,21501149,2016-04-03T00:00:00,UTA @ PHX,W,12.8,0.0,0.0,1.0,0.0,2.0,2.0,0.0,14.0,0.0,0.0,2.0,3.0,12.9,1,1,1,1,21095,12059,10158,9347,18861,2619,3734,1,17019,8004,1,11390,4736,17049,1.0,12:46,2015,2016
2015-16,101135,David Lee,David,1610612742,DAL,Dallas Mavericks,21501146,2016-04-03T00:00:00,DAL @ MIN,W,17.4,4.0,0.0,2.0,6.0,7.0,2.0,5.0,14.0,0.0,0.0,3.0,1.0,16.7,1,1,1,1,17976,2460,10158,4675,5299,12242,3734,11593,17019,8004,1,17641,12373,14064,1.0,17:23,2015,2016
2015-16,203909,KJ McDaniels,KJ,1610612745,HOU,Houston Rockets,21501145,2016-04-03T00:00:00,HOU vs. OKC,W,17.9,2.0,5.0,2.0,4.0,10.0,13.0,6.0,20.0,0.0,0.0,1.0,2.0,16.3,1,1,1,1,17617,6026,995,4675,8599,17370,23668,13388,11929,8004,1,4972,7786,14372,1.0,17:52,2015,2016
2015-16,201977,Marcus Thornton,Marcus,1610612764,WAS,Washington Wizards,21501147,2016-04-03T00:00:00,WAS @ LAC,L,4.4,0.0,0.0,0.0,0.0,0.0,2.0,0.0,4.0,0.0,0.0,2.0,0.0,3.0,1,13074,13074,13074,24581,12059,10158,9917,18861,1,3734,1,23698,8004,1,11390,18762,23648,1.0,4:24,2015,2016
2015-16,202684,Tristan Thompson,Tristan,1610612739,CLE,Cleveland Cavaliers,21501144,2016-04-03T00:00:00,CLE vs. CHA,W,28.1,1.0,2.0,0.0,2.0,13.0,8.0,13.0,26.0,0.0,0.0,1.0,3.0,16.2,1,1,1,1,9140,11535,4731,9917,12984,21300,17345,23048,7214,8004,1,4972,4736,14436,1.0,28:07,2015,2016
2015-16,1626245,Cristiano Felicio,Cristiano,1610612741,CHI,Chicago Bulls,21501150,2016-04-03T00:00:00,CHI @ MIL,W,14.1,0.0,2.0,0.0,2.0,5.0,4.0,8.0,20.0,0.0,2.0,1.0,1.0,12.5,1,1,1,1,20327,12059,4731,9917,12984,8403,8458,17194,11929,8004,23588,4972,12373,17372,1.0,14:08,2015,2016
2015-16,202338,Kevin Seraphin,Kevin,1610612752,NYK,New York Knicks,21501151,2016-04-03T00:00:00,NYK vs. IND,L,23.2,4.0,0.0,0.0,6.0,2.0,4.0,7.0,10.0,1.0,0.0,4.0,0.0,16.6,1,13074,13074,13074,13160,2460,10158,9917,5299,2619,8458,15538,20209,2692,1,22104,18762,14125,1.0,23:14,2015,2016
2015-16,202682,Derrick Williams,Derrick,1610612752,NYK,New York Knicks,21501151,2016-04-03T00:00:00,NYK vs. IND,L,27.9,2.0,2.0,3.0,6.0,6.0,6.0,7.0,20.0,0.0,1.0,0.0,1.0,21.2,1,13074,13074,13074,9339,6026,4731,3302,5299,10028,13237,15538,11929,8004,17214,1,12373,10936,1.0,27:51,2015,2016
2015-16,200797,Ryan Hollins,Ryan,1610612763,MEM,Memphis Grizzlies,21501148,2016-04-03T00:00:00,MEM @ ORL,L,0.8,0.0,0.0,0.0,0.0,0.0,3.0,0.0,0.0,1.0,0.0,0.0,0.0,3.0,1,13074,13074,13074,25922,12059,10158,9917,18861,1,7138,1,25429,2692,1,1,18762,23648,1.0,0:46,2015,2016
2015-16,200755,JJ Redick,JJ,1610612746,LAC,LA Clippers,21501147,2016-04-03T00:00:00,LAC vs. WAS,W,30.1,2.0,2.0,3.0,0.0,3.0,13.0,11.0,26.0,0.0,0.0,0.0,2.0,21.6,1,1,1,1,7462,6026,4731,3302,18861,5109,23668,21342,7214,8004,1,1,7786,10666,1.0,30:06,2015,2016
2015-16,203943,Noah Vonleh,Noah,1610612757,POR,Portland Trail Blazers,21501152,2016-04-03T00:00:00,POR @ GSW,L,3.2,0.0,0.0,0.0,0.0,0.0,0.0,0.0,0.0,0.0,0.0,0.0,1.0,2.0,1,13074,13074,13074,25074,12059,10158,9917,18861,1,1,1,25429,8004,1,1,12373,24216,1.0,3:09,2015,2016
2015-16,1626178,Rondae Hollis-Jefferson,Rondae,1610612751,BKN,Brooklyn Nets,21501143,2016-04-03T00:00:00,BKN vs. NOP,L,19.0,3.0,2.0,0.0,0.0,2.0,1.0,0.0,12.0,2.0,0.0,1.0,4.0,18.4,1,13074,13074,13074,16698,4307,4731,9917,18861,2619,3393,1,18637,932,1,4972,2748,12854,1.0,19:00,2015,2016
2015-16,2399,Mike Dunleavy,Mike,1610612741,CHI,Chicago Bulls,21501150,2016-04-03T00:00:00,CHI @ MIL,W,18.2,3.0,0.0,5.0,0.0,4.0,10.0,5.0,24.0,1.0,0.0,3.0,3.0,16.2,1,1,1,1,17359,4307,10158,1277,18861,6141,20509,11593,8723,2692,1,17641,4736,14436,1.0,18:11,2015,2016
2015-16,1717,Dirk Nowitzki,Dirk,1610612742,DAL,Dallas Mavericks,21501146,2016-04-03T00:00:00,DAL @ MIN,W,33.1,5.0,2.0,0.0,0.0,6.0,0.0,7.0,20.0,0.0,0.0,2.0,5.0,18.3,1,1,1,1,5079,1603,4731,9917,18861,10028,1,15538,11929,8004,1,11390,1539,12952,1.0,33:03,2015,2016
2015-16,203096,Jared Sullinger,Jared,1610612738,BOS,Boston Celtics,21501153,2016-04-03T00:00:00,BOS @ LAL,W,16.8,2.0,0.0,2.0,2.0,9.0,4.0,4.0,24.0,0.0,0.0,1.0,0.0,8.4,1,1,1,1,18447,6026,10158,4675,12984,15771,8458,8806,8723,8004,1,4972,18762,20273,1.0,16:46,2015,2016
2015-16,201588,George Hill,George,1610612754,IND,Indiana Pacers,21501151,2016-04-03T00:00:00,IND @ NYK,W,28.4,0.0,0.0,0.0,0.0,6.0,8.0,8.0,22.0,0.0,1.0,3.0,2.0,18.2,1,1,1,1,8894,12059,10158,9917,18861,10028,17345,17194,10265,8004,17214,17641,7786,13004,1.0,28:25,2015,2016
2015-16,2754,Tony Allen,Tony,1610612763,MEM,Memphis Grizzlies,21501148,2016-04-03T00:00:00,MEM @ ORL,L,14.0,0.0,4.0,2.0,8.0,6.0,4.0,16.0,26.0,0.0,1.0,0.0,1.0,16.5,1,13074,13074,13074,20405,12059,1596,4675,3109,10028,8458,24641,7214,8004,17214,1,12373,14224,1.0,14:01,2015,2016
2015-16,201162,Jared Dudley,Jared,1610612764,WAS,Washington Wizards,21501147,2016-04-03T00:00:00,WAS @ LAC,L,11.6,2.0,0.0,0.0,0.0,6.0,4.0,2.0,12.0,1.0,0.0,2.0,1.0,16.6,1,13074,13074,13074,21767,6026,10158,9917,18861,10028,8458,4025,18637,2692,1,11390,12373,14125,1.0,11:37,2015,2016
2015-16,2571,Leandro Barbosa,Leandro,1610612744,GSW,Golden State Warriors,21501152,2016-04-03T00:00:00,GSW vs. POR,W,23.0,4.0,0.0,2.0,6.0,7.0,8.0,9.0,14.0,0.0,0.0,1.0,0.0,18.3,1,1,1,1,13380,2460,10158,4675,5299,12242,17345,18829,17019,8004,1,4972,18762,12952,1.0,22:59,2015,2016
2015-16,202325,Wesley Johnson,Wesley,1610612746,LAC,LA Clippers,21501147,2016-04-03T00:00:00,LAC vs. WAS,W,25.2,2.0,0.0,0.0,2.0,9.0,10.0,13.0,28.0,1.0,0.0,2.0,0.0,18.2,1,1,1,1,11497,6026,10158,9917,12984,15771,20509,23048,5824,2692,1,11390,18762,13004,1.0,25:14,2015,2016
2015-16,203926,Doug McDermott,Doug,1610612741,CHI,Chicago Bulls,21501150,2016-04-03T00:00:00,CHI @ MIL,W,16.9,2.0,0.0,3.0,6.0,7.0,6.0,10.0,22.0,0.0,0.0,2.0,1.0,8.2,1,1,1,1,18382,6026,10158,3302,5299,12242,13237,20169,10265,8004,1,11390,12373,20416,1.0,16:51,2015,2016
2015-16,201575,Brandon Rush,Brandon,1610612744,GSW,Golden State Warriors,21501152,2016-04-03T00:00:00,GSW vs. POR,W,15.4,0.0,0.0,3.0,0.0,9.0,3.0,9.0,8.0,1.0,0.0,3.0,0.0,18.3,1,1,1,1,19474,12059,10158,3302,18861,15771,7138,18829,21543,2692,1,17641,18762,12952,1.0,15:24,2015,2016
2015-16,1626173,Rashad Vaughn,Rashad,1610612749,MIL,Milwaukee Bucks,21501150,2016-04-03T00:00:00,MIL vs. CHI,L,29.1,2.0,0.0,3.0,4.0,10.0,2.0,7.0,30.0,2.0,0.0,2.0,1.0,20.8,1,13074,13074,13074,8306,6026,10158,3302,8599,17370,3734,15538,4541,932,1,11390,12373,11195,1.0,29:05,2015,2016
2015-16,203084,Harrison Barnes,Harrison,1610612744,GSW,Golden State Warriors,21501152,2016-04-03T00:00:00,GSW vs. POR,W,33.0,0.0,0.0,2.0,2.0,15.0,8.0,6.0,32.0,0.0,0.0,2.0,0.0,16.0,1,1,1,1,5152,12059,10158,4675,12984,23079,17345,13388,3535,8004,1,11390,18762,14590,1.0,32:58,2015,2016
2015-16,1626145,Tyus Jones,Tyus,1610612750,MIN,Minnesota Timberwolves,21501146,2016-04-03T00:00:00,MIN vs. DAL,L,13.9,0.0,0.0,1.0,0.0,7.0,9.0,4.0,10.0,0.0,0.0,1.0,2.0,2.2,1,13074,13074,13074,20442,12059,10158,9347,18861,12242,19144,8806,20209,8004,1,4972,7786,24138,1.0,13:56,2015,2016
2015-16,203458,Alex Len,Alex,1610612756,PHX,Phoenix Suns,21501149,2016-04-03T00:00:00,PHX vs. UTA,L,35.4,0.0,3.0,0.0,0.0,17.0,5.0,12.0,32.0,0.0,2.0,2.0,4.0,8.2,1,13074,13074,13074,3224,12059,3104,9917,18861,24337,11469,22259,3535,8004,23588,11390,2748,20416,1.0,35:24,2015,2016
2015-16,201155,Rodney Stuckey,Rodney,1610612754,IND,Indiana Pacers,21501151,2016-04-03T00:00:00,IND @ NYK,W,19.6,2.0,2.0,3.0,6.0,5.0,2.0,1.0,16.0,0.0,1.0,2.0,3.0,21.3,1,1,1,1,16236,6026,4731,3302,5299,8403,3734,3646,15259,8004,17214,11390,4736,10880,1.0,19:35,2015,2016
2015-16,1626179,Terry Rozier,Terry,1610612738,BOS,Boston Celtics,21501153,2016-04-03T00:00:00,BOS @ LAL,W,21.2,2.0,0.0,4.0,4.0,6.0,2.0,8.0,20.0,0.0,0.0,1.0,1.0,21.9,1,1,1,1,14897,6026,10158,1913,8599,10028,3734,17194,11929,8004,1,4972,12373,10460,1.0,21:11,2015,2016
2015-16,2756,Sasha Vujacic,Sasha,1610612752,NYK,New York Knicks,21501151,2016-04-03T00:00:00,NYK vs. IND,L,32.4,0.0,0.0,3.0,0.0,2.0,8.0,8.0,22.0,0.0,0.0,3.0,4.0,32.1,1,13074,13074,13074,5566,12059,10158,3302,18861,2619,17345,17194,10265,8004,1,17641,2748,4889,1.0,32:25,2015,2016
2015-16,201586,Serge Ibaka,Serge,1610612760,OKC,Oklahoma City Thunder,21501145,2016-04-03T00:00:00,OKC @ HOU,L,30.3,0.0,2.0,2.0,4.0,13.0,4.0,15.0,30.0,1.0,0.0,4.0,1.0,22.1,1,13074,13074,13074,7262,12059,4731,4675,8599,21300,8458,24242,4541,2692,1,22104,12373,10332,1.0,30:18,2015,2016
2015-16,202391,Jeremy Lin,Jeremy,1610612766,CHA,Charlotte Hornets,21501144,2016-04-03T00:00:00,CHA @ CLE,L,26.9,3.0,0.0,3.0,2.0,14.0,9.0,4.0,26.0,0.0,0.0,2.0,7.0,14.1,1,13074,13074,13074,10065,4307,10158,3302,12984,22292,19144,8806,7214,8004,1,11390,469,16094,1.0,26:56,2015,2016
2015-16,203469,Cody Zeller,Cody,1610612766,CHA,Charlotte Hornets,21501144,2016-04-03T00:00:00,CHA @ CLE,L,28.6,4.0,0.0,2.0,2.0,9.0,8.0,2.0,36.0,0.0,1.0,1.0,2.0,31.7,1,13074,13074,13074,8699,2460,10158,4675,12984,15771,17345,4025,1943,8004,17214,4972,7786,5088,1.0,28:38,2015,2016
2015-16,204098,Xavier Munford,Xavier,1610612763,MEM,Memphis Grizzlies,21501148,2016-04-03T00:00:00,MEM @ ORL,L,33.8,3.0,0.0,2.0,4.0,9.0,12.0,14.0,22.0,0.0,0.0,3.0,1.0,16.9,1,13074,13074,13074,4537,4307,10158,4675,8599,15771,22832,23710,10265,8004,1,17641,12373,13911,1.0,33:46,2015,2016
2015-16,2440,Matt Barnes,Matt,1610612763,MEM,Memphis Grizzlies,21501148,2016-04-03T00:00:00,MEM @ ORL,L,36.1,0.0,2.0,2.0,6.0,14.0,13.0,25.0,44.0,1.0,1.0,4.0,2.0,31.7,1,13074,13074,13074,2717,12059,4731,4675,5299,22292,23668,25980,454,2692,17214,22104,7786,5088,1.0,36:03,2015,2016
2015-16,203124,Kyle O'Quinn,Kyle,1610612752,NYK,New York Knicks,21501151,2016-04-03T00:00:00,NYK vs. IND,L,12.4,0.0,0.0,0.0,4.0,0.0,4.0,7.0,10.0,0.0,0.0,0.0,0.0,13.5,1,13074,13074,13074,21317,12059,10158,9917,8599,1,8458,15538,20209,8004,1,1,18762,16552,1.0,12:26,2015,2016
2015-16,203200,Justin Holiday,Justin,1610612741,CHI,Chicago Bulls,21501150,2016-04-03T00:00:00,CHI @ MIL,W,24.8,0.0,0.0,1.0,2.0,7.0,7.0,8.0,34.0,0.0,2.0,1.0,1.0,22.0,1,1,1,1,11811,12059,10158,9347,12984,12242,15642,17194,2701,8004,23588,4972,12373,10388,1.0,24:49,2015,2016
2015-16,201167,Arron Afflalo,Arron,1610612752,NYK,New York Knicks,21501151,2016-04-03T00:00:00,NYK vs. IND,L,34.0,2.0,2.0,0.0,4.0,6.0,10.0,11.0,24.0,1.0,0.0,3.0,6.0,31.6,1,13074,13074,13074,4340,6026,4731,9917,8599,10028,20509,21342,8723,2692,1,17641,873,5130,1.0,34:01,2015,2016
2015-16,1626147,Justin Anderson,Justin,1610612742,DAL,Dallas Mavericks,21501146,2016-04-03T00:00:00,DAL @ MIN,W,23.6,5.0,2.0,2.0,8.0,7.0,0.0,7.0,16.0,1.0,0.0,1.0,1.0,28.5,1,1,1,1,12895,1603,4731,4675,3109,12242,1,15538,15259,2692,1,4972,12373,6613,1.0,23:37,2015,2016
2015-16,203948,Johnny O'Bryant III,Johnny,1610612749,MIL,Milwaukee Bucks,21501150,2016-04-03T00:00:00,MIL vs. CHI,L,20.9,0.0,0.0,0.0,4.0,2.0,2.0,0.0,22.0,1.0,0.0,3.0,0.0,17.5,1,13074,13074,13074,15109,12059,10158,9917,8599,2619,3734,1,10265,2692,1,17641,18762,13528,1.0,20:56,2015,2016
2015-16,200782,P.J. Tucker,P.J.,1610612756,PHX,Phoenix Suns,21501149,2016-04-03T00:00:00,PHX vs. UTA,L,37.6,2.0,3.0,0.0,4.0,26.0,8.0,14.0,42.0,0.0,2.0,2.0,2.0,28.8,1,13074,13074,13074,1698,6026,3104,9917,8599,25979,17345,23710,670,8004,23588,11390,7786,6465,1.0,37:37,2015,2016
2015-16,201584,Courtney Lee,Courtney,1610612766,CHA,Charlotte Hornets,21501144,2016-04-03T00:00:00,CHA @ CLE,L,37.9,4.0,0.0,4.0,6.0,15.0,8.0,4.0,44.0,1.0,0.0,2.0,1.0,28.7,1,13074,13074,13074,1535,2460,10158,1913,5299,23079,17345,8806,454,2692,1,11390,12373,6514,1.0,37:56,2015,2016
2015-16,202697,Iman Shumpert,Iman,1610612739,CLE,Cleveland Cavaliers,21501144,2016-04-03T00:00:00,CLE vs. CHA,W,31.8,0.0,0.0,0.0,2.0,13.0,6.0,13.0,24.0,0.0,0.0,1.0,1.0,16.9,1,1,1,1,6048,12059,10158,9917,12984,21300,13237,23048,8723,8004,1,4972,12373,13911,1.0,31:50,2015,2016
2015-16,202706,Jordan Hamilton,Jordan,1610612740,NOP,New Orleans Pelicans,21501143,2016-04-03T00:00:00,NOP @ BKN,W,34.0,5.0,2.0,4.0,12.0,10.0,16.0,2.0,20.0,0.0,0.0,2.0,4.0,28.7,1,1,1,1,4351,1603,4731,1913,988,17370,25155,4025,11929,8004,1,11390,2748,6514,1.0,34:00,2015,2016
2015-16,2216,Zach Randolph,Zach,1610612763,MEM,Memphis Grizzlies,21501148,2016-04-03T00:00:00,MEM @ ORL,L,31.7,1.0,1.0,0.0,6.0,10.0,13.0,25.0,44.0,0.0,0.0,3.0,6.0,32.9,1,13074,13074,13074,6168,11535,9709,9917,5299,17370,23668,25980,454,8004,1,17641,873,4566,1.0,31:40,2015,2016
2015-16,203499,Shane Larkin,Shane,1610612751,BKN,Brooklyn Nets,21501143,2016-04-03T00:00:00,BKN vs. NOP,L,33.2,2.0,0.0,2.0,4.0,19.0,3.0,16.0,36.0,0.0,1.0,1.0,1.0,28.3,1,13074,13074,13074,4959,6026,10158,4675,8599,25074,7138,24641,1943,8004,17214,4972,12373,6720,1.0,33:13,2015,2016
2015-16,202329,Al-Farouq Aminu,Al-Farouq,1610612757,POR,Portland Trail Blazers,21501152,2016-04-03T00:00:00,POR @ GSW,L,36.5,2.0,3.0,0.0,0.0,11.0,6.0,24.0,46.0,0.0,1.0,0.0,3.0,28.7,1,13074,13074,13074,2411,6026,3104,9917,18861,18886,13237,25937,298,8004,17214,1,4736,6514,1.0,36:29,2015,2016
2015-16,201582,Alexis Ajinca,Alexis,1610612740,NOP,New Orleans Pelicans,21501143,2016-04-03T00:00:00,NOP @ BKN,W,29.1,4.0,4.0,0.0,10.0,7.0,17.0,2.0,18.0,4.0,0.0,1.0,3.0,37.7,1,1,1,1,8328,2460,1596,9917,1840,12242,25429,4025,13577,132,1,4972,4736,2990,1.0,29:03,2015,2016
2015-16,2747,JR Smith,JR,1610612739,CLE,Cleveland Cavaliers,21501144,2016-04-03T00:00:00,CLE vs. CHA,W,33.1,1.0,0.0,2.0,8.0,18.0,8.0,15.0,20.0,0.0,0.0,1.0,1.0,39.5,1,1,1,1,5027,11535,10158,4675,3109,24749,17345,24242,11929,8004,1,4972,12373,2497,1.0,33:07,2015,2016
2015-16,201601,Luc Mbah a Moute,Luc,1610612746,LAC,LA Clippers,21501147,2016-04-03T00:00:00,LAC vs. WAS,W,23.8,2.0,0.0,2.0,6.0,0.0,10.0,7.0,20.0,0.0,0.0,2.0,3.0,14.0,1,1,1,1,12712,6026,10158,4675,5299,1,20509,15538,11929,8004,1,11390,4736,16166,1.0,23:51,2015,2016
2015-16,201962,Toney Douglas,Toney,1610612740,NOP,New Orleans Pelicans,21501143,2016-04-03T00:00:00,NOP @ BKN,W,26.8,2.0,0.0,2.0,2.0,12.0,13.0,2.0,18.0,0.0,0.0,0.0,2.0,13.8,1,1,1,1,10196,6026,10158,4675,12984,20178,23668,4025,13577,8004,1,1,7786,16311,1.0,26:48,2015,2016
2015-16,201933,Blake Griffin,Blake,1610612746,LAC,LA Clippers,21501147,2016-04-03T00:00:00,LAC vs. WAS,W,24.5,0.0,0.0,4.0,4.0,0.0,7.0,6.0,14.0,0.0,0.0,2.0,3.0,17.0,1,1,1,1,12080,12059,10158,1913,8599,1,15642,13388,17019,8004,1,11390,4736,13855,1.0,24:32,2015,2016
2015-16,203521,Matthew Dellavedova,Matthew,1610612739,CLE,Cleveland Cavaliers,21501144,2016-04-03T00:00:00,CLE vs. CHA,W,31.0,0.0,0.0,0.0,0.0,18.0,2.0,19.0,18.0,0.0,1.0,4.0,1.0,22.5,1,1,1,1,6725,12059,10158,9917,18861,24749,3734,25435,13577,8004,17214,22104,12373,10082,1.0,30:59,2015,2016
2015-16,1626164,Devin Booker,Devin,1610612756,PHX,Phoenix Suns,21501149,2016-04-03T00:00:00,PHX vs. UTA,L,40.6,0.0,0.0,3.0,2.0,26.0,8.0,13.0,42.0,1.0,4.0,3.0,4.0,31.9,1,13074,13074,13074,574,12059,10158,3302,12984,25979,17345,23048,670,2692,25926,17641,2748,4984,1.0,40:37,2015,2016
2015-16,202362,Lance Stephenson,Lance,1610612763,MEM,Memphis Grizzlies,21501148,2016-04-03T00:00:00,MEM @ ORL,L,22.8,0.0,0.0,0.0,6.0,3.0,6.0,10.0,16.0,1.0,0.0,1.0,2.0,22.3,1,13074,13074,13074,13570,12059,10158,9917,5299,5109,13237,20169,15259,2692,1,4972,7786,10208,1.0,22:45,2015,2016
2015-16,201976,Patrick Beverley,Patrick,1610612745,HOU,Houston Rockets,21501145,2016-04-03T00:00:00,HOU vs. OKC,W,26.4,2.0,0.0,2.0,4.0,4.0,13.0,9.0,26.0,0.0,0.0,3.0,0.0,17.4,1,1,1,1,10529,6026,10158,4675,8599,6141,23668,18829,7214,8004,1,17641,18762,13595,1.0,26:24,2015,2016
2015-16,202330,Gordon Hayward,Gordon,1610612762,UTA,Utah Jazz,21501149,2016-04-03T00:00:00,UTA @ PHX,W,34.8,8.0,0.0,2.0,8.0,3.0,7.0,6.0,18.0,1.0,0.0,5.0,5.0,39.5,1,1,1,1,3703,308,10158,4675,3109,5109,15642,13388,13577,2692,1,24686,1539,2497,1.0,34:47,2015,2016
2015-16,201951,Ty Lawson,Ty,1610612754,IND,Indiana Pacers,21501151,2016-04-03T00:00:00,IND @ NYK,W,18.4,0.0,2.0,0.0,0.0,5.0,2.0,1.0,14.0,0.0,1.0,3.0,0.0,17.3,1,1,1,1,17220,12059,4731,9917,18861,8403,3734,3646,17019,8004,17214,17641,18762,13671,1.0,18:21,2015,2016
2015-16,1626156,D'Angelo Russell,D'Angelo,1610612747,LAL,Los Angeles Lakers,21501153,2016-04-03T00:00:00,LAL vs. BOS,L,35.6,0.0,2.0,2.0,8.0,14.0,14.0,19.0,40.0,0.0,0.0,0.0,2.0,21.8,1,13074,13074,13074,3047,12059,4731,4675,3109,22292,24300,25435,983,8004,1,1,7786,10526,1.0,35:37,2015,2016
2015-16,203115,Will Barton,Will,1610612743,DEN,Denver Nuggets,21501141,2016-04-02T00:00:00,DEN vs. SAC,L,20.8,0.0,0.0,0.0,0.0,4.0,8.0,4.0,26.0,1.0,0.0,0.0,1.0,13.7,1,13074,13074,13074,15192,12059,10158,9917,18861,6141,17345,8806,7214,2692,1,1,12373,16393,1.0,20:51,2015,2016
2015-16,201155,Rodney Stuckey,Rodney,1610612754,IND,Indiana Pacers,21501138,2016-04-02T00:00:00,IND @ PHI,W,22.0,4.0,2.0,4.0,8.0,5.0,9.0,0.0,16.0,0.0,0.0,4.0,4.0,28.7,1,1,1,1,14179,2460,4731,1913,3109,8403,19144,1,15259,8004,1,22104,2748,6514,1.0,21:59,2015,2016
2015-16,202341,James Anderson,James,1610612758,SAC,Sacramento Kings,21501141,2016-04-02T00:00:00,SAC @ DEN,W,22.6,0.0,0.0,2.0,2.0,0.0,3.0,12.0,24.0,0.0,1.0,2.0,4.0,28.6,1,1,1,1,13654,12059,10158,4675,12984,1,7138,22259,8723,8004,17214,11390,2748,6560,1.0,22:39,2015,2016
2015-16,101133,Ian Mahinmi,Ian,1610612754,IND,Indiana Pacers,21501138,2016-04-02T00:00:00,IND @ PHI,W,21.4,3.0,2.0,0.0,8.0,6.0,2.0,3.0,6.0,1.0,0.0,4.0,2.0,27.4,1,1,1,1,14679,4307,4731,9917,3109,10028,3734,7328,22724,2692,1,22104,7786,7179,1.0,21:25,2015,2016
2015-16,201585,Kosta Koufos,Kosta,1610612758,SAC,Sacramento Kings,21501141,2016-04-02T00:00:00,SAC @ DEN,W,31.1,0.0,0.0,0.0,12.0,4.0,8.0,18.0,28.0,2.0,1.0,1.0,2.0,31.9,1,1,1,1,6616,12059,10158,9917,988,6141,17345,25228,5824,932,17214,4972,7786,4984,1.0,31:08,2015,2016
2015-16,202397,Ish Smith,Ish,1610612755,PHI,Philadelphia 76ers,21501138,2016-04-02T00:00:00,PHI vs. IND,L,35.6,0.0,2.0,0.0,6.0,15.0,6.0,9.0,34.0,0.0,0.0,2.0,3.0,22.4,1,13074,13074,13074,3071,12059,4731,9917,5299,23079,13237,18829,2701,8004,1,11390,4736,10131,1.0,35:35,2015,2016
2015-16,1626153,Delon Wright,Delon,1610612761,TOR,Toronto Raptors,21501140,2016-04-02T00:00:00,TOR @ SAS,L,22.0,0.0,0.0,2.0,10.0,12.0,9.0,6.0,16.0,0.0,1.0,1.0,2.0,28.3,1,13074,13074,13074,14140,12059,10158,4675,1840,20178,19144,13388,15259,8004,17214,4972,7786,6720,1.0,22:03,2015,2016
2015-16,201945,Gerald Henderson,Gerald,1610612757,POR,Portland Trail Blazers,21501142,2016-04-02T00:00:00,POR vs. MIA,W,27.8,0.0,2.0,3.0,4.0,13.0,10.0,2.0,28.0,0.0,1.0,1.0,4.0,22.6,1,1,1,1,9404,12059,4731,3302,8599,21300,20509,4025,5824,8004,17214,4972,2748,10000,1.0,27:46,2015,2016
2015-16,2736,Luol Deng,Luol,1610612748,MIA,Miami Heat,21501142,2016-04-02T00:00:00,MIA @ POR,L,31.2,3.0,4.0,2.0,8.0,9.0,6.0,16.0,32.0,0.0,1.0,2.0,2.0,39.6,1,13074,13074,13074,6551,4307,1596,4675,3109,15771,13237,24641,3535,8004,17214,11390,7786,2474,1.0,31:12,2015,2016
2015-16,203914,Gary Harris,Gary,1610612743,DEN,Denver Nuggets,21501141,2016-04-02T00:00:00,DEN vs. SAC,L,36.3,0.0,0.0,7.0,4.0,10.0,7.0,4.0,32.0,2.0,0.0,1.0,2.0,32.8,1,13074,13074,13074,2566,12059,10158,454,8599,17370,15642,8806,3535,932,1,4972,7786,4609,1.0,36:16,2015,2016
2015-16,203999,Nikola Jokić,Nikola,1610612743,DEN,Denver Nuggets,21501141,2016-04-02T00:00:00,DEN vs. SAC,L,32.2,0.0,2.0,2.0,4.0,10.0,7.0,4.0,28.0,2.0,0.0,2.0,2.0,38.1,1,13074,13074,13074,5692,12059,4731,4675,8599,17370,15642,8806,5824,932,1,11390,7786,2879,1.0,32:14,2015,2016
2015-16,2581,Steve Blake,Steve,1610612765,DET,Detroit Pistons,21501139,2016-04-02T00:00:00,DET @ CHI,W,13.0,0.0,0.0,0.0,0.0,0.0,0.0,3.0,10.0,0.0,0.0,0.0,0.0,14.1,1,1,1,1,20962,12059,10158,9917,18861,1,1,7328,20209,8004,1,1,18762,16094,1.0,13:01,2015,2016
2015-16,201951,Ty Lawson,Ty,1610612754,IND,Indiana Pacers,21501138,2016-04-02T00:00:00,IND @ PHI,W,22.0,0.0,0.0,0.0,2.0,5.0,9.0,0.0,16.0,0.0,1.0,2.0,1.0,16.9,1,1,1,1,14179,12059,10158,9917,12984,8403,19144,1,15259,8004,17214,11390,12373,13911,1.0,21:59,2015,2016
2015-16,202334,Ed Davis,Ed,1610612757,POR,Portland Trail Blazers,21501142,2016-04-02T00:00:00,POR vs. MIA,W,16.9,0.0,2.0,0.0,2.0,4.0,6.0,2.0,18.0,0.0,1.0,3.0,1.0,17.2,1,1,1,1,18358,12059,4731,9917,12984,6141,13237,4025,13577,8004,17214,17641,12373,13725,1.0,16:53,2015,2016
2015-16,201954,Darren Collison,Darren,1610612758,SAC,Sacramento Kings,21501141,2016-04-02T00:00:00,SAC @ DEN,W,39.2,3.0,2.0,0.0,6.0,2.0,10.0,19.0,38.0,0.0,1.0,2.0,5.0,27.8,1,1,1,1,996,4307,4731,9917,5299,2619,20509,25435,1422,8004,17214,11390,1539,6950,1.0,39:11,2015,2016
2015-16,201609,Goran Dragic,Goran,1610612748,MIA,Miami Heat,21501142,2016-04-02T00:00:00,MIA @ POR,L,34.1,2.0,2.0,2.0,10.0,7.0,6.0,14.0,32.0,0.0,1.0,3.0,3.0,18.9,1,13074,13074,13074,4309,6026,4731,4675,1840,12242,13237,23710,3535,8004,17214,17641,4736,12513,1.0,34:03,2015,2016
2015-16,203552,Seth Curry,Seth,1610612758,SAC,Sacramento Kings,21501141,2016-04-02T00:00:00,SAC @ DEN,W,24.6,2.0,0.0,2.0,6.0,4.0,5.0,16.0,30.0,0.0,0.0,1.0,1.0,25.7,1,1,1,1,12034,6026,10158,4675,5299,6141,11469,24641,4541,8004,1,4972,12373,8088,1.0,24:35,2015,2016
2015-16,204456,T.J. McConnell,T.J.,1610612755,PHI,Philadelphia 76ers,21501138,2016-04-02T00:00:00,PHI vs. IND,L,16.8,2.0,2.0,0.0,4.0,8.0,6.0,9.0,22.0,0.0,0.0,1.0,0.0,10.0,1,13074,13074,13074,18403,6026,4731,9917,8599,13914,13237,18829,10265,8004,1,4972,18762,19178,1.0,16:49,2015,2016
2015-16,203081,Damian Lillard,Damian,1610612757,POR,Portland Trail Blazers,21501142,2016-04-02T00:00:00,POR vs. MIA,W,29.2,0.0,0.0,0.0,4.0,4.0,12.0,2.0,22.0,0.0,0.0,0.0,6.0,23.4,1,1,1,1,8241,12059,10158,9917,8599,6141,22832,4025,10265,8004,1,1,873,9501,1.0,29:10,2015,2016
2015-16,202734,E'Twaun Moore,E'Twaun,1610612741,CHI,Chicago Bulls,21501139,2016-04-02T00:00:00,CHI vs. DET,L,32.1,0.0,0.0,2.0,2.0,8.0,12.0,2.0,18.0,2.0,0.0,2.0,1.0,19.3,1,13074,13074,13074,5840,12059,10158,4675,12984,13914,22832,4025,13577,932,1,11390,12373,12228,1.0,32:04,2015,2016
2015-16,203463,Ben McLemore,Ben,1610612758,SAC,Sacramento Kings,21501141,2016-04-02T00:00:00,SAC @ DEN,W,30.9,0.0,3.0,0.0,6.0,2.0,5.0,15.0,30.0,0.0,2.0,5.0,0.0,23.3,1,1,1,1,6835,12059,3104,9917,5299,2619,11469,24242,4541,8004,23588,24686,18762,9567,1.0,30:52,2015,2016
2015-16,101145,Monta Ellis,Monta,1610612754,IND,Indiana Pacers,21501138,2016-04-02T00:00:00,IND @ PHI,W,26.0,2.0,2.0,0.0,2.0,6.0,2.0,3.0,8.0,0.0,0.0,3.0,1.0,25.4,1,1,1,1,10827,6026,4731,9917,12984,10028,3734,7328,21543,8004,1,17641,12373,8273,1.0,26:01,2015,2016
2015-16,202702,Kenneth Faried,Kenneth,1610612743,DEN,Denver Nuggets,21501141,2016-04-02T00:00:00,DEN vs. SAC,L,16.2,0.0,0.0,0.0,8.0,7.0,2.0,1.0,10.0,2.0,1.0,1.0,1.0,25.4,1,13074,13074,13074,18870,12059,10158,9917,3109,12242,3734,3646,20209,932,17214,4972,12373,8273,1.0,16:13,2015,2016
2015-16,1626181,Norman Powell,Norman,1610612761,TOR,Toronto Raptors,21501140,2016-04-02T00:00:00,TOR @ SAS,L,32.3,4.0,0.0,10.0,8.0,10.0,4.0,2.0,20.0,0.0,1.0,3.0,4.0,23.6,1,13074,13074,13074,5631,2460,10158,118,3109,17370,8458,4025,11929,8004,17214,17641,2748,9377,1.0,32:20,2015,2016
2015-16,203484,Kentavious Caldwell-Pope,Kentavious,1610612765,DET,Detroit Pistons,21501139,2016-04-02T00:00:00,DET @ CHI,W,40.2,1.0,1.0,2.0,2.0,10.0,10.0,5.0,36.0,0.0,0.0,1.0,5.0,19.2,1,1,1,1,694,11535,9709,4675,12984,17370,20509,11593,1943,8004,1,4972,1539,12284,1.0,40:09,2015,2016
2015-16,203924,Jerami Grant,Jerami,1610612755,PHI,Philadelphia 76ers,21501138,2016-04-02T00:00:00,PHI vs. IND,L,37.2,3.0,4.0,0.0,6.0,23.0,8.0,16.0,40.0,1.0,2.0,5.0,14.0,33.3,1,13074,13074,13074,1972,4307,1596,9917,5299,25803,17345,24641,983,2692,23588,24686,9,4423,1.0,37:11,2015,2016
2015-16,1626144,Emmanuel Mudiay,Emmanuel,1610612743,DEN,Denver Nuggets,21501141,2016-04-02T00:00:00,DEN vs. SAC,L,29.2,0.0,3.0,0.0,4.0,10.0,7.0,2.0,26.0,0.0,3.0,6.0,2.0,23.6,1,13074,13074,13074,8239,12059,3104,9917,8599,17370,15642,4025,7214,8004,25441,25827,7786,9377,1.0,29:10,2015,2016
2015-16,1626196,Josh Richardson,Josh,1610612748,MIA,Miami Heat,21501142,2016-04-02T00:00:00,MIA @ POR,L,30.2,0.0,0.0,0.0,4.0,7.0,6.0,13.0,24.0,0.0,1.0,1.0,2.0,23.2,1,13074,13074,13074,7336,12059,10158,9917,8599,12242,13237,23048,8723,8004,17214,4972,7786,9630,1.0,30:13,2015,2016
2015-16,2225,Tony Parker,Tony,1610612759,SAS,San Antonio Spurs,21501140,2016-04-02T00:00:00,SAS vs. TOR,W,27.6,2.0,0.0,0.0,2.0,7.0,2.0,10.0,32.0,0.0,0.0,0.0,3.0,10.0,1,1,1,1,9534,6026,10158,9917,12984,12242,3734,20169,3535,8004,1,1,4736,19178,1.0,27:36,2015,2016
2015-16,202355,Hassan Whiteside,Hassan,1610612748,MIA,Miami Heat,21501142,2016-04-02T00:00:00,MIA @ POR,L,28.4,4.0,5.0,0.0,12.0,5.0,4.0,9.0,26.0,4.0,1.0,3.0,8.0,49.1,1,13074,13074,13074,8879,2460,995,9917,988,8403,8458,18829,7214,132,17214,17641,254,850,1.0,28:26,2015,2016
2015-16,202704,Reggie Jackson,Reggie,1610612765,DET,Detroit Pistons,21501139,2016-04-02T00:00:00,DET @ CHI,W,35.0,6.0,2.0,1.0,6.0,10.0,10.0,5.0,30.0,0.0,2.0,3.0,6.0,29.8,1,1,1,1,3549,878,4731,9347,5299,17370,20509,11593,4541,8004,23588,17641,873,5948,1.0,34:59,2015,2016
2015-16,202710,Jimmy Butler III,Jimmy,1610612741,CHI,Chicago Bulls,21501139,2016-04-02T00:00:00,CHI vs. DET,L,39.1,8.0,6.0,1.0,16.0,9.0,12.0,3.0,20.0,2.0,1.0,4.0,7.0,78.4,1,13074,13074,13074,1020,308,481,9347,275,15771,22832,7328,11929,932,17214,22104,469,9,1.0,39:08,2015,2016
2015-16,101139,CJ Miles,CJ,1610612754,IND,Indiana Pacers,21501138,2016-04-02T00:00:00,IND @ PHI,W,21.3,5.0,0.0,5.0,4.0,5.0,4.0,0.0,10.0,1.0,0.0,4.0,2.0,37.4,1,1,1,1,14801,1603,10158,1277,8599,8403,8458,1,20209,2692,1,22104,7786,3073,1.0,21:17,2015,2016
2015-16,1626161,Willie Cauley-Stein,Willie,1610612758,SAC,Sacramento Kings,21501141,2016-04-02T00:00:00,SAC @ DEN,W,38.7,2.0,4.0,0.0,6.0,4.0,7.0,19.0,40.0,2.0,1.0,5.0,2.0,37.3,1,1,1,1,1168,6026,1596,9917,5299,6141,15642,25435,983,932,17214,24686,7786,3105,1.0,38:44,2015,2016
2015-16,1495,Tim Duncan,Tim,1610612759,SAS,San Antonio Spurs,21501140,2016-04-02T00:00:00,SAS vs. TOR,W,28.7,0.0,0.0,0.0,4.0,4.0,2.0,14.0,30.0,3.0,0.0,0.0,1.0,29.2,1,1,1,1,8616,12059,10158,9917,8599,6141,3734,23710,4541,347,1,1,12373,6243,1.0,28:44,2015,2016
2015-16,200746,LaMarcus Aldridge,LaMarcus,1610612759,SAS,San Antonio Spurs,21501140,2016-04-02T00:00:00,SAS vs. TOR,W,38.4,10.0,4.0,4.0,14.0,11.0,6.0,12.0,44.0,0.0,1.0,2.0,4.0,50.5,1,1,1,1,1307,99,1596,1913,542,18886,13237,22259,454,8004,17214,11390,2748,709,1.0,38:26,2015,2016
2015-16,203468,CJ McCollum,CJ,1610612757,POR,Portland Trail Blazers,21501142,2016-04-02T00:00:00,POR vs. MIA,W,32.1,3.0,0.0,3.0,2.0,9.0,6.0,4.0,26.0,0.0,1.0,3.0,1.0,43.9,1,1,1,1,5801,4307,10158,3302,12984,15771,13237,8806,7214,8004,17214,17641,12373,1573,1.0,32:06,2015,2016
2015-16,202695,Kawhi Leonard,Kawhi,1610612759,SAS,San Antonio Spurs,21501140,2016-04-02T00:00:00,SAS vs. TOR,W,40.1,4.0,6.0,2.0,10.0,7.0,2.0,12.0,40.0,1.0,0.0,5.0,8.0,60.7,1,1,1,1,702,2460,481,4675,1840,12242,3734,22259,983,2692,1,24686,254,189,1.0,40:07,2015,2016
2015-16,203994,Jusuf Nurkić,Jusuf,1610612743,DEN,Denver Nuggets,21501141,2016-04-02T00:00:00,DEN vs. SAC,L,16.3,0.0,1.0,2.0,8.0,4.0,5.0,4.0,22.0,1.0,1.0,4.0,3.0,24.8,1,13074,13074,13074,18785,12059,9709,4675,3109,6141,11469,8806,10265,2692,17214,22104,4736,8614,1.0,16:20,2015,2016
2015-16,202329,Al-Farouq Aminu,Al-Farouq,1610612757,POR,Portland Trail Blazers,21501142,2016-04-02T00:00:00,POR vs. MIA,W,25.1,0.0,0.0,2.0,0.0,2.0,8.0,2.0,18.0,1.0,0.0,2.0,1.0,24.6,1,1,1,1,11573,12059,10158,4675,18861,2619,17345,4025,13577,2692,1,11390,12373,8724,1.0,25:08,2015,2016
2015-16,203530,Joffrey Lauvergne,Joffrey,1610612743,DEN,Denver Nuggets,21501141,2016-04-02T00:00:00,DEN vs. SAC,L,24.0,0.0,2.0,2.0,6.0,7.0,7.0,3.0,28.0,0.0,0.0,1.0,1.0,24.2,1,13074,13074,13074,12549,12059,4731,4675,5299,12242,15642,7328,5824,8004,1,4972,12373,9009,1.0,24:00,2015,2016
2015-16,202694,Marcus Morris Sr.,Marcus,1610612765,DET,Detroit Pistons,21501139,2016-04-02T00:00:00,DET @ CHI,W,39.5,5.0,0.0,0.0,0.0,10.0,8.0,8.0,32.0,1.0,2.0,5.0,3.0,29.8,1,1,1,1,903,1603,10158,9917,18861,17370,17345,17194,3535,2692,23588,24686,4736,5948,1.0,39:27,2015,2016
2015-16,203083,Andre Drummond,Andre,1610612765,DET,Detroit Pistons,21501139,2016-04-02T00:00:00,DET @ CHI,W,27.7,0.0,4.0,0.0,8.0,4.0,8.0,5.0,26.0,0.0,2.0,1.0,7.0,35.2,1,1,1,1,9485,12059,1596,9917,3109,6141,17345,11593,7214,8004,23588,4972,469,3745,1.0,27:40,2015,2016
2015-16,203960,JaKarr Sampson,JaKarr,1610612743,DEN,Denver Nuggets,21501141,2016-04-02T00:00:00,DEN vs. SAC,L,26.9,2.0,0.0,2.0,6.0,10.0,7.0,1.0,22.0,2.0,0.0,3.0,2.0,24.6,1,13074,13074,13074,10118,6026,10158,4675,5299,17370,15642,3646,10265,932,1,17641,7786,8724,1.0,26:53,2015,2016
2015-16,202699,Tobias Harris,Tobias,1610612765,DET,Detroit Pistons,21501139,2016-04-02T00:00:00,DET @ CHI,W,38.5,0.0,5.0,2.0,10.0,10.0,8.0,5.0,32.0,1.0,2.0,3.0,1.0,43.4,1,1,1,1,1289,12059,995,4675,1840,17370,17345,11593,3535,2692,23588,17641,12373,1662,1.0,38:28,2015,2016
2015-16,1626167,Myles Turner,Myles,1610612754,IND,Indiana Pacers,21501138,2016-04-02T00:00:00,IND @ PHI,W,26.6,2.0,4.0,2.0,8.0,5.0,9.0,0.0,18.0,1.0,0.0,2.0,1.0,24.0,1,1,1,1,10379,6026,1596,4675,3109,8403,19144,1,13577,2692,1,11390,12373,9121,1.0,26:35,2015,2016
2015-16,2200,Pau Gasol,Pau,1610612741,CHI,Chicago Bulls,21501139,2016-04-02T00:00:00,CHI vs. DET,L,33.7,0.0,2.0,0.0,6.0,9.0,12.0,5.0,20.0,4.0,0.0,3.0,1.0,49.3,1,13074,13074,13074,4593,12059,4731,9917,5299,15771,22832,11593,11929,132,1,17641,12373,827,1.0,33:42,2015,2016
2015-16,201988,Patty Mills,Patty,1610612759,SAS,San Antonio Spurs,21501140,2016-04-02T00:00:00,SAS vs. TOR,W,24.2,0.0,3.0,0.0,0.0,4.0,6.0,8.0,30.0,0.0,0.0,2.0,1.0,11.0,1,1,1,1,12370,12059,3104,9917,18861,6141,13237,17194,4541,8004,1,11390,12373,18430,1.0,24:13,2015,2016
2015-16,203148,Brian Roberts,Brian,1610612757,POR,Portland Trail Blazers,21501142,2016-04-02T00:00:00,POR vs. MIA,W,5.1,0.0,0.0,2.0,0.0,4.0,4.0,0.0,4.0,0.0,0.0,1.0,0.0,1.0,1,1,1,1,24326,12059,10158,4675,18861,6141,8458,1,23698,8004,1,4972,18762,24960,1.0,5:06,2015,2016
2015-16,2405,Amar'e Stoudemire,Amar'e,1610612748,MIA,Miami Heat,21501142,2016-04-02T00:00:00,MIA @ POR,L,10.7,0.0,0.0,0.0,0.0,2.0,0.0,5.0,10.0,0.0,0.0,1.0,2.0,1.2,1,13074,13074,13074,22147,12059,10158,9917,18861,2619,1,11593,20209,8004,1,4972,7786,24661,1.0,10:43,2015,2016
2015-16,201980,Danny Green,Danny,1610612759,SAS,San Antonio Spurs,21501140,2016-04-02T00:00:00,SAS vs. TOR,W,18.3,0.0,0.0,0.0,0.0,6.0,4.0,8.0,20.0,0.0,1.0,2.0,0.0,10.8,1,1,1,1,17266,12059,10158,9917,18861,10028,8458,17194,11929,8004,17214,11390,18762,18579,1.0,18:18,2015,2016
2015-16,1626169,Stanley Johnson,Stanley,1610612765,DET,Detroit Pistons,21501139,2016-04-02T00:00:00,DET @ CHI,W,16.4,0.0,0.0,0.0,0.0,0.0,2.0,3.0,12.0,0.0,1.0,2.0,0.0,5.4,1,1,1,1,18734,12059,10158,9917,18861,1,3734,7328,18637,8004,17214,11390,18762,22242,1.0,16:24,2015,2016
2015-16,2564,Boris Diaw,Boris,1610612759,SAS,San Antonio Spurs,21501140,2016-04-02T00:00:00,SAS vs. TOR,W,10.5,0.0,0.0,0.0,2.0,2.0,4.0,0.0,10.0,0.0,1.0,0.0,1.0,4.9,1,1,1,1,22243,12059,10158,9917,12984,2619,8458,1,20209,8004,17214,1,12373,22621,1.0,10:28,2015,2016
2015-16,203200,Justin Holiday,Justin,1610612741,CHI,Chicago Bulls,21501139,2016-04-02T00:00:00,CHI vs. DET,L,24.8,0.0,0.0,0.0,0.0,8.0,3.0,5.0,14.0,0.0,0.0,4.0,0.0,9.1,1,13074,13074,13074,11878,12059,10158,9917,18861,13914,7138,11593,17019,8004,1,22104,18762,19789,1.0,24:45,2015,2016
2015-16,1626242,Luis Montero,Luis,1610612757,POR,Portland Trail Blazers,21501142,2016-04-02T00:00:00,POR vs. MIA,W,2.1,0.0,0.0,0.0,0.0,0.0,0.0,0.0,0.0,0.0,0.0,0.0,0.0,0.0,1,1,1,1,25493,12059,10158,9917,18861,1,1,1,25429,8004,1,1,18762,25170,1.0,2:04,2015,2016
2015-16,1626192,Pat Connaughton,Pat,1610612757,POR,Portland Trail Blazers,21501142,2016-04-02T00:00:00,POR vs. MIA,W,2.1,0.0,0.0,0.0,0.0,0.0,0.0,0.0,0.0,0.0,0.0,0.0,0.0,0.0,1,1,1,1,25493,12059,10158,9917,18861,1,1,1,25429,8004,1,1,18762,25170,1.0,2:04,2015,2016
2015-16,2399,Mike Dunleavy,Mike,1610612741,CHI,Chicago Bulls,21501139,2016-04-02T00:00:00,CHI vs. DET,L,27.9,0.0,0.0,0.0,2.0,8.0,7.0,2.0,12.0,0.0,0.0,3.0,1.0,7.0,1,13074,13074,13074,9337,12059,10158,9917,12984,13914,15642,4025,18637,8004,1,17641,12373,21188,1.0,27:52,2015,2016
2015-16,1626171,Bobby Portis,Bobby,1610612741,CHI,Chicago Bulls,21501139,2016-04-02T00:00:00,CHI vs. DET,L,13.4,2.0,2.0,2.0,4.0,7.0,2.0,0.0,4.0,0.0,0.0,1.0,2.0,8.6,1,13074,13074,13074,20756,6026,4731,4675,8599,12242,3734,1,23698,8004,1,4972,7786,20125,1.0,13:23,2015,2016
2015-16,203943,Noah Vonleh,Noah,1610612757,POR,Portland Trail Blazers,21501142,2016-04-02T00:00:00,POR vs. MIA,W,10.6,0.0,0.0,0.0,0.0,4.0,2.0,0.0,2.0,0.0,1.0,0.0,1.0,7.0,1,1,1,1,22198,12059,10158,9917,18861,6141,3734,1,24614,8004,17214,1,12373,21188,1.0,10:36,2015,2016
2015-16,201574,Jason Thompson,Jason,1610612761,TOR,Toronto Raptors,21501140,2016-04-02T00:00:00,TOR @ SAS,L,12.7,3.0,0.0,0.0,2.0,8.0,9.0,6.0,12.0,0.0,0.0,1.0,0.0,6.5,1,13074,13074,13074,21112,4307,10158,9917,12984,13914,19144,13388,18637,8004,1,4972,18762,21519,1.0,12:44,2015,2016
2015-16,2449,Luis Scola,Luis,1610612761,TOR,Toronto Raptors,21501140,2016-04-02T00:00:00,TOR @ SAS,L,10.9,0.0,0.0,0.0,0.0,2.0,0.0,0.0,6.0,0.0,0.0,3.0,0.0,5.4,1,13074,13074,13074,22077,12059,10158,9917,18861,2619,1,1,22724,8004,1,17641,18762,22242,1.0,10:53,2015,2016
2015-16,2617,Udonis Haslem,Udonis,1610612748,MIA,Miami Heat,21501142,2016-04-02T00:00:00,MIA @ POR,L,5.1,2.0,0.0,0.0,0.0,0.0,0.0,2.0,2.0,0.0,0.0,0.0,0.0,3.2,1,13074,13074,13074,24326,6026,10158,9917,18861,1,1,4025,24614,8004,1,1,18762,23473,1.0,5:06,2015,2016
2015-16,203459,Allen Crabbe,Allen,1610612757,POR,Portland Trail Blazers,21501142,2016-04-02T00:00:00,POR vs. MIA,W,25.9,0.0,0.0,0.0,0.0,13.0,10.0,2.0,28.0,1.0,0.0,3.0,1.0,9.2,1,1,1,1,10905,12059,10158,9917,18861,21300,20509,4025,5824,2692,1,17641,12373,19680,1.0,25:56,2015,2016
2015-16,201949,James Johnson,James,1610612761,TOR,Toronto Raptors,21501140,2016-04-02T00:00:00,TOR @ SAS,L,16.9,0.0,0.0,0.0,0.0,2.0,0.0,0.0,12.0,0.0,1.0,0.0,1.0,3.2,1,13074,13074,13074,18369,12059,10158,9917,18861,2619,1,1,18637,8004,17214,1,12373,23473,1.0,16:52,2015,2016
2015-16,1626159,Justise Winslow,Justise,1610612748,MIA,Miami Heat,21501142,2016-04-02T00:00:00,MIA @ POR,L,29.7,0.0,0.0,0.0,0.0,5.0,4.0,9.0,20.0,0.0,0.0,4.0,0.0,9.3,1,13074,13074,13074,7804,12059,10158,9917,18861,8403,8458,18829,11929,8004,1,22104,18762,19656,1.0,29:43,2015,2016
2015-16,203926,Doug McDermott,Doug,1610612741,CHI,Chicago Bulls,21501139,2016-04-02T00:00:00,CHI vs. DET,L,15.5,0.0,0.0,2.0,2.0,6.0,5.0,2.0,12.0,0.0,0.0,1.0,1.0,5.2,1,13074,13074,13074,19400,12059,10158,4675,12984,10028,11469,4025,18637,8004,1,4972,12373,22370,1.0,15:31,2015,2016
2015-16,202703,Nikola Mirotic,Nikola,1610612741,CHI,Chicago Bulls,21501139,2016-04-02T00:00:00,CHI vs. DET,L,23.6,0.0,0.0,0.0,0.0,7.0,7.0,3.0,16.0,1.0,1.0,3.0,1.0,9.0,1,13074,13074,13074,12907,12059,10158,9917,18861,12242,15642,7328,15259,2692,17214,17641,12373,19835,1.0,23:35,2015,2016
2015-16,2561,David West,David,1610612759,SAS,San Antonio Spurs,21501140,2016-04-02T00:00:00,SAS vs. TOR,W,18.2,0.0,0.0,0.0,4.0,5.0,0.0,6.0,18.0,0.0,0.0,1.0,1.0,18.6,1,1,1,1,17388,12059,10158,9917,8599,8403,1,13388,13577,8004,1,4972,12373,12715,1.0,18:09,2015,2016
2015-16,203088,Kendall Marshall,Kendall,1610612755,PHI,Philadelphia 76ers,21501138,2016-04-02T00:00:00,PHI vs. IND,L,5.8,0.0,0.0,0.0,0.0,4.0,4.0,7.0,10.0,0.0,1.0,1.0,0.0,3.0,1,13074,13074,13074,24066,12059,10158,9917,18861,6141,8458,15538,20209,8004,17214,4972,18762,23648,1.0,5:46,2015,2016
2015-16,1626253,Axel Toupane,Axel,1610612743,DEN,Denver Nuggets,21501141,2016-04-02T00:00:00,DEN vs. SAC,L,19.2,2.0,2.0,8.0,6.0,4.0,5.0,3.0,24.0,0.0,0.0,3.0,4.0,16.6,1,13074,13074,13074,16514,6026,4731,280,5299,6141,11469,7328,8723,8004,1,17641,2748,14125,1.0,19:13,2015,2016
2015-16,203917,Nik Stauskas,Nik,1610612755,PHI,Philadelphia 76ers,21501138,2016-04-02T00:00:00,PHI vs. IND,L,27.2,0.0,0.0,0.0,2.0,11.0,6.0,11.0,30.0,0.0,1.0,4.0,2.0,12.9,1,13074,13074,13074,9883,12059,10158,9917,12984,18886,13237,21342,4541,8004,17214,22104,7786,17049,1.0,27:09,2015,2016
2015-16,1882,Elton Brand,Elton,1610612755,PHI,Philadelphia 76ers,21501138,2016-04-02T00:00:00,PHI vs. IND,L,22.9,0.0,0.0,0.0,0.0,8.0,2.0,5.0,18.0,0.0,0.0,3.0,0.0,18.0,1,13074,13074,13074,13470,12059,10158,9917,18861,13914,3734,11593,13577,8004,1,17641,18762,13164,1.0,22:53,2015,2016
2015-16,203112,Quincy Acy,Quincy,1610612758,SAC,Sacramento Kings,21501141,2016-04-02T00:00:00,SAC @ DEN,W,16.9,0.0,0.0,0.0,2.0,0.0,2.0,7.0,22.0,1.0,0.0,2.0,1.0,18.2,1,1,1,1,18369,12059,10158,9917,12984,1,3734,15538,10265,2692,1,11390,12373,13004,1.0,16:52,2015,2016
2015-16,203496,Robert Covington,Robert,1610612755,PHI,Philadelphia 76ers,21501138,2016-04-02T00:00:00,PHI vs. IND,L,32.2,3.0,3.0,0.0,0.0,15.0,4.0,9.0,32.0,0.0,0.0,5.0,0.0,21.5,1,13074,13074,13074,5703,4307,3104,9917,18861,23079,8458,18829,3535,8004,1,24686,18762,10755,1.0,32:14,2015,2016
2015-16,101123,Gerald Green,Gerald,1610612748,MIA,Miami Heat,21501142,2016-04-02T00:00:00,MIA @ POR,L,26.0,0.0,0.0,0.0,0.0,4.0,0.0,9.0,24.0,0.0,0.0,0.0,0.0,18.1,1,13074,13074,13074,10813,12059,10158,9917,18861,6141,1,18829,8723,8004,1,1,18762,13090,1.0,26:02,2015,2016
2015-16,203524,Solomon Hill,Solomon,1610612754,IND,Indiana Pacers,21501138,2016-04-02T00:00:00,IND @ PHI,W,28.5,2.0,0.0,0.0,6.0,5.0,7.0,0.0,16.0,0.0,0.0,3.0,1.0,16.7,1,1,1,1,8833,6026,10158,9917,5299,8403,15642,1,15259,8004,1,17641,12373,14064,1.0,28:30,2015,2016
2015-16,203382,Aron Baynes,Aron,1610612765,DET,Detroit Pistons,21501139,2016-04-02T00:00:00,DET @ CHI,W,20.3,0.0,0.0,0.0,0.0,6.0,2.0,3.0,14.0,0.0,0.0,1.0,3.0,8.2,1,1,1,1,15617,12059,10158,9917,18861,10028,3734,7328,17019,8004,1,4972,4736,20416,1.0,20:20,2015,2016
2015-16,2549,Chris Kaman,Chris,1610612757,POR,Portland Trail Blazers,21501142,2016-04-02T00:00:00,POR vs. MIA,W,4.3,0.0,0.0,0.0,2.0,2.0,2.0,0.0,2.0,0.0,0.0,0.0,0.0,2.2,1,1,1,1,24621,12059,10158,9917,12984,2619,3734,1,24614,8004,1,1,18762,24138,1.0,4:16,2015,2016
2015-16,202730,Lavoy Allen,Lavoy,1610612754,IND,Indiana Pacers,21501138,2016-04-02T00:00:00,IND @ PHI,W,12.5,0.0,0.0,0.0,2.0,6.0,2.0,3.0,6.0,0.0,0.0,0.0,1.0,2.2,1,1,1,1,21259,12059,10158,9917,12984,10028,3734,7328,22724,8004,1,1,12373,24138,1.0,12:32,2015,2016
2015-16,201166,Aaron Brooks,Aaron,1610612741,CHI,Chicago Bulls,21501139,2016-04-02T00:00:00,CHI vs. DET,L,15.8,0.0,0.0,0.0,6.0,7.0,0.0,3.0,8.0,0.0,0.0,2.0,1.0,16.7,1,13074,13074,13074,19178,12059,10158,9917,5299,12242,1,7328,21543,8004,1,11390,12373,14064,1.0,15:49,2015,2016
2015-16,201229,Anthony Tolliver,Anthony,1610612765,DET,Detroit Pistons,21501139,2016-04-02T00:00:00,DET @ CHI,W,9.5,3.0,0.0,0.0,0.0,0.0,2.0,3.0,8.0,0.0,1.0,0.0,0.0,8.4,1,1,1,1,22616,4307,10158,9917,18861,1,3734,7328,21543,8004,17214,1,18762,20273,1.0,9:32,2015,2016
2015-16,202331,Paul George,Paul,1610612754,IND,Indiana Pacers,21501138,2016-04-02T00:00:00,IND @ PHI,W,33.7,2.0,0.0,4.0,4.0,6.0,9.0,3.0,16.0,0.0,0.0,2.0,8.0,40.1,1,1,1,1,4607,6026,10158,1913,8599,10028,19144,7328,15259,8004,1,11390,254,2345,1.0,33:41,2015,2016
2015-16,203090,Maurice Harkless,Maurice,1610612757,POR,Portland Trail Blazers,21501142,2016-04-02T00:00:00,POR vs. MIA,W,32.3,2.0,2.0,4.0,12.0,11.0,12.0,4.0,32.0,1.0,0.0,2.0,1.0,26.3,1,1,1,1,5663,6026,4731,1913,988,18886,22832,8806,3535,2692,1,11390,12373,7733,1.0,32:17,2015,2016
2015-16,201571,D.J. Augustin,D.J.,1610612743,DEN,Denver Nuggets,21501141,2016-04-02T00:00:00,DEN vs. SAC,L,18.8,0.0,0.0,2.0,4.0,4.0,5.0,4.0,22.0,0.0,0.0,1.0,2.0,11.7,1,13074,13074,13074,16856,12059,10158,4675,8599,6141,11469,8806,10265,8004,1,4972,7786,17903,1.0,18:50,2015,2016
2015-16,203082,Terrence Ross,Terrence,1610612761,TOR,Toronto Raptors,21501140,2016-04-02T00:00:00,TOR @ SAS,L,30.5,0.0,0.0,0.0,2.0,10.0,11.0,6.0,28.0,0.0,1.0,3.0,0.0,20.4,1,13074,13074,13074,7103,12059,10158,9917,12984,17370,21814,13388,5824,8004,17214,17641,18762,11453,1.0,30:30,2015,2016
2015-16,202687,Bismack Biyombo,Bismack,1610612761,TOR,Toronto Raptors,21501140,2016-04-02T00:00:00,TOR @ SAS,L,19.3,2.0,2.0,0.0,2.0,6.0,7.0,4.0,14.0,1.0,0.0,4.0,1.0,12.2,1,13074,13074,13074,16469,6026,4731,9917,12984,10028,15642,8806,17019,2692,1,22104,12373,17566,1.0,19:17,2015,2016
2015-16,203477,Isaiah Canaan,Isaiah,1610612755,PHI,Philadelphia 76ers,21501138,2016-04-02T00:00:00,PHI vs. IND,L,39.2,0.0,0.0,3.0,2.0,19.0,6.0,11.0,42.0,0.0,0.0,1.0,3.0,30.8,1,13074,13074,13074,981,12059,10158,3302,12984,25074,13237,21342,670,8004,1,4972,4736,5493,1.0,39:14,2015,2016
2015-16,201177,Josh McRoberts,Josh,1610612748,MIA,Miami Heat,21501142,2016-04-02T00:00:00,MIA @ POR,L,16.5,0.0,2.0,0.0,2.0,2.0,2.0,4.0,10.0,0.0,0.0,3.0,0.0,15.1,1,13074,13074,13074,18652,12059,4731,9917,12984,2619,3734,8806,20209,8004,1,17641,18762,15328,1.0,16:30,2015,2016
2015-16,202335,Patrick Patterson,Patrick,1610612761,TOR,Toronto Raptors,21501140,2016-04-02T00:00:00,TOR @ SAS,L,33.9,0.0,2.0,0.0,4.0,12.0,13.0,4.0,28.0,0.0,0.0,1.0,2.0,26.9,1,13074,13074,13074,4396,12059,4731,9917,8599,20178,23668,8806,5824,8004,1,4972,7786,7438,1.0,33:56,2015,2016
2015-16,2207,Joe Johnson,Joe,1610612748,MIA,Miami Heat,21501142,2016-04-02T00:00:00,MIA @ POR,L,28.0,4.0,3.0,0.0,4.0,4.0,2.0,9.0,30.0,0.0,0.0,0.0,2.0,15.7,1,13074,13074,13074,9203,2460,3104,9917,8599,6141,3734,18829,4541,8004,1,1,7786,14841,1.0,28:02,2015,2016
2015-16,1938,Manu Ginobili,Manu,1610612759,SAS,San Antonio Spurs,21501140,2016-04-02T00:00:00,SAS vs. TOR,W,21.3,0.0,0.0,0.0,0.0,4.0,4.0,4.0,18.0,1.0,0.0,2.0,1.0,26.6,1,1,1,1,14763,12059,10158,9917,18861,6141,8458,8806,13577,2692,1,11390,12373,7566,1.0,21:19,2015,2016
2015-16,201171,Carl Landry,Carl,1610612755,PHI,Philadelphia 76ers,21501138,2016-04-02T00:00:00,PHI vs. IND,L,23.2,3.0,0.0,0.0,4.0,12.0,8.0,13.0,32.0,0.0,0.0,0.0,2.0,26.2,1,13074,13074,13074,13244,4307,10158,9917,8599,20178,17345,23048,3535,8004,1,1,7786,7785,1.0,23:09,2015,2016
2015-16,200752,Rudy Gay,Rudy,1610612758,SAC,Sacramento Kings,21501141,2016-04-02T00:00:00,SAC @ DEN,W,36.0,7.0,3.0,2.0,8.0,4.0,10.0,19.0,38.0,0.0,4.0,2.0,7.0,40.3,1,1,1,1,2782,548,3104,4675,3109,6141,20509,25435,1422,8004,25926,11390,469,2302,1.0,35:59,2015,2016
2015-16,201588,George Hill,George,1610612754,IND,Indiana Pacers,21501138,2016-04-02T00:00:00,IND @ PHI,W,26.0,3.0,0.0,3.0,8.0,6.0,2.0,3.0,8.0,1.0,0.0,0.0,1.0,20.3,1,1,1,1,10827,4307,10158,3302,3109,10028,3734,7328,21543,2692,1,1,12373,11534,1.0,26:01,2015,2016
2015-16,202709,Cory Joseph,Cory,1610612761,TOR,Toronto Raptors,21501140,2016-04-02T00:00:00,TOR @ SAS,L,32.7,2.0,0.0,2.0,12.0,8.0,6.0,0.0,22.0,0.0,1.0,3.0,2.0,26.7,1,13074,13074,13074,5335,6026,10158,4675,988,13914,13237,1,10265,8004,17214,17641,7786,7525,1.0,32:42,2015,2016
2015-16,203937,Kyle Anderson,Kyle,1610612759,SAS,San Antonio Spurs,21501140,2016-04-02T00:00:00,SAS vs. TOR,W,12.7,0.0,0.0,0.0,0.0,5.0,0.0,6.0,18.0,0.0,0.0,0.0,1.0,12.1,1,1,1,1,21156,12059,10158,9917,18861,8403,1,13388,13577,8004,1,1,12373,17639,1.0,12:41,2015,2016
2015-16,203486,Mason Plumlee,Mason,1610612757,POR,Portland Trail Blazers,21501142,2016-04-02T00:00:00,POR vs. MIA,W,26.6,4.0,0.0,4.0,16.0,9.0,8.0,2.0,20.0,1.0,0.0,4.0,1.0,42.1,1,1,1,1,10335,2460,10158,1913,275,15771,17345,4025,11929,2692,1,22104,12373,1910,1.0,26:38,2015,2016
2015-16,1626245,Cristiano Felicio,Cristiano,1610612741,CHI,Chicago Bulls,21501139,2016-04-02T00:00:00,CHI vs. DET,L,14.2,0.0,0.0,1.0,2.0,6.0,0.0,0.0,6.0,1.0,0.0,2.0,1.0,12.3,1,13074,13074,13074,20300,12059,10158,9347,12984,10028,1,1,22724,2692,1,11390,12373,17524,1.0,14:11,2015,2016
2015-16,202685,Jonas Valančiūnas,Jonas,1610612761,TOR,Toronto Raptors,21501140,2016-04-02T00:00:00,TOR @ SAS,L,28.7,0.0,2.0,2.0,12.0,10.0,6.0,2.0,22.0,2.0,0.0,2.0,2.0,27.2,1,13074,13074,13074,8624,12059,4731,4675,988,17370,13237,4025,10265,932,1,11390,7786,7289,1.0,28:43,2015,2016
2015-16,2216,Zach Randolph,Zach,1610612763,MEM,Memphis Grizzlies,21501132,2016-04-01T00:00:00,MEM vs. TOR,L,29.4,2.0,0.0,0.0,10.0,11.0,4.0,12.0,16.0,0.0,2.0,4.0,5.0,26.3,1,13074,13074,13074,8038,6026,10158,9917,1840,18886,8458,22259,15259,8004,23588,22104,1539,7733,1.0,29:26,2015,2016
2015-16,203917,Nik Stauskas,Nik,1610612755,PHI,Philadelphia 76ers,21501128,2016-04-01T00:00:00,PHI @ CHA,L,29.2,0.0,3.0,0.0,4.0,6.0,6.0,5.0,24.0,0.0,2.0,1.0,2.0,15.6,1,13074,13074,13074,8181,12059,3104,9917,8599,10028,13237,11593,8723,8004,23588,4972,7786,14916,1.0,29:14,2015,2016
2015-16,204098,Xavier Munford,Xavier,1610612763,MEM,Memphis Grizzlies,21501132,2016-04-01T00:00:00,MEM vs. TOR,L,22.0,3.0,0.0,3.0,2.0,6.0,3.0,7.0,12.0,0.0,1.0,0.0,0.0,19.9,1,13074,13074,13074,14143,4307,10158,3302,12984,10028,7138,15538,18637,8004,17214,1,18762,11824,1.0,22:02,2015,2016
2015-16,1626173,Rashad Vaughn,Rashad,1610612749,MIL,Milwaukee Bucks,21501133,2016-04-01T00:00:00,MIL vs. ORL,W,22.5,4.0,0.0,4.0,4.0,8.0,5.0,11.0,30.0,0.0,1.0,2.0,2.0,12.1,1,1,1,1,13771,2460,10158,1913,8599,13914,11469,21342,4541,8004,17214,11390,7786,17639,1.0,22:29,2015,2016
2015-16,2744,Al Jefferson,Al,1610612766,CHA,Charlotte Hornets,21501128,2016-04-01T00:00:00,CHA vs. PHI,W,21.1,0.0,0.0,0.0,8.0,0.0,0.0,3.0,14.0,2.0,3.0,3.0,3.0,30.4,1,1,1,1,14974,12059,10158,9917,3109,1,1,7328,17019,932,25441,17641,4736,5661,1.0,21:06,2015,2016
2015-16,2405,Amar'e Stoudemire,Amar'e,1610612748,MIA,Miami Heat,21501135,2016-04-01T00:00:00,MIA @ SAC,W,17.4,2.0,2.0,0.0,6.0,9.0,9.0,5.0,22.0,0.0,0.0,1.0,1.0,11.8,1,1,1,1,17951,6026,4731,9917,5299,15771,19144,11593,10265,8004,1,4972,12373,17832,1.0,17:26,2015,2016
2015-16,1717,Dirk Nowitzki,Dirk,1610612742,DAL,Dallas Mavericks,21501129,2016-04-01T00:00:00,DAL @ DET,W,37.5,0.0,0.0,0.0,0.0,9.0,6.0,12.0,10.0,0.0,1.0,1.0,1.0,31.5,1,1,1,1,1778,12059,10158,9917,18861,15771,13237,22259,20209,8004,17214,4972,12373,5180,1.0,37:28,2015,2016
2015-16,1626168,Trey Lyles,Trey,1610612762,UTA,Utah Jazz,21501134,2016-04-01T00:00:00,UTA vs. MIN,W,34.8,0.0,0.0,0.0,8.0,13.0,13.0,4.0,32.0,1.0,0.0,1.0,3.0,30.5,1,1,1,1,3666,12059,10158,9917,3109,21300,23668,8806,3535,2692,1,4972,4736,5620,1.0,34:50,2015,2016
2015-16,201943,Brandon Jennings,Brandon,1610612753,ORL,Orlando Magic,21501133,2016-04-01T00:00:00,ORL @ MIL,L,17.6,0.0,0.0,0.0,0.0,8.0,2.0,4.0,20.0,0.0,0.0,0.0,0.0,15.5,1,13074,13074,13074,17847,12059,10158,9917,18861,13914,3734,8806,11929,8004,1,1,18762,15004,1.0,17:34,2015,2016
2015-16,203921,Cleanthony Early,Cleanthony,1610612752,NYK,New York Knicks,21501130,2016-04-01T00:00:00,NYK vs. BKN,W,23.0,0.0,2.0,0.0,2.0,6.0,8.0,8.0,26.0,0.0,2.0,1.0,0.0,15.7,1,1,1,1,13361,12059,4731,9917,12984,10028,17345,17194,7214,8004,23588,4972,18762,14841,1.0,23:01,2015,2016
2015-16,201942,DeMar DeRozan,DeMar,1610612761,TOR,Toronto Raptors,21501132,2016-04-01T00:00:00,TOR @ MEM,W,36.5,2.0,0.0,5.0,10.0,10.0,9.0,9.0,28.0,0.0,3.0,1.0,8.0,40.2,1,1,1,1,2421,6026,10158,1277,1840,17370,19144,18829,5824,8004,25441,4972,254,2323,1.0,36:28,2015,2016
2015-16,203953,Jabari Parker,Jabari,1610612749,MIL,Milwaukee Bucks,21501133,2016-04-01T00:00:00,MIL vs. ORL,W,41.2,0.0,2.0,4.0,20.0,15.0,7.0,13.0,50.0,0.0,1.0,0.0,2.0,42.9,1,1,1,1,455,12059,4731,1913,59,23079,15642,23048,107,8004,17214,1,7786,1754,1.0,41:09,2015,2016
2015-16,203095,Evan Fournier,Evan,1610612753,ORL,Orlando Magic,21501133,2016-04-01T00:00:00,ORL @ MIL,L,32.9,2.0,0.0,7.0,10.0,16.0,8.0,16.0,50.0,0.0,0.0,3.0,1.0,20.6,1,13074,13074,13074,5229,6026,10158,454,1840,23774,17345,24641,107,8004,1,17641,12373,11314,1.0,32:52,2015,2016
2015-16,203932,Aaron Gordon,Aaron,1610612753,ORL,Orlando Magic,21501133,2016-04-01T00:00:00,ORL @ MIL,L,32.0,2.0,0.0,2.0,10.0,14.0,8.0,14.0,50.0,0.0,1.0,4.0,3.0,27.4,1,13074,13074,13074,5914,6026,10158,4675,1840,22292,17345,23710,107,8004,17214,22104,4736,7179,1.0,31:58,2015,2016
2015-16,2594,Kyle Korver,Kyle,1610612737,ATL,Atlanta Hawks,21501131,2016-04-01T00:00:00,ATL vs. CLE,L,41.2,0.0,0.0,9.0,0.0,10.0,10.0,13.0,26.0,0.0,0.0,1.0,1.0,20.3,1,13074,13074,13074,451,12059,10158,184,18861,17370,20509,23048,7214,8004,1,4972,12373,11534,1.0,41:10,2015,2016
2015-16,203096,Jared Sullinger,Jared,1610612738,BOS,Boston Celtics,21501136,2016-04-01T00:00:00,BOS @ GSW,W,26.6,4.0,6.0,0.0,6.0,8.0,9.0,8.0,18.0,0.0,0.0,2.0,3.0,40.9,1,1,1,1,10379,2460,481,9917,5299,13914,19144,17194,13577,8004,1,11390,4736,2166,1.0,26:35,2015,2016
2015-16,101162,Marcin Gortat,Marcin,1610612764,WAS,Washington Wizards,21501137,2016-04-01T00:00:00,WAS @ PHX,W,29.1,4.0,2.0,3.0,4.0,8.0,24.0,4.0,22.0,2.0,1.0,2.0,8.0,30.2,1,1,1,1,8295,2460,4731,3302,8599,13914,26041,8806,10265,932,17214,11390,254,5751,1.0,29:06,2015,2016
2015-16,201171,Carl Landry,Carl,1610612755,PHI,Philadelphia 76ers,21501128,2016-04-01T00:00:00,PHI @ CHA,L,23.6,2.0,4.0,2.0,14.0,4.0,3.0,18.0,36.0,0.0,1.0,5.0,1.0,31.6,1,13074,13074,13074,12908,6026,1596,4675,542,6141,7138,25228,1943,8004,17214,24686,12373,5130,1.0,23:35,2015,2016
2015-16,202355,Hassan Whiteside,Hassan,1610612748,MIA,Miami Heat,21501135,2016-04-01T00:00:00,MIA @ SAC,W,30.5,0.0,2.0,0.0,2.0,10.0,13.0,12.0,24.0,3.0,0.0,3.0,2.0,30.1,1,1,1,1,7124,12059,4731,9917,12984,17370,23668,22259,8723,347,1,17641,7786,5794,1.0,30:29,2015,2016
2015-16,202738,Isaiah Thomas,Isaiah,1610612738,BOS,Boston Celtics,21501136,2016-04-01T00:00:00,BOS @ GSW,W,33.3,6.0,0.0,9.0,16.0,8.0,11.0,11.0,20.0,0.0,2.0,1.0,5.0,31.0,1,1,1,1,4899,878,10158,184,275,13914,21814,21342,11929,8004,23588,4972,1539,5406,1.0,33:17,2015,2016
2015-16,1626181,Norman Powell,Norman,1610612761,TOR,Toronto Raptors,21501132,2016-04-01T00:00:00,TOR @ MEM,W,30.5,4.0,0.0,4.0,4.0,10.0,6.0,9.0,28.0,1.0,0.0,0.0,2.0,31.3,1,1,1,1,7114,2460,10158,1913,8599,17370,13237,18829,5824,2692,1,1,7786,5258,1.0,30:30,2015,2016
2015-16,201574,Jason Thompson,Jason,1610612761,TOR,Toronto Raptors,21501132,2016-04-01T00:00:00,TOR @ MEM,W,21.8,0.0,0.0,0.0,4.0,8.0,2.0,7.0,18.0,1.0,0.0,1.0,1.0,15.2,1,1,1,1,14365,12059,10158,9917,8599,13914,3734,15538,13577,2692,1,4972,12373,15219,1.0,21:46,2015,2016
2015-16,203463,Ben McLemore,Ben,1610612758,SAC,Sacramento Kings,21501135,2016-04-01T00:00:00,SAC vs. MIA,L,21.2,0.0,0.0,0.0,2.0,2.0,7.0,3.0,14.0,0.0,0.0,1.0,1.0,12.4,1,13074,13074,13074,14890,12059,10158,9917,12984,2619,15642,7328,17019,8004,1,4972,12373,17418,1.0,21:12,2015,2016
2015-16,2571,Leandro Barbosa,Leandro,1610612744,GSW,Golden State Warriors,21501136,2016-04-01T00:00:00,GSW vs. BOS,L,17.2,0.0,0.0,0.0,2.0,7.0,10.0,9.0,20.0,0.0,0.0,0.0,1.0,15.4,1,13074,13074,13074,18141,12059,10158,9917,12984,12242,20509,18829,11929,8004,1,1,12373,15066,1.0,17:11,2015,2016
2015-16,202344,Trevor Booker,Trevor,1610612762,UTA,Utah Jazz,21501134,2016-04-01T00:00:00,UTA vs. MIN,W,15.9,0.0,0.0,0.0,4.0,2.0,0.0,4.0,14.0,0.0,0.0,1.0,0.0,12.3,1,1,1,1,19102,12059,10158,9917,8599,2619,1,8806,17019,8004,1,4972,18762,17524,1.0,15:55,2015,2016
2015-16,203078,Bradley Beal,Bradley,1610612764,WAS,Washington Wizards,21501137,2016-04-01T00:00:00,WAS @ PHX,W,34.5,2.0,2.0,3.0,6.0,9.0,22.0,11.0,36.0,0.0,0.0,4.0,4.0,30.7,1,1,1,1,3990,6026,4731,3302,5299,15771,25991,21342,1943,8004,1,22104,2748,5539,1.0,34:27,2015,2016
2015-16,201578,Marreese Speights,Marreese,1610612744,GSW,Golden State Warriors,21501136,2016-04-01T00:00:00,GSW vs. BOS,L,11.4,0.0,0.0,0.0,2.0,2.0,6.0,0.0,12.0,1.0,0.0,2.0,2.0,17.6,1,13074,13074,13074,21877,12059,10158,9917,12984,2619,13237,1,18637,2692,1,11390,7786,13443,1.0,11:23,2015,2016
2015-16,201572,Brook Lopez,Brook,1610612751,BKN,Brooklyn Nets,21501130,2016-04-01T00:00:00,BKN @ NYK,L,30.1,5.0,7.0,2.0,14.0,6.0,6.0,5.0,14.0,1.0,4.0,1.0,2.0,32.6,1,13074,13074,13074,7484,1603,292,4675,542,10028,13237,11593,17019,2692,25926,4972,7786,4687,1.0,30:04,2015,2016
2015-16,204038,Langston Galloway,Langston,1610612752,NYK,New York Knicks,21501130,2016-04-01T00:00:00,NYK vs. BKN,W,24.2,5.0,0.0,5.0,4.0,8.0,11.0,10.0,30.0,1.0,0.0,0.0,0.0,38.7,1,1,1,1,12379,1603,10158,1277,8599,13914,21814,20169,4541,2692,1,1,18762,2717,1.0,24:12,2015,2016
2015-16,203477,Isaiah Canaan,Isaiah,1610612755,PHI,Philadelphia 76ers,21501128,2016-04-01T00:00:00,PHI @ CHA,L,24.2,2.0,0.0,0.0,0.0,8.0,3.0,23.0,36.0,2.0,1.0,1.0,1.0,16.9,1,13074,13074,13074,12420,6026,10158,9917,18861,13914,7138,25880,1943,932,17214,4972,12373,13911,1.0,24:09,2015,2016
2015-16,101135,David Lee,David,1610612742,DAL,Dallas Mavericks,21501129,2016-04-01T00:00:00,DAL @ DET,W,12.1,0.0,0.0,0.0,2.0,2.0,5.0,4.0,8.0,2.0,0.0,3.0,0.0,17.5,1,1,1,1,21498,12059,10158,9917,12984,2619,11469,8806,21543,932,1,17641,18762,13528,1.0,12:03,2015,2016
2015-16,203098,John Jenkins,John,1610612756,PHX,Phoenix Suns,21501137,2016-04-01T00:00:00,PHX vs. WAS,L,16.8,0.0,0.0,2.0,4.0,6.0,4.0,3.0,22.0,0.0,0.0,0.0,2.0,17.7,1,13074,13074,13074,18447,12059,10158,4675,8599,10028,8458,7328,10265,8004,1,1,7786,13380,1.0,16:46,2015,2016
2015-16,1713,Vince Carter,Vince,1610612763,MEM,Memphis Grizzlies,21501132,2016-04-01T00:00:00,MEM vs. TOR,L,19.1,0.0,4.0,0.0,4.0,0.0,3.0,1.0,8.0,0.0,1.0,4.0,3.0,21.7,1,13074,13074,13074,16652,12059,1596,9917,8599,1,7138,3646,21543,8004,17214,22104,4736,10592,1.0,19:04,2015,2016
2015-16,1626185,Jarell Martin,Jarell,1610612763,MEM,Memphis Grizzlies,21501132,2016-04-01T00:00:00,MEM vs. TOR,L,18.1,2.0,2.0,0.0,2.0,0.0,3.0,3.0,8.0,1.0,0.0,3.0,6.0,21.8,1,13074,13074,13074,17402,6026,4731,9917,12984,1,7138,7328,21543,2692,1,17641,873,10526,1.0,18:08,2015,2016
2015-16,101161,Amir Johnson,Amir,1610612738,BOS,Boston Celtics,21501136,2016-04-01T00:00:00,BOS @ GSW,W,26.4,5.0,0.0,3.0,6.0,8.0,7.0,3.0,10.0,0.0,0.0,1.0,4.0,21.8,1,1,1,1,10550,1603,10158,3302,5299,13914,15642,7328,20209,8004,1,4972,2748,10526,1.0,26:22,2015,2016
2015-16,203924,Jerami Grant,Jerami,1610612755,PHI,Philadelphia 76ers,21501128,2016-04-01T00:00:00,PHI @ CHA,L,19.9,0.0,0.0,3.0,8.0,4.0,3.0,14.0,32.0,2.0,2.0,1.0,5.0,32.9,1,13074,13074,13074,15962,12059,10158,3302,3109,6141,7138,23710,3535,932,23588,4972,1539,4566,1.0,19:56,2015,2016
2015-16,203935,Marcus Smart,Marcus,1610612738,BOS,Boston Celtics,21501136,2016-04-01T00:00:00,BOS @ GSW,W,27.7,0.0,2.0,0.0,4.0,7.0,9.0,8.0,20.0,0.0,0.0,1.0,3.0,21.8,1,1,1,1,9439,12059,4731,9917,8599,12242,19144,17194,11929,8004,1,4972,4736,10526,1.0,27:44,2015,2016
2015-16,201939,Stephen Curry,Stephen,1610612744,GSW,Golden State Warriors,21501136,2016-04-01T00:00:00,GSW vs. BOS,L,36.6,6.0,3.0,2.0,2.0,25.0,8.0,16.0,36.0,0.0,0.0,2.0,2.0,38.0,1,13074,13074,13074,2326,878,3104,4675,12984,25944,17345,24641,1943,8004,1,11390,7786,2903,1.0,36:37,2015,2016
2015-16,202323,Evan Turner,Evan,1610612738,BOS,Boston Celtics,21501136,2016-04-01T00:00:00,BOS @ GSW,W,37.2,6.0,0.0,2.0,8.0,12.0,6.0,8.0,24.0,0.0,2.0,3.0,2.0,38.5,1,1,1,1,1936,878,10158,4675,3109,20178,13237,17194,8723,8004,23588,17641,7786,2771,1.0,37:14,2015,2016
2015-16,201961,Wayne Ellington,Wayne,1610612751,BKN,Brooklyn Nets,21501130,2016-04-01T00:00:00,BKN @ NYK,L,23.6,2.0,0.0,2.0,2.0,6.0,4.0,7.0,8.0,0.0,2.0,1.0,0.0,17.3,1,13074,13074,13074,12908,6026,10158,4675,12984,10028,8458,15538,21543,8004,23588,4972,18762,13671,1.0,23:35,2015,2016
2015-16,203552,Seth Curry,Seth,1610612758,SAC,Sacramento Kings,21501135,2016-04-01T00:00:00,SAC vs. MIA,L,31.6,3.0,3.0,3.0,2.0,11.0,4.0,5.0,20.0,0.0,1.0,0.0,5.0,32.9,1,13074,13074,13074,6194,4307,3104,3302,12984,18886,8458,11593,11929,8004,17214,1,1539,4566,1.0,31:38,2015,2016
2015-16,203918,Rodney Hood,Rodney,1610612762,UTA,Utah Jazz,21501134,2016-04-01T00:00:00,UTA vs. MIN,W,40.3,2.0,2.0,0.0,4.0,15.0,13.0,6.0,36.0,0.0,0.0,1.0,2.0,28.6,1,1,1,1,660,6026,4731,9917,8599,23079,23668,13388,1943,8004,1,4972,7786,6560,1.0,40:16,2015,2016
2015-16,203901,Elfrid Payton,Elfrid,1610612753,ORL,Orlando Magic,21501133,2016-04-01T00:00:00,ORL @ MIL,L,30.3,2.0,2.0,0.0,6.0,12.0,8.0,14.0,50.0,0.0,2.0,3.0,2.0,28.2,1,13074,13074,13074,7298,6026,4731,9917,5299,20178,17345,23710,107,8004,23588,17641,7786,6778,1.0,30:16,2015,2016
2015-16,1882,Elton Brand,Elton,1610612755,PHI,Philadelphia 76ers,21501128,2016-04-01T00:00:00,PHI @ CHA,L,24.4,0.0,0.0,3.0,6.0,10.0,6.0,7.0,18.0,1.0,0.0,2.0,3.0,31.7,1,13074,13074,13074,12199,12059,10158,3302,5299,17370,13237,15538,13577,2692,1,11390,4736,5088,1.0,24:25,2015,2016
2015-16,2365,Chris Andersen,Chris,1610612763,MEM,Memphis Grizzlies,21501132,2016-04-01T00:00:00,MEM vs. TOR,L,20.0,0.0,0.0,3.0,0.0,5.0,2.0,5.0,14.0,1.0,1.0,3.0,1.0,14.0,1,13074,13074,13074,15888,12059,10158,3302,18861,8403,3734,11593,17019,2692,17214,17641,12373,16166,1.0,20:02,2015,2016
2015-16,203084,Harrison Barnes,Harrison,1610612744,GSW,Golden State Warriors,21501136,2016-04-01T00:00:00,GSW vs. BOS,L,35.0,3.0,0.0,3.0,2.0,19.0,6.0,12.0,38.0,0.0,0.0,2.0,0.0,31.6,1,13074,13074,13074,3566,4307,10158,3302,12984,25074,13237,22259,1422,8004,1,11390,18762,5130,1.0,34:58,2015,2016
2015-16,2585,Zaza Pachulia,Zaza,1610612742,DAL,Dallas Mavericks,21501129,2016-04-01T00:00:00,DAL @ DET,W,22.2,1.0,2.0,0.0,0.0,9.0,6.0,9.0,14.0,0.0,0.0,0.0,7.0,22.7,1,1,1,1,14051,11535,4731,9917,18861,15771,13237,18829,17019,8004,1,1,469,9938,1.0,22:09,2015,2016
2015-16,2546,Carmelo Anthony,Carmelo,1610612752,NYK,New York Knicks,21501130,2016-04-01T00:00:00,NYK vs. BKN,W,25.0,0.0,2.0,0.0,4.0,8.0,15.0,4.0,26.0,0.0,0.0,1.0,1.0,28.2,1,1,1,1,11678,12059,4731,9917,8599,13914,24781,8806,7214,8004,1,4972,12373,6778,1.0,24:59,2015,2016
2015-16,203462,Archie Goodwin,Archie,1610612756,PHX,Phoenix Suns,21501137,2016-04-01T00:00:00,PHX vs. WAS,L,12.5,0.0,0.0,0.0,8.0,6.0,2.0,3.0,20.0,0.0,0.0,2.0,2.0,13.5,1,13074,13074,13074,21270,12059,10158,9917,3109,10028,3734,7328,11929,8004,1,11390,7786,16552,1.0,12:31,2015,2016
2015-16,203141,Mirza Teletovic,Mirza,1610612756,PHX,Phoenix Suns,21501137,2016-04-01T00:00:00,PHX vs. WAS,L,32.1,3.0,8.0,2.0,10.0,13.0,10.0,8.0,30.0,0.0,2.0,3.0,6.0,38.9,1,13074,13074,13074,5785,4307,137,4675,1840,21300,20509,17194,4541,8004,23588,17641,873,2667,1.0,32:07,2015,2016
2015-16,201143,Al Horford,Al,1610612737,ATL,Atlanta Hawks,21501131,2016-04-01T00:00:00,ATL vs. CLE,L,42.2,3.0,1.0,2.0,4.0,14.0,12.0,19.0,38.0,1.0,0.0,3.0,4.0,32.3,1,13074,13074,13074,286,4307,9709,4675,8599,22292,22832,25435,1422,2692,1,17641,2748,4807,1.0,42:11,2015,2016
2015-16,203082,Terrence Ross,Terrence,1610612761,TOR,Toronto Raptors,21501132,2016-04-01T00:00:00,TOR @ MEM,W,17.5,0.0,0.0,0.0,0.0,9.0,5.0,3.0,10.0,0.0,0.0,1.0,0.0,13.6,1,1,1,1,17894,12059,10158,9917,18861,15771,11469,7328,20209,8004,1,4972,18762,16460,1.0,17:30,2015,2016
2015-16,202696,Nikola Vučević,Nikola,1610612753,ORL,Orlando Magic,21501133,2016-04-01T00:00:00,ORL @ MIL,L,21.5,2.0,3.0,4.0,12.0,9.0,8.0,4.0,26.0,2.0,0.0,2.0,3.0,39.3,1,13074,13074,13074,14565,6026,3104,1913,988,15771,17345,8806,7214,932,1,11390,4736,2563,1.0,21:32,2015,2016
2015-16,203101,Miles Plumlee,Miles,1610612749,MIL,Milwaukee Bucks,21501133,2016-04-01T00:00:00,MIL vs. ORL,W,16.9,3.0,2.0,0.0,10.0,8.0,3.0,2.0,16.0,0.0,0.0,1.0,3.0,13.4,1,1,1,1,18317,4307,4731,9917,1840,13914,7138,4025,15259,8004,1,4972,4736,16614,1.0,16:56,2015,2016
2015-16,200752,Rudy Gay,Rudy,1610612758,SAC,Sacramento Kings,21501135,2016-04-01T00:00:00,SAC vs. MIA,L,39.5,10.0,6.0,0.0,14.0,15.0,6.0,10.0,32.0,0.0,1.0,3.0,4.0,39.1,1,13074,13074,13074,887,99,481,9917,542,23079,13237,20169,3535,8004,17214,17641,2748,2616,1.0,39:30,2015,2016
2015-16,202391,Jeremy Lin,Jeremy,1610612766,CHA,Charlotte Hornets,21501128,2016-04-01T00:00:00,CHA vs. PHI,W,24.0,5.0,3.0,2.0,8.0,0.0,0.0,3.0,14.0,1.0,1.0,1.0,2.0,27.8,1,1,1,1,12549,1603,3104,4675,3109,1,1,7328,17019,2692,17214,4972,7786,6950,1.0,24:00,2015,2016
2015-16,202362,Lance Stephenson,Lance,1610612763,MEM,Memphis Grizzlies,21501132,2016-04-01T00:00:00,MEM vs. TOR,L,29.0,2.0,0.0,2.0,6.0,6.0,3.0,12.0,16.0,1.0,3.0,1.0,2.0,22.6,1,13074,13074,13074,8413,6026,10158,4675,5299,10028,7138,22259,15259,2692,25441,4972,7786,10000,1.0,28:57,2015,2016
2015-16,201587,Nicolas Batum,Nicolas,1610612766,CHA,Charlotte Hornets,21501128,2016-04-01T00:00:00,CHA vs. PHI,W,33.3,2.0,0.0,2.0,12.0,4.0,10.0,8.0,24.0,0.0,0.0,1.0,2.0,32.3,1,1,1,1,4899,6026,10158,4675,988,6141,20509,17194,8723,8004,1,4972,7786,4807,1.0,33:17,2015,2016
2015-16,201973,Jonas Jerebko,Jonas,1610612738,BOS,Boston Celtics,21501136,2016-04-01T00:00:00,BOS @ GSW,W,19.9,0.0,4.0,0.0,4.0,7.0,0.0,3.0,12.0,0.0,0.0,1.0,0.0,13.8,1,1,1,1,15960,12059,1596,9917,8599,12242,1,7328,18637,8004,1,4972,18762,16311,1.0,19:56,2015,2016
2015-16,2754,Tony Allen,Tony,1610612763,MEM,Memphis Grizzlies,21501132,2016-04-01T00:00:00,MEM vs. TOR,L,21.5,2.0,2.0,0.0,8.0,5.0,4.0,5.0,12.0,1.0,1.0,4.0,0.0,28.0,1,13074,13074,13074,14563,6026,4731,9917,3109,8403,8458,11593,18637,2692,17214,22104,18762,6864,1.0,21:33,2015,2016
2015-16,203210,JaMychal Green,JaMychal,1610612763,MEM,Memphis Grizzlies,21501132,2016-04-01T00:00:00,MEM vs. TOR,L,28.0,2.0,0.0,0.0,2.0,6.0,5.0,10.0,12.0,2.0,2.0,0.0,1.0,28.4,1,13074,13074,13074,9249,6026,10158,9917,12984,10028,11469,20169,18637,932,23588,1,12373,6663,1.0,27:58,2015,2016
2015-16,202714,Shelvin Mack,Shelvin,1610612762,UTA,Utah Jazz,21501134,2016-04-01T00:00:00,UTA vs. MIN,W,33.2,6.0,2.0,4.0,6.0,11.0,13.0,6.0,30.0,0.0,1.0,1.0,2.0,28.3,1,1,1,1,4966,878,4731,1913,5299,18886,23668,13388,4541,8004,17214,4972,7786,6720,1.0,33:12,2015,2016
2015-16,202357,Nemanja Bjelica,Nemanja,1610612750,MIN,Minnesota Timberwolves,21501134,2016-04-01T00:00:00,MIN @ UTA,L,35.1,2.0,2.0,0.0,6.0,11.0,12.0,7.0,28.0,0.0,0.0,2.0,0.0,27.6,1,13074,13074,13074,3440,6026,4731,9917,5299,18886,22832,15538,5824,8004,1,11390,18762,7080,1.0,35:08,2015,2016
2015-16,2207,Joe Johnson,Joe,1610612748,MIA,Miami Heat,21501135,2016-04-01T00:00:00,MIA @ SAC,W,36.5,3.0,0.0,0.0,8.0,17.0,18.0,12.0,34.0,0.0,0.0,4.0,1.0,32.0,1,1,1,1,2408,4307,10158,9917,3109,24337,25634,22259,2701,8004,1,22104,12373,4945,1.0,36:29,2015,2016
2015-16,202704,Reggie Jackson,Reggie,1610612765,DET,Detroit Pistons,21501129,2016-04-01T00:00:00,DET vs. DAL,L,32.3,2.0,2.0,2.0,2.0,8.0,9.0,0.0,18.0,0.0,0.0,5.0,4.0,32.0,1,13074,13074,13074,5633,6026,4731,4675,12984,13914,19144,1,13577,8004,1,24686,2748,4945,1.0,32:19,2015,2016
2015-16,2733,Shaun Livingston,Shaun,1610612744,GSW,Golden State Warriors,21501136,2016-04-01T00:00:00,GSW vs. BOS,L,19.9,2.0,2.0,0.0,2.0,6.0,8.0,4.0,20.0,1.0,0.0,4.0,1.0,13.4,1,13074,13074,13074,15962,6026,4731,9917,12984,10028,17345,8806,11929,2692,1,22104,12373,16614,1.0,19:56,2015,2016
2015-16,202335,Patrick Patterson,Patrick,1610612761,TOR,Toronto Raptors,21501132,2016-04-01T00:00:00,TOR @ MEM,W,26.2,0.0,0.0,0.0,2.0,11.0,9.0,5.0,20.0,1.0,1.0,2.0,1.0,13.6,1,1,1,1,10655,12059,10158,9917,12984,18886,19144,11593,11929,2692,17214,11390,12373,16460,1.0,26:14,2015,2016
2015-16,202083,Wesley Matthews,Wesley,1610612742,DAL,Dallas Mavericks,21501129,2016-04-01T00:00:00,DAL @ DET,W,42.7,3.0,3.0,0.0,2.0,11.0,11.0,16.0,18.0,0.0,0.0,3.0,1.0,27.7,1,1,1,1,225,4307,3104,9917,12984,18886,21814,24641,13577,8004,1,17641,12373,7008,1.0,42:44,2015,2016
2015-16,201567,Kevin Love,Kevin,1610612739,CLE,Cleveland Cavaliers,21501131,2016-04-01T00:00:00,CLE @ ATL,W,33.8,0.0,5.0,0.0,2.0,13.0,3.0,16.0,26.0,0.0,1.0,5.0,3.0,28.2,1,1,1,1,4507,12059,995,9917,12984,21300,7138,24641,7214,8004,17214,24686,4736,6778,1.0,33:48,2015,2016
2015-16,203900,Markel Brown,Markel,1610612751,BKN,Brooklyn Nets,21501130,2016-04-01T00:00:00,BKN @ NYK,L,28.6,2.0,4.0,2.0,10.0,3.0,6.0,10.0,26.0,0.0,0.0,2.0,1.0,28.3,1,13074,13074,13074,8748,6026,1596,4675,1840,5109,13237,20169,7214,8004,1,11390,12373,6720,1.0,28:35,2015,2016
2015-16,202694,Marcus Morris Sr.,Marcus,1610612765,DET,Detroit Pistons,21501129,2016-04-01T00:00:00,DET vs. DAL,L,39.7,5.0,3.0,3.0,0.0,8.0,9.0,2.0,22.0,2.0,1.0,2.0,1.0,60.4,1,13074,13074,13074,831,1603,3104,3302,18861,13914,19144,4025,10265,932,17214,11390,12373,200,1.0,39:39,2015,2016
2015-16,2544,LeBron James,LeBron,1610612739,CLE,Cleveland Cavaliers,21501131,2016-04-01T00:00:00,CLE @ ATL,W,44.4,12.0,0.0,15.0,20.0,13.0,4.0,22.0,36.0,1.0,1.0,4.0,6.0,70.7,1,1,1,1,105,27,10158,9,59,21300,8458,25811,1943,2692,17214,22104,873,43,1.0,44:25,2015,2016
2015-16,203114,Khris Middleton,Khris,1610612749,MIL,Milwaukee Bucks,21501133,2016-04-01T00:00:00,MIL vs. ORL,W,37.8,2.0,2.0,6.0,6.0,15.0,7.0,15.0,48.0,2.0,0.0,1.0,3.0,49.0,1,1,1,1,1626,6026,4731,740,5299,23079,15642,24242,192,932,1,4972,4736,862,1.0,37:46,2015,2016
2015-16,200794,Paul Millsap,Paul,1610612737,ATL,Atlanta Hawks,21501131,2016-04-01T00:00:00,ATL vs. CLE,L,41.2,4.0,2.0,2.0,16.0,8.0,8.0,22.0,30.0,1.0,2.0,5.0,3.0,53.9,1,13074,13074,13074,444,2460,4731,4675,275,13914,17345,25811,4541,2692,23588,24686,4736,459,1.0,41:13,2015,2016
2015-16,201952,Jeff Teague,Jeff,1610612737,ATL,Atlanta Hawks,21501131,2016-04-01T00:00:00,ATL vs. CLE,L,38.3,4.0,0.0,11.0,14.0,6.0,5.0,18.0,26.0,2.0,3.0,3.0,5.0,56.3,1,13074,13074,13074,1397,2460,10158,69,542,10028,11469,25228,7214,932,25441,17641,1539,339,1.0,38:16,2015,2016
2015-16,203145,Kent Bazemore,Kent,1610612737,ATL,Atlanta Hawks,21501131,2016-04-01T00:00:00,ATL vs. CLE,L,37.8,0.0,0.0,0.0,2.0,8.0,8.0,20.0,28.0,3.0,0.0,4.0,5.0,37.4,1,13074,13074,13074,1589,12059,10158,9917,12984,13914,17345,25599,5824,347,1,22104,1539,3073,1.0,37:50,2015,2016
2015-16,202322,John Wall,John,1610612764,WAS,Washington Wizards,21501137,2016-04-01T00:00:00,WAS @ PHX,W,41.1,4.0,7.0,0.0,2.0,12.0,27.0,7.0,32.0,0.0,0.0,4.0,3.0,46.6,1,1,1,1,471,2460,292,9917,12984,20178,26067,15538,3535,8004,1,22104,4736,1122,1.0,41:04,2015,2016
2015-16,203521,Matthew Dellavedova,Matthew,1610612739,CLE,Cleveland Cavaliers,21501131,2016-04-01T00:00:00,CLE @ ATL,W,18.5,0.0,0.0,0.0,4.0,2.0,3.0,8.0,12.0,1.0,0.0,5.0,3.0,11.4,1,1,1,1,17099,12059,10158,9917,8599,2619,7138,17194,18637,2692,1,24686,4736,18134,1.0,18:29,2015,2016
2015-16,202328,Greg Monroe,Greg,1610612749,MIL,Milwaukee Bucks,21501133,2016-04-01T00:00:00,MIL vs. ORL,W,31.1,4.0,2.0,0.0,14.0,12.0,7.0,15.0,42.0,1.0,3.0,1.0,2.0,36.7,1,1,1,1,6667,2460,4731,9917,542,20178,15642,24242,670,2692,25441,4972,7786,3269,1.0,31:04,2015,2016
2015-16,200768,Kyle Lowry,Kyle,1610612761,TOR,Toronto Raptors,21501132,2016-04-01T00:00:00,TOR @ MEM,W,36.4,2.0,3.0,3.0,2.0,19.0,9.0,12.0,30.0,1.0,1.0,4.0,4.0,29.6,1,1,1,1,2439,6026,3104,3302,12984,25074,19144,22259,4541,2692,17214,22104,2748,6050,1.0,36:26,2015,2016
2015-16,2736,Luol Deng,Luol,1610612748,MIA,Miami Heat,21501135,2016-04-01T00:00:00,MIA @ SAC,W,34.4,2.0,0.0,0.0,6.0,11.0,15.0,10.0,38.0,0.0,0.0,1.0,1.0,24.6,1,1,1,1,4012,6026,10158,9917,5299,18886,24781,20169,1422,8004,1,4972,12373,8724,1.0,34:25,2015,2016
2015-16,203080,Thomas Robinson,Thomas,1610612751,BKN,Brooklyn Nets,21501130,2016-04-01T00:00:00,BKN @ NYK,L,27.2,2.0,10.0,2.0,10.0,4.0,6.0,3.0,16.0,0.0,1.0,2.0,2.0,46.1,1,13074,13074,13074,9836,6026,34,4675,1840,6141,13237,7328,15259,8004,17214,11390,7786,1185,1.0,27:13,2015,2016
2015-16,201954,Darren Collison,Darren,1610612758,SAC,Sacramento Kings,21501135,2016-04-01T00:00:00,SAC vs. MIA,L,34.1,2.0,2.0,10.0,4.0,11.0,7.0,5.0,22.0,0.0,1.0,3.0,5.0,29.4,1,13074,13074,13074,4295,6026,4731,118,8599,18886,15642,11593,10265,8004,17214,17641,1539,6143,1.0,34:04,2015,2016
2015-16,101123,Gerald Green,Gerald,1610612748,MIA,Miami Heat,21501135,2016-04-01T00:00:00,MIA @ SAC,W,32.9,2.0,0.0,3.0,2.0,17.0,18.0,12.0,32.0,0.0,0.0,3.0,2.0,44.1,1,1,1,1,5218,6026,10158,3302,12984,24337,25634,22259,3535,8004,1,17641,7786,1542,1.0,32:53,2015,2016
2015-16,202681,Kyrie Irving,Kyrie,1610612739,CLE,Cleveland Cavaliers,21501131,2016-04-01T00:00:00,CLE @ ATL,W,41.6,2.0,3.0,2.0,4.0,11.0,5.0,24.0,34.0,2.0,5.0,2.0,5.0,48.7,1,1,1,1,362,6026,3104,4675,8599,18886,11469,25937,2701,932,26042,11390,1539,890,1.0,41:39,2015,2016
2015-16,202330,Gordon Hayward,Gordon,1610612762,UTA,Utah Jazz,21501134,2016-04-01T00:00:00,UTA vs. MIN,W,36.4,5.0,2.0,2.0,10.0,11.0,13.0,6.0,32.0,0.0,0.0,3.0,4.0,36.5,1,1,1,1,2497,1603,4731,4675,1840,18886,23668,13388,3535,8004,1,17641,2748,3326,1.0,36:22,2015,2016
2015-16,201609,Goran Dragic,Goran,1610612748,MIA,Miami Heat,21501135,2016-04-01T00:00:00,MIA @ SAC,W,30.3,4.0,0.0,2.0,4.0,13.0,18.0,10.0,36.0,1.0,0.0,4.0,8.0,29.9,1,1,1,1,7269,2460,10158,4675,8599,21300,25634,20169,1943,2692,1,22104,254,5884,1.0,30:18,2015,2016
2015-16,202684,Tristan Thompson,Tristan,1610612739,CLE,Cleveland Cavaliers,21501131,2016-04-01T00:00:00,CLE @ ATL,W,33.5,0.0,2.0,2.0,8.0,7.0,5.0,18.0,26.0,2.0,0.0,4.0,4.0,36.3,1,1,1,1,4718,12059,4731,4675,3109,12242,11469,25228,7214,932,1,22104,2748,3380,1.0,33:32,2015,2016
2015-16,201585,Kosta Koufos,Kosta,1610612758,SAC,Sacramento Kings,21501135,2016-04-01T00:00:00,SAC vs. MIA,L,22.2,2.0,4.0,0.0,12.0,6.0,5.0,3.0,18.0,2.0,1.0,4.0,2.0,29.8,1,13074,13074,13074,13991,6026,1596,9917,988,10028,11469,7328,13577,932,17214,22104,7786,5948,1.0,22:13,2015,2016
2015-16,203507,Giannis Antetokounmpo,Giannis,1610612749,MIL,Milwaukee Bucks,21501133,2016-04-01T00:00:00,MIL vs. ORL,W,39.1,5.0,2.0,4.0,10.0,16.0,7.0,13.0,44.0,3.0,1.0,1.0,8.0,58.7,1,1,1,1,1025,1603,4731,1913,1840,23774,15642,23048,454,347,17214,4972,254,246,1.0,39:07,2015,2016
2015-16,202699,Tobias Harris,Tobias,1610612765,DET,Detroit Pistons,21501129,2016-04-01T00:00:00,DET vs. DAL,L,40.1,0.0,0.0,1.0,6.0,14.0,11.0,0.0,22.0,2.0,1.0,2.0,1.0,24.0,1,13074,13074,13074,720,12059,10158,9347,5299,22292,21814,1,10265,932,17214,11390,12373,9121,1.0,40:03,2015,2016
2015-16,203506,Victor Oladipo,Victor,1610612753,ORL,Orlando Magic,21501133,2016-04-01T00:00:00,ORL @ MIL,L,37.7,0.0,3.0,0.0,8.0,19.0,10.0,16.0,64.0,4.0,3.0,5.0,2.0,51.1,1,13074,13074,13074,1646,12059,3104,9917,3109,25074,20509,24641,2,132,25441,24686,7786,645,1.0,37:43,2015,2016
2015-16,203497,Rudy Gobert,Rudy,1610612762,UTA,Utah Jazz,21501134,2016-04-01T00:00:00,UTA vs. MIN,W,35.9,1.0,6.0,0.0,6.0,13.0,13.0,6.0,32.0,3.0,0.0,0.0,7.0,35.8,1,1,1,1,2833,11535,481,9917,5299,21300,23668,13388,3535,347,1,1,469,3541,1.0,35:54,2015,2016
2015-16,1626170,Jerian Grant,Jerian,1610612752,NYK,New York Knicks,21501130,2016-04-01T00:00:00,NYK vs. BKN,W,28.8,0.0,4.0,0.0,8.0,8.0,18.0,8.0,32.0,1.0,0.0,2.0,0.0,24.6,1,1,1,1,8509,12059,1596,9917,3109,13914,25634,17194,3535,2692,1,11390,18762,8724,1.0,28:50,2015,2016
2015-16,203083,Andre Drummond,Andre,1610612765,DET,Detroit Pistons,21501129,2016-04-01T00:00:00,DET vs. DAL,L,35.5,2.0,4.0,0.0,10.0,4.0,7.0,2.0,20.0,0.0,2.0,2.0,7.0,36.9,1,13074,13074,13074,3184,6026,1596,9917,1840,6141,15642,4025,11929,8004,23588,11390,469,3210,1.0,35:27,2015,2016
2015-16,203110,Draymond Green,Draymond,1610612744,GSW,Golden State Warriors,21501136,2016-04-01T00:00:00,GSW vs. BOS,L,36.6,0.0,2.0,3.0,4.0,25.0,8.0,16.0,36.0,2.0,0.0,3.0,4.0,57.3,1,13074,13074,13074,2326,12059,4731,3302,8599,25944,17345,24641,1943,932,1,17641,2748,301,1.0,36:37,2015,2016
2015-16,203952,Andrew Wiggins,Andrew,1610612750,MIN,Minnesota Timberwolves,21501134,2016-04-01T00:00:00,MIN @ UTA,L,37.5,2.0,2.0,4.0,18.0,13.0,12.0,7.0,34.0,0.0,0.0,3.0,1.0,28.9,1,13074,13074,13074,1765,6026,4731,1913,131,21300,22832,15538,2701,8004,1,17641,12373,6414,1.0,37:29,2015,2016
2015-16,203496,Robert Covington,Robert,1610612755,PHI,Philadelphia 76ers,21501128,2016-04-01T00:00:00,PHI @ CHA,L,28.7,0.0,3.0,0.0,0.0,10.0,6.0,11.0,22.0,1.0,0.0,5.0,1.0,24.0,1,13074,13074,13074,8640,12059,3104,9917,18861,17370,13237,21342,10265,2692,1,24686,12373,9121,1.0,28:43,2015,2016
2015-16,202685,Jonas Valančiūnas,Jonas,1610612761,TOR,Toronto Raptors,21501132,2016-04-01T00:00:00,TOR @ MEM,W,36.1,3.0,4.0,0.0,2.0,12.0,9.0,9.0,26.0,7.0,1.0,2.0,9.0,57.8,1,1,1,1,2720,4307,1596,9917,12984,20178,19144,18829,7214,8,17214,11390,138,275,1.0,36:03,2015,2016
2015-16,201937,Ricky Rubio,Ricky,1610612750,MIN,Minnesota Timberwolves,21501134,2016-04-01T00:00:00,MIN @ UTA,L,28.3,2.0,0.0,2.0,2.0,9.0,12.0,4.0,22.0,0.0,0.0,4.0,3.0,35.7,1,13074,13074,13074,9039,6026,10158,4675,12984,15771,22832,8806,10265,8004,1,22104,4736,3578,1.0,28:15,2015,2016
2015-16,202693,Markieff Morris,Markieff,1610612764,WAS,Washington Wizards,21501137,2016-04-01T00:00:00,WAS @ PHX,W,34.1,1.0,0.0,3.0,6.0,10.0,24.0,8.0,28.0,4.0,0.0,2.0,2.0,48.3,1,1,1,1,4295,11535,10158,3302,5299,17370,26041,17194,5824,132,1,11390,7786,932,1.0,34:04,2015,2016
2015-16,202689,Kemba Walker,Kemba,1610612766,CHA,Charlotte Hornets,21501128,2016-04-01T00:00:00,CHA vs. PHI,W,35.8,2.0,6.0,7.0,6.0,4.0,10.0,8.0,24.0,0.0,1.0,1.0,5.0,47.2,1,1,1,1,2932,6026,481,454,5299,6141,20509,17194,8723,8004,17214,4972,1539,1051,1.0,35:45,2015,2016
2015-16,201577,Robin Lopez,Robin,1610612752,NYK,New York Knicks,21501130,2016-04-01T00:00:00,NYK vs. BKN,W,28.9,2.0,0.0,0.0,2.0,8.0,17.0,6.0,30.0,4.0,0.0,0.0,2.0,22.8,1,1,1,1,8423,6026,10158,9917,12984,13914,25429,13388,4541,132,1,1,7786,9883,1.0,28:56,2015,2016
2015-16,203930,Sean Kilpatrick,Sean,1610612751,BKN,Brooklyn Nets,21501130,2016-04-01T00:00:00,BKN @ NYK,L,33.2,2.0,0.0,4.0,10.0,7.0,8.0,9.0,28.0,0.0,0.0,0.0,1.0,22.8,1,13074,13074,13074,4979,6026,10158,1913,1840,12242,17345,18829,5824,8004,1,1,12373,9883,1.0,33:11,2015,2016
2015-16,203897,Zach LaVine,Zach,1610612750,MIN,Minnesota Timberwolves,21501134,2016-04-01T00:00:00,MIN @ UTA,L,40.2,0.0,0.0,0.0,0.0,15.0,14.0,7.0,38.0,0.0,1.0,3.0,0.0,14.4,1,13074,13074,13074,680,12059,10158,9917,18861,23079,24300,15538,1422,8004,17214,17641,18762,15857,1.0,40:12,2015,2016
2015-16,203138,Hollis Thompson,Hollis,1610612755,PHI,Philadelphia 76ers,21501128,2016-04-01T00:00:00,PHI @ CHA,L,29.7,0.0,0.0,3.0,2.0,6.0,6.0,18.0,34.0,0.0,0.0,4.0,0.0,22.9,1,13074,13074,13074,7793,12059,10158,3302,12984,10028,13237,25228,2701,8004,1,22104,18762,9811,1.0,29:43,2015,2016
2015-16,200770,Jordan Farmar,Jordan,1610612763,MEM,Memphis Grizzlies,21501132,2016-04-01T00:00:00,MEM vs. TOR,L,26.0,4.0,3.0,2.0,2.0,5.0,4.0,8.0,14.0,1.0,1.0,2.0,1.0,25.4,1,13074,13074,13074,10869,2460,3104,4675,12984,8403,8458,17194,17019,2692,17214,11390,12373,8273,1.0,25:58,2015,2016
2015-16,200826,J.J. Barea,J.J.,1610612742,DAL,Dallas Mavericks,21501129,2016-04-01T00:00:00,DAL @ DET,W,34.7,8.0,2.0,0.0,8.0,9.0,4.0,12.0,8.0,0.0,0.0,2.0,5.0,34.1,1,1,1,1,3808,308,4731,9917,3109,15771,8458,22259,21543,8004,1,11390,1539,4124,1.0,34:40,2015,2016
2015-16,200765,Rajon Rondo,Rajon,1610612758,SAC,Sacramento Kings,21501135,2016-04-01T00:00:00,SAC vs. MIA,L,28.7,0.0,0.0,0.0,2.0,13.0,2.0,7.0,24.0,0.0,1.0,1.0,2.0,26.0,1,13074,13074,13074,8688,12059,10158,9917,12984,21300,3734,15538,8723,8004,17214,4972,7786,7910,1.0,28:39,2015,2016
2015-16,203094,Andrew Nicholson,Andrew,1610612753,ORL,Orlando Magic,21501133,2016-04-01T00:00:00,ORL @ MIL,L,16.0,3.0,0.0,0.0,6.0,8.0,2.0,4.0,20.0,1.0,0.0,1.0,3.0,22.8,1,13074,13074,13074,19007,4307,10158,9917,5299,13914,3734,8806,11929,2692,1,4972,4736,9883,1.0,16:02,2015,2016
2015-16,1626257,Salah Mejri,Salah,1610612742,DAL,Dallas Mavericks,21501129,2016-04-01T00:00:00,DAL @ DET,W,24.3,2.0,4.0,0.0,6.0,2.0,5.0,7.0,4.0,2.0,0.0,3.0,0.0,22.9,1,1,1,1,12310,6026,1596,9917,5299,2619,11469,15538,23698,932,1,17641,18762,9811,1.0,24:18,2015,2016
2015-16,203482,Kelly Olynyk,Kelly,1610612738,BOS,Boston Celtics,21501136,2016-04-01T00:00:00,BOS @ GSW,W,17.3,0.0,2.0,0.0,2.0,7.0,2.0,3.0,14.0,0.0,1.0,2.0,1.0,14.4,1,1,1,1,18032,12059,4731,9917,12984,12242,3734,7328,17019,8004,17214,11390,12373,15857,1.0,17:19,2015,2016
2015-16,101179,Ronnie Price,Ronnie,1610612756,PHX,Phoenix Suns,21501137,2016-04-01T00:00:00,PHX vs. WAS,L,33.3,2.0,0.0,2.0,0.0,9.0,11.0,8.0,8.0,0.0,1.0,5.0,1.0,22.8,1,13074,13074,13074,4862,6026,10158,4675,18861,15771,21814,17194,21543,8004,17214,24686,12373,9883,1.0,33:20,2015,2016
2015-16,202697,Iman Shumpert,Iman,1610612739,CLE,Cleveland Cavaliers,21501131,2016-04-01T00:00:00,CLE @ ATL,W,28.9,2.0,2.0,4.0,2.0,2.0,3.0,20.0,22.0,0.0,1.0,1.0,1.0,23.0,1,1,1,1,8474,6026,4731,1913,12984,2619,7138,25599,10265,8004,17214,4972,12373,9760,1.0,28:52,2015,2016
2015-16,203087,Jeremy Lamb,Jeremy,1610612766,CHA,Charlotte Hornets,21501128,2016-04-01T00:00:00,CHA vs. PHI,W,14.7,0.0,0.0,3.0,4.0,0.0,0.0,3.0,10.0,0.0,1.0,2.0,1.0,10.3,1,1,1,1,19947,12059,10158,3302,8599,1,1,7328,20209,8004,17214,11390,12373,18965,1.0,14:43,2015,2016
2015-16,2760,Anderson Varejao,Anderson,1610612744,GSW,Golden State Warriors,21501136,2016-04-01T00:00:00,GSW vs. BOS,L,10.3,0.0,2.0,0.0,4.0,5.0,2.0,7.0,8.0,0.0,0.0,4.0,2.0,10.1,1,13074,13074,13074,22318,12059,4731,9917,8599,8403,3734,15538,21543,8004,1,22104,7786,19105,1.0,10:19,2015,2016
2015-16,202682,Derrick Williams,Derrick,1610612752,NYK,New York Knicks,21501130,2016-04-01T00:00:00,NYK vs. BKN,W,24.0,0.0,0.0,0.0,0.0,8.0,15.0,6.0,26.0,0.0,0.0,2.0,3.0,18.7,1,1,1,1,12584,12059,10158,9917,18861,13914,24781,13388,7214,8004,1,11390,4736,12648,1.0,23:59,2015,2016
2015-16,202340,Avery Bradley,Avery,1610612738,BOS,Boston Celtics,21501136,2016-04-01T00:00:00,BOS @ GSW,W,34.9,6.0,0.0,2.0,2.0,11.0,11.0,11.0,22.0,1.0,1.0,3.0,4.0,33.6,1,1,1,1,3613,878,10158,4675,12984,18886,21814,21342,10265,2692,17214,17641,2748,4305,1.0,34:54,2015,2016
2015-16,2199,Tyson Chandler,Tyson,1610612756,PHX,Phoenix Suns,21501137,2016-04-01T00:00:00,PHX vs. WAS,L,39.4,4.0,8.0,0.0,8.0,11.0,11.0,8.0,16.0,1.0,0.0,3.0,4.0,34.0,1,13074,13074,13074,908,2460,137,9917,3109,18886,21814,17194,15259,2692,1,17641,2748,4162,1.0,39:26,2015,2016
2015-16,204456,T.J. McConnell,T.J.,1610612755,PHI,Philadelphia 76ers,21501128,2016-04-01T00:00:00,PHI @ CHA,L,20.6,0.0,0.0,0.0,0.0,8.0,3.0,7.0,22.0,1.0,0.0,0.0,1.0,18.9,1,13074,13074,13074,15404,12059,10158,9917,18861,13914,7138,15538,10265,2692,1,1,12373,12513,1.0,20:35,2015,2016
2015-16,200782,P.J. Tucker,P.J.,1610612756,PHX,Phoenix Suns,21501137,2016-04-01T00:00:00,PHX vs. WAS,L,35.7,0.0,7.0,4.0,6.0,11.0,11.0,8.0,12.0,0.0,2.0,2.0,2.0,34.0,1,13074,13074,13074,2974,12059,292,1913,5299,18886,21814,17194,18637,8004,23588,11390,7786,4162,1.0,35:42,2015,2016
2015-16,202691,Klay Thompson,Klay,1610612744,GSW,Golden State Warriors,21501136,2016-04-01T00:00:00,GSW vs. BOS,L,37.1,4.0,0.0,3.0,8.0,22.0,12.0,9.0,40.0,0.0,1.0,1.0,2.0,25.1,1,13074,13074,13074,2046,2460,10158,3302,3109,25683,22832,18829,983,8004,17214,4972,7786,8429,1.0,37:03,2015,2016
2015-16,203156,Henry Sims,Henry,1610612751,BKN,Brooklyn Nets,21501130,2016-04-01T00:00:00,BKN @ NYK,L,17.9,0.0,1.0,0.0,0.0,3.0,4.0,7.0,18.0,1.0,0.0,3.0,4.0,14.8,1,13074,13074,13074,17564,12059,9709,9917,18861,5109,8458,15538,13577,2692,1,17641,2748,15561,1.0,17:56,2015,2016
2015-16,1626164,Devin Booker,Devin,1610612756,PHX,Phoenix Suns,21501137,2016-04-01T00:00:00,PHX vs. WAS,L,34.7,0.0,4.0,0.0,6.0,9.0,9.0,8.0,12.0,1.0,1.0,3.0,5.0,18.8,1,13074,13074,13074,3826,12059,1596,9917,5299,15771,19144,17194,18637,2692,17214,17641,1539,12588,1.0,34:39,2015,2016
2015-16,1626157,Karl-Anthony Towns,Karl-Anthony,1610612750,MIN,Minnesota Timberwolves,21501134,2016-04-01T00:00:00,MIN @ UTA,L,35.1,5.0,5.0,2.0,6.0,12.0,11.0,7.0,28.0,1.0,3.0,2.0,3.0,34.7,1,13074,13074,13074,3489,1603,995,4675,5299,20178,21814,15538,5824,2692,25441,11390,4736,3935,1.0,35:04,2015,2016
2015-16,203484,Kentavious Caldwell-Pope,Kentavious,1610612765,DET,Detroit Pistons,21501129,2016-04-01T00:00:00,DET vs. DAL,L,45.1,2.0,2.0,7.0,0.0,8.0,11.0,2.0,24.0,0.0,1.0,2.0,3.0,18.9,1,13074,13074,13074,77,6026,4731,454,18861,13914,21814,4025,8723,8004,17214,11390,4736,12513,1.0,45:07,2015,2016
2015-16,201160,Jason Smith,Jason,1610612753,ORL,Orlando Magic,21501133,2016-04-01T00:00:00,ORL @ MIL,L,15.5,0.0,2.0,0.0,2.0,5.0,2.0,6.0,16.0,0.0,0.0,1.0,0.0,18.8,1,13074,13074,13074,19386,12059,4731,9917,12984,8403,3734,13388,15259,8004,1,4972,18762,12588,1.0,15:32,2015,2016
2015-16,2747,JR Smith,JR,1610612739,CLE,Cleveland Cavaliers,21501131,2016-04-01T00:00:00,CLE @ ATL,W,39.0,0.0,0.0,3.0,0.0,11.0,4.0,16.0,34.0,0.0,0.0,1.0,2.0,18.9,1,1,1,1,1056,12059,10158,3302,18861,18886,8458,24641,2701,8004,1,4972,7786,12513,1.0,39:02,2015,2016
2015-16,203469,Cody Zeller,Cody,1610612766,CHA,Charlotte Hornets,21501128,2016-04-01T00:00:00,CHA vs. PHI,W,26.9,0.0,0.0,2.0,6.0,4.0,10.0,8.0,20.0,1.0,1.0,0.0,3.0,33.8,1,1,1,1,10099,12059,10158,4675,5299,6141,20509,17194,11929,2692,17214,1,4736,4244,1.0,26:54,2015,2016
2015-16,201978,Chase Budinger,Chase,1610612756,PHX,Phoenix Suns,21501137,2016-04-01T00:00:00,PHX vs. WAS,L,11.0,1.0,0.0,3.0,2.0,4.0,2.0,3.0,16.0,1.0,0.0,0.0,1.0,9.9,1,13074,13074,13074,22013,11535,10158,3302,12984,6141,3734,7328,15259,2692,1,1,12373,19247,1.0,11:02,2015,2016
2015-16,203898,Tyler Ennis,Tyler,1610612749,MIL,Milwaukee Bucks,21501133,2016-04-01T00:00:00,MIL vs. ORL,W,25.5,4.0,0.0,0.0,4.0,12.0,5.0,6.0,28.0,0.0,2.0,2.0,2.0,22.9,1,1,1,1,11280,2460,10158,9917,8599,20178,11469,13388,5824,8004,23588,11390,7786,9811,1.0,25:31,2015,2016
2015-16,203088,Kendall Marshall,Kendall,1610612755,PHI,Philadelphia 76ers,21501128,2016-04-01T00:00:00,PHI @ CHA,L,8.1,0.0,0.0,0.0,0.0,5.0,3.0,2.0,8.0,0.0,0.0,0.0,0.0,1.2,1,13074,13074,13074,23157,12059,10158,9917,18861,8403,7138,4025,21543,8004,1,1,18762,24661,1.0,8:05,2015,2016
2015-16,203118,Mike Scott,Mike,1610612737,ATL,Atlanta Hawks,21501131,2016-04-01T00:00:00,ATL vs. CLE,L,9.3,0.0,0.0,0.0,0.0,4.0,2.0,2.0,6.0,0.0,0.0,1.0,0.0,1.2,1,13074,13074,13074,22713,12059,10158,9917,18861,6141,3734,4025,22724,8004,1,4972,18762,24661,1.0,9:19,2015,2016
2015-16,203382,Aron Baynes,Aron,1610612765,DET,Detroit Pistons,21501129,2016-04-01T00:00:00,DET vs. DAL,L,12.6,0.0,0.0,0.0,0.0,10.0,4.0,0.0,6.0,0.0,0.0,2.0,1.0,1.4,1,13074,13074,13074,21244,12059,10158,9917,18861,17370,8458,1,22724,8004,1,11390,12373,24615,1.0,12:33,2015,2016
2015-16,203476,Gorgui Dieng,Gorgui,1610612750,MIN,Minnesota Timberwolves,21501134,2016-04-01T00:00:00,MIN @ UTA,L,10.5,2.0,0.0,0.0,0.0,1.0,1.0,0.0,4.0,0.0,0.0,3.0,2.0,11.2,1,13074,13074,13074,22213,6026,10158,9917,18861,2356,3393,1,23698,8004,1,17641,7786,18267,1.0,10:32,2015,2016
2015-16,204014,Damjan Rudez,Damjan,1610612750,MIN,Minnesota Timberwolves,21501134,2016-04-01T00:00:00,MIN @ UTA,L,1.5,0.0,0.0,0.0,0.0,0.0,0.0,0.0,0.0,0.0,0.0,0.0,0.0,1.5,1,13074,13074,13074,25716,12059,10158,9917,18861,1,1,1,25429,8004,1,1,18762,24473,1.0,1:27,2015,2016
2015-16,203112,Quincy Acy,Quincy,1610612758,SAC,Sacramento Kings,21501135,2016-04-01T00:00:00,SAC vs. MIA,L,13.6,2.0,2.0,0.0,2.0,4.0,2.0,5.0,14.0,0.0,0.0,2.0,0.0,6.4,1,13074,13074,13074,20627,6026,4731,9917,12984,6141,3734,11593,17019,8004,1,11390,18762,21589,1.0,13:38,2015,2016
2015-16,203498,Shabazz Muhammad,Shabazz,1610612750,MIN,Minnesota Timberwolves,21501134,2016-04-01T00:00:00,MIN @ UTA,L,19.4,2.0,4.0,0.0,6.0,6.0,6.0,1.0,16.0,0.0,1.0,2.0,1.0,10.5,1,13074,13074,13074,16375,6026,1596,9917,5299,10028,13237,3646,15259,8004,17214,11390,12373,18808,1.0,19:25,2015,2016
2015-16,101112,Channing Frye,Channing,1610612739,CLE,Cleveland Cavaliers,21501131,2016-04-01T00:00:00,CLE @ ATL,W,13.3,0.0,0.0,0.0,2.0,0.0,2.0,8.0,8.0,0.0,0.0,1.0,2.0,6.2,1,1,1,1,20805,12059,10158,9917,12984,1,3734,17194,21543,8004,1,4972,7786,21696,1.0,13:18,2015,2016
2015-16,203546,Ian Clark,Ian,1610612744,GSW,Golden State Warriors,21501136,2016-04-01T00:00:00,GSW vs. BOS,L,9.3,0.0,0.0,0.0,0.0,2.0,2.0,0.0,4.0,1.0,0.0,1.0,0.0,2.0,1,13074,13074,13074,22735,12059,10158,9917,18861,2619,3734,1,23698,2692,1,4972,18762,24216,1.0,9:15,2015,2016
2015-16,204060,Joe Ingles,Joe,1610612762,UTA,Utah Jazz,21501134,2016-04-01T00:00:00,UTA vs. MIN,W,16.0,1.0,0.0,1.0,0.0,2.0,0.0,4.0,16.0,0.0,0.0,1.0,1.0,10.9,1,1,1,1,19050,11535,10158,9347,18861,2619,1,8806,15259,8004,1,4972,12373,18498,1.0,15:59,2015,2016
2015-16,201167,Arron Afflalo,Arron,1610612752,NYK,New York Knicks,21501130,2016-04-01T00:00:00,NYK vs. BKN,W,26.2,0.0,0.0,0.0,0.0,6.0,8.0,4.0,28.0,0.0,0.0,0.0,0.0,10.6,1,1,1,1,10697,12059,10158,9917,18861,10028,17345,8806,5824,8004,1,1,18762,18723,1.0,26:11,2015,2016
2015-16,2743,Kris Humphries,Kris,1610612737,ATL,Atlanta Hawks,21501131,2016-04-01T00:00:00,ATL vs. CLE,L,13.2,0.0,3.0,0.0,0.0,6.0,2.0,9.0,14.0,1.0,0.0,2.0,3.0,11.1,1,13074,13074,13074,20851,12059,3104,9917,18861,10028,3734,18829,17019,2692,1,11390,4736,18370,1.0,13:15,2015,2016
2015-16,202397,Ish Smith,Ish,1610612755,PHI,Philadelphia 76ers,21501128,2016-04-01T00:00:00,PHI @ CHA,L,31.6,0.0,0.0,0.0,0.0,9.0,6.0,20.0,38.0,0.0,0.0,1.0,0.0,15.9,1,13074,13074,13074,6245,12059,10158,9917,18861,15771,13237,25599,1422,8004,1,4972,18762,14675,1.0,31:35,2015,2016
2015-16,1626209,Mario Hezonja,Mario,1610612753,ORL,Orlando Magic,21501133,2016-04-01T00:00:00,ORL @ MIL,L,20.6,5.0,0.0,2.0,2.0,10.0,2.0,4.0,22.0,1.0,0.0,2.0,0.0,15.9,1,13074,13074,13074,15403,1603,10158,4675,12984,17370,3734,8806,10265,2692,1,11390,18762,14675,1.0,20:35,2015,2016
2015-16,203481,Jeff Withey,Jeff,1610612762,UTA,Utah Jazz,21501134,2016-04-01T00:00:00,UTA vs. MIN,W,9.4,0.0,2.0,0.0,4.0,2.0,0.0,2.0,10.0,1.0,0.0,2.0,0.0,10.6,1,1,1,1,22687,12059,4731,9917,8599,2619,1,4025,20209,2692,1,11390,18762,18723,1.0,9:21,2015,2016
2015-16,2581,Steve Blake,Steve,1610612765,DET,Detroit Pistons,21501129,2016-04-01T00:00:00,DET vs. DAL,L,15.7,0.0,0.0,0.0,0.0,6.0,2.0,2.0,8.0,0.0,0.0,0.0,0.0,13.2,1,13074,13074,13074,19279,12059,10158,9917,18861,10028,3734,4025,21543,8004,1,1,18762,16768,1.0,15:41,2015,2016
2015-16,202388,Donald Sloan,Donald,1610612751,BKN,Brooklyn Nets,21501130,2016-04-01T00:00:00,BKN @ NYK,L,13.5,0.0,0.0,0.0,2.0,3.0,4.0,5.0,12.0,0.0,0.0,0.0,0.0,7.7,1,13074,13074,13074,20693,12059,10158,9917,12984,5109,8458,11593,18637,8004,1,1,18762,20733,1.0,13:31,2015,2016
2015-16,203501,Tim Hardaway Jr.,Tim,1610612737,ATL,Atlanta Hawks,21501131,2016-04-01T00:00:00,ATL vs. CLE,L,12.9,0.0,0.0,0.0,0.0,6.0,4.0,4.0,14.0,0.0,1.0,1.0,0.0,2.0,1,13074,13074,13074,21054,12059,10158,9917,18861,10028,8458,8806,17019,8004,17214,4972,18762,24216,1.0,12:52,2015,2016
2015-16,2403,Nene,ene,1610612764,WAS,Washington Wizards,21501137,2016-04-01T00:00:00,WAS @ PHX,W,17.1,0.0,0.0,0.0,4.0,4.0,3.0,5.0,20.0,1.0,0.0,5.0,2.0,18.4,1,1,1,1,18185,12059,10158,9917,8599,6141,7138,11593,11929,2692,1,24686,7786,12854,1.0,17:07,2015,2016
2015-16,2756,Sasha Vujacic,Sasha,1610612752,NYK,New York Knicks,21501130,2016-04-01T00:00:00,NYK vs. BKN,W,16.8,0.0,2.0,0.0,2.0,6.0,9.0,2.0,14.0,1.0,0.0,0.0,1.0,13.0,1,1,1,1,18435,12059,4731,9917,12984,10028,19144,4025,17019,2692,1,1,12373,16969,1.0,16:47,2015,2016
2015-16,1626196,Josh Richardson,Josh,1610612748,MIA,Miami Heat,21501135,2016-04-01T00:00:00,MIA @ SAC,W,27.6,0.0,3.0,2.0,0.0,8.0,8.0,12.0,22.0,1.0,2.0,4.0,0.0,13.1,1,1,1,1,9569,12059,3104,4675,18861,13914,17345,22259,10265,2692,23588,22104,18762,16874,1.0,27:33,2015,2016
2015-16,101106,Andrew Bogut,Andrew,1610612744,GSW,Golden State Warriors,21501136,2016-04-01T00:00:00,GSW vs. BOS,L,18.3,0.0,2.0,0.0,4.0,13.0,2.0,5.0,18.0,1.0,0.0,4.0,0.0,12.8,1,13074,13074,13074,17232,12059,4731,9917,8599,21300,3734,11593,13577,2692,1,22104,18762,17129,1.0,18:20,2015,2016
2015-16,203458,Alex Len,Alex,1610612756,PHX,Phoenix Suns,21501137,2016-04-01T00:00:00,PHX vs. WAS,L,23.8,2.0,0.0,0.0,0.0,6.0,5.0,6.0,14.0,0.0,1.0,4.0,1.0,13.1,1,13074,13074,13074,12769,6026,10158,9917,18861,10028,11469,13388,17019,8004,17214,22104,12373,16874,1.0,23:46,2015,2016
2015-16,203124,Kyle O'Quinn,Kyle,1610612752,NYK,New York Knicks,21501130,2016-04-01T00:00:00,NYK vs. BKN,W,19.1,0.0,0.0,5.0,4.0,6.0,6.0,6.0,22.0,1.0,0.0,3.0,2.0,18.5,1,1,1,1,16642,12059,10158,1277,8599,10028,13237,13388,10265,2692,1,17641,7786,12794,1.0,19:04,2015,2016
2015-16,201162,Jared Dudley,Jared,1610612764,WAS,Washington Wizards,21501137,2016-04-01T00:00:00,WAS @ PHX,W,13.9,0.0,0.0,0.0,0.0,2.0,3.0,5.0,16.0,0.0,0.0,4.0,0.0,7.5,1,1,1,1,20442,12059,10158,9917,18861,2619,7138,11593,15259,8004,1,22104,18762,20874,1.0,13:56,2015,2016
2015-16,1626163,Frank Kaminsky,Frank,1610612766,CHA,Charlotte Hornets,21501128,2016-04-01T00:00:00,CHA vs. PHI,W,17.8,1.0,0.0,5.0,4.0,0.0,0.0,3.0,12.0,1.0,0.0,3.0,1.0,18.2,1,1,1,1,17684,11535,10158,1277,8599,1,1,7328,18637,2692,1,17641,12373,13004,1.0,17:47,2015,2016
2015-16,1626161,Willie Cauley-Stein,Willie,1610612758,SAC,Sacramento Kings,21501135,2016-04-01T00:00:00,SAC vs. MIA,L,22.1,0.0,2.0,2.0,2.0,5.0,7.0,2.0,14.0,2.0,1.0,1.0,2.0,16.3,1,13074,13074,13074,14064,12059,4731,4675,12984,8403,15642,4025,17019,932,17214,4972,7786,14372,1.0,22:08,2015,2016
2015-16,200811,Lou Amundson,Lou,1610612752,NYK,New York Knicks,21501130,2016-04-01T00:00:00,NYK vs. BKN,W,1.6,0.0,0.0,0.0,0.0,0.0,2.0,0.0,2.0,0.0,0.0,0.0,0.0,3.0,1,1,1,1,25639,12059,10158,9917,18861,1,3734,1,24614,8004,1,1,18762,23648,1.0,1:38,2015,2016
2015-16,201584,Courtney Lee,Courtney,1610612766,CHA,Charlotte Hornets,21501128,2016-04-01T00:00:00,CHA vs. PHI,W,36.3,4.0,0.0,4.0,2.0,4.0,10.0,11.0,30.0,0.0,0.0,3.0,1.0,18.0,1,1,1,1,2579,2460,10158,1913,12984,6141,20509,21342,4541,8004,1,17641,12373,13164,1.0,36:15,2015,2016
2015-16,101107,Marvin Williams,Marvin,1610612766,CHA,Charlotte Hornets,21501128,2016-04-01T00:00:00,CHA vs. PHI,W,30.2,0.0,0.0,0.0,4.0,4.0,10.0,8.0,22.0,1.0,0.0,0.0,2.0,16.5,1,1,1,1,7336,12059,10158,9917,8599,6141,20509,17194,10265,2692,1,1,7786,14224,1.0,30:13,2015,2016
2015-16,1626159,Justise Winslow,Justise,1610612748,MIA,Miami Heat,21501135,2016-04-01T00:00:00,MIA @ SAC,W,30.5,2.0,2.0,3.0,8.0,10.0,11.0,12.0,22.0,1.0,3.0,2.0,1.0,21.5,1,1,1,1,7141,6026,4731,3302,3109,17370,21814,22259,10265,2692,25441,11390,12373,10755,1.0,30:27,2015,2016
2015-16,1626178,Rondae Hollis-Jefferson,Rondae,1610612751,BKN,Brooklyn Nets,21501130,2016-04-01T00:00:00,BKN @ NYK,L,14.8,1.0,0.0,0.0,0.0,2.0,2.0,0.0,4.0,0.0,0.0,1.0,1.0,7.9,1,13074,13074,13074,19927,11535,10158,9917,18861,2619,3734,1,23698,8004,1,4972,12373,20646,1.0,14:45,2015,2016
2015-16,203499,Shane Larkin,Shane,1610612751,BKN,Brooklyn Nets,21501130,2016-04-01T00:00:00,BKN @ NYK,L,30.4,0.0,1.0,0.0,2.0,6.0,6.0,5.0,18.0,0.0,1.0,0.0,1.0,21.3,1,13074,13074,13074,7196,12059,9709,9917,12984,10028,13237,11593,13577,8004,17214,1,12373,10880,1.0,30:23,2015,2016
2015-16,1626147,Justin Anderson,Justin,1610612742,DAL,Dallas Mavericks,21501129,2016-04-01T00:00:00,DAL @ DET,W,32.6,0.0,0.0,2.0,2.0,9.0,9.0,11.0,16.0,1.0,2.0,1.0,2.0,18.4,1,1,1,1,5444,12059,10158,4675,12984,15771,19144,21342,15259,2692,23588,4972,7786,12854,1.0,32:35,2015,2016
2015-16,203526,Raul Neto,Raul,1610612762,UTA,Utah Jazz,21501134,2016-04-01T00:00:00,UTA vs. MIN,W,14.8,0.0,0.0,0.0,0.0,4.0,0.0,2.0,14.0,0.0,0.0,1.0,1.0,2.6,1,1,1,1,19896,12059,10158,9917,18861,6141,1,4025,17019,8004,1,4972,12373,23982,1.0,14:48,2015,2016
2015-16,202341,James Anderson,James,1610612758,SAC,Sacramento Kings,21501135,2016-04-01T00:00:00,SAC vs. MIA,L,19.2,0.0,3.0,2.0,4.0,4.0,2.0,7.0,10.0,1.0,0.0,0.0,0.0,12.7,1,13074,13074,13074,16540,12059,3104,4675,8599,6141,3734,15538,20209,2692,1,1,18762,17201,1.0,19:11,2015,2016
2015-16,202389,Timofey Mozgov,Timofey,1610612739,CLE,Cleveland Cavaliers,21501131,2016-04-01T00:00:00,CLE @ ATL,W,11.9,0.0,0.0,0.0,2.0,6.0,1.0,8.0,12.0,0.0,0.0,0.0,1.0,8.5,1,1,1,1,21628,12059,10158,9917,12984,10028,3393,17194,18637,8004,1,1,12373,20215,1.0,11:55,2015,2016
2015-16,1626191,Chris McCullough,Chris,1610612751,BKN,Brooklyn Nets,21501130,2016-04-01T00:00:00,BKN @ NYK,L,20.8,0.0,0.0,0.0,2.0,5.0,4.0,9.0,16.0,0.0,0.0,1.0,0.0,12.6,1,13074,13074,13074,15245,12059,10158,9917,12984,8403,8458,18829,15259,8004,1,4972,18762,17277,1.0,20:47,2015,2016
2015-16,203490,Otto Porter Jr.,Otto,1610612764,WAS,Washington Wizards,21501137,2016-04-01T00:00:00,WAS @ PHX,W,33.9,0.0,2.0,2.0,2.0,9.0,27.0,8.0,26.0,0.0,1.0,0.0,2.0,21.4,1,1,1,1,4411,12059,4731,4675,12984,15771,26067,17194,7214,8004,17214,1,7786,10807,1.0,33:55,2015,2016
2015-16,202338,Kevin Seraphin,Kevin,1610612752,NYK,New York Knicks,21501130,2016-04-01T00:00:00,NYK vs. BKN,W,22.4,2.0,0.0,2.0,6.0,6.0,6.0,6.0,24.0,0.0,0.0,3.0,2.0,21.4,1,1,1,1,13841,6026,10158,4675,5299,10028,13237,13388,8723,8004,1,17641,7786,10807,1.0,22:23,2015,2016
2015-16,2734,Devin Harris,Devin,1610612742,DAL,Dallas Mavericks,21501129,2016-04-01T00:00:00,DAL @ DET,W,28.4,0.0,0.0,0.0,6.0,4.0,9.0,6.0,12.0,0.0,0.0,4.0,1.0,17.9,1,1,1,1,8914,12059,10158,9917,5299,6141,19144,13388,18637,8004,1,22104,12373,13229,1.0,28:24,2015,2016
2015-16,2419,Tayshaun Prince,Tayshaun,1610612750,MIN,Minnesota Timberwolves,21501134,2016-04-01T00:00:00,MIN @ UTA,L,12.5,0.0,0.0,0.0,0.0,4.0,0.0,2.0,16.0,0.0,0.0,0.0,0.0,6.9,1,13074,13074,13074,21289,12059,10158,9917,18861,6141,1,4025,15259,8004,1,1,18762,21262,1.0,12:28,2015,2016
2015-16,202066,Garrett Temple,Garrett,1610612764,WAS,Washington Wizards,21501137,2016-04-01T00:00:00,WAS @ PHX,W,19.5,0.0,0.0,0.0,2.0,5.0,3.0,3.0,18.0,0.0,0.0,3.0,0.0,6.7,1,1,1,1,16329,12059,10158,9917,12984,8403,7138,7328,13577,8004,1,17641,18762,21376,1.0,19:29,2015,2016
2015-16,203089,John Henson,John,1610612749,MIL,Milwaukee Bucks,21501133,2016-04-01T00:00:00,MIL vs. ORL,W,11.3,0.0,0.0,0.0,2.0,4.0,3.0,6.0,20.0,0.0,0.0,5.0,0.0,8.6,1,1,1,1,21894,12059,10158,9917,12984,6141,7138,13388,11929,8004,1,24686,18762,20125,1.0,11:20,2015,2016
2015-16,200757,Thabo Sefolosha,Thabo,1610612737,ATL,Atlanta Hawks,21501131,2016-04-01T00:00:00,ATL vs. CLE,L,14.9,0.0,0.0,0.0,2.0,8.0,2.0,15.0,20.0,0.0,0.0,3.0,0.0,3.7,1,13074,13074,13074,19797,12059,10158,9917,12984,13914,3734,24242,11929,8004,1,17641,18762,23278,1.0,14:57,2015,2016
2015-16,201581,JJ Hickson,JJ,1610612764,WAS,Washington Wizards,21501137,2016-04-01T00:00:00,WAS @ PHX,W,1.8,0.0,0.0,0.0,0.0,0.0,0.0,4.0,2.0,0.0,0.0,0.0,0.0,0.0,1,1,1,1,25594,12059,10158,9917,18861,1,1,8806,24614,8004,1,1,18762,25170,1.0,1:47,2015,2016
2015-16,101111,Charlie Villanueva,Charlie,1610612742,DAL,Dallas Mavericks,21501129,2016-04-01T00:00:00,DAL @ DET,W,5.6,0.0,0.0,0.0,0.0,0.0,0.0,3.0,0.0,0.0,1.0,0.0,0.0,6.9,1,1,1,1,24134,12059,10158,9917,18861,1,1,7328,25429,8004,17214,1,18762,21262,1.0,5:37,2015,2016
2015-16,203187,Chris Johnson,Chris,1610612762,UTA,Utah Jazz,21501134,2016-04-01T00:00:00,UTA vs. MIN,W,3.4,0.0,0.0,0.0,0.0,2.0,0.0,0.0,4.0,0.0,0.0,0.0,0.0,0.0,1,1,1,1,24965,12059,10158,9917,18861,2619,1,1,23698,8004,1,1,18762,25170,1.0,3:23,2015,2016
2015-16,1626145,Tyus Jones,Tyus,1610612750,MIN,Minnesota Timberwolves,21501134,2016-04-01T00:00:00,MIN @ UTA,L,5.8,0.0,0.0,0.0,0.0,0.0,0.0,0.0,4.0,0.0,0.0,0.0,1.0,3.7,1,13074,13074,13074,24075,12059,10158,9917,18861,1,1,1,23698,8004,1,1,12373,23278,1.0,5:45,2015,2016
2015-16,203940,Adreian Payne,Adreian,1610612750,MIN,Minnesota Timberwolves,21501134,2016-04-01T00:00:00,MIN @ UTA,L,1.5,0.0,0.0,0.0,0.0,0.0,0.0,0.0,0.0,0.0,0.0,0.0,0.0,0.0,1,13074,13074,13074,25716,12059,10158,9917,18861,1,1,1,25429,8004,1,1,18762,25170,1.0,1:27,2015,2016
2015-16,202709,Cory Joseph,Cory,1610612761,TOR,Toronto Raptors,21501132,2016-04-01T00:00:00,TOR @ MEM,W,23.1,0.0,0.0,3.0,0.0,9.0,4.0,3.0,18.0,0.0,1.0,3.0,0.0,8.7,1,1,1,1,13285,12059,10158,3302,18861,15771,8458,7328,13577,8004,17214,17641,18762,20045,1.0,23:06,2015,2016
2015-16,203473,Dewayne Dedmon,Dewayne,1610612753,ORL,Orlando Magic,21501133,2016-04-01T00:00:00,ORL @ MIL,L,10.9,4.0,0.0,2.0,2.0,8.0,0.0,8.0,28.0,0.0,0.0,1.0,1.0,8.8,1,13074,13074,13074,22062,2460,10158,4675,12984,13914,1,17194,5824,8004,1,4972,12373,19994,1.0,10:56,2015,2016
2015-16,203948,Johnny O'Bryant III,Johnny,1610612749,MIL,Milwaukee Bucks,21501133,2016-04-01T00:00:00,MIL vs. ORL,W,2.8,0.0,0.0,0.0,0.0,3.0,0.0,0.0,0.0,0.0,0.0,1.0,0.0,0.0,1,1,1,1,25211,12059,10158,9917,18861,5109,1,1,25429,8004,1,4972,18762,25170,1.0,2:46,2015,2016
2015-16,2440,Matt Barnes,Matt,1610612763,MEM,Memphis Grizzlies,21501132,2016-04-01T00:00:00,MEM vs. TOR,L,26.9,2.0,0.0,2.0,2.0,11.0,4.0,12.0,18.0,0.0,0.0,4.0,0.0,7.3,1,13074,13074,13074,10120,6026,10158,4675,12984,18886,8458,22259,13577,8004,1,22104,18762,21024,1.0,26:53,2015,2016
2015-16,201977,Marcus Thornton,Marcus,1610612764,WAS,Washington Wizards,21501137,2016-04-01T00:00:00,WAS @ PHX,W,0.5,0.0,0.0,0.0,0.0,0.0,0.0,2.0,2.0,0.0,0.0,0.0,0.0,0.0,1,1,1,1,25971,12059,10158,9917,18861,1,1,4025,24614,8004,1,1,18762,25170,1.0,0:31,2015,2016
2015-16,1626169,Stanley Johnson,Stanley,1610612765,DET,Detroit Pistons,21501129,2016-04-01T00:00:00,DET vs. DAL,L,13.9,0.0,0.0,3.0,0.0,6.0,0.0,2.0,6.0,0.0,0.0,1.0,1.0,7.1,1,13074,13074,13074,20499,12059,10158,3302,18861,10028,1,4025,22724,8004,1,4972,12373,21141,1.0,13:51,2015,2016
2015-16,201575,Brandon Rush,Brandon,1610612744,GSW,Golden State Warriors,21501136,2016-04-01T00:00:00,GSW vs. BOS,L,8.4,0.0,0.0,0.0,0.0,9.0,6.0,2.0,8.0,1.0,0.0,1.0,0.0,4.4,1,13074,13074,13074,23071,12059,10158,9917,18861,15771,13237,4025,21543,2692,1,4972,18762,22837,1.0,8:21,2015,2016
2015-16,203471,Dennis Schröder,Dennis,1610612737,ATL,Atlanta Hawks,21501131,2016-04-01T00:00:00,ATL vs. CLE,L,14.0,2.0,0.0,4.0,4.0,10.0,7.0,8.0,18.0,0.0,0.0,4.0,2.0,8.9,1,13074,13074,13074,20413,6026,10158,1913,8599,17370,15642,17194,13577,8004,1,22104,7786,19914,1.0,13:59,2015,2016
2015-16,201196,Ramon Sessions,Ramon,1610612764,WAS,Washington Wizards,21501137,2016-04-01T00:00:00,WAS @ PHX,W,14.6,4.0,0.0,0.0,4.0,1.0,2.0,8.0,18.0,0.0,1.0,0.0,1.0,9.0,1,1,1,1,20061,2460,10158,9917,8599,2356,3734,17194,13577,8004,17214,1,12373,19835,1.0,14:34,2015,2016
2015-16,201956,Omri Casspi,Omri,1610612758,SAC,Sacramento Kings,21501135,2016-04-01T00:00:00,SAC vs. MIA,L,7.8,0.0,0.0,0.0,2.0,4.0,3.0,3.0,12.0,0.0,0.0,1.0,1.0,3.2,1,13074,13074,13074,23281,12059,10158,9917,12984,6141,7138,7328,18637,8004,1,4972,12373,23473,1.0,7:47,2015,2016
2015-16,203939,Dwight Powell,Dwight,1610612742,DAL,Dallas Mavericks,21501129,2016-04-01T00:00:00,DAL @ DET,W,0.0,0.0,0.0,0.0,0.0,0.0,0.0,0.0,0.0,0.0,0.0,1.0,0.0,0.0,1,1,1,1,26064,12059,10158,9917,18861,1,1,1,25429,8004,1,4972,18762,25170,1.0,0:02,2015,2016
2015-16,202962,Greg Smith,Greg,1610612750,MIN,Minnesota Timberwolves,21501134,2016-04-01T00:00:00,MIN @ UTA,L,12.8,0.0,0.0,0.0,6.0,4.0,2.0,0.0,20.0,0.0,0.0,1.0,0.0,9.2,1,13074,13074,13074,21083,12059,10158,9917,5299,6141,3734,1,11929,8004,1,4972,18762,19680,1.0,12:48,2015,2016
2015-16,1626210,Alan Williams,Alan,1610612756,PHX,Phoenix Suns,21501137,2016-04-01T00:00:00,PHX vs. WAS,L,0.7,0.0,0.0,0.0,0.0,0.0,0.0,0.0,0.0,0.0,0.0,0.0,0.0,0.0,1,13074,13074,13074,25939,12059,10158,9917,18861,1,1,1,25429,8004,1,1,18762,25170,1.0,0:41,2015,2016
2015-16,201228,C.J. Watson,C.J.,1610612753,ORL,Orlando Magic,21501133,2016-04-01T00:00:00,ORL @ MIL,L,5.0,0.0,0.0,0.0,0.0,1.0,0.0,0.0,4.0,0.0,0.0,0.0,0.0,0.0,1,13074,13074,13074,24370,12059,10158,9917,18861,2356,1,1,23698,8004,1,1,18762,25170,1.0,5:00,2015,2016
2015-16,1626179,Terry Rozier,Terry,1610612738,BOS,Boston Celtics,21501136,2016-04-01T00:00:00,BOS @ GSW,W,16.7,0.0,0.0,0.0,0.0,7.0,0.0,0.0,10.0,0.0,1.0,0.0,2.0,7.0,1,1,1,1,18534,12059,10158,9917,18861,12242,1,1,20209,8004,17214,1,7786,21188,1.0,16:39,2015,2016
2015-16,202349,Greivis Vasquez,Greivis,1610612749,MIL,Milwaukee Bucks,21501133,2016-04-01T00:00:00,MIL vs. ORL,W,11.9,0.0,0.0,0.0,0.0,7.0,6.0,4.0,12.0,0.0,0.0,1.0,0.0,7.2,1,1,1,1,21652,12059,10158,9917,18861,12242,13237,8806,18637,8004,1,4972,18762,21035,1.0,11:52,2015,2016
2015-16,201229,Anthony Tolliver,Anthony,1610612765,DET,Detroit Pistons,21501129,2016-04-01T00:00:00,DET vs. DAL,L,5.3,0.0,0.0,0.0,0.0,6.0,2.0,0.0,4.0,0.0,0.0,1.0,0.0,-1.0,1,13074,13074,13074,24245,12059,10158,9917,18861,10028,3734,1,23698,8004,1,4972,18762,25932,1.0,5:20,2015,2016
2015-16,202687,Bismack Biyombo,Bismack,1610612761,TOR,Toronto Raptors,21501132,2016-04-01T00:00:00,TOR @ MEM,W,12.0,0.0,0.0,0.0,2.0,7.0,2.0,3.0,12.0,1.0,0.0,5.0,0.0,4.2,1,1,1,1,21611,12059,10158,9917,12984,12242,3734,7328,18637,2692,1,24686,18762,22976,1.0,11:57,2015,2016
2015-16,201565,Derrick Rose,Derrick,1610612741,CHI,Chicago Bulls,21501124,2016-03-31T00:00:00,CHI @ HOU,W,12.0,0.0,0.0,0.0,0.0,4.0,0.0,6.0,16.0,0.0,0.0,0.0,0.0,0.0,1,1,1,1,21611,12059,10158,9917,18861,6141,1,13388,15259,8004,1,1,18762,25170,1.0,11:57,2015,2016
2015-16,203922,Glenn Robinson III,Glenn,1610612754,IND,Indiana Pacers,21501123,2016-03-31T00:00:00,IND vs. ORL,L,2.3,0.0,0.0,0.0,0.0,2.0,0.0,0.0,0.0,0.0,0.0,0.0,0.0,-1.0,1,13074,13074,13074,25421,12059,10158,9917,18861,2619,1,1,25429,8004,1,1,18762,25932,1.0,2:17,2015,2016
2015-16,203516,James Ennis III,James,1610612740,NOP,New Orleans Pelicans,21501125,2016-03-31T00:00:00,NOP vs. DEN,W,30.0,3.0,6.0,0.0,2.0,14.0,4.0,5.0,22.0,0.0,1.0,1.0,2.0,21.7,1,1,1,1,7547,4307,481,9917,12984,22292,8458,11593,10265,8004,17214,4972,7786,10592,1.0,30:00,2015,2016
2015-16,202700,Donatas Motiejunas,Donatas,1610612745,HOU,Houston Rockets,21501124,2016-03-31T00:00:00,HOU vs. CHI,L,12.5,0.0,0.0,0.0,2.0,0.0,0.0,0.0,2.0,0.0,0.0,2.0,1.0,3.2,1,13074,13074,13074,21289,12059,10158,9917,12984,1,1,1,24614,8004,1,11390,12373,23473,1.0,12:28,2015,2016
2015-16,2592,James Jones,James,1610612739,CLE,Cleveland Cavaliers,21501122,2016-03-31T00:00:00,CLE vs. BKN,W,6.7,3.0,0.0,0.0,0.0,2.0,0.0,4.0,6.0,0.0,0.0,0.0,0.0,7.2,1,1,1,1,23659,4307,10158,9917,18861,2619,1,8806,22724,8004,1,1,18762,21035,1.0,6:44,2015,2016
2015-16,201965,Jeff Ayres,Jeff,1610612746,LAC,LA Clippers,21501126,2016-03-31T00:00:00,LAC @ OKC,L,17.5,0.0,0.0,0.0,0.0,10.0,10.0,4.0,18.0,0.0,0.0,3.0,1.0,4.2,1,13074,13074,13074,17934,12059,10158,9917,18861,17370,20509,8806,13577,8004,1,17641,12373,22976,1.0,17:27,2015,2016
2015-16,203912,C.J. Wilcox,C.J.,1610612746,LAC,LA Clippers,21501126,2016-03-31T00:00:00,LAC @ OKC,L,8.0,2.0,0.0,2.0,2.0,8.0,4.0,4.0,8.0,0.0,0.0,0.0,1.0,9.5,1,13074,13074,13074,23174,6026,10158,4675,12984,13914,8458,8806,21543,8004,1,1,12373,19519,1.0,8:01,2015,2016
2015-16,1891,Jason Terry,Jason,1610612745,HOU,Houston Rockets,21501124,2016-03-31T00:00:00,HOU vs. CHI,L,18.3,0.0,0.0,0.0,0.0,5.0,2.0,5.0,16.0,0.0,0.0,3.0,1.0,3.5,1,13074,13074,13074,17272,12059,10158,9917,18861,8403,3734,11593,15259,8004,1,17641,12373,23351,1.0,18:18,2015,2016
2015-16,200751,Randy Foye,Randy,1610612760,OKC,Oklahoma City Thunder,21501126,2016-03-31T00:00:00,OKC vs. LAC,W,20.8,0.0,0.0,0.0,0.0,4.0,2.0,5.0,18.0,0.0,0.0,1.0,0.0,9.5,1,1,1,1,15274,12059,10158,9917,18861,6141,3734,11593,13577,8004,1,4972,18762,19519,1.0,20:45,2015,2016
2015-16,2399,Mike Dunleavy,Mike,1610612741,CHI,Chicago Bulls,21501124,2016-03-31T00:00:00,CHI @ HOU,W,9.2,0.0,0.0,0.0,0.0,5.0,0.0,5.0,10.0,0.0,0.0,1.0,2.0,0.0,1,1,1,1,22772,12059,10158,9917,18861,8403,1,11593,20209,8004,1,4972,7786,25170,1.0,9:10,2015,2016
2015-16,1626202,Joe Young,Joe,1610612754,IND,Indiana Pacers,21501123,2016-03-31T00:00:00,IND vs. ORL,L,2.3,0.0,0.0,0.0,0.0,2.0,0.0,0.0,0.0,0.0,0.0,0.0,0.0,-1.0,1,13074,13074,13074,25421,12059,10158,9917,18861,2619,1,1,25429,8004,1,1,18762,25932,1.0,2:17,2015,2016
2015-16,201941,Jordan Hill,Jordan,1610612754,IND,Indiana Pacers,21501123,2016-03-31T00:00:00,IND vs. ORL,L,11.1,0.0,2.0,0.0,4.0,6.0,2.0,4.0,10.0,0.0,0.0,0.0,1.0,8.6,1,13074,13074,13074,21992,12059,4731,9917,8599,10028,3734,8806,20209,8004,1,1,12373,20125,1.0,11:05,2015,2016
2015-16,201155,Rodney Stuckey,Rodney,1610612754,IND,Indiana Pacers,21501123,2016-03-31T00:00:00,IND vs. ORL,L,15.0,0.0,0.0,0.0,0.0,6.0,2.0,4.0,12.0,0.0,0.0,3.0,1.0,-0.5,1,13074,13074,13074,19728,12059,10158,9917,18861,10028,3734,8806,18637,8004,1,17641,12373,25908,1.0,15:02,2015,2016
2015-16,2210,Richard Jefferson,Richard,1610612739,CLE,Cleveland Cavaliers,21501122,2016-03-31T00:00:00,CLE vs. BKN,W,12.0,2.0,2.0,0.0,2.0,4.0,0.0,9.0,10.0,0.0,0.0,0.0,0.0,5.0,1,1,1,1,21529,6026,4731,9917,12984,6141,1,18829,20209,8004,1,1,18762,22500,1.0,12:00,2015,2016
2015-16,2570,Kendrick Perkins,Kendrick,1610612740,NOP,New Orleans Pelicans,21501125,2016-03-31T00:00:00,NOP vs. DEN,W,8.1,0.0,0.0,0.0,4.0,2.0,2.0,0.0,10.0,0.0,0.0,2.0,1.0,4.2,1,1,1,1,23137,12059,10158,9917,8599,2619,3734,1,20209,8004,1,11390,12373,22976,1.0,8:08,2015,2016
2015-16,1626171,Bobby Portis,Bobby,1610612741,CHI,Chicago Bulls,21501124,2016-03-31T00:00:00,CHI @ HOU,W,10.1,0.0,0.0,0.0,0.0,5.0,3.0,2.0,10.0,0.0,0.0,1.0,0.0,4.4,1,1,1,1,22409,12059,10158,9917,18861,8403,7138,4025,20209,8004,1,4972,18762,22837,1.0,10:04,2015,2016
2015-16,201627,Anthony Morrow,Anthony,1610612760,OKC,Oklahoma City Thunder,21501126,2016-03-31T00:00:00,OKC vs. LAC,W,2.1,0.0,0.0,0.0,0.0,0.0,0.0,3.0,0.0,0.0,0.0,0.0,0.0,0.0,1,1,1,1,25493,12059,10158,9917,18861,1,1,7328,25429,8004,1,1,18762,25170,1.0,2:04,2015,2016
2015-16,203895,Jordan McRae,Jordan,1610612739,CLE,Cleveland Cavaliers,21501122,2016-03-31T00:00:00,CLE vs. BKN,W,6.7,0.0,0.0,0.0,0.0,2.0,0.0,4.0,6.0,0.0,1.0,2.0,0.0,0.0,1,1,1,1,23659,12059,10158,9917,18861,2619,1,8806,22724,8004,17214,11390,18762,25170,1.0,6:44,2015,2016
2015-16,201147,Corey Brewer,Corey,1610612745,HOU,Houston Rockets,21501124,2016-03-31T00:00:00,HOU vs. CHI,L,16.5,0.0,0.0,0.0,0.0,5.0,2.0,3.0,10.0,1.0,0.0,1.0,0.0,5.4,1,13074,13074,13074,18650,12059,10158,9917,18861,8403,3734,7328,20209,2692,1,4972,18762,22242,1.0,16:30,2015,2016
2015-16,203906,Devyn Marble,Devyn,1610612753,ORL,Orlando Magic,21501123,2016-03-31T00:00:00,ORL @ IND,W,2.3,0.0,0.0,0.0,0.0,0.0,2.0,0.0,4.0,0.0,0.0,0.0,0.0,0.0,1,1,1,1,25421,12059,10158,9917,18861,1,3734,1,23698,8004,1,1,18762,25170,1.0,2:17,2015,2016
2015-16,201961,Wayne Ellington,Wayne,1610612751,BKN,Brooklyn Nets,21501122,2016-03-31T00:00:00,BKN @ CLE,L,21.3,0.0,0.0,0.0,0.0,14.0,4.0,5.0,22.0,0.0,1.0,0.0,0.0,9.3,1,13074,13074,13074,14743,12059,10158,9917,18861,22292,8458,11593,10265,8004,17214,1,18762,19656,1.0,21:20,2015,2016
2015-16,203460,Andre Roberson,Andre,1610612760,OKC,Oklahoma City Thunder,21501126,2016-03-31T00:00:00,OKC vs. LAC,W,33.1,0.0,3.0,0.0,0.0,17.0,6.0,14.0,24.0,0.0,0.0,2.0,1.0,15.5,1,1,1,1,5079,12059,3104,9917,18861,24337,13237,23710,8723,8004,1,11390,12373,15004,1.0,33:03,2015,2016
2015-16,203473,Dewayne Dedmon,Dewayne,1610612753,ORL,Orlando Magic,21501123,2016-03-31T00:00:00,ORL @ IND,W,15.1,2.0,3.0,0.0,6.0,12.0,15.0,3.0,18.0,0.0,0.0,3.0,3.0,15.7,1,1,1,1,19680,6026,3104,9917,5299,20178,24781,7328,13577,8004,1,17641,4736,14841,1.0,15:07,2015,2016
2015-16,202683,Enes Freedom,Enes,1610612760,OKC,Oklahoma City Thunder,21501126,2016-03-31T00:00:00,OKC vs. LAC,W,17.6,0.0,5.0,0.0,10.0,6.0,2.0,7.0,18.0,0.0,1.0,1.0,1.0,15.8,1,1,1,1,17847,12059,995,9917,1840,10028,3734,15538,13577,8004,17214,4972,12373,14754,1.0,17:34,2015,2016
2015-16,2772,Trevor Ariza,Trevor,1610612745,HOU,Houston Rockets,21501124,2016-03-31T00:00:00,HOU vs. CHI,L,35.8,5.0,3.0,0.0,0.0,4.0,4.0,2.0,20.0,0.0,0.0,1.0,3.0,26.3,1,13074,13074,13074,2879,1603,3104,9917,18861,6141,8458,4025,11929,8004,1,4972,4736,7733,1.0,35:49,2015,2016
2015-16,202334,Ed Davis,Ed,1610612757,POR,Portland Trail Blazers,21501127,2016-03-31T00:00:00,POR vs. BOS,W,22.3,2.0,4.0,0.0,4.0,16.0,7.0,10.0,18.0,2.0,0.0,6.0,2.0,26.9,1,1,1,1,13936,6026,1596,9917,8599,23774,15642,20169,13577,932,1,25827,7786,7438,1.0,22:16,2015,2016
2015-16,201586,Serge Ibaka,Serge,1610612760,OKC,Oklahoma City Thunder,21501126,2016-03-31T00:00:00,OKC vs. LAC,W,27.7,4.0,4.0,2.0,6.0,20.0,6.0,14.0,24.0,0.0,0.0,3.0,0.0,31.3,1,1,1,1,9456,2460,1596,4675,5299,25338,13237,23710,8723,8004,1,17641,18762,5258,1.0,27:43,2015,2016
2015-16,201935,James Harden,James,1610612745,HOU,Houston Rockets,21501124,2016-03-31T00:00:00,HOU vs. CHI,L,42.3,3.0,0.0,4.0,8.0,7.0,6.0,3.0,26.0,2.0,1.0,1.0,6.0,42.8,1,13074,13074,13074,274,4307,10158,1913,3109,12242,13237,7328,7214,932,17214,4972,873,1776,1.0,42:21,2015,2016
2015-16,202697,Iman Shumpert,Iman,1610612739,CLE,Cleveland Cavaliers,21501122,2016-03-31T00:00:00,CLE vs. BKN,W,19.8,1.0,0.0,0.0,0.0,8.0,8.0,9.0,22.0,0.0,1.0,1.0,3.0,20.6,1,1,1,1,16113,11535,10158,9917,18861,13914,17345,18829,10265,8004,17214,4972,4736,11314,1.0,19:45,2015,2016
2015-16,203096,Jared Sullinger,Jared,1610612738,BOS,Boston Celtics,21501127,2016-03-31T00:00:00,BOS @ POR,L,22.5,0.0,2.0,0.0,6.0,6.0,9.0,0.0,16.0,0.0,0.0,4.0,1.0,31.5,1,13074,13074,13074,13760,12059,4731,9917,5299,10028,19144,1,15259,8004,1,22104,12373,5180,1.0,22:30,2015,2016
2015-16,203991,Clint Capela,Clint,1610612745,HOU,Houston Rockets,21501124,2016-03-31T00:00:00,HOU vs. CHI,L,17.6,4.0,2.0,2.0,8.0,7.0,2.0,3.0,14.0,0.0,1.0,3.0,0.0,20.0,1,13074,13074,13074,17814,2460,4731,4675,3109,12242,3734,7328,17019,8004,17214,17641,18762,11752,1.0,17:38,2015,2016
2015-16,202388,Donald Sloan,Donald,1610612751,BKN,Brooklyn Nets,21501122,2016-03-31T00:00:00,BKN @ CLE,L,20.6,2.0,0.0,2.0,6.0,10.0,4.0,0.0,10.0,0.0,0.0,0.0,2.0,20.5,1,13074,13074,13074,15360,6026,10158,4675,5299,17370,8458,1,20209,8004,1,1,7786,11401,1.0,20:38,2015,2016
2015-16,203914,Gary Harris,Gary,1610612743,DEN,Denver Nuggets,21501125,2016-03-31T00:00:00,DEN @ NOP,L,37.8,6.0,0.0,6.0,8.0,8.0,8.0,11.0,32.0,0.0,0.0,2.0,1.0,27.0,1,13074,13074,13074,1620,878,10158,740,3109,13914,17345,21342,3535,8004,1,11390,12373,7385,1.0,37:46,2015,2016
2015-16,202332,Cole Aldrich,Cole,1610612746,LAC,LA Clippers,21501126,2016-03-31T00:00:00,LAC @ OKC,L,30.1,4.0,0.0,2.0,6.0,12.0,12.0,8.0,26.0,0.0,0.0,2.0,2.0,27.0,1,13074,13074,13074,7445,2460,10158,4675,5299,20178,22832,17194,7214,8004,1,11390,7786,7385,1.0,30:06,2015,2016
2015-16,202711,Bojan Bogdanović,Bojan,1610612751,BKN,Brooklyn Nets,21501122,2016-03-31T00:00:00,BKN @ CLE,L,24.5,0.0,0.0,7.0,8.0,13.0,6.0,5.0,28.0,0.0,1.0,3.0,2.0,20.5,1,13074,13074,13074,12082,12059,10158,454,3109,21300,13237,11593,5824,8004,17214,17641,7786,11401,1.0,24:32,2015,2016
2015-16,203186,Willie Reed,Willie,1610612751,BKN,Brooklyn Nets,21501122,2016-03-31T00:00:00,BKN @ CLE,L,6.7,0.0,0.0,0.0,0.0,5.0,2.0,0.0,2.0,2.0,0.0,0.0,1.0,12.0,1,13074,13074,13074,23659,12059,10158,9917,18861,8403,3734,1,24614,932,1,1,12373,17703,1.0,6:44,2015,2016
2015-16,101161,Amir Johnson,Amir,1610612738,BOS,Boston Celtics,21501127,2016-03-31T00:00:00,BOS @ POR,L,27.9,1.0,3.0,2.0,4.0,7.0,8.0,2.0,18.0,2.0,0.0,4.0,2.0,30.3,1,13074,13074,13074,9273,11535,3104,4675,8599,12242,17345,4025,13577,932,1,22104,7786,5702,1.0,27:57,2015,2016
2015-16,202323,Evan Turner,Evan,1610612738,BOS,Boston Celtics,21501127,2016-03-31T00:00:00,BOS @ POR,L,29.9,6.0,0.0,4.0,6.0,15.0,13.0,8.0,22.0,2.0,1.0,4.0,3.0,37.2,1,13074,13074,13074,7634,878,10158,1913,5299,23079,23668,17194,10265,932,17214,22104,4736,3130,1.0,29:53,2015,2016
2015-16,101112,Channing Frye,Channing,1610612739,CLE,Cleveland Cavaliers,21501122,2016-03-31T00:00:00,CLE vs. BKN,W,23.1,3.0,2.0,0.0,4.0,10.0,8.0,13.0,26.0,0.0,1.0,2.0,1.0,24.6,1,1,1,1,13268,4307,4731,9917,8599,17370,17345,23048,7214,8004,17214,11390,12373,8724,1.0,23:07,2015,2016
2015-16,1626144,Emmanuel Mudiay,Emmanuel,1610612743,DEN,Denver Nuggets,21501125,2016-03-31T00:00:00,DEN @ NOP,L,25.9,0.0,0.0,2.0,4.0,3.0,6.0,7.0,16.0,0.0,1.0,2.0,0.0,24.4,1,13074,13074,13074,10956,12059,10158,4675,8599,5109,13237,15538,15259,8004,17214,11390,18762,8867,1.0,25:52,2015,2016
2015-16,203926,Doug McDermott,Doug,1610612741,CHI,Chicago Bulls,21501124,2016-03-31T00:00:00,CHI @ HOU,W,37.2,0.0,2.0,2.0,8.0,9.0,11.0,9.0,34.0,0.0,0.0,3.0,1.0,29.3,1,1,1,1,1990,12059,4731,4675,3109,15771,21814,18829,2701,8004,1,17641,12373,6202,1.0,37:10,2015,2016
2015-16,202325,Wesley Johnson,Wesley,1610612746,LAC,LA Clippers,21501126,2016-03-31T00:00:00,LAC @ OKC,L,37.5,4.0,3.0,6.0,4.0,12.0,18.0,8.0,32.0,2.0,0.0,3.0,0.0,24.6,1,13074,13074,13074,1764,2460,3104,740,8599,20178,25634,17194,3535,932,1,17641,18762,8724,1.0,37:29,2015,2016
2015-16,2037,Jamal Crawford,Jamal,1610612746,LAC,LA Clippers,21501126,2016-03-31T00:00:00,LAC @ OKC,L,40.0,11.0,0.0,8.0,4.0,20.0,18.0,12.0,38.0,1.0,0.0,0.0,4.0,49.7,1,13074,13074,13074,744,55,10158,280,8599,25338,25634,22259,1422,2692,1,1,2748,789,1.0,39:57,2015,2016
2015-16,201945,Gerald Henderson,Gerald,1610612757,POR,Portland Trail Blazers,21501127,2016-03-31T00:00:00,POR vs. BOS,W,24.4,4.0,0.0,0.0,2.0,16.0,12.0,12.0,22.0,0.0,1.0,2.0,1.0,29.5,1,1,1,1,12221,2460,10158,9917,12984,23774,22832,22259,10265,8004,17214,11390,12373,6103,1.0,24:23,2015,2016
2015-16,203094,Andrew Nicholson,Andrew,1610612753,ORL,Orlando Magic,21501123,2016-03-31T00:00:00,ORL @ IND,W,25.5,4.0,0.0,2.0,8.0,2.0,9.0,2.0,20.0,1.0,0.0,3.0,3.0,24.5,1,1,1,1,11337,2460,10158,4675,3109,2619,19144,4025,11929,2692,1,17641,4736,8801,1.0,25:27,2015,2016
2015-16,201145,Jeff Green,Jeff,1610612746,LAC,LA Clippers,21501126,2016-03-31T00:00:00,LAC @ OKC,L,34.8,0.0,5.0,3.0,12.0,16.0,17.0,6.0,32.0,1.0,0.0,2.0,4.0,24.6,1,13074,13074,13074,3732,12059,995,3302,988,23774,25429,13388,3535,2692,1,11390,2748,8724,1.0,34:46,2015,2016
2015-16,203085,Austin Rivers,Austin,1610612746,LAC,LA Clippers,21501126,2016-03-31T00:00:00,LAC @ OKC,L,39.2,0.0,0.0,1.0,10.0,16.0,16.0,8.0,38.0,0.0,1.0,4.0,1.0,48.3,1,13074,13074,13074,983,12059,10158,9347,1840,23774,25155,17194,1422,8004,17214,22104,12373,932,1.0,39:13,2015,2016
2015-16,203500,Steven Adams,Steven,1610612760,OKC,Oklahoma City Thunder,21501126,2016-03-31T00:00:00,OKC vs. LAC,W,30.0,2.0,4.0,2.0,12.0,18.0,6.0,15.0,22.0,1.0,0.0,2.0,3.0,24.2,1,1,1,1,7554,6026,1596,4675,988,24749,13237,24242,10265,2692,1,11390,4736,9009,1.0,29:59,2015,2016
2015-16,201142,Kevin Durant,Kevin,1610612760,OKC,Oklahoma City Thunder,21501126,2016-03-31T00:00:00,OKC vs. LAC,W,40.4,6.0,0.0,4.0,6.0,17.0,8.0,14.0,30.0,0.0,1.0,2.0,5.0,49.1,1,1,1,1,623,878,10158,1913,5299,24337,17345,23710,4541,8004,17214,11390,1539,850,1.0,40:24,2015,2016
2015-16,201962,Toney Douglas,Toney,1610612740,NOP,New Orleans Pelicans,21501125,2016-03-31T00:00:00,NOP vs. DEN,W,36.4,2.0,0.0,2.0,4.0,9.0,6.0,7.0,28.0,0.0,0.0,2.0,3.0,36.6,1,1,1,1,2497,6026,10158,4675,8599,15771,13237,15538,5824,8004,1,11390,4736,3288,1.0,36:22,2015,2016
2015-16,2544,LeBron James,LeBron,1610612739,CLE,Cleveland Cavaliers,21501122,2016-03-31T00:00:00,CLE vs. BKN,W,30.7,13.0,0.0,3.0,16.0,7.0,7.0,13.0,30.0,1.0,0.0,0.0,7.0,48.3,1,1,1,1,6970,13,10158,3302,275,12242,15642,23048,4541,2692,1,1,469,932,1.0,30:40,2015,2016
2015-16,202331,Paul George,Paul,1610612754,IND,Indiana Pacers,21501123,2016-03-31T00:00:00,IND vs. ORL,L,33.9,11.0,4.0,7.0,12.0,19.0,13.0,8.0,44.0,0.0,1.0,1.0,5.0,54.1,1,13074,13074,13074,4454,55,1596,454,988,25074,23668,17194,454,8004,17214,4972,1539,447,1.0,33:52,2015,2016
2015-16,101133,Ian Mahinmi,Ian,1610612754,IND,Indiana Pacers,21501123,2016-03-31T00:00:00,IND vs. ORL,L,33.3,3.0,0.0,0.0,4.0,17.0,13.0,8.0,46.0,1.0,1.0,4.0,3.0,24.9,1,13074,13074,13074,4879,4307,10158,9917,8599,24337,23668,17194,298,2692,17214,22104,4736,8553,1.0,33:19,2015,2016
2015-16,202710,Jimmy Butler III,Jimmy,1610612741,CHI,Chicago Bulls,21501124,2016-03-31T00:00:00,CHI @ HOU,W,39.0,4.0,0.0,2.0,8.0,16.0,9.0,13.0,36.0,1.0,1.0,1.0,6.0,45.6,1,1,1,1,1065,2460,10158,4675,3109,23774,19144,23048,1943,2692,17214,4972,873,1263,1.0,39:01,2015,2016
2015-16,203506,Victor Oladipo,Victor,1610612753,ORL,Orlando Magic,21501123,2016-03-31T00:00:00,ORL @ IND,W,35.5,6.0,2.0,4.0,6.0,15.0,16.0,8.0,30.0,1.0,1.0,2.0,1.0,45.9,1,1,1,1,3125,878,4731,1913,5299,23079,25155,17194,4541,2692,17214,11390,12373,1224,1.0,35:31,2015,2016
2015-16,201566,Russell Westbrook,Russell,1610612760,OKC,Oklahoma City Thunder,21501126,2016-03-31T00:00:00,OKC vs. LAC,W,35.8,6.0,6.0,4.0,6.0,20.0,6.0,17.0,28.0,0.0,2.0,0.0,4.0,59.1,1,1,1,1,2879,878,481,1913,5299,25338,13237,24967,5824,8004,23588,1,2748,233,1.0,35:49,2015,2016
2015-16,202337,Luke Babbitt,Luke,1610612740,NOP,New Orleans Pelicans,21501125,2016-03-31T00:00:00,NOP vs. DEN,W,36.5,0.0,0.0,2.0,10.0,13.0,6.0,9.0,30.0,1.0,5.0,2.0,2.0,44.5,1,1,1,1,2427,12059,10158,4675,1840,21300,13237,18829,4541,2692,26042,11390,7786,1459,1.0,36:27,2015,2016
2015-16,203468,CJ McCollum,CJ,1610612757,POR,Portland Trail Blazers,21501127,2016-03-31T00:00:00,POR vs. BOS,W,36.2,2.0,2.0,0.0,8.0,17.0,16.0,8.0,26.0,1.0,3.0,2.0,1.0,37.0,1,1,1,1,2623,6026,4731,9917,3109,24337,25155,17194,7214,2692,25441,11390,12373,3182,1.0,36:11,2015,2016
2015-16,201567,Kevin Love,Kevin,1610612739,CLE,Cleveland Cavaliers,21501122,2016-03-31T00:00:00,CLE vs. BKN,W,24.9,4.0,2.0,0.0,2.0,3.0,3.0,11.0,22.0,1.0,0.0,0.0,2.0,37.0,1,1,1,1,11762,2460,4731,9917,12984,5109,7138,21342,10265,2692,1,1,7786,3182,1.0,24:53,2015,2016
2015-16,203901,Elfrid Payton,Elfrid,1610612753,ORL,Orlando Magic,21501123,2016-03-31T00:00:00,ORL @ IND,W,29.5,0.0,6.0,2.0,10.0,15.0,18.0,8.0,30.0,0.0,2.0,0.0,3.0,23.9,1,1,1,1,7961,12059,481,4675,1840,23079,25634,17194,4541,8004,23588,1,4736,9184,1.0,29:31,2015,2016
2015-16,202329,Al-Farouq Aminu,Al-Farouq,1610612757,POR,Portland Trail Blazers,21501127,2016-03-31T00:00:00,POR vs. BOS,W,36.3,2.0,5.0,4.0,8.0,14.0,16.0,10.0,26.0,3.0,0.0,2.0,3.0,51.3,1,1,1,1,2579,6026,995,1913,3109,22292,25155,20169,7214,347,1,11390,4736,631,1.0,36:15,2015,2016
2015-16,203143,Pablo Prigioni,Pablo,1610612746,LAC,LA Clippers,21501126,2016-03-31T00:00:00,LAC @ OKC,L,19.7,0.0,0.0,0.0,0.0,10.0,10.0,4.0,16.0,0.0,0.0,2.0,0.0,13.8,1,13074,13074,13074,16131,12059,10158,9917,18861,17370,20509,8806,15259,8004,1,11390,18762,16311,1.0,19:44,2015,2016
2015-16,201589,Darrell Arthur,Darrell,1610612743,DEN,Denver Nuggets,21501125,2016-03-31T00:00:00,DEN @ NOP,L,21.8,2.0,2.0,0.0,8.0,4.0,5.0,4.0,24.0,1.0,0.0,3.0,2.0,38.3,1,13074,13074,13074,14365,6026,4731,9917,3109,6141,11469,8806,8723,2692,1,17641,7786,2826,1.0,21:46,2015,2016
2015-16,203156,Henry Sims,Henry,1610612751,BKN,Brooklyn Nets,21501122,2016-03-31T00:00:00,BKN @ CLE,L,18.5,1.0,1.0,1.0,0.0,12.0,4.0,5.0,24.0,0.0,1.0,4.0,3.0,17.5,1,13074,13074,13074,17069,11535,9709,9347,18861,20178,8458,11593,8723,8004,17214,22104,4736,13528,1.0,18:32,2015,2016
2015-16,203499,Shane Larkin,Shane,1610612751,BKN,Brooklyn Nets,21501122,2016-03-31T00:00:00,BKN @ CLE,L,32.5,0.0,0.0,4.0,2.0,20.0,8.0,5.0,34.0,0.0,1.0,2.0,3.0,33.0,1,13074,13074,13074,5530,12059,10158,1913,12984,25338,17345,11593,2701,8004,17214,11390,4736,4537,1.0,32:28,2015,2016
2015-16,203109,Jae Crowder,Jae,1610612738,BOS,Boston Celtics,21501127,2016-03-31T00:00:00,BOS @ POR,L,34.6,3.0,8.0,2.0,4.0,10.0,15.0,8.0,24.0,0.0,0.0,3.0,2.0,33.0,1,13074,13074,13074,3875,4307,137,4675,8599,17370,24781,17194,8723,8004,1,17641,7786,4537,1.0,34:35,2015,2016
2015-16,203999,Nikola Jokić,Nikola,1610612743,DEN,Denver Nuggets,21501125,2016-03-31T00:00:00,DEN @ NOP,L,23.1,0.0,2.0,0.0,2.0,8.0,3.0,7.0,18.0,1.0,0.0,1.0,1.0,28.1,1,13074,13074,13074,13285,12059,4731,9917,12984,13914,7138,15538,13577,2692,1,4972,12373,6818,1.0,23:06,2015,2016
2015-16,204025,Tim Frazier,Tim,1610612740,NOP,New Orleans Pelicans,21501125,2016-03-31T00:00:00,NOP vs. DEN,W,29.3,3.0,3.0,0.0,4.0,13.0,6.0,4.0,22.0,0.0,1.0,3.0,6.0,33.0,1,1,1,1,8122,4307,3104,9917,8599,21300,13237,8806,10265,8004,17214,17641,873,4537,1.0,29:18,2015,2016
2015-16,203095,Evan Fournier,Evan,1610612753,ORL,Orlando Magic,21501123,2016-03-31T00:00:00,ORL @ IND,W,36.1,5.0,0.0,4.0,10.0,17.0,18.0,10.0,34.0,0.0,0.0,4.0,2.0,28.5,1,1,1,1,2658,1603,10158,1913,1840,24337,25634,20169,2701,8004,1,22104,7786,6613,1.0,36:07,2015,2016
2015-16,201976,Patrick Beverley,Patrick,1610612745,HOU,Houston Rockets,21501124,2016-03-31T00:00:00,HOU vs. CHI,L,37.2,2.0,2.0,6.0,12.0,2.0,4.0,2.0,18.0,0.0,1.0,4.0,2.0,38.5,1,13074,13074,13074,1995,6026,4731,740,988,2619,8458,4025,13577,8004,17214,22104,7786,2771,1.0,37:09,2015,2016
2015-16,202702,Kenneth Faried,Kenneth,1610612743,DEN,Denver Nuggets,21501125,2016-03-31T00:00:00,DEN @ NOP,L,24.8,3.0,2.0,1.0,6.0,6.0,3.0,7.0,14.0,0.0,1.0,0.0,6.0,32.4,1,13074,13074,13074,11811,4307,4731,9347,5299,10028,7138,15538,17019,8004,17214,1,873,4768,1.0,24:49,2015,2016
2015-16,203090,Maurice Harkless,Maurice,1610612757,POR,Portland Trail Blazers,21501127,2016-03-31T00:00:00,POR vs. BOS,W,22.1,2.0,3.0,0.0,2.0,7.0,2.0,4.0,12.0,1.0,0.0,3.0,4.0,27.5,1,1,1,1,14129,6026,3104,9917,12984,12242,3734,8806,18637,2692,1,17641,2748,7137,1.0,22:03,2015,2016
2015-16,202340,Avery Bradley,Avery,1610612738,BOS,Boston Celtics,21501127,2016-03-31T00:00:00,BOS @ POR,L,35.0,8.0,0.0,4.0,6.0,9.0,11.0,10.0,26.0,0.0,2.0,4.0,2.0,32.8,1,13074,13074,13074,3546,308,10158,1913,5299,15771,21814,20169,7214,8004,23588,22104,7786,4609,1.0,34:60,2015,2016
2015-16,2200,Pau Gasol,Pau,1610612741,CHI,Chicago Bulls,21501124,2016-03-31T00:00:00,CHI @ HOU,W,31.6,0.0,2.0,0.0,6.0,13.0,5.0,8.0,30.0,1.0,1.0,4.0,0.0,28.5,1,1,1,1,6236,12059,4731,9917,5299,21300,11469,17194,4541,2692,17214,22104,18762,6613,1.0,31:36,2015,2016
2015-16,203079,Dion Waiters,Dion,1610612760,OKC,Oklahoma City Thunder,21501126,2016-03-31T00:00:00,OKC vs. LAC,W,16.2,2.0,0.0,0.0,2.0,7.0,2.0,9.0,16.0,0.0,0.0,1.0,2.0,13.6,1,1,1,1,18882,6026,10158,9917,12984,12242,3734,18829,15259,8004,1,4972,7786,16460,1.0,16:12,2015,2016
2015-16,203935,Marcus Smart,Marcus,1610612738,BOS,Boston Celtics,21501127,2016-03-31T00:00:00,BOS @ POR,L,26.4,0.0,0.0,0.0,4.0,13.0,14.0,7.0,20.0,1.0,1.0,4.0,1.0,22.0,1,13074,13074,13074,10502,12059,10158,9917,8599,21300,24300,15538,11929,2692,17214,22104,12373,10388,1.0,26:26,2015,2016
2015-16,202681,Kyrie Irving,Kyrie,1610612739,CLE,Cleveland Cavaliers,21501122,2016-03-31T00:00:00,CLE vs. BKN,W,24.3,2.0,0.0,2.0,6.0,5.0,7.0,12.0,28.0,1.0,0.0,2.0,1.0,21.9,1,1,1,1,12282,6026,10158,4675,5299,8403,15642,22259,5824,2692,1,11390,12373,10460,1.0,24:19,2015,2016
2015-16,203080,Thomas Robinson,Thomas,1610612751,BKN,Brooklyn Nets,21501122,2016-03-31T00:00:00,BKN @ CLE,L,22.7,4.0,4.0,4.0,10.0,11.0,4.0,0.0,16.0,0.0,3.0,1.0,3.0,27.7,1,13074,13074,13074,13587,2460,1596,1913,1840,18886,8458,1,15259,8004,25441,4972,4736,7008,1.0,22:44,2015,2016
2015-16,202703,Nikola Mirotic,Nikola,1610612741,CHI,Chicago Bulls,21501124,2016-03-31T00:00:00,CHI @ HOU,W,37.9,0.0,0.0,0.0,2.0,11.0,10.0,14.0,38.0,1.0,0.0,4.0,4.0,39.3,1,1,1,1,1535,12059,10158,9917,12984,18886,20509,23710,1422,2692,1,22104,2748,2563,1.0,37:56,2015,2016
2015-16,2730,Dwight Howard,Dwight,1610612745,HOU,Houston Rockets,21501124,2016-03-31T00:00:00,HOU vs. CHI,L,28.9,0.0,2.0,0.0,6.0,0.0,4.0,2.0,16.0,3.0,0.0,1.0,2.0,32.6,1,13074,13074,13074,8443,12059,4731,9917,5299,1,8458,4025,15259,347,1,4972,7786,4687,1.0,28:55,2015,2016
2015-16,101139,CJ Miles,CJ,1610612754,IND,Indiana Pacers,21501123,2016-03-31T00:00:00,IND vs. ORL,L,17.1,0.0,0.0,0.0,0.0,8.0,2.0,4.0,12.0,0.0,2.0,2.0,1.0,14.1,1,13074,13074,13074,18210,12059,10158,9917,18861,13914,3734,8806,18637,8004,23588,11390,12373,16094,1.0,17:05,2015,2016
2015-16,202738,Isaiah Thomas,Isaiah,1610612738,BOS,Boston Celtics,21501127,2016-03-31T00:00:00,BOS @ POR,L,33.9,3.0,8.0,2.0,2.0,10.0,9.0,7.0,26.0,0.0,4.0,1.0,6.0,28.7,1,13074,13074,13074,4441,4307,137,4675,12984,17370,19144,15538,7214,8004,25926,4972,873,6514,1.0,33:53,2015,2016
2015-16,1626245,Cristiano Felicio,Cristiano,1610612741,CHI,Chicago Bulls,21501124,2016-03-31T00:00:00,CHI @ HOU,W,15.1,3.0,0.0,1.0,2.0,0.0,8.0,5.0,18.0,1.0,0.0,1.0,2.0,17.3,1,1,1,1,19718,4307,10158,9347,12984,1,17345,11593,13577,2692,1,4972,7786,13671,1.0,15:03,2015,2016
2015-16,203521,Matthew Dellavedova,Matthew,1610612739,CLE,Cleveland Cavaliers,21501122,2016-03-31T00:00:00,CLE vs. BKN,W,16.6,0.0,0.0,0.0,0.0,6.0,8.0,5.0,18.0,1.0,0.0,4.0,1.0,10.5,1,1,1,1,18617,12059,10158,9917,18861,10028,17345,11593,13577,2692,1,22104,12373,18808,1.0,16:33,2015,2016
2015-16,202389,Timofey Mozgov,Timofey,1610612739,CLE,Cleveland Cavaliers,21501122,2016-03-31T00:00:00,CLE vs. BKN,W,17.4,0.0,2.0,0.0,6.0,3.0,3.0,8.0,16.0,2.0,0.0,3.0,3.0,23.4,1,1,1,1,17944,12059,4731,9917,5299,5109,7138,17194,15259,932,1,17641,4736,9501,1.0,17:27,2015,2016
2015-16,203486,Mason Plumlee,Mason,1610612757,POR,Portland Trail Blazers,21501127,2016-03-31T00:00:00,POR vs. BOS,W,25.2,0.0,2.0,1.0,6.0,7.0,17.0,6.0,18.0,0.0,0.0,1.0,5.0,23.2,1,1,1,1,11495,12059,4731,9347,5299,12242,25429,13388,13577,8004,1,4972,1539,9630,1.0,25:15,2015,2016
2015-16,201571,D.J. Augustin,D.J.,1610612743,DEN,Denver Nuggets,21501125,2016-03-31T00:00:00,DEN @ NOP,L,28.9,3.0,0.0,0.0,4.0,7.0,8.0,6.0,28.0,0.0,1.0,2.0,2.0,25.2,1,13074,13074,13074,8490,4307,10158,9917,8599,12242,17345,13388,5824,8004,17214,11390,7786,8383,1.0,28:51,2015,2016
2015-16,201166,Aaron Brooks,Aaron,1610612741,CHI,Chicago Bulls,21501124,2016-03-31T00:00:00,CHI @ HOU,W,15.8,0.0,0.0,0.0,0.0,5.0,5.0,5.0,20.0,0.0,1.0,1.0,0.0,10.5,1,1,1,1,19160,12059,10158,9917,18861,8403,11469,11593,11929,8004,17214,4972,18762,18808,1.0,15:50,2015,2016
2015-16,203900,Markel Brown,Markel,1610612751,BKN,Brooklyn Nets,21501122,2016-03-31T00:00:00,BKN @ CLE,L,24.0,0.0,0.0,0.0,2.0,15.0,4.0,0.0,14.0,1.0,0.0,1.0,2.0,25.0,1,13074,13074,13074,12546,12059,10158,9917,12984,23079,8458,1,17019,2692,1,4972,7786,8485,1.0,24:01,2015,2016
2015-16,202696,Nikola Vučević,Nikola,1610612753,ORL,Orlando Magic,21501123,2016-03-31T00:00:00,ORL @ IND,W,25.4,4.0,0.0,0.0,8.0,5.0,3.0,7.0,16.0,1.0,0.0,1.0,1.0,34.7,1,1,1,1,11384,2460,10158,9917,3109,8403,7138,15538,15259,2692,1,4972,12373,3935,1.0,25:23,2015,2016
2015-16,203459,Allen Crabbe,Allen,1610612757,POR,Portland Trail Blazers,21501127,2016-03-31T00:00:00,POR vs. BOS,W,28.3,3.0,3.0,3.0,0.0,13.0,21.0,8.0,22.0,1.0,0.0,2.0,2.0,23.8,1,1,1,1,9005,4307,3104,3302,18861,21300,25962,17194,10265,2692,1,11390,7786,9261,1.0,28:18,2015,2016
2015-16,202706,Jordan Hamilton,Jordan,1610612740,NOP,New Orleans Pelicans,21501125,2016-03-31T00:00:00,NOP vs. DEN,W,32.4,0.0,2.0,3.0,8.0,14.0,0.0,7.0,24.0,1.0,0.0,2.0,0.0,33.4,1,1,1,1,5583,12059,4731,3302,3109,22292,1,15538,8723,2692,1,11390,18762,4384,1.0,32:23,2015,2016
2015-16,202684,Tristan Thompson,Tristan,1610612739,CLE,Cleveland Cavaliers,21501122,2016-03-31T00:00:00,CLE vs. BKN,W,23.8,0.0,2.0,0.0,4.0,8.0,8.0,12.0,26.0,1.0,0.0,1.0,1.0,19.2,1,1,1,1,12728,12059,4731,9917,8599,13914,17345,22259,7214,2692,1,4972,12373,12284,1.0,23:49,2015,2016
2015-16,201152,Thaddeus Young,Thaddeus,1610612751,BKN,Brooklyn Nets,21501122,2016-03-31T00:00:00,BKN @ CLE,L,27.8,2.0,2.0,2.0,14.0,21.0,6.0,5.0,32.0,0.0,0.0,2.0,0.0,25.6,1,13074,13074,13074,9366,6026,4731,4675,542,25535,13237,11593,3535,8004,1,11390,18762,8157,1.0,27:49,2015,2016
2015-16,201967,Dante Cunningham,Dante,1610612740,NOP,New Orleans Pelicans,21501125,2016-03-31T00:00:00,NOP vs. DEN,W,36.8,0.0,0.0,4.0,4.0,11.0,6.0,6.0,28.0,1.0,0.0,2.0,1.0,19.4,1,1,1,1,2204,12059,10158,1913,8599,18886,13237,13388,5824,2692,1,11390,12373,12154,1.0,36:49,2015,2016
2015-16,201943,Brandon Jennings,Brandon,1610612753,ORL,Orlando Magic,21501123,2016-03-31T00:00:00,ORL @ IND,W,18.5,2.0,0.0,0.0,2.0,2.0,4.0,2.0,14.0,1.0,0.0,1.0,3.0,18.9,1,1,1,1,17099,6026,10158,9917,12984,2619,8458,4025,17019,2692,1,4972,4736,12513,1.0,18:29,2015,2016
2015-16,201582,Alexis Ajinca,Alexis,1610612740,NOP,New Orleans Pelicans,21501125,2016-03-31T00:00:00,NOP vs. DEN,W,15.5,2.0,0.0,0.0,6.0,9.0,0.0,2.0,12.0,1.0,0.0,2.0,0.0,23.6,1,1,1,1,19386,6026,10158,9917,5299,15771,1,4025,18637,2692,1,11390,18762,9377,1.0,15:32,2015,2016
2015-16,202730,Lavoy Allen,Lavoy,1610612754,IND,Indiana Pacers,21501123,2016-03-31T00:00:00,IND vs. ORL,L,23.7,0.0,7.0,0.0,8.0,15.0,4.0,6.0,30.0,0.0,0.0,1.0,3.0,34.2,1,13074,13074,13074,12788,12059,292,9917,3109,23079,8458,13388,4541,8004,1,4972,4736,4092,1.0,23:44,2015,2016
2015-16,201563,Michael Beasley,Michael,1610612745,HOU,Houston Rockets,21501124,2016-03-31T00:00:00,HOU vs. CHI,L,30.9,2.0,4.0,4.0,12.0,5.0,6.0,5.0,28.0,0.0,1.0,3.0,5.0,34.2,1,13074,13074,13074,6816,6026,1596,1913,988,8403,13237,11593,5824,8004,17214,17641,1539,4092,1.0,30:53,2015,2016
2015-16,1626191,Chris McCullough,Chris,1610612751,BKN,Brooklyn Nets,21501122,2016-03-31T00:00:00,BKN @ CLE,L,20.2,2.0,4.0,0.0,4.0,7.0,4.0,0.0,10.0,1.0,0.0,4.0,1.0,23.7,1,13074,13074,13074,15747,6026,1596,9917,8599,12242,8458,1,20209,2692,1,22104,12373,9329,1.0,20:11,2015,2016
2015-16,203932,Aaron Gordon,Aaron,1610612753,ORL,Orlando Magic,21501123,2016-03-31T00:00:00,ORL @ IND,W,19.7,0.0,2.0,0.0,4.0,15.0,13.0,8.0,22.0,1.0,1.0,1.0,1.0,16.3,1,1,1,1,16171,12059,4731,9917,8599,23079,23668,17194,10265,2692,17214,4972,12373,14372,1.0,19:41,2015,2016
2015-16,203482,Kelly Olynyk,Kelly,1610612738,BOS,Boston Celtics,21501127,2016-03-31T00:00:00,BOS @ POR,L,17.5,2.0,3.0,2.0,2.0,5.0,11.0,8.0,12.0,1.0,2.0,1.0,1.0,12.5,1,13074,13074,13074,17902,6026,3104,4675,12984,8403,21814,17194,18637,2692,23588,4972,12373,17372,1.0,17:29,2015,2016
2015-16,203115,Will Barton,Will,1610612743,DEN,Denver Nuggets,21501125,2016-03-31T00:00:00,DEN @ NOP,L,30.3,2.0,0.0,0.0,0.0,7.0,11.0,6.0,32.0,1.0,1.0,2.0,4.0,18.6,1,13074,13074,13074,7284,6026,10158,9917,18861,12242,21814,13388,3535,2692,17214,11390,2748,12715,1.0,30:16,2015,2016
2015-16,101145,Monta Ellis,Monta,1610612754,IND,Indiana Pacers,21501123,2016-03-31T00:00:00,IND vs. ORL,L,27.7,0.0,2.0,2.0,6.0,15.0,13.0,8.0,44.0,1.0,0.0,1.0,1.0,16.1,1,13074,13074,13074,9430,12059,4731,4675,5299,23079,23668,17194,454,2692,1,4972,12373,14515,1.0,27:44,2015,2016
2015-16,203530,Joffrey Lauvergne,Joffrey,1610612743,DEN,Denver Nuggets,21501125,2016-03-31T00:00:00,DEN @ NOP,L,10.7,2.0,0.0,0.0,2.0,2.0,3.0,2.0,16.0,0.0,0.0,0.0,0.0,3.0,1,13074,13074,13074,22147,6026,10158,9917,12984,2619,7138,4025,15259,8004,1,1,18762,23648,1.0,10:43,2015,2016
2015-16,1626167,Myles Turner,Myles,1610612754,IND,Indiana Pacers,21501123,2016-03-31T00:00:00,IND vs. ORL,L,24.3,2.0,2.0,0.0,4.0,10.0,11.0,6.0,26.0,1.0,1.0,1.0,1.0,21.6,1,13074,13074,13074,12335,6026,4731,9917,8599,17370,21814,13388,7214,2692,17214,4972,12373,10666,1.0,24:16,2015,2016
2015-16,201588,George Hill,George,1610612754,IND,Indiana Pacers,21501123,2016-03-31T00:00:00,IND vs. ORL,L,26.8,1.0,5.0,1.0,2.0,15.0,13.0,8.0,42.0,0.0,0.0,2.0,1.0,16.4,1,13074,13074,13074,10155,11535,995,9347,12984,23079,23668,17194,670,8004,1,11390,12373,14289,1.0,26:50,2015,2016
2015-16,203200,Justin Holiday,Justin,1610612741,CHI,Chicago Bulls,21501124,2016-03-31T00:00:00,CHI @ HOU,W,10.1,0.0,0.0,0.0,2.0,5.0,4.0,5.0,6.0,0.0,0.0,0.0,2.0,16.1,1,1,1,1,22414,12059,10158,9917,12984,8403,8458,11593,22724,8004,1,1,7786,14515,1.0,10:03,2015,2016
2015-16,202734,E'Twaun Moore,E'Twaun,1610612741,CHI,Chicago Bulls,21501124,2016-03-31T00:00:00,CHI @ HOU,W,22.2,0.0,2.0,0.0,2.0,7.0,10.0,8.0,22.0,0.0,3.0,4.0,2.0,16.4,1,1,1,1,14047,12059,4731,9917,12984,12242,20509,17194,10265,8004,25441,22104,7786,14289,1.0,22:10,2015,2016
2015-16,1626253,Axel Toupane,Axel,1610612743,DEN,Denver Nuggets,21501125,2016-03-31T00:00:00,DEN @ NOP,L,15.5,0.0,0.0,0.0,2.0,2.0,5.0,0.0,16.0,0.0,0.0,2.0,0.0,7.6,1,13074,13074,13074,19400,12059,10158,9917,12984,2619,11469,1,15259,8004,1,11390,18762,20803,1.0,15:31,2015,2016
2015-16,203960,JaKarr Sampson,JaKarr,1610612743,DEN,Denver Nuggets,21501125,2016-03-31T00:00:00,DEN @ NOP,L,21.3,0.0,0.0,0.0,2.0,3.0,3.0,5.0,14.0,4.0,0.0,1.0,0.0,18.4,1,13074,13074,13074,14743,12059,10158,9917,12984,5109,7138,11593,17019,132,1,4972,18762,12854,1.0,21:20,2015,2016
2015-16,201973,Jonas Jerebko,Jonas,1610612738,BOS,Boston Celtics,21501127,2016-03-31T00:00:00,BOS @ POR,L,12.3,0.0,0.0,0.0,2.0,0.0,5.0,0.0,6.0,0.0,0.0,0.0,2.0,7.6,1,13074,13074,13074,21400,12059,10158,9917,12984,1,11469,1,22724,8004,1,1,7786,20803,1.0,12:16,2015,2016
2015-16,202713,Kyle Singler,Kyle,1610612760,OKC,Oklahoma City Thunder,21501126,2016-03-31T00:00:00,OKC vs. LAC,W,16.5,2.0,0.0,0.0,2.0,11.0,2.0,12.0,20.0,0.0,0.0,1.0,1.0,12.6,1,1,1,1,18690,6026,10158,9917,12984,18886,3734,22259,11929,8004,1,4972,12373,17277,1.0,16:27,2015,2016
2015-16,2747,JR Smith,JR,1610612739,CLE,Cleveland Cavaliers,21501122,2016-03-31T00:00:00,CLE vs. BKN,W,24.9,0.0,0.0,0.0,2.0,3.0,3.0,11.0,22.0,0.0,0.0,2.0,0.0,21.1,1,1,1,1,11762,12059,10158,9917,12984,5109,7138,21342,10265,8004,1,11390,18762,11012,1.0,24:53,2015,2016
2015-16,203943,Noah Vonleh,Noah,1610612757,POR,Portland Trail Blazers,21501127,2016-03-31T00:00:00,POR vs. BOS,W,9.1,0.0,0.0,0.0,4.0,9.0,8.0,6.0,10.0,1.0,0.0,1.0,0.0,16.6,1,1,1,1,22801,12059,10158,9917,8599,15771,17345,13388,20209,2692,1,4972,18762,14125,1.0,9:06,2015,2016
2015-16,203930,Sean Kilpatrick,Sean,1610612751,BKN,Brooklyn Nets,21501122,2016-03-31T00:00:00,BKN @ CLE,L,21.0,2.0,0.0,4.0,2.0,12.0,4.0,0.0,18.0,0.0,0.0,2.0,0.0,8.2,1,13074,13074,13074,15039,6026,10158,1913,12984,20178,8458,1,13577,8004,1,11390,18762,20416,1.0,21:01,2015,2016
2015-16,203524,Solomon Hill,Solomon,1610612754,IND,Indiana Pacers,21501123,2016-03-31T00:00:00,IND vs. ORL,L,2.3,0.0,0.0,0.0,2.0,2.0,0.0,0.0,0.0,0.0,0.0,1.0,0.0,2.0,1,13074,13074,13074,25421,12059,10158,9917,12984,2619,1,1,25429,8004,1,4972,18762,24216,1.0,2:17,2015,2016
2015-16,201951,Ty Lawson,Ty,1610612754,IND,Indiana Pacers,21501123,2016-03-31T00:00:00,IND vs. ORL,L,20.2,0.0,0.0,0.0,2.0,8.0,2.0,4.0,14.0,1.0,1.0,2.0,1.0,16.3,1,13074,13074,13074,15729,12059,10158,9917,12984,13914,3734,8806,17019,2692,17214,11390,12373,14372,1.0,20:12,2015,2016
2015-16,1626209,Mario Hezonja,Mario,1610612753,ORL,Orlando Magic,21501123,2016-03-31T00:00:00,ORL @ IND,W,15.3,2.0,0.0,0.0,0.0,2.0,6.0,2.0,12.0,1.0,0.0,3.0,1.0,8.1,1,1,1,1,19590,6026,10158,9917,18861,2619,13237,4025,18637,2692,1,17641,12373,20521,1.0,15:15,2015,2016
2015-16,203081,Damian Lillard,Damian,1610612757,POR,Portland Trail Blazers,21501127,2016-03-31T00:00:00,POR vs. BOS,W,36.2,0.0,0.0,2.0,0.0,16.0,21.0,16.0,26.0,1.0,2.0,1.0,7.0,21.2,1,1,1,1,2604,12059,10158,4675,18861,23774,25962,24641,7214,2692,23588,4972,469,10936,1.0,36:13,2015,2016
2015-16,201601,Luc Mbah a Moute,Luc,1610612746,LAC,LA Clippers,21501126,2016-03-31T00:00:00,LAC @ OKC,L,13.3,3.0,0.0,0.0,2.0,6.0,5.0,6.0,12.0,0.0,0.0,1.0,0.0,6.5,1,13074,13074,13074,20817,4307,10158,9917,12984,10028,11469,13388,18637,8004,1,4972,18762,21519,1.0,13:17,2015,2016
2015-16,201600,Omer Asik,Omer,1610612740,NOP,New Orleans Pelicans,21501125,2016-03-31T00:00:00,NOP vs. DEN,W,15.0,0.0,0.0,0.0,0.0,5.0,0.0,5.0,14.0,0.0,0.0,0.0,0.0,6.3,1,1,1,1,19742,12059,10158,9917,18861,8403,1,11593,17019,8004,1,1,18762,21682,1.0,15:01,2015,2016
2015-16,2590,Mo Williams,Mo,1610612739,CLE,Cleveland Cavaliers,21501122,2016-03-31T00:00:00,CLE vs. BKN,W,9.1,0.0,0.0,0.0,0.0,4.0,0.0,9.0,8.0,0.0,1.0,0.0,0.0,5.7,1,1,1,1,22801,12059,10158,9917,18861,6141,1,18829,21543,8004,17214,1,18762,22054,1.0,9:06,2015,2016
2015-16,201228,C.J. Watson,C.J.,1610612753,ORL,Orlando Magic,21501123,2016-03-31T00:00:00,ORL @ IND,W,9.1,0.0,0.0,0.0,0.0,0.0,4.0,0.0,12.0,0.0,0.0,0.0,0.0,1.2,1,1,1,1,22794,12059,10158,9917,18861,1,8458,1,18637,8004,1,1,18762,24661,1.0,9:07,2015,2016
2015-16,201160,Jason Smith,Jason,1610612753,ORL,Orlando Magic,21501123,2016-03-31T00:00:00,ORL @ IND,W,8.1,0.0,2.0,0.0,2.0,0.0,2.0,0.0,8.0,0.0,0.0,0.0,0.0,11.1,1,1,1,1,23157,12059,4731,9917,12984,1,3734,1,21543,8004,1,1,18762,18370,1.0,8:05,2015,2016
2015-16,2734,Devin Harris,Devin,1610612742,DAL,Dallas Mavericks,21501117,2016-03-30T00:00:00,DAL vs. NYK,W,25.1,0.0,0.0,0.0,2.0,6.0,2.0,7.0,20.0,0.0,0.0,0.0,1.0,5.5,1,1,1,1,11570,12059,10158,9917,12984,10028,3734,15538,11929,8004,1,1,12373,22196,1.0,25:09,2015,2016
2015-16,203085,Austin Rivers,Austin,1610612746,LAC,LA Clippers,21501116,2016-03-30T00:00:00,LAC @ MIN,W,14.5,5.0,0.0,0.0,4.0,2.0,9.0,2.0,12.0,0.0,0.0,3.0,0.0,11.2,1,1,1,1,20088,1603,10158,9917,8599,2619,19144,4025,18637,8004,1,17641,18762,18267,1.0,14:31,2015,2016
2015-16,200757,Thabo Sefolosha,Thabo,1610612737,ATL,Atlanta Hawks,21501113,2016-03-30T00:00:00,ATL @ TOR,L,12.0,0.0,0.0,0.0,0.0,2.0,8.0,4.0,10.0,0.0,0.0,2.0,1.0,1.5,1,13074,13074,13074,21510,12059,10158,9917,18861,2619,17345,8806,20209,8004,1,11390,12373,24473,1.0,12:02,2015,2016
2015-16,2570,Kendrick Perkins,Kendrick,1610612740,NOP,New Orleans Pelicans,21501118,2016-03-30T00:00:00,NOP @ SAS,L,18.5,0.0,0.0,0.0,2.0,9.0,0.0,2.0,18.0,0.0,0.0,2.0,0.0,5.8,1,13074,13074,13074,17094,12059,10158,9917,12984,15771,1,4025,13577,8004,1,11390,18762,22018,1.0,18:30,2015,2016
2015-16,1626246,Boban Marjanović,Boban,1610612759,SAS,San Antonio Spurs,21501118,2016-03-30T00:00:00,SAS vs. NOP,W,8.7,0.0,4.0,0.0,4.0,9.0,0.0,2.0,6.0,0.0,0.0,2.0,0.0,5.6,1,1,1,1,22950,12059,1596,9917,8599,15771,1,4025,22724,8004,1,11390,18762,22133,1.0,8:43,2015,2016
2015-16,203952,Andrew Wiggins,Andrew,1610612750,MIN,Minnesota Timberwolves,21501116,2016-03-30T00:00:00,MIN vs. LAC,L,24.5,0.0,3.0,0.0,4.0,14.0,0.0,14.0,22.0,0.0,0.0,3.0,1.0,5.5,1,13074,13074,13074,12133,12059,3104,9917,8599,22292,1,23710,10265,8004,1,17641,12373,22196,1.0,24:29,2015,2016
2015-16,1626196,Josh Richardson,Josh,1610612748,MIA,Miami Heat,21501121,2016-03-30T00:00:00,MIA @ LAL,L,29.4,0.0,0.0,0.0,0.0,20.0,13.0,1.0,24.0,0.0,2.0,2.0,3.0,11.1,1,13074,13074,13074,8086,12059,10158,9917,18861,25338,23668,3646,8723,8004,23588,11390,4736,18370,1.0,29:21,2015,2016
2015-16,203546,Ian Clark,Ian,1610612744,GSW,Golden State Warriors,21501119,2016-03-30T00:00:00,GSW @ UTA,W,9.4,3.0,0.0,0.0,2.0,3.0,4.0,1.0,8.0,0.0,0.0,1.0,0.0,6.2,1,1,1,1,22682,4307,10158,9917,12984,5109,8458,3646,21543,8004,1,4972,18762,21696,1.0,9:22,2015,2016
2015-16,2405,Amar'e Stoudemire,Amar'e,1610612748,MIA,Miami Heat,21501121,2016-03-30T00:00:00,MIA @ LAL,L,14.2,0.0,2.0,0.0,4.0,8.0,4.0,4.0,8.0,1.0,0.0,3.0,0.0,10.6,1,13074,13074,13074,20269,12059,4731,9917,8599,13914,8458,8806,21543,2692,1,17641,18762,18723,1.0,14:13,2015,2016
2015-16,2564,Boris Diaw,Boris,1610612759,SAS,San Antonio Spurs,21501118,2016-03-30T00:00:00,SAS vs. NOP,W,15.9,2.0,0.0,0.0,4.0,9.0,2.0,4.0,12.0,0.0,0.0,0.0,2.0,10.7,1,1,1,1,19125,6026,10158,9917,8599,15771,3734,8806,18637,8004,1,1,7786,18636,1.0,15:53,2015,2016
2015-16,203098,John Jenkins,John,1610612756,PHX,Phoenix Suns,21501115,2016-03-30T00:00:00,PHX @ MIL,L,8.6,2.0,0.0,0.0,2.0,5.0,3.0,2.0,8.0,0.0,0.0,0.0,0.0,6.2,1,13074,13074,13074,23000,6026,10158,9917,12984,8403,7138,4025,21543,8004,1,1,18762,21696,1.0,8:36,2015,2016
2015-16,2594,Kyle Korver,Kyle,1610612737,ATL,Atlanta Hawks,21501113,2016-03-30T00:00:00,ATL @ TOR,L,23.5,0.0,0.0,0.0,0.0,18.0,2.0,10.0,16.0,0.0,0.0,1.0,1.0,10.5,1,13074,13074,13074,12945,12059,10158,9917,18861,24749,3734,20169,15259,8004,1,4972,12373,18808,1.0,23:33,2015,2016
2015-16,2588,Matt Bonner,Matt,1610612759,SAS,San Antonio Spurs,21501118,2016-03-30T00:00:00,SAS vs. NOP,W,5.9,0.0,0.0,0.0,2.0,3.0,0.0,2.0,4.0,0.0,0.0,0.0,1.0,2.0,1,1,1,1,24009,12059,10158,9917,12984,5109,1,4025,23698,8004,1,1,12373,24216,1.0,5:54,2015,2016
2015-16,203462,Archie Goodwin,Archie,1610612756,PHX,Phoenix Suns,21501115,2016-03-30T00:00:00,PHX @ MIL,L,4.5,0.0,0.0,0.0,0.0,3.0,3.0,0.0,2.0,0.0,0.0,1.0,1.0,1.2,1,13074,13074,13074,24553,12059,10158,9917,18861,5109,7138,1,24614,8004,1,4972,12373,24661,1.0,4:29,2015,2016
2015-16,203463,Ben McLemore,Ben,1610612758,SAC,Sacramento Kings,21501120,2016-03-30T00:00:00,SAC vs. WAS,W,14.2,3.0,0.0,0.0,0.0,6.0,0.0,5.0,18.0,0.0,1.0,2.0,0.0,6.2,1,1,1,1,20306,4307,10158,9917,18861,10028,1,11593,13577,8004,17214,11390,18762,21696,1.0,14:10,2015,2016
2015-16,203143,Pablo Prigioni,Pablo,1610612746,LAC,LA Clippers,21501116,2016-03-30T00:00:00,LAC @ MIN,W,17.5,0.0,0.0,0.0,0.0,2.0,9.0,6.0,18.0,0.0,0.0,0.0,1.0,6.2,1,1,1,1,17904,12059,10158,9917,18861,2619,19144,13388,13577,8004,1,1,12373,21696,1.0,17:29,2015,2016
2015-16,200797,Ryan Hollins,Ryan,1610612763,MEM,Memphis Grizzlies,21501114,2016-03-30T00:00:00,MEM vs. DEN,L,4.8,0.0,0.0,0.0,2.0,0.0,0.0,1.0,4.0,0.0,0.0,0.0,0.0,4.4,1,13074,13074,13074,24417,12059,10158,9917,12984,1,1,3646,23698,8004,1,1,18762,22837,1.0,4:51,2015,2016
2015-16,202962,Greg Smith,Greg,1610612750,MIN,Minnesota Timberwolves,21501116,2016-03-30T00:00:00,MIN vs. LAC,L,16.8,0.0,1.0,0.0,0.0,4.0,0.0,0.0,10.0,0.0,0.0,0.0,3.0,7.2,1,13074,13074,13074,18415,12059,9709,9917,18861,6141,1,1,20209,8004,1,1,4736,21035,1.0,16:48,2015,2016
2015-16,201573,Jerryd Bayless,Jerryd,1610612749,MIL,Milwaukee Bucks,21501115,2016-03-30T00:00:00,MIL vs. PHX,W,12.1,0.0,0.0,0.0,0.0,5.0,7.0,2.0,16.0,0.0,0.0,0.0,0.0,6.7,1,1,1,1,21490,12059,10158,9917,18861,8403,15642,4025,15259,8004,1,1,18762,21376,1.0,12:04,2015,2016
2015-16,203526,Raul Neto,Raul,1610612762,UTA,Utah Jazz,21501119,2016-03-30T00:00:00,UTA vs. GSW,L,12.2,3.0,2.0,0.0,0.0,4.0,2.0,2.0,6.0,0.0,1.0,1.0,3.0,5.2,1,13074,13074,13074,21418,4307,4731,9917,18861,6141,3734,4025,22724,8004,17214,4972,4736,22370,1.0,12:14,2015,2016
2015-16,2419,Tayshaun Prince,Tayshaun,1610612750,MIN,Minnesota Timberwolves,21501116,2016-03-30T00:00:00,MIN vs. LAC,L,19.8,0.0,2.0,0.0,2.0,5.0,0.0,5.0,20.0,0.0,0.0,0.0,0.0,9.4,1,13074,13074,13074,16080,12059,4731,9917,12984,8403,1,11593,11929,8004,1,1,18762,19568,1.0,19:48,2015,2016
2015-16,201167,Arron Afflalo,Arron,1610612752,NYK,New York Knicks,21501117,2016-03-30T00:00:00,NYK @ DAL,L,31.3,1.0,0.0,0.0,2.0,6.0,7.0,11.0,30.0,0.0,0.0,3.0,1.0,6.6,1,13074,13074,13074,6514,11535,10158,9917,12984,10028,15642,21342,4541,8004,1,17641,12373,21445,1.0,31:15,2015,2016
2015-16,203939,Dwight Powell,Dwight,1610612742,DAL,Dallas Mavericks,21501117,2016-03-30T00:00:00,DAL vs. NYK,W,17.8,2.0,0.0,0.0,2.0,10.0,6.0,13.0,14.0,0.0,0.0,1.0,0.0,7.3,1,1,1,1,17684,6026,10158,9917,12984,17370,13237,23048,17019,8004,1,4972,18762,21024,1.0,17:47,2015,2016
2015-16,204060,Joe Ingles,Joe,1610612762,UTA,Utah Jazz,21501119,2016-03-30T00:00:00,UTA vs. GSW,L,31.2,0.0,0.0,0.0,0.0,16.0,9.0,12.0,18.0,0.0,0.0,1.0,0.0,9.4,1,13074,13074,13074,6567,12059,10158,9917,18861,23774,19144,22259,13577,8004,1,4972,18762,19568,1.0,31:11,2015,2016
2015-16,203613,Jonathon Simmons,Jonathon,1610612759,SAS,San Antonio Spurs,21501118,2016-03-30T00:00:00,SAS vs. NOP,W,11.0,0.0,0.0,0.0,0.0,6.0,4.0,0.0,16.0,0.0,0.0,1.0,0.0,0.5,1,1,1,1,22056,12059,10158,9917,18861,10028,8458,1,15259,8004,1,4972,18762,25056,1.0,10:57,2015,2016
2015-16,201578,Marreese Speights,Marreese,1610612744,GSW,Golden State Warriors,21501119,2016-03-30T00:00:00,GSW @ UTA,W,12.0,0.0,2.0,0.0,2.0,3.0,7.0,2.0,10.0,1.0,0.0,3.0,2.0,5.2,1,1,1,1,21529,12059,4731,9917,12984,5109,15642,4025,20209,2692,1,17641,7786,22370,1.0,12:00,2015,2016
2015-16,203492,Ray McCallum,Ray,1610612763,MEM,Memphis Grizzlies,21501114,2016-03-30T00:00:00,MEM vs. DEN,L,7.3,0.0,0.0,1.0,0.0,2.0,0.0,3.0,10.0,0.0,1.0,0.0,1.0,5.2,1,13074,13074,13074,23481,12059,10158,9347,18861,2619,1,7328,20209,8004,17214,1,12373,22370,1.0,7:15,2015,2016
2015-16,1626145,Tyus Jones,Tyus,1610612750,MIN,Minnesota Timberwolves,21501116,2016-03-30T00:00:00,MIN vs. LAC,L,22.8,0.0,0.0,0.0,2.0,5.0,0.0,5.0,20.0,0.0,0.0,3.0,0.0,5.0,1,13074,13074,13074,13515,12059,10158,9917,12984,8403,1,11593,11929,8004,1,17641,18762,22500,1.0,22:49,2015,2016
2015-16,201196,Ramon Sessions,Ramon,1610612764,WAS,Washington Wizards,21501120,2016-03-30T00:00:00,WAS @ SAC,L,9.3,0.0,0.0,2.0,2.0,3.0,2.0,2.0,14.0,0.0,0.0,2.0,0.0,-1.0,1,13074,13074,13074,22715,12059,10158,4675,12984,5109,3734,4025,17019,8004,1,11390,18762,25932,1.0,9:18,2015,2016
2015-16,201575,Brandon Rush,Brandon,1610612744,GSW,Golden State Warriors,21501119,2016-03-30T00:00:00,GSW @ UTA,W,8.7,0.0,0.0,0.0,0.0,5.0,5.0,2.0,10.0,0.0,0.0,0.0,1.0,0.2,1,1,1,1,22968,12059,10158,9917,18861,8403,11469,4025,20209,8004,1,1,12373,25103,1.0,8:41,2015,2016
2015-16,201978,Chase Budinger,Chase,1610612756,PHX,Phoenix Suns,21501115,2016-03-30T00:00:00,PHX @ MIL,L,8.5,0.0,0.0,0.0,0.0,4.0,2.0,4.0,10.0,0.0,0.0,0.0,0.0,-1.0,1,13074,13074,13074,23015,12059,10158,9917,18861,6141,3734,8806,20209,8004,1,1,18762,25932,1.0,8:32,2015,2016
2015-16,101181,Jose Calderon,Jose,1610612752,NYK,New York Knicks,21501117,2016-03-30T00:00:00,NYK @ DAL,L,9.7,0.0,0.0,0.0,0.0,2.0,2.0,2.0,8.0,0.0,0.0,1.0,0.0,3.9,1,13074,13074,13074,22557,12059,10158,9917,18861,2619,3734,4025,21543,8004,1,4972,18762,23225,1.0,9:42,2015,2016
2015-16,2743,Kris Humphries,Kris,1610612737,ATL,Atlanta Hawks,21501113,2016-03-30T00:00:00,ATL @ TOR,L,14.5,0.0,0.0,0.0,0.0,11.0,8.0,4.0,10.0,0.0,0.0,4.0,1.0,4.9,1,13074,13074,13074,20133,12059,10158,9917,18861,18886,17345,8806,20209,8004,1,22104,12373,22621,1.0,14:27,2015,2016
2015-16,201585,Kosta Koufos,Kosta,1610612758,SAC,Sacramento Kings,21501120,2016-03-30T00:00:00,SAC vs. WAS,W,15.7,3.0,0.0,0.0,10.0,3.0,5.0,7.0,12.0,0.0,0.0,1.0,2.0,13.4,1,1,1,1,19306,4307,10158,9917,1840,5109,11469,15538,18637,8004,1,4972,7786,16614,1.0,15:39,2015,2016
2015-16,202337,Luke Babbitt,Luke,1610612740,NOP,New Orleans Pelicans,21501118,2016-03-30T00:00:00,NOP @ SAS,L,19.3,2.0,2.0,2.0,4.0,8.0,5.0,0.0,14.0,0.0,1.0,2.0,3.0,13.4,1,13074,13074,13074,16433,6026,4731,4675,8599,13914,11469,1,17019,8004,17214,11390,4736,16614,1.0,19:20,2015,2016
2015-16,203552,Seth Curry,Seth,1610612758,SAC,Sacramento Kings,21501120,2016-03-30T00:00:00,SAC vs. WAS,W,17.1,2.0,0.0,2.0,2.0,12.0,4.0,10.0,16.0,0.0,0.0,2.0,0.0,5.0,1,1,1,1,18172,6026,10158,4675,12984,20178,8458,20169,15259,8004,1,11390,18762,22500,1.0,17:09,2015,2016
2015-16,201574,Jason Thompson,Jason,1610612761,TOR,Toronto Raptors,21501113,2016-03-30T00:00:00,TOR vs. ATL,W,15.2,0.0,2.0,0.0,2.0,5.0,0.0,0.0,10.0,1.0,0.0,3.0,1.0,8.6,1,1,1,1,19608,12059,4731,9917,12984,8403,1,1,20209,2692,1,17641,12373,20125,1.0,15:13,2015,2016
2015-16,2755,Kevin Martin,Kevin,1610612759,SAS,San Antonio Spurs,21501118,2016-03-30T00:00:00,SAS vs. NOP,W,13.7,0.0,0.0,0.0,2.0,6.0,2.0,4.0,12.0,0.0,0.0,0.0,0.0,7.1,1,1,1,1,20566,12059,10158,9917,12984,10028,3734,8806,18637,8004,1,1,18762,21141,1.0,13:45,2015,2016
2015-16,1626173,Rashad Vaughn,Rashad,1610612749,MIL,Milwaukee Bucks,21501115,2016-03-30T00:00:00,MIL vs. PHX,W,25.8,2.0,0.0,2.0,2.0,12.0,9.0,4.0,26.0,1.0,0.0,1.0,0.0,21.7,1,1,1,1,11011,6026,10158,4675,12984,20178,19144,8806,7214,2692,1,4972,18762,10592,1.0,25:48,2015,2016
2015-16,977,Kobe Bryant,Kobe,1610612747,LAL,Los Angeles Lakers,21501121,2016-03-30T00:00:00,LAL vs. MIA,W,8.7,0.0,0.0,0.0,0.0,4.0,6.0,8.0,18.0,0.0,2.0,0.0,0.0,3.4,1,1,1,1,22945,12059,10158,9917,18861,6141,13237,17194,13577,8004,23588,1,18762,23417,1.0,8:44,2015,2016
2015-16,2034,Mike Miller,Mike,1610612743,DEN,Denver Nuggets,21501114,2016-03-30T00:00:00,DEN @ MEM,W,0.0,0.0,0.0,0.0,0.0,0.0,0.0,0.0,0.0,0.0,0.0,0.0,0.0,0.0,1,1,1,1,26070,12059,10158,9917,18861,1,1,1,25429,8004,1,1,18762,25170,1.0,0:01,2015,2016
2015-16,201965,Jeff Ayres,Jeff,1610612746,LAC,LA Clippers,21501116,2016-03-30T00:00:00,LAC @ MIN,W,6.3,0.0,0.0,0.0,2.0,0.0,0.0,4.0,6.0,0.0,0.0,2.0,0.0,3.2,1,1,1,1,23826,12059,10158,9917,12984,1,1,8806,22724,8004,1,11390,18762,23473,1.0,6:19,2015,2016
2015-16,202326,DeMarcus Cousins,DeMarcus,1610612758,SAC,Sacramento Kings,21501120,2016-03-30T00:00:00,SAC vs. WAS,W,32.3,0.0,2.0,0.0,14.0,17.0,6.0,20.0,36.0,4.0,1.0,3.0,8.0,69.0,1,1,1,1,5613,12059,4731,9917,542,24337,13237,25599,1943,132,17214,17641,254,54,1.0,32:21,2015,2016
2015-16,202714,Shelvin Mack,Shelvin,1610612762,UTA,Utah Jazz,21501119,2016-03-30T00:00:00,UTA vs. GSW,L,40.8,3.0,1.0,0.0,6.0,14.0,9.0,15.0,28.0,0.0,2.0,5.0,2.0,35.7,1,13074,13074,13074,538,4307,9709,9917,5299,22292,19144,24242,5824,8004,23588,24686,7786,3578,1.0,40:46,2015,2016
2015-16,2548,Dwyane Wade,Dwyane,1610612748,MIA,Miami Heat,21501121,2016-03-30T00:00:00,MIA @ LAL,L,38.6,8.0,4.0,8.0,16.0,17.0,8.0,8.0,24.0,2.0,0.0,2.0,2.0,47.5,1,13074,13074,13074,1225,308,1596,280,275,24337,17345,17194,8723,932,1,11390,7786,1015,1.0,38:35,2015,2016
2015-16,203999,Nikola Jokić,Nikola,1610612743,DEN,Denver Nuggets,21501114,2016-03-30T00:00:00,DEN @ MEM,W,28.7,3.0,2.0,0.0,4.0,11.0,10.0,6.0,32.0,1.0,0.0,5.0,0.0,29.3,1,1,1,1,8667,4307,4731,9917,8599,18886,20509,13388,3535,2692,1,24686,18762,6202,1.0,28:41,2015,2016
2015-16,201954,Darren Collison,Darren,1610612758,SAC,Sacramento Kings,21501120,2016-03-30T00:00:00,SAC vs. WAS,W,31.0,2.0,0.0,4.0,2.0,11.0,7.0,17.0,32.0,1.0,0.0,1.0,1.0,36.8,1,1,1,1,6743,6026,10158,1913,12984,18886,15642,24967,3535,2692,1,4972,12373,3241,1.0,30:58,2015,2016
2015-16,203897,Zach LaVine,Zach,1610612750,MIN,Minnesota Timberwolves,21501116,2016-03-30T00:00:00,MIN vs. LAC,L,22.2,0.0,0.0,0.0,0.0,14.0,0.0,14.0,22.0,0.0,1.0,0.0,0.0,7.4,1,13074,13074,13074,14020,12059,10158,9917,18861,22292,1,23710,10265,8004,17214,1,18762,20912,1.0,22:11,2015,2016
2015-16,201956,Omri Casspi,Omri,1610612758,SAC,Sacramento Kings,21501120,2016-03-30T00:00:00,SAC vs. WAS,W,26.2,4.0,2.0,6.0,8.0,11.0,5.0,15.0,30.0,0.0,1.0,2.0,2.0,24.1,1,1,1,1,10697,2460,4731,740,3109,18886,11469,24242,4541,8004,17214,11390,7786,9068,1.0,26:11,2015,2016
2015-16,1495,Tim Duncan,Tim,1610612759,SAS,San Antonio Spurs,21501118,2016-03-30T00:00:00,SAS vs. NOP,W,26.7,2.0,2.0,0.0,6.0,3.0,2.0,4.0,8.0,3.0,0.0,1.0,1.0,29.3,1,1,1,1,10272,6026,4731,9917,5299,5109,3734,8806,21543,347,1,4972,12373,6202,1.0,26:42,2015,2016
2015-16,2216,Zach Randolph,Zach,1610612763,MEM,Memphis Grizzlies,21501114,2016-03-30T00:00:00,MEM vs. DEN,L,33.5,7.0,6.0,2.0,16.0,7.0,5.0,12.0,24.0,0.0,2.0,0.0,5.0,36.2,1,13074,13074,13074,4717,548,481,4675,275,12242,11469,22259,8723,8004,23588,1,1539,3407,1.0,33:32,2015,2016
2015-16,203516,James Ennis III,James,1610612740,NOP,New Orleans Pelicans,21501118,2016-03-30T00:00:00,NOP @ SAS,L,24.1,3.0,2.0,0.0,2.0,12.0,9.0,2.0,26.0,0.0,2.0,2.0,1.0,24.0,1,13074,13074,13074,12453,4307,4731,9917,12984,20178,19144,4025,7214,8004,23588,11390,12373,9121,1.0,24:06,2015,2016
2015-16,200782,P.J. Tucker,P.J.,1610612756,PHX,Phoenix Suns,21501115,2016-03-30T00:00:00,PHX @ MIL,L,39.2,0.0,8.0,2.0,12.0,22.0,7.0,7.0,28.0,0.0,1.0,3.0,6.0,49.5,1,13074,13074,13074,982,12059,137,4675,988,25683,15642,15538,5824,8004,17214,17641,873,811,1.0,39:14,2015,2016
2015-16,1626144,Emmanuel Mudiay,Emmanuel,1610612743,DEN,Denver Nuggets,21501114,2016-03-30T00:00:00,DEN @ MEM,W,30.9,0.0,0.0,2.0,2.0,15.0,10.0,8.0,36.0,1.0,0.0,2.0,2.0,24.9,1,1,1,1,6818,12059,10158,4675,12984,23079,20509,17194,1943,2692,1,11390,7786,8553,1.0,30:53,2015,2016
2015-16,202691,Klay Thompson,Klay,1610612744,GSW,Golden State Warriors,21501119,2016-03-30T00:00:00,GSW @ UTA,W,38.8,2.0,5.0,5.0,4.0,13.0,14.0,1.0,28.0,0.0,0.0,1.0,2.0,24.3,1,1,1,1,1132,6026,995,1277,8599,21300,24300,3646,5824,8004,1,4972,7786,8939,1.0,38:50,2015,2016
2015-16,202355,Hassan Whiteside,Hassan,1610612748,MIA,Miami Heat,21501121,2016-03-30T00:00:00,MIA @ LAL,L,38.8,2.0,1.0,2.0,10.0,22.0,13.0,5.0,36.0,7.0,0.0,5.0,8.0,58.4,1,13074,13074,13074,1160,6026,9709,4675,1840,25683,23668,11593,1943,8,1,24686,254,257,1.0,38:45,2015,2016
2015-16,203944,Julius Randle,Julius,1610612747,LAL,Los Angeles Lakers,21501121,2016-03-30T00:00:00,LAL vs. MIA,W,38.9,6.0,2.0,4.0,6.0,14.0,8.0,18.0,44.0,0.0,1.0,5.0,3.0,36.3,1,1,1,1,1101,878,4731,1913,5299,22292,17345,25228,454,8004,17214,24686,4736,3380,1.0,38:56,2015,2016
2015-16,202695,Kawhi Leonard,Kawhi,1610612759,SAS,San Antonio Spurs,21501118,2016-03-30T00:00:00,SAS vs. NOP,W,22.2,4.0,0.0,4.0,0.0,2.0,2.0,2.0,8.0,2.0,0.0,1.0,4.0,44.2,1,1,1,1,14035,2460,10158,1913,18861,2619,3734,4025,21543,932,1,4972,2748,1515,1.0,22:10,2015,2016
2015-16,101108,Chris Paul,Chris,1610612746,LAC,LA Clippers,21501116,2016-03-30T00:00:00,LAC @ MIN,W,30.5,2.0,0.0,7.0,6.0,3.0,4.0,0.0,12.0,0.0,1.0,1.0,5.0,54.6,1,1,1,1,7090,6026,10158,454,5299,5109,8458,1,18637,8004,17214,4972,1539,413,1.0,30:31,2015,2016
2015-16,203458,Alex Len,Alex,1610612756,PHX,Phoenix Suns,21501115,2016-03-30T00:00:00,PHX @ MIL,L,39.1,6.0,3.0,2.0,10.0,22.0,7.0,7.0,28.0,2.0,2.0,5.0,4.0,46.5,1,13074,13074,13074,1040,878,3104,4675,1840,25683,15642,15538,5824,932,23588,24686,2748,1137,1.0,39:05,2015,2016
2015-16,203084,Harrison Barnes,Harrison,1610612744,GSW,Golden State Warriors,21501119,2016-03-30T00:00:00,GSW @ UTA,W,42.2,2.0,1.0,2.0,4.0,14.0,16.0,3.0,26.0,0.0,0.0,2.0,4.0,29.7,1,1,1,1,293,6026,9709,4675,8599,22292,25155,7328,7214,8004,1,11390,2748,6006,1.0,42:10,2015,2016
2015-16,202066,Garrett Temple,Garrett,1610612764,WAS,Washington Wizards,21501120,2016-03-30T00:00:00,WAS @ SAC,L,25.2,4.0,0.0,5.0,4.0,12.0,4.0,8.0,26.0,0.0,0.0,1.0,2.0,24.5,1,13074,13074,13074,11515,2460,10158,1277,8599,20178,8458,17194,7214,8004,1,4972,7786,8801,1.0,25:13,2015,2016
2015-16,202335,Patrick Patterson,Patrick,1610612761,TOR,Toronto Raptors,21501113,2016-03-30T00:00:00,TOR vs. ATL,W,32.8,0.0,3.0,0.0,2.0,7.0,9.0,8.0,24.0,0.0,0.0,1.0,2.0,23.9,1,1,1,1,5286,12059,3104,9917,12984,12242,19144,17194,8723,8004,1,4972,7786,9184,1.0,32:47,2015,2016
2015-16,203110,Draymond Green,Draymond,1610612744,GSW,Golden State Warriors,21501119,2016-03-30T00:00:00,GSW @ UTA,W,42.9,6.0,0.0,2.0,8.0,13.0,17.0,1.0,28.0,3.0,0.0,3.0,3.0,36.6,1,1,1,1,211,878,10158,4675,3109,21300,25429,3646,5824,347,1,17641,4736,3288,1.0,42:54,2015,2016
2015-16,203918,Rodney Hood,Rodney,1610612762,UTA,Utah Jazz,21501119,2016-03-30T00:00:00,UTA vs. GSW,L,38.9,3.0,5.0,0.0,2.0,13.0,6.0,12.0,32.0,0.0,0.0,2.0,2.0,29.2,1,13074,13074,13074,1123,4307,995,9917,12984,21300,13237,22259,3535,8004,1,11390,7786,6243,1.0,38:52,2015,2016
2015-16,201579,Roy Hibbert,Roy,1610612747,LAL,Los Angeles Lakers,21501121,2016-03-30T00:00:00,LAL vs. MIA,W,32.8,0.0,4.0,0.0,10.0,8.0,7.0,14.0,32.0,3.0,0.0,3.0,3.0,37.3,1,1,1,1,5270,12059,1596,9917,1840,13914,15642,23710,3535,347,1,17641,4736,3105,1.0,32:49,2015,2016
2015-16,203498,Shabazz Muhammad,Shabazz,1610612750,MIN,Minnesota Timberwolves,21501116,2016-03-30T00:00:00,MIN vs. LAC,L,26.1,0.0,4.0,2.0,8.0,5.0,0.0,5.0,22.0,0.0,4.0,2.0,4.0,24.6,1,13074,13074,13074,10752,12059,1596,4675,3109,8403,1,11593,10265,8004,25926,11390,2748,8724,1.0,26:07,2015,2016
2015-16,201988,Patty Mills,Patty,1610612759,SAS,San Antonio Spurs,21501118,2016-03-30T00:00:00,SAS vs. NOP,W,20.4,3.0,0.0,0.0,0.0,7.0,2.0,4.0,12.0,0.0,0.0,1.0,1.0,11.5,1,1,1,1,15591,4307,10158,9917,18861,12242,3734,8806,18637,8004,1,4972,12373,18079,1.0,20:22,2015,2016
2015-16,2546,Carmelo Anthony,Carmelo,1610612752,NYK,New York Knicks,21501117,2016-03-30T00:00:00,NYK @ DAL,L,33.7,5.0,6.0,3.0,0.0,11.0,5.0,5.0,24.0,0.0,0.0,2.0,4.0,46.4,1,13074,13074,13074,4617,1603,481,3302,18861,18886,11469,11593,8723,8004,1,11390,2748,1149,1.0,33:40,2015,2016
2015-16,202328,Greg Monroe,Greg,1610612749,MIL,Milwaukee Bucks,21501115,2016-03-30T00:00:00,MIL vs. PHX,W,27.4,6.0,4.0,0.0,6.0,11.0,15.0,4.0,38.0,2.0,0.0,3.0,4.0,37.0,1,1,1,1,9695,878,1596,9917,5299,18886,24781,8806,1422,932,1,17641,2748,3182,1.0,27:24,2015,2016
2015-16,2199,Tyson Chandler,Tyson,1610612756,PHX,Phoenix Suns,21501115,2016-03-30T00:00:00,PHX @ MIL,L,34.2,0.0,4.0,0.0,12.0,20.0,10.0,7.0,30.0,2.0,1.0,5.0,3.0,36.1,1,13074,13074,13074,4225,12059,1596,9917,988,25338,20509,15538,4541,932,17214,24686,4736,3432,1.0,34:09,2015,2016
2015-16,201939,Stephen Curry,Stephen,1610612744,GSW,Golden State Warriors,21501119,2016-03-30T00:00:00,GSW @ UTA,W,42.3,3.0,3.0,6.0,8.0,16.0,16.0,5.0,32.0,0.0,2.0,4.0,6.0,46.4,1,1,1,1,278,4307,3104,740,3109,23774,25155,11593,3535,8004,23588,22104,873,1149,1.0,42:16,2015,2016
2015-16,2736,Luol Deng,Luol,1610612748,MIA,Miami Heat,21501121,2016-03-30T00:00:00,MIA @ LAL,L,41.1,0.0,4.0,2.0,12.0,23.0,13.0,9.0,40.0,3.0,2.0,1.0,2.0,50.2,1,13074,13074,13074,459,12059,1596,4675,988,25803,23668,18829,983,347,23588,4972,7786,733,1.0,41:08,2015,2016
2015-16,201582,Alexis Ajinca,Alexis,1610612740,NOP,New Orleans Pelicans,21501118,2016-03-30T00:00:00,NOP @ SAS,L,31.9,4.0,0.0,0.0,10.0,8.0,6.0,11.0,18.0,0.0,0.0,4.0,4.0,28.8,1,13074,13074,13074,6011,2460,10158,9917,1840,13914,13237,21342,13577,8004,1,22104,2748,6465,1.0,31:52,2015,2016
2015-16,201942,DeMar DeRozan,DeMar,1610612761,TOR,Toronto Raptors,21501113,2016-03-30T00:00:00,TOR vs. ATL,W,37.0,7.0,0.0,2.0,4.0,10.0,7.0,5.0,26.0,0.0,1.0,2.0,5.0,49.0,1,1,1,1,2067,548,10158,4675,8599,17370,15642,11593,7214,8004,17214,11390,1539,862,1.0,37:01,2015,2016
2015-16,201145,Jeff Green,Jeff,1610612746,LAC,LA Clippers,21501116,2016-03-30T00:00:00,LAC @ MIN,W,29.0,0.0,0.0,0.0,6.0,2.0,12.0,6.0,24.0,2.0,0.0,3.0,1.0,24.1,1,1,1,1,8373,12059,10158,9917,5299,2619,22832,13388,8723,932,1,17641,12373,9068,1.0,29:00,2015,2016
2015-16,203471,Dennis Schröder,Dennis,1610612737,ATL,Atlanta Hawks,21501113,2016-03-30T00:00:00,ATL @ TOR,L,23.4,2.0,0.0,0.0,4.0,14.0,7.0,7.0,14.0,0.0,2.0,1.0,4.0,15.6,1,13074,13074,13074,13071,6026,10158,9917,8599,22292,15642,15538,17019,8004,23588,4972,2748,14916,1.0,23:22,2015,2016
2015-16,202322,John Wall,John,1610612764,WAS,Washington Wizards,21501120,2016-03-30T00:00:00,WAS @ SAC,L,40.2,5.0,0.0,5.0,0.0,15.0,4.0,14.0,44.0,1.0,3.0,1.0,3.0,42.9,1,13074,13074,13074,689,1603,10158,1277,18861,23079,8458,23710,454,2692,25441,4972,4736,1754,1.0,40:10,2015,2016
2015-16,203530,Joffrey Lauvergne,Joffrey,1610612743,DEN,Denver Nuggets,21501114,2016-03-30T00:00:00,DEN @ MEM,W,16.5,0.0,0.0,2.0,10.0,6.0,9.0,7.0,24.0,1.0,0.0,1.0,1.0,20.6,1,1,1,1,18659,12059,10158,4675,1840,10028,19144,15538,8723,2692,1,4972,12373,11314,1.0,16:30,2015,2016
2015-16,202706,Jordan Hamilton,Jordan,1610612740,NOP,New Orleans Pelicans,21501118,2016-03-30T00:00:00,NOP @ SAS,L,30.9,2.0,2.0,2.0,6.0,10.0,2.0,11.0,20.0,0.0,1.0,2.0,1.0,27.0,1,13074,13074,13074,6818,6026,4731,4675,5299,17370,3734,21342,11929,8004,17214,11390,12373,7385,1.0,30:53,2015,2016
2015-16,200794,Paul Millsap,Paul,1610612737,ATL,Atlanta Hawks,21501113,2016-03-30T00:00:00,ATL @ TOR,L,23.9,5.0,2.0,2.0,4.0,12.0,5.0,7.0,20.0,3.0,0.0,3.0,3.0,30.3,1,13074,13074,13074,12682,1603,4731,4675,8599,20178,11469,15538,11929,347,1,17641,4736,5702,1.0,23:52,2015,2016
2015-16,101162,Marcin Gortat,Marcin,1610612764,WAS,Washington Wizards,21501120,2016-03-30T00:00:00,WAS @ SAC,L,29.2,0.0,2.0,0.0,4.0,10.0,4.0,2.0,36.0,1.0,1.0,2.0,2.0,30.4,1,13074,13074,13074,8209,12059,4731,9917,8599,17370,8458,4025,1943,2692,17214,11390,7786,5661,1.0,29:12,2015,2016
2015-16,202709,Cory Joseph,Cory,1610612761,TOR,Toronto Raptors,21501113,2016-03-30T00:00:00,TOR vs. ATL,W,18.9,0.0,0.0,2.0,2.0,2.0,2.0,3.0,12.0,1.0,0.0,2.0,1.0,12.2,1,1,1,1,16741,12059,10158,4675,12984,2619,3734,7328,18637,2692,1,11390,12373,17566,1.0,18:57,2015,2016
2015-16,203490,Otto Porter Jr.,Otto,1610612764,WAS,Washington Wizards,21501120,2016-03-30T00:00:00,WAS @ SAC,L,27.9,3.0,0.0,7.0,4.0,8.0,4.0,12.0,36.0,0.0,0.0,4.0,0.0,27.2,1,13074,13074,13074,9277,4307,10158,454,8599,13914,8458,22259,1943,8004,1,22104,18762,7289,1.0,27:56,2015,2016
2015-16,203497,Rudy Gobert,Rudy,1610612762,UTA,Utah Jazz,21501119,2016-03-30T00:00:00,UTA vs. GSW,L,37.8,0.0,6.0,1.0,10.0,10.0,6.0,15.0,24.0,2.0,1.0,4.0,4.0,40.6,1,13074,13074,13074,1618,12059,481,9347,1840,17370,13237,24242,8723,932,17214,22104,2748,2230,1.0,37:47,2015,2016
2015-16,101135,David Lee,David,1610612742,DAL,Dallas Mavericks,21501117,2016-03-30T00:00:00,DAL vs. NYK,W,13.9,0.0,2.0,0.0,6.0,3.0,0.0,2.0,8.0,0.0,0.0,3.0,0.0,11.7,1,1,1,1,20442,12059,4731,9917,5299,5109,1,4025,21543,8004,1,17641,18762,17903,1.0,13:56,2015,2016
2015-16,203953,Jabari Parker,Jabari,1610612749,MIL,Milwaukee Bucks,21501115,2016-03-30T00:00:00,MIL vs. PHX,W,36.1,7.0,2.0,2.0,6.0,11.0,20.0,4.0,46.0,0.0,1.0,2.0,6.0,41.5,1,1,1,1,2720,548,4731,4675,5299,18886,25875,8806,298,8004,17214,11390,873,2038,1.0,36:03,2015,2016
2015-16,2733,Shaun Livingston,Shaun,1610612744,GSW,Golden State Warriors,21501119,2016-03-30T00:00:00,GSW @ UTA,W,28.2,0.0,0.0,0.0,0.0,11.0,14.0,4.0,22.0,1.0,0.0,2.0,3.0,26.2,1,1,1,1,9065,12059,10158,9917,18861,18886,24300,8806,10265,2692,1,11390,4736,7785,1.0,28:13,2015,2016
2015-16,2225,Tony Parker,Tony,1610612759,SAS,San Antonio Spurs,21501118,2016-03-30T00:00:00,SAS vs. NOP,W,26.6,2.0,0.0,2.0,2.0,6.0,4.0,6.0,20.0,0.0,0.0,1.0,1.0,12.4,1,1,1,1,10337,6026,10158,4675,12984,10028,8458,13388,11929,8004,1,4972,12373,17418,1.0,26:38,2015,2016
2015-16,2754,Tony Allen,Tony,1610612763,MEM,Memphis Grizzlies,21501114,2016-03-30T00:00:00,MEM vs. DEN,L,22.3,2.0,2.0,4.0,6.0,9.0,5.0,12.0,20.0,0.0,2.0,3.0,3.0,11.7,1,13074,13074,13074,13933,6026,4731,1913,5299,15771,11469,22259,11929,8004,23588,17641,4736,17903,1.0,22:17,2015,2016
2015-16,203960,JaKarr Sampson,JaKarr,1610612743,DEN,Denver Nuggets,21501114,2016-03-30T00:00:00,DEN @ MEM,W,27.4,0.0,3.0,3.0,8.0,10.0,6.0,7.0,32.0,0.0,0.0,3.0,1.0,15.4,1,1,1,1,9718,12059,3104,3302,3109,17370,13237,15538,3535,8004,1,17641,12373,15066,1.0,27:23,2015,2016
2015-16,200765,Rajon Rondo,Rajon,1610612758,SAC,Sacramento Kings,21501120,2016-03-30T00:00:00,SAC vs. WAS,W,33.7,0.0,0.0,0.0,4.0,11.0,11.0,22.0,30.0,0.0,1.0,2.0,1.0,41.7,1,1,1,1,4578,12059,10158,9917,8599,18886,21814,25811,4541,8004,17214,11390,12373,2002,1.0,33:43,2015,2016
2015-16,1626147,Justin Anderson,Justin,1610612742,DAL,Dallas Mavericks,21501117,2016-03-30T00:00:00,DAL vs. NYK,W,28.8,0.0,0.0,0.0,4.0,10.0,4.0,12.0,18.0,1.0,0.0,3.0,0.0,26.8,1,1,1,1,8518,12059,10158,9917,8599,17370,8458,22259,13577,2692,1,17641,18762,7486,1.0,28:50,2015,2016
2015-16,200768,Kyle Lowry,Kyle,1610612761,TOR,Toronto Raptors,21501113,2016-03-30T00:00:00,TOR vs. ATL,W,40.0,3.0,5.0,3.0,4.0,12.0,9.0,8.0,30.0,0.0,3.0,1.0,4.0,41.7,1,1,1,1,721,4307,995,3302,8599,20178,19144,17194,4541,8004,25441,4972,2748,2002,1.0,40:02,2015,2016
2015-16,201609,Goran Dragic,Goran,1610612748,MIA,Miami Heat,21501121,2016-03-30T00:00:00,MIA @ LAL,L,37.9,2.0,0.0,6.0,8.0,23.0,13.0,9.0,40.0,0.0,1.0,4.0,1.0,30.1,1,13074,13074,13074,1543,6026,10158,740,3109,25803,23668,18829,983,8004,17214,22104,12373,5794,1.0,37:56,2015,2016
2015-16,200826,J.J. Barea,J.J.,1610612742,DAL,Dallas Mavericks,21501117,2016-03-30T00:00:00,DAL vs. NYK,W,30.0,5.0,0.0,7.0,10.0,9.0,6.0,9.0,18.0,0.0,0.0,0.0,3.0,40.5,1,1,1,1,7506,1603,10158,454,1840,15771,13237,18829,13577,8004,1,1,4736,2257,1.0,30:02,2015,2016
2015-16,202083,Wesley Matthews,Wesley,1610612742,DAL,Dallas Mavericks,21501117,2016-03-30T00:00:00,DAL vs. NYK,W,37.4,3.0,3.0,4.0,6.0,15.0,10.0,17.0,24.0,0.0,0.0,4.0,7.0,31.4,1,1,1,1,1860,4307,3104,1913,5299,23079,20509,24967,8723,8004,1,22104,469,5218,1.0,37:21,2015,2016
2015-16,101138,Brandon Bass,Brandon,1610612747,LAL,Los Angeles Lakers,21501121,2016-03-30T00:00:00,LAL vs. MIA,W,26.1,6.0,2.0,0.0,6.0,10.0,5.0,13.0,30.0,0.0,2.0,2.0,3.0,11.6,1,1,1,1,10784,878,4731,9917,5299,17370,11469,23048,4541,8004,23588,11390,4736,17970,1.0,26:05,2015,2016
2015-16,201577,Robin Lopez,Robin,1610612752,NYK,New York Knicks,21501117,2016-03-30T00:00:00,NYK @ DAL,L,30.9,2.0,4.0,2.0,8.0,10.0,2.0,5.0,22.0,0.0,0.0,2.0,1.0,19.8,1,13074,13074,13074,6802,6026,1596,4675,3109,17370,3734,11593,10265,8004,1,11390,12373,11883,1.0,30:54,2015,2016
2015-16,202324,Derrick Favors,Derrick,1610612762,UTA,Utah Jazz,21501119,2016-03-30T00:00:00,UTA vs. GSW,L,18.6,3.0,4.0,0.0,12.0,2.0,2.0,5.0,14.0,0.0,0.0,1.0,2.0,26.4,1,13074,13074,13074,17002,4307,1596,9917,988,2619,3734,11593,17019,8004,1,4972,7786,7672,1.0,18:37,2015,2016
2015-16,201601,Luc Mbah a Moute,Luc,1610612746,LAC,LA Clippers,21501116,2016-03-30T00:00:00,LAC @ MIN,W,20.7,2.0,0.0,5.0,6.0,3.0,2.0,0.0,6.0,0.0,0.0,2.0,1.0,15.7,1,1,1,1,15332,6026,10158,1277,5299,5109,3734,1,22724,8004,1,11390,12373,14841,1.0,20:40,2015,2016
2015-16,202332,Cole Aldrich,Cole,1610612746,LAC,LA Clippers,21501116,2016-03-30T00:00:00,LAC @ MIN,W,11.9,0.0,0.0,0.0,2.0,2.0,9.0,2.0,12.0,2.0,0.0,0.0,1.0,15.6,1,1,1,1,21662,12059,10158,9917,12984,2619,19144,4025,18637,932,1,1,12373,14916,1.0,11:51,2015,2016
2015-16,1938,Manu Ginobili,Manu,1610612759,SAS,San Antonio Spurs,21501118,2016-03-30T00:00:00,SAS vs. NOP,W,24.0,3.0,3.0,0.0,4.0,10.0,4.0,8.0,22.0,0.0,0.0,4.0,3.0,30.2,1,1,1,1,12548,4307,3104,9917,8599,17370,8458,17194,10265,8004,1,22104,4736,5751,1.0,24:00,2015,2016
2015-16,2037,Jamal Crawford,Jamal,1610612746,LAC,LA Clippers,21501116,2016-03-30T00:00:00,LAC @ MIN,W,17.9,0.0,0.0,0.0,4.0,2.0,9.0,0.0,16.0,0.0,0.0,0.0,1.0,19.9,1,1,1,1,17627,12059,10158,9917,8599,2619,19144,1,15259,8004,1,1,12373,11824,1.0,17:52,2015,2016
2015-16,1626157,Karl-Anthony Towns,Karl-Anthony,1610612750,MIN,Minnesota Timberwolves,21501116,2016-03-30T00:00:00,MIN vs. LAC,L,23.5,3.0,0.0,0.0,4.0,10.0,0.0,19.0,24.0,0.0,1.0,2.0,1.0,27.7,1,13074,13074,13074,12973,4307,10158,9917,8599,17370,1,25435,8723,8004,17214,11390,12373,7008,1.0,23:29,2015,2016
2015-16,202330,Gordon Hayward,Gordon,1610612762,UTA,Utah Jazz,21501119,2016-03-30T00:00:00,UTA vs. GSW,L,46.1,5.0,1.0,0.0,4.0,16.0,11.0,15.0,30.0,0.0,1.0,4.0,5.0,32.3,1,13074,13074,13074,56,1603,9709,9917,8599,23774,21814,24242,4541,8004,17214,22104,1539,4807,1.0,46:05,2015,2016
2015-16,201937,Ricky Rubio,Ricky,1610612750,MIN,Minnesota Timberwolves,21501116,2016-03-30T00:00:00,MIN vs. LAC,L,25.2,0.0,0.0,0.0,0.0,14.0,0.0,14.0,24.0,0.0,1.0,1.0,1.0,17.1,1,13074,13074,13074,11543,12059,10158,9917,18861,22292,1,23710,8723,8004,17214,4972,12373,13791,1.0,25:11,2015,2016
2015-16,203210,JaMychal Green,JaMychal,1610612763,MEM,Memphis Grizzlies,21501114,2016-03-30T00:00:00,MEM vs. DEN,L,25.8,2.0,7.0,6.0,12.0,4.0,0.0,7.0,20.0,1.0,0.0,2.0,3.0,32.9,1,13074,13074,13074,10978,6026,292,740,988,6141,1,15538,11929,2692,1,11390,4736,4566,1.0,25:50,2015,2016
2015-16,203089,John Henson,John,1610612749,MIL,Milwaukee Bucks,21501115,2016-03-30T00:00:00,MIL vs. PHX,W,23.4,1.0,3.0,0.0,6.0,8.0,10.0,4.0,18.0,4.0,0.0,4.0,3.0,33.0,1,1,1,1,13042,11535,3104,9917,5299,13914,20509,8806,13577,132,1,22104,4736,4537,1.0,23:24,2015,2016
2015-16,203101,Miles Plumlee,Miles,1610612749,MIL,Milwaukee Bucks,21501115,2016-03-30T00:00:00,MIL vs. PHX,W,13.7,0.0,0.0,0.0,2.0,6.0,1.0,4.0,6.0,1.0,3.0,2.0,0.0,13.8,1,1,1,1,20614,12059,10158,9917,12984,10028,3393,8806,22724,2692,25441,11390,18762,16311,1.0,13:39,2015,2016
2015-16,2365,Chris Andersen,Chris,1610612763,MEM,Memphis Grizzlies,21501114,2016-03-30T00:00:00,MEM vs. DEN,L,17.0,0.0,0.0,0.0,4.0,7.0,5.0,9.0,14.0,2.0,0.0,1.0,2.0,17.2,1,13074,13074,13074,18243,12059,10158,9917,8599,12242,11469,18829,17019,932,1,4972,7786,13725,1.0,17:02,2015,2016
2015-16,200755,JJ Redick,JJ,1610612746,LAC,LA Clippers,21501116,2016-03-30T00:00:00,LAC @ MIN,W,27.0,4.0,0.0,2.0,2.0,3.0,4.0,0.0,12.0,0.0,0.0,0.0,0.0,28.1,1,1,1,1,10013,2460,10158,4675,12984,5109,8458,1,18637,8004,1,1,18762,6818,1.0,27:00,2015,2016
2015-16,2207,Joe Johnson,Joe,1610612748,MIA,Miami Heat,21501121,2016-03-30T00:00:00,MIA @ LAL,L,36.4,4.0,0.0,2.0,4.0,17.0,8.0,8.0,24.0,0.0,0.0,2.0,1.0,22.3,1,13074,13074,13074,2452,2460,10158,4675,8599,24337,17345,17194,8723,8004,1,11390,12373,10208,1.0,36:25,2015,2016
2015-16,1626273,Marcelo Huertas,Marcelo,1610612747,LAL,Los Angeles Lakers,21501121,2016-03-30T00:00:00,LAL vs. MIA,W,17.8,0.0,0.0,0.0,6.0,4.0,3.0,5.0,18.0,0.0,1.0,2.0,0.0,14.0,1,1,1,1,17715,12059,10158,9917,5299,6141,7138,11593,13577,8004,17214,11390,18762,16166,1.0,17:45,2015,2016
2015-16,201980,Danny Green,Danny,1610612759,SAS,San Antonio Spurs,21501118,2016-03-30T00:00:00,SAS vs. NOP,W,17.6,2.0,0.0,5.0,4.0,2.0,0.0,2.0,6.0,2.0,0.0,2.0,0.0,28.3,1,1,1,1,17824,6026,10158,1277,8599,2619,1,4025,22724,932,1,11390,18762,6720,1.0,17:36,2015,2016
2015-16,204025,Tim Frazier,Tim,1610612740,NOP,New Orleans Pelicans,21501118,2016-03-30T00:00:00,NOP @ SAS,L,24.9,1.0,0.0,2.0,2.0,9.0,6.0,2.0,30.0,0.0,1.0,2.0,5.0,28.1,1,13074,13074,13074,11737,11535,10158,4675,12984,15771,13237,4025,4541,8004,17214,11390,1539,6818,1.0,24:55,2015,2016
2015-16,201589,Darrell Arthur,Darrell,1610612743,DEN,Denver Nuggets,21501114,2016-03-30T00:00:00,DEN @ MEM,W,22.7,2.0,0.0,0.0,0.0,11.0,15.0,11.0,30.0,2.0,1.0,4.0,3.0,32.4,1,1,1,1,13607,6026,10158,9917,18861,18886,24781,21342,4541,932,17214,22104,4736,4768,1.0,22:42,2015,2016
2015-16,204038,Langston Galloway,Langston,1610612752,NYK,New York Knicks,21501117,2016-03-30T00:00:00,NYK @ DAL,L,22.3,0.0,0.0,3.0,2.0,9.0,4.0,8.0,14.0,0.0,0.0,3.0,1.0,13.9,1,13074,13074,13074,13932,12059,10158,3302,12984,15771,8458,17194,17019,8004,1,17641,12373,16232,1.0,22:17,2015,2016
2015-16,202688,Brandon Knight,Brandon,1610612756,PHX,Phoenix Suns,21501115,2016-03-30T00:00:00,PHX @ MIL,L,36.6,5.0,0.0,0.0,6.0,22.0,7.0,7.0,26.0,0.0,1.0,3.0,3.0,17.4,1,13074,13074,13074,2326,1603,10158,9917,5299,25683,15642,15538,7214,8004,17214,17641,4736,13595,1.0,36:37,2015,2016
2015-16,203898,Tyler Ennis,Tyler,1610612749,MIL,Milwaukee Bucks,21501115,2016-03-30T00:00:00,MIL vs. PHX,W,22.7,2.0,2.0,2.0,6.0,10.0,8.0,6.0,24.0,0.0,0.0,2.0,1.0,13.8,1,1,1,1,13594,6026,4731,4675,5299,17370,17345,13388,8723,8004,1,11390,12373,16311,1.0,22:43,2015,2016
2015-16,201143,Al Horford,Al,1610612737,ATL,Atlanta Hawks,21501113,2016-03-30T00:00:00,ATL @ TOR,L,22.9,0.0,0.0,0.0,2.0,12.0,2.0,9.0,16.0,1.0,1.0,2.0,0.0,21.9,1,13074,13074,13074,13470,12059,10158,9917,12984,20178,3734,18829,15259,2692,17214,11390,18762,10460,1.0,22:53,2015,2016
2015-16,203903,Jordan Clarkson,Jordan,1610612747,LAL,Los Angeles Lakers,21501121,2016-03-30T00:00:00,LAL vs. MIA,W,36.1,4.0,0.0,2.0,8.0,12.0,6.0,16.0,36.0,0.0,2.0,0.0,5.0,37.7,1,1,1,1,2720,2460,10158,4675,3109,20178,13237,24641,1943,8004,23588,1,1539,2990,1.0,36:03,2015,2016
2015-16,1626204,Larry Nance Jr.,Larry,1610612747,LAL,Los Angeles Lakers,21501121,2016-03-30T00:00:00,LAL vs. MIA,W,31.0,4.0,2.0,0.0,4.0,6.0,4.0,9.0,24.0,2.0,2.0,3.0,1.0,22.0,1,1,1,1,6743,2460,4731,9917,8599,10028,8458,18829,8723,932,23588,17641,12373,10388,1.0,30:58,2015,2016
2015-16,1626164,Devin Booker,Devin,1610612756,PHX,Phoenix Suns,21501115,2016-03-30T00:00:00,PHX @ MIL,L,38.1,2.0,4.0,2.0,6.0,25.0,12.0,6.0,34.0,0.0,2.0,3.0,5.0,21.8,1,13074,13074,13074,1486,6026,1596,4675,5299,25944,22832,13388,2701,8004,23588,17641,1539,10526,1.0,38:03,2015,2016
2015-16,1626170,Jerian Grant,Jerian,1610612752,NYK,New York Knicks,21501117,2016-03-30T00:00:00,NYK @ DAL,L,23.1,4.0,0.0,4.0,4.0,5.0,7.0,4.0,22.0,0.0,0.0,2.0,2.0,21.9,1,13074,13074,13074,13298,2460,10158,1913,8599,8403,15642,8806,10265,8004,1,11390,7786,10460,1.0,23:06,2015,2016
2015-16,203115,Will Barton,Will,1610612743,DEN,Denver Nuggets,21501114,2016-03-30T00:00:00,DEN @ MEM,W,32.9,2.0,0.0,8.0,4.0,13.0,15.0,13.0,40.0,1.0,1.0,3.0,7.0,38.7,1,1,1,1,5183,6026,10158,280,8599,21300,24781,23048,983,2692,17214,17641,469,2717,1.0,32:56,2015,2016
2015-16,201599,DeAndre Jordan,DeAndre,1610612746,LAC,LA Clippers,21501116,2016-03-30T00:00:00,LAC @ MIN,W,29.5,4.0,0.0,3.0,10.0,3.0,4.0,0.0,12.0,3.0,0.0,1.0,4.0,28.6,1,1,1,1,7942,2460,10158,3302,1840,5109,8458,1,18637,347,1,4972,2748,6560,1.0,29:32,2015,2016
2015-16,2440,Matt Barnes,Matt,1610612763,MEM,Memphis Grizzlies,21501114,2016-03-30T00:00:00,MEM vs. DEN,L,40.4,0.0,2.0,0.0,2.0,9.0,5.0,17.0,32.0,0.0,1.0,2.0,2.0,28.7,1,13074,13074,13074,618,12059,4731,9917,12984,15771,11469,24967,3535,8004,17214,11390,7786,6514,1.0,40:26,2015,2016
2015-16,201967,Dante Cunningham,Dante,1610612740,NOP,New Orleans Pelicans,21501118,2016-03-30T00:00:00,NOP @ SAS,L,37.5,4.0,0.0,4.0,6.0,16.0,5.0,9.0,20.0,0.0,1.0,1.0,2.0,22.5,1,13074,13074,13074,1749,2460,10158,1913,5299,23774,11469,18829,11929,8004,17214,4972,7786,10082,1.0,37:30,2015,2016
2015-16,202685,Jonas Valančiūnas,Jonas,1610612761,TOR,Toronto Raptors,21501113,2016-03-30T00:00:00,TOR vs. ATL,W,31.0,4.0,0.0,3.0,16.0,10.0,4.0,4.0,20.0,1.0,2.0,6.0,1.0,32.8,1,1,1,1,6743,2460,10158,3302,275,17370,8458,8806,11929,2692,23588,25827,12373,4609,1.0,30:58,2015,2016
2015-16,203501,Tim Hardaway Jr.,Tim,1610612737,ATL,Atlanta Hawks,21501113,2016-03-30T00:00:00,ATL @ TOR,L,24.7,3.0,3.0,0.0,2.0,18.0,7.0,7.0,22.0,0.0,0.0,1.0,2.0,21.1,1,13074,13074,13074,11927,4307,3104,9917,12984,24749,15642,15538,10265,8004,1,4972,7786,11012,1.0,24:42,2015,2016
2015-16,203124,Kyle O'Quinn,Kyle,1610612752,NYK,New York Knicks,21501117,2016-03-30T00:00:00,NYK @ DAL,L,16.9,2.0,0.0,0.0,2.0,2.0,7.0,6.0,16.0,0.0,0.0,2.0,0.0,16.3,1,13074,13074,13074,18319,6026,10158,9917,12984,2619,15642,13388,15259,8004,1,11390,18762,14372,1.0,16:56,2015,2016
2015-16,203527,Ryan Kelly,Ryan,1610612747,LAL,Los Angeles Lakers,21501121,2016-03-30T00:00:00,LAL vs. MIA,W,21.5,2.0,0.0,0.0,0.0,6.0,3.0,7.0,20.0,0.0,1.0,2.0,0.0,13.0,1,1,1,1,14601,6026,10158,9917,18861,10028,7138,15538,11929,8004,17214,11390,18762,16969,1.0,21:29,2015,2016
2015-16,202325,Wesley Johnson,Wesley,1610612746,LAC,LA Clippers,21501116,2016-03-30T00:00:00,LAC @ MIN,W,28.2,2.0,0.0,2.0,2.0,3.0,3.0,4.0,14.0,2.0,0.0,3.0,1.0,21.0,1,1,1,1,9076,6026,10158,4675,12984,5109,7138,8806,17019,932,1,17641,12373,11077,1.0,28:12,2015,2016
2015-16,2760,Anderson Varejao,Anderson,1610612744,GSW,Golden State Warriors,21501119,2016-03-30T00:00:00,GSW @ UTA,W,9.3,0.0,0.0,0.0,0.0,3.0,5.0,2.0,12.0,0.0,0.0,1.0,0.0,2.7,1,1,1,1,22703,12059,10158,9917,18861,5109,11469,4025,18637,8004,1,4972,18762,23884,1.0,9:19,2015,2016
2015-16,203914,Gary Harris,Gary,1610612743,DEN,Denver Nuggets,21501114,2016-03-30T00:00:00,DEN @ MEM,W,20.1,2.0,0.0,2.0,2.0,6.0,14.0,6.0,36.0,1.0,1.0,4.0,0.0,18.2,1,1,1,1,15811,6026,10158,4675,12984,10028,24300,13388,1943,2692,17214,22104,18762,13004,1.0,20:07,2015,2016
2015-16,203476,Gorgui Dieng,Gorgui,1610612750,MIN,Minnesota Timberwolves,21501116,2016-03-30T00:00:00,MIN vs. LAC,L,21.6,0.0,1.0,0.0,2.0,12.0,0.0,9.0,16.0,1.0,1.0,2.0,3.0,21.0,1,13074,13074,13074,14504,12059,9709,9917,12984,20178,1,18829,15259,2692,17214,11390,4736,11077,1.0,21:37,2015,2016
2015-16,202720,Jon Leuer,Jon,1610612756,PHX,Phoenix Suns,21501115,2016-03-30T00:00:00,PHX @ MIL,L,9.9,0.0,0.0,0.0,0.0,5.0,4.0,2.0,12.0,0.0,1.0,0.0,0.0,2.7,1,13074,13074,13074,22502,12059,10158,9917,18861,8403,8458,4025,18637,8004,17214,1,18762,23884,1.0,9:53,2015,2016
2015-16,1626162,Kelly Oubre Jr.,Kelly,1610612764,WAS,Washington Wizards,21501120,2016-03-30T00:00:00,WAS @ SAC,L,3.9,0.0,2.0,0.0,4.0,2.0,0.0,2.0,6.0,0.0,0.0,2.0,0.0,3.0,1,13074,13074,13074,24730,12059,4731,9917,8599,2619,1,4025,22724,8004,1,11390,18762,23648,1.0,3:56,2015,2016
2015-16,202344,Trevor Booker,Trevor,1610612762,UTA,Utah Jazz,21501119,2016-03-30T00:00:00,UTA vs. GSW,L,14.5,0.0,3.0,0.0,2.0,7.0,5.0,7.0,4.0,0.0,0.0,2.0,2.0,7.5,1,13074,13074,13074,20109,12059,3104,9917,12984,12242,11469,15538,23698,8004,1,11390,7786,20874,1.0,14:29,2015,2016
2015-16,1717,Dirk Nowitzki,Dirk,1610612742,DAL,Dallas Mavericks,21501117,2016-03-30T00:00:00,DAL vs. NYK,W,32.7,0.0,2.0,0.0,0.0,15.0,8.0,18.0,28.0,0.0,1.0,3.0,1.0,20.8,1,1,1,1,5320,12059,4731,9917,18861,23079,17345,25228,5824,8004,17214,17641,12373,11195,1.0,32:44,2015,2016
2015-16,204014,Damjan Rudez,Damjan,1610612750,MIN,Minnesota Timberwolves,21501116,2016-03-30T00:00:00,MIN vs. LAC,L,6.3,0.0,0.0,2.0,2.0,0.0,0.0,0.0,2.0,0.0,0.0,0.0,0.0,8.0,1,13074,13074,13074,23826,12059,10158,4675,12984,1,1,1,24614,8004,1,1,18762,20564,1.0,6:19,2015,2016
2015-16,203488,Mike Muscala,Mike,1610612737,ATL,Atlanta Hawks,21501113,2016-03-30T00:00:00,ATL @ TOR,L,12.0,0.0,0.0,3.0,2.0,2.0,2.0,0.0,12.0,3.0,0.0,0.0,3.0,18.0,1,13074,13074,13074,21529,12059,10158,3302,12984,2619,3734,1,18637,347,1,1,4736,13164,1.0,12:00,2015,2016
2015-16,201162,Jared Dudley,Jared,1610612764,WAS,Washington Wizards,21501120,2016-03-30T00:00:00,WAS @ SAC,L,15.7,0.0,0.0,0.0,0.0,8.0,2.0,4.0,20.0,0.0,0.0,2.0,1.0,7.6,1,13074,13074,13074,19253,12059,10158,9917,18861,13914,3734,8806,11929,8004,1,11390,12373,20803,1.0,15:43,2015,2016
2015-16,2550,Kirk Hinrich,Kirk,1610612737,ATL,Atlanta Hawks,21501113,2016-03-30T00:00:00,ATL @ TOR,L,11.8,0.0,0.0,3.0,0.0,2.0,2.0,0.0,10.0,0.0,0.0,0.0,1.0,8.4,1,13074,13074,13074,21683,12059,10158,3302,18861,2619,3734,1,20209,8004,1,1,12373,20273,1.0,11:48,2015,2016
2015-16,201600,Omer Asik,Omer,1610612740,NOP,New Orleans Pelicans,21501118,2016-03-30T00:00:00,NOP @ SAS,L,25.4,0.0,0.0,0.0,2.0,9.0,5.0,9.0,14.0,0.0,2.0,1.0,1.0,12.8,1,13074,13074,13074,11394,12059,10158,9917,12984,15771,11469,18829,17019,8004,23588,4972,12373,17129,1.0,25:22,2015,2016
2015-16,203912,C.J. Wilcox,C.J.,1610612746,LAC,LA Clippers,21501116,2016-03-30T00:00:00,LAC @ MIN,W,7.0,0.0,0.0,0.0,0.0,0.0,0.0,6.0,6.0,0.0,0.0,2.0,0.0,3.0,1,1,1,1,23553,12059,10158,9917,18861,1,1,13388,22724,8004,1,11390,18762,23648,1.0,7:02,2015,2016
2015-16,2756,Sasha Vujacic,Sasha,1610612752,NYK,New York Knicks,21501117,2016-03-30T00:00:00,NYK @ DAL,L,24.1,0.0,0.0,2.0,2.0,8.0,2.0,1.0,18.0,0.0,0.0,2.0,2.0,18.0,1,13074,13074,13074,12491,12059,10158,4675,12984,13914,3734,3646,13577,8004,1,11390,7786,13164,1.0,24:04,2015,2016
2015-16,1626185,Jarell Martin,Jarell,1610612763,MEM,Memphis Grizzlies,21501114,2016-03-30T00:00:00,MEM vs. DEN,L,2.8,0.0,0.0,0.0,0.0,2.0,0.0,2.0,6.0,0.0,0.0,0.0,0.0,2.0,1,13074,13074,13074,25196,12059,10158,9917,18861,2619,1,4025,22724,8004,1,1,18762,24216,1.0,2:48,2015,2016
2015-16,101106,Andrew Bogut,Andrew,1610612744,GSW,Golden State Warriors,21501119,2016-03-30T00:00:00,GSW @ UTA,W,17.1,0.0,0.0,0.0,4.0,8.0,4.0,0.0,12.0,1.0,0.0,4.0,2.0,13.0,1,1,1,1,18210,12059,10158,9917,8599,13914,8458,1,18637,2692,1,22104,7786,16969,1.0,17:05,2015,2016
2015-16,203112,Quincy Acy,Quincy,1610612758,SAC,Sacramento Kings,21501120,2016-03-30T00:00:00,SAC vs. WAS,W,12.9,0.0,2.0,0.0,4.0,4.0,4.0,8.0,12.0,0.0,0.0,1.0,0.0,16.0,1,1,1,1,21047,12059,4731,9917,8599,6141,8458,17194,18637,8004,1,4972,18762,14590,1.0,12:52,2015,2016
2015-16,1626253,Axel Toupane,Axel,1610612743,DEN,Denver Nuggets,21501114,2016-03-30T00:00:00,DEN @ MEM,W,13.5,0.0,0.0,0.0,0.0,4.0,7.0,2.0,20.0,0.0,0.0,1.0,0.0,3.0,1,1,1,1,20683,12059,10158,9917,18861,6141,15642,4025,11929,8004,1,4972,18762,23648,1.0,13:33,2015,2016
2015-16,1626161,Willie Cauley-Stein,Willie,1610612758,SAC,Sacramento Kings,21501120,2016-03-30T00:00:00,SAC vs. WAS,W,23.3,2.0,0.0,2.0,4.0,10.0,5.0,15.0,22.0,1.0,0.0,1.0,1.0,18.0,1,1,1,1,13116,6026,10158,4675,8599,17370,11469,24242,10265,2692,1,4972,12373,13164,1.0,23:18,2015,2016
2015-16,202702,Kenneth Faried,Kenneth,1610612743,DEN,Denver Nuggets,21501114,2016-03-30T00:00:00,DEN @ MEM,W,24.2,2.0,0.0,2.0,4.0,10.0,6.0,6.0,30.0,0.0,1.0,5.0,2.0,13.0,1,1,1,1,12394,6026,10158,4675,8599,17370,13237,13388,4541,8004,17214,24686,7786,16969,1.0,24:11,2015,2016
2015-16,204098,Xavier Munford,Xavier,1610612763,MEM,Memphis Grizzlies,21501114,2016-03-30T00:00:00,MEM vs. DEN,L,12.0,0.0,0.0,0.0,4.0,2.0,0.0,5.0,6.0,0.0,0.0,2.0,1.0,13.1,1,13074,13074,13074,21602,12059,10158,9917,8599,2619,1,11593,22724,8004,1,11390,12373,16874,1.0,11:59,2015,2016
2015-16,203937,Kyle Anderson,Kyle,1610612759,SAS,San Antonio Spurs,21501118,2016-03-30T00:00:00,SAS vs. NOP,W,14.9,0.0,0.0,0.0,0.0,11.0,4.0,4.0,18.0,0.0,0.0,3.0,1.0,14.6,1,1,1,1,19864,12059,10158,9917,18861,18886,8458,8806,13577,8004,1,17641,12373,15699,1.0,14:51,2015,2016
2015-16,2585,Zaza Pachulia,Zaza,1610612742,DAL,Dallas Mavericks,21501117,2016-03-30T00:00:00,DAL vs. NYK,W,19.4,0.0,2.0,0.0,4.0,6.0,4.0,5.0,8.0,0.0,0.0,0.0,4.0,18.8,1,1,1,1,16382,12059,4731,9917,8599,10028,8458,11593,21543,8004,1,1,2748,12588,1.0,19:25,2015,2016
2015-16,201952,Jeff Teague,Jeff,1610612737,ATL,Atlanta Hawks,21501113,2016-03-30T00:00:00,ATL @ TOR,L,22.4,2.0,0.0,0.0,10.0,9.0,5.0,6.0,20.0,0.0,1.0,0.0,2.0,22.9,1,13074,13074,13074,13841,6026,10158,9917,1840,15771,11469,13388,11929,8004,17214,1,7786,9811,1.0,22:23,2015,2016
2015-16,203114,Khris Middleton,Khris,1610612749,MIL,Milwaukee Bucks,21501115,2016-03-30T00:00:00,MIL vs. PHX,W,34.0,9.0,0.0,0.0,6.0,7.0,18.0,4.0,38.0,0.0,0.0,4.0,2.0,33.9,1,1,1,1,4372,171,10158,9917,5299,12242,25634,8806,1422,8004,1,22104,7786,4208,1.0,33:58,2015,2016
2015-16,201571,D.J. Augustin,D.J.,1610612743,DEN,Denver Nuggets,21501114,2016-03-30T00:00:00,DEN @ MEM,W,23.1,0.0,0.0,0.0,4.0,9.0,13.0,9.0,30.0,0.0,0.0,1.0,3.0,18.9,1,1,1,1,13324,12059,10158,9917,8599,15771,23668,18829,4541,8004,1,4972,4736,12513,1.0,23:04,2015,2016
2015-16,1626159,Justise Winslow,Justise,1610612748,MIA,Miami Heat,21501121,2016-03-30T00:00:00,MIA @ LAL,L,28.6,0.0,0.0,3.0,2.0,20.0,13.0,1.0,24.0,0.0,0.0,4.0,4.0,14.8,1,13074,13074,13074,8727,12059,10158,3302,12984,25338,23668,3646,8723,8004,1,22104,2748,15561,1.0,28:37,2015,2016
2015-16,202338,Kevin Seraphin,Kevin,1610612752,NYK,New York Knicks,21501117,2016-03-30T00:00:00,NYK @ DAL,L,13.6,0.0,0.0,0.0,2.0,2.0,7.0,5.0,12.0,2.0,0.0,1.0,0.0,14.7,1,13074,13074,13074,20638,12059,10158,9917,12984,2619,15642,11593,18637,932,1,4972,18762,15631,1.0,13:36,2015,2016
2015-16,101109,Raymond Felton,Raymond,1610612742,DAL,Dallas Mavericks,21501117,2016-03-30T00:00:00,DAL vs. NYK,W,34.8,3.0,0.0,0.0,4.0,16.0,10.0,17.0,22.0,0.0,1.0,1.0,3.0,14.6,1,1,1,1,3703,4307,10158,9917,8599,23774,20509,24967,10265,8004,17214,4972,4736,15699,1.0,34:47,2015,2016
2015-16,101150,Lou Williams,Lou,1610612747,LAL,Los Angeles Lakers,21501121,2016-03-30T00:00:00,LAL vs. MIA,W,17.0,3.0,3.0,1.0,0.0,4.0,5.0,7.0,20.0,0.0,0.0,0.0,3.0,14.2,1,1,1,1,18307,4307,3104,9347,18861,6141,11469,15538,11929,8004,1,1,4736,16003,1.0,16:57,2015,2016
2015-16,2571,Leandro Barbosa,Leandro,1610612744,GSW,Golden State Warriors,21501119,2016-03-30T00:00:00,GSW @ UTA,W,14.2,2.0,0.0,2.0,2.0,6.0,8.0,4.0,12.0,0.0,0.0,0.0,0.0,14.2,1,1,1,1,20306,6026,10158,4675,12984,10028,17345,8806,18637,8004,1,1,18762,16003,1.0,14:10,2015,2016
2015-16,203118,Mike Scott,Mike,1610612737,ATL,Atlanta Hawks,21501113,2016-03-30T00:00:00,ATL @ TOR,L,24.1,0.0,2.0,0.0,4.0,13.0,7.0,6.0,18.0,0.0,0.0,1.0,0.0,23.6,1,13074,13074,13074,12429,12059,4731,9917,8599,21300,15642,13388,13577,8004,1,4972,18762,9377,1.0,24:08,2015,2016
2015-16,203507,Giannis Antetokounmpo,Giannis,1610612749,MIL,Milwaukee Bucks,21501115,2016-03-30T00:00:00,MIL vs. PHX,W,31.9,0.0,1.0,3.0,4.0,9.0,15.0,2.0,34.0,1.0,0.0,4.0,6.0,23.6,1,1,1,1,6018,12059,9709,3302,8599,15771,24781,4025,2701,2692,1,22104,873,9377,1.0,31:52,2015,2016
2015-16,202682,Derrick Williams,Derrick,1610612752,NYK,New York Knicks,21501117,2016-03-30T00:00:00,NYK @ DAL,L,34.5,4.0,0.0,6.0,10.0,10.0,2.0,8.0,24.0,0.0,1.0,1.0,4.0,23.6,1,13074,13074,13074,3942,2460,10158,740,1840,17370,3734,17194,8723,8004,17214,4972,2748,9377,1.0,34:30,2015,2016
2015-16,200752,Rudy Gay,Rudy,1610612758,SAC,Sacramento Kings,21501120,2016-03-30T00:00:00,SAC vs. WAS,W,33.7,2.0,0.0,2.0,10.0,15.0,8.0,16.0,32.0,0.0,0.0,0.0,4.0,19.3,1,1,1,1,4629,6026,10158,4675,1840,23079,17345,24641,3535,8004,1,1,2748,12228,1.0,33:39,2015,2016
2015-16,1626156,D'Angelo Russell,D'Angelo,1610612747,LAL,Los Angeles Lakers,21501121,2016-03-30T00:00:00,LAL vs. MIA,W,35.3,5.0,4.0,2.0,4.0,12.0,8.0,18.0,38.0,0.0,2.0,4.0,5.0,25.3,1,1,1,1,3347,1603,1596,4675,8599,20178,17345,25228,1422,8004,23588,22104,1539,8340,1.0,35:15,2015,2016
2015-16,202349,Greivis Vasquez,Greivis,1610612749,MIL,Milwaukee Bucks,21501115,2016-03-30T00:00:00,MIL vs. PHX,W,13.1,0.0,0.0,0.0,0.0,6.0,2.0,6.0,14.0,0.0,0.0,1.0,1.0,10.1,1,1,1,1,20924,12059,10158,9917,18861,10028,3734,13388,17019,8004,1,4972,12373,19105,1.0,13:05,2015,2016
2015-16,201962,Toney Douglas,Toney,1610612740,NOP,New Orleans Pelicans,21501118,2016-03-30T00:00:00,NOP @ SAS,L,27.5,0.0,0.0,0.0,0.0,9.0,7.0,9.0,10.0,0.0,0.0,1.0,1.0,23.9,1,13074,13074,13074,9594,12059,10158,9917,18861,15771,15642,18829,20209,8004,1,4972,12373,9184,1.0,27:31,2015,2016
2015-16,203145,Kent Bazemore,Kent,1610612737,ATL,Atlanta Hawks,21501113,2016-03-30T00:00:00,ATL @ TOR,L,24.8,0.0,2.0,0.0,6.0,12.0,5.0,5.0,22.0,0.0,0.0,4.0,1.0,19.1,1,13074,13074,13074,11795,12059,4731,9917,5299,20178,11469,11593,10265,8004,1,22104,12373,12372,1.0,24:50,2015,2016
2015-16,202362,Lance Stephenson,Lance,1610612763,MEM,Memphis Grizzlies,21501114,2016-03-30T00:00:00,MEM vs. DEN,L,25.6,4.0,4.0,0.0,8.0,2.0,0.0,7.0,18.0,1.0,1.0,2.0,7.0,19.1,1,13074,13074,13074,11204,2460,1596,9917,3109,2619,1,15538,13577,2692,17214,11390,469,12372,1.0,25:37,2015,2016
2015-16,101179,Ronnie Price,Ronnie,1610612756,PHX,Phoenix Suns,21501115,2016-03-30T00:00:00,PHX @ MIL,L,21.4,2.0,2.0,2.0,4.0,7.0,5.0,3.0,12.0,0.0,1.0,3.0,1.0,14.9,1,13074,13074,13074,14708,6026,4731,4675,8599,12242,11469,7328,18637,8004,17214,17641,12373,15463,1.0,21:23,2015,2016
2015-16,203078,Bradley Beal,Bradley,1610612764,WAS,Washington Wizards,21501120,2016-03-30T00:00:00,WAS @ SAC,L,34.9,6.0,2.0,8.0,12.0,14.0,4.0,10.0,46.0,0.0,1.0,0.0,3.0,34.8,1,13074,13074,13074,3595,878,4731,280,988,22292,8458,20169,298,8004,17214,1,4736,3891,1.0,34:55,2015,2016
2015-16,2403,Nene,ene,1610612764,WAS,Washington Wizards,21501120,2016-03-30T00:00:00,WAS @ SAC,L,21.5,0.0,0.0,0.0,10.0,10.0,2.0,14.0,24.0,0.0,0.0,4.0,4.0,23.2,1,13074,13074,13074,14601,12059,10158,9917,1840,17370,3734,23710,8723,8004,1,22104,2748,9630,1.0,21:29,2015,2016
2015-16,203940,Adreian Payne,Adreian,1610612750,MIN,Minnesota Timberwolves,21501116,2016-03-30T00:00:00,MIN vs. LAC,L,11.0,0.0,0.0,0.0,0.0,5.0,0.0,5.0,16.0,0.0,0.0,0.0,0.0,9.8,1,13074,13074,13074,22013,12059,10158,9917,18861,8403,1,11593,15259,8004,1,1,18762,19331,1.0,11:02,2015,2016
2015-16,1626168,Trey Lyles,Trey,1610612762,UTA,Utah Jazz,21501119,2016-03-30T00:00:00,UTA vs. GSW,L,25.0,2.0,0.0,4.0,4.0,8.0,5.0,2.0,14.0,0.0,1.0,3.0,1.0,19.5,1,13074,13074,13074,11678,6026,10158,1913,8599,13914,11469,4025,17019,8004,17214,17641,12373,12096,1.0,24:59,2015,2016
2015-16,200746,LaMarcus Aldridge,LaMarcus,1610612759,SAS,San Antonio Spurs,21501118,2016-03-30T00:00:00,SAS vs. NOP,W,32.5,0.0,0.0,0.0,6.0,6.0,4.0,8.0,26.0,1.0,0.0,2.0,3.0,25.7,1,1,1,1,5519,12059,10158,9917,5299,10028,8458,17194,7214,2692,1,11390,4736,8088,1.0,32:29,2015,2016
2015-16,202693,Markieff Morris,Markieff,1610612764,WAS,Washington Wizards,21501120,2016-03-30T00:00:00,WAS @ SAC,L,32.1,2.0,5.0,0.0,8.0,8.0,4.0,12.0,38.0,2.0,1.0,1.0,0.0,23.8,1,13074,13074,13074,5771,6026,995,9917,3109,13914,8458,22259,1422,932,17214,4972,18762,9261,1.0,32:08,2015,2016
2015-16,202357,Nemanja Bjelica,Nemanja,1610612750,MIN,Minnesota Timberwolves,21501116,2016-03-30T00:00:00,MIN vs. LAC,L,20.2,2.0,2.0,2.0,6.0,7.0,0.0,5.0,22.0,0.0,1.0,2.0,4.0,22.9,1,13074,13074,13074,15774,6026,4731,4675,5299,12242,1,11593,10265,8004,17214,11390,2748,9811,1.0,20:10,2015,2016
2015-16,1713,Vince Carter,Vince,1610612763,MEM,Memphis Grizzlies,21501114,2016-03-30T00:00:00,MEM vs. DEN,L,23.2,2.0,0.0,0.0,2.0,4.0,0.0,9.0,16.0,0.0,0.0,5.0,3.0,10.2,1,13074,13074,13074,13214,6026,10158,9917,12984,6141,1,18829,15259,8004,1,24686,4736,19003,1.0,23:11,2015,2016
2015-16,202687,Bismack Biyombo,Bismack,1610612761,TOR,Toronto Raptors,21501113,2016-03-30T00:00:00,TOR vs. ATL,W,17.0,2.0,2.0,0.0,2.0,2.0,5.0,4.0,14.0,1.0,0.0,1.0,3.0,23.2,1,1,1,1,18243,6026,4731,9917,12984,2619,11469,8806,17019,2692,1,4972,4736,9630,1.0,17:02,2015,2016
2015-16,200770,Jordan Farmar,Jordan,1610612763,MEM,Memphis Grizzlies,21501114,2016-03-30T00:00:00,MEM vs. DEN,L,25.2,2.0,0.0,2.0,6.0,7.0,5.0,11.0,20.0,0.0,0.0,2.0,2.0,23.5,1,13074,13074,13074,11528,6026,10158,4675,5299,12242,11469,21342,11929,8004,1,11390,7786,9452,1.0,25:12,2015,2016
2015-16,1626181,Norman Powell,Norman,1610612761,TOR,Toronto Raptors,21501113,2016-03-30T00:00:00,TOR vs. ATL,W,25.0,6.0,0.0,2.0,2.0,10.0,5.0,5.0,16.0,0.0,1.0,2.0,1.0,22.8,1,1,1,1,11644,878,10158,4675,12984,17370,11469,11593,15259,8004,17214,11390,12373,9883,1.0,25:02,2015,2016
2015-16,203082,Terrence Ross,Terrence,1610612761,TOR,Toronto Raptors,21501113,2016-03-30T00:00:00,TOR vs. ATL,W,23.0,3.0,0.0,1.0,4.0,2.0,4.0,3.0,18.0,0.0,0.0,1.0,1.0,25.6,1,1,1,1,13399,4307,10158,9347,8599,2619,8458,7328,13577,8004,1,4972,12373,8157,1.0,22:58,2015,2016
2015-16,201961,Wayne Ellington,Wayne,1610612751,BKN,Brooklyn Nets,21501108,2016-03-29T00:00:00,BKN @ ORL,L,25.4,0.0,0.0,1.0,0.0,14.0,2.0,10.0,32.0,0.0,0.0,2.0,3.0,14.9,1,13074,13074,13074,11346,12059,10158,9347,18861,22292,3734,20169,3535,8004,1,11390,4736,15463,1.0,25:26,2015,2016
2015-16,203382,Aron Baynes,Aron,1610612765,DET,Detroit Pistons,21501110,2016-03-29T00:00:00,DET vs. OKC,W,18.0,0.0,0.0,0.0,2.0,5.0,6.0,2.0,14.0,0.0,1.0,3.0,4.0,14.8,1,1,1,1,17550,12059,10158,9917,12984,8403,13237,4025,17019,8004,17214,17641,2748,15561,1.0,17:58,2015,2016
2015-16,202693,Markieff Morris,Markieff,1610612764,WAS,Washington Wizards,21501112,2016-03-29T00:00:00,WAS @ GSW,L,23.9,2.0,0.0,0.0,2.0,9.0,2.0,16.0,14.0,1.0,0.0,3.0,2.0,23.6,1,13074,13074,13074,12650,6026,10158,9917,12984,15771,3734,24641,17019,2692,1,17641,7786,9377,1.0,23:54,2015,2016
2015-16,2733,Shaun Livingston,Shaun,1610612744,GSW,Golden State Warriors,21501112,2016-03-29T00:00:00,GSW vs. WAS,W,20.5,0.0,0.0,4.0,4.0,5.0,4.0,5.0,16.0,0.0,0.0,2.0,1.0,14.8,1,1,1,1,15494,12059,10158,1913,8599,8403,8458,11593,15259,8004,1,11390,12373,15561,1.0,20:29,2015,2016
2015-16,2744,Al Jefferson,Al,1610612766,CHA,Charlotte Hornets,21501109,2016-03-29T00:00:00,CHA @ PHI,W,21.0,2.0,0.0,0.0,4.0,5.0,7.0,1.0,10.0,2.0,0.0,1.0,1.0,25.8,1,1,1,1,15021,6026,10158,9917,8599,8403,15642,3646,20209,932,1,4972,12373,8022,1.0,21:02,2015,2016
2015-16,201943,Brandon Jennings,Brandon,1610612753,ORL,Orlando Magic,21501108,2016-03-29T00:00:00,ORL vs. BKN,W,16.0,3.0,2.0,3.0,0.0,0.0,2.0,2.0,12.0,0.0,1.0,4.0,0.0,25.4,1,1,1,1,19017,4307,4731,3302,18861,1,3734,4025,18637,8004,17214,22104,18762,8273,1.0,16:01,2015,2016
2015-16,202704,Reggie Jackson,Reggie,1610612765,DET,Detroit Pistons,21501110,2016-03-29T00:00:00,DET vs. OKC,W,27.6,0.0,2.0,0.0,4.0,8.0,9.0,9.0,20.0,1.0,2.0,4.0,3.0,25.2,1,1,1,1,9534,12059,4731,9917,8599,13914,19144,18829,11929,2692,23588,22104,4736,8383,1.0,27:36,2015,2016
2015-16,201567,Kevin Love,Kevin,1610612739,CLE,Cleveland Cavaliers,21501111,2016-03-29T00:00:00,CLE vs. HOU,L,29.5,0.0,0.0,0.0,2.0,12.0,13.0,11.0,32.0,0.0,1.0,3.0,4.0,25.2,1,13074,13074,13074,7961,12059,10158,9917,12984,20178,23668,21342,3535,8004,17214,17641,2748,8383,1.0,29:31,2015,2016
2015-16,203095,Evan Fournier,Evan,1610612753,ORL,Orlando Magic,21501108,2016-03-29T00:00:00,ORL vs. BKN,W,23.3,3.0,0.0,0.0,6.0,6.0,10.0,6.0,28.0,0.0,2.0,1.0,0.0,19.7,1,1,1,1,13149,4307,10158,9917,5299,10028,20509,13388,5824,8004,23588,4972,18762,11962,1.0,23:15,2015,2016
2015-16,2592,James Jones,James,1610612739,CLE,Cleveland Cavaliers,21501111,2016-03-29T00:00:00,CLE vs. HOU,L,8.1,3.0,3.0,0.0,0.0,0.0,0.0,0.0,4.0,0.0,0.0,0.0,3.0,14.2,1,13074,13074,13074,23167,4307,3104,9917,18861,1,1,1,23698,8004,1,1,4736,16003,1.0,8:03,2015,2016
2015-16,203186,Willie Reed,Willie,1610612751,BKN,Brooklyn Nets,21501108,2016-03-29T00:00:00,BKN @ ORL,L,12.3,0.0,4.0,0.0,10.0,6.0,4.0,7.0,10.0,1.0,0.0,1.0,1.0,19.0,1,13074,13074,13074,21410,12059,1596,9917,1840,10028,8458,15538,20209,2692,1,4972,12373,12440,1.0,12:15,2015,2016
2015-16,201228,C.J. Watson,C.J.,1610612753,ORL,Orlando Magic,21501108,2016-03-29T00:00:00,ORL vs. BKN,W,21.9,2.0,0.0,2.0,0.0,0.0,2.0,2.0,20.0,0.0,0.0,3.0,1.0,19.1,1,1,1,1,14245,6026,10158,4675,18861,1,3734,4025,11929,8004,1,17641,12373,12372,1.0,21:55,2015,2016
2015-16,202730,Lavoy Allen,Lavoy,1610612754,IND,Indiana Pacers,21501107,2016-03-29T00:00:00,IND vs. CHI,L,16.8,2.0,6.0,1.0,6.0,4.0,3.0,2.0,14.0,0.0,0.0,2.0,1.0,14.2,1,13074,13074,13074,18417,6026,481,9347,5299,6141,7138,4025,17019,8004,1,11390,12373,16003,1.0,16:48,2015,2016
2015-16,1626166,Cameron Payne,Cameron,1610612760,OKC,Oklahoma City Thunder,21501110,2016-03-29T00:00:00,OKC @ DET,L,13.3,2.0,0.0,2.0,2.0,4.0,6.0,2.0,12.0,0.0,0.0,1.0,0.0,10.2,1,13074,13074,13074,20805,6026,10158,4675,12984,6141,13237,4025,18637,8004,1,4972,18762,19003,1.0,13:18,2015,2016
2015-16,201160,Jason Smith,Jason,1610612753,ORL,Orlando Magic,21501108,2016-03-29T00:00:00,ORL vs. BKN,W,21.2,2.0,0.0,0.0,2.0,0.0,4.0,2.0,18.0,1.0,0.0,1.0,2.0,23.0,1,1,1,1,14862,6026,10158,9917,12984,1,8458,4025,13577,2692,1,4972,7786,9760,1.0,21:13,2015,2016
2015-16,202697,Iman Shumpert,Iman,1610612739,CLE,Cleveland Cavaliers,21501111,2016-03-29T00:00:00,CLE vs. HOU,L,34.7,2.0,3.0,2.0,2.0,16.0,13.0,19.0,40.0,2.0,0.0,4.0,1.0,25.6,1,13074,13074,13074,3793,6026,3104,4675,12984,23774,23668,25435,983,932,1,22104,12373,8157,1.0,34:41,2015,2016
2015-16,1626171,Bobby Portis,Bobby,1610612741,CHI,Chicago Bulls,21501107,2016-03-29T00:00:00,CHI @ IND,W,10.0,0.0,0.0,0.0,4.0,2.0,4.0,3.0,16.0,0.0,0.0,1.0,2.0,10.2,1,1,1,1,22449,12059,10158,9917,8599,2619,8458,7328,15259,8004,1,4972,7786,19003,1.0,9:59,2015,2016
2015-16,201581,JJ Hickson,JJ,1610612764,WAS,Washington Wizards,21501112,2016-03-29T00:00:00,WAS @ GSW,L,5.9,0.0,0.0,2.0,8.0,2.0,0.0,0.0,4.0,0.0,1.0,0.0,2.0,15.0,1,13074,13074,13074,24029,12059,10158,4675,3109,2619,1,1,23698,8004,17214,1,7786,15404,1.0,5:51,2015,2016
2015-16,202397,Ish Smith,Ish,1610612755,PHI,Philadelphia 76ers,21501109,2016-03-29T00:00:00,PHI vs. CHA,L,40.7,2.0,3.0,0.0,4.0,15.0,15.0,11.0,42.0,3.0,0.0,1.0,0.0,33.6,1,13074,13074,13074,553,6026,3104,9917,8599,23079,24781,21342,670,347,1,4972,18762,4305,1.0,40:42,2015,2016
2015-16,203078,Bradley Beal,Bradley,1610612764,WAS,Washington Wizards,21501112,2016-03-29T00:00:00,WAS @ GSW,L,31.2,0.0,2.0,4.0,8.0,14.0,7.0,18.0,28.0,0.0,1.0,2.0,3.0,25.4,1,13074,13074,13074,6582,12059,4731,1913,3109,22292,15642,25228,5824,8004,17214,11390,4736,8273,1.0,31:11,2015,2016
2015-16,203546,Ian Clark,Ian,1610612744,GSW,Golden State Warriors,21501112,2016-03-29T00:00:00,GSW vs. WAS,W,17.1,0.0,2.0,0.0,2.0,5.0,7.0,2.0,20.0,1.0,0.0,1.0,0.0,10.4,1,1,1,1,18196,12059,4731,9917,12984,8403,15642,4025,11929,2692,1,4972,18762,18859,1.0,17:06,2015,2016
2015-16,201588,George Hill,George,1610612754,IND,Indiana Pacers,21501107,2016-03-29T00:00:00,IND vs. CHI,L,31.5,2.0,0.0,2.0,2.0,4.0,9.0,0.0,20.0,0.0,0.0,0.0,1.0,14.6,1,13074,13074,13074,6311,6026,10158,4675,12984,6141,19144,1,11929,8004,1,1,12373,15699,1.0,31:31,2015,2016
2015-16,203473,Dewayne Dedmon,Dewayne,1610612753,ORL,Orlando Magic,21501108,2016-03-29T00:00:00,ORL vs. BKN,W,20.1,2.0,0.0,0.0,12.0,6.0,8.0,6.0,24.0,3.0,1.0,3.0,2.0,25.8,1,1,1,1,15878,6026,10158,9917,988,10028,17345,13388,8723,347,17214,17641,7786,8022,1.0,20:03,2015,2016
2015-16,1626209,Mario Hezonja,Mario,1610612753,ORL,Orlando Magic,21501108,2016-03-29T00:00:00,ORL vs. BKN,W,24.8,0.0,4.0,1.0,4.0,0.0,2.0,2.0,22.0,1.0,0.0,5.0,2.0,25.1,1,1,1,1,11878,12059,1596,9347,8599,1,3734,4025,10265,2692,1,24686,7786,8429,1.0,24:45,2015,2016
2015-16,101112,Channing Frye,Channing,1610612739,CLE,Cleveland Cavaliers,21501111,2016-03-29T00:00:00,CLE vs. HOU,L,10.4,0.0,0.0,0.0,0.0,7.0,2.0,11.0,16.0,0.0,0.0,2.0,1.0,1.2,1,13074,13074,13074,22259,12059,10158,9917,18861,12242,3734,21342,15259,8004,1,11390,12373,24661,1.0,10:26,2015,2016
2015-16,201229,Anthony Tolliver,Anthony,1610612765,DET,Detroit Pistons,21501110,2016-03-29T00:00:00,DET vs. OKC,W,9.3,0.0,0.0,0.0,2.0,4.0,0.0,2.0,14.0,0.0,0.0,0.0,1.0,2.0,1,1,1,1,22700,12059,10158,9917,12984,6141,1,4025,17019,8004,1,1,12373,24216,1.0,9:20,2015,2016
2015-16,2403,Nene,ene,1610612764,WAS,Washington Wizards,21501112,2016-03-29T00:00:00,WAS @ GSW,L,17.5,7.0,0.0,0.0,6.0,14.0,3.0,8.0,16.0,0.0,0.0,1.0,4.0,6.2,1,13074,13074,13074,17877,548,10158,9917,5299,22292,7138,17194,15259,8004,1,4972,2748,21696,1.0,17:32,2015,2016
2015-16,201572,Brook Lopez,Brook,1610612751,BKN,Brooklyn Nets,21501108,2016-03-29T00:00:00,BKN @ ORL,L,14.7,0.0,2.0,0.0,4.0,9.0,3.0,6.0,20.0,0.0,0.0,2.0,1.0,6.1,1,13074,13074,13074,19969,12059,4731,9917,8599,15771,7138,13388,11929,8004,1,11390,12373,21845,1.0,14:41,2015,2016
2015-16,203906,Devyn Marble,Devyn,1610612753,ORL,Orlando Magic,21501108,2016-03-29T00:00:00,ORL vs. BKN,W,6.7,0.0,2.0,0.0,2.0,0.0,0.0,0.0,8.0,0.0,0.0,1.0,1.0,5.5,1,1,1,1,23659,12059,4731,9917,12984,1,1,1,21543,8004,1,4972,12373,22196,1.0,6:44,2015,2016
2015-16,202388,Donald Sloan,Donald,1610612751,BKN,Brooklyn Nets,21501108,2016-03-29T00:00:00,BKN @ ORL,L,6.6,0.0,0.0,0.0,0.0,4.0,4.0,4.0,12.0,0.0,0.0,1.0,0.0,1.5,1,13074,13074,13074,23729,12059,10158,9917,18861,6141,8458,8806,18637,8004,1,4972,18762,24473,1.0,6:33,2015,2016
2015-16,203268,Jorge Gutierrez,Jorge,1610612766,CHA,Charlotte Hornets,21501109,2016-03-29T00:00:00,CHA @ PHI,W,12.3,0.0,0.0,0.0,2.0,1.0,2.0,1.0,4.0,0.0,0.0,0.0,1.0,5.7,1,1,1,1,21375,12059,10158,9917,12984,2356,3734,3646,23698,8004,1,1,12373,22054,1.0,12:19,2015,2016
2015-16,203584,Troy Daniels,Troy,1610612766,CHA,Charlotte Hornets,21501109,2016-03-29T00:00:00,CHA @ PHI,W,1.3,0.0,0.0,0.0,0.0,0.0,0.0,0.0,2.0,0.0,0.0,0.0,0.0,2.0,1,1,1,1,25774,12059,10158,9917,18861,1,1,1,24614,8004,1,1,18762,24216,1.0,1:16,2015,2016
2015-16,201155,Rodney Stuckey,Rodney,1610612754,IND,Indiana Pacers,21501107,2016-03-29T00:00:00,IND vs. CHI,L,16.5,0.0,0.0,2.0,2.0,2.0,9.0,5.0,16.0,0.0,1.0,3.0,1.0,11.4,1,13074,13074,13074,18659,12059,10158,4675,12984,2619,19144,11593,15259,8004,17214,17641,12373,18134,1.0,16:30,2015,2016
2015-16,2590,Mo Williams,Mo,1610612739,CLE,Cleveland Cavaliers,21501111,2016-03-29T00:00:00,CLE vs. HOU,L,5.8,3.0,0.0,3.0,0.0,0.0,0.0,0.0,6.0,0.0,0.0,1.0,0.0,6.0,1,13074,13074,13074,24040,4307,10158,3302,18861,1,1,1,22724,8004,1,4972,18762,21878,1.0,5:51,2015,2016
2015-16,203949,James Michael McAdoo,James Michael,1610612744,GSW,Golden State Warriors,21501112,2016-03-29T00:00:00,GSW vs. WAS,W,5.2,0.0,0.0,0.0,2.0,2.0,4.0,4.0,14.0,1.0,0.0,1.0,2.0,6.0,1,1,1,1,24313,12059,10158,9917,12984,2619,8458,8806,17019,2692,1,4972,7786,21878,1.0,5:10,2015,2016
2015-16,201162,Jared Dudley,Jared,1610612764,WAS,Washington Wizards,21501112,2016-03-29T00:00:00,WAS @ GSW,L,17.9,2.0,0.0,2.0,4.0,10.0,5.0,4.0,18.0,0.0,0.0,1.0,1.0,10.9,1,13074,13074,13074,17564,6026,10158,4675,8599,17370,11469,8806,13577,8004,1,4972,12373,18498,1.0,17:56,2015,2016
2015-16,1626199,Darrun Hilliard,Darrun,1610612765,DET,Detroit Pistons,21501110,2016-03-29T00:00:00,DET vs. OKC,W,2.8,0.0,0.0,0.0,0.0,0.0,1.0,0.0,0.0,0.0,0.0,0.0,0.0,1.2,1,1,1,1,25185,12059,10158,9917,18861,1,3393,1,25429,8004,1,1,18762,24661,1.0,2:51,2015,2016
2015-16,203909,KJ McDaniels,KJ,1610612745,HOU,Houston Rockets,21501111,2016-03-29T00:00:00,HOU @ CLE,W,16.9,0.0,0.0,0.0,0.0,7.0,6.0,2.0,10.0,0.0,1.0,3.0,0.0,5.8,1,1,1,1,18332,12059,10158,9917,18861,12242,13237,4025,20209,8004,17214,17641,18762,22018,1.0,16:55,2015,2016
2015-16,203460,Andre Roberson,Andre,1610612760,OKC,Oklahoma City Thunder,21501110,2016-03-29T00:00:00,OKC @ DET,L,21.8,0.0,2.0,0.0,2.0,13.0,6.0,2.0,22.0,1.0,0.0,1.0,0.0,11.3,1,13074,13074,13074,14316,12059,4731,9917,12984,21300,13237,4025,10265,2692,1,4972,18762,18230,1.0,21:49,2015,2016
2015-16,1626163,Frank Kaminsky,Frank,1610612766,CHA,Charlotte Hornets,21501109,2016-03-29T00:00:00,CHA @ PHI,W,17.1,0.0,2.0,0.0,4.0,9.0,4.0,1.0,12.0,0.0,1.0,0.0,2.0,10.8,1,1,1,1,18196,12059,4731,9917,8599,15771,8458,3646,18637,8004,17214,1,7786,18579,1.0,17:06,2015,2016
2015-16,202700,Donatas Motiejunas,Donatas,1610612745,HOU,Houston Rockets,21501111,2016-03-29T00:00:00,HOU @ CLE,W,9.7,0.0,0.0,2.0,4.0,2.0,7.0,4.0,10.0,0.0,0.0,4.0,0.0,6.4,1,1,1,1,22557,12059,10158,4675,8599,2619,15642,8806,20209,8004,1,22104,18762,21589,1.0,9:42,2015,2016
2015-16,201946,Tyler Hansbrough,Tyler,1610612766,CHA,Charlotte Hornets,21501109,2016-03-29T00:00:00,CHA @ PHI,W,1.3,0.0,0.0,0.0,0.0,0.0,0.0,0.0,2.0,0.0,0.0,0.0,0.0,1.2,1,1,1,1,25774,12059,10158,9917,18861,1,1,1,24614,8004,1,1,18762,24661,1.0,1:16,2015,2016
2015-16,201196,Ramon Sessions,Ramon,1610612764,WAS,Washington Wizards,21501112,2016-03-29T00:00:00,WAS @ GSW,L,16.8,0.0,1.0,0.0,0.0,9.0,2.0,6.0,18.0,0.0,0.0,1.0,2.0,11.3,1,13074,13074,13074,18459,12059,9709,9917,18861,15771,3734,13388,13577,8004,1,4972,7786,18230,1.0,16:45,2015,2016
2015-16,2210,Richard Jefferson,Richard,1610612739,CLE,Cleveland Cavaliers,21501111,2016-03-29T00:00:00,CLE vs. HOU,L,11.5,3.0,0.0,0.0,0.0,5.0,1.0,4.0,12.0,0.0,0.0,1.0,0.0,7.5,1,13074,13074,13074,21825,4307,10158,9917,18861,8403,3393,8806,18637,8004,1,4972,18762,20874,1.0,11:30,2015,2016
2015-16,202683,Enes Freedom,Enes,1610612760,OKC,Oklahoma City Thunder,21501110,2016-03-29T00:00:00,OKC @ DET,L,24.6,7.0,5.0,0.0,10.0,12.0,6.0,2.0,22.0,0.0,0.0,3.0,4.0,29.3,1,13074,13074,13074,12000,548,995,9917,1840,20178,13237,4025,10265,8004,1,17641,2748,6202,1.0,24:37,2015,2016
2015-16,202689,Kemba Walker,Kemba,1610612766,CHA,Charlotte Hornets,21501109,2016-03-29T00:00:00,CHA @ PHI,W,35.7,2.0,3.0,2.0,2.0,12.0,13.0,4.0,18.0,0.0,2.0,0.0,2.0,29.0,1,1,1,1,2988,6026,3104,4675,12984,20178,23668,8806,13577,8004,23588,1,7786,6346,1.0,35:41,2015,2016
2015-16,203469,Cody Zeller,Cody,1610612766,CHA,Charlotte Hornets,21501109,2016-03-29T00:00:00,CHA @ PHI,W,25.7,2.0,2.0,2.0,12.0,8.0,8.0,4.0,10.0,2.0,0.0,2.0,3.0,35.2,1,1,1,1,11100,6026,4731,4675,988,13914,17345,8806,20209,932,1,11390,4736,3745,1.0,25:42,2015,2016
2015-16,203084,Harrison Barnes,Harrison,1610612744,GSW,Golden State Warriors,21501112,2016-03-29T00:00:00,GSW vs. WAS,W,34.8,4.0,0.0,2.0,6.0,11.0,8.0,6.0,32.0,0.0,1.0,2.0,3.0,29.8,1,1,1,1,3713,2460,10158,4675,5299,18886,17345,13388,3535,8004,17214,11390,4736,5948,1.0,34:47,2015,2016
2015-16,2772,Trevor Ariza,Trevor,1610612745,HOU,Houston Rockets,21501111,2016-03-29T00:00:00,HOU @ CLE,W,39.8,4.0,0.0,7.0,6.0,16.0,14.0,9.0,22.0,0.0,0.0,2.0,2.0,29.7,1,1,1,1,779,2460,10158,454,5299,23774,24300,18829,10265,8004,1,11390,7786,6006,1.0,39:49,2015,2016
2015-16,200751,Randy Foye,Randy,1610612760,OKC,Oklahoma City Thunder,21501110,2016-03-29T00:00:00,OKC @ DET,L,23.3,0.0,0.0,2.0,2.0,8.0,6.0,2.0,18.0,2.0,0.0,0.0,2.0,24.5,1,13074,13074,13074,13092,12059,10158,4675,12984,13914,13237,4025,13577,932,1,1,7786,8801,1.0,23:20,2015,2016
2015-16,2399,Mike Dunleavy,Mike,1610612741,CHI,Chicago Bulls,21501107,2016-03-29T00:00:00,CHI @ IND,W,16.9,0.0,1.0,0.0,2.0,2.0,6.0,1.0,18.0,0.0,0.0,3.0,2.0,7.5,1,1,1,1,18358,12059,9709,9917,12984,2619,13237,3646,13577,8004,1,17641,7786,20874,1.0,16:53,2015,2016
2015-16,203094,Andrew Nicholson,Andrew,1610612753,ORL,Orlando Magic,21501108,2016-03-29T00:00:00,ORL vs. BKN,W,21.4,3.0,0.0,0.0,8.0,0.0,2.0,2.0,20.0,0.0,0.0,2.0,3.0,29.6,1,1,1,1,14706,4307,10158,9917,3109,1,3734,4025,11929,8004,1,11390,4736,6050,1.0,21:23,2015,2016
2015-16,203506,Victor Oladipo,Victor,1610612753,ORL,Orlando Magic,21501108,2016-03-29T00:00:00,ORL vs. BKN,W,26.1,0.0,0.0,2.0,0.0,6.0,10.0,6.0,30.0,0.0,0.0,4.0,1.0,29.6,1,1,1,1,10774,12059,10158,4675,18861,10028,20509,13388,4541,8004,1,22104,12373,6050,1.0,26:05,2015,2016
2015-16,202322,John Wall,John,1610612764,WAS,Washington Wizards,21501112,2016-03-29T00:00:00,WAS @ GSW,L,34.2,2.0,2.0,0.0,4.0,18.0,5.0,20.0,26.0,4.0,3.0,2.0,1.0,43.5,1,13074,13074,13074,4170,6026,4731,9917,8599,24749,11469,25599,7214,132,25441,11390,12373,1646,1.0,34:13,2015,2016
2015-16,2760,Anderson Varejao,Anderson,1610612744,GSW,Golden State Warriors,21501112,2016-03-29T00:00:00,GSW vs. WAS,W,8.8,1.0,0.0,0.0,0.0,8.0,0.0,3.0,6.0,0.0,2.0,1.0,3.0,11.4,1,1,1,1,22932,11535,10158,9917,18861,13914,1,7328,22724,8004,23588,4972,4736,18134,1.0,8:46,2015,2016
2015-16,202331,Paul George,Paul,1610612754,IND,Indiana Pacers,21501107,2016-03-29T00:00:00,IND vs. CHI,L,36.5,6.0,0.0,6.0,10.0,6.0,9.0,2.0,24.0,1.0,2.0,2.0,5.0,50.3,1,13074,13074,13074,2397,878,10158,740,1840,10028,19144,4025,8723,2692,23588,11390,1539,722,1.0,36:30,2015,2016
2015-16,201935,James Harden,James,1610612745,HOU,Houston Rockets,21501111,2016-03-29T00:00:00,HOU @ CLE,W,44.3,6.0,0.0,7.0,10.0,16.0,11.0,9.0,26.0,0.0,2.0,2.0,5.0,45.2,1,1,1,1,109,878,10158,454,1840,23774,21814,18829,7214,8004,23588,11390,1539,1324,1.0,44:20,2015,2016
2015-16,203500,Steven Adams,Steven,1610612760,OKC,Oklahoma City Thunder,21501110,2016-03-29T00:00:00,OKC @ DET,L,35.3,0.0,0.0,0.0,6.0,12.0,6.0,2.0,30.0,3.0,0.0,4.0,4.0,29.5,1,13074,13074,13074,3345,12059,10158,9917,5299,20178,13237,4025,4541,347,1,22104,2748,6103,1.0,35:16,2015,2016
2015-16,201587,Nicolas Batum,Nicolas,1610612766,CHA,Charlotte Hornets,21501109,2016-03-29T00:00:00,CHA @ PHI,W,37.6,4.0,6.0,0.0,8.0,9.0,13.0,5.0,14.0,0.0,1.0,2.0,3.0,50.2,1,1,1,1,1710,2460,481,9917,3109,15771,23668,11593,17019,8004,17214,11390,4736,733,1.0,37:35,2015,2016
2015-16,202694,Marcus Morris Sr.,Marcus,1610612765,DET,Detroit Pistons,21501110,2016-03-29T00:00:00,DET vs. OKC,W,37.6,14.0,4.0,0.0,8.0,11.0,9.0,10.0,28.0,1.0,0.0,2.0,5.0,37.4,1,1,1,1,1715,6,1596,9917,3109,18886,19144,20169,5824,2692,1,11390,1539,3073,1.0,37:34,2015,2016
2015-16,203110,Draymond Green,Draymond,1610612744,GSW,Golden State Warriors,21501112,2016-03-29T00:00:00,GSW vs. WAS,W,36.3,3.0,0.0,4.0,2.0,14.0,8.0,11.0,38.0,2.0,0.0,3.0,2.0,54.7,1,1,1,1,2520,4307,10158,1913,12984,22292,17345,21342,1422,932,1,17641,7786,406,1.0,36:20,2015,2016
2015-16,202681,Kyrie Irving,Kyrie,1610612739,CLE,Cleveland Cavaliers,21501111,2016-03-29T00:00:00,CLE vs. HOU,L,37.2,4.0,2.0,2.0,6.0,14.0,15.0,18.0,40.0,1.0,3.0,3.0,4.0,46.4,1,13074,13074,13074,1936,2460,4731,4675,5299,22292,24781,25228,983,2692,25441,17641,2748,1149,1.0,37:14,2015,2016
2015-16,201976,Patrick Beverley,Patrick,1610612745,HOU,Houston Rockets,21501111,2016-03-29T00:00:00,HOU @ CLE,W,31.2,2.0,5.0,2.0,4.0,9.0,7.0,4.0,16.0,1.0,0.0,5.0,2.0,35.4,1,1,1,1,6582,6026,995,4675,8599,15771,15642,8806,15259,2692,1,24686,7786,3684,1.0,31:11,2015,2016
2015-16,201939,Stephen Curry,Stephen,1610612744,GSW,Golden State Warriors,21501112,2016-03-29T00:00:00,GSW vs. WAS,W,34.7,8.0,3.0,5.0,6.0,14.0,5.0,11.0,32.0,0.0,2.0,3.0,2.0,54.9,1,1,1,1,3772,308,3104,1277,5299,22292,11469,21342,3535,8004,23588,17641,7786,401,1.0,34:43,2015,2016
2015-16,203499,Shane Larkin,Shane,1610612751,BKN,Brooklyn Nets,21501108,2016-03-29T00:00:00,BKN @ ORL,L,33.0,2.0,2.0,2.0,8.0,21.0,7.0,14.0,44.0,0.0,2.0,2.0,2.0,24.3,1,13074,13074,13074,5104,6026,4731,4675,3109,25535,15642,23710,454,8004,23588,11390,7786,8939,1.0,33:01,2015,2016
2015-16,203524,Solomon Hill,Solomon,1610612754,IND,Indiana Pacers,21501107,2016-03-29T00:00:00,IND vs. CHI,L,26.9,0.0,2.0,0.0,0.0,2.0,11.0,5.0,20.0,0.0,0.0,1.0,2.0,6.6,1,13074,13074,13074,10084,12059,4731,9917,18861,2619,21814,11593,11929,8004,1,4972,7786,21445,1.0,26:56,2015,2016
2015-16,203962,Josh Huestis,Josh,1610612760,OKC,Oklahoma City Thunder,21501110,2016-03-29T00:00:00,OKC @ DET,L,15.7,0.0,0.0,0.0,2.0,10.0,6.0,2.0,12.0,1.0,0.0,1.0,0.0,9.2,1,13074,13074,13074,19241,12059,10158,9917,12984,17370,13237,4025,18637,2692,1,4972,18762,19680,1.0,15:44,2015,2016
2015-16,201959,Taj Gibson,Taj,1610612741,CHI,Chicago Bulls,21501107,2016-03-29T00:00:00,CHI @ IND,W,10.3,0.0,0.0,0.0,0.0,4.0,0.0,0.0,6.0,0.0,2.0,0.0,1.0,5.1,1,1,1,1,22308,12059,10158,9917,18861,6141,1,1,22724,8004,23588,1,12373,22478,1.0,10:19,2015,2016
2015-16,2555,Nick Collison,Nick,1610612760,OKC,Oklahoma City Thunder,21501110,2016-03-29T00:00:00,OKC @ DET,L,4.5,0.0,0.0,0.0,2.0,5.0,2.0,0.0,6.0,0.0,0.0,0.0,0.0,3.2,1,13074,13074,13074,24557,12059,10158,9917,12984,8403,3734,1,22724,8004,1,1,18762,23473,1.0,4:28,2015,2016
2015-16,1626169,Stanley Johnson,Stanley,1610612765,DET,Detroit Pistons,21501110,2016-03-29T00:00:00,DET vs. OKC,W,18.0,2.0,2.0,2.0,4.0,5.0,3.0,5.0,18.0,0.0,0.0,2.0,2.0,9.1,1,1,1,1,17522,6026,4731,4675,8599,8403,7138,11593,13577,8004,1,11390,7786,19789,1.0,17:59,2015,2016
2015-16,101106,Andrew Bogut,Andrew,1610612744,GSW,Golden State Warriors,21501112,2016-03-29T00:00:00,GSW vs. WAS,W,18.8,0.0,0.0,2.0,2.0,6.0,6.0,4.0,18.0,0.0,1.0,1.0,2.0,9.2,1,1,1,1,16840,12059,10158,4675,12984,10028,13237,8806,13577,8004,17214,4972,7786,19680,1.0,18:50,2015,2016
2015-16,203200,Justin Holiday,Justin,1610612741,CHI,Chicago Bulls,21501107,2016-03-29T00:00:00,CHI @ IND,W,2.9,0.0,0.0,0.0,0.0,0.0,0.0,0.0,0.0,0.0,0.0,0.0,0.0,0.0,1,1,1,1,25175,12059,10158,9917,18861,1,1,1,25429,8004,1,1,18762,25170,1.0,2:52,2015,2016
2015-16,201977,Marcus Thornton,Marcus,1610612764,WAS,Washington Wizards,21501112,2016-03-29T00:00:00,WAS @ GSW,L,9.7,0.0,0.0,0.0,0.0,4.0,0.0,0.0,10.0,0.0,1.0,1.0,0.0,9.6,1,13074,13074,13074,22557,12059,10158,9917,18861,6141,1,1,20209,8004,17214,4972,18762,19434,1.0,9:42,2015,2016
2015-16,202711,Bojan Bogdanović,Bojan,1610612751,BKN,Brooklyn Nets,21501108,2016-03-29T00:00:00,BKN @ ORL,L,15.3,0.0,0.0,2.0,2.0,11.0,3.0,9.0,24.0,0.0,0.0,0.0,1.0,8.7,1,13074,13074,13074,19571,12059,10158,4675,12984,18886,7138,18829,8723,8004,1,1,12373,20045,1.0,15:17,2015,2016
2015-16,201627,Anthony Morrow,Anthony,1610612760,OKC,Oklahoma City Thunder,21501110,2016-03-29T00:00:00,OKC @ DET,L,14.1,0.0,0.0,0.0,0.0,14.0,6.0,2.0,20.0,0.0,0.0,0.0,1.0,7.2,1,13074,13074,13074,20345,12059,10158,9917,18861,22292,13237,4025,11929,8004,1,1,12373,21035,1.0,14:06,2015,2016
2015-16,1626162,Kelly Oubre Jr.,Kelly,1610612764,WAS,Washington Wizards,21501112,2016-03-29T00:00:00,WAS @ GSW,L,4.8,0.0,3.0,0.0,4.0,2.0,0.0,0.0,4.0,0.0,0.0,1.0,2.0,7.2,1,13074,13074,13074,24426,12059,3104,9917,8599,2619,1,1,23698,8004,1,4972,7786,21035,1.0,4:48,2015,2016
2015-16,201147,Corey Brewer,Corey,1610612745,HOU,Houston Rockets,21501111,2016-03-29T00:00:00,HOU @ CLE,W,13.9,1.0,0.0,1.0,4.0,13.0,9.0,3.0,6.0,0.0,0.0,4.0,1.0,9.2,1,1,1,1,20463,11535,10158,9347,8599,21300,19144,7328,22724,8004,1,22104,12373,19680,1.0,13:55,2015,2016
2015-16,2581,Steve Blake,Steve,1610612765,DET,Detroit Pistons,21501110,2016-03-29T00:00:00,DET vs. OKC,W,20.4,0.0,0.0,0.0,0.0,4.0,3.0,4.0,18.0,0.0,0.0,0.0,0.0,9.6,1,1,1,1,15562,12059,10158,9917,18861,6141,7138,8806,13577,8004,1,1,18762,19434,1.0,20:24,2015,2016
2015-16,202066,Garrett Temple,Garrett,1610612764,WAS,Washington Wizards,21501112,2016-03-29T00:00:00,WAS @ GSW,L,18.3,0.0,0.0,0.0,0.0,11.0,2.0,8.0,18.0,0.0,0.0,3.0,0.0,7.2,1,13074,13074,13074,17264,12059,10158,9917,18861,18886,3734,17194,13577,8004,1,17641,18762,21035,1.0,18:18,2015,2016
2015-16,1626174,Christian Wood,Christian,1610612755,PHI,Philadelphia 76ers,21501109,2016-03-29T00:00:00,PHI vs. CHA,L,6.9,0.0,0.0,0.0,2.0,2.0,4.0,0.0,8.0,0.0,1.0,0.0,0.0,3.2,1,13074,13074,13074,23609,12059,10158,9917,12984,2619,8458,1,21543,8004,17214,1,18762,23473,1.0,6:52,2015,2016
2015-16,202703,Nikola Mirotic,Nikola,1610612741,CHI,Chicago Bulls,21501107,2016-03-29T00:00:00,CHI @ IND,W,36.5,0.0,3.0,5.0,4.0,20.0,12.0,14.0,42.0,0.0,1.0,3.0,2.0,42.0,1,1,1,1,2387,12059,3104,1277,8599,25338,22832,23710,670,8004,17214,17641,7786,1936,1.0,36:31,2015,2016
2015-16,201565,Derrick Rose,Derrick,1610612741,CHI,Chicago Bulls,21501107,2016-03-29T00:00:00,CHI @ IND,W,28.9,0.0,2.0,0.0,2.0,12.0,10.0,5.0,28.0,0.0,0.0,2.0,0.0,15.2,1,1,1,1,8475,12059,4731,9917,12984,20178,20509,11593,5824,8004,1,11390,18762,15219,1.0,28:52,2015,2016
2015-16,201563,Michael Beasley,Michael,1610612745,HOU,Houston Rockets,21501111,2016-03-29T00:00:00,HOU @ CLE,W,27.4,3.0,2.0,3.0,12.0,7.0,5.0,2.0,10.0,1.0,2.0,4.0,2.0,31.6,1,1,1,1,9664,4307,4731,3302,988,12242,11469,4025,20209,2692,23588,22104,7786,5130,1.0,27:26,2015,2016
2015-16,201166,Aaron Brooks,Aaron,1610612741,CHI,Chicago Bulls,21501107,2016-03-29T00:00:00,CHI @ IND,W,20.3,0.0,0.0,0.0,2.0,12.0,4.0,10.0,24.0,0.0,1.0,1.0,1.0,12.0,1,1,1,1,15666,12059,10158,9917,12984,20178,8458,20169,8723,8004,17214,4972,12373,17703,1.0,20:16,2015,2016
2015-16,201171,Carl Landry,Carl,1610612755,PHI,Philadelphia 76ers,21501109,2016-03-29T00:00:00,PHI vs. CHA,L,22.1,2.0,2.0,0.0,6.0,8.0,10.0,4.0,22.0,0.0,1.0,0.0,1.0,15.1,1,13074,13074,13074,14064,6026,4731,9917,5299,13914,20509,8806,10265,8004,17214,1,12373,15328,1.0,22:08,2015,2016
2015-16,101145,Monta Ellis,Monta,1610612754,IND,Indiana Pacers,21501107,2016-03-29T00:00:00,IND vs. CHI,L,31.5,2.0,2.0,2.0,2.0,4.0,9.0,0.0,20.0,1.0,0.0,1.0,3.0,31.0,1,13074,13074,13074,6311,6026,4731,4675,12984,6141,19144,1,11929,2692,1,4972,4736,5406,1.0,31:31,2015,2016
2015-16,203930,Sean Kilpatrick,Sean,1610612751,BKN,Brooklyn Nets,21501108,2016-03-29T00:00:00,BKN @ ORL,L,23.3,0.0,2.0,1.0,4.0,22.0,8.0,13.0,26.0,0.0,1.0,0.0,3.0,19.9,1,13074,13074,13074,13136,12059,4731,9347,8599,25683,17345,23048,7214,8004,17214,1,4736,11824,1.0,23:16,2015,2016
2015-16,202684,Tristan Thompson,Tristan,1610612739,CLE,Cleveland Cavaliers,21501111,2016-03-29T00:00:00,CLE vs. HOU,L,39.3,2.0,4.0,0.0,8.0,15.0,10.0,16.0,40.0,1.0,0.0,5.0,7.0,31.0,1,13074,13074,13074,943,6026,1596,9917,3109,23079,20509,24641,983,2692,1,24686,469,5406,1.0,39:19,2015,2016
2015-16,203490,Otto Porter Jr.,Otto,1610612764,WAS,Washington Wizards,21501112,2016-03-29T00:00:00,WAS @ GSW,L,34.2,2.0,2.0,5.0,6.0,21.0,5.0,22.0,24.0,2.0,0.0,2.0,3.0,30.2,1,13074,13074,13074,4150,6026,4731,1277,5299,25535,11469,25811,8723,932,1,11390,4736,5751,1.0,34:14,2015,2016
2015-16,203991,Clint Capela,Clint,1610612745,HOU,Houston Rockets,21501111,2016-03-29T00:00:00,HOU @ CLE,W,17.0,3.0,4.0,0.0,8.0,5.0,2.0,0.0,10.0,1.0,0.0,0.0,3.0,30.5,1,1,1,1,18297,4307,1596,9917,3109,8403,3734,1,20209,2692,1,1,4736,5620,1.0,16:58,2015,2016
2015-16,203901,Elfrid Payton,Elfrid,1610612753,ORL,Orlando Magic,21501108,2016-03-29T00:00:00,ORL vs. BKN,W,26.1,5.0,4.0,3.0,8.0,6.0,10.0,6.0,30.0,0.0,1.0,3.0,4.0,40.0,1,1,1,1,10774,1603,1596,3302,3109,10028,20509,13388,4541,8004,17214,17641,2748,2364,1.0,26:05,2015,2016
2015-16,203484,Kentavious Caldwell-Pope,Kentavious,1610612765,DET,Detroit Pistons,21501110,2016-03-29T00:00:00,DET vs. OKC,W,37.6,4.0,0.0,2.0,4.0,10.0,11.0,11.0,28.0,0.0,2.0,2.0,1.0,26.4,1,1,1,1,1721,2460,10158,4675,8599,17370,21814,21342,5824,8004,23588,11390,12373,7672,1.0,37:33,2015,2016
2015-16,202691,Klay Thompson,Klay,1610612744,GSW,Golden State Warriors,21501112,2016-03-29T00:00:00,GSW vs. WAS,W,31.6,5.0,2.0,5.0,6.0,8.0,12.0,8.0,38.0,1.0,1.0,3.0,0.0,26.3,1,1,1,1,6194,1603,4731,1277,5299,13914,22832,17194,1422,2692,17214,17641,18762,7733,1.0,31:38,2015,2016
2015-16,1891,Jason Terry,Jason,1610612745,HOU,Houston Rockets,21501111,2016-03-29T00:00:00,HOU @ CLE,W,9.0,0.0,0.0,0.0,0.0,6.0,5.0,3.0,4.0,0.0,0.0,0.0,1.0,2.0,1,1,1,1,22842,12059,10158,9917,18861,10028,11469,7328,23698,8004,1,1,12373,24216,1.0,8:58,2015,2016
2015-16,1626191,Chris McCullough,Chris,1610612751,BKN,Brooklyn Nets,21501108,2016-03-29T00:00:00,BKN @ ORL,L,16.4,0.0,0.0,2.0,2.0,11.0,6.0,6.0,10.0,1.0,0.0,3.0,0.0,12.7,1,13074,13074,13074,18771,12059,10158,4675,12984,18886,13237,13388,20209,2692,1,17641,18762,17201,1.0,16:21,2015,2016
2015-16,202389,Timofey Mozgov,Timofey,1610612739,CLE,Cleveland Cavaliers,21501111,2016-03-29T00:00:00,CLE vs. HOU,L,8.7,0.0,2.0,2.0,2.0,4.0,5.0,6.0,12.0,0.0,0.0,5.0,0.0,8.0,1,13074,13074,13074,22968,12059,4731,4675,12984,6141,11469,13388,18637,8004,1,24686,18762,20564,1.0,8:41,2015,2016
2015-16,203926,Doug McDermott,Doug,1610612741,CHI,Chicago Bulls,21501107,2016-03-29T00:00:00,CHI @ IND,W,15.6,0.0,0.0,0.0,2.0,6.0,4.0,4.0,14.0,0.0,1.0,1.0,1.0,8.4,1,1,1,1,19378,12059,10158,9917,12984,10028,8458,8806,17019,8004,17214,4972,12373,20273,1.0,15:34,2015,2016
2015-16,203894,Shabazz Napier,Shabazz,1610612753,ORL,Orlando Magic,21501108,2016-03-29T00:00:00,ORL vs. BKN,W,5.9,0.0,0.0,0.0,0.0,0.0,0.0,0.0,8.0,0.0,0.0,0.0,0.0,8.4,1,1,1,1,24002,12059,10158,9917,18861,1,1,1,21543,8004,1,1,18762,20273,1.0,5:54,2015,2016
2015-16,203917,Nik Stauskas,Nik,1610612755,PHI,Philadelphia 76ers,21501109,2016-03-29T00:00:00,PHI vs. CHA,L,32.5,3.0,0.0,3.0,4.0,13.0,15.0,9.0,30.0,0.0,2.0,2.0,2.0,16.1,1,13074,13074,13074,5483,4307,10158,3302,8599,21300,24781,18829,4541,8004,23588,11390,7786,14515,1.0,32:31,2015,2016
2015-16,101139,CJ Miles,CJ,1610612754,IND,Indiana Pacers,21501107,2016-03-29T00:00:00,IND vs. CHI,L,11.6,2.0,2.0,0.0,0.0,0.0,9.0,3.0,12.0,1.0,0.0,0.0,2.0,12.7,1,13074,13074,13074,21794,6026,4731,9917,18861,1,19144,7328,18637,2692,1,1,7786,17201,1.0,11:34,2015,2016
2015-16,203508,Sergey Karasev,Sergey,1610612751,BKN,Brooklyn Nets,21501108,2016-03-29T00:00:00,BKN @ ORL,L,19.6,0.0,0.0,0.0,0.0,11.0,9.0,8.0,14.0,0.0,0.0,1.0,4.0,13.1,1,13074,13074,13074,16263,12059,10158,9917,18861,18886,19144,17194,17019,8004,1,4972,2748,16874,1.0,19:34,2015,2016
2015-16,201578,Marreese Speights,Marreese,1610612744,GSW,Golden State Warriors,21501112,2016-03-29T00:00:00,GSW vs. WAS,W,10.2,2.0,0.0,0.0,6.0,1.0,2.0,2.0,10.0,1.0,0.0,4.0,3.0,12.9,1,1,1,1,22342,6026,10158,9917,5299,2356,3734,4025,20209,2692,1,22104,4736,17049,1.0,10:13,2015,2016
2015-16,203088,Kendall Marshall,Kendall,1610612755,PHI,Philadelphia 76ers,21501109,2016-03-29T00:00:00,PHI vs. CHA,L,11.9,0.0,0.0,0.0,0.0,4.0,4.0,0.0,10.0,1.0,0.0,1.0,1.0,12.4,1,13074,13074,13074,21662,12059,10158,9917,18861,6141,8458,1,20209,2692,1,4972,12373,17418,1.0,11:51,2015,2016
2015-16,203521,Matthew Dellavedova,Matthew,1610612739,CLE,Cleveland Cavaliers,21501111,2016-03-29T00:00:00,CLE vs. HOU,L,20.2,0.0,0.0,0.0,4.0,9.0,4.0,11.0,26.0,0.0,1.0,2.0,2.0,18.4,1,13074,13074,13074,15713,12059,10158,9917,8599,15771,8458,21342,7214,8004,17214,11390,7786,12854,1.0,20:13,2015,2016
2015-16,2747,JR Smith,JR,1610612739,CLE,Cleveland Cavaliers,21501111,2016-03-29T00:00:00,CLE vs. HOU,L,34.5,2.0,2.0,0.0,2.0,13.0,12.0,14.0,32.0,1.0,0.0,5.0,2.0,12.6,1,13074,13074,13074,3929,6026,4731,9917,12984,21300,22832,23710,3535,2692,1,24686,7786,17277,1.0,34:31,2015,2016
2015-16,2571,Leandro Barbosa,Leandro,1610612744,GSW,Golden State Warriors,21501112,2016-03-29T00:00:00,GSW vs. WAS,W,22.0,2.0,0.0,2.0,4.0,11.0,4.0,9.0,26.0,0.0,0.0,2.0,1.0,13.1,1,1,1,1,14175,6026,10158,4675,8599,18886,8458,18829,7214,8004,1,11390,12373,16874,1.0,21:60,2015,2016
2015-16,203079,Dion Waiters,Dion,1610612760,OKC,Oklahoma City Thunder,21501110,2016-03-29T00:00:00,OKC @ DET,L,34.4,0.0,0.0,2.0,0.0,10.0,6.0,2.0,28.0,0.0,1.0,4.0,1.0,16.0,1,13074,13074,13074,4028,12059,10158,4675,18861,17370,13237,4025,5824,8004,17214,22104,12373,14590,1.0,34:24,2015,2016
2015-16,1882,Elton Brand,Elton,1610612755,PHI,Philadelphia 76ers,21501109,2016-03-29T00:00:00,PHI vs. CHA,L,19.0,4.0,5.0,0.0,4.0,7.0,5.0,7.0,18.0,0.0,2.0,2.0,1.0,20.8,1,13074,13074,13074,16698,2460,995,9917,8599,12242,11469,15538,13577,8004,23588,11390,12373,11195,1.0,19:00,2015,2016
2015-16,204456,T.J. McConnell,T.J.,1610612755,PHI,Philadelphia 76ers,21501109,2016-03-29T00:00:00,PHI vs. CHA,L,20.2,0.0,2.0,0.0,2.0,9.0,9.0,7.0,20.0,0.0,0.0,1.0,0.0,12.8,1,13074,13074,13074,15729,12059,4731,9917,12984,15771,19144,15538,11929,8004,1,4972,18762,17129,1.0,20:12,2015,2016
2015-16,201941,Jordan Hill,Jordan,1610612754,IND,Indiana Pacers,21501107,2016-03-29T00:00:00,IND vs. CHI,L,7.4,0.0,2.0,0.0,6.0,0.0,0.0,3.0,6.0,0.0,0.0,0.0,0.0,8.4,1,13074,13074,13074,23415,12059,4731,9917,5299,1,1,7328,22724,8004,1,1,18762,20273,1.0,7:25,2015,2016
2015-16,201951,Ty Lawson,Ty,1610612754,IND,Indiana Pacers,21501107,2016-03-29T00:00:00,IND vs. CHI,L,16.5,4.0,0.0,2.0,6.0,2.0,9.0,5.0,16.0,0.0,0.0,0.0,2.0,16.7,1,13074,13074,13074,18659,2460,10158,4675,5299,2619,19144,11593,15259,8004,1,1,7786,14064,1.0,16:30,2015,2016
2015-16,203496,Robert Covington,Robert,1610612755,PHI,Philadelphia 76ers,21501109,2016-03-29T00:00:00,PHI vs. CHA,L,30.2,0.0,0.0,0.0,0.0,6.0,8.0,4.0,30.0,0.0,0.0,5.0,0.0,38.4,1,13074,13074,13074,7399,12059,10158,9917,18861,10028,17345,8806,4541,8004,1,24686,18762,2802,1.0,30:09,2015,2016
2015-16,101133,Ian Mahinmi,Ian,1610612754,IND,Indiana Pacers,21501107,2016-03-29T00:00:00,IND vs. CHI,L,29.0,2.0,0.0,0.0,16.0,4.0,9.0,0.0,20.0,2.0,1.0,2.0,2.0,32.9,1,13074,13074,13074,8398,6026,10158,9917,275,6141,19144,1,11929,932,17214,11390,7786,4566,1.0,28:58,2015,2016
2015-16,201566,Russell Westbrook,Russell,1610612760,OKC,Oklahoma City Thunder,21501110,2016-03-29T00:00:00,OKC @ DET,L,34.7,1.0,5.0,5.0,8.0,20.0,6.0,2.0,32.0,0.0,3.0,4.0,5.0,37.8,1,13074,13074,13074,3778,11535,995,1277,3109,25338,13237,4025,3535,8004,25441,22104,1539,2956,1.0,34:42,2015,2016
2015-16,101107,Marvin Williams,Marvin,1610612766,CHA,Charlotte Hornets,21501109,2016-03-29T00:00:00,CHA @ PHI,W,30.9,0.0,6.0,2.0,6.0,4.0,11.0,4.0,10.0,0.0,1.0,0.0,3.0,21.8,1,1,1,1,6803,12059,481,4675,5299,6141,21814,8806,20209,8004,17214,1,4736,10526,1.0,30:54,2015,2016
2015-16,203083,Andre Drummond,Andre,1610612765,DET,Detroit Pistons,21501110,2016-03-29T00:00:00,DET vs. OKC,W,34.2,2.0,4.0,0.0,12.0,8.0,9.0,11.0,22.0,2.0,0.0,3.0,3.0,38.0,1,1,1,1,4150,6026,1596,9917,988,13914,19144,21342,10265,932,1,17641,4736,2903,1.0,34:14,2015,2016
2015-16,202734,E'Twaun Moore,E'Twaun,1610612741,CHI,Chicago Bulls,21501107,2016-03-29T00:00:00,CHI @ IND,W,24.1,0.0,2.0,0.0,2.0,16.0,8.0,14.0,32.0,1.0,0.0,1.0,0.0,13.8,1,1,1,1,12508,12059,4731,9917,12984,23774,17345,23710,3535,2692,1,4972,18762,16311,1.0,24:03,2015,2016
2015-16,203900,Markel Brown,Markel,1610612751,BKN,Brooklyn Nets,21501108,2016-03-29T00:00:00,BKN @ ORL,L,20.9,0.0,0.0,0.0,2.0,10.0,12.0,8.0,16.0,0.0,0.0,1.0,7.0,21.9,1,13074,13074,13074,15158,12059,10158,9917,12984,17370,22832,17194,15259,8004,1,4972,469,10460,1.0,20:53,2015,2016
2015-16,203932,Aaron Gordon,Aaron,1610612753,ORL,Orlando Magic,21501108,2016-03-29T00:00:00,ORL vs. BKN,W,26.6,11.0,3.0,11.0,14.0,6.0,10.0,6.0,30.0,0.0,0.0,2.0,2.0,27.8,1,1,1,1,10366,55,3104,69,542,10028,20509,13388,4541,8004,1,11390,7786,6950,1.0,26:37,2015,2016
2015-16,202699,Tobias Harris,Tobias,1610612765,DET,Detroit Pistons,21501110,2016-03-29T00:00:00,DET vs. OKC,W,34.5,2.0,0.0,0.0,8.0,5.0,9.0,11.0,28.0,0.0,2.0,2.0,2.0,31.9,1,1,1,1,3923,6026,10158,9917,3109,8403,19144,21342,5824,8004,23588,11390,7786,4984,1.0,34:32,2015,2016
2015-16,202713,Kyle Singler,Kyle,1610612760,OKC,Oklahoma City Thunder,21501110,2016-03-29T00:00:00,OKC @ DET,L,18.3,2.0,0.0,2.0,4.0,12.0,4.0,2.0,18.0,0.0,0.0,3.0,1.0,13.8,1,13074,13074,13074,17292,6026,10158,4675,8599,20178,8458,4025,13577,8004,1,17641,12373,16311,1.0,18:16,2015,2016
2015-16,202710,Jimmy Butler III,Jimmy,1610612741,CHI,Chicago Bulls,21501107,2016-03-29T00:00:00,CHI @ IND,W,35.5,4.0,2.0,0.0,10.0,18.0,10.0,11.0,40.0,0.0,0.0,4.0,3.0,28.3,1,1,1,1,3135,2460,4731,9917,1840,24749,20509,21342,983,8004,1,22104,4736,6720,1.0,35:31,2015,2016
2015-16,2200,Pau Gasol,Pau,1610612741,CHI,Chicago Bulls,21501107,2016-03-29T00:00:00,CHI @ IND,W,32.5,0.0,2.0,0.0,2.0,16.0,10.0,11.0,38.0,4.0,1.0,2.0,2.0,38.7,1,1,1,1,5466,12059,4731,9917,12984,23774,20509,21342,1422,132,17214,11390,7786,2717,1.0,32:33,2015,2016
2015-16,101162,Marcin Gortat,Marcin,1610612764,WAS,Washington Wizards,21501112,2016-03-29T00:00:00,WAS @ GSW,L,25.6,2.0,2.0,0.0,8.0,11.0,4.0,18.0,20.0,0.0,0.0,2.0,3.0,22.5,1,13074,13074,13074,11207,6026,4731,9917,3109,18886,8458,25228,11929,8004,1,11390,4736,10082,1.0,25:36,2015,2016
2015-16,203477,Isaiah Canaan,Isaiah,1610612755,PHI,Philadelphia 76ers,21501109,2016-03-29T00:00:00,PHI vs. CHA,L,27.2,0.0,0.0,0.0,0.0,10.0,17.0,6.0,32.0,0.0,0.0,3.0,1.0,17.1,1,13074,13074,13074,9822,12059,10158,9917,18861,17370,25429,13388,3535,8004,1,17641,12373,13791,1.0,27:14,2015,2016
2015-16,203080,Thomas Robinson,Thomas,1610612751,BKN,Brooklyn Nets,21501108,2016-03-29T00:00:00,BKN @ ORL,L,31.7,4.0,2.0,0.0,14.0,20.0,9.0,16.0,46.0,1.0,2.0,4.0,5.0,38.4,1,13074,13074,13074,6142,2460,4731,9917,542,25338,19144,24641,298,2692,23588,22104,1539,2802,1.0,31:42,2015,2016
2015-16,2730,Dwight Howard,Dwight,1610612745,HOU,Houston Rockets,21501111,2016-03-29T00:00:00,HOU @ CLE,W,30.8,0.0,4.0,0.0,4.0,14.0,14.0,9.0,16.0,2.0,0.0,0.0,15.0,32.7,1,1,1,1,6922,12059,1596,9917,8599,22292,24300,18829,15259,932,1,1,6,4649,1.0,30:46,2015,2016
2015-16,203156,Henry Sims,Henry,1610612751,BKN,Brooklyn Nets,21501108,2016-03-29T00:00:00,BKN @ ORL,L,21.0,0.0,0.0,0.0,4.0,16.0,8.0,9.0,26.0,2.0,0.0,1.0,2.0,17.8,1,13074,13074,13074,15050,12059,10158,9917,8599,23774,17345,18829,7214,932,1,4972,7786,13309,1.0,21:01,2015,2016
2015-16,203087,Jeremy Lamb,Jeremy,1610612766,CHA,Charlotte Hornets,21501109,2016-03-29T00:00:00,CHA @ PHI,W,20.2,2.0,0.0,2.0,4.0,5.0,4.0,1.0,8.0,1.0,0.0,1.0,2.0,22.4,1,1,1,1,15729,6026,10158,4675,8599,8403,8458,3646,21543,2692,1,4972,7786,10131,1.0,20:12,2015,2016
2015-16,201584,Courtney Lee,Courtney,1610612766,CHA,Charlotte Hornets,21501109,2016-03-29T00:00:00,CHA @ PHI,W,37.0,5.0,0.0,3.0,6.0,12.0,13.0,4.0,20.0,1.0,0.0,1.0,1.0,32.7,1,1,1,1,2109,1603,10158,3302,5299,20178,23668,8806,11929,2692,1,4972,12373,4649,1.0,36:57,2015,2016
2015-16,203138,Hollis Thompson,Hollis,1610612755,PHI,Philadelphia 76ers,21501109,2016-03-29T00:00:00,PHI vs. CHA,L,29.4,2.0,3.0,2.0,0.0,11.0,8.0,7.0,28.0,1.0,0.0,3.0,1.0,28.5,1,13074,13074,13074,8087,6026,3104,4675,18861,18886,17345,15538,5824,2692,1,17641,12373,6613,1.0,29:21,2015,2016
2015-16,1626167,Myles Turner,Myles,1610612754,IND,Indiana Pacers,21501107,2016-03-29T00:00:00,IND vs. CHI,L,15.8,2.0,0.0,0.0,2.0,2.0,13.0,0.0,12.0,1.0,2.0,5.0,0.0,14.0,1,13074,13074,13074,19177,6026,10158,9917,12984,2619,23668,1,18637,2692,23588,24686,18762,16166,1.0,15:49,2015,2016
2015-16,1626245,Cristiano Felicio,Cristiano,1610612741,CHI,Chicago Bulls,21501107,2016-03-29T00:00:00,CHI @ IND,W,6.6,2.0,6.0,0.0,6.0,2.0,2.0,2.0,2.0,1.0,0.0,1.0,2.0,17.0,1,1,1,1,23701,6026,481,9917,5299,2619,3734,4025,24614,2692,1,4972,7786,13855,1.0,6:39,2015,2016
2015-16,203499,Shane Larkin,Shane,1610612751,BKN,Brooklyn Nets,21501097,2016-03-28T00:00:00,BKN @ MIA,L,29.2,4.0,0.0,2.0,0.0,13.0,5.0,10.0,40.0,0.0,2.0,0.0,3.0,27.6,1,13074,13074,13074,8254,2460,10158,4675,18861,21300,11469,20169,983,8004,23588,1,4736,7080,1.0,29:09,2015,2016
2015-16,203460,Andre Roberson,Andre,1610612760,OKC,Oklahoma City Thunder,21501098,2016-03-28T00:00:00,OKC @ TOR,W,24.7,3.0,6.0,0.0,0.0,5.0,6.0,0.0,24.0,0.0,0.0,2.0,2.0,16.8,1,1,1,1,11898,4307,481,9917,18861,8403,13237,1,8723,8004,1,11390,7786,13996,1.0,24:44,2015,2016
2015-16,203999,Nikola Jokić,Nikola,1610612743,DEN,Denver Nuggets,21501103,2016-03-28T00:00:00,DEN vs. DAL,L,23.9,0.0,0.0,2.0,2.0,6.0,5.0,4.0,12.0,0.0,1.0,2.0,2.0,17.6,1,13074,13074,13074,12630,12059,10158,4675,12984,10028,11469,8806,18637,8004,17214,11390,7786,13443,1.0,23:55,2015,2016
2015-16,201585,Kosta Koufos,Kosta,1610612758,SAC,Sacramento Kings,21501105,2016-03-28T00:00:00,SAC @ POR,L,31.6,0.0,2.0,0.0,10.0,9.0,7.0,7.0,26.0,1.0,1.0,2.0,1.0,27.9,1,13074,13074,13074,6271,12059,4731,9917,1840,15771,15642,15538,7214,2692,17214,11390,12373,6914,1.0,31:33,2015,2016
2015-16,2756,Sasha Vujacic,Sasha,1610612752,NYK,New York Knicks,21501102,2016-03-28T00:00:00,NYK @ NOP,L,17.6,2.0,2.0,0.0,2.0,2.0,0.0,6.0,8.0,0.0,1.0,2.0,0.0,13.4,1,13074,13074,13074,17819,6026,4731,9917,12984,2619,1,13388,21543,8004,17214,11390,18762,16614,1.0,17:37,2015,2016
2015-16,203527,Ryan Kelly,Ryan,1610612747,LAL,Los Angeles Lakers,21501104,2016-03-28T00:00:00,LAL @ UTA,L,16.8,0.0,0.0,0.0,2.0,2.0,5.0,5.0,16.0,1.0,1.0,2.0,0.0,17.7,1,13074,13074,13074,18459,12059,10158,9917,12984,2619,11469,11593,15259,2692,17214,11390,18762,13380,1.0,16:45,2015,2016
2015-16,1718,Paul Pierce,Paul,1610612746,LAC,LA Clippers,21501106,2016-03-28T00:00:00,LAC vs. BOS,W,11.6,2.0,0.0,0.0,4.0,3.0,4.0,2.0,10.0,0.0,0.0,2.0,0.0,17.6,1,1,1,1,21789,6026,10158,9917,8599,5109,8458,4025,20209,8004,1,11390,18762,13443,1.0,11:34,2015,2016
2015-16,101150,Lou Williams,Lou,1610612747,LAL,Los Angeles Lakers,21501104,2016-03-28T00:00:00,LAL @ UTA,L,17.8,0.0,0.0,0.0,0.0,4.0,6.0,6.0,20.0,0.0,0.0,0.0,3.0,17.7,1,13074,13074,13074,17694,12059,10158,9917,18861,6141,13237,13388,11929,8004,1,1,4736,13380,1.0,17:46,2015,2016
2015-16,203079,Dion Waiters,Dion,1610612760,OKC,Oklahoma City Thunder,21501098,2016-03-28T00:00:00,OKC @ TOR,W,27.5,3.0,5.0,0.0,4.0,10.0,8.0,9.0,28.0,1.0,0.0,1.0,0.0,31.9,1,1,1,1,9578,4307,995,9917,8599,17370,17345,18829,5824,2692,1,4972,18762,4984,1.0,27:32,2015,2016
2015-16,1889,Andre Miller,Andre,1610612759,SAS,San Antonio Spurs,21501100,2016-03-28T00:00:00,SAS @ MEM,W,28.4,2.0,0.0,1.0,4.0,16.0,11.0,12.0,26.0,0.0,0.0,1.0,4.0,17.2,1,1,1,1,8874,6026,10158,9347,8599,23774,21814,22259,7214,8004,1,4972,2748,13725,1.0,28:27,2015,2016
2015-16,1626144,Emmanuel Mudiay,Emmanuel,1610612743,DEN,Denver Nuggets,21501103,2016-03-28T00:00:00,DEN vs. DAL,L,35.5,2.0,0.0,7.0,6.0,18.0,11.0,4.0,30.0,0.0,2.0,3.0,4.0,32.7,1,13074,13074,13074,3184,6026,10158,454,5299,24749,21814,8806,4541,8004,23588,17641,2748,4649,1.0,35:27,2015,2016
2015-16,202685,Jonas Valančiūnas,Jonas,1610612761,TOR,Toronto Raptors,21501098,2016-03-28T00:00:00,TOR vs. OKC,L,26.5,0.0,2.0,2.0,10.0,12.0,8.0,22.0,32.0,0.0,1.0,2.0,2.0,22.0,1,13074,13074,13074,10451,12059,4731,4675,1840,20178,17345,25811,3535,8004,17214,11390,7786,10388,1.0,26:30,2015,2016
2015-16,203492,Ray McCallum,Ray,1610612763,MEM,Memphis Grizzlies,21501100,2016-03-28T00:00:00,MEM vs. SAS,L,27.3,4.0,2.0,6.0,10.0,6.0,2.0,5.0,20.0,0.0,1.0,1.0,2.0,17.2,1,13074,13074,13074,9791,2460,4731,740,1840,10028,3734,11593,11929,8004,17214,4972,7786,13725,1.0,27:17,2015,2016
2015-16,201962,Toney Douglas,Toney,1610612740,NOP,New Orleans Pelicans,21501102,2016-03-28T00:00:00,NOP vs. NYK,W,24.7,0.0,0.0,0.0,2.0,4.0,6.0,2.0,12.0,0.0,1.0,2.0,3.0,22.0,1,1,1,1,11927,12059,10158,9917,12984,6141,13237,4025,18637,8004,17214,11390,4736,10388,1.0,24:42,2015,2016
2015-16,202738,Isaiah Thomas,Isaiah,1610612738,BOS,Boston Celtics,21501106,2016-03-28T00:00:00,BOS @ LAC,L,27.5,5.0,0.0,7.0,4.0,12.0,7.0,11.0,26.0,1.0,2.0,3.0,8.0,28.0,1,13074,13074,13074,9594,1603,10158,454,8599,20178,15642,21342,7214,2692,23588,17641,254,6864,1.0,27:31,2015,2016
2015-16,201582,Alexis Ajinca,Alexis,1610612740,NOP,New Orleans Pelicans,21501102,2016-03-28T00:00:00,NOP vs. NYK,W,26.0,2.0,0.0,2.0,4.0,9.0,7.0,0.0,20.0,1.0,1.0,3.0,3.0,22.7,1,1,1,1,10840,6026,10158,4675,8599,15771,15642,1,11929,2692,17214,17641,4736,9938,1.0,26:00,2015,2016
2015-16,203118,Mike Scott,Mike,1610612737,ATL,Atlanta Hawks,21501099,2016-03-28T00:00:00,ATL @ CHI,W,12.4,0.0,0.0,0.0,0.0,2.0,5.0,2.0,8.0,1.0,0.0,2.0,1.0,14.1,1,1,1,1,21339,12059,10158,9917,18861,2619,11469,4025,21543,2692,1,11390,12373,16094,1.0,12:24,2015,2016
2015-16,2546,Carmelo Anthony,Carmelo,1610612752,NYK,New York Knicks,21501102,2016-03-28T00:00:00,NYK @ NOP,L,35.9,3.0,5.0,0.0,0.0,10.0,3.0,10.0,18.0,0.0,0.0,4.0,3.0,33.0,1,13074,13074,13074,2856,4307,995,9917,18861,17370,7138,20169,13577,8004,1,22104,4736,4537,1.0,35:52,2015,2016
2015-16,202330,Gordon Hayward,Gordon,1610612762,UTA,Utah Jazz,21501104,2016-03-28T00:00:00,UTA vs. LAL,W,22.3,2.0,0.0,2.0,2.0,3.0,0.0,3.0,10.0,1.0,0.0,4.0,5.0,31.6,1,1,1,1,13936,6026,10158,4675,12984,5109,1,7328,20209,2692,1,22104,1539,5130,1.0,22:16,2015,2016
2015-16,203914,Gary Harris,Gary,1610612743,DEN,Denver Nuggets,21501103,2016-03-28T00:00:00,DEN vs. DAL,L,30.1,0.0,5.0,0.0,4.0,10.0,7.0,4.0,22.0,0.0,1.0,1.0,2.0,13.5,1,13074,13074,13074,7496,12059,995,9917,8599,17370,15642,8806,10265,8004,17214,4972,7786,16552,1.0,30:03,2015,2016
2015-16,203459,Allen Crabbe,Allen,1610612757,POR,Portland Trail Blazers,21501105,2016-03-28T00:00:00,POR vs. SAC,W,21.3,1.0,0.0,1.0,0.0,5.0,6.0,3.0,16.0,1.0,0.0,2.0,3.0,32.3,1,1,1,1,14801,11535,10158,9347,18861,8403,13237,7328,15259,2692,1,11390,4736,4807,1.0,21:17,2015,2016
2015-16,203937,Kyle Anderson,Kyle,1610612759,SAS,San Antonio Spurs,21501100,2016-03-28T00:00:00,SAS @ MEM,W,36.0,0.0,0.0,2.0,2.0,18.0,4.0,14.0,26.0,1.0,0.0,3.0,2.0,39.1,1,1,1,1,2786,12059,10158,4675,12984,24749,8458,23710,7214,2692,1,17641,7786,2616,1.0,35:58,2015,2016
2015-16,2440,Matt Barnes,Matt,1610612763,MEM,Memphis Grizzlies,21501100,2016-03-28T00:00:00,MEM vs. SAS,L,29.7,4.0,2.0,4.0,4.0,8.0,10.0,9.0,30.0,0.0,0.0,3.0,1.0,28.3,1,13074,13074,13074,7817,2460,4731,1913,8599,13914,20509,18829,4541,8004,1,17641,12373,6720,1.0,29:42,2015,2016
2015-16,1626147,Justin Anderson,Justin,1610612742,DAL,Dallas Mavericks,21501103,2016-03-28T00:00:00,DAL @ DEN,W,23.9,7.0,4.0,4.0,8.0,2.0,11.0,14.0,20.0,2.0,0.0,1.0,0.0,27.8,1,1,1,1,12647,548,1596,1913,3109,2619,21814,23710,11929,932,1,4972,18762,6950,1.0,23:55,2015,2016
2015-16,2734,Devin Harris,Devin,1610612742,DAL,Dallas Mavericks,21501103,2016-03-28T00:00:00,DAL @ DEN,W,28.6,5.0,2.0,0.0,0.0,0.0,3.0,12.0,18.0,1.0,0.0,0.0,2.0,32.1,1,1,1,1,8746,1603,4731,9917,18861,1,7138,22259,13577,2692,1,1,7786,4889,1.0,28:35,2015,2016
2015-16,2594,Kyle Korver,Kyle,1610612737,ATL,Atlanta Hawks,21501099,2016-03-28T00:00:00,ATL @ CHI,W,29.0,0.0,3.0,0.0,2.0,2.0,10.0,2.0,14.0,2.0,0.0,0.0,2.0,28.5,1,1,1,1,8386,12059,3104,9917,12984,2619,20509,4025,17019,932,1,1,7786,6613,1.0,28:60,2015,2016
2015-16,203943,Noah Vonleh,Noah,1610612757,POR,Portland Trail Blazers,21501105,2016-03-28T00:00:00,POR vs. SAC,W,23.8,0.0,0.0,1.0,2.0,5.0,5.0,3.0,14.0,2.0,0.0,4.0,3.0,17.7,1,1,1,1,12765,12059,10158,9347,12984,8403,11469,7328,17019,932,1,22104,4736,13380,1.0,23:47,2015,2016
2015-16,204038,Langston Galloway,Langston,1610612752,NYK,New York Knicks,21501102,2016-03-28T00:00:00,NYK @ NOP,L,22.3,4.0,0.0,2.0,4.0,6.0,6.0,10.0,14.0,0.0,0.0,3.0,1.0,28.4,1,13074,13074,13074,13902,2460,10158,4675,8599,10028,13237,20169,17019,8004,1,17641,12373,6663,1.0,22:19,2015,2016
2015-16,201988,Patty Mills,Patty,1610612759,SAS,San Antonio Spurs,21501100,2016-03-28T00:00:00,SAS @ MEM,W,22.2,2.0,0.0,2.0,6.0,13.0,9.0,8.0,14.0,0.0,0.0,0.0,1.0,22.2,1,1,1,1,14004,6026,10158,4675,5299,21300,19144,17194,17019,8004,1,1,12373,10263,1.0,22:12,2015,2016
2015-16,202324,Derrick Favors,Derrick,1610612762,UTA,Utah Jazz,21501104,2016-03-28T00:00:00,UTA vs. LAL,W,26.6,2.0,0.0,0.0,10.0,3.0,2.0,3.0,14.0,0.0,0.0,2.0,2.0,28.3,1,1,1,1,10360,6026,10158,9917,1840,5109,3734,7328,17019,8004,1,11390,7786,6720,1.0,26:37,2015,2016
2015-16,202688,Brandon Knight,Brandon,1610612756,PHX,Phoenix Suns,21501101,2016-03-28T00:00:00,PHX @ MIN,L,32.4,2.0,0.0,3.0,2.0,23.0,9.0,16.0,42.0,1.0,0.0,4.0,3.0,37.9,1,13074,13074,13074,5566,6026,10158,3302,12984,25803,19144,24641,670,2692,1,22104,4736,2931,1.0,32:25,2015,2016
2015-16,1626246,Boban Marjanović,Boban,1610612759,SAS,San Antonio Spurs,21501100,2016-03-28T00:00:00,SAS @ MEM,W,30.5,0.0,2.0,0.0,0.0,15.0,11.0,12.0,20.0,1.0,1.0,3.0,3.0,21.8,1,1,1,1,7115,12059,4731,9917,18861,23079,21814,22259,11929,2692,17214,17641,4736,10526,1.0,30:29,2015,2016
2015-16,203939,Dwight Powell,Dwight,1610612742,DAL,Dallas Mavericks,21501103,2016-03-28T00:00:00,DAL @ DEN,W,29.8,4.0,4.0,0.0,12.0,4.0,8.0,8.0,22.0,1.0,0.0,4.0,2.0,33.4,1,1,1,1,7683,2460,1596,9917,988,6141,17345,17194,10265,2692,1,22104,7786,4384,1.0,29:51,2015,2016
2015-16,203210,JaMychal Green,JaMychal,1610612763,MEM,Memphis Grizzlies,21501100,2016-03-28T00:00:00,MEM vs. SAS,L,27.1,5.0,2.0,0.0,2.0,8.0,10.0,8.0,30.0,0.0,0.0,5.0,3.0,25.5,1,13074,13074,13074,9909,1603,4731,9917,12984,13914,20509,17194,4541,8004,1,24686,4736,8230,1.0,27:08,2015,2016
2015-16,202334,Ed Davis,Ed,1610612757,POR,Portland Trail Blazers,21501105,2016-03-28T00:00:00,POR vs. SAC,W,23.1,0.0,4.0,0.0,6.0,5.0,6.0,3.0,16.0,3.0,0.0,1.0,2.0,25.8,1,1,1,1,13268,12059,1596,9917,5299,8403,13237,7328,15259,347,1,4972,7786,8022,1.0,23:07,2015,2016
2015-16,204025,Tim Frazier,Tim,1610612740,NOP,New Orleans Pelicans,21501102,2016-03-28T00:00:00,NOP vs. NYK,W,22.8,0.0,0.0,2.0,2.0,3.0,13.0,0.0,12.0,0.0,0.0,1.0,5.0,19.2,1,1,1,1,13511,12059,10158,4675,12984,5109,23668,1,18637,8004,1,4972,1539,12284,1.0,22:49,2015,2016
2015-16,201177,Josh McRoberts,Josh,1610612748,MIA,Miami Heat,21501097,2016-03-28T00:00:00,MIA vs. BKN,W,17.1,0.0,0.0,0.0,4.0,5.0,2.0,0.0,14.0,0.0,0.0,2.0,0.0,14.2,1,1,1,1,18181,12059,10158,9917,8599,8403,3734,1,17019,8004,1,11390,18762,16003,1.0,17:08,2015,2016
2015-16,203458,Alex Len,Alex,1610612756,PHX,Phoenix Suns,21501101,2016-03-28T00:00:00,PHX @ MIN,L,36.8,2.0,2.0,0.0,14.0,23.0,5.0,16.0,34.0,0.0,0.0,5.0,0.0,35.1,1,13074,13074,13074,2251,6026,4731,9917,542,25803,11469,24641,2701,8004,1,24686,18762,3777,1.0,36:46,2015,2016
2015-16,1713,Vince Carter,Vince,1610612763,MEM,Memphis Grizzlies,21501100,2016-03-28T00:00:00,MEM vs. SAS,L,21.4,3.0,3.0,2.0,2.0,8.0,0.0,7.0,24.0,0.0,1.0,1.0,4.0,19.1,1,13074,13074,13074,14690,4307,3104,4675,12984,13914,1,15538,8723,8004,17214,4972,2748,12372,1.0,21:24,2015,2016
2015-16,202083,Wesley Matthews,Wesley,1610612742,DAL,Dallas Mavericks,21501103,2016-03-28T00:00:00,DAL @ DEN,W,34.2,0.0,3.0,0.0,2.0,2.0,8.0,8.0,24.0,1.0,0.0,2.0,1.0,25.6,1,1,1,1,4226,12059,3104,9917,12984,2619,17345,17194,8723,2692,1,11390,12373,8157,1.0,34:09,2015,2016
2015-16,1626145,Tyus Jones,Tyus,1610612750,MIN,Minnesota Timberwolves,21501101,2016-03-28T00:00:00,MIN vs. PHX,W,13.8,1.0,0.0,0.0,0.0,5.0,2.0,2.0,8.0,0.0,0.0,0.0,1.0,10.0,1,1,1,1,20547,11535,10158,9917,18861,8403,3734,4025,21543,8004,1,1,12373,19178,1.0,13:46,2015,2016
2015-16,2564,Boris Diaw,Boris,1610612759,SAS,San Antonio Spurs,21501100,2016-03-28T00:00:00,SAS @ MEM,W,21.3,0.0,0.0,0.0,10.0,15.0,11.0,8.0,14.0,1.0,1.0,4.0,4.0,19.7,1,1,1,1,14797,12059,10158,9917,1840,23079,21814,17194,17019,2692,17214,22104,2748,11962,1.0,21:18,2015,2016
2015-16,203500,Steven Adams,Steven,1610612760,OKC,Oklahoma City Thunder,21501098,2016-03-28T00:00:00,OKC @ TOR,W,28.3,0.0,0.0,0.0,6.0,5.0,4.0,2.0,22.0,1.0,0.0,5.0,6.0,25.8,1,1,1,1,9005,12059,10158,9917,5299,8403,8458,4025,10265,2692,1,24686,873,8022,1.0,28:18,2015,2016
2015-16,203141,Mirza Teletovic,Mirza,1610612756,PHX,Phoenix Suns,21501101,2016-03-28T00:00:00,PHX @ MIN,L,25.6,0.0,0.0,1.0,6.0,10.0,7.0,10.0,26.0,0.0,1.0,4.0,3.0,25.8,1,13074,13074,13074,11178,12059,10158,9347,5299,17370,15642,20169,7214,8004,17214,22104,4736,8022,1.0,25:38,2015,2016
2015-16,202344,Trevor Booker,Trevor,1610612762,UTA,Utah Jazz,21501104,2016-03-28T00:00:00,UTA vs. LAL,W,16.2,0.0,4.0,2.0,10.0,0.0,0.0,0.0,10.0,1.0,0.0,2.0,4.0,26.0,1,1,1,1,18882,12059,1596,4675,1840,1,1,1,20209,2692,1,11390,2748,7910,1.0,16:12,2015,2016
2015-16,1626156,D'Angelo Russell,D'Angelo,1610612747,LAL,Los Angeles Lakers,21501104,2016-03-28T00:00:00,LAL @ UTA,L,29.2,3.0,0.0,3.0,0.0,13.0,10.0,6.0,22.0,0.0,0.0,3.0,0.0,9.9,1,13074,13074,13074,8209,4307,10158,3302,18861,21300,20509,13388,10265,8004,1,17641,18762,19247,1.0,29:12,2015,2016
2015-16,203085,Austin Rivers,Austin,1610612746,LAC,LA Clippers,21501106,2016-03-28T00:00:00,LAC vs. BOS,W,29.8,2.0,3.0,2.0,6.0,17.0,8.0,4.0,24.0,0.0,2.0,3.0,2.0,25.4,1,1,1,1,7761,6026,3104,4675,5299,24337,17345,8806,8723,8004,23588,17641,7786,8273,1.0,29:45,2015,2016
2015-16,203471,Dennis Schröder,Dennis,1610612737,ATL,Atlanta Hawks,21501099,2016-03-28T00:00:00,ATL @ CHI,W,18.0,2.0,0.0,0.0,12.0,4.0,9.0,2.0,20.0,0.0,0.0,3.0,2.0,14.7,1,1,1,1,17510,6026,10158,9917,988,6141,19144,4025,11929,8004,1,17641,7786,15631,1.0,18:00,2015,2016
2015-16,1626185,Jarell Martin,Jarell,1610612763,MEM,Memphis Grizzlies,21501100,2016-03-28T00:00:00,MEM vs. SAS,L,20.3,0.0,0.0,0.0,0.0,6.0,0.0,7.0,16.0,1.0,1.0,3.0,1.0,15.0,1,13074,13074,13074,15654,12059,10158,9917,18861,10028,1,15538,15259,2692,17214,17641,12373,15404,1.0,20:17,2015,2016
2015-16,204028,Tarik Black,Tarik,1610612747,LAL,Los Angeles Lakers,21501104,2016-03-28T00:00:00,LAL @ UTA,L,12.0,0.0,1.0,0.0,2.0,6.0,2.0,3.0,8.0,1.0,0.0,1.0,2.0,15.0,1,13074,13074,13074,21529,12059,9709,9917,12984,10028,3734,7328,21543,2692,1,4972,7786,15404,1.0,12:00,2015,2016
2015-16,1626161,Willie Cauley-Stein,Willie,1610612758,SAC,Sacramento Kings,21501105,2016-03-28T00:00:00,SAC @ POR,L,33.5,4.0,7.0,2.0,8.0,6.0,5.0,3.0,18.0,0.0,1.0,2.0,1.0,34.8,1,13074,13074,13074,4781,2460,292,4675,3109,10028,11469,7328,13577,8004,17214,11390,12373,3891,1.0,33:27,2015,2016
2015-16,1626168,Trey Lyles,Trey,1610612762,UTA,Utah Jazz,21501104,2016-03-28T00:00:00,UTA vs. LAL,W,17.4,3.0,0.0,0.0,0.0,5.0,4.0,8.0,8.0,0.0,0.0,3.0,0.0,23.1,1,1,1,1,18004,4307,10158,9917,18861,8403,8458,17194,21543,8004,1,17641,18762,9699,1.0,17:21,2015,2016
2015-16,101161,Amir Johnson,Amir,1610612738,BOS,Boston Celtics,21501106,2016-03-28T00:00:00,BOS @ LAC,L,19.1,0.0,2.0,0.0,2.0,7.0,6.0,7.0,18.0,1.0,0.0,3.0,1.0,14.5,1,13074,13074,13074,16598,12059,4731,9917,12984,12242,13237,15538,13577,2692,1,17641,12373,15799,1.0,19:08,2015,2016
2015-16,201143,Al Horford,Al,1610612737,ATL,Atlanta Hawks,21501099,2016-03-28T00:00:00,ATL @ CHI,W,33.9,0.0,0.0,0.0,8.0,2.0,14.0,4.0,18.0,1.0,0.0,0.0,2.0,33.5,1,1,1,1,4452,12059,10158,9917,3109,2619,24300,8806,13577,2692,1,1,7786,4348,1.0,33:52,2015,2016
2015-16,201586,Serge Ibaka,Serge,1610612760,OKC,Oklahoma City Thunder,21501098,2016-03-28T00:00:00,OKC @ TOR,W,32.7,6.0,0.0,4.0,4.0,5.0,6.0,2.0,28.0,2.0,0.0,1.0,1.0,33.3,1,1,1,1,5323,878,10158,1913,8599,8403,13237,4025,5824,932,1,4972,12373,4423,1.0,32:43,2015,2016
2015-16,203935,Marcus Smart,Marcus,1610612738,BOS,Boston Celtics,21501106,2016-03-28T00:00:00,BOS @ LAC,L,24.2,0.0,2.0,2.0,12.0,10.0,8.0,13.0,12.0,0.0,1.0,2.0,2.0,25.0,1,13074,13074,13074,12422,12059,4731,4675,988,17370,17345,23048,18637,8004,17214,11390,7786,8485,1.0,24:09,2015,2016
2015-16,1626196,Josh Richardson,Josh,1610612748,MIA,Miami Heat,21501097,2016-03-28T00:00:00,MIA vs. BKN,W,38.2,0.0,3.0,0.0,2.0,12.0,6.0,6.0,44.0,1.0,0.0,2.0,1.0,34.5,1,1,1,1,1409,12059,3104,9917,12984,20178,13237,13388,454,2692,1,11390,12373,3997,1.0,38:14,2015,2016
2015-16,203897,Zach LaVine,Zach,1610612750,MIN,Minnesota Timberwolves,21501101,2016-03-28T00:00:00,MIN vs. PHX,W,33.9,6.0,0.0,6.0,8.0,15.0,7.0,11.0,32.0,0.0,0.0,5.0,2.0,14.7,1,1,1,1,4410,878,10158,740,3109,23079,15642,21342,3535,8004,1,24686,7786,15631,1.0,33:55,2015,2016
2015-16,203135,Robert Sacre,Robert,1610612747,LAL,Los Angeles Lakers,21501104,2016-03-28T00:00:00,LAL @ UTA,L,7.6,0.0,3.0,2.0,2.0,6.0,0.0,0.0,2.0,0.0,1.0,0.0,3.0,9.8,1,13074,13074,13074,23360,12059,3104,4675,12984,10028,1,1,24614,8004,17214,1,4736,19331,1.0,7:35,2015,2016
2015-16,203115,Will Barton,Will,1610612743,DEN,Denver Nuggets,21501103,2016-03-28T00:00:00,DEN vs. DAL,L,31.7,2.0,3.0,3.0,4.0,23.0,10.0,2.0,28.0,0.0,1.0,1.0,2.0,34.6,1,13074,13074,13074,6169,6026,3104,3302,8599,25803,20509,4025,5824,8004,17214,4972,7786,3963,1.0,31:40,2015,2016
2015-16,203145,Kent Bazemore,Kent,1610612737,ATL,Atlanta Hawks,21501099,2016-03-28T00:00:00,ATL @ CHI,W,25.2,2.0,0.0,5.0,2.0,2.0,10.0,6.0,14.0,2.0,1.0,1.0,2.0,23.8,1,1,1,1,11498,6026,10158,1277,12984,2619,20509,13388,17019,932,17214,4972,7786,9261,1.0,25:14,2015,2016
2015-16,203148,Brian Roberts,Brian,1610612757,POR,Portland Trail Blazers,21501105,2016-03-28T00:00:00,POR vs. SAC,W,17.3,0.0,0.0,0.0,0.0,5.0,5.0,5.0,14.0,1.0,1.0,1.0,0.0,10.2,1,1,1,1,18046,12059,10158,9917,18861,8403,11469,11593,17019,2692,17214,4972,18762,19003,1.0,17:18,2015,2016
2015-16,201574,Jason Thompson,Jason,1610612761,TOR,Toronto Raptors,21501098,2016-03-28T00:00:00,TOR vs. OKC,L,3.7,0.0,2.0,0.0,2.0,0.0,2.0,0.0,4.0,1.0,0.0,2.0,1.0,7.4,1,13074,13074,13074,24844,12059,4731,9917,12984,1,3734,1,23698,2692,1,11390,12373,20912,1.0,3:41,2015,2016
2015-16,203468,CJ McCollum,CJ,1610612757,POR,Portland Trail Blazers,21501105,2016-03-28T00:00:00,POR vs. SAC,W,24.4,2.0,0.0,2.0,0.0,9.0,7.0,7.0,20.0,0.0,0.0,2.0,3.0,24.9,1,1,1,1,12239,6026,10158,4675,18861,15771,15642,15538,11929,8004,1,11390,4736,8553,1.0,24:22,2015,2016
2015-16,1717,Dirk Nowitzki,Dirk,1610612742,DAL,Dallas Mavericks,21501103,2016-03-28T00:00:00,DAL @ DEN,W,33.0,0.0,0.0,0.0,4.0,2.0,11.0,16.0,24.0,1.0,0.0,3.0,5.0,29.8,1,1,1,1,5125,12059,10158,9917,8599,2619,21814,24641,8723,2692,1,17641,1539,5948,1.0,33:00,2015,2016
2015-16,201952,Jeff Teague,Jeff,1610612737,ATL,Atlanta Hawks,21501099,2016-03-28T00:00:00,ATL @ CHI,W,30.0,0.0,2.0,4.0,14.0,0.0,10.0,4.0,18.0,1.0,2.0,1.0,4.0,49.7,1,1,1,1,7566,12059,4731,1913,542,1,20509,8806,13577,2692,23588,4972,2748,789,1.0,29:59,2015,2016
2015-16,201937,Ricky Rubio,Ricky,1610612750,MIN,Minnesota Timberwolves,21501101,2016-03-28T00:00:00,MIN vs. PHX,W,34.2,4.0,0.0,4.0,4.0,12.0,5.0,12.0,34.0,0.0,2.0,2.0,5.0,44.9,1,1,1,1,4150,2460,10158,1913,8599,20178,11469,22259,2701,8004,23588,11390,1539,1380,1.0,34:14,2015,2016
2015-16,2548,Dwyane Wade,Dwyane,1610612748,MIA,Miami Heat,21501097,2016-03-28T00:00:00,MIA vs. BKN,W,31.5,8.0,3.0,6.0,22.0,10.0,8.0,6.0,38.0,2.0,0.0,3.0,2.0,53.9,1,1,1,1,6282,308,3104,740,25,17370,17345,13388,1422,932,1,17641,7786,459,1.0,31:32,2015,2016
2015-16,1626181,Norman Powell,Norman,1610612761,TOR,Toronto Raptors,21501098,2016-03-28T00:00:00,TOR vs. OKC,L,27.8,8.0,0.0,0.0,4.0,9.0,13.0,21.0,30.0,2.0,0.0,2.0,0.0,28.8,1,13074,13074,13074,9366,308,10158,9917,8599,15771,23668,25725,4541,932,1,11390,18762,6465,1.0,27:49,2015,2016
2015-16,201142,Kevin Durant,Kevin,1610612760,OKC,Oklahoma City Thunder,21501098,2016-03-28T00:00:00,OKC @ TOR,W,36.9,0.0,2.0,13.0,12.0,15.0,10.0,9.0,34.0,1.0,2.0,1.0,4.0,60.6,1,1,1,1,2154,12059,4731,26,988,23079,20509,18829,2701,2692,23588,4972,2748,191,1.0,36:53,2015,2016
2015-16,201954,Darren Collison,Darren,1610612758,SAC,Sacramento Kings,21501105,2016-03-28T00:00:00,SAC @ POR,L,32.1,0.0,0.0,2.0,2.0,10.0,7.0,8.0,26.0,0.0,1.0,2.0,2.0,29.9,1,13074,13074,13074,5780,12059,10158,4675,12984,17370,15642,17194,7214,8004,17214,11390,7786,5884,1.0,32:08,2015,2016
2015-16,201959,Taj Gibson,Taj,1610612741,CHI,Chicago Bulls,21501099,2016-03-28T00:00:00,CHI vs. ATL,L,31.3,0.0,1.0,0.0,8.0,0.0,9.0,13.0,30.0,4.0,1.0,2.0,1.0,35.4,1,13074,13074,13074,6457,12059,9709,9917,3109,1,19144,23048,4541,132,17214,11390,12373,3684,1.0,31:19,2015,2016
2015-16,203476,Gorgui Dieng,Gorgui,1610612750,MIN,Minnesota Timberwolves,21501101,2016-03-28T00:00:00,MIN vs. PHX,W,30.2,5.0,2.0,0.0,6.0,10.0,4.0,7.0,34.0,0.0,0.0,3.0,1.0,24.8,1,1,1,1,7383,1603,4731,9917,5299,17370,8458,15538,2701,8004,1,17641,12373,8614,1.0,30:10,2015,2016
2015-16,200794,Paul Millsap,Paul,1610612737,ATL,Atlanta Hawks,21501099,2016-03-28T00:00:00,ATL @ CHI,W,35.5,0.0,2.0,2.0,4.0,2.0,14.0,4.0,30.0,6.0,2.0,2.0,2.0,47.7,1,1,1,1,3178,12059,4731,4675,8599,2619,24300,8806,4541,19,23588,11390,7786,989,1.0,35:28,2015,2016
2015-16,203096,Jared Sullinger,Jared,1610612738,BOS,Boston Celtics,21501106,2016-03-28T00:00:00,BOS @ LAC,L,20.2,3.0,2.0,0.0,4.0,6.0,6.0,6.0,20.0,0.0,0.0,1.0,2.0,24.2,1,13074,13074,13074,15693,4307,4731,9917,8599,10028,13237,13388,11929,8004,1,4972,7786,9009,1.0,20:15,2015,2016
2015-16,202702,Kenneth Faried,Kenneth,1610612743,DEN,Denver Nuggets,21501103,2016-03-28T00:00:00,DEN vs. DAL,L,22.4,0.0,5.0,2.0,6.0,14.0,8.0,6.0,18.0,2.0,0.0,3.0,5.0,24.2,1,13074,13074,13074,13857,12059,995,4675,5299,22292,17345,13388,13577,932,1,17641,1539,9009,1.0,22:22,2015,2016
2015-16,201599,DeAndre Jordan,DeAndre,1610612746,LAC,LA Clippers,21501106,2016-03-28T00:00:00,LAC vs. BOS,W,28.8,2.0,4.0,2.0,10.0,11.0,8.0,9.0,18.0,3.0,0.0,2.0,5.0,44.6,1,1,1,1,8529,6026,1596,4675,1840,18886,17345,18829,13577,347,1,11390,1539,1438,1.0,28:49,2015,2016
2015-16,101108,Chris Paul,Chris,1610612746,LAC,LA Clippers,21501106,2016-03-28T00:00:00,LAC vs. BOS,W,26.3,0.0,0.0,0.0,2.0,10.0,8.0,9.0,18.0,0.0,2.0,2.0,5.0,43.8,1,1,1,1,10581,12059,10158,9917,12984,17370,17345,18829,13577,8004,23588,11390,1539,1587,1.0,26:19,2015,2016
2015-16,202337,Luke Babbitt,Luke,1610612740,NOP,New Orleans Pelicans,21501102,2016-03-28T00:00:00,NOP vs. NYK,W,24.4,0.0,0.0,0.0,2.0,6.0,8.0,0.0,12.0,0.0,0.0,2.0,3.0,24.8,1,1,1,1,12199,12059,10158,9917,12984,10028,17345,1,18637,8004,1,11390,4736,8614,1.0,24:25,2015,2016
2015-16,201566,Russell Westbrook,Russell,1610612760,OKC,Oklahoma City Thunder,21501098,2016-03-28T00:00:00,OKC @ TOR,W,34.1,4.0,7.0,10.0,18.0,7.0,6.0,2.0,30.0,0.0,3.0,1.0,6.0,56.0,1,1,1,1,4265,2460,292,118,131,12242,13237,4025,4541,8004,25441,4972,873,352,1.0,34:06,2015,2016
2015-16,203508,Sergey Karasev,Sergey,1610612751,BKN,Brooklyn Nets,21501097,2016-03-28T00:00:00,BKN @ MIA,L,18.3,0.0,0.0,0.0,0.0,8.0,3.0,4.0,22.0,0.0,0.0,1.0,1.0,7.4,1,13074,13074,13074,17278,12059,10158,9917,18861,13914,7138,8806,10265,8004,1,4972,12373,20912,1.0,18:17,2015,2016
2015-16,202703,Nikola Mirotic,Nikola,1610612741,CHI,Chicago Bulls,21501099,2016-03-28T00:00:00,CHI vs. ATL,L,16.7,0.0,2.0,0.0,2.0,4.0,0.0,4.0,14.0,0.0,1.0,2.0,0.0,11.6,1,13074,13074,13074,18508,12059,4731,9917,12984,6141,1,8806,17019,8004,17214,11390,18762,17970,1.0,16:41,2015,2016
2015-16,101179,Ronnie Price,Ronnie,1610612756,PHX,Phoenix Suns,21501101,2016-03-28T00:00:00,PHX @ MIN,L,21.5,7.0,0.0,4.0,2.0,7.0,4.0,4.0,18.0,0.0,0.0,4.0,2.0,29.7,1,13074,13074,13074,14643,548,10158,1913,12984,12242,8458,8806,13577,8004,1,22104,7786,6006,1.0,21:27,2015,2016
2015-16,203918,Rodney Hood,Rodney,1610612762,UTA,Utah Jazz,21501104,2016-03-28T00:00:00,UTA vs. LAL,W,28.6,5.0,8.0,0.0,4.0,5.0,2.0,3.0,14.0,1.0,0.0,0.0,1.0,36.6,1,1,1,1,8718,1603,137,9917,8599,8403,3734,7328,17019,2692,1,1,12373,3288,1.0,28:37,2015,2016
2015-16,201950,Jrue Holiday,Jrue,1610612740,NOP,New Orleans Pelicans,21501102,2016-03-28T00:00:00,NOP vs. NYK,W,34.2,6.0,2.0,2.0,6.0,9.0,11.0,0.0,20.0,0.0,3.0,0.0,2.0,48.2,1,1,1,1,4202,878,4731,4675,5299,15771,21814,1,11929,8004,25441,1,7786,941,1.0,34:12,2015,2016
2015-16,203903,Jordan Clarkson,Jordan,1610612747,LAL,Los Angeles Lakers,21501104,2016-03-28T00:00:00,LAL @ UTA,L,34.0,3.0,0.0,6.0,4.0,11.0,13.0,5.0,22.0,0.0,3.0,1.0,2.0,29.6,1,13074,13074,13074,4340,4307,10158,740,8599,18886,23668,11593,10265,8004,25441,4972,7786,6050,1.0,34:01,2015,2016
2015-16,201577,Robin Lopez,Robin,1610612752,NYK,New York Knicks,21501102,2016-03-28T00:00:00,NYK @ NOP,L,30.0,2.0,2.0,0.0,14.0,10.0,4.0,10.0,16.0,2.0,1.0,1.0,4.0,29.0,1,13074,13074,13074,7540,6026,4731,9917,542,17370,8458,20169,15259,932,17214,4972,2748,6346,1.0,30:01,2015,2016
2015-16,201152,Thaddeus Young,Thaddeus,1610612751,BKN,Brooklyn Nets,21501097,2016-03-28T00:00:00,BKN @ MIA,L,30.9,4.0,0.0,0.0,16.0,15.0,7.0,10.0,40.0,1.0,0.0,1.0,1.0,46.3,1,13074,13074,13074,6792,2460,10158,9917,275,23079,15642,20169,983,2692,1,4972,12373,1168,1.0,30:55,2015,2016
2015-16,1626157,Karl-Anthony Towns,Karl-Anthony,1610612750,MIN,Minnesota Timberwolves,21501101,2016-03-28T00:00:00,MIN vs. PHX,W,38.4,6.0,2.0,2.0,16.0,13.0,7.0,12.0,34.0,0.0,0.0,3.0,9.0,51.5,1,1,1,1,1338,878,4731,4675,275,21300,15642,22259,2701,8004,1,17641,138,614,1.0,38:22,2015,2016
2015-16,201942,DeMar DeRozan,DeMar,1610612761,TOR,Toronto Raptors,21501098,2016-03-28T00:00:00,TOR vs. OKC,L,33.6,2.0,4.0,2.0,10.0,11.0,18.0,23.0,32.0,0.0,2.0,2.0,4.0,28.9,1,13074,13074,13074,4657,6026,1596,4675,1840,18886,25634,25880,3535,8004,23588,11390,2748,6414,1.0,33:37,2015,2016
2015-16,200746,LaMarcus Aldridge,LaMarcus,1610612759,SAS,San Antonio Spurs,21501100,2016-03-28T00:00:00,SAS @ MEM,W,31.0,8.0,8.0,6.0,14.0,14.0,4.0,10.0,20.0,2.0,0.0,0.0,6.0,56.1,1,1,1,1,6727,308,137,740,542,22292,8458,20169,11929,932,1,1,873,347,1.0,30:59,2015,2016
2015-16,204001,Kristaps Porziņģis,Kristaps,1610612752,NYK,New York Knicks,21501102,2016-03-28T00:00:00,NYK @ NOP,L,34.7,0.0,4.0,0.0,2.0,10.0,2.0,8.0,18.0,3.0,0.0,2.0,6.0,45.0,1,13074,13074,13074,3763,12059,1596,9917,12984,17370,3734,17194,13577,347,1,11390,873,1357,1.0,34:43,2015,2016
2015-16,203952,Andrew Wiggins,Andrew,1610612750,MIN,Minnesota Timberwolves,21501101,2016-03-28T00:00:00,MIN vs. PHX,W,36.5,0.0,3.0,4.0,4.0,12.0,5.0,12.0,36.0,3.0,0.0,0.0,11.0,52.0,1,1,1,1,2418,12059,3104,1913,8599,20178,11469,22259,1943,347,1,1,44,571,1.0,36:29,2015,2016
2015-16,203187,Chris Johnson,Chris,1610612762,UTA,Utah Jazz,21501104,2016-03-28T00:00:00,UTA vs. LAL,W,14.5,0.0,0.0,0.0,0.0,5.0,2.0,8.0,6.0,1.0,0.0,2.0,1.0,7.4,1,1,1,1,20082,12059,10158,9917,18861,8403,3734,17194,22724,2692,1,11390,12373,20912,1.0,14:32,2015,2016
2015-16,201572,Brook Lopez,Brook,1610612751,BKN,Brooklyn Nets,21501097,2016-03-28T00:00:00,BKN @ MIA,L,34.8,0.0,6.0,0.0,20.0,15.0,10.0,10.0,42.0,1.0,0.0,1.0,4.0,29.8,1,13074,13074,13074,3718,12059,481,9917,59,23079,20509,20169,670,2692,1,4972,2748,5948,1.0,34:46,2015,2016
2015-16,203081,Damian Lillard,Damian,1610612757,POR,Portland Trail Blazers,21501105,2016-03-28T00:00:00,POR vs. SAC,W,28.8,5.0,0.0,2.0,0.0,13.0,11.0,11.0,26.0,1.0,0.0,2.0,3.0,29.7,1,1,1,1,8572,1603,10158,4675,18861,21300,21814,21342,7214,2692,1,11390,4736,6006,1.0,28:46,2015,2016
2015-16,203481,Jeff Withey,Jeff,1610612762,UTA,Utah Jazz,21501104,2016-03-28T00:00:00,UTA vs. LAL,W,7.9,0.0,0.0,0.0,0.0,3.0,4.0,8.0,2.0,1.0,0.0,1.0,0.0,6.2,1,1,1,1,23235,12059,10158,9917,18861,5109,8458,17194,24614,2692,1,4972,18762,21696,1.0,7:53,2015,2016
2015-16,203960,JaKarr Sampson,JaKarr,1610612743,DEN,Denver Nuggets,21501103,2016-03-28T00:00:00,DEN vs. DAL,L,17.8,0.0,0.0,0.0,2.0,8.0,5.0,4.0,10.0,1.0,1.0,1.0,0.0,10.6,1,13074,13074,13074,17652,12059,10158,9917,12984,13914,11469,8806,20209,2692,17214,4972,18762,18723,1.0,17:49,2015,2016
2015-16,977,Kobe Bryant,Kobe,1610612747,LAL,Los Angeles Lakers,21501104,2016-03-28T00:00:00,LAL @ UTA,L,27.7,2.0,0.0,0.0,0.0,7.0,13.0,6.0,26.0,0.0,1.0,0.0,2.0,11.0,1,13074,13074,13074,9430,6026,10158,9917,18861,12242,23668,13388,7214,8004,17214,1,7786,18430,1.0,27:44,2015,2016
2015-16,201601,Luc Mbah a Moute,Luc,1610612746,LAC,LA Clippers,21501106,2016-03-28T00:00:00,LAC vs. BOS,W,16.7,0.0,0.0,0.0,0.0,7.0,4.0,7.0,10.0,0.0,0.0,0.0,0.0,6.2,1,1,1,1,18484,12059,10158,9917,18861,12242,8458,15538,20209,8004,1,1,18762,21696,1.0,16:44,2015,2016
2015-16,2749,Jameer Nelson,Jameer,1610612743,DEN,Denver Nuggets,21501103,2016-03-28T00:00:00,DEN vs. DAL,L,7.1,0.0,0.0,0.0,0.0,5.0,0.0,2.0,6.0,0.0,0.0,1.0,0.0,1.2,1,13074,13074,13074,23517,12059,10158,9917,18861,8403,1,4025,22724,8004,1,4972,18762,24661,1.0,7:07,2015,2016
2015-16,203504,Trey Burke,Trey,1610612762,UTA,Utah Jazz,21501104,2016-03-28T00:00:00,UTA vs. LAL,W,9.8,3.0,0.0,0.0,0.0,3.0,4.0,8.0,2.0,0.0,1.0,0.0,0.0,6.0,1,1,1,1,22512,4307,10158,9917,18861,5109,8458,17194,24614,8004,17214,1,18762,21878,1.0,9:50,2015,2016
2015-16,2585,Zaza Pachulia,Zaza,1610612742,DAL,Dallas Mavericks,21501103,2016-03-28T00:00:00,DAL @ DEN,W,28.7,2.0,0.0,0.0,2.0,2.0,5.0,12.0,20.0,0.0,2.0,4.0,2.0,11.0,1,1,1,1,8678,6026,10158,9917,12984,2619,11469,22259,11929,8004,23588,22104,7786,18430,1.0,28:40,2015,2016
2015-16,2588,Matt Bonner,Matt,1610612759,SAS,San Antonio Spurs,21501100,2016-03-28T00:00:00,SAS @ MEM,W,8.6,0.0,0.0,0.0,2.0,4.0,2.0,8.0,12.0,0.0,0.0,3.0,0.0,6.2,1,1,1,1,22993,12059,10158,9917,12984,6141,3734,17194,18637,8004,1,17641,18762,21696,1.0,8:37,2015,2016
2015-16,200751,Randy Foye,Randy,1610612760,OKC,Oklahoma City Thunder,21501098,2016-03-28T00:00:00,OKC @ TOR,W,13.9,0.0,0.0,0.0,0.0,11.0,8.0,9.0,18.0,0.0,0.0,2.0,0.0,1.7,1,1,1,1,20466,12059,10158,9917,18861,18886,17345,18829,13577,8004,1,11390,18762,24436,1.0,13:54,2015,2016
2015-16,202720,Jon Leuer,Jon,1610612756,PHX,Phoenix Suns,21501101,2016-03-28T00:00:00,PHX @ MIN,L,11.1,0.0,0.0,0.0,0.0,7.0,4.0,2.0,16.0,0.0,1.0,1.0,0.0,6.2,1,13074,13074,13074,21992,12059,10158,9917,18861,12242,8458,4025,15259,8004,17214,4972,18762,21696,1.0,11:05,2015,2016
2015-16,202087,Alonzo Gee,Alonzo,1610612740,NOP,New Orleans Pelicans,21501102,2016-03-28T00:00:00,NOP vs. NYK,W,20.1,4.0,3.0,6.0,8.0,9.0,3.0,2.0,18.0,0.0,1.0,1.0,2.0,15.9,1,1,1,1,15797,2460,3104,740,3109,15771,7138,4025,13577,8004,17214,4972,7786,14675,1.0,20:08,2015,2016
2015-16,203912,C.J. Wilcox,C.J.,1610612746,LAC,LA Clippers,21501106,2016-03-28T00:00:00,LAC vs. BOS,W,5.2,2.0,0.0,2.0,2.0,2.0,2.0,0.0,6.0,0.0,0.0,1.0,0.0,6.5,1,1,1,1,24278,6026,10158,4675,12984,2619,3734,1,22724,8004,1,4972,18762,21519,1.0,5:14,2015,2016
2015-16,203200,Justin Holiday,Justin,1610612741,CHI,Chicago Bulls,21501099,2016-03-28T00:00:00,CHI vs. ATL,L,12.5,0.0,0.0,0.0,0.0,4.0,0.0,2.0,14.0,0.0,1.0,0.0,1.0,2.0,1,13074,13074,13074,21289,12059,10158,9917,18861,6141,1,4025,17019,8004,17214,1,12373,24216,1.0,12:28,2015,2016
2015-16,101138,Brandon Bass,Brandon,1610612747,LAL,Los Angeles Lakers,21501104,2016-03-28T00:00:00,LAL @ UTA,L,12.3,0.0,0.0,0.0,2.0,2.0,3.0,2.0,10.0,0.0,0.0,2.0,1.0,5.9,1,13074,13074,13074,21368,12059,10158,9917,12984,2619,7138,4025,20209,8004,1,11390,12373,21953,1.0,12:20,2015,2016
2015-16,203092,Tyler Zeller,Tyler,1610612738,BOS,Boston Celtics,21501106,2016-03-28T00:00:00,BOS @ LAC,L,19.0,4.0,0.0,0.0,2.0,6.0,5.0,6.0,16.0,0.0,0.0,2.0,3.0,10.8,1,13074,13074,13074,16722,2460,10158,9917,12984,10028,11469,13388,15259,8004,1,11390,4736,18579,1.0,18:58,2015,2016
2015-16,202962,Greg Smith,Greg,1610612750,MIN,Minnesota Timberwolves,21501101,2016-03-28T00:00:00,MIN vs. PHX,W,9.6,0.0,0.0,0.0,0.0,4.0,0.0,5.0,4.0,0.0,0.0,1.0,3.0,1.2,1,1,1,1,22573,12059,10158,9917,18861,6141,1,11593,23698,8004,1,4972,4736,24661,1.0,9:38,2015,2016
2015-16,201167,Arron Afflalo,Arron,1610612752,NYK,New York Knicks,21501102,2016-03-28T00:00:00,NYK @ NOP,L,27.7,0.0,2.0,0.0,2.0,12.0,6.0,12.0,22.0,0.0,0.0,6.0,0.0,6.9,1,13074,13074,13074,9440,12059,4731,9917,12984,20178,13237,22259,10265,8004,1,25827,18762,21262,1.0,27:43,2015,2016
2015-16,1626166,Cameron Payne,Cameron,1610612760,OKC,Oklahoma City Thunder,21501098,2016-03-28T00:00:00,OKC @ TOR,W,2.7,0.0,0.0,0.0,0.0,3.0,2.0,2.0,4.0,0.0,0.0,1.0,0.0,0.0,1,1,1,1,25239,12059,10158,9917,18861,5109,3734,4025,23698,8004,1,4972,18762,25170,1.0,2:44,2015,2016
2015-16,203926,Doug McDermott,Doug,1610612741,CHI,Chicago Bulls,21501099,2016-03-28T00:00:00,CHI vs. ATL,L,19.7,0.0,0.0,0.0,0.0,4.0,2.0,10.0,18.0,0.0,0.0,1.0,1.0,4.6,1,13074,13074,13074,16148,12059,10158,9917,18861,6141,3734,20169,13577,8004,1,4972,12373,22734,1.0,19:42,2015,2016
2015-16,201571,D.J. Augustin,D.J.,1610612743,DEN,Denver Nuggets,21501103,2016-03-28T00:00:00,DEN vs. DAL,L,16.6,0.0,0.0,2.0,0.0,21.0,8.0,2.0,14.0,0.0,0.0,1.0,2.0,9.1,1,13074,13074,13074,18592,12059,10158,4675,18861,25535,17345,4025,17019,8004,1,4972,7786,19789,1.0,16:35,2015,2016
2015-16,202362,Lance Stephenson,Lance,1610612763,MEM,Memphis Grizzlies,21501100,2016-03-28T00:00:00,MEM vs. SAS,L,21.0,0.0,0.0,0.0,2.0,10.0,2.0,9.0,26.0,0.0,0.0,1.0,2.0,7.3,1,13074,13074,13074,15016,12059,10158,9917,12984,17370,3734,18829,7214,8004,1,4972,7786,21024,1.0,21:03,2015,2016
2015-16,202323,Evan Turner,Evan,1610612738,BOS,Boston Celtics,21501106,2016-03-28T00:00:00,BOS @ LAC,L,32.3,0.0,2.0,0.0,2.0,9.0,9.0,4.0,34.0,0.0,0.0,0.0,1.0,13.3,1,13074,13074,13074,5650,12059,4731,9917,12984,15771,19144,8806,2701,8004,1,1,12373,16712,1.0,32:18,2015,2016
2015-16,2755,Kevin Martin,Kevin,1610612759,SAS,San Antonio Spurs,21501100,2016-03-28T00:00:00,SAS @ MEM,W,22.1,0.0,0.0,0.0,0.0,11.0,13.0,8.0,16.0,0.0,1.0,3.0,0.0,6.9,1,1,1,1,14095,12059,10158,9917,18861,18886,23668,17194,15259,8004,17214,17641,18762,21262,1.0,22:06,2015,2016
2015-16,2207,Joe Johnson,Joe,1610612748,MIA,Miami Heat,21501097,2016-03-28T00:00:00,MIA vs. BKN,W,34.9,0.0,0.0,0.0,2.0,11.0,10.0,6.0,40.0,0.0,1.0,2.0,1.0,13.3,1,1,1,1,3595,12059,10158,9917,12984,18886,20509,13388,983,8004,17214,11390,12373,16712,1.0,34:55,2015,2016
2015-16,101123,Gerald Green,Gerald,1610612748,MIA,Miami Heat,21501097,2016-03-28T00:00:00,MIA vs. BKN,W,7.7,0.0,2.0,0.0,2.0,3.0,0.0,0.0,6.0,0.0,1.0,0.0,0.0,3.2,1,1,1,1,23335,12059,4731,9917,12984,5109,1,1,22724,8004,17214,1,18762,23473,1.0,7:39,2015,2016
2015-16,1897,Metta World Peace,Metta,1610612747,LAL,Los Angeles Lakers,21501104,2016-03-28T00:00:00,LAL @ UTA,L,12.4,0.0,0.0,0.0,2.0,2.0,4.0,5.0,12.0,0.0,0.0,3.0,2.0,6.7,1,13074,13074,13074,21342,12059,10158,9917,12984,2619,8458,11593,18637,8004,1,17641,7786,21376,1.0,12:23,2015,2016
2015-16,203613,Jonathon Simmons,Jonathon,1610612759,SAS,San Antonio Spurs,21501100,2016-03-28T00:00:00,SAS @ MEM,W,9.9,2.0,0.0,0.0,2.0,3.0,5.0,6.0,8.0,0.0,1.0,3.0,1.0,5.0,1,1,1,1,22492,6026,10158,9917,12984,5109,11469,13388,21543,8004,17214,17641,12373,22500,1.0,9:54,2015,2016
2015-16,1626179,Terry Rozier,Terry,1610612738,BOS,Boston Celtics,21501106,2016-03-28T00:00:00,BOS @ LAC,L,20.5,0.0,2.0,0.0,0.0,6.0,9.0,6.0,16.0,0.0,0.0,3.0,2.0,6.5,1,13074,13074,13074,15494,12059,4731,9917,18861,10028,19144,13388,15259,8004,1,17641,7786,21519,1.0,20:29,2015,2016
2015-16,2406,Caron Butler,Caron,1610612758,SAC,Sacramento Kings,21501105,2016-03-28T00:00:00,SAC @ POR,L,3.3,0.0,0.0,0.0,0.0,0.0,2.0,2.0,4.0,0.0,0.0,2.0,0.0,0.0,1,13074,13074,13074,24992,12059,10158,9917,18861,1,3734,4025,23698,8004,1,11390,18762,25170,1.0,3:20,2015,2016
2015-16,202357,Nemanja Bjelica,Nemanja,1610612750,MIN,Minnesota Timberwolves,21501101,2016-03-28T00:00:00,MIN vs. PHX,W,13.3,0.0,0.0,0.0,2.0,5.0,2.0,2.0,10.0,0.0,0.0,3.0,0.0,4.9,1,1,1,1,20778,12059,10158,9917,12984,8403,3734,4025,20209,8004,1,17641,18762,22621,1.0,13:20,2015,2016
2015-16,2754,Tony Allen,Tony,1610612763,MEM,Memphis Grizzlies,21501100,2016-03-28T00:00:00,MEM vs. SAS,L,16.9,2.0,0.0,2.0,4.0,6.0,8.0,6.0,16.0,0.0,2.0,0.0,0.0,9.5,1,13074,13074,13074,18319,6026,10158,4675,8599,10028,17345,13388,15259,8004,23588,1,18762,19519,1.0,16:56,2015,2016
2015-16,1626154,RJ Hunter,RJ,1610612738,BOS,Boston Celtics,21501106,2016-03-28T00:00:00,BOS @ LAC,L,3.9,0.0,0.0,0.0,0.0,2.0,0.0,2.0,2.0,0.0,0.0,0.0,0.0,0.0,1,13074,13074,13074,24747,12059,10158,9917,18861,2619,1,4025,24614,8004,1,1,18762,25170,1.0,3:54,2015,2016
2015-16,201965,Jeff Ayres,Jeff,1610612746,LAC,LA Clippers,21501106,2016-03-28T00:00:00,LAC vs. BOS,W,5.2,0.0,0.0,0.0,0.0,2.0,2.0,0.0,6.0,0.0,0.0,3.0,0.0,4.2,1,1,1,1,24278,12059,10158,9917,18861,2619,3734,1,22724,8004,1,17641,18762,22976,1.0,5:14,2015,2016
2015-16,203900,Markel Brown,Markel,1610612751,BKN,Brooklyn Nets,21501097,2016-03-28T00:00:00,BKN @ MIA,L,12.1,0.0,0.0,0.0,2.0,10.0,4.0,2.0,26.0,0.0,0.0,1.0,0.0,7.2,1,13074,13074,13074,21481,12059,10158,9917,12984,17370,8458,4025,7214,8004,1,4972,18762,21035,1.0,12:05,2015,2016
2015-16,1626192,Pat Connaughton,Pat,1610612757,POR,Portland Trail Blazers,21501105,2016-03-28T00:00:00,POR vs. SAC,W,4.7,0.0,0.0,0.0,0.0,2.0,3.0,2.0,4.0,0.0,0.0,0.0,0.0,-1.0,1,1,1,1,24471,12059,10158,9917,18861,2619,7138,4025,23698,8004,1,1,18762,25932,1.0,4:41,2015,2016
2015-16,201600,Omer Asik,Omer,1610612740,NOP,New Orleans Pelicans,21501102,2016-03-28T00:00:00,NOP vs. NYK,W,7.7,0.0,0.0,0.0,2.0,4.0,0.0,0.0,6.0,0.0,0.0,1.0,0.0,3.6,1,1,1,1,23322,12059,10158,9917,12984,6141,1,1,22724,8004,1,4972,18762,23310,1.0,7:41,2015,2016
2015-16,2399,Mike Dunleavy,Mike,1610612741,CHI,Chicago Bulls,21501099,2016-03-28T00:00:00,CHI vs. ATL,L,19.9,0.0,3.0,2.0,2.0,0.0,3.0,4.0,22.0,0.0,1.0,1.0,0.0,9.0,1,13074,13074,13074,16004,12059,3104,4675,12984,1,7138,8806,10265,8004,17214,4972,18762,19835,1.0,19:53,2015,2016
2015-16,201978,Chase Budinger,Chase,1610612756,PHX,Phoenix Suns,21501101,2016-03-28T00:00:00,PHX @ MIN,L,20.0,0.0,0.0,0.0,0.0,5.0,4.0,4.0,18.0,0.0,0.0,0.0,0.0,4.2,1,13074,13074,13074,15952,12059,10158,9917,18861,8403,8458,8806,13577,8004,1,1,18762,22976,1.0,19:57,2015,2016
2015-16,1626170,Jerian Grant,Jerian,1610612752,NYK,New York Knicks,21501102,2016-03-28T00:00:00,NYK @ NOP,L,10.0,0.0,0.0,0.0,0.0,7.0,3.0,8.0,12.0,0.0,0.0,2.0,1.0,4.5,1,13074,13074,13074,22459,12059,10158,9917,18861,12242,7138,17194,18637,8004,1,11390,12373,22773,1.0,9:58,2015,2016
2015-16,1626191,Chris McCullough,Chris,1610612751,BKN,Brooklyn Nets,21501097,2016-03-28T00:00:00,BKN @ MIA,L,17.1,5.0,0.0,0.0,0.0,8.0,5.0,2.0,32.0,0.0,0.0,0.0,0.0,9.6,1,13074,13074,13074,18210,1603,10158,9917,18861,13914,11469,4025,3535,8004,1,1,18762,19434,1.0,17:05,2015,2016
2015-16,201627,Anthony Morrow,Anthony,1610612760,OKC,Oklahoma City Thunder,21501098,2016-03-28T00:00:00,OKC @ TOR,W,7.3,0.0,0.0,0.0,0.0,9.0,8.0,2.0,10.0,0.0,0.0,2.0,0.0,3.5,1,1,1,1,23470,12059,10158,9917,18861,15771,17345,4025,20209,8004,1,11390,18762,23351,1.0,7:17,2015,2016
2015-16,202682,Derrick Williams,Derrick,1610612752,NYK,New York Knicks,21501102,2016-03-28T00:00:00,NYK @ NOP,L,15.5,2.0,0.0,0.0,4.0,4.0,4.0,8.0,12.0,0.0,0.0,0.0,0.0,4.4,1,13074,13074,13074,19446,6026,10158,9917,8599,6141,8458,17194,18637,8004,1,1,18762,22837,1.0,15:27,2015,2016
2015-16,203463,Ben McLemore,Ben,1610612758,SAC,Sacramento Kings,21501105,2016-03-28T00:00:00,SAC @ POR,L,26.4,0.0,0.0,1.0,0.0,3.0,2.0,2.0,10.0,0.0,2.0,3.0,2.0,9.3,1,13074,13074,13074,10505,12059,10158,9347,18861,5109,3734,4025,20209,8004,23588,17641,7786,19656,1.0,26:26,2015,2016
2015-16,1626175,Jordan Mickey,Jordan,1610612738,BOS,Boston Celtics,21501106,2016-03-28T00:00:00,BOS @ LAC,L,6.7,0.0,2.0,0.0,2.0,2.0,0.0,2.0,4.0,0.0,2.0,0.0,1.0,6.8,1,13074,13074,13074,23671,12059,4731,9917,12984,2619,1,4025,23698,8004,23588,1,12373,21328,1.0,6:43,2015,2016
2015-16,1626273,Marcelo Huertas,Marcelo,1610612747,LAL,Los Angeles Lakers,21501104,2016-03-28T00:00:00,LAL @ UTA,L,22.9,0.0,0.0,0.0,2.0,8.0,5.0,5.0,18.0,0.0,0.0,2.0,0.0,7.2,1,13074,13074,13074,13455,12059,10158,9917,12984,13914,11469,11593,13577,8004,1,11390,18762,21035,1.0,22:54,2015,2016
2015-16,203526,Raul Neto,Raul,1610612762,UTA,Utah Jazz,21501104,2016-03-28T00:00:00,UTA vs. LAL,W,18.8,0.0,0.0,0.0,2.0,3.0,4.0,8.0,10.0,0.0,1.0,1.0,1.0,9.2,1,1,1,1,16881,12059,10158,9917,12984,5109,8458,17194,20209,8004,17214,4972,12373,19680,1.0,18:48,2015,2016
2015-16,203923,James Young,James,1610612738,BOS,Boston Celtics,21501106,2016-03-28T00:00:00,BOS @ LAC,L,2.7,0.0,0.0,0.0,0.0,2.0,0.0,2.0,2.0,0.0,0.0,0.0,0.0,0.0,1,13074,13074,13074,25266,12059,10158,9917,18861,2619,1,4025,24614,8004,1,1,18762,25170,1.0,2:39,2015,2016
2015-16,1626153,Delon Wright,Delon,1610612761,TOR,Toronto Raptors,21501098,2016-03-28T00:00:00,TOR vs. OKC,L,3.3,0.0,0.0,2.0,2.0,0.0,2.0,0.0,4.0,0.0,0.0,0.0,2.0,4.0,1,13074,13074,13074,25028,12059,10158,4675,12984,1,3734,1,23698,8004,1,1,7786,23142,1.0,3:15,2015,2016
2015-16,203512,Lucas Nogueira,Lucas,1610612761,TOR,Toronto Raptors,21501098,2016-03-28T00:00:00,TOR vs. OKC,L,3.3,0.0,0.0,0.0,0.0,0.0,2.0,0.0,4.0,0.0,0.0,0.0,0.0,0.0,1,13074,13074,13074,25028,12059,10158,9917,18861,1,3734,1,23698,8004,1,1,18762,25170,1.0,3:15,2015,2016
2015-16,200757,Thabo Sefolosha,Thabo,1610612737,ATL,Atlanta Hawks,21501099,2016-03-28T00:00:00,ATL @ CHI,W,23.5,0.0,0.0,2.0,0.0,2.0,9.0,4.0,26.0,0.0,0.0,1.0,1.0,4.4,1,1,1,1,12976,12059,10158,4675,18861,2619,19144,8806,7214,8004,1,4972,12373,22837,1.0,23:29,2015,2016
2015-16,2419,Tayshaun Prince,Tayshaun,1610612750,MIN,Minnesota Timberwolves,21501101,2016-03-28T00:00:00,MIN vs. PHX,W,16.1,0.0,0.0,0.0,0.0,4.0,1.0,4.0,10.0,0.0,0.0,1.0,2.0,4.2,1,1,1,1,18985,12059,10158,9917,18861,6141,3393,8806,20209,8004,1,4972,7786,22976,1.0,16:04,2015,2016
2015-16,202388,Donald Sloan,Donald,1610612751,BKN,Brooklyn Nets,21501097,2016-03-28T00:00:00,BKN @ MIA,L,18.9,0.0,0.0,0.0,2.0,10.0,7.0,2.0,32.0,0.0,0.0,0.0,1.0,6.7,1,13074,13074,13074,16820,12059,10158,9917,12984,17370,15642,4025,3535,8004,1,1,12373,21376,1.0,18:51,2015,2016
2015-16,201589,Darrell Arthur,Darrell,1610612743,DEN,Denver Nuggets,21501103,2016-03-28T00:00:00,DEN vs. DAL,L,25.6,0.0,0.0,2.0,4.0,15.0,7.0,0.0,20.0,0.0,0.0,3.0,1.0,8.7,1,13074,13074,13074,11178,12059,10158,4675,8599,23079,15642,1,11929,8004,1,17641,12373,20045,1.0,25:38,2015,2016
2015-16,1626210,Alan Williams,Alan,1610612756,PHX,Phoenix Suns,21501101,2016-03-28T00:00:00,PHX @ MIN,L,2.8,0.0,0.0,0.0,0.0,1.0,2.0,0.0,2.0,0.0,0.0,2.0,1.0,0.4,1,13074,13074,13074,25211,12059,10158,9917,18861,2356,3734,1,24614,8004,1,11390,12373,25093,1.0,2:46,2015,2016
2015-16,204098,Xavier Munford,Xavier,1610612763,MEM,Memphis Grizzlies,21501100,2016-03-28T00:00:00,MEM vs. SAS,L,6.4,3.0,0.0,2.0,2.0,0.0,0.0,0.0,0.0,1.0,0.0,1.0,2.0,9.2,1,13074,13074,13074,23794,4307,10158,4675,12984,1,1,1,25429,2692,1,4972,7786,19680,1.0,6:22,2015,2016
2015-16,1626146,Cliff Alexander,Cliff,1610612757,POR,Portland Trail Blazers,21501105,2016-03-28T00:00:00,POR vs. SAC,W,4.7,0.0,0.0,0.0,0.0,2.0,3.0,2.0,4.0,0.0,0.0,1.0,0.0,0.0,1,1,1,1,24471,12059,10158,9917,18861,2619,7138,4025,23698,8004,1,4972,18762,25170,1.0,4:41,2015,2016
2015-16,2199,Tyson Chandler,Tyson,1610612756,PHX,Phoenix Suns,21501101,2016-03-28T00:00:00,PHX @ MIN,L,18.6,0.0,0.0,0.0,2.0,11.0,4.0,8.0,16.0,0.0,0.0,5.0,0.0,9.6,1,13074,13074,13074,17002,12059,10158,9917,12984,18886,8458,17194,15259,8004,1,24686,18762,19434,1.0,18:37,2015,2016
2015-16,202338,Kevin Seraphin,Kevin,1610612752,NYK,New York Knicks,21501102,2016-03-28T00:00:00,NYK @ NOP,L,10.9,0.0,0.0,0.0,2.0,4.0,1.0,6.0,12.0,0.0,1.0,2.0,0.0,8.8,1,13074,13074,13074,22062,12059,10158,9917,12984,6141,3393,13388,18637,8004,17214,11390,18762,19994,1.0,10:56,2015,2016
2015-16,203124,Kyle O'Quinn,Kyle,1610612752,NYK,New York Knicks,21501102,2016-03-28T00:00:00,NYK @ NOP,L,5.1,0.0,0.0,0.0,0.0,0.0,1.0,2.0,2.0,1.0,0.0,0.0,0.0,6.6,1,13074,13074,13074,24324,12059,10158,9917,18861,1,3393,4025,24614,2692,1,1,18762,21445,1.0,5:07,2015,2016
2015-16,204060,Joe Ingles,Joe,1610612762,UTA,Utah Jazz,21501104,2016-03-28T00:00:00,UTA vs. LAL,W,20.8,0.0,0.0,3.0,0.0,0.0,4.0,0.0,12.0,0.0,0.0,0.0,0.0,13.1,1,1,1,1,15274,12059,10158,3302,18861,1,8458,1,18637,8004,1,1,18762,16874,1.0,20:45,2015,2016
2015-16,203143,Pablo Prigioni,Pablo,1610612746,LAC,LA Clippers,21501106,2016-03-28T00:00:00,LAC vs. BOS,W,13.3,0.0,0.0,0.0,0.0,7.0,4.0,2.0,12.0,0.0,0.0,0.0,1.0,16.5,1,1,1,1,20825,12059,10158,9917,18861,12242,8458,4025,18637,8004,1,1,12373,14224,1.0,13:16,2015,2016
2015-16,2405,Amar'e Stoudemire,Amar'e,1610612748,MIA,Miami Heat,21501097,2016-03-28T00:00:00,MIA vs. BKN,W,17.0,2.0,0.0,0.0,4.0,8.0,4.0,6.0,20.0,0.0,0.0,0.0,2.0,18.6,1,1,1,1,18297,6026,10158,9917,8599,13914,8458,13388,11929,8004,1,1,7786,12715,1.0,16:58,2015,2016
2015-16,202687,Bismack Biyombo,Bismack,1610612761,TOR,Toronto Raptors,21501098,2016-03-28T00:00:00,TOR vs. OKC,L,17.8,0.0,2.0,0.0,4.0,4.0,14.0,5.0,12.0,1.0,0.0,3.0,4.0,18.4,1,13074,13074,13074,17652,12059,4731,9917,8599,6141,24300,11593,18637,2692,1,17641,2748,12854,1.0,17:49,2015,2016
2015-16,203530,Joffrey Lauvergne,Joffrey,1610612743,DEN,Denver Nuggets,21501103,2016-03-28T00:00:00,DEN vs. DAL,L,22.6,0.0,0.0,0.0,6.0,21.0,10.0,2.0,26.0,1.0,0.0,2.0,2.0,16.6,1,13074,13074,13074,13689,12059,10158,9917,5299,25535,20509,4025,7214,2692,1,11390,7786,14125,1.0,22:36,2015,2016
2015-16,1626159,Justise Winslow,Justise,1610612748,MIA,Miami Heat,21501097,2016-03-28T00:00:00,MIA vs. BKN,W,31.7,5.0,0.0,6.0,8.0,9.0,6.0,0.0,34.0,0.0,0.0,1.0,1.0,16.6,1,1,1,1,6169,1603,10158,740,3109,15771,13237,1,2701,8004,1,4972,12373,14125,1.0,31:40,2015,2016
2015-16,200768,Kyle Lowry,Kyle,1610612761,TOR,Toronto Raptors,21501098,2016-03-28T00:00:00,TOR vs. OKC,L,36.5,5.0,0.0,0.0,2.0,16.0,16.0,25.0,38.0,0.0,1.0,4.0,6.0,18.4,1,13074,13074,13074,2427,1603,10158,9917,12984,23774,25155,25980,1422,8004,17214,22104,873,12854,1.0,36:27,2015,2016
2015-16,2743,Kris Humphries,Kris,1610612737,ATL,Atlanta Hawks,21501099,2016-03-28T00:00:00,ATL @ CHI,W,14.2,0.0,2.0,4.0,2.0,2.0,5.0,2.0,20.0,0.0,0.0,3.0,1.0,16.2,1,1,1,1,20298,12059,4731,1913,12984,2619,11469,4025,11929,8004,1,17641,12373,14436,1.0,14:11,2015,2016
2015-16,202706,Jordan Hamilton,Jordan,1610612740,NOP,New Orleans Pelicans,21501102,2016-03-28T00:00:00,NOP vs. NYK,W,18.5,0.0,0.0,2.0,2.0,4.0,10.0,2.0,14.0,1.0,0.0,3.0,2.0,20.8,1,1,1,1,17088,12059,10158,4675,12984,6141,20509,4025,17019,2692,1,17641,7786,11195,1.0,18:31,2015,2016
2015-16,201967,Dante Cunningham,Dante,1610612740,NOP,New Orleans Pelicans,21501102,2016-03-28T00:00:00,NOP vs. NYK,W,40.3,2.0,0.0,4.0,2.0,13.0,13.0,2.0,28.0,0.0,0.0,2.0,4.0,18.6,1,1,1,1,651,6026,10158,1913,12984,21300,23668,4025,5824,8004,1,11390,2748,12715,1.0,40:18,2015,2016
2015-16,203486,Mason Plumlee,Mason,1610612757,POR,Portland Trail Blazers,21501105,2016-03-28T00:00:00,POR vs. SAC,W,20.2,0.0,0.0,0.0,4.0,10.0,7.0,9.0,20.0,0.0,1.0,3.0,1.0,13.1,1,1,1,1,15729,12059,10158,9917,8599,17370,15642,18829,11929,8004,17214,17641,12373,16874,1.0,20:12,2015,2016
2015-16,202709,Cory Joseph,Cory,1610612761,TOR,Toronto Raptors,21501098,2016-03-28T00:00:00,TOR vs. OKC,L,26.4,0.0,2.0,3.0,4.0,7.0,15.0,8.0,26.0,0.0,1.0,0.0,1.0,18.6,1,13074,13074,13074,10542,12059,4731,3302,8599,12242,24781,17194,7214,8004,17214,1,12373,12715,1.0,26:23,2015,2016
2015-16,201949,James Johnson,James,1610612761,TOR,Toronto Raptors,21501098,2016-03-28T00:00:00,TOR vs. OKC,L,16.5,0.0,2.0,2.0,6.0,5.0,8.0,4.0,14.0,0.0,0.0,1.0,1.0,16.0,1,13074,13074,13074,18663,12059,4731,4675,5299,8403,17345,8806,17019,8004,1,4972,12373,14590,1.0,16:29,2015,2016
2015-16,200797,Ryan Hollins,Ryan,1610612763,MEM,Memphis Grizzlies,21501100,2016-03-28T00:00:00,MEM vs. SAS,L,20.4,1.0,3.0,2.0,4.0,8.0,2.0,6.0,24.0,1.0,0.0,2.0,4.0,16.1,1,13074,13074,13074,15561,11535,3104,4675,8599,13914,3734,13388,8723,2692,1,11390,2748,14515,1.0,20:24,2015,2016
2015-16,101135,David Lee,David,1610612742,DAL,Dallas Mavericks,21501103,2016-03-28T00:00:00,DAL @ DEN,W,3.9,0.0,0.0,0.0,0.0,0.0,2.0,0.0,2.0,0.0,0.0,0.0,0.0,2.4,1,1,1,1,24760,12059,10158,9917,18861,1,3734,1,24614,8004,1,1,18762,24024,1.0,3:52,2015,2016
2015-16,200755,JJ Redick,JJ,1610612746,LAC,LA Clippers,21501106,2016-03-28T00:00:00,LAC vs. BOS,W,17.9,2.0,2.0,0.0,4.0,2.0,4.0,4.0,10.0,0.0,0.0,3.0,0.0,15.9,1,1,1,1,17579,6026,4731,9917,8599,2619,8458,8806,20209,8004,1,17641,18762,14675,1.0,17:55,2015,2016
2015-16,202711,Bojan Bogdanović,Bojan,1610612751,BKN,Brooklyn Nets,21501097,2016-03-28T00:00:00,BKN @ MIA,L,23.9,2.0,0.0,4.0,4.0,10.0,3.0,10.0,30.0,0.0,2.0,0.0,0.0,8.2,1,13074,13074,13074,12621,6026,10158,1913,8599,17370,7138,20169,4541,8004,23588,1,18762,20416,1.0,23:56,2015,2016
2015-16,202713,Kyle Singler,Kyle,1610612760,OKC,Oklahoma City Thunder,21501098,2016-03-28T00:00:00,OKC @ TOR,W,12.1,0.0,0.0,0.0,0.0,7.0,2.0,9.0,16.0,0.0,1.0,2.0,0.0,2.7,1,1,1,1,21469,12059,10158,9917,18861,12242,3734,18829,15259,8004,17214,11390,18762,23884,1.0,12:07,2015,2016
2015-16,203944,Julius Randle,Julius,1610612747,LAL,Los Angeles Lakers,21501104,2016-03-28T00:00:00,LAL @ UTA,L,23.7,0.0,0.0,0.0,0.0,7.0,12.0,6.0,22.0,0.0,0.0,2.0,0.0,2.2,1,13074,13074,13074,12850,12059,10158,9917,18861,12242,22832,13388,10265,8004,1,11390,18762,24138,1.0,23:40,2015,2016
2015-16,201973,Jonas Jerebko,Jonas,1610612738,BOS,Boston Celtics,21501106,2016-03-28T00:00:00,BOS @ LAC,L,10.5,2.0,0.0,0.0,0.0,6.0,5.0,5.0,8.0,1.0,0.0,1.0,2.0,16.0,1,13074,13074,13074,22250,6026,10158,9917,18861,10028,11469,11593,21543,2692,1,4972,7786,14590,1.0,10:27,2015,2016
2015-16,203112,Quincy Acy,Quincy,1610612758,SAC,Sacramento Kings,21501105,2016-03-28T00:00:00,SAC @ POR,L,27.7,2.0,2.0,4.0,4.0,5.0,0.0,6.0,8.0,1.0,1.0,3.0,3.0,21.3,1,13074,13074,13074,9485,6026,4731,1913,8599,8403,1,13388,21543,2692,17214,17641,4736,10880,1.0,27:40,2015,2016
2015-16,203498,Shabazz Muhammad,Shabazz,1610612750,MIN,Minnesota Timberwolves,21501101,2016-03-28T00:00:00,MIN vs. PHX,W,14.0,4.0,4.0,2.0,8.0,5.0,2.0,3.0,8.0,0.0,0.0,0.0,0.0,16.0,1,1,1,1,20389,2460,1596,4675,3109,8403,3734,7328,21543,8004,1,1,18762,14590,1.0,14:02,2015,2016
2015-16,2736,Luol Deng,Luol,1610612748,MIA,Miami Heat,21501097,2016-03-28T00:00:00,MIA vs. BKN,W,30.9,0.0,0.0,0.0,6.0,10.0,8.0,6.0,40.0,0.0,0.0,0.0,0.0,21.5,1,1,1,1,6834,12059,10158,9917,5299,17370,17345,13388,983,8004,1,1,18762,10755,1.0,30:52,2015,2016
2015-16,2365,Chris Andersen,Chris,1610612763,MEM,Memphis Grizzlies,21501100,2016-03-28T00:00:00,MEM vs. SAS,L,23.6,0.0,3.0,0.0,2.0,10.0,8.0,8.0,18.0,1.0,2.0,2.0,2.0,21.5,1,13074,13074,13074,12920,12059,3104,9917,12984,17370,17345,17194,13577,2692,23588,11390,7786,10755,1.0,23:34,2015,2016
2015-16,203501,Tim Hardaway Jr.,Tim,1610612737,ATL,Atlanta Hawks,21501099,2016-03-28T00:00:00,ATL @ CHI,W,18.4,0.0,0.0,0.0,0.0,2.0,9.0,0.0,22.0,0.0,0.0,0.0,0.0,3.0,1,1,1,1,17200,12059,10158,9917,18861,2619,19144,1,10265,8004,1,1,18762,23648,1.0,18:23,2015,2016
2015-16,1626253,Axel Toupane,Axel,1610612743,DEN,Denver Nuggets,21501103,2016-03-28T00:00:00,DEN vs. DAL,L,6.8,0.0,0.0,0.0,0.0,4.0,4.0,0.0,4.0,0.0,0.0,2.0,0.0,2.0,1,13074,13074,13074,23631,12059,10158,9917,18861,6141,8458,1,23698,8004,1,11390,18762,24216,1.0,6:48,2015,2016
2015-16,1626242,Luis Montero,Luis,1610612757,POR,Portland Trail Blazers,21501105,2016-03-28T00:00:00,POR vs. SAC,W,4.7,0.0,0.0,1.0,0.0,2.0,3.0,2.0,4.0,0.0,0.0,0.0,1.0,2.2,1,1,1,1,24471,12059,10158,9347,18861,2619,7138,4025,23698,8004,1,1,12373,24138,1.0,4:41,2015,2016
2015-16,200826,J.J. Barea,J.J.,1610612742,DAL,Dallas Mavericks,21501103,2016-03-28T00:00:00,DAL @ DEN,W,26.4,9.0,2.0,2.0,6.0,4.0,7.0,12.0,20.0,0.0,1.0,2.0,4.0,40.7,1,1,1,1,10505,171,4731,4675,5299,6141,15642,22259,11929,8004,17214,11390,2748,2199,1.0,26:26,2015,2016
2015-16,1626171,Bobby Portis,Bobby,1610612741,CHI,Chicago Bulls,21501099,2016-03-28T00:00:00,CHI vs. ATL,L,13.7,0.0,1.0,0.0,4.0,4.0,0.0,2.0,14.0,0.0,2.0,0.0,1.0,15.2,1,13074,13074,13074,20604,12059,9709,9917,8599,6141,1,4025,17019,8004,23588,1,12373,15219,1.0,13:40,2015,2016
2015-16,200782,P.J. Tucker,P.J.,1610612756,PHX,Phoenix Suns,21501101,2016-03-28T00:00:00,PHX @ MIN,L,28.1,0.0,2.0,0.0,4.0,21.0,7.0,14.0,30.0,0.0,0.0,5.0,1.0,15.2,1,13074,13074,13074,9190,12059,4731,9917,8599,25535,15642,23710,4541,8004,1,24686,12373,15219,1.0,28:03,2015,2016
2015-16,203930,Sean Kilpatrick,Sean,1610612751,BKN,Brooklyn Nets,21501097,2016-03-28T00:00:00,BKN @ MIA,L,21.5,0.0,4.0,0.0,6.0,9.0,5.0,6.0,38.0,0.0,0.0,1.0,2.0,15.6,1,13074,13074,13074,14625,12059,1596,9917,5299,15771,11469,13388,1422,8004,1,4972,7786,14916,1.0,21:28,2015,2016
2015-16,202355,Hassan Whiteside,Hassan,1610612748,MIA,Miami Heat,21501097,2016-03-28T00:00:00,MIA vs. BKN,W,31.0,8.0,4.0,0.0,22.0,7.0,6.0,0.0,34.0,1.0,0.0,4.0,3.0,43.1,1,1,1,1,6692,308,1596,9917,25,12242,13237,1,2701,2692,1,22104,4736,1713,1.0,31:02,2015,2016
2015-16,1626178,Rondae Hollis-Jefferson,Rondae,1610612751,BKN,Brooklyn Nets,21501097,2016-03-28T00:00:00,BKN @ MIA,L,20.2,0.0,0.0,0.0,0.0,9.0,9.0,2.0,28.0,0.0,0.0,3.0,2.0,12.1,1,13074,13074,13074,15694,12059,10158,9917,18861,15771,19144,4025,5824,8004,1,17641,7786,17639,1.0,20:14,2015,2016
2015-16,201945,Gerald Henderson,Gerald,1610612757,POR,Portland Trail Blazers,21501105,2016-03-28T00:00:00,POR vs. SAC,W,20.5,0.0,0.0,0.0,4.0,5.0,4.0,3.0,12.0,0.0,0.0,5.0,1.0,15.8,1,1,1,1,15477,12059,10158,9917,8599,8403,8458,7328,18637,8004,1,24686,12373,14754,1.0,20:30,2015,2016
2015-16,2570,Kendrick Perkins,Kendrick,1610612740,NOP,New Orleans Pelicans,21501102,2016-03-28T00:00:00,NOP vs. NYK,W,21.2,0.0,1.0,0.0,0.0,4.0,4.0,2.0,8.0,1.0,0.0,1.0,2.0,15.6,1,1,1,1,14848,12059,9709,9917,18861,6141,8458,4025,21543,2692,1,4972,7786,14916,1.0,21:14,2015,2016
2015-16,201579,Roy Hibbert,Roy,1610612747,LAL,Los Angeles Lakers,21501104,2016-03-28T00:00:00,LAL @ UTA,L,23.7,0.0,2.0,0.0,6.0,7.0,12.0,6.0,22.0,4.0,1.0,3.0,3.0,27.2,1,13074,13074,13074,12850,12059,4731,9917,5299,12242,22832,13388,10265,132,17214,17641,4736,7289,1.0,23:40,2015,2016
2015-16,203552,Seth Curry,Seth,1610612758,SAC,Sacramento Kings,21501105,2016-03-28T00:00:00,SAC @ POR,L,33.7,2.0,0.0,2.0,6.0,4.0,5.0,8.0,16.0,0.0,3.0,2.0,3.0,30.3,1,13074,13074,13074,4628,6026,10158,4675,5299,6141,11469,17194,15259,8004,25441,11390,4736,5702,1.0,33:39,2015,2016
2015-16,2037,Jamal Crawford,Jamal,1610612746,LAC,LA Clippers,21501106,2016-03-28T00:00:00,LAC vs. BOS,W,28.9,3.0,0.0,3.0,0.0,18.0,6.0,9.0,20.0,0.0,0.0,2.0,0.0,20.4,1,1,1,1,8488,4307,10158,3302,18861,24749,13237,18829,11929,8004,1,11390,18762,11453,1.0,28:51,2015,2016
2015-16,2200,Pau Gasol,Pau,1610612741,CHI,Chicago Bulls,21501099,2016-03-28T00:00:00,CHI vs. ATL,L,34.3,2.0,2.0,2.0,6.0,0.0,9.0,15.0,30.0,0.0,2.0,3.0,4.0,41.9,1,13074,13074,13074,4069,6026,4731,4675,5299,1,19144,24242,4541,8004,23588,17641,2748,1958,1.0,34:20,2015,2016
2015-16,202332,Cole Aldrich,Cole,1610612746,LAC,LA Clippers,21501106,2016-03-28T00:00:00,LAC vs. BOS,W,13.8,2.0,4.0,0.0,6.0,9.0,2.0,2.0,10.0,2.0,0.0,2.0,0.0,19.9,1,1,1,1,20560,6026,1596,9917,5299,15771,3734,4025,20209,932,1,11390,18762,11824,1.0,13:45,2015,2016
2015-16,101181,Jose Calderon,Jose,1610612752,NYK,New York Knicks,21501102,2016-03-28T00:00:00,NYK @ NOP,L,30.3,0.0,0.0,0.0,0.0,5.0,0.0,10.0,16.0,0.0,0.0,4.0,1.0,31.4,1,13074,13074,13074,7272,12059,10158,9917,18861,8403,1,20169,15259,8004,1,22104,12373,5218,1.0,30:17,2015,2016
2015-16,202710,Jimmy Butler III,Jimmy,1610612741,CHI,Chicago Bulls,21501099,2016-03-28T00:00:00,CHI vs. ATL,L,35.3,0.0,5.0,0.0,4.0,0.0,9.0,15.0,30.0,0.0,2.0,2.0,3.0,30.6,1,13074,13074,13074,3334,12059,995,9917,8599,1,19144,24242,4541,8004,23588,11390,4736,5574,1.0,35:16,2015,2016
2015-16,101109,Raymond Felton,Raymond,1610612742,DAL,Dallas Mavericks,21501103,2016-03-28T00:00:00,DAL @ DEN,W,31.5,2.0,0.0,0.0,4.0,4.0,10.0,8.0,20.0,0.0,1.0,4.0,4.0,26.5,1,1,1,1,6282,6026,10158,9917,8599,6141,20509,17194,11929,8004,17214,22104,2748,7627,1.0,31:32,2015,2016
2015-16,202335,Patrick Patterson,Patrick,1610612761,TOR,Toronto Raptors,21501098,2016-03-28T00:00:00,TOR vs. OKC,L,29.4,3.0,0.0,0.0,4.0,9.0,19.0,8.0,24.0,2.0,0.0,2.0,1.0,26.1,1,13074,13074,13074,8059,4307,10158,9917,8599,15771,25786,17194,8723,932,1,11390,12373,7836,1.0,29:24,2015,2016
2015-16,202325,Wesley Johnson,Wesley,1610612746,LAC,LA Clippers,21501106,2016-03-28T00:00:00,LAC vs. BOS,W,16.3,0.0,0.0,6.0,2.0,8.0,2.0,5.0,6.0,0.0,0.0,2.0,1.0,15.2,1,1,1,1,18802,12059,10158,740,12984,13914,3734,11593,22724,8004,1,11390,12373,15219,1.0,16:19,2015,2016
2015-16,202340,Avery Bradley,Avery,1610612738,BOS,Boston Celtics,21501106,2016-03-28T00:00:00,BOS @ LAC,L,30.5,5.0,0.0,2.0,4.0,13.0,15.0,13.0,32.0,1.0,0.0,0.0,1.0,26.2,1,13074,13074,13074,7077,1603,10158,4675,8599,21300,24781,23048,3535,2692,1,1,12373,7785,1.0,30:32,2015,2016
2015-16,203156,Henry Sims,Henry,1610612751,BKN,Brooklyn Nets,21501097,2016-03-28T00:00:00,BKN @ MIA,L,13.2,0.0,0.0,0.0,4.0,8.0,2.0,2.0,30.0,0.0,0.0,2.0,0.0,11.7,1,13074,13074,13074,20858,12059,10158,9917,8599,13914,3734,4025,4541,8004,1,11390,18762,17903,1.0,13:14,2015,2016
2015-16,2449,Luis Scola,Luis,1610612761,TOR,Toronto Raptors,21501098,2016-03-28T00:00:00,TOR vs. OKC,L,15.4,0.0,0.0,0.0,0.0,7.0,3.0,19.0,20.0,1.0,0.0,3.0,0.0,11.9,1,13074,13074,13074,19514,12059,10158,9917,18861,12242,7138,25435,11929,2692,1,17641,18762,17760,1.0,15:21,2015,2016
2015-16,1626164,Devin Booker,Devin,1610612756,PHX,Phoenix Suns,21501101,2016-03-28T00:00:00,PHX @ MIN,L,43.3,6.0,3.0,6.0,12.0,22.0,9.0,16.0,38.0,1.0,1.0,4.0,8.0,40.1,1,13074,13074,13074,184,878,3104,740,988,25683,19144,24641,1422,2692,17214,22104,254,2345,1.0,43:16,2015,2016
2015-16,202714,Shelvin Mack,Shelvin,1610612762,UTA,Utah Jazz,21501104,2016-03-28T00:00:00,UTA vs. LAL,W,29.2,0.0,0.0,4.0,8.0,5.0,2.0,3.0,12.0,0.0,0.0,0.0,2.0,26.1,1,1,1,1,8207,12059,10158,1913,3109,8403,3734,7328,18637,8004,1,1,7786,7836,1.0,29:12,2015,2016
2015-16,203090,Maurice Harkless,Maurice,1610612757,POR,Portland Trail Blazers,21501105,2016-03-28T00:00:00,POR vs. SAC,W,22.8,2.0,3.0,2.0,8.0,12.0,11.0,11.0,26.0,1.0,0.0,1.0,1.0,20.6,1,1,1,1,13570,6026,3104,4675,3109,20178,21814,21342,7214,2692,1,4972,12373,11314,1.0,22:45,2015,2016
2015-16,201565,Derrick Rose,Derrick,1610612741,CHI,Chicago Bulls,21501099,2016-03-28T00:00:00,CHI vs. ATL,L,34.1,2.0,5.0,2.0,4.0,0.0,7.0,11.0,28.0,1.0,3.0,1.0,1.0,41.5,1,13074,13074,13074,4309,6026,995,4675,8599,1,15642,21342,5824,2692,25441,4972,12373,2038,1.0,34:03,2015,2016
2015-16,201956,Omri Casspi,Omri,1610612758,SAC,Sacramento Kings,21501105,2016-03-28T00:00:00,SAC @ POR,L,29.7,8.0,5.0,3.0,8.0,9.0,5.0,7.0,22.0,0.0,1.0,1.0,6.0,30.7,1,13074,13074,13074,7776,308,995,3302,3109,15771,11469,15538,10265,8004,17214,4972,873,5539,1.0,29:44,2015,2016
2015-16,202683,Enes Freedom,Enes,1610612760,OKC,Oklahoma City Thunder,21501098,2016-03-28T00:00:00,OKC @ TOR,W,19.7,0.0,4.0,0.0,4.0,13.0,10.0,9.0,26.0,0.0,1.0,4.0,2.0,19.8,1,1,1,1,16148,12059,1596,9917,8599,21300,20509,18829,7214,8004,17214,22104,7786,11883,1.0,19:42,2015,2016
2015-16,203497,Rudy Gobert,Rudy,1610612762,UTA,Utah Jazz,21501104,2016-03-28T00:00:00,UTA vs. LAL,W,28.0,0.0,5.0,0.0,4.0,5.0,2.0,3.0,10.0,2.0,4.0,3.0,3.0,42.8,1,1,1,1,9262,12059,995,9917,8599,8403,3734,7328,20209,932,25926,17641,4736,1776,1.0,27:57,2015,2016
2015-16,203482,Kelly Olynyk,Kelly,1610612738,BOS,Boston Celtics,21501106,2016-03-28T00:00:00,BOS @ LAC,L,23.0,3.0,0.0,0.0,2.0,9.0,10.0,8.0,20.0,0.0,0.0,2.0,0.0,15.5,1,13074,13074,13074,13410,4307,10158,9917,12984,15771,20509,17194,11929,8004,1,11390,18762,15004,1.0,22:57,2015,2016
2015-16,202341,James Anderson,James,1610612758,SAC,Sacramento Kings,21501105,2016-03-28T00:00:00,SAC @ POR,L,22.1,1.0,0.0,0.0,2.0,4.0,2.0,2.0,10.0,0.0,0.0,3.0,5.0,15.4,1,13074,13074,13074,14132,11535,10158,9917,12984,6141,3734,4025,20209,8004,1,17641,1539,15066,1.0,22:03,2015,2016
2015-16,201980,Danny Green,Danny,1610612759,SAS,San Antonio Spurs,21501100,2016-03-28T00:00:00,SAS @ MEM,W,30.0,2.0,0.0,4.0,6.0,11.0,5.0,14.0,24.0,2.0,0.0,1.0,1.0,26.9,1,1,1,1,7525,6026,10158,1913,5299,18886,11469,23710,8723,932,1,4972,12373,7438,1.0,30:01,2015,2016
2015-16,200770,Jordan Farmar,Jordan,1610612763,MEM,Memphis Grizzlies,21501100,2016-03-28T00:00:00,MEM vs. SAS,L,25.9,2.0,0.0,2.0,4.0,10.0,8.0,10.0,26.0,0.0,0.0,3.0,0.0,15.6,1,13074,13074,13074,10918,6026,10158,4675,8599,17370,17345,20169,7214,8004,1,17641,18762,14916,1.0,25:54,2015,2016
2015-16,201166,Aaron Brooks,Aaron,1610612741,CHI,Chicago Bulls,21501099,2016-03-28T00:00:00,CHI vs. ATL,L,22.6,0.0,0.0,0.0,8.0,4.0,6.0,9.0,20.0,0.0,0.0,5.0,1.0,30.8,1,13074,13074,13074,13671,12059,10158,9917,3109,6141,13237,18829,11929,8004,1,24686,12373,5493,1.0,22:38,2015,2016
2015-16,202329,Al-Farouq Aminu,Al-Farouq,1610612757,POR,Portland Trail Blazers,21501105,2016-03-28T00:00:00,POR vs. SAC,W,23.9,0.0,0.0,0.0,4.0,10.0,9.0,9.0,24.0,1.0,0.0,1.0,2.0,30.6,1,1,1,1,12665,12059,10158,9917,8599,17370,19144,18829,8723,2692,1,4972,7786,5574,1.0,23:53,2015,2016
2015-16,201145,Jeff Green,Jeff,1610612746,LAC,LA Clippers,21501106,2016-03-28T00:00:00,LAC vs. BOS,W,26.3,3.0,3.0,2.0,6.0,14.0,6.0,2.0,20.0,0.0,0.0,1.0,3.0,15.3,1,1,1,1,10643,4307,3104,4675,5299,22292,13237,4025,11929,8004,1,4972,4736,15150,1.0,26:15,2015,2016
2015-16,101138,Brandon Bass,Brandon,1610612747,LAL,Los Angeles Lakers,21501096,2016-03-27T00:00:00,LAL vs. WAS,L,17.4,0.0,0.0,0.0,0.0,13.0,3.0,10.0,28.0,0.0,0.0,1.0,1.0,11.9,1,13074,13074,13074,17946,12059,10158,9917,18861,21300,7138,20169,5824,8004,1,4972,12373,17760,1.0,17:26,2015,2016
2015-16,2403,Nene,ene,1610612764,WAS,Washington Wizards,21501096,2016-03-27T00:00:00,WAS @ LAL,W,30.2,2.0,0.0,0.0,6.0,5.0,7.0,10.0,28.0,0.0,0.0,2.0,6.0,20.6,1,1,1,1,7318,6026,10158,9917,5299,8403,15642,20169,5824,8004,1,11390,873,11314,1.0,30:14,2015,2016
2015-16,201951,Ty Lawson,Ty,1610612754,IND,Indiana Pacers,21501093,2016-03-27T00:00:00,IND vs. HOU,W,13.8,0.0,0.0,0.0,0.0,10.0,6.0,8.0,20.0,0.0,0.0,1.0,1.0,15.7,1,1,1,1,20533,12059,10158,9917,18861,17370,13237,17194,11929,8004,1,4972,12373,14841,1.0,13:47,2015,2016
2015-16,201147,Corey Brewer,Corey,1610612745,HOU,Houston Rockets,21501093,2016-03-27T00:00:00,HOU @ IND,L,22.8,5.0,0.0,6.0,4.0,19.0,8.0,8.0,18.0,0.0,1.0,2.0,4.0,20.0,1,13074,13074,13074,13512,1603,10158,740,8599,25074,17345,17194,13577,8004,17214,11390,2748,11752,1.0,22:49,2015,2016
2015-16,2772,Trevor Ariza,Trevor,1610612745,HOU,Houston Rockets,21501093,2016-03-27T00:00:00,HOU @ IND,L,38.7,2.0,3.0,2.0,4.0,18.0,16.0,8.0,36.0,0.0,0.0,2.0,2.0,20.4,1,13074,13074,13074,1206,6026,3104,4675,8599,24749,25155,17194,1943,8004,1,11390,7786,11453,1.0,38:39,2015,2016
2015-16,203463,Ben McLemore,Ben,1610612758,SAC,Sacramento Kings,21501095,2016-03-27T00:00:00,SAC vs. DAL,W,19.6,0.0,0.0,0.0,2.0,7.0,7.0,0.0,20.0,0.0,0.0,3.0,2.0,15.7,1,1,1,1,16263,12059,10158,9917,12984,12242,15642,1,11929,8004,1,17641,7786,14841,1.0,19:34,2015,2016
2015-16,1626204,Larry Nance Jr.,Larry,1610612747,LAL,Los Angeles Lakers,21501096,2016-03-27T00:00:00,LAL vs. WAS,L,26.9,0.0,2.0,0.0,8.0,13.0,3.0,11.0,34.0,0.0,0.0,2.0,5.0,30.9,1,13074,13074,13074,10141,12059,4731,9917,3109,21300,7138,21342,2701,8004,1,11390,1539,5452,1.0,26:51,2015,2016
2015-16,203546,Ian Clark,Ian,1610612744,GSW,Golden State Warriors,21501094,2016-03-27T00:00:00,GSW vs. PHI,W,20.5,3.0,0.0,0.0,4.0,7.0,3.0,7.0,18.0,0.0,0.0,1.0,2.0,12.4,1,1,1,1,15465,4307,10158,9917,8599,12242,7138,15538,13577,8004,1,4972,7786,17418,1.0,20:31,2015,2016
2015-16,101109,Raymond Felton,Raymond,1610612742,DAL,Dallas Mavericks,21501095,2016-03-27T00:00:00,DAL @ SAC,L,35.2,2.0,0.0,2.0,4.0,10.0,6.0,12.0,46.0,0.0,0.0,1.0,2.0,31.3,1,13074,13074,13074,3376,6026,10158,4675,8599,17370,13237,22259,298,8004,1,4972,7786,5258,1.0,35:13,2015,2016
2015-16,203496,Robert Covington,Robert,1610612755,PHI,Philadelphia 76ers,21501094,2016-03-27T00:00:00,PHI @ GSW,L,31.6,4.0,3.0,0.0,4.0,9.0,11.0,7.0,28.0,0.0,1.0,3.0,2.0,31.2,1,13074,13074,13074,6245,2460,3104,9917,8599,15771,21814,15538,5824,8004,17214,17641,7786,5304,1.0,31:35,2015,2016
2015-16,202730,Lavoy Allen,Lavoy,1610612754,IND,Indiana Pacers,21501093,2016-03-27T00:00:00,IND vs. HOU,W,19.7,0.0,2.0,2.0,2.0,14.0,6.0,10.0,28.0,1.0,0.0,2.0,2.0,15.2,1,1,1,1,16147,12059,4731,4675,12984,22292,13237,20169,5824,2692,1,11390,7786,15219,1.0,19:42,2015,2016
2015-16,1626144,Emmanuel Mudiay,Emmanuel,1610612743,DEN,Denver Nuggets,21501092,2016-03-27T00:00:00,DEN @ LAC,L,22.6,2.0,0.0,0.0,0.0,9.0,7.0,16.0,18.0,1.0,4.0,2.0,0.0,11.9,1,13074,13074,13074,13704,6026,10158,9917,18861,15771,15642,24641,13577,2692,25926,11390,18762,17760,1.0,22:35,2015,2016
2015-16,202325,Wesley Johnson,Wesley,1610612746,LAC,LA Clippers,21501092,2016-03-27T00:00:00,LAC vs. DEN,W,27.6,5.0,0.0,7.0,2.0,5.0,9.0,4.0,26.0,1.0,0.0,4.0,1.0,30.3,1,1,1,1,9507,1603,10158,454,12984,8403,19144,8806,7214,2692,1,22104,12373,5702,1.0,27:38,2015,2016
2015-16,203138,Hollis Thompson,Hollis,1610612755,PHI,Philadelphia 76ers,21501094,2016-03-27T00:00:00,PHI @ GSW,L,32.5,0.0,0.0,0.0,2.0,2.0,6.0,15.0,28.0,1.0,0.0,2.0,1.0,19.8,1,13074,13074,13074,5503,12059,10158,9917,12984,2619,13237,24242,5824,2692,1,11390,12373,11883,1.0,32:30,2015,2016
2015-16,1626147,Justin Anderson,Justin,1610612742,DAL,Dallas Mavericks,21501095,2016-03-27T00:00:00,DAL @ SAC,L,21.5,4.0,2.0,0.0,8.0,6.0,4.0,8.0,34.0,0.0,1.0,2.0,1.0,15.6,1,13074,13074,13074,14601,2460,4731,9917,3109,10028,8458,17194,2701,8004,17214,11390,12373,14916,1.0,21:29,2015,2016
2015-16,1626161,Willie Cauley-Stein,Willie,1610612758,SAC,Sacramento Kings,21501095,2016-03-27T00:00:00,SAC vs. DAL,W,28.3,2.0,0.0,2.0,16.0,9.0,9.0,4.0,32.0,0.0,1.0,2.0,5.0,30.4,1,1,1,1,8994,6026,10158,4675,275,15771,19144,8806,3535,8004,17214,11390,1539,5661,1.0,28:19,2015,2016
2015-16,1718,Paul Pierce,Paul,1610612746,LAC,LA Clippers,21501092,2016-03-27T00:00:00,LAC vs. DEN,W,14.6,0.0,0.0,2.0,2.0,10.0,7.0,4.0,10.0,1.0,0.0,2.0,0.0,12.1,1,1,1,1,20045,12059,10158,4675,12984,17370,15642,8806,20209,2692,1,11390,18762,17639,1.0,14:36,2015,2016
2015-16,203530,Joffrey Lauvergne,Joffrey,1610612743,DEN,Denver Nuggets,21501092,2016-03-27T00:00:00,DEN @ LAC,L,17.8,2.0,2.0,0.0,8.0,8.0,9.0,3.0,16.0,0.0,0.0,3.0,0.0,15.3,1,13074,13074,13074,17694,6026,4731,9917,3109,13914,19144,7328,15259,8004,1,17641,18762,15150,1.0,17:46,2015,2016
2015-16,200755,JJ Redick,JJ,1610612746,LAC,LA Clippers,21501092,2016-03-27T00:00:00,LAC vs. DEN,W,23.1,2.0,0.0,2.0,2.0,10.0,7.0,6.0,14.0,0.0,0.0,2.0,1.0,19.9,1,1,1,1,13305,6026,10158,4675,12984,17370,15642,13388,17019,8004,1,11390,12373,11824,1.0,23:05,2015,2016
2015-16,203524,Solomon Hill,Solomon,1610612754,IND,Indiana Pacers,21501093,2016-03-27T00:00:00,IND vs. HOU,W,15.5,0.0,2.0,0.0,2.0,2.0,5.0,5.0,12.0,0.0,0.0,3.0,0.0,17.5,1,1,1,1,19406,12059,4731,9917,12984,2619,11469,11593,18637,8004,1,17641,18762,13528,1.0,15:30,2015,2016
2015-16,201571,D.J. Augustin,D.J.,1610612743,DEN,Denver Nuggets,21501092,2016-03-27T00:00:00,DEN @ LAC,L,34.2,7.0,4.0,2.0,4.0,16.0,15.0,13.0,36.0,0.0,1.0,1.0,8.0,39.4,1,13074,13074,13074,4211,548,1596,4675,8599,23774,24781,23048,1943,8004,17214,4972,254,2530,1.0,34:11,2015,2016
2015-16,203084,Harrison Barnes,Harrison,1610612744,GSW,Golden State Warriors,21501094,2016-03-27T00:00:00,GSW vs. PHI,W,32.4,0.0,0.0,2.0,6.0,10.0,10.0,6.0,30.0,0.0,0.0,0.0,3.0,16.9,1,1,1,1,5604,12059,10158,4675,5299,17370,20509,13388,4541,8004,1,1,4736,13911,1.0,32:21,2015,2016
2015-16,203994,Jusuf Nurkić,Jusuf,1610612743,DEN,Denver Nuggets,21501092,2016-03-27T00:00:00,DEN @ LAC,L,24.2,0.0,6.0,0.0,16.0,10.0,15.0,7.0,30.0,1.0,1.0,3.0,5.0,31.9,1,13074,13074,13074,12379,12059,481,9917,275,17370,24781,15538,4541,2692,17214,17641,1539,4984,1.0,24:12,2015,2016
2015-16,201578,Marreese Speights,Marreese,1610612744,GSW,Golden State Warriors,21501094,2016-03-27T00:00:00,GSW vs. PHI,W,19.9,0.0,4.0,0.0,10.0,10.0,2.0,7.0,22.0,0.0,0.0,3.0,4.0,27.9,1,1,1,1,15982,12059,1596,9917,1840,17370,3734,15538,10265,8004,1,17641,2748,6914,1.0,19:55,2015,2016
2015-16,203991,Clint Capela,Clint,1610612745,HOU,Houston Rockets,21501093,2016-03-27T00:00:00,HOU @ IND,L,17.6,2.0,2.0,0.0,8.0,9.0,6.0,6.0,12.0,0.0,1.0,5.0,2.0,21.9,1,13074,13074,13074,17824,6026,4731,9917,3109,15771,13237,13388,18637,8004,17214,24686,7786,10460,1.0,17:36,2015,2016
2015-16,201196,Ramon Sessions,Ramon,1610612764,WAS,Washington Wizards,21501096,2016-03-27T00:00:00,WAS @ LAL,W,22.3,8.0,0.0,6.0,6.0,4.0,4.0,5.0,22.0,0.0,0.0,1.0,4.0,16.8,1,1,1,1,13884,308,10158,740,5299,6141,8458,11593,10265,8004,1,4972,2748,13996,1.0,22:21,2015,2016
2015-16,101108,Chris Paul,Chris,1610612746,LAC,LA Clippers,21501092,2016-03-27T00:00:00,LAC vs. DEN,W,25.9,4.0,0.0,6.0,2.0,10.0,7.0,6.0,14.0,1.0,0.0,1.0,3.0,38.7,1,1,1,1,10939,2460,10158,740,12984,17370,15642,13388,17019,2692,1,4972,4736,2717,1.0,25:53,2015,2016
2015-16,977,Kobe Bryant,Kobe,1610612747,LAL,Los Angeles Lakers,21501096,2016-03-27T00:00:00,LAL vs. WAS,L,22.5,0.0,0.0,6.0,4.0,6.0,2.0,13.0,20.0,0.0,0.0,0.0,2.0,22.2,1,13074,13074,13074,13752,12059,10158,740,8599,10028,3734,23048,11929,8004,1,1,7786,10263,1.0,22:31,2015,2016
2015-16,203490,Otto Porter Jr.,Otto,1610612764,WAS,Washington Wizards,21501096,2016-03-27T00:00:00,WAS @ LAL,W,32.0,0.0,0.0,2.0,4.0,7.0,11.0,10.0,24.0,0.0,0.0,3.0,2.0,22.2,1,1,1,1,5914,12059,10158,4675,8599,12242,21814,20169,8723,8004,1,17641,7786,10263,1.0,31:58,2015,2016
2015-16,201954,Darren Collison,Darren,1610612758,SAC,Sacramento Kings,21501095,2016-03-27T00:00:00,SAC vs. DAL,W,26.8,2.0,0.0,4.0,6.0,7.0,9.0,0.0,24.0,0.0,0.0,1.0,1.0,28.4,1,1,1,1,10184,6026,10158,1913,5299,12242,19144,1,8723,8004,1,4972,12373,6663,1.0,26:48,2015,2016
2015-16,201563,Michael Beasley,Michael,1610612745,HOU,Houston Rockets,21501093,2016-03-27T00:00:00,HOU @ IND,L,22.1,4.0,2.0,0.0,6.0,13.0,8.0,6.0,20.0,0.0,1.0,1.0,1.0,21.9,1,13074,13074,13074,14131,2460,4731,9917,5299,21300,17345,13388,11929,8004,17214,4972,12373,10460,1.0,22:03,2015,2016
2015-16,202700,Donatas Motiejunas,Donatas,1610612745,HOU,Houston Rockets,21501093,2016-03-27T00:00:00,HOU @ IND,L,15.7,0.0,0.0,2.0,4.0,0.0,10.0,2.0,14.0,0.0,1.0,2.0,2.0,13.6,1,13074,13074,13074,19292,12059,10158,4675,8599,1,20509,4025,17019,8004,17214,11390,7786,16460,1.0,15:40,2015,2016
2015-16,2037,Jamal Crawford,Jamal,1610612746,LAC,LA Clippers,21501092,2016-03-27T00:00:00,LAC vs. DEN,W,21.4,0.0,2.0,0.0,4.0,7.0,7.0,2.0,20.0,0.0,0.0,0.0,5.0,17.2,1,1,1,1,14677,12059,4731,9917,8599,12242,15642,4025,11929,8004,1,1,1539,13725,1.0,21:25,2015,2016
2015-16,101133,Ian Mahinmi,Ian,1610612754,IND,Indiana Pacers,21501093,2016-03-27T00:00:00,IND vs. HOU,W,34.0,4.0,4.0,0.0,16.0,13.0,6.0,15.0,32.0,1.0,1.0,3.0,5.0,39.2,1,1,1,1,4332,2460,1596,9917,275,21300,13237,24242,3535,2692,17214,17641,1539,2590,1.0,34:02,2015,2016
2015-16,203078,Bradley Beal,Bradley,1610612764,WAS,Washington Wizards,21501096,2016-03-27T00:00:00,WAS @ LAL,W,29.2,1.0,3.0,0.0,0.0,5.0,9.0,10.0,28.0,0.0,0.0,0.0,2.0,17.7,1,1,1,1,8180,11535,3104,9917,18861,8403,19144,20169,5824,8004,1,1,7786,13380,1.0,29:15,2015,2016
2015-16,203999,Nikola Jokić,Nikola,1610612743,DEN,Denver Nuggets,21501092,2016-03-27T00:00:00,DEN @ LAC,L,20.8,0.0,2.0,0.0,2.0,9.0,5.0,16.0,18.0,0.0,2.0,1.0,2.0,21.8,1,13074,13074,13074,15191,12059,4731,9917,12984,15771,11469,24641,13577,8004,23588,4972,7786,10526,1.0,20:51,2015,2016
2015-16,203477,Isaiah Canaan,Isaiah,1610612755,PHI,Philadelphia 76ers,21501094,2016-03-27T00:00:00,PHI @ GSW,L,28.2,5.0,0.0,5.0,0.0,4.0,8.0,13.0,24.0,0.0,0.0,3.0,3.0,17.0,1,13074,13074,13074,9065,1603,10158,1277,18861,6141,17345,23048,8723,8004,1,17641,4736,13855,1.0,28:13,2015,2016
2015-16,203917,Nik Stauskas,Nik,1610612755,PHI,Philadelphia 76ers,21501094,2016-03-27T00:00:00,PHI @ GSW,L,31.2,0.0,0.0,2.0,6.0,9.0,14.0,11.0,28.0,0.0,0.0,1.0,0.0,22.3,1,13074,13074,13074,6588,12059,10158,4675,5299,15771,24300,21342,5824,8004,1,4972,18762,10208,1.0,31:10,2015,2016
2015-16,204456,T.J. McConnell,T.J.,1610612755,PHI,Philadelphia 76ers,21501094,2016-03-27T00:00:00,PHI @ GSW,L,22.3,1.0,0.0,0.0,4.0,3.0,10.0,3.0,24.0,0.0,0.0,3.0,1.0,21.8,1,13074,13074,13074,13890,11535,10158,9917,8599,5109,20509,7328,8723,8004,1,17641,12373,10526,1.0,22:20,2015,2016
2015-16,2734,Devin Harris,Devin,1610612742,DAL,Dallas Mavericks,21501095,2016-03-27T00:00:00,DAL @ SAC,L,21.1,2.0,0.0,2.0,2.0,6.0,2.0,8.0,32.0,0.0,0.0,4.0,2.0,29.6,1,13074,13074,13074,14986,6026,10158,4675,12984,10028,3734,17194,3535,8004,1,22104,7786,6050,1.0,21:05,2015,2016
2015-16,202326,DeMarcus Cousins,DeMarcus,1610612758,SAC,Sacramento Kings,21501095,2016-03-27T00:00:00,SAC vs. DAL,W,28.1,0.0,4.0,0.0,14.0,8.0,4.0,8.0,24.0,0.0,0.0,2.0,9.0,44.9,1,1,1,1,9167,12059,1596,9917,542,13914,8458,17194,8723,8004,1,11390,138,1380,1.0,28:05,2015,2016
2015-16,202691,Klay Thompson,Klay,1610612744,GSW,Golden State Warriors,21501094,2016-03-27T00:00:00,GSW vs. PHI,W,38.5,0.0,11.0,6.0,10.0,15.0,7.0,11.0,36.0,1.0,0.0,0.0,4.0,43.4,1,1,1,1,1289,12059,19,740,1840,23079,15642,21342,1943,2692,1,1,2748,1662,1.0,38:28,2015,2016
2015-16,200765,Rajon Rondo,Rajon,1610612758,SAC,Sacramento Kings,21501095,2016-03-27T00:00:00,SAC vs. DAL,W,28.4,2.0,0.0,2.0,4.0,8.0,4.0,8.0,26.0,0.0,0.0,0.0,2.0,36.3,1,1,1,1,8879,6026,10158,4675,8599,13914,8458,17194,7214,8004,1,1,7786,3380,1.0,28:26,2015,2016
2015-16,201956,Omri Casspi,Omri,1610612758,SAC,Sacramento Kings,21501095,2016-03-27T00:00:00,SAC vs. DAL,W,23.4,2.0,0.0,2.0,6.0,6.0,7.0,4.0,24.0,1.0,0.0,4.0,2.0,24.6,1,1,1,1,13042,6026,10158,4675,5299,10028,15642,8806,8723,2692,1,22104,7786,8724,1.0,23:24,2015,2016
2015-16,202332,Cole Aldrich,Cole,1610612746,LAC,LA Clippers,21501092,2016-03-27T00:00:00,LAC vs. DEN,W,16.4,0.0,2.0,0.0,4.0,2.0,6.0,0.0,24.0,1.0,0.0,3.0,1.0,11.6,1,1,1,1,18759,12059,4731,9917,8599,2619,13237,1,8723,2692,1,17641,12373,17970,1.0,16:23,2015,2016
2015-16,201935,James Harden,James,1610612745,HOU,Houston Rockets,21501093,2016-03-27T00:00:00,HOU @ IND,L,43.5,4.0,0.0,8.0,14.0,23.0,18.0,10.0,36.0,0.0,1.0,1.0,7.0,53.6,1,13074,13074,13074,160,2460,10158,280,542,25803,25634,20169,1943,8004,17214,4972,469,483,1.0,43:32,2015,2016
2015-16,201599,DeAndre Jordan,DeAndre,1610612746,LAC,LA Clippers,21501092,2016-03-27T00:00:00,LAC vs. DEN,W,29.2,1.0,9.0,2.0,14.0,15.0,10.0,8.0,18.0,6.0,0.0,2.0,2.0,57.2,1,1,1,1,8228,11535,77,4675,542,23079,20509,17194,13577,19,1,11390,7786,306,1.0,29:11,2015,2016
2015-16,1626156,D'Angelo Russell,D'Angelo,1610612747,LAL,Los Angeles Lakers,21501096,2016-03-27T00:00:00,LAL vs. WAS,L,31.5,3.0,5.0,3.0,8.0,8.0,2.0,13.0,32.0,0.0,1.0,0.0,3.0,35.6,1,13074,13074,13074,6282,4307,995,3302,3109,13914,3734,23048,3535,8004,17214,1,4736,3615,1.0,31:32,2015,2016
2015-16,203115,Will Barton,Will,1610612743,DEN,Denver Nuggets,21501092,2016-03-27T00:00:00,DEN @ LAC,L,30.3,2.0,0.0,4.0,8.0,15.0,16.0,11.0,32.0,2.0,1.0,2.0,0.0,29.1,1,13074,13074,13074,7283,6026,10158,1913,3109,23079,25155,21342,3535,932,17214,11390,18762,6285,1.0,30:16,2015,2016
2015-16,202322,John Wall,John,1610612764,WAS,Washington Wizards,21501096,2016-03-27T00:00:00,WAS @ LAL,W,33.5,2.0,0.0,9.0,12.0,7.0,9.0,13.0,26.0,0.0,0.0,2.0,2.0,43.5,1,1,1,1,4772,6026,10158,184,988,12242,19144,23048,7214,8004,1,11390,7786,1646,1.0,33:28,2015,2016
2015-16,203110,Draymond Green,Draymond,1610612744,GSW,Golden State Warriors,21501094,2016-03-27T00:00:00,GSW vs. PHI,W,35.9,0.0,0.0,3.0,4.0,11.0,12.0,4.0,34.0,3.0,1.0,2.0,4.0,50.7,1,1,1,1,2819,12059,10158,3302,8599,18886,22832,8806,2701,347,17214,11390,2748,677,1.0,35:55,2015,2016
2015-16,202331,Paul George,Paul,1610612754,IND,Indiana Pacers,21501093,2016-03-27T00:00:00,IND vs. HOU,W,37.7,10.0,5.0,4.0,8.0,9.0,11.0,14.0,38.0,1.0,0.0,3.0,3.0,44.7,1,1,1,1,1673,99,995,1913,3109,15771,21814,23710,1422,2692,1,17641,4736,1419,1.0,37:39,2015,2016
2015-16,202397,Ish Smith,Ish,1610612755,PHI,Philadelphia 76ers,21501094,2016-03-27T00:00:00,PHI @ GSW,L,36.0,2.0,3.0,4.0,10.0,6.0,10.0,15.0,28.0,0.0,1.0,1.0,2.0,45.6,1,13074,13074,13074,2796,6026,3104,1913,1840,10028,20509,24242,5824,8004,17214,4972,7786,1263,1.0,35:57,2015,2016
2015-16,201145,Jeff Green,Jeff,1610612746,LAC,LA Clippers,21501092,2016-03-27T00:00:00,LAC vs. DEN,W,29.4,4.0,4.0,4.0,12.0,11.0,12.0,4.0,34.0,1.0,2.0,3.0,2.0,29.2,1,1,1,1,8021,2460,1596,1913,988,18886,22832,8806,2701,2692,23588,17641,7786,6243,1.0,29:26,2015,2016
2015-16,201171,Carl Landry,Carl,1610612755,PHI,Philadelphia 76ers,21501094,2016-03-27T00:00:00,PHI @ GSW,L,24.7,6.0,6.0,0.0,10.0,2.0,5.0,9.0,24.0,0.0,2.0,2.0,3.0,37.1,1,13074,13074,13074,11970,878,481,9917,1840,2619,11469,18829,8723,8004,23588,11390,4736,3151,1.0,24:39,2015,2016
2015-16,1626167,Myles Turner,Myles,1610612754,IND,Indiana Pacers,21501093,2016-03-27T00:00:00,IND vs. HOU,W,19.2,0.0,0.0,0.0,0.0,7.0,5.0,7.0,20.0,1.0,1.0,3.0,2.0,11.6,1,1,1,1,16520,12059,10158,9917,18861,12242,11469,15538,11929,2692,17214,17641,7786,17970,1.0,19:13,2015,2016
2015-16,201581,JJ Hickson,JJ,1610612764,WAS,Washington Wizards,21501096,2016-03-27T00:00:00,WAS @ LAL,W,19.6,2.0,0.0,3.0,10.0,6.0,6.0,7.0,22.0,0.0,0.0,3.0,6.0,24.0,1,1,1,1,16236,6026,10158,3302,1840,10028,13237,15538,10265,8004,1,17641,873,9121,1.0,19:35,2015,2016
2015-16,203944,Julius Randle,Julius,1610612747,LAL,Los Angeles Lakers,21501096,2016-03-27T00:00:00,LAL vs. WAS,L,30.0,4.0,6.0,2.0,12.0,8.0,2.0,13.0,28.0,0.0,0.0,4.0,1.0,28.9,1,13074,13074,13074,7555,2460,481,4675,988,13914,3734,23048,5824,8004,1,22104,12373,6414,1.0,29:59,2015,2016
2015-16,101162,Marcin Gortat,Marcin,1610612764,WAS,Washington Wizards,21501096,2016-03-27T00:00:00,WAS @ LAL,W,34.1,2.0,2.0,0.0,10.0,7.0,11.0,13.0,26.0,2.0,0.0,0.0,2.0,37.0,1,1,1,1,4309,6026,4731,9917,1840,12242,21814,23048,7214,932,1,1,7786,3182,1.0,34:03,2015,2016
2015-16,101145,Monta Ellis,Monta,1610612754,IND,Indiana Pacers,21501093,2016-03-27T00:00:00,IND vs. HOU,W,34.2,6.0,4.0,4.0,8.0,9.0,7.0,12.0,34.0,1.0,0.0,2.0,4.0,50.7,1,1,1,1,4170,878,1596,1913,3109,15771,15642,22259,2701,2692,1,11390,2748,677,1.0,34:13,2015,2016
2015-16,203939,Dwight Powell,Dwight,1610612742,DAL,Dallas Mavericks,21501095,2016-03-27T00:00:00,DAL @ SAC,L,16.2,0.0,1.0,0.0,6.0,2.0,4.0,6.0,20.0,1.0,0.0,1.0,4.0,24.2,1,13074,13074,13074,18870,12059,9709,9917,5299,2619,8458,13388,11929,2692,1,4972,2748,9009,1.0,16:13,2015,2016
2015-16,201939,Stephen Curry,Stephen,1610612744,GSW,Golden State Warriors,21501094,2016-03-27T00:00:00,GSW vs. PHI,W,33.2,4.0,2.0,4.0,4.0,11.0,12.0,4.0,34.0,0.0,1.0,0.0,2.0,43.6,1,1,1,1,4966,2460,4731,1913,8599,18886,22832,8806,2701,8004,17214,1,7786,1627,1.0,33:12,2015,2016
2015-16,2571,Leandro Barbosa,Leandro,1610612744,GSW,Golden State Warriors,21501094,2016-03-27T00:00:00,GSW vs. PHI,W,23.5,0.0,0.0,0.0,2.0,10.0,5.0,7.0,22.0,0.0,1.0,4.0,1.0,14.2,1,1,1,1,13005,12059,10158,9917,12984,17370,11469,15538,10265,8004,17214,22104,12373,16003,1.0,23:27,2015,2016
2015-16,203143,Pablo Prigioni,Pablo,1610612746,LAC,LA Clippers,21501092,2016-03-27T00:00:00,LAC vs. DEN,W,10.3,0.0,0.0,0.0,0.0,2.0,6.0,0.0,22.0,0.0,0.0,1.0,0.0,14.7,1,1,1,1,22324,12059,10158,9917,18861,2619,13237,1,10265,8004,1,4972,18762,15631,1.0,10:17,2015,2016
2015-16,200826,J.J. Barea,J.J.,1610612742,DAL,Dallas Mavericks,21501095,2016-03-27T00:00:00,DAL @ SAC,L,26.9,2.0,2.0,2.0,8.0,6.0,8.0,12.0,44.0,0.0,2.0,2.0,1.0,19.1,1,13074,13074,13074,10120,6026,4731,4675,3109,10028,17345,22259,454,8004,23588,11390,12373,12372,1.0,26:53,2015,2016
2015-16,203085,Austin Rivers,Austin,1610612746,LAC,LA Clippers,21501092,2016-03-27T00:00:00,LAC vs. DEN,W,22.2,5.0,3.0,0.0,4.0,7.0,11.0,2.0,32.0,0.0,2.0,1.0,4.0,10.0,1,1,1,1,13978,1603,3104,9917,8599,12242,21814,4025,3535,8004,23588,4972,2748,19178,1.0,22:14,2015,2016
2015-16,1717,Dirk Nowitzki,Dirk,1610612742,DAL,Dallas Mavericks,21501095,2016-03-27T00:00:00,DAL @ SAC,L,27.2,0.0,2.0,0.0,2.0,6.0,8.0,12.0,46.0,0.0,0.0,1.0,3.0,19.0,1,13074,13074,13074,9883,12059,4731,9917,12984,10028,17345,22259,298,8004,1,4972,4736,12440,1.0,27:09,2015,2016
2015-16,201585,Kosta Koufos,Kosta,1610612758,SAC,Sacramento Kings,21501095,2016-03-27T00:00:00,SAC vs. DAL,W,15.1,0.0,2.0,0.0,10.0,4.0,5.0,0.0,14.0,2.0,0.0,3.0,1.0,23.2,1,1,1,1,19718,12059,4731,9917,1840,6141,11469,1,17019,932,1,17641,12373,9630,1.0,15:03,2015,2016
2015-16,2730,Dwight Howard,Dwight,1610612745,HOU,Houston Rockets,21501093,2016-03-27T00:00:00,HOU @ IND,L,30.4,2.0,2.0,0.0,8.0,16.0,14.0,6.0,32.0,2.0,0.0,2.0,3.0,26.0,1,13074,13074,13074,7177,6026,4731,9917,3109,23774,24300,13388,3535,932,1,11390,4736,7910,1.0,30:24,2015,2016
2015-16,201977,Marcus Thornton,Marcus,1610612764,WAS,Washington Wizards,21501096,2016-03-27T00:00:00,WAS @ LAL,W,10.1,0.0,0.0,0.0,0.0,4.0,2.0,5.0,10.0,0.0,0.0,1.0,1.0,14.9,1,1,1,1,22392,12059,10158,9917,18861,6141,3734,11593,20209,8004,1,4972,12373,15463,1.0,10:06,2015,2016
2015-16,203924,Jerami Grant,Jerami,1610612755,PHI,Philadelphia 76ers,21501094,2016-03-27T00:00:00,PHI @ GSW,L,3.2,0.0,0.0,0.0,0.0,0.0,3.0,2.0,6.0,0.0,0.0,1.0,0.0,1.5,1,13074,13074,13074,25042,12059,10158,9917,18861,1,7138,4025,22724,8004,1,4972,18762,24473,1.0,3:13,2015,2016
2015-16,201155,Rodney Stuckey,Rodney,1610612754,IND,Indiana Pacers,21501093,2016-03-27T00:00:00,IND vs. HOU,W,13.8,2.0,0.0,0.0,0.0,10.0,6.0,8.0,20.0,0.0,1.0,0.0,0.0,6.2,1,1,1,1,20533,6026,10158,9917,18861,17370,13237,17194,11929,8004,17214,1,18762,21696,1.0,13:47,2015,2016
2015-16,201579,Roy Hibbert,Roy,1610612747,LAL,Los Angeles Lakers,21501096,2016-03-27T00:00:00,LAL vs. WAS,L,21.1,0.0,0.0,0.0,0.0,6.0,2.0,13.0,18.0,0.0,0.0,5.0,0.0,11.0,1,13074,13074,13074,14974,12059,10158,9917,18861,10028,3734,23048,13577,8004,1,24686,18762,18430,1.0,21:06,2015,2016
2015-16,201976,Patrick Beverley,Patrick,1610612745,HOU,Houston Rockets,21501093,2016-03-27T00:00:00,HOU @ IND,L,26.2,0.0,4.0,0.0,4.0,16.0,14.0,8.0,34.0,0.0,1.0,2.0,1.0,10.7,1,13074,13074,13074,10726,12059,1596,9917,8599,23774,24300,17194,2701,8004,17214,11390,12373,18636,1.0,26:09,2015,2016
2015-16,202341,James Anderson,James,1610612758,SAC,Sacramento Kings,21501095,2016-03-27T00:00:00,SAC vs. DAL,W,4.6,0.0,0.0,0.0,0.0,3.0,2.0,0.0,8.0,0.0,0.0,0.0,0.0,1.5,1,1,1,1,24495,12059,10158,9917,18861,5109,3734,1,21543,8004,1,1,18762,24473,1.0,4:38,2015,2016
2015-16,203949,James Michael McAdoo,James Michael,1610612744,GSW,Golden State Warriors,21501094,2016-03-27T00:00:00,GSW vs. PHI,W,6.5,2.0,0.0,0.0,4.0,2.0,2.0,4.0,10.0,0.0,0.0,2.0,0.0,5.7,1,1,1,1,23734,6026,10158,9917,8599,2619,3734,8806,20209,8004,1,11390,18762,22054,1.0,6:32,2015,2016
2015-16,201601,Luc Mbah a Moute,Luc,1610612746,LAC,LA Clippers,21501092,2016-03-27T00:00:00,LAC vs. DEN,W,17.5,0.0,0.0,2.0,2.0,6.0,6.0,4.0,12.0,0.0,1.0,0.0,0.0,10.9,1,1,1,1,17867,12059,10158,4675,12984,10028,13237,8806,18637,8004,17214,1,18762,18498,1.0,17:33,2015,2016
2015-16,204067,Jarell Eddie,Jarell,1610612764,WAS,Washington Wizards,21501096,2016-03-27T00:00:00,WAS @ LAL,W,1.1,0.0,0.0,0.0,0.0,2.0,2.0,0.0,2.0,0.0,0.0,0.0,0.0,2.0,1,1,1,1,25841,12059,10158,9917,18861,2619,3734,1,24614,8004,1,1,18762,24216,1.0,1:07,2015,2016
2015-16,201588,George Hill,George,1610612754,IND,Indiana Pacers,21501093,2016-03-27T00:00:00,IND vs. HOU,W,29.3,3.0,0.0,0.0,0.0,7.0,5.0,12.0,30.0,0.0,0.0,4.0,1.0,11.1,1,1,1,1,8167,4307,10158,9917,18861,12242,11469,22259,4541,8004,1,22104,12373,18370,1.0,29:15,2015,2016
2015-16,101135,David Lee,David,1610612742,DAL,Dallas Mavericks,21501095,2016-03-27T00:00:00,DAL @ SAC,L,14.1,0.0,2.0,2.0,8.0,6.0,0.0,4.0,20.0,0.0,0.0,2.0,1.0,21.2,1,13074,13074,13074,20373,12059,4731,4675,3109,10028,1,8806,11929,8004,1,11390,12373,10936,1.0,14:04,2015,2016
2015-16,1626273,Marcelo Huertas,Marcelo,1610612747,LAL,Los Angeles Lakers,21501096,2016-03-27T00:00:00,LAL vs. WAS,L,14.1,4.0,0.0,2.0,4.0,7.0,3.0,9.0,16.0,0.0,0.0,4.0,1.0,12.5,1,13074,13074,13074,20337,2460,10158,4675,8599,12242,7138,18829,15259,8004,1,22104,12373,17372,1.0,14:07,2015,2016
2015-16,203914,Gary Harris,Gary,1610612743,DEN,Denver Nuggets,21501092,2016-03-27T00:00:00,DEN @ LAC,L,29.1,2.0,0.0,2.0,2.0,11.0,11.0,20.0,30.0,0.0,1.0,2.0,1.0,21.2,1,13074,13074,13074,8328,6026,10158,4675,12984,18886,21814,25599,4541,8004,17214,11390,12373,10936,1.0,29:03,2015,2016
2015-16,2585,Zaza Pachulia,Zaza,1610612742,DAL,Dallas Mavericks,21501095,2016-03-27T00:00:00,DAL @ SAC,L,13.8,0.0,0.0,0.0,2.0,6.0,2.0,4.0,18.0,0.0,0.0,3.0,0.0,2.2,1,13074,13074,13074,20513,12059,10158,9917,12984,10028,3734,8806,13577,8004,1,17641,18762,24138,1.0,13:49,2015,2016
2015-16,201589,Darrell Arthur,Darrell,1610612743,DEN,Denver Nuggets,21501092,2016-03-27T00:00:00,DEN @ LAC,L,22.8,2.0,2.0,0.0,4.0,11.0,5.0,18.0,18.0,1.0,1.0,1.0,2.0,20.9,1,13074,13074,13074,13553,6026,4731,9917,8599,18886,11469,25228,13577,2692,17214,4972,7786,11132,1.0,22:46,2015,2016
2015-16,1882,Elton Brand,Elton,1610612755,PHI,Philadelphia 76ers,21501094,2016-03-27T00:00:00,PHI @ GSW,L,16.7,0.0,0.0,0.0,10.0,7.0,9.0,6.0,12.0,2.0,0.0,3.0,2.0,21.6,1,13074,13074,13074,18498,12059,10158,9917,1840,12242,19144,13388,18637,932,1,17641,7786,10666,1.0,16:42,2015,2016
2015-16,201941,Jordan Hill,Jordan,1610612754,IND,Indiana Pacers,21501093,2016-03-27T00:00:00,IND vs. HOU,W,7.6,0.0,0.0,0.0,4.0,2.0,4.0,3.0,16.0,1.0,0.0,2.0,0.0,8.4,1,1,1,1,23371,12059,10158,9917,8599,2619,8458,7328,15259,2692,1,11390,18762,20273,1.0,7:33,2015,2016
2015-16,200752,Rudy Gay,Rudy,1610612758,SAC,Sacramento Kings,21501095,2016-03-27T00:00:00,SAC vs. DAL,W,25.7,4.0,0.0,6.0,8.0,6.0,4.0,4.0,16.0,0.0,0.0,2.0,1.0,17.9,1,1,1,1,11100,2460,10158,740,3109,10028,8458,8806,15259,8004,1,11390,12373,13229,1.0,25:42,2015,2016
2015-16,101139,CJ Miles,CJ,1610612754,IND,Indiana Pacers,21501093,2016-03-27T00:00:00,IND vs. HOU,W,15.3,0.0,3.0,2.0,4.0,12.0,4.0,6.0,20.0,0.0,0.0,0.0,0.0,13.2,1,1,1,1,19549,12059,3104,4675,8599,20178,8458,13388,11929,8004,1,1,18762,16768,1.0,15:19,2015,2016
2015-16,101111,Charlie Villanueva,Charlie,1610612742,DAL,Dallas Mavericks,21501095,2016-03-27T00:00:00,DAL @ SAC,L,9.0,3.0,0.0,0.0,2.0,2.0,2.0,2.0,10.0,0.0,0.0,1.0,0.0,7.6,1,13074,13074,13074,22830,4307,10158,9917,12984,2619,3734,4025,20209,8004,1,4972,18762,20803,1.0,9:01,2015,2016
2015-16,101106,Andrew Bogut,Andrew,1610612744,GSW,Golden State Warriors,21501094,2016-03-27T00:00:00,GSW vs. PHI,W,13.2,0.0,0.0,0.0,0.0,6.0,3.0,2.0,8.0,0.0,0.0,3.0,0.0,8.0,1,1,1,1,20852,12059,10158,9917,18861,10028,7138,4025,21543,8004,1,17641,18762,20564,1.0,13:14,2015,2016
2015-16,201575,Brandon Rush,Brandon,1610612744,GSW,Golden State Warriors,21501094,2016-03-27T00:00:00,GSW vs. PHI,W,16.4,0.0,0.0,3.0,0.0,8.0,4.0,3.0,16.0,0.0,0.0,0.0,0.0,16.0,1,1,1,1,18720,12059,10158,3302,18861,13914,8458,7328,15259,8004,1,1,18762,14590,1.0,16:25,2015,2016
2015-16,202083,Wesley Matthews,Wesley,1610612742,DAL,Dallas Mavericks,21501095,2016-03-27T00:00:00,DAL @ SAC,L,34.7,2.0,0.0,0.0,0.0,8.0,6.0,8.0,46.0,0.0,0.0,3.0,3.0,21.1,1,13074,13074,13074,3763,6026,10158,9917,18861,13914,13237,17194,298,8004,1,17641,4736,11012,1.0,34:43,2015,2016
2015-16,203112,Quincy Acy,Quincy,1610612758,SAC,Sacramento Kings,21501095,2016-03-27T00:00:00,SAC vs. DAL,W,17.2,0.0,4.0,0.0,0.0,6.0,2.0,4.0,16.0,0.0,0.0,1.0,0.0,16.6,1,1,1,1,18096,12059,1596,9917,18861,10028,3734,8806,15259,8004,1,4972,18762,14125,1.0,17:14,2015,2016
2015-16,1626253,Axel Toupane,Axel,1610612743,DEN,Denver Nuggets,21501092,2016-03-27T00:00:00,DEN @ LAC,L,25.4,0.0,0.0,0.0,0.0,12.0,13.0,9.0,30.0,0.0,0.0,3.0,0.0,4.9,1,13074,13074,13074,11358,12059,10158,9917,18861,20178,23668,18829,4541,8004,1,17641,18762,22621,1.0,25:25,2015,2016
2015-16,101150,Lou Williams,Lou,1610612747,LAL,Los Angeles Lakers,21501096,2016-03-27T00:00:00,LAL vs. WAS,L,20.1,0.0,0.0,2.0,2.0,11.0,3.0,11.0,24.0,0.0,0.0,3.0,4.0,9.2,1,13074,13074,13074,15797,12059,10158,4675,12984,18886,7138,21342,8723,8004,1,17641,2748,19680,1.0,20:08,2015,2016
2015-16,203909,KJ McDaniels,KJ,1610612745,HOU,Houston Rockets,21501093,2016-03-27T00:00:00,HOU @ IND,L,13.3,0.0,0.0,2.0,2.0,4.0,4.0,4.0,6.0,1.0,0.0,1.0,1.0,4.0,1,13074,13074,13074,20794,12059,10158,4675,12984,6141,8458,8806,22724,2692,1,4972,12373,23142,1.0,13:19,2015,2016
2015-16,203552,Seth Curry,Seth,1610612758,SAC,Sacramento Kings,21501095,2016-03-27T00:00:00,SAC vs. DAL,W,22.8,0.0,0.0,0.0,2.0,11.0,2.0,8.0,26.0,0.0,1.0,0.0,1.0,21.7,1,1,1,1,13537,12059,10158,9917,12984,18886,3734,17194,7214,8004,17214,1,12373,10592,1.0,22:47,2015,2016
2015-16,203903,Jordan Clarkson,Jordan,1610612747,LAL,Los Angeles Lakers,21501096,2016-03-27T00:00:00,LAL vs. WAS,L,30.2,0.0,0.0,0.0,2.0,12.0,2.0,15.0,32.0,0.0,0.0,2.0,0.0,9.5,1,13074,13074,13074,7336,12059,10158,9917,12984,20178,3734,24242,3535,8004,1,11390,18762,19519,1.0,30:13,2015,2016
2015-16,203527,Ryan Kelly,Ryan,1610612747,LAL,Los Angeles Lakers,21501096,2016-03-27T00:00:00,LAL vs. WAS,L,16.7,0.0,0.0,0.0,0.0,11.0,3.0,11.0,22.0,0.0,0.0,4.0,0.0,4.0,1,13074,13074,13074,18534,12059,10158,9917,18861,18886,7138,21342,10265,8004,1,22104,18762,23142,1.0,16:39,2015,2016
2015-16,201965,Jeff Ayres,Jeff,1610612746,LAC,LA Clippers,21501092,2016-03-27T00:00:00,LAC vs. DEN,W,2.3,0.0,0.0,0.0,0.0,0.0,2.0,0.0,4.0,0.0,0.0,0.0,0.0,0.0,1,1,1,1,25407,12059,10158,9917,18861,1,3734,1,23698,8004,1,1,18762,25170,1.0,2:19,2015,2016
2015-16,1626257,Salah Mejri,Salah,1610612742,DAL,Dallas Mavericks,21501095,2016-03-27T00:00:00,DAL @ SAC,L,7.0,0.0,0.0,0.0,2.0,0.0,4.0,0.0,6.0,1.0,0.0,3.0,1.0,8.9,1,13074,13074,13074,23558,12059,10158,9917,12984,1,8458,1,22724,2692,1,17641,12373,19914,1.0,7:01,2015,2016
2015-16,202066,Garrett Temple,Garrett,1610612764,WAS,Washington Wizards,21501096,2016-03-27T00:00:00,WAS @ LAL,W,15.8,2.0,0.0,4.0,4.0,4.0,2.0,2.0,14.0,0.0,0.0,3.0,1.0,7.0,1,1,1,1,19229,6026,10158,1913,8599,6141,3734,4025,17019,8004,1,17641,12373,21188,1.0,15:46,2015,2016
2015-16,204028,Tarik Black,Tarik,1610612747,LAL,Los Angeles Lakers,21501096,2016-03-27T00:00:00,LAL vs. WAS,L,9.5,0.0,0.0,0.0,2.0,0.0,0.0,1.0,6.0,0.0,1.0,1.0,0.0,3.2,1,13074,13074,13074,22643,12059,10158,9917,12984,1,1,3646,22724,8004,17214,4972,18762,23473,1.0,9:28,2015,2016
2015-16,203088,Kendall Marshall,Kendall,1610612755,PHI,Philadelphia 76ers,21501094,2016-03-27T00:00:00,PHI @ GSW,L,9.1,0.0,0.0,0.0,0.0,3.0,6.0,6.0,12.0,0.0,0.0,0.0,0.0,-1.0,1,13074,13074,13074,22815,12059,10158,9917,18861,5109,13237,13388,18637,8004,1,1,18762,25932,1.0,9:04,2015,2016
2015-16,1626162,Kelly Oubre Jr.,Kelly,1610612764,WAS,Washington Wizards,21501096,2016-03-27T00:00:00,WAS @ LAL,W,1.1,0.0,0.0,0.0,0.0,2.0,2.0,0.0,2.0,0.0,0.0,0.0,0.0,0.0,1,1,1,1,25841,12059,10158,9917,18861,2619,3734,1,24614,8004,1,1,18762,25170,1.0,1:07,2015,2016
2015-16,1891,Jason Terry,Jason,1610612745,HOU,Houston Rockets,21501093,2016-03-27T00:00:00,HOU @ IND,L,9.8,0.0,0.0,0.0,0.0,7.0,2.0,2.0,12.0,0.0,0.0,0.0,0.0,3.2,1,13074,13074,13074,22526,12059,10158,9917,18861,12242,3734,4025,18637,8004,1,1,18762,23473,1.0,9:48,2015,2016
2015-16,1626174,Christian Wood,Christian,1610612755,PHI,Philadelphia 76ers,21501094,2016-03-27T00:00:00,PHI @ GSW,L,4.6,0.0,0.0,0.0,0.0,0.0,3.0,3.0,6.0,0.0,0.0,1.0,1.0,0.0,1,13074,13074,13074,24503,12059,10158,9917,18861,1,7138,7328,22724,8004,1,4972,12373,25170,1.0,4:37,2015,2016
2015-16,201162,Jared Dudley,Jared,1610612764,WAS,Washington Wizards,21501096,2016-03-27T00:00:00,WAS @ LAL,W,11.0,0.0,0.0,0.0,0.0,2.0,0.0,0.0,6.0,0.0,0.0,2.0,0.0,4.2,1,1,1,1,22018,12059,10158,9917,18861,2619,1,1,22724,8004,1,11390,18762,22976,1.0,11:01,2015,2016
2015-16,203960,JaKarr Sampson,JaKarr,1610612743,DEN,Denver Nuggets,21501092,2016-03-27T00:00:00,DEN @ LAC,L,12.9,0.0,2.0,0.0,2.0,4.0,4.0,12.0,12.0,0.0,0.0,1.0,1.0,3.4,1,13074,13074,13074,21019,12059,4731,9917,12984,6141,8458,22259,18637,8004,1,4972,12373,23417,1.0,12:55,2015,2016
2015-16,201580,JaVale McGee,JaVale,1610612742,DAL,Dallas Mavericks,21501095,2016-03-27T00:00:00,DAL @ SAC,L,13.3,0.0,2.0,0.0,2.0,2.0,4.0,4.0,18.0,0.0,0.0,1.0,0.0,4.4,1,13074,13074,13074,20778,12059,4731,9917,12984,2619,8458,8806,13577,8004,1,4972,18762,22837,1.0,13:20,2015,2016
2015-16,101179,Ronnie Price,Ronnie,1610612756,PHX,Phoenix Suns,21501090,2016-03-26T00:00:00,PHX vs. BOS,L,20.8,0.0,0.0,0.0,0.0,11.0,11.0,6.0,16.0,1.0,0.0,1.0,0.0,4.9,1,13074,13074,13074,15242,12059,10158,9917,18861,18886,21814,13388,15259,2692,1,4972,18762,22621,1.0,20:48,2015,2016
2015-16,201619,Sasha Kaun,Sasha,1610612739,CLE,Cleveland Cavaliers,21501086,2016-03-26T00:00:00,CLE @ NYK,W,1.2,0.0,0.0,0.0,0.0,0.0,0.0,0.0,0.0,0.0,0.0,0.0,0.0,0.0,1,1,1,1,25786,12059,10158,9917,18861,1,1,1,25429,8004,1,1,18762,25170,1.0,1:14,2015,2016
2015-16,1626191,Chris McCullough,Chris,1610612751,BKN,Brooklyn Nets,21501082,2016-03-26T00:00:00,BKN vs. IND,W,12.8,0.0,0.0,0.0,0.0,6.0,2.0,7.0,10.0,0.0,0.0,1.0,0.0,6.6,1,1,1,1,21062,12059,10158,9917,18861,10028,3734,15538,20209,8004,1,4972,18762,21445,1.0,12:50,2015,2016
2015-16,200751,Randy Foye,Randy,1610612760,OKC,Oklahoma City Thunder,21501088,2016-03-26T00:00:00,OKC vs. SAS,W,21.6,0.0,0.0,0.0,2.0,10.0,9.0,8.0,22.0,0.0,0.0,1.0,0.0,3.7,1,1,1,1,14503,12059,10158,9917,12984,17370,19144,17194,10265,8004,1,4972,18762,23278,1.0,21:37,2015,2016
2015-16,202344,Trevor Booker,Trevor,1610612762,UTA,Utah Jazz,21501087,2016-03-26T00:00:00,UTA @ MIN,W,11.5,0.0,0.0,0.0,0.0,2.0,2.0,2.0,4.0,0.0,0.0,1.0,0.0,6.6,1,1,1,1,21835,12059,10158,9917,18861,2619,3734,4025,23698,8004,1,4972,18762,21445,1.0,11:30,2015,2016
2015-16,201946,Tyler Hansbrough,Tyler,1610612766,CHA,Charlotte Hornets,21501089,2016-03-26T00:00:00,CHA @ MIL,W,3.3,0.0,0.0,0.0,0.0,0.0,2.0,0.0,4.0,0.0,0.0,1.0,0.0,0.0,1,1,1,1,25028,12059,10158,9917,18861,1,3734,1,23698,8004,1,4972,18762,25170,1.0,3:15,2015,2016
2015-16,203524,Solomon Hill,Solomon,1610612754,IND,Indiana Pacers,21501082,2016-03-26T00:00:00,IND @ BKN,L,0.5,0.0,0.0,0.0,0.0,0.0,0.0,0.0,2.0,0.0,0.0,0.0,0.0,0.0,1,13074,13074,13074,25969,12059,10158,9917,18861,1,1,1,24614,8004,1,1,18762,25170,1.0,0:32,2015,2016
2015-16,1626166,Cameron Payne,Cameron,1610612760,OKC,Oklahoma City Thunder,21501088,2016-03-26T00:00:00,OKC vs. SAS,W,13.6,0.0,0.0,0.0,0.0,8.0,8.0,4.0,18.0,0.0,0.0,3.0,0.0,8.9,1,1,1,1,20648,12059,10158,9917,18861,13914,17345,8806,13577,8004,1,17641,18762,19914,1.0,13:35,2015,2016
2015-16,201155,Rodney Stuckey,Rodney,1610612754,IND,Indiana Pacers,21501082,2016-03-26T00:00:00,IND @ BKN,L,17.0,0.0,0.0,2.0,0.0,7.0,7.0,5.0,22.0,0.0,1.0,3.0,2.0,9.0,1,13074,13074,13074,18270,12059,10158,4675,18861,12242,15642,11593,10265,8004,17214,17641,7786,19835,1.0,17:01,2015,2016
2015-16,203584,Troy Daniels,Troy,1610612766,CHA,Charlotte Hornets,21501089,2016-03-26T00:00:00,CHA @ MIL,W,3.3,0.0,0.0,0.0,4.0,0.0,2.0,0.0,4.0,0.0,0.0,0.0,0.0,7.0,1,1,1,1,25028,12059,10158,9917,8599,1,3734,1,23698,8004,1,1,18762,21188,1.0,3:15,2015,2016
2015-16,203087,Jeremy Lamb,Jeremy,1610612766,CHA,Charlotte Hornets,21501089,2016-03-26T00:00:00,CHA @ MIL,W,8.0,0.0,0.0,0.0,0.0,0.0,4.0,2.0,10.0,1.0,0.0,2.0,0.0,4.4,1,1,1,1,23170,12059,10158,9917,18861,1,8458,4025,20209,2692,1,11390,18762,22837,1.0,8:02,2015,2016
2015-16,203948,Johnny O'Bryant III,Johnny,1610612749,MIL,Milwaukee Bucks,21501089,2016-03-26T00:00:00,MIL vs. CHA,L,5.9,0.0,0.0,0.0,0.0,2.0,0.0,0.0,4.0,0.0,0.0,0.0,0.0,4.4,1,13074,13074,13074,24017,12059,10158,9917,18861,2619,1,1,23698,8004,1,1,18762,22837,1.0,5:52,2015,2016
2015-16,201978,Chase Budinger,Chase,1610612756,PHX,Phoenix Suns,21501090,2016-03-26T00:00:00,PHX vs. BOS,L,17.0,0.0,4.0,2.0,6.0,12.0,11.0,5.0,20.0,0.0,0.0,2.0,0.0,9.3,1,13074,13074,13074,18254,12059,1596,4675,5299,20178,21814,11593,11929,8004,1,11390,18762,19656,1.0,17:01,2015,2016
2015-16,203895,Jordan McRae,Jordan,1610612739,CLE,Cleveland Cavaliers,21501086,2016-03-26T00:00:00,CLE @ NYK,W,1.2,0.0,0.0,0.0,0.0,0.0,0.0,0.0,0.0,0.0,0.0,0.0,0.0,0.0,1,1,1,1,25786,12059,10158,9917,18861,1,1,1,25429,8004,1,1,18762,25170,1.0,1:14,2015,2016
2015-16,201229,Anthony Tolliver,Anthony,1610612765,DET,Detroit Pistons,21501085,2016-03-26T00:00:00,DET vs. ATL,L,13.7,0.0,0.0,0.0,0.0,0.0,2.0,7.0,12.0,0.0,2.0,1.0,0.0,6.8,1,13074,13074,13074,20614,12059,10158,9917,18861,1,3734,15538,18637,8004,23588,4972,18762,21328,1.0,13:39,2015,2016
2015-16,1626158,Richaun Holmes,Richaun,1610612755,PHI,Philadelphia 76ers,21501091,2016-03-26T00:00:00,PHI @ POR,L,6.4,2.0,0.0,0.0,2.0,0.0,0.0,0.0,8.0,1.0,2.0,1.0,1.0,9.4,1,13074,13074,13074,23791,6026,10158,9917,12984,1,1,1,21543,2692,23588,4972,12373,19568,1.0,6:23,2015,2016
2015-16,203998,Bruno Caboclo,Bruno,1610612761,TOR,Toronto Raptors,21501084,2016-03-26T00:00:00,TOR @ NOP,W,2.1,0.0,0.0,0.0,0.0,2.0,0.0,2.0,2.0,0.0,0.0,0.0,0.0,0.0,1,1,1,1,25493,12059,10158,9917,18861,2619,1,4025,24614,8004,1,1,18762,25170,1.0,2:04,2015,2016
2015-16,1626245,Cristiano Felicio,Cristiano,1610612741,CHI,Chicago Bulls,21501083,2016-03-26T00:00:00,CHI @ ORL,L,9.5,0.0,0.0,0.0,2.0,1.0,1.0,0.0,2.0,0.0,0.0,1.0,0.0,9.4,1,13074,13074,13074,22643,12059,10158,9917,12984,2356,3393,1,24614,8004,1,4972,18762,19568,1.0,9:28,2015,2016
2015-16,2210,Richard Jefferson,Richard,1610612739,CLE,Cleveland Cavaliers,21501086,2016-03-26T00:00:00,CLE @ NYK,W,11.3,2.0,0.0,0.0,2.0,2.0,4.0,2.0,4.0,0.0,0.0,2.0,2.0,9.4,1,1,1,1,21913,6026,10158,9917,12984,2619,8458,4025,23698,8004,1,11390,7786,19568,1.0,11:17,2015,2016
2015-16,200811,Lou Amundson,Lou,1610612752,NYK,New York Knicks,21501086,2016-03-26T00:00:00,NYK vs. CLE,L,7.1,0.0,0.0,0.0,0.0,2.0,0.0,5.0,4.0,0.0,0.0,1.0,0.0,0.2,1,13074,13074,13074,23524,12059,10158,9917,18861,2619,1,11593,23698,8004,1,4972,18762,25103,1.0,7:06,2015,2016
2015-16,202730,Lavoy Allen,Lavoy,1610612754,IND,Indiana Pacers,21501082,2016-03-26T00:00:00,IND @ BKN,L,18.9,2.0,2.0,0.0,2.0,9.0,9.0,5.0,24.0,0.0,0.0,1.0,2.0,9.1,1,13074,13074,13074,16743,6026,4731,9917,12984,15771,19144,11593,8723,8004,1,4972,7786,19789,1.0,18:57,2015,2016
2015-16,1626169,Stanley Johnson,Stanley,1610612765,DET,Detroit Pistons,21501085,2016-03-26T00:00:00,DET vs. ATL,L,23.6,0.0,2.0,2.0,0.0,2.0,2.0,9.0,18.0,0.0,0.0,0.0,2.0,9.5,1,13074,13074,13074,12908,12059,4731,4675,18861,2619,3734,18829,13577,8004,1,1,7786,19519,1.0,23:35,2015,2016
2015-16,1626199,Darrun Hilliard,Darrun,1610612765,DET,Detroit Pistons,21501085,2016-03-26T00:00:00,DET vs. ATL,L,1.5,0.0,0.0,0.0,0.0,0.0,0.0,0.0,2.0,0.0,0.0,0.0,0.0,0.0,1,13074,13074,13074,25687,12059,10158,9917,18861,1,1,1,24614,8004,1,1,18762,25170,1.0,1:32,2015,2016
2015-16,203501,Tim Hardaway Jr.,Tim,1610612737,ATL,Atlanta Hawks,21501085,2016-03-26T00:00:00,ATL @ DET,W,23.3,0.0,0.0,2.0,2.0,2.0,10.0,2.0,18.0,0.0,1.0,2.0,0.0,4.5,1,1,1,1,13087,12059,10158,4675,12984,2619,20509,4025,13577,8004,17214,11390,18762,22773,1.0,23:21,2015,2016
2015-16,203459,Allen Crabbe,Allen,1610612757,POR,Portland Trail Blazers,21501091,2016-03-26T00:00:00,POR vs. PHI,W,22.8,2.0,0.0,2.0,2.0,9.0,3.0,2.0,18.0,0.0,0.0,0.0,0.0,6.7,1,1,1,1,13553,6026,10158,4675,12984,15771,7138,4025,13577,8004,1,1,18762,21376,1.0,22:46,2015,2016
2015-16,202713,Kyle Singler,Kyle,1610612760,OKC,Oklahoma City Thunder,21501088,2016-03-26T00:00:00,OKC vs. SAS,W,7.4,0.0,0.0,0.0,0.0,4.0,4.0,0.0,6.0,0.0,0.0,3.0,1.0,0.0,1,1,1,1,23433,12059,10158,9917,18861,6141,8458,1,22724,8004,1,17641,12373,25170,1.0,7:23,2015,2016
2015-16,1626179,Terry Rozier,Terry,1610612738,BOS,Boston Celtics,21501090,2016-03-26T00:00:00,BOS @ PHX,W,13.2,2.0,2.0,0.0,2.0,6.0,4.0,10.0,16.0,0.0,0.0,1.0,0.0,5.0,1,1,1,1,20873,6026,4731,9917,12984,10028,8458,20169,15259,8004,1,4972,18762,22500,1.0,13:11,2015,2016
2015-16,203079,Dion Waiters,Dion,1610612760,OKC,Oklahoma City Thunder,21501088,2016-03-26T00:00:00,OKC vs. SAS,W,17.6,0.0,0.0,0.0,0.0,4.0,8.0,6.0,20.0,0.0,1.0,2.0,0.0,-2.0,1,1,1,1,17834,12059,10158,9917,18861,6141,17345,13388,11929,8004,17214,11390,18762,26061,1.0,17:35,2015,2016
2015-16,201573,Jerryd Bayless,Jerryd,1610612749,MIL,Milwaukee Bucks,21501089,2016-03-26T00:00:00,MIL vs. CHA,L,21.8,2.0,2.0,0.0,0.0,2.0,6.0,2.0,16.0,0.0,0.0,2.0,0.0,5.2,1,13074,13074,13074,14331,6026,4731,9917,18861,2619,13237,4025,15259,8004,1,11390,18762,22370,1.0,21:48,2015,2016
2015-16,203943,Noah Vonleh,Noah,1610612757,POR,Portland Trail Blazers,21501091,2016-03-26T00:00:00,POR vs. PHI,W,9.5,0.0,0.0,0.0,2.0,7.0,0.0,0.0,8.0,0.0,0.0,1.0,0.0,7.0,1,1,1,1,22643,12059,10158,9917,12984,12242,1,1,21543,8004,1,4972,18762,21188,1.0,9:28,2015,2016
2015-16,101145,Monta Ellis,Monta,1610612754,IND,Indiana Pacers,21501082,2016-03-26T00:00:00,IND @ BKN,L,32.2,3.0,0.0,0.0,0.0,16.0,7.0,13.0,44.0,0.0,0.0,4.0,0.0,9.0,1,13074,13074,13074,5707,4307,10158,9917,18861,23774,15642,23048,454,8004,1,22104,18762,19835,1.0,32:13,2015,2016
2015-16,1626163,Frank Kaminsky,Frank,1610612766,CHA,Charlotte Hornets,21501089,2016-03-26T00:00:00,CHA @ MIL,W,16.6,0.0,0.0,0.0,0.0,4.0,4.0,6.0,24.0,0.0,1.0,0.0,0.0,6.7,1,1,1,1,18592,12059,10158,9917,18861,6141,8458,13388,8723,8004,17214,1,18762,21376,1.0,16:35,2015,2016
2015-16,203521,Matthew Dellavedova,Matthew,1610612739,CLE,Cleveland Cavaliers,21501086,2016-03-26T00:00:00,CLE @ NYK,W,30.6,0.0,0.0,0.0,0.0,5.0,5.0,0.0,18.0,0.0,0.0,3.0,1.0,15.8,1,1,1,1,7033,12059,10158,9917,18861,8403,11469,1,13577,8004,1,17641,12373,14754,1.0,30:36,2015,2016
2015-16,201228,C.J. Watson,C.J.,1610612753,ORL,Orlando Magic,21501083,2016-03-26T00:00:00,ORL vs. CHI,W,27.6,0.0,0.0,2.0,2.0,7.0,7.0,6.0,22.0,0.0,0.0,1.0,1.0,15.5,1,1,1,1,9509,12059,10158,4675,12984,12242,15642,13388,10265,8004,1,4972,12373,15004,1.0,27:38,2015,2016
2015-16,201588,George Hill,George,1610612754,IND,Indiana Pacers,21501082,2016-03-26T00:00:00,IND @ BKN,L,32.1,2.0,0.0,4.0,10.0,16.0,7.0,13.0,42.0,0.0,0.0,3.0,2.0,30.6,1,13074,13074,13074,5769,6026,10158,1913,1840,23774,15642,23048,670,8004,1,17641,7786,5574,1.0,32:09,2015,2016
2015-16,201584,Courtney Lee,Courtney,1610612766,CHA,Charlotte Hornets,21501089,2016-03-26T00:00:00,CHA @ MIL,W,34.7,2.0,2.0,0.0,2.0,8.0,12.0,8.0,30.0,1.0,0.0,1.0,0.0,27.3,1,1,1,1,3744,6026,4731,9917,12984,13914,22832,17194,4541,2692,1,4972,18762,7236,1.0,34:44,2015,2016
2015-16,202087,Alonzo Gee,Alonzo,1610612740,NOP,New Orleans Pelicans,21501084,2016-03-26T00:00:00,NOP vs. TOR,L,41.0,6.0,1.0,2.0,16.0,7.0,2.0,3.0,32.0,0.0,0.0,3.0,3.0,30.6,1,13074,13074,13074,489,878,9709,4675,275,12242,3734,7328,3535,8004,1,17641,4736,5574,1.0,40:60,2015,2016
2015-16,2561,David West,David,1610612759,SAS,San Antonio Spurs,21501088,2016-03-26T00:00:00,SAS @ OKC,L,24.2,0.0,6.0,0.0,8.0,7.0,11.0,4.0,20.0,1.0,1.0,2.0,3.0,30.7,1,13074,13074,13074,12360,12059,481,9917,3109,12242,21814,8806,11929,2692,17214,11390,4736,5539,1.0,24:14,2015,2016
2015-16,202694,Marcus Morris Sr.,Marcus,1610612765,DET,Detroit Pistons,21501085,2016-03-26T00:00:00,DET vs. ATL,L,39.0,0.0,0.0,0.0,0.0,6.0,5.0,20.0,28.0,1.0,0.0,0.0,3.0,26.5,1,13074,13074,13074,1089,12059,10158,9917,18861,10028,11469,25599,5824,2692,1,1,4736,7627,1.0,38:57,2015,2016
2015-16,2200,Pau Gasol,Pau,1610612741,CHI,Chicago Bulls,21501083,2016-03-26T00:00:00,CHI @ ORL,L,22.2,0.0,0.0,0.0,0.0,8.0,7.0,7.0,30.0,1.0,0.0,2.0,3.0,27.0,1,13074,13074,13074,14020,12059,10158,9917,18861,13914,15642,15538,4541,2692,1,11390,4736,7385,1.0,22:11,2015,2016
2015-16,201941,Jordan Hill,Jordan,1610612754,IND,Indiana Pacers,21501082,2016-03-26T00:00:00,IND @ BKN,L,21.4,6.0,4.0,0.0,8.0,11.0,9.0,9.0,28.0,1.0,0.0,1.0,1.0,30.7,1,13074,13074,13074,14735,878,1596,9917,3109,18886,19144,18829,5824,2692,1,4972,12373,5539,1.0,21:21,2015,2016
2015-16,203089,John Henson,John,1610612749,MIL,Milwaukee Bucks,21501089,2016-03-26T00:00:00,MIL vs. CHA,L,25.3,2.0,6.0,0.0,14.0,6.0,0.0,0.0,18.0,3.0,0.0,3.0,2.0,40.6,1,13074,13074,13074,11446,6026,481,9917,542,10028,1,1,13577,347,1,17641,7786,2230,1.0,25:18,2015,2016
2015-16,201142,Kevin Durant,Kevin,1610612760,OKC,Oklahoma City Thunder,21501088,2016-03-26T00:00:00,OKC vs. SAS,W,31.7,0.0,2.0,3.0,4.0,8.0,17.0,8.0,36.0,0.0,0.0,3.0,1.0,42.5,1,1,1,1,6142,12059,4731,3302,8599,13914,25429,17194,1943,8004,1,17641,12373,1841,1.0,31:42,2015,2016
2015-16,203526,Raul Neto,Raul,1610612762,UTA,Utah Jazz,21501087,2016-03-26T00:00:00,UTA @ MIN,W,13.6,0.0,0.0,0.0,0.0,4.0,6.0,4.0,10.0,0.0,0.0,1.0,1.0,15.7,1,1,1,1,20671,12059,10158,9917,18861,6141,13237,8806,20209,8004,1,4972,12373,14841,1.0,13:33,2015,2016
2015-16,203498,Shabazz Muhammad,Shabazz,1610612750,MIN,Minnesota Timberwolves,21501087,2016-03-26T00:00:00,MIN vs. UTA,L,15.0,2.0,4.0,2.0,6.0,2.0,0.0,5.0,10.0,0.0,1.0,1.0,0.0,15.4,1,13074,13074,13074,19728,6026,1596,4675,5299,2619,1,11593,20209,8004,17214,4972,18762,15066,1.0,15:02,2015,2016
2015-16,202391,Jeremy Lin,Jeremy,1610612766,CHA,Charlotte Hornets,21501089,2016-03-26T00:00:00,CHA @ MIL,W,24.7,0.0,3.0,0.0,6.0,4.0,6.0,6.0,28.0,0.0,0.0,0.0,1.0,30.8,1,1,1,1,11898,12059,3104,9917,5299,6141,13237,13388,5824,8004,1,1,12373,5493,1.0,24:44,2015,2016
2015-16,203469,Cody Zeller,Cody,1610612766,CHA,Charlotte Hornets,21501089,2016-03-26T00:00:00,CHA @ MIL,W,20.4,2.0,2.0,0.0,4.0,2.0,4.0,6.0,16.0,2.0,1.0,3.0,1.0,15.1,1,1,1,1,15591,6026,4731,9917,8599,2619,8458,13388,15259,932,17214,17641,12373,15328,1.0,20:22,2015,2016
2015-16,201959,Taj Gibson,Taj,1610612741,CHI,Chicago Bulls,21501083,2016-03-26T00:00:00,CHI @ ORL,L,26.0,2.0,4.0,0.0,16.0,10.0,9.0,7.0,38.0,0.0,0.0,2.0,2.0,20.1,1,13074,13074,13074,10880,6026,1596,9917,275,17370,19144,15538,1422,8004,1,11390,7786,11685,1.0,25:57,2015,2016
2015-16,203953,Jabari Parker,Jabari,1610612749,MIL,Milwaukee Bucks,21501089,2016-03-26T00:00:00,MIL vs. CHA,L,38.3,2.0,2.0,0.0,8.0,10.0,9.0,2.0,24.0,0.0,1.0,2.0,1.0,31.4,1,13074,13074,13074,1383,6026,4731,9917,3109,17370,19144,4025,8723,8004,17214,11390,12373,5218,1.0,38:17,2015,2016
2015-16,201565,Derrick Rose,Derrick,1610612741,CHI,Chicago Bulls,21501083,2016-03-26T00:00:00,CHI @ ORL,L,29.4,0.0,0.0,0.0,6.0,10.0,9.0,7.0,44.0,0.0,5.0,0.0,2.0,11.6,1,13074,13074,13074,8021,12059,10158,9917,5299,17370,19144,15538,454,8004,26042,1,7786,17970,1.0,29:26,2015,2016
2015-16,200768,Kyle Lowry,Kyle,1610612761,TOR,Toronto Raptors,21501084,2016-03-26T00:00:00,TOR @ NOP,W,28.4,0.0,0.0,1.0,6.0,4.0,8.0,3.0,26.0,0.0,0.0,4.0,4.0,30.4,1,1,1,1,8879,12059,10158,9347,5299,6141,17345,7328,7214,8004,1,22104,2748,5661,1.0,28:26,2015,2016
2015-16,201171,Carl Landry,Carl,1610612755,PHI,Philadelphia 76ers,21501091,2016-03-26T00:00:00,PHI @ POR,L,16.1,0.0,0.0,0.0,2.0,7.0,5.0,2.0,16.0,0.0,0.0,4.0,1.0,15.9,1,13074,13074,13074,18959,12059,10158,9917,12984,12242,11469,4025,15259,8004,1,22104,12373,14675,1.0,16:06,2015,2016
2015-16,203897,Zach LaVine,Zach,1610612750,MIN,Minnesota Timberwolves,21501087,2016-03-26T00:00:00,MIN vs. UTA,L,35.3,2.0,0.0,2.0,4.0,6.0,10.0,2.0,30.0,0.0,2.0,1.0,2.0,12.0,1,13074,13074,13074,3310,6026,10158,4675,8599,10028,20509,4025,4541,8004,23588,4972,7786,17703,1.0,35:18,2015,2016
2015-16,201582,Alexis Ajinca,Alexis,1610612740,NOP,New Orleans Pelicans,21501084,2016-03-26T00:00:00,NOP vs. TOR,L,20.7,2.0,0.0,0.0,4.0,5.0,2.0,2.0,18.0,1.0,1.0,2.0,4.0,20.3,1,13074,13074,13074,15316,6026,10158,9917,8599,8403,3734,4025,13577,2692,17214,11390,2748,11534,1.0,20:42,2015,2016
2015-16,201577,Robin Lopez,Robin,1610612752,NYK,New York Knicks,21501086,2016-03-26T00:00:00,NYK vs. CLE,L,25.7,0.0,2.0,0.0,6.0,3.0,5.0,7.0,18.0,0.0,0.0,3.0,0.0,15.2,1,13074,13074,13074,11077,12059,4731,9917,5299,5109,11469,15538,13577,8004,1,17641,18762,15219,1.0,25:44,2015,2016
2015-16,101107,Marvin Williams,Marvin,1610612766,CHA,Charlotte Hornets,21501089,2016-03-26T00:00:00,CHA @ MIL,W,33.6,0.0,0.0,0.0,2.0,4.0,10.0,6.0,22.0,3.0,0.0,2.0,3.0,40.1,1,1,1,1,4657,12059,10158,9917,12984,6141,20509,13388,10265,347,1,11390,4736,2345,1.0,33:37,2015,2016
2015-16,202699,Tobias Harris,Tobias,1610612765,DET,Detroit Pistons,21501085,2016-03-26T00:00:00,DET vs. ATL,L,34.4,4.0,2.0,2.0,12.0,6.0,5.0,13.0,26.0,1.0,1.0,3.0,0.0,41.5,1,13074,13074,13074,4062,2460,4731,4675,988,10028,11469,23048,7214,2692,17214,17641,18762,2038,1.0,34:21,2015,2016
2015-16,202704,Reggie Jackson,Reggie,1610612765,DET,Detroit Pistons,21501085,2016-03-26T00:00:00,DET vs. ATL,L,30.2,0.0,0.0,0.0,2.0,6.0,4.0,12.0,22.0,0.0,1.0,4.0,2.0,19.7,1,13074,13074,13074,7383,12059,10158,9917,12984,10028,8458,22259,10265,8004,17214,22104,7786,11962,1.0,30:10,2015,2016
2015-16,2594,Kyle Korver,Kyle,1610612737,ATL,Atlanta Hawks,21501085,2016-03-26T00:00:00,ATL @ DET,W,29.0,0.0,2.0,0.0,2.0,0.0,7.0,2.0,18.0,0.0,0.0,3.0,2.0,15.6,1,1,1,1,8355,12059,4731,9917,12984,1,15642,4025,13577,8004,1,17641,7786,14916,1.0,29:01,2015,2016
2015-16,201949,James Johnson,James,1610612761,TOR,Toronto Raptors,21501084,2016-03-26T00:00:00,TOR @ NOP,W,19.8,3.0,0.0,0.0,4.0,10.0,5.0,2.0,22.0,0.0,0.0,0.0,2.0,20.5,1,1,1,1,16071,4307,10158,9917,8599,17370,11469,4025,10265,8004,1,1,7786,11401,1.0,19:48,2015,2016
2015-16,203476,Gorgui Dieng,Gorgui,1610612750,MIN,Minnesota Timberwolves,21501087,2016-03-26T00:00:00,MIN vs. UTA,L,29.8,0.0,0.0,2.0,2.0,6.0,10.0,2.0,28.0,1.0,0.0,2.0,1.0,15.6,1,13074,13074,13074,7751,12059,10158,4675,12984,10028,20509,4025,5824,2692,1,11390,12373,14916,1.0,29:46,2015,2016
2015-16,202337,Luke Babbitt,Luke,1610612740,NOP,New Orleans Pelicans,21501084,2016-03-26T00:00:00,NOP vs. TOR,L,28.1,0.0,0.0,0.0,6.0,2.0,3.0,1.0,14.0,0.0,0.0,3.0,1.0,26.3,1,13074,13074,13074,9158,12059,10158,9917,5299,2619,7138,3646,17019,8004,1,17641,12373,7733,1.0,28:06,2015,2016
2015-16,202328,Greg Monroe,Greg,1610612749,MIL,Milwaukee Bucks,21501089,2016-03-26T00:00:00,MIL vs. CHA,L,22.7,0.0,2.0,0.0,4.0,6.0,9.0,2.0,14.0,0.0,3.0,2.0,4.0,20.7,1,13074,13074,13074,13607,12059,4731,9917,8599,10028,19144,4025,17019,8004,25441,11390,2748,11252,1.0,22:42,2015,2016
2015-16,203081,Damian Lillard,Damian,1610612757,POR,Portland Trail Blazers,21501091,2016-03-26T00:00:00,POR vs. PHI,W,35.9,3.0,0.0,0.0,2.0,8.0,11.0,7.0,28.0,0.0,3.0,2.0,2.0,30.5,1,1,1,1,2819,4307,10158,9917,12984,13914,21814,15538,5824,8004,25441,11390,7786,5620,1.0,35:55,2015,2016
2015-16,203096,Jared Sullinger,Jared,1610612738,BOS,Boston Celtics,21501090,2016-03-26T00:00:00,BOS @ PHX,W,22.1,0.0,2.0,0.0,4.0,16.0,4.0,12.0,16.0,0.0,2.0,1.0,1.0,15.5,1,1,1,1,14127,12059,4731,9917,8599,23774,8458,22259,15259,8004,23588,4972,12373,15004,1.0,22:03,2015,2016
2015-16,203952,Andrew Wiggins,Andrew,1610612750,MIN,Minnesota Timberwolves,21501087,2016-03-26T00:00:00,MIN vs. UTA,L,33.0,4.0,1.0,3.0,8.0,6.0,10.0,2.0,30.0,0.0,2.0,2.0,4.0,19.8,1,13074,13074,13074,5152,2460,9709,3302,3109,10028,20509,4025,4541,8004,23588,11390,2748,11883,1.0,32:58,2015,2016
2015-16,2756,Sasha Vujacic,Sasha,1610612752,NYK,New York Knicks,21501086,2016-03-26T00:00:00,NYK vs. CLE,L,21.5,0.0,0.0,0.0,0.0,3.0,5.0,7.0,16.0,0.0,0.0,1.0,2.0,15.5,1,13074,13074,13074,14620,12059,10158,9917,18861,5109,11469,15538,15259,8004,1,4972,7786,15004,1.0,21:29,2015,2016
2015-16,201951,Ty Lawson,Ty,1610612754,IND,Indiana Pacers,21501082,2016-03-26T00:00:00,IND @ BKN,L,14.6,0.0,0.0,0.0,2.0,7.0,7.0,5.0,20.0,0.0,0.0,1.0,1.0,15.8,1,13074,13074,13074,20010,12059,10158,9917,12984,12242,15642,11593,11929,8004,1,4972,12373,14754,1.0,14:38,2015,2016
2015-16,201572,Brook Lopez,Brook,1610612751,BKN,Brooklyn Nets,21501082,2016-03-26T00:00:00,BKN vs. IND,W,38.1,2.0,1.0,1.0,14.0,17.0,6.0,10.0,38.0,0.0,2.0,3.0,8.0,41.8,1,1,1,1,1468,6026,9709,9347,542,24337,13237,20169,1422,8004,23588,17641,254,1981,1.0,38:06,2015,2016
2015-16,203497,Rudy Gobert,Rudy,1610612762,UTA,Utah Jazz,21501087,2016-03-26T00:00:00,UTA @ MIN,W,31.5,0.0,0.0,0.0,4.0,15.0,11.0,3.0,20.0,5.0,0.0,2.0,3.0,30.2,1,1,1,1,6331,12059,10158,9917,8599,23079,21814,7328,11929,59,1,11390,4736,5751,1.0,31:29,2015,2016
2015-16,2564,Boris Diaw,Boris,1610612759,SAS,San Antonio Spurs,21501088,2016-03-26T00:00:00,SAS @ OKC,L,26.7,2.0,2.0,0.0,6.0,13.0,2.0,14.0,30.0,0.0,0.0,2.0,1.0,15.3,1,13074,13074,13074,10272,6026,4731,9917,5299,21300,3734,23710,4541,8004,1,11390,12373,15150,1.0,26:42,2015,2016
2015-16,202706,Jordan Hamilton,Jordan,1610612740,NOP,New Orleans Pelicans,21501084,2016-03-26T00:00:00,NOP vs. TOR,L,24.3,0.0,2.0,0.0,8.0,5.0,3.0,1.0,12.0,0.0,1.0,2.0,1.0,20.3,1,13074,13074,13074,12314,12059,4731,9917,3109,8403,7138,3646,18637,8004,17214,11390,12373,11534,1.0,24:18,2015,2016
2015-16,202688,Brandon Knight,Brandon,1610612756,PHX,Phoenix Suns,21501090,2016-03-26T00:00:00,PHX vs. BOS,L,38.6,6.0,0.0,0.0,0.0,13.0,13.0,14.0,34.0,0.0,0.0,3.0,6.0,26.7,1,13074,13074,13074,1208,878,10158,9917,18861,21300,23668,23710,2701,8004,1,17641,873,7525,1.0,38:38,2015,2016
2015-16,202738,Isaiah Thomas,Isaiah,1610612738,BOS,Boston Celtics,21501090,2016-03-26T00:00:00,BOS @ PHX,W,32.8,6.0,2.0,4.0,12.0,18.0,12.0,12.0,32.0,0.0,1.0,2.0,7.0,35.7,1,1,1,1,5271,878,4731,1913,988,24749,22832,22259,3535,8004,17214,11390,469,3578,1.0,32:48,2015,2016
2015-16,2546,Carmelo Anthony,Carmelo,1610612752,NYK,New York Knicks,21501086,2016-03-26T00:00:00,NYK vs. CLE,L,39.5,4.0,3.0,0.0,2.0,5.0,13.0,12.0,30.0,0.0,4.0,5.0,6.0,45.3,1,13074,13074,13074,900,2460,3104,9917,12984,8403,23668,22259,4541,8004,25926,24686,873,1310,1.0,39:28,2015,2016
2015-16,1626181,Norman Powell,Norman,1610612761,TOR,Toronto Raptors,21501084,2016-03-26T00:00:00,TOR @ NOP,W,33.8,0.0,3.0,2.0,4.0,12.0,11.0,5.0,32.0,0.0,1.0,3.0,2.0,24.4,1,1,1,1,4550,12059,3104,4675,8599,20178,21814,11593,3535,8004,17214,17641,7786,8867,1.0,33:45,2015,2016
2015-16,201566,Russell Westbrook,Russell,1610612760,OKC,Oklahoma City Thunder,21501088,2016-03-26T00:00:00,OKC vs. SAS,W,34.4,6.0,0.0,4.0,10.0,6.0,11.0,6.0,30.0,0.0,1.0,1.0,7.0,49.2,1,1,1,1,4012,878,10158,1913,1840,10028,21814,13388,4541,8004,17214,4972,469,842,1.0,34:25,2015,2016
2015-16,201587,Nicolas Batum,Nicolas,1610612766,CHA,Charlotte Hornets,21501089,2016-03-26T00:00:00,CHA @ MIL,W,34.9,2.0,2.0,2.0,4.0,4.0,12.0,6.0,24.0,0.0,0.0,1.0,4.0,48.4,1,1,1,1,3649,6026,4731,4675,8599,6141,22832,13388,8723,8004,1,4972,2748,920,1.0,34:51,2015,2016
2015-16,203486,Mason Plumlee,Mason,1610612757,POR,Portland Trail Blazers,21501091,2016-03-26T00:00:00,POR vs. PHI,W,22.0,4.0,1.0,0.0,6.0,4.0,4.0,2.0,16.0,0.0,1.0,5.0,4.0,24.5,1,1,1,1,14154,2460,9709,9917,5299,6141,8458,4025,15259,8004,17214,24686,2748,8801,1.0,22:01,2015,2016
2015-16,201937,Ricky Rubio,Ricky,1610612750,MIN,Minnesota Timberwolves,21501087,2016-03-26T00:00:00,MIN vs. UTA,L,30.6,7.0,2.0,4.0,4.0,6.0,10.0,2.0,28.0,1.0,0.0,2.0,5.0,49.0,1,13074,13074,13074,7044,548,4731,1913,8599,10028,20509,4025,5824,2692,1,11390,1539,862,1.0,30:34,2015,2016
2015-16,202330,Gordon Hayward,Gordon,1610612762,UTA,Utah Jazz,21501087,2016-03-26T00:00:00,UTA @ MIN,W,39.2,0.0,0.0,3.0,6.0,13.0,7.0,9.0,26.0,2.0,1.0,4.0,2.0,35.5,1,1,1,1,1002,12059,10158,3302,5299,21300,15642,18829,7214,932,17214,22104,7786,3657,1.0,39:10,2015,2016
2015-16,201143,Al Horford,Al,1610612737,ATL,Atlanta Hawks,21501085,2016-03-26T00:00:00,ATL @ DET,W,30.0,0.0,0.0,0.0,6.0,0.0,11.0,2.0,20.0,2.0,0.0,3.0,0.0,35.5,1,1,1,1,7567,12059,10158,9917,5299,1,21814,4025,11929,932,1,17641,18762,3657,1.0,29:59,2015,2016
2015-16,202388,Donald Sloan,Donald,1610612751,BKN,Brooklyn Nets,21501082,2016-03-26T00:00:00,BKN vs. IND,W,21.2,3.0,0.0,3.0,4.0,11.0,4.0,6.0,18.0,0.0,0.0,1.0,3.0,24.5,1,1,1,1,14849,4307,10158,3302,8599,18886,8458,13388,13577,8004,1,4972,4736,8801,1.0,21:14,2015,2016
2015-16,203468,CJ McCollum,CJ,1610612757,POR,Portland Trail Blazers,21501091,2016-03-26T00:00:00,POR vs. PHI,W,33.7,2.0,5.0,4.0,12.0,9.0,8.0,5.0,26.0,1.0,1.0,4.0,6.0,50.9,1,1,1,1,4583,6026,995,1913,988,15771,17345,11593,7214,2692,17214,22104,873,664,1.0,33:43,2015,2016
2015-16,202685,Jonas Valančiūnas,Jonas,1610612761,TOR,Toronto Raptors,21501084,2016-03-26T00:00:00,TOR @ NOP,W,26.5,2.0,2.0,0.0,10.0,6.0,7.0,5.0,22.0,5.0,0.0,1.0,1.0,36.3,1,1,1,1,10483,6026,4731,9917,1840,10028,15642,11593,10265,59,1,4972,12373,3380,1.0,26:27,2015,2016
2015-16,202683,Enes Freedom,Enes,1610612760,OKC,Oklahoma City Thunder,21501088,2016-03-26T00:00:00,OKC vs. SAS,W,21.3,7.0,3.0,7.0,14.0,10.0,10.0,8.0,28.0,1.0,1.0,2.0,5.0,36.0,1,1,1,1,14763,548,3104,454,542,17370,20509,17194,5824,2692,17214,11390,1539,3463,1.0,21:19,2015,2016
2015-16,201586,Serge Ibaka,Serge,1610612760,OKC,Oklahoma City Thunder,21501088,2016-03-26T00:00:00,OKC vs. SAS,W,34.5,3.0,3.0,2.0,6.0,6.0,11.0,4.0,30.0,4.0,0.0,0.0,0.0,37.1,1,1,1,1,3918,4307,3104,4675,5299,10028,21814,8806,4541,132,1,1,18762,3151,1.0,34:32,2015,2016
2015-16,201567,Kevin Love,Kevin,1610612739,CLE,Cleveland Cavaliers,21501086,2016-03-26T00:00:00,CLE @ NYK,W,34.5,0.0,2.0,3.0,10.0,3.0,5.0,0.0,20.0,0.0,0.0,1.0,3.0,45.4,1,1,1,1,3990,12059,4731,3302,1840,5109,11469,1,11929,8004,1,4972,4736,1291,1.0,34:27,2015,2016
2015-16,203083,Andre Drummond,Andre,1610612765,DET,Detroit Pistons,21501085,2016-03-26T00:00:00,DET vs. ATL,L,31.5,0.0,5.0,0.0,14.0,6.0,4.0,9.0,22.0,2.0,2.0,1.0,8.0,44.4,1,13074,13074,13074,6348,12059,995,9917,542,10028,8458,18829,10265,932,23588,4972,254,1474,1.0,31:27,2015,2016
2015-16,203918,Rodney Hood,Rodney,1610612762,UTA,Utah Jazz,21501087,2016-03-26T00:00:00,UTA @ MIN,W,33.1,0.0,4.0,0.0,8.0,15.0,11.0,9.0,26.0,0.0,0.0,4.0,0.0,24.8,1,1,1,1,5023,12059,1596,9917,3109,23079,21814,18829,7214,8004,1,22104,18762,8614,1.0,33:08,2015,2016
2015-16,2544,LeBron James,LeBron,1610612739,CLE,Cleveland Cavaliers,21501086,2016-03-26T00:00:00,CLE @ NYK,W,35.8,3.0,2.0,5.0,14.0,6.0,8.0,0.0,22.0,2.0,0.0,4.0,8.0,63.7,1,1,1,1,2915,4307,4731,1277,542,10028,17345,1,10265,932,1,22104,254,108,1.0,35:46,2015,2016
2015-16,203937,Kyle Anderson,Kyle,1610612759,SAS,San Antonio Spurs,21501088,2016-03-26T00:00:00,SAS @ OKC,L,30.4,0.0,0.0,0.0,4.0,9.0,13.0,8.0,30.0,0.0,1.0,2.0,3.0,24.5,1,13074,13074,13074,7166,12059,10158,9917,8599,15771,23668,17194,4541,8004,17214,11390,4736,8801,1.0,30:25,2015,2016
2015-16,203924,Jerami Grant,Jerami,1610612755,PHI,Philadelphia 76ers,21501091,2016-03-26T00:00:00,PHI @ POR,L,31.2,0.0,2.0,0.0,8.0,15.0,8.0,6.0,32.0,4.0,1.0,4.0,9.0,35.9,1,13074,13074,13074,6585,12059,4731,9917,3109,23079,17345,13388,3535,132,17214,22104,138,3505,1.0,31:11,2015,2016
2015-16,201160,Jason Smith,Jason,1610612753,ORL,Orlando Magic,21501083,2016-03-26T00:00:00,ORL vs. CHI,W,24.2,2.0,0.0,0.0,0.0,5.0,6.0,6.0,14.0,2.0,0.0,3.0,1.0,29.7,1,1,1,1,12411,6026,10158,9917,18861,8403,13237,13388,17019,932,1,17641,12373,6006,1.0,24:10,2015,2016
2015-16,203094,Andrew Nicholson,Andrew,1610612753,ORL,Orlando Magic,21501083,2016-03-26T00:00:00,ORL vs. CHI,W,21.2,1.0,1.0,0.0,8.0,5.0,9.0,6.0,12.0,1.0,1.0,2.0,4.0,24.2,1,1,1,1,14875,11535,9709,9917,3109,8403,19144,13388,18637,2692,17214,11390,2748,9009,1.0,21:13,2015,2016
2015-16,200794,Paul Millsap,Paul,1610612737,ATL,Atlanta Hawks,21501085,2016-03-26T00:00:00,ATL @ DET,W,28.8,4.0,0.0,7.0,6.0,4.0,7.0,2.0,22.0,4.0,1.0,3.0,4.0,65.3,1,1,1,1,8521,2460,10158,454,5299,6141,15642,4025,10265,132,17214,17641,2748,90,1.0,28:49,2015,2016
2015-16,101133,Ian Mahinmi,Ian,1610612754,IND,Indiana Pacers,21501082,2016-03-26T00:00:00,IND @ BKN,L,26.3,3.0,0.0,0.0,12.0,12.0,5.0,9.0,36.0,1.0,0.0,5.0,4.0,36.0,1,13074,13074,13074,10639,4307,10158,9917,988,20178,11469,18829,1943,2692,1,24686,2748,3463,1.0,26:16,2015,2016
2015-16,1626168,Trey Lyles,Trey,1610612762,UTA,Utah Jazz,21501087,2016-03-26T00:00:00,UTA @ MIN,W,18.7,2.0,0.0,0.0,6.0,6.0,4.0,12.0,18.0,0.0,0.0,0.0,0.0,24.3,1,1,1,1,16976,6026,10158,9917,5299,10028,8458,22259,13577,8004,1,1,18762,8939,1.0,18:39,2015,2016
2015-16,203901,Elfrid Payton,Elfrid,1610612753,ORL,Orlando Magic,21501083,2016-03-26T00:00:00,ORL vs. CHI,W,29.6,0.0,0.0,2.0,12.0,6.0,9.0,0.0,32.0,2.0,0.0,1.0,3.0,36.6,1,1,1,1,7866,12059,10158,4675,988,10028,19144,1,3535,932,1,4972,4736,3288,1.0,29:37,2015,2016
2015-16,202397,Ish Smith,Ish,1610612755,PHI,Philadelphia 76ers,21501091,2016-03-26T00:00:00,PHI @ POR,L,35.5,2.0,4.0,2.0,10.0,14.0,8.0,4.0,28.0,0.0,0.0,1.0,3.0,47.3,1,13074,13074,13074,3137,6026,1596,4675,1840,22292,17345,8806,5824,8004,1,4972,4736,1036,1.0,35:30,2015,2016
2015-16,1882,Elton Brand,Elton,1610612755,PHI,Philadelphia 76ers,21501091,2016-03-26T00:00:00,PHI @ POR,L,7.8,0.0,0.0,0.0,0.0,1.0,4.0,0.0,4.0,0.0,0.0,3.0,0.0,7.4,1,13074,13074,13074,23252,12059,10158,9917,18861,2356,8458,1,23698,8004,1,17641,18762,20912,1.0,7:51,2015,2016
2015-16,203145,Kent Bazemore,Kent,1610612737,ATL,Atlanta Hawks,21501085,2016-03-26T00:00:00,ATL @ DET,W,33.4,0.0,0.0,2.0,6.0,4.0,11.0,2.0,28.0,1.0,0.0,0.0,1.0,29.8,1,1,1,1,4797,12059,10158,4675,5299,6141,21814,4025,5824,2692,1,1,12373,5948,1.0,33:25,2015,2016
2015-16,203482,Kelly Olynyk,Kelly,1610612738,BOS,Boston Celtics,21501090,2016-03-26T00:00:00,BOS @ PHX,W,22.5,2.0,2.0,3.0,10.0,10.0,8.0,11.0,26.0,0.0,0.0,2.0,0.0,17.6,1,1,1,1,13793,6026,4731,3302,1840,17370,17345,21342,7214,8004,1,11390,18762,13443,1.0,22:27,2015,2016
2015-16,1626157,Karl-Anthony Towns,Karl-Anthony,1610612750,MIN,Minnesota Timberwolves,21501087,2016-03-26T00:00:00,MIN vs. UTA,L,34.2,0.0,2.0,0.0,4.0,6.0,10.0,2.0,30.0,2.0,2.0,2.0,1.0,39.7,1,13074,13074,13074,4150,12059,4731,9917,8599,10028,20509,4025,4541,932,23588,11390,12373,2451,1.0,34:14,2015,2016
2015-16,203499,Shane Larkin,Shane,1610612751,BKN,Brooklyn Nets,21501082,2016-03-26T00:00:00,BKN vs. IND,W,26.8,6.0,0.0,4.0,8.0,13.0,4.0,9.0,30.0,0.0,0.0,3.0,3.0,28.7,1,1,1,1,10220,878,10158,1913,3109,21300,8458,18829,4541,8004,1,17641,4736,6514,1.0,26:46,2015,2016
2015-16,203484,Kentavious Caldwell-Pope,Kentavious,1610612765,DET,Detroit Pistons,21501085,2016-03-26T00:00:00,DET vs. ATL,L,31.9,0.0,0.0,0.0,2.0,4.0,7.0,11.0,28.0,0.0,1.0,3.0,1.0,13.7,1,13074,13074,13074,5947,12059,10158,9917,12984,6141,15642,21342,5824,8004,17214,17641,12373,16393,1.0,31:56,2015,2016
2015-16,203500,Steven Adams,Steven,1610612760,OKC,Oklahoma City Thunder,21501088,2016-03-26T00:00:00,OKC vs. SAS,W,26.7,0.0,5.0,0.0,8.0,4.0,9.0,2.0,20.0,0.0,0.0,3.0,2.0,17.7,1,1,1,1,10287,12059,995,9917,3109,6141,19144,4025,11929,8004,1,17641,7786,13380,1.0,26:41,2015,2016
2015-16,203935,Marcus Smart,Marcus,1610612738,BOS,Boston Celtics,21501090,2016-03-26T00:00:00,BOS @ PHX,W,32.6,0.0,4.0,0.0,4.0,16.0,12.0,15.0,36.0,1.0,0.0,4.0,6.0,28.6,1,1,1,1,5419,12059,1596,9917,8599,23774,22832,24242,1943,2692,1,22104,873,6560,1.0,32:37,2015,2016
2015-16,202684,Tristan Thompson,Tristan,1610612739,CLE,Cleveland Cavaliers,21501086,2016-03-26T00:00:00,CLE @ NYK,W,22.1,1.0,1.0,1.0,0.0,5.0,7.0,2.0,10.0,1.0,0.0,4.0,4.0,17.4,1,1,1,1,14074,11535,9709,9347,18861,8403,15642,4025,20209,2692,1,22104,2748,13595,1.0,22:07,2015,2016
2015-16,101181,Jose Calderon,Jose,1610612752,NYK,New York Knicks,21501086,2016-03-26T00:00:00,NYK vs. CLE,L,21.0,2.0,0.0,0.0,2.0,3.0,2.0,5.0,12.0,0.0,0.0,4.0,0.0,21.9,1,13074,13074,13074,15018,6026,10158,9917,12984,5109,3734,11593,18637,8004,1,22104,18762,10460,1.0,21:02,2015,2016
2015-16,204001,Kristaps Porziņģis,Kristaps,1610612752,NYK,New York Knicks,21501086,2016-03-26T00:00:00,NYK vs. CLE,L,40.6,0.0,5.0,0.0,8.0,8.0,8.0,10.0,34.0,0.0,0.0,2.0,5.0,31.7,1,13074,13074,13074,589,12059,995,9917,3109,13914,17345,20169,2701,8004,1,11390,1539,5088,1.0,40:34,2015,2016
2015-16,2581,Steve Blake,Steve,1610612765,DET,Detroit Pistons,21501085,2016-03-26T00:00:00,DET vs. ATL,L,17.8,0.0,2.0,0.0,0.0,0.0,3.0,8.0,16.0,0.0,0.0,1.0,1.0,17.6,1,13074,13074,13074,17647,12059,4731,9917,18861,1,7138,17194,15259,8004,1,4972,12373,13443,1.0,17:50,2015,2016
2015-16,203496,Robert Covington,Robert,1610612755,PHI,Philadelphia 76ers,21501091,2016-03-26T00:00:00,PHI @ POR,L,29.6,2.0,5.0,2.0,10.0,8.0,9.0,4.0,26.0,0.0,1.0,2.0,4.0,33.2,1,13074,13074,13074,7881,6026,995,4675,1840,13914,19144,8806,7214,8004,17214,11390,2748,4462,1.0,29:36,2015,2016
2015-16,203898,Tyler Ennis,Tyler,1610612749,MIL,Milwaukee Bucks,21501089,2016-03-26T00:00:00,MIL vs. CHA,L,28.5,0.0,2.0,0.0,2.0,10.0,3.0,0.0,16.0,0.0,1.0,0.0,0.0,32.8,1,13074,13074,13074,8840,12059,4731,9917,12984,17370,7138,1,15259,8004,17214,1,18762,4609,1.0,28:29,2015,2016
2015-16,1626164,Devin Booker,Devin,1610612756,PHX,Phoenix Suns,21501090,2016-03-26T00:00:00,PHX vs. BOS,L,33.6,9.0,4.0,7.0,12.0,16.0,18.0,4.0,32.0,0.0,1.0,4.0,4.0,32.8,1,13074,13074,13074,4694,171,1596,454,988,23774,25634,8806,3535,8004,17214,22104,2748,4609,1.0,33:34,2015,2016
2015-16,202710,Jimmy Butler III,Jimmy,1610612741,CHI,Chicago Bulls,21501083,2016-03-26T00:00:00,CHI @ ORL,L,29.5,0.0,0.0,0.0,6.0,10.0,9.0,7.0,42.0,1.0,0.0,2.0,6.0,27.5,1,13074,13074,13074,7960,12059,10158,9917,5299,17370,19144,15538,670,2692,1,11390,873,7137,1.0,29:31,2015,2016
2015-16,203471,Dennis Schröder,Dennis,1610612737,ATL,Atlanta Hawks,21501085,2016-03-26T00:00:00,ATL @ DET,W,24.0,2.0,0.0,2.0,4.0,4.0,8.0,4.0,20.0,0.0,0.0,3.0,1.0,22.1,1,1,1,1,12524,6026,10158,4675,8599,6141,17345,8806,11929,8004,1,17641,12373,10332,1.0,24:03,2015,2016
2015-16,203932,Aaron Gordon,Aaron,1610612753,ORL,Orlando Magic,21501083,2016-03-26T00:00:00,ORL vs. CHI,W,26.8,2.0,4.0,0.0,6.0,6.0,4.0,0.0,32.0,1.0,1.0,4.0,0.0,32.0,1,1,1,1,10201,6026,1596,9917,5299,10028,8458,1,3535,2692,17214,22104,18762,4945,1.0,26:47,2015,2016
2015-16,203090,Maurice Harkless,Maurice,1610612757,POR,Portland Trail Blazers,21501091,2016-03-26T00:00:00,POR vs. PHI,W,29.6,2.0,2.0,0.0,8.0,4.0,11.0,5.0,20.0,1.0,1.0,1.0,4.0,32.1,1,1,1,1,7908,6026,4731,9917,3109,6141,21814,11593,11929,2692,17214,4972,2748,4889,1.0,29:34,2015,2016
2015-16,201962,Toney Douglas,Toney,1610612740,NOP,New Orleans Pelicans,21501084,2016-03-26T00:00:00,NOP vs. TOR,L,21.6,2.0,3.0,2.0,4.0,2.0,2.0,3.0,24.0,0.0,3.0,3.0,0.0,17.2,1,13074,13074,13074,14537,6026,3104,4675,8599,2619,3734,7328,8723,8004,25441,17641,18762,13725,1.0,21:34,2015,2016
2015-16,203613,Jonathon Simmons,Jonathon,1610612759,SAS,San Antonio Spurs,21501088,2016-03-26T00:00:00,SAS @ OKC,L,29.2,4.0,5.0,8.0,10.0,13.0,5.0,14.0,30.0,0.0,1.0,2.0,4.0,22.7,1,13074,13074,13074,8230,2460,995,280,1840,21300,11469,23710,4541,8004,17214,11390,2748,9938,1.0,29:11,2015,2016
2015-16,202711,Bojan Bogdanović,Bojan,1610612751,BKN,Brooklyn Nets,21501082,2016-03-26T00:00:00,BKN vs. IND,W,28.2,3.0,0.0,2.0,2.0,11.0,6.0,4.0,26.0,0.0,0.0,5.0,1.0,22.4,1,1,1,1,9098,4307,10158,4675,12984,18886,13237,8806,7214,8004,1,24686,12373,10131,1.0,28:11,2015,2016
2015-16,204025,Tim Frazier,Tim,1610612740,NOP,New Orleans Pelicans,21501084,2016-03-26T00:00:00,NOP vs. TOR,L,28.7,4.0,0.0,2.0,2.0,7.0,3.0,0.0,14.0,0.0,0.0,1.0,5.0,22.6,1,13074,13074,13074,8647,2460,10158,4675,12984,12242,7138,1,17019,8004,1,4972,1539,10000,1.0,28:42,2015,2016
2015-16,200782,P.J. Tucker,P.J.,1610612756,PHX,Phoenix Suns,21501090,2016-03-26T00:00:00,PHX vs. BOS,L,38.5,5.0,4.0,3.0,6.0,16.0,15.0,9.0,34.0,1.0,0.0,3.0,6.0,32.5,1,13074,13074,13074,1281,1603,1596,3302,5299,23774,24781,18829,2701,2692,1,17641,873,4726,1.0,38:29,2015,2016
2015-16,2743,Kris Humphries,Kris,1610612737,ATL,Atlanta Hawks,21501085,2016-03-26T00:00:00,ATL @ DET,W,21.2,0.0,2.0,3.0,8.0,4.0,8.0,2.0,18.0,0.0,1.0,2.0,2.0,17.0,1,1,1,1,14893,12059,4731,3302,3109,6141,17345,4025,13577,8004,17214,11390,7786,13855,1.0,21:12,2015,2016
2015-16,204060,Joe Ingles,Joe,1610612762,UTA,Utah Jazz,21501087,2016-03-26T00:00:00,UTA @ MIN,W,15.1,2.0,0.0,2.0,2.0,4.0,4.0,8.0,8.0,0.0,0.0,0.0,0.0,13.8,1,1,1,1,19706,6026,10158,4675,12984,6141,8458,17194,21543,8004,1,1,18762,16311,1.0,15:04,2015,2016
2015-16,203462,Archie Goodwin,Archie,1610612756,PHX,Phoenix Suns,21501090,2016-03-26T00:00:00,PHX vs. BOS,L,13.6,4.0,0.0,4.0,4.0,10.0,9.0,9.0,22.0,0.0,0.0,1.0,2.0,13.9,1,13074,13074,13074,20648,2460,10158,1913,8599,17370,19144,18829,10265,8004,1,4972,7786,16232,1.0,13:35,2015,2016
2015-16,202331,Paul George,Paul,1610612754,IND,Indiana Pacers,21501082,2016-03-26T00:00:00,IND @ BKN,L,34.5,6.0,2.0,7.0,8.0,16.0,8.0,13.0,46.0,0.0,0.0,2.0,8.0,38.3,1,13074,13074,13074,3929,878,4731,454,3109,23774,17345,23048,298,8004,1,11390,254,2826,1.0,34:31,2015,2016
2015-16,202329,Al-Farouq Aminu,Al-Farouq,1610612757,POR,Portland Trail Blazers,21501091,2016-03-26T00:00:00,POR vs. PHI,W,35.2,3.0,4.0,0.0,4.0,6.0,8.0,7.0,24.0,0.0,0.0,2.0,3.0,32.6,1,1,1,1,3412,4307,1596,9917,8599,10028,17345,15538,8723,8004,1,11390,4736,4687,1.0,35:10,2015,2016
2015-16,1626167,Myles Turner,Myles,1610612754,IND,Indiana Pacers,21501082,2016-03-26T00:00:00,IND @ BKN,L,28.1,0.0,0.0,0.0,4.0,14.0,5.0,13.0,38.0,1.0,0.0,2.0,1.0,22.0,1,13074,13074,13074,9190,12059,10158,9917,8599,22292,11469,23048,1422,2692,1,11390,12373,10388,1.0,28:03,2015,2016
2015-16,203141,Mirza Teletovic,Mirza,1610612756,PHX,Phoenix Suns,21501090,2016-03-26T00:00:00,PHX vs. BOS,L,32.3,0.0,2.0,1.0,10.0,14.0,6.0,12.0,32.0,0.0,1.0,5.0,3.0,34.8,1,13074,13074,13074,5686,12059,4731,9347,1840,22292,13237,22259,3535,8004,17214,24686,4736,3891,1.0,32:15,2015,2016
2015-16,203114,Khris Middleton,Khris,1610612749,MIL,Milwaukee Bucks,21501089,2016-03-26T00:00:00,MIL vs. CHA,L,24.3,0.0,2.0,4.0,2.0,6.0,9.0,2.0,18.0,0.0,0.0,3.0,1.0,19.7,1,13074,13074,13074,12335,12059,4731,1913,12984,10028,19144,4025,13577,8004,1,17641,12373,11962,1.0,24:16,2015,2016
2015-16,201942,DeMar DeRozan,DeMar,1610612761,TOR,Toronto Raptors,21501084,2016-03-26T00:00:00,TOR @ NOP,W,30.5,0.0,0.0,0.0,6.0,6.0,7.0,5.0,30.0,0.0,0.0,2.0,3.0,34.5,1,1,1,1,7126,12059,10158,9917,5299,10028,15642,11593,4541,8004,1,11390,4736,3997,1.0,30:28,2015,2016
2015-16,1626246,Boban Marjanović,Boban,1610612759,SAS,San Antonio Spurs,21501088,2016-03-26T00:00:00,SAS @ OKC,L,27.1,4.0,4.0,0.0,6.0,11.0,5.0,16.0,30.0,1.0,1.0,0.0,4.0,25.7,1,13074,13074,13074,9912,2460,1596,9917,5299,18886,11469,24641,4541,2692,17214,1,2748,8088,1.0,27:07,2015,2016
2015-16,203926,Doug McDermott,Doug,1610612741,CHI,Chicago Bulls,21501083,2016-03-26T00:00:00,CHI @ ORL,L,20.9,5.0,4.0,3.0,2.0,6.0,2.0,6.0,20.0,0.0,1.0,0.0,0.0,14.6,1,13074,13074,13074,15137,1603,1596,3302,12984,10028,3734,13388,11929,8004,17214,1,18762,15699,1.0,20:55,2015,2016
2015-16,202389,Timofey Mozgov,Timofey,1610612739,CLE,Cleveland Cavaliers,21501086,2016-03-26T00:00:00,CLE @ NYK,W,24.4,0.0,2.0,0.0,2.0,3.0,5.0,0.0,16.0,1.0,0.0,0.0,2.0,14.2,1,1,1,1,12239,12059,4731,9917,12984,5109,11469,1,15259,2692,1,1,7786,16003,1.0,24:22,2015,2016
2015-16,202324,Derrick Favors,Derrick,1610612762,UTA,Utah Jazz,21501087,2016-03-26T00:00:00,UTA @ MIN,W,34.4,2.0,6.0,0.0,8.0,11.0,5.0,13.0,22.0,2.0,2.0,2.0,3.0,34.0,1,1,1,1,4038,6026,481,9917,3109,18886,11469,23048,10265,932,23588,11390,4736,4162,1.0,34:23,2015,2016
2015-16,203460,Andre Roberson,Andre,1610612760,OKC,Oklahoma City Thunder,21501088,2016-03-26T00:00:00,OKC vs. SAS,W,31.2,2.0,0.0,2.0,2.0,10.0,8.0,4.0,30.0,0.0,0.0,0.0,1.0,18.8,1,1,1,1,6567,6026,10158,4675,12984,17370,17345,8806,4541,8004,1,1,12373,12588,1.0,31:11,2015,2016
2015-16,203382,Aron Baynes,Aron,1610612765,DET,Detroit Pistons,21501085,2016-03-26T00:00:00,DET vs. ATL,L,16.5,0.0,4.0,0.0,6.0,0.0,3.0,11.0,16.0,0.0,0.0,1.0,4.0,23.4,1,13074,13074,13074,18628,12059,1596,9917,5299,1,7138,21342,15259,8004,1,4972,2748,9501,1.0,16:33,2015,2016
2015-16,201967,Dante Cunningham,Dante,1610612740,NOP,New Orleans Pelicans,21501084,2016-03-26T00:00:00,NOP vs. TOR,L,36.0,2.0,2.0,1.0,4.0,5.0,5.0,2.0,28.0,0.0,1.0,2.0,1.0,9.7,1,13074,13074,13074,2748,6026,4731,9347,8599,8403,11469,4025,5824,8004,17214,11390,12373,19379,1.0,36:01,2015,2016
2015-16,201952,Jeff Teague,Jeff,1610612737,ATL,Atlanta Hawks,21501085,2016-03-26T00:00:00,ATL @ DET,W,32.6,0.0,3.0,2.0,2.0,2.0,9.0,2.0,22.0,0.0,1.0,3.0,3.0,34.8,1,1,1,1,5397,12059,3104,4675,12984,2619,19144,4025,10265,8004,17214,17641,4736,3891,1.0,32:38,2015,2016
2015-16,202689,Kemba Walker,Kemba,1610612766,CHA,Charlotte Hornets,21501089,2016-03-26T00:00:00,CHA @ MIL,W,30.3,3.0,0.0,0.0,2.0,8.0,10.0,6.0,26.0,0.0,1.0,0.0,2.0,25.0,1,1,1,1,7284,4307,10158,9917,12984,13914,20509,13388,7214,8004,17214,1,7786,8485,1.0,30:16,2015,2016
2015-16,101161,Amir Johnson,Amir,1610612738,BOS,Boston Celtics,21501090,2016-03-26T00:00:00,BOS @ PHX,W,24.6,0.0,0.0,0.0,2.0,14.0,10.0,11.0,28.0,1.0,0.0,4.0,0.0,14.7,1,1,1,1,12049,12059,10158,9917,12984,22292,20509,21342,5824,2692,1,22104,18762,15631,1.0,24:35,2015,2016
2015-16,202323,Evan Turner,Evan,1610612738,BOS,Boston Celtics,21501090,2016-03-26T00:00:00,BOS @ PHX,W,35.3,6.0,2.0,3.0,8.0,20.0,10.0,19.0,30.0,1.0,0.0,3.0,6.0,34.7,1,1,1,1,3334,878,4731,3302,3109,25338,20509,25435,4541,2692,1,17641,873,3935,1.0,35:16,2015,2016
2015-16,101112,Channing Frye,Channing,1610612739,CLE,Cleveland Cavaliers,21501086,2016-03-26T00:00:00,CLE @ NYK,W,13.6,0.0,4.0,0.0,4.0,5.0,7.0,2.0,6.0,0.0,0.0,3.0,3.0,14.3,1,1,1,1,20671,12059,1596,9917,8599,8403,15642,4025,22724,8004,1,17641,4736,15948,1.0,13:33,2015,2016
2015-16,203156,Henry Sims,Henry,1610612751,BKN,Brooklyn Nets,21501082,2016-03-26T00:00:00,BKN vs. IND,W,9.0,2.0,3.0,2.0,4.0,7.0,2.0,5.0,10.0,0.0,0.0,1.0,1.0,10.4,1,1,1,1,22833,6026,3104,4675,8599,12242,3734,11593,20209,8004,1,4972,12373,18859,1.0,9:01,2015,2016
2015-16,202335,Patrick Patterson,Patrick,1610612761,TOR,Toronto Raptors,21501084,2016-03-26T00:00:00,TOR @ NOP,W,19.7,0.0,0.0,0.0,0.0,6.0,1.0,0.0,22.0,0.0,0.0,2.0,2.0,25.5,1,1,1,1,16138,12059,10158,9917,18861,10028,3393,1,10265,8004,1,11390,7786,8230,1.0,19:43,2015,2016
2015-16,202340,Avery Bradley,Avery,1610612738,BOS,Boston Celtics,21501090,2016-03-26T00:00:00,BOS @ PHX,W,31.8,6.0,2.0,4.0,4.0,18.0,10.0,13.0,30.0,0.0,0.0,4.0,4.0,23.1,1,1,1,1,6093,878,4731,1913,8599,24749,20509,23048,4541,8004,1,22104,2748,9699,1.0,31:47,2015,2016
2015-16,203473,Dewayne Dedmon,Dewayne,1610612753,ORL,Orlando Magic,21501083,2016-03-26T00:00:00,ORL vs. CHI,W,22.4,4.0,2.0,0.0,16.0,6.0,4.0,0.0,30.0,0.0,0.0,4.0,1.0,34.6,1,1,1,1,13873,2460,4731,9917,275,10028,8458,1,4541,8004,1,22104,12373,3963,1.0,22:21,2015,2016
2015-16,202682,Derrick Williams,Derrick,1610612752,NYK,New York Knicks,21501086,2016-03-26T00:00:00,NYK vs. CLE,L,24.0,0.0,2.0,2.0,4.0,7.0,9.0,8.0,24.0,0.0,1.0,2.0,5.0,25.6,1,13074,13074,13074,12536,12059,4731,4675,8599,12242,19144,17194,8723,8004,17214,11390,1539,8157,1.0,24:01,2015,2016
2015-16,2744,Al Jefferson,Al,1610612766,CHA,Charlotte Hornets,21501089,2016-03-26T00:00:00,CHA @ MIL,W,21.8,3.0,0.0,0.0,8.0,6.0,10.0,4.0,22.0,0.0,0.0,1.0,5.0,23.7,1,1,1,1,14365,4307,10158,9917,3109,10028,20509,8806,10265,8004,1,4972,1539,9329,1.0,21:46,2015,2016
2015-16,203508,Sergey Karasev,Sergey,1610612751,BKN,Brooklyn Nets,21501082,2016-03-26T00:00:00,BKN vs. IND,W,25.7,1.0,4.0,2.0,8.0,9.0,4.0,4.0,30.0,0.0,0.0,2.0,5.0,34.4,1,1,1,1,11078,11535,1596,4675,3109,15771,8458,8806,4541,8004,1,11390,1539,4029,1.0,25:44,2015,2016
2015-16,202334,Ed Davis,Ed,1610612757,POR,Portland Trail Blazers,21501091,2016-03-26T00:00:00,POR vs. PHI,W,25.9,0.0,0.0,0.0,4.0,9.0,7.0,5.0,20.0,2.0,0.0,4.0,2.0,33.6,1,1,1,1,10963,12059,10158,9917,8599,15771,15642,11593,11929,932,1,22104,7786,4305,1.0,25:52,2015,2016
2015-16,1889,Andre Miller,Andre,1610612759,SAS,San Antonio Spurs,21501088,2016-03-26T00:00:00,SAS @ OKC,L,18.9,2.0,2.0,0.0,8.0,7.0,3.0,10.0,18.0,0.0,0.0,3.0,2.0,23.6,1,13074,13074,13074,16764,6026,4731,9917,3109,12242,7138,20169,13577,8004,1,17641,7786,9377,1.0,18:55,2015,2016
2015-16,202709,Cory Joseph,Cory,1610612761,TOR,Toronto Raptors,21501084,2016-03-26T00:00:00,TOR @ NOP,W,26.2,0.0,0.0,0.0,2.0,12.0,5.0,2.0,36.0,0.0,0.0,1.0,0.0,14.4,1,1,1,1,10685,12059,10158,9917,12984,20178,11469,4025,1943,8004,1,4972,18762,15857,1.0,26:12,2015,2016
2015-16,201167,Arron Afflalo,Arron,1610612752,NYK,New York Knicks,21501086,2016-03-26T00:00:00,NYK vs. CLE,L,26.8,0.0,0.0,0.0,2.0,7.0,9.0,8.0,26.0,0.0,0.0,1.0,2.0,10.1,1,13074,13074,13074,10184,12059,10158,9917,12984,12242,19144,17194,7214,8004,1,4972,7786,19105,1.0,26:48,2015,2016
2015-16,203138,Hollis Thompson,Hollis,1610612755,PHI,Philadelphia 76ers,21501091,2016-03-26T00:00:00,PHI @ POR,L,34.6,5.0,0.0,3.0,0.0,14.0,8.0,4.0,26.0,1.0,0.0,3.0,0.0,33.4,1,13074,13074,13074,3873,1603,10158,3302,18861,22292,17345,8806,7214,2692,1,17641,18762,4384,1.0,34:36,2015,2016
2015-16,1626145,Tyus Jones,Tyus,1610612750,MIN,Minnesota Timberwolves,21501087,2016-03-26T00:00:00,MIN vs. UTA,L,17.4,2.0,2.0,2.0,2.0,2.0,0.0,5.0,12.0,0.0,0.0,1.0,2.0,14.4,1,13074,13074,13074,17946,6026,4731,4675,12984,2619,1,11593,18637,8004,1,4972,7786,15857,1.0,17:26,2015,2016
2015-16,203118,Mike Scott,Mike,1610612737,ATL,Atlanta Hawks,21501085,2016-03-26T00:00:00,ATL @ DET,W,16.0,0.0,0.0,2.0,2.0,0.0,4.0,2.0,12.0,0.0,0.0,2.0,1.0,19.0,1,1,1,1,19017,12059,10158,4675,12984,1,8458,4025,18637,8004,1,11390,12373,12440,1.0,16:01,2015,2016
2015-16,201152,Thaddeus Young,Thaddeus,1610612751,BKN,Brooklyn Nets,21501082,2016-03-26T00:00:00,BKN vs. IND,W,29.8,2.0,2.0,2.0,8.0,16.0,4.0,8.0,36.0,1.0,1.0,1.0,0.0,19.6,1,1,1,1,7723,6026,4731,4675,3109,23774,8458,17194,1943,2692,17214,4972,18762,12024,1.0,29:48,2015,2016
2015-16,203098,John Jenkins,John,1610612756,PHX,Phoenix Suns,21501090,2016-03-26T00:00:00,PHX vs. BOS,L,17.3,0.0,0.0,0.0,0.0,8.0,11.0,7.0,16.0,1.0,0.0,1.0,0.0,19.3,1,13074,13074,13074,18046,12059,10158,9917,18861,13914,21814,15538,15259,2692,1,4972,18762,12228,1.0,17:18,2015,2016
2015-16,201980,Danny Green,Danny,1610612759,SAS,San Antonio Spurs,21501088,2016-03-26T00:00:00,SAS @ OKC,L,22.3,2.0,0.0,2.0,2.0,7.0,6.0,4.0,16.0,0.0,0.0,2.0,0.0,10.4,1,13074,13074,13074,13936,6026,10158,4675,12984,12242,13237,8806,15259,8004,1,11390,18762,18859,1.0,22:16,2015,2016
2015-16,203507,Giannis Antetokounmpo,Giannis,1610612749,MIL,Milwaukee Bucks,21501089,2016-03-26T00:00:00,MIL vs. CHA,L,26.2,2.0,0.0,2.0,6.0,4.0,7.0,2.0,10.0,0.0,0.0,3.0,2.0,19.1,1,13074,13074,13074,10697,6026,10158,4675,5299,6141,15642,4025,20209,8004,1,17641,7786,12372,1.0,26:11,2015,2016
2015-16,203894,Shabazz Napier,Shabazz,1610612753,ORL,Orlando Magic,21501083,2016-03-26T00:00:00,ORL vs. CHI,W,5.1,0.0,0.0,0.0,0.0,2.0,2.0,3.0,2.0,0.0,0.0,0.0,0.0,2.5,1,1,1,1,24317,12059,10158,9917,18861,2619,3734,7328,24614,8004,1,1,18762,24003,1.0,5:08,2015,2016
2015-16,203088,Kendall Marshall,Kendall,1610612755,PHI,Philadelphia 76ers,21501091,2016-03-26T00:00:00,PHI @ POR,L,9.3,0.0,0.0,0.0,0.0,4.0,6.0,0.0,6.0,0.0,0.0,0.0,0.0,2.0,1,13074,13074,13074,22728,12059,10158,9917,18861,6141,13237,1,22724,8004,1,1,18762,24216,1.0,9:16,2015,2016
2015-16,203503,Tony Snell,Tony,1610612741,CHI,Chicago Bulls,21501083,2016-03-26T00:00:00,CHI @ ORL,L,5.9,0.0,0.0,3.0,0.0,1.0,1.0,0.0,2.0,0.0,0.0,1.0,0.0,3.0,1,13074,13074,13074,23993,12059,10158,3302,18861,2356,3393,1,24614,8004,1,4972,18762,23648,1.0,5:56,2015,2016
2015-16,1626209,Mario Hezonja,Mario,1610612753,ORL,Orlando Magic,21501083,2016-03-26T00:00:00,ORL vs. CHI,W,21.9,0.0,0.0,0.0,0.0,4.0,9.0,0.0,22.0,1.0,0.0,1.0,2.0,12.7,1,1,1,1,14293,12059,10158,9917,18861,6141,19144,1,10265,2692,1,4972,7786,17201,1.0,21:51,2015,2016
2015-16,203095,Evan Fournier,Evan,1610612753,ORL,Orlando Magic,21501083,2016-03-26T00:00:00,ORL vs. CHI,W,25.8,4.0,3.0,5.0,10.0,4.0,4.0,0.0,30.0,0.0,1.0,3.0,2.0,16.7,1,1,1,1,11010,2460,3104,1277,1840,6141,8458,1,4541,8004,17214,17641,7786,14064,1.0,25:48,2015,2016
2015-16,1626173,Rashad Vaughn,Rashad,1610612749,MIL,Milwaukee Bucks,21501089,2016-03-26T00:00:00,MIL vs. CHA,L,21.8,0.0,0.0,2.0,2.0,8.0,2.0,0.0,22.0,0.0,2.0,0.0,0.0,8.2,1,13074,13074,13074,14316,12059,10158,4675,12984,13914,3734,1,10265,8004,23588,1,18762,20416,1.0,21:49,2015,2016
2015-16,2419,Tayshaun Prince,Tayshaun,1610612750,MIN,Minnesota Timberwolves,21501087,2016-03-26T00:00:00,MIN vs. UTA,L,12.7,0.0,0.0,0.0,0.0,2.0,0.0,5.0,10.0,0.0,0.0,0.0,0.0,2.4,1,13074,13074,13074,21134,12059,10158,9917,18861,2619,1,11593,20209,8004,1,1,18762,24024,1.0,12:42,2015,2016
2015-16,201945,Gerald Henderson,Gerald,1610612757,POR,Portland Trail Blazers,21501091,2016-03-26T00:00:00,POR vs. PHI,W,21.2,0.0,2.0,0.0,2.0,9.0,3.0,2.0,20.0,1.0,0.0,1.0,1.0,18.1,1,1,1,1,14931,12059,4731,9917,12984,15771,7138,4025,11929,2692,1,4972,12373,13090,1.0,21:09,2015,2016
2015-16,203148,Brian Roberts,Brian,1610612757,POR,Portland Trail Blazers,21501091,2016-03-26T00:00:00,POR vs. PHI,W,4.4,0.0,0.0,0.0,0.0,0.0,0.0,0.0,0.0,0.0,0.0,1.0,0.0,2.7,1,1,1,1,24594,12059,10158,9917,18861,1,1,1,25429,8004,1,4972,18762,23884,1.0,4:22,2015,2016
2015-16,203477,Isaiah Canaan,Isaiah,1610612755,PHI,Philadelphia 76ers,21501091,2016-03-26T00:00:00,PHI @ POR,L,23.9,0.0,0.0,0.0,2.0,8.0,5.0,4.0,22.0,0.0,1.0,1.0,1.0,8.4,1,13074,13074,13074,12650,12059,10158,9917,12984,13914,11469,8806,10265,8004,17214,4972,12373,20273,1.0,23:54,2015,2016
2015-16,2747,JR Smith,JR,1610612739,CLE,Cleveland Cavaliers,21501086,2016-03-26T00:00:00,CLE @ NYK,W,30.8,0.0,3.0,2.0,4.0,6.0,5.0,0.0,16.0,0.0,0.0,3.0,0.0,18.6,1,1,1,1,6863,12059,3104,4675,8599,10028,11469,1,15259,8004,1,17641,18762,12715,1.0,30:50,2015,2016
2015-16,201166,Aaron Brooks,Aaron,1610612741,CHI,Chicago Bulls,21501083,2016-03-26T00:00:00,CHI @ ORL,L,17.9,0.0,0.0,0.0,6.0,5.0,1.0,4.0,14.0,0.0,0.0,0.0,0.0,8.5,1,13074,13074,13074,17616,12059,10158,9917,5299,8403,3393,8806,17019,8004,1,1,18762,20215,1.0,17:52,2015,2016
2015-16,201973,Jonas Jerebko,Jonas,1610612738,BOS,Boston Celtics,21501090,2016-03-26T00:00:00,BOS @ PHX,W,25.3,0.0,6.0,0.0,0.0,12.0,10.0,12.0,26.0,0.0,0.0,2.0,0.0,17.9,1,1,1,1,11472,12059,481,9917,18861,20178,20509,22259,7214,8004,1,11390,18762,13229,1.0,25:16,2015,2016
2015-16,203187,Chris Johnson,Chris,1610612762,UTA,Utah Jazz,21501087,2016-03-26T00:00:00,UTA @ MIN,W,8.6,2.0,0.0,0.0,0.0,2.0,0.0,4.0,4.0,0.0,0.0,1.0,2.0,2.2,1,1,1,1,22985,6026,10158,9917,18861,2619,1,8806,23698,8004,1,4972,7786,24138,1.0,8:38,2015,2016
2015-16,203906,Devyn Marble,Devyn,1610612753,ORL,Orlando Magic,21501083,2016-03-26T00:00:00,ORL vs. CHI,W,22.2,0.0,0.0,0.0,2.0,7.0,9.0,6.0,14.0,0.0,0.0,1.0,2.0,16.4,1,1,1,1,14018,12059,10158,9917,12984,12242,19144,13388,17019,8004,1,4972,7786,14289,1.0,22:12,2015,2016
2015-16,202687,Bismack Biyombo,Bismack,1610612761,TOR,Toronto Raptors,21501084,2016-03-26T00:00:00,TOR @ NOP,W,18.8,0.0,0.0,0.0,0.0,8.0,5.0,0.0,26.0,2.0,0.0,3.0,3.0,18.0,1,1,1,1,16833,12059,10158,9917,18861,13914,11469,1,7214,932,1,17641,4736,13164,1.0,18:51,2015,2016
2015-16,203917,Nik Stauskas,Nik,1610612755,PHI,Philadelphia 76ers,21501091,2016-03-26T00:00:00,PHI @ POR,L,25.5,0.0,0.0,0.0,0.0,5.0,9.0,2.0,18.0,0.0,0.0,2.0,1.0,18.5,1,13074,13074,13074,11293,12059,10158,9917,18861,8403,19144,4025,13577,8004,1,11390,12373,12794,1.0,25:30,2015,2016
2015-16,1626171,Bobby Portis,Bobby,1610612741,CHI,Chicago Bulls,21501083,2016-03-26T00:00:00,CHI @ ORL,L,18.5,0.0,2.0,0.0,2.0,5.0,1.0,4.0,20.0,0.0,0.0,2.0,1.0,12.4,1,13074,13074,13074,17088,12059,4731,9917,12984,8403,3393,8806,11929,8004,1,11390,12373,17418,1.0,18:31,2015,2016
2015-16,202714,Shelvin Mack,Shelvin,1610612762,UTA,Utah Jazz,21501087,2016-03-26T00:00:00,UTA @ MIN,W,34.5,0.0,0.0,2.0,6.0,13.0,5.0,11.0,22.0,0.0,1.0,1.0,2.0,21.4,1,1,1,1,3990,12059,10158,4675,5299,21300,11469,21342,10265,8004,17214,4972,7786,10807,1.0,34:27,2015,2016
2015-16,2755,Kevin Martin,Kevin,1610612759,SAS,San Antonio Spurs,21501088,2016-03-26T00:00:00,SAS @ OKC,L,18.1,0.0,0.0,0.0,0.0,7.0,3.0,10.0,18.0,1.0,1.0,0.0,0.0,8.0,1,13074,13074,13074,17477,12059,10158,9917,18861,12242,7138,20169,13577,2692,17214,1,18762,20564,1.0,18:03,2015,2016
2015-16,203930,Sean Kilpatrick,Sean,1610612751,BKN,Brooklyn Nets,21501082,2016-03-26T00:00:00,BKN vs. IND,W,23.2,2.0,2.0,0.0,12.0,15.0,4.0,11.0,18.0,0.0,0.0,3.0,3.0,16.3,1,1,1,1,13238,6026,4731,9917,988,23079,8458,21342,13577,8004,1,17641,4736,14372,1.0,23:10,2015,2016
2015-16,2449,Luis Scola,Luis,1610612761,TOR,Toronto Raptors,21501084,2016-03-26T00:00:00,TOR @ NOP,W,21.5,0.0,0.0,0.0,0.0,4.0,7.0,5.0,18.0,0.0,0.0,1.0,0.0,20.7,1,1,1,1,14625,12059,10158,9917,18861,6141,15642,11593,13577,8004,1,4972,18762,11252,1.0,21:28,2015,2016
2015-16,203101,Miles Plumlee,Miles,1610612749,MIL,Milwaukee Bucks,21501089,2016-03-26T00:00:00,MIL vs. CHA,L,19.4,0.0,0.0,2.0,6.0,4.0,0.0,0.0,14.0,0.0,1.0,1.0,0.0,7.6,1,13074,13074,13074,16363,12059,10158,4675,5299,6141,1,1,17019,8004,17214,4972,18762,20803,1.0,19:26,2015,2016
2015-16,1626178,Rondae Hollis-Jefferson,Rondae,1610612751,BKN,Brooklyn Nets,21501082,2016-03-26T00:00:00,BKN vs. IND,W,16.1,0.0,0.0,0.0,2.0,15.0,4.0,9.0,18.0,0.0,0.0,2.0,2.0,13.1,1,1,1,1,18971,12059,10158,9917,12984,23079,8458,18829,13577,8004,1,11390,7786,16874,1.0,16:05,2015,2016
2015-16,201943,Brandon Jennings,Brandon,1610612753,ORL,Orlando Magic,21501083,2016-03-26T00:00:00,ORL vs. CHI,W,13.3,2.0,0.0,2.0,2.0,3.0,2.0,3.0,10.0,0.0,0.0,1.0,0.0,21.1,1,1,1,1,20838,6026,10158,4675,12984,5109,3734,7328,20209,8004,1,4972,18762,11012,1.0,13:15,2015,2016
2015-16,201603,Sonny Weems,Sonny,1610612755,PHI,Philadelphia 76ers,21501091,2016-03-26T00:00:00,PHI @ POR,L,6.0,0.0,0.0,0.0,0.0,2.0,2.0,2.0,8.0,0.0,0.0,0.0,0.0,2.7,1,13074,13074,13074,23958,12059,10158,9917,18861,2619,3734,4025,21543,8004,1,1,18762,23884,1.0,6:01,2015,2016
2015-16,101139,CJ Miles,CJ,1610612754,IND,Indiana Pacers,21501082,2016-03-26T00:00:00,IND @ BKN,L,14.3,2.0,0.0,2.0,2.0,7.0,6.0,5.0,18.0,1.0,0.0,4.0,2.0,20.7,1,13074,13074,13074,20198,6026,10158,4675,12984,12242,13237,11593,13577,2692,1,22104,7786,11252,1.0,14:21,2015,2016
2015-16,2570,Kendrick Perkins,Kendrick,1610612740,NOP,New Orleans Pelicans,21501084,2016-03-26T00:00:00,NOP vs. TOR,L,15.9,0.0,0.0,0.0,2.0,0.0,3.0,1.0,6.0,0.0,0.0,2.0,0.0,12.8,1,13074,13074,13074,19102,12059,10158,9917,12984,1,7138,3646,22724,8004,1,11390,18762,17129,1.0,15:55,2015,2016
2015-16,202357,Nemanja Bjelica,Nemanja,1610612750,MIN,Minnesota Timberwolves,21501087,2016-03-26T00:00:00,MIN vs. UTA,L,13.8,0.0,0.0,0.0,0.0,2.0,0.0,5.0,10.0,0.0,0.0,1.0,1.0,8.1,1,13074,13074,13074,20547,12059,10158,9917,18861,2619,1,11593,20209,8004,1,4972,12373,20521,1.0,13:46,2015,2016
2015-16,203996,Damien Inglis,Damien,1610612749,MIL,Milwaukee Bucks,21501089,2016-03-26T00:00:00,MIL vs. CHA,L,5.9,0.0,0.0,0.0,0.0,2.0,0.0,0.0,4.0,0.0,0.0,0.0,1.0,2.7,1,13074,13074,13074,24017,12059,10158,9917,18861,2619,1,1,23698,8004,1,1,12373,23884,1.0,5:52,2015,2016
2015-16,202703,Nikola Mirotic,Nikola,1610612741,CHI,Chicago Bulls,21501083,2016-03-26T00:00:00,CHI @ ORL,L,19.9,0.0,3.0,0.0,0.0,6.0,2.0,4.0,26.0,0.0,0.0,0.0,2.0,7.8,1,13074,13074,13074,16005,12059,3104,9917,18861,10028,3734,8806,7214,8004,1,1,7786,20696,1.0,19:53,2015,2016
2015-16,202962,Greg Smith,Greg,1610612750,MIN,Minnesota Timberwolves,21501087,2016-03-26T00:00:00,MIN vs. UTA,L,18.2,0.0,0.0,0.0,2.0,2.0,0.0,5.0,12.0,0.0,2.0,1.0,0.0,12.8,1,13074,13074,13074,17321,12059,10158,9917,12984,2619,1,11593,18637,8004,23588,4972,18762,17129,1.0,18:14,2015,2016
2015-16,203458,Alex Len,Alex,1610612756,PHX,Phoenix Suns,21501090,2016-03-26T00:00:00,PHX vs. BOS,L,28.4,2.0,2.0,6.0,10.0,10.0,16.0,4.0,24.0,0.0,1.0,4.0,2.0,16.1,1,13074,13074,13074,8951,6026,4731,740,1840,17370,25155,8806,8723,8004,17214,22104,7786,14515,1.0,28:23,2015,2016
2015-16,201600,Omer Asik,Omer,1610612740,NOP,New Orleans Pelicans,21501084,2016-03-26T00:00:00,NOP vs. TOR,L,23.7,0.0,4.0,0.0,4.0,2.0,2.0,2.0,22.0,0.0,1.0,0.0,3.0,21.4,1,13074,13074,13074,12819,12059,1596,9917,8599,2619,3734,4025,10265,8004,17214,1,4736,10807,1.0,23:42,2015,2016
2015-16,203900,Markel Brown,Markel,1610612751,BKN,Brooklyn Nets,21501082,2016-03-26T00:00:00,BKN vs. IND,W,9.1,2.0,2.0,2.0,2.0,0.0,0.0,2.0,6.0,0.0,1.0,1.0,0.0,8.2,1,1,1,1,22800,6026,4731,4675,12984,1,1,4025,22724,8004,17214,4972,18762,20416,1.0,9:06,2015,2016
2015-16,2588,Matt Bonner,Matt,1610612759,SAS,San Antonio Spurs,21501088,2016-03-26T00:00:00,SAS @ OKC,L,12.0,0.0,0.0,0.0,2.0,5.0,7.0,2.0,10.0,0.0,0.0,1.0,0.0,2.5,1,13074,13074,13074,21520,12059,10158,9917,12984,8403,15642,4025,20209,8004,1,4972,18762,24003,1.0,12:01,2015,2016
2015-16,2590,Mo Williams,Mo,1610612739,CLE,Cleveland Cavaliers,21501086,2016-03-26T00:00:00,CLE @ NYK,W,13.3,2.0,0.0,2.0,2.0,3.0,7.0,2.0,6.0,0.0,0.0,1.0,0.0,16.4,1,1,1,1,20825,6026,10158,4675,12984,5109,15642,4025,22724,8004,1,4972,18762,14289,1.0,13:16,2015,2016
2015-16,1626153,Delon Wright,Delon,1610612761,TOR,Toronto Raptors,21501084,2016-03-26T00:00:00,TOR @ NOP,W,3.3,0.0,0.0,0.0,0.0,2.0,0.0,2.0,2.0,0.0,0.0,0.0,0.0,1.7,1,1,1,1,25008,12059,10158,9917,18861,2619,1,4025,24614,8004,1,1,18762,24436,1.0,3:17,2015,2016
2015-16,1626170,Jerian Grant,Jerian,1610612752,NYK,New York Knicks,21501086,2016-03-26T00:00:00,NYK vs. CLE,L,8.4,2.0,0.0,0.0,0.0,5.0,10.0,3.0,12.0,0.0,0.0,0.0,3.0,1.0,1,13074,13074,13074,23062,6026,10158,9917,18861,8403,20509,7328,18637,8004,1,1,4736,24960,1.0,8:23,2015,2016
2015-16,204456,T.J. McConnell,T.J.,1610612755,PHI,Philadelphia 76ers,21501091,2016-03-26T00:00:00,PHI @ POR,L,14.1,2.0,0.0,0.0,2.0,2.0,6.0,2.0,16.0,0.0,0.0,1.0,1.0,6.0,1,13074,13074,13074,20328,6026,10158,9917,12984,2619,13237,4025,15259,8004,1,4972,12373,21878,1.0,14:08,2015,2016
2015-16,203512,Lucas Nogueira,Lucas,1610612761,TOR,Toronto Raptors,21501084,2016-03-26T00:00:00,TOR @ NOP,W,2.7,0.0,0.0,0.0,0.0,2.0,0.0,2.0,2.0,0.0,0.0,0.0,1.0,2.0,1,1,1,1,25251,12059,10158,9917,18861,2619,1,4025,24614,8004,1,1,12373,24216,1.0,2:42,2015,2016
2015-16,204038,Langston Galloway,Langston,1610612752,NYK,New York Knicks,21501086,2016-03-26T00:00:00,NYK vs. CLE,L,18.6,0.0,0.0,0.0,2.0,2.0,2.0,7.0,16.0,0.0,0.0,3.0,0.0,11.2,1,13074,13074,13074,17025,12059,10158,9917,12984,2619,3734,15538,15259,8004,1,17641,18762,18267,1.0,18:35,2015,2016
2015-16,201988,Patty Mills,Patty,1610612759,SAS,San Antonio Spurs,21501088,2016-03-26T00:00:00,SAS @ OKC,L,31.1,0.0,0.0,0.0,2.0,11.0,10.0,8.0,28.0,0.0,0.0,3.0,1.0,11.4,1,13074,13074,13074,6637,12059,10158,9917,12984,18886,20509,17194,5824,8004,1,17641,12373,18134,1.0,31:06,2015,2016
2015-16,2399,Mike Dunleavy,Mike,1610612741,CHI,Chicago Bulls,21501083,2016-03-26T00:00:00,CHI @ ORL,L,21.9,2.0,0.0,0.0,4.0,8.0,7.0,5.0,36.0,0.0,0.0,2.0,2.0,15.9,1,13074,13074,13074,14293,6026,10158,9917,8599,13914,15642,11593,1943,8004,1,11390,7786,14675,1.0,21:51,2015,2016
2015-16,202338,Kevin Seraphin,Kevin,1610612752,NYK,New York Knicks,21501086,2016-03-26T00:00:00,NYK vs. CLE,L,6.8,0.0,0.0,0.0,0.0,5.0,7.0,3.0,8.0,0.0,0.0,1.0,0.0,1.5,1,13074,13074,13074,23624,12059,10158,9917,18861,8403,15642,7328,21543,8004,1,4972,18762,24473,1.0,6:50,2015,2016
2015-16,201150,Spencer Hawes,Spencer,1610612766,CHA,Charlotte Hornets,21501089,2016-03-26T00:00:00,CHA @ MIL,W,5.9,0.0,0.0,0.0,0.0,0.0,2.0,0.0,6.0,1.0,0.0,0.0,0.0,6.0,1,1,1,1,24017,12059,10158,9917,18861,1,3734,1,22724,2692,1,1,18762,21878,1.0,5:52,2015,2016
2015-16,203268,Jorge Gutierrez,Jorge,1610612766,CHA,Charlotte Hornets,21501089,2016-03-26T00:00:00,CHA @ MIL,W,2.7,0.0,0.0,0.0,0.0,0.0,2.0,0.0,4.0,0.0,0.0,0.0,0.0,1.5,1,1,1,1,25258,12059,10158,9917,18861,1,3734,1,23698,8004,1,1,18762,24473,1.0,2:41,2015,2016
2015-16,201574,Jason Thompson,Jason,1610612761,TOR,Toronto Raptors,21501084,2016-03-26T00:00:00,TOR @ NOP,W,6.8,2.0,0.0,0.0,2.0,6.0,4.0,2.0,10.0,0.0,0.0,1.0,0.0,6.2,1,1,1,1,23628,6026,10158,9917,12984,10028,8458,4025,20209,8004,1,4972,18762,21696,1.0,6:49,2015,2016
2015-16,203488,Mike Muscala,Mike,1610612737,ATL,Atlanta Hawks,21501085,2016-03-26T00:00:00,ATL @ DET,W,1.5,0.0,0.0,0.0,0.0,0.0,0.0,0.0,2.0,0.0,0.0,0.0,0.0,1.2,1,1,1,1,25687,12059,10158,9917,18861,1,1,1,24614,8004,1,1,18762,24661,1.0,1:32,2015,2016
2015-16,202697,Iman Shumpert,Iman,1610612739,CLE,Cleveland Cavaliers,21501086,2016-03-26T00:00:00,CLE @ NYK,W,21.3,2.0,0.0,2.0,2.0,2.0,7.0,2.0,12.0,1.0,0.0,2.0,0.0,10.9,1,1,1,1,14782,6026,10158,4675,12984,2619,15642,4025,18637,2692,1,11390,18762,18498,1.0,21:18,2015,2016
2015-16,203200,Justin Holiday,Justin,1610612741,CHI,Chicago Bulls,21501083,2016-03-26T00:00:00,CHI @ ORL,L,18.5,2.0,0.0,0.0,0.0,5.0,1.0,4.0,16.0,1.0,1.0,4.0,3.0,11.2,1,13074,13074,13074,17110,6026,10158,9917,18861,8403,3393,8806,15259,2692,17214,22104,4736,18267,1.0,18:29,2015,2016
2015-16,201228,C.J. Watson,C.J.,1610612753,ORL,Orlando Magic,21501075,2016-03-25T00:00:00,ORL @ MIA,L,19.2,0.0,0.0,0.0,0.0,8.0,13.0,6.0,30.0,0.0,0.0,3.0,1.0,5.7,1,13074,13074,13074,16500,12059,10158,9917,18861,13914,23668,13388,4541,8004,1,17641,12373,22054,1.0,19:14,2015,2016
2015-16,203894,Shabazz Napier,Shabazz,1610612753,ORL,Orlando Magic,21501075,2016-03-25T00:00:00,ORL @ MIA,L,2.0,2.0,2.0,0.0,2.0,0.0,0.0,0.0,0.0,0.0,0.0,0.0,1.0,5.7,1,13074,13074,13074,25529,6026,4731,9917,12984,1,1,1,25429,8004,1,1,12373,22054,1.0,1:58,2015,2016
2015-16,1713,Vince Carter,Vince,1610612763,MEM,Memphis Grizzlies,21501078,2016-03-25T00:00:00,MEM @ SAS,L,13.1,2.0,0.0,0.0,6.0,7.0,0.0,3.0,10.0,0.0,0.0,1.0,1.0,10.7,1,13074,13074,13074,20922,6026,10158,9917,5299,12242,1,7328,20209,8004,1,4972,12373,18636,1.0,13:06,2015,2016
2015-16,202720,Jon Leuer,Jon,1610612756,PHX,Phoenix Suns,21501079,2016-03-25T00:00:00,PHX @ SAC,L,16.3,0.0,3.0,2.0,4.0,10.0,1.0,11.0,14.0,0.0,0.0,4.0,1.0,10.8,1,13074,13074,13074,18804,12059,3104,4675,8599,17370,3393,21342,17019,8004,1,22104,12373,18579,1.0,16:19,2015,2016
2015-16,101106,Andrew Bogut,Andrew,1610612744,GSW,Golden State Warriors,21501080,2016-03-25T00:00:00,GSW vs. DAL,W,18.1,0.0,4.0,0.0,4.0,4.0,3.0,0.0,14.0,1.0,0.0,4.0,1.0,11.4,1,1,1,1,17438,12059,1596,9917,8599,6141,7138,1,17019,2692,1,22104,12373,18134,1.0,18:07,2015,2016
2015-16,203898,Tyler Ennis,Tyler,1610612749,MIL,Milwaukee Bucks,21501076,2016-03-25T00:00:00,MIL @ ATL,L,13.4,0.0,2.0,0.0,4.0,8.0,3.0,11.0,16.0,0.0,1.0,4.0,1.0,11.4,1,13074,13074,13074,20741,12059,4731,9917,8599,13914,7138,21342,15259,8004,17214,22104,12373,18134,1.0,13:24,2015,2016
2015-16,2207,Joe Johnson,Joe,1610612748,MIA,Miami Heat,21501075,2016-03-25T00:00:00,MIA vs. ORL,W,26.3,0.0,0.0,0.0,4.0,10.0,11.0,6.0,26.0,0.0,1.0,1.0,0.0,5.7,1,1,1,1,10568,12059,10158,9917,8599,17370,21814,13388,7214,8004,17214,4972,18762,22054,1.0,26:20,2015,2016
2015-16,2571,Leandro Barbosa,Leandro,1610612744,GSW,Golden State Warriors,21501080,2016-03-25T00:00:00,GSW vs. DAL,W,19.7,0.0,0.0,0.0,2.0,4.0,9.0,1.0,12.0,1.0,0.0,2.0,0.0,10.7,1,1,1,1,16122,12059,10158,9917,12984,6141,19144,3646,18637,2692,1,11390,18762,18636,1.0,19:44,2015,2016
2015-16,1889,Andre Miller,Andre,1610612759,SAS,San Antonio Spurs,21501078,2016-03-25T00:00:00,SAS vs. MEM,W,15.9,0.0,0.0,0.0,2.0,6.0,2.0,4.0,16.0,0.0,0.0,2.0,0.0,10.5,1,1,1,1,19125,12059,10158,9917,12984,10028,3734,8806,15259,8004,1,11390,18762,18808,1.0,15:53,2015,2016
2015-16,201177,Josh McRoberts,Josh,1610612748,MIA,Miami Heat,21501075,2016-03-25T00:00:00,MIA vs. ORL,W,1.2,0.0,0.0,0.0,0.0,2.0,2.0,0.0,2.0,0.0,0.0,0.0,0.0,0.2,1,1,1,1,25821,12059,10158,9917,18861,2619,3734,1,24614,8004,1,1,18762,25103,1.0,1:10,2015,2016
2015-16,201949,James Johnson,James,1610612761,TOR,Toronto Raptors,21501077,2016-03-25T00:00:00,TOR @ HOU,L,9.0,2.0,0.0,2.0,2.0,5.0,0.0,5.0,4.0,0.0,1.0,1.0,0.0,9.2,1,13074,13074,13074,22853,6026,10158,4675,12984,8403,1,11593,23698,8004,17214,4972,18762,19680,1.0,8:58,2015,2016
2015-16,1626156,D'Angelo Russell,D'Angelo,1610612747,LAL,Los Angeles Lakers,21501081,2016-03-25T00:00:00,LAL vs. DEN,L,12.0,0.0,0.0,0.0,2.0,7.0,2.0,8.0,14.0,0.0,1.0,1.0,1.0,0.2,1,13074,13074,13074,21529,12059,10158,9917,12984,12242,3734,17194,17019,8004,17214,4972,12373,25103,1.0,12:00,2015,2016
2015-16,203949,James Michael McAdoo,James Michael,1610612744,GSW,Golden State Warriors,21501080,2016-03-25T00:00:00,GSW vs. DAL,W,1.0,0.0,0.0,0.0,0.0,0.0,3.0,0.0,2.0,0.0,0.0,1.0,0.0,0.0,1,1,1,1,25881,12059,10158,9917,18861,1,7138,1,24614,8004,1,4972,18762,25170,1.0,0:57,2015,2016
2015-16,2419,Tayshaun Prince,Tayshaun,1610612750,MIN,Minnesota Timberwolves,21501073,2016-03-25T00:00:00,MIN @ WAS,W,14.3,2.0,0.0,0.0,4.0,4.0,0.0,12.0,14.0,0.0,0.0,0.0,0.0,9.6,1,1,1,1,20232,6026,10158,9917,8599,6141,1,22259,17019,8004,1,1,18762,19434,1.0,14:16,2015,2016
2015-16,2588,Matt Bonner,Matt,1610612759,SAS,San Antonio Spurs,21501078,2016-03-25T00:00:00,SAS vs. MEM,W,2.0,0.0,0.0,0.0,0.0,2.0,0.0,7.0,2.0,0.0,0.0,0.0,0.0,0.0,1,1,1,1,25516,12059,10158,9917,18861,2619,1,15538,24614,8004,1,1,18762,25170,1.0,2:01,2015,2016
2015-16,202066,Garrett Temple,Garrett,1610612764,WAS,Washington Wizards,21501073,2016-03-25T00:00:00,WAS vs. MIN,L,11.5,0.0,0.0,3.0,0.0,4.0,0.0,4.0,18.0,0.0,0.0,2.0,0.0,4.2,1,13074,13074,13074,21838,12059,10158,3302,18861,6141,1,8806,13577,8004,1,11390,18762,22976,1.0,11:29,2015,2016
2015-16,203498,Shabazz Muhammad,Shabazz,1610612750,MIN,Minnesota Timberwolves,21501073,2016-03-25T00:00:00,MIN @ WAS,W,14.7,2.0,0.0,4.0,4.0,6.0,0.0,12.0,14.0,0.0,0.0,1.0,4.0,9.1,1,1,1,1,19995,6026,10158,1913,8599,10028,1,22259,17019,8004,1,4972,2748,19789,1.0,14:39,2015,2016
2015-16,1626163,Frank Kaminsky,Frank,1610612766,CHA,Charlotte Hornets,21501074,2016-03-25T00:00:00,CHA @ DET,L,16.6,0.0,0.0,0.0,0.0,6.0,8.0,10.0,20.0,0.0,0.0,2.0,1.0,4.2,1,13074,13074,13074,18592,12059,10158,9917,18861,10028,17345,20169,11929,8004,1,11390,12373,22976,1.0,16:35,2015,2016
2015-16,200797,Ryan Hollins,Ryan,1610612763,MEM,Memphis Grizzlies,21501078,2016-03-25T00:00:00,MEM @ SAS,L,12.4,0.0,0.0,0.0,0.0,5.0,0.0,3.0,8.0,0.0,0.0,4.0,1.0,4.2,1,13074,13074,13074,21358,12059,10158,9917,18861,8403,1,7328,21543,8004,1,22104,12373,22976,1.0,12:21,2015,2016
2015-16,2617,Udonis Haslem,Udonis,1610612748,MIA,Miami Heat,21501075,2016-03-25T00:00:00,MIA vs. ORL,W,1.2,0.0,0.0,0.0,0.0,2.0,2.0,0.0,2.0,0.0,0.0,0.0,0.0,0.0,1,1,1,1,25821,12059,10158,9917,18861,2619,3734,1,24614,8004,1,1,18762,25170,1.0,1:10,2015,2016
2015-16,1626246,Boban Marjanović,Boban,1610612759,SAS,San Antonio Spurs,21501078,2016-03-25T00:00:00,SAS vs. MEM,W,2.0,0.0,0.0,0.0,0.0,2.0,0.0,7.0,2.0,0.0,0.0,0.0,0.0,0.0,1,1,1,1,25516,12059,10158,9917,18861,2619,1,15538,24614,8004,1,1,18762,25170,1.0,2:01,2015,2016
2015-16,202693,Markieff Morris,Markieff,1610612764,WAS,Washington Wizards,21501073,2016-03-25T00:00:00,WAS vs. MIN,L,9.7,0.0,0.0,0.0,0.0,7.0,0.0,2.0,4.0,0.0,0.0,0.0,1.0,9.6,1,13074,13074,13074,22547,12059,10158,9917,18861,12242,1,4025,23698,8004,1,1,12373,19434,1.0,9:44,2015,2016
2015-16,202341,James Anderson,James,1610612758,SAC,Sacramento Kings,21501079,2016-03-25T00:00:00,SAC vs. PHX,W,13.9,0.0,0.0,0.0,0.0,6.0,8.0,5.0,12.0,0.0,0.0,2.0,0.0,4.1,1,1,1,1,20480,12059,10158,9917,18861,10028,17345,11593,18637,8004,1,11390,18762,23131,1.0,13:53,2015,2016
2015-16,203584,Troy Daniels,Troy,1610612766,CHA,Charlotte Hornets,21501074,2016-03-25T00:00:00,CHA @ DET,L,9.3,3.0,0.0,0.0,0.0,0.0,0.0,1.0,2.0,0.0,0.0,1.0,0.0,5.2,1,13074,13074,13074,22692,4307,10158,9917,18861,1,1,3646,24614,8004,1,4972,18762,22370,1.0,9:20,2015,2016
2015-16,203462,Archie Goodwin,Archie,1610612756,PHX,Phoenix Suns,21501079,2016-03-25T00:00:00,PHX @ SAC,L,23.4,0.0,0.0,0.0,0.0,9.0,4.0,11.0,28.0,0.0,1.0,2.0,1.0,8.7,1,13074,13074,13074,13030,12059,10158,9917,18861,15771,8458,21342,5824,8004,17214,11390,12373,20045,1.0,23:25,2015,2016
2015-16,201946,Tyler Hansbrough,Tyler,1610612766,CHA,Charlotte Hornets,21501074,2016-03-25T00:00:00,CHA @ DET,L,7.7,1.0,1.0,0.0,2.0,0.0,0.0,1.0,0.0,0.0,0.0,3.0,3.0,8.6,1,13074,13074,13074,23315,11535,9709,9917,12984,1,1,3646,25429,8004,1,17641,4736,20125,1.0,7:42,2015,2016
2015-16,203493,Reggie Bullock Jr.,Reggie,1610612765,DET,Detroit Pistons,21501074,2016-03-25T00:00:00,DET vs. CHA,W,2.1,0.0,0.0,0.0,0.0,4.0,1.0,2.0,4.0,0.0,0.0,1.0,0.0,0.0,1,1,1,1,25500,12059,10158,9917,18861,6141,3393,4025,23698,8004,1,4972,18762,25170,1.0,2:03,2015,2016
2015-16,204098,Xavier Munford,Xavier,1610612763,MEM,Memphis Grizzlies,21501078,2016-03-25T00:00:00,MEM @ SAS,L,6.8,0.0,0.0,0.0,0.0,0.0,2.0,0.0,10.0,0.0,0.0,0.0,1.0,6.6,1,13074,13074,13074,23641,12059,10158,9917,18861,1,3734,1,20209,8004,1,1,12373,21445,1.0,6:47,2015,2016
2015-16,201587,Nicolas Batum,Nicolas,1610612766,CHA,Charlotte Hornets,21501074,2016-03-25T00:00:00,CHA @ DET,L,26.5,0.0,0.0,0.0,2.0,10.0,19.0,9.0,34.0,0.0,0.0,1.0,1.0,29.9,1,13074,13074,13074,10422,12059,10158,9917,12984,17370,25786,18829,2701,8004,1,4972,12373,5884,1.0,26:32,2015,2016
2015-16,202962,Greg Smith,Greg,1610612750,MIN,Minnesota Timberwolves,21501073,2016-03-25T00:00:00,MIN @ WAS,W,14.5,2.0,0.0,0.0,4.0,2.0,0.0,10.0,12.0,0.0,0.0,3.0,1.0,7.4,1,1,1,1,20101,6026,10158,9917,8599,2619,1,20169,18637,8004,1,17641,12373,20912,1.0,14:30,2015,2016
2015-16,203507,Giannis Antetokounmpo,Giannis,1610612749,MIL,Milwaukee Bucks,21501076,2016-03-25T00:00:00,MIL @ ATL,L,39.6,0.0,0.0,3.0,4.0,13.0,20.0,11.0,44.0,3.0,1.0,3.0,4.0,35.4,1,13074,13074,13074,867,12059,10158,3302,8599,21300,25875,21342,454,347,17214,17641,2748,3684,1.0,39:34,2015,2016
2015-16,203914,Gary Harris,Gary,1610612743,DEN,Denver Nuggets,21501081,2016-03-25T00:00:00,DEN @ LAL,W,23.7,2.0,4.0,2.0,8.0,6.0,4.0,11.0,24.0,0.0,0.0,2.0,1.0,24.6,1,1,1,1,12861,6026,1596,4675,3109,10028,8458,21342,8723,8004,1,11390,12373,8724,1.0,23:40,2015,2016
2015-16,202685,Jonas Valančiūnas,Jonas,1610612761,TOR,Toronto Raptors,21501077,2016-03-25T00:00:00,TOR @ HOU,L,29.9,3.0,8.0,0.0,12.0,2.0,5.0,8.0,28.0,1.0,2.0,6.0,5.0,49.6,1,13074,13074,13074,7670,4307,137,9917,988,2619,11469,17194,5824,2692,23588,25827,1539,798,1.0,29:51,2015,2016
2015-16,200794,Paul Millsap,Paul,1610612737,ATL,Atlanta Hawks,21501076,2016-03-25T00:00:00,ATL vs. MIL,W,33.8,4.0,2.0,2.0,12.0,9.0,14.0,11.0,30.0,3.0,2.0,2.0,3.0,47.1,1,1,1,1,4535,2460,4731,4675,988,15771,24300,21342,4541,347,23588,11390,4736,1066,1.0,33:47,2015,2016
2015-16,203901,Elfrid Payton,Elfrid,1610612753,ORL,Orlando Magic,21501075,2016-03-25T00:00:00,ORL @ MIA,L,34.1,2.0,4.0,0.0,8.0,8.0,12.0,8.0,42.0,0.0,0.0,2.0,4.0,28.9,1,13074,13074,13074,4246,6026,1596,9917,3109,13914,22832,17194,670,8004,1,11390,2748,6414,1.0,34:08,2015,2016
2015-16,202355,Hassan Whiteside,Hassan,1610612748,MIA,Miami Heat,21501075,2016-03-25T00:00:00,MIA vs. ORL,W,29.3,2.0,7.0,0.0,20.0,6.0,6.0,2.0,20.0,5.0,0.0,3.0,5.0,57.4,1,1,1,1,8150,6026,292,9917,59,10028,13237,4025,11929,59,1,17641,1539,296,1.0,29:16,2015,2016
2015-16,203952,Andrew Wiggins,Andrew,1610612750,MIN,Minnesota Timberwolves,21501073,2016-03-25T00:00:00,MIN @ WAS,W,43.4,4.0,4.0,2.0,8.0,7.0,16.0,5.0,32.0,0.0,0.0,1.0,6.0,29.9,1,1,1,1,178,2460,1596,4675,3109,12242,25155,11593,3535,8004,1,4972,873,5884,1.0,43:21,2015,2016
2015-16,203083,Andre Drummond,Andre,1610612765,DET,Detroit Pistons,21501074,2016-03-25T00:00:00,DET vs. CHA,W,29.2,4.0,6.0,4.0,16.0,4.0,6.0,10.0,16.0,3.0,0.0,1.0,2.0,43.8,1,1,1,1,8209,2460,481,1913,275,6141,13237,20169,15259,347,1,4972,7786,1587,1.0,29:12,2015,2016
2015-16,203994,Jusuf Nurkić,Jusuf,1610612743,DEN,Denver Nuggets,21501081,2016-03-25T00:00:00,DEN @ LAL,W,26.3,0.0,3.0,0.0,12.0,12.0,6.0,8.0,26.0,2.0,0.0,3.0,5.0,36.3,1,1,1,1,10610,12059,3104,9917,988,20178,13237,17194,7214,932,1,17641,1539,3380,1.0,26:18,2015,2016
2015-16,202326,DeMarcus Cousins,DeMarcus,1610612758,SAC,Sacramento Kings,21501079,2016-03-25T00:00:00,SAC vs. PHX,W,27.8,6.0,5.0,2.0,14.0,5.0,13.0,14.0,22.0,1.0,0.0,3.0,10.0,45.7,1,1,1,1,9381,878,995,4675,542,8403,23668,23710,10265,2692,1,17641,76,1251,1.0,27:48,2015,2016
2015-16,203903,Jordan Clarkson,Jordan,1610612747,LAL,Los Angeles Lakers,21501081,2016-03-25T00:00:00,LAL vs. DEN,L,35.0,0.0,0.0,3.0,6.0,14.0,11.0,10.0,48.0,0.0,2.0,3.0,0.0,29.3,1,13074,13074,13074,3522,12059,10158,3302,5299,22292,21814,20169,192,8004,23588,17641,18762,6202,1.0,35:01,2015,2016
2015-16,202699,Tobias Harris,Tobias,1610612765,DET,Detroit Pistons,21501074,2016-03-25T00:00:00,DET vs. CHA,W,27.7,0.0,0.0,0.0,2.0,6.0,8.0,9.0,18.0,1.0,0.0,3.0,3.0,28.9,1,1,1,1,9496,12059,10158,9917,12984,10028,17345,18829,13577,2692,1,17641,4736,6414,1.0,27:39,2015,2016
2015-16,202691,Klay Thompson,Klay,1610612744,GSW,Golden State Warriors,21501080,2016-03-25T00:00:00,GSW vs. DAL,W,35.0,3.0,4.0,19.0,6.0,7.0,16.0,0.0,26.0,1.0,3.0,1.0,4.0,52.5,1,1,1,1,3534,4307,1596,4,5299,12242,25155,1,7214,2692,25441,4972,2748,544,1.0,35:00,2015,2016
2015-16,1626161,Willie Cauley-Stein,Willie,1610612758,SAC,Sacramento Kings,21501079,2016-03-25T00:00:00,SAC vs. PHX,W,29.0,3.0,2.0,4.0,22.0,13.0,15.0,10.0,22.0,2.0,0.0,5.0,4.0,45.2,1,1,1,1,8373,4307,4731,1913,25,21300,24781,20169,10265,932,1,24686,2748,1324,1.0,29:00,2015,2016
2015-16,101150,Lou Williams,Lou,1610612747,LAL,Los Angeles Lakers,21501081,2016-03-25T00:00:00,LAL vs. DEN,L,30.3,5.0,0.0,2.0,4.0,6.0,16.0,4.0,38.0,0.0,1.0,0.0,3.0,24.7,1,13074,13074,13074,7272,1603,10158,4675,8599,10028,25155,8806,1422,8004,17214,1,4736,8673,1.0,30:17,2015,2016
2015-16,201935,James Harden,James,1610612745,HOU,Houston Rockets,21501077,2016-03-25T00:00:00,HOU vs. TOR,W,41.9,3.0,0.0,4.0,14.0,20.0,18.0,8.0,38.0,1.0,1.0,3.0,4.0,62.5,1,1,1,1,319,4307,10158,1913,542,25338,25634,17194,1422,2692,17214,17641,2748,132,1.0,41:56,2015,2016
2015-16,203944,Julius Randle,Julius,1610612747,LAL,Los Angeles Lakers,21501081,2016-03-25T00:00:00,LAL vs. DEN,L,33.6,0.0,0.0,6.0,12.0,11.0,11.0,7.0,44.0,1.0,1.0,2.0,2.0,50.6,1,13074,13074,13074,4644,12059,10158,740,988,18886,21814,15538,454,2692,17214,11390,7786,691,1.0,33:38,2015,2016
2015-16,202322,John Wall,John,1610612764,WAS,Washington Wizards,21501073,2016-03-25T00:00:00,WAS vs. MIN,L,48.7,0.0,0.0,3.0,4.0,17.0,8.0,11.0,38.0,0.0,0.0,3.0,6.0,51.6,1,13074,13074,13074,21,12059,10158,3302,8599,24337,17345,21342,1422,8004,1,17641,873,604,1.0,48:42,2015,2016
2015-16,203110,Draymond Green,Draymond,1610612744,GSW,Golden State Warriors,21501080,2016-03-25T00:00:00,GSW vs. DAL,W,35.2,0.0,2.0,5.0,8.0,9.0,11.0,1.0,24.0,2.0,1.0,1.0,2.0,53.4,1,1,1,1,3398,12059,4731,1277,3109,15771,21814,3646,8723,932,17214,4972,7786,499,1.0,35:11,2015,2016
2015-16,203897,Zach LaVine,Zach,1610612750,MIN,Minnesota Timberwolves,21501073,2016-03-25T00:00:00,MIN @ WAS,W,44.5,2.0,0.0,6.0,4.0,9.0,16.0,5.0,32.0,0.0,0.0,1.0,0.0,36.0,1,1,1,1,99,6026,10158,740,8599,15771,25155,11593,3535,8004,1,4972,18762,3463,1.0,44:33,2015,2016
2015-16,2449,Luis Scola,Luis,1610612761,TOR,Toronto Raptors,21501077,2016-03-25T00:00:00,TOR @ HOU,L,23.4,5.0,2.0,0.0,2.0,2.0,5.0,4.0,26.0,0.0,1.0,2.0,0.0,24.5,1,13074,13074,13074,13017,1603,4731,9917,12984,2619,11469,8806,7214,8004,17214,11390,18762,8801,1.0,23:27,2015,2016
2015-16,200768,Kyle Lowry,Kyle,1610612761,TOR,Toronto Raptors,21501077,2016-03-25T00:00:00,TOR @ HOU,L,41.6,1.0,3.0,0.0,2.0,7.0,5.0,13.0,36.0,1.0,2.0,4.0,8.0,35.4,1,13074,13074,13074,367,11535,3104,9917,12984,12242,11469,23048,1943,2692,23588,22104,254,3684,1.0,41:37,2015,2016
2015-16,1626147,Justin Anderson,Justin,1610612742,DAL,Dallas Mavericks,21501080,2016-03-25T00:00:00,DAL @ GSW,L,24.9,0.0,0.0,0.0,2.0,4.0,6.0,19.0,12.0,2.0,0.0,0.0,1.0,24.1,1,13074,13074,13074,11762,12059,10158,9917,12984,6141,13237,25435,18637,932,1,1,12373,9068,1.0,24:53,2015,2016
2015-16,201939,Stephen Curry,Stephen,1610612744,GSW,Golden State Warriors,21501080,2016-03-25T00:00:00,GSW vs. DAL,W,35.2,2.0,3.0,15.0,6.0,9.0,11.0,1.0,24.0,0.0,0.0,0.0,9.0,63.6,1,1,1,1,3398,6026,3104,9,5299,15771,21814,3646,8723,8004,1,1,138,114,1.0,35:11,2015,2016
2015-16,101162,Marcin Gortat,Marcin,1610612764,WAS,Washington Wizards,21501073,2016-03-25T00:00:00,WAS vs. MIN,L,42.7,2.0,8.0,0.0,16.0,15.0,4.0,11.0,30.0,0.0,0.0,2.0,6.0,36.8,1,13074,13074,13074,235,6026,137,9917,275,23079,8458,21342,4541,8004,1,11390,873,3241,1.0,42:40,2015,2016
2015-16,203095,Evan Fournier,Evan,1610612753,ORL,Orlando Magic,21501075,2016-03-25T00:00:00,ORL @ MIA,L,36.1,6.0,2.0,6.0,8.0,6.0,10.0,6.0,46.0,0.0,3.0,3.0,4.0,29.4,1,13074,13074,13074,2669,878,4731,740,3109,10028,20509,13388,298,8004,25441,17641,2748,6143,1.0,36:06,2015,2016
2015-16,200746,LaMarcus Aldridge,LaMarcus,1610612759,SAS,San Antonio Spurs,21501078,2016-03-25T00:00:00,SAS vs. MEM,W,33.1,5.0,8.0,5.0,18.0,6.0,6.0,16.0,24.0,3.0,0.0,1.0,5.0,61.9,1,1,1,1,5044,1603,137,1277,131,10028,13237,24641,8723,347,1,4972,1539,148,1.0,33:06,2015,2016
2015-16,1626157,Karl-Anthony Towns,Karl-Anthony,1610612750,MIN,Minnesota Timberwolves,21501073,2016-03-25T00:00:00,MIN @ WAS,W,47.6,2.0,2.0,0.0,8.0,11.0,16.0,7.0,36.0,0.0,1.0,3.0,2.0,45.5,1,1,1,1,32,6026,4731,9917,3109,18886,25155,15538,1943,8004,17214,17641,7786,1278,1.0,47:34,2015,2016
2015-16,2548,Dwyane Wade,Dwyane,1610612748,MIA,Miami Heat,21501075,2016-03-25T00:00:00,MIA vs. ORL,W,25.4,0.0,0.0,0.0,4.0,8.0,9.0,8.0,26.0,1.0,0.0,1.0,4.0,26.6,1,1,1,1,11412,12059,10158,9917,8599,13914,19144,17194,7214,2692,1,4972,2748,7566,1.0,25:21,2015,2016
2015-16,201609,Goran Dragic,Goran,1610612748,MIA,Miami Heat,21501075,2016-03-25T00:00:00,MIA vs. ORL,W,35.7,6.0,3.0,8.0,12.0,10.0,13.0,4.0,28.0,0.0,0.0,4.0,7.0,41.0,1,1,1,1,2983,878,3104,280,988,17370,23668,8806,5824,8004,1,22104,469,2143,1.0,35:42,2015,2016
2015-16,203112,Quincy Acy,Quincy,1610612758,SAC,Sacramento Kings,21501079,2016-03-25T00:00:00,SAC vs. PHX,W,18.6,2.0,2.0,0.0,2.0,6.0,10.0,11.0,14.0,2.0,0.0,4.0,3.0,27.4,1,1,1,1,17042,6026,4731,9917,12984,10028,20509,21342,17019,932,1,22104,4736,7179,1.0,18:34,2015,2016
2015-16,203476,Gorgui Dieng,Gorgui,1610612750,MIN,Minnesota Timberwolves,21501073,2016-03-25T00:00:00,MIN @ WAS,W,39.9,4.0,2.0,3.0,10.0,7.0,16.0,5.0,32.0,2.0,1.0,5.0,1.0,42.3,1,1,1,1,759,2460,4731,3302,1840,12242,25155,11593,3535,932,17214,24686,12373,1877,1.0,39:54,2015,2016
2015-16,2365,Chris Andersen,Chris,1610612763,MEM,Memphis Grizzlies,21501078,2016-03-25T00:00:00,MEM @ SAS,L,36.5,2.0,4.0,2.0,8.0,2.0,13.0,2.0,46.0,0.0,1.0,1.0,1.0,27.4,1,13074,13074,13074,2387,6026,1596,4675,3109,2619,23668,4025,298,8004,17214,4972,12373,7179,1.0,36:31,2015,2016
2015-16,101111,Charlie Villanueva,Charlie,1610612742,DAL,Dallas Mavericks,21501080,2016-03-25T00:00:00,DAL @ GSW,L,23.7,0.0,5.0,0.0,4.0,4.0,1.0,23.0,16.0,1.0,1.0,0.0,1.0,27.0,1,13074,13074,13074,12822,12059,995,9917,8599,6141,3393,25880,15259,2692,17214,1,12373,7385,1.0,23:42,2015,2016
2015-16,1626159,Justise Winslow,Justise,1610612748,MIA,Miami Heat,21501075,2016-03-25T00:00:00,MIA vs. ORL,W,35.4,0.0,2.0,2.0,2.0,10.0,12.0,6.0,30.0,0.0,0.0,4.0,3.0,20.1,1,1,1,1,3196,12059,4731,4675,12984,17370,22832,13388,4541,8004,1,22104,4736,11685,1.0,35:26,2015,2016
2015-16,201954,Darren Collison,Darren,1610612758,SAC,Sacramento Kings,21501079,2016-03-25T00:00:00,SAC vs. PHX,W,26.5,6.0,0.0,8.0,6.0,7.0,10.0,5.0,26.0,0.0,2.0,1.0,0.0,27.1,1,1,1,1,10488,878,10158,280,5299,12242,20509,11593,7214,8004,23588,4972,18762,7339,1.0,26:27,2015,2016
2015-16,200752,Rudy Gay,Rudy,1610612758,SAC,Sacramento Kings,21501079,2016-03-25T00:00:00,SAC vs. PHX,W,27.6,4.0,6.0,5.0,6.0,2.0,13.0,12.0,24.0,0.0,0.0,0.0,4.0,30.5,1,1,1,1,9530,2460,481,1277,5299,2619,23668,22259,8723,8004,1,1,2748,5620,1.0,27:37,2015,2016
2015-16,203552,Seth Curry,Seth,1610612758,SAC,Sacramento Kings,21501079,2016-03-25T00:00:00,SAC vs. PHX,W,26.4,3.0,2.0,5.0,4.0,6.0,15.0,17.0,16.0,1.0,0.0,1.0,2.0,20.3,1,1,1,1,10542,4307,4731,1277,8599,10028,24781,24967,15259,2692,1,4972,7786,11534,1.0,26:23,2015,2016
2015-16,203937,Kyle Anderson,Kyle,1610612759,SAS,San Antonio Spurs,21501078,2016-03-25T00:00:00,SAS vs. MEM,W,24.3,0.0,0.0,0.0,6.0,6.0,2.0,15.0,22.0,1.0,0.0,1.0,0.0,15.6,1,1,1,1,12301,12059,10158,9917,5299,10028,3734,24242,10265,2692,1,4972,18762,14916,1.0,24:18,2015,2016
2015-16,203999,Nikola Jokić,Nikola,1610612743,DEN,Denver Nuggets,21501081,2016-03-25T00:00:00,DEN @ LAL,W,21.7,2.0,2.0,0.0,8.0,2.0,4.0,7.0,16.0,0.0,0.0,3.0,0.0,27.4,1,1,1,1,14435,6026,4731,9917,3109,2619,8458,15538,15259,8004,1,17641,18762,7179,1.0,21:42,2015,2016
2015-16,203115,Will Barton,Will,1610612743,DEN,Denver Nuggets,21501081,2016-03-25T00:00:00,DEN @ LAL,W,27.6,9.0,0.0,5.0,10.0,12.0,6.0,8.0,22.0,0.0,0.0,2.0,3.0,27.0,1,1,1,1,9509,171,10158,1277,1840,20178,13237,17194,10265,8004,1,11390,4736,7385,1.0,27:38,2015,2016
2015-16,201147,Corey Brewer,Corey,1610612745,HOU,Houston Rockets,21501077,2016-03-25T00:00:00,HOU vs. TOR,W,19.6,0.0,0.0,3.0,4.0,10.0,15.0,4.0,20.0,2.0,0.0,1.0,2.0,19.9,1,1,1,1,16278,12059,10158,3302,8599,17370,24781,8806,11929,932,1,4972,7786,11824,1.0,19:33,2015,2016
2015-16,203268,Jorge Gutierrez,Jorge,1610612766,CHA,Charlotte Hornets,21501074,2016-03-25T00:00:00,CHA @ DET,L,5.4,3.0,0.0,0.0,2.0,0.0,0.0,1.0,0.0,0.0,0.0,1.0,3.0,12.0,1,13074,13074,13074,24217,4307,10158,9917,12984,1,1,3646,25429,8004,1,4972,4736,17703,1.0,5:23,2015,2016
2015-16,203098,John Jenkins,John,1610612756,PHX,Phoenix Suns,21501079,2016-03-25T00:00:00,PHX @ SAC,L,28.9,3.0,3.0,3.0,0.0,14.0,10.0,22.0,36.0,0.0,1.0,0.0,0.0,20.6,1,13074,13074,13074,8463,4307,3104,3302,18861,22292,20509,25811,1943,8004,17214,1,18762,11314,1.0,28:53,2015,2016
2015-16,2772,Trevor Ariza,Trevor,1610612745,HOU,Houston Rockets,21501077,2016-03-25T00:00:00,HOU vs. TOR,W,36.8,0.0,0.0,3.0,0.0,16.0,18.0,4.0,36.0,1.0,1.0,1.0,1.0,15.3,1,1,1,1,2204,12059,10158,3302,18861,23774,25634,8806,1943,2692,17214,4972,12373,15150,1.0,36:49,2015,2016
2015-16,203458,Alex Len,Alex,1610612756,PHX,Phoenix Suns,21501079,2016-03-25T00:00:00,PHX @ SAC,L,25.4,4.0,0.0,0.0,6.0,15.0,12.0,12.0,26.0,1.0,2.0,4.0,6.0,26.4,1,13074,13074,13074,11346,2460,10158,9917,5299,23079,22832,22259,7214,2692,23588,22104,873,7672,1.0,25:26,2015,2016
2015-16,201978,Chase Budinger,Chase,1610612756,PHX,Phoenix Suns,21501079,2016-03-25T00:00:00,PHX @ SAC,L,24.2,2.0,6.0,0.0,4.0,9.0,6.0,11.0,30.0,0.0,0.0,3.0,1.0,15.3,1,13074,13074,13074,12411,6026,481,9917,8599,15771,13237,21342,4541,8004,1,17641,12373,15150,1.0,24:10,2015,2016
2015-16,202704,Reggie Jackson,Reggie,1610612765,DET,Detroit Pistons,21501074,2016-03-25T00:00:00,DET vs. CHA,W,28.6,2.0,2.0,2.0,8.0,8.0,6.0,12.0,20.0,0.0,1.0,4.0,3.0,30.7,1,1,1,1,8699,6026,4731,4675,3109,13914,13237,22259,11929,8004,17214,22104,4736,5539,1.0,28:38,2015,2016
2015-16,201977,Marcus Thornton,Marcus,1610612764,WAS,Washington Wizards,21501073,2016-03-25T00:00:00,WAS vs. MIN,L,13.7,2.0,0.0,2.0,2.0,4.0,2.0,6.0,18.0,0.0,0.0,0.0,1.0,11.7,1,13074,13074,13074,20580,6026,10158,4675,12984,6141,3734,13388,13577,8004,1,1,12373,17903,1.0,13:43,2015,2016
2015-16,203492,Ray McCallum,Ray,1610612763,MEM,Memphis Grizzlies,21501078,2016-03-25T00:00:00,MEM @ SAS,L,20.7,2.0,0.0,0.0,2.0,7.0,2.0,3.0,16.0,0.0,1.0,0.0,0.0,15.3,1,13074,13074,13074,15327,6026,10158,9917,12984,12242,3734,7328,15259,8004,17214,1,18762,15150,1.0,20:41,2015,2016
2015-16,2225,Tony Parker,Tony,1610612759,SAS,San Antonio Spurs,21501078,2016-03-25T00:00:00,SAS vs. MEM,W,33.3,0.0,0.0,0.0,8.0,6.0,4.0,16.0,34.0,1.0,1.0,1.0,3.0,26.1,1,1,1,1,4862,12059,10158,9917,3109,10028,8458,24641,2701,2692,17214,4972,4736,7836,1.0,33:20,2015,2016
2015-16,2585,Zaza Pachulia,Zaza,1610612742,DAL,Dallas Mavericks,21501080,2016-03-25T00:00:00,DAL @ GSW,L,25.3,0.0,4.0,0.0,8.0,6.0,6.0,23.0,16.0,0.0,1.0,2.0,1.0,30.1,1,13074,13074,13074,11457,12059,1596,9917,3109,10028,13237,25880,15259,8004,17214,11390,12373,5794,1.0,25:17,2015,2016
2015-16,200826,J.J. Barea,J.J.,1610612742,DAL,Dallas Mavericks,21501080,2016-03-25T00:00:00,DAL @ GSW,L,32.1,0.0,0.0,0.0,6.0,14.0,12.0,34.0,28.0,0.0,0.0,2.0,1.0,31.6,1,13074,13074,13074,5830,12059,10158,9917,5299,22292,22832,26076,5824,8004,1,11390,12373,5130,1.0,32:04,2015,2016
2015-16,1938,Manu Ginobili,Manu,1610612759,SAS,San Antonio Spurs,21501078,2016-03-25T00:00:00,SAS vs. MEM,W,24.1,2.0,0.0,0.0,0.0,10.0,2.0,16.0,20.0,0.0,0.0,0.0,1.0,20.5,1,1,1,1,12453,6026,10158,9917,18861,17370,3734,24641,11929,8004,1,1,12373,11401,1.0,24:06,2015,2016
2015-16,202391,Jeremy Lin,Jeremy,1610612766,CHA,Charlotte Hornets,21501074,2016-03-25T00:00:00,CHA @ DET,L,23.2,0.0,0.0,0.0,2.0,8.0,8.0,10.0,26.0,1.0,2.0,1.0,1.0,12.1,1,13074,13074,13074,13244,12059,10158,9917,12984,13914,17345,20169,7214,2692,23588,4972,12373,17639,1.0,23:09,2015,2016
2015-16,2744,Al Jefferson,Al,1610612766,CHA,Charlotte Hornets,21501074,2016-03-25T00:00:00,CHA @ DET,L,19.6,0.0,4.0,0.0,8.0,4.0,8.0,10.0,24.0,0.0,1.0,4.0,0.0,19.9,1,13074,13074,13074,16263,12059,1596,9917,3109,6141,17345,20169,8723,8004,17214,22104,18762,11824,1.0,19:34,2015,2016
2015-16,101107,Marvin Williams,Marvin,1610612766,CHA,Charlotte Hornets,21501074,2016-03-25T00:00:00,CHA @ DET,L,22.1,0.0,0.0,2.0,0.0,6.0,15.0,7.0,28.0,0.0,0.0,0.0,2.0,12.4,1,13074,13074,13074,14099,12059,10158,4675,18861,10028,24781,15538,5824,8004,1,1,7786,17418,1.0,22:05,2015,2016
2015-16,2760,Anderson Varejao,Anderson,1610612744,GSW,Golden State Warriors,21501080,2016-03-25T00:00:00,GSW vs. DAL,W,10.0,0.0,0.0,0.0,0.0,2.0,2.0,1.0,6.0,2.0,0.0,1.0,1.0,11.9,1,1,1,1,22429,12059,10158,9917,18861,2619,3734,3646,22724,932,1,4972,12373,17760,1.0,10:01,2015,2016
2015-16,201976,Patrick Beverley,Patrick,1610612745,HOU,Houston Rockets,21501077,2016-03-25T00:00:00,HOU vs. TOR,W,36.4,0.0,3.0,0.0,2.0,15.0,22.0,6.0,38.0,2.0,1.0,3.0,1.0,33.3,1,1,1,1,2485,12059,3104,9917,12984,23079,25991,13388,1422,932,17214,17641,12373,4423,1.0,36:23,2015,2016
2015-16,202689,Kemba Walker,Kemba,1610612766,CHA,Charlotte Hornets,21501074,2016-03-25T00:00:00,CHA @ DET,L,29.9,4.0,0.0,6.0,4.0,8.0,19.0,13.0,36.0,0.0,2.0,1.0,3.0,38.9,1,13074,13074,13074,7636,2460,10158,740,8599,13914,25786,23048,1943,8004,23588,4972,4736,2667,1.0,29:53,2015,2016
2015-16,201143,Al Horford,Al,1610612737,ATL,Atlanta Hawks,21501076,2016-03-25T00:00:00,ATL vs. MIL,W,31.3,0.0,0.0,4.0,12.0,10.0,11.0,10.0,24.0,2.0,0.0,1.0,1.0,39.1,1,1,1,1,6452,12059,10158,1913,988,17370,21814,20169,8723,932,1,4972,12373,2616,1.0,31:20,2015,2016
2015-16,203089,John Henson,John,1610612749,MIL,Milwaukee Bucks,21501076,2016-03-25T00:00:00,MIL @ ATL,L,25.6,0.0,4.0,0.0,14.0,13.0,9.0,13.0,22.0,3.0,0.0,1.0,3.0,37.5,1,13074,13074,13074,11252,12059,1596,9917,542,21300,19144,23048,10265,347,1,4972,4736,3050,1.0,25:33,2015,2016
2015-16,2730,Dwight Howard,Dwight,1610612745,HOU,Houston Rockets,21501077,2016-03-25T00:00:00,HOU vs. TOR,W,23.4,0.0,0.0,0.0,2.0,10.0,14.0,4.0,20.0,2.0,0.0,6.0,4.0,13.5,1,1,1,1,13049,12059,10158,9917,12984,17370,24300,8806,11929,932,1,25827,2748,16552,1.0,23:24,2015,2016
2015-16,203960,JaKarr Sampson,JaKarr,1610612743,DEN,Denver Nuggets,21501081,2016-03-25T00:00:00,DEN @ LAL,W,22.0,0.0,0.0,4.0,6.0,5.0,4.0,7.0,20.0,2.0,0.0,2.0,1.0,22.1,1,1,1,1,14199,12059,10158,1913,5299,8403,8458,15538,11929,932,1,11390,12373,10332,1.0,21:58,2015,2016
2015-16,1626210,Alan Williams,Alan,1610612756,PHX,Phoenix Suns,21501079,2016-03-25T00:00:00,PHX @ SAC,L,11.1,0.0,2.0,0.0,4.0,4.0,9.0,4.0,16.0,0.0,0.0,4.0,3.0,14.0,1,13074,13074,13074,22005,12059,4731,9917,8599,6141,19144,8806,15259,8004,1,22104,4736,16166,1.0,11:03,2015,2016
2015-16,201573,Jerryd Bayless,Jerryd,1610612749,MIL,Milwaukee Bucks,21501076,2016-03-25T00:00:00,MIL @ ATL,L,31.3,3.0,3.0,5.0,2.0,9.0,13.0,11.0,38.0,2.0,0.0,3.0,2.0,32.3,1,13074,13074,13074,6498,4307,3104,1277,12984,15771,23668,21342,1422,932,1,17641,7786,4807,1.0,31:16,2015,2016
2015-16,201956,Omri Casspi,Omri,1610612758,SAC,Sacramento Kings,21501079,2016-03-25T00:00:00,SAC vs. PHX,W,29.8,0.0,2.0,2.0,2.0,13.0,12.0,7.0,26.0,0.0,0.0,2.0,3.0,22.1,1,1,1,1,7691,12059,4731,4675,12984,21300,22832,15538,7214,8004,1,11390,4736,10332,1.0,29:50,2015,2016
2015-16,201571,D.J. Augustin,D.J.,1610612743,DEN,Denver Nuggets,21501081,2016-03-25T00:00:00,DEN @ LAL,W,26.9,3.0,0.0,3.0,2.0,12.0,6.0,8.0,22.0,0.0,1.0,2.0,4.0,37.6,1,1,1,1,10141,4307,10158,3302,12984,20178,13237,17194,10265,8004,17214,11390,2748,3018,1.0,26:51,2015,2016
2015-16,2736,Luol Deng,Luol,1610612748,MIA,Miami Heat,21501075,2016-03-25T00:00:00,MIA vs. ORL,W,34.6,2.0,2.0,2.0,6.0,6.0,11.0,6.0,28.0,1.0,0.0,0.0,2.0,39.1,1,1,1,1,3890,6026,4731,4675,5299,10028,21814,13388,5824,2692,1,1,7786,2616,1.0,34:34,2015,2016
2015-16,101135,David Lee,David,1610612742,DAL,Dallas Mavericks,21501080,2016-03-25T00:00:00,DAL @ GSW,L,23.8,2.0,5.0,0.0,8.0,10.0,7.0,26.0,22.0,0.0,2.0,3.0,4.0,32.8,1,13074,13074,13074,12778,6026,995,9917,3109,17370,15642,26007,10265,8004,23588,17641,2748,4609,1.0,23:45,2015,2016
2015-16,202362,Lance Stephenson,Lance,1610612763,MEM,Memphis Grizzlies,21501078,2016-03-25T00:00:00,MEM @ SAS,L,27.5,0.0,0.0,2.0,6.0,7.0,6.0,3.0,24.0,0.0,2.0,4.0,2.0,31.7,1,13074,13074,13074,9578,12059,10158,4675,5299,12242,13237,7328,8723,8004,23588,22104,7786,5088,1.0,27:32,2015,2016
2015-16,203087,Jeremy Lamb,Jeremy,1610612766,CHA,Charlotte Hornets,21501074,2016-03-25T00:00:00,CHA @ DET,L,22.2,3.0,0.0,2.0,2.0,2.0,6.0,7.0,18.0,0.0,1.0,3.0,4.0,27.5,1,13074,13074,13074,14051,4307,10158,4675,12984,2619,13237,15538,13577,8004,17214,17641,2748,7137,1.0,22:09,2015,2016
2015-16,200782,P.J. Tucker,P.J.,1610612756,PHX,Phoenix Suns,21501079,2016-03-25T00:00:00,PHX @ SAC,L,27.5,0.0,2.0,0.0,4.0,21.0,15.0,17.0,32.0,0.0,1.0,2.0,0.0,17.1,1,13074,13074,13074,9629,12059,4731,9917,8599,25535,24781,24967,3535,8004,17214,11390,18762,13791,1.0,27:28,2015,2016
2015-16,1626204,Larry Nance Jr.,Larry,1610612747,LAL,Los Angeles Lakers,21501081,2016-03-25T00:00:00,LAL vs. DEN,L,19.6,0.0,0.0,0.0,4.0,5.0,7.0,8.0,28.0,1.0,0.0,3.0,2.0,13.6,1,13074,13074,13074,16278,12059,10158,9917,8599,8403,15642,17194,5824,2692,1,17641,7786,16460,1.0,19:33,2015,2016
2015-16,201943,Brandon Jennings,Brandon,1610612753,ORL,Orlando Magic,21501075,2016-03-25T00:00:00,ORL @ MIA,L,16.6,0.0,0.0,0.0,0.0,6.0,11.0,6.0,26.0,0.0,0.0,0.0,2.0,17.1,1,13074,13074,13074,18576,12059,10158,9917,18861,10028,21814,13388,7214,8004,1,1,7786,13791,1.0,16:36,2015,2016
2015-16,977,Kobe Bryant,Kobe,1610612747,LAL,Los Angeles Lakers,21501081,2016-03-25T00:00:00,LAL vs. DEN,L,28.7,5.0,2.0,2.0,8.0,11.0,10.0,7.0,38.0,0.0,0.0,2.0,4.0,31.8,1,13074,13074,13074,8647,1603,4731,4675,3109,18886,20509,15538,1422,8004,1,11390,2748,5041,1.0,28:42,2015,2016
2015-16,2440,Matt Barnes,Matt,1610612763,MEM,Memphis Grizzlies,21501078,2016-03-25T00:00:00,MEM @ SAS,L,35.2,0.0,2.0,5.0,6.0,0.0,11.0,2.0,40.0,1.0,0.0,4.0,1.0,27.7,1,13074,13074,13074,3430,12059,4731,1277,5299,1,21814,4025,983,2692,1,22104,12373,7008,1.0,35:09,2015,2016
2015-16,201162,Jared Dudley,Jared,1610612764,WAS,Washington Wizards,21501073,2016-03-25T00:00:00,WAS vs. MIN,L,31.1,2.0,0.0,0.0,0.0,12.0,4.0,13.0,36.0,0.0,0.0,2.0,1.0,22.6,1,13074,13074,13074,6649,6026,10158,9917,18861,20178,8458,23048,1943,8004,1,11390,12373,10000,1.0,31:05,2015,2016
2015-16,1626164,Devin Booker,Devin,1610612756,PHX,Phoenix Suns,21501079,2016-03-25T00:00:00,PHX @ SAC,L,34.1,4.0,0.0,9.0,12.0,22.0,17.0,21.0,42.0,1.0,1.0,3.0,7.0,38.0,1,13074,13074,13074,4295,2460,10158,184,988,25683,25429,25725,670,2692,17214,17641,469,2903,1.0,34:04,2015,2016
2015-16,201589,Darrell Arthur,Darrell,1610612743,DEN,Denver Nuggets,21501081,2016-03-25T00:00:00,DEN @ LAL,W,23.5,0.0,2.0,0.0,2.0,2.0,4.0,7.0,18.0,2.0,1.0,1.0,1.0,17.1,1,1,1,1,12992,12059,4731,9917,12984,2619,8458,15538,13577,932,17214,4972,12373,13791,1.0,23:28,2015,2016
2015-16,202328,Greg Monroe,Greg,1610612749,MIL,Milwaukee Bucks,21501076,2016-03-25T00:00:00,MIL @ ATL,L,24.4,0.0,0.0,0.0,4.0,6.0,13.0,9.0,38.0,0.0,1.0,2.0,3.0,14.1,1,13074,13074,13074,12221,12059,10158,9917,8599,10028,23668,18829,1422,8004,17214,11390,4736,16094,1.0,24:23,2015,2016
2015-16,203078,Bradley Beal,Bradley,1610612764,WAS,Washington Wizards,21501073,2016-03-25T00:00:00,WAS vs. MIN,L,46.0,0.0,2.0,0.0,8.0,25.0,6.0,13.0,40.0,0.0,0.0,2.0,3.0,39.3,1,13074,13074,13074,59,12059,4731,9917,3109,25944,13237,23048,983,8004,1,11390,4736,2563,1.0,45:59,2015,2016
2015-16,203114,Khris Middleton,Khris,1610612749,MIL,Milwaukee Bucks,21501076,2016-03-25T00:00:00,MIL @ ATL,L,36.3,4.0,0.0,2.0,2.0,13.0,17.0,11.0,42.0,1.0,0.0,0.0,2.0,21.8,1,13074,13074,13074,2534,2460,10158,4675,12984,21300,25429,21342,670,2692,1,1,7786,10526,1.0,36:19,2015,2016
2015-16,1626145,Tyus Jones,Tyus,1610612750,MIN,Minnesota Timberwolves,21501073,2016-03-25T00:00:00,MIN @ WAS,W,13.5,0.0,0.0,2.0,4.0,4.0,0.0,10.0,10.0,0.0,0.0,2.0,3.0,22.0,1,1,1,1,20693,12059,10158,4675,8599,6141,1,20169,20209,8004,1,11390,4736,10388,1.0,13:31,2015,2016
2015-16,101109,Raymond Felton,Raymond,1610612742,DAL,Dallas Mavericks,21501080,2016-03-25T00:00:00,DAL @ GSW,L,38.0,4.0,4.0,0.0,4.0,8.0,8.0,39.0,30.0,1.0,2.0,3.0,2.0,32.5,1,13074,13074,13074,1496,2460,1596,9917,8599,13914,17345,26078,4541,2692,23588,17641,7786,4726,1.0,38:01,2015,2016
2015-16,2405,Amar'e Stoudemire,Amar'e,1610612748,MIA,Miami Heat,21501075,2016-03-25T00:00:00,MIA vs. ORL,W,16.1,2.0,4.0,0.0,12.0,6.0,7.0,4.0,18.0,0.0,0.0,3.0,2.0,22.0,1,1,1,1,18988,6026,1596,9917,988,10028,15642,8806,13577,8004,1,17641,7786,10388,1.0,16:04,2015,2016
2015-16,203210,JaMychal Green,JaMychal,1610612763,MEM,Memphis Grizzlies,21501078,2016-03-25T00:00:00,MEM @ SAS,L,25.2,4.0,0.0,6.0,10.0,0.0,9.0,2.0,38.0,2.0,0.0,2.0,0.0,31.9,1,13074,13074,13074,11528,2460,10158,740,1840,1,19144,4025,1422,932,1,11390,18762,4984,1.0,25:12,2015,2016
2015-16,203145,Kent Bazemore,Kent,1610612737,ATL,Atlanta Hawks,21501076,2016-03-25T00:00:00,ATL vs. MIL,W,23.4,0.0,4.0,1.0,8.0,6.0,8.0,11.0,24.0,0.0,1.0,1.0,2.0,17.3,1,1,1,1,13072,12059,1596,9347,3109,10028,17345,21342,8723,8004,17214,4972,7786,13671,1.0,23:21,2015,2016
2015-16,201937,Ricky Rubio,Ricky,1610612750,MIN,Minnesota Timberwolves,21501073,2016-03-25T00:00:00,MIN @ WAS,W,44.5,5.0,0.0,0.0,0.0,9.0,16.0,7.0,36.0,0.0,0.0,5.0,4.0,32.5,1,1,1,1,102,1603,10158,9917,18861,15771,25155,15538,1943,8004,1,24686,2748,4726,1.0,44:28,2015,2016
2015-16,201229,Anthony Tolliver,Anthony,1610612765,DET,Detroit Pistons,21501074,2016-03-25T00:00:00,DET vs. CHA,W,20.4,0.0,0.0,0.0,2.0,10.0,1.0,6.0,14.0,1.0,0.0,0.0,0.0,22.6,1,1,1,1,15600,12059,10158,9917,12984,17370,3393,13388,17019,2692,1,1,18762,10000,1.0,20:21,2015,2016
2015-16,203084,Harrison Barnes,Harrison,1610612744,GSW,Golden State Warriors,21501080,2016-03-25T00:00:00,GSW vs. DAL,W,34.0,2.0,0.0,2.0,6.0,9.0,17.0,0.0,22.0,0.0,2.0,3.0,0.0,22.4,1,1,1,1,4362,6026,10158,4675,5299,15771,25429,1,10265,8004,23588,17641,18762,10131,1.0,33:59,2015,2016
2015-16,2755,Kevin Martin,Kevin,1610612759,SAS,San Antonio Spurs,21501078,2016-03-25T00:00:00,SAS vs. MEM,W,33.5,0.0,3.0,0.0,0.0,10.0,4.0,16.0,32.0,0.0,2.0,3.0,1.0,17.6,1,1,1,1,4740,12059,3104,9917,18861,17370,8458,24641,3535,8004,23588,17641,12373,13443,1.0,33:30,2015,2016
2015-16,203484,Kentavious Caldwell-Pope,Kentavious,1610612765,DET,Detroit Pistons,21501074,2016-03-25T00:00:00,DET vs. CHA,W,36.6,2.0,4.0,9.0,8.0,11.0,9.0,12.0,26.0,0.0,1.0,1.0,4.0,39.4,1,1,1,1,2347,6026,1596,184,3109,18886,19144,22259,7214,8004,17214,4972,2748,2530,1.0,36:35,2015,2016
2015-16,200770,Jordan Farmar,Jordan,1610612763,MEM,Memphis Grizzlies,21501078,2016-03-25T00:00:00,MEM @ SAS,L,23.4,0.0,0.0,7.0,4.0,0.0,11.0,2.0,34.0,0.0,0.0,2.0,1.0,27.9,1,13074,13074,13074,13077,12059,10158,454,8599,1,21814,4025,2701,8004,1,11390,12373,6914,1.0,23:21,2015,2016
2015-16,1626209,Mario Hezonja,Mario,1610612753,ORL,Orlando Magic,21501075,2016-03-25T00:00:00,ORL @ MIA,L,36.7,2.0,0.0,2.0,4.0,10.0,11.0,10.0,50.0,0.0,0.0,3.0,0.0,17.1,1,13074,13074,13074,2297,6026,10158,4675,8599,17370,21814,20169,107,8004,1,17641,18762,13791,1.0,36:41,2015,2016
2015-16,1626273,Marcelo Huertas,Marcelo,1610612747,LAL,Los Angeles Lakers,21501081,2016-03-25T00:00:00,LAL vs. DEN,L,18.7,2.0,0.0,0.0,0.0,5.0,7.0,8.0,24.0,0.0,0.0,1.0,1.0,8.5,1,13074,13074,13074,16946,6026,10158,9917,18861,8403,15642,17194,8723,8004,1,4972,12373,20215,1.0,18:42,2015,2016
2015-16,1897,Metta World Peace,Metta,1610612747,LAL,Los Angeles Lakers,21501081,2016-03-25T00:00:00,LAL vs. DEN,L,14.1,0.0,2.0,0.0,2.0,5.0,8.0,8.0,14.0,0.0,0.0,1.0,3.0,16.6,1,13074,13074,13074,20337,12059,4731,9917,12984,8403,17345,17194,17019,8004,1,4972,4736,14125,1.0,14:07,2015,2016
2015-16,203939,Dwight Powell,Dwight,1610612742,DAL,Dallas Mavericks,21501080,2016-03-25T00:00:00,DAL @ GSW,L,23.6,0.0,0.0,1.0,0.0,5.0,9.0,17.0,12.0,0.0,2.0,4.0,2.0,18.4,1,13074,13074,13074,12908,12059,10158,9347,18861,8403,19144,24967,18637,8004,23588,22104,7786,12854,1.0,23:35,2015,2016
2015-16,202335,Patrick Patterson,Patrick,1610612761,TOR,Toronto Raptors,21501077,2016-03-25T00:00:00,TOR @ HOU,L,20.1,5.0,4.0,0.0,10.0,7.0,4.0,8.0,16.0,0.0,0.0,1.0,1.0,16.1,1,13074,13074,13074,15816,1603,1596,9917,1840,12242,8458,17194,15259,8004,1,4972,12373,14515,1.0,20:07,2015,2016
2015-16,202687,Bismack Biyombo,Bismack,1610612761,TOR,Toronto Raptors,21501077,2016-03-25T00:00:00,TOR @ HOU,L,18.1,0.0,0.0,2.0,4.0,7.0,4.0,7.0,18.0,2.0,1.0,2.0,1.0,21.3,1,13074,13074,13074,17401,12059,10158,4675,8599,12242,8458,15538,13577,932,17214,11390,12373,10880,1.0,18:08,2015,2016
2015-16,201579,Roy Hibbert,Roy,1610612747,LAL,Los Angeles Lakers,21501081,2016-03-25T00:00:00,LAL vs. DEN,L,20.5,0.0,2.0,0.0,0.0,11.0,8.0,7.0,26.0,0.0,1.0,4.0,2.0,12.5,1,13074,13074,13074,15449,12059,4731,9917,18861,18886,17345,15538,7214,8004,17214,22104,7786,17372,1.0,20:32,2015,2016
2015-16,1626185,Jarell Martin,Jarell,1610612763,MEM,Memphis Grizzlies,21501078,2016-03-25T00:00:00,MEM @ SAS,L,15.7,2.0,0.0,0.0,0.0,5.0,2.0,3.0,14.0,0.0,0.0,1.0,1.0,8.4,1,13074,13074,13074,19265,6026,10158,9917,18861,8403,3734,7328,17019,8004,1,4972,12373,20273,1.0,15:42,2015,2016
2015-16,2743,Kris Humphries,Kris,1610612737,ATL,Atlanta Hawks,21501076,2016-03-25T00:00:00,ATL vs. MIL,W,18.0,2.0,2.0,0.0,0.0,2.0,7.0,5.0,18.0,0.0,1.0,3.0,2.0,16.3,1,1,1,1,17553,6026,4731,9917,18861,2619,15642,11593,13577,8004,17214,17641,7786,14372,1.0,17:57,2015,2016
2015-16,201158,Marco Belinelli,Marco,1610612758,SAC,Sacramento Kings,21501079,2016-03-25T00:00:00,SAC vs. PHX,W,10.2,0.0,0.0,0.0,0.0,2.0,2.0,0.0,14.0,0.0,0.0,0.0,1.0,3.0,1,1,1,1,22353,12059,10158,9917,18861,2619,3734,1,17019,8004,1,1,12373,23648,1.0,10:11,2015,2016
2015-16,203546,Ian Clark,Ian,1610612744,GSW,Golden State Warriors,21501080,2016-03-25T00:00:00,GSW vs. DAL,W,2.5,3.0,0.0,0.0,0.0,2.0,3.0,0.0,2.0,0.0,0.0,1.0,0.0,3.0,1,1,1,1,25350,4307,10158,9917,18861,2619,7138,1,24614,8004,1,4972,18762,23648,1.0,2:27,2015,2016
2015-16,203530,Joffrey Lauvergne,Joffrey,1610612743,DEN,Denver Nuggets,21501081,2016-03-25T00:00:00,DEN @ LAL,W,24.5,0.0,5.0,0.0,8.0,12.0,6.0,8.0,24.0,0.0,1.0,3.0,1.0,21.0,1,1,1,1,12083,12059,995,9917,3109,20178,13237,17194,8723,8004,17214,17641,12373,11077,1.0,24:32,2015,2016
2015-16,201160,Jason Smith,Jason,1610612753,ORL,Orlando Magic,21501075,2016-03-25T00:00:00,ORL @ MIA,L,11.4,2.0,0.0,0.0,0.0,0.0,4.0,0.0,16.0,1.0,2.0,2.0,1.0,16.4,1,13074,13074,13074,21866,6026,10158,9917,18861,1,8458,1,15259,2692,23588,11390,12373,14289,1.0,11:25,2015,2016
2015-16,1626196,Josh Richardson,Josh,1610612748,MIA,Miami Heat,21501075,2016-03-25T00:00:00,MIA vs. ORL,W,33.0,0.0,0.0,0.0,2.0,8.0,10.0,4.0,28.0,0.0,0.0,3.0,1.0,18.4,1,1,1,1,5136,12059,10158,9917,12984,13914,20509,8806,5824,8004,1,17641,12373,12854,1.0,32:59,2015,2016
2015-16,203099,Jared Cunningham,Jared,1610612749,MIL,Milwaukee Bucks,21501076,2016-03-25T00:00:00,MIL @ ATL,L,15.0,3.0,0.0,0.0,0.0,8.0,7.0,11.0,20.0,0.0,2.0,1.0,2.0,7.8,1,13074,13074,13074,19742,4307,10158,9917,18861,13914,15642,21342,11929,8004,23588,4972,7786,20696,1.0,15:01,2015,2016
2015-16,203613,Jonathon Simmons,Jonathon,1610612759,SAS,San Antonio Spurs,21501078,2016-03-25T00:00:00,SAS vs. MEM,W,19.6,0.0,2.0,0.0,2.0,4.0,4.0,18.0,18.0,0.0,1.0,1.0,3.0,13.1,1,1,1,1,16228,12059,4731,9917,12984,6141,8458,25228,13577,8004,17214,4972,4736,16874,1.0,19:36,2015,2016
2015-16,201196,Ramon Sessions,Ramon,1610612764,WAS,Washington Wizards,21501073,2016-03-25T00:00:00,WAS vs. MIN,L,9.3,2.0,0.0,4.0,6.0,8.0,0.0,6.0,16.0,0.0,0.0,2.0,0.0,8.0,1,13074,13074,13074,22715,6026,10158,1913,5299,13914,1,13388,15259,8004,1,11390,18762,20564,1.0,9:18,2015,2016
2015-16,203471,Dennis Schröder,Dennis,1610612737,ATL,Atlanta Hawks,21501076,2016-03-25T00:00:00,ATL vs. MIL,W,14.3,2.0,3.0,2.0,6.0,0.0,4.0,3.0,10.0,0.0,2.0,5.0,3.0,16.5,1,1,1,1,20247,6026,3104,4675,5299,1,8458,7328,20209,8004,23588,24686,4736,14224,1.0,14:16,2015,2016
2015-16,2733,Shaun Livingston,Shaun,1610612744,GSW,Golden State Warriors,21501080,2016-03-25T00:00:00,GSW vs. DAL,W,21.3,2.0,0.0,4.0,4.0,5.0,13.0,1.0,16.0,1.0,0.0,2.0,0.0,16.4,1,1,1,1,14763,6026,10158,1913,8599,8403,23668,3646,15259,2692,1,11390,18762,14289,1.0,21:19,2015,2016
2015-16,203473,Dewayne Dedmon,Dewayne,1610612753,ORL,Orlando Magic,21501075,2016-03-25T00:00:00,ORL @ MIA,L,18.0,0.0,5.0,0.0,6.0,6.0,4.0,6.0,26.0,0.0,0.0,3.0,4.0,20.7,1,13074,13074,13074,17499,12059,995,9917,5299,10028,8458,13388,7214,8004,1,17641,2748,11252,1.0,18:01,2015,2016
2015-16,203906,Devyn Marble,Devyn,1610612753,ORL,Orlando Magic,21501075,2016-03-25T00:00:00,ORL @ MIA,L,13.5,0.0,0.0,0.0,0.0,6.0,8.0,6.0,16.0,0.0,1.0,3.0,0.0,7.5,1,13074,13074,13074,20708,12059,10158,9917,18861,10028,17345,13388,15259,8004,17214,17641,18762,20874,1.0,13:29,2015,2016
2015-16,101123,Gerald Green,Gerald,1610612748,MIA,Miami Heat,21501075,2016-03-25T00:00:00,MIA vs. ORL,W,2.0,0.0,0.0,0.0,0.0,2.0,2.0,0.0,2.0,0.0,0.0,1.0,0.0,3.0,1,1,1,1,25529,12059,10158,9917,18861,2619,3734,1,24614,8004,1,4972,18762,23648,1.0,1:58,2015,2016
2015-16,101179,Ronnie Price,Ronnie,1610612756,PHX,Phoenix Suns,21501079,2016-03-25T00:00:00,PHX @ SAC,L,22.7,0.0,0.0,2.0,2.0,12.0,7.0,13.0,28.0,0.0,1.0,2.0,3.0,18.1,1,13074,13074,13074,13587,12059,10158,4675,12984,20178,15642,23048,5824,8004,17214,11390,4736,13090,1.0,22:44,2015,2016
2015-16,1626257,Salah Mejri,Salah,1610612742,DAL,Dallas Mavericks,21501080,2016-03-25T00:00:00,DAL @ GSW,L,16.0,0.0,0.0,0.0,0.0,5.0,4.0,20.0,16.0,2.0,1.0,2.0,1.0,13.1,1,13074,13074,13074,19060,12059,10158,9917,18861,8403,8458,25599,15259,932,17214,11390,12373,16874,1.0,15:58,2015,2016
2015-16,1626169,Stanley Johnson,Stanley,1610612765,DET,Detroit Pistons,21501074,2016-03-25T00:00:00,DET vs. CHA,W,22.0,0.0,0.0,0.0,0.0,5.0,4.0,3.0,14.0,0.0,0.0,4.0,0.0,8.3,1,1,1,1,14154,12059,10158,9917,18861,8403,8458,7328,17019,8004,1,22104,18762,20376,1.0,22:01,2015,2016
2015-16,203469,Cody Zeller,Cody,1610612766,CHA,Charlotte Hornets,21501074,2016-03-25T00:00:00,CHA @ DET,L,20.7,0.0,4.0,2.0,8.0,8.0,15.0,7.0,26.0,1.0,0.0,3.0,0.0,18.2,1,13074,13074,13074,15290,12059,1596,4675,3109,13914,24781,15538,7214,2692,1,17641,18762,13004,1.0,20:44,2015,2016
2015-16,201584,Courtney Lee,Courtney,1610612766,CHA,Charlotte Hornets,21501074,2016-03-25T00:00:00,CHA @ DET,L,27.6,0.0,0.0,0.0,0.0,8.0,17.0,13.0,34.0,0.0,0.0,1.0,2.0,12.7,1,13074,13074,13074,9560,12059,10158,9917,18861,13914,25429,23048,2701,8004,1,4972,7786,17201,1.0,27:34,2015,2016
2015-16,201575,Brandon Rush,Brandon,1610612744,GSW,Golden State Warriors,21501080,2016-03-25T00:00:00,GSW vs. DAL,W,15.9,0.0,0.0,0.0,0.0,2.0,6.0,0.0,6.0,1.0,0.0,0.0,0.0,8.1,1,1,1,1,19118,12059,10158,9917,18861,2619,13237,1,22724,2692,1,1,18762,20521,1.0,15:54,2015,2016
2015-16,2581,Steve Blake,Steve,1610612765,DET,Detroit Pistons,21501074,2016-03-25T00:00:00,DET vs. CHA,W,19.4,0.0,0.0,0.0,0.0,8.0,3.0,3.0,12.0,1.0,0.0,0.0,1.0,12.7,1,1,1,1,16409,12059,10158,9917,18861,13914,7138,7328,18637,2692,1,1,12373,17201,1.0,19:22,2015,2016
2015-16,203932,Aaron Gordon,Aaron,1610612753,ORL,Orlando Magic,21501075,2016-03-25T00:00:00,ORL @ MIA,L,34.7,0.0,4.0,0.0,4.0,4.0,7.0,6.0,38.0,0.0,1.0,2.0,1.0,13.2,1,13074,13074,13074,3778,12059,1596,9917,8599,6141,15642,13388,1422,8004,17214,11390,12373,16768,1.0,34:42,2015,2016
2015-16,202700,Donatas Motiejunas,Donatas,1610612745,HOU,Houston Rockets,21501077,2016-03-25T00:00:00,HOU vs. TOR,W,15.0,2.0,0.0,0.0,8.0,5.0,4.0,2.0,12.0,0.0,0.0,0.0,3.0,16.1,1,1,1,1,19763,6026,10158,9917,3109,8403,8458,4025,18637,8004,1,1,4736,14515,1.0,14:59,2015,2016
2015-16,201150,Spencer Hawes,Spencer,1610612766,CHA,Charlotte Hornets,21501074,2016-03-25T00:00:00,CHA @ DET,L,9.3,2.0,0.0,3.0,2.0,0.0,0.0,1.0,2.0,0.0,0.0,0.0,2.0,12.8,1,13074,13074,13074,22692,6026,10158,3302,12984,1,1,3646,24614,8004,1,1,7786,17129,1.0,9:20,2015,2016
2015-16,202357,Nemanja Bjelica,Nemanja,1610612750,MIN,Minnesota Timberwolves,21501073,2016-03-25T00:00:00,MIN @ WAS,W,13.2,2.0,0.0,0.0,8.0,6.0,0.0,12.0,12.0,0.0,0.0,1.0,1.0,16.6,1,1,1,1,20852,6026,10158,9917,3109,10028,1,22259,18637,8004,1,4972,12373,14125,1.0,13:14,2015,2016
2015-16,1626181,Norman Powell,Norman,1610612761,TOR,Toronto Raptors,21501077,2016-03-25T00:00:00,TOR @ HOU,L,39.0,2.0,0.0,0.0,4.0,4.0,9.0,10.0,42.0,1.0,1.0,3.0,0.0,23.8,1,13074,13074,13074,1084,6026,10158,9917,8599,6141,19144,20169,670,2692,17214,17641,18762,9261,1.0,38:58,2015,2016
2015-16,201952,Jeff Teague,Jeff,1610612737,ATL,Atlanta Hawks,21501076,2016-03-25T00:00:00,ATL vs. MIL,W,33.7,4.0,4.0,7.0,12.0,12.0,14.0,11.0,32.0,0.0,2.0,4.0,3.0,25.2,1,1,1,1,4567,2460,1596,454,988,20178,24300,21342,3535,8004,23588,22104,4736,8383,1.0,33:44,2015,2016
2015-16,101138,Brandon Bass,Brandon,1610612747,LAL,Los Angeles Lakers,21501081,2016-03-25T00:00:00,LAL vs. DEN,L,27.5,2.0,4.0,2.0,4.0,5.0,10.0,8.0,36.0,1.0,1.0,2.0,4.0,19.3,1,13074,13074,13074,9629,6026,1596,4675,8599,8403,20509,17194,1943,2692,17214,11390,2748,12228,1.0,27:28,2015,2016
2015-16,2403,Nene,ene,1610612764,WAS,Washington Wizards,21501073,2016-03-25T00:00:00,WAS vs. MIN,L,32.5,3.0,2.0,0.0,6.0,16.0,8.0,8.0,36.0,1.0,1.0,4.0,3.0,33.6,1,13074,13074,13074,5537,4307,4731,9917,5299,23774,17345,17194,1943,2692,17214,22104,4736,4305,1.0,32:27,2015,2016
2015-16,203101,Miles Plumlee,Miles,1610612749,MIL,Milwaukee Bucks,21501076,2016-03-25T00:00:00,MIL @ ATL,L,17.7,0.0,4.0,0.0,4.0,8.0,3.0,13.0,18.0,0.0,0.0,0.0,0.0,10.4,1,13074,13074,13074,17755,12059,1596,9917,8599,13914,7138,23048,13577,8004,1,1,18762,18859,1.0,17:42,2015,2016
2015-16,203094,Andrew Nicholson,Andrew,1610612753,ORL,Orlando Magic,21501075,2016-03-25T00:00:00,ORL @ MIA,L,17.7,0.0,0.0,0.0,10.0,6.0,10.0,6.0,20.0,0.0,0.0,3.0,2.0,25.7,1,13074,13074,13074,17777,12059,10158,9917,1840,10028,20509,13388,11929,8004,1,17641,7786,8088,1.0,17:40,2015,2016
2015-16,203991,Clint Capela,Clint,1610612745,HOU,Houston Rockets,21501077,2016-03-25T00:00:00,HOU vs. TOR,W,15.9,2.0,6.0,2.0,6.0,9.0,6.0,4.0,16.0,1.0,1.0,4.0,6.0,23.0,1,1,1,1,19102,6026,481,4675,5299,15771,13237,8806,15259,2692,17214,22104,873,9760,1.0,15:55,2015,2016
2015-16,202694,Marcus Morris Sr.,Marcus,1610612765,DET,Detroit Pistons,21501074,2016-03-25T00:00:00,DET vs. CHA,W,35.4,0.0,7.0,1.0,6.0,12.0,4.0,13.0,20.0,0.0,0.0,3.0,4.0,25.4,1,1,1,1,3264,12059,292,9347,5299,20178,8458,23048,11929,8004,1,17641,2748,8273,1.0,35:21,2015,2016
2015-16,1626144,Emmanuel Mudiay,Emmanuel,1610612743,DEN,Denver Nuggets,21501081,2016-03-25T00:00:00,DEN @ LAL,W,21.2,0.0,2.0,1.0,4.0,2.0,4.0,7.0,20.0,0.0,0.0,0.0,2.0,19.1,1,1,1,1,14931,12059,4731,9347,8599,2619,8458,15538,11929,8004,1,1,7786,12372,1.0,21:09,2015,2016
2015-16,203382,Aron Baynes,Aron,1610612765,DET,Detroit Pistons,21501074,2016-03-25T00:00:00,DET vs. CHA,W,18.8,4.0,4.0,2.0,8.0,12.0,3.0,5.0,16.0,0.0,0.0,5.0,4.0,23.6,1,1,1,1,16874,2460,1596,4675,3109,20178,7138,11593,15259,8004,1,24686,2748,9377,1.0,18:48,2015,2016
2015-16,2594,Kyle Korver,Kyle,1610612737,ATL,Atlanta Hawks,21501076,2016-03-25T00:00:00,ATL vs. MIL,W,30.6,0.0,2.0,0.0,0.0,9.0,14.0,11.0,28.0,0.0,1.0,1.0,0.0,14.8,1,1,1,1,7052,12059,4731,9917,18861,15771,24300,21342,5824,8004,17214,4972,18762,15561,1.0,30:34,2015,2016
2015-16,201942,DeMar DeRozan,DeMar,1610612761,TOR,Toronto Raptors,21501077,2016-03-25T00:00:00,TOR @ HOU,L,36.6,4.0,4.0,4.0,8.0,4.0,9.0,9.0,40.0,0.0,1.0,3.0,5.0,35.0,1,13074,13074,13074,2366,2460,1596,1913,3109,6141,19144,18829,983,8004,17214,17641,1539,3813,1.0,36:33,2015,2016
2015-16,2561,David West,David,1610612759,SAS,San Antonio Spurs,21501078,2016-03-25T00:00:00,SAS vs. MEM,W,21.2,0.0,0.0,0.0,6.0,8.0,0.0,7.0,28.0,0.0,0.0,3.0,2.0,14.5,1,1,1,1,14879,12059,10158,9917,5299,13914,1,15538,5824,8004,1,17641,7786,15799,1.0,21:12,2015,2016
2015-16,203490,Otto Porter Jr.,Otto,1610612764,WAS,Washington Wizards,21501073,2016-03-25T00:00:00,WAS vs. MIN,L,44.9,2.0,4.0,5.0,4.0,17.0,8.0,11.0,34.0,1.0,1.0,5.0,1.0,34.1,1,13074,13074,13074,86,6026,1596,1277,8599,24337,17345,21342,2701,2692,17214,24686,12373,4124,1.0,44:53,2015,2016
2015-16,201563,Michael Beasley,Michael,1610612745,HOU,Houston Rockets,21501077,2016-03-25T00:00:00,HOU vs. TOR,W,28.0,0.0,0.0,1.0,10.0,14.0,13.0,4.0,30.0,2.0,1.0,4.0,3.0,35.0,1,1,1,1,9258,12059,10158,9347,1840,22292,23668,8806,4541,932,17214,22104,4736,3813,1.0,27:57,2015,2016
2015-16,1891,Jason Terry,Jason,1610612745,HOU,Houston Rockets,21501077,2016-03-25T00:00:00,HOU vs. TOR,W,23.1,2.0,0.0,2.0,0.0,11.0,10.0,4.0,20.0,0.0,0.0,1.0,0.0,14.5,1,1,1,1,13322,6026,10158,4675,18861,18886,20509,8806,11929,8004,1,4972,18762,15799,1.0,23:04,2015,2016
2015-16,201578,Marreese Speights,Marreese,1610612744,GSW,Golden State Warriors,21501080,2016-03-25T00:00:00,GSW vs. DAL,W,12.2,2.0,0.0,2.0,0.0,2.0,6.0,0.0,6.0,1.0,0.0,0.0,2.0,14.6,1,1,1,1,21445,6026,10158,4675,18861,2619,13237,1,22724,2692,1,1,7786,15699,1.0,12:10,2015,2016
2015-16,202709,Cory Joseph,Cory,1610612761,TOR,Toronto Raptors,21501077,2016-03-25T00:00:00,TOR @ HOU,L,22.4,0.0,3.0,0.0,2.0,7.0,4.0,11.0,20.0,0.0,2.0,2.0,3.0,14.6,1,13074,13074,13074,13870,12059,3104,9917,12984,12242,8458,21342,11929,8004,23588,11390,4736,15699,1.0,22:21,2015,2016
2015-16,203501,Tim Hardaway Jr.,Tim,1610612737,ATL,Atlanta Hawks,21501076,2016-03-25T00:00:00,ATL vs. MIL,W,17.6,2.0,0.0,2.0,2.0,3.0,4.0,3.0,14.0,0.0,0.0,1.0,2.0,14.2,1,1,1,1,17805,6026,10158,4675,12984,5109,8458,7328,17019,8004,1,4972,7786,16003,1.0,17:38,2015,2016
2015-16,200757,Thabo Sefolosha,Thabo,1610612737,ATL,Atlanta Hawks,21501076,2016-03-25T00:00:00,ATL vs. MIL,W,24.4,5.0,0.0,2.0,4.0,6.0,10.0,3.0,18.0,0.0,0.0,2.0,0.0,25.9,1,1,1,1,12173,1603,10158,4675,8599,10028,20509,7328,13577,8004,1,11390,18762,7960,1.0,24:27,2015,2016
2015-16,202083,Wesley Matthews,Wesley,1610612742,DAL,Dallas Mavericks,21501080,2016-03-25T00:00:00,DAL @ GSW,L,32.8,5.0,2.0,0.0,0.0,14.0,12.0,34.0,28.0,0.0,1.0,3.0,3.0,34.1,1,13074,13074,13074,5301,1603,4731,9917,18861,22292,22832,26076,5824,8004,17214,17641,4736,4124,1.0,32:45,2015,2016
2015-16,203953,Jabari Parker,Jabari,1610612749,MIL,Milwaukee Bucks,21501076,2016-03-25T00:00:00,MIL @ ATL,L,36.8,2.0,5.0,4.0,8.0,17.0,15.0,20.0,52.0,0.0,1.0,2.0,4.0,26.1,1,13074,13074,13074,2225,6026,995,1913,3109,24337,24781,25599,59,8004,17214,11390,2748,7836,1.0,36:48,2015,2016
2015-16,1626253,Axel Toupane,Axel,1610612743,DEN,Denver Nuggets,21501081,2016-03-25T00:00:00,DEN @ LAL,W,22.7,0.0,0.0,0.0,2.0,5.0,6.0,4.0,18.0,1.0,0.0,4.0,1.0,14.9,1,1,1,1,13584,12059,10158,9917,12984,8403,13237,8806,13577,2692,1,22104,12373,15463,1.0,22:44,2015,2016
2015-16,200765,Rajon Rondo,Rajon,1610612758,SAC,Sacramento Kings,21501079,2016-03-25T00:00:00,SAC vs. PHX,W,30.3,2.0,0.0,2.0,2.0,5.0,17.0,14.0,24.0,1.0,0.0,4.0,0.0,34.0,1,1,1,1,7272,6026,10158,4675,12984,8403,25429,23710,8723,2692,1,22104,18762,4162,1.0,30:17,2015,2016
2015-16,203118,Mike Scott,Mike,1610612737,ATL,Atlanta Hawks,21501076,2016-03-25T00:00:00,ATL vs. MIL,W,12.9,0.0,3.0,2.0,2.0,3.0,4.0,2.0,12.0,1.0,0.0,1.0,0.0,14.6,1,1,1,1,21012,12059,3104,4675,12984,5109,8458,4025,18637,2692,1,4972,18762,15699,1.0,12:56,2015,2016
2015-16,2754,Tony Allen,Tony,1610612763,MEM,Memphis Grizzlies,21501078,2016-03-25T00:00:00,MEM @ SAS,L,23.6,2.0,0.0,5.0,4.0,2.0,9.0,2.0,30.0,1.0,1.0,0.0,3.0,18.9,1,13074,13074,13074,12868,6026,10158,1277,8599,2619,19144,4025,4541,2692,17214,1,4736,12513,1.0,23:38,2015,2016
2015-16,203141,Mirza Teletovic,Mirza,1610612756,PHX,Phoenix Suns,21501079,2016-03-25T00:00:00,PHX @ SAC,L,26.5,0.0,7.0,3.0,4.0,14.0,14.0,18.0,38.0,0.0,0.0,3.0,0.0,19.4,1,13074,13074,13074,10474,12059,292,3302,8599,22292,24300,25228,1422,8004,1,17641,18762,12154,1.0,26:28,2015,2016
2015-16,1495,Tim Duncan,Tim,1610612759,SAS,San Antonio Spurs,21501078,2016-03-25T00:00:00,SAS vs. MEM,W,31.0,0.0,0.0,0.0,12.0,10.0,6.0,13.0,32.0,0.0,0.0,0.0,4.0,34.1,1,1,1,1,6760,12059,10158,9917,988,17370,13237,23048,3535,8004,1,1,2748,4124,1.0,30:57,2015,2016
2015-16,203081,Damian Lillard,Damian,1610612757,POR,Portland Trail Blazers,21501072,2016-03-24T00:00:00,POR @ LAC,L,35.2,1.0,0.0,3.0,2.0,17.0,6.0,4.0,20.0,0.0,0.0,1.0,8.0,33.6,1,13074,13074,13074,3368,11535,10158,3302,12984,24337,13237,8806,11929,8004,1,4972,254,4305,1.0,35:14,2015,2016
2015-16,101139,CJ Miles,CJ,1610612754,IND,Indiana Pacers,21501068,2016-03-24T00:00:00,IND vs. NOP,W,26.2,7.0,0.0,0.0,4.0,6.0,8.0,9.0,26.0,0.0,0.0,2.0,2.0,23.1,1,1,1,1,10673,548,10158,9917,8599,10028,17345,18829,7214,8004,1,11390,7786,9699,1.0,26:13,2015,2016
2015-16,203930,Sean Kilpatrick,Sean,1610612751,BKN,Brooklyn Nets,21501069,2016-03-24T00:00:00,BKN vs. CLE,W,22.1,2.0,0.0,2.0,8.0,0.0,9.0,2.0,18.0,0.0,0.0,0.0,1.0,14.5,1,1,1,1,14074,6026,10158,4675,3109,1,19144,4025,13577,8004,1,1,12373,15799,1.0,22:07,2015,2016
2015-16,202710,Jimmy Butler III,Jimmy,1610612741,CHI,Chicago Bulls,21501070,2016-03-24T00:00:00,CHI @ NYK,L,39.0,2.0,0.0,0.0,6.0,7.0,11.0,9.0,20.0,1.0,0.0,3.0,3.0,35.1,1,13074,13074,13074,1078,6026,10158,9917,5299,12242,21814,18829,11929,2692,1,17641,4736,3777,1.0,38:59,2015,2016
2015-16,201152,Thaddeus Young,Thaddeus,1610612751,BKN,Brooklyn Nets,21501069,2016-03-24T00:00:00,BKN vs. CLE,W,30.9,2.0,2.0,2.0,8.0,2.0,4.0,8.0,32.0,0.0,0.0,3.0,1.0,23.2,1,1,1,1,6850,6026,4731,4675,3109,2619,8458,17194,3535,8004,1,17641,12373,9630,1.0,30:51,2015,2016
2015-16,204025,Tim Frazier,Tim,1610612740,NOP,New Orleans Pelicans,21501068,2016-03-24T00:00:00,NOP @ IND,L,28.7,0.0,0.0,2.0,6.0,17.0,0.0,7.0,20.0,0.0,2.0,2.0,2.0,25.5,1,13074,13074,13074,8678,12059,10158,4675,5299,24337,1,15538,11929,8004,23588,11390,7786,8230,1.0,28:40,2015,2016
2015-16,201600,Omer Asik,Omer,1610612740,NOP,New Orleans Pelicans,21501068,2016-03-24T00:00:00,NOP @ IND,L,23.9,0.0,0.0,0.0,2.0,9.0,2.0,3.0,10.0,0.0,1.0,1.0,2.0,19.0,1,13074,13074,13074,12677,12059,10158,9917,12984,15771,3734,7328,20209,8004,17214,4972,7786,12440,1.0,23:53,2015,2016
2015-16,203090,Maurice Harkless,Maurice,1610612757,POR,Portland Trail Blazers,21501072,2016-03-24T00:00:00,POR @ LAC,L,30.6,0.0,4.0,2.0,10.0,8.0,6.0,2.0,14.0,1.0,0.0,4.0,1.0,23.1,1,13074,13074,13074,7016,12059,1596,4675,1840,13914,13237,4025,17019,2692,1,22104,12373,9699,1.0,30:37,2015,2016
2015-16,202684,Tristan Thompson,Tristan,1610612739,CLE,Cleveland Cavaliers,21501069,2016-03-24T00:00:00,CLE @ BKN,L,25.8,0.0,0.0,0.0,6.0,8.0,10.0,12.0,38.0,0.0,1.0,2.0,0.0,14.3,1,13074,13074,13074,10980,12059,10158,9917,5299,13914,20509,22259,1422,8004,17214,11390,18762,15948,1.0,25:50,2015,2016
2015-16,203459,Allen Crabbe,Allen,1610612757,POR,Portland Trail Blazers,21501072,2016-03-24T00:00:00,POR @ LAC,L,29.5,1.0,3.0,0.0,0.0,11.0,7.0,6.0,20.0,0.0,2.0,3.0,2.0,14.3,1,13074,13074,13074,7975,11535,3104,9917,18861,18886,15642,13388,11929,8004,23588,17641,7786,15948,1.0,29:30,2015,2016
2015-16,202682,Derrick Williams,Derrick,1610612752,NYK,New York Knicks,21501070,2016-03-24T00:00:00,NYK vs. CHI,W,16.9,0.0,2.0,2.0,6.0,8.0,2.0,6.0,14.0,0.0,0.0,1.0,1.0,14.6,1,1,1,1,18358,12059,4731,4675,5299,13914,3734,13388,17019,8004,1,4972,12373,15699,1.0,16:53,2015,2016
2015-16,201967,Dante Cunningham,Dante,1610612740,NOP,New Orleans Pelicans,21501068,2016-03-24T00:00:00,NOP @ IND,L,37.8,3.0,0.0,0.0,2.0,13.0,2.0,4.0,22.0,0.0,1.0,1.0,0.0,18.9,1,13074,13074,13074,1620,4307,10158,9917,12984,21300,3734,8806,10265,8004,17214,4972,18762,12513,1.0,37:46,2015,2016
2015-16,203508,Sergey Karasev,Sergey,1610612751,BKN,Brooklyn Nets,21501069,2016-03-24T00:00:00,BKN vs. CLE,W,18.2,0.0,0.0,0.0,0.0,5.0,2.0,9.0,28.0,0.0,0.0,1.0,1.0,9.8,1,1,1,1,17370,12059,10158,9917,18861,8403,3734,18829,5824,8004,1,4972,12373,19331,1.0,18:10,2015,2016
2015-16,201577,Robin Lopez,Robin,1610612752,NYK,New York Knicks,21501070,2016-03-24T00:00:00,NYK vs. CHI,W,34.0,0.0,0.0,0.0,2.0,15.0,2.0,4.0,28.0,3.0,0.0,2.0,1.0,18.9,1,1,1,1,4362,12059,10158,9917,12984,23079,3734,8806,5824,347,1,11390,12373,12513,1.0,33:59,2015,2016
2015-16,2399,Mike Dunleavy,Mike,1610612741,CHI,Chicago Bulls,21501070,2016-03-24T00:00:00,CHI @ NYK,L,28.7,0.0,0.0,3.0,0.0,4.0,4.0,4.0,14.0,0.0,1.0,1.0,0.0,18.8,1,13074,13074,13074,8603,12059,10158,3302,18861,6141,8458,8806,17019,8004,17214,4972,18762,12588,1.0,28:44,2015,2016
2015-16,202334,Ed Davis,Ed,1610612757,POR,Portland Trail Blazers,21501072,2016-03-24T00:00:00,POR @ LAC,L,22.9,0.0,5.0,0.0,10.0,2.0,4.0,6.0,18.0,2.0,2.0,3.0,4.0,33.6,1,13074,13074,13074,13426,12059,995,9917,1840,2619,8458,13388,13577,932,23588,17641,2748,4305,1.0,22:57,2015,2016
2015-16,202711,Bojan Bogdanović,Bojan,1610612751,BKN,Brooklyn Nets,21501069,2016-03-24T00:00:00,BKN vs. CLE,W,25.9,0.0,0.0,2.0,2.0,5.0,2.0,9.0,28.0,0.0,1.0,2.0,1.0,10.2,1,1,1,1,10939,12059,10158,4675,12984,8403,3734,18829,5824,8004,17214,11390,12373,19003,1.0,25:53,2015,2016
2015-16,202681,Kyrie Irving,Kyrie,1610612739,CLE,Cleveland Cavaliers,21501069,2016-03-24T00:00:00,CLE @ BKN,L,36.2,0.0,0.0,2.0,8.0,8.0,14.0,6.0,38.0,0.0,1.0,3.0,1.0,25.0,1,13074,13074,13074,2622,12059,10158,4675,3109,13914,24300,13388,1422,8004,17214,17641,12373,8485,1.0,36:11,2015,2016
2015-16,1626245,Cristiano Felicio,Cristiano,1610612741,CHI,Chicago Bulls,21501070,2016-03-24T00:00:00,CHI @ NYK,L,21.1,2.0,0.0,0.0,2.0,4.0,5.0,4.0,10.0,1.0,1.0,0.0,0.0,10.2,1,13074,13074,13074,14974,6026,10158,9917,12984,6141,11469,8806,20209,2692,17214,1,18762,19003,1.0,21:06,2015,2016
2015-16,202325,Wesley Johnson,Wesley,1610612746,LAC,LA Clippers,21501072,2016-03-24T00:00:00,LAC vs. POR,W,14.2,2.0,2.0,2.0,2.0,8.0,2.0,1.0,6.0,0.0,0.0,4.0,1.0,10.3,1,1,1,1,20269,6026,4731,4675,12984,13914,3734,3646,22724,8004,1,22104,12373,18965,1.0,14:13,2015,2016
2015-16,200751,Randy Foye,Randy,1610612760,OKC,Oklahoma City Thunder,21501071,2016-03-24T00:00:00,OKC vs. UTA,W,22.8,4.0,0.0,1.0,2.0,7.0,6.0,7.0,34.0,0.0,0.0,1.0,2.0,10.0,1,1,1,1,13503,2460,10158,9347,12984,12242,13237,15538,2701,8004,1,4972,7786,19178,1.0,22:50,2015,2016
2015-16,202703,Nikola Mirotic,Nikola,1610612741,CHI,Chicago Bulls,21501070,2016-03-24T00:00:00,CHI @ NYK,L,24.3,0.0,4.0,0.0,4.0,3.0,9.0,8.0,12.0,0.0,1.0,3.0,2.0,18.7,1,13074,13074,13074,12282,12059,1596,9917,8599,5109,19144,17194,18637,8004,17214,17641,7786,12648,1.0,24:19,2015,2016
2015-16,2570,Kendrick Perkins,Kendrick,1610612740,NOP,New Orleans Pelicans,21501068,2016-03-24T00:00:00,NOP @ IND,L,19.1,1.0,0.0,0.0,0.0,10.0,0.0,6.0,14.0,0.0,0.0,2.0,1.0,10.0,1,13074,13074,13074,16600,11535,10158,9917,18861,17370,1,13388,17019,8004,1,11390,12373,19178,1.0,19:07,2015,2016
2015-16,1626191,Chris McCullough,Chris,1610612751,BKN,Brooklyn Nets,21501069,2016-03-24T00:00:00,BKN vs. CLE,W,17.1,0.0,0.0,0.0,2.0,3.0,7.0,3.0,14.0,0.0,1.0,2.0,0.0,19.7,1,1,1,1,18171,12059,10158,9917,12984,5109,15642,7328,17019,8004,17214,11390,18762,11962,1.0,17:09,2015,2016
2015-16,203460,Andre Roberson,Andre,1610612760,OKC,Oklahoma City Thunder,21501071,2016-03-24T00:00:00,OKC vs. UTA,W,21.6,2.0,0.0,2.0,2.0,9.0,2.0,7.0,24.0,1.0,1.0,1.0,0.0,9.8,1,1,1,1,14490,6026,10158,4675,12984,15771,3734,15538,8723,2692,17214,4972,18762,19331,1.0,21:38,2015,2016
2015-16,201582,Alexis Ajinca,Alexis,1610612740,NOP,New Orleans Pelicans,21501068,2016-03-24T00:00:00,NOP @ IND,L,36.2,0.0,8.0,0.0,12.0,11.0,2.0,7.0,18.0,0.0,0.0,4.0,1.0,33.8,1,13074,13074,13074,2636,12059,137,9917,988,18886,3734,15538,13577,8004,1,22104,12373,4244,1.0,36:09,2015,2016
2015-16,2747,JR Smith,JR,1610612739,CLE,Cleveland Cavaliers,21501069,2016-03-24T00:00:00,CLE @ BKN,L,31.6,2.0,0.0,0.0,0.0,8.0,12.0,6.0,38.0,0.0,0.0,2.0,2.0,14.4,1,13074,13074,13074,6245,6026,10158,9917,18861,13914,22832,13388,1422,8004,1,11390,7786,15857,1.0,31:35,2015,2016
2015-16,203085,Austin Rivers,Austin,1610612746,LAC,LA Clippers,21501072,2016-03-24T00:00:00,LAC vs. POR,W,24.8,0.0,2.0,2.0,4.0,8.0,12.0,6.0,20.0,0.0,0.0,1.0,1.0,10.6,1,1,1,1,11858,12059,4731,4675,8599,13914,22832,13388,11929,8004,1,4972,12373,18723,1.0,24:47,2015,2016
2015-16,203521,Matthew Dellavedova,Matthew,1610612739,CLE,Cleveland Cavaliers,21501069,2016-03-24T00:00:00,CLE @ BKN,L,16.2,0.0,3.0,0.0,0.0,6.0,2.0,8.0,24.0,1.0,1.0,2.0,1.0,11.4,1,13074,13074,13074,18865,12059,3104,9917,18861,10028,3734,17194,8723,2692,17214,11390,12373,18134,1.0,16:14,2015,2016
2015-16,1737,Nazr Mohammed,Nazr,1610612760,OKC,Oklahoma City Thunder,21501071,2016-03-24T00:00:00,OKC vs. UTA,W,4.2,2.0,0.0,0.0,0.0,2.0,0.0,2.0,6.0,0.0,0.0,1.0,1.0,2.0,1,1,1,1,24657,6026,10158,9917,18861,2619,1,4025,22724,8004,1,4972,12373,24216,1.0,4:09,2015,2016
2015-16,203148,Brian Roberts,Brian,1610612757,POR,Portland Trail Blazers,21501072,2016-03-24T00:00:00,POR @ LAC,L,6.0,0.0,0.0,0.0,0.0,6.0,0.0,2.0,8.0,0.0,0.0,2.0,0.0,1.2,1,13074,13074,13074,23977,12059,10158,9917,18861,10028,1,4025,21543,8004,1,11390,18762,24661,1.0,5:59,2015,2016
2015-16,203943,Noah Vonleh,Noah,1610612757,POR,Portland Trail Blazers,21501072,2016-03-24T00:00:00,POR @ LAC,L,10.1,0.0,2.0,2.0,4.0,2.0,0.0,4.0,12.0,0.0,0.0,2.0,0.0,6.4,1,13074,13074,13074,22402,12059,4731,4675,8599,2619,1,8806,18637,8004,1,11390,18762,21589,1.0,10:05,2015,2016
2015-16,201155,Rodney Stuckey,Rodney,1610612754,IND,Indiana Pacers,21501068,2016-03-24T00:00:00,IND vs. NOP,W,18.3,0.0,0.0,0.0,2.0,1.0,6.0,2.0,16.0,0.0,0.0,1.0,4.0,11.0,1,1,1,1,17249,12059,10158,9917,12984,2356,13237,4025,15259,8004,1,4972,2748,18430,1.0,18:19,2015,2016
2015-16,203900,Markel Brown,Markel,1610612751,BKN,Brooklyn Nets,21501069,2016-03-24T00:00:00,BKN vs. CLE,W,13.3,0.0,2.0,0.0,2.0,0.0,9.0,0.0,4.0,2.0,0.0,1.0,1.0,24.3,1,1,1,1,20795,12059,4731,9917,12984,1,19144,1,23698,932,1,4972,12373,8939,1.0,13:19,2015,2016
2015-16,201566,Russell Westbrook,Russell,1610612760,OKC,Oklahoma City Thunder,21501071,2016-03-24T00:00:00,OKC vs. UTA,W,27.3,8.0,5.0,5.0,8.0,6.0,6.0,4.0,26.0,0.0,0.0,1.0,2.0,43.9,1,1,1,1,9804,308,995,1277,3109,10028,13237,8806,7214,8004,1,4972,7786,1573,1.0,27:15,2015,2016
2015-16,2544,LeBron James,LeBron,1610612739,CLE,Cleveland Cavaliers,21501069,2016-03-24T00:00:00,CLE @ BKN,L,35.1,3.0,2.0,7.0,22.0,10.0,14.0,8.0,46.0,0.0,0.0,2.0,5.0,43.7,1,13074,13074,13074,3487,4307,4731,454,25,17370,24300,17194,298,8004,1,11390,1539,1610,1.0,35:04,2015,2016
2015-16,1626167,Myles Turner,Myles,1610612754,IND,Indiana Pacers,21501068,2016-03-24T00:00:00,IND vs. NOP,W,32.6,0.0,2.0,5.0,8.0,11.0,6.0,11.0,26.0,3.0,0.0,1.0,3.0,50.7,1,1,1,1,5421,12059,4731,1277,3109,18886,13237,21342,7214,347,1,4972,4736,677,1.0,32:36,2015,2016
2015-16,201142,Kevin Durant,Kevin,1610612760,OKC,Oklahoma City Thunder,21501071,2016-03-24T00:00:00,OKC vs. UTA,W,30.1,2.0,2.0,8.0,4.0,10.0,8.0,8.0,30.0,1.0,0.0,0.0,3.0,47.1,1,1,1,1,7426,6026,4731,280,8599,17370,17345,17194,4541,2692,1,1,4736,1066,1.0,30:07,2015,2016
2015-16,203500,Steven Adams,Steven,1610612760,OKC,Oklahoma City Thunder,21501071,2016-03-24T00:00:00,OKC vs. UTA,W,22.3,4.0,4.0,2.0,14.0,6.0,6.0,4.0,22.0,0.0,1.0,0.0,1.0,24.4,1,1,1,1,13954,2460,1596,4675,542,10028,13237,8806,10265,8004,17214,1,12373,8867,1.0,22:15,2015,2016
2015-16,201601,Luc Mbah a Moute,Luc,1610612746,LAC,LA Clippers,21501072,2016-03-24T00:00:00,LAC vs. POR,W,14.3,0.0,0.0,0.0,2.0,7.0,3.0,9.0,10.0,0.0,2.0,2.0,0.0,4.4,1,1,1,1,20209,12059,10158,9917,12984,12242,7138,18829,20209,8004,23588,11390,18762,22837,1.0,14:20,2015,2016
2015-16,202730,Lavoy Allen,Lavoy,1610612754,IND,Indiana Pacers,21501068,2016-03-24T00:00:00,IND vs. NOP,W,8.6,0.0,0.0,0.0,0.0,1.0,2.0,0.0,8.0,0.0,0.0,0.0,1.0,6.6,1,1,1,1,22999,12059,10158,9917,18861,2356,3734,1,21543,8004,1,1,12373,21445,1.0,8:36,2015,2016
2015-16,201627,Anthony Morrow,Anthony,1610612760,OKC,Oklahoma City Thunder,21501071,2016-03-24T00:00:00,OKC vs. UTA,W,8.0,0.0,0.0,0.0,2.0,2.0,2.0,2.0,8.0,1.0,0.0,1.0,1.0,6.5,1,1,1,1,23202,12059,10158,9917,12984,2619,3734,4025,21543,2692,1,4972,12373,21519,1.0,7:58,2015,2016
2015-16,202697,Iman Shumpert,Iman,1610612739,CLE,Cleveland Cavaliers,21501069,2016-03-24T00:00:00,CLE @ BKN,L,16.4,0.0,0.0,0.0,0.0,6.0,4.0,8.0,22.0,0.0,0.0,2.0,0.0,9.0,1,13074,13074,13074,18720,12059,10158,9917,18861,10028,8458,17194,10265,8004,1,11390,18762,19835,1.0,16:25,2015,2016
2015-16,101112,Channing Frye,Channing,1610612739,CLE,Cleveland Cavaliers,21501069,2016-03-24T00:00:00,CLE @ BKN,L,14.5,0.0,2.0,0.0,0.0,2.0,4.0,4.0,20.0,0.0,1.0,1.0,2.0,8.9,1,13074,13074,13074,20112,12059,4731,9917,18861,2619,8458,8806,11929,8004,17214,4972,7786,19914,1.0,14:29,2015,2016
2015-16,203926,Doug McDermott,Doug,1610612741,CHI,Chicago Bulls,21501070,2016-03-24T00:00:00,CHI @ NYK,L,14.0,1.0,0.0,1.0,0.0,3.0,7.0,3.0,4.0,0.0,0.0,0.0,1.0,1.0,1,13074,13074,13074,20425,11535,10158,9347,18861,5109,15642,7328,23698,8004,1,1,12373,24960,1.0,13:59,2015,2016
2015-16,1626171,Bobby Portis,Bobby,1610612741,CHI,Chicago Bulls,21501070,2016-03-24T00:00:00,CHI @ NYK,L,17.2,0.0,0.0,0.0,0.0,0.0,4.0,5.0,6.0,0.0,0.0,1.0,1.0,5.3,1,13074,13074,13074,18127,12059,10158,9917,18861,1,8458,11593,22724,8004,1,4972,12373,22358,1.0,17:12,2015,2016
2015-16,1626166,Cameron Payne,Cameron,1610612760,OKC,Oklahoma City Thunder,21501071,2016-03-24T00:00:00,OKC vs. UTA,W,20.8,0.0,0.0,0.0,2.0,9.0,4.0,9.0,30.0,0.0,0.0,2.0,1.0,9.7,1,1,1,1,15274,12059,10158,9917,12984,15771,8458,18829,4541,8004,1,11390,12373,19379,1.0,20:45,2015,2016
2015-16,203143,Pablo Prigioni,Pablo,1610612746,LAC,LA Clippers,21501072,2016-03-24T00:00:00,LAC vs. POR,W,9.2,0.0,0.0,0.0,0.0,4.0,5.0,6.0,10.0,0.0,0.0,2.0,0.0,3.9,1,1,1,1,22780,12059,10158,9917,18861,6141,11469,13388,20209,8004,1,11390,18762,23225,1.0,9:10,2015,2016
2015-16,1626192,Pat Connaughton,Pat,1610612757,POR,Portland Trail Blazers,21501072,2016-03-24T00:00:00,POR @ LAC,L,0.4,0.0,0.0,0.0,0.0,0.0,0.0,0.0,0.0,0.0,0.0,0.0,0.0,0.0,1,13074,13074,13074,25991,12059,10158,9917,18861,1,1,1,25429,8004,1,1,18762,25170,1.0,0:22,2015,2016
2015-16,202344,Trevor Booker,Trevor,1610612762,UTA,Utah Jazz,21501071,2016-03-24T00:00:00,UTA @ OKC,L,15.8,0.0,2.0,0.0,6.0,19.0,4.0,9.0,14.0,0.0,0.0,3.0,1.0,15.6,1,13074,13074,13074,19234,12059,4731,9917,5299,25074,8458,18829,17019,8004,1,17641,12373,14916,1.0,15:45,2015,2016
2015-16,201962,Toney Douglas,Toney,1610612740,NOP,New Orleans Pelicans,21501068,2016-03-24T00:00:00,NOP @ IND,L,28.7,7.0,0.0,9.0,4.0,7.0,2.0,2.0,14.0,0.0,1.0,4.0,2.0,31.5,1,13074,13074,13074,8624,548,10158,184,8599,12242,3734,4025,17019,8004,17214,22104,7786,5180,1.0,28:43,2015,2016
2015-16,1626178,Rondae Hollis-Jefferson,Rondae,1610612751,BKN,Brooklyn Nets,21501069,2016-03-24T00:00:00,BKN vs. CLE,W,16.5,4.0,0.0,4.0,6.0,0.0,0.0,2.0,14.0,0.0,0.0,1.0,3.0,30.4,1,1,1,1,18640,2460,10158,1913,5299,1,1,4025,17019,8004,1,4972,4736,5661,1.0,16:31,2015,2016
2015-16,203200,Justin Holiday,Justin,1610612741,CHI,Chicago Bulls,21501070,2016-03-24T00:00:00,CHI @ NYK,L,13.3,2.0,0.0,2.0,2.0,0.0,2.0,3.0,6.0,0.0,0.0,1.0,0.0,15.5,1,13074,13074,13074,20824,6026,10158,4675,12984,1,3734,7328,22724,8004,1,4972,18762,15004,1.0,13:16,2015,2016
2015-16,101108,Chris Paul,Chris,1610612746,LAC,LA Clippers,21501072,2016-03-24T00:00:00,LAC vs. POR,W,30.9,9.0,0.0,2.0,2.0,12.0,7.0,9.0,22.0,0.0,0.0,2.0,6.0,40.5,1,1,1,1,6775,171,10158,4675,12984,20178,15642,18829,10265,8004,1,11390,873,2257,1.0,30:56,2015,2016
2015-16,204038,Langston Galloway,Langston,1610612752,NYK,New York Knicks,21501070,2016-03-24T00:00:00,NYK vs. CHI,W,15.8,0.0,0.0,3.0,2.0,8.0,4.0,3.0,14.0,1.0,0.0,1.0,2.0,15.3,1,1,1,1,19205,12059,10158,3302,12984,13914,8458,7328,17019,2692,1,4972,7786,15150,1.0,15:47,2015,2016
2015-16,201167,Arron Afflalo,Arron,1610612752,NYK,New York Knicks,21501070,2016-03-24T00:00:00,NYK vs. CHI,W,29.1,0.0,0.0,0.0,2.0,8.0,4.0,6.0,24.0,0.0,1.0,0.0,0.0,15.6,1,1,1,1,8286,12059,10158,9917,12984,13914,8458,13388,8723,8004,17214,1,18762,14916,1.0,29:07,2015,2016
2015-16,101145,Monta Ellis,Monta,1610612754,IND,Indiana Pacers,21501068,2016-03-24T00:00:00,IND vs. NOP,W,31.9,2.0,0.0,2.0,4.0,11.0,4.0,9.0,24.0,1.0,0.0,2.0,2.0,30.8,1,1,1,1,5994,6026,10158,4675,8599,18886,8458,18829,8723,2692,1,11390,7786,5493,1.0,31:53,2015,2016
2015-16,201567,Kevin Love,Kevin,1610612739,CLE,Cleveland Cavaliers,21501069,2016-03-24T00:00:00,CLE @ BKN,L,33.3,0.0,4.0,0.0,6.0,12.0,12.0,10.0,42.0,1.0,1.0,1.0,1.0,30.9,1,13074,13074,13074,4914,12059,1596,9917,5299,20178,22832,20169,670,2692,17214,4972,12373,5452,1.0,33:16,2015,2016
2015-16,101133,Ian Mahinmi,Ian,1610612754,IND,Indiana Pacers,21501068,2016-03-24T00:00:00,IND vs. NOP,W,29.8,2.0,0.0,0.0,2.0,11.0,6.0,9.0,22.0,0.0,0.0,2.0,1.0,15.6,1,1,1,1,7716,6026,10158,9917,12984,18886,13237,18829,10265,8004,1,11390,12373,14916,1.0,29:49,2015,2016
2015-16,203468,CJ McCollum,CJ,1610612757,POR,Portland Trail Blazers,21501072,2016-03-24T00:00:00,POR @ LAC,L,36.7,7.0,0.0,6.0,2.0,17.0,6.0,4.0,26.0,0.0,1.0,4.0,5.0,31.0,1,13074,13074,13074,2267,548,10158,740,12984,24337,13237,8806,7214,8004,17214,22104,1539,5406,1.0,36:44,2015,2016
2015-16,204060,Joe Ingles,Joe,1610612762,UTA,Utah Jazz,21501071,2016-03-24T00:00:00,UTA @ OKC,L,19.4,0.0,0.0,0.0,0.0,13.0,5.0,8.0,18.0,0.0,0.0,1.0,1.0,12.4,1,13074,13074,13074,16363,12059,10158,9917,18861,21300,11469,17194,13577,8004,1,4972,12373,17418,1.0,19:26,2015,2016
2015-16,203486,Mason Plumlee,Mason,1610612757,POR,Portland Trail Blazers,21501072,2016-03-24T00:00:00,POR @ LAC,L,24.5,4.0,0.0,0.0,4.0,17.0,4.0,2.0,16.0,2.0,0.0,3.0,5.0,27.2,1,13074,13074,13074,12123,2460,10158,9917,8599,24337,8458,4025,15259,932,1,17641,1539,7289,1.0,24:31,2015,2016
2015-16,201565,Derrick Rose,Derrick,1610612741,CHI,Chicago Bulls,21501070,2016-03-24T00:00:00,CHI @ NYK,L,39.0,13.0,0.0,4.0,12.0,7.0,4.0,12.0,20.0,0.0,2.0,1.0,2.0,41.9,1,13074,13074,13074,1084,13,10158,1913,988,12242,8458,22259,11929,8004,23588,4972,7786,1958,1.0,38:58,2015,2016
2015-16,2037,Jamal Crawford,Jamal,1610612746,LAC,LA Clippers,21501072,2016-03-24T00:00:00,LAC vs. POR,W,33.2,4.0,3.0,2.0,6.0,12.0,14.0,6.0,26.0,0.0,1.0,2.0,2.0,31.2,1,1,1,1,5002,2460,3104,4675,5299,20178,24300,13388,7214,8004,17214,11390,7786,5304,1.0,33:09,2015,2016
2015-16,202338,Kevin Seraphin,Kevin,1610612752,NYK,New York Knicks,21501070,2016-03-24T00:00:00,NYK vs. CHI,W,9.8,0.0,2.0,0.0,0.0,5.0,2.0,3.0,8.0,2.0,0.0,0.0,0.0,12.1,1,1,1,1,22527,12059,4731,9917,18861,8403,3734,7328,21543,932,1,1,18762,17639,1.0,9:48,2015,2016
2015-16,203156,Henry Sims,Henry,1610612751,BKN,Brooklyn Nets,21501069,2016-03-24T00:00:00,BKN vs. CLE,W,16.4,0.0,2.0,2.0,2.0,0.0,7.0,2.0,12.0,3.0,0.0,1.0,4.0,15.9,1,1,1,1,18699,12059,4731,4675,12984,1,15642,4025,18637,347,1,4972,2748,14675,1.0,16:26,2015,2016
2015-16,2546,Carmelo Anthony,Carmelo,1610612752,NYK,New York Knicks,21501070,2016-03-24T00:00:00,NYK vs. CHI,W,35.5,3.0,2.0,3.0,2.0,15.0,2.0,8.0,26.0,0.0,1.0,2.0,2.0,41.4,1,1,1,1,3145,4307,4731,3302,12984,23079,3734,17194,7214,8004,17214,11390,7786,2060,1.0,35:29,2015,2016
2015-16,203481,Jeff Withey,Jeff,1610612762,UTA,Utah Jazz,21501071,2016-03-24T00:00:00,UTA @ OKC,L,17.4,2.0,4.0,2.0,8.0,5.0,8.0,0.0,20.0,1.0,0.0,3.0,0.0,20.0,1,13074,13074,13074,17960,6026,1596,4675,3109,8403,17345,1,11929,2692,1,17641,18762,11752,1.0,17:24,2015,2016
2015-16,2756,Sasha Vujacic,Sasha,1610612752,NYK,New York Knicks,21501070,2016-03-24T00:00:00,NYK vs. CHI,W,18.9,3.0,0.0,3.0,0.0,12.0,0.0,4.0,14.0,0.0,0.0,1.0,0.0,18.7,1,1,1,1,16790,4307,10158,3302,18861,20178,1,8806,17019,8004,1,4972,18762,12648,1.0,18:53,2015,2016
2015-16,202714,Shelvin Mack,Shelvin,1610612762,UTA,Utah Jazz,21501071,2016-03-24T00:00:00,UTA @ OKC,L,24.4,4.0,0.0,4.0,6.0,19.0,7.0,14.0,30.0,0.0,1.0,3.0,1.0,18.4,1,13074,13074,13074,12199,2460,10158,1913,5299,25074,15642,23710,4541,8004,17214,17641,12373,12854,1.0,24:25,2015,2016
2015-16,203524,Solomon Hill,Solomon,1610612754,IND,Indiana Pacers,21501068,2016-03-24T00:00:00,IND vs. NOP,W,9.3,0.0,0.0,0.0,0.0,0.0,2.0,2.0,8.0,0.0,0.0,1.0,0.0,2.4,1,1,1,1,22723,12059,10158,9917,18861,1,3734,4025,21543,8004,1,4972,18762,24024,1.0,9:18,2015,2016
2015-16,203526,Raul Neto,Raul,1610612762,UTA,Utah Jazz,21501071,2016-03-24T00:00:00,UTA @ OKC,L,20.8,0.0,0.0,0.0,2.0,10.0,11.0,8.0,16.0,0.0,0.0,1.0,1.0,8.4,1,13074,13074,13074,15274,12059,10158,9917,12984,17370,21814,17194,15259,8004,1,4972,12373,20273,1.0,20:45,2015,2016
2015-16,202329,Al-Farouq Aminu,Al-Farouq,1610612757,POR,Portland Trail Blazers,21501072,2016-03-24T00:00:00,POR @ LAC,L,20.4,2.0,0.0,2.0,4.0,11.0,3.0,2.0,14.0,0.0,0.0,1.0,1.0,16.2,1,13074,13074,13074,15534,6026,10158,4675,8599,18886,7138,4025,17019,8004,1,4972,12373,14436,1.0,20:26,2015,2016
2015-16,202337,Luke Babbitt,Luke,1610612740,NOP,New Orleans Pelicans,21501068,2016-03-24T00:00:00,NOP @ IND,L,24.3,0.0,0.0,0.0,2.0,12.0,0.0,7.0,18.0,0.0,1.0,2.0,1.0,8.1,1,13074,13074,13074,12265,12059,10158,9917,12984,20178,1,15538,13577,8004,17214,11390,12373,20521,1.0,24:21,2015,2016
2015-16,203504,Trey Burke,Trey,1610612762,UTA,Utah Jazz,21501071,2016-03-24T00:00:00,UTA @ OKC,L,12.0,3.0,0.0,3.0,8.0,5.0,4.0,0.0,14.0,0.0,0.0,1.0,4.0,18.2,1,13074,13074,13074,21529,4307,10158,3302,3109,8403,8458,1,17019,8004,1,4972,2748,13004,1.0,12:00,2015,2016
2015-16,203187,Chris Johnson,Chris,1610612762,UTA,Utah Jazz,21501071,2016-03-24T00:00:00,UTA @ OKC,L,14.9,2.0,0.0,2.0,2.0,7.0,10.0,7.0,20.0,0.0,0.0,1.0,1.0,8.2,1,13074,13074,13074,19864,6026,10158,4675,12984,12242,20509,15538,11929,8004,1,4972,12373,20416,1.0,14:51,2015,2016
2015-16,2210,Richard Jefferson,Richard,1610612739,CLE,Cleveland Cavaliers,21501069,2016-03-24T00:00:00,CLE @ BKN,L,10.2,0.0,0.0,0.0,0.0,4.0,2.0,6.0,14.0,0.0,0.0,2.0,0.0,8.6,1,13074,13074,13074,22370,12059,10158,9917,18861,6141,3734,13388,17019,8004,1,11390,18762,20125,1.0,10:09,2015,2016
2015-16,201588,George Hill,George,1610612754,IND,Indiana Pacers,21501068,2016-03-24T00:00:00,IND vs. NOP,W,32.6,0.0,0.0,0.0,0.0,11.0,6.0,9.0,24.0,1.0,0.0,2.0,1.0,20.8,1,1,1,1,5398,12059,10158,9917,18861,18886,13237,18829,8723,2692,1,11390,12373,11195,1.0,32:38,2015,2016
2015-16,202324,Derrick Favors,Derrick,1610612762,UTA,Utah Jazz,21501071,2016-03-24T00:00:00,UTA @ OKC,L,22.0,2.0,0.0,0.0,4.0,19.0,7.0,14.0,26.0,0.0,0.0,2.0,1.0,12.4,1,13074,13074,13074,14195,6026,10158,9917,8599,25074,15642,23710,7214,8004,1,11390,12373,17418,1.0,21:59,2015,2016
2015-16,203895,Jordan McRae,Jordan,1610612739,CLE,Cleveland Cavaliers,21501069,2016-03-24T00:00:00,CLE @ BKN,L,0.4,0.0,0.0,0.0,0.0,0.0,0.0,0.0,0.0,0.0,0.0,0.0,0.0,3.0,1,13074,13074,13074,25990,12059,10158,9917,18861,1,1,1,25429,8004,1,1,18762,23648,1.0,0:23,2015,2016
2015-16,201951,Ty Lawson,Ty,1610612754,IND,Indiana Pacers,21501068,2016-03-24T00:00:00,IND vs. NOP,W,15.4,4.0,0.0,2.0,4.0,1.0,4.0,2.0,16.0,0.0,0.0,0.0,0.0,16.2,1,1,1,1,19497,2460,10158,4675,8599,2356,8458,4025,15259,8004,1,1,18762,14436,1.0,15:22,2015,2016
2015-16,203962,Josh Huestis,Josh,1610612760,OKC,Oklahoma City Thunder,21501071,2016-03-24T00:00:00,OKC vs. UTA,W,4.8,0.0,0.0,0.0,0.0,2.0,0.0,2.0,6.0,0.0,0.0,1.0,1.0,2.0,1,1,1,1,24425,12059,10158,9917,18861,2619,1,4025,22724,8004,1,4972,12373,24216,1.0,4:49,2015,2016
2015-16,202330,Gordon Hayward,Gordon,1610612762,UTA,Utah Jazz,21501071,2016-03-24T00:00:00,UTA @ OKC,L,22.5,2.0,0.0,2.0,4.0,19.0,7.0,14.0,26.0,0.0,1.0,1.0,2.0,12.9,1,13074,13074,13074,13737,6026,10158,4675,8599,25074,15642,23710,7214,8004,17214,4972,7786,17049,1.0,22:32,2015,2016
2015-16,1626170,Jerian Grant,Jerian,1610612752,NYK,New York Knicks,21501070,2016-03-24T00:00:00,NYK vs. CHI,W,11.8,0.0,0.0,0.0,2.0,2.0,2.0,2.0,10.0,0.0,0.0,0.0,1.0,3.0,1,1,1,1,21701,12059,10158,9917,12984,2619,3734,4025,20209,8004,1,1,12373,23648,1.0,11:45,2015,2016
2015-16,203497,Rudy Gobert,Rudy,1610612762,UTA,Utah Jazz,21501071,2016-03-24T00:00:00,UTA @ OKC,L,16.3,0.0,2.0,0.0,2.0,8.0,5.0,13.0,16.0,1.0,1.0,3.0,2.0,13.2,1,13074,13074,13074,18841,12059,4731,9917,12984,13914,11469,23048,15259,2692,17214,17641,7786,16768,1.0,16:17,2015,2016
2015-16,200755,JJ Redick,JJ,1610612746,LAC,LA Clippers,21501072,2016-03-24T00:00:00,LAC vs. POR,W,25.1,0.0,0.0,0.0,2.0,12.0,2.0,9.0,18.0,0.0,1.0,2.0,2.0,17.8,1,1,1,1,11567,12059,10158,9917,12984,20178,3734,18829,13577,8004,17214,11390,7786,13309,1.0,25:09,2015,2016
2015-16,202087,Alonzo Gee,Alonzo,1610612740,NOP,New Orleans Pelicans,21501068,2016-03-24T00:00:00,NOP @ IND,L,41.4,1.0,2.0,0.0,12.0,16.0,2.0,9.0,24.0,0.0,0.0,0.0,3.0,21.1,1,13074,13074,13074,417,11535,4731,9917,988,23774,3734,18829,8723,8004,1,1,4736,11012,1.0,41:21,2015,2016
2015-16,1718,Paul Pierce,Paul,1610612746,LAC,LA Clippers,21501072,2016-03-24T00:00:00,LAC vs. POR,W,14.6,0.0,0.0,0.0,0.0,8.0,0.0,8.0,12.0,1.0,0.0,2.0,0.0,12.8,1,1,1,1,20025,12059,10158,9917,18861,13914,1,17194,18637,2692,1,11390,18762,17129,1.0,14:37,2015,2016
2015-16,202388,Donald Sloan,Donald,1610612751,BKN,Brooklyn Nets,21501069,2016-03-24T00:00:00,BKN vs. CLE,W,17.3,0.0,0.0,0.0,2.0,0.0,9.0,0.0,6.0,0.0,0.0,0.0,1.0,21.2,1,1,1,1,18084,12059,10158,9917,12984,1,19144,1,22724,8004,1,1,12373,10936,1.0,17:15,2015,2016
2015-16,201166,Aaron Brooks,Aaron,1610612741,CHI,Chicago Bulls,21501070,2016-03-24T00:00:00,CHI @ NYK,L,17.5,0.0,0.0,0.0,4.0,0.0,7.0,5.0,6.0,0.0,1.0,0.0,2.0,14.1,1,13074,13074,13074,17880,12059,10158,9917,8599,1,15642,11593,22724,8004,17214,1,7786,16094,1.0,17:31,2015,2016
2015-16,202683,Enes Freedom,Enes,1610612760,OKC,Oklahoma City Thunder,21501071,2016-03-24T00:00:00,OKC vs. UTA,W,21.6,3.0,7.0,0.0,10.0,7.0,4.0,7.0,28.0,0.0,1.0,4.0,4.0,22.4,1,1,1,1,14518,4307,292,9917,1840,12242,8458,15538,5824,8004,17214,22104,2748,10131,1.0,21:36,2015,2016
2015-16,204001,Kristaps Porziņģis,Kristaps,1610612752,NYK,New York Knicks,21501070,2016-03-24T00:00:00,NYK vs. CHI,W,35.3,0.0,2.0,0.0,4.0,12.0,2.0,7.0,26.0,3.0,0.0,2.0,4.0,39.0,1,1,1,1,3285,12059,4731,9917,8599,20178,3734,15538,7214,347,1,11390,2748,2642,1.0,35:20,2015,2016
2015-16,1626168,Trey Lyles,Trey,1610612762,UTA,Utah Jazz,21501071,2016-03-24T00:00:00,UTA @ OKC,L,25.8,0.0,2.0,0.0,10.0,13.0,12.0,8.0,30.0,1.0,1.0,2.0,1.0,22.6,1,13074,13074,13074,11011,12059,4731,9917,1840,21300,22832,17194,4541,2692,17214,11390,12373,10000,1.0,25:48,2015,2016
2015-16,201145,Jeff Green,Jeff,1610612746,LAC,LA Clippers,21501072,2016-03-24T00:00:00,LAC vs. POR,W,26.2,0.0,0.0,0.0,4.0,9.0,14.0,6.0,20.0,1.0,0.0,4.0,0.0,16.8,1,1,1,1,10673,12059,10158,9917,8599,15771,24300,13388,11929,2692,1,22104,18762,13996,1.0,26:13,2015,2016
2015-16,202332,Cole Aldrich,Cole,1610612746,LAC,LA Clippers,21501072,2016-03-24T00:00:00,LAC vs. POR,W,15.4,0.0,0.0,0.0,6.0,6.0,2.0,7.0,10.0,2.0,0.0,3.0,2.0,22.5,1,1,1,1,19514,12059,10158,9917,5299,10028,3734,15538,20209,932,1,17641,7786,10082,1.0,15:21,2015,2016
2015-16,201572,Brook Lopez,Brook,1610612751,BKN,Brooklyn Nets,21501069,2016-03-24T00:00:00,BKN vs. CLE,W,31.6,1.0,7.0,0.0,16.0,5.0,4.0,9.0,34.0,0.0,0.0,4.0,5.0,39.9,1,1,1,1,6254,11535,292,9917,275,8403,8458,18829,2701,8004,1,22104,1539,2396,1.0,31:34,2015,2016
2015-16,203918,Rodney Hood,Rodney,1610612762,UTA,Utah Jazz,21501071,2016-03-24T00:00:00,UTA @ OKC,L,28.8,0.0,0.0,0.0,4.0,23.0,10.0,15.0,30.0,0.0,0.0,1.0,1.0,13.9,1,13074,13074,13074,8521,12059,10158,9917,8599,25803,20509,24242,4541,8004,1,4972,12373,16232,1.0,28:49,2015,2016
2015-16,201959,Taj Gibson,Taj,1610612741,CHI,Chicago Bulls,21501070,2016-03-24T00:00:00,CHI @ NYK,L,25.9,0.0,0.0,0.0,8.0,7.0,2.0,7.0,12.0,0.0,3.0,4.0,1.0,21.7,1,13074,13074,13074,10896,12059,10158,9917,3109,12242,3734,15538,18637,8004,25441,22104,12373,10592,1.0,25:56,2015,2016
2015-16,201586,Serge Ibaka,Serge,1610612760,OKC,Oklahoma City Thunder,21501071,2016-03-24T00:00:00,OKC vs. UTA,W,27.3,3.0,0.0,0.0,2.0,6.0,6.0,4.0,26.0,1.0,0.0,2.0,3.0,27.6,1,1,1,1,9804,4307,10158,9917,12984,10028,13237,8806,7214,2692,1,11390,4736,7080,1.0,27:15,2015,2016
2015-16,201941,Jordan Hill,Jordan,1610612754,IND,Indiana Pacers,21501068,2016-03-24T00:00:00,IND vs. NOP,W,15.4,0.0,0.0,0.0,0.0,1.0,4.0,0.0,16.0,0.0,0.0,1.0,0.0,13.8,1,1,1,1,19497,12059,10158,9917,18861,2356,8458,1,15259,8004,1,4972,18762,16311,1.0,15:22,2015,2016
2015-16,201599,DeAndre Jordan,DeAndre,1610612746,LAC,LA Clippers,21501072,2016-03-24T00:00:00,LAC vs. POR,W,32.1,4.0,1.0,0.0,6.0,14.0,9.0,8.0,26.0,1.0,1.0,5.0,11.0,39.1,1,1,1,1,5808,2460,9709,9917,5299,22292,19144,17194,7214,2692,17214,24686,44,2616,1.0,32:06,2015,2016
2015-16,202389,Timofey Mozgov,Timofey,1610612739,CLE,Cleveland Cavaliers,21501069,2016-03-24T00:00:00,CLE @ BKN,L,20.4,0.0,0.0,2.0,4.0,6.0,6.0,2.0,18.0,0.0,0.0,3.0,4.0,13.8,1,13074,13074,13074,15562,12059,10158,4675,8599,10028,13237,4025,13577,8004,1,17641,2748,16311,1.0,20:24,2015,2016
2015-16,201945,Gerald Henderson,Gerald,1610612757,POR,Portland Trail Blazers,21501072,2016-03-24T00:00:00,POR @ LAC,L,23.6,5.0,0.0,0.0,0.0,4.0,4.0,8.0,22.0,0.0,0.0,2.0,3.0,13.6,1,13074,13074,13074,12899,1603,10158,9917,18861,6141,8458,17194,10265,8004,1,11390,4736,16460,1.0,23:36,2015,2016
2015-16,101181,Jose Calderon,Jose,1610612752,NYK,New York Knicks,21501070,2016-03-24T00:00:00,NYK vs. CHI,W,33.0,1.0,3.0,1.0,2.0,15.0,0.0,7.0,26.0,0.0,0.0,3.0,3.0,31.9,1,1,1,1,5146,11535,3104,9347,12984,23079,1,15538,7214,8004,1,17641,4736,4984,1.0,32:59,2015,2016
2015-16,202331,Paul George,Paul,1610612754,IND,Indiana Pacers,21501068,2016-03-24T00:00:00,IND vs. NOP,W,19.9,4.0,0.0,0.0,4.0,6.0,2.0,2.0,14.0,1.0,0.0,0.0,2.0,27.8,1,1,1,1,15999,2460,10158,9917,8599,10028,3734,4025,17019,2692,1,1,7786,6950,1.0,19:54,2015,2016
2015-16,203079,Dion Waiters,Dion,1610612760,OKC,Oklahoma City Thunder,21501071,2016-03-24T00:00:00,OKC vs. UTA,W,29.4,4.0,0.0,4.0,6.0,9.0,6.0,9.0,40.0,0.0,0.0,2.0,3.0,31.9,1,1,1,1,8071,2460,10158,1913,5299,15771,13237,18829,983,8004,1,11390,4736,4984,1.0,29:23,2015,2016
2015-16,203499,Shane Larkin,Shane,1610612751,BKN,Brooklyn Nets,21501069,2016-03-24T00:00:00,BKN vs. CLE,W,30.8,5.0,3.0,2.0,12.0,5.0,2.0,11.0,40.0,0.0,0.0,1.0,2.0,28.1,1,1,1,1,6924,1603,3104,4675,988,8403,3734,21342,983,8004,1,4972,7786,6818,1.0,30:45,2015,2016
2015-16,202693,Markieff Morris,Markieff,1610612764,WAS,Washington Wizards,21501056,2016-03-23T00:00:00,WAS vs. ATL,L,26.2,0.0,4.0,0.0,6.0,10.0,2.0,5.0,12.0,0.0,0.0,6.0,3.0,32.3,1,13074,13074,13074,10714,12059,1596,9917,5299,17370,3734,11593,18637,8004,1,25827,4736,4807,1.0,26:10,2015,2016
2015-16,202694,Marcus Morris Sr.,Marcus,1610612765,DET,Detroit Pistons,21501058,2016-03-23T00:00:00,DET vs. ORL,W,37.9,0.0,0.0,0.0,6.0,16.0,17.0,12.0,36.0,0.0,0.0,3.0,1.0,32.0,1,1,1,1,1541,12059,10158,9917,5299,23774,25429,22259,1943,8004,1,17641,12373,4945,1.0,37:56,2015,2016
2015-16,101106,Andrew Bogut,Andrew,1610612744,GSW,Golden State Warriors,21501066,2016-03-23T00:00:00,GSW vs. LAC,W,20.2,0.0,2.0,0.0,4.0,5.0,4.0,9.0,20.0,2.0,0.0,3.0,1.0,28.0,1,1,1,1,15713,12059,4731,9917,8599,8403,8458,18829,11929,932,1,17641,12373,6864,1.0,20:13,2015,2016
2015-16,2733,Shaun Livingston,Shaun,1610612744,GSW,Golden State Warriors,21501066,2016-03-23T00:00:00,GSW vs. LAC,W,26.3,0.0,3.0,0.0,4.0,7.0,2.0,8.0,22.0,0.0,1.0,2.0,4.0,22.5,1,1,1,1,10598,12059,3104,9917,8599,12242,3734,17194,10265,8004,17214,11390,2748,10082,1.0,26:18,2015,2016
2015-16,101150,Lou Williams,Lou,1610612747,LAL,Los Angeles Lakers,21501065,2016-03-23T00:00:00,LAL @ PHX,L,19.7,4.0,4.0,1.0,2.0,6.0,6.0,2.0,16.0,0.0,0.0,1.0,4.0,21.9,1,13074,13074,13074,16171,2460,1596,9347,12984,10028,13237,4025,15259,8004,1,4972,2748,10460,1.0,19:41,2015,2016
2015-16,201573,Jerryd Bayless,Jerryd,1610612749,MIL,Milwaukee Bucks,21501059,2016-03-23T00:00:00,MIL @ CLE,L,33.0,5.0,0.0,3.0,4.0,17.0,16.0,11.0,44.0,0.0,1.0,1.0,1.0,22.5,1,13074,13074,13074,5104,1603,10158,3302,8599,24337,25155,21342,454,8004,17214,4972,12373,10082,1.0,33:01,2015,2016
2015-16,2200,Pau Gasol,Pau,1610612741,CHI,Chicago Bulls,21501060,2016-03-23T00:00:00,CHI vs. NYK,L,25.2,0.0,0.0,0.0,0.0,3.0,17.0,4.0,14.0,1.0,1.0,2.0,2.0,22.0,1,13074,13074,13074,11557,12059,10158,9917,18861,5109,25429,8806,17019,2692,17214,11390,7786,10388,1.0,25:09,2015,2016
2015-16,200746,LaMarcus Aldridge,LaMarcus,1610612759,SAS,San Antonio Spurs,21501063,2016-03-23T00:00:00,SAS vs. MIA,W,25.3,0.0,0.0,0.0,4.0,4.0,4.0,0.0,18.0,1.0,0.0,1.0,0.0,22.5,1,1,1,1,11446,12059,10158,9917,8599,6141,8458,1,13577,2692,1,4972,18762,10082,1.0,25:18,2015,2016
2015-16,2730,Dwight Howard,Dwight,1610612745,HOU,Houston Rockets,21501061,2016-03-23T00:00:00,HOU vs. UTA,L,34.6,0.0,0.0,0.0,4.0,17.0,16.0,7.0,30.0,6.0,2.0,3.0,3.0,32.1,1,13074,13074,13074,3890,12059,10158,9917,8599,24337,25155,15538,4541,19,23588,17641,4736,4889,1.0,34:34,2015,2016
2015-16,203114,Khris Middleton,Khris,1610612749,MIL,Milwaukee Bucks,21501059,2016-03-23T00:00:00,MIL @ CLE,L,37.3,0.0,0.0,0.0,0.0,17.0,16.0,11.0,44.0,0.0,0.0,3.0,2.0,31.9,1,13074,13074,13074,1910,12059,10158,9917,18861,24337,25155,21342,454,8004,1,17641,7786,4984,1.0,37:16,2015,2016
2015-16,202340,Avery Bradley,Avery,1610612738,BOS,Boston Celtics,21501057,2016-03-23T00:00:00,BOS vs. TOR,W,36.5,0.0,0.0,6.0,10.0,7.0,10.0,8.0,34.0,0.0,0.0,1.0,0.0,27.6,1,1,1,1,2387,12059,10158,740,1840,12242,20509,17194,2701,8004,1,4972,18762,7080,1.0,36:31,2015,2016
2015-16,203090,Maurice Harkless,Maurice,1610612757,POR,Portland Trail Blazers,21501067,2016-03-23T00:00:00,POR vs. DAL,W,25.3,4.0,2.0,6.0,10.0,8.0,5.0,2.0,22.0,1.0,2.0,1.0,2.0,27.8,1,1,1,1,11454,2460,4731,740,1840,13914,11469,4025,10265,2692,23588,4972,7786,6950,1.0,25:18,2015,2016
2015-16,203932,Aaron Gordon,Aaron,1610612753,ORL,Orlando Magic,21501058,2016-03-23T00:00:00,ORL @ DET,L,28.5,2.0,8.0,0.0,8.0,3.0,6.0,4.0,34.0,0.0,1.0,0.0,3.0,32.7,1,13074,13074,13074,8779,6026,137,9917,3109,5109,13237,8806,2701,8004,17214,1,4736,4649,1.0,28:32,2015,2016
2015-16,2546,Carmelo Anthony,Carmelo,1610612752,NYK,New York Knicks,21501060,2016-03-23T00:00:00,NYK @ CHI,W,38.8,0.0,7.0,2.0,4.0,10.0,5.0,19.0,28.0,0.0,1.0,2.0,2.0,32.1,1,1,1,1,1161,12059,292,4675,8599,17370,11469,25435,5824,8004,17214,11390,7786,4889,1.0,38:45,2015,2016
2015-16,201145,Jeff Green,Jeff,1610612746,LAC,LA Clippers,21501066,2016-03-23T00:00:00,LAC @ GSW,L,25.1,3.0,0.0,3.0,6.0,9.0,10.0,11.0,22.0,1.0,0.0,1.0,3.0,32.1,1,13074,13074,13074,11619,4307,10158,3302,5299,15771,20509,21342,10265,2692,1,4972,4736,4889,1.0,25:04,2015,2016
2015-16,204456,T.J. McConnell,T.J.,1610612755,PHI,Philadelphia 76ers,21501064,2016-03-23T00:00:00,PHI @ DEN,L,20.2,4.0,0.0,0.0,4.0,7.0,2.0,8.0,12.0,0.0,0.0,2.0,4.0,32.1,1,13074,13074,13074,15708,2460,10158,9917,8599,12242,3734,17194,18637,8004,1,11390,2748,4889,1.0,20:14,2015,2016
2015-16,202710,Jimmy Butler III,Jimmy,1610612741,CHI,Chicago Bulls,21501060,2016-03-23T00:00:00,CHI vs. NYK,L,35.5,0.0,0.0,2.0,2.0,7.0,17.0,6.0,24.0,1.0,2.0,1.0,1.0,32.8,1,13074,13074,13074,3109,12059,10158,4675,12984,12242,25429,13388,8723,2692,23588,4972,12373,4609,1.0,35:32,2015,2016
2015-16,203953,Jabari Parker,Jabari,1610612749,MIL,Milwaukee Bucks,21501059,2016-03-23T00:00:00,MIL @ CLE,L,26.5,4.0,1.0,2.0,4.0,12.0,16.0,11.0,40.0,0.0,0.0,3.0,2.0,27.7,1,13074,13074,13074,10422,2460,9709,4675,8599,20178,25155,21342,983,8004,1,17641,7786,7008,1.0,26:32,2015,2016
2015-16,101114,Deron Williams,Deron,1610612742,DAL,Dallas Mavericks,21501067,2016-03-23T00:00:00,DAL @ POR,L,39.4,0.0,0.0,0.0,6.0,17.0,8.0,11.0,38.0,0.0,1.0,5.0,3.0,32.1,1,13074,13074,13074,927,12059,10158,9917,5299,24337,17345,21342,1422,8004,17214,24686,4736,4889,1.0,39:23,2015,2016
2015-16,1495,Tim Duncan,Tim,1610612759,SAS,San Antonio Spurs,21501063,2016-03-23T00:00:00,SAS vs. MIA,W,24.4,0.0,0.0,0.0,2.0,0.0,4.0,0.0,18.0,0.0,0.0,0.0,1.0,21.8,1,1,1,1,12210,12059,10158,9917,12984,1,8458,1,13577,8004,1,1,12373,10526,1.0,24:24,2015,2016
2015-16,101108,Chris Paul,Chris,1610612746,LAC,LA Clippers,21501066,2016-03-23T00:00:00,LAC @ GSW,L,35.4,0.0,0.0,2.0,2.0,5.0,9.0,13.0,30.0,0.0,1.0,4.0,3.0,32.2,1,13074,13074,13074,3264,12059,10158,4675,12984,8403,19144,23048,4541,8004,17214,22104,4736,4846,1.0,35:21,2015,2016
2015-16,1626196,Josh Richardson,Josh,1610612748,MIA,Miami Heat,21501063,2016-03-23T00:00:00,MIA @ SAS,L,34.2,4.0,0.0,7.0,6.0,16.0,12.0,7.0,36.0,1.0,1.0,2.0,1.0,37.4,1,13074,13074,13074,4190,2460,10158,454,5299,23774,22832,15538,1943,2692,17214,11390,12373,3073,1.0,34:12,2015,2016
2015-16,203944,Julius Randle,Julius,1610612747,LAL,Los Angeles Lakers,21501065,2016-03-23T00:00:00,LAL @ PHX,L,31.2,6.0,7.0,4.0,14.0,11.0,6.0,11.0,42.0,0.0,2.0,5.0,3.0,37.5,1,13074,13074,13074,6588,878,292,1913,542,18886,13237,21342,670,8004,23588,24686,4736,3050,1.0,31:10,2015,2016
2015-16,203138,Hollis Thompson,Hollis,1610612755,PHI,Philadelphia 76ers,21501064,2016-03-23T00:00:00,PHI @ DEN,L,32.9,0.0,2.0,3.0,2.0,8.0,6.0,9.0,30.0,1.0,0.0,4.0,1.0,22.1,1,13074,13074,13074,5239,12059,4731,3302,12984,13914,13237,18829,4541,2692,1,22104,12373,10332,1.0,32:51,2015,2016
2015-16,203952,Andrew Wiggins,Andrew,1610612750,MIN,Minnesota Timberwolves,21501062,2016-03-23T00:00:00,MIN vs. SAC,W,41.3,7.0,2.0,7.0,18.0,12.0,13.0,8.0,44.0,0.0,1.0,0.0,6.0,32.3,1,1,1,1,428,548,4731,454,131,20178,23668,17194,454,8004,17214,1,873,4807,1.0,41:18,2015,2016
2015-16,202709,Cory Joseph,Cory,1610612761,TOR,Toronto Raptors,21501057,2016-03-23T00:00:00,TOR @ BOS,L,31.9,0.0,0.0,2.0,6.0,5.0,4.0,16.0,40.0,0.0,0.0,2.0,1.0,22.2,1,13074,13074,13074,5947,12059,10158,4675,5299,8403,8458,24641,983,8004,1,11390,12373,10263,1.0,31:56,2015,2016
2015-16,201589,Darrell Arthur,Darrell,1610612743,DEN,Denver Nuggets,21501064,2016-03-23T00:00:00,DEN vs. PHI,W,31.7,0.0,2.0,0.0,4.0,3.0,9.0,10.0,16.0,2.0,0.0,2.0,0.0,28.4,1,1,1,1,6137,12059,4731,9917,8599,5109,19144,20169,15259,932,1,11390,18762,6663,1.0,31:43,2015,2016
2015-16,203991,Clint Capela,Clint,1610612745,HOU,Houston Rockets,21501061,2016-03-23T00:00:00,HOU vs. UTA,L,18.6,0.0,2.0,1.0,8.0,5.0,2.0,3.0,8.0,2.0,0.0,3.0,2.0,28.0,1,13074,13074,13074,17042,12059,4731,9347,3109,8403,3734,7328,21543,932,1,17641,7786,6864,1.0,18:34,2015,2016
2015-16,203490,Otto Porter Jr.,Otto,1610612764,WAS,Washington Wizards,21501056,2016-03-23T00:00:00,WAS vs. ATL,L,34.2,2.0,0.0,2.0,4.0,15.0,8.0,11.0,28.0,0.0,1.0,2.0,1.0,17.2,1,13074,13074,13074,4216,6026,10158,4675,8599,23079,17345,21342,5824,8004,17214,11390,12373,13725,1.0,34:10,2015,2016
2015-16,1626257,Salah Mejri,Salah,1610612742,DAL,Dallas Mavericks,21501067,2016-03-23T00:00:00,DAL @ POR,L,29.8,0.0,2.0,0.0,12.0,10.0,4.0,3.0,24.0,3.0,4.0,2.0,1.0,37.9,1,13074,13074,13074,7704,12059,4731,9917,988,17370,8458,7328,8723,347,25926,11390,12373,2931,1.0,29:50,2015,2016
2015-16,201578,Marreese Speights,Marreese,1610612744,GSW,Golden State Warriors,21501066,2016-03-23T00:00:00,GSW vs. LAC,W,11.9,0.0,0.0,0.0,0.0,2.0,0.0,2.0,10.0,2.0,1.0,3.0,1.0,17.5,1,1,1,1,21628,12059,10158,9917,18861,2619,1,4025,20209,932,17214,17641,12373,13528,1.0,11:55,2015,2016
2015-16,1626145,Tyus Jones,Tyus,1610612750,MIN,Minnesota Timberwolves,21501062,2016-03-23T00:00:00,MIN vs. SAC,W,21.6,2.0,0.0,0.0,2.0,10.0,6.0,6.0,26.0,0.0,0.0,1.0,2.0,17.5,1,1,1,1,14490,6026,10158,9917,12984,17370,13237,13388,7214,8004,1,4972,7786,13528,1.0,21:38,2015,2016
2015-16,201147,Corey Brewer,Corey,1610612745,HOU,Houston Rockets,21501061,2016-03-23T00:00:00,HOU vs. UTA,L,17.3,4.0,0.0,4.0,4.0,7.0,5.0,0.0,4.0,0.0,0.0,2.0,2.0,16.9,1,13074,13074,13074,18068,2460,10158,1913,8599,12242,11469,1,23698,8004,1,11390,7786,13911,1.0,17:16,2015,2016
2015-16,1626159,Justise Winslow,Justise,1610612748,MIA,Miami Heat,21501063,2016-03-23T00:00:00,MIA @ SAS,L,30.9,2.0,0.0,3.0,4.0,16.0,10.0,7.0,32.0,0.0,1.0,4.0,3.0,16.9,1,13074,13074,13074,6775,6026,10158,3302,8599,23774,20509,15538,3535,8004,17214,22104,4736,13911,1.0,30:56,2015,2016
2015-16,201945,Gerald Henderson,Gerald,1610612757,POR,Portland Trail Blazers,21501067,2016-03-23T00:00:00,POR vs. DAL,W,23.4,6.0,4.0,2.0,4.0,6.0,5.0,4.0,24.0,0.0,1.0,1.0,1.0,14.1,1,1,1,1,13041,878,1596,4675,8599,10028,11469,8806,8723,8004,17214,4972,12373,16094,1.0,23:24,2015,2016
2015-16,202681,Kyrie Irving,Kyrie,1610612739,CLE,Cleveland Cavaliers,21501059,2016-03-23T00:00:00,CLE vs. MIL,W,38.3,0.0,0.0,0.0,4.0,17.0,9.0,7.0,36.0,0.0,0.0,2.0,4.0,38.6,1,1,1,1,1357,12059,10158,9917,8599,24337,19144,15538,1943,8004,1,11390,2748,2744,1.0,38:20,2015,2016
2015-16,203477,Isaiah Canaan,Isaiah,1610612755,PHI,Philadelphia 76ers,21501064,2016-03-23T00:00:00,PHI @ DEN,L,27.4,0.0,2.0,0.0,0.0,6.0,6.0,7.0,30.0,0.0,0.0,1.0,1.0,16.9,1,13074,13074,13074,9678,12059,4731,9917,18861,10028,13237,15538,4541,8004,1,4972,12373,13911,1.0,27:25,2015,2016
2015-16,203471,Dennis Schröder,Dennis,1610612737,ATL,Atlanta Hawks,21501056,2016-03-23T00:00:00,ATL @ WAS,W,20.3,5.0,3.0,2.0,8.0,2.0,6.0,5.0,12.0,0.0,0.0,1.0,7.0,39.8,1,1,1,1,15654,1603,3104,4675,3109,2619,13237,11593,18637,8004,1,4972,469,2422,1.0,20:17,2015,2016
2015-16,200752,Rudy Gay,Rudy,1610612758,SAC,Sacramento Kings,21501062,2016-03-23T00:00:00,SAC @ MIN,L,32.5,0.0,0.0,2.0,4.0,18.0,6.0,13.0,48.0,0.0,2.0,4.0,1.0,16.9,1,13074,13074,13074,5519,12059,10158,4675,8599,24749,13237,23048,192,8004,23588,22104,12373,13911,1.0,32:29,2015,2016
2015-16,1626153,Delon Wright,Delon,1610612761,TOR,Toronto Raptors,21501057,2016-03-23T00:00:00,TOR @ BOS,L,20.4,0.0,2.0,0.0,6.0,2.0,2.0,0.0,10.0,0.0,1.0,0.0,0.0,13.6,1,13074,13074,13074,15547,12059,4731,9917,5299,2619,3734,1,20209,8004,17214,1,18762,16460,1.0,20:25,2015,2016
2015-16,200755,JJ Redick,JJ,1610612746,LAC,LA Clippers,21501066,2016-03-23T00:00:00,LAC @ GSW,L,30.0,0.0,0.0,0.0,6.0,7.0,12.0,12.0,26.0,1.0,0.0,5.0,2.0,17.0,1,13074,13074,13074,7524,12059,10158,9917,5299,12242,22832,22259,7214,2692,1,24686,7786,13855,1.0,30:01,2015,2016
2015-16,203118,Mike Scott,Mike,1610612737,ATL,Atlanta Hawks,21501056,2016-03-23T00:00:00,ATL @ WAS,W,18.4,4.0,0.0,4.0,4.0,2.0,9.0,3.0,18.0,0.0,0.0,1.0,0.0,17.4,1,1,1,1,17200,2460,10158,1913,8599,2619,19144,7328,13577,8004,1,4972,18762,13595,1.0,18:23,2015,2016
2015-16,202083,Wesley Matthews,Wesley,1610612742,DAL,Dallas Mavericks,21501067,2016-03-23T00:00:00,DAL @ POR,L,41.3,6.0,0.0,0.0,4.0,17.0,10.0,12.0,36.0,1.0,0.0,0.0,1.0,38.5,1,13074,13074,13074,426,878,10158,9917,8599,24337,20509,22259,1943,2692,1,1,12373,2771,1.0,41:19,2015,2016
2015-16,204001,Kristaps Porziņģis,Kristaps,1610612752,NYK,New York Knicks,21501060,2016-03-23T00:00:00,NYK @ CHI,W,30.6,0.0,4.0,2.0,6.0,5.0,5.0,8.0,22.0,0.0,0.0,5.0,3.0,39.5,1,1,1,1,7058,12059,1596,4675,5299,8403,11469,17194,10265,8004,1,24686,4736,2497,1.0,30:33,2015,2016
2015-16,203903,Jordan Clarkson,Jordan,1610612747,LAL,Los Angeles Lakers,21501065,2016-03-23T00:00:00,LAL @ PHX,L,30.2,0.0,0.0,7.0,8.0,9.0,4.0,9.0,40.0,0.0,1.0,4.0,4.0,17.4,1,13074,13074,13074,7383,12059,10158,454,3109,15771,8458,18829,983,8004,17214,22104,2748,13595,1.0,30:10,2015,2016
2015-16,202697,Iman Shumpert,Iman,1610612739,CLE,Cleveland Cavaliers,21501059,2016-03-23T00:00:00,CLE vs. MIL,W,14.3,0.0,2.0,0.0,0.0,4.0,2.0,0.0,10.0,1.0,1.0,1.0,2.0,13.4,1,1,1,1,20250,12059,4731,9917,18861,6141,3734,1,20209,2692,17214,4972,7786,16614,1.0,14:15,2015,2016
2015-16,203473,Dewayne Dedmon,Dewayne,1610612753,ORL,Orlando Magic,21501058,2016-03-23T00:00:00,ORL @ DET,L,15.8,0.0,0.0,2.0,0.0,3.0,2.0,0.0,22.0,2.0,0.0,3.0,1.0,17.2,1,13074,13074,13074,19193,12059,10158,4675,18861,5109,3734,1,10265,932,1,17641,12373,13725,1.0,15:48,2015,2016
2015-16,2755,Kevin Martin,Kevin,1610612759,SAS,San Antonio Spurs,21501063,2016-03-23T00:00:00,SAS vs. MIA,W,15.5,0.0,0.0,0.0,0.0,4.0,2.0,4.0,10.0,0.0,0.0,1.0,2.0,13.7,1,1,1,1,19433,12059,10158,9917,18861,6141,3734,8806,20209,8004,1,4972,7786,16393,1.0,15:28,2015,2016
2015-16,2581,Steve Blake,Steve,1610612765,DET,Detroit Pistons,21501058,2016-03-23T00:00:00,DET vs. ORL,W,15.7,0.0,0.0,0.0,2.0,8.0,8.0,4.0,18.0,0.0,0.0,0.0,0.0,13.7,1,1,1,1,19304,12059,10158,9917,12984,13914,17345,8806,13577,8004,1,1,18762,16393,1.0,15:39,2015,2016
2015-16,203960,JaKarr Sampson,JaKarr,1610612743,DEN,Denver Nuggets,21501064,2016-03-23T00:00:00,DEN vs. PHI,W,17.2,6.0,2.0,0.0,4.0,3.0,7.0,8.0,8.0,2.0,1.0,3.0,2.0,17.4,1,1,1,1,18094,878,4731,9917,8599,5109,15642,17194,21543,932,17214,17641,7786,13595,1.0,17:15,2015,2016
2015-16,203382,Aron Baynes,Aron,1610612765,DET,Detroit Pistons,21501058,2016-03-23T00:00:00,DET vs. ORL,W,12.7,0.0,0.0,3.0,8.0,6.0,3.0,4.0,16.0,1.0,0.0,0.0,3.0,17.4,1,1,1,1,21177,12059,10158,3302,3109,10028,7138,8806,15259,2692,1,1,4736,13595,1.0,12:39,2015,2016
2015-16,201579,Roy Hibbert,Roy,1610612747,LAL,Los Angeles Lakers,21501065,2016-03-23T00:00:00,LAL @ PHX,L,23.5,0.0,3.0,0.0,2.0,11.0,0.0,11.0,28.0,1.0,0.0,2.0,2.0,15.0,1,13074,13074,13074,12976,12059,3104,9917,12984,18886,1,21342,5824,2692,1,11390,7786,15404,1.0,23:29,2015,2016
2015-16,2756,Sasha Vujacic,Sasha,1610612752,NYK,New York Knicks,21501060,2016-03-23T00:00:00,NYK @ CHI,W,13.2,0.0,3.0,0.0,0.0,3.0,0.0,4.0,8.0,1.0,0.0,2.0,0.0,19.5,1,1,1,1,20869,12059,3104,9917,18861,5109,1,8806,21543,2692,1,11390,18762,12096,1.0,13:12,2015,2016
2015-16,203085,Austin Rivers,Austin,1610612746,LAC,LA Clippers,21501066,2016-03-23T00:00:00,LAC @ GSW,L,24.4,4.0,0.0,4.0,4.0,7.0,6.0,11.0,26.0,0.0,1.0,2.0,2.0,23.8,1,13074,13074,13074,12262,2460,10158,1913,8599,12242,13237,21342,7214,8004,17214,11390,7786,9261,1.0,24:21,2015,2016
2015-16,202685,Jonas Valančiūnas,Jonas,1610612761,TOR,Toronto Raptors,21501057,2016-03-23T00:00:00,TOR @ BOS,L,20.7,0.0,2.0,0.0,8.0,4.0,4.0,12.0,24.0,2.0,1.0,1.0,2.0,25.4,1,13074,13074,13074,15319,12059,4731,9917,3109,6141,8458,22259,8723,932,17214,4972,7786,8273,1.0,20:42,2015,2016
2015-16,201563,Michael Beasley,Michael,1610612745,HOU,Houston Rockets,21501061,2016-03-23T00:00:00,HOU vs. UTA,L,20.3,2.0,0.0,0.0,6.0,3.0,2.0,2.0,14.0,0.0,0.0,1.0,2.0,10.2,1,13074,13074,13074,15666,6026,10158,9917,5299,5109,3734,4025,17019,8004,1,4972,7786,19003,1.0,20:16,2015,2016
2015-16,203496,Robert Covington,Robert,1610612755,PHI,Philadelphia 76ers,21501064,2016-03-23T00:00:00,PHI @ DEN,L,26.8,5.0,2.0,0.0,6.0,9.0,4.0,7.0,16.0,1.0,2.0,4.0,2.0,33.3,1,13074,13074,13074,10237,1603,4731,9917,5299,15771,8458,15538,15259,2692,23588,22104,7786,4423,1.0,26:45,2015,2016
2015-16,201954,Darren Collison,Darren,1610612758,SAC,Sacramento Kings,21501062,2016-03-23T00:00:00,SAC @ MIN,L,26.8,4.0,0.0,2.0,4.0,7.0,10.0,2.0,32.0,0.0,0.0,1.0,3.0,23.6,1,13074,13074,13074,10220,2460,10158,4675,8599,12242,20509,4025,3535,8004,1,4972,4736,9377,1.0,26:46,2015,2016
2015-16,202714,Shelvin Mack,Shelvin,1610612762,UTA,Utah Jazz,21501061,2016-03-23T00:00:00,UTA @ HOU,W,32.6,0.0,5.0,3.0,6.0,21.0,7.0,11.0,22.0,0.0,0.0,1.0,4.0,22.9,1,1,1,1,5398,12059,995,3302,5299,25535,15642,21342,10265,8004,1,4972,2748,9811,1.0,32:38,2015,2016
2015-16,977,Kobe Bryant,Kobe,1610612747,LAL,Los Angeles Lakers,21501065,2016-03-23T00:00:00,LAL @ PHX,L,27.9,0.0,3.0,0.0,0.0,11.0,2.0,11.0,38.0,1.0,1.0,1.0,2.0,25.6,1,13074,13074,13074,9306,12059,3104,9917,18861,18886,3734,21342,1422,2692,17214,4972,7786,8157,1.0,27:54,2015,2016
2015-16,1626273,Marcelo Huertas,Marcelo,1610612747,LAL,Los Angeles Lakers,21501065,2016-03-23T00:00:00,LAL @ PHX,L,15.2,0.0,0.0,0.0,4.0,4.0,2.0,0.0,8.0,0.0,0.0,3.0,1.0,10.4,1,13074,13074,13074,19627,12059,10158,9917,8599,6141,3734,1,21543,8004,1,17641,12373,18859,1.0,15:11,2015,2016
2015-16,203486,Mason Plumlee,Mason,1610612757,POR,Portland Trail Blazers,21501067,2016-03-23T00:00:00,POR vs. DAL,W,26.6,0.0,0.0,0.0,10.0,8.0,2.0,2.0,24.0,2.0,0.0,0.0,0.0,35.1,1,1,1,1,10360,12059,10158,9917,1840,13914,3734,4025,8723,932,1,1,18762,3777,1.0,26:37,2015,2016
2015-16,200757,Thabo Sefolosha,Thabo,1610612737,ATL,Atlanta Hawks,21501056,2016-03-23T00:00:00,ATL @ WAS,W,25.5,1.0,0.0,3.0,2.0,2.0,5.0,2.0,26.0,1.0,0.0,2.0,3.0,23.0,1,1,1,1,11334,11535,10158,3302,12984,2619,11469,4025,7214,2692,1,11390,4736,9760,1.0,25:28,2015,2016
2015-16,201942,DeMar DeRozan,DeMar,1610612761,TOR,Toronto Raptors,21501057,2016-03-23T00:00:00,TOR @ BOS,L,36.3,5.0,2.0,3.0,4.0,7.0,6.0,16.0,42.0,0.0,1.0,0.0,6.0,25.0,1,13074,13074,13074,2566,1603,4731,3302,8599,12242,13237,24641,670,8004,17214,1,873,8485,1.0,36:16,2015,2016
2015-16,203897,Zach LaVine,Zach,1610612750,MIN,Minnesota Timberwolves,21501062,2016-03-23T00:00:00,MIN vs. SAC,W,44.1,3.0,0.0,2.0,6.0,14.0,15.0,8.0,46.0,0.0,0.0,0.0,5.0,23.0,1,1,1,1,127,4307,10158,4675,5299,22292,24781,17194,298,8004,1,1,1539,9760,1.0,44:04,2015,2016
2015-16,202699,Tobias Harris,Tobias,1610612765,DET,Detroit Pistons,21501058,2016-03-23T00:00:00,DET vs. ORL,W,33.5,0.0,2.0,0.0,8.0,18.0,17.0,14.0,30.0,2.0,0.0,1.0,4.0,33.3,1,1,1,1,4766,12059,4731,9917,3109,24749,25429,23710,4541,932,1,4972,2748,4423,1.0,33:29,2015,2016
2015-16,2594,Kyle Korver,Kyle,1610612737,ATL,Atlanta Hawks,21501056,2016-03-23T00:00:00,ATL @ WAS,W,31.6,3.0,3.0,0.0,0.0,2.0,8.0,5.0,32.0,1.0,0.0,2.0,2.0,25.2,1,1,1,1,6266,4307,3104,9917,18861,2619,17345,11593,3535,2692,1,11390,7786,8383,1.0,31:34,2015,2016
2015-16,203082,Terrence Ross,Terrence,1610612761,TOR,Toronto Raptors,21501057,2016-03-23T00:00:00,TOR @ BOS,L,35.8,4.0,2.0,3.0,6.0,7.0,4.0,8.0,32.0,0.0,1.0,3.0,1.0,19.6,1,13074,13074,13074,2919,2460,4731,3302,5299,12242,8458,17194,3535,8004,17214,17641,12373,12024,1.0,35:46,2015,2016
2015-16,2403,Nene,ene,1610612764,WAS,Washington Wizards,21501056,2016-03-23T00:00:00,WAS vs. ATL,L,12.6,0.0,0.0,0.0,2.0,10.0,0.0,7.0,6.0,0.0,0.0,2.0,0.0,10.1,1,13074,13074,13074,21230,12059,10158,9917,12984,17370,1,15538,22724,8004,1,11390,18762,19105,1.0,12:35,2015,2016
2015-16,1626169,Stanley Johnson,Stanley,1610612765,DET,Detroit Pistons,21501058,2016-03-23T00:00:00,DET vs. ORL,W,29.2,0.0,0.0,2.0,2.0,10.0,10.0,6.0,28.0,0.0,1.0,3.0,1.0,23.6,1,1,1,1,8196,12059,10158,4675,12984,17370,20509,13388,5824,8004,17214,17641,12373,9377,1.0,29:13,2015,2016
2015-16,101123,Gerald Green,Gerald,1610612748,MIA,Miami Heat,21501063,2016-03-23T00:00:00,MIA @ SAS,L,15.1,0.0,0.0,0.0,0.0,2.0,3.0,0.0,12.0,0.0,0.0,1.0,2.0,19.6,1,13074,13074,13074,19680,12059,10158,9917,18861,2619,7138,1,18637,8004,1,4972,7786,12024,1.0,15:07,2015,2016
2015-16,201171,Carl Landry,Carl,1610612755,PHI,Philadelphia 76ers,21501064,2016-03-23T00:00:00,PHI @ DEN,L,23.9,0.0,0.0,0.0,6.0,6.0,4.0,5.0,24.0,0.0,1.0,4.0,2.0,25.9,1,13074,13074,13074,12663,12059,10158,9917,5299,10028,8458,11593,8723,8004,17214,22104,7786,7960,1.0,23:53,2015,2016
2015-16,101138,Brandon Bass,Brandon,1610612747,LAL,Los Angeles Lakers,21501065,2016-03-23T00:00:00,LAL @ PHX,L,24.5,2.0,0.0,0.0,8.0,4.0,10.0,0.0,24.0,1.0,0.0,0.0,2.0,19.6,1,13074,13074,13074,12102,6026,10158,9917,3109,6141,20509,1,8723,2692,1,1,7786,12024,1.0,24:31,2015,2016
2015-16,201571,D.J. Augustin,D.J.,1610612743,DEN,Denver Nuggets,21501064,2016-03-23T00:00:00,DEN vs. PHI,W,26.1,2.0,0.0,2.0,0.0,15.0,3.0,3.0,14.0,0.0,1.0,2.0,5.0,22.9,1,1,1,1,10743,6026,10158,4675,18861,23079,7138,7328,17019,8004,17214,11390,1539,9811,1.0,26:07,2015,2016
2015-16,203141,Mirza Teletovic,Mirza,1610612756,PHX,Phoenix Suns,21501065,2016-03-23T00:00:00,PHX vs. LAL,W,25.9,3.0,0.0,0.0,0.0,13.0,16.0,4.0,28.0,0.0,0.0,4.0,2.0,25.7,1,1,1,1,10918,4307,10158,9917,18861,21300,25155,8806,5824,8004,1,22104,7786,8088,1.0,25:54,2015,2016
2015-16,2561,David West,David,1610612759,SAS,San Antonio Spurs,21501063,2016-03-23T00:00:00,SAS vs. MIA,W,11.0,0.0,0.0,0.0,0.0,4.0,2.0,7.0,12.0,0.0,0.0,1.0,0.0,9.8,1,1,1,1,22056,12059,10158,9917,18861,6141,3734,15538,18637,8004,1,4972,18762,19331,1.0,10:57,2015,2016
2015-16,202322,John Wall,John,1610612764,WAS,Washington Wizards,21501056,2016-03-23T00:00:00,WAS vs. ATL,L,36.9,2.0,2.0,0.0,8.0,18.0,8.0,12.0,26.0,1.0,2.0,2.0,3.0,33.6,1,13074,13074,13074,2130,6026,4731,9917,3109,24749,17345,22259,7214,2692,23588,11390,4736,4305,1.0,36:55,2015,2016
2015-16,203095,Evan Fournier,Evan,1610612753,ORL,Orlando Magic,21501058,2016-03-23T00:00:00,ORL @ DET,L,29.4,8.0,0.0,6.0,8.0,3.0,6.0,5.0,34.0,0.0,0.0,2.0,2.0,19.7,1,13074,13074,13074,8059,308,10158,740,3109,5109,13237,11593,2701,8004,1,11390,7786,11962,1.0,29:24,2015,2016
2015-16,203096,Jared Sullinger,Jared,1610612738,BOS,Boston Celtics,21501057,2016-03-23T00:00:00,BOS vs. TOR,W,27.3,2.0,2.0,0.0,0.0,5.0,8.0,5.0,26.0,0.0,3.0,4.0,1.0,25.7,1,1,1,1,9804,6026,4731,9917,18861,8403,17345,11593,7214,8004,25441,22104,12373,8088,1.0,27:15,2015,2016
2015-16,203458,Alex Len,Alex,1610612756,PHX,Phoenix Suns,21501065,2016-03-23T00:00:00,PHX vs. LAL,W,28.7,0.0,0.0,0.0,10.0,12.0,12.0,12.0,28.0,0.0,2.0,4.0,3.0,25.6,1,1,1,1,8667,12059,10158,9917,1840,20178,22832,22259,5824,8004,23588,22104,4736,8157,1.0,28:41,2015,2016
2015-16,202704,Reggie Jackson,Reggie,1610612765,DET,Detroit Pistons,21501058,2016-03-23T00:00:00,DET vs. ORL,W,32.3,0.0,0.0,0.0,4.0,14.0,14.0,12.0,28.0,0.0,0.0,2.0,3.0,25.9,1,1,1,1,5614,12059,10158,9917,8599,22292,24300,22259,5824,8004,1,11390,4736,7960,1.0,32:21,2015,2016
2015-16,1718,Paul Pierce,Paul,1610612746,LAC,LA Clippers,21501066,2016-03-23T00:00:00,LAC @ GSW,L,16.8,0.0,0.0,0.0,0.0,3.0,3.0,6.0,14.0,0.0,0.0,1.0,0.0,10.1,1,13074,13074,13074,18447,12059,10158,9917,18861,5109,7138,13388,17019,8004,1,4972,18762,19105,1.0,16:46,2015,2016
2015-16,200826,J.J. Barea,J.J.,1610612742,DAL,Dallas Mavericks,21501067,2016-03-23T00:00:00,DAL @ POR,L,25.1,4.0,0.0,2.0,10.0,18.0,10.0,13.0,22.0,0.0,2.0,2.0,2.0,25.9,1,13074,13074,13074,11631,2460,10158,4675,1840,24749,20509,23048,10265,8004,23588,11390,7786,7960,1.0,25:03,2015,2016
2015-16,200782,P.J. Tucker,P.J.,1610612756,PHX,Phoenix Suns,21501065,2016-03-23T00:00:00,PHX vs. LAL,W,43.0,0.0,4.0,0.0,6.0,13.0,20.0,16.0,44.0,0.0,0.0,2.0,3.0,33.6,1,1,1,1,205,12059,1596,9917,5299,21300,25875,24641,454,8004,1,11390,4736,4305,1.0,42:57,2015,2016
2015-16,203110,Draymond Green,Draymond,1610612744,GSW,Golden State Warriors,21501066,2016-03-23T00:00:00,GSW vs. LAC,W,37.4,2.0,0.0,8.0,8.0,6.0,6.0,15.0,34.0,0.0,1.0,4.0,5.0,34.4,1,1,1,1,1857,6026,10158,280,3109,10028,13237,24242,2701,8004,17214,22104,1539,4029,1.0,37:22,2015,2016
2015-16,203924,Jerami Grant,Jerami,1610612755,PHI,Philadelphia 76ers,21501064,2016-03-23T00:00:00,PHI @ DEN,L,29.1,0.0,0.0,0.0,2.0,11.0,6.0,8.0,32.0,0.0,2.0,4.0,3.0,19.1,1,13074,13074,13074,8291,12059,10158,9917,12984,18886,13237,17194,3535,8004,23588,22104,4736,12372,1.0,29:07,2015,2016
2015-16,1626157,Karl-Anthony Towns,Karl-Anthony,1610612750,MIN,Minnesota Timberwolves,21501062,2016-03-23T00:00:00,MIN vs. SAC,W,29.2,6.0,4.0,4.0,18.0,10.0,9.0,6.0,28.0,4.0,1.0,5.0,4.0,51.2,1,1,1,1,8254,878,1596,1913,131,17370,19144,13388,5824,132,17214,24686,2748,642,1.0,29:09,2015,2016
2015-16,202330,Gordon Hayward,Gordon,1610612762,UTA,Utah Jazz,21501061,2016-03-23T00:00:00,UTA @ HOU,W,39.6,8.0,2.0,5.0,6.0,14.0,9.0,9.0,24.0,1.0,1.0,2.0,10.0,50.7,1,1,1,1,843,308,4731,1277,5299,22292,19144,18829,8723,2692,17214,11390,76,677,1.0,39:37,2015,2016
2015-16,201977,Marcus Thornton,Marcus,1610612764,WAS,Washington Wizards,21501056,2016-03-23T00:00:00,WAS vs. ATL,L,23.3,0.0,3.0,0.0,6.0,13.0,3.0,16.0,22.0,0.0,0.0,1.0,2.0,29.9,1,13074,13074,13074,13125,12059,3104,9917,5299,21300,7138,24641,10265,8004,1,4972,7786,5884,1.0,23:17,2015,2016
2015-16,2544,LeBron James,LeBron,1610612739,CLE,Cleveland Cavaliers,21501059,2016-03-23T00:00:00,CLE vs. MIL,W,36.9,10.0,4.0,8.0,16.0,17.0,10.0,14.0,34.0,1.0,1.0,0.0,6.0,52.2,1,1,1,1,2127,99,1596,280,275,24337,20509,23710,2701,2692,17214,1,873,564,1.0,36:55,2015,2016
2015-16,2037,Jamal Crawford,Jamal,1610612746,LAC,LA Clippers,21501066,2016-03-23T00:00:00,LAC @ GSW,L,32.2,0.0,0.0,0.0,2.0,7.0,6.0,11.0,26.0,1.0,1.0,1.0,3.0,29.2,1,13074,13074,13074,5730,12059,10158,9917,12984,12242,13237,21342,7214,2692,17214,4972,4736,6243,1.0,32:11,2015,2016
2015-16,201162,Jared Dudley,Jared,1610612764,WAS,Washington Wizards,21501056,2016-03-23T00:00:00,WAS vs. ATL,L,21.8,0.0,0.0,3.0,0.0,15.0,9.0,15.0,30.0,0.0,0.0,1.0,1.0,11.6,1,13074,13074,13074,14302,12059,10158,3302,18861,23079,19144,24242,4541,8004,1,4972,12373,17970,1.0,21:50,2015,2016
2015-16,202334,Ed Davis,Ed,1610612757,POR,Portland Trail Blazers,21501067,2016-03-23T00:00:00,POR vs. DAL,W,20.6,3.0,8.0,3.0,10.0,6.0,5.0,4.0,22.0,0.0,0.0,3.0,3.0,35.8,1,1,1,1,15422,4307,137,3302,1840,10028,11469,8806,10265,8004,1,17641,4736,3541,1.0,20:34,2015,2016
2015-16,203506,Victor Oladipo,Victor,1610612753,ORL,Orlando Magic,21501058,2016-03-23T00:00:00,ORL @ DET,L,41.0,0.0,3.0,4.0,8.0,3.0,8.0,4.0,50.0,1.0,0.0,3.0,4.0,36.1,1,13074,13074,13074,485,12059,3104,1913,3109,5109,17345,8806,107,2692,1,17641,2748,3432,1.0,41:01,2015,2016
2015-16,1626164,Devin Booker,Devin,1610612756,PHX,Phoenix Suns,21501065,2016-03-23T00:00:00,PHX vs. LAL,W,41.1,6.0,0.0,4.0,14.0,12.0,19.0,13.0,36.0,1.0,1.0,4.0,4.0,46.1,1,1,1,1,470,878,10158,1913,542,20178,25786,23048,1943,2692,17214,22104,2748,1185,1.0,41:05,2015,2016
2015-16,1626199,Darrun Hilliard,Darrun,1610612765,DET,Detroit Pistons,21501058,2016-03-23T00:00:00,DET vs. ORL,W,28.9,3.0,0.0,2.0,0.0,18.0,17.0,14.0,28.0,0.0,0.0,2.0,5.0,24.7,1,1,1,1,8487,4307,10158,4675,18861,24749,25429,23710,5824,8004,1,11390,1539,8673,1.0,28:51,2015,2016
2015-16,202323,Evan Turner,Evan,1610612738,BOS,Boston Celtics,21501057,2016-03-23T00:00:00,BOS vs. TOR,W,33.5,3.0,0.0,6.0,12.0,7.0,4.0,5.0,18.0,2.0,1.0,0.0,2.0,43.3,1,1,1,1,4772,4307,10158,740,988,12242,8458,11593,13577,932,17214,1,7786,1678,1.0,33:28,2015,2016
2015-16,200765,Rajon Rondo,Rajon,1610612758,SAC,Sacramento Kings,21501062,2016-03-23T00:00:00,SAC @ MIN,L,37.5,2.0,2.0,2.0,12.0,21.0,4.0,13.0,50.0,0.0,1.0,5.0,6.0,55.6,1,13074,13074,13074,1749,6026,4731,4675,988,25535,8458,23048,107,8004,17214,24686,873,371,1.0,37:30,2015,2016
2015-16,202695,Kawhi Leonard,Kawhi,1610612759,SAS,San Antonio Spurs,21501063,2016-03-23T00:00:00,SAS vs. MIA,W,24.1,5.0,7.0,8.0,14.0,2.0,6.0,0.0,18.0,1.0,1.0,1.0,6.0,46.6,1,1,1,1,12453,1603,292,280,542,2619,13237,1,13577,2692,17214,4972,873,1122,1.0,24:06,2015,2016
2015-16,202355,Hassan Whiteside,Hassan,1610612748,MIA,Miami Heat,21501063,2016-03-23T00:00:00,MIA @ SAS,L,34.2,2.0,6.0,0.0,8.0,16.0,12.0,7.0,36.0,2.0,0.0,2.0,5.0,37.3,1,13074,13074,13074,4190,6026,481,9917,3109,23774,22832,15538,1943,932,1,11390,1539,3105,1.0,34:12,2015,2016
2015-16,2747,JR Smith,JR,1610612739,CLE,Cleveland Cavaliers,21501059,2016-03-23T00:00:00,CLE vs. MIL,W,36.7,6.0,0.0,0.0,0.0,19.0,12.0,14.0,42.0,0.0,0.0,3.0,2.0,24.6,1,1,1,1,2285,878,10158,9917,18861,25074,22832,23710,670,8004,1,17641,7786,8724,1.0,36:42,2015,2016
2015-16,201567,Kevin Love,Kevin,1610612739,CLE,Cleveland Cavaliers,21501059,2016-03-23T00:00:00,CLE vs. MIL,W,31.2,3.0,8.0,3.0,8.0,15.0,8.0,9.0,28.0,2.0,0.0,3.0,4.0,47.0,1,1,1,1,6567,4307,137,3302,3109,23079,17345,18829,5824,932,1,17641,2748,1078,1.0,31:11,2015,2016
2015-16,202324,Derrick Favors,Derrick,1610612762,UTA,Utah Jazz,21501061,2016-03-23T00:00:00,UTA @ HOU,W,36.2,0.0,2.0,0.0,14.0,18.0,7.0,12.0,24.0,3.0,2.0,2.0,2.0,47.0,1,1,1,1,2636,12059,4731,9917,542,24749,15642,22259,8723,347,23588,11390,7786,1078,1.0,36:09,2015,2016
2015-16,203078,Bradley Beal,Bradley,1610612764,WAS,Washington Wizards,21501056,2016-03-23T00:00:00,WAS vs. ATL,L,31.4,0.0,2.0,0.0,4.0,15.0,5.0,7.0,20.0,0.0,0.0,2.0,2.0,11.5,1,13074,13074,13074,6365,12059,4731,9917,8599,23079,11469,15538,11929,8004,1,11390,7786,18079,1.0,31:26,2015,2016
2015-16,202703,Nikola Mirotic,Nikola,1610612741,CHI,Chicago Bulls,21501060,2016-03-23T00:00:00,CHI vs. NYK,L,33.5,0.0,5.0,2.0,2.0,8.0,10.0,2.0,20.0,0.0,1.0,2.0,4.0,45.2,1,13074,13074,13074,4740,12059,995,4675,12984,13914,20509,4025,11929,8004,17214,11390,2748,1324,1.0,33:30,2015,2016
2015-16,203914,Gary Harris,Gary,1610612743,DEN,Denver Nuggets,21501064,2016-03-23T00:00:00,DEN vs. PHI,W,35.5,4.0,2.0,2.0,10.0,13.0,9.0,10.0,20.0,0.0,1.0,1.0,3.0,24.0,1,1,1,1,3144,2460,4731,4675,1840,21300,19144,20169,11929,8004,17214,4972,4736,9121,1.0,35:30,2015,2016
2015-16,203476,Gorgui Dieng,Gorgui,1610612750,MIN,Minnesota Timberwolves,21501062,2016-03-23T00:00:00,MIN vs. SAC,W,36.8,3.0,0.0,0.0,6.0,10.0,13.0,4.0,44.0,2.0,0.0,1.0,3.0,45.9,1,1,1,1,2204,4307,10158,9917,5299,17370,23668,8806,454,932,1,4972,4736,1224,1.0,36:49,2015,2016
2015-16,203081,Damian Lillard,Damian,1610612757,POR,Portland Trail Blazers,21501067,2016-03-23T00:00:00,POR vs. DAL,W,37.7,0.0,0.0,2.0,6.0,14.0,4.0,6.0,42.0,2.0,1.0,1.0,4.0,45.2,1,1,1,1,1673,12059,10158,4675,5299,22292,8458,13388,670,932,17214,4972,2748,1324,1.0,37:39,2015,2016
2015-16,1626144,Emmanuel Mudiay,Emmanuel,1610612743,DEN,Denver Nuggets,21501064,2016-03-23T00:00:00,DEN vs. PHI,W,42.0,2.0,0.0,7.0,10.0,2.0,6.0,7.0,22.0,1.0,0.0,1.0,5.0,48.2,1,1,1,1,310,6026,10158,454,1840,2619,13237,15538,10265,2692,1,4972,1539,941,1.0,42:02,2015,2016
2015-16,203999,Nikola Jokić,Nikola,1610612743,DEN,Denver Nuggets,21501064,2016-03-23T00:00:00,DEN vs. PHI,W,27.0,0.0,2.0,0.0,10.0,0.0,6.0,7.0,14.0,0.0,0.0,1.0,8.0,37.1,1,1,1,1,10026,12059,4731,9917,1840,1,13237,15538,17019,8004,1,4972,254,3151,1.0,26:60,2015,2016
2015-16,202329,Al-Farouq Aminu,Al-Farouq,1610612757,POR,Portland Trail Blazers,21501067,2016-03-23T00:00:00,POR vs. DAL,W,36.1,1.0,0.0,3.0,4.0,10.0,2.0,6.0,36.0,2.0,0.0,2.0,2.0,35.7,1,1,1,1,2697,11535,10158,3302,8599,17370,3734,13388,1943,932,1,11390,7786,3578,1.0,36:04,2015,2016
2015-16,201937,Ricky Rubio,Ricky,1610612750,MIN,Minnesota Timberwolves,21501062,2016-03-23T00:00:00,MIN vs. SAC,W,26.4,0.0,0.0,0.0,0.0,4.0,11.0,2.0,26.0,0.0,1.0,4.0,2.0,37.0,1,1,1,1,10552,12059,10158,9917,18861,6141,21814,4025,7214,8004,17214,22104,7786,3182,1.0,26:22,2015,2016
2015-16,201599,DeAndre Jordan,DeAndre,1610612746,LAC,LA Clippers,21501066,2016-03-23T00:00:00,LAC @ GSW,L,38.0,3.0,4.0,3.0,14.0,7.0,9.0,17.0,36.0,2.0,1.0,5.0,7.0,53.5,1,13074,13074,13074,1507,4307,1596,3302,542,12242,19144,24967,1943,932,17214,24686,469,495,1.0,37:60,2015,2016
2015-16,201935,James Harden,James,1610612745,HOU,Houston Rockets,21501061,2016-03-23T00:00:00,HOU vs. UTA,L,41.9,10.0,7.0,7.0,8.0,17.0,16.0,10.0,38.0,0.0,1.0,3.0,6.0,68.4,1,13074,13074,13074,331,99,292,454,3109,24337,25155,20169,1422,8004,17214,17641,873,61,1.0,41:51,2015,2016
2015-16,201939,Stephen Curry,Stephen,1610612744,GSW,Golden State Warriors,21501066,2016-03-23T00:00:00,GSW vs. LAC,W,37.4,2.0,3.0,4.0,16.0,6.0,6.0,15.0,34.0,0.0,0.0,3.0,4.0,53.3,1,1,1,1,1797,6026,3104,1913,275,10028,13237,24242,2701,8004,1,17641,2748,504,1.0,37:26,2015,2016
2015-16,1626156,D'Angelo Russell,D'Angelo,1610612747,LAL,Los Angeles Lakers,21501065,2016-03-23T00:00:00,LAL @ PHX,L,31.0,2.0,2.0,0.0,4.0,11.0,8.0,11.0,40.0,2.0,0.0,4.0,0.0,29.1,1,13074,13074,13074,6743,6026,4731,9917,8599,18886,17345,21342,983,932,1,22104,18762,6285,1.0,30:58,2015,2016
2015-16,203083,Andre Drummond,Andre,1610612765,DET,Detroit Pistons,21501058,2016-03-23T00:00:00,DET vs. ORL,W,35.3,0.0,10.0,0.0,28.0,16.0,19.0,12.0,30.0,2.0,2.0,4.0,2.0,53.3,1,1,1,1,3277,12059,34,9917,3,23774,25786,22259,4541,932,23588,22104,7786,504,1.0,35:21,2015,2016
2015-16,203901,Elfrid Payton,Elfrid,1610612753,ORL,Orlando Magic,21501058,2016-03-23T00:00:00,ORL @ DET,L,34.5,8.0,4.0,2.0,18.0,0.0,8.0,7.0,40.0,0.0,3.0,3.0,2.0,49.0,1,13074,13074,13074,3961,308,1596,4675,131,1,17345,15538,983,8004,25441,17641,7786,862,1.0,34:29,2015,2016
2015-16,202738,Isaiah Thomas,Isaiah,1610612738,BOS,Boston Celtics,21501057,2016-03-23T00:00:00,BOS vs. TOR,W,35.6,2.0,2.0,4.0,10.0,5.0,8.0,5.0,26.0,0.0,2.0,3.0,5.0,36.4,1,1,1,1,3081,6026,4731,1913,1840,8403,17345,11593,7214,8004,23588,17641,1539,3353,1.0,35:34,2015,2016
2015-16,201585,Kosta Koufos,Kosta,1610612758,SAC,Sacramento Kings,21501062,2016-03-23T00:00:00,SAC @ MIN,L,37.8,2.0,4.0,0.0,14.0,23.0,12.0,11.0,50.0,2.0,2.0,4.0,2.0,37.0,1,13074,13074,13074,1629,6026,1596,9917,542,25803,22832,21342,107,932,23588,22104,7786,3182,1.0,37:45,2015,2016
2015-16,202688,Brandon Knight,Brandon,1610612756,PHX,Phoenix Suns,21501065,2016-03-23T00:00:00,PHX vs. LAL,W,35.9,6.0,0.0,7.0,12.0,6.0,15.0,11.0,32.0,2.0,1.0,2.0,8.0,53.1,1,1,1,1,2845,878,10158,454,988,10028,24781,21342,3535,932,17214,11390,254,513,1.0,35:53,2015,2016
2015-16,1717,Dirk Nowitzki,Dirk,1610612742,DAL,Dallas Mavericks,21501067,2016-03-23T00:00:00,DAL @ POR,L,36.4,0.0,0.0,2.0,4.0,11.0,6.0,15.0,34.0,1.0,0.0,1.0,2.0,36.3,1,13074,13074,13074,2506,12059,10158,4675,8599,18886,13237,24242,2701,2692,1,4972,7786,3380,1.0,36:22,2015,2016
2015-16,201581,JJ Hickson,JJ,1610612764,WAS,Washington Wizards,21501056,2016-03-23T00:00:00,WAS vs. ATL,L,2.3,0.0,0.0,0.0,0.0,2.0,3.0,4.0,8.0,0.0,0.0,1.0,0.0,1.5,1,13074,13074,13074,25407,12059,10158,9917,18861,2619,7138,8806,21543,8004,1,4972,18762,24473,1.0,2:19,2015,2016
2015-16,1626162,Kelly Oubre Jr.,Kelly,1610612764,WAS,Washington Wizards,21501056,2016-03-23T00:00:00,WAS vs. ATL,L,2.3,0.0,0.0,0.0,0.0,2.0,3.0,4.0,8.0,0.0,1.0,0.0,0.0,5.9,1,13074,13074,13074,25407,12059,10158,9917,18861,2619,7138,8806,21543,8004,17214,1,18762,21953,1.0,2:19,2015,2016
2015-16,1882,Elton Brand,Elton,1610612755,PHI,Philadelphia 76ers,21501064,2016-03-23T00:00:00,PHI @ DEN,L,3.1,0.0,0.0,0.0,0.0,0.0,0.0,2.0,4.0,0.0,0.0,1.0,1.0,1.4,1,13074,13074,13074,25093,12059,10158,9917,18861,1,1,4025,23698,8004,1,4972,12373,24615,1.0,3:05,2015,2016
2015-16,203935,Marcus Smart,Marcus,1610612738,BOS,Boston Celtics,21501057,2016-03-23T00:00:00,BOS vs. TOR,W,25.3,0.0,0.0,0.0,2.0,4.0,10.0,3.0,18.0,0.0,1.0,4.0,0.0,5.9,1,1,1,1,11473,12059,10158,9917,12984,6141,20509,7328,13577,8004,17214,22104,18762,21953,1.0,25:16,2015,2016
2015-16,1626147,Justin Anderson,Justin,1610612742,DAL,Dallas Mavericks,21501067,2016-03-23T00:00:00,DAL @ POR,L,5.5,0.0,0.0,0.0,0.0,5.0,4.0,5.0,8.0,0.0,0.0,0.0,0.0,1.4,1,13074,13074,13074,24179,12059,10158,9917,18861,8403,8458,11593,21543,8004,1,1,18762,24615,1.0,5:28,2015,2016
2015-16,203115,Will Barton,Will,1610612743,DEN,Denver Nuggets,21501064,2016-03-23T00:00:00,DEN vs. PHI,W,25.8,0.0,0.0,2.0,0.0,12.0,2.0,2.0,20.0,0.0,1.0,1.0,1.0,6.3,1,1,1,1,10993,12059,10158,4675,18861,20178,3734,4025,11929,8004,17214,4972,12373,21682,1.0,25:49,2015,2016
2015-16,203898,Tyler Ennis,Tyler,1610612749,MIL,Milwaukee Bucks,21501059,2016-03-23T00:00:00,MIL @ CLE,L,15.0,0.0,0.0,0.0,0.0,2.0,4.0,2.0,8.0,0.0,2.0,2.0,1.0,6.4,1,13074,13074,13074,19763,12059,10158,9917,18861,2619,8458,4025,21543,8004,23588,11390,12373,21589,1.0,14:59,2015,2016
2015-16,1626253,Axel Toupane,Axel,1610612743,DEN,Denver Nuggets,21501064,2016-03-23T00:00:00,DEN vs. PHI,W,14.6,0.0,0.0,0.0,0.0,12.0,0.0,0.0,12.0,0.0,0.0,2.0,0.0,5.9,1,1,1,1,20057,12059,10158,9917,18861,20178,1,1,18637,8004,1,11390,18762,21953,1.0,14:35,2015,2016
2015-16,203099,Jared Cunningham,Jared,1610612749,MIL,Milwaukee Bucks,21501059,2016-03-23T00:00:00,MIL @ CLE,L,10.7,0.0,0.0,3.0,2.0,2.0,4.0,2.0,8.0,0.0,1.0,2.0,4.0,10.6,1,13074,13074,13074,22138,12059,10158,3302,12984,2619,8458,4025,21543,8004,17214,11390,2748,18723,1.0,10:44,2015,2016
2015-16,1626181,Norman Powell,Norman,1610612761,TOR,Toronto Raptors,21501057,2016-03-23T00:00:00,TOR @ BOS,L,12.2,0.0,0.0,0.0,0.0,0.0,2.0,8.0,16.0,1.0,0.0,1.0,1.0,10.9,1,13074,13074,13074,21418,12059,10158,9917,18861,1,3734,17194,15259,2692,1,4972,12373,18498,1.0,12:14,2015,2016
2015-16,1626161,Willie Cauley-Stein,Willie,1610612758,SAC,Sacramento Kings,21501062,2016-03-23T00:00:00,SAC @ MIN,L,21.5,0.0,0.0,0.0,2.0,5.0,6.0,2.0,26.0,1.0,0.0,2.0,1.0,11.0,1,13074,13074,13074,14601,12059,10158,9917,12984,8403,13237,4025,7214,2692,1,11390,12373,18430,1.0,21:29,2015,2016
2015-16,201609,Goran Dragic,Goran,1610612748,MIA,Miami Heat,21501063,2016-03-23T00:00:00,MIA @ SAS,L,24.6,0.0,0.0,0.0,2.0,8.0,6.0,5.0,22.0,0.0,0.0,2.0,0.0,11.2,1,13074,13074,13074,12000,12059,10158,9917,12984,13914,13237,11593,10265,8004,1,11390,18762,18267,1.0,24:37,2015,2016
2015-16,204038,Langston Galloway,Langston,1610612752,NYK,New York Knicks,21501060,2016-03-23T00:00:00,NYK @ CHI,W,9.3,2.0,0.0,2.0,2.0,0.0,5.0,0.0,6.0,0.0,0.0,0.0,0.0,6.2,1,1,1,1,22735,6026,10158,4675,12984,1,11469,1,22724,8004,1,1,18762,21696,1.0,9:15,2015,2016
2015-16,201603,Sonny Weems,Sonny,1610612755,PHI,Philadelphia 76ers,21501064,2016-03-23T00:00:00,PHI @ DEN,L,13.3,3.0,0.0,0.0,0.0,7.0,0.0,4.0,8.0,0.0,1.0,0.0,0.0,6.2,1,13074,13074,13074,20805,4307,10158,9917,18861,12242,1,8806,21543,8004,17214,1,18762,21696,1.0,13:18,2015,2016
2015-16,203943,Noah Vonleh,Noah,1610612757,POR,Portland Trail Blazers,21501067,2016-03-23T00:00:00,POR vs. DAL,W,3.5,0.0,0.0,0.0,0.0,2.0,2.0,0.0,4.0,0.0,0.0,0.0,0.0,1.2,1,1,1,1,24935,12059,10158,9917,18861,2619,3734,1,23698,8004,1,1,18762,24661,1.0,3:28,2015,2016
2015-16,202341,James Anderson,James,1610612758,SAC,Sacramento Kings,21501062,2016-03-23T00:00:00,SAC @ MIN,L,12.0,0.0,2.0,0.0,2.0,9.0,0.0,7.0,16.0,0.0,0.0,1.0,0.0,5.2,1,13074,13074,13074,21520,12059,4731,9917,12984,15771,1,15538,15259,8004,1,4972,18762,22370,1.0,12:01,2015,2016
2015-16,1938,Manu Ginobili,Manu,1610612759,SAS,San Antonio Spurs,21501063,2016-03-23T00:00:00,SAS vs. MIA,W,14.4,2.0,2.0,0.0,0.0,6.0,4.0,8.0,10.0,0.0,0.0,1.0,0.0,9.5,1,1,1,1,20184,6026,4731,9917,18861,10028,8458,17194,20209,8004,1,4972,18762,19519,1.0,14:22,2015,2016
2015-16,203926,Doug McDermott,Doug,1610612741,CHI,Chicago Bulls,21501060,2016-03-23T00:00:00,CHI vs. NYK,L,19.8,2.0,0.0,2.0,2.0,7.0,7.0,2.0,14.0,0.0,0.0,1.0,1.0,13.3,1,13074,13074,13074,16100,6026,10158,4675,12984,12242,15642,4025,17019,8004,1,4972,12373,16712,1.0,19:46,2015,2016
2015-16,2550,Kirk Hinrich,Kirk,1610612737,ATL,Atlanta Hawks,21501056,2016-03-23T00:00:00,ATL @ WAS,W,2.3,0.0,0.0,0.0,0.0,0.0,3.0,0.0,2.0,0.0,0.0,0.0,0.0,4.2,1,1,1,1,25407,12059,10158,9917,18861,1,7138,1,24614,8004,1,1,18762,22976,1.0,2:19,2015,2016
2015-16,201973,Jonas Jerebko,Jonas,1610612738,BOS,Boston Celtics,21501057,2016-03-23T00:00:00,BOS vs. TOR,W,10.5,0.0,0.0,0.0,2.0,4.0,0.0,3.0,10.0,1.0,0.0,0.0,1.0,5.0,1,1,1,1,22243,12059,10158,9917,12984,6141,1,7328,20209,2692,1,1,12373,22500,1.0,10:28,2015,2016
2015-16,201949,James Johnson,James,1610612761,TOR,Toronto Raptors,21501057,2016-03-23T00:00:00,TOR @ BOS,L,7.4,0.0,0.0,0.0,0.0,0.0,0.0,0.0,4.0,1.0,0.0,0.0,1.0,8.7,1,13074,13074,13074,23426,12059,10158,9917,18861,1,1,1,23698,2692,1,1,12373,20045,1.0,7:23,2015,2016
2015-16,203895,Jordan McRae,Jordan,1610612739,CLE,Cleveland Cavaliers,21501059,2016-03-23T00:00:00,CLE vs. MIL,W,0.2,0.0,0.0,0.0,0.0,0.0,0.0,0.0,2.0,0.0,0.0,0.0,0.0,0.0,1,1,1,1,26019,12059,10158,9917,18861,1,1,1,24614,8004,1,1,18762,25170,1.0,0:12,2015,2016
2015-16,1626179,Terry Rozier,Terry,1610612738,BOS,Boston Celtics,21501057,2016-03-23T00:00:00,BOS vs. TOR,W,13.2,0.0,0.0,0.0,2.0,4.0,4.0,3.0,12.0,0.0,0.0,0.0,1.0,9.1,1,1,1,1,20874,12059,10158,9917,12984,6141,8458,7328,18637,8004,1,1,12373,19789,1.0,13:11,2015,2016
2015-16,101135,David Lee,David,1610612742,DAL,Dallas Mavericks,21501067,2016-03-23T00:00:00,DAL @ POR,L,13.4,2.0,2.0,0.0,4.0,12.0,8.0,9.0,18.0,0.0,0.0,1.0,1.0,9.0,1,13074,13074,13074,20769,6026,4731,9917,8599,20178,17345,18829,13577,8004,1,4972,12373,19835,1.0,13:21,2015,2016
2015-16,202066,Garrett Temple,Garrett,1610612764,WAS,Washington Wizards,21501056,2016-03-23T00:00:00,WAS vs. ATL,L,4.8,0.0,0.0,0.0,0.0,5.0,3.0,2.0,6.0,0.0,0.0,4.0,0.0,0.0,1,13074,13074,13074,24434,12059,10158,9917,18861,8403,7138,4025,22724,8004,1,22104,18762,25170,1.0,4:48,2015,2016
2015-16,203482,Kelly Olynyk,Kelly,1610612738,BOS,Boston Celtics,21501057,2016-03-23T00:00:00,BOS vs. TOR,W,18.1,0.0,0.0,0.0,0.0,2.0,6.0,1.0,6.0,0.0,0.0,2.0,1.0,6.9,1,1,1,1,17402,12059,10158,9917,18861,2619,13237,3646,22724,8004,1,11390,12373,21262,1.0,18:08,2015,2016
2015-16,203996,Damien Inglis,Damien,1610612749,MIL,Milwaukee Bucks,21501059,2016-03-23T00:00:00,MIL @ CLE,L,8.7,0.0,2.0,0.0,2.0,2.0,4.0,2.0,4.0,0.0,1.0,1.0,0.0,6.8,1,13074,13074,13074,22950,12059,4731,9917,12984,2619,8458,4025,23698,8004,17214,4972,18762,21328,1.0,8:43,2015,2016
2015-16,101111,Charlie Villanueva,Charlie,1610612742,DAL,Dallas Mavericks,21501067,2016-03-23T00:00:00,DAL @ POR,L,9.3,0.0,3.0,0.0,2.0,8.0,6.0,8.0,14.0,1.0,0.0,2.0,1.0,8.8,1,13074,13074,13074,22735,12059,3104,9917,12984,13914,13237,17194,17019,2692,1,11390,12373,19994,1.0,9:15,2015,2016
2015-16,203092,Tyler Zeller,Tyler,1610612738,BOS,Boston Celtics,21501057,2016-03-23T00:00:00,BOS vs. TOR,W,6.5,0.0,0.0,0.0,0.0,2.0,2.0,2.0,8.0,0.0,0.0,0.0,1.0,4.4,1,1,1,1,23739,12059,10158,9917,18861,2619,3734,4025,21543,8004,1,1,12373,22837,1.0,6:31,2015,2016
2015-16,203906,Devyn Marble,Devyn,1610612753,ORL,Orlando Magic,21501058,2016-03-23T00:00:00,ORL @ DET,L,2.5,0.0,0.0,0.0,0.0,0.0,2.0,0.0,2.0,0.0,0.0,0.0,1.0,0.0,1,13074,13074,13074,25308,12059,10158,9917,18861,1,3734,1,24614,8004,1,1,12373,25170,1.0,2:32,2015,2016
2015-16,201965,Jeff Ayres,Jeff,1610612746,LAC,LA Clippers,21501066,2016-03-23T00:00:00,LAC @ GSW,L,2.5,0.0,2.0,0.0,2.0,0.0,0.0,0.0,4.0,0.0,0.0,0.0,0.0,3.2,1,13074,13074,13074,25332,12059,4731,9917,12984,1,1,1,23698,8004,1,1,18762,23473,1.0,2:29,2015,2016
2015-16,203187,Chris Johnson,Chris,1610612762,UTA,Utah Jazz,21501061,2016-03-23T00:00:00,UTA @ HOU,W,4.7,0.0,0.0,0.0,0.0,2.0,2.0,0.0,4.0,0.0,0.0,2.0,0.0,0.0,1,1,1,1,24485,12059,10158,9917,18861,2619,3734,1,23698,8004,1,11390,18762,25170,1.0,4:40,2015,2016
2015-16,204060,Joe Ingles,Joe,1610612762,UTA,Utah Jazz,21501061,2016-03-23T00:00:00,UTA @ HOU,W,14.9,0.0,0.0,0.0,0.0,9.0,2.0,5.0,14.0,0.0,0.0,3.0,0.0,8.9,1,1,1,1,19814,12059,10158,9917,18861,15771,3734,11593,17019,8004,1,17641,18762,19914,1.0,14:55,2015,2016
2015-16,201601,Luc Mbah a Moute,Luc,1610612746,LAC,LA Clippers,21501066,2016-03-23T00:00:00,LAC @ GSW,L,8.5,0.0,0.0,0.0,2.0,3.0,3.0,6.0,10.0,0.0,0.0,2.0,0.0,3.2,1,13074,13074,13074,23032,12059,10158,9917,12984,5109,7138,13388,20209,8004,1,11390,18762,23473,1.0,8:28,2015,2016
2015-16,201229,Anthony Tolliver,Anthony,1610612765,DET,Detroit Pistons,21501058,2016-03-23T00:00:00,DET vs. ORL,W,14.5,0.0,0.0,0.0,0.0,4.0,5.0,2.0,16.0,0.0,0.0,0.0,0.0,5.1,1,1,1,1,20092,12059,10158,9917,18861,6141,11469,4025,15259,8004,1,1,18762,22478,1.0,14:31,2015,2016
2015-16,202357,Nemanja Bjelica,Nemanja,1610612750,MIN,Minnesota Timberwolves,21501062,2016-03-23T00:00:00,MIN vs. SAC,W,4.3,0.0,4.0,0.0,4.0,2.0,4.0,0.0,6.0,0.0,1.0,2.0,0.0,5.4,1,1,1,1,24607,12059,1596,9917,8599,2619,8458,1,22724,8004,17214,11390,18762,22242,1.0,4:19,2015,2016
2015-16,203530,Joffrey Lauvergne,Joffrey,1610612743,DEN,Denver Nuggets,21501064,2016-03-23T00:00:00,DEN vs. PHI,W,3.9,0.0,0.0,0.0,2.0,7.0,0.0,0.0,6.0,0.0,0.0,1.0,0.0,1.0,1,1,1,1,24747,12059,10158,9917,12984,12242,1,1,22724,8004,1,4972,18762,24960,1.0,3:54,2015,2016
2015-16,203488,Mike Muscala,Mike,1610612737,ATL,Atlanta Hawks,21501056,2016-03-23T00:00:00,ATL @ WAS,W,2.3,0.0,0.0,0.0,2.0,0.0,3.0,0.0,2.0,1.0,0.0,1.0,0.0,5.0,1,1,1,1,25407,12059,10158,9917,12984,1,7138,1,24614,2692,1,4972,18762,22500,1.0,2:19,2015,2016
2015-16,1626170,Jerian Grant,Jerian,1610612752,NYK,New York Knicks,21501060,2016-03-23T00:00:00,NYK @ CHI,W,16.8,3.0,0.0,0.0,2.0,5.0,5.0,7.0,14.0,0.0,0.0,1.0,0.0,9.6,1,1,1,1,18447,4307,10158,9917,12984,8403,11469,15538,17019,8004,1,4972,18762,19434,1.0,16:46,2015,2016
2015-16,2419,Tayshaun Prince,Tayshaun,1610612750,MIN,Minnesota Timberwolves,21501062,2016-03-23T00:00:00,MIN vs. SAC,W,11.5,0.0,0.0,0.0,0.0,2.0,6.0,2.0,12.0,0.0,0.0,1.0,0.0,0.2,1,1,1,1,21847,12059,10158,9917,18861,2619,13237,4025,18637,8004,1,4972,18762,25103,1.0,11:28,2015,2016
2015-16,203098,John Jenkins,John,1610612756,PHX,Phoenix Suns,21501065,2016-03-23T00:00:00,PHX vs. LAL,W,6.9,0.0,0.0,0.0,0.0,5.0,3.0,3.0,14.0,0.0,1.0,2.0,0.0,6.7,1,1,1,1,23589,12059,10158,9917,18861,8403,7138,7328,17019,8004,17214,11390,18762,21376,1.0,6:55,2015,2016
2015-16,2571,Leandro Barbosa,Leandro,1610612744,GSW,Golden State Warriors,21501066,2016-03-23T00:00:00,GSW vs. LAC,W,14.9,4.0,0.0,4.0,2.0,4.0,0.0,4.0,14.0,0.0,2.0,1.0,1.0,13.2,1,1,1,1,19828,2460,10158,1913,12984,6141,1,8806,17019,8004,23588,4972,12373,16768,1.0,14:54,2015,2016
2015-16,201978,Chase Budinger,Chase,1610612756,PHX,Phoenix Suns,21501065,2016-03-23T00:00:00,PHX vs. LAL,W,5.1,0.0,0.0,0.0,0.0,4.0,2.0,0.0,6.0,0.0,0.0,1.0,0.0,0.2,1,1,1,1,24346,12059,10158,9917,18861,6141,3734,1,22724,8004,1,4972,18762,25103,1.0,5:03,2015,2016
2015-16,203949,James Michael McAdoo,James Michael,1610612744,GSW,Golden State Warriors,21501066,2016-03-23T00:00:00,GSW vs. LAC,W,0.1,0.0,0.0,0.0,0.0,0.0,0.0,0.0,0.0,0.0,0.0,0.0,0.0,0.0,1,1,1,1,26050,12059,10158,9917,18861,1,1,1,25429,8004,1,1,18762,25170,1.0,0:04,2015,2016
2015-16,203521,Matthew Dellavedova,Matthew,1610612739,CLE,Cleveland Cavaliers,21501059,2016-03-23T00:00:00,CLE vs. MIL,W,17.6,0.0,0.0,0.0,2.0,6.0,3.0,7.0,14.0,0.0,1.0,3.0,2.0,7.0,1,1,1,1,17834,12059,10158,9917,12984,10028,7138,15538,17019,8004,17214,17641,7786,21188,1.0,17:35,2015,2016
2015-16,203948,Johnny O'Bryant III,Johnny,1610612749,MIL,Milwaukee Bucks,21501059,2016-03-23T00:00:00,MIL @ CLE,L,1.8,0.0,0.0,0.0,0.0,0.0,2.0,0.0,0.0,0.0,0.0,0.0,0.0,0.0,1,13074,13074,13074,25577,12059,10158,9917,18861,1,3734,1,25429,8004,1,1,18762,25170,1.0,1:49,2015,2016
2015-16,202325,Wesley Johnson,Wesley,1610612746,LAC,LA Clippers,21501066,2016-03-23T00:00:00,LAC @ GSW,L,17.4,0.0,0.0,2.0,4.0,7.0,7.0,6.0,18.0,0.0,0.0,0.0,0.0,4.0,1,13074,13074,13074,17976,12059,10158,4675,8599,12242,15642,13388,13577,8004,1,1,18762,23142,1.0,17:23,2015,2016
2015-16,203145,Kent Bazemore,Kent,1610612737,ATL,Atlanta Hawks,21501056,2016-03-23T00:00:00,ATL @ WAS,W,10.9,0.0,2.0,0.0,2.0,2.0,2.0,2.0,6.0,0.0,0.0,2.0,1.0,3.5,1,1,1,1,22077,12059,4731,9917,12984,2619,3734,4025,22724,8004,1,11390,12373,23351,1.0,10:53,2015,2016
2015-16,101112,Channing Frye,Channing,1610612739,CLE,Cleveland Cavaliers,21501059,2016-03-23T00:00:00,CLE vs. MIL,W,13.4,0.0,0.0,0.0,0.0,2.0,2.0,3.0,12.0,1.0,0.0,2.0,1.0,4.5,1,1,1,1,20731,12059,10158,9917,18861,2619,3734,7328,18637,2692,1,11390,12373,22773,1.0,13:25,2015,2016
2015-16,1889,Andre Miller,Andre,1610612759,SAS,San Antonio Spurs,21501063,2016-03-23T00:00:00,SAS vs. MIA,W,9.0,0.0,0.0,0.0,0.0,2.0,0.0,2.0,4.0,0.0,1.0,1.0,0.0,3.2,1,1,1,1,22844,12059,10158,9917,18861,2619,1,4025,23698,8004,17214,4972,18762,23473,1.0,8:58,2015,2016
2015-16,201196,Ramon Sessions,Ramon,1610612764,WAS,Washington Wizards,21501056,2016-03-23T00:00:00,WAS vs. ATL,L,11.1,0.0,0.0,2.0,0.0,7.0,3.0,8.0,16.0,0.0,0.0,1.0,1.0,5.2,1,13074,13074,13074,21992,12059,10158,4675,18861,12242,7138,17194,15259,8004,1,4972,12373,22370,1.0,11:05,2015,2016
2015-16,101109,Raymond Felton,Raymond,1610612742,DAL,Dallas Mavericks,21501067,2016-03-23T00:00:00,DAL @ POR,L,19.9,2.0,0.0,2.0,2.0,4.0,4.0,11.0,24.0,0.0,0.0,1.0,0.0,5.2,1,13074,13074,13074,15995,6026,10158,4675,12984,6141,8458,21342,8723,8004,1,4972,18762,22370,1.0,19:54,2015,2016
2015-16,203094,Andrew Nicholson,Andrew,1610612753,ORL,Orlando Magic,21501058,2016-03-23T00:00:00,ORL @ DET,L,4.4,0.0,0.0,0.0,0.0,0.0,4.0,0.0,4.0,0.0,0.0,0.0,0.0,4.4,1,13074,13074,13074,24591,12059,10158,9917,18861,1,8458,1,23698,8004,1,1,18762,22837,1.0,4:23,2015,2016
2015-16,201943,Brandon Jennings,Brandon,1610612753,ORL,Orlando Magic,21501058,2016-03-23T00:00:00,ORL @ DET,L,11.0,4.0,0.0,2.0,2.0,3.0,2.0,0.0,16.0,0.0,0.0,1.0,1.0,9.2,1,13074,13074,13074,22037,2460,10158,4675,12984,5109,3734,1,15259,8004,1,4972,12373,19680,1.0,10:59,2015,2016
2015-16,202328,Greg Monroe,Greg,1610612749,MIL,Milwaukee Bucks,21501059,2016-03-23T00:00:00,MIL @ CLE,L,25.7,2.0,0.0,0.0,8.0,12.0,16.0,11.0,38.0,0.0,1.0,2.0,1.0,17.9,1,13074,13074,13074,11100,6026,10158,9917,3109,20178,25155,21342,1422,8004,17214,11390,12373,13229,1.0,25:42,2015,2016
2015-16,203468,CJ McCollum,CJ,1610612757,POR,Portland Trail Blazers,21501067,2016-03-23T00:00:00,POR vs. DAL,W,37.3,0.0,0.0,3.0,4.0,10.0,5.0,6.0,34.0,0.0,1.0,2.0,5.0,21.2,1,1,1,1,1897,12059,10158,3302,8599,17370,11469,13388,2701,8004,17214,11390,1539,10936,1.0,37:17,2015,2016
2015-16,1626171,Bobby Portis,Bobby,1610612741,CHI,Chicago Bulls,21501060,2016-03-23T00:00:00,CHI vs. NYK,L,17.0,0.0,2.0,2.0,4.0,7.0,2.0,2.0,8.0,1.0,0.0,1.0,2.0,16.3,1,13074,13074,13074,18254,12059,4731,4675,8599,12242,3734,4025,21543,2692,1,4972,7786,14372,1.0,17:01,2015,2016
2015-16,202682,Derrick Williams,Derrick,1610612752,NYK,New York Knicks,21501060,2016-03-23T00:00:00,NYK @ CHI,W,14.8,2.0,0.0,0.0,4.0,5.0,7.0,9.0,10.0,0.0,0.0,1.0,0.0,12.7,1,1,1,1,19884,6026,10158,9917,8599,8403,15642,18829,20209,8004,1,4972,18762,17201,1.0,14:49,2015,2016
2015-16,202389,Timofey Mozgov,Timofey,1610612739,CLE,Cleveland Cavaliers,21501059,2016-03-23T00:00:00,CLE vs. MIL,W,20.9,0.0,0.0,2.0,10.0,12.0,2.0,8.0,20.0,1.0,0.0,1.0,2.0,18.6,1,1,1,1,15109,12059,10158,4675,1840,20178,3734,17194,11929,2692,1,4972,7786,12715,1.0,20:56,2015,2016
2015-16,1626204,Larry Nance Jr.,Larry,1610612747,LAL,Los Angeles Lakers,21501065,2016-03-23T00:00:00,LAL @ PHX,L,17.6,2.0,0.0,4.0,4.0,4.0,6.0,0.0,10.0,1.0,0.0,1.0,0.0,13.0,1,13074,13074,13074,17816,6026,10158,1913,8599,6141,13237,1,20209,2692,1,4972,18762,16969,1.0,17:37,2015,2016
2015-16,101141,Ersan Ilyasova,Ersan,1610612753,ORL,Orlando Magic,21501058,2016-03-23T00:00:00,ORL @ DET,L,24.4,0.0,2.0,0.0,2.0,0.0,6.0,5.0,30.0,0.0,0.0,1.0,1.0,13.1,1,13074,13074,13074,12262,12059,4731,9917,12984,1,13237,11593,4541,8004,1,4972,12373,16874,1.0,24:21,2015,2016
2015-16,2225,Tony Parker,Tony,1610612759,SAS,San Antonio Spurs,21501063,2016-03-23T00:00:00,SAS vs. MIA,W,23.7,1.0,0.0,0.0,0.0,2.0,2.0,0.0,18.0,0.0,1.0,1.0,1.0,16.1,1,1,1,1,12804,11535,10158,9917,18861,2619,3734,1,13577,8004,17214,4972,12373,14515,1.0,23:43,2015,2016
2015-16,203143,Pablo Prigioni,Pablo,1610612746,LAC,LA Clippers,21501066,2016-03-23T00:00:00,LAC @ GSW,L,2.9,0.0,0.0,3.0,0.0,0.0,0.0,0.0,4.0,0.0,0.0,0.0,0.0,3.0,1,13074,13074,13074,25172,12059,10158,3302,18861,1,1,1,23698,8004,1,1,18762,23648,1.0,2:53,2015,2016
2015-16,1626168,Trey Lyles,Trey,1610612762,UTA,Utah Jazz,21501061,2016-03-23T00:00:00,UTA @ HOU,W,9.7,0.0,0.0,0.0,0.0,7.0,2.0,2.0,8.0,0.0,1.0,0.0,0.0,2.6,1,1,1,1,22561,12059,10158,9917,18861,12242,3734,4025,21543,8004,17214,1,18762,23982,1.0,9:42,2015,2016
2015-16,2399,Mike Dunleavy,Mike,1610612741,CHI,Chicago Bulls,21501060,2016-03-23T00:00:00,CHI vs. NYK,L,28.2,0.0,3.0,2.0,4.0,3.0,12.0,4.0,14.0,0.0,1.0,0.0,0.0,12.8,1,13074,13074,13074,9053,12059,3104,4675,8599,5109,22832,8806,17019,8004,17214,1,18762,17129,1.0,28:14,2015,2016
2015-16,201959,Taj Gibson,Taj,1610612741,CHI,Chicago Bulls,21501060,2016-03-23T00:00:00,CHI vs. NYK,L,20.3,5.0,0.0,1.0,4.0,2.0,9.0,4.0,14.0,1.0,0.0,3.0,4.0,21.4,1,13074,13074,13074,15617,1603,10158,9347,8599,2619,19144,8806,17019,2692,1,17641,2748,10807,1.0,20:20,2015,2016
2015-16,201575,Brandon Rush,Brandon,1610612744,GSW,Golden State Warriors,21501066,2016-03-23T00:00:00,GSW vs. LAC,W,18.1,0.0,0.0,0.0,0.0,7.0,1.0,7.0,20.0,1.0,0.0,2.0,0.0,8.1,1,1,1,1,17454,12059,10158,9917,18861,12242,3393,15538,11929,2692,1,11390,18762,20521,1.0,18:05,2015,2016
2015-16,203459,Allen Crabbe,Allen,1610612757,POR,Portland Trail Blazers,21501067,2016-03-23T00:00:00,POR vs. DAL,W,20.8,6.0,0.0,0.0,0.0,4.0,2.0,0.0,22.0,1.0,1.0,2.0,0.0,15.9,1,1,1,1,15217,878,10158,9917,18861,6141,3734,1,10265,2692,17214,11390,18762,14675,1.0,20:49,2015,2016
2015-16,101179,Ronnie Price,Ronnie,1610612756,PHX,Phoenix Suns,21501065,2016-03-23T00:00:00,PHX vs. LAL,W,12.1,0.0,0.0,0.0,0.0,11.0,7.0,5.0,18.0,0.0,0.0,0.0,0.0,13.1,1,1,1,1,21469,12059,10158,9917,18861,18886,15642,11593,13577,8004,1,1,18762,16874,1.0,12:07,2015,2016
2015-16,202338,Kevin Seraphin,Kevin,1610612752,NYK,New York Knicks,21501060,2016-03-23T00:00:00,NYK @ CHI,W,11.5,0.0,0.0,0.0,0.0,7.0,5.0,9.0,4.0,1.0,1.0,1.0,1.0,16.0,1,1,1,1,21812,12059,10158,9917,18861,12242,11469,18829,23698,2692,17214,4972,12373,14590,1.0,11:31,2015,2016
2015-16,2449,Luis Scola,Luis,1610612761,TOR,Toronto Raptors,21501057,2016-03-23T00:00:00,TOR @ BOS,L,24.0,0.0,0.0,0.0,0.0,7.0,6.0,14.0,32.0,1.0,0.0,3.0,1.0,12.9,1,13074,13074,13074,12601,12059,10158,9917,18861,12242,13237,23710,3535,2692,1,17641,12373,17049,1.0,23:58,2015,2016
2015-16,201574,Jason Thompson,Jason,1610612761,TOR,Toronto Raptors,21501057,2016-03-23T00:00:00,TOR @ BOS,L,24.0,0.0,4.0,0.0,6.0,0.0,0.0,2.0,16.0,1.0,0.0,2.0,1.0,21.5,1,13074,13074,13074,12528,12059,1596,9917,5299,1,1,4025,15259,2692,1,11390,12373,10755,1.0,24:02,2015,2016
2015-16,201988,Patty Mills,Patty,1610612759,SAS,San Antonio Spurs,21501063,2016-03-23T00:00:00,SAS vs. MIA,W,15.3,2.0,0.0,2.0,4.0,4.0,6.0,8.0,12.0,0.0,0.0,0.0,3.0,16.4,1,1,1,1,19549,6026,10158,4675,8599,6141,13237,17194,18637,8004,1,1,4736,14289,1.0,15:19,2015,2016
2015-16,201980,Danny Green,Danny,1610612759,SAS,San Antonio Spurs,21501063,2016-03-23T00:00:00,SAS vs. MIA,W,22.0,0.0,0.0,0.0,0.0,2.0,2.0,0.0,18.0,0.0,2.0,1.0,0.0,16.1,1,1,1,1,14164,12059,10158,9917,18861,2619,3734,1,13577,8004,23588,4972,18762,14515,1.0,22:00,2015,2016
2015-16,203497,Rudy Gobert,Rudy,1610612762,UTA,Utah Jazz,21501061,2016-03-23T00:00:00,UTA @ HOU,W,23.4,0.0,2.0,0.0,2.0,11.0,2.0,5.0,16.0,0.0,3.0,2.0,2.0,7.9,1,1,1,1,13063,12059,4731,9917,12984,18886,3734,11593,15259,8004,25441,11390,7786,20646,1.0,23:23,2015,2016
2015-16,203909,KJ McDaniels,KJ,1610612745,HOU,Houston Rockets,21501061,2016-03-23T00:00:00,HOU vs. UTA,L,3.0,0.0,0.0,0.0,0.0,0.0,0.0,0.0,0.0,0.0,1.0,0.0,0.0,2.7,1,13074,13074,13074,25119,12059,10158,9917,18861,1,1,1,25429,8004,17214,1,18762,23884,1.0,3:01,2015,2016
2015-16,203498,Shabazz Muhammad,Shabazz,1610612750,MIN,Minnesota Timberwolves,21501062,2016-03-23T00:00:00,MIN vs. SAC,W,10.6,2.0,2.0,0.0,4.0,2.0,6.0,0.0,14.0,0.0,0.0,2.0,0.0,7.6,1,1,1,1,22180,6026,4731,9917,8599,2619,13237,1,17019,8004,1,11390,18762,20803,1.0,10:38,2015,2016
2015-16,202700,Donatas Motiejunas,Donatas,1610612745,HOU,Houston Rockets,21501061,2016-03-23T00:00:00,HOU vs. UTA,L,18.1,0.0,0.0,0.0,2.0,7.0,9.0,8.0,20.0,0.0,0.0,2.0,3.0,16.1,1,13074,13074,13074,17402,12059,10158,9917,12984,12242,19144,17194,11929,8004,1,11390,4736,14515,1.0,18:08,2015,2016
2015-16,1891,Jason Terry,Jason,1610612745,HOU,Houston Rockets,21501061,2016-03-23T00:00:00,HOU vs. UTA,L,16.0,0.0,0.0,0.0,0.0,0.0,2.0,3.0,8.0,0.0,0.0,0.0,0.0,2.7,1,13074,13074,13074,19056,12059,10158,9917,18861,1,3734,7328,21543,8004,1,1,18762,23884,1.0,15:59,2015,2016
2015-16,203148,Brian Roberts,Brian,1610612757,POR,Portland Trail Blazers,21501067,2016-03-23T00:00:00,POR vs. DAL,W,8.8,2.0,0.0,0.0,0.0,2.0,3.0,0.0,10.0,0.0,0.0,0.0,0.0,7.7,1,1,1,1,22903,6026,10158,9917,18861,2619,7138,1,20209,8004,1,1,18762,20733,1.0,8:50,2015,2016
2015-16,202962,Greg Smith,Greg,1610612750,MIN,Minnesota Timberwolves,21501062,2016-03-23T00:00:00,MIN vs. SAC,W,14.3,0.0,0.0,0.0,6.0,4.0,2.0,4.0,14.0,0.0,0.0,2.0,3.0,13.0,1,1,1,1,20250,12059,10158,9917,5299,6141,3734,8806,17019,8004,1,11390,4736,16969,1.0,14:15,2015,2016
2015-16,203894,Shabazz Napier,Shabazz,1610612753,ORL,Orlando Magic,21501058,2016-03-23T00:00:00,ORL @ DET,L,2.5,0.0,0.0,0.0,0.0,0.0,2.0,0.0,2.0,0.0,0.0,0.0,0.0,2.4,1,13074,13074,13074,25308,12059,10158,9917,18861,1,3734,1,24614,8004,1,1,18762,24024,1.0,2:32,2015,2016
2015-16,201143,Al Horford,Al,1610612737,ATL,Atlanta Hawks,21501056,2016-03-23T00:00:00,ATL @ WAS,W,28.8,3.0,0.0,0.0,2.0,2.0,6.0,7.0,22.0,0.0,0.0,1.0,2.0,18.1,1,1,1,1,8582,4307,10158,9917,12984,2619,13237,15538,10265,8004,1,4972,7786,13090,1.0,28:46,2015,2016
2015-16,203918,Rodney Hood,Rodney,1610612762,UTA,Utah Jazz,21501061,2016-03-23T00:00:00,UTA @ HOU,W,37.5,5.0,2.0,0.0,0.0,21.0,5.0,14.0,30.0,0.0,2.0,4.0,1.0,18.0,1,1,1,1,1740,1603,4731,9917,18861,25535,11469,23710,4541,8004,23588,22104,12373,13164,1.0,37:31,2015,2016
2015-16,2564,Boris Diaw,Boris,1610612759,SAS,San Antonio Spurs,21501063,2016-03-23T00:00:00,SAS vs. MIA,W,20.3,2.0,0.0,0.0,6.0,6.0,6.0,8.0,14.0,1.0,0.0,2.0,2.0,12.4,1,1,1,1,15642,6026,10158,9917,5299,10028,13237,17194,17019,2692,1,11390,7786,17418,1.0,20:18,2015,2016
2015-16,2207,Joe Johnson,Joe,1610612748,MIA,Miami Heat,21501063,2016-03-23T00:00:00,MIA @ SAS,L,32.5,0.0,0.0,0.0,0.0,10.0,8.0,10.0,34.0,0.0,1.0,0.0,1.0,17.9,1,13074,13074,13074,5470,12059,10158,9917,18861,17370,17345,20169,2701,8004,17214,1,12373,13229,1.0,32:32,2015,2016
2015-16,202332,Cole Aldrich,Cole,1610612746,LAC,LA Clippers,21501066,2016-03-23T00:00:00,LAC @ GSW,L,7.1,0.0,0.0,0.0,2.0,5.0,5.0,2.0,4.0,2.0,1.0,1.0,0.0,8.4,1,13074,13074,13074,23542,12059,10158,9917,12984,8403,11469,4025,23698,932,17214,4972,18762,20273,1.0,7:03,2015,2016
2015-16,203101,Miles Plumlee,Miles,1610612749,MIL,Milwaukee Bucks,21501059,2016-03-23T00:00:00,MIL @ CLE,L,22.3,2.0,2.0,0.0,2.0,7.0,4.0,2.0,14.0,2.0,1.0,4.0,1.0,12.6,1,13074,13074,13074,13920,6026,4731,9917,12984,12242,8458,4025,17019,932,17214,22104,12373,17277,1.0,22:18,2015,2016
2015-16,201158,Marco Belinelli,Marco,1610612758,SAC,Sacramento Kings,21501062,2016-03-23T00:00:00,SAC @ MIN,L,24.1,2.0,2.0,0.0,2.0,9.0,10.0,4.0,32.0,0.0,0.0,3.0,1.0,18.0,1,13074,13074,13074,12453,6026,4731,9917,12984,15771,20509,8806,3535,8004,1,17641,12373,13164,1.0,24:06,2015,2016
2015-16,201160,Jason Smith,Jason,1610612753,ORL,Orlando Magic,21501058,2016-03-23T00:00:00,ORL @ DET,L,22.9,0.0,2.0,0.0,0.0,0.0,6.0,5.0,26.0,0.0,1.0,3.0,0.0,21.6,1,13074,13074,13074,13439,12059,4731,9917,18861,1,13237,11593,7214,8004,17214,17641,18762,10666,1.0,22:56,2015,2016
2015-16,2772,Trevor Ariza,Trevor,1610612745,HOU,Houston Rockets,21501061,2016-03-23T00:00:00,HOU vs. UTA,L,37.9,5.0,0.0,2.0,4.0,12.0,14.0,10.0,36.0,1.0,0.0,4.0,1.0,18.1,1,13074,13074,13074,1546,1603,10158,4675,8599,20178,24300,20169,1943,2692,1,22104,12373,13090,1.0,37:55,2015,2016
2015-16,201166,Aaron Brooks,Aaron,1610612741,CHI,Chicago Bulls,21501060,2016-03-23T00:00:00,CHI vs. NYK,L,16.4,3.0,0.0,3.0,4.0,4.0,2.0,2.0,14.0,0.0,0.0,0.0,0.0,18.5,1,13074,13074,13074,18734,4307,10158,3302,8599,6141,3734,4025,17019,8004,1,1,18762,12794,1.0,16:24,2015,2016
2015-16,203501,Tim Hardaway Jr.,Tim,1610612737,ATL,Atlanta Hawks,21501056,2016-03-23T00:00:00,ATL @ WAS,W,25.2,0.0,0.0,7.0,6.0,2.0,10.0,5.0,14.0,0.0,0.0,1.0,2.0,18.7,1,1,1,1,11499,12059,10158,454,5299,2619,20509,11593,17019,8004,1,4972,7786,12648,1.0,25:14,2015,2016
2015-16,2734,Devin Harris,Devin,1610612742,DAL,Dallas Mavericks,21501067,2016-03-23T00:00:00,DAL @ POR,L,20.1,0.0,0.0,0.0,4.0,8.0,10.0,8.0,22.0,0.0,1.0,3.0,1.0,20.8,1,13074,13074,13074,15850,12059,10158,9917,8599,13914,20509,17194,10265,8004,17214,17641,12373,11195,1.0,20:05,2015,2016
2015-16,203200,Justin Holiday,Justin,1610612741,CHI,Chicago Bulls,21501060,2016-03-23T00:00:00,CHI vs. NYK,L,12.5,0.0,0.0,0.0,0.0,3.0,2.0,0.0,4.0,1.0,0.0,1.0,0.0,8.4,1,13074,13074,13074,21289,12059,10158,9917,18861,5109,3734,1,23698,2692,1,4972,18762,20273,1.0,12:28,2015,2016
2015-16,1626158,Richaun Holmes,Richaun,1610612755,PHI,Philadelphia 76ers,21501064,2016-03-23T00:00:00,PHI @ DEN,L,14.6,0.0,0.0,0.0,4.0,4.0,2.0,4.0,12.0,0.0,1.0,3.0,2.0,15.3,1,13074,13074,13074,20061,12059,10158,9917,8599,6141,3734,8806,18637,8004,17214,17641,7786,15150,1.0,14:34,2015,2016
2015-16,203084,Harrison Barnes,Harrison,1610612744,GSW,Golden State Warriors,21501066,2016-03-23T00:00:00,GSW vs. LAC,W,37.3,4.0,0.0,1.0,2.0,7.0,5.0,12.0,34.0,0.0,0.0,0.0,4.0,20.2,1,1,1,1,1890,2460,10158,9347,12984,12242,11469,22259,2701,8004,1,1,2748,11610,1.0,37:18,2015,2016
2015-16,203507,Giannis Antetokounmpo,Giannis,1610612749,MIL,Milwaukee Bucks,21501059,2016-03-23T00:00:00,MIL @ CLE,L,39.3,6.0,4.0,6.0,18.0,17.0,16.0,11.0,48.0,1.0,1.0,4.0,2.0,41.2,1,13074,13074,13074,956,878,1596,740,131,24337,25155,21342,192,2692,17214,22104,7786,2099,1.0,39:17,2015,2016
2015-16,101162,Marcin Gortat,Marcin,1610612764,WAS,Washington Wizards,21501056,2016-03-23T00:00:00,WAS vs. ATL,L,33.1,0.0,3.0,0.0,10.0,13.0,8.0,9.0,28.0,1.0,1.0,0.0,4.0,40.3,1,13074,13074,13074,5042,12059,3104,9917,1840,21300,17345,18829,5824,2692,17214,1,2748,2302,1.0,33:07,2015,2016
2015-16,202684,Tristan Thompson,Tristan,1610612739,CLE,Cleveland Cavaliers,21501059,2016-03-23T00:00:00,CLE vs. MIL,W,30.5,0.0,6.0,0.0,12.0,13.0,12.0,8.0,32.0,2.0,1.0,2.0,1.0,31.0,1,1,1,1,7126,12059,481,9917,988,21300,22832,17194,3535,932,17214,11390,12373,5406,1.0,30:28,2015,2016
2015-16,201956,Omri Casspi,Omri,1610612758,SAC,Sacramento Kings,21501062,2016-03-23T00:00:00,SAC @ MIN,L,26.1,0.0,2.0,0.0,6.0,10.0,10.0,6.0,40.0,1.0,0.0,2.0,3.0,20.3,1,13074,13074,13074,10786,12059,4731,9917,5299,17370,20509,13388,983,2692,1,11390,4736,11534,1.0,26:04,2015,2016
2015-16,202344,Trevor Booker,Trevor,1610612762,UTA,Utah Jazz,21501061,2016-03-23T00:00:00,UTA @ HOU,W,26.1,4.0,0.0,2.0,10.0,10.0,7.0,9.0,24.0,1.0,0.0,2.0,1.0,27.0,1,1,1,1,10798,2460,10158,4675,1840,17370,15642,18829,8723,2692,1,11390,12373,7385,1.0,26:04,2015,2016
2015-16,203994,Jusuf Nurkić,Jusuf,1610612743,DEN,Denver Nuggets,21501064,2016-03-23T00:00:00,DEN vs. PHI,W,16.1,1.0,0.0,0.0,2.0,8.0,3.0,3.0,8.0,4.0,0.0,5.0,3.0,27.0,1,1,1,1,18956,11535,10158,9917,12984,13914,7138,7328,21543,132,1,24686,4736,7385,1.0,16:07,2015,2016
2015-16,202691,Klay Thompson,Klay,1610612744,GSW,Golden State Warriors,21501066,2016-03-23T00:00:00,GSW vs. LAC,W,36.4,0.0,6.0,2.0,8.0,6.0,6.0,13.0,32.0,0.0,2.0,2.0,2.0,41.3,1,1,1,1,2452,12059,481,4675,3109,10028,13237,23048,3535,8004,23588,11390,7786,2074,1.0,36:25,2015,2016
2015-16,2743,Kris Humphries,Kris,1610612737,ATL,Atlanta Hawks,21501056,2016-03-23T00:00:00,ATL @ WAS,W,16.7,2.0,3.0,2.0,8.0,0.0,6.0,2.0,12.0,2.0,0.0,1.0,1.0,26.3,1,1,1,1,18473,6026,3104,4675,3109,1,13237,4025,18637,932,1,4972,12373,7733,1.0,16:44,2015,2016
2015-16,101161,Amir Johnson,Amir,1610612738,BOS,Boston Celtics,21501057,2016-03-23T00:00:00,BOS vs. TOR,W,33.6,0.0,2.0,0.0,10.0,5.0,8.0,5.0,22.0,2.0,0.0,4.0,3.0,42.3,1,1,1,1,4644,12059,4731,9917,1840,8403,17345,11593,10265,932,1,22104,4736,1877,1.0,33:38,2015,2016
2015-16,203089,John Henson,John,1610612749,MIL,Milwaukee Bucks,21501059,2016-03-23T00:00:00,MIL @ CLE,L,19.7,2.0,3.0,0.0,6.0,7.0,2.0,2.0,12.0,1.0,0.0,2.0,3.0,20.1,1,13074,13074,13074,16189,6026,3104,9917,5299,12242,3734,4025,18637,2692,1,11390,4736,11685,1.0,19:39,2015,2016
2015-16,201952,Jeff Teague,Jeff,1610612737,ATL,Atlanta Hawks,21501056,2016-03-23T00:00:00,ATL @ WAS,W,26.0,0.0,0.0,0.0,2.0,2.0,5.0,2.0,26.0,0.0,1.0,2.0,2.0,26.2,1,1,1,1,10881,12059,10158,9917,12984,2619,11469,4025,7214,8004,17214,11390,7786,7785,1.0,25:57,2015,2016
2015-16,202687,Bismack Biyombo,Bismack,1610612761,TOR,Toronto Raptors,21501057,2016-03-23T00:00:00,TOR @ BOS,L,27.3,0.0,0.0,0.0,0.0,3.0,2.0,4.0,24.0,1.0,1.0,3.0,4.0,20.1,1,13074,13074,13074,9763,12059,10158,9917,18861,5109,3734,8806,8723,2692,17214,17641,2748,11685,1.0,27:18,2015,2016
2015-16,201177,Josh McRoberts,Josh,1610612748,MIA,Miami Heat,21501063,2016-03-23T00:00:00,MIA @ SAS,L,30.0,0.0,0.0,0.0,4.0,6.0,10.0,3.0,28.0,0.0,0.0,4.0,0.0,15.1,1,13074,13074,13074,7571,12059,10158,9917,8599,10028,20509,7328,5824,8004,1,22104,18762,15328,1.0,29:58,2015,2016
2015-16,202720,Jon Leuer,Jon,1610612756,PHX,Phoenix Suns,21501065,2016-03-23T00:00:00,PHX vs. LAL,W,41.4,0.0,6.0,0.0,10.0,9.0,16.0,16.0,44.0,1.0,1.0,2.0,4.0,40.8,1,1,1,1,402,12059,481,9917,1840,15771,25155,24641,454,2692,17214,11390,2748,2181,1.0,41:25,2015,2016
2015-16,1626246,Boban Marjanović,Boban,1610612759,SAS,San Antonio Spurs,21501063,2016-03-23T00:00:00,SAS vs. MIA,W,13.6,4.0,5.0,0.0,14.0,2.0,0.0,5.0,6.0,0.0,0.0,1.0,1.0,26.8,1,1,1,1,20671,2460,995,9917,542,2619,1,11593,22724,8004,1,4972,12373,7486,1.0,13:33,2015,2016
2015-16,203526,Raul Neto,Raul,1610612762,UTA,Utah Jazz,21501061,2016-03-23T00:00:00,UTA @ HOU,W,15.4,0.0,3.0,0.0,0.0,2.0,2.0,3.0,14.0,0.0,0.0,1.0,1.0,11.6,1,1,1,1,19497,12059,3104,9917,18861,2619,3734,7328,17019,8004,1,4972,12373,17970,1.0,15:22,2015,2016
2015-16,101181,Jose Calderon,Jose,1610612752,NYK,New York Knicks,21501060,2016-03-23T00:00:00,NYK @ CHI,W,37.1,1.0,0.0,0.0,0.0,5.0,5.0,14.0,26.0,0.0,0.0,1.0,2.0,30.8,1,1,1,1,2040,11535,10158,9917,18861,8403,11469,23710,7214,8004,1,4972,7786,5493,1.0,37:04,2015,2016
2015-16,201976,Patrick Beverley,Patrick,1610612745,HOU,Houston Rockets,21501061,2016-03-23T00:00:00,HOU vs. UTA,L,32.4,2.0,0.0,0.0,0.0,17.0,14.0,7.0,32.0,0.0,1.0,3.0,0.0,15.2,1,13074,13074,13074,5552,6026,10158,9917,18861,24337,24300,15538,3535,8004,17214,17641,18762,15219,1.0,32:26,2015,2016
2015-16,200794,Paul Millsap,Paul,1610612737,ATL,Atlanta Hawks,21501056,2016-03-23T00:00:00,ATL @ WAS,W,32.1,7.0,0.0,2.0,6.0,4.0,7.0,2.0,28.0,0.0,1.0,3.0,2.0,40.8,1,1,1,1,5784,548,10158,4675,5299,6141,15642,4025,5824,8004,17214,17641,7786,2181,1.0,32:07,2015,2016
2015-16,202397,Ish Smith,Ish,1610612755,PHI,Philadelphia 76ers,21501064,2016-03-23T00:00:00,PHI @ DEN,L,28.2,0.0,0.0,2.0,0.0,8.0,8.0,5.0,30.0,1.0,1.0,1.0,1.0,27.4,1,13074,13074,13074,9073,12059,10158,4675,18861,13914,17345,11593,4541,2692,17214,4972,12373,7179,1.0,28:12,2015,2016
2015-16,203917,Nik Stauskas,Nik,1610612755,PHI,Philadelphia 76ers,21501064,2016-03-23T00:00:00,PHI @ DEN,L,20.6,3.0,3.0,5.0,4.0,9.0,2.0,6.0,12.0,1.0,1.0,3.0,2.0,20.3,1,13074,13074,13074,15397,4307,3104,1277,8599,15771,3734,13388,18637,2692,17214,17641,7786,11534,1.0,20:36,2015,2016
2015-16,2405,Amar'e Stoudemire,Amar'e,1610612748,MIA,Miami Heat,21501063,2016-03-23T00:00:00,MIA @ SAS,L,13.8,0.0,0.0,0.0,2.0,0.0,2.0,3.0,10.0,2.0,1.0,1.0,0.0,11.8,1,13074,13074,13074,20523,12059,10158,9917,12984,1,3734,7328,20209,932,17214,4972,18762,17832,1.0,13:48,2015,2016
2015-16,1626209,Mario Hezonja,Mario,1610612753,ORL,Orlando Magic,21501058,2016-03-23T00:00:00,ORL @ DET,L,23.1,0.0,3.0,0.0,0.0,0.0,8.0,5.0,30.0,0.0,0.0,3.0,0.0,15.4,1,13074,13074,13074,13334,12059,3104,9917,18861,1,17345,11593,4541,8004,1,17641,18762,15066,1.0,23:03,2015,2016
2015-16,203112,Quincy Acy,Quincy,1610612758,SAC,Sacramento Kings,21501062,2016-03-23T00:00:00,SAC @ MIN,L,21.8,4.0,5.0,2.0,6.0,13.0,2.0,7.0,26.0,0.0,1.0,3.0,1.0,11.9,1,13074,13074,13074,14302,2460,995,4675,5299,21300,3734,15538,7214,8004,17214,17641,12373,17760,1.0,21:50,2015,2016
2015-16,201167,Arron Afflalo,Arron,1610612752,NYK,New York Knicks,21501060,2016-03-23T00:00:00,NYK @ CHI,W,34.8,0.0,0.0,0.0,0.0,7.0,10.0,15.0,26.0,0.0,1.0,1.0,2.0,31.1,1,1,1,1,3690,12059,10158,9917,18861,12242,20509,24242,7214,8004,17214,4972,7786,5354,1.0,34:48,2015,2016
2015-16,203937,Kyle Anderson,Kyle,1610612759,SAS,San Antonio Spurs,21501063,2016-03-23T00:00:00,SAS vs. MIA,W,21.6,0.0,0.0,0.0,2.0,2.0,2.0,8.0,12.0,1.0,1.0,1.0,0.0,11.9,1,1,1,1,14537,12059,10158,9917,12984,2619,3734,17194,18637,2692,17214,4972,18762,17760,1.0,21:34,2015,2016
2015-16,201577,Robin Lopez,Robin,1610612752,NYK,New York Knicks,21501060,2016-03-23T00:00:00,NYK @ CHI,W,33.3,2.0,5.0,0.0,10.0,3.0,3.0,10.0,26.0,4.0,2.0,2.0,2.0,43.1,1,1,1,1,4899,6026,995,9917,1840,5109,7138,20169,7214,132,23588,11390,7786,1713,1.0,33:17,2015,2016
2015-16,2548,Dwyane Wade,Dwyane,1610612748,MIA,Miami Heat,21501063,2016-03-23T00:00:00,MIA @ SAS,L,24.6,0.0,2.0,0.0,8.0,6.0,7.0,8.0,20.0,1.0,0.0,0.0,0.0,26.5,1,13074,13074,13074,11990,12059,4731,9917,3109,10028,15642,17194,11929,2692,1,1,18762,7627,1.0,24:38,2015,2016
2015-16,1897,Metta World Peace,Metta,1610612747,LAL,Los Angeles Lakers,21501065,2016-03-23T00:00:00,LAL @ PHX,L,19.3,1.0,3.0,0.0,4.0,4.0,6.0,0.0,14.0,0.0,0.0,3.0,3.0,12.2,1,13074,13074,13074,16444,11535,3104,9917,8599,6141,13237,1,17019,8004,1,17641,4736,17566,1.0,19:19,2015,2016
2015-16,201565,Derrick Rose,Derrick,1610612741,CHI,Chicago Bulls,21501060,2016-03-23T00:00:00,CHI vs. NYK,L,31.6,0.0,0.0,5.0,12.0,6.0,17.0,4.0,14.0,0.0,1.0,1.0,2.0,30.6,1,13074,13074,13074,6228,12059,10158,1277,988,10028,25429,8806,17019,8004,17214,4972,7786,5574,1.0,31:36,2015,2016
2015-16,203499,Shane Larkin,Shane,1610612751,BKN,Brooklyn Nets,21501052,2016-03-22T00:00:00,BKN vs. CHA,L,21.3,0.0,0.0,0.0,2.0,15.0,5.0,7.0,16.0,0.0,0.0,2.0,2.0,20.1,1,13074,13074,13074,14832,12059,10158,9917,12984,23079,11469,15538,15259,8004,1,11390,7786,11685,1.0,21:16,2015,2016
2015-16,201584,Courtney Lee,Courtney,1610612766,CHA,Charlotte Hornets,21501052,2016-03-22T00:00:00,CHA @ BKN,W,27.3,5.0,0.0,0.0,4.0,3.0,4.0,2.0,18.0,0.0,0.0,2.0,0.0,26.5,1,1,1,1,9759,1603,10158,9917,8599,5109,8458,4025,13577,8004,1,11390,18762,7627,1.0,27:19,2015,2016
2015-16,202362,Lance Stephenson,Lance,1610612763,MEM,Memphis Grizzlies,21501055,2016-03-22T00:00:00,MEM @ LAL,L,21.4,5.0,0.0,2.0,8.0,13.0,5.0,8.0,20.0,0.0,0.0,1.0,4.0,27.2,1,13074,13074,13074,14727,1603,10158,4675,3109,21300,11469,17194,11929,8004,1,4972,2748,7289,1.0,21:22,2015,2016
2015-16,201967,Dante Cunningham,Dante,1610612740,NOP,New Orleans Pelicans,21501053,2016-03-22T00:00:00,NOP vs. MIA,L,27.4,0.0,2.0,2.0,2.0,11.0,16.0,10.0,34.0,0.0,1.0,4.0,1.0,12.3,1,13074,13074,13074,9664,12059,4731,4675,12984,18886,25155,20169,2701,8004,17214,22104,12373,17524,1.0,27:26,2015,2016
2015-16,201587,Nicolas Batum,Nicolas,1610612766,CHA,Charlotte Hornets,21501052,2016-03-22T00:00:00,CHA @ BKN,W,38.9,8.0,3.0,0.0,2.0,6.0,7.0,13.0,38.0,0.0,0.0,4.0,4.0,31.4,1,1,1,1,1113,308,3104,9917,12984,10028,15642,23048,1422,8004,1,22104,2748,5218,1.0,38:53,2015,2016
2015-16,201152,Thaddeus Young,Thaddeus,1610612751,BKN,Brooklyn Nets,21501052,2016-03-22T00:00:00,BKN vs. CHA,L,35.6,0.0,0.0,0.0,10.0,19.0,6.0,8.0,32.0,0.0,2.0,4.0,0.0,15.1,1,13074,13074,13074,3030,12059,10158,9917,1840,25074,13237,17194,3535,8004,23588,22104,18762,15328,1.0,35:38,2015,2016
2015-16,101138,Brandon Bass,Brandon,1610612747,LAL,Los Angeles Lakers,21501055,2016-03-22T00:00:00,LAL vs. MEM,W,26.8,4.0,0.0,2.0,12.0,14.0,10.0,4.0,28.0,0.0,1.0,1.0,2.0,30.7,1,1,1,1,10220,2460,10158,4675,988,22292,20509,8806,5824,8004,17214,4972,7786,5539,1.0,26:46,2015,2016
2015-16,202391,Jeremy Lin,Jeremy,1610612766,CHA,Charlotte Hornets,21501052,2016-03-22T00:00:00,CHA @ BKN,W,30.2,5.0,0.0,4.0,10.0,7.0,3.0,11.0,24.0,0.0,0.0,1.0,8.0,30.4,1,1,1,1,7336,1603,10158,1913,1840,12242,7138,21342,8723,8004,1,4972,254,5661,1.0,30:13,2015,2016
2015-16,1626185,Jarell Martin,Jarell,1610612763,MEM,Memphis Grizzlies,21501055,2016-03-22T00:00:00,MEM @ LAL,L,12.2,2.0,2.0,0.0,4.0,8.0,2.0,4.0,8.0,0.0,1.0,3.0,2.0,12.4,1,13074,13074,13074,21436,6026,4731,9917,8599,13914,3734,8806,21543,8004,17214,17641,7786,17418,1.0,12:11,2015,2016
2015-16,202337,Luke Babbitt,Luke,1610612740,NOP,New Orleans Pelicans,21501053,2016-03-22T00:00:00,NOP vs. MIA,L,35.2,5.0,6.0,0.0,12.0,6.0,8.0,16.0,32.0,0.0,2.0,5.0,2.0,30.3,1,13074,13074,13074,3388,1603,481,9917,988,10028,17345,24641,3535,8004,23588,24686,7786,5702,1.0,35:12,2015,2016
2015-16,203469,Cody Zeller,Cody,1610612766,CHA,Charlotte Hornets,21501052,2016-03-22T00:00:00,CHA @ BKN,W,23.6,0.0,0.0,0.0,8.0,3.0,7.0,8.0,18.0,1.0,0.0,4.0,2.0,20.2,1,1,1,1,12899,12059,10158,9917,3109,5109,15642,17194,13577,2692,1,22104,7786,11610,1.0,23:36,2015,2016
2015-16,202700,Donatas Motiejunas,Donatas,1610612745,HOU,Houston Rockets,21501054,2016-03-22T00:00:00,HOU @ OKC,L,21.2,0.0,4.0,0.0,6.0,6.0,12.0,6.0,18.0,0.0,2.0,3.0,3.0,15.5,1,13074,13074,13074,14862,12059,1596,9917,5299,10028,22832,13388,13577,8004,23588,17641,4736,15004,1.0,21:13,2015,2016
2015-16,2216,Zach Randolph,Zach,1610612763,MEM,Memphis Grizzlies,21501055,2016-03-22T00:00:00,MEM @ LAL,L,37.8,2.0,7.0,0.0,10.0,13.0,13.0,8.0,44.0,1.0,2.0,4.0,3.0,40.7,1,13074,13074,13074,1601,6026,292,9917,1840,21300,23668,17194,454,2692,23588,22104,4736,2199,1.0,37:49,2015,2016
2015-16,201962,Toney Douglas,Toney,1610612740,NOP,New Orleans Pelicans,21501053,2016-03-22T00:00:00,NOP vs. MIA,L,31.3,2.0,2.0,6.0,2.0,4.0,10.0,14.0,36.0,0.0,0.0,4.0,6.0,27.3,1,13074,13074,13074,6470,6026,4731,740,12984,6141,20509,23710,1943,8004,1,22104,873,7236,1.0,31:18,2015,2016
2015-16,203079,Dion Waiters,Dion,1610612760,OKC,Oklahoma City Thunder,21501054,2016-03-22T00:00:00,OKC vs. HOU,W,25.0,4.0,0.0,2.0,6.0,2.0,12.0,7.0,20.0,1.0,1.0,1.0,1.0,31.3,1,1,1,1,11640,2460,10158,4675,5299,2619,22832,15538,11929,2692,17214,4972,12373,5258,1.0,25:03,2015,2016
2015-16,2365,Chris Andersen,Chris,1610612763,MEM,Memphis Grizzlies,21501055,2016-03-22T00:00:00,MEM @ LAL,L,15.5,0.0,0.0,2.0,6.0,2.0,8.0,3.0,16.0,0.0,0.0,0.0,0.0,11.6,1,13074,13074,13074,19386,12059,10158,4675,5299,2619,17345,7328,15259,8004,1,1,18762,17970,1.0,15:32,2015,2016
2015-16,1626178,Rondae Hollis-Jefferson,Rondae,1610612751,BKN,Brooklyn Nets,21501052,2016-03-22T00:00:00,BKN vs. CHA,L,15.4,3.0,0.0,0.0,2.0,14.0,3.0,6.0,12.0,0.0,0.0,3.0,2.0,13.6,1,13074,13074,13074,19474,4307,10158,9917,12984,22292,7138,13388,18637,8004,1,17641,7786,16460,1.0,15:24,2015,2016
2015-16,201600,Omer Asik,Omer,1610612740,NOP,New Orleans Pelicans,21501053,2016-03-22T00:00:00,NOP vs. MIA,L,20.9,0.0,0.0,0.0,6.0,6.0,8.0,8.0,22.0,0.0,1.0,1.0,3.0,21.8,1,13074,13074,13074,15109,12059,10158,9917,5299,10028,17345,17194,10265,8004,17214,4972,4736,10526,1.0,20:56,2015,2016
2015-16,2405,Amar'e Stoudemire,Amar'e,1610612748,MIA,Miami Heat,21501053,2016-03-22T00:00:00,MIA @ NOP,W,15.2,0.0,8.0,2.0,10.0,2.0,6.0,5.0,16.0,2.0,0.0,2.0,2.0,31.8,1,1,1,1,19639,12059,137,4675,1840,2619,13237,11593,15259,932,1,11390,7786,5041,1.0,15:10,2015,2016
2015-16,1626156,D'Angelo Russell,D'Angelo,1610612747,LAL,Los Angeles Lakers,21501055,2016-03-22T00:00:00,LAL vs. MEM,W,21.8,0.0,0.0,4.0,4.0,12.0,2.0,10.0,28.0,0.0,1.0,1.0,3.0,13.4,1,1,1,1,14302,12059,10158,1913,8599,20178,3734,20169,5824,8004,17214,4972,4736,16614,1.0,21:50,2015,2016
2015-16,203930,Sean Kilpatrick,Sean,1610612751,BKN,Brooklyn Nets,21501052,2016-03-22T00:00:00,BKN vs. CHA,L,27.2,5.0,0.0,9.0,6.0,10.0,5.0,3.0,22.0,1.0,1.0,1.0,3.0,31.9,1,13074,13074,13074,9822,1603,10158,184,5299,17370,11469,7328,10265,2692,17214,4972,4736,4984,1.0,27:14,2015,2016
2015-16,201609,Goran Dragic,Goran,1610612748,MIA,Miami Heat,21501053,2016-03-22T00:00:00,MIA @ NOP,W,36.4,7.0,0.0,4.0,6.0,11.0,11.0,9.0,32.0,0.0,1.0,4.0,5.0,38.1,1,1,1,1,2439,548,10158,1913,5299,18886,21814,18829,3535,8004,17214,22104,1539,2879,1.0,36:26,2015,2016
2015-16,201563,Michael Beasley,Michael,1610612745,HOU,Houston Rockets,21501054,2016-03-22T00:00:00,HOU @ OKC,L,15.9,0.0,2.0,2.0,4.0,7.0,2.0,1.0,18.0,1.0,1.0,1.0,0.0,17.3,1,13074,13074,13074,19098,12059,4731,4675,8599,12242,3734,3646,13577,2692,17214,4972,18762,13671,1.0,15:56,2015,2016
2015-16,2548,Dwyane Wade,Dwyane,1610612748,MIA,Miami Heat,21501053,2016-03-22T00:00:00,MIA @ NOP,W,31.2,4.0,3.0,6.0,12.0,4.0,8.0,9.0,30.0,0.0,0.0,3.0,5.0,39.9,1,1,1,1,6552,2460,3104,740,988,6141,17345,18829,4541,8004,1,17641,1539,2396,1.0,31:12,2015,2016
2015-16,202689,Kemba Walker,Kemba,1610612766,CHA,Charlotte Hornets,21501052,2016-03-22T00:00:00,CHA @ BKN,W,36.7,2.0,0.0,4.0,6.0,6.0,7.0,13.0,32.0,0.0,2.0,0.0,4.0,27.6,1,1,1,1,2267,6026,10158,1913,5299,10028,15642,23048,3535,8004,23588,1,2748,7080,1.0,36:44,2015,2016
2015-16,203500,Steven Adams,Steven,1610612760,OKC,Oklahoma City Thunder,21501054,2016-03-22T00:00:00,OKC vs. HOU,W,26.4,0.0,4.0,0.0,6.0,8.0,9.0,11.0,30.0,2.0,0.0,2.0,3.0,22.6,1,1,1,1,10558,12059,1596,9917,5299,13914,19144,21342,4541,932,1,11390,4736,10000,1.0,26:21,2015,2016
2015-16,202711,Bojan Bogdanović,Bojan,1610612751,BKN,Brooklyn Nets,21501052,2016-03-22T00:00:00,BKN vs. CHA,L,29.0,0.0,3.0,4.0,2.0,9.0,3.0,5.0,28.0,0.0,1.0,4.0,5.0,22.6,1,13074,13074,13074,8400,12059,3104,1913,12984,15771,7138,11593,5824,8004,17214,22104,1539,10000,1.0,28:58,2015,2016
2015-16,203903,Jordan Clarkson,Jordan,1610612747,LAL,Los Angeles Lakers,21501055,2016-03-22T00:00:00,LAL vs. MEM,W,33.0,8.0,0.0,2.0,12.0,15.0,9.0,8.0,40.0,0.0,0.0,2.0,2.0,32.5,1,1,1,1,5152,308,10158,4675,988,23079,19144,17194,983,8004,1,11390,7786,4726,1.0,32:58,2015,2016
2015-16,2754,Tony Allen,Tony,1610612763,MEM,Memphis Grizzlies,21501055,2016-03-22T00:00:00,MEM @ LAL,L,31.5,8.0,0.0,6.0,16.0,17.0,11.0,8.0,40.0,0.0,0.0,4.0,4.0,37.3,1,13074,13074,13074,6347,308,10158,740,275,24337,21814,17194,983,8004,1,22104,2748,3105,1.0,31:28,2015,2016
2015-16,1626163,Frank Kaminsky,Frank,1610612766,CHA,Charlotte Hornets,21501052,2016-03-22T00:00:00,CHA @ BKN,W,27.7,0.0,3.0,0.0,4.0,3.0,7.0,10.0,26.0,2.0,0.0,2.0,3.0,28.9,1,1,1,1,9482,12059,3104,9917,8599,5109,15642,20169,7214,932,1,11390,4736,6414,1.0,27:40,2015,2016
2015-16,201586,Serge Ibaka,Serge,1610612760,OKC,Oklahoma City Thunder,21501054,2016-03-22T00:00:00,OKC vs. HOU,W,28.8,0.0,1.0,1.0,4.0,8.0,9.0,11.0,30.0,3.0,0.0,2.0,3.0,35.8,1,1,1,1,8568,12059,9709,9347,8599,13914,19144,21342,4541,347,1,11390,4736,3541,1.0,28:47,2015,2016
2015-16,201566,Russell Westbrook,Russell,1610612760,OKC,Oklahoma City Thunder,21501054,2016-03-22T00:00:00,OKC vs. HOU,W,36.9,9.0,2.0,7.0,10.0,10.0,9.0,13.0,40.0,0.0,1.0,1.0,9.0,56.9,1,1,1,1,2167,171,4731,454,1840,17370,19144,23048,983,8004,17214,4972,138,319,1.0,36:52,2015,2016
2015-16,201950,Jrue Holiday,Jrue,1610612740,NOP,New Orleans Pelicans,21501053,2016-03-22T00:00:00,NOP vs. MIA,L,36.4,0.0,0.0,3.0,6.0,13.0,16.0,14.0,38.0,0.0,1.0,2.0,3.0,51.5,1,13074,13074,13074,2469,12059,10158,3302,5299,21300,25155,23710,1422,8004,17214,11390,4736,614,1.0,36:24,2015,2016
2015-16,201935,James Harden,James,1610612745,HOU,Houston Rockets,21501054,2016-03-22T00:00:00,HOU @ OKC,L,40.4,6.0,0.0,6.0,8.0,19.0,14.0,14.0,42.0,0.0,2.0,6.0,7.0,63.4,1,13074,13074,13074,633,878,10158,740,3109,25074,24300,23710,670,8004,23588,25827,469,116,1.0,40:23,2015,2016
2015-16,201572,Brook Lopez,Brook,1610612751,BKN,Brooklyn Nets,21501052,2016-03-22T00:00:00,BKN vs. CHA,L,39.4,0.0,2.0,0.0,16.0,20.0,6.0,8.0,32.0,0.0,1.0,4.0,5.0,45.8,1,13074,13074,13074,913,12059,4731,9917,275,25338,13237,17194,3535,8004,17214,22104,1539,1242,1.0,39:26,2015,2016
2015-16,201150,Spencer Hawes,Spencer,1610612766,CHA,Charlotte Hornets,21501052,2016-03-22T00:00:00,CHA @ BKN,W,19.9,0.0,0.0,0.0,2.0,5.0,0.0,3.0,14.0,1.0,0.0,3.0,1.0,11.5,1,1,1,1,15982,12059,10158,9917,12984,8403,1,7328,17019,2692,1,17641,12373,18079,1.0,19:55,2015,2016
2015-16,203944,Julius Randle,Julius,1610612747,LAL,Los Angeles Lakers,21501055,2016-03-22T00:00:00,LAL vs. MEM,W,33.8,5.0,7.0,2.0,12.0,15.0,10.0,8.0,42.0,3.0,0.0,4.0,3.0,47.3,1,1,1,1,4550,1603,292,4675,988,23079,20509,17194,670,347,1,22104,4736,1036,1.0,33:45,2015,2016
2015-16,201976,Patrick Beverley,Patrick,1610612745,HOU,Houston Rockets,21501054,2016-03-22T00:00:00,HOU @ OKC,L,33.4,2.0,3.0,2.0,2.0,20.0,14.0,15.0,34.0,0.0,0.0,5.0,2.0,24.6,1,13074,13074,13074,4794,6026,3104,4675,12984,25338,24300,24242,2701,8004,1,24686,7786,8724,1.0,33:26,2015,2016
2015-16,204028,Tarik Black,Tarik,1610612747,LAL,Los Angeles Lakers,21501055,2016-03-22T00:00:00,LAL vs. MEM,W,14.3,0.0,0.0,0.0,0.0,11.0,2.0,4.0,16.0,0.0,0.0,3.0,1.0,11.5,1,1,1,1,20250,12059,10158,9917,18861,18886,3734,8806,15259,8004,1,17641,12373,18079,1.0,14:15,2015,2016
2015-16,2772,Trevor Ariza,Trevor,1610612745,HOU,Houston Rockets,21501054,2016-03-22T00:00:00,HOU @ OKC,L,40.2,0.0,5.0,0.0,4.0,19.0,13.0,13.0,40.0,0.0,1.0,4.0,0.0,36.6,1,13074,13074,13074,672,12059,995,9917,8599,25074,23668,23048,983,8004,17214,22104,18762,3288,1.0,40:13,2015,2016
2015-16,202355,Hassan Whiteside,Hassan,1610612748,MIA,Miami Heat,21501053,2016-03-22T00:00:00,MIA @ NOP,W,30.3,0.0,7.0,0.0,12.0,11.0,5.0,8.0,26.0,3.0,0.0,4.0,5.0,48.8,1,1,1,1,7272,12059,292,9917,988,18886,11469,17194,7214,347,1,22104,1539,881,1.0,30:17,2015,2016
2015-16,2730,Dwight Howard,Dwight,1610612745,HOU,Houston Rockets,21501054,2016-03-22T00:00:00,HOU @ OKC,L,38.0,2.0,2.0,2.0,14.0,21.0,13.0,13.0,42.0,1.0,0.0,2.0,2.0,36.6,1,13074,13074,13074,1490,6026,4731,4675,542,25535,23668,23048,670,2692,1,11390,7786,3288,1.0,38:03,2015,2016
2015-16,977,Kobe Bryant,Kobe,1610612747,LAL,Los Angeles Lakers,21501055,2016-03-22T00:00:00,LAL vs. MEM,W,30.3,2.0,2.0,3.0,8.0,10.0,6.0,8.0,32.0,1.0,0.0,4.0,4.0,25.9,1,1,1,1,7237,6026,4731,3302,3109,17370,13237,17194,3535,2692,1,22104,2748,7960,1.0,30:20,2015,2016
2015-16,201579,Roy Hibbert,Roy,1610612747,LAL,Los Angeles Lakers,21501055,2016-03-22T00:00:00,LAL vs. MEM,W,21.2,0.0,2.0,0.0,0.0,12.0,2.0,8.0,30.0,0.0,0.0,3.0,3.0,10.3,1,1,1,1,14849,12059,4731,9917,18861,20178,3734,17194,4541,8004,1,17641,4736,18965,1.0,21:14,2015,2016
2015-16,201142,Kevin Durant,Kevin,1610612760,OKC,Oklahoma City Thunder,21501054,2016-03-22T00:00:00,OKC vs. HOU,W,36.6,4.0,4.0,2.0,14.0,8.0,19.0,6.0,34.0,0.0,1.0,1.0,6.0,33.4,1,1,1,1,2326,2460,1596,4675,542,13914,25786,13388,2701,8004,17214,4972,873,4384,1.0,36:37,2015,2016
2015-16,203087,Jeremy Lamb,Jeremy,1610612766,CHA,Charlotte Hornets,21501052,2016-03-22T00:00:00,CHA @ BKN,W,11.3,0.0,2.0,3.0,2.0,2.0,0.0,0.0,8.0,1.0,0.0,2.0,2.0,10.4,1,1,1,1,21915,12059,4731,3302,12984,2619,1,1,21543,2692,1,11390,7786,18859,1.0,11:16,2015,2016
2015-16,101150,Lou Williams,Lou,1610612747,LAL,Los Angeles Lakers,21501055,2016-03-22T00:00:00,LAL vs. MEM,W,26.2,0.0,2.0,1.0,2.0,14.0,10.0,2.0,30.0,0.0,0.0,0.0,5.0,19.2,1,1,1,1,10714,12059,4731,9347,12984,22292,20509,4025,4541,8004,1,1,1539,12284,1.0,26:10,2015,2016
2015-16,2207,Joe Johnson,Joe,1610612748,MIA,Miami Heat,21501053,2016-03-22T00:00:00,MIA @ NOP,W,34.6,2.0,0.0,0.0,0.0,6.0,11.0,12.0,36.0,0.0,0.0,1.0,5.0,25.0,1,1,1,1,3903,6026,10158,9917,18861,10028,21814,22259,1943,8004,1,4972,1539,8485,1.0,34:33,2015,2016
2015-16,1713,Vince Carter,Vince,1610612763,MEM,Memphis Grizzlies,21501055,2016-03-22T00:00:00,MEM @ LAL,L,14.0,0.0,1.0,0.0,0.0,4.0,2.0,6.0,10.0,0.0,0.0,1.0,1.0,14.4,1,13074,13074,13074,20426,12059,9709,9917,18861,6141,3734,13388,20209,8004,1,4972,12373,15857,1.0,13:58,2015,2016
2015-16,202683,Enes Freedom,Enes,1610612760,OKC,Oklahoma City Thunder,21501054,2016-03-22T00:00:00,OKC vs. HOU,W,21.5,3.0,2.0,1.0,4.0,2.0,10.0,2.0,16.0,0.0,0.0,1.0,4.0,25.0,1,1,1,1,14565,4307,4731,9347,8599,2619,20509,4025,15259,8004,1,4972,2748,8485,1.0,21:32,2015,2016
2015-16,2440,Matt Barnes,Matt,1610612763,MEM,Memphis Grizzlies,21501055,2016-03-22T00:00:00,MEM @ LAL,L,32.3,7.0,0.0,2.0,8.0,11.0,11.0,10.0,40.0,1.0,0.0,2.0,3.0,14.5,1,13074,13074,13074,5632,548,10158,4675,3109,18886,21814,20169,983,2692,1,11390,4736,15799,1.0,32:19,2015,2016
2015-16,2736,Luol Deng,Luol,1610612748,MIA,Miami Heat,21501053,2016-03-22T00:00:00,MIA @ NOP,W,29.3,0.0,0.0,0.0,0.0,9.0,8.0,8.0,28.0,0.0,0.0,2.0,1.0,14.6,1,1,1,1,8118,12059,10158,9917,18861,15771,17345,17194,5824,8004,1,11390,12373,15699,1.0,29:19,2015,2016
2015-16,202087,Alonzo Gee,Alonzo,1610612740,NOP,New Orleans Pelicans,21501053,2016-03-22T00:00:00,NOP vs. MIA,L,25.6,0.0,0.0,2.0,6.0,13.0,12.0,4.0,28.0,1.0,0.0,4.0,1.0,10.4,1,13074,13074,13074,11208,12059,10158,4675,5299,21300,22832,8806,5824,2692,1,22104,12373,18859,1.0,25:36,2015,2016
2015-16,200770,Jordan Farmar,Jordan,1610612763,MEM,Memphis Grizzlies,21501055,2016-03-22T00:00:00,MEM @ LAL,L,30.5,0.0,0.0,0.0,0.0,19.0,5.0,9.0,34.0,0.0,1.0,2.0,4.0,19.7,1,13074,13074,13074,7090,12059,10158,9917,18861,25074,11469,18829,2701,8004,17214,11390,2748,11962,1.0,30:31,2015,2016
2015-16,203900,Markel Brown,Markel,1610612751,BKN,Brooklyn Nets,21501052,2016-03-22T00:00:00,BKN vs. CHA,L,11.8,0.0,0.0,0.0,0.0,7.0,2.0,6.0,14.0,0.0,0.0,0.0,2.0,9.8,1,13074,13074,13074,21695,12059,10158,9917,18861,12242,3734,13388,17019,8004,1,1,7786,19331,1.0,11:47,2015,2016
2015-16,203210,JaMychal Green,JaMychal,1610612763,MEM,Memphis Grizzlies,21501055,2016-03-22T00:00:00,MEM @ LAL,L,19.6,2.0,2.0,0.0,6.0,14.0,0.0,6.0,22.0,0.0,0.0,5.0,0.0,14.4,1,13074,13074,13074,16236,6026,4731,9917,5299,22292,1,13388,10265,8004,1,24686,18762,15857,1.0,19:35,2015,2016
2015-16,1626196,Josh Richardson,Josh,1610612748,MIA,Miami Heat,21501053,2016-03-22T00:00:00,MIA @ NOP,W,24.4,0.0,0.0,2.0,6.0,6.0,5.0,8.0,22.0,0.0,0.0,3.0,1.0,6.2,1,1,1,1,12197,12059,10158,4675,5299,10028,11469,17194,10265,8004,1,17641,12373,21696,1.0,24:25,2015,2016
2015-16,201961,Wayne Ellington,Wayne,1610612751,BKN,Brooklyn Nets,21501052,2016-03-22T00:00:00,BKN vs. CHA,L,13.2,0.0,2.0,0.0,2.0,0.0,3.0,2.0,14.0,0.0,0.0,1.0,0.0,5.6,1,13074,13074,13074,20885,12059,4731,9917,12984,1,7138,4025,17019,8004,1,4972,18762,22133,1.0,13:10,2015,2016
2015-16,200797,Ryan Hollins,Ryan,1610612763,MEM,Memphis Grizzlies,21501055,2016-03-22T00:00:00,MEM @ LAL,L,4.3,0.0,0.0,0.0,0.0,0.0,0.0,3.0,4.0,0.0,0.0,1.0,1.0,1.4,1,13074,13074,13074,24612,12059,10158,9917,18861,1,1,7328,23698,8004,1,4972,12373,24615,1.0,4:18,2015,2016
2015-16,201582,Alexis Ajinca,Alexis,1610612740,NOP,New Orleans Pelicans,21501053,2016-03-22T00:00:00,NOP vs. MIA,L,11.7,0.0,3.0,0.0,2.0,0.0,0.0,6.0,12.0,0.0,0.0,0.0,2.0,6.4,1,13074,13074,13074,21749,12059,3104,9917,12984,1,1,13388,18637,8004,1,1,7786,21589,1.0,11:39,2015,2016
2015-16,203156,Henry Sims,Henry,1610612751,BKN,Brooklyn Nets,21501052,2016-03-22T00:00:00,BKN vs. CHA,L,7.7,0.0,0.0,0.0,0.0,0.0,2.0,3.0,10.0,0.0,0.0,2.0,0.0,1.4,1,13074,13074,13074,23307,12059,10158,9917,18861,1,3734,7328,20209,8004,1,11390,18762,24615,1.0,7:43,2015,2016
2015-16,200751,Randy Foye,Randy,1610612760,OKC,Oklahoma City Thunder,21501054,2016-03-22T00:00:00,OKC vs. HOU,W,23.7,0.0,0.0,0.0,0.0,0.0,10.0,4.0,16.0,0.0,0.0,2.0,0.0,7.5,1,1,1,1,12821,12059,10158,9917,18861,1,20509,8806,15259,8004,1,11390,18762,20874,1.0,23:42,2015,2016
2015-16,1626273,Marcelo Huertas,Marcelo,1610612747,LAL,Los Angeles Lakers,21501055,2016-03-22T00:00:00,LAL vs. MEM,W,19.4,2.0,0.0,0.0,0.0,14.0,7.0,4.0,26.0,0.0,0.0,1.0,3.0,12.5,1,1,1,1,16409,6026,10158,9917,18861,22292,15642,8806,7214,8004,1,4972,4736,17372,1.0,19:22,2015,2016
2015-16,202388,Donald Sloan,Donald,1610612751,BKN,Brooklyn Nets,21501052,2016-03-22T00:00:00,BKN vs. CHA,L,26.7,0.0,0.0,0.0,0.0,5.0,3.0,4.0,28.0,0.0,0.0,1.0,1.0,12.6,1,13074,13074,13074,10251,12059,10158,9917,18861,8403,7138,8806,5824,8004,1,4972,12373,17277,1.0,26:44,2015,2016
2015-16,203460,Andre Roberson,Andre,1610612760,OKC,Oklahoma City Thunder,21501054,2016-03-22T00:00:00,OKC vs. HOU,W,20.1,0.0,0.0,2.0,4.0,8.0,3.0,9.0,26.0,1.0,0.0,5.0,1.0,12.7,1,1,1,1,15805,12059,10158,4675,8599,13914,7138,18829,7214,2692,1,24686,12373,17201,1.0,20:08,2015,2016
2015-16,2744,Al Jefferson,Al,1610612766,CHA,Charlotte Hornets,21501052,2016-03-22T00:00:00,CHA @ BKN,W,24.4,0.0,0.0,0.0,6.0,5.0,0.0,5.0,22.0,0.0,0.0,3.0,0.0,20.8,1,1,1,1,12210,12059,10158,9917,5299,8403,1,11593,10265,8004,1,17641,18762,11195,1.0,24:24,2015,2016
2015-16,203080,Thomas Robinson,Thomas,1610612751,BKN,Brooklyn Nets,21501052,2016-03-22T00:00:00,BKN vs. CHA,L,12.7,0.0,0.0,0.0,0.0,1.0,2.0,3.0,12.0,1.0,0.0,2.0,1.0,7.8,1,13074,13074,13074,21155,12059,10158,9917,18861,2356,3734,7328,18637,2692,1,11390,12373,20696,1.0,12:41,2015,2016
2015-16,1891,Jason Terry,Jason,1610612745,HOU,Houston Rockets,21501054,2016-03-22T00:00:00,HOU @ OKC,L,18.5,0.0,3.0,0.0,2.0,14.0,4.0,8.0,22.0,0.0,0.0,2.0,1.0,8.2,1,13074,13074,13074,17097,12059,3104,9917,12984,22292,8458,17194,10265,8004,1,11390,12373,20416,1.0,18:30,2015,2016
2015-16,201147,Corey Brewer,Corey,1610612745,HOU,Houston Rockets,21501054,2016-03-22T00:00:00,HOU @ OKC,L,20.8,0.0,0.0,1.0,2.0,7.0,2.0,3.0,26.0,0.0,0.0,3.0,1.0,7.8,1,13074,13074,13074,15254,12059,10158,9347,12984,12242,3734,7328,7214,8004,1,17641,12373,20696,1.0,20:47,2015,2016
2015-16,204098,Xavier Munford,Xavier,1610612763,MEM,Memphis Grizzlies,21501055,2016-03-22T00:00:00,MEM @ LAL,L,3.5,0.0,0.0,0.0,0.0,2.0,0.0,0.0,4.0,0.0,0.0,1.0,0.0,2.0,1,13074,13074,13074,24935,12059,10158,9917,18861,2619,1,1,23698,8004,1,4972,18762,24216,1.0,3:28,2015,2016
2015-16,204025,Tim Frazier,Tim,1610612740,NOP,New Orleans Pelicans,21501053,2016-03-22T00:00:00,NOP vs. MIA,L,28.3,2.0,0.0,0.0,4.0,13.0,10.0,4.0,26.0,0.0,0.0,2.0,4.0,18.4,1,13074,13074,13074,9005,6026,10158,9917,8599,21300,20509,8806,7214,8004,1,11390,2748,12854,1.0,28:18,2015,2016
2015-16,2570,Kendrick Perkins,Kendrick,1610612740,NOP,New Orleans Pelicans,21501053,2016-03-22T00:00:00,NOP vs. MIA,L,23.2,4.0,0.0,0.0,4.0,9.0,10.0,4.0,22.0,0.0,0.0,3.0,0.0,7.0,1,13074,13074,13074,13217,2460,10158,9917,8599,15771,20509,8806,10265,8004,1,17641,18762,21188,1.0,23:11,2015,2016
2015-16,203909,KJ McDaniels,KJ,1610612745,HOU,Houston Rockets,21501054,2016-03-22T00:00:00,HOU @ OKC,L,1.7,0.0,0.0,0.0,0.0,0.0,3.0,0.0,0.0,0.0,0.0,0.0,0.0,0.0,1,13074,13074,13074,25627,12059,10158,9917,18861,1,7138,1,25429,8004,1,1,18762,25170,1.0,1:42,2015,2016
2015-16,1897,Metta World Peace,Metta,1610612747,LAL,Los Angeles Lakers,21501055,2016-03-22T00:00:00,LAL vs. MEM,W,13.3,0.0,0.0,0.0,2.0,13.0,2.0,4.0,18.0,0.0,0.0,4.0,0.0,5.2,1,1,1,1,20778,12059,10158,9917,12984,21300,3734,8806,13577,8004,1,22104,18762,22370,1.0,13:20,2015,2016
2015-16,201627,Anthony Morrow,Anthony,1610612760,OKC,Oklahoma City Thunder,21501054,2016-03-22T00:00:00,OKC vs. HOU,W,9.8,0.0,3.0,0.0,0.0,4.0,4.0,2.0,12.0,0.0,0.0,1.0,0.0,7.0,1,1,1,1,22512,12059,3104,9917,18861,6141,8458,4025,18637,8004,1,4972,18762,21188,1.0,9:50,2015,2016
2015-16,1626159,Justise Winslow,Justise,1610612748,MIA,Miami Heat,21501053,2016-03-22T00:00:00,MIA @ NOP,W,30.7,2.0,0.0,2.0,4.0,11.0,7.0,6.0,24.0,0.0,0.0,0.0,1.0,21.7,1,1,1,1,6938,6026,10158,4675,8599,18886,15642,13388,8723,8004,1,1,12373,10592,1.0,30:43,2015,2016
2015-16,1626166,Cameron Payne,Cameron,1610612760,OKC,Oklahoma City Thunder,21501054,2016-03-22T00:00:00,OKC vs. HOU,W,11.1,3.0,0.0,0.0,2.0,0.0,10.0,0.0,6.0,0.0,0.0,1.0,0.0,5.0,1,1,1,1,21972,4307,10158,9917,12984,1,20509,1,22724,8004,1,4972,18762,22500,1.0,11:08,2015,2016
2015-16,101123,Gerald Green,Gerald,1610612748,MIA,Miami Heat,21501053,2016-03-22T00:00:00,MIA @ NOP,W,5.4,0.0,0.0,0.0,0.0,5.0,2.0,0.0,4.0,0.0,0.0,0.0,0.0,0.0,1,1,1,1,24223,12059,10158,9917,18861,8403,3734,1,23698,8004,1,1,18762,25170,1.0,5:22,2015,2016
2015-16,203991,Clint Capela,Clint,1610612745,HOU,Houston Rockets,21501054,2016-03-22T00:00:00,HOU @ OKC,L,9.8,0.0,0.0,0.0,4.0,2.0,3.0,2.0,8.0,1.0,1.0,1.0,1.0,13.4,1,13074,13074,13074,22527,12059,10158,9917,8599,2619,7138,4025,21543,2692,17214,4972,12373,16614,1.0,9:48,2015,2016
2015-16,203492,Ray McCallum,Ray,1610612763,MEM,Memphis Grizzlies,21501055,2016-03-22T00:00:00,MEM @ LAL,L,17.5,0.0,0.0,0.0,0.0,2.0,8.0,5.0,18.0,0.0,0.0,2.0,1.0,3.5,1,13074,13074,13074,17904,12059,10158,9917,18861,2619,17345,11593,13577,8004,1,11390,12373,23351,1.0,17:29,2015,2016
2015-16,201177,Josh McRoberts,Josh,1610612748,MIA,Miami Heat,21501053,2016-03-22T00:00:00,MIA @ NOP,W,2.6,0.0,0.0,0.0,0.0,0.0,2.0,0.0,2.0,0.0,0.0,3.0,0.0,0.0,1,1,1,1,25304,12059,10158,9917,18861,1,3734,1,24614,8004,1,17641,18762,25170,1.0,2:33,2015,2016
2015-16,2199,Tyson Chandler,Tyson,1610612756,PHX,Phoenix Suns,21501051,2016-03-21T00:00:00,PHX vs. MEM,L,12.5,2.0,0.0,0.0,2.0,2.0,6.0,4.0,14.0,1.0,0.0,1.0,1.0,9.2,1,13074,13074,13074,21300,6026,10158,9917,12984,2619,13237,8806,17019,2692,1,4972,12373,19680,1.0,12:27,2015,2016
2015-16,203471,Dennis Schröder,Dennis,1610612737,ATL,Atlanta Hawks,21501048,2016-03-21T00:00:00,ATL vs. WAS,L,18.4,0.0,0.0,0.0,4.0,0.0,0.0,2.0,14.0,0.0,1.0,1.0,2.0,9.2,1,13074,13074,13074,17200,12059,10158,9917,8599,1,1,4025,17019,8004,17214,4972,7786,19680,1.0,18:23,2015,2016
2015-16,1626179,Terry Rozier,Terry,1610612738,BOS,Boston Celtics,21501046,2016-03-21T00:00:00,BOS vs. ORL,W,14.2,0.0,0.0,0.0,0.0,4.0,4.0,6.0,20.0,0.0,1.0,0.0,1.0,4.5,1,1,1,1,20306,12059,10158,9917,18861,6141,8458,13388,11929,8004,17214,1,12373,22773,1.0,14:10,2015,2016
2015-16,2581,Steve Blake,Steve,1610612765,DET,Detroit Pistons,21501047,2016-03-21T00:00:00,DET vs. MIL,W,19.6,3.0,0.0,0.0,2.0,2.0,2.0,4.0,22.0,0.0,0.0,1.0,2.0,9.0,1,1,1,1,16236,4307,10158,9917,12984,2619,3734,8806,10265,8004,1,4972,7786,19835,1.0,19:35,2015,2016
2015-16,204098,Xavier Munford,Xavier,1610612763,MEM,Memphis Grizzlies,21501051,2016-03-21T00:00:00,MEM @ PHX,W,9.6,0.0,0.0,0.0,0.0,2.0,2.0,0.0,10.0,0.0,0.0,1.0,0.0,8.7,1,1,1,1,22588,12059,10158,9917,18861,2619,3734,1,20209,8004,1,4972,18762,20045,1.0,9:36,2015,2016
2015-16,203524,Solomon Hill,Solomon,1610612754,IND,Indiana Pacers,21501045,2016-03-21T00:00:00,IND vs. PHI,W,3.3,0.0,0.0,0.0,0.0,0.0,2.0,0.0,4.0,0.0,0.0,0.0,0.0,0.0,1,1,1,1,24997,12059,10158,9917,18861,1,3734,1,23698,8004,1,1,18762,25170,1.0,3:20,2015,2016
2015-16,1626161,Willie Cauley-Stein,Willie,1610612758,SAC,Sacramento Kings,21501049,2016-03-21T00:00:00,SAC @ CHI,L,5.0,0.0,0.0,0.0,0.0,3.0,0.0,3.0,2.0,0.0,0.0,0.0,0.0,0.2,1,13074,13074,13074,24378,12059,10158,9917,18861,5109,1,7328,24614,8004,1,1,18762,25103,1.0,4:58,2015,2016
2015-16,203996,Damien Inglis,Damien,1610612749,MIL,Milwaukee Bucks,21501047,2016-03-21T00:00:00,MIL @ DET,L,13.3,0.0,0.0,0.0,2.0,11.0,7.0,2.0,12.0,0.0,1.0,1.0,0.0,7.1,1,13074,13074,13074,20775,12059,10158,9917,12984,18886,15642,4025,18637,8004,17214,4972,18762,21141,1.0,13:21,2015,2016
2015-16,203099,Jared Cunningham,Jared,1610612749,MIL,Milwaukee Bucks,21501047,2016-03-21T00:00:00,MIL @ DET,L,13.6,0.0,0.0,0.0,2.0,13.0,8.0,4.0,12.0,0.0,0.0,1.0,4.0,4.2,1,13074,13074,13074,20648,12059,10158,9917,12984,21300,17345,8806,18637,8004,1,4972,2748,22976,1.0,13:35,2015,2016
2015-16,203895,Jordan McRae,Jordan,1610612739,CLE,Cleveland Cavaliers,21501044,2016-03-21T00:00:00,CLE vs. DEN,W,5.3,0.0,0.0,0.0,0.0,0.0,2.0,2.0,2.0,0.0,0.0,0.0,0.0,5.0,1,1,1,1,24249,12059,10158,9917,18861,1,3734,4025,24614,8004,1,1,18762,22500,1.0,5:18,2015,2016
2015-16,1626253,Axel Toupane,Axel,1610612743,DEN,Denver Nuggets,21501044,2016-03-21T00:00:00,DEN @ CLE,L,19.6,0.0,0.0,0.0,0.0,16.0,0.0,13.0,20.0,1.0,0.0,2.0,0.0,6.6,1,13074,13074,13074,16228,12059,10158,9917,18861,23774,1,23048,11929,2692,1,11390,18762,21445,1.0,19:36,2015,2016
2015-16,1626163,Frank Kaminsky,Frank,1610612766,CHA,Charlotte Hornets,21501043,2016-03-21T00:00:00,CHA vs. SAS,W,26.2,1.0,0.0,2.0,2.0,4.0,6.0,0.0,28.0,0.0,1.0,0.0,0.0,9.2,1,1,1,1,10722,11535,10158,4675,12984,6141,13237,1,5824,8004,17214,1,18762,19680,1.0,26:10,2015,2016
2015-16,203960,JaKarr Sampson,JaKarr,1610612743,DEN,Denver Nuggets,21501044,2016-03-21T00:00:00,DEN @ CLE,L,10.2,2.0,0.0,0.0,0.0,5.0,7.0,0.0,12.0,0.0,1.0,1.0,1.0,3.2,1,13074,13074,13074,22370,6026,10158,9917,18861,8403,15642,1,18637,8004,17214,4972,12373,23473,1.0,10:09,2015,2016
2015-16,203101,Miles Plumlee,Miles,1610612749,MIL,Milwaukee Bucks,21501047,2016-03-21T00:00:00,MIL @ DET,L,13.7,0.0,0.0,0.0,4.0,11.0,7.0,2.0,10.0,0.0,0.0,2.0,1.0,5.4,1,13074,13074,13074,20576,12059,10158,9917,8599,18886,15642,4025,20209,8004,1,11390,12373,22242,1.0,13:43,2015,2016
2015-16,1626145,Tyus Jones,Tyus,1610612750,MIN,Minnesota Timberwolves,21501050,2016-03-21T00:00:00,MIN vs. GSW,L,15.2,0.0,0.0,0.0,0.0,8.0,4.0,5.0,18.0,0.0,1.0,2.0,0.0,-1.0,1,13074,13074,13074,19653,12059,10158,9917,18861,13914,8458,11593,13577,8004,17214,11390,18762,25932,1.0,15:09,2015,2016
2015-16,202341,James Anderson,James,1610612758,SAC,Sacramento Kings,21501049,2016-03-21T00:00:00,SAC @ CHI,L,15.7,0.0,0.0,2.0,2.0,7.0,10.0,4.0,20.0,0.0,1.0,0.0,0.0,5.4,1,13074,13074,13074,19292,12059,10158,4675,12984,12242,20509,8806,11929,8004,17214,1,18762,22242,1.0,15:40,2015,2016
2015-16,203898,Tyler Ennis,Tyler,1610612749,MIL,Milwaukee Bucks,21501047,2016-03-21T00:00:00,MIL @ DET,L,11.1,2.0,0.0,2.0,4.0,8.0,4.0,2.0,10.0,0.0,1.0,2.0,1.0,8.7,1,13074,13074,13074,21982,6026,10158,4675,8599,13914,8458,4025,20209,8004,17214,11390,12373,20045,1.0,11:07,2015,2016
2015-16,1626169,Stanley Johnson,Stanley,1610612765,DET,Detroit Pistons,21501047,2016-03-21T00:00:00,DET vs. MIL,W,15.7,2.0,0.0,2.0,2.0,2.0,0.0,4.0,18.0,0.0,1.0,4.0,1.0,5.0,1,1,1,1,19253,6026,10158,4675,12984,2619,1,8806,13577,8004,17214,22104,12373,22500,1.0,15:43,2015,2016
2015-16,101139,CJ Miles,CJ,1610612754,IND,Indiana Pacers,21501045,2016-03-21T00:00:00,IND vs. PHI,W,17.5,0.0,0.0,0.0,0.0,6.0,8.0,0.0,14.0,0.0,0.0,2.0,0.0,8.7,1,1,1,1,17880,12059,10158,9917,18861,10028,17345,1,17019,8004,1,11390,18762,20045,1.0,17:31,2015,2016
2015-16,203546,Ian Clark,Ian,1610612744,GSW,Golden State Warriors,21501050,2016-03-21T00:00:00,GSW @ MIN,W,7.9,0.0,0.0,0.0,0.0,2.0,5.0,0.0,0.0,1.0,0.0,0.0,1.0,7.4,1,1,1,1,23242,12059,10158,9917,18861,2619,11469,1,25429,2692,1,1,12373,20912,1.0,7:52,2015,2016
2015-16,1626162,Kelly Oubre Jr.,Kelly,1610612764,WAS,Washington Wizards,21501048,2016-03-21T00:00:00,WAS @ ATL,W,0.7,0.0,2.0,0.0,2.0,0.0,0.0,0.0,0.0,0.0,0.0,0.0,0.0,3.2,1,1,1,1,25946,12059,4731,9917,12984,1,1,1,25429,8004,1,1,18762,23473,1.0,0:39,2015,2016
2015-16,203112,Quincy Acy,Quincy,1610612758,SAC,Sacramento Kings,21501049,2016-03-21T00:00:00,SAC @ CHI,L,10.9,0.0,0.0,0.0,0.0,2.0,7.0,2.0,12.0,0.0,0.0,2.0,0.0,3.2,1,13074,13074,13074,22073,12059,10158,9917,18861,2619,15642,4025,18637,8004,1,11390,18762,23473,1.0,10:54,2015,2016
2015-16,201988,Patty Mills,Patty,1610612759,SAS,San Antonio Spurs,21501043,2016-03-21T00:00:00,SAS @ CHA,L,15.8,0.0,0.0,0.0,0.0,5.0,3.0,8.0,10.0,0.0,0.0,1.0,0.0,4.1,1,13074,13074,13074,19213,12059,10158,9917,18861,8403,7138,17194,20209,8004,1,4972,18762,23131,1.0,15:46,2015,2016
2015-16,203952,Andrew Wiggins,Andrew,1610612750,MIN,Minnesota Timberwolves,21501050,2016-03-21T00:00:00,MIN vs. GSW,L,40.8,4.0,2.0,0.0,6.0,21.0,10.0,10.0,44.0,1.0,2.0,2.0,5.0,42.0,1,13074,13074,13074,531,2460,4731,9917,5299,25535,20509,20169,454,2692,23588,11390,1539,1936,1.0,40:47,2015,2016
2015-16,1626157,Karl-Anthony Towns,Karl-Anthony,1610612750,MIN,Minnesota Timberwolves,21501050,2016-03-21T00:00:00,MIN vs. GSW,L,38.3,6.0,2.0,4.0,16.0,19.0,10.0,11.0,46.0,1.0,2.0,5.0,4.0,41.2,1,13074,13074,13074,1360,878,4731,1913,275,25074,20509,21342,298,2692,23588,24686,2748,2099,1.0,38:20,2015,2016
2015-16,202703,Nikola Mirotic,Nikola,1610612741,CHI,Chicago Bulls,21501049,2016-03-21T00:00:00,CHI vs. SAC,W,20.9,0.0,0.0,0.0,0.0,13.0,9.0,10.0,16.0,2.0,0.0,3.0,0.0,15.6,1,1,1,1,15125,12059,10158,9917,18861,21300,19144,20169,15259,932,1,17641,18762,14916,1.0,20:55,2015,2016
2015-16,202695,Kawhi Leonard,Kawhi,1610612759,SAS,San Antonio Spurs,21501043,2016-03-21T00:00:00,SAS @ CHA,L,30.7,0.0,4.0,0.0,6.0,13.0,4.0,11.0,22.0,0.0,1.0,3.0,1.0,27.2,1,13074,13074,13074,6929,12059,1596,9917,5299,21300,8458,21342,10265,8004,17214,17641,12373,7289,1.0,30:44,2015,2016
2015-16,203469,Cody Zeller,Cody,1610612766,CHA,Charlotte Hornets,21501043,2016-03-21T00:00:00,CHA vs. SAS,W,28.7,0.0,4.0,0.0,4.0,11.0,6.0,4.0,28.0,0.0,1.0,1.0,1.0,30.3,1,1,1,1,8689,12059,1596,9917,8599,18886,13237,8806,5824,8004,17214,4972,12373,5702,1.0,28:39,2015,2016
2015-16,203096,Jared Sullinger,Jared,1610612738,BOS,Boston Celtics,21501046,2016-03-21T00:00:00,BOS vs. ORL,W,20.6,1.0,0.0,0.0,4.0,5.0,4.0,5.0,24.0,1.0,0.0,2.0,2.0,15.1,1,1,1,1,15386,11535,10158,9917,8599,8403,8458,11593,8723,2692,1,11390,7786,15328,1.0,20:36,2015,2016
2015-16,2733,Shaun Livingston,Shaun,1610612744,GSW,Golden State Warriors,21501050,2016-03-21T00:00:00,GSW @ MIN,W,19.4,0.0,0.0,2.0,4.0,10.0,6.0,0.0,12.0,2.0,1.0,2.0,0.0,31.4,1,1,1,1,16420,12059,10158,4675,8599,17370,13237,1,18637,932,17214,11390,18762,5218,1.0,19:21,2015,2016
2015-16,2403,Nene,ene,1610612764,WAS,Washington Wizards,21501048,2016-03-21T00:00:00,WAS @ ATL,W,18.2,0.0,0.0,0.0,2.0,0.0,5.0,1.0,14.0,0.0,1.0,1.0,1.0,15.3,1,1,1,1,17345,12059,10158,9917,12984,1,11469,3646,17019,8004,17214,4972,12373,15150,1.0,18:12,2015,2016
2015-16,201571,D.J. Augustin,D.J.,1610612743,DEN,Denver Nuggets,21501044,2016-03-21T00:00:00,DEN @ CLE,L,24.7,0.0,3.0,0.0,4.0,18.0,7.0,11.0,28.0,0.0,1.0,0.0,2.0,19.9,1,13074,13074,13074,11912,12059,3104,9917,8599,24749,15642,21342,5824,8004,17214,1,7786,11824,1.0,24:43,2015,2016
2015-16,202691,Klay Thompson,Klay,1610612744,GSW,Golden State Warriors,21501050,2016-03-21T00:00:00,GSW @ MIN,W,30.0,3.0,0.0,3.0,0.0,16.0,5.0,20.0,24.0,0.0,2.0,2.0,1.0,27.0,1,1,1,1,7507,4307,10158,3302,18861,23774,11469,25599,8723,8004,23588,11390,12373,7385,1.0,30:02,2015,2016
2015-16,200770,Jordan Farmar,Jordan,1610612763,MEM,Memphis Grizzlies,21501051,2016-03-21T00:00:00,MEM @ PHX,W,22.7,4.0,2.0,2.0,0.0,7.0,4.0,2.0,16.0,0.0,0.0,2.0,3.0,20.1,1,1,1,1,13594,2460,4731,4675,18861,12242,8458,4025,15259,8004,1,11390,4736,11685,1.0,22:43,2015,2016
2015-16,2225,Tony Parker,Tony,1610612759,SAS,San Antonio Spurs,21501043,2016-03-21T00:00:00,SAS @ CHA,L,36.1,6.0,2.0,2.0,6.0,13.0,8.0,16.0,26.0,2.0,0.0,3.0,2.0,41.5,1,13074,13074,13074,2712,878,4731,4675,5299,21300,17345,24641,7214,932,1,17641,7786,2038,1.0,36:04,2015,2016
2015-16,203490,Otto Porter Jr.,Otto,1610612764,WAS,Washington Wizards,21501048,2016-03-21T00:00:00,WAS @ ATL,W,36.0,2.0,4.0,3.0,8.0,9.0,2.0,6.0,26.0,1.0,2.0,2.0,1.0,41.5,1,1,1,1,2734,6026,1596,3302,3109,15771,3734,13388,7214,2692,23588,11390,12373,2038,1.0,36:03,2015,2016
2015-16,202328,Greg Monroe,Greg,1610612749,MIL,Milwaukee Bucks,21501047,2016-03-21T00:00:00,MIL @ DET,L,33.6,2.0,4.0,2.0,14.0,9.0,11.0,6.0,26.0,2.0,1.0,1.0,1.0,41.5,1,13074,13074,13074,4704,6026,1596,4675,542,15771,21814,13388,7214,932,17214,4972,12373,2038,1.0,33:34,2015,2016
2015-16,2210,Richard Jefferson,Richard,1610612739,CLE,Cleveland Cavaliers,21501044,2016-03-21T00:00:00,CLE vs. DEN,W,21.6,2.0,0.0,2.0,2.0,2.0,7.0,4.0,22.0,0.0,0.0,2.0,1.0,12.4,1,1,1,1,14554,6026,10158,4675,12984,2619,15642,8806,10265,8004,1,11390,12373,17418,1.0,21:33,2015,2016
2015-16,202066,Garrett Temple,Garrett,1610612764,WAS,Washington Wizards,21501048,2016-03-21T00:00:00,WAS @ ATL,W,24.6,0.0,0.0,0.0,0.0,2.0,5.0,6.0,16.0,1.0,0.0,5.0,0.0,15.1,1,1,1,1,11988,12059,10158,9917,18861,2619,11469,13388,15259,2692,1,24686,18762,15328,1.0,24:38,2015,2016
2015-16,202710,Jimmy Butler III,Jimmy,1610612741,CHI,Chicago Bulls,21501049,2016-03-21T00:00:00,CHI vs. SAC,W,35.5,2.0,7.0,2.0,6.0,4.0,6.0,6.0,30.0,0.0,1.0,0.0,6.0,41.6,1,1,1,1,3165,6026,292,4675,5299,6141,13237,13388,4541,8004,17214,1,873,2021,1.0,35:28,2015,2016
2015-16,2754,Tony Allen,Tony,1610612763,MEM,Memphis Grizzlies,21501051,2016-03-21T00:00:00,MEM @ PHX,W,27.5,4.0,4.0,4.0,8.0,7.0,1.0,6.0,8.0,1.0,2.0,2.0,2.0,26.8,1,1,1,1,9604,2460,1596,1913,3109,12242,3393,13388,21543,2692,23588,11390,7786,7486,1.0,27:30,2015,2016
2015-16,202684,Tristan Thompson,Tristan,1610612739,CLE,Cleveland Cavaliers,21501044,2016-03-21T00:00:00,CLE vs. DEN,W,21.5,0.0,0.0,2.0,8.0,2.0,6.0,2.0,22.0,1.0,1.0,3.0,0.0,26.9,1,1,1,1,14591,12059,10158,4675,3109,2619,13237,4025,10265,2692,17214,17641,18762,7438,1.0,21:30,2015,2016
2015-16,200765,Rajon Rondo,Rajon,1610612758,SAC,Sacramento Kings,21501049,2016-03-21T00:00:00,SAC @ CHI,L,31.3,2.0,0.0,4.0,14.0,12.0,14.0,10.0,26.0,0.0,0.0,3.0,0.0,20.3,1,13074,13074,13074,6439,6026,10158,1913,542,20178,24300,20169,7214,8004,1,17641,18762,11534,1.0,31:20,2015,2016
2015-16,201980,Danny Green,Danny,1610612759,SAS,San Antonio Spurs,21501043,2016-03-21T00:00:00,SAS @ CHA,L,21.5,0.0,0.0,0.0,0.0,8.0,6.0,9.0,16.0,1.0,0.0,1.0,2.0,12.1,1,13074,13074,13074,14574,12059,10158,9917,18861,13914,13237,18829,15259,2692,1,4972,7786,17639,1.0,21:32,2015,2016
2015-16,201166,Aaron Brooks,Aaron,1610612741,CHI,Chicago Bulls,21501049,2016-03-21T00:00:00,CHI vs. SAC,W,14.9,0.0,0.0,0.0,0.0,11.0,7.0,10.0,10.0,0.0,0.0,1.0,1.0,15.6,1,1,1,1,19800,12059,10158,9917,18861,18886,15642,20169,20209,8004,1,4972,12373,14916,1.0,14:56,2015,2016
2015-16,203138,Hollis Thompson,Hollis,1610612755,PHI,Philadelphia 76ers,21501045,2016-03-21T00:00:00,PHI @ IND,L,32.7,2.0,0.0,0.0,6.0,9.0,8.0,8.0,32.0,0.0,1.0,2.0,3.0,27.2,1,13074,13074,13074,5323,6026,10158,9917,5299,15771,17345,17194,3535,8004,17214,11390,4736,7289,1.0,32:43,2015,2016
2015-16,201158,Marco Belinelli,Marco,1610612758,SAC,Sacramento Kings,21501049,2016-03-21T00:00:00,SAC @ CHI,L,22.0,5.0,0.0,5.0,6.0,12.0,6.0,0.0,18.0,0.0,1.0,1.0,1.0,20.4,1,13074,13074,13074,14199,1603,10158,1277,5299,20178,13237,1,13577,8004,17214,4972,12373,11453,1.0,21:58,2015,2016
2015-16,201160,Jason Smith,Jason,1610612753,ORL,Orlando Magic,21501046,2016-03-21T00:00:00,ORL @ BOS,L,26.6,2.0,4.0,0.0,2.0,6.0,9.0,7.0,20.0,1.0,0.0,3.0,1.0,15.6,1,13074,13074,13074,10338,6026,1596,9917,12984,10028,19144,15538,11929,2692,1,17641,12373,14916,1.0,26:38,2015,2016
2015-16,203501,Tim Hardaway Jr.,Tim,1610612737,ATL,Atlanta Hawks,21501048,2016-03-21T00:00:00,ATL vs. WAS,L,25.8,3.0,0.0,0.0,4.0,5.0,4.0,7.0,18.0,0.0,0.0,3.0,1.0,20.3,1,13074,13074,13074,11030,4307,10158,9917,8599,8403,8458,15538,13577,8004,1,17641,12373,11534,1.0,25:47,2015,2016
2015-16,2419,Tayshaun Prince,Tayshaun,1610612750,MIN,Minnesota Timberwolves,21501050,2016-03-21T00:00:00,MIN vs. GSW,L,20.4,2.0,0.0,2.0,2.0,11.0,12.0,5.0,34.0,0.0,0.0,1.0,1.0,12.1,1,13074,13074,13074,15574,6026,10158,4675,12984,18886,22832,11593,2701,8004,1,4972,12373,17639,1.0,20:24,2015,2016
2015-16,203999,Nikola Jokić,Nikola,1610612743,DEN,Denver Nuggets,21501044,2016-03-21T00:00:00,DEN @ CLE,L,22.6,0.0,2.0,0.0,8.0,16.0,5.0,7.0,24.0,0.0,0.0,2.0,2.0,27.3,1,13074,13074,13074,13689,12059,4731,9917,3109,23774,11469,15538,8723,8004,1,11390,7786,7236,1.0,22:36,2015,2016
2015-16,202391,Jeremy Lin,Jeremy,1610612766,CHA,Charlotte Hornets,21501043,2016-03-21T00:00:00,CHA vs. SAS,W,31.3,0.0,3.0,5.0,12.0,9.0,6.0,0.0,30.0,0.0,2.0,1.0,4.0,40.4,1,1,1,1,6487,12059,3104,1277,988,15771,13237,1,4541,8004,23588,4972,2748,2274,1.0,31:17,2015,2016
2015-16,201941,Jordan Hill,Jordan,1610612754,IND,Indiana Pacers,21501045,2016-03-21T00:00:00,IND vs. PHI,W,17.2,2.0,2.0,2.0,2.0,4.0,4.0,0.0,12.0,0.0,1.0,0.0,1.0,12.2,1,1,1,1,18165,6026,4731,4675,12984,6141,8458,1,18637,8004,17214,1,12373,17566,1.0,17:09,2015,2016
2015-16,204456,T.J. McConnell,T.J.,1610612755,PHI,Philadelphia 76ers,21501045,2016-03-21T00:00:00,PHI @ IND,L,21.3,2.0,2.0,0.0,0.0,7.0,4.0,4.0,6.0,0.0,0.0,1.0,1.0,11.6,1,13074,13074,13074,14833,6026,4731,9917,18861,12242,8458,8806,22724,8004,1,4972,12373,17970,1.0,21:15,2015,2016
2015-16,2744,Al Jefferson,Al,1610612766,CHA,Charlotte Hornets,21501043,2016-03-21T00:00:00,CHA vs. SAS,W,19.4,0.0,0.0,0.0,0.0,2.0,4.0,0.0,16.0,1.0,1.0,1.0,1.0,15.2,1,1,1,1,16420,12059,10158,9917,18861,2619,8458,1,15259,2692,17214,4972,12373,15219,1.0,19:21,2015,2016
2015-16,203084,Harrison Barnes,Harrison,1610612744,GSW,Golden State Warriors,21501050,2016-03-21T00:00:00,GSW @ MIN,W,31.3,0.0,0.0,2.0,6.0,16.0,9.0,18.0,24.0,0.0,0.0,1.0,1.0,20.4,1,1,1,1,6470,12059,10158,4675,5299,23774,19144,25228,8723,8004,1,4972,12373,11453,1.0,31:18,2015,2016
2015-16,203083,Andre Drummond,Andre,1610612765,DET,Detroit Pistons,21501047,2016-03-21T00:00:00,DET vs. MIL,W,33.1,2.0,10.0,0.0,14.0,7.0,10.0,6.0,42.0,0.0,5.0,0.0,1.0,36.2,1,1,1,1,5027,6026,34,9917,542,12242,20509,13388,670,8004,26042,1,12373,3407,1.0,33:07,2015,2016
2015-16,203110,Draymond Green,Draymond,1610612744,GSW,Golden State Warriors,21501050,2016-03-21T00:00:00,GSW @ MIN,W,36.6,6.0,6.0,1.0,20.0,18.0,4.0,20.0,30.0,3.0,0.0,4.0,6.0,57.8,1,1,1,1,2356,878,481,9347,59,24749,8458,25599,4541,347,1,22104,873,275,1.0,36:34,2015,2016
2015-16,202738,Isaiah Thomas,Isaiah,1610612738,BOS,Boston Celtics,21501046,2016-03-21T00:00:00,BOS vs. ORL,W,33.8,2.0,2.0,10.0,18.0,13.0,3.0,7.0,34.0,0.0,2.0,1.0,7.0,43.5,1,1,1,1,4484,6026,4731,118,131,21300,7138,15538,2701,8004,23588,4972,469,1646,1.0,33:50,2015,2016
2015-16,202720,Jon Leuer,Jon,1610612756,PHX,Phoenix Suns,21501051,2016-03-21T00:00:00,PHX vs. MEM,L,31.9,1.0,3.0,0.0,6.0,14.0,11.0,11.0,30.0,3.0,2.0,4.0,4.0,35.6,1,13074,13074,13074,6018,11535,3104,9917,5299,22292,21814,21342,4541,347,23588,22104,2748,3615,1.0,31:52,2015,2016
2015-16,202694,Marcus Morris Sr.,Marcus,1610612765,DET,Detroit Pistons,21501047,2016-03-21T00:00:00,DET vs. MIL,W,37.1,0.0,0.0,0.0,0.0,5.0,10.0,10.0,42.0,1.0,0.0,1.0,4.0,35.6,1,1,1,1,2027,12059,10158,9917,18861,8403,20509,20169,670,2692,1,4972,2748,3615,1.0,37:05,2015,2016
2015-16,201954,Darren Collison,Darren,1610612758,SAC,Sacramento Kings,21501049,2016-03-21T00:00:00,SAC @ CHI,L,32.3,6.0,3.0,0.0,4.0,14.0,6.0,6.0,20.0,0.0,0.0,2.0,2.0,28.8,1,13074,13074,13074,5617,878,3104,9917,8599,22292,13237,13388,11929,8004,1,11390,7786,6465,1.0,32:20,2015,2016
2015-16,202397,Ish Smith,Ish,1610612755,PHI,Philadelphia 76ers,21501045,2016-03-21T00:00:00,PHI @ IND,L,31.0,2.0,0.0,0.0,2.0,8.0,8.0,8.0,34.0,0.0,0.0,2.0,3.0,28.8,1,13074,13074,13074,6692,6026,10158,9917,12984,13914,17345,17194,2701,8004,1,11390,4736,6465,1.0,31:02,2015,2016
2015-16,2544,LeBron James,LeBron,1610612739,CLE,Cleveland Cavaliers,21501044,2016-03-21T00:00:00,CLE vs. DEN,W,33.4,12.0,6.0,9.0,22.0,6.0,8.0,4.0,22.0,0.0,1.0,2.0,8.0,59.7,1,1,1,1,4787,27,481,184,25,10028,17345,8806,10265,8004,17214,11390,254,221,1.0,33:26,2015,2016
2015-16,202323,Evan Turner,Evan,1610612738,BOS,Boston Celtics,21501046,2016-03-21T00:00:00,BOS vs. ORL,W,32.0,2.0,0.0,4.0,4.0,15.0,2.0,9.0,34.0,1.0,0.0,2.0,0.0,29.0,1,1,1,1,5883,6026,10158,1913,8599,23079,3734,18829,2701,2692,1,11390,18762,6346,1.0,32:00,2015,2016
2015-16,201937,Ricky Rubio,Ricky,1610612750,MIN,Minnesota Timberwolves,21501050,2016-03-21T00:00:00,MIN vs. GSW,L,32.9,3.0,0.0,2.0,0.0,15.0,10.0,8.0,40.0,1.0,0.0,4.0,5.0,50.3,1,13074,13074,13074,5241,4307,10158,4675,18861,23079,20509,17194,983,2692,1,22104,1539,722,1.0,32:51,2015,2016
2015-16,203482,Kelly Olynyk,Kelly,1610612738,BOS,Boston Celtics,21501046,2016-03-21T00:00:00,BOS vs. ORL,W,21.4,2.0,0.0,3.0,6.0,10.0,3.0,9.0,24.0,0.0,0.0,5.0,3.0,37.0,1,1,1,1,14657,6026,10158,3302,5299,17370,7138,18829,8723,8004,1,24686,4736,3182,1.0,21:26,2015,2016
2015-16,203115,Will Barton,Will,1610612743,DEN,Denver Nuggets,21501044,2016-03-21T00:00:00,DEN @ CLE,L,25.7,2.0,5.0,2.0,8.0,18.0,4.0,16.0,32.0,0.0,0.0,2.0,5.0,35.3,1,13074,13074,13074,11100,6026,995,4675,3109,24749,8458,24641,3535,8004,1,11390,1539,3719,1.0,25:42,2015,2016
2015-16,202326,DeMarcus Cousins,DeMarcus,1610612758,SAC,Sacramento Kings,21501049,2016-03-21T00:00:00,SAC @ CHI,L,35.4,2.0,4.0,5.0,8.0,21.0,16.0,7.0,30.0,2.0,4.0,3.0,10.0,46.1,1,13074,13074,13074,3237,6026,1596,1277,3109,25535,25155,15538,4541,932,25926,17641,76,1185,1.0,35:23,2015,2016
2015-16,203087,Jeremy Lamb,Jeremy,1610612766,CHA,Charlotte Hornets,21501043,2016-03-21T00:00:00,CHA vs. SAS,W,15.5,1.0,0.0,1.0,0.0,2.0,4.0,0.0,12.0,2.0,1.0,2.0,3.0,24.4,1,1,1,1,19386,11535,10158,9347,18861,2619,8458,1,18637,932,17214,11390,4736,8867,1.0,15:32,2015,2016
2015-16,2216,Zach Randolph,Zach,1610612763,MEM,Memphis Grizzlies,21501051,2016-03-21T00:00:00,MEM @ PHX,W,30.2,6.0,0.0,0.0,10.0,14.0,3.0,4.0,10.0,1.0,5.0,2.0,1.0,36.6,1,1,1,1,7380,878,10158,9917,1840,22292,7138,8806,20209,2692,26042,11390,12373,3288,1.0,30:10,2015,2016
2015-16,202340,Avery Bradley,Avery,1610612738,BOS,Boston Celtics,21501046,2016-03-21T00:00:00,BOS vs. ORL,W,37.4,6.0,5.0,9.0,10.0,11.0,7.0,8.0,40.0,0.0,0.0,1.0,2.0,37.3,1,1,1,1,1844,878,995,184,1840,18886,15642,17194,983,8004,1,4972,7786,3105,1.0,37:23,2015,2016
2015-16,203506,Victor Oladipo,Victor,1610612753,ORL,Orlando Magic,21501046,2016-03-21T00:00:00,ORL @ BOS,L,38.9,9.0,0.0,6.0,14.0,11.0,6.0,21.0,42.0,1.0,0.0,4.0,2.0,49.1,1,13074,13074,13074,1118,171,10158,740,542,18886,13237,25725,670,2692,1,22104,7786,850,1.0,38:52,2015,2016
2015-16,201939,Stephen Curry,Stephen,1610612744,GSW,Golden State Warriors,21501050,2016-03-21T00:00:00,GSW @ MIN,W,34.8,2.0,2.0,0.0,6.0,18.0,4.0,20.0,30.0,1.0,0.0,4.0,5.0,50.9,1,1,1,1,3666,6026,4731,9917,5299,24749,8458,25599,4541,2692,1,22104,1539,664,1.0,34:50,2015,2016
2015-16,2200,Pau Gasol,Pau,1610612741,CHI,Chicago Bulls,21501049,2016-03-21T00:00:00,CHI vs. SAC,W,24.6,2.0,5.0,0.0,4.0,2.0,2.0,6.0,20.0,3.0,0.0,3.0,6.0,47.3,1,1,1,1,12034,6026,995,9917,8599,2619,3734,13388,11929,347,1,17641,873,1036,1.0,24:35,2015,2016
2015-16,201956,Omri Casspi,Omri,1610612758,SAC,Sacramento Kings,21501049,2016-03-21T00:00:00,SAC @ CHI,L,22.3,0.0,2.0,0.0,0.0,4.0,3.0,8.0,14.0,0.0,0.0,1.0,3.0,24.1,1,13074,13074,13074,13936,12059,4731,9917,18861,6141,7138,17194,17019,8004,1,4972,4736,9068,1.0,22:16,2015,2016
2015-16,1495,Tim Duncan,Tim,1610612759,SAS,San Antonio Spurs,21501043,2016-03-21T00:00:00,SAS @ CHA,L,30.8,2.0,0.0,2.0,14.0,13.0,11.0,14.0,20.0,4.0,1.0,2.0,4.0,48.0,1,13074,13074,13074,6897,6026,10158,4675,542,21300,21814,23710,11929,132,17214,11390,2748,960,1.0,30:48,2015,2016
2015-16,203507,Giannis Antetokounmpo,Giannis,1610612749,MIL,Milwaukee Bucks,21501047,2016-03-21T00:00:00,MIL @ DET,L,36.8,0.0,4.0,6.0,16.0,9.0,15.0,6.0,30.0,2.0,0.0,1.0,1.0,48.9,1,13074,13074,13074,2251,12059,1596,740,275,15771,24781,13388,4541,932,1,4972,12373,874,1.0,36:46,2015,2016
2015-16,101162,Marcin Gortat,Marcin,1610612764,WAS,Washington Wizards,21501048,2016-03-21T00:00:00,WAS @ ATL,W,29.8,0.0,2.0,2.0,8.0,9.0,0.0,6.0,20.0,0.0,0.0,1.0,5.0,24.4,1,1,1,1,7723,12059,4731,4675,3109,15771,1,13388,11929,8004,1,4972,1539,8867,1.0,29:48,2015,2016
2015-16,200752,Rudy Gay,Rudy,1610612758,SAC,Sacramento Kings,21501049,2016-03-21T00:00:00,SAC @ CHI,L,33.0,0.0,0.0,0.0,4.0,21.0,16.0,7.0,34.0,0.0,0.0,4.0,0.0,24.5,1,13074,13074,13074,5152,12059,10158,9917,8599,25535,25155,15538,2701,8004,1,22104,18762,8801,1.0,32:58,2015,2016
2015-16,203521,Matthew Dellavedova,Matthew,1610612739,CLE,Cleveland Cavaliers,21501044,2016-03-21T00:00:00,CLE vs. DEN,W,22.5,6.0,3.0,3.0,0.0,2.0,6.0,0.0,16.0,0.0,0.0,2.0,0.0,24.1,1,1,1,1,13757,878,3104,3302,18861,2619,13237,1,15259,8004,1,11390,18762,9068,1.0,22:31,2015,2016
2015-16,202322,John Wall,John,1610612764,WAS,Washington Wizards,21501048,2016-03-21T00:00:00,WAS @ ATL,W,35.9,7.0,5.0,6.0,4.0,9.0,2.0,7.0,26.0,0.0,1.0,2.0,4.0,53.6,1,1,1,1,2803,548,995,740,8599,15771,3734,15538,7214,8004,17214,11390,2748,483,1.0,35:57,2015,2016
2015-16,203078,Bradley Beal,Bradley,1610612764,WAS,Washington Wizards,21501048,2016-03-21T00:00:00,WAS @ ATL,W,34.4,2.0,2.0,3.0,8.0,7.0,3.0,2.0,24.0,0.0,1.0,2.0,1.0,30.1,1,1,1,1,4060,6026,4731,3302,3109,12242,7138,4025,8723,8004,17214,11390,12373,5794,1.0,34:22,2015,2016
2015-16,201143,Al Horford,Al,1610612737,ATL,Atlanta Hawks,21501048,2016-03-21T00:00:00,ATL vs. WAS,L,36.1,4.0,0.0,0.0,4.0,12.0,9.0,9.0,22.0,1.0,0.0,2.0,0.0,49.3,1,13074,13074,13074,2712,2460,10158,9917,8599,20178,19144,18829,10265,2692,1,11390,18762,827,1.0,36:04,2015,2016
2015-16,200757,Thabo Sefolosha,Thabo,1610612737,ATL,Atlanta Hawks,21501048,2016-03-21T00:00:00,ATL vs. WAS,L,29.4,0.0,0.0,0.0,2.0,5.0,2.0,12.0,18.0,2.0,0.0,1.0,0.0,24.1,1,13074,13074,13074,8034,12059,10158,9917,12984,8403,3734,22259,13577,932,1,4972,18762,9068,1.0,29:26,2015,2016
2015-16,202704,Reggie Jackson,Reggie,1610612765,DET,Detroit Pistons,21501047,2016-03-21T00:00:00,DET vs. MIL,W,28.4,0.0,0.0,2.0,4.0,5.0,8.0,8.0,32.0,0.0,0.0,2.0,2.0,22.5,1,1,1,1,8894,12059,10158,4675,8599,8403,17345,17194,3535,8004,1,11390,7786,10082,1.0,28:25,2015,2016
2015-16,201565,Derrick Rose,Derrick,1610612741,CHI,Chicago Bulls,21501049,2016-03-21T00:00:00,CHI vs. SAC,W,33.1,6.0,2.0,2.0,14.0,4.0,4.0,6.0,30.0,0.0,0.0,0.0,1.0,32.0,1,1,1,1,5064,878,4731,4675,542,6141,8458,13388,4541,8004,1,1,12373,4945,1.0,33:04,2015,2016
2015-16,203476,Gorgui Dieng,Gorgui,1610612750,MIN,Minnesota Timberwolves,21501050,2016-03-21T00:00:00,MIN vs. GSW,L,27.8,2.0,2.0,2.0,2.0,11.0,2.0,9.0,28.0,2.0,1.0,3.0,3.0,27.9,1,13074,13074,13074,9419,6026,4731,4675,12984,18886,3734,18829,5824,932,17214,17641,4736,6914,1.0,27:46,2015,2016
2015-16,203949,James Michael McAdoo,James Michael,1610612744,GSW,Golden State Warriors,21501050,2016-03-21T00:00:00,GSW @ MIN,W,17.6,5.0,2.0,3.0,6.0,5.0,0.0,18.0,16.0,0.0,2.0,2.0,2.0,17.2,1,1,1,1,17847,1603,4731,3302,5299,8403,1,25228,15259,8004,23588,11390,7786,13725,1.0,17:34,2015,2016
2015-16,2747,JR Smith,JR,1610612739,CLE,Cleveland Cavaliers,21501044,2016-03-21T00:00:00,CLE vs. DEN,W,28.8,3.0,2.0,2.0,6.0,6.0,5.0,6.0,24.0,0.0,0.0,3.0,2.0,38.3,1,1,1,1,8553,4307,4731,4675,5299,10028,11469,13388,8723,8004,1,17641,7786,2826,1.0,28:47,2015,2016
2015-16,201587,Nicolas Batum,Nicolas,1610612766,CHA,Charlotte Hornets,21501043,2016-03-21T00:00:00,CHA vs. SAS,W,34.5,2.0,2.0,4.0,4.0,11.0,8.0,4.0,34.0,1.0,0.0,3.0,3.0,27.7,1,1,1,1,3944,6026,4731,1913,8599,18886,17345,8806,2701,2692,1,17641,4736,7008,1.0,34:30,2015,2016
2015-16,2399,Mike Dunleavy,Mike,1610612741,CHI,Chicago Bulls,21501049,2016-03-21T00:00:00,CHI vs. SAC,W,26.8,3.0,0.0,3.0,0.0,2.0,2.0,6.0,20.0,0.0,0.0,3.0,0.0,13.7,1,1,1,1,10237,4307,10158,3302,18861,2619,3734,13388,11929,8004,1,17641,18762,16393,1.0,26:45,2015,2016
2015-16,203994,Jusuf Nurkić,Jusuf,1610612743,DEN,Denver Nuggets,21501044,2016-03-21T00:00:00,DEN @ CLE,L,25.7,0.0,3.0,0.0,8.0,16.0,8.0,14.0,34.0,3.0,0.0,3.0,3.0,31.9,1,13074,13074,13074,11135,12059,3104,9917,3109,23774,17345,23710,2701,347,1,17641,4736,4984,1.0,25:40,2015,2016
2015-16,203473,Dewayne Dedmon,Dewayne,1610612753,ORL,Orlando Magic,21501046,2016-03-21T00:00:00,ORL @ BOS,L,14.9,2.0,0.0,2.0,6.0,3.0,0.0,13.0,20.0,0.0,2.0,0.0,2.0,17.0,1,13074,13074,13074,19841,6026,10158,4675,5299,5109,1,23048,11929,8004,23588,1,7786,13855,1.0,14:53,2015,2016
2015-16,101145,Monta Ellis,Monta,1610612754,IND,Indiana Pacers,21501045,2016-03-21T00:00:00,IND vs. PHI,W,32.8,0.0,0.0,2.0,2.0,8.0,4.0,2.0,24.0,0.0,0.0,1.0,0.0,28.1,1,1,1,1,5252,12059,10158,4675,12984,13914,8458,4025,8723,8004,1,4972,18762,6818,1.0,32:50,2015,2016
2015-16,201959,Taj Gibson,Taj,1610612741,CHI,Chicago Bulls,21501049,2016-03-21T00:00:00,CHI vs. SAC,W,33.1,2.0,2.0,0.0,10.0,7.0,9.0,8.0,28.0,1.0,1.0,2.0,3.0,38.6,1,1,1,1,5073,6026,4731,9917,1840,12242,19144,17194,5824,2692,17214,11390,4736,2744,1.0,33:04,2015,2016
2015-16,201171,Carl Landry,Carl,1610612755,PHI,Philadelphia 76ers,21501045,2016-03-21T00:00:00,PHI @ IND,L,22.0,0.0,2.0,0.0,4.0,7.0,4.0,2.0,6.0,2.0,0.0,4.0,0.0,17.4,1,13074,13074,13074,14221,12059,4731,9917,8599,12242,8458,4025,22724,932,1,22104,18762,13595,1.0,21:57,2015,2016
2015-16,2440,Matt Barnes,Matt,1610612763,MEM,Memphis Grizzlies,21501051,2016-03-21T00:00:00,MEM @ PHX,W,35.0,1.0,2.0,2.0,4.0,12.0,3.0,6.0,16.0,2.0,1.0,4.0,1.0,32.3,1,1,1,1,3560,11535,4731,4675,8599,20178,7138,13388,15259,932,17214,22104,12373,4807,1.0,34:58,2015,2016
2015-16,101141,Ersan Ilyasova,Ersan,1610612753,ORL,Orlando Magic,21501046,2016-03-21T00:00:00,ORL @ BOS,L,10.5,0.0,0.0,2.0,2.0,2.0,5.0,8.0,8.0,1.0,1.0,0.0,0.0,14.0,1,13074,13074,13074,22241,12059,10158,4675,12984,2619,11469,17194,21543,2692,17214,1,18762,16166,1.0,10:28,2015,2016
2015-16,1626167,Myles Turner,Myles,1610612754,IND,Indiana Pacers,21501045,2016-03-21T00:00:00,IND vs. PHI,W,26.2,4.0,4.0,2.0,6.0,4.0,2.0,2.0,16.0,3.0,0.0,3.0,0.0,31.7,1,1,1,1,10724,2460,1596,4675,5299,6141,3734,4025,15259,347,1,17641,18762,5088,1.0,26:09,2015,2016
2015-16,203118,Mike Scott,Mike,1610612737,ATL,Atlanta Hawks,21501048,2016-03-21T00:00:00,ATL vs. WAS,L,25.0,0.0,3.0,0.0,2.0,7.0,8.0,2.0,22.0,1.0,0.0,2.0,1.0,17.4,1,13074,13074,13074,11656,12059,3104,9917,12984,12242,17345,4025,10265,2692,1,11390,12373,13595,1.0,25:01,2015,2016
2015-16,1626144,Emmanuel Mudiay,Emmanuel,1610612743,DEN,Denver Nuggets,21501044,2016-03-21T00:00:00,DEN @ CLE,L,26.5,2.0,0.0,2.0,0.0,17.0,5.0,9.0,34.0,0.0,0.0,1.0,1.0,14.1,1,13074,13074,13074,10488,6026,10158,4675,18861,24337,11469,18829,2701,8004,1,4972,12373,16094,1.0,26:27,2015,2016
2015-16,201578,Marreese Speights,Marreese,1610612744,GSW,Golden State Warriors,21501050,2016-03-21T00:00:00,GSW @ MIN,W,13.4,0.0,2.0,0.0,2.0,4.0,4.0,0.0,4.0,3.0,0.0,2.0,0.0,22.4,1,1,1,1,20731,12059,4731,9917,12984,6141,8458,1,23698,347,1,11390,18762,10131,1.0,13:25,2015,2016
2015-16,203897,Zach LaVine,Zach,1610612750,MIN,Minnesota Timberwolves,21501050,2016-03-21T00:00:00,MIN vs. GSW,L,39.6,5.0,5.0,10.0,6.0,16.0,12.0,9.0,48.0,0.0,0.0,1.0,2.0,28.4,1,13074,13074,13074,857,1603,995,118,5299,23774,22832,18829,192,8004,1,4972,7786,6663,1.0,39:35,2015,2016
2015-16,202688,Brandon Knight,Brandon,1610612756,PHX,Phoenix Suns,21501051,2016-03-21T00:00:00,PHX vs. MEM,L,35.1,0.0,0.0,0.0,0.0,11.0,17.0,13.0,36.0,0.0,0.0,3.0,4.0,31.7,1,13074,13074,13074,3460,12059,10158,9917,18861,18886,25429,23048,1943,8004,1,17641,2748,5088,1.0,35:07,2015,2016
2015-16,203477,Isaiah Canaan,Isaiah,1610612755,PHI,Philadelphia 76ers,21501045,2016-03-21T00:00:00,PHI @ IND,L,29.9,0.0,0.0,0.0,6.0,11.0,10.0,8.0,32.0,0.0,1.0,0.0,2.0,17.8,1,13074,13074,13074,7604,12059,10158,9917,5299,18886,20509,17194,3535,8004,17214,1,7786,13309,1.0,29:56,2015,2016
2015-16,101107,Marvin Williams,Marvin,1610612766,CHA,Charlotte Hornets,21501043,2016-03-21T00:00:00,CHA vs. SAS,W,21.8,3.0,0.0,0.0,0.0,9.0,4.0,4.0,16.0,1.0,0.0,1.0,0.0,13.4,1,1,1,1,14302,4307,10158,9917,18861,15771,8458,8806,15259,2692,1,4972,18762,16614,1.0,21:50,2015,2016
2015-16,202331,Paul George,Paul,1610612754,IND,Indiana Pacers,21501045,2016-03-21T00:00:00,IND vs. PHI,W,34.8,7.0,2.0,2.0,6.0,8.0,4.0,2.0,26.0,0.0,3.0,3.0,5.0,31.7,1,1,1,1,3666,548,4731,4675,5299,13914,8458,4025,7214,8004,25441,17641,1539,5088,1.0,34:50,2015,2016
2015-16,200746,LaMarcus Aldridge,LaMarcus,1610612759,SAS,San Antonio Spurs,21501043,2016-03-21T00:00:00,SAS @ CHA,L,35.2,0.0,2.0,0.0,12.0,13.0,8.0,13.0,30.0,1.0,1.0,2.0,0.0,39.9,1,13074,13074,13074,3398,12059,4731,9917,988,21300,17345,23048,4541,2692,17214,11390,18762,2396,1.0,35:11,2015,2016
2015-16,203926,Doug McDermott,Doug,1610612741,CHI,Chicago Bulls,21501049,2016-03-21T00:00:00,CHI vs. SAC,W,21.3,6.0,0.0,3.0,0.0,13.0,9.0,10.0,20.0,0.0,0.0,3.0,0.0,17.7,1,1,1,1,14833,878,10158,3302,18861,21300,19144,20169,11929,8004,1,17641,18762,13380,1.0,21:15,2015,2016
2015-16,201589,Darrell Arthur,Darrell,1610612743,DEN,Denver Nuggets,21501044,2016-03-21T00:00:00,DEN @ CLE,L,26.9,0.0,0.0,0.0,0.0,17.0,10.0,7.0,34.0,0.0,0.0,3.0,2.0,13.5,1,13074,13074,13074,10087,12059,10158,9917,18861,24337,20509,15538,2701,8004,1,17641,7786,16552,1.0,26:55,2015,2016
2015-16,200782,P.J. Tucker,P.J.,1610612756,PHX,Phoenix Suns,21501051,2016-03-21T00:00:00,PHX vs. MEM,L,37.5,4.0,0.0,2.0,4.0,15.0,17.0,15.0,36.0,2.0,2.0,1.0,5.0,37.8,1,13074,13074,13074,1778,2460,10158,4675,8599,23079,25429,24242,1943,932,23588,4972,1539,2956,1.0,37:28,2015,2016
2015-16,203457,Nerlens Noel,Nerlens,1610612755,PHI,Philadelphia 76ers,21501045,2016-03-21T00:00:00,PHI @ IND,L,24.5,0.0,2.0,0.0,4.0,9.0,8.0,6.0,24.0,0.0,0.0,4.0,2.0,17.6,1,13074,13074,13074,12083,12059,4731,9917,8599,15771,17345,13388,8723,8004,1,22104,7786,13443,1.0,24:32,2015,2016
2015-16,203382,Aron Baynes,Aron,1610612765,DET,Detroit Pistons,21501047,2016-03-21T00:00:00,DET vs. MIL,W,14.9,0.0,0.0,0.0,2.0,0.0,0.0,6.0,12.0,1.0,1.0,0.0,1.0,10.0,1,1,1,1,19841,12059,10158,9917,12984,1,1,13388,18637,2692,17214,1,12373,19178,1.0,14:53,2015,2016
2015-16,202693,Markieff Morris,Markieff,1610612764,WAS,Washington Wizards,21501048,2016-03-21T00:00:00,WAS @ ATL,W,26.5,3.0,0.0,0.0,2.0,7.0,2.0,3.0,20.0,1.0,1.0,3.0,2.0,33.4,1,1,1,1,10439,4307,10158,9917,12984,12242,3734,7328,11929,2692,17214,17641,7786,4384,1.0,26:31,2015,2016
2015-16,203141,Mirza Teletovic,Mirza,1610612756,PHX,Phoenix Suns,21501051,2016-03-21T00:00:00,PHX vs. MEM,L,23.3,0.0,0.0,2.0,4.0,9.0,4.0,2.0,18.0,1.0,0.0,0.0,3.0,23.0,1,13074,13074,13074,13149,12059,10158,4675,8599,15771,8458,4025,13577,2692,1,1,4736,9760,1.0,23:15,2015,2016
2015-16,202699,Tobias Harris,Tobias,1610612765,DET,Detroit Pistons,21501047,2016-03-21T00:00:00,DET vs. MIL,W,36.6,7.0,5.0,2.0,6.0,7.0,10.0,6.0,42.0,0.0,0.0,2.0,3.0,23.2,1,1,1,1,2366,548,995,4675,5299,12242,20509,13388,670,8004,1,11390,4736,9630,1.0,36:33,2015,2016
2015-16,203210,JaMychal Green,JaMychal,1610612763,MEM,Memphis Grizzlies,21501051,2016-03-21T00:00:00,MEM @ PHX,W,22.0,0.0,2.0,0.0,6.0,5.0,2.0,2.0,14.0,0.0,2.0,1.0,1.0,18.9,1,1,1,1,14143,12059,4731,9917,5299,8403,3734,4025,17019,8004,23588,4972,12373,12513,1.0,22:02,2015,2016
2015-16,101133,Ian Mahinmi,Ian,1610612754,IND,Indiana Pacers,21501045,2016-03-21T00:00:00,IND vs. PHI,W,30.9,0.0,0.0,0.0,12.0,8.0,4.0,2.0,24.0,1.0,0.0,2.0,3.0,23.0,1,1,1,1,6851,12059,10158,9917,988,13914,8458,4025,8723,2692,1,11390,4736,9760,1.0,30:51,2015,2016
2015-16,203901,Elfrid Payton,Elfrid,1610612753,ORL,Orlando Magic,21501046,2016-03-21T00:00:00,ORL @ BOS,L,31.1,0.0,0.0,2.0,8.0,10.0,7.0,13.0,26.0,1.0,0.0,3.0,1.0,19.2,1,13074,13074,13074,6636,12059,10158,4675,3109,17370,15642,23048,7214,2692,1,17641,12373,12284,1.0,31:06,2015,2016
2015-16,203492,Ray McCallum,Ray,1610612763,MEM,Memphis Grizzlies,21501051,2016-03-21T00:00:00,MEM @ PHX,W,25.3,0.0,0.0,5.0,2.0,10.0,1.0,4.0,8.0,0.0,0.0,4.0,2.0,25.7,1,1,1,1,11457,12059,10158,1277,12984,17370,3393,8806,21543,8004,1,22104,7786,8088,1.0,25:17,2015,2016
2015-16,2406,Caron Butler,Caron,1610612758,SAC,Sacramento Kings,21501049,2016-03-21T00:00:00,SAC @ CHI,L,20.7,0.0,2.0,0.0,0.0,9.0,2.0,3.0,14.0,0.0,0.0,1.0,0.0,22.9,1,13074,13074,13074,15327,12059,4731,9917,18861,15771,3734,7328,17019,8004,1,4972,18762,9811,1.0,20:41,2015,2016
2015-16,200794,Paul Millsap,Paul,1610612737,ATL,Atlanta Hawks,21501048,2016-03-21T00:00:00,ATL vs. WAS,L,28.3,0.0,2.0,0.0,6.0,9.0,11.0,12.0,20.0,1.0,0.0,4.0,2.0,19.4,1,13074,13074,13074,8986,12059,4731,9917,5299,15771,21814,22259,11929,2692,1,22104,7786,12154,1.0,28:20,2015,2016
2015-16,203932,Aaron Gordon,Aaron,1610612753,ORL,Orlando Magic,21501046,2016-03-21T00:00:00,ORL @ BOS,L,28.8,0.0,0.0,0.0,4.0,7.0,6.0,21.0,42.0,0.0,3.0,3.0,0.0,25.6,1,13074,13074,13074,8584,12059,10158,9917,8599,12242,13237,25725,670,8004,25441,17641,18762,8157,1.0,28:46,2015,2016
2015-16,2592,James Jones,James,1610612739,CLE,Cleveland Cavaliers,21501044,2016-03-21T00:00:00,CLE vs. DEN,W,8.3,0.0,0.0,0.0,0.0,0.0,5.0,2.0,4.0,1.0,0.0,0.0,0.0,10.2,1,1,1,1,23105,12059,10158,9917,18861,1,11469,4025,23698,2692,1,1,18762,19003,1.0,8:15,2015,2016
2015-16,101161,Amir Johnson,Amir,1610612738,BOS,Boston Celtics,21501046,2016-03-21T00:00:00,BOS vs. ORL,W,34.0,0.0,4.0,0.0,10.0,15.0,3.0,6.0,36.0,3.0,0.0,2.0,1.0,34.2,1,1,1,1,4315,12059,1596,9917,1840,23079,7138,13388,1943,347,1,11390,12373,4092,1.0,34:02,2015,2016
2015-16,201952,Jeff Teague,Jeff,1610612737,ATL,Atlanta Hawks,21501048,2016-03-21T00:00:00,ATL vs. WAS,L,30.9,2.0,0.0,7.0,6.0,14.0,15.0,12.0,24.0,0.0,0.0,1.0,8.0,33.6,1,13074,13074,13074,6775,6026,10158,454,5299,22292,24781,22259,8723,8004,1,4972,254,4305,1.0,30:56,2015,2016
2015-16,1713,Vince Carter,Vince,1610612763,MEM,Memphis Grizzlies,21501051,2016-03-21T00:00:00,MEM @ PHX,W,21.6,0.0,3.0,0.0,0.0,9.0,3.0,2.0,12.0,0.0,0.0,5.0,0.0,14.9,1,1,1,1,14546,12059,3104,9917,18861,15771,7138,4025,18637,8004,1,24686,18762,15463,1.0,21:34,2015,2016
2015-16,101112,Channing Frye,Channing,1610612739,CLE,Cleveland Cavaliers,21501044,2016-03-21T00:00:00,CLE vs. DEN,W,25.1,6.0,1.0,0.0,4.0,6.0,7.0,4.0,20.0,1.0,0.0,2.0,2.0,23.6,1,1,1,1,11594,878,9709,9917,8599,10028,15642,8806,11929,2692,1,11390,7786,9377,1.0,25:06,2015,2016
2015-16,203114,Khris Middleton,Khris,1610612749,MIL,Milwaukee Bucks,21501047,2016-03-21T00:00:00,MIL @ DET,L,31.9,0.0,2.0,2.0,6.0,7.0,10.0,4.0,24.0,0.0,0.0,5.0,2.0,34.2,1,13074,13074,13074,5947,12059,4731,4675,5299,12242,20509,8806,8723,8004,1,24686,7786,4092,1.0,31:56,2015,2016
2015-16,201588,George Hill,George,1610612754,IND,Indiana Pacers,21501045,2016-03-21T00:00:00,IND vs. PHI,W,25.4,2.0,2.0,2.0,6.0,2.0,0.0,2.0,16.0,0.0,0.0,2.0,2.0,22.8,1,1,1,1,11346,6026,4731,4675,5299,2619,1,4025,15259,8004,1,11390,7786,9883,1.0,25:26,2015,2016
2015-16,201584,Courtney Lee,Courtney,1610612766,CHA,Charlotte Hornets,21501043,2016-03-21T00:00:00,CHA vs. SAS,W,33.1,9.0,2.0,9.0,10.0,6.0,4.0,4.0,30.0,0.0,1.0,1.0,1.0,33.4,1,1,1,1,5075,171,4731,184,1840,10028,8458,8806,4541,8004,17214,4972,12373,4384,1.0,33:03,2015,2016
2015-16,202362,Lance Stephenson,Lance,1610612763,MEM,Memphis Grizzlies,21501051,2016-03-21T00:00:00,MEM @ PHX,W,22.1,3.0,2.0,0.0,10.0,7.0,4.0,0.0,16.0,0.0,0.0,2.0,5.0,14.4,1,1,1,1,14064,4307,4731,9917,1840,12242,8458,1,15259,8004,1,11390,1539,15857,1.0,22:08,2015,2016
2015-16,201229,Anthony Tolliver,Anthony,1610612765,DET,Detroit Pistons,21501047,2016-03-21T00:00:00,DET vs. MIL,W,16.4,6.0,0.0,0.0,2.0,2.0,0.0,8.0,16.0,1.0,0.0,4.0,3.0,14.2,1,1,1,1,18720,878,10158,9917,12984,2619,1,17194,15259,2692,1,22104,4736,16003,1.0,16:25,2015,2016
2015-16,201603,Sonny Weems,Sonny,1610612755,PHI,Philadelphia 76ers,21501045,2016-03-21T00:00:00,PHI @ IND,L,16.3,0.0,0.0,0.0,2.0,4.0,2.0,2.0,4.0,0.0,0.0,1.0,3.0,10.1,1,13074,13074,13074,18785,12059,10158,9917,12984,6141,3734,4025,23698,8004,1,4972,4736,19105,1.0,16:20,2015,2016
2015-16,203094,Andrew Nicholson,Andrew,1610612753,ORL,Orlando Magic,21501046,2016-03-21T00:00:00,ORL @ BOS,L,15.3,2.0,3.0,0.0,8.0,8.0,2.0,9.0,18.0,1.0,0.0,0.0,3.0,23.2,1,13074,13074,13074,19590,6026,3104,9917,3109,13914,3734,18829,13577,2692,1,1,4736,9630,1.0,15:15,2015,2016
2015-16,203953,Jabari Parker,Jabari,1610612749,MIL,Milwaukee Bucks,21501047,2016-03-21T00:00:00,MIL @ DET,L,34.7,3.0,0.0,0.0,2.0,9.0,13.0,6.0,26.0,2.0,0.0,4.0,0.0,19.2,1,13074,13074,13074,3824,4307,10158,9917,12984,15771,23668,13388,7214,932,1,22104,18762,12284,1.0,34:39,2015,2016
2015-16,203484,Kentavious Caldwell-Pope,Kentavious,1610612765,DET,Detroit Pistons,21501047,2016-03-21T00:00:00,DET vs. MIL,W,38.2,0.0,5.0,2.0,6.0,5.0,10.0,8.0,44.0,0.0,0.0,0.0,3.0,25.1,1,1,1,1,1409,12059,995,4675,5299,8403,20509,17194,454,8004,1,1,4736,8429,1.0,38:14,2015,2016
2015-16,203458,Alex Len,Alex,1610612756,PHX,Phoenix Suns,21501051,2016-03-21T00:00:00,PHX vs. MEM,L,28.4,0.0,0.0,0.0,2.0,11.0,13.0,13.0,30.0,3.0,0.0,0.0,2.0,25.2,1,13074,13074,13074,8879,12059,10158,9917,12984,18886,23668,23048,4541,347,1,1,7786,8383,1.0,28:26,2015,2016
2015-16,203935,Marcus Smart,Marcus,1610612738,BOS,Boston Celtics,21501046,2016-03-21T00:00:00,BOS vs. ORL,W,27.3,0.0,0.0,3.0,2.0,8.0,5.0,9.0,36.0,0.0,2.0,2.0,3.0,10.1,1,1,1,1,9802,12059,10158,3302,12984,13914,11469,18829,1943,8004,23588,11390,4736,19105,1.0,27:15,2015,2016
2015-16,1626164,Devin Booker,Devin,1610612756,PHX,Phoenix Suns,21501051,2016-03-21T00:00:00,PHX vs. MEM,L,32.9,4.0,2.0,2.0,2.0,13.0,13.0,15.0,32.0,0.0,0.0,5.0,4.0,23.8,1,13074,13074,13074,5240,2460,4731,4675,12984,21300,23668,24242,3535,8004,1,24686,2748,9261,1.0,32:51,2015,2016
2015-16,201951,Ty Lawson,Ty,1610612754,IND,Indiana Pacers,21501045,2016-03-21T00:00:00,IND vs. PHI,W,15.2,0.0,0.0,0.0,0.0,4.0,4.0,0.0,12.0,0.0,0.0,2.0,1.0,10.4,1,1,1,1,19639,12059,10158,9917,18861,6141,8458,1,18637,8004,1,11390,12373,18859,1.0,15:10,2015,2016
2015-16,201155,Rodney Stuckey,Rodney,1610612754,IND,Indiana Pacers,21501045,2016-03-21T00:00:00,IND vs. PHI,W,18.2,0.0,0.0,0.0,2.0,8.0,4.0,0.0,16.0,0.0,0.0,2.0,3.0,14.9,1,1,1,1,17332,12059,10158,9917,12984,13914,8458,1,15259,8004,1,11390,4736,15463,1.0,18:13,2015,2016
2015-16,203924,Jerami Grant,Jerami,1610612755,PHI,Philadelphia 76ers,21501045,2016-03-21T00:00:00,PHI @ IND,L,34.4,2.0,2.0,2.0,10.0,10.0,8.0,4.0,26.0,1.0,2.0,2.0,4.0,23.8,1,13074,13074,13074,4012,6026,4731,4675,1840,17370,17345,8806,7214,2692,23588,11390,2748,9261,1.0,34:25,2015,2016
2015-16,1626171,Bobby Portis,Bobby,1610612741,CHI,Chicago Bulls,21501049,2016-03-21T00:00:00,CHI vs. SAC,W,14.9,0.0,0.0,0.0,6.0,8.0,2.0,8.0,12.0,0.0,0.0,0.0,2.0,14.7,1,1,1,1,19799,12059,10158,9917,5299,13914,3734,17194,18637,8004,1,1,7786,15631,1.0,14:56,2015,2016
2015-16,2561,David West,David,1610612759,SAS,San Antonio Spurs,21501043,2016-03-21T00:00:00,SAS @ CHA,L,14.8,2.0,2.0,0.0,4.0,5.0,0.0,7.0,12.0,2.0,0.0,1.0,0.0,17.9,1,13074,13074,13074,19927,6026,4731,9917,8599,8403,1,15538,18637,932,1,4972,18762,13229,1.0,14:45,2015,2016
2015-16,1626209,Mario Hezonja,Mario,1610612753,ORL,Orlando Magic,21501046,2016-03-21T00:00:00,ORL @ BOS,L,17.5,0.0,0.0,0.0,2.0,6.0,5.0,8.0,12.0,1.0,0.0,2.0,2.0,12.9,1,13074,13074,13074,17934,12059,10158,9917,12984,10028,11469,17194,18637,2692,1,11390,7786,17049,1.0,17:27,2015,2016
2015-16,203498,Shabazz Muhammad,Shabazz,1610612750,MIN,Minnesota Timberwolves,21501050,2016-03-21T00:00:00,MIN vs. GSW,L,16.3,0.0,0.0,0.0,4.0,8.0,6.0,4.0,18.0,0.0,1.0,1.0,0.0,7.9,1,13074,13074,13074,18818,12059,10158,9917,8599,13914,13237,8806,13577,8004,17214,4972,18762,20646,1.0,16:18,2015,2016
2015-16,2034,Mike Miller,Mike,1610612743,DEN,Denver Nuggets,21501044,2016-03-21T00:00:00,DEN @ CLE,L,5.3,0.0,0.0,0.0,0.0,2.0,0.0,2.0,6.0,0.0,0.0,0.0,0.0,2.0,1,13074,13074,13074,24249,12059,10158,9917,18861,2619,1,4025,22724,8004,1,1,18762,24216,1.0,5:18,2015,2016
2015-16,201973,Jonas Jerebko,Jonas,1610612738,BOS,Boston Celtics,21501046,2016-03-21T00:00:00,BOS vs. ORL,W,19.3,0.0,0.0,0.0,0.0,4.0,4.0,6.0,22.0,1.0,2.0,1.0,1.0,12.5,1,1,1,1,16468,12059,10158,9917,18861,6141,8458,13388,10265,2692,23588,4972,12373,17372,1.0,19:17,2015,2016
2015-16,202730,Lavoy Allen,Lavoy,1610612754,IND,Indiana Pacers,21501045,2016-03-21T00:00:00,IND vs. PHI,W,18.5,0.0,2.0,0.0,0.0,8.0,4.0,0.0,16.0,1.0,0.0,3.0,2.0,12.5,1,1,1,1,17080,12059,4731,9917,18861,13914,8458,1,15259,2692,1,17641,7786,17372,1.0,18:31,2015,2016
2015-16,203914,Gary Harris,Gary,1610612743,DEN,Denver Nuggets,21501044,2016-03-21T00:00:00,DEN @ CLE,L,34.3,2.0,0.0,4.0,6.0,24.0,12.0,12.0,46.0,0.0,1.0,2.0,1.0,20.9,1,13074,13074,13074,4082,6026,10158,1913,5299,25890,22832,22259,298,8004,17214,11390,12373,11132,1.0,34:19,2015,2016
2015-16,203145,Kent Bazemore,Kent,1610612737,ATL,Atlanta Hawks,21501048,2016-03-21T00:00:00,ATL vs. WAS,L,21.0,0.0,0.0,0.0,4.0,9.0,11.0,2.0,16.0,1.0,2.0,1.0,3.0,8.5,1,13074,13074,13074,15054,12059,10158,9917,8599,15771,21814,4025,15259,2692,23588,4972,4736,20215,1.0,21:00,2015,2016
2015-16,2755,Kevin Martin,Kevin,1610612759,SAS,San Antonio Spurs,21501043,2016-03-21T00:00:00,SAS @ CHA,L,10.0,3.0,0.0,0.0,2.0,0.0,7.0,5.0,8.0,1.0,1.0,1.0,1.0,13.0,1,13074,13074,13074,22471,4307,10158,9917,12984,1,15642,11593,21543,2692,17214,4972,12373,16969,1.0,9:57,2015,2016
2015-16,1626185,Jarell Martin,Jarell,1610612763,MEM,Memphis Grizzlies,21501051,2016-03-21T00:00:00,MEM @ PHX,W,4.9,0.0,0.0,0.0,0.0,3.0,2.0,0.0,6.0,0.0,0.0,1.0,1.0,2.0,1,1,1,1,24400,12059,10158,9917,18861,5109,3734,1,22724,8004,1,4972,12373,24216,1.0,4:55,2015,2016
2015-16,1938,Manu Ginobili,Manu,1610612759,SAS,San Antonio Spurs,21501043,2016-03-21T00:00:00,SAS @ CHA,L,22.9,0.0,0.0,0.0,0.0,10.0,5.0,9.0,20.0,1.0,0.0,2.0,2.0,12.9,1,13074,13074,13074,13434,12059,10158,9917,18861,17370,11469,18829,11929,2692,1,11390,7786,17049,1.0,22:56,2015,2016
2015-16,202681,Kyrie Irving,Kyrie,1610612739,CLE,Cleveland Cavaliers,21501044,2016-03-21T00:00:00,CLE vs. DEN,W,23.9,2.0,0.0,0.0,4.0,8.0,4.0,6.0,22.0,0.0,2.0,1.0,1.0,12.9,1,1,1,1,12621,6026,10158,9917,8599,13914,8458,13388,10265,8004,23588,4972,12373,17049,1.0,23:56,2015,2016
2015-16,203917,Nik Stauskas,Nik,1610612755,PHI,Philadelphia 76ers,21501045,2016-03-21T00:00:00,PHI @ IND,L,15.3,4.0,0.0,0.0,2.0,6.0,4.0,2.0,4.0,1.0,1.0,0.0,2.0,3.0,1,13074,13074,13074,19571,2460,10158,9917,12984,10028,8458,4025,23698,2692,17214,1,7786,23648,1.0,15:17,2015,2016
2015-16,202389,Timofey Mozgov,Timofey,1610612739,CLE,Cleveland Cavaliers,21501044,2016-03-21T00:00:00,CLE vs. DEN,W,21.2,0.0,0.0,0.0,6.0,6.0,5.0,4.0,14.0,0.0,0.0,1.0,2.0,17.8,1,1,1,1,14879,12059,10158,9917,5299,10028,11469,8806,17019,8004,1,4972,7786,13309,1.0,21:12,2015,2016
2015-16,202689,Kemba Walker,Kemba,1610612766,CHA,Charlotte Hornets,21501043,2016-03-21T00:00:00,CHA vs. SAS,W,29.6,2.0,0.0,0.0,4.0,11.0,8.0,4.0,26.0,0.0,5.0,2.0,4.0,13.2,1,1,1,1,7858,6026,10158,9917,8599,18886,17345,8806,7214,8004,26042,11390,2748,16768,1.0,29:38,2015,2016
2015-16,203200,Justin Holiday,Justin,1610612741,CHI,Chicago Bulls,21501049,2016-03-21T00:00:00,CHI vs. SAC,W,15.0,0.0,0.0,0.0,0.0,11.0,5.0,10.0,14.0,1.0,0.0,1.0,0.0,13.2,1,1,1,1,19728,12059,10158,9917,18861,18886,11469,20169,17019,2692,1,4972,18762,16768,1.0,15:02,2015,2016
2015-16,1882,Elton Brand,Elton,1610612755,PHI,Philadelphia 76ers,21501045,2016-03-21T00:00:00,PHI @ IND,L,12.6,0.0,0.0,0.0,0.0,4.0,4.0,6.0,12.0,0.0,0.0,1.0,0.0,2.0,1,13074,13074,13074,21244,12059,10158,9917,18861,6141,8458,13388,18637,8004,1,4972,18762,24216,1.0,12:33,2015,2016
2015-16,202962,Greg Smith,Greg,1610612750,MIN,Minnesota Timberwolves,21501050,2016-03-21T00:00:00,MIN vs. GSW,L,8.8,0.0,0.0,0.0,0.0,6.0,4.0,4.0,14.0,0.0,3.0,1.0,0.0,2.6,1,13074,13074,13074,22902,12059,10158,9917,18861,10028,8458,8806,17019,8004,25441,4972,18762,23982,1.0,8:51,2015,2016
2015-16,201573,Jerryd Bayless,Jerryd,1610612749,MIL,Milwaukee Bucks,21501047,2016-03-21T00:00:00,MIL @ DET,L,36.9,0.0,0.0,0.0,2.0,12.0,16.0,6.0,28.0,0.0,0.0,1.0,2.0,16.6,1,13074,13074,13074,2151,12059,10158,9917,12984,20178,25155,13388,5824,8004,1,4972,7786,14125,1.0,36:53,2015,2016
2015-16,2564,Boris Diaw,Boris,1610612759,SAS,San Antonio Spurs,21501043,2016-03-21T00:00:00,SAS @ CHA,L,15.3,0.0,0.0,0.0,0.0,5.0,3.0,8.0,10.0,0.0,0.0,0.0,0.0,8.1,1,13074,13074,13074,19578,12059,10158,9917,18861,8403,7138,17194,20209,8004,1,1,18762,20521,1.0,15:16,2015,2016
2015-16,200797,Ryan Hollins,Ryan,1610612763,MEM,Memphis Grizzlies,21501051,2016-03-21T00:00:00,MEM @ PHX,W,19.1,0.0,2.0,2.0,6.0,9.0,0.0,4.0,4.0,0.0,0.0,3.0,2.0,12.6,1,1,1,1,16600,12059,4731,4675,5299,15771,1,8806,23698,8004,1,17641,7786,17277,1.0,19:07,2015,2016
2015-16,203095,Evan Fournier,Evan,1610612753,ORL,Orlando Magic,21501046,2016-03-21T00:00:00,ORL @ BOS,L,33.0,2.0,0.0,1.0,8.0,7.0,6.0,21.0,46.0,0.0,0.0,2.0,4.0,21.0,1,13074,13074,13074,5096,6026,10158,9347,3109,12242,13237,25725,298,8004,1,11390,2748,11077,1.0,33:03,2015,2016
2015-16,203530,Joffrey Lauvergne,Joffrey,1610612743,DEN,Denver Nuggets,21501044,2016-03-21T00:00:00,DEN @ CLE,L,18.6,0.0,0.0,0.0,4.0,16.0,2.0,9.0,20.0,0.0,1.0,0.0,2.0,12.8,1,13074,13074,13074,17025,12059,10158,9917,8599,23774,3734,18829,11929,8004,17214,1,7786,17129,1.0,18:35,2015,2016
2015-16,201162,Jared Dudley,Jared,1610612764,WAS,Washington Wizards,21501048,2016-03-21T00:00:00,WAS @ ATL,W,21.5,0.0,0.0,0.0,2.0,2.0,3.0,4.0,14.0,0.0,0.0,1.0,1.0,12.8,1,1,1,1,14601,12059,10158,9917,12984,2619,7138,8806,17019,8004,1,4972,12373,17129,1.0,21:29,2015,2016
2015-16,203098,John Jenkins,John,1610612756,PHX,Phoenix Suns,21501051,2016-03-21T00:00:00,PHX vs. MEM,L,13.3,0.0,0.0,0.0,4.0,7.0,4.0,2.0,10.0,0.0,0.0,0.0,2.0,17.8,1,13074,13074,13074,20805,12059,10158,9917,8599,12242,8458,4025,20209,8004,1,1,7786,13309,1.0,13:18,2015,2016
2015-16,202697,Iman Shumpert,Iman,1610612739,CLE,Cleveland Cavaliers,21501044,2016-03-21T00:00:00,CLE vs. DEN,W,23.1,2.0,0.0,2.0,2.0,2.0,8.0,4.0,20.0,1.0,0.0,3.0,0.0,20.8,1,1,1,1,13257,6026,10158,4675,12984,2619,17345,8806,11929,2692,1,17641,18762,11195,1.0,23:08,2015,2016
2015-16,201585,Kosta Koufos,Kosta,1610612758,SAC,Sacramento Kings,21501049,2016-03-21T00:00:00,SAC @ CHI,L,11.5,0.0,0.0,0.0,2.0,0.0,0.0,0.0,10.0,0.0,1.0,2.0,0.0,5.6,1,13074,13074,13074,21804,12059,10158,9917,12984,1,1,1,20209,8004,17214,11390,18762,22133,1.0,11:32,2015,2016
2015-16,203937,Kyle Anderson,Kyle,1610612759,SAS,San Antonio Spurs,21501043,2016-03-21T00:00:00,SAS @ CHA,L,7.0,0.0,0.0,0.0,0.0,5.0,0.0,5.0,6.0,0.0,1.0,1.0,0.0,1.2,1,13074,13074,13074,23558,12059,10158,9917,18861,8403,1,11593,22724,8004,17214,4972,18762,24661,1.0,7:01,2015,2016
2015-16,201978,Chase Budinger,Chase,1610612756,PHX,Phoenix Suns,21501051,2016-03-21T00:00:00,PHX vs. MEM,L,10.5,3.0,0.0,0.0,0.0,3.0,0.0,0.0,10.0,0.0,0.0,1.0,0.0,6.2,1,13074,13074,13074,22213,4307,10158,9917,18861,5109,1,1,20209,8004,1,4972,18762,21696,1.0,10:32,2015,2016
2015-16,2571,Leandro Barbosa,Leandro,1610612744,GSW,Golden State Warriors,21501050,2016-03-21T00:00:00,GSW @ MIN,W,18.3,5.0,2.0,2.0,8.0,8.0,6.0,0.0,12.0,0.0,0.0,0.0,1.0,10.7,1,1,1,1,17234,1603,4731,4675,3109,13914,13237,1,18637,8004,1,1,12373,18636,1.0,18:20,2015,2016
2015-16,201619,Sasha Kaun,Sasha,1610612739,CLE,Cleveland Cavaliers,21501044,2016-03-21T00:00:00,CLE vs. DEN,W,5.3,0.0,0.0,0.0,4.0,0.0,2.0,2.0,2.0,0.0,0.0,0.0,0.0,10.9,1,1,1,1,24249,12059,10158,9917,8599,1,3734,4025,24614,8004,1,1,18762,18498,1.0,5:18,2015,2016
2015-16,201575,Brandon Rush,Brandon,1610612744,GSW,Golden State Warriors,21501050,2016-03-21T00:00:00,GSW @ MIN,W,20.4,2.0,0.0,0.0,2.0,5.0,7.0,2.0,16.0,0.0,0.0,2.0,0.0,10.6,1,1,1,1,15547,6026,10158,9917,12984,8403,15642,4025,15259,8004,1,11390,18762,18723,1.0,20:25,2015,2016
2015-16,201943,Brandon Jennings,Brandon,1610612753,ORL,Orlando Magic,21501046,2016-03-21T00:00:00,ORL @ BOS,L,16.9,0.0,0.0,0.0,0.0,3.0,4.0,16.0,28.0,1.0,0.0,2.0,0.0,10.7,1,13074,13074,13074,18351,12059,10158,9917,18861,5109,8458,24641,5824,2692,1,11390,18762,18636,1.0,16:54,2015,2016
2015-16,2760,Anderson Varejao,Anderson,1610612744,GSW,Golden State Warriors,21501050,2016-03-21T00:00:00,GSW @ MIN,W,10.3,0.0,0.0,0.0,4.0,8.0,5.0,2.0,12.0,0.0,0.0,1.0,3.0,5.5,1,1,1,1,22308,12059,10158,9917,8599,13914,11469,4025,18637,8004,1,4972,4736,22196,1.0,10:19,2015,2016
2015-16,203488,Mike Muscala,Mike,1610612737,ATL,Atlanta Hawks,21501048,2016-03-21T00:00:00,ATL vs. WAS,L,0.7,0.0,0.0,0.0,0.0,0.0,2.0,0.0,2.0,0.0,0.0,0.0,0.0,2.0,1,13074,13074,13074,25946,12059,10158,9917,18861,1,3734,1,24614,8004,1,1,18762,24216,1.0,0:39,2015,2016
2015-16,203089,John Henson,John,1610612749,MIL,Milwaukee Bucks,21501047,2016-03-21T00:00:00,MIL @ DET,L,14.4,0.0,0.0,0.0,2.0,11.0,9.0,2.0,12.0,1.0,0.0,2.0,2.0,10.7,1,13074,13074,13074,20145,12059,10158,9917,12984,18886,19144,4025,18637,2692,1,11390,7786,18636,1.0,14:27,2015,2016
2015-16,101179,Ronnie Price,Ronnie,1610612756,PHX,Phoenix Suns,21501051,2016-03-21T00:00:00,PHX vs. MEM,L,14.7,3.0,0.0,0.0,0.0,5.0,0.0,0.0,14.0,0.0,0.0,3.0,2.0,10.7,1,13074,13074,13074,19938,4307,10158,9917,18861,8403,1,1,17019,8004,1,17641,7786,18636,1.0,14:44,2015,2016
2015-16,201196,Ramon Sessions,Ramon,1610612764,WAS,Washington Wizards,21501048,2016-03-21T00:00:00,WAS @ ATL,W,12.4,0.0,0.0,0.0,0.0,0.0,3.0,0.0,10.0,0.0,0.0,0.0,0.0,10.9,1,1,1,1,21357,12059,10158,9917,18861,1,7138,1,20209,8004,1,1,18762,18498,1.0,12:21,2015,2016
2015-16,203906,Devyn Marble,Devyn,1610612753,ORL,Orlando Magic,21501046,2016-03-21T00:00:00,ORL @ BOS,L,6.6,0.0,0.0,0.0,0.0,2.0,5.0,8.0,8.0,0.0,0.0,1.0,1.0,1.2,1,13074,13074,13074,23703,12059,10158,9917,18861,2619,11469,17194,21543,8004,1,4972,12373,24661,1.0,6:38,2015,2016
2015-16,2743,Kris Humphries,Kris,1610612737,ATL,Atlanta Hawks,21501048,2016-03-21T00:00:00,ATL vs. WAS,L,5.3,0.0,0.0,0.0,2.0,0.0,2.0,5.0,6.0,0.0,0.0,0.0,0.0,5.6,1,13074,13074,13074,24268,12059,10158,9917,12984,1,3734,11593,22724,8004,1,1,18762,22133,1.0,5:16,2015,2016
2015-16,2594,Kyle Korver,Kyle,1610612737,ATL,Atlanta Hawks,21501048,2016-03-21T00:00:00,ATL vs. WAS,L,19.1,0.0,0.0,0.0,0.0,9.0,11.0,7.0,18.0,0.0,0.0,0.0,0.0,5.7,1,13074,13074,13074,16597,12059,10158,9917,18861,15771,21814,15538,13577,8004,1,1,18762,22054,1.0,19:08,2015,2016
2015-16,203187,Chris Johnson,Chris,1610612762,UTA,Utah Jazz,21501041,2016-03-20T00:00:00,UTA @ MIL,W,4.5,0.0,0.0,0.0,0.0,4.0,0.0,0.0,4.0,0.0,0.0,0.0,0.0,1.5,1,1,1,1,24561,12059,10158,9917,18861,6141,1,1,23698,8004,1,1,18762,24473,1.0,4:27,2015,2016
2015-16,203112,Quincy Acy,Quincy,1610612758,SAC,Sacramento Kings,21501042,2016-03-20T00:00:00,SAC @ NYK,W,22.8,3.0,0.0,0.0,2.0,2.0,8.0,3.0,16.0,0.0,0.0,2.0,4.0,11.3,1,1,1,1,13524,4307,10158,9917,12984,2619,17345,7328,15259,8004,1,11390,2748,18230,1.0,22:49,2015,2016
2015-16,2734,Devin Harris,Devin,1610612742,DAL,Dallas Mavericks,21501037,2016-03-20T00:00:00,DAL vs. POR,W,21.0,3.0,0.0,0.0,2.0,14.0,13.0,5.0,22.0,0.0,0.0,1.0,0.0,10.6,1,1,1,1,15035,4307,10158,9917,12984,22292,23668,11593,10265,8004,1,4972,18762,18723,1.0,21:02,2015,2016
2015-16,2570,Kendrick Perkins,Kendrick,1610612740,NOP,New Orleans Pelicans,21501040,2016-03-20T00:00:00,NOP vs. LAC,W,16.0,0.0,0.0,0.0,0.0,8.0,2.0,6.0,10.0,0.0,0.0,5.0,1.0,11.1,1,1,1,1,19017,12059,10158,9917,18861,13914,3734,13388,20209,8004,1,24686,12373,18370,1.0,16:01,2015,2016
2015-16,101111,Charlie Villanueva,Charlie,1610612742,DAL,Dallas Mavericks,21501037,2016-03-20T00:00:00,DAL vs. POR,W,12.5,0.0,2.0,0.0,4.0,5.0,5.0,0.0,10.0,1.0,1.0,2.0,1.0,11.4,1,1,1,1,21259,12059,4731,9917,8599,8403,11469,1,20209,2692,17214,11390,12373,18134,1.0,12:32,2015,2016
2015-16,203948,Johnny O'Bryant III,Johnny,1610612749,MIL,Milwaukee Bucks,21501041,2016-03-20T00:00:00,MIL vs. UTA,L,2.8,0.0,0.0,0.0,0.0,0.0,2.0,0.0,2.0,0.0,0.0,0.0,0.0,1.2,1,13074,13074,13074,25189,12059,10158,9917,18861,1,3734,1,24614,8004,1,1,18762,24661,1.0,2:49,2015,2016
2015-16,202344,Trevor Booker,Trevor,1610612762,UTA,Utah Jazz,21501041,2016-03-20T00:00:00,UTA @ MIL,W,7.6,0.0,0.0,0.0,0.0,2.0,2.0,2.0,10.0,0.0,0.0,1.0,0.0,1.2,1,1,1,1,23364,12059,10158,9917,18861,2619,3734,4025,20209,8004,1,4972,18762,24661,1.0,7:34,2015,2016
2015-16,201160,Jason Smith,Jason,1610612753,ORL,Orlando Magic,21501038,2016-03-20T00:00:00,ORL @ TOR,L,8.5,2.0,0.0,0.0,2.0,6.0,0.0,2.0,6.0,0.0,0.0,5.0,1.0,6.2,1,13074,13074,13074,23018,6026,10158,9917,12984,10028,1,4025,22724,8004,1,24686,12373,21696,1.0,8:32,2015,2016
2015-16,203092,Tyler Zeller,Tyler,1610612738,BOS,Boston Celtics,21501039,2016-03-20T00:00:00,BOS @ PHI,W,10.5,0.0,0.0,1.0,0.0,4.0,7.0,0.0,12.0,0.0,0.0,2.0,3.0,5.6,1,1,1,1,22250,12059,10158,9347,18861,6141,15642,1,18637,8004,1,11390,4736,22133,1.0,10:27,2015,2016
2015-16,203148,Brian Roberts,Brian,1610612757,POR,Portland Trail Blazers,21501037,2016-03-20T00:00:00,POR @ DAL,L,0.7,0.0,0.0,0.0,0.0,0.0,0.0,2.0,2.0,0.0,0.0,0.0,0.0,1.2,1,13074,13074,13074,25942,12059,10158,9917,18861,1,1,4025,24614,8004,1,1,18762,24661,1.0,0:40,2015,2016
2015-16,202341,James Anderson,James,1610612758,SAC,Sacramento Kings,21501042,2016-03-20T00:00:00,SAC @ NYK,W,2.5,0.0,0.0,0.0,0.0,0.0,3.0,3.0,2.0,0.0,0.0,0.0,0.0,0.0,1,1,1,1,25350,12059,10158,9917,18861,1,7138,7328,24614,8004,1,1,18762,25170,1.0,2:27,2015,2016
2015-16,203124,Kyle O'Quinn,Kyle,1610612752,NYK,New York Knicks,21501042,2016-03-20T00:00:00,NYK vs. SAC,L,10.4,0.0,2.0,0.0,0.0,4.0,8.0,2.0,18.0,0.0,0.0,1.0,1.0,8.8,1,13074,13074,13074,22285,12059,4731,9917,18861,6141,17345,4025,13577,8004,1,4972,12373,19994,1.0,10:23,2015,2016
2015-16,2756,Sasha Vujacic,Sasha,1610612752,NYK,New York Knicks,21501042,2016-03-20T00:00:00,NYK vs. SAC,L,12.7,0.0,0.0,0.0,0.0,8.0,0.0,5.0,8.0,0.0,0.0,1.0,0.0,9.2,1,13074,13074,13074,21159,12059,10158,9917,18861,13914,1,11593,21543,8004,1,4972,18762,19680,1.0,12:40,2015,2016
2015-16,201601,Luc Mbah a Moute,Luc,1610612746,LAC,LA Clippers,21501040,2016-03-20T00:00:00,LAC @ NOP,L,14.6,0.0,0.0,2.0,2.0,2.0,3.0,3.0,16.0,1.0,1.0,0.0,1.0,6.5,1,13074,13074,13074,20047,12059,10158,4675,12984,2619,7138,7328,15259,2692,17214,1,12373,21519,1.0,14:36,2015,2016
2015-16,203943,Noah Vonleh,Noah,1610612757,POR,Portland Trail Blazers,21501037,2016-03-20T00:00:00,POR @ DAL,L,14.1,0.0,0.0,0.0,0.0,4.0,7.0,2.0,6.0,0.0,0.0,2.0,1.0,3.6,1,13074,13074,13074,20346,12059,10158,9917,18861,6141,15642,4025,22724,8004,1,11390,12373,23310,1.0,14:06,2015,2016
2015-16,202087,Alonzo Gee,Alonzo,1610612740,NOP,New Orleans Pelicans,21501040,2016-03-20T00:00:00,NOP vs. LAC,W,27.7,0.0,2.0,0.0,2.0,20.0,2.0,8.0,20.0,0.0,1.0,4.0,1.0,9.4,1,1,1,1,9462,12059,4731,9917,12984,25338,3734,17194,11929,8004,17214,22104,12373,19568,1.0,27:42,2015,2016
2015-16,203996,Damien Inglis,Damien,1610612749,MIL,Milwaukee Bucks,21501041,2016-03-20T00:00:00,MIL vs. UTA,L,7.8,0.0,0.0,0.0,2.0,2.0,2.0,0.0,6.0,0.0,0.0,0.0,0.0,3.4,1,13074,13074,13074,23284,12059,10158,9917,12984,2619,3734,1,22724,8004,1,1,18762,23417,1.0,7:46,2015,2016
2015-16,203906,Devyn Marble,Devyn,1610612753,ORL,Orlando Magic,21501038,2016-03-20T00:00:00,ORL @ TOR,L,12.0,0.0,2.0,0.0,4.0,2.0,5.0,0.0,8.0,0.0,0.0,2.0,0.0,4.0,1,13074,13074,13074,21528,12059,4731,9917,8599,2619,11469,1,21543,8004,1,11390,18762,23142,1.0,12:00,2015,2016
2015-16,201582,Alexis Ajinca,Alexis,1610612740,NOP,New Orleans Pelicans,21501040,2016-03-20T00:00:00,NOP vs. LAC,W,1.6,0.0,0.0,0.0,0.0,3.0,0.0,0.0,0.0,0.0,0.0,2.0,0.0,-1.0,1,1,1,1,25666,12059,10158,9917,18861,5109,1,1,25429,8004,1,11390,18762,25932,1.0,1:35,2015,2016
2015-16,1626153,Delon Wright,Delon,1610612761,TOR,Toronto Raptors,21501038,2016-03-20T00:00:00,TOR vs. ORL,W,15.9,2.0,0.0,2.0,6.0,0.0,1.0,2.0,14.0,0.0,0.0,0.0,1.0,13.2,1,1,1,1,19148,6026,10158,4675,5299,1,3393,4025,17019,8004,1,1,12373,16768,1.0,15:52,2015,2016
2015-16,203921,Cleanthony Early,Cleanthony,1610612752,NYK,New York Knicks,21501042,2016-03-20T00:00:00,NYK vs. SAC,L,0.3,0.0,0.0,0.0,0.0,0.0,0.0,0.0,0.0,0.0,0.0,0.0,0.0,0.0,1,13074,13074,13074,25999,12059,10158,9917,18861,1,1,1,25429,8004,1,1,18762,25170,1.0,0:19,2015,2016
2015-16,203099,Jared Cunningham,Jared,1610612749,MIL,Milwaukee Bucks,21501041,2016-03-20T00:00:00,MIL vs. UTA,L,15.7,2.0,0.0,4.0,0.0,3.0,4.0,0.0,8.0,0.0,0.0,0.0,2.0,8.7,1,13074,13074,13074,19303,6026,10158,1913,18861,5109,8458,1,21543,8004,1,1,7786,20045,1.0,15:39,2015,2016
2015-16,1626175,Jordan Mickey,Jordan,1610612738,BOS,Boston Celtics,21501039,2016-03-20T00:00:00,BOS @ PHI,W,0.1,0.0,0.0,0.0,0.0,0.0,0.0,0.0,0.0,0.0,0.0,0.0,0.0,0.0,1,1,1,1,26034,12059,10158,9917,18861,1,1,1,25429,8004,1,1,18762,25170,1.0,0:08,2015,2016
2015-16,1626147,Justin Anderson,Justin,1610612742,DAL,Dallas Mavericks,21501037,2016-03-20T00:00:00,DAL vs. POR,W,5.6,0.0,0.0,0.0,0.0,8.0,3.0,3.0,8.0,0.0,0.0,0.0,0.0,0.0,1,1,1,1,24125,12059,10158,9917,18861,13914,7138,7328,21543,8004,1,1,18762,25170,1.0,5:38,2015,2016
2015-16,1626179,Terry Rozier,Terry,1610612738,BOS,Boston Celtics,21501039,2016-03-20T00:00:00,BOS @ PHI,W,13.4,0.0,0.0,0.0,0.0,6.0,7.0,0.0,16.0,0.0,0.0,2.0,0.0,8.8,1,1,1,1,20731,12059,10158,9917,18861,10028,15642,1,15259,8004,1,11390,18762,19994,1.0,13:25,2015,2016
2015-16,203482,Kelly Olynyk,Kelly,1610612738,BOS,Boston Celtics,21501039,2016-03-20T00:00:00,BOS @ PHI,W,20.3,0.0,0.0,0.0,2.0,9.0,9.0,6.0,24.0,0.0,1.0,1.0,1.0,4.4,1,1,1,1,15652,12059,10158,9917,12984,15771,19144,13388,8723,8004,17214,4972,12373,22837,1.0,20:17,2015,2016
2015-16,1626181,Norman Powell,Norman,1610612761,TOR,Toronto Raptors,21501038,2016-03-20T00:00:00,TOR vs. ORL,W,23.1,0.0,0.0,0.0,0.0,15.0,12.0,6.0,24.0,0.0,2.0,3.0,0.0,6.6,1,1,1,1,13332,12059,10158,9917,18861,23079,22832,13388,8723,8004,23588,17641,18762,21445,1.0,23:04,2015,2016
2015-16,203088,Kendall Marshall,Kendall,1610612755,PHI,Philadelphia 76ers,21501039,2016-03-20T00:00:00,PHI vs. BOS,L,10.6,0.0,0.0,0.0,0.0,2.0,4.0,5.0,16.0,0.0,0.0,0.0,0.0,3.5,1,13074,13074,13074,22186,12059,10158,9917,18861,2619,8458,11593,15259,8004,1,1,18762,23351,1.0,10:37,2015,2016
2015-16,1626209,Mario Hezonja,Mario,1610612753,ORL,Orlando Magic,21501038,2016-03-20T00:00:00,ORL @ TOR,L,5.4,0.0,0.0,0.0,2.0,4.0,0.0,4.0,4.0,0.0,0.0,1.0,0.0,3.5,1,13074,13074,13074,24198,12059,10158,9917,12984,6141,1,8806,23698,8004,1,4972,18762,23351,1.0,5:27,2015,2016
2015-16,203507,Giannis Antetokounmpo,Giannis,1610612749,MIL,Milwaukee Bucks,21501041,2016-03-20T00:00:00,MIL vs. UTA,L,29.3,0.0,0.0,2.0,4.0,10.0,15.0,7.0,28.0,2.0,0.0,1.0,2.0,36.1,1,13074,13074,13074,8133,12059,10158,4675,8599,17370,24781,15538,5824,932,1,4972,7786,3432,1.0,29:17,2015,2016
2015-16,202687,Bismack Biyombo,Bismack,1610612761,TOR,Toronto Raptors,21501038,2016-03-20T00:00:00,TOR vs. ORL,W,36.1,0.0,7.0,0.0,10.0,17.0,13.0,4.0,34.0,6.0,1.0,4.0,3.0,43.7,1,1,1,1,2716,12059,292,9917,1840,24337,23668,8806,2701,19,17214,22104,4736,1610,1.0,36:03,2015,2016
2015-16,201950,Jrue Holiday,Jrue,1610612740,NOP,New Orleans Pelicans,21501040,2016-03-20T00:00:00,NOP vs. LAC,W,39.3,4.0,2.0,3.0,6.0,19.0,2.0,10.0,26.0,1.0,2.0,4.0,5.0,37.4,1,1,1,1,967,2460,4731,3302,5299,25074,3734,20169,7214,2692,23588,22104,1539,3073,1.0,39:15,2015,2016
2015-16,101114,Deron Williams,Deron,1610612742,DAL,Dallas Mavericks,21501037,2016-03-20T00:00:00,DAL vs. POR,W,42.7,2.0,2.0,9.0,6.0,16.0,13.0,9.0,24.0,0.0,0.0,0.0,7.0,62.6,1,1,1,1,236,6026,4731,184,5299,23774,23668,18829,8723,8004,1,1,469,129,1.0,42:39,2015,2016
2015-16,203138,Hollis Thompson,Hollis,1610612755,PHI,Philadelphia 76ers,21501039,2016-03-20T00:00:00,PHI vs. BOS,L,32.3,0.0,0.0,6.0,4.0,6.0,14.0,13.0,34.0,1.0,0.0,2.0,3.0,24.2,1,13074,13074,13074,5617,12059,10158,740,8599,10028,24300,23048,2701,2692,1,11390,4736,9009,1.0,32:20,2015,2016
2015-16,202326,DeMarcus Cousins,DeMarcus,1610612758,SAC,Sacramento Kings,21501042,2016-03-20T00:00:00,SAC @ NYK,W,37.3,3.0,5.0,2.0,10.0,4.0,15.0,3.0,30.0,2.0,3.0,1.0,4.0,62.0,1,1,1,1,1886,4307,995,4675,1840,6141,24781,7328,4541,932,25441,4972,2748,141,1.0,37:19,2015,2016
2015-16,201171,Carl Landry,Carl,1610612755,PHI,Philadelphia 76ers,21501039,2016-03-20T00:00:00,PHI vs. BOS,L,25.5,6.0,6.0,0.0,16.0,2.0,8.0,8.0,20.0,0.0,1.0,2.0,4.0,35.6,1,13074,13074,13074,11317,878,481,9917,275,2619,17345,17194,11929,8004,17214,11390,2748,3615,1.0,25:28,2015,2016
2015-16,101108,Chris Paul,Chris,1610612746,LAC,LA Clippers,21501040,2016-03-20T00:00:00,LAC @ NOP,L,35.5,4.0,0.0,4.0,2.0,8.0,14.0,11.0,36.0,0.0,0.0,5.0,8.0,61.7,1,13074,13074,13074,3125,2460,10158,1913,12984,13914,24300,21342,1943,8004,1,24686,254,154,1.0,35:31,2015,2016
2015-16,202340,Avery Bradley,Avery,1610612738,BOS,Boston Celtics,21501039,2016-03-20T00:00:00,BOS @ PHI,W,38.9,4.0,0.0,5.0,6.0,9.0,8.0,12.0,36.0,1.0,1.0,2.0,1.0,44.6,1,1,1,1,1120,2460,10158,1277,5299,15771,17345,22259,1943,2692,17214,11390,12373,1438,1.0,38:52,2015,2016
2015-16,201962,Toney Douglas,Toney,1610612740,NOP,New Orleans Pelicans,21501040,2016-03-20T00:00:00,NOP vs. LAC,W,36.9,3.0,0.0,8.0,2.0,24.0,4.0,8.0,24.0,0.0,0.0,3.0,5.0,35.9,1,1,1,1,2167,4307,10158,280,12984,25890,8458,17194,8723,8004,1,17641,1539,3505,1.0,36:52,2015,2016
2015-16,204025,Tim Frazier,Tim,1610612740,NOP,New Orleans Pelicans,21501040,2016-03-20T00:00:00,NOP vs. LAC,W,20.1,0.0,7.0,0.0,4.0,11.0,2.0,6.0,12.0,0.0,1.0,5.0,4.0,35.4,1,1,1,1,15877,12059,292,9917,8599,18886,3734,13388,18637,8004,17214,24686,2748,3684,1.0,20:03,2015,2016
2015-16,203459,Allen Crabbe,Allen,1610612757,POR,Portland Trail Blazers,21501037,2016-03-20T00:00:00,POR @ DAL,L,36.4,6.0,6.0,3.0,0.0,12.0,10.0,13.0,26.0,0.0,1.0,4.0,2.0,29.0,1,13074,13074,13074,2450,878,481,3302,18861,20178,20509,23048,7214,8004,17214,22104,7786,6346,1.0,36:25,2015,2016
2015-16,203486,Mason Plumlee,Mason,1610612757,POR,Portland Trail Blazers,21501037,2016-03-20T00:00:00,POR @ DAL,L,31.7,6.0,3.0,2.0,10.0,7.0,7.0,5.0,18.0,1.0,1.0,5.0,5.0,44.8,1,13074,13074,13074,6118,878,3104,4675,1840,12242,15642,11593,13577,2692,17214,24686,1539,1406,1.0,31:44,2015,2016
2015-16,1626168,Trey Lyles,Trey,1610612762,UTA,Utah Jazz,21501041,2016-03-20T00:00:00,UTA @ MIL,W,22.5,2.0,7.0,0.0,6.0,9.0,2.0,6.0,26.0,0.0,2.0,0.0,2.0,24.8,1,1,1,1,13752,6026,292,9917,5299,15771,3734,13388,7214,8004,23588,1,7786,8614,1.0,22:31,2015,2016
2015-16,1626257,Salah Mejri,Salah,1610612742,DAL,Dallas Mavericks,21501037,2016-03-20T00:00:00,DAL vs. POR,W,32.7,2.0,3.0,4.0,8.0,10.0,8.0,4.0,14.0,6.0,1.0,5.0,6.0,50.3,1,1,1,1,5381,6026,3104,1913,3109,17370,17345,8806,17019,19,17214,24686,873,722,1.0,32:39,2015,2016
2015-16,202083,Wesley Matthews,Wesley,1610612742,DAL,Dallas Mavericks,21501037,2016-03-20T00:00:00,DAL vs. POR,W,41.6,0.0,0.0,0.0,0.0,17.0,16.0,11.0,20.0,0.0,1.0,4.0,2.0,24.5,1,1,1,1,376,12059,10158,9917,18861,24337,25155,21342,11929,8004,17214,22104,7786,8801,1.0,41:33,2015,2016
2015-16,200755,JJ Redick,JJ,1610612746,LAC,LA Clippers,21501040,2016-03-20T00:00:00,LAC @ NOP,L,31.6,7.0,2.0,0.0,4.0,8.0,14.0,9.0,32.0,0.0,0.0,5.0,2.0,29.9,1,13074,13074,13074,6189,548,4731,9917,8599,13914,24300,18829,3535,8004,1,24686,7786,5884,1.0,31:39,2015,2016
2015-16,1717,Dirk Nowitzki,Dirk,1610612742,DAL,Dallas Mavericks,21501037,2016-03-20T00:00:00,DAL vs. POR,W,39.2,9.0,7.0,2.0,6.0,18.0,15.0,14.0,22.0,0.0,1.0,5.0,4.0,59.6,1,1,1,1,995,171,292,4675,5299,24749,24781,23710,10265,8004,17214,24686,2748,225,1.0,39:11,2015,2016
2015-16,1626170,Jerian Grant,Jerian,1610612752,NYK,New York Knicks,21501042,2016-03-20T00:00:00,NYK vs. SAC,L,27.5,3.0,0.0,3.0,8.0,10.0,18.0,3.0,26.0,1.0,1.0,1.0,1.0,24.2,1,13074,13074,13074,9629,4307,10158,3302,3109,17370,25634,7328,7214,2692,17214,4972,12373,9009,1.0,27:28,2015,2016
2015-16,201577,Robin Lopez,Robin,1610612752,NYK,New York Knicks,21501042,2016-03-20T00:00:00,NYK vs. SAC,L,37.6,0.0,10.0,0.0,16.0,18.0,11.0,10.0,22.0,2.0,1.0,2.0,5.0,54.0,1,13074,13074,13074,1690,12059,34,9917,275,24749,21814,20169,10265,932,17214,11390,1539,453,1.0,37:37,2015,2016
2015-16,202738,Isaiah Thomas,Isaiah,1610612738,BOS,Boston Celtics,21501039,2016-03-20T00:00:00,BOS @ PHI,W,33.4,4.0,4.0,9.0,8.0,3.0,4.0,14.0,26.0,0.0,2.0,2.0,8.0,47.2,1,1,1,1,4811,2460,1596,184,3109,5109,8458,23710,7214,8004,23588,11390,254,1051,1.0,33:24,2015,2016
2015-16,202330,Gordon Hayward,Gordon,1610612762,UTA,Utah Jazz,21501041,2016-03-20T00:00:00,UTA @ MIL,W,36.2,7.0,2.0,5.0,6.0,12.0,2.0,6.0,30.0,0.0,1.0,2.0,3.0,29.8,1,1,1,1,2593,548,4731,1277,5299,20178,3734,13388,4541,8004,17214,11390,4736,5948,1.0,36:14,2015,2016
2015-16,201942,DeMar DeRozan,DeMar,1610612761,TOR,Toronto Raptors,21501038,2016-03-20T00:00:00,TOR vs. ORL,W,37.3,5.0,0.0,5.0,6.0,17.0,13.0,4.0,34.0,0.0,0.0,3.0,12.0,37.3,1,1,1,1,1872,1603,10158,1277,5299,24337,23668,8806,2701,8004,1,17641,27,3105,1.0,37:20,2015,2016
2015-16,202323,Evan Turner,Evan,1610612738,BOS,Boston Celtics,21501039,2016-03-20T00:00:00,BOS @ PHI,W,34.9,2.0,0.0,0.0,6.0,3.0,7.0,14.0,34.0,0.0,0.0,1.0,1.0,35.8,1,1,1,1,3581,6026,10158,9917,5299,5109,15642,23710,2701,8004,1,4972,12373,3541,1.0,34:56,2015,2016
2015-16,203953,Jabari Parker,Jabari,1610612749,MIL,Milwaukee Bucks,21501041,2016-03-20T00:00:00,MIL vs. UTA,L,35.0,6.0,0.0,4.0,12.0,16.0,15.0,7.0,32.0,1.0,2.0,3.0,1.0,35.6,1,13074,13074,13074,3549,878,10158,1913,988,23774,24781,15538,3535,2692,23588,17641,12373,3615,1.0,34:59,2015,2016
2015-16,204001,Kristaps Porziņģis,Kristaps,1610612752,NYK,New York Knicks,21501042,2016-03-20T00:00:00,NYK vs. SAC,L,35.2,2.0,3.0,0.0,6.0,17.0,7.0,9.0,24.0,2.0,1.0,3.0,2.0,29.4,1,13074,13074,13074,3429,6026,3104,9917,5299,24337,15642,18829,8723,932,17214,17641,7786,6143,1.0,35:10,2015,2016
2015-16,203506,Victor Oladipo,Victor,1610612753,ORL,Orlando Magic,21501038,2016-03-20T00:00:00,ORL @ TOR,L,41.7,11.0,0.0,0.0,6.0,22.0,16.0,9.0,38.0,2.0,1.0,3.0,3.0,36.7,1,13074,13074,13074,359,55,10158,9917,5299,25683,25155,18829,1422,932,17214,17641,4736,3269,1.0,41:39,2015,2016
2015-16,202329,Al-Farouq Aminu,Al-Farouq,1610612757,POR,Portland Trail Blazers,21501037,2016-03-20T00:00:00,POR @ DAL,L,34.7,0.0,0.0,0.0,0.0,10.0,13.0,11.0,30.0,0.0,0.0,2.0,2.0,24.5,1,13074,13074,13074,3775,12059,10158,9917,18861,17370,23668,21342,4541,8004,1,11390,7786,8801,1.0,34:42,2015,2016
2015-16,203935,Marcus Smart,Marcus,1610612738,BOS,Boston Celtics,21501039,2016-03-20T00:00:00,BOS @ PHI,W,29.1,0.0,3.0,0.0,8.0,6.0,7.0,2.0,32.0,0.0,1.0,4.0,2.0,31.5,1,1,1,1,8303,12059,3104,9917,3109,10028,15642,4025,3535,8004,17214,22104,7786,5180,1.0,29:06,2015,2016
2015-16,203932,Aaron Gordon,Aaron,1610612753,ORL,Orlando Magic,21501038,2016-03-20T00:00:00,ORL @ TOR,L,18.2,0.0,0.0,0.0,2.0,6.0,7.0,3.0,14.0,2.0,1.0,2.0,2.0,20.1,1,13074,13074,13074,17318,12059,10158,9917,12984,10028,15642,7328,17019,932,17214,11390,7786,11685,1.0,18:15,2015,2016
2015-16,200768,Kyle Lowry,Kyle,1610612761,TOR,Toronto Raptors,21501038,2016-03-20T00:00:00,TOR vs. ORL,W,40.1,5.0,2.0,2.0,6.0,19.0,12.0,8.0,34.0,0.0,3.0,1.0,6.0,40.5,1,1,1,1,702,1603,4731,4675,5299,25074,22832,17194,2701,8004,25441,4972,873,2257,1.0,40:07,2015,2016
2015-16,203901,Elfrid Payton,Elfrid,1610612753,ORL,Orlando Magic,21501038,2016-03-20T00:00:00,ORL @ TOR,L,16.6,2.0,2.0,2.0,2.0,10.0,5.0,8.0,18.0,1.0,1.0,1.0,1.0,12.4,1,13074,13074,13074,18545,6026,4731,4675,12984,17370,11469,17194,13577,2692,17214,4972,12373,17418,1.0,16:38,2015,2016
2015-16,1718,Paul Pierce,Paul,1610612746,LAC,LA Clippers,21501040,2016-03-20T00:00:00,LAC @ NOP,L,20.4,0.0,0.0,0.0,4.0,2.0,5.0,6.0,16.0,0.0,0.0,2.0,2.0,11.9,1,13074,13074,13074,15558,12059,10158,9917,8599,2619,11469,13388,15259,8004,1,11390,7786,17760,1.0,20:25,2015,2016
2015-16,203468,CJ McCollum,CJ,1610612757,POR,Portland Trail Blazers,21501037,2016-03-20T00:00:00,POR @ DAL,L,43.1,8.0,3.0,2.0,4.0,14.0,15.0,11.0,36.0,1.0,2.0,2.0,2.0,40.2,1,13074,13074,13074,201,308,3104,4675,8599,22292,24781,21342,1943,2692,23588,11390,7786,2323,1.0,43:04,2015,2016
2015-16,203898,Tyler Ennis,Tyler,1610612749,MIL,Milwaukee Bucks,21501041,2016-03-20T00:00:00,MIL vs. UTA,L,19.8,0.0,3.0,0.0,2.0,3.0,8.0,0.0,8.0,0.0,0.0,2.0,0.0,20.4,1,13074,13074,13074,16085,12059,3104,9917,12984,5109,17345,1,21543,8004,1,11390,18762,11453,1.0,19:47,2015,2016
2015-16,203082,Terrence Ross,Terrence,1610612761,TOR,Toronto Raptors,21501038,2016-03-20T00:00:00,TOR vs. ORL,W,27.6,6.0,4.0,0.0,4.0,6.0,1.0,4.0,20.0,1.0,0.0,3.0,3.0,20.1,1,1,1,1,9518,878,1596,9917,8599,10028,3393,8806,11929,2692,1,17641,4736,11685,1.0,27:38,2015,2016
2015-16,202397,Ish Smith,Ish,1610612755,PHI,Philadelphia 76ers,21501039,2016-03-20T00:00:00,PHI vs. BOS,L,35.0,1.0,0.0,6.0,8.0,10.0,11.0,11.0,40.0,0.0,0.0,2.0,3.0,26.6,1,13074,13074,13074,3549,11535,10158,740,3109,17370,21814,21342,983,8004,1,11390,4736,7566,1.0,34:59,2015,2016
2015-16,101135,David Lee,David,1610612742,DAL,Dallas Mavericks,21501037,2016-03-20T00:00:00,DAL vs. POR,W,15.5,0.0,0.0,0.0,2.0,13.0,13.0,5.0,18.0,1.0,0.0,2.0,0.0,15.6,1,1,1,1,19410,12059,10158,9917,12984,21300,23668,11593,13577,2692,1,11390,18762,14916,1.0,15:30,2015,2016
2015-16,203497,Rudy Gobert,Rudy,1610612762,UTA,Utah Jazz,21501041,2016-03-20T00:00:00,UTA @ MIL,W,33.9,4.0,8.0,2.0,8.0,13.0,5.0,6.0,28.0,2.0,1.0,2.0,2.0,40.8,1,1,1,1,4429,2460,137,4675,3109,21300,11469,13388,5824,932,17214,11390,7786,2181,1.0,33:54,2015,2016
2015-16,203094,Andrew Nicholson,Andrew,1610612753,ORL,Orlando Magic,21501038,2016-03-20T00:00:00,ORL @ TOR,L,20.7,0.0,0.0,0.0,6.0,12.0,9.0,8.0,28.0,2.0,0.0,2.0,2.0,31.3,1,13074,13074,13074,15287,12059,10158,9917,5299,20178,19144,17194,5824,932,1,11390,7786,5258,1.0,20:45,2015,2016
2015-16,201574,Jason Thompson,Jason,1610612761,TOR,Toronto Raptors,21501038,2016-03-20T00:00:00,TOR vs. ORL,W,27.7,2.0,3.0,0.0,4.0,2.0,4.0,4.0,20.0,0.0,1.0,3.0,3.0,26.5,1,1,1,1,9468,6026,3104,9917,8599,2619,8458,8806,11929,8004,17214,17641,4736,7627,1.0,27:41,2015,2016
2015-16,203081,Damian Lillard,Damian,1610612757,POR,Portland Trail Blazers,21501037,2016-03-20T00:00:00,POR @ DAL,L,44.1,5.0,3.0,4.0,8.0,9.0,11.0,13.0,32.0,0.0,3.0,2.0,4.0,40.8,1,13074,13074,13074,126,1603,3104,1913,3109,15771,21814,23048,3535,8004,25441,11390,2748,2181,1.0,44:05,2015,2016
2015-16,200765,Rajon Rondo,Rajon,1610612758,SAC,Sacramento Kings,21501042,2016-03-20T00:00:00,SAC @ NYK,W,33.8,2.0,0.0,0.0,2.0,4.0,15.0,3.0,30.0,0.0,0.0,2.0,0.0,20.2,1,1,1,1,4550,6026,10158,9917,12984,6141,24781,7328,4541,8004,1,11390,18762,11610,1.0,33:45,2015,2016
2015-16,101109,Raymond Felton,Raymond,1610612742,DAL,Dallas Mavericks,21501037,2016-03-20T00:00:00,DAL vs. POR,W,25.4,0.0,0.0,0.0,4.0,13.0,3.0,7.0,14.0,0.0,0.0,2.0,1.0,16.9,1,1,1,1,11358,12059,10158,9917,8599,21300,7138,15538,17019,8004,1,11390,12373,13911,1.0,25:25,2015,2016
2015-16,101181,Jose Calderon,Jose,1610612752,NYK,New York Knicks,21501042,2016-03-20T00:00:00,NYK vs. SAC,L,32.6,0.0,0.0,0.0,0.0,18.0,7.0,10.0,20.0,0.0,0.0,1.0,0.0,13.6,1,13074,13074,13074,5424,12059,10158,9917,18861,24749,15642,20169,11929,8004,1,4972,18762,16460,1.0,32:36,2015,2016
2015-16,201600,Omer Asik,Omer,1610612740,NOP,New Orleans Pelicans,21501040,2016-03-20T00:00:00,NOP vs. LAC,W,29.8,2.0,0.0,0.0,12.0,16.0,2.0,6.0,16.0,0.0,1.0,4.0,4.0,31.8,1,1,1,1,7751,6026,10158,9917,988,23774,3734,13388,15259,8004,17214,22104,2748,5041,1.0,29:46,2015,2016
2015-16,200826,J.J. Barea,J.J.,1610612742,DAL,Dallas Mavericks,21501037,2016-03-20T00:00:00,DAL vs. POR,W,24.0,0.0,3.0,0.0,6.0,9.0,16.0,7.0,16.0,0.0,0.0,0.0,1.0,13.6,1,1,1,1,12549,12059,3104,9917,5299,15771,25155,15538,15259,8004,1,1,12373,16460,1.0,24:00,2015,2016
2015-16,203457,Nerlens Noel,Nerlens,1610612755,PHI,Philadelphia 76ers,21501039,2016-03-20T00:00:00,PHI vs. BOS,L,24.3,0.0,0.0,0.0,4.0,6.0,11.0,11.0,34.0,1.0,2.0,6.0,2.0,28.1,1,13074,13074,13074,12315,12059,10158,9917,8599,10028,21814,21342,2701,2692,23588,25827,7786,6818,1.0,24:17,2015,2016
2015-16,203095,Evan Fournier,Evan,1610612753,ORL,Orlando Magic,21501038,2016-03-20T00:00:00,ORL @ TOR,L,37.3,2.0,3.0,4.0,6.0,24.0,11.0,13.0,42.0,0.0,1.0,1.0,4.0,22.7,1,13074,13074,13074,1925,6026,3104,1913,5299,25890,21814,23048,670,8004,17214,4972,2748,9938,1.0,37:15,2015,2016
2015-16,203473,Dewayne Dedmon,Dewayne,1610612753,ORL,Orlando Magic,21501038,2016-03-20T00:00:00,ORL @ TOR,L,16.2,0.0,2.0,0.0,4.0,8.0,5.0,3.0,10.0,1.0,0.0,4.0,1.0,17.5,1,13074,13074,13074,18896,12059,4731,9917,8599,13914,11469,7328,20209,2692,1,22104,12373,13528,1.0,16:12,2015,2016
2015-16,203917,Nik Stauskas,Nik,1610612755,PHI,Philadelphia 76ers,21501039,2016-03-20T00:00:00,PHI vs. BOS,L,26.7,0.0,0.0,0.0,4.0,4.0,9.0,9.0,28.0,0.0,0.0,1.0,3.0,22.7,1,13074,13074,13074,10267,12059,10158,9917,8599,6141,19144,18829,5824,8004,1,4972,4736,9938,1.0,26:43,2015,2016
2015-16,202714,Shelvin Mack,Shelvin,1610612762,UTA,Utah Jazz,21501041,2016-03-20T00:00:00,UTA @ MIL,W,37.9,0.0,0.0,0.0,6.0,9.0,7.0,4.0,36.0,0.0,1.0,2.0,2.0,32.8,1,1,1,1,1565,12059,10158,9917,5299,15771,15642,8806,1943,8004,17214,11390,7786,4609,1.0,37:53,2015,2016
2015-16,201943,Brandon Jennings,Brandon,1610612753,ORL,Orlando Magic,21501038,2016-03-20T00:00:00,ORL @ TOR,L,31.4,0.0,3.0,0.0,4.0,16.0,11.0,5.0,28.0,0.0,0.0,3.0,2.0,22.3,1,13074,13074,13074,6407,12059,3104,9917,8599,23774,21814,11593,5824,8004,1,17641,7786,10208,1.0,31:22,2015,2016
2015-16,203924,Jerami Grant,Jerami,1610612755,PHI,Philadelphia 76ers,21501039,2016-03-20T00:00:00,PHI vs. BOS,L,25.8,0.0,0.0,0.0,4.0,10.0,11.0,13.0,40.0,2.0,0.0,2.0,4.0,27.6,1,13074,13074,13074,10980,12059,10158,9917,8599,17370,21814,23048,983,932,1,11390,2748,7080,1.0,25:50,2015,2016
2015-16,101161,Amir Johnson,Amir,1610612738,BOS,Boston Celtics,21501039,2016-03-20T00:00:00,BOS @ PHI,W,23.7,0.0,4.0,4.0,18.0,2.0,2.0,8.0,16.0,2.0,0.0,5.0,1.0,32.6,1,1,1,1,12850,12059,1596,1913,131,2619,3734,17194,15259,932,1,24686,12373,4687,1.0,23:40,2015,2016
2015-16,2449,Luis Scola,Luis,1610612761,TOR,Toronto Raptors,21501038,2016-03-20T00:00:00,TOR vs. ORL,W,32.3,6.0,0.0,4.0,10.0,19.0,9.0,8.0,30.0,0.0,1.0,1.0,2.0,33.1,1,1,1,1,5680,878,10158,1913,1840,25074,19144,17194,4541,8004,17214,4972,7786,4505,1.0,32:16,2015,2016
2015-16,202332,Cole Aldrich,Cole,1610612746,LAC,LA Clippers,21501040,2016-03-20T00:00:00,LAC @ NOP,L,13.3,0.0,2.0,0.0,0.0,1.0,5.0,5.0,8.0,3.0,0.0,2.0,3.0,13.8,1,13074,13074,13074,20789,12059,4731,9917,18861,2356,11469,11593,21543,347,1,11390,4736,16311,1.0,13:20,2015,2016
2015-16,201967,Dante Cunningham,Dante,1610612740,NOP,New Orleans Pelicans,21501040,2016-03-20T00:00:00,NOP vs. LAC,W,39.8,0.0,2.0,3.0,10.0,22.0,2.0,10.0,26.0,0.0,0.0,3.0,5.0,32.2,1,1,1,1,799,12059,4731,3302,1840,25683,3734,20169,7214,8004,1,17641,1539,4846,1.0,39:45,2015,2016
2015-16,200752,Rudy Gay,Rudy,1610612758,SAC,Sacramento Kings,21501042,2016-03-20T00:00:00,SAC @ NYK,W,38.9,4.0,6.0,0.0,10.0,9.0,14.0,3.0,32.0,1.0,1.0,2.0,2.0,27.8,1,1,1,1,1124,2460,481,9917,1840,15771,24300,7328,3535,2692,17214,11390,7786,6950,1.0,38:52,2015,2016
2015-16,201599,DeAndre Jordan,DeAndre,1610612746,LAC,LA Clippers,21501040,2016-03-20T00:00:00,LAC @ NOP,L,34.3,3.0,0.0,0.0,6.0,8.0,11.0,11.0,34.0,1.0,0.0,2.0,8.0,27.8,1,13074,13074,13074,4132,4307,10158,9917,5299,13914,21814,21342,2701,2692,1,11390,254,6950,1.0,34:16,2015,2016
2015-16,202324,Derrick Favors,Derrick,1610612762,UTA,Utah Jazz,21501041,2016-03-20T00:00:00,UTA @ MIL,W,32.0,2.0,2.0,0.0,10.0,6.0,5.0,6.0,32.0,1.0,5.0,3.0,1.0,27.8,1,1,1,1,5868,6026,4731,9917,1840,10028,11469,13388,3535,2692,26042,17641,12373,6950,1.0,32:01,2015,2016
2015-16,203143,Pablo Prigioni,Pablo,1610612746,LAC,LA Clippers,21501040,2016-03-20T00:00:00,LAC @ NOP,L,12.5,6.0,0.0,0.0,2.0,1.0,2.0,5.0,6.0,0.0,0.0,3.0,2.0,16.4,1,13074,13074,13074,21283,878,10158,9917,12984,2356,3734,11593,22724,8004,1,17641,7786,14289,1.0,12:29,2015,2016
2015-16,202325,Wesley Johnson,Wesley,1610612746,LAC,LA Clippers,21501040,2016-03-20T00:00:00,LAC @ NOP,L,19.0,0.0,0.0,0.0,0.0,3.0,2.0,7.0,12.0,0.0,0.0,3.0,1.0,7.6,1,13074,13074,13074,16679,12059,10158,9917,18861,5109,3734,15538,18637,8004,1,17641,12373,20803,1.0,19:02,2015,2016
2015-16,203085,Austin Rivers,Austin,1610612746,LAC,LA Clippers,21501040,2016-03-20T00:00:00,LAC @ NOP,L,25.3,4.0,0.0,6.0,6.0,5.0,11.0,10.0,24.0,0.0,0.0,2.0,5.0,18.6,1,13074,13074,13074,11420,2460,10158,740,5299,8403,21814,20169,8723,8004,1,11390,1539,12715,1.0,25:20,2015,2016
2015-16,2585,Zaza Pachulia,Zaza,1610612742,DAL,Dallas Mavericks,21501037,2016-03-20T00:00:00,DAL vs. POR,W,4.9,0.0,0.0,0.0,0.0,2.0,0.0,5.0,2.0,0.0,0.0,0.0,0.0,2.4,1,1,1,1,24412,12059,10158,9917,18861,2619,1,11593,24614,8004,1,1,18762,24024,1.0,4:51,2015,2016
2015-16,200811,Lou Amundson,Lou,1610612752,NYK,New York Knicks,21501042,2016-03-20T00:00:00,NYK vs. SAC,L,8.2,0.0,0.0,0.0,0.0,5.0,8.0,3.0,12.0,1.0,0.0,1.0,0.0,8.4,1,13074,13074,13074,23129,12059,10158,9917,18861,8403,17345,7328,18637,2692,1,4972,18762,20273,1.0,8:09,2015,2016
2015-16,204060,Joe Ingles,Joe,1610612762,UTA,Utah Jazz,21501041,2016-03-20T00:00:00,UTA @ MIL,W,18.9,0.0,0.0,0.0,0.0,5.0,5.0,6.0,28.0,0.0,0.0,1.0,1.0,16.1,1,1,1,1,16760,12059,10158,9917,18861,8403,11469,13388,5824,8004,1,4972,12373,14515,1.0,18:56,2015,2016
2015-16,202337,Luke Babbitt,Luke,1610612740,NOP,New Orleans Pelicans,21501040,2016-03-20T00:00:00,NOP vs. LAC,W,29.0,0.0,3.0,2.0,6.0,12.0,4.0,6.0,16.0,0.0,0.0,4.0,3.0,21.6,1,1,1,1,8371,12059,3104,4675,5299,20178,8458,13388,15259,8004,1,22104,4736,10666,1.0,29:00,2015,2016
2015-16,201945,Gerald Henderson,Gerald,1610612757,POR,Portland Trail Blazers,21501037,2016-03-20T00:00:00,POR @ DAL,L,25.0,0.0,0.0,3.0,2.0,8.0,7.0,6.0,12.0,1.0,0.0,0.0,3.0,20.8,1,13074,13074,13074,11656,12059,10158,3302,12984,13914,15642,13388,18637,2692,1,1,4736,11195,1.0,25:01,2015,2016
2015-16,202328,Greg Monroe,Greg,1610612749,MIL,Milwaukee Bucks,21501041,2016-03-20T00:00:00,MIL vs. UTA,L,22.4,4.0,2.0,0.0,6.0,8.0,13.0,7.0,24.0,1.0,2.0,0.0,1.0,17.8,1,13074,13074,13074,13834,2460,4731,9917,5299,13914,23668,15538,8723,2692,23588,1,12373,13309,1.0,22:24,2015,2016
2015-16,203526,Raul Neto,Raul,1610612762,UTA,Utah Jazz,21501041,2016-03-20T00:00:00,UTA @ MIL,W,10.1,0.0,0.0,0.0,0.0,6.0,0.0,6.0,12.0,0.0,0.0,0.0,0.0,2.0,1,1,1,1,22389,12059,10158,9917,18861,10028,1,13388,18637,8004,1,1,18762,24216,1.0,10:07,2015,2016
2015-16,204456,T.J. McConnell,T.J.,1610612755,PHI,Philadelphia 76ers,21501039,2016-03-20T00:00:00,PHI vs. BOS,L,17.1,0.0,0.0,0.0,0.0,0.0,6.0,9.0,14.0,1.0,0.0,1.0,1.0,13.0,1,13074,13074,13074,18230,12059,10158,9917,18861,1,13237,18829,17019,2692,1,4972,12373,16969,1.0,17:03,2015,2016
2015-16,203918,Rodney Hood,Rodney,1610612762,UTA,Utah Jazz,21501041,2016-03-20T00:00:00,UTA @ MIL,W,36.4,3.0,2.0,0.0,4.0,9.0,7.0,8.0,34.0,1.0,0.0,2.0,0.0,25.0,1,1,1,1,2485,4307,4731,9917,8599,15771,15642,17194,2701,2692,1,11390,18762,8485,1.0,36:23,2015,2016
2015-16,202682,Derrick Williams,Derrick,1610612752,NYK,New York Knicks,21501042,2016-03-20T00:00:00,NYK vs. SAC,L,21.6,2.0,0.0,3.0,6.0,9.0,14.0,7.0,24.0,1.0,0.0,2.0,3.0,19.6,1,13074,13074,13074,14518,6026,10158,3302,5299,15771,24300,15538,8723,2692,1,11390,4736,12024,1.0,21:36,2015,2016
2015-16,204038,Langston Galloway,Langston,1610612752,NYK,New York Knicks,21501042,2016-03-20T00:00:00,NYK vs. SAC,L,23.2,2.0,2.0,0.0,4.0,9.0,13.0,5.0,22.0,0.0,0.0,2.0,1.0,14.6,1,13074,13074,13074,13214,6026,4731,9917,8599,15771,23668,11593,10265,8004,1,11390,12373,15699,1.0,23:11,2015,2016
2015-16,2037,Jamal Crawford,Jamal,1610612746,LAC,LA Clippers,21501040,2016-03-20T00:00:00,LAC @ NOP,L,33.4,3.0,0.0,0.0,4.0,7.0,13.0,13.0,26.0,0.0,0.0,4.0,2.0,23.3,1,13074,13074,13074,4808,4307,10158,9917,8599,12242,23668,23048,7214,8004,1,22104,7786,9567,1.0,33:24,2015,2016
2015-16,201167,Arron Afflalo,Arron,1610612752,NYK,New York Knicks,21501042,2016-03-20T00:00:00,NYK vs. SAC,L,30.8,0.0,0.0,0.0,0.0,12.0,9.0,6.0,24.0,0.0,0.0,2.0,2.0,10.2,1,13074,13074,13074,6860,12059,10158,9917,18861,20178,19144,13388,8723,8004,1,11390,7786,19003,1.0,30:50,2015,2016
2015-16,203114,Khris Middleton,Khris,1610612749,MIL,Milwaukee Bucks,21501041,2016-03-20T00:00:00,MIL vs. UTA,L,30.1,0.0,0.0,0.0,8.0,13.0,17.0,7.0,30.0,0.0,0.0,2.0,3.0,19.0,1,13074,13074,13074,7462,12059,10158,9917,3109,21300,25429,15538,4541,8004,1,11390,4736,12440,1.0,30:06,2015,2016
2015-16,201956,Omri Casspi,Omri,1610612758,SAC,Sacramento Kings,21501042,2016-03-20T00:00:00,SAC @ NYK,W,19.1,5.0,2.0,5.0,8.0,5.0,4.0,3.0,18.0,0.0,0.0,3.0,3.0,23.0,1,1,1,1,16592,1603,4731,1277,3109,8403,8458,7328,13577,8004,1,17641,4736,9760,1.0,19:08,2015,2016
2015-16,202334,Ed Davis,Ed,1610612757,POR,Portland Trail Blazers,21501037,2016-03-20T00:00:00,POR @ DAL,L,20.0,0.0,2.0,0.0,4.0,9.0,10.0,8.0,16.0,1.0,0.0,2.0,2.0,25.4,1,13074,13074,13074,15894,12059,4731,9917,8599,15771,20509,17194,15259,2692,1,11390,7786,8273,1.0,20:02,2015,2016
2015-16,203101,Miles Plumlee,Miles,1610612749,MIL,Milwaukee Bucks,21501041,2016-03-20T00:00:00,MIL vs. UTA,L,22.9,1.0,2.0,0.0,6.0,10.0,8.0,0.0,14.0,3.0,0.0,0.0,2.0,19.6,1,13074,13074,13074,13455,11535,4731,9917,5299,17370,17345,1,17019,347,1,1,7786,12024,1.0,22:54,2015,2016
2015-16,203477,Isaiah Canaan,Isaiah,1610612755,PHI,Philadelphia 76ers,21501039,2016-03-20T00:00:00,PHI vs. BOS,L,27.3,2.0,0.0,2.0,4.0,8.0,9.0,10.0,34.0,0.0,0.0,0.0,1.0,19.6,1,13074,13074,13074,9804,6026,10158,4675,8599,13914,19144,20169,2701,8004,1,1,12373,12024,1.0,27:15,2015,2016
2015-16,201585,Kosta Koufos,Kosta,1610612758,SAC,Sacramento Kings,21501042,2016-03-20T00:00:00,SAC @ NYK,W,16.7,0.0,4.0,0.0,6.0,5.0,4.0,3.0,16.0,0.0,1.0,1.0,0.0,9.8,1,1,1,1,18508,12059,1596,9917,5299,8403,8458,7328,15259,8004,17214,4972,18762,19331,1.0,16:41,2015,2016
2015-16,203096,Jared Sullinger,Jared,1610612738,BOS,Boston Celtics,21501039,2016-03-20T00:00:00,BOS @ PHI,W,35.8,0.0,6.0,0.0,6.0,3.0,4.0,14.0,34.0,0.0,2.0,5.0,2.0,35.1,1,1,1,1,2931,12059,481,9917,5299,5109,8458,23710,2701,8004,23588,24686,7786,3777,1.0,35:45,2015,2016
2015-16,1882,Elton Brand,Elton,1610612755,PHI,Philadelphia 76ers,21501039,2016-03-20T00:00:00,PHI vs. BOS,L,15.5,0.0,5.0,0.0,2.0,2.0,2.0,6.0,10.0,2.0,0.0,3.0,3.0,19.1,1,13074,13074,13074,19431,12059,995,9917,12984,2619,3734,13388,20209,932,1,17641,4736,12372,1.0,15:28,2015,2016
2015-16,203090,Maurice Harkless,Maurice,1610612757,POR,Portland Trail Blazers,21501037,2016-03-20T00:00:00,POR @ DAL,L,15.2,0.0,4.0,0.0,6.0,7.0,5.0,4.0,12.0,0.0,1.0,3.0,0.0,14.6,1,13074,13074,13074,19639,12059,1596,9917,5299,12242,11469,8806,18637,8004,17214,17641,18762,15699,1.0,15:10,2015,2016
2015-16,201573,Jerryd Bayless,Jerryd,1610612749,MIL,Milwaukee Bucks,21501041,2016-03-20T00:00:00,MIL vs. UTA,L,28.2,0.0,0.0,0.0,2.0,15.0,13.0,7.0,32.0,0.0,0.0,1.0,1.0,14.7,1,13074,13074,13074,9065,12059,10158,9917,12984,23079,23668,15538,3535,8004,1,4972,12373,15631,1.0,28:13,2015,2016
2015-16,201954,Darren Collison,Darren,1610612758,SAC,Sacramento Kings,21501042,2016-03-20T00:00:00,SAC @ NYK,W,40.2,5.0,0.0,5.0,2.0,9.0,15.0,6.0,32.0,0.0,2.0,2.0,1.0,34.6,1,1,1,1,694,1603,10158,1277,12984,15771,24781,13388,3535,8004,23588,11390,12373,3963,1.0,40:09,2015,2016
2015-16,203089,John Henson,John,1610612749,MIL,Milwaukee Bucks,21501041,2016-03-20T00:00:00,MIL vs. UTA,L,26.1,2.0,0.0,0.0,6.0,10.0,8.0,0.0,16.0,3.0,0.0,2.0,1.0,19.4,1,13074,13074,13074,10755,6026,10158,9917,5299,17370,17345,1,15259,347,1,11390,12373,12154,1.0,26:06,2015,2016
2015-16,101141,Ersan Ilyasova,Ersan,1610612753,ORL,Orlando Magic,21501038,2016-03-20T00:00:00,ORL @ TOR,L,31.9,2.0,1.0,2.0,4.0,20.0,11.0,10.0,34.0,0.0,3.0,6.0,2.0,25.3,1,13074,13074,13074,5946,6026,9709,4675,8599,25338,21814,20169,2701,8004,25441,25827,7786,8340,1.0,31:56,2015,2016
2015-16,201158,Marco Belinelli,Marco,1610612758,SAC,Sacramento Kings,21501042,2016-03-20T00:00:00,SAC @ NYK,W,28.9,0.0,2.0,0.0,0.0,7.0,7.0,3.0,24.0,0.0,0.0,2.0,2.0,19.1,1,1,1,1,8490,12059,4731,9917,18861,12242,15642,7328,8723,8004,1,11390,7786,12372,1.0,28:51,2015,2016
2015-16,203078,Bradley Beal,Bradley,1610612764,WAS,Washington Wizards,21501032,2016-03-19T00:00:00,WAS vs. NYK,W,32.4,3.0,0.0,1.0,6.0,8.0,6.0,8.0,20.0,0.0,1.0,1.0,3.0,25.6,1,1,1,1,5552,4307,10158,9347,5299,13914,13237,17194,11929,8004,17214,4972,4736,8157,1.0,32:26,2015,2016
2015-16,2544,LeBron James,LeBron,1610612739,CLE,Cleveland Cavaliers,21501033,2016-03-19T00:00:00,CLE @ MIA,L,26.6,4.0,0.0,4.0,20.0,9.0,9.0,10.0,30.0,0.0,1.0,1.0,3.0,34.1,1,13074,13074,13074,10335,2460,10158,1913,59,15771,19144,20169,4541,8004,17214,4972,4736,4124,1.0,26:38,2015,2016
2015-16,203083,Andre Drummond,Andre,1610612765,DET,Detroit Pistons,21501030,2016-03-19T00:00:00,DET vs. BKN,W,29.5,0.0,4.0,2.0,16.0,3.0,8.0,2.0,34.0,0.0,0.0,2.0,5.0,25.8,1,1,1,1,7988,12059,1596,4675,275,5109,17345,4025,2701,8004,1,11390,1539,8022,1.0,29:29,2015,2016
2015-16,202332,Cole Aldrich,Cole,1610612746,LAC,LA Clippers,21501035,2016-03-19T00:00:00,LAC @ MEM,L,14.0,0.0,0.0,0.0,0.0,4.0,5.0,2.0,10.0,4.0,1.0,2.0,4.0,25.8,1,13074,13074,13074,20399,12059,10158,9917,18861,6141,11469,4025,20209,132,17214,11390,2748,8022,1.0,14:01,2015,2016
2015-16,203484,Kentavious Caldwell-Pope,Kentavious,1610612765,DET,Detroit Pistons,21501030,2016-03-19T00:00:00,DET vs. BKN,W,39.3,3.0,2.0,2.0,6.0,7.0,6.0,2.0,40.0,0.0,0.0,2.0,2.0,25.8,1,1,1,1,949,4307,4731,4675,5299,12242,13237,4025,983,8004,1,11390,7786,8022,1.0,39:18,2015,2016
2015-16,201939,Stephen Curry,Stephen,1610612744,GSW,Golden State Warriors,21501036,2016-03-19T00:00:00,GSW @ SAS,L,37.6,5.0,3.0,2.0,6.0,3.0,20.0,4.0,28.0,0.0,2.0,0.0,7.0,34.2,1,13074,13074,13074,1701,1603,3104,4675,5299,5109,25875,8806,5824,8004,23588,1,469,4092,1.0,37:36,2015,2016
2015-16,203490,Otto Porter Jr.,Otto,1610612764,WAS,Washington Wizards,21501032,2016-03-19T00:00:00,WAS vs. NYK,W,29.7,5.0,0.0,0.0,6.0,7.0,9.0,6.0,16.0,0.0,1.0,2.0,0.0,23.7,1,1,1,1,7793,1603,10158,9917,5299,12242,19144,13388,15259,8004,17214,11390,18762,9329,1.0,29:43,2015,2016
2015-16,202711,Bojan Bogdanović,Bojan,1610612751,BKN,Brooklyn Nets,21501030,2016-03-19T00:00:00,BKN @ DET,L,33.4,3.0,2.0,0.0,6.0,10.0,16.0,9.0,48.0,0.0,3.0,2.0,3.0,26.0,1,13074,13074,13074,4850,4307,4731,9917,5299,17370,25155,18829,192,8004,25441,11390,4736,7910,1.0,33:21,2015,2016
2015-16,2571,Leandro Barbosa,Leandro,1610612744,GSW,Golden State Warriors,21501036,2016-03-19T00:00:00,GSW @ SAS,L,13.9,0.0,0.0,2.0,0.0,3.0,7.0,0.0,4.0,0.0,0.0,2.0,2.0,14.3,1,13074,13074,13074,20491,12059,10158,4675,18861,5109,15642,1,23698,8004,1,11390,7786,15948,1.0,13:52,2015,2016
2015-16,202682,Derrick Williams,Derrick,1610612752,NYK,New York Knicks,21501032,2016-03-19T00:00:00,NYK @ WAS,L,17.8,0.0,0.0,0.0,2.0,10.0,2.0,6.0,18.0,0.0,1.0,1.0,1.0,9.9,1,13074,13074,13074,17667,12059,10158,9917,12984,17370,3734,13388,13577,8004,17214,4972,12373,19247,1.0,17:48,2015,2016
2015-16,101145,Monta Ellis,Monta,1610612754,IND,Indiana Pacers,21501031,2016-03-19T00:00:00,IND vs. OKC,L,42.5,2.0,0.0,2.0,4.0,12.0,12.0,15.0,28.0,0.0,0.0,5.0,2.0,33.7,1,13074,13074,13074,251,6026,10158,4675,8599,20178,22832,24242,5824,8004,1,24686,7786,4280,1.0,42:28,2015,2016
2015-16,203186,Willie Reed,Willie,1610612751,BKN,Brooklyn Nets,21501030,2016-03-19T00:00:00,BKN @ DET,L,27.6,0.0,0.0,0.0,6.0,8.0,7.0,5.0,32.0,2.0,0.0,4.0,4.0,25.2,1,13074,13074,13074,9505,12059,10158,9917,5299,13914,15642,11593,3535,932,1,22104,2748,8383,1.0,27:38,2015,2016
2015-16,202388,Donald Sloan,Donald,1610612751,BKN,Brooklyn Nets,21501030,2016-03-19T00:00:00,BKN @ DET,L,24.0,0.0,0.0,0.0,2.0,5.0,10.0,4.0,36.0,0.0,0.0,2.0,2.0,19.7,1,13074,13074,13074,12549,12059,10158,9917,12984,8403,20509,8806,1943,8004,1,11390,7786,11962,1.0,24:00,2015,2016
2015-16,202362,Lance Stephenson,Lance,1610612763,MEM,Memphis Grizzlies,21501035,2016-03-19T00:00:00,MEM vs. LAC,W,27.6,4.0,0.0,2.0,8.0,7.0,4.0,3.0,16.0,1.0,2.0,2.0,5.0,25.1,1,1,1,1,9541,2460,10158,4675,3109,12242,8458,7328,15259,2692,23588,11390,1539,8429,1.0,27:36,2015,2016
2015-16,202330,Gordon Hayward,Gordon,1610612762,UTA,Utah Jazz,21501034,2016-03-19T00:00:00,UTA @ CHI,L,37.0,2.0,2.0,2.0,6.0,11.0,10.0,4.0,30.0,0.0,0.0,1.0,1.0,19.1,1,13074,13074,13074,2064,6026,4731,4675,5299,18886,20509,8806,4541,8004,1,4972,12373,12372,1.0,37:02,2015,2016
2015-16,204060,Joe Ingles,Joe,1610612762,UTA,Utah Jazz,21501034,2016-03-19T00:00:00,UTA @ CHI,L,17.5,0.0,0.0,0.0,0.0,8.0,2.0,3.0,6.0,1.0,1.0,3.0,1.0,14.2,1,13074,13074,13074,17890,12059,10158,9917,18861,13914,3734,7328,22724,2692,17214,17641,12373,16003,1.0,17:31,2015,2016
2015-16,202714,Shelvin Mack,Shelvin,1610612762,UTA,Utah Jazz,21501034,2016-03-19T00:00:00,UTA @ CHI,L,33.6,2.0,0.0,0.0,6.0,11.0,8.0,2.0,26.0,0.0,0.0,0.0,4.0,34.0,1,13074,13074,13074,4657,6026,10158,9917,5299,18886,17345,4025,7214,8004,1,1,2748,4162,1.0,33:37,2015,2016
2015-16,1713,Vince Carter,Vince,1610612763,MEM,Memphis Grizzlies,21501035,2016-03-19T00:00:00,MEM vs. LAC,W,25.9,0.0,0.0,0.0,0.0,11.0,3.0,8.0,16.0,0.0,1.0,0.0,3.0,14.6,1,1,1,1,10954,12059,10158,9917,18861,18886,7138,17194,15259,8004,17214,1,4736,15699,1.0,25:52,2015,2016
2015-16,203526,Raul Neto,Raul,1610612762,UTA,Utah Jazz,21501034,2016-03-19T00:00:00,UTA @ CHI,L,12.8,2.0,0.0,2.0,4.0,3.0,2.0,3.0,10.0,0.0,1.0,1.0,0.0,14.7,1,13074,13074,13074,21103,6026,10158,4675,8599,5109,3734,7328,20209,8004,17214,4972,18762,15631,1.0,12:45,2015,2016
2015-16,203382,Aron Baynes,Aron,1610612765,DET,Detroit Pistons,21501030,2016-03-19T00:00:00,DET vs. BKN,W,18.5,2.0,2.0,0.0,16.0,4.0,2.0,2.0,20.0,1.0,1.0,5.0,4.0,33.9,1,1,1,1,17080,6026,4731,9917,275,6141,3734,4025,11929,2692,17214,24686,2748,4208,1.0,18:31,2015,2016
2015-16,201599,DeAndre Jordan,DeAndre,1610612746,LAC,LA Clippers,21501035,2016-03-19T00:00:00,LAC @ MEM,L,32.9,0.0,2.0,1.0,12.0,14.0,9.0,4.0,30.0,2.0,0.0,5.0,5.0,33.9,1,13074,13074,13074,5197,12059,4731,9347,988,22292,19144,8806,4541,932,1,24686,1539,4208,1.0,32:55,2015,2016
2015-16,202681,Kyrie Irving,Kyrie,1610612739,CLE,Cleveland Cavaliers,21501033,2016-03-19T00:00:00,CLE @ MIA,L,27.4,4.0,0.0,2.0,6.0,8.0,15.0,12.0,38.0,0.0,1.0,0.0,3.0,25.0,1,13074,13074,13074,9678,2460,10158,4675,5299,13914,24781,22259,1422,8004,17214,1,4736,8485,1.0,27:25,2015,2016
2015-16,2617,Udonis Haslem,Udonis,1610612748,MIA,Miami Heat,21501033,2016-03-19T00:00:00,MIA vs. CLE,W,6.5,0.0,0.0,0.0,2.0,5.0,1.0,0.0,4.0,0.0,0.0,0.0,0.0,5.6,1,1,1,1,23765,12059,10158,9917,12984,8403,3393,1,23698,8004,1,1,18762,22133,1.0,6:27,2015,2016
2015-16,201627,Anthony Morrow,Anthony,1610612760,OKC,Oklahoma City Thunder,21501031,2016-03-19T00:00:00,OKC @ IND,W,8.0,0.0,3.0,0.0,2.0,3.0,2.0,3.0,8.0,0.0,0.0,3.0,0.0,6.0,1,1,1,1,23169,12059,3104,9917,12984,5109,3734,7328,21543,8004,1,17641,18762,21878,1.0,8:03,2015,2016
2015-16,1627362,Briante Weber,Briante,1610612763,MEM,Memphis Grizzlies,21501035,2016-03-19T00:00:00,MEM vs. LAC,W,11.2,0.0,0.0,0.0,0.0,6.0,0.0,7.0,2.0,0.0,0.0,3.0,0.0,5.7,1,1,1,1,21944,12059,10158,9917,18861,10028,1,15538,24614,8004,1,17641,18762,22054,1.0,11:12,2015,2016
2015-16,203895,Jordan McRae,Jordan,1610612739,CLE,Cleveland Cavaliers,21501033,2016-03-19T00:00:00,CLE @ MIA,L,15.8,0.0,0.0,0.0,0.0,5.0,4.0,2.0,16.0,0.0,0.0,1.0,2.0,5.6,1,13074,13074,13074,19193,12059,10158,9917,18861,8403,8458,4025,15259,8004,1,4972,7786,22133,1.0,15:48,2015,2016
2015-16,201988,Patty Mills,Patty,1610612759,SAS,San Antonio Spurs,21501036,2016-03-19T00:00:00,SAS vs. GSW,W,20.8,0.0,0.0,0.0,0.0,4.0,6.0,4.0,10.0,0.0,0.0,3.0,2.0,5.7,1,1,1,1,15223,12059,10158,9917,18861,6141,13237,8806,20209,8004,1,17641,7786,22054,1.0,20:48,2015,2016
2015-16,203187,Chris Johnson,Chris,1610612762,UTA,Utah Jazz,21501034,2016-03-19T00:00:00,UTA @ CHI,L,12.3,2.0,1.0,2.0,2.0,2.0,2.0,0.0,10.0,0.0,1.0,3.0,1.0,5.6,1,13074,13074,13074,21389,6026,9709,4675,12984,2619,3734,1,20209,8004,17214,17641,12373,22133,1.0,12:18,2015,2016
2015-16,1626166,Cameron Payne,Cameron,1610612760,OKC,Oklahoma City Thunder,21501031,2016-03-19T00:00:00,OKC @ IND,W,10.2,2.0,2.0,0.0,0.0,5.0,0.0,5.0,4.0,0.0,0.0,1.0,1.0,2.0,1,1,1,1,22370,6026,4731,9917,18861,8403,1,11593,23698,8004,1,4972,12373,24216,1.0,10:09,2015,2016
2015-16,202684,Tristan Thompson,Tristan,1610612739,CLE,Cleveland Cavaliers,21501033,2016-03-19T00:00:00,CLE @ MIA,L,18.0,2.0,2.0,0.0,2.0,6.0,6.0,2.0,18.0,0.0,1.0,4.0,0.0,5.9,1,13074,13074,13074,17540,6026,4731,9917,12984,10028,13237,4025,13577,8004,17214,22104,18762,21953,1.0,17:58,2015,2016
2015-16,203524,Solomon Hill,Solomon,1610612754,IND,Indiana Pacers,21501031,2016-03-19T00:00:00,IND vs. OKC,L,13.3,0.0,0.0,0.0,0.0,7.0,6.0,2.0,14.0,0.0,0.0,2.0,0.0,6.0,1,13074,13074,13074,20801,12059,10158,9917,18861,12242,13237,4025,17019,8004,1,11390,18762,21878,1.0,13:19,2015,2016
2015-16,203991,Clint Capela,Clint,1610612745,HOU,Houston Rockets,21501029,2016-03-19T00:00:00,HOU @ ATL,L,9.5,0.0,2.0,1.0,4.0,6.0,3.0,2.0,12.0,0.0,0.0,0.0,2.0,11.0,1,13074,13074,13074,22628,12059,4731,9347,8599,10028,7138,4025,18637,8004,1,1,7786,18430,1.0,9:30,2015,2016
2015-16,203546,Ian Clark,Ian,1610612744,GSW,Golden State Warriors,21501036,2016-03-19T00:00:00,GSW @ SAS,L,6.3,0.0,0.0,0.0,2.0,2.0,4.0,0.0,8.0,0.0,0.0,1.0,0.0,2.0,1,13074,13074,13074,23817,12059,10158,9917,12984,2619,8458,1,21543,8004,1,4972,18762,24216,1.0,6:20,2015,2016
2015-16,201965,Jeff Ayres,Jeff,1610612746,LAC,LA Clippers,21501035,2016-03-19T00:00:00,LAC @ MEM,L,1.1,0.0,0.0,0.0,0.0,0.0,0.0,0.0,0.0,0.0,0.0,0.0,0.0,1.2,1,13074,13074,13074,25854,12059,10158,9917,18861,1,1,1,25429,8004,1,1,18762,24661,1.0,1:04,2015,2016
2015-16,202730,Lavoy Allen,Lavoy,1610612754,IND,Indiana Pacers,21501031,2016-03-19T00:00:00,IND vs. OKC,L,10.1,0.0,2.0,0.0,2.0,3.0,3.0,5.0,6.0,0.0,0.0,1.0,1.0,6.4,1,13074,13074,13074,22398,12059,4731,9917,12984,5109,7138,11593,22724,8004,1,4972,12373,21589,1.0,10:06,2015,2016
2015-16,201166,Aaron Brooks,Aaron,1610612741,CHI,Chicago Bulls,21501034,2016-03-19T00:00:00,CHI vs. UTA,W,17.4,0.0,0.0,0.0,4.0,4.0,2.0,2.0,14.0,0.0,0.0,2.0,2.0,6.2,1,1,1,1,17986,12059,10158,9917,8599,6141,3734,4025,17019,8004,1,11390,7786,21696,1.0,17:22,2015,2016
2015-16,1495,Tim Duncan,Tim,1610612759,SAS,San Antonio Spurs,21501036,2016-03-19T00:00:00,SAS vs. GSW,W,8.0,1.0,1.0,0.0,0.0,6.0,4.0,2.0,6.0,0.0,0.0,1.0,2.0,1.4,1,1,1,1,23183,11535,9709,9917,18861,10028,8458,4025,22724,8004,1,4972,7786,24615,1.0,8:00,2015,2016
2015-16,101139,CJ Miles,CJ,1610612754,IND,Indiana Pacers,21501031,2016-03-19T00:00:00,IND vs. OKC,L,5.5,0.0,0.0,0.0,0.0,7.0,5.0,4.0,8.0,0.0,1.0,0.0,1.0,5.7,1,13074,13074,13074,24195,12059,10158,9917,18861,12242,11469,8806,21543,8004,17214,1,12373,22054,1.0,5:27,2015,2016
2015-16,201577,Robin Lopez,Robin,1610612752,NYK,New York Knicks,21501032,2016-03-19T00:00:00,NYK @ WAS,L,33.9,0.0,6.0,0.0,6.0,22.0,4.0,7.0,32.0,3.0,0.0,1.0,3.0,29.4,1,13074,13074,13074,4429,12059,481,9917,5299,25683,8458,15538,3535,347,1,4972,4736,6143,1.0,33:54,2015,2016
2015-16,2210,Richard Jefferson,Richard,1610612739,CLE,Cleveland Cavaliers,21501033,2016-03-19T00:00:00,CLE @ MIA,L,29.2,5.0,0.0,0.0,6.0,9.0,15.0,4.0,30.0,0.0,0.0,4.0,1.0,29.3,1,13074,13074,13074,8222,1603,10158,9917,5299,15771,24781,8806,4541,8004,1,22104,12373,6202,1.0,29:12,2015,2016
2015-16,203501,Tim Hardaway Jr.,Tim,1610612737,ATL,Atlanta Hawks,21501029,2016-03-19T00:00:00,ATL vs. HOU,W,20.1,8.0,0.0,7.0,4.0,6.0,2.0,2.0,14.0,0.0,1.0,1.0,2.0,29.6,1,1,1,1,15865,308,10158,454,8599,10028,3734,4025,17019,8004,17214,4972,7786,6050,1.0,20:04,2015,2016
2015-16,201566,Russell Westbrook,Russell,1610612760,OKC,Oklahoma City Thunder,21501031,2016-03-19T00:00:00,OKC @ IND,W,35.9,3.0,0.0,6.0,0.0,19.0,7.0,10.0,34.0,0.0,0.0,4.0,4.0,44.2,1,1,1,1,2806,4307,10158,740,18861,25074,15642,20169,2701,8004,1,22104,2748,1515,1.0,35:56,2015,2016
2015-16,1626167,Myles Turner,Myles,1610612754,IND,Indiana Pacers,21501031,2016-03-19T00:00:00,IND vs. OKC,L,31.1,0.0,4.0,0.0,4.0,5.0,3.0,11.0,14.0,2.0,1.0,1.0,2.0,29.1,1,13074,13074,13074,6654,12059,1596,9917,8599,8403,7138,21342,17019,932,17214,4972,7786,6285,1.0,31:04,2015,2016
2015-16,202683,Enes Freedom,Enes,1610612760,OKC,Oklahoma City Thunder,21501031,2016-03-19T00:00:00,OKC @ IND,W,24.0,3.0,4.0,0.0,12.0,9.0,4.0,8.0,14.0,1.0,1.0,3.0,2.0,29.0,1,1,1,1,12611,4307,1596,9917,988,15771,8458,17194,17019,2692,17214,17641,7786,6346,1.0,23:57,2015,2016
2015-16,201584,Courtney Lee,Courtney,1610612766,CHA,Charlotte Hornets,21501028,2016-03-19T00:00:00,CHA vs. DEN,L,28.7,0.0,0.0,3.0,2.0,5.0,5.0,4.0,22.0,2.0,0.0,2.0,1.0,24.3,1,13074,13074,13074,8603,12059,10158,3302,12984,8403,11469,8806,10265,932,1,11390,12373,8939,1.0,28:44,2015,2016
2015-16,203110,Draymond Green,Draymond,1610612744,GSW,Golden State Warriors,21501036,2016-03-19T00:00:00,GSW @ SAS,L,39.3,4.0,5.0,2.0,8.0,4.0,18.0,4.0,30.0,1.0,0.0,3.0,6.0,36.8,1,13074,13074,13074,962,2460,995,4675,3109,6141,25634,8806,4541,2692,1,17641,873,3241,1.0,39:16,2015,2016
2015-16,203492,Ray McCallum,Ray,1610612763,MEM,Memphis Grizzlies,21501035,2016-03-19T00:00:00,MEM vs. LAC,W,35.0,0.0,0.0,0.0,0.0,9.0,4.0,4.0,22.0,2.0,0.0,3.0,0.0,24.9,1,1,1,1,3566,12059,10158,9917,18861,15771,8458,8806,10265,932,1,17641,18762,8553,1.0,34:58,2015,2016
2015-16,201587,Nicolas Batum,Nicolas,1610612766,CHA,Charlotte Hornets,21501028,2016-03-19T00:00:00,CHA vs. DEN,L,39.9,2.0,0.0,2.0,6.0,12.0,10.0,8.0,36.0,1.0,0.0,1.0,3.0,49.1,1,13074,13074,13074,748,6026,10158,4675,5299,20178,20509,17194,1943,2692,1,4972,4736,850,1.0,39:56,2015,2016
2015-16,202322,John Wall,John,1610612764,WAS,Washington Wizards,21501032,2016-03-19T00:00:00,WAS vs. NYK,W,39.2,10.0,0.0,5.0,10.0,16.0,9.0,4.0,16.0,1.0,2.0,1.0,6.0,46.4,1,1,1,1,988,99,10158,1277,1840,23774,19144,8806,15259,2692,23588,4972,873,1149,1.0,39:12,2015,2016
2015-16,201152,Thaddeus Young,Thaddeus,1610612751,BKN,Brooklyn Nets,21501030,2016-03-19T00:00:00,BKN @ DET,L,25.8,2.0,2.0,2.0,20.0,6.0,10.0,6.0,34.0,2.0,0.0,2.0,1.0,46.8,1,13074,13074,13074,11011,6026,4731,4675,59,10028,20509,13388,2701,932,1,11390,12373,1102,1.0,25:48,2015,2016
2015-16,202700,Donatas Motiejunas,Donatas,1610612745,HOU,Houston Rockets,21501029,2016-03-19T00:00:00,HOU @ ATL,L,21.4,0.0,3.0,2.0,6.0,6.0,0.0,9.0,30.0,0.0,0.0,3.0,4.0,24.7,1,13074,13074,13074,14708,12059,3104,4675,5299,10028,1,18829,4541,8004,1,17641,2748,8673,1.0,21:23,2015,2016
2015-16,201935,James Harden,James,1610612745,HOU,Houston Rockets,21501029,2016-03-19T00:00:00,HOU @ ATL,L,36.8,9.0,0.0,7.0,8.0,18.0,4.0,19.0,48.0,1.0,2.0,2.0,4.0,47.2,1,13074,13074,13074,2225,171,10158,454,3109,24749,8458,25435,192,2692,23588,11390,2748,1051,1.0,36:48,2015,2016
2015-16,203156,Henry Sims,Henry,1610612751,BKN,Brooklyn Nets,21501030,2016-03-19T00:00:00,BKN @ DET,L,20.3,2.0,2.0,0.0,4.0,5.0,12.0,7.0,32.0,1.0,0.0,5.0,0.0,24.6,1,13074,13074,13074,15654,6026,4731,9917,8599,8403,22832,15538,3535,2692,1,24686,18762,8724,1.0,20:17,2015,2016
2015-16,1626144,Emmanuel Mudiay,Emmanuel,1610612743,DEN,Denver Nuggets,21501028,2016-03-19T00:00:00,DEN @ CHA,W,34.3,0.0,2.0,4.0,6.0,8.0,7.0,7.0,26.0,0.0,4.0,1.0,2.0,24.4,1,1,1,1,4082,12059,4731,1913,5299,13914,15642,15538,7214,8004,25926,4972,7786,8867,1.0,34:19,2015,2016
2015-16,200757,Thabo Sefolosha,Thabo,1610612737,ATL,Atlanta Hawks,21501029,2016-03-19T00:00:00,ATL vs. HOU,W,22.2,4.0,4.0,1.0,4.0,4.0,4.0,3.0,22.0,0.0,1.0,1.0,1.0,37.3,1,1,1,1,13973,2460,1596,9347,8599,6141,8458,7328,10265,8004,17214,4972,12373,3105,1.0,22:14,2015,2016
2015-16,201229,Anthony Tolliver,Anthony,1610612765,DET,Detroit Pistons,21501030,2016-03-19T00:00:00,DET vs. BKN,W,16.8,3.0,5.0,3.0,4.0,4.0,0.0,2.0,16.0,0.0,1.0,2.0,2.0,24.8,1,1,1,1,18393,4307,995,3302,8599,6141,1,4025,15259,8004,17214,11390,7786,8614,1.0,16:50,2015,2016
2015-16,200794,Paul Millsap,Paul,1610612737,ATL,Atlanta Hawks,21501029,2016-03-19T00:00:00,ATL vs. HOU,W,33.3,4.0,0.0,0.0,10.0,13.0,7.0,11.0,30.0,2.0,0.0,3.0,3.0,36.0,1,1,1,1,4914,2460,10158,9917,1840,21300,15642,21342,4541,932,1,17641,4736,3463,1.0,33:16,2015,2016
2015-16,203115,Will Barton,Will,1610612743,DEN,Denver Nuggets,21501028,2016-03-19T00:00:00,DEN @ CHA,W,22.6,2.0,1.0,4.0,4.0,6.0,4.0,2.0,26.0,0.0,1.0,1.0,1.0,24.2,1,1,1,1,13675,6026,9709,1913,8599,10028,8458,4025,7214,8004,17214,4972,12373,9009,1.0,22:37,2015,2016
2015-16,2216,Zach Randolph,Zach,1610612763,MEM,Memphis Grizzlies,21501035,2016-03-19T00:00:00,MEM vs. LAC,W,35.8,4.0,4.0,0.0,6.0,12.0,4.0,5.0,20.0,0.0,2.0,4.0,5.0,54.2,1,1,1,1,2902,2460,1596,9917,5299,20178,8458,11593,11929,8004,23588,22104,1539,432,1.0,35:48,2015,2016
2015-16,202689,Kemba Walker,Kemba,1610612766,CHA,Charlotte Hornets,21501028,2016-03-19T00:00:00,CHA vs. DEN,L,36.4,0.0,5.0,4.0,6.0,6.0,11.0,4.0,28.0,0.0,2.0,3.0,2.0,35.9,1,13074,13074,13074,2452,12059,995,1913,5299,10028,21814,8806,5824,8004,23588,17641,7786,3505,1.0,36:25,2015,2016
2015-16,202331,Paul George,Paul,1610612754,IND,Indiana Pacers,21501031,2016-03-19T00:00:00,IND vs. OKC,L,40.9,17.0,0.0,10.0,14.0,5.0,7.0,11.0,24.0,0.0,1.0,2.0,9.0,63.4,1,13074,13074,13074,513,2,10158,118,542,8403,15642,21342,8723,8004,17214,11390,138,116,1.0,40:51,2015,2016
2015-16,201142,Kevin Durant,Kevin,1610612760,OKC,Oklahoma City Thunder,21501031,2016-03-19T00:00:00,OKC @ IND,W,37.3,0.0,0.0,5.0,4.0,19.0,5.0,12.0,26.0,1.0,1.0,3.0,6.0,69.6,1,1,1,1,1910,12059,10158,1277,8599,25074,11469,22259,7214,2692,17214,17641,873,48,1.0,37:16,2015,2016
2015-16,204001,Kristaps Porziņģis,Kristaps,1610612752,NYK,New York Knicks,21501032,2016-03-19T00:00:00,NYK @ WAS,L,38.5,3.0,0.0,2.0,6.0,24.0,4.0,10.0,40.0,3.0,0.0,3.0,4.0,35.4,1,13074,13074,13074,1265,4307,10158,4675,5299,25890,8458,20169,983,347,1,17641,2748,3684,1.0,38:32,2015,2016
2015-16,1626171,Bobby Portis,Bobby,1610612741,CHI,Chicago Bulls,21501034,2016-03-19T00:00:00,CHI vs. UTA,W,19.8,3.0,2.0,3.0,2.0,4.0,6.0,2.0,20.0,2.0,0.0,0.0,2.0,24.0,1,1,1,1,16071,4307,4731,3302,12984,6141,13237,4025,11929,932,1,1,7786,9121,1.0,19:48,2015,2016
2015-16,203500,Steven Adams,Steven,1610612760,OKC,Oklahoma City Thunder,21501031,2016-03-19T00:00:00,OKC @ IND,W,25.5,0.0,1.0,0.0,8.0,15.0,5.0,7.0,26.0,0.0,0.0,2.0,1.0,23.9,1,1,1,1,11267,12059,9709,9917,3109,23079,11469,15538,7214,8004,1,11390,12373,9184,1.0,25:32,2015,2016
2015-16,201563,Michael Beasley,Michael,1610612745,HOU,Houston Rockets,21501029,2016-03-19T00:00:00,HOU @ ATL,L,28.1,6.0,2.0,2.0,14.0,20.0,7.0,15.0,32.0,0.0,0.0,3.0,5.0,35.8,1,13074,13074,13074,9158,878,4731,4675,542,25338,15642,24242,3535,8004,1,17641,1539,3541,1.0,28:06,2015,2016
2015-16,2548,Dwyane Wade,Dwyane,1610612748,MIA,Miami Heat,21501033,2016-03-19T00:00:00,MIA vs. CLE,W,28.4,2.0,4.0,6.0,14.0,8.0,2.0,4.0,26.0,0.0,0.0,1.0,3.0,35.8,1,1,1,1,8915,6026,1596,740,542,13914,3734,8806,7214,8004,1,4972,4736,3541,1.0,28:24,2015,2016
2015-16,2546,Carmelo Anthony,Carmelo,1610612752,NYK,New York Knicks,21501032,2016-03-19T00:00:00,NYK @ WAS,L,39.7,2.0,0.0,0.0,2.0,24.0,6.0,10.0,38.0,0.0,0.0,2.0,2.0,35.9,1,13074,13074,13074,832,6026,10158,9917,12984,25890,13237,20169,1422,8004,1,11390,7786,3505,1.0,39:39,2015,2016
2015-16,203999,Nikola Jokić,Nikola,1610612743,DEN,Denver Nuggets,21501028,2016-03-19T00:00:00,DEN @ CHA,W,24.8,0.0,2.0,0.0,8.0,5.0,5.0,7.0,18.0,1.0,4.0,6.0,1.0,35.8,1,1,1,1,11878,12059,4731,9917,3109,8403,11469,15538,13577,2692,25926,25827,12373,3541,1.0,24:45,2015,2016
2015-16,203960,JaKarr Sampson,JaKarr,1610612743,DEN,Denver Nuggets,21501028,2016-03-19T00:00:00,DEN @ CHA,W,23.2,2.0,0.0,0.0,6.0,6.0,5.0,7.0,14.0,0.0,0.0,3.0,1.0,9.6,1,1,1,1,13227,6026,10158,9917,5299,10028,11469,15538,17019,8004,1,17641,12373,19434,1.0,23:10,2015,2016
2015-16,203143,Pablo Prigioni,Pablo,1610612746,LAC,LA Clippers,21501035,2016-03-19T00:00:00,LAC @ MEM,L,1.3,0.0,0.0,0.0,0.0,0.0,0.0,0.0,2.0,0.0,0.0,1.0,0.0,0.0,1,13074,13074,13074,25768,12059,10158,9917,18861,1,1,1,24614,8004,1,4972,18762,25170,1.0,1:18,2015,2016
2015-16,1626168,Trey Lyles,Trey,1610612762,UTA,Utah Jazz,21501034,2016-03-19T00:00:00,UTA @ CHI,L,14.2,0.0,4.0,0.0,4.0,3.0,6.0,0.0,18.0,0.0,0.0,1.0,0.0,9.1,1,13074,13074,13074,20306,12059,1596,9917,8599,5109,13237,1,13577,8004,1,4972,18762,19789,1.0,14:10,2015,2016
2015-16,201567,Kevin Love,Kevin,1610612739,CLE,Cleveland Cavaliers,21501033,2016-03-19T00:00:00,CLE @ MIA,L,16.3,0.0,0.0,0.0,2.0,3.0,9.0,4.0,20.0,0.0,0.0,3.0,2.0,8.7,1,13074,13074,13074,18820,12059,10158,9917,12984,5109,19144,8806,11929,8004,1,17641,7786,20045,1.0,16:18,2015,2016
2015-16,203949,James Michael McAdoo,James Michael,1610612744,GSW,Golden State Warriors,21501036,2016-03-19T00:00:00,GSW @ SAS,L,8.6,0.0,2.0,0.0,4.0,1.0,10.0,2.0,8.0,0.0,0.0,3.0,0.0,6.7,1,13074,13074,13074,23004,12059,4731,9917,8599,2356,20509,4025,21543,8004,1,17641,18762,21376,1.0,8:34,2015,2016
2015-16,201578,Marreese Speights,Marreese,1610612744,GSW,Golden State Warriors,21501036,2016-03-19T00:00:00,GSW @ SAS,L,10.9,0.0,0.0,0.0,0.0,2.0,5.0,0.0,4.0,0.0,1.0,2.0,0.0,7.2,1,13074,13074,13074,22062,12059,10158,9917,18861,2619,11469,1,23698,8004,17214,11390,18762,21035,1.0,10:56,2015,2016
2015-16,201162,Jared Dudley,Jared,1610612764,WAS,Washington Wizards,21501032,2016-03-19T00:00:00,WAS vs. NYK,W,11.7,0.0,0.0,0.0,0.0,3.0,2.0,4.0,12.0,0.0,0.0,1.0,0.0,3.9,1,1,1,1,21749,12059,10158,9917,18861,5109,3734,8806,18637,8004,1,4972,18762,23225,1.0,11:39,2015,2016
2015-16,203079,Dion Waiters,Dion,1610612760,OKC,Oklahoma City Thunder,21501031,2016-03-19T00:00:00,OKC @ IND,W,17.6,0.0,2.0,0.0,2.0,11.0,4.0,9.0,16.0,0.0,0.0,2.0,0.0,6.7,1,1,1,1,17807,12059,4731,9917,12984,18886,8458,18829,15259,8004,1,11390,18762,21376,1.0,17:38,2015,2016
2015-16,203508,Sergey Karasev,Sergey,1610612751,BKN,Brooklyn Nets,21501030,2016-03-19T00:00:00,BKN @ DET,L,14.7,0.0,2.0,0.0,2.0,3.0,3.0,3.0,16.0,0.0,0.0,2.0,1.0,4.7,1,13074,13074,13074,19995,12059,4731,9917,12984,5109,7138,7328,15259,8004,1,11390,12373,22672,1.0,14:39,2015,2016
2015-16,203200,Justin Holiday,Justin,1610612741,CHI,Chicago Bulls,21501034,2016-03-19T00:00:00,CHI vs. UTA,W,15.0,0.0,0.0,0.0,0.0,4.0,2.0,2.0,14.0,0.0,1.0,0.0,0.0,4.9,1,1,1,1,19791,12059,10158,9917,18861,6141,3734,4025,17019,8004,17214,1,18762,22621,1.0,14:57,2015,2016
2015-16,202344,Trevor Booker,Trevor,1610612762,UTA,Utah Jazz,21501034,2016-03-19T00:00:00,UTA @ CHI,L,11.5,0.0,2.0,0.0,2.0,3.0,0.0,3.0,2.0,0.0,0.0,2.0,1.0,7.1,1,13074,13074,13074,21812,12059,4731,9917,12984,5109,1,7328,24614,8004,1,11390,12373,21141,1.0,11:31,2015,2016
2015-16,203488,Mike Muscala,Mike,1610612737,ATL,Atlanta Hawks,21501029,2016-03-19T00:00:00,ATL vs. HOU,W,1.3,0.0,0.0,0.0,0.0,0.0,2.0,0.0,2.0,0.0,0.0,0.0,0.0,0.0,1,1,1,1,25761,12059,10158,9917,18861,1,3734,1,24614,8004,1,1,18762,25170,1.0,1:20,2015,2016
2015-16,101112,Channing Frye,Channing,1610612739,CLE,Cleveland Cavaliers,21501033,2016-03-19T00:00:00,CLE @ MIA,L,16.0,0.0,0.0,0.0,0.0,5.0,9.0,2.0,18.0,0.0,0.0,2.0,0.0,6.8,1,13074,13074,13074,19075,12059,10158,9917,18861,8403,19144,4025,13577,8004,1,11390,18762,21328,1.0,15:57,2015,2016
2015-16,203584,Troy Daniels,Troy,1610612766,CHA,Charlotte Hornets,21501028,2016-03-19T00:00:00,CHA vs. DEN,L,14.4,0.0,0.0,0.0,2.0,8.0,7.0,4.0,12.0,0.0,0.0,0.0,1.0,5.2,1,13074,13074,13074,20176,12059,10158,9917,12984,13914,15642,8806,18637,8004,1,1,12373,22370,1.0,14:23,2015,2016
2015-16,2756,Sasha Vujacic,Sasha,1610612752,NYK,New York Knicks,21501032,2016-03-19T00:00:00,NYK @ WAS,L,12.7,0.0,0.0,0.0,0.0,5.0,0.0,2.0,10.0,0.0,0.0,1.0,1.0,4.1,1,13074,13074,13074,21144,12059,10158,9917,18861,8403,1,4025,20209,8004,1,4972,12373,23131,1.0,12:42,2015,2016
2015-16,2755,Kevin Martin,Kevin,1610612759,SAS,San Antonio Spurs,21501036,2016-03-19T00:00:00,SAS vs. GSW,W,3.1,0.0,0.0,0.0,0.0,2.0,0.0,0.0,4.0,0.0,0.0,0.0,0.0,0.0,1,1,1,1,25079,12059,10158,9917,18861,2619,1,1,23698,8004,1,1,18762,25170,1.0,3:08,2015,2016
2015-16,101187,Alan Anderson,Alan,1610612764,WAS,Washington Wizards,21501032,2016-03-19T00:00:00,WAS vs. NYK,W,18.3,0.0,0.0,0.0,2.0,9.0,2.0,2.0,8.0,0.0,0.0,1.0,0.0,7.1,1,1,1,1,17278,12059,10158,9917,12984,15771,3734,4025,21543,8004,1,4972,18762,21141,1.0,18:17,2015,2016
2015-16,2550,Kirk Hinrich,Kirk,1610612737,ATL,Atlanta Hawks,21501029,2016-03-19T00:00:00,ATL vs. HOU,W,1.3,0.0,0.0,0.0,0.0,0.0,2.0,0.0,2.0,0.0,0.0,0.0,0.0,0.0,1,1,1,1,25761,12059,10158,9917,18861,1,3734,1,24614,8004,1,1,18762,25170,1.0,1:20,2015,2016
2015-16,201147,Corey Brewer,Corey,1610612745,HOU,Houston Rockets,21501029,2016-03-19T00:00:00,HOU @ ATL,L,12.6,0.0,0.0,0.0,0.0,8.0,2.0,7.0,14.0,1.0,0.0,2.0,0.0,1.0,1,13074,13074,13074,21190,12059,10158,9917,18861,13914,3734,15538,17019,2692,1,11390,18762,24960,1.0,12:38,2015,2016
2015-16,201177,Josh McRoberts,Josh,1610612748,MIA,Miami Heat,21501033,2016-03-19T00:00:00,MIA vs. CLE,W,11.7,0.0,0.0,0.0,0.0,5.0,1.0,0.0,6.0,0.0,0.0,1.0,1.0,6.5,1,1,1,1,21723,12059,10158,9917,18861,8403,3393,1,22724,8004,1,4972,12373,21519,1.0,11:42,2015,2016
2015-16,201196,Ramon Sessions,Ramon,1610612764,WAS,Washington Wizards,21501032,2016-03-19T00:00:00,WAS vs. NYK,W,8.8,0.0,0.0,0.0,4.0,0.0,2.0,4.0,8.0,0.0,3.0,0.0,0.0,4.2,1,1,1,1,22922,12059,10158,9917,8599,1,3734,8806,21543,8004,25441,1,18762,22976,1.0,8:48,2015,2016
2015-16,1626170,Jerian Grant,Jerian,1610612752,NYK,New York Knicks,21501032,2016-03-19T00:00:00,NYK @ WAS,L,3.1,0.0,0.0,0.0,0.0,2.0,0.0,2.0,6.0,0.0,0.0,0.0,0.0,0.2,1,13074,13074,13074,25082,12059,10158,9917,18861,2619,1,4025,22724,8004,1,1,18762,25103,1.0,3:07,2015,2016
2015-16,2747,JR Smith,JR,1610612739,CLE,Cleveland Cavaliers,21501033,2016-03-19T00:00:00,CLE @ MIA,L,19.2,0.0,0.0,0.0,0.0,7.0,6.0,10.0,26.0,0.0,0.0,1.0,0.0,5.0,1,13074,13074,13074,16540,12059,10158,9917,18861,12242,13237,20169,7214,8004,1,4972,18762,22500,1.0,19:11,2015,2016
2015-16,203937,Kyle Anderson,Kyle,1610612759,SAS,San Antonio Spurs,21501036,2016-03-19T00:00:00,SAS vs. GSW,W,9.9,0.0,0.0,0.0,0.0,6.0,2.0,2.0,10.0,0.0,0.0,0.0,0.0,5.3,1,1,1,1,22486,12059,10158,9917,18861,10028,3734,4025,20209,8004,1,1,18762,22358,1.0,9:55,2015,2016
2015-16,2399,Mike Dunleavy,Mike,1610612741,CHI,Chicago Bulls,21501034,2016-03-19T00:00:00,CHI vs. UTA,W,25.5,0.0,0.0,0.0,0.0,5.0,7.0,7.0,30.0,0.0,0.0,1.0,0.0,7.1,1,1,1,1,11267,12059,10158,9917,18861,8403,15642,15538,4541,8004,1,4972,18762,21141,1.0,25:32,2015,2016
2015-16,203080,Thomas Robinson,Thomas,1610612751,BKN,Brooklyn Nets,21501030,2016-03-19T00:00:00,BKN @ DET,L,22.2,0.0,2.0,0.0,2.0,7.0,9.0,6.0,30.0,0.0,0.0,2.0,1.0,9.0,1,13074,13074,13074,14007,12059,4731,9917,12984,12242,19144,13388,4541,8004,1,11390,12373,19835,1.0,22:12,2015,2016
2015-16,201619,Sasha Kaun,Sasha,1610612739,CLE,Cleveland Cavaliers,21501033,2016-03-19T00:00:00,CLE @ MIA,L,2.7,0.0,1.0,0.0,0.0,0.0,0.0,0.0,0.0,0.0,0.0,0.0,1.0,1.0,1,13074,13074,13074,25260,12059,9709,9917,18861,1,1,1,25429,8004,1,1,12373,24960,1.0,2:40,2015,2016
2015-16,201941,Jordan Hill,Jordan,1610612754,IND,Indiana Pacers,21501031,2016-03-19T00:00:00,IND vs. OKC,L,7.7,0.0,0.0,0.0,2.0,4.0,5.0,4.0,10.0,0.0,0.0,0.0,1.0,4.4,1,13074,13074,13074,23334,12059,10158,9917,12984,6141,11469,8806,20209,8004,1,1,12373,22837,1.0,7:40,2015,2016
2015-16,203084,Harrison Barnes,Harrison,1610612744,GSW,Golden State Warriors,21501036,2016-03-19T00:00:00,GSW @ SAS,L,30.2,0.0,2.0,0.0,2.0,6.0,14.0,2.0,28.0,0.0,3.0,5.0,0.0,19.9,1,13074,13074,13074,7383,12059,4731,9917,12984,10028,24300,4025,5824,8004,25441,24686,18762,11824,1.0,30:10,2015,2016
2015-16,203118,Mike Scott,Mike,1610612737,ATL,Atlanta Hawks,21501029,2016-03-19T00:00:00,ATL vs. HOU,W,16.2,2.0,1.0,2.0,2.0,8.0,2.0,3.0,14.0,0.0,0.0,2.0,1.0,19.8,1,1,1,1,18859,6026,9709,4675,12984,13914,3734,7328,17019,8004,1,11390,12373,11883,1.0,16:14,2015,2016
2015-16,101123,Gerald Green,Gerald,1610612748,MIA,Miami Heat,21501033,2016-03-19T00:00:00,MIA vs. CLE,W,10.8,3.0,0.0,0.0,2.0,5.0,3.0,0.0,6.0,0.0,0.0,3.0,0.0,11.9,1,1,1,1,22117,4307,10158,9917,12984,8403,7138,1,22724,8004,1,17641,18762,17760,1.0,10:48,2015,2016
2015-16,201145,Jeff Green,Jeff,1610612746,LAC,LA Clippers,21501035,2016-03-19T00:00:00,LAC @ MEM,L,21.0,0.0,0.0,0.0,2.0,6.0,9.0,2.0,20.0,0.0,0.0,2.0,2.0,12.2,1,13074,13074,13074,15093,12059,10158,9917,12984,10028,19144,4025,11929,8004,1,11390,7786,17566,1.0,20:57,2015,2016
2015-16,203145,Kent Bazemore,Kent,1610612737,ATL,Atlanta Hawks,21501029,2016-03-19T00:00:00,ATL vs. HOU,W,16.2,0.0,0.0,2.0,2.0,13.0,3.0,12.0,18.0,0.0,0.0,4.0,0.0,12.4,1,1,1,1,18913,12059,10158,4675,12984,21300,7138,22259,13577,8004,1,22104,18762,17418,1.0,16:10,2015,2016
2015-16,202704,Reggie Jackson,Reggie,1610612765,DET,Detroit Pistons,21501030,2016-03-19T00:00:00,DET vs. BKN,W,24.5,0.0,0.0,0.0,6.0,3.0,8.0,2.0,36.0,0.0,1.0,0.0,0.0,20.0,1,1,1,1,12083,12059,10158,9917,5299,5109,17345,4025,1943,8004,17214,1,18762,11752,1.0,24:32,2015,2016
2015-16,204098,Xavier Munford,Xavier,1610612763,MEM,Memphis Grizzlies,21501035,2016-03-19T00:00:00,MEM vs. LAC,W,19.7,0.0,0.0,0.0,2.0,6.0,0.0,10.0,4.0,0.0,1.0,2.0,2.0,12.1,1,1,1,1,16164,12059,10158,9917,12984,10028,1,20169,23698,8004,17214,11390,7786,17639,1.0,19:42,2015,2016
2015-16,201961,Wayne Ellington,Wayne,1610612751,BKN,Brooklyn Nets,21501030,2016-03-19T00:00:00,BKN @ DET,L,27.1,0.0,0.0,0.0,0.0,5.0,10.0,4.0,36.0,0.0,1.0,1.0,1.0,12.1,1,13074,13074,13074,9934,12059,10158,9917,18861,8403,20509,8806,1943,8004,17214,4972,12373,17639,1.0,27:05,2015,2016
2015-16,201571,D.J. Augustin,D.J.,1610612743,DEN,Denver Nuggets,21501028,2016-03-19T00:00:00,DEN @ CHA,W,22.6,3.0,3.0,0.0,4.0,4.0,4.0,2.0,24.0,0.0,0.0,2.0,5.0,30.7,1,1,1,1,13703,4307,3104,9917,8599,6141,8458,4025,8723,8004,1,11390,1539,5539,1.0,22:35,2015,2016
2015-16,201167,Arron Afflalo,Arron,1610612752,NYK,New York Knicks,21501032,2016-03-19T00:00:00,NYK @ WAS,L,35.3,0.0,0.0,2.0,0.0,24.0,6.0,11.0,38.0,0.0,1.0,2.0,2.0,12.1,1,13074,13074,13074,3285,12059,10158,4675,18861,25890,13237,21342,1422,8004,17214,11390,7786,17639,1.0,35:20,2015,2016
2015-16,201588,George Hill,George,1610612754,IND,Indiana Pacers,21501031,2016-03-19T00:00:00,IND vs. OKC,L,38.2,3.0,0.0,3.0,4.0,5.0,7.0,8.0,24.0,0.0,0.0,2.0,4.0,42.1,1,13074,13074,13074,1437,4307,10158,3302,8599,8403,15642,17194,8723,8004,1,11390,2748,1910,1.0,38:10,2015,2016
2015-16,2744,Al Jefferson,Al,1610612766,CHA,Charlotte Hornets,21501028,2016-03-19T00:00:00,CHA vs. DEN,L,19.0,4.0,0.0,0.0,6.0,5.0,4.0,6.0,14.0,3.0,0.0,5.0,1.0,26.7,1,13074,13074,13074,16698,2460,10158,9917,5299,8403,8458,13388,17019,347,1,24686,12373,7525,1.0,19:00,2015,2016
2015-16,204038,Langston Galloway,Langston,1610612752,NYK,New York Knicks,21501032,2016-03-19T00:00:00,NYK @ WAS,L,20.4,3.0,3.0,4.0,6.0,9.0,4.0,3.0,16.0,2.0,1.0,2.0,1.0,26.4,1,13074,13074,13074,15533,4307,3104,1913,5299,15771,8458,7328,15259,932,17214,11390,12373,7672,1.0,20:27,2015,2016
2015-16,2772,Trevor Ariza,Trevor,1610612745,HOU,Houston Rockets,21501029,2016-03-19T00:00:00,HOU @ ATL,L,37.1,4.0,0.0,2.0,2.0,21.0,7.0,19.0,42.0,0.0,2.0,0.0,1.0,20.6,1,13074,13074,13074,2046,2460,10158,4675,12984,25535,15642,25435,670,8004,23588,1,12373,11314,1.0,37:03,2015,2016
2015-16,101107,Marvin Williams,Marvin,1610612766,CHA,Charlotte Hornets,21501028,2016-03-19T00:00:00,CHA vs. DEN,L,31.6,0.0,2.0,0.0,4.0,5.0,7.0,4.0,26.0,2.0,0.0,1.0,2.0,20.5,1,13074,13074,13074,6254,12059,4731,9917,8599,8403,15642,8806,7214,932,1,4972,7786,11401,1.0,31:34,2015,2016
2015-16,202699,Tobias Harris,Tobias,1610612765,DET,Detroit Pistons,21501030,2016-03-19T00:00:00,DET vs. BKN,W,23.6,2.0,4.0,2.0,8.0,3.0,8.0,2.0,28.0,1.0,1.0,0.0,1.0,26.2,1,1,1,1,12899,6026,1596,4675,3109,5109,17345,4025,5824,2692,17214,1,12373,7785,1.0,23:36,2015,2016
2015-16,2037,Jamal Crawford,Jamal,1610612746,LAC,LA Clippers,21501035,2016-03-19T00:00:00,LAC @ MEM,L,27.9,2.0,0.0,2.0,0.0,14.0,5.0,4.0,22.0,0.0,0.0,2.0,3.0,15.1,1,13074,13074,13074,9277,6026,10158,4675,18861,22292,11469,8806,10265,8004,1,11390,4736,15328,1.0,27:56,2015,2016
2015-16,203469,Cody Zeller,Cody,1610612766,CHA,Charlotte Hornets,21501028,2016-03-19T00:00:00,CHA vs. DEN,L,29.0,3.0,0.0,0.0,6.0,8.0,10.0,2.0,24.0,5.0,1.0,3.0,4.0,27.4,1,13074,13074,13074,8373,4307,10158,9917,5299,13914,20509,4025,8723,59,17214,17641,2748,7179,1.0,29:00,2015,2016
2015-16,202695,Kawhi Leonard,Kawhi,1610612759,SAS,San Antonio Spurs,21501036,2016-03-19T00:00:00,SAS vs. GSW,W,38.5,2.0,6.0,2.0,6.0,11.0,10.0,11.0,28.0,2.0,1.0,4.0,5.0,42.8,1,1,1,1,1252,6026,481,4675,5299,18886,20509,21342,5824,932,17214,22104,1539,1776,1.0,38:32,2015,2016
2015-16,200746,LaMarcus Aldridge,LaMarcus,1610612759,SAS,San Antonio Spurs,21501036,2016-03-19T00:00:00,SAS vs. GSW,W,37.2,0.0,4.0,2.0,16.0,5.0,8.0,9.0,24.0,0.0,0.0,2.0,3.0,42.6,1,1,1,1,1992,12059,1596,4675,275,8403,17345,18829,8723,8004,1,11390,4736,1822,1.0,37:09,2015,2016
2015-16,202693,Markieff Morris,Markieff,1610612764,WAS,Washington Wizards,21501032,2016-03-19T00:00:00,WAS vs. NYK,W,36.4,2.0,4.0,2.0,6.0,13.0,9.0,4.0,12.0,0.0,2.0,2.0,1.0,30.3,1,1,1,1,2509,6026,1596,4675,5299,21300,19144,8806,18637,8004,23588,11390,12373,5702,1.0,36:21,2015,2016
2015-16,202691,Klay Thompson,Klay,1610612744,GSW,Golden State Warriors,21501036,2016-03-19T00:00:00,GSW @ SAS,L,38.2,0.0,0.0,0.0,6.0,6.0,17.0,4.0,32.0,1.0,0.0,2.0,2.0,26.5,1,13074,13074,13074,1424,12059,10158,9917,5299,10028,25429,8806,3535,2692,1,11390,7786,7627,1.0,38:12,2015,2016
2015-16,201143,Al Horford,Al,1610612737,ATL,Atlanta Hawks,21501029,2016-03-19T00:00:00,ATL vs. HOU,W,32.7,4.0,2.0,2.0,14.0,10.0,5.0,10.0,24.0,2.0,0.0,1.0,0.0,41.3,1,1,1,1,5350,2460,4731,4675,542,17370,11469,20169,8723,932,1,4972,18762,2074,1.0,32:41,2015,2016
2015-16,201586,Serge Ibaka,Serge,1610612760,OKC,Oklahoma City Thunder,21501031,2016-03-19T00:00:00,OKC @ IND,W,23.5,2.0,0.0,2.0,2.0,14.0,7.0,8.0,24.0,1.0,0.0,2.0,0.0,15.8,1,1,1,1,13005,6026,10158,4675,12984,22292,15642,17194,8723,2692,1,11390,18762,14754,1.0,23:27,2015,2016
2015-16,202324,Derrick Favors,Derrick,1610612762,UTA,Utah Jazz,21501034,2016-03-19T00:00:00,UTA @ CHI,L,35.8,1.0,2.0,0.0,20.0,9.0,6.0,2.0,24.0,2.0,1.0,3.0,3.0,40.2,1,13074,13074,13074,2909,11535,4731,9917,59,15771,13237,4025,8723,932,17214,17641,4736,2323,1.0,35:47,2015,2016
2015-16,202338,Kevin Seraphin,Kevin,1610612752,NYK,New York Knicks,21501032,2016-03-19T00:00:00,NYK @ WAS,L,14.1,0.0,2.0,0.0,2.0,7.0,2.0,6.0,16.0,1.0,0.0,3.0,1.0,20.3,1,13074,13074,13074,20346,12059,4731,9917,12984,12242,3734,13388,15259,2692,1,17641,12373,11534,1.0,14:06,2015,2016
2015-16,201959,Taj Gibson,Taj,1610612741,CHI,Chicago Bulls,21501034,2016-03-19T00:00:00,CHI vs. UTA,W,31.3,2.0,0.0,2.0,10.0,5.0,9.0,7.0,34.0,2.0,1.0,2.0,2.0,42.5,1,1,1,1,6514,6026,10158,4675,1840,8403,19144,15538,2701,932,17214,11390,7786,1841,1.0,31:15,2015,2016
2015-16,202391,Jeremy Lin,Jeremy,1610612766,CHA,Charlotte Hornets,21501028,2016-03-19T00:00:00,CHA vs. DEN,L,24.5,1.0,0.0,0.0,8.0,8.0,9.0,4.0,16.0,0.0,0.0,2.0,5.0,20.6,1,13074,13074,13074,12083,11535,10158,9917,3109,13914,19144,8806,15259,8004,1,11390,1539,11314,1.0,24:32,2015,2016
2015-16,2564,Boris Diaw,Boris,1610612759,SAS,San Antonio Spurs,21501036,2016-03-19T00:00:00,SAS vs. GSW,W,35.1,4.0,2.0,0.0,10.0,5.0,10.0,7.0,22.0,1.0,0.0,2.0,4.0,30.6,1,1,1,1,3484,2460,4731,9917,1840,8403,20509,15538,10265,2692,1,11390,2748,5574,1.0,35:05,2015,2016
2015-16,2743,Kris Humphries,Kris,1610612737,ATL,Atlanta Hawks,21501029,2016-03-19T00:00:00,ATL vs. HOU,W,13.8,2.0,0.0,2.0,6.0,11.0,4.0,4.0,20.0,1.0,0.0,3.0,2.0,15.6,1,1,1,1,20513,6026,10158,4675,5299,18886,8458,8806,11929,2692,1,17641,7786,14916,1.0,13:49,2015,2016
2015-16,202710,Jimmy Butler III,Jimmy,1610612741,CHI,Chicago Bulls,21501034,2016-03-19T00:00:00,CHI vs. UTA,W,33.1,2.0,2.0,0.0,2.0,5.0,11.0,7.0,36.0,0.0,0.0,1.0,3.0,27.0,1,1,1,1,5079,6026,4731,9917,12984,8403,21814,15538,1943,8004,1,4972,4736,7385,1.0,33:03,2015,2016
2015-16,2207,Joe Johnson,Joe,1610612748,MIA,Miami Heat,21501033,2016-03-19T00:00:00,MIA vs. CLE,W,30.5,0.0,4.0,0.0,4.0,6.0,2.0,2.0,28.0,0.0,0.0,0.0,2.0,30.6,1,1,1,1,7077,12059,1596,9917,8599,10028,3734,4025,5824,8004,1,1,7786,5574,1.0,30:32,2015,2016
2015-16,203085,Austin Rivers,Austin,1610612746,LAC,LA Clippers,21501035,2016-03-19T00:00:00,LAC @ MEM,L,21.1,1.0,0.0,2.0,2.0,8.0,5.0,2.0,14.0,0.0,0.0,1.0,3.0,15.8,1,13074,13074,13074,14960,11535,10158,4675,12984,13914,11469,4025,17019,8004,1,4972,4736,14754,1.0,21:07,2015,2016
2015-16,201609,Goran Dragic,Goran,1610612748,MIA,Miami Heat,21501033,2016-03-19T00:00:00,MIA vs. CLE,W,29.5,6.0,2.0,6.0,14.0,6.0,4.0,4.0,32.0,0.0,1.0,1.0,3.0,40.3,1,1,1,1,8002,878,4731,740,542,10028,8458,8806,3535,8004,17214,4972,4736,2302,1.0,29:28,2015,2016
2015-16,2403,Nene,ene,1610612764,WAS,Washington Wizards,21501032,2016-03-19T00:00:00,WAS vs. NYK,W,15.0,2.0,0.0,3.0,4.0,6.0,6.0,4.0,12.0,0.0,0.0,3.0,4.0,18.6,1,1,1,1,19782,6026,10158,3302,8599,10028,13237,8806,18637,8004,1,17641,2748,12715,1.0,14:58,2015,2016
2015-16,203912,C.J. Wilcox,C.J.,1610612746,LAC,LA Clippers,21501035,2016-03-19T00:00:00,LAC @ MEM,L,1.1,0.0,0.0,0.0,2.0,0.0,0.0,0.0,0.0,0.0,0.0,0.0,1.0,3.0,1,13074,13074,13074,25854,12059,10158,9917,12984,1,1,1,25429,8004,1,1,12373,23648,1.0,1:04,2015,2016
2015-16,2594,Kyle Korver,Kyle,1610612737,ATL,Atlanta Hawks,21501029,2016-03-19T00:00:00,ATL vs. HOU,W,36.2,2.0,0.0,8.0,2.0,19.0,7.0,11.0,32.0,0.0,0.0,2.0,1.0,15.9,1,1,1,1,2620,6026,10158,280,12984,25074,15642,21342,3535,8004,1,11390,12373,14675,1.0,36:12,2015,2016
2015-16,1891,Jason Terry,Jason,1610612745,HOU,Houston Rockets,21501029,2016-03-19T00:00:00,HOU @ ATL,L,17.3,0.0,0.0,0.0,0.0,12.0,5.0,7.0,22.0,0.0,0.0,1.0,0.0,7.5,1,13074,13074,13074,18061,12059,10158,9917,18861,20178,11469,15538,10265,8004,1,4972,18762,20874,1.0,17:17,2015,2016
2015-16,2760,Anderson Varejao,Anderson,1610612744,GSW,Golden State Warriors,21501036,2016-03-19T00:00:00,GSW @ SAS,L,6.1,0.0,0.0,0.0,0.0,3.0,3.0,0.0,6.0,0.0,0.0,1.0,1.0,2.7,1,13074,13074,13074,23912,12059,10158,9917,18861,5109,7138,1,22724,8004,1,4972,12373,23884,1.0,6:07,2015,2016
2015-16,2581,Steve Blake,Steve,1610612765,DET,Detroit Pistons,21501030,2016-03-19T00:00:00,DET vs. BKN,W,23.5,0.0,0.0,0.0,0.0,4.0,2.0,2.0,18.0,0.0,0.0,1.0,1.0,7.6,1,1,1,1,12992,12059,10158,9917,18861,6141,3734,4025,13577,8004,1,4972,12373,20803,1.0,23:28,2015,2016
2015-16,201601,Luc Mbah a Moute,Luc,1610612746,LAC,LA Clippers,21501035,2016-03-19T00:00:00,LAC @ MEM,L,16.7,2.0,0.0,0.0,2.0,4.0,9.0,2.0,14.0,0.0,0.0,0.0,1.0,2.7,1,13074,13074,13074,18498,6026,10158,9917,12984,6141,19144,4025,17019,8004,1,1,12373,23884,1.0,16:42,2015,2016
2015-16,101181,Jose Calderon,Jose,1610612752,NYK,New York Knicks,21501032,2016-03-19T00:00:00,NYK @ WAS,L,24.4,8.0,0.0,0.0,0.0,18.0,2.0,8.0,26.0,0.0,1.0,3.0,1.0,13.2,1,13074,13074,13074,12173,308,10158,9917,18861,24749,3734,17194,7214,8004,17214,17641,12373,16768,1.0,24:27,2015,2016
2015-16,1938,Manu Ginobili,Manu,1610612759,SAS,San Antonio Spurs,21501036,2016-03-19T00:00:00,SAS vs. GSW,W,18.5,0.0,6.0,0.0,0.0,6.0,4.0,4.0,10.0,0.0,0.0,3.0,3.0,12.6,1,1,1,1,17099,12059,481,9917,18861,10028,8458,8806,20209,8004,1,17641,4736,17277,1.0,18:29,2015,2016
2015-16,1626159,Justise Winslow,Justise,1610612748,MIA,Miami Heat,21501033,2016-03-19T00:00:00,MIA vs. CLE,W,31.2,0.0,0.0,2.0,4.0,11.0,3.0,4.0,22.0,0.0,2.0,3.0,1.0,16.6,1,1,1,1,6526,12059,10158,4675,8599,18886,7138,8806,10265,8004,23588,17641,12373,14125,1.0,31:14,2015,2016
2015-16,200755,JJ Redick,JJ,1610612746,LAC,LA Clippers,21501035,2016-03-19T00:00:00,LAC @ MEM,L,24.4,2.0,0.0,0.0,2.0,6.0,9.0,2.0,22.0,1.0,1.0,3.0,2.0,16.7,1,13074,13074,13074,12210,6026,10158,9917,12984,10028,19144,4025,10265,2692,17214,17641,7786,14064,1.0,24:24,2015,2016
2015-16,202325,Wesley Johnson,Wesley,1610612746,LAC,LA Clippers,21501035,2016-03-19T00:00:00,LAC @ MEM,L,18.8,0.0,0.0,0.0,0.0,8.0,5.0,4.0,12.0,1.0,0.0,5.0,0.0,12.6,1,13074,13074,13074,16840,12059,10158,9917,18861,13914,11469,8806,18637,2692,1,24686,18762,17277,1.0,18:50,2015,2016
2015-16,200751,Randy Foye,Randy,1610612760,OKC,Oklahoma City Thunder,21501031,2016-03-19T00:00:00,OKC @ IND,W,29.5,2.0,0.0,2.0,0.0,12.0,6.0,7.0,24.0,1.0,0.0,1.0,3.0,20.9,1,1,1,1,8010,6026,10158,4675,18861,20178,13237,15538,8723,2692,1,4972,4736,11132,1.0,29:27,2015,2016
2015-16,2736,Luol Deng,Luol,1610612748,MIA,Miami Heat,21501033,2016-03-19T00:00:00,MIA vs. CLE,W,23.2,0.0,0.0,0.0,0.0,8.0,2.0,6.0,28.0,2.0,0.0,1.0,0.0,13.1,1,1,1,1,13238,12059,10158,9917,18861,13914,3734,13388,5824,932,1,4972,18762,16874,1.0,23:10,2015,2016
2015-16,203926,Doug McDermott,Doug,1610612741,CHI,Chicago Bulls,21501034,2016-03-19T00:00:00,CHI vs. UTA,W,22.5,3.0,2.0,0.0,2.0,4.0,6.0,2.0,20.0,0.0,1.0,1.0,1.0,16.0,1,1,1,1,13781,4307,4731,9917,12984,6141,13237,4025,11929,8004,17214,4972,12373,14590,1.0,22:28,2015,2016
2015-16,1626245,Cristiano Felicio,Cristiano,1610612741,CHI,Chicago Bulls,21501034,2016-03-19T00:00:00,CHI vs. UTA,W,12.2,0.0,0.0,0.0,2.0,3.0,0.0,0.0,14.0,0.0,0.0,1.0,0.0,8.4,1,1,1,1,21445,12059,10158,9917,12984,5109,1,1,17019,8004,1,4972,18762,20273,1.0,12:10,2015,2016
2015-16,203909,KJ McDaniels,KJ,1610612745,HOU,Houston Rockets,21501029,2016-03-19T00:00:00,HOU @ ATL,L,1.6,0.0,0.0,0.0,0.0,0.0,0.0,0.0,0.0,0.0,0.0,0.0,0.0,2.4,1,13074,13074,13074,25677,12059,10158,9917,18861,1,1,1,25429,8004,1,1,18762,24024,1.0,1:33,2015,2016
2015-16,201575,Brandon Rush,Brandon,1610612744,GSW,Golden State Warriors,21501036,2016-03-19T00:00:00,GSW @ SAS,L,27.3,0.0,0.0,5.0,4.0,2.0,10.0,4.0,26.0,0.0,0.0,0.0,0.0,16.6,1,13074,13074,13074,9784,12059,10158,1277,8599,2619,20509,8806,7214,8004,1,1,18762,14125,1.0,27:17,2015,2016
2015-16,2225,Tony Parker,Tony,1610612759,SAS,San Antonio Spurs,21501036,2016-03-19T00:00:00,SAS vs. GSW,W,29.1,0.0,0.0,0.0,0.0,5.0,8.0,7.0,22.0,0.0,1.0,4.0,0.0,16.6,1,1,1,1,8328,12059,10158,9917,18861,8403,17345,15538,10265,8004,17214,22104,18762,14125,1.0,29:03,2015,2016
2015-16,203994,Jusuf Nurkić,Jusuf,1610612743,DEN,Denver Nuggets,21501028,2016-03-19T00:00:00,DEN @ CHA,W,18.0,3.0,4.0,0.0,4.0,7.0,2.0,2.0,20.0,1.0,4.0,2.0,4.0,18.1,1,1,1,1,17554,4307,1596,9917,8599,12242,3734,4025,11929,2692,25926,11390,2748,13090,1.0,17:57,2015,2016
2015-16,2592,James Jones,James,1610612739,CLE,Cleveland Cavaliers,21501033,2016-03-19T00:00:00,CLE @ MIA,L,10.8,0.0,0.0,0.0,0.0,5.0,2.0,2.0,12.0,0.0,0.0,0.0,1.0,8.2,1,13074,13074,13074,22117,12059,10158,9917,18861,8403,3734,4025,18637,8004,1,1,12373,20416,1.0,10:48,2015,2016
2015-16,203471,Dennis Schröder,Dennis,1610612737,ATL,Atlanta Hawks,21501029,2016-03-19T00:00:00,ATL vs. HOU,W,22.1,0.0,0.0,0.0,6.0,13.0,2.0,7.0,18.0,0.0,0.0,3.0,5.0,18.2,1,1,1,1,14064,12059,10158,9917,5299,21300,3734,15538,13577,8004,1,17641,1539,13004,1.0,22:08,2015,2016
2015-16,1626149,Montrezl Harrell,Montrezl,1610612745,HOU,Houston Rockets,21501029,2016-03-19T00:00:00,HOU @ ATL,L,1.6,0.0,2.0,0.0,2.0,0.0,0.0,0.0,0.0,0.0,0.0,0.0,0.0,2.0,1,13074,13074,13074,25677,12059,4731,9917,12984,1,1,1,25429,8004,1,1,18762,24216,1.0,1:33,2015,2016
2015-16,1626253,Axel Toupane,Axel,1610612743,DEN,Denver Nuggets,21501028,2016-03-19T00:00:00,DEN @ CHA,W,9.8,0.0,0.0,0.0,0.0,4.0,2.0,0.0,10.0,0.0,0.0,1.0,0.0,2.7,1,1,1,1,22519,12059,10158,9917,18861,6141,3734,1,20209,8004,1,4972,18762,23884,1.0,9:49,2015,2016
2015-16,203460,Andre Roberson,Andre,1610612760,OKC,Oklahoma City Thunder,21501031,2016-03-19T00:00:00,OKC @ IND,W,28.6,0.0,0.0,0.0,2.0,13.0,5.0,6.0,24.0,0.0,0.0,4.0,1.0,7.9,1,1,1,1,8746,12059,10158,9917,12984,21300,11469,13388,8723,8004,1,22104,12373,20646,1.0,28:35,2015,2016
2015-16,203930,Sean Kilpatrick,Sean,1610612751,BKN,Brooklyn Nets,21501030,2016-03-19T00:00:00,BKN @ DET,L,21.0,0.0,0.0,0.0,4.0,8.0,9.0,8.0,28.0,0.0,0.0,2.0,2.0,16.4,1,13074,13074,13074,15065,12059,10158,9917,8599,13914,19144,17194,5824,8004,1,11390,7786,14289,1.0,20:60,2015,2016
2015-16,1626163,Frank Kaminsky,Frank,1610612766,CHA,Charlotte Hornets,21501028,2016-03-19T00:00:00,CHA vs. DEN,L,16.4,2.0,2.0,0.0,2.0,8.0,7.0,4.0,12.0,0.0,1.0,1.0,2.0,7.9,1,13074,13074,13074,18699,6026,4731,9917,12984,13914,15642,8806,18637,8004,17214,4972,7786,20646,1.0,16:26,2015,2016
2015-16,203530,Joffrey Lauvergne,Joffrey,1610612743,DEN,Denver Nuggets,21501028,2016-03-19T00:00:00,DEN @ CHA,W,13.1,0.0,0.0,0.0,0.0,4.0,2.0,2.0,18.0,0.0,0.0,2.0,2.0,7.8,1,1,1,1,20945,12059,10158,9917,18861,6141,3734,4025,13577,8004,1,11390,7786,20696,1.0,13:03,2015,2016
2015-16,203914,Gary Harris,Gary,1610612743,DEN,Denver Nuggets,21501028,2016-03-19T00:00:00,DEN @ CHA,W,36.8,0.0,2.0,0.0,4.0,8.0,7.0,9.0,30.0,0.0,0.0,1.0,1.0,16.3,1,1,1,1,2238,12059,4731,9917,8599,13914,15642,18829,4541,8004,1,4972,12373,14372,1.0,36:47,2015,2016
2015-16,202389,Timofey Mozgov,Timofey,1610612739,CLE,Cleveland Cavaliers,21501033,2016-03-19T00:00:00,CLE @ MIA,L,11.2,0.0,2.0,0.0,4.0,5.0,2.0,2.0,12.0,3.0,0.0,2.0,0.0,16.8,1,13074,13074,13074,21955,12059,4731,9917,8599,8403,3734,4025,18637,347,1,11390,18762,13996,1.0,11:10,2015,2016
2015-16,201155,Rodney Stuckey,Rodney,1610612754,IND,Indiana Pacers,21501031,2016-03-19T00:00:00,IND vs. OKC,L,15.4,0.0,0.0,0.0,0.0,7.0,5.0,7.0,12.0,0.0,0.0,2.0,2.0,13.0,1,13074,13074,13074,19510,12059,10158,9917,18861,12242,11469,15538,18637,8004,1,11390,7786,16969,1.0,15:22,2015,2016
2015-16,2561,David West,David,1610612759,SAS,San Antonio Spurs,21501036,2016-03-19T00:00:00,SAS vs. GSW,W,8.0,0.0,0.0,0.0,0.0,0.0,0.0,2.0,2.0,0.0,0.0,0.0,1.0,2.7,1,1,1,1,23196,12059,10158,9917,18861,1,1,4025,24614,8004,1,1,12373,23884,1.0,7:59,2015,2016
2015-16,2733,Shaun Livingston,Shaun,1610612744,GSW,Golden State Warriors,21501036,2016-03-19T00:00:00,GSW @ SAS,L,21.7,2.0,0.0,0.0,0.0,3.0,12.0,0.0,6.0,1.0,0.0,2.0,1.0,27.5,1,13074,13074,13074,14458,6026,10158,9917,18861,5109,22832,1,22724,2692,1,11390,12373,7137,1.0,21:40,2015,2016
2015-16,1626169,Stanley Johnson,Stanley,1610612765,DET,Detroit Pistons,21501030,2016-03-19T00:00:00,DET vs. BKN,W,31.5,3.0,0.0,3.0,4.0,4.0,4.0,4.0,30.0,0.0,0.0,3.0,4.0,39.4,1,1,1,1,6324,4307,10158,3302,8599,6141,8458,8806,4541,8004,1,17641,2748,2530,1.0,31:29,2015,2016
2015-16,101133,Ian Mahinmi,Ian,1610612754,IND,Indiana Pacers,21501031,2016-03-19T00:00:00,IND vs. OKC,L,35.6,2.0,3.0,0.0,10.0,5.0,7.0,8.0,20.0,0.0,1.0,3.0,3.0,17.0,1,13074,13074,13074,3090,6026,3104,9917,1840,8403,15642,17194,11929,8004,17214,17641,4736,13855,1.0,35:34,2015,2016
2015-16,2730,Dwight Howard,Dwight,1610612745,HOU,Houston Rockets,21501029,2016-03-19T00:00:00,HOU @ ATL,L,35.5,2.0,0.0,0.0,4.0,20.0,4.0,22.0,34.0,1.0,0.0,3.0,4.0,39.4,1,13074,13074,13074,3165,6026,10158,9917,8599,25338,8458,25811,2701,2692,1,17641,2748,2530,1.0,35:28,2015,2016
2015-16,1626185,Jarell Martin,Jarell,1610612763,MEM,Memphis Grizzlies,21501035,2016-03-19T00:00:00,MEM vs. LAC,W,12.2,4.0,2.0,2.0,6.0,3.0,0.0,6.0,4.0,0.0,1.0,5.0,0.0,13.9,1,1,1,1,21426,2460,4731,4675,5299,5109,1,13388,23698,8004,17214,24686,18762,16232,1.0,12:12,2015,2016
2015-16,201589,Darrell Arthur,Darrell,1610612743,DEN,Denver Nuggets,21501028,2016-03-19T00:00:00,DEN @ CHA,W,35.0,3.0,0.0,0.0,2.0,8.0,7.0,7.0,24.0,2.0,0.0,2.0,1.0,38.1,1,1,1,1,3571,4307,10158,9917,12984,13914,15642,15538,8723,932,1,11390,12373,2879,1.0,34:57,2015,2016
2015-16,203493,Reggie Bullock Jr.,Reggie,1610612765,DET,Detroit Pistons,21501030,2016-03-19T00:00:00,DET vs. BKN,W,8.7,0.0,0.0,0.0,0.0,0.0,4.0,2.0,14.0,1.0,0.0,0.0,2.0,13.9,1,1,1,1,22958,12059,10158,9917,18861,1,8458,4025,17019,2692,1,1,7786,16232,1.0,8:42,2015,2016
2015-16,203918,Rodney Hood,Rodney,1610612762,UTA,Utah Jazz,21501034,2016-03-19T00:00:00,UTA @ CHI,L,38.2,0.0,2.0,3.0,4.0,11.0,8.0,3.0,26.0,0.0,1.0,0.0,1.0,22.1,1,13074,13074,13074,1430,12059,4731,3302,8599,18886,17345,7328,7214,8004,17214,1,12373,10332,1.0,38:11,2015,2016
2015-16,203497,Rudy Gobert,Rudy,1610612762,UTA,Utah Jazz,21501034,2016-03-19T00:00:00,UTA @ CHI,L,27.2,0.0,0.0,0.0,2.0,9.0,6.0,5.0,28.0,1.0,1.0,0.0,0.0,16.9,1,13074,13074,13074,9883,12059,10158,9917,12984,15771,13237,11593,5824,2692,17214,1,18762,13911,1.0,27:09,2015,2016
2015-16,201952,Jeff Teague,Jeff,1610612737,ATL,Atlanta Hawks,21501029,2016-03-19T00:00:00,ATL vs. HOU,W,24.5,0.0,0.0,0.0,4.0,8.0,5.0,7.0,24.0,1.0,1.0,0.0,2.0,16.9,1,1,1,1,12083,12059,10158,9917,8599,13914,11469,15538,8723,2692,17214,1,7786,13911,1.0,24:32,2015,2016
2015-16,202694,Marcus Morris Sr.,Marcus,1610612765,DET,Detroit Pistons,21501030,2016-03-19T00:00:00,DET vs. BKN,W,24.1,0.0,2.0,0.0,4.0,3.0,8.0,0.0,34.0,1.0,1.0,2.0,1.0,17.6,1,1,1,1,12470,12059,4731,9917,8599,5109,17345,1,2701,2692,17214,11390,12373,13443,1.0,24:05,2015,2016
2015-16,201980,Danny Green,Danny,1610612759,SAS,San Antonio Spurs,21501036,2016-03-19T00:00:00,SAS vs. GSW,W,31.9,0.0,5.0,0.0,4.0,5.0,8.0,7.0,22.0,3.0,1.0,0.0,1.0,28.8,1,1,1,1,6028,12059,995,9917,8599,8403,17345,15538,10265,347,17214,1,12373,6465,1.0,31:52,2015,2016
2015-16,203521,Matthew Dellavedova,Matthew,1610612739,CLE,Cleveland Cavaliers,21501033,2016-03-19T00:00:00,CLE @ MIA,L,24.6,0.0,0.0,0.0,2.0,14.0,12.0,10.0,24.0,0.0,2.0,2.0,0.0,13.7,1,13074,13074,13074,12000,12059,10158,9917,12984,22292,22832,20169,8723,8004,23588,11390,18762,16393,1.0,24:37,2015,2016
2015-16,202703,Nikola Mirotic,Nikola,1610612741,CHI,Chicago Bulls,21501034,2016-03-19T00:00:00,CHI vs. UTA,W,32.8,0.0,0.0,0.0,6.0,6.0,11.0,9.0,32.0,2.0,0.0,2.0,4.0,32.7,1,1,1,1,5286,12059,10158,9917,5299,10028,21814,18829,3535,932,1,11390,2748,4649,1.0,32:47,2015,2016
2015-16,202355,Hassan Whiteside,Hassan,1610612748,MIA,Miami Heat,21501033,2016-03-19T00:00:00,MIA vs. CLE,W,24.1,0.0,6.0,0.0,12.0,8.0,4.0,4.0,20.0,2.0,0.0,0.0,6.0,38.6,1,1,1,1,12429,12059,481,9917,988,13914,8458,8806,11929,932,1,1,873,2744,1.0,24:08,2015,2016
2015-16,101162,Marcin Gortat,Marcin,1610612764,WAS,Washington Wizards,21501032,2016-03-19T00:00:00,WAS vs. NYK,W,33.0,4.0,2.0,0.0,10.0,10.0,5.0,4.0,12.0,1.0,0.0,3.0,3.0,33.2,1,1,1,1,5097,2460,4731,9917,1840,17370,11469,8806,18637,2692,1,17641,4736,4462,1.0,33:02,2015,2016
2015-16,2754,Tony Allen,Tony,1610612763,MEM,Memphis Grizzlies,21501035,2016-03-19T00:00:00,MEM vs. LAC,W,31.9,0.0,5.0,2.0,10.0,10.0,4.0,1.0,20.0,0.0,0.0,4.0,6.0,27.8,1,1,1,1,6033,12059,995,4675,1840,17370,8458,3646,11929,8004,1,22104,873,6950,1.0,31:51,2015,2016
2015-16,101108,Chris Paul,Chris,1610612746,LAC,LA Clippers,21501035,2016-03-19T00:00:00,LAC @ MEM,L,31.9,5.0,2.0,0.0,2.0,12.0,9.0,4.0,30.0,0.0,2.0,2.0,5.0,37.6,1,13074,13074,13074,5994,1603,4731,9917,12984,20178,19144,8806,4541,8004,23588,11390,1539,3018,1.0,31:53,2015,2016
2015-16,202066,Garrett Temple,Garrett,1610612764,WAS,Washington Wizards,21501032,2016-03-19T00:00:00,WAS vs. NYK,W,15.6,3.0,0.0,2.0,0.0,8.0,5.0,0.0,4.0,2.0,0.0,2.0,1.0,17.4,1,1,1,1,19365,4307,10158,4675,18861,13914,11469,1,23698,932,1,11390,12373,13595,1.0,15:34,2015,2016
2015-16,203210,JaMychal Green,JaMychal,1610612763,MEM,Memphis Grizzlies,21501035,2016-03-19T00:00:00,MEM vs. LAC,W,27.1,6.0,3.0,0.0,6.0,8.0,1.0,10.0,8.0,1.0,1.0,4.0,3.0,37.4,1,1,1,1,9934,878,3104,9917,5299,13914,3393,20169,21543,2692,17214,22104,4736,3073,1.0,27:05,2015,2016
2015-16,201976,Patrick Beverley,Patrick,1610612745,HOU,Houston Rockets,21501029,2016-03-19T00:00:00,HOU @ ATL,L,38.7,0.0,0.0,0.0,4.0,19.0,3.0,20.0,36.0,0.0,2.0,3.0,0.0,14.1,1,13074,13074,13074,1189,12059,10158,9917,8599,25074,7138,25599,1943,8004,23588,17641,18762,16094,1.0,38:41,2015,2016
2015-16,1626196,Josh Richardson,Josh,1610612748,MIA,Miami Heat,21501033,2016-03-19T00:00:00,MIA vs. CLE,W,32.1,3.0,3.0,0.0,2.0,11.0,3.0,4.0,22.0,1.0,0.0,0.0,5.0,28.4,1,1,1,1,5841,4307,3104,9917,12984,18886,7138,8806,10265,2692,1,1,1539,6663,1.0,32:04,2015,2016
2015-16,200797,Ryan Hollins,Ryan,1610612763,MEM,Memphis Grizzlies,21501035,2016-03-19T00:00:00,MEM vs. LAC,W,13.7,0.0,0.0,0.0,2.0,3.0,0.0,1.0,8.0,1.0,0.0,1.0,3.0,13.6,1,1,1,1,20569,12059,10158,9917,12984,5109,1,3646,21543,2692,1,4972,4736,16460,1.0,13:44,2015,2016
2015-16,201565,Derrick Rose,Derrick,1610612741,CHI,Chicago Bulls,21501034,2016-03-19T00:00:00,CHI vs. UTA,W,30.6,4.0,4.0,0.0,8.0,5.0,11.0,7.0,36.0,0.0,1.0,2.0,0.0,28.6,1,1,1,1,7004,2460,1596,9917,3109,8403,21814,15538,1943,8004,17214,11390,18762,6560,1.0,30:38,2015,2016
2015-16,2405,Amar'e Stoudemire,Amar'e,1610612748,MIA,Miami Heat,21501033,2016-03-19T00:00:00,MIA vs. CLE,W,12.1,2.0,0.0,0.0,2.0,2.0,0.0,2.0,16.0,0.0,0.0,4.0,1.0,13.5,1,1,1,1,21500,6026,10158,9917,12984,2619,1,4025,15259,8004,1,22104,12373,16552,1.0,12:03,2015,2016
2015-16,202697,Iman Shumpert,Iman,1610612739,CLE,Cleveland Cavaliers,21501033,2016-03-19T00:00:00,CLE @ MIA,L,22.3,0.0,0.0,0.0,0.0,4.0,6.0,10.0,36.0,0.0,0.0,2.0,1.0,13.6,1,13074,13074,13074,13917,12059,10158,9917,18861,6141,13237,20169,1943,8004,1,11390,12373,16460,1.0,22:18,2015,2016
2015-16,203499,Shane Larkin,Shane,1610612751,BKN,Brooklyn Nets,21501030,2016-03-19T00:00:00,BKN @ DET,L,24.0,0.0,0.0,2.0,8.0,8.0,9.0,8.0,28.0,0.0,0.0,0.0,2.0,17.5,1,13074,13074,13074,12549,12059,10158,4675,3109,13914,19144,17194,5824,8004,1,1,7786,13528,1.0,24:00,2015,2016
2015-16,1718,Paul Pierce,Paul,1610612746,LAC,LA Clippers,21501035,2016-03-19T00:00:00,LAC @ MEM,L,27.8,3.0,0.0,6.0,0.0,14.0,5.0,4.0,24.0,0.0,1.0,4.0,2.0,22.4,1,13074,13074,13074,9366,4307,10158,740,18861,22292,11469,8806,8723,8004,17214,22104,7786,10131,1.0,27:49,2015,2016
2015-16,201962,Toney Douglas,Toney,1610612740,NOP,New Orleans Pelicans,21501025,2016-03-18T00:00:00,NOP vs. POR,L,31.0,3.0,0.0,3.0,2.0,4.0,11.0,3.0,28.0,0.0,2.0,4.0,4.0,28.2,1,13074,13074,13074,6686,4307,10158,3302,12984,6141,21814,7328,5824,8004,23588,22104,2748,6778,1.0,31:03,2015,2016
2015-16,201945,Gerald Henderson,Gerald,1610612757,POR,Portland Trail Blazers,21501025,2016-03-18T00:00:00,POR @ NOP,W,27.9,4.0,2.0,1.0,4.0,8.0,6.0,11.0,20.0,0.0,0.0,1.0,5.0,28.2,1,1,1,1,9328,2460,4731,9347,8599,13914,13237,21342,11929,8004,1,4972,1539,6778,1.0,27:52,2015,2016
2015-16,201942,DeMar DeRozan,DeMar,1610612761,TOR,Toronto Raptors,21501023,2016-03-18T00:00:00,TOR vs. BOS,W,31.9,0.0,0.0,0.0,8.0,15.0,6.0,14.0,34.0,0.0,1.0,4.0,0.0,32.4,1,1,1,1,5994,12059,10158,9917,3109,23079,13237,23710,2701,8004,17214,22104,18762,4768,1.0,31:53,2015,2016
2015-16,202329,Al-Farouq Aminu,Al-Farouq,1610612757,POR,Portland Trail Blazers,21501025,2016-03-18T00:00:00,POR @ NOP,W,28.7,0.0,2.0,0.0,2.0,8.0,6.0,10.0,20.0,0.0,0.0,1.0,1.0,17.5,1,1,1,1,8603,12059,4731,9917,12984,13914,13237,20169,11929,8004,1,4972,12373,13528,1.0,28:44,2015,2016
2015-16,203457,Nerlens Noel,Nerlens,1610612755,PHI,Philadelphia 76ers,21501021,2016-03-18T00:00:00,PHI vs. OKC,L,34.6,2.0,6.0,2.0,10.0,6.0,19.0,17.0,44.0,2.0,2.0,3.0,5.0,32.8,1,13074,13074,13074,3903,6026,481,4675,1840,10028,25786,24967,454,932,23588,17641,1539,4609,1.0,34:33,2015,2016
2015-16,201160,Jason Smith,Jason,1610612753,ORL,Orlando Magic,21501020,2016-03-18T00:00:00,ORL vs. CLE,L,25.2,2.0,2.0,0.0,4.0,8.0,6.0,6.0,16.0,1.0,0.0,4.0,3.0,28.5,1,13074,13074,13074,11515,6026,4731,9917,8599,13914,13237,13388,15259,2692,1,22104,4736,6613,1.0,25:13,2015,2016
2015-16,203991,Clint Capela,Clint,1610612745,HOU,Houston Rockets,21501024,2016-03-18T00:00:00,HOU vs. MIN,W,14.4,0.0,2.0,2.0,8.0,6.0,7.0,9.0,20.0,1.0,0.0,0.0,1.0,17.6,1,1,1,1,20194,12059,4731,4675,3109,10028,15642,18829,11929,2692,1,1,12373,13443,1.0,14:21,2015,2016
2015-16,2730,Dwight Howard,Dwight,1610612745,HOU,Houston Rockets,21501024,2016-03-18T00:00:00,HOU vs. MIN,W,29.4,2.0,0.0,0.0,8.0,17.0,4.0,10.0,34.0,1.0,2.0,3.0,4.0,28.7,1,1,1,1,8059,6026,10158,9917,3109,24337,8458,20169,2701,2692,23588,17641,2748,6514,1.0,29:24,2015,2016
2015-16,203476,Gorgui Dieng,Gorgui,1610612750,MIN,Minnesota Timberwolves,21501024,2016-03-18T00:00:00,MIN @ HOU,L,35.8,2.0,1.0,2.0,6.0,17.0,6.0,18.0,44.0,1.0,1.0,4.0,4.0,39.3,1,13074,13074,13074,2919,6026,9709,4675,5299,24337,13237,25228,454,2692,17214,22104,2748,2563,1.0,35:46,2015,2016
2015-16,203917,Nik Stauskas,Nik,1610612755,PHI,Philadelphia 76ers,21501021,2016-03-18T00:00:00,PHI vs. OKC,L,34.0,3.0,3.0,3.0,6.0,8.0,14.0,12.0,34.0,0.0,1.0,0.0,0.0,39.3,1,13074,13074,13074,4372,4307,3104,3302,5299,13914,24300,22259,2701,8004,17214,1,18762,2563,1.0,33:58,2015,2016
2015-16,203486,Mason Plumlee,Mason,1610612757,POR,Portland Trail Blazers,21501025,2016-03-18T00:00:00,POR @ NOP,W,30.0,2.0,0.0,0.0,4.0,13.0,6.0,13.0,22.0,0.0,1.0,3.0,4.0,22.2,1,1,1,1,7567,6026,10158,9917,8599,21300,13237,23048,10265,8004,17214,17641,2748,10263,1.0,29:59,2015,2016
2015-16,1626164,Devin Booker,Devin,1610612756,PHX,Phoenix Suns,21501027,2016-03-18T00:00:00,PHX @ LAL,W,35.8,6.0,2.0,2.0,6.0,10.0,6.0,11.0,22.0,0.0,1.0,4.0,6.0,38.5,1,1,1,1,2868,878,4731,4675,5299,17370,13237,21342,10265,8004,17214,22104,873,2771,1.0,35:50,2015,2016
2015-16,202688,Brandon Knight,Brandon,1610612756,PHX,Phoenix Suns,21501027,2016-03-18T00:00:00,PHX @ LAL,W,33.3,5.0,2.0,6.0,6.0,10.0,7.0,13.0,20.0,1.0,2.0,3.0,4.0,39.7,1,1,1,1,4914,1603,4731,740,5299,17370,15642,23048,11929,2692,23588,17641,2748,2451,1.0,33:16,2015,2016
2015-16,101141,Ersan Ilyasova,Ersan,1610612753,ORL,Orlando Magic,21501020,2016-03-18T00:00:00,ORL vs. CLE,L,20.3,3.0,0.0,0.0,4.0,8.0,2.0,6.0,12.0,0.0,0.0,0.0,2.0,17.0,1,13074,13074,13074,15679,4307,10158,9917,8599,13914,3734,13388,18637,8004,1,1,7786,13855,1.0,20:15,2015,2016
2015-16,202738,Isaiah Thomas,Isaiah,1610612738,BOS,Boston Celtics,21501023,2016-03-18T00:00:00,BOS @ TOR,L,33.1,2.0,0.0,8.0,8.0,15.0,6.0,9.0,18.0,0.0,2.0,1.0,6.0,28.1,1,13074,13074,13074,5044,6026,10158,280,3109,23079,13237,18829,13577,8004,23588,4972,873,6818,1.0,33:06,2015,2016
2015-16,2570,Kendrick Perkins,Kendrick,1610612740,NOP,New Orleans Pelicans,21501025,2016-03-18T00:00:00,NOP vs. POR,L,17.5,0.0,0.0,0.0,0.0,2.0,4.0,1.0,14.0,1.0,0.0,3.0,2.0,13.5,1,13074,13074,13074,17895,12059,10158,9917,18861,2619,8458,3646,17019,2692,1,17641,7786,16552,1.0,17:30,2015,2016
2015-16,202720,Jon Leuer,Jon,1610612756,PHX,Phoenix Suns,21501027,2016-03-18T00:00:00,PHX @ LAL,W,14.7,0.0,1.0,1.0,2.0,2.0,2.0,7.0,16.0,2.0,0.0,0.0,2.0,17.6,1,1,1,1,19938,12059,9709,9347,12984,2619,3734,15538,15259,932,1,1,7786,13443,1.0,14:44,2015,2016
2015-16,203932,Aaron Gordon,Aaron,1610612753,ORL,Orlando Magic,21501020,2016-03-18T00:00:00,ORL vs. CLE,L,31.4,0.0,0.0,2.0,2.0,8.0,10.0,5.0,26.0,0.0,2.0,2.0,3.0,22.5,1,13074,13074,13074,6373,12059,10158,4675,12984,13914,20509,11593,7214,8004,23588,11390,4736,10082,1.0,31:26,2015,2016
2015-16,1626169,Stanley Johnson,Stanley,1610612765,DET,Detroit Pistons,21501022,2016-03-18T00:00:00,DET vs. SAC,W,22.3,0.0,0.0,0.0,2.0,14.0,9.0,0.0,20.0,1.0,0.0,3.0,2.0,14.9,1,1,1,1,13954,12059,10158,9917,12984,22292,19144,1,11929,2692,1,17641,7786,15463,1.0,22:15,2015,2016
2015-16,201943,Brandon Jennings,Brandon,1610612753,ORL,Orlando Magic,21501020,2016-03-18T00:00:00,ORL vs. CLE,L,32.3,0.0,0.0,0.0,0.0,10.0,10.0,5.0,24.0,0.0,0.0,0.0,0.0,14.7,1,13074,13074,13074,5686,12059,10158,9917,18861,17370,20509,11593,8723,8004,1,1,18762,15631,1.0,32:15,2015,2016
2015-16,203084,Harrison Barnes,Harrison,1610612744,GSW,Golden State Warriors,21501026,2016-03-18T00:00:00,GSW @ DAL,W,36.2,5.0,0.0,6.0,10.0,10.0,12.0,18.0,42.0,1.0,0.0,2.0,4.0,35.0,1,1,1,1,2595,1603,10158,740,1840,17370,22832,25228,670,2692,1,11390,2748,3813,1.0,36:14,2015,2016
2015-16,203498,Shabazz Muhammad,Shabazz,1610612750,MIN,Minnesota Timberwolves,21501024,2016-03-18T00:00:00,MIN @ HOU,L,17.8,2.0,0.0,3.0,6.0,2.0,2.0,4.0,20.0,0.0,1.0,0.0,1.0,19.2,1,13074,13074,13074,17694,6026,10158,3302,5299,2619,3734,8806,11929,8004,17214,1,12373,12284,1.0,17:46,2015,2016
2015-16,201954,Darren Collison,Darren,1610612758,SAC,Sacramento Kings,21501022,2016-03-18T00:00:00,SAC @ DET,L,31.7,0.0,3.0,0.0,4.0,5.0,10.0,8.0,30.0,0.0,0.0,0.0,1.0,15.0,1,13074,13074,13074,6120,12059,3104,9917,8599,8403,20509,17194,4541,8004,1,1,12373,15404,1.0,31:44,2015,2016
2015-16,101114,Deron Williams,Deron,1610612742,DAL,Dallas Mavericks,21501026,2016-03-18T00:00:00,DAL vs. GSW,L,28.4,2.0,0.0,2.0,4.0,10.0,7.0,18.0,28.0,0.0,0.0,3.0,2.0,23.1,1,13074,13074,13074,8894,6026,10158,4675,8599,17370,15642,25228,5824,8004,1,17641,7786,9699,1.0,28:25,2015,2016
2015-16,2747,JR Smith,JR,1610612739,CLE,Cleveland Cavaliers,21501020,2016-03-18T00:00:00,CLE @ ORL,W,23.5,0.0,0.0,3.0,0.0,14.0,7.0,13.0,16.0,0.0,0.0,2.0,1.0,10.0,1,1,1,1,12952,12059,10158,3302,18861,22292,15642,23048,15259,8004,1,11390,12373,19178,1.0,23:32,2015,2016
2015-16,202718,Chandler Parsons,Chandler,1610612742,DAL,Dallas Mavericks,21501026,2016-03-18T00:00:00,DAL vs. GSW,L,22.0,4.0,0.0,7.0,2.0,4.0,12.0,11.0,24.0,0.0,1.0,0.0,2.0,25.6,1,13074,13074,13074,14143,2460,10158,454,12984,6141,22832,21342,8723,8004,17214,1,7786,8157,1.0,22:02,2015,2016
2015-16,203924,Jerami Grant,Jerami,1610612755,PHI,Philadelphia 76ers,21501021,2016-03-18T00:00:00,PHI vs. OKC,L,34.1,4.0,2.0,2.0,8.0,4.0,16.0,8.0,38.0,3.0,2.0,2.0,10.0,33.4,1,13074,13074,13074,4237,2460,4731,4675,3109,6141,25155,17194,1422,347,23588,11390,76,4384,1.0,34:08,2015,2016
2015-16,2555,Nick Collison,Nick,1610612760,OKC,Oklahoma City Thunder,21501021,2016-03-18T00:00:00,OKC @ PHI,W,18.3,2.0,2.0,0.0,6.0,11.0,2.0,4.0,14.0,0.0,1.0,2.0,1.0,10.3,1,1,1,1,17253,6026,4731,9917,5299,18886,3734,8806,17019,8004,17214,11390,12373,18965,1.0,18:19,2015,2016
2015-16,202323,Evan Turner,Evan,1610612738,BOS,Boston Celtics,21501023,2016-03-18T00:00:00,BOS @ TOR,L,30.8,4.0,0.0,2.0,6.0,13.0,3.0,9.0,14.0,0.0,0.0,2.0,5.0,25.0,1,13074,13074,13074,6904,2460,10158,4675,5299,21300,7138,18829,17019,8004,1,11390,1539,8485,1.0,30:47,2015,2016
2015-16,202397,Ish Smith,Ish,1610612755,PHI,Philadelphia 76ers,21501021,2016-03-18T00:00:00,PHI vs. OKC,L,28.5,2.0,0.0,4.0,4.0,6.0,14.0,15.0,42.0,0.0,1.0,1.0,2.0,23.3,1,13074,13074,13074,8779,6026,10158,1913,8599,10028,24300,24242,670,8004,17214,4972,7786,9567,1.0,28:32,2015,2016
2015-16,203096,Jared Sullinger,Jared,1610612738,BOS,Boston Celtics,21501023,2016-03-18T00:00:00,BOS @ TOR,L,16.8,0.0,2.0,0.0,4.0,7.0,3.0,3.0,8.0,0.0,0.0,3.0,1.0,10.3,1,13074,13074,13074,18417,12059,4731,9917,8599,12242,7138,7328,21543,8004,1,17641,12373,18965,1.0,16:48,2015,2016
2015-16,1626204,Larry Nance Jr.,Larry,1610612747,LAL,Los Angeles Lakers,21501027,2016-03-18T00:00:00,LAL vs. PHX,L,27.7,2.0,2.0,4.0,4.0,7.0,10.0,9.0,20.0,3.0,0.0,4.0,1.0,19.0,1,13074,13074,13074,9496,6026,4731,1913,8599,12242,20509,18829,11929,347,1,22104,12373,12440,1.0,27:39,2015,2016
2015-16,200752,Rudy Gay,Rudy,1610612758,SAC,Sacramento Kings,21501022,2016-03-18T00:00:00,SAC @ DET,L,33.7,5.0,0.0,0.0,8.0,14.0,17.0,12.0,44.0,1.0,2.0,2.0,2.0,23.6,1,13074,13074,13074,4625,1603,10158,9917,3109,22292,25429,22259,454,2692,23588,11390,7786,9377,1.0,33:40,2015,2016
2015-16,1626181,Norman Powell,Norman,1610612761,TOR,Toronto Raptors,21501023,2016-03-18T00:00:00,TOR vs. BOS,W,21.6,0.0,0.0,2.0,0.0,10.0,5.0,10.0,22.0,0.0,0.0,1.0,1.0,10.4,1,1,1,1,14537,12059,10158,4675,18861,17370,11469,20169,10265,8004,1,4972,12373,18859,1.0,21:34,2015,2016
2015-16,202087,Alonzo Gee,Alonzo,1610612740,NOP,New Orleans Pelicans,21501025,2016-03-18T00:00:00,NOP vs. POR,L,28.1,0.0,0.0,0.0,0.0,8.0,8.0,1.0,24.0,0.0,1.0,2.0,0.0,10.0,1,13074,13074,13074,9122,12059,10158,9917,18861,13914,17345,3646,8723,8004,17214,11390,18762,19178,1.0,28:09,2015,2016
2015-16,202694,Marcus Morris Sr.,Marcus,1610612765,DET,Detroit Pistons,21501022,2016-03-18T00:00:00,DET vs. SAC,W,38.8,2.0,3.0,0.0,2.0,11.0,9.0,0.0,46.0,0.0,1.0,1.0,3.0,33.6,1,1,1,1,1153,6026,3104,9917,12984,18886,19144,1,298,8004,17214,4972,4736,4305,1.0,38:46,2015,2016
2015-16,203110,Draymond Green,Draymond,1610612744,GSW,Golden State Warriors,21501026,2016-03-18T00:00:00,GSW @ DAL,W,36.1,5.0,0.0,0.0,6.0,15.0,4.0,18.0,38.0,1.0,1.0,2.0,5.0,33.8,1,1,1,1,2657,1603,10158,9917,5299,23079,8458,25228,1422,2692,17214,11390,1539,4244,1.0,36:07,2015,2016
2015-16,1626145,Tyus Jones,Tyus,1610612750,MIN,Minnesota Timberwolves,21501024,2016-03-18T00:00:00,MIN @ HOU,L,15.6,2.0,0.0,2.0,2.0,2.0,2.0,2.0,14.0,0.0,0.0,1.0,1.0,10.4,1,13074,13074,13074,19322,6026,10158,4675,12984,2619,3734,4025,17019,8004,1,4972,12373,18859,1.0,15:38,2015,2016
2015-16,2449,Luis Scola,Luis,1610612761,TOR,Toronto Raptors,21501023,2016-03-18T00:00:00,TOR vs. BOS,W,20.6,7.0,3.0,0.0,8.0,10.0,2.0,12.0,22.0,0.0,0.0,2.0,0.0,23.6,1,1,1,1,15431,548,3104,9917,3109,17370,3734,22259,10265,8004,1,11390,18762,9377,1.0,20:34,2015,2016
2015-16,203382,Aron Baynes,Aron,1610612765,DET,Detroit Pistons,21501022,2016-03-18T00:00:00,DET vs. SAC,W,19.7,2.0,2.0,0.0,6.0,8.0,7.0,0.0,18.0,2.0,1.0,2.0,2.0,25.8,1,1,1,1,16122,6026,4731,9917,5299,13914,15642,1,13577,932,17214,11390,7786,8022,1.0,19:44,2015,2016
2015-16,200782,P.J. Tucker,P.J.,1610612756,PHX,Phoenix Suns,21501027,2016-03-18T00:00:00,PHX @ LAL,W,33.3,4.0,3.0,3.0,6.0,10.0,7.0,13.0,20.0,1.0,1.0,3.0,1.0,25.2,1,1,1,1,4914,2460,3104,3302,5299,17370,15642,23048,11929,2692,17214,17641,12373,8383,1.0,33:16,2015,2016
2015-16,201967,Dante Cunningham,Dante,1610612740,NOP,New Orleans Pelicans,21501025,2016-03-18T00:00:00,NOP vs. POR,L,27.9,0.0,1.0,0.0,2.0,6.0,7.0,3.0,20.0,1.0,0.0,3.0,3.0,18.9,1,13074,13074,13074,9306,12059,9709,9917,12984,10028,15642,7328,11929,2692,1,17641,4736,12513,1.0,27:54,2015,2016
2015-16,201935,James Harden,James,1610612745,HOU,Houston Rockets,21501024,2016-03-18T00:00:00,HOU vs. MIN,W,38.5,6.0,2.0,5.0,10.0,19.0,9.0,18.0,48.0,0.0,1.0,2.0,4.0,56.0,1,1,1,1,1289,878,4731,1277,1840,25074,19144,25228,192,8004,17214,11390,2748,352,1.0,38:28,2015,2016
2015-16,1626157,Karl-Anthony Towns,Karl-Anthony,1610612750,MIN,Minnesota Timberwolves,21501024,2016-03-18T00:00:00,MIN @ HOU,L,40.0,2.0,8.0,0.0,18.0,15.0,8.0,22.0,48.0,1.0,2.0,2.0,5.0,54.7,1,13074,13074,13074,726,6026,137,9917,131,23079,17345,25811,192,2692,23588,11390,1539,406,1.0,40:01,2015,2016
2015-16,200751,Randy Foye,Randy,1610612760,OKC,Oklahoma City Thunder,21501021,2016-03-18T00:00:00,OKC @ PHI,W,26.6,4.0,5.0,0.0,2.0,17.0,11.0,16.0,22.0,1.0,0.0,4.0,2.0,24.9,1,1,1,1,10371,2460,995,9917,12984,24337,21814,24641,10265,2692,1,22104,7786,8553,1.0,26:36,2015,2016
2015-16,202326,DeMarcus Cousins,DeMarcus,1610612758,SAC,Sacramento Kings,21501022,2016-03-18T00:00:00,SAC @ DET,L,34.7,3.0,2.0,0.0,20.0,15.0,16.0,12.0,48.0,1.0,2.0,5.0,12.0,54.5,1,13074,13074,13074,3758,4307,4731,9917,59,23079,25155,22259,192,2692,23588,24686,27,422,1.0,34:44,2015,2016
2015-16,202704,Reggie Jackson,Reggie,1610612765,DET,Detroit Pistons,21501022,2016-03-18T00:00:00,DET vs. SAC,W,33.8,3.0,2.0,0.0,12.0,12.0,4.0,0.0,42.0,0.0,1.0,4.0,2.0,35.9,1,1,1,1,4509,4307,4731,9917,988,20178,8458,1,670,8004,17214,22104,7786,3505,1.0,33:48,2015,2016
2015-16,202684,Tristan Thompson,Tristan,1610612739,CLE,Cleveland Cavaliers,21501020,2016-03-18T00:00:00,CLE @ ORL,W,27.7,2.0,4.0,0.0,6.0,12.0,4.0,1.0,18.0,2.0,0.0,2.0,5.0,46.5,1,1,1,1,9463,6026,1596,9917,5299,20178,8458,3646,13577,932,1,11390,1539,1137,1.0,27:42,2015,2016
2015-16,202681,Kyrie Irving,Kyrie,1610612739,CLE,Cleveland Cavaliers,21501020,2016-03-18T00:00:00,CLE @ ORL,W,39.7,0.0,0.0,4.0,6.0,18.0,9.0,14.0,24.0,0.0,1.0,1.0,6.0,29.7,1,1,1,1,818,12059,10158,1913,5299,24749,19144,23710,8723,8004,17214,4972,873,6006,1.0,39:42,2015,2016
2015-16,201578,Marreese Speights,Marreese,1610612744,GSW,Golden State Warriors,21501026,2016-03-18T00:00:00,GSW @ DAL,W,17.2,2.0,2.0,0.0,2.0,0.0,0.0,2.0,16.0,1.0,0.0,2.0,0.0,24.0,1,1,1,1,18123,6026,4731,9917,12984,1,1,4025,15259,2692,1,11390,18762,9121,1.0,17:12,2015,2016
2015-16,203897,Zach LaVine,Zach,1610612750,MIN,Minnesota Timberwolves,21501024,2016-03-18T00:00:00,MIN @ HOU,L,35.3,4.0,2.0,4.0,6.0,17.0,6.0,20.0,40.0,1.0,2.0,3.0,0.0,36.9,1,13074,13074,13074,3285,2460,4731,1913,5299,24337,13237,25599,983,2692,23588,17641,18762,3210,1.0,35:20,2015,2016
2015-16,203081,Damian Lillard,Damian,1610612757,POR,Portland Trail Blazers,21501025,2016-03-18T00:00:00,POR @ NOP,W,35.3,4.0,2.0,3.0,12.0,10.0,8.0,12.0,30.0,1.0,0.0,3.0,8.0,50.6,1,1,1,1,3323,2460,4731,3302,988,17370,17345,22259,4541,2692,1,17641,254,691,1.0,35:17,2015,2016
2015-16,101135,David Lee,David,1610612742,DAL,Dallas Mavericks,21501026,2016-03-18T00:00:00,DAL vs. GSW,L,26.8,0.0,2.0,0.0,14.0,16.0,9.0,6.0,12.0,1.0,0.0,2.0,2.0,37.2,1,13074,13074,13074,10176,12059,4731,9917,542,23774,19144,13388,18637,2692,1,11390,7786,3130,1.0,26:49,2015,2016
2015-16,201583,Ryan Anderson,Ryan,1610612740,NOP,New Orleans Pelicans,21501025,2016-03-18T00:00:00,NOP vs. POR,L,37.0,3.0,2.0,3.0,6.0,10.0,11.0,1.0,32.0,1.0,0.0,1.0,5.0,45.9,1,13074,13074,13074,2086,4307,4731,3302,5299,17370,21814,3646,3535,2692,1,4972,1539,1224,1.0,36:60,2015,2016
2015-16,203506,Victor Oladipo,Victor,1610612753,ORL,Orlando Magic,21501020,2016-03-18T00:00:00,ORL vs. CLE,L,39.3,8.0,3.0,5.0,10.0,14.0,10.0,7.0,30.0,2.0,0.0,3.0,6.0,67.5,1,13074,13074,13074,943,308,3104,1277,1840,22292,20509,15538,4541,932,1,17641,873,70,1.0,39:19,2015,2016
2015-16,201142,Kevin Durant,Kevin,1610612760,OKC,Oklahoma City Thunder,21501021,2016-03-18T00:00:00,OKC @ PHI,W,34.2,0.0,4.0,5.0,10.0,23.0,13.0,7.0,24.0,1.0,0.0,4.0,4.0,48.6,1,1,1,1,4144,12059,1596,1277,1840,25803,23668,15538,8723,2692,1,22104,2748,900,1.0,34:15,2015,2016
2015-16,201600,Omer Asik,Omer,1610612740,NOP,New Orleans Pelicans,21501025,2016-03-18T00:00:00,NOP vs. POR,L,12.7,0.0,0.0,0.0,2.0,2.0,5.0,3.0,12.0,1.0,0.0,2.0,0.0,7.4,1,13074,13074,13074,21178,12059,10158,9917,12984,2619,11469,7328,18637,2692,1,11390,18762,20912,1.0,12:39,2015,2016
2015-16,200768,Kyle Lowry,Kyle,1610612761,TOR,Toronto Raptors,21501023,2016-03-18T00:00:00,TOR vs. BOS,W,37.0,10.0,3.0,8.0,4.0,16.0,6.0,21.0,36.0,1.0,0.0,2.0,10.0,50.3,1,1,1,1,2089,99,3104,280,8599,23774,13237,25725,1943,2692,1,11390,76,722,1.0,36:59,2015,2016
2015-16,203952,Andrew Wiggins,Andrew,1610612750,MIN,Minnesota Timberwolves,21501024,2016-03-18T00:00:00,MIN @ HOU,L,36.4,4.0,0.0,4.0,12.0,17.0,8.0,20.0,46.0,0.0,1.0,1.0,3.0,35.9,1,13074,13074,13074,2469,2460,10158,1913,988,24337,17345,25599,298,8004,17214,4972,4736,3505,1.0,36:24,2015,2016
2015-16,201950,Jrue Holiday,Jrue,1610612740,NOP,New Orleans Pelicans,21501025,2016-03-18T00:00:00,NOP vs. POR,L,38.4,7.0,3.0,7.0,12.0,8.0,9.0,4.0,30.0,0.0,0.0,5.0,4.0,46.4,1,13074,13074,13074,1338,548,3104,454,988,13914,19144,8806,4541,8004,1,24686,2748,1149,1.0,38:22,2015,2016
2015-16,201939,Stephen Curry,Stephen,1610612744,GSW,Golden State Warriors,21501026,2016-03-18T00:00:00,GSW @ DAL,W,34.3,6.0,7.0,7.0,12.0,15.0,4.0,18.0,36.0,0.0,2.0,2.0,2.0,61.8,1,1,1,1,4082,878,292,454,988,23079,8458,25228,1943,8004,23588,11390,7786,151,1.0,34:19,2015,2016
2015-16,201937,Ricky Rubio,Ricky,1610612750,MIN,Minnesota Timberwolves,21501024,2016-03-18T00:00:00,MIN @ HOU,L,32.4,9.0,0.0,9.0,8.0,17.0,6.0,20.0,42.0,1.0,0.0,1.0,2.0,24.6,1,13074,13074,13074,5595,171,10158,184,3109,24337,13237,25599,670,2692,1,4972,7786,8724,1.0,32:22,2015,2016
2015-16,202691,Klay Thompson,Klay,1610612744,GSW,Golden State Warriors,21501026,2016-03-18T00:00:00,GSW @ DAL,W,33.8,3.0,3.0,5.0,2.0,15.0,12.0,16.0,38.0,1.0,2.0,3.0,1.0,55.2,1,1,1,1,4484,4307,3104,1277,12984,23079,22832,24641,1422,2692,23588,17641,12373,387,1.0,33:50,2015,2016
2015-16,201566,Russell Westbrook,Russell,1610612760,OKC,Oklahoma City Thunder,21501021,2016-03-18T00:00:00,OKC @ PHI,W,32.4,0.0,3.0,10.0,12.0,17.0,7.0,9.0,14.0,2.0,1.0,2.0,3.0,57.0,1,1,1,1,5546,12059,3104,118,988,24337,15642,18829,17019,932,17214,11390,4736,313,1.0,32:26,2015,2016
2015-16,1717,Dirk Nowitzki,Dirk,1610612742,DAL,Dallas Mavericks,21501026,2016-03-18T00:00:00,DAL vs. GSW,L,33.1,2.0,2.0,3.0,6.0,14.0,9.0,14.0,32.0,3.0,0.0,2.0,6.0,49.8,1,13074,13074,13074,5039,6026,4731,3302,5299,22292,19144,23710,3535,347,1,11390,873,775,1.0,33:07,2015,2016
2015-16,203484,Kentavious Caldwell-Pope,Kentavious,1610612765,DET,Detroit Pistons,21501022,2016-03-18T00:00:00,DET vs. SAC,W,37.5,7.0,7.0,10.0,10.0,13.0,4.0,0.0,46.0,0.0,0.0,4.0,3.0,37.2,1,1,1,1,1786,548,292,118,1840,21300,8458,1,298,8004,1,22104,4736,3130,1.0,37:27,2015,2016
2015-16,203500,Steven Adams,Steven,1610612760,OKC,Oklahoma City Thunder,21501021,2016-03-18T00:00:00,OKC @ PHI,W,26.3,2.0,2.0,2.0,12.0,13.0,4.0,6.0,14.0,3.0,1.0,1.0,2.0,35.7,1,1,1,1,10598,6026,4731,4675,988,21300,8458,13388,17019,347,17214,4972,7786,3578,1.0,26:18,2015,2016
2015-16,202700,Donatas Motiejunas,Donatas,1610612745,HOU,Houston Rockets,21501024,2016-03-18T00:00:00,HOU vs. MIN,W,26.2,2.0,2.0,2.0,10.0,17.0,2.0,18.0,34.0,2.0,1.0,3.0,1.0,37.3,1,1,1,1,10685,6026,4731,4675,1840,24337,3734,25228,2701,932,17214,17641,12373,3105,1.0,26:12,2015,2016
2015-16,202335,Patrick Patterson,Patrick,1610612761,TOR,Toronto Raptors,21501023,2016-03-18T00:00:00,TOR vs. BOS,W,20.3,0.0,0.0,0.0,4.0,7.0,4.0,7.0,18.0,1.0,0.0,2.0,0.0,11.4,1,1,1,1,15640,12059,10158,9917,8599,12242,8458,15538,13577,2692,1,11390,18762,18134,1.0,20:18,2015,2016
2015-16,1891,Jason Terry,Jason,1610612745,HOU,Houston Rockets,21501024,2016-03-18T00:00:00,HOU vs. MIN,W,22.0,0.0,0.0,0.0,2.0,14.0,4.0,14.0,26.0,0.0,0.0,1.0,0.0,6.5,1,1,1,1,14154,12059,10158,9917,12984,22292,8458,23710,7214,8004,1,4972,18762,21519,1.0,22:01,2015,2016
2015-16,2734,Devin Harris,Devin,1610612742,DAL,Dallas Mavericks,21501026,2016-03-18T00:00:00,DAL vs. GSW,L,20.5,0.0,2.0,2.0,4.0,13.0,2.0,3.0,4.0,1.0,0.0,2.0,2.0,11.4,1,13074,13074,13074,15493,12059,4731,4675,8599,21300,3734,7328,23698,2692,1,11390,7786,18134,1.0,20:29,2015,2016
2015-16,2549,Chris Kaman,Chris,1610612757,POR,Portland Trail Blazers,21501025,2016-03-18T00:00:00,POR @ NOP,W,1.4,0.0,0.0,0.0,0.0,2.0,0.0,0.0,2.0,0.0,0.0,2.0,0.0,1.2,1,1,1,1,25756,12059,10158,9917,18861,2619,1,1,24614,8004,1,11390,18762,24661,1.0,1:21,2015,2016
2015-16,202389,Timofey Mozgov,Timofey,1610612739,CLE,Cleveland Cavaliers,21501020,2016-03-18T00:00:00,CLE @ ORL,W,13.5,2.0,2.0,0.0,6.0,6.0,3.0,11.0,10.0,0.0,1.0,2.0,1.0,10.8,1,1,1,1,20709,6026,4731,9917,5299,10028,7138,21342,20209,8004,17214,11390,12373,18579,1.0,13:29,2015,2016
2015-16,201158,Marco Belinelli,Marco,1610612758,SAC,Sacramento Kings,21501022,2016-03-18T00:00:00,SAC @ DET,L,16.6,0.0,0.0,0.0,0.0,2.0,5.0,0.0,14.0,0.0,1.0,0.0,0.0,2.0,1,13074,13074,13074,18592,12059,10158,9917,18861,2619,11469,1,17019,8004,17214,1,18762,24216,1.0,16:35,2015,2016
2015-16,203552,Seth Curry,Seth,1610612758,SAC,Sacramento Kings,21501022,2016-03-18T00:00:00,SAC @ DET,L,3.6,0.0,0.0,0.0,2.0,3.0,2.0,0.0,4.0,0.0,0.0,0.0,0.0,2.0,1,13074,13074,13074,24872,12059,10158,9917,12984,5109,3734,1,23698,8004,1,1,18762,24216,1.0,3:35,2015,2016
2015-16,203092,Tyler Zeller,Tyler,1610612738,BOS,Boston Celtics,21501023,2016-03-18T00:00:00,BOS @ TOR,L,11.0,0.0,2.0,0.0,4.0,4.0,0.0,6.0,16.0,0.0,1.0,1.0,1.0,10.8,1,13074,13074,13074,22035,12059,4731,9917,8599,6141,1,13388,15259,8004,17214,4972,12373,18579,1.0,10:60,2015,2016
2015-16,203943,Noah Vonleh,Noah,1610612757,POR,Portland Trail Blazers,21501025,2016-03-18T00:00:00,POR @ NOP,W,11.6,0.0,3.0,0.0,2.0,5.0,0.0,4.0,8.0,0.0,0.0,4.0,1.0,6.2,1,1,1,1,21775,12059,3104,9917,12984,8403,1,8806,21543,8004,1,22104,12373,21696,1.0,11:36,2015,2016
2015-16,2581,Steve Blake,Steve,1610612765,DET,Detroit Pistons,21501022,2016-03-18T00:00:00,DET vs. SAC,W,14.2,0.0,0.0,0.0,0.0,6.0,7.0,0.0,12.0,0.0,0.0,0.0,0.0,10.7,1,1,1,1,20287,12059,10158,9917,18861,10028,15642,1,18637,8004,1,1,18762,18636,1.0,14:12,2015,2016
2015-16,203903,Jordan Clarkson,Jordan,1610612747,LAL,Los Angeles Lakers,21501027,2016-03-18T00:00:00,LAL vs. PHX,L,24.9,3.0,0.0,0.0,2.0,8.0,8.0,8.0,26.0,0.0,4.0,0.0,3.0,11.2,1,13074,13074,13074,11746,4307,10158,9917,12984,13914,17345,17194,7214,8004,25926,1,4736,18267,1.0,24:55,2015,2016
2015-16,204028,Tarik Black,Tarik,1610612747,LAL,Los Angeles Lakers,21501027,2016-03-18T00:00:00,LAL vs. PHX,L,5.4,0.0,0.0,0.0,0.0,0.0,3.0,0.0,2.0,0.0,0.0,1.0,0.0,1.5,1,13074,13074,13074,24200,12059,10158,9917,18861,1,7138,1,24614,8004,1,4972,18762,24473,1.0,5:26,2015,2016
2015-16,203090,Maurice Harkless,Maurice,1610612757,POR,Portland Trail Blazers,21501025,2016-03-18T00:00:00,POR @ NOP,W,20.4,0.0,0.0,0.0,0.0,0.0,2.0,2.0,18.0,0.0,0.0,2.0,0.0,3.4,1,1,1,1,15600,12059,10158,9917,18861,1,3734,4025,13577,8004,1,11390,18762,23417,1.0,20:21,2015,2016
2015-16,201575,Brandon Rush,Brandon,1610612744,GSW,Golden State Warriors,21501026,2016-03-18T00:00:00,GSW @ DAL,W,14.7,0.0,0.0,0.0,0.0,5.0,8.0,0.0,16.0,1.0,0.0,2.0,0.0,6.9,1,1,1,1,19947,12059,10158,9917,18861,8403,17345,1,15259,2692,1,11390,18762,21262,1.0,14:43,2015,2016
2015-16,1626147,Justin Anderson,Justin,1610612742,DAL,Dallas Mavericks,21501026,2016-03-18T00:00:00,DAL vs. GSW,L,14.1,0.0,0.0,0.0,0.0,12.0,0.0,3.0,0.0,1.0,0.0,0.0,0.0,6.6,1,13074,13074,13074,20328,12059,10158,9917,18861,20178,1,7328,25429,2692,1,1,18762,21445,1.0,14:08,2015,2016
2015-16,203521,Matthew Dellavedova,Matthew,1610612739,CLE,Cleveland Cavaliers,21501020,2016-03-18T00:00:00,CLE @ ORL,W,20.7,0.0,0.0,0.0,0.0,9.0,4.0,1.0,14.0,0.0,1.0,2.0,1.0,5.3,1,1,1,1,15313,12059,10158,9917,18861,15771,8458,3646,17019,8004,17214,11390,12373,22358,1.0,20:43,2015,2016
2015-16,2760,Anderson Varejao,Anderson,1610612744,GSW,Golden State Warriors,21501026,2016-03-18T00:00:00,GSW @ DAL,W,9.4,0.0,0.0,0.0,0.0,2.0,8.0,0.0,6.0,1.0,0.0,3.0,0.0,4.4,1,1,1,1,22663,12059,10158,9917,18861,2619,17345,1,22724,2692,1,17641,18762,22837,1.0,9:25,2015,2016
2015-16,203512,Lucas Nogueira,Lucas,1610612761,TOR,Toronto Raptors,21501023,2016-03-18T00:00:00,TOR vs. BOS,W,6.8,0.0,0.0,0.0,2.0,0.0,5.0,0.0,4.0,2.0,0.0,0.0,1.0,9.4,1,1,1,1,23653,12059,10158,9917,12984,1,11469,1,23698,932,1,1,12373,19568,1.0,6:45,2015,2016
2015-16,203998,Bruno Caboclo,Bruno,1610612761,TOR,Toronto Raptors,21501023,2016-03-18T00:00:00,TOR vs. BOS,W,1.6,0.0,0.0,0.0,0.0,0.0,3.0,0.0,0.0,0.0,0.0,0.0,0.0,0.0,1,1,1,1,25677,12059,10158,9917,18861,1,7138,1,25429,8004,1,1,18762,25170,1.0,1:33,2015,2016
2015-16,203949,James Michael McAdoo,James Michael,1610612744,GSW,Golden State Warriors,21501026,2016-03-18T00:00:00,GSW @ DAL,W,11.6,0.0,2.0,0.0,2.0,13.0,0.0,9.0,10.0,0.0,1.0,2.0,1.0,7.1,1,1,1,1,21794,12059,4731,9917,12984,21300,1,18829,20209,8004,17214,11390,12373,21141,1.0,11:34,2015,2016
2015-16,203458,Alex Len,Alex,1610612756,PHX,Phoenix Suns,21501027,2016-03-18T00:00:00,PHX @ LAL,W,28.2,0.0,0.0,0.0,2.0,7.0,5.0,8.0,14.0,0.0,0.0,4.0,1.0,8.9,1,1,1,1,9105,12059,10158,9917,12984,12242,11469,17194,17019,8004,1,22104,12373,19914,1.0,28:10,2015,2016
2015-16,201978,Chase Budinger,Chase,1610612756,PHX,Phoenix Suns,21501027,2016-03-18T00:00:00,PHX @ LAL,W,15.0,0.0,0.0,0.0,2.0,2.0,4.0,7.0,18.0,0.0,0.0,0.0,0.0,4.4,1,1,1,1,19762,12059,10158,9917,12984,2619,8458,15538,13577,8004,1,1,18762,22837,1.0,14:59,2015,2016
2015-16,203459,Allen Crabbe,Allen,1610612757,POR,Portland Trail Blazers,21501025,2016-03-18T00:00:00,POR @ NOP,W,28.4,0.0,0.0,0.0,0.0,6.0,7.0,11.0,26.0,0.0,0.0,2.0,1.0,4.6,1,1,1,1,8934,12059,10158,9917,18861,10028,15642,21342,7214,8004,1,11390,12373,22734,1.0,28:23,2015,2016
2015-16,1626154,RJ Hunter,RJ,1610612738,BOS,Boston Celtics,21501023,2016-03-18T00:00:00,BOS @ TOR,L,13.8,3.0,0.0,3.0,2.0,6.0,0.0,6.0,20.0,0.0,0.0,0.0,0.0,6.5,1,13074,13074,13074,20529,4307,10158,3302,12984,10028,1,13388,11929,8004,1,1,18762,21519,1.0,13:48,2015,2016
2015-16,203935,Marcus Smart,Marcus,1610612738,BOS,Boston Celtics,21501023,2016-03-18T00:00:00,BOS @ TOR,L,21.8,2.0,0.0,2.0,2.0,14.0,3.0,12.0,26.0,0.0,3.0,3.0,2.0,13.3,1,13074,13074,13074,14302,6026,10158,4675,12984,22292,7138,22259,7214,8004,25441,17641,7786,16712,1.0,21:50,2015,2016
2015-16,202083,Wesley Matthews,Wesley,1610612742,DAL,Dallas Mavericks,21501026,2016-03-18T00:00:00,DAL vs. GSW,L,32.4,0.0,3.0,0.0,2.0,12.0,14.0,18.0,32.0,0.0,1.0,4.0,3.0,13.3,1,13074,13074,13074,5576,12059,3104,9917,12984,20178,24300,25228,3535,8004,17214,22104,4736,16712,1.0,32:24,2015,2016
2015-16,203956,Mitch McGary,Mitch,1610612760,OKC,Oklahoma City Thunder,21501021,2016-03-18T00:00:00,OKC @ PHI,W,6.3,0.0,0.0,0.0,0.0,0.0,0.0,3.0,4.0,0.0,0.0,1.0,0.0,5.2,1,1,1,1,23851,12059,10158,9917,18861,1,1,7328,23698,8004,1,4972,18762,22370,1.0,6:16,2015,2016
2015-16,203546,Ian Clark,Ian,1610612744,GSW,Golden State Warriors,21501026,2016-03-18T00:00:00,GSW @ DAL,W,2.6,0.0,0.0,0.0,0.0,0.0,3.0,0.0,2.0,0.0,0.0,0.0,0.0,4.2,1,1,1,1,25276,12059,10158,9917,18861,1,7138,1,24614,8004,1,1,18762,22976,1.0,2:38,2015,2016
2015-16,203909,KJ McDaniels,KJ,1610612745,HOU,Houston Rockets,21501024,2016-03-18T00:00:00,HOU vs. MIN,W,5.7,0.0,0.0,0.0,0.0,0.0,4.0,0.0,2.0,0.0,0.0,0.0,0.0,0.2,1,1,1,1,24102,12059,10158,9917,18861,1,8458,1,24614,8004,1,1,18762,25103,1.0,5:41,2015,2016
2015-16,2419,Tayshaun Prince,Tayshaun,1610612750,MIN,Minnesota Timberwolves,21501024,2016-03-18T00:00:00,MIN @ HOU,L,12.8,0.0,0.0,0.0,0.0,2.0,2.0,2.0,14.0,0.0,0.0,0.0,1.0,9.2,1,13074,13074,13074,21091,12059,10158,9917,18861,2619,3734,4025,17019,8004,1,1,12373,19680,1.0,12:47,2015,2016
2015-16,2210,Richard Jefferson,Richard,1610612739,CLE,Cleveland Cavaliers,21501020,2016-03-18T00:00:00,CLE @ ORL,W,12.9,0.0,0.0,0.0,2.0,6.0,0.0,1.0,6.0,0.0,0.0,2.0,0.0,5.0,1,1,1,1,21055,12059,10158,9917,12984,10028,1,3646,22724,8004,1,11390,18762,22500,1.0,12:51,2015,2016
2015-16,1626153,Delon Wright,Delon,1610612761,TOR,Toronto Raptors,21501023,2016-03-18T00:00:00,TOR vs. BOS,W,1.6,0.0,0.0,0.0,0.0,0.0,3.0,0.0,0.0,0.0,0.0,0.0,0.0,0.0,1,1,1,1,25677,12059,10158,9917,18861,1,7138,1,25429,8004,1,1,18762,25170,1.0,1:33,2015,2016
2015-16,203940,Adreian Payne,Adreian,1610612750,MIN,Minnesota Timberwolves,21501024,2016-03-18T00:00:00,MIN @ HOU,L,6.4,0.0,0.0,0.0,0.0,2.0,0.0,0.0,6.0,0.0,0.0,0.0,1.0,5.4,1,13074,13074,13074,23783,12059,10158,9917,18861,2619,1,1,22724,8004,1,1,12373,22242,1.0,6:23,2015,2016
2015-16,1626166,Cameron Payne,Cameron,1610612760,OKC,Oklahoma City Thunder,21501021,2016-03-18T00:00:00,OKC @ PHI,W,7.7,0.0,0.0,0.0,0.0,4.0,0.0,0.0,12.0,0.0,0.0,1.0,0.0,3.5,1,1,1,1,23315,12059,10158,9917,18861,6141,1,1,18637,8004,1,4972,18762,23351,1.0,7:42,2015,2016
2015-16,203098,John Jenkins,John,1610612756,PHX,Phoenix Suns,21501027,2016-03-18T00:00:00,PHX @ LAL,W,5.3,0.0,3.0,2.0,2.0,2.0,0.0,7.0,10.0,0.0,0.0,0.0,2.0,9.0,1,1,1,1,24249,12059,3104,4675,12984,2619,1,15538,20209,8004,1,1,7786,19835,1.0,5:18,2015,2016
2015-16,2585,Zaza Pachulia,Zaza,1610612742,DAL,Dallas Mavericks,21501026,2016-03-18T00:00:00,DAL vs. GSW,L,3.3,0.0,0.0,0.0,0.0,0.0,3.0,2.0,2.0,0.0,1.0,0.0,1.0,3.2,1,13074,13074,13074,24992,12059,10158,9917,18861,1,7138,4025,24614,8004,17214,1,12373,23473,1.0,3:20,2015,2016
2015-16,202337,Luke Babbitt,Luke,1610612740,NOP,New Orleans Pelicans,21501025,2016-03-18T00:00:00,NOP vs. POR,L,6.6,0.0,0.0,0.0,0.0,2.0,4.0,0.0,12.0,0.0,0.0,2.0,0.0,4.2,1,13074,13074,13074,23707,12059,10158,9917,18861,2619,8458,1,18637,8004,1,11390,18762,22976,1.0,6:38,2015,2016
2015-16,201171,Carl Landry,Carl,1610612755,PHI,Philadelphia 76ers,21501021,2016-03-18T00:00:00,PHI vs. OKC,L,11.8,0.0,0.0,0.0,4.0,2.0,2.0,4.0,16.0,0.0,0.0,0.0,0.0,4.0,1,13074,13074,13074,21698,12059,10158,9917,8599,2619,3734,8806,15259,8004,1,1,18762,23142,1.0,11:46,2015,2016
2015-16,1626257,Salah Mejri,Salah,1610612742,DAL,Dallas Mavericks,21501026,2016-03-18T00:00:00,DAL vs. GSW,L,1.1,0.0,0.0,0.0,0.0,0.0,0.0,0.0,0.0,0.0,0.0,0.0,0.0,0.0,1,13074,13074,13074,25849,12059,10158,9917,18861,1,1,1,25429,8004,1,1,18762,25170,1.0,1:06,2015,2016
2015-16,1626209,Mario Hezonja,Mario,1610612753,ORL,Orlando Magic,21501020,2016-03-18T00:00:00,ORL vs. CLE,L,15.9,3.0,0.0,0.0,0.0,8.0,0.0,6.0,10.0,0.0,0.0,2.0,0.0,7.0,1,13074,13074,13074,19087,4307,10158,9917,18861,13914,1,13388,20209,8004,1,11390,18762,21188,1.0,15:56,2015,2016
2015-16,101111,Charlie Villanueva,Charlie,1610612742,DAL,Dallas Mavericks,21501026,2016-03-18T00:00:00,DAL vs. GSW,L,1.1,0.0,0.0,0.0,0.0,0.0,0.0,0.0,0.0,0.0,0.0,0.0,0.0,0.0,1,13074,13074,13074,25849,12059,10158,9917,18861,1,1,1,25429,8004,1,1,18762,25170,1.0,1:06,2015,2016
2015-16,203493,Reggie Bullock Jr.,Reggie,1610612765,DET,Detroit Pistons,21501022,2016-03-18T00:00:00,DET vs. SAC,W,10.6,0.0,3.0,0.0,0.0,5.0,7.0,0.0,8.0,0.0,0.0,0.0,0.0,9.0,1,1,1,1,22208,12059,3104,9917,18861,8403,15642,1,21543,8004,1,1,18762,19835,1.0,10:33,2015,2016
2015-16,201579,Roy Hibbert,Roy,1610612747,LAL,Los Angeles Lakers,21501027,2016-03-18T00:00:00,LAL vs. PHX,L,18.4,0.0,0.0,2.0,2.0,8.0,6.0,10.0,22.0,1.0,0.0,3.0,1.0,21.6,1,13074,13074,13074,17163,12059,10158,4675,12984,13914,13237,20169,10265,2692,1,17641,12373,10666,1.0,18:25,2015,2016
2015-16,1882,Elton Brand,Elton,1610612755,PHI,Philadelphia 76ers,21501021,2016-03-18T00:00:00,PHI vs. OKC,L,8.1,0.0,0.0,0.0,0.0,0.0,0.0,2.0,10.0,0.0,0.0,2.0,1.0,4.2,1,13074,13074,13074,23157,12059,10158,9917,18861,1,1,4025,20209,8004,1,11390,12373,22976,1.0,8:05,2015,2016
2015-16,202962,Greg Smith,Greg,1610612750,MIN,Minnesota Timberwolves,21501024,2016-03-18T00:00:00,MIN @ HOU,L,7.6,0.0,0.0,0.0,0.0,4.0,0.0,2.0,6.0,0.0,0.0,2.0,1.0,4.4,1,13074,13074,13074,23372,12059,10158,9917,18861,6141,1,4025,22724,8004,1,11390,12373,22837,1.0,7:33,2015,2016
2015-16,101106,Andrew Bogut,Andrew,1610612744,GSW,Golden State Warriors,21501026,2016-03-18T00:00:00,GSW @ DAL,W,8.6,0.0,0.0,0.0,0.0,0.0,4.0,7.0,10.0,0.0,0.0,1.0,1.0,3.4,1,1,1,1,23003,12059,10158,9917,18861,1,8458,15538,20209,8004,1,4972,12373,23417,1.0,8:35,2015,2016
2015-16,203906,Devyn Marble,Devyn,1610612753,ORL,Orlando Magic,21501020,2016-03-18T00:00:00,ORL vs. CLE,L,5.4,0.0,0.0,0.0,0.0,0.0,2.0,2.0,2.0,0.0,0.0,1.0,0.0,4.5,1,13074,13074,13074,24229,12059,10158,9917,18861,1,3734,4025,24614,8004,1,4972,18762,22773,1.0,5:21,2015,2016
2015-16,2406,Caron Butler,Caron,1610612758,SAC,Sacramento Kings,21501022,2016-03-18T00:00:00,SAC @ DET,L,18.3,0.0,2.0,0.0,0.0,7.0,7.0,0.0,18.0,0.0,0.0,4.0,2.0,16.8,1,13074,13074,13074,17253,12059,4731,9917,18861,12242,15642,1,13577,8004,1,22104,7786,13996,1.0,18:19,2015,2016
2015-16,203939,Dwight Powell,Dwight,1610612742,DAL,Dallas Mavericks,21501026,2016-03-18T00:00:00,DAL vs. GSW,L,2.0,0.0,0.0,0.0,2.0,0.0,0.0,0.0,0.0,0.0,0.0,0.0,0.0,2.0,1,13074,13074,13074,25529,12059,10158,9917,12984,1,1,1,25429,8004,1,1,18762,24216,1.0,1:58,2015,2016
2015-16,203112,Quincy Acy,Quincy,1610612758,SAC,Sacramento Kings,21501022,2016-03-18T00:00:00,SAC @ DET,L,17.8,0.0,0.0,0.0,0.0,10.0,9.0,9.0,22.0,0.0,0.0,2.0,3.0,13.1,1,13074,13074,13074,17646,12059,10158,9917,18861,17370,19144,18829,10265,8004,1,11390,4736,16874,1.0,17:50,2015,2016
2015-16,1897,Metta World Peace,Metta,1610612747,LAL,Los Angeles Lakers,21501027,2016-03-18T00:00:00,LAL vs. PHX,L,21.9,0.0,3.0,0.0,0.0,8.0,7.0,9.0,22.0,0.0,0.0,2.0,1.0,13.1,1,13074,13074,13074,14235,12059,3104,9917,18861,13914,15642,18829,10265,8004,1,11390,12373,16874,1.0,21:56,2015,2016
2015-16,203141,Mirza Teletovic,Mirza,1610612756,PHX,Phoenix Suns,21501027,2016-03-18T00:00:00,PHX @ LAL,W,19.6,0.0,0.0,0.0,2.0,5.0,2.0,12.0,20.0,0.0,1.0,3.0,2.0,15.9,1,1,1,1,16254,12059,10158,9917,12984,8403,3734,22259,11929,8004,17214,17641,7786,14675,1.0,19:35,2015,2016
2015-16,201147,Corey Brewer,Corey,1610612745,HOU,Houston Rockets,21501024,2016-03-18T00:00:00,HOU vs. MIN,W,7.6,0.0,0.0,0.0,0.0,2.0,0.0,4.0,8.0,1.0,0.0,0.0,0.0,2.0,1,1,1,1,23372,12059,10158,9917,18861,2619,1,8806,21543,2692,1,1,18762,24216,1.0,7:33,2015,2016
2015-16,203473,Dewayne Dedmon,Dewayne,1610612753,ORL,Orlando Magic,21501020,2016-03-18T00:00:00,ORL vs. CLE,L,18.5,2.0,2.0,0.0,4.0,8.0,2.0,5.0,18.0,1.0,0.0,2.0,2.0,16.7,1,13074,13074,13074,17112,6026,4731,9917,8599,13914,3734,11593,13577,2692,1,11390,7786,14064,1.0,18:28,2015,2016
2015-16,203079,Dion Waiters,Dion,1610612760,OKC,Oklahoma City Thunder,21501021,2016-03-18T00:00:00,OKC @ PHI,W,23.8,0.0,0.0,0.0,2.0,10.0,4.0,9.0,20.0,0.0,1.0,1.0,2.0,13.2,1,1,1,1,12732,12059,10158,9917,12984,17370,8458,18829,11929,8004,17214,4972,7786,16768,1.0,23:49,2015,2016
2015-16,202697,Iman Shumpert,Iman,1610612739,CLE,Cleveland Cavaliers,21501020,2016-03-18T00:00:00,CLE @ ORL,W,22.3,0.0,0.0,0.0,2.0,13.0,6.0,2.0,14.0,0.0,1.0,1.0,2.0,16.6,1,1,1,1,13886,12059,10158,9917,12984,21300,13237,4025,17019,8004,17214,4972,7786,14125,1.0,22:20,2015,2016
2015-16,203527,Ryan Kelly,Ryan,1610612747,LAL,Los Angeles Lakers,21501027,2016-03-18T00:00:00,LAL vs. PHX,L,20.8,0.0,0.0,2.0,2.0,7.0,7.0,3.0,16.0,0.0,0.0,1.0,5.0,17.8,1,13074,13074,13074,15223,12059,10158,4675,12984,12242,15642,7328,15259,8004,1,4972,1539,13309,1.0,20:48,2015,2016
2015-16,1626262,Coty Clarke,Coty,1610612738,BOS,Boston Celtics,21501023,2016-03-18T00:00:00,BOS @ TOR,L,2.5,0.0,0.0,0.0,0.0,0.0,0.0,0.0,2.0,0.0,0.0,0.0,0.0,3.0,1,13074,13074,13074,25320,12059,10158,9917,18861,1,1,1,24614,8004,1,1,18762,23648,1.0,2:30,2015,2016
2015-16,203923,James Young,James,1610612738,BOS,Boston Celtics,21501023,2016-03-18T00:00:00,BOS @ TOR,L,2.5,0.0,0.0,0.0,0.0,0.0,0.0,0.0,2.0,0.0,0.0,0.0,0.0,3.0,1,13074,13074,13074,25320,12059,10158,9917,18861,1,1,1,24614,8004,1,1,18762,23648,1.0,2:30,2015,2016
2015-16,1626175,Jordan Mickey,Jordan,1610612738,BOS,Boston Celtics,21501023,2016-03-18T00:00:00,BOS @ TOR,L,8.6,0.0,0.0,0.0,0.0,4.0,3.0,0.0,8.0,1.0,0.0,2.0,2.0,3.0,1,13074,13074,13074,22993,12059,10158,9917,18861,6141,7138,1,21543,2692,1,11390,7786,23648,1.0,8:37,2015,2016
2015-16,2733,Shaun Livingston,Shaun,1610612744,GSW,Golden State Warriors,21501026,2016-03-18T00:00:00,GSW @ DAL,W,18.0,0.0,0.0,0.0,0.0,0.0,5.0,0.0,16.0,0.0,2.0,0.0,0.0,17.9,1,1,1,1,17523,12059,10158,9917,18861,1,11469,1,15259,8004,23588,1,18762,13229,1.0,17:59,2015,2016
2015-16,1626156,D'Angelo Russell,D'Angelo,1610612747,LAL,Los Angeles Lakers,21501027,2016-03-18T00:00:00,LAL vs. PHX,L,21.2,0.0,0.0,0.0,2.0,6.0,7.0,10.0,22.0,0.0,0.0,1.0,4.0,16.6,1,13074,13074,13074,14879,12059,10158,9917,12984,10028,15642,20169,10265,8004,1,4972,2748,14125,1.0,21:12,2015,2016
2015-16,202713,Kyle Singler,Kyle,1610612760,OKC,Oklahoma City Thunder,21501021,2016-03-18T00:00:00,OKC @ PHI,W,21.1,0.0,2.0,0.0,2.0,11.0,6.0,14.0,22.0,0.0,0.0,2.0,0.0,8.5,1,1,1,1,14960,12059,4731,9917,12984,18886,13237,23710,10265,8004,1,11390,18762,20215,1.0,21:07,2015,2016
2015-16,201585,Kosta Koufos,Kosta,1610612758,SAC,Sacramento Kings,21501022,2016-03-18T00:00:00,SAC @ DET,L,17.3,4.0,2.0,0.0,8.0,2.0,5.0,0.0,8.0,1.0,0.0,1.0,1.0,18.0,1,13074,13074,13074,18080,2460,4731,9917,3109,2619,11469,1,21543,2692,1,4972,12373,13164,1.0,17:15,2015,2016
2015-16,1626179,Terry Rozier,Terry,1610612738,BOS,Boston Celtics,21501023,2016-03-18T00:00:00,BOS @ TOR,L,10.2,0.0,3.0,0.0,2.0,0.0,0.0,2.0,12.0,0.0,0.0,1.0,0.0,18.1,1,13074,13074,13074,22353,12059,3104,9917,12984,1,1,4025,18637,8004,1,4972,18762,13090,1.0,10:11,2015,2016
2015-16,201603,Sonny Weems,Sonny,1610612755,PHI,Philadelphia 76ers,21501021,2016-03-18T00:00:00,PHI vs. OKC,L,9.9,0.0,0.0,0.0,0.0,2.0,2.0,2.0,6.0,0.0,0.0,3.0,1.0,2.4,1,13074,13074,13074,22488,12059,10158,9917,18861,2619,3734,4025,22724,8004,1,17641,12373,24024,1.0,9:55,2015,2016
2015-16,201228,C.J. Watson,C.J.,1610612753,ORL,Orlando Magic,21501020,2016-03-18T00:00:00,ORL vs. CLE,L,15.8,0.0,0.0,0.0,0.0,6.0,0.0,6.0,12.0,0.0,0.0,4.0,1.0,8.0,1,13074,13074,13074,19234,12059,10158,9917,18861,10028,1,13388,18637,8004,1,22104,12373,20564,1.0,15:45,2015,2016
2015-16,202709,Cory Joseph,Cory,1610612761,TOR,Toronto Raptors,21501023,2016-03-18T00:00:00,TOR vs. BOS,W,25.6,2.0,0.0,0.0,4.0,7.0,4.0,11.0,20.0,0.0,1.0,1.0,0.0,16.4,1,1,1,1,11225,6026,10158,9917,8599,12242,8458,21342,11929,8004,17214,4972,18762,14289,1.0,25:35,2015,2016
2015-16,202341,James Anderson,James,1610612758,SAC,Sacramento Kings,21501022,2016-03-18T00:00:00,SAC @ DET,L,29.3,2.0,0.0,0.0,4.0,12.0,18.0,7.0,36.0,1.0,0.0,2.0,0.0,18.4,1,13074,13074,13074,8133,6026,10158,9917,8599,20178,25634,15538,1943,2692,1,11390,18762,12854,1.0,29:17,2015,2016
2015-16,204025,Tim Frazier,Tim,1610612740,NOP,New Orleans Pelicans,21501025,2016-03-18T00:00:00,NOP vs. POR,L,26.7,0.0,0.0,2.0,4.0,8.0,10.0,1.0,26.0,0.0,0.0,2.0,3.0,18.6,1,13074,13074,13074,10300,12059,10158,4675,8599,13914,20509,3646,7214,8004,1,11390,4736,12715,1.0,26:40,2015,2016
2015-16,202683,Enes Freedom,Enes,1610612760,OKC,Oklahoma City Thunder,21501021,2016-03-18T00:00:00,OKC @ PHI,W,23.0,0.0,3.0,2.0,10.0,19.0,11.0,12.0,24.0,1.0,1.0,4.0,3.0,21.4,1,1,1,1,13399,12059,3104,4675,1840,25074,21814,22259,8723,2692,17214,22104,4736,10807,1.0,22:58,2015,2016
2015-16,201567,Kevin Love,Kevin,1610612739,CLE,Cleveland Cavaliers,21501020,2016-03-18T00:00:00,CLE @ ORL,W,23.1,6.0,0.0,0.0,2.0,11.0,7.0,13.0,16.0,0.0,0.0,3.0,3.0,21.2,1,1,1,1,13305,878,10158,9917,12984,18886,15642,23048,15259,8004,1,17641,4736,10936,1.0,23:05,2015,2016
2015-16,101112,Channing Frye,Channing,1610612739,CLE,Cleveland Cavaliers,21501020,2016-03-18T00:00:00,CLE @ ORL,W,20.9,2.0,0.0,0.0,0.0,9.0,4.0,1.0,16.0,1.0,0.0,3.0,0.0,21.2,1,1,1,1,15170,6026,10158,9917,18861,15771,8458,3646,15259,2692,1,17641,18762,10936,1.0,20:52,2015,2016
2015-16,204456,T.J. McConnell,T.J.,1610612755,PHI,Philadelphia 76ers,21501021,2016-03-18T00:00:00,PHI vs. OKC,L,19.5,2.0,0.0,2.0,2.0,2.0,7.0,4.0,16.0,0.0,0.0,2.0,1.0,18.7,1,13074,13074,13074,16340,6026,10158,4675,12984,2619,15642,8806,15259,8004,1,11390,12373,12648,1.0,19:28,2015,2016
2015-16,201574,Jason Thompson,Jason,1610612761,TOR,Toronto Raptors,21501023,2016-03-18T00:00:00,TOR vs. BOS,W,24.5,0.0,0.0,0.0,2.0,7.0,7.0,7.0,14.0,2.0,0.0,3.0,3.0,21.5,1,1,1,1,12160,12059,10158,9917,12984,12242,15642,15538,17019,932,1,17641,4736,10755,1.0,24:27,2015,2016
2015-16,203095,Evan Fournier,Evan,1610612753,ORL,Orlando Magic,21501020,2016-03-18T00:00:00,ORL vs. CLE,L,36.0,5.0,4.0,7.0,8.0,10.0,8.0,7.0,30.0,0.0,2.0,6.0,4.0,30.8,1,13074,13074,13074,2735,1603,1596,454,3109,17370,17345,15538,4541,8004,23588,25827,2748,5493,1.0,36:02,2015,2016
2015-16,101138,Brandon Bass,Brandon,1610612747,LAL,Los Angeles Lakers,21501027,2016-03-18T00:00:00,LAL vs. PHX,L,24.2,0.0,4.0,2.0,8.0,7.0,8.0,6.0,18.0,1.0,0.0,1.0,1.0,20.2,1,13074,13074,13074,12423,12059,1596,4675,3109,12242,17345,13388,13577,2692,1,4972,12373,11610,1.0,24:09,2015,2016
2015-16,200765,Rajon Rondo,Rajon,1610612758,SAC,Sacramento Kings,21501022,2016-03-18T00:00:00,SAC @ DET,L,37.0,4.0,2.0,0.0,8.0,15.0,16.0,12.0,46.0,0.0,1.0,4.0,1.0,43.1,1,13074,13074,13074,2067,2460,4731,9917,3109,23079,25155,22259,298,8004,17214,22104,12373,1713,1.0,37:01,2015,2016
2015-16,101161,Amir Johnson,Amir,1610612738,BOS,Boston Celtics,21501023,2016-03-18T00:00:00,BOS @ TOR,L,26.0,2.0,2.0,2.0,6.0,17.0,3.0,10.0,22.0,1.0,1.0,1.0,1.0,20.2,1,13074,13074,13074,10853,6026,4731,4675,5299,24337,7138,20169,10265,2692,17214,4972,12373,11610,1.0,25:59,2015,2016
2015-16,202340,Avery Bradley,Avery,1610612738,BOS,Boston Celtics,21501023,2016-03-18T00:00:00,BOS @ TOR,L,33.3,6.0,2.0,4.0,8.0,21.0,6.0,10.0,22.0,1.0,1.0,1.0,0.0,26.8,1,13074,13074,13074,4930,878,4731,1913,3109,25535,13237,20169,10265,2692,17214,4972,18762,7486,1.0,33:15,2015,2016
2015-16,202699,Tobias Harris,Tobias,1610612765,DET,Detroit Pistons,21501022,2016-03-18T00:00:00,DET vs. SAC,W,35.0,3.0,2.0,0.0,8.0,11.0,4.0,0.0,42.0,0.0,1.0,3.0,4.0,26.5,1,1,1,1,3549,4307,4731,9917,3109,18886,8458,1,670,8004,17214,17641,2748,7627,1.0,34:59,2015,2016
2015-16,203460,Andre Roberson,Andre,1610612760,OKC,Oklahoma City Thunder,21501021,2016-03-18T00:00:00,OKC @ PHI,W,20.2,0.0,0.0,0.0,2.0,15.0,7.0,0.0,10.0,0.0,0.0,2.0,0.0,11.8,1,1,1,1,15694,12059,10158,9917,12984,23079,15642,1,20209,8004,1,11390,18762,17832,1.0,20:14,2015,2016
2015-16,203083,Andre Drummond,Andre,1610612765,DET,Detroit Pistons,21501022,2016-03-18T00:00:00,DET vs. SAC,W,28.3,0.0,2.0,2.0,14.0,10.0,4.0,0.0,36.0,3.0,0.0,5.0,4.0,41.7,1,1,1,1,9028,12059,4731,4675,542,17370,8458,1,1943,347,1,24686,2748,2002,1.0,28:16,2015,2016
2015-16,201563,Michael Beasley,Michael,1610612745,HOU,Houston Rockets,21501024,2016-03-18T00:00:00,HOU vs. MIN,W,26.1,4.0,0.0,4.0,10.0,10.0,9.0,11.0,28.0,1.0,0.0,3.0,0.0,27.2,1,1,1,1,10803,2460,10158,1913,1840,17370,19144,21342,5824,2692,1,17641,18762,7289,1.0,26:03,2015,2016
2015-16,200826,J.J. Barea,J.J.,1610612742,DAL,Dallas Mavericks,21501026,2016-03-18T00:00:00,DAL vs. GSW,L,28.0,5.0,3.0,2.0,6.0,17.0,5.0,11.0,16.0,0.0,4.0,1.0,2.0,26.1,1,13074,13074,13074,9199,1603,3104,4675,5299,24337,11469,21342,15259,8004,25926,4972,7786,7836,1.0,28:03,2015,2016
2015-16,2772,Trevor Ariza,Trevor,1610612745,HOU,Houston Rockets,21501024,2016-03-18T00:00:00,HOU vs. MIN,W,34.8,2.0,0.0,6.0,6.0,23.0,7.0,20.0,48.0,0.0,0.0,2.0,3.0,26.4,1,1,1,1,3724,6026,10158,740,5299,25803,15642,25599,192,8004,1,11390,4736,7672,1.0,34:46,2015,2016
2015-16,202334,Ed Davis,Ed,1610612757,POR,Portland Trail Blazers,21501025,2016-03-18T00:00:00,POR @ NOP,W,20.9,0.0,6.0,0.0,8.0,3.0,2.0,5.0,18.0,2.0,0.0,3.0,2.0,31.0,1,1,1,1,15180,12059,481,9917,3109,5109,3734,11593,13577,932,1,17641,7786,5406,1.0,20:51,2015,2016
2015-16,2544,LeBron James,LeBron,1610612739,CLE,Cleveland Cavaliers,21501020,2016-03-18T00:00:00,CLE @ ORL,W,35.7,4.0,4.0,4.0,12.0,17.0,11.0,13.0,26.0,1.0,0.0,3.0,5.0,40.4,1,1,1,1,2946,2460,1596,1913,988,24337,21814,23048,7214,2692,1,17641,1539,2274,1.0,35:44,2015,2016
2015-16,203468,CJ McCollum,CJ,1610612757,POR,Portland Trail Blazers,21501025,2016-03-18T00:00:00,POR @ NOP,W,35.6,0.0,0.0,0.0,10.0,10.0,3.0,7.0,26.0,0.0,3.0,5.0,4.0,40.6,1,1,1,1,3058,12059,10158,9917,1840,17370,7138,15538,7214,8004,25441,24686,2748,2230,1.0,35:37,2015,2016
2015-16,203477,Isaiah Canaan,Isaiah,1610612755,PHI,Philadelphia 76ers,21501021,2016-03-18T00:00:00,PHI vs. OKC,L,30.7,9.0,0.0,3.0,0.0,4.0,17.0,17.0,40.0,0.0,1.0,1.0,2.0,26.8,1,13074,13074,13074,6961,171,10158,3302,18861,6141,25429,24967,983,8004,17214,4972,7786,7486,1.0,30:41,2015,2016
2015-16,203138,Hollis Thompson,Hollis,1610612755,PHI,Philadelphia 76ers,21501021,2016-03-18T00:00:00,PHI vs. OKC,L,28.9,6.0,2.0,0.0,2.0,6.0,14.0,14.0,44.0,0.0,1.0,3.0,2.0,31.3,1,13074,13074,13074,8458,878,4731,9917,12984,10028,24300,23710,454,8004,17214,17641,7786,5258,1.0,28:54,2015,2016
2015-16,1626273,Marcelo Huertas,Marcelo,1610612747,LAL,Los Angeles Lakers,21501027,2016-03-18T00:00:00,LAL vs. PHX,L,20.6,4.0,0.0,2.0,2.0,7.0,7.0,5.0,14.0,0.0,0.0,1.0,1.0,26.6,1,13074,13074,13074,15422,2460,10158,4675,12984,12242,15642,11593,17019,8004,1,4972,12373,7566,1.0,20:34,2015,2016
2015-16,2199,Tyson Chandler,Tyson,1610612756,PHX,Phoenix Suns,21501027,2016-03-18T00:00:00,PHX @ LAL,W,33.3,0.0,6.0,2.0,12.0,10.0,7.0,13.0,20.0,2.0,1.0,2.0,2.0,42.9,1,1,1,1,4914,12059,481,4675,988,17370,15642,23048,11929,932,17214,11390,7786,1754,1.0,33:16,2015,2016
2015-16,203082,Terrence Ross,Terrence,1610612761,TOR,Toronto Raptors,21501023,2016-03-18T00:00:00,TOR vs. BOS,W,24.9,2.0,0.0,5.0,4.0,9.0,6.0,7.0,20.0,0.0,0.0,1.0,0.0,20.4,1,1,1,1,11762,6026,10158,1277,8599,15771,13237,15538,11929,8004,1,4972,18762,11453,1.0,24:53,2015,2016
2015-16,203076,Anthony Davis,Anthony,1610612740,NOP,New Orleans Pelicans,21501025,2016-03-18T00:00:00,NOP vs. POR,L,14.1,0.0,2.0,0.0,10.0,0.0,6.0,3.0,12.0,0.0,0.0,2.0,5.0,20.2,1,13074,13074,13074,20344,12059,4731,9917,1840,1,13237,7328,18637,8004,1,11390,1539,11610,1.0,14:07,2015,2016
2015-16,203944,Julius Randle,Julius,1610612747,LAL,Los Angeles Lakers,21501027,2016-03-18T00:00:00,LAL vs. PHX,L,25.6,0.0,0.0,0.0,2.0,8.0,10.0,11.0,26.0,0.0,1.0,1.0,1.0,11.8,1,13074,13074,13074,11194,12059,10158,9917,12984,13914,20509,21342,7214,8004,17214,4972,12373,17832,1.0,25:37,2015,2016
2015-16,101109,Raymond Felton,Raymond,1610612742,DAL,Dallas Mavericks,21501026,2016-03-18T00:00:00,DAL vs. GSW,L,27.1,2.0,0.0,2.0,10.0,7.0,9.0,14.0,30.0,2.0,0.0,1.0,1.0,30.4,1,13074,13074,13074,9969,6026,10158,4675,1840,12242,19144,23710,4541,932,1,4972,12373,5661,1.0,27:03,2015,2016
2015-16,101150,Lou Williams,Lou,1610612747,LAL,Los Angeles Lakers,21501027,2016-03-18T00:00:00,LAL vs. PHX,L,29.3,3.0,0.0,8.0,12.0,9.0,12.0,9.0,22.0,1.0,1.0,6.0,3.0,40.1,1,13074,13074,13074,8107,4307,10158,280,988,15771,22832,18829,10265,2692,17214,25827,4736,2345,1.0,29:19,2015,2016
2015-16,101179,Ronnie Price,Ronnie,1610612756,PHX,Phoenix Suns,21501027,2016-03-18T00:00:00,PHX @ LAL,W,21.6,0.0,0.0,0.0,2.0,2.0,5.0,9.0,20.0,0.0,0.0,2.0,1.0,11.8,1,1,1,1,14518,12059,10158,9917,12984,2619,11469,18829,11929,8004,1,11390,12373,17832,1.0,21:36,2015,2016
2015-16,2571,Leandro Barbosa,Leandro,1610612744,GSW,Golden State Warriors,21501026,2016-03-18T00:00:00,GSW @ DAL,W,17.4,0.0,0.0,2.0,2.0,0.0,0.0,2.0,20.0,1.0,0.0,2.0,1.0,12.2,1,1,1,1,17960,12059,10158,4675,12984,1,1,4025,11929,2692,1,11390,12373,17566,1.0,17:24,2015,2016
2015-16,203482,Kelly Olynyk,Kelly,1610612738,BOS,Boston Celtics,21501023,2016-03-18T00:00:00,BOS @ TOR,L,29.7,0.0,0.0,0.0,2.0,4.0,3.0,8.0,20.0,0.0,0.0,3.0,1.0,12.3,1,13074,13074,13074,7847,12059,10158,9917,12984,6141,7138,17194,11929,8004,1,17641,12373,17524,1.0,29:39,2015,2016
2015-16,202687,Bismack Biyombo,Bismack,1610612761,TOR,Toronto Raptors,21501023,2016-03-18T00:00:00,TOR vs. BOS,W,23.9,0.0,0.0,0.0,2.0,14.0,4.0,16.0,30.0,2.0,1.0,3.0,3.0,26.2,1,1,1,1,12628,12059,10158,9917,12984,22292,8458,24641,4541,932,17214,17641,4736,7785,1.0,23:56,2015,2016
2015-16,201976,Patrick Beverley,Patrick,1610612745,HOU,Houston Rockets,21501024,2016-03-18T00:00:00,HOU vs. MIN,W,35.5,3.0,2.0,3.0,2.0,17.0,9.0,16.0,42.0,1.0,0.0,5.0,1.0,42.0,1,1,1,1,3125,4307,4731,3302,12984,24337,19144,24641,670,2692,1,24686,12373,1936,1.0,35:31,2015,2016
2015-16,204456,T.J. McConnell,T.J.,1610612755,PHI,Philadelphia 76ers,21501013,2016-03-17T00:00:00,PHI vs. WAS,L,18.3,2.0,2.0,0.0,6.0,2.0,4.0,8.0,8.0,0.0,1.0,2.0,1.0,11.9,1,13074,13074,13074,17246,6026,4731,9917,5299,2619,8458,17194,21543,8004,17214,11390,12373,17760,1.0,18:20,2015,2016
2015-16,203943,Noah Vonleh,Noah,1610612757,POR,Portland Trail Blazers,21501018,2016-03-17T00:00:00,POR @ SAS,L,11.2,2.0,4.0,2.0,4.0,4.0,0.0,2.0,14.0,0.0,0.0,1.0,0.0,11.8,1,13074,13074,13074,21966,6026,1596,4675,8599,6141,1,4025,17019,8004,1,4972,18762,17832,1.0,11:09,2015,2016
2015-16,203898,Tyler Ennis,Tyler,1610612749,MIL,Milwaukee Bucks,21501017,2016-03-17T00:00:00,MIL vs. MEM,W,23.3,4.0,0.0,0.0,10.0,6.0,12.0,0.0,20.0,0.0,2.0,2.0,3.0,26.5,1,1,1,1,13092,2460,10158,9917,1840,10028,22832,1,11929,8004,23588,11390,4736,7627,1.0,23:20,2015,2016
2015-16,203200,Justin Holiday,Justin,1610612741,CHI,Chicago Bulls,21501016,2016-03-17T00:00:00,CHI vs. BKN,W,16.3,0.0,0.0,2.0,2.0,6.0,4.0,6.0,18.0,0.0,0.0,1.0,1.0,11.6,1,1,1,1,18781,12059,10158,4675,12984,10028,8458,13388,13577,8004,1,4972,12373,17970,1.0,16:21,2015,2016
2015-16,201588,George Hill,George,1610612754,IND,Indiana Pacers,21501012,2016-03-17T00:00:00,IND vs. TOR,L,41.3,5.0,4.0,2.0,6.0,14.0,17.0,10.0,30.0,1.0,1.0,3.0,4.0,26.4,1,13074,13074,13074,425,1603,1596,4675,5299,22292,25429,20169,4541,2692,17214,17641,2748,7672,1.0,41:19,2015,2016
2015-16,1626245,Cristiano Felicio,Cristiano,1610612741,CHI,Chicago Bulls,21501016,2016-03-17T00:00:00,CHI vs. BKN,W,20.5,0.0,0.0,2.0,2.0,2.0,8.0,6.0,14.0,2.0,0.0,1.0,1.0,31.5,1,1,1,1,15462,12059,10158,4675,12984,2619,17345,13388,17019,932,1,4972,12373,5180,1.0,20:32,2015,2016
2015-16,202688,Brandon Knight,Brandon,1610612756,PHX,Phoenix Suns,21501019,2016-03-17T00:00:00,PHX @ UTA,L,32.7,6.0,0.0,2.0,2.0,15.0,9.0,10.0,36.0,1.0,1.0,0.0,4.0,26.6,1,13074,13074,13074,5384,878,10158,4675,12984,23079,19144,20169,1943,2692,17214,1,2748,7566,1.0,32:39,2015,2016
2015-16,1627293,Alex Stepheson,Alex,1610612763,MEM,Memphis Grizzlies,21501017,2016-03-17T00:00:00,MEM @ MIL,L,11.3,0.0,2.0,0.0,4.0,8.0,4.0,8.0,16.0,1.0,1.0,1.0,0.0,11.8,1,13074,13074,13074,21915,12059,4731,9917,8599,13914,8458,17194,15259,2692,17214,4972,18762,17832,1.0,11:16,2015,2016
2015-16,2399,Mike Dunleavy,Mike,1610612741,CHI,Chicago Bulls,21501016,2016-03-17T00:00:00,CHI vs. BKN,W,19.9,0.0,0.0,0.0,0.0,10.0,6.0,2.0,30.0,1.0,0.0,1.0,0.0,15.8,1,1,1,1,16030,12059,10158,9917,18861,17370,13237,4025,4541,2692,1,4972,18762,14754,1.0,19:51,2015,2016
2015-16,2736,Luol Deng,Luol,1610612748,MIA,Miami Heat,21501014,2016-03-17T00:00:00,MIA vs. CHA,L,34.9,4.0,4.0,2.0,8.0,7.0,7.0,6.0,20.0,1.0,0.0,4.0,4.0,40.3,1,13074,13074,13074,3623,2460,1596,4675,3109,12242,15642,13388,11929,2692,1,22104,2748,2302,1.0,34:53,2015,2016
2015-16,201941,Jordan Hill,Jordan,1610612754,IND,Indiana Pacers,21501012,2016-03-17T00:00:00,IND vs. TOR,L,37.4,3.0,7.0,0.0,10.0,12.0,18.0,10.0,28.0,3.0,0.0,3.0,1.0,26.2,1,13074,13074,13074,1854,4307,292,9917,1840,20178,25634,20169,5824,347,1,17641,12373,7785,1.0,37:23,2015,2016
2015-16,203114,Khris Middleton,Khris,1610612749,MIL,Milwaukee Bucks,21501017,2016-03-17T00:00:00,MIL vs. MEM,W,29.7,0.0,0.0,0.0,4.0,11.0,10.0,7.0,40.0,1.0,1.0,3.0,0.0,20.2,1,1,1,1,7809,12059,10158,9917,8599,18886,20509,15538,983,2692,17214,17641,18762,11610,1.0,29:42,2015,2016
2015-16,203118,Mike Scott,Mike,1610612737,ATL,Atlanta Hawks,21501015,2016-03-17T00:00:00,ATL vs. DEN,W,20.3,0.0,0.0,0.0,2.0,6.0,7.0,2.0,16.0,0.0,0.0,3.0,2.0,15.6,1,1,1,1,15654,12059,10158,9917,12984,10028,15642,4025,15259,8004,1,17641,7786,14916,1.0,20:17,2015,2016
2015-16,203210,JaMychal Green,JaMychal,1610612763,MEM,Memphis Grizzlies,21501017,2016-03-17T00:00:00,MEM @ MIL,L,36.8,0.0,4.0,2.0,10.0,7.0,5.0,10.0,40.0,1.0,2.0,2.0,1.0,27.2,1,13074,13074,13074,2190,12059,1596,4675,1840,12242,11469,20169,983,2692,23588,11390,12373,7289,1.0,36:50,2015,2016
2015-16,2755,Kevin Martin,Kevin,1610612759,SAS,San Antonio Spurs,21501018,2016-03-17T00:00:00,SAS vs. POR,W,21.3,3.0,0.0,2.0,4.0,6.0,7.0,9.0,14.0,0.0,1.0,2.0,2.0,20.3,1,1,1,1,14819,4307,10158,4675,8599,10028,15642,18829,17019,8004,17214,11390,7786,11534,1.0,21:16,2015,2016
2015-16,1626159,Justise Winslow,Justise,1610612748,MIA,Miami Heat,21501014,2016-03-17T00:00:00,MIA vs. CHA,L,31.3,0.0,1.0,0.0,2.0,6.0,7.0,0.0,20.0,2.0,0.0,1.0,1.0,20.1,1,13074,13074,13074,6435,12059,9709,9917,12984,10028,15642,1,11929,932,1,4972,12373,11685,1.0,31:20,2015,2016
2015-16,202397,Ish Smith,Ish,1610612755,PHI,Philadelphia 76ers,21501013,2016-03-17T00:00:00,PHI vs. WAS,L,39.3,8.0,0.0,7.0,8.0,11.0,7.0,15.0,28.0,0.0,0.0,1.0,0.0,40.9,1,13074,13074,13074,966,308,10158,454,3109,18886,15642,24242,5824,8004,1,4972,18762,2166,1.0,39:15,2015,2016
2015-16,2449,Luis Scola,Luis,1610612761,TOR,Toronto Raptors,21501012,2016-03-17T00:00:00,TOR @ IND,W,20.0,4.0,0.0,2.0,6.0,9.0,3.0,2.0,14.0,0.0,0.0,2.0,2.0,11.9,1,1,1,1,15906,2460,10158,4675,5299,15771,7138,4025,17019,8004,1,11390,7786,17760,1.0,20:00,2015,2016
2015-16,201942,DeMar DeRozan,DeMar,1610612761,TOR,Toronto Raptors,21501012,2016-03-17T00:00:00,TOR @ IND,W,44.0,6.0,5.0,0.0,10.0,20.0,18.0,4.0,34.0,1.0,2.0,2.0,9.0,40.5,1,1,1,1,128,878,995,9917,1840,25338,25634,8806,2701,2692,23588,11390,138,2257,1.0,44:01,2015,2016
2015-16,203926,Doug McDermott,Doug,1610612741,CHI,Chicago Bulls,21501016,2016-03-17T00:00:00,CHI vs. BKN,W,28.5,7.0,8.0,0.0,4.0,4.0,8.0,10.0,20.0,0.0,0.0,1.0,2.0,30.1,1,1,1,1,8836,548,137,9917,8599,6141,17345,20169,11929,8004,1,4972,7786,5794,1.0,28:30,2015,2016
2015-16,203524,Solomon Hill,Solomon,1610612754,IND,Indiana Pacers,21501012,2016-03-17T00:00:00,IND vs. TOR,L,33.2,2.0,2.0,0.0,4.0,11.0,18.0,2.0,20.0,0.0,0.0,5.0,1.0,26.4,1,13074,13074,13074,4984,6026,4731,9917,8599,18886,25634,4025,11929,8004,1,24686,12373,7672,1.0,33:10,2015,2016
2015-16,1626167,Myles Turner,Myles,1610612754,IND,Indiana Pacers,21501012,2016-03-17T00:00:00,IND vs. TOR,L,18.2,0.0,0.0,0.0,6.0,3.0,7.0,0.0,14.0,0.0,0.0,5.0,2.0,20.5,1,13074,13074,13074,17345,12059,10158,9917,5299,5109,15642,1,17019,8004,1,24686,7786,11401,1.0,18:12,2015,2016
2015-16,203477,Isaiah Canaan,Isaiah,1610612755,PHI,Philadelphia 76ers,21501013,2016-03-17T00:00:00,PHI vs. WAS,L,33.8,7.0,2.0,4.0,4.0,11.0,4.0,15.0,24.0,0.0,0.0,2.0,3.0,26.8,1,13074,13074,13074,4501,548,4731,1913,8599,18886,8458,24242,8723,8004,1,11390,4736,7486,1.0,33:49,2015,2016
2015-16,2754,Tony Allen,Tony,1610612763,MEM,Memphis Grizzlies,21501017,2016-03-17T00:00:00,MEM @ MIL,L,33.9,2.0,0.0,2.0,10.0,7.0,5.0,8.0,40.0,0.0,2.0,4.0,2.0,26.8,1,13074,13074,13074,4451,6026,10158,4675,1840,12242,11469,17194,983,8004,23588,22104,7786,7486,1.0,33:53,2015,2016
2015-16,201952,Jeff Teague,Jeff,1610612737,ATL,Atlanta Hawks,21501015,2016-03-17T00:00:00,ATL vs. DEN,W,26.5,3.0,2.0,3.0,6.0,12.0,4.0,8.0,24.0,0.0,2.0,2.0,1.0,31.6,1,1,1,1,10422,4307,4731,3302,5299,20178,8458,17194,8723,8004,23588,11390,12373,5130,1.0,26:32,2015,2016
2015-16,203996,Damien Inglis,Damien,1610612749,MIL,Milwaukee Bucks,21501017,2016-03-17T00:00:00,MIL vs. MEM,W,21.6,6.0,0.0,8.0,6.0,6.0,10.0,0.0,18.0,3.0,0.0,0.0,4.0,28.0,1,1,1,1,14555,878,10158,280,5299,10028,20509,1,13577,347,1,1,2748,6864,1.0,21:33,2015,2016
2015-16,203486,Mason Plumlee,Mason,1610612757,POR,Portland Trail Blazers,21501018,2016-03-17T00:00:00,POR @ SAS,L,28.4,4.0,2.0,2.0,6.0,10.0,2.0,6.0,24.0,0.0,3.0,4.0,5.0,32.1,1,13074,13074,13074,8879,2460,4731,4675,5299,17370,3734,13388,8723,8004,25441,22104,1539,4889,1.0,28:26,2015,2016
2015-16,203530,Joffrey Lauvergne,Joffrey,1610612743,DEN,Denver Nuggets,21501015,2016-03-17T00:00:00,DEN @ ATL,L,30.4,4.0,4.0,2.0,10.0,5.0,6.0,8.0,22.0,1.0,0.0,0.0,2.0,27.7,1,13074,13074,13074,7166,2460,1596,4675,1840,8403,13237,17194,10265,2692,1,1,7786,7008,1.0,30:25,2015,2016
2015-16,201587,Nicolas Batum,Nicolas,1610612766,CHA,Charlotte Hornets,21501014,2016-03-17T00:00:00,CHA @ MIA,W,38.5,8.0,3.0,0.0,0.0,11.0,11.0,6.0,40.0,0.0,3.0,1.0,2.0,32.5,1,1,1,1,1289,308,3104,9917,18861,18886,21814,13388,983,8004,25441,4972,7786,4726,1.0,38:28,2015,2016
2015-16,202328,Greg Monroe,Greg,1610612749,MIL,Milwaukee Bucks,21501017,2016-03-17T00:00:00,MIL vs. MEM,W,26.6,1.0,0.0,0.0,10.0,9.0,6.0,5.0,36.0,1.0,0.0,0.0,5.0,28.0,1,1,1,1,10393,11535,10158,9917,1840,15771,13237,11593,1943,2692,1,1,1539,6864,1.0,26:34,2015,2016
2015-16,202720,Jon Leuer,Jon,1610612756,PHX,Phoenix Suns,21501019,2016-03-17T00:00:00,PHX @ UTA,L,17.6,2.0,5.0,0.0,8.0,13.0,6.0,4.0,12.0,0.0,0.0,0.0,3.0,28.6,1,13074,13074,13074,17824,6026,995,9917,3109,21300,13237,8806,18637,8004,1,1,4736,6560,1.0,17:36,2015,2016
2015-16,202711,Bojan Bogdanović,Bojan,1610612751,BKN,Brooklyn Nets,21501016,2016-03-17T00:00:00,BKN @ CHI,L,28.7,2.0,2.0,2.0,10.0,0.0,8.0,9.0,26.0,0.0,4.0,4.0,3.0,39.1,1,13074,13074,13074,8616,6026,4731,4675,1840,1,17345,18829,7214,8004,25926,22104,4736,2616,1.0,28:44,2015,2016
2015-16,202710,Jimmy Butler III,Jimmy,1610612741,CHI,Chicago Bulls,21501016,2016-03-17T00:00:00,CHI vs. BKN,W,31.7,0.0,4.0,2.0,10.0,8.0,10.0,6.0,32.0,0.0,1.0,1.0,8.0,38.1,1,1,1,1,6183,12059,1596,4675,1840,13914,20509,13388,3535,8004,17214,4972,254,2879,1.0,31:39,2015,2016
2015-16,203930,Sean Kilpatrick,Sean,1610612751,BKN,Brooklyn Nets,21501016,2016-03-17T00:00:00,BKN @ CHI,L,20.8,2.0,0.0,2.0,4.0,9.0,12.0,6.0,26.0,0.0,0.0,1.0,4.0,17.7,1,13074,13074,13074,15221,6026,10158,4675,8599,15771,22832,13388,7214,8004,1,4972,2748,13380,1.0,20:49,2015,2016
2015-16,1626181,Norman Powell,Norman,1610612761,TOR,Toronto Raptors,21501012,2016-03-17T00:00:00,TOR @ IND,W,20.2,0.0,2.0,2.0,4.0,5.0,2.0,1.0,14.0,0.0,1.0,3.0,0.0,13.5,1,1,1,1,15713,12059,4731,4675,8599,8403,3734,3646,17019,8004,17214,17641,18762,16552,1.0,20:13,2015,2016
2015-16,201945,Gerald Henderson,Gerald,1610612757,POR,Portland Trail Blazers,21501018,2016-03-17T00:00:00,POR @ SAS,L,24.7,2.0,0.0,2.0,2.0,3.0,2.0,7.0,16.0,0.0,0.0,4.0,2.0,13.8,1,13074,13074,13074,11912,6026,10158,4675,12984,5109,3734,15538,15259,8004,1,22104,7786,16311,1.0,24:43,2015,2016
2015-16,202355,Hassan Whiteside,Hassan,1610612748,MIA,Miami Heat,21501014,2016-03-17T00:00:00,MIA vs. CHA,L,27.2,2.0,4.0,0.0,10.0,3.0,7.0,0.0,18.0,1.0,0.0,3.0,4.0,28.4,1,13074,13074,13074,9821,6026,1596,9917,1840,5109,15642,1,13577,2692,1,17641,2748,6663,1.0,27:14,2015,2016
2015-16,202329,Al-Farouq Aminu,Al-Farouq,1610612757,POR,Portland Trail Blazers,21501018,2016-03-17T00:00:00,POR @ SAS,L,26.6,0.0,3.0,0.0,2.0,12.0,0.0,6.0,26.0,1.0,2.0,1.0,0.0,22.2,1,13074,13074,13074,10338,12059,3104,9917,12984,20178,1,13388,7214,2692,23588,4972,18762,10263,1.0,26:38,2015,2016
2015-16,203999,Nikola Jokić,Nikola,1610612743,DEN,Denver Nuggets,21501015,2016-03-17T00:00:00,DEN @ ATL,L,22.1,0.0,2.0,0.0,6.0,8.0,3.0,6.0,20.0,1.0,2.0,2.0,0.0,22.0,1,13074,13074,13074,14084,12059,4731,9917,5299,13914,7138,13388,11929,2692,23588,11390,18762,10388,1.0,22:06,2015,2016
2015-16,203471,Dennis Schröder,Dennis,1610612737,ATL,Atlanta Hawks,21501015,2016-03-17T00:00:00,ATL vs. DEN,W,18.9,3.0,3.0,0.0,6.0,6.0,15.0,0.0,22.0,0.0,1.0,1.0,2.0,17.1,1,1,1,1,16777,4307,3104,9917,5299,10028,24781,1,10265,8004,17214,4972,7786,13791,1.0,18:54,2015,2016
2015-16,101162,Marcin Gortat,Marcin,1610612764,WAS,Washington Wizards,21501013,2016-03-17T00:00:00,WAS @ PHI,W,34.0,2.0,0.0,4.0,14.0,22.0,12.0,14.0,28.0,0.0,1.0,2.0,4.0,28.6,1,1,1,1,4383,6026,10158,1913,542,25683,22832,23710,5824,8004,17214,11390,2748,6560,1.0,33:57,2015,2016
2015-16,203501,Tim Hardaway Jr.,Tim,1610612737,ATL,Atlanta Hawks,21501015,2016-03-17T00:00:00,ATL vs. DEN,W,29.6,5.0,0.0,7.0,4.0,14.0,8.0,8.0,28.0,0.0,0.0,0.0,4.0,38.4,1,1,1,1,7908,1603,10158,454,8599,22292,17345,17194,5824,8004,1,1,2748,2802,1.0,29:34,2015,2016
2015-16,201609,Goran Dragic,Goran,1610612748,MIA,Miami Heat,21501014,2016-03-17T00:00:00,MIA vs. CHA,L,36.1,6.0,0.0,6.0,16.0,10.0,12.0,6.0,22.0,0.0,0.0,1.0,0.0,38.4,1,13074,13074,13074,2694,878,10158,740,275,17370,22832,13388,10265,8004,1,4972,18762,2802,1.0,36:05,2015,2016
2015-16,2548,Dwyane Wade,Dwyane,1610612748,MIA,Miami Heat,21501014,2016-03-17T00:00:00,MIA vs. CHA,L,31.0,0.0,0.0,0.0,6.0,13.0,8.0,6.0,12.0,2.0,0.0,1.0,4.0,22.1,1,13074,13074,13074,6760,12059,10158,9917,5299,21300,17345,13388,18637,932,1,4972,2748,10332,1.0,30:57,2015,2016
2015-16,201584,Courtney Lee,Courtney,1610612766,CHA,Charlotte Hornets,21501014,2016-03-17T00:00:00,CHA @ MIA,W,37.1,0.0,0.0,3.0,0.0,15.0,13.0,10.0,48.0,0.0,1.0,4.0,3.0,17.1,1,1,1,1,2040,12059,10158,3302,18861,23079,23668,20169,192,8004,17214,22104,4736,13791,1.0,37:04,2015,2016
2015-16,2743,Kris Humphries,Kris,1610612737,ATL,Atlanta Hawks,21501015,2016-03-17T00:00:00,ATL vs. DEN,W,17.1,3.0,3.0,0.0,6.0,8.0,10.0,0.0,20.0,0.0,0.0,5.0,3.0,13.6,1,1,1,1,18172,4307,3104,9917,5299,13914,20509,1,11929,8004,1,24686,4736,16460,1.0,17:09,2015,2016
2015-16,201155,Rodney Stuckey,Rodney,1610612754,IND,Indiana Pacers,21501012,2016-03-17T00:00:00,IND vs. TOR,L,17.0,0.0,0.0,0.0,0.0,5.0,11.0,0.0,8.0,0.0,1.0,1.0,2.0,13.7,1,13074,13074,13074,18252,12059,10158,9917,18861,8403,21814,1,21543,8004,17214,4972,7786,16393,1.0,17:02,2015,2016
2015-16,202714,Shelvin Mack,Shelvin,1610612762,UTA,Utah Jazz,21501019,2016-03-17T00:00:00,UTA vs. PHX,W,29.0,2.0,0.0,0.0,8.0,7.0,8.0,0.0,10.0,0.0,1.0,2.0,2.0,37.6,1,1,1,1,8373,6026,10158,9917,3109,12242,17345,1,20209,8004,17214,11390,7786,3018,1.0,29:00,2015,2016
2015-16,200757,Thabo Sefolosha,Thabo,1610612737,ATL,Atlanta Hawks,21501015,2016-03-17T00:00:00,ATL vs. DEN,W,24.9,0.0,0.0,2.0,4.0,10.0,14.0,2.0,28.0,0.0,1.0,3.0,1.0,22.6,1,1,1,1,11773,12059,10158,4675,8599,17370,24300,4025,5824,8004,17214,17641,12373,10000,1.0,24:53,2015,2016
2015-16,204060,Joe Ingles,Joe,1610612762,UTA,Utah Jazz,21501019,2016-03-17T00:00:00,UTA vs. PHX,W,27.3,4.0,3.0,2.0,2.0,10.0,8.0,0.0,12.0,0.0,0.0,1.0,0.0,38.8,1,1,1,1,9794,2460,3104,4675,12984,17370,17345,1,18637,8004,1,4972,18762,2692,1.0,27:16,2015,2016
2015-16,203924,Jerami Grant,Jerami,1610612755,PHI,Philadelphia 76ers,21501013,2016-03-17T00:00:00,PHI vs. WAS,L,29.8,4.0,2.0,4.0,4.0,13.0,5.0,12.0,20.0,3.0,0.0,2.0,8.0,28.0,1,13074,13074,13074,7761,2460,4731,1913,8599,21300,11469,22259,11929,347,1,11390,254,6864,1.0,29:45,2015,2016
2015-16,201988,Patty Mills,Patty,1610612759,SAS,San Antonio Spurs,21501018,2016-03-17T00:00:00,SAS vs. POR,W,21.0,0.0,2.0,0.0,2.0,2.0,9.0,4.0,16.0,0.0,2.0,2.0,1.0,22.4,1,1,1,1,15069,12059,4731,9917,12984,2619,19144,8806,15259,8004,23588,11390,12373,10131,1.0,20:59,2015,2016
2015-16,1626171,Bobby Portis,Bobby,1610612741,CHI,Chicago Bulls,21501016,2016-03-17T00:00:00,CHI vs. BKN,W,27.7,2.0,2.0,4.0,10.0,4.0,8.0,10.0,20.0,1.0,1.0,2.0,1.0,32.3,1,1,1,1,9495,6026,4731,1913,1840,6141,17345,20169,11929,2692,17214,11390,12373,4807,1.0,27:40,2015,2016
2015-16,203089,John Henson,John,1610612749,MIL,Milwaukee Bucks,21501017,2016-03-17T00:00:00,MIL vs. MEM,W,14.4,0.0,0.0,0.0,2.0,4.0,6.0,0.0,10.0,4.0,0.0,1.0,1.0,22.4,1,1,1,1,20174,12059,10158,9917,12984,6141,13237,1,20209,132,1,4972,12373,10131,1.0,14:24,2015,2016
2015-16,203953,Jabari Parker,Jabari,1610612749,MIL,Milwaukee Bucks,21501017,2016-03-17T00:00:00,MIL vs. MEM,W,27.6,0.0,0.0,0.0,2.0,9.0,6.0,7.0,38.0,1.0,0.0,1.0,1.0,13.6,1,1,1,1,9560,12059,10158,9917,12984,15771,13237,15538,1422,2692,1,4972,12373,16460,1.0,27:34,2015,2016
2015-16,203490,Otto Porter Jr.,Otto,1610612764,WAS,Washington Wizards,21501013,2016-03-17T00:00:00,WAS @ PHI,W,33.2,3.0,0.0,0.0,0.0,22.0,10.0,21.0,36.0,0.0,0.0,2.0,1.0,28.5,1,1,1,1,4940,4307,10158,9917,18861,25683,20509,25725,1943,8004,1,11390,12373,6613,1.0,33:15,2015,2016
2015-16,201143,Al Horford,Al,1610612737,ATL,Atlanta Hawks,21501015,2016-03-17T00:00:00,ATL vs. DEN,W,28.7,0.0,0.0,0.0,6.0,10.0,9.0,6.0,24.0,3.0,0.0,2.0,1.0,28.1,1,1,1,1,8618,12059,10158,9917,5299,17370,19144,13388,8723,347,1,11390,12373,6818,1.0,28:43,2015,2016
2015-16,202331,Paul George,Paul,1610612754,IND,Indiana Pacers,21501012,2016-03-17T00:00:00,IND vs. TOR,L,42.2,5.0,2.0,0.0,6.0,14.0,21.0,10.0,34.0,1.0,3.0,4.0,7.0,39.8,1,13074,13074,13074,281,1603,4731,9917,5299,22292,25962,20169,2701,2692,25441,22104,469,2422,1.0,42:13,2015,2016
2015-16,202066,Garrett Temple,Garrett,1610612764,WAS,Washington Wizards,21501013,2016-03-17T00:00:00,WAS @ PHI,W,40.4,4.0,0.0,4.0,4.0,27.0,12.0,18.0,30.0,1.0,1.0,1.0,1.0,22.6,1,1,1,1,627,2460,10158,1913,8599,26014,22832,25228,4541,2692,17214,4972,12373,10000,1.0,40:23,2015,2016
2015-16,202689,Kemba Walker,Kemba,1610612766,CHA,Charlotte Hornets,21501014,2016-03-17T00:00:00,CHA @ MIA,W,42.7,3.0,3.0,3.0,4.0,11.0,10.0,4.0,46.0,0.0,1.0,4.0,6.0,38.9,1,1,1,1,225,4307,3104,3302,8599,18886,20509,8806,298,8004,17214,22104,873,2667,1.0,42:44,2015,2016
2015-16,202693,Markieff Morris,Markieff,1610612764,WAS,Washington Wizards,21501013,2016-03-17T00:00:00,WAS @ PHI,W,25.7,2.0,0.0,4.0,6.0,20.0,6.0,11.0,22.0,0.0,0.0,2.0,2.0,17.6,1,1,1,1,11135,6026,10158,1913,5299,25338,13237,21342,10265,8004,1,11390,7786,13443,1.0,25:40,2015,2016
2015-16,201980,Danny Green,Danny,1610612759,SAS,San Antonio Spurs,21501018,2016-03-17T00:00:00,SAS vs. POR,W,24.0,2.0,0.0,2.0,2.0,2.0,13.0,5.0,14.0,3.0,0.0,3.0,1.0,32.5,1,1,1,1,12601,6026,10158,4675,12984,2619,23668,11593,17019,347,1,17641,12373,4726,1.0,23:58,2015,2016
2015-16,203457,Nerlens Noel,Nerlens,1610612755,PHI,Philadelphia 76ers,21501013,2016-03-17T00:00:00,PHI vs. WAS,L,34.7,6.0,4.0,0.0,12.0,9.0,4.0,11.0,16.0,0.0,0.0,4.0,2.0,55.2,1,13074,13074,13074,3762,878,1596,9917,988,15771,8458,21342,15259,8004,1,22104,7786,387,1.0,34:43,2015,2016
2015-16,203507,Giannis Antetokounmpo,Giannis,1610612749,MIL,Milwaukee Bucks,21501017,2016-03-17T00:00:00,MIL vs. MEM,W,29.9,2.0,4.0,7.0,12.0,11.0,10.0,5.0,40.0,3.0,0.0,2.0,2.0,47.7,1,1,1,1,7636,6026,1596,454,988,18886,20509,11593,983,347,1,11390,7786,989,1.0,29:53,2015,2016
2015-16,201959,Taj Gibson,Taj,1610612741,CHI,Chicago Bulls,21501016,2016-03-17T00:00:00,CHI vs. BKN,W,27.1,0.0,2.0,2.0,10.0,12.0,6.0,6.0,36.0,2.0,1.0,2.0,1.0,29.2,1,1,1,1,9909,12059,4731,4675,1840,20178,13237,13388,1943,932,17214,11390,12373,6243,1.0,27:08,2015,2016
2015-16,203468,CJ McCollum,CJ,1610612757,POR,Portland Trail Blazers,21501018,2016-03-17T00:00:00,POR @ SAS,L,39.1,0.0,0.0,11.0,8.0,11.0,6.0,9.0,36.0,2.0,3.0,1.0,3.0,43.4,1,13074,13074,13074,1046,12059,10158,69,3109,18886,13237,18829,1943,932,25441,4972,4736,1662,1.0,39:04,2015,2016
2015-16,201571,D.J. Augustin,D.J.,1610612743,DEN,Denver Nuggets,21501015,2016-03-17T00:00:00,DEN @ ATL,L,28.8,0.0,3.0,0.0,6.0,8.0,9.0,8.0,20.0,1.0,0.0,4.0,3.0,29.7,1,13074,13074,13074,8534,12059,3104,9917,5299,13914,19144,17194,11929,2692,1,22104,4736,6006,1.0,28:48,2015,2016
2015-16,203504,Trey Burke,Trey,1610612762,UTA,Utah Jazz,21501019,2016-03-17T00:00:00,UTA vs. PHX,W,11.6,3.0,0.0,0.0,0.0,4.0,5.0,2.0,10.0,0.0,0.0,3.0,0.0,7.4,1,1,1,1,21767,4307,10158,9917,18861,6141,11469,4025,20209,8004,1,17641,18762,20912,1.0,11:37,2015,2016
2015-16,201977,Marcus Thornton,Marcus,1610612764,WAS,Washington Wizards,21501013,2016-03-17T00:00:00,WAS @ PHI,W,21.7,0.0,3.0,8.0,4.0,10.0,8.0,12.0,18.0,0.0,0.0,3.0,2.0,24.0,1,1,1,1,14436,12059,3104,280,8599,17370,17345,22259,13577,8004,1,17641,7786,9121,1.0,21:42,2015,2016
2015-16,200794,Paul Millsap,Paul,1610612737,ATL,Atlanta Hawks,21501015,2016-03-17T00:00:00,ATL vs. DEN,W,29.4,0.0,0.0,0.0,4.0,12.0,12.0,8.0,32.0,4.0,0.0,0.0,5.0,44.2,1,1,1,1,8078,12059,10158,9917,8599,20178,22832,17194,3535,132,1,1,1539,1515,1.0,29:22,2015,2016
2015-16,2225,Tony Parker,Tony,1610612759,SAS,San Antonio Spurs,21501018,2016-03-17T00:00:00,SAS vs. POR,W,27.0,0.0,0.0,2.0,8.0,6.0,15.0,13.0,20.0,0.0,2.0,1.0,2.0,47.2,1,1,1,1,9996,12059,10158,4675,3109,10028,24781,23048,11929,8004,23588,4972,7786,1051,1.0,27:01,2015,2016
2015-16,101145,Monta Ellis,Monta,1610612754,IND,Indiana Pacers,21501012,2016-03-17T00:00:00,IND vs. TOR,L,42.8,3.0,0.0,2.0,0.0,14.0,19.0,10.0,34.0,0.0,0.0,3.0,2.0,36.9,1,13074,13074,13074,222,4307,10158,4675,18861,22292,25786,20169,2701,8004,1,17641,7786,3210,1.0,42:47,2015,2016
2015-16,200768,Kyle Lowry,Kyle,1610612761,TOR,Toronto Raptors,21501012,2016-03-17T00:00:00,TOR @ IND,W,43.4,0.0,3.0,6.0,4.0,11.0,8.0,5.0,22.0,0.0,2.0,3.0,8.0,44.6,1,1,1,1,174,12059,3104,740,8599,18886,17345,11593,10265,8004,23588,17641,254,1438,1.0,43:24,2015,2016
2015-16,1626168,Trey Lyles,Trey,1610612762,UTA,Utah Jazz,21501019,2016-03-17T00:00:00,UTA vs. PHX,W,19.3,2.0,0.0,2.0,4.0,4.0,7.0,2.0,12.0,0.0,0.0,1.0,3.0,24.9,1,1,1,1,16436,6026,10158,4675,8599,6141,15642,4025,18637,8004,1,4972,4736,8553,1.0,19:20,2015,2016
2015-16,202322,John Wall,John,1610612764,WAS,Washington Wizards,21501013,2016-03-17T00:00:00,WAS @ PHI,W,36.6,0.0,2.0,0.0,0.0,25.0,12.0,16.0,32.0,0.0,0.0,3.0,5.0,49.6,1,1,1,1,2316,12059,4731,9917,18861,25944,22832,24641,3535,8004,1,17641,1539,798,1.0,36:38,2015,2016
2015-16,203458,Alex Len,Alex,1610612756,PHX,Phoenix Suns,21501019,2016-03-17T00:00:00,PHX @ UTA,L,30.4,0.0,0.0,0.0,6.0,13.0,9.0,8.0,36.0,0.0,1.0,1.0,3.0,24.4,1,13074,13074,13074,7177,12059,10158,9917,5299,21300,19144,17194,1943,8004,17214,4972,4736,8867,1.0,30:24,2015,2016
2015-16,200746,LaMarcus Aldridge,LaMarcus,1610612759,SAS,San Antonio Spurs,21501018,2016-03-17T00:00:00,SAS vs. POR,W,26.3,2.0,0.0,0.0,6.0,4.0,17.0,10.0,22.0,1.0,0.0,2.0,4.0,35.7,1,1,1,1,10613,6026,10158,9917,5299,6141,25429,20169,10265,2692,1,11390,2748,3578,1.0,26:17,2015,2016
2015-16,203081,Damian Lillard,Damian,1610612757,POR,Portland Trail Blazers,21501018,2016-03-17T00:00:00,POR @ SAS,L,39.9,0.0,9.0,0.0,8.0,10.0,2.0,9.0,32.0,1.0,2.0,4.0,6.0,36.6,1,13074,13074,13074,748,12059,77,9917,3109,17370,3734,18829,3535,2692,23588,22104,873,3288,1.0,39:56,2015,2016
2015-16,203141,Mirza Teletovic,Mirza,1610612756,PHX,Phoenix Suns,21501019,2016-03-17T00:00:00,PHX @ UTA,L,22.4,0.0,0.0,0.0,0.0,9.0,8.0,4.0,20.0,0.0,0.0,1.0,1.0,7.4,1,13074,13074,13074,13857,12059,10158,9917,18861,15771,17345,8806,11929,8004,1,4972,12373,20912,1.0,22:22,2015,2016
2015-16,202687,Bismack Biyombo,Bismack,1610612761,TOR,Toronto Raptors,21501012,2016-03-17T00:00:00,TOR @ IND,W,42.2,5.0,12.0,0.0,10.0,11.0,8.0,2.0,20.0,2.0,0.0,2.0,7.0,52.0,1,1,1,1,282,1603,6,9917,1840,18886,17345,4025,11929,932,1,11390,469,571,1.0,42:12,2015,2016
2015-16,202362,Lance Stephenson,Lance,1610612763,MEM,Memphis Grizzlies,21501017,2016-03-17T00:00:00,MEM @ MIL,L,38.5,4.0,2.0,0.0,10.0,7.0,5.0,10.0,42.0,0.0,4.0,4.0,3.0,36.4,1,13074,13074,13074,1289,2460,4731,9917,1840,12242,11469,20169,670,8004,25926,22104,4736,3353,1.0,38:28,2015,2016
2015-16,2744,Al Jefferson,Al,1610612766,CHA,Charlotte Hornets,21501014,2016-03-17T00:00:00,CHA @ MIA,W,26.9,0.0,2.0,0.0,10.0,8.0,9.0,6.0,28.0,0.0,0.0,2.0,2.0,36.5,1,1,1,1,10139,12059,4731,9917,1840,13914,19144,13388,5824,8004,1,11390,7786,3326,1.0,26:51,2015,2016
2015-16,201152,Thaddeus Young,Thaddeus,1610612751,BKN,Brooklyn Nets,21501016,2016-03-17T00:00:00,BKN @ CHI,L,30.9,2.0,4.0,0.0,12.0,0.0,6.0,11.0,28.0,2.0,1.0,2.0,1.0,46.3,1,13074,13074,13074,6803,6026,1596,9917,988,1,13237,21342,5824,932,17214,11390,12373,1168,1.0,30:54,2015,2016
2015-16,203101,Miles Plumlee,Miles,1610612749,MIL,Milwaukee Bucks,21501017,2016-03-17T00:00:00,MIL vs. MEM,W,21.4,0.0,3.0,0.0,8.0,6.0,10.0,2.0,18.0,3.0,0.0,2.0,1.0,29.9,1,1,1,1,14657,12059,3104,9917,3109,10028,20509,4025,13577,347,1,11390,12373,5884,1.0,21:26,2015,2016
2015-16,202324,Derrick Favors,Derrick,1610612762,UTA,Utah Jazz,21501019,2016-03-17T00:00:00,UTA vs. PHX,W,26.6,4.0,0.0,0.0,6.0,7.0,11.0,2.0,16.0,1.0,0.0,3.0,1.0,26.0,1,1,1,1,10411,2460,10158,9917,5299,12242,21814,4025,15259,2692,1,17641,12373,7910,1.0,26:33,2015,2016
2015-16,202334,Ed Davis,Ed,1610612757,POR,Portland Trail Blazers,21501018,2016-03-17T00:00:00,POR @ SAS,L,17.3,0.0,0.0,0.0,2.0,3.0,4.0,5.0,16.0,0.0,0.0,0.0,5.0,23.3,1,13074,13074,13074,18058,12059,10158,9917,12984,5109,8458,11593,15259,8004,1,1,1539,9567,1.0,17:18,2015,2016
2015-16,202344,Trevor Booker,Trevor,1610612762,UTA,Utah Jazz,21501019,2016-03-17T00:00:00,UTA vs. PHX,W,14.8,6.0,0.0,4.0,8.0,5.0,3.0,2.0,8.0,0.0,0.0,1.0,0.0,18.8,1,1,1,1,19927,878,10158,1913,3109,8403,7138,4025,21543,8004,1,4972,18762,12588,1.0,14:45,2015,2016
2015-16,203187,Chris Johnson,Chris,1610612762,UTA,Utah Jazz,21501019,2016-03-17T00:00:00,UTA vs. PHX,W,20.8,0.0,3.0,0.0,0.0,2.0,8.0,4.0,10.0,1.0,0.0,1.0,1.0,14.3,1,1,1,1,15223,12059,3104,9917,18861,2619,17345,8806,20209,2692,1,4972,12373,15948,1.0,20:48,2015,2016
2015-16,203499,Shane Larkin,Shane,1610612751,BKN,Brooklyn Nets,21501016,2016-03-17T00:00:00,BKN @ CHI,L,18.1,0.0,0.0,2.0,2.0,9.0,12.0,6.0,20.0,0.0,1.0,0.0,2.0,10.4,1,13074,13074,13074,17402,12059,10158,4675,12984,15771,22832,13388,11929,8004,17214,1,7786,18859,1.0,18:08,2015,2016
2015-16,201196,Ramon Sessions,Ramon,1610612764,WAS,Washington Wizards,21501013,2016-03-17T00:00:00,WAS @ PHI,W,18.1,2.0,0.0,0.0,4.0,8.0,4.0,9.0,22.0,0.0,1.0,0.0,2.0,18.8,1,1,1,1,17461,6026,10158,9917,8599,13914,8458,18829,10265,8004,17214,1,7786,12588,1.0,18:05,2015,2016
2015-16,1626196,Josh Richardson,Josh,1610612748,MIA,Miami Heat,21501014,2016-03-17T00:00:00,MIA vs. CHA,L,24.5,0.0,0.0,2.0,8.0,3.0,2.0,0.0,12.0,1.0,0.0,5.0,4.0,25.3,1,13074,13074,13074,12076,12059,10158,4675,3109,5109,3734,1,18637,2692,1,24686,2748,8340,1.0,24:33,2015,2016
2015-16,203508,Sergey Karasev,Sergey,1610612751,BKN,Brooklyn Nets,21501016,2016-03-17T00:00:00,BKN @ CHI,L,31.8,3.0,2.0,2.0,2.0,0.0,8.0,9.0,34.0,0.0,0.0,2.0,1.0,23.5,1,13074,13074,13074,6045,4307,4731,4675,12984,1,17345,18829,2701,8004,1,11390,12373,9452,1.0,31:50,2015,2016
2015-16,1626144,Emmanuel Mudiay,Emmanuel,1610612743,DEN,Denver Nuggets,21501015,2016-03-17T00:00:00,DEN @ ATL,L,23.2,4.0,2.0,4.0,2.0,6.0,2.0,6.0,20.0,0.0,2.0,1.0,4.0,19.4,1,13074,13074,13074,13180,2460,4731,1913,12984,10028,3734,13388,11929,8004,23588,4972,2748,12154,1.0,23:13,2015,2016
2015-16,2440,Matt Barnes,Matt,1610612763,MEM,Memphis Grizzlies,21501017,2016-03-17T00:00:00,MEM @ MIL,L,35.4,5.0,1.0,3.0,8.0,13.0,5.0,16.0,42.0,1.0,2.0,2.0,5.0,33.9,1,13074,13074,13074,3221,1603,9709,3302,3109,21300,11469,24641,670,2692,23588,11390,1539,4208,1.0,35:25,2015,2016
2015-16,203526,Raul Neto,Raul,1610612762,UTA,Utah Jazz,21501019,2016-03-17T00:00:00,UTA vs. PHX,W,25.7,2.0,3.0,0.0,4.0,9.0,8.0,4.0,18.0,0.0,0.0,4.0,4.0,14.5,1,1,1,1,11078,6026,3104,9917,8599,15771,17345,8806,13577,8004,1,22104,2748,15799,1.0,25:44,2015,2016
2015-16,203994,Jusuf Nurkić,Jusuf,1610612743,DEN,Denver Nuggets,21501015,2016-03-17T00:00:00,DEN @ ATL,L,25.9,2.0,2.0,0.0,8.0,6.0,6.0,6.0,20.0,1.0,1.0,3.0,4.0,25.4,1,13074,13074,13074,10918,6026,4731,9917,3109,10028,13237,13388,11929,2692,17214,17641,2748,8273,1.0,25:54,2015,2016
2015-16,203914,Gary Harris,Gary,1610612743,DEN,Denver Nuggets,21501015,2016-03-17T00:00:00,DEN @ ATL,L,31.8,2.0,4.0,0.0,6.0,10.0,6.0,8.0,28.0,0.0,2.0,4.0,1.0,25.8,1,13074,13074,13074,6048,6026,1596,9917,5299,17370,13237,17194,5824,8004,23588,22104,12373,8022,1.0,31:50,2015,2016
2015-16,101107,Marvin Williams,Marvin,1610612766,CHA,Charlotte Hornets,21501014,2016-03-17T00:00:00,CHA @ MIA,W,32.0,0.0,0.0,0.0,0.0,9.0,9.0,4.0,30.0,0.0,1.0,1.0,1.0,25.5,1,1,1,1,5933,12059,10158,9917,18861,15771,19144,8806,4541,8004,17214,4972,12373,8230,1.0,31:57,2015,2016
2015-16,2207,Joe Johnson,Joe,1610612748,MIA,Miami Heat,21501014,2016-03-17T00:00:00,MIA vs. CHA,L,34.4,3.0,5.0,0.0,6.0,13.0,12.0,6.0,18.0,1.0,0.0,1.0,1.0,25.6,1,13074,13074,13074,4038,4307,995,9917,5299,21300,22832,13388,13577,2692,1,4972,12373,8157,1.0,34:23,2015,2016
2015-16,1495,Tim Duncan,Tim,1610612759,SAS,San Antonio Spurs,21501018,2016-03-17T00:00:00,SAS vs. POR,W,21.0,0.0,0.0,2.0,8.0,2.0,13.0,8.0,14.0,2.0,0.0,2.0,1.0,25.4,1,1,1,1,15054,12059,10158,4675,3109,2619,23668,17194,17019,932,1,11390,12373,8273,1.0,21:00,2015,2016
2015-16,203082,Terrence Ross,Terrence,1610612761,TOR,Toronto Raptors,21501012,2016-03-17T00:00:00,TOR @ IND,W,21.3,0.0,0.0,0.0,0.0,11.0,10.0,5.0,16.0,2.0,1.0,1.0,1.0,23.1,1,1,1,1,14799,12059,10158,9917,18861,18886,20509,11593,15259,932,17214,4972,12373,9699,1.0,21:17,2015,2016
2015-16,203497,Rudy Gobert,Rudy,1610612762,UTA,Utah Jazz,21501019,2016-03-17T00:00:00,UTA vs. PHX,W,30.2,1.0,6.0,2.0,8.0,10.0,8.0,0.0,12.0,3.0,0.0,1.0,2.0,35.2,1,1,1,1,7359,11535,481,4675,3109,17370,17345,1,18637,347,1,4972,7786,3745,1.0,30:12,2015,2016
2015-16,202695,Kawhi Leonard,Kawhi,1610612759,SAS,San Antonio Spurs,21501018,2016-03-17T00:00:00,SAS vs. POR,W,30.6,4.0,0.0,3.0,4.0,4.0,17.0,10.0,22.0,3.0,0.0,1.0,4.0,34.9,1,1,1,1,7044,2460,10158,3302,8599,6141,25429,20169,10265,347,1,4972,2748,3845,1.0,30:34,2015,2016
2015-16,201565,Derrick Rose,Derrick,1610612741,CHI,Chicago Bulls,21501016,2016-03-17T00:00:00,CHI vs. BKN,W,29.1,0.0,0.0,0.0,6.0,12.0,6.0,6.0,36.0,0.0,0.0,1.0,2.0,25.1,1,1,1,1,8284,12059,10158,9917,5299,20178,13237,13388,1943,8004,1,4972,7786,8429,1.0,29:07,2015,2016
2015-16,101179,Ronnie Price,Ronnie,1610612756,PHX,Phoenix Suns,21501019,2016-03-17T00:00:00,PHX @ UTA,L,23.9,2.0,0.0,0.0,2.0,15.0,11.0,6.0,20.0,0.0,0.0,5.0,3.0,10.1,1,13074,13074,13074,12650,6026,10158,9917,12984,23079,21814,13388,11929,8004,1,24686,4736,19105,1.0,23:54,2015,2016
2015-16,1938,Manu Ginobili,Manu,1610612759,SAS,San Antonio Spurs,21501018,2016-03-17T00:00:00,SAS vs. POR,W,18.0,2.0,0.0,0.0,0.0,2.0,9.0,7.0,18.0,0.0,0.0,3.0,3.0,9.9,1,1,1,1,17554,6026,10158,9917,18861,2619,19144,15538,13577,8004,1,17641,4736,19247,1.0,17:57,2015,2016
2015-16,201572,Brook Lopez,Brook,1610612751,BKN,Brooklyn Nets,21501016,2016-03-17T00:00:00,BKN @ CHI,L,31.1,0.0,0.0,0.0,6.0,0.0,8.0,9.0,30.0,0.0,1.0,2.0,2.0,14.6,1,13074,13074,13074,6615,12059,10158,9917,5299,1,17345,18829,4541,8004,17214,11390,7786,15699,1.0,31:09,2015,2016
2015-16,202734,E'Twaun Moore,E'Twaun,1610612741,CHI,Chicago Bulls,21501016,2016-03-17T00:00:00,CHI vs. BKN,W,2.5,0.0,0.0,0.0,0.0,0.0,0.0,0.0,0.0,0.0,0.0,1.0,0.0,1.2,1,1,1,1,25344,12059,10158,9917,18861,1,1,1,25429,8004,1,4972,18762,24661,1.0,2:28,2015,2016
2015-16,2561,David West,David,1610612759,SAS,San Antonio Spurs,21501018,2016-03-17T00:00:00,SAS vs. POR,W,17.0,0.0,0.0,0.0,0.0,2.0,5.0,4.0,10.0,2.0,1.0,2.0,0.0,11.2,1,1,1,1,18307,12059,10158,9917,18861,2619,11469,8806,20209,932,17214,11390,18762,18267,1.0,16:57,2015,2016
2015-16,201171,Carl Landry,Carl,1610612755,PHI,Philadelphia 76ers,21501013,2016-03-17T00:00:00,PHI vs. WAS,L,10.8,0.0,0.0,0.0,0.0,2.0,4.0,7.0,14.0,0.0,0.0,2.0,0.0,1.2,1,13074,13074,13074,22133,12059,10158,9917,18861,2619,8458,15538,17019,8004,1,11390,18762,24661,1.0,10:45,2015,2016
2015-16,1626173,Rashad Vaughn,Rashad,1610612749,MIL,Milwaukee Bucks,21501017,2016-03-17T00:00:00,MIL vs. MEM,W,20.8,2.0,0.0,0.0,0.0,4.0,6.0,2.0,16.0,1.0,0.0,2.0,0.0,10.8,1,1,1,1,15206,6026,10158,9917,18861,6141,13237,4025,15259,2692,1,11390,18762,18579,1.0,20:49,2015,2016
2015-16,2550,Kirk Hinrich,Kirk,1610612737,ATL,Atlanta Hawks,21501015,2016-03-17T00:00:00,ATL vs. DEN,W,14.6,0.0,0.0,0.0,0.0,4.0,9.0,0.0,14.0,1.0,0.0,0.0,1.0,5.9,1,1,1,1,20010,12059,10158,9917,18861,6141,19144,1,17019,2692,1,1,12373,21953,1.0,14:38,2015,2016
2015-16,202335,Patrick Patterson,Patrick,1610612761,TOR,Toronto Raptors,21501012,2016-03-17T00:00:00,TOR @ IND,W,33.0,0.0,0.0,0.0,2.0,11.0,15.0,5.0,22.0,0.0,0.0,3.0,2.0,5.6,1,1,1,1,5127,12059,10158,9917,12984,18886,24781,11593,10265,8004,1,17641,7786,22133,1.0,33:00,2015,2016
2015-16,203148,Brian Roberts,Brian,1610612757,POR,Portland Trail Blazers,21501018,2016-03-17T00:00:00,POR @ SAS,L,2.9,0.0,0.0,0.0,0.0,0.0,4.0,0.0,4.0,0.0,0.0,0.0,0.0,1.5,1,13074,13074,13074,25172,12059,10158,9917,18861,1,8458,1,23698,8004,1,1,18762,24473,1.0,2:53,2015,2016
2015-16,201574,Jason Thompson,Jason,1610612761,TOR,Toronto Raptors,21501012,2016-03-17T00:00:00,TOR @ IND,W,10.8,2.0,2.0,0.0,0.0,9.0,10.0,5.0,16.0,0.0,0.0,3.0,3.0,5.4,1,1,1,1,22122,6026,4731,9917,18861,15771,20509,11593,15259,8004,1,17641,4736,22242,1.0,10:47,2015,2016
2015-16,1626191,Chris McCullough,Chris,1610612751,BKN,Brooklyn Nets,21501016,2016-03-17T00:00:00,BKN @ CHI,L,15.2,0.0,2.0,0.0,0.0,9.0,10.0,4.0,18.0,0.0,0.0,2.0,1.0,13.1,1,13074,13074,13074,19616,12059,4731,9917,18861,15771,20509,8806,13577,8004,1,11390,12373,16874,1.0,15:13,2015,2016
2015-16,101139,CJ Miles,CJ,1610612754,IND,Indiana Pacers,21501012,2016-03-17T00:00:00,IND vs. TOR,L,11.7,0.0,3.0,3.0,2.0,3.0,3.0,0.0,2.0,2.0,0.0,1.0,1.0,21.4,1,13074,13074,13074,21727,12059,3104,3302,12984,5109,7138,1,24614,932,1,4972,12373,10807,1.0,11:42,2015,2016
2015-16,1626164,Devin Booker,Devin,1610612756,PHX,Phoenix Suns,21501019,2016-03-17T00:00:00,PHX @ UTA,L,31.6,0.0,5.0,0.0,2.0,19.0,8.0,10.0,34.0,0.0,2.0,2.0,3.0,18.1,1,13074,13074,13074,6194,12059,995,9917,12984,25074,17345,20169,2701,8004,23588,11390,4736,13090,1.0,31:38,2015,2016
2015-16,1626185,Jarell Martin,Jarell,1610612763,MEM,Memphis Grizzlies,21501017,2016-03-17T00:00:00,MEM @ MIL,L,18.1,0.0,1.0,0.0,4.0,8.0,4.0,7.0,26.0,0.0,2.0,2.0,1.0,8.1,1,13074,13074,13074,17476,12059,9709,9917,8599,13914,8458,15538,7214,8004,23588,11390,12373,20521,1.0,18:04,2015,2016
2015-16,2549,Chris Kaman,Chris,1610612757,POR,Portland Trail Blazers,21501018,2016-03-17T00:00:00,POR @ SAS,L,14.9,0.0,6.0,0.0,2.0,6.0,0.0,5.0,12.0,1.0,0.0,2.0,1.0,21.5,1,13074,13074,13074,19827,12059,481,9917,12984,10028,1,11593,18637,2692,1,11390,12373,10755,1.0,14:55,2015,2016
2015-16,203960,JaKarr Sampson,JaKarr,1610612743,DEN,Denver Nuggets,21501015,2016-03-17T00:00:00,DEN @ ATL,L,13.4,2.0,0.0,0.0,4.0,8.0,3.0,4.0,10.0,0.0,0.0,2.0,2.0,13.0,1,13074,13074,13074,20769,6026,10158,9917,8599,13914,7138,8806,20209,8004,1,11390,7786,16969,1.0,13:21,2015,2016
2015-16,1627362,Briante Weber,Briante,1610612763,MEM,Memphis Grizzlies,21501017,2016-03-17T00:00:00,MEM @ MIL,L,14.9,0.0,0.0,0.0,2.0,10.0,3.0,10.0,18.0,0.0,1.0,1.0,0.0,12.8,1,13074,13074,13074,19816,12059,10158,9917,12984,17370,7138,20169,13577,8004,17214,4972,18762,17129,1.0,14:55,2015,2016
2015-16,200797,Ryan Hollins,Ryan,1610612763,MEM,Memphis Grizzlies,21501017,2016-03-17T00:00:00,MEM @ MIL,L,25.0,2.0,2.0,0.0,4.0,7.0,0.0,11.0,22.0,0.0,2.0,1.0,1.0,16.0,1,13074,13074,13074,11698,6026,4731,9917,8599,12242,1,21342,10265,8004,23588,4972,12373,14590,1.0,24:58,2015,2016
2015-16,203937,Kyle Anderson,Kyle,1610612759,SAS,San Antonio Spurs,21501018,2016-03-17T00:00:00,SAS vs. POR,W,15.2,0.0,0.0,0.0,0.0,4.0,7.0,5.0,8.0,0.0,0.0,4.0,2.0,12.8,1,1,1,1,19618,12059,10158,9917,18861,6141,15642,11593,21543,8004,1,22104,7786,17129,1.0,15:12,2015,2016
2015-16,202388,Donald Sloan,Donald,1610612751,BKN,Brooklyn Nets,21501016,2016-03-17T00:00:00,BKN @ CHI,L,29.9,5.0,0.0,4.0,8.0,0.0,6.0,9.0,30.0,0.0,0.0,4.0,0.0,21.5,1,13074,13074,13074,7654,1603,10158,1913,3109,1,13237,18829,4541,8004,1,22104,18762,10755,1.0,29:52,2015,2016
2015-16,203088,Kendall Marshall,Kendall,1610612755,PHI,Philadelphia 76ers,21501013,2016-03-17T00:00:00,PHI vs. WAS,L,9.4,3.0,0.0,3.0,2.0,0.0,1.0,3.0,0.0,0.0,0.0,2.0,1.0,16.7,1,13074,13074,13074,22685,4307,10158,3302,12984,1,3393,7328,25429,8004,1,11390,12373,14064,1.0,9:22,2015,2016
2015-16,2594,Kyle Korver,Kyle,1610612737,ATL,Atlanta Hawks,21501015,2016-03-17T00:00:00,ATL vs. DEN,W,27.4,0.0,0.0,0.0,2.0,8.0,7.0,6.0,22.0,0.0,0.0,0.0,1.0,18.2,1,1,1,1,9693,12059,10158,9917,12984,13914,15642,13388,10265,8004,1,1,12373,13004,1.0,27:24,2015,2016
2015-16,203917,Nik Stauskas,Nik,1610612755,PHI,Philadelphia 76ers,21501013,2016-03-17T00:00:00,PHI vs. WAS,L,13.2,0.0,2.0,0.0,2.0,4.0,0.0,6.0,18.0,0.0,0.0,1.0,0.0,7.6,1,13074,13074,13074,20856,12059,4731,9917,12984,6141,1,13388,13577,8004,1,4972,18762,20803,1.0,13:14,2015,2016
2015-16,200782,P.J. Tucker,P.J.,1610612756,PHX,Phoenix Suns,21501019,2016-03-17T00:00:00,PHX @ UTA,L,33.3,2.0,3.0,0.0,2.0,15.0,7.0,8.0,38.0,0.0,0.0,3.0,0.0,18.6,1,13074,13074,13074,4930,6026,3104,9917,12984,23079,15642,17194,1422,8004,1,17641,18762,12715,1.0,33:15,2015,2016
2015-16,2564,Boris Diaw,Boris,1610612759,SAS,San Antonio Spurs,21501018,2016-03-17T00:00:00,SAS vs. POR,W,14.3,0.0,4.0,0.0,8.0,2.0,4.0,4.0,14.0,0.0,0.0,1.0,2.0,12.6,1,1,1,1,20211,12059,1596,9917,3109,2619,8458,8806,17019,8004,1,4972,7786,17277,1.0,14:19,2015,2016
2015-16,201573,Jerryd Bayless,Jerryd,1610612749,MIL,Milwaukee Bucks,21501017,2016-03-17T00:00:00,MIL vs. MEM,W,24.7,0.0,0.0,3.0,0.0,9.0,4.0,7.0,34.0,0.0,0.0,2.0,2.0,13.2,1,1,1,1,11959,12059,10158,3302,18861,15771,8458,15538,2701,8004,1,11390,7786,16768,1.0,24:40,2015,2016
2015-16,203080,Thomas Robinson,Thomas,1610612751,BKN,Brooklyn Nets,21501016,2016-03-17T00:00:00,BKN @ CHI,L,17.0,0.0,2.0,0.0,4.0,9.0,10.0,6.0,20.0,1.0,0.0,0.0,2.0,13.2,1,13074,13074,13074,18240,12059,4731,9917,8599,15771,20509,13388,11929,2692,1,1,7786,16768,1.0,17:03,2015,2016
2015-16,201166,Aaron Brooks,Aaron,1610612741,CHI,Chicago Bulls,21501016,2016-03-17T00:00:00,CHI vs. BKN,W,16.4,0.0,0.0,0.0,6.0,2.0,8.0,6.0,14.0,0.0,0.0,2.0,0.0,18.5,1,1,1,1,18733,12059,10158,9917,5299,2619,17345,13388,17019,8004,1,11390,18762,12794,1.0,16:25,2015,2016
2015-16,203918,Rodney Hood,Rodney,1610612762,UTA,Utah Jazz,21501019,2016-03-17T00:00:00,UTA vs. PHX,W,29.6,2.0,0.0,2.0,8.0,10.0,11.0,2.0,18.0,0.0,0.0,0.0,2.0,12.6,1,1,1,1,7891,6026,10158,4675,3109,17370,21814,4025,13577,8004,1,1,7786,17277,1.0,29:35,2015,2016
2015-16,202703,Nikola Mirotic,Nikola,1610612741,CHI,Chicago Bulls,21501016,2016-03-17T00:00:00,CHI vs. BKN,W,20.3,0.0,2.0,3.0,0.0,10.0,6.0,2.0,30.0,2.0,0.0,3.0,2.0,16.6,1,1,1,1,15614,12059,4731,3302,18861,17370,13237,4025,4541,932,1,17641,7786,14125,1.0,20:20,2015,2016
2015-16,2403,Nene,ene,1610612764,WAS,Washington Wizards,21501013,2016-03-17T00:00:00,WAS @ PHI,W,14.0,0.0,3.0,0.0,2.0,8.0,2.0,7.0,14.0,0.0,0.0,0.0,3.0,16.7,1,1,1,1,20428,12059,3104,9917,12984,13914,3734,15538,17019,8004,1,1,4736,14064,1.0,13:58,2015,2016
2015-16,1626202,Joe Young,Joe,1610612754,IND,Indiana Pacers,21501012,2016-03-17T00:00:00,IND vs. TOR,L,4.6,0.0,0.0,0.0,0.0,1.0,1.0,0.0,0.0,0.0,0.0,1.0,0.0,2.9,1,13074,13074,13074,24512,12059,10158,9917,18861,2356,3393,1,25429,8004,1,4972,18762,23852,1.0,4:35,2015,2016
2015-16,203115,Will Barton,Will,1610612743,DEN,Denver Nuggets,21501015,2016-03-17T00:00:00,DEN @ ATL,L,30.6,0.0,0.0,0.0,0.0,6.0,4.0,6.0,30.0,0.0,1.0,3.0,0.0,21.2,1,13074,13074,13074,7004,12059,10158,9917,18861,10028,8458,13388,4541,8004,17214,17641,18762,10936,1.0,30:38,2015,2016
2015-16,204098,Xavier Munford,Xavier,1610612763,MEM,Memphis Grizzlies,21501017,2016-03-17T00:00:00,MEM @ MIL,L,11.0,0.0,2.0,0.0,0.0,4.0,2.0,4.0,6.0,0.0,0.0,2.0,1.0,8.2,1,13074,13074,13074,22023,12059,4731,9917,18861,6141,3734,8806,22724,8004,1,11390,12373,20416,1.0,11:01,2015,2016
2015-16,202730,Lavoy Allen,Lavoy,1610612754,IND,Indiana Pacers,21501012,2016-03-17T00:00:00,IND vs. TOR,L,13.1,2.0,0.0,0.0,2.0,6.0,3.0,8.0,8.0,0.0,0.0,5.0,1.0,2.9,1,13074,13074,13074,20910,6026,10158,9917,12984,10028,7138,17194,21543,8004,1,24686,12373,23852,1.0,13:07,2015,2016
2015-16,203459,Allen Crabbe,Allen,1610612757,POR,Portland Trail Blazers,21501018,2016-03-17T00:00:00,POR @ SAS,L,25.9,0.0,0.0,0.0,0.0,5.0,6.0,6.0,20.0,0.0,0.0,4.0,2.0,7.9,1,13074,13074,13074,10936,12059,10158,9917,18861,8403,13237,13388,11929,8004,1,22104,7786,20646,1.0,25:54,2015,2016
2015-16,203138,Hollis Thompson,Hollis,1610612755,PHI,Philadelphia 76ers,21501013,2016-03-17T00:00:00,PHI vs. WAS,L,35.1,0.0,2.0,3.0,2.0,11.0,8.0,18.0,30.0,0.0,0.0,4.0,1.0,21.0,1,13074,13074,13074,3489,12059,4731,3302,12984,18886,17345,25228,4541,8004,1,22104,12373,11077,1.0,35:04,2015,2016
2015-16,1626210,Alan Williams,Alan,1610612756,PHX,Phoenix Suns,21501019,2016-03-17T00:00:00,PHX @ UTA,L,2.2,0.0,1.0,0.0,0.0,2.0,0.0,0.0,2.0,0.0,0.0,0.0,1.0,4.0,1,13074,13074,13074,25449,12059,9709,9917,18861,2619,1,1,24614,8004,1,1,12373,23142,1.0,2:12,2015,2016
2015-16,201603,Sonny Weems,Sonny,1610612755,PHI,Philadelphia 76ers,21501013,2016-03-17T00:00:00,PHI vs. WAS,L,15.7,0.0,0.0,2.0,4.0,2.0,3.0,5.0,12.0,0.0,0.0,0.0,1.0,4.2,1,13074,13074,13074,19253,12059,10158,4675,8599,2619,7138,11593,18637,8004,1,1,12373,22976,1.0,15:43,2015,2016
2015-16,203481,Jeff Withey,Jeff,1610612762,UTA,Utah Jazz,21501019,2016-03-17T00:00:00,UTA vs. PHX,W,5.2,0.0,0.0,0.0,0.0,2.0,3.0,2.0,4.0,0.0,0.0,1.0,1.0,5.1,1,1,1,1,24305,12059,10158,9917,18861,2619,7138,4025,23698,8004,1,4972,12373,22478,1.0,5:10,2015,2016
2015-16,203469,Cody Zeller,Cody,1610612766,CHA,Charlotte Hornets,21501014,2016-03-17T00:00:00,CHA @ MIA,W,14.3,2.0,2.0,0.0,6.0,5.0,5.0,4.0,18.0,0.0,0.0,1.0,0.0,9.6,1,1,1,1,20202,6026,4731,9917,5299,8403,11469,8806,13577,8004,1,4972,18762,19434,1.0,14:20,2015,2016
2015-16,203462,Archie Goodwin,Archie,1610612756,PHX,Phoenix Suns,21501019,2016-03-17T00:00:00,PHX @ UTA,L,7.8,0.0,0.0,0.0,0.0,4.0,6.0,2.0,4.0,0.0,1.0,0.0,0.0,0.2,1,13074,13074,13074,23273,12059,10158,9917,18861,6141,13237,4025,23698,8004,17214,1,18762,25103,1.0,7:48,2015,2016
2015-16,203584,Troy Daniels,Troy,1610612766,CHA,Charlotte Hornets,21501014,2016-03-17T00:00:00,CHA @ MIA,W,8.2,0.0,0.0,0.0,0.0,4.0,3.0,4.0,16.0,0.0,0.0,0.0,0.0,4.2,1,1,1,1,23119,12059,10158,9917,18861,6141,7138,8806,15259,8004,1,1,18762,22976,1.0,8:11,2015,2016
2015-16,203098,John Jenkins,John,1610612756,PHX,Phoenix Suns,21501019,2016-03-17T00:00:00,PHX @ UTA,L,7.4,0.0,0.0,0.0,0.0,5.0,2.0,0.0,6.0,0.0,0.0,0.0,0.0,1.0,1,13074,13074,13074,23426,12059,10158,9917,18861,8403,3734,1,22724,8004,1,1,18762,24960,1.0,7:23,2015,2016
2015-16,1626253,Axel Toupane,Axel,1610612743,DEN,Denver Nuggets,21501015,2016-03-17T00:00:00,DEN @ ATL,L,16.2,0.0,0.0,0.0,0.0,4.0,3.0,4.0,12.0,0.0,0.0,2.0,0.0,4.4,1,13074,13074,13074,18913,12059,10158,9917,18861,6141,7138,8806,18637,8004,1,11390,18762,22837,1.0,16:10,2015,2016
2015-16,203090,Maurice Harkless,Maurice,1610612757,POR,Portland Trail Blazers,21501018,2016-03-17T00:00:00,POR @ SAS,L,9.1,0.0,0.0,0.0,2.0,1.0,4.0,0.0,10.0,1.0,1.0,1.0,0.0,9.2,1,13074,13074,13074,22810,12059,10158,9917,12984,2356,8458,1,20209,2692,17214,4972,18762,19680,1.0,9:05,2015,2016
2015-16,203900,Markel Brown,Markel,1610612751,BKN,Brooklyn Nets,21501016,2016-03-17T00:00:00,BKN @ CHI,L,16.3,0.0,2.0,0.0,2.0,9.0,10.0,6.0,18.0,0.0,1.0,1.0,0.0,3.4,1,13074,13074,13074,18797,12059,4731,9917,12984,15771,20509,13388,13577,8004,17214,4972,18762,23417,1.0,16:20,2015,2016
2015-16,202391,Jeremy Lin,Jeremy,1610612766,CHA,Charlotte Hornets,21501014,2016-03-17T00:00:00,CHA @ MIA,W,17.5,0.0,0.0,0.0,0.0,4.0,5.0,6.0,28.0,0.0,1.0,4.0,3.0,9.1,1,1,1,1,17934,12059,10158,9917,18861,6141,11469,13388,5824,8004,17214,22104,4736,19789,1.0,17:27,2015,2016
2015-16,1626163,Frank Kaminsky,Frank,1610612766,CHA,Charlotte Hornets,21501014,2016-03-17T00:00:00,CHA @ MIA,W,16.4,0.0,2.0,0.0,4.0,6.0,5.0,6.0,28.0,0.0,1.0,1.0,0.0,8.7,1,1,1,1,18745,12059,4731,9917,8599,10028,11469,13388,5824,8004,17214,4972,18762,20045,1.0,16:24,2015,2016
2015-16,201589,Darrell Arthur,Darrell,1610612743,DEN,Denver Nuggets,21501015,2016-03-17T00:00:00,DEN @ ATL,L,17.6,4.0,2.0,2.0,4.0,9.0,3.0,4.0,18.0,0.0,0.0,1.0,0.0,5.2,1,13074,13074,13074,17834,2460,4731,4675,8599,15771,7138,8806,13577,8004,1,4972,18762,22370,1.0,17:35,2015,2016
2015-16,203492,Ray McCallum,Ray,1610612763,MEM,Memphis Grizzlies,21501017,2016-03-17T00:00:00,MEM @ MIL,L,15.2,2.0,2.0,0.0,2.0,4.0,2.0,6.0,18.0,0.0,1.0,0.0,1.0,3.2,1,13074,13074,13074,19618,6026,4731,9917,12984,6141,3734,13388,13577,8004,17214,1,12373,23473,1.0,15:12,2015,2016
2015-16,203948,Johnny O'Bryant III,Johnny,1610612749,MIL,Milwaukee Bucks,21501017,2016-03-17T00:00:00,MIL vs. MEM,W,0.1,0.0,0.0,0.0,0.0,0.0,0.0,0.0,0.0,0.0,0.0,0.0,0.0,0.0,1,1,1,1,26045,12059,10158,9917,18861,1,1,1,25429,8004,1,1,18762,25170,1.0,0:06,2015,2016
2015-16,201978,Chase Budinger,Chase,1610612756,PHX,Phoenix Suns,21501019,2016-03-17T00:00:00,PHX @ UTA,L,7.4,0.0,0.0,2.0,0.0,5.0,2.0,0.0,6.0,0.0,0.0,0.0,0.0,4.7,1,13074,13074,13074,23426,12059,10158,4675,18861,8403,3734,1,22724,8004,1,1,18762,22672,1.0,7:23,2015,2016
2015-16,1889,Andre Miller,Andre,1610612759,SAS,San Antonio Spurs,21501018,2016-03-17T00:00:00,SAS vs. POR,W,2.3,0.0,0.0,0.0,0.0,2.0,2.0,3.0,4.0,0.0,0.0,0.0,0.0,0.0,1,1,1,1,25436,12059,10158,9917,18861,2619,3734,7328,23698,8004,1,1,18762,25170,1.0,2:15,2015,2016
2015-16,1626246,Boban Marjanović,Boban,1610612759,SAS,San Antonio Spurs,21501018,2016-03-17T00:00:00,SAS vs. POR,W,2.3,0.0,0.0,0.0,0.0,2.0,2.0,3.0,4.0,0.0,0.0,1.0,0.0,0.0,1,1,1,1,25436,12059,10158,9917,18861,2619,3734,7328,23698,8004,1,4972,18762,25170,1.0,2:15,2015,2016
2015-16,203963,Shayne Whittington,Shayne,1610612754,IND,Indiana Pacers,21501012,2016-03-17T00:00:00,IND vs. TOR,L,3.5,0.0,0.0,0.0,0.0,2.0,2.0,0.0,2.0,0.0,0.0,1.0,0.0,0.0,1,13074,13074,13074,24927,12059,10158,9917,18861,2619,3734,1,24614,8004,1,4972,18762,25170,1.0,3:30,2015,2016
2015-16,203488,Mike Muscala,Mike,1610612737,ATL,Atlanta Hawks,21501015,2016-03-17T00:00:00,ATL vs. DEN,W,2.6,0.0,1.0,0.0,0.0,0.0,0.0,0.0,0.0,0.0,0.0,0.0,1.0,3.7,1,1,1,1,25298,12059,9709,9917,18861,1,1,1,25429,8004,1,1,12373,23278,1.0,2:34,2015,2016
2015-16,201162,Jared Dudley,Jared,1610612764,WAS,Washington Wizards,21501013,2016-03-17T00:00:00,WAS @ PHI,W,16.4,0.0,0.0,0.0,0.0,8.0,4.0,7.0,18.0,0.0,0.0,4.0,0.0,7.1,1,1,1,1,18768,12059,10158,9917,18861,13914,8458,15538,13577,8004,1,22104,18762,21141,1.0,16:22,2015,2016
2015-16,201946,Tyler Hansbrough,Tyler,1610612766,CHA,Charlotte Hornets,21501014,2016-03-17T00:00:00,CHA @ MIA,W,6.6,0.0,0.0,0.0,2.0,2.0,0.0,0.0,8.0,0.0,0.0,1.0,0.0,3.2,1,1,1,1,23722,12059,10158,9917,12984,2619,1,1,21543,8004,1,4972,18762,23473,1.0,6:34,2015,2016
2015-16,2405,Amar'e Stoudemire,Amar'e,1610612748,MIA,Miami Heat,21501014,2016-03-17T00:00:00,MIA vs. CHA,L,20.6,0.0,0.0,0.0,2.0,10.0,5.0,6.0,8.0,0.0,0.0,1.0,1.0,9.6,1,13074,13074,13074,15404,12059,10158,9917,12984,17370,11469,13388,21543,8004,1,4972,12373,19434,1.0,20:35,2015,2016
2015-16,202709,Cory Joseph,Cory,1610612761,TOR,Toronto Raptors,21501012,2016-03-17T00:00:00,TOR @ IND,W,30.1,0.0,0.0,0.0,0.0,13.0,16.0,6.0,22.0,0.0,1.0,2.0,0.0,5.3,1,1,1,1,7460,12059,10158,9917,18861,21300,25155,13388,10265,8004,17214,11390,18762,22358,1.0,30:06,2015,2016
2015-16,2199,Tyson Chandler,Tyson,1610612756,PHX,Phoenix Suns,21501019,2016-03-17T00:00:00,PHX @ UTA,L,23.4,2.0,2.0,0.0,4.0,15.0,7.0,8.0,26.0,0.0,0.0,4.0,0.0,6.9,1,13074,13074,13074,13018,6026,4731,9917,8599,23079,15642,17194,7214,8004,1,22104,18762,21262,1.0,23:26,2015,2016
2015-16,2555,Nick Collison,Nick,1610612760,OKC,Oklahoma City Thunder,21501003,2016-03-16T00:00:00,OKC @ BOS,W,4.1,0.0,0.0,0.0,0.0,0.0,0.0,0.0,0.0,0.0,0.0,0.0,0.0,6.6,1,1,1,1,24675,12059,10158,9917,18861,1,1,1,25429,8004,1,1,18762,21445,1.0,4:06,2015,2016
2015-16,202323,Evan Turner,Evan,1610612738,BOS,Boston Celtics,21501003,2016-03-16T00:00:00,BOS vs. OKC,L,20.9,0.0,2.0,0.0,0.0,4.0,14.0,9.0,26.0,0.0,0.0,3.0,0.0,6.7,1,13074,13074,13074,15179,12059,4731,9917,18861,6141,24300,18829,7214,8004,1,17641,18762,21376,1.0,20:52,2015,2016
2015-16,203200,Justin Holiday,Justin,1610612741,CHI,Chicago Bulls,21501006,2016-03-16T00:00:00,CHI @ WAS,L,29.7,2.0,2.0,4.0,6.0,17.0,7.0,17.0,22.0,1.0,1.0,3.0,2.0,21.7,1,13074,13074,13074,7809,6026,4731,1913,5299,24337,15642,24967,10265,2692,17214,17641,7786,10592,1.0,29:42,2015,2016
2015-16,203112,Quincy Acy,Quincy,1610612758,SAC,Sacramento Kings,21501010,2016-03-16T00:00:00,SAC vs. NOP,L,13.7,1.0,0.0,0.0,2.0,8.0,5.0,6.0,4.0,0.0,0.0,3.0,1.0,9.2,1,13074,13074,13074,20614,11535,10158,9917,12984,13914,11469,13388,23698,8004,1,17641,12373,19680,1.0,13:39,2015,2016
2015-16,203492,Ray McCallum,Ray,1610612763,MEM,Memphis Grizzlies,21501008,2016-03-16T00:00:00,MEM vs. MIN,L,15.7,3.0,0.0,0.0,0.0,6.0,6.0,6.0,18.0,0.0,0.0,1.0,0.0,6.5,1,13074,13074,13074,19278,4307,10158,9917,18861,10028,13237,13388,13577,8004,1,4972,18762,21519,1.0,15:41,2015,2016
2015-16,203584,Troy Daniels,Troy,1610612766,CHA,Charlotte Hornets,21501004,2016-03-16T00:00:00,CHA vs. ORL,W,14.9,0.0,0.0,0.0,2.0,2.0,0.0,6.0,8.0,0.0,0.0,0.0,0.0,6.8,1,1,1,1,19838,12059,10158,9917,12984,2619,1,13388,21543,8004,1,1,18762,21328,1.0,14:54,2015,2016
2015-16,201977,Marcus Thornton,Marcus,1610612764,WAS,Washington Wizards,21501006,2016-03-16T00:00:00,WAS vs. CHI,W,6.6,0.0,0.0,0.0,0.0,2.0,5.0,0.0,8.0,1.0,0.0,0.0,0.0,7.2,1,1,1,1,23729,12059,10158,9917,18861,2619,11469,1,21543,2692,1,1,18762,21035,1.0,6:33,2015,2016
2015-16,201627,Anthony Morrow,Anthony,1610612760,OKC,Oklahoma City Thunder,21501003,2016-03-16T00:00:00,OKC @ BOS,W,6.9,0.0,0.0,0.0,4.0,5.0,5.0,0.0,6.0,0.0,1.0,0.0,0.0,4.0,1,1,1,1,23603,12059,10158,9917,8599,8403,11469,1,22724,8004,17214,1,18762,23142,1.0,6:53,2015,2016
2015-16,203111,Orlando Johnson,Orlando,1610612740,NOP,New Orleans Pelicans,21501010,2016-03-16T00:00:00,NOP @ SAC,W,1.5,0.0,0.0,0.0,0.0,1.0,0.0,0.0,2.0,0.0,0.0,1.0,0.0,0.2,1,1,1,1,25692,12059,10158,9917,18861,2356,1,1,24614,8004,1,4972,18762,25103,1.0,1:31,2015,2016
2015-16,2743,Kris Humphries,Kris,1610612737,ATL,Atlanta Hawks,21501007,2016-03-16T00:00:00,ATL @ DET,W,11.5,0.0,3.0,0.0,0.0,9.0,5.0,6.0,18.0,0.0,0.0,3.0,1.0,9.6,1,1,1,1,21825,12059,3104,9917,18861,15771,11469,13388,13577,8004,1,17641,12373,19434,1.0,11:30,2015,2016
2015-16,1626262,Coty Clarke,Coty,1610612738,BOS,Boston Celtics,21501003,2016-03-16T00:00:00,BOS vs. OKC,L,0.0,0.0,0.0,0.0,0.0,0.0,0.0,0.0,0.0,0.0,0.0,0.0,0.0,-1.0,1,13074,13074,13074,26063,12059,10158,9917,18861,1,1,1,25429,8004,1,1,18762,25932,1.0,0:02,2015,2016
2015-16,1737,Nazr Mohammed,Nazr,1610612760,OKC,Oklahoma City Thunder,21501003,2016-03-16T00:00:00,OKC @ BOS,W,2.0,0.0,0.0,0.0,2.0,0.0,0.0,0.0,0.0,0.0,0.0,0.0,0.0,3.2,1,1,1,1,25516,12059,10158,9917,12984,1,1,1,25429,8004,1,1,18762,23473,1.0,2:01,2015,2016
2015-16,202703,Nikola Mirotic,Nikola,1610612741,CHI,Chicago Bulls,21501006,2016-03-16T00:00:00,CHI @ WAS,L,23.7,0.0,0.0,0.0,2.0,10.0,5.0,15.0,22.0,0.0,0.0,1.0,1.0,8.7,1,13074,13074,13074,12837,12059,10158,9917,12984,17370,11469,24242,10265,8004,1,4972,12373,20045,1.0,23:41,2015,2016
2015-16,203482,Kelly Olynyk,Kelly,1610612738,BOS,Boston Celtics,21501003,2016-03-16T00:00:00,BOS vs. OKC,L,21.7,0.0,0.0,0.0,2.0,2.0,10.0,8.0,30.0,0.0,2.0,1.0,4.0,13.3,1,13074,13074,13074,14472,12059,10158,9917,12984,2619,20509,17194,4541,8004,23588,4972,2748,16712,1.0,21:40,2015,2016
2015-16,101181,Jose Calderon,Jose,1610612752,NYK,New York Knicks,21501011,2016-03-16T00:00:00,NYK @ GSW,L,15.3,0.0,0.0,0.0,0.0,2.0,4.0,12.0,16.0,0.0,1.0,1.0,0.0,8.9,1,13074,13074,13074,19532,12059,10158,9917,18861,2619,8458,22259,15259,8004,17214,4972,18762,19914,1.0,15:20,2015,2016
2015-16,2399,Mike Dunleavy,Mike,1610612741,CHI,Chicago Bulls,21501006,2016-03-16T00:00:00,CHI @ WAS,L,17.9,0.0,0.0,0.0,0.0,6.0,5.0,10.0,22.0,1.0,0.0,3.0,0.0,4.4,1,13074,13074,13074,17617,12059,10158,9917,18861,10028,11469,20169,10265,2692,1,17641,18762,22837,1.0,17:52,2015,2016
2015-16,201581,JJ Hickson,JJ,1610612764,WAS,Washington Wizards,21501006,2016-03-16T00:00:00,WAS vs. CHI,W,6.2,0.0,0.0,0.0,0.0,2.0,0.0,0.0,4.0,0.0,0.0,0.0,2.0,6.5,1,1,1,1,23868,12059,10158,9917,18861,2619,1,1,23698,8004,1,1,7786,21519,1.0,6:13,2015,2016
2015-16,203909,KJ McDaniels,KJ,1610612745,HOU,Houston Rockets,21501009,2016-03-16T00:00:00,HOU vs. LAC,L,5.7,0.0,0.0,0.0,0.0,5.0,0.0,2.0,8.0,0.0,0.0,2.0,0.0,-1.0,1,13074,13074,13074,24095,12059,10158,9917,18861,8403,1,4025,21543,8004,1,11390,18762,25932,1.0,5:42,2015,2016
2015-16,203498,Shabazz Muhammad,Shabazz,1610612750,MIN,Minnesota Timberwolves,21501008,2016-03-16T00:00:00,MIN @ MEM,W,14.9,0.0,0.0,2.0,2.0,8.0,7.0,0.0,14.0,0.0,1.0,1.0,1.0,4.6,1,1,1,1,19854,12059,10158,4675,12984,13914,15642,1,17019,8004,17214,4972,12373,22734,1.0,14:52,2015,2016
2015-16,203503,Tony Snell,Tony,1610612741,CHI,Chicago Bulls,21501006,2016-03-16T00:00:00,CHI @ WAS,L,2.3,0.0,0.0,0.0,0.0,3.0,0.0,0.0,0.0,0.0,0.0,0.0,0.0,0.0,1,13074,13074,13074,25402,12059,10158,9917,18861,5109,1,1,25429,8004,1,1,18762,25170,1.0,2:20,2015,2016
2015-16,201196,Ramon Sessions,Ramon,1610612764,WAS,Washington Wizards,21501006,2016-03-16T00:00:00,WAS vs. CHI,W,17.9,0.0,0.0,0.0,0.0,5.0,6.0,6.0,20.0,0.0,1.0,0.0,0.0,0.5,1,1,1,1,17627,12059,10158,9917,18861,8403,13237,13388,11929,8004,17214,1,18762,25056,1.0,17:52,2015,2016
2015-16,202734,E'Twaun Moore,E'Twaun,1610612741,CHI,Chicago Bulls,21501006,2016-03-16T00:00:00,CHI @ WAS,L,19.9,0.0,0.0,0.0,2.0,9.0,2.0,15.0,14.0,0.0,0.0,3.0,0.0,6.8,1,13074,13074,13074,16016,12059,10158,9917,12984,15771,3734,24242,17019,8004,1,17641,18762,21328,1.0,19:52,2015,2016
2015-16,2594,Kyle Korver,Kyle,1610612737,ATL,Atlanta Hawks,21501007,2016-03-16T00:00:00,ATL @ DET,W,27.7,3.0,0.0,0.0,0.0,7.0,6.0,5.0,22.0,0.0,1.0,5.0,0.0,9.7,1,1,1,1,9496,4307,10158,9917,18861,12242,13237,11593,10265,8004,17214,24686,18762,19379,1.0,27:39,2015,2016
2015-16,202337,Luke Babbitt,Luke,1610612740,NOP,New Orleans Pelicans,21501010,2016-03-16T00:00:00,NOP @ SAC,W,12.7,0.0,0.0,0.0,0.0,5.0,2.0,2.0,12.0,0.0,0.0,0.0,1.0,4.2,1,1,1,1,21121,12059,10158,9917,18861,8403,3734,4025,18637,8004,1,1,12373,22976,1.0,12:43,2015,2016
2015-16,202083,Wesley Matthews,Wesley,1610612742,DAL,Dallas Mavericks,21501005,2016-03-16T00:00:00,DAL @ CLE,L,23.1,0.0,0.0,0.0,0.0,9.0,15.0,11.0,26.0,0.0,0.0,1.0,1.0,9.1,1,13074,13074,13074,13282,12059,10158,9917,18861,15771,24781,21342,7214,8004,1,4972,12373,19789,1.0,23:07,2015,2016
2015-16,101109,Raymond Felton,Raymond,1610612742,DAL,Dallas Mavericks,21501005,2016-03-16T00:00:00,DAL @ CLE,L,17.2,0.0,0.0,0.0,6.0,5.0,18.0,5.0,12.0,0.0,0.0,1.0,1.0,7.2,1,13074,13074,13074,18127,12059,10158,9917,5299,8403,25634,11593,18637,8004,1,4972,12373,21035,1.0,17:12,2015,2016
2015-16,201145,Jeff Green,Jeff,1610612746,LAC,LA Clippers,21501009,2016-03-16T00:00:00,LAC @ HOU,W,15.6,0.0,0.0,0.0,0.0,2.0,1.0,2.0,12.0,1.0,1.0,4.0,1.0,5.0,1,1,1,1,19356,12059,10158,9917,18861,2619,3393,4025,18637,2692,17214,22104,12373,22500,1.0,15:35,2015,2016
2015-16,203501,Tim Hardaway Jr.,Tim,1610612737,ATL,Atlanta Hawks,21501007,2016-03-16T00:00:00,ATL @ DET,W,11.5,0.0,0.0,0.0,0.0,7.0,3.0,6.0,12.0,0.0,0.0,1.0,1.0,5.0,1,1,1,1,21840,12059,10158,9917,18861,12242,7138,13388,18637,8004,1,4972,12373,22500,1.0,11:29,2015,2016
2015-16,1626169,Stanley Johnson,Stanley,1610612765,DET,Detroit Pistons,21501007,2016-03-16T00:00:00,DET vs. ATL,L,19.7,0.0,0.0,2.0,0.0,3.0,11.0,2.0,18.0,0.0,0.0,0.0,1.0,13.3,1,13074,13074,13074,16178,12059,10158,4675,18861,5109,21814,4025,13577,8004,1,1,12373,16712,1.0,19:41,2015,2016
2015-16,201162,Jared Dudley,Jared,1610612764,WAS,Washington Wizards,21501006,2016-03-16T00:00:00,WAS vs. CHI,W,15.9,2.0,0.0,2.0,0.0,5.0,2.0,0.0,12.0,0.0,0.0,1.0,1.0,3.4,1,1,1,1,19139,6026,10158,4675,18861,8403,3734,1,18637,8004,1,4972,12373,23417,1.0,15:52,2015,2016
2015-16,202338,Kevin Seraphin,Kevin,1610612752,NYK,New York Knicks,21501011,2016-03-16T00:00:00,NYK @ GSW,L,19.0,0.0,0.0,0.0,8.0,2.0,9.0,9.0,16.0,0.0,1.0,0.0,1.0,20.1,1,13074,13074,13074,16684,12059,10158,9917,3109,2619,19144,18829,15259,8004,17214,1,12373,11685,1.0,19:01,2015,2016
2015-16,1626170,Jerian Grant,Jerian,1610612752,NYK,New York Knicks,21501011,2016-03-16T00:00:00,NYK @ GSW,L,19.0,2.0,2.0,2.0,2.0,0.0,12.0,4.0,18.0,0.0,1.0,0.0,0.0,20.6,1,13074,13074,13074,16712,6026,4731,4675,12984,1,22832,8806,13577,8004,17214,1,18762,11314,1.0,18:59,2015,2016
2015-16,202066,Garrett Temple,Garrett,1610612764,WAS,Washington Wizards,21501006,2016-03-16T00:00:00,WAS vs. CHI,W,30.0,6.0,0.0,3.0,0.0,5.0,11.0,6.0,28.0,0.0,0.0,1.0,0.0,31.2,1,1,1,1,7547,878,10158,3302,18861,8403,21814,13388,5824,8004,1,4972,18762,5304,1.0,30:00,2015,2016
2015-16,201167,Arron Afflalo,Arron,1610612752,NYK,New York Knicks,21501011,2016-03-16T00:00:00,NYK @ GSW,L,35.1,0.0,5.0,0.0,10.0,2.0,16.0,20.0,34.0,0.0,2.0,1.0,3.0,26.4,1,13074,13074,13074,3464,12059,995,9917,1840,2619,25155,25599,2701,8004,23588,4972,4736,7672,1.0,35:06,2015,2016
2015-16,202684,Tristan Thompson,Tristan,1610612739,CLE,Cleveland Cavaliers,21501005,2016-03-16T00:00:00,CLE vs. DAL,W,37.4,0.0,0.0,0.0,0.0,19.0,4.0,4.0,42.0,0.0,1.0,5.0,2.0,11.6,1,1,1,1,1809,12059,10158,9917,18861,25074,8458,8806,670,8004,17214,24686,7786,17970,1.0,37:25,2015,2016
2015-16,203460,Andre Roberson,Andre,1610612760,OKC,Oklahoma City Thunder,21501003,2016-03-16T00:00:00,OKC @ BOS,W,17.5,2.0,2.0,0.0,4.0,0.0,11.0,2.0,26.0,1.0,0.0,2.0,0.0,11.8,1,1,1,1,17878,6026,4731,9917,8599,1,21814,4025,7214,2692,1,11390,18762,17832,1.0,17:32,2015,2016
2015-16,202681,Kyrie Irving,Kyrie,1610612739,CLE,Cleveland Cavaliers,21501005,2016-03-16T00:00:00,CLE vs. DAL,W,38.5,9.0,5.0,7.0,12.0,12.0,4.0,4.0,38.0,1.0,2.0,2.0,5.0,42.5,1,1,1,1,1266,171,995,454,988,20178,8458,8806,1422,2692,23588,11390,1539,1841,1.0,38:31,2015,2016
2015-16,201147,Corey Brewer,Corey,1610612745,HOU,Houston Rockets,21501009,2016-03-16T00:00:00,HOU vs. LAC,L,21.9,2.0,0.0,0.0,4.0,8.0,2.0,5.0,20.0,0.0,0.0,4.0,3.0,11.8,1,13074,13074,13074,14272,6026,10158,9917,8599,13914,3734,11593,11929,8004,1,22104,4736,17832,1.0,21:53,2015,2016
2015-16,202693,Markieff Morris,Markieff,1610612764,WAS,Washington Wizards,21501006,2016-03-16T00:00:00,WAS vs. CHI,W,14.1,0.0,2.0,0.0,6.0,2.0,2.0,7.0,8.0,0.0,0.0,5.0,0.0,20.2,1,1,1,1,20346,12059,4731,9917,5299,2619,3734,15538,21543,8004,1,24686,18762,11610,1.0,14:06,2015,2016
2015-16,201578,Marreese Speights,Marreese,1610612744,GSW,Golden State Warriors,21501011,2016-03-16T00:00:00,GSW vs. NYK,W,15.6,0.0,0.0,2.0,2.0,2.0,2.0,2.0,10.0,1.0,0.0,1.0,1.0,20.6,1,1,1,1,19334,12059,10158,4675,12984,2619,3734,4025,20209,2692,1,4972,12373,11314,1.0,15:37,2015,2016
2015-16,201976,Patrick Beverley,Patrick,1610612745,HOU,Houston Rockets,21501009,2016-03-16T00:00:00,HOU vs. LAC,L,25.5,2.0,0.0,2.0,2.0,21.0,5.0,12.0,20.0,0.0,0.0,4.0,0.0,20.2,1,13074,13074,13074,11293,6026,10158,4675,12984,25535,11469,22259,11929,8004,1,22104,18762,11610,1.0,25:30,2015,2016
2015-16,202689,Kemba Walker,Kemba,1610612766,CHA,Charlotte Hornets,21501004,2016-03-16T00:00:00,CHA vs. ORL,W,37.9,0.0,0.0,5.0,4.0,8.0,2.0,8.0,32.0,0.0,2.0,2.0,5.0,26.1,1,1,1,1,1544,12059,10158,1277,8599,13914,3734,17194,3535,8004,23588,11390,1539,7836,1.0,37:56,2015,2016
2015-16,203949,James Michael McAdoo,James Michael,1610612744,GSW,Golden State Warriors,21501011,2016-03-16T00:00:00,GSW vs. NYK,W,7.6,0.0,3.0,0.0,2.0,2.0,2.0,2.0,4.0,0.0,1.0,2.0,0.0,11.7,1,1,1,1,23350,12059,3104,9917,12984,2619,3734,4025,23698,8004,17214,11390,18762,17903,1.0,7:37,2015,2016
2015-16,201950,Jrue Holiday,Jrue,1610612740,NOP,New Orleans Pelicans,21501010,2016-03-16T00:00:00,NOP @ SAC,W,28.3,2.0,3.0,0.0,6.0,7.0,3.0,8.0,30.0,0.0,0.0,1.0,2.0,20.0,1,1,1,1,8983,6026,3104,9917,5299,12242,7138,17194,4541,8004,1,4972,7786,11752,1.0,28:20,2015,2016
2015-16,201166,Aaron Brooks,Aaron,1610612741,CHI,Chicago Bulls,21501006,2016-03-16T00:00:00,CHI @ WAS,L,9.4,1.0,0.0,0.0,2.0,7.0,0.0,4.0,4.0,0.0,0.0,1.0,1.0,12.2,1,13074,13074,13074,22670,11535,10158,9917,12984,12242,1,8806,23698,8004,1,4972,12373,17566,1.0,9:24,2015,2016
2015-16,203084,Harrison Barnes,Harrison,1610612744,GSW,Golden State Warriors,21501011,2016-03-16T00:00:00,GSW vs. NYK,W,31.6,0.0,2.0,2.0,4.0,2.0,6.0,3.0,20.0,0.0,0.0,1.0,2.0,15.7,1,1,1,1,6245,12059,4731,4675,8599,2619,13237,7328,11929,8004,1,4972,7786,14841,1.0,31:35,2015,2016
2015-16,203476,Gorgui Dieng,Gorgui,1610612750,MIN,Minnesota Timberwolves,21501008,2016-03-16T00:00:00,MIN @ MEM,W,31.7,2.0,2.0,2.0,10.0,12.0,14.0,15.0,44.0,3.0,1.0,3.0,2.0,40.7,1,1,1,1,6153,6026,4731,4675,1840,20178,24300,24242,454,347,17214,17641,7786,2199,1.0,31:42,2015,2016
2015-16,203083,Andre Drummond,Andre,1610612765,DET,Detroit Pistons,21501007,2016-03-16T00:00:00,DET vs. ATL,L,34.1,5.0,9.0,2.0,10.0,9.0,6.0,10.0,28.0,1.0,0.0,3.0,10.0,40.6,1,13074,13074,13074,4295,1603,77,4675,1840,15771,13237,20169,5824,2692,1,17641,76,2230,1.0,34:04,2015,2016
2015-16,203469,Cody Zeller,Cody,1610612766,CHA,Charlotte Hornets,21501004,2016-03-16T00:00:00,CHA vs. ORL,W,29.3,2.0,2.0,2.0,10.0,6.0,2.0,2.0,20.0,1.0,1.0,2.0,4.0,30.6,1,1,1,1,8109,6026,4731,4675,1840,10028,3734,4025,11929,2692,17214,11390,2748,5574,1.0,29:19,2015,2016
2015-16,201954,Darren Collison,Darren,1610612758,SAC,Sacramento Kings,21501010,2016-03-16T00:00:00,SAC vs. NOP,L,27.2,5.0,0.0,7.0,8.0,8.0,14.0,5.0,18.0,0.0,0.0,4.0,4.0,30.2,1,13074,13074,13074,9836,1603,10158,454,3109,13914,24300,11593,13577,8004,1,22104,2748,5751,1.0,27:13,2015,2016
2015-16,200794,Paul Millsap,Paul,1610612737,ATL,Atlanta Hawks,21501007,2016-03-16T00:00:00,ATL @ DET,W,34.1,2.0,0.0,2.0,10.0,12.0,11.0,9.0,38.0,1.0,0.0,2.0,5.0,40.5,1,1,1,1,4264,6026,10158,4675,1840,20178,21814,18829,1422,2692,1,11390,1539,2257,1.0,34:06,2015,2016
2015-16,1626157,Karl-Anthony Towns,Karl-Anthony,1610612750,MIN,Minnesota Timberwolves,21501008,2016-03-16T00:00:00,MIN @ MEM,W,39.7,3.0,0.0,1.0,8.0,26.0,24.0,19.0,62.0,1.0,0.0,3.0,7.0,41.0,1,1,1,1,813,4307,10158,9347,3109,25979,26041,25435,5,2692,1,17641,469,2143,1.0,39:43,2015,2016
2015-16,203926,Doug McDermott,Doug,1610612741,CHI,Chicago Bulls,21501006,2016-03-16T00:00:00,CHI @ WAS,L,30.5,0.0,2.0,2.0,4.0,18.0,7.0,15.0,24.0,0.0,0.0,2.0,4.0,27.2,1,13074,13074,13074,7090,12059,4731,4675,8599,24749,15642,24242,8723,8004,1,11390,2748,7289,1.0,30:31,2015,2016
2015-16,201584,Courtney Lee,Courtney,1610612766,CHA,Charlotte Hornets,21501004,2016-03-16T00:00:00,CHA vs. ORL,W,27.8,0.0,0.0,0.0,0.0,4.0,2.0,2.0,18.0,1.0,1.0,2.0,1.0,15.7,1,1,1,1,9366,12059,10158,9917,18861,6141,3734,4025,13577,2692,17214,11390,12373,14841,1.0,27:49,2015,2016
2015-16,2585,Zaza Pachulia,Zaza,1610612742,DAL,Dallas Mavericks,21501005,2016-03-16T00:00:00,DAL @ CLE,L,13.4,4.0,0.0,2.0,6.0,2.0,2.0,0.0,6.0,0.0,1.0,1.0,2.0,15.8,1,13074,13074,13074,20729,2460,10158,4675,5299,2619,3734,1,22724,8004,17214,4972,7786,14754,1.0,13:26,2015,2016
2015-16,2756,Sasha Vujacic,Sasha,1610612752,NYK,New York Knicks,21501011,2016-03-16T00:00:00,NYK @ GSW,L,20.7,0.0,0.0,0.0,0.0,4.0,8.0,9.0,16.0,0.0,0.0,0.0,2.0,12.3,1,13074,13074,13074,15327,12059,10158,9917,18861,6141,17345,18829,15259,8004,1,1,7786,17524,1.0,20:41,2015,2016
2015-16,201563,Michael Beasley,Michael,1610612745,HOU,Houston Rockets,21501009,2016-03-16T00:00:00,HOU vs. LAC,L,18.7,0.0,4.0,2.0,12.0,13.0,0.0,7.0,12.0,0.0,2.0,2.0,2.0,27.1,1,13074,13074,13074,16946,12059,1596,4675,988,21300,1,15538,18637,8004,23588,11390,7786,7339,1.0,18:42,2015,2016
2015-16,2419,Tayshaun Prince,Tayshaun,1610612750,MIN,Minnesota Timberwolves,21501008,2016-03-16T00:00:00,MIN @ MEM,W,22.2,2.0,0.0,0.0,2.0,14.0,10.0,6.0,32.0,0.0,0.0,1.0,1.0,15.6,1,1,1,1,14048,6026,10158,9917,12984,22292,20509,13388,3535,8004,1,4972,12373,14916,1.0,22:09,2015,2016
2015-16,203096,Jared Sullinger,Jared,1610612738,BOS,Boston Celtics,21501003,2016-03-16T00:00:00,BOS vs. OKC,L,19.9,0.0,4.0,0.0,10.0,9.0,7.0,3.0,24.0,0.0,0.0,2.0,1.0,15.8,1,13074,13074,13074,15996,12059,1596,9917,1840,15771,15642,7328,8723,8004,1,11390,12373,14754,1.0,19:54,2015,2016
2015-16,203521,Matthew Dellavedova,Matthew,1610612739,CLE,Cleveland Cavaliers,21501005,2016-03-16T00:00:00,CLE vs. DAL,W,22.7,0.0,2.0,2.0,6.0,11.0,2.0,2.0,18.0,0.0,0.0,0.0,2.0,19.7,1,1,1,1,13591,12059,4731,4675,5299,18886,3734,4025,13577,8004,1,1,7786,11962,1.0,22:44,2015,2016
2015-16,200755,JJ Redick,JJ,1610612746,LAC,LA Clippers,21501009,2016-03-16T00:00:00,LAC @ HOU,W,31.9,8.0,6.0,5.0,0.0,10.0,5.0,6.0,36.0,0.0,1.0,3.0,4.0,30.5,1,1,1,1,5965,308,481,1277,18861,17370,11469,13388,1943,8004,17214,17641,2748,5620,1.0,31:55,2015,2016
2015-16,202332,Cole Aldrich,Cole,1610612746,LAC,LA Clippers,21501009,2016-03-16T00:00:00,LAC @ HOU,W,10.2,0.0,0.0,0.0,0.0,0.0,2.0,5.0,12.0,3.0,0.0,3.0,0.0,15.5,1,1,1,1,22361,12059,10158,9917,18861,1,3734,11593,18637,347,1,17641,18762,15004,1.0,10:10,2015,2016
2015-16,202087,Alonzo Gee,Alonzo,1610612740,NOP,New Orleans Pelicans,21501010,2016-03-16T00:00:00,NOP @ SAC,W,24.4,3.0,0.0,3.0,4.0,8.0,9.0,2.0,18.0,1.0,0.0,2.0,0.0,19.8,1,1,1,1,12172,4307,10158,3302,8599,13914,19144,4025,13577,2692,1,11390,18762,11883,1.0,24:27,2015,2016
2015-16,202718,Chandler Parsons,Chandler,1610612742,DAL,Dallas Mavericks,21501005,2016-03-16T00:00:00,DAL @ CLE,L,35.7,2.0,0.0,0.0,2.0,11.0,20.0,11.0,32.0,0.0,0.0,2.0,2.0,30.0,1,13074,13074,13074,2946,6026,10158,9917,12984,18886,25875,21342,3535,8004,1,11390,7786,5840,1.0,35:44,2015,2016
2015-16,201935,James Harden,James,1610612745,HOU,Houston Rockets,21501009,2016-03-16T00:00:00,HOU vs. LAC,L,44.2,2.0,2.0,5.0,8.0,24.0,8.0,15.0,42.0,1.0,4.0,2.0,5.0,49.0,1,13074,13074,13074,117,6026,4731,1277,3109,25890,17345,24242,670,2692,25926,11390,1539,862,1.0,44:14,2015,2016
2015-16,202691,Klay Thompson,Klay,1610612744,GSW,Golden State Warriors,21501011,2016-03-16T00:00:00,GSW vs. NYK,W,26.0,0.0,3.0,2.0,4.0,5.0,12.0,0.0,16.0,1.0,0.0,0.0,0.0,29.4,1,1,1,1,10813,12059,3104,4675,8599,8403,22832,1,15259,2692,1,1,18762,6143,1.0,26:02,2015,2016
2015-16,201567,Kevin Love,Kevin,1610612739,CLE,Cleveland Cavaliers,21501005,2016-03-16T00:00:00,CLE vs. DAL,W,33.6,0.0,7.0,0.0,8.0,15.0,2.0,4.0,30.0,2.0,2.0,3.0,5.0,50.1,1,1,1,1,4665,12059,292,9917,3109,23079,3734,8806,4541,932,23588,17641,1539,743,1.0,33:37,2015,2016
2015-16,101107,Marvin Williams,Marvin,1610612766,CHA,Charlotte Hornets,21501004,2016-03-16T00:00:00,CHA vs. ORL,W,30.2,2.0,6.0,0.0,8.0,4.0,2.0,5.0,24.0,1.0,0.0,1.0,2.0,45.8,1,1,1,1,7318,6026,481,9917,3109,6141,3734,11593,8723,2692,1,4972,7786,1242,1.0,30:14,2015,2016
2015-16,202710,Jimmy Butler III,Jimmy,1610612741,CHI,Chicago Bulls,21501006,2016-03-16T00:00:00,CHI @ WAS,L,28.7,4.0,4.0,3.0,6.0,11.0,10.0,14.0,28.0,0.0,2.0,1.0,6.0,36.7,1,13074,13074,13074,8647,2460,1596,3302,5299,18886,20509,23710,5824,8004,23588,4972,873,3269,1.0,28:42,2015,2016
2015-16,201599,DeAndre Jordan,DeAndre,1610612746,LAC,LA Clippers,21501009,2016-03-16T00:00:00,LAC @ HOU,W,37.2,4.0,2.0,0.0,16.0,12.0,9.0,6.0,38.0,2.0,0.0,2.0,8.0,51.7,1,1,1,1,1949,2460,4731,9917,275,20178,19144,13388,1422,932,1,11390,254,595,1.0,37:13,2015,2016
2015-16,203484,Kentavious Caldwell-Pope,Kentavious,1610612765,DET,Detroit Pistons,21501007,2016-03-16T00:00:00,DET vs. ATL,L,39.1,3.0,0.0,5.0,8.0,14.0,13.0,15.0,34.0,2.0,0.0,2.0,5.0,35.8,1,13074,13074,13074,1040,4307,10158,1277,3109,22292,23668,24242,2701,932,1,11390,1539,3541,1.0,39:05,2015,2016
2015-16,201142,Kevin Durant,Kevin,1610612760,OKC,Oklahoma City Thunder,21501003,2016-03-16T00:00:00,OKC @ BOS,W,29.9,2.0,2.0,3.0,12.0,0.0,13.0,0.0,30.0,2.0,0.0,3.0,5.0,54.9,1,1,1,1,7670,6026,4731,3302,988,1,23668,1,4541,932,1,17641,1539,401,1.0,29:51,2015,2016
2015-16,202697,Iman Shumpert,Iman,1610612739,CLE,Cleveland Cavaliers,21501005,2016-03-16T00:00:00,CLE vs. DAL,W,31.7,0.0,0.0,0.0,2.0,13.0,2.0,2.0,32.0,1.0,1.0,3.0,0.0,24.3,1,1,1,1,6179,12059,10158,9917,12984,21300,3734,4025,3535,2692,17214,17641,18762,8939,1.0,31:40,2015,2016
2015-16,201587,Nicolas Batum,Nicolas,1610612766,CHA,Charlotte Hornets,21501004,2016-03-16T00:00:00,CHA vs. ORL,W,38.4,2.0,1.0,8.0,6.0,6.0,2.0,10.0,28.0,0.0,1.0,0.0,2.0,46.9,1,1,1,1,1349,6026,9709,280,5299,10028,3734,20169,5824,8004,17214,1,7786,1095,1.0,38:21,2015,2016
2015-16,202326,DeMarcus Cousins,DeMarcus,1610612758,SAC,Sacramento Kings,21501010,2016-03-16T00:00:00,SAC vs. NOP,L,34.1,2.0,0.0,0.0,10.0,17.0,12.0,14.0,24.0,2.0,0.0,2.0,3.0,49.9,1,13074,13074,13074,4295,6026,10158,9917,1840,24337,22832,23710,8723,932,1,11390,4736,765,1.0,34:04,2015,2016
2015-16,203506,Victor Oladipo,Victor,1610612753,ORL,Orlando Magic,21501004,2016-03-16T00:00:00,ORL @ CHA,L,42.4,0.0,0.0,3.0,12.0,8.0,11.0,12.0,34.0,3.0,1.0,1.0,3.0,46.5,1,13074,13074,13074,259,12059,10158,3302,988,13914,21814,22259,2701,347,17214,4972,4736,1137,1.0,42:25,2015,2016
2015-16,203145,Kent Bazemore,Kent,1610612737,ATL,Atlanta Hawks,21501007,2016-03-16T00:00:00,ATL @ DET,W,27.3,4.0,0.0,4.0,6.0,11.0,8.0,7.0,28.0,0.0,0.0,4.0,3.0,29.0,1,1,1,1,9804,2460,10158,1913,5299,18886,17345,15538,5824,8004,1,22104,4736,6346,1.0,27:15,2015,2016
2015-16,202738,Isaiah Thomas,Isaiah,1610612738,BOS,Boston Celtics,21501003,2016-03-16T00:00:00,BOS vs. OKC,L,29.0,2.0,3.0,2.0,16.0,13.0,17.0,12.0,38.0,0.0,0.0,1.0,5.0,29.9,1,13074,13074,13074,8355,6026,3104,4675,275,21300,25429,22259,1422,8004,1,4972,1539,5884,1.0,29:01,2015,2016
2015-16,201939,Stephen Curry,Stephen,1610612744,GSW,Golden State Warriors,21501011,2016-03-16T00:00:00,GSW vs. NYK,W,28.4,2.0,3.0,12.0,4.0,7.0,10.0,5.0,16.0,0.0,0.0,2.0,2.0,45.2,1,1,1,1,8966,6026,3104,42,8599,12242,20509,11593,15259,8004,1,11390,7786,1324,1.0,28:21,2015,2016
2015-16,201952,Jeff Teague,Jeff,1610612737,ATL,Atlanta Hawks,21501007,2016-03-16T00:00:00,ATL @ DET,W,28.4,0.0,2.0,4.0,4.0,10.0,7.0,8.0,32.0,0.0,1.0,1.0,8.0,36.9,1,1,1,1,8934,12059,4731,1913,8599,17370,15642,17194,3535,8004,17214,4972,254,3210,1.0,28:23,2015,2016
2015-16,1717,Dirk Nowitzki,Dirk,1610612742,DAL,Dallas Mavericks,21501005,2016-03-16T00:00:00,DAL @ CLE,L,34.8,7.0,2.0,0.0,8.0,10.0,16.0,7.0,20.0,3.0,0.0,1.0,6.0,37.3,1,13074,13074,13074,3701,548,4731,9917,3109,17370,25155,15538,11929,347,1,4972,873,3105,1.0,34:47,2015,2016
2015-16,203076,Anthony Davis,Anthony,1610612740,NOP,New Orleans Pelicans,21501010,2016-03-16T00:00:00,NOP @ SAC,W,31.2,2.0,6.0,0.0,6.0,9.0,2.0,10.0,36.0,2.0,0.0,2.0,5.0,54.8,1,1,1,1,6605,6026,481,9917,5299,15771,3734,20169,1943,932,1,11390,1539,404,1.0,31:09,2015,2016
2015-16,203952,Andrew Wiggins,Andrew,1610612750,MIN,Minnesota Timberwolves,21501008,2016-03-16T00:00:00,MIN @ MEM,W,30.8,2.0,5.0,2.0,6.0,16.0,16.0,21.0,56.0,2.0,2.0,3.0,0.0,24.1,1,1,1,1,6860,6026,995,4675,5299,23774,25155,25725,21,932,23588,17641,18762,9068,1.0,30:50,2015,2016
2015-16,1626171,Bobby Portis,Bobby,1610612741,CHI,Chicago Bulls,21501006,2016-03-16T00:00:00,CHI @ WAS,L,24.6,0.0,2.0,0.0,4.0,16.0,7.0,17.0,24.0,1.0,1.0,3.0,2.0,24.5,1,13074,13074,13074,12000,12059,4731,9917,8599,23774,15642,24967,8723,2692,17214,17641,7786,8801,1.0,24:37,2015,2016
2015-16,201937,Ricky Rubio,Ricky,1610612750,MIN,Minnesota Timberwolves,21501008,2016-03-16T00:00:00,MIN @ MEM,W,28.4,2.0,0.0,2.0,2.0,19.0,19.0,19.0,54.0,0.0,1.0,5.0,6.0,36.1,1,1,1,1,8891,6026,10158,4675,12984,25074,25786,25435,35,8004,17214,24686,873,3432,1.0,28:26,2015,2016
2015-16,202322,John Wall,John,1610612764,WAS,Washington Wizards,21501006,2016-03-16T00:00:00,WAS vs. CHI,W,39.1,3.0,1.0,11.0,12.0,4.0,11.0,7.0,24.0,1.0,0.0,0.0,5.0,63.0,1,1,1,1,1051,4307,9709,69,988,6141,21814,15538,8723,2692,1,1,1539,121,1.0,39:03,2015,2016
2015-16,101108,Chris Paul,Chris,1610612746,LAC,LA Clippers,21501009,2016-03-16T00:00:00,LAC @ HOU,W,31.9,3.0,0.0,2.0,4.0,10.0,5.0,4.0,32.0,0.0,0.0,0.0,5.0,46.8,1,1,1,1,5994,4307,10158,4675,8599,17370,11469,8806,3535,8004,1,1,1539,1102,1.0,31:53,2015,2016
2015-16,201566,Russell Westbrook,Russell,1610612760,OKC,Oklahoma City Thunder,21501003,2016-03-16T00:00:00,OKC @ BOS,W,26.2,2.0,0.0,6.0,8.0,4.0,13.0,4.0,42.0,0.0,0.0,1.0,6.0,44.5,1,1,1,1,10726,6026,10158,740,3109,6141,23668,8806,670,8004,1,4972,873,1459,1.0,26:09,2015,2016
2015-16,201143,Al Horford,Al,1610612737,ATL,Atlanta Hawks,21501007,2016-03-16T00:00:00,ATL @ DET,W,35.1,0.0,5.0,0.0,10.0,8.0,8.0,6.0,26.0,1.0,0.0,2.0,1.0,43.2,1,1,1,1,3476,12059,995,9917,1840,13914,17345,13388,7214,2692,1,11390,12373,1699,1.0,35:05,2015,2016
2015-16,200826,J.J. Barea,J.J.,1610612742,DAL,Dallas Mavericks,21501005,2016-03-16T00:00:00,DAL @ CLE,L,23.2,0.0,0.0,0.0,6.0,7.0,6.0,2.0,20.0,0.0,1.0,3.0,0.0,24.6,1,13074,13074,13074,13160,12059,10158,9917,5299,12242,13237,4025,11929,8004,17214,17641,18762,8724,1.0,23:14,2015,2016
2015-16,1626145,Tyus Jones,Tyus,1610612750,MIN,Minnesota Timberwolves,21501008,2016-03-16T00:00:00,MIN @ MEM,W,19.2,3.0,2.0,3.0,6.0,7.0,5.0,2.0,16.0,2.0,0.0,0.0,3.0,24.5,1,1,1,1,16540,4307,4731,3302,5299,12242,11469,4025,15259,932,1,1,4736,8801,1.0,19:11,2015,2016
2015-16,201943,Brandon Jennings,Brandon,1610612753,ORL,Orlando Magic,21501004,2016-03-16T00:00:00,ORL @ CHA,L,23.9,0.0,2.0,0.0,4.0,4.0,2.0,12.0,20.0,0.0,0.0,3.0,2.0,29.6,1,13074,13074,13074,12630,12059,4731,9917,8599,6141,3734,22259,11929,8004,1,17641,7786,6050,1.0,23:55,2015,2016
2015-16,202362,Lance Stephenson,Lance,1610612763,MEM,Memphis Grizzlies,21501008,2016-03-16T00:00:00,MEM vs. MIN,L,35.8,4.0,4.0,2.0,14.0,10.0,9.0,8.0,26.0,0.0,1.0,4.0,8.0,46.7,1,13074,13074,13074,2879,2460,1596,4675,542,17370,19144,17194,7214,8004,17214,22104,254,1112,1.0,35:49,2015,2016
2015-16,2210,Richard Jefferson,Richard,1610612739,CLE,Cleveland Cavaliers,21501005,2016-03-16T00:00:00,CLE vs. DAL,W,18.1,0.0,3.0,0.0,2.0,4.0,0.0,0.0,14.0,0.0,0.0,1.0,2.0,11.5,1,1,1,1,17402,12059,3104,9917,12984,6141,1,1,17019,8004,1,4972,7786,18079,1.0,18:08,2015,2016
2015-16,201959,Taj Gibson,Taj,1610612741,CHI,Chicago Bulls,21501006,2016-03-16T00:00:00,CHI @ WAS,L,7.4,0.0,3.0,0.0,2.0,3.0,0.0,7.0,10.0,0.0,1.0,2.0,1.0,11.5,1,13074,13074,13074,23426,12059,3104,9917,12984,5109,1,15538,20209,8004,17214,11390,12373,18079,1.0,7:23,2015,2016
2015-16,202713,Kyle Singler,Kyle,1610612760,OKC,Oklahoma City Thunder,21501003,2016-03-16T00:00:00,OKC @ BOS,W,23.0,0.0,2.0,0.0,8.0,9.0,13.0,4.0,38.0,0.0,0.0,3.0,0.0,13.9,1,1,1,1,13367,12059,4731,9917,3109,15771,23668,8806,1422,8004,1,17641,18762,16232,1.0,23:01,2015,2016
2015-16,1626161,Willie Cauley-Stein,Willie,1610612758,SAC,Sacramento Kings,21501010,2016-03-16T00:00:00,SAC vs. NOP,L,24.1,2.0,2.0,0.0,2.0,9.0,13.0,5.0,24.0,0.0,1.0,1.0,0.0,13.4,1,13074,13074,13074,12508,6026,4731,9917,12984,15771,23668,11593,8723,8004,17214,4972,18762,16614,1.0,24:03,2015,2016
2015-16,203110,Draymond Green,Draymond,1610612744,GSW,Golden State Warriors,21501011,2016-03-16T00:00:00,GSW vs. NYK,W,28.6,0.0,2.0,0.0,6.0,7.0,10.0,5.0,16.0,2.0,1.0,2.0,1.0,39.2,1,1,1,1,8718,12059,4731,9917,5299,12242,20509,11593,15259,932,17214,11390,12373,2590,1.0,28:37,2015,2016
2015-16,203935,Marcus Smart,Marcus,1610612738,BOS,Boston Celtics,21501003,2016-03-16T00:00:00,BOS vs. OKC,L,22.8,0.0,2.0,0.0,2.0,9.0,7.0,3.0,28.0,0.0,3.0,3.0,2.0,13.9,1,13074,13074,13074,13570,12059,4731,9917,12984,15771,15642,7328,5824,8004,25441,17641,7786,16232,1.0,22:45,2015,2016
2015-16,2747,JR Smith,JR,1610612739,CLE,Cleveland Cavaliers,21501005,2016-03-16T00:00:00,CLE vs. DAL,W,39.9,2.0,5.0,2.0,6.0,19.0,4.0,4.0,46.0,0.0,1.0,3.0,0.0,31.8,1,1,1,1,771,6026,995,4675,5299,25074,8458,8806,298,8004,17214,17641,18762,5041,1.0,39:51,2015,2016
2015-16,203094,Andrew Nicholson,Andrew,1610612753,ORL,Orlando Magic,21501004,2016-03-16T00:00:00,ORL @ CHA,L,23.1,2.0,0.0,0.0,6.0,2.0,5.0,0.0,12.0,2.0,0.0,5.0,1.0,32.9,1,13074,13074,13074,13257,6026,10158,9917,5299,2619,11469,1,18637,932,1,24686,12373,4566,1.0,23:08,2015,2016
2015-16,1626166,Cameron Payne,Cameron,1610612760,OKC,Oklahoma City Thunder,21501003,2016-03-16T00:00:00,OKC @ BOS,W,21.7,0.0,0.0,0.0,2.0,5.0,9.0,0.0,20.0,1.0,0.0,4.0,1.0,17.8,1,1,1,1,14479,12059,10158,9917,12984,8403,19144,1,11929,2692,1,22104,12373,13309,1.0,21:39,2015,2016
2015-16,203085,Austin Rivers,Austin,1610612746,LAC,LA Clippers,21501009,2016-03-16T00:00:00,LAC @ HOU,W,18.6,2.0,0.0,2.0,2.0,4.0,6.0,9.0,22.0,0.0,1.0,3.0,1.0,17.1,1,1,1,1,17023,6026,10158,4675,12984,6141,13237,18829,10265,8004,17214,17641,12373,13791,1.0,18:35,2015,2016
2015-16,2403,Nene,ene,1610612764,WAS,Washington Wizards,21501006,2016-03-16T00:00:00,WAS vs. CHI,W,23.5,2.0,0.0,2.0,4.0,1.0,11.0,3.0,16.0,1.0,0.0,2.0,4.0,22.3,1,1,1,1,12992,6026,10158,4675,8599,2356,21814,7328,15259,2692,1,11390,2748,10208,1.0,23:28,2015,2016
2015-16,201956,Omri Casspi,Omri,1610612758,SAC,Sacramento Kings,21501010,2016-03-16T00:00:00,SAC vs. NOP,L,27.3,3.0,2.0,0.0,6.0,10.0,6.0,7.0,30.0,0.0,1.0,1.0,0.0,22.7,1,13074,13074,13074,9794,4307,4731,9917,5299,17370,13237,15538,4541,8004,17214,4972,18762,9938,1.0,27:16,2015,2016
2015-16,203210,JaMychal Green,JaMychal,1610612763,MEM,Memphis Grizzlies,21501008,2016-03-16T00:00:00,MEM vs. MIN,L,31.1,5.0,7.0,7.0,12.0,6.0,10.0,9.0,24.0,0.0,2.0,2.0,4.0,32.5,1,13074,13074,13074,6637,1603,292,454,988,10028,20509,18829,8723,8004,23588,11390,2748,4726,1.0,31:06,2015,2016
2015-16,202699,Tobias Harris,Tobias,1610612765,DET,Detroit Pistons,21501007,2016-03-16T00:00:00,DET vs. ATL,L,34.2,2.0,2.0,2.0,8.0,11.0,13.0,12.0,28.0,0.0,2.0,3.0,3.0,38.7,1,13074,13074,13074,4161,6026,4731,4675,3109,18886,23668,22259,5824,8004,23588,17641,4736,2717,1.0,34:14,2015,2016
2015-16,2546,Carmelo Anthony,Carmelo,1610612752,NYK,New York Knicks,21501011,2016-03-16T00:00:00,NYK @ GSW,L,29.9,3.0,3.0,0.0,6.0,4.0,9.0,22.0,32.0,0.0,0.0,3.0,1.0,32.2,1,13074,13074,13074,7636,4307,3104,9917,5299,6141,19144,25811,3535,8004,1,17641,12373,4846,1.0,29:53,2015,2016
2015-16,203118,Mike Scott,Mike,1610612737,ATL,Atlanta Hawks,21501007,2016-03-16T00:00:00,ATL @ DET,W,15.3,0.0,0.0,0.0,4.0,7.0,4.0,5.0,6.0,1.0,0.0,2.0,0.0,13.9,1,1,1,1,19559,12059,10158,9917,8599,12242,8458,11593,22724,2692,1,11390,18762,16232,1.0,15:18,2015,2016
2015-16,200797,Ryan Hollins,Ryan,1610612763,MEM,Memphis Grizzlies,21501008,2016-03-16T00:00:00,MEM vs. MIN,L,24.2,4.0,6.0,0.0,12.0,7.0,8.0,7.0,22.0,2.0,1.0,2.0,0.0,27.5,1,13074,13074,13074,12360,2460,481,9917,988,12242,17345,15538,10265,932,17214,11390,18762,7137,1.0,24:14,2015,2016
2015-16,203897,Zach LaVine,Zach,1610612750,MIN,Minnesota Timberwolves,21501008,2016-03-16T00:00:00,MIN @ MEM,W,40.6,0.0,5.0,0.0,0.0,21.0,20.0,21.0,62.0,0.0,1.0,1.0,1.0,33.1,1,1,1,1,591,12059,995,9917,18861,25535,25875,25725,5,8004,17214,4972,12373,4505,1.0,40:33,2015,2016
2015-16,200751,Randy Foye,Randy,1610612760,OKC,Oklahoma City Thunder,21501003,2016-03-16T00:00:00,OKC @ BOS,W,28.1,0.0,0.0,2.0,2.0,9.0,9.0,2.0,36.0,0.0,0.0,4.0,1.0,16.8,1,1,1,1,9183,12059,10158,4675,12984,15771,19144,4025,1943,8004,1,22104,12373,13996,1.0,28:04,2015,2016
2015-16,2037,Jamal Crawford,Jamal,1610612746,LAC,LA Clippers,21501009,2016-03-16T00:00:00,LAC @ HOU,W,27.5,3.0,0.0,0.0,2.0,4.0,10.0,7.0,32.0,1.0,0.0,1.0,4.0,31.7,1,1,1,1,9644,4307,10158,9917,12984,6141,20509,15538,3535,2692,1,4972,2748,5088,1.0,27:28,2015,2016
2015-16,101162,Marcin Gortat,Marcin,1610612764,WAS,Washington Wizards,21501006,2016-03-16T00:00:00,WAS vs. CHI,W,18.3,0.0,2.0,0.0,6.0,6.0,2.0,8.0,18.0,1.0,1.0,3.0,2.0,22.2,1,1,1,1,17253,12059,4731,9917,5299,10028,3734,17194,13577,2692,17214,17641,7786,10263,1.0,18:19,2015,2016
2015-16,2772,Trevor Ariza,Trevor,1610612745,HOU,Houston Rockets,21501009,2016-03-16T00:00:00,HOU vs. LAC,L,36.3,0.0,2.0,0.0,4.0,22.0,8.0,13.0,34.0,1.0,0.0,4.0,3.0,32.2,1,13074,13074,13074,2554,12059,4731,9917,8599,25683,17345,23048,2701,2692,1,22104,4736,4846,1.0,36:17,2015,2016
2015-16,101106,Andrew Bogut,Andrew,1610612744,GSW,Golden State Warriors,21501011,2016-03-16T00:00:00,GSW vs. NYK,W,22.4,2.0,2.0,0.0,10.0,5.0,10.0,3.0,10.0,1.0,0.0,4.0,0.0,28.4,1,1,1,1,13854,6026,4731,9917,1840,8403,20509,7328,20209,2692,1,22104,18762,6663,1.0,22:22,2015,2016
2015-16,203471,Dennis Schröder,Dennis,1610612737,ATL,Atlanta Hawks,21501007,2016-03-16T00:00:00,ATL @ DET,W,21.5,0.0,0.0,2.0,6.0,12.0,7.0,5.0,14.0,0.0,1.0,2.0,3.0,31.7,1,1,1,1,14601,12059,10158,4675,5299,20178,15642,11593,17019,8004,17214,11390,4736,5088,1.0,21:29,2015,2016
2015-16,201583,Ryan Anderson,Ryan,1610612740,NOP,New Orleans Pelicans,21501010,2016-03-16T00:00:00,NOP @ SAC,W,27.9,2.0,5.0,3.0,2.0,11.0,9.0,8.0,18.0,0.0,2.0,2.0,3.0,38.5,1,1,1,1,9294,6026,995,3302,12984,18886,19144,17194,13577,8004,23588,11390,4736,2771,1.0,27:55,2015,2016
2015-16,2440,Matt Barnes,Matt,1610612763,MEM,Memphis Grizzlies,21501008,2016-03-16T00:00:00,MEM vs. MIN,L,36.9,4.0,2.0,2.0,8.0,11.0,14.0,9.0,26.0,3.0,2.0,5.0,3.0,39.5,1,13074,13074,13074,2165,2460,4731,4675,3109,18886,24300,18829,7214,347,23588,24686,4736,2497,1.0,36:52,2015,2016
2015-16,201565,Derrick Rose,Derrick,1610612741,CHI,Chicago Bulls,21501006,2016-03-16T00:00:00,CHI @ WAS,L,29.1,0.0,0.0,2.0,8.0,8.0,12.0,8.0,30.0,0.0,1.0,0.0,2.0,27.6,1,13074,13074,13074,8324,12059,10158,4675,3109,13914,22832,17194,4541,8004,17214,1,7786,7080,1.0,29:04,2015,2016
2015-16,202704,Reggie Jackson,Reggie,1610612765,DET,Detroit Pistons,21501007,2016-03-16T00:00:00,DET vs. ATL,L,29.5,4.0,0.0,0.0,12.0,6.0,2.0,10.0,26.0,1.0,0.0,5.0,2.0,32.0,1,13074,13074,13074,7961,2460,10158,9917,988,10028,3734,20169,7214,2692,1,24686,7786,4945,1.0,29:31,2015,2016
2015-16,1626245,Cristiano Felicio,Cristiano,1610612741,CHI,Chicago Bulls,21501006,2016-03-16T00:00:00,CHI @ WAS,L,16.9,2.0,0.0,0.0,2.0,7.0,5.0,3.0,10.0,0.0,0.0,1.0,0.0,13.7,1,13074,13074,13074,18369,6026,10158,9917,12984,12242,11469,7328,20209,8004,1,4972,18762,16393,1.0,16:52,2015,2016
2015-16,203490,Otto Porter Jr.,Otto,1610612764,WAS,Washington Wizards,21501006,2016-03-16T00:00:00,WAS vs. CHI,W,36.4,6.0,0.0,5.0,2.0,5.0,7.0,9.0,24.0,2.0,0.0,3.0,3.0,32.0,1,1,1,1,2469,878,10158,1277,12984,8403,15642,18829,8723,932,1,17641,4736,4945,1.0,36:24,2015,2016
2015-16,1626209,Mario Hezonja,Mario,1610612753,ORL,Orlando Magic,21501004,2016-03-16T00:00:00,ORL @ CHA,L,30.3,2.0,0.0,2.0,2.0,2.0,8.0,11.0,28.0,1.0,1.0,1.0,0.0,22.3,1,13074,13074,13074,7262,6026,10158,4675,12984,2619,17345,21342,5824,2692,17214,4972,18762,10208,1.0,30:18,2015,2016
2015-16,203078,Bradley Beal,Bradley,1610612764,WAS,Washington Wizards,21501006,2016-03-16T00:00:00,WAS vs. CHI,W,30.6,4.0,7.0,2.0,12.0,6.0,8.0,9.0,26.0,0.0,1.0,3.0,3.0,39.4,1,1,1,1,7058,2460,292,4675,988,10028,17345,18829,7214,8004,17214,17641,4736,2530,1.0,30:33,2015,2016
2015-16,201575,Brandon Rush,Brandon,1610612744,GSW,Golden State Warriors,21501011,2016-03-16T00:00:00,GSW vs. NYK,W,20.1,0.0,2.0,0.0,4.0,5.0,10.0,2.0,16.0,1.0,1.0,0.0,0.0,16.8,1,1,1,1,15851,12059,4731,9917,8599,8403,20509,4025,15259,2692,17214,1,18762,13996,1.0,20:05,2015,2016
2015-16,1626175,Jordan Mickey,Jordan,1610612738,BOS,Boston Celtics,21501003,2016-03-16T00:00:00,BOS vs. OKC,L,8.9,0.0,2.0,0.0,4.0,0.0,2.0,0.0,14.0,1.0,0.0,0.0,1.0,10.4,1,13074,13074,13074,22877,12059,4731,9917,8599,1,3734,1,17019,2692,1,1,12373,18859,1.0,8:54,2015,2016
2015-16,204025,Tim Frazier,Tim,1610612740,NOP,New Orleans Pelicans,21501010,2016-03-16T00:00:00,NOP @ SAC,W,26.5,0.0,2.0,2.0,6.0,11.0,6.0,5.0,22.0,0.0,0.0,2.0,2.0,34.1,1,1,1,1,10422,12059,4731,4675,5299,18886,13237,11593,10265,8004,1,11390,7786,4124,1.0,26:32,2015,2016
2015-16,1627362,Briante Weber,Briante,1610612763,MEM,Memphis Grizzlies,21501008,2016-03-16T00:00:00,MEM vs. MIN,L,34.0,4.0,0.0,4.0,6.0,7.0,10.0,7.0,24.0,1.0,1.0,3.0,1.0,25.6,1,13074,13074,13074,4383,2460,10158,1913,5299,12242,20509,15538,8723,2692,17214,17641,12373,8157,1.0,33:57,2015,2016
2015-16,101135,David Lee,David,1610612742,DAL,Dallas Mavericks,21501005,2016-03-16T00:00:00,DAL @ CLE,L,21.6,4.0,0.0,2.0,14.0,9.0,2.0,8.0,26.0,0.0,1.0,2.0,4.0,25.1,1,13074,13074,13074,14550,2460,10158,4675,542,15771,3734,17194,7214,8004,17214,11390,2748,8429,1.0,21:33,2015,2016
2015-16,101161,Amir Johnson,Amir,1610612738,BOS,Boston Celtics,21501003,2016-03-16T00:00:00,BOS vs. OKC,L,24.7,0.0,4.0,0.0,10.0,11.0,11.0,6.0,30.0,1.0,0.0,2.0,1.0,34.9,1,13074,13074,13074,11953,12059,1596,9917,1840,18886,21814,13388,4541,2692,1,11390,12373,3845,1.0,24:41,2015,2016
2015-16,203092,Tyler Zeller,Tyler,1610612738,BOS,Boston Celtics,21501003,2016-03-16T00:00:00,BOS vs. OKC,L,18.2,2.0,0.0,0.0,8.0,2.0,10.0,8.0,26.0,2.0,0.0,3.0,5.0,25.6,1,13074,13074,13074,17388,6026,10158,9917,3109,2619,20509,17194,7214,932,1,17641,1539,8157,1.0,18:09,2015,2016
2015-16,204038,Langston Galloway,Langston,1610612752,NYK,New York Knicks,21501011,2016-03-16T00:00:00,NYK @ GSW,L,32.7,2.0,0.0,3.0,4.0,2.0,15.0,12.0,30.0,0.0,0.0,2.0,1.0,25.6,1,13074,13074,13074,5370,6026,10158,3302,8599,2619,24781,22259,4541,8004,1,11390,12373,8157,1.0,32:40,2015,2016
2015-16,201967,Dante Cunningham,Dante,1610612740,NOP,New Orleans Pelicans,21501010,2016-03-16T00:00:00,NOP @ SAC,W,25.6,2.0,0.0,2.0,4.0,7.0,4.0,2.0,32.0,0.0,0.0,0.0,0.0,10.2,1,1,1,1,11249,6026,10158,4675,8599,12242,8458,4025,3535,8004,1,1,18762,19003,1.0,25:34,2015,2016
2015-16,202694,Marcus Morris Sr.,Marcus,1610612765,DET,Detroit Pistons,21501007,2016-03-16T00:00:00,DET vs. ATL,L,37.3,2.0,0.0,2.0,2.0,11.0,2.0,13.0,32.0,0.0,0.0,5.0,4.0,22.8,1,13074,13074,13074,1910,6026,10158,4675,12984,18886,3734,23048,3535,8004,1,24686,2748,9883,1.0,37:16,2015,2016
2015-16,203546,Ian Clark,Ian,1610612744,GSW,Golden State Warriors,21501011,2016-03-16T00:00:00,GSW vs. NYK,W,11.9,0.0,2.0,0.0,0.0,2.0,4.0,2.0,10.0,0.0,0.0,0.0,0.0,10.2,1,1,1,1,21659,12059,4731,9917,18861,2619,8458,4025,20209,8004,1,1,18762,19003,1.0,11:52,2015,2016
2015-16,2570,Kendrick Perkins,Kendrick,1610612740,NOP,New Orleans Pelicans,21501010,2016-03-16T00:00:00,NOP @ SAC,W,18.9,0.0,0.0,0.0,4.0,8.0,7.0,3.0,8.0,0.0,0.0,0.0,0.0,10.2,1,1,1,1,16806,12059,10158,9917,8599,13914,15642,7328,21543,8004,1,1,18762,19003,1.0,18:52,2015,2016
2015-16,2571,Leandro Barbosa,Leandro,1610612744,GSW,Golden State Warriors,21501011,2016-03-16T00:00:00,GSW vs. NYK,W,22.0,0.0,0.0,4.0,4.0,4.0,2.0,7.0,16.0,0.0,0.0,0.0,2.0,14.8,1,1,1,1,14199,12059,10158,1913,8599,6141,3734,15538,15259,8004,1,1,7786,15561,1.0,21:58,2015,2016
2015-16,101112,Channing Frye,Channing,1610612739,CLE,Cleveland Cavaliers,21501005,2016-03-16T00:00:00,CLE vs. DAL,W,18.1,3.0,0.0,0.0,4.0,2.0,2.0,0.0,10.0,0.0,0.0,2.0,2.0,19.6,1,1,1,1,17454,4307,10158,9917,8599,2619,3734,1,20209,8004,1,11390,7786,12024,1.0,18:05,2015,2016
2015-16,2754,Tony Allen,Tony,1610612763,MEM,Memphis Grizzlies,21501008,2016-03-16T00:00:00,MEM vs. MIN,L,33.3,0.0,0.0,4.0,8.0,13.0,5.0,6.0,28.0,1.0,1.0,2.0,1.0,19.6,1,13074,13074,13074,4859,12059,10158,1913,3109,21300,11469,13388,5824,2692,17214,11390,12373,12024,1.0,33:21,2015,2016
2015-16,203552,Seth Curry,Seth,1610612758,SAC,Sacramento Kings,21501010,2016-03-16T00:00:00,SAC vs. NOP,L,33.8,0.0,0.0,0.0,6.0,19.0,4.0,16.0,34.0,0.0,2.0,1.0,1.0,18.9,1,13074,13074,13074,4537,12059,10158,9917,5299,25074,8458,24641,2701,8004,23588,4972,12373,12513,1.0,33:46,2015,2016
2015-16,200752,Rudy Gay,Rudy,1610612758,SAC,Sacramento Kings,21501010,2016-03-16T00:00:00,SAC vs. NOP,L,32.2,0.0,0.0,3.0,4.0,17.0,12.0,14.0,18.0,0.0,0.0,2.0,3.0,23.5,1,13074,13074,13074,5692,12059,10158,3302,8599,24337,22832,23710,13577,8004,1,11390,4736,9452,1.0,32:14,2015,2016
2015-16,202341,James Anderson,James,1610612758,SAC,Sacramento Kings,21501010,2016-03-16T00:00:00,SAC vs. NOP,L,33.7,2.0,3.0,0.0,8.0,15.0,12.0,13.0,28.0,0.0,0.0,1.0,0.0,25.3,1,13074,13074,13074,4629,6026,3104,9917,3109,23079,22832,23048,5824,8004,1,4972,18762,8340,1.0,33:39,2015,2016
2015-16,1626154,RJ Hunter,RJ,1610612738,BOS,Boston Celtics,21501003,2016-03-16T00:00:00,BOS vs. OKC,L,10.7,3.0,3.0,0.0,0.0,0.0,2.0,2.0,18.0,0.0,0.0,0.0,0.0,9.9,1,13074,13074,13074,22154,4307,3104,9917,18861,1,3734,4025,13577,8004,1,1,18762,19247,1.0,10:42,2015,2016
2015-16,202683,Enes Freedom,Enes,1610612760,OKC,Oklahoma City Thunder,21501003,2016-03-16T00:00:00,OKC @ BOS,W,25.7,2.0,8.0,0.0,14.0,9.0,9.0,2.0,34.0,1.0,3.0,3.0,5.0,33.9,1,1,1,1,11078,6026,137,9917,542,15771,19144,4025,2701,2692,25441,17641,1539,4208,1.0,25:44,2015,2016
2015-16,201962,Toney Douglas,Toney,1610612740,NOP,New Orleans Pelicans,21501010,2016-03-16T00:00:00,NOP @ SAC,W,21.5,8.0,0.0,6.0,2.0,4.0,3.0,5.0,24.0,1.0,0.0,3.0,3.0,25.1,1,1,1,1,14625,308,10158,740,12984,6141,7138,11593,8723,2692,1,17641,4736,8429,1.0,21:28,2015,2016
2015-16,203500,Steven Adams,Steven,1610612760,OKC,Oklahoma City Thunder,21501003,2016-03-16T00:00:00,OKC @ BOS,W,20.3,2.0,2.0,1.0,4.0,0.0,13.0,2.0,28.0,0.0,0.0,1.0,2.0,19.1,1,1,1,1,15679,6026,4731,9347,8599,1,23668,4025,5824,8004,1,4972,7786,12372,1.0,20:15,2015,2016
2015-16,1626185,Jarell Martin,Jarell,1610612763,MEM,Memphis Grizzlies,21501008,2016-03-16T00:00:00,MEM vs. MIN,L,23.5,2.0,5.0,2.0,10.0,10.0,6.0,6.0,24.0,1.0,0.0,1.0,3.0,26.1,1,13074,13074,13074,12943,6026,995,4675,1840,17370,13237,13388,8723,2692,1,4972,4736,7836,1.0,23:33,2015,2016
2015-16,201600,Omer Asik,Omer,1610612740,NOP,New Orleans Pelicans,21501010,2016-03-16T00:00:00,NOP @ SAC,W,21.5,2.0,0.0,0.0,4.0,4.0,0.0,5.0,28.0,0.0,0.0,1.0,2.0,14.3,1,1,1,1,14601,6026,10158,9917,8599,6141,1,11593,5824,8004,1,4972,7786,15948,1.0,21:29,2015,2016
2015-16,203939,Dwight Powell,Dwight,1610612742,DAL,Dallas Mavericks,21501005,2016-03-16T00:00:00,DAL @ CLE,L,2.6,0.0,0.0,0.0,2.0,0.0,4.0,0.0,4.0,0.0,0.0,2.0,0.0,2.0,1,13074,13074,13074,25298,12059,10158,9917,12984,1,8458,1,23698,8004,1,11390,18762,24216,1.0,2:34,2015,2016
2015-16,2730,Dwight Howard,Dwight,1610612745,HOU,Houston Rockets,21501009,2016-03-16T00:00:00,HOU vs. LAC,L,33.0,0.0,0.0,0.0,4.0,18.0,6.0,14.0,22.0,0.0,0.0,4.0,5.0,12.9,1,13074,13074,13074,5167,12059,10158,9917,8599,24749,13237,23710,10265,8004,1,22104,1539,17049,1.0,32:57,2015,2016
2015-16,1626147,Justin Anderson,Justin,1610612742,DAL,Dallas Mavericks,21501005,2016-03-16T00:00:00,DAL @ CLE,L,15.5,2.0,2.0,0.0,2.0,3.0,2.0,0.0,10.0,1.0,0.0,0.0,1.0,12.4,1,13074,13074,13074,19433,6026,4731,9917,12984,5109,3734,1,20209,2692,1,1,12373,17418,1.0,15:28,2015,2016
2015-16,201228,C.J. Watson,C.J.,1610612753,ORL,Orlando Magic,21501004,2016-03-16T00:00:00,ORL @ CHA,L,25.6,0.0,0.0,2.0,0.0,4.0,12.0,9.0,22.0,0.0,0.0,3.0,2.0,21.1,1,13074,13074,13074,11194,12059,10158,4675,18861,6141,22832,18829,10265,8004,1,17641,7786,11012,1.0,25:37,2015,2016
2015-16,2734,Devin Harris,Devin,1610612742,DAL,Dallas Mavericks,21501005,2016-03-16T00:00:00,DAL @ CLE,L,28.1,0.0,0.0,0.0,0.0,7.0,9.0,2.0,24.0,2.0,0.0,3.0,1.0,21.2,1,13074,13074,13074,9152,12059,10158,9917,18861,12242,19144,4025,8723,932,1,17641,12373,10936,1.0,28:07,2015,2016
2015-16,2744,Al Jefferson,Al,1610612766,CHA,Charlotte Hornets,21501004,2016-03-16T00:00:00,CHA vs. ORL,W,18.7,2.0,1.0,1.0,6.0,2.0,0.0,11.0,14.0,0.0,1.0,1.0,1.0,21.1,1,1,1,1,16960,6026,9709,9347,5299,2619,1,21342,17019,8004,17214,4972,12373,11012,1.0,18:41,2015,2016
2015-16,203095,Evan Fournier,Evan,1610612753,ORL,Orlando Magic,21501004,2016-03-16T00:00:00,ORL @ CHA,L,27.8,4.0,0.0,1.0,8.0,6.0,9.0,11.0,24.0,0.0,0.0,2.0,1.0,16.1,1,13074,13074,13074,9420,2460,10158,9347,3109,10028,19144,21342,8723,8004,1,11390,12373,14515,1.0,27:45,2015,2016
2015-16,2733,Shaun Livingston,Shaun,1610612744,GSW,Golden State Warriors,21501011,2016-03-16T00:00:00,GSW vs. NYK,W,15.9,0.0,0.0,2.0,2.0,2.0,0.0,2.0,14.0,0.0,0.0,1.0,0.0,12.8,1,1,1,1,19125,12059,10158,4675,12984,2619,1,4025,17019,8004,1,4972,18762,17129,1.0,15:53,2015,2016
2015-16,201229,Anthony Tolliver,Anthony,1610612765,DET,Detroit Pistons,21501007,2016-03-16T00:00:00,DET vs. ATL,L,13.8,0.0,3.0,0.0,0.0,3.0,0.0,3.0,14.0,0.0,0.0,2.0,1.0,3.0,1,13074,13074,13074,20545,12059,3104,9917,18861,5109,1,7328,17019,8004,1,11390,12373,23648,1.0,13:46,2015,2016
2015-16,204001,Kristaps Porziņģis,Kristaps,1610612752,NYK,New York Knicks,21501011,2016-03-16T00:00:00,NYK @ GSW,L,25.8,0.0,2.0,0.0,0.0,2.0,10.0,4.0,18.0,1.0,2.0,2.0,1.0,15.9,1,13074,13074,13074,11030,12059,4731,9917,18861,2619,20509,8806,13577,2692,23588,11390,12373,14675,1.0,25:47,2015,2016
2015-16,1891,Jason Terry,Jason,1610612745,HOU,Houston Rockets,21501009,2016-03-16T00:00:00,HOU vs. LAC,L,25.9,4.0,0.0,0.0,6.0,9.0,3.0,9.0,20.0,0.0,0.0,2.0,0.0,20.9,1,13074,13074,13074,10965,2460,10158,9917,5299,15771,7138,18829,11929,8004,1,11390,18762,11132,1.0,25:52,2015,2016
2015-16,1626163,Frank Kaminsky,Frank,1610612766,CHA,Charlotte Hornets,21501004,2016-03-16T00:00:00,CHA vs. ORL,W,17.8,0.0,2.0,0.0,2.0,4.0,0.0,8.0,10.0,0.0,2.0,2.0,2.0,20.9,1,1,1,1,17694,12059,4731,9917,12984,6141,1,17194,20209,8004,23588,11390,7786,11132,1.0,17:46,2015,2016
2015-16,202340,Avery Bradley,Avery,1610612738,BOS,Boston Celtics,21501003,2016-03-16T00:00:00,BOS vs. OKC,L,26.3,2.0,2.0,2.0,10.0,11.0,15.0,8.0,34.0,0.0,0.0,3.0,3.0,21.4,1,13074,13074,13074,10643,6026,4731,4675,1840,18886,24781,17194,2701,8004,1,17641,4736,10807,1.0,26:15,2015,2016
2015-16,201577,Robin Lopez,Robin,1610612752,NYK,New York Knicks,21501011,2016-03-16T00:00:00,NYK @ GSW,L,14.1,0.0,0.0,0.0,0.0,2.0,5.0,6.0,14.0,0.0,0.0,0.0,0.0,7.8,1,13074,13074,13074,20346,12059,10158,9917,18861,2619,11469,13388,17019,8004,1,1,18762,20696,1.0,14:06,2015,2016
2015-16,201160,Jason Smith,Jason,1610612753,ORL,Orlando Magic,21501004,2016-03-16T00:00:00,ORL @ CHA,L,19.3,0.0,0.0,2.0,2.0,4.0,1.0,8.0,16.0,2.0,1.0,1.0,2.0,20.8,1,13074,13074,13074,16444,12059,10158,4675,12984,6141,3393,17194,15259,932,17214,4972,7786,11195,1.0,19:19,2015,2016
2015-16,200757,Thabo Sefolosha,Thabo,1610612737,ATL,Atlanta Hawks,21501007,2016-03-16T00:00:00,ATL @ DET,W,27.8,5.0,3.0,3.0,2.0,7.0,11.0,8.0,24.0,0.0,1.0,4.0,3.0,18.2,1,1,1,1,9414,1603,3104,3302,12984,12242,21814,17194,8723,8004,17214,22104,4736,13004,1.0,27:46,2015,2016
2015-16,2760,Anderson Varejao,Anderson,1610612744,GSW,Golden State Warriors,21501011,2016-03-16T00:00:00,GSW vs. NYK,W,10.0,0.0,0.0,0.0,4.0,2.0,2.0,2.0,12.0,2.0,0.0,0.0,3.0,13.0,1,1,1,1,22439,12059,10158,9917,8599,2619,3734,4025,18637,932,1,1,4736,16969,1.0,10:01,2015,2016
2015-16,203473,Dewayne Dedmon,Dewayne,1610612753,ORL,Orlando Magic,21501004,2016-03-16T00:00:00,ORL @ CHA,L,19.4,0.0,0.0,0.0,0.0,6.0,8.0,8.0,22.0,1.0,1.0,1.0,1.0,7.6,1,13074,13074,13074,16399,12059,10158,9917,18861,10028,17345,17194,10265,2692,17214,4972,12373,20803,1.0,19:23,2015,2016
2015-16,1718,Paul Pierce,Paul,1610612746,LAC,LA Clippers,21501009,2016-03-16T00:00:00,LAC @ HOU,W,18.2,2.0,0.0,2.0,2.0,6.0,6.0,5.0,16.0,0.0,0.0,1.0,0.0,7.9,1,1,1,1,17370,6026,10158,4675,12984,10028,13237,11593,15259,8004,1,4972,18762,20646,1.0,18:10,2015,2016
2015-16,201601,Luc Mbah a Moute,Luc,1610612746,LAC,LA Clippers,21501009,2016-03-16T00:00:00,LAC @ HOU,W,32.8,2.0,0.0,4.0,10.0,10.0,8.0,2.0,28.0,0.0,0.0,2.0,2.0,21.3,1,1,1,1,5283,6026,10158,1913,1840,17370,17345,4025,5824,8004,1,11390,7786,10880,1.0,32:48,2015,2016
2015-16,203932,Aaron Gordon,Aaron,1610612753,ORL,Orlando Magic,21501004,2016-03-16T00:00:00,ORL @ CHA,L,12.9,0.0,0.0,0.0,0.0,4.0,9.0,9.0,14.0,0.0,0.0,2.0,0.0,2.4,1,13074,13074,13074,21047,12059,10158,9917,18861,6141,19144,18829,17019,8004,1,11390,18762,24024,1.0,12:52,2015,2016
2015-16,203906,Devyn Marble,Devyn,1610612753,ORL,Orlando Magic,21501004,2016-03-16T00:00:00,ORL @ CHA,L,15.3,0.0,0.0,3.0,0.0,0.0,5.0,0.0,8.0,0.0,0.0,1.0,0.0,13.2,1,13074,13074,13074,19559,12059,10158,3302,18861,1,11469,1,21543,8004,1,4972,18762,16768,1.0,15:18,2015,2016
2015-16,202325,Wesley Johnson,Wesley,1610612746,LAC,LA Clippers,21501009,2016-03-16T00:00:00,LAC @ HOU,W,16.2,3.0,0.0,3.0,6.0,2.0,3.0,9.0,22.0,0.0,0.0,1.0,0.0,18.6,1,1,1,1,18870,4307,10158,3302,5299,2619,7138,18829,10265,8004,1,4972,18762,12715,1.0,16:13,2015,2016
2015-16,1626149,Montrezl Harrell,Montrezl,1610612745,HOU,Houston Rockets,21501009,2016-03-16T00:00:00,HOU vs. LAC,L,14.0,0.0,2.0,0.0,8.0,6.0,3.0,4.0,14.0,1.0,1.0,0.0,0.0,16.1,1,13074,13074,13074,20436,12059,4731,9917,3109,10028,7138,8806,17019,2692,17214,1,18762,14515,1.0,13:57,2015,2016
2015-16,201586,Serge Ibaka,Serge,1610612760,OKC,Oklahoma City Thunder,21501003,2016-03-16T00:00:00,OKC @ BOS,W,23.7,3.0,5.0,2.0,4.0,4.0,13.0,2.0,40.0,0.0,0.0,2.0,1.0,21.4,1,1,1,1,12849,4307,995,4675,8599,6141,23668,4025,983,8004,1,11390,12373,10807,1.0,23:40,2015,2016
2015-16,203124,Kyle O'Quinn,Kyle,1610612752,NYK,New York Knicks,21501011,2016-03-16T00:00:00,NYK @ GSW,L,6.5,0.0,0.0,0.0,0.0,0.0,0.0,9.0,8.0,0.0,0.0,1.0,0.0,3.0,1,13074,13074,13074,23765,12059,10158,9917,18861,1,1,18829,21543,8004,1,4972,18762,23648,1.0,6:27,2015,2016
2015-16,101114,Deron Williams,Deron,1610612742,DAL,Dallas Mavericks,21501005,2016-03-16T00:00:00,DAL @ CLE,L,24.8,0.0,0.0,0.0,0.0,7.0,16.0,9.0,20.0,1.0,1.0,2.0,1.0,16.7,1,13074,13074,13074,11824,12059,10158,9917,18861,12242,25155,18829,11929,2692,17214,11390,12373,14064,1.0,24:48,2015,2016
2015-16,203382,Aron Baynes,Aron,1610612765,DET,Detroit Pistons,21501007,2016-03-16T00:00:00,DET vs. ATL,L,13.9,2.0,0.0,0.0,2.0,5.0,7.0,5.0,14.0,0.0,1.0,1.0,0.0,16.5,1,13074,13074,13074,20465,6026,10158,9917,12984,8403,15642,11593,17019,8004,17214,4972,18762,14224,1.0,13:54,2015,2016
2015-16,1626179,Terry Rozier,Terry,1610612738,BOS,Boston Celtics,21501003,2016-03-16T00:00:00,BOS vs. OKC,L,14.7,0.0,0.0,0.0,0.0,2.0,4.0,5.0,22.0,0.0,0.0,1.0,1.0,10.7,1,13074,13074,13074,19982,12059,10158,9917,18861,2619,8458,11593,10265,8004,1,4972,12373,18636,1.0,14:40,2015,2016
2015-16,200811,Lou Amundson,Lou,1610612752,NYK,New York Knicks,21501011,2016-03-16T00:00:00,NYK @ GSW,L,8.4,0.0,2.0,0.0,0.0,0.0,5.0,0.0,8.0,2.0,1.0,1.0,1.0,10.9,1,13074,13074,13074,23045,12059,4731,9917,18861,1,11469,1,21543,932,17214,4972,12373,18498,1.0,8:26,2015,2016
2015-16,201585,Kosta Koufos,Kosta,1610612758,SAC,Sacramento Kings,21501010,2016-03-16T00:00:00,SAC vs. NOP,L,4.6,0.0,0.0,0.0,0.0,2.0,0.0,0.0,4.0,0.0,0.0,1.0,0.0,1.0,1,13074,13074,13074,24512,12059,10158,9917,18861,2619,1,1,23698,8004,1,4972,18762,24960,1.0,4:35,2015,2016
2015-16,1626162,Kelly Oubre Jr.,Kelly,1610612764,WAS,Washington Wizards,21501006,2016-03-16T00:00:00,WAS vs. CHI,W,1.6,0.0,0.0,0.0,0.0,2.0,0.0,0.0,2.0,0.0,0.0,1.0,0.0,2.0,1,1,1,1,25647,12059,10158,9917,18861,2619,1,1,24614,8004,1,4972,18762,24216,1.0,1:37,2015,2016
2015-16,2581,Steve Blake,Steve,1610612765,DET,Detroit Pistons,21501007,2016-03-16T00:00:00,DET vs. ATL,L,18.5,0.0,0.0,0.0,2.0,8.0,11.0,5.0,16.0,0.0,0.0,4.0,0.0,11.4,1,13074,13074,13074,17099,12059,10158,9917,12984,13914,21814,11593,15259,8004,1,22104,18762,18134,1.0,18:29,2015,2016
2015-16,1627293,Alex Stepheson,Alex,1610612763,MEM,Memphis Grizzlies,21501008,2016-03-16T00:00:00,MEM vs. MIN,L,5.4,0.0,0.0,0.0,0.0,0.0,2.0,2.0,8.0,0.0,0.0,1.0,0.0,1.2,1,13074,13074,13074,24198,12059,10158,9917,18861,1,3734,4025,21543,8004,1,4972,18762,24661,1.0,5:27,2015,2016
2015-16,203923,James Young,James,1610612738,BOS,Boston Celtics,21501003,2016-03-16T00:00:00,BOS vs. OKC,L,22.4,0.0,0.0,0.0,0.0,2.0,6.0,6.0,30.0,0.0,0.0,3.0,1.0,6.4,1,13074,13074,13074,13819,12059,10158,9917,18861,2619,13237,13388,4541,8004,1,17641,12373,21589,1.0,22:26,2015,2016
2015-16,202391,Jeremy Lin,Jeremy,1610612766,CHA,Charlotte Hornets,21501004,2016-03-16T00:00:00,CHA vs. ORL,W,25.0,0.0,2.0,0.0,2.0,4.0,0.0,13.0,16.0,1.0,1.0,2.0,3.0,11.4,1,1,1,1,11656,12059,4731,9917,12984,6141,1,23048,15259,2692,17214,11390,4736,18134,1.0,25:01,2015,2016
2015-16,202682,Derrick Williams,Derrick,1610612752,NYK,New York Knicks,21501011,2016-03-16T00:00:00,NYK @ GSW,L,13.6,2.0,0.0,2.0,2.0,0.0,2.0,13.0,20.0,0.0,0.0,0.0,3.0,11.4,1,13074,13074,13074,20662,6026,10158,4675,12984,1,3734,23048,11929,8004,1,1,4736,18134,1.0,13:34,2015,2016
2015-16,203079,Dion Waiters,Dion,1610612760,OKC,Oklahoma City Thunder,21501003,2016-03-16T00:00:00,OKC @ BOS,W,11.1,0.0,0.0,0.0,0.0,0.0,2.0,2.0,10.0,0.0,0.0,1.0,1.0,6.2,1,1,1,1,21992,12059,10158,9917,18861,1,3734,4025,20209,8004,1,4972,12373,21696,1.0,11:05,2015,2016
2015-16,202962,Greg Smith,Greg,1610612750,MIN,Minnesota Timberwolves,21501008,2016-03-16T00:00:00,MIN @ MEM,W,12.6,0.0,0.0,0.0,4.0,7.0,5.0,2.0,10.0,0.0,2.0,3.0,0.0,6.4,1,1,1,1,21241,12059,10158,9917,8599,12242,11469,4025,20209,8004,23588,17641,18762,21589,1.0,12:34,2015,2016
2015-16,203991,Clint Capela,Clint,1610612745,HOU,Houston Rockets,21501009,2016-03-16T00:00:00,HOU vs. LAC,L,7.4,2.0,1.0,2.0,2.0,2.0,2.0,0.0,10.0,0.0,0.0,0.0,1.0,5.6,1,13074,13074,13074,23438,6026,9709,4675,12984,2619,3734,1,20209,8004,1,1,12373,22133,1.0,7:21,2015,2016
2015-16,2406,Caron Butler,Caron,1610612758,SAC,Sacramento Kings,21501010,2016-03-16T00:00:00,SAC vs. NOP,L,9.5,0.0,2.0,0.0,0.0,0.0,2.0,0.0,6.0,0.0,0.0,2.0,2.0,11.2,1,13074,13074,13074,22621,12059,4731,9917,18861,1,3734,1,22724,8004,1,11390,7786,18267,1.0,9:31,2015,2016
2015-16,202700,Donatas Motiejunas,Donatas,1610612745,HOU,Houston Rockets,21501009,2016-03-16T00:00:00,HOU vs. LAC,L,7.6,0.0,0.0,0.0,0.0,7.0,3.0,9.0,8.0,0.0,0.0,1.0,1.0,1.5,1,13074,13074,13074,23360,12059,10158,9917,18861,12242,7138,18829,21543,8004,1,4972,12373,24473,1.0,7:35,2015,2016
2015-16,203092,Tyler Zeller,Tyler,1610612738,BOS,Boston Celtics,21500997,2016-03-15T00:00:00,BOS @ IND,L,13.7,2.0,2.0,0.0,4.0,1.0,5.0,2.0,12.0,0.0,2.0,2.0,0.0,11.2,1,13074,13074,13074,20585,6026,4731,9917,8599,2356,11469,4025,18637,8004,23588,11390,18762,18267,1.0,13:42,2015,2016
2015-16,201585,Kosta Koufos,Kosta,1610612758,SAC,Sacramento Kings,21501002,2016-03-15T00:00:00,SAC @ LAL,W,11.9,0.0,4.0,2.0,6.0,2.0,2.0,4.0,14.0,0.0,0.0,0.0,1.0,10.8,1,1,1,1,21635,12059,1596,4675,5299,2619,3734,8806,17019,8004,1,1,12373,18579,1.0,11:54,2015,2016
2015-16,2564,Boris Diaw,Boris,1610612759,SAS,San Antonio Spurs,21501001,2016-03-15T00:00:00,SAS vs. LAC,W,13.4,0.0,0.0,0.0,0.0,2.0,5.0,0.0,10.0,0.0,0.0,0.0,1.0,1.4,1,1,1,1,20761,12059,10158,9917,18861,2619,11469,1,20209,8004,1,1,12373,24615,1.0,13:22,2015,2016
2015-16,203508,Sergey Karasev,Sergey,1610612751,BKN,Brooklyn Nets,21500999,2016-03-15T00:00:00,BKN vs. PHI,W,5.5,0.0,0.0,0.0,0.0,5.0,2.0,0.0,8.0,0.0,0.0,0.0,0.0,5.7,1,1,1,1,24180,12059,10158,9917,18861,8403,3734,1,21543,8004,1,1,18762,22054,1.0,5:28,2015,2016
2015-16,203960,JaKarr Sampson,JaKarr,1610612743,DEN,Denver Nuggets,21500998,2016-03-15T00:00:00,DEN @ ORL,L,8.6,0.0,0.0,0.0,2.0,7.0,4.0,4.0,10.0,0.0,0.0,1.0,0.0,1.0,1,13074,13074,13074,22987,12059,10158,9917,12984,12242,8458,8806,20209,8004,1,4972,18762,24960,1.0,8:38,2015,2016
2015-16,2755,Kevin Martin,Kevin,1610612759,SAS,San Antonio Spurs,21501001,2016-03-15T00:00:00,SAS vs. LAC,W,12.1,0.0,0.0,2.0,4.0,3.0,2.0,1.0,8.0,0.0,0.0,1.0,1.0,6.2,1,1,1,1,21476,12059,10158,4675,8599,5109,3734,3646,21543,8004,1,4972,12373,21696,1.0,12:06,2015,2016
2015-16,1626246,Boban Marjanović,Boban,1610612759,SAS,San Antonio Spurs,21501001,2016-03-15T00:00:00,SAS vs. LAC,W,4.2,0.0,2.0,0.0,0.0,0.0,0.0,0.0,4.0,0.0,0.0,0.0,2.0,5.7,1,1,1,1,24644,12059,4731,9917,18861,1,1,1,23698,8004,1,1,7786,22054,1.0,4:11,2015,2016
2015-16,203088,Kendall Marshall,Kendall,1610612755,PHI,Philadelphia 76ers,21500999,2016-03-15T00:00:00,PHI @ BKN,L,19.3,0.0,0.0,0.0,2.0,7.0,13.0,6.0,22.0,1.0,0.0,3.0,1.0,9.2,1,13074,13074,13074,16444,12059,10158,9917,12984,12242,23668,13388,10265,2692,1,17641,12373,19680,1.0,19:19,2015,2016
2015-16,203512,Lucas Nogueira,Lucas,1610612761,TOR,Toronto Raptors,21501000,2016-03-15T00:00:00,TOR @ MIL,W,3.5,0.0,0.0,0.0,0.0,0.0,2.0,0.0,4.0,0.0,0.0,0.0,0.0,-1.0,1,1,1,1,24915,12059,10158,9917,18861,1,3734,1,23698,8004,1,1,18762,25932,1.0,3:31,2015,2016
2015-16,1626209,Mario Hezonja,Mario,1610612753,ORL,Orlando Magic,21500998,2016-03-15T00:00:00,ORL vs. DEN,W,14.2,2.0,0.0,2.0,2.0,11.0,2.0,4.0,20.0,0.0,0.0,1.0,0.0,8.9,1,1,1,1,20287,6026,10158,4675,12984,18886,3734,8806,11929,8004,1,4972,18762,19914,1.0,14:12,2015,2016
2015-16,1626179,Terry Rozier,Terry,1610612738,BOS,Boston Celtics,21500997,2016-03-15T00:00:00,BOS @ IND,L,11.7,0.0,2.0,0.0,2.0,0.0,5.0,2.0,10.0,1.0,0.0,0.0,0.0,8.9,1,13074,13074,13074,21737,12059,4731,9917,12984,1,11469,4025,20209,2692,1,1,18762,19914,1.0,11:40,2015,2016
2015-16,203101,Miles Plumlee,Miles,1610612749,MIL,Milwaukee Bucks,21501000,2016-03-15T00:00:00,MIL vs. TOR,L,13.7,2.0,0.0,2.0,4.0,5.0,9.0,0.0,12.0,0.0,1.0,0.0,2.0,8.6,1,13074,13074,13074,20603,6026,10158,4675,8599,8403,19144,1,18637,8004,17214,1,7786,20125,1.0,13:40,2015,2016
2015-16,203089,John Henson,John,1610612749,MIL,Milwaukee Bucks,21501000,2016-03-15T00:00:00,MIL vs. TOR,L,5.8,0.0,2.0,0.0,4.0,2.0,0.0,0.0,2.0,0.0,0.0,0.0,0.0,7.2,1,13074,13074,13074,24075,12059,4731,9917,8599,2619,1,1,24614,8004,1,1,18762,21035,1.0,5:45,2015,2016
2015-16,1626191,Chris McCullough,Chris,1610612751,BKN,Brooklyn Nets,21500999,2016-03-15T00:00:00,BKN vs. PHI,W,6.6,0.0,1.0,0.0,0.0,2.0,2.0,0.0,10.0,0.0,0.0,2.0,1.0,5.2,1,1,1,1,23708,12059,9709,9917,18861,2619,3734,1,20209,8004,1,11390,12373,22370,1.0,6:37,2015,2016
2015-16,203473,Dewayne Dedmon,Dewayne,1610612753,ORL,Orlando Magic,21500998,2016-03-15T00:00:00,ORL vs. DEN,W,20.0,0.0,0.0,0.0,0.0,7.0,5.0,2.0,22.0,0.0,0.0,2.0,1.0,4.4,1,1,1,1,15899,12059,10158,9917,18861,12242,11469,4025,10265,8004,1,11390,12373,22837,1.0,20:01,2015,2016
2015-16,201579,Roy Hibbert,Roy,1610612747,LAL,Los Angeles Lakers,21501002,2016-03-15T00:00:00,LAL vs. SAC,L,13.6,1.0,1.0,0.0,0.0,13.0,0.0,22.0,22.0,1.0,0.0,4.0,1.0,8.6,1,13074,13074,13074,20662,11535,9709,9917,18861,21300,1,25811,10265,2692,1,22104,12373,20125,1.0,13:34,2015,2016
2015-16,1626253,Axel Toupane,Axel,1610612743,DEN,Denver Nuggets,21500998,2016-03-15T00:00:00,DEN @ ORL,L,12.7,0.0,0.0,0.0,0.0,4.0,0.0,3.0,8.0,0.0,0.0,0.0,0.0,4.2,1,13074,13074,13074,21161,12059,10158,9917,18861,6141,1,7328,21543,8004,1,1,18762,22976,1.0,12:40,2015,2016
2015-16,101133,Ian Mahinmi,Ian,1610612754,IND,Indiana Pacers,21500997,2016-03-15T00:00:00,IND vs. BOS,W,24.6,0.0,3.0,0.0,6.0,10.0,14.0,8.0,26.0,0.0,0.0,0.0,2.0,21.7,1,1,1,1,12015,12059,3104,9917,5299,17370,24300,17194,7214,8004,1,1,7786,10592,1.0,24:36,2015,2016
2015-16,203527,Ryan Kelly,Ryan,1610612747,LAL,Los Angeles Lakers,21501002,2016-03-15T00:00:00,LAL vs. SAC,L,21.0,0.0,0.0,0.0,0.0,7.0,4.0,9.0,20.0,0.0,1.0,2.0,0.0,6.6,1,13074,13074,13074,15093,12059,10158,9917,18861,12242,8458,18829,11929,8004,17214,11390,18762,21445,1.0,20:57,2015,2016
2015-16,1626173,Rashad Vaughn,Rashad,1610612749,MIL,Milwaukee Bucks,21501000,2016-03-15T00:00:00,MIL vs. TOR,L,13.3,0.0,0.0,0.0,0.0,7.0,4.0,0.0,8.0,0.0,0.0,1.0,0.0,4.7,1,13074,13074,13074,20778,12059,10158,9917,18861,12242,8458,1,21543,8004,1,4972,18762,22672,1.0,13:20,2015,2016
2015-16,203085,Austin Rivers,Austin,1610612746,LAC,LA Clippers,21501001,2016-03-15T00:00:00,LAC @ SAS,L,17.9,1.0,0.0,1.0,0.0,11.0,9.0,4.0,14.0,0.0,1.0,1.0,2.0,3.5,1,13074,13074,13074,17630,11535,10158,9347,18861,18886,19144,8806,17019,8004,17214,4972,7786,23351,1.0,17:52,2015,2016
2015-16,203080,Thomas Robinson,Thomas,1610612751,BKN,Brooklyn Nets,21500999,2016-03-15T00:00:00,BKN vs. PHI,W,8.9,0.0,0.0,0.0,0.0,4.0,2.0,5.0,16.0,0.0,1.0,3.0,0.0,-0.8,1,1,1,1,22862,12059,10158,9917,18861,6141,3734,11593,15259,8004,17214,17641,18762,25914,1.0,8:56,2015,2016
2015-16,201228,C.J. Watson,C.J.,1610612753,ORL,Orlando Magic,21500998,2016-03-15T00:00:00,ORL vs. DEN,W,21.0,0.0,0.0,0.0,2.0,16.0,2.0,5.0,30.0,0.0,0.0,2.0,0.0,6.7,1,1,1,1,15083,12059,10158,9917,12984,23774,3734,11593,4541,8004,1,11390,18762,21376,1.0,20:58,2015,2016
2015-16,203524,Solomon Hill,Solomon,1610612754,IND,Indiana Pacers,21500997,2016-03-15T00:00:00,IND vs. BOS,W,17.5,0.0,0.0,0.0,2.0,4.0,8.0,3.0,14.0,0.0,0.0,0.0,0.0,4.6,1,1,1,1,17890,12059,10158,9917,12984,6141,17345,7328,17019,8004,1,1,18762,22734,1.0,17:31,2015,2016
2015-16,201601,Luc Mbah a Moute,Luc,1610612746,LAC,LA Clippers,21501001,2016-03-15T00:00:00,LAC @ SAS,L,22.7,0.0,0.0,0.0,0.0,11.0,6.0,0.0,18.0,1.0,0.0,3.0,2.0,7.2,1,13074,13074,13074,13645,12059,10158,9917,18861,18886,13237,1,13577,2692,1,17641,7786,21035,1.0,22:39,2015,2016
2015-16,1889,Andre Miller,Andre,1610612759,SAS,San Antonio Spurs,21501001,2016-03-15T00:00:00,SAS vs. LAC,W,3.8,0.0,0.0,0.0,0.0,0.0,0.0,0.0,4.0,0.0,0.0,0.0,0.0,3.9,1,1,1,1,24809,12059,10158,9917,18861,1,1,1,23698,8004,1,1,18762,23225,1.0,3:46,2015,2016
2015-16,1626262,Coty Clarke,Coty,1610612738,BOS,Boston Celtics,21500997,2016-03-15T00:00:00,BOS @ IND,L,3.3,0.0,0.0,0.0,0.0,2.0,0.0,2.0,4.0,0.0,0.0,0.0,0.0,4.2,1,13074,13074,13074,25017,12059,10158,9917,18861,2619,1,4025,23698,8004,1,1,18762,22976,1.0,3:16,2015,2016
2015-16,202325,Wesley Johnson,Wesley,1610612746,LAC,LA Clippers,21501001,2016-03-15T00:00:00,LAC @ SAS,L,20.8,0.0,0.0,0.0,0.0,13.0,9.0,4.0,18.0,1.0,0.0,0.0,0.0,4.5,1,13074,13074,13074,15223,12059,10158,9917,18861,21300,19144,8806,13577,2692,1,1,18762,22773,1.0,20:48,2015,2016
2015-16,201603,Sonny Weems,Sonny,1610612755,PHI,Philadelphia 76ers,21500999,2016-03-15T00:00:00,PHI @ BKN,L,8.6,0.0,0.0,0.0,0.0,9.0,3.0,4.0,12.0,0.0,0.0,1.0,0.0,-1.0,1,13074,13074,13074,22987,12059,10158,9917,18861,15771,7138,8806,18637,8004,1,4972,18762,25932,1.0,8:38,2015,2016
2015-16,1897,Metta World Peace,Metta,1610612747,LAL,Los Angeles Lakers,21501002,2016-03-15T00:00:00,LAL vs. SAC,L,19.1,0.0,0.0,0.0,2.0,23.0,2.0,31.0,36.0,0.0,1.0,1.0,0.0,3.9,1,13074,13074,13074,16614,12059,10158,9917,12984,25803,3734,26065,1943,8004,17214,4972,18762,23225,1.0,19:06,2015,2016
2015-16,203143,Pablo Prigioni,Pablo,1610612746,LAC,LA Clippers,21501001,2016-03-15T00:00:00,LAC @ SAS,L,12.7,0.0,0.0,0.0,0.0,7.0,9.0,4.0,12.0,0.0,1.0,0.0,0.0,4.5,1,13074,13074,13074,21159,12059,10158,9917,18861,12242,19144,8806,18637,8004,17214,1,18762,22773,1.0,12:40,2015,2016
2015-16,203948,Johnny O'Bryant III,Johnny,1610612749,MIL,Milwaukee Bucks,21501000,2016-03-15T00:00:00,MIL vs. TOR,L,15.5,0.0,0.0,0.0,0.0,2.0,5.0,0.0,14.0,0.0,0.0,0.0,1.0,7.4,1,13074,13074,13074,19414,12059,10158,9917,18861,2619,11469,1,17019,8004,1,1,12373,20912,1.0,15:29,2015,2016
2015-16,201961,Wayne Ellington,Wayne,1610612751,BKN,Brooklyn Nets,21500999,2016-03-15T00:00:00,BKN vs. PHI,W,16.5,0.0,0.0,0.0,0.0,5.0,4.0,2.0,14.0,0.0,0.0,1.0,0.0,24.5,1,1,1,1,18631,12059,10158,9917,18861,8403,8458,4025,17019,8004,1,4972,18762,8801,1.0,16:32,2015,2016
2015-16,201988,Patty Mills,Patty,1610612759,SAS,San Antonio Spurs,21501001,2016-03-15T00:00:00,SAS vs. LAC,W,23.5,7.0,0.0,2.0,2.0,7.0,9.0,3.0,14.0,0.0,0.0,2.0,2.0,30.0,1,1,1,1,12976,548,10158,4675,12984,12242,19144,7328,17019,8004,1,11390,7786,5840,1.0,23:29,2015,2016
2015-16,101108,Chris Paul,Chris,1610612746,LAC,LA Clippers,21501001,2016-03-15T00:00:00,LAC @ SAS,L,33.3,6.0,0.0,5.0,6.0,18.0,6.0,0.0,28.0,0.0,0.0,1.0,5.0,44.8,1,13074,13074,13074,4930,878,10158,1277,5299,24749,13237,1,5824,8004,1,4972,1539,1406,1.0,33:15,2015,2016
2015-16,201572,Brook Lopez,Brook,1610612751,BKN,Brooklyn Nets,21500999,2016-03-15T00:00:00,BKN vs. PHI,W,37.1,4.0,6.0,0.0,10.0,19.0,10.0,4.0,32.0,0.0,0.0,3.0,3.0,37.0,1,1,1,1,2005,2460,481,9917,1840,25074,20509,8806,3535,8004,1,17641,4736,3182,1.0,37:08,2015,2016
2015-16,203506,Victor Oladipo,Victor,1610612753,ORL,Orlando Magic,21500998,2016-03-15T00:00:00,ORL vs. DEN,W,39.5,11.0,1.0,4.0,12.0,10.0,9.0,5.0,36.0,2.0,0.0,4.0,4.0,44.8,1,1,1,1,892,55,9709,1913,988,17370,19144,11593,1943,932,1,22104,2748,1406,1.0,39:29,2015,2016
2015-16,203944,Julius Randle,Julius,1610612747,LAL,Los Angeles Lakers,21501002,2016-03-15T00:00:00,LAL vs. SAC,L,30.9,6.0,3.0,3.0,10.0,25.0,2.0,33.0,42.0,0.0,2.0,4.0,3.0,35.7,1,13074,13074,13074,6792,878,3104,3302,1840,25944,3734,26075,670,8004,23588,22104,4736,3578,1.0,30:55,2015,2016
2015-16,101150,Lou Williams,Lou,1610612747,LAL,Los Angeles Lakers,21501002,2016-03-15T00:00:00,LAL vs. SAC,L,24.3,0.0,2.0,0.0,0.0,11.0,4.0,13.0,24.0,1.0,0.0,2.0,5.0,28.8,1,13074,13074,13074,12268,12059,4731,9917,18861,18886,8458,23048,8723,2692,1,11390,1539,6465,1.0,24:20,2015,2016
2015-16,203457,Nerlens Noel,Nerlens,1610612755,PHI,Philadelphia 76ers,21500999,2016-03-15T00:00:00,PHI @ BKN,L,29.3,2.0,4.0,0.0,16.0,18.0,19.0,20.0,30.0,1.0,0.0,5.0,4.0,29.2,1,13074,13074,13074,8150,6026,1596,9917,275,24749,25786,25599,4541,2692,1,24686,2748,6243,1.0,29:16,2015,2016
2015-16,203930,Sean Kilpatrick,Sean,1610612751,BKN,Brooklyn Nets,21500999,2016-03-15T00:00:00,BKN vs. PHI,W,23.2,7.0,5.0,5.0,2.0,11.0,8.0,7.0,32.0,0.0,0.0,0.0,2.0,24.6,1,1,1,1,13159,548,995,1277,12984,18886,17345,15538,3535,8004,1,1,7786,8724,1.0,23:15,2015,2016
2015-16,203507,Giannis Antetokounmpo,Giannis,1610612749,MIL,Milwaukee Bucks,21501000,2016-03-15T00:00:00,MIL vs. TOR,L,35.1,0.0,2.0,3.0,12.0,10.0,15.0,6.0,28.0,3.0,1.0,4.0,7.0,53.9,1,13074,13074,13074,3452,12059,4731,3302,988,17370,24781,13388,5824,347,17214,22104,469,459,1.0,35:07,2015,2016
2015-16,202738,Isaiah Thomas,Isaiah,1610612738,BOS,Boston Celtics,21500997,2016-03-15T00:00:00,BOS @ IND,L,34.9,7.0,5.0,2.0,4.0,9.0,7.0,4.0,30.0,1.0,1.0,4.0,6.0,46.2,1,13074,13074,13074,3640,548,995,4675,8599,15771,15642,8806,4541,2692,17214,22104,873,1175,1.0,34:52,2015,2016
2015-16,101145,Monta Ellis,Monta,1610612754,IND,Indiana Pacers,21500997,2016-03-15T00:00:00,IND vs. BOS,W,33.8,2.0,0.0,0.0,4.0,13.0,20.0,10.0,38.0,0.0,2.0,2.0,2.0,35.4,1,1,1,1,4484,6026,10158,9917,8599,21300,25875,20169,1422,8004,23588,11390,7786,3684,1.0,33:50,2015,2016
2015-16,203096,Jared Sullinger,Jared,1610612738,BOS,Boston Celtics,21500997,2016-03-15T00:00:00,BOS @ IND,L,30.0,0.0,1.0,5.0,4.0,8.0,7.0,4.0,26.0,0.0,0.0,2.0,3.0,36.7,1,13074,13074,13074,7570,12059,9709,1277,8599,13914,15642,8806,7214,8004,1,11390,4736,3269,1.0,29:58,2015,2016
2015-16,201152,Thaddeus Young,Thaddeus,1610612751,BKN,Brooklyn Nets,21500999,2016-03-15T00:00:00,BKN vs. PHI,W,32.7,0.0,8.0,0.0,10.0,12.0,10.0,2.0,26.0,3.0,0.0,6.0,3.0,54.2,1,1,1,1,5370,12059,137,9917,1840,20178,20509,4025,7214,347,1,25827,4736,432,1.0,32:40,2015,2016
2015-16,202711,Bojan Bogdanović,Bojan,1610612751,BKN,Brooklyn Nets,21500999,2016-03-15T00:00:00,BKN vs. PHI,W,37.1,8.0,7.0,15.0,22.0,18.0,10.0,9.0,38.0,0.0,3.0,2.0,5.0,53.6,1,1,1,1,2015,308,292,9,25,24749,20509,18829,1422,8004,25441,11390,1539,483,1.0,37:07,2015,2016
2015-16,202730,Lavoy Allen,Lavoy,1610612754,IND,Indiana Pacers,21500997,2016-03-15T00:00:00,IND vs. BOS,W,26.2,0.0,2.0,0.0,4.0,5.0,11.0,3.0,22.0,3.0,0.0,3.0,1.0,24.9,1,1,1,1,10672,12059,4731,9917,8599,8403,21814,7328,10265,347,1,17641,12373,8553,1.0,26:13,2015,2016
2015-16,200768,Kyle Lowry,Kyle,1610612761,TOR,Toronto Raptors,21501000,2016-03-15T00:00:00,TOR @ MIL,W,28.2,3.0,5.0,2.0,0.0,7.0,6.0,8.0,30.0,0.0,0.0,1.0,8.0,44.3,1,1,1,1,9089,4307,995,4675,18861,12242,13237,17194,4541,8004,1,4972,254,1499,1.0,28:11,2015,2016
2015-16,1626156,D'Angelo Russell,D'Angelo,1610612747,LAL,Los Angeles Lakers,21501002,2016-03-15T00:00:00,LAL vs. SAC,L,25.3,4.0,0.0,4.0,2.0,19.0,2.0,27.0,36.0,0.0,0.0,2.0,6.0,29.1,1,13074,13074,13074,11430,2460,10158,1913,12984,25074,3734,26031,1943,8004,1,11390,873,6285,1.0,25:19,2015,2016
2015-16,200752,Rudy Gay,Rudy,1610612758,SAC,Sacramento Kings,21501002,2016-03-15T00:00:00,SAC @ LAL,W,35.5,6.0,2.0,8.0,18.0,15.0,8.0,16.0,30.0,1.0,0.0,4.0,2.0,45.1,1,1,1,1,3109,878,4731,280,131,23079,17345,24641,4541,2692,1,22104,7786,1338,1.0,35:32,2015,2016
2015-16,202331,Paul George,Paul,1610612754,IND,Indiana Pacers,21500997,2016-03-15T00:00:00,IND vs. BOS,W,34.9,0.0,3.0,0.0,6.0,11.0,18.0,9.0,32.0,1.0,0.0,4.0,5.0,51.4,1,1,1,1,3608,12059,3104,9917,5299,18886,25634,18829,3535,2692,1,22104,1539,620,1.0,34:55,2015,2016
2015-16,202326,DeMarcus Cousins,DeMarcus,1610612758,SAC,Sacramento Kings,21501002,2016-03-15T00:00:00,SAC @ LAL,W,36.1,0.0,0.0,1.0,4.0,15.0,10.0,18.0,34.0,4.0,3.0,2.0,10.0,54.1,1,1,1,1,2681,12059,10158,9347,8599,23079,20509,25228,2701,132,25441,11390,76,447,1.0,36:06,2015,2016
2015-16,203903,Jordan Clarkson,Jordan,1610612747,LAL,Los Angeles Lakers,21501002,2016-03-15T00:00:00,LAL vs. SAC,L,26.4,0.0,0.0,7.0,6.0,17.0,2.0,27.0,34.0,0.0,2.0,1.0,0.0,15.7,1,13074,13074,13074,10538,12059,10158,454,5299,24337,3734,26031,2701,8004,23588,4972,18762,14841,1.0,26:24,2015,2016
2015-16,200755,JJ Redick,JJ,1610612746,LAC,LA Clippers,21501001,2016-03-15T00:00:00,LAC @ SAS,L,28.8,0.0,0.0,2.0,4.0,16.0,6.0,0.0,24.0,0.0,0.0,1.0,1.0,15.7,1,13074,13074,13074,8509,12059,10158,4675,8599,23774,13237,1,8723,8004,1,4972,12373,14841,1.0,28:50,2015,2016
2015-16,203999,Nikola Jokić,Nikola,1610612743,DEN,Denver Nuggets,21500998,2016-03-15T00:00:00,DEN @ ORL,L,25.3,0.0,4.0,0.0,6.0,12.0,4.0,8.0,20.0,1.0,0.0,3.0,3.0,31.2,1,13074,13074,13074,11430,12059,1596,9917,5299,20178,8458,17194,11929,2692,1,17641,4736,5304,1.0,25:19,2015,2016
2015-16,201954,Darren Collison,Darren,1610612758,SAC,Sacramento Kings,21501002,2016-03-15T00:00:00,SAC @ LAL,W,41.1,17.0,0.0,16.0,16.0,15.0,6.0,20.0,40.0,0.0,1.0,3.0,1.0,30.2,1,1,1,1,469,2,10158,7,275,23079,13237,25599,983,8004,17214,17641,12373,5751,1.0,41:06,2015,2016
2015-16,201160,Jason Smith,Jason,1610612753,ORL,Orlando Magic,21500998,2016-03-15T00:00:00,ORL vs. DEN,W,28.0,0.0,3.0,0.0,4.0,14.0,6.0,7.0,28.0,0.0,0.0,5.0,4.0,41.1,1,1,1,1,9239,12059,3104,9917,8599,22292,13237,15538,5824,8004,1,24686,2748,2123,1.0,27:59,2015,2016
2015-16,2037,Jamal Crawford,Jamal,1610612746,LAC,LA Clippers,21501001,2016-03-15T00:00:00,LAC @ SAS,L,22.2,0.0,2.0,0.0,0.0,14.0,9.0,4.0,18.0,0.0,1.0,2.0,4.0,11.7,1,13074,13074,13074,13972,12059,4731,9917,18861,22292,19144,8806,13577,8004,17214,11390,2748,17903,1.0,22:15,2015,2016
2015-16,201171,Carl Landry,Carl,1610612755,PHI,Philadelphia 76ers,21500999,2016-03-15T00:00:00,PHI @ BKN,L,25.6,0.0,2.0,0.0,4.0,13.0,11.0,5.0,32.0,1.0,0.0,3.0,4.0,31.6,1,13074,13074,13074,11178,12059,4731,9917,8599,21300,21814,11593,3535,2692,1,17641,2748,5130,1.0,25:38,2015,2016
2015-16,201956,Omri Casspi,Omri,1610612758,SAC,Sacramento Kings,21501002,2016-03-15T00:00:00,SAC @ LAL,W,20.3,5.0,0.0,5.0,8.0,6.0,8.0,8.0,24.0,1.0,0.0,1.0,2.0,30.3,1,1,1,1,15679,1603,10158,1277,3109,10028,17345,17194,8723,2692,1,4972,7786,5702,1.0,20:15,2015,2016
2015-16,200765,Rajon Rondo,Rajon,1610612758,SAC,Sacramento Kings,21501002,2016-03-15T00:00:00,SAC @ LAL,W,36.7,2.0,0.0,4.0,0.0,13.0,10.0,16.0,34.0,0.0,0.0,3.0,4.0,40.2,1,1,1,1,2267,6026,10158,1913,18861,21300,20509,24641,2701,8004,1,17641,2748,2323,1.0,36:44,2015,2016
2015-16,201155,Rodney Stuckey,Rodney,1610612754,IND,Indiana Pacers,21500997,2016-03-15T00:00:00,IND vs. BOS,W,19.4,2.0,0.0,4.0,6.0,9.0,11.0,2.0,20.0,0.0,0.0,0.0,2.0,11.7,1,1,1,1,16356,6026,10158,1913,5299,15771,21814,4025,11929,8004,1,1,7786,17903,1.0,19:27,2015,2016
2015-16,202335,Patrick Patterson,Patrick,1610612761,TOR,Toronto Raptors,21501000,2016-03-15T00:00:00,TOR @ MIL,W,20.0,2.0,7.0,0.0,6.0,4.0,2.0,4.0,22.0,2.0,0.0,3.0,0.0,32.2,1,1,1,1,15952,6026,292,9917,5299,6141,3734,8806,10265,932,1,17641,18762,4846,1.0,19:57,2015,2016
2015-16,1626181,Norman Powell,Norman,1610612761,TOR,Toronto Raptors,21501000,2016-03-15T00:00:00,TOR @ MIL,W,34.5,2.0,0.0,2.0,6.0,9.0,10.0,10.0,38.0,2.0,2.0,3.0,2.0,32.6,1,1,1,1,3944,6026,10158,4675,5299,15771,20509,20169,1422,932,23588,17641,7786,4687,1.0,34:30,2015,2016
2015-16,203932,Aaron Gordon,Aaron,1610612753,ORL,Orlando Magic,21500998,2016-03-15T00:00:00,ORL vs. DEN,W,26.7,0.0,2.0,0.0,4.0,8.0,7.0,4.0,22.0,2.0,0.0,1.0,0.0,27.6,1,1,1,1,10261,12059,4731,9917,8599,13914,15642,8806,10265,932,1,4972,18762,7080,1.0,26:43,2015,2016
2015-16,202397,Ish Smith,Ish,1610612755,PHI,Philadelphia 76ers,21500999,2016-03-15T00:00:00,PHI @ BKN,L,30.0,7.0,4.0,0.0,6.0,10.0,20.0,13.0,40.0,0.0,1.0,2.0,3.0,28.6,1,13074,13074,13074,7507,548,1596,9917,5299,17370,25875,23048,983,8004,17214,11390,4736,6560,1.0,30:02,2015,2016
2015-16,2561,David West,David,1610612759,SAS,San Antonio Spurs,21501001,2016-03-15T00:00:00,SAS vs. LAC,W,17.0,2.0,4.0,0.0,6.0,3.0,2.0,1.0,8.0,2.0,1.0,1.0,0.0,22.7,1,1,1,1,18283,6026,1596,9917,5299,5109,3734,3646,21543,932,17214,4972,18762,9938,1.0,16:60,2015,2016
2015-16,201573,Jerryd Bayless,Jerryd,1610612749,MIL,Milwaukee Bucks,21501000,2016-03-15T00:00:00,MIL vs. TOR,L,28.4,5.0,0.0,5.0,4.0,0.0,7.0,6.0,26.0,0.0,1.0,4.0,3.0,14.0,1,13074,13074,13074,8915,1603,10158,1277,8599,1,15642,13388,7214,8004,17214,22104,4736,16166,1.0,28:24,2015,2016
2015-16,201973,Jonas Jerebko,Jonas,1610612738,BOS,Boston Celtics,21500997,2016-03-15T00:00:00,BOS @ IND,L,26.3,2.0,5.0,0.0,10.0,5.0,12.0,4.0,28.0,0.0,2.0,2.0,2.0,22.6,1,13074,13074,13074,10611,6026,995,9917,1840,8403,22832,8806,5824,8004,23588,11390,7786,10000,1.0,26:17,2015,2016
2015-16,202340,Avery Bradley,Avery,1610612738,BOS,Boston Celtics,21500997,2016-03-15T00:00:00,BOS @ IND,L,38.6,2.0,0.0,0.0,2.0,5.0,9.0,4.0,32.0,0.0,0.0,4.0,2.0,17.6,1,13074,13074,13074,1238,6026,10158,9917,12984,8403,19144,8806,3535,8004,1,22104,7786,13443,1.0,38:33,2015,2016
2015-16,202709,Cory Joseph,Cory,1610612761,TOR,Toronto Raptors,21501000,2016-03-15T00:00:00,TOR @ MIL,W,24.8,0.0,0.0,0.0,6.0,4.0,2.0,5.0,26.0,0.0,0.0,1.0,2.0,21.8,1,1,1,1,11811,12059,10158,9917,5299,6141,3734,11593,7214,8004,1,4972,7786,10526,1.0,24:49,2015,2016
2015-16,1626161,Willie Cauley-Stein,Willie,1610612758,SAC,Sacramento Kings,21501002,2016-03-15T00:00:00,SAC @ LAL,W,31.8,0.0,0.0,4.0,6.0,11.0,4.0,16.0,32.0,1.0,0.0,2.0,1.0,22.4,1,1,1,1,6085,12059,10158,1913,5299,18886,8458,24641,3535,2692,1,11390,12373,10131,1.0,31:47,2015,2016
2015-16,203095,Evan Fournier,Evan,1610612753,ORL,Orlando Magic,21500998,2016-03-15T00:00:00,ORL vs. DEN,W,42.3,3.0,2.0,2.0,10.0,21.0,11.0,9.0,44.0,0.0,1.0,2.0,3.0,38.1,1,1,1,1,275,4307,4731,4675,1840,25535,21814,18829,454,8004,17214,11390,4736,2879,1.0,42:19,2015,2016
2015-16,202695,Kawhi Leonard,Kawhi,1610612759,SAS,San Antonio Spurs,21501001,2016-03-15T00:00:00,SAS vs. LAC,W,33.7,7.0,0.0,0.0,10.0,6.0,7.0,7.0,20.0,0.0,1.0,2.0,5.0,38.0,1,1,1,1,4604,548,10158,9917,1840,10028,15642,15538,11929,8004,17214,11390,1539,2903,1.0,33:42,2015,2016
2015-16,203914,Gary Harris,Gary,1610612743,DEN,Denver Nuggets,21500998,2016-03-15T00:00:00,DEN @ ORL,L,36.1,5.0,0.0,5.0,6.0,14.0,11.0,8.0,32.0,0.0,1.0,1.0,3.0,32.1,1,13074,13074,13074,2658,1603,10158,1277,5299,22292,21814,17194,3535,8004,17214,4972,4736,4889,1.0,36:07,2015,2016
2015-16,200746,LaMarcus Aldridge,LaMarcus,1610612759,SAS,San Antonio Spurs,21501001,2016-03-15T00:00:00,SAS vs. LAC,W,29.5,2.0,2.0,0.0,8.0,4.0,7.0,7.0,18.0,0.0,0.0,1.0,3.0,33.2,1,1,1,1,7984,6026,4731,9917,3109,6141,15642,15538,13577,8004,1,4972,4736,4462,1.0,29:30,2015,2016
2015-16,1495,Tim Duncan,Tim,1610612759,SAS,San Antonio Spurs,21501001,2016-03-15T00:00:00,SAS vs. LAC,W,22.5,0.0,4.0,0.0,6.0,6.0,2.0,7.0,16.0,0.0,1.0,2.0,0.0,17.4,1,1,1,1,13771,12059,1596,9917,5299,10028,3734,15538,15259,8004,17214,11390,18762,13595,1.0,22:29,2015,2016
2015-16,201599,DeAndre Jordan,DeAndre,1610612746,LAC,LA Clippers,21501001,2016-03-15T00:00:00,LAC @ SAS,L,36.6,2.0,4.0,0.0,14.0,18.0,6.0,2.0,28.0,1.0,1.0,2.0,5.0,31.8,1,13074,13074,13074,2323,6026,1596,9917,542,24749,13237,4025,5824,2692,17214,11390,1539,5041,1.0,36:37,2015,2016
2015-16,202332,Cole Aldrich,Cole,1610612746,LAC,LA Clippers,21501001,2016-03-15T00:00:00,LAC @ SAS,L,13.6,0.0,0.0,0.0,6.0,9.0,9.0,2.0,14.0,0.0,0.0,3.0,1.0,13.8,1,13074,13074,13074,20661,12059,10158,9917,5299,15771,19144,4025,17019,8004,1,17641,12373,16311,1.0,13:34,2015,2016
2015-16,203996,Damien Inglis,Damien,1610612749,MIL,Milwaukee Bucks,21501000,2016-03-15T00:00:00,MIL vs. TOR,L,3.5,0.0,0.0,0.0,0.0,0.0,0.0,0.0,0.0,0.0,0.0,0.0,0.0,2.0,1,13074,13074,13074,24915,12059,10158,9917,18861,1,1,1,25429,8004,1,1,18762,24216,1.0,3:31,2015,2016
2015-16,201941,Jordan Hill,Jordan,1610612754,IND,Indiana Pacers,21500997,2016-03-15T00:00:00,IND vs. BOS,W,23.2,3.0,2.0,0.0,12.0,5.0,7.0,3.0,16.0,1.0,1.0,2.0,1.0,21.6,1,1,1,1,13225,4307,4731,9917,988,8403,15642,7328,15259,2692,17214,11390,12373,10666,1.0,23:11,2015,2016
2015-16,204028,Tarik Black,Tarik,1610612747,LAL,Los Angeles Lakers,21501002,2016-03-15T00:00:00,LAL vs. SAC,L,12.2,2.0,0.0,0.0,6.0,12.0,2.0,11.0,14.0,2.0,0.0,4.0,1.0,16.1,1,13074,13074,13074,21435,6026,10158,9917,5299,20178,3734,21342,17019,932,1,22104,12373,14515,1.0,12:11,2015,2016
2015-16,1938,Manu Ginobili,Manu,1610612759,SAS,San Antonio Spurs,21501001,2016-03-15T00:00:00,SAS vs. LAC,W,15.6,3.0,0.0,0.0,2.0,3.0,9.0,3.0,8.0,0.0,0.0,3.0,2.0,16.2,1,1,1,1,19333,4307,10158,9917,12984,5109,19144,7328,21543,8004,1,17641,7786,14436,1.0,15:38,2015,2016
2015-16,203499,Shane Larkin,Shane,1610612751,BKN,Brooklyn Nets,21500999,2016-03-15T00:00:00,BKN vs. PHI,W,24.0,2.0,0.0,2.0,8.0,11.0,6.0,7.0,32.0,0.0,0.0,0.0,2.0,21.0,1,1,1,1,12549,6026,10158,4675,3109,18886,13237,15538,3535,8004,1,1,7786,11077,1.0,24:00,2015,2016
2015-16,203900,Markel Brown,Markel,1610612751,BKN,Brooklyn Nets,21500999,2016-03-15T00:00:00,BKN vs. PHI,W,24.3,4.0,0.0,2.0,2.0,16.0,8.0,7.0,32.0,0.0,0.0,2.0,2.0,18.0,1,1,1,1,12315,2460,10158,4675,12984,23774,17345,15538,3535,8004,1,11390,7786,13164,1.0,24:17,2015,2016
2015-16,1626167,Myles Turner,Myles,1610612754,IND,Indiana Pacers,21500997,2016-03-15T00:00:00,IND vs. BOS,W,21.3,0.0,0.0,0.0,0.0,10.0,9.0,6.0,20.0,1.0,0.0,3.0,3.0,16.1,1,1,1,1,14795,12059,10158,9917,18861,17370,19144,13388,11929,2692,1,17641,4736,14515,1.0,21:18,2015,2016
2015-16,201949,James Johnson,James,1610612761,TOR,Toronto Raptors,21501000,2016-03-15T00:00:00,TOR @ MIL,W,24.0,2.0,2.0,0.0,6.0,7.0,6.0,7.0,26.0,0.0,1.0,3.0,1.0,16.4,1,1,1,1,12584,6026,4731,9917,5299,12242,13237,15538,7214,8004,17214,17641,12373,14289,1.0,23:59,2015,2016
2015-16,202323,Evan Turner,Evan,1610612738,BOS,Boston Celtics,21500997,2016-03-15T00:00:00,BOS @ IND,L,27.0,0.0,2.0,0.0,4.0,7.0,7.0,6.0,30.0,0.0,0.0,3.0,1.0,18.5,1,13074,13074,13074,10029,12059,4731,9917,8599,12242,15642,13388,4541,8004,1,17641,12373,12794,1.0,26:59,2015,2016
2015-16,201145,Jeff Green,Jeff,1610612746,LAC,LA Clippers,21501001,2016-03-15T00:00:00,LAC @ SAS,L,31.5,0.0,3.0,0.0,0.0,18.0,6.0,0.0,26.0,1.0,0.0,4.0,1.0,18.4,1,13074,13074,13074,6321,12059,3104,9917,18861,24749,13237,1,7214,2692,1,22104,12373,12854,1.0,31:30,2015,2016
2015-16,203937,Kyle Anderson,Kyle,1610612759,SAS,San Antonio Spurs,21501001,2016-03-15T00:00:00,SAS vs. LAC,W,14.3,0.0,0.0,0.0,0.0,3.0,2.0,1.0,10.0,2.0,1.0,2.0,1.0,16.8,1,1,1,1,20218,12059,10158,9917,18861,5109,3734,3646,20209,932,17214,11390,12373,13996,1.0,14:18,2015,2016
2015-16,202388,Donald Sloan,Donald,1610612751,BKN,Brooklyn Nets,21500999,2016-03-15T00:00:00,BKN vs. PHI,W,24.0,0.0,0.0,0.0,6.0,12.0,8.0,2.0,20.0,0.0,0.0,1.0,3.0,17.9,1,1,1,1,12549,12059,10158,9917,5299,20178,17345,4025,11929,8004,1,4972,4736,13229,1.0,24:00,2015,2016
2015-16,101161,Amir Johnson,Amir,1610612738,BOS,Boston Celtics,21500997,2016-03-15T00:00:00,BOS @ IND,L,22.8,2.0,4.0,0.0,8.0,2.0,0.0,0.0,14.0,0.0,1.0,2.0,0.0,17.8,1,13074,13074,13074,13551,6026,1596,9917,3109,2619,1,1,17019,8004,17214,11390,18762,13309,1.0,22:46,2015,2016
2015-16,203115,Will Barton,Will,1610612743,DEN,Denver Nuggets,21500998,2016-03-15T00:00:00,DEN @ ORL,L,31.6,2.0,2.0,0.0,10.0,11.0,7.0,5.0,20.0,0.0,1.0,1.0,3.0,17.8,1,13074,13074,13074,6210,6026,4731,9917,1840,18886,15642,11593,11929,8004,17214,4972,4736,13309,1.0,31:37,2015,2016
2015-16,1626273,Marcelo Huertas,Marcelo,1610612747,LAL,Los Angeles Lakers,21501002,2016-03-15T00:00:00,LAL vs. SAC,L,20.0,0.0,0.0,2.0,8.0,13.0,4.0,13.0,26.0,1.0,2.0,0.0,0.0,21.0,1,13074,13074,13074,15937,12059,10158,4675,3109,21300,8458,23048,7214,2692,23588,1,18762,11077,1.0,19:58,2015,2016
2015-16,203552,Seth Curry,Seth,1610612758,SAC,Sacramento Kings,21501002,2016-03-15T00:00:00,SAC @ LAL,W,6.1,0.0,0.0,0.0,0.0,2.0,4.0,4.0,8.0,1.0,0.0,1.0,0.0,3.0,1,1,1,1,23912,12059,10158,9917,18861,2619,8458,8806,21543,2692,1,4972,18762,23648,1.0,6:07,2015,2016
2015-16,1882,Elton Brand,Elton,1610612755,PHI,Philadelphia 76ers,21500999,2016-03-15T00:00:00,PHI @ BKN,L,12.6,0.0,0.0,0.0,2.0,4.0,9.0,6.0,20.0,0.0,0.0,2.0,2.0,8.5,1,13074,13074,13074,21244,12059,10158,9917,12984,6141,19144,13388,11929,8004,1,11390,7786,20215,1.0,12:33,2015,2016
2015-16,203112,Quincy Acy,Quincy,1610612758,SAC,Sacramento Kings,21501002,2016-03-15T00:00:00,SAC @ LAL,W,5.5,0.0,0.0,0.0,0.0,2.0,4.0,4.0,8.0,0.0,0.0,0.0,1.0,2.2,1,1,1,1,24180,12059,10158,9917,18861,2619,8458,8806,21543,8004,1,1,12373,24138,1.0,5:28,2015,2016
2015-16,202702,Kenneth Faried,Kenneth,1610612743,DEN,Denver Nuggets,21500998,2016-03-15T00:00:00,DEN @ ORL,L,14.8,0.0,3.0,0.0,6.0,9.0,4.0,8.0,16.0,0.0,1.0,2.0,1.0,12.5,1,13074,13074,13074,19884,12059,3104,9917,5299,15771,8458,17194,15259,8004,17214,11390,12373,17372,1.0,14:49,2015,2016
2015-16,201588,George Hill,George,1610612754,IND,Indiana Pacers,21500997,2016-03-15T00:00:00,IND vs. BOS,W,30.4,2.0,2.0,2.0,2.0,6.0,15.0,11.0,26.0,1.0,0.0,4.0,4.0,21.5,1,1,1,1,7224,6026,4731,4675,12984,10028,24781,21342,7214,2692,1,22104,2748,10755,1.0,30:21,2015,2016
2015-16,203082,Terrence Ross,Terrence,1610612761,TOR,Toronto Raptors,21501000,2016-03-15T00:00:00,TOR @ MIL,W,29.7,3.0,0.0,0.0,0.0,6.0,4.0,6.0,28.0,1.0,0.0,2.0,0.0,18.1,1,1,1,1,7793,4307,10158,9917,18861,10028,8458,13388,5824,2692,1,11390,18762,13090,1.0,29:43,2015,2016
2015-16,203898,Tyler Ennis,Tyler,1610612749,MIL,Milwaukee Bucks,21501000,2016-03-15T00:00:00,MIL vs. TOR,L,28.4,0.0,2.0,0.0,6.0,12.0,14.0,0.0,24.0,0.0,0.0,2.0,2.0,18.3,1,13074,13074,13074,8969,12059,4731,9917,5299,20178,24300,1,8723,8004,1,11390,7786,12952,1.0,28:21,2015,2016
2015-16,2449,Luis Scola,Luis,1610612761,TOR,Toronto Raptors,21501000,2016-03-15T00:00:00,TOR @ MIL,W,24.5,0.0,0.0,2.0,4.0,7.0,6.0,8.0,24.0,0.0,0.0,3.0,1.0,16.2,1,1,1,1,12083,12059,10158,4675,8599,12242,13237,17194,8723,8004,1,17641,12373,14436,1.0,24:32,2015,2016
2015-16,1626153,Delon Wright,Delon,1610612761,TOR,Toronto Raptors,21501000,2016-03-15T00:00:00,TOR @ MIL,W,2.8,0.0,0.0,0.0,0.0,0.0,2.0,0.0,2.0,0.0,0.0,0.0,1.0,2.2,1,1,1,1,25197,12059,10158,9917,18861,1,3734,1,24614,8004,1,1,12373,24138,1.0,2:48,2015,2016
2015-16,202328,Greg Monroe,Greg,1610612749,MIL,Milwaukee Bucks,21501000,2016-03-15T00:00:00,MIL vs. TOR,L,28.6,0.0,2.0,0.0,8.0,5.0,9.0,6.0,26.0,0.0,2.0,1.0,2.0,18.8,1,13074,13074,13074,8756,12059,4731,9917,3109,8403,19144,13388,7214,8004,23588,4972,7786,12588,1.0,28:35,2015,2016
2015-16,101141,Ersan Ilyasova,Ersan,1610612753,ORL,Orlando Magic,21500998,2016-03-15T00:00:00,ORL vs. DEN,W,21.3,0.0,3.0,1.0,2.0,13.0,4.0,5.0,28.0,0.0,0.0,1.0,2.0,14.3,1,1,1,1,14801,12059,3104,9347,12984,21300,8458,11593,5824,8004,1,4972,7786,15948,1.0,21:17,2015,2016
2015-16,203530,Joffrey Lauvergne,Joffrey,1610612743,DEN,Denver Nuggets,21500998,2016-03-15T00:00:00,DEN @ ORL,L,22.7,2.0,2.0,0.0,12.0,6.0,7.0,3.0,18.0,0.0,0.0,2.0,0.0,23.1,1,13074,13074,13074,13622,6026,4731,9917,988,10028,15642,7328,13577,8004,1,11390,18762,9699,1.0,22:41,2015,2016
2015-16,203953,Jabari Parker,Jabari,1610612749,MIL,Milwaukee Bucks,21501000,2016-03-15T00:00:00,MIL vs. TOR,L,37.3,2.0,2.0,0.0,6.0,12.0,16.0,6.0,30.0,0.0,2.0,2.0,3.0,25.8,1,13074,13074,13074,1925,6026,4731,9917,5299,20178,25155,13388,4541,8004,23588,11390,4736,8022,1.0,37:15,2015,2016
2015-16,201589,Darrell Arthur,Darrell,1610612743,DEN,Denver Nuggets,21500998,2016-03-15T00:00:00,DEN @ ORL,L,27.8,2.0,0.0,2.0,4.0,8.0,7.0,3.0,22.0,0.0,0.0,4.0,1.0,23.8,1,13074,13074,13074,9404,6026,10158,4675,8599,13914,15642,7328,10265,8004,1,22104,12373,9261,1.0,27:46,2015,2016
2015-16,201571,D.J. Augustin,D.J.,1610612743,DEN,Denver Nuggets,21500998,2016-03-15T00:00:00,DEN @ ORL,L,33.0,5.0,0.0,2.0,0.0,7.0,7.0,5.0,22.0,0.0,1.0,2.0,5.0,34.8,1,13074,13074,13074,5127,1603,10158,4675,18861,12242,15642,11593,10265,8004,17214,11390,1539,3891,1.0,33:00,2015,2016
2015-16,203114,Khris Middleton,Khris,1610612749,MIL,Milwaukee Bucks,21501000,2016-03-15T00:00:00,MIL vs. TOR,L,30.6,2.0,0.0,2.0,6.0,5.0,11.0,6.0,30.0,0.0,1.0,2.0,3.0,25.7,1,13074,13074,13074,7058,6026,10158,4675,5299,8403,21814,13388,4541,8004,17214,11390,4736,8088,1.0,30:33,2015,2016
2015-16,201980,Danny Green,Danny,1610612759,SAS,San Antonio Spurs,21501001,2016-03-15T00:00:00,SAS vs. LAC,W,26.1,6.0,3.0,0.0,0.0,6.0,0.0,5.0,16.0,0.0,0.0,4.0,0.0,14.5,1,1,1,1,10755,878,3104,9917,18861,10028,1,11593,15259,8004,1,22104,18762,15799,1.0,26:06,2015,2016
2015-16,201574,Jason Thompson,Jason,1610612761,TOR,Toronto Raptors,21501000,2016-03-15T00:00:00,TOR @ MIL,W,23.1,0.0,2.0,0.0,2.0,4.0,4.0,4.0,26.0,1.0,0.0,5.0,0.0,14.2,1,1,1,1,13285,12059,4731,9917,12984,6141,8458,8806,7214,2692,1,24686,18762,16003,1.0,23:06,2015,2016
2015-16,1626202,Joe Young,Joe,1610612754,IND,Indiana Pacers,21500997,2016-03-15T00:00:00,IND vs. BOS,W,8.7,0.0,0.0,0.0,0.0,2.0,2.0,0.0,6.0,0.0,0.0,0.0,1.0,10.1,1,1,1,1,22982,12059,10158,9917,18861,2619,3734,1,22724,8004,1,1,12373,19105,1.0,8:39,2015,2016
2015-16,203935,Marcus Smart,Marcus,1610612738,BOS,Boston Celtics,21500997,2016-03-15T00:00:00,BOS @ IND,L,31.9,0.0,2.0,4.0,6.0,6.0,8.0,2.0,24.0,1.0,1.0,2.0,4.0,22.8,1,13074,13074,13074,5963,12059,4731,1913,5299,10028,17345,4025,8723,2692,17214,11390,2748,9883,1.0,31:56,2015,2016
2015-16,201158,Marco Belinelli,Marco,1610612758,SAC,Sacramento Kings,21501002,2016-03-15T00:00:00,SAC @ LAL,W,15.0,0.0,0.0,0.0,2.0,4.0,4.0,4.0,16.0,0.0,1.0,1.0,1.0,14.9,1,1,1,1,19742,12059,10158,9917,12984,6141,8458,8806,15259,8004,17214,4972,12373,15463,1.0,15:01,2015,2016
2015-16,203917,Nik Stauskas,Nik,1610612755,PHI,Philadelphia 76ers,21500999,2016-03-15T00:00:00,PHI @ BKN,L,30.4,7.0,0.0,2.0,8.0,17.0,19.0,15.0,40.0,1.0,1.0,1.0,2.0,34.9,1,13074,13074,13074,7196,548,10158,4675,3109,24337,25786,24242,983,2692,17214,4972,7786,3845,1.0,30:23,2015,2016
2015-16,1626144,Emmanuel Mudiay,Emmanuel,1610612743,DEN,Denver Nuggets,21500998,2016-03-15T00:00:00,DEN @ ORL,L,27.4,5.0,0.0,0.0,4.0,12.0,4.0,8.0,22.0,0.0,0.0,3.0,4.0,19.4,1,13074,13074,13074,9712,1603,10158,9917,8599,20178,8458,17194,10265,8004,1,17641,2748,12154,1.0,27:23,2015,2016
2015-16,204456,T.J. McConnell,T.J.,1610612755,PHI,Philadelphia 76ers,21500999,2016-03-15T00:00:00,PHI @ BKN,L,20.4,2.0,2.0,4.0,8.0,17.0,9.0,11.0,24.0,0.0,1.0,1.0,0.0,23.3,1,13074,13074,13074,15591,6026,4731,1913,3109,24337,19144,21342,8723,8004,17214,4972,18762,9567,1.0,20:22,2015,2016
2015-16,202687,Bismack Biyombo,Bismack,1610612761,TOR,Toronto Raptors,21501000,2016-03-15T00:00:00,TOR @ MIL,W,24.9,0.0,2.0,0.0,10.0,7.0,6.0,8.0,24.0,2.0,0.0,2.0,1.0,35.1,1,1,1,1,11748,12059,4731,9917,1840,12242,13237,17194,8723,932,1,11390,12373,3777,1.0,24:54,2015,2016
2015-16,203477,Isaiah Canaan,Isaiah,1610612755,PHI,Philadelphia 76ers,21500999,2016-03-15T00:00:00,PHI @ BKN,L,31.8,2.0,2.0,3.0,0.0,16.0,15.0,20.0,36.0,0.0,0.0,2.0,2.0,22.9,1,13074,13074,13074,6074,6026,4731,3302,18861,23774,24781,25599,1943,8004,1,11390,7786,9811,1.0,31:48,2015,2016
2015-16,203138,Hollis Thompson,Hollis,1610612755,PHI,Philadelphia 76ers,21500999,2016-03-15T00:00:00,PHI @ BKN,L,32.0,3.0,0.0,0.0,6.0,14.0,17.0,20.0,44.0,0.0,0.0,1.0,2.0,19.6,1,13074,13074,13074,5868,4307,10158,9917,5299,22292,25429,25599,454,8004,1,4972,7786,12024,1.0,32:01,2015,2016
2015-16,203135,Robert Sacre,Robert,1610612747,LAL,Los Angeles Lakers,21501002,2016-03-15T00:00:00,LAL vs. SAC,L,22.2,0.0,2.0,0.0,4.0,5.0,4.0,7.0,24.0,0.0,0.0,3.0,1.0,19.0,1,13074,13074,13074,13979,12059,4731,9917,8599,8403,8458,15538,8723,8004,1,17641,12373,12440,1.0,22:14,2015,2016
2015-16,2225,Tony Parker,Tony,1610612759,SAS,San Antonio Spurs,21501001,2016-03-15T00:00:00,SAS vs. LAC,W,24.4,0.0,0.0,0.0,2.0,2.0,0.0,5.0,14.0,0.0,0.0,3.0,0.0,9.9,1,1,1,1,12210,12059,10158,9917,12984,2619,1,11593,17019,8004,1,17641,18762,19247,1.0,24:24,2015,2016
2015-16,1626204,Larry Nance Jr.,Larry,1610612747,LAL,Los Angeles Lakers,21501002,2016-03-15T00:00:00,LAL vs. SAC,L,25.0,4.0,4.0,6.0,10.0,5.0,4.0,7.0,22.0,0.0,0.0,0.0,0.0,25.3,1,13074,13074,13074,11644,2460,1596,740,1840,8403,8458,15538,10265,8004,1,1,18762,8340,1.0,25:02,2015,2016
2015-16,201943,Brandon Jennings,Brandon,1610612753,ORL,Orlando Magic,21500998,2016-03-15T00:00:00,ORL vs. DEN,W,27.0,2.0,0.0,2.0,2.0,5.0,9.0,4.0,20.0,0.0,0.0,2.0,5.0,34.1,1,1,1,1,9986,6026,10158,4675,12984,8403,19144,8806,11929,8004,1,11390,1539,4124,1.0,27:02,2015,2016
2015-16,200751,Randy Foye,Randy,1610612760,OKC,Oklahoma City Thunder,21500993,2016-03-14T00:00:00,OKC vs. POR,W,28.7,0.0,0.0,0.0,2.0,11.0,6.0,5.0,24.0,1.0,0.0,3.0,0.0,18.8,1,1,1,1,8667,12059,10158,9917,12984,18886,13237,11593,8723,2692,1,17641,18762,12588,1.0,28:41,2015,2016
2015-16,201574,Jason Thompson,Jason,1610612761,TOR,Toronto Raptors,21500991,2016-03-14T00:00:00,TOR vs. CHI,L,12.4,0.0,2.0,0.0,4.0,0.0,0.0,0.0,6.0,0.0,0.0,1.0,2.0,14.8,1,13074,13074,13074,21307,12059,4731,9917,8599,1,1,1,22724,8004,1,4972,7786,15561,1.0,12:26,2015,2016
2015-16,203498,Shabazz Muhammad,Shabazz,1610612750,MIN,Minnesota Timberwolves,21500995,2016-03-14T00:00:00,MIN @ PHX,L,23.5,4.0,2.0,2.0,8.0,6.0,13.0,13.0,18.0,1.0,2.0,1.0,0.0,18.8,1,13074,13074,13074,12973,2460,4731,4675,3109,10028,23668,23048,13577,2692,23588,4972,18762,12588,1.0,23:29,2015,2016
2015-16,101109,Raymond Felton,Raymond,1610612742,DAL,Dallas Mavericks,21500988,2016-03-14T00:00:00,DAL @ CHA,W,31.9,2.0,0.0,0.0,6.0,10.0,5.0,12.0,20.0,0.0,2.0,2.0,3.0,34.6,1,1,1,1,5994,6026,10158,9917,5299,17370,11469,22259,11929,8004,23588,11390,4736,3963,1.0,31:53,2015,2016
2015-16,1626199,Darrun Hilliard,Darrun,1610612765,DET,Detroit Pistons,21500989,2016-03-14T00:00:00,DET @ WAS,L,12.0,2.0,0.0,0.0,4.0,4.0,4.0,5.0,20.0,0.0,0.0,0.0,2.0,10.0,1,13074,13074,13074,21529,6026,10158,9917,8599,6141,8458,11593,11929,8004,1,1,7786,19178,1.0,12:00,2015,2016
2015-16,201581,JJ Hickson,JJ,1610612764,WAS,Washington Wizards,21500989,2016-03-14T00:00:00,WAS vs. DET,W,7.9,1.0,2.0,0.0,4.0,2.0,0.0,0.0,4.0,0.0,0.0,1.0,1.0,9.7,1,1,1,1,23223,11535,4731,9917,8599,2619,1,1,23698,8004,1,4972,12373,19379,1.0,7:54,2015,2016
2015-16,203926,Doug McDermott,Doug,1610612741,CHI,Chicago Bulls,21500991,2016-03-14T00:00:00,CHI @ TOR,W,36.5,0.0,0.0,3.0,8.0,6.0,13.0,11.0,38.0,1.0,0.0,1.0,4.0,34.7,1,1,1,1,2406,12059,10158,3302,3109,10028,23668,21342,1422,2692,1,4972,2748,3935,1.0,36:30,2015,2016
2015-16,2733,Shaun Livingston,Shaun,1610612744,GSW,Golden State Warriors,21500996,2016-03-14T00:00:00,GSW vs. NOP,W,15.8,0.0,0.0,2.0,2.0,4.0,6.0,2.0,16.0,0.0,0.0,4.0,1.0,10.2,1,1,1,1,19178,12059,10158,4675,12984,6141,13237,4025,15259,8004,1,22104,12373,19003,1.0,15:49,2015,2016
2015-16,202324,Derrick Favors,Derrick,1610612762,UTA,Utah Jazz,21500994,2016-03-14T00:00:00,UTA vs. CLE,W,32.0,0.0,2.0,0.0,12.0,14.0,15.0,6.0,26.0,3.0,2.0,1.0,3.0,34.0,1,1,1,1,5914,12059,4731,9917,988,22292,24781,13388,7214,347,23588,4972,4736,4162,1.0,31:58,2015,2016
2015-16,202681,Kyrie Irving,Kyrie,1610612739,CLE,Cleveland Cavaliers,21500994,2016-03-14T00:00:00,CLE @ UTA,L,33.7,6.0,4.0,0.0,6.0,5.0,5.0,0.0,24.0,1.0,0.0,2.0,0.0,33.3,1,13074,13074,13074,4609,878,1596,9917,5299,8403,11469,1,8723,2692,1,11390,18762,4423,1.0,33:41,2015,2016
2015-16,201563,Michael Beasley,Michael,1610612745,HOU,Houston Rockets,21500992,2016-03-14T00:00:00,HOU vs. MEM,W,27.4,0.0,0.0,0.0,0.0,11.0,16.0,10.0,24.0,1.0,0.0,3.0,1.0,34.8,1,1,1,1,9692,12059,10158,9917,18861,18886,25155,20169,8723,2692,1,17641,12373,3891,1.0,27:25,2015,2016
2015-16,1626169,Stanley Johnson,Stanley,1610612765,DET,Detroit Pistons,21500989,2016-03-14T00:00:00,DET @ WAS,L,25.8,0.0,0.0,0.0,0.0,15.0,9.0,9.0,30.0,1.0,1.0,2.0,0.0,25.2,1,13074,13074,13074,11011,12059,10158,9917,18861,23079,19144,18829,4541,2692,17214,11390,18762,8383,1.0,25:48,2015,2016
2015-16,203584,Troy Daniels,Troy,1610612766,CHA,Charlotte Hornets,21500988,2016-03-14T00:00:00,CHA vs. DAL,L,14.9,3.0,3.0,0.0,0.0,5.0,3.0,3.0,16.0,1.0,0.0,1.0,0.0,14.7,1,13074,13074,13074,19800,4307,3104,9917,18861,8403,7138,7328,15259,2692,1,4972,18762,15631,1.0,14:56,2015,2016
2015-16,203468,CJ McCollum,CJ,1610612757,POR,Portland Trail Blazers,21500993,2016-03-14T00:00:00,POR @ OKC,L,29.2,0.0,2.0,0.0,6.0,5.0,5.0,14.0,42.0,0.0,1.0,1.0,2.0,23.1,1,13074,13074,13074,8209,12059,4731,9917,5299,8403,11469,23710,670,8004,17214,4972,7786,9699,1.0,29:12,2015,2016
2015-16,202694,Marcus Morris Sr.,Marcus,1610612765,DET,Detroit Pistons,21500989,2016-03-14T00:00:00,DET @ WAS,L,22.2,2.0,2.0,0.0,2.0,13.0,4.0,6.0,32.0,0.0,0.0,0.0,4.0,19.0,1,13074,13074,13074,14007,6026,4731,9917,12984,21300,8458,13388,3535,8004,1,1,2748,12440,1.0,22:12,2015,2016
2015-16,1626163,Frank Kaminsky,Frank,1610612766,CHA,Charlotte Hornets,21500988,2016-03-14T00:00:00,CHA vs. DAL,L,15.1,1.0,1.0,1.0,4.0,8.0,3.0,3.0,10.0,0.0,2.0,3.0,2.0,14.9,1,13074,13074,13074,19698,11535,9709,9347,8599,13914,7138,7328,20209,8004,23588,17641,7786,15463,1.0,15:05,2015,2016
2015-16,203521,Matthew Dellavedova,Matthew,1610612739,CLE,Cleveland Cavaliers,21500994,2016-03-14T00:00:00,CLE @ UTA,L,23.4,0.0,0.0,0.0,2.0,3.0,5.0,0.0,14.0,0.0,0.0,1.0,0.0,14.9,1,13074,13074,13074,13065,12059,10158,9917,12984,5109,11469,1,17019,8004,1,4972,18762,15463,1.0,23:22,2015,2016
2015-16,203914,Gary Harris,Gary,1610612743,DEN,Denver Nuggets,21500990,2016-03-14T00:00:00,DEN @ MIA,L,34.2,6.0,0.0,12.0,10.0,7.0,6.0,3.0,40.0,0.0,1.0,0.0,3.0,33.6,1,13074,13074,13074,4190,878,10158,42,1840,12242,13237,7328,983,8004,17214,1,4736,4305,1.0,34:12,2015,2016
2015-16,203943,Noah Vonleh,Noah,1610612757,POR,Portland Trail Blazers,21500993,2016-03-14T00:00:00,POR @ OKC,L,16.8,0.0,4.0,0.0,4.0,2.0,5.0,7.0,20.0,1.0,1.0,1.0,1.0,14.5,1,13074,13074,13074,18447,12059,1596,9917,8599,2619,11469,15538,11929,2692,17214,4972,12373,15799,1.0,16:46,2015,2016
2015-16,2736,Luol Deng,Luol,1610612748,MIA,Miami Heat,21500990,2016-03-14T00:00:00,MIA vs. DEN,W,33.1,4.0,2.0,0.0,8.0,14.0,12.0,26.0,48.0,0.0,0.0,0.0,2.0,34.6,1,1,1,1,5072,2460,4731,9917,3109,22292,22832,26007,192,8004,1,1,7786,3963,1.0,33:04,2015,2016
2015-16,2772,Trevor Ariza,Trevor,1610612745,HOU,Houston Rockets,21500992,2016-03-14T00:00:00,HOU vs. MEM,W,20.8,2.0,0.0,5.0,2.0,9.0,8.0,7.0,20.0,0.0,0.0,0.0,1.0,22.9,1,1,1,1,15223,6026,10158,1277,12984,15771,17345,15538,11929,8004,1,1,12373,9811,1.0,20:48,2015,2016
2015-16,2440,Matt Barnes,Matt,1610612763,MEM,Memphis Grizzlies,21500992,2016-03-14T00:00:00,MEM @ HOU,L,25.2,2.0,4.0,4.0,6.0,12.0,8.0,12.0,12.0,0.0,0.0,0.0,1.0,23.4,1,13074,13074,13074,11528,6026,1596,1913,5299,20178,17345,22259,18637,8004,1,1,12373,9501,1.0,25:12,2015,2016
2015-16,202710,Jimmy Butler III,Jimmy,1610612741,CHI,Chicago Bulls,21500991,2016-03-14T00:00:00,CHI @ TOR,W,34.0,2.0,0.0,0.0,8.0,9.0,16.0,16.0,38.0,2.0,6.0,1.0,3.0,34.0,1,1,1,1,4385,6026,10158,9917,3109,15771,25155,24641,1422,932,26070,4972,4736,4162,1.0,33:57,2015,2016
2015-16,201196,Ramon Sessions,Ramon,1610612764,WAS,Washington Wizards,21500989,2016-03-14T00:00:00,WAS vs. DET,W,23.8,0.0,0.0,2.0,10.0,8.0,2.0,2.0,20.0,0.0,0.0,2.0,3.0,23.4,1,1,1,1,12715,12059,10158,4675,1840,13914,3734,4025,11929,8004,1,11390,4736,9501,1.0,23:50,2015,2016
2015-16,201567,Kevin Love,Kevin,1610612739,CLE,Cleveland Cavaliers,21500994,2016-03-14T00:00:00,CLE @ UTA,L,34.3,2.0,0.0,0.0,2.0,8.0,8.0,0.0,26.0,0.0,1.0,2.0,4.0,22.8,1,13074,13074,13074,4138,6026,10158,9917,12984,13914,17345,1,7214,8004,17214,11390,2748,9883,1.0,34:15,2015,2016
2015-16,202697,Iman Shumpert,Iman,1610612739,CLE,Cleveland Cavaliers,21500994,2016-03-14T00:00:00,CLE @ UTA,L,18.5,0.0,0.0,0.0,0.0,0.0,2.0,0.0,16.0,0.0,0.0,0.0,1.0,10.2,1,13074,13074,13074,17069,12059,10158,9917,18861,1,3734,1,15259,8004,1,1,12373,19003,1.0,18:32,2015,2016
2015-16,203458,Alex Len,Alex,1610612756,PHX,Phoenix Suns,21500995,2016-03-14T00:00:00,PHX vs. MIN,W,25.8,2.0,3.0,0.0,4.0,21.0,10.0,10.0,28.0,0.0,0.0,5.0,3.0,23.2,1,1,1,1,11006,6026,3104,9917,8599,25535,20509,20169,5824,8004,1,24686,4736,9630,1.0,25:49,2015,2016
2015-16,202335,Patrick Patterson,Patrick,1610612761,TOR,Toronto Raptors,21500991,2016-03-14T00:00:00,TOR vs. CHI,L,32.2,2.0,5.0,0.0,2.0,0.0,6.0,3.0,26.0,0.0,0.0,2.0,2.0,23.2,1,13074,13074,13074,5747,6026,995,9917,12984,1,13237,7328,7214,8004,1,11390,7786,9630,1.0,32:10,2015,2016
2015-16,202691,Klay Thompson,Klay,1610612744,GSW,Golden State Warriors,21500996,2016-03-14T00:00:00,GSW vs. NOP,W,26.1,2.0,2.0,2.0,6.0,8.0,10.0,4.0,24.0,1.0,0.0,0.0,1.0,19.4,1,1,1,1,10743,6026,4731,4675,5299,13914,20509,8806,8723,2692,1,1,12373,12154,1.0,26:07,2015,2016
2015-16,201142,Kevin Durant,Kevin,1610612760,OKC,Oklahoma City Thunder,21500993,2016-03-14T00:00:00,OKC vs. POR,W,26.4,2.0,6.0,0.0,4.0,0.0,20.0,4.0,26.0,0.0,2.0,0.0,5.0,34.5,1,1,1,1,10518,6026,481,9917,8599,1,25875,8806,7214,8004,23588,1,1539,3997,1.0,26:25,2015,2016
2015-16,201959,Taj Gibson,Taj,1610612741,CHI,Chicago Bulls,21500991,2016-03-14T00:00:00,CHI @ TOR,W,34.8,0.0,4.0,0.0,10.0,9.0,14.0,16.0,42.0,1.0,0.0,3.0,2.0,34.5,1,1,1,1,3703,12059,1596,9917,1840,15771,24300,24641,670,2692,1,17641,7786,3997,1.0,34:47,2015,2016
2015-16,203500,Steven Adams,Steven,1610612760,OKC,Oklahoma City Thunder,21500993,2016-03-14T00:00:00,OKC vs. POR,W,19.0,0.0,0.0,3.0,10.0,0.0,16.0,2.0,20.0,1.0,1.0,2.0,3.0,25.6,1,1,1,1,16734,12059,10158,3302,1840,1,25155,4025,11929,2692,17214,11390,4736,8157,1.0,18:57,2015,2016
2015-16,201976,Patrick Beverley,Patrick,1610612745,HOU,Houston Rockets,21500992,2016-03-14T00:00:00,HOU vs. MEM,W,25.8,2.0,0.0,0.0,2.0,7.0,10.0,5.0,24.0,1.0,0.0,1.0,1.0,35.0,1,1,1,1,11008,6026,10158,9917,12984,12242,20509,11593,8723,2692,1,4972,12373,3813,1.0,25:48,2015,2016
2015-16,203148,Brian Roberts,Brian,1610612757,POR,Portland Trail Blazers,21500993,2016-03-14T00:00:00,POR @ OKC,L,12.0,3.0,0.0,3.0,2.0,2.0,4.0,2.0,10.0,0.0,0.0,0.0,4.0,10.1,1,13074,13074,13074,21529,4307,10158,3302,12984,2619,8458,4025,20209,8004,1,1,2748,19105,1.0,12:00,2015,2016
2015-16,202337,Luke Babbitt,Luke,1610612740,NOP,New Orleans Pelicans,21500996,2016-03-14T00:00:00,NOP @ GSW,L,34.6,4.0,0.0,0.0,8.0,9.0,9.0,18.0,40.0,0.0,0.0,2.0,2.0,25.5,1,13074,13074,13074,3890,2460,10158,9917,3109,15771,19144,25228,983,8004,1,11390,7786,8230,1.0,34:34,2015,2016
2015-16,200826,J.J. Barea,J.J.,1610612742,DAL,Dallas Mavericks,21500988,2016-03-14T00:00:00,DAL @ CHA,W,14.5,0.0,0.0,0.0,2.0,9.0,4.0,5.0,6.0,0.0,1.0,2.0,0.0,10.0,1,1,1,1,20112,12059,10158,9917,12984,15771,8458,11593,22724,8004,17214,11390,18762,19178,1.0,14:29,2015,2016
2015-16,2449,Luis Scola,Luis,1610612761,TOR,Toronto Raptors,21500991,2016-03-14T00:00:00,TOR vs. CHI,L,16.0,0.0,0.0,0.0,4.0,7.0,0.0,3.0,16.0,0.0,1.0,1.0,0.0,6.4,1,13074,13074,13074,19034,12059,10158,9917,8599,12242,1,7328,15259,8004,17214,4972,18762,21589,1.0,16:00,2015,2016
2015-16,1737,Nazr Mohammed,Nazr,1610612760,OKC,Oklahoma City Thunder,21500993,2016-03-14T00:00:00,OKC vs. POR,W,6.8,0.0,0.0,0.0,0.0,7.0,0.0,3.0,4.0,0.0,0.0,2.0,0.0,1.2,1,1,1,1,23631,12059,10158,9917,18861,12242,1,7328,23698,8004,1,11390,18762,24661,1.0,6:48,2015,2016
2015-16,2570,Kendrick Perkins,Kendrick,1610612740,NOP,New Orleans Pelicans,21500996,2016-03-14T00:00:00,NOP @ GSW,L,5.6,0.0,0.0,0.0,2.0,0.0,0.0,3.0,2.0,0.0,0.0,0.0,0.0,6.2,1,13074,13074,13074,24132,12059,10158,9917,12984,1,1,7328,24614,8004,1,1,18762,21696,1.0,5:37,2015,2016
2015-16,203200,Justin Holiday,Justin,1610612741,CHI,Chicago Bulls,21500991,2016-03-14T00:00:00,CHI @ TOR,W,14.0,0.0,0.0,3.0,2.0,7.0,2.0,7.0,14.0,1.0,1.0,4.0,0.0,11.1,1,1,1,1,20388,12059,10158,3302,12984,12242,3734,15538,17019,2692,17214,22104,18762,18370,1.0,14:02,2015,2016
2015-16,2760,Anderson Varejao,Anderson,1610612744,GSW,Golden State Warriors,21500996,2016-03-14T00:00:00,GSW vs. NOP,W,7.0,0.0,2.0,0.0,4.0,8.0,6.0,2.0,12.0,0.0,0.0,2.0,2.0,10.6,1,1,1,1,23558,12059,4731,9917,8599,13914,13237,4025,18637,8004,1,11390,7786,18723,1.0,7:01,2015,2016
2015-16,2549,Chris Kaman,Chris,1610612757,POR,Portland Trail Blazers,21500993,2016-03-14T00:00:00,POR @ OKC,L,9.6,5.0,0.0,0.0,4.0,0.0,2.0,0.0,6.0,0.0,0.0,1.0,1.0,10.9,1,13074,13074,13074,22592,1603,10158,9917,8599,1,3734,1,22724,8004,1,4972,12373,18498,1.0,9:35,2015,2016
2015-16,201945,Gerald Henderson,Gerald,1610612757,POR,Portland Trail Blazers,21500993,2016-03-14T00:00:00,POR @ OKC,L,17.7,0.0,2.0,0.0,2.0,6.0,7.0,8.0,18.0,2.0,0.0,0.0,0.0,11.2,1,13074,13074,13074,17790,12059,4731,9917,12984,10028,15642,17194,13577,932,1,1,18762,18267,1.0,17:39,2015,2016
2015-16,202699,Tobias Harris,Tobias,1610612765,DET,Detroit Pistons,21500989,2016-03-14T00:00:00,DET @ WAS,L,23.3,2.0,2.0,0.0,6.0,17.0,4.0,6.0,32.0,0.0,1.0,1.0,1.0,11.2,1,13074,13074,13074,13126,6026,4731,9917,5299,24337,8458,13388,3535,8004,17214,4972,12373,18267,1.0,23:17,2015,2016
2015-16,1626181,Norman Powell,Norman,1610612761,TOR,Toronto Raptors,21500991,2016-03-14T00:00:00,TOR vs. CHI,L,3.9,0.0,0.0,0.0,0.0,0.0,0.0,0.0,0.0,0.0,0.0,1.0,0.0,1.2,1,13074,13074,13074,24746,12059,10158,9917,18861,1,1,1,25429,8004,1,4972,18762,24661,1.0,3:54,2015,2016
2015-16,203187,Chris Johnson,Chris,1610612762,UTA,Utah Jazz,21500994,2016-03-14T00:00:00,UTA vs. CLE,W,16.0,0.0,0.0,0.0,0.0,4.0,6.0,4.0,14.0,0.0,0.0,2.0,0.0,1.2,1,1,1,1,19060,12059,10158,9917,18861,6141,13237,8806,17019,8004,1,11390,18762,24661,1.0,15:58,2015,2016
2015-16,203459,Allen Crabbe,Allen,1610612757,POR,Portland Trail Blazers,21500993,2016-03-14T00:00:00,POR @ OKC,L,16.8,0.0,0.0,0.0,2.0,8.0,9.0,6.0,20.0,0.0,0.0,1.0,0.0,6.2,1,13074,13074,13074,18417,12059,10158,9917,12984,13914,19144,13388,11929,8004,1,4972,18762,21696,1.0,16:48,2015,2016
2015-16,203111,Orlando Johnson,Orlando,1610612740,NOP,New Orleans Pelicans,21500996,2016-03-14T00:00:00,NOP @ GSW,L,22.3,0.0,0.0,0.0,0.0,7.0,3.0,11.0,26.0,0.0,0.0,1.0,0.0,10.7,1,13074,13074,13074,13905,12059,10158,9917,18861,12242,7138,21342,7214,8004,1,4972,18762,18636,1.0,22:19,2015,2016
2015-16,202684,Tristan Thompson,Tristan,1610612739,CLE,Cleveland Cavaliers,21500994,2016-03-14T00:00:00,CLE @ UTA,L,19.8,0.0,0.0,0.0,2.0,2.0,4.0,0.0,16.0,0.0,0.0,3.0,2.0,5.6,1,13074,13074,13074,16041,12059,10158,9917,12984,2619,8458,1,15259,8004,1,17641,7786,22133,1.0,19:50,2015,2016
2015-16,203083,Andre Drummond,Andre,1610612765,DET,Detroit Pistons,21500989,2016-03-14T00:00:00,DET @ WAS,L,26.6,0.0,4.0,0.0,6.0,19.0,4.0,8.0,30.0,0.0,0.0,4.0,2.0,24.4,1,13074,13074,13074,10350,12059,1596,9917,5299,25074,8458,17194,4541,8004,1,22104,7786,8867,1.0,26:38,2015,2016
2015-16,201566,Russell Westbrook,Russell,1610612760,OKC,Oklahoma City Thunder,21500993,2016-03-14T00:00:00,OKC vs. POR,W,28.5,7.0,2.0,7.0,12.0,0.0,18.0,2.0,24.0,1.0,1.0,2.0,4.0,62.0,1,1,1,1,8866,548,4731,454,988,1,25634,4025,8723,2692,17214,11390,2748,141,1.0,28:27,2015,2016
2015-16,1627293,Alex Stepheson,Alex,1610612763,MEM,Memphis Grizzlies,21500992,2016-03-14T00:00:00,MEM @ HOU,L,25.3,4.0,8.0,2.0,8.0,4.0,6.0,16.0,22.0,0.0,4.0,6.0,5.0,30.0,1,13074,13074,13074,11457,2460,137,4675,3109,6141,13237,24641,10265,8004,25926,25827,1539,5840,1.0,25:17,2015,2016
2015-16,201609,Goran Dragic,Goran,1610612748,MIA,Miami Heat,21500990,2016-03-14T00:00:00,MIA vs. DEN,W,32.7,0.0,0.0,2.0,4.0,19.0,23.0,22.0,54.0,0.0,0.0,3.0,3.0,24.4,1,1,1,1,5383,12059,10158,4675,8599,25074,26017,25811,35,8004,1,17641,4736,8867,1.0,32:39,2015,2016
2015-16,1626144,Emmanuel Mudiay,Emmanuel,1610612743,DEN,Denver Nuggets,21500990,2016-03-14T00:00:00,DEN @ MIA,L,32.9,2.0,7.0,0.0,8.0,8.0,7.0,6.0,38.0,0.0,0.0,2.0,3.0,36.6,1,13074,13074,13074,5229,6026,292,9917,3109,13914,15642,13388,1422,8004,1,11390,4736,3288,1.0,32:52,2015,2016
2015-16,203076,Anthony Davis,Anthony,1610612740,NOP,New Orleans Pelicans,21500996,2016-03-14T00:00:00,NOP @ GSW,L,29.1,2.0,6.0,0.0,6.0,8.0,4.0,14.0,34.0,2.0,4.0,3.0,7.0,44.9,1,13074,13074,13074,8293,6026,481,9917,5299,13914,8458,23710,2701,932,25926,17641,469,1380,1.0,29:07,2015,2016
2015-16,2730,Dwight Howard,Dwight,1610612745,HOU,Houston Rockets,21500992,2016-03-14T00:00:00,HOU vs. MEM,W,24.0,2.0,2.0,0.0,4.0,7.0,10.0,7.0,20.0,5.0,0.0,4.0,4.0,45.1,1,1,1,1,12611,6026,4731,9917,8599,12242,20509,15538,11929,59,1,22104,2748,1338,1.0,23:57,2015,2016
2015-16,201962,Toney Douglas,Toney,1610612740,NOP,New Orleans Pelicans,21500996,2016-03-14T00:00:00,NOP @ GSW,L,37.6,2.0,5.0,0.0,4.0,11.0,9.0,12.0,34.0,0.0,0.0,3.0,3.0,45.0,1,13074,13074,13074,1713,6026,995,9917,8599,18886,19144,22259,2701,8004,1,17641,4736,1357,1.0,37:34,2015,2016
2015-16,202355,Hassan Whiteside,Hassan,1610612748,MIA,Miami Heat,21500990,2016-03-14T00:00:00,MIA vs. DEN,W,31.0,2.0,4.0,0.0,12.0,14.0,22.0,13.0,40.0,1.0,0.0,4.0,4.0,29.0,1,1,1,1,6707,6026,1596,9917,988,22292,25991,23048,983,2692,1,22104,2748,6346,1.0,31:01,2015,2016
2015-16,200782,P.J. Tucker,P.J.,1610612756,PHX,Phoenix Suns,21500995,2016-03-14T00:00:00,PHX vs. MIN,W,40.4,4.0,4.0,4.0,12.0,23.0,7.0,21.0,34.0,0.0,1.0,0.0,1.0,48.9,1,1,1,1,615,2460,1596,1913,988,25803,15642,25725,2701,8004,17214,1,12373,874,1.0,40:26,2015,2016
2015-16,202703,Nikola Mirotic,Nikola,1610612741,CHI,Chicago Bulls,21500991,2016-03-14T00:00:00,CHI @ TOR,W,32.2,3.0,0.0,0.0,0.0,11.0,7.0,13.0,30.0,1.0,1.0,3.0,5.0,29.0,1,1,1,1,5707,4307,10158,9917,18861,18886,15642,23048,4541,2692,17214,17641,1539,6346,1.0,32:13,2015,2016
2015-16,203918,Rodney Hood,Rodney,1610612762,UTA,Utah Jazz,21500994,2016-03-14T00:00:00,UTA vs. CLE,W,33.9,5.0,6.0,0.0,8.0,13.0,12.0,3.0,32.0,0.0,0.0,2.0,5.0,29.9,1,1,1,1,4471,1603,481,9917,3109,21300,22832,7328,3535,8004,1,11390,1539,5884,1.0,33:51,2015,2016
2015-16,1626159,Justise Winslow,Justise,1610612748,MIA,Miami Heat,21500990,2016-03-14T00:00:00,MIA vs. DEN,W,33.2,7.0,0.0,7.0,10.0,11.0,22.0,11.0,36.0,0.0,0.0,4.0,2.0,29.6,1,1,1,1,5003,548,10158,454,1840,18886,25991,21342,1943,8004,1,22104,7786,6050,1.0,33:09,2015,2016
2015-16,2199,Tyson Chandler,Tyson,1610612756,PHX,Phoenix Suns,21500995,2016-03-14T00:00:00,PHX vs. MIN,W,30.4,2.0,7.0,2.0,10.0,14.0,10.0,13.0,18.0,2.0,0.0,6.0,5.0,35.7,1,1,1,1,7150,6026,292,4675,1840,22292,20509,23048,13577,932,1,25827,1539,3578,1.0,30:27,2015,2016
2015-16,202718,Chandler Parsons,Chandler,1610612742,DAL,Dallas Mavericks,21500988,2016-03-14T00:00:00,DAL @ CHA,W,37.4,2.0,2.0,2.0,6.0,16.0,6.0,16.0,24.0,1.0,0.0,2.0,3.0,50.8,1,1,1,1,1830,6026,4731,4675,5299,23774,13237,24641,8723,2692,1,11390,4736,671,1.0,37:24,2015,2016
2015-16,201937,Ricky Rubio,Ricky,1610612750,MIN,Minnesota Timberwolves,21500995,2016-03-14T00:00:00,MIN @ PHX,L,36.4,2.0,3.0,2.0,0.0,8.0,15.0,15.0,40.0,0.0,0.0,2.0,6.0,51.1,1,13074,13074,13074,2439,6026,3104,4675,18861,13914,24781,24242,983,8004,1,11390,873,645,1.0,36:26,2015,2016
2015-16,201950,Jrue Holiday,Jrue,1610612740,NOP,New Orleans Pelicans,21500996,2016-03-14T00:00:00,NOP @ GSW,L,28.1,0.0,2.0,0.0,6.0,8.0,2.0,14.0,34.0,0.0,1.0,1.0,3.0,28.8,1,13074,13074,13074,9136,12059,4731,9917,5299,13914,3734,23710,2701,8004,17214,4972,4736,6465,1.0,28:08,2015,2016
2015-16,202689,Kemba Walker,Kemba,1610612766,CHA,Charlotte Hornets,21500988,2016-03-14T00:00:00,CHA vs. DAL,L,39.8,2.0,3.0,8.0,10.0,15.0,9.0,4.0,32.0,1.0,0.0,2.0,8.0,47.3,1,13074,13074,13074,786,6026,3104,280,1840,23079,19144,8806,3535,2692,1,11390,254,1036,1.0,39:48,2015,2016
2015-16,203084,Harrison Barnes,Harrison,1610612744,GSW,Golden State Warriors,21500996,2016-03-14T00:00:00,GSW vs. NOP,W,31.9,0.0,0.0,0.0,2.0,6.0,8.0,4.0,30.0,1.0,0.0,2.0,2.0,24.6,1,1,1,1,6033,12059,10158,9917,12984,10028,17345,8806,4541,2692,1,11390,7786,8724,1.0,31:51,2015,2016
2015-16,200768,Kyle Lowry,Kyle,1610612761,TOR,Toronto Raptors,21500991,2016-03-14T00:00:00,TOR vs. CHI,L,40.6,3.0,3.0,13.0,14.0,7.0,4.0,3.0,36.0,0.0,0.0,4.0,9.0,62.7,1,13074,13074,13074,578,4307,3104,26,542,12242,8458,7328,1943,8004,1,22104,138,127,1.0,40:36,2015,2016
2015-16,101107,Marvin Williams,Marvin,1610612766,CHA,Charlotte Hornets,21500988,2016-03-14T00:00:00,CHA vs. DAL,L,32.9,8.0,2.0,4.0,8.0,10.0,6.0,4.0,28.0,1.0,1.0,4.0,3.0,29.4,1,13074,13074,13074,5197,308,4731,1913,3109,17370,13237,8806,5824,2692,17214,22104,4736,6143,1.0,32:55,2015,2016
2015-16,203999,Nikola Jokić,Nikola,1610612743,DEN,Denver Nuggets,21500990,2016-03-14T00:00:00,DEN @ MIA,L,27.8,2.0,4.0,0.0,6.0,7.0,7.0,5.0,34.0,1.0,1.0,2.0,4.0,35.6,1,13074,13074,13074,9383,6026,1596,9917,5299,12242,15642,11593,2701,2692,17214,11390,2748,3615,1.0,27:48,2015,2016
2015-16,101162,Marcin Gortat,Marcin,1610612764,WAS,Washington Wizards,21500989,2016-03-14T00:00:00,WAS vs. DET,W,24.7,6.0,0.0,2.0,16.0,6.0,8.0,0.0,18.0,0.0,0.0,4.0,4.0,29.2,1,1,1,1,11941,878,10158,4675,275,10028,17345,1,13577,8004,1,22104,2748,6243,1.0,24:41,2015,2016
2015-16,203490,Otto Porter Jr.,Otto,1610612764,WAS,Washington Wizards,21500989,2016-03-14T00:00:00,WAS vs. DET,W,32.5,0.0,2.0,0.0,0.0,6.0,10.0,2.0,32.0,2.0,0.0,1.0,0.0,29.7,1,1,1,1,5519,12059,4731,9917,18861,10028,20509,4025,3535,932,1,4972,18762,6006,1.0,32:29,2015,2016
2015-16,201939,Stephen Curry,Stephen,1610612744,GSW,Golden State Warriors,21500996,2016-03-14T00:00:00,GSW vs. NOP,W,31.3,0.0,0.0,4.0,12.0,6.0,14.0,2.0,20.0,0.0,0.0,1.0,2.0,45.5,1,1,1,1,6470,12059,10158,1913,988,10028,24300,4025,11929,8004,1,4972,7786,1278,1.0,31:18,2015,2016
2015-16,2207,Joe Johnson,Joe,1610612748,MIA,Miami Heat,21500990,2016-03-14T00:00:00,MIA vs. DEN,W,30.2,3.0,0.0,3.0,6.0,21.0,22.0,23.0,52.0,0.0,0.0,2.0,4.0,29.9,1,1,1,1,7381,4307,10158,3302,5299,25535,25991,25880,59,8004,1,11390,2748,5884,1.0,30:10,2015,2016
2015-16,203476,Gorgui Dieng,Gorgui,1610612750,MIN,Minnesota Timberwolves,21500995,2016-03-14T00:00:00,MIN @ PHX,L,33.1,4.0,0.0,1.0,4.0,10.0,12.0,26.0,38.0,2.0,1.0,2.0,5.0,37.3,1,13074,13074,13074,5055,2460,10158,9347,8599,17370,22832,26007,1422,932,17214,11390,1539,3105,1.0,33:05,2015,2016
2015-16,203798,PJ Hairston,PJ,1610612763,MEM,Memphis Grizzlies,21500992,2016-03-14T00:00:00,MEM @ HOU,L,17.8,0.0,0.0,0.0,4.0,7.0,4.0,9.0,10.0,0.0,0.0,2.0,0.0,9.4,1,13074,13074,13074,17647,12059,10158,9917,8599,12242,8458,18829,20209,8004,1,11390,18762,19568,1.0,17:50,2015,2016
2015-16,203504,Trey Burke,Trey,1610612762,UTA,Utah Jazz,21500994,2016-03-14T00:00:00,UTA vs. CLE,W,3.0,0.0,0.0,0.0,0.0,2.0,0.0,0.0,2.0,0.0,0.0,0.0,0.0,0.0,1,1,1,1,25129,12059,10158,9917,18861,2619,1,1,24614,8004,1,1,18762,25170,1.0,2:59,2015,2016
2015-16,2747,JR Smith,JR,1610612739,CLE,Cleveland Cavaliers,21500994,2016-03-14T00:00:00,CLE @ UTA,L,29.5,3.0,3.0,0.0,2.0,8.0,8.0,0.0,20.0,0.0,1.0,2.0,1.0,9.7,1,13074,13074,13074,8002,4307,3104,9917,12984,13914,17345,1,11929,8004,17214,11390,12373,19379,1.0,29:28,2015,2016
2015-16,202344,Trevor Booker,Trevor,1610612762,UTA,Utah Jazz,21500994,2016-03-14T00:00:00,UTA vs. CLE,W,19.1,0.0,0.0,0.0,0.0,9.0,8.0,4.0,16.0,1.0,0.0,1.0,1.0,9.2,1,1,1,1,16654,12059,10158,9917,18861,15771,17345,8806,15259,2692,1,4972,12373,19680,1.0,19:03,2015,2016
2015-16,203462,Archie Goodwin,Archie,1610612756,PHX,Phoenix Suns,21500995,2016-03-14T00:00:00,PHX vs. MIN,W,9.1,0.0,1.0,0.0,2.0,10.0,0.0,8.0,14.0,1.0,0.0,0.0,2.0,8.6,1,1,1,1,22815,12059,9709,9917,12984,17370,1,17194,17019,2692,1,1,7786,20125,1.0,9:04,2015,2016
2015-16,201967,Dante Cunningham,Dante,1610612740,NOP,New Orleans Pelicans,21500996,2016-03-14T00:00:00,NOP @ GSW,L,20.8,0.0,0.0,0.0,2.0,6.0,2.0,5.0,18.0,1.0,1.0,4.0,0.0,8.6,1,13074,13074,13074,15245,12059,10158,9917,12984,10028,3734,11593,13577,2692,17214,22104,18762,20125,1.0,20:47,2015,2016
2015-16,101187,Alan Anderson,Alan,1610612764,WAS,Washington Wizards,21500989,2016-03-14T00:00:00,WAS vs. DET,W,3.5,0.0,3.0,0.0,0.0,0.0,0.0,0.0,2.0,0.0,0.0,0.0,1.0,4.4,1,1,1,1,24915,12059,3104,9917,18861,1,1,1,24614,8004,1,1,12373,22837,1.0,3:31,2015,2016
2015-16,201147,Corey Brewer,Corey,1610612745,HOU,Houston Rockets,21500992,2016-03-14T00:00:00,HOU vs. MEM,W,15.2,2.0,0.0,0.0,0.0,2.0,4.0,4.0,8.0,0.0,0.0,0.0,1.0,4.4,1,1,1,1,19617,6026,10158,9917,18861,2619,8458,8806,21543,8004,1,1,12373,22837,1.0,15:13,2015,2016
2015-16,2585,Zaza Pachulia,Zaza,1610612742,DAL,Dallas Mavericks,21500988,2016-03-14T00:00:00,DAL @ CHA,W,6.0,0.0,0.0,0.0,2.0,2.0,0.0,2.0,4.0,0.0,0.0,1.0,0.0,4.4,1,1,1,1,23966,12059,10158,9917,12984,2619,1,4025,23698,8004,1,4972,18762,22837,1.0,5:59,2015,2016
2015-16,202713,Kyle Singler,Kyle,1610612760,OKC,Oklahoma City Thunder,21500993,2016-03-14T00:00:00,OKC vs. POR,W,19.0,0.0,0.0,0.0,4.0,2.0,8.0,2.0,14.0,0.0,1.0,0.0,0.0,9.1,1,1,1,1,16712,12059,10158,9917,8599,2619,17345,4025,17019,8004,17214,1,18762,19789,1.0,18:59,2015,2016
2015-16,202391,Jeremy Lin,Jeremy,1610612766,CHA,Charlotte Hornets,21500988,2016-03-14T00:00:00,CHA vs. DAL,L,19.0,0.0,0.0,0.0,0.0,8.0,3.0,3.0,16.0,1.0,0.0,1.0,3.0,5.4,1,13074,13074,13074,16734,12059,10158,9917,18861,13914,7138,7328,15259,2692,1,4972,4736,22242,1.0,18:57,2015,2016
2015-16,203546,Ian Clark,Ian,1610612744,GSW,Golden State Warriors,21500996,2016-03-14T00:00:00,GSW vs. NOP,W,9.2,0.0,0.0,0.0,0.0,4.0,7.0,2.0,14.0,0.0,1.0,0.0,0.0,9.5,1,1,1,1,22767,12059,10158,9917,18861,6141,15642,4025,17019,8004,17214,1,18762,19519,1.0,9:11,2015,2016
2015-16,203460,Andre Roberson,Andre,1610612760,OKC,Oklahoma City Thunder,21500993,2016-03-14T00:00:00,OKC vs. POR,W,12.7,0.0,0.0,0.0,0.0,0.0,10.0,2.0,14.0,0.0,0.0,0.0,0.0,5.4,1,1,1,1,21134,12059,10158,9917,18861,1,20509,4025,17019,8004,1,1,18762,22242,1.0,12:42,2015,2016
2015-16,202704,Reggie Jackson,Reggie,1610612765,DET,Detroit Pistons,21500989,2016-03-14T00:00:00,DET @ WAS,L,19.9,0.0,0.0,0.0,4.0,15.0,2.0,6.0,26.0,1.0,0.0,5.0,2.0,8.7,1,13074,13074,13074,16019,12059,10158,9917,8599,23079,3734,13388,7214,2692,1,24686,7786,20045,1.0,19:52,2015,2016
2015-16,1626145,Tyus Jones,Tyus,1610612750,MIN,Minnesota Timberwolves,21500995,2016-03-14T00:00:00,MIN @ PHX,L,11.6,0.0,0.0,0.0,0.0,6.0,4.0,13.0,12.0,0.0,0.0,2.0,1.0,3.7,1,13074,13074,13074,21789,12059,10158,9917,18861,10028,8458,23048,18637,8004,1,11390,12373,23278,1.0,11:34,2015,2016
2015-16,203503,Tony Snell,Tony,1610612741,CHI,Chicago Bulls,21500991,2016-03-14T00:00:00,CHI @ TOR,W,11.6,0.0,0.0,0.0,2.0,4.0,5.0,2.0,14.0,0.0,0.0,1.0,1.0,3.7,1,1,1,1,21765,12059,10158,9917,12984,6141,11469,4025,17019,8004,1,4972,12373,23278,1.0,11:38,2015,2016
2015-16,201177,Josh McRoberts,Josh,1610612748,MIA,Miami Heat,21500990,2016-03-14T00:00:00,MIA vs. DEN,W,6.1,0.0,0.0,0.0,0.0,2.0,0.0,5.0,8.0,1.0,0.0,1.0,0.0,6.9,1,1,1,1,23933,12059,10158,9917,18861,2619,1,11593,21543,2692,1,4972,18762,21262,1.0,6:04,2015,2016
2015-16,101179,Ronnie Price,Ronnie,1610612756,PHX,Phoenix Suns,21500995,2016-03-14T00:00:00,PHX vs. MIN,W,3.9,0.0,0.0,0.0,0.0,6.0,0.0,4.0,10.0,0.0,0.0,2.0,0.0,0.0,1,1,1,1,24766,12059,10158,9917,18861,10028,1,8806,20209,8004,1,11390,18762,25170,1.0,3:51,2015,2016
2015-16,1626253,Axel Toupane,Axel,1610612743,DEN,Denver Nuggets,21500990,2016-03-14T00:00:00,DEN @ MIA,L,12.5,0.0,0.0,1.0,0.0,11.0,5.0,9.0,16.0,0.0,0.0,0.0,1.0,6.7,1,13074,13074,13074,21270,12059,10158,9347,18861,18886,11469,18829,15259,8004,1,1,12373,21376,1.0,12:31,2015,2016
2015-16,201949,James Johnson,James,1610612761,TOR,Toronto Raptors,21500991,2016-03-14T00:00:00,TOR vs. CHI,L,16.9,0.0,0.0,0.0,0.0,7.0,0.0,3.0,14.0,2.0,1.0,1.0,1.0,7.2,1,13074,13074,13074,18342,12059,10158,9917,18861,12242,1,7328,17019,932,17214,4972,12373,21035,1.0,16:54,2015,2016
2015-16,2581,Steve Blake,Steve,1610612765,DET,Detroit Pistons,21500989,2016-03-14T00:00:00,DET @ WAS,L,28.1,0.0,0.0,0.0,0.0,13.0,11.0,9.0,36.0,0.0,1.0,3.0,1.0,3.7,1,13074,13074,13074,9126,12059,10158,9917,18861,21300,21814,18829,1943,8004,17214,17641,12373,23278,1.0,28:08,2015,2016
2015-16,201202,Joel Anthony,Joel,1610612765,DET,Detroit Pistons,21500989,2016-03-14T00:00:00,DET @ WAS,L,4.6,0.0,0.0,0.0,0.0,1.0,2.0,0.0,6.0,0.0,0.0,2.0,0.0,1.0,1,13074,13074,13074,24495,12059,10158,9917,18861,2356,3734,1,22724,8004,1,11390,18762,24960,1.0,4:38,2015,2016
2015-16,202334,Ed Davis,Ed,1610612757,POR,Portland Trail Blazers,21500993,2016-03-14T00:00:00,POR @ OKC,L,15.3,2.0,0.0,0.0,2.0,8.0,7.0,6.0,18.0,0.0,0.0,1.0,1.0,8.8,1,13074,13074,13074,19559,6026,10158,9917,12984,13914,15642,13388,13577,8004,1,4972,12373,19994,1.0,15:18,2015,2016
2015-16,202066,Garrett Temple,Garrett,1610612764,WAS,Washington Wizards,21500989,2016-03-14T00:00:00,WAS vs. DET,W,16.1,3.0,0.0,0.0,0.0,0.0,4.0,2.0,14.0,0.0,1.0,2.0,3.0,6.9,1,1,1,1,18957,4307,10158,9917,18861,1,8458,4025,17019,8004,17214,11390,4736,21262,1.0,16:06,2015,2016
2015-16,203940,Adreian Payne,Adreian,1610612750,MIN,Minnesota Timberwolves,21500995,2016-03-14T00:00:00,MIN @ PHX,L,2.9,0.0,0.0,0.0,0.0,0.0,2.0,2.0,2.0,0.0,0.0,1.0,0.0,0.0,1,13074,13074,13074,25151,12059,10158,9917,18861,1,3734,4025,24614,8004,1,4972,18762,25170,1.0,2:56,2015,2016
2015-16,202357,Nemanja Bjelica,Nemanja,1610612750,MIN,Minnesota Timberwolves,21500995,2016-03-14T00:00:00,MIN @ PHX,L,6.0,0.0,0.0,0.0,0.0,2.0,0.0,7.0,6.0,0.0,0.0,1.0,0.0,0.2,1,13074,13074,13074,23945,12059,10158,9917,18861,2619,1,15538,22724,8004,1,4972,18762,25103,1.0,6:03,2015,2016
2015-16,2405,Amar'e Stoudemire,Amar'e,1610612748,MIA,Miami Heat,21500990,2016-03-14T00:00:00,MIA vs. DEN,W,10.5,0.0,0.0,0.0,4.0,7.0,6.0,12.0,20.0,0.0,0.0,2.0,2.0,4.5,1,1,1,1,22213,12059,10158,9917,8599,12242,13237,22259,11929,8004,1,11390,7786,22773,1.0,10:32,2015,2016
2015-16,201162,Jared Dudley,Jared,1610612764,WAS,Washington Wizards,21500989,2016-03-14T00:00:00,WAS vs. DET,W,23.6,0.0,0.0,0.0,0.0,4.0,4.0,2.0,24.0,0.0,0.0,2.0,1.0,3.5,1,1,1,1,12884,12059,10158,9917,18861,6141,8458,4025,8723,8004,1,11390,12373,23351,1.0,23:37,2015,2016
2015-16,201978,Chase Budinger,Chase,1610612756,PHX,Phoenix Suns,21500995,2016-03-14T00:00:00,PHX vs. MIN,W,7.6,0.0,0.0,2.0,4.0,4.0,3.0,4.0,8.0,0.0,1.0,0.0,0.0,5.2,1,1,1,1,23364,12059,10158,4675,8599,6141,7138,8806,21543,8004,17214,1,18762,22370,1.0,7:34,2015,2016
2015-16,203082,Terrence Ross,Terrence,1610612761,TOR,Toronto Raptors,21500991,2016-03-14T00:00:00,TOR vs. CHI,L,17.9,0.0,0.0,0.0,0.0,0.0,2.0,3.0,20.0,0.0,0.0,3.0,0.0,6.9,1,13074,13074,13074,17592,12059,10158,9917,18861,1,3734,7328,11929,8004,1,17641,18762,21262,1.0,17:55,2015,2016
2015-16,201619,Sasha Kaun,Sasha,1610612739,CLE,Cleveland Cavaliers,21500994,2016-03-14T00:00:00,CLE @ UTA,L,0.0,1.0,0.0,0.0,0.0,0.0,0.0,0.0,0.0,0.0,0.0,0.0,0.0,1.0,1,13074,13074,13074,26075,11535,10158,9917,18861,1,1,1,25429,8004,1,1,18762,24960,1.0,0:00,2015,2016
2015-16,2210,Richard Jefferson,Richard,1610612739,CLE,Cleveland Cavaliers,21500994,2016-03-14T00:00:00,CLE @ UTA,L,8.9,0.0,5.0,0.0,2.0,2.0,0.0,0.0,12.0,0.0,0.0,1.0,0.0,5.0,1,13074,13074,13074,22864,12059,995,9917,12984,2619,1,1,18637,8004,1,4972,18762,22500,1.0,8:56,2015,2016
2015-16,203115,Will Barton,Will,1610612743,DEN,Denver Nuggets,21500990,2016-03-14T00:00:00,DEN @ MIA,L,20.2,0.0,0.0,0.0,0.0,17.0,5.0,10.0,28.0,0.0,1.0,2.0,1.0,3.8,1,13074,13074,13074,15729,12059,10158,9917,18861,24337,11469,20169,5824,8004,17214,11390,12373,23270,1.0,20:12,2015,2016
2015-16,2419,Tayshaun Prince,Tayshaun,1610612750,MIN,Minnesota Timberwolves,21500995,2016-03-14T00:00:00,MIN @ PHX,L,19.0,0.0,0.0,0.0,0.0,4.0,9.0,11.0,18.0,0.0,0.0,1.0,0.0,6.7,1,13074,13074,13074,16680,12059,10158,9917,18861,6141,19144,21342,13577,8004,1,4972,18762,21376,1.0,19:02,2015,2016
2015-16,202322,John Wall,John,1610612764,WAS,Washington Wizards,21500989,2016-03-14T00:00:00,WAS vs. DET,W,27.8,6.0,0.0,4.0,8.0,6.0,8.0,0.0,24.0,0.0,1.0,2.0,2.0,41.0,1,1,1,1,9402,878,10158,1913,3109,10028,17345,1,8723,8004,17214,11390,7786,2143,1.0,27:47,2015,2016
2015-16,201587,Nicolas Batum,Nicolas,1610612766,CHA,Charlotte Hornets,21500988,2016-03-14T00:00:00,CHA vs. DAL,L,39.8,2.0,0.0,4.0,2.0,13.0,6.0,7.0,28.0,2.0,1.0,0.0,2.0,42.1,1,13074,13074,13074,796,6026,10158,1913,12984,21300,13237,15538,5824,932,17214,1,7786,1910,1.0,39:46,2015,2016
2015-16,201935,James Harden,James,1610612745,HOU,Houston Rockets,21500992,2016-03-14T00:00:00,HOU vs. MEM,W,25.2,3.0,0.0,2.0,2.0,9.0,12.0,9.0,24.0,3.0,0.0,1.0,4.0,42.4,1,1,1,1,11541,4307,10158,4675,12984,15771,22832,18829,8723,347,1,4972,2748,1860,1.0,25:12,2015,2016
2015-16,2403,Nene,ene,1610612764,WAS,Washington Wizards,21500989,2016-03-14T00:00:00,WAS vs. DET,W,15.4,5.0,2.0,5.0,10.0,0.0,2.0,2.0,18.0,0.0,0.0,4.0,3.0,30.1,1,1,1,1,19467,1603,4731,1277,1840,1,3734,4025,13577,8004,1,22104,4736,5794,1.0,15:25,2015,2016
2015-16,202688,Brandon Knight,Brandon,1610612756,PHX,Phoenix Suns,21500995,2016-03-14T00:00:00,PHX vs. MIN,W,40.6,0.0,0.0,2.0,2.0,19.0,10.0,19.0,30.0,0.0,0.0,3.0,1.0,26.3,1,1,1,1,586,12059,10158,4675,12984,25074,20509,25435,4541,8004,1,17641,12373,7733,1.0,40:34,2015,2016
2015-16,1626171,Bobby Portis,Bobby,1610612741,CHI,Chicago Bulls,21500991,2016-03-14T00:00:00,CHI @ TOR,W,22.9,0.0,2.0,0.0,4.0,4.0,13.0,7.0,26.0,0.0,0.0,3.0,1.0,15.9,1,1,1,1,13455,12059,4731,9917,8599,6141,23668,15538,7214,8004,1,17641,12373,14675,1.0,22:54,2015,2016
2015-16,201584,Courtney Lee,Courtney,1610612766,CHA,Charlotte Hornets,21500988,2016-03-14T00:00:00,CHA vs. DAL,L,30.6,3.0,0.0,0.0,0.0,13.0,6.0,4.0,22.0,0.0,0.0,1.0,2.0,20.6,1,13074,13074,13074,7058,4307,10158,9917,18861,21300,13237,8806,10265,8004,1,4972,7786,11314,1.0,30:33,2015,2016
2015-16,202700,Donatas Motiejunas,Donatas,1610612745,HOU,Houston Rockets,21500992,2016-03-14T00:00:00,HOU vs. MEM,W,20.6,2.0,10.0,0.0,8.0,5.0,10.0,3.0,18.0,0.0,0.0,2.0,5.0,31.2,1,1,1,1,15404,6026,34,9917,3109,8403,20509,7328,13577,8004,1,11390,1539,5304,1.0,20:35,2015,2016
2015-16,203493,Reggie Bullock Jr.,Reggie,1610612765,DET,Detroit Pistons,21500989,2016-03-14T00:00:00,DET @ WAS,L,11.1,2.0,0.0,0.0,4.0,1.0,5.0,0.0,16.0,0.0,0.0,0.0,1.0,11.7,1,13074,13074,13074,22002,6026,10158,9917,8599,2356,11469,1,15259,8004,1,1,12373,17903,1.0,11:04,2015,2016
2015-16,101106,Andrew Bogut,Andrew,1610612744,GSW,Golden State Warriors,21500996,2016-03-14T00:00:00,GSW vs. NOP,W,15.5,2.0,0.0,2.0,2.0,0.0,8.0,2.0,10.0,1.0,0.0,4.0,2.0,15.3,1,1,1,1,19433,6026,10158,4675,12984,1,17345,4025,20209,2692,1,22104,7786,15150,1.0,15:28,2015,2016
2015-16,201578,Marreese Speights,Marreese,1610612744,GSW,Golden State Warriors,21500996,2016-03-14T00:00:00,GSW vs. NOP,W,18.4,0.0,0.0,1.0,0.0,6.0,5.0,2.0,16.0,0.0,1.0,4.0,3.0,26.9,1,1,1,1,17200,12059,10158,9347,18861,10028,11469,4025,15259,8004,17214,22104,4736,7438,1.0,18:23,2015,2016
2015-16,203960,JaKarr Sampson,JaKarr,1610612743,DEN,Denver Nuggets,21500990,2016-03-14T00:00:00,DEN @ MIA,L,22.5,2.0,0.0,4.0,6.0,2.0,4.0,0.0,24.0,0.0,0.0,3.0,1.0,12.2,1,13074,13074,13074,13737,6026,10158,1913,5299,2619,8458,1,8723,8004,1,17641,12373,17566,1.0,22:32,2015,2016
2015-16,1717,Dirk Nowitzki,Dirk,1610612742,DAL,Dallas Mavericks,21500988,2016-03-14T00:00:00,DAL @ CHA,W,28.0,2.0,2.0,0.0,2.0,9.0,3.0,7.0,12.0,2.0,1.0,3.0,2.0,42.7,1,1,1,1,9228,6026,4731,9917,12984,15771,7138,15538,18637,932,17214,17641,7786,1800,1.0,28:00,2015,2016
2015-16,202687,Bismack Biyombo,Bismack,1610612761,TOR,Toronto Raptors,21500991,2016-03-14T00:00:00,TOR vs. CHI,L,25.6,0.0,4.0,0.0,6.0,2.0,6.0,6.0,26.0,6.0,2.0,2.0,1.0,31.2,1,13074,13074,13074,11190,12059,1596,9917,5299,2619,13237,13388,7214,19,23588,11390,12373,5304,1.0,25:37,2015,2016
2015-16,201575,Brandon Rush,Brandon,1610612744,GSW,Golden State Warriors,21500996,2016-03-14T00:00:00,GSW vs. NOP,W,18.4,0.0,0.0,3.0,2.0,12.0,9.0,4.0,24.0,0.0,0.0,0.0,0.0,12.2,1,1,1,1,17163,12059,10158,3302,12984,20178,19144,8806,8723,8004,1,1,18762,17566,1.0,18:25,2015,2016
2015-16,202714,Shelvin Mack,Shelvin,1610612762,UTA,Utah Jazz,21500994,2016-03-14T00:00:00,UTA vs. CLE,W,37.2,3.0,0.0,0.0,8.0,15.0,19.0,2.0,28.0,0.0,1.0,2.0,0.0,40.4,1,1,1,1,1973,4307,10158,9917,3109,23079,25786,4025,5824,8004,17214,11390,18762,2274,1.0,37:11,2015,2016
2015-16,202734,E'Twaun Moore,E'Twaun,1610612741,CHI,Chicago Bulls,21500991,2016-03-14T00:00:00,CHI @ TOR,W,30.9,2.0,0.0,0.0,6.0,9.0,7.0,13.0,32.0,1.0,1.0,3.0,1.0,30.8,1,1,1,1,6775,6026,10158,9917,5299,15771,15642,23048,3535,2692,17214,17641,12373,5493,1.0,30:56,2015,2016
2015-16,203141,Mirza Teletovic,Mirza,1610612756,PHX,Phoenix Suns,21500995,2016-03-14T00:00:00,PHX vs. MIN,W,29.9,0.0,2.0,6.0,2.0,17.0,0.0,20.0,30.0,0.0,1.0,3.0,3.0,31.6,1,1,1,1,7665,12059,4731,740,12984,24337,1,25599,4541,8004,17214,17641,4736,5130,1.0,29:52,2015,2016
2015-16,202726,Andrew Goudelock,Andrew,1610612745,HOU,Houston Rockets,21500992,2016-03-14T00:00:00,HOU vs. MEM,W,16.8,0.0,2.0,0.0,4.0,7.0,14.0,2.0,14.0,1.0,0.0,2.0,0.0,20.0,1,1,1,1,18447,12059,4731,9917,8599,12242,24300,4025,17019,2692,1,11390,18762,11752,1.0,16:46,2015,2016
2015-16,203486,Mason Plumlee,Mason,1610612757,POR,Portland Trail Blazers,21500993,2016-03-14T00:00:00,POR @ OKC,L,23.1,0.0,4.0,2.0,4.0,5.0,5.0,12.0,32.0,1.0,2.0,0.0,3.0,20.1,1,13074,13074,13074,13268,12059,1596,4675,8599,8403,11469,22259,3535,2692,23588,1,4736,11685,1.0,23:07,2015,2016
2015-16,1626168,Trey Lyles,Trey,1610612762,UTA,Utah Jazz,21500994,2016-03-14T00:00:00,UTA vs. CLE,W,12.8,0.0,2.0,0.0,2.0,3.0,7.0,0.0,6.0,0.0,0.0,3.0,0.0,15.2,1,1,1,1,21076,12059,4731,9917,12984,5109,15642,1,22724,8004,1,17641,18762,15219,1.0,12:49,2015,2016
2015-16,2544,LeBron James,LeBron,1610612739,CLE,Cleveland Cavaliers,21500994,2016-03-14T00:00:00,CLE @ UTA,L,36.9,2.0,2.0,6.0,12.0,6.0,10.0,0.0,26.0,0.0,1.0,0.0,4.0,41.9,1,13074,13074,13074,2154,6026,4731,740,988,10028,20509,1,7214,8004,17214,1,2748,1958,1.0,36:53,2015,2016
2015-16,201583,Ryan Anderson,Ryan,1610612740,NOP,New Orleans Pelicans,21500996,2016-03-14T00:00:00,NOP @ GSW,L,30.7,4.0,4.0,2.0,10.0,9.0,7.0,10.0,24.0,0.0,0.0,3.0,5.0,26.8,1,13074,13074,13074,6984,2460,1596,4675,1840,15771,15642,20169,8723,8004,1,17641,1539,7486,1.0,30:39,2015,2016
2015-16,1626147,Justin Anderson,Justin,1610612742,DAL,Dallas Mavericks,21500988,2016-03-14T00:00:00,DAL @ CHA,W,7.9,0.0,0.0,1.0,0.0,4.0,4.0,2.0,0.0,1.0,0.0,1.0,1.0,12.1,1,1,1,1,23235,12059,10158,9347,18861,6141,8458,4025,25429,2692,1,4972,12373,17639,1.0,7:53,2015,2016
2015-16,203086,Meyers Leonard,Meyers,1610612757,POR,Portland Trail Blazers,21500993,2016-03-14T00:00:00,POR @ OKC,L,18.5,0.0,0.0,0.0,0.0,7.0,5.0,9.0,22.0,2.0,1.0,4.0,0.0,15.2,1,13074,13074,13074,17069,12059,10158,9917,18861,12242,11469,18829,10265,932,17214,22104,18762,15219,1.0,18:32,2015,2016
2015-16,203382,Aron Baynes,Aron,1610612765,DET,Detroit Pistons,21500989,2016-03-14T00:00:00,DET @ WAS,L,16.7,0.0,0.0,0.0,0.0,8.0,7.0,7.0,26.0,2.0,0.0,3.0,5.0,15.5,1,13074,13074,13074,18471,12059,10158,9917,18861,13914,15642,15538,7214,932,1,17641,1539,15004,1.0,16:44,2015,2016
2015-16,201166,Aaron Brooks,Aaron,1610612741,CHI,Chicago Bulls,21500991,2016-03-14T00:00:00,CHI @ TOR,W,17.1,0.0,0.0,0.0,2.0,4.0,11.0,5.0,20.0,0.0,0.0,2.0,1.0,12.0,1,1,1,1,18222,12059,10158,9917,12984,6141,21814,11593,11929,8004,1,11390,12373,17703,1.0,17:04,2015,2016
2015-16,203497,Rudy Gobert,Rudy,1610612762,UTA,Utah Jazz,21500994,2016-03-14T00:00:00,UTA vs. CLE,W,32.2,0.0,0.0,0.0,4.0,8.0,14.0,2.0,28.0,0.0,0.0,2.0,4.0,20.2,1,1,1,1,5747,12059,10158,9917,8599,13914,24300,4025,5824,8004,1,11390,2748,11610,1.0,32:10,2015,2016
2015-16,202702,Kenneth Faried,Kenneth,1610612743,DEN,Denver Nuggets,21500990,2016-03-14T00:00:00,DEN @ MIA,L,25.7,6.0,10.0,7.0,22.0,9.0,4.0,2.0,30.0,1.0,0.0,3.0,2.0,40.2,1,13074,13074,13074,11122,878,34,454,25,15771,8458,4025,4541,2692,1,17641,7786,2323,1.0,25:41,2015,2016
2015-16,202329,Al-Farouq Aminu,Al-Farouq,1610612757,POR,Portland Trail Blazers,21500993,2016-03-14T00:00:00,POR @ OKC,L,22.7,0.0,2.0,0.0,2.0,7.0,7.0,10.0,32.0,0.0,0.0,3.0,2.0,18.1,1,13074,13074,13074,13587,12059,4731,9917,12984,12242,15642,20169,3535,8004,1,17641,7786,13090,1.0,22:44,2015,2016
2015-16,202720,Jon Leuer,Jon,1610612756,PHX,Phoenix Suns,21500995,2016-03-14T00:00:00,PHX vs. MIN,W,9.9,4.0,2.0,4.0,8.0,2.0,0.0,7.0,8.0,0.0,1.0,2.0,0.0,16.3,1,1,1,1,22499,2460,4731,1913,3109,2619,1,15538,21543,8004,17214,11390,18762,14372,1.0,9:53,2015,2016
2015-16,203210,JaMychal Green,JaMychal,1610612763,MEM,Memphis Grizzlies,21500992,2016-03-14T00:00:00,MEM @ HOU,L,28.1,2.0,5.0,0.0,6.0,16.0,12.0,12.0,24.0,0.0,1.0,4.0,0.0,12.8,1,13074,13074,13074,9126,6026,995,9917,5299,23774,22832,22259,8723,8004,17214,22104,18762,17129,1.0,28:08,2015,2016
2015-16,203484,Kentavious Caldwell-Pope,Kentavious,1610612765,DET,Detroit Pistons,21500989,2016-03-14T00:00:00,DET @ WAS,L,29.6,0.0,2.0,2.0,12.0,24.0,6.0,10.0,32.0,0.0,0.0,1.0,3.0,21.6,1,13074,13074,13074,7908,12059,4731,4675,988,25890,13237,20169,3535,8004,1,4972,4736,10666,1.0,29:34,2015,2016
2015-16,2555,Nick Collison,Nick,1610612760,OKC,Oklahoma City Thunder,21500993,2016-03-14T00:00:00,OKC vs. POR,W,13.9,0.0,0.0,0.0,0.0,11.0,0.0,3.0,14.0,0.0,1.0,3.0,0.0,8.5,1,1,1,1,20466,12059,10158,9917,18861,18886,1,7328,17019,8004,17214,17641,18762,20215,1.0,13:54,2015,2016
2015-16,200797,Ryan Hollins,Ryan,1610612763,MEM,Memphis Grizzlies,21500992,2016-03-14T00:00:00,MEM @ HOU,L,25.9,3.0,7.0,1.0,8.0,19.0,10.0,12.0,28.0,0.0,2.0,3.0,3.0,18.6,1,13074,13074,13074,10896,4307,292,9347,3109,25074,20509,22259,5824,8004,23588,17641,4736,12715,1.0,25:56,2015,2016
2015-16,202685,Jonas Valančiūnas,Jonas,1610612761,TOR,Toronto Raptors,21500991,2016-03-14T00:00:00,TOR vs. CHI,L,9.6,2.0,2.0,0.0,6.0,5.0,0.0,0.0,10.0,1.0,0.0,0.0,1.0,12.4,1,13074,13074,13074,22592,6026,4731,9917,5299,8403,1,1,20209,2692,1,1,12373,17418,1.0,9:35,2015,2016
2015-16,203469,Cody Zeller,Cody,1610612766,CHA,Charlotte Hornets,21500988,2016-03-14T00:00:00,CHA vs. DAL,L,26.6,0.0,0.0,0.0,0.0,8.0,0.0,3.0,12.0,0.0,2.0,4.0,3.0,12.8,1,13074,13074,13074,10338,12059,10158,9917,18861,13914,1,7328,18637,8004,23588,22104,4736,17129,1.0,26:38,2015,2016
2015-16,2744,Al Jefferson,Al,1610612766,CHA,Charlotte Hornets,21500988,2016-03-14T00:00:00,CHA vs. DAL,L,21.4,0.0,0.0,0.0,2.0,10.0,9.0,4.0,26.0,1.0,0.0,0.0,3.0,16.8,1,13074,13074,13074,14727,12059,10158,9917,12984,17370,19144,8806,7214,2692,1,1,4736,13996,1.0,21:22,2015,2016
2015-16,202389,Timofey Mozgov,Timofey,1610612739,CLE,Cleveland Cavaliers,21500994,2016-03-14T00:00:00,CLE @ UTA,L,16.1,1.0,5.0,0.0,6.0,6.0,3.0,0.0,14.0,0.0,0.0,2.0,1.0,12.6,1,13074,13074,13074,18942,11535,995,9917,5299,10028,7138,1,17019,8004,1,11390,12373,17277,1.0,16:08,2015,2016
2015-16,1626192,Pat Connaughton,Pat,1610612757,POR,Portland Trail Blazers,21500993,2016-03-14T00:00:00,POR @ OKC,L,8.1,0.0,0.0,0.0,2.0,0.0,0.0,0.0,4.0,0.0,0.0,0.0,1.0,3.0,1,13074,13074,13074,23157,12059,10158,9917,12984,1,1,1,23698,8004,1,1,12373,23648,1.0,8:05,2015,2016
2015-16,2571,Leandro Barbosa,Leandro,1610612744,GSW,Golden State Warriors,21500996,2016-03-14T00:00:00,GSW vs. NOP,W,21.9,4.0,0.0,2.0,2.0,6.0,11.0,2.0,20.0,0.0,0.0,2.0,0.0,13.1,1,1,1,1,14272,2460,10158,4675,12984,10028,21814,4025,11929,8004,1,11390,18762,16874,1.0,21:53,2015,2016
2015-16,101112,Channing Frye,Channing,1610612739,CLE,Cleveland Cavaliers,21500994,2016-03-14T00:00:00,CLE @ UTA,L,18.9,2.0,3.0,0.0,4.0,0.0,5.0,0.0,12.0,2.0,1.0,3.0,2.0,20.8,1,13074,13074,13074,16764,6026,3104,9917,8599,1,11469,1,18637,932,17214,17641,7786,11195,1.0,18:55,2015,2016
2015-16,2754,Tony Allen,Tony,1610612763,MEM,Memphis Grizzlies,21500992,2016-03-14T00:00:00,MEM @ HOU,L,25.8,2.0,0.0,2.0,2.0,11.0,10.0,14.0,18.0,0.0,2.0,4.0,2.0,18.0,1,13074,13074,13074,10993,6026,10158,4675,12984,18886,20509,23710,13577,8004,23588,22104,7786,13164,1.0,25:49,2015,2016
2015-16,201977,Marcus Thornton,Marcus,1610612764,WAS,Washington Wizards,21500989,2016-03-14T00:00:00,WAS vs. DET,W,6.0,0.0,2.0,0.0,2.0,2.0,0.0,0.0,4.0,0.0,0.0,1.0,0.0,7.7,1,1,1,1,23978,12059,4731,9917,12984,2619,1,1,23698,8004,1,4972,18762,20733,1.0,5:58,2015,2016
2015-16,1626245,Cristiano Felicio,Cristiano,1610612741,CHI,Chicago Bulls,21500991,2016-03-14T00:00:00,CHI @ TOR,W,6.0,0.0,0.0,0.0,0.0,2.0,2.0,0.0,6.0,0.0,0.0,1.0,0.0,2.4,1,1,1,1,23966,12059,10158,9917,18861,2619,3734,1,22724,8004,1,4972,18762,24024,1.0,5:59,2015,2016
2015-16,201589,Darrell Arthur,Darrell,1610612743,DEN,Denver Nuggets,21500990,2016-03-14T00:00:00,DEN @ MIA,L,26.5,3.0,3.0,0.0,0.0,12.0,9.0,11.0,34.0,0.0,0.0,4.0,1.0,16.0,1,13074,13074,13074,10417,4307,3104,9917,18861,20178,19144,21342,2701,8004,1,22104,12373,14590,1.0,26:33,2015,2016
2015-16,202709,Cory Joseph,Cory,1610612761,TOR,Toronto Raptors,21500991,2016-03-14T00:00:00,TOR vs. CHI,L,25.9,2.0,0.0,0.0,4.0,0.0,6.0,3.0,22.0,0.0,1.0,0.0,1.0,8.4,1,13074,13074,13074,10934,6026,10158,9917,8599,1,13237,7328,10265,8004,17214,1,12373,20273,1.0,25:54,2015,2016
2015-16,203909,KJ McDaniels,KJ,1610612745,HOU,Houston Rockets,21500992,2016-03-14T00:00:00,HOU vs. MEM,W,12.0,4.0,0.0,4.0,6.0,5.0,14.0,2.0,14.0,0.0,0.0,3.0,3.0,15.9,1,1,1,1,21529,2460,10158,1913,5299,8403,24300,4025,17019,8004,1,17641,4736,14675,1.0,12:00,2015,2016
2015-16,203991,Clint Capela,Clint,1610612745,HOU,Houston Rockets,21500992,2016-03-14T00:00:00,HOU vs. MEM,W,24.1,5.0,0.0,4.0,6.0,9.0,16.0,6.0,22.0,1.0,0.0,3.0,5.0,18.0,1,1,1,1,12508,1603,10158,1913,5299,15771,25155,13388,10265,2692,1,17641,1539,13164,1.0,24:03,2015,2016
2015-16,202083,Wesley Matthews,Wesley,1610612742,DAL,Dallas Mavericks,21500988,2016-03-14T00:00:00,DAL @ CHA,W,37.6,0.0,0.0,0.0,0.0,10.0,2.0,12.0,20.0,0.0,2.0,3.0,2.0,13.0,1,1,1,1,1701,12059,10158,9917,18861,17370,3734,22259,11929,8004,23588,17641,7786,16969,1.0,37:36,2015,2016
2015-16,203949,James Michael McAdoo,James Michael,1610612744,GSW,Golden State Warriors,21500996,2016-03-14T00:00:00,GSW vs. NOP,W,13.3,5.0,5.0,2.0,10.0,4.0,7.0,2.0,14.0,0.0,0.0,2.0,1.0,16.5,1,1,1,1,20825,1603,995,4675,1840,6141,15642,4025,17019,8004,1,11390,12373,14224,1.0,13:16,2015,2016
2015-16,203492,Ray McCallum,Ray,1610612763,MEM,Memphis Grizzlies,21500992,2016-03-14T00:00:00,MEM @ HOU,L,27.9,0.0,0.0,0.0,2.0,11.0,6.0,19.0,28.0,0.0,3.0,2.0,2.0,16.4,1,13074,13074,13074,9306,12059,10158,9917,12984,18886,13237,25435,5824,8004,25441,11390,7786,14289,1.0,27:54,2015,2016
2015-16,101135,David Lee,David,1610612742,DAL,Dallas Mavericks,21500988,2016-03-14T00:00:00,DAL @ CHA,W,26.1,2.0,2.0,4.0,12.0,11.0,9.0,9.0,14.0,1.0,0.0,5.0,1.0,21.4,1,1,1,1,10755,6026,4731,1913,988,18886,19144,18829,17019,2692,1,24686,12373,10807,1.0,26:06,2015,2016
2015-16,203090,Maurice Harkless,Maurice,1610612757,POR,Portland Trail Blazers,21500993,2016-03-14T00:00:00,POR @ OKC,L,18.3,1.0,4.0,2.0,4.0,4.0,4.0,2.0,14.0,0.0,1.0,4.0,1.0,12.7,1,13074,13074,13074,17234,11535,1596,4675,8599,6141,8458,4025,17019,8004,17214,22104,12373,17201,1.0,18:20,2015,2016
2015-16,201627,Anthony Morrow,Anthony,1610612760,OKC,Oklahoma City Thunder,21500993,2016-03-14T00:00:00,OKC vs. POR,W,15.7,0.0,0.0,0.0,0.0,9.0,2.0,3.0,14.0,0.0,0.0,0.0,1.0,18.2,1,1,1,1,19308,12059,10158,9917,18861,15771,3734,7328,17019,8004,1,1,12373,13004,1.0,15:39,2015,2016
2015-16,1626162,Kelly Oubre Jr.,Kelly,1610612764,WAS,Washington Wizards,21500989,2016-03-14T00:00:00,WAS vs. DET,W,9.6,0.0,0.0,0.0,4.0,2.0,0.0,0.0,4.0,0.0,1.0,0.0,1.0,12.6,1,1,1,1,22584,12059,10158,9917,8599,2619,1,1,23698,8004,17214,1,12373,17277,1.0,9:37,2015,2016
2015-16,1891,Jason Terry,Jason,1610612745,HOU,Houston Rockets,21500992,2016-03-14T00:00:00,HOU vs. MEM,W,16.2,0.0,0.0,9.0,0.0,4.0,2.0,8.0,8.0,0.0,0.0,2.0,0.0,13.0,1,1,1,1,18859,12059,10158,184,18861,6141,3734,17194,21543,8004,1,11390,18762,16969,1.0,16:14,2015,2016
2015-16,201229,Anthony Tolliver,Anthony,1610612765,DET,Detroit Pistons,21500989,2016-03-14T00:00:00,DET @ WAS,L,20.1,0.0,0.0,0.0,2.0,10.0,7.0,9.0,24.0,0.0,0.0,0.0,1.0,8.3,1,13074,13074,13074,15851,12059,10158,9917,12984,17370,15642,18829,8723,8004,1,1,12373,20376,1.0,20:05,2015,2016
2015-16,2734,Devin Harris,Devin,1610612742,DAL,Dallas Mavericks,21500988,2016-03-14T00:00:00,DAL @ CHA,W,20.6,5.0,3.0,0.0,4.0,11.0,9.0,7.0,10.0,0.0,0.0,3.0,2.0,16.9,1,1,1,1,15436,1603,3104,9917,8599,18886,19144,15538,20209,8004,1,17641,7786,13911,1.0,20:33,2015,2016
2015-16,1626185,Jarell Martin,Jarell,1610612763,MEM,Memphis Grizzlies,21500992,2016-03-14T00:00:00,MEM @ HOU,L,29.3,2.0,2.0,4.0,4.0,11.0,8.0,20.0,32.0,0.0,2.0,3.0,7.0,28.1,1,13074,13074,13074,8133,6026,4731,1913,8599,18886,17345,25599,3535,8004,23588,17641,469,6818,1.0,29:17,2015,2016
2015-16,202683,Enes Freedom,Enes,1610612760,OKC,Oklahoma City Thunder,21500993,2016-03-14T00:00:00,OKC vs. POR,W,22.3,4.0,4.0,8.0,16.0,4.0,4.0,2.0,18.0,0.0,1.0,2.0,5.0,38.9,1,1,1,1,13954,2460,1596,280,275,6141,8458,4025,13577,8004,17214,11390,1539,2667,1.0,22:15,2015,2016
2015-16,1626157,Karl-Anthony Towns,Karl-Anthony,1610612750,MIN,Minnesota Timberwolves,21500995,2016-03-14T00:00:00,MIN @ PHX,L,35.1,2.0,5.0,0.0,6.0,12.0,13.0,15.0,38.0,0.0,0.0,3.0,6.0,32.0,1,13074,13074,13074,3485,6026,995,9917,5299,20178,23668,24242,1422,8004,1,17641,873,4945,1.0,35:04,2015,2016
2015-16,1627362,Briante Weber,Briante,1610612763,MEM,Memphis Grizzlies,21500992,2016-03-14T00:00:00,MEM @ HOU,L,34.6,1.0,0.0,0.0,2.0,19.0,16.0,16.0,36.0,0.0,0.0,1.0,2.0,16.9,1,13074,13074,13074,3855,11535,10158,9917,12984,25074,25155,24641,1943,8004,1,4972,7786,13911,1.0,34:37,2015,2016
2015-16,204060,Joe Ingles,Joe,1610612762,UTA,Utah Jazz,21500994,2016-03-14T00:00:00,UTA vs. CLE,W,37.2,0.0,0.0,0.0,0.0,15.0,22.0,5.0,26.0,0.0,0.0,1.0,1.0,17.0,1,1,1,1,1995,12059,10158,9917,18861,23079,25991,11593,7214,8004,1,4972,12373,13855,1.0,37:09,2015,2016
2015-16,203110,Draymond Green,Draymond,1610612744,GSW,Golden State Warriors,21500996,2016-03-14T00:00:00,GSW vs. NOP,W,31.3,0.0,0.0,2.0,8.0,6.0,14.0,2.0,20.0,3.0,1.0,1.0,5.0,39.4,1,1,1,1,6470,12059,10158,4675,3109,10028,24300,4025,11929,347,17214,4972,1539,2530,1.0,31:18,2015,2016
2015-16,201942,DeMar DeRozan,DeMar,1610612761,TOR,Toronto Raptors,21500991,2016-03-14T00:00:00,TOR vs. CHI,L,39.0,4.0,2.0,5.0,12.0,7.0,6.0,6.0,34.0,0.0,2.0,3.0,5.0,38.0,1,13074,13074,13074,1078,2460,4731,1277,988,12242,13237,13388,2701,8004,23588,17641,1539,2903,1.0,38:59,2015,2016
2015-16,203952,Andrew Wiggins,Andrew,1610612750,MIN,Minnesota Timberwolves,21500995,2016-03-14T00:00:00,MIN @ PHX,L,40.7,6.0,0.0,6.0,14.0,12.0,15.0,21.0,48.0,1.0,0.0,2.0,3.0,37.8,1,13074,13074,13074,562,878,10158,740,542,20178,24781,25725,192,2692,1,11390,4736,2956,1.0,40:41,2015,2016
2015-16,1626166,Cameron Payne,Cameron,1610612760,OKC,Oklahoma City Thunder,21500993,2016-03-14T00:00:00,OKC vs. POR,W,21.0,0.0,2.0,0.0,4.0,11.0,2.0,5.0,18.0,0.0,0.0,2.0,0.0,17.3,1,1,1,1,15054,12059,4731,9917,8599,18886,3734,11593,13577,8004,1,11390,18762,13671,1.0,21:00,2015,2016
2015-16,201571,D.J. Augustin,D.J.,1610612743,DEN,Denver Nuggets,21500990,2016-03-14T00:00:00,DEN @ MIA,L,25.3,2.0,0.0,4.0,10.0,12.0,6.0,11.0,30.0,0.0,3.0,3.0,2.0,22.7,1,13074,13074,13074,11457,6026,10158,1913,1840,20178,13237,21342,4541,8004,25441,17641,7786,9938,1.0,25:17,2015,2016
2015-16,201586,Serge Ibaka,Serge,1610612760,OKC,Oklahoma City Thunder,21500993,2016-03-14T00:00:00,OKC vs. POR,W,26.2,0.0,0.0,0.0,4.0,0.0,14.0,2.0,20.0,3.0,0.0,4.0,1.0,32.4,1,1,1,1,10673,12059,10158,9917,8599,1,24300,4025,11929,347,1,22104,12373,4768,1.0,26:13,2015,2016
2015-16,2548,Dwyane Wade,Dwyane,1610612748,MIA,Miami Heat,21500990,2016-03-14T00:00:00,MIA vs. DEN,W,30.6,2.0,2.0,0.0,10.0,18.0,13.0,29.0,50.0,1.0,2.0,1.0,3.0,32.9,1,1,1,1,7022,6026,4731,9917,1840,24749,23668,26054,107,2692,23588,4972,4736,4566,1.0,30:36,2015,2016
2015-16,1626164,Devin Booker,Devin,1610612756,PHX,Phoenix Suns,21500995,2016-03-14T00:00:00,PHX vs. MIN,W,42.5,2.0,0.0,8.0,8.0,19.0,10.0,19.0,30.0,0.0,0.0,5.0,5.0,22.6,1,1,1,1,246,6026,10158,280,3109,25074,20509,25435,4541,8004,1,24686,1539,10000,1.0,42:31,2015,2016
2015-16,101114,Deron Williams,Deron,1610612742,DAL,Dallas Mavericks,21500988,2016-03-14T00:00:00,DAL @ CHA,W,30.1,5.0,0.0,0.0,4.0,13.0,3.0,13.0,20.0,1.0,1.0,4.0,2.0,27.5,1,1,1,1,7426,1603,10158,9917,8599,21300,7138,23048,11929,2692,17214,22104,7786,7137,1.0,30:07,2015,2016
2015-16,1626196,Josh Richardson,Josh,1610612748,MIA,Miami Heat,21500990,2016-03-14T00:00:00,MIA vs. DEN,W,32.7,1.0,3.0,1.0,4.0,9.0,20.0,9.0,32.0,3.0,0.0,3.0,1.0,38.8,1,1,1,1,5310,11535,3104,9347,8599,15771,25875,18829,3535,347,1,17641,12373,2692,1.0,32:45,2015,2016
2015-16,202693,Markieff Morris,Markieff,1610612764,WAS,Washington Wizards,21500989,2016-03-14T00:00:00,WAS vs. DET,W,24.4,5.0,2.0,0.0,6.0,4.0,6.0,0.0,16.0,1.0,0.0,2.0,0.0,28.3,1,1,1,1,12221,1603,4731,9917,5299,6141,13237,1,15259,2692,1,11390,18762,6720,1.0,24:23,2015,2016
2015-16,203081,Damian Lillard,Damian,1610612757,POR,Portland Trail Blazers,21500993,2016-03-14T00:00:00,POR @ OKC,L,31.9,0.0,2.0,0.0,8.0,11.0,10.0,14.0,42.0,1.0,0.0,3.0,4.0,28.4,1,13074,13074,13074,5973,12059,4731,9917,3109,18886,20509,23710,670,2692,1,17641,2748,6663,1.0,31:54,2015,2016
2015-16,203897,Zach LaVine,Zach,1610612750,MIN,Minnesota Timberwolves,21500995,2016-03-14T00:00:00,MIN @ PHX,L,31.7,9.0,0.0,14.0,10.0,10.0,12.0,17.0,40.0,0.0,0.0,5.0,5.0,32.1,1,13074,13074,13074,6169,171,10158,20,1840,17370,22832,24967,983,8004,1,24686,1539,4889,1.0,31:40,2015,2016
2015-16,203078,Bradley Beal,Bradley,1610612764,WAS,Washington Wizards,21500989,2016-03-14T00:00:00,WAS vs. DET,W,24.7,2.0,0.0,2.0,2.0,0.0,6.0,0.0,20.0,0.0,1.0,1.0,2.0,28.5,1,1,1,1,11927,6026,10158,4675,12984,1,13237,1,11929,8004,17214,4972,7786,6613,1.0,24:42,2015,2016
2015-16,203530,Joffrey Lauvergne,Joffrey,1610612743,DEN,Denver Nuggets,21500990,2016-03-14T00:00:00,DEN @ MIA,L,12.4,0.0,4.0,2.0,6.0,10.0,2.0,8.0,16.0,0.0,0.0,2.0,2.0,13.6,1,13074,13074,13074,21347,12059,1596,4675,5299,17370,3734,17194,15259,8004,1,11390,7786,16460,1.0,12:22,2015,2016
2015-16,1626149,Montrezl Harrell,Montrezl,1610612745,HOU,Houston Rockets,21500992,2016-03-14T00:00:00,HOU vs. MEM,W,12.0,0.0,2.0,2.0,8.0,5.0,14.0,2.0,14.0,2.0,0.0,1.0,0.0,22.4,1,1,1,1,21529,12059,4731,4675,3109,8403,24300,4025,17019,932,1,4972,18762,10131,1.0,12:00,2015,2016
2015-16,202087,Alonzo Gee,Alonzo,1610612740,NOP,New Orleans Pelicans,21500996,2016-03-14T00:00:00,NOP @ GSW,L,31.3,2.0,4.0,4.0,6.0,7.0,9.0,13.0,38.0,0.0,0.0,2.0,2.0,28.5,1,13074,13074,13074,6514,6026,1596,1913,5299,12242,19144,23048,1422,8004,1,11390,7786,6613,1.0,31:15,2015,2016
2015-16,203526,Raul Neto,Raul,1610612762,UTA,Utah Jazz,21500994,2016-03-14T00:00:00,UTA vs. CLE,W,16.9,0.0,0.0,0.0,2.0,2.0,7.0,4.0,12.0,0.0,0.0,1.0,2.0,13.9,1,1,1,1,18369,12059,10158,9917,12984,2619,15642,8806,18637,8004,1,4972,7786,16232,1.0,16:52,2015,2016
2015-16,101181,Jose Calderon,Jose,1610612752,NYK,New York Knicks,21500987,2016-03-13T00:00:00,NYK @ LAL,W,35.2,2.0,0.0,2.0,4.0,10.0,9.0,10.0,36.0,0.0,0.0,3.0,0.0,22.6,1,1,1,1,3427,6026,10158,4675,8599,17370,19144,20169,1943,8004,1,17641,18762,10000,1.0,35:10,2015,2016
2015-16,202711,Bojan Bogdanović,Bojan,1610612751,BKN,Brooklyn Nets,21500985,2016-03-13T00:00:00,BKN vs. MIL,L,32.8,0.0,0.0,0.0,2.0,26.0,7.0,19.0,44.0,0.0,0.0,4.0,1.0,22.5,1,13074,13074,13074,5250,12059,10158,9917,12984,25979,15642,25435,454,8004,1,22104,12373,10082,1.0,32:51,2015,2016
2015-16,202697,Iman Shumpert,Iman,1610612739,CLE,Cleveland Cavaliers,21500983,2016-03-13T00:00:00,CLE @ LAC,W,26.5,0.0,0.0,0.0,2.0,0.0,0.0,5.0,16.0,0.0,0.0,1.0,1.0,13.9,1,1,1,1,10451,12059,10158,9917,12984,1,1,11593,15259,8004,1,4972,12373,16232,1.0,26:30,2015,2016
2015-16,203953,Jabari Parker,Jabari,1610612749,MIL,Milwaukee Bucks,21500985,2016-03-13T00:00:00,MIL @ BKN,W,36.6,6.0,4.0,4.0,16.0,15.0,6.0,8.0,36.0,0.0,1.0,2.0,1.0,32.0,1,1,1,1,2335,878,1596,1913,275,23079,13237,17194,1943,8004,17214,11390,12373,4945,1.0,36:37,2015,2016
2015-16,1626167,Myles Turner,Myles,1610612754,IND,Indiana Pacers,21500984,2016-03-13T00:00:00,IND @ ATL,L,28.2,0.0,0.0,0.0,14.0,8.0,13.0,7.0,22.0,1.0,0.0,2.0,2.0,33.0,1,13074,13074,13074,9105,12059,10158,9917,542,13914,23668,15538,10265,2692,1,11390,7786,4537,1.0,28:10,2015,2016
2015-16,202330,Gordon Hayward,Gordon,1610612762,UTA,Utah Jazz,21500986,2016-03-13T00:00:00,UTA @ SAC,W,39.1,2.0,2.0,9.0,10.0,12.0,8.0,13.0,42.0,0.0,1.0,4.0,3.0,38.3,1,1,1,1,1025,6026,4731,184,1840,20178,17345,23048,670,8004,17214,22104,4736,2826,1.0,39:07,2015,2016
2015-16,202714,Shelvin Mack,Shelvin,1610612762,UTA,Utah Jazz,21500986,2016-03-13T00:00:00,UTA @ SAC,W,30.3,6.0,0.0,3.0,2.0,10.0,6.0,7.0,28.0,0.0,2.0,3.0,1.0,33.0,1,1,1,1,7249,878,10158,3302,12984,17370,13237,15538,5824,8004,23588,17641,12373,4537,1.0,30:19,2015,2016
2015-16,201573,Jerryd Bayless,Jerryd,1610612749,MIL,Milwaukee Bucks,21500985,2016-03-13T00:00:00,MIL @ BKN,W,37.8,0.0,3.0,0.0,0.0,15.0,4.0,8.0,36.0,0.0,0.0,1.0,0.0,22.6,1,1,1,1,1602,12059,3104,9917,18861,23079,8458,17194,1943,8004,1,4972,18762,10000,1.0,37:49,2015,2016
2015-16,1626202,Joe Young,Joe,1610612754,IND,Indiana Pacers,21500984,2016-03-13T00:00:00,IND @ ATL,L,15.7,2.0,0.0,2.0,2.0,4.0,8.0,0.0,8.0,0.0,0.0,3.0,0.0,13.6,1,13074,13074,13074,19253,6026,10158,4675,12984,6141,17345,1,21543,8004,1,17641,18762,16460,1.0,15:43,2015,2016
2015-16,202684,Tristan Thompson,Tristan,1610612739,CLE,Cleveland Cavaliers,21500983,2016-03-13T00:00:00,CLE @ LAC,W,26.3,1.0,4.0,1.0,6.0,3.0,0.0,5.0,12.0,2.0,0.0,1.0,5.0,32.2,1,1,1,1,10568,11535,1596,9347,5299,5109,1,11593,18637,932,1,4972,1539,4846,1.0,26:20,2015,2016
2015-16,201954,Darren Collison,Darren,1610612758,SAC,Sacramento Kings,21500986,2016-03-13T00:00:00,SAC vs. UTA,L,32.4,8.0,0.0,2.0,6.0,14.0,9.0,12.0,22.0,0.0,0.0,3.0,3.0,27.9,1,13074,13074,13074,5604,308,10158,4675,5299,22292,19144,22259,10265,8004,1,17641,4736,6914,1.0,32:21,2015,2016
2015-16,202681,Kyrie Irving,Kyrie,1610612739,CLE,Cleveland Cavaliers,21500983,2016-03-13T00:00:00,CLE @ LAC,W,31.2,0.0,5.0,0.0,8.0,8.0,0.0,17.0,18.0,0.0,2.0,3.0,4.0,27.9,1,1,1,1,6567,12059,995,9917,3109,13914,1,24967,13577,8004,23588,17641,2748,6914,1.0,31:11,2015,2016
2015-16,1897,Metta World Peace,Metta,1610612747,LAL,Los Angeles Lakers,21500987,2016-03-13T00:00:00,LAL vs. NYK,L,16.1,0.0,0.0,0.0,2.0,2.0,2.0,5.0,6.0,0.0,0.0,0.0,1.0,13.9,1,13074,13074,13074,18971,12059,10158,9917,12984,2619,3734,11593,22724,8004,1,1,12373,16232,1.0,16:05,2015,2016
2015-16,201599,DeAndre Jordan,DeAndre,1610612746,LAC,LA Clippers,21500983,2016-03-13T00:00:00,LAC vs. CLE,L,32.3,0.0,0.0,2.0,8.0,12.0,8.0,6.0,26.0,1.0,0.0,3.0,3.0,27.7,1,13074,13074,13074,5633,12059,10158,4675,3109,20178,17345,13388,7214,2692,1,17641,4736,7008,1.0,32:19,2015,2016
2015-16,203101,Miles Plumlee,Miles,1610612749,MIL,Milwaukee Bucks,21500985,2016-03-13T00:00:00,MIL @ BKN,W,20.8,4.0,5.0,1.0,8.0,10.0,2.0,4.0,14.0,1.0,2.0,0.0,5.0,22.4,1,1,1,1,15274,2460,995,9347,3109,17370,3734,8806,17019,2692,23588,1,1539,10131,1.0,20:45,2015,2016
2015-16,201952,Jeff Teague,Jeff,1610612737,ATL,Atlanta Hawks,21500984,2016-03-13T00:00:00,ATL vs. IND,W,22.0,0.0,0.0,3.0,2.0,11.0,0.0,5.0,22.0,0.0,1.0,2.0,2.0,22.9,1,1,1,1,14173,12059,10158,3302,12984,18886,1,11593,10265,8004,17214,11390,7786,9811,1.0,21:60,2015,2016
2015-16,204060,Joe Ingles,Joe,1610612762,UTA,Utah Jazz,21500986,2016-03-13T00:00:00,UTA @ SAC,W,11.0,0.0,0.0,0.0,0.0,4.0,0.0,2.0,12.0,0.0,0.0,1.0,1.0,10.1,1,1,1,1,22055,12059,10158,9917,18861,6141,1,4025,18637,8004,1,4972,12373,19105,1.0,10:57,2015,2016
2015-16,204038,Langston Galloway,Langston,1610612752,NYK,New York Knicks,21500987,2016-03-13T00:00:00,NYK @ LAL,W,29.1,0.0,0.0,2.0,2.0,8.0,9.0,10.0,32.0,1.0,0.0,0.0,2.0,19.6,1,1,1,1,8269,12059,10158,4675,12984,13914,19144,20169,3535,2692,1,1,7786,12024,1.0,29:08,2015,2016
2015-16,201956,Omri Casspi,Omri,1610612758,SAC,Sacramento Kings,21500986,2016-03-13T00:00:00,SAC vs. UTA,L,26.1,2.0,2.0,5.0,8.0,12.0,9.0,13.0,22.0,0.0,0.0,2.0,1.0,25.6,1,13074,13074,13074,10771,6026,4731,1277,3109,20178,19144,23048,10265,8004,1,11390,12373,8157,1.0,26:06,2015,2016
2015-16,201579,Roy Hibbert,Roy,1610612747,LAL,Los Angeles Lakers,21500987,2016-03-13T00:00:00,LAL vs. NYK,L,22.1,2.0,4.0,0.0,4.0,7.0,2.0,6.0,22.0,0.0,0.0,4.0,2.0,14.2,1,13074,13074,13074,14099,6026,1596,9917,8599,12242,3734,13388,10265,8004,1,22104,7786,16003,1.0,22:05,2015,2016
2015-16,2743,Kris Humphries,Kris,1610612737,ATL,Atlanta Hawks,21500984,2016-03-13T00:00:00,ATL vs. IND,W,21.5,0.0,0.0,0.0,0.0,8.0,0.0,4.0,16.0,1.0,0.0,1.0,1.0,23.4,1,1,1,1,14590,12059,10158,9917,18861,13914,1,8806,15259,2692,1,4972,12373,9501,1.0,21:30,2015,2016
2015-16,203471,Dennis Schröder,Dennis,1610612737,ATL,Atlanta Hawks,21500984,2016-03-13T00:00:00,ATL vs. IND,W,18.9,2.0,0.0,0.0,6.0,1.0,5.0,2.0,8.0,0.0,0.0,1.0,1.0,18.9,1,1,1,1,16788,6026,10158,9917,5299,2356,11469,4025,21543,8004,1,4972,12373,12513,1.0,18:53,2015,2016
2015-16,101112,Channing Frye,Channing,1610612739,CLE,Cleveland Cavaliers,21500983,2016-03-13T00:00:00,CLE @ LAC,W,20.2,6.0,3.0,0.0,0.0,0.0,0.0,5.0,10.0,0.0,0.0,3.0,0.0,23.0,1,1,1,1,15747,878,3104,9917,18861,1,1,11593,20209,8004,1,17641,18762,9760,1.0,20:11,2015,2016
2015-16,101150,Lou Williams,Lou,1610612747,LAL,Los Angeles Lakers,21500987,2016-03-13T00:00:00,LAL vs. NYK,L,26.0,0.0,0.0,2.0,6.0,1.0,4.0,5.0,16.0,0.0,0.0,1.0,1.0,25.7,1,13074,13074,13074,10813,12059,10158,4675,5299,2356,8458,11593,15259,8004,1,4972,12373,8088,1.0,26:02,2015,2016
2015-16,202331,Paul George,Paul,1610612754,IND,Indiana Pacers,21500984,2016-03-13T00:00:00,IND @ ATL,L,25.2,4.0,0.0,0.0,2.0,13.0,11.0,12.0,20.0,0.0,3.0,1.0,2.0,23.4,1,13074,13074,13074,11543,2460,10158,9917,12984,21300,21814,22259,11929,8004,25441,4972,7786,9501,1.0,25:11,2015,2016
2015-16,2747,JR Smith,JR,1610612739,CLE,Cleveland Cavaliers,21500983,2016-03-13T00:00:00,CLE @ LAC,W,23.3,3.0,0.0,0.0,0.0,8.0,0.0,15.0,12.0,0.0,0.0,3.0,1.0,19.7,1,1,1,1,13109,4307,10158,9917,18861,13914,1,24242,18637,8004,1,17641,12373,11962,1.0,23:19,2015,2016
2015-16,202328,Greg Monroe,Greg,1610612749,MIL,Milwaukee Bucks,21500985,2016-03-13T00:00:00,MIL @ BKN,W,27.3,6.0,2.0,4.0,12.0,8.0,4.0,4.0,28.0,0.0,1.0,2.0,1.0,23.5,1,1,1,1,9804,878,4731,1913,988,13914,8458,8806,5824,8004,17214,11390,12373,9452,1.0,27:15,2015,2016
2015-16,101139,CJ Miles,CJ,1610612754,IND,Indiana Pacers,21500984,2016-03-13T00:00:00,IND @ ATL,L,23.7,3.0,0.0,0.0,0.0,6.0,11.0,2.0,12.0,0.0,0.0,3.0,2.0,9.7,1,13074,13074,13074,12837,4307,10158,9917,18861,10028,21814,4025,18637,8004,1,17641,7786,19379,1.0,23:41,2015,2016
2015-16,200755,JJ Redick,JJ,1610612746,LAC,LA Clippers,21500983,2016-03-13T00:00:00,LAC vs. CLE,L,23.7,3.0,0.0,3.0,2.0,6.0,0.0,6.0,22.0,0.0,0.0,3.0,2.0,26.1,1,13074,13074,13074,12837,4307,10158,3302,12984,10028,1,13388,10265,8004,1,17641,7786,7836,1.0,23:41,2015,2016
2015-16,1626273,Marcelo Huertas,Marcelo,1610612747,LAL,Los Angeles Lakers,21500987,2016-03-13T00:00:00,LAL vs. NYK,L,25.9,0.0,3.0,0.0,2.0,3.0,4.0,4.0,16.0,0.0,0.0,1.0,3.0,14.8,1,13074,13074,13074,10939,12059,3104,9917,12984,5109,8458,8806,15259,8004,1,4972,4736,15561,1.0,25:53,2015,2016
2015-16,203145,Kent Bazemore,Kent,1610612737,ATL,Atlanta Hawks,21500984,2016-03-13T00:00:00,ATL vs. IND,W,18.5,2.0,0.0,2.0,2.0,8.0,0.0,6.0,22.0,0.0,0.0,3.0,0.0,14.6,1,1,1,1,17112,6026,10158,4675,12984,13914,1,13388,10265,8004,1,17641,18762,15699,1.0,18:28,2015,2016
2015-16,201585,Kosta Koufos,Kosta,1610612758,SAC,Sacramento Kings,21500986,2016-03-13T00:00:00,SAC vs. UTA,L,12.7,0.0,0.0,2.0,4.0,3.0,2.0,3.0,8.0,2.0,1.0,2.0,1.0,14.8,1,13074,13074,13074,21134,12059,10158,4675,8599,5109,3734,7328,21543,932,17214,11390,12373,15561,1.0,12:42,2015,2016
2015-16,201588,George Hill,George,1610612754,IND,Indiana Pacers,21500984,2016-03-13T00:00:00,IND @ ATL,L,22.5,0.0,4.0,0.0,2.0,4.0,6.0,7.0,20.0,0.0,0.0,0.0,2.0,14.8,1,13074,13074,13074,13737,12059,1596,9917,12984,6141,13237,15538,11929,8004,1,1,7786,15561,1.0,22:32,2015,2016
2015-16,1626170,Jerian Grant,Jerian,1610612752,NYK,New York Knicks,21500987,2016-03-13T00:00:00,NYK @ LAL,W,12.8,0.0,0.0,2.0,2.0,0.0,2.0,4.0,10.0,0.0,0.0,0.0,1.0,9.9,1,1,1,1,21062,12059,10158,4675,12984,1,3734,8806,20209,8004,1,1,12373,19247,1.0,12:50,2015,2016
2015-16,203521,Matthew Dellavedova,Matthew,1610612739,CLE,Cleveland Cavaliers,21500983,2016-03-13T00:00:00,CLE @ LAC,W,22.8,0.0,0.0,0.0,0.0,0.0,0.0,3.0,10.0,0.0,0.0,3.0,1.0,14.4,1,1,1,1,13553,12059,10158,9917,18861,1,1,7328,20209,8004,1,17641,12373,15857,1.0,22:46,2015,2016
2015-16,201167,Arron Afflalo,Arron,1610612752,NYK,New York Knicks,21500987,2016-03-13T00:00:00,NYK @ LAL,W,27.5,0.0,2.0,0.0,4.0,4.0,9.0,8.0,20.0,0.0,0.0,1.0,4.0,14.6,1,1,1,1,9616,12059,4731,9917,8599,6141,19144,17194,11929,8004,1,4972,2748,15699,1.0,27:29,2015,2016
2015-16,1626191,Chris McCullough,Chris,1610612751,BKN,Brooklyn Nets,21500985,2016-03-13T00:00:00,BKN vs. MIL,L,11.4,3.0,0.0,0.0,0.0,5.0,11.0,4.0,20.0,2.0,0.0,2.0,1.0,10.0,1,13074,13074,13074,21861,4307,10158,9917,18861,8403,21814,8806,11929,932,1,11390,12373,19178,1.0,11:25,2015,2016
2015-16,202344,Trevor Booker,Trevor,1610612762,UTA,Utah Jazz,21500986,2016-03-13T00:00:00,UTA @ SAC,W,25.3,0.0,4.0,0.0,6.0,8.0,6.0,9.0,24.0,2.0,0.0,1.0,3.0,30.1,1,1,1,1,11429,12059,1596,9917,5299,13914,13237,18829,8723,932,1,4972,4736,5794,1.0,25:20,2015,2016
2015-16,203114,Khris Middleton,Khris,1610612749,MIL,Milwaukee Bucks,21500985,2016-03-13T00:00:00,MIL @ BKN,W,38.9,6.0,0.0,6.0,8.0,11.0,4.0,4.0,34.0,0.0,0.0,2.0,2.0,48.5,1,1,1,1,1113,878,10158,740,3109,18886,8458,8806,2701,8004,1,11390,7786,909,1.0,38:53,2015,2016
2015-16,202324,Derrick Favors,Derrick,1610612762,UTA,Utah Jazz,21500986,2016-03-13T00:00:00,UTA @ SAC,W,37.5,1.0,9.0,0.0,14.0,12.0,6.0,7.0,36.0,1.0,2.0,2.0,7.0,61.8,1,1,1,1,1749,11535,77,9917,542,20178,13237,15538,1943,2692,23588,11390,469,151,1.0,37:30,2015,2016
2015-16,203507,Giannis Antetokounmpo,Giannis,1610612749,MIL,Milwaukee Bucks,21500985,2016-03-13T00:00:00,MIL @ BKN,W,40.6,11.0,4.0,8.0,18.0,14.0,4.0,4.0,34.0,2.0,0.0,1.0,8.0,77.2,1,1,1,1,572,55,1596,280,131,22292,8458,8806,2701,932,1,4972,254,12,1.0,40:39,2015,2016
2015-16,202326,DeMarcus Cousins,DeMarcus,1610612758,SAC,Sacramento Kings,21500986,2016-03-13T00:00:00,SAC vs. UTA,L,34.9,4.0,0.0,4.0,12.0,19.0,17.0,13.0,30.0,2.0,1.0,5.0,8.0,61.5,1,13074,13074,13074,3595,2460,10158,1913,988,25074,25429,23048,4541,932,17214,24686,254,163,1.0,34:55,2015,2016
2015-16,200794,Paul Millsap,Paul,1610612737,ATL,Atlanta Hawks,21500984,2016-03-13T00:00:00,ATL vs. IND,W,29.7,0.0,0.0,0.0,4.0,11.0,0.0,7.0,26.0,3.0,2.0,1.0,1.0,52.8,1,1,1,1,7776,12059,10158,9917,8599,18886,1,15538,7214,347,23588,4972,12373,534,1.0,29:44,2015,2016
2015-16,201152,Thaddeus Young,Thaddeus,1610612751,BKN,Brooklyn Nets,21500985,2016-03-13T00:00:00,BKN vs. MIL,L,36.6,0.0,4.0,2.0,14.0,28.0,9.0,19.0,46.0,0.0,0.0,3.0,1.0,37.0,1,13074,13074,13074,2354,12059,1596,4675,542,26034,19144,25435,298,8004,1,17641,12373,3182,1.0,36:35,2015,2016
2015-16,201143,Al Horford,Al,1610612737,ATL,Atlanta Hawks,21500984,2016-03-13T00:00:00,ATL vs. IND,W,24.9,2.0,6.0,2.0,10.0,9.0,5.0,5.0,24.0,0.0,0.0,0.0,1.0,24.3,1,1,1,1,11785,6026,481,4675,1840,15771,11469,11593,8723,8004,1,1,12373,8939,1.0,24:51,2015,2016
2015-16,202682,Derrick Williams,Derrick,1610612752,NYK,New York Knicks,21500987,2016-03-13T00:00:00,NYK @ LAL,W,31.5,1.0,0.0,3.0,6.0,6.0,2.0,10.0,32.0,1.0,2.0,2.0,3.0,29.3,1,1,1,1,6309,11535,10158,3302,5299,10028,3734,20169,3535,2692,23588,11390,4736,6202,1.0,31:31,2015,2016
2015-16,2546,Carmelo Anthony,Carmelo,1610612752,NYK,New York Knicks,21500987,2016-03-13T00:00:00,NYK @ LAL,W,37.5,2.0,2.0,0.0,6.0,10.0,11.0,10.0,34.0,1.0,0.0,5.0,4.0,48.4,1,1,1,1,1748,6026,4731,9917,5299,17370,21814,20169,2701,2692,1,24686,2748,920,1.0,37:30,2015,2016
2015-16,1626161,Willie Cauley-Stein,Willie,1610612758,SAC,Sacramento Kings,21500986,2016-03-13T00:00:00,SAC vs. UTA,L,28.8,0.0,2.0,2.0,8.0,13.0,14.0,15.0,28.0,1.0,0.0,1.0,4.0,24.4,1,13074,13074,13074,8520,12059,4731,4675,3109,21300,24300,24242,5824,2692,1,4972,2748,8867,1.0,28:49,2015,2016
2015-16,201567,Kevin Love,Kevin,1610612739,CLE,Cleveland Cavaliers,21500983,2016-03-13T00:00:00,CLE @ LAC,W,24.5,1.0,0.0,1.0,8.0,8.0,0.0,15.0,14.0,0.0,0.0,0.0,4.0,24.3,1,1,1,1,12083,11535,10158,9347,3109,13914,1,24242,17019,8004,1,1,2748,8939,1.0,24:32,2015,2016
2015-16,201572,Brook Lopez,Brook,1610612751,BKN,Brooklyn Nets,21500985,2016-03-13T00:00:00,BKN vs. MIL,L,34.6,6.0,0.0,0.0,12.0,26.0,9.0,19.0,44.0,2.0,2.0,2.0,3.0,29.6,1,13074,13074,13074,3900,878,10158,9917,988,25979,19144,25435,454,932,23588,11390,4736,6050,1.0,34:34,2015,2016
2015-16,1626156,D'Angelo Russell,D'Angelo,1610612747,LAL,Los Angeles Lakers,21500987,2016-03-13T00:00:00,LAL vs. NYK,L,22.0,0.0,0.0,0.0,0.0,9.0,0.0,6.0,20.0,0.0,2.0,2.0,1.0,11.4,1,13074,13074,13074,14199,12059,10158,9917,18861,15771,1,13388,11929,8004,23588,11390,12373,18134,1.0,21:58,2015,2016
2015-16,1626173,Rashad Vaughn,Rashad,1610612749,MIL,Milwaukee Bucks,21500985,2016-03-13T00:00:00,MIL @ BKN,W,9.1,0.0,0.0,0.0,0.0,7.0,2.0,4.0,8.0,0.0,0.0,1.0,0.0,1.2,1,1,1,1,22794,12059,10158,9917,18861,12242,3734,8806,21543,8004,1,4972,18762,24661,1.0,9:07,2015,2016
2015-16,203526,Raul Neto,Raul,1610612762,UTA,Utah Jazz,21500986,2016-03-13T00:00:00,UTA @ SAC,W,7.7,3.0,0.0,3.0,2.0,4.0,0.0,2.0,8.0,0.0,0.0,0.0,2.0,6.0,1,1,1,1,23335,4307,10158,3302,12984,6141,1,4025,21543,8004,1,1,7786,21878,1.0,7:39,2015,2016
2015-16,203497,Rudy Gobert,Rudy,1610612762,UTA,Utah Jazz,21500986,2016-03-13T00:00:00,UTA @ SAC,W,22.3,0.0,0.0,0.0,0.0,2.0,2.0,6.0,20.0,0.0,0.0,6.0,3.0,10.6,1,1,1,1,13935,12059,10158,9917,18861,2619,3734,13388,11929,8004,1,25827,4736,18723,1.0,22:16,2015,2016
2015-16,203948,Johnny O'Bryant III,Johnny,1610612749,MIL,Milwaukee Bucks,21500985,2016-03-13T00:00:00,MIL @ BKN,W,13.8,0.0,0.0,0.0,2.0,7.0,2.0,4.0,10.0,0.0,2.0,2.0,0.0,5.6,1,1,1,1,20546,12059,10158,9917,12984,12242,3734,8806,20209,8004,23588,11390,18762,22133,1.0,13:46,2015,2016
2015-16,203895,Jordan McRae,Jordan,1610612739,CLE,Cleveland Cavaliers,21500983,2016-03-13T00:00:00,CLE @ LAC,W,3.3,0.0,0.0,0.0,0.0,0.0,0.0,0.0,4.0,1.0,0.0,1.0,0.0,5.7,1,1,1,1,25008,12059,10158,9917,18861,1,1,1,23698,2692,1,4972,18762,22054,1.0,3:17,2015,2016
2015-16,203499,Shane Larkin,Shane,1610612751,BKN,Brooklyn Nets,21500985,2016-03-13T00:00:00,BKN vs. MIL,L,20.4,4.0,0.0,2.0,4.0,15.0,14.0,6.0,32.0,0.0,0.0,1.0,2.0,10.9,1,13074,13074,13074,15562,2460,10158,4675,8599,23079,24300,13388,3535,8004,1,4972,7786,18498,1.0,20:24,2015,2016
2015-16,201158,Marco Belinelli,Marco,1610612758,SAC,Sacramento Kings,21500986,2016-03-13T00:00:00,SAC vs. UTA,L,11.2,0.0,0.0,0.0,0.0,9.0,4.0,6.0,12.0,0.0,0.0,0.0,0.0,6.0,1,13074,13074,13074,21955,12059,10158,9917,18861,15771,8458,13388,18637,8004,1,1,18762,21878,1.0,11:10,2015,2016
2015-16,201619,Sasha Kaun,Sasha,1610612739,CLE,Cleveland Cavaliers,21500983,2016-03-13T00:00:00,CLE @ LAC,W,2.1,0.0,0.0,0.0,0.0,0.0,0.0,0.0,4.0,0.0,1.0,0.0,0.0,1.4,1,1,1,1,25471,12059,10158,9917,18861,1,1,1,23698,8004,17214,1,18762,24615,1.0,2:08,2015,2016
2015-16,203527,Ryan Kelly,Ryan,1610612747,LAL,Los Angeles Lakers,21500987,2016-03-13T00:00:00,LAL vs. NYK,L,5.1,0.0,0.0,0.0,0.0,0.0,0.0,0.0,4.0,0.0,0.0,1.0,0.0,0.0,1,13074,13074,13074,24334,12059,10158,9917,18861,1,1,1,23698,8004,1,4972,18762,25170,1.0,5:05,2015,2016
2015-16,202730,Lavoy Allen,Lavoy,1610612754,IND,Indiana Pacers,21500984,2016-03-13T00:00:00,IND @ ATL,L,23.0,1.0,1.0,0.0,0.0,9.0,8.0,7.0,14.0,1.0,0.0,1.0,2.0,7.3,1,13074,13074,13074,13411,11535,9709,9917,18861,15771,17345,15538,17019,2692,1,4972,7786,21024,1.0,22:57,2015,2016
2015-16,203996,Damien Inglis,Damien,1610612749,MIL,Milwaukee Bucks,21500985,2016-03-13T00:00:00,MIL @ BKN,W,0.6,0.0,0.0,0.0,0.0,0.0,0.0,0.0,2.0,0.0,0.0,0.0,0.0,0.0,1,1,1,1,25950,12059,10158,9917,18861,1,1,1,24614,8004,1,1,18762,25170,1.0,0:38,2015,2016
2015-16,203898,Tyler Ennis,Tyler,1610612749,MIL,Milwaukee Bucks,21500985,2016-03-13T00:00:00,MIL @ BKN,W,14.5,0.0,2.0,0.0,2.0,3.0,2.0,0.0,8.0,0.0,0.0,1.0,1.0,4.7,1,1,1,1,20088,12059,4731,9917,12984,5109,3734,1,21543,8004,1,4972,12373,22672,1.0,14:31,2015,2016
2015-16,2037,Jamal Crawford,Jamal,1610612746,LAC,LA Clippers,21500983,2016-03-13T00:00:00,LAC vs. CLE,L,25.3,0.0,0.0,0.0,0.0,7.0,15.0,2.0,22.0,0.0,0.0,2.0,2.0,8.7,1,13074,13074,13074,11420,12059,10158,9917,18861,12242,24781,4025,10265,8004,1,11390,7786,20045,1.0,25:20,2015,2016
2015-16,1626168,Trey Lyles,Trey,1610612762,UTA,Utah Jazz,21500986,2016-03-13T00:00:00,UTA @ SAC,W,10.8,3.0,0.0,0.0,0.0,10.0,2.0,8.0,20.0,0.0,0.0,3.0,0.0,3.2,1,1,1,1,22117,4307,10158,9917,18861,17370,3734,17194,11929,8004,1,17641,18762,23473,1.0,10:48,2015,2016
2015-16,203118,Mike Scott,Mike,1610612737,ATL,Atlanta Hawks,21500984,2016-03-13T00:00:00,ATL vs. IND,W,16.8,0.0,0.0,0.0,0.0,6.0,5.0,2.0,14.0,0.0,0.0,0.0,2.0,3.6,1,1,1,1,18410,12059,10158,9917,18861,10028,11469,4025,17019,8004,1,1,7786,23310,1.0,16:49,2015,2016
2015-16,2550,Kirk Hinrich,Kirk,1610612737,ATL,Atlanta Hawks,21500984,2016-03-13T00:00:00,ATL vs. IND,W,12.0,0.0,0.0,0.0,0.0,5.0,0.0,2.0,10.0,0.0,1.0,1.0,0.0,4.6,1,1,1,1,21529,12059,10158,9917,18861,8403,1,4025,20209,8004,17214,4972,18762,22734,1.0,12:00,2015,2016
2015-16,203504,Trey Burke,Trey,1610612762,UTA,Utah Jazz,21500986,2016-03-13T00:00:00,UTA @ SAC,W,10.0,0.0,0.0,0.0,0.0,2.0,2.0,6.0,14.0,0.0,0.0,1.0,0.0,4.5,1,1,1,1,22421,12059,10158,9917,18861,2619,3734,13388,17019,8004,1,4972,18762,22773,1.0,10:02,2015,2016
2015-16,202389,Timofey Mozgov,Timofey,1610612739,CLE,Cleveland Cavaliers,21500983,2016-03-13T00:00:00,CLE @ LAC,W,14.3,0.0,0.0,0.0,2.0,5.0,0.0,15.0,10.0,0.0,0.0,1.0,0.0,9.1,1,1,1,1,20220,12059,10158,9917,12984,8403,1,24242,20209,8004,1,4972,18762,19789,1.0,14:18,2015,2016
2015-16,203143,Pablo Prigioni,Pablo,1610612746,LAC,LA Clippers,21500983,2016-03-13T00:00:00,LAC vs. CLE,L,15.7,0.0,0.0,0.0,0.0,1.0,7.0,0.0,12.0,0.0,1.0,1.0,2.0,4.5,1,13074,13074,13074,19279,12059,10158,9917,18861,2356,15642,1,18637,8004,17214,4972,7786,22773,1.0,15:41,2015,2016
2015-16,203080,Thomas Robinson,Thomas,1610612751,BKN,Brooklyn Nets,21500985,2016-03-13T00:00:00,BKN vs. MIL,L,9.6,0.0,0.0,0.0,2.0,7.0,9.0,4.0,18.0,1.0,0.0,2.0,1.0,8.8,1,13074,13074,13074,22599,12059,10158,9917,12984,12242,19144,8806,13577,2692,1,11390,12373,19994,1.0,9:34,2015,2016
2015-16,202332,Cole Aldrich,Cole,1610612746,LAC,LA Clippers,21500983,2016-03-13T00:00:00,LAC vs. CLE,L,11.7,0.0,0.0,0.0,4.0,1.0,7.0,0.0,10.0,2.0,1.0,3.0,0.0,16.5,1,13074,13074,13074,21717,12059,10158,9917,8599,2356,15642,1,20209,932,17214,17641,18762,14224,1.0,11:43,2015,2016
2015-16,977,Kobe Bryant,Kobe,1610612747,LAL,Los Angeles Lakers,21500987,2016-03-13T00:00:00,LAL vs. NYK,L,26.8,0.0,2.0,2.0,6.0,8.0,2.0,6.0,26.0,0.0,0.0,2.0,2.0,18.4,1,13074,13074,13074,10155,12059,4731,4675,5299,13914,3734,13388,7214,8004,1,11390,7786,12854,1.0,26:50,2015,2016
2015-16,101138,Brandon Bass,Brandon,1610612747,LAL,Los Angeles Lakers,21500987,2016-03-13T00:00:00,LAL vs. NYK,L,25.9,4.0,0.0,6.0,6.0,3.0,2.0,5.0,14.0,1.0,1.0,2.0,3.0,21.5,1,13074,13074,13074,10910,2460,10158,740,5299,5109,3734,11593,17019,2692,17214,11390,4736,10755,1.0,25:55,2015,2016
2015-16,2594,Kyle Korver,Kyle,1610612737,ATL,Atlanta Hawks,21500984,2016-03-13T00:00:00,ATL vs. IND,W,24.4,5.0,3.0,0.0,0.0,10.0,5.0,5.0,22.0,1.0,0.0,2.0,0.0,21.0,1,1,1,1,12258,1603,3104,9917,18861,17370,11469,11593,10265,2692,1,11390,18762,11077,1.0,24:22,2015,2016
2015-16,101133,Ian Mahinmi,Ian,1610612754,IND,Indiana Pacers,21500984,2016-03-13T00:00:00,IND @ ATL,L,21.1,2.0,0.0,2.0,8.0,8.0,6.0,12.0,18.0,1.0,1.0,0.0,0.0,18.4,1,13074,13074,13074,14960,6026,10158,4675,3109,13914,13237,22259,13577,2692,17214,1,18762,12854,1.0,21:07,2015,2016
2015-16,201155,Rodney Stuckey,Rodney,1610612754,IND,Indiana Pacers,21500984,2016-03-13T00:00:00,IND @ ATL,L,10.0,0.0,0.0,0.0,2.0,9.0,2.0,7.0,10.0,0.0,0.0,0.0,0.0,3.0,1,13074,13074,13074,22429,12059,10158,9917,12984,15771,3734,15538,20209,8004,1,1,18762,23648,1.0,10:01,2015,2016
2015-16,203187,Chris Johnson,Chris,1610612762,UTA,Utah Jazz,21500986,2016-03-13T00:00:00,UTA @ SAC,W,11.4,3.0,0.0,0.0,0.0,6.0,2.0,8.0,18.0,0.0,0.0,0.0,0.0,7.7,1,1,1,1,21877,4307,10158,9917,18861,10028,3734,17194,13577,8004,1,1,18762,20733,1.0,11:23,2015,2016
2015-16,2592,James Jones,James,1610612739,CLE,Cleveland Cavaliers,21500983,2016-03-13T00:00:00,CLE @ LAC,W,3.3,0.0,0.0,0.0,0.0,0.0,0.0,0.0,4.0,0.0,0.0,0.0,0.0,3.0,1,1,1,1,25008,12059,10158,9917,18861,1,1,1,23698,8004,1,1,18762,23648,1.0,3:17,2015,2016
2015-16,203112,Quincy Acy,Quincy,1610612758,SAC,Sacramento Kings,21500986,2016-03-13T00:00:00,SAC vs. UTA,L,10.8,0.0,0.0,0.0,2.0,3.0,4.0,2.0,4.0,0.0,0.0,2.0,0.0,3.2,1,13074,13074,13074,22108,12059,10158,9917,12984,5109,8458,4025,23698,8004,1,11390,18762,23473,1.0,10:49,2015,2016
2015-16,203124,Kyle O'Quinn,Kyle,1610612752,NYK,New York Knicks,21500987,2016-03-13T00:00:00,NYK @ LAL,W,12.3,0.0,0.0,0.0,0.0,0.0,2.0,4.0,16.0,1.0,0.0,2.0,0.0,7.6,1,1,1,1,21367,12059,10158,9917,18861,1,3734,8806,15259,2692,1,11390,18762,20803,1.0,12:20,2015,2016
2015-16,201145,Jeff Green,Jeff,1610612746,LAC,LA Clippers,21500983,2016-03-13T00:00:00,LAC vs. CLE,L,27.3,3.0,0.0,6.0,4.0,3.0,0.0,1.0,16.0,0.0,0.0,4.0,3.0,18.1,1,13074,13074,13074,9741,4307,10158,740,8599,5109,1,3646,15259,8004,1,22104,4736,13090,1.0,27:20,2015,2016
2015-16,2210,Richard Jefferson,Richard,1610612739,CLE,Cleveland Cavaliers,21500983,2016-03-13T00:00:00,CLE @ LAC,W,11.5,0.0,0.0,0.0,0.0,0.0,0.0,5.0,12.0,1.0,0.0,1.0,1.0,3.0,1,1,1,1,21847,12059,10158,9917,18861,1,1,11593,18637,2692,1,4972,12373,23648,1.0,11:28,2015,2016
2015-16,203900,Markel Brown,Markel,1610612751,BKN,Brooklyn Nets,21500985,2016-03-13T00:00:00,BKN vs. MIL,L,21.5,0.0,0.0,0.0,0.0,14.0,5.0,12.0,28.0,0.0,0.0,1.0,1.0,8.0,1,13074,13074,13074,14623,12059,10158,9917,18861,22292,11469,22259,5824,8004,1,4972,12373,20564,1.0,21:28,2015,2016
2015-16,202325,Wesley Johnson,Wesley,1610612746,LAC,LA Clippers,21500983,2016-03-13T00:00:00,LAC vs. CLE,L,28.4,0.0,0.0,0.0,2.0,10.0,15.0,0.0,20.0,0.0,1.0,3.0,2.0,16.0,1,13074,13074,13074,8969,12059,10158,9917,12984,17370,24781,1,11929,8004,17214,17641,7786,14590,1.0,28:21,2015,2016
2015-16,200752,Rudy Gay,Rudy,1610612758,SAC,Sacramento Kings,21500986,2016-03-13T00:00:00,SAC vs. UTA,L,30.5,2.0,4.0,0.0,4.0,16.0,11.0,11.0,28.0,0.0,0.0,1.0,3.0,12.8,1,13074,13074,13074,7071,6026,1596,9917,8599,23774,21814,21342,5824,8004,1,4972,4736,17129,1.0,30:33,2015,2016
2015-16,203085,Austin Rivers,Austin,1610612746,LAC,LA Clippers,21500983,2016-03-13T00:00:00,LAC vs. CLE,L,23.8,0.0,0.0,0.0,4.0,7.0,15.0,3.0,20.0,0.0,0.0,1.0,1.0,12.5,1,13074,13074,13074,12732,12059,10158,9917,8599,12242,24781,7328,11929,8004,1,4972,12373,17372,1.0,23:49,2015,2016
2015-16,201941,Jordan Hill,Jordan,1610612754,IND,Indiana Pacers,21500984,2016-03-13T00:00:00,IND @ ATL,L,14.9,0.0,0.0,0.0,2.0,7.0,7.0,2.0,10.0,0.0,0.0,0.0,0.0,8.3,1,13074,13074,13074,19841,12059,10158,9917,12984,12242,15642,4025,20209,8004,1,1,18762,20376,1.0,14:53,2015,2016
2015-16,203922,Glenn Robinson III,Glenn,1610612754,IND,Indiana Pacers,21500984,2016-03-13T00:00:00,IND @ ATL,L,12.0,3.0,0.0,0.0,0.0,2.0,6.0,0.0,6.0,2.0,0.0,0.0,0.0,18.1,1,13074,13074,13074,21529,4307,10158,9917,18861,2619,13237,1,22724,932,1,1,18762,13090,1.0,12:00,2015,2016
2015-16,202388,Donald Sloan,Donald,1610612751,BKN,Brooklyn Nets,21500985,2016-03-13T00:00:00,BKN vs. MIL,L,27.6,2.0,0.0,4.0,4.0,18.0,6.0,17.0,34.0,0.0,0.0,0.0,0.0,16.1,1,13074,13074,13074,9534,6026,10158,1913,8599,24749,13237,24967,2701,8004,1,1,18762,14515,1.0,27:36,2015,2016
2015-16,203186,Willie Reed,Willie,1610612751,BKN,Brooklyn Nets,21500985,2016-03-13T00:00:00,BKN vs. MIL,L,3.9,0.0,0.0,0.0,0.0,0.0,2.0,0.0,4.0,0.0,0.0,0.0,0.0,2.4,1,13074,13074,13074,24760,12059,10158,9917,18861,1,3734,1,23698,8004,1,1,18762,24024,1.0,3:52,2015,2016
2015-16,203903,Jordan Clarkson,Jordan,1610612747,LAL,Los Angeles Lakers,21500987,2016-03-13T00:00:00,LAL vs. NYK,L,22.1,2.0,0.0,2.0,12.0,7.0,0.0,7.0,20.0,0.0,2.0,3.0,0.0,26.6,1,13074,13074,13074,14074,6026,10158,4675,988,12242,1,15538,11929,8004,23588,17641,18762,7566,1.0,22:07,2015,2016
2015-16,203524,Solomon Hill,Solomon,1610612754,IND,Indiana Pacers,21500984,2016-03-13T00:00:00,IND @ ATL,L,19.1,0.0,0.0,0.0,2.0,2.0,6.0,2.0,12.0,0.0,1.0,2.0,0.0,12.4,1,13074,13074,13074,16614,12059,10158,9917,12984,2619,13237,4025,18637,8004,17214,11390,18762,17418,1.0,19:06,2015,2016
2015-16,203508,Sergey Karasev,Sergey,1610612751,BKN,Brooklyn Nets,21500985,2016-03-13T00:00:00,BKN vs. MIL,L,19.5,0.0,2.0,0.0,0.0,9.0,15.0,6.0,26.0,1.0,0.0,1.0,1.0,15.7,1,13074,13074,13074,16316,12059,4731,9917,18861,15771,24781,13388,7214,2692,1,4972,12373,14841,1.0,19:30,2015,2016
2015-16,203488,Mike Muscala,Mike,1610612737,ATL,Atlanta Hawks,21500984,2016-03-13T00:00:00,ATL vs. IND,W,12.0,2.0,6.0,0.0,6.0,5.0,0.0,2.0,10.0,0.0,0.0,0.0,1.0,12.0,1,1,1,1,21529,6026,481,9917,5299,8403,1,4025,20209,8004,1,1,12373,17703,1.0,12:00,2015,2016
2015-16,203918,Rodney Hood,Rodney,1610612762,UTA,Utah Jazz,21500986,2016-03-13T00:00:00,UTA @ SAC,W,34.7,4.0,4.0,4.0,6.0,10.0,6.0,7.0,28.0,0.0,0.0,1.0,0.0,15.1,1,1,1,1,3826,2460,1596,1913,5299,17370,13237,15538,5824,8004,1,4972,18762,15328,1.0,34:39,2015,2016
2015-16,201577,Robin Lopez,Robin,1610612752,NYK,New York Knicks,21500987,2016-03-13T00:00:00,NYK @ LAL,W,35.7,3.0,0.0,0.0,12.0,10.0,9.0,10.0,30.0,2.0,0.0,1.0,5.0,31.6,1,1,1,1,3000,4307,10158,9917,988,17370,19144,20169,4541,932,1,4972,1539,5130,1.0,35:40,2015,2016
2015-16,1626204,Larry Nance Jr.,Larry,1610612747,LAL,Los Angeles Lakers,21500987,2016-03-13T00:00:00,LAL vs. NYK,L,25.9,0.0,2.0,0.0,4.0,3.0,2.0,5.0,14.0,1.0,0.0,1.0,1.0,15.4,1,13074,13074,13074,10896,12059,4731,9917,8599,5109,3734,11593,17019,2692,1,4972,12373,15066,1.0,25:56,2015,2016
2015-16,200757,Thabo Sefolosha,Thabo,1610612737,ATL,Atlanta Hawks,21500984,2016-03-13T00:00:00,ATL vs. IND,W,16.3,4.0,4.0,5.0,4.0,2.0,0.0,3.0,10.0,1.0,0.0,1.0,2.0,27.0,1,1,1,1,18802,2460,1596,1277,8599,2619,1,7328,20209,2692,1,4972,7786,7385,1.0,16:19,2015,2016
2015-16,203552,Seth Curry,Seth,1610612758,SAC,Sacramento Kings,21500986,2016-03-13T00:00:00,SAC vs. UTA,L,16.7,0.0,0.0,0.0,2.0,7.0,6.0,9.0,18.0,0.0,0.0,1.0,1.0,12.2,1,13074,13074,13074,18487,12059,10158,9917,12984,12242,13237,18829,13577,8004,1,4972,12373,17566,1.0,16:43,2015,2016
2015-16,203944,Julius Randle,Julius,1610612747,LAL,Los Angeles Lakers,21500987,2016-03-13T00:00:00,LAL vs. NYK,L,22.1,2.0,0.0,2.0,4.0,7.0,2.0,6.0,22.0,0.0,1.0,3.0,2.0,15.1,1,13074,13074,13074,14118,6026,10158,4675,8599,12242,3734,13388,10265,8004,17214,17641,7786,15328,1.0,22:04,2015,2016
2015-16,200765,Rajon Rondo,Rajon,1610612758,SAC,Sacramento Kings,21500986,2016-03-13T00:00:00,SAC vs. UTA,L,35.9,0.0,0.0,0.0,4.0,14.0,19.0,11.0,28.0,0.0,1.0,3.0,1.0,20.3,1,13074,13074,13074,2852,12059,10158,9917,8599,22292,25786,21342,5824,8004,17214,17641,12373,11534,1.0,35:52,2015,2016
2015-16,203501,Tim Hardaway Jr.,Tim,1610612737,ATL,Atlanta Hawks,21500984,2016-03-13T00:00:00,ATL vs. IND,W,23.1,0.0,0.0,2.0,0.0,9.0,5.0,2.0,16.0,0.0,1.0,1.0,3.0,15.4,1,1,1,1,13321,12059,10158,4675,18861,15771,11469,4025,15259,8004,17214,4972,4736,15066,1.0,23:04,2015,2016
2015-16,201601,Luc Mbah a Moute,Luc,1610612746,LAC,LA Clippers,21500983,2016-03-13T00:00:00,LAC vs. CLE,L,22.0,0.0,0.0,0.0,0.0,6.0,5.0,6.0,20.0,1.0,1.0,1.0,1.0,12.2,1,13074,13074,13074,14199,12059,10158,9917,18861,10028,11469,13388,11929,2692,17214,4972,12373,17566,1.0,21:58,2015,2016
2015-16,2544,LeBron James,LeBron,1610612739,CLE,Cleveland Cavaliers,21500983,2016-03-13T00:00:00,CLE @ LAC,W,30.7,2.0,3.0,4.0,12.0,8.0,0.0,15.0,14.0,0.0,1.0,2.0,6.0,42.7,1,1,1,1,6938,6026,3104,1913,988,13914,1,24242,17019,8004,17214,11390,873,1800,1.0,30:43,2015,2016
2015-16,2756,Sasha Vujacic,Sasha,1610612752,NYK,New York Knicks,21500987,2016-03-13T00:00:00,NYK @ LAL,W,18.4,2.0,0.0,2.0,0.0,2.0,2.0,4.0,20.0,0.0,0.0,2.0,1.0,11.9,1,1,1,1,17213,6026,10158,4675,18861,2619,3734,8806,11929,8004,1,11390,12373,17760,1.0,18:22,2015,2016
2015-16,203930,Sean Kilpatrick,Sean,1610612751,BKN,Brooklyn Nets,21500985,2016-03-13T00:00:00,BKN vs. MIL,L,22.2,3.0,0.0,0.0,4.0,17.0,13.0,9.0,34.0,0.0,1.0,2.0,1.0,20.7,1,13074,13074,13074,14020,4307,10158,9917,8599,24337,23668,18829,2701,8004,17214,11390,12373,11252,1.0,22:11,2015,2016
2015-16,101108,Chris Paul,Chris,1610612746,LAC,LA Clippers,21500983,2016-03-13T00:00:00,LAC vs. CLE,L,29.8,2.0,0.0,9.0,4.0,12.0,3.0,6.0,22.0,0.0,0.0,2.0,3.0,40.0,1,13074,13074,13074,7723,6026,10158,184,8599,20178,7138,13388,10265,8004,1,11390,4736,2364,1.0,29:48,2015,2016
2015-16,101145,Monta Ellis,Monta,1610612754,IND,Indiana Pacers,21500984,2016-03-13T00:00:00,IND @ ATL,L,24.7,2.0,0.0,5.0,6.0,13.0,11.0,12.0,18.0,0.0,1.0,2.0,3.0,20.6,1,13074,13074,13074,11970,6026,10158,1277,5299,21300,21814,22259,13577,8004,17214,11390,4736,11314,1.0,24:39,2015,2016
2015-16,203458,Alex Len,Alex,1610612756,PHX,Phoenix Suns,21500981,2016-03-12T00:00:00,PHX @ GSW,L,31.2,0.0,5.0,0.0,10.0,10.0,4.0,17.0,26.0,0.0,1.0,5.0,5.0,42.1,1,13074,13074,13074,6536,12059,995,9917,1840,17370,8458,24967,7214,8004,17214,24686,1539,1910,1.0,31:13,2015,2016
2015-16,1626159,Justise Winslow,Justise,1610612748,MIA,Miami Heat,21500977,2016-03-12T00:00:00,MIA @ TOR,L,42.6,0.0,0.0,2.0,4.0,11.0,12.0,19.0,40.0,1.0,0.0,3.0,3.0,31.0,1,13074,13074,13074,238,12059,10158,4675,8599,18886,22832,25435,983,2692,1,17641,4736,5406,1.0,42:37,2015,2016
2015-16,1626185,Jarell Martin,Jarell,1610612763,MEM,Memphis Grizzlies,21500974,2016-03-12T00:00:00,MEM @ ATL,L,19.7,0.0,2.0,0.0,4.0,9.0,5.0,6.0,14.0,0.0,2.0,2.0,3.0,15.8,1,13074,13074,13074,16179,12059,4731,9917,8599,15771,11469,13388,17019,8004,23588,11390,4736,14754,1.0,19:41,2015,2016
2015-16,203994,Jusuf Nurkić,Jusuf,1610612743,DEN,Denver Nuggets,21500980,2016-03-12T00:00:00,DEN vs. WAS,W,18.0,4.0,3.0,0.0,10.0,4.0,5.0,7.0,14.0,2.0,0.0,3.0,8.0,30.3,1,1,1,1,17537,2460,3104,9917,1840,6141,11469,15538,17019,932,1,17641,254,5702,1.0,17:59,2015,2016
2015-16,201584,Courtney Lee,Courtney,1610612766,CHA,Charlotte Hornets,21500975,2016-03-12T00:00:00,CHA vs. HOU,W,25.8,0.0,3.0,2.0,2.0,8.0,13.0,9.0,38.0,0.0,0.0,0.0,1.0,15.9,1,1,1,1,11030,12059,3104,4675,12984,13914,23668,18829,1422,8004,1,1,12373,14675,1.0,25:47,2015,2016
2015-16,201583,Ryan Anderson,Ryan,1610612740,NOP,New Orleans Pelicans,21500978,2016-03-12T00:00:00,NOP @ MIL,L,33.7,0.0,4.0,3.0,4.0,11.0,6.0,6.0,38.0,2.0,0.0,2.0,3.0,26.2,1,13074,13074,13074,4629,12059,1596,3302,8599,18886,13237,13388,1422,932,1,11390,4736,7785,1.0,33:39,2015,2016
2015-16,201155,Rodney Stuckey,Rodney,1610612754,IND,Indiana Pacers,21500973,2016-03-12T00:00:00,IND @ DAL,W,23.3,2.0,0.0,0.0,2.0,13.0,8.0,7.0,16.0,1.0,0.0,2.0,4.0,20.2,1,1,1,1,13092,6026,10158,9917,12984,21300,17345,15538,15259,2692,1,11390,2748,11610,1.0,23:20,2015,2016
2015-16,101145,Monta Ellis,Monta,1610612754,IND,Indiana Pacers,21500973,2016-03-12T00:00:00,IND @ DAL,W,36.5,3.0,0.0,5.0,10.0,12.0,2.0,17.0,30.0,1.0,0.0,3.0,3.0,42.5,1,1,1,1,2387,4307,10158,1277,1840,20178,3734,24967,4541,2692,1,17641,4736,1841,1.0,36:31,2015,2016
2015-16,203898,Tyler Ennis,Tyler,1610612749,MIL,Milwaukee Bucks,21500978,2016-03-12T00:00:00,MIL vs. NOP,W,8.4,0.0,0.0,0.0,6.0,1.0,2.0,2.0,8.0,0.0,0.0,0.0,2.0,11.9,1,1,1,1,23065,12059,10158,9917,5299,2356,3734,4025,21543,8004,1,1,7786,17760,1.0,8:22,2015,2016
2015-16,203917,Nik Stauskas,Nik,1610612755,PHI,Philadelphia 76ers,21500976,2016-03-12T00:00:00,PHI vs. DET,L,26.2,2.0,0.0,2.0,8.0,13.0,10.0,16.0,40.0,0.0,0.0,2.0,3.0,26.4,1,13074,13074,13074,10697,6026,10158,4675,3109,21300,20509,24641,983,8004,1,11390,4736,7672,1.0,26:11,2015,2016
2015-16,1626144,Emmanuel Mudiay,Emmanuel,1610612743,DEN,Denver Nuggets,21500980,2016-03-12T00:00:00,DEN vs. WAS,W,22.2,2.0,0.0,0.0,4.0,24.0,9.0,15.0,26.0,0.0,2.0,4.0,1.0,12.0,1,1,1,1,13979,6026,10158,9917,8599,25890,19144,24242,7214,8004,23588,22104,12373,17703,1.0,22:14,2015,2016
2015-16,203507,Giannis Antetokounmpo,Giannis,1610612749,MIL,Milwaukee Bucks,21500978,2016-03-12T00:00:00,MIL vs. NOP,W,37.0,5.0,0.0,4.0,10.0,11.0,13.0,13.0,36.0,2.0,2.0,3.0,9.0,31.0,1,1,1,1,2077,1603,10158,1913,1840,18886,23668,23048,1943,932,23588,17641,138,5406,1.0,37:00,2015,2016
2015-16,201945,Gerald Henderson,Gerald,1610612757,POR,Portland Trail Blazers,21500982,2016-03-12T00:00:00,POR vs. ORL,W,20.5,3.0,0.0,3.0,2.0,10.0,9.0,6.0,18.0,1.0,0.0,2.0,2.0,26.8,1,1,1,1,15494,4307,10158,3302,12984,17370,19144,13388,13577,2692,1,11390,7786,7486,1.0,20:29,2015,2016
2015-16,201587,Nicolas Batum,Nicolas,1610612766,CHA,Charlotte Hornets,21500975,2016-03-12T00:00:00,CHA vs. HOU,W,33.5,0.0,0.0,0.0,2.0,8.0,17.0,11.0,52.0,1.0,1.0,1.0,1.0,40.6,1,1,1,1,4728,12059,10158,9917,12984,13914,25429,21342,59,2692,17214,4972,12373,2230,1.0,33:31,2015,2016
2015-16,203953,Jabari Parker,Jabari,1610612749,MIL,Milwaukee Bucks,21500978,2016-03-12T00:00:00,MIL vs. NOP,W,38.2,8.0,4.0,6.0,8.0,11.0,13.0,15.0,34.0,0.0,0.0,2.0,4.0,27.0,1,1,1,1,1430,308,1596,740,3109,18886,23668,24242,2701,8004,1,11390,2748,7385,1.0,38:11,2015,2016
2015-16,1626192,Pat Connaughton,Pat,1610612757,POR,Portland Trail Blazers,21500982,2016-03-12T00:00:00,POR vs. ORL,W,7.9,0.0,0.0,0.0,4.0,0.0,4.0,1.0,2.0,0.0,0.0,0.0,0.0,12.1,1,1,1,1,23223,12059,10158,9917,8599,1,8458,3646,24614,8004,1,1,18762,17639,1.0,7:54,2015,2016
2015-16,201147,Corey Brewer,Corey,1610612745,HOU,Houston Rockets,21500975,2016-03-12T00:00:00,HOU @ CHA,L,27.4,4.0,0.0,6.0,16.0,10.0,11.0,6.0,30.0,1.0,1.0,1.0,5.0,30.6,1,13074,13074,13074,9678,2460,10158,740,275,17370,21814,13388,4541,2692,17214,4972,1539,5574,1.0,27:25,2015,2016
2015-16,202683,Enes Freedom,Enes,1610612760,OKC,Oklahoma City Thunder,21500979,2016-03-12T00:00:00,OKC @ SAS,L,28.0,2.0,2.0,2.0,6.0,18.0,11.0,5.0,20.0,0.0,0.0,1.0,4.0,30.4,1,13074,13074,13074,9212,6026,4731,4675,5299,24749,21814,11593,11929,8004,1,4972,2748,5661,1.0,28:01,2015,2016
2015-16,2405,Amar'e Stoudemire,Amar'e,1610612748,MIA,Miami Heat,21500977,2016-03-12T00:00:00,MIA @ TOR,L,19.5,2.0,4.0,0.0,2.0,6.0,3.0,4.0,18.0,0.0,1.0,4.0,1.0,12.0,1,13074,13074,13074,16306,6026,1596,9917,12984,10028,7138,8806,13577,8004,17214,22104,12373,17703,1.0,19:31,2015,2016
2015-16,2571,Leandro Barbosa,Leandro,1610612744,GSW,Golden State Warriors,21500981,2016-03-12T00:00:00,GSW vs. PHX,W,18.3,0.0,0.0,2.0,0.0,0.0,8.0,14.0,10.0,1.0,0.0,1.0,2.0,11.6,1,1,1,1,17234,12059,10158,4675,18861,1,17345,23710,20209,2692,1,4972,7786,17970,1.0,18:20,2015,2016
2015-16,2440,Matt Barnes,Matt,1610612763,MEM,Memphis Grizzlies,21500974,2016-03-12T00:00:00,MEM @ ATL,L,26.3,0.0,0.0,0.0,0.0,18.0,4.0,8.0,30.0,1.0,1.0,2.0,1.0,15.2,1,13074,13074,13074,10568,12059,10158,9917,18861,24749,8458,17194,4541,2692,17214,11390,12373,15219,1.0,26:20,2015,2016
2015-16,201988,Patty Mills,Patty,1610612759,SAS,San Antonio Spurs,21500979,2016-03-12T00:00:00,SAS vs. OKC,W,19.8,0.0,0.0,0.0,0.0,5.0,4.0,5.0,14.0,0.0,0.0,1.0,2.0,19.9,1,1,1,1,16083,12059,10158,9917,18861,8403,8458,11593,17019,8004,1,4972,7786,11824,1.0,19:48,2015,2016
2015-16,2744,Al Jefferson,Al,1610612766,CHA,Charlotte Hornets,21500975,2016-03-12T00:00:00,CHA vs. HOU,W,30.1,2.0,2.0,2.0,10.0,8.0,8.0,12.0,42.0,2.0,1.0,5.0,1.0,31.5,1,1,1,1,7496,6026,4731,4675,1840,13914,17345,22259,670,932,17214,24686,12373,5180,1.0,30:03,2015,2016
2015-16,1626164,Devin Booker,Devin,1610612756,PHX,Phoenix Suns,21500981,2016-03-12T00:00:00,PHX @ GSW,L,37.4,0.0,0.0,7.0,8.0,9.0,8.0,27.0,32.0,1.0,2.0,5.0,4.0,37.5,1,13074,13074,13074,1844,12059,10158,454,3109,15771,17345,26031,3535,2692,23588,24686,2748,3050,1.0,37:23,2015,2016
2015-16,1891,Jason Terry,Jason,1610612745,HOU,Houston Rockets,21500975,2016-03-12T00:00:00,HOU @ CHA,L,19.9,2.0,0.0,5.0,4.0,6.0,7.0,6.0,28.0,0.0,1.0,4.0,1.0,22.4,1,13074,13074,13074,16017,6026,10158,1277,8599,10028,15642,13388,5824,8004,17214,22104,12373,10131,1.0,19:52,2015,2016
2015-16,203490,Otto Porter Jr.,Otto,1610612764,WAS,Washington Wizards,21500980,2016-03-12T00:00:00,WAS @ DEN,L,32.9,7.0,8.0,11.0,12.0,20.0,5.0,5.0,24.0,0.0,2.0,5.0,5.0,39.9,1,13074,13074,13074,5236,548,137,69,988,25338,11469,11593,8723,8004,23588,24686,1539,2396,1.0,32:52,2015,2016
2015-16,202335,Patrick Patterson,Patrick,1610612761,TOR,Toronto Raptors,21500977,2016-03-12T00:00:00,TOR vs. MIA,W,36.8,3.0,3.0,3.0,0.0,8.0,9.0,15.0,22.0,0.0,0.0,2.0,1.0,17.7,1,1,1,1,2204,4307,3104,3302,18861,13914,19144,24242,10265,8004,1,11390,12373,13380,1.0,36:49,2015,2016
2015-16,200794,Paul Millsap,Paul,1610612737,ATL,Atlanta Hawks,21500974,2016-03-12T00:00:00,ATL vs. MEM,W,32.6,10.0,0.0,2.0,14.0,2.0,12.0,2.0,24.0,1.0,2.0,2.0,5.0,39.9,1,1,1,1,5408,99,10158,4675,542,2619,22832,4025,8723,2692,23588,11390,1539,2396,1.0,32:37,2015,2016
2015-16,202329,Al-Farouq Aminu,Al-Farouq,1610612757,POR,Portland Trail Blazers,21500982,2016-03-12T00:00:00,POR vs. ORL,W,23.3,2.0,2.0,0.0,2.0,9.0,2.0,2.0,16.0,1.0,1.0,2.0,2.0,28.4,1,1,1,1,13136,6026,4731,9917,12984,15771,3734,4025,15259,2692,17214,11390,7786,6663,1.0,23:16,2015,2016
2015-16,201609,Goran Dragic,Goran,1610612748,MIA,Miami Heat,21500977,2016-03-12T00:00:00,MIA @ TOR,L,41.3,4.0,0.0,4.0,6.0,13.0,7.0,20.0,24.0,0.0,3.0,4.0,2.0,31.9,1,13074,13074,13074,427,2460,10158,1913,5299,21300,15642,25599,8723,8004,25441,22104,7786,4984,1.0,41:19,2015,2016
2015-16,2743,Kris Humphries,Kris,1610612737,ATL,Atlanta Hawks,21500974,2016-03-12T00:00:00,ATL vs. MEM,W,15.0,3.0,0.0,0.0,0.0,4.0,6.0,0.0,6.0,0.0,1.0,3.0,2.0,17.7,1,1,1,1,19763,4307,10158,9917,18861,6141,13237,1,22724,8004,17214,17641,7786,13380,1.0,14:59,2015,2016
2015-16,203932,Aaron Gordon,Aaron,1610612753,ORL,Orlando Magic,21500982,2016-03-12T00:00:00,ORL @ POR,L,32.7,5.0,3.0,2.0,8.0,23.0,6.0,7.0,36.0,1.0,1.0,2.0,6.0,33.3,1,13074,13074,13074,5349,1603,3104,4675,3109,25803,13237,15538,1943,2692,17214,11390,873,4423,1.0,32:41,2015,2016
2015-16,203095,Evan Fournier,Evan,1610612753,ORL,Orlando Magic,21500982,2016-03-12T00:00:00,ORL @ POR,L,26.4,2.0,3.0,0.0,8.0,21.0,6.0,2.0,22.0,0.0,0.0,1.0,3.0,17.8,1,13074,13074,13074,10529,6026,3104,9917,3109,25535,13237,4025,10265,8004,1,4972,4736,13309,1.0,26:24,2015,2016
2015-16,204456,T.J. McConnell,T.J.,1610612755,PHI,Philadelphia 76ers,21500976,2016-03-12T00:00:00,PHI vs. DET,L,17.4,4.0,0.0,2.0,2.0,7.0,10.0,12.0,32.0,0.0,0.0,0.0,1.0,16.9,1,13074,13074,13074,17976,2460,10158,4675,12984,12242,20509,22259,3535,8004,1,1,12373,13911,1.0,17:23,2015,2016
2015-16,200757,Thabo Sefolosha,Thabo,1610612737,ATL,Atlanta Hawks,21500974,2016-03-12T00:00:00,ATL vs. MEM,W,25.4,5.0,2.0,5.0,8.0,6.0,10.0,3.0,24.0,2.0,0.0,2.0,2.0,33.2,1,1,1,1,11381,1603,4731,1277,3109,10028,20509,7328,8723,932,1,11390,7786,4462,1.0,25:24,2015,2016
2015-16,203484,Kentavious Caldwell-Pope,Kentavious,1610612765,DET,Detroit Pistons,21500976,2016-03-12T00:00:00,DET @ PHI,W,40.2,7.0,4.0,7.0,10.0,17.0,7.0,13.0,36.0,0.0,1.0,2.0,4.0,39.8,1,1,1,1,667,548,1596,454,1840,24337,15642,23048,1943,8004,17214,11390,2748,2422,1.0,40:14,2015,2016
2015-16,203477,Isaiah Canaan,Isaiah,1610612755,PHI,Philadelphia 76ers,21500976,2016-03-12T00:00:00,PHI vs. DET,L,32.6,3.0,3.0,7.0,2.0,16.0,12.0,20.0,46.0,0.0,1.0,2.0,4.0,27.7,1,13074,13074,13074,5432,4307,3104,454,12984,23774,22832,25599,298,8004,17214,11390,2748,7008,1.0,32:36,2015,2016
2015-16,202689,Kemba Walker,Kemba,1610612766,CHA,Charlotte Hornets,21500975,2016-03-12T00:00:00,CHA vs. HOU,W,33.2,6.0,2.0,7.0,10.0,8.0,13.0,9.0,40.0,0.0,2.0,2.0,4.0,39.0,1,1,1,1,4985,878,4731,454,1840,13914,23668,18829,983,8004,23588,11390,2748,2642,1.0,33:10,2015,2016
2015-16,1626196,Josh Richardson,Josh,1610612748,MIA,Miami Heat,21500977,2016-03-12T00:00:00,MIA @ TOR,L,26.4,0.0,0.0,0.0,2.0,6.0,10.0,9.0,18.0,0.0,1.0,5.0,1.0,17.6,1,13074,13074,13074,10503,12059,10158,9917,12984,10028,20509,18829,13577,8004,17214,24686,12373,13443,1.0,26:26,2015,2016
2015-16,203110,Draymond Green,Draymond,1610612744,GSW,Golden State Warriors,21500981,2016-03-12T00:00:00,GSW vs. PHX,W,37.1,2.0,0.0,5.0,6.0,10.0,10.0,20.0,36.0,1.0,1.0,3.0,6.0,38.8,1,1,1,1,2004,6026,10158,1277,5299,17370,20509,25599,1943,2692,17214,17641,873,2692,1.0,37:09,2015,2016
2015-16,202702,Kenneth Faried,Kenneth,1610612743,DEN,Denver Nuggets,21500980,2016-03-12T00:00:00,DEN vs. WAS,W,20.8,2.0,2.0,2.0,6.0,24.0,7.0,15.0,24.0,0.0,0.0,1.0,2.0,14.0,1,1,1,1,15197,6026,4731,4675,5299,25890,15642,24242,8723,8004,1,4972,7786,16166,1.0,20:50,2015,2016
2015-16,201581,JJ Hickson,JJ,1610612764,WAS,Washington Wizards,21500980,2016-03-12T00:00:00,WAS @ DEN,L,12.0,2.0,0.0,2.0,6.0,4.0,10.0,6.0,20.0,0.0,2.0,2.0,3.0,13.8,1,13074,13074,13074,21510,6026,10158,4675,5299,6141,20509,13388,11929,8004,23588,11390,4736,16311,1.0,12:02,2015,2016
2015-16,201977,Marcus Thornton,Marcus,1610612764,WAS,Washington Wizards,21500980,2016-03-12T00:00:00,WAS @ DEN,L,19.4,0.0,0.0,0.0,2.0,13.0,9.0,8.0,32.0,0.0,0.0,2.0,0.0,13.9,1,13074,13074,13074,16356,12059,10158,9917,12984,21300,19144,17194,3535,8004,1,11390,18762,16232,1.0,19:27,2015,2016
2015-16,203492,Ray McCallum,Ray,1610612763,MEM,Memphis Grizzlies,21500974,2016-03-12T00:00:00,MEM @ ATL,L,26.8,2.0,3.0,3.0,2.0,13.0,5.0,9.0,18.0,1.0,0.0,2.0,1.0,27.8,1,13074,13074,13074,10184,6026,3104,3302,12984,21300,11469,18829,13577,2692,1,11390,12373,6950,1.0,26:48,2015,2016
2015-16,200746,LaMarcus Aldridge,LaMarcus,1610612759,SAS,San Antonio Spurs,21500979,2016-03-12T00:00:00,SAS vs. OKC,W,37.4,5.0,2.0,3.0,10.0,11.0,8.0,11.0,34.0,1.0,1.0,2.0,5.0,39.3,1,1,1,1,1844,1603,4731,3302,1840,18886,17345,21342,2701,2692,17214,11390,1539,2563,1.0,37:23,2015,2016
2015-16,202087,Alonzo Gee,Alonzo,1610612740,NOP,New Orleans Pelicans,21500978,2016-03-12T00:00:00,NOP @ MIL,L,33.7,2.0,2.0,2.0,8.0,10.0,4.0,10.0,36.0,0.0,0.0,4.0,2.0,22.0,1,13074,13074,13074,4569,6026,4731,4675,3109,17370,8458,20169,1943,8004,1,22104,7786,10388,1.0,33:44,2015,2016
2015-16,201941,Jordan Hill,Jordan,1610612754,IND,Indiana Pacers,21500973,2016-03-12T00:00:00,IND @ DAL,W,16.9,2.0,0.0,0.0,6.0,8.0,8.0,4.0,16.0,0.0,1.0,2.0,1.0,17.1,1,1,1,1,18341,6026,10158,9917,5299,13914,17345,8806,15259,8004,17214,11390,12373,13791,1.0,16:54,2015,2016
2015-16,203115,Will Barton,Will,1610612743,DEN,Denver Nuggets,21500980,2016-03-12T00:00:00,DEN vs. WAS,W,29.9,2.0,0.0,5.0,6.0,14.0,7.0,16.0,30.0,1.0,1.0,1.0,5.0,33.0,1,1,1,1,7604,6026,10158,1277,5299,22292,15642,24641,4541,2692,17214,4972,1539,4537,1.0,29:56,2015,2016
2015-16,201952,Jeff Teague,Jeff,1610612737,ATL,Atlanta Hawks,21500974,2016-03-12T00:00:00,ATL vs. MEM,W,29.4,0.0,0.0,3.0,4.0,4.0,10.0,5.0,24.0,2.0,1.0,2.0,1.0,39.9,1,1,1,1,8087,12059,10158,3302,8599,6141,20509,11593,8723,932,17214,11390,12373,2396,1.0,29:21,2015,2016
2015-16,201589,Darrell Arthur,Darrell,1610612743,DEN,Denver Nuggets,21500980,2016-03-12T00:00:00,DEN vs. WAS,W,28.7,3.0,7.0,2.0,6.0,6.0,5.0,11.0,26.0,1.0,0.0,2.0,1.0,32.2,1,1,1,1,8600,4307,292,4675,5299,10028,11469,21342,7214,2692,1,11390,12373,4846,1.0,28:44,2015,2016
2015-16,203457,Nerlens Noel,Nerlens,1610612755,PHI,Philadelphia 76ers,21500976,2016-03-12T00:00:00,PHI vs. DET,L,37.3,2.0,1.0,0.0,4.0,13.0,12.0,19.0,46.0,1.0,1.0,2.0,4.0,32.2,1,13074,13074,13074,1897,6026,9709,9917,8599,21300,22832,25435,298,2692,17214,11390,2748,4846,1.0,37:17,2015,2016
2015-16,202328,Greg Monroe,Greg,1610612749,MIL,Milwaukee Bucks,21500978,2016-03-12T00:00:00,MIL vs. NOP,W,27.2,0.0,0.0,0.0,10.0,9.0,13.0,13.0,28.0,1.0,0.0,3.0,2.0,38.2,1,1,1,1,9851,12059,10158,9917,1840,15771,23668,23048,5824,2692,1,17641,7786,2854,1.0,27:12,2015,2016
2015-16,202322,John Wall,John,1610612764,WAS,Washington Wizards,21500980,2016-03-12T00:00:00,WAS @ DEN,L,40.6,6.0,0.0,3.0,6.0,23.0,10.0,19.0,50.0,1.0,0.0,0.0,7.0,38.5,1,13074,13074,13074,590,878,10158,3302,5299,25803,20509,25435,107,2692,1,1,469,2771,1.0,40:33,2015,2016
2015-16,203506,Victor Oladipo,Victor,1610612753,ORL,Orlando Magic,21500982,2016-03-12T00:00:00,ORL @ POR,L,23.8,4.0,0.0,4.0,6.0,15.0,6.0,5.0,26.0,1.0,1.0,2.0,0.0,28.7,1,13074,13074,13074,12744,2460,10158,1913,5299,23079,13237,11593,7214,2692,17214,11390,18762,6514,1.0,23:48,2015,2016
2015-16,202693,Markieff Morris,Markieff,1610612764,WAS,Washington Wizards,21500980,2016-03-12T00:00:00,WAS @ DEN,L,30.2,2.0,2.0,0.0,2.0,17.0,3.0,13.0,32.0,1.0,0.0,2.0,4.0,22.2,1,13074,13074,13074,7363,6026,4731,9917,12984,24337,7138,23048,3535,2692,1,11390,2748,10263,1.0,30:11,2015,2016
2015-16,203083,Andre Drummond,Andre,1610612765,DET,Detroit Pistons,21500976,2016-03-12T00:00:00,DET @ PHI,W,34.8,2.0,4.0,2.0,16.0,17.0,5.0,11.0,34.0,0.0,0.0,4.0,2.0,39.5,1,1,1,1,3720,6026,1596,4675,275,24337,11469,21342,2701,8004,1,22104,7786,2497,1.0,34:46,2015,2016
2015-16,202718,Chandler Parsons,Chandler,1610612742,DAL,Dallas Mavericks,21500973,2016-03-12T00:00:00,DAL vs. IND,L,40.8,2.0,2.0,3.0,4.0,15.0,14.0,17.0,34.0,0.0,2.0,4.0,5.0,27.5,1,13074,13074,13074,531,6026,4731,3302,8599,23079,24300,24967,2701,8004,23588,22104,1539,7137,1.0,40:47,2015,2016
2015-16,201578,Marreese Speights,Marreese,1610612744,GSW,Golden State Warriors,21500981,2016-03-12T00:00:00,GSW vs. PHX,W,17.9,2.0,4.0,3.0,10.0,0.0,8.0,16.0,14.0,1.0,0.0,2.0,4.0,44.8,1,1,1,1,17578,6026,1596,3302,1840,1,17345,24641,17019,2692,1,11390,2748,1406,1.0,17:55,2015,2016
2015-16,201939,Stephen Curry,Stephen,1610612744,GSW,Golden State Warriors,21500981,2016-03-12T00:00:00,GSW vs. PHX,W,35.0,0.0,4.0,11.0,10.0,10.0,10.0,9.0,32.0,0.0,1.0,4.0,5.0,46.6,1,1,1,1,3549,12059,1596,69,1840,17370,20509,18829,3535,8004,17214,22104,1539,1122,1.0,34:59,2015,2016
2015-16,2549,Chris Kaman,Chris,1610612757,POR,Portland Trail Blazers,21500982,2016-03-12T00:00:00,POR vs. ORL,W,7.9,0.0,0.0,0.0,2.0,0.0,4.0,1.0,2.0,0.0,0.0,1.0,0.0,7.4,1,1,1,1,23223,12059,10158,9917,12984,1,8458,3646,24614,8004,1,4972,18762,20912,1.0,7:54,2015,2016
2015-16,203914,Gary Harris,Gary,1610612743,DEN,Denver Nuggets,21500980,2016-03-12T00:00:00,DEN vs. WAS,W,31.2,4.0,0.0,8.0,14.0,28.0,11.0,18.0,40.0,1.0,0.0,2.0,0.0,29.0,1,1,1,1,6553,2460,10158,280,542,26034,21814,25228,983,2692,1,11390,18762,6346,1.0,31:12,2015,2016
2015-16,202391,Jeremy Lin,Jeremy,1610612766,CHA,Charlotte Hornets,21500975,2016-03-12T00:00:00,CHA vs. HOU,W,25.6,0.0,0.0,0.0,6.0,8.0,8.0,12.0,40.0,0.0,1.0,5.0,7.0,29.8,1,1,1,1,11208,12059,10158,9917,5299,13914,17345,22259,983,8004,17214,24686,469,5948,1.0,25:36,2015,2016
2015-16,2594,Kyle Korver,Kyle,1610612737,ATL,Atlanta Hawks,21500974,2016-03-12T00:00:00,ATL vs. MEM,W,31.2,3.0,0.0,3.0,2.0,4.0,12.0,2.0,24.0,2.0,0.0,1.0,1.0,35.3,1,1,1,1,6587,4307,10158,3302,12984,6141,22832,4025,8723,932,1,4972,12373,3719,1.0,31:10,2015,2016
2015-16,201942,DeMar DeRozan,DeMar,1610612761,TOR,Toronto Raptors,21500977,2016-03-12T00:00:00,TOR vs. MIA,W,43.2,0.0,4.0,3.0,14.0,11.0,3.0,20.0,28.0,1.0,1.0,1.0,10.0,66.5,1,1,1,1,191,12059,1596,3302,542,18886,7138,25599,5824,2692,17214,4972,76,81,1.0,43:11,2015,2016
2015-16,201171,Carl Landry,Carl,1610612755,PHI,Philadelphia 76ers,21500976,2016-03-12T00:00:00,PHI vs. DET,L,24.6,2.0,4.0,2.0,8.0,9.0,10.0,13.0,36.0,0.0,0.0,2.0,3.0,29.7,1,13074,13074,13074,12047,6026,1596,4675,3109,15771,20509,23048,1943,8004,1,11390,4736,6006,1.0,24:35,2015,2016
2015-16,202695,Kawhi Leonard,Kawhi,1610612759,SAS,San Antonio Spurs,21500979,2016-03-12T00:00:00,SAS vs. OKC,W,37.8,7.0,6.0,0.0,10.0,11.0,8.0,11.0,34.0,1.0,0.0,1.0,5.0,48.9,1,1,1,1,1581,548,481,9917,1840,18886,17345,21342,2701,2692,1,4972,1539,874,1.0,37:50,2015,2016
2015-16,202355,Hassan Whiteside,Hassan,1610612748,MIA,Miami Heat,21500977,2016-03-12T00:00:00,MIA @ TOR,L,33.0,0.0,3.0,0.0,6.0,9.0,9.0,19.0,22.0,3.0,1.0,5.0,5.0,37.2,1,13074,13074,13074,5101,12059,3104,9917,5299,15771,19144,25435,10265,347,17214,24686,1539,3130,1.0,33:02,2015,2016
2015-16,202709,Cory Joseph,Cory,1610612761,TOR,Toronto Raptors,21500977,2016-03-12T00:00:00,TOR vs. MIA,W,30.0,0.0,0.0,4.0,0.0,6.0,9.0,13.0,18.0,3.0,1.0,3.0,3.0,24.4,1,1,1,1,7544,12059,10158,1913,18861,10028,19144,23048,13577,347,17214,17641,4736,8867,1.0,30:01,2015,2016
2015-16,2207,Joe Johnson,Joe,1610612748,MIA,Miami Heat,21500977,2016-03-12T00:00:00,MIA @ TOR,L,43.5,3.0,0.0,3.0,6.0,11.0,12.0,17.0,40.0,0.0,0.0,5.0,4.0,36.3,1,13074,13074,13074,166,4307,10158,3302,5299,18886,22832,24967,983,8004,1,24686,2748,3380,1.0,43:28,2015,2016
2015-16,203459,Allen Crabbe,Allen,1610612757,POR,Portland Trail Blazers,21500982,2016-03-12T00:00:00,POR vs. ORL,W,23.8,9.0,0.0,0.0,4.0,10.0,9.0,6.0,18.0,0.0,0.0,2.0,3.0,24.5,1,1,1,1,12744,171,10158,9917,8599,17370,19144,13388,13577,8004,1,11390,4736,8801,1.0,23:48,2015,2016
2015-16,202694,Marcus Morris Sr.,Marcus,1610612765,DET,Detroit Pistons,21500976,2016-03-12T00:00:00,DET @ PHI,W,39.5,3.0,0.0,4.0,4.0,14.0,8.0,16.0,28.0,1.0,0.0,3.0,2.0,36.4,1,1,1,1,884,4307,10158,1913,8599,22292,17345,24641,5824,2692,1,17641,7786,3353,1.0,39:31,2015,2016
2015-16,202688,Brandon Knight,Brandon,1610612756,PHX,Phoenix Suns,21500981,2016-03-12T00:00:00,PHX @ GSW,L,37.5,2.0,3.0,13.0,8.0,9.0,8.0,30.0,32.0,1.0,2.0,3.0,3.0,47.7,1,13074,13074,13074,1765,6026,3104,26,3109,15771,17345,26060,3535,2692,23588,17641,4736,989,1.0,37:29,2015,2016
2015-16,101114,Deron Williams,Deron,1610612742,DAL,Dallas Mavericks,21500973,2016-03-12T00:00:00,DAL vs. IND,L,32.4,0.0,0.0,0.0,0.0,13.0,11.0,17.0,30.0,0.0,0.0,3.0,3.0,29.6,1,13074,13074,13074,5604,12059,10158,9917,18861,21300,21814,24967,4541,8004,1,17641,4736,6050,1.0,32:21,2015,2016
2015-16,1717,Dirk Nowitzki,Dirk,1610612742,DAL,Dallas Mavericks,21500973,2016-03-12T00:00:00,DAL vs. IND,L,35.3,7.0,0.0,3.0,2.0,8.0,12.0,12.0,28.0,0.0,0.0,2.0,6.0,45.0,1,13074,13074,13074,3298,548,10158,3302,12984,13914,22832,22259,5824,8004,1,11390,873,1357,1.0,35:19,2015,2016
2015-16,202704,Reggie Jackson,Reggie,1610612765,DET,Detroit Pistons,21500976,2016-03-12T00:00:00,DET @ PHI,W,30.2,0.0,2.0,3.0,10.0,9.0,5.0,11.0,22.0,0.0,0.0,4.0,4.0,43.6,1,1,1,1,7318,12059,4731,3302,1840,15771,11469,21342,10265,8004,1,22104,2748,1627,1.0,30:14,2015,2016
2015-16,201143,Al Horford,Al,1610612737,ATL,Atlanta Hawks,21500974,2016-03-12T00:00:00,ATL vs. MEM,W,30.5,2.0,2.0,0.0,14.0,6.0,12.0,5.0,34.0,4.0,0.0,2.0,1.0,43.6,1,1,1,1,7077,6026,4731,9917,542,10028,22832,11593,2701,132,1,11390,12373,1627,1.0,30:32,2015,2016
2015-16,203114,Khris Middleton,Khris,1610612749,MIL,Milwaukee Bucks,21500978,2016-03-12T00:00:00,MIL vs. NOP,W,41.0,2.0,0.0,2.0,10.0,12.0,13.0,13.0,32.0,0.0,0.0,3.0,2.0,51.0,1,1,1,1,499,6026,10158,4675,1840,20178,23668,23048,3535,8004,1,17641,7786,656,1.0,40:57,2015,2016
2015-16,2754,Tony Allen,Tony,1610612763,MEM,Memphis Grizzlies,21500974,2016-03-12T00:00:00,MEM @ ATL,L,22.7,0.0,4.0,0.0,10.0,13.0,2.0,7.0,24.0,0.0,2.0,2.0,1.0,29.8,1,13074,13074,13074,13622,12059,1596,9917,1840,21300,3734,15538,8723,8004,23588,11390,12373,5948,1.0,22:41,2015,2016
2015-16,202685,Jonas Valančiūnas,Jonas,1610612761,TOR,Toronto Raptors,21500977,2016-03-12T00:00:00,TOR vs. MIA,W,32.4,2.0,2.0,0.0,12.0,9.0,2.0,13.0,24.0,1.0,2.0,3.0,6.0,35.5,1,1,1,1,5571,6026,4731,9917,988,15771,3734,23048,8723,2692,23588,17641,873,3657,1.0,32:25,2015,2016
2015-16,202362,Lance Stephenson,Lance,1610612763,MEM,Memphis Grizzlies,21500974,2016-03-12T00:00:00,MEM @ ATL,L,30.0,4.0,2.0,0.0,12.0,17.0,7.0,11.0,22.0,0.0,1.0,1.0,3.0,35.6,1,13074,13074,13074,7571,2460,4731,9917,988,24337,15642,21342,10265,8004,17214,4972,4736,3615,1.0,29:58,2015,2016
2015-16,2199,Tyson Chandler,Tyson,1610612756,PHX,Phoenix Suns,21500981,2016-03-12T00:00:00,PHX @ GSW,L,29.8,2.0,2.0,0.0,10.0,7.0,6.0,24.0,20.0,1.0,1.0,2.0,5.0,37.4,1,13074,13074,13074,7760,6026,4731,9917,1840,12242,13237,25937,11929,2692,17214,11390,1539,3073,1.0,29:45,2015,2016
2015-16,201142,Kevin Durant,Kevin,1610612760,OKC,Oklahoma City Thunder,21500979,2016-03-12T00:00:00,OKC @ SAS,L,37.2,4.0,4.0,4.0,12.0,17.0,12.0,4.0,24.0,1.0,1.0,4.0,4.0,47.8,1,13074,13074,13074,1950,2460,1596,1913,988,24337,22832,8806,8723,2692,17214,22104,2748,979,1.0,37:13,2015,2016
2015-16,201935,James Harden,James,1610612745,HOU,Houston Rockets,21500975,2016-03-12T00:00:00,HOU @ CHA,L,33.7,2.0,0.0,1.0,2.0,12.0,13.0,11.0,32.0,0.0,1.0,3.0,5.0,35.6,1,13074,13074,13074,4594,6026,10158,9347,12984,20178,23668,21342,3535,8004,17214,17641,1539,3615,1.0,33:42,2015,2016
2015-16,203076,Anthony Davis,Anthony,1610612740,NOP,New Orleans Pelicans,21500978,2016-03-12T00:00:00,NOP @ MIL,L,33.6,8.0,5.0,8.0,8.0,16.0,6.0,12.0,44.0,0.0,2.0,1.0,6.0,50.2,1,13074,13074,13074,4664,308,995,280,3109,23774,13237,22259,454,8004,23588,4972,873,733,1.0,33:37,2015,2016
2015-16,1882,Elton Brand,Elton,1610612755,PHI,Philadelphia 76ers,21500976,2016-03-12T00:00:00,PHI vs. DET,L,14.8,6.0,0.0,2.0,8.0,5.0,2.0,8.0,16.0,1.0,0.0,1.0,2.0,29.1,1,13074,13074,13074,19872,878,10158,4675,3109,8403,3734,17194,15259,2692,1,4972,7786,6285,1.0,14:50,2015,2016
2015-16,203937,Kyle Anderson,Kyle,1610612759,SAS,San Antonio Spurs,21500979,2016-03-12T00:00:00,SAS vs. OKC,W,9.3,2.0,0.0,2.0,2.0,2.0,6.0,0.0,10.0,0.0,1.0,0.0,0.0,7.4,1,1,1,1,22703,6026,10158,4675,12984,2619,13237,1,20209,8004,17214,1,18762,20912,1.0,9:19,2015,2016
2015-16,201586,Serge Ibaka,Serge,1610612760,OKC,Oklahoma City Thunder,21500979,2016-03-12T00:00:00,OKC @ SAS,L,37.2,0.0,0.0,2.0,0.0,14.0,15.0,5.0,26.0,0.0,0.0,3.0,1.0,29.4,1,13074,13074,13074,1995,12059,10158,4675,18861,22292,24781,11593,7214,8004,1,17641,12373,6143,1.0,37:09,2015,2016
2015-16,2403,Nene,ene,1610612764,WAS,Washington Wizards,21500980,2016-03-12T00:00:00,WAS @ DEN,L,25.5,0.0,0.0,0.0,4.0,22.0,0.0,13.0,26.0,1.0,2.0,3.0,3.0,24.6,1,13074,13074,13074,11337,12059,10158,9917,8599,25683,1,23048,7214,2692,23588,17641,4736,8724,1.0,25:27,2015,2016
2015-16,202699,Tobias Harris,Tobias,1610612765,DET,Detroit Pistons,21500976,2016-03-12T00:00:00,DET @ PHI,W,33.0,2.0,2.0,2.0,6.0,17.0,5.0,11.0,34.0,0.0,0.0,3.0,2.0,29.1,1,1,1,1,5137,6026,4731,4675,5299,24337,11469,21342,2701,8004,1,17641,7786,6285,1.0,32:59,2015,2016
2015-16,1626253,Axel Toupane,Axel,1610612743,DEN,Denver Nuggets,21500980,2016-03-12T00:00:00,DEN vs. WAS,W,19.1,2.0,0.0,2.0,0.0,6.0,5.0,8.0,12.0,2.0,0.0,4.0,2.0,24.5,1,1,1,1,16654,6026,10158,4675,18861,10028,11469,17194,18637,932,1,22104,7786,8801,1.0,19:03,2015,2016
2015-16,202331,Paul George,Paul,1610612754,IND,Indiana Pacers,21500973,2016-03-12T00:00:00,IND @ DAL,W,36.5,2.0,8.0,2.0,6.0,12.0,2.0,17.0,30.0,0.0,0.0,1.0,4.0,46.0,1,1,1,1,2387,6026,137,4675,5299,20178,3734,24967,4541,8004,1,4972,2748,1198,1.0,36:31,2015,2016
2015-16,201228,C.J. Watson,C.J.,1610612753,ORL,Orlando Magic,21500982,2016-03-12T00:00:00,ORL @ POR,L,24.1,3.0,0.0,0.0,2.0,19.0,6.0,5.0,22.0,1.0,1.0,1.0,1.0,11.4,1,13074,13074,13074,12508,4307,10158,9917,12984,25074,13237,11593,10265,2692,17214,4972,12373,18134,1.0,24:03,2015,2016
2015-16,200768,Kyle Lowry,Kyle,1610612761,TOR,Toronto Raptors,21500977,2016-03-12T00:00:00,TOR vs. MIA,W,44.6,4.0,3.0,2.0,0.0,7.0,7.0,16.0,28.0,0.0,1.0,5.0,4.0,29.4,1,1,1,1,97,2460,3104,4675,18861,12242,15642,24641,5824,8004,17214,24686,2748,6143,1.0,44:35,2015,2016
2015-16,201573,Jerryd Bayless,Jerryd,1610612749,MIL,Milwaukee Bucks,21500978,2016-03-12T00:00:00,MIL vs. NOP,W,39.6,2.0,2.0,2.0,6.0,11.0,13.0,13.0,36.0,1.0,0.0,1.0,0.0,36.8,1,1,1,1,836,6026,4731,4675,5299,18886,23668,23048,1943,2692,1,4972,18762,3241,1.0,39:38,2015,2016
2015-16,1627293,Alex Stepheson,Alex,1610612763,MEM,Memphis Grizzlies,21500974,2016-03-12T00:00:00,MEM @ ATL,L,18.6,0.0,2.0,0.0,2.0,6.0,3.0,7.0,8.0,2.0,1.0,0.0,1.0,23.2,1,13074,13074,13074,17007,12059,4731,9917,12984,10028,7138,15538,21543,932,17214,1,12373,9630,1.0,18:37,2015,2016
2015-16,202337,Luke Babbitt,Luke,1610612740,NOP,New Orleans Pelicans,21500978,2016-03-12T00:00:00,NOP @ MIL,L,37.8,0.0,4.0,0.0,10.0,15.0,4.0,10.0,46.0,0.0,2.0,3.0,1.0,34.3,1,13074,13074,13074,1629,12059,1596,9917,1840,23079,8458,20169,298,8004,23588,17641,12373,4063,1.0,37:45,2015,2016
2015-16,101141,Ersan Ilyasova,Ersan,1610612753,ORL,Orlando Magic,21500982,2016-03-12T00:00:00,ORL @ POR,L,28.7,0.0,4.0,0.0,2.0,14.0,10.0,7.0,34.0,0.0,0.0,3.0,4.0,14.3,1,13074,13074,13074,8612,12059,1596,9917,12984,22292,20509,15538,2701,8004,1,17641,2748,15948,1.0,28:44,2015,2016
2015-16,203086,Meyers Leonard,Meyers,1610612757,POR,Portland Trail Blazers,21500982,2016-03-12T00:00:00,POR vs. ORL,W,21.3,0.0,0.0,2.0,4.0,12.0,8.0,6.0,14.0,0.0,1.0,2.0,0.0,25.0,1,1,1,1,14763,12059,10158,4675,8599,20178,17345,13388,17019,8004,17214,11390,18762,8485,1.0,21:19,2015,2016
2015-16,201967,Dante Cunningham,Dante,1610612740,NOP,New Orleans Pelicans,21500978,2016-03-12T00:00:00,NOP @ MIL,L,29.9,2.0,0.0,2.0,4.0,9.0,4.0,12.0,34.0,1.0,0.0,2.0,0.0,14.6,1,13074,13074,13074,7635,6026,10158,4675,8599,15771,8458,22259,2701,2692,1,11390,18762,15699,1.0,29:53,2015,2016
2015-16,200826,J.J. Barea,J.J.,1610612742,DAL,Dallas Mavericks,21500973,2016-03-12T00:00:00,DAL vs. IND,L,23.7,0.0,0.0,4.0,10.0,6.0,7.0,2.0,18.0,0.0,1.0,0.0,1.0,19.1,1,13074,13074,13074,12803,12059,10158,1913,1840,10028,15642,4025,13577,8004,17214,1,12373,12372,1.0,23:43,2015,2016
2015-16,201978,Chase Budinger,Chase,1610612756,PHX,Phoenix Suns,21500981,2016-03-12T00:00:00,PHX @ GSW,L,12.4,0.0,5.0,2.0,2.0,2.0,4.0,12.0,14.0,0.0,0.0,4.0,1.0,10.1,1,13074,13074,13074,21355,12059,995,4675,12984,2619,8458,22259,17019,8004,1,22104,12373,19105,1.0,12:22,2015,2016
2015-16,203486,Mason Plumlee,Mason,1610612757,POR,Portland Trail Blazers,21500982,2016-03-12T00:00:00,POR vs. ORL,W,26.7,3.0,2.0,2.0,8.0,10.0,6.0,2.0,20.0,0.0,0.0,4.0,3.0,25.7,1,1,1,1,10300,4307,4731,4675,3109,17370,13237,4025,11929,8004,1,22104,4736,8088,1.0,26:40,2015,2016
2015-16,201571,D.J. Augustin,D.J.,1610612743,DEN,Denver Nuggets,21500980,2016-03-12T00:00:00,DEN vs. WAS,W,30.7,9.0,0.0,0.0,8.0,12.0,7.0,15.0,32.0,0.0,0.0,1.0,5.0,34.4,1,1,1,1,6938,171,10158,9917,3109,20178,15642,24242,3535,8004,1,4972,1539,4029,1.0,30:43,2015,2016
2015-16,2730,Dwight Howard,Dwight,1610612745,HOU,Houston Rockets,21500975,2016-03-12T00:00:00,HOU @ CHA,L,33.9,0.0,8.0,2.0,14.0,14.0,16.0,13.0,40.0,0.0,0.0,2.0,3.0,33.6,1,13074,13074,13074,4425,12059,137,4675,542,22292,25155,23048,983,8004,1,11390,4736,4305,1.0,33:54,2015,2016
2015-16,101106,Andrew Bogut,Andrew,1610612744,GSW,Golden State Warriors,21500981,2016-03-12T00:00:00,GSW vs. PHX,W,19.7,0.0,0.0,0.0,4.0,8.0,5.0,8.0,22.0,4.0,0.0,2.0,1.0,23.5,1,1,1,1,16189,12059,10158,9917,8599,13914,11469,17194,10265,132,1,11390,12373,9452,1.0,19:39,2015,2016
2015-16,203960,JaKarr Sampson,JaKarr,1610612743,DEN,Denver Nuggets,21500980,2016-03-12T00:00:00,DEN vs. WAS,W,13.6,0.0,0.0,0.0,0.0,16.0,7.0,6.0,14.0,1.0,0.0,3.0,3.0,9.9,1,1,1,1,20637,12059,10158,9917,18861,23774,15642,13388,17019,2692,1,17641,4736,19247,1.0,13:36,2015,2016
2015-16,203462,Archie Goodwin,Archie,1610612756,PHX,Phoenix Suns,21500981,2016-03-12T00:00:00,PHX @ GSW,L,7.8,3.0,0.0,0.0,4.0,4.0,0.0,2.0,4.0,0.0,1.0,1.0,2.0,14.6,1,13074,13074,13074,23273,4307,10158,9917,8599,6141,1,4025,23698,8004,17214,4972,7786,15699,1.0,7:48,2015,2016
2015-16,203145,Kent Bazemore,Kent,1610612737,ATL,Atlanta Hawks,21500974,2016-03-12T00:00:00,ATL vs. MEM,W,28.2,0.0,0.0,0.0,0.0,4.0,14.0,2.0,24.0,1.0,1.0,0.0,1.0,19.5,1,1,1,1,9089,12059,10158,9917,18861,6141,24300,4025,8723,2692,17214,1,12373,12096,1.0,28:11,2015,2016
2015-16,2225,Tony Parker,Tony,1610612759,SAS,San Antonio Spurs,21500979,2016-03-12T00:00:00,SAS vs. OKC,W,28.2,0.0,1.0,0.0,0.0,8.0,8.0,6.0,26.0,0.0,0.0,0.0,3.0,10.4,1,1,1,1,9072,12059,9709,9917,18861,13914,17345,13388,7214,8004,1,1,4736,18859,1.0,28:13,2015,2016
2015-16,203909,KJ McDaniels,KJ,1610612745,HOU,Houston Rockets,21500975,2016-03-12T00:00:00,HOU @ CHA,L,13.8,2.0,5.0,2.0,0.0,0.0,3.0,2.0,10.0,0.0,0.0,2.0,1.0,10.1,1,13074,13074,13074,20533,6026,995,4675,18861,1,7138,4025,20209,8004,1,11390,12373,19105,1.0,13:47,2015,2016
2015-16,1627362,Briante Weber,Briante,1610612763,MEM,Memphis Grizzlies,21500974,2016-03-12T00:00:00,MEM @ ATL,L,31.6,0.0,2.0,0.0,0.0,13.0,2.0,9.0,30.0,1.0,0.0,1.0,1.0,23.3,1,13074,13074,13074,6268,12059,4731,9917,18861,21300,3734,18829,4541,2692,1,4972,12373,9567,1.0,31:33,2015,2016
2015-16,1626209,Mario Hezonja,Mario,1610612753,ORL,Orlando Magic,21500982,2016-03-12T00:00:00,ORL @ POR,L,26.5,3.0,0.0,3.0,2.0,11.0,4.0,7.0,30.0,0.0,0.0,2.0,1.0,23.5,1,13074,13074,13074,10439,4307,10158,3302,12984,18886,8458,15538,4541,8004,1,11390,12373,9452,1.0,26:31,2015,2016
2015-16,202691,Klay Thompson,Klay,1610612744,GSW,Golden State Warriors,21500981,2016-03-12T00:00:00,GSW vs. PHX,W,37.3,2.0,0.0,6.0,0.0,13.0,9.0,23.0,38.0,0.0,1.0,4.0,5.0,34.7,1,1,1,1,1897,6026,10158,740,18861,21300,19144,25880,1422,8004,17214,22104,1539,3935,1.0,37:17,2015,2016
2015-16,202066,Garrett Temple,Garrett,1610612764,WAS,Washington Wizards,21500980,2016-03-12T00:00:00,WAS @ DEN,L,34.1,7.0,2.0,6.0,4.0,21.0,8.0,19.0,42.0,0.0,0.0,6.0,4.0,19.0,1,13074,13074,13074,4278,548,4731,740,8599,25535,17345,25435,670,8004,1,25827,2748,12440,1.0,34:06,2015,2016
2015-16,203473,Dewayne Dedmon,Dewayne,1610612753,ORL,Orlando Magic,21500982,2016-03-12T00:00:00,ORL @ POR,L,15.4,0.0,0.0,0.0,2.0,7.0,2.0,0.0,10.0,1.0,0.0,1.0,0.0,14.6,1,13074,13074,13074,19514,12059,10158,9917,12984,12242,3734,1,20209,2692,1,4972,18762,15699,1.0,15:21,2015,2016
2015-16,101135,David Lee,David,1610612742,DAL,Dallas Mavericks,21500973,2016-03-12T00:00:00,DAL vs. IND,L,19.2,2.0,4.0,4.0,8.0,9.0,6.0,7.0,14.0,1.0,0.0,4.0,0.0,23.1,1,13074,13074,13074,16555,6026,1596,1913,3109,15771,13237,15538,17019,2692,1,22104,18762,9699,1.0,19:11,2015,2016
2015-16,203084,Harrison Barnes,Harrison,1610612744,GSW,Golden State Warriors,21500981,2016-03-12T00:00:00,GSW vs. PHX,W,35.1,4.0,0.0,2.0,6.0,10.0,10.0,16.0,32.0,0.0,0.0,5.0,2.0,23.8,1,1,1,1,3482,2460,10158,4675,5299,17370,20509,24641,3535,8004,1,24686,7786,9261,1.0,35:05,2015,2016
2015-16,1495,Tim Duncan,Tim,1610612759,SAS,San Antonio Spurs,21500979,2016-03-12T00:00:00,SAS vs. OKC,W,22.5,2.0,5.0,0.0,6.0,8.0,8.0,6.0,22.0,0.0,0.0,3.0,3.0,25.7,1,1,1,1,13769,6026,995,9917,5299,13914,17345,13388,10265,8004,1,17641,4736,8088,1.0,22:30,2015,2016
2015-16,203524,Solomon Hill,Solomon,1610612754,IND,Indiana Pacers,21500973,2016-03-12T00:00:00,IND @ DAL,W,20.8,4.0,4.0,2.0,6.0,14.0,4.0,15.0,16.0,0.0,0.0,2.0,1.0,19.4,1,1,1,1,15245,2460,1596,4675,5299,22292,8458,24242,15259,8004,1,11390,12373,12154,1.0,20:47,2015,2016
2015-16,2733,Shaun Livingston,Shaun,1610612744,GSW,Golden State Warriors,21500981,2016-03-12T00:00:00,GSW vs. PHX,W,21.4,3.0,0.0,3.0,4.0,2.0,8.0,13.0,14.0,1.0,0.0,1.0,2.0,25.6,1,1,1,1,14657,4307,10158,3302,8599,2619,17345,23048,17019,2692,1,4972,7786,8157,1.0,21:26,2015,2016
2015-16,203530,Joffrey Lauvergne,Joffrey,1610612743,DEN,Denver Nuggets,21500980,2016-03-12T00:00:00,DEN vs. WAS,W,9.2,0.0,0.0,0.0,2.0,10.0,0.0,11.0,18.0,0.0,0.0,2.0,0.0,10.0,1,1,1,1,22759,12059,10158,9917,12984,17370,1,21342,13577,8004,1,11390,18762,19178,1.0,9:12,2015,2016
2015-16,201566,Russell Westbrook,Russell,1610612760,OKC,Oklahoma City Thunder,21500979,2016-03-12T00:00:00,OKC @ SAS,L,38.2,2.0,0.0,2.0,8.0,16.0,17.0,5.0,30.0,0.0,1.0,3.0,6.0,33.7,1,13074,13074,13074,1409,6026,10158,4675,3109,23774,25429,11593,4541,8004,17214,17641,873,4280,1.0,38:14,2015,2016
2015-16,101133,Ian Mahinmi,Ian,1610612754,IND,Indiana Pacers,21500973,2016-03-12T00:00:00,IND @ DAL,W,30.6,0.0,0.0,2.0,6.0,12.0,0.0,17.0,24.0,2.0,0.0,5.0,3.0,23.1,1,1,1,1,7056,12059,10158,4675,5299,20178,1,24967,8723,932,1,24686,4736,9699,1.0,30:33,2015,2016
2015-16,201588,George Hill,George,1610612754,IND,Indiana Pacers,21500973,2016-03-12T00:00:00,IND @ DAL,W,36.2,0.0,0.0,6.0,0.0,15.0,6.0,18.0,34.0,0.0,0.0,3.0,2.0,25.1,1,1,1,1,2636,12059,10158,740,18861,23079,13237,25228,2701,8004,1,17641,7786,8429,1.0,36:09,2015,2016
2015-16,202083,Wesley Matthews,Wesley,1610612742,DAL,Dallas Mavericks,21500973,2016-03-12T00:00:00,DAL vs. IND,L,35.8,5.0,0.0,3.0,6.0,13.0,11.0,17.0,34.0,0.0,1.0,1.0,4.0,34.0,1,13074,13074,13074,2868,1603,10158,3302,5299,21300,21814,24967,2701,8004,17214,4972,2748,4162,1.0,35:50,2015,2016
2015-16,101107,Marvin Williams,Marvin,1610612766,CHA,Charlotte Hornets,21500975,2016-03-12T00:00:00,CHA vs. HOU,W,27.4,4.0,6.0,2.0,10.0,8.0,17.0,9.0,40.0,0.0,0.0,2.0,3.0,34.8,1,1,1,1,9695,2460,481,4675,1840,13914,25429,18829,983,8004,1,11390,4736,3891,1.0,27:24,2015,2016
2015-16,203081,Damian Lillard,Damian,1610612757,POR,Portland Trail Blazers,21500982,2016-03-12T00:00:00,POR vs. ORL,W,29.8,4.0,0.0,0.0,4.0,11.0,6.0,4.0,22.0,0.0,1.0,1.0,6.0,34.8,1,1,1,1,7738,2460,10158,9917,8599,18886,13237,8806,10265,8004,17214,4972,873,3891,1.0,29:47,2015,2016
2015-16,1626167,Myles Turner,Myles,1610612754,IND,Indiana Pacers,21500973,2016-03-12T00:00:00,IND @ DAL,W,19.3,2.0,4.0,0.0,4.0,6.0,0.0,4.0,14.0,1.0,0.0,3.0,3.0,25.4,1,1,1,1,16442,6026,1596,9917,8599,10028,1,8806,17019,2692,1,17641,4736,8273,1.0,19:19,2015,2016
2015-16,202687,Bismack Biyombo,Bismack,1610612761,TOR,Toronto Raptors,21500977,2016-03-12T00:00:00,TOR vs. MIA,W,20.5,0.0,0.0,1.0,0.0,2.0,7.0,7.0,10.0,2.0,0.0,2.0,4.0,14.8,1,1,1,1,15447,12059,10158,9347,18861,2619,15642,15538,20209,932,1,11390,2748,15561,1.0,20:32,2015,2016
2015-16,203469,Cody Zeller,Cody,1610612766,CHA,Charlotte Hornets,21500975,2016-03-12T00:00:00,CHA vs. HOU,W,15.2,2.0,2.0,0.0,6.0,4.0,11.0,4.0,22.0,0.0,0.0,3.0,1.0,14.3,1,1,1,1,19627,6026,4731,9917,5299,6141,21814,8806,10265,8004,1,17641,12373,15948,1.0,15:11,2015,2016
2015-16,201162,Jared Dudley,Jared,1610612764,WAS,Washington Wizards,21500980,2016-03-12T00:00:00,WAS @ DEN,L,17.8,2.0,0.0,0.0,4.0,11.0,9.0,6.0,24.0,0.0,0.0,3.0,1.0,14.6,1,13074,13074,13074,17652,6026,10158,9917,8599,18886,19144,13388,8723,8004,1,17641,12373,15699,1.0,17:49,2015,2016
2015-16,2736,Luol Deng,Luol,1610612748,MIA,Miami Heat,21500977,2016-03-12T00:00:00,MIA @ TOR,L,36.8,2.0,0.0,9.0,8.0,13.0,2.0,20.0,22.0,1.0,1.0,4.0,4.0,33.5,1,13074,13074,13074,2201,6026,10158,184,3109,21300,3734,25599,10265,2692,17214,22104,2748,4348,1.0,36:50,2015,2016
2015-16,203087,Jeremy Lamb,Jeremy,1610612766,CHA,Charlotte Hornets,21500975,2016-03-12T00:00:00,CHA vs. HOU,W,7.8,0.0,0.0,0.0,2.0,4.0,4.0,7.0,12.0,2.0,0.0,1.0,0.0,11.2,1,1,1,1,23273,12059,10158,9917,12984,6141,8458,15538,18637,932,1,4972,18762,18267,1.0,7:48,2015,2016
2015-16,203090,Maurice Harkless,Maurice,1610612757,POR,Portland Trail Blazers,21500982,2016-03-12T00:00:00,POR vs. ORL,W,7.9,0.0,0.0,2.0,2.0,0.0,4.0,1.0,2.0,0.0,0.0,2.0,0.0,6.4,1,1,1,1,23223,12059,10158,4675,12984,1,8458,3646,24614,8004,1,11390,18762,21589,1.0,7:54,2015,2016
2015-16,203943,Noah Vonleh,Noah,1610612757,POR,Portland Trail Blazers,21500982,2016-03-12T00:00:00,POR vs. ORL,W,20.9,0.0,2.0,0.0,4.0,7.0,3.0,3.0,14.0,1.0,1.0,3.0,0.0,11.0,1,1,1,1,15140,12059,4731,9917,8599,12242,7138,7328,17019,2692,17214,17641,18762,18430,1.0,20:54,2015,2016
2015-16,200751,Randy Foye,Randy,1610612760,OKC,Oklahoma City Thunder,21500979,2016-03-12T00:00:00,OKC @ SAS,L,15.5,2.0,0.0,0.0,2.0,17.0,11.0,5.0,16.0,0.0,0.0,1.0,1.0,11.3,1,13074,13074,13074,19444,6026,10158,9917,12984,24337,21814,11593,15259,8004,1,4972,12373,18230,1.0,15:28,2015,2016
2015-16,202700,Donatas Motiejunas,Donatas,1610612745,HOU,Houston Rockets,21500975,2016-03-12T00:00:00,HOU @ CHA,L,5.0,0.0,2.0,0.0,4.0,2.0,4.0,0.0,6.0,0.0,0.0,0.0,0.0,6.4,1,13074,13074,13074,24378,12059,4731,9917,8599,2619,8458,1,22724,8004,1,1,18762,21589,1.0,4:58,2015,2016
2015-16,203906,Devyn Marble,Devyn,1610612753,ORL,Orlando Magic,21500982,2016-03-12T00:00:00,ORL @ POR,L,19.3,0.0,1.0,0.0,2.0,5.0,4.0,4.0,22.0,0.0,0.0,1.0,1.0,11.4,1,13074,13074,13074,16469,12059,9709,9917,12984,8403,8458,8806,10265,8004,1,4972,12373,18134,1.0,19:17,2015,2016
2015-16,1626163,Frank Kaminsky,Frank,1610612766,CHA,Charlotte Hornets,21500975,2016-03-12T00:00:00,CHA vs. HOU,W,20.6,2.0,0.0,2.0,2.0,8.0,4.0,11.0,30.0,0.0,0.0,4.0,0.0,5.9,1,1,1,1,15386,6026,10158,4675,12984,13914,8458,21342,4541,8004,1,22104,18762,21953,1.0,20:36,2015,2016
2015-16,201603,Sonny Weems,Sonny,1610612755,PHI,Philadelphia 76ers,21500976,2016-03-12T00:00:00,PHI vs. DET,L,7.8,0.0,0.0,0.0,0.0,0.0,4.0,3.0,8.0,0.0,1.0,2.0,0.0,5.8,1,13074,13074,13074,23273,12059,10158,9917,18861,1,8458,7328,21543,8004,17214,11390,18762,22018,1.0,7:48,2015,2016
2015-16,101109,Raymond Felton,Raymond,1610612742,DAL,Dallas Mavericks,21500973,2016-03-12T00:00:00,DAL vs. IND,L,18.1,0.0,0.0,0.0,4.0,9.0,9.0,7.0,10.0,0.0,1.0,4.0,1.0,5.7,1,13074,13074,13074,17425,12059,10158,9917,8599,15771,19144,15538,20209,8004,17214,22104,12373,22054,1.0,18:07,2015,2016
2015-16,200797,Ryan Hollins,Ryan,1610612763,MEM,Memphis Grizzlies,21500974,2016-03-12T00:00:00,MEM @ ATL,L,19.9,0.0,0.0,0.0,2.0,5.0,0.0,2.0,22.0,0.0,0.0,1.0,2.0,6.3,1,13074,13074,13074,16030,12059,10158,9917,12984,8403,1,4025,10265,8004,1,4972,7786,21682,1.0,19:51,2015,2016
2015-16,2550,Kirk Hinrich,Kirk,1610612737,ATL,Atlanta Hawks,21500974,2016-03-12T00:00:00,ATL vs. MEM,W,15.4,0.0,0.0,0.0,0.0,2.0,8.0,0.0,14.0,0.0,0.0,0.0,0.0,11.1,1,1,1,1,19485,12059,10158,9917,18861,2619,17345,1,17019,8004,1,1,18762,18370,1.0,15:23,2015,2016
2015-16,2581,Steve Blake,Steve,1610612765,DET,Detroit Pistons,21500976,2016-03-12T00:00:00,DET @ PHI,W,17.8,0.0,0.0,0.0,4.0,13.0,3.0,7.0,18.0,0.0,0.0,3.0,0.0,11.0,1,1,1,1,17694,12059,10158,9917,8599,21300,7138,15538,13577,8004,1,17641,18762,18430,1.0,17:46,2015,2016
2015-16,202713,Kyle Singler,Kyle,1610612760,OKC,Oklahoma City Thunder,21500979,2016-03-12T00:00:00,OKC @ SAS,L,18.8,0.0,0.0,0.0,0.0,13.0,9.0,5.0,12.0,0.0,0.0,3.0,0.0,1.4,1,13074,13074,13074,16860,12059,10158,9917,18861,21300,19144,11593,18637,8004,1,17641,18762,24615,1.0,18:49,2015,2016
2015-16,203210,JaMychal Green,JaMychal,1610612763,MEM,Memphis Grizzlies,21500974,2016-03-12T00:00:00,MEM @ ATL,L,24.4,0.0,2.0,0.0,2.0,15.0,4.0,5.0,28.0,0.0,4.0,3.0,0.0,10.6,1,13074,13074,13074,12241,12059,4731,9917,12984,23079,8458,11593,5824,8004,25926,17641,18762,18723,1.0,24:22,2015,2016
2015-16,201160,Jason Smith,Jason,1610612753,ORL,Orlando Magic,21500982,2016-03-12T00:00:00,ORL @ POR,L,11.3,2.0,0.0,0.0,0.0,8.0,0.0,2.0,8.0,0.0,0.0,3.0,2.0,6.2,1,13074,13074,13074,21894,6026,10158,9917,18861,13914,1,4025,21543,8004,1,17641,7786,21696,1.0,11:20,2015,2016
2015-16,203111,Orlando Johnson,Orlando,1610612740,NOP,New Orleans Pelicans,21500978,2016-03-12T00:00:00,NOP @ MIL,L,5.2,0.0,0.0,0.0,0.0,2.0,0.0,0.0,6.0,0.0,0.0,0.0,0.0,1.5,1,13074,13074,13074,24305,12059,10158,9917,18861,2619,1,1,22724,8004,1,1,18762,24473,1.0,5:10,2015,2016
2015-16,203101,Miles Plumlee,Miles,1610612749,MIL,Milwaukee Bucks,21500978,2016-03-12T00:00:00,MIL vs. NOP,W,20.8,0.0,0.0,0.0,4.0,3.0,2.0,2.0,16.0,2.0,1.0,2.0,0.0,21.3,1,1,1,1,15223,12059,10158,9917,8599,5109,3734,4025,15259,932,17214,11390,18762,10880,1.0,20:48,2015,2016
2015-16,203268,Jorge Gutierrez,Jorge,1610612766,CHA,Charlotte Hornets,21500975,2016-03-12T00:00:00,CHA vs. HOU,W,2.8,0.0,0.0,0.0,0.0,4.0,2.0,4.0,6.0,0.0,0.0,0.0,0.0,2.7,1,1,1,1,25211,12059,10158,9917,18861,6141,3734,8806,22724,8004,1,1,18762,23884,1.0,2:46,2015,2016
2015-16,203468,CJ McCollum,CJ,1610612757,POR,Portland Trail Blazers,21500982,2016-03-12T00:00:00,POR vs. ORL,W,29.0,5.0,2.0,0.0,10.0,17.0,3.0,6.0,20.0,0.0,0.0,0.0,0.0,20.7,1,1,1,1,8346,1603,4731,9917,1840,24337,7138,13388,11929,8004,1,1,18762,11252,1.0,29:02,2015,2016
2015-16,2561,David West,David,1610612759,SAS,San Antonio Spurs,21500979,2016-03-12T00:00:00,SAS vs. OKC,W,26.4,4.0,4.0,0.0,4.0,5.0,4.0,5.0,18.0,1.0,0.0,3.0,0.0,18.4,1,1,1,1,10540,2460,1596,9917,8599,8403,8458,11593,13577,2692,1,17641,18762,12854,1.0,26:23,2015,2016
2015-16,203493,Reggie Bullock Jr.,Reggie,1610612765,DET,Detroit Pistons,21500976,2016-03-12T00:00:00,DET @ PHI,W,16.8,2.0,2.0,4.0,8.0,5.0,4.0,7.0,8.0,0.0,0.0,1.0,1.0,13.1,1,1,1,1,18404,6026,4731,1913,3109,8403,8458,15538,21543,8004,1,4972,12373,16874,1.0,16:49,2015,2016
2015-16,203382,Aron Baynes,Aron,1610612765,DET,Detroit Pistons,21500976,2016-03-12T00:00:00,DET @ PHI,W,13.2,0.0,2.0,1.0,6.0,5.0,3.0,7.0,6.0,2.0,0.0,0.0,1.0,21.4,1,1,1,1,20856,12059,4731,9347,5299,8403,7138,15538,22724,932,1,1,12373,10807,1.0,13:14,2015,2016
2015-16,203798,PJ Hairston,PJ,1610612763,MEM,Memphis Grizzlies,21500974,2016-03-12T00:00:00,MEM @ ATL,L,20.2,2.0,1.0,2.0,8.0,11.0,3.0,6.0,14.0,0.0,1.0,0.0,1.0,16.5,1,13074,13074,13074,15778,6026,9709,4675,3109,18886,7138,13388,17019,8004,17214,1,12373,14224,1.0,20:09,2015,2016
2015-16,2772,Trevor Ariza,Trevor,1610612745,HOU,Houston Rockets,21500975,2016-03-12T00:00:00,HOU @ CHA,L,31.0,2.0,2.0,2.0,6.0,10.0,11.0,9.0,30.0,0.0,0.0,2.0,1.0,21.5,1,13074,13074,13074,6680,6026,4731,4675,5299,17370,21814,18829,4541,8004,1,11390,12373,10755,1.0,31:03,2015,2016
2015-16,201980,Danny Green,Danny,1610612759,SAS,San Antonio Spurs,21500979,2016-03-12T00:00:00,SAS vs. OKC,W,29.7,2.0,0.0,2.0,0.0,7.0,4.0,5.0,16.0,0.0,0.0,3.0,1.0,16.3,1,1,1,1,7834,6026,10158,4675,18861,12242,8458,11593,15259,8004,1,17641,12373,14372,1.0,29:40,2015,2016
2015-16,203991,Clint Capela,Clint,1610612745,HOU,Houston Rockets,21500975,2016-03-12T00:00:00,HOU @ CHA,L,14.1,0.0,2.0,0.0,8.0,2.0,2.0,2.0,12.0,1.0,1.0,0.0,3.0,18.3,1,13074,13074,13074,20360,12059,4731,9917,3109,2619,3734,4025,18637,2692,17214,1,4736,12952,1.0,14:06,2015,2016
2015-16,101123,Gerald Green,Gerald,1610612748,MIA,Miami Heat,21500977,2016-03-12T00:00:00,MIA @ TOR,L,21.8,0.0,2.0,2.0,0.0,6.0,5.0,7.0,16.0,0.0,0.0,0.0,3.0,18.4,1,13074,13074,13074,14351,12059,4731,4675,18861,10028,11469,15538,15259,8004,1,1,4736,12854,1.0,21:47,2015,2016
2015-16,203138,Hollis Thompson,Hollis,1610612755,PHI,Philadelphia 76ers,21500976,2016-03-12T00:00:00,PHI vs. DET,L,34.5,3.0,0.0,3.0,0.0,5.0,12.0,7.0,46.0,0.0,0.0,2.0,0.0,15.9,1,13074,13074,13074,3942,4307,10158,3302,18861,8403,22832,15538,298,8004,1,11390,18762,14675,1.0,34:30,2015,2016
2015-16,2755,Kevin Martin,Kevin,1610612759,SAS,San Antonio Spurs,21500979,2016-03-12T00:00:00,SAS vs. OKC,W,3.8,0.0,0.0,0.0,0.0,2.0,2.0,2.0,6.0,0.0,0.0,0.0,0.0,3.0,1,1,1,1,24809,12059,10158,9917,18861,2619,3734,4025,22724,8004,1,1,18762,23648,1.0,3:46,2015,2016
2015-16,203088,Kendall Marshall,Kendall,1610612755,PHI,Philadelphia 76ers,21500976,2016-03-12T00:00:00,PHI vs. DET,L,14.2,0.0,0.0,0.0,0.0,3.0,2.0,6.0,18.0,0.0,0.0,1.0,1.0,12.7,1,13074,13074,13074,20269,12059,10158,9917,18861,5109,3734,13388,13577,8004,1,4972,12373,17201,1.0,14:13,2015,2016
2015-16,203500,Steven Adams,Steven,1610612760,OKC,Oklahoma City Thunder,21500979,2016-03-12T00:00:00,OKC @ SAS,L,21.6,2.0,4.0,0.0,10.0,8.0,9.0,2.0,14.0,0.0,1.0,4.0,0.0,16.0,1,13074,13074,13074,14517,6026,1596,9917,1840,13914,19144,4025,17019,8004,17214,22104,18762,14590,1.0,21:36,2015,2016
2015-16,1626149,Montrezl Harrell,Montrezl,1610612745,HOU,Houston Rockets,21500975,2016-03-12T00:00:00,HOU @ CHA,L,12.4,2.0,0.0,2.0,4.0,4.0,2.0,2.0,18.0,0.0,1.0,1.0,2.0,7.7,1,13074,13074,13074,21358,6026,10158,4675,8599,6141,3734,4025,13577,8004,17214,4972,7786,20733,1.0,12:21,2015,2016
2015-16,203948,Johnny O'Bryant III,Johnny,1610612749,MIL,Milwaukee Bucks,21500978,2016-03-12T00:00:00,MIL vs. NOP,W,15.3,0.0,0.0,0.0,0.0,1.0,2.0,2.0,14.0,0.0,1.0,1.0,0.0,3.0,1,1,1,1,19590,12059,10158,9917,18861,2356,3734,4025,17019,8004,17214,4972,18762,23648,1.0,15:15,2015,2016
2015-16,2585,Zaza Pachulia,Zaza,1610612742,DAL,Dallas Mavericks,21500973,2016-03-12T00:00:00,DAL vs. IND,L,17.3,2.0,2.0,4.0,6.0,6.0,5.0,10.0,16.0,0.0,1.0,1.0,1.0,18.3,1,13074,13074,13074,18032,6026,4731,1913,5299,10028,11469,20169,15259,8004,17214,4972,12373,12952,1.0,17:19,2015,2016
2015-16,203141,Mirza Teletovic,Mirza,1610612756,PHX,Phoenix Suns,21500981,2016-03-12T00:00:00,PHX @ GSW,L,26.2,2.0,0.0,3.0,0.0,8.0,2.0,11.0,24.0,0.0,2.0,5.0,3.0,16.6,1,13074,13074,13074,10669,6026,10158,3302,18861,13914,3734,21342,8723,8004,23588,24686,4736,14125,1.0,26:14,2015,2016
2015-16,201950,Jrue Holiday,Jrue,1610612740,NOP,New Orleans Pelicans,21500978,2016-03-12T00:00:00,NOP @ MIL,L,29.2,0.0,0.0,0.0,6.0,6.0,4.0,4.0,30.0,1.0,0.0,3.0,3.0,16.6,1,13074,13074,13074,8193,12059,10158,9917,5299,10028,8458,8806,4541,2692,1,17641,4736,14125,1.0,29:14,2015,2016
2015-16,203501,Tim Hardaway Jr.,Tim,1610612737,ATL,Atlanta Hawks,21500974,2016-03-12T00:00:00,ATL vs. MEM,W,17.3,0.0,3.0,0.0,0.0,4.0,6.0,3.0,18.0,0.0,0.0,0.0,0.0,2.0,1,1,1,1,18046,12059,3104,9917,18861,6141,13237,7328,13577,8004,1,1,18762,24216,1.0,17:18,2015,2016
2015-16,203460,Andre Roberson,Andre,1610612760,OKC,Oklahoma City Thunder,21500979,2016-03-12T00:00:00,OKC @ SAS,L,34.4,1.0,2.0,1.0,2.0,9.0,11.0,2.0,20.0,1.0,0.0,2.0,1.0,16.5,1,13074,13074,13074,4049,11535,4731,9347,12984,15771,21814,4025,11929,2692,1,11390,12373,14224,1.0,34:22,2015,2016
2015-16,203584,Troy Daniels,Troy,1610612766,CHA,Charlotte Hornets,21500975,2016-03-12T00:00:00,CHA vs. HOU,W,12.6,0.0,3.0,0.0,0.0,4.0,4.0,4.0,16.0,0.0,0.0,1.0,2.0,12.9,1,1,1,1,21207,12059,3104,9917,18861,6141,8458,8806,15259,8004,1,4972,7786,17049,1.0,12:36,2015,2016
2015-16,202720,Jon Leuer,Jon,1610612756,PHX,Phoenix Suns,21500981,2016-03-12T00:00:00,PHX @ GSW,L,10.4,0.0,0.0,0.0,0.0,1.0,4.0,12.0,12.0,0.0,0.0,1.0,0.0,2.4,1,13074,13074,13074,22297,12059,10158,9917,18861,2356,8458,22259,18637,8004,1,4972,18762,24024,1.0,10:21,2015,2016
2015-16,202397,Ish Smith,Ish,1610612755,PHI,Philadelphia 76ers,21500976,2016-03-12T00:00:00,PHI vs. DET,L,30.6,0.0,0.0,0.0,8.0,9.0,6.0,11.0,32.0,0.0,0.0,2.0,2.0,20.8,1,13074,13074,13074,7012,12059,10158,9917,3109,15771,13237,21342,3535,8004,1,11390,7786,11195,1.0,30:37,2015,2016
2015-16,201962,Toney Douglas,Toney,1610612740,NOP,New Orleans Pelicans,21500978,2016-03-12T00:00:00,NOP @ MIL,L,19.2,0.0,0.0,0.0,2.0,11.0,2.0,10.0,26.0,0.0,1.0,2.0,0.0,21.2,1,13074,13074,13074,16540,12059,10158,9917,12984,18886,3734,20169,7214,8004,17214,11390,18762,10936,1.0,19:11,2015,2016
2015-16,203999,Nikola Jokić,Nikola,1610612743,DEN,Denver Nuggets,21500980,2016-03-12T00:00:00,DEN vs. WAS,W,16.5,0.0,0.0,0.0,0.0,16.0,7.0,8.0,14.0,0.0,0.0,4.0,1.0,8.5,1,1,1,1,18640,12059,10158,9917,18861,23774,15642,17194,17019,8004,1,22104,12373,20215,1.0,16:31,2015,2016
2015-16,201563,Michael Beasley,Michael,1610612745,HOU,Houston Rockets,21500975,2016-03-12T00:00:00,HOU @ CHA,L,15.0,0.0,2.0,0.0,10.0,6.0,8.0,13.0,18.0,1.0,0.0,0.0,2.0,18.4,1,13074,13074,13074,19752,12059,4731,9917,1840,10028,17345,23048,13577,2692,1,1,7786,12854,1.0,15:00,2015,2016
2015-16,201600,Omer Asik,Omer,1610612740,NOP,New Orleans Pelicans,21500978,2016-03-12T00:00:00,NOP @ MIL,L,6.1,0.0,0.0,0.0,0.0,4.0,0.0,4.0,12.0,0.0,1.0,1.0,0.0,2.6,1,13074,13074,13074,23906,12059,10158,9917,18861,6141,1,8806,18637,8004,17214,4972,18762,23982,1.0,6:08,2015,2016
2015-16,201575,Brandon Rush,Brandon,1610612744,GSW,Golden State Warriors,21500981,2016-03-12T00:00:00,GSW vs. PHX,W,8.4,0.0,0.0,0.0,0.0,6.0,5.0,3.0,8.0,1.0,0.0,0.0,1.0,4.0,1,1,1,1,23059,12059,10158,9917,18861,10028,11469,7328,21543,2692,1,1,12373,23142,1.0,8:23,2015,2016
2015-16,202726,Andrew Goudelock,Andrew,1610612745,HOU,Houston Rockets,21500975,2016-03-12T00:00:00,HOU @ CHA,L,4.7,2.0,0.0,0.0,2.0,0.0,0.0,0.0,4.0,0.0,0.0,0.0,0.0,5.0,1,13074,13074,13074,24485,6026,10158,9917,12984,1,1,1,23698,8004,1,1,18762,22500,1.0,4:40,2015,2016
2015-16,2555,Nick Collison,Nick,1610612760,OKC,Oklahoma City Thunder,21500979,2016-03-12T00:00:00,OKC @ SAS,L,8.9,0.0,0.0,0.0,0.0,8.0,5.0,2.0,8.0,0.0,0.0,2.0,0.0,0.7,1,13074,13074,13074,22887,12059,10158,9917,18861,13914,11469,4025,21543,8004,1,11390,18762,25042,1.0,8:53,2015,2016
2015-16,201229,Anthony Tolliver,Anthony,1610612765,DET,Detroit Pistons,21500976,2016-03-12T00:00:00,DET @ PHI,W,0.7,0.0,0.0,0.0,0.0,0.0,0.0,0.0,0.0,0.0,0.0,0.0,0.0,0.0,1,1,1,1,25931,12059,10158,9917,18861,1,1,1,25429,8004,1,1,18762,25170,1.0,0:42,2015,2016
2015-16,2564,Boris Diaw,Boris,1610612759,SAS,San Antonio Spurs,21500979,2016-03-12T00:00:00,SAS vs. OKC,W,9.5,2.0,0.0,0.0,2.0,2.0,4.0,0.0,6.0,0.0,0.0,1.0,0.0,7.0,1,1,1,1,22634,6026,10158,9917,12984,2619,8458,1,22724,8004,1,4972,18762,21188,1.0,9:29,2015,2016
2015-16,1626151,Aaron Harrison,Aaron,1610612766,CHA,Charlotte Hornets,21500975,2016-03-12T00:00:00,CHA vs. HOU,W,2.8,0.0,0.0,0.0,0.0,4.0,2.0,4.0,6.0,0.0,0.0,1.0,0.0,0.0,1,1,1,1,25211,12059,10158,9917,18861,6141,3734,8806,22724,8004,1,4972,18762,25170,1.0,2:46,2015,2016
2015-16,203996,Damien Inglis,Damien,1610612749,MIL,Milwaukee Bucks,21500978,2016-03-12T00:00:00,MIL vs. NOP,W,2.7,0.0,0.0,0.0,2.0,0.0,0.0,0.0,4.0,0.0,0.0,0.0,0.0,3.2,1,1,1,1,25239,12059,10158,9917,12984,1,1,1,23698,8004,1,1,18762,23473,1.0,2:44,2015,2016
2015-16,201976,Patrick Beverley,Patrick,1610612745,HOU,Houston Rockets,21500975,2016-03-12T00:00:00,HOU @ CHA,L,29.2,0.0,0.0,0.0,0.0,14.0,13.0,11.0,32.0,2.0,0.0,5.0,2.0,8.9,1,13074,13074,13074,8209,12059,10158,9917,18861,22292,23668,21342,3535,932,1,24686,7786,19914,1.0,29:12,2015,2016
2015-16,203471,Dennis Schröder,Dennis,1610612737,ATL,Atlanta Hawks,21500974,2016-03-12T00:00:00,ATL vs. MEM,W,3.3,0.0,0.0,0.0,0.0,2.0,0.0,0.0,4.0,0.0,0.0,0.0,0.0,-2.0,1,1,1,1,25017,12059,10158,9917,18861,2619,1,1,23698,8004,1,1,18762,26061,1.0,3:16,2015,2016
2015-16,101139,CJ Miles,CJ,1610612754,IND,Indiana Pacers,21500973,2016-03-12T00:00:00,IND @ DAL,W,11.5,0.0,0.0,0.0,0.0,8.0,6.0,4.0,10.0,1.0,0.0,1.0,0.0,5.0,1,1,1,1,21840,12059,10158,9917,18861,13914,13237,8806,20209,2692,1,4972,18762,22500,1.0,11:29,2015,2016
2015-16,201946,Tyler Hansbrough,Tyler,1610612766,CHA,Charlotte Hornets,21500975,2016-03-12T00:00:00,CHA vs. HOU,W,2.8,0.0,0.0,0.0,2.0,4.0,2.0,4.0,6.0,0.0,0.0,0.0,0.0,3.2,1,1,1,1,25211,12059,10158,9917,12984,6141,3734,8806,22724,8004,1,1,18762,23473,1.0,2:46,2015,2016
2015-16,201196,Ramon Sessions,Ramon,1610612764,WAS,Washington Wizards,21500980,2016-03-12T00:00:00,WAS @ DEN,L,18.1,2.0,0.0,4.0,6.0,9.0,4.0,6.0,22.0,0.0,0.0,1.0,0.0,9.1,1,13074,13074,13074,17477,6026,10158,1913,5299,15771,8458,13388,10265,8004,1,4972,18762,19789,1.0,18:03,2015,2016
2015-16,2734,Devin Harris,Devin,1610612742,DAL,Dallas Mavericks,21500973,2016-03-12T00:00:00,DAL vs. IND,L,17.4,2.0,0.0,0.0,0.0,6.0,5.0,6.0,16.0,0.0,0.0,2.0,4.0,6.7,1,13074,13074,13074,17974,6026,10158,9917,18861,10028,11469,13388,15259,8004,1,11390,2748,21376,1.0,17:23,2015,2016
2015-16,204067,Jarell Eddie,Jarell,1610612764,WAS,Washington Wizards,21500980,2016-03-12T00:00:00,WAS @ DEN,L,0.2,0.0,0.0,0.0,0.0,0.0,0.0,0.0,0.0,0.0,0.0,0.0,0.0,0.0,1,13074,13074,13074,26020,12059,10158,9917,18861,1,1,1,25429,8004,1,1,18762,25170,1.0,0:12,2015,2016
2015-16,201949,James Johnson,James,1610612761,TOR,Toronto Raptors,21500977,2016-03-12T00:00:00,TOR vs. MIA,W,21.3,4.0,0.0,6.0,10.0,5.0,0.0,7.0,16.0,0.0,0.0,2.0,1.0,21.6,1,1,1,1,14743,2460,10158,740,1840,8403,1,15538,15259,8004,1,11390,12373,10666,1.0,21:20,2015,2016
2015-16,203488,Mike Muscala,Mike,1610612737,ATL,Atlanta Hawks,21500974,2016-03-12T00:00:00,ATL vs. MEM,W,1.3,0.0,0.0,0.0,0.0,0.0,0.0,0.0,0.0,0.0,0.0,0.0,0.0,0.0,1,1,1,1,25772,12059,10158,9917,18861,1,1,1,25429,8004,1,1,18762,25170,1.0,1:17,2015,2016
2015-16,2449,Luis Scola,Luis,1610612761,TOR,Toronto Raptors,21500977,2016-03-12T00:00:00,TOR vs. MIA,W,16.3,2.0,0.0,2.0,4.0,3.0,0.0,5.0,12.0,0.0,0.0,1.0,0.0,9.0,1,1,1,1,18850,6026,10158,4675,8599,5109,1,11593,18637,8004,1,4972,18762,19835,1.0,16:16,2015,2016
2015-16,1626162,Kelly Oubre Jr.,Kelly,1610612764,WAS,Washington Wizards,21500980,2016-03-12T00:00:00,WAS @ DEN,L,1.3,2.0,2.0,0.0,2.0,0.0,0.0,0.0,0.0,0.0,0.0,0.0,0.0,3.4,1,13074,13074,13074,25763,6026,4731,9917,12984,1,1,1,25429,8004,1,1,18762,23417,1.0,1:19,2015,2016
2015-16,2760,Anderson Varejao,Anderson,1610612744,GSW,Golden State Warriors,21500981,2016-03-12T00:00:00,GSW vs. PHX,W,5.3,0.0,0.0,0.0,0.0,3.0,2.0,0.0,6.0,0.0,0.0,1.0,2.0,0.0,1,1,1,1,24263,12059,10158,9917,18861,5109,3734,1,22724,8004,1,4972,7786,25170,1.0,5:17,2015,2016
2015-16,1626173,Rashad Vaughn,Rashad,1610612749,MIL,Milwaukee Bucks,21500978,2016-03-12T00:00:00,MIL vs. NOP,W,9.9,0.0,0.0,0.0,0.0,1.0,4.0,2.0,12.0,0.0,0.0,1.0,0.0,0.0,1,1,1,1,22499,12059,10158,9917,18861,2356,8458,4025,18637,8004,1,4972,18762,25170,1.0,9:53,2015,2016
2015-16,1626169,Stanley Johnson,Stanley,1610612765,DET,Detroit Pistons,21500976,2016-03-12T00:00:00,DET @ PHI,W,13.8,0.0,0.0,0.0,0.0,13.0,0.0,7.0,14.0,0.0,1.0,0.0,0.0,6.5,1,1,1,1,20560,12059,10158,9917,18861,21300,1,15538,17019,8004,17214,1,18762,21519,1.0,13:45,2015,2016
2015-16,203082,Terrence Ross,Terrence,1610612761,TOR,Toronto Raptors,21500977,2016-03-12T00:00:00,TOR vs. MIA,W,19.9,0.0,0.0,2.0,0.0,4.0,8.0,4.0,12.0,0.0,0.0,4.0,1.0,7.0,1,1,1,1,16019,12059,10158,4675,18861,6141,17345,8806,18637,8004,1,22104,12373,21188,1.0,19:52,2015,2016
2015-16,101179,Ronnie Price,Ronnie,1610612756,PHX,Phoenix Suns,21500981,2016-03-12T00:00:00,PHX @ GSW,L,13.3,0.0,0.0,0.0,0.0,4.0,0.0,5.0,12.0,0.0,0.0,1.0,0.0,0.0,1,13074,13074,13074,20778,12059,10158,9917,18861,6141,1,11593,18637,8004,1,4972,18762,25170,1.0,13:20,2015,2016
2015-16,203546,Ian Clark,Ian,1610612744,GSW,Golden State Warriors,21500981,2016-03-12T00:00:00,GSW vs. PHX,W,4.5,0.0,0.0,0.0,0.0,3.0,0.0,8.0,8.0,0.0,0.0,2.0,0.0,-1.0,1,1,1,1,24544,12059,10158,9917,18861,5109,1,17194,21543,8004,1,11390,18762,25932,1.0,4:30,2015,2016
2015-16,101162,Marcin Gortat,Marcin,1610612764,WAS,Washington Wizards,21500980,2016-03-12T00:00:00,WAS @ DEN,L,8.0,2.0,0.0,0.0,2.0,0.0,2.0,0.0,8.0,0.0,2.0,4.0,0.0,4.4,1,13074,13074,13074,23183,6026,10158,9917,12984,1,3734,1,21543,8004,23588,22104,18762,22837,1.0,8:00,2015,2016
2015-16,201627,Anthony Morrow,Anthony,1610612760,OKC,Oklahoma City Thunder,21500979,2016-03-12T00:00:00,OKC @ SAS,L,0.3,0.0,0.0,0.0,0.0,0.0,0.0,0.0,0.0,0.0,0.0,0.0,0.0,0.0,1,13074,13074,13074,26013,12059,10158,9917,18861,1,1,1,25429,8004,1,1,18762,25170,1.0,0:15,2015,2016
2015-16,203094,Andrew Nicholson,Andrew,1610612753,ORL,Orlando Magic,21500982,2016-03-12T00:00:00,ORL @ POR,L,7.9,0.0,2.0,0.0,0.0,0.0,2.0,2.0,12.0,0.0,0.0,0.0,0.0,4.4,1,13074,13074,13074,23223,12059,4731,9917,18861,1,3734,4025,18637,8004,1,1,18762,22837,1.0,7:54,2015,2016
2015-16,200782,P.J. Tucker,P.J.,1610612756,PHX,Phoenix Suns,21500981,2016-03-12T00:00:00,PHX @ GSW,L,26.6,4.0,0.0,1.0,2.0,7.0,4.0,18.0,20.0,0.0,0.0,3.0,2.0,8.7,1,13074,13074,13074,10368,2460,10158,9347,12984,12242,8458,25228,11929,8004,1,17641,7786,20045,1.0,26:36,2015,2016
2015-16,203118,Mike Scott,Mike,1610612737,ATL,Atlanta Hawks,21500974,2016-03-12T00:00:00,ATL vs. MEM,W,10.5,1.0,0.0,1.0,0.0,2.0,0.0,3.0,14.0,0.0,0.0,2.0,1.0,3.7,1,1,1,1,22213,11535,10158,9347,18861,2619,1,7328,17019,8004,1,11390,12373,23278,1.0,10:32,2015,2016
2015-16,1938,Manu Ginobili,Manu,1610612759,SAS,San Antonio Spurs,21500979,2016-03-12T00:00:00,SAS vs. OKC,W,15.7,0.0,2.0,0.0,0.0,4.0,4.0,4.0,14.0,0.0,0.0,3.0,4.0,9.0,1,1,1,1,19292,12059,4731,9917,18861,6141,8458,8806,17019,8004,1,17641,2748,19835,1.0,15:40,2015,2016
2015-16,203098,John Jenkins,John,1610612756,PHX,Phoenix Suns,21500981,2016-03-12T00:00:00,PHX @ GSW,L,7.5,0.0,0.0,0.0,0.0,4.0,0.0,2.0,4.0,0.0,0.0,0.0,0.0,4.8,1,13074,13074,13074,23393,12059,10158,9917,18861,6141,1,4025,23698,8004,1,1,18762,22657,1.0,7:29,2015,2016
2015-16,202334,Ed Davis,Ed,1610612757,POR,Portland Trail Blazers,21500982,2016-03-12T00:00:00,POR vs. ORL,W,13.1,0.0,2.0,0.0,4.0,9.0,3.0,6.0,10.0,0.0,0.0,1.0,0.0,5.4,1,1,1,1,20903,12059,4731,9917,8599,15771,7138,13388,20209,8004,1,4972,18762,22242,1.0,13:09,2015,2016
2015-16,203148,Brian Roberts,Brian,1610612757,POR,Portland Trail Blazers,21500982,2016-03-12T00:00:00,POR vs. ORL,W,7.9,0.0,0.0,0.0,0.0,0.0,4.0,1.0,2.0,0.0,0.0,0.0,0.0,5.0,1,1,1,1,23223,12059,10158,9917,18861,1,8458,3646,24614,8004,1,1,18762,22500,1.0,7:54,2015,2016
2015-16,203894,Shabazz Napier,Shabazz,1610612753,ORL,Orlando Magic,21500982,2016-03-12T00:00:00,ORL @ POR,L,24.0,0.0,0.0,0.0,0.0,7.0,4.0,4.0,28.0,0.0,0.0,0.0,2.0,8.7,1,13074,13074,13074,12611,12059,10158,9917,18861,12242,8458,8806,5824,8004,1,1,7786,20045,1.0,23:57,2015,2016
2015-16,2570,Kendrick Perkins,Kendrick,1610612740,NOP,New Orleans Pelicans,21500978,2016-03-12T00:00:00,NOP @ MIL,L,11.7,0.0,0.0,0.0,2.0,1.0,0.0,2.0,8.0,0.0,0.0,1.0,1.0,4.7,1,13074,13074,13074,21748,12059,10158,9917,12984,2356,1,4025,21543,8004,1,4972,12373,22672,1.0,11:39,2015,2016
2015-16,202730,Lavoy Allen,Lavoy,1610612754,IND,Indiana Pacers,21500973,2016-03-12T00:00:00,IND @ DAL,W,8.4,2.0,0.0,2.0,0.0,0.0,4.0,2.0,10.0,0.0,0.0,3.0,0.0,8.6,1,1,1,1,23045,6026,10158,4675,18861,1,8458,4025,20209,8004,1,17641,18762,20125,1.0,8:26,2015,2016
2015-16,201973,Jonas Jerebko,Jonas,1610612738,BOS,Boston Celtics,21500965,2016-03-11T00:00:00,BOS vs. HOU,L,10.8,2.0,0.0,2.0,2.0,7.0,4.0,5.0,22.0,0.0,0.0,0.0,2.0,6.8,1,13074,13074,13074,22132,6026,10158,4675,12984,12242,8458,11593,10265,8004,1,1,7786,21328,1.0,10:45,2015,2016
2015-16,203477,Isaiah Canaan,Isaiah,1610612755,PHI,Philadelphia 76ers,21500964,2016-03-11T00:00:00,PHI vs. BKN,W,27.1,2.0,0.0,2.0,4.0,16.0,7.0,7.0,16.0,0.0,0.0,3.0,2.0,9.1,1,1,1,1,9974,6026,10158,4675,8599,23774,15642,15538,15259,8004,1,17641,7786,19789,1.0,27:03,2015,2016
2015-16,201946,Tyler Hansbrough,Tyler,1610612766,CHA,Charlotte Hornets,21500963,2016-03-11T00:00:00,CHA vs. DET,W,2.7,0.0,0.0,0.0,4.0,2.0,0.0,0.0,6.0,0.0,0.0,0.0,0.0,5.2,1,1,1,1,25251,12059,10158,9917,8599,2619,1,1,22724,8004,1,1,18762,22370,1.0,2:42,2015,2016
2015-16,203504,Trey Burke,Trey,1610612762,UTA,Utah Jazz,21500969,2016-03-11T00:00:00,UTA vs. WAS,W,6.4,0.0,0.0,0.0,0.0,4.0,2.0,0.0,8.0,0.0,0.0,1.0,0.0,4.4,1,1,1,1,23794,12059,10158,9917,18861,6141,3734,1,21543,8004,1,4972,18762,22837,1.0,6:22,2015,2016
2015-16,202337,Luke Babbitt,Luke,1610612740,NOP,New Orleans Pelicans,21500967,2016-03-11T00:00:00,NOP @ MEM,L,10.6,0.0,0.0,0.0,2.0,4.0,2.0,2.0,14.0,0.0,0.0,4.0,0.0,7.1,1,13074,13074,13074,22178,12059,10158,9917,12984,6141,3734,4025,17019,8004,1,22104,18762,21141,1.0,10:39,2015,2016
2015-16,203546,Ian Clark,Ian,1610612744,GSW,Golden State Warriors,21500971,2016-03-11T00:00:00,GSW vs. POR,W,5.9,0.0,0.0,0.0,0.0,0.0,0.0,0.0,4.0,0.0,0.0,2.0,1.0,8.8,1,1,1,1,24017,12059,10158,9917,18861,1,1,1,23698,8004,1,11390,12373,19994,1.0,5:52,2015,2016
2015-16,2405,Amar'e Stoudemire,Amar'e,1610612748,MIA,Miami Heat,21500966,2016-03-11T00:00:00,MIA @ CHI,W,14.6,0.0,2.0,0.0,6.0,6.0,2.0,4.0,20.0,0.0,0.0,0.0,0.0,5.0,1,1,1,1,20026,12059,4731,9917,5299,10028,3734,8806,11929,8004,1,1,18762,22500,1.0,14:37,2015,2016
2015-16,201627,Anthony Morrow,Anthony,1610612760,OKC,Oklahoma City Thunder,21500968,2016-03-11T00:00:00,OKC vs. MIN,L,18.4,2.0,0.0,1.0,2.0,2.0,2.0,2.0,10.0,0.0,0.0,0.0,1.0,4.5,1,13074,13074,13074,17162,6026,10158,9347,12984,2619,3734,4025,20209,8004,1,1,12373,22773,1.0,18:25,2015,2016
2015-16,203552,Seth Curry,Seth,1610612758,SAC,Sacramento Kings,21500970,2016-03-11T00:00:00,SAC vs. ORL,L,18.3,0.0,0.0,0.0,0.0,4.0,8.0,2.0,26.0,0.0,0.0,0.0,1.0,9.6,1,13074,13074,13074,17292,12059,10158,9917,18861,6141,17345,4025,7214,8004,1,1,12373,19434,1.0,18:16,2015,2016
2015-16,1626170,Jerian Grant,Jerian,1610612752,NYK,New York Knicks,21500972,2016-03-11T00:00:00,NYK @ LAC,L,11.6,2.0,0.0,2.0,4.0,8.0,2.0,5.0,10.0,0.0,0.0,1.0,0.0,8.7,1,13074,13074,13074,21759,6026,10158,4675,8599,13914,3734,11593,20209,8004,1,4972,18762,20045,1.0,11:38,2015,2016
2015-16,201581,JJ Hickson,JJ,1610612764,WAS,Washington Wizards,21500969,2016-03-11T00:00:00,WAS @ UTA,L,7.3,1.0,1.0,0.0,0.0,2.0,2.0,5.0,8.0,0.0,0.0,1.0,2.0,9.1,1,13074,13074,13074,23470,11535,9709,9917,18861,2619,3734,11593,21543,8004,1,4972,7786,19789,1.0,7:17,2015,2016
2015-16,1626162,Kelly Oubre Jr.,Kelly,1610612764,WAS,Washington Wizards,21500969,2016-03-11T00:00:00,WAS @ UTA,L,2.3,0.0,0.0,0.0,0.0,0.0,0.0,0.0,4.0,0.0,0.0,0.0,0.0,4.2,1,13074,13074,13074,25421,12059,10158,9917,18861,1,1,1,23698,8004,1,1,18762,22976,1.0,2:17,2015,2016
2015-16,203498,Shabazz Muhammad,Shabazz,1610612750,MIN,Minnesota Timberwolves,21500968,2016-03-11T00:00:00,MIN @ OKC,W,15.1,0.0,0.0,0.0,0.0,2.0,8.0,2.0,18.0,0.0,0.0,1.0,1.0,8.6,1,1,1,1,19677,12059,10158,9917,18861,2619,17345,4025,13577,8004,1,4972,12373,20125,1.0,15:08,2015,2016
2015-16,1626191,Chris McCullough,Chris,1610612751,BKN,Brooklyn Nets,21500964,2016-03-11T00:00:00,BKN @ PHI,L,8.1,0.0,0.0,0.0,0.0,6.0,4.0,0.0,8.0,1.0,1.0,1.0,0.0,4.2,1,13074,13074,13074,23155,12059,10158,9917,18861,10028,8458,1,21543,2692,17214,4972,18762,22976,1.0,8:06,2015,2016
2015-16,203092,Tyler Zeller,Tyler,1610612738,BOS,Boston Celtics,21500965,2016-03-11T00:00:00,BOS vs. HOU,L,14.6,0.0,0.0,3.0,2.0,7.0,8.0,4.0,28.0,0.0,0.0,3.0,3.0,9.0,1,13074,13074,13074,20026,12059,10158,3302,12984,12242,17345,8806,5824,8004,1,17641,4736,19835,1.0,14:37,2015,2016
2015-16,203508,Sergey Karasev,Sergey,1610612751,BKN,Brooklyn Nets,21500964,2016-03-11T00:00:00,BKN @ PHI,L,15.7,3.0,0.0,0.0,0.0,2.0,4.0,6.0,14.0,0.0,1.0,1.0,1.0,4.9,1,13074,13074,13074,19308,4307,10158,9917,18861,2619,8458,13388,17019,8004,17214,4972,12373,22621,1.0,15:39,2015,2016
2015-16,1626245,Cristiano Felicio,Cristiano,1610612741,CHI,Chicago Bulls,21500966,2016-03-11T00:00:00,CHI vs. MIA,L,3.9,0.0,0.0,0.0,0.0,0.0,0.0,0.0,2.0,0.0,0.0,0.0,1.0,4.6,1,13074,13074,13074,24760,12059,10158,9917,18861,1,1,1,24614,8004,1,1,12373,22734,1.0,3:52,2015,2016
2015-16,203490,Otto Porter Jr.,Otto,1610612764,WAS,Washington Wizards,21500969,2016-03-11T00:00:00,WAS @ UTA,L,30.2,0.0,0.0,0.0,2.0,18.0,7.0,10.0,26.0,0.0,0.0,2.0,1.0,8.9,1,13074,13074,13074,7350,12059,10158,9917,12984,24749,15642,20169,7214,8004,1,11390,12373,19914,1.0,30:12,2015,2016
2015-16,2733,Shaun Livingston,Shaun,1610612744,GSW,Golden State Warriors,21500971,2016-03-11T00:00:00,GSW vs. POR,W,14.5,0.0,0.0,0.0,2.0,0.0,6.0,0.0,14.0,2.0,0.0,0.0,1.0,9.2,1,1,1,1,20104,12059,10158,9917,12984,1,13237,1,17019,932,1,1,12373,19680,1.0,14:30,2015,2016
2015-16,201575,Brandon Rush,Brandon,1610612744,GSW,Golden State Warriors,21500971,2016-03-11T00:00:00,GSW vs. POR,W,16.1,0.0,0.0,0.0,0.0,5.0,5.0,0.0,12.0,0.0,0.0,0.0,1.0,9.1,1,1,1,1,18959,12059,10158,9917,18861,8403,11469,1,18637,8004,1,1,12373,19789,1.0,16:06,2015,2016
2015-16,1626199,Darrun Hilliard,Darrun,1610612765,DET,Detroit Pistons,21500963,2016-03-11T00:00:00,DET @ CHA,L,3.1,0.0,0.0,0.0,4.0,0.0,0.0,0.0,4.0,0.0,0.0,0.0,1.0,6.5,1,13074,13074,13074,25107,12059,10158,9917,8599,1,1,1,23698,8004,1,1,12373,21519,1.0,3:03,2015,2016
2015-16,202962,Greg Smith,Greg,1610612750,MIN,Minnesota Timberwolves,21500968,2016-03-11T00:00:00,MIN @ OKC,W,11.8,0.0,0.0,0.0,2.0,2.0,6.0,1.0,14.0,0.0,1.0,1.0,0.0,3.2,1,1,1,1,21684,12059,10158,9917,12984,2619,13237,3646,17019,8004,17214,4972,18762,23473,1.0,11:48,2015,2016
2015-16,1626151,Aaron Harrison,Aaron,1610612766,CHA,Charlotte Hornets,21500963,2016-03-11T00:00:00,CHA vs. DET,W,2.7,0.0,0.0,0.0,0.0,2.0,0.0,0.0,6.0,0.0,0.0,0.0,0.0,0.5,1,1,1,1,25251,12059,10158,9917,18861,2619,1,1,22724,8004,1,1,18762,25056,1.0,2:42,2015,2016
2015-16,203940,Adreian Payne,Adreian,1610612750,MIN,Minnesota Timberwolves,21500968,2016-03-11T00:00:00,MIN @ OKC,W,3.9,0.0,0.0,0.0,0.0,2.0,4.0,1.0,6.0,0.0,0.0,3.0,0.0,0.0,1,1,1,1,24766,12059,10158,9917,18861,2619,8458,3646,22724,8004,1,17641,18762,25170,1.0,3:51,2015,2016
2015-16,2571,Leandro Barbosa,Leandro,1610612744,GSW,Golden State Warriors,21500971,2016-03-11T00:00:00,GSW vs. POR,W,16.4,0.0,0.0,0.0,0.0,2.0,3.0,0.0,12.0,0.0,0.0,1.0,1.0,3.5,1,1,1,1,18749,12059,10158,9917,18861,2619,7138,1,18637,8004,1,4972,12373,23351,1.0,16:23,2015,2016
2015-16,201977,Marcus Thornton,Marcus,1610612764,WAS,Washington Wizards,21500969,2016-03-11T00:00:00,WAS @ UTA,L,19.7,0.0,0.0,0.0,2.0,6.0,6.0,5.0,18.0,0.0,2.0,2.0,1.0,6.5,1,13074,13074,13074,16138,12059,10158,9917,12984,10028,13237,11593,13577,8004,23588,11390,12373,21519,1.0,19:43,2015,2016
2015-16,1626175,Jordan Mickey,Jordan,1610612738,BOS,Boston Celtics,21500965,2016-03-11T00:00:00,BOS vs. HOU,L,2.0,0.0,0.0,0.0,0.0,0.0,2.0,0.0,2.0,0.0,0.0,0.0,0.0,0.0,1,13074,13074,13074,25506,12059,10158,9917,18861,1,3734,1,24614,8004,1,1,18762,25170,1.0,2:02,2015,2016
2015-16,203584,Troy Daniels,Troy,1610612766,CHA,Charlotte Hornets,21500963,2016-03-11T00:00:00,CHA vs. DET,W,2.7,0.0,0.0,0.0,0.0,2.0,0.0,0.0,6.0,0.0,0.0,0.0,0.0,3.5,1,1,1,1,25251,12059,10158,9917,18861,2619,1,1,22724,8004,1,1,18762,23351,1.0,2:42,2015,2016
2015-16,2617,Udonis Haslem,Udonis,1610612748,MIA,Miami Heat,21500966,2016-03-11T00:00:00,MIA @ CHI,W,2.8,0.0,0.0,0.0,0.0,0.0,3.0,1.0,0.0,0.0,0.0,0.0,0.0,0.0,1,1,1,1,25200,12059,10158,9917,18861,1,7138,3646,25429,8004,1,1,18762,25170,1.0,2:47,2015,2016
2015-16,203949,James Michael McAdoo,James Michael,1610612744,GSW,Golden State Warriors,21500971,2016-03-11T00:00:00,GSW vs. POR,W,8.5,0.0,1.0,0.0,0.0,0.0,0.0,0.0,4.0,0.0,0.0,0.0,2.0,6.6,1,1,1,1,23019,12059,9709,9917,18861,1,1,1,23698,8004,1,1,7786,21445,1.0,8:31,2015,2016
2015-16,2406,Caron Butler,Caron,1610612758,SAC,Sacramento Kings,21500970,2016-03-11T00:00:00,SAC vs. ORL,L,1.4,0.0,0.0,0.0,0.0,0.0,0.0,0.0,0.0,0.0,0.0,0.0,0.0,0.0,1,13074,13074,13074,25723,12059,10158,9917,18861,1,1,1,25429,8004,1,1,18762,25170,1.0,1:26,2015,2016
2015-16,203087,Jeremy Lamb,Jeremy,1610612766,CHA,Charlotte Hornets,21500963,2016-03-11T00:00:00,CHA vs. DET,W,7.9,0.0,0.0,0.0,0.0,0.0,2.0,0.0,8.0,0.0,0.0,0.0,0.0,6.8,1,1,1,1,23217,12059,10158,9917,18861,1,3734,1,21543,8004,1,1,18762,21328,1.0,7:55,2015,2016
2015-16,1626145,Tyus Jones,Tyus,1610612750,MIN,Minnesota Timberwolves,21500968,2016-03-11T00:00:00,MIN @ OKC,W,12.1,3.0,0.0,2.0,0.0,2.0,4.0,2.0,14.0,0.0,1.0,0.0,2.0,6.5,1,1,1,1,21481,4307,10158,4675,18861,2619,8458,4025,17019,8004,17214,1,7786,21519,1.0,12:05,2015,2016
2015-16,101161,Amir Johnson,Amir,1610612738,BOS,Boston Celtics,21500965,2016-03-11T00:00:00,BOS vs. HOU,L,13.5,0.0,0.0,0.0,0.0,2.0,4.0,4.0,16.0,0.0,0.0,0.0,0.0,3.9,1,13074,13074,13074,20705,12059,10158,9917,18861,2619,8458,8806,15259,8004,1,1,18762,23225,1.0,13:30,2015,2016
2015-16,101123,Gerald Green,Gerald,1610612748,MIA,Miami Heat,21500966,2016-03-11T00:00:00,MIA @ CHI,W,2.8,0.0,0.0,0.0,0.0,0.0,3.0,1.0,0.0,0.0,0.0,1.0,0.0,0.0,1,1,1,1,25200,12059,10158,9917,18861,1,7138,3646,25429,8004,1,4972,18762,25170,1.0,2:47,2015,2016
2015-16,204067,Jarell Eddie,Jarell,1610612764,WAS,Washington Wizards,21500969,2016-03-11T00:00:00,WAS @ UTA,L,2.3,0.0,0.0,0.0,0.0,0.0,0.0,0.0,4.0,0.0,0.0,0.0,0.0,0.0,1,13074,13074,13074,25421,12059,10158,9917,18861,1,1,1,23698,8004,1,1,18762,25170,1.0,2:17,2015,2016
2015-16,202713,Kyle Singler,Kyle,1610612760,OKC,Oklahoma City Thunder,21500968,2016-03-11T00:00:00,OKC vs. MIN,L,21.2,0.0,0.0,3.0,2.0,9.0,0.0,2.0,6.0,0.0,0.0,1.0,1.0,6.9,1,13074,13074,13074,14926,12059,10158,3302,12984,15771,1,4025,22724,8004,1,4972,12373,21262,1.0,21:10,2015,2016
2015-16,1626185,Jarell Martin,Jarell,1610612763,MEM,Memphis Grizzlies,21500967,2016-03-11T00:00:00,MEM vs. NOP,W,21.3,2.0,0.0,0.0,4.0,0.0,1.0,8.0,18.0,1.0,1.0,1.0,1.0,20.4,1,1,1,1,14817,6026,10158,9917,8599,1,3393,17194,13577,2692,17214,4972,12373,11453,1.0,21:16,2015,2016
2015-16,203138,Hollis Thompson,Hollis,1610612755,PHI,Philadelphia 76ers,21500964,2016-03-11T00:00:00,PHI vs. BKN,W,32.7,2.0,2.0,0.0,4.0,14.0,5.0,10.0,24.0,0.0,0.0,3.0,0.0,27.4,1,1,1,1,5366,6026,4731,9917,8599,22292,11469,20169,8723,8004,1,17641,18762,7179,1.0,32:41,2015,2016
2015-16,203382,Aron Baynes,Aron,1610612765,DET,Detroit Pistons,21500963,2016-03-11T00:00:00,DET @ CHA,L,24.7,2.0,0.0,0.0,4.0,12.0,5.0,2.0,20.0,3.0,0.0,2.0,2.0,27.2,1,13074,13074,13074,11970,6026,10158,9917,8599,20178,11469,4025,11929,347,1,11390,7786,7289,1.0,24:39,2015,2016
2015-16,202332,Cole Aldrich,Cole,1610612746,LAC,LA Clippers,21500972,2016-03-11T00:00:00,LAC vs. NYK,W,23.4,2.0,2.0,0.0,2.0,10.0,9.0,4.0,16.0,1.0,0.0,6.0,2.0,12.2,1,1,1,1,13052,6026,4731,9917,12984,17370,19144,8806,15259,2692,1,25827,7786,17566,1.0,23:23,2015,2016
2015-16,1626157,Karl-Anthony Towns,Karl-Anthony,1610612750,MIN,Minnesota Timberwolves,21500968,2016-03-11T00:00:00,MIN @ OKC,W,38.7,8.0,0.0,0.0,8.0,4.0,20.0,9.0,46.0,3.0,1.0,3.0,4.0,40.4,1,1,1,1,1202,308,10158,9917,3109,6141,25875,18829,298,347,17214,17641,2748,2274,1.0,38:40,2015,2016
2015-16,201976,Patrick Beverley,Patrick,1610612745,HOU,Houston Rockets,21500965,2016-03-11T00:00:00,HOU @ BOS,W,39.4,1.0,2.0,3.0,2.0,25.0,10.0,21.0,36.0,0.0,0.0,3.0,2.0,27.4,1,1,1,1,916,11535,4731,3302,12984,25944,20509,25725,1943,8004,1,17641,7786,7179,1.0,39:25,2015,2016
2015-16,203500,Steven Adams,Steven,1610612760,OKC,Oklahoma City Thunder,21500968,2016-03-11T00:00:00,OKC vs. MIN,L,25.4,0.0,4.0,0.0,8.0,17.0,2.0,10.0,22.0,4.0,0.0,4.0,2.0,31.6,1,13074,13074,13074,11379,12059,1596,9917,3109,24337,3734,20169,10265,132,1,22104,7786,5130,1.0,25:24,2015,2016
2015-16,1626159,Justise Winslow,Justise,1610612748,MIA,Miami Heat,21500966,2016-03-11T00:00:00,MIA @ CHI,W,32.2,2.0,0.0,2.0,4.0,9.0,5.0,8.0,20.0,0.0,0.0,3.0,1.0,30.2,1,1,1,1,5747,6026,10158,4675,8599,15771,11469,17194,11929,8004,1,17641,12373,5751,1.0,32:10,2015,2016
2015-16,203148,Brian Roberts,Brian,1610612757,POR,Portland Trail Blazers,21500971,2016-03-11T00:00:00,POR @ GSW,L,14.0,0.0,6.0,0.0,4.0,0.0,3.0,0.0,2.0,0.0,1.0,0.0,4.0,15.2,1,13074,13074,13074,20413,12059,481,9917,8599,1,7138,1,24614,8004,17214,1,2748,15219,1.0,13:59,2015,2016
2015-16,1626168,Trey Lyles,Trey,1610612762,UTA,Utah Jazz,21500969,2016-03-11T00:00:00,UTA vs. WAS,W,18.1,0.0,0.0,0.0,4.0,2.0,0.0,2.0,10.0,0.0,0.0,1.0,0.0,15.8,1,1,1,1,17477,12059,10158,9917,8599,2619,1,4025,20209,8004,1,4972,18762,14754,1.0,18:03,2015,2016
2015-16,202324,Derrick Favors,Derrick,1610612762,UTA,Utah Jazz,21500969,2016-03-11T00:00:00,UTA vs. WAS,W,31.8,2.0,2.0,0.0,6.0,7.0,2.0,3.0,26.0,0.0,0.0,2.0,5.0,31.3,1,1,1,1,6106,6026,4731,9917,5299,12242,3734,7328,7214,8004,1,11390,1539,5258,1.0,31:45,2015,2016
2015-16,200752,Rudy Gay,Rudy,1610612758,SAC,Sacramento Kings,21500970,2016-03-11T00:00:00,SAC vs. ORL,L,29.3,1.0,2.0,0.0,4.0,15.0,7.0,10.0,26.0,1.0,3.0,5.0,6.0,20.4,1,13074,13074,13074,8122,11535,4731,9917,8599,23079,15642,20169,7214,2692,25441,24686,873,11453,1.0,29:18,2015,2016
2015-16,202691,Klay Thompson,Klay,1610612744,GSW,Golden State Warriors,21500971,2016-03-11T00:00:00,GSW vs. POR,W,31.6,3.0,3.0,2.0,2.0,5.0,11.0,0.0,16.0,0.0,1.0,1.0,1.0,43.0,1,1,1,1,6210,4307,3104,4675,12984,8403,21814,1,15259,8004,17214,4972,12373,1733,1.0,31:37,2015,2016
2015-16,203468,CJ McCollum,CJ,1610612757,POR,Portland Trail Blazers,21500971,2016-03-11T00:00:00,POR @ GSW,L,26.3,0.0,0.0,0.0,4.0,9.0,9.0,11.0,20.0,0.0,1.0,2.0,2.0,26.6,1,13074,13074,13074,10598,12059,10158,9917,8599,15771,19144,21342,11929,8004,17214,11390,7786,7566,1.0,26:18,2015,2016
2015-16,201166,Aaron Brooks,Aaron,1610612741,CHI,Chicago Bulls,21500966,2016-03-11T00:00:00,CHI vs. MIA,L,20.9,0.0,0.0,0.0,6.0,3.0,4.0,10.0,24.0,0.0,1.0,0.0,2.0,15.7,1,13074,13074,13074,15125,12059,10158,9917,5299,5109,8458,20169,8723,8004,17214,1,7786,14841,1.0,20:55,2015,2016
2015-16,203930,Sean Kilpatrick,Sean,1610612751,BKN,Brooklyn Nets,21500964,2016-03-11T00:00:00,BKN @ PHI,L,23.7,8.0,0.0,4.0,4.0,9.0,4.0,2.0,22.0,0.0,0.0,2.0,3.0,11.6,1,13074,13074,13074,12822,308,10158,1913,8599,15771,8458,4025,10265,8004,1,11390,4736,17970,1.0,23:42,2015,2016
2015-16,203526,Raul Neto,Raul,1610612762,UTA,Utah Jazz,21500969,2016-03-11T00:00:00,UTA vs. WAS,W,14.0,2.0,0.0,0.0,4.0,2.0,2.0,0.0,14.0,0.0,0.0,2.0,1.0,12.4,1,1,1,1,20413,6026,10158,9917,8599,2619,3734,1,17019,8004,1,11390,12373,17418,1.0,13:59,2015,2016
2015-16,2772,Trevor Ariza,Trevor,1610612745,HOU,Houston Rockets,21500965,2016-03-11T00:00:00,HOU @ BOS,W,37.2,3.0,0.0,2.0,4.0,29.0,9.0,21.0,40.0,0.0,1.0,2.0,1.0,31.6,1,1,1,1,1933,4307,10158,4675,8599,26052,19144,25725,983,8004,17214,11390,12373,5130,1.0,37:15,2015,2016
2015-16,101106,Andrew Bogut,Andrew,1610612744,GSW,Golden State Warriors,21500971,2016-03-11T00:00:00,GSW vs. POR,W,18.0,0.0,0.0,0.0,4.0,5.0,5.0,0.0,6.0,2.0,0.0,3.0,0.0,30.3,1,1,1,1,17499,12059,10158,9917,8599,8403,11469,1,22724,932,1,17641,18762,5702,1.0,18:01,2015,2016
2015-16,201967,Dante Cunningham,Dante,1610612740,NOP,New Orleans Pelicans,21500967,2016-03-11T00:00:00,NOP @ MEM,L,46.0,5.0,0.0,5.0,10.0,18.0,12.0,14.0,50.0,4.0,0.0,5.0,1.0,41.7,1,13074,13074,13074,58,1603,10158,1277,1840,24749,22832,23710,107,132,1,24686,12373,2002,1.0,45:59,2015,2016
2015-16,1713,Vince Carter,Vince,1610612763,MEM,Memphis Grizzlies,21500967,2016-03-11T00:00:00,MEM vs. NOP,W,11.5,0.0,0.0,2.0,0.0,0.0,1.0,3.0,8.0,0.0,0.0,1.0,2.0,15.5,1,1,1,1,21852,12059,10158,4675,18861,1,3393,7328,21543,8004,1,4972,7786,15004,1.0,11:27,2015,2016
2015-16,201956,Omri Casspi,Omri,1610612758,SAC,Sacramento Kings,21500970,2016-03-11T00:00:00,SAC vs. ORL,L,28.4,5.0,0.0,2.0,4.0,10.0,12.0,7.0,28.0,0.0,2.0,2.0,3.0,15.4,1,13074,13074,13074,8915,1603,10158,4675,8599,17370,22832,15538,5824,8004,23588,11390,4736,15066,1.0,28:24,2015,2016
2015-16,1627362,Briante Weber,Briante,1610612763,MEM,Memphis Grizzlies,21500967,2016-03-11T00:00:00,MEM vs. NOP,W,39.7,0.0,2.0,0.0,2.0,7.0,10.0,14.0,46.0,1.0,0.0,2.0,4.0,30.5,1,1,1,1,823,12059,4731,9917,12984,12242,20509,23710,298,2692,1,11390,2748,5620,1.0,39:42,2015,2016
2015-16,201935,James Harden,James,1610612745,HOU,Houston Rockets,21500965,2016-03-11T00:00:00,HOU @ BOS,W,36.2,0.0,4.0,2.0,10.0,27.0,13.0,16.0,36.0,1.0,1.0,4.0,10.0,41.6,1,1,1,1,2613,12059,1596,4675,1840,26014,23668,24641,1943,2692,17214,22104,76,2021,1.0,36:12,2015,2016
2015-16,1626163,Frank Kaminsky,Frank,1610612766,CHA,Charlotte Hornets,21500963,2016-03-11T00:00:00,CHA vs. DET,W,24.6,3.0,0.0,0.0,4.0,9.0,3.0,0.0,20.0,2.0,1.0,1.0,2.0,19.8,1,1,1,1,12017,4307,10158,9917,8599,15771,7138,1,11929,932,17214,4972,7786,11883,1.0,24:36,2015,2016
2015-16,203484,Kentavious Caldwell-Pope,Kentavious,1610612765,DET,Detroit Pistons,21500963,2016-03-11T00:00:00,DET @ CHA,L,38.4,2.0,2.0,4.0,6.0,25.0,10.0,6.0,32.0,0.0,2.0,2.0,2.0,26.4,1,13074,13074,13074,1307,6026,4731,1913,5299,25944,20509,13388,3535,8004,23588,11390,7786,7672,1.0,38:26,2015,2016
2015-16,201583,Ryan Anderson,Ryan,1610612740,NOP,New Orleans Pelicans,21500967,2016-03-11T00:00:00,NOP @ MEM,L,36.6,0.0,3.0,3.0,6.0,20.0,6.0,10.0,46.0,0.0,0.0,1.0,5.0,42.3,1,13074,13074,13074,2342,12059,3104,3302,5299,25338,13237,20169,298,8004,1,4972,1539,1877,1.0,36:36,2015,2016
2015-16,203200,Justin Holiday,Justin,1610612741,CHI,Chicago Bulls,21500966,2016-03-11T00:00:00,CHI vs. MIA,L,38.2,0.0,3.0,2.0,6.0,10.0,11.0,14.0,42.0,2.0,1.0,2.0,1.0,30.3,1,13074,13074,13074,1437,12059,3104,4675,5299,17370,21814,23710,670,932,17214,11390,12373,5702,1.0,38:10,2015,2016
2015-16,202340,Avery Bradley,Avery,1610612738,BOS,Boston Celtics,21500965,2016-03-11T00:00:00,BOS vs. HOU,L,38.4,6.0,2.0,10.0,12.0,6.0,12.0,11.0,46.0,0.0,0.0,5.0,1.0,26.6,1,13074,13074,13074,1307,878,4731,118,988,10028,22832,21342,298,8004,1,24686,12373,7566,1.0,38:26,2015,2016
2015-16,203081,Damian Lillard,Damian,1610612757,POR,Portland Trail Blazers,21500971,2016-03-11T00:00:00,POR @ GSW,L,30.3,0.0,3.0,0.0,2.0,4.0,8.0,10.0,18.0,1.0,2.0,2.0,2.0,30.9,1,13074,13074,13074,7305,12059,3104,9917,12984,6141,17345,20169,13577,2692,23588,11390,7786,5452,1.0,30:15,2015,2016
2015-16,202683,Enes Freedom,Enes,1610612760,OKC,Oklahoma City Thunder,21500968,2016-03-11T00:00:00,OKC vs. MIN,L,20.9,0.0,9.0,0.0,14.0,13.0,2.0,6.0,22.0,0.0,1.0,1.0,3.0,30.8,1,13074,13074,13074,15156,12059,77,9917,542,21300,3734,13388,10265,8004,17214,4972,4736,5493,1.0,20:53,2015,2016
2015-16,203926,Doug McDermott,Doug,1610612741,CHI,Chicago Bulls,21500966,2016-03-11T00:00:00,CHI vs. MIA,L,23.0,3.0,0.0,3.0,2.0,12.0,6.0,14.0,30.0,0.0,1.0,1.0,0.0,15.9,1,13074,13074,13074,13399,4307,10158,3302,12984,20178,13237,23710,4541,8004,17214,4972,18762,14675,1.0,22:58,2015,2016
2015-16,2207,Joe Johnson,Joe,1610612748,MIA,Miami Heat,21500966,2016-03-11T00:00:00,MIA @ CHI,W,28.7,4.0,5.0,4.0,6.0,9.0,10.0,7.0,32.0,0.0,0.0,2.0,2.0,30.6,1,1,1,1,8603,2460,995,1913,5299,15771,20509,15538,3535,8004,1,11390,7786,5574,1.0,28:44,2015,2016
2015-16,201572,Brook Lopez,Brook,1610612751,BKN,Brooklyn Nets,21500964,2016-03-11T00:00:00,BKN @ PHI,L,34.2,0.0,7.0,0.0,14.0,2.0,10.0,10.0,40.0,3.0,1.0,0.0,5.0,41.9,1,13074,13074,13074,4143,12059,292,9917,542,2619,20509,20169,983,347,17214,1,1539,1958,1.0,34:15,2015,2016
2015-16,202388,Donald Sloan,Donald,1610612751,BKN,Brooklyn Nets,21500964,2016-03-11T00:00:00,BKN @ PHI,L,33.5,3.0,0.0,0.0,2.0,2.0,10.0,8.0,38.0,0.0,1.0,1.0,4.0,41.3,1,13074,13074,13074,4748,4307,10158,9917,12984,2619,20509,17194,1422,8004,17214,4972,2748,2074,1.0,33:30,2015,2016
2015-16,202322,John Wall,John,1610612764,WAS,Washington Wizards,21500969,2016-03-11T00:00:00,WAS @ UTA,L,34.3,2.0,0.0,3.0,8.0,18.0,7.0,5.0,26.0,0.0,0.0,2.0,3.0,41.3,1,13074,13074,13074,4135,6026,10158,3302,3109,24749,15642,11593,7214,8004,1,11390,4736,2074,1.0,34:15,2015,2016
2015-16,201171,Carl Landry,Carl,1610612755,PHI,Philadelphia 76ers,21500964,2016-03-11T00:00:00,PHI vs. BKN,W,25.2,0.0,4.0,0.0,10.0,15.0,6.0,5.0,16.0,0.0,1.0,2.0,1.0,26.1,1,1,1,1,11528,12059,1596,9917,1840,23079,13237,11593,15259,8004,17214,11390,12373,7836,1.0,25:12,2015,2016
2015-16,2736,Luol Deng,Luol,1610612748,MIA,Miami Heat,21500966,2016-03-11T00:00:00,MIA @ CHI,W,32.3,4.0,4.0,2.0,8.0,8.0,8.0,4.0,28.0,0.0,1.0,3.0,2.0,40.2,1,1,1,1,5633,2460,1596,4675,3109,13914,17345,8806,5824,8004,17214,17641,7786,2323,1.0,32:19,2015,2016
2015-16,2037,Jamal Crawford,Jamal,1610612746,LAC,LA Clippers,21500972,2016-03-11T00:00:00,LAC vs. NYK,W,19.3,2.0,2.0,0.0,2.0,8.0,9.0,6.0,16.0,0.0,1.0,2.0,1.0,11.7,1,1,1,1,16480,6026,4731,9917,12984,13914,19144,13388,15259,8004,17214,11390,12373,17903,1.0,19:16,2015,2016
2015-16,203109,Jae Crowder,Jae,1610612738,BOS,Boston Celtics,21500965,2016-03-11T00:00:00,BOS vs. HOU,L,21.4,4.0,0.0,2.0,2.0,5.0,8.0,7.0,24.0,1.0,0.0,1.0,1.0,15.3,1,13074,13074,13074,14735,2460,10158,4675,12984,8403,17345,15538,8723,2692,1,4972,12373,15150,1.0,21:21,2015,2016
2015-16,203943,Noah Vonleh,Noah,1610612757,POR,Portland Trail Blazers,21500971,2016-03-11T00:00:00,POR @ GSW,L,17.4,0.0,0.0,0.0,0.0,3.0,6.0,6.0,12.0,1.0,0.0,4.0,1.0,12.0,1,13074,13074,13074,18004,12059,10158,9917,18861,5109,13237,13388,18637,2692,1,22104,12373,17703,1.0,17:21,2015,2016
2015-16,1626171,Bobby Portis,Bobby,1610612741,CHI,Chicago Bulls,21500966,2016-03-11T00:00:00,CHI vs. MIA,L,18.4,0.0,0.0,1.0,0.0,2.0,4.0,4.0,22.0,0.0,0.0,2.0,1.0,15.8,1,13074,13074,13074,17195,12059,10158,9347,18861,2619,8458,8806,10265,8004,1,11390,12373,14754,1.0,18:23,2015,2016
2015-16,202330,Gordon Hayward,Gordon,1610612762,UTA,Utah Jazz,21500969,2016-03-11T00:00:00,UTA vs. WAS,W,34.0,6.0,0.0,4.0,4.0,3.0,1.0,3.0,18.0,0.0,0.0,2.0,7.0,23.9,1,1,1,1,4385,878,10158,1913,8599,5109,3393,7328,13577,8004,1,11390,469,9184,1.0,33:57,2015,2016
2015-16,201961,Wayne Ellington,Wayne,1610612751,BKN,Brooklyn Nets,21500964,2016-03-11T00:00:00,BKN @ PHI,L,28.8,6.0,0.0,5.0,0.0,2.0,10.0,8.0,32.0,0.0,0.0,1.0,0.0,24.0,1,13074,13074,13074,8521,878,10158,1277,18861,2619,20509,17194,3535,8004,1,4972,18762,9121,1.0,28:49,2015,2016
2015-16,201160,Jason Smith,Jason,1610612753,ORL,Orlando Magic,21500970,2016-03-11T00:00:00,ORL @ SAC,W,23.5,3.0,2.0,0.0,2.0,16.0,5.0,13.0,28.0,3.0,1.0,5.0,3.0,36.9,1,1,1,1,13005,4307,4731,9917,12984,23774,11469,23048,5824,347,17214,24686,4736,3210,1.0,23:27,2015,2016
2015-16,203506,Victor Oladipo,Victor,1610612753,ORL,Orlando Magic,21500970,2016-03-11T00:00:00,ORL @ SAC,W,38.8,4.0,0.0,6.0,6.0,18.0,5.0,13.0,36.0,1.0,1.0,1.0,5.0,43.3,1,1,1,1,1153,2460,10158,740,5299,24749,11469,23048,1943,2692,17214,4972,1539,1678,1.0,38:46,2015,2016
2015-16,203086,Meyers Leonard,Meyers,1610612757,POR,Portland Trail Blazers,21500971,2016-03-11T00:00:00,POR @ GSW,L,27.4,0.0,0.0,0.0,0.0,6.0,7.0,8.0,14.0,0.0,0.0,4.0,2.0,29.1,1,13074,13074,13074,9730,12059,10158,9917,18861,10028,15642,17194,17019,8004,1,22104,7786,6285,1.0,27:21,2015,2016
2015-16,202704,Reggie Jackson,Reggie,1610612765,DET,Detroit Pistons,21500963,2016-03-11T00:00:00,DET @ CHA,L,31.3,0.0,0.0,0.0,8.0,21.0,10.0,6.0,28.0,0.0,0.0,2.0,2.0,35.4,1,13074,13074,13074,6432,12059,10158,9917,3109,25535,20509,13388,5824,8004,1,11390,7786,3684,1.0,31:21,2015,2016
2015-16,101108,Chris Paul,Chris,1610612746,LAC,LA Clippers,21500972,2016-03-11T00:00:00,LAC vs. NYK,W,34.0,5.0,5.0,2.0,4.0,14.0,10.0,4.0,28.0,0.0,1.0,1.0,5.0,53.3,1,1,1,1,4362,1603,995,4675,8599,22292,20509,8806,5824,8004,17214,4972,1539,504,1.0,33:59,2015,2016
2015-16,203095,Evan Fournier,Evan,1610612753,ORL,Orlando Magic,21500970,2016-03-11T00:00:00,ORL @ SAC,W,38.2,3.0,0.0,2.0,6.0,18.0,8.0,14.0,36.0,0.0,1.0,4.0,3.0,35.4,1,1,1,1,1437,4307,10158,4675,5299,24749,17345,23710,1943,8004,17214,22104,4736,3684,1.0,38:10,2015,2016
2015-16,203076,Anthony Davis,Anthony,1610612740,NOP,New Orleans Pelicans,21500967,2016-03-11T00:00:00,NOP @ MEM,L,46.5,0.0,5.0,3.0,12.0,14.0,10.0,10.0,44.0,1.0,0.0,3.0,10.0,46.6,1,13074,13074,13074,46,12059,995,3302,988,22292,20509,20169,454,2692,1,17641,76,1122,1.0,46:30,2015,2016
2015-16,201939,Stephen Curry,Stephen,1610612744,GSW,Golden State Warriors,21500971,2016-03-11T00:00:00,GSW vs. POR,W,29.4,0.0,2.0,5.0,8.0,7.0,11.0,0.0,14.0,0.0,2.0,2.0,2.0,46.6,1,1,1,1,8021,12059,4731,1277,3109,12242,21814,1,17019,8004,23588,11390,7786,1122,1.0,29:26,2015,2016
2015-16,203476,Gorgui Dieng,Gorgui,1610612750,MIN,Minnesota Timberwolves,21500968,2016-03-11T00:00:00,MIN @ OKC,W,30.8,4.0,0.0,4.0,10.0,4.0,10.0,10.0,36.0,3.0,0.0,5.0,8.0,51.3,1,1,1,1,6880,2460,10158,1913,1840,6141,20509,20169,1943,347,1,24686,254,631,1.0,30:49,2015,2016
2015-16,204001,Kristaps Porziņģis,Kristaps,1610612752,NYK,New York Knicks,21500972,2016-03-11T00:00:00,NYK @ LAC,L,31.2,8.0,0.0,2.0,6.0,7.0,6.0,11.0,24.0,1.0,1.0,3.0,7.0,35.8,1,13074,13074,13074,6536,308,10158,4675,5299,12242,13237,21342,8723,2692,17214,17641,469,3541,1.0,31:13,2015,2016
2015-16,203096,Jared Sullinger,Jared,1610612738,BOS,Boston Celtics,21500965,2016-03-11T00:00:00,BOS vs. HOU,L,31.6,4.0,9.0,0.0,14.0,5.0,8.0,10.0,30.0,2.0,1.0,2.0,6.0,62.4,1,13074,13074,13074,6227,2460,77,9917,542,8403,17345,20169,4541,932,17214,11390,873,135,1.0,31:36,2015,2016
2015-16,203469,Cody Zeller,Cody,1610612766,CHA,Charlotte Hornets,21500963,2016-03-11T00:00:00,CHA vs. DET,W,23.9,6.0,0.0,0.0,6.0,6.0,0.0,6.0,14.0,2.0,0.0,1.0,5.0,29.8,1,1,1,1,12630,878,10158,9917,5299,10028,1,13388,17019,932,1,4972,1539,5948,1.0,23:55,2015,2016
2015-16,201959,Taj Gibson,Taj,1610612741,CHI,Chicago Bulls,21500966,2016-03-11T00:00:00,CHI vs. MIA,L,24.9,4.0,5.0,0.0,12.0,14.0,11.0,14.0,38.0,1.0,1.0,0.0,4.0,24.2,1,13074,13074,13074,11762,2460,995,9917,988,22292,21814,23710,1422,2692,17214,1,2748,9009,1.0,24:53,2015,2016
2015-16,202362,Lance Stephenson,Lance,1610612763,MEM,Memphis Grizzlies,21500967,2016-03-11T00:00:00,MEM vs. NOP,W,37.8,10.0,2.0,4.0,14.0,2.0,7.0,7.0,36.0,1.0,1.0,3.0,8.0,55.4,1,1,1,1,1607,99,4731,1913,542,2619,15642,15538,1943,2692,17214,17641,254,379,1.0,37:48,2015,2016
2015-16,201577,Robin Lopez,Robin,1610612752,NYK,New York Knicks,21500972,2016-03-11T00:00:00,NYK @ LAC,L,44.4,0.0,12.0,0.0,16.0,13.0,7.0,13.0,28.0,1.0,0.0,1.0,2.0,46.8,1,13074,13074,13074,108,12059,6,9917,275,21300,15642,23048,5824,2692,1,4972,7786,1102,1.0,44:21,2015,2016
2015-16,201950,Jrue Holiday,Jrue,1610612740,NOP,New Orleans Pelicans,21500967,2016-03-11T00:00:00,NOP @ MEM,L,40.5,0.0,3.0,5.0,18.0,14.0,10.0,10.0,46.0,1.0,1.0,4.0,7.0,51.0,1,13074,13074,13074,598,12059,3104,1277,131,22292,20509,20169,298,2692,17214,22104,469,656,1.0,40:31,2015,2016
2015-16,203932,Aaron Gordon,Aaron,1610612753,ORL,Orlando Magic,21500970,2016-03-11T00:00:00,ORL @ SAC,W,27.3,9.0,5.0,4.0,14.0,9.0,3.0,9.0,28.0,0.0,0.0,4.0,4.0,35.7,1,1,1,1,9753,171,995,1913,542,15771,7138,18829,5824,8004,1,22104,2748,3578,1.0,27:19,2015,2016
2015-16,203459,Allen Crabbe,Allen,1610612757,POR,Portland Trail Blazers,21500971,2016-03-11T00:00:00,POR @ GSW,L,29.6,0.0,0.0,0.0,4.0,5.0,6.0,7.0,14.0,2.0,0.0,1.0,3.0,23.9,1,13074,13074,13074,7891,12059,10158,9917,8599,8403,13237,15538,17019,932,1,4972,4736,9184,1.0,29:35,2015,2016
2015-16,202355,Hassan Whiteside,Hassan,1610612748,MIA,Miami Heat,21500966,2016-03-11T00:00:00,MIA @ CHI,W,30.6,4.0,2.0,2.0,12.0,7.0,8.0,5.0,20.0,3.0,1.0,0.0,2.0,47.2,1,1,1,1,7022,2460,4731,4675,988,12242,17345,11593,11929,347,17214,1,7786,1051,1.0,30:36,2015,2016
2015-16,203110,Draymond Green,Draymond,1610612744,GSW,Golden State Warriors,21500971,2016-03-11T00:00:00,GSW vs. POR,W,32.6,0.0,5.0,2.0,6.0,7.0,11.0,0.0,16.0,1.0,1.0,2.0,5.0,50.1,1,1,1,1,5447,12059,995,4675,5299,12242,21814,1,15259,2692,17214,11390,1539,743,1.0,32:34,2015,2016
2015-16,200765,Rajon Rondo,Rajon,1610612758,SAC,Sacramento Kings,21500970,2016-03-11T00:00:00,SAC vs. ORL,L,38.9,8.0,0.0,2.0,10.0,22.0,11.0,15.0,36.0,0.0,1.0,3.0,1.0,45.0,1,13074,13074,13074,1094,308,10158,4675,1840,25683,21814,24242,1943,8004,17214,17641,12373,1357,1.0,38:57,2015,2016
2015-16,201563,Michael Beasley,Michael,1610612745,HOU,Houston Rockets,21500965,2016-03-11T00:00:00,HOU @ BOS,W,15.0,2.0,6.0,0.0,14.0,6.0,7.0,8.0,10.0,0.0,1.0,3.0,0.0,29.6,1,1,1,1,19776,6026,481,9917,542,10028,15642,17194,20209,8004,17214,17641,18762,6050,1.0,14:59,2015,2016
2015-16,2548,Dwyane Wade,Dwyane,1610612748,MIA,Miami Heat,21500966,2016-03-11T00:00:00,MIA @ CHI,W,31.0,0.0,0.0,2.0,6.0,11.0,10.0,7.0,32.0,2.0,2.0,0.0,3.0,28.9,1,1,1,1,6727,12059,10158,4675,5299,18886,20509,15538,3535,932,23588,1,4736,6414,1.0,30:59,2015,2016
2015-16,201599,DeAndre Jordan,DeAndre,1610612746,LAC,LA Clippers,21500972,2016-03-11T00:00:00,LAC vs. NYK,W,37.8,0.0,0.0,0.0,8.0,14.0,15.0,4.0,30.0,6.0,0.0,4.0,3.0,51.8,1,1,1,1,1629,12059,10158,9917,3109,22292,24781,8806,4541,19,1,22104,4736,586,1.0,37:45,2015,2016
2015-16,2200,Pau Gasol,Pau,1610612741,CHI,Chicago Bulls,21500966,2016-03-11T00:00:00,CHI vs. MIA,L,29.6,0.0,0.0,0.0,4.0,17.0,11.0,18.0,40.0,2.0,1.0,2.0,1.0,44.9,1,13074,13074,13074,7876,12059,10158,9917,8599,24337,21814,25228,983,932,17214,11390,12373,1380,1.0,29:37,2015,2016
2015-16,1882,Elton Brand,Elton,1610612755,PHI,Philadelphia 76ers,21500964,2016-03-11T00:00:00,PHI vs. BKN,W,6.9,0.0,0.0,0.0,0.0,4.0,3.0,2.0,8.0,1.0,0.0,2.0,0.0,7.4,1,1,1,1,23607,12059,10158,9917,18861,6141,7138,4025,21543,2692,1,11390,18762,20912,1.0,6:53,2015,2016
2015-16,201587,Nicolas Batum,Nicolas,1610612766,CHA,Charlotte Hornets,21500963,2016-03-11T00:00:00,CHA vs. DET,W,36.9,4.0,0.0,2.0,6.0,9.0,1.0,6.0,20.0,0.0,0.0,1.0,2.0,43.5,1,1,1,1,2117,2460,10158,4675,5299,15771,3393,13388,11929,8004,1,4972,7786,1646,1.0,36:56,2015,2016
2015-16,2581,Steve Blake,Steve,1610612765,DET,Detroit Pistons,21500963,2016-03-11T00:00:00,DET @ CHA,L,16.7,0.0,0.0,0.0,2.0,4.0,0.0,2.0,14.0,0.0,0.0,1.0,1.0,11.6,1,13074,13074,13074,18532,12059,10158,9917,12984,6141,1,4025,17019,8004,1,4972,12373,17970,1.0,16:39,2015,2016
2015-16,2440,Matt Barnes,Matt,1610612763,MEM,Memphis Grizzlies,21500967,2016-03-11T00:00:00,MEM vs. NOP,W,43.6,2.0,4.0,0.0,8.0,7.0,10.0,13.0,52.0,0.0,1.0,5.0,4.0,60.2,1,1,1,1,155,6026,1596,9917,3109,12242,20509,23048,59,8004,17214,24686,2748,203,1.0,43:36,2015,2016
2015-16,201937,Ricky Rubio,Ricky,1610612750,MIN,Minnesota Timberwolves,21500968,2016-03-11T00:00:00,MIN @ OKC,W,35.9,2.0,0.0,2.0,2.0,6.0,16.0,10.0,44.0,0.0,0.0,2.0,4.0,49.6,1,1,1,1,2819,6026,10158,4675,12984,10028,25155,20169,454,8004,1,11390,2748,798,1.0,35:55,2015,2016
2015-16,201609,Goran Dragic,Goran,1610612748,MIA,Miami Heat,21500966,2016-03-11T00:00:00,MIA @ CHI,W,30.5,0.0,2.0,6.0,14.0,6.0,4.0,4.0,28.0,1.0,1.0,0.0,4.0,48.1,1,1,1,1,7105,12059,4731,740,542,10028,8458,8806,5824,2692,17214,1,2748,952,1.0,30:30,2015,2016
2015-16,202689,Kemba Walker,Kemba,1610612766,CHA,Charlotte Hornets,21500963,2016-03-11T00:00:00,CHA vs. DET,W,32.1,4.0,2.0,2.0,4.0,6.0,2.0,8.0,26.0,0.0,1.0,2.0,5.0,29.2,1,1,1,1,5771,2460,4731,4675,8599,10028,3734,17194,7214,8004,17214,11390,1539,6243,1.0,32:08,2015,2016
2015-16,201196,Ramon Sessions,Ramon,1610612764,WAS,Washington Wizards,21500969,2016-03-11T00:00:00,WAS @ UTA,L,21.4,5.0,0.0,3.0,6.0,5.0,2.0,6.0,14.0,0.0,1.0,2.0,4.0,16.8,1,13074,13074,13074,14723,1603,10158,3302,5299,8403,3734,13388,17019,8004,17214,11390,2748,13996,1.0,21:23,2015,2016
2015-16,203083,Andre Drummond,Andre,1610612765,DET,Detroit Pistons,21500963,2016-03-11T00:00:00,DET @ CHA,L,23.4,2.0,0.0,0.0,2.0,13.0,5.0,6.0,22.0,1.0,0.0,4.0,3.0,16.8,1,13074,13074,13074,13077,6026,10158,9917,12984,21300,11469,13388,10265,2692,1,22104,4736,13996,1.0,23:21,2015,2016
2015-16,202323,Evan Turner,Evan,1610612738,BOS,Boston Celtics,21500965,2016-03-11T00:00:00,BOS vs. HOU,L,30.1,4.0,0.0,2.0,2.0,11.0,10.0,7.0,42.0,0.0,0.0,1.0,2.0,39.9,1,13074,13074,13074,7448,2460,10158,4675,12984,18886,20509,15538,670,8004,1,4972,7786,2396,1.0,30:06,2015,2016
2015-16,2403,Nene,ene,1610612764,WAS,Washington Wizards,21500969,2016-03-11T00:00:00,WAS @ UTA,L,19.0,0.0,0.0,0.0,4.0,7.0,0.0,2.0,10.0,0.0,1.0,4.0,4.0,22.1,1,13074,13074,13074,16721,12059,10158,9917,8599,12242,1,4025,20209,8004,17214,22104,2748,10332,1.0,18:59,2015,2016
2015-16,204456,T.J. McConnell,T.J.,1610612755,PHI,Philadelphia 76ers,21500964,2016-03-11T00:00:00,PHI vs. BKN,W,16.1,2.0,0.0,0.0,2.0,11.0,3.0,5.0,8.0,0.0,0.0,1.0,2.0,17.4,1,1,1,1,18997,6026,10158,9917,12984,18886,7138,11593,21543,8004,1,4972,7786,13595,1.0,16:03,2015,2016
2015-16,203457,Nerlens Noel,Nerlens,1610612755,PHI,Philadelphia 76ers,21500964,2016-03-11T00:00:00,PHI vs. BKN,W,33.6,2.0,6.0,0.0,12.0,17.0,9.0,8.0,26.0,3.0,0.0,4.0,3.0,39.2,1,1,1,1,4682,6026,481,9917,988,24337,19144,17194,7214,347,1,22104,4736,2590,1.0,33:35,2015,2016
2015-16,1626161,Willie Cauley-Stein,Willie,1610612758,SAC,Sacramento Kings,21500970,2016-03-11T00:00:00,SAC vs. ORL,L,20.9,0.0,0.0,4.0,8.0,11.0,9.0,4.0,24.0,1.0,0.0,1.0,3.0,21.7,1,13074,13074,13074,15180,12059,10158,1913,3109,18886,19144,8806,8723,2692,1,4972,4736,10592,1.0,20:51,2015,2016
2015-16,201954,Darren Collison,Darren,1610612758,SAC,Sacramento Kings,21500970,2016-03-11T00:00:00,SAC vs. ORL,L,36.8,6.0,0.0,2.0,2.0,22.0,11.0,13.0,38.0,0.0,2.0,4.0,3.0,28.4,1,13074,13074,13074,2262,878,10158,4675,12984,25683,21814,23048,1422,8004,23588,22104,4736,6663,1.0,36:45,2015,2016
2015-16,202682,Derrick Williams,Derrick,1610612752,NYK,New York Knicks,21500972,2016-03-11T00:00:00,NYK @ LAC,L,15.6,2.0,4.0,4.0,6.0,8.0,3.0,7.0,12.0,0.0,3.0,0.0,5.0,21.7,1,13074,13074,13074,19378,6026,1596,1913,5299,13914,7138,15538,18637,8004,25441,1,1539,10592,1.0,15:34,2015,2016
2015-16,203497,Rudy Gobert,Rudy,1610612762,UTA,Utah Jazz,21500969,2016-03-11T00:00:00,UTA vs. WAS,W,27.5,3.0,0.0,0.0,2.0,5.0,1.0,3.0,12.0,2.0,0.0,2.0,7.0,28.7,1,1,1,1,9594,4307,10158,9917,12984,8403,3393,7328,18637,932,1,11390,469,6514,1.0,27:31,2015,2016
2015-16,2738,Andre Iguodala,Andre,1610612744,GSW,Golden State Warriors,21500971,2016-03-11T00:00:00,GSW vs. POR,W,14.8,4.0,0.0,1.0,0.0,2.0,0.0,0.0,8.0,0.0,0.0,1.0,3.0,13.4,1,1,1,1,19927,2460,10158,9347,18861,2619,1,1,21543,8004,1,4972,4736,16614,1.0,14:45,2015,2016
2015-16,203918,Rodney Hood,Rodney,1610612762,UTA,Utah Jazz,21500969,2016-03-11T00:00:00,UTA vs. WAS,W,34.4,1.0,5.0,1.0,0.0,7.0,0.0,5.0,22.0,0.0,0.0,2.0,2.0,27.7,1,1,1,1,4062,11535,995,9347,18861,12242,1,11593,10265,8004,1,11390,7786,7008,1.0,34:21,2015,2016
2015-16,2555,Nick Collison,Nick,1610612760,OKC,Oklahoma City Thunder,21500968,2016-03-11T00:00:00,OKC vs. MIN,L,16.6,0.0,3.0,0.0,2.0,9.0,0.0,2.0,10.0,0.0,0.0,1.0,2.0,13.6,1,13074,13074,13074,18576,12059,3104,9917,12984,15771,1,4025,20209,8004,1,4972,7786,16460,1.0,16:36,2015,2016
2015-16,202397,Ish Smith,Ish,1610612755,PHI,Philadelphia 76ers,21500964,2016-03-11T00:00:00,PHI vs. BKN,W,32.0,0.0,0.0,2.0,6.0,13.0,7.0,7.0,26.0,0.0,1.0,3.0,1.0,31.9,1,1,1,1,5933,12059,10158,4675,5299,21300,15642,15538,7214,8004,17214,17641,12373,4984,1.0,31:57,2015,2016
2015-16,203210,JaMychal Green,JaMychal,1610612763,MEM,Memphis Grizzlies,21500967,2016-03-11T00:00:00,MEM vs. NOP,W,38.1,2.0,2.0,2.0,12.0,5.0,4.0,15.0,28.0,1.0,1.0,5.0,4.0,39.5,1,1,1,1,1483,6026,4731,4675,988,8403,8458,24242,5824,2692,17214,24686,2748,2497,1.0,38:03,2015,2016
2015-16,101107,Marvin Williams,Marvin,1610612766,CHA,Charlotte Hornets,21500963,2016-03-11T00:00:00,CHA vs. DET,W,25.3,3.0,3.0,0.0,2.0,6.0,0.0,8.0,20.0,0.0,0.0,4.0,2.0,28.2,1,1,1,1,11419,4307,3104,9917,12984,10028,1,17194,11929,8004,1,22104,7786,6778,1.0,25:20,2015,2016
2015-16,201584,Courtney Lee,Courtney,1610612766,CHA,Charlotte Hornets,21500963,2016-03-11T00:00:00,CHA vs. DET,W,34.7,2.0,2.0,4.0,8.0,9.0,1.0,8.0,22.0,1.0,0.0,4.0,2.0,28.7,1,1,1,1,3821,6026,4731,1913,3109,15771,3393,17194,10265,2692,1,22104,7786,6514,1.0,34:40,2015,2016
2015-16,201566,Russell Westbrook,Russell,1610612760,OKC,Oklahoma City Thunder,21500968,2016-03-11T00:00:00,OKC vs. MIN,L,37.2,4.0,2.0,4.0,10.0,23.0,2.0,12.0,38.0,0.0,4.0,4.0,7.0,37.8,1,13074,13074,13074,1985,2460,4731,1913,1840,25803,3734,22259,1422,8004,25926,22104,469,2956,1.0,37:10,2015,2016
2015-16,200797,Ryan Hollins,Ryan,1610612763,MEM,Memphis Grizzlies,21500967,2016-03-11T00:00:00,MEM vs. NOP,W,12.6,0.0,2.0,0.0,4.0,5.0,6.0,8.0,12.0,3.0,0.0,2.0,1.0,13.4,1,1,1,1,21233,12059,4731,9917,8599,8403,13237,17194,18637,347,1,11390,12373,16614,1.0,12:34,2015,2016
2015-16,201585,Kosta Koufos,Kosta,1610612758,SAC,Sacramento Kings,21500970,2016-03-11T00:00:00,SAC vs. ORL,L,23.9,2.0,3.0,2.0,16.0,13.0,4.0,9.0,24.0,2.0,0.0,3.0,3.0,32.8,1,13074,13074,13074,12682,6026,3104,4675,275,21300,8458,18829,8723,932,1,17641,4736,4609,1.0,23:52,2015,2016
2015-16,203952,Andrew Wiggins,Andrew,1610612750,MIN,Minnesota Timberwolves,21500968,2016-03-11T00:00:00,MIN @ OKC,W,34.9,7.0,2.0,4.0,12.0,6.0,18.0,10.0,46.0,0.0,2.0,2.0,2.0,38.0,1,1,1,1,3581,548,4731,1913,988,10028,25634,20169,298,8004,23588,11390,7786,2903,1.0,34:56,2015,2016
2015-16,203935,Marcus Smart,Marcus,1610612738,BOS,Boston Celtics,21500965,2016-03-11T00:00:00,BOS vs. HOU,L,28.9,2.0,2.0,0.0,4.0,5.0,10.0,10.0,34.0,0.0,0.0,2.0,2.0,13.8,1,13074,13074,13074,8420,6026,4731,9917,8599,8403,20509,20169,2701,8004,1,11390,7786,16311,1.0,28:56,2015,2016
2015-16,2730,Dwight Howard,Dwight,1610612745,HOU,Houston Rockets,21500965,2016-03-11T00:00:00,HOU @ BOS,W,34.7,0.0,4.0,0.0,12.0,21.0,12.0,15.0,28.0,1.0,0.0,2.0,1.0,32.4,1,1,1,1,3741,12059,1596,9917,988,25535,22832,24242,5824,2692,1,11390,12373,4768,1.0,34:45,2015,2016
2015-16,203499,Shane Larkin,Shane,1610612751,BKN,Brooklyn Nets,21500964,2016-03-11T00:00:00,BKN @ PHI,L,14.5,0.0,0.0,0.0,0.0,9.0,4.0,2.0,10.0,0.0,0.0,2.0,1.0,13.5,1,13074,13074,13074,20103,12059,10158,9917,18861,15771,8458,4025,20209,8004,1,11390,12373,16552,1.0,14:30,2015,2016
2015-16,202738,Isaiah Thomas,Isaiah,1610612738,BOS,Boston Celtics,21500965,2016-03-11T00:00:00,BOS vs. HOU,L,38.4,9.0,0.0,6.0,8.0,10.0,10.0,9.0,44.0,0.0,2.0,3.0,4.0,32.4,1,13074,13074,13074,1320,171,10158,740,3109,17370,20509,18829,454,8004,23588,17641,2748,4768,1.0,38:24,2015,2016
2015-16,201152,Thaddeus Young,Thaddeus,1610612751,BKN,Brooklyn Nets,21500964,2016-03-11T00:00:00,BKN @ PHI,L,39.9,4.0,3.0,3.0,12.0,5.0,10.0,10.0,40.0,0.0,2.0,3.0,4.0,39.8,1,13074,13074,13074,755,2460,3104,3302,988,8403,20509,20169,983,8004,23588,17641,2748,2422,1.0,39:55,2015,2016
2015-16,201145,Jeff Green,Jeff,1610612746,LAC,LA Clippers,21500972,2016-03-11T00:00:00,LAC vs. NYK,W,45.0,4.0,2.0,5.0,8.0,16.0,19.0,8.0,38.0,1.0,0.0,2.0,3.0,33.2,1,1,1,1,83,2460,4731,1277,3109,23774,25786,17194,1422,2692,1,11390,4736,4462,1.0,44:59,2015,2016
2015-16,201943,Brandon Jennings,Brandon,1610612753,ORL,Orlando Magic,21500970,2016-03-11T00:00:00,ORL @ SAC,W,14.0,0.0,0.0,0.0,2.0,10.0,2.0,6.0,12.0,1.0,0.0,1.0,0.0,13.4,1,1,1,1,20413,12059,10158,9917,12984,17370,3734,13388,18637,2692,1,4972,18762,16614,1.0,13:59,2015,2016
2015-16,2546,Carmelo Anthony,Carmelo,1610612752,NYK,New York Knicks,21500972,2016-03-11T00:00:00,NYK @ LAC,L,43.1,0.0,0.0,0.0,6.0,17.0,11.0,10.0,30.0,0.0,4.0,4.0,5.0,33.2,1,13074,13074,13074,197,12059,10158,9917,5299,24337,21814,20169,4541,8004,25926,22104,1539,4462,1.0,43:07,2015,2016
2015-16,202734,E'Twaun Moore,E'Twaun,1610612741,CHI,Chicago Bulls,21500966,2016-03-11T00:00:00,CHI vs. MIA,L,27.1,2.0,0.0,0.0,2.0,16.0,11.0,12.0,38.0,1.0,1.0,1.0,0.0,16.9,1,13074,13074,13074,9934,6026,10158,9917,12984,23774,21814,22259,1422,2692,17214,4972,18762,13911,1.0,27:05,2015,2016
2015-16,203486,Mason Plumlee,Mason,1610612757,POR,Portland Trail Blazers,21500971,2016-03-11T00:00:00,POR @ GSW,L,18.6,2.0,5.0,0.0,6.0,3.0,5.0,6.0,12.0,0.0,1.0,0.0,3.0,22.3,1,13074,13074,13074,17055,6026,995,9917,5299,5109,11469,13388,18637,8004,17214,1,4736,10208,1.0,18:33,2015,2016
2015-16,201228,C.J. Watson,C.J.,1610612753,ORL,Orlando Magic,21500970,2016-03-11T00:00:00,ORL @ SAC,W,34.0,2.0,0.0,2.0,4.0,12.0,6.0,12.0,34.0,1.0,0.0,1.0,2.0,26.1,1,1,1,1,4340,6026,10158,4675,8599,20178,13237,22259,2701,2692,1,4972,7786,7836,1.0,34:01,2015,2016
2015-16,201945,Gerald Henderson,Gerald,1610612757,POR,Portland Trail Blazers,21500971,2016-03-11T00:00:00,POR @ GSW,L,13.5,2.0,0.0,0.0,2.0,5.0,1.0,7.0,10.0,0.0,0.0,2.0,2.0,15.0,1,13074,13074,13074,20716,6026,10158,9917,12984,8403,3393,15538,20209,8004,1,11390,7786,15404,1.0,13:28,2015,2016
2015-16,202714,Shelvin Mack,Shelvin,1610612762,UTA,Utah Jazz,21500969,2016-03-11T00:00:00,UTA vs. WAS,W,34.0,4.0,2.0,0.0,6.0,8.0,1.0,6.0,18.0,0.0,0.0,1.0,2.0,33.6,1,1,1,1,4340,2460,4731,9917,5299,13914,3393,13388,13577,8004,1,4972,7786,4305,1.0,34:01,2015,2016
2015-16,203924,Jerami Grant,Jerami,1610612755,PHI,Philadelphia 76ers,21500964,2016-03-11T00:00:00,PHI vs. BKN,W,16.8,0.0,0.0,2.0,4.0,5.0,2.0,3.0,12.0,2.0,1.0,1.0,2.0,18.9,1,1,1,1,18393,12059,10158,4675,8599,8403,3734,7328,18637,932,17214,4972,7786,12513,1.0,16:50,2015,2016
2015-16,1626209,Mario Hezonja,Mario,1610612753,ORL,Orlando Magic,21500970,2016-03-11T00:00:00,ORL @ SAC,W,19.1,0.0,0.0,0.0,2.0,8.0,3.0,9.0,20.0,0.0,0.0,1.0,1.0,9.8,1,1,1,1,16642,12059,10158,9917,12984,13914,7138,18829,11929,8004,1,4972,12373,19331,1.0,19:04,2015,2016
2015-16,203991,Clint Capela,Clint,1610612745,HOU,Houston Rockets,21500965,2016-03-11T00:00:00,HOU @ BOS,W,10.5,0.0,0.0,0.0,6.0,6.0,4.0,8.0,14.0,1.0,0.0,2.0,1.0,10.2,1,1,1,1,22237,12059,10158,9917,5299,10028,8458,17194,17019,2692,1,11390,12373,19003,1.0,10:29,2015,2016
2015-16,2399,Mike Dunleavy,Mike,1610612741,CHI,Chicago Bulls,21500966,2016-03-11T00:00:00,CHI vs. MIA,L,24.6,0.0,2.0,0.0,4.0,14.0,11.0,12.0,36.0,0.0,0.0,1.0,1.0,14.4,1,13074,13074,13074,12017,12059,4731,9917,8599,22292,21814,22259,1943,8004,1,4972,12373,15857,1.0,24:36,2015,2016
2015-16,1626179,Terry Rozier,Terry,1610612738,BOS,Boston Celtics,21500965,2016-03-11T00:00:00,BOS vs. HOU,L,10.3,0.0,3.0,0.0,0.0,2.0,4.0,3.0,12.0,0.0,0.0,0.0,0.0,14.9,1,13074,13074,13074,22329,12059,3104,9917,18861,2619,8458,7328,18637,8004,1,1,18762,15463,1.0,10:16,2015,2016
2015-16,200755,JJ Redick,JJ,1610612746,LAC,LA Clippers,21500972,2016-03-11T00:00:00,LAC vs. NYK,W,30.6,0.0,0.0,0.0,0.0,10.0,10.0,4.0,24.0,0.0,0.0,1.0,5.0,22.9,1,1,1,1,7036,12059,10158,9917,18861,17370,20509,8806,8723,8004,1,4972,1539,9811,1.0,30:35,2015,2016
2015-16,2754,Tony Allen,Tony,1610612763,MEM,Memphis Grizzlies,21500967,2016-03-11T00:00:00,MEM vs. NOP,W,36.5,4.0,0.0,2.0,8.0,7.0,10.0,11.0,40.0,0.0,2.0,2.0,2.0,23.3,1,1,1,1,2384,2460,10158,4675,3109,12242,20509,21342,983,8004,23588,11390,7786,9567,1.0,36:31,2015,2016
2015-16,201142,Kevin Durant,Kevin,1610612760,OKC,Oklahoma City Thunder,21500968,2016-03-11T00:00:00,OKC vs. MIN,L,37.7,0.0,0.0,4.0,16.0,20.0,0.0,14.0,32.0,1.0,1.0,2.0,5.0,33.7,1,13074,13074,13074,1637,12059,10158,1913,275,25338,1,23710,3535,2692,17214,11390,1539,4280,1.0,37:44,2015,2016
2015-16,202693,Markieff Morris,Markieff,1610612764,WAS,Washington Wizards,21500969,2016-03-11T00:00:00,WAS @ UTA,L,29.4,0.0,0.0,0.0,2.0,14.0,5.0,5.0,20.0,0.0,0.0,4.0,1.0,23.8,1,13074,13074,13074,8059,12059,10158,9917,12984,22292,11469,11593,11929,8004,1,22104,12373,9261,1.0,29:24,2015,2016
2015-16,101141,Ersan Ilyasova,Ersan,1610612753,ORL,Orlando Magic,21500970,2016-03-11T00:00:00,ORL @ SAC,W,20.7,3.0,4.0,1.0,6.0,13.0,5.0,9.0,18.0,1.0,0.0,5.0,2.0,19.2,1,1,1,1,15327,4307,1596,9347,5299,21300,11469,18829,13577,2692,1,24686,7786,12284,1.0,20:41,2015,2016
2015-16,203084,Harrison Barnes,Harrison,1610612744,GSW,Golden State Warriors,21500971,2016-03-11T00:00:00,GSW vs. POR,W,29.9,0.0,1.0,2.0,0.0,0.0,12.0,0.0,18.0,1.0,0.0,3.0,5.0,19.2,1,1,1,1,7672,12059,9709,4675,18861,1,22832,1,13577,2692,1,17641,1539,12284,1.0,29:51,2015,2016
2015-16,202694,Marcus Morris Sr.,Marcus,1610612765,DET,Detroit Pistons,21500963,2016-03-11T00:00:00,DET @ CHA,L,31.4,3.0,1.0,0.0,6.0,18.0,6.0,8.0,30.0,0.0,2.0,5.0,3.0,19.3,1,13074,13074,13074,6393,4307,9709,9917,5299,24749,13237,17194,4541,8004,23588,24686,4736,12228,1.0,31:23,2015,2016
2015-16,203473,Dewayne Dedmon,Dewayne,1610612753,ORL,Orlando Magic,21500970,2016-03-11T00:00:00,ORL @ SAC,W,24.6,0.0,4.0,0.0,8.0,6.0,3.0,5.0,18.0,1.0,1.0,1.0,2.0,19.4,1,1,1,1,12068,12059,1596,9917,3109,10028,7138,11593,13577,2692,17214,4972,7786,12154,1.0,24:33,2015,2016
2015-16,202699,Tobias Harris,Tobias,1610612765,DET,Detroit Pistons,21500963,2016-03-11T00:00:00,DET @ CHA,L,34.7,4.0,0.0,4.0,6.0,23.0,10.0,6.0,28.0,0.0,1.0,2.0,4.0,34.5,1,13074,13074,13074,3806,2460,10158,1913,5299,25803,20509,13388,5824,8004,17214,11390,2748,3997,1.0,34:40,2015,2016
2015-16,1626196,Josh Richardson,Josh,1610612748,MIA,Miami Heat,21500966,2016-03-11T00:00:00,MIA @ CHI,W,31.7,5.0,0.0,4.0,6.0,9.0,9.0,8.0,20.0,0.0,1.0,3.0,0.0,33.4,1,1,1,1,6120,1603,10158,1913,5299,15771,19144,17194,11929,8004,17214,17641,18762,4384,1.0,31:44,2015,2016
2015-16,201962,Toney Douglas,Toney,1610612740,NOP,New Orleans Pelicans,21500967,2016-03-11T00:00:00,NOP @ MEM,L,41.7,2.0,0.0,1.0,6.0,14.0,10.0,10.0,40.0,0.0,3.0,6.0,2.0,33.4,1,13074,13074,13074,353,6026,10158,9347,5299,22292,20509,20169,983,8004,25441,25827,7786,4384,1.0,41:44,2015,2016
2015-16,201158,Marco Belinelli,Marco,1610612758,SAC,Sacramento Kings,21500970,2016-03-11T00:00:00,SAC vs. ORL,L,27.7,0.0,0.0,6.0,0.0,11.0,10.0,9.0,36.0,0.0,0.0,2.0,2.0,19.3,1,13074,13074,13074,9441,12059,10158,740,18861,18886,20509,18829,1943,8004,1,11390,7786,12228,1.0,27:43,2015,2016
2015-16,204038,Langston Galloway,Langston,1610612752,NYK,New York Knicks,21500972,2016-03-11T00:00:00,NYK @ LAC,L,21.2,0.0,3.0,0.0,0.0,8.0,5.0,5.0,14.0,1.0,1.0,3.0,1.0,19.0,1,13074,13074,13074,14849,12059,3104,9917,18861,13914,11469,11593,17019,2692,17214,17641,12373,12440,1.0,21:14,2015,2016
2015-16,101181,Jose Calderon,Jose,1610612752,NYK,New York Knicks,21500972,2016-03-11T00:00:00,NYK @ LAC,L,38.5,0.0,0.0,0.0,0.0,11.0,9.0,12.0,26.0,0.0,0.0,6.0,1.0,19.3,1,13074,13074,13074,1300,12059,10158,9917,18861,18886,19144,22259,7214,8004,1,25827,12373,12228,1.0,38:28,2015,2016
2015-16,1626158,Richaun Holmes,Richaun,1610612755,PHI,Philadelphia 76ers,21500964,2016-03-11T00:00:00,PHI vs. BKN,W,11.9,0.0,0.0,2.0,2.0,7.0,0.0,4.0,6.0,0.0,1.0,1.0,0.0,3.0,1,1,1,1,21637,12059,10158,4675,12984,12242,1,8806,22724,8004,17214,4972,18762,23648,1.0,11:54,2015,2016
2015-16,203900,Markel Brown,Markel,1610612751,BKN,Brooklyn Nets,21500964,2016-03-11T00:00:00,BKN @ PHI,L,27.8,0.0,0.0,0.0,2.0,9.0,10.0,4.0,28.0,0.0,0.0,1.0,1.0,8.1,1,13074,13074,13074,9352,12059,10158,9917,12984,15771,20509,8806,5824,8004,1,4972,12373,20521,1.0,27:50,2015,2016
2015-16,203085,Austin Rivers,Austin,1610612746,LAC,LA Clippers,21500972,2016-03-11T00:00:00,LAC vs. NYK,W,19.1,4.0,0.0,4.0,6.0,2.0,13.0,4.0,20.0,0.0,1.0,2.0,0.0,18.4,1,1,1,1,16600,2460,10158,1913,5299,2619,23668,8806,11929,8004,17214,11390,18762,12854,1.0,19:07,2015,2016
2015-16,201177,Josh McRoberts,Josh,1610612748,MIA,Miami Heat,21500966,2016-03-11T00:00:00,MIA @ CHI,W,2.8,0.0,0.0,0.0,0.0,0.0,3.0,1.0,0.0,0.0,0.0,1.0,0.0,3.0,1,1,1,1,25200,12059,10158,9917,18861,1,7138,3646,25429,8004,1,4972,18762,23648,1.0,2:47,2015,2016
2015-16,203481,Jeff Withey,Jeff,1610612762,UTA,Utah Jazz,21500969,2016-03-11T00:00:00,UTA vs. WAS,W,2.3,0.0,0.0,0.0,2.0,0.0,0.0,0.0,0.0,0.0,0.0,0.0,1.0,3.0,1,1,1,1,25421,12059,10158,9917,12984,1,1,1,25429,8004,1,1,12373,23648,1.0,2:17,2015,2016
2015-16,1626169,Stanley Johnson,Stanley,1610612765,DET,Detroit Pistons,21500963,2016-03-11T00:00:00,DET @ CHA,L,9.2,0.0,0.0,0.0,0.0,5.0,2.0,0.0,8.0,0.0,0.0,2.0,0.0,3.0,1,13074,13074,13074,22752,12059,10158,9917,18861,8403,3734,1,21543,8004,1,11390,18762,23648,1.0,9:13,2015,2016
2015-16,201147,Corey Brewer,Corey,1610612745,HOU,Houston Rockets,21500965,2016-03-11T00:00:00,HOU @ BOS,W,22.2,2.0,0.0,5.0,6.0,15.0,10.0,11.0,26.0,0.0,0.0,4.0,1.0,16.5,1,1,1,1,14035,6026,10158,1277,5299,23079,20509,21342,7214,8004,1,22104,12373,14224,1.0,22:10,2015,2016
2015-16,202391,Jeremy Lin,Jeremy,1610612766,CHA,Charlotte Hornets,21500963,2016-03-11T00:00:00,CHA vs. DET,W,22.3,3.0,3.0,0.0,2.0,7.0,3.0,2.0,18.0,0.0,0.0,0.0,1.0,18.2,1,1,1,1,13905,4307,3104,9917,12984,12242,7138,4025,13577,8004,1,1,12373,13004,1.0,22:19,2015,2016
2015-16,201229,Anthony Tolliver,Anthony,1610612765,DET,Detroit Pistons,21500963,2016-03-11T00:00:00,DET @ CHA,L,9.3,0.0,0.0,0.0,0.0,0.0,0.0,0.0,8.0,0.0,0.0,0.0,1.0,3.0,1,13074,13074,13074,22722,12059,10158,9917,18861,1,1,1,21543,8004,1,1,12373,23648,1.0,9:18,2015,2016
2015-16,202329,Al-Farouq Aminu,Al-Farouq,1610612757,POR,Portland Trail Blazers,21500971,2016-03-11T00:00:00,POR @ GSW,L,20.5,3.0,0.0,0.0,0.0,4.0,6.0,7.0,12.0,0.0,0.0,2.0,0.0,13.2,1,13074,13074,13074,15465,4307,10158,9917,18861,6141,13237,15538,18637,8004,1,11390,18762,16768,1.0,20:31,2015,2016
2015-16,203897,Zach LaVine,Zach,1610612750,MIN,Minnesota Timberwolves,21500968,2016-03-11T00:00:00,MIN @ OKC,W,35.3,2.0,0.0,2.0,4.0,6.0,12.0,10.0,42.0,1.0,2.0,1.0,2.0,16.2,1,1,1,1,3334,6026,10158,4675,8599,10028,22832,20169,670,2692,23588,4972,7786,14436,1.0,35:16,2015,2016
2015-16,203460,Andre Roberson,Andre,1610612760,OKC,Oklahoma City Thunder,21500968,2016-03-11T00:00:00,OKC vs. MIN,L,14.0,0.0,2.0,0.0,2.0,11.0,2.0,10.0,22.0,1.0,0.0,1.0,0.0,12.8,1,13074,13074,13074,20399,12059,4731,9917,12984,18886,3734,20169,10265,2692,1,4972,18762,17129,1.0,14:01,2015,2016
2015-16,2760,Anderson Varejao,Anderson,1610612744,GSW,Golden State Warriors,21500971,2016-03-11T00:00:00,GSW vs. POR,W,11.5,2.0,0.0,2.0,4.0,0.0,3.0,0.0,8.0,0.0,0.0,2.0,0.0,12.7,1,1,1,1,21840,6026,10158,4675,8599,1,7138,1,21543,8004,1,11390,18762,17201,1.0,11:29,2015,2016
2015-16,202334,Ed Davis,Ed,1610612757,POR,Portland Trail Blazers,21500971,2016-03-11T00:00:00,POR @ GSW,L,9.7,0.0,0.0,0.0,0.0,5.0,0.0,5.0,8.0,0.0,0.0,2.0,1.0,2.2,1,13074,13074,13074,22547,12059,10158,9917,18861,8403,1,11593,21543,8004,1,11390,12373,24138,1.0,9:44,2015,2016
2015-16,1891,Jason Terry,Jason,1610612745,HOU,Houston Rockets,21500965,2016-03-11T00:00:00,HOU @ BOS,W,21.0,2.0,0.0,2.0,2.0,14.0,8.0,13.0,22.0,0.0,0.0,0.0,0.0,2.5,1,1,1,1,15091,6026,10158,4675,12984,22292,17345,23048,10265,8004,1,1,18762,24003,1.0,20:58,2015,2016
2015-16,1626192,Pat Connaughton,Pat,1610612757,POR,Portland Trail Blazers,21500971,2016-03-11T00:00:00,POR @ GSW,L,12.0,0.0,0.0,0.0,4.0,0.0,3.0,0.0,2.0,0.0,1.0,0.0,0.0,12.4,1,13074,13074,13074,21529,12059,10158,9917,8599,1,7138,1,24614,8004,17214,1,18762,17418,1.0,12:00,2015,2016
2015-16,201578,Marreese Speights,Marreese,1610612744,GSW,Golden State Warriors,21500971,2016-03-11T00:00:00,GSW vs. POR,W,10.9,0.0,0.0,0.0,0.0,2.0,3.0,0.0,8.0,0.0,0.0,3.0,1.0,2.2,1,1,1,1,22069,12059,10158,9917,18861,2619,7138,1,21543,8004,1,17641,12373,24138,1.0,10:55,2015,2016
2015-16,202066,Garrett Temple,Garrett,1610612764,WAS,Washington Wizards,21500969,2016-03-11T00:00:00,WAS @ UTA,L,20.7,0.0,0.0,0.0,0.0,11.0,3.0,4.0,14.0,0.0,0.0,1.0,0.0,7.7,1,13074,13074,13074,15345,12059,10158,9917,18861,18886,7138,8806,17019,8004,1,4972,18762,20733,1.0,20:39,2015,2016
2015-16,203503,Tony Snell,Tony,1610612741,CHI,Chicago Bulls,21500966,2016-03-11T00:00:00,CHI vs. MIA,L,10.3,2.0,3.0,2.0,2.0,2.0,2.0,4.0,16.0,0.0,0.0,3.0,0.0,8.5,1,13074,13074,13074,22326,6026,3104,4675,12984,2619,3734,8806,15259,8004,1,17641,18762,20215,1.0,10:16,2015,2016
2015-16,101162,Marcin Gortat,Marcin,1610612764,WAS,Washington Wizards,21500969,2016-03-11T00:00:00,WAS @ UTA,L,18.5,0.0,0.0,0.0,6.0,11.0,5.0,3.0,14.0,1.0,0.0,5.0,1.0,16.3,1,13074,13074,13074,17066,12059,10158,9917,5299,18886,11469,7328,17019,2692,1,24686,12373,14372,1.0,18:32,2015,2016
2015-16,203496,Robert Covington,Robert,1610612755,PHI,Philadelphia 76ers,21500964,2016-03-11T00:00:00,PHI vs. BKN,W,17.3,3.0,0.0,0.0,0.0,5.0,2.0,5.0,12.0,0.0,0.0,0.0,0.0,16.8,1,1,1,1,18084,4307,10158,9917,18861,8403,3734,11593,18637,8004,1,1,18762,13996,1.0,17:15,2015,2016
2015-16,203187,Chris Johnson,Chris,1610612762,UTA,Utah Jazz,21500969,2016-03-11T00:00:00,UTA vs. WAS,W,14.2,2.0,0.0,5.0,4.0,1.0,1.0,0.0,8.0,0.0,1.0,3.0,1.0,7.6,1,1,1,1,20319,6026,10158,1277,8599,2356,3393,1,21543,8004,17214,17641,12373,20803,1.0,14:09,2015,2016
2015-16,203493,Reggie Bullock Jr.,Reggie,1610612765,DET,Detroit Pistons,21500963,2016-03-11T00:00:00,DET @ CHA,L,18.0,0.0,0.0,0.0,0.0,4.0,2.0,4.0,16.0,0.0,0.0,1.0,0.0,8.4,1,13074,13074,13074,17554,12059,10158,9917,18861,6141,3734,8806,15259,8004,1,4972,18762,20273,1.0,17:57,2015,2016
2015-16,202087,Alonzo Gee,Alonzo,1610612740,NOP,New Orleans Pelicans,21500967,2016-03-11T00:00:00,NOP @ MEM,L,25.4,0.0,0.0,0.0,0.0,14.0,6.0,8.0,40.0,0.0,0.0,2.0,1.0,7.8,1,13074,13074,13074,11393,12059,10158,9917,18861,22292,13237,17194,983,8004,1,11390,12373,20696,1.0,25:23,2015,2016
2015-16,202325,Wesley Johnson,Wesley,1610612746,LAC,LA Clippers,21500972,2016-03-11T00:00:00,LAC vs. NYK,W,23.5,0.0,0.0,4.0,4.0,4.0,6.0,4.0,12.0,0.0,0.0,4.0,1.0,16.8,1,1,1,1,13005,12059,10158,1913,8599,6141,13237,8806,18637,8004,1,22104,12373,13996,1.0,23:27,2015,2016
2015-16,202703,Nikola Mirotic,Nikola,1610612741,CHI,Chicago Bulls,21500966,2016-03-11T00:00:00,CHI vs. MIA,L,19.3,2.0,0.0,2.0,2.0,5.0,4.0,8.0,22.0,0.0,0.0,2.0,2.0,13.1,1,13074,13074,13074,16494,6026,10158,4675,12984,8403,8458,17194,10265,8004,1,11390,7786,16874,1.0,19:15,2015,2016
2015-16,2744,Al Jefferson,Al,1610612766,CHA,Charlotte Hornets,21500963,2016-03-11T00:00:00,CHA vs. DET,W,21.4,0.0,0.0,0.0,6.0,5.0,3.0,2.0,18.0,0.0,2.0,5.0,2.0,21.3,1,1,1,1,14708,12059,10158,9917,5299,8403,7138,4025,13577,8004,23588,24686,7786,10880,1.0,21:23,2015,2016
2015-16,202700,Donatas Motiejunas,Donatas,1610612745,HOU,Houston Rockets,21500965,2016-03-11T00:00:00,HOU @ BOS,W,10.3,0.0,0.0,0.0,2.0,6.0,0.0,6.0,6.0,0.0,0.0,0.0,1.0,8.3,1,1,1,1,22333,12059,10158,9917,12984,10028,1,13388,22724,8004,1,1,12373,20376,1.0,10:15,2015,2016
2015-16,202344,Trevor Booker,Trevor,1610612762,UTA,Utah Jazz,21500969,2016-03-11T00:00:00,UTA vs. WAS,W,16.4,0.0,0.0,0.0,4.0,6.0,3.0,4.0,16.0,2.0,0.0,2.0,2.0,16.3,1,1,1,1,18734,12059,10158,9917,8599,10028,7138,8806,15259,932,1,11390,7786,14372,1.0,16:24,2015,2016
2015-16,203112,Quincy Acy,Quincy,1610612758,SAC,Sacramento Kings,21500970,2016-03-11T00:00:00,SAC vs. ORL,L,14.5,0.0,3.0,0.0,2.0,12.0,3.0,6.0,12.0,0.0,0.0,2.0,1.0,8.3,1,13074,13074,13074,20126,12059,3104,9917,12984,20178,7138,13388,18637,8004,1,11390,12373,20376,1.0,14:28,2015,2016
2015-16,203798,PJ Hairston,PJ,1610612763,MEM,Memphis Grizzlies,21500967,2016-03-11T00:00:00,MEM vs. NOP,W,24.0,0.0,0.0,4.0,6.0,2.0,6.0,6.0,30.0,0.0,0.0,5.0,1.0,16.3,1,1,1,1,12526,12059,10158,1913,5299,2619,13237,13388,4541,8004,1,24686,12373,14372,1.0,24:02,2015,2016
2015-16,201586,Serge Ibaka,Serge,1610612760,OKC,Oklahoma City Thunder,21500968,2016-03-11T00:00:00,OKC vs. MIN,L,20.0,0.0,0.0,0.0,0.0,13.0,0.0,10.0,20.0,1.0,0.0,6.0,1.0,6.4,1,13074,13074,13074,15937,12059,10158,9917,18861,21300,1,20169,11929,2692,1,25827,12373,21589,1.0,19:58,2015,2016
2015-16,203090,Maurice Harkless,Maurice,1610612757,POR,Portland Trail Blazers,21500971,2016-03-11T00:00:00,POR @ GSW,L,20.9,0.0,0.0,0.0,2.0,1.0,6.0,3.0,6.0,0.0,0.0,4.0,0.0,2.0,1,13074,13074,13074,15125,12059,10158,9917,12984,2356,13237,7328,22724,8004,1,22104,18762,24216,1.0,20:55,2015,2016
2015-16,2419,Tayshaun Prince,Tayshaun,1610612750,MIN,Minnesota Timberwolves,21500968,2016-03-11T00:00:00,MIN @ OKC,W,14.7,0.0,0.0,0.0,2.0,2.0,2.0,4.0,16.0,0.0,0.0,1.0,1.0,5.9,1,1,1,1,19995,12059,10158,9917,12984,2619,3734,8806,15259,8004,1,4972,12373,21953,1.0,14:39,2015,2016
2015-16,203909,KJ McDaniels,KJ,1610612745,HOU,Houston Rockets,21500965,2016-03-11T00:00:00,HOU @ BOS,W,13.6,2.0,0.0,0.0,2.0,6.0,7.0,6.0,12.0,0.0,0.0,1.0,0.0,6.4,1,1,1,1,20670,6026,10158,9917,12984,10028,15642,13388,18637,8004,1,4972,18762,21589,1.0,13:33,2015,2016
2015-16,201600,Omer Asik,Omer,1610612740,NOP,New Orleans Pelicans,21500967,2016-03-11T00:00:00,NOP @ MEM,L,12.9,0.0,0.0,0.0,0.0,0.0,4.0,4.0,6.0,0.0,2.0,1.0,0.0,6.0,1,13074,13074,13074,21047,12059,10158,9917,18861,1,8458,8806,22724,8004,23588,4972,18762,21878,1.0,12:52,2015,2016
2015-16,203080,Thomas Robinson,Thomas,1610612751,BKN,Brooklyn Nets,21500964,2016-03-11T00:00:00,BKN @ PHI,L,13.8,0.0,0.0,0.0,0.0,9.0,4.0,0.0,8.0,0.0,0.0,2.0,1.0,5.9,1,13074,13074,13074,20559,12059,10158,9917,18861,15771,8458,1,21543,8004,1,11390,12373,21953,1.0,13:45,2015,2016
2015-16,203111,Orlando Johnson,Orlando,1610612740,NOP,New Orleans Pelicans,21500967,2016-03-11T00:00:00,NOP @ MEM,L,4.8,0.0,0.0,0.0,0.0,2.0,0.0,2.0,4.0,0.0,1.0,1.0,0.0,1.2,1,13074,13074,13074,24436,12059,10158,9917,18861,2619,1,4025,23698,8004,17214,4972,18762,24661,1.0,4:47,2015,2016
2015-16,203917,Nik Stauskas,Nik,1610612755,PHI,Philadelphia 76ers,21500964,2016-03-11T00:00:00,PHI vs. BKN,W,20.6,0.0,2.0,2.0,4.0,13.0,6.0,4.0,16.0,0.0,0.0,0.0,3.0,11.1,1,1,1,1,15360,12059,4731,4675,8599,21300,13237,8806,15259,8004,1,1,4736,18370,1.0,20:38,2015,2016
2015-16,202357,Nemanja Bjelica,Nemanja,1610612750,MIN,Minnesota Timberwolves,21500968,2016-03-11T00:00:00,MIN @ OKC,W,6.9,0.0,0.0,0.0,0.0,4.0,0.0,1.0,8.0,0.0,0.0,4.0,0.0,1.7,1,1,1,1,23602,12059,10158,9917,18861,6141,1,3646,21543,8004,1,22104,18762,24436,1.0,6:53,2015,2016
2015-16,2756,Sasha Vujacic,Sasha,1610612752,NYK,New York Knicks,21500972,2016-03-11T00:00:00,NYK @ LAC,L,28.0,4.0,0.0,0.0,0.0,7.0,6.0,10.0,20.0,0.0,0.0,2.0,1.0,15.9,1,13074,13074,13074,9262,2460,10158,9917,18861,12242,13237,20169,11929,8004,1,11390,12373,14675,1.0,27:57,2015,2016
2015-16,203268,Jorge Gutierrez,Jorge,1610612766,CHA,Charlotte Hornets,21500963,2016-03-11T00:00:00,CHA vs. DET,W,2.7,0.0,0.0,0.0,0.0,2.0,0.0,0.0,6.0,0.0,0.0,1.0,0.0,1.7,1,1,1,1,25251,12059,10158,9917,18861,2619,1,1,22724,8004,1,4972,18762,24436,1.0,2:42,2015,2016
2015-16,203143,Pablo Prigioni,Pablo,1610612746,LAC,LA Clippers,21500972,2016-03-11T00:00:00,LAC vs. NYK,W,7.5,0.0,0.0,0.0,0.0,2.0,4.0,2.0,6.0,1.0,0.0,0.0,0.0,6.0,1,1,1,1,23393,12059,10158,9917,18861,2619,8458,4025,22724,2692,1,1,18762,21878,1.0,7:29,2015,2016
2015-16,204060,Joe Ingles,Joe,1610612762,UTA,Utah Jazz,21500969,2016-03-11T00:00:00,UTA vs. WAS,W,7.2,0.0,0.0,0.0,0.0,5.0,2.0,4.0,8.0,0.0,0.0,1.0,0.0,6.2,1,1,1,1,23499,12059,10158,9917,18861,8403,3734,8806,21543,8004,1,4972,18762,21696,1.0,7:11,2015,2016
2015-16,200751,Randy Foye,Randy,1610612760,OKC,Oklahoma City Thunder,21500968,2016-03-11T00:00:00,OKC vs. MIN,L,28.7,2.0,0.0,0.0,2.0,13.0,0.0,2.0,18.0,0.0,1.0,4.0,1.0,11.2,1,13074,13074,13074,8689,6026,10158,9917,12984,21300,1,4025,13577,8004,17214,22104,12373,18267,1.0,28:39,2015,2016
2015-16,203124,Kyle O'Quinn,Kyle,1610612752,NYK,New York Knicks,21500972,2016-03-11T00:00:00,NYK @ LAC,L,6.5,0.0,0.0,0.0,0.0,6.0,6.0,2.0,6.0,0.0,0.0,0.0,0.0,1.7,1,13074,13074,13074,23754,12059,10158,9917,18861,10028,13237,4025,22724,8004,1,1,18762,24436,1.0,6:29,2015,2016
2015-16,101187,Alan Anderson,Alan,1610612764,WAS,Washington Wizards,21500969,2016-03-11T00:00:00,WAS @ UTA,L,15.5,0.0,0.0,0.0,0.0,2.0,2.0,0.0,6.0,0.0,0.0,3.0,0.0,5.7,1,13074,13074,13074,19400,12059,10158,9917,18861,2619,3734,1,22724,8004,1,17641,18762,22054,1.0,15:31,2015,2016
2015-16,201162,Jared Dudley,Jared,1610612764,WAS,Washington Wizards,21500969,2016-03-11T00:00:00,WAS @ UTA,L,19.5,2.0,2.0,0.0,2.0,6.0,6.0,5.0,16.0,0.0,0.0,2.0,2.0,11.4,1,13074,13074,13074,16306,6026,4731,9917,12984,10028,13237,11593,15259,8004,1,11390,7786,18134,1.0,19:31,2015,2016
2015-16,203462,Archie Goodwin,Archie,1610612756,PHX,Phoenix Suns,21500961,2016-03-10T00:00:00,PHX @ DEN,L,19.7,2.0,0.0,4.0,6.0,11.0,4.0,9.0,28.0,0.0,0.0,4.0,2.0,10.6,1,13074,13074,13074,16122,6026,10158,1913,5299,18886,8458,18829,5824,8004,1,22104,7786,18723,1.0,19:44,2015,2016
2015-16,204028,Tarik Black,Tarik,1610612747,LAL,Los Angeles Lakers,21500962,2016-03-10T00:00:00,LAL vs. CLE,L,5.4,2.0,0.0,0.0,2.0,4.0,2.0,5.0,6.0,0.0,0.0,0.0,0.0,1.2,1,13074,13074,13074,24231,6026,10158,9917,12984,6141,3734,11593,22724,8004,1,1,18762,24661,1.0,5:21,2015,2016
2015-16,203501,Tim Hardaway Jr.,Tim,1610612737,ATL,Atlanta Hawks,21500959,2016-03-10T00:00:00,ATL @ TOR,L,21.2,0.0,0.0,0.0,0.0,6.0,2.0,8.0,22.0,0.0,0.0,0.0,1.0,11.0,1,13074,13074,13074,14892,12059,10158,9917,18861,10028,3734,17194,10265,8004,1,1,12373,18430,1.0,21:12,2015,2016
2015-16,201579,Roy Hibbert,Roy,1610612747,LAL,Los Angeles Lakers,21500962,2016-03-10T00:00:00,LAL vs. CLE,L,16.0,0.0,0.0,0.0,2.0,5.0,9.0,2.0,14.0,0.0,0.0,3.0,1.0,4.0,1,13074,13074,13074,19075,12059,10158,9917,12984,8403,19144,4025,17019,8004,1,17641,12373,23142,1.0,15:57,2015,2016
2015-16,201619,Sasha Kaun,Sasha,1610612739,CLE,Cleveland Cavaliers,21500962,2016-03-10T00:00:00,CLE @ LAL,W,1.0,0.0,0.0,0.0,0.0,0.0,0.0,0.0,4.0,0.0,0.0,0.0,0.0,0.0,1,1,1,1,25882,12059,10158,9917,18861,1,1,1,23698,8004,1,1,18762,25170,1.0,0:57,2015,2016
2015-16,2594,Kyle Korver,Kyle,1610612737,ATL,Atlanta Hawks,21500959,2016-03-10T00:00:00,ATL @ TOR,L,25.8,5.0,5.0,0.0,0.0,9.0,5.0,8.0,24.0,0.0,0.0,0.0,0.0,8.9,1,13074,13074,13074,11062,1603,995,9917,18861,15771,11469,17194,8723,8004,1,1,18762,19914,1.0,25:45,2015,2016
2015-16,1626171,Bobby Portis,Bobby,1610612741,CHI,Chicago Bulls,21500960,2016-03-10T00:00:00,CHI @ SAS,L,11.2,0.0,0.0,0.0,0.0,5.0,2.0,0.0,12.0,0.0,0.0,2.0,0.0,4.8,1,13074,13074,13074,21940,12059,10158,9917,18861,8403,3734,1,18637,8004,1,11390,18762,22657,1.0,11:13,2015,2016
2015-16,2755,Kevin Martin,Kevin,1610612759,SAS,San Antonio Spurs,21500960,2016-03-10T00:00:00,SAS vs. CHI,W,7.7,0.0,0.0,0.0,0.0,0.0,4.0,0.0,4.0,0.0,0.0,0.0,2.0,4.0,1,1,1,1,23315,12059,10158,9917,18861,1,8458,1,23698,8004,1,1,7786,23142,1.0,7:42,2015,2016
2015-16,1889,Andre Miller,Andre,1610612759,SAS,San Antonio Spurs,21500960,2016-03-10T00:00:00,SAS vs. CHI,W,3.1,0.0,0.0,0.0,0.0,0.0,0.0,2.0,4.0,0.0,0.0,0.0,0.0,0.0,1,1,1,1,25101,12059,10158,9917,18861,1,1,4025,23698,8004,1,1,18762,25170,1.0,3:04,2015,2016
2015-16,2564,Boris Diaw,Boris,1610612759,SAS,San Antonio Spurs,21500960,2016-03-10T00:00:00,SAS vs. CHI,W,3.2,0.0,2.0,0.0,2.0,2.0,3.0,0.0,0.0,0.0,0.0,0.0,0.0,4.6,1,1,1,1,25064,12059,4731,9917,12984,2619,7138,1,25429,8004,1,1,18762,22734,1.0,3:10,2015,2016
2015-16,203515,Phil Pressey,Phil,1610612756,PHX,Phoenix Suns,21500961,2016-03-10T00:00:00,PHX @ DEN,L,0.1,0.0,0.0,0.0,0.0,0.0,0.0,0.0,0.0,0.0,0.0,1.0,0.0,0.0,1,13074,13074,13074,26034,12059,10158,9917,18861,1,1,1,25429,8004,1,4972,18762,25170,1.0,0:08,2015,2016
2015-16,1626246,Boban Marjanović,Boban,1610612759,SAS,San Antonio Spurs,21500960,2016-03-10T00:00:00,SAS vs. CHI,W,0.6,0.0,0.0,0.0,0.0,0.0,0.0,0.0,0.0,0.0,0.0,0.0,0.0,0.0,1,1,1,1,25959,12059,10158,9917,18861,1,1,1,25429,8004,1,1,18762,25170,1.0,0:35,2015,2016
2015-16,203926,Doug McDermott,Doug,1610612741,CHI,Chicago Bulls,21500960,2016-03-10T00:00:00,CHI @ SAS,L,21.9,0.0,0.0,2.0,2.0,9.0,4.0,6.0,20.0,0.0,0.0,1.0,1.0,9.4,1,13074,13074,13074,14235,12059,10158,4675,12984,15771,8458,13388,11929,8004,1,4972,12373,19568,1.0,21:56,2015,2016
2015-16,200757,Thabo Sefolosha,Thabo,1610612737,ATL,Atlanta Hawks,21500959,2016-03-10T00:00:00,ATL @ TOR,L,20.4,0.0,2.0,0.0,2.0,6.0,4.0,8.0,26.0,0.0,1.0,2.0,1.0,6.8,1,13074,13074,13074,15578,12059,4731,9917,12984,10028,8458,17194,7214,8004,17214,11390,12373,21328,1.0,20:23,2015,2016
2015-16,203944,Julius Randle,Julius,1610612747,LAL,Los Angeles Lakers,21500962,2016-03-10T00:00:00,LAL vs. CLE,L,32.6,4.0,2.0,0.0,12.0,14.0,16.0,7.0,26.0,0.0,1.0,4.0,2.0,29.3,1,13074,13074,13074,5434,2460,4731,9917,988,22292,25155,15538,7214,8004,17214,22104,7786,6202,1.0,32:35,2015,2016
2015-16,1626156,D'Angelo Russell,D'Angelo,1610612747,LAL,Los Angeles Lakers,21500962,2016-03-10T00:00:00,LAL vs. CLE,L,33.1,0.0,2.0,3.0,6.0,12.0,12.0,4.0,26.0,0.0,2.0,3.0,4.0,36.3,1,13074,13074,13074,5027,12059,4731,3302,5299,20178,22832,8806,7214,8004,23588,17641,2748,3380,1.0,33:07,2015,2016
2015-16,2592,James Jones,James,1610612739,CLE,Cleveland Cavaliers,21500962,2016-03-10T00:00:00,CLE @ LAL,W,18.3,0.0,2.0,0.0,2.0,3.0,2.0,5.0,28.0,0.0,0.0,0.0,2.0,7.4,1,1,1,1,17234,12059,4731,9917,12984,5109,3734,11593,5824,8004,1,1,7786,20912,1.0,18:20,2015,2016
2015-16,203999,Nikola Jokić,Nikola,1610612743,DEN,Denver Nuggets,21500961,2016-03-10T00:00:00,DEN vs. PHX,W,27.4,6.0,2.0,0.0,10.0,5.0,5.0,6.0,22.0,3.0,0.0,4.0,5.0,51.0,1,1,1,1,9695,878,4731,9917,1840,8403,11469,13388,10265,347,1,22104,1539,656,1.0,27:24,2015,2016
2015-16,202734,E'Twaun Moore,E'Twaun,1610612741,CHI,Chicago Bulls,21500960,2016-03-10T00:00:00,CHI @ SAS,L,35.9,3.0,2.0,3.0,6.0,11.0,10.0,8.0,38.0,1.0,1.0,2.0,0.0,36.2,1,13074,13074,13074,2843,4307,4731,3302,5299,18886,20509,17194,1422,2692,17214,11390,18762,3407,1.0,35:54,2015,2016
2015-16,1626164,Devin Booker,Devin,1610612756,PHX,Phoenix Suns,21500961,2016-03-10T00:00:00,PHX @ DEN,L,44.1,8.0,2.0,7.0,12.0,14.0,14.0,18.0,48.0,1.0,1.0,3.0,11.0,47.1,1,13074,13074,13074,125,308,4731,454,988,22292,24300,25228,192,2692,17214,17641,44,1066,1.0,44:05,2015,2016
2015-16,202695,Kawhi Leonard,Kawhi,1610612759,SAS,San Antonio Spurs,21500960,2016-03-10T00:00:00,SAS vs. CHI,W,38.6,3.0,0.0,6.0,6.0,11.0,10.0,7.0,30.0,2.0,0.0,1.0,2.0,51.4,1,1,1,1,1221,4307,10158,740,5299,18886,20509,15538,4541,932,1,4972,7786,620,1.0,38:36,2015,2016
2015-16,202703,Nikola Mirotic,Nikola,1610612741,CHI,Chicago Bulls,21500960,2016-03-10T00:00:00,CHI @ SAS,L,28.2,0.0,5.0,0.0,2.0,9.0,6.0,6.0,26.0,1.0,0.0,3.0,1.0,29.0,1,13074,13074,13074,9100,12059,995,9917,12984,15771,13237,13388,7214,2692,1,17641,12373,6346,1.0,28:10,2015,2016
2015-16,200746,LaMarcus Aldridge,LaMarcus,1610612759,SAS,San Antonio Spurs,21500960,2016-03-10T00:00:00,SAS vs. CHI,W,33.1,4.0,6.0,0.0,14.0,11.0,12.0,7.0,28.0,1.0,2.0,2.0,4.0,47.5,1,1,1,1,5023,2460,481,9917,542,18886,22832,15538,5824,2692,23588,11390,2748,1015,1.0,33:08,2015,2016
2015-16,2225,Tony Parker,Tony,1610612759,SAS,San Antonio Spurs,21500960,2016-03-10T00:00:00,SAS vs. CHI,W,31.5,2.0,0.0,0.0,8.0,9.0,10.0,5.0,24.0,0.0,0.0,1.0,2.0,43.8,1,1,1,1,6279,6026,10158,9917,3109,15771,20509,11593,8723,8004,1,4972,7786,1587,1.0,31:33,2015,2016
2015-16,2544,LeBron James,LeBron,1610612739,CLE,Cleveland Cavaliers,21500962,2016-03-10T00:00:00,CLE @ LAL,W,34.8,4.0,7.0,4.0,14.0,8.0,4.0,7.0,36.0,2.0,0.0,2.0,7.0,43.5,1,1,1,1,3674,2460,292,1913,542,13914,8458,15538,1943,932,1,11390,469,1646,1.0,34:50,2015,2016
2015-16,203115,Will Barton,Will,1610612743,DEN,Denver Nuggets,21500961,2016-03-10T00:00:00,DEN vs. PHX,W,30.2,5.0,0.0,9.0,10.0,5.0,4.0,10.0,24.0,1.0,0.0,1.0,4.0,37.1,1,1,1,1,7350,1603,10158,184,1840,8403,8458,20169,8723,2692,1,4972,2748,3151,1.0,30:12,2015,2016
2015-16,202702,Kenneth Faried,Kenneth,1610612743,DEN,Denver Nuggets,21500961,2016-03-10T00:00:00,DEN vs. PHX,W,14.6,0.0,2.0,0.0,4.0,5.0,5.0,4.0,10.0,1.0,1.0,2.0,0.0,15.5,1,1,1,1,20010,12059,4731,9917,8599,8403,11469,8806,20209,2692,17214,11390,18762,15004,1.0,14:38,2015,2016
2015-16,202720,Jon Leuer,Jon,1610612756,PHX,Phoenix Suns,21500961,2016-03-10T00:00:00,PHX @ DEN,L,17.1,0.0,4.0,2.0,12.0,7.0,2.0,8.0,18.0,0.0,1.0,0.0,3.0,27.4,1,13074,13074,13074,18230,12059,1596,4675,988,12242,3734,17194,13577,8004,17214,1,4736,7179,1.0,17:03,2015,2016
2015-16,2747,JR Smith,JR,1610612739,CLE,Cleveland Cavaliers,21500962,2016-03-10T00:00:00,CLE @ LAL,W,33.5,2.0,3.0,3.0,0.0,10.0,6.0,7.0,40.0,1.0,0.0,4.0,3.0,31.4,1,1,1,1,4716,6026,3104,3302,18861,17370,13237,15538,983,2692,1,22104,4736,5218,1.0,33:33,2015,2016
2015-16,202681,Kyrie Irving,Kyrie,1610612739,CLE,Cleveland Cavaliers,21500962,2016-03-10T00:00:00,CLE @ LAL,W,37.1,0.0,0.0,0.0,6.0,11.0,4.0,8.0,38.0,1.0,2.0,2.0,4.0,42.9,1,1,1,1,2020,12059,10158,9917,5299,18886,8458,17194,1422,2692,23588,11390,2748,1754,1.0,37:06,2015,2016
2015-16,201565,Derrick Rose,Derrick,1610612741,CHI,Chicago Bulls,21500960,2016-03-10T00:00:00,CHI @ SAS,L,35.8,5.0,0.0,2.0,8.0,9.0,8.0,2.0,32.0,0.0,1.0,0.0,2.0,31.6,1,13074,13074,13074,2908,1603,10158,4675,3109,15771,17345,4025,3535,8004,17214,1,7786,5130,1.0,35:47,2015,2016
2015-16,200782,P.J. Tucker,P.J.,1610612756,PHX,Phoenix Suns,21500961,2016-03-10T00:00:00,PHX @ DEN,L,18.5,0.0,0.0,1.0,0.0,4.0,8.0,9.0,18.0,0.0,3.0,0.0,1.0,11.7,1,13074,13074,13074,17065,12059,10158,9347,18861,6141,17345,18829,13577,8004,25441,1,12373,17903,1.0,18:33,2015,2016
2015-16,201589,Darrell Arthur,Darrell,1610612743,DEN,Denver Nuggets,21500961,2016-03-10T00:00:00,DEN vs. PHX,W,28.7,2.0,3.0,2.0,4.0,2.0,4.0,12.0,22.0,1.0,0.0,2.0,1.0,26.5,1,1,1,1,8624,6026,3104,4675,8599,2619,8458,22259,10265,2692,1,11390,12373,7627,1.0,28:43,2015,2016
2015-16,202688,Brandon Knight,Brandon,1610612756,PHX,Phoenix Suns,21500961,2016-03-10T00:00:00,PHX @ DEN,L,24.7,0.0,0.0,2.0,0.0,11.0,10.0,14.0,24.0,1.0,0.0,1.0,5.0,19.9,1,13074,13074,13074,11941,12059,10158,4675,18861,18886,20509,23710,8723,2692,1,4972,1539,11824,1.0,24:41,2015,2016
2015-16,201952,Jeff Teague,Jeff,1610612737,ATL,Atlanta Hawks,21500959,2016-03-10T00:00:00,ATL @ TOR,L,24.8,0.0,0.0,0.0,4.0,9.0,5.0,10.0,28.0,0.0,0.0,2.0,2.0,30.3,1,13074,13074,13074,11878,12059,10158,9917,8599,15771,11469,20169,5824,8004,1,11390,7786,5702,1.0,24:45,2015,2016
2015-16,201143,Al Horford,Al,1610612737,ATL,Atlanta Hawks,21500959,2016-03-10T00:00:00,ATL @ TOR,L,34.9,1.0,3.0,0.0,6.0,11.0,4.0,11.0,38.0,0.0,0.0,3.0,2.0,31.3,1,13074,13074,13074,3610,11535,3104,9917,5299,18886,8458,21342,1422,8004,1,17641,7786,5258,1.0,34:54,2015,2016
2015-16,977,Kobe Bryant,Kobe,1610612747,LAL,Los Angeles Lakers,21500962,2016-03-10T00:00:00,LAL vs. CLE,L,32.2,0.0,0.0,0.0,8.0,12.0,15.0,7.0,26.0,1.0,0.0,1.0,4.0,41.0,1,13074,13074,13074,5719,12059,10158,9917,3109,20178,24781,15538,7214,2692,1,4972,2748,2143,1.0,32:12,2015,2016
2015-16,202684,Tristan Thompson,Tristan,1610612739,CLE,Cleveland Cavaliers,21500962,2016-03-10T00:00:00,CLE @ LAL,W,34.1,0.0,3.0,0.0,6.0,10.0,4.0,9.0,36.0,0.0,0.0,0.0,5.0,30.3,1,1,1,1,4295,12059,3104,9917,5299,17370,8458,18829,1943,8004,1,1,1539,5702,1.0,34:04,2015,2016
2015-16,2200,Pau Gasol,Pau,1610612741,CHI,Chicago Bulls,21500960,2016-03-10T00:00:00,CHI @ SAS,L,34.7,2.0,8.0,2.0,8.0,11.0,10.0,8.0,32.0,2.0,0.0,0.0,2.0,40.4,1,13074,13074,13074,3776,6026,137,4675,3109,18886,20509,17194,3535,932,1,1,7786,2274,1.0,34:42,2015,2016
2015-16,200794,Paul Millsap,Paul,1610612737,ATL,Atlanta Hawks,21500959,2016-03-10T00:00:00,ATL @ TOR,L,34.4,2.0,2.0,0.0,4.0,11.0,5.0,10.0,28.0,3.0,2.0,5.0,9.0,31.0,1,13074,13074,13074,4011,6026,4731,9917,8599,18886,11469,20169,5824,347,23588,24686,138,5406,1.0,34:25,2015,2016
2015-16,1626253,Axel Toupane,Axel,1610612743,DEN,Denver Nuggets,21500961,2016-03-10T00:00:00,DEN vs. PHX,W,14.9,0.0,0.0,0.0,0.0,0.0,2.0,4.0,20.0,0.0,0.0,3.0,1.0,15.4,1,1,1,1,19800,12059,10158,9917,18861,1,3734,8806,11929,8004,1,17641,12373,15066,1.0,14:56,2015,2016
2015-16,201942,DeMar DeRozan,DeMar,1610612761,TOR,Toronto Raptors,21500959,2016-03-10T00:00:00,TOR vs. ATL,W,34.6,4.0,2.0,2.0,16.0,10.0,12.0,2.0,18.0,0.0,2.0,4.0,4.0,32.0,1,1,1,1,3878,2460,4731,4675,275,17370,22832,4025,13577,8004,23588,22104,2748,4945,1.0,34:35,2015,2016
2015-16,203082,Terrence Ross,Terrence,1610612761,TOR,Toronto Raptors,21500959,2016-03-10T00:00:00,TOR vs. ATL,W,25.9,0.0,0.0,0.0,2.0,4.0,3.0,5.0,22.0,0.0,0.0,0.0,0.0,17.1,1,1,1,1,10956,12059,10158,9917,12984,6141,7138,11593,10265,8004,1,1,18762,13791,1.0,25:52,2015,2016
2015-16,1626144,Emmanuel Mudiay,Emmanuel,1610612743,DEN,Denver Nuggets,21500961,2016-03-10T00:00:00,DEN vs. PHX,W,34.3,0.0,7.0,0.0,14.0,8.0,5.0,8.0,28.0,1.0,2.0,4.0,1.0,38.9,1,1,1,1,4082,12059,292,9917,542,13914,11469,17194,5824,2692,23588,22104,12373,2667,1.0,34:19,2015,2016
2015-16,2743,Kris Humphries,Kris,1610612737,ATL,Atlanta Hawks,21500959,2016-03-10T00:00:00,ATL @ TOR,L,14.8,2.0,2.0,0.0,2.0,0.0,3.0,3.0,16.0,0.0,0.0,3.0,4.0,13.8,1,13074,13074,13074,19924,6026,4731,9917,12984,1,7138,7328,15259,8004,1,17641,2748,16311,1.0,14:46,2015,2016
2015-16,201980,Danny Green,Danny,1610612759,SAS,San Antonio Spurs,21500960,2016-03-10T00:00:00,SAS vs. CHI,W,24.2,2.0,2.0,2.0,4.0,6.0,8.0,4.0,24.0,0.0,1.0,2.0,1.0,13.9,1,1,1,1,12358,6026,4731,4675,8599,10028,17345,8806,8723,8004,17214,11390,12373,16232,1.0,24:14,2015,2016
2015-16,101138,Brandon Bass,Brandon,1610612747,LAL,Los Angeles Lakers,21500962,2016-03-10T00:00:00,LAL vs. CLE,L,24.5,0.0,0.0,2.0,10.0,7.0,6.0,2.0,14.0,1.0,0.0,4.0,1.0,27.6,1,13074,13074,13074,12162,12059,10158,4675,1840,12242,13237,4025,17019,2692,1,22104,12373,7080,1.0,24:27,2015,2016
2015-16,203145,Kent Bazemore,Kent,1610612737,ATL,Atlanta Hawks,21500959,2016-03-10T00:00:00,ATL @ TOR,L,31.4,0.0,0.0,2.0,4.0,11.0,3.0,10.0,30.0,2.0,0.0,3.0,4.0,33.1,1,13074,13074,13074,6407,12059,10158,4675,8599,18886,7138,20169,4541,932,1,17641,2748,4505,1.0,31:22,2015,2016
2015-16,2399,Mike Dunleavy,Mike,1610612741,CHI,Chicago Bulls,21500960,2016-03-10T00:00:00,CHI @ SAS,L,29.4,1.0,0.0,0.0,2.0,7.0,8.0,2.0,28.0,0.0,0.0,3.0,2.0,17.7,1,13074,13074,13074,8021,11535,10158,9917,12984,12242,17345,4025,5824,8004,1,17641,7786,13380,1.0,29:26,2015,2016
2015-16,1897,Metta World Peace,Metta,1610612747,LAL,Los Angeles Lakers,21500962,2016-03-10T00:00:00,LAL vs. CLE,L,13.6,0.0,0.0,0.0,2.0,2.0,2.0,2.0,10.0,0.0,0.0,1.0,3.0,14.1,1,13074,13074,13074,20627,12059,10158,9917,12984,2619,3734,4025,20209,8004,1,4972,4736,16094,1.0,13:38,2015,2016
2015-16,203903,Jordan Clarkson,Jordan,1610612747,LAL,Los Angeles Lakers,21500962,2016-03-10T00:00:00,LAL vs. CLE,L,34.4,2.0,2.0,2.0,2.0,14.0,16.0,7.0,28.0,0.0,1.0,0.0,3.0,13.7,1,13074,13074,13074,4028,6026,4731,4675,12984,22292,25155,15538,5824,8004,17214,1,4736,16393,1.0,34:24,2015,2016
2015-16,1626273,Marcelo Huertas,Marcelo,1610612747,LAL,Los Angeles Lakers,21500962,2016-03-10T00:00:00,LAL vs. CLE,L,28.5,2.0,0.0,2.0,10.0,6.0,6.0,7.0,18.0,2.0,1.0,4.0,1.0,32.1,1,13074,13074,13074,8840,6026,10158,4675,1840,10028,13237,15538,13577,932,17214,22104,12373,4889,1.0,28:29,2015,2016
2015-16,2449,Luis Scola,Luis,1610612761,TOR,Toronto Raptors,21500959,2016-03-10T00:00:00,TOR vs. ATL,W,22.0,3.0,0.0,5.0,4.0,9.0,8.0,2.0,14.0,0.0,1.0,2.0,2.0,22.4,1,1,1,1,14221,4307,10158,1277,8599,15771,17345,4025,17019,8004,17214,11390,7786,10131,1.0,21:57,2015,2016
2015-16,203937,Kyle Anderson,Kyle,1610612759,SAS,San Antonio Spurs,21500960,2016-03-10T00:00:00,SAS vs. CHI,W,13.7,0.0,0.0,0.0,0.0,0.0,5.0,2.0,10.0,0.0,0.0,1.0,0.0,16.8,1,1,1,1,20583,12059,10158,9917,18861,1,11469,4025,20209,8004,1,4972,18762,13996,1.0,13:42,2015,2016
2015-16,1626181,Norman Powell,Norman,1610612761,TOR,Toronto Raptors,21500959,2016-03-10T00:00:00,TOR vs. ATL,W,16.6,0.0,0.0,0.0,2.0,8.0,7.0,0.0,10.0,0.0,0.0,1.0,0.0,13.7,1,1,1,1,18558,12059,10158,9917,12984,13914,15642,1,20209,8004,1,4972,18762,16393,1.0,16:37,2015,2016
2015-16,202709,Cory Joseph,Cory,1610612761,TOR,Toronto Raptors,21500959,2016-03-10T00:00:00,TOR vs. ATL,W,29.0,4.0,0.0,4.0,6.0,5.0,7.0,5.0,24.0,0.0,0.0,4.0,3.0,17.1,1,1,1,1,8390,2460,10158,1913,5299,8403,15642,11593,8723,8004,1,22104,4736,13791,1.0,28:59,2015,2016
2015-16,1495,Tim Duncan,Tim,1610612759,SAS,San Antonio Spurs,21500960,2016-03-10T00:00:00,SAS vs. CHI,W,28.1,3.0,0.0,0.0,2.0,9.0,8.0,5.0,24.0,0.0,2.0,1.0,3.0,22.6,1,1,1,1,9166,4307,10158,9917,12984,15771,17345,11593,8723,8004,23588,4972,4736,10000,1.0,28:06,2015,2016
2015-16,203994,Jusuf Nurkić,Jusuf,1610612743,DEN,Denver Nuggets,21500961,2016-03-10T00:00:00,DEN vs. PHX,W,4.5,0.0,0.0,0.0,2.0,3.0,0.0,0.0,2.0,1.0,0.0,1.0,1.0,13.6,1,1,1,1,24561,12059,10158,9917,12984,5109,1,1,24614,2692,1,4972,12373,16460,1.0,4:27,2015,2016
2015-16,203488,Mike Muscala,Mike,1610612737,ATL,Atlanta Hawks,21500959,2016-03-10T00:00:00,ATL @ TOR,L,7.1,0.0,0.0,0.0,2.0,4.0,2.0,4.0,12.0,0.0,0.0,2.0,0.0,2.0,1,13074,13074,13074,23523,12059,10158,9917,12984,6141,3734,8806,18637,8004,1,11390,18762,24216,1.0,7:07,2015,2016
2015-16,203521,Matthew Dellavedova,Matthew,1610612739,CLE,Cleveland Cavaliers,21500962,2016-03-10T00:00:00,CLE @ LAL,W,16.6,2.0,0.0,0.0,0.0,1.0,2.0,3.0,18.0,0.0,2.0,3.0,0.0,12.7,1,1,1,1,18591,6026,10158,9917,18861,2356,3734,7328,13577,8004,23588,17641,18762,17201,1.0,16:35,2015,2016
2015-16,1626204,Larry Nance Jr.,Larry,1610612747,LAL,Los Angeles Lakers,21500962,2016-03-10T00:00:00,LAL vs. CLE,L,19.8,1.0,0.0,1.0,0.0,4.0,1.0,2.0,12.0,0.0,1.0,2.0,1.0,2.5,1,13074,13074,13074,16041,11535,10158,9347,18861,6141,3393,4025,18637,8004,17214,11390,12373,24003,1.0,19:50,2015,2016
2015-16,202687,Bismack Biyombo,Bismack,1610612761,TOR,Toronto Raptors,21500959,2016-03-10T00:00:00,TOR vs. ATL,W,24.0,0.0,0.0,0.0,2.0,7.0,9.0,3.0,22.0,2.0,1.0,3.0,1.0,21.3,1,1,1,1,12523,12059,10158,9917,12984,12242,19144,7328,10265,932,17214,17641,12373,10880,1.0,24:03,2015,2016
2015-16,203895,Jordan McRae,Jordan,1610612739,CLE,Cleveland Cavaliers,21500962,2016-03-10T00:00:00,CLE @ LAL,W,1.4,0.0,0.0,0.0,0.0,0.0,0.0,0.0,4.0,0.0,0.0,0.0,0.0,2.0,1,1,1,1,25733,12059,10158,9917,18861,1,1,1,23698,8004,1,1,18762,24216,1.0,1:25,2015,2016
2015-16,203471,Dennis Schröder,Dennis,1610612737,ATL,Atlanta Hawks,21500959,2016-03-10T00:00:00,ATL @ TOR,L,25.4,3.0,0.0,3.0,10.0,8.0,2.0,8.0,26.0,0.0,0.0,4.0,1.0,20.9,1,13074,13074,13074,11412,4307,10158,3302,1840,13914,3734,17194,7214,8004,1,22104,12373,11132,1.0,25:21,2015,2016
2015-16,2561,David West,David,1610612759,SAS,San Antonio Spurs,21500960,2016-03-10T00:00:00,SAS vs. CHI,W,19.2,0.0,2.0,0.0,4.0,0.0,9.0,4.0,12.0,1.0,0.0,3.0,1.0,18.7,1,1,1,1,16573,12059,4731,9917,8599,1,19144,8806,18637,2692,1,17641,12373,12648,1.0,19:09,2015,2016
2015-16,203530,Joffrey Lauvergne,Joffrey,1610612743,DEN,Denver Nuggets,21500961,2016-03-10T00:00:00,DEN vs. PHX,W,19.4,0.0,0.0,0.0,2.0,5.0,4.0,10.0,16.0,1.0,1.0,3.0,1.0,12.4,1,1,1,1,16387,12059,10158,9917,12984,8403,8458,20169,15259,2692,17214,17641,12373,17418,1.0,19:24,2015,2016
2015-16,1938,Manu Ginobili,Manu,1610612759,SAS,San Antonio Spurs,21500960,2016-03-10T00:00:00,SAS vs. CHI,W,19.6,0.0,0.0,0.0,4.0,5.0,9.0,5.0,8.0,0.0,0.0,1.0,0.0,13.2,1,1,1,1,16256,12059,10158,9917,8599,8403,19144,11593,21543,8004,1,4972,18762,16768,1.0,19:35,2015,2016
2015-16,203960,JaKarr Sampson,JaKarr,1610612743,DEN,Denver Nuggets,21500961,2016-03-10T00:00:00,DEN vs. PHX,W,14.6,0.0,0.0,0.0,0.0,5.0,5.0,4.0,10.0,2.0,0.0,1.0,0.0,12.9,1,1,1,1,20010,12059,10158,9917,18861,8403,11469,8806,20209,932,1,4972,18762,17049,1.0,14:38,2015,2016
2015-16,202685,Jonas Valančiūnas,Jonas,1610612761,TOR,Toronto Raptors,21500959,2016-03-10T00:00:00,TOR vs. ATL,W,23.7,0.0,2.0,0.0,6.0,6.0,5.0,2.0,12.0,0.0,1.0,3.0,4.0,21.0,1,1,1,1,12834,12059,4731,9917,5299,10028,11469,4025,18637,8004,17214,17641,2748,11077,1.0,23:41,2015,2016
2015-16,202697,Iman Shumpert,Iman,1610612739,CLE,Cleveland Cavaliers,21500962,2016-03-10T00:00:00,CLE @ LAL,W,25.8,2.0,0.0,2.0,2.0,3.0,2.0,5.0,30.0,0.0,0.0,4.0,0.0,8.5,1,1,1,1,11045,6026,10158,4675,12984,5109,3734,11593,4541,8004,1,22104,18762,20215,1.0,25:46,2015,2016
2015-16,201959,Taj Gibson,Taj,1610612741,CHI,Chicago Bulls,21500960,2016-03-10T00:00:00,CHI @ SAS,L,21.9,0.0,2.0,0.0,6.0,7.0,6.0,2.0,22.0,0.0,1.0,4.0,2.0,16.5,1,13074,13074,13074,14256,12059,4731,9917,5299,12242,13237,4025,10265,8004,17214,22104,7786,14224,1.0,21:55,2015,2016
2015-16,202335,Patrick Patterson,Patrick,1610612761,TOR,Toronto Raptors,21500959,2016-03-10T00:00:00,TOR vs. ATL,W,26.3,2.0,2.0,0.0,4.0,4.0,6.0,3.0,20.0,1.0,0.0,2.0,1.0,21.3,1,1,1,1,10581,6026,4731,9917,8599,6141,13237,7328,11929,2692,1,11390,12373,10880,1.0,26:19,2015,2016
2015-16,201571,D.J. Augustin,D.J.,1610612743,DEN,Denver Nuggets,21500961,2016-03-10T00:00:00,DEN vs. PHX,W,19.5,0.0,0.0,3.0,0.0,2.0,4.0,10.0,14.0,0.0,0.0,4.0,4.0,18.2,1,1,1,1,16294,12059,10158,3302,18861,2619,8458,20169,17019,8004,1,22104,2748,13004,1.0,19:32,2015,2016
2015-16,202389,Timofey Mozgov,Timofey,1610612739,CLE,Cleveland Cavaliers,21500962,2016-03-10T00:00:00,CLE @ LAL,W,13.0,0.0,0.0,0.0,2.0,1.0,2.0,1.0,14.0,2.0,0.0,2.0,0.0,8.0,1,1,1,1,20989,12059,10158,9917,12984,2356,3734,3646,17019,932,1,11390,18762,20564,1.0,12:59,2015,2016
2015-16,200768,Kyle Lowry,Kyle,1610612761,TOR,Toronto Raptors,21500959,2016-03-10T00:00:00,TOR vs. ATL,W,38.0,2.0,1.0,5.0,8.0,12.0,13.0,3.0,28.0,0.0,0.0,5.0,9.0,33.7,1,1,1,1,1529,6026,9709,1277,3109,20178,23668,7328,5824,8004,1,24686,138,4280,1.0,37:57,2015,2016
2015-16,203914,Gary Harris,Gary,1610612743,DEN,Denver Nuggets,21500961,2016-03-10T00:00:00,DEN vs. PHX,W,31.8,4.0,0.0,7.0,6.0,10.0,7.0,12.0,22.0,0.0,0.0,5.0,0.0,22.8,1,1,1,1,6085,2460,10158,454,5299,17370,15642,22259,10265,8004,1,24686,18762,9883,1.0,31:47,2015,2016
2015-16,101179,Ronnie Price,Ronnie,1610612756,PHX,Phoenix Suns,21500961,2016-03-10T00:00:00,PHX @ DEN,L,38.3,0.0,0.0,0.0,2.0,11.0,6.0,15.0,42.0,0.0,0.0,3.0,1.0,25.1,1,13074,13074,13074,1360,12059,10158,9917,12984,18886,13237,24242,670,8004,1,17641,12373,8429,1.0,38:20,2015,2016
2015-16,2199,Tyson Chandler,Tyson,1610612756,PHX,Phoenix Suns,21500961,2016-03-10T00:00:00,PHX @ DEN,L,22.1,0.0,3.0,0.0,4.0,8.0,12.0,11.0,20.0,0.0,0.0,0.0,5.0,19.4,1,13074,13074,13074,14084,12059,3104,9917,8599,13914,22832,21342,11929,8004,1,1,1539,12154,1.0,22:06,2015,2016
2015-16,203458,Alex Len,Alex,1610612756,PHX,Phoenix Suns,21500961,2016-03-10T00:00:00,PHX @ DEN,L,32.5,0.0,0.0,0.0,2.0,12.0,12.0,15.0,38.0,1.0,6.0,4.0,1.0,23.1,1,13074,13074,13074,5483,12059,10158,9917,12984,20178,22832,24242,1422,2692,26070,22104,12373,9699,1.0,32:31,2015,2016
2015-16,203200,Justin Holiday,Justin,1610612741,CHI,Chicago Bulls,21500960,2016-03-10T00:00:00,CHI @ SAS,L,21.0,0.0,0.0,0.0,2.0,12.0,6.0,6.0,20.0,1.0,1.0,3.0,2.0,18.9,1,13074,13074,13074,15093,12059,10158,9917,12984,20178,13237,13388,11929,2692,17214,17641,7786,12513,1.0,20:57,2015,2016
2015-16,201988,Patty Mills,Patty,1610612759,SAS,San Antonio Spurs,21500960,2016-03-10T00:00:00,SAS vs. CHI,W,17.4,2.0,0.0,0.0,2.0,2.0,7.0,4.0,12.0,0.0,0.0,0.0,3.0,10.0,1,1,1,1,17946,6026,10158,9917,12984,2619,15642,8806,18637,8004,1,1,4736,19178,1.0,17:26,2015,2016
2015-16,203141,Mirza Teletovic,Mirza,1610612756,PHX,Phoenix Suns,21500961,2016-03-10T00:00:00,PHX @ DEN,L,22.8,0.0,0.0,0.0,0.0,7.0,2.0,6.0,24.0,1.0,0.0,2.0,1.0,14.6,1,13074,13074,13074,13513,12059,10158,9917,18861,12242,3734,13388,8723,2692,1,11390,12373,15699,1.0,22:49,2015,2016
2015-16,101112,Channing Frye,Channing,1610612739,CLE,Cleveland Cavaliers,21500962,2016-03-10T00:00:00,CLE @ LAL,W,24.4,6.0,2.0,0.0,4.0,8.0,4.0,5.0,22.0,0.0,0.0,3.0,1.0,33.9,1,1,1,1,12199,878,4731,9917,8599,13914,8458,11593,10265,8004,1,17641,12373,4208,1.0,24:25,2015,2016
2015-16,202087,Alonzo Gee,Alonzo,1610612740,NOP,New Orleans Pelicans,21500950,2016-03-09T00:00:00,NOP @ CHA,L,24.2,2.0,2.0,4.0,6.0,4.0,7.0,0.0,18.0,0.0,0.0,1.0,0.0,18.9,1,13074,13074,13074,12368,6026,4731,1913,5299,6141,15642,1,13577,8004,1,4972,18762,12513,1.0,24:14,2015,2016
2015-16,203898,Tyler Ennis,Tyler,1610612749,MIL,Milwaukee Bucks,21500952,2016-03-09T00:00:00,MIL vs. MIA,W,25.9,0.0,0.0,0.0,4.0,5.0,8.0,9.0,36.0,0.0,2.0,2.0,2.0,14.5,1,1,1,1,10895,12059,10158,9917,8599,8403,17345,18829,1943,8004,23588,11390,7786,15799,1.0,25:56,2015,2016
2015-16,201962,Toney Douglas,Toney,1610612740,NOP,New Orleans Pelicans,21500950,2016-03-09T00:00:00,NOP @ CHA,L,37.5,0.0,0.0,0.0,0.0,6.0,9.0,6.0,24.0,1.0,0.0,5.0,2.0,23.7,1,13074,13074,13074,1765,12059,10158,9917,18861,10028,19144,13388,8723,2692,1,24686,7786,9329,1.0,37:29,2015,2016
2015-16,203141,Mirza Teletovic,Mirza,1610612756,PHX,Phoenix Suns,21500956,2016-03-09T00:00:00,PHX vs. NYK,L,29.6,0.0,2.0,3.0,2.0,4.0,4.0,17.0,20.0,0.0,1.0,3.0,5.0,18.8,1,13074,13074,13074,7923,12059,4731,3302,12984,6141,8458,24967,11929,8004,17214,17641,1539,12588,1.0,29:33,2015,2016
2015-16,202391,Jeremy Lin,Jeremy,1610612766,CHA,Charlotte Hornets,21500950,2016-03-09T00:00:00,CHA vs. NOP,W,22.0,0.0,0.0,2.0,6.0,2.0,8.0,9.0,18.0,0.0,1.0,0.0,5.0,14.4,1,1,1,1,14179,12059,10158,4675,5299,2619,17345,18829,13577,8004,17214,1,1539,15857,1.0,21:59,2015,2016
2015-16,203469,Cody Zeller,Cody,1610612766,CHA,Charlotte Hornets,21500950,2016-03-09T00:00:00,CHA vs. NOP,W,29.9,0.0,0.0,0.0,6.0,5.0,2.0,10.0,22.0,1.0,1.0,3.0,6.0,23.6,1,1,1,1,7624,12059,10158,9917,5299,8403,3734,20169,10265,2692,17214,17641,873,9377,1.0,29:54,2015,2016
2015-16,1891,Jason Terry,Jason,1610612745,HOU,Houston Rockets,21500951,2016-03-09T00:00:00,HOU @ PHI,W,27.8,0.0,0.0,4.0,0.0,5.0,13.0,3.0,16.0,0.0,0.0,0.0,1.0,23.1,1,1,1,1,9404,12059,10158,1913,18861,8403,23668,7328,15259,8004,1,1,12373,9699,1.0,27:46,2015,2016
2015-16,202738,Isaiah Thomas,Isaiah,1610612738,BOS,Boston Celtics,21500953,2016-03-09T00:00:00,BOS vs. MEM,W,28.5,6.0,3.0,7.0,8.0,8.0,9.0,13.0,22.0,0.0,0.0,1.0,4.0,35.1,1,1,1,1,8804,878,3104,454,3109,13914,19144,23048,10265,8004,1,4972,2748,3777,1.0,28:31,2015,2016
2015-16,203084,Harrison Barnes,Harrison,1610612744,GSW,Golden State Warriors,21500958,2016-03-09T00:00:00,GSW vs. UTA,W,29.4,0.0,0.0,0.0,4.0,4.0,15.0,4.0,26.0,0.0,0.0,2.0,3.0,14.7,1,1,1,1,8044,12059,10158,9917,8599,6141,24781,8806,7214,8004,1,11390,4736,15631,1.0,29:25,2015,2016
2015-16,202694,Marcus Morris Sr.,Marcus,1610612765,DET,Detroit Pistons,21500954,2016-03-09T00:00:00,DET @ DAL,W,39.3,1.0,4.0,3.0,6.0,13.0,8.0,6.0,32.0,0.0,0.0,1.0,2.0,33.4,1,1,1,1,936,11535,1596,3302,5299,21300,17345,13388,3535,8004,1,4972,7786,4384,1.0,39:20,2015,2016
2015-16,2570,Kendrick Perkins,Kendrick,1610612740,NOP,New Orleans Pelicans,21500950,2016-03-09T00:00:00,NOP @ CHA,L,14.0,0.0,2.0,0.0,2.0,4.0,2.0,0.0,10.0,1.0,0.0,4.0,1.0,14.9,1,13074,13074,13074,20389,12059,4731,9917,12984,6141,3734,1,20209,2692,1,22104,12373,15463,1.0,14:02,2015,2016
2015-16,1626164,Devin Booker,Devin,1610612756,PHX,Phoenix Suns,21500956,2016-03-09T00:00:00,PHX vs. NYK,L,38.9,6.0,2.0,7.0,10.0,13.0,7.0,17.0,28.0,0.0,3.0,2.0,3.0,34.1,1,13074,13074,13074,1095,878,4731,454,1840,21300,15642,24967,5824,8004,25441,11390,4736,4124,1.0,38:56,2015,2016
2015-16,203909,KJ McDaniels,KJ,1610612745,HOU,Houston Rockets,21500951,2016-03-09T00:00:00,HOU @ PHI,W,17.2,4.0,2.0,4.0,6.0,1.0,3.0,4.0,12.0,0.0,0.0,2.0,3.0,14.6,1,1,1,1,18125,2460,4731,1913,5299,2356,7138,8806,18637,8004,1,11390,4736,15699,1.0,17:12,2015,2016
2015-16,2754,Tony Allen,Tony,1610612763,MEM,Memphis Grizzlies,21500953,2016-03-09T00:00:00,MEM @ BOS,L,26.6,3.0,3.0,4.0,6.0,14.0,10.0,9.0,24.0,0.0,1.0,2.0,4.0,23.0,1,13074,13074,13074,10356,4307,3104,1913,5299,22292,20509,18829,8723,8004,17214,11390,2748,9760,1.0,26:37,2015,2016
2015-16,2571,Leandro Barbosa,Leandro,1610612744,GSW,Golden State Warriors,21500958,2016-03-09T00:00:00,GSW vs. UTA,W,19.7,6.0,0.0,6.0,8.0,8.0,5.0,6.0,16.0,0.0,0.0,4.0,2.0,19.0,1,1,1,1,16171,878,10158,740,3109,13914,11469,13388,15259,8004,1,22104,7786,12440,1.0,19:41,2015,2016
2015-16,204060,Joe Ingles,Joe,1610612762,UTA,Utah Jazz,21500958,2016-03-09T00:00:00,UTA @ GSW,L,21.5,0.0,0.0,0.0,2.0,14.0,2.0,6.0,22.0,0.0,0.0,1.0,2.0,14.2,1,13074,13074,13074,14591,12059,10158,9917,12984,22292,3734,13388,10265,8004,1,4972,7786,16003,1.0,21:30,2015,2016
2015-16,203497,Rudy Gobert,Rudy,1610612762,UTA,Utah Jazz,21500958,2016-03-09T00:00:00,UTA @ GSW,L,30.1,0.0,3.0,0.0,4.0,11.0,2.0,6.0,24.0,1.0,0.0,2.0,6.0,34.5,1,13074,13074,13074,7496,12059,3104,9917,8599,18886,3734,13388,8723,2692,1,11390,873,3997,1.0,30:03,2015,2016
2015-16,203924,Jerami Grant,Jerami,1610612755,PHI,Philadelphia 76ers,21500951,2016-03-09T00:00:00,PHI vs. HOU,L,35.6,2.0,0.0,4.0,8.0,21.0,14.0,19.0,34.0,1.0,1.0,3.0,6.0,23.6,1,13074,13074,13074,3063,6026,10158,1913,3109,25535,24300,25435,2701,2692,17214,17641,873,9377,1.0,35:36,2015,2016
2015-16,202714,Shelvin Mack,Shelvin,1610612762,UTA,Utah Jazz,21500958,2016-03-09T00:00:00,UTA @ GSW,L,27.8,0.0,0.0,0.0,4.0,16.0,2.0,10.0,28.0,0.0,1.0,1.0,1.0,25.8,1,13074,13074,13074,9366,12059,10158,9917,8599,23774,3734,20169,5824,8004,17214,4972,12373,8022,1.0,27:49,2015,2016
2015-16,200826,J.J. Barea,J.J.,1610612742,DAL,Dallas Mavericks,21500954,2016-03-09T00:00:00,DAL vs. DET,L,13.2,3.0,0.0,3.0,4.0,7.0,1.0,10.0,14.0,0.0,0.0,0.0,0.0,14.2,1,13074,13074,13074,20862,4307,10158,3302,8599,12242,3393,20169,17019,8004,1,1,18762,16003,1.0,13:13,2015,2016
2015-16,201145,Jeff Green,Jeff,1610612746,LAC,LA Clippers,21500955,2016-03-09T00:00:00,LAC @ OKC,L,25.7,0.0,0.0,2.0,14.0,4.0,10.0,7.0,34.0,1.0,0.0,2.0,2.0,34.4,1,13074,13074,13074,11117,12059,10158,4675,542,6141,20509,15538,2701,2692,1,11390,7786,4029,1.0,25:42,2015,2016
2015-16,203481,Jeff Withey,Jeff,1610612762,UTA,Utah Jazz,21500958,2016-03-09T00:00:00,UTA @ GSW,L,5.4,0.0,0.0,0.0,0.0,0.0,0.0,0.0,6.0,0.0,0.0,1.0,0.0,1.5,1,13074,13074,13074,24231,12059,10158,9917,18861,1,1,1,22724,8004,1,4972,18762,24473,1.0,5:21,2015,2016
2015-16,200782,P.J. Tucker,P.J.,1610612756,PHX,Phoenix Suns,21500956,2016-03-09T00:00:00,PHX vs. NYK,L,29.6,0.0,0.0,2.0,2.0,15.0,5.0,10.0,24.0,0.0,0.0,4.0,2.0,11.1,1,13074,13074,13074,7891,12059,10158,4675,12984,23079,11469,20169,8723,8004,1,22104,7786,18370,1.0,29:35,2015,2016
2015-16,203515,Phil Pressey,Phil,1610612756,PHX,Phoenix Suns,21500956,2016-03-09T00:00:00,PHX vs. NYK,L,6.3,0.0,0.0,0.0,0.0,2.0,0.0,4.0,8.0,0.0,0.0,0.0,0.0,5.7,1,13074,13074,13074,23851,12059,10158,9917,18861,2619,1,8806,21543,8004,1,1,18762,22054,1.0,6:16,2015,2016
2015-16,2406,Caron Butler,Caron,1610612758,SAC,Sacramento Kings,21500957,2016-03-09T00:00:00,SAC vs. CLE,L,10.9,0.0,0.0,0.0,0.0,0.0,2.0,5.0,10.0,0.0,0.0,3.0,2.0,10.9,1,13074,13074,13074,22077,12059,10158,9917,18861,1,3734,11593,20209,8004,1,17641,7786,18498,1.0,10:53,2015,2016
2015-16,202341,James Anderson,James,1610612758,SAC,Sacramento Kings,21500957,2016-03-09T00:00:00,SAC vs. CLE,L,9.1,0.0,0.0,0.0,0.0,3.0,6.0,2.0,10.0,0.0,0.0,1.0,0.0,1.2,1,13074,13074,13074,22820,12059,10158,9917,18861,5109,13237,4025,20209,8004,1,4972,18762,24661,1.0,9:03,2015,2016
2015-16,203382,Aron Baynes,Aron,1610612765,DET,Detroit Pistons,21500954,2016-03-09T00:00:00,DET @ DAL,W,13.7,0.0,1.0,0.0,0.0,8.0,3.0,5.0,10.0,2.0,0.0,2.0,1.0,10.6,1,1,1,1,20567,12059,9709,9917,18861,13914,7138,11593,20209,932,1,11390,12373,18723,1.0,13:44,2015,2016
2015-16,202720,Jon Leuer,Jon,1610612756,PHX,Phoenix Suns,21500956,2016-03-09T00:00:00,PHX vs. NYK,L,11.7,0.0,0.0,0.0,2.0,4.0,2.0,9.0,16.0,0.0,1.0,0.0,1.0,10.6,1,13074,13074,13074,21729,12059,10158,9917,12984,6141,3734,18829,15259,8004,17214,1,12373,18723,1.0,11:41,2015,2016
2015-16,203923,James Young,James,1610612738,BOS,Boston Celtics,21500953,2016-03-09T00:00:00,BOS vs. MEM,W,1.9,0.0,0.0,0.0,0.0,0.0,0.0,0.0,2.0,0.0,0.0,0.0,0.0,1.2,1,1,1,1,25565,12059,10158,9917,18861,1,1,1,24614,8004,1,1,18762,24661,1.0,1:51,2015,2016
2015-16,203546,Ian Clark,Ian,1610612744,GSW,Golden State Warriors,21500958,2016-03-09T00:00:00,GSW vs. UTA,W,4.6,0.0,0.0,0.0,0.0,5.0,2.0,2.0,4.0,0.0,0.0,1.0,0.0,5.9,1,1,1,1,24512,12059,10158,9917,18861,8403,3734,4025,23698,8004,1,4972,18762,21953,1.0,4:35,2015,2016
2015-16,202700,Donatas Motiejunas,Donatas,1610612745,HOU,Houston Rockets,21500951,2016-03-09T00:00:00,HOU @ PHI,W,6.8,0.0,0.0,0.0,0.0,4.0,6.0,2.0,6.0,0.0,0.0,3.0,1.0,1.2,1,1,1,1,23653,12059,10158,9917,18861,6141,13237,4025,22724,8004,1,17641,12373,24661,1.0,6:45,2015,2016
2015-16,1626173,Rashad Vaughn,Rashad,1610612749,MIL,Milwaukee Bucks,21500952,2016-03-09T00:00:00,MIL vs. MIA,W,3.5,0.0,0.0,0.0,0.0,0.0,4.0,4.0,8.0,0.0,0.0,0.0,0.0,1.2,1,1,1,1,24914,12059,10158,9917,18861,1,8458,8806,21543,8004,1,1,18762,24661,1.0,3:32,2015,2016
2015-16,201978,Chase Budinger,Chase,1610612756,PHX,Phoenix Suns,21500956,2016-03-09T00:00:00,PHX vs. NYK,L,8.4,0.0,0.0,0.0,2.0,2.0,0.0,5.0,6.0,0.0,0.0,1.0,0.0,5.9,1,13074,13074,13074,23056,12059,10158,9917,12984,2619,1,11593,22724,8004,1,4972,18762,21953,1.0,8:24,2015,2016
2015-16,101112,Channing Frye,Channing,1610612739,CLE,Cleveland Cavaliers,21500957,2016-03-09T00:00:00,CLE @ SAC,W,10.1,0.0,0.0,0.0,0.0,2.0,2.0,2.0,16.0,0.0,0.0,1.0,1.0,5.4,1,1,1,1,22415,12059,10158,9917,18861,2619,3734,4025,15259,8004,1,4972,12373,22242,1.0,10:03,2015,2016
2015-16,1626149,Montrezl Harrell,Montrezl,1610612745,HOU,Houston Rockets,21500951,2016-03-09T00:00:00,HOU @ PHI,W,7.4,0.0,0.0,0.0,2.0,5.0,0.0,6.0,6.0,0.0,0.0,1.0,1.0,6.2,1,1,1,1,23438,12059,10158,9917,12984,8403,1,13388,22724,8004,1,4972,12373,21696,1.0,7:21,2015,2016
2015-16,201935,James Harden,James,1610612745,HOU,Houston Rockets,21500951,2016-03-09T00:00:00,HOU @ PHI,W,41.2,4.0,2.0,7.0,10.0,14.0,14.0,14.0,32.0,1.0,3.0,4.0,8.0,53.8,1,1,1,1,439,2460,4731,454,1840,22292,24300,23710,3535,2692,25441,22104,254,472,1.0,41:15,2015,2016
2015-16,101179,Ronnie Price,Ronnie,1610612756,PHX,Phoenix Suns,21500956,2016-03-09T00:00:00,PHX vs. NYK,L,34.2,2.0,0.0,2.0,2.0,13.0,7.0,10.0,28.0,0.0,0.0,3.0,1.0,24.0,1,13074,13074,13074,4226,6026,10158,4675,12984,21300,15642,20169,5824,8004,1,17641,12373,9121,1.0,34:09,2015,2016
2015-16,201939,Stephen Curry,Stephen,1610612744,GSW,Golden State Warriors,21500958,2016-03-09T00:00:00,GSW vs. UTA,W,31.5,2.0,0.0,2.0,2.0,4.0,14.0,2.0,30.0,0.0,1.0,2.0,3.0,36.6,1,1,1,1,6301,6026,10158,4675,12984,6141,24300,4025,4541,8004,17214,11390,4736,3288,1.0,31:31,2015,2016
2015-16,202684,Tristan Thompson,Tristan,1610612739,CLE,Cleveland Cavaliers,21500957,2016-03-09T00:00:00,CLE @ SAC,W,37.4,6.0,9.0,0.0,12.0,7.0,10.0,10.0,36.0,0.0,0.0,5.0,5.0,37.0,1,1,1,1,1860,878,77,9917,988,12242,20509,20169,1943,8004,1,24686,1539,3182,1.0,37:21,2015,2016
2015-16,203076,Anthony Davis,Anthony,1610612740,NOP,New Orleans Pelicans,21500950,2016-03-09T00:00:00,NOP @ CHA,L,39.3,0.0,2.0,4.0,10.0,8.0,7.0,11.0,28.0,1.0,0.0,2.0,8.0,64.1,1,13074,13074,13074,943,12059,4731,1913,1840,13914,15642,21342,5824,2692,1,11390,254,103,1.0,39:19,2015,2016
2015-16,2037,Jamal Crawford,Jamal,1610612746,LAC,LA Clippers,21500955,2016-03-09T00:00:00,LAC @ OKC,L,26.6,0.0,0.0,3.0,6.0,6.0,5.0,10.0,32.0,0.0,1.0,0.0,1.0,24.6,1,13074,13074,13074,10407,12059,10158,3302,5299,10028,11469,20169,3535,8004,17214,1,12373,8724,1.0,26:34,2015,2016
2015-16,203496,Robert Covington,Robert,1610612755,PHI,Philadelphia 76ers,21500951,2016-03-09T00:00:00,PHI vs. HOU,L,35.2,1.0,0.0,1.0,2.0,15.0,15.0,15.0,32.0,1.0,0.0,4.0,3.0,44.4,1,13074,13074,13074,3427,11535,10158,9347,12984,23079,24781,24242,3535,2692,1,22104,4736,1474,1.0,35:10,2015,2016
2015-16,101181,Jose Calderon,Jose,1610612752,NYK,New York Knicks,21500956,2016-03-09T00:00:00,NYK @ PHX,W,34.4,0.0,0.0,2.0,2.0,14.0,10.0,11.0,26.0,0.0,0.0,1.0,3.0,35.4,1,1,1,1,4012,12059,10158,4675,12984,22292,20509,21342,7214,8004,1,4972,4736,3684,1.0,34:25,2015,2016
2015-16,101108,Chris Paul,Chris,1610612746,LAC,LA Clippers,21500955,2016-03-09T00:00:00,LAC @ OKC,L,37.4,2.0,0.0,2.0,6.0,4.0,8.0,13.0,50.0,1.0,1.0,3.0,2.0,54.6,1,13074,13074,13074,1797,6026,10158,4675,5299,6141,17345,23048,107,2692,17214,17641,7786,413,1.0,37:26,2015,2016
2015-16,202326,DeMarcus Cousins,DeMarcus,1610612758,SAC,Sacramento Kings,21500957,2016-03-09T00:00:00,SAC vs. CLE,L,36.1,2.0,4.0,3.0,10.0,3.0,21.0,14.0,28.0,0.0,0.0,5.0,11.0,47.2,1,13074,13074,13074,2720,6026,1596,3302,1840,5109,25962,23710,5824,8004,1,24686,44,1051,1.0,36:03,2015,2016
2015-16,202699,Tobias Harris,Tobias,1610612765,DET,Detroit Pistons,21500954,2016-03-09T00:00:00,DET @ DAL,W,39.2,2.0,0.0,0.0,6.0,18.0,8.0,8.0,32.0,0.0,0.0,2.0,3.0,35.9,1,1,1,1,1002,6026,10158,9917,5299,24749,17345,17194,3535,8004,1,11390,4736,3505,1.0,39:10,2015,2016
2015-16,201950,Jrue Holiday,Jrue,1610612740,NOP,New Orleans Pelicans,21500950,2016-03-09T00:00:00,NOP @ CHA,L,38.0,3.0,0.0,5.0,12.0,8.0,5.0,11.0,24.0,0.0,1.0,3.0,4.0,47.8,1,13074,13074,13074,1519,4307,10158,1277,988,13914,11469,21342,8723,8004,17214,17641,2748,979,1.0,37:58,2015,2016
2015-16,2736,Luol Deng,Luol,1610612748,MIA,Miami Heat,21500952,2016-03-09T00:00:00,MIA @ MIL,L,38.2,2.0,2.0,0.0,10.0,16.0,17.0,12.0,54.0,1.0,0.0,1.0,2.0,43.2,1,13074,13074,13074,1420,6026,4731,9917,1840,23774,25429,22259,35,2692,1,4972,7786,1699,1.0,38:13,2015,2016
2015-16,202689,Kemba Walker,Kemba,1610612766,CHA,Charlotte Hornets,21500950,2016-03-09T00:00:00,CHA vs. NOP,W,35.9,4.0,5.0,4.0,6.0,3.0,6.0,7.0,28.0,0.0,0.0,2.0,8.0,59.9,1,1,1,1,2806,2460,995,1913,5299,5109,13237,15538,5824,8004,1,11390,254,210,1.0,35:56,2015,2016
2015-16,201142,Kevin Durant,Kevin,1610612760,OKC,Oklahoma City Thunder,21500955,2016-03-09T00:00:00,OKC vs. LAC,W,35.7,0.0,5.0,0.0,10.0,12.0,0.0,6.0,38.0,0.0,2.0,4.0,5.0,51.9,1,1,1,1,2972,12059,995,9917,1840,20178,1,13388,1422,8004,23588,22104,1539,576,1.0,35:43,2015,2016
2015-16,203110,Draymond Green,Draymond,1610612744,GSW,Golden State Warriors,21500958,2016-03-09T00:00:00,GSW vs. UTA,W,34.8,2.0,0.0,2.0,10.0,3.0,12.0,2.0,30.0,3.0,1.0,3.0,1.0,44.9,1,1,1,1,3666,6026,10158,4675,1840,5109,22832,4025,4541,347,17214,17641,12373,1380,1.0,34:50,2015,2016
2015-16,202355,Hassan Whiteside,Hassan,1610612748,MIA,Miami Heat,21500952,2016-03-09T00:00:00,MIA @ MIL,L,29.5,2.0,6.0,2.0,18.0,13.0,8.0,5.0,46.0,3.0,0.0,5.0,4.0,45.6,1,13074,13074,13074,8000,6026,481,4675,131,21300,17345,11593,298,347,1,24686,2748,1263,1.0,29:28,2015,2016
2015-16,1717,Dirk Nowitzki,Dirk,1610612742,DAL,Dallas Mavericks,21500954,2016-03-09T00:00:00,DAL vs. DET,L,35.2,2.0,3.0,3.0,8.0,13.0,5.0,7.0,28.0,0.0,0.0,2.0,4.0,43.5,1,13074,13074,13074,3372,6026,3104,3302,3109,21300,11469,15538,5824,8004,1,11390,2748,1646,1.0,35:14,2015,2016
2015-16,201566,Russell Westbrook,Russell,1610612760,OKC,Oklahoma City Thunder,21500955,2016-03-09T00:00:00,OKC vs. LAC,W,37.0,0.0,0.0,7.0,12.0,18.0,0.0,9.0,42.0,1.0,1.0,2.0,7.0,68.7,1,1,1,1,2065,12059,10158,454,988,24749,1,18829,670,2692,17214,11390,469,59,1.0,37:02,2015,2016
2015-16,201976,Patrick Beverley,Patrick,1610612745,HOU,Houston Rockets,21500951,2016-03-09T00:00:00,HOU @ PHI,W,31.8,9.0,4.0,0.0,2.0,15.0,20.0,11.0,26.0,0.0,1.0,4.0,1.0,35.3,1,1,1,1,6061,171,1596,9917,12984,23079,25875,21342,7214,8004,17214,22104,12373,3719,1.0,31:49,2015,2016
2015-16,203083,Andre Drummond,Andre,1610612765,DET,Detroit Pistons,21500954,2016-03-09T00:00:00,DET @ DAL,W,33.9,3.0,4.0,0.0,16.0,10.0,5.0,6.0,28.0,1.0,0.0,3.0,10.0,49.9,1,1,1,1,4409,4307,1596,9917,275,17370,11469,13388,5824,2692,1,17641,76,765,1.0,33:56,2015,2016
2015-16,203101,Miles Plumlee,Miles,1610612749,MIL,Milwaukee Bucks,21500952,2016-03-09T00:00:00,MIL vs. MIA,W,24.4,4.0,2.0,2.0,16.0,4.0,10.0,6.0,36.0,0.0,0.0,3.0,3.0,24.3,1,1,1,1,12193,2460,4731,4675,275,6141,20509,13388,1943,8004,1,17641,4736,8939,1.0,24:26,2015,2016
2015-16,202338,Kevin Seraphin,Kevin,1610612752,NYK,New York Knicks,21500956,2016-03-09T00:00:00,NYK @ PHX,W,4.0,0.0,0.0,0.0,0.0,2.0,0.0,2.0,6.0,1.0,0.0,0.0,0.0,7.4,1,1,1,1,24705,12059,10158,9917,18861,2619,1,4025,22724,2692,1,1,18762,20912,1.0,4:00,2015,2016
2015-16,202682,Derrick Williams,Derrick,1610612752,NYK,New York Knicks,21500956,2016-03-09T00:00:00,NYK @ PHX,W,17.9,4.0,0.0,6.0,12.0,4.0,2.0,2.0,16.0,0.0,0.0,0.0,1.0,24.2,1,1,1,1,17617,2460,10158,740,988,6141,3734,4025,15259,8004,1,1,12373,9009,1.0,17:52,2015,2016
2015-16,2747,JR Smith,JR,1610612739,CLE,Cleveland Cavaliers,21500957,2016-03-09T00:00:00,CLE @ SAC,W,28.0,0.0,7.0,0.0,4.0,7.0,7.0,7.0,28.0,0.0,0.0,5.0,0.0,24.0,1,1,1,1,9212,12059,292,9917,8599,12242,15642,15538,5824,8004,1,24686,18762,9121,1.0,28:01,2015,2016
2015-16,2546,Carmelo Anthony,Carmelo,1610612752,NYK,New York Knicks,21500956,2016-03-09T00:00:00,NYK @ PHX,W,31.3,2.0,2.0,3.0,4.0,12.0,10.0,14.0,20.0,1.0,0.0,0.0,2.0,36.9,1,1,1,1,6439,6026,4731,3302,8599,20178,20509,23710,11929,2692,1,1,7786,3210,1.0,31:20,2015,2016
2015-16,2730,Dwight Howard,Dwight,1610612745,HOU,Houston Rockets,21500951,2016-03-09T00:00:00,HOU @ PHI,W,32.8,4.0,13.0,2.0,18.0,15.0,20.0,11.0,26.0,2.0,0.0,3.0,7.0,51.1,1,1,1,1,5252,2460,1,4675,131,23079,25875,21342,7214,932,1,17641,469,645,1.0,32:50,2015,2016
2015-16,203507,Giannis Antetokounmpo,Giannis,1610612749,MIL,Milwaukee Bucks,21500952,2016-03-09T00:00:00,MIL vs. MIA,W,37.3,9.0,10.0,7.0,18.0,10.0,6.0,4.0,40.0,0.0,2.0,4.0,6.0,45.4,1,1,1,1,1868,171,34,454,131,17370,13237,8806,983,8004,23588,22104,873,1291,1.0,37:21,2015,2016
2015-16,201147,Corey Brewer,Corey,1610612745,HOU,Houston Rockets,21500951,2016-03-09T00:00:00,HOU @ PHI,W,15.5,0.0,0.0,2.0,2.0,11.0,14.0,2.0,12.0,0.0,0.0,0.0,1.0,9.4,1,1,1,1,19386,12059,10158,4675,12984,18886,24300,4025,18637,8004,1,1,12373,19568,1.0,15:32,2015,2016
2015-16,101109,Raymond Felton,Raymond,1610612742,DAL,Dallas Mavericks,21500954,2016-03-09T00:00:00,DAL vs. DET,L,25.0,0.0,0.0,0.0,2.0,11.0,5.0,10.0,26.0,0.0,1.0,2.0,1.0,9.2,1,13074,13074,13074,11671,12059,10158,9917,12984,18886,11469,20169,7214,8004,17214,11390,12373,19680,1.0,25:00,2015,2016
2015-16,203526,Raul Neto,Raul,1610612762,UTA,Utah Jazz,21500958,2016-03-09T00:00:00,UTA @ GSW,L,21.0,3.0,0.0,2.0,0.0,17.0,2.0,8.0,26.0,0.0,1.0,2.0,2.0,8.7,1,13074,13074,13074,15039,4307,10158,4675,18861,24337,3734,17194,7214,8004,17214,11390,7786,20045,1.0,21:01,2015,2016
2015-16,203949,James Michael McAdoo,James Michael,1610612744,GSW,Golden State Warriors,21500958,2016-03-09T00:00:00,GSW vs. UTA,W,3.8,0.0,0.0,0.0,0.0,5.0,2.0,2.0,4.0,0.0,0.0,2.0,0.0,0.5,1,1,1,1,24798,12059,10158,9917,18861,8403,3734,4025,23698,8004,1,11390,18762,25056,1.0,3:48,2015,2016
2015-16,101111,Charlie Villanueva,Charlie,1610612742,DAL,Dallas Mavericks,21500954,2016-03-09T00:00:00,DAL vs. DET,L,0.3,0.0,0.0,0.0,0.0,2.0,0.0,0.0,0.0,0.0,0.0,1.0,0.0,0.0,1,13074,13074,13074,25998,12059,10158,9917,18861,2619,1,1,25429,8004,1,4972,18762,25170,1.0,0:20,2015,2016
2015-16,203948,Johnny O'Bryant III,Johnny,1610612749,MIL,Milwaukee Bucks,21500952,2016-03-09T00:00:00,MIL vs. MIA,W,8.0,0.0,1.0,0.0,2.0,0.0,6.0,4.0,14.0,0.0,0.0,0.0,1.0,5.4,1,1,1,1,23199,12059,9709,9917,12984,1,13237,8806,17019,8004,1,1,12373,22242,1.0,7:59,2015,2016
2015-16,203187,Chris Johnson,Chris,1610612762,UTA,Utah Jazz,21500958,2016-03-09T00:00:00,UTA @ GSW,L,19.5,0.0,2.0,0.0,2.0,6.0,0.0,4.0,20.0,0.0,0.0,2.0,0.0,9.6,1,13074,13074,13074,16316,12059,4731,9917,12984,10028,1,8806,11929,8004,1,11390,18762,19434,1.0,19:30,2015,2016
2015-16,201609,Goran Dragic,Goran,1610612748,MIA,Miami Heat,21500952,2016-03-09T00:00:00,MIA @ MIL,L,36.2,2.0,0.0,0.0,8.0,21.0,15.0,11.0,54.0,0.0,0.0,4.0,4.0,21.6,1,13074,13074,13074,2602,6026,10158,9917,3109,25535,24781,21342,35,8004,1,22104,2748,10666,1.0,36:14,2015,2016
2015-16,201575,Brandon Rush,Brandon,1610612744,GSW,Golden State Warriors,21500958,2016-03-09T00:00:00,GSW vs. UTA,W,3.8,0.0,0.0,0.0,2.0,5.0,2.0,2.0,4.0,0.0,0.0,0.0,0.0,5.2,1,1,1,1,24798,12059,10158,9917,12984,8403,3734,4025,23698,8004,1,1,18762,22370,1.0,3:48,2015,2016
2015-16,203917,Nik Stauskas,Nik,1610612755,PHI,Philadelphia 76ers,21500951,2016-03-09T00:00:00,PHI vs. HOU,L,12.6,0.0,0.0,0.0,0.0,10.0,3.0,14.0,12.0,0.0,1.0,4.0,0.0,-1.0,1,13074,13074,13074,21206,12059,10158,9917,18861,17370,7138,23710,18637,8004,17214,22104,18762,25932,1.0,12:36,2015,2016
2015-16,101161,Amir Johnson,Amir,1610612738,BOS,Boston Celtics,21500953,2016-03-09T00:00:00,BOS vs. MEM,W,17.7,0.0,0.0,0.0,2.0,7.0,6.0,11.0,16.0,1.0,0.0,2.0,1.0,9.4,1,1,1,1,17750,12059,10158,9917,12984,12242,13237,21342,15259,2692,1,11390,12373,19568,1.0,17:43,2015,2016
2015-16,1627293,Alex Stepheson,Alex,1610612746,LAC,LA Clippers,21500955,2016-03-09T00:00:00,LAC @ OKC,L,1.0,0.0,0.0,0.0,0.0,0.0,0.0,0.0,0.0,0.0,0.0,0.0,0.0,0.0,1,13074,13074,13074,25878,12059,10158,9917,18861,1,1,1,25429,8004,1,1,18762,25170,1.0,0:58,2015,2016
2015-16,1626175,Jordan Mickey,Jordan,1610612738,BOS,Boston Celtics,21500953,2016-03-09T00:00:00,BOS vs. MEM,W,1.9,0.0,0.0,0.0,0.0,0.0,0.0,0.0,2.0,3.0,1.0,0.0,0.0,9.0,1,1,1,1,25565,12059,10158,9917,18861,1,1,1,24614,347,17214,1,18762,19835,1.0,1:51,2015,2016
2015-16,201967,Dante Cunningham,Dante,1610612740,NOP,New Orleans Pelicans,21500950,2016-03-09T00:00:00,NOP @ CHA,L,31.6,0.0,0.0,0.0,2.0,6.0,5.0,11.0,22.0,0.0,0.0,2.0,1.0,6.7,1,13074,13074,13074,6194,12059,10158,9917,12984,10028,11469,21342,10265,8004,1,11390,12373,21376,1.0,31:38,2015,2016
2015-16,1626179,Terry Rozier,Terry,1610612738,BOS,Boston Celtics,21500953,2016-03-09T00:00:00,BOS vs. MEM,W,1.9,0.0,0.0,0.0,0.0,0.0,0.0,0.0,2.0,0.0,0.0,0.0,1.0,3.9,1,1,1,1,25565,12059,10158,9917,18861,1,1,1,24614,8004,1,1,12373,23225,1.0,1:51,2015,2016
2015-16,203087,Jeremy Lamb,Jeremy,1610612766,CHA,Charlotte Hornets,21500950,2016-03-09T00:00:00,CHA vs. NOP,W,15.7,2.0,2.0,0.0,0.0,2.0,6.0,7.0,12.0,0.0,0.0,3.0,0.0,5.2,1,1,1,1,19265,6026,4731,9917,18861,2619,13237,15538,18637,8004,1,17641,18762,22370,1.0,15:42,2015,2016
2015-16,203956,Mitch McGary,Mitch,1610612760,OKC,Oklahoma City Thunder,21500955,2016-03-09T00:00:00,OKC vs. LAC,W,1.0,0.0,0.0,0.0,0.0,0.0,0.0,0.0,0.0,0.0,0.0,0.0,0.0,0.0,1,1,1,1,25878,12059,10158,9917,18861,1,1,1,25429,8004,1,1,18762,25170,1.0,0:58,2015,2016
2015-16,1626166,Cameron Payne,Cameron,1610612760,OKC,Oklahoma City Thunder,21500955,2016-03-09T00:00:00,OKC vs. LAC,W,3.6,0.0,0.0,0.0,0.0,3.0,0.0,0.0,4.0,0.0,0.0,0.0,0.0,-1.0,1,1,1,1,24894,12059,10158,9917,18861,5109,1,1,23698,8004,1,1,18762,25932,1.0,3:34,2015,2016
2015-16,1737,Nazr Mohammed,Nazr,1610612760,OKC,Oklahoma City Thunder,21500955,2016-03-09T00:00:00,OKC vs. LAC,W,1.0,0.0,0.0,0.0,0.0,0.0,0.0,0.0,0.0,0.0,0.0,0.0,0.0,0.0,1,1,1,1,25878,12059,10158,9917,18861,1,1,1,25429,8004,1,1,18762,25170,1.0,0:58,2015,2016
2015-16,203085,Austin Rivers,Austin,1610612746,LAC,LA Clippers,21500955,2016-03-09T00:00:00,LAC @ OKC,L,19.1,0.0,0.0,0.0,0.0,6.0,7.0,6.0,22.0,0.0,0.0,3.0,1.0,5.2,1,13074,13074,13074,16653,12059,10158,9917,18861,10028,15642,13388,10265,8004,1,17641,12373,22370,1.0,19:03,2015,2016
2015-16,202362,Lance Stephenson,Lance,1610612763,MEM,Memphis Grizzlies,21500953,2016-03-09T00:00:00,MEM @ BOS,L,21.4,0.0,0.0,0.0,2.0,13.0,6.0,15.0,16.0,0.0,0.0,2.0,0.0,6.9,1,13074,13074,13074,14702,12059,10158,9917,12984,21300,13237,24242,15259,8004,1,11390,18762,21262,1.0,21:23,2015,2016
2015-16,2734,Devin Harris,Devin,1610612742,DAL,Dallas Mavericks,21500954,2016-03-09T00:00:00,DAL vs. DET,L,11.0,2.0,0.0,2.0,2.0,10.0,4.0,5.0,12.0,0.0,0.0,1.0,0.0,6.7,1,13074,13074,13074,22022,6026,10158,4675,12984,17370,8458,11593,18637,8004,1,4972,18762,21376,1.0,11:01,2015,2016
2015-16,203111,Orlando Johnson,Orlando,1610612740,NOP,New Orleans Pelicans,21500950,2016-03-09T00:00:00,NOP @ CHA,L,20.6,0.0,2.0,1.0,4.0,6.0,4.0,5.0,20.0,0.0,1.0,1.0,1.0,6.6,1,13074,13074,13074,15436,12059,4731,9347,8599,10028,8458,11593,11929,8004,17214,4972,12373,21445,1.0,20:33,2015,2016
2015-16,1718,Paul Pierce,Paul,1610612746,LAC,LA Clippers,21500955,2016-03-09T00:00:00,LAC @ OKC,L,18.3,0.0,0.0,0.0,0.0,0.0,6.0,5.0,18.0,1.0,0.0,3.0,1.0,6.9,1,13074,13074,13074,17275,12059,10158,9917,18861,1,13237,11593,13577,2692,1,17641,12373,21262,1.0,18:17,2015,2016
2015-16,1626158,Richaun Holmes,Richaun,1610612755,PHI,Philadelphia 76ers,21500951,2016-03-09T00:00:00,PHI vs. HOU,L,9.3,0.0,1.0,0.0,0.0,4.0,4.0,0.0,8.0,1.0,1.0,3.0,3.0,8.8,1,13074,13074,13074,22714,12059,9709,9917,18861,6141,8458,1,21543,2692,17214,17641,4736,19994,1.0,9:18,2015,2016
2015-16,204456,T.J. McConnell,T.J.,1610612755,PHI,Philadelphia 76ers,21500951,2016-03-09T00:00:00,PHI vs. HOU,L,12.6,2.0,2.0,0.0,4.0,8.0,3.0,16.0,14.0,0.0,0.0,1.0,1.0,9.6,1,13074,13074,13074,21198,6026,4731,9917,8599,13914,7138,24641,17019,8004,1,4972,12373,19434,1.0,12:37,2015,2016
2015-16,200811,Lou Amundson,Lou,1610612752,NYK,New York Knicks,21500956,2016-03-09T00:00:00,NYK @ PHX,W,4.0,0.0,0.0,0.0,0.0,2.0,0.0,2.0,6.0,0.0,0.0,0.0,0.0,0.0,1,1,1,1,24705,12059,10158,9917,18861,2619,1,4025,22724,8004,1,1,18762,25170,1.0,4:00,2015,2016
2015-16,1626161,Willie Cauley-Stein,Willie,1610612758,SAC,Sacramento Kings,21500957,2016-03-09T00:00:00,SAC vs. CLE,L,11.6,0.0,0.0,2.0,4.0,3.0,8.0,2.0,12.0,0.0,0.0,4.0,0.0,5.2,1,13074,13074,13074,21759,12059,10158,4675,8599,5109,17345,4025,18637,8004,1,22104,18762,22370,1.0,11:38,2015,2016
2015-16,2210,Richard Jefferson,Richard,1610612739,CLE,Cleveland Cavaliers,21500957,2016-03-09T00:00:00,CLE @ SAC,W,11.1,0.0,0.0,0.0,0.0,3.0,0.0,2.0,12.0,0.0,0.0,2.0,1.0,4.9,1,1,1,1,22002,12059,10158,9917,18861,5109,1,4025,18637,8004,1,11390,12373,22621,1.0,11:04,2015,2016
2015-16,202325,Wesley Johnson,Wesley,1610612746,LAC,LA Clippers,21500955,2016-03-09T00:00:00,LAC @ OKC,L,23.7,0.0,0.0,0.0,0.0,10.0,9.0,6.0,32.0,0.0,0.0,3.0,0.0,8.6,1,13074,13074,13074,12863,12059,10158,9917,18861,17370,19144,13388,3535,8004,1,17641,18762,20125,1.0,23:39,2015,2016
2015-16,203462,Archie Goodwin,Archie,1610612756,PHX,Phoenix Suns,21500956,2016-03-09T00:00:00,PHX vs. NYK,L,12.7,2.0,0.0,2.0,6.0,2.0,4.0,9.0,14.0,0.0,1.0,1.0,1.0,9.6,1,13074,13074,13074,21112,6026,10158,4675,5299,2619,8458,18829,17019,8004,17214,4972,12373,19434,1.0,12:44,2015,2016
2015-16,2199,Tyson Chandler,Tyson,1610612756,PHX,Phoenix Suns,21500956,2016-03-09T00:00:00,PHX vs. NYK,L,25.7,0.0,4.0,0.0,4.0,11.0,5.0,10.0,20.0,0.0,1.0,2.0,0.0,13.3,1,13074,13074,13074,11078,12059,1596,9917,8599,18886,11469,20169,11929,8004,17214,11390,18762,16712,1.0,25:44,2015,2016
2015-16,201600,Omer Asik,Omer,1610612740,NOP,New Orleans Pelicans,21500950,2016-03-09T00:00:00,NOP @ CHA,L,6.1,0.0,0.0,0.0,0.0,2.0,0.0,7.0,6.0,0.0,0.0,2.0,0.0,7.2,1,13074,13074,13074,23933,12059,10158,9917,18861,2619,1,15538,22724,8004,1,11390,18762,21035,1.0,6:04,2015,2016
2015-16,202330,Gordon Hayward,Gordon,1610612762,UTA,Utah Jazz,21500958,2016-03-09T00:00:00,UTA @ GSW,L,31.8,3.0,5.0,2.0,6.0,17.0,2.0,10.0,28.0,0.0,1.0,0.0,2.0,26.2,1,13074,13074,13074,6085,4307,995,4675,5299,24337,3734,20169,5824,8004,17214,1,7786,7785,1.0,31:47,2015,2016
2015-16,1626163,Frank Kaminsky,Frank,1610612766,CHA,Charlotte Hornets,21500950,2016-03-09T00:00:00,CHA vs. NOP,W,18.1,0.0,2.0,0.0,2.0,2.0,8.0,9.0,16.0,1.0,1.0,1.0,0.0,26.5,1,1,1,1,17454,12059,4731,9917,12984,2619,17345,18829,15259,2692,17214,4972,18762,7627,1.0,18:05,2015,2016
2015-16,2738,Andre Iguodala,Andre,1610612744,GSW,Golden State Warriors,21500958,2016-03-09T00:00:00,GSW vs. UTA,W,21.9,0.0,0.0,2.0,2.0,4.0,5.0,6.0,18.0,0.0,0.0,0.0,0.0,15.3,1,1,1,1,14245,12059,10158,4675,12984,6141,11469,13388,13577,8004,1,1,18762,15150,1.0,21:55,2015,2016
2015-16,203477,Isaiah Canaan,Isaiah,1610612755,PHI,Philadelphia 76ers,21500951,2016-03-09T00:00:00,PHI vs. HOU,L,23.8,3.0,6.0,0.0,0.0,14.0,11.0,18.0,28.0,0.0,0.0,3.0,0.0,20.2,1,13074,13074,13074,12744,4307,481,9917,18861,22292,21814,25228,5824,8004,1,17641,18762,11610,1.0,23:48,2015,2016
2015-16,202328,Greg Monroe,Greg,1610612749,MIL,Milwaukee Bucks,21500952,2016-03-09T00:00:00,MIL vs. MIA,W,23.3,0.0,4.0,0.0,8.0,9.0,0.0,1.0,20.0,0.0,3.0,2.0,2.0,26.6,1,1,1,1,13116,12059,1596,9917,3109,15771,1,3646,11929,8004,25441,11390,7786,7566,1.0,23:18,2015,2016
2015-16,201586,Serge Ibaka,Serge,1610612760,OKC,Oklahoma City Thunder,21500955,2016-03-09T00:00:00,OKC vs. LAC,W,33.5,4.0,2.0,6.0,6.0,17.0,0.0,6.0,38.0,0.0,0.0,4.0,1.0,20.3,1,1,1,1,4765,2460,4731,740,5299,24337,1,13388,1422,8004,1,22104,12373,11534,1.0,33:29,2015,2016
2015-16,2585,Zaza Pachulia,Zaza,1610612742,DAL,Dallas Mavericks,21500954,2016-03-09T00:00:00,DAL vs. DET,L,34.6,0.0,0.0,0.0,4.0,5.0,12.0,0.0,28.0,0.0,0.0,3.0,4.0,27.1,1,13074,13074,13074,3875,12059,10158,9917,8599,8403,22832,1,5824,8004,1,17641,2748,7339,1.0,34:35,2015,2016
2015-16,2548,Dwyane Wade,Dwyane,1610612748,MIA,Miami Heat,21500952,2016-03-09T00:00:00,MIA @ MIL,L,33.9,4.0,0.0,2.0,8.0,16.0,17.0,12.0,46.0,0.0,0.0,5.0,4.0,30.6,1,13074,13074,13074,4411,2460,10158,4675,3109,23774,25429,22259,298,8004,1,24686,2748,5574,1.0,33:55,2015,2016
2015-16,203109,Jae Crowder,Jae,1610612738,BOS,Boston Celtics,21500953,2016-03-09T00:00:00,BOS vs. MEM,W,21.7,2.0,2.0,2.0,2.0,6.0,10.0,11.0,20.0,1.0,0.0,4.0,2.0,26.9,1,1,1,1,14446,6026,4731,4675,12984,10028,20509,21342,11929,2692,1,22104,7786,7438,1.0,21:41,2015,2016
2015-16,204038,Langston Galloway,Langston,1610612752,NYK,New York Knicks,21500956,2016-03-09T00:00:00,NYK @ PHX,W,24.1,2.0,0.0,3.0,2.0,6.0,4.0,10.0,22.0,2.0,0.0,3.0,0.0,27.2,1,1,1,1,12470,6026,10158,3302,12984,10028,8458,20169,10265,932,1,17641,18762,7289,1.0,24:05,2015,2016
2015-16,1626185,Jarell Martin,Jarell,1610612763,MEM,Memphis Grizzlies,21500953,2016-03-09T00:00:00,MEM @ BOS,L,23.0,0.0,4.0,3.0,10.0,2.0,7.0,7.0,18.0,1.0,1.0,5.0,2.0,26.7,1,13074,13074,13074,13349,12059,1596,3302,1840,2619,15642,15538,13577,2692,17214,24686,7786,7525,1.0,23:02,2015,2016
2015-16,2440,Matt Barnes,Matt,1610612763,MEM,Memphis Grizzlies,21500953,2016-03-09T00:00:00,MEM @ BOS,L,33.8,2.0,3.0,2.0,2.0,18.0,6.0,9.0,30.0,2.0,1.0,4.0,2.0,26.4,1,13074,13074,13074,4537,6026,3104,4675,12984,24749,13237,18829,4541,932,17214,22104,7786,7672,1.0,33:46,2015,2016
2015-16,203112,Quincy Acy,Quincy,1610612758,SAC,Sacramento Kings,21500957,2016-03-09T00:00:00,SAC vs. CLE,L,21.3,2.0,2.0,2.0,6.0,3.0,11.0,9.0,22.0,1.0,0.0,3.0,1.0,15.8,1,13074,13074,13074,14833,6026,4731,4675,5299,5109,21814,18829,10265,2692,1,17641,12373,14754,1.0,21:15,2015,2016
2015-16,203500,Steven Adams,Steven,1610612760,OKC,Oklahoma City Thunder,21500955,2016-03-09T00:00:00,OKC vs. LAC,W,29.8,2.0,3.0,0.0,8.0,11.0,0.0,6.0,34.0,0.0,0.0,2.0,1.0,20.3,1,1,1,1,7759,6026,3104,9917,3109,18886,1,13388,2701,8004,1,11390,12373,11534,1.0,29:46,2015,2016
2015-16,201583,Ryan Anderson,Ryan,1610612740,NOP,New Orleans Pelicans,21500950,2016-03-09T00:00:00,NOP @ CHA,L,28.7,0.0,0.0,0.0,0.0,6.0,6.0,4.0,18.0,0.0,1.0,3.0,1.0,11.7,1,13074,13074,13074,8620,12059,10158,9917,18861,10028,13237,8806,13577,8004,17214,17641,12373,17903,1.0,28:43,2015,2016
2015-16,203114,Khris Middleton,Khris,1610612749,MIL,Milwaukee Bucks,21500952,2016-03-09T00:00:00,MIL vs. MIA,W,39.8,2.0,2.0,0.0,10.0,13.0,4.0,5.0,44.0,0.0,0.0,4.0,3.0,41.4,1,1,1,1,779,6026,4731,9917,1840,21300,8458,11593,454,8004,1,22104,4736,2060,1.0,39:49,2015,2016
2015-16,203457,Nerlens Noel,Nerlens,1610612755,PHI,Philadelphia 76ers,21500951,2016-03-09T00:00:00,PHI vs. HOU,L,32.2,8.0,6.0,4.0,12.0,20.0,16.0,13.0,28.0,2.0,2.0,4.0,4.0,42.8,1,13074,13074,13074,5707,308,481,1913,988,25338,25155,23048,5824,932,23588,22104,2748,1776,1.0,32:13,2015,2016
2015-16,201171,Carl Landry,Carl,1610612755,PHI,Philadelphia 76ers,21500951,2016-03-09T00:00:00,PHI vs. HOU,L,9.3,0.0,4.0,0.0,0.0,2.0,1.0,11.0,10.0,0.0,0.0,1.0,4.0,12.2,1,13074,13074,13074,22715,12059,1596,9917,18861,2619,3393,21342,20209,8004,1,4972,2748,17566,1.0,9:18,2015,2016
2015-16,2756,Sasha Vujacic,Sasha,1610612752,NYK,New York Knicks,21500956,2016-03-09T00:00:00,NYK @ PHX,W,32.9,3.0,3.0,3.0,0.0,12.0,10.0,9.0,20.0,0.0,0.0,4.0,2.0,31.5,1,1,1,1,5207,4307,3104,3302,18861,20178,20509,18829,11929,8004,1,22104,7786,5180,1.0,32:54,2015,2016
2015-16,202713,Kyle Singler,Kyle,1610612760,OKC,Oklahoma City Thunder,21500955,2016-03-09T00:00:00,OKC vs. LAC,W,20.1,0.0,0.0,2.0,6.0,3.0,0.0,3.0,20.0,0.0,0.0,3.0,1.0,12.3,1,1,1,1,15863,12059,10158,4675,5299,5109,1,7328,11929,8004,1,17641,12373,17524,1.0,20:04,2015,2016
2015-16,201577,Robin Lopez,Robin,1610612752,NYK,New York Knicks,21500956,2016-03-09T00:00:00,NYK @ PHX,W,30.1,2.0,2.0,0.0,10.0,12.0,10.0,14.0,20.0,5.0,0.0,2.0,3.0,42.1,1,1,1,1,7414,6026,4731,9917,1840,20178,20509,23710,11929,59,1,11390,4736,1910,1.0,30:08,2015,2016
2015-16,201956,Omri Casspi,Omri,1610612758,SAC,Sacramento Kings,21500957,2016-03-09T00:00:00,SAC vs. CLE,L,22.8,0.0,0.0,0.0,8.0,3.0,9.0,5.0,22.0,0.0,0.0,3.0,1.0,12.2,1,13074,13074,13074,13570,12059,10158,9917,3109,5109,19144,11593,10265,8004,1,17641,12373,17566,1.0,22:45,2015,2016
2015-16,2544,LeBron James,LeBron,1610612739,CLE,Cleveland Cavaliers,21500957,2016-03-09T00:00:00,CLE @ SAC,W,36.6,0.0,2.0,12.0,10.0,7.0,10.0,10.0,36.0,0.0,0.0,1.0,6.0,42.2,1,1,1,1,2366,12059,4731,42,1840,12242,20509,20169,1943,8004,1,4972,873,1892,1.0,36:33,2015,2016
2015-16,201954,Darren Collison,Darren,1610612758,SAC,Sacramento Kings,21500957,2016-03-09T00:00:00,SAC vs. CLE,L,39.0,5.0,2.0,5.0,6.0,3.0,18.0,14.0,34.0,1.0,0.0,3.0,1.0,41.0,1,13074,13074,13074,1056,1603,4731,1277,5299,5109,25634,23710,2701,2692,1,17641,12373,2143,1.0,39:02,2015,2016
2015-16,201599,DeAndre Jordan,DeAndre,1610612746,LAC,LA Clippers,21500955,2016-03-09T00:00:00,LAC @ OKC,L,32.8,2.0,0.0,0.0,14.0,2.0,8.0,13.0,44.0,1.0,0.0,1.0,9.0,31.4,1,13074,13074,13074,5292,6026,10158,9917,542,2619,17345,23048,454,2692,1,4972,138,5218,1.0,32:47,2015,2016
2015-16,203953,Jabari Parker,Jabari,1610612749,MIL,Milwaukee Bucks,21500952,2016-03-09T00:00:00,MIL vs. MIA,W,37.7,8.0,0.0,2.0,8.0,11.0,8.0,7.0,54.0,0.0,0.0,1.0,6.0,31.6,1,1,1,1,1659,308,10158,4675,3109,18886,17345,15538,35,8004,1,4972,873,5130,1.0,37:42,2015,2016
2015-16,203798,PJ Hairston,PJ,1610612763,MEM,Memphis Grizzlies,21500953,2016-03-09T00:00:00,MEM @ BOS,L,24.6,0.0,0.0,0.0,2.0,20.0,10.0,15.0,24.0,0.0,1.0,0.0,0.0,8.6,1,13074,13074,13074,12068,12059,10158,9917,12984,25338,20509,24242,8723,8004,17214,1,18762,20125,1.0,24:33,2015,2016
2015-16,1626154,RJ Hunter,RJ,1610612738,BOS,Boston Celtics,21500953,2016-03-09T00:00:00,BOS vs. MEM,W,1.9,0.0,0.0,3.0,0.0,0.0,0.0,0.0,2.0,0.0,0.0,0.0,0.0,3.0,1,1,1,1,25565,12059,10158,3302,18861,1,1,1,24614,8004,1,1,18762,23648,1.0,1:51,2015,2016
2015-16,203098,John Jenkins,John,1610612756,PHX,Phoenix Suns,21500956,2016-03-09T00:00:00,PHX vs. NYK,L,14.8,0.0,0.0,0.0,2.0,6.0,4.0,8.0,20.0,0.0,0.0,1.0,0.0,12.5,1,13074,13074,13074,19902,12059,10158,9917,12984,10028,8458,17194,11929,8004,1,4972,18762,17372,1.0,14:47,2015,2016
2015-16,203493,Reggie Bullock Jr.,Reggie,1610612765,DET,Detroit Pistons,21500954,2016-03-09T00:00:00,DET @ DAL,W,25.8,0.0,0.0,0.0,0.0,10.0,0.0,8.0,22.0,0.0,1.0,1.0,0.0,12.6,1,1,1,1,11062,12059,10158,9917,18861,17370,1,17194,10265,8004,17214,4972,18762,17277,1.0,25:45,2015,2016
2015-16,203991,Clint Capela,Clint,1610612745,HOU,Houston Rockets,21500951,2016-03-09T00:00:00,HOU @ PHI,W,10.4,0.0,0.0,0.0,2.0,3.0,0.0,3.0,8.0,0.0,0.0,1.0,1.0,8.4,1,1,1,1,22285,12059,10158,9917,12984,5109,1,7328,21543,8004,1,4972,12373,20273,1.0,10:23,2015,2016
2015-16,203143,Pablo Prigioni,Pablo,1610612746,LAC,LA Clippers,21500955,2016-03-09T00:00:00,LAC @ OKC,L,11.4,0.0,0.0,0.0,0.0,8.0,7.0,2.0,14.0,0.0,0.0,0.0,0.0,7.7,1,13074,13074,13074,21886,12059,10158,9917,18861,13914,15642,4025,17019,8004,1,1,18762,20733,1.0,11:22,2015,2016
2015-16,201627,Anthony Morrow,Anthony,1610612760,OKC,Oklahoma City Thunder,21500955,2016-03-09T00:00:00,OKC vs. LAC,W,12.6,2.0,3.0,0.0,0.0,1.0,0.0,3.0,14.0,0.0,0.0,1.0,1.0,7.7,1,1,1,1,21218,6026,3104,9917,18861,2356,1,7328,17019,8004,1,4972,12373,20733,1.0,12:35,2015,2016
2015-16,2760,Anderson Varejao,Anderson,1610612744,GSW,Golden State Warriors,21500958,2016-03-09T00:00:00,GSW vs. UTA,W,13.3,2.0,0.0,2.0,4.0,7.0,3.0,2.0,8.0,0.0,1.0,3.0,2.0,16.0,1,1,1,1,20838,6026,10158,4675,8599,12242,7138,4025,21543,8004,17214,17641,7786,14590,1.0,13:15,2015,2016
2015-16,203521,Matthew Dellavedova,Matthew,1610612739,CLE,Cleveland Cavaliers,21500957,2016-03-09T00:00:00,CLE @ SAC,W,24.6,0.0,0.0,0.0,0.0,2.0,5.0,8.0,24.0,0.0,0.0,2.0,1.0,8.5,1,1,1,1,12014,12059,10158,9917,18861,2619,11469,17194,8723,8004,1,11390,12373,20215,1.0,24:36,2015,2016
2015-16,204001,Kristaps Porziņģis,Kristaps,1610612752,NYK,New York Knicks,21500956,2016-03-09T00:00:00,NYK @ PHX,W,22.4,2.0,0.0,0.0,2.0,6.0,4.0,5.0,16.0,0.0,0.0,4.0,7.0,18.0,1,1,1,1,13873,6026,10158,9917,12984,10028,8458,11593,15259,8004,1,22104,469,13164,1.0,22:21,2015,2016
2015-16,203092,Tyler Zeller,Tyler,1610612738,BOS,Boston Celtics,21500953,2016-03-09T00:00:00,BOS vs. MEM,W,25.5,0.0,0.0,0.0,4.0,6.0,11.0,2.0,18.0,1.0,1.0,3.0,4.0,20.9,1,1,1,1,11277,12059,10158,9917,8599,10028,21814,4025,13577,2692,17214,17641,2748,11132,1.0,25:31,2015,2016
2015-16,1626159,Justise Winslow,Justise,1610612748,MIA,Miami Heat,21500952,2016-03-09T00:00:00,MIA @ MIL,L,25.8,2.0,0.0,4.0,2.0,11.0,9.0,2.0,40.0,0.0,0.0,1.0,1.0,12.8,1,13074,13074,13074,11004,6026,10158,1913,12984,18886,19144,4025,983,8004,1,4972,12373,17129,1.0,25:49,2015,2016
2015-16,1626168,Trey Lyles,Trey,1610612762,UTA,Utah Jazz,21500958,2016-03-09T00:00:00,UTA @ GSW,L,15.1,4.0,2.0,0.0,8.0,8.0,0.0,6.0,16.0,1.0,0.0,2.0,4.0,13.2,1,13074,13074,13074,19663,2460,4731,9917,3109,13914,1,13388,15259,2692,1,11390,2748,16768,1.0,15:08,2015,2016
2015-16,203138,Hollis Thompson,Hollis,1610612755,PHI,Philadelphia 76ers,21500951,2016-03-09T00:00:00,PHI vs. HOU,L,33.9,0.0,2.0,0.0,2.0,18.0,20.0,12.0,30.0,0.0,0.0,2.0,0.0,21.4,1,13074,13074,13074,4411,12059,4731,9917,12984,24749,25875,22259,4541,8004,1,11390,18762,10807,1.0,33:55,2015,2016
2015-16,202332,Cole Aldrich,Cole,1610612746,LAC,LA Clippers,21500955,2016-03-09T00:00:00,LAC @ OKC,L,15.1,0.0,0.0,0.0,10.0,8.0,7.0,2.0,16.0,0.0,0.0,2.0,0.0,16.2,1,13074,13074,13074,19694,12059,10158,9917,1840,13914,15642,4025,15259,8004,1,11390,18762,14436,1.0,15:06,2015,2016
2015-16,101135,David Lee,David,1610612742,DAL,Dallas Mavericks,21500954,2016-03-09T00:00:00,DAL vs. DET,L,13.1,0.0,0.0,0.0,4.0,7.0,1.0,10.0,14.0,1.0,1.0,2.0,1.0,16.3,1,13074,13074,13074,20930,12059,10158,9917,8599,12242,3393,20169,17019,2692,17214,11390,12373,14372,1.0,13:05,2015,2016
2015-16,2744,Al Jefferson,Al,1610612766,CHA,Charlotte Hornets,21500950,2016-03-09T00:00:00,CHA vs. NOP,W,18.1,0.0,0.0,0.0,2.0,0.0,6.0,4.0,14.0,1.0,0.0,5.0,3.0,13.1,1,1,1,1,17440,12059,10158,9917,12984,1,13237,8806,17019,2692,1,24686,4736,16874,1.0,18:06,2015,2016
2015-16,2405,Amar'e Stoudemire,Amar'e,1610612748,MIA,Miami Heat,21500952,2016-03-09T00:00:00,MIA @ MIL,L,18.2,0.0,0.0,0.0,6.0,10.0,11.0,9.0,18.0,3.0,0.0,2.0,0.0,16.7,1,13074,13074,13074,17345,12059,10158,9917,5299,17370,21814,18829,13577,347,1,11390,18762,14064,1.0,18:12,2015,2016
2015-16,202083,Wesley Matthews,Wesley,1610612742,DAL,Dallas Mavericks,21500954,2016-03-09T00:00:00,DAL vs. DET,L,33.5,2.0,0.0,3.0,0.0,3.0,12.0,3.0,30.0,0.0,0.0,3.0,0.0,13.2,1,13074,13074,13074,4748,6026,10158,3302,18861,5109,22832,7328,4541,8004,1,17641,18762,16768,1.0,33:30,2015,2016
2015-16,203935,Marcus Smart,Marcus,1610612738,BOS,Boston Celtics,21500953,2016-03-09T00:00:00,BOS vs. MEM,W,28.2,8.0,2.0,2.0,4.0,8.0,16.0,2.0,20.0,0.0,0.0,5.0,1.0,21.5,1,1,1,1,9089,308,4731,4675,8599,13914,25155,4025,11929,8004,1,24686,12373,10755,1.0,28:11,2015,2016
2015-16,200797,Ryan Hollins,Ryan,1610612763,MEM,Memphis Grizzlies,21500953,2016-03-09T00:00:00,MEM @ BOS,L,24.6,1.0,0.0,2.0,6.0,16.0,6.0,6.0,22.0,0.0,1.0,0.0,5.0,13.2,1,13074,13074,13074,12059,11535,10158,4675,5299,23774,13237,13388,10265,8004,17214,1,1539,16768,1.0,24:34,2015,2016
2015-16,2733,Shaun Livingston,Shaun,1610612744,GSW,Golden State Warriors,21500958,2016-03-09T00:00:00,GSW vs. UTA,W,17.3,2.0,2.0,0.0,0.0,7.0,1.0,4.0,8.0,1.0,0.0,1.0,0.0,16.2,1,1,1,1,18084,6026,4731,9917,18861,12242,3393,8806,21543,2692,1,4972,18762,14436,1.0,17:15,2015,2016
2015-16,201585,Kosta Koufos,Kosta,1610612758,SAC,Sacramento Kings,21500957,2016-03-09T00:00:00,SAC vs. CLE,L,10.8,0.0,2.0,0.0,4.0,3.0,3.0,2.0,12.0,0.0,0.0,2.0,1.0,12.8,1,13074,13074,13074,22108,12059,4731,9917,8599,5109,7138,4025,18637,8004,1,11390,12373,17129,1.0,10:49,2015,2016
2015-16,202697,Iman Shumpert,Iman,1610612739,CLE,Cleveland Cavaliers,21500957,2016-03-09T00:00:00,CLE @ SAC,W,18.6,0.0,0.0,0.0,0.0,3.0,4.0,5.0,20.0,0.0,0.0,2.0,1.0,13.0,1,1,1,1,16985,12059,10158,9917,18861,5109,8458,11593,11929,8004,1,11390,12373,16969,1.0,18:39,2015,2016
2015-16,201573,Jerryd Bayless,Jerryd,1610612749,MIL,Milwaukee Bucks,21500952,2016-03-09T00:00:00,MIL vs. MIA,W,40.0,0.0,0.0,3.0,0.0,13.0,4.0,5.0,48.0,0.0,1.0,3.0,1.0,12.9,1,1,1,1,735,12059,10158,3302,18861,21300,8458,11593,192,8004,17214,17641,12373,17049,1.0,39:59,2015,2016
2015-16,202344,Trevor Booker,Trevor,1610612762,UTA,Utah Jazz,21500958,2016-03-09T00:00:00,UTA @ GSW,L,18.7,0.0,2.0,0.0,4.0,14.0,4.0,8.0,20.0,0.0,1.0,3.0,1.0,12.9,1,13074,13074,13074,16971,12059,4731,9917,8599,22292,8458,17194,11929,8004,17214,17641,12373,17049,1.0,18:40,2015,2016
2015-16,203096,Jared Sullinger,Jared,1610612738,BOS,Boston Celtics,21500953,2016-03-09T00:00:00,BOS vs. MEM,W,21.2,2.0,5.0,2.0,8.0,3.0,11.0,11.0,20.0,0.0,2.0,3.0,3.0,28.0,1,1,1,1,14862,6026,995,4675,3109,5109,21814,21342,11929,8004,23588,17641,4736,6864,1.0,21:13,2015,2016
2015-16,1626196,Josh Richardson,Josh,1610612748,MIA,Miami Heat,21500952,2016-03-09T00:00:00,MIA @ MIL,L,24.4,1.0,0.0,1.0,2.0,9.0,6.0,5.0,32.0,1.0,0.0,2.0,3.0,28.4,1,13074,13074,13074,12235,11535,10158,9347,12984,15771,13237,11593,3535,2692,1,11390,4736,6663,1.0,24:23,2015,2016
2015-16,203504,Trey Burke,Trey,1610612762,UTA,Utah Jazz,21500958,2016-03-09T00:00:00,UTA @ GSW,L,22.4,2.0,3.0,4.0,2.0,14.0,4.0,10.0,20.0,0.0,1.0,2.0,4.0,22.5,1,13074,13074,13074,13841,6026,3104,1913,12984,22292,8458,20169,11929,8004,17214,11390,2748,10082,1.0,22:23,2015,2016
2015-16,101107,Marvin Williams,Marvin,1610612766,CHA,Charlotte Hornets,21500950,2016-03-09T00:00:00,CHA vs. NOP,W,29.9,0.0,0.0,0.0,4.0,3.0,0.0,5.0,20.0,0.0,0.0,1.0,1.0,28.0,1,1,1,1,7617,12059,10158,9917,8599,5109,1,11593,11929,8004,1,4972,12373,6864,1.0,29:55,2015,2016
2015-16,200751,Randy Foye,Randy,1610612760,OKC,Oklahoma City Thunder,21500955,2016-03-09T00:00:00,OKC vs. LAC,W,23.0,0.0,0.0,0.0,0.0,6.0,0.0,7.0,26.0,1.0,0.0,1.0,1.0,14.1,1,1,1,1,13411,12059,10158,9917,18861,10028,1,15538,7214,2692,1,4972,12373,16094,1.0,22:57,2015,2016
2015-16,203124,Kyle O'Quinn,Kyle,1610612752,NYK,New York Knicks,21500956,2016-03-09T00:00:00,NYK @ PHX,W,11.1,0.0,2.0,0.0,0.0,4.0,2.0,2.0,8.0,0.0,0.0,2.0,1.0,16.8,1,1,1,1,21978,12059,4731,9917,18861,6141,3734,4025,21543,8004,1,11390,12373,13996,1.0,11:07,2015,2016
2015-16,1713,Vince Carter,Vince,1610612763,MEM,Memphis Grizzlies,21500953,2016-03-09T00:00:00,MEM @ BOS,L,27.3,3.0,2.0,0.0,2.0,15.0,7.0,10.0,18.0,1.0,0.0,3.0,3.0,38.7,1,13074,13074,13074,9739,4307,4731,9917,12984,23079,15642,20169,13577,2692,1,17641,4736,2717,1.0,27:20,2015,2016
2015-16,2581,Steve Blake,Steve,1610612765,DET,Detroit Pistons,21500954,2016-03-09T00:00:00,DET @ DAL,W,18.7,0.0,0.0,2.0,2.0,8.0,3.0,5.0,14.0,0.0,0.0,1.0,0.0,14.0,1,1,1,1,16918,12059,10158,4675,12984,13914,7138,11593,17019,8004,1,4972,18762,16166,1.0,18:44,2015,2016
2015-16,200765,Rajon Rondo,Rajon,1610612758,SAC,Sacramento Kings,21500957,2016-03-09T00:00:00,SAC vs. CLE,L,37.2,0.0,0.0,0.0,8.0,6.0,24.0,13.0,34.0,0.0,1.0,0.0,1.0,22.6,1,13074,13074,13074,1962,12059,10158,9917,3109,10028,26041,23048,2701,8004,17214,1,12373,10000,1.0,37:12,2015,2016
2015-16,202683,Enes Freedom,Enes,1610612760,OKC,Oklahoma City Thunder,21500955,2016-03-09T00:00:00,OKC vs. LAC,W,17.3,2.0,2.0,0.0,8.0,7.0,0.0,3.0,18.0,0.0,1.0,0.0,0.0,28.4,1,1,1,1,18061,6026,4731,9917,3109,12242,1,7328,13577,8004,17214,1,18762,6663,1.0,17:17,2015,2016
2015-16,201578,Marreese Speights,Marreese,1610612744,GSW,Golden State Warriors,21500958,2016-03-09T00:00:00,GSW vs. UTA,W,15.4,7.0,2.0,0.0,4.0,4.0,2.0,4.0,10.0,0.0,1.0,3.0,3.0,28.0,1,1,1,1,19514,548,4731,9917,8599,6141,3734,8806,20209,8004,17214,17641,4736,6864,1.0,15:21,2015,2016
2015-16,2772,Trevor Ariza,Trevor,1610612745,HOU,Houston Rockets,21500951,2016-03-09T00:00:00,HOU @ PHI,W,40.2,3.0,0.0,3.0,0.0,13.0,15.0,14.0,32.0,1.0,1.0,2.0,2.0,28.7,1,1,1,1,693,4307,10158,3302,18861,21300,24781,23710,3535,2692,17214,11390,7786,6514,1.0,40:10,2015,2016
2015-16,1626170,Jerian Grant,Jerian,1610612752,NYK,New York Knicks,21500956,2016-03-09T00:00:00,NYK @ PHX,W,27.8,2.0,0.0,4.0,10.0,6.0,8.0,9.0,20.0,0.0,0.0,2.0,2.0,27.6,1,1,1,1,9383,6026,10158,1913,1840,10028,17345,18829,11929,8004,1,11390,7786,7080,1.0,27:48,2015,2016
2015-16,203484,Kentavious Caldwell-Pope,Kentavious,1610612765,DET,Detroit Pistons,21500954,2016-03-09T00:00:00,DET @ DAL,W,40.1,7.0,2.0,5.0,8.0,13.0,8.0,11.0,36.0,0.0,0.0,2.0,2.0,32.5,1,1,1,1,706,548,4731,1277,3109,21300,17345,21342,1943,8004,1,11390,7786,4726,1.0,40:05,2015,2016
2015-16,202691,Klay Thompson,Klay,1610612744,GSW,Golden State Warriors,21500958,2016-03-09T00:00:00,GSW vs. UTA,W,30.2,3.0,0.0,2.0,6.0,4.0,13.0,2.0,24.0,0.0,0.0,0.0,0.0,27.7,1,1,1,1,7399,4307,10158,4675,5299,6141,23668,4025,8723,8004,1,1,18762,7008,1.0,30:09,2015,2016
2015-16,201584,Courtney Lee,Courtney,1610612766,CHA,Charlotte Hornets,21500950,2016-03-09T00:00:00,CHA vs. NOP,W,29.1,0.0,0.0,3.0,4.0,3.0,2.0,7.0,22.0,0.0,0.0,2.0,0.0,27.7,1,1,1,1,8306,12059,10158,3302,8599,5109,3734,15538,10265,8004,1,11390,18762,7008,1.0,29:05,2015,2016
2015-16,202324,Derrick Favors,Derrick,1610612762,UTA,Utah Jazz,21500958,2016-03-09T00:00:00,UTA @ GSW,L,26.8,0.0,0.0,0.0,8.0,23.0,2.0,12.0,30.0,2.0,2.0,0.0,1.0,27.8,1,13074,13074,13074,10184,12059,10158,9917,3109,25803,3734,22259,4541,932,23588,1,12373,6950,1.0,26:48,2015,2016
2015-16,202718,Chandler Parsons,Chandler,1610612742,DAL,Dallas Mavericks,21500954,2016-03-09T00:00:00,DAL vs. DET,L,36.9,7.0,3.0,0.0,14.0,5.0,12.0,5.0,30.0,0.0,0.0,2.0,0.0,38.8,1,13074,13074,13074,2161,548,3104,9917,542,8403,22832,11593,4541,8004,1,11390,18762,2692,1.0,36:53,2015,2016
2015-16,202397,Ish Smith,Ish,1610612755,PHI,Philadelphia 76ers,21500951,2016-03-09T00:00:00,PHI vs. HOU,L,35.5,2.0,2.0,5.0,8.0,18.0,18.0,12.0,34.0,0.0,0.0,3.0,3.0,27.9,1,13074,13074,13074,3156,6026,4731,1277,3109,24749,25634,22259,2701,8004,1,17641,4736,6914,1.0,35:29,2015,2016
2015-16,203458,Alex Len,Alex,1610612756,PHX,Phoenix Suns,21500956,2016-03-09T00:00:00,PHX vs. NYK,L,28.2,6.0,4.0,0.0,4.0,13.0,7.0,6.0,26.0,0.0,2.0,4.0,5.0,28.0,1,13074,13074,13074,9089,878,1596,9917,8599,21300,15642,13388,7214,8004,23588,22104,1539,6864,1.0,28:11,2015,2016
2015-16,101114,Deron Williams,Deron,1610612742,DAL,Dallas Mavericks,21500954,2016-03-09T00:00:00,DAL vs. DET,L,37.2,2.0,2.0,0.0,2.0,7.0,13.0,0.0,28.0,1.0,1.0,3.0,4.0,28.5,1,13074,13074,13074,1984,6026,4731,9917,12984,12242,23668,1,5824,2692,17214,17641,2748,6613,1.0,37:10,2015,2016
2015-16,201587,Nicolas Batum,Nicolas,1610612766,CHA,Charlotte Hornets,21500950,2016-03-09T00:00:00,CHA vs. NOP,W,41.3,4.0,0.0,2.0,4.0,5.0,2.0,12.0,28.0,0.0,0.0,1.0,0.0,28.7,1,1,1,1,428,2460,10158,4675,8599,8403,3734,22259,5824,8004,1,4972,18762,6514,1.0,41:18,2015,2016
2015-16,201596,Mario Chalmers,Mario,1610612763,MEM,Memphis Grizzlies,21500953,2016-03-09T00:00:00,MEM @ BOS,L,21.8,5.0,2.0,2.0,0.0,11.0,6.0,7.0,18.0,1.0,0.0,2.0,6.0,28.5,1,13074,13074,13074,14316,1603,4731,4675,18861,18886,13237,15538,13577,2692,1,11390,873,6613,1.0,21:49,2015,2016
2015-16,200755,JJ Redick,JJ,1610612746,LAC,LA Clippers,21500955,2016-03-09T00:00:00,LAC @ OKC,L,29.1,14.0,0.0,2.0,2.0,2.0,8.0,11.0,38.0,0.0,0.0,0.0,4.0,31.7,1,13074,13074,13074,8280,6,10158,4675,12984,2619,17345,21342,1422,8004,1,1,2748,5088,1.0,29:08,2015,2016
2015-16,202681,Kyrie Irving,Kyrie,1610612739,CLE,Cleveland Cavaliers,21500957,2016-03-09T00:00:00,CLE @ SAC,W,38.8,0.0,2.0,2.0,16.0,8.0,10.0,9.0,48.0,0.0,1.0,0.0,6.0,38.2,1,1,1,1,1161,12059,4731,4675,275,13914,20509,18829,192,8004,17214,1,873,2854,1.0,38:45,2015,2016
2015-16,202340,Avery Bradley,Avery,1610612738,BOS,Boston Celtics,21500953,2016-03-09T00:00:00,BOS vs. MEM,W,36.5,2.0,2.0,0.0,4.0,13.0,19.0,13.0,32.0,0.0,1.0,3.0,1.0,21.9,1,1,1,1,2411,6026,4731,9917,8599,21300,25786,23048,3535,8004,17214,17641,12373,10460,1.0,36:29,2015,2016
2015-16,202704,Reggie Jackson,Reggie,1610612765,DET,Detroit Pistons,21500954,2016-03-09T00:00:00,DET @ DAL,W,29.3,1.0,2.0,0.0,4.0,10.0,5.0,6.0,26.0,0.0,1.0,2.0,1.0,21.8,1,1,1,1,8150,11535,4731,9917,8599,17370,11469,13388,7214,8004,17214,11390,12373,10526,1.0,29:16,2015,2016
2015-16,101106,Andrew Bogut,Andrew,1610612744,GSW,Golden State Warriors,21500958,2016-03-09T00:00:00,GSW vs. UTA,W,14.5,4.0,0.0,0.0,6.0,0.0,9.0,2.0,18.0,3.0,0.0,2.0,2.0,21.8,1,1,1,1,20133,2460,10158,9917,5299,1,19144,4025,13577,347,1,11390,7786,10526,1.0,14:27,2015,2016
2015-16,202323,Evan Turner,Evan,1610612738,BOS,Boston Celtics,21500953,2016-03-09T00:00:00,BOS vs. MEM,W,30.0,6.0,0.0,3.0,8.0,12.0,16.0,2.0,22.0,0.0,2.0,2.0,4.0,32.8,1,1,1,1,7555,878,10158,3302,3109,20178,25155,4025,10265,8004,23588,11390,2748,4609,1.0,29:59,2015,2016
2015-16,201567,Kevin Love,Kevin,1610612739,CLE,Cleveland Cavaliers,21500957,2016-03-09T00:00:00,CLE @ SAC,W,35.0,0.0,4.0,2.0,2.0,6.0,12.0,7.0,40.0,1.0,1.0,3.0,6.0,38.5,1,1,1,1,3560,12059,1596,4675,12984,10028,22832,15538,983,2692,17214,17641,873,2771,1.0,34:58,2015,2016
2015-16,2207,Joe Johnson,Joe,1610612748,MIA,Miami Heat,21500952,2016-03-09T00:00:00,MIA @ MIL,L,33.8,0.0,2.0,0.0,6.0,19.0,12.0,14.0,40.0,0.0,0.0,4.0,1.0,17.4,1,13074,13074,13074,4517,12059,4731,9917,5299,25074,22832,23710,983,8004,1,22104,12373,13595,1.0,33:48,2015,2016
2015-16,201563,Michael Beasley,Michael,1610612745,HOU,Houston Rockets,21500951,2016-03-09T00:00:00,HOU @ PHI,W,9.0,2.0,0.0,4.0,4.0,4.0,10.0,0.0,4.0,1.0,0.0,4.0,2.0,17.2,1,1,1,1,22856,6026,10158,1913,8599,6141,20509,1,23698,2692,1,22104,7786,13725,1.0,8:57,2015,2016
2015-16,203210,JaMychal Green,JaMychal,1610612763,MEM,Memphis Grizzlies,21500953,2016-03-09T00:00:00,MEM @ BOS,L,36.9,0.0,8.0,0.0,8.0,21.0,12.0,17.0,30.0,2.0,2.0,4.0,5.0,37.6,1,13074,13074,13074,2130,12059,137,9917,3109,25535,22832,24967,4541,932,23588,22104,1539,3018,1.0,36:55,2015,2016
2015-16,201973,Jonas Jerebko,Jonas,1610612738,BOS,Boston Celtics,21500953,2016-03-09T00:00:00,BOS vs. MEM,W,23.3,0.0,0.0,0.0,0.0,7.0,12.0,0.0,12.0,1.0,0.0,4.0,1.0,22.0,1,1,1,1,13116,12059,10158,9917,18861,12242,22832,1,18637,2692,1,22104,12373,10388,1.0,23:18,2015,2016
2015-16,203460,Andre Roberson,Andre,1610612760,OKC,Oklahoma City Thunder,21500955,2016-03-09T00:00:00,OKC vs. LAC,W,25.7,0.0,0.0,0.0,10.0,12.0,0.0,2.0,26.0,0.0,0.0,3.0,0.0,17.2,1,1,1,1,11135,12059,10158,9917,1840,20178,1,4025,7214,8004,1,17641,18762,13725,1.0,25:40,2015,2016
2015-16,200752,Rudy Gay,Rudy,1610612758,SAC,Sacramento Kings,21500957,2016-03-09T00:00:00,SAC vs. CLE,L,41.3,0.0,2.0,0.0,6.0,3.0,18.0,14.0,36.0,0.0,0.0,3.0,3.0,38.7,1,13074,13074,13074,422,12059,4731,9917,5299,5109,25634,23710,1943,8004,1,17641,4736,2717,1.0,41:20,2015,2016
2015-16,201571,D.J. Augustin,D.J.,1610612743,DEN,Denver Nuggets,21500946,2016-03-08T00:00:00,DEN vs. NYK,W,21.1,0.0,0.0,0.0,2.0,2.0,0.0,8.0,16.0,0.0,0.0,0.0,3.0,22.4,1,1,1,1,14996,12059,10158,9917,12984,2619,1,17194,15259,8004,1,1,4736,10131,1.0,21:04,2015,2016
2015-16,203473,Dewayne Dedmon,Dewayne,1610612753,ORL,Orlando Magic,21500949,2016-03-08T00:00:00,ORL @ LAL,L,19.7,0.0,2.0,0.0,2.0,11.0,10.0,10.0,20.0,1.0,0.0,3.0,1.0,22.0,1,13074,13074,13074,16122,12059,4731,9917,12984,18886,20509,20169,11929,2692,1,17641,12373,10388,1.0,19:44,2015,2016
2015-16,201942,DeMar DeRozan,DeMar,1610612761,TOR,Toronto Raptors,21500944,2016-03-08T00:00:00,TOR vs. BKN,W,37.7,8.0,2.0,6.0,8.0,8.0,6.0,8.0,36.0,0.0,1.0,1.0,6.0,38.6,1,1,1,1,1646,308,4731,740,3109,13914,13237,17194,1943,8004,17214,4972,873,2744,1.0,37:43,2015,2016
2015-16,202334,Ed Davis,Ed,1610612757,POR,Portland Trail Blazers,21500948,2016-03-08T00:00:00,POR vs. WAS,W,32.0,2.0,4.0,0.0,8.0,10.0,12.0,7.0,26.0,1.0,0.0,3.0,5.0,38.0,1,1,1,1,5910,6026,1596,9917,3109,17370,22832,15538,7214,2692,1,17641,1539,2903,1.0,31:59,2015,2016
2015-16,201152,Thaddeus Young,Thaddeus,1610612751,BKN,Brooklyn Nets,21500944,2016-03-08T00:00:00,BKN @ TOR,L,31.9,2.0,2.0,0.0,6.0,10.0,12.0,6.0,34.0,1.0,0.0,5.0,0.0,22.3,1,13074,13074,13074,5971,6026,4731,9917,5299,17370,22832,13388,2701,2692,1,24686,18762,10208,1.0,31:55,2015,2016
2015-16,203082,Terrence Ross,Terrence,1610612761,TOR,Toronto Raptors,21500944,2016-03-08T00:00:00,TOR vs. BKN,W,24.1,0.0,2.0,0.0,2.0,11.0,10.0,7.0,26.0,1.0,1.0,1.0,0.0,22.7,1,1,1,1,12470,12059,4731,9917,12984,18886,20509,15538,7214,2692,17214,4972,18762,9938,1.0,24:05,2015,2016
2015-16,203914,Gary Harris,Gary,1610612743,DEN,Denver Nuggets,21500946,2016-03-08T00:00:00,DEN vs. NYK,W,33.1,5.0,0.0,2.0,6.0,2.0,6.0,3.0,22.0,1.0,0.0,1.0,2.0,31.8,1,1,1,1,5079,1603,10158,4675,5299,2619,13237,7328,10265,2692,1,4972,7786,5041,1.0,33:03,2015,2016
2015-16,1626157,Karl-Anthony Towns,Karl-Anthony,1610612750,MIN,Minnesota Timberwolves,21500945,2016-03-08T00:00:00,MIN vs. SAS,L,35.7,4.0,2.0,2.0,16.0,16.0,8.0,12.0,36.0,0.0,1.0,1.0,2.0,28.3,1,13074,13074,13074,3000,2460,4731,4675,275,23774,17345,22259,1943,8004,17214,4972,7786,6720,1.0,35:40,2015,2016
2015-16,203952,Andrew Wiggins,Andrew,1610612750,MIN,Minnesota Timberwolves,21500945,2016-03-08T00:00:00,MIN vs. SAS,L,38.6,7.0,2.0,2.0,12.0,18.0,8.0,14.0,40.0,0.0,3.0,1.0,5.0,32.1,1,13074,13074,13074,1238,548,4731,4675,988,24749,17345,23710,983,8004,25441,4972,1539,4889,1.0,38:33,2015,2016
2015-16,203080,Thomas Robinson,Thomas,1610612751,BKN,Brooklyn Nets,21500944,2016-03-08T00:00:00,BKN @ TOR,L,12.4,0.0,2.0,0.0,2.0,5.0,2.0,0.0,6.0,0.0,0.0,3.0,0.0,17.0,1,13074,13074,13074,21315,12059,4731,9917,12984,8403,3734,1,22724,8004,1,17641,18762,13855,1.0,12:26,2015,2016
2015-16,1626181,Norman Powell,Norman,1610612761,TOR,Toronto Raptors,21500944,2016-03-08T00:00:00,TOR vs. BKN,W,20.5,2.0,0.0,2.0,0.0,4.0,2.0,4.0,18.0,1.0,1.0,0.0,2.0,13.6,1,1,1,1,15449,6026,10158,4675,18861,6141,3734,8806,13577,2692,17214,1,7786,16460,1.0,20:32,2015,2016
2015-16,201945,Gerald Henderson,Gerald,1610612757,POR,Portland Trail Blazers,21500948,2016-03-08T00:00:00,POR vs. WAS,W,30.0,0.0,2.0,3.0,6.0,8.0,9.0,5.0,28.0,1.0,0.0,2.0,3.0,22.4,1,1,1,1,7525,12059,4731,3302,5299,13914,19144,11593,5824,2692,1,11390,4736,10131,1.0,30:01,2015,2016
2015-16,203115,Will Barton,Will,1610612743,DEN,Denver Nuggets,21500946,2016-03-08T00:00:00,DEN vs. NYK,W,20.8,0.0,2.0,0.0,4.0,4.0,2.0,8.0,22.0,0.0,1.0,2.0,2.0,22.5,1,1,1,1,15206,12059,4731,9917,8599,6141,3734,17194,10265,8004,17214,11390,7786,10082,1.0,20:49,2015,2016
2015-16,203613,Jonathon Simmons,Jonathon,1610612759,SAS,San Antonio Spurs,21500945,2016-03-08T00:00:00,SAS @ MIN,W,18.1,2.0,0.0,2.0,4.0,8.0,4.0,5.0,24.0,0.0,1.0,1.0,1.0,14.1,1,1,1,1,17440,6026,10158,4675,8599,13914,8458,11593,8723,8004,17214,4972,12373,16094,1.0,18:06,2015,2016
2015-16,204060,Joe Ingles,Joe,1610612762,UTA,Utah Jazz,21500947,2016-03-08T00:00:00,UTA vs. ATL,L,23.5,4.0,0.0,0.0,0.0,12.0,0.0,4.0,24.0,0.0,0.0,1.0,1.0,14.0,1,13074,13074,13074,12992,2460,10158,9917,18861,20178,1,8806,8723,8004,1,4972,12373,16166,1.0,23:28,2015,2016
2015-16,1626273,Marcelo Huertas,Marcelo,1610612747,LAL,Los Angeles Lakers,21500949,2016-03-08T00:00:00,LAL vs. ORL,W,23.2,0.0,0.0,0.0,2.0,13.0,7.0,4.0,14.0,0.0,0.0,0.0,0.0,13.7,1,1,1,1,13160,12059,10158,9917,12984,21300,15642,8806,17019,8004,1,1,18762,16393,1.0,23:14,2015,2016
2015-16,202687,Bismack Biyombo,Bismack,1610612761,TOR,Toronto Raptors,21500944,2016-03-08T00:00:00,TOR vs. BKN,W,26.5,2.0,2.0,2.0,6.0,9.0,8.0,7.0,24.0,2.0,1.0,4.0,2.0,28.5,1,1,1,1,10482,6026,4731,4675,5299,15771,17345,15538,8723,932,17214,22104,7786,6613,1.0,26:28,2015,2016
2015-16,201162,Jared Dudley,Jared,1610612764,WAS,Washington Wizards,21500948,2016-03-08T00:00:00,WAS @ POR,L,39.1,4.0,3.0,0.0,2.0,9.0,14.0,4.0,30.0,0.0,0.0,5.0,3.0,28.5,1,13074,13074,13074,1040,2460,3104,9917,12984,15771,24300,8806,4541,8004,1,24686,4736,6613,1.0,39:05,2015,2016
2015-16,203486,Mason Plumlee,Mason,1610612757,POR,Portland Trail Blazers,21500948,2016-03-08T00:00:00,POR vs. WAS,W,22.5,2.0,0.0,0.0,6.0,6.0,7.0,6.0,26.0,1.0,0.0,5.0,3.0,13.8,1,1,1,1,13787,6026,10158,9917,5299,10028,15642,13388,7214,2692,1,24686,4736,16311,1.0,22:28,2015,2016
2015-16,200794,Paul Millsap,Paul,1610612737,ATL,Atlanta Hawks,21500947,2016-03-08T00:00:00,ATL @ UTA,W,33.8,4.0,0.0,3.0,12.0,16.0,12.0,4.0,24.0,0.0,0.0,3.0,3.0,38.8,1,1,1,1,4532,2460,10158,3302,988,23774,22832,8806,8723,8004,1,17641,4736,2692,1.0,33:47,2015,2016
2015-16,203506,Victor Oladipo,Victor,1610612753,ORL,Orlando Magic,21500949,2016-03-08T00:00:00,ORL @ LAL,L,35.6,5.0,3.0,8.0,8.0,11.0,13.0,13.0,44.0,1.0,2.0,1.0,4.0,37.8,1,13074,13074,13074,3047,1603,3104,280,3109,18886,23668,23048,454,2692,23588,4972,2748,2956,1.0,35:37,2015,2016
2015-16,201167,Arron Afflalo,Arron,1610612752,NYK,New York Knicks,21500946,2016-03-08T00:00:00,NYK @ DEN,L,35.7,2.0,0.0,3.0,4.0,16.0,10.0,11.0,40.0,0.0,0.0,1.0,1.0,16.8,1,13074,13074,13074,2959,6026,10158,3302,8599,23774,20509,21342,983,8004,1,4972,12373,13996,1.0,35:44,2015,2016
2015-16,200768,Kyle Lowry,Kyle,1610612761,TOR,Toronto Raptors,21500944,2016-03-08T00:00:00,TOR vs. BKN,W,42.0,8.0,0.0,3.0,6.0,13.0,10.0,9.0,40.0,0.0,2.0,0.0,9.0,39.3,1,1,1,1,318,308,10158,3302,5299,21300,20509,18829,983,8004,23588,1,138,2563,1.0,41:57,2015,2016
2015-16,202324,Derrick Favors,Derrick,1610612762,UTA,Utah Jazz,21500947,2016-03-08T00:00:00,UTA vs. ATL,L,36.0,2.0,7.0,0.0,14.0,17.0,4.0,10.0,32.0,3.0,1.0,3.0,4.0,39.1,1,13074,13074,13074,2759,6026,292,9917,542,24337,8458,20169,3535,347,17214,17641,2748,2616,1.0,36:00,2015,2016
2015-16,201228,C.J. Watson,C.J.,1610612753,ORL,Orlando Magic,21500949,2016-03-08T00:00:00,ORL @ LAL,L,25.0,2.0,1.0,2.0,4.0,9.0,15.0,13.0,26.0,0.0,0.0,2.0,5.0,22.1,1,13074,13074,13074,11678,6026,9709,4675,8599,15771,24781,23048,7214,8004,1,11390,1539,10332,1.0,24:59,2015,2016
2015-16,101162,Marcin Gortat,Marcin,1610612764,WAS,Washington Wizards,21500948,2016-03-08T00:00:00,WAS @ POR,L,33.0,3.0,6.0,0.0,14.0,4.0,12.0,4.0,28.0,1.0,2.0,6.0,5.0,32.5,1,13074,13074,13074,5164,4307,481,9917,542,6141,22832,8806,5824,2692,23588,25827,1539,4726,1.0,32:57,2015,2016
2015-16,204001,Kristaps Porziņģis,Kristaps,1610612752,NYK,New York Knicks,21500946,2016-03-08T00:00:00,NYK @ DEN,L,20.1,0.0,0.0,0.0,2.0,10.0,6.0,6.0,22.0,2.0,1.0,3.0,2.0,22.5,1,13074,13074,13074,15814,12059,10158,9917,12984,17370,13237,13388,10265,932,17214,17641,7786,10082,1.0,20:07,2015,2016
2015-16,201160,Jason Smith,Jason,1610612753,ORL,Orlando Magic,21500949,2016-03-08T00:00:00,ORL @ LAL,L,23.9,2.0,0.0,0.0,6.0,2.0,7.0,4.0,28.0,1.0,0.0,6.0,3.0,14.4,1,13074,13074,13074,12630,6026,10158,9917,5299,2619,15642,8806,5824,2692,1,25827,4736,15857,1.0,23:55,2015,2016
2015-16,203937,Kyle Anderson,Kyle,1610612759,SAS,San Antonio Spurs,21500945,2016-03-08T00:00:00,SAS @ MIN,W,21.2,0.0,0.0,0.0,2.0,9.0,4.0,8.0,30.0,0.0,0.0,4.0,1.0,23.2,1,1,1,1,14849,12059,10158,9917,12984,15771,8458,17194,4541,8004,1,22104,12373,9630,1.0,21:14,2015,2016
2015-16,201143,Al Horford,Al,1610612737,ATL,Atlanta Hawks,21500947,2016-03-08T00:00:00,ATL @ UTA,W,35.2,2.0,2.0,2.0,6.0,16.0,10.0,10.0,28.0,1.0,0.0,1.0,0.0,25.9,1,1,1,1,3398,6026,4731,4675,5299,23774,20509,20169,5824,2692,1,4972,18762,7960,1.0,35:11,2015,2016
2015-16,202335,Patrick Patterson,Patrick,1610612761,TOR,Toronto Raptors,21500944,2016-03-08T00:00:00,TOR vs. BKN,W,23.9,5.0,2.0,0.0,4.0,9.0,8.0,7.0,22.0,1.0,1.0,1.0,2.0,23.6,1,1,1,1,12630,1603,4731,9917,8599,15771,17345,15538,10265,2692,17214,4972,7786,9377,1.0,23:55,2015,2016
2015-16,1626170,Jerian Grant,Jerian,1610612752,NYK,New York Knicks,21500946,2016-03-08T00:00:00,NYK @ DEN,L,22.3,0.0,0.0,2.0,2.0,14.0,7.0,8.0,26.0,1.0,0.0,4.0,4.0,19.4,1,13074,13074,13074,13887,12059,10158,4675,12984,22292,15642,17194,7214,2692,1,22104,2748,12154,1.0,22:20,2015,2016
2015-16,202711,Bojan Bogdanović,Bojan,1610612751,BKN,Brooklyn Nets,21500944,2016-03-08T00:00:00,BKN @ TOR,L,31.9,2.0,0.0,4.0,6.0,18.0,8.0,9.0,30.0,0.0,2.0,0.0,0.0,25.0,1,13074,13074,13074,5963,6026,10158,1913,5299,24749,17345,18829,4541,8004,23588,1,18762,8485,1.0,31:56,2015,2016
2015-16,201988,Patty Mills,Patty,1610612759,SAS,San Antonio Spurs,21500945,2016-03-08T00:00:00,SAS @ MIN,W,17.9,2.0,2.0,2.0,4.0,4.0,2.0,6.0,22.0,0.0,0.0,2.0,1.0,14.4,1,1,1,1,17564,6026,4731,4675,8599,6141,3734,13388,10265,8004,1,11390,12373,15857,1.0,17:56,2015,2016
2015-16,203940,Adreian Payne,Adreian,1610612750,MIN,Minnesota Timberwolves,21500945,2016-03-08T00:00:00,MIN vs. SAS,L,21.0,0.0,0.0,0.0,6.0,9.0,6.0,8.0,20.0,0.0,0.0,2.0,0.0,14.6,1,13074,13074,13074,15093,12059,10158,9917,5299,15771,13237,17194,11929,8004,1,11390,18762,15699,1.0,20:57,2015,2016
2015-16,202682,Derrick Williams,Derrick,1610612752,NYK,New York Knicks,21500946,2016-03-08T00:00:00,NYK @ DEN,L,21.4,0.0,0.0,4.0,2.0,10.0,9.0,11.0,38.0,0.0,1.0,0.0,2.0,23.3,1,13074,13074,13074,14708,12059,10158,1913,12984,17370,19144,21342,1422,8004,17214,1,7786,9567,1.0,21:23,2015,2016
2015-16,201574,Jason Thompson,Jason,1610612761,TOR,Toronto Raptors,21500944,2016-03-08T00:00:00,TOR vs. BKN,W,24.1,2.0,0.0,0.0,2.0,6.0,4.0,4.0,24.0,2.0,0.0,3.0,0.0,25.0,1,1,1,1,12470,6026,10158,9917,12984,10028,8458,8806,8723,932,1,17641,18762,8485,1.0,24:05,2015,2016
2015-16,1626145,Tyus Jones,Tyus,1610612750,MIN,Minnesota Timberwolves,21500945,2016-03-08T00:00:00,MIN vs. SAS,L,26.8,0.0,0.0,0.0,4.0,10.0,4.0,10.0,26.0,0.0,0.0,1.0,1.0,19.0,1,13074,13074,13074,10204,12059,10158,9917,8599,17370,8458,20169,7214,8004,1,4972,12373,12440,1.0,26:47,2015,2016
2015-16,203903,Jordan Clarkson,Jordan,1610612747,LAL,Los Angeles Lakers,21500949,2016-03-08T00:00:00,LAL vs. ORL,W,36.4,2.0,3.0,2.0,8.0,8.0,6.0,13.0,36.0,0.0,1.0,3.0,1.0,33.5,1,1,1,1,2509,6026,3104,4675,3109,13914,13237,23048,1943,8004,17214,17641,12373,4348,1.0,36:21,2015,2016
2015-16,203124,Kyle O'Quinn,Kyle,1610612752,NYK,New York Knicks,21500946,2016-03-08T00:00:00,NYK @ DEN,L,18.1,0.0,2.0,0.0,6.0,4.0,5.0,7.0,28.0,1.0,0.0,2.0,0.0,19.5,1,13074,13074,13074,17474,12059,4731,9917,5299,6141,11469,15538,5824,2692,1,11390,18762,12096,1.0,18:04,2015,2016
2015-16,1889,Andre Miller,Andre,1610612759,SAS,San Antonio Spurs,21500945,2016-03-08T00:00:00,SAS @ MIN,W,24.9,3.0,0.0,0.0,4.0,7.0,6.0,7.0,24.0,0.0,0.0,2.0,3.0,24.9,1,1,1,1,11722,4307,10158,9917,8599,12242,13237,15538,8723,8004,1,11390,4736,8553,1.0,24:56,2015,2016
2015-16,200746,LaMarcus Aldridge,LaMarcus,1610612759,SAS,San Antonio Spurs,21500945,2016-03-08T00:00:00,SAS @ MIN,W,29.1,7.0,4.0,4.0,10.0,4.0,4.0,6.0,26.0,4.0,0.0,1.0,4.0,58.4,1,1,1,1,8314,548,1596,1913,1840,6141,8458,13388,7214,132,1,4972,2748,257,1.0,29:05,2015,2016
2015-16,202322,John Wall,John,1610612764,WAS,Washington Wizards,21500948,2016-03-08T00:00:00,WAS @ POR,L,40.3,3.0,3.0,3.0,6.0,6.0,16.0,4.0,36.0,3.0,0.0,4.0,2.0,56.5,1,13074,13074,13074,656,4307,3104,3302,5299,10028,25155,8806,1943,347,1,22104,7786,332,1.0,40:17,2015,2016
2015-16,1626144,Emmanuel Mudiay,Emmanuel,1610612743,DEN,Denver Nuggets,21500946,2016-03-08T00:00:00,DEN vs. NYK,W,30.8,4.0,0.0,4.0,6.0,4.0,6.0,3.0,22.0,0.0,1.0,1.0,2.0,29.9,1,1,1,1,6863,2460,10158,1913,5299,6141,13237,7328,10265,8004,17214,4972,7786,5884,1.0,30:50,2015,2016
2015-16,2561,David West,David,1610612759,SAS,San Antonio Spurs,21500945,2016-03-08T00:00:00,SAS @ MIN,W,30.6,0.0,2.0,2.0,10.0,9.0,8.0,11.0,32.0,1.0,0.0,2.0,2.0,35.3,1,1,1,1,7053,12059,4731,4675,1840,15771,17345,21342,3535,2692,1,11390,7786,3719,1.0,30:34,2015,2016
2015-16,203900,Markel Brown,Markel,1610612751,BKN,Brooklyn Nets,21500944,2016-03-08T00:00:00,BKN @ TOR,L,19.8,0.0,2.0,0.0,2.0,9.0,6.0,4.0,14.0,0.0,0.0,1.0,1.0,7.5,1,13074,13074,13074,16065,12059,4731,9917,12984,15771,13237,8806,17019,8004,1,4972,12373,20874,1.0,19:48,2015,2016
2015-16,202330,Gordon Hayward,Gordon,1610612762,UTA,Utah Jazz,21500947,2016-03-08T00:00:00,UTA vs. ATL,L,38.1,8.0,0.0,4.0,6.0,21.0,4.0,9.0,32.0,1.0,1.0,0.0,7.0,35.7,1,13074,13074,13074,1478,308,10158,1913,5299,25535,8458,18829,3535,2692,17214,1,469,3578,1.0,38:04,2015,2016
2015-16,203081,Damian Lillard,Damian,1610612757,POR,Portland Trail Blazers,21500948,2016-03-08T00:00:00,POR vs. WAS,W,43.6,5.0,5.0,2.0,12.0,12.0,16.0,10.0,40.0,0.0,2.0,2.0,9.0,65.5,1,1,1,1,153,1603,995,4675,988,20178,25155,20169,983,8004,23588,11390,138,88,1.0,43:38,2015,2016
2015-16,201589,Darrell Arthur,Darrell,1610612743,DEN,Denver Nuggets,21500946,2016-03-08T00:00:00,DEN vs. NYK,W,24.3,2.0,0.0,2.0,2.0,2.0,2.0,5.0,20.0,0.0,0.0,5.0,0.0,11.5,1,1,1,1,12301,6026,10158,4675,12984,2619,3734,11593,11929,8004,1,24686,18762,18079,1.0,24:18,2015,2016
2015-16,201572,Brook Lopez,Brook,1610612751,BKN,Brooklyn Nets,21500944,2016-03-08T00:00:00,BKN @ TOR,L,35.5,2.0,2.0,0.0,12.0,22.0,12.0,13.0,34.0,7.0,2.0,3.0,9.0,64.5,1,13074,13074,13074,3156,6026,4731,9917,988,25683,22832,23048,2701,8,23588,17641,138,96,1.0,35:29,2015,2016
2015-16,1626204,Larry Nance Jr.,Larry,1610612747,LAL,Los Angeles Lakers,21500949,2016-03-08T00:00:00,LAL vs. ORL,W,20.4,0.0,4.0,0.0,4.0,11.0,0.0,2.0,16.0,0.0,1.0,2.0,2.0,24.0,1,1,1,1,15578,12059,1596,9917,8599,18886,1,4025,15259,8004,17214,11390,7786,9121,1.0,20:23,2015,2016
2015-16,2546,Carmelo Anthony,Carmelo,1610612752,NYK,New York Knicks,21500946,2016-03-08T00:00:00,NYK @ DEN,L,38.9,2.0,4.0,0.0,12.0,13.0,10.0,15.0,50.0,3.0,1.0,2.0,7.0,49.4,1,13074,13074,13074,1111,6026,1596,9917,988,21300,20509,24242,107,347,17214,11390,469,819,1.0,38:53,2015,2016
2015-16,202962,Greg Smith,Greg,1610612750,MIN,Minnesota Timberwolves,21500945,2016-03-08T00:00:00,MIN vs. SAS,L,4.8,0.0,0.0,0.0,0.0,2.0,0.0,2.0,4.0,0.0,0.0,2.0,1.0,1.2,1,13074,13074,13074,24436,12059,10158,9917,18861,2619,1,4025,23698,8004,1,11390,12373,24661,1.0,4:47,2015,2016
2015-16,201577,Robin Lopez,Robin,1610612752,NYK,New York Knicks,21500946,2016-03-08T00:00:00,NYK @ DEN,L,16.8,0.0,0.0,0.0,2.0,9.0,6.0,8.0,22.0,0.0,0.0,1.0,0.0,6.1,1,13074,13074,13074,18417,12059,10158,9917,12984,15771,13237,17194,10265,8004,1,4972,18762,21845,1.0,16:48,2015,2016
2015-16,203894,Shabazz Napier,Shabazz,1610612753,ORL,Orlando Magic,21500949,2016-03-08T00:00:00,ORL @ LAL,L,1.7,0.0,0.0,0.0,0.0,0.0,0.0,0.0,0.0,0.0,0.0,0.0,0.0,1.5,1,13074,13074,13074,25616,12059,10158,9917,18861,1,1,1,25429,8004,1,1,18762,24473,1.0,1:44,2015,2016
2015-16,203501,Tim Hardaway Jr.,Tim,1610612737,ATL,Atlanta Hawks,21500947,2016-03-08T00:00:00,ATL @ UTA,W,17.4,3.0,0.0,0.0,2.0,10.0,6.0,4.0,16.0,0.0,0.0,1.0,2.0,6.2,1,1,1,1,17954,4307,10158,9917,12984,17370,13237,8806,15259,8004,1,4972,7786,21696,1.0,17:25,2015,2016
2015-16,201943,Brandon Jennings,Brandon,1610612753,ORL,Orlando Magic,21500949,2016-03-08T00:00:00,ORL @ LAL,L,4.3,0.0,0.0,0.0,0.0,0.0,2.0,2.0,0.0,0.0,0.0,0.0,0.0,1.5,1,13074,13074,13074,24618,12059,10158,9917,18861,1,3734,4025,25429,8004,1,1,18762,24473,1.0,4:17,2015,2016
2015-16,1626209,Mario Hezonja,Mario,1610612753,ORL,Orlando Magic,21500949,2016-03-08T00:00:00,ORL @ LAL,L,15.7,0.0,0.0,0.0,0.0,4.0,8.0,4.0,12.0,0.0,0.0,2.0,1.0,6.2,1,13074,13074,13074,19265,12059,10158,9917,18861,6141,17345,8806,18637,8004,1,11390,12373,21696,1.0,15:42,2015,2016
2015-16,2588,Matt Bonner,Matt,1610612759,SAS,San Antonio Spurs,21500945,2016-03-08T00:00:00,SAS @ MIN,W,10.1,0.0,0.0,0.0,0.0,6.0,2.0,1.0,12.0,0.0,0.0,0.0,0.0,8.9,1,1,1,1,22382,12059,10158,9917,18861,10028,3734,3646,18637,8004,1,1,18762,19914,1.0,10:08,2015,2016
2015-16,203960,JaKarr Sampson,JaKarr,1610612743,DEN,Denver Nuggets,21500946,2016-03-08T00:00:00,DEN vs. NYK,W,16.6,0.0,0.0,0.0,2.0,2.0,4.0,0.0,10.0,0.0,1.0,4.0,0.0,8.9,1,1,1,1,18558,12059,10158,9917,12984,2619,8458,1,20209,8004,17214,22104,18762,19914,1.0,16:37,2015,2016
2015-16,203499,Shane Larkin,Shane,1610612751,BKN,Brooklyn Nets,21500944,2016-03-08T00:00:00,BKN @ TOR,L,20.1,0.0,0.0,2.0,4.0,9.0,6.0,4.0,12.0,0.0,1.0,0.0,3.0,6.5,1,13074,13074,13074,15861,12059,10158,4675,8599,15771,13237,8806,18637,8004,17214,1,4736,21519,1.0,20:04,2015,2016
2015-16,101187,Alan Anderson,Alan,1610612764,WAS,Washington Wizards,21500948,2016-03-08T00:00:00,WAS @ POR,L,1.2,0.0,0.0,0.0,0.0,0.0,2.0,0.0,2.0,0.0,0.0,0.0,1.0,0.0,1,13074,13074,13074,25805,12059,10158,9917,18861,1,3734,1,24614,8004,1,1,12373,25170,1.0,1:11,2015,2016
2015-16,203943,Noah Vonleh,Noah,1610612757,POR,Portland Trail Blazers,21500948,2016-03-08T00:00:00,POR vs. WAS,W,11.2,0.0,0.0,0.0,0.0,4.0,3.0,4.0,10.0,0.0,1.0,3.0,1.0,3.6,1,1,1,1,21925,12059,10158,9917,18861,6141,7138,8806,20209,8004,17214,17641,12373,23310,1.0,11:14,2015,2016
2015-16,1626246,Boban Marjanović,Boban,1610612759,SAS,San Antonio Spurs,21500945,2016-03-08T00:00:00,SAS @ MIN,W,10.2,0.0,0.0,0.0,0.0,3.0,0.0,0.0,8.0,0.0,0.0,0.0,1.0,9.6,1,1,1,1,22370,12059,10158,9917,18861,5109,1,1,21543,8004,1,1,12373,19434,1.0,10:09,2015,2016
2015-16,1626162,Kelly Oubre Jr.,Kelly,1610612764,WAS,Washington Wizards,21500948,2016-03-08T00:00:00,WAS @ POR,L,10.0,0.0,0.0,0.0,0.0,2.0,0.0,5.0,6.0,0.0,2.0,2.0,2.0,6.6,1,13074,13074,13074,22459,12059,10158,9917,18861,2619,1,11593,22724,8004,23588,11390,7786,21445,1.0,9:58,2015,2016
2015-16,1626253,Axel Toupane,Axel,1610612743,DEN,Denver Nuggets,21500946,2016-03-08T00:00:00,DEN vs. NYK,W,14.3,5.0,0.0,2.0,4.0,4.0,0.0,8.0,12.0,0.0,0.0,3.0,1.0,9.5,1,1,1,1,20220,1603,10158,4675,8599,6141,1,17194,18637,8004,1,17641,12373,19519,1.0,14:18,2015,2016
2015-16,2743,Kris Humphries,Kris,1610612737,ATL,Atlanta Hawks,21500947,2016-03-08T00:00:00,ATL @ UTA,W,18.1,2.0,0.0,0.0,4.0,2.0,8.0,4.0,14.0,1.0,0.0,3.0,1.0,13.4,1,1,1,1,17449,6026,10158,9917,8599,2619,17345,8806,17019,2692,1,17641,12373,16614,1.0,18:06,2015,2016
2015-16,203148,Brian Roberts,Brian,1610612757,POR,Portland Trail Blazers,21500948,2016-03-08T00:00:00,POR vs. WAS,W,6.1,0.0,2.0,0.0,4.0,0.0,1.0,0.0,10.0,0.0,0.0,1.0,0.0,4.0,1,1,1,1,23919,12059,4731,9917,8599,1,3393,1,20209,8004,1,4972,18762,23142,1.0,6:06,2015,2016
2015-16,2034,Mike Miller,Mike,1610612743,DEN,Denver Nuggets,21500946,2016-03-08T00:00:00,DEN vs. NYK,W,3.6,0.0,0.0,0.0,0.0,0.0,0.0,4.0,4.0,0.0,0.0,0.0,0.0,0.0,1,1,1,1,24862,12059,10158,9917,18861,1,1,8806,23698,8004,1,1,18762,25170,1.0,3:37,2015,2016
2015-16,202338,Kevin Seraphin,Kevin,1610612752,NYK,New York Knicks,21500946,2016-03-08T00:00:00,NYK @ DEN,L,14.3,0.0,0.0,0.0,0.0,7.0,5.0,2.0,12.0,1.0,0.0,3.0,1.0,5.2,1,13074,13074,13074,20201,12059,10158,9917,18861,12242,11469,4025,18637,2692,1,17641,12373,22370,1.0,14:20,2015,2016
2015-16,204038,Langston Galloway,Langston,1610612752,NYK,New York Knicks,21500946,2016-03-08T00:00:00,NYK @ DEN,L,26.7,0.0,0.0,2.0,2.0,11.0,9.0,8.0,36.0,0.0,0.0,3.0,3.0,9.1,1,13074,13074,13074,10287,12059,10158,4675,12984,18886,19144,17194,1943,8004,1,17641,4736,19789,1.0,26:41,2015,2016
2015-16,1626168,Trey Lyles,Trey,1610612762,UTA,Utah Jazz,21500947,2016-03-08T00:00:00,UTA vs. ATL,L,6.5,0.0,0.0,0.0,0.0,2.0,0.0,0.0,6.0,0.0,0.0,2.0,1.0,1.0,1,13074,13074,13074,23758,12059,10158,9917,18861,2619,1,1,22724,8004,1,11390,12373,24960,1.0,6:28,2015,2016
2015-16,2446,Rasual Butler,Rasual,1610612759,SAS,San Antonio Spurs,21500945,2016-03-08T00:00:00,SAS @ MIN,W,5.1,0.0,0.0,0.0,0.0,3.0,0.0,0.0,4.0,0.0,0.0,0.0,0.0,0.0,1,1,1,1,24317,12059,10158,9917,18861,5109,1,1,23698,8004,1,1,18762,25170,1.0,5:08,2015,2016
2015-16,203187,Chris Johnson,Chris,1610612762,UTA,Utah Jazz,21500947,2016-03-08T00:00:00,UTA vs. ATL,L,4.7,0.0,2.0,0.0,2.0,2.0,0.0,0.0,8.0,0.0,1.0,0.0,0.0,3.2,1,13074,13074,13074,24464,12059,4731,9917,12984,2619,1,1,21543,8004,17214,1,18762,23473,1.0,4:42,2015,2016
2015-16,203930,Sean Kilpatrick,Sean,1610612751,BKN,Brooklyn Nets,21500944,2016-03-08T00:00:00,BKN @ TOR,L,14.9,3.0,0.0,3.0,2.0,9.0,6.0,4.0,10.0,0.0,1.0,2.0,0.0,7.0,1,13074,13074,13074,19826,4307,10158,3302,12984,15771,13237,8806,20209,8004,17214,11390,18762,21188,1.0,14:55,2015,2016
2015-16,201937,Ricky Rubio,Ricky,1610612750,MIN,Minnesota Timberwolves,21500945,2016-03-08T00:00:00,MIN vs. SAS,L,21.2,0.0,0.0,0.0,0.0,10.0,6.0,6.0,24.0,0.0,0.0,4.0,1.0,9.3,1,13074,13074,13074,14862,12059,10158,9917,18861,17370,13237,13388,8723,8004,1,22104,12373,19656,1.0,21:13,2015,2016
2015-16,203906,Devyn Marble,Devyn,1610612753,ORL,Orlando Magic,21500949,2016-03-08T00:00:00,ORL @ LAL,L,1.7,0.0,0.0,0.0,2.0,0.0,0.0,0.0,0.0,0.0,0.0,0.0,0.0,2.0,1,13074,13074,13074,25616,12059,10158,9917,12984,1,1,1,25429,8004,1,1,18762,24216,1.0,1:44,2015,2016
2015-16,202714,Shelvin Mack,Shelvin,1610612762,UTA,Utah Jazz,21500947,2016-03-08T00:00:00,UTA vs. ATL,L,26.7,0.0,0.0,2.0,2.0,14.0,4.0,5.0,18.0,0.0,1.0,3.0,1.0,16.4,1,13074,13074,13074,10282,12059,10158,4675,12984,22292,8458,11593,13577,8004,17214,17641,12373,14289,1.0,26:42,2015,2016
2015-16,101141,Ersan Ilyasova,Ersan,1610612753,ORL,Orlando Magic,21500949,2016-03-08T00:00:00,ORL @ LAL,L,14.1,0.0,0.0,0.0,2.0,4.0,8.0,9.0,16.0,0.0,0.0,4.0,0.0,8.3,1,13074,13074,13074,20337,12059,10158,9917,12984,6141,17345,18829,15259,8004,1,22104,18762,20376,1.0,14:07,2015,2016
2015-16,101138,Brandon Bass,Brandon,1610612747,LAL,Los Angeles Lakers,21500949,2016-03-08T00:00:00,LAL vs. ORL,W,23.9,0.0,2.0,4.0,4.0,11.0,6.0,4.0,14.0,0.0,1.0,1.0,4.0,16.5,1,1,1,1,12682,12059,4731,1913,8599,18886,13237,8806,17019,8004,17214,4972,2748,14224,1.0,23:52,2015,2016
2015-16,203530,Joffrey Lauvergne,Joffrey,1610612743,DEN,Denver Nuggets,21500946,2016-03-08T00:00:00,DEN vs. NYK,W,13.7,0.0,0.0,0.0,0.0,2.0,2.0,8.0,14.0,0.0,0.0,5.0,1.0,18.2,1,1,1,1,20589,12059,10158,9917,18861,2619,3734,17194,17019,8004,1,24686,12373,13004,1.0,13:42,2015,2016
2015-16,204014,Damjan Rudez,Damjan,1610612750,MIN,Minnesota Timberwolves,21500945,2016-03-08T00:00:00,MIN vs. SAS,L,6.8,0.0,0.0,0.0,0.0,0.0,0.0,0.0,4.0,0.0,0.0,0.0,0.0,2.4,1,13074,13074,13074,23644,12059,10158,9917,18861,1,1,1,23698,8004,1,1,18762,24024,1.0,6:46,2015,2016
2015-16,203490,Otto Porter Jr.,Otto,1610612764,WAS,Washington Wizards,21500948,2016-03-08T00:00:00,WAS @ POR,L,29.9,0.0,4.0,2.0,2.0,4.0,13.0,4.0,30.0,0.0,0.0,0.0,0.0,17.8,1,13074,13074,13074,7654,12059,1596,4675,12984,6141,23668,8806,4541,8004,1,1,18762,13309,1.0,29:52,2015,2016
2015-16,2403,Nene,ene,1610612764,WAS,Washington Wizards,21500948,2016-03-08T00:00:00,WAS @ POR,L,19.8,4.0,0.0,2.0,8.0,7.0,6.0,5.0,18.0,0.0,0.0,3.0,5.0,21.6,1,13074,13074,13074,16056,2460,10158,4675,3109,12242,13237,11593,13577,8004,1,17641,1539,10666,1.0,19:49,2015,2016
2015-16,203186,Willie Reed,Willie,1610612751,BKN,Brooklyn Nets,21500944,2016-03-08T00:00:00,BKN @ TOR,L,16.1,6.0,4.0,2.0,10.0,17.0,2.0,7.0,6.0,0.0,0.0,0.0,2.0,20.8,1,13074,13074,13074,18968,878,1596,4675,1840,24337,3734,15538,22724,8004,1,1,7786,11195,1.0,16:05,2015,2016
2015-16,203468,CJ McCollum,CJ,1610612757,POR,Portland Trail Blazers,21500948,2016-03-08T00:00:00,POR vs. WAS,W,36.5,2.0,0.0,4.0,8.0,12.0,15.0,13.0,34.0,0.0,1.0,4.0,1.0,18.6,1,1,1,1,2416,6026,10158,1913,3109,20178,24781,23048,2701,8004,17214,22104,12373,12715,1.0,36:29,2015,2016
2015-16,203498,Shabazz Muhammad,Shabazz,1610612750,MIN,Minnesota Timberwolves,21500945,2016-03-08T00:00:00,MIN vs. SAS,L,21.4,3.0,2.0,5.0,4.0,4.0,2.0,4.0,20.0,0.0,0.0,1.0,4.0,17.9,1,13074,13074,13074,14690,4307,4731,1277,8599,6141,3734,8806,11929,8004,1,4972,2748,13229,1.0,21:24,2015,2016
2015-16,203094,Andrew Nicholson,Andrew,1610612753,ORL,Orlando Magic,21500949,2016-03-08T00:00:00,ORL @ LAL,L,10.3,2.0,0.0,0.0,2.0,4.0,4.0,2.0,10.0,0.0,0.0,0.0,0.0,2.2,1,13074,13074,13074,22333,6026,10158,9917,12984,6141,8458,4025,20209,8004,1,1,18762,24138,1.0,10:15,2015,2016
2015-16,203527,Ryan Kelly,Ryan,1610612747,LAL,Los Angeles Lakers,21500949,2016-03-08T00:00:00,LAL vs. ORL,W,9.2,2.0,2.0,0.0,0.0,6.0,0.0,0.0,4.0,0.0,0.0,2.0,1.0,3.2,1,1,1,1,22773,6026,4731,9917,18861,10028,1,1,23698,8004,1,11390,12373,23473,1.0,9:10,2015,2016
2015-16,201156,Nick Young,Nick,1610612747,LAL,Los Angeles Lakers,21500949,2016-03-08T00:00:00,LAL vs. ORL,W,22.8,0.0,0.0,0.0,0.0,6.0,7.0,13.0,26.0,0.0,0.0,0.0,0.0,2.7,1,1,1,1,13553,12059,10158,9917,18861,10028,15642,23048,7214,8004,1,1,18762,23884,1.0,22:46,2015,2016
2015-16,203897,Zach LaVine,Zach,1610612750,MIN,Minnesota Timberwolves,21500945,2016-03-08T00:00:00,MIN vs. SAS,L,36.1,0.0,0.0,4.0,8.0,18.0,10.0,14.0,40.0,0.0,1.0,1.0,1.0,20.9,1,13074,13074,13074,2720,12059,10158,1913,3109,24749,20509,23710,983,8004,17214,4972,12373,11132,1.0,36:03,2015,2016
2015-16,203526,Raul Neto,Raul,1610612762,UTA,Utah Jazz,21500947,2016-03-08T00:00:00,UTA vs. ATL,L,13.8,2.0,0.0,2.0,2.0,9.0,0.0,2.0,12.0,0.0,0.0,0.0,0.0,7.7,1,13074,13074,13074,20547,6026,10158,4675,12984,15771,1,4025,18637,8004,1,1,18762,20733,1.0,13:46,2015,2016
2015-16,203118,Mike Scott,Mike,1610612737,ATL,Atlanta Hawks,21500947,2016-03-08T00:00:00,ATL @ UTA,W,8.9,2.0,0.0,0.0,2.0,2.0,2.0,2.0,10.0,0.0,0.0,2.0,0.0,2.2,1,1,1,1,22897,6026,10158,9917,12984,2619,3734,4025,20209,8004,1,11390,18762,24138,1.0,8:51,2015,2016
2015-16,202693,Markieff Morris,Markieff,1610612764,WAS,Washington Wizards,21500948,2016-03-08T00:00:00,WAS @ POR,L,27.6,0.0,0.0,0.0,4.0,7.0,7.0,5.0,24.0,1.0,0.0,5.0,3.0,16.4,1,13074,13074,13074,9548,12059,10158,9917,8599,12242,15642,11593,8723,2692,1,24686,4736,14289,1.0,27:35,2015,2016
2015-16,202685,Jonas Valančiūnas,Jonas,1610612761,TOR,Toronto Raptors,21500944,2016-03-08T00:00:00,TOR vs. BKN,W,21.5,0.0,6.0,0.0,8.0,6.0,4.0,4.0,22.0,0.0,1.0,2.0,1.0,16.6,1,1,1,1,14643,12059,481,9917,3109,10028,8458,8806,10265,8004,17214,11390,12373,14125,1.0,21:27,2015,2016
2015-16,2564,Boris Diaw,Boris,1610612759,SAS,San Antonio Spurs,21500945,2016-03-08T00:00:00,SAS @ MIN,W,16.1,0.0,0.0,0.0,4.0,6.0,2.0,8.0,22.0,0.0,1.0,1.0,0.0,17.9,1,1,1,1,18971,12059,10158,9917,8599,10028,3734,17194,10265,8004,17214,4972,18762,13229,1.0,16:05,2015,2016
2015-16,202329,Al-Farouq Aminu,Al-Farouq,1610612757,POR,Portland Trail Blazers,21500948,2016-03-08T00:00:00,POR vs. WAS,W,28.1,0.0,5.0,0.0,2.0,10.0,6.0,8.0,32.0,1.0,1.0,0.0,2.0,16.1,1,1,1,1,9180,12059,995,9917,12984,17370,13237,17194,3535,2692,17214,1,7786,14515,1.0,28:04,2015,2016
2015-16,202066,Garrett Temple,Garrett,1610612764,WAS,Washington Wizards,21500948,2016-03-08T00:00:00,WAS @ POR,L,30.5,2.0,0.0,5.0,2.0,7.0,6.0,9.0,26.0,0.0,0.0,3.0,4.0,20.8,1,13074,13074,13074,7102,6026,10158,1277,12984,12242,13237,18829,7214,8004,1,17641,2748,11195,1.0,30:31,2015,2016
2015-16,202702,Kenneth Faried,Kenneth,1610612743,DEN,Denver Nuggets,21500946,2016-03-08T00:00:00,DEN vs. NYK,W,27.8,0.0,9.0,7.0,18.0,2.0,4.0,3.0,16.0,1.0,2.0,1.0,4.0,41.0,1,1,1,1,9352,12059,77,454,131,2619,8458,7328,15259,2692,23588,4972,2748,2143,1.0,27:50,2015,2016
2015-16,201579,Roy Hibbert,Roy,1610612747,LAL,Los Angeles Lakers,21500949,2016-03-08T00:00:00,LAL vs. ORL,W,21.4,0.0,2.0,0.0,2.0,4.0,2.0,11.0,24.0,1.0,0.0,3.0,6.0,15.9,1,1,1,1,14708,12059,4731,9917,12984,6141,3734,21342,8723,2692,1,17641,873,14675,1.0,21:23,2015,2016
2015-16,202344,Trevor Booker,Trevor,1610612762,UTA,Utah Jazz,21500947,2016-03-08T00:00:00,UTA vs. ATL,L,19.8,2.0,2.0,2.0,4.0,12.0,0.0,3.0,26.0,0.0,0.0,1.0,2.0,20.0,1,13074,13074,13074,16111,6026,4731,4675,8599,20178,1,7328,7214,8004,1,4972,7786,11752,1.0,19:45,2015,2016
2015-16,101181,Jose Calderon,Jose,1610612752,NYK,New York Knicks,21500946,2016-03-08T00:00:00,NYK @ DEN,L,25.7,2.0,0.0,0.0,4.0,6.0,8.0,9.0,36.0,1.0,0.0,1.0,2.0,19.8,1,13074,13074,13074,11150,6026,10158,9917,8599,10028,17345,18829,1943,2692,1,4972,7786,11883,1.0,25:40,2015,2016
2015-16,203471,Dennis Schröder,Dennis,1610612737,ATL,Atlanta Hawks,21500947,2016-03-08T00:00:00,ATL @ UTA,W,16.2,0.0,0.0,0.0,2.0,4.0,7.0,4.0,12.0,0.0,0.0,1.0,1.0,15.2,1,1,1,1,18882,12059,10158,9917,12984,6141,15642,8806,18637,8004,1,4972,12373,15219,1.0,16:12,2015,2016
2015-16,203476,Gorgui Dieng,Gorgui,1610612750,MIN,Minnesota Timberwolves,21500945,2016-03-08T00:00:00,MIN vs. SAS,L,27.8,0.0,2.0,0.0,0.0,13.0,6.0,10.0,36.0,2.0,2.0,4.0,1.0,20.3,1,13074,13074,13074,9363,12059,4731,9917,18861,21300,13237,20169,1943,932,23588,22104,12373,11534,1.0,27:50,2015,2016
2015-16,203932,Aaron Gordon,Aaron,1610612753,ORL,Orlando Magic,21500949,2016-03-08T00:00:00,ORL @ LAL,L,28.0,2.0,0.0,3.0,4.0,5.0,9.0,9.0,38.0,1.0,0.0,2.0,1.0,20.3,1,13074,13074,13074,9239,6026,10158,3302,8599,8403,19144,18829,1422,2692,1,11390,12373,11534,1.0,27:59,2015,2016
2015-16,200757,Thabo Sefolosha,Thabo,1610612737,ATL,Atlanta Hawks,21500947,2016-03-08T00:00:00,ATL @ UTA,W,24.1,1.0,0.0,1.0,0.0,10.0,8.0,10.0,22.0,1.0,1.0,1.0,1.0,15.1,1,1,1,1,12428,11535,10158,9347,18861,17370,17345,20169,10265,2692,17214,4972,12373,15328,1.0,24:09,2015,2016
2015-16,203086,Meyers Leonard,Meyers,1610612757,POR,Portland Trail Blazers,21500948,2016-03-08T00:00:00,POR vs. WAS,W,25.4,0.0,0.0,0.0,0.0,8.0,9.0,7.0,20.0,0.0,0.0,5.0,3.0,19.7,1,1,1,1,11368,12059,10158,9917,18861,13914,19144,15538,11929,8004,1,24686,4736,11962,1.0,25:25,2015,2016
2015-16,203459,Allen Crabbe,Allen,1610612757,POR,Portland Trail Blazers,21500948,2016-03-08T00:00:00,POR vs. WAS,W,29.6,0.0,0.0,0.0,0.0,10.0,2.0,5.0,34.0,0.0,0.0,2.0,1.0,11.9,1,1,1,1,7875,12059,10158,9917,18861,17370,3734,11593,2701,8004,1,11390,12373,17760,1.0,29:37,2015,2016
2015-16,203918,Rodney Hood,Rodney,1610612762,UTA,Utah Jazz,21500947,2016-03-08T00:00:00,UTA vs. ATL,L,37.9,0.0,5.0,0.0,2.0,20.0,4.0,10.0,32.0,0.0,0.0,2.0,2.0,30.7,1,13074,13074,13074,1546,12059,995,9917,12984,25338,8458,20169,3535,8004,1,11390,7786,5539,1.0,37:55,2015,2016
2015-16,1626156,D'Angelo Russell,D'Angelo,1610612747,LAL,Los Angeles Lakers,21500949,2016-03-08T00:00:00,LAL vs. ORL,W,36.4,4.0,0.0,7.0,18.0,13.0,3.0,13.0,38.0,0.0,0.0,3.0,4.0,40.9,1,1,1,1,2452,2460,10158,454,131,21300,7138,23048,1422,8004,1,17641,2748,2166,1.0,36:25,2015,2016
2015-16,202388,Donald Sloan,Donald,1610612751,BKN,Brooklyn Nets,21500944,2016-03-08T00:00:00,BKN @ TOR,L,27.9,0.0,0.0,0.0,2.0,18.0,8.0,9.0,28.0,0.0,1.0,5.0,0.0,11.9,1,13074,13074,13074,9293,12059,10158,9917,12984,24749,17345,18829,5824,8004,17214,24686,18762,17760,1.0,27:56,2015,2016
2015-16,201980,Danny Green,Danny,1610612759,SAS,San Antonio Spurs,21500945,2016-03-08T00:00:00,SAS @ MIN,W,32.2,4.0,0.0,6.0,4.0,7.0,4.0,7.0,28.0,2.0,0.0,2.0,2.0,30.5,1,1,1,1,5762,2460,10158,740,8599,12242,8458,15538,5824,932,1,11390,7786,5620,1.0,32:09,2015,2016
2015-16,1897,Metta World Peace,Metta,1610612747,LAL,Los Angeles Lakers,21500949,2016-03-08T00:00:00,LAL vs. ORL,W,16.1,1.0,0.0,0.0,0.0,5.0,1.0,2.0,14.0,1.0,0.0,5.0,2.0,12.4,1,1,1,1,18988,11535,10158,9917,18861,8403,3393,4025,17019,2692,1,24686,7786,17418,1.0,16:04,2015,2016
2015-16,201196,Ramon Sessions,Ramon,1610612764,WAS,Washington Wizards,21500948,2016-03-08T00:00:00,WAS @ POR,L,33.8,0.0,0.0,1.0,14.0,9.0,14.0,5.0,30.0,0.0,0.0,0.0,2.0,31.3,1,13074,13074,13074,4549,12059,10158,9347,542,15771,24300,11593,4541,8004,1,1,7786,5258,1.0,33:45,2015,2016
2015-16,203901,Elfrid Payton,Elfrid,1610612753,ORL,Orlando Magic,21500949,2016-03-08T00:00:00,ORL @ LAL,L,20.2,0.0,0.0,0.0,2.0,4.0,4.0,4.0,30.0,0.0,0.0,1.0,1.0,15.9,1,13074,13074,13074,15764,12059,10158,9917,12984,6141,8458,8806,4541,8004,1,4972,12373,14675,1.0,20:10,2015,2016
2015-16,203095,Evan Fournier,Evan,1610612753,ORL,Orlando Magic,21500949,2016-03-08T00:00:00,ORL @ LAL,L,39.8,4.0,2.0,2.0,12.0,11.0,15.0,15.0,56.0,0.0,0.0,3.0,6.0,31.3,1,13074,13074,13074,793,2460,4731,4675,988,18886,24781,24242,21,8004,1,17641,873,5258,1.0,39:47,2015,2016
2015-16,2594,Kyle Korver,Kyle,1610612737,ATL,Atlanta Hawks,21500947,2016-03-08T00:00:00,ATL @ UTA,W,25.8,6.0,2.0,0.0,0.0,8.0,8.0,0.0,16.0,0.0,0.0,1.0,2.0,11.8,1,1,1,1,11005,878,4731,9917,18861,13914,17345,1,15259,8004,1,4972,7786,17832,1.0,25:49,2015,2016
2015-16,202709,Cory Joseph,Cory,1610612761,TOR,Toronto Raptors,21500944,2016-03-08T00:00:00,TOR vs. BKN,W,19.8,0.0,0.0,0.0,4.0,9.0,8.0,5.0,18.0,0.0,0.0,3.0,0.0,12.1,1,1,1,1,16071,12059,10158,9917,8599,15771,17345,11593,13577,8004,1,17641,18762,17639,1.0,19:48,2015,2016
2015-16,203999,Nikola Jokić,Nikola,1610612743,DEN,Denver Nuggets,21500946,2016-03-08T00:00:00,DEN vs. NYK,W,33.9,4.0,4.0,0.0,18.0,6.0,4.0,5.0,22.0,1.0,4.0,0.0,5.0,40.3,1,1,1,1,4454,2460,1596,9917,131,10028,8458,11593,10265,2692,25926,1,1539,2302,1.0,33:52,2015,2016
2015-16,203497,Rudy Gobert,Rudy,1610612762,UTA,Utah Jazz,21500947,2016-03-08T00:00:00,UTA vs. ATL,L,33.2,0.0,0.0,0.0,6.0,21.0,4.0,7.0,20.0,0.0,0.0,2.0,1.0,27.0,1,13074,13074,13074,4985,12059,10158,9917,5299,25535,8458,15538,11929,8004,1,11390,12373,7385,1.0,33:10,2015,2016
2015-16,201961,Wayne Ellington,Wayne,1610612751,BKN,Brooklyn Nets,21500944,2016-03-08T00:00:00,BKN @ TOR,L,29.4,0.0,0.0,0.0,0.0,18.0,8.0,9.0,26.0,0.0,0.0,3.0,0.0,15.8,1,13074,13074,13074,8015,12059,10158,9917,18861,24749,17345,18829,7214,8004,1,17641,18762,14754,1.0,29:27,2015,2016
2015-16,201952,Jeff Teague,Jeff,1610612737,ATL,Atlanta Hawks,21500947,2016-03-08T00:00:00,ATL @ UTA,W,31.8,4.0,0.0,0.0,10.0,14.0,9.0,6.0,26.0,1.0,2.0,2.0,3.0,41.6,1,1,1,1,6074,2460,10158,9917,1840,22292,19144,13388,7214,2692,23588,11390,4736,2021,1.0,31:48,2015,2016
2015-16,203944,Julius Randle,Julius,1610612747,LAL,Los Angeles Lakers,21500949,2016-03-08T00:00:00,LAL vs. ORL,W,30.4,4.0,6.0,4.0,18.0,8.0,8.0,13.0,34.0,0.0,1.0,3.0,4.0,41.7,1,1,1,1,7208,2460,481,1913,131,13914,17345,23048,2701,8004,17214,17641,2748,2002,1.0,30:22,2015,2016
2015-16,202695,Kawhi Leonard,Kawhi,1610612759,SAS,San Antonio Spurs,21500945,2016-03-08T00:00:00,SAS @ MIN,W,24.5,2.0,2.0,0.0,8.0,4.0,4.0,6.0,18.0,0.0,0.0,1.0,2.0,27.0,1,1,1,1,12102,6026,4731,9917,3109,6141,8458,13388,13577,8004,1,4972,7786,7385,1.0,24:31,2015,2016
2015-16,203145,Kent Bazemore,Kent,1610612737,ATL,Atlanta Hawks,21500947,2016-03-08T00:00:00,ATL @ UTA,W,28.7,2.0,0.0,4.0,4.0,8.0,10.0,6.0,22.0,0.0,1.0,4.0,1.0,15.5,1,1,1,1,8643,6026,10158,1913,8599,13914,20509,13388,10265,8004,17214,22104,12373,15004,1.0,28:43,2015,2016
2015-16,203937,Kyle Anderson,Kyle,1610612759,SAS,San Antonio Spurs,21500939,2016-03-07T00:00:00,SAS @ IND,L,9.4,0.0,1.0,0.0,0.0,3.0,2.0,2.0,4.0,0.0,1.0,1.0,2.0,12.0,1,13074,13074,13074,22676,12059,9709,9917,18861,5109,3734,4025,23698,8004,17214,4972,7786,17703,1.0,9:23,2015,2016
2015-16,201596,Mario Chalmers,Mario,1610612763,MEM,Memphis Grizzlies,21500938,2016-03-07T00:00:00,MEM @ CLE,W,40.6,3.0,2.0,2.0,10.0,24.0,18.0,16.0,44.0,0.0,1.0,4.0,8.0,41.3,1,1,1,1,578,4307,4731,4675,1840,25890,25634,24641,454,8004,17214,22104,254,2074,1.0,40:36,2015,2016
2015-16,203932,Aaron Gordon,Aaron,1610612753,ORL,Orlando Magic,21500943,2016-03-07T00:00:00,ORL @ GSW,L,36.0,4.0,2.0,6.0,14.0,13.0,9.0,26.0,42.0,1.0,1.0,2.0,3.0,42.2,1,13074,13074,13074,2735,2460,4731,740,542,21300,19144,26007,670,2692,17214,11390,4736,1892,1.0,36:02,2015,2016
2015-16,203506,Victor Oladipo,Victor,1610612753,ORL,Orlando Magic,21500943,2016-03-07T00:00:00,ORL @ GSW,L,38.8,6.0,0.0,4.0,6.0,9.0,11.0,22.0,40.0,0.0,0.0,3.0,3.0,40.8,1,13074,13074,13074,1153,878,10158,1913,5299,15771,21814,25811,983,8004,1,17641,4736,2181,1.0,38:46,2015,2016
2015-16,2037,Jamal Crawford,Jamal,1610612746,LAC,LA Clippers,21500942,2016-03-07T00:00:00,LAC @ DAL,W,29.1,4.0,0.0,5.0,2.0,7.0,4.0,7.0,20.0,0.0,0.0,2.0,2.0,27.3,1,1,1,1,8328,2460,10158,1277,12984,12242,8458,15538,11929,8004,1,11390,7786,7236,1.0,29:03,2015,2016
2015-16,203507,Giannis Antetokounmpo,Giannis,1610612749,MIL,Milwaukee Bucks,21500940,2016-03-07T00:00:00,MIL @ CHI,L,36.8,4.0,0.0,2.0,8.0,12.0,17.0,10.0,32.0,1.0,2.0,1.0,3.0,42.0,1,13074,13074,13074,2251,2460,10158,4675,3109,20178,25429,20169,3535,2692,23588,4972,4736,1936,1.0,36:46,2015,2016
2015-16,2585,Zaza Pachulia,Zaza,1610612742,DAL,Dallas Mavericks,21500942,2016-03-07T00:00:00,DAL vs. LAC,L,14.7,0.0,0.0,0.0,0.0,5.0,2.0,17.0,14.0,0.0,1.0,1.0,1.0,12.1,1,13074,13074,13074,19945,12059,10158,9917,18861,8403,3734,24967,17019,8004,17214,4972,12373,17639,1.0,14:44,2015,2016
2015-16,2744,Al Jefferson,Al,1610612766,CHA,Charlotte Hornets,21500937,2016-03-07T00:00:00,CHA vs. MIN,W,25.9,11.0,2.0,0.0,12.0,5.0,6.0,9.0,22.0,0.0,0.0,0.0,4.0,30.2,1,1,1,1,10939,55,4731,9917,988,8403,13237,18829,10265,8004,1,1,2748,5751,1.0,25:53,2015,2016
2015-16,201573,Jerryd Bayless,Jerryd,1610612749,MIL,Milwaukee Bucks,21500940,2016-03-07T00:00:00,MIL @ CHI,L,37.8,1.0,0.0,0.0,2.0,7.0,10.0,6.0,32.0,0.0,2.0,1.0,1.0,31.4,1,13074,13074,13074,1592,11535,10158,9917,12984,12242,20509,13388,3535,8004,23588,4972,12373,5218,1.0,37:49,2015,2016
2015-16,203469,Cody Zeller,Cody,1610612766,CHA,Charlotte Hornets,21500937,2016-03-07T00:00:00,CHA vs. MIN,W,21.3,0.0,0.0,2.0,4.0,11.0,0.0,13.0,28.0,1.0,0.0,6.0,2.0,15.6,1,1,1,1,14799,12059,10158,4675,8599,18886,1,23048,5824,2692,1,25827,7786,14916,1.0,21:17,2015,2016
2015-16,201583,Ryan Anderson,Ryan,1610612740,NOP,New Orleans Pelicans,21500941,2016-03-07T00:00:00,NOP vs. SAC,W,27.2,3.0,3.0,2.0,8.0,8.0,6.0,4.0,26.0,0.0,1.0,1.0,4.0,31.2,1,1,1,1,9836,4307,3104,4675,3109,13914,13237,8806,7214,8004,17214,4972,2748,5304,1.0,27:13,2015,2016
2015-16,101141,Ersan Ilyasova,Ersan,1610612753,ORL,Orlando Magic,21500943,2016-03-07T00:00:00,ORL @ GSW,L,14.6,3.0,1.0,0.0,2.0,6.0,4.0,7.0,12.0,0.0,3.0,3.0,4.0,15.4,1,13074,13074,13074,20010,4307,9709,9917,12984,10028,8458,15538,18637,8004,25441,17641,2748,15066,1.0,14:38,2015,2016
2015-16,203901,Elfrid Payton,Elfrid,1610612753,ORL,Orlando Magic,21500943,2016-03-07T00:00:00,ORL @ GSW,L,23.4,3.0,0.0,0.0,4.0,5.0,5.0,16.0,24.0,0.0,2.0,2.0,3.0,26.9,1,13074,13074,13074,13052,4307,10158,9917,8599,8403,11469,24641,8723,8004,23588,11390,4736,7438,1.0,23:23,2015,2016
2015-16,2747,JR Smith,JR,1610612739,CLE,Cleveland Cavaliers,21500938,2016-03-07T00:00:00,CLE vs. MEM,L,34.6,0.0,0.0,0.0,2.0,26.0,10.0,20.0,46.0,1.0,0.0,3.0,2.0,15.5,1,13074,13074,13074,3901,12059,10158,9917,12984,25979,20509,25599,298,2692,1,17641,7786,15004,1.0,34:34,2015,2016
2015-16,101109,Raymond Felton,Raymond,1610612742,DAL,Dallas Mavericks,21500942,2016-03-07T00:00:00,DAL vs. LAC,L,30.0,2.0,0.0,4.0,4.0,9.0,4.0,12.0,18.0,0.0,0.0,2.0,4.0,15.6,1,13074,13074,13074,7586,6026,10158,1913,8599,15771,8458,22259,13577,8004,1,11390,2748,14916,1.0,29:57,2015,2016
2015-16,201956,Omri Casspi,Omri,1610612758,SAC,Sacramento Kings,21500941,2016-03-07T00:00:00,SAC @ NOP,L,18.2,2.0,4.0,2.0,6.0,10.0,3.0,2.0,22.0,0.0,0.0,1.0,4.0,26.9,1,13074,13074,13074,17388,6026,1596,4675,5299,17370,7138,4025,10265,8004,1,4972,2748,7438,1.0,18:09,2015,2016
2015-16,202389,Timofey Mozgov,Timofey,1610612739,CLE,Cleveland Cavaliers,21500938,2016-03-07T00:00:00,CLE vs. MEM,L,10.7,2.0,2.0,0.0,2.0,10.0,0.0,9.0,16.0,0.0,0.0,2.0,0.0,11.7,1,13074,13074,13074,22138,6026,4731,9917,12984,17370,1,18829,15259,8004,1,11390,18762,17903,1.0,10:44,2015,2016
2015-16,201567,Kevin Love,Kevin,1610612739,CLE,Cleveland Cavaliers,21500938,2016-03-07T00:00:00,CLE vs. MEM,L,33.0,0.0,2.0,2.0,4.0,21.0,10.0,22.0,42.0,1.0,2.0,0.0,8.0,30.7,1,13074,13074,13074,5150,12059,4731,4675,8599,25535,20509,25811,670,2692,23588,1,254,5539,1.0,32:59,2015,2016
2015-16,1713,Vince Carter,Vince,1610612763,MEM,Memphis Grizzlies,21500938,2016-03-07T00:00:00,MEM @ CLE,W,25.8,2.0,0.0,0.0,2.0,16.0,8.0,10.0,28.0,2.0,0.0,3.0,4.0,30.3,1,1,1,1,11030,6026,10158,9917,12984,23774,17345,20169,5824,932,1,17641,2748,5702,1.0,25:47,2015,2016
2015-16,201565,Derrick Rose,Derrick,1610612741,CHI,Chicago Bulls,21500940,2016-03-07T00:00:00,CHI vs. MIL,W,38.9,0.0,2.0,2.0,6.0,16.0,3.0,6.0,36.0,0.0,1.0,1.0,2.0,30.7,1,1,1,1,1099,12059,4731,4675,5299,23774,7138,13388,1943,8004,17214,4972,7786,5539,1.0,38:56,2015,2016
2015-16,203953,Jabari Parker,Jabari,1610612749,MIL,Milwaukee Bucks,21500940,2016-03-07T00:00:00,MIL @ CHI,L,38.3,6.0,0.0,0.0,10.0,7.0,10.0,12.0,36.0,1.0,0.0,5.0,4.0,38.7,1,13074,13074,13074,1372,878,10158,9917,1840,12242,20509,22259,1943,2692,1,24686,2748,2717,1.0,38:18,2015,2016
2015-16,201158,Marco Belinelli,Marco,1610612758,SAC,Sacramento Kings,21500941,2016-03-07T00:00:00,SAC @ NOP,L,20.8,2.0,0.0,2.0,2.0,12.0,5.0,5.0,28.0,0.0,0.0,1.0,1.0,13.5,1,13074,13074,13074,15257,6026,10158,4675,12984,20178,11469,11593,5824,8004,1,4972,12373,16552,1.0,20:46,2015,2016
2015-16,201155,Rodney Stuckey,Rodney,1610612754,IND,Indiana Pacers,21500939,2016-03-07T00:00:00,IND vs. SAS,W,18.6,0.0,0.0,0.0,0.0,2.0,6.0,0.0,14.0,0.0,0.0,1.0,4.0,21.9,1,1,1,1,17055,12059,10158,9917,18861,2619,13237,1,17019,8004,1,4972,2748,10460,1.0,18:33,2015,2016
2015-16,1626167,Myles Turner,Myles,1610612754,IND,Indiana Pacers,21500939,2016-03-07T00:00:00,IND vs. SAS,W,36.6,0.0,1.0,2.0,2.0,7.0,9.0,2.0,32.0,2.0,0.0,3.0,2.0,27.5,1,1,1,1,2324,12059,9709,4675,12984,12242,19144,4025,3535,932,1,17641,7786,7137,1.0,36:37,2015,2016
2015-16,203095,Evan Fournier,Evan,1610612753,ORL,Orlando Magic,21500943,2016-03-07T00:00:00,ORL @ GSW,L,35.1,4.0,0.0,9.0,6.0,11.0,7.0,24.0,36.0,0.0,1.0,4.0,4.0,31.7,1,13074,13074,13074,3476,2460,10158,184,5299,18886,15642,25937,1943,8004,17214,22104,2748,5088,1.0,35:05,2015,2016
2015-16,203476,Gorgui Dieng,Gorgui,1610612750,MIN,Minnesota Timberwolves,21500937,2016-03-07T00:00:00,MIN @ CHA,L,31.5,4.0,2.0,2.0,8.0,7.0,6.0,5.0,22.0,2.0,0.0,4.0,1.0,39.3,1,13074,13074,13074,6301,2460,4731,4675,3109,12242,13237,11593,10265,932,1,22104,12373,2563,1.0,31:31,2015,2016
2015-16,1626163,Frank Kaminsky,Frank,1610612766,CHA,Charlotte Hornets,21500937,2016-03-07T00:00:00,CHA vs. MIN,W,18.2,0.0,2.0,0.0,2.0,9.0,0.0,5.0,12.0,0.0,1.0,2.0,0.0,13.4,1,1,1,1,17343,12059,4731,9917,12984,15771,1,11593,18637,8004,17214,11390,18762,16614,1.0,18:12,2015,2016
2015-16,1717,Dirk Nowitzki,Dirk,1610612742,DAL,Dallas Mavericks,21500942,2016-03-07T00:00:00,DAL vs. LAC,L,28.2,0.0,2.0,0.0,4.0,12.0,4.0,23.0,22.0,0.0,0.0,2.0,6.0,28.2,1,13074,13074,13074,9084,12059,4731,9917,8599,20178,8458,25880,10265,8004,1,11390,873,6778,1.0,28:12,2015,2016
2015-16,1495,Tim Duncan,Tim,1610612759,SAS,San Antonio Spurs,21500939,2016-03-07T00:00:00,SAS @ IND,L,27.6,0.0,5.0,0.0,6.0,9.0,5.0,9.0,18.0,2.0,1.0,3.0,3.0,37.8,1,13074,13074,13074,9520,12059,995,9917,5299,15771,11469,18829,13577,932,17214,17641,4736,2956,1.0,27:37,2015,2016
2015-16,202332,Cole Aldrich,Cole,1610612746,LAC,LA Clippers,21500942,2016-03-07T00:00:00,LAC @ DAL,W,9.9,0.0,0.0,0.0,2.0,2.0,4.0,6.0,6.0,2.0,1.0,2.0,1.0,13.6,1,1,1,1,22506,12059,10158,9917,12984,2619,8458,13388,22724,932,17214,11390,12373,16460,1.0,9:52,2015,2016
2015-16,202087,Alonzo Gee,Alonzo,1610612740,NOP,New Orleans Pelicans,21500941,2016-03-07T00:00:00,NOP vs. SAC,W,19.6,0.0,3.0,0.0,8.0,4.0,4.0,2.0,18.0,0.0,0.0,2.0,1.0,17.4,1,1,1,1,16223,12059,3104,9917,3109,6141,8458,4025,13577,8004,1,11390,12373,13595,1.0,19:37,2015,2016
2015-16,101114,Deron Williams,Deron,1610612742,DAL,Dallas Mavericks,21500942,2016-03-07T00:00:00,DAL vs. LAC,L,26.9,2.0,3.0,4.0,2.0,9.0,0.0,19.0,16.0,0.0,0.0,2.0,4.0,21.8,1,13074,13074,13074,10141,6026,3104,1913,12984,15771,1,25435,15259,8004,1,11390,2748,10526,1.0,26:51,2015,2016
2015-16,202362,Lance Stephenson,Lance,1610612763,MEM,Memphis Grizzlies,21500938,2016-03-07T00:00:00,MEM @ CLE,W,27.6,4.0,0.0,2.0,10.0,23.0,10.0,14.0,30.0,1.0,0.0,2.0,2.0,32.9,1,1,1,1,9570,2460,10158,4675,1840,25803,20509,23710,4541,2692,1,11390,7786,4566,1.0,27:33,2015,2016
2015-16,202734,E'Twaun Moore,E'Twaun,1610612741,CHI,Chicago Bulls,21500940,2016-03-07T00:00:00,CHI vs. MIL,W,35.8,0.0,3.0,3.0,6.0,18.0,3.0,2.0,36.0,0.0,0.0,4.0,1.0,27.7,1,1,1,1,2905,12059,3104,3302,5299,24749,7138,4025,1943,8004,1,22104,12373,7008,1.0,35:48,2015,2016
2015-16,101145,Monta Ellis,Monta,1610612754,IND,Indiana Pacers,21500939,2016-03-07T00:00:00,IND vs. SAS,W,37.3,2.0,2.0,7.0,8.0,7.0,12.0,4.0,38.0,2.0,1.0,3.0,5.0,37.7,1,1,1,1,1882,6026,4731,454,3109,12242,22832,8806,1422,932,17214,17641,1539,2990,1.0,37:19,2015,2016
2015-16,202703,Nikola Mirotic,Nikola,1610612741,CHI,Chicago Bulls,21500940,2016-03-07T00:00:00,CHI vs. MIL,W,19.8,5.0,3.0,0.0,4.0,7.0,0.0,4.0,10.0,2.0,1.0,2.0,2.0,31.7,1,1,1,1,16085,1603,3104,9917,8599,12242,1,8806,20209,932,17214,11390,7786,5088,1.0,19:47,2015,2016
2015-16,203085,Austin Rivers,Austin,1610612746,LAC,LA Clippers,21500942,2016-03-07T00:00:00,LAC @ DAL,W,26.0,2.0,0.0,5.0,0.0,7.0,4.0,11.0,14.0,0.0,0.0,5.0,2.0,17.1,1,1,1,1,10881,6026,10158,1277,18861,12242,8458,21342,17019,8004,1,24686,7786,13791,1.0,25:57,2015,2016
2015-16,2544,LeBron James,LeBron,1610612739,CLE,Cleveland Cavaliers,21500938,2016-03-07T00:00:00,CLE vs. MEM,L,37.6,11.0,9.0,4.0,18.0,26.0,8.0,22.0,44.0,0.0,4.0,2.0,6.0,45.3,1,13074,13074,13074,1683,55,77,1913,131,25979,17345,25811,454,8004,25926,11390,873,1310,1.0,37:38,2015,2016
2015-16,201587,Nicolas Batum,Nicolas,1610612766,CHA,Charlotte Hornets,21500937,2016-03-07T00:00:00,CHA vs. MIN,W,37.5,2.0,2.0,2.0,2.0,16.0,10.0,24.0,48.0,3.0,1.0,2.0,1.0,36.0,1,1,1,1,1740,6026,4731,4675,12984,23774,20509,25937,192,347,17214,11390,12373,3463,1.0,37:31,2015,2016
2015-16,201950,Jrue Holiday,Jrue,1610612740,NOP,New Orleans Pelicans,21500941,2016-03-07T00:00:00,NOP vs. SAC,W,35.7,5.0,0.0,2.0,10.0,15.0,3.0,11.0,38.0,1.0,0.0,2.0,3.0,51.8,1,1,1,1,3011,1603,10158,4675,1840,23079,7138,21342,1422,2692,1,11390,4736,586,1.0,35:39,2015,2016
2015-16,203210,JaMychal Green,JaMychal,1610612763,MEM,Memphis Grizzlies,21500938,2016-03-07T00:00:00,MEM @ CLE,W,36.5,4.0,4.0,4.0,6.0,19.0,10.0,14.0,40.0,2.0,3.0,1.0,2.0,54.0,1,1,1,1,2383,2460,1596,1913,5299,25074,20509,23710,983,932,25441,4972,7786,453,1.0,36:32,2015,2016
2015-16,202681,Kyrie Irving,Kyrie,1610612739,CLE,Cleveland Cavaliers,21500938,2016-03-07T00:00:00,CLE vs. MEM,L,37.4,11.0,2.0,6.0,10.0,28.0,8.0,18.0,46.0,1.0,1.0,4.0,3.0,44.9,1,13074,13074,13074,1830,55,4731,740,1840,26034,17345,25228,298,2692,17214,22104,4736,1380,1.0,37:24,2015,2016
2015-16,202718,Chandler Parsons,Chandler,1610612742,DAL,Dallas Mavericks,21500942,2016-03-07T00:00:00,DAL vs. LAC,L,33.6,0.0,0.0,0.0,2.0,9.0,2.0,21.0,20.0,0.0,3.0,2.0,1.0,24.6,1,13074,13074,13074,4644,12059,10158,9917,12984,15771,3734,25725,11929,8004,25441,11390,12373,8724,1.0,33:38,2015,2016
2015-16,203076,Anthony Davis,Anthony,1610612740,NOP,New Orleans Pelicans,21500941,2016-03-07T00:00:00,NOP vs. SAC,W,37.8,6.0,2.0,2.0,20.0,14.0,7.0,10.0,38.0,1.0,0.0,5.0,10.0,51.5,1,1,1,1,1592,878,4731,4675,59,22292,15642,20169,1422,2692,1,24686,76,614,1.0,37:49,2015,2016
2015-16,201967,Dante Cunningham,Dante,1610612740,NOP,New Orleans Pelicans,21500941,2016-03-07T00:00:00,NOP vs. SAC,W,28.6,2.0,0.0,2.0,4.0,14.0,3.0,10.0,32.0,1.0,0.0,2.0,0.0,24.4,1,1,1,1,8733,6026,10158,4675,8599,22292,7138,20169,3535,2692,1,11390,18762,8867,1.0,28:36,2015,2016
2015-16,2200,Pau Gasol,Pau,1610612741,CHI,Chicago Bulls,21500940,2016-03-07T00:00:00,CHI vs. MIL,W,35.1,0.0,2.0,2.0,6.0,14.0,3.0,4.0,34.0,5.0,1.0,2.0,6.0,68.9,1,1,1,1,3452,12059,4731,4675,5299,22292,7138,8806,2701,59,17214,11390,873,57,1.0,35:07,2015,2016
2015-16,2399,Mike Dunleavy,Mike,1610612741,CHI,Chicago Bulls,21500940,2016-03-07T00:00:00,CHI vs. MIL,W,35.1,3.0,3.0,3.0,4.0,16.0,3.0,4.0,34.0,0.0,0.0,3.0,0.0,24.8,1,1,1,1,3452,4307,3104,3302,8599,23774,7138,8806,2701,8004,1,17641,18762,8614,1.0,35:07,2015,2016
2015-16,101108,Chris Paul,Chris,1610612746,LAC,LA Clippers,21500942,2016-03-07T00:00:00,LAC @ DAL,W,27.8,5.0,0.0,2.0,14.0,7.0,3.0,4.0,18.0,0.0,0.0,3.0,1.0,50.3,1,1,1,1,9366,1603,10158,4675,542,12242,7138,8806,13577,8004,1,17641,12373,722,1.0,27:49,2015,2016
2015-16,202328,Greg Monroe,Greg,1610612749,MIL,Milwaukee Bucks,21500940,2016-03-07T00:00:00,MIL @ CHI,L,29.0,4.0,5.0,0.0,8.0,5.0,10.0,6.0,22.0,1.0,3.0,4.0,4.0,35.3,1,13074,13074,13074,8373,2460,995,9917,3109,8403,20509,13388,10265,2692,25441,22104,2748,3719,1.0,29:00,2015,2016
2015-16,201599,DeAndre Jordan,DeAndre,1610612746,LAC,LA Clippers,21500942,2016-03-07T00:00:00,LAC @ DAL,W,38.1,2.0,4.0,8.0,12.0,9.0,5.0,7.0,26.0,2.0,0.0,1.0,11.0,60.5,1,1,1,1,1452,6026,1596,280,988,15771,11469,15538,7214,932,1,4972,44,195,1.0,38:08,2015,2016
2015-16,2754,Tony Allen,Tony,1610612763,MEM,Memphis Grizzlies,21500938,2016-03-07T00:00:00,MEM @ CLE,W,33.7,9.0,0.0,11.0,18.0,17.0,15.0,10.0,34.0,1.0,2.0,4.0,2.0,50.4,1,1,1,1,4579,171,10158,69,131,24337,24781,20169,2701,2692,23588,22104,7786,714,1.0,33:43,2015,2016
2015-16,201988,Patty Mills,Patty,1610612759,SAS,San Antonio Spurs,21500939,2016-03-07T00:00:00,SAS @ IND,L,22.3,0.0,4.0,2.0,2.0,7.0,4.0,7.0,12.0,0.0,0.0,1.0,2.0,24.8,1,13074,13074,13074,13936,12059,1596,4675,12984,12242,8458,15538,18637,8004,1,4972,7786,8614,1.0,22:16,2015,2016
2015-16,201959,Taj Gibson,Taj,1610612741,CHI,Chicago Bulls,21500940,2016-03-07T00:00:00,CHI vs. MIL,W,36.8,4.0,4.0,0.0,12.0,19.0,5.0,4.0,36.0,3.0,2.0,1.0,8.0,37.0,1,1,1,1,2262,2460,1596,9917,988,25074,11469,8806,1943,347,23588,4972,254,3182,1.0,36:45,2015,2016
2015-16,201939,Stephen Curry,Stephen,1610612744,GSW,Golden State Warriors,21500943,2016-03-07T00:00:00,GSW vs. ORL,W,37.3,6.0,2.0,7.0,14.0,20.0,2.0,23.0,32.0,0.0,0.0,3.0,7.0,68.1,1,1,1,1,1872,878,4731,454,542,25338,3734,25880,3535,8004,1,17641,469,65,1.0,37:20,2015,2016
2015-16,203897,Zach LaVine,Zach,1610612750,MIN,Minnesota Timberwolves,21500937,2016-03-07T00:00:00,MIN @ CHA,L,44.6,5.0,0.0,5.0,10.0,19.0,8.0,5.0,32.0,0.0,3.0,3.0,2.0,28.8,1,13074,13074,13074,96,1603,10158,1277,1840,25074,17345,11593,3535,8004,25441,17641,7786,6465,1.0,44:39,2015,2016
2015-16,202689,Kemba Walker,Kemba,1610612766,CHA,Charlotte Hornets,21500937,2016-03-07T00:00:00,CHA vs. MIN,W,40.7,3.0,0.0,3.0,6.0,11.0,10.0,21.0,48.0,0.0,1.0,1.0,4.0,48.4,1,1,1,1,548,4307,10158,3302,5299,18886,20509,25725,192,8004,17214,4972,2748,920,1.0,40:44,2015,2016
2015-16,200746,LaMarcus Aldridge,LaMarcus,1610612759,SAS,San Antonio Spurs,21500939,2016-03-07T00:00:00,SAS @ IND,L,38.3,2.0,2.0,0.0,16.0,6.0,9.0,12.0,22.0,2.0,0.0,4.0,4.0,46.4,1,13074,13074,13074,1366,6026,4731,9917,275,10028,19144,22259,10265,932,1,22104,2748,1149,1.0,38:19,2015,2016
2015-16,1626157,Karl-Anthony Towns,Karl-Anthony,1610612750,MIN,Minnesota Timberwolves,21500937,2016-03-07T00:00:00,MIN @ CHA,L,38.4,0.0,4.0,2.0,10.0,11.0,4.0,4.0,22.0,2.0,2.0,3.0,4.0,55.8,1,13074,13074,13074,1323,12059,1596,4675,1840,18886,8458,8806,10265,932,23588,17641,2748,362,1.0,38:24,2015,2016
2015-16,101107,Marvin Williams,Marvin,1610612766,CHA,Charlotte Hornets,21500937,2016-03-07T00:00:00,CHA vs. MIN,W,30.3,0.0,2.0,0.0,6.0,9.0,10.0,19.0,42.0,3.0,0.0,1.0,2.0,35.9,1,1,1,1,7305,12059,4731,9917,5299,15771,20509,25435,670,347,1,4972,7786,3505,1.0,30:15,2015,2016
2015-16,203952,Andrew Wiggins,Andrew,1610612750,MIN,Minnesota Timberwolves,21500937,2016-03-07T00:00:00,MIN @ CHA,L,40.8,7.0,4.0,9.0,18.0,8.0,6.0,4.0,22.0,1.0,1.0,1.0,4.0,36.5,1,13074,13074,13074,541,548,1596,184,131,13914,13237,8806,10265,2692,17214,4972,2748,3326,1.0,40:46,2015,2016
2015-16,202326,DeMarcus Cousins,DeMarcus,1610612758,SAC,Sacramento Kings,21500941,2016-03-07T00:00:00,SAC @ NOP,L,41.1,7.0,3.0,0.0,22.0,16.0,5.0,10.0,44.0,1.0,3.0,4.0,9.0,75.2,1,13074,13074,13074,462,548,3104,9917,25,23774,11469,20169,454,2692,25441,22104,138,17,1.0,41:08,2015,2016
2015-16,202695,Kawhi Leonard,Kawhi,1610612759,SAS,San Antonio Spurs,21500939,2016-03-07T00:00:00,SAS @ IND,L,39.7,3.0,1.0,0.0,10.0,8.0,9.0,14.0,24.0,1.0,2.0,3.0,4.0,35.2,1,13074,13074,13074,828,4307,9709,9917,1840,13914,19144,23710,8723,2692,23588,17641,2748,3745,1.0,39:40,2015,2016
2015-16,202708,Norris Cole,Norris,1610612740,NOP,New Orleans Pelicans,21500941,2016-03-07T00:00:00,NOP vs. SAC,W,39.7,3.0,0.0,4.0,6.0,16.0,7.0,10.0,42.0,0.0,0.0,3.0,5.0,48.4,1,1,1,1,812,4307,10158,1913,5299,23774,15642,20169,670,8004,1,17641,1539,920,1.0,39:44,2015,2016
2015-16,202331,Paul George,Paul,1610612754,IND,Indiana Pacers,21500939,2016-03-07T00:00:00,IND vs. SAS,W,36.8,0.0,0.0,5.0,4.0,9.0,12.0,4.0,36.0,1.0,2.0,2.0,4.0,37.0,1,1,1,1,2264,12059,10158,1277,8599,15771,22832,8806,1943,2692,23588,11390,2748,3182,1.0,36:45,2015,2016
2015-16,200765,Rajon Rondo,Rajon,1610612758,SAC,Sacramento Kings,21500941,2016-03-07T00:00:00,SAC @ NOP,L,39.2,2.0,0.0,0.0,4.0,15.0,8.0,10.0,44.0,0.0,0.0,5.0,2.0,35.2,1,13074,13074,13074,997,6026,10158,9917,8599,23079,17345,20169,454,8004,1,24686,7786,3745,1.0,39:11,2015,2016
2015-16,201937,Ricky Rubio,Ricky,1610612750,MIN,Minnesota Timberwolves,21500937,2016-03-07T00:00:00,MIN @ CHA,L,34.8,2.0,0.0,2.0,4.0,6.0,2.0,2.0,16.0,1.0,0.0,2.0,5.0,35.0,1,13074,13074,13074,3690,6026,10158,4675,8599,10028,3734,4025,15259,2692,1,11390,1539,3813,1.0,34:48,2015,2016
2015-16,101106,Andrew Bogut,Andrew,1610612744,GSW,Golden State Warriors,21500943,2016-03-07T00:00:00,GSW vs. ORL,W,22.5,0.0,0.0,0.0,4.0,17.0,0.0,16.0,22.0,2.0,0.0,6.0,0.0,35.0,1,1,1,1,13736,12059,10158,9917,8599,24337,1,24641,10265,932,1,25827,18762,3813,1.0,22:32,2015,2016
2015-16,2561,David West,David,1610612759,SAS,San Antonio Spurs,21500939,2016-03-07T00:00:00,SAS @ IND,L,15.9,0.0,2.0,0.0,2.0,5.0,6.0,7.0,8.0,1.0,0.0,1.0,0.0,14.8,1,13074,13074,13074,19118,12059,4731,9917,12984,8403,13237,15538,21543,2692,1,4972,18762,15561,1.0,15:54,2015,2016
2015-16,2210,Richard Jefferson,Richard,1610612739,CLE,Cleveland Cavaliers,21500938,2016-03-07T00:00:00,CLE vs. MEM,L,7.1,0.0,0.0,2.0,2.0,2.0,0.0,2.0,6.0,0.0,0.0,2.0,0.0,10.4,1,13074,13074,13074,23517,12059,10158,4675,12984,2619,1,4025,22724,8004,1,11390,18762,18859,1.0,7:07,2015,2016
2015-16,1626257,Salah Mejri,Salah,1610612742,DAL,Dallas Mavericks,21500942,2016-03-07T00:00:00,DAL vs. LAC,L,5.9,0.0,2.0,0.0,4.0,0.0,0.0,0.0,2.0,1.0,0.0,0.0,1.0,14.2,1,13074,13074,13074,24002,12059,4731,9917,8599,1,1,1,24614,2692,1,1,12373,16003,1.0,5:54,2015,2016
2015-16,201941,Jordan Hill,Jordan,1610612754,IND,Indiana Pacers,21500939,2016-03-07T00:00:00,IND vs. SAS,W,27.6,0.0,2.0,0.0,4.0,2.0,12.0,2.0,26.0,0.0,1.0,3.0,0.0,19.1,1,1,1,1,9545,12059,4731,9917,8599,2619,22832,4025,7214,8004,17214,17641,18762,12372,1.0,27:35,2015,2016
2015-16,201160,Jason Smith,Jason,1610612753,ORL,Orlando Magic,21500943,2016-03-07T00:00:00,ORL @ GSW,L,23.4,2.0,0.0,2.0,4.0,5.0,5.0,16.0,24.0,1.0,0.0,3.0,1.0,23.4,1,13074,13074,13074,13052,6026,10158,4675,8599,8403,11469,24641,8723,2692,1,17641,12373,9501,1.0,23:23,2015,2016
2015-16,200752,Rudy Gay,Rudy,1610612758,SAC,Sacramento Kings,21500941,2016-03-07T00:00:00,SAC @ NOP,L,40.9,3.0,0.0,6.0,10.0,16.0,5.0,10.0,44.0,0.0,0.0,2.0,3.0,35.0,1,13074,13074,13074,509,4307,10158,740,1840,23774,11469,20169,454,8004,1,11390,4736,3813,1.0,40:53,2015,2016
2015-16,203112,Quincy Acy,Quincy,1610612758,SAC,Sacramento Kings,21500941,2016-03-07T00:00:00,SAC @ NOP,L,19.5,2.0,0.0,2.0,2.0,7.0,0.0,2.0,18.0,0.0,0.0,3.0,0.0,14.6,1,13074,13074,13074,16305,6026,10158,4675,12984,12242,1,4025,13577,8004,1,17641,18762,15699,1.0,19:31,2015,2016
2015-16,200755,JJ Redick,JJ,1610612746,LAC,LA Clippers,21500942,2016-03-07T00:00:00,LAC @ DAL,W,25.9,3.0,0.0,6.0,0.0,4.0,5.0,4.0,18.0,0.0,0.0,2.0,0.0,23.4,1,1,1,1,10967,4307,10158,740,18861,6141,11469,8806,13577,8004,1,11390,18762,9501,1.0,25:51,2015,2016
2015-16,201228,C.J. Watson,C.J.,1610612753,ORL,Orlando Magic,21500943,2016-03-07T00:00:00,ORL @ GSW,L,20.5,0.0,0.0,0.0,0.0,10.0,6.0,9.0,22.0,0.0,0.0,1.0,1.0,10.4,1,13074,13074,13074,15449,12059,10158,9917,18861,17370,13237,18829,10265,8004,1,4972,12373,18859,1.0,20:32,2015,2016
2015-16,203473,Dewayne Dedmon,Dewayne,1610612753,ORL,Orlando Magic,21500943,2016-03-07T00:00:00,ORL @ GSW,L,9.0,0.0,0.0,0.0,2.0,6.0,4.0,5.0,8.0,0.0,0.0,1.0,0.0,9.8,1,13074,13074,13074,22857,12059,10158,9917,12984,10028,8458,11593,21543,8004,1,4972,18762,19331,1.0,8:57,2015,2016
2015-16,203084,Harrison Barnes,Harrison,1610612744,GSW,Golden State Warriors,21500943,2016-03-07T00:00:00,GSW vs. ORL,W,31.4,4.0,5.0,1.0,4.0,18.0,3.0,13.0,30.0,0.0,1.0,1.0,5.0,14.9,1,1,1,1,6415,2460,995,9347,8599,24749,7138,23048,4541,8004,17214,4972,1539,15463,1.0,31:22,2015,2016
2015-16,203798,PJ Hairston,PJ,1610612763,MEM,Memphis Grizzlies,21500938,2016-03-07T00:00:00,MEM @ CLE,W,35.4,8.0,2.0,5.0,2.0,21.0,14.0,12.0,40.0,1.0,1.0,3.0,2.0,14.6,1,1,1,1,3234,308,4731,1277,12984,25535,24300,22259,983,2692,17214,17641,7786,15699,1.0,35:23,2015,2016
2015-16,101133,Ian Mahinmi,Ian,1610612754,IND,Indiana Pacers,21500939,2016-03-07T00:00:00,IND vs. SAS,W,31.1,2.0,6.0,0.0,8.0,9.0,7.0,4.0,28.0,2.0,0.0,4.0,3.0,33.8,1,1,1,1,6647,6026,481,9917,3109,15771,15642,8806,5824,932,1,22104,4736,4244,1.0,31:05,2015,2016
2015-16,201588,George Hill,George,1610612754,IND,Indiana Pacers,21500939,2016-03-07T00:00:00,IND vs. SAS,W,35.1,2.0,0.0,2.0,2.0,7.0,9.0,4.0,34.0,0.0,1.0,1.0,0.0,23.5,1,1,1,1,3496,6026,10158,4675,12984,12242,19144,8806,2701,8004,17214,4972,18762,9452,1.0,35:03,2015,2016
2015-16,203101,Miles Plumlee,Miles,1610612749,MIL,Milwaukee Bucks,21500940,2016-03-07T00:00:00,MIL @ CHI,L,19.0,4.0,0.0,0.0,6.0,7.0,7.0,6.0,20.0,0.0,0.0,2.0,1.0,14.4,1,13074,13074,13074,16698,2460,10158,9917,5299,12242,15642,13388,11929,8004,1,11390,12373,15857,1.0,19:00,2015,2016
2015-16,202684,Tristan Thompson,Tristan,1610612739,CLE,Cleveland Cavaliers,21500938,2016-03-07T00:00:00,CLE vs. MEM,L,26.9,1.0,3.0,0.0,8.0,9.0,4.0,4.0,20.0,3.0,1.0,3.0,4.0,25.2,1,13074,13074,13074,10085,11535,3104,9917,3109,15771,8458,8806,11929,347,17214,17641,2748,8383,1.0,26:55,2015,2016
2015-16,203114,Khris Middleton,Khris,1610612749,MIL,Milwaukee Bucks,21500940,2016-03-07T00:00:00,MIL @ CHI,L,42.9,2.0,0.0,2.0,6.0,12.0,17.0,12.0,40.0,1.0,4.0,3.0,3.0,33.5,1,13074,13074,13074,212,6026,10158,4675,5299,20178,25429,22259,983,2692,25926,17641,4736,4348,1.0,42:53,2015,2016
2015-16,203110,Draymond Green,Draymond,1610612744,GSW,Golden State Warriors,21500943,2016-03-07T00:00:00,GSW vs. ORL,W,34.8,0.0,0.0,0.0,0.0,17.0,2.0,21.0,32.0,3.0,0.0,2.0,3.0,34.8,1,1,1,1,3676,12059,10158,9917,18861,24337,3734,25725,3535,347,1,11390,4736,3891,1.0,34:49,2015,2016
2015-16,201943,Brandon Jennings,Brandon,1610612753,ORL,Orlando Magic,21500943,2016-03-07T00:00:00,ORL @ GSW,L,24.6,1.0,0.0,4.0,2.0,12.0,8.0,13.0,26.0,0.0,0.0,1.0,6.0,25.7,1,13074,13074,13074,12000,11535,10158,1913,12984,20178,17345,23048,7214,8004,1,4972,873,8088,1.0,24:37,2015,2016
2015-16,202691,Klay Thompson,Klay,1610612744,GSW,Golden State Warriors,21500943,2016-03-07T00:00:00,GSW vs. ORL,W,36.3,2.0,2.0,7.0,10.0,22.0,2.0,21.0,36.0,0.0,0.0,4.0,0.0,35.2,1,1,1,1,2534,6026,4731,454,1840,25683,3734,25725,1943,8004,1,22104,18762,3745,1.0,36:19,2015,2016
2015-16,201980,Danny Green,Danny,1610612759,SAS,San Antonio Spurs,21500939,2016-03-07T00:00:00,SAS @ IND,L,27.9,2.0,0.0,2.0,2.0,6.0,6.0,9.0,22.0,0.0,1.0,1.0,1.0,10.6,1,13074,13074,13074,9320,6026,10158,4675,12984,10028,13237,18829,10265,8004,17214,4972,12373,18723,1.0,27:53,2015,2016
2015-16,2734,Devin Harris,Devin,1610612742,DAL,Dallas Mavericks,21500942,2016-03-07T00:00:00,DAL vs. LAC,L,15.3,2.0,0.0,1.0,2.0,7.0,4.0,9.0,12.0,0.0,0.0,1.0,1.0,5.7,1,13074,13074,13074,19590,6026,10158,9347,12984,12242,8458,18829,18637,8004,1,4972,12373,22054,1.0,15:15,2015,2016
2015-16,203949,James Michael McAdoo,James Michael,1610612744,GSW,Golden State Warriors,21500943,2016-03-07T00:00:00,GSW vs. ORL,W,5.8,0.0,2.0,3.0,2.0,5.0,2.0,3.0,4.0,0.0,1.0,1.0,3.0,6.2,1,1,1,1,24055,12059,4731,3302,12984,8403,3734,7328,23698,8004,17214,4972,4736,21696,1.0,5:48,2015,2016
2015-16,203143,Pablo Prigioni,Pablo,1610612746,LAC,LA Clippers,21500942,2016-03-07T00:00:00,LAC @ DAL,W,16.4,0.0,0.0,0.0,0.0,4.0,6.0,7.0,14.0,0.0,0.0,2.0,1.0,10.7,1,1,1,1,18749,12059,10158,9917,18861,6141,13237,15538,17019,8004,1,11390,12373,18636,1.0,16:23,2015,2016
2015-16,2570,Kendrick Perkins,Kendrick,1610612740,NOP,New Orleans Pelicans,21500941,2016-03-07T00:00:00,NOP vs. SAC,W,17.2,0.0,0.0,0.0,0.0,5.0,1.0,6.0,12.0,2.0,0.0,1.0,1.0,10.9,1,1,1,1,18110,12059,10158,9917,18861,8403,3393,13388,18637,932,1,4972,12373,18498,1.0,17:13,2015,2016
2015-16,1626171,Bobby Portis,Bobby,1610612741,CHI,Chicago Bulls,21500940,2016-03-07T00:00:00,CHI vs. MIL,W,4.3,0.0,0.0,0.0,0.0,6.0,2.0,0.0,4.0,0.0,0.0,1.0,0.0,1.2,1,1,1,1,24600,12059,10158,9917,18861,10028,3734,1,23698,8004,1,4972,18762,24661,1.0,4:21,2015,2016
2015-16,201962,Toney Douglas,Toney,1610612740,NOP,New Orleans Pelicans,21500941,2016-03-07T00:00:00,NOP vs. SAC,W,20.6,3.0,0.0,0.0,0.0,5.0,4.0,3.0,16.0,1.0,0.0,1.0,1.0,15.9,1,1,1,1,15371,4307,10158,9917,18861,8403,8458,7328,15259,2692,1,4972,12373,14675,1.0,20:37,2015,2016
2015-16,204014,Damjan Rudez,Damjan,1610612750,MIN,Minnesota Timberwolves,21500937,2016-03-07T00:00:00,MIN @ CHA,L,7.2,0.0,0.0,2.0,0.0,6.0,0.0,3.0,4.0,0.0,0.0,2.0,1.0,2.0,1,13074,13074,13074,23506,12059,10158,4675,18861,10028,1,7328,23698,8004,1,11390,12373,24216,1.0,7:09,2015,2016
2015-16,203463,Ben McLemore,Ben,1610612758,SAC,Sacramento Kings,21500941,2016-03-07T00:00:00,SAC @ NOP,L,13.2,0.0,0.0,0.0,0.0,5.0,0.0,0.0,12.0,0.0,1.0,3.0,1.0,5.5,1,13074,13074,13074,20874,12059,10158,9917,18861,8403,1,1,18637,8004,17214,17641,12373,22196,1.0,13:11,2015,2016
2015-16,202962,Greg Smith,Greg,1610612750,MIN,Minnesota Timberwolves,21500937,2016-03-07T00:00:00,MIN @ CHA,L,2.9,0.0,0.0,0.0,0.0,5.0,2.0,0.0,4.0,0.0,0.0,1.0,0.0,1.5,1,13074,13074,13074,25175,12059,10158,9917,18861,8403,3734,1,23698,8004,1,4972,18762,24473,1.0,2:52,2015,2016
2015-16,201600,Omer Asik,Omer,1610612740,NOP,New Orleans Pelicans,21500941,2016-03-07T00:00:00,NOP vs. SAC,W,13.5,0.0,0.0,0.0,0.0,9.0,0.0,4.0,18.0,0.0,0.0,4.0,0.0,1.6,1,1,1,1,20687,12059,10158,9917,18861,15771,1,8806,13577,8004,1,22104,18762,24470,1.0,13:32,2015,2016
2015-16,201578,Marreese Speights,Marreese,1610612744,GSW,Golden State Warriors,21500943,2016-03-07T00:00:00,GSW vs. ORL,W,6.1,0.0,0.0,0.0,0.0,1.0,1.0,2.0,2.0,1.0,0.0,1.0,1.0,5.5,1,1,1,1,23940,12059,10158,9917,18861,2356,3393,4025,24614,2692,1,4972,12373,22196,1.0,6:03,2015,2016
2015-16,1626145,Tyus Jones,Tyus,1610612750,MIN,Minnesota Timberwolves,21500937,2016-03-07T00:00:00,MIN @ CHA,L,13.7,0.0,0.0,0.0,2.0,15.0,8.0,5.0,20.0,0.0,0.0,0.0,0.0,11.2,1,13074,13074,13074,20613,12059,10158,9917,12984,23079,17345,11593,11929,8004,1,1,18762,18267,1.0,13:39,2015,2016
2015-16,101111,Charlie Villanueva,Charlie,1610612742,DAL,Dallas Mavericks,21500942,2016-03-07T00:00:00,DAL vs. LAC,L,7.7,0.0,0.0,0.0,0.0,0.0,0.0,3.0,2.0,0.0,0.0,0.0,0.0,1.5,1,13074,13074,13074,23335,12059,10158,9917,18861,1,1,7328,24614,8004,1,1,18762,24473,1.0,7:39,2015,2016
2015-16,203926,Doug McDermott,Doug,1610612741,CHI,Chicago Bulls,21500940,2016-03-07T00:00:00,CHI vs. MIL,W,13.0,0.0,0.0,2.0,2.0,7.0,2.0,2.0,8.0,0.0,0.0,2.0,0.0,7.6,1,1,1,1,20950,12059,10158,4675,12984,12242,3734,4025,21543,8004,1,11390,18762,20803,1.0,13:03,2015,2016
2015-16,203498,Shabazz Muhammad,Shabazz,1610612750,MIN,Minnesota Timberwolves,21500937,2016-03-07T00:00:00,MIN @ CHA,L,17.8,0.0,0.0,2.0,2.0,19.0,8.0,5.0,24.0,0.0,1.0,2.0,0.0,7.9,1,13074,13074,13074,17694,12059,10158,4675,12984,25074,17345,11593,8723,8004,17214,11390,18762,20646,1.0,17:46,2015,2016
2015-16,2760,Anderson Varejao,Anderson,1610612744,GSW,Golden State Warriors,21500943,2016-03-07T00:00:00,GSW vs. ORL,W,4.2,0.0,0.0,0.0,0.0,0.0,0.0,2.0,2.0,0.0,0.0,1.0,0.0,2.4,1,1,1,1,24635,12059,10158,9917,18861,1,1,4025,24614,8004,1,4972,18762,24024,1.0,4:13,2015,2016
2015-16,202697,Iman Shumpert,Iman,1610612739,CLE,Cleveland Cavaliers,21500938,2016-03-07T00:00:00,CLE vs. MEM,L,21.6,2.0,0.0,2.0,4.0,11.0,4.0,9.0,20.0,0.0,0.0,1.0,1.0,21.3,1,13074,13074,13074,14548,6026,10158,4675,8599,18886,8458,18829,11929,8004,1,4972,12373,10880,1.0,21:34,2015,2016
2015-16,200797,Ryan Hollins,Ryan,1610612763,MEM,Memphis Grizzlies,21500938,2016-03-07T00:00:00,MEM @ CLE,W,21.9,0.0,0.0,0.0,4.0,13.0,10.0,6.0,24.0,1.0,0.0,5.0,1.0,8.4,1,1,1,1,14245,12059,10158,9917,8599,21300,20509,13388,8723,2692,1,24686,12373,20273,1.0,21:55,2015,2016
2015-16,2419,Tayshaun Prince,Tayshaun,1610612750,MIN,Minnesota Timberwolves,21500937,2016-03-07T00:00:00,MIN @ CHA,L,4.9,0.0,0.0,0.0,0.0,5.0,4.0,2.0,8.0,0.0,0.0,1.0,0.0,2.4,1,13074,13074,13074,24402,12059,10158,9917,18861,8403,8458,4025,21543,8004,1,4972,18762,24024,1.0,4:54,2015,2016
2015-16,1938,Manu Ginobili,Manu,1610612759,SAS,San Antonio Spurs,21500939,2016-03-07T00:00:00,SAS @ IND,L,19.9,0.0,0.0,0.0,2.0,2.0,5.0,5.0,6.0,0.0,1.0,3.0,1.0,2.7,1,13074,13074,13074,15999,12059,10158,9917,12984,2619,11469,11593,22724,8004,17214,17641,12373,23884,1.0,19:54,2015,2016
2015-16,200826,J.J. Barea,J.J.,1610612742,DAL,Dallas Mavericks,21500942,2016-03-07T00:00:00,DAL vs. LAC,L,22.6,3.0,0.0,0.0,6.0,9.0,4.0,13.0,14.0,0.0,0.0,3.0,1.0,16.2,1,13074,13074,13074,13704,4307,10158,9917,5299,15771,8458,23048,17019,8004,1,17641,12373,14436,1.0,22:35,2015,2016
2015-16,202325,Wesley Johnson,Wesley,1610612746,LAC,LA Clippers,21500942,2016-03-07T00:00:00,LAC @ DAL,W,23.9,0.0,0.0,0.0,0.0,7.0,4.0,5.0,18.0,1.0,0.0,2.0,0.0,16.5,1,1,1,1,12630,12059,10158,9917,18861,12242,8458,11593,13577,2692,1,11390,18762,14224,1.0,23:55,2015,2016
2015-16,202391,Jeremy Lin,Jeremy,1610612766,CHA,Charlotte Hornets,21500937,2016-03-07T00:00:00,CHA vs. MIN,W,22.9,2.0,0.0,0.0,0.0,11.0,10.0,9.0,24.0,0.0,2.0,1.0,4.0,18.0,1,1,1,1,13465,6026,10158,9917,18861,18886,20509,18829,8723,8004,23588,4972,2748,13164,1.0,22:54,2015,2016
2015-16,201575,Brandon Rush,Brandon,1610612744,GSW,Golden State Warriors,21500943,2016-03-07T00:00:00,GSW vs. ORL,W,20.1,3.0,0.0,3.0,2.0,6.0,1.0,8.0,14.0,0.0,0.0,2.0,0.0,12.7,1,1,1,1,15834,4307,10158,3302,12984,10028,3393,17194,17019,8004,1,11390,18762,17201,1.0,20:06,2015,2016
2015-16,203939,Dwight Powell,Dwight,1610612742,DAL,Dallas Mavericks,21500942,2016-03-07T00:00:00,DAL vs. LAC,L,5.9,0.0,0.0,0.0,0.0,0.0,0.0,0.0,2.0,0.0,1.0,0.0,0.0,3.0,1,13074,13074,13074,24002,12059,10158,9917,18861,1,1,1,24614,8004,17214,1,18762,23648,1.0,5:54,2015,2016
2015-16,2225,Tony Parker,Tony,1610612759,SAS,San Antonio Spurs,21500939,2016-03-07T00:00:00,SAS @ IND,L,24.9,2.0,0.0,0.0,4.0,7.0,7.0,11.0,16.0,0.0,1.0,0.0,1.0,12.7,1,13074,13074,13074,11748,6026,10158,9917,8599,12242,15642,21342,15259,8004,17214,1,12373,17201,1.0,24:54,2015,2016
2015-16,2571,Leandro Barbosa,Leandro,1610612744,GSW,Golden State Warriors,21500943,2016-03-07T00:00:00,GSW vs. ORL,W,15.4,2.0,0.0,4.0,6.0,3.0,1.0,4.0,8.0,0.0,0.0,3.0,0.0,12.9,1,1,1,1,19514,6026,10158,1913,5299,5109,3393,8806,21543,8004,1,17641,18762,17049,1.0,15:21,2015,2016
2015-16,2733,Shaun Livingston,Shaun,1610612744,GSW,Golden State Warriors,21500943,2016-03-07T00:00:00,GSW vs. ORL,W,21.0,0.0,2.0,2.0,6.0,6.0,1.0,10.0,16.0,1.0,1.0,0.0,2.0,18.4,1,1,1,1,15083,12059,4731,4675,5299,10028,3393,20169,15259,2692,17214,1,7786,12854,1.0,20:58,2015,2016
2015-16,1627293,Alex Stepheson,Alex,1610612746,LAC,LA Clippers,21500942,2016-03-07T00:00:00,LAC @ DAL,W,1.9,0.0,0.0,0.0,0.0,0.0,0.0,4.0,0.0,1.0,0.0,1.0,1.0,3.0,1,1,1,1,25560,12059,10158,9917,18861,1,1,8806,25429,2692,1,4972,12373,23648,1.0,1:53,2015,2016
2015-16,201585,Kosta Koufos,Kosta,1610612758,SAC,Sacramento Kings,21500941,2016-03-07T00:00:00,SAC @ NOP,L,6.9,0.0,0.0,0.0,0.0,6.0,3.0,2.0,12.0,0.0,0.0,3.0,0.0,3.0,1,13074,13074,13074,23608,12059,10158,9917,18861,10028,7138,4025,18637,8004,1,17641,18762,23648,1.0,6:52,2015,2016
2015-16,202083,Wesley Matthews,Wesley,1610612742,DAL,Dallas Mavericks,21500942,2016-03-07T00:00:00,DAL vs. LAC,L,27.0,0.0,0.0,0.0,0.0,9.0,0.0,19.0,16.0,0.0,0.0,3.0,2.0,5.0,1,13074,13074,13074,10028,12059,10158,9917,18861,15771,1,25435,15259,8004,1,17641,7786,22500,1.0,26:60,2015,2016
2015-16,201145,Jeff Green,Jeff,1610612746,LAC,LA Clippers,21500942,2016-03-07T00:00:00,LAC @ DAL,W,21.0,0.0,0.0,0.0,0.0,4.0,7.0,6.0,16.0,1.0,0.0,1.0,0.0,8.6,1,1,1,1,15093,12059,10158,9917,18861,6141,15642,13388,15259,2692,1,4972,18762,20125,1.0,20:57,2015,2016
2015-16,203546,Ian Clark,Ian,1610612744,GSW,Golden State Warriors,21500943,2016-03-07T00:00:00,GSW vs. ORL,W,5.2,0.0,0.0,2.0,2.0,0.0,0.0,2.0,2.0,0.0,0.0,2.0,0.0,9.4,1,1,1,1,24315,12059,10158,4675,12984,1,1,4025,24614,8004,1,11390,18762,19568,1.0,5:09,2015,2016
2015-16,203087,Jeremy Lamb,Jeremy,1610612766,CHA,Charlotte Hornets,21500937,2016-03-07T00:00:00,CHA vs. MIN,W,16.2,3.0,2.0,0.0,4.0,5.0,0.0,3.0,8.0,0.0,0.0,2.0,2.0,13.3,1,1,1,1,18913,4307,4731,9917,8599,8403,1,7328,21543,8004,1,11390,7786,16712,1.0,16:10,2015,2016
2015-16,1718,Paul Pierce,Paul,1610612746,LAC,LA Clippers,21500942,2016-03-07T00:00:00,LAC @ DAL,W,20.2,0.0,0.0,2.0,0.0,4.0,3.0,4.0,10.0,0.0,0.0,4.0,0.0,4.6,1,1,1,1,15729,12059,10158,4675,18861,6141,7138,8806,20209,8004,1,22104,18762,22734,1.0,20:12,2015,2016
2015-16,1626185,Jarell Martin,Jarell,1610612763,MEM,Memphis Grizzlies,21500938,2016-03-07T00:00:00,MEM @ CLE,W,18.5,0.0,2.0,0.0,2.0,12.0,5.0,8.0,20.0,0.0,0.0,4.0,1.0,6.6,1,1,1,1,17092,12059,4731,9917,12984,20178,11469,17194,11929,8004,1,22104,12373,21445,1.0,18:30,2015,2016
2015-16,203940,Adreian Payne,Adreian,1610612750,MIN,Minnesota Timberwolves,21500937,2016-03-07T00:00:00,MIN @ CHA,L,3.5,0.0,0.0,0.0,0.0,4.0,2.0,0.0,6.0,0.0,0.0,0.0,0.0,0.2,1,13074,13074,13074,24904,12059,10158,9917,18861,6141,3734,1,22724,8004,1,1,18762,25103,1.0,3:32,2015,2016
2015-16,201166,Aaron Brooks,Aaron,1610612741,CHI,Chicago Bulls,21500940,2016-03-07T00:00:00,CHI vs. MIL,W,4.1,0.0,0.0,0.0,0.0,3.0,2.0,0.0,2.0,0.0,0.0,1.0,0.0,-1.0,1,1,1,1,24666,12059,10158,9917,18861,5109,3734,1,24614,8004,1,4972,18762,25932,1.0,4:08,2015,2016
2015-16,201951,Ty Lawson,Ty,1610612754,IND,Indiana Pacers,21500939,2016-03-07T00:00:00,IND vs. SAS,W,5.1,0.0,0.0,0.0,0.0,2.0,3.0,0.0,2.0,0.0,1.0,0.0,0.0,4.2,1,1,1,1,24334,12059,10158,9917,18861,2619,7138,1,24614,8004,17214,1,18762,22976,1.0,5:05,2015,2016
2015-16,203521,Matthew Dellavedova,Matthew,1610612739,CLE,Cleveland Cavaliers,21500938,2016-03-07T00:00:00,CLE vs. MEM,L,26.2,2.0,0.0,2.0,2.0,15.0,6.0,14.0,28.0,0.0,0.0,4.0,2.0,4.9,1,13074,13074,13074,10720,6026,10158,4675,12984,23079,13237,23710,5824,8004,1,22104,7786,22621,1.0,26:10,2015,2016
2015-16,203200,Justin Holiday,Justin,1610612741,CHI,Chicago Bulls,21500940,2016-03-07T00:00:00,CHI vs. MIL,W,17.0,0.0,0.0,0.0,2.0,9.0,2.0,4.0,10.0,1.0,0.0,1.0,0.0,6.7,1,1,1,1,18290,12059,10158,9917,12984,15771,3734,8806,20209,2692,1,4972,18762,21376,1.0,16:59,2015,2016
2015-16,203524,Solomon Hill,Solomon,1610612754,IND,Indiana Pacers,21500939,2016-03-07T00:00:00,IND vs. SAS,W,12.0,5.0,0.0,0.0,0.0,0.0,5.0,0.0,10.0,0.0,0.0,1.0,1.0,7.4,1,1,1,1,21610,1603,10158,9917,18861,1,11469,1,20209,8004,1,4972,12373,20912,1.0,11:57,2015,2016
2015-16,201954,Darren Collison,Darren,1610612758,SAC,Sacramento Kings,21500941,2016-03-07T00:00:00,SAC @ NOP,L,34.8,0.0,0.0,0.0,2.0,17.0,8.0,12.0,44.0,0.0,2.0,2.0,1.0,13.4,1,13074,13074,13074,3676,12059,10158,9917,12984,24337,17345,22259,454,8004,23588,11390,12373,16614,1.0,34:49,2015,2016
2015-16,1626161,Willie Cauley-Stein,Willie,1610612758,SAC,Sacramento Kings,21500941,2016-03-07T00:00:00,SAC @ NOP,L,5.5,0.0,0.0,0.0,0.0,6.0,3.0,7.0,12.0,0.0,0.0,1.0,0.0,0.0,1,13074,13074,13074,24160,12059,10158,9917,18861,10028,7138,15538,18637,8004,1,4972,18762,25170,1.0,5:30,2015,2016
2015-16,101112,Channing Frye,Channing,1610612739,CLE,Cleveland Cavaliers,21500938,2016-03-07T00:00:00,CLE vs. MEM,L,4.9,0.0,0.0,0.0,0.0,2.0,0.0,0.0,2.0,1.0,0.0,1.0,0.0,9.4,1,13074,13074,13074,24392,12059,10158,9917,18861,2619,1,1,24614,2692,1,4972,18762,19568,1.0,4:56,2015,2016
2015-16,1626147,Justin Anderson,Justin,1610612742,DAL,Dallas Mavericks,21500942,2016-03-07T00:00:00,DAL vs. LAC,L,5.9,2.0,0.0,2.0,2.0,0.0,0.0,0.0,2.0,0.0,0.0,1.0,1.0,7.2,1,13074,13074,13074,24002,6026,10158,4675,12984,1,1,1,24614,8004,1,4972,12373,21035,1.0,5:54,2015,2016
2015-16,201584,Courtney Lee,Courtney,1610612766,CHA,Charlotte Hornets,21500937,2016-03-07T00:00:00,CHA vs. MIN,W,27.1,0.0,0.0,0.0,0.0,13.0,4.0,17.0,38.0,0.0,1.0,2.0,0.0,9.6,1,1,1,1,9954,12059,10158,9917,18861,21300,8458,24967,1422,8004,17214,11390,18762,19434,1.0,27:04,2015,2016
2015-16,1626209,Mario Hezonja,Mario,1610612753,ORL,Orlando Magic,21500943,2016-03-07T00:00:00,ORL @ GSW,L,14.6,0.0,0.0,0.0,0.0,8.0,6.0,7.0,16.0,1.0,0.0,1.0,1.0,9.1,1,13074,13074,13074,20026,12059,10158,9917,18861,13914,13237,15538,15259,2692,1,4972,12373,19789,1.0,14:37,2015,2016
2015-16,2564,Boris Diaw,Boris,1610612759,SAS,San Antonio Spurs,21500939,2016-03-07T00:00:00,SAS @ IND,L,14.2,0.0,0.0,0.0,0.0,2.0,2.0,4.0,8.0,0.0,0.0,2.0,0.0,3.9,1,13074,13074,13074,20306,12059,10158,9917,18861,2619,3734,8806,21543,8004,1,11390,18762,23225,1.0,14:10,2015,2016
2015-16,201564,O.J. Mayo,O.J.,1610612749,MIL,Milwaukee Bucks,21500940,2016-03-07T00:00:00,MIL @ CHI,L,25.9,2.0,0.0,2.0,2.0,8.0,14.0,6.0,18.0,1.0,0.0,3.0,1.0,8.8,1,13074,13074,13074,10939,6026,10158,4675,12984,13914,24300,13388,13577,2692,1,17641,12373,19994,1.0,25:53,2015,2016
2015-16,101135,David Lee,David,1610612742,DAL,Dallas Mavericks,21500942,2016-03-07T00:00:00,DAL vs. LAC,L,16.5,0.0,2.0,2.0,6.0,11.0,0.0,4.0,10.0,0.0,2.0,2.0,3.0,21.6,1,13074,13074,13074,18671,12059,4731,4675,5299,18886,1,8806,20209,8004,23588,11390,4736,10666,1.0,16:29,2015,2016
2015-16,1626173,Rashad Vaughn,Rashad,1610612749,MIL,Milwaukee Bucks,21500940,2016-03-07T00:00:00,MIL @ CHI,L,10.4,0.0,0.0,0.0,0.0,2.0,0.0,2.0,10.0,0.0,0.0,0.0,1.0,4.5,1,13074,13074,13074,22297,12059,10158,9917,18861,2619,1,4025,20209,8004,1,1,12373,22773,1.0,10:21,2015,2016
2015-16,201578,Marreese Speights,Marreese,1610612744,GSW,Golden State Warriors,21500931,2016-03-06T00:00:00,GSW @ LAL,L,11.1,0.0,0.0,0.0,2.0,11.0,7.0,2.0,14.0,1.0,0.0,0.0,0.0,9.1,1,13074,13074,13074,21978,12059,10158,9917,12984,18886,15642,4025,17019,2692,1,1,18762,19789,1.0,11:07,2015,2016
2015-16,201589,Darrell Arthur,Darrell,1610612743,DEN,Denver Nuggets,21500933,2016-03-06T00:00:00,DEN vs. DAL,W,8.8,0.0,0.0,0.0,0.0,0.0,7.0,0.0,8.0,0.0,0.0,2.0,0.0,4.7,1,1,1,1,22931,12059,10158,9917,18861,1,15642,1,21543,8004,1,11390,18762,22672,1.0,8:47,2015,2016
2015-16,1626192,Pat Connaughton,Pat,1610612757,POR,Portland Trail Blazers,21500934,2016-03-06T00:00:00,POR @ DET,L,2.9,0.0,0.0,0.0,0.0,0.0,0.0,0.0,2.0,0.0,0.0,0.0,0.0,0.0,1,13074,13074,13074,25163,12059,10158,9917,18861,1,1,1,24614,8004,1,1,18762,25170,1.0,2:54,2015,2016
2015-16,1626199,Darrun Hilliard,Darrun,1610612765,DET,Detroit Pistons,21500934,2016-03-06T00:00:00,DET vs. POR,W,7.3,3.0,0.0,0.0,0.0,3.0,0.0,0.0,6.0,0.0,0.0,0.0,1.0,9.5,1,1,1,1,23448,4307,10158,9917,18861,5109,1,1,22724,8004,1,1,12373,19519,1.0,7:20,2015,2016
2015-16,200751,Randy Foye,Randy,1610612760,OKC,Oklahoma City Thunder,21500930,2016-03-06T00:00:00,OKC @ MIL,W,15.5,0.0,0.0,0.0,0.0,15.0,6.0,13.0,16.0,0.0,1.0,3.0,0.0,3.2,1,1,1,1,19446,12059,10158,9917,18861,23079,13237,23048,15259,8004,17214,17641,18762,23473,1.0,15:27,2015,2016
2015-16,1626173,Rashad Vaughn,Rashad,1610612749,MIL,Milwaukee Bucks,21500930,2016-03-06T00:00:00,MIL vs. OKC,L,10.7,0.0,0.0,0.0,0.0,3.0,4.0,5.0,12.0,0.0,1.0,2.0,0.0,0.0,1,13074,13074,13074,22160,12059,10158,9917,18861,5109,8458,11593,18637,8004,17214,11390,18762,25170,1.0,10:41,2015,2016
2015-16,101111,Charlie Villanueva,Charlie,1610612742,DAL,Dallas Mavericks,21500933,2016-03-06T00:00:00,DAL @ DEN,L,1.5,0.0,0.0,0.0,0.0,0.0,0.0,0.0,0.0,1.0,0.0,0.0,0.0,4.2,1,13074,13074,13074,25694,12059,10158,9917,18861,1,1,1,25429,2692,1,1,18762,22976,1.0,1:30,2015,2016
2015-16,201627,Anthony Morrow,Anthony,1610612760,OKC,Oklahoma City Thunder,21500930,2016-03-06T00:00:00,OKC @ MIL,W,0.1,0.0,0.0,0.0,0.0,0.0,0.0,0.0,0.0,0.0,0.0,0.0,0.0,0.0,1,1,1,1,26056,12059,10158,9917,18861,1,1,1,25429,8004,1,1,18762,25170,1.0,0:03,2015,2016
2015-16,2581,Steve Blake,Steve,1610612765,DET,Detroit Pistons,21500934,2016-03-06T00:00:00,DET vs. POR,W,13.9,0.0,0.0,0.0,0.0,5.0,0.0,4.0,8.0,0.0,0.0,2.0,1.0,7.2,1,1,1,1,20453,12059,10158,9917,18861,8403,1,8806,21543,8004,1,11390,12373,21035,1.0,13:55,2015,2016
2015-16,201202,Joel Anthony,Joel,1610612765,DET,Detroit Pistons,21500934,2016-03-06T00:00:00,DET vs. POR,W,1.3,0.0,0.0,0.0,0.0,0.0,0.0,0.0,0.0,0.0,0.0,0.0,0.0,0.0,1,1,1,1,25777,12059,10158,9917,18861,1,1,1,25429,8004,1,1,18762,25170,1.0,1:15,2015,2016
2015-16,203798,PJ Hairston,PJ,1610612763,MEM,Memphis Grizzlies,21500932,2016-03-06T00:00:00,MEM vs. PHX,L,19.1,0.0,0.0,0.0,2.0,4.0,6.0,7.0,14.0,0.0,0.0,2.0,1.0,0.0,1,13074,13074,13074,16654,12059,10158,9917,12984,6141,13237,15538,17019,8004,1,11390,12373,25170,1.0,19:03,2015,2016
2015-16,203546,Ian Clark,Ian,1610612744,GSW,Golden State Warriors,21500931,2016-03-06T00:00:00,GSW @ LAL,L,9.3,3.0,6.0,0.0,2.0,11.0,7.0,4.0,18.0,0.0,0.0,3.0,0.0,9.7,1,13074,13074,13074,22735,4307,481,9917,12984,18886,15642,8806,13577,8004,1,17641,18762,19379,1.0,9:15,2015,2016
2015-16,2034,Mike Miller,Mike,1610612743,DEN,Denver Nuggets,21500933,2016-03-06T00:00:00,DEN vs. DAL,W,8.7,0.0,0.0,0.0,0.0,7.0,5.0,0.0,14.0,0.0,0.0,1.0,0.0,9.0,1,1,1,1,22973,12059,10158,9917,18861,12242,11469,1,17019,8004,1,4972,18762,19835,1.0,8:41,2015,2016
2015-16,202700,Donatas Motiejunas,Donatas,1610612745,HOU,Houston Rockets,21500936,2016-03-06T00:00:00,HOU @ TOR,W,20.1,0.0,0.0,0.0,2.0,9.0,7.0,15.0,26.0,0.0,0.0,2.0,4.0,9.5,1,1,1,1,15865,12059,10158,9917,12984,15771,15642,24242,7214,8004,1,11390,2748,19519,1.0,20:04,2015,2016
2015-16,2365,Chris Andersen,Chris,1610612763,MEM,Memphis Grizzlies,21500932,2016-03-06T00:00:00,MEM vs. PHX,L,8.7,0.0,2.0,0.0,2.0,2.0,0.0,3.0,6.0,0.0,0.0,0.0,0.0,7.0,1,13074,13074,13074,22975,12059,4731,9917,12984,2619,1,7328,22724,8004,1,1,18762,21188,1.0,8:40,2015,2016
2015-16,203098,John Jenkins,John,1610612756,PHX,Phoenix Suns,21500932,2016-03-06T00:00:00,PHX @ MEM,W,6.9,0.0,0.0,0.0,0.0,6.0,0.0,8.0,6.0,0.0,0.0,1.0,0.0,0.5,1,1,1,1,23584,12059,10158,9917,18861,10028,1,17194,22724,8004,1,4972,18762,25056,1.0,6:56,2015,2016
2015-16,2585,Zaza Pachulia,Zaza,1610612742,DAL,Dallas Mavericks,21500933,2016-03-06T00:00:00,DAL @ DEN,L,9.6,2.0,0.0,0.0,4.0,2.0,7.0,4.0,12.0,1.0,1.0,2.0,1.0,9.4,1,13074,13074,13074,22588,6026,10158,9917,8599,2619,15642,8806,18637,2692,17214,11390,12373,19568,1.0,9:36,2015,2016
2015-16,203148,Brian Roberts,Brian,1610612757,POR,Portland Trail Blazers,21500934,2016-03-06T00:00:00,POR @ DET,L,2.9,0.0,0.0,0.0,0.0,0.0,0.0,0.0,2.0,0.0,0.0,0.0,1.0,1.0,1,13074,13074,13074,25163,12059,10158,9917,18861,1,1,1,24614,8004,1,1,12373,24960,1.0,2:54,2015,2016
2015-16,203460,Andre Roberson,Andre,1610612760,OKC,Oklahoma City Thunder,21500930,2016-03-06T00:00:00,OKC @ MIL,W,10.1,0.0,0.0,0.0,0.0,7.0,4.0,2.0,6.0,1.0,1.0,4.0,0.0,9.6,1,1,1,1,22397,12059,10158,9917,18861,12242,8458,4025,22724,2692,17214,22104,18762,19434,1.0,10:06,2015,2016
2015-16,1626181,Norman Powell,Norman,1610612761,TOR,Toronto Raptors,21500936,2016-03-06T00:00:00,TOR vs. HOU,L,3.2,0.0,0.0,0.0,0.0,1.0,1.0,0.0,0.0,1.0,0.0,0.0,0.0,5.0,1,13074,13074,13074,25042,12059,10158,9917,18861,2356,3393,1,25429,2692,1,1,18762,22500,1.0,3:13,2015,2016
2015-16,1626257,Salah Mejri,Salah,1610612742,DAL,Dallas Mavericks,21500933,2016-03-06T00:00:00,DAL @ DEN,L,1.2,0.0,0.0,0.0,0.0,0.0,0.0,0.0,4.0,0.0,0.0,1.0,0.0,0.0,1,13074,13074,13074,25793,12059,10158,9917,18861,1,1,1,23698,8004,1,4972,18762,25170,1.0,1:12,2015,2016
2015-16,203943,Noah Vonleh,Noah,1610612757,POR,Portland Trail Blazers,21500934,2016-03-06T00:00:00,POR @ DET,L,13.0,0.0,0.0,0.0,2.0,10.0,6.0,2.0,16.0,0.0,0.0,0.0,0.0,7.1,1,13074,13074,13074,20962,12059,10158,9917,12984,17370,13237,4025,15259,8004,1,1,18762,21141,1.0,13:01,2015,2016
2015-16,1882,Elton Brand,Elton,1610612755,PHI,Philadelphia 76ers,21500935,2016-03-06T00:00:00,PHI @ MIA,L,6.0,0.0,0.0,0.0,0.0,1.0,0.0,1.0,0.0,0.0,0.0,1.0,0.0,4.4,1,13074,13074,13074,23952,12059,10158,9917,18861,2356,1,3646,25429,8004,1,4972,18762,22837,1.0,6:01,2015,2016
2015-16,203110,Draymond Green,Draymond,1610612744,GSW,Golden State Warriors,21500931,2016-03-06T00:00:00,GSW @ LAL,L,32.5,0.0,0.0,2.0,2.0,9.0,12.0,10.0,38.0,1.0,1.0,5.0,4.0,30.5,1,13074,13074,13074,5482,12059,10158,4675,12984,15771,22832,20169,1422,2692,17214,24686,2748,5620,1.0,32:31,2015,2016
2015-16,201575,Brandon Rush,Brandon,1610612744,GSW,Golden State Warriors,21500931,2016-03-06T00:00:00,GSW @ LAL,L,21.0,0.0,2.0,2.0,4.0,11.0,12.0,4.0,22.0,1.0,0.0,2.0,1.0,11.8,1,13074,13074,13074,15069,12059,4731,4675,8599,18886,22832,8806,10265,2692,1,11390,12373,17832,1.0,20:59,2015,2016
2015-16,203477,Isaiah Canaan,Isaiah,1610612755,PHI,Philadelphia 76ers,21500935,2016-03-06T00:00:00,PHI @ MIA,L,32.9,4.0,5.0,0.0,4.0,7.0,8.0,9.0,28.0,0.0,1.0,5.0,1.0,26.6,1,13074,13074,13074,5203,2460,995,9917,8599,12242,17345,18829,5824,8004,17214,24686,12373,7566,1.0,32:55,2015,2016
2015-16,203960,JaKarr Sampson,JaKarr,1610612743,DEN,Denver Nuggets,21500933,2016-03-06T00:00:00,DEN vs. DAL,W,22.9,2.0,0.0,4.0,4.0,5.0,5.0,0.0,12.0,1.0,2.0,2.0,0.0,15.8,1,1,1,1,13484,6026,10158,1913,8599,8403,11469,1,18637,2692,23588,11390,18762,14754,1.0,22:52,2015,2016
2015-16,203949,James Michael McAdoo,James Michael,1610612744,GSW,Golden State Warriors,21500931,2016-03-06T00:00:00,GSW @ LAL,L,7.0,0.0,2.0,3.0,4.0,6.0,4.0,2.0,10.0,0.0,0.0,0.0,2.0,12.4,1,13074,13074,13074,23569,12059,4731,3302,8599,10028,8458,4025,20209,8004,1,1,7786,17418,1.0,6:59,2015,2016
2015-16,202335,Patrick Patterson,Patrick,1610612761,TOR,Toronto Raptors,21500936,2016-03-06T00:00:00,TOR vs. HOU,L,27.3,0.0,2.0,0.0,2.0,11.0,6.0,13.0,18.0,0.0,0.0,2.0,0.0,15.8,1,13074,13074,13074,9739,12059,4731,9917,12984,18886,13237,23048,13577,8004,1,11390,18762,14754,1.0,27:20,2015,2016
2015-16,201156,Nick Young,Nick,1610612747,LAL,Los Angeles Lakers,21500931,2016-03-06T00:00:00,LAL vs. GSW,W,22.5,2.0,0.0,3.0,0.0,5.0,11.0,11.0,30.0,0.0,0.0,5.0,3.0,20.4,1,1,1,1,13793,6026,10158,3302,18861,8403,21814,21342,4541,8004,1,24686,4736,11453,1.0,22:27,2015,2016
2015-16,1713,Vince Carter,Vince,1610612763,MEM,Memphis Grizzlies,21500932,2016-03-06T00:00:00,MEM vs. PHX,L,23.1,0.0,0.0,0.0,0.0,7.0,5.0,11.0,18.0,0.0,0.0,4.0,1.0,11.8,1,13074,13074,13074,13334,12059,10158,9917,18861,12242,11469,21342,13577,8004,1,22104,12373,17832,1.0,23:03,2015,2016
2015-16,1626273,Marcelo Huertas,Marcelo,1610612747,LAL,Los Angeles Lakers,21500931,2016-03-06T00:00:00,LAL vs. GSW,W,27.4,0.0,0.0,0.0,8.0,0.0,6.0,13.0,38.0,1.0,0.0,2.0,1.0,30.9,1,1,1,1,9695,12059,10158,9917,3109,1,13237,23048,1422,2692,1,11390,12373,5452,1.0,27:24,2015,2016
2015-16,203083,Andre Drummond,Andre,1610612765,DET,Detroit Pistons,21500934,2016-03-06T00:00:00,DET vs. POR,W,26.6,4.0,6.0,0.0,14.0,5.0,0.0,8.0,16.0,1.0,0.0,4.0,4.0,42.1,1,1,1,1,10338,2460,481,9917,542,8403,1,17194,15259,2692,1,22104,2748,1910,1.0,26:38,2015,2016
2015-16,203484,Kentavious Caldwell-Pope,Kentavious,1610612765,DET,Detroit Pistons,21500934,2016-03-06T00:00:00,DET vs. POR,W,36.8,6.0,4.0,7.0,4.0,7.0,0.0,12.0,28.0,0.0,0.0,4.0,4.0,30.4,1,1,1,1,2248,878,1596,454,8599,12242,1,22259,5824,8004,1,22104,2748,5661,1.0,36:47,2015,2016
2015-16,1626156,D'Angelo Russell,D'Angelo,1610612747,LAL,Los Angeles Lakers,21500931,2016-03-06T00:00:00,LAL vs. GSW,W,31.5,9.0,3.0,4.0,6.0,16.0,8.0,14.0,34.0,0.0,0.0,0.0,6.0,42.1,1,1,1,1,6315,171,3104,1913,5299,23774,17345,23710,2701,8004,1,1,873,1910,1.0,31:30,2015,2016
2015-16,201586,Serge Ibaka,Serge,1610612760,OKC,Oklahoma City Thunder,21500930,2016-03-06T00:00:00,OKC @ MIL,W,35.5,0.0,1.0,1.0,2.0,19.0,6.0,19.0,26.0,2.0,0.0,2.0,2.0,20.6,1,1,1,1,3165,12059,9709,9347,12984,25074,13237,25435,7214,932,1,11390,7786,11314,1.0,35:28,2015,2016
2015-16,202694,Marcus Morris Sr.,Marcus,1610612765,DET,Detroit Pistons,21500934,2016-03-06T00:00:00,DET vs. POR,W,34.2,0.0,0.0,0.0,2.0,10.0,0.0,12.0,26.0,0.0,0.0,1.0,6.0,20.6,1,1,1,1,4190,12059,10158,9917,12984,17370,1,22259,7214,8004,1,4972,873,11314,1.0,34:12,2015,2016
2015-16,2449,Luis Scola,Luis,1610612761,TOR,Toronto Raptors,21500936,2016-03-06T00:00:00,TOR vs. HOU,L,20.4,6.0,3.0,7.0,14.0,10.0,4.0,3.0,24.0,0.0,0.0,3.0,2.0,26.6,1,13074,13074,13074,15591,878,3104,454,542,17370,8458,7328,8723,8004,1,17641,7786,7566,1.0,20:22,2015,2016
2015-16,203944,Julius Randle,Julius,1610612747,LAL,Los Angeles Lakers,21500931,2016-03-06T00:00:00,LAL vs. GSW,W,29.2,2.0,4.0,2.0,12.0,16.0,12.0,14.0,36.0,0.0,1.0,5.0,1.0,30.8,1,1,1,1,8196,6026,1596,4675,988,23774,22832,23710,1943,8004,17214,24686,12373,5493,1.0,29:13,2015,2016
2015-16,1626144,Emmanuel Mudiay,Emmanuel,1610612743,DEN,Denver Nuggets,21500933,2016-03-06T00:00:00,DEN vs. DAL,W,39.7,3.0,0.0,0.0,6.0,7.0,7.0,0.0,20.0,2.0,0.0,2.0,4.0,42.8,1,1,1,1,813,4307,10158,9917,5299,12242,15642,1,11929,932,1,11390,2748,1776,1.0,39:43,2015,2016
2015-16,201147,Corey Brewer,Corey,1610612745,HOU,Houston Rockets,21500936,2016-03-06T00:00:00,HOU @ TOR,W,29.2,0.0,5.0,3.0,4.0,4.0,10.0,7.0,16.0,0.0,1.0,0.0,2.0,30.3,1,1,1,1,8225,12059,995,3302,8599,6141,20509,15538,15259,8004,17214,1,7786,5702,1.0,29:11,2015,2016
2015-16,1717,Dirk Nowitzki,Dirk,1610612742,DAL,Dallas Mavericks,21500933,2016-03-06T00:00:00,DAL @ DEN,L,35.4,2.0,2.0,0.0,2.0,11.0,24.0,15.0,44.0,1.0,0.0,3.0,5.0,40.7,1,13074,13074,13074,3194,6026,4731,9917,12984,18886,26041,24242,454,2692,1,17641,1539,2199,1.0,35:27,2015,2016
2015-16,2216,Zach Randolph,Zach,1610612763,MEM,Memphis Grizzlies,21500932,2016-03-06T00:00:00,MEM vs. PHX,L,31.2,2.0,2.0,0.0,6.0,6.0,10.0,11.0,26.0,0.0,0.0,1.0,0.0,20.1,1,13074,13074,13074,6536,6026,4731,9917,5299,10028,20509,21342,7214,8004,1,4972,18762,11685,1.0,31:13,2015,2016
2015-16,2199,Tyson Chandler,Tyson,1610612756,PHX,Phoenix Suns,21500932,2016-03-06T00:00:00,PHX @ MEM,W,32.5,2.0,2.0,6.0,14.0,12.0,6.0,5.0,32.0,0.0,1.0,1.0,2.0,27.0,1,1,1,1,5483,6026,4731,740,542,20178,13237,11593,3535,8004,17214,4972,7786,7385,1.0,32:31,2015,2016
2015-16,202699,Tobias Harris,Tobias,1610612765,DET,Detroit Pistons,21500934,2016-03-06T00:00:00,DET vs. POR,W,38.5,4.0,3.0,2.0,8.0,5.0,0.0,8.0,26.0,0.0,0.0,4.0,2.0,31.5,1,1,1,1,1249,2460,3104,4675,3109,8403,1,17194,7214,8004,1,22104,7786,5180,1.0,38:32,2015,2016
2015-16,2730,Dwight Howard,Dwight,1610612745,HOU,Houston Rockets,21500936,2016-03-06T00:00:00,HOU @ TOR,W,37.5,4.0,1.0,3.0,18.0,9.0,13.0,15.0,34.0,2.0,1.0,6.0,3.0,42.7,1,1,1,1,1749,2460,9709,3302,131,15771,23668,24242,2701,932,17214,25827,4736,1800,1.0,37:30,2015,2016
2015-16,202720,Jon Leuer,Jon,1610612756,PHX,Phoenix Suns,21500932,2016-03-06T00:00:00,PHX @ MEM,W,11.7,0.0,0.0,0.0,2.0,1.0,4.0,5.0,4.0,0.0,0.0,4.0,2.0,11.8,1,1,1,1,21737,12059,10158,9917,12984,2356,8458,11593,23698,8004,1,22104,7786,17832,1.0,11:40,2015,2016
2015-16,202083,Wesley Matthews,Wesley,1610612742,DAL,Dallas Mavericks,21500933,2016-03-06T00:00:00,DAL @ DEN,L,40.6,0.0,0.0,0.0,0.0,14.0,16.0,15.0,44.0,0.0,3.0,3.0,3.0,26.3,1,13074,13074,13074,583,12059,10158,9917,18861,22292,25155,24242,454,8004,25441,17641,4736,7733,1.0,40:35,2015,2016
2015-16,101179,Ronnie Price,Ronnie,1610612756,PHX,Phoenix Suns,21500932,2016-03-06T00:00:00,PHX @ MEM,W,35.8,0.0,0.0,0.0,2.0,15.0,10.0,15.0,32.0,0.0,0.0,4.0,1.0,15.6,1,1,1,1,2892,12059,10158,9917,12984,23079,20509,24242,3535,8004,1,22104,12373,14916,1.0,35:48,2015,2016
2015-16,203898,Tyler Ennis,Tyler,1610612749,MIL,Milwaukee Bucks,21500930,2016-03-06T00:00:00,MIL vs. OKC,L,7.1,1.0,2.0,0.0,0.0,3.0,4.0,5.0,10.0,0.0,1.0,0.0,1.0,12.0,1,13074,13074,13074,23526,11535,4731,9917,18861,5109,8458,11593,20209,8004,17214,1,12373,17703,1.0,7:05,2015,2016
2015-16,201566,Russell Westbrook,Russell,1610612760,OKC,Oklahoma City Thunder,21500930,2016-03-06T00:00:00,OKC @ MIL,W,38.8,0.0,5.0,2.0,4.0,19.0,8.0,22.0,30.0,1.0,0.0,4.0,7.0,42.5,1,1,1,1,1132,12059,995,4675,8599,25074,17345,25811,4541,2692,1,22104,469,1841,1.0,38:50,2015,2016
2015-16,200768,Kyle Lowry,Kyle,1610612761,TOR,Toronto Raptors,21500936,2016-03-06T00:00:00,TOR vs. HOU,L,38.3,1.0,2.0,3.0,0.0,15.0,9.0,8.0,38.0,0.0,1.0,3.0,5.0,41.3,1,13074,13074,13074,1389,11535,4731,3302,18861,23079,19144,17194,1422,8004,17214,17641,1539,2074,1.0,38:17,2015,2016
2015-16,201939,Stephen Curry,Stephen,1610612744,GSW,Golden State Warriors,21500931,2016-03-06T00:00:00,GSW @ LAL,L,34.3,5.0,0.0,6.0,10.0,11.0,12.0,12.0,38.0,0.0,1.0,2.0,7.0,30.2,1,13074,13074,13074,4106,1603,10158,740,1840,18886,22832,22259,1422,8004,17214,11390,469,5751,1.0,34:17,2015,2016
2015-16,203114,Khris Middleton,Khris,1610612749,MIL,Milwaukee Bucks,21500930,2016-03-06T00:00:00,MIL vs. OKC,L,39.9,2.0,0.0,10.0,2.0,6.0,15.0,10.0,24.0,0.0,1.0,5.0,4.0,41.5,1,13074,13074,13074,756,6026,10158,118,12984,10028,24781,20169,8723,8004,17214,24686,2748,2038,1.0,39:54,2015,2016
2015-16,203458,Alex Len,Alex,1610612756,PHX,Phoenix Suns,21500932,2016-03-06T00:00:00,PHX @ MEM,W,34.3,0.0,5.0,0.0,6.0,17.0,8.0,11.0,34.0,2.0,2.0,2.0,9.0,53.2,1,1,1,1,4138,12059,995,9917,5299,24337,17345,21342,2701,932,23588,11390,138,508,1.0,34:15,2015,2016
2015-16,202718,Chandler Parsons,Chandler,1610612742,DAL,Dallas Mavericks,21500933,2016-03-06T00:00:00,DAL @ DEN,L,38.7,4.0,2.0,2.0,6.0,11.0,10.0,15.0,44.0,0.0,0.0,3.0,5.0,29.7,1,13074,13074,13074,1197,2460,4731,4675,5299,18886,20509,24242,454,8004,1,17641,1539,6006,1.0,38:40,2015,2016
2015-16,201142,Kevin Durant,Kevin,1610612760,OKC,Oklahoma City Thunder,21500930,2016-03-06T00:00:00,OKC @ MIL,W,40.3,4.0,2.0,5.0,2.0,27.0,8.0,26.0,26.0,1.0,1.0,2.0,9.0,63.6,1,1,1,1,660,2460,4731,1277,12984,26014,17345,26007,7214,2692,17214,11390,138,114,1.0,40:16,2015,2016
2015-16,202355,Hassan Whiteside,Hassan,1610612748,MIA,Miami Heat,21500935,2016-03-06T00:00:00,MIA vs. PHI,W,30.7,0.0,6.0,0.0,8.0,10.0,13.0,2.0,26.0,7.0,2.0,3.0,6.0,50.1,1,1,1,1,6980,12059,481,9917,3109,17370,23668,4025,7214,8,23588,17641,873,743,1.0,30:40,2015,2016
2015-16,203507,Giannis Antetokounmpo,Giannis,1610612749,MIL,Milwaukee Bucks,21500930,2016-03-06T00:00:00,MIL vs. OKC,L,42.4,12.0,0.0,13.0,12.0,6.0,15.0,10.0,26.0,4.0,0.0,3.0,7.0,74.4,1,13074,13074,13074,255,27,10158,26,988,10028,24781,20169,7214,132,1,17641,469,24,1.0,42:26,2015,2016
2015-16,203468,CJ McCollum,CJ,1610612757,POR,Portland Trail Blazers,21500934,2016-03-06T00:00:00,POR @ DET,L,36.0,3.0,0.0,0.0,10.0,15.0,13.0,7.0,34.0,0.0,0.0,3.0,4.0,36.9,1,13074,13074,13074,2795,4307,10158,9917,1840,23079,23668,15538,2701,8004,1,17641,2748,3210,1.0,35:58,2015,2016
2015-16,2772,Trevor Ariza,Trevor,1610612745,HOU,Houston Rockets,21500936,2016-03-06T00:00:00,HOU @ TOR,W,40.6,2.0,3.0,2.0,2.0,7.0,9.0,14.0,32.0,0.0,1.0,2.0,0.0,24.2,1,1,1,1,575,6026,3104,4675,12984,12242,19144,23710,3535,8004,17214,11390,18762,9009,1.0,40:36,2015,2016
2015-16,2548,Dwyane Wade,Dwyane,1610612748,MIA,Miami Heat,21500935,2016-03-06T00:00:00,MIA vs. PHI,W,31.2,0.0,2.0,2.0,8.0,6.0,10.0,1.0,26.0,0.0,0.0,2.0,8.0,36.1,1,1,1,1,6605,12059,4731,4675,3109,10028,20509,3646,7214,8004,1,11390,254,3432,1.0,31:09,2015,2016
2015-16,101135,David Lee,David,1610612742,DAL,Dallas Mavericks,21500933,2016-03-06T00:00:00,DAL @ DEN,L,25.6,0.0,4.0,0.0,12.0,8.0,12.0,2.0,18.0,4.0,1.0,3.0,3.0,47.9,1,13074,13074,13074,11238,12059,1596,9917,988,13914,22832,4025,13577,132,17214,17641,4736,970,1.0,25:34,2015,2016
2015-16,1626164,Devin Booker,Devin,1610612756,PHX,Phoenix Suns,21500932,2016-03-06T00:00:00,PHX @ MEM,W,42.8,4.0,0.0,7.0,4.0,12.0,12.0,9.0,38.0,1.0,0.0,2.0,7.0,45.9,1,1,1,1,216,2460,10158,454,8599,20178,22832,18829,1422,2692,1,11390,469,1224,1.0,42:49,2015,2016
2015-16,2736,Luol Deng,Luol,1610612748,MIA,Miami Heat,21500935,2016-03-06T00:00:00,MIA vs. PHI,W,35.7,5.0,2.0,3.0,6.0,15.0,12.0,3.0,30.0,1.0,1.0,0.0,3.0,43.8,1,1,1,1,2960,1603,4731,3302,5299,23079,22832,7328,4541,2692,17214,1,4736,1587,1.0,35:43,2015,2016
2015-16,200797,Ryan Hollins,Ryan,1610612763,MEM,Memphis Grizzlies,21500932,2016-03-06T00:00:00,MEM vs. PHX,L,12.3,1.0,0.0,0.0,0.0,4.0,4.0,6.0,16.0,1.0,0.0,3.0,2.0,7.4,1,13074,13074,13074,21408,11535,10158,9917,18861,6141,8458,13388,15259,2692,1,17641,7786,20912,1.0,12:16,2015,2016
2015-16,202362,Lance Stephenson,Lance,1610612763,MEM,Memphis Grizzlies,21500932,2016-03-06T00:00:00,MEM vs. PHX,L,23.9,0.0,2.0,0.0,6.0,7.0,4.0,11.0,20.0,0.0,1.0,0.0,2.0,24.0,1,13074,13074,13074,12630,12059,4731,9917,5299,12242,8458,21342,11929,8004,17214,1,7786,9121,1.0,23:55,2015,2016
2015-16,203115,Will Barton,Will,1610612743,DEN,Denver Nuggets,21500933,2016-03-06T00:00:00,DEN vs. DAL,W,30.2,2.0,2.0,4.0,12.0,4.0,7.0,3.0,24.0,0.0,0.0,4.0,3.0,29.6,1,1,1,1,7318,6026,4731,1913,988,6141,15642,7328,8723,8004,1,22104,4736,6050,1.0,30:14,2015,2016
2015-16,1626196,Josh Richardson,Josh,1610612748,MIA,Miami Heat,21500935,2016-03-06T00:00:00,MIA vs. PHI,W,23.1,0.0,0.0,2.0,2.0,12.0,10.0,2.0,18.0,0.0,1.0,2.0,0.0,7.5,1,1,1,1,13303,12059,10158,4675,12984,20178,20509,4025,13577,8004,17214,11390,18762,20874,1.0,23:05,2015,2016
2015-16,202328,Greg Monroe,Greg,1610612749,MIL,Milwaukee Bucks,21500930,2016-03-06T00:00:00,MIL vs. OKC,L,30.5,2.0,6.0,0.0,8.0,5.0,11.0,8.0,22.0,0.0,2.0,1.0,2.0,29.0,1,13074,13074,13074,7117,6026,481,9917,3109,8403,21814,17194,10265,8004,23588,4972,7786,6346,1.0,30:29,2015,2016
2015-16,201596,Mario Chalmers,Mario,1610612763,MEM,Memphis Grizzlies,21500932,2016-03-06T00:00:00,MEM vs. PHX,L,28.5,7.0,2.0,8.0,6.0,7.0,11.0,11.0,26.0,0.0,0.0,3.0,7.0,24.7,1,13074,13074,13074,8779,548,4731,280,5299,12242,21814,21342,7214,8004,1,17641,469,8673,1.0,28:32,2015,2016
2015-16,202702,Kenneth Faried,Kenneth,1610612743,DEN,Denver Nuggets,21500933,2016-03-06T00:00:00,DEN vs. DAL,W,36.2,4.0,9.0,4.0,22.0,2.0,5.0,0.0,16.0,1.0,1.0,2.0,5.0,56.5,1,1,1,1,2636,2460,77,1913,25,2619,11469,1,15259,2692,17214,11390,1539,332,1.0,36:09,2015,2016
2015-16,201935,James Harden,James,1610612745,HOU,Houston Rockets,21500936,2016-03-06T00:00:00,HOU @ TOR,W,42.7,10.0,0.0,5.0,14.0,8.0,9.0,18.0,36.0,0.0,2.0,4.0,9.0,69.0,1,1,1,1,233,99,10158,1277,542,13914,19144,25228,1943,8004,23588,22104,138,54,1.0,42:41,2015,2016
2015-16,202704,Reggie Jackson,Reggie,1610612765,DET,Detroit Pistons,21500934,2016-03-06T00:00:00,DET vs. POR,W,34.1,0.0,0.0,4.0,12.0,5.0,0.0,8.0,28.0,0.0,0.0,3.0,4.0,49.7,1,1,1,1,4281,12059,10158,1913,988,8403,1,17194,5824,8004,1,17641,2748,789,1.0,34:05,2015,2016
2015-16,203500,Steven Adams,Steven,1610612760,OKC,Oklahoma City Thunder,21500930,2016-03-06T00:00:00,OKC @ MIL,W,28.2,0.0,4.0,0.0,12.0,16.0,2.0,19.0,18.0,0.0,2.0,2.0,2.0,29.8,1,1,1,1,9064,12059,1596,9917,988,23774,3734,25435,13577,8004,23588,11390,7786,5948,1.0,28:13,2015,2016
2015-16,101106,Andrew Bogut,Andrew,1610612744,GSW,Golden State Warriors,21500931,2016-03-06T00:00:00,GSW @ LAL,L,19.6,2.0,0.0,0.0,4.0,7.0,5.0,8.0,18.0,0.0,0.0,1.0,1.0,28.9,1,13074,13074,13074,16263,6026,10158,9917,8599,12242,11469,17194,13577,8004,1,4972,12373,6414,1.0,19:34,2015,2016
2015-16,203953,Jabari Parker,Jabari,1610612749,MIL,Milwaukee Bucks,21500930,2016-03-06T00:00:00,MIL vs. OKC,L,35.9,6.0,0.0,6.0,12.0,7.0,17.0,12.0,24.0,1.0,2.0,3.0,3.0,46.0,1,13074,13074,13074,2819,878,10158,740,988,12242,25429,22259,8723,2692,23588,17641,4736,1198,1.0,35:55,2015,2016
2015-16,201171,Carl Landry,Carl,1610612755,PHI,Philadelphia 76ers,21500935,2016-03-06T00:00:00,PHI @ MIA,L,26.2,3.0,7.0,0.0,10.0,6.0,7.0,4.0,30.0,0.0,2.0,3.0,4.0,29.4,1,13074,13074,13074,10708,4307,292,9917,1840,10028,15642,8806,4541,8004,23588,17641,2748,6143,1.0,26:11,2015,2016
2015-16,201609,Goran Dragic,Goran,1610612748,MIA,Miami Heat,21500935,2016-03-06T00:00:00,MIA vs. PHI,W,38.0,2.0,2.0,2.0,8.0,15.0,12.0,3.0,32.0,0.0,1.0,4.0,1.0,37.1,1,1,1,1,1528,6026,4731,4675,3109,23079,22832,7328,3535,8004,17214,22104,12373,3151,1.0,37:57,2015,2016
2015-16,101138,Brandon Bass,Brandon,1610612747,LAL,Los Angeles Lakers,21500931,2016-03-06T00:00:00,LAL vs. GSW,W,27.4,4.0,2.0,4.0,8.0,5.0,9.0,11.0,36.0,3.0,1.0,2.0,3.0,31.9,1,1,1,1,9720,2460,4731,1913,3109,8403,19144,21342,1943,347,17214,11390,4736,4984,1.0,27:22,2015,2016
2015-16,101114,Deron Williams,Deron,1610612742,DAL,Dallas Mavericks,21500933,2016-03-06T00:00:00,DAL @ DEN,L,39.5,0.0,0.0,0.0,6.0,16.0,18.0,17.0,50.0,0.0,0.0,2.0,4.0,33.1,1,13074,13074,13074,880,12059,10158,9917,5299,23774,25634,24967,107,8004,1,11390,2748,4505,1.0,39:31,2015,2016
2015-16,2733,Shaun Livingston,Shaun,1610612744,GSW,Golden State Warriors,21500931,2016-03-06T00:00:00,GSW @ LAL,L,14.8,0.0,0.0,0.0,4.0,7.0,5.0,5.0,16.0,0.0,0.0,2.0,1.0,14.1,1,13074,13074,13074,19927,12059,10158,9917,8599,12242,11469,11593,15259,8004,1,11390,12373,16094,1.0,14:45,2015,2016
2015-16,202685,Jonas Valančiūnas,Jonas,1610612761,TOR,Toronto Raptors,21500936,2016-03-06T00:00:00,TOR vs. HOU,L,28.2,0.0,2.0,0.0,10.0,13.0,7.0,12.0,32.0,3.0,2.0,3.0,3.0,32.0,1,13074,13074,13074,9082,12059,4731,9917,1840,21300,15642,22259,3535,347,23588,17641,4736,4945,1.0,28:12,2015,2016
2015-16,203086,Meyers Leonard,Meyers,1610612757,POR,Portland Trail Blazers,21500934,2016-03-06T00:00:00,POR @ DET,L,23.3,0.0,0.0,5.0,2.0,4.0,4.0,11.0,14.0,0.0,0.0,4.0,3.0,17.3,1,13074,13074,13074,13144,12059,10158,1277,12984,6141,8458,21342,17019,8004,1,22104,4736,13671,1.0,23:16,2015,2016
2015-16,2207,Joe Johnson,Joe,1610612748,MIA,Miami Heat,21500935,2016-03-06T00:00:00,MIA vs. PHI,W,31.0,0.0,0.0,0.0,6.0,6.0,10.0,1.0,26.0,0.0,0.0,3.0,1.0,22.5,1,1,1,1,6692,12059,10158,9917,5299,10028,20509,3646,7214,8004,1,17641,12373,10082,1.0,31:02,2015,2016
2015-16,203090,Maurice Harkless,Maurice,1610612757,POR,Portland Trail Blazers,21500934,2016-03-06T00:00:00,POR @ DET,L,21.2,2.0,0.0,2.0,4.0,7.0,2.0,9.0,18.0,0.0,1.0,4.0,0.0,13.6,1,13074,13074,13074,14846,6026,10158,4675,8599,12242,3734,18829,13577,8004,17214,22104,18762,16460,1.0,21:15,2015,2016
2015-16,203496,Robert Covington,Robert,1610612755,PHI,Philadelphia 76ers,21500935,2016-03-06T00:00:00,PHI @ MIA,L,34.5,3.0,2.0,0.0,4.0,8.0,12.0,8.0,34.0,2.0,1.0,6.0,1.0,32.8,1,13074,13074,13074,3959,4307,4731,9917,8599,13914,22832,17194,2701,932,17214,25827,12373,4609,1.0,34:29,2015,2016
2015-16,203914,Gary Harris,Gary,1610612743,DEN,Denver Nuggets,21500933,2016-03-06T00:00:00,DEN vs. DAL,W,43.5,5.0,2.0,2.0,4.0,9.0,11.0,3.0,26.0,0.0,1.0,0.0,0.0,28.1,1,1,1,1,164,1603,4731,4675,8599,15771,21814,7328,7214,8004,17214,1,18762,6818,1.0,43:30,2015,2016
2015-16,202397,Ish Smith,Ish,1610612755,PHI,Philadelphia 76ers,21500935,2016-03-06T00:00:00,PHI @ MIA,L,38.1,3.0,0.0,1.0,10.0,6.0,13.0,4.0,34.0,0.0,0.0,0.0,5.0,33.3,1,13074,13074,13074,1463,4307,10158,9347,1840,10028,23668,8806,2701,8004,1,1,1539,4423,1.0,38:06,2015,2016
2015-16,203999,Nikola Jokić,Nikola,1610612743,DEN,Denver Nuggets,21500933,2016-03-06T00:00:00,DEN vs. DAL,W,20.6,0.0,6.0,0.0,6.0,7.0,5.0,0.0,12.0,1.0,2.0,4.0,3.0,37.9,1,1,1,1,15358,12059,481,9917,5299,12242,11469,1,18637,2692,23588,22104,4736,2931,1.0,20:39,2015,2016
2015-16,1626159,Justise Winslow,Justise,1610612748,MIA,Miami Heat,21500935,2016-03-06T00:00:00,MIA vs. PHI,W,29.8,0.0,0.0,0.0,0.0,9.0,12.0,2.0,28.0,0.0,0.0,2.0,1.0,13.9,1,1,1,1,7748,12059,10158,9917,18861,15771,22832,4025,5824,8004,1,11390,12373,16232,1.0,29:46,2015,2016
2015-16,202691,Klay Thompson,Klay,1610612744,GSW,Golden State Warriors,21500931,2016-03-06T00:00:00,GSW @ LAL,L,29.6,4.0,0.0,5.0,12.0,11.0,7.0,15.0,32.0,0.0,1.0,0.0,2.0,27.8,1,13074,13074,13074,7891,2460,10158,1277,988,18886,15642,24242,3535,8004,17214,1,7786,6950,1.0,29:35,2015,2016
2015-16,1626204,Larry Nance Jr.,Larry,1610612747,LAL,Los Angeles Lakers,21500931,2016-03-06T00:00:00,LAL vs. GSW,W,18.8,0.0,2.0,0.0,4.0,0.0,2.0,6.0,22.0,0.0,0.0,2.0,0.0,13.9,1,1,1,1,16885,12059,4731,9917,8599,1,3734,13388,10265,8004,1,11390,18762,16232,1.0,18:47,2015,2016
2015-16,203486,Mason Plumlee,Mason,1610612757,POR,Portland Trail Blazers,21500934,2016-03-06T00:00:00,POR @ DET,L,17.0,0.0,0.0,0.0,0.0,10.0,11.0,2.0,22.0,0.0,0.0,2.0,5.0,13.9,1,13074,13074,13074,18242,12059,10158,9917,18861,17370,21814,4025,10265,8004,1,11390,1539,16232,1.0,17:02,2015,2016
2015-16,203081,Damian Lillard,Damian,1610612757,POR,Portland Trail Blazers,21500934,2016-03-06T00:00:00,POR @ DET,L,35.1,3.0,0.0,3.0,8.0,14.0,13.0,13.0,38.0,0.0,0.0,3.0,8.0,32.5,1,13074,13074,13074,3476,4307,10158,3302,3109,22292,23668,23048,1422,8004,1,17641,254,4726,1.0,35:05,2015,2016
2015-16,2440,Matt Barnes,Matt,1610612763,MEM,Memphis Grizzlies,21500932,2016-03-06T00:00:00,MEM vs. PHX,L,33.1,3.0,0.0,3.0,4.0,4.0,7.0,13.0,22.0,2.0,2.0,4.0,1.0,32.5,1,13074,13074,13074,5055,4307,10158,3302,8599,6141,15642,23048,10265,932,23588,22104,12373,4726,1.0,33:05,2015,2016
2015-16,203493,Reggie Bullock Jr.,Reggie,1610612765,DET,Detroit Pistons,21500934,2016-03-06T00:00:00,DET vs. POR,W,25.9,0.0,2.0,0.0,0.0,5.0,0.0,4.0,22.0,0.0,0.0,2.0,1.0,22.4,1,1,1,1,10918,12059,4731,9917,18861,8403,1,8806,10265,8004,1,11390,12373,10131,1.0,25:54,2015,2016
2015-16,201942,DeMar DeRozan,DeMar,1610612761,TOR,Toronto Raptors,21500936,2016-03-06T00:00:00,TOR vs. HOU,L,34.2,0.0,2.0,4.0,4.0,17.0,4.0,13.0,34.0,0.0,1.0,4.0,7.0,37.7,1,13074,13074,13074,4216,12059,4731,1913,8599,24337,8458,23048,2701,8004,17214,22104,469,2990,1.0,34:10,2015,2016
2015-16,201976,Patrick Beverley,Patrick,1610612745,HOU,Houston Rockets,21500936,2016-03-06T00:00:00,HOU @ TOR,W,40.7,4.0,0.0,1.0,0.0,9.0,13.0,17.0,36.0,0.0,1.0,5.0,1.0,27.9,1,1,1,1,558,2460,10158,9347,18861,15771,23668,24967,1943,8004,17214,24686,12373,6914,1.0,40:42,2015,2016
2015-16,203141,Mirza Teletovic,Mirza,1610612756,PHX,Phoenix Suns,21500932,2016-03-06T00:00:00,PHX @ MEM,W,20.0,5.0,0.0,5.0,4.0,9.0,6.0,11.0,16.0,0.0,0.0,2.0,2.0,19.2,1,1,1,1,15888,1603,10158,1277,8599,15771,13237,21342,15259,8004,1,11390,7786,12284,1.0,20:02,2015,2016
2015-16,203210,JaMychal Green,JaMychal,1610612763,MEM,Memphis Grizzlies,21500932,2016-03-06T00:00:00,MEM vs. PHX,L,23.9,1.0,4.0,3.0,8.0,5.0,1.0,11.0,16.0,0.0,0.0,6.0,5.0,25.0,1,13074,13074,13074,12665,11535,1596,3302,3109,8403,3393,21342,15259,8004,1,25827,1539,8485,1.0,23:53,2015,2016
2015-16,203138,Hollis Thompson,Hollis,1610612755,PHI,Philadelphia 76ers,21500935,2016-03-06T00:00:00,PHI @ MIA,L,37.2,0.0,3.0,0.0,2.0,5.0,13.0,5.0,28.0,0.0,1.0,1.0,3.0,18.8,1,13074,13074,13074,1970,12059,3104,9917,12984,8403,23668,11593,5824,8004,17214,4972,4736,12588,1.0,37:11,2015,2016
2015-16,2571,Leandro Barbosa,Leandro,1610612744,GSW,Golden State Warriors,21500931,2016-03-06T00:00:00,GSW @ LAL,L,21.0,2.0,2.0,2.0,6.0,11.0,12.0,5.0,20.0,0.0,2.0,2.0,2.0,9.9,1,13074,13074,13074,15039,6026,4731,4675,5299,18886,22832,11593,11929,8004,23588,11390,7786,19247,1.0,21:01,2015,2016
2015-16,203101,Miles Plumlee,Miles,1610612749,MIL,Milwaukee Bucks,21500930,2016-03-06T00:00:00,MIL vs. OKC,L,17.5,2.0,2.0,0.0,2.0,4.0,8.0,7.0,14.0,1.0,0.0,1.0,0.0,10.0,1,13074,13074,13074,17880,6026,4731,9917,12984,6141,17345,15538,17019,2692,1,4972,18762,19178,1.0,17:31,2015,2016
2015-16,202683,Enes Freedom,Enes,1610612760,OKC,Oklahoma City Thunder,21500930,2016-03-06T00:00:00,OKC @ MIL,W,19.5,0.0,5.0,2.0,10.0,14.0,10.0,10.0,18.0,1.0,0.0,1.0,3.0,33.4,1,1,1,1,16327,12059,995,4675,1840,22292,20509,20169,13577,2692,1,4972,4736,4384,1.0,19:30,2015,2016
2015-16,203084,Harrison Barnes,Harrison,1610612744,GSW,Golden State Warriors,21500931,2016-03-06T00:00:00,GSW @ LAL,L,28.5,0.0,0.0,0.0,4.0,13.0,7.0,13.0,24.0,0.0,1.0,1.0,3.0,10.0,1,13074,13074,13074,8818,12059,10158,9917,8599,21300,15642,23048,8723,8004,17214,4972,4736,19178,1.0,28:31,2015,2016
2015-16,203903,Jordan Clarkson,Jordan,1610612747,LAL,Los Angeles Lakers,21500931,2016-03-06T00:00:00,LAL vs. GSW,W,37.1,5.0,8.0,2.0,8.0,16.0,14.0,13.0,44.0,0.0,0.0,4.0,4.0,33.8,1,1,1,1,2021,1603,137,4675,3109,23774,24300,23048,454,8004,1,22104,2748,4244,1.0,37:06,2015,2016
2015-16,1626158,Richaun Holmes,Richaun,1610612755,PHI,Philadelphia 76ers,21500935,2016-03-06T00:00:00,PHI @ MIA,L,15.2,0.0,0.0,0.0,2.0,2.0,7.0,4.0,10.0,3.0,2.0,0.0,2.0,19.2,1,13074,13074,13074,19607,12059,10158,9917,12984,2619,15642,8806,20209,347,23588,1,7786,12284,1.0,15:13,2015,2016
2015-16,2405,Amar'e Stoudemire,Amar'e,1610612748,MIA,Miami Heat,21500935,2016-03-06T00:00:00,MIA vs. PHI,W,16.8,2.0,2.0,0.0,2.0,2.0,4.0,1.0,10.0,2.0,2.0,2.0,1.0,14.2,1,1,1,1,18458,6026,4731,9917,12984,2619,8458,3646,20209,932,23588,11390,12373,16003,1.0,16:46,2015,2016
2015-16,203924,Jerami Grant,Jerami,1610612755,PHI,Philadelphia 76ers,21500935,2016-03-06T00:00:00,PHI @ MIA,L,37.4,2.0,0.0,2.0,6.0,7.0,7.0,5.0,30.0,2.0,2.0,4.0,2.0,23.6,1,13074,13074,13074,1807,6026,10158,4675,5299,12242,15642,11593,4541,932,23588,22104,7786,9377,1.0,37:26,2015,2016
2015-16,200826,J.J. Barea,J.J.,1610612742,DAL,Dallas Mavericks,21500933,2016-03-06T00:00:00,DAL @ DEN,L,24.6,3.0,6.0,0.0,6.0,10.0,14.0,9.0,28.0,0.0,0.0,0.0,0.0,19.2,1,13074,13074,13074,12031,4307,481,9917,5299,17370,24300,18829,5824,8004,1,1,18762,12284,1.0,24:35,2015,2016
2015-16,201144,Mike Conley,Mike,1610612763,MEM,Memphis Grizzlies,21500932,2016-03-06T00:00:00,MEM vs. PHX,L,29.8,4.0,0.0,2.0,8.0,4.0,7.0,11.0,24.0,0.0,0.0,2.0,4.0,34.2,1,13074,13074,13074,7707,2460,10158,4675,3109,6141,15642,21342,8723,8004,1,11390,2748,4092,1.0,29:49,2015,2016
2015-16,202329,Al-Farouq Aminu,Al-Farouq,1610612757,POR,Portland Trail Blazers,21500934,2016-03-06T00:00:00,POR @ DET,L,32.0,0.0,0.0,0.0,2.0,14.0,11.0,11.0,36.0,0.0,0.0,3.0,1.0,18.6,1,13074,13074,13074,5933,12059,10158,9917,12984,22292,21814,21342,1943,8004,1,17641,12373,12715,1.0,31:57,2015,2016
2015-16,203991,Clint Capela,Clint,1610612745,HOU,Houston Rockets,21500936,2016-03-06T00:00:00,HOU @ TOR,W,10.5,1.0,1.0,2.0,2.0,2.0,0.0,5.0,6.0,2.0,0.0,1.0,5.0,16.1,1,1,1,1,22242,11535,9709,4675,12984,2619,1,11593,22724,932,1,4972,1539,14515,1.0,10:28,2015,2016
2015-16,202712,Justin Harper,Justin,1610612765,DET,Detroit Pistons,21500934,2016-03-06T00:00:00,DET vs. POR,W,1.3,0.0,0.0,0.0,0.0,0.0,0.0,0.0,0.0,0.0,0.0,0.0,0.0,3.0,1,1,1,1,25777,12059,10158,9917,18861,1,1,1,25429,8004,1,1,18762,23648,1.0,1:15,2015,2016
2015-16,203459,Allen Crabbe,Allen,1610612757,POR,Portland Trail Blazers,21500934,2016-03-06T00:00:00,POR @ DET,L,23.5,2.0,0.0,2.0,4.0,5.0,4.0,6.0,10.0,0.0,0.0,1.0,1.0,13.2,1,13074,13074,13074,12952,6026,10158,4675,8599,8403,8458,13388,20209,8004,1,4972,12373,16768,1.0,23:32,2015,2016
2015-16,202713,Kyle Singler,Kyle,1610612760,OKC,Oklahoma City Thunder,21500930,2016-03-06T00:00:00,OKC @ MIL,W,23.2,3.0,0.0,5.0,6.0,11.0,6.0,13.0,16.0,1.0,0.0,1.0,1.0,13.2,1,1,1,1,13180,4307,10158,1277,5299,18886,13237,23048,15259,2692,1,4972,12373,16768,1.0,23:13,2015,2016
2015-16,204456,T.J. McConnell,T.J.,1610612755,PHI,Philadelphia 76ers,21500935,2016-03-06T00:00:00,PHI @ MIA,L,12.5,0.0,0.0,0.0,2.0,3.0,3.0,5.0,6.0,0.0,1.0,1.0,0.0,12.9,1,13074,13074,13074,21296,12059,10158,9917,12984,5109,7138,11593,22724,8004,17214,4972,18762,17049,1.0,12:28,2015,2016
2015-16,2734,Devin Harris,Devin,1610612742,DAL,Dallas Mavericks,21500933,2016-03-06T00:00:00,DAL @ DEN,L,18.6,0.0,0.0,1.0,0.0,2.0,8.0,2.0,12.0,1.0,0.0,0.0,2.0,16.3,1,13074,13074,13074,17055,12059,10158,9347,18861,2619,17345,4025,18637,2692,1,1,7786,14372,1.0,18:33,2015,2016
2015-16,201571,D.J. Augustin,D.J.,1610612743,DEN,Denver Nuggets,21500933,2016-03-06T00:00:00,DEN vs. DAL,W,27.1,0.0,3.0,3.0,0.0,4.0,7.0,3.0,22.0,0.0,2.0,1.0,3.0,18.2,1,1,1,1,9949,12059,3104,3302,18861,6141,15642,7328,10265,8004,23588,4972,4736,13004,1.0,27:05,2015,2016
2015-16,200782,P.J. Tucker,P.J.,1610612756,PHX,Phoenix Suns,21500932,2016-03-06T00:00:00,PHX @ MEM,W,30.8,0.0,4.0,0.0,2.0,9.0,8.0,6.0,30.0,0.0,0.0,5.0,2.0,16.5,1,1,1,1,6906,12059,1596,9917,12984,15771,17345,13388,4541,8004,1,24686,7786,14224,1.0,30:47,2015,2016
2015-16,977,Kobe Bryant,Kobe,1610612747,LAL,Los Angeles Lakers,21500931,2016-03-06T00:00:00,LAL vs. GSW,W,24.4,0.0,0.0,2.0,6.0,11.0,0.0,9.0,28.0,0.0,1.0,2.0,2.0,15.9,1,1,1,1,12262,12059,10158,4675,5299,18886,1,18829,5824,8004,17214,11390,7786,14675,1.0,24:21,2015,2016
2015-16,201579,Roy Hibbert,Roy,1610612747,LAL,Los Angeles Lakers,21500931,2016-03-06T00:00:00,LAL vs. GSW,W,20.6,0.0,0.0,0.0,0.0,11.0,5.0,9.0,22.0,2.0,0.0,2.0,0.0,16.0,1,1,1,1,15360,12059,10158,9917,18861,18886,11469,18829,10265,932,1,11390,18762,14590,1.0,20:38,2015,2016
2015-16,201949,James Johnson,James,1610612761,TOR,Toronto Raptors,21500936,2016-03-06T00:00:00,TOR vs. HOU,L,27.4,0.0,0.0,0.0,2.0,10.0,4.0,11.0,28.0,2.0,0.0,4.0,0.0,21.2,1,13074,13074,13074,9695,12059,10158,9917,12984,17370,8458,21342,5824,932,1,22104,18762,10936,1.0,27:24,2015,2016
2015-16,203079,Dion Waiters,Dion,1610612760,OKC,Oklahoma City Thunder,21500930,2016-03-06T00:00:00,OKC @ MIL,W,28.9,2.0,2.0,0.0,0.0,22.0,10.0,21.0,24.0,1.0,1.0,4.0,0.0,12.6,1,1,1,1,8448,6026,4731,9917,18861,25683,20509,25725,8723,2692,17214,22104,18762,17277,1.0,28:54,2015,2016
2015-16,201564,O.J. Mayo,O.J.,1610612749,MIL,Milwaukee Bucks,21500930,2016-03-06T00:00:00,MIL vs. OKC,L,24.5,0.0,0.0,0.0,0.0,6.0,10.0,8.0,20.0,0.0,1.0,5.0,0.0,8.0,1,13074,13074,13074,12162,12059,10158,9917,18861,10028,20509,17194,11929,8004,17214,24686,18762,20564,1.0,24:27,2015,2016
2015-16,201573,Jerryd Bayless,Jerryd,1610612749,MIL,Milwaukee Bucks,21500930,2016-03-06T00:00:00,MIL vs. OKC,L,31.5,5.0,2.0,0.0,0.0,5.0,11.0,10.0,28.0,0.0,0.0,4.0,6.0,18.7,1,13074,13074,13074,6282,1603,4731,9917,18861,8403,21814,20169,5824,8004,1,22104,873,12648,1.0,31:32,2015,2016
2015-16,101109,Raymond Felton,Raymond,1610612742,DAL,Dallas Mavericks,21500933,2016-03-06T00:00:00,DAL @ DEN,L,29.8,0.0,0.0,0.0,2.0,6.0,11.0,6.0,24.0,0.0,0.0,2.0,2.0,12.9,1,13074,13074,13074,7747,12059,10158,9917,12984,10028,21814,13388,8723,8004,1,11390,7786,17049,1.0,29:47,2015,2016
2015-16,202709,Cory Joseph,Cory,1610612761,TOR,Toronto Raptors,21500936,2016-03-06T00:00:00,TOR vs. HOU,L,25.1,2.0,0.0,4.0,4.0,12.0,6.0,11.0,16.0,0.0,0.0,2.0,3.0,18.5,1,13074,13074,13074,11607,6026,10158,1913,8599,20178,13237,21342,15259,8004,1,11390,4736,12794,1.0,25:05,2015,2016
2015-16,203082,Terrence Ross,Terrence,1610612761,TOR,Toronto Raptors,21500936,2016-03-06T00:00:00,TOR vs. HOU,L,16.2,2.0,0.0,2.0,2.0,8.0,6.0,5.0,10.0,0.0,0.0,1.0,1.0,15.9,1,13074,13074,13074,18932,6026,10158,4675,12984,13914,13237,11593,20209,8004,1,4972,12373,14675,1.0,16:09,2015,2016
2015-16,203462,Archie Goodwin,Archie,1610612756,PHX,Phoenix Suns,21500932,2016-03-06T00:00:00,PHX @ MEM,W,20.5,0.0,0.0,2.0,4.0,9.0,6.0,10.0,14.0,0.0,0.0,1.0,2.0,13.2,1,1,1,1,15465,12059,10158,4675,8599,15771,13237,20169,17019,8004,1,4972,7786,16768,1.0,20:31,2015,2016
2015-16,201945,Gerald Henderson,Gerald,1610612757,POR,Portland Trail Blazers,21500934,2016-03-06T00:00:00,POR @ DET,L,21.7,0.0,0.0,0.0,4.0,3.0,9.0,2.0,12.0,0.0,0.0,2.0,0.0,13.0,1,13074,13074,13074,14438,12059,10158,9917,8599,5109,19144,4025,18637,8004,1,11390,18762,16969,1.0,21:42,2015,2016
2015-16,1897,Metta World Peace,Metta,1610612747,LAL,Los Angeles Lakers,21500931,2016-03-06T00:00:00,LAL vs. GSW,W,1.2,0.0,0.0,0.0,0.0,0.0,3.0,0.0,0.0,0.0,0.0,0.0,0.0,3.0,1,1,1,1,25793,12059,10158,9917,18861,1,7138,1,25429,8004,1,1,18762,23648,1.0,1:12,2015,2016
2015-16,1626253,Axel Toupane,Axel,1610612743,DEN,Denver Nuggets,21500933,2016-03-06T00:00:00,DEN vs. DAL,W,13.2,0.0,0.0,0.0,0.0,6.0,7.0,3.0,20.0,0.0,0.0,2.0,0.0,2.7,1,1,1,1,20894,12059,10158,9917,18861,10028,15642,7328,11929,8004,1,11390,18762,23884,1.0,13:09,2015,2016
2015-16,203382,Aron Baynes,Aron,1610612765,DET,Detroit Pistons,21500934,2016-03-06T00:00:00,DET vs. POR,W,20.1,0.0,0.0,0.0,2.0,5.0,0.0,4.0,20.0,0.0,0.0,3.0,0.0,5.6,1,1,1,1,15816,12059,10158,9917,12984,8403,1,8806,11929,8004,1,17641,18762,22133,1.0,20:07,2015,2016
2015-16,101123,Gerald Green,Gerald,1610612748,MIA,Miami Heat,21500935,2016-03-06T00:00:00,MIA vs. PHI,W,3.9,0.0,0.0,0.0,0.0,0.0,2.0,0.0,4.0,0.0,0.0,0.0,0.0,2.0,1,1,1,1,24760,12059,10158,9917,18861,1,3734,1,23698,8004,1,1,18762,24216,1.0,3:52,2015,2016
2015-16,203530,Joffrey Lauvergne,Joffrey,1610612743,DEN,Denver Nuggets,21500933,2016-03-06T00:00:00,DEN vs. DAL,W,14.2,0.0,2.0,0.0,2.0,4.0,4.0,3.0,16.0,0.0,0.0,5.0,1.0,5.8,1,1,1,1,20287,12059,4731,9917,12984,6141,8458,7328,15259,8004,1,24686,12373,22018,1.0,14:12,2015,2016
2015-16,1891,Jason Terry,Jason,1610612745,HOU,Houston Rockets,21500936,2016-03-06T00:00:00,HOU @ TOR,W,14.7,0.0,0.0,0.0,0.0,5.0,4.0,7.0,10.0,0.0,0.0,0.0,0.0,6.0,1,1,1,1,19981,12059,10158,9917,18861,8403,8458,15538,20209,8004,1,1,18762,21878,1.0,14:40,2015,2016
2015-16,1626185,Jarell Martin,Jarell,1610612763,MEM,Memphis Grizzlies,21500932,2016-03-06T00:00:00,MEM vs. PHX,L,6.5,0.0,0.0,0.0,0.0,5.0,0.0,5.0,2.0,0.0,0.0,2.0,0.0,1.4,1,13074,13074,13074,23738,12059,10158,9917,18861,8403,1,11593,24614,8004,1,11390,18762,24615,1.0,6:32,2015,2016
2015-16,1626149,Montrezl Harrell,Montrezl,1610612745,HOU,Houston Rockets,21500936,2016-03-06T00:00:00,HOU @ TOR,W,4.1,0.0,0.0,0.0,0.0,2.0,0.0,2.0,4.0,0.0,0.0,1.0,0.0,1.2,1,1,1,1,24671,12059,10158,9917,18861,2619,1,4025,23698,8004,1,4972,18762,24661,1.0,4:07,2015,2016
2015-16,2760,Anderson Varejao,Anderson,1610612744,GSW,Golden State Warriors,21500931,2016-03-06T00:00:00,GSW @ LAL,L,11.4,0.0,2.0,0.0,4.0,2.0,5.0,5.0,10.0,0.0,0.0,2.0,1.0,11.4,1,13074,13074,13074,21858,12059,4731,9917,8599,2619,11469,11593,20209,8004,1,11390,12373,18134,1.0,11:26,2015,2016
2015-16,203515,Phil Pressey,Phil,1610612756,PHX,Phoenix Suns,21500932,2016-03-06T00:00:00,PHX @ MEM,W,4.7,0.0,0.0,0.0,0.0,0.0,0.0,0.0,4.0,0.0,0.0,1.0,0.0,1.5,1,1,1,1,24471,12059,10158,9917,18861,1,1,1,23698,8004,1,4972,18762,24473,1.0,4:41,2015,2016
2015-16,2549,Chris Kaman,Chris,1610612757,POR,Portland Trail Blazers,21500934,2016-03-06T00:00:00,POR @ DET,L,2.9,0.0,0.0,0.0,0.0,0.0,0.0,0.0,2.0,0.0,0.0,0.0,0.0,5.7,1,13074,13074,13074,25163,12059,10158,9917,18861,1,1,1,24614,8004,1,1,18762,22054,1.0,2:54,2015,2016
2015-16,202334,Ed Davis,Ed,1610612757,POR,Portland Trail Blazers,21500934,2016-03-06T00:00:00,POR @ DET,L,8.5,0.0,0.0,0.0,0.0,3.0,2.0,2.0,4.0,0.0,0.0,1.0,0.0,5.4,1,13074,13074,13074,23019,12059,10158,9917,18861,5109,3734,4025,23698,8004,1,4972,18762,22242,1.0,8:31,2015,2016
2015-16,202687,Bismack Biyombo,Bismack,1610612761,TOR,Toronto Raptors,21500936,2016-03-06T00:00:00,TOR vs. HOU,L,19.8,0.0,2.0,0.0,2.0,8.0,3.0,4.0,10.0,0.0,0.0,2.0,0.0,10.9,1,13074,13074,13074,16069,12059,4731,9917,12984,13914,7138,8806,20209,8004,1,11390,18762,18498,1.0,19:48,2015,2016
2015-16,2037,Jamal Crawford,Jamal,1610612746,LAC,LA Clippers,21500929,2016-03-05T00:00:00,LAC vs. ATL,L,28.6,5.0,0.0,3.0,4.0,7.0,6.0,8.0,26.0,0.0,1.0,1.0,1.0,11.1,1,13074,13074,13074,8743,1603,10158,3302,8599,12242,13237,17194,7214,8004,17214,4972,12373,18370,1.0,28:36,2015,2016
2015-16,203200,Justin Holiday,Justin,1610612741,CHI,Chicago Bulls,21500927,2016-03-05T00:00:00,CHI vs. HOU,W,4.0,0.0,0.0,0.0,0.0,3.0,2.0,5.0,6.0,0.0,0.0,0.0,0.0,1.2,1,1,1,1,24704,12059,10158,9917,18861,5109,3734,11593,22724,8004,1,1,18762,24661,1.0,4:00,2015,2016
2015-16,202388,Donald Sloan,Donald,1610612751,BKN,Brooklyn Nets,21500926,2016-03-05T00:00:00,BKN @ MIN,L,14.2,0.0,3.0,0.0,4.0,13.0,4.0,12.0,22.0,0.0,0.0,3.0,1.0,6.0,1,13074,13074,13074,20260,12059,3104,9917,8599,21300,8458,22259,10265,8004,1,17641,12373,21878,1.0,14:14,2015,2016
2015-16,1626161,Willie Cauley-Stein,Willie,1610612758,SAC,Sacramento Kings,21500928,2016-03-05T00:00:00,SAC @ SAS,L,11.5,1.0,0.0,1.0,0.0,5.0,6.0,0.0,10.0,0.0,0.0,2.0,1.0,1.0,1,13074,13074,13074,21803,11535,10158,9347,18861,8403,13237,1,20209,8004,1,11390,12373,24960,1.0,11:32,2015,2016
2015-16,202700,Donatas Motiejunas,Donatas,1610612745,HOU,Houston Rockets,21500927,2016-03-05T00:00:00,HOU @ CHI,L,14.2,0.0,0.0,0.0,2.0,10.0,4.0,5.0,12.0,0.0,0.0,4.0,1.0,11.1,1,13074,13074,13074,20287,12059,10158,9917,12984,17370,8458,11593,18637,8004,1,22104,12373,18370,1.0,14:12,2015,2016
2015-16,202087,Alonzo Gee,Alonzo,1610612740,NOP,New Orleans Pelicans,21500925,2016-03-05T00:00:00,NOP vs. UTA,L,17.9,2.0,2.0,2.0,4.0,4.0,2.0,6.0,18.0,0.0,0.0,3.0,1.0,10.9,1,13074,13074,13074,17631,6026,4731,4675,8599,6141,3734,13388,13577,8004,1,17641,12373,18498,1.0,17:51,2015,2016
2015-16,201196,Ramon Sessions,Ramon,1610612764,WAS,Washington Wizards,21500924,2016-03-05T00:00:00,WAS vs. IND,L,10.9,0.0,2.0,0.0,0.0,4.0,2.0,0.0,12.0,0.0,0.0,1.0,3.0,2.0,1,13074,13074,13074,22062,12059,4731,9917,18861,6141,3734,1,18637,8004,1,4972,4736,24216,1.0,10:56,2015,2016
2015-16,1626168,Trey Lyles,Trey,1610612762,UTA,Utah Jazz,21500925,2016-03-05T00:00:00,UTA @ NOP,W,6.2,0.0,0.0,0.0,0.0,4.0,5.0,2.0,8.0,0.0,0.0,0.0,2.0,1.0,1,1,1,1,23882,12059,10158,9917,18861,6141,11469,4025,21543,8004,1,1,7786,24960,1.0,6:11,2015,2016
2015-16,1626171,Bobby Portis,Bobby,1610612741,CHI,Chicago Bulls,21500927,2016-03-05T00:00:00,CHI vs. HOU,W,4.2,0.0,0.0,0.0,0.0,4.0,4.0,4.0,10.0,0.0,0.0,1.0,1.0,1.7,1,1,1,1,24648,12059,10158,9917,18861,6141,8458,8806,20209,8004,1,4972,12373,24436,1.0,4:10,2015,2016
2015-16,200755,JJ Redick,JJ,1610612746,LAC,LA Clippers,21500929,2016-03-05T00:00:00,LAC vs. ATL,L,30.0,0.0,0.0,0.0,0.0,9.0,20.0,8.0,34.0,0.0,2.0,2.0,0.0,10.9,1,13074,13074,13074,7555,12059,10158,9917,18861,15771,25875,17194,2701,8004,23588,11390,18762,18498,1.0,29:59,2015,2016
2015-16,201619,Sasha Kaun,Sasha,1610612739,CLE,Cleveland Cavaliers,21500922,2016-03-05T00:00:00,CLE vs. BOS,W,1.4,2.0,0.0,0.0,2.0,0.0,0.0,0.0,0.0,0.0,0.0,0.0,0.0,2.0,1,1,1,1,25723,6026,10158,9917,12984,1,1,1,25429,8004,1,1,18762,24216,1.0,1:26,2015,2016
2015-16,1626170,Jerian Grant,Jerian,1610612752,NYK,New York Knicks,21500923,2016-03-05T00:00:00,NYK vs. DET,W,16.9,0.0,0.0,0.0,0.0,3.0,9.0,0.0,8.0,0.0,0.0,0.0,1.0,9.2,1,1,1,1,18358,12059,10158,9917,18861,5109,19144,1,21543,8004,1,1,12373,19680,1.0,16:53,2015,2016
2015-16,204038,Langston Galloway,Langston,1610612752,NYK,New York Knicks,21500923,2016-03-05T00:00:00,NYK vs. DET,W,13.9,0.0,0.0,2.0,0.0,0.0,9.0,0.0,10.0,0.0,0.0,0.0,2.0,6.9,1,1,1,1,20466,12059,10158,4675,18861,1,19144,1,20209,8004,1,1,7786,21262,1.0,13:54,2015,2016
2015-16,201973,Jonas Jerebko,Jonas,1610612738,BOS,Boston Celtics,21500922,2016-03-05T00:00:00,BOS @ CLE,L,15.2,0.0,0.0,0.0,0.0,12.0,13.0,8.0,20.0,0.0,0.0,3.0,2.0,9.4,1,13074,13074,13074,19639,12059,10158,9917,18861,20178,23668,17194,11929,8004,1,17641,7786,19568,1.0,15:10,2015,2016
2015-16,2570,Kendrick Perkins,Kendrick,1610612740,NOP,New Orleans Pelicans,21500925,2016-03-05T00:00:00,NOP vs. UTA,L,13.0,0.0,0.0,0.0,2.0,4.0,2.0,6.0,18.0,0.0,1.0,2.0,1.0,7.0,1,13074,13074,13074,20974,12059,10158,9917,12984,6141,3734,13388,13577,8004,17214,11390,12373,21188,1.0,13:00,2015,2016
2015-16,201563,Michael Beasley,Michael,1610612745,HOU,Houston Rockets,21500927,2016-03-05T00:00:00,HOU @ CHI,L,4.3,0.0,2.0,0.0,0.0,3.0,0.0,2.0,4.0,0.0,0.0,1.0,0.0,3.5,1,13074,13074,13074,24625,12059,4731,9917,18861,5109,1,4025,23698,8004,1,4972,18762,23351,1.0,4:16,2015,2016
2015-16,203895,Jordan McRae,Jordan,1610612739,CLE,Cleveland Cavaliers,21500922,2016-03-05T00:00:00,CLE vs. BOS,W,1.4,0.0,0.0,0.0,0.0,0.0,0.0,0.0,0.0,0.0,0.0,0.0,0.0,0.0,1,1,1,1,25723,12059,10158,9917,18861,1,1,1,25429,8004,1,1,18762,25170,1.0,1:26,2015,2016
2015-16,1626149,Montrezl Harrell,Montrezl,1610612745,HOU,Houston Rockets,21500927,2016-03-05T00:00:00,HOU @ CHI,L,12.7,0.0,2.0,2.0,2.0,7.0,2.0,7.0,10.0,0.0,0.0,0.0,2.0,4.4,1,13074,13074,13074,21161,12059,4731,4675,12984,12242,3734,15538,20209,8004,1,1,7786,22837,1.0,12:40,2015,2016
2015-16,203118,Mike Scott,Mike,1610612737,ATL,Atlanta Hawks,21500929,2016-03-05T00:00:00,ATL @ LAC,W,13.5,0.0,0.0,0.0,2.0,2.0,0.0,3.0,4.0,0.0,0.0,0.0,0.0,6.7,1,1,1,1,20685,12059,10158,9917,12984,2619,1,7328,23698,8004,1,1,18762,21376,1.0,13:32,2015,2016
2015-16,2743,Kris Humphries,Kris,1610612737,ATL,Atlanta Hawks,21500929,2016-03-05T00:00:00,ATL @ LAC,W,13.5,0.0,0.0,0.0,2.0,4.0,1.0,7.0,10.0,0.0,1.0,6.0,0.0,6.7,1,1,1,1,20715,12059,10158,9917,12984,6141,3393,15538,20209,8004,17214,25827,18762,21376,1.0,13:29,2015,2016
2015-16,203526,Raul Neto,Raul,1610612762,UTA,Utah Jazz,21500925,2016-03-05T00:00:00,UTA @ NOP,W,16.4,0.0,2.0,0.0,0.0,0.0,8.0,2.0,10.0,0.0,2.0,2.0,4.0,8.7,1,1,1,1,18749,12059,4731,9917,18861,1,17345,4025,20209,8004,23588,11390,2748,20045,1.0,16:23,2015,2016
2015-16,2446,Rasual Butler,Rasual,1610612759,SAS,San Antonio Spurs,21500928,2016-03-05T00:00:00,SAS vs. SAC,W,1.1,0.0,0.0,0.0,0.0,2.0,0.0,2.0,2.0,0.0,0.0,0.0,0.0,0.0,1,1,1,1,25835,12059,10158,9917,18861,2619,1,4025,24614,8004,1,1,18762,25170,1.0,1:08,2015,2016
2015-16,203501,Tim Hardaway Jr.,Tim,1610612737,ATL,Atlanta Hawks,21500929,2016-03-05T00:00:00,ATL @ LAC,W,8.0,0.0,0.0,0.0,0.0,4.0,0.0,2.0,8.0,0.0,1.0,0.0,1.0,3.5,1,1,1,1,23205,12059,10158,9917,18861,6141,1,4025,21543,8004,17214,1,12373,23351,1.0,7:57,2015,2016
2015-16,203923,James Young,James,1610612738,BOS,Boston Celtics,21500922,2016-03-05T00:00:00,BOS @ CLE,L,1.4,0.0,0.0,0.0,0.0,2.0,0.0,0.0,2.0,0.0,0.0,0.0,0.0,0.0,1,13074,13074,13074,25723,12059,10158,9917,18861,2619,1,1,24614,8004,1,1,18762,25170,1.0,1:26,2015,2016
2015-16,203463,Ben McLemore,Ben,1610612758,SAC,Sacramento Kings,21500928,2016-03-05T00:00:00,SAC @ SAS,L,14.6,0.0,0.0,0.0,2.0,13.0,2.0,7.0,14.0,0.0,0.0,1.0,0.0,4.4,1,13074,13074,13074,20010,12059,10158,9917,12984,21300,3734,15538,17019,8004,1,4972,18762,22837,1.0,14:38,2015,2016
2015-16,1626167,Myles Turner,Myles,1610612754,IND,Indiana Pacers,21500924,2016-03-05T00:00:00,IND @ WAS,W,24.8,0.0,2.0,0.0,4.0,5.0,4.0,9.0,26.0,0.0,0.0,1.0,0.0,8.8,1,1,1,1,11878,12059,4731,9917,8599,8403,8458,18829,7214,8004,1,4972,18762,19994,1.0,24:45,2015,2016
2015-16,203508,Sergey Karasev,Sergey,1610612751,BKN,Brooklyn Nets,21500926,2016-03-05T00:00:00,BKN @ MIN,L,5.6,0.0,0.0,0.0,0.0,0.0,4.0,0.0,8.0,0.0,0.0,1.0,1.0,0.0,1,13074,13074,13074,24140,12059,10158,9917,18861,1,8458,1,21543,8004,1,4972,12373,25170,1.0,5:36,2015,2016
2015-16,2419,Tayshaun Prince,Tayshaun,1610612750,MIN,Minnesota Timberwolves,21500926,2016-03-05T00:00:00,MIN vs. BKN,W,13.2,0.0,0.0,0.0,0.0,9.0,9.0,8.0,22.0,1.0,0.0,2.0,0.0,4.5,1,1,1,1,20874,12059,10158,9917,18861,15771,19144,17194,10265,2692,1,11390,18762,22773,1.0,13:11,2015,2016
2015-16,2210,Richard Jefferson,Richard,1610612739,CLE,Cleveland Cavaliers,21500922,2016-03-05T00:00:00,CLE vs. BOS,W,5.7,0.0,0.0,0.0,2.0,2.0,0.0,0.0,0.0,0.0,0.0,0.0,0.0,4.9,1,1,1,1,24102,12059,10158,9917,12984,2619,1,1,25429,8004,1,1,18762,22621,1.0,5:41,2015,2016
2015-16,1626179,Terry Rozier,Terry,1610612738,BOS,Boston Celtics,21500922,2016-03-05T00:00:00,BOS @ CLE,L,1.4,0.0,0.0,0.0,0.0,2.0,0.0,0.0,2.0,0.0,0.0,0.0,0.0,0.0,1,13074,13074,13074,25723,12059,10158,9917,18861,2619,1,1,24614,8004,1,1,18762,25170,1.0,1:26,2015,2016
2015-16,202712,Justin Harper,Justin,1610612765,DET,Detroit Pistons,21500923,2016-03-05T00:00:00,DET @ NYK,L,11.2,0.0,0.0,0.0,0.0,3.0,2.0,4.0,12.0,0.0,0.0,2.0,0.0,0.0,1,13074,13074,13074,21925,12059,10158,9917,18861,5109,3734,8806,18637,8004,1,11390,18762,25170,1.0,11:14,2015,2016
2015-16,203382,Aron Baynes,Aron,1610612765,DET,Detroit Pistons,21500923,2016-03-05T00:00:00,DET @ NYK,L,11.9,2.0,4.0,0.0,6.0,4.0,2.0,2.0,6.0,0.0,1.0,1.0,0.0,8.6,1,13074,13074,13074,21621,6026,1596,9917,5299,6141,3734,4025,22724,8004,17214,4972,18762,20125,1.0,11:56,2015,2016
2015-16,201961,Wayne Ellington,Wayne,1610612751,BKN,Brooklyn Nets,21500926,2016-03-05T00:00:00,BKN @ MIN,L,19.4,3.0,0.0,0.0,4.0,21.0,4.0,16.0,28.0,0.0,1.0,0.0,0.0,9.0,1,13074,13074,13074,16387,4307,10158,9917,8599,25535,8458,24641,5824,8004,17214,1,18762,19835,1.0,19:24,2015,2016
2015-16,204014,Damjan Rudez,Damjan,1610612750,MIN,Minnesota Timberwolves,21500926,2016-03-05T00:00:00,MIN vs. BKN,W,1.5,0.0,0.0,0.0,0.0,0.0,2.0,0.0,6.0,0.0,0.0,0.0,0.0,0.0,1,1,1,1,25692,12059,10158,9917,18861,1,3734,1,22724,8004,1,1,18762,25170,1.0,1:31,2015,2016
2015-16,203143,Pablo Prigioni,Pablo,1610612746,LAC,LA Clippers,21500929,2016-03-05T00:00:00,LAC vs. ATL,L,11.0,0.0,0.0,0.0,0.0,2.0,0.0,5.0,6.0,0.0,0.0,1.0,0.0,6.5,1,13074,13074,13074,22037,12059,10158,9917,18861,2619,1,11593,22724,8004,1,4972,18762,21519,1.0,10:59,2015,2016
2015-16,202337,Luke Babbitt,Luke,1610612740,NOP,New Orleans Pelicans,21500925,2016-03-05T00:00:00,NOP vs. UTA,L,0.5,0.0,0.0,0.0,0.0,0.0,0.0,0.0,0.0,0.0,0.0,0.0,0.0,0.0,1,13074,13074,13074,25970,12059,10158,9917,18861,1,1,1,25429,8004,1,1,18762,25170,1.0,0:31,2015,2016
2015-16,203935,Marcus Smart,Marcus,1610612738,BOS,Boston Celtics,21500922,2016-03-05T00:00:00,BOS @ CLE,L,20.9,0.0,0.0,0.0,0.0,17.0,17.0,8.0,20.0,0.0,0.0,5.0,1.0,4.6,1,13074,13074,13074,15109,12059,10158,9917,18861,24337,25429,17194,11929,8004,1,24686,12373,22734,1.0,20:56,2015,2016
2015-16,203613,Jonathon Simmons,Jonathon,1610612759,SAS,San Antonio Spurs,21500928,2016-03-05T00:00:00,SAS vs. SAC,W,14.6,0.0,0.0,0.0,0.0,9.0,5.0,6.0,24.0,0.0,0.0,2.0,0.0,5.4,1,1,1,1,20059,12059,10158,9917,18861,15771,11469,13388,8723,8004,1,11390,18762,22242,1.0,14:34,2015,2016
2015-16,1626175,Jordan Mickey,Jordan,1610612738,BOS,Boston Celtics,21500922,2016-03-05T00:00:00,BOS @ CLE,L,1.4,0.0,0.0,0.0,0.0,2.0,0.0,0.0,2.0,0.0,0.0,0.0,0.0,0.0,1,13074,13074,13074,25723,12059,10158,9917,18861,2619,1,1,24614,8004,1,1,18762,25170,1.0,1:26,2015,2016
2015-16,2756,Sasha Vujacic,Sasha,1610612752,NYK,New York Knicks,21500923,2016-03-05T00:00:00,NYK vs. DET,W,1.0,0.0,0.0,0.0,0.0,0.0,2.0,0.0,2.0,0.0,0.0,0.0,0.0,0.0,1,1,1,1,25862,12059,10158,9917,18861,1,3734,1,24614,8004,1,1,18762,25170,1.0,1:02,2015,2016
2015-16,1626191,Chris McCullough,Chris,1610612751,BKN,Brooklyn Nets,21500926,2016-03-05T00:00:00,BKN @ MIN,L,15.9,0.0,2.0,0.0,0.0,0.0,2.0,0.0,8.0,0.0,0.0,2.0,1.0,9.5,1,13074,13074,13074,19151,12059,4731,9917,18861,1,3734,1,21543,8004,1,11390,12373,19519,1.0,15:51,2015,2016
2015-16,203080,Thomas Robinson,Thomas,1610612751,BKN,Brooklyn Nets,21500926,2016-03-05T00:00:00,BKN @ MIN,L,40.5,7.0,6.0,4.0,14.0,25.0,8.0,19.0,48.0,0.0,1.0,4.0,9.0,51.9,1,13074,13074,13074,610,548,481,1913,542,25944,17345,25435,192,8004,17214,22104,138,576,1.0,40:27,2015,2016
2015-16,201588,George Hill,George,1610612754,IND,Indiana Pacers,21500924,2016-03-05T00:00:00,IND @ WAS,W,31.9,3.0,0.0,2.0,2.0,11.0,10.0,7.0,24.0,1.0,0.0,3.0,3.0,24.1,1,1,1,1,5994,4307,10158,4675,12984,18886,20509,15538,8723,2692,1,17641,4736,9068,1.0,31:53,2015,2016
2015-16,202695,Kawhi Leonard,Kawhi,1610612759,SAS,San Antonio Spurs,21500928,2016-03-05T00:00:00,SAS vs. SAC,W,36.4,4.0,2.0,5.0,14.0,17.0,9.0,20.0,46.0,1.0,2.0,1.0,5.0,51.6,1,1,1,1,2493,2460,4731,1277,542,24337,19144,25599,298,2692,23588,4972,1539,604,1.0,36:23,2015,2016
2015-16,201935,James Harden,James,1610612745,HOU,Houston Rockets,21500927,2016-03-05T00:00:00,HOU @ CHI,L,39.8,4.0,0.0,6.0,10.0,15.0,8.0,24.0,38.0,0.0,1.0,5.0,8.0,45.0,1,13074,13074,13074,792,2460,10158,740,1840,23079,17345,25937,1422,8004,17214,24686,254,1357,1.0,39:48,2015,2016
2015-16,1626157,Karl-Anthony Towns,Karl-Anthony,1610612750,MIN,Minnesota Timberwolves,21500926,2016-03-05T00:00:00,MIN vs. BKN,W,38.4,4.0,4.0,0.0,16.0,15.0,17.0,9.0,44.0,3.0,1.0,4.0,2.0,56.7,1,1,1,1,1349,2460,1596,9917,275,23079,25429,18829,454,347,17214,22104,7786,327,1.0,38:21,2015,2016
2015-16,201937,Ricky Rubio,Ricky,1610612750,MIN,Minnesota Timberwolves,21500926,2016-03-05T00:00:00,MIN vs. BKN,W,32.2,2.0,0.0,4.0,6.0,10.0,18.0,4.0,38.0,0.0,0.0,4.0,8.0,44.4,1,1,1,1,5707,6026,10158,1913,5299,17370,25634,8806,1422,8004,1,22104,254,1474,1.0,32:13,2015,2016
2015-16,2730,Dwight Howard,Dwight,1610612745,HOU,Houston Rockets,21500927,2016-03-05T00:00:00,HOU @ CHI,L,33.7,3.0,2.0,2.0,4.0,14.0,4.0,18.0,26.0,0.0,1.0,6.0,4.0,24.9,1,13074,13074,13074,4602,4307,4731,4675,8599,22292,8458,25228,7214,8004,17214,25827,2748,8553,1.0,33:42,2015,2016
2015-16,203096,Jared Sullinger,Jared,1610612738,BOS,Boston Celtics,21500922,2016-03-05T00:00:00,BOS @ CLE,L,31.2,2.0,10.0,0.0,10.0,18.0,18.0,4.0,32.0,0.0,1.0,4.0,2.0,37.1,1,13074,13074,13074,6585,6026,34,9917,1840,24749,25634,8806,3535,8004,17214,22104,7786,3151,1.0,31:11,2015,2016
2015-16,202331,Paul George,Paul,1610612754,IND,Indiana Pacers,21500924,2016-03-05T00:00:00,IND @ WAS,W,38.2,4.0,0.0,0.0,8.0,9.0,6.0,17.0,36.0,0.0,1.0,3.0,9.0,48.2,1,1,1,1,1437,2460,10158,9917,3109,15771,13237,24967,1943,8004,17214,17641,138,941,1.0,38:10,2015,2016
2015-16,2561,David West,David,1610612759,SAS,San Antonio Spurs,21500928,2016-03-05T00:00:00,SAS vs. SAC,W,26.9,3.0,0.0,0.0,2.0,14.0,4.0,9.0,26.0,0.0,0.0,6.0,2.0,24.1,1,1,1,1,10065,4307,10158,9917,12984,22292,8458,18829,7214,8004,1,25827,7786,9068,1.0,26:56,2015,2016
2015-16,202326,DeMarcus Cousins,DeMarcus,1610612758,SAC,Sacramento Kings,21500928,2016-03-05T00:00:00,SAC @ SAS,L,36.2,4.0,5.0,6.0,18.0,22.0,10.0,9.0,40.0,0.0,1.0,5.0,13.0,45.3,1,13074,13074,13074,2629,2460,995,740,131,25683,20509,18829,983,8004,17214,24686,14,1310,1.0,36:11,2015,2016
2015-16,202322,John Wall,John,1610612764,WAS,Washington Wizards,21500924,2016-03-05T00:00:00,WAS vs. IND,L,39.3,5.0,0.0,7.0,10.0,19.0,6.0,4.0,30.0,0.0,3.0,3.0,8.0,49.2,1,13074,13074,13074,936,1603,10158,454,1840,25074,13237,8806,4541,8004,25441,17641,254,842,1.0,39:20,2015,2016
2015-16,202710,Jimmy Butler III,Jimmy,1610612741,CHI,Chicago Bulls,21500927,2016-03-05T00:00:00,CHI vs. HOU,W,34.0,5.0,0.0,9.0,10.0,12.0,8.0,11.0,28.0,0.0,1.0,6.0,7.0,44.2,1,1,1,1,4381,1603,10158,184,1840,20178,17345,21342,5824,8004,17214,25827,469,1515,1.0,33:58,2015,2016
2015-16,2564,Boris Diaw,Boris,1610612759,SAS,San Antonio Spurs,21500928,2016-03-05T00:00:00,SAS vs. SAC,W,30.3,0.0,3.0,2.0,8.0,23.0,7.0,24.0,42.0,2.0,0.0,4.0,1.0,29.6,1,1,1,1,7243,12059,3104,4675,3109,25803,15642,25937,670,932,1,22104,12373,6050,1.0,30:20,2015,2016
2015-16,201959,Taj Gibson,Taj,1610612741,CHI,Chicago Bulls,21500927,2016-03-05T00:00:00,CHI vs. HOU,W,37.8,0.0,2.0,0.0,4.0,14.0,8.0,14.0,28.0,1.0,0.0,0.0,1.0,24.4,1,1,1,1,1606,12059,4731,9917,8599,22292,17345,23710,5824,2692,1,1,12373,8867,1.0,37:48,2015,2016
2015-16,101162,Marcin Gortat,Marcin,1610612764,WAS,Washington Wizards,21500924,2016-03-05T00:00:00,WAS vs. IND,L,33.4,2.0,2.0,0.0,6.0,13.0,4.0,4.0,28.0,4.0,0.0,1.0,5.0,45.4,1,13074,13074,13074,4836,6026,4731,9917,5299,21300,8458,8806,5824,132,1,4972,1539,1291,1.0,33:23,2015,2016
2015-16,201976,Patrick Beverley,Patrick,1610612745,HOU,Houston Rockets,21500927,2016-03-05T00:00:00,HOU @ CHI,L,31.3,5.0,0.0,0.0,4.0,10.0,6.0,9.0,22.0,0.0,1.0,3.0,2.0,29.4,1,13074,13074,13074,6453,1603,10158,9917,8599,17370,13237,18829,10265,8004,17214,17641,7786,6143,1.0,31:20,2015,2016
2015-16,2546,Carmelo Anthony,Carmelo,1610612752,NYK,New York Knicks,21500923,2016-03-05T00:00:00,NYK vs. DET,W,40.8,2.0,0.0,0.0,6.0,5.0,14.0,7.0,46.0,1.0,0.0,2.0,3.0,49.0,1,1,1,1,526,6026,10158,9917,5299,8403,24300,15538,298,2692,1,11390,4736,862,1.0,40:48,2015,2016
2015-16,200794,Paul Millsap,Paul,1610612737,ATL,Atlanta Hawks,21500929,2016-03-05T00:00:00,ATL @ LAC,W,37.2,2.0,8.0,3.0,14.0,14.0,7.0,12.0,30.0,0.0,3.0,3.0,6.0,55.1,1,1,1,1,1948,6026,137,3302,542,22292,15642,22259,4541,8004,25441,17641,873,391,1.0,37:14,2015,2016
2015-16,203076,Anthony Davis,Anthony,1610612740,NOP,New Orleans Pelicans,21500925,2016-03-05T00:00:00,NOP vs. UTA,L,35.4,4.0,2.0,0.0,14.0,4.0,2.0,2.0,30.0,2.0,4.0,4.0,6.0,53.2,1,13074,13074,13074,3236,2460,4731,9917,542,6141,3734,4025,4541,932,25926,22104,873,508,1.0,35:23,2015,2016
2015-16,2544,LeBron James,LeBron,1610612739,CLE,Cleveland Cavaliers,21500922,2016-03-05T00:00:00,CLE vs. BOS,W,36.0,8.0,8.0,2.0,16.0,13.0,15.0,6.0,32.0,1.0,1.0,2.0,6.0,58.2,1,1,1,1,2759,308,137,4675,275,21300,24781,13388,3535,2692,17214,11390,873,262,1.0,36:00,2015,2016
2015-16,202330,Gordon Hayward,Gordon,1610612762,UTA,Utah Jazz,21500925,2016-03-05T00:00:00,UTA @ NOP,W,37.2,0.0,0.0,4.0,8.0,15.0,12.0,2.0,34.0,0.0,0.0,1.0,6.0,37.0,1,1,1,1,1992,12059,10158,1913,3109,23079,22832,4025,2701,8004,1,4972,873,3182,1.0,37:09,2015,2016
2015-16,202324,Derrick Favors,Derrick,1610612762,UTA,Utah Jazz,21500925,2016-03-05T00:00:00,UTA @ NOP,W,35.4,4.0,2.0,0.0,16.0,15.0,6.0,4.0,36.0,6.0,1.0,1.0,5.0,63.7,1,1,1,1,3208,2460,4731,9917,275,23079,13237,8806,1943,19,17214,4972,1539,108,1.0,35:25,2015,2016
2015-16,201599,DeAndre Jordan,DeAndre,1610612746,LAC,LA Clippers,21500929,2016-03-05T00:00:00,LAC vs. ATL,L,33.3,4.0,5.0,0.0,10.0,11.0,18.0,8.0,36.0,5.0,0.0,2.0,13.0,57.2,1,13074,13074,13074,4914,2460,995,9917,1840,18886,25634,17194,1943,59,1,11390,14,306,1.0,33:16,2015,2016
2015-16,2200,Pau Gasol,Pau,1610612741,CHI,Chicago Bulls,21500927,2016-03-05T00:00:00,CHI vs. HOU,W,38.3,5.0,4.0,2.0,8.0,19.0,8.0,15.0,28.0,2.0,2.0,2.0,11.0,61.4,1,1,1,1,1398,1603,1596,4675,3109,25074,17345,24242,5824,932,23588,11390,44,171,1.0,38:15,2015,2016
2015-16,2581,Steve Blake,Steve,1610612765,DET,Detroit Pistons,21500923,2016-03-05T00:00:00,DET @ NYK,L,19.7,0.0,3.0,0.0,2.0,6.0,4.0,2.0,12.0,0.0,0.0,1.0,0.0,19.8,1,13074,13074,13074,16171,12059,3104,9917,12984,10028,8458,4025,18637,8004,1,4972,18762,11883,1.0,19:41,2015,2016
2015-16,202962,Greg Smith,Greg,1610612750,MIN,Minnesota Timberwolves,21500926,2016-03-05T00:00:00,MIN vs. BKN,W,17.1,0.0,2.0,0.0,6.0,9.0,11.0,11.0,30.0,1.0,0.0,2.0,0.0,15.3,1,1,1,1,18210,12059,4731,9917,5299,15771,21814,21342,4541,2692,1,11390,18762,15150,1.0,17:05,2015,2016
2015-16,2225,Tony Parker,Tony,1610612759,SAS,San Antonio Spurs,21500928,2016-03-05T00:00:00,SAS vs. SAC,W,31.6,0.0,0.0,0.0,0.0,17.0,5.0,16.0,34.0,1.0,1.0,0.0,1.0,15.9,1,1,1,1,6193,12059,10158,9917,18861,24337,11469,24641,2701,2692,17214,1,12373,14675,1.0,31:38,2015,2016
2015-16,203952,Andrew Wiggins,Andrew,1610612750,MIN,Minnesota Timberwolves,21500926,2016-03-05T00:00:00,MIN vs. BKN,W,33.4,4.0,0.0,2.0,8.0,10.0,12.0,7.0,36.0,0.0,1.0,3.0,3.0,41.8,1,1,1,1,4825,2460,10158,4675,3109,17370,22832,15538,1943,8004,17214,17641,4736,1981,1.0,33:23,2015,2016
2015-16,202697,Iman Shumpert,Iman,1610612739,CLE,Cleveland Cavaliers,21500922,2016-03-05T00:00:00,CLE vs. BOS,W,34.7,3.0,0.0,2.0,2.0,6.0,4.0,4.0,18.0,0.0,0.0,5.0,1.0,41.2,1,1,1,1,3777,4307,10158,4675,12984,10028,8458,8806,13577,8004,1,24686,12373,2099,1.0,34:42,2015,2016
2015-16,203991,Clint Capela,Clint,1610612745,HOU,Houston Rockets,21500927,2016-03-05T00:00:00,HOU @ CHI,L,13.9,2.0,4.0,2.0,6.0,9.0,4.0,4.0,14.0,0.0,0.0,2.0,0.0,12.0,1,13074,13074,13074,20498,6026,1596,4675,5299,15771,8458,8806,17019,8004,1,11390,18762,17703,1.0,13:52,2015,2016
2015-16,201941,Jordan Hill,Jordan,1610612754,IND,Indiana Pacers,21500924,2016-03-05T00:00:00,IND @ WAS,W,17.1,2.0,4.0,0.0,6.0,5.0,4.0,7.0,14.0,0.0,0.0,5.0,1.0,15.8,1,1,1,1,18176,6026,1596,9917,5299,8403,8458,15538,17019,8004,1,24686,12373,14754,1.0,17:08,2015,2016
2015-16,201952,Jeff Teague,Jeff,1610612737,ATL,Atlanta Hawks,21500929,2016-03-05T00:00:00,ATL @ LAC,W,28.9,6.0,0.0,0.0,8.0,8.0,5.0,9.0,24.0,0.0,3.0,5.0,2.0,40.7,1,1,1,1,8485,878,10158,9917,3109,13914,11469,18829,8723,8004,25441,24686,7786,2199,1.0,28:51,2015,2016
2015-16,101145,Monta Ellis,Monta,1610612754,IND,Indiana Pacers,21500924,2016-03-05T00:00:00,IND @ WAS,W,38.2,6.0,0.0,2.0,8.0,9.0,6.0,17.0,36.0,0.0,1.0,2.0,3.0,42.2,1,1,1,1,1437,878,10158,4675,3109,15771,13237,24967,1943,8004,17214,11390,4736,1892,1.0,38:10,2015,2016
2015-16,203109,Jae Crowder,Jae,1610612738,BOS,Boston Celtics,21500922,2016-03-05T00:00:00,BOS @ CLE,L,36.9,2.0,0.0,2.0,2.0,16.0,19.0,4.0,38.0,1.0,2.0,3.0,3.0,31.3,1,13074,13074,13074,2117,6026,10158,4675,12984,23774,25786,8806,1422,2692,23588,17641,4736,5258,1.0,36:56,2015,2016
2015-16,203083,Andre Drummond,Andre,1610612765,DET,Detroit Pistons,21500923,2016-03-05T00:00:00,DET @ NYK,L,36.1,0.0,6.0,0.0,18.0,12.0,7.0,6.0,40.0,0.0,2.0,3.0,2.0,41.2,1,13074,13074,13074,2697,12059,481,9917,131,20178,15642,13388,983,8004,23588,17641,7786,2099,1.0,36:04,2015,2016
2015-16,1626145,Tyus Jones,Tyus,1610612750,MIN,Minnesota Timberwolves,21500926,2016-03-05T00:00:00,MIN vs. BKN,W,15.8,0.0,0.0,0.0,2.0,9.0,6.0,11.0,24.0,0.0,1.0,3.0,0.0,12.2,1,1,1,1,19205,12059,10158,9917,12984,15771,13237,21342,8723,8004,17214,17641,18762,17566,1.0,15:47,2015,2016
2015-16,201600,Omer Asik,Omer,1610612740,NOP,New Orleans Pelicans,21500925,2016-03-05T00:00:00,NOP vs. UTA,L,24.8,0.0,2.0,0.0,2.0,4.0,0.0,0.0,22.0,1.0,0.0,2.0,4.0,15.7,1,13074,13074,13074,11871,12059,4731,9917,12984,6141,1,1,10265,2692,1,11390,2748,14841,1.0,24:46,2015,2016
2015-16,203490,Otto Porter Jr.,Otto,1610612764,WAS,Washington Wizards,21500924,2016-03-05T00:00:00,WAS vs. IND,L,19.5,0.0,4.0,0.0,6.0,9.0,0.0,2.0,10.0,0.0,0.0,4.0,1.0,11.6,1,13074,13074,13074,16294,12059,1596,9917,5299,15771,1,4025,20209,8004,1,22104,12373,17970,1.0,19:32,2015,2016
2015-16,203186,Willie Reed,Willie,1610612751,BKN,Brooklyn Nets,21500926,2016-03-05T00:00:00,BKN @ MIN,L,31.5,0.0,7.0,0.0,10.0,25.0,6.0,19.0,36.0,4.0,2.0,2.0,5.0,40.1,1,13074,13074,13074,6277,12059,292,9917,1840,25944,13237,25435,1943,132,23588,11390,1539,2345,1.0,31:33,2015,2016
2015-16,201565,Derrick Rose,Derrick,1610612741,CHI,Chicago Bulls,21500927,2016-03-05T00:00:00,CHI vs. HOU,W,29.3,5.0,0.0,4.0,6.0,18.0,8.0,12.0,24.0,1.0,0.0,1.0,4.0,31.1,1,1,1,1,8167,1603,10158,1913,5299,24749,17345,22259,8723,2692,1,4972,2748,5354,1.0,29:15,2015,2016
2015-16,203918,Rodney Hood,Rodney,1610612762,UTA,Utah Jazz,21500925,2016-03-05T00:00:00,UTA @ NOP,W,31.2,0.0,0.0,0.0,6.0,13.0,7.0,4.0,36.0,0.0,0.0,5.0,2.0,20.3,1,1,1,1,6550,12059,10158,9917,5299,21300,15642,8806,1943,8004,1,24686,7786,11534,1.0,31:13,2015,2016
2015-16,2399,Mike Dunleavy,Mike,1610612741,CHI,Chicago Bulls,21500927,2016-03-05T00:00:00,CHI vs. HOU,W,29.5,0.0,0.0,5.0,4.0,11.0,4.0,9.0,16.0,0.0,0.0,3.0,1.0,20.3,1,1,1,1,7988,12059,10158,1277,8599,18886,8458,18829,15259,8004,1,17641,12373,11534,1.0,29:29,2015,2016
2015-16,200757,Thabo Sefolosha,Thabo,1610612737,ATL,Atlanta Hawks,21500929,2016-03-05T00:00:00,ATL @ LAC,W,29.6,0.0,0.0,0.0,0.0,8.0,3.0,7.0,20.0,1.0,0.0,3.0,1.0,20.6,1,1,1,1,7922,12059,10158,9917,18861,13914,7138,15538,11929,2692,1,17641,12373,11314,1.0,29:33,2015,2016
2015-16,1626246,Boban Marjanović,Boban,1610612759,SAS,San Antonio Spurs,21500928,2016-03-05T00:00:00,SAS vs. SAC,W,18.6,6.0,3.0,0.0,6.0,15.0,2.0,13.0,22.0,0.0,1.0,2.0,4.0,20.3,1,1,1,1,17020,878,3104,9917,5299,23079,3734,23048,10265,8004,17214,11390,2748,11534,1.0,18:36,2015,2016
2015-16,2746,Josh Smith,Josh,1610612745,HOU,Houston Rockets,21500927,2016-03-05T00:00:00,HOU @ CHI,L,10.4,2.0,2.0,0.0,4.0,3.0,0.0,10.0,14.0,1.0,1.0,1.0,0.0,12.3,1,13074,13074,13074,22297,6026,4731,9917,8599,5109,1,20169,17019,2692,17214,4972,18762,17524,1.0,10:21,2015,2016
2015-16,202498,Lance Thomas,Lance,1610612752,NYK,New York Knicks,21500923,2016-03-05T00:00:00,NYK vs. DET,W,23.7,0.0,2.0,0.0,4.0,4.0,9.0,0.0,16.0,0.0,0.0,2.0,1.0,13.9,1,1,1,1,12837,12059,4731,9917,8599,6141,19144,1,15259,8004,1,11390,12373,16232,1.0,23:41,2015,2016
2015-16,202325,Wesley Johnson,Wesley,1610612746,LAC,LA Clippers,21500929,2016-03-05T00:00:00,LAC vs. ATL,L,17.4,0.0,0.0,2.0,0.0,4.0,2.0,5.0,18.0,1.0,0.0,4.0,1.0,13.7,1,13074,13074,13074,17999,12059,10158,4675,18861,6141,3734,11593,13577,2692,1,22104,12373,16393,1.0,17:22,2015,2016
2015-16,2747,JR Smith,JR,1610612739,CLE,Cleveland Cavaliers,21500922,2016-03-05T00:00:00,CLE vs. BOS,W,34.2,3.0,3.0,0.0,2.0,13.0,15.0,6.0,32.0,0.0,0.0,1.0,0.0,22.1,1,1,1,1,4170,4307,3104,9917,12984,21300,24781,13388,3535,8004,1,4972,18762,10332,1.0,34:13,2015,2016
2015-16,203497,Rudy Gobert,Rudy,1610612762,UTA,Utah Jazz,21500925,2016-03-05T00:00:00,UTA @ NOP,W,35.6,0.0,0.0,0.0,4.0,15.0,12.0,2.0,34.0,2.0,1.0,2.0,3.0,32.6,1,1,1,1,3079,12059,10158,9917,8599,23079,22832,4025,2701,932,17214,11390,4736,4687,1.0,35:35,2015,2016
2015-16,201145,Jeff Green,Jeff,1610612746,LAC,LA Clippers,21500929,2016-03-05T00:00:00,LAC vs. ATL,L,37.6,0.0,2.0,2.0,8.0,9.0,20.0,8.0,40.0,2.0,0.0,4.0,2.0,32.0,1,13074,13074,13074,1690,12059,4731,4675,3109,15771,25875,17194,983,932,1,22104,7786,4945,1.0,37:37,2015,2016
2015-16,201167,Arron Afflalo,Arron,1610612752,NYK,New York Knicks,21500923,2016-03-05T00:00:00,NYK vs. DET,W,42.3,3.0,1.0,0.0,6.0,7.0,11.0,7.0,46.0,0.0,0.0,1.0,3.0,31.9,1,1,1,1,277,4307,9709,9917,5299,12242,21814,15538,298,8004,1,4972,4736,4984,1.0,42:17,2015,2016
2015-16,203900,Markel Brown,Markel,1610612751,BKN,Brooklyn Nets,21500926,2016-03-05T00:00:00,BKN @ MIN,L,28.6,0.0,6.0,5.0,10.0,4.0,6.0,3.0,24.0,0.0,1.0,4.0,4.0,28.7,1,13074,13074,13074,8733,12059,481,1277,1840,6141,13237,7328,8723,8004,17214,22104,2748,6514,1.0,28:36,2015,2016
2015-16,202699,Tobias Harris,Tobias,1610612765,DET,Detroit Pistons,21500923,2016-03-05T00:00:00,DET @ NYK,L,36.0,1.0,2.0,3.0,12.0,12.0,7.0,6.0,40.0,0.0,1.0,3.0,5.0,28.1,1,13074,13074,13074,2735,11535,4731,3302,988,20178,15642,13388,983,8004,17214,17641,1539,6818,1.0,36:02,2015,2016
2015-16,202734,E'Twaun Moore,E'Twaun,1610612741,CHI,Chicago Bulls,21500927,2016-03-05T00:00:00,CHI vs. HOU,W,25.5,3.0,0.0,2.0,6.0,15.0,6.0,8.0,18.0,0.0,0.0,4.0,1.0,17.6,1,1,1,1,11289,4307,10158,4675,5299,23079,13237,17194,13577,8004,1,22104,12373,13443,1.0,25:30,2015,2016
2015-16,1891,Jason Terry,Jason,1610612745,HOU,Houston Rockets,21500927,2016-03-05T00:00:00,HOU @ CHI,L,16.7,0.0,0.0,0.0,0.0,13.0,2.0,15.0,20.0,1.0,0.0,1.0,0.0,13.7,1,13074,13074,13074,18519,12059,10158,9917,18861,21300,3734,24242,11929,2692,1,4972,18762,16393,1.0,16:41,2015,2016
2015-16,2594,Kyle Korver,Kyle,1610612737,ATL,Atlanta Hawks,21500929,2016-03-05T00:00:00,ATL @ LAC,W,27.7,0.0,0.0,3.0,2.0,9.0,4.0,7.0,18.0,0.0,0.0,5.0,0.0,17.7,1,1,1,1,9428,12059,10158,3302,12984,15771,8458,15538,13577,8004,1,24686,18762,13380,1.0,27:44,2015,2016
2015-16,2772,Trevor Ariza,Trevor,1610612745,HOU,Houston Rockets,21500927,2016-03-05T00:00:00,HOU @ CHI,L,39.5,4.0,0.0,2.0,4.0,19.0,4.0,20.0,32.0,1.0,0.0,1.0,1.0,33.1,1,13074,13074,13074,885,2460,10158,4675,8599,25074,8458,25599,3535,2692,1,4972,12373,4505,1.0,39:30,2015,2016
2015-16,202332,Cole Aldrich,Cole,1610612746,LAC,LA Clippers,21500929,2016-03-05T00:00:00,LAC vs. ATL,L,12.2,2.0,0.0,0.0,2.0,2.0,0.0,5.0,6.0,2.0,0.0,2.0,0.0,17.2,1,13074,13074,13074,21418,6026,10158,9917,12984,2619,1,11593,22724,932,1,11390,18762,13725,1.0,12:14,2015,2016
2015-16,203476,Gorgui Dieng,Gorgui,1610612750,MIN,Minnesota Timberwolves,21500926,2016-03-05T00:00:00,MIN vs. BKN,W,24.5,4.0,2.0,0.0,0.0,7.0,11.0,4.0,24.0,3.0,0.0,3.0,2.0,17.6,1,1,1,1,12162,2460,4731,9917,18861,12242,21814,8806,8723,347,1,17641,7786,13443,1.0,24:27,2015,2016
2015-16,203092,Tyler Zeller,Tyler,1610612738,BOS,Boston Celtics,21500922,2016-03-05T00:00:00,BOS @ CLE,L,16.8,0.0,2.0,0.0,2.0,11.0,7.0,10.0,20.0,0.0,0.0,1.0,2.0,13.6,1,13074,13074,13074,18400,12059,4731,9917,12984,18886,15642,20169,11929,8004,1,4972,7786,16460,1.0,16:50,2015,2016
2015-16,203124,Kyle O'Quinn,Kyle,1610612752,NYK,New York Knicks,21500923,2016-03-05T00:00:00,NYK vs. DET,W,15.8,2.0,2.0,0.0,4.0,2.0,9.0,0.0,10.0,3.0,0.0,2.0,1.0,21.8,1,1,1,1,19178,6026,4731,9917,8599,2619,19144,1,20209,347,1,11390,12373,10526,1.0,15:49,2015,2016
2015-16,202340,Avery Bradley,Avery,1610612738,BOS,Boston Celtics,21500922,2016-03-05T00:00:00,BOS @ CLE,L,37.1,0.0,0.0,0.0,0.0,24.0,15.0,14.0,40.0,0.0,0.0,2.0,1.0,22.3,1,13074,13074,13074,2027,12059,10158,9917,18861,25890,24781,23710,983,8004,1,11390,12373,10208,1.0,37:05,2015,2016
2015-16,101108,Chris Paul,Chris,1610612746,LAC,LA Clippers,21500929,2016-03-05T00:00:00,LAC vs. ATL,L,37.0,5.0,0.0,5.0,6.0,11.0,20.0,8.0,42.0,0.0,0.0,2.0,5.0,39.7,1,13074,13074,13074,2067,1603,10158,1277,5299,18886,25875,17194,670,8004,1,11390,1539,2451,1.0,37:01,2015,2016
2015-16,202714,Shelvin Mack,Shelvin,1610612762,UTA,Utah Jazz,21500925,2016-03-05T00:00:00,UTA @ NOP,W,31.6,2.0,0.0,2.0,6.0,17.0,6.0,2.0,34.0,0.0,1.0,2.0,2.0,22.6,1,1,1,1,6210,6026,10158,4675,5299,24337,13237,4025,2701,8004,17214,11390,7786,10000,1.0,31:37,2015,2016
2015-16,202681,Kyrie Irving,Kyrie,1610612739,CLE,Cleveland Cavaliers,21500922,2016-03-05T00:00:00,CLE vs. BOS,W,30.1,6.0,2.0,8.0,6.0,13.0,13.0,4.0,22.0,2.0,0.0,5.0,2.0,32.6,1,1,1,1,7422,878,4731,280,5299,21300,23668,8806,10265,932,1,24686,7786,4687,1.0,30:08,2015,2016
2015-16,203112,Quincy Acy,Quincy,1610612758,SAC,Sacramento Kings,21500928,2016-03-05T00:00:00,SAC @ SAS,L,30.7,7.0,2.0,2.0,10.0,17.0,3.0,9.0,26.0,0.0,0.0,4.0,1.0,27.9,1,13074,13074,13074,6984,548,4731,4675,1840,24337,7138,18829,7214,8004,1,22104,12373,6914,1.0,30:39,2015,2016
2015-16,203499,Shane Larkin,Shane,1610612751,BKN,Brooklyn Nets,21500926,2016-03-05T00:00:00,BKN @ MIN,L,33.8,0.0,0.0,0.0,12.0,12.0,6.0,7.0,30.0,0.0,1.0,4.0,3.0,27.9,1,13074,13074,13074,4537,12059,10158,9917,988,20178,13237,15538,4541,8004,17214,22104,4736,6914,1.0,33:46,2015,2016
2015-16,202738,Isaiah Thomas,Isaiah,1610612738,BOS,Boston Celtics,21500922,2016-03-05T00:00:00,BOS @ CLE,L,34.0,9.0,3.0,2.0,10.0,15.0,15.0,4.0,36.0,0.0,1.0,0.0,6.0,39.6,1,13074,13074,13074,4319,171,3104,4675,1840,23079,24781,8806,1943,8004,17214,1,873,2474,1.0,34:02,2015,2016
2015-16,200765,Rajon Rondo,Rajon,1610612758,SAC,Sacramento Kings,21500928,2016-03-05T00:00:00,SAC @ SAS,L,35.9,2.0,0.0,4.0,6.0,23.0,10.0,7.0,36.0,0.0,2.0,2.0,1.0,22.2,1,13074,13074,13074,2806,6026,10158,1913,5299,25803,20509,15538,1943,8004,23588,11390,12373,10263,1.0,35:56,2015,2016
2015-16,203897,Zach LaVine,Zach,1610612750,MIN,Minnesota Timberwolves,21500926,2016-03-05T00:00:00,MIN vs. BKN,W,36.8,9.0,0.0,11.0,8.0,10.0,17.0,9.0,42.0,0.0,0.0,1.0,1.0,32.0,1,1,1,1,2204,171,10158,69,3109,17370,25429,18829,670,8004,1,4972,12373,4945,1.0,36:49,2015,2016
2015-16,201950,Jrue Holiday,Jrue,1610612740,NOP,New Orleans Pelicans,21500925,2016-03-05T00:00:00,NOP vs. UTA,L,37.5,7.0,5.0,0.0,8.0,8.0,2.0,6.0,32.0,0.0,1.0,4.0,3.0,37.9,1,13074,13074,13074,1765,548,995,9917,3109,13914,3734,13388,3535,8004,17214,22104,4736,2931,1.0,37:29,2015,2016
2015-16,203145,Kent Bazemore,Kent,1610612737,ATL,Atlanta Hawks,21500929,2016-03-05T00:00:00,ATL @ LAC,W,30.9,3.0,8.0,5.0,4.0,11.0,7.0,12.0,26.0,2.0,1.0,3.0,6.0,32.0,1,1,1,1,6792,4307,137,1277,8599,18886,15642,22259,7214,932,17214,17641,873,4945,1.0,30:55,2015,2016
2015-16,201988,Patty Mills,Patty,1610612759,SAS,San Antonio Spurs,21500928,2016-03-05T00:00:00,SAS vs. SAC,W,23.7,0.0,0.0,0.0,0.0,15.0,7.0,17.0,34.0,0.0,0.0,2.0,0.0,16.3,1,1,1,1,12815,12059,10158,9917,18861,23079,15642,24967,2701,8004,1,11390,18762,14372,1.0,23:43,2015,2016
2015-16,1626199,Darrun Hilliard,Darrun,1610612765,DET,Detroit Pistons,21500923,2016-03-05T00:00:00,DET @ NYK,L,8.9,0.0,0.0,0.0,2.0,4.0,2.0,2.0,6.0,0.0,0.0,1.0,0.0,2.0,1,13074,13074,13074,22864,12059,10158,9917,12984,6141,3734,4025,22724,8004,1,4972,18762,24216,1.0,8:56,2015,2016
2015-16,202730,Lavoy Allen,Lavoy,1610612754,IND,Indiana Pacers,21500924,2016-03-05T00:00:00,IND @ WAS,W,25.8,2.0,0.0,0.0,0.0,6.0,6.0,10.0,16.0,0.0,0.0,5.0,1.0,8.0,1,1,1,1,11007,6026,10158,9917,18861,10028,13237,20169,15259,8004,1,24686,12373,20564,1.0,25:48,2015,2016
2015-16,201162,Jared Dudley,Jared,1610612764,WAS,Washington Wizards,21500924,2016-03-05T00:00:00,WAS vs. IND,L,16.0,0.0,0.0,0.0,0.0,8.0,4.0,2.0,14.0,0.0,0.0,2.0,2.0,7.6,1,13074,13074,13074,19017,12059,10158,9917,18861,13914,8458,4025,17019,8004,1,11390,7786,20803,1.0,16:01,2015,2016
2015-16,201956,Omri Casspi,Omri,1610612758,SAC,Sacramento Kings,21500928,2016-03-05T00:00:00,SAC @ SAS,L,20.8,4.0,0.0,4.0,6.0,8.0,4.0,2.0,18.0,1.0,0.0,2.0,1.0,20.8,1,13074,13074,13074,15206,2460,10158,1913,5299,13914,8458,4025,13577,2692,1,11390,12373,11195,1.0,20:49,2015,2016
2015-16,201155,Rodney Stuckey,Rodney,1610612754,IND,Indiana Pacers,21500924,2016-03-05T00:00:00,IND @ WAS,W,17.7,0.0,0.0,0.0,4.0,2.0,4.0,9.0,16.0,0.0,0.0,0.0,2.0,8.4,1,1,1,1,17737,12059,10158,9917,8599,2619,8458,18829,15259,8004,1,1,7786,20273,1.0,17:43,2015,2016
2015-16,101181,Jose Calderon,Jose,1610612752,NYK,New York Knicks,21500923,2016-03-05T00:00:00,NYK vs. DET,W,34.1,5.0,0.0,3.0,2.0,7.0,9.0,7.0,40.0,0.0,0.0,2.0,3.0,20.8,1,1,1,1,4265,1603,10158,3302,12984,12242,19144,15538,983,8004,1,11390,4736,11195,1.0,34:06,2015,2016
2015-16,2403,Nene,ene,1610612764,WAS,Washington Wizards,21500924,2016-03-05T00:00:00,WAS vs. IND,L,14.6,0.0,0.0,0.0,8.0,8.0,4.0,0.0,12.0,0.0,0.0,1.0,5.0,13.0,1,13074,13074,13074,20024,12059,10158,9917,3109,13914,8458,1,18637,8004,1,4972,1539,16969,1.0,14:38,2015,2016
2015-16,202703,Nikola Mirotic,Nikola,1610612741,CHI,Chicago Bulls,21500927,2016-03-05T00:00:00,CHI vs. HOU,W,15.8,3.0,0.0,0.0,0.0,13.0,4.0,5.0,14.0,0.0,0.0,2.0,1.0,12.9,1,1,1,1,19212,4307,10158,9917,18861,21300,8458,11593,17019,8004,1,11390,12373,17049,1.0,15:47,2015,2016
2015-16,204060,Joe Ingles,Joe,1610612762,UTA,Utah Jazz,21500925,2016-03-05T00:00:00,UTA @ NOP,W,20.4,0.0,0.0,0.0,0.0,4.0,4.0,0.0,12.0,0.0,0.0,1.0,1.0,12.4,1,1,1,1,15559,12059,10158,9917,18861,6141,8458,1,18637,8004,1,4972,12373,17418,1.0,20:24,2015,2016
2015-16,203471,Dennis Schröder,Dennis,1610612737,ATL,Atlanta Hawks,21500929,2016-03-05T00:00:00,ATL @ LAC,W,19.1,2.0,2.0,2.0,10.0,8.0,2.0,5.0,12.0,0.0,1.0,0.0,3.0,18.7,1,1,1,1,16587,6026,4731,4675,1840,13914,3734,11593,18637,8004,17214,1,4736,12648,1.0,19:09,2015,2016
2015-16,201158,Marco Belinelli,Marco,1610612758,SAC,Sacramento Kings,21500928,2016-03-05T00:00:00,SAC @ SAS,L,22.7,2.0,0.0,4.0,4.0,4.0,4.0,2.0,26.0,0.0,0.0,0.0,2.0,16.1,1,13074,13074,13074,13619,6026,10158,1913,8599,6141,8458,4025,7214,8004,1,1,7786,14515,1.0,22:41,2015,2016
2015-16,202694,Marcus Morris Sr.,Marcus,1610612765,DET,Detroit Pistons,21500923,2016-03-05T00:00:00,DET @ NYK,L,27.1,0.0,3.0,0.0,2.0,11.0,5.0,4.0,26.0,0.0,0.0,4.0,2.0,7.7,1,13074,13074,13074,9974,12059,3104,9917,12984,18886,11469,8806,7214,8004,1,22104,7786,20733,1.0,27:03,2015,2016
2015-16,101133,Ian Mahinmi,Ian,1610612754,IND,Indiana Pacers,21500924,2016-03-05T00:00:00,IND @ WAS,W,24.7,2.0,0.0,0.0,6.0,6.0,6.0,12.0,26.0,1.0,2.0,6.0,1.0,20.8,1,1,1,1,11955,6026,10158,9917,5299,10028,13237,22259,7214,2692,23588,25827,12373,11195,1.0,24:41,2015,2016
2015-16,202682,Derrick Williams,Derrick,1610612752,NYK,New York Knicks,21500923,2016-03-05T00:00:00,NYK vs. DET,W,19.3,0.0,0.0,1.0,6.0,2.0,9.0,7.0,32.0,0.0,1.0,3.0,4.0,16.6,1,1,1,1,16444,12059,10158,9347,5299,2619,19144,15538,3535,8004,17214,17641,2748,14125,1.0,19:19,2015,2016
2015-16,202684,Tristan Thompson,Tristan,1610612739,CLE,Cleveland Cavaliers,21500922,2016-03-05T00:00:00,CLE vs. BOS,W,27.5,3.0,7.0,0.0,8.0,4.0,2.0,2.0,10.0,0.0,0.0,3.0,3.0,18.0,1,1,1,1,9589,4307,292,9917,3109,6141,3734,4025,20209,8004,1,17641,4736,13164,1.0,27:32,2015,2016
2015-16,202389,Timofey Mozgov,Timofey,1610612739,CLE,Cleveland Cavaliers,21500922,2016-03-05T00:00:00,CLE vs. BOS,W,10.7,4.0,2.0,2.0,6.0,9.0,11.0,2.0,14.0,0.0,0.0,1.0,2.0,12.6,1,1,1,1,22146,2460,4731,4675,5299,15771,21814,4025,17019,8004,1,4972,7786,17277,1.0,10:43,2015,2016
2015-16,202704,Reggie Jackson,Reggie,1610612765,DET,Detroit Pistons,21500923,2016-03-05T00:00:00,DET @ NYK,L,28.3,0.0,0.0,2.0,4.0,10.0,5.0,6.0,34.0,1.0,1.0,2.0,2.0,21.4,1,13074,13074,13074,8994,12059,10158,4675,8599,17370,11469,13388,2701,2692,17214,11390,7786,10807,1.0,28:19,2015,2016
2015-16,202323,Evan Turner,Evan,1610612738,BOS,Boston Celtics,21500922,2016-03-05T00:00:00,BOS @ CLE,L,26.8,2.0,0.0,0.0,4.0,16.0,17.0,12.0,30.0,0.0,0.0,1.0,1.0,18.3,1,13074,13074,13074,10155,6026,10158,9917,8599,23774,25429,22259,4541,8004,1,4972,12373,12952,1.0,26:50,2015,2016
2015-16,201567,Kevin Love,Kevin,1610612739,CLE,Cleveland Cavaliers,21500922,2016-03-05T00:00:00,CLE vs. BOS,W,30.1,0.0,3.0,0.0,2.0,11.0,13.0,4.0,30.0,0.0,0.0,1.0,7.0,21.3,1,1,1,1,7480,12059,3104,9917,12984,18886,23668,8806,4541,8004,1,4972,469,10880,1.0,30:04,2015,2016
2015-16,202066,Garrett Temple,Garrett,1610612764,WAS,Washington Wizards,21500924,2016-03-05T00:00:00,WAS vs. IND,L,26.4,0.0,0.0,9.0,6.0,10.0,6.0,2.0,20.0,0.0,1.0,4.0,0.0,20.8,1,13074,13074,13074,10505,12059,10158,184,5299,17370,13237,4025,11929,8004,17214,22104,18762,11195,1.0,26:26,2015,2016
2015-16,1889,Andre Miller,Andre,1610612759,SAS,San Antonio Spurs,21500928,2016-03-05T00:00:00,SAS vs. SAC,W,7.3,2.0,0.0,2.0,4.0,6.0,0.0,10.0,12.0,0.0,0.0,1.0,0.0,3.0,1,1,1,1,23458,6026,10158,4675,8599,10028,1,20169,18637,8004,1,4972,18762,23648,1.0,7:19,2015,2016
2015-16,201569,Eric Gordon,Eric,1610612740,NOP,New Orleans Pelicans,21500925,2016-03-05T00:00:00,NOP vs. UTA,L,11.3,0.0,3.0,2.0,4.0,0.0,0.0,0.0,8.0,2.0,0.0,0.0,0.0,16.0,1,13074,13074,13074,21909,12059,3104,4675,8599,1,1,1,21543,932,1,1,18762,14590,1.0,11:17,2015,2016
2015-16,202708,Norris Cole,Norris,1610612740,NOP,New Orleans Pelicans,21500925,2016-03-05T00:00:00,NOP vs. UTA,L,28.5,4.0,0.0,0.0,4.0,2.0,2.0,0.0,28.0,0.0,0.0,4.0,1.0,17.9,1,13074,13074,13074,8775,2460,10158,9917,8599,2619,3734,1,5824,8004,1,22104,12373,13229,1.0,28:33,2015,2016
2015-16,101187,Alan Anderson,Alan,1610612764,WAS,Washington Wizards,21500924,2016-03-05T00:00:00,WAS vs. IND,L,23.5,2.0,0.0,0.0,0.0,8.0,6.0,0.0,22.0,0.0,0.0,4.0,1.0,18.6,1,13074,13074,13074,12952,6026,10158,9917,18861,13914,13237,1,10265,8004,1,22104,12373,12715,1.0,23:32,2015,2016
2015-16,201583,Ryan Anderson,Ryan,1610612740,NOP,New Orleans Pelicans,21500925,2016-03-05T00:00:00,NOP vs. UTA,L,22.3,0.0,0.0,0.0,4.0,4.0,4.0,4.0,22.0,0.0,1.0,0.0,0.0,16.4,1,13074,13074,13074,13898,12059,10158,9917,8599,6141,8458,8806,10265,8004,17214,1,18762,14289,1.0,22:20,2015,2016
2015-16,2588,Matt Bonner,Matt,1610612759,SAS,San Antonio Spurs,21500928,2016-03-05T00:00:00,SAS vs. SAC,W,6.1,6.0,0.0,0.0,0.0,0.0,0.0,0.0,2.0,0.0,0.0,0.0,0.0,8.4,1,1,1,1,23905,878,10158,9917,18861,1,1,1,24614,8004,1,1,18762,20273,1.0,6:09,2015,2016
2015-16,201962,Toney Douglas,Toney,1610612740,NOP,New Orleans Pelicans,21500925,2016-03-05T00:00:00,NOP vs. UTA,L,18.9,0.0,0.0,0.0,0.0,6.0,4.0,6.0,24.0,0.0,3.0,3.0,0.0,10.2,1,13074,13074,13074,16747,12059,10158,9917,18861,10028,8458,13388,8723,8004,25441,17641,18762,19003,1.0,18:56,2015,2016
2015-16,201147,Corey Brewer,Corey,1610612745,HOU,Houston Rockets,21500927,2016-03-05T00:00:00,HOU @ CHI,L,23.7,5.0,0.0,5.0,4.0,12.0,6.0,6.0,18.0,0.0,0.0,3.0,3.0,33.6,1,13074,13074,13074,12850,1603,10158,1277,8599,20178,13237,13388,13577,8004,1,17641,4736,4305,1.0,23:40,2015,2016
2015-16,203930,Sean Kilpatrick,Sean,1610612751,BKN,Brooklyn Nets,21500926,2016-03-05T00:00:00,BKN @ MIN,L,26.2,7.0,0.0,4.0,4.0,2.0,6.0,0.0,22.0,0.0,0.0,0.0,2.0,25.6,1,13074,13074,13074,10714,548,10158,1913,8599,2619,13237,1,10265,8004,1,1,7786,8157,1.0,26:10,2015,2016
2015-16,200752,Rudy Gay,Rudy,1610612758,SAC,Sacramento Kings,21500928,2016-03-05T00:00:00,SAC @ SAS,L,34.2,2.0,2.0,2.0,6.0,21.0,7.0,7.0,36.0,2.0,1.0,3.0,1.0,25.3,1,13074,13074,13074,4190,6026,4731,4675,5299,25535,15642,15538,1943,932,17214,17641,12373,8340,1.0,34:12,2015,2016
2015-16,203524,Solomon Hill,Solomon,1610612754,IND,Indiana Pacers,21500924,2016-03-05T00:00:00,IND @ WAS,W,21.7,2.0,2.0,0.0,2.0,2.0,4.0,7.0,16.0,2.0,0.0,3.0,1.0,19.1,1,1,1,1,14438,6026,4731,9917,12984,2619,8458,15538,15259,932,1,17641,12373,12372,1.0,21:42,2015,2016
2015-16,201967,Dante Cunningham,Dante,1610612740,NOP,New Orleans Pelicans,21500925,2016-03-05T00:00:00,NOP vs. UTA,L,29.9,0.0,0.0,0.0,2.0,4.0,2.0,0.0,28.0,0.0,0.0,5.0,1.0,9.7,1,13074,13074,13074,7624,12059,10158,9917,12984,6141,3734,1,5824,8004,1,24686,12373,19379,1.0,29:54,2015,2016
2015-16,203078,Bradley Beal,Bradley,1610612764,WAS,Washington Wizards,21500924,2016-03-05T00:00:00,WAS vs. IND,L,24.2,0.0,0.0,3.0,0.0,13.0,4.0,4.0,26.0,0.0,0.0,1.0,2.0,14.9,1,13074,13074,13074,12395,12059,10158,3302,18861,21300,8458,8806,7214,8004,1,4972,7786,15463,1.0,24:11,2015,2016
2015-16,101161,Amir Johnson,Amir,1610612738,BOS,Boston Celtics,21500922,2016-03-05T00:00:00,BOS @ CLE,L,16.7,0.0,0.0,2.0,6.0,10.0,4.0,6.0,18.0,0.0,0.0,3.0,3.0,9.7,1,13074,13074,13074,18488,12059,10158,4675,5299,17370,8458,13388,13577,8004,1,17641,4736,19379,1.0,16:43,2015,2016
2015-16,202693,Markieff Morris,Markieff,1610612764,WAS,Washington Wizards,21500924,2016-03-05T00:00:00,WAS vs. IND,L,32.0,2.0,2.0,0.0,6.0,13.0,4.0,2.0,26.0,0.0,0.0,0.0,1.0,25.6,1,13074,13074,13074,5851,6026,4731,9917,5299,21300,8458,4025,7214,8004,1,1,12373,8157,1.0,32:02,2015,2016
2015-16,202711,Bojan Bogdanović,Bojan,1610612751,BKN,Brooklyn Nets,21500926,2016-03-05T00:00:00,BKN @ MIN,L,24.4,2.0,0.0,2.0,4.0,23.0,4.0,19.0,34.0,0.0,2.0,1.0,0.0,10.2,1,13074,13074,13074,12221,6026,10158,4675,8599,25803,8458,25435,2701,8004,23588,4972,18762,19003,1.0,24:23,2015,2016
2015-16,203521,Matthew Dellavedova,Matthew,1610612739,CLE,Cleveland Cavaliers,21500922,2016-03-05T00:00:00,CLE vs. BOS,W,28.1,0.0,0.0,0.0,6.0,4.0,2.0,2.0,12.0,1.0,0.0,3.0,1.0,25.0,1,1,1,1,9167,12059,10158,9917,5299,6141,3734,4025,18637,2692,1,17641,12373,8485,1.0,28:05,2015,2016
2015-16,203187,Chris Johnson,Chris,1610612762,UTA,Utah Jazz,21500925,2016-03-05T00:00:00,UTA @ NOP,W,7.7,0.0,0.0,0.0,0.0,2.0,5.0,2.0,6.0,2.0,0.0,0.0,0.0,10.2,1,1,1,1,23330,12059,10158,9917,18861,2619,11469,4025,22724,932,1,1,18762,19003,1.0,7:40,2015,2016
2015-16,203498,Shabazz Muhammad,Shabazz,1610612750,MIN,Minnesota Timberwolves,21500926,2016-03-05T00:00:00,MIN vs. BKN,W,19.1,2.0,2.0,2.0,6.0,12.0,12.0,6.0,32.0,0.0,1.0,2.0,4.0,23.4,1,1,1,1,16628,6026,4731,4675,5299,20178,22832,13388,3535,8004,17214,11390,2748,9501,1.0,19:05,2015,2016
2015-16,203937,Kyle Anderson,Kyle,1610612759,SAS,San Antonio Spurs,21500928,2016-03-05T00:00:00,SAS vs. SAC,W,27.8,0.0,0.0,0.0,2.0,17.0,2.0,17.0,30.0,1.0,0.0,0.0,3.0,19.4,1,1,1,1,9380,12059,10158,9917,12984,24337,3734,24967,4541,2692,1,1,4736,12154,1.0,27:49,2015,2016
2015-16,201954,Darren Collison,Darren,1610612758,SAC,Sacramento Kings,21500928,2016-03-05T00:00:00,SAC @ SAS,L,33.4,8.0,0.0,6.0,6.0,12.0,9.0,2.0,34.0,1.0,1.0,0.0,1.0,34.1,1,13074,13074,13074,4842,308,10158,740,5299,20178,19144,4025,2701,2692,17214,1,12373,4124,1.0,33:22,2015,2016
2015-16,203940,Adreian Payne,Adreian,1610612750,MIN,Minnesota Timberwolves,21500926,2016-03-05T00:00:00,MIN vs. BKN,W,8.1,0.0,0.0,0.0,0.0,4.0,5.0,6.0,12.0,0.0,0.0,2.0,1.0,10.1,1,1,1,1,23137,12059,10158,9917,18861,6141,11469,13388,18637,8004,1,11390,12373,19105,1.0,8:08,2015,2016
2015-16,203085,Austin Rivers,Austin,1610612746,LAC,LA Clippers,21500929,2016-03-05T00:00:00,LAC vs. ATL,L,18.7,0.0,0.0,0.0,4.0,4.0,3.0,5.0,16.0,0.0,0.0,0.0,2.0,22.9,1,13074,13074,13074,16945,12059,10158,9917,8599,6141,7138,11593,15259,8004,1,1,7786,9811,1.0,18:42,2015,2016
2015-16,203926,Doug McDermott,Doug,1610612741,CHI,Chicago Bulls,21500927,2016-03-05T00:00:00,CHI vs. HOU,W,21.8,2.0,2.0,2.0,4.0,16.0,8.0,12.0,28.0,0.0,0.0,2.0,0.0,9.8,1,1,1,1,14331,6026,4731,4675,8599,23774,17345,22259,5824,8004,1,11390,18762,19331,1.0,21:48,2015,2016
2015-16,201143,Al Horford,Al,1610612737,ATL,Atlanta Hawks,21500929,2016-03-05T00:00:00,ATL @ LAC,W,31.6,0.0,2.0,0.0,6.0,12.0,6.0,6.0,28.0,0.0,0.0,1.0,1.0,25.9,1,1,1,1,6228,12059,4731,9917,5299,20178,13237,13388,5824,8004,1,4972,12373,7960,1.0,31:36,2015,2016
2015-16,1718,Paul Pierce,Paul,1610612746,LAC,LA Clippers,21500929,2016-03-05T00:00:00,LAC vs. ATL,L,14.2,0.0,0.0,2.0,2.0,6.0,11.0,5.0,16.0,0.0,0.0,2.0,2.0,10.0,1,13074,13074,13074,20258,12059,10158,4675,12984,10028,21814,11593,15259,8004,1,11390,7786,19178,1.0,14:14,2015,2016
2015-16,203493,Reggie Bullock Jr.,Reggie,1610612765,DET,Detroit Pistons,21500923,2016-03-05T00:00:00,DET @ NYK,L,23.8,0.0,0.0,0.0,0.0,6.0,4.0,2.0,16.0,0.0,0.0,2.0,0.0,19.1,1,13074,13074,13074,12732,12059,10158,9917,18861,10028,8458,4025,15259,8004,1,11390,18762,12372,1.0,23:49,2015,2016
2015-16,201577,Robin Lopez,Robin,1610612752,NYK,New York Knicks,21500923,2016-03-05T00:00:00,NYK vs. DET,W,32.2,4.0,4.0,2.0,18.0,5.0,9.0,7.0,40.0,1.0,0.0,2.0,3.0,33.8,1,1,1,1,5730,2460,1596,4675,131,8403,19144,15538,983,2692,1,11390,4736,4244,1.0,32:11,2015,2016
2015-16,1938,Manu Ginobili,Manu,1610612759,SAS,San Antonio Spurs,21500928,2016-03-05T00:00:00,SAS vs. SAC,W,15.4,4.0,3.0,0.0,12.0,15.0,4.0,11.0,16.0,0.0,0.0,3.0,3.0,23.7,1,1,1,1,19455,2460,3104,9917,988,23079,8458,21342,15259,8004,1,17641,4736,9329,1.0,15:26,2015,2016
2015-16,202344,Trevor Booker,Trevor,1610612762,UTA,Utah Jazz,21500925,2016-03-05T00:00:00,UTA @ NOP,W,18.4,2.0,0.0,0.0,6.0,0.0,5.0,0.0,10.0,0.0,0.0,3.0,2.0,23.6,1,1,1,1,17200,6026,10158,9917,5299,1,11469,1,20209,8004,1,17641,7786,9377,1.0,18:23,2015,2016
2015-16,203484,Kentavious Caldwell-Pope,Kentavious,1610612765,DET,Detroit Pistons,21500923,2016-03-05T00:00:00,DET @ NYK,L,36.9,4.0,0.0,2.0,4.0,12.0,7.0,6.0,38.0,0.0,0.0,2.0,3.0,23.0,1,13074,13074,13074,2117,2460,10158,4675,8599,20178,15642,13388,1422,8004,1,11390,4736,9760,1.0,36:56,2015,2016
2015-16,203953,Jabari Parker,Jabari,1610612749,MIL,Milwaukee Bucks,21500919,2016-03-04T00:00:00,MIL vs. MIN,W,39.0,5.0,0.0,2.0,8.0,19.0,16.0,7.0,46.0,1.0,1.0,3.0,2.0,34.2,1,1,1,1,1078,1603,10158,4675,3109,25074,25155,15538,298,2692,17214,17641,7786,4092,1.0,38:59,2015,2016
2015-16,201579,Roy Hibbert,Roy,1610612747,LAL,Los Angeles Lakers,21500921,2016-03-04T00:00:00,LAL vs. ATL,L,18.8,0.0,2.0,0.0,4.0,12.0,0.0,7.0,16.0,0.0,0.0,3.0,3.0,19.3,1,13074,13074,13074,16860,12059,4731,9917,8599,20178,1,15538,15259,8004,1,17641,4736,12228,1.0,18:49,2015,2016
2015-16,203944,Julius Randle,Julius,1610612747,LAL,Los Angeles Lakers,21500921,2016-03-04T00:00:00,LAL vs. ATL,L,28.3,4.0,2.0,2.0,6.0,17.0,0.0,18.0,22.0,0.0,0.0,0.0,1.0,34.0,1,13074,13074,13074,9017,2460,4731,4675,5299,24337,1,25228,10265,8004,1,1,12373,4162,1.0,28:17,2015,2016
2015-16,101181,Jose Calderon,Jose,1610612752,NYK,New York Knicks,21500915,2016-03-04T00:00:00,NYK @ BOS,L,38.4,3.0,0.0,0.0,0.0,13.0,10.0,23.0,48.0,0.0,0.0,3.0,1.0,25.5,1,13074,13074,13074,1347,4307,10158,9917,18861,21300,20509,25880,192,8004,1,17641,12373,8230,1.0,38:22,2015,2016
2015-16,203486,Mason Plumlee,Mason,1610612757,POR,Portland Trail Blazers,21500916,2016-03-04T00:00:00,POR @ TOR,L,26.6,0.0,0.0,0.0,4.0,13.0,11.0,9.0,30.0,1.0,0.0,5.0,6.0,14.3,1,13074,13074,13074,10379,12059,10158,9917,8599,21300,21814,18829,4541,2692,1,24686,873,15948,1.0,26:35,2015,2016
2015-16,2594,Kyle Korver,Kyle,1610612737,ATL,Atlanta Hawks,21500921,2016-03-04T00:00:00,ATL @ LAL,W,29.0,0.0,0.0,6.0,0.0,8.0,15.0,2.0,20.0,0.0,0.0,1.0,0.0,25.5,1,1,1,1,8373,12059,10158,740,18861,13914,24781,4025,11929,8004,1,4972,18762,8230,1.0,29:00,2015,2016
2015-16,201937,Ricky Rubio,Ricky,1610612750,MIN,Minnesota Timberwolves,21500919,2016-03-04T00:00:00,MIN @ MIL,L,23.3,0.0,0.0,0.0,0.0,21.0,7.0,19.0,22.0,1.0,0.0,3.0,3.0,18.7,1,13074,13074,13074,13116,12059,10158,9917,18861,25535,15642,25435,10265,2692,1,17641,4736,12648,1.0,23:18,2015,2016
2015-16,201952,Jeff Teague,Jeff,1610612737,ATL,Atlanta Hawks,21500921,2016-03-04T00:00:00,ATL @ LAL,W,26.9,2.0,0.0,0.0,6.0,6.0,11.0,0.0,16.0,0.0,0.0,1.0,2.0,25.8,1,1,1,1,10065,6026,10158,9917,5299,10028,21814,1,15259,8004,1,4972,7786,8022,1.0,26:56,2015,2016
2015-16,1626163,Frank Kaminsky,Frank,1610612766,CHA,Charlotte Hornets,21500912,2016-03-04T00:00:00,CHA vs. IND,W,20.7,2.0,0.0,0.0,0.0,3.0,2.0,3.0,10.0,1.0,0.0,0.0,1.0,23.0,1,1,1,1,15334,6026,10158,9917,18861,5109,3734,7328,20209,2692,1,1,12373,9760,1.0,20:40,2015,2016
2015-16,202322,John Wall,John,1610612764,WAS,Washington Wizards,21500917,2016-03-04T00:00:00,WAS @ CLE,L,28.0,0.0,0.0,3.0,6.0,9.0,4.0,12.0,30.0,0.0,0.0,2.0,2.0,35.1,1,13074,13074,13074,9249,12059,10158,3302,5299,15771,8458,22259,4541,8004,1,11390,7786,3777,1.0,27:58,2015,2016
2015-16,202328,Greg Monroe,Greg,1610612749,MIL,Milwaukee Bucks,21500919,2016-03-04T00:00:00,MIL vs. MIN,W,31.6,7.0,4.0,0.0,12.0,14.0,14.0,14.0,36.0,3.0,0.0,2.0,6.0,33.8,1,1,1,1,6254,548,1596,9917,988,22292,24300,23710,1943,347,1,11390,873,4244,1.0,31:34,2015,2016
2015-16,101141,Ersan Ilyasova,Ersan,1610612753,ORL,Orlando Magic,21500913,2016-03-04T00:00:00,ORL vs. PHX,L,19.6,2.0,2.0,0.0,4.0,2.0,6.0,6.0,24.0,1.0,1.0,0.0,3.0,25.4,1,13074,13074,13074,16276,6026,4731,9917,8599,2619,13237,13388,8723,2692,17214,1,4736,8273,1.0,19:33,2015,2016
2015-16,203109,Jae Crowder,Jae,1610612738,BOS,Boston Celtics,21500915,2016-03-04T00:00:00,BOS vs. NYK,W,34.8,4.0,2.0,10.0,14.0,5.0,9.0,2.0,24.0,0.0,0.0,3.0,2.0,34.6,1,1,1,1,3659,2460,4731,118,542,8403,19144,4025,8723,8004,1,17641,7786,3963,1.0,34:51,2015,2016
2015-16,202334,Ed Davis,Ed,1610612757,POR,Portland Trail Blazers,21500916,2016-03-04T00:00:00,POR @ TOR,L,20.7,2.0,5.0,2.0,6.0,5.0,5.0,2.0,14.0,2.0,1.0,5.0,4.0,23.4,1,13074,13074,13074,15288,6026,995,4675,5299,8403,11469,4025,17019,932,17214,24686,2748,9501,1.0,20:45,2015,2016
2015-16,203469,Cody Zeller,Cody,1610612766,CHA,Charlotte Hornets,21500912,2016-03-04T00:00:00,CHA vs. IND,W,27.2,0.0,0.0,0.0,4.0,8.0,8.0,0.0,20.0,2.0,1.0,3.0,1.0,25.2,1,1,1,1,9822,12059,10158,9917,8599,13914,17345,1,11929,932,17214,17641,12373,8383,1.0,27:14,2015,2016
2015-16,2736,Luol Deng,Luol,1610612748,MIA,Miami Heat,21500914,2016-03-04T00:00:00,MIA @ PHI,W,34.9,0.0,4.0,0.0,6.0,8.0,13.0,10.0,24.0,0.0,0.0,1.0,6.0,25.8,1,1,1,1,3623,12059,1596,9917,5299,13914,23668,20169,8723,8004,1,4972,873,8022,1.0,34:53,2015,2016
2015-16,1626167,Myles Turner,Myles,1610612754,IND,Indiana Pacers,21500912,2016-03-04T00:00:00,IND @ CHA,L,18.5,0.0,0.0,0.0,0.0,7.0,2.0,6.0,18.0,1.0,0.0,3.0,2.0,9.9,1,13074,13074,13074,17124,12059,10158,9917,18861,12242,3734,13388,13577,2692,1,17641,7786,19247,1.0,18:27,2015,2016
2015-16,203462,Archie Goodwin,Archie,1610612756,PHX,Phoenix Suns,21500913,2016-03-04T00:00:00,PHX @ ORL,W,16.4,0.0,0.0,5.0,8.0,12.0,4.0,6.0,16.0,0.0,1.0,1.0,4.0,14.3,1,1,1,1,18734,12059,10158,1277,3109,20178,8458,13388,15259,8004,17214,4972,2748,15948,1.0,16:24,2015,2016
2015-16,202711,Bojan Bogdanović,Bojan,1610612751,BKN,Brooklyn Nets,21500920,2016-03-04T00:00:00,BKN @ DEN,W,33.2,8.0,0.0,0.0,4.0,13.0,10.0,18.0,46.0,0.0,3.0,0.0,2.0,19.4,1,1,1,1,4944,308,10158,9917,8599,21300,20509,25228,298,8004,25441,1,7786,12154,1.0,33:14,2015,2016
2015-16,101133,Ian Mahinmi,Ian,1610612754,IND,Indiana Pacers,21500912,2016-03-04T00:00:00,IND @ CHA,L,32.4,6.0,2.0,0.0,10.0,10.0,6.0,3.0,28.0,2.0,2.0,3.0,2.0,34.3,1,13074,13074,13074,5576,878,4731,9917,1840,17370,13237,7328,5824,932,23588,17641,7786,4063,1.0,32:24,2015,2016
2015-16,203141,Mirza Teletovic,Mirza,1610612756,PHX,Phoenix Suns,21500913,2016-03-04T00:00:00,PHX @ ORL,W,26.8,0.0,0.0,0.0,0.0,19.0,6.0,13.0,24.0,0.0,0.0,1.0,2.0,14.5,1,1,1,1,10198,12059,10158,9917,18861,25074,13237,23048,8723,8004,1,4972,7786,15799,1.0,26:48,2015,2016
2015-16,203530,Joffrey Lauvergne,Joffrey,1610612743,DEN,Denver Nuggets,21500920,2016-03-04T00:00:00,DEN vs. BKN,L,19.1,0.0,4.0,0.0,8.0,3.0,7.0,4.0,16.0,0.0,0.0,2.0,1.0,19.5,1,13074,13074,13074,16592,12059,1596,9917,3109,5109,15642,8806,15259,8004,1,11390,12373,12096,1.0,19:08,2015,2016
2015-16,203476,Gorgui Dieng,Gorgui,1610612750,MIN,Minnesota Timberwolves,21500919,2016-03-04T00:00:00,MIN @ MIL,L,29.8,2.0,2.0,0.0,10.0,24.0,9.0,22.0,26.0,3.0,0.0,3.0,3.0,34.8,1,13074,13074,13074,7751,6026,4731,9917,1840,25890,19144,25811,7214,347,1,17641,4736,3891,1.0,29:46,2015,2016
2015-16,2405,Amar'e Stoudemire,Amar'e,1610612748,MIA,Miami Heat,21500914,2016-03-04T00:00:00,MIA @ PHI,W,13.8,0.0,0.0,0.0,6.0,8.0,6.0,10.0,16.0,0.0,1.0,3.0,4.0,18.8,1,1,1,1,20511,12059,10158,9917,5299,13914,13237,20169,15259,8004,17214,17641,2748,12588,1.0,13:50,2015,2016
2015-16,203930,Sean Kilpatrick,Sean,1610612751,BKN,Brooklyn Nets,21500920,2016-03-04T00:00:00,BKN @ DEN,W,19.8,0.0,0.0,4.0,4.0,6.0,7.0,8.0,24.0,0.0,0.0,1.0,1.0,14.4,1,1,1,1,16100,12059,10158,1913,8599,10028,15642,17194,8723,8004,1,4972,12373,15857,1.0,19:46,2015,2016
2015-16,202714,Shelvin Mack,Shelvin,1610612762,UTA,Utah Jazz,21500918,2016-03-04T00:00:00,UTA @ MEM,L,29.0,2.0,0.0,4.0,4.0,5.0,8.0,7.0,32.0,0.0,0.0,4.0,4.0,34.0,1,13074,13074,13074,8345,6026,10158,1913,8599,8403,17345,15538,3535,8004,1,22104,2748,4162,1.0,29:02,2015,2016
2015-16,203145,Kent Bazemore,Kent,1610612737,ATL,Atlanta Hawks,21500921,2016-03-04T00:00:00,ATL @ LAL,W,29.3,0.0,0.0,3.0,4.0,8.0,11.0,0.0,16.0,1.0,0.0,2.0,1.0,25.0,1,1,1,1,8133,12059,10158,3302,8599,13914,21814,1,15259,2692,1,11390,12373,8485,1.0,29:17,2015,2016
2015-16,201167,Arron Afflalo,Arron,1610612752,NYK,New York Knicks,21500915,2016-03-04T00:00:00,NYK @ BOS,L,39.2,0.0,2.0,0.0,4.0,15.0,14.0,26.0,48.0,0.0,0.0,1.0,0.0,19.7,1,13074,13074,13074,1012,12059,4731,9917,8599,23079,24300,26007,192,8004,1,4972,18762,11962,1.0,39:09,2015,2016
2015-16,2216,Zach Randolph,Zach,1610612763,MEM,Memphis Grizzlies,21500918,2016-03-04T00:00:00,MEM vs. UTA,W,34.8,2.0,5.0,0.0,14.0,8.0,4.0,12.0,36.0,0.0,5.0,2.0,3.0,34.1,1,1,1,1,3663,6026,995,9917,542,13914,8458,22259,1943,8004,26042,11390,4736,4124,1.0,34:50,2015,2016
2015-16,1626145,Tyus Jones,Tyus,1610612750,MIN,Minnesota Timberwolves,21500919,2016-03-04T00:00:00,MIN @ MIL,L,24.1,0.0,0.0,0.0,2.0,20.0,4.0,10.0,20.0,0.0,0.0,0.0,0.0,19.5,1,13074,13074,13074,12470,12059,10158,9917,12984,25338,8458,20169,11929,8004,1,1,18762,12096,1.0,24:05,2015,2016
2015-16,201584,Courtney Lee,Courtney,1610612766,CHA,Charlotte Hornets,21500912,2016-03-04T00:00:00,CHA vs. IND,W,34.4,0.0,0.0,0.0,0.0,11.0,8.0,8.0,32.0,1.0,1.0,1.0,1.0,9.9,1,1,1,1,4053,12059,10158,9917,18861,18886,17345,17194,3535,2692,17214,4972,12373,19247,1.0,34:22,2015,2016
2015-16,200794,Paul Millsap,Paul,1610612737,ATL,Atlanta Hawks,21500921,2016-03-04T00:00:00,ATL @ LAL,W,29.0,5.0,0.0,5.0,4.0,8.0,11.0,2.0,18.0,0.0,0.0,3.0,4.0,23.3,1,1,1,1,8348,1603,10158,1277,8599,13914,21814,4025,13577,8004,1,17641,2748,9567,1.0,29:02,2015,2016
2015-16,201588,George Hill,George,1610612754,IND,Indiana Pacers,21500912,2016-03-04T00:00:00,IND @ CHA,L,39.7,2.0,0.0,0.0,4.0,9.0,8.0,5.0,32.0,0.0,1.0,4.0,1.0,25.4,1,13074,13074,13074,818,6026,10158,9917,8599,15771,17345,11593,3535,8004,17214,22104,12373,8273,1.0,39:42,2015,2016
2015-16,201144,Mike Conley,Mike,1610612763,MEM,Memphis Grizzlies,21500918,2016-03-04T00:00:00,MEM vs. UTA,W,28.3,0.0,0.0,2.0,6.0,5.0,4.0,10.0,30.0,0.0,0.0,3.0,5.0,19.4,1,1,1,1,9017,12059,10158,4675,5299,8403,8458,20169,4541,8004,1,17641,1539,12154,1.0,28:17,2015,2016
2015-16,202323,Evan Turner,Evan,1610612738,BOS,Boston Celtics,21500915,2016-03-04T00:00:00,BOS vs. NYK,W,32.3,2.0,0.0,4.0,16.0,4.0,6.0,4.0,22.0,0.0,0.0,0.0,2.0,35.1,1,1,1,1,5650,6026,10158,1913,275,6141,13237,8806,10265,8004,1,1,7786,3777,1.0,32:18,2015,2016
2015-16,202391,Jeremy Lin,Jeremy,1610612766,CHA,Charlotte Hornets,21500912,2016-03-04T00:00:00,CHA vs. IND,W,22.8,2.0,0.0,2.0,2.0,5.0,2.0,3.0,10.0,1.0,1.0,3.0,6.0,10.4,1,1,1,1,13537,6026,10158,4675,12984,8403,3734,7328,20209,2692,17214,17641,873,18859,1.0,22:47,2015,2016
2015-16,203940,Adreian Payne,Adreian,1610612750,MIN,Minnesota Timberwolves,21500919,2016-03-04T00:00:00,MIN @ MIL,L,9.7,0.0,0.0,0.0,2.0,4.0,0.0,1.0,12.0,0.0,1.0,3.0,0.0,6.4,1,13074,13074,13074,22569,12059,10158,9917,12984,6141,1,3646,18637,8004,17214,17641,18762,21589,1.0,9:39,2015,2016
2015-16,101107,Marvin Williams,Marvin,1610612766,CHA,Charlotte Hornets,21500912,2016-03-04T00:00:00,CHA vs. IND,W,27.3,0.0,0.0,0.0,2.0,10.0,8.0,5.0,26.0,0.0,0.0,3.0,0.0,11.2,1,1,1,1,9741,12059,10158,9917,12984,17370,17345,11593,7214,8004,1,17641,18762,18267,1.0,27:20,2015,2016
2015-16,201162,Jared Dudley,Jared,1610612764,WAS,Washington Wizards,21500917,2016-03-04T00:00:00,WAS @ CLE,L,15.2,0.0,0.0,0.0,0.0,2.0,2.0,0.0,10.0,0.0,0.0,1.0,1.0,1.4,1,13074,13074,13074,19650,12059,10158,9917,18861,2619,3734,1,20209,8004,1,4972,12373,24615,1.0,15:10,2015,2016
2015-16,203118,Mike Scott,Mike,1610612737,ATL,Atlanta Hawks,21500921,2016-03-04T00:00:00,ATL @ LAL,W,14.9,0.0,0.0,0.0,0.0,4.0,4.0,0.0,14.0,0.0,0.0,5.0,0.0,6.2,1,1,1,1,19828,12059,10158,9917,18861,6141,8458,1,17019,8004,1,24686,18762,21696,1.0,14:54,2015,2016
2015-16,203090,Maurice Harkless,Maurice,1610612757,POR,Portland Trail Blazers,21500916,2016-03-04T00:00:00,POR @ TOR,L,18.6,0.0,1.0,0.0,0.0,9.0,7.0,6.0,22.0,0.0,0.0,2.0,2.0,11.2,1,13074,13074,13074,17051,12059,9709,9917,18861,15771,15642,13388,10265,8004,1,11390,7786,18267,1.0,18:34,2015,2016
2015-16,204067,Jarell Eddie,Jarell,1610612764,WAS,Washington Wizards,21500917,2016-03-04T00:00:00,WAS @ CLE,L,5.8,0.0,0.0,0.0,0.0,2.0,2.0,0.0,4.0,0.0,0.0,0.0,0.0,1.2,1,13074,13074,13074,24041,12059,10158,9917,18861,2619,3734,1,23698,8004,1,1,18762,24661,1.0,5:50,2015,2016
2015-16,202962,Greg Smith,Greg,1610612750,MIN,Minnesota Timberwolves,21500919,2016-03-04T00:00:00,MIN @ MIL,L,18.2,2.0,2.0,2.0,4.0,17.0,2.0,7.0,18.0,0.0,0.0,6.0,0.0,11.2,1,13074,13074,13074,17321,6026,4731,4675,8599,24337,3734,15538,13577,8004,1,25827,18762,18267,1.0,18:14,2015,2016
2015-16,203527,Ryan Kelly,Ryan,1610612747,LAL,Los Angeles Lakers,21500921,2016-03-04T00:00:00,LAL vs. ATL,L,3.2,0.0,0.0,0.0,2.0,2.0,0.0,5.0,6.0,0.0,0.0,0.0,0.0,2.0,1,13074,13074,13074,25064,12059,10158,9917,12984,2619,1,11593,22724,8004,1,1,18762,24216,1.0,3:10,2015,2016
2015-16,203459,Allen Crabbe,Allen,1610612757,POR,Portland Trail Blazers,21500916,2016-03-04T00:00:00,POR @ TOR,L,23.6,0.0,2.0,0.0,6.0,9.0,5.0,7.0,24.0,0.0,0.0,5.0,1.0,11.1,1,13074,13074,13074,12933,12059,4731,9917,5299,15771,11469,15538,8723,8004,1,24686,12373,18370,1.0,23:33,2015,2016
2015-16,202498,Lance Thomas,Lance,1610612752,NYK,New York Knicks,21500915,2016-03-04T00:00:00,NYK @ BOS,L,30.1,0.0,0.0,0.0,2.0,9.0,10.0,15.0,38.0,0.0,1.0,5.0,1.0,11.0,1,13074,13074,13074,7414,12059,10158,9917,12984,15771,20509,24242,1422,8004,17214,24686,12373,18430,1.0,30:08,2015,2016
2015-16,203501,Tim Hardaway Jr.,Tim,1610612737,ATL,Atlanta Hawks,21500921,2016-03-04T00:00:00,ATL @ LAL,W,13.4,0.0,0.0,3.0,0.0,2.0,2.0,0.0,12.0,0.0,0.0,0.0,0.0,11.4,1,1,1,1,20741,12059,10158,3302,18861,2619,3734,1,18637,8004,1,1,18762,18134,1.0,13:24,2015,2016
2015-16,1626168,Trey Lyles,Trey,1610612762,UTA,Utah Jazz,21500918,2016-03-04T00:00:00,UTA @ MEM,L,15.5,0.0,0.0,0.0,4.0,2.0,0.0,4.0,20.0,0.0,0.0,2.0,2.0,10.7,1,13074,13074,13074,19399,12059,10158,9917,8599,2619,1,8806,11929,8004,1,11390,7786,18636,1.0,15:32,2015,2016
2015-16,202682,Derrick Williams,Derrick,1610612752,NYK,New York Knicks,21500915,2016-03-04T00:00:00,NYK @ BOS,L,4.7,0.0,0.0,0.0,0.0,0.0,4.0,5.0,6.0,0.0,1.0,1.0,0.0,5.7,1,13074,13074,13074,24460,12059,10158,9917,18861,1,8458,11593,22724,8004,17214,4972,18762,22054,1.0,4:43,2015,2016
2015-16,203210,JaMychal Green,JaMychal,1610612763,MEM,Memphis Grizzlies,21500918,2016-03-04T00:00:00,MEM vs. UTA,W,19.7,0.0,0.0,0.0,4.0,5.0,0.0,4.0,8.0,0.0,0.0,0.0,0.0,11.1,1,1,1,1,16119,12059,10158,9917,8599,8403,1,8806,21543,8004,1,1,18762,18370,1.0,19:45,2015,2016
2015-16,203948,Johnny O'Bryant III,Johnny,1610612749,MIL,Milwaukee Bucks,21500919,2016-03-04T00:00:00,MIL vs. MIN,W,6.7,0.0,0.0,0.0,0.0,2.0,2.0,7.0,8.0,0.0,0.0,2.0,0.0,1.2,1,1,1,1,23671,12059,10158,9917,18861,2619,3734,15538,21543,8004,1,11390,18762,24661,1.0,6:43,2015,2016
2015-16,203473,Dewayne Dedmon,Dewayne,1610612753,ORL,Orlando Magic,21500913,2016-03-04T00:00:00,ORL vs. PHX,L,9.6,2.0,1.0,2.0,2.0,2.0,2.0,2.0,8.0,0.0,0.0,3.0,1.0,11.3,1,13074,13074,13074,22606,6026,9709,4675,12984,2619,3734,4025,21543,8004,1,17641,12373,18230,1.0,9:34,2015,2016
2015-16,2617,Udonis Haslem,Udonis,1610612748,MIA,Miami Heat,21500914,2016-03-04T00:00:00,MIA @ PHI,W,1.3,0.0,0.0,0.0,0.0,0.0,3.0,0.0,0.0,0.0,0.0,0.0,0.0,1.2,1,1,1,1,25772,12059,10158,9917,18861,1,7138,1,25429,8004,1,1,18762,24661,1.0,1:17,2015,2016
2015-16,1626159,Justise Winslow,Justise,1610612748,MIA,Miami Heat,21500914,2016-03-04T00:00:00,MIA @ PHI,W,16.3,0.0,0.0,0.0,2.0,16.0,5.0,11.0,8.0,1.0,0.0,4.0,1.0,5.6,1,1,1,1,18831,12059,10158,9917,12984,23774,11469,21342,21543,2692,1,22104,12373,22133,1.0,16:17,2015,2016
2015-16,1626253,Axel Toupane,Axel,1610612743,DEN,Denver Nuggets,21500920,2016-03-04T00:00:00,DEN vs. BKN,L,5.5,0.0,0.0,0.0,0.0,3.0,5.0,0.0,4.0,0.0,0.0,2.0,1.0,1.2,1,13074,13074,13074,24180,12059,10158,9917,18861,5109,11469,1,23698,8004,1,11390,12373,24661,1.0,5:28,2015,2016
2015-16,2548,Dwyane Wade,Dwyane,1610612748,MIA,Miami Heat,21500914,2016-03-04T00:00:00,MIA @ PHI,W,26.5,3.0,7.0,4.0,12.0,16.0,11.0,17.0,24.0,1.0,1.0,2.0,5.0,44.6,1,1,1,1,10462,4307,292,1913,988,23774,21814,24967,8723,2692,17214,11390,1539,1438,1.0,26:29,2015,2016
2015-16,204001,Kristaps Porziņģis,Kristaps,1610612752,NYK,New York Knicks,21500915,2016-03-04T00:00:00,NYK @ BOS,L,20.2,0.0,4.0,0.0,4.0,6.0,6.0,6.0,20.0,0.0,0.0,1.0,3.0,24.0,1,13074,13074,13074,15709,12059,1596,9917,8599,10028,13237,13388,11929,8004,1,4972,4736,9121,1.0,20:14,2015,2016
2015-16,2546,Carmelo Anthony,Carmelo,1610612752,NYK,New York Knicks,21500915,2016-03-04T00:00:00,NYK @ BOS,L,40.4,0.0,7.0,0.0,8.0,13.0,10.0,28.0,52.0,0.0,0.0,1.0,5.0,46.4,1,13074,13074,13074,638,12059,292,9917,3109,21300,20509,26047,59,8004,1,4972,1539,1149,1.0,40:21,2015,2016
2015-16,201572,Brook Lopez,Brook,1610612751,BKN,Brooklyn Nets,21500920,2016-03-04T00:00:00,BKN @ DEN,W,38.1,0.0,4.0,0.0,12.0,17.0,10.0,26.0,56.0,0.0,0.0,4.0,7.0,35.3,1,1,1,1,1451,12059,1596,9917,988,24337,20509,26007,21,8004,1,22104,469,3719,1.0,38:09,2015,2016
2015-16,2544,LeBron James,LeBron,1610612739,CLE,Cleveland Cavaliers,21500917,2016-03-04T00:00:00,CLE vs. WAS,W,30.4,4.0,0.0,8.0,12.0,4.0,5.0,6.0,20.0,0.0,1.0,1.0,2.0,54.6,1,1,1,1,7206,2460,10158,280,988,6141,11469,13388,11929,8004,17214,4972,7786,413,1.0,30:23,2015,2016
2015-16,200768,Kyle Lowry,Kyle,1610612761,TOR,Toronto Raptors,21500916,2016-03-04T00:00:00,TOR vs. POR,W,36.7,6.0,3.0,9.0,8.0,4.0,10.0,2.0,22.0,0.0,1.0,3.0,8.0,46.0,1,1,1,1,2309,878,3104,184,3109,6141,20509,4025,10265,8004,17214,17641,254,1198,1.0,36:39,2015,2016
2015-16,201156,Nick Young,Nick,1610612747,LAL,Los Angeles Lakers,21500921,2016-03-04T00:00:00,LAL vs. ATL,L,25.1,2.0,0.0,0.0,0.0,7.0,0.0,9.0,22.0,0.0,1.0,1.0,2.0,11.6,1,13074,13074,13074,11573,6026,10158,9917,18861,12242,1,18829,10265,8004,17214,4972,7786,17970,1.0,25:08,2015,2016
2015-16,203081,Damian Lillard,Damian,1610612757,POR,Portland Trail Blazers,21500916,2016-03-04T00:00:00,POR @ TOR,L,39.6,4.0,8.0,5.0,12.0,14.0,10.0,6.0,38.0,0.0,1.0,2.0,9.0,57.1,1,13074,13074,13074,850,2460,137,1277,988,22292,20509,13388,1422,8004,17214,11390,138,312,1.0,39:37,2015,2016
2015-16,203087,Jeremy Lamb,Jeremy,1610612766,CHA,Charlotte Hornets,21500912,2016-03-04T00:00:00,CHA vs. IND,W,11.5,2.0,2.0,0.0,2.0,0.0,2.0,0.0,6.0,0.0,0.0,1.0,1.0,7.4,1,1,1,1,21852,6026,4731,9917,12984,1,3734,1,22724,8004,1,4972,12373,20912,1.0,11:27,2015,2016
2015-16,2365,Chris Andersen,Chris,1610612763,MEM,Memphis Grizzlies,21500918,2016-03-04T00:00:00,MEM vs. UTA,W,26.6,0.0,0.0,0.0,4.0,5.0,4.0,10.0,30.0,1.0,0.0,2.0,3.0,24.0,1,1,1,1,10410,12059,10158,9917,8599,8403,8458,20169,4541,2692,1,11390,4736,9121,1.0,26:33,2015,2016
2015-16,203497,Rudy Gobert,Rudy,1610612762,UTA,Utah Jazz,21500918,2016-03-04T00:00:00,UTA @ MEM,L,37.7,0.0,4.0,4.0,6.0,5.0,8.0,5.0,38.0,5.0,1.0,1.0,7.0,48.6,1,13074,13074,13074,1667,12059,1596,1913,5299,8403,17345,11593,1422,59,17214,4972,469,900,1.0,37:41,2015,2016
2015-16,1626144,Emmanuel Mudiay,Emmanuel,1610612743,DEN,Denver Nuggets,21500920,2016-03-04T00:00:00,DEN vs. BKN,L,32.9,4.0,2.0,8.0,14.0,14.0,4.0,2.0,26.0,1.0,1.0,4.0,5.0,48.7,1,13074,13074,13074,5183,2460,4731,280,542,22292,8458,4025,7214,2692,17214,22104,1539,890,1.0,32:56,2015,2016
2015-16,201581,JJ Hickson,JJ,1610612764,WAS,Washington Wizards,21500917,2016-03-04T00:00:00,WAS @ CLE,L,6.7,1.0,2.0,0.0,4.0,2.0,2.0,0.0,4.0,0.0,0.0,1.0,2.0,7.4,1,13074,13074,13074,23671,11535,4731,9917,8599,2619,3734,1,23698,8004,1,4972,7786,20912,1.0,6:43,2015,2016
2015-16,202355,Hassan Whiteside,Hassan,1610612748,MIA,Miami Heat,21500914,2016-03-04T00:00:00,MIA @ PHI,W,34.2,0.0,4.0,0.0,10.0,16.0,12.0,12.0,20.0,2.0,2.0,2.0,5.0,49.8,1,1,1,1,4215,12059,1596,9917,1840,23774,22832,22259,11929,932,23588,11390,1539,775,1.0,34:10,2015,2016
2015-16,202689,Kemba Walker,Kemba,1610612766,CHA,Charlotte Hornets,21500912,2016-03-04T00:00:00,CHA vs. IND,W,36.7,8.0,4.0,5.0,8.0,13.0,8.0,8.0,28.0,0.0,0.0,0.0,8.0,48.4,1,1,1,1,2285,308,1596,1277,3109,21300,17345,17194,5824,8004,1,1,254,920,1.0,36:42,2015,2016
2015-16,201587,Nicolas Batum,Nicolas,1610612766,CHA,Charlotte Hornets,21500912,2016-03-04T00:00:00,CHA vs. IND,W,38.7,0.0,2.0,2.0,16.0,10.0,10.0,5.0,32.0,2.0,1.0,4.0,5.0,48.4,1,1,1,1,1185,12059,4731,4675,275,17370,20509,11593,3535,932,17214,22104,1539,920,1.0,38:42,2015,2016
2015-16,201596,Mario Chalmers,Mario,1610612763,MEM,Memphis Grizzlies,21500918,2016-03-04T00:00:00,MEM vs. UTA,W,30.4,3.0,1.0,3.0,6.0,5.0,2.0,4.0,14.0,2.0,0.0,3.0,4.0,43.7,1,1,1,1,7196,4307,9709,3302,5299,8403,3734,8806,17019,932,1,17641,2748,1610,1.0,30:23,2015,2016
2015-16,203488,Mike Muscala,Mike,1610612737,ATL,Atlanta Hawks,21500921,2016-03-04T00:00:00,ATL @ LAL,W,4.1,0.0,0.0,0.0,2.0,2.0,0.0,0.0,6.0,1.0,0.0,0.0,0.0,7.4,1,1,1,1,24672,12059,10158,9917,12984,2619,1,1,22724,2692,1,1,18762,20912,1.0,4:07,2015,2016
2015-16,203924,Jerami Grant,Jerami,1610612755,PHI,Philadelphia 76ers,21500914,2016-03-04T00:00:00,PHI vs. MIA,L,37.6,3.0,0.0,3.0,4.0,10.0,16.0,12.0,40.0,2.0,0.0,4.0,2.0,24.4,1,13074,13074,13074,1683,4307,10158,3302,8599,17370,25155,22259,983,932,1,22104,7786,8867,1.0,37:38,2015,2016
2015-16,203498,Shabazz Muhammad,Shabazz,1610612750,MIN,Minnesota Timberwolves,21500919,2016-03-04T00:00:00,MIN @ MIL,L,27.5,3.0,2.0,3.0,12.0,22.0,4.0,10.0,24.0,0.0,2.0,1.0,4.0,24.0,1,13074,13074,13074,9629,4307,4731,3302,988,25683,8458,20169,8723,8004,23588,4972,2748,9121,1.0,27:28,2015,2016
2015-16,202331,Paul George,Paul,1610612754,IND,Indiana Pacers,21500912,2016-03-04T00:00:00,IND @ CHA,L,36.4,2.0,4.0,5.0,8.0,12.0,6.0,7.0,34.0,1.0,3.0,4.0,8.0,70.9,1,13074,13074,13074,2469,6026,1596,1277,3109,20178,13237,15538,2701,2692,25441,22104,254,41,1.0,36:24,2015,2016
2015-16,201143,Al Horford,Al,1610612737,ATL,Atlanta Hawks,21500921,2016-03-04T00:00:00,ATL @ LAL,W,25.6,2.0,0.0,2.0,4.0,6.0,15.0,0.0,18.0,3.0,0.0,2.0,2.0,29.5,1,1,1,1,11248,6026,10158,4675,8599,10028,24781,1,13577,347,1,11390,7786,6103,1.0,25:34,2015,2016
2015-16,203507,Giannis Antetokounmpo,Giannis,1610612749,MIL,Milwaukee Bucks,21500919,2016-03-04T00:00:00,MIL vs. MIN,W,35.0,11.0,0.0,10.0,14.0,19.0,14.0,9.0,44.0,2.0,2.0,2.0,8.0,66.8,1,1,1,1,3522,55,10158,118,542,25074,24300,18829,454,932,23588,11390,254,76,1.0,35:01,2015,2016
2015-16,201609,Goran Dragic,Goran,1610612748,MIA,Miami Heat,21500914,2016-03-04T00:00:00,MIA @ PHI,W,34.2,2.0,2.0,3.0,6.0,8.0,13.0,10.0,24.0,0.0,1.0,2.0,5.0,36.5,1,1,1,1,4226,6026,4731,3302,5299,13914,23668,20169,8723,8004,17214,11390,1539,3326,1.0,34:09,2015,2016
2015-16,203901,Elfrid Payton,Elfrid,1610612753,ORL,Orlando Magic,21500913,2016-03-04T00:00:00,ORL vs. PHX,L,34.5,4.0,2.0,4.0,14.0,9.0,8.0,11.0,30.0,0.0,1.0,2.0,1.0,43.9,1,13074,13074,13074,3961,2460,4731,1913,542,15771,17345,21342,4541,8004,17214,11390,12373,1573,1.0,34:29,2015,2016
2015-16,203096,Jared Sullinger,Jared,1610612738,BOS,Boston Celtics,21500915,2016-03-04T00:00:00,BOS vs. NYK,W,27.6,0.0,4.0,0.0,6.0,5.0,7.0,2.0,22.0,0.0,0.0,3.0,2.0,24.2,1,1,1,1,9509,12059,1596,9917,5299,8403,15642,4025,10265,8004,1,17641,7786,9009,1.0,27:38,2015,2016
2015-16,202738,Isaiah Thomas,Isaiah,1610612738,BOS,Boston Celtics,21500915,2016-03-04T00:00:00,BOS vs. NYK,W,35.7,6.0,2.0,11.0,14.0,5.0,13.0,2.0,22.0,0.0,1.0,2.0,9.0,53.6,1,1,1,1,2954,878,4731,69,542,8403,23668,4025,10265,8004,17214,11390,138,483,1.0,35:44,2015,2016
2015-16,203458,Alex Len,Alex,1610612756,PHX,Phoenix Suns,21500913,2016-03-04T00:00:00,PHX @ ORL,W,35.9,4.0,6.0,0.0,12.0,9.0,5.0,8.0,26.0,2.0,1.0,3.0,7.0,54.0,1,1,1,1,2806,2460,481,9917,988,15771,11469,17194,7214,932,17214,17641,469,453,1.0,35:56,2015,2016
2015-16,1626164,Devin Booker,Devin,1610612756,PHX,Phoenix Suns,21500913,2016-03-04T00:00:00,PHX @ ORL,W,33.0,2.0,0.0,4.0,4.0,10.0,3.0,11.0,22.0,1.0,0.0,2.0,8.0,28.8,1,1,1,1,5167,6026,10158,1913,8599,17370,7138,21342,10265,2692,1,11390,254,6465,1.0,32:57,2015,2016
2015-16,201574,Jason Thompson,Jason,1610612761,TOR,Toronto Raptors,21500916,2016-03-04T00:00:00,TOR vs. POR,W,1.2,0.0,0.0,0.0,0.0,2.0,0.0,0.0,2.0,0.0,0.0,0.0,0.0,0.0,1,1,1,1,25793,12059,10158,9917,18861,2619,1,1,24614,8004,1,1,18762,25170,1.0,1:12,2015,2016
2015-16,201619,Sasha Kaun,Sasha,1610612739,CLE,Cleveland Cavaliers,21500917,2016-03-04T00:00:00,CLE vs. WAS,W,4.3,0.0,2.0,0.0,2.0,2.0,2.0,0.0,4.0,1.0,0.0,1.0,1.0,8.6,1,1,1,1,24607,12059,4731,9917,12984,2619,3734,1,23698,2692,1,4972,12373,20125,1.0,4:19,2015,2016
2015-16,1897,Metta World Peace,Metta,1610612747,LAL,Los Angeles Lakers,21500921,2016-03-04T00:00:00,LAL vs. ATL,L,21.4,0.0,0.0,0.0,0.0,4.0,0.0,4.0,14.0,0.0,2.0,4.0,2.0,7.1,1,13074,13074,13074,14657,12059,10158,9917,18861,6141,1,8806,17019,8004,23588,22104,7786,21141,1.0,21:26,2015,2016
2015-16,200797,Ryan Hollins,Ryan,1610612763,MEM,Memphis Grizzlies,21500918,2016-03-04T00:00:00,MEM vs. UTA,W,11.0,0.0,0.0,0.0,0.0,2.0,0.0,2.0,4.0,1.0,0.0,1.0,1.0,5.2,1,1,1,1,22053,12059,10158,9917,18861,2619,1,4025,23698,2692,1,4972,12373,22370,1.0,10:58,2015,2016
2015-16,1626185,Jarell Martin,Jarell,1610612763,MEM,Memphis Grizzlies,21500918,2016-03-04T00:00:00,MEM vs. UTA,W,3.2,0.0,0.0,0.0,0.0,0.0,0.0,0.0,2.0,0.0,0.0,0.0,0.0,0.0,1,1,1,1,25054,12059,10158,9917,18861,1,1,1,24614,8004,1,1,18762,25170,1.0,3:11,2015,2016
2015-16,2747,JR Smith,JR,1610612739,CLE,Cleveland Cavaliers,21500917,2016-03-04T00:00:00,CLE vs. WAS,W,30.7,0.0,0.0,2.0,0.0,6.0,5.0,6.0,20.0,0.0,0.0,3.0,3.0,21.7,1,1,1,1,6961,12059,10158,4675,18861,10028,11469,13388,11929,8004,1,17641,4736,10592,1.0,30:41,2015,2016
2015-16,202720,Jon Leuer,Jon,1610612756,PHX,Phoenix Suns,21500913,2016-03-04T00:00:00,PHX @ ORL,W,9.1,2.0,0.0,0.0,4.0,10.0,2.0,4.0,8.0,0.0,0.0,1.0,1.0,9.6,1,1,1,1,22810,6026,10158,9917,8599,17370,3734,8806,21543,8004,1,4972,12373,19434,1.0,9:05,2015,2016
2015-16,202329,Al-Farouq Aminu,Al-Farouq,1610612757,POR,Portland Trail Blazers,21500916,2016-03-04T00:00:00,POR @ TOR,L,17.1,2.0,0.0,2.0,2.0,12.0,2.0,3.0,20.0,0.0,1.0,3.0,0.0,5.2,1,13074,13074,13074,18222,6026,10158,4675,12984,20178,3734,7328,11929,8004,17214,17641,18762,22370,1.0,17:04,2015,2016
2015-16,203148,Brian Roberts,Brian,1610612757,POR,Portland Trail Blazers,21500916,2016-03-04T00:00:00,POR @ TOR,L,1.2,0.0,0.0,0.0,0.0,0.0,0.0,0.0,0.0,0.0,0.0,0.0,0.0,0.0,1,13074,13074,13074,25793,12059,10158,9917,18861,1,1,1,25429,8004,1,1,18762,25170,1.0,1:12,2015,2016
2015-16,204002,Edy Tavares,Edy,1610612737,ATL,Atlanta Hawks,21500921,2016-03-04T00:00:00,ATL @ LAL,W,3.2,0.0,0.0,0.0,2.0,2.0,0.0,0.0,6.0,0.0,0.0,0.0,0.0,4.7,1,1,1,1,25064,12059,10158,9917,12984,2619,1,1,22724,8004,1,1,18762,22672,1.0,3:10,2015,2016
2015-16,2440,Matt Barnes,Matt,1610612763,MEM,Memphis Grizzlies,21500918,2016-03-04T00:00:00,MEM vs. UTA,W,23.8,0.0,0.0,0.0,2.0,6.0,4.0,12.0,28.0,1.0,0.0,3.0,0.0,7.0,1,1,1,1,12728,12059,10158,9917,12984,10028,8458,22259,5824,2692,1,17641,18762,21188,1.0,23:49,2015,2016
2015-16,101161,Amir Johnson,Amir,1610612738,BOS,Boston Celtics,21500915,2016-03-04T00:00:00,BOS vs. NYK,W,13.1,0.0,0.0,0.0,0.0,3.0,7.0,0.0,10.0,0.0,1.0,1.0,0.0,3.9,1,1,1,1,20907,12059,10158,9917,18861,5109,15642,1,20209,8004,17214,4972,18762,23225,1.0,13:08,2015,2016
2015-16,2449,Luis Scola,Luis,1610612761,TOR,Toronto Raptors,21500916,2016-03-04T00:00:00,TOR vs. POR,W,14.9,0.0,0.0,0.0,0.0,2.0,3.0,2.0,8.0,0.0,0.0,4.0,3.0,3.2,1,1,1,1,19796,12059,10158,9917,18861,2619,7138,4025,21543,8004,1,22104,4736,23473,1.0,14:57,2015,2016
2015-16,203094,Andrew Nicholson,Andrew,1610612753,ORL,Orlando Magic,21500913,2016-03-04T00:00:00,ORL vs. PHX,L,3.0,0.0,0.0,0.0,0.0,0.0,0.0,0.0,0.0,0.0,0.0,0.0,0.0,0.0,1,13074,13074,13074,25119,12059,10158,9917,18861,1,1,1,25429,8004,1,1,18762,25170,1.0,3:01,2015,2016
2015-16,201943,Brandon Jennings,Brandon,1610612753,ORL,Orlando Magic,21500913,2016-03-04T00:00:00,ORL vs. PHX,L,13.5,0.0,0.0,0.0,0.0,4.0,0.0,6.0,14.0,0.0,0.0,1.0,0.0,5.4,1,13074,13074,13074,20693,12059,10158,9917,18861,6141,1,13388,17019,8004,1,4972,18762,22242,1.0,13:31,2015,2016
2015-16,204060,Joe Ingles,Joe,1610612762,UTA,Utah Jazz,21500918,2016-03-04T00:00:00,UTA @ MEM,L,6.4,0.0,0.0,0.0,0.0,2.0,0.0,2.0,8.0,0.0,0.0,0.0,0.0,0.0,1,13074,13074,13074,23790,12059,10158,9917,18861,2619,1,4025,21543,8004,1,1,18762,25170,1.0,6:23,2015,2016
2015-16,2034,Mike Miller,Mike,1610612743,DEN,Denver Nuggets,21500920,2016-03-04T00:00:00,DEN vs. BKN,L,0.0,0.0,0.0,0.0,0.0,0.0,0.0,0.0,0.0,0.0,0.0,0.0,0.0,0.0,1,13074,13074,13074,26072,12059,10158,9917,18861,1,1,1,25429,8004,1,1,18762,25170,1.0,0:00,2015,2016
2015-16,203098,John Jenkins,John,1610612756,PHX,Phoenix Suns,21500913,2016-03-04T00:00:00,PHX @ ORL,W,18.6,0.0,0.0,2.0,0.0,14.0,6.0,6.0,18.0,0.0,0.0,0.0,0.0,5.4,1,1,1,1,17055,12059,10158,4675,18861,22292,13237,13388,13577,8004,1,1,18762,22242,1.0,18:33,2015,2016
2015-16,203080,Thomas Robinson,Thomas,1610612751,BKN,Brooklyn Nets,21500920,2016-03-04T00:00:00,BKN @ DEN,W,16.0,0.0,2.0,0.0,2.0,2.0,7.0,2.0,16.0,0.0,1.0,2.0,0.0,9.7,1,1,1,1,19031,12059,4731,9917,12984,2619,15642,4025,15259,8004,17214,11390,18762,19379,1.0,16:01,2015,2016
2015-16,1626173,Rashad Vaughn,Rashad,1610612749,MIL,Milwaukee Bucks,21500919,2016-03-04T00:00:00,MIL vs. MIN,W,12.3,0.0,0.0,0.0,0.0,2.0,2.0,9.0,14.0,0.0,0.0,0.0,0.0,7.2,1,1,1,1,21375,12059,10158,9917,18861,2619,3734,18829,17019,8004,1,1,18762,21035,1.0,12:19,2015,2016
2015-16,101112,Channing Frye,Channing,1610612739,CLE,Cleveland Cavaliers,21500917,2016-03-04T00:00:00,CLE vs. WAS,W,5.7,0.0,0.0,0.0,0.0,2.0,4.0,0.0,6.0,0.0,0.0,1.0,0.0,5.4,1,1,1,1,24081,12059,10158,9917,18861,2619,8458,1,22724,8004,1,4972,18762,22242,1.0,5:44,2015,2016
2015-16,201978,Chase Budinger,Chase,1610612754,IND,Indiana Pacers,21500912,2016-03-04T00:00:00,IND @ CHA,L,11.6,0.0,0.0,0.0,2.0,2.0,2.0,2.0,8.0,0.0,0.0,2.0,0.0,8.9,1,13074,13074,13074,21775,12059,10158,9917,12984,2619,3734,4025,21543,8004,1,11390,18762,19914,1.0,11:36,2015,2016
2015-16,2592,James Jones,James,1610612739,CLE,Cleveland Cavaliers,21500917,2016-03-04T00:00:00,CLE vs. WAS,W,12.0,0.0,0.0,0.0,0.0,2.0,4.0,1.0,10.0,1.0,0.0,1.0,0.0,9.2,1,1,1,1,21529,12059,10158,9917,18861,2619,8458,3646,20209,2692,1,4972,18762,19680,1.0,12:00,2015,2016
2015-16,201160,Jason Smith,Jason,1610612753,ORL,Orlando Magic,21500913,2016-03-04T00:00:00,ORL vs. PHX,L,11.9,2.0,2.0,2.0,4.0,0.0,4.0,7.0,18.0,0.0,0.0,5.0,2.0,6.5,1,13074,13074,13074,21621,6026,4731,4675,8599,1,8458,15538,13577,8004,1,24686,7786,21519,1.0,11:56,2015,2016
2015-16,2550,Kirk Hinrich,Kirk,1610612737,ATL,Atlanta Hawks,21500921,2016-03-04T00:00:00,ATL @ LAL,W,3.2,2.0,0.0,2.0,2.0,2.0,0.0,0.0,6.0,0.0,0.0,0.0,0.0,9.5,1,1,1,1,25064,6026,10158,4675,12984,2619,1,1,22724,8004,1,1,18762,19519,1.0,3:10,2015,2016
2015-16,203932,Aaron Gordon,Aaron,1610612753,ORL,Orlando Magic,21500913,2016-03-04T00:00:00,ORL vs. PHX,L,15.9,2.0,0.0,2.0,2.0,11.0,0.0,8.0,12.0,0.0,0.0,2.0,1.0,4.4,1,13074,13074,13074,19151,6026,10158,4675,12984,18886,1,17194,18637,8004,1,11390,12373,22837,1.0,15:51,2015,2016
2015-16,203895,Jordan McRae,Jordan,1610612739,CLE,Cleveland Cavaliers,21500917,2016-03-04T00:00:00,CLE vs. WAS,W,5.8,2.0,0.0,0.0,2.0,2.0,4.0,0.0,6.0,0.0,0.0,1.0,0.0,4.0,1,1,1,1,24041,6026,10158,9917,12984,2619,8458,1,22724,8004,1,4972,18762,23142,1.0,5:50,2015,2016
2015-16,204014,Damjan Rudez,Damjan,1610612750,MIN,Minnesota Timberwolves,21500919,2016-03-04T00:00:00,MIN @ MIL,L,16.5,0.0,3.0,0.0,0.0,15.0,4.0,6.0,12.0,0.0,1.0,2.0,1.0,8.9,1,13074,13074,13074,18663,12059,3104,9917,18861,23079,8458,13388,18637,8004,17214,11390,12373,19914,1.0,16:29,2015,2016
2015-16,204456,T.J. McConnell,T.J.,1610612755,PHI,Philadelphia 76ers,21500914,2016-03-04T00:00:00,PHI vs. MIA,L,15.8,2.0,0.0,0.0,0.0,0.0,9.0,1.0,16.0,0.0,1.0,2.0,1.0,15.5,1,13074,13074,13074,19205,6026,10158,9917,18861,1,19144,3646,15259,8004,17214,11390,12373,15004,1.0,15:47,2015,2016
2015-16,203952,Andrew Wiggins,Andrew,1610612750,MIN,Minnesota Timberwolves,21500919,2016-03-04T00:00:00,MIN @ MIL,L,20.5,4.0,0.0,4.0,2.0,19.0,7.0,19.0,20.0,0.0,0.0,1.0,2.0,12.4,1,13074,13074,13074,15449,2460,10158,1913,12984,25074,15642,25435,11929,8004,1,4972,7786,17418,1.0,20:32,2015,2016
2015-16,203960,JaKarr Sampson,JaKarr,1610612743,DEN,Denver Nuggets,21500920,2016-03-04T00:00:00,DEN vs. BKN,L,25.7,2.0,5.0,0.0,4.0,10.0,2.0,4.0,20.0,0.0,1.0,1.0,1.0,15.5,1,13074,13074,13074,11153,6026,995,9917,8599,17370,3734,8806,11929,8004,17214,4972,12373,15004,1.0,25:40,2015,2016
2015-16,202702,Kenneth Faried,Kenneth,1610612743,DEN,Denver Nuggets,21500920,2016-03-04T00:00:00,DEN vs. BKN,L,27.7,0.0,4.0,2.0,10.0,10.0,0.0,2.0,26.0,1.0,0.0,1.0,3.0,31.5,1,13074,13074,13074,9466,12059,1596,4675,1840,17370,1,4025,7214,2692,1,4972,4736,5180,1.0,27:42,2015,2016
2015-16,201577,Robin Lopez,Robin,1610612752,NYK,New York Knicks,21500915,2016-03-04T00:00:00,NYK @ BOS,L,32.2,0.0,0.0,0.0,8.0,15.0,10.0,28.0,46.0,2.0,0.0,1.0,3.0,31.4,1,13074,13074,13074,5760,12059,10158,9917,3109,23079,20509,26047,298,932,1,4972,4736,5218,1.0,32:10,2015,2016
2015-16,203900,Markel Brown,Markel,1610612751,BKN,Brooklyn Nets,21500920,2016-03-04T00:00:00,BKN @ DEN,W,33.4,4.0,2.0,2.0,4.0,8.0,9.0,12.0,38.0,0.0,0.0,1.0,2.0,40.1,1,1,1,1,4842,2460,4731,4675,8599,13914,19144,22259,1422,8004,1,4972,7786,2345,1.0,33:22,2015,2016
2015-16,203114,Khris Middleton,Khris,1610612749,MIL,Milwaukee Bucks,21500919,2016-03-04T00:00:00,MIL vs. MIN,W,33.8,11.0,3.0,11.0,2.0,17.0,14.0,7.0,42.0,0.0,0.0,3.0,2.0,41.4,1,1,1,1,4537,55,3104,69,12984,24337,24300,15538,670,8004,1,17641,7786,2060,1.0,33:46,2015,2016
2015-16,202696,Nikola Vučević,Nikola,1610612753,ORL,Orlando Magic,21500913,2016-03-04T00:00:00,ORL vs. PHX,L,29.6,1.0,0.0,0.0,4.0,11.0,4.0,8.0,22.0,1.0,1.0,5.0,2.0,40.4,1,13074,13074,13074,7908,11535,10158,9917,8599,18886,8458,17194,10265,2692,17214,24686,7786,2274,1.0,29:34,2015,2016
2015-16,202330,Gordon Hayward,Gordon,1610612762,UTA,Utah Jazz,21500918,2016-03-04T00:00:00,UTA @ MEM,L,37.9,7.0,0.0,2.0,8.0,7.0,8.0,3.0,42.0,0.0,1.0,1.0,2.0,30.2,1,13074,13074,13074,1546,548,10158,4675,3109,12242,17345,7328,670,8004,17214,4972,7786,5751,1.0,37:55,2015,2016
2015-16,201942,DeMar DeRozan,DeMar,1610612761,TOR,Toronto Raptors,21500916,2016-03-04T00:00:00,TOR vs. POR,W,36.7,2.0,2.0,0.0,14.0,10.0,15.0,9.0,34.0,0.0,1.0,3.0,14.0,40.6,1,1,1,1,2301,6026,4731,9917,542,17370,24781,18829,2701,8004,17214,17641,9,2230,1.0,36:40,2015,2016
2015-16,202324,Derrick Favors,Derrick,1610612762,UTA,Utah Jazz,21500918,2016-03-04T00:00:00,UTA @ MEM,L,28.5,0.0,0.0,0.0,12.0,9.0,8.0,7.0,36.0,0.0,0.0,0.0,0.0,15.6,1,13074,13074,13074,8801,12059,10158,9917,988,15771,17345,15538,1943,8004,1,1,18762,14916,1.0,28:31,2015,2016
2015-16,202684,Tristan Thompson,Tristan,1610612739,CLE,Cleveland Cavaliers,21500917,2016-03-04T00:00:00,CLE vs. WAS,W,22.4,2.0,2.0,0.0,6.0,5.0,4.0,5.0,18.0,2.0,0.0,1.0,4.0,27.4,1,1,1,1,13806,6026,4731,9917,5299,8403,8458,11593,13577,932,1,4972,2748,7179,1.0,22:27,2015,2016
2015-16,202681,Kyrie Irving,Kyrie,1610612739,CLE,Cleveland Cavaliers,21500917,2016-03-04T00:00:00,CLE vs. WAS,W,31.7,3.0,2.0,0.0,4.0,1.0,3.0,4.0,20.0,0.0,1.0,1.0,3.0,41.0,1,1,1,1,6165,4307,4731,9917,8599,2356,7138,8806,11929,8004,17214,4972,4736,2143,1.0,31:41,2015,2016
2015-16,201589,Darrell Arthur,Darrell,1610612743,DEN,Denver Nuggets,21500920,2016-03-04T00:00:00,DEN vs. BKN,L,25.3,0.0,0.0,0.0,0.0,7.0,11.0,4.0,20.0,1.0,0.0,4.0,0.0,15.8,1,13074,13074,13074,11445,12059,10158,9917,18861,12242,21814,8806,11929,2692,1,22104,18762,14754,1.0,25:18,2015,2016
2015-16,2199,Tyson Chandler,Tyson,1610612756,PHX,Phoenix Suns,21500913,2016-03-04T00:00:00,PHX @ ORL,W,23.9,0.0,2.0,0.0,8.0,6.0,1.0,9.0,14.0,1.0,0.0,3.0,4.0,27.4,1,1,1,1,12629,12059,4731,9917,3109,10028,3393,18829,17019,2692,1,17641,2748,7179,1.0,23:56,2015,2016
2015-16,203897,Zach LaVine,Zach,1610612750,MIN,Minnesota Timberwolves,21500919,2016-03-04T00:00:00,MIN @ MIL,L,38.7,3.0,3.0,7.0,10.0,37.0,11.0,18.0,36.0,0.0,2.0,2.0,5.0,31.4,1,13074,13074,13074,1197,4307,3104,454,1840,26078,21814,25228,1943,8004,23588,11390,1539,5218,1.0,38:40,2015,2016
2015-16,201573,Jerryd Bayless,Jerryd,1610612749,MIL,Milwaukee Bucks,21500919,2016-03-04T00:00:00,MIL vs. MIN,W,26.0,5.0,2.0,3.0,2.0,8.0,9.0,12.0,34.0,0.0,2.0,0.0,2.0,11.7,1,1,1,1,10869,1603,4731,3302,12984,13914,19144,22259,2701,8004,23588,1,7786,17903,1.0,25:58,2015,2016
2015-16,203496,Robert Covington,Robert,1610612755,PHI,Philadelphia 76ers,21500914,2016-03-04T00:00:00,PHI vs. MIA,L,40.6,7.0,2.0,6.0,6.0,10.0,17.0,13.0,42.0,1.0,1.0,3.0,4.0,42.5,1,13074,13074,13074,577,548,4731,740,5299,17370,25429,23048,670,2692,17214,17641,2748,1841,1.0,40:36,2015,2016
2015-16,202389,Timofey Mozgov,Timofey,1610612739,CLE,Cleveland Cavaliers,21500917,2016-03-04T00:00:00,CLE vs. WAS,W,19.6,0.0,2.0,2.0,14.0,1.0,1.0,4.0,10.0,0.0,1.0,2.0,2.0,20.0,1,1,1,1,16202,12059,4731,4675,542,2356,3393,8806,20209,8004,17214,11390,7786,11752,1.0,19:38,2015,2016
2015-16,201564,O.J. Mayo,O.J.,1610612749,MIL,Milwaukee Bucks,21500919,2016-03-04T00:00:00,MIL vs. MIN,W,32.0,0.0,0.0,3.0,0.0,17.0,13.0,11.0,36.0,0.0,0.0,5.0,0.0,20.2,1,1,1,1,5882,12059,10158,3302,18861,24337,23668,21342,1943,8004,1,24686,18762,11610,1.0,32:00,2015,2016
2015-16,201961,Wayne Ellington,Wayne,1610612751,BKN,Brooklyn Nets,21500920,2016-03-04T00:00:00,BKN @ DEN,W,19.7,0.0,0.0,0.0,0.0,11.0,8.0,14.0,32.0,0.0,0.0,3.0,0.0,11.7,1,1,1,1,16169,12059,10158,9917,18861,18886,17345,23710,3535,8004,1,17641,18762,17903,1.0,19:41,2015,2016
2015-16,202697,Iman Shumpert,Iman,1610612739,CLE,Cleveland Cavaliers,21500917,2016-03-04T00:00:00,CLE vs. WAS,W,30.4,0.0,0.0,0.0,0.0,3.0,3.0,6.0,18.0,1.0,0.0,2.0,3.0,15.1,1,1,1,1,7164,12059,10158,9917,18861,5109,7138,13388,13577,2692,1,11390,4736,15328,1.0,30:25,2015,2016
2015-16,202693,Markieff Morris,Markieff,1610612764,WAS,Washington Wizards,21500917,2016-03-04T00:00:00,WAS @ CLE,L,27.9,3.0,2.0,0.0,2.0,7.0,4.0,12.0,32.0,0.0,0.0,1.0,1.0,20.0,1,13074,13074,13074,9303,4307,4731,9917,12984,12242,8458,22259,3535,8004,1,4972,12373,11752,1.0,27:54,2015,2016
2015-16,203092,Tyler Zeller,Tyler,1610612738,BOS,Boston Celtics,21500915,2016-03-04T00:00:00,BOS vs. NYK,W,18.9,0.0,2.0,0.0,6.0,2.0,6.0,2.0,8.0,1.0,0.0,2.0,2.0,20.0,1,1,1,1,16777,12059,4731,9917,5299,2619,13237,4025,21543,2692,1,11390,7786,11752,1.0,18:54,2015,2016
2015-16,101179,Ronnie Price,Ronnie,1610612756,PHX,Phoenix Suns,21500913,2016-03-04T00:00:00,PHX @ ORL,W,44.8,4.0,0.0,4.0,6.0,20.0,5.0,17.0,32.0,1.0,1.0,2.0,2.0,42.0,1,1,1,1,90,2460,10158,1913,5299,25338,11469,24967,3535,2692,17214,11390,7786,1936,1.0,44:46,2015,2016
2015-16,2207,Joe Johnson,Joe,1610612748,MIA,Miami Heat,21500914,2016-03-04T00:00:00,MIA @ PHI,W,26.0,5.0,3.0,3.0,8.0,16.0,9.0,17.0,24.0,0.0,0.0,2.0,1.0,20.0,1,1,1,1,10854,1603,3104,3302,3109,23774,19144,24967,8723,8004,1,11390,12373,11752,1.0,25:59,2015,2016
2015-16,1626204,Larry Nance Jr.,Larry,1610612747,LAL,Los Angeles Lakers,21500921,2016-03-04T00:00:00,LAL vs. ATL,L,16.6,2.0,0.0,0.0,4.0,0.0,0.0,4.0,10.0,0.0,1.0,1.0,2.0,20.3,1,13074,13074,13074,18617,6026,10158,9917,8599,1,1,8806,20209,8004,17214,4972,7786,11534,1.0,16:33,2015,2016
2015-16,201196,Ramon Sessions,Ramon,1610612764,WAS,Washington Wizards,21500917,2016-03-04T00:00:00,WAS @ CLE,L,20.0,2.0,2.0,1.0,6.0,2.0,4.0,0.0,16.0,1.0,1.0,1.0,5.0,20.6,1,13074,13074,13074,15888,6026,4731,9347,5299,2619,8458,1,15259,2692,17214,4972,1539,11314,1.0,20:02,2015,2016
2015-16,203499,Shane Larkin,Shane,1610612751,BKN,Brooklyn Nets,21500920,2016-03-04T00:00:00,BKN @ DEN,W,34.9,5.0,3.0,0.0,0.0,8.0,11.0,14.0,42.0,0.0,0.0,4.0,3.0,26.6,1,1,1,1,3623,1603,3104,9917,18861,13914,21814,23710,670,8004,1,22104,4736,7566,1.0,34:53,2015,2016
2015-16,1626162,Kelly Oubre Jr.,Kelly,1610612764,WAS,Washington Wizards,21500917,2016-03-04T00:00:00,WAS @ CLE,L,7.5,1.0,2.0,0.0,2.0,2.0,2.0,0.0,4.0,0.0,0.0,2.0,1.0,11.8,1,13074,13074,13074,23384,11535,4731,9917,12984,2619,3734,1,23698,8004,1,11390,12373,17832,1.0,7:31,2015,2016
2015-16,203471,Dennis Schröder,Dennis,1610612737,ATL,Atlanta Hawks,21500921,2016-03-04T00:00:00,ATL @ LAL,W,17.9,2.0,0.0,0.0,8.0,4.0,6.0,2.0,12.0,0.0,1.0,2.0,3.0,20.5,1,1,1,1,17596,6026,10158,9917,3109,6141,13237,4025,18637,8004,17214,11390,4736,11401,1.0,17:54,2015,2016
2015-16,1626156,D'Angelo Russell,D'Angelo,1610612747,LAL,Los Angeles Lakers,21500921,2016-03-04T00:00:00,LAL vs. ATL,L,30.4,0.0,7.0,0.0,4.0,12.0,0.0,22.0,24.0,0.0,2.0,2.0,2.0,11.9,1,13074,13074,13074,7208,12059,292,9917,8599,20178,1,25811,8723,8004,23588,11390,7786,17760,1.0,30:22,2015,2016
2015-16,201155,Rodney Stuckey,Rodney,1610612754,IND,Indiana Pacers,21500912,2016-03-04T00:00:00,IND @ CHA,L,19.4,0.0,0.0,0.0,0.0,7.0,0.0,4.0,18.0,0.0,1.0,1.0,1.0,11.9,1,13074,13074,13074,16399,12059,10158,9917,18861,12242,1,8806,13577,8004,17214,4972,12373,17760,1.0,19:23,2015,2016
2015-16,2744,Al Jefferson,Al,1610612766,CHA,Charlotte Hornets,21500912,2016-03-04T00:00:00,CHA vs. IND,W,20.8,0.0,0.0,0.0,8.0,5.0,2.0,8.0,16.0,2.0,0.0,4.0,1.0,31.3,1,1,1,1,15257,12059,10158,9917,3109,8403,3734,17194,15259,932,1,22104,12373,5258,1.0,20:46,2015,2016
2015-16,101138,Brandon Bass,Brandon,1610612747,LAL,Los Angeles Lakers,21500921,2016-03-04T00:00:00,LAL vs. ATL,L,24.8,0.0,6.0,0.0,6.0,5.0,0.0,15.0,14.0,0.0,1.0,1.0,3.0,20.4,1,13074,13074,13074,11841,12059,481,9917,5299,8403,1,24242,17019,8004,17214,4972,4736,11453,1.0,24:47,2015,2016
2015-16,202709,Cory Joseph,Cory,1610612761,TOR,Toronto Raptors,21500916,2016-03-04T00:00:00,TOR vs. POR,W,30.6,4.0,0.0,2.0,4.0,8.0,18.0,7.0,28.0,1.0,0.0,4.0,2.0,20.4,1,1,1,1,7044,2460,10158,4675,8599,13914,25634,15538,5824,2692,1,22104,7786,11453,1.0,30:34,2015,2016
2015-16,1626158,Richaun Holmes,Richaun,1610612755,PHI,Philadelphia 76ers,21500914,2016-03-04T00:00:00,PHI vs. MIA,L,25.2,0.0,11.0,0.0,8.0,5.0,13.0,7.0,28.0,1.0,1.0,4.0,3.0,31.6,1,13074,13074,13074,11557,12059,19,9917,3109,8403,23668,15538,5824,2692,17214,22104,4736,5130,1.0,25:09,2015,2016
2015-16,202397,Ish Smith,Ish,1610612755,PHI,Philadelphia 76ers,21500914,2016-03-04T00:00:00,PHI vs. MIA,L,38.5,7.0,0.0,11.0,12.0,10.0,19.0,12.0,40.0,0.0,1.0,1.0,2.0,43.1,1,13074,13074,13074,1289,548,10158,69,988,17370,25786,22259,983,8004,17214,4972,7786,1713,1.0,38:28,2015,2016
2015-16,202388,Donald Sloan,Donald,1610612751,BKN,Brooklyn Nets,21500920,2016-03-04T00:00:00,BKN @ DEN,W,18.1,0.0,0.0,0.0,2.0,11.0,6.0,12.0,28.0,1.0,0.0,0.0,2.0,20.4,1,1,1,1,17425,12059,10158,9917,12984,18886,13237,22259,5824,2692,1,1,7786,11453,1.0,18:07,2015,2016
2015-16,1713,Vince Carter,Vince,1610612763,MEM,Memphis Grizzlies,21500918,2016-03-04T00:00:00,MEM vs. UTA,W,20.6,2.0,0.0,0.0,6.0,4.0,0.0,2.0,8.0,0.0,0.0,0.0,1.0,19.8,1,1,1,1,15418,6026,10158,9917,5299,6141,1,4025,21543,8004,1,1,12373,11883,1.0,20:35,2015,2016
2015-16,1626157,Karl-Anthony Towns,Karl-Anthony,1610612750,MIN,Minnesota Timberwolves,21500919,2016-03-04T00:00:00,MIN @ MIL,L,21.9,7.0,6.0,0.0,16.0,22.0,7.0,22.0,20.0,1.0,0.0,1.0,1.0,31.4,1,13074,13074,13074,14280,548,481,9917,275,25683,15642,25811,11929,2692,1,4972,12373,5218,1.0,21:52,2015,2016
2015-16,201973,Jonas Jerebko,Jonas,1610612738,BOS,Boston Celtics,21500915,2016-03-04T00:00:00,BOS vs. NYK,W,16.0,0.0,0.0,0.0,0.0,2.0,4.0,2.0,8.0,1.0,0.0,1.0,0.0,13.1,1,1,1,1,19074,12059,10158,9917,18861,2619,8458,4025,21543,2692,1,4972,18762,16874,1.0,15:57,2015,2016
2015-16,2210,Richard Jefferson,Richard,1610612739,CLE,Cleveland Cavaliers,21500917,2016-03-04T00:00:00,CLE vs. WAS,W,25.6,0.0,0.0,0.0,2.0,7.0,8.0,5.0,22.0,0.0,1.0,2.0,1.0,8.3,1,1,1,1,11208,12059,10158,9917,12984,12242,17345,11593,10265,8004,17214,11390,12373,20376,1.0,25:36,2015,2016
2015-16,201171,Carl Landry,Carl,1610612755,PHI,Philadelphia 76ers,21500914,2016-03-04T00:00:00,PHI vs. MIA,L,9.6,0.0,0.0,0.0,0.0,5.0,5.0,5.0,10.0,0.0,0.0,5.0,2.0,8.1,1,13074,13074,13074,22607,12059,10158,9917,18861,8403,11469,11593,20209,8004,1,24686,7786,20521,1.0,9:33,2015,2016
2015-16,203477,Isaiah Canaan,Isaiah,1610612755,PHI,Philadelphia 76ers,21500914,2016-03-04T00:00:00,PHI vs. MIA,L,28.1,0.0,0.0,2.0,0.0,1.0,13.0,1.0,26.0,0.0,1.0,1.0,1.0,18.1,1,13074,13074,13074,9183,12059,10158,4675,18861,2356,23668,3646,7214,8004,17214,4972,12373,13090,1.0,28:04,2015,2016
2015-16,201228,C.J. Watson,C.J.,1610612753,ORL,Orlando Magic,21500913,2016-03-04T00:00:00,ORL vs. PHX,L,24.3,3.0,0.0,0.0,0.0,5.0,4.0,15.0,28.0,0.0,1.0,3.0,0.0,13.1,1,13074,13074,13074,12268,4307,10158,9917,18861,8403,8458,24242,5824,8004,17214,17641,18762,16874,1.0,24:20,2015,2016
2015-16,203943,Noah Vonleh,Noah,1610612757,POR,Portland Trail Blazers,21500916,2016-03-04T00:00:00,POR @ TOR,L,10.8,0.0,0.0,0.0,2.0,8.0,0.0,3.0,12.0,0.0,0.0,4.0,2.0,8.3,1,13074,13074,13074,22100,12059,10158,9917,12984,13914,1,7328,18637,8004,1,22104,7786,20376,1.0,10:50,2015,2016
2015-16,203918,Rodney Hood,Rodney,1610612762,UTA,Utah Jazz,21500918,2016-03-04T00:00:00,UTA @ MEM,L,28.9,0.0,0.0,1.0,0.0,5.0,8.0,7.0,32.0,0.0,0.0,5.0,3.0,18.0,1,13074,13074,13074,8490,12059,10158,9347,18861,8403,17345,15538,3535,8004,1,24686,4736,13164,1.0,28:51,2015,2016
2015-16,201945,Gerald Henderson,Gerald,1610612757,POR,Portland Trail Blazers,21500916,2016-03-04T00:00:00,POR @ TOR,L,31.9,0.0,0.0,0.0,4.0,9.0,8.0,8.0,34.0,0.0,0.0,5.0,1.0,21.3,1,13074,13074,13074,5947,12059,10158,9917,8599,15771,17345,17194,2701,8004,1,24686,12373,10880,1.0,31:56,2015,2016
2015-16,203095,Evan Fournier,Evan,1610612753,ORL,Orlando Magic,21500913,2016-03-04T00:00:00,ORL vs. PHX,L,25.8,3.0,0.0,4.0,4.0,8.0,2.0,7.0,24.0,0.0,1.0,4.0,3.0,18.4,1,13074,13074,13074,11011,4307,10158,1913,8599,13914,3734,15538,8723,8004,17214,22104,4736,12854,1.0,25:48,2015,2016
2015-16,2403,Nene,ene,1610612764,WAS,Washington Wizards,21500917,2016-03-04T00:00:00,WAS @ CLE,L,16.3,0.0,0.0,0.0,2.0,2.0,2.0,0.0,16.0,0.0,1.0,1.0,1.0,12.8,1,13074,13074,13074,18820,12059,10158,9917,12984,2619,3734,1,15259,8004,17214,4972,12373,17129,1.0,16:18,2015,2016
2015-16,202362,Lance Stephenson,Lance,1610612763,MEM,Memphis Grizzlies,21500918,2016-03-04T00:00:00,MEM vs. UTA,W,24.6,4.0,0.0,4.0,14.0,5.0,0.0,4.0,18.0,0.0,0.0,5.0,1.0,21.5,1,1,1,1,12028,2460,10158,1913,542,8403,1,8806,13577,8004,1,24686,12373,10755,1.0,24:36,2015,2016
2015-16,201941,Jordan Hill,Jordan,1610612754,IND,Indiana Pacers,21500912,2016-03-04T00:00:00,IND @ CHA,L,15.0,0.0,2.0,0.0,6.0,4.0,2.0,6.0,12.0,0.0,1.0,1.0,0.0,16.7,1,13074,13074,13074,19728,12059,4731,9917,5299,6141,3734,13388,18637,8004,17214,4972,18762,14064,1.0,15:02,2015,2016
2015-16,202335,Patrick Patterson,Patrick,1610612761,TOR,Toronto Raptors,21500916,2016-03-04T00:00:00,TOR vs. POR,W,29.6,2.0,2.0,0.0,4.0,6.0,11.0,7.0,26.0,0.0,0.0,2.0,0.0,13.2,1,1,1,1,7856,6026,4731,9917,8599,10028,21814,15538,7214,8004,1,11390,18762,16768,1.0,29:38,2015,2016
2015-16,203124,Kyle O'Quinn,Kyle,1610612752,NYK,New York Knicks,21500915,2016-03-04T00:00:00,NYK @ BOS,L,7.9,0.0,0.0,0.0,2.0,0.0,0.0,2.0,6.0,1.0,0.0,2.0,0.0,21.3,1,13074,13074,13074,23210,12059,10158,9917,12984,1,1,4025,22724,2692,1,11390,18762,10880,1.0,7:57,2015,2016
2015-16,203521,Matthew Dellavedova,Matthew,1610612739,CLE,Cleveland Cavaliers,21500917,2016-03-04T00:00:00,CLE vs. WAS,W,21.3,0.0,0.0,0.0,4.0,5.0,2.0,8.0,16.0,0.0,1.0,3.0,0.0,18.1,1,1,1,1,14801,12059,10158,9917,8599,8403,3734,17194,15259,8004,17214,17641,18762,13090,1.0,21:17,2015,2016
2015-16,202066,Garrett Temple,Garrett,1610612764,WAS,Washington Wizards,21500917,2016-03-04T00:00:00,WAS @ CLE,L,26.8,0.0,0.0,0.0,0.0,2.0,4.0,4.0,26.0,1.0,0.0,3.0,0.0,3.0,1,13074,13074,13074,10155,12059,10158,9917,18861,2619,8458,8806,7214,2692,1,17641,18762,23648,1.0,26:50,2015,2016
2015-16,101123,Gerald Green,Gerald,1610612748,MIA,Miami Heat,21500914,2016-03-04T00:00:00,MIA @ PHI,W,19.6,0.0,2.0,3.0,0.0,8.0,9.0,6.0,16.0,0.0,0.0,0.0,0.0,13.2,1,1,1,1,16254,12059,4731,3302,18861,13914,19144,13388,15259,8004,1,1,18762,16768,1.0,19:35,2015,2016
2015-16,203504,Trey Burke,Trey,1610612762,UTA,Utah Jazz,21500918,2016-03-04T00:00:00,UTA @ MEM,L,20.2,0.0,0.0,3.0,2.0,4.0,0.0,2.0,28.0,0.0,1.0,2.0,1.0,13.2,1,13074,13074,13074,15775,12059,10158,3302,12984,6141,1,4025,5824,8004,17214,11390,12373,16768,1.0,20:09,2015,2016
2015-16,1626196,Josh Richardson,Josh,1610612748,MIA,Miami Heat,21500914,2016-03-04T00:00:00,MIA @ PHI,W,33.4,0.0,0.0,0.0,0.0,24.0,9.0,17.0,24.0,1.0,0.0,3.0,0.0,18.5,1,1,1,1,4850,12059,10158,9917,18861,25890,19144,24967,8723,2692,1,17641,18762,12794,1.0,33:21,2015,2016
2015-16,203490,Otto Porter Jr.,Otto,1610612764,WAS,Washington Wizards,21500917,2016-03-04T00:00:00,WAS @ CLE,L,27.8,0.0,1.0,0.0,2.0,7.0,4.0,12.0,30.0,0.0,2.0,2.0,3.0,7.8,1,13074,13074,13074,9383,12059,9709,9917,12984,12242,8458,22259,4541,8004,23588,11390,4736,20696,1.0,27:48,2015,2016
2015-16,203935,Marcus Smart,Marcus,1610612738,BOS,Boston Celtics,21500915,2016-03-04T00:00:00,BOS vs. NYK,W,28.3,0.0,2.0,0.0,0.0,2.0,6.0,2.0,22.0,0.0,0.0,2.0,1.0,16.3,1,1,1,1,9003,12059,4731,9917,18861,2619,13237,4025,10265,8004,1,11390,12373,14372,1.0,28:18,2015,2016
2015-16,1626191,Chris McCullough,Chris,1610612751,BKN,Brooklyn Nets,21500920,2016-03-04T00:00:00,BKN @ DEN,W,12.4,0.0,0.0,0.0,4.0,2.0,7.0,0.0,14.0,2.0,0.0,2.0,1.0,13.2,1,1,1,1,21347,12059,10158,9917,8599,2619,15642,1,17019,932,1,11390,12373,16768,1.0,12:22,2015,2016
2015-16,1626170,Jerian Grant,Jerian,1610612752,NYK,New York Knicks,21500915,2016-03-04T00:00:00,NYK @ BOS,L,3.5,2.0,0.0,2.0,2.0,2.0,2.0,2.0,4.0,0.0,0.0,0.0,0.0,3.0,1,13074,13074,13074,24946,6026,10158,4675,12984,2619,3734,4025,23698,8004,1,1,18762,23648,1.0,3:27,2015,2016
2015-16,203526,Raul Neto,Raul,1610612762,UTA,Utah Jazz,21500918,2016-03-04T00:00:00,UTA @ MEM,L,12.7,0.0,0.0,0.0,0.0,6.0,0.0,2.0,18.0,0.0,1.0,1.0,2.0,2.7,1,13074,13074,13074,21145,12059,10158,9917,18861,10028,1,4025,13577,8004,17214,4972,7786,23884,1.0,12:41,2015,2016
2015-16,203906,Devyn Marble,Devyn,1610612753,ORL,Orlando Magic,21500913,2016-03-04T00:00:00,ORL vs. PHX,L,15.8,0.0,0.0,0.0,0.0,4.0,2.0,4.0,10.0,1.0,0.0,2.0,0.0,12.4,1,13074,13074,13074,19214,12059,10158,9917,18861,6141,3734,8806,20209,2692,1,11390,18762,17418,1.0,15:46,2015,2016
2015-16,203086,Meyers Leonard,Meyers,1610612757,POR,Portland Trail Blazers,21500916,2016-03-04T00:00:00,POR @ TOR,L,11.7,0.0,0.0,0.0,0.0,7.0,1.0,0.0,16.0,0.0,0.0,3.0,2.0,2.6,1,13074,13074,13074,21736,12059,10158,9917,18861,12242,3393,1,15259,8004,1,17641,7786,23982,1.0,11:41,2015,2016
2015-16,203187,Chris Johnson,Chris,1610612762,UTA,Utah Jazz,21500918,2016-03-04T00:00:00,UTA @ MEM,L,9.1,0.0,0.0,0.0,0.0,4.0,0.0,4.0,14.0,0.0,1.0,0.0,0.0,2.4,1,13074,13074,13074,22787,12059,10158,9917,18861,6141,1,8806,17019,8004,17214,1,18762,24024,1.0,9:08,2015,2016
2015-16,2419,Tayshaun Prince,Tayshaun,1610612750,MIN,Minnesota Timberwolves,21500919,2016-03-04T00:00:00,MIN @ MIL,L,10.0,0.0,0.0,0.0,0.0,4.0,0.0,11.0,10.0,0.0,0.0,0.0,0.0,8.4,1,13074,13074,13074,22471,12059,10158,9917,18861,6141,1,21342,20209,8004,1,1,18762,20273,1.0,9:57,2015,2016
2015-16,203898,Tyler Ennis,Tyler,1610612749,MIL,Milwaukee Bucks,21500919,2016-03-04T00:00:00,MIL vs. MIN,W,7.2,0.0,0.0,0.0,0.0,0.0,2.0,2.0,8.0,0.0,0.0,0.0,0.0,2.7,1,1,1,1,23489,12059,10158,9917,18861,1,3734,4025,21543,8004,1,1,18762,23884,1.0,7:14,2015,2016
2015-16,1626273,Marcelo Huertas,Marcelo,1610612747,LAL,Los Angeles Lakers,21500921,2016-03-04T00:00:00,LAL vs. ATL,L,32.0,2.0,0.0,0.0,4.0,15.0,0.0,23.0,24.0,1.0,1.0,3.0,1.0,17.9,1,13074,13074,13074,5868,6026,10158,9917,8599,23079,1,25880,8723,2692,17214,17641,12373,13229,1.0,32:01,2015,2016
2015-16,204028,Tarik Black,Tarik,1610612747,LAL,Los Angeles Lakers,21500921,2016-03-04T00:00:00,LAL vs. ATL,L,4.4,0.0,0.0,0.0,2.0,2.0,0.0,5.0,8.0,0.0,0.0,0.0,1.0,7.6,1,13074,13074,13074,24581,12059,10158,9917,12984,2619,1,11593,21543,8004,1,1,12373,20803,1.0,4:24,2015,2016
2015-16,203524,Solomon Hill,Solomon,1610612754,IND,Indiana Pacers,21500912,2016-03-04T00:00:00,IND @ CHA,L,30.1,0.0,2.0,0.0,2.0,7.0,6.0,3.0,26.0,0.0,0.0,2.0,1.0,16.1,1,13074,13074,13074,7426,12059,4731,9917,12984,12242,13237,7328,7214,8004,1,11390,12373,14515,1.0,30:07,2015,2016
2015-16,2400,Drew Gooden,Drew,1610612764,WAS,Washington Wizards,21500917,2016-03-04T00:00:00,WAS @ CLE,L,4.9,0.0,0.0,0.0,0.0,2.0,2.0,0.0,4.0,0.0,1.0,0.0,0.0,2.4,1,13074,13074,13074,24390,12059,10158,9917,18861,2619,3734,1,23698,8004,17214,1,18762,24024,1.0,4:56,2015,2016
2015-16,203115,Will Barton,Will,1610612743,DEN,Denver Nuggets,21500920,2016-03-04T00:00:00,DEN vs. BKN,L,33.5,2.0,0.0,4.0,6.0,7.0,9.0,6.0,30.0,1.0,0.0,1.0,1.0,20.9,1,13074,13074,13074,4740,6026,10158,1913,5299,12242,19144,13388,4541,2692,1,4972,12373,11132,1.0,33:30,2015,2016
2015-16,1626148,Anthony Brown,Anthony,1610612747,LAL,Los Angeles Lakers,21500921,2016-03-04T00:00:00,LAL vs. ATL,L,35.1,2.0,0.0,0.0,2.0,19.0,0.0,23.0,30.0,0.0,0.0,1.0,1.0,16.6,1,13074,13074,13074,3496,6026,10158,9917,12984,25074,1,25880,4541,8004,1,4972,12373,14125,1.0,35:03,2015,2016
2015-16,203082,Terrence Ross,Terrence,1610612761,TOR,Toronto Raptors,21500916,2016-03-04T00:00:00,TOR vs. POR,W,22.0,0.0,0.0,0.0,0.0,4.0,11.0,7.0,22.0,0.0,0.0,3.0,0.0,3.2,1,1,1,1,14143,12059,10158,9917,18861,6141,21814,15538,10265,8004,1,17641,18762,23473,1.0,22:02,2015,2016
2015-16,203101,Miles Plumlee,Miles,1610612749,MIL,Milwaukee Bucks,21500919,2016-03-04T00:00:00,MIL vs. MIN,W,16.4,2.0,2.0,0.0,6.0,7.0,4.0,2.0,22.0,0.0,0.0,2.0,2.0,16.2,1,1,1,1,18699,6026,4731,9917,5299,12242,8458,4025,10265,8004,1,11390,7786,14436,1.0,16:26,2015,2016
2015-16,201571,D.J. Augustin,D.J.,1610612743,DEN,Denver Nuggets,21500920,2016-03-04T00:00:00,DEN vs. BKN,L,20.1,0.0,0.0,0.0,2.0,3.0,7.0,4.0,20.0,0.0,2.0,0.0,1.0,18.6,1,13074,13074,13074,15865,12059,10158,9917,12984,5109,15642,8806,11929,8004,23588,1,12373,12715,1.0,20:04,2015,2016
2015-16,203894,Shabazz Napier,Shabazz,1610612753,ORL,Orlando Magic,21500913,2016-03-04T00:00:00,ORL vs. PHX,L,3.0,0.0,0.0,0.0,0.0,0.0,0.0,0.0,0.0,0.0,0.0,0.0,0.0,2.0,1,13074,13074,13074,25119,12059,10158,9917,18861,1,1,1,25429,8004,1,1,18762,24216,1.0,3:01,2015,2016
2015-16,203798,PJ Hairston,PJ,1610612763,MEM,Memphis Grizzlies,21500918,2016-03-04T00:00:00,MEM vs. UTA,W,17.1,0.0,2.0,0.0,2.0,5.0,2.0,10.0,22.0,0.0,0.0,3.0,0.0,7.6,1,1,1,1,18230,12059,4731,9917,12984,8403,3734,20169,10265,8004,1,17641,18762,20803,1.0,17:03,2015,2016
2015-16,1882,Elton Brand,Elton,1610612755,PHI,Philadelphia 76ers,21500914,2016-03-04T00:00:00,PHI vs. MIA,L,13.3,0.0,0.0,0.0,0.0,0.0,4.0,1.0,12.0,0.0,0.0,2.0,2.0,12.8,1,13074,13074,13074,20805,12059,10158,9917,18861,1,8458,3646,18637,8004,1,11390,7786,17129,1.0,13:18,2015,2016
2015-16,200757,Thabo Sefolosha,Thabo,1610612737,ATL,Atlanta Hawks,21500921,2016-03-04T00:00:00,ATL @ LAL,W,21.2,3.0,0.0,0.0,2.0,4.0,6.0,2.0,14.0,2.0,0.0,1.0,0.0,13.9,1,1,1,1,14931,4307,10158,9917,12984,6141,13237,4025,17019,932,1,4972,18762,16232,1.0,21:09,2015,2016
2015-16,201152,Thaddeus Young,Thaddeus,1610612751,BKN,Brooklyn Nets,21500920,2016-03-04T00:00:00,BKN @ DEN,W,39.4,0.0,0.0,0.0,14.0,17.0,10.0,24.0,54.0,1.0,2.0,4.0,2.0,33.0,1,1,1,1,915,12059,10158,9917,542,24337,20509,25937,35,2692,23588,22104,7786,4537,1.0,39:25,2015,2016
2015-16,203999,Nikola Jokić,Nikola,1610612743,DEN,Denver Nuggets,21500920,2016-03-04T00:00:00,DEN vs. BKN,L,33.9,5.0,2.0,0.0,12.0,14.0,4.0,2.0,30.0,1.0,0.0,5.0,5.0,39.4,1,13074,13074,13074,4454,1603,4731,9917,988,22292,8458,4025,4541,2692,1,24686,1539,2530,1.0,33:52,2015,2016
2015-16,101162,Marcin Gortat,Marcin,1610612764,WAS,Washington Wizards,21500917,2016-03-04T00:00:00,WAS @ CLE,L,25.0,0.0,0.0,0.0,6.0,7.0,4.0,12.0,26.0,3.0,0.0,3.0,2.0,27.8,1,13074,13074,13074,11678,12059,10158,9917,5299,12242,8458,22259,7214,347,1,17641,7786,6950,1.0,24:59,2015,2016
2015-16,202685,Jonas Valančiūnas,Jonas,1610612761,TOR,Toronto Raptors,21500916,2016-03-04T00:00:00,TOR vs. POR,W,26.6,2.0,4.0,0.0,14.0,4.0,6.0,2.0,10.0,1.0,0.0,3.0,4.0,32.5,1,1,1,1,10353,6026,1596,9917,542,6141,13237,4025,20209,2692,1,17641,2748,4726,1.0,26:38,2015,2016
2015-16,203078,Bradley Beal,Bradley,1610612764,WAS,Washington Wizards,21500917,2016-03-04T00:00:00,WAS @ CLE,L,28.0,1.0,0.0,5.0,4.0,9.0,4.0,8.0,28.0,0.0,0.0,2.0,1.0,14.1,1,13074,13074,13074,9212,11535,10158,1277,8599,15771,8458,17194,5824,8004,1,11390,12373,16094,1.0,28:01,2015,2016
2015-16,1626181,Norman Powell,Norman,1610612761,TOR,Toronto Raptors,21500916,2016-03-04T00:00:00,TOR vs. POR,W,21.5,3.0,0.0,0.0,0.0,6.0,8.0,2.0,20.0,0.0,1.0,3.0,2.0,17.7,1,1,1,1,14591,4307,10158,9917,18861,10028,17345,4025,11929,8004,17214,17641,7786,13380,1.0,21:30,2015,2016
2015-16,203138,Hollis Thompson,Hollis,1610612755,PHI,Philadelphia 76ers,21500914,2016-03-04T00:00:00,PHI vs. MIA,L,31.4,5.0,5.0,0.0,6.0,9.0,14.0,13.0,36.0,1.0,0.0,5.0,2.0,33.2,1,13074,13074,13074,6361,1603,995,9917,5299,15771,24300,23048,1943,2692,1,24686,7786,4462,1.0,31:27,2015,2016
2015-16,204038,Langston Galloway,Langston,1610612752,NYK,New York Knicks,21500915,2016-03-04T00:00:00,NYK @ BOS,L,23.5,2.0,0.0,2.0,2.0,2.0,4.0,15.0,32.0,0.0,0.0,3.0,1.0,14.0,1,13074,13074,13074,12967,6026,10158,4675,12984,2619,8458,24242,3535,8004,1,17641,12373,16166,1.0,23:30,2015,2016
2015-16,200782,P.J. Tucker,P.J.,1610612756,PHX,Phoenix Suns,21500913,2016-03-04T00:00:00,PHX @ ORL,W,31.6,1.0,0.0,2.0,2.0,10.0,3.0,11.0,20.0,0.0,0.0,3.0,3.0,22.4,1,1,1,1,6228,11535,10158,4675,12984,17370,7138,21342,11929,8004,1,17641,4736,10131,1.0,31:36,2015,2016
2015-16,2743,Kris Humphries,Kris,1610612737,ATL,Atlanta Hawks,21500921,2016-03-04T00:00:00,ATL @ LAL,W,22.4,3.0,0.0,6.0,4.0,4.0,4.0,2.0,12.0,1.0,0.0,1.0,4.0,28.6,1,1,1,1,13840,4307,10158,740,8599,6141,8458,4025,18637,2692,1,4972,2748,6560,1.0,22:23,2015,2016
2015-16,203468,CJ McCollum,CJ,1610612757,POR,Portland Trail Blazers,21500916,2016-03-04T00:00:00,POR @ TOR,L,38.2,2.0,3.0,0.0,4.0,19.0,11.0,11.0,40.0,0.0,1.0,1.0,3.0,37.7,1,13074,13074,13074,1408,6026,3104,9917,8599,25074,21814,21342,983,8004,17214,4972,4736,2990,1.0,38:14,2015,2016
2015-16,202340,Avery Bradley,Avery,1610612738,BOS,Boston Celtics,21500915,2016-03-04T00:00:00,BOS vs. NYK,W,33.2,3.0,2.0,5.0,4.0,7.0,7.0,4.0,22.0,0.0,1.0,0.0,0.0,17.4,1,1,1,1,4966,4307,4731,1277,8599,12242,15642,8806,10265,8004,17214,1,18762,13595,1.0,33:12,2015,2016
2015-16,203914,Gary Harris,Gary,1610612743,DEN,Denver Nuggets,21500920,2016-03-04T00:00:00,DEN vs. BKN,L,41.4,6.0,0.0,12.0,14.0,14.0,6.0,2.0,38.0,1.0,0.0,0.0,3.0,37.9,1,13074,13074,13074,414,878,10158,42,542,22292,13237,4025,1422,2692,1,1,4736,2931,1.0,41:22,2015,2016
2015-16,202344,Trevor Booker,Trevor,1610612762,UTA,Utah Jazz,21500918,2016-03-04T00:00:00,UTA @ MEM,L,14.1,1.0,0.0,0.0,4.0,6.0,0.0,2.0,22.0,0.0,0.0,2.0,1.0,14.1,1,13074,13074,13074,20336,11535,10158,9917,8599,10028,1,4025,10265,8004,1,11390,12373,16094,1.0,14:07,2015,2016
2015-16,101145,Monta Ellis,Monta,1610612754,IND,Indiana Pacers,21500912,2016-03-04T00:00:00,IND @ CHA,L,36.9,3.0,0.0,3.0,4.0,12.0,8.0,9.0,34.0,0.0,1.0,4.0,4.0,28.6,1,13074,13074,13074,2130,4307,10158,3302,8599,20178,17345,18829,2701,8004,17214,22104,2748,6560,1.0,36:55,2015,2016
2015-16,202687,Bismack Biyombo,Bismack,1610612761,TOR,Toronto Raptors,21500916,2016-03-04T00:00:00,TOR vs. POR,W,20.2,2.0,1.0,0.0,6.0,4.0,13.0,7.0,28.0,2.0,0.0,5.0,2.0,17.8,1,1,1,1,15761,6026,9709,9917,5299,6141,23668,15538,5824,932,1,24686,7786,13309,1.0,20:10,2015,2016
2015-16,1626209,Mario Hezonja,Mario,1610612753,ORL,Orlando Magic,21500913,2016-03-04T00:00:00,ORL vs. PHX,L,33.6,3.0,0.0,3.0,2.0,9.0,8.0,11.0,30.0,0.0,0.0,4.0,3.0,21.8,1,13074,13074,13074,4668,4307,10158,3302,12984,15771,17345,21342,4541,8004,1,22104,4736,10526,1.0,33:36,2015,2016
2015-16,203084,Harrison Barnes,Harrison,1610612744,GSW,Golden State Warriors,21500911,2016-03-03T00:00:00,GSW vs. OKC,W,31.2,0.0,0.0,0.0,6.0,5.0,10.0,18.0,46.0,0.0,0.0,0.0,0.0,31.9,1,1,1,1,6567,12059,10158,9917,5299,8403,20509,25228,298,8004,1,1,18762,4984,1.0,31:11,2015,2016
2015-16,201980,Danny Green,Danny,1610612759,SAS,San Antonio Spurs,21500909,2016-03-03T00:00:00,SAS @ NOP,W,34.5,0.0,2.0,0.0,4.0,10.0,6.0,10.0,26.0,0.0,0.0,2.0,1.0,22.6,1,1,1,1,3975,12059,4731,9917,8599,17370,13237,20169,7214,8004,1,11390,12373,10000,1.0,34:28,2015,2016
2015-16,202355,Hassan Whiteside,Hassan,1610612748,MIA,Miami Heat,21500908,2016-03-03T00:00:00,MIA vs. PHX,W,23.5,0.0,2.0,0.0,6.0,8.0,0.0,11.0,26.0,5.0,0.0,4.0,2.0,38.7,1,1,1,1,12992,12059,4731,9917,5299,13914,1,21342,7214,59,1,22104,7786,2717,1.0,23:28,2015,2016
2015-16,1717,Dirk Nowitzki,Dirk,1610612742,DAL,Dallas Mavericks,21500910,2016-03-03T00:00:00,DAL vs. SAC,L,32.0,2.0,4.0,2.0,10.0,13.0,11.0,22.0,38.0,1.0,0.0,5.0,3.0,28.7,1,13074,13074,13074,5862,6026,1596,4675,1840,21300,21814,25811,1422,2692,1,24686,4736,6514,1.0,32:02,2015,2016
2015-16,203460,Andre Roberson,Andre,1610612760,OKC,Oklahoma City Thunder,21500911,2016-03-03T00:00:00,OKC @ GSW,L,35.5,0.0,2.0,0.0,2.0,16.0,6.0,13.0,38.0,0.0,0.0,4.0,1.0,17.2,1,13074,13074,13074,3109,12059,4731,9917,12984,23774,13237,23048,1422,8004,1,22104,12373,13725,1.0,35:32,2015,2016
2015-16,203110,Draymond Green,Draymond,1610612744,GSW,Golden State Warriors,21500911,2016-03-03T00:00:00,GSW vs. OKC,W,35.0,5.0,3.0,5.0,10.0,5.0,6.0,18.0,38.0,0.0,0.0,4.0,2.0,39.1,1,1,1,1,3534,1603,3104,1277,1840,8403,13237,25228,1422,8004,1,22104,7786,2616,1.0,35:00,2015,2016
2015-16,201950,Jrue Holiday,Jrue,1610612740,NOP,New Orleans Pelicans,21500909,2016-03-03T00:00:00,NOP vs. SAS,L,27.8,2.0,0.0,0.0,4.0,7.0,7.0,5.0,10.0,0.0,2.0,0.0,2.0,32.1,1,13074,13074,13074,9352,6026,10158,9917,8599,12242,15642,11593,20209,8004,23588,1,7786,4889,1.0,27:50,2015,2016
2015-16,1626164,Devin Booker,Devin,1610612756,PHX,Phoenix Suns,21500908,2016-03-03T00:00:00,PHX @ MIA,L,39.4,7.0,0.0,2.0,8.0,8.0,8.0,4.0,40.0,0.0,0.0,4.0,6.0,39.6,1,13074,13074,13074,924,548,10158,4675,3109,13914,17345,8806,983,8004,1,22104,873,2474,1.0,39:23,2015,2016
2015-16,203462,Archie Goodwin,Archie,1610612756,PHX,Phoenix Suns,21500908,2016-03-03T00:00:00,PHX @ MIA,L,23.9,0.0,0.0,4.0,8.0,6.0,6.0,6.0,34.0,0.0,1.0,2.0,4.0,16.9,1,13074,13074,13074,12662,12059,10158,1913,3109,10028,13237,13388,2701,8004,17214,11390,2748,13911,1.0,23:54,2015,2016
2015-16,101106,Andrew Bogut,Andrew,1610612744,GSW,Golden State Warriors,21500911,2016-03-03T00:00:00,GSW vs. OKC,W,26.5,2.0,2.0,0.0,4.0,0.0,4.0,14.0,30.0,1.0,0.0,3.0,3.0,22.2,1,1,1,1,10488,6026,4731,9917,8599,1,8458,23710,4541,2692,1,17641,4736,10263,1.0,26:27,2015,2016
2015-16,201609,Goran Dragic,Goran,1610612748,MIA,Miami Heat,21500908,2016-03-03T00:00:00,MIA vs. PHX,W,34.3,4.0,4.0,6.0,14.0,11.0,2.0,6.0,32.0,0.0,1.0,4.0,2.0,39.4,1,1,1,1,4069,2460,1596,740,542,18886,3734,13388,3535,8004,17214,22104,7786,2530,1.0,34:20,2015,2016
2015-16,200782,P.J. Tucker,P.J.,1610612756,PHX,Phoenix Suns,21500908,2016-03-03T00:00:00,PHX @ MIA,L,31.3,6.0,0.0,4.0,10.0,8.0,6.0,0.0,26.0,0.0,1.0,3.0,2.0,22.5,1,13074,13074,13074,6470,878,10158,1913,1840,13914,13237,1,7214,8004,17214,17641,7786,10082,1.0,31:18,2015,2016
2015-16,200746,LaMarcus Aldridge,LaMarcus,1610612759,SAS,San Antonio Spurs,21500909,2016-03-03T00:00:00,SAS @ NOP,W,34.9,0.0,2.0,2.0,4.0,6.0,4.0,8.0,24.0,1.0,0.0,2.0,4.0,38.1,1,1,1,1,3623,12059,4731,4675,8599,10028,8458,17194,8723,2692,1,11390,2748,2879,1.0,34:53,2015,2016
2015-16,202691,Klay Thompson,Klay,1610612744,GSW,Golden State Warriors,21500911,2016-03-03T00:00:00,GSW vs. OKC,W,34.5,4.0,0.0,8.0,16.0,2.0,12.0,22.0,48.0,0.0,2.0,1.0,0.0,31.9,1,1,1,1,3961,2460,10158,280,275,2619,22832,25811,192,8004,23588,4972,18762,4984,1.0,34:29,2015,2016
2015-16,1626159,Justise Winslow,Justise,1610612748,MIA,Miami Heat,21500908,2016-03-03T00:00:00,MIA vs. PHX,W,29.0,0.0,0.0,0.0,2.0,6.0,3.0,5.0,22.0,0.0,0.0,2.0,2.0,23.4,1,1,1,1,8369,12059,10158,9917,12984,10028,7138,11593,10265,8004,1,11390,7786,9501,1.0,29:01,2015,2016
2015-16,2733,Shaun Livingston,Shaun,1610612744,GSW,Golden State Warriors,21500911,2016-03-03T00:00:00,GSW vs. OKC,W,20.5,0.0,0.0,0.0,2.0,5.0,12.0,14.0,28.0,0.0,0.0,2.0,3.0,34.4,1,1,1,1,15477,12059,10158,9917,12984,8403,22832,23710,5824,8004,1,11390,4736,4029,1.0,20:30,2015,2016
2015-16,203463,Ben McLemore,Ben,1610612758,SAC,Sacramento Kings,21500910,2016-03-03T00:00:00,SAC @ DAL,W,23.3,2.0,0.0,5.0,4.0,12.0,8.0,12.0,28.0,0.0,0.0,2.0,0.0,14.8,1,1,1,1,13145,6026,10158,1277,8599,20178,17345,22259,5824,8004,1,11390,18762,15561,1.0,23:16,2015,2016
2015-16,2736,Luol Deng,Luol,1610612748,MIA,Miami Heat,21500908,2016-03-03T00:00:00,MIA vs. PHX,W,28.5,3.0,0.0,0.0,4.0,13.0,2.0,13.0,30.0,0.0,0.0,1.0,4.0,25.8,1,1,1,1,8824,4307,10158,9917,8599,21300,3734,23048,4541,8004,1,4972,2748,8022,1.0,28:30,2015,2016
2015-16,1626196,Josh Richardson,Josh,1610612748,MIA,Miami Heat,21500908,2016-03-03T00:00:00,MIA vs. PHX,W,22.5,0.0,0.0,0.0,2.0,10.0,3.0,9.0,16.0,0.0,0.0,4.0,1.0,14.9,1,1,1,1,13760,12059,10158,9917,12984,17370,7138,18829,15259,8004,1,22104,12373,15463,1.0,22:30,2015,2016
2015-16,202083,Wesley Matthews,Wesley,1610612742,DAL,Dallas Mavericks,21500910,2016-03-03T00:00:00,DAL vs. SAC,L,36.2,2.0,0.0,0.0,2.0,9.0,9.0,12.0,42.0,0.0,0.0,3.0,3.0,19.6,1,13074,13074,13074,2611,6026,10158,9917,12984,15771,19144,22259,670,8004,1,17641,4736,12024,1.0,36:12,2015,2016
2015-16,2207,Joe Johnson,Joe,1610612748,MIA,Miami Heat,21500908,2016-03-03T00:00:00,MIA vs. PHX,W,31.3,3.0,0.0,0.0,2.0,15.0,5.0,11.0,22.0,0.0,0.0,3.0,1.0,14.6,1,1,1,1,6439,4307,10158,9917,12984,23079,11469,21342,10265,8004,1,17641,12373,15699,1.0,31:20,2015,2016
2015-16,201569,Eric Gordon,Eric,1610612740,NOP,New Orleans Pelicans,21500909,2016-03-03T00:00:00,NOP vs. SAS,L,33.6,0.0,3.0,6.0,8.0,4.0,7.0,4.0,16.0,0.0,2.0,1.0,3.0,35.0,1,13074,13074,13074,4694,12059,3104,740,3109,6141,15642,8806,15259,8004,23588,4972,4736,3813,1.0,33:34,2015,2016
2015-16,200752,Rudy Gay,Rudy,1610612758,SAC,Sacramento Kings,21500910,2016-03-03T00:00:00,SAC @ DAL,W,36.3,1.0,2.0,5.0,4.0,12.0,10.0,14.0,48.0,0.0,0.0,2.0,1.0,22.9,1,1,1,1,2579,11535,4731,1277,8599,20178,20509,23710,192,8004,1,11390,12373,9811,1.0,36:15,2015,2016
2015-16,2405,Amar'e Stoudemire,Amar'e,1610612748,MIA,Miami Heat,21500908,2016-03-03T00:00:00,MIA vs. PHX,W,24.5,0.0,0.0,0.0,6.0,10.0,5.0,4.0,16.0,3.0,0.0,5.0,3.0,25.8,1,1,1,1,12083,12059,10158,9917,5299,17370,11469,8806,15259,347,1,24686,4736,8022,1.0,24:32,2015,2016
2015-16,202087,Alonzo Gee,Alonzo,1610612740,NOP,New Orleans Pelicans,21500909,2016-03-03T00:00:00,NOP vs. SAS,L,15.9,0.0,0.0,0.0,2.0,3.0,2.0,5.0,6.0,1.0,0.0,0.0,1.0,10.0,1,13074,13074,13074,19102,12059,10158,9917,12984,5109,3734,11593,22724,2692,1,1,12373,19178,1.0,15:55,2015,2016
2015-16,202708,Norris Cole,Norris,1610612740,NOP,New Orleans Pelicans,21500909,2016-03-03T00:00:00,NOP vs. SAS,L,29.3,2.0,0.0,0.0,2.0,4.0,2.0,2.0,12.0,0.0,2.0,2.0,0.0,25.1,1,13074,13074,13074,8109,6026,10158,9917,12984,6141,3734,4025,18637,8004,23588,11390,18762,8429,1.0,29:19,2015,2016
2015-16,201578,Marreese Speights,Marreese,1610612744,GSW,Golden State Warriors,21500911,2016-03-03T00:00:00,GSW vs. OKC,W,11.8,2.0,0.0,0.0,0.0,5.0,8.0,7.0,20.0,1.0,0.0,1.0,1.0,19.3,1,1,1,1,21677,6026,10158,9917,18861,8403,17345,15538,11929,2692,1,4972,12373,12228,1.0,11:49,2015,2016
2015-16,101109,Raymond Felton,Raymond,1610612742,DAL,Dallas Mavericks,21500910,2016-03-03T00:00:00,DAL vs. SAC,L,25.6,0.0,0.0,3.0,2.0,12.0,2.0,20.0,32.0,1.0,1.0,1.0,2.0,15.0,1,13074,13074,13074,11177,12059,10158,3302,12984,20178,3734,25599,3535,2692,17214,4972,7786,15404,1.0,25:38,2015,2016
2015-16,2585,Zaza Pachulia,Zaza,1610612742,DAL,Dallas Mavericks,21500910,2016-03-03T00:00:00,DAL vs. SAC,L,23.8,2.0,0.0,0.0,4.0,6.0,6.0,16.0,40.0,0.0,1.0,2.0,1.0,14.7,1,13074,13074,13074,12740,6026,10158,9917,8599,10028,13237,24641,983,8004,17214,11390,12373,15631,1.0,23:49,2015,2016
2015-16,203141,Mirza Teletovic,Mirza,1610612756,PHX,Phoenix Suns,21500908,2016-03-03T00:00:00,PHX @ MIA,L,28.3,0.0,3.0,0.0,0.0,7.0,8.0,8.0,34.0,1.0,2.0,2.0,3.0,25.0,1,13074,13074,13074,8994,12059,3104,9917,18861,12242,17345,17194,2701,2692,23588,11390,4736,8485,1.0,28:19,2015,2016
2015-16,101114,Deron Williams,Deron,1610612742,DAL,Dallas Mavericks,21500910,2016-03-03T00:00:00,DAL vs. SAC,L,37.4,0.0,2.0,2.0,4.0,9.0,9.0,15.0,44.0,0.0,1.0,3.0,1.0,29.1,1,13074,13074,13074,1795,12059,4731,4675,8599,15771,19144,24242,454,8004,17214,17641,12373,6285,1.0,37:26,2015,2016
2015-16,200765,Rajon Rondo,Rajon,1610612758,SAC,Sacramento Kings,21500910,2016-03-03T00:00:00,SAC @ DAL,W,37.7,2.0,0.0,0.0,16.0,12.0,8.0,12.0,48.0,0.0,1.0,3.0,4.0,48.0,1,1,1,1,1661,6026,10158,9917,275,20178,17345,22259,192,8004,17214,17641,2748,960,1.0,37:41,2015,2016
2015-16,202326,DeMarcus Cousins,DeMarcus,1610612758,SAC,Sacramento Kings,21500910,2016-03-03T00:00:00,SAC @ DAL,W,36.3,4.0,5.0,2.0,18.0,12.0,8.0,15.0,50.0,2.0,1.0,3.0,8.0,50.1,1,1,1,1,2578,2460,995,4675,131,20178,17345,24242,107,932,17214,17641,254,743,1.0,36:15,2015,2016
2015-16,203076,Anthony Davis,Anthony,1610612740,NOP,New Orleans Pelicans,21500909,2016-03-03T00:00:00,NOP vs. SAS,L,35.1,4.0,2.0,4.0,8.0,6.0,7.0,4.0,18.0,2.0,0.0,1.0,5.0,44.1,1,13074,13074,13074,3452,2460,4731,1913,3109,10028,15642,8806,13577,932,1,4972,1539,1542,1.0,35:07,2015,2016
2015-16,202718,Chandler Parsons,Chandler,1610612742,DAL,Dallas Mavericks,21500910,2016-03-03T00:00:00,DAL vs. SAC,L,38.3,4.0,2.0,2.0,18.0,9.0,9.0,15.0,44.0,0.0,0.0,2.0,3.0,43.3,1,13074,13074,13074,1365,2460,4731,4675,131,15771,19144,24242,454,8004,1,11390,4736,1678,1.0,38:19,2015,2016
2015-16,201142,Kevin Durant,Kevin,1610612760,OKC,Oklahoma City Thunder,21500911,2016-03-03T00:00:00,OKC @ GSW,L,39.2,6.0,2.0,5.0,16.0,16.0,8.0,15.0,46.0,2.0,0.0,1.0,5.0,57.5,1,13074,13074,13074,997,878,4731,1277,275,23774,17345,24242,298,932,1,4972,1539,290,1.0,39:11,2015,2016
2015-16,203458,Alex Len,Alex,1610612756,PHX,Phoenix Suns,21500908,2016-03-03T00:00:00,PHX @ MIA,L,39.8,1.0,1.0,4.0,8.0,10.0,8.0,4.0,40.0,1.0,3.0,5.0,4.0,29.1,1,13074,13074,13074,786,11535,9709,1913,3109,17370,17345,8806,983,2692,25441,24686,2748,6285,1.0,39:48,2015,2016
2015-16,101135,David Lee,David,1610612742,DAL,Dallas Mavericks,21500910,2016-03-03T00:00:00,DAL vs. SAC,L,18.4,4.0,4.0,4.0,12.0,10.0,2.0,10.0,16.0,1.0,1.0,4.0,0.0,29.7,1,13074,13074,13074,17146,2460,1596,1913,988,17370,3734,20169,15259,2692,17214,22104,18762,6006,1.0,18:26,2015,2016
2015-16,201939,Stephen Curry,Stephen,1610612744,GSW,Golden State Warriors,21500911,2016-03-03T00:00:00,GSW vs. OKC,W,37.2,3.0,3.0,3.0,12.0,7.0,8.0,22.0,44.0,1.0,1.0,2.0,5.0,48.8,1,1,1,1,1973,4307,3104,3302,988,12242,17345,25811,454,2692,17214,11390,1539,881,1.0,37:11,2015,2016
2015-16,201988,Patty Mills,Patty,1610612759,SAS,San Antonio Spurs,21500909,2016-03-03T00:00:00,SAS @ NOP,W,26.6,4.0,0.0,0.0,0.0,4.0,7.0,8.0,16.0,1.0,0.0,1.0,2.0,36.8,1,1,1,1,10371,2460,10158,9917,18861,6141,15642,17194,15259,2692,1,4972,7786,3241,1.0,26:36,2015,2016
2015-16,203098,John Jenkins,John,1610612756,PHX,Phoenix Suns,21500908,2016-03-03T00:00:00,PHX @ MIA,L,26.2,1.0,0.0,1.0,2.0,7.0,8.0,8.0,28.0,0.0,1.0,0.0,1.0,7.4,1,13074,13074,13074,10655,11535,10158,9347,12984,12242,17345,17194,5824,8004,17214,1,12373,20912,1.0,26:14,2015,2016
2015-16,202695,Kawhi Leonard,Kawhi,1610612759,SAS,San Antonio Spurs,21500909,2016-03-03T00:00:00,SAS @ NOP,W,39.0,0.0,3.0,5.0,8.0,6.0,7.0,8.0,24.0,2.0,0.0,1.0,1.0,57.7,1,1,1,1,1065,12059,3104,1277,3109,10028,15642,17194,8723,932,1,4972,12373,281,1.0,39:01,2015,2016
2015-16,202720,Jon Leuer,Jon,1610612756,PHX,Phoenix Suns,21500908,2016-03-03T00:00:00,PHX @ MIA,L,8.2,0.0,0.0,0.0,2.0,2.0,2.0,4.0,12.0,0.0,0.0,2.0,1.0,5.6,1,13074,13074,13074,23115,12059,10158,9917,12984,2619,3734,8806,18637,8004,1,11390,12373,22133,1.0,8:12,2015,2016
2015-16,2564,Boris Diaw,Boris,1610612759,SAS,San Antonio Spurs,21500909,2016-03-03T00:00:00,SAS @ NOP,W,5.7,0.0,0.0,0.0,0.0,2.0,0.0,2.0,8.0,0.0,0.0,0.0,0.0,1.5,1,1,1,1,24118,12059,10158,9917,18861,2619,1,4025,21543,8004,1,1,18762,24473,1.0,5:39,2015,2016
2015-16,201177,Josh McRoberts,Josh,1610612748,MIA,Miami Heat,21500908,2016-03-03T00:00:00,MIA vs. PHX,W,3.2,0.0,0.0,0.0,0.0,0.0,0.0,2.0,6.0,0.0,1.0,1.0,0.0,1.5,1,1,1,1,25036,12059,10158,9917,18861,1,1,4025,22724,8004,17214,4972,18762,24473,1.0,3:14,2015,2016
2015-16,2561,David West,David,1610612759,SAS,San Antonio Spurs,21500909,2016-03-03T00:00:00,SAS @ NOP,W,14.3,3.0,0.0,0.0,2.0,4.0,5.0,2.0,6.0,1.0,1.0,0.0,1.0,11.0,1,1,1,1,20234,4307,10158,9917,12984,6141,11469,4025,22724,2692,17214,1,12373,18430,1.0,14:16,2015,2016
2015-16,203112,Quincy Acy,Quincy,1610612758,SAC,Sacramento Kings,21500910,2016-03-03T00:00:00,SAC @ DAL,W,16.4,0.0,0.0,0.0,2.0,6.0,4.0,6.0,16.0,0.0,0.0,1.0,0.0,5.6,1,1,1,1,18772,12059,10158,9917,12984,10028,8458,13388,15259,8004,1,4972,18762,22133,1.0,16:21,2015,2016
2015-16,101123,Gerald Green,Gerald,1610612748,MIA,Miami Heat,21500908,2016-03-03T00:00:00,MIA vs. PHX,W,10.1,0.0,0.0,0.0,4.0,3.0,0.0,4.0,12.0,0.0,0.0,0.0,1.0,5.7,1,1,1,1,22402,12059,10158,9917,8599,5109,1,8806,18637,8004,1,1,12373,22054,1.0,10:05,2015,2016
2015-16,1889,Andre Miller,Andre,1610612759,SAS,San Antonio Spurs,21500909,2016-03-03T00:00:00,SAS @ NOP,W,4.0,0.0,0.0,0.0,0.0,0.0,0.0,0.0,0.0,0.0,1.0,0.0,0.0,1.2,1,1,1,1,24725,12059,10158,9917,18861,1,1,1,25429,8004,17214,1,18762,24661,1.0,3:57,2015,2016
2015-16,201585,Kosta Koufos,Kosta,1610612758,SAC,Sacramento Kings,21500910,2016-03-03T00:00:00,SAC @ DAL,W,11.7,0.0,0.0,0.0,0.0,4.0,6.0,4.0,14.0,1.0,0.0,0.0,0.0,10.8,1,1,1,1,21711,12059,10158,9917,18861,6141,13237,8806,17019,2692,1,1,18762,18579,1.0,11:45,2015,2016
2015-16,202683,Enes Freedom,Enes,1610612760,OKC,Oklahoma City Thunder,21500911,2016-03-03T00:00:00,OKC @ GSW,L,12.9,0.0,4.0,2.0,6.0,4.0,0.0,4.0,12.0,0.0,1.0,1.0,1.0,8.6,1,13074,13074,13074,21038,12059,1596,4675,5299,6141,1,8806,18637,8004,17214,4972,12373,20125,1.0,12:53,2015,2016
2015-16,2446,Rasual Butler,Rasual,1610612759,SAS,San Antonio Spurs,21500909,2016-03-03T00:00:00,SAS @ NOP,W,18.5,0.0,2.0,0.0,0.0,2.0,5.0,8.0,6.0,2.0,0.0,0.0,1.0,13.4,1,1,1,1,17080,12059,4731,9917,18861,2619,11469,17194,22724,932,1,1,12373,16614,1.0,18:31,2015,2016
2015-16,2734,Devin Harris,Devin,1610612742,DAL,Dallas Mavericks,21500910,2016-03-03T00:00:00,DAL vs. SAC,L,11.8,0.0,2.0,2.0,4.0,8.0,2.0,12.0,12.0,0.0,0.0,2.0,0.0,7.2,1,13074,13074,13074,21681,12059,4731,4675,8599,13914,3734,22259,18637,8004,1,11390,18762,21035,1.0,11:49,2015,2016
2015-16,2760,Anderson Varejao,Anderson,1610612744,GSW,Golden State Warriors,21500911,2016-03-03T00:00:00,GSW vs. OKC,W,6.0,0.0,0.0,0.0,2.0,5.0,2.0,0.0,2.0,0.0,0.0,2.0,2.0,5.4,1,1,1,1,23966,12059,10158,9917,12984,8403,3734,1,24614,8004,1,11390,7786,22242,1.0,5:59,2015,2016
2015-16,203079,Dion Waiters,Dion,1610612760,OKC,Oklahoma City Thunder,21500911,2016-03-03T00:00:00,OKC @ GSW,L,20.6,2.0,0.0,0.0,2.0,11.0,5.0,7.0,24.0,0.0,0.0,2.0,1.0,8.7,1,13074,13074,13074,15370,6026,10158,9917,12984,18886,11469,15538,8723,8004,1,11390,12373,20045,1.0,20:37,2015,2016
2015-16,1626161,Willie Cauley-Stein,Willie,1610612758,SAC,Sacramento Kings,21500910,2016-03-03T00:00:00,SAC @ DAL,W,5.9,0.0,0.0,2.0,2.0,2.0,2.0,3.0,10.0,0.0,0.0,0.0,0.0,3.2,1,1,1,1,24000,12059,10158,4675,12984,2619,3734,7328,20209,8004,1,1,18762,23473,1.0,5:55,2015,2016
2015-16,2571,Leandro Barbosa,Leandro,1610612744,GSW,Golden State Warriors,21500911,2016-03-03T00:00:00,GSW vs. OKC,W,13.5,0.0,0.0,2.0,2.0,8.0,2.0,3.0,10.0,0.0,0.0,2.0,1.0,9.4,1,1,1,1,20693,12059,10158,4675,12984,13914,3734,7328,20209,8004,1,11390,12373,19568,1.0,13:31,2015,2016
2015-16,203500,Steven Adams,Steven,1610612760,OKC,Oklahoma City Thunder,21500911,2016-03-03T00:00:00,OKC @ GSW,L,19.6,0.0,0.0,0.0,2.0,3.0,3.0,12.0,20.0,0.0,0.0,0.0,2.0,9.6,1,13074,13074,13074,16263,12059,10158,9917,12984,5109,7138,22259,11929,8004,1,1,7786,19434,1.0,19:34,2015,2016
2015-16,2199,Tyson Chandler,Tyson,1610612756,PHX,Phoenix Suns,21500908,2016-03-03T00:00:00,PHX @ MIA,L,19.0,3.0,1.0,0.0,4.0,5.0,2.0,0.0,18.0,0.0,0.0,1.0,4.0,9.6,1,13074,13074,13074,16668,4307,9709,9917,8599,8403,3734,1,13577,8004,1,4972,2748,19434,1.0,19:02,2015,2016
2015-16,201603,Sonny Weems,Sonny,1610612756,PHX,Phoenix Suns,21500908,2016-03-03T00:00:00,PHX @ MIA,L,2.6,0.0,0.0,0.0,0.0,2.0,0.0,2.0,6.0,0.0,0.0,0.0,0.0,2.7,1,13074,13074,13074,25304,12059,10158,9917,18861,2619,1,4025,22724,8004,1,1,18762,23884,1.0,2:33,2015,2016
2015-16,200826,J.J. Barea,J.J.,1610612742,DAL,Dallas Mavericks,21500910,2016-03-03T00:00:00,DAL vs. SAC,L,16.3,2.0,0.0,4.0,8.0,9.0,5.0,13.0,12.0,0.0,0.0,3.0,1.0,16.6,1,13074,13074,13074,18814,6026,10158,1913,3109,15771,11469,23048,18637,8004,1,17641,12373,14125,1.0,16:19,2015,2016
2015-16,1495,Tim Duncan,Tim,1610612759,SAS,San Antonio Spurs,21500909,2016-03-03T00:00:00,SAS @ NOP,W,21.8,2.0,0.0,0.0,2.0,4.0,2.0,0.0,14.0,2.0,2.0,1.0,2.0,21.0,1,1,1,1,14331,6026,10158,9917,12984,6141,3734,1,17019,932,23588,4972,7786,11077,1.0,21:48,2015,2016
2015-16,2738,Andre Iguodala,Andre,1610612744,GSW,Golden State Warriors,21500911,2016-03-03T00:00:00,GSW vs. OKC,W,14.3,2.0,0.0,2.0,2.0,8.0,6.0,3.0,16.0,0.0,1.0,2.0,1.0,7.7,1,1,1,1,20202,6026,10158,4675,12984,13914,13237,7328,15259,8004,17214,11390,12373,20733,1.0,14:20,2015,2016
2015-16,201583,Ryan Anderson,Ryan,1610612740,NOP,New Orleans Pelicans,21500909,2016-03-03T00:00:00,NOP vs. SAS,L,12.9,0.0,2.0,0.0,2.0,3.0,2.0,3.0,8.0,0.0,2.0,2.0,0.0,12.8,1,13074,13074,13074,21047,12059,4731,9917,12984,5109,3734,7328,21543,8004,23588,11390,18762,17129,1.0,12:52,2015,2016
2015-16,201962,Toney Douglas,Toney,1610612740,NOP,New Orleans Pelicans,21500909,2016-03-03T00:00:00,NOP vs. SAS,L,9.7,2.0,2.0,0.0,2.0,3.0,2.0,3.0,2.0,0.0,1.0,1.0,0.0,2.0,1,13074,13074,13074,22553,6026,4731,9917,12984,5109,3734,7328,24614,8004,17214,4972,18762,24216,1.0,9:43,2015,2016
2015-16,203515,Phil Pressey,Phil,1610612756,PHX,Phoenix Suns,21500908,2016-03-03T00:00:00,PHX @ MIA,L,2.1,0.0,0.0,0.0,0.0,0.0,0.0,0.0,4.0,0.0,0.0,0.0,0.0,3.0,1,13074,13074,13074,25481,12059,10158,9917,18861,1,1,1,23698,8004,1,1,18762,23648,1.0,2:07,2015,2016
2015-16,201967,Dante Cunningham,Dante,1610612740,NOP,New Orleans Pelicans,21500909,2016-03-03T00:00:00,NOP vs. SAS,L,32.1,0.0,0.0,0.0,0.0,6.0,7.0,2.0,14.0,0.0,0.0,2.0,0.0,8.2,1,13074,13074,13074,5811,12059,10158,9917,18861,10028,15642,4025,17019,8004,1,11390,18762,20416,1.0,32:05,2015,2016
2015-16,203937,Kyle Anderson,Kyle,1610612759,SAS,San Antonio Spurs,21500909,2016-03-03T00:00:00,SAS @ NOP,W,16.9,0.0,0.0,0.0,0.0,4.0,5.0,2.0,10.0,1.0,0.0,2.0,1.0,17.9,1,1,1,1,18369,12059,10158,9917,18861,6141,11469,4025,20209,2692,1,11390,12373,13229,1.0,16:52,2015,2016
2015-16,201575,Brandon Rush,Brandon,1610612744,GSW,Golden State Warriors,21500911,2016-03-03T00:00:00,GSW vs. OKC,W,9.6,0.0,0.0,0.0,0.0,0.0,0.0,4.0,8.0,0.0,0.0,1.0,0.0,2.4,1,1,1,1,22607,12059,10158,9917,18861,1,1,8806,21543,8004,1,4972,18762,24024,1.0,9:33,2015,2016
2015-16,2570,Kendrick Perkins,Kendrick,1610612740,NOP,New Orleans Pelicans,21500909,2016-03-03T00:00:00,NOP vs. SAS,L,26.8,0.0,0.0,0.0,2.0,4.0,7.0,2.0,8.0,0.0,0.0,3.0,0.0,7.8,1,13074,13074,13074,10204,12059,10158,9917,12984,6141,15642,4025,21543,8004,1,17641,18762,20696,1.0,26:47,2015,2016
2015-16,201956,Omri Casspi,Omri,1610612758,SAC,Sacramento Kings,21500910,2016-03-03T00:00:00,SAC @ DAL,W,19.6,2.0,0.0,4.0,4.0,8.0,6.0,9.0,28.0,1.0,0.0,0.0,5.0,21.3,1,1,1,1,16200,6026,10158,1913,8599,13914,13237,18829,5824,2692,1,1,1539,10880,1.0,19:38,2015,2016
2015-16,201158,Marco Belinelli,Marco,1610612758,SAC,Sacramento Kings,21500910,2016-03-03T00:00:00,SAC @ DAL,W,24.5,0.0,0.0,7.0,4.0,6.0,8.0,9.0,34.0,0.0,1.0,1.0,4.0,16.2,1,1,1,1,12133,12059,10158,454,8599,10028,17345,18829,2701,8004,17214,4972,2748,14436,1.0,24:29,2015,2016
2015-16,2225,Tony Parker,Tony,1610612759,SAS,San Antonio Spurs,21500909,2016-03-03T00:00:00,SAS @ NOP,W,24.0,0.0,0.0,0.0,0.0,8.0,4.0,2.0,16.0,0.0,0.0,2.0,0.0,15.1,1,1,1,1,12584,12059,10158,9917,18861,13914,8458,4025,15259,8004,1,11390,18762,15328,1.0,23:59,2015,2016
2015-16,101179,Ronnie Price,Ronnie,1610612756,PHX,Phoenix Suns,21500908,2016-03-03T00:00:00,PHX @ MIA,L,19.2,0.0,0.0,0.0,0.0,5.0,2.0,4.0,18.0,0.0,0.0,5.0,0.0,12.2,1,13074,13074,13074,16556,12059,10158,9917,18861,8403,3734,8806,13577,8004,1,24686,18762,17566,1.0,19:11,2015,2016
2015-16,202337,Luke Babbitt,Luke,1610612740,NOP,New Orleans Pelicans,21500909,2016-03-03T00:00:00,NOP vs. SAS,L,16.8,0.0,0.0,0.0,0.0,5.0,2.0,5.0,6.0,1.0,1.0,1.0,0.0,11.6,1,13074,13074,13074,18417,12059,10158,9917,18861,8403,3734,11593,22724,2692,17214,4972,18762,17970,1.0,16:48,2015,2016
2015-16,201566,Russell Westbrook,Russell,1610612760,OKC,Oklahoma City Thunder,21500911,2016-03-03T00:00:00,OKC @ GSW,L,36.1,2.0,2.0,11.0,10.0,14.0,8.0,14.0,42.0,1.0,0.0,4.0,7.0,40.7,1,13074,13074,13074,2720,6026,4731,69,1840,22292,17345,23710,670,2692,1,22104,469,2199,1.0,36:03,2015,2016
2015-16,2548,Dwyane Wade,Dwyane,1610612748,MIA,Miami Heat,21500908,2016-03-03T00:00:00,MIA vs. PHX,W,33.0,2.0,4.0,2.0,12.0,14.0,5.0,10.0,28.0,0.0,0.0,1.0,8.0,40.3,1,1,1,1,5127,6026,1596,4675,988,22292,11469,20169,5824,8004,1,4972,254,2302,1.0,33:00,2015,2016
2015-16,202713,Kyle Singler,Kyle,1610612760,OKC,Oklahoma City Thunder,21500911,2016-03-03T00:00:00,OKC @ GSW,L,19.9,0.0,0.0,2.0,6.0,6.0,0.0,15.0,34.0,0.0,1.0,1.0,1.0,15.9,1,13074,13074,13074,16003,12059,10158,4675,5299,10028,1,24242,2701,8004,17214,4972,12373,14675,1.0,19:54,2015,2016
2015-16,201586,Serge Ibaka,Serge,1610612760,OKC,Oklahoma City Thunder,21500911,2016-03-03T00:00:00,OKC @ GSW,L,36.8,0.0,2.0,5.0,10.0,14.0,8.0,14.0,42.0,1.0,1.0,4.0,2.0,31.2,1,13074,13074,13074,2251,12059,4731,1277,1840,22292,17345,23710,670,2692,17214,22104,7786,5304,1.0,36:46,2015,2016
2015-16,201954,Darren Collison,Darren,1610612758,SAC,Sacramento Kings,21500910,2016-03-03T00:00:00,SAC @ DAL,W,28.4,6.0,4.0,2.0,2.0,6.0,10.0,11.0,44.0,0.0,0.0,2.0,3.0,20.2,1,1,1,1,8894,878,1596,4675,12984,10028,20509,21342,454,8004,1,11390,4736,11610,1.0,28:25,2015,2016
2015-16,200751,Randy Foye,Randy,1610612760,OKC,Oklahoma City Thunder,21500911,2016-03-03T00:00:00,OKC @ GSW,L,19.5,0.0,2.0,0.0,4.0,6.0,2.0,6.0,22.0,0.0,0.0,1.0,0.0,11.8,1,13074,13074,13074,16316,12059,4731,9917,8599,10028,3734,13388,10265,8004,1,4972,18762,17832,1.0,19:30,2015,2016
2015-16,203991,Clint Capela,Clint,1610612745,HOU,Houston Rockets,21500901,2016-03-02T00:00:00,HOU vs. NOP,W,16.3,2.0,0.0,2.0,4.0,4.0,0.0,6.0,8.0,2.0,0.0,0.0,2.0,20.5,1,1,1,1,18852,6026,10158,4675,8599,6141,1,13388,21543,932,1,1,7786,11401,1.0,16:15,2015,2016
2015-16,201565,Derrick Rose,Derrick,1610612741,CHI,Chicago Bulls,21500897,2016-03-02T00:00:00,CHI @ ORL,L,24.9,2.0,0.0,0.0,8.0,10.0,4.0,15.0,20.0,0.0,1.0,0.0,1.0,30.8,1,13074,13074,13074,11785,6026,10158,9917,3109,17370,8458,24242,11929,8004,17214,1,12373,5493,1.0,24:51,2015,2016
2015-16,203078,Bradley Beal,Bradley,1610612764,WAS,Washington Wizards,21500904,2016-03-02T00:00:00,WAS @ MIN,W,28.7,5.0,0.0,5.0,12.0,10.0,11.0,7.0,16.0,0.0,1.0,4.0,6.0,40.6,1,1,1,1,8598,1603,10158,1277,988,17370,21814,15538,15259,8004,17214,22104,873,2230,1.0,28:45,2015,2016
2015-16,202330,Gordon Hayward,Gordon,1610612762,UTA,Utah Jazz,21500900,2016-03-02T00:00:00,UTA @ TOR,L,37.4,6.0,6.0,4.0,8.0,16.0,6.0,17.0,52.0,1.0,1.0,2.0,6.0,40.6,1,13074,13074,13074,1794,878,481,1913,3109,23774,13237,24967,59,2692,17214,11390,873,2230,1.0,37:26,2015,2016
2015-16,202335,Patrick Patterson,Patrick,1610612761,TOR,Toronto Raptors,21500900,2016-03-02T00:00:00,TOR vs. UTA,W,29.1,0.0,4.0,0.0,2.0,10.0,8.0,5.0,24.0,0.0,0.0,0.0,3.0,12.4,1,1,1,1,8269,12059,1596,9917,12984,17370,17345,11593,8723,8004,1,1,4736,17418,1.0,29:08,2015,2016
2015-16,203526,Raul Neto,Raul,1610612762,UTA,Utah Jazz,21500900,2016-03-02T00:00:00,UTA @ TOR,L,23.1,3.0,0.0,3.0,2.0,5.0,7.0,7.0,18.0,0.0,0.0,1.0,1.0,20.4,1,13074,13074,13074,13254,4307,10158,3302,12984,8403,15642,15538,13577,8004,1,4972,12373,11453,1.0,23:09,2015,2016
2015-16,2449,Luis Scola,Luis,1610612761,TOR,Toronto Raptors,21500900,2016-03-02T00:00:00,TOR vs. UTA,W,18.9,0.0,0.0,0.0,4.0,7.0,5.0,2.0,18.0,0.0,1.0,1.0,1.0,20.2,1,1,1,1,16806,12059,10158,9917,8599,12242,11469,4025,13577,8004,17214,4972,12373,11610,1.0,18:52,2015,2016
2015-16,202696,Nikola Vučević,Nikola,1610612753,ORL,Orlando Magic,21500897,2016-03-02T00:00:00,ORL vs. CHI,W,32.5,2.0,2.0,0.0,12.0,9.0,4.0,9.0,26.0,0.0,1.0,0.0,3.0,40.4,1,1,1,1,5483,6026,4731,9917,988,15771,8458,18829,7214,8004,17214,1,4736,2274,1.0,32:31,2015,2016
2015-16,203081,Damian Lillard,Damian,1610612757,POR,Portland Trail Blazers,21500899,2016-03-02T00:00:00,POR @ BOS,L,34.0,2.0,0.0,0.0,8.0,10.0,11.0,27.0,44.0,2.0,1.0,2.0,3.0,30.8,1,13074,13074,13074,4372,6026,10158,9917,3109,17370,21814,26031,454,932,17214,11390,4736,5493,1.0,33:58,2015,2016
2015-16,203109,Jae Crowder,Jae,1610612738,BOS,Boston Celtics,21500899,2016-03-02T00:00:00,BOS vs. POR,W,29.0,0.0,3.0,0.0,2.0,7.0,4.0,4.0,24.0,0.0,0.0,2.0,2.0,20.7,1,1,1,1,8400,12059,3104,9917,12984,12242,8458,8806,8723,8004,1,11390,7786,11252,1.0,28:58,2015,2016
2015-16,203083,Andre Drummond,Andre,1610612765,DET,Detroit Pistons,21500905,2016-03-02T00:00:00,DET @ SAS,L,26.7,0.0,1.0,2.0,8.0,9.0,2.0,6.0,24.0,1.0,1.0,4.0,5.0,30.3,1,13074,13074,13074,10298,12059,9709,4675,3109,15771,3734,13388,8723,2692,17214,22104,1539,5702,1.0,26:41,2015,2016
2015-16,202708,Norris Cole,Norris,1610612740,NOP,New Orleans Pelicans,21500901,2016-03-02T00:00:00,NOP @ HOU,L,36.0,7.0,0.0,8.0,10.0,22.0,9.0,23.0,46.0,1.0,1.0,0.0,1.0,42.8,1,13074,13074,13074,2773,548,10158,280,1840,25683,19144,25880,298,2692,17214,1,12373,1776,1.0,35:59,2015,2016
2015-16,201171,Carl Landry,Carl,1610612755,PHI,Philadelphia 76ers,21500898,2016-03-02T00:00:00,PHI vs. CHA,L,13.7,0.0,1.0,0.0,2.0,2.0,2.0,0.0,8.0,0.0,0.0,1.0,2.0,15.6,1,13074,13074,13074,20604,12059,9709,9917,12984,2619,3734,1,21543,8004,1,4972,7786,14916,1.0,13:40,2015,2016
2015-16,201156,Nick Young,Nick,1610612747,LAL,Los Angeles Lakers,21500906,2016-03-02T00:00:00,LAL @ DEN,L,12.7,2.0,0.0,3.0,0.0,4.0,5.0,5.0,4.0,0.0,0.0,1.0,1.0,11.6,1,13074,13074,13074,21121,6026,10158,3302,18861,6141,11469,11593,23698,8004,1,4972,12373,17970,1.0,12:43,2015,2016
2015-16,1718,Paul Pierce,Paul,1610612746,LAC,LA Clippers,21500907,2016-03-02T00:00:00,LAC vs. OKC,W,14.6,0.0,0.0,0.0,0.0,0.0,2.0,18.0,20.0,0.0,0.0,1.0,0.0,12.3,1,1,1,1,20009,12059,10158,9917,18861,1,3734,25228,11929,8004,1,4972,18762,17524,1.0,14:38,2015,2016
2015-16,203999,Nikola Jokić,Nikola,1610612743,DEN,Denver Nuggets,21500906,2016-03-02T00:00:00,DEN vs. LAL,W,28.4,2.0,4.0,0.0,2.0,3.0,2.0,2.0,20.0,2.0,1.0,5.0,5.0,30.7,1,1,1,1,8934,6026,1596,9917,12984,5109,3734,4025,11929,932,17214,24686,1539,5539,1.0,28:23,2015,2016
2015-16,203082,Terrence Ross,Terrence,1610612761,TOR,Toronto Raptors,21500900,2016-03-02T00:00:00,TOR vs. UTA,W,27.1,0.0,0.0,0.0,2.0,8.0,3.0,7.0,20.0,0.0,1.0,0.0,0.0,20.6,1,1,1,1,9920,12059,10158,9917,12984,13914,7138,15538,11929,8004,17214,1,18762,11314,1.0,27:07,2015,2016
2015-16,2037,Jamal Crawford,Jamal,1610612746,LAC,LA Clippers,21500907,2016-03-02T00:00:00,LAC vs. OKC,W,31.8,4.0,2.0,2.0,8.0,4.0,10.0,9.0,22.0,0.0,1.0,0.0,3.0,20.4,1,1,1,1,6061,2460,4731,4675,3109,6141,20509,18829,10265,8004,17214,1,4736,11453,1.0,31:49,2015,2016
2015-16,202331,Paul George,Paul,1610612754,IND,Indiana Pacers,21500903,2016-03-02T00:00:00,IND @ MIL,W,33.8,3.0,0.0,3.0,2.0,12.0,9.0,15.0,32.0,1.0,0.0,4.0,2.0,30.5,1,1,1,1,4521,4307,10158,3302,12984,20178,19144,24242,3535,2692,1,22104,7786,5620,1.0,33:47,2015,2016
2015-16,2403,Nene,ene,1610612764,WAS,Washington Wizards,21500904,2016-03-02T00:00:00,WAS @ MIN,W,23.8,4.0,0.0,0.0,6.0,6.0,9.0,6.0,14.0,1.0,0.0,1.0,3.0,20.5,1,1,1,1,12731,2460,10158,9917,5299,10028,19144,13388,17019,2692,1,4972,4736,11401,1.0,23:49,2015,2016
2015-16,1626168,Trey Lyles,Trey,1610612762,UTA,Utah Jazz,21500900,2016-03-02T00:00:00,UTA @ TOR,L,25.0,0.0,0.0,0.0,0.0,6.0,6.0,3.0,26.0,2.0,0.0,2.0,0.0,15.6,1,13074,13074,13074,11644,12059,10158,9917,18861,10028,13237,7328,7214,932,1,11390,18762,14916,1.0,25:02,2015,2016
2015-16,201950,Jrue Holiday,Jrue,1610612740,NOP,New Orleans Pelicans,21500901,2016-03-02T00:00:00,NOP @ HOU,L,29.7,4.0,0.0,2.0,4.0,14.0,6.0,15.0,32.0,0.0,2.0,3.0,2.0,26.6,1,13074,13074,13074,7776,2460,10158,4675,8599,22292,13237,24242,3535,8004,23588,17641,7786,7566,1.0,29:44,2015,2016
2015-16,2744,Al Jefferson,Al,1610612766,CHA,Charlotte Hornets,21500898,2016-03-02T00:00:00,CHA @ PHI,W,19.0,0.0,0.0,0.0,4.0,4.0,1.0,2.0,6.0,1.0,0.0,3.0,3.0,19.7,1,1,1,1,16712,12059,10158,9917,8599,6141,3393,4025,22724,2692,1,17641,4736,11962,1.0,18:59,2015,2016
2015-16,203944,Julius Randle,Julius,1610612747,LAL,Los Angeles Lakers,21500906,2016-03-02T00:00:00,LAL @ DEN,L,31.2,0.0,0.0,0.0,10.0,11.0,10.0,23.0,30.0,0.0,1.0,2.0,4.0,26.9,1,13074,13074,13074,6588,12059,10158,9917,1840,18886,20509,25880,4541,8004,17214,11390,2748,7438,1.0,31:10,2015,2016
2015-16,203500,Steven Adams,Steven,1610612760,OKC,Oklahoma City Thunder,21500907,2016-03-02T00:00:00,OKC @ LAC,L,26.9,0.0,2.0,0.0,6.0,6.0,8.0,9.0,26.0,1.0,0.0,1.0,1.0,19.8,1,13074,13074,13074,10141,12059,4731,9917,5299,10028,17345,18829,7214,2692,1,4972,12373,11883,1.0,26:51,2015,2016
2015-16,201587,Nicolas Batum,Nicolas,1610612766,CHA,Charlotte Hornets,21500898,2016-03-02T00:00:00,CHA @ PHI,W,36.6,0.0,0.0,0.0,0.0,8.0,6.0,17.0,24.0,0.0,0.0,1.0,0.0,31.3,1,1,1,1,2337,12059,10158,9917,18861,13914,13237,24967,8723,8004,1,4972,18762,5258,1.0,36:36,2015,2016
2015-16,203498,Shabazz Muhammad,Shabazz,1610612750,MIN,Minnesota Timberwolves,21500904,2016-03-02T00:00:00,MIN vs. WAS,L,23.7,0.0,5.0,0.0,4.0,15.0,3.0,8.0,24.0,0.0,0.0,1.0,5.0,19.8,1,13074,13074,13074,12837,12059,995,9917,8599,23079,7138,17194,8723,8004,1,4972,1539,11883,1.0,23:41,2015,2016
2015-16,201978,Chase Budinger,Chase,1610612754,IND,Indiana Pacers,21500903,2016-03-02T00:00:00,IND @ MIL,W,14.2,0.0,0.0,3.0,2.0,5.0,0.0,7.0,18.0,0.0,0.0,1.0,2.0,11.9,1,1,1,1,20256,12059,10158,3302,12984,8403,1,15538,13577,8004,1,4972,7786,17760,1.0,14:15,2015,2016
2015-16,203918,Rodney Hood,Rodney,1610612762,UTA,Utah Jazz,21500900,2016-03-02T00:00:00,UTA @ TOR,L,12.9,3.0,0.0,0.0,0.0,2.0,2.0,2.0,12.0,0.0,0.0,0.0,0.0,12.0,1,13074,13074,13074,21055,4307,10158,9917,18861,2619,3734,4025,18637,8004,1,1,18762,17703,1.0,12:51,2015,2016
2015-16,201147,Corey Brewer,Corey,1610612745,HOU,Houston Rockets,21500901,2016-03-02T00:00:00,HOU vs. NOP,W,19.8,0.0,2.0,4.0,6.0,7.0,2.0,2.0,8.0,0.0,0.0,1.0,1.0,19.8,1,1,1,1,16081,12059,4731,1913,5299,12242,3734,4025,21543,8004,1,4972,12373,11883,1.0,19:48,2015,2016
2015-16,203524,Solomon Hill,Solomon,1610612754,IND,Indiana Pacers,21500903,2016-03-02T00:00:00,IND @ MIL,W,7.3,0.0,0.0,0.0,0.0,5.0,0.0,5.0,8.0,0.0,0.0,0.0,1.0,15.8,1,1,1,1,23464,12059,10158,9917,18861,8403,1,11593,21543,8004,1,1,12373,14754,1.0,7:18,2015,2016
2015-16,1626161,Willie Cauley-Stein,Willie,1610612758,SAC,Sacramento Kings,21500902,2016-03-02T00:00:00,SAC @ MEM,L,19.5,2.0,0.0,2.0,6.0,11.0,4.0,7.0,18.0,0.0,0.0,1.0,1.0,15.8,1,13074,13074,13074,16314,6026,10158,4675,5299,18886,8458,15538,13577,8004,1,4972,12373,14754,1.0,19:31,2015,2016
2015-16,203926,Doug McDermott,Doug,1610612741,CHI,Chicago Bulls,21500897,2016-03-02T00:00:00,CHI @ ORL,L,32.8,2.0,2.0,0.0,8.0,5.0,8.0,13.0,34.0,0.0,2.0,2.0,3.0,15.8,1,13074,13074,13074,5301,6026,4731,9917,3109,8403,17345,23048,2701,8004,23588,11390,4736,14754,1.0,32:45,2015,2016
2015-16,202702,Kenneth Faried,Kenneth,1610612743,DEN,Denver Nuggets,21500906,2016-03-02T00:00:00,DEN vs. LAL,W,18.0,0.0,0.0,6.0,8.0,3.0,2.0,0.0,10.0,0.0,0.0,4.0,1.0,15.1,1,1,1,1,17554,12059,10158,740,3109,5109,3734,1,20209,8004,1,22104,12373,15328,1.0,17:57,2015,2016
2015-16,202328,Greg Monroe,Greg,1610612749,MIL,Milwaukee Bucks,21500903,2016-03-02T00:00:00,MIL vs. IND,L,28.9,0.0,3.0,2.0,10.0,10.0,6.0,7.0,32.0,0.0,1.0,1.0,7.0,26.4,1,13074,13074,13074,8490,12059,3104,4675,1840,17370,13237,15538,3535,8004,17214,4972,469,7672,1.0,28:51,2015,2016
2015-16,201569,Eric Gordon,Eric,1610612740,NOP,New Orleans Pelicans,21500901,2016-03-02T00:00:00,NOP @ HOU,L,32.0,0.0,0.0,0.0,0.0,19.0,5.0,25.0,40.0,0.0,1.0,5.0,2.0,20.1,1,13074,13074,13074,5879,12059,10158,9917,18861,25074,11469,25980,983,8004,17214,24686,7786,11685,1.0,32:01,2015,2016
2015-16,203507,Giannis Antetokounmpo,Giannis,1610612749,MIL,Milwaukee Bucks,21500903,2016-03-02T00:00:00,MIL vs. IND,L,41.5,2.0,2.0,4.0,12.0,6.0,4.0,12.0,36.0,1.0,1.0,3.0,4.0,37.7,1,13074,13074,13074,393,6026,4731,1913,988,10028,8458,22259,1943,2692,17214,17641,2748,2990,1.0,41:27,2015,2016
2015-16,2730,Dwight Howard,Dwight,1610612745,HOU,Houston Rockets,21500901,2016-03-02T00:00:00,HOU vs. NOP,W,31.8,3.0,1.0,3.0,10.0,14.0,5.0,10.0,22.0,3.0,0.0,2.0,9.0,37.8,1,1,1,1,6106,4307,9709,3302,1840,22292,11469,20169,10265,347,1,11390,138,2956,1.0,31:45,2015,2016
2015-16,1626144,Emmanuel Mudiay,Emmanuel,1610612743,DEN,Denver Nuggets,21500906,2016-03-02T00:00:00,DEN vs. LAL,W,33.6,7.0,6.0,4.0,12.0,3.0,2.0,2.0,22.0,1.0,1.0,2.0,1.0,38.3,1,1,1,1,4657,548,481,1913,988,5109,3734,4025,10265,2692,17214,11390,12373,2826,1.0,33:37,2015,2016
2015-16,202340,Avery Bradley,Avery,1610612738,BOS,Boston Celtics,21500899,2016-03-02T00:00:00,BOS vs. POR,W,30.0,6.0,0.0,6.0,4.0,4.0,4.0,3.0,20.0,0.0,0.0,3.0,1.0,28.7,1,1,1,1,7525,878,10158,740,8599,6141,8458,7328,11929,8004,1,17641,12373,6514,1.0,30:01,2015,2016
2015-16,202683,Enes Freedom,Enes,1610612760,OKC,Oklahoma City Thunder,21500907,2016-03-02T00:00:00,OKC @ LAC,L,14.5,0.0,0.0,2.0,6.0,7.0,4.0,2.0,14.0,0.0,1.0,0.0,1.0,17.6,1,13074,13074,13074,20104,12059,10158,4675,5299,12242,8458,4025,17019,8004,17214,1,12373,13443,1.0,14:30,2015,2016
2015-16,201589,Darrell Arthur,Darrell,1610612743,DEN,Denver Nuggets,21500906,2016-03-02T00:00:00,DEN vs. LAL,W,24.1,0.0,2.0,2.0,2.0,6.0,0.0,8.0,14.0,2.0,1.0,3.0,0.0,17.6,1,1,1,1,12470,12059,4731,4675,12984,10028,1,17194,17019,932,17214,17641,18762,13443,1.0,24:05,2015,2016
2015-16,1626156,D'Angelo Russell,D'Angelo,1610612747,LAL,Los Angeles Lakers,21500906,2016-03-02T00:00:00,LAL @ DEN,L,36.0,1.0,0.0,2.0,6.0,9.0,12.0,21.0,34.0,1.0,2.0,3.0,3.0,39.2,1,13074,13074,13074,2773,11535,10158,4675,5299,15771,22832,25725,2701,2692,23588,17641,4736,2590,1.0,35:59,2015,2016
2015-16,2746,Josh Smith,Josh,1610612745,HOU,Houston Rockets,21500901,2016-03-02T00:00:00,HOU vs. NOP,W,19.4,2.0,0.0,0.0,4.0,6.0,2.0,4.0,12.0,1.0,0.0,3.0,0.0,13.4,1,1,1,1,16386,6026,10158,9917,8599,10028,3734,8806,18637,2692,1,17641,18762,16614,1.0,19:24,2015,2016
2015-16,203935,Marcus Smart,Marcus,1610612738,BOS,Boston Celtics,21500899,2016-03-02T00:00:00,BOS vs. POR,W,31.0,2.0,7.0,2.0,8.0,8.0,5.0,8.0,22.0,0.0,1.0,0.0,4.0,37.7,1,1,1,1,6743,6026,292,4675,3109,13914,11469,17194,10265,8004,17214,1,2748,2990,1.0,30:58,2015,2016
2015-16,101145,Monta Ellis,Monta,1610612754,IND,Indiana Pacers,21500903,2016-03-02T00:00:00,IND @ MIL,W,36.4,0.0,0.0,2.0,6.0,15.0,9.0,20.0,38.0,0.0,0.0,2.0,1.0,28.8,1,1,1,1,2439,12059,10158,4675,5299,23079,19144,25599,1422,8004,1,11390,12373,6465,1.0,36:26,2015,2016
2015-16,202066,Garrett Temple,Garrett,1610612764,WAS,Washington Wizards,21500904,2016-03-02T00:00:00,WAS @ MIN,W,27.8,0.0,2.0,0.0,2.0,10.0,6.0,17.0,22.0,0.0,0.0,4.0,0.0,13.5,1,1,1,1,9365,12059,4731,9917,12984,17370,13237,24967,10265,8004,1,22104,18762,16552,1.0,27:49,2015,2016
2015-16,202322,John Wall,John,1610612764,WAS,Washington Wizards,21500904,2016-03-02T00:00:00,WAS @ MIN,W,37.8,6.0,0.0,4.0,8.0,16.0,10.0,17.0,26.0,0.0,1.0,0.0,3.0,37.8,1,1,1,1,1602,878,10158,1913,3109,23774,20509,24967,7214,8004,17214,1,4736,2956,1.0,37:49,2015,2016
2015-16,201954,Darren Collison,Darren,1610612758,SAC,Sacramento Kings,21500902,2016-03-02T00:00:00,SAC @ MEM,L,28.2,0.0,5.0,3.0,0.0,18.0,10.0,6.0,32.0,0.0,0.0,5.0,2.0,13.5,1,13074,13074,13074,9065,12059,995,3302,18861,24749,20509,13388,3535,8004,1,24686,7786,16552,1.0,28:13,2015,2016
2015-16,203937,Kyle Anderson,Kyle,1610612759,SAS,San Antonio Spurs,21500905,2016-03-02T00:00:00,SAS vs. DET,W,18.7,3.0,0.0,0.0,0.0,2.0,3.0,0.0,16.0,2.0,0.0,3.0,2.0,22.0,1,1,1,1,16946,4307,10158,9917,18861,2619,7138,1,15259,932,1,17641,7786,10388,1.0,18:42,2015,2016
2015-16,203924,Jerami Grant,Jerami,1610612755,PHI,Philadelphia 76ers,21500898,2016-03-02T00:00:00,PHI vs. CHA,L,30.2,0.0,0.0,2.0,2.0,15.0,4.0,9.0,28.0,1.0,1.0,4.0,0.0,17.7,1,13074,13074,13074,7336,12059,10158,4675,12984,23079,8458,18829,5824,2692,17214,22104,18762,13380,1.0,30:13,2015,2016
2015-16,101162,Marcin Gortat,Marcin,1610612764,WAS,Washington Wizards,21500904,2016-03-02T00:00:00,WAS @ MIN,W,26.2,4.0,0.0,0.0,8.0,14.0,4.0,13.0,20.0,1.0,0.0,2.0,3.0,17.8,1,1,1,1,10653,2460,10158,9917,3109,22292,8458,23048,11929,2692,1,11390,4736,13309,1.0,26:15,2015,2016
2015-16,202738,Isaiah Thomas,Isaiah,1610612738,BOS,Boston Celtics,21500899,2016-03-02T00:00:00,BOS vs. POR,W,29.8,2.0,0.0,20.0,16.0,9.0,7.0,4.0,20.0,0.0,3.0,3.0,8.0,37.8,1,1,1,1,7736,6026,10158,1,275,15771,15642,8806,11929,8004,25441,17641,254,2956,1.0,29:47,2015,2016
2015-16,202324,Derrick Favors,Derrick,1610612762,UTA,Utah Jazz,21500900,2016-03-02T00:00:00,UTA @ TOR,L,35.3,2.0,4.0,0.0,12.0,13.0,7.0,17.0,46.0,1.0,1.0,3.0,3.0,27.9,1,13074,13074,13074,3315,6026,1596,9917,988,21300,15642,24967,298,2692,17214,17641,4736,6914,1.0,35:18,2015,2016
2015-16,200746,LaMarcus Aldridge,LaMarcus,1610612759,SAS,San Antonio Spurs,21500905,2016-03-02T00:00:00,SAS vs. DET,W,35.0,7.0,0.0,0.0,4.0,6.0,6.0,8.0,34.0,0.0,0.0,3.0,3.0,37.5,1,1,1,1,3531,548,10158,9917,8599,10028,13237,17194,2701,8004,1,17641,4736,3050,1.0,35:01,2015,2016
2015-16,1626185,Jarell Martin,Jarell,1610612763,MEM,Memphis Grizzlies,21500902,2016-03-02T00:00:00,MEM vs. SAC,W,10.0,0.0,2.0,0.0,2.0,2.0,3.0,0.0,0.0,1.0,0.0,0.0,1.0,13.6,1,1,1,1,22421,12059,4731,9917,12984,2619,7138,1,25429,2692,1,1,12373,16460,1.0,10:02,2015,2016
2015-16,202700,Donatas Motiejunas,Donatas,1610612745,HOU,Houston Rockets,21500901,2016-03-02T00:00:00,HOU vs. NOP,W,22.1,1.0,2.0,0.0,6.0,9.0,3.0,10.0,16.0,0.0,1.0,2.0,4.0,13.6,1,1,1,1,14118,11535,4731,9917,5299,15771,7138,20169,15259,8004,17214,11390,2748,16460,1.0,22:04,2015,2016
2015-16,203798,PJ Hairston,PJ,1610612763,MEM,Memphis Grizzlies,21500902,2016-03-02T00:00:00,MEM vs. SAC,W,22.9,0.0,2.0,2.0,4.0,8.0,12.0,11.0,20.0,1.0,0.0,3.0,2.0,13.6,1,1,1,1,13447,12059,4731,4675,8599,13914,22832,21342,11929,2692,1,17641,7786,16460,1.0,22:55,2015,2016
2015-16,202699,Tobias Harris,Tobias,1610612765,DET,Detroit Pistons,21500905,2016-03-02T00:00:00,DET @ SAS,L,38.1,4.0,0.0,2.0,10.0,13.0,4.0,8.0,40.0,0.0,1.0,1.0,2.0,28.2,1,13074,13074,13074,1454,2460,10158,4675,1840,21300,8458,17194,983,8004,17214,4972,7786,6778,1.0,38:08,2015,2016
2015-16,201586,Serge Ibaka,Serge,1610612760,OKC,Oklahoma City Thunder,21500907,2016-03-02T00:00:00,OKC @ LAC,L,32.5,0.0,5.0,0.0,6.0,7.0,15.0,7.0,32.0,0.0,1.0,3.0,2.0,28.2,1,13074,13074,13074,5483,12059,995,9917,5299,12242,24781,15538,3535,8004,17214,17641,7786,6778,1.0,32:31,2015,2016
2015-16,203114,Khris Middleton,Khris,1610612749,MIL,Milwaukee Bucks,21500903,2016-03-02T00:00:00,MIL vs. IND,L,38.4,9.0,0.0,10.0,6.0,9.0,6.0,9.0,42.0,0.0,2.0,1.0,5.0,38.0,1,13074,13074,13074,1307,171,10158,118,5299,15771,13237,18829,670,8004,23588,4972,1539,2903,1.0,38:26,2015,2016
2015-16,202694,Marcus Morris Sr.,Marcus,1610612765,DET,Detroit Pistons,21500905,2016-03-02T00:00:00,DET @ SAS,L,32.3,4.0,0.0,2.0,6.0,7.0,2.0,6.0,28.0,0.0,1.0,2.0,3.0,21.8,1,13074,13074,13074,5650,2460,10158,4675,5299,12242,3734,13388,5824,8004,17214,11390,4736,10526,1.0,32:18,2015,2016
2015-16,203952,Andrew Wiggins,Andrew,1610612750,MIN,Minnesota Timberwolves,21500904,2016-03-02T00:00:00,MIN vs. WAS,L,36.2,8.0,2.0,2.0,6.0,15.0,7.0,7.0,32.0,0.0,0.0,2.0,3.0,21.9,1,13074,13074,13074,2600,308,4731,4675,5299,23079,15642,15538,3535,8004,1,11390,4736,10460,1.0,36:14,2015,2016
2015-16,204028,Tarik Black,Tarik,1610612747,LAL,Los Angeles Lakers,21500906,2016-03-02T00:00:00,LAL @ DEN,L,18.2,0.0,0.0,0.0,4.0,2.0,7.0,4.0,10.0,1.0,0.0,2.0,1.0,21.9,1,13074,13074,13074,17345,12059,10158,9917,8599,2619,15642,8806,20209,2692,1,11390,12373,10460,1.0,18:12,2015,2016
2015-16,2772,Trevor Ariza,Trevor,1610612745,HOU,Houston Rockets,21500901,2016-03-02T00:00:00,HOU vs. NOP,W,38.3,6.0,0.0,6.0,6.0,16.0,5.0,16.0,26.0,1.0,0.0,1.0,0.0,27.7,1,1,1,1,1358,878,10158,740,5299,23774,11469,24641,7214,2692,1,4972,18762,7008,1.0,38:20,2015,2016
2015-16,201588,George Hill,George,1610612754,IND,Indiana Pacers,21500903,2016-03-02T00:00:00,IND @ MIL,W,33.7,0.0,0.0,2.0,2.0,8.0,6.0,10.0,34.0,0.0,0.0,0.0,3.0,17.1,1,1,1,1,4569,12059,10158,4675,12984,13914,13237,20169,2701,8004,1,1,4736,13791,1.0,33:44,2015,2016
2015-16,201158,Marco Belinelli,Marco,1610612758,SAC,Sacramento Kings,21500902,2016-03-02T00:00:00,SAC @ MEM,L,25.3,4.0,0.0,0.0,0.0,12.0,6.0,11.0,20.0,0.0,0.0,0.0,2.0,22.2,1,13074,13074,13074,11415,2460,10158,9917,18861,20178,13237,21342,11929,8004,1,1,7786,10263,1.0,25:21,2015,2016
2015-16,101107,Marvin Williams,Marvin,1610612766,CHA,Charlotte Hornets,21500898,2016-03-02T00:00:00,CHA @ PHI,W,29.8,2.0,2.0,0.0,8.0,8.0,6.0,14.0,18.0,2.0,1.0,1.0,2.0,32.8,1,1,1,1,7691,6026,4731,9917,3109,13914,13237,23710,13577,932,17214,4972,7786,4609,1.0,29:50,2015,2016
2015-16,1626171,Bobby Portis,Bobby,1610612741,CHI,Chicago Bulls,21500897,2016-03-02T00:00:00,CHI @ ORL,L,26.3,0.0,0.0,2.0,4.0,4.0,7.0,4.0,26.0,0.0,0.0,3.0,2.0,22.7,1,13074,13074,13074,10643,12059,10158,4675,8599,6141,15642,8806,7214,8004,1,17641,7786,9938,1.0,26:15,2015,2016
2015-16,201976,Patrick Beverley,Patrick,1610612745,HOU,Houston Rockets,21500901,2016-03-02T00:00:00,HOU vs. NOP,W,34.6,4.0,2.0,0.0,6.0,16.0,5.0,12.0,20.0,1.0,2.0,2.0,2.0,32.8,1,1,1,1,3890,2460,4731,9917,5299,23774,11469,22259,11929,2692,23588,11390,7786,4609,1.0,34:34,2015,2016
2015-16,201571,D.J. Augustin,D.J.,1610612743,DEN,Denver Nuggets,21500906,2016-03-02T00:00:00,DEN vs. LAL,W,23.2,2.0,5.0,10.0,6.0,6.0,0.0,10.0,22.0,0.0,0.0,1.0,7.0,38.9,1,1,1,1,13196,6026,995,118,5299,10028,1,20169,10265,8004,1,4972,469,2667,1.0,23:12,2015,2016
2015-16,203138,Hollis Thompson,Hollis,1610612755,PHI,Philadelphia 76ers,21500898,2016-03-02T00:00:00,PHI vs. CHA,L,21.4,0.0,0.0,0.0,2.0,11.0,10.0,0.0,16.0,0.0,0.0,1.0,3.0,13.9,1,13074,13074,13074,14690,12059,10158,9917,12984,18886,20509,1,15259,8004,1,4972,4736,16232,1.0,21:24,2015,2016
2015-16,203914,Gary Harris,Gary,1610612743,DEN,Denver Nuggets,21500906,2016-03-02T00:00:00,DEN vs. LAL,W,40.2,2.0,0.0,2.0,4.0,9.0,2.0,10.0,28.0,0.0,0.0,2.0,1.0,22.6,1,1,1,1,681,6026,10158,4675,8599,15771,3734,20169,5824,8004,1,11390,12373,10000,1.0,40:12,2015,2016
2015-16,202362,Lance Stephenson,Lance,1610612763,MEM,Memphis Grizzlies,21500902,2016-03-02T00:00:00,MEM vs. SAC,W,15.7,0.0,0.0,0.0,4.0,3.0,7.0,1.0,8.0,0.0,0.0,2.0,2.0,14.1,1,1,1,1,19253,12059,10158,9917,8599,5109,15642,3646,21543,8004,1,11390,7786,16094,1.0,15:43,2015,2016
2015-16,202323,Evan Turner,Evan,1610612738,BOS,Boston Celtics,21500899,2016-03-02T00:00:00,BOS vs. POR,W,25.7,2.0,0.0,0.0,2.0,5.0,5.0,5.0,18.0,1.0,0.0,0.0,0.0,22.3,1,1,1,1,11135,6026,10158,9917,12984,8403,11469,11593,13577,2692,1,1,18762,10208,1.0,25:40,2015,2016
2015-16,201573,Jerryd Bayless,Jerryd,1610612749,MIL,Milwaukee Bucks,21500903,2016-03-02T00:00:00,MIL vs. IND,L,31.8,2.0,0.0,2.0,4.0,10.0,4.0,12.0,38.0,0.0,0.0,4.0,4.0,22.1,1,13074,13074,13074,6096,6026,10158,4675,8599,17370,8458,22259,1422,8004,1,22104,2748,10332,1.0,31:46,2015,2016
2015-16,204456,T.J. McConnell,T.J.,1610612755,PHI,Philadelphia 76ers,21500898,2016-03-02T00:00:00,PHI vs. CHA,L,15.7,2.0,0.0,0.0,0.0,5.0,5.0,0.0,14.0,0.0,0.0,3.0,2.0,14.1,1,13074,13074,13074,19265,6026,10158,9917,18861,8403,11469,1,17019,8004,1,17641,7786,16094,1.0,15:42,2015,2016
2015-16,202685,Jonas Valančiūnas,Jonas,1610612761,TOR,Toronto Raptors,21500900,2016-03-02T00:00:00,TOR vs. UTA,W,25.3,0.0,2.0,0.0,4.0,13.0,9.0,4.0,28.0,1.0,0.0,3.0,3.0,22.6,1,1,1,1,11483,12059,4731,9917,8599,21300,19144,8806,5824,2692,1,17641,4736,10000,1.0,25:15,2015,2016
2015-16,203497,Rudy Gobert,Rudy,1610612762,UTA,Utah Jazz,21500900,2016-03-02T00:00:00,UTA @ TOR,L,23.3,3.0,3.0,0.0,8.0,14.0,4.0,16.0,28.0,0.0,1.0,4.0,6.0,27.6,1,13074,13074,13074,13136,4307,3104,9917,3109,22292,8458,24641,5824,8004,17214,22104,873,7080,1.0,23:16,2015,2016
2015-16,203457,Nerlens Noel,Nerlens,1610612755,PHI,Philadelphia 76ers,21500898,2016-03-02T00:00:00,PHI vs. CHA,L,27.3,0.0,6.0,0.0,8.0,10.0,9.0,5.0,26.0,0.0,0.0,4.0,5.0,29.6,1,13074,13074,13074,9763,12059,481,9917,3109,17370,19144,11593,7214,8004,1,22104,1539,6050,1.0,27:18,2015,2016
2015-16,202714,Shelvin Mack,Shelvin,1610612762,UTA,Utah Jazz,21500900,2016-03-02T00:00:00,UTA @ TOR,L,23.9,0.0,0.0,0.0,0.0,14.0,4.0,13.0,36.0,0.0,0.0,2.0,2.0,7.4,1,13074,13074,13074,12702,12059,10158,9917,18861,22292,8458,23048,1943,8004,1,11390,7786,20912,1.0,23:51,2015,2016
2015-16,203486,Mason Plumlee,Mason,1610612757,POR,Portland Trail Blazers,21500899,2016-03-02T00:00:00,POR @ BOS,L,22.2,0.0,0.0,1.0,6.0,6.0,11.0,17.0,30.0,2.0,0.0,4.0,1.0,29.9,1,13074,13074,13074,14020,12059,10158,9347,5299,10028,21814,24967,4541,932,1,22104,12373,5884,1.0,22:11,2015,2016
2015-16,201942,DeMar DeRozan,DeMar,1610612761,TOR,Toronto Raptors,21500900,2016-03-02T00:00:00,TOR vs. UTA,W,34.9,5.0,2.0,5.0,20.0,14.0,13.0,4.0,32.0,0.0,1.0,4.0,7.0,37.0,1,1,1,1,3595,1603,4731,1277,59,22292,23668,8806,3535,8004,17214,22104,469,3182,1.0,34:55,2015,2016
2015-16,1626167,Myles Turner,Myles,1610612754,IND,Indiana Pacers,21500903,2016-03-02T00:00:00,IND @ MIL,W,31.1,0.0,4.0,0.0,4.0,12.0,9.0,13.0,32.0,2.0,0.0,2.0,3.0,24.3,1,1,1,1,6656,12059,1596,9917,8599,20178,19144,23048,3535,932,1,11390,4736,8939,1.0,31:04,2015,2016
2015-16,201941,Jordan Hill,Jordan,1610612754,IND,Indiana Pacers,21500903,2016-03-02T00:00:00,IND @ MIL,W,23.2,5.0,0.0,0.0,12.0,11.0,3.0,11.0,26.0,0.0,0.0,5.0,3.0,28.9,1,1,1,1,13212,1603,10158,9917,988,18886,7138,21342,7214,8004,1,24686,4736,6414,1.0,23:12,2015,2016
2015-16,201973,Jonas Jerebko,Jonas,1610612738,BOS,Boston Celtics,21500899,2016-03-02T00:00:00,BOS vs. POR,W,19.3,0.0,0.0,0.0,6.0,2.0,5.0,4.0,10.0,2.0,1.0,3.0,2.0,24.7,1,1,1,1,16477,12059,10158,9917,5299,2619,11469,8806,20209,932,17214,17641,7786,8673,1.0,19:17,2015,2016
2015-16,201142,Kevin Durant,Kevin,1610612760,OKC,Oklahoma City Thunder,21500907,2016-03-02T00:00:00,OKC @ LAC,L,39.1,0.0,2.0,8.0,12.0,16.0,9.0,11.0,44.0,5.0,0.0,2.0,4.0,59.7,1,13074,13074,13074,1025,12059,4731,280,988,23774,19144,21342,454,59,1,11390,2748,221,1.0,39:07,2015,2016
2015-16,1626157,Karl-Anthony Towns,Karl-Anthony,1610612750,MIN,Minnesota Timberwolves,21500904,2016-03-02T00:00:00,MIN vs. WAS,L,39.8,4.0,6.0,0.0,6.0,15.0,10.0,11.0,38.0,2.0,2.0,4.0,2.0,44.5,1,13074,13074,13074,786,2460,481,9917,5299,23079,20509,21342,1422,932,23588,22104,7786,1459,1.0,39:48,2015,2016
2015-16,201599,DeAndre Jordan,DeAndre,1610612746,LAC,LA Clippers,21500907,2016-03-02T00:00:00,LAC vs. OKC,W,36.5,5.0,5.0,0.0,16.0,2.0,11.0,23.0,34.0,1.0,0.0,0.0,6.0,50.6,1,1,1,1,2425,1603,995,9917,275,2619,21814,25880,2701,2692,1,1,873,691,1.0,36:27,2015,2016
2015-16,1626273,Marcelo Huertas,Marcelo,1610612747,LAL,Los Angeles Lakers,21500906,2016-03-02T00:00:00,LAL @ DEN,L,30.7,0.0,0.0,0.0,2.0,6.0,11.0,17.0,18.0,0.0,0.0,5.0,2.0,24.2,1,13074,13074,13074,6950,12059,10158,9917,12984,10028,21814,24967,13577,8004,1,24686,7786,9009,1.0,30:42,2015,2016
2015-16,203469,Cody Zeller,Cody,1610612766,CHA,Charlotte Hornets,21500898,2016-03-02T00:00:00,CHA @ PHI,W,27.7,2.0,4.0,0.0,4.0,6.0,6.0,15.0,20.0,4.0,0.0,3.0,6.0,36.2,1,1,1,1,9441,6026,1596,9917,8599,10028,13237,24242,11929,132,1,17641,873,3407,1.0,27:43,2015,2016
2015-16,202689,Kemba Walker,Kemba,1610612766,CHA,Charlotte Hornets,21500898,2016-03-02T00:00:00,CHA @ PHI,W,37.6,9.0,0.0,7.0,12.0,10.0,7.0,14.0,20.0,0.0,3.0,1.0,7.0,46.4,1,1,1,1,1722,171,10158,454,988,17370,15642,23710,11929,8004,25441,4972,469,1149,1.0,37:33,2015,2016
2015-16,203506,Victor Oladipo,Victor,1610612753,ORL,Orlando Magic,21500897,2016-03-02T00:00:00,ORL vs. CHI,W,35.6,1.0,0.0,7.0,4.0,9.0,4.0,9.0,28.0,1.0,0.0,1.0,2.0,29.9,1,1,1,1,3077,11535,10158,454,8599,15771,8458,18829,5824,2692,1,4972,7786,5884,1.0,35:35,2015,2016
2015-16,202326,DeMarcus Cousins,DeMarcus,1610612758,SAC,Sacramento Kings,21500902,2016-03-02T00:00:00,SAC @ MEM,L,33.5,3.0,7.0,0.0,10.0,25.0,10.0,8.0,40.0,2.0,1.0,5.0,8.0,54.2,1,13074,13074,13074,4719,4307,292,9917,1840,25944,20509,17194,983,932,17214,24686,254,432,1.0,33:32,2015,2016
2015-16,101133,Ian Mahinmi,Ian,1610612754,IND,Indiana Pacers,21500903,2016-03-02T00:00:00,IND @ MIL,W,24.4,0.0,0.0,0.0,8.0,6.0,6.0,11.0,24.0,3.0,0.0,5.0,3.0,36.1,1,1,1,1,12237,12059,10158,9917,3109,10028,13237,21342,8723,347,1,24686,4736,3432,1.0,24:22,2015,2016
2015-16,201144,Mike Conley,Mike,1610612763,MEM,Memphis Grizzlies,21500902,2016-03-02T00:00:00,MEM vs. SAC,W,33.6,9.0,2.0,5.0,10.0,14.0,11.0,8.0,30.0,1.0,0.0,1.0,5.0,44.9,1,1,1,1,4694,171,4731,1277,1840,22292,21814,17194,4541,2692,1,4972,1539,1380,1.0,33:34,2015,2016
2015-16,2216,Zach Randolph,Zach,1610612763,MEM,Memphis Grizzlies,21500902,2016-03-02T00:00:00,MEM vs. SAC,W,34.9,2.0,4.0,2.0,10.0,13.0,16.0,11.0,32.0,0.0,0.0,4.0,6.0,29.6,1,1,1,1,3647,6026,1596,4675,1840,21300,25155,21342,3535,8004,1,22104,873,6050,1.0,34:52,2015,2016
2015-16,201935,James Harden,James,1610612745,HOU,Houston Rockets,21500901,2016-03-02T00:00:00,HOU vs. NOP,W,39.7,6.0,2.0,12.0,16.0,16.0,3.0,14.0,24.0,1.0,0.0,3.0,10.0,70.9,1,1,1,1,816,878,4731,42,275,23774,7138,23710,8723,2692,1,17641,76,41,1.0,39:43,2015,2016
2015-16,201945,Gerald Henderson,Gerald,1610612757,POR,Portland Trail Blazers,21500899,2016-03-02T00:00:00,POR @ BOS,L,15.1,0.0,0.0,0.0,0.0,4.0,5.0,10.0,18.0,0.0,1.0,2.0,2.0,7.4,1,13074,13074,13074,19663,12059,10158,9917,18861,6141,11469,20169,13577,8004,17214,11390,7786,20912,1.0,15:08,2015,2016
2015-16,201937,Ricky Rubio,Ricky,1610612750,MIN,Minnesota Timberwolves,21500904,2016-03-02T00:00:00,MIN vs. WAS,L,37.9,2.0,0.0,7.0,0.0,15.0,7.0,7.0,36.0,0.0,0.0,4.0,6.0,36.7,1,13074,13074,13074,1552,6026,10158,454,18861,23079,15642,15538,1943,8004,1,22104,873,3269,1.0,37:54,2015,2016
2015-16,203096,Jared Sullinger,Jared,1610612738,BOS,Boston Celtics,21500899,2016-03-02T00:00:00,BOS vs. POR,W,23.9,0.0,4.0,0.0,12.0,7.0,4.0,6.0,18.0,2.0,0.0,2.0,2.0,36.7,1,1,1,1,12702,12059,1596,9917,988,12242,8458,13388,13577,932,1,11390,7786,3269,1.0,23:51,2015,2016
2015-16,1626209,Mario Hezonja,Mario,1610612753,ORL,Orlando Magic,21500897,2016-03-02T00:00:00,ORL vs. CHI,W,37.2,2.0,0.0,2.0,8.0,9.0,4.0,9.0,30.0,1.0,0.0,2.0,1.0,36.0,1,1,1,1,1994,6026,10158,4675,3109,15771,8458,18829,4541,2692,1,11390,12373,3463,1.0,37:09,2015,2016
2015-16,203932,Aaron Gordon,Aaron,1610612753,ORL,Orlando Magic,21500897,2016-03-02T00:00:00,ORL vs. CHI,W,33.2,2.0,2.0,4.0,2.0,9.0,4.0,11.0,28.0,0.0,0.0,4.0,6.0,35.5,1,1,1,1,4966,6026,4731,1913,12984,15771,8458,21342,5824,8004,1,22104,873,3657,1.0,33:12,2015,2016
2015-16,202695,Kawhi Leonard,Kawhi,1610612759,SAS,San Antonio Spurs,21500905,2016-03-02T00:00:00,SAS vs. DET,W,35.9,6.0,0.0,2.0,16.0,6.0,6.0,8.0,32.0,0.0,0.0,3.0,1.0,47.7,1,1,1,1,2853,878,10158,4675,275,10028,13237,17194,3535,8004,1,17641,12373,989,1.0,35:52,2015,2016
2015-16,101108,Chris Paul,Chris,1610612746,LAC,LA Clippers,21500907,2016-03-02T00:00:00,LAC vs. OKC,W,39.8,0.0,7.0,2.0,10.0,2.0,11.0,23.0,36.0,1.0,1.0,4.0,5.0,49.3,1,1,1,1,784,12059,292,4675,1840,2619,21814,25880,1943,2692,17214,22104,1539,827,1.0,39:49,2015,2016
2015-16,201566,Russell Westbrook,Russell,1610612760,OKC,Oklahoma City Thunder,21500907,2016-03-02T00:00:00,OKC @ LAC,L,36.9,2.0,2.0,12.0,10.0,11.0,15.0,9.0,38.0,0.0,1.0,4.0,4.0,47.2,1,13074,13074,13074,2180,6026,4731,42,1840,18886,24781,18829,1422,8004,17214,22104,2748,1051,1.0,36:51,2015,2016
2015-16,203897,Zach LaVine,Zach,1610612750,MIN,Minnesota Timberwolves,21500904,2016-03-02T00:00:00,MIN vs. WAS,L,38.9,4.0,0.0,8.0,6.0,18.0,10.0,11.0,36.0,0.0,0.0,2.0,3.0,29.6,1,13074,13074,13074,1102,2460,10158,280,5299,24749,20509,21342,1943,8004,1,11390,4736,6050,1.0,38:55,2015,2016
2015-16,200765,Rajon Rondo,Rajon,1610612758,SAC,Sacramento Kings,21500902,2016-03-02T00:00:00,SAC @ MEM,L,41.4,0.0,2.0,2.0,4.0,22.0,12.0,13.0,46.0,0.0,3.0,3.0,3.0,36.1,1,13074,13074,13074,411,12059,4731,4675,8599,25683,22832,23048,298,8004,25441,17641,4736,3432,1.0,41:22,2015,2016
2015-16,203953,Jabari Parker,Jabari,1610612749,MIL,Milwaukee Bucks,21500903,2016-03-02T00:00:00,MIL vs. IND,L,36.9,2.0,2.0,4.0,12.0,7.0,6.0,7.0,38.0,0.0,2.0,3.0,1.0,24.8,1,13074,13074,13074,2167,6026,4731,1913,988,12242,13237,15538,1422,8004,23588,17641,12373,8614,1.0,36:52,2015,2016
2015-16,201596,Mario Chalmers,Mario,1610612763,MEM,Memphis Grizzlies,21500902,2016-03-02T00:00:00,MEM vs. SAC,W,26.8,9.0,0.0,2.0,6.0,9.0,10.0,4.0,16.0,0.0,2.0,3.0,5.0,29.0,1,1,1,1,10204,171,10158,4675,5299,15771,20509,8806,15259,8004,23588,17641,1539,6346,1.0,26:47,2015,2016
2015-16,202325,Wesley Johnson,Wesley,1610612746,LAC,LA Clippers,21500907,2016-03-02T00:00:00,LAC vs. OKC,W,31.0,2.0,3.0,2.0,2.0,2.0,10.0,6.0,22.0,1.0,2.0,1.0,2.0,36.8,1,1,1,1,6760,6026,3104,4675,12984,2619,20509,13388,10265,2692,23588,4972,7786,3241,1.0,30:57,2015,2016
2015-16,203496,Robert Covington,Robert,1610612755,PHI,Philadelphia 76ers,21500898,2016-03-02T00:00:00,PHI vs. CHA,L,32.0,2.0,0.0,8.0,4.0,17.0,11.0,9.0,28.0,2.0,2.0,5.0,2.0,37.3,1,13074,13074,13074,5914,6026,10158,280,8599,24337,21814,18829,5824,932,23588,24686,7786,3105,1.0,31:58,2015,2016
2015-16,2200,Pau Gasol,Pau,1610612741,CHI,Chicago Bulls,21500897,2016-03-02T00:00:00,CHI @ ORL,L,27.8,0.0,0.0,0.0,0.0,10.0,2.0,17.0,22.0,2.0,0.0,2.0,1.0,24.5,1,13074,13074,13074,9420,12059,10158,9917,18861,17370,3734,24967,10265,932,1,11390,12373,8801,1.0,27:45,2015,2016
2015-16,200768,Kyle Lowry,Kyle,1610612761,TOR,Toronto Raptors,21500900,2016-03-02T00:00:00,TOR vs. UTA,W,40.2,11.0,2.0,10.0,14.0,13.0,11.0,3.0,34.0,1.0,1.0,3.0,3.0,51.3,1,1,1,1,670,55,4731,118,542,21300,21814,7328,2701,2692,17214,17641,4736,631,1.0,40:13,2015,2016
2015-16,1626163,Frank Kaminsky,Frank,1610612766,CHA,Charlotte Hornets,21500898,2016-03-02T00:00:00,CHA @ PHI,W,17.7,0.0,5.0,0.0,4.0,2.0,1.0,3.0,10.0,0.0,0.0,2.0,0.0,24.1,1,1,1,1,17737,12059,995,9917,8599,2619,3393,7328,20209,8004,1,11390,18762,9068,1.0,17:43,2015,2016
2015-16,202391,Jeremy Lin,Jeremy,1610612766,CHA,Charlotte Hornets,21500898,2016-03-02T00:00:00,CHA @ PHI,W,19.8,4.0,0.0,0.0,4.0,2.0,1.0,3.0,8.0,0.0,0.0,4.0,4.0,18.8,1,1,1,1,16085,2460,10158,9917,8599,2619,3393,7328,21543,8004,1,22104,2748,12588,1.0,19:47,2015,2016
2015-16,203901,Elfrid Payton,Elfrid,1610612753,ORL,Orlando Magic,21500897,2016-03-02T00:00:00,ORL vs. CHI,W,33.5,5.0,0.0,2.0,6.0,9.0,4.0,6.0,30.0,1.0,1.0,2.0,0.0,34.8,1,1,1,1,4755,1603,10158,4675,5299,15771,8458,13388,4541,2692,17214,11390,18762,3891,1.0,33:29,2015,2016
2015-16,201162,Jared Dudley,Jared,1610612764,WAS,Washington Wizards,21500904,2016-03-02T00:00:00,WAS @ MIN,W,22.0,2.0,3.0,0.0,2.0,10.0,11.0,0.0,14.0,1.0,0.0,3.0,1.0,14.6,1,1,1,1,14176,6026,3104,9917,12984,17370,21814,1,17019,2692,1,17641,12373,15699,1.0,21:59,2015,2016
2015-16,203115,Will Barton,Will,1610612743,DEN,Denver Nuggets,21500906,2016-03-02T00:00:00,DEN vs. LAL,W,24.1,0.0,0.0,0.0,0.0,8.0,2.0,8.0,16.0,1.0,1.0,0.0,5.0,22.9,1,1,1,1,12508,12059,10158,9917,18861,13914,3734,17194,15259,2692,17214,1,1539,9811,1.0,24:03,2015,2016
2015-16,203200,Justin Holiday,Justin,1610612741,CHI,Chicago Bulls,21500897,2016-03-02T00:00:00,CHI @ ORL,L,28.0,0.0,0.0,1.0,0.0,4.0,9.0,12.0,30.0,0.0,1.0,2.0,3.0,25.8,1,13074,13074,13074,9262,12059,10158,9347,18861,6141,19144,22259,4541,8004,17214,11390,4736,8022,1.0,27:57,2015,2016
2015-16,2365,Chris Andersen,Chris,1610612763,MEM,Memphis Grizzlies,21500902,2016-03-02T00:00:00,MEM vs. SAC,W,27.3,2.0,2.0,0.0,4.0,11.0,11.0,6.0,26.0,1.0,0.0,2.0,4.0,23.2,1,1,1,1,9792,6026,4731,9917,8599,18886,21814,13388,7214,2692,1,11390,2748,9630,1.0,27:17,2015,2016
2015-16,101187,Alan Anderson,Alan,1610612764,WAS,Washington Wizards,21500904,2016-03-02T00:00:00,WAS @ MIN,W,20.6,0.0,5.0,2.0,4.0,6.0,5.0,0.0,6.0,0.0,0.0,4.0,1.0,23.4,1,1,1,1,15404,12059,995,4675,8599,10028,11469,1,22724,8004,1,22104,12373,9501,1.0,20:35,2015,2016
2015-16,200751,Randy Foye,Randy,1610612760,OKC,Oklahoma City Thunder,21500907,2016-03-02T00:00:00,OKC @ LAC,L,25.7,2.0,3.0,5.0,2.0,12.0,16.0,4.0,26.0,2.0,0.0,1.0,0.0,22.8,1,13074,13074,13074,11151,6026,3104,1277,12984,20178,25155,8806,7214,932,1,4972,18762,9883,1.0,25:40,2015,2016
2015-16,203476,Gorgui Dieng,Gorgui,1610612750,MIN,Minnesota Timberwolves,21500904,2016-03-02T00:00:00,MIN vs. WAS,L,30.1,0.0,0.0,0.0,6.0,11.0,7.0,9.0,32.0,0.0,0.0,2.0,0.0,25.1,1,13074,13074,13074,7412,12059,10158,9917,5299,18886,15642,18829,3535,8004,1,11390,18762,8429,1.0,30:09,2015,2016
2015-16,203210,JaMychal Green,JaMychal,1610612763,MEM,Memphis Grizzlies,21500902,2016-03-02T00:00:00,MEM vs. SAC,W,21.3,5.0,2.0,2.0,8.0,6.0,8.0,6.0,10.0,0.0,0.0,3.0,3.0,25.4,1,1,1,1,14819,1603,4731,4675,3109,10028,17345,13388,20209,8004,1,17641,4736,8273,1.0,21:16,2015,2016
2015-16,202334,Ed Davis,Ed,1610612757,POR,Portland Trail Blazers,21500899,2016-03-02T00:00:00,POR @ BOS,L,12.1,0.0,0.0,0.0,0.0,4.0,5.0,10.0,12.0,0.0,0.0,1.0,3.0,10.2,1,13074,13074,13074,21462,12059,10158,9917,18861,6141,11469,20169,18637,8004,1,4972,4736,19003,1.0,12:08,2015,2016
2015-16,101141,Ersan Ilyasova,Ersan,1610612753,ORL,Orlando Magic,21500897,2016-03-02T00:00:00,ORL vs. CHI,W,12.1,0.0,5.0,0.0,4.0,0.0,0.0,1.0,6.0,0.0,0.0,1.0,4.0,19.4,1,1,1,1,21500,12059,995,9917,8599,1,1,3646,22724,8004,1,4972,2748,12154,1.0,12:03,2015,2016
2015-16,201956,Omri Casspi,Omri,1610612758,SAC,Sacramento Kings,21500902,2016-03-02T00:00:00,SAC @ MEM,L,25.8,2.0,0.0,4.0,6.0,17.0,6.0,9.0,30.0,0.0,0.0,3.0,2.0,18.9,1,13074,13074,13074,10993,6026,10158,1913,5299,24337,13237,18829,4541,8004,1,17641,7786,12513,1.0,25:49,2015,2016
2015-16,201988,Patty Mills,Patty,1610612759,SAS,San Antonio Spurs,21500905,2016-03-02T00:00:00,SAS vs. DET,W,18.2,2.0,0.0,2.0,2.0,2.0,3.0,0.0,16.0,0.0,0.0,1.0,1.0,22.9,1,1,1,1,17388,6026,10158,4675,12984,2619,7138,1,15259,8004,1,4972,12373,9811,1.0,18:09,2015,2016
2015-16,202397,Ish Smith,Ish,1610612755,PHI,Philadelphia 76ers,21500898,2016-03-02T00:00:00,PHI vs. CHA,L,32.3,4.0,0.0,5.0,6.0,14.0,9.0,9.0,26.0,1.0,2.0,0.0,2.0,34.0,1,13074,13074,13074,5617,2460,10158,1277,5299,22292,19144,18829,7214,2692,23588,1,7786,4162,1.0,32:20,2015,2016
2015-16,203468,CJ McCollum,CJ,1610612757,POR,Portland Trail Blazers,21500899,2016-03-02T00:00:00,POR @ BOS,L,34.7,2.0,2.0,2.0,4.0,12.0,14.0,22.0,44.0,2.0,1.0,2.0,3.0,25.0,1,13074,13074,13074,3826,6026,4731,4675,8599,20178,24300,25811,454,932,17214,11390,4736,8485,1.0,34:39,2015,2016
2015-16,204060,Joe Ingles,Joe,1610612762,UTA,Utah Jazz,21500900,2016-03-02T00:00:00,UTA @ TOR,L,13.7,0.0,0.0,0.0,0.0,5.0,3.0,7.0,20.0,0.0,0.0,0.0,0.0,9.9,1,13074,13074,13074,20614,12059,10158,9917,18861,8403,7138,15538,11929,8004,1,1,18762,19247,1.0,13:39,2015,2016
2015-16,203943,Noah Vonleh,Noah,1610612757,POR,Portland Trail Blazers,21500899,2016-03-02T00:00:00,POR @ BOS,L,19.8,0.0,2.0,0.0,4.0,0.0,16.0,9.0,30.0,0.0,2.0,3.0,2.0,15.0,1,13074,13074,13074,16071,12059,4731,9917,8599,1,25155,18829,4541,8004,23588,17641,7786,15404,1.0,19:48,2015,2016
2015-16,203530,Joffrey Lauvergne,Joffrey,1610612743,DEN,Denver Nuggets,21500906,2016-03-02T00:00:00,DEN vs. LAL,W,25.6,0.0,0.0,0.0,4.0,6.0,0.0,10.0,24.0,0.0,0.0,2.0,2.0,19.5,1,1,1,1,11225,12059,10158,9917,8599,10028,1,20169,8723,8004,1,11390,7786,12096,1.0,25:35,2015,2016
2015-16,203946,Cameron Bairstow,Cameron,1610612741,CHI,Chicago Bulls,21500897,2016-03-02T00:00:00,CHI @ ORL,L,10.1,2.0,0.0,0.0,4.0,5.0,0.0,4.0,2.0,0.0,0.0,2.0,0.0,10.4,1,13074,13074,13074,22382,6026,10158,9917,8599,8403,1,8806,24614,8004,1,11390,18762,18859,1.0,10:08,2015,2016
2015-16,203087,Jeremy Lamb,Jeremy,1610612766,CHA,Charlotte Hornets,21500898,2016-03-02T00:00:00,CHA @ PHI,W,16.3,2.0,0.0,0.0,2.0,2.0,1.0,3.0,6.0,0.0,0.0,1.0,0.0,10.4,1,1,1,1,18804,6026,10158,9917,12984,2619,3393,7328,22724,8004,1,4972,18762,18859,1.0,16:19,2015,2016
2015-16,200755,JJ Redick,JJ,1610612746,LAC,LA Clippers,21500907,2016-03-02T00:00:00,LAC vs. OKC,W,31.0,0.0,0.0,3.0,0.0,2.0,6.0,23.0,28.0,0.0,0.0,3.0,2.0,23.7,1,1,1,1,6718,12059,10158,3302,18861,2619,13237,25880,5824,8004,1,17641,7786,9329,1.0,31:00,2015,2016
2015-16,203076,Anthony Davis,Anthony,1610612740,NOP,New Orleans Pelicans,21500901,2016-03-02T00:00:00,NOP @ HOU,L,39.2,4.0,0.0,6.0,8.0,21.0,7.0,25.0,52.0,1.0,2.0,4.0,3.0,34.1,1,13074,13074,13074,1002,2460,10158,740,3109,25535,15642,25980,59,2692,23588,22104,4736,4124,1.0,39:10,2015,2016
2015-16,203917,Nik Stauskas,Nik,1610612755,PHI,Philadelphia 76ers,21500898,2016-03-02T00:00:00,PHI vs. CHA,L,17.0,0.0,0.0,0.0,2.0,4.0,6.0,0.0,14.0,0.0,0.0,1.0,2.0,10.2,1,13074,13074,13074,18254,12059,10158,9917,12984,6141,13237,1,17019,8004,1,4972,7786,19003,1.0,17:01,2015,2016
2015-16,203503,Tony Snell,Tony,1610612741,CHI,Chicago Bulls,21500897,2016-03-02T00:00:00,CHI @ ORL,L,19.1,0.0,0.0,3.0,0.0,2.0,7.0,2.0,20.0,0.0,0.0,3.0,1.0,10.5,1,13074,13074,13074,16654,12059,10158,3302,18861,2619,15642,4025,11929,8004,1,17641,12373,18808,1.0,19:03,2015,2016
2015-16,1495,Tim Duncan,Tim,1610612759,SAS,San Antonio Spurs,21500905,2016-03-02T00:00:00,SAS vs. DET,W,20.2,0.0,2.0,0.0,12.0,6.0,3.0,6.0,16.0,0.0,1.0,1.0,2.0,25.1,1,1,1,1,15694,12059,4731,9917,988,10028,7138,13388,15259,8004,17214,4972,7786,8429,1.0,20:14,2015,2016
2015-16,1626148,Anthony Brown,Anthony,1610612747,LAL,Los Angeles Lakers,21500906,2016-03-02T00:00:00,LAL @ DEN,L,31.3,0.0,0.0,0.0,0.0,6.0,13.0,22.0,32.0,0.0,0.0,2.0,0.0,14.3,1,13074,13074,13074,6498,12059,10158,9917,18861,10028,23668,25811,3535,8004,1,11390,18762,15948,1.0,31:16,2015,2016
2015-16,201583,Ryan Anderson,Ryan,1610612740,NOP,New Orleans Pelicans,21500901,2016-03-02T00:00:00,NOP @ HOU,L,25.3,0.0,2.0,0.0,4.0,7.0,6.0,14.0,26.0,0.0,2.0,4.0,2.0,26.0,1,13074,13074,13074,11439,12059,4731,9917,8599,12242,13237,23710,7214,8004,23588,22104,7786,7910,1.0,25:19,2015,2016
2015-16,203463,Ben McLemore,Ben,1610612758,SAC,Sacramento Kings,21500902,2016-03-02T00:00:00,SAC @ MEM,L,18.6,1.0,5.0,1.0,0.0,13.0,6.0,4.0,26.0,1.0,0.0,3.0,2.0,15.0,1,13074,13074,13074,17015,11535,995,9347,18861,21300,13237,8806,7214,2692,1,17641,7786,15404,1.0,18:36,2015,2016
2015-16,203960,JaKarr Sampson,JaKarr,1610612743,DEN,Denver Nuggets,21500906,2016-03-02T00:00:00,DEN vs. LAL,W,22.9,0.0,0.0,3.0,0.0,1.0,0.0,0.0,14.0,0.0,0.0,1.0,3.0,10.8,1,1,1,1,13437,12059,10158,3302,18861,2356,1,1,17019,8004,1,4972,4736,18579,1.0,22:56,2015,2016
2015-16,203086,Meyers Leonard,Meyers,1610612757,POR,Portland Trail Blazers,21500899,2016-03-02T00:00:00,POR @ BOS,L,19.4,0.0,0.0,0.0,2.0,10.0,5.0,11.0,18.0,0.0,0.0,3.0,0.0,11.4,1,13074,13074,13074,16420,12059,10158,9917,12984,17370,11469,21342,13577,8004,1,17641,18762,18134,1.0,19:21,2015,2016
2015-16,203512,Lucas Nogueira,Lucas,1610612761,TOR,Toronto Raptors,21500900,2016-03-02T00:00:00,TOR vs. UTA,W,4.5,0.0,0.0,2.0,2.0,1.0,1.0,0.0,2.0,0.0,0.0,1.0,0.0,5.8,1,1,1,1,24544,12059,10158,4675,12984,2356,3393,1,24614,8004,1,4972,18762,22018,1.0,4:30,2015,2016
2015-16,203079,Dion Waiters,Dion,1610612760,OKC,Oklahoma City Thunder,21500907,2016-03-02T00:00:00,OKC @ LAC,L,26.9,0.0,0.0,0.0,0.0,9.0,13.0,4.0,24.0,0.0,0.0,2.0,0.0,6.4,1,13074,13074,13074,10065,12059,10158,9917,18861,15771,23668,8806,8723,8004,1,11390,18762,21589,1.0,26:56,2015,2016
2015-16,202341,James Anderson,James,1610612758,SAC,Sacramento Kings,21500902,2016-03-02T00:00:00,SAC @ MEM,L,5.0,0.0,0.0,0.0,0.0,5.0,2.0,2.0,8.0,0.0,0.0,0.0,0.0,1.2,1,13074,13074,13074,24368,12059,10158,9917,18861,8403,3734,4025,21543,8004,1,1,18762,24661,1.0,5:00,2015,2016
2015-16,2564,Boris Diaw,Boris,1610612759,SAS,San Antonio Spurs,21500905,2016-03-02T00:00:00,SAS vs. DET,W,13.7,0.0,0.0,0.0,2.0,2.0,2.0,0.0,16.0,0.0,0.0,1.0,1.0,6.2,1,1,1,1,20589,12059,10158,9917,12984,2619,3734,1,15259,8004,1,4972,12373,21696,1.0,13:42,2015,2016
2015-16,1626158,Richaun Holmes,Richaun,1610612755,PHI,Philadelphia 76ers,21500898,2016-03-02T00:00:00,PHI vs. CHA,L,18.5,0.0,0.0,0.0,0.0,7.0,3.0,4.0,14.0,1.0,1.0,3.0,2.0,10.7,1,13074,13074,13074,17112,12059,10158,9917,18861,12242,7138,8806,17019,2692,17214,17641,7786,18636,1.0,18:28,2015,2016
2015-16,203481,Jeff Withey,Jeff,1610612762,UTA,Utah Jazz,21500900,2016-03-02T00:00:00,UTA @ TOR,L,4.6,0.0,0.0,0.0,2.0,0.0,2.0,0.0,2.0,0.0,0.0,0.0,0.0,2.0,1,13074,13074,13074,24529,12059,10158,9917,12984,1,3734,1,24614,8004,1,1,18762,24216,1.0,4:33,2015,2016
2015-16,201962,Toney Douglas,Toney,1610612740,NOP,New Orleans Pelicans,21500901,2016-03-02T00:00:00,NOP @ HOU,L,7.8,0.0,0.0,0.0,0.0,0.0,0.0,2.0,6.0,0.0,0.0,2.0,1.0,1.4,1,13074,13074,13074,23253,12059,10158,9917,18861,1,1,4025,22724,8004,1,11390,12373,24615,1.0,7:50,2015,2016
2015-16,1891,Jason Terry,Jason,1610612745,HOU,Houston Rockets,21500901,2016-03-02T00:00:00,HOU vs. NOP,W,18.1,0.0,0.0,0.0,0.0,2.0,0.0,6.0,14.0,0.0,0.0,0.0,0.0,5.7,1,1,1,1,17423,12059,10158,9917,18861,2619,1,13388,17019,8004,1,1,18762,22054,1.0,18:07,2015,2016
2015-16,1626173,Rashad Vaughn,Rashad,1610612749,MIL,Milwaukee Bucks,21500903,2016-03-02T00:00:00,MIL vs. IND,L,9.6,0.0,0.0,0.0,0.0,1.0,0.0,3.0,6.0,0.0,0.0,2.0,0.0,1.2,1,13074,13074,13074,22601,12059,10158,9917,18861,2356,1,7328,22724,8004,1,11390,18762,24661,1.0,9:34,2015,2016
2015-16,203504,Trey Burke,Trey,1610612762,UTA,Utah Jazz,21500900,2016-03-02T00:00:00,UTA @ TOR,L,14.0,0.0,0.0,0.0,6.0,5.0,2.0,7.0,12.0,0.0,1.0,1.0,0.0,11.2,1,13074,13074,13074,20413,12059,10158,9917,5299,8403,3734,15538,18637,8004,17214,4972,18762,18267,1.0,13:59,2015,2016
2015-16,203148,Brian Roberts,Brian,1610612757,POR,Portland Trail Blazers,21500899,2016-03-02T00:00:00,POR @ BOS,L,7.8,2.0,2.0,0.0,2.0,0.0,5.0,3.0,10.0,0.0,0.0,0.0,0.0,11.2,1,13074,13074,13074,23288,6026,4731,9917,12984,1,11469,7328,20209,8004,1,1,18762,18267,1.0,7:45,2015,2016
2015-16,201582,Alexis Ajinca,Alexis,1610612740,NOP,New Orleans Pelicans,21500901,2016-03-02T00:00:00,NOP @ HOU,L,6.6,0.0,0.0,0.0,4.0,2.0,0.0,2.0,8.0,1.0,1.0,3.0,1.0,11.0,1,13074,13074,13074,23725,12059,10158,9917,8599,2619,1,4025,21543,2692,17214,17641,12373,18430,1.0,6:34,2015,2016
2015-16,1626199,Darrun Hilliard,Darrun,1610612765,DET,Detroit Pistons,21500905,2016-03-02T00:00:00,DET @ SAS,L,11.6,0.0,0.0,0.0,0.0,5.0,2.0,0.0,8.0,0.0,0.0,0.0,0.0,5.7,1,13074,13074,13074,21759,12059,10158,9917,18861,8403,3734,1,21543,8004,1,1,18762,22054,1.0,11:38,2015,2016
2015-16,202087,Alonzo Gee,Alonzo,1610612740,NOP,New Orleans Pelicans,21500901,2016-03-02T00:00:00,NOP @ HOU,L,12.3,0.0,0.0,0.0,0.0,1.0,2.0,2.0,12.0,0.0,0.0,3.0,0.0,1.4,1,13074,13074,13074,21409,12059,10158,9917,18861,2356,3734,4025,18637,8004,1,17641,18762,24615,1.0,12:15,2015,2016
2015-16,1713,Vince Carter,Vince,1610612763,MEM,Memphis Grizzlies,21500902,2016-03-02T00:00:00,MEM vs. SAC,W,18.5,0.0,0.0,2.0,4.0,7.0,8.0,4.0,6.0,0.0,0.0,1.0,0.0,11.1,1,1,1,1,17079,12059,10158,4675,8599,12242,17345,8806,22724,8004,1,4972,18762,18370,1.0,18:32,2015,2016
2015-16,203584,Troy Daniels,Troy,1610612766,CHA,Charlotte Hornets,21500898,2016-03-02T00:00:00,CHA @ PHI,W,1.8,0.0,0.0,0.0,0.0,0.0,0.0,0.0,2.0,0.0,0.0,0.0,0.0,3.0,1,1,1,1,25607,12059,10158,9917,18861,1,1,1,24614,8004,1,1,18762,23648,1.0,1:45,2015,2016
2015-16,203484,Kentavious Caldwell-Pope,Kentavious,1610612765,DET,Detroit Pistons,21500905,2016-03-02T00:00:00,DET @ SAS,L,36.2,0.0,1.0,0.0,2.0,11.0,2.0,6.0,36.0,0.0,0.0,1.0,3.0,12.9,1,13074,13074,13074,2636,12059,9709,9917,12984,18886,3734,13388,1943,8004,1,4972,4736,17049,1.0,36:09,2015,2016
2015-16,203382,Aron Baynes,Aron,1610612765,DET,Detroit Pistons,21500905,2016-03-02T00:00:00,DET @ SAS,L,26.0,0.0,2.0,0.0,8.0,16.0,2.0,4.0,24.0,0.0,1.0,3.0,2.0,18.7,1,13074,13074,13074,10827,12059,4731,9917,3109,23774,3734,8806,8723,8004,17214,17641,7786,12648,1.0,26:01,2015,2016
2015-16,203187,Chris Johnson,Chris,1610612762,UTA,Utah Jazz,21500900,2016-03-02T00:00:00,UTA @ TOR,L,19.5,0.0,0.0,0.0,2.0,10.0,9.0,7.0,18.0,2.0,1.0,4.0,0.0,13.1,1,13074,13074,13074,16303,12059,10158,9917,12984,17370,19144,15538,13577,932,17214,22104,18762,16874,1.0,19:32,2015,2016
2015-16,201967,Dante Cunningham,Dante,1610612740,NOP,New Orleans Pelicans,21500901,2016-03-02T00:00:00,NOP @ HOU,L,28.9,3.0,3.0,0.0,0.0,19.0,5.0,17.0,40.0,0.0,0.0,2.0,2.0,18.1,1,13074,13074,13074,8422,4307,3104,9917,18861,25074,11469,24967,983,8004,1,11390,7786,13090,1.0,28:56,2015,2016
2015-16,203090,Maurice Harkless,Maurice,1610612757,POR,Portland Trail Blazers,21500899,2016-03-02T00:00:00,POR @ BOS,L,21.3,0.0,3.0,0.0,2.0,4.0,8.0,8.0,22.0,0.0,2.0,1.0,0.0,12.4,1,13074,13074,13074,14783,12059,3104,9917,12984,6141,17345,17194,10265,8004,23588,4972,18762,17418,1.0,21:18,2015,2016
2015-16,203613,Jonathon Simmons,Jonathon,1610612759,SAS,San Antonio Spurs,21500905,2016-03-02T00:00:00,SAS vs. DET,W,8.4,0.0,2.0,0.0,2.0,2.0,0.0,0.0,6.0,0.0,0.0,0.0,0.0,2.0,1,1,1,1,23053,12059,4731,9917,12984,2619,1,1,22724,8004,1,1,18762,24216,1.0,8:25,2015,2016
2015-16,203493,Reggie Bullock Jr.,Reggie,1610612765,DET,Detroit Pistons,21500905,2016-03-02T00:00:00,DET @ SAS,L,21.1,0.0,0.0,0.0,2.0,11.0,2.0,2.0,24.0,0.0,0.0,1.0,1.0,13.0,1,13074,13074,13074,14985,12059,10158,9917,12984,18886,3734,4025,8723,8004,1,4972,12373,16969,1.0,21:05,2015,2016
2015-16,2399,Mike Dunleavy,Mike,1610612741,CHI,Chicago Bulls,21500897,2016-03-02T00:00:00,CHI @ ORL,L,21.5,3.0,2.0,3.0,2.0,10.0,2.0,11.0,14.0,0.0,0.0,1.0,0.0,18.7,1,13074,13074,13074,14625,4307,4731,3302,12984,17370,3734,21342,17019,8004,1,4972,18762,12648,1.0,21:28,2015,2016
2015-16,201155,Rodney Stuckey,Rodney,1610612754,IND,Indiana Pacers,21500903,2016-03-02T00:00:00,IND @ MIL,W,18.8,2.0,0.0,2.0,6.0,6.0,3.0,9.0,20.0,0.0,0.0,2.0,2.0,18.2,1,1,1,1,16907,6026,10158,4675,5299,10028,7138,18829,11929,8004,1,11390,7786,13004,1.0,18:45,2015,2016
2015-16,201564,O.J. Mayo,O.J.,1610612749,MIL,Milwaukee Bucks,21500903,2016-03-02T00:00:00,MIL vs. IND,L,33.9,0.0,0.0,0.0,0.0,7.0,4.0,5.0,32.0,0.0,0.0,5.0,1.0,13.0,1,13074,13074,13074,4411,12059,10158,9917,18861,12242,8458,11593,3535,8004,1,24686,12373,16969,1.0,33:55,2015,2016
2015-16,201980,Danny Green,Danny,1610612759,SAS,San Antonio Spurs,21500905,2016-03-02T00:00:00,SAS vs. DET,W,32.7,0.0,0.0,0.0,0.0,6.0,7.0,8.0,32.0,2.0,0.0,2.0,0.0,16.7,1,1,1,1,5368,12059,10158,9917,18861,10028,15642,17194,3535,932,1,11390,18762,14064,1.0,32:40,2015,2016
2015-16,201585,Kosta Koufos,Kosta,1610612758,SAC,Sacramento Kings,21500902,2016-03-02T00:00:00,SAC @ MEM,L,16.5,0.0,0.0,0.0,2.0,7.0,6.0,7.0,18.0,0.0,0.0,4.0,0.0,8.3,1,13074,13074,13074,18631,12059,10158,9917,12984,12242,13237,15538,13577,8004,1,22104,18762,20376,1.0,16:32,2015,2016
2015-16,203112,Quincy Acy,Quincy,1610612758,SAC,Sacramento Kings,21500902,2016-03-02T00:00:00,SAC @ MEM,L,26.1,5.0,0.0,0.0,6.0,15.0,8.0,8.0,32.0,0.0,0.0,5.0,3.0,18.1,1,13074,13074,13074,10786,1603,10158,9917,5299,23079,17345,17194,3535,8004,1,24686,4736,13090,1.0,26:04,2015,2016
2015-16,201584,Courtney Lee,Courtney,1610612766,CHA,Charlotte Hornets,21500898,2016-03-02T00:00:00,CHA @ PHI,W,28.5,0.0,0.0,2.0,2.0,8.0,6.0,14.0,20.0,0.0,1.0,4.0,2.0,18.1,1,1,1,1,8824,12059,10158,4675,12984,13914,13237,23710,11929,8004,17214,22104,7786,13090,1.0,28:30,2015,2016
2015-16,2581,Steve Blake,Steve,1610612765,DET,Detroit Pistons,21500905,2016-03-02T00:00:00,DET @ SAS,L,17.3,0.0,0.0,0.0,0.0,9.0,2.0,2.0,12.0,0.0,2.0,1.0,1.0,8.2,1,13074,13074,13074,18046,12059,10158,9917,18861,15771,3734,4025,18637,8004,23588,4972,12373,20416,1.0,17:18,2015,2016
2015-16,202709,Cory Joseph,Cory,1610612761,TOR,Toronto Raptors,21500900,2016-03-02T00:00:00,TOR vs. UTA,W,25.6,3.0,0.0,3.0,6.0,9.0,7.0,7.0,22.0,0.0,2.0,1.0,2.0,12.5,1,1,1,1,11225,4307,10158,3302,5299,15771,15642,15538,10265,8004,23588,4972,7786,17372,1.0,25:35,2015,2016
2015-16,2570,Kendrick Perkins,Kendrick,1610612740,NOP,New Orleans Pelicans,21500901,2016-03-02T00:00:00,NOP @ HOU,L,22.2,0.0,0.0,0.0,0.0,15.0,5.0,10.0,28.0,0.0,0.0,2.0,0.0,18.1,1,13074,13074,13074,14004,12059,10158,9917,18861,23079,11469,20169,5824,8004,1,11390,18762,13090,1.0,22:12,2015,2016
2015-16,202704,Reggie Jackson,Reggie,1610612765,DET,Detroit Pistons,21500905,2016-03-02T00:00:00,DET @ SAS,L,30.7,0.0,4.0,2.0,6.0,9.0,2.0,6.0,34.0,0.0,0.0,0.0,3.0,18.1,1,13074,13074,13074,6950,12059,1596,4675,5299,15771,3734,13388,2701,8004,1,1,4736,13090,1.0,30:42,2015,2016
2015-16,202693,Markieff Morris,Markieff,1610612764,WAS,Washington Wizards,21500904,2016-03-02T00:00:00,WAS @ MIN,W,24.0,0.0,0.0,0.0,2.0,10.0,2.0,15.0,12.0,0.0,0.0,3.0,2.0,16.2,1,1,1,1,12611,12059,10158,9917,12984,17370,3734,24242,18637,8004,1,17641,7786,14436,1.0,23:57,2015,2016
2015-16,203459,Allen Crabbe,Allen,1610612757,POR,Portland Trail Blazers,21500899,2016-03-02T00:00:00,POR @ BOS,L,25.7,3.0,0.0,5.0,4.0,8.0,9.0,14.0,34.0,1.0,0.0,3.0,1.0,16.6,1,13074,13074,13074,11094,4307,10158,1277,8599,13914,19144,23710,2701,2692,1,17641,12373,14125,1.0,25:43,2015,2016
2015-16,202713,Kyle Singler,Kyle,1610612760,OKC,Oklahoma City Thunder,21500907,2016-03-02T00:00:00,OKC @ LAC,L,11.8,0.0,0.0,0.0,0.0,5.0,9.0,2.0,10.0,0.0,0.0,4.0,1.0,7.8,1,13074,13074,13074,21671,12059,10158,9917,18861,8403,19144,4025,20209,8004,1,22104,12373,20696,1.0,11:50,2015,2016
2015-16,202730,Lavoy Allen,Lavoy,1610612754,IND,Indiana Pacers,21500903,2016-03-02T00:00:00,IND @ MIL,W,17.1,0.0,2.0,0.0,6.0,5.0,0.0,9.0,18.0,0.0,1.0,2.0,1.0,18.2,1,1,1,1,18183,12059,4731,9917,5299,8403,1,18829,13577,8004,17214,11390,12373,13004,1.0,17:07,2015,2016
2015-16,203092,Tyler Zeller,Tyler,1610612738,BOS,Boston Celtics,21500899,2016-03-02T00:00:00,BOS vs. POR,W,24.2,0.0,3.0,0.0,2.0,5.0,5.0,5.0,16.0,0.0,0.0,2.0,2.0,18.4,1,1,1,1,12423,12059,3104,9917,12984,8403,11469,11593,15259,8004,1,11390,7786,12854,1.0,24:09,2015,2016
2015-16,2446,Rasual Butler,Rasual,1610612759,SAS,San Antonio Spurs,21500905,2016-03-02T00:00:00,SAS vs. DET,W,4.8,0.0,0.0,0.0,0.0,0.0,0.0,0.0,2.0,0.0,0.0,0.0,0.0,3.0,1,1,1,1,24444,12059,10158,9917,18861,1,1,1,24614,8004,1,1,18762,23648,1.0,4:46,2015,2016
2015-16,202687,Bismack Biyombo,Bismack,1610612761,TOR,Toronto Raptors,21500900,2016-03-02T00:00:00,TOR vs. UTA,W,17.8,0.0,1.0,0.0,0.0,3.0,3.0,3.0,12.0,3.0,0.0,2.0,2.0,18.4,1,1,1,1,17667,12059,9709,9917,18861,5109,7138,7328,18637,347,1,11390,7786,12854,1.0,17:48,2015,2016
2015-16,203903,Jordan Clarkson,Jordan,1610612747,LAL,Los Angeles Lakers,21500906,2016-03-02T00:00:00,LAL @ DEN,L,22.5,2.0,2.0,2.0,2.0,7.0,6.0,11.0,20.0,0.0,2.0,1.0,1.0,18.6,1,13074,13074,13074,13764,6026,4731,4675,12984,12242,13237,21342,11929,8004,23588,4972,12373,12715,1.0,22:30,2015,2016
2015-16,101161,Amir Johnson,Amir,1610612738,BOS,Boston Celtics,21500899,2016-03-02T00:00:00,BOS vs. POR,W,13.9,0.0,4.0,2.0,6.0,4.0,4.0,1.0,10.0,2.0,1.0,1.0,0.0,20.7,1,1,1,1,20442,12059,1596,4675,5299,6141,8458,3646,20209,932,17214,4972,18762,11252,1.0,13:56,2015,2016
2015-16,202332,Cole Aldrich,Cole,1610612746,LAC,LA Clippers,21500907,2016-03-02T00:00:00,LAC vs. OKC,W,11.5,0.0,0.0,0.0,8.0,2.0,3.0,4.0,10.0,0.0,0.0,0.0,1.0,18.2,1,1,1,1,21809,12059,10158,9917,3109,2619,7138,8806,20209,8004,1,1,12373,13004,1.0,11:32,2015,2016
2015-16,203477,Isaiah Canaan,Isaiah,1610612755,PHI,Philadelphia 76ers,21500898,2016-03-02T00:00:00,PHI vs. CHA,L,31.9,2.0,0.0,2.0,2.0,10.0,11.0,9.0,26.0,0.0,1.0,2.0,1.0,21.0,1,13074,13074,13074,5947,6026,10158,4675,12984,17370,21814,18829,7214,8004,17214,11390,12373,11077,1.0,31:56,2015,2016
2015-16,203085,Austin Rivers,Austin,1610612746,LAC,LA Clippers,21500907,2016-03-02T00:00:00,LAC vs. OKC,W,18.5,5.0,2.0,2.0,4.0,4.0,10.0,7.0,18.0,0.0,1.0,1.0,2.0,13.1,1,1,1,1,17094,1603,4731,4675,8599,6141,20509,15538,13577,8004,17214,4972,7786,16874,1.0,18:30,2015,2016
2015-16,201166,Aaron Brooks,Aaron,1610612741,CHI,Chicago Bulls,21500897,2016-03-02T00:00:00,CHI @ ORL,L,16.6,0.0,0.0,3.0,4.0,0.0,5.0,2.0,16.0,0.0,1.0,1.0,2.0,17.8,1,13074,13074,13074,18545,12059,10158,3302,8599,1,11469,4025,15259,8004,17214,4972,7786,13309,1.0,16:38,2015,2016
2015-16,202734,E'Twaun Moore,E'Twaun,1610612741,CHI,Chicago Bulls,21500897,2016-03-02T00:00:00,CHI @ ORL,L,28.1,2.0,0.0,0.0,6.0,10.0,1.0,15.0,24.0,0.0,1.0,1.0,1.0,16.1,1,13074,13074,13074,9140,6026,10158,9917,5299,17370,3393,24242,8723,8004,17214,4972,12373,14515,1.0,28:07,2015,2016
2015-16,201949,James Johnson,James,1610612761,TOR,Toronto Raptors,21500900,2016-03-02T00:00:00,TOR vs. UTA,W,16.6,0.0,0.0,0.0,2.0,7.0,5.0,0.0,18.0,0.0,0.0,3.0,0.0,2.2,1,1,1,1,18574,12059,10158,9917,12984,12242,11469,1,13577,8004,1,17641,18762,24138,1.0,16:37,2015,2016
2015-16,203460,Andre Roberson,Andre,1610612760,OKC,Oklahoma City Thunder,21500907,2016-03-02T00:00:00,OKC @ LAC,L,22.4,0.0,0.0,0.0,0.0,7.0,6.0,7.0,24.0,0.0,0.0,3.0,0.0,8.4,1,13074,13074,13074,13855,12059,10158,9917,18861,12242,13237,15538,8723,8004,1,17641,18762,20273,1.0,22:22,2015,2016
2015-16,1626145,Tyus Jones,Tyus,1610612750,MIN,Minnesota Timberwolves,21500904,2016-03-02T00:00:00,MIN vs. WAS,L,10.1,0.0,0.0,0.0,0.0,9.0,3.0,8.0,14.0,0.0,0.0,0.0,1.0,2.0,1,13074,13074,13074,22392,12059,10158,9917,18861,15771,7138,17194,17019,8004,1,1,12373,24216,1.0,10:06,2015,2016
2015-16,203094,Andrew Nicholson,Andrew,1610612753,ORL,Orlando Magic,21500897,2016-03-02T00:00:00,ORL vs. CHI,W,2.8,0.0,0.0,0.0,0.0,2.0,0.0,0.0,2.0,0.0,0.0,0.0,0.0,2.4,1,1,1,1,25223,12059,10158,9917,18861,2619,1,1,24614,8004,1,1,18762,24024,1.0,2:45,2015,2016
2015-16,201579,Roy Hibbert,Roy,1610612747,LAL,Los Angeles Lakers,21500906,2016-03-02T00:00:00,LAL @ DEN,L,17.7,2.0,0.0,0.0,2.0,7.0,6.0,12.0,20.0,1.0,0.0,4.0,3.0,12.4,1,13074,13074,13074,17732,6026,10158,9917,12984,12242,13237,22259,11929,2692,1,22104,4736,17418,1.0,17:44,2015,2016
2015-16,2561,David West,David,1610612759,SAS,San Antonio Spurs,21500905,2016-03-02T00:00:00,SAS vs. DET,W,15.8,0.0,0.0,0.0,4.0,2.0,3.0,2.0,10.0,1.0,0.0,2.0,1.0,8.4,1,1,1,1,19227,12059,10158,9917,8599,2619,7138,4025,20209,2692,1,11390,12373,20273,1.0,15:46,2015,2016
2015-16,2225,Tony Parker,Tony,1610612759,SAS,San Antonio Spurs,21500905,2016-03-02T00:00:00,SAS vs. DET,W,27.3,0.0,0.0,4.0,4.0,6.0,5.0,8.0,26.0,0.0,0.0,2.0,2.0,16.6,1,1,1,1,9763,12059,10158,1913,8599,10028,11469,17194,7214,8004,1,11390,7786,14125,1.0,27:18,2015,2016
2015-16,201160,Jason Smith,Jason,1610612753,ORL,Orlando Magic,21500897,2016-03-02T00:00:00,ORL vs. CHI,W,12.7,0.0,0.0,4.0,6.0,0.0,0.0,3.0,8.0,1.0,0.0,0.0,1.0,18.4,1,1,1,1,21112,12059,10158,1913,5299,1,1,7328,21543,2692,1,1,12373,12854,1.0,12:44,2015,2016
2015-16,203101,Miles Plumlee,Miles,1610612749,MIL,Milwaukee Bucks,21500903,2016-03-02T00:00:00,MIL vs. IND,L,19.2,2.0,2.0,0.0,6.0,0.0,0.0,5.0,16.0,0.0,0.0,2.0,1.0,16.2,1,13074,13074,13074,16573,6026,4731,9917,5299,1,1,11593,15259,8004,1,11390,12373,14436,1.0,19:09,2015,2016
2015-16,1626175,Jordan Mickey,Jordan,1610612738,BOS,Boston Celtics,21500899,2016-03-02T00:00:00,BOS vs. POR,W,3.6,0.0,0.0,0.0,0.0,3.0,0.0,5.0,4.0,1.0,0.0,0.0,0.0,3.0,1,1,1,1,24862,12059,10158,9917,18861,5109,1,11593,23698,2692,1,1,18762,23648,1.0,3:37,2015,2016
2015-16,203473,Dewayne Dedmon,Dewayne,1610612753,ORL,Orlando Magic,21500897,2016-03-02T00:00:00,ORL vs. CHI,W,2.8,0.0,0.0,0.0,0.0,2.0,0.0,0.0,2.0,1.0,0.0,0.0,0.0,4.2,1,1,1,1,25223,12059,10158,9917,18861,2619,1,1,24614,2692,1,1,18762,22976,1.0,2:45,2015,2016
2015-16,101138,Brandon Bass,Brandon,1610612747,LAL,Los Angeles Lakers,21500906,2016-03-02T00:00:00,LAL @ DEN,L,28.9,2.0,0.0,3.0,8.0,6.0,11.0,15.0,16.0,1.0,1.0,4.0,4.0,21.7,1,13074,13074,13074,8447,6026,10158,3302,3109,10028,21814,24242,15259,2692,17214,22104,2748,10592,1.0,28:54,2015,2016
2015-16,2419,Tayshaun Prince,Tayshaun,1610612750,MIN,Minnesota Timberwolves,21500904,2016-03-02T00:00:00,MIN vs. WAS,L,5.3,0.0,0.0,0.0,0.0,4.0,0.0,4.0,10.0,0.0,0.0,1.0,0.0,4.2,1,13074,13074,13074,24246,12059,10158,9917,18861,6141,1,8806,20209,8004,1,4972,18762,22976,1.0,5:19,2015,2016
2015-16,1626166,Cameron Payne,Cameron,1610612760,OKC,Oklahoma City Thunder,21500907,2016-03-02T00:00:00,OKC @ LAC,L,3.4,0.0,0.0,0.0,2.0,0.0,0.0,0.0,2.0,0.0,0.0,1.0,0.0,4.7,1,13074,13074,13074,24976,12059,10158,9917,12984,1,1,1,24614,8004,1,4972,18762,22672,1.0,3:22,2015,2016
2015-16,203906,Devyn Marble,Devyn,1610612753,ORL,Orlando Magic,21500897,2016-03-02T00:00:00,ORL vs. CHI,W,6.0,0.0,0.0,0.0,0.0,2.0,0.0,0.0,2.0,0.0,0.0,1.0,0.0,-1.0,1,1,1,1,23952,12059,10158,9917,18861,2619,1,1,24614,8004,1,4972,18762,25932,1.0,6:01,2015,2016
2015-16,1626245,Cristiano Felicio,Cristiano,1610612741,CHI,Chicago Bulls,21500897,2016-03-02T00:00:00,CHI @ ORL,L,5.1,0.0,0.0,0.0,0.0,0.0,0.0,0.0,2.0,0.0,0.0,0.0,0.0,6.5,1,13074,13074,13074,24346,12059,10158,9917,18861,1,1,1,24614,8004,1,1,18762,21519,1.0,5:03,2015,2016
2015-16,201196,Ramon Sessions,Ramon,1610612764,WAS,Washington Wizards,21500904,2016-03-02T00:00:00,WAS @ MIN,W,10.8,0.0,0.0,2.0,4.0,4.0,3.0,0.0,4.0,0.0,0.0,1.0,1.0,7.4,1,1,1,1,22107,12059,10158,4675,8599,6141,7138,1,23698,8004,1,4972,12373,20912,1.0,10:50,2015,2016
2015-16,977,Kobe Bryant,Kobe,1610612747,LAL,Los Angeles Lakers,21500906,2016-03-02T00:00:00,LAL @ DEN,L,10.8,0.0,0.0,0.0,0.0,7.0,4.0,5.0,6.0,0.0,0.0,1.0,1.0,8.9,1,13074,13074,13074,22100,12059,10158,9917,18861,12242,8458,11593,22724,8004,1,4972,12373,19914,1.0,10:50,2015,2016
2015-16,203490,Otto Porter Jr.,Otto,1610612764,WAS,Washington Wizards,21500904,2016-03-02T00:00:00,WAS @ MIN,W,18.2,3.0,0.0,2.0,2.0,14.0,4.0,10.0,16.0,0.0,0.0,0.0,0.0,8.9,1,1,1,1,17332,4307,10158,4675,12984,22292,8458,20169,15259,8004,1,1,18762,19914,1.0,18:13,2015,2016
2015-16,1626192,Pat Connaughton,Pat,1610612757,POR,Portland Trail Blazers,21500899,2016-03-02T00:00:00,POR @ BOS,L,7.8,3.0,0.0,3.0,2.0,0.0,5.0,3.0,10.0,0.0,1.0,0.0,1.0,8.9,1,13074,13074,13074,23288,4307,10158,3302,12984,1,11469,7328,20209,8004,17214,1,12373,19914,1.0,7:45,2015,2016
2015-16,203143,Pablo Prigioni,Pablo,1610612746,LAC,LA Clippers,21500907,2016-03-02T00:00:00,LAC vs. OKC,W,8.2,0.0,0.0,0.0,0.0,2.0,3.0,4.0,8.0,0.0,0.0,0.0,0.0,3.2,1,1,1,1,23118,12059,10158,9917,18861,2619,7138,8806,21543,8004,1,1,18762,23473,1.0,8:11,2015,2016
2015-16,2440,Matt Barnes,Matt,1610612763,MEM,Memphis Grizzlies,21500902,2016-03-02T00:00:00,MEM vs. SAC,W,27.2,2.0,0.0,0.0,2.0,10.0,9.0,8.0,22.0,0.0,1.0,3.0,1.0,6.9,1,1,1,1,9872,6026,10158,9917,12984,17370,19144,17194,10265,8004,17214,17641,12373,21262,1.0,27:10,2015,2016
2015-16,201228,C.J. Watson,C.J.,1610612753,ORL,Orlando Magic,21500897,2016-03-02T00:00:00,ORL vs. CHI,W,17.3,0.0,0.0,0.0,0.0,2.0,0.0,6.0,12.0,1.0,0.0,1.0,0.0,4.2,1,1,1,1,18084,12059,10158,9917,18861,2619,1,13388,18637,2692,1,4972,18762,22976,1.0,17:15,2015,2016
2015-16,1889,Andre Miller,Andre,1610612759,SAS,San Antonio Spurs,21500905,2016-03-02T00:00:00,SAS vs. DET,W,7.7,0.0,0.0,0.0,0.0,0.0,2.0,0.0,4.0,0.0,0.0,2.0,0.0,5.4,1,1,1,1,23335,12059,10158,9917,18861,1,3734,1,23698,8004,1,11390,18762,22242,1.0,7:39,2015,2016
2015-16,203894,Shabazz Napier,Shabazz,1610612753,ORL,Orlando Magic,21500897,2016-03-02T00:00:00,ORL vs. CHI,W,2.8,0.0,0.0,0.0,0.0,2.0,0.0,0.0,2.0,0.0,0.0,0.0,0.0,0.2,1,1,1,1,25223,12059,10158,9917,18861,2619,1,1,24614,8004,1,1,18762,25103,1.0,2:45,2015,2016
2015-16,201946,Tyler Hansbrough,Tyler,1610612766,CHA,Charlotte Hornets,21500898,2016-03-02T00:00:00,CHA @ PHI,W,1.8,0.0,0.0,0.0,0.0,0.0,0.0,0.0,2.0,0.0,0.0,0.0,0.0,0.0,1,1,1,1,25607,12059,10158,9917,18861,1,1,1,24614,8004,1,1,18762,25170,1.0,1:45,2015,2016
2015-16,1626246,Boban Marjanović,Boban,1610612759,SAS,San Antonio Spurs,21500905,2016-03-02T00:00:00,SAS vs. DET,W,1.8,0.0,0.0,0.0,0.0,0.0,0.0,0.0,0.0,1.0,0.0,0.0,0.0,4.2,1,1,1,1,25600,12059,10158,9917,18861,1,1,1,25429,2692,1,1,18762,22976,1.0,1:46,2015,2016
2015-16,201943,Brandon Jennings,Brandon,1610612753,ORL,Orlando Magic,21500897,2016-03-02T00:00:00,ORL vs. CHI,W,11.8,0.0,0.0,0.0,0.0,0.0,0.0,6.0,4.0,0.0,0.0,2.0,0.0,8.9,1,1,1,1,21698,12059,10158,9917,18861,1,1,13388,23698,8004,1,11390,18762,19914,1.0,11:46,2015,2016
2015-16,202962,Greg Smith,Greg,1610612750,MIN,Minnesota Timberwolves,21500904,2016-03-02T00:00:00,MIN vs. WAS,L,9.6,2.0,0.0,0.0,2.0,11.0,0.0,4.0,16.0,0.0,0.0,1.0,2.0,6.7,1,13074,13074,13074,22580,6026,10158,9917,12984,18886,1,8806,15259,8004,1,4972,7786,21376,1.0,9:38,2015,2016
2015-16,201145,Jeff Green,Jeff,1610612746,LAC,LA Clippers,21500907,2016-03-02T00:00:00,LAC vs. OKC,W,17.1,0.0,0.0,0.0,0.0,0.0,4.0,18.0,22.0,0.0,3.0,3.0,0.0,4.4,1,1,1,1,18185,12059,10158,9917,18861,1,8458,25228,10265,8004,25441,17641,18762,22837,1.0,17:07,2015,2016
2015-16,200797,Ryan Hollins,Ryan,1610612763,MEM,Memphis Grizzlies,21500902,2016-03-02T00:00:00,MEM vs. SAC,W,1.9,0.0,0.0,0.0,0.0,2.0,0.0,1.0,0.0,0.0,0.0,1.0,0.0,-1.0,1,1,1,1,25560,12059,10158,9917,18861,2619,1,3646,25429,8004,1,4972,18762,25932,1.0,1:53,2015,2016
2015-16,1626179,Terry Rozier,Terry,1610612738,BOS,Boston Celtics,21500899,2016-03-02T00:00:00,BOS vs. POR,W,6.2,0.0,0.0,0.0,2.0,3.0,2.0,5.0,4.0,0.0,0.0,0.0,0.0,9.7,1,1,1,1,23898,12059,10158,9917,12984,5109,3734,11593,23698,8004,1,1,18762,19379,1.0,6:09,2015,2016
2015-16,203268,Jorge Gutierrez,Jorge,1610612766,CHA,Charlotte Hornets,21500898,2016-03-02T00:00:00,CHA @ PHI,W,1.8,0.0,0.0,0.0,0.0,0.0,0.0,0.0,2.0,0.0,0.0,0.0,0.0,0.0,1,1,1,1,25607,12059,10158,9917,18861,1,1,1,24614,8004,1,1,18762,25170,1.0,1:45,2015,2016
2015-16,202344,Trevor Booker,Trevor,1610612762,UTA,Utah Jazz,21500900,2016-03-02T00:00:00,UTA @ TOR,L,7.4,0.0,0.0,0.0,2.0,5.0,3.0,4.0,10.0,0.0,0.0,2.0,0.0,4.4,1,13074,13074,13074,23420,12059,10158,9917,12984,8403,7138,8806,20209,8004,1,11390,18762,22837,1.0,7:24,2015,2016
2015-16,203940,Adreian Payne,Adreian,1610612750,MIN,Minnesota Timberwolves,21500904,2016-03-02T00:00:00,MIN vs. WAS,L,8.3,0.0,0.0,0.0,0.0,7.0,3.0,6.0,12.0,0.0,1.0,3.0,0.0,-2.0,1,13074,13074,13074,23091,12059,10158,9917,18861,12242,7138,13388,18637,8004,17214,17641,18762,26061,1.0,8:17,2015,2016
2015-16,1626154,RJ Hunter,RJ,1610612738,BOS,Boston Celtics,21500899,2016-03-02T00:00:00,BOS vs. POR,W,3.6,0.0,0.0,0.0,0.0,3.0,0.0,5.0,4.0,0.0,1.0,0.0,0.0,0.0,1,1,1,1,24862,12059,10158,9917,18861,5109,1,11593,23698,8004,17214,1,18762,25170,1.0,3:37,2015,2016
2015-16,1626151,Aaron Harrison,Aaron,1610612766,CHA,Charlotte Hornets,21500898,2016-03-02T00:00:00,CHA @ PHI,W,1.8,0.0,3.0,0.0,0.0,0.0,0.0,0.0,2.0,0.0,0.0,1.0,0.0,4.2,1,1,1,1,25607,12059,3104,9917,18861,1,1,1,24614,8004,1,4972,18762,22976,1.0,1:45,2015,2016
2015-16,202329,Al-Farouq Aminu,Al-Farouq,1610612757,POR,Portland Trail Blazers,21500899,2016-03-02T00:00:00,POR @ BOS,L,20.3,0.0,0.0,0.0,0.0,2.0,11.0,16.0,28.0,0.0,0.0,0.0,0.0,13.3,1,13074,13074,13074,15666,12059,10158,9917,18861,2619,21814,24641,5824,8004,1,1,18762,16712,1.0,20:16,2015,2016
2015-16,203949,James Michael McAdoo,James Michael,1610612744,GSW,Golden State Warriors,21500895,2016-03-01T00:00:00,GSW vs. ATL,W,4.7,0.0,2.0,0.0,2.0,5.0,0.0,0.0,2.0,0.0,2.0,0.0,0.0,3.4,1,1,1,1,24484,12059,4731,9917,12984,8403,1,1,24614,8004,23588,1,18762,23417,1.0,4:41,2015,2016
2015-16,203943,Noah Vonleh,Noah,1610612757,POR,Portland Trail Blazers,21500893,2016-03-01T00:00:00,POR @ NYK,W,15.2,0.0,4.0,0.0,4.0,8.0,4.0,0.0,16.0,0.0,1.0,3.0,1.0,8.8,1,1,1,1,19627,12059,1596,9917,8599,13914,8458,1,15259,8004,17214,17641,12373,19994,1.0,15:11,2015,2016
2015-16,1626209,Mario Hezonja,Mario,1610612753,ORL,Orlando Magic,21500894,2016-03-01T00:00:00,ORL @ DAL,L,15.4,0.0,0.0,2.0,2.0,2.0,3.0,0.0,16.0,0.0,1.0,2.0,0.0,4.9,1,13074,13074,13074,19514,12059,10158,4675,12984,2619,7138,1,15259,8004,17214,11390,18762,22621,1.0,15:21,2015,2016
2015-16,2760,Anderson Varejao,Anderson,1610612744,GSW,Golden State Warriors,21500895,2016-03-01T00:00:00,GSW vs. ATL,W,4.5,0.0,2.0,0.0,2.0,0.0,0.0,4.0,6.0,0.0,0.0,0.0,0.0,4.7,1,1,1,1,24530,12059,4731,9917,12984,1,1,8806,22724,8004,1,1,18762,22672,1.0,4:32,2015,2016
2015-16,201946,Tyler Hansbrough,Tyler,1610612766,CHA,Charlotte Hornets,21500891,2016-03-01T00:00:00,CHA vs. PHX,W,7.8,0.0,0.0,0.0,0.0,0.0,2.0,5.0,10.0,0.0,0.0,1.0,1.0,8.8,1,1,1,1,23261,12059,10158,9917,18861,1,3734,11593,20209,8004,1,4972,12373,19994,1.0,7:49,2015,2016
2015-16,101111,Charlie Villanueva,Charlie,1610612742,DAL,Dallas Mavericks,21500894,2016-03-01T00:00:00,DAL vs. ORL,W,2.1,0.0,0.0,0.0,0.0,2.0,0.0,2.0,4.0,0.0,0.0,0.0,0.0,0.0,1,1,1,1,25482,12059,10158,9917,18861,2619,1,4025,23698,8004,1,1,18762,25170,1.0,2:06,2015,2016
2015-16,203508,Sergey Karasev,Sergey,1610612751,BKN,Brooklyn Nets,21500896,2016-03-01T00:00:00,BKN @ LAL,L,5.4,0.0,0.0,0.0,0.0,2.0,0.0,4.0,4.0,0.0,0.0,0.0,1.0,-1.0,1,13074,13074,13074,24231,12059,10158,9917,18861,2619,1,8806,23698,8004,1,1,12373,25932,1.0,5:21,2015,2016
2015-16,203268,Jorge Gutierrez,Jorge,1610612766,CHA,Charlotte Hornets,21500891,2016-03-01T00:00:00,CHA vs. PHX,W,7.8,0.0,0.0,0.0,2.0,0.0,2.0,5.0,10.0,0.0,0.0,0.0,3.0,4.5,1,1,1,1,23261,12059,10158,9917,12984,1,3734,11593,20209,8004,1,1,4736,22773,1.0,7:49,2015,2016
2015-16,101150,Lou Williams,Lou,1610612747,LAL,Los Angeles Lakers,21500896,2016-03-01T00:00:00,LAL vs. BKN,W,9.6,0.0,0.0,0.0,0.0,0.0,2.0,4.0,10.0,0.0,0.0,0.0,2.0,5.0,1,1,1,1,22588,12059,10158,9917,18861,1,3734,8806,20209,8004,1,1,7786,22500,1.0,9:36,2015,2016
2015-16,2734,Devin Harris,Devin,1610612742,DAL,Dallas Mavericks,21500894,2016-03-01T00:00:00,DAL vs. ORL,W,16.2,0.0,0.0,0.0,4.0,5.0,9.0,10.0,10.0,0.0,0.0,2.0,0.0,8.7,1,1,1,1,18932,12059,10158,9917,8599,8403,19144,20169,20209,8004,1,11390,18762,20045,1.0,16:09,2015,2016
2015-16,1626147,Justin Anderson,Justin,1610612742,DAL,Dallas Mavericks,21500894,2016-03-01T00:00:00,DAL vs. ORL,W,3.6,0.0,0.0,0.0,0.0,2.0,2.0,2.0,6.0,0.0,1.0,0.0,0.0,0.0,1,1,1,1,24872,12059,10158,9917,18861,2619,3734,4025,22724,8004,17214,1,18762,25170,1.0,3:35,2015,2016
2015-16,201156,Nick Young,Nick,1610612747,LAL,Los Angeles Lakers,21500896,2016-03-01T00:00:00,LAL vs. BKN,W,24.5,0.0,0.0,0.0,0.0,7.0,12.0,6.0,32.0,0.0,0.0,2.0,1.0,8.9,1,1,1,1,12162,12059,10158,9917,18861,12242,22832,13388,3535,8004,1,11390,12373,19914,1.0,24:27,2015,2016
2015-16,2756,Sasha Vujacic,Sasha,1610612752,NYK,New York Knicks,21500893,2016-03-01T00:00:00,NYK vs. POR,L,2.8,0.0,0.0,0.0,0.0,0.0,0.0,0.0,2.0,0.0,0.0,0.0,0.0,0.0,1,13074,13074,13074,25187,12059,10158,9917,18861,1,1,1,24614,8004,1,1,18762,25170,1.0,2:50,2015,2016
2015-16,1626148,Anthony Brown,Anthony,1610612747,LAL,Los Angeles Lakers,21500896,2016-03-01T00:00:00,LAL vs. BKN,W,26.3,0.0,0.0,0.0,0.0,4.0,4.0,16.0,38.0,0.0,1.0,3.0,1.0,8.6,1,1,1,1,10568,12059,10158,9917,18861,6141,8458,24641,1422,8004,17214,17641,12373,20125,1.0,26:20,2015,2016
2015-16,202690,Jimmer Fredette,Jimmer,1610612752,NYK,New York Knicks,21500893,2016-03-01T00:00:00,NYK vs. POR,L,3.2,4.0,0.0,0.0,0.0,0.0,2.0,0.0,2.0,0.0,0.0,0.0,2.0,4.0,1,13074,13074,13074,25042,2460,10158,9917,18861,1,3734,1,24614,8004,1,1,7786,23142,1.0,3:13,2015,2016
2015-16,203488,Mike Muscala,Mike,1610612737,ATL,Atlanta Hawks,21500895,2016-03-01T00:00:00,ATL @ GSW,L,2.4,0.0,0.0,0.0,0.0,0.0,2.0,0.0,2.0,0.0,0.0,1.0,0.0,0.2,1,13074,13074,13074,25399,12059,10158,9917,18861,1,3734,1,24614,8004,1,4972,18762,25103,1.0,2:21,2015,2016
2015-16,1626170,Jerian Grant,Jerian,1610612752,NYK,New York Knicks,21500893,2016-03-01T00:00:00,NYK vs. POR,L,7.9,0.0,0.0,0.0,0.0,0.0,2.0,0.0,8.0,0.0,0.0,0.0,0.0,4.2,1,13074,13074,13074,23223,12059,10158,9917,18861,1,3734,1,21543,8004,1,1,18762,22976,1.0,7:54,2015,2016
2015-16,1626257,Salah Mejri,Salah,1610612742,DAL,Dallas Mavericks,21500894,2016-03-01T00:00:00,DAL vs. ORL,W,3.6,0.0,3.0,0.0,2.0,2.0,2.0,2.0,6.0,0.0,0.0,1.0,1.0,4.2,1,1,1,1,24872,12059,3104,9917,12984,2619,3734,4025,22724,8004,1,4972,12373,22976,1.0,3:35,2015,2016
2015-16,201959,Taj Gibson,Taj,1610612741,CHI,Chicago Bulls,21500892,2016-03-01T00:00:00,CHI @ MIA,L,23.0,0.0,1.0,0.0,8.0,8.0,4.0,9.0,36.0,0.0,1.0,2.0,7.0,20.1,1,13074,13074,13074,13346,12059,9709,9917,3109,13914,8458,18829,1943,8004,17214,11390,469,11685,1.0,23:03,2015,2016
2015-16,203926,Doug McDermott,Doug,1610612741,CHI,Chicago Bulls,21500892,2016-03-01T00:00:00,CHI @ MIA,L,26.4,2.0,0.0,0.0,6.0,8.0,4.0,8.0,36.0,0.0,3.0,0.0,1.0,15.7,1,13074,13074,13074,10526,6026,10158,9917,5299,13914,8458,17194,1943,8004,25441,1,12373,14841,1.0,26:24,2015,2016
2015-16,2405,Amar'e Stoudemire,Amar'e,1610612748,MIA,Miami Heat,21500892,2016-03-01T00:00:00,MIA vs. CHI,W,15.0,2.0,2.0,0.0,6.0,0.0,7.0,2.0,16.0,5.0,0.0,2.0,3.0,27.3,1,1,1,1,19763,6026,4731,9917,5299,1,15642,4025,15259,59,1,11390,4736,7236,1.0,14:59,2015,2016
2015-16,203081,Damian Lillard,Damian,1610612757,POR,Portland Trail Blazers,21500893,2016-03-01T00:00:00,POR @ NYK,W,32.5,2.0,0.0,7.0,6.0,10.0,6.0,3.0,30.0,0.0,1.0,1.0,5.0,42.8,1,1,1,1,5530,6026,10158,454,5299,17370,13237,7328,4541,8004,17214,4972,1539,1776,1.0,32:28,2015,2016
2015-16,201578,Marreese Speights,Marreese,1610612744,GSW,Golden State Warriors,21500895,2016-03-01T00:00:00,GSW vs. ATL,W,12.7,0.0,0.0,0.0,2.0,2.0,3.0,3.0,12.0,1.0,0.0,0.0,1.0,15.7,1,1,1,1,21161,12059,10158,9917,12984,2619,7138,7328,18637,2692,1,1,12373,14841,1.0,12:40,2015,2016
2015-16,201609,Goran Dragic,Goran,1610612748,MIA,Miami Heat,21500892,2016-03-01T00:00:00,MIA vs. CHI,W,34.6,0.0,0.0,4.0,12.0,10.0,13.0,5.0,32.0,0.0,1.0,3.0,3.0,40.3,1,1,1,1,3890,12059,10158,1913,988,17370,23668,11593,3535,8004,17214,17641,4736,2302,1.0,34:34,2015,2016
2015-16,202682,Derrick Williams,Derrick,1610612752,NYK,New York Knicks,21500893,2016-03-01T00:00:00,NYK vs. POR,L,17.3,0.0,2.0,0.0,4.0,2.0,2.0,2.0,16.0,0.0,2.0,0.0,2.0,15.5,1,13074,13074,13074,18084,12059,4731,9917,8599,2619,3734,4025,15259,8004,23588,1,7786,15004,1.0,17:15,2015,2016
2015-16,203471,Dennis Schröder,Dennis,1610612737,ATL,Atlanta Hawks,21500895,2016-03-01T00:00:00,ATL @ GSW,L,28.8,5.0,0.0,0.0,4.0,7.0,11.0,6.0,24.0,0.0,0.0,2.0,5.0,31.1,1,13074,13074,13074,8521,1603,10158,9917,8599,12242,21814,13388,8723,8004,1,11390,1539,5354,1.0,28:49,2015,2016
2015-16,203469,Cody Zeller,Cody,1610612766,CHA,Charlotte Hornets,21500891,2016-03-01T00:00:00,CHA vs. PHX,W,21.1,2.0,2.0,0.0,8.0,11.0,9.0,6.0,14.0,0.0,0.0,4.0,2.0,26.4,1,1,1,1,14945,6026,4731,9917,3109,18886,19144,13388,17019,8004,1,22104,7786,7672,1.0,21:08,2015,2016
2015-16,201166,Aaron Brooks,Aaron,1610612741,CHI,Chicago Bulls,21500892,2016-03-01T00:00:00,CHI @ MIA,L,21.9,5.0,3.0,3.0,4.0,4.0,0.0,6.0,24.0,0.0,1.0,2.0,2.0,19.9,1,13074,13074,13074,14258,1603,3104,3302,8599,6141,1,13388,8723,8004,17214,11390,7786,11824,1.0,21:54,2015,2016
2015-16,203145,Kent Bazemore,Kent,1610612737,ATL,Atlanta Hawks,21500895,2016-03-01T00:00:00,ATL @ GSW,L,35.4,2.0,0.0,4.0,8.0,2.0,11.0,12.0,30.0,1.0,0.0,4.0,3.0,31.3,1,13074,13074,13074,3237,6026,10158,1913,3109,2619,21814,22259,4541,2692,1,22104,4736,5258,1.0,35:23,2015,2016
2015-16,201228,C.J. Watson,C.J.,1610612753,ORL,Orlando Magic,21500894,2016-03-01T00:00:00,ORL @ DAL,L,29.8,0.0,0.0,4.0,0.0,18.0,6.0,4.0,28.0,1.0,0.0,1.0,2.0,20.4,1,13074,13074,13074,7723,12059,10158,1913,18861,24749,13237,8806,5824,2692,1,4972,7786,11453,1.0,29:48,2015,2016
2015-16,203080,Thomas Robinson,Thomas,1610612751,BKN,Brooklyn Nets,21500896,2016-03-01T00:00:00,BKN @ LAL,L,13.8,0.0,0.0,0.0,0.0,2.0,3.0,9.0,10.0,0.0,0.0,1.0,0.0,20.0,1,13074,13074,13074,20532,12059,10158,9917,18861,2619,7138,18829,20209,8004,1,4972,18762,11752,1.0,13:47,2015,2016
2015-16,203486,Mason Plumlee,Mason,1610612757,POR,Portland Trail Blazers,21500893,2016-03-01T00:00:00,POR @ NYK,W,26.9,0.0,0.0,0.0,0.0,10.0,4.0,3.0,24.0,2.0,0.0,2.0,2.0,26.9,1,1,1,1,10086,12059,10158,9917,18861,17370,8458,7328,8723,932,1,11390,7786,7438,1.0,26:55,2015,2016
2015-16,201152,Thaddeus Young,Thaddeus,1610612751,BKN,Brooklyn Nets,21500896,2016-03-01T00:00:00,BKN @ LAL,L,34.2,0.0,4.0,5.0,12.0,9.0,9.0,11.0,40.0,0.0,0.0,2.0,5.0,42.0,1,13074,13074,13074,4183,12059,1596,1277,988,15771,19144,21342,983,8004,1,11390,1539,1936,1.0,34:13,2015,2016
2015-16,201143,Al Horford,Al,1610612737,ATL,Atlanta Hawks,21500895,2016-03-01T00:00:00,ATL @ GSW,L,41.9,0.0,0.0,4.0,10.0,7.0,13.0,14.0,36.0,0.0,1.0,3.0,2.0,31.3,1,13074,13074,13074,325,12059,10158,1913,1840,12242,23668,23710,1943,8004,17214,17641,7786,5258,1.0,41:52,2015,2016
2015-16,1626171,Bobby Portis,Bobby,1610612741,CHI,Chicago Bulls,21500892,2016-03-01T00:00:00,CHI @ MIA,L,26.9,2.0,2.0,2.0,6.0,8.0,6.0,8.0,38.0,0.0,0.0,4.0,1.0,30.4,1,13074,13074,13074,10141,6026,4731,4675,5299,13914,13237,17194,1422,8004,1,22104,12373,5661,1.0,26:51,2015,2016
2015-16,1626204,Larry Nance Jr.,Larry,1610612747,LAL,Los Angeles Lakers,21500896,2016-03-01T00:00:00,LAL vs. BKN,W,16.9,2.0,2.0,6.0,6.0,7.0,5.0,4.0,22.0,1.0,0.0,4.0,1.0,15.5,1,1,1,1,18358,6026,4731,740,5299,12242,11469,8806,10265,2692,1,22104,12373,15004,1.0,16:53,2015,2016
2015-16,101141,Ersan Ilyasova,Ersan,1610612753,ORL,Orlando Magic,21500894,2016-03-01T00:00:00,ORL @ DAL,L,30.9,5.0,8.0,5.0,8.0,18.0,3.0,6.0,28.0,0.0,0.0,3.0,5.0,40.0,1,13074,13074,13074,6792,1603,137,1277,3109,24749,7138,13388,5824,8004,1,17641,1539,2364,1.0,30:55,2015,2016
2015-16,101135,David Lee,David,1610612742,DAL,Dallas Mavericks,21500894,2016-03-01T00:00:00,DAL vs. ORL,W,13.6,4.0,0.0,0.0,4.0,6.0,11.0,5.0,8.0,2.0,1.0,5.0,5.0,19.8,1,1,1,1,20671,2460,10158,9917,8599,10028,21814,11593,21543,932,17214,24686,1539,11883,1.0,13:33,2015,2016
2015-16,2744,Al Jefferson,Al,1610612766,CHA,Charlotte Hornets,21500891,2016-03-01T00:00:00,CHA vs. PHX,W,19.1,0.0,2.0,2.0,12.0,6.0,3.0,8.0,18.0,1.0,0.0,1.0,3.0,30.4,1,1,1,1,16654,12059,4731,4675,988,10028,7138,17194,13577,2692,1,4972,4736,5661,1.0,19:03,2015,2016
2015-16,203118,Mike Scott,Mike,1610612737,ATL,Atlanta Hawks,21500895,2016-03-01T00:00:00,ATL @ GSW,L,20.8,0.0,0.0,3.0,2.0,6.0,8.0,10.0,26.0,0.0,0.0,0.0,3.0,15.2,1,13074,13074,13074,15223,12059,10158,3302,12984,10028,17345,20169,7214,8004,1,1,4736,15219,1.0,20:48,2015,2016
2015-16,1626163,Frank Kaminsky,Frank,1610612766,CHA,Charlotte Hornets,21500891,2016-03-01T00:00:00,CHA vs. PHX,W,19.8,0.0,0.0,3.0,2.0,3.0,9.0,8.0,18.0,2.0,0.0,4.0,1.0,26.4,1,1,1,1,16100,12059,10158,3302,12984,5109,19144,17194,13577,932,1,22104,12373,7672,1.0,19:46,2015,2016
2015-16,202691,Klay Thompson,Klay,1610612744,GSW,Golden State Warriors,21500895,2016-03-01T00:00:00,GSW vs. ATL,W,39.3,0.0,2.0,3.0,4.0,18.0,7.0,7.0,18.0,0.0,1.0,3.0,3.0,41.7,1,1,1,1,934,12059,4731,3302,8599,24749,15642,15538,13577,8004,17214,17641,4736,2002,1.0,39:21,2015,2016
2015-16,201943,Brandon Jennings,Brandon,1610612753,ORL,Orlando Magic,21500894,2016-03-01T00:00:00,ORL @ DAL,L,24.1,2.0,0.0,4.0,4.0,11.0,3.0,6.0,22.0,0.0,0.0,0.0,1.0,24.0,1,13074,13074,13074,12440,6026,10158,1913,8599,18886,7138,13388,10265,8004,1,1,12373,9121,1.0,24:07,2015,2016
2015-16,101181,Jose Calderon,Jose,1610612752,NYK,New York Knicks,21500893,2016-03-01T00:00:00,NYK vs. POR,L,25.4,0.0,0.0,0.0,0.0,6.0,8.0,11.0,22.0,0.0,0.0,2.0,1.0,7.4,1,13074,13074,13074,11397,12059,10158,9917,18861,10028,17345,21342,10265,8004,1,11390,12373,20912,1.0,25:22,2015,2016
2015-16,200794,Paul Millsap,Paul,1610612737,ATL,Atlanta Hawks,21500895,2016-03-01T00:00:00,ATL @ GSW,L,41.0,4.0,2.0,0.0,6.0,9.0,11.0,12.0,40.0,4.0,1.0,3.0,5.0,52.4,1,13074,13074,13074,491,2460,4731,9917,5299,15771,21814,22259,983,132,17214,17641,1539,549,1.0,40:59,2015,2016
2015-16,202388,Donald Sloan,Donald,1610612751,BKN,Brooklyn Nets,21500896,2016-03-01T00:00:00,BKN @ LAL,L,30.0,2.0,0.0,4.0,8.0,9.0,9.0,9.0,30.0,0.0,1.0,3.0,2.0,24.4,1,13074,13074,13074,7507,6026,10158,1913,3109,15771,19144,18829,4541,8004,17214,17641,7786,8867,1.0,30:02,2015,2016
2015-16,202689,Kemba Walker,Kemba,1610612766,CHA,Charlotte Hornets,21500891,2016-03-01T00:00:00,CHA vs. PHX,W,29.9,7.0,2.0,8.0,6.0,14.0,5.0,14.0,24.0,0.0,1.0,0.0,5.0,48.7,1,1,1,1,7672,548,4731,280,5299,22292,11469,23710,8723,8004,17214,1,1539,890,1.0,29:51,2015,2016
2015-16,203468,CJ McCollum,CJ,1610612757,POR,Portland Trail Blazers,21500893,2016-03-01T00:00:00,POR @ NYK,W,33.1,0.0,0.0,0.0,8.0,4.0,8.0,0.0,24.0,0.0,0.0,1.0,2.0,29.6,1,1,1,1,5015,12059,10158,9917,3109,6141,17345,1,8723,8004,1,4972,7786,6050,1.0,33:08,2015,2016
2015-16,202718,Chandler Parsons,Chandler,1610612742,DAL,Dallas Mavericks,21500894,2016-03-01T00:00:00,DAL vs. ORL,W,32.2,2.0,0.0,0.0,6.0,15.0,8.0,19.0,28.0,0.0,0.0,1.0,4.0,24.1,1,1,1,1,5742,6026,10158,9917,5299,23079,17345,25435,5824,8004,1,4972,2748,9068,1.0,32:11,2015,2016
2015-16,201160,Jason Smith,Jason,1610612753,ORL,Orlando Magic,21500894,2016-03-01T00:00:00,ORL @ DAL,L,6.4,0.0,0.0,0.0,0.0,9.0,0.0,2.0,8.0,0.0,1.0,1.0,1.0,7.5,1,13074,13074,13074,23803,12059,10158,9917,18861,15771,1,4025,21543,8004,17214,4972,12373,20874,1.0,6:21,2015,2016
2015-16,203939,Dwight Powell,Dwight,1610612742,DAL,Dallas Mavericks,21500894,2016-03-01T00:00:00,DAL vs. ORL,W,3.6,0.0,0.0,0.0,0.0,2.0,2.0,2.0,6.0,0.0,0.0,1.0,0.0,7.4,1,1,1,1,24872,12059,10158,9917,18861,2619,3734,4025,22724,8004,1,4972,18762,20912,1.0,3:35,2015,2016
2015-16,203906,Devyn Marble,Devyn,1610612753,ORL,Orlando Magic,21500894,2016-03-01T00:00:00,ORL @ DAL,L,22.8,3.0,0.0,5.0,0.0,6.0,3.0,4.0,16.0,0.0,0.0,3.0,2.0,24.7,1,13074,13074,13074,13570,4307,10158,1277,18861,10028,7138,8806,15259,8004,1,17641,7786,8673,1.0,22:45,2015,2016
2015-16,202083,Wesley Matthews,Wesley,1610612742,DAL,Dallas Mavericks,21500894,2016-03-01T00:00:00,DAL vs. ORL,W,31.9,2.0,3.0,0.0,6.0,13.0,9.0,14.0,28.0,0.0,0.0,2.0,4.0,36.0,1,1,1,1,6018,6026,3104,9917,5299,21300,19144,23710,5824,8004,1,11390,2748,3463,1.0,31:52,2015,2016
2015-16,2546,Carmelo Anthony,Carmelo,1610612752,NYK,New York Knicks,21500893,2016-03-01T00:00:00,NYK vs. POR,L,34.5,2.0,4.0,0.0,12.0,4.0,8.0,9.0,24.0,1.0,2.0,2.0,4.0,46.0,1,13074,13074,13074,3990,6026,1596,9917,988,6141,17345,18829,8723,2692,23588,11390,2748,1198,1.0,34:27,2015,2016
2015-16,1626156,D'Angelo Russell,D'Angelo,1610612747,LAL,Los Angeles Lakers,21500896,2016-03-01T00:00:00,LAL vs. BKN,W,35.3,3.0,1.0,8.0,10.0,6.0,11.0,17.0,46.0,0.0,0.0,1.0,3.0,50.7,1,1,1,1,3298,4307,9709,280,1840,10028,21814,24967,298,8004,1,4972,4736,677,1.0,35:19,2015,2016
2015-16,2200,Pau Gasol,Pau,1610612741,CHI,Chicago Bulls,21500892,2016-03-01T00:00:00,CHI @ MIA,L,30.4,0.0,0.0,0.0,6.0,10.0,6.0,11.0,50.0,1.0,1.0,2.0,2.0,36.8,1,13074,13074,13074,7152,12059,10158,9917,5299,17370,13237,21342,107,2692,17214,11390,7786,3241,1.0,30:26,2015,2016
2015-16,202355,Hassan Whiteside,Hassan,1610612748,MIA,Miami Heat,21500892,2016-03-01T00:00:00,MIA vs. CHI,W,33.0,2.0,2.0,0.0,14.0,24.0,6.0,9.0,32.0,4.0,1.0,1.0,9.0,55.3,1,1,1,1,5104,6026,4731,9917,542,25890,13237,18829,3535,132,17214,4972,138,384,1.0,33:01,2015,2016
2015-16,2207,Joe Johnson,Joe,1610612748,MIA,Miami Heat,21500892,2016-03-01T00:00:00,MIA vs. CHI,W,32.5,4.0,2.0,3.0,14.0,11.0,11.0,4.0,30.0,1.0,0.0,1.0,1.0,37.0,1,1,1,1,5470,2460,4731,3302,542,18886,21814,8806,4541,2692,1,4972,12373,3182,1.0,32:32,2015,2016
2015-16,2736,Luol Deng,Luol,1610612748,MIA,Miami Heat,21500892,2016-03-01T00:00:00,MIA vs. CHI,W,36.8,4.0,0.0,6.0,10.0,16.0,13.0,9.0,38.0,0.0,0.0,5.0,1.0,28.8,1,1,1,1,2190,2460,10158,740,1840,23774,23668,18829,1422,8004,1,24686,12373,6465,1.0,36:50,2015,2016
2015-16,2594,Kyle Korver,Kyle,1610612737,ATL,Atlanta Hawks,21500895,2016-03-01T00:00:00,ATL @ GSW,L,33.7,5.0,5.0,3.0,0.0,4.0,11.0,11.0,30.0,0.0,0.0,2.0,1.0,29.9,1,13074,13074,13074,4566,1603,995,3302,18861,6141,21814,21342,4541,8004,1,11390,12373,5884,1.0,33:45,2015,2016
2015-16,203110,Draymond Green,Draymond,1610612744,GSW,Golden State Warriors,21500895,2016-03-01T00:00:00,GSW vs. ATL,W,42.5,3.0,0.0,0.0,8.0,16.0,7.0,10.0,20.0,1.0,1.0,5.0,4.0,54.1,1,1,1,1,253,4307,10158,9917,3109,23774,15642,20169,11929,2692,17214,24686,2748,447,1.0,42:28,2015,2016
2015-16,1626159,Justise Winslow,Justise,1610612748,MIA,Miami Heat,21500892,2016-03-01T00:00:00,MIA vs. CHI,W,27.0,0.0,0.0,0.0,4.0,21.0,2.0,9.0,28.0,0.0,0.0,2.0,1.0,7.4,1,1,1,1,9992,12059,10158,9917,8599,25535,3734,18829,5824,8004,1,11390,12373,20912,1.0,27:02,2015,2016
2015-16,203458,Alex Len,Alex,1610612756,PHX,Phoenix Suns,21500891,2016-03-01T00:00:00,PHX @ CHA,L,33.9,4.0,2.0,3.0,8.0,17.0,8.0,13.0,26.0,0.0,2.0,2.0,5.0,29.9,1,13074,13074,13074,4429,2460,4731,3302,3109,24337,17345,23048,7214,8004,23588,11390,1539,5884,1.0,33:54,2015,2016
2015-16,202498,Lance Thomas,Lance,1610612752,NYK,New York Knicks,21500893,2016-03-01T00:00:00,NYK vs. POR,L,22.6,0.0,0.0,0.0,0.0,2.0,2.0,4.0,10.0,0.0,0.0,0.0,1.0,7.4,1,13074,13074,13074,13704,12059,10158,9917,18861,2619,3734,8806,20209,8004,1,1,12373,20912,1.0,22:35,2015,2016
2015-16,203944,Julius Randle,Julius,1610612747,LAL,Los Angeles Lakers,21500896,2016-03-01T00:00:00,LAL vs. BKN,W,31.1,4.0,0.0,4.0,12.0,4.0,11.0,18.0,42.0,0.0,1.0,3.0,3.0,32.1,1,1,1,1,6630,2460,10158,1913,988,6141,21814,25228,670,8004,17214,17641,4736,4889,1.0,31:07,2015,2016
2015-16,201587,Nicolas Batum,Nicolas,1610612766,CHA,Charlotte Hornets,21500891,2016-03-01T00:00:00,CHA vs. PHX,W,31.0,5.0,2.0,2.0,8.0,17.0,12.0,9.0,24.0,0.0,0.0,1.0,1.0,31.8,1,1,1,1,6707,1603,4731,4675,3109,24337,22832,18829,8723,8004,1,4972,12373,5041,1.0,31:01,2015,2016
2015-16,203141,Mirza Teletovic,Mirza,1610612756,PHX,Phoenix Suns,21500891,2016-03-01T00:00:00,PHX @ CHA,L,20.5,6.0,3.0,3.0,2.0,2.0,10.0,10.0,28.0,1.0,0.0,1.0,2.0,22.7,1,13074,13074,13074,15511,878,3104,3302,12984,2619,20509,20169,5824,2692,1,4972,7786,9938,1.0,20:28,2015,2016
2015-16,202711,Bojan Bogdanović,Bojan,1610612751,BKN,Brooklyn Nets,21500896,2016-03-01T00:00:00,BKN @ LAL,L,31.0,2.0,0.0,9.0,8.0,9.0,9.0,11.0,36.0,1.0,0.0,0.0,3.0,32.9,1,13074,13074,13074,6707,6026,10158,184,3109,15771,19144,21342,1943,2692,1,1,4736,4566,1.0,31:01,2015,2016
2015-16,200782,P.J. Tucker,P.J.,1610612756,PHX,Phoenix Suns,21500891,2016-03-01T00:00:00,PHX @ CHA,L,34.3,2.0,1.0,2.0,2.0,17.0,8.0,13.0,30.0,0.0,0.0,3.0,1.0,17.4,1,13074,13074,13074,4106,6026,9709,4675,12984,24337,17345,23048,4541,8004,1,17641,12373,13595,1.0,34:17,2015,2016
2015-16,203506,Victor Oladipo,Victor,1610612753,ORL,Orlando Magic,21500894,2016-03-01T00:00:00,ORL @ DAL,L,23.9,4.0,0.0,2.0,4.0,11.0,0.0,2.0,28.0,0.0,0.0,3.0,1.0,13.8,1,13074,13074,13074,12698,2460,10158,4675,8599,18886,1,4025,5824,8004,1,17641,12373,16311,1.0,23:51,2015,2016
2015-16,203084,Harrison Barnes,Harrison,1610612744,GSW,Golden State Warriors,21500895,2016-03-01T00:00:00,GSW vs. ATL,W,41.3,4.0,4.0,6.0,12.0,13.0,7.0,9.0,26.0,0.0,0.0,4.0,2.0,22.6,1,1,1,1,432,2460,1596,740,988,21300,15642,18829,7214,8004,1,22104,7786,10000,1.0,41:17,2015,2016
2015-16,101107,Marvin Williams,Marvin,1610612766,CHA,Charlotte Hornets,21500891,2016-03-01T00:00:00,CHA vs. PHX,W,28.2,5.0,2.0,0.0,2.0,14.0,5.0,11.0,24.0,0.0,0.0,1.0,0.0,22.2,1,1,1,1,9053,1603,4731,9917,12984,22292,11469,21342,8723,8004,1,4972,18762,10263,1.0,28:14,2015,2016
2015-16,201167,Arron Afflalo,Arron,1610612752,NYK,New York Knicks,21500893,2016-03-01T00:00:00,NYK vs. POR,L,36.1,5.0,0.0,3.0,8.0,6.0,8.0,11.0,20.0,0.0,0.0,0.0,1.0,21.7,1,13074,13074,13074,2686,1603,10158,3302,3109,10028,17345,21342,11929,8004,1,1,12373,10592,1.0,36:05,2015,2016
2015-16,203098,John Jenkins,John,1610612756,PHX,Phoenix Suns,21500891,2016-03-01T00:00:00,PHX @ CHA,L,13.9,0.0,2.0,0.0,4.0,0.0,4.0,0.0,14.0,0.0,0.0,0.0,2.0,13.7,1,13074,13074,13074,20491,12059,4731,9917,8599,1,8458,1,17019,8004,1,1,7786,16393,1.0,13:52,2015,2016
2015-16,204001,Kristaps Porziņģis,Kristaps,1610612752,NYK,New York Knicks,21500893,2016-03-01T00:00:00,NYK vs. POR,L,24.8,3.0,0.0,0.0,2.0,4.0,8.0,9.0,18.0,3.0,1.0,5.0,3.0,31.9,1,13074,13074,13074,11828,4307,10158,9917,12984,6141,17345,18829,13577,347,17214,24686,4736,4984,1.0,24:48,2015,2016
2015-16,203086,Meyers Leonard,Meyers,1610612757,POR,Portland Trail Blazers,21500893,2016-03-01T00:00:00,POR @ NYK,W,25.1,0.0,2.0,0.0,2.0,7.0,4.0,0.0,12.0,1.0,1.0,5.0,0.0,32.3,1,1,1,1,11584,12059,4731,9917,12984,12242,8458,1,18637,2692,17214,24686,18762,4807,1.0,25:08,2015,2016
2015-16,2548,Dwyane Wade,Dwyane,1610612748,MIA,Miami Heat,21500892,2016-03-01T00:00:00,MIA vs. CHI,W,34.2,0.0,2.0,2.0,10.0,17.0,11.0,8.0,36.0,1.0,0.0,5.0,3.0,31.9,1,1,1,1,4169,12059,4731,4675,1840,24337,21814,17194,1943,2692,1,24686,4736,4984,1.0,34:13,2015,2016
2015-16,2399,Mike Dunleavy,Mike,1610612741,CHI,Chicago Bulls,21500892,2016-03-01T00:00:00,CHI @ MIA,L,29.4,2.0,3.0,2.0,4.0,8.0,4.0,11.0,44.0,0.0,1.0,3.0,1.0,13.9,1,13074,13074,13074,8059,6026,3104,4675,8599,13914,8458,21342,454,8004,17214,17641,12373,16232,1.0,29:24,2015,2016
2015-16,101106,Andrew Bogut,Andrew,1610612744,GSW,Golden State Warriors,21500895,2016-03-01T00:00:00,GSW vs. ATL,W,31.1,0.0,5.0,2.0,16.0,11.0,4.0,7.0,16.0,1.0,0.0,3.0,3.0,39.4,1,1,1,1,6628,12059,995,4675,275,18886,8458,15538,15259,2692,1,17641,4736,2530,1.0,31:07,2015,2016
2015-16,201961,Wayne Ellington,Wayne,1610612751,BKN,Brooklyn Nets,21500896,2016-03-01T00:00:00,BKN @ LAL,L,28.2,0.0,0.0,0.0,4.0,9.0,6.0,9.0,34.0,0.0,0.0,2.0,0.0,17.5,1,13074,13074,13074,9089,12059,10158,9917,8599,15771,13237,18829,2701,8004,1,11390,18762,13528,1.0,28:11,2015,2016
2015-16,201572,Brook Lopez,Brook,1610612751,BKN,Brooklyn Nets,21500896,2016-03-01T00:00:00,BKN @ LAL,L,32.6,5.0,10.0,0.0,18.0,9.0,7.0,9.0,32.0,1.0,1.0,6.0,7.0,38.4,1,13074,13074,13074,5420,1603,34,9917,131,15771,15642,18829,3535,2692,17214,25827,469,2802,1.0,32:37,2015,2016
2015-16,202720,Jon Leuer,Jon,1610612756,PHX,Phoenix Suns,21500891,2016-03-01T00:00:00,PHX @ CHA,L,13.1,0.0,2.0,0.0,2.0,2.0,6.0,7.0,18.0,0.0,0.0,1.0,1.0,13.5,1,13074,13074,13074,20934,12059,4731,9917,12984,2619,13237,15538,13577,8004,1,4972,12373,16552,1.0,13:04,2015,2016
2015-16,203087,Jeremy Lamb,Jeremy,1610612766,CHA,Charlotte Hornets,21500891,2016-03-01T00:00:00,CHA vs. PHX,W,14.7,0.0,2.0,2.0,6.0,3.0,5.0,5.0,12.0,0.0,0.0,2.0,1.0,22.2,1,1,1,1,19969,12059,4731,4675,5299,5109,11469,11593,18637,8004,1,11390,12373,10263,1.0,14:41,2015,2016
2015-16,1717,Dirk Nowitzki,Dirk,1610612742,DAL,Dallas Mavericks,21500894,2016-03-01T00:00:00,DAL vs. ORL,W,27.0,0.0,0.0,2.0,2.0,5.0,10.0,13.0,20.0,1.0,0.0,2.0,3.0,28.6,1,1,1,1,9989,12059,10158,4675,12984,8403,20509,23048,11929,2692,1,11390,4736,6560,1.0,27:02,2015,2016
2015-16,203462,Archie Goodwin,Archie,1610612756,PHX,Phoenix Suns,21500891,2016-03-01T00:00:00,PHX @ CHA,L,22.0,0.0,0.0,2.0,8.0,4.0,10.0,12.0,30.0,0.0,1.0,4.0,2.0,16.8,1,13074,13074,13074,14179,12059,10158,4675,3109,6141,20509,22259,4541,8004,17214,22104,7786,13996,1.0,21:59,2015,2016
2015-16,101114,Deron Williams,Deron,1610612742,DAL,Dallas Mavericks,21500894,2016-03-01T00:00:00,DAL vs. ORL,W,28.3,3.0,0.0,0.0,2.0,13.0,7.0,14.0,26.0,0.0,0.0,2.0,3.0,21.8,1,1,1,1,9028,4307,10158,9917,12984,21300,15642,23710,7214,8004,1,11390,4736,10526,1.0,28:16,2015,2016
2015-16,101179,Ronnie Price,Ronnie,1610612756,PHX,Phoenix Suns,21500891,2016-03-01T00:00:00,PHX @ CHA,L,29.2,0.0,0.0,0.0,2.0,13.0,6.0,11.0,18.0,1.0,0.0,5.0,1.0,19.5,1,13074,13074,13074,8181,12059,10158,9917,12984,21300,13237,21342,13577,2692,1,24686,12373,12096,1.0,29:14,2015,2016
2015-16,203903,Jordan Clarkson,Jordan,1610612747,LAL,Los Angeles Lakers,21500896,2016-03-01T00:00:00,LAL vs. BKN,W,34.3,2.0,5.0,2.0,10.0,9.0,12.0,20.0,50.0,0.0,0.0,0.0,2.0,33.9,1,1,1,1,4082,6026,995,4675,1840,15771,22832,25599,107,8004,1,1,7786,4208,1.0,34:19,2015,2016
2015-16,201579,Roy Hibbert,Roy,1610612747,LAL,Los Angeles Lakers,21500896,2016-03-01T00:00:00,LAL vs. BKN,W,25.7,0.0,4.0,0.0,10.0,4.0,7.0,16.0,32.0,0.0,0.0,5.0,4.0,25.0,1,1,1,1,11100,12059,1596,9917,1840,6141,15642,24641,3535,8004,1,24686,2748,8485,1.0,25:42,2015,2016
2015-16,2571,Leandro Barbosa,Leandro,1610612744,GSW,Golden State Warriors,21500895,2016-03-01T00:00:00,GSW vs. ATL,W,16.9,2.0,0.0,4.0,0.0,2.0,0.0,9.0,20.0,0.0,0.0,0.0,1.0,19.4,1,1,1,1,18368,6026,10158,1913,18861,2619,1,18829,11929,8004,1,1,12373,12154,1.0,16:52,2015,2016
2015-16,201952,Jeff Teague,Jeff,1610612737,ATL,Atlanta Hawks,21500895,2016-03-01T00:00:00,ATL @ GSW,L,24.2,0.0,0.0,0.0,4.0,4.0,6.0,12.0,28.0,0.0,0.0,0.0,1.0,14.2,1,13074,13074,13074,12395,12059,10158,9917,8599,6141,13237,22259,5824,8004,1,1,12373,16003,1.0,24:11,2015,2016
2015-16,200826,J.J. Barea,J.J.,1610612742,DAL,Dallas Mavericks,21500894,2016-03-01T00:00:00,DAL vs. ORL,W,22.3,5.0,0.0,0.0,4.0,9.0,11.0,14.0,16.0,0.0,0.0,1.0,2.0,25.4,1,1,1,1,13954,1603,10158,9917,8599,15771,21814,23710,15259,8004,1,4972,7786,8273,1.0,22:15,2015,2016
2015-16,2733,Shaun Livingston,Shaun,1610612744,GSW,Golden State Warriors,21500895,2016-03-01T00:00:00,GSW vs. ATL,W,34.4,0.0,2.0,0.0,6.0,9.0,4.0,9.0,26.0,0.0,0.0,3.0,1.0,23.7,1,1,1,1,4012,12059,4731,9917,5299,15771,8458,18829,7214,8004,1,17641,12373,9329,1.0,34:25,2015,2016
2015-16,101138,Brandon Bass,Brandon,1610612747,LAL,Los Angeles Lakers,21500896,2016-03-01T00:00:00,LAL vs. BKN,W,17.8,0.0,0.0,0.0,0.0,2.0,6.0,6.0,24.0,2.0,2.0,3.0,2.0,14.6,1,1,1,1,17647,12059,10158,9917,18861,2619,13237,13388,8723,932,23588,17641,7786,15699,1.0,17:50,2015,2016
2015-16,202334,Ed Davis,Ed,1610612757,POR,Portland Trail Blazers,21500893,2016-03-01T00:00:00,POR @ NYK,W,24.0,0.0,4.0,0.0,8.0,3.0,6.0,3.0,14.0,2.0,0.0,3.0,6.0,25.3,1,1,1,1,12584,12059,1596,9917,3109,5109,13237,7328,17019,932,1,17641,873,8340,1.0,23:59,2015,2016
2015-16,203459,Allen Crabbe,Allen,1610612757,POR,Portland Trail Blazers,21500893,2016-03-01T00:00:00,POR @ NYK,W,22.0,0.0,0.0,0.0,0.0,3.0,6.0,0.0,10.0,0.0,0.0,0.0,0.0,10.1,1,1,1,1,14179,12059,10158,9917,18861,5109,13237,1,20209,8004,1,1,18762,19105,1.0,21:59,2015,2016
2015-16,2585,Zaza Pachulia,Zaza,1610612742,DAL,Dallas Mavericks,21500894,2016-03-01T00:00:00,DAL vs. ORL,W,30.9,2.0,0.0,0.0,12.0,12.0,5.0,19.0,28.0,1.0,2.0,1.0,5.0,34.0,1,1,1,1,6838,6026,10158,9917,988,20178,11469,25435,5824,2692,23588,4972,1539,4162,1.0,30:52,2015,2016
2015-16,203200,Justin Holiday,Justin,1610612741,CHI,Chicago Bulls,21500892,2016-03-01T00:00:00,CHI @ MIA,L,16.3,2.0,0.0,2.0,2.0,6.0,2.0,6.0,28.0,1.0,0.0,1.0,2.0,18.7,1,13074,13074,13074,18804,6026,10158,4675,12984,10028,3734,13388,5824,2692,1,4972,7786,12648,1.0,16:19,2015,2016
2015-16,202696,Nikola Vučević,Nikola,1610612753,ORL,Orlando Magic,21500894,2016-03-01T00:00:00,ORL @ DAL,L,23.6,4.0,2.0,2.0,6.0,11.0,3.0,0.0,22.0,2.0,2.0,3.0,1.0,33.4,1,13074,13074,13074,12870,2460,4731,4675,5299,18886,7138,1,10265,932,23588,17641,12373,4384,1.0,23:38,2015,2016
2015-16,203584,Troy Daniels,Troy,1610612766,CHA,Charlotte Hornets,21500891,2016-03-01T00:00:00,CHA vs. PHX,W,12.0,0.0,0.0,0.0,0.0,0.0,2.0,5.0,14.0,1.0,0.0,1.0,0.0,12.9,1,1,1,1,21529,12059,10158,9917,18861,1,3734,11593,17019,2692,1,4972,18762,17049,1.0,12:00,2015,2016
2015-16,201584,Courtney Lee,Courtney,1610612766,CHA,Charlotte Hornets,21500891,2016-03-01T00:00:00,CHA vs. PHX,W,23.7,0.0,0.0,3.0,0.0,11.0,7.0,6.0,16.0,0.0,0.0,3.0,1.0,13.2,1,1,1,1,12863,12059,10158,3302,18861,18886,15642,13388,15259,8004,1,17641,12373,16768,1.0,23:39,2015,2016
2015-16,203473,Dewayne Dedmon,Dewayne,1610612753,ORL,Orlando Magic,21500894,2016-03-01T00:00:00,ORL @ DAL,L,16.0,2.0,2.0,0.0,8.0,2.0,3.0,4.0,12.0,1.0,0.0,3.0,1.0,21.2,1,13074,13074,13074,19035,6026,4731,9917,3109,2619,7138,8806,18637,2692,1,17641,12373,10936,1.0,16:00,2015,2016
2015-16,101109,Raymond Felton,Raymond,1610612742,DAL,Dallas Mavericks,21500894,2016-03-01T00:00:00,DAL vs. ORL,W,25.0,4.0,0.0,4.0,4.0,14.0,14.0,14.0,24.0,0.0,0.0,1.0,2.0,12.7,1,1,1,1,11677,2460,10158,1913,8599,22292,24300,23710,8723,8004,1,4972,7786,17201,1.0,24:59,2015,2016
2015-16,203186,Willie Reed,Willie,1610612751,BKN,Brooklyn Nets,21500896,2016-03-01T00:00:00,BKN @ LAL,L,12.7,0.0,2.0,0.0,4.0,2.0,5.0,11.0,16.0,2.0,0.0,0.0,3.0,16.0,1,13074,13074,13074,21156,12059,4731,9917,8599,2619,11469,21342,15259,932,1,1,4736,14590,1.0,12:41,2015,2016
2015-16,202734,E'Twaun Moore,E'Twaun,1610612741,CHI,Chicago Bulls,21500892,2016-03-01T00:00:00,CHI @ MIA,L,19.2,6.0,2.0,0.0,2.0,4.0,6.0,9.0,34.0,0.0,0.0,4.0,2.0,18.4,1,13074,13074,13074,16559,878,4731,9917,12984,6141,13237,18829,2701,8004,1,22104,7786,12854,1.0,19:10,2015,2016
2015-16,203900,Markel Brown,Markel,1610612751,BKN,Brooklyn Nets,21500896,2016-03-01T00:00:00,BKN @ LAL,L,13.0,2.0,0.0,2.0,2.0,0.0,4.0,5.0,10.0,0.0,0.0,2.0,0.0,7.7,1,13074,13074,13074,20989,6026,10158,4675,12984,1,8458,11593,20209,8004,1,11390,18762,20733,1.0,12:59,2015,2016
2015-16,203124,Kyle O'Quinn,Kyle,1610612752,NYK,New York Knicks,21500893,2016-03-01T00:00:00,NYK vs. POR,L,25.4,0.0,0.0,0.0,0.0,2.0,2.0,2.0,14.0,0.0,2.0,2.0,4.0,21.3,1,13074,13074,13074,11397,12059,10158,9917,18861,2619,3734,4025,17019,8004,23588,11390,2748,10880,1.0,25:22,2015,2016
2015-16,1626164,Devin Booker,Devin,1610612756,PHX,Phoenix Suns,21500891,2016-03-01T00:00:00,PHX @ CHA,L,34.5,3.0,0.0,7.0,4.0,19.0,10.0,17.0,40.0,0.0,2.0,3.0,6.0,17.9,1,13074,13074,13074,3975,4307,10158,454,8599,25074,20509,24967,983,8004,23588,17641,873,13229,1.0,34:28,2015,2016
2015-16,1626151,Aaron Harrison,Aaron,1610612766,CHA,Charlotte Hornets,21500891,2016-03-01T00:00:00,CHA vs. PHX,W,7.8,0.0,0.0,0.0,0.0,0.0,2.0,5.0,10.0,0.0,0.0,2.0,2.0,2.0,1,1,1,1,23261,12059,10158,9917,18861,1,3734,11593,20209,8004,1,11390,7786,24216,1.0,7:49,2015,2016
2015-16,1626273,Marcelo Huertas,Marcelo,1610612747,LAL,Los Angeles Lakers,21500896,2016-03-01T00:00:00,LAL vs. BKN,W,14.0,0.0,0.0,0.0,2.0,7.0,7.0,3.0,16.0,0.0,0.0,1.0,0.0,8.5,1,1,1,1,20413,12059,10158,9917,12984,12242,15642,7328,15259,8004,1,4972,18762,20215,1.0,13:59,2015,2016
2015-16,204038,Langston Galloway,Langston,1610612752,NYK,New York Knicks,21500893,2016-03-01T00:00:00,NYK vs. POR,L,20.8,0.0,0.0,0.0,0.0,0.0,0.0,0.0,14.0,0.0,0.0,3.0,0.0,2.4,1,13074,13074,13074,15197,12059,10158,9917,18861,1,1,1,17019,8004,1,17641,18762,24024,1.0,20:50,2015,2016
2015-16,202391,Jeremy Lin,Jeremy,1610612766,CHA,Charlotte Hornets,21500891,2016-03-01T00:00:00,CHA vs. PHX,W,17.2,0.0,2.0,0.0,2.0,6.0,7.0,8.0,16.0,2.0,1.0,1.0,2.0,16.6,1,1,1,1,18153,12059,4731,9917,12984,10028,15642,17194,15259,932,17214,4972,7786,14125,1.0,17:10,2015,2016
2015-16,201565,Derrick Rose,Derrick,1610612741,CHI,Chicago Bulls,21500892,2016-03-01T00:00:00,CHI @ MIA,L,24.2,5.0,2.0,0.0,8.0,10.0,6.0,11.0,48.0,0.0,3.0,0.0,4.0,21.5,1,13074,13074,13074,12411,1603,4731,9917,3109,17370,13237,21342,192,8004,25441,1,2748,10755,1.0,24:10,2015,2016
2015-16,202329,Al-Farouq Aminu,Al-Farouq,1610612757,POR,Portland Trail Blazers,21500893,2016-03-01T00:00:00,POR @ NYK,W,20.6,2.0,0.0,2.0,2.0,7.0,4.0,0.0,20.0,2.0,0.0,2.0,0.0,18.3,1,1,1,1,15386,6026,10158,4675,12984,12242,8458,1,11929,932,1,11390,18762,12952,1.0,20:36,2015,2016
2015-16,201575,Brandon Rush,Brandon,1610612744,GSW,Golden State Warriors,21500895,2016-03-01T00:00:00,GSW vs. ATL,W,22.3,0.0,0.0,0.0,0.0,7.0,0.0,9.0,26.0,0.0,0.0,2.0,0.0,12.6,1,1,1,1,13954,12059,10158,9917,18861,12242,1,18829,7214,8004,1,11390,18762,17277,1.0,22:15,2015,2016
2015-16,203503,Tony Snell,Tony,1610612741,CHI,Chicago Bulls,21500892,2016-03-01T00:00:00,CHI @ MIA,L,14.8,0.0,0.0,2.0,2.0,4.0,2.0,2.0,18.0,0.0,0.0,3.0,0.0,2.5,1,13074,13074,13074,19899,12059,10158,4675,12984,6141,3734,4025,13577,8004,1,17641,18762,24003,1.0,14:48,2015,2016
2015-16,203148,Brian Roberts,Brian,1610612757,POR,Portland Trail Blazers,21500893,2016-03-01T00:00:00,POR @ NYK,W,2.5,0.0,0.0,0.0,0.0,4.0,0.0,0.0,0.0,0.0,0.0,1.0,0.0,2.0,1,1,1,1,25315,12059,10158,9917,18861,6141,1,1,25429,8004,1,4972,18762,24216,1.0,2:31,2015,2016
2015-16,1626192,Pat Connaughton,Pat,1610612757,POR,Portland Trail Blazers,21500893,2016-03-01T00:00:00,POR @ NYK,W,2.5,0.0,0.0,0.0,0.0,4.0,0.0,0.0,0.0,0.0,0.0,0.0,0.0,2.4,1,1,1,1,25315,12059,10158,9917,18861,6141,1,1,25429,8004,1,1,18762,24024,1.0,2:31,2015,2016
2015-16,203901,Elfrid Payton,Elfrid,1610612753,ORL,Orlando Magic,21500894,2016-03-01T00:00:00,ORL @ DAL,L,24.3,0.0,3.0,0.0,6.0,14.0,3.0,0.0,24.0,0.0,0.0,4.0,2.0,20.9,1,13074,13074,13074,12344,12059,3104,9917,5299,22292,7138,1,8723,8004,1,22104,7786,11132,1.0,24:16,2015,2016
2015-16,201945,Gerald Henderson,Gerald,1610612757,POR,Portland Trail Blazers,21500893,2016-03-01T00:00:00,POR @ NYK,W,22.6,0.0,0.0,0.0,2.0,3.0,6.0,3.0,14.0,0.0,1.0,0.0,1.0,18.0,1,1,1,1,13685,12059,10158,9917,12984,5109,13237,7328,17019,8004,17214,1,12373,13164,1.0,22:37,2015,2016
2015-16,203932,Aaron Gordon,Aaron,1610612753,ORL,Orlando Magic,21500894,2016-03-01T00:00:00,ORL @ DAL,L,19.1,0.0,3.0,2.0,4.0,4.0,3.0,0.0,22.0,0.0,0.0,5.0,3.0,21.0,1,13074,13074,13074,16614,12059,3104,4675,8599,6141,7138,1,10265,8004,1,24686,4736,11077,1.0,19:06,2015,2016
2015-16,1626196,Josh Richardson,Josh,1610612748,MIA,Miami Heat,21500892,2016-03-01T00:00:00,MIA vs. CHI,W,26.8,2.0,0.0,2.0,4.0,21.0,2.0,9.0,28.0,0.0,0.0,4.0,1.0,21.6,1,1,1,1,10167,6026,10158,4675,8599,25535,3734,18829,5824,8004,1,22104,12373,10666,1.0,26:49,2015,2016
2015-16,203946,Cameron Bairstow,Cameron,1610612741,CHI,Chicago Bulls,21500892,2016-03-01T00:00:00,CHI @ MIA,L,1.3,0.0,0.0,0.0,0.0,0.0,0.0,0.0,2.0,0.0,0.0,0.0,1.0,2.2,1,13074,13074,13074,25777,12059,10158,9917,18861,1,1,1,24614,8004,1,1,12373,24138,1.0,1:15,2015,2016
2015-16,203894,Shabazz Napier,Shabazz,1610612753,ORL,Orlando Magic,21500894,2016-03-01T00:00:00,ORL @ DAL,L,3.9,0.0,0.0,0.0,0.0,4.0,0.0,2.0,4.0,0.0,0.0,1.0,0.0,2.7,1,13074,13074,13074,24760,12059,10158,9917,18861,6141,1,4025,23698,8004,1,4972,18762,23884,1.0,3:52,2015,2016
2015-16,203499,Shane Larkin,Shane,1610612751,BKN,Brooklyn Nets,21500896,2016-03-01T00:00:00,BKN @ LAL,L,18.0,0.0,0.0,2.0,6.0,2.0,3.0,11.0,20.0,0.0,0.0,1.0,0.0,16.2,1,13074,13074,13074,17540,12059,10158,4675,5299,2619,7138,21342,11929,8004,1,4972,18762,14436,1.0,17:58,2015,2016
2015-16,1626245,Cristiano Felicio,Cristiano,1610612741,CHI,Chicago Bulls,21500892,2016-03-01T00:00:00,CHI @ MIA,L,6.3,0.0,0.0,0.0,0.0,0.0,0.0,4.0,12.0,0.0,1.0,1.0,0.0,2.7,1,13074,13074,13074,23851,12059,10158,9917,18861,1,1,8806,18637,8004,17214,4972,18762,23884,1.0,6:16,2015,2016
2015-16,203090,Maurice Harkless,Maurice,1610612757,POR,Portland Trail Blazers,21500893,2016-03-01T00:00:00,POR @ NYK,W,13.0,2.0,0.0,2.0,2.0,7.0,2.0,3.0,6.0,0.0,0.0,0.0,0.0,8.0,1,1,1,1,21005,6026,10158,4675,12984,12242,3734,7328,22724,8004,1,1,18762,20564,1.0,12:57,2015,2016
2015-16,2199,Tyson Chandler,Tyson,1610612756,PHX,Phoenix Suns,21500891,2016-03-01T00:00:00,PHX @ CHA,L,26.2,2.0,4.0,0.0,8.0,17.0,2.0,10.0,16.0,0.0,0.0,3.0,1.0,11.1,1,13074,13074,13074,10685,6026,1596,9917,3109,24337,3734,20169,15259,8004,1,17641,12373,18370,1.0,26:12,2015,2016
2015-16,204028,Tarik Black,Tarik,1610612747,LAL,Los Angeles Lakers,21500896,2016-03-01T00:00:00,LAL vs. BKN,W,4.5,0.0,0.0,0.0,0.0,5.0,3.0,0.0,8.0,1.0,0.0,0.0,0.0,6.4,1,1,1,1,24557,12059,10158,9917,18861,8403,7138,1,21543,2692,1,1,18762,21589,1.0,4:28,2015,2016
2015-16,200757,Thabo Sefolosha,Thabo,1610612737,ATL,Atlanta Hawks,21500895,2016-03-01T00:00:00,ATL @ GSW,L,19.4,0.0,0.0,0.0,2.0,9.0,6.0,5.0,24.0,0.0,0.0,1.0,1.0,6.1,1,13074,13074,13074,16384,12059,10158,9917,12984,15771,13237,11593,8723,8004,1,4972,12373,21845,1.0,19:24,2015,2016
2015-16,201577,Robin Lopez,Robin,1610612752,NYK,New York Knicks,21500893,2016-03-01T00:00:00,NYK vs. POR,L,19.3,0.0,4.0,0.0,8.0,4.0,8.0,7.0,20.0,0.0,0.0,3.0,0.0,10.9,1,13074,13074,13074,16444,12059,1596,9917,3109,6141,17345,15538,11929,8004,1,17641,18762,18498,1.0,19:19,2015,2016
2015-16,203515,Phil Pressey,Phil,1610612756,PHX,Phoenix Suns,21500891,2016-03-01T00:00:00,PHX @ CHA,L,12.5,0.0,0.0,2.0,2.0,4.0,6.0,7.0,20.0,0.0,1.0,0.0,0.0,10.9,1,13074,13074,13074,21259,12059,10158,4675,12984,6141,13237,15538,11929,8004,17214,1,18762,18498,1.0,12:32,2015,2016
2015-16,203546,Ian Clark,Ian,1610612744,GSW,Golden State Warriors,21500895,2016-03-01T00:00:00,GSW vs. ATL,W,15.4,2.0,0.0,3.0,0.0,7.0,3.0,3.0,8.0,0.0,1.0,2.0,2.0,5.9,1,1,1,1,19497,6026,10158,3302,18861,12242,7138,7328,21543,8004,17214,11390,7786,21953,1.0,15:22,2015,2016
2015-16,203501,Tim Hardaway Jr.,Tim,1610612737,ATL,Atlanta Hawks,21500895,2016-03-01T00:00:00,ATL @ GSW,L,17.5,2.0,0.0,0.0,0.0,7.0,6.0,8.0,20.0,0.0,1.0,1.0,1.0,6.2,1,13074,13074,13074,17916,6026,10158,9917,18861,12242,13237,17194,11929,8004,17214,4972,12373,21696,1.0,17:28,2015,2016
2015-16,203930,Sean Kilpatrick,Sean,1610612751,BKN,Brooklyn Nets,21500896,2016-03-01T00:00:00,BKN @ LAL,L,21.2,0.0,0.0,0.0,2.0,2.0,5.0,11.0,18.0,0.0,2.0,2.0,1.0,10.7,1,13074,13074,13074,14897,12059,10158,9917,12984,2619,11469,21342,13577,8004,23588,11390,12373,18636,1.0,21:11,2015,2016
2015-16,203508,Sergey Karasev,Sergey,1610612751,BKN,Brooklyn Nets,21500890,2016-02-29T00:00:00,BKN @ LAC,L,13.0,0.0,0.0,0.0,0.0,6.0,5.0,0.0,8.0,1.0,0.0,1.0,0.0,6.2,1,13074,13074,13074,21003,12059,10158,9917,18861,10028,11469,1,21543,2692,1,4972,18762,21696,1.0,12:57,2015,2016
2015-16,1626191,Chris McCullough,Chris,1610612751,BKN,Brooklyn Nets,21500890,2016-02-29T00:00:00,BKN @ LAC,L,10.2,0.0,0.0,0.0,0.0,5.0,2.0,0.0,4.0,0.0,1.0,2.0,0.0,6.2,1,13074,13074,13074,22340,12059,10158,9917,18861,8403,3734,1,23698,8004,17214,11390,18762,21696,1.0,10:13,2015,2016
2015-16,202697,Iman Shumpert,Iman,1610612739,CLE,Cleveland Cavaliers,21500884,2016-02-29T00:00:00,CLE vs. IND,W,16.9,0.0,0.0,0.0,0.0,2.0,2.0,0.0,10.0,0.0,2.0,2.0,0.0,1.5,1,1,1,1,18369,12059,10158,9917,18861,2619,3734,1,20209,8004,23588,11390,18762,24473,1.0,16:52,2015,2016
2015-16,203948,Johnny O'Bryant III,Johnny,1610612749,MIL,Milwaukee Bucks,21500887,2016-02-29T00:00:00,MIL vs. HOU,W,3.8,0.0,0.0,0.0,0.0,0.0,3.0,3.0,2.0,0.0,0.0,0.0,0.0,1.5,1,1,1,1,24803,12059,10158,9917,18861,1,7138,7328,24614,8004,1,1,18762,24473,1.0,3:48,2015,2016
2015-16,201581,JJ Hickson,JJ,1610612764,WAS,Washington Wizards,21500885,2016-02-29T00:00:00,WAS vs. PHI,W,5.3,0.0,0.0,0.0,0.0,2.0,2.0,0.0,2.0,0.0,0.0,0.0,1.0,1.4,1,1,1,1,24263,12059,10158,9917,18861,2619,3734,1,24614,8004,1,1,12373,24615,1.0,5:17,2015,2016
2015-16,202341,James Anderson,James,1610612758,SAC,Sacramento Kings,21500889,2016-02-29T00:00:00,SAC vs. OKC,L,18.4,0.0,3.0,0.0,0.0,6.0,3.0,6.0,8.0,0.0,0.0,1.0,0.0,11.1,1,13074,13074,13074,17200,12059,3104,9917,18861,10028,7138,13388,21543,8004,1,4972,18762,18370,1.0,18:23,2015,2016
2015-16,203093,Terrence Jones,Terrence,1610612745,HOU,Houston Rockets,21500887,2016-02-29T00:00:00,HOU @ MIL,L,12.4,0.0,0.0,0.0,2.0,11.0,6.0,6.0,18.0,1.0,0.0,0.0,0.0,10.6,1,13074,13074,13074,21307,12059,10158,9917,12984,18886,13237,13388,13577,2692,1,1,18762,18723,1.0,12:26,2015,2016
2015-16,202389,Timofey Mozgov,Timofey,1610612739,CLE,Cleveland Cavaliers,21500884,2016-02-29T00:00:00,CLE vs. IND,W,15.7,0.0,0.0,0.0,0.0,8.0,4.0,8.0,16.0,0.0,1.0,1.0,4.0,10.6,1,1,1,1,19241,12059,10158,9917,18861,13914,8458,17194,15259,8004,17214,4972,2748,18723,1.0,15:44,2015,2016
2015-16,201147,Corey Brewer,Corey,1610612745,HOU,Houston Rockets,21500887,2016-02-29T00:00:00,HOU @ MIL,L,13.5,0.0,0.0,0.0,0.0,11.0,4.0,4.0,14.0,0.0,2.0,3.0,0.0,5.7,1,13074,13074,13074,20705,12059,10158,9917,18861,18886,8458,8806,17019,8004,23588,17641,18762,22054,1.0,13:30,2015,2016
2015-16,201601,Luc Mbah a Moute,Luc,1610612746,LAC,LA Clippers,21500890,2016-02-29T00:00:00,LAC vs. BKN,W,8.7,0.0,2.0,0.0,2.0,3.0,2.0,0.0,8.0,0.0,1.0,1.0,0.0,11.3,1,1,1,1,22945,12059,4731,9917,12984,5109,3734,1,21543,8004,17214,4972,18762,18230,1.0,8:44,2015,2016
2015-16,201564,O.J. Mayo,O.J.,1610612749,MIL,Milwaukee Bucks,21500887,2016-02-29T00:00:00,MIL vs. HOU,W,12.7,0.0,0.0,0.0,0.0,5.0,5.0,6.0,18.0,0.0,0.0,2.0,0.0,0.9,1,1,1,1,21143,12059,10158,9917,18861,8403,11469,13388,13577,8004,1,11390,18762,25040,1.0,12:42,2015,2016
2015-16,203143,Pablo Prigioni,Pablo,1610612746,LAC,LA Clippers,21500890,2016-02-29T00:00:00,LAC vs. BKN,W,11.9,0.0,0.0,0.0,2.0,4.0,2.0,6.0,8.0,0.0,0.0,0.0,0.0,4.9,1,1,1,1,21653,12059,10158,9917,12984,6141,3734,13388,21543,8004,1,1,18762,22621,1.0,11:52,2015,2016
2015-16,201196,Ramon Sessions,Ramon,1610612764,WAS,Washington Wizards,21500885,2016-02-29T00:00:00,WAS vs. PHI,W,18.2,0.0,0.0,0.0,4.0,4.0,2.0,2.0,20.0,0.0,0.0,1.0,2.0,13.4,1,1,1,1,17370,12059,10158,9917,8599,6141,3734,4025,11929,8004,1,4972,7786,16614,1.0,18:10,2015,2016
2015-16,1626158,Richaun Holmes,Richaun,1610612755,PHI,Philadelphia 76ers,21500885,2016-02-29T00:00:00,PHI @ WAS,L,14.6,0.0,0.0,0.0,0.0,3.0,8.0,4.0,12.0,0.0,1.0,3.0,0.0,4.9,1,13074,13074,13074,20056,12059,10158,9917,18861,5109,17345,8806,18637,8004,17214,17641,18762,22621,1.0,14:35,2015,2016
2015-16,2555,Nick Collison,Nick,1610612760,OKC,Oklahoma City Thunder,21500889,2016-02-29T00:00:00,OKC @ SAC,W,3.6,0.0,0.0,0.0,0.0,3.0,3.0,6.0,10.0,0.0,0.0,2.0,1.0,-1.0,1,1,1,1,24861,12059,10158,9917,18861,5109,7138,13388,20209,8004,1,11390,12373,25932,1.0,3:38,2015,2016
2015-16,201585,Kosta Koufos,Kosta,1610612758,SAC,Sacramento Kings,21500889,2016-02-29T00:00:00,SAC vs. OKC,L,13.9,1.0,0.0,0.0,2.0,2.0,3.0,2.0,6.0,0.0,0.0,0.0,2.0,9.0,1,13074,13074,13074,20488,11535,10158,9917,12984,2619,7138,4025,22724,8004,1,1,7786,19835,1.0,13:53,2015,2016
2015-16,203956,Mitch McGary,Mitch,1610612760,OKC,Oklahoma City Thunder,21500889,2016-02-29T00:00:00,OKC @ SAC,W,2.1,0.0,0.0,0.0,2.0,3.0,5.0,3.0,2.0,0.0,0.0,0.0,0.0,1.0,1,1,1,1,25500,12059,10158,9917,12984,5109,11469,7328,24614,8004,1,1,18762,24960,1.0,2:03,2015,2016
2015-16,201951,Ty Lawson,Ty,1610612745,HOU,Houston Rockets,21500887,2016-02-29T00:00:00,HOU @ MIL,L,5.8,0.0,0.0,0.0,0.0,7.0,2.0,0.0,10.0,0.0,0.0,0.0,0.0,3.5,1,13074,13074,13074,24049,12059,10158,9917,18861,12242,3734,1,20209,8004,1,1,18762,23351,1.0,5:49,2015,2016
2015-16,204060,Joe Ingles,Joe,1610612762,UTA,Utah Jazz,21500886,2016-02-29T00:00:00,UTA @ BOS,L,11.0,0.0,0.0,0.0,0.0,4.0,0.0,5.0,8.0,0.0,0.0,1.0,1.0,4.8,1,13074,13074,13074,22045,12059,10158,9917,18861,6141,1,11593,21543,8004,1,4972,12373,22657,1.0,10:59,2015,2016
2015-16,1626185,Jarell Martin,Jarell,1610612763,MEM,Memphis Grizzlies,21500888,2016-02-29T00:00:00,MEM @ DEN,W,11.6,2.0,0.0,2.0,0.0,0.0,4.0,0.0,8.0,0.0,0.0,1.0,0.0,6.8,1,1,1,1,21757,6026,10158,4675,18861,1,8458,1,21543,8004,1,4972,18762,21328,1.0,11:39,2015,2016
2015-16,203186,Willie Reed,Willie,1610612751,BKN,Brooklyn Nets,21500890,2016-02-29T00:00:00,BKN @ LAC,L,0.6,0.0,0.0,0.0,0.0,0.0,0.0,0.0,2.0,0.0,0.0,0.0,0.0,0.0,1,13074,13074,13074,25967,12059,10158,9917,18861,1,1,1,24614,8004,1,1,18762,25170,1.0,0:34,2015,2016
2015-16,203210,JaMychal Green,JaMychal,1610612763,MEM,Memphis Grizzlies,21500888,2016-02-29T00:00:00,MEM @ DEN,W,12.1,2.0,0.0,0.0,2.0,2.0,0.0,2.0,16.0,0.0,0.0,2.0,0.0,1.0,1,1,1,1,21472,6026,10158,9917,12984,2619,1,4025,15259,8004,1,11390,18762,24960,1.0,12:07,2015,2016
2015-16,203500,Steven Adams,Steven,1610612760,OKC,Oklahoma City Thunder,21500889,2016-02-29T00:00:00,OKC @ SAC,W,13.6,0.0,0.0,2.0,4.0,12.0,8.0,4.0,16.0,0.0,0.0,5.0,1.0,6.6,1,1,1,1,20648,12059,10158,4675,8599,20178,17345,8806,15259,8004,1,24686,12373,21445,1.0,13:35,2015,2016
2015-16,1713,Vince Carter,Vince,1610612763,MEM,Memphis Grizzlies,21500888,2016-02-29T00:00:00,MEM @ DEN,W,19.3,0.0,0.0,2.0,0.0,6.0,5.0,5.0,22.0,1.0,0.0,1.0,2.0,9.5,1,1,1,1,16444,12059,10158,4675,18861,10028,11469,11593,10265,2692,1,4972,7786,19519,1.0,19:19,2015,2016
2015-16,2365,Chris Andersen,Chris,1610612763,MEM,Memphis Grizzlies,21500888,2016-02-29T00:00:00,MEM @ DEN,W,22.0,0.0,0.0,0.0,2.0,3.0,0.0,2.0,24.0,0.0,1.0,2.0,3.0,13.3,1,1,1,1,14153,12059,10158,9917,12984,5109,1,4025,8723,8004,17214,11390,4736,16712,1.0,22:01,2015,2016
2015-16,1626166,Cameron Payne,Cameron,1610612760,OKC,Oklahoma City Thunder,21500889,2016-02-29T00:00:00,OKC @ SAC,W,2.1,0.0,0.0,0.0,0.0,3.0,5.0,3.0,2.0,0.0,0.0,0.0,0.0,0.2,1,1,1,1,25500,12059,10158,9917,18861,5109,11469,7328,24614,8004,1,1,18762,25103,1.0,2:03,2015,2016
2015-16,203930,Sean Kilpatrick,Sean,1610612751,BKN,Brooklyn Nets,21500890,2016-02-29T00:00:00,BKN @ LAC,L,0.5,0.0,0.0,0.0,0.0,0.0,0.0,0.0,0.0,0.0,0.0,0.0,0.0,0.0,1,13074,13074,13074,25980,12059,10158,9917,18861,1,1,1,25429,8004,1,1,18762,25170,1.0,0:29,2015,2016
2015-16,201954,Darren Collison,Darren,1610612758,SAC,Sacramento Kings,21500889,2016-02-29T00:00:00,SAC vs. OKC,L,33.9,0.0,2.0,0.0,4.0,15.0,6.0,10.0,32.0,0.0,1.0,2.0,1.0,21.6,1,13074,13074,13074,4471,12059,4731,9917,8599,23079,13237,20169,3535,8004,17214,11390,12373,10666,1.0,33:51,2015,2016
2015-16,202331,Paul George,Paul,1610612754,IND,Indiana Pacers,21500884,2016-02-29T00:00:00,IND @ CLE,L,35.5,2.0,2.0,7.0,6.0,15.0,11.0,10.0,36.0,0.0,0.0,2.0,4.0,45.6,1,13074,13074,13074,3125,6026,4731,454,5299,23079,21814,20169,1943,8004,1,11390,2748,1263,1.0,35:31,2015,2016
2015-16,2772,Trevor Ariza,Trevor,1610612745,HOU,Houston Rockets,21500887,2016-02-29T00:00:00,HOU @ MIL,L,35.2,7.0,0.0,5.0,4.0,15.0,17.0,16.0,48.0,0.0,0.0,4.0,2.0,51.1,1,13074,13074,13074,3430,548,10158,1277,8599,23079,25429,24641,192,8004,1,22104,7786,645,1.0,35:09,2015,2016
2015-16,203953,Jabari Parker,Jabari,1610612749,MIL,Milwaukee Bucks,21500887,2016-02-29T00:00:00,MIL vs. HOU,W,40.1,4.0,4.0,6.0,26.0,20.0,12.0,17.0,40.0,0.0,0.0,1.0,2.0,49.3,1,1,1,1,718,2460,1596,740,7,25338,22832,24967,983,8004,1,4972,7786,827,1.0,40:04,2015,2016
2015-16,202683,Enes Freedom,Enes,1610612760,OKC,Oklahoma City Thunder,21500889,2016-02-29T00:00:00,OKC @ SAC,W,24.8,4.0,2.0,6.0,14.0,14.0,13.0,10.0,44.0,0.0,0.0,5.0,1.0,29.8,1,1,1,1,11859,2460,4731,740,542,22292,23668,20169,454,8004,1,24686,12373,5948,1.0,24:46,2015,2016
2015-16,101108,Chris Paul,Chris,1610612746,LAC,LA Clippers,21500890,2016-02-29T00:00:00,LAC vs. BKN,W,36.1,6.0,5.0,2.0,14.0,7.0,8.0,9.0,32.0,0.0,0.0,3.0,5.0,51.2,1,1,1,1,2650,878,995,4675,542,12242,17345,18829,3535,8004,1,17641,1539,642,1.0,36:08,2015,2016
2015-16,2730,Dwight Howard,Dwight,1610612745,HOU,Houston Rockets,21500887,2016-02-29T00:00:00,HOU @ MIL,L,35.3,6.0,11.0,4.0,24.0,19.0,15.0,11.0,44.0,0.0,2.0,4.0,8.0,43.6,1,13074,13074,13074,3323,878,19,1913,14,25074,24781,21342,454,8004,23588,22104,254,1627,1.0,35:17,2015,2016
2015-16,202693,Markieff Morris,Markieff,1610612764,WAS,Washington Wizards,21500885,2016-02-29T00:00:00,WAS vs. PHI,W,37.5,0.0,2.0,4.0,10.0,18.0,2.0,13.0,40.0,1.0,0.0,5.0,2.0,45.1,1,1,1,1,1786,12059,4731,1913,1840,24749,3734,23048,983,2692,1,24686,7786,1338,1.0,37:27,2015,2016
2015-16,202702,Kenneth Faried,Kenneth,1610612743,DEN,Denver Nuggets,21500888,2016-02-29T00:00:00,DEN vs. MEM,L,28.4,0.0,4.0,0.0,12.0,15.0,4.0,4.0,30.0,0.0,1.0,3.0,2.0,37.2,1,13074,13074,13074,8926,12059,1596,9917,988,23079,8458,8806,4541,8004,17214,17641,7786,3130,1.0,28:24,2015,2016
2015-16,202322,John Wall,John,1610612764,WAS,Washington Wizards,21500885,2016-02-29T00:00:00,WAS vs. PHI,W,41.9,9.0,6.0,11.0,18.0,20.0,3.0,15.0,50.0,1.0,2.0,1.0,10.0,62.3,1,1,1,1,322,171,481,69,131,25338,7138,24242,107,2692,23588,4972,76,137,1.0,41:55,2015,2016
2015-16,1626175,Jordan Mickey,Jordan,1610612738,BOS,Boston Celtics,21500886,2016-02-29T00:00:00,BOS vs. UTA,W,7.1,2.0,1.0,0.0,2.0,2.0,0.0,2.0,6.0,2.0,0.0,0.0,1.0,11.6,1,1,1,1,23515,6026,9709,9917,12984,2619,1,4025,22724,932,1,1,12373,17970,1.0,7:08,2015,2016
2015-16,203917,Nik Stauskas,Nik,1610612755,PHI,Philadelphia 76ers,21500885,2016-02-29T00:00:00,PHI @ WAS,L,31.9,0.0,0.0,0.0,4.0,12.0,13.0,6.0,38.0,0.0,1.0,3.0,3.0,24.1,1,13074,13074,13074,5960,12059,10158,9917,8599,20178,23668,13388,1422,8004,17214,17641,4736,9068,1.0,31:56,2015,2016
2015-16,201599,DeAndre Jordan,DeAndre,1610612746,LAC,LA Clippers,21500890,2016-02-29T00:00:00,LAC vs. BKN,W,36.5,0.0,0.0,2.0,10.0,7.0,8.0,9.0,32.0,1.0,0.0,3.0,2.0,24.5,1,1,1,1,2420,12059,10158,4675,1840,12242,17345,18829,3535,2692,1,17641,7786,8801,1.0,36:28,2015,2016
2015-16,202326,DeMarcus Cousins,DeMarcus,1610612758,SAC,Sacramento Kings,21500889,2016-02-29T00:00:00,SAC vs. OKC,L,34.1,13.0,6.0,0.0,28.0,13.0,8.0,14.0,32.0,0.0,1.0,3.0,13.0,59.9,1,13074,13074,13074,4251,13,481,9917,3,21300,17345,23710,3535,8004,17214,17641,14,210,1.0,34:07,2015,2016
2015-16,201573,Jerryd Bayless,Jerryd,1610612749,MIL,Milwaukee Bucks,21500887,2016-02-29T00:00:00,MIL vs. HOU,W,35.3,1.0,3.0,3.0,2.0,15.0,12.0,16.0,28.0,0.0,0.0,3.0,1.0,29.6,1,1,1,1,3281,11535,3104,3302,12984,23079,22832,24641,5824,8004,1,17641,12373,6050,1.0,35:20,2015,2016
2015-16,202397,Ish Smith,Ish,1610612755,PHI,Philadelphia 76ers,21500885,2016-02-29T00:00:00,PHI @ WAS,L,33.6,10.0,0.0,8.0,12.0,14.0,18.0,13.0,42.0,1.0,1.0,1.0,4.0,43.7,1,13074,13074,13074,4682,99,10158,280,988,22292,25634,23048,670,2692,17214,4972,2748,1610,1.0,33:35,2015,2016
2015-16,2544,LeBron James,LeBron,1610612739,CLE,Cleveland Cavaliers,21500884,2016-02-29T00:00:00,CLE vs. IND,W,36.8,11.0,4.0,7.0,22.0,12.0,6.0,14.0,30.0,0.0,2.0,2.0,3.0,46.0,1,1,1,1,2204,55,1596,454,25,20178,13237,23710,4541,8004,23588,11390,4736,1198,1.0,36:49,2015,2016
2015-16,203999,Nikola Jokić,Nikola,1610612743,DEN,Denver Nuggets,21500888,2016-02-29T00:00:00,DEN vs. MEM,L,19.1,0.0,0.0,0.0,4.0,8.0,0.0,2.0,16.0,1.0,0.0,2.0,3.0,24.7,1,13074,13074,13074,16612,12059,10158,9917,8599,13914,1,4025,15259,2692,1,11390,4736,8673,1.0,19:06,2015,2016
2015-16,201572,Brook Lopez,Brook,1610612751,BKN,Brooklyn Nets,21500890,2016-02-29T00:00:00,BKN @ LAC,L,34.2,0.0,5.0,0.0,16.0,11.0,7.0,16.0,36.0,2.0,1.0,2.0,6.0,49.0,1,13074,13074,13074,4190,12059,995,9917,275,18886,15642,24641,1943,932,17214,11390,873,862,1.0,34:12,2015,2016
2015-16,201566,Russell Westbrook,Russell,1610612760,OKC,Oklahoma City Thunder,21500889,2016-02-29T00:00:00,OKC @ SAC,W,34.6,0.0,2.0,2.0,4.0,23.0,17.0,14.0,56.0,0.0,0.0,2.0,4.0,60.1,1,1,1,1,3874,12059,4731,4675,8599,25803,25429,23710,21,8004,1,11390,2748,206,1.0,34:35,2015,2016
2015-16,201935,James Harden,James,1610612745,HOU,Houston Rockets,21500887,2016-02-29T00:00:00,HOU @ MIL,L,40.0,2.0,0.0,4.0,8.0,17.0,15.0,16.0,50.0,0.0,0.0,3.0,4.0,51.7,1,13074,13074,13074,737,6026,10158,1913,3109,24337,24781,24641,107,8004,1,17641,2748,595,1.0,39:58,2015,2016
2015-16,201976,Patrick Beverley,Patrick,1610612745,HOU,Houston Rockets,21500887,2016-02-29T00:00:00,HOU @ MIL,L,37.8,0.0,3.0,5.0,4.0,16.0,15.0,13.0,42.0,0.0,0.0,4.0,3.0,24.1,1,13074,13074,13074,1581,12059,3104,1277,8599,23774,24781,23048,670,8004,1,22104,4736,9068,1.0,37:50,2015,2016
2015-16,203497,Rudy Gobert,Rudy,1610612762,UTA,Utah Jazz,21500886,2016-02-29T00:00:00,UTA @ BOS,L,33.6,0.0,8.0,0.0,6.0,12.0,6.0,17.0,32.0,0.0,3.0,4.0,7.0,29.9,1,13074,13074,13074,4681,12059,137,9917,5299,20178,13237,24967,3535,8004,25441,22104,469,5884,1.0,33:35,2015,2016
2015-16,203114,Khris Middleton,Khris,1610612749,MIL,Milwaukee Bucks,21500887,2016-02-29T00:00:00,MIL vs. HOU,W,44.2,2.0,2.0,4.0,8.0,20.0,14.0,19.0,44.0,1.0,0.0,3.0,8.0,55.6,1,1,1,1,117,6026,4731,1913,3109,25338,24300,25435,454,2692,1,17641,254,371,1.0,44:14,2015,2016
2015-16,201152,Thaddeus Young,Thaddeus,1610612751,BKN,Brooklyn Nets,21500890,2016-02-29T00:00:00,BKN @ LAC,L,37.2,0.0,0.0,0.0,8.0,11.0,9.0,16.0,40.0,0.0,2.0,3.0,1.0,29.2,1,13074,13074,13074,1960,12059,10158,9917,3109,18886,19144,24641,983,8004,23588,17641,12373,6243,1.0,37:13,2015,2016
2015-16,203798,PJ Hairston,PJ,1610612763,MEM,Memphis Grizzlies,21500888,2016-02-29T00:00:00,MEM @ DEN,W,31.6,0.0,0.0,0.0,4.0,5.0,7.0,2.0,26.0,1.0,0.0,1.0,4.0,24.8,1,1,1,1,6271,12059,10158,9917,8599,8403,15642,4025,7214,2692,1,4972,2748,8614,1.0,31:33,2015,2016
2015-16,203507,Giannis Antetokounmpo,Giannis,1610612749,MIL,Milwaukee Bucks,21500887,2016-02-29T00:00:00,MIL vs. HOU,W,42.4,9.0,2.0,4.0,6.0,18.0,17.0,19.0,44.0,2.0,1.0,4.0,8.0,66.7,1,1,1,1,267,171,4731,1913,5299,24749,25429,25435,454,932,17214,22104,254,79,1.0,42:22,2015,2016
2015-16,201142,Kevin Durant,Kevin,1610612760,OKC,Oklahoma City Thunder,21500889,2016-02-29T00:00:00,OKC @ SAC,W,31.5,0.0,3.0,4.0,4.0,16.0,13.0,8.0,46.0,1.0,0.0,0.0,3.0,55.0,1,1,1,1,6309,12059,3104,1913,8599,23774,23668,17194,298,2692,1,1,4736,395,1.0,31:31,2015,2016
2015-16,200765,Rajon Rondo,Rajon,1610612758,SAC,Sacramento Kings,21500889,2016-02-29T00:00:00,SAC vs. OKC,L,35.7,0.0,0.0,2.0,10.0,10.0,11.0,14.0,32.0,0.0,0.0,2.0,2.0,43.8,1,13074,13074,13074,2963,12059,10158,4675,1840,17370,21814,23710,3535,8004,1,11390,7786,1587,1.0,35:43,2015,2016
2015-16,101162,Marcin Gortat,Marcin,1610612764,WAS,Washington Wizards,21500885,2016-02-29T00:00:00,WAS vs. PHI,W,40.8,3.0,9.0,0.0,14.0,18.0,3.0,15.0,48.0,3.0,0.0,2.0,8.0,57.5,1,1,1,1,517,4307,77,9917,542,24749,7138,24242,192,347,1,11390,254,290,1.0,40:50,2015,2016
2015-16,203079,Dion Waiters,Dion,1610612760,OKC,Oklahoma City Thunder,21500889,2016-02-29T00:00:00,OKC @ SAC,W,31.5,8.0,0.0,0.0,4.0,12.0,9.0,10.0,50.0,0.0,0.0,0.0,3.0,27.4,1,1,1,1,6282,308,10158,9917,8599,20178,19144,20169,107,8004,1,1,4736,7179,1.0,31:32,2015,2016
2015-16,201586,Serge Ibaka,Serge,1610612760,OKC,Oklahoma City Thunder,21500889,2016-02-29T00:00:00,OKC @ SAC,W,29.9,0.0,2.0,0.0,2.0,16.0,14.0,4.0,40.0,1.0,0.0,3.0,2.0,20.4,1,1,1,1,7666,12059,4731,9917,12984,23774,24300,8806,983,2692,1,17641,7786,11453,1.0,29:52,2015,2016
2015-16,203096,Jared Sullinger,Jared,1610612738,BOS,Boston Celtics,21500886,2016-02-29T00:00:00,BOS vs. UTA,W,27.2,0.0,0.0,0.0,4.0,3.0,11.0,0.0,30.0,1.0,0.0,2.0,2.0,26.3,1,1,1,1,9882,12059,10158,9917,8599,5109,21814,1,4541,2692,1,11390,7786,7733,1.0,27:09,2015,2016
2015-16,203918,Rodney Hood,Rodney,1610612762,UTA,Utah Jazz,21500886,2016-02-29T00:00:00,UTA @ BOS,L,35.0,0.0,0.0,0.0,4.0,6.0,7.0,14.0,26.0,0.0,2.0,1.0,1.0,26.3,1,13074,13074,13074,3546,12059,10158,9917,8599,10028,15642,23710,7214,8004,23588,4972,12373,7733,1.0,34:60,2015,2016
2015-16,203112,Quincy Acy,Quincy,1610612758,SAC,Sacramento Kings,21500889,2016-02-29T00:00:00,SAC vs. OKC,L,27.9,4.0,2.0,2.0,8.0,11.0,7.0,16.0,24.0,0.0,0.0,3.0,2.0,26.8,1,13074,13074,13074,9305,2460,4731,4675,3109,18886,15642,24641,8723,8004,1,17641,7786,7486,1.0,27:54,2015,2016
2015-16,203109,Jae Crowder,Jae,1610612738,BOS,Boston Celtics,21500886,2016-02-29T00:00:00,BOS vs. UTA,W,33.7,4.0,0.0,9.0,6.0,5.0,16.0,2.0,38.0,1.0,0.0,1.0,4.0,40.6,1,1,1,1,4576,2460,10158,184,5299,8403,25155,4025,1422,2692,1,4972,2748,2230,1.0,33:44,2015,2016
2015-16,202711,Bojan Bogdanović,Bojan,1610612751,BKN,Brooklyn Nets,21500890,2016-02-29T00:00:00,BKN @ LAC,L,35.6,0.0,1.0,2.0,6.0,10.0,6.0,16.0,40.0,0.0,0.0,1.0,5.0,26.7,1,13074,13074,13074,3057,12059,9709,4675,5299,17370,13237,24641,983,8004,1,4972,1539,7525,1.0,35:37,2015,2016
2015-16,203496,Robert Covington,Robert,1610612755,PHI,Philadelphia 76ers,21500885,2016-02-29T00:00:00,PHI @ WAS,L,31.9,2.0,0.0,2.0,2.0,10.0,19.0,15.0,40.0,0.0,0.0,6.0,1.0,20.5,1,13074,13074,13074,6015,6026,10158,4675,12984,17370,25786,24242,983,8004,1,25827,12373,11401,1.0,31:52,2015,2016
2015-16,201589,Darrell Arthur,Darrell,1610612743,DEN,Denver Nuggets,21500888,2016-02-29T00:00:00,DEN vs. MEM,L,27.2,3.0,0.0,0.0,2.0,21.0,6.0,8.0,30.0,0.0,0.0,3.0,0.0,20.3,1,13074,13074,13074,9872,4307,10158,9917,12984,25535,13237,17194,4541,8004,1,17641,18762,11534,1.0,27:10,2015,2016
2015-16,202066,Garrett Temple,Garrett,1610612764,WAS,Washington Wizards,21500885,2016-02-29T00:00:00,WAS vs. PHI,W,26.9,0.0,0.0,2.0,2.0,16.0,2.0,12.0,28.0,0.0,0.0,3.0,1.0,11.7,1,1,1,1,10065,12059,10158,4675,12984,23774,3734,22259,5824,8004,1,17641,12373,17903,1.0,26:56,2015,2016
2015-16,201588,George Hill,George,1610612754,IND,Indiana Pacers,21500884,2016-02-29T00:00:00,IND @ CLE,L,38.5,0.0,0.0,0.0,6.0,10.0,8.0,10.0,32.0,0.0,1.0,4.0,2.0,19.9,1,13074,13074,13074,1252,12059,10158,9917,5299,17370,17345,20169,3535,8004,17214,22104,7786,11824,1.0,38:32,2015,2016
2015-16,1626167,Myles Turner,Myles,1610612754,IND,Indiana Pacers,21500884,2016-02-29T00:00:00,IND @ CLE,L,29.4,0.0,0.0,0.0,4.0,6.0,9.0,3.0,26.0,2.0,0.0,5.0,0.0,20.3,1,13074,13074,13074,8067,12059,10158,9917,8599,10028,19144,7328,7214,932,1,24686,18762,11534,1.0,29:24,2015,2016
2015-16,202340,Avery Bradley,Avery,1610612738,BOS,Boston Celtics,21500886,2016-02-29T00:00:00,BOS vs. UTA,W,37.4,0.0,6.0,4.0,8.0,5.0,16.0,2.0,32.0,1.0,1.0,0.0,2.0,26.4,1,1,1,1,1826,12059,481,1913,3109,8403,25155,4025,3535,2692,17214,1,7786,7672,1.0,37:24,2015,2016
2015-16,200755,JJ Redick,JJ,1610612746,LAC,LA Clippers,21500890,2016-02-29T00:00:00,LAC vs. BKN,W,31.9,0.0,0.0,3.0,4.0,7.0,6.0,7.0,24.0,0.0,1.0,1.0,3.0,26.2,1,1,1,1,5973,12059,10158,3302,8599,12242,13237,15538,8723,8004,17214,4972,4736,7785,1.0,31:54,2015,2016
2015-16,1626144,Emmanuel Mudiay,Emmanuel,1610612743,DEN,Denver Nuggets,21500888,2016-02-29T00:00:00,DEN vs. MEM,L,32.9,0.0,0.0,0.0,0.0,16.0,6.0,4.0,32.0,2.0,1.0,3.0,3.0,26.5,1,13074,13074,13074,5183,12059,10158,9917,18861,23774,13237,8806,3535,932,17214,17641,4736,7627,1.0,32:56,2015,2016
2015-16,201941,Jordan Hill,Jordan,1610612754,IND,Indiana Pacers,21500884,2016-02-29T00:00:00,IND @ CLE,L,25.2,0.0,0.0,0.0,4.0,8.0,11.0,1.0,22.0,3.0,0.0,1.0,1.0,20.6,1,13074,13074,13074,11496,12059,10158,9917,8599,13914,21814,3646,10265,347,1,4972,12373,11314,1.0,25:15,2015,2016
2015-16,203935,Marcus Smart,Marcus,1610612738,BOS,Boston Celtics,21500886,2016-02-29T00:00:00,BOS vs. UTA,W,24.8,0.0,0.0,0.0,0.0,7.0,14.0,4.0,18.0,1.0,0.0,4.0,3.0,20.0,1,1,1,1,11822,12059,10158,9917,18861,12242,24300,8806,13577,2692,1,22104,4736,11752,1.0,24:49,2015,2016
2015-16,202684,Tristan Thompson,Tristan,1610612739,CLE,Cleveland Cavaliers,21500884,2016-02-29T00:00:00,CLE vs. IND,W,31.0,0.0,4.0,0.0,12.0,8.0,6.0,4.0,22.0,1.0,0.0,2.0,5.0,30.2,1,1,1,1,6715,12059,1596,9917,988,13914,13237,8806,10265,2692,1,11390,1539,5751,1.0,31:01,2015,2016
2015-16,202324,Derrick Favors,Derrick,1610612762,UTA,Utah Jazz,21500886,2016-02-29T00:00:00,UTA @ BOS,L,37.3,0.0,0.0,0.0,4.0,10.0,9.0,19.0,34.0,3.0,3.0,1.0,2.0,43.2,1,13074,13074,13074,1889,12059,10158,9917,8599,17370,19144,25435,2701,347,25441,4972,7786,1699,1.0,37:18,2015,2016
2015-16,202738,Isaiah Thomas,Isaiah,1610612738,BOS,Boston Celtics,21500886,2016-02-29T00:00:00,BOS vs. UTA,W,29.6,4.0,0.0,6.0,16.0,2.0,16.0,2.0,40.0,0.0,1.0,0.0,3.0,30.9,1,1,1,1,7876,2460,10158,740,275,2619,25155,4025,983,8004,17214,1,4736,5452,1.0,29:37,2015,2016
2015-16,201155,Rodney Stuckey,Rodney,1610612754,IND,Indiana Pacers,21500884,2016-02-29T00:00:00,IND @ CLE,L,17.6,0.0,2.0,0.0,0.0,5.0,8.0,0.0,18.0,0.0,0.0,1.0,1.0,15.2,1,13074,13074,13074,17858,12059,4731,9917,18861,8403,17345,1,13577,8004,1,4972,12373,15219,1.0,17:33,2015,2016
2015-16,202332,Cole Aldrich,Cole,1610612746,LAC,LA Clippers,21500890,2016-02-29T00:00:00,LAC vs. BKN,W,11.0,0.0,2.0,0.0,2.0,4.0,2.0,6.0,8.0,2.0,0.0,3.0,0.0,15.2,1,1,1,1,22049,12059,4731,9917,12984,6141,3734,13388,21543,932,1,17641,18762,15219,1.0,10:58,2015,2016
2015-16,203924,Jerami Grant,Jerami,1610612755,PHI,Philadelphia 76ers,21500885,2016-02-29T00:00:00,PHI @ WAS,L,35.4,4.0,0.0,1.0,12.0,10.0,15.0,15.0,42.0,2.0,1.0,2.0,4.0,31.2,1,13074,13074,13074,3196,2460,10158,9347,988,17370,24781,24242,670,932,17214,11390,2748,5304,1.0,35:26,2015,2016
2015-16,101145,Monta Ellis,Monta,1610612754,IND,Indiana Pacers,21500884,2016-02-29T00:00:00,IND @ CLE,L,35.2,8.0,4.0,5.0,10.0,15.0,11.0,10.0,36.0,0.0,0.0,2.0,4.0,33.2,1,13074,13074,13074,3388,308,1596,1277,1840,23079,21814,20169,1943,8004,1,11390,2748,4462,1.0,35:12,2015,2016
2015-16,201596,Mario Chalmers,Mario,1610612763,MEM,Memphis Grizzlies,21500888,2016-02-29T00:00:00,MEM @ DEN,W,23.4,6.0,0.0,0.0,4.0,6.0,2.0,1.0,22.0,0.0,1.0,4.0,8.0,27.9,1,1,1,1,13038,878,10158,9917,8599,10028,3734,3646,10265,8004,17214,22104,254,6914,1.0,23:24,2015,2016
2015-16,203457,Nerlens Noel,Nerlens,1610612755,PHI,Philadelphia 76ers,21500885,2016-02-29T00:00:00,PHI @ WAS,L,25.1,4.0,2.0,2.0,8.0,14.0,12.0,15.0,30.0,1.0,0.0,5.0,1.0,28.2,1,13074,13074,13074,11607,2460,4731,4675,3109,22292,22832,24242,4541,2692,1,24686,12373,6778,1.0,25:05,2015,2016
2015-16,204456,T.J. McConnell,T.J.,1610612755,PHI,Philadelphia 76ers,21500885,2016-02-29T00:00:00,PHI @ WAS,L,17.3,2.0,0.0,0.0,4.0,6.0,7.0,8.0,22.0,0.0,1.0,1.0,0.0,21.8,1,13074,13074,13074,18023,6026,10158,9917,8599,10028,15642,17194,10265,8004,17214,4972,18762,10526,1.0,17:20,2015,2016
2015-16,203092,Tyler Zeller,Tyler,1610612738,BOS,Boston Celtics,21500886,2016-02-29T00:00:00,BOS vs. UTA,W,18.3,0.0,2.0,2.0,4.0,2.0,9.0,2.0,12.0,2.0,2.0,3.0,2.0,22.2,1,1,1,1,17266,12059,4731,4675,8599,2619,19144,4025,18637,932,23588,17641,7786,10263,1.0,18:18,2015,2016
2015-16,202323,Evan Turner,Evan,1610612738,BOS,Boston Celtics,21500886,2016-02-29T00:00:00,BOS vs. UTA,W,28.3,2.0,2.0,2.0,2.0,7.0,12.0,4.0,22.0,1.0,0.0,0.0,1.0,28.2,1,1,1,1,9026,6026,4731,4675,12984,12242,22832,8806,10265,2692,1,1,12373,6778,1.0,28:16,2015,2016
2015-16,202330,Gordon Hayward,Gordon,1610612762,UTA,Utah Jazz,21500886,2016-02-29T00:00:00,UTA @ BOS,L,38.3,0.0,8.0,0.0,6.0,15.0,10.0,25.0,42.0,0.0,3.0,3.0,3.0,27.8,1,13074,13074,13074,1390,12059,137,9917,5299,23079,20509,25980,670,8004,25441,17641,4736,6950,1.0,38:16,2015,2016
2015-16,2747,JR Smith,JR,1610612739,CLE,Cleveland Cavaliers,21500884,2016-02-29T00:00:00,CLE vs. IND,W,33.8,2.0,2.0,0.0,0.0,14.0,8.0,14.0,34.0,0.0,1.0,1.0,0.0,17.6,1,1,1,1,4521,6026,4731,9917,18861,22292,17345,23710,2701,8004,17214,4972,18762,13443,1.0,33:47,2015,2016
2015-16,201144,Mike Conley,Mike,1610612763,MEM,Memphis Grizzlies,21500888,2016-02-29T00:00:00,MEM @ DEN,W,28.6,2.0,0.0,0.0,2.0,5.0,9.0,7.0,26.0,1.0,2.0,0.0,3.0,22.7,1,1,1,1,8727,6026,10158,9917,12984,8403,19144,15538,7214,2692,23588,1,4736,9938,1.0,28:37,2015,2016
2015-16,101161,Amir Johnson,Amir,1610612738,BOS,Boston Celtics,21500886,2016-02-29T00:00:00,BOS vs. UTA,W,21.2,0.0,0.0,2.0,2.0,2.0,14.0,2.0,26.0,2.0,0.0,4.0,3.0,28.3,1,1,1,1,14926,12059,10158,4675,12984,2619,24300,4025,7214,932,1,22104,4736,6720,1.0,21:10,2015,2016
2015-16,202362,Lance Stephenson,Lance,1610612763,MEM,Memphis Grizzlies,21500888,2016-02-29T00:00:00,MEM @ DEN,W,20.7,4.0,2.0,2.0,6.0,9.0,6.0,6.0,30.0,0.0,0.0,0.0,1.0,22.6,1,1,1,1,15345,2460,4731,4675,5299,15771,13237,13388,4541,8004,1,1,12373,10000,1.0,20:39,2015,2016
2015-16,203900,Markel Brown,Markel,1610612751,BKN,Brooklyn Nets,21500890,2016-02-29T00:00:00,BKN @ LAC,L,26.6,2.0,1.0,2.0,2.0,14.0,9.0,4.0,22.0,0.0,0.0,4.0,2.0,17.5,1,13074,13074,13074,10377,6026,9709,4675,12984,22292,19144,8806,10265,8004,1,22104,7786,13528,1.0,26:36,2015,2016
2015-16,203078,Bradley Beal,Bradley,1610612764,WAS,Washington Wizards,21500885,2016-02-29T00:00:00,WAS vs. PHI,W,31.1,2.0,0.0,2.0,6.0,13.0,5.0,8.0,36.0,0.0,2.0,1.0,2.0,17.7,1,1,1,1,6670,6026,10158,4675,5299,21300,11469,17194,1943,8004,23588,4972,7786,13380,1.0,31:03,2015,2016
2015-16,2216,Zach Randolph,Zach,1610612763,MEM,Memphis Grizzlies,21500888,2016-02-29T00:00:00,MEM @ DEN,W,32.9,6.0,4.0,2.0,14.0,7.0,11.0,5.0,30.0,1.0,0.0,3.0,2.0,37.8,1,1,1,1,5218,878,1596,4675,542,12242,21814,11593,4541,2692,1,17641,7786,2956,1.0,32:53,2015,2016
2015-16,2037,Jamal Crawford,Jamal,1610612746,LAC,LA Clippers,21500890,2016-02-29T00:00:00,LAC vs. BKN,W,25.3,5.0,0.0,0.0,4.0,7.0,4.0,11.0,18.0,0.0,1.0,4.0,7.0,31.7,1,1,1,1,11440,1603,10158,9917,8599,12242,8458,21342,13577,8004,17214,22104,469,5088,1.0,25:19,2015,2016
2015-16,201571,D.J. Augustin,D.J.,1610612743,DEN,Denver Nuggets,21500888,2016-02-29T00:00:00,DEN vs. MEM,L,15.5,0.0,0.0,0.0,6.0,14.0,4.0,6.0,16.0,0.0,1.0,5.0,3.0,13.2,1,13074,13074,13074,19430,12059,10158,9917,5299,22292,8458,13388,15259,8004,17214,24686,4736,16768,1.0,15:28,2015,2016
2015-16,201171,Carl Landry,Carl,1610612755,PHI,Philadelphia 76ers,21500885,2016-02-29T00:00:00,PHI @ WAS,L,18.3,0.0,3.0,0.0,10.0,7.0,7.0,4.0,26.0,0.0,1.0,5.0,4.0,16.4,1,13074,13074,13074,17303,12059,3104,9917,1840,12242,15642,8806,7214,8004,17214,24686,2748,14289,1.0,18:15,2015,2016
2015-16,203524,Solomon Hill,Solomon,1610612754,IND,Indiana Pacers,21500884,2016-02-29T00:00:00,IND @ CLE,L,4.3,0.0,0.0,0.0,0.0,0.0,3.0,0.0,4.0,0.0,0.0,0.0,0.0,2.4,1,13074,13074,13074,24606,12059,10158,9917,18861,1,7138,1,23698,8004,1,1,18762,24024,1.0,4:19,2015,2016
2015-16,203530,Joffrey Lauvergne,Joffrey,1610612743,DEN,Denver Nuggets,21500888,2016-02-29T00:00:00,DEN vs. MEM,L,19.3,2.0,2.0,0.0,10.0,16.0,4.0,6.0,14.0,0.0,0.0,2.0,1.0,16.6,1,13074,13074,13074,16457,6026,4731,9917,1840,23774,8458,13388,17019,8004,1,11390,12373,14125,1.0,19:18,2015,2016
2015-16,201162,Jared Dudley,Jared,1610612764,WAS,Washington Wizards,21500885,2016-02-29T00:00:00,WAS vs. PHI,W,12.4,3.0,3.0,0.0,0.0,6.0,3.0,2.0,18.0,0.0,0.0,4.0,1.0,8.3,1,1,1,1,21319,4307,3104,9917,18861,10028,7138,4025,13577,8004,1,22104,12373,20376,1.0,12:25,2015,2016
2015-16,202700,Donatas Motiejunas,Donatas,1610612745,HOU,Houston Rockets,21500887,2016-02-29T00:00:00,HOU @ MIL,L,19.4,5.0,0.0,2.0,0.0,12.0,6.0,10.0,24.0,0.0,0.0,2.0,5.0,16.0,1,13074,13074,13074,16415,1603,10158,4675,18861,20178,13237,20169,8723,8004,1,11390,1539,14590,1.0,19:22,2015,2016
2015-16,203521,Matthew Dellavedova,Matthew,1610612739,CLE,Cleveland Cavaliers,21500884,2016-02-29T00:00:00,CLE vs. IND,W,21.6,0.0,3.0,0.0,0.0,2.0,8.0,2.0,18.0,0.0,1.0,1.0,0.0,12.5,1,1,1,1,14537,12059,3104,9917,18861,2619,17345,4025,13577,8004,17214,4972,18762,17372,1.0,21:34,2015,2016
2015-16,203490,Otto Porter Jr.,Otto,1610612764,WAS,Washington Wizards,21500885,2016-02-29T00:00:00,WAS vs. PHI,W,25.9,0.0,2.0,0.0,4.0,13.0,3.0,8.0,28.0,1.0,0.0,0.0,0.0,20.7,1,1,1,1,10892,12059,4731,9917,8599,21300,7138,17194,5824,2692,1,1,18762,11252,1.0,25:57,2015,2016
2015-16,201956,Omri Casspi,Omri,1610612758,SAC,Sacramento Kings,21500889,2016-02-29T00:00:00,SAC vs. OKC,L,24.8,0.0,4.0,2.0,10.0,9.0,6.0,8.0,24.0,0.0,0.0,2.0,1.0,21.6,1,13074,13074,13074,11841,12059,1596,4675,1840,15771,13237,17194,8723,8004,1,11390,12373,10666,1.0,24:47,2015,2016
2015-16,203460,Andre Roberson,Andre,1610612760,OKC,Oklahoma City Thunder,21500889,2016-02-29T00:00:00,OKC @ SAC,W,21.1,0.0,0.0,2.0,2.0,18.0,19.0,7.0,30.0,0.0,0.0,1.0,1.0,7.9,1,1,1,1,14986,12059,10158,4675,12984,24749,25786,15538,4541,8004,1,4972,12373,20646,1.0,21:05,2015,2016
2015-16,203477,Isaiah Canaan,Isaiah,1610612755,PHI,Philadelphia 76ers,21500885,2016-02-29T00:00:00,PHI @ WAS,L,31.9,0.0,0.0,2.0,2.0,9.0,11.0,15.0,38.0,0.0,0.0,1.0,0.0,21.1,1,13074,13074,13074,5947,12059,10158,4675,12984,15771,21814,24242,1422,8004,1,4972,18762,11012,1.0,31:56,2015,2016
2015-16,202325,Wesley Johnson,Wesley,1610612746,LAC,LA Clippers,21500890,2016-02-29T00:00:00,LAC vs. BKN,W,25.2,2.0,2.0,2.0,2.0,7.0,4.0,11.0,20.0,0.0,0.0,2.0,1.0,13.0,1,1,1,1,11528,6026,4731,4675,12984,12242,8458,21342,11929,8004,1,11390,12373,16969,1.0,25:12,2015,2016
2015-16,203080,Thomas Robinson,Thomas,1610612751,BKN,Brooklyn Nets,21500890,2016-02-29T00:00:00,BKN @ LAC,L,13.3,2.0,1.0,2.0,2.0,5.0,4.0,0.0,10.0,0.0,0.0,1.0,3.0,21.5,1,13074,13074,13074,20793,6026,9709,4675,12984,8403,8458,1,20209,8004,1,4972,4736,10755,1.0,13:19,2015,2016
2015-16,2210,Richard Jefferson,Richard,1610612739,CLE,Cleveland Cavaliers,21500884,2016-02-29T00:00:00,CLE vs. IND,W,8.5,0.0,0.0,0.0,0.0,2.0,2.0,0.0,10.0,0.0,0.0,0.0,1.0,2.4,1,1,1,1,23028,12059,10158,9917,18861,2619,3734,1,20209,8004,1,1,12373,24024,1.0,8:29,2015,2016
2015-16,1891,Jason Terry,Jason,1610612745,HOU,Houston Rockets,21500887,2016-02-29T00:00:00,HOU @ MIL,L,15.6,0.0,3.0,0.0,0.0,10.0,4.0,5.0,18.0,0.0,0.0,1.0,0.0,13.0,1,13074,13074,13074,19320,12059,3104,9917,18861,17370,8458,11593,13577,8004,1,4972,18762,16969,1.0,15:38,2015,2016
2015-16,201961,Wayne Ellington,Wayne,1610612751,BKN,Brooklyn Nets,21500890,2016-02-29T00:00:00,BKN @ LAC,L,20.8,3.0,2.0,3.0,2.0,2.0,2.0,12.0,22.0,0.0,0.0,3.0,0.0,13.0,1,13074,13074,13074,15196,4307,4731,3302,12984,2619,3734,22259,10265,8004,1,17641,18762,16969,1.0,20:50,2015,2016
2015-16,203499,Shane Larkin,Shane,1610612751,BKN,Brooklyn Nets,21500890,2016-02-29T00:00:00,BKN @ LAC,L,24.4,3.0,0.0,3.0,2.0,12.0,5.0,6.0,24.0,0.0,0.0,2.0,2.0,18.4,1,13074,13074,13074,12177,4307,10158,3302,12984,20178,11469,13388,8723,8004,1,11390,7786,12854,1.0,24:26,2015,2016
2015-16,201978,Chase Budinger,Chase,1610612754,IND,Indiana Pacers,21500884,2016-02-29T00:00:00,IND @ CLE,L,14.5,4.0,2.0,2.0,6.0,0.0,4.0,0.0,14.0,1.0,0.0,1.0,0.0,20.8,1,13074,13074,13074,20090,2460,4731,4675,5299,1,8458,1,17019,2692,1,4972,18762,11195,1.0,14:31,2015,2016
2015-16,201158,Marco Belinelli,Marco,1610612758,SAC,Sacramento Kings,21500889,2016-02-29T00:00:00,SAC vs. OKC,L,16.5,6.0,0.0,4.0,4.0,5.0,2.0,4.0,14.0,0.0,0.0,0.0,0.0,12.6,1,13074,13074,13074,18670,878,10158,1913,8599,8403,3734,8806,17019,8004,1,1,18762,17277,1.0,16:29,2015,2016
2015-16,203187,Chris Johnson,Chris,1610612762,UTA,Utah Jazz,21500886,2016-02-29T00:00:00,UTA @ BOS,L,13.4,2.0,0.0,2.0,2.0,5.0,5.0,8.0,14.0,0.0,0.0,2.0,0.0,8.5,1,13074,13074,13074,20752,6026,10158,4675,12984,8403,11469,17194,17019,8004,1,11390,18762,20215,1.0,13:24,2015,2016
2015-16,203526,Raul Neto,Raul,1610612762,UTA,Utah Jazz,21500886,2016-02-29T00:00:00,UTA @ BOS,L,17.8,0.0,2.0,0.0,0.0,4.0,3.0,6.0,18.0,0.0,1.0,0.0,1.0,13.0,1,13074,13074,13074,17667,12059,4731,9917,18861,6141,7138,13388,13577,8004,17214,1,12373,16969,1.0,17:48,2015,2016
2015-16,202730,Lavoy Allen,Lavoy,1610612754,IND,Indiana Pacers,21500884,2016-02-29T00:00:00,IND @ CLE,L,18.5,2.0,0.0,0.0,4.0,9.0,8.0,7.0,20.0,1.0,0.0,3.0,2.0,16.3,1,13074,13074,13074,17068,6026,10158,9917,8599,15771,17345,15538,11929,2692,1,17641,7786,14372,1.0,18:32,2015,2016
2015-16,201145,Jeff Green,Jeff,1610612746,LAC,LA Clippers,21500890,2016-02-29T00:00:00,LAC vs. BKN,W,31.2,0.0,0.0,2.0,4.0,5.0,10.0,12.0,32.0,0.0,0.0,2.0,0.0,18.4,1,1,1,1,6535,12059,10158,4675,8599,8403,20509,22259,3535,8004,1,11390,18762,12854,1.0,31:13,2015,2016
2015-16,203960,JaKarr Sampson,JaKarr,1610612743,DEN,Denver Nuggets,21500888,2016-02-29T00:00:00,DEN vs. MEM,L,29.6,0.0,0.0,0.0,4.0,14.0,4.0,6.0,26.0,0.0,0.0,3.0,2.0,7.9,1,13074,13074,13074,7882,12059,10158,9917,8599,22292,8458,13388,7214,8004,1,17641,7786,20646,1.0,29:36,2015,2016
2015-16,200751,Randy Foye,Randy,1610612760,OKC,Oklahoma City Thunder,21500889,2016-02-29T00:00:00,OKC @ SAC,W,24.4,0.0,0.0,0.0,0.0,14.0,12.0,7.0,34.0,1.0,0.0,2.0,0.0,16.1,1,1,1,1,12233,12059,10158,9917,18861,22292,22832,15538,2701,2692,1,11390,18762,14515,1.0,24:23,2015,2016
2015-16,202328,Greg Monroe,Greg,1610612749,MIL,Milwaukee Bucks,21500887,2016-02-29T00:00:00,MIL vs. HOU,W,19.7,0.0,6.0,0.0,10.0,7.0,7.0,8.0,10.0,0.0,0.0,5.0,2.0,18.7,1,1,1,1,16170,12059,481,9917,1840,12242,15642,17194,20209,8004,1,24686,7786,12648,1.0,19:41,2015,2016
2015-16,1626173,Rashad Vaughn,Rashad,1610612749,MIL,Milwaukee Bucks,21500887,2016-02-29T00:00:00,MIL vs. HOU,W,13.5,5.0,2.0,0.0,2.0,2.0,5.0,8.0,8.0,0.0,0.0,1.0,1.0,8.5,1,1,1,1,20684,1603,4731,9917,12984,2619,11469,17194,21543,8004,1,4972,12373,20215,1.0,13:33,2015,2016
2015-16,203914,Gary Harris,Gary,1610612743,DEN,Denver Nuggets,21500888,2016-02-29T00:00:00,DEN vs. MEM,L,34.0,4.0,5.0,2.0,4.0,21.0,4.0,4.0,34.0,1.0,0.0,3.0,0.0,20.9,1,13074,13074,13074,4358,2460,995,4675,8599,25535,8458,8806,2701,2692,1,17641,18762,11132,1.0,33:60,2015,2016
2015-16,203101,Miles Plumlee,Miles,1610612749,MIL,Milwaukee Bucks,21500887,2016-02-29T00:00:00,MIL vs. HOU,W,28.3,4.0,0.0,0.0,6.0,13.0,10.0,14.0,36.0,1.0,0.0,5.0,2.0,23.6,1,1,1,1,9024,2460,10158,9917,5299,21300,20509,23710,1943,2692,1,24686,7786,9377,1.0,28:17,2015,2016
2015-16,202388,Donald Sloan,Donald,1610612751,BKN,Brooklyn Nets,21500890,2016-02-29T00:00:00,BKN @ LAC,L,23.6,1.0,0.0,3.0,2.0,4.0,6.0,10.0,22.0,0.0,0.0,0.0,3.0,23.6,1,13074,13074,13074,12920,11535,10158,3302,12984,6141,13237,20169,10265,8004,1,1,4736,9377,1.0,23:34,2015,2016
2015-16,203115,Will Barton,Will,1610612743,DEN,Denver Nuggets,21500888,2016-02-29T00:00:00,DEN vs. MEM,L,34.0,1.0,0.0,5.0,6.0,25.0,8.0,10.0,32.0,0.0,1.0,2.0,2.0,19.2,1,13074,13074,13074,4319,11535,10158,1277,5299,25944,17345,20169,3535,8004,17214,11390,7786,12284,1.0,34:02,2015,2016
2015-16,201973,Jonas Jerebko,Jonas,1610612738,BOS,Boston Celtics,21500886,2016-02-29T00:00:00,BOS vs. UTA,W,12.4,3.0,0.0,0.0,0.0,0.0,7.0,0.0,6.0,2.0,0.0,4.0,0.0,10.4,1,1,1,1,21320,4307,10158,9917,18861,1,15642,1,22724,932,1,22104,18762,18859,1.0,12:25,2015,2016
2015-16,201567,Kevin Love,Kevin,1610612739,CLE,Cleveland Cavaliers,21500884,2016-02-29T00:00:00,CLE vs. IND,W,40.4,2.0,0.0,0.0,4.0,16.0,10.0,14.0,36.0,1.0,4.0,3.0,2.0,33.6,1,1,1,1,628,6026,10158,9917,8599,23774,20509,23710,1943,2692,25926,17641,7786,4305,1.0,40:23,2015,2016
2015-16,1626161,Willie Cauley-Stein,Willie,1610612758,SAC,Sacramento Kings,21500889,2016-02-29T00:00:00,SAC vs. OKC,L,16.2,0.0,2.0,4.0,4.0,4.0,4.0,0.0,12.0,0.0,0.0,1.0,1.0,10.4,1,13074,13074,13074,18859,12059,4731,1913,8599,6141,8458,1,18637,8004,1,4972,12373,18859,1.0,16:14,2015,2016
2015-16,2440,Matt Barnes,Matt,1610612763,MEM,Memphis Grizzlies,21500888,2016-02-29T00:00:00,MEM @ DEN,W,37.8,8.0,2.0,2.0,12.0,7.0,11.0,5.0,36.0,0.0,0.0,2.0,3.0,34.5,1,1,1,1,1607,308,4731,4675,988,12242,21814,11593,1943,8004,1,11390,4736,3997,1.0,37:48,2015,2016
2015-16,202714,Shelvin Mack,Shelvin,1610612762,UTA,Utah Jazz,21500886,2016-02-29T00:00:00,UTA @ BOS,L,30.1,5.0,0.0,2.0,12.0,11.0,8.0,17.0,24.0,0.0,1.0,5.0,1.0,25.9,1,13074,13074,13074,7444,1603,10158,4675,988,18886,17345,24967,8723,8004,17214,24686,12373,7960,1.0,30:06,2015,2016
2015-16,2746,Josh Smith,Josh,1610612745,HOU,Houston Rockets,21500887,2016-02-29T00:00:00,HOU @ MIL,L,25.0,0.0,0.0,2.0,4.0,7.0,11.0,4.0,32.0,0.0,0.0,3.0,2.0,18.9,1,13074,13074,13074,11656,12059,10158,4675,8599,12242,21814,8806,3535,8004,1,17641,7786,12513,1.0,25:01,2015,2016
2015-16,202681,Kyrie Irving,Kyrie,1610612739,CLE,Cleveland Cavaliers,21500884,2016-02-29T00:00:00,CLE vs. IND,W,35.4,0.0,2.0,3.0,8.0,16.0,4.0,14.0,34.0,0.0,0.0,3.0,8.0,33.6,1,1,1,1,3264,12059,4731,3302,3109,23774,8458,23710,2701,8004,1,17641,254,4305,1.0,35:21,2015,2016
2015-16,1718,Paul Pierce,Paul,1610612746,LAC,LA Clippers,21500890,2016-02-29T00:00:00,LAC vs. BKN,W,22.2,3.0,0.0,5.0,2.0,4.0,4.0,4.0,18.0,1.0,0.0,3.0,1.0,23.0,1,1,1,1,14007,4307,10158,1277,12984,6141,8458,8806,13577,2692,1,17641,12373,9760,1.0,22:12,2015,2016
2015-16,1626168,Trey Lyles,Trey,1610612762,UTA,Utah Jazz,21500886,2016-02-29T00:00:00,UTA @ BOS,L,23.6,0.0,5.0,0.0,12.0,8.0,7.0,14.0,22.0,1.0,0.0,4.0,2.0,33.5,1,13074,13074,13074,12920,12059,995,9917,988,13914,15642,23710,10265,2692,1,22104,7786,4348,1.0,23:34,2015,2016
2015-16,203463,Ben McLemore,Ben,1610612758,SAC,Sacramento Kings,21500889,2016-02-29T00:00:00,SAC vs. OKC,L,18.7,5.0,7.0,3.0,2.0,0.0,5.0,6.0,6.0,0.0,1.0,2.0,1.0,19.4,1,13074,13074,13074,16976,1603,292,3302,12984,1,11469,13388,22724,8004,17214,11390,12373,12154,1.0,18:39,2015,2016
2015-16,202713,Kyle Singler,Kyle,1610612760,OKC,Oklahoma City Thunder,21500889,2016-02-29T00:00:00,OKC @ SAC,W,21.0,3.0,2.0,0.0,2.0,11.0,12.0,9.0,30.0,0.0,0.0,3.0,0.0,14.9,1,1,1,1,15083,4307,4731,9917,12984,18886,22832,18829,4541,8004,1,17641,18762,15463,1.0,20:58,2015,2016
2015-16,101133,Ian Mahinmi,Ian,1610612754,IND,Indiana Pacers,21500884,2016-02-29T00:00:00,IND @ CLE,L,21.2,0.0,0.0,0.0,2.0,7.0,2.0,9.0,22.0,4.0,1.0,4.0,1.0,25.4,1,13074,13074,13074,14896,12059,10158,9917,12984,12242,3734,18829,10265,132,17214,22104,12373,8273,1.0,21:11,2015,2016
2015-16,202498,Lance Thomas,Lance,1610612752,NYK,New York Knicks,21500883,2016-02-28T00:00:00,NYK vs. MIA,L,32.6,0.0,3.0,2.0,2.0,8.0,4.0,11.0,36.0,0.0,0.0,4.0,1.0,19.1,1,13074,13074,13074,5459,12059,3104,4675,12984,13914,8458,21342,1943,8004,1,22104,12373,12372,1.0,32:33,2015,2016
2015-16,203471,Dennis Schröder,Dennis,1610612737,ATL,Atlanta Hawks,21500878,2016-02-28T00:00:00,ATL vs. CHA,W,14.6,0.0,0.0,1.0,2.0,3.0,4.0,0.0,8.0,0.0,2.0,1.0,2.0,14.9,1,1,1,1,20061,12059,10158,9347,12984,5109,8458,1,21543,8004,23588,4972,7786,15463,1.0,14:34,2015,2016
2015-16,101112,Channing Frye,Channing,1610612739,CLE,Cleveland Cavaliers,21500877,2016-02-28T00:00:00,CLE @ WAS,L,24.5,0.0,0.0,0.0,0.0,12.0,2.0,3.0,18.0,0.0,0.0,5.0,0.0,10.2,1,13074,13074,13074,12162,12059,10158,9917,18861,20178,3734,7328,13577,8004,1,24686,18762,19003,1.0,24:27,2015,2016
2015-16,203524,Solomon Hill,Solomon,1610612754,IND,Indiana Pacers,21500880,2016-02-28T00:00:00,IND vs. POR,L,15.1,0.0,3.0,2.0,2.0,10.0,6.0,5.0,8.0,0.0,1.0,0.0,0.0,10.1,1,13074,13074,13074,19695,12059,3104,4675,12984,17370,13237,11593,21543,8004,17214,1,18762,19105,1.0,15:05,2015,2016
2015-16,1626157,Karl-Anthony Towns,Karl-Anthony,1610612750,MIN,Minnesota Timberwolves,21500882,2016-02-28T00:00:00,MIN @ DAL,L,25.9,0.0,8.0,0.0,10.0,15.0,4.0,23.0,32.0,0.0,0.0,3.0,3.0,25.7,1,13074,13074,13074,10916,12059,137,9917,1840,23079,8458,25880,3535,8004,1,17641,4736,8088,1.0,25:54,2015,2016
2015-16,202687,Bismack Biyombo,Bismack,1610612761,TOR,Toronto Raptors,21500879,2016-02-28T00:00:00,TOR @ DET,L,21.6,0.0,0.0,0.0,0.0,3.0,3.0,5.0,18.0,0.0,0.0,4.0,0.0,10.4,1,13074,13074,13074,14490,12059,10158,9917,18861,5109,7138,11593,13577,8004,1,22104,18762,18859,1.0,21:38,2015,2016
2015-16,202329,Al-Farouq Aminu,Al-Farouq,1610612757,POR,Portland Trail Blazers,21500880,2016-02-28T00:00:00,POR @ IND,W,29.9,0.0,0.0,0.0,8.0,17.0,13.0,7.0,20.0,0.0,0.0,3.0,3.0,25.1,1,1,1,1,7636,12059,10158,9917,3109,24337,23668,15538,11929,8004,1,17641,4736,8429,1.0,29:53,2015,2016
2015-16,202681,Kyrie Irving,Kyrie,1610612739,CLE,Cleveland Cavaliers,21500877,2016-02-28T00:00:00,CLE @ WAS,L,32.2,2.0,2.0,5.0,10.0,9.0,2.0,13.0,32.0,0.0,0.0,4.0,6.0,34.2,1,13074,13074,13074,5730,6026,4731,1277,1840,15771,3734,23048,3535,8004,1,22104,873,4092,1.0,32:11,2015,2016
2015-16,101187,Alan Anderson,Alan,1610612764,WAS,Washington Wizards,21500877,2016-02-28T00:00:00,WAS vs. CLE,W,15.4,0.0,0.0,0.0,0.0,0.0,0.0,0.0,12.0,0.0,0.0,1.0,1.0,14.6,1,1,1,1,19514,12059,10158,9917,18861,1,1,1,18637,8004,1,4972,12373,15699,1.0,15:21,2015,2016
2015-16,203476,Gorgui Dieng,Gorgui,1610612750,MIN,Minnesota Timberwolves,21500882,2016-02-28T00:00:00,MIN @ DAL,L,25.3,0.0,2.0,2.0,6.0,14.0,4.0,14.0,24.0,2.0,1.0,3.0,5.0,25.0,1,13074,13074,13074,11428,12059,4731,4675,5299,22292,8458,23710,8723,932,17214,17641,1539,8485,1.0,25:20,2015,2016
2015-16,2736,Luol Deng,Luol,1610612748,MIA,Miami Heat,21500883,2016-02-28T00:00:00,MIA @ NYK,W,30.2,2.0,2.0,1.0,12.0,4.0,14.0,7.0,18.0,0.0,1.0,0.0,4.0,25.4,1,1,1,1,7363,6026,4731,9347,988,6141,24300,15538,13577,8004,17214,1,2748,8273,1.0,30:11,2015,2016
2015-16,1626147,Justin Anderson,Justin,1610612742,DAL,Dallas Mavericks,21500882,2016-02-28T00:00:00,DAL vs. MIN,W,9.1,2.0,0.0,0.0,0.0,6.0,3.0,9.0,4.0,0.0,0.0,0.0,2.0,10.4,1,1,1,1,22801,6026,10158,9917,18861,10028,7138,18829,23698,8004,1,1,7786,18859,1.0,9:06,2015,2016
2015-16,1626145,Tyus Jones,Tyus,1610612750,MIN,Minnesota Timberwolves,21500882,2016-02-28T00:00:00,MIN @ DAL,L,23.1,0.0,0.0,3.0,0.0,4.0,4.0,8.0,30.0,0.0,2.0,0.0,0.0,25.6,1,13074,13074,13074,13268,12059,10158,3302,18861,6141,8458,17194,4541,8004,23588,1,18762,8157,1.0,23:07,2015,2016
2015-16,203477,Isaiah Canaan,Isaiah,1610612755,PHI,Philadelphia 76ers,21500881,2016-02-28T00:00:00,PHI @ ORL,L,33.8,3.0,0.0,5.0,4.0,21.0,4.0,6.0,28.0,0.0,0.0,3.0,4.0,23.6,1,13074,13074,13074,4550,4307,10158,1277,8599,25535,8458,13388,5824,8004,1,17641,2748,9377,1.0,33:45,2015,2016
2015-16,2747,JR Smith,JR,1610612739,CLE,Cleveland Cavaliers,21500877,2016-02-28T00:00:00,CLE @ WAS,L,18.2,0.0,2.0,0.0,2.0,3.0,2.0,8.0,20.0,0.0,0.0,4.0,0.0,19.3,1,13074,13074,13074,17332,12059,4731,9917,12984,5109,3734,17194,11929,8004,1,22104,18762,12228,1.0,18:13,2015,2016
2015-16,201228,C.J. Watson,C.J.,1610612753,ORL,Orlando Magic,21500881,2016-02-28T00:00:00,ORL vs. PHI,W,23.8,0.0,0.0,0.0,0.0,7.0,4.0,4.0,28.0,0.0,0.0,2.0,2.0,10.4,1,1,1,1,12715,12059,10158,9917,18861,12242,8458,8806,5824,8004,1,11390,7786,18859,1.0,23:50,2015,2016
2015-16,101111,Charlie Villanueva,Charlie,1610612742,DAL,Dallas Mavericks,21500882,2016-02-28T00:00:00,DAL vs. MIN,W,13.3,0.0,0.0,0.0,2.0,8.0,5.0,11.0,6.0,0.0,0.0,3.0,2.0,14.8,1,1,1,1,20825,12059,10158,9917,12984,13914,11469,21342,22724,8004,1,17641,7786,15561,1.0,13:16,2015,2016
2015-16,203490,Otto Porter Jr.,Otto,1610612764,WAS,Washington Wizards,21500877,2016-02-28T00:00:00,WAS vs. CLE,W,27.0,3.0,0.0,2.0,2.0,5.0,6.0,8.0,20.0,1.0,0.0,3.0,4.0,33.5,1,1,1,1,10052,4307,10158,4675,12984,8403,13237,17194,11929,2692,1,17641,2748,4348,1.0,26:57,2015,2016
2015-16,202693,Markieff Morris,Markieff,1610612764,WAS,Washington Wizards,21500877,2016-02-28T00:00:00,WAS vs. CLE,W,20.6,2.0,0.0,0.0,8.0,3.0,0.0,0.0,12.0,0.0,1.0,3.0,2.0,19.1,1,1,1,1,15371,6026,10158,9917,3109,5109,1,1,18637,8004,17214,17641,7786,12372,1.0,20:37,2015,2016
2015-16,202389,Timofey Mozgov,Timofey,1610612739,CLE,Cleveland Cavaliers,21500877,2016-02-28T00:00:00,CLE @ WAS,L,24.8,2.0,0.0,0.0,6.0,11.0,5.0,3.0,12.0,2.0,0.0,3.0,2.0,23.0,1,13074,13074,13074,11810,6026,10158,9917,5299,18886,11469,7328,18637,932,1,17641,7786,9760,1.0,24:49,2015,2016
2015-16,203086,Meyers Leonard,Meyers,1610612757,POR,Portland Trail Blazers,21500880,2016-02-28T00:00:00,POR @ IND,W,20.6,3.0,3.0,2.0,2.0,7.0,10.0,5.0,18.0,0.0,0.0,2.0,2.0,19.4,1,1,1,1,15378,4307,3104,4675,12984,12242,20509,11593,13577,8004,1,11390,7786,12154,1.0,20:37,2015,2016
2015-16,202730,Lavoy Allen,Lavoy,1610612754,IND,Indiana Pacers,21500880,2016-02-28T00:00:00,IND vs. POR,L,16.4,0.0,2.0,0.0,6.0,5.0,2.0,7.0,12.0,1.0,0.0,1.0,1.0,23.6,1,13074,13074,13074,18772,12059,4731,9917,5299,8403,3734,15538,18637,2692,1,4972,12373,9377,1.0,16:21,2015,2016
2015-16,1626167,Myles Turner,Myles,1610612754,IND,Indiana Pacers,21500880,2016-02-28T00:00:00,IND vs. POR,L,28.4,4.0,2.0,0.0,2.0,13.0,4.0,0.0,20.0,1.0,1.0,3.0,2.0,23.6,1,13074,13074,13074,8894,2460,4731,9917,12984,21300,8458,1,11929,2692,17214,17641,7786,9377,1.0,28:25,2015,2016
2015-16,202699,Tobias Harris,Tobias,1610612765,DET,Detroit Pistons,21500879,2016-02-28T00:00:00,DET vs. TOR,W,25.3,2.0,2.0,2.0,6.0,2.0,7.0,0.0,24.0,0.0,0.0,2.0,1.0,23.9,1,1,1,1,11420,6026,4731,4675,5299,2619,15642,1,8723,8004,1,11390,12373,9184,1.0,25:20,2015,2016
2015-16,203922,Glenn Robinson III,Glenn,1610612754,IND,Indiana Pacers,21500880,2016-02-28T00:00:00,IND vs. POR,L,5.6,4.0,0.0,0.0,2.0,0.0,0.0,0.0,2.0,0.0,0.0,0.0,2.0,6.4,1,13074,13074,13074,24134,2460,10158,9917,12984,1,1,1,24614,8004,1,1,7786,21589,1.0,5:37,2015,2016
2015-16,1626257,Salah Mejri,Salah,1610612742,DAL,Dallas Mavericks,21500882,2016-02-28T00:00:00,DAL vs. MIN,W,5.8,0.0,0.0,2.0,2.0,2.0,3.0,5.0,4.0,1.0,0.0,2.0,0.0,6.2,1,1,1,1,24055,12059,10158,4675,12984,2619,7138,11593,23698,2692,1,11390,18762,21696,1.0,5:48,2015,2016
2015-16,101181,Jose Calderon,Jose,1610612752,NYK,New York Knicks,21500883,2016-02-28T00:00:00,NYK vs. MIA,L,39.7,2.0,3.0,0.0,0.0,14.0,7.0,11.0,42.0,0.0,0.0,2.0,1.0,10.5,1,13074,13074,13074,827,6026,3104,9917,18861,22292,15642,21342,670,8004,1,11390,12373,18808,1.0,39:40,2015,2016
2015-16,200757,Thabo Sefolosha,Thabo,1610612737,ATL,Atlanta Hawks,21500878,2016-02-28T00:00:00,ATL vs. CHA,W,16.3,2.0,0.0,0.0,0.0,7.0,4.0,0.0,10.0,0.0,0.0,0.0,0.0,5.7,1,1,1,1,18843,6026,10158,9917,18861,12242,8458,1,20209,8004,1,1,18762,22054,1.0,16:16,2015,2016
2015-16,2400,Drew Gooden,Drew,1610612764,WAS,Washington Wizards,21500877,2016-02-28T00:00:00,WAS vs. CLE,W,5.5,0.0,0.0,0.0,0.0,4.0,0.0,6.0,2.0,0.0,0.0,0.0,0.0,1.2,1,1,1,1,24165,12059,10158,9917,18861,6141,1,13388,24614,8004,1,1,18762,24661,1.0,5:29,2015,2016
2015-16,203512,Lucas Nogueira,Lucas,1610612761,TOR,Toronto Raptors,21500879,2016-02-28T00:00:00,TOR @ DET,L,5.9,0.0,0.0,0.0,0.0,0.0,0.0,0.0,0.0,0.0,0.0,1.0,0.0,1.2,1,13074,13074,13074,24017,12059,10158,9917,18861,1,1,1,25429,8004,1,4972,18762,24661,1.0,5:52,2015,2016
2015-16,202335,Patrick Patterson,Patrick,1610612761,TOR,Toronto Raptors,21500879,2016-02-28T00:00:00,TOR @ DET,L,25.6,0.0,0.0,0.0,0.0,9.0,6.0,7.0,22.0,0.0,0.0,2.0,1.0,10.6,1,13074,13074,13074,11178,12059,10158,9917,18861,15771,13237,15538,10265,8004,1,11390,12373,18723,1.0,25:38,2015,2016
2015-16,202718,Chandler Parsons,Chandler,1610612742,DAL,Dallas Mavericks,21500882,2016-02-28T00:00:00,DAL vs. MIN,W,27.0,5.0,0.0,8.0,8.0,0.0,14.0,9.0,26.0,0.0,1.0,1.0,2.0,45.2,1,1,1,1,10044,1603,10158,280,3109,1,24300,18829,7214,8004,17214,4972,7786,1324,1.0,26:58,2015,2016
2015-16,203082,Terrence Ross,Terrence,1610612761,TOR,Toronto Raptors,21500879,2016-02-28T00:00:00,TOR @ DET,L,35.0,3.0,8.0,0.0,6.0,9.0,13.0,7.0,30.0,0.0,0.0,2.0,2.0,29.7,1,13074,13074,13074,3509,4307,137,9917,5299,15771,23668,15538,4541,8004,1,11390,7786,6006,1.0,35:02,2015,2016
2015-16,202696,Nikola Vučević,Nikola,1610612753,ORL,Orlando Magic,21500881,2016-02-28T00:00:00,ORL vs. PHI,W,27.5,7.0,4.0,2.0,16.0,13.0,8.0,10.0,32.0,0.0,1.0,6.0,5.0,35.7,1,1,1,1,9575,548,1596,4675,275,21300,17345,20169,3535,8004,17214,25827,1539,3578,1.0,27:33,2015,2016
2015-16,200794,Paul Millsap,Paul,1610612737,ATL,Atlanta Hawks,21500878,2016-02-28T00:00:00,ATL vs. CHA,W,27.0,2.0,2.0,0.0,6.0,19.0,3.0,6.0,14.0,1.0,0.0,4.0,1.0,24.0,1,1,1,1,9986,6026,4731,9917,5299,25074,7138,13388,17019,2692,1,22104,12373,9121,1.0,27:02,2015,2016
2015-16,201937,Ricky Rubio,Ricky,1610612750,MIN,Minnesota Timberwolves,21500882,2016-02-28T00:00:00,MIN @ DAL,L,24.9,0.0,2.0,5.0,6.0,16.0,6.0,19.0,26.0,0.0,1.0,0.0,2.0,23.9,1,13074,13074,13074,11762,12059,4731,1277,5299,23774,13237,25435,7214,8004,17214,1,7786,9184,1.0,24:53,2015,2016
2015-16,201978,Chase Budinger,Chase,1610612754,IND,Indiana Pacers,21500880,2016-02-28T00:00:00,IND vs. POR,L,15.1,0.0,2.0,0.0,4.0,3.0,0.0,7.0,10.0,0.0,0.0,1.0,0.0,11.5,1,13074,13074,13074,19698,12059,4731,9917,8599,5109,1,15538,20209,8004,1,4972,18762,18079,1.0,15:05,2015,2016
2015-16,202322,John Wall,John,1610612764,WAS,Washington Wizards,21500877,2016-02-28T00:00:00,WAS vs. CLE,W,29.4,3.0,2.0,8.0,10.0,5.0,6.0,8.0,22.0,0.0,0.0,3.0,5.0,45.9,1,1,1,1,8078,4307,4731,280,1840,8403,13237,17194,10265,8004,1,17641,1539,1224,1.0,29:22,2015,2016
2015-16,202066,Garrett Temple,Garrett,1610612764,WAS,Washington Wizards,21500877,2016-02-28T00:00:00,WAS vs. CLE,W,22.0,0.0,0.0,0.0,2.0,4.0,4.0,9.0,16.0,0.0,0.0,3.0,2.0,7.4,1,1,1,1,14154,12059,10158,9917,12984,6141,8458,18829,15259,8004,1,17641,7786,20912,1.0,22:01,2015,2016
2015-16,202694,Marcus Morris Sr.,Marcus,1610612765,DET,Detroit Pistons,21500879,2016-02-28T00:00:00,DET vs. TOR,W,32.0,0.0,0.0,0.0,6.0,5.0,7.0,0.0,24.0,0.0,0.0,1.0,2.0,24.8,1,1,1,1,5851,12059,10158,9917,5299,8403,15642,1,8723,8004,1,4972,7786,8614,1.0,32:02,2015,2016
2015-16,202083,Wesley Matthews,Wesley,1610612742,DAL,Dallas Mavericks,21500882,2016-02-28T00:00:00,DAL vs. MIN,W,24.2,3.0,0.0,5.0,4.0,0.0,12.0,7.0,18.0,1.0,0.0,3.0,3.0,24.0,1,1,1,1,12360,4307,10158,1277,8599,1,22832,15538,13577,2692,1,17641,4736,9121,1.0,24:14,2015,2016
2015-16,203498,Shabazz Muhammad,Shabazz,1610612750,MIN,Minnesota Timberwolves,21500882,2016-02-28T00:00:00,MIN @ DAL,L,34.5,4.0,9.0,6.0,10.0,9.0,8.0,15.0,42.0,1.0,1.0,2.0,7.0,30.0,1,13074,13074,13074,3961,2460,77,740,1840,15771,17345,24242,670,2692,17214,11390,469,5840,1.0,34:29,2015,2016
2015-16,203924,Jerami Grant,Jerami,1610612755,PHI,Philadelphia 76ers,21500881,2016-02-28T00:00:00,PHI @ ORL,L,38.4,3.0,0.0,2.0,8.0,22.0,6.0,14.0,40.0,5.0,0.0,4.0,4.0,45.1,1,13074,13074,13074,1323,4307,10158,4675,3109,25683,13237,23710,983,59,1,22104,2748,1338,1.0,38:24,2015,2016
2015-16,203506,Victor Oladipo,Victor,1610612753,ORL,Orlando Magic,21500881,2016-02-28T00:00:00,ORL vs. PHI,W,43.9,9.0,0.0,10.0,8.0,21.0,8.0,14.0,56.0,0.0,2.0,3.0,4.0,45.7,1,1,1,1,139,171,10158,118,3109,25535,17345,23710,21,8004,23588,17641,2748,1251,1.0,43:53,2015,2016
2015-16,203145,Kent Bazemore,Kent,1610612737,ATL,Atlanta Hawks,21500878,2016-02-28T00:00:00,ATL vs. CHA,W,33.4,0.0,2.0,2.0,8.0,18.0,2.0,6.0,14.0,0.0,0.0,2.0,0.0,24.7,1,1,1,1,4787,12059,4731,4675,3109,24749,3734,13388,17019,8004,1,11390,18762,8673,1.0,33:26,2015,2016
2015-16,2548,Dwyane Wade,Dwyane,1610612748,MIA,Miami Heat,21500883,2016-02-28T00:00:00,MIA @ NYK,W,32.3,4.0,0.0,6.0,14.0,6.0,15.0,4.0,18.0,0.0,1.0,2.0,7.0,47.4,1,1,1,1,5663,2460,10158,740,542,10028,24781,8806,13577,8004,17214,11390,469,1024,1.0,32:17,2015,2016
2015-16,202684,Tristan Thompson,Tristan,1610612739,CLE,Cleveland Cavaliers,21500877,2016-02-28T00:00:00,CLE @ WAS,L,21.5,0.0,0.0,0.0,0.0,5.0,2.0,10.0,28.0,0.0,0.0,2.0,1.0,7.4,1,13074,13074,13074,14638,12059,10158,9917,18861,8403,3734,20169,5824,8004,1,11390,12373,20912,1.0,21:28,2015,2016
2015-16,2585,Zaza Pachulia,Zaza,1610612742,DAL,Dallas Mavericks,21500882,2016-02-28T00:00:00,DAL vs. MIN,W,20.1,0.0,2.0,0.0,4.0,0.0,10.0,9.0,20.0,1.0,1.0,3.0,1.0,24.9,1,1,1,1,15797,12059,4731,9917,8599,1,20509,18829,11929,2692,17214,17641,12373,8553,1.0,20:08,2015,2016
2015-16,204014,Damjan Rudez,Damjan,1610612750,MIN,Minnesota Timberwolves,21500882,2016-02-28T00:00:00,MIN @ DAL,L,13.7,0.0,0.0,0.0,0.0,2.0,4.0,4.0,16.0,0.0,0.0,3.0,0.0,7.4,1,13074,13074,13074,20604,12059,10158,9917,18861,2619,8458,8806,15259,8004,1,17641,18762,20912,1.0,13:40,2015,2016
2015-16,201581,JJ Hickson,JJ,1610612764,WAS,Washington Wizards,21500877,2016-02-28T00:00:00,WAS vs. CLE,W,5.7,0.0,2.0,0.0,2.0,4.0,0.0,6.0,2.0,0.0,0.0,0.0,0.0,3.4,1,1,1,1,24095,12059,4731,9917,12984,6141,1,13388,24614,8004,1,1,18762,23417,1.0,5:42,2015,2016
2015-16,1626170,Jerian Grant,Jerian,1610612752,NYK,New York Knicks,21500883,2016-02-28T00:00:00,NYK vs. MIA,L,11.3,0.0,0.0,0.0,2.0,0.0,4.0,4.0,16.0,0.0,1.0,1.0,0.0,6.7,1,13074,13074,13074,21903,12059,10158,9917,12984,1,8458,8806,15259,8004,17214,4972,18762,21376,1.0,11:18,2015,2016
2015-16,203943,Noah Vonleh,Noah,1610612757,POR,Portland Trail Blazers,21500880,2016-02-28T00:00:00,POR @ IND,W,17.6,3.0,0.0,0.0,2.0,15.0,6.0,7.0,10.0,0.0,0.0,3.0,0.0,4.4,1,1,1,1,17815,4307,10158,9917,12984,23079,13237,15538,20209,8004,1,17641,18762,22837,1.0,17:37,2015,2016
2015-16,202712,Justin Harper,Justin,1610612765,DET,Detroit Pistons,21500879,2016-02-28T00:00:00,DET vs. TOR,W,15.8,0.0,0.0,0.0,0.0,10.0,3.0,8.0,12.0,0.0,0.0,1.0,0.0,9.2,1,1,1,1,19160,12059,10158,9917,18861,17370,7138,17194,18637,8004,1,4972,18762,19680,1.0,15:50,2015,2016
2015-16,1626199,Darrun Hilliard,Darrun,1610612765,DET,Detroit Pistons,21500879,2016-02-28T00:00:00,DET vs. TOR,W,8.7,0.0,0.0,0.0,0.0,7.0,3.0,5.0,8.0,0.0,0.0,2.0,0.0,0.0,1,1,1,1,22982,12059,10158,9917,18861,12242,7138,11593,21543,8004,1,11390,18762,25170,1.0,8:39,2015,2016
2015-16,203895,Jordan McRae,Jordan,1610612739,CLE,Cleveland Cavaliers,21500877,2016-02-28T00:00:00,CLE @ WAS,L,7.0,0.0,0.0,2.0,0.0,3.0,2.0,0.0,4.0,0.0,0.0,0.0,3.0,9.2,1,13074,13074,13074,23569,12059,10158,4675,18861,5109,3734,1,23698,8004,1,1,4736,19680,1.0,6:59,2015,2016
2015-16,1626162,Kelly Oubre Jr.,Kelly,1610612764,WAS,Washington Wizards,21500877,2016-02-28T00:00:00,WAS vs. CLE,W,5.7,0.0,0.0,0.0,0.0,4.0,0.0,6.0,2.0,0.0,0.0,3.0,0.0,0.2,1,1,1,1,24095,12059,10158,9917,18861,6141,1,13388,24614,8004,1,17641,18762,25103,1.0,5:42,2015,2016
2015-16,201202,Joel Anthony,Joel,1610612765,DET,Detroit Pistons,21500879,2016-02-28T00:00:00,DET vs. TOR,W,4.2,0.0,0.0,0.0,0.0,5.0,0.0,5.0,6.0,0.0,0.0,2.0,0.0,0.0,1,1,1,1,24657,12059,10158,9917,18861,8403,1,11593,22724,8004,1,11390,18762,25170,1.0,4:09,2015,2016
2015-16,1626202,Joe Young,Joe,1610612754,IND,Indiana Pacers,21500880,2016-02-28T00:00:00,IND vs. POR,L,5.6,0.0,0.0,0.0,0.0,0.0,0.0,0.0,2.0,0.0,0.0,0.0,0.0,3.7,1,13074,13074,13074,24134,12059,10158,9917,18861,1,1,1,24614,8004,1,1,18762,23278,1.0,5:37,2015,2016
2015-16,2403,Nene,ene,1610612764,WAS,Washington Wizards,21500877,2016-02-28T00:00:00,WAS vs. CLE,W,16.8,2.0,0.0,2.0,4.0,2.0,2.0,2.0,14.0,0.0,0.0,3.0,2.0,6.8,1,1,1,1,18404,6026,10158,4675,8599,2619,3734,4025,17019,8004,1,17641,7786,21328,1.0,16:49,2015,2016
2015-16,201155,Rodney Stuckey,Rodney,1610612754,IND,Indiana Pacers,21500880,2016-02-28T00:00:00,IND vs. POR,L,18.9,0.0,0.0,0.0,0.0,5.0,5.0,2.0,6.0,0.0,1.0,0.0,1.0,8.9,1,13074,13074,13074,16820,12059,10158,9917,18861,8403,11469,4025,22724,8004,17214,1,12373,19914,1.0,18:51,2015,2016
2015-16,204456,T.J. McConnell,T.J.,1610612755,PHI,Philadelphia 76ers,21500881,2016-02-28T00:00:00,PHI @ ORL,L,20.3,0.0,0.0,0.0,0.0,11.0,0.0,4.0,18.0,0.0,2.0,1.0,1.0,13.4,1,13074,13074,13074,15666,12059,10158,9917,18861,18886,1,8806,13577,8004,23588,4972,12373,16614,1.0,20:16,2015,2016
2015-16,203917,Nik Stauskas,Nik,1610612755,PHI,Philadelphia 76ers,21500881,2016-02-28T00:00:00,PHI @ ORL,L,20.1,0.0,0.0,0.0,2.0,15.0,8.0,10.0,26.0,0.0,0.0,1.0,3.0,7.2,1,13074,13074,13074,15878,12059,10158,9917,12984,23079,17345,20169,7214,8004,1,4972,4736,21035,1.0,20:03,2015,2016
2015-16,2594,Kyle Korver,Kyle,1610612737,ATL,Atlanta Hawks,21500878,2016-02-28T00:00:00,ATL vs. CHA,W,21.6,0.0,2.0,0.0,2.0,16.0,2.0,6.0,12.0,0.0,0.0,1.0,1.0,9.3,1,1,1,1,14547,12059,4731,9917,12984,23774,3734,13388,18637,8004,1,4972,12373,19656,1.0,21:34,2015,2016
2015-16,202391,Jeremy Lin,Jeremy,1610612766,CHA,Charlotte Hornets,21500878,2016-02-28T00:00:00,CHA @ ATL,L,21.3,1.0,4.0,0.0,4.0,5.0,7.0,3.0,14.0,1.0,0.0,4.0,6.0,19.7,1,13074,13074,13074,14763,11535,1596,9917,8599,8403,15642,7328,17019,2692,1,22104,873,11962,1.0,21:19,2015,2016
2015-16,202697,Iman Shumpert,Iman,1610612739,CLE,Cleveland Cavaliers,21500877,2016-02-28T00:00:00,CLE @ WAS,L,34.3,2.0,0.0,5.0,6.0,13.0,7.0,7.0,26.0,0.0,1.0,3.0,3.0,30.5,1,13074,13074,13074,4099,6026,10158,1277,5299,21300,15642,15538,7214,8004,17214,17641,4736,5620,1.0,34:18,2015,2016
2015-16,203486,Mason Plumlee,Mason,1610612757,POR,Portland Trail Blazers,21500880,2016-02-28T00:00:00,POR @ IND,W,24.9,0.0,1.0,0.0,0.0,15.0,10.0,7.0,16.0,2.0,0.0,2.0,2.0,20.1,1,1,1,1,11748,12059,9709,9917,18861,23079,20509,15538,15259,932,1,11390,7786,11685,1.0,24:54,2015,2016
2015-16,202704,Reggie Jackson,Reggie,1610612765,DET,Detroit Pistons,21500879,2016-02-28T00:00:00,DET vs. TOR,W,28.5,2.0,2.0,0.0,10.0,5.0,7.0,3.0,22.0,0.0,0.0,3.0,4.0,30.2,1,1,1,1,8866,6026,4731,9917,1840,8403,15642,7328,10265,8004,1,17641,2748,5751,1.0,28:27,2015,2016
2015-16,204038,Langston Galloway,Langston,1610612752,NYK,New York Knicks,21500883,2016-02-28T00:00:00,NYK vs. MIA,L,35.2,0.0,4.0,2.0,2.0,10.0,11.0,8.0,44.0,0.0,0.0,3.0,1.0,31.0,1,13074,13074,13074,3396,12059,1596,4675,12984,17370,21814,17194,454,8004,1,17641,12373,5406,1.0,35:12,2015,2016
2015-16,203897,Zach LaVine,Zach,1610612750,MIN,Minnesota Timberwolves,21500882,2016-02-28T00:00:00,MIN @ DAL,L,41.4,5.0,0.0,7.0,4.0,17.0,8.0,25.0,52.0,0.0,0.0,4.0,2.0,30.6,1,13074,13074,13074,402,1603,10158,454,8599,24337,17345,25980,59,8004,1,22104,7786,5574,1.0,41:25,2015,2016
2015-16,202689,Kemba Walker,Kemba,1610612766,CHA,Charlotte Hornets,21500878,2016-02-28T00:00:00,CHA @ ATL,L,41.6,4.0,0.0,2.0,4.0,9.0,13.0,9.0,32.0,1.0,0.0,1.0,4.0,26.7,1,13074,13074,13074,369,2460,10158,4675,8599,15771,23668,18829,3535,2692,1,4972,2748,7525,1.0,41:36,2015,2016
2015-16,201143,Al Horford,Al,1610612737,ATL,Atlanta Hawks,21500878,2016-02-28T00:00:00,ATL vs. CHA,W,30.8,3.0,2.0,0.0,8.0,15.0,5.0,4.0,16.0,1.0,1.0,3.0,1.0,42.2,1,1,1,1,6860,4307,4731,9917,3109,23079,11469,8806,15259,2692,17214,17641,12373,1892,1.0,30:50,2015,2016
2015-16,201577,Robin Lopez,Robin,1610612752,NYK,New York Knicks,21500883,2016-02-28T00:00:00,NYK vs. MIA,L,36.1,2.0,6.0,0.0,8.0,12.0,7.0,13.0,42.0,3.0,0.0,2.0,3.0,41.8,1,13074,13074,13074,2667,6026,481,9917,3109,20178,15642,23048,670,347,1,11390,4736,1981,1.0,36:07,2015,2016
2015-16,203083,Andre Drummond,Andre,1610612765,DET,Detroit Pistons,21500879,2016-02-28T00:00:00,DET vs. TOR,W,30.2,2.0,3.0,2.0,12.0,7.0,7.0,3.0,28.0,0.0,1.0,1.0,5.0,42.6,1,1,1,1,7318,6026,3104,4675,988,12242,15642,7328,5824,8004,17214,4972,1539,1822,1.0,30:14,2015,2016
2015-16,203932,Aaron Gordon,Aaron,1610612753,ORL,Orlando Magic,21500881,2016-02-28T00:00:00,ORL vs. PHI,W,35.9,11.0,4.0,4.0,10.0,14.0,8.0,9.0,52.0,2.0,1.0,1.0,3.0,42.9,1,1,1,1,2833,55,1596,1913,1840,22292,17345,18829,59,932,17214,4972,4736,1754,1.0,35:54,2015,2016
2015-16,203484,Kentavious Caldwell-Pope,Kentavious,1610612765,DET,Detroit Pistons,21500879,2016-02-28T00:00:00,DET vs. TOR,W,35.7,7.0,3.0,0.0,4.0,5.0,9.0,3.0,28.0,0.0,0.0,2.0,2.0,26.7,1,1,1,1,2974,548,3104,9917,8599,8403,19144,7328,5824,8004,1,11390,7786,7525,1.0,35:42,2015,2016
2015-16,203469,Cody Zeller,Cody,1610612766,CHA,Charlotte Hornets,21500878,2016-02-28T00:00:00,CHA @ ATL,L,22.9,2.0,2.0,2.0,2.0,5.0,7.0,2.0,22.0,0.0,0.0,2.0,3.0,15.4,1,13074,13074,13074,13455,6026,4731,4675,12984,8403,15642,4025,10265,8004,1,11390,4736,15066,1.0,22:54,2015,2016
2015-16,201945,Gerald Henderson,Gerald,1610612757,POR,Portland Trail Blazers,21500880,2016-02-28T00:00:00,POR @ IND,W,22.9,5.0,2.0,2.0,2.0,9.0,13.0,5.0,22.0,0.0,0.0,2.0,1.0,31.3,1,1,1,1,13470,1603,4731,4675,12984,15771,23668,11593,10265,8004,1,11390,12373,5258,1.0,22:53,2015,2016
2015-16,101162,Marcin Gortat,Marcin,1610612764,WAS,Washington Wizards,21500877,2016-02-28T00:00:00,WAS vs. CLE,W,25.5,0.0,0.0,0.0,8.0,3.0,4.0,6.0,18.0,1.0,0.0,0.0,1.0,31.3,1,1,1,1,11302,12059,10158,9917,3109,5109,8458,13388,13577,2692,1,1,12373,5258,1.0,25:29,2015,2016
2015-16,203078,Bradley Beal,Bradley,1610612764,WAS,Washington Wizards,21500877,2016-02-28T00:00:00,WAS vs. CLE,W,25.8,5.0,3.0,0.0,4.0,5.0,2.0,5.0,18.0,0.0,1.0,3.0,3.0,27.1,1,1,1,1,11030,1603,3104,9917,8599,8403,3734,11593,13577,8004,17214,17641,4736,7339,1.0,25:47,2015,2016
2015-16,101141,Ersan Ilyasova,Ersan,1610612753,ORL,Orlando Magic,21500881,2016-02-28T00:00:00,ORL vs. PHI,W,12.1,0.0,0.0,0.0,4.0,7.0,0.0,5.0,6.0,0.0,0.0,3.0,0.0,15.1,1,1,1,1,21476,12059,10158,9917,8599,12242,1,11593,22724,8004,1,17641,18762,15328,1.0,12:06,2015,2016
2015-16,202355,Hassan Whiteside,Hassan,1610612748,MIA,Miami Heat,21500883,2016-02-28T00:00:00,MIA @ NYK,W,26.0,0.0,2.0,0.0,6.0,6.0,7.0,3.0,16.0,2.0,3.0,4.0,3.0,42.2,1,1,1,1,10810,12059,4731,9917,5299,10028,15642,7328,15259,932,25441,22104,4736,1892,1.0,26:03,2015,2016
2015-16,203940,Adreian Payne,Adreian,1610612750,MIN,Minnesota Timberwolves,21500882,2016-02-28T00:00:00,MIN @ DAL,L,20.8,0.0,0.0,0.0,2.0,5.0,6.0,4.0,22.0,0.0,0.0,0.0,3.0,15.6,1,13074,13074,13074,15206,12059,10158,9917,12984,8403,13237,8806,10265,8004,1,1,4736,14916,1.0,20:49,2015,2016
2015-16,203081,Damian Lillard,Damian,1610612757,POR,Portland Trail Blazers,21500880,2016-02-28T00:00:00,POR @ IND,W,35.1,2.0,3.0,0.0,6.0,19.0,13.0,10.0,24.0,1.0,2.0,2.0,6.0,43.0,1,1,1,1,3476,6026,3104,9917,5299,25074,23668,20169,8723,2692,23588,11390,873,1733,1.0,35:05,2015,2016
2015-16,203468,CJ McCollum,CJ,1610612757,POR,Portland Trail Blazers,21500880,2016-02-28T00:00:00,POR @ IND,W,35.7,5.0,0.0,3.0,8.0,14.0,14.0,9.0,18.0,1.0,3.0,3.0,3.0,27.1,1,1,1,1,2963,1603,10158,3302,3109,22292,24300,18829,13577,2692,25441,17641,4736,7339,1.0,35:43,2015,2016
2015-16,101145,Monta Ellis,Monta,1610612754,IND,Indiana Pacers,21500880,2016-02-28T00:00:00,IND vs. POR,L,34.3,5.0,3.0,7.0,6.0,14.0,7.0,7.0,28.0,1.0,1.0,3.0,4.0,41.5,1,13074,13074,13074,4080,1603,3104,454,5299,22292,15642,15538,5824,2692,17214,17641,2748,2038,1.0,34:20,2015,2016
2015-16,201162,Jared Dudley,Jared,1610612764,WAS,Washington Wizards,21500877,2016-02-28T00:00:00,WAS vs. CLE,W,21.9,0.0,0.0,0.0,0.0,2.0,6.0,8.0,20.0,0.0,0.0,2.0,0.0,15.8,1,1,1,1,14258,12059,10158,9917,18861,2619,13237,17194,11929,8004,1,11390,18762,14754,1.0,21:54,2015,2016
2015-16,1626143,Jahlil Okafor,Jahlil,1610612755,PHI,Philadelphia 76ers,21500881,2016-02-28T00:00:00,PHI @ ORL,L,28.0,1.0,4.0,0.0,20.0,17.0,8.0,8.0,32.0,0.0,0.0,3.0,3.0,31.1,1,13074,13074,13074,9203,11535,1596,9917,59,24337,17345,17194,3535,8004,1,17641,4736,5354,1.0,28:02,2015,2016
2015-16,101107,Marvin Williams,Marvin,1610612766,CHA,Charlotte Hornets,21500878,2016-02-28T00:00:00,CHA @ ATL,L,31.6,3.0,0.0,0.0,2.0,7.0,9.0,8.0,28.0,0.0,3.0,0.0,0.0,27.3,1,13074,13074,13074,6271,4307,10158,9917,12984,12242,19144,17194,5824,8004,25441,1,18762,7236,1.0,31:33,2015,2016
2015-16,202685,Jonas Valančiūnas,Jonas,1610612761,TOR,Toronto Raptors,21500879,2016-02-28T00:00:00,TOR @ DET,L,20.5,2.0,2.0,0.0,8.0,10.0,10.0,2.0,26.0,0.0,0.0,4.0,2.0,20.0,1,13074,13074,13074,15477,6026,4731,9917,3109,17370,20509,4025,7214,8004,1,22104,7786,11752,1.0,20:30,2015,2016
2015-16,1626196,Josh Richardson,Josh,1610612748,MIA,Miami Heat,21500883,2016-02-28T00:00:00,MIA @ NYK,W,30.3,4.0,0.0,2.0,4.0,8.0,6.0,3.0,20.0,0.0,0.0,1.0,1.0,20.6,1,1,1,1,7305,2460,10158,4675,8599,13914,13237,7328,11929,8004,1,4972,12373,11314,1.0,30:15,2015,2016
2015-16,203118,Mike Scott,Mike,1610612737,ATL,Atlanta Hawks,21500878,2016-02-28T00:00:00,ATL vs. CHA,W,24.8,0.0,1.0,2.0,4.0,3.0,4.0,0.0,10.0,1.0,0.0,1.0,2.0,15.1,1,1,1,1,11811,12059,9709,4675,8599,5109,8458,1,20209,2692,1,4972,7786,15328,1.0,24:49,2015,2016
2015-16,1626159,Justise Winslow,Justise,1610612748,MIA,Miami Heat,21500883,2016-02-28T00:00:00,MIA @ NYK,W,35.7,0.0,0.0,0.0,0.0,8.0,14.0,5.0,26.0,0.0,2.0,2.0,0.0,20.6,1,1,1,1,2988,12059,10158,9917,18861,13914,24300,11593,7214,8004,23588,11390,18762,11314,1.0,35:41,2015,2016
2015-16,201952,Jeff Teague,Jeff,1610612737,ATL,Atlanta Hawks,21500878,2016-02-28T00:00:00,ATL vs. CHA,W,33.0,2.0,0.0,2.0,4.0,18.0,2.0,6.0,14.0,0.0,0.0,2.0,4.0,26.3,1,1,1,1,5146,6026,10158,4675,8599,24749,3734,13388,17019,8004,1,11390,2748,7733,1.0,32:59,2015,2016
2015-16,202334,Ed Davis,Ed,1610612757,POR,Portland Trail Blazers,21500880,2016-02-28T00:00:00,POR @ IND,W,26.8,0.0,0.0,0.0,4.0,3.0,13.0,5.0,18.0,3.0,0.0,2.0,0.0,31.3,1,1,1,1,10237,12059,10158,9917,8599,5109,23668,11593,13577,347,1,11390,18762,5258,1.0,26:45,2015,2016
2015-16,201943,Brandon Jennings,Brandon,1610612753,ORL,Orlando Magic,21500881,2016-02-28T00:00:00,ORL vs. PHI,W,16.4,0.0,0.0,0.0,0.0,9.0,2.0,7.0,16.0,2.0,0.0,2.0,1.0,20.1,1,1,1,1,18720,12059,10158,9917,18861,15771,3734,15538,15259,932,1,11390,12373,11685,1.0,16:25,2015,2016
2015-16,203457,Nerlens Noel,Nerlens,1610612755,PHI,Philadelphia 76ers,21500881,2016-02-28T00:00:00,PHI @ ORL,L,17.1,2.0,4.0,0.0,6.0,14.0,6.0,12.0,26.0,1.0,1.0,1.0,1.0,15.6,1,13074,13074,13074,18176,6026,1596,9917,5299,22292,13237,22259,7214,2692,17214,4972,12373,14916,1.0,17:08,2015,2016
2015-16,2734,Devin Harris,Devin,1610612742,DAL,Dallas Mavericks,21500882,2016-02-28T00:00:00,DAL vs. MIN,W,17.5,3.0,2.0,0.0,2.0,3.0,8.0,9.0,20.0,0.0,0.0,2.0,2.0,12.5,1,1,1,1,17916,4307,4731,9917,12984,5109,17345,18829,11929,8004,1,11390,7786,17372,1.0,17:28,2015,2016
2015-16,101133,Ian Mahinmi,Ian,1610612754,IND,Indiana Pacers,21500880,2016-02-28T00:00:00,IND vs. POR,L,18.7,0.0,0.0,0.0,6.0,5.0,1.0,0.0,14.0,0.0,1.0,4.0,2.0,16.6,1,13074,13074,13074,16969,12059,10158,9917,5299,8403,3393,1,17019,8004,17214,22104,7786,14125,1.0,18:40,2015,2016
2015-16,203501,Tim Hardaway Jr.,Tim,1610612737,ATL,Atlanta Hawks,21500878,2016-02-28T00:00:00,ATL vs. CHA,W,25.2,0.0,0.0,4.0,4.0,1.0,4.0,0.0,8.0,1.0,1.0,4.0,0.0,20.9,1,1,1,1,11542,12059,10158,1913,8599,2356,8458,1,21543,2692,17214,22104,18762,11132,1.0,25:11,2015,2016
2015-16,202709,Cory Joseph,Cory,1610612761,TOR,Toronto Raptors,21500879,2016-02-28T00:00:00,TOR @ DET,L,19.9,0.0,0.0,0.0,6.0,2.0,5.0,2.0,26.0,0.0,0.0,4.0,2.0,13.2,1,13074,13074,13074,16030,12059,10158,9917,5299,2619,11469,4025,7214,8004,1,22104,7786,16768,1.0,19:51,2015,2016
2015-16,203461,Anthony Bennett,Anthony,1610612761,TOR,Toronto Raptors,21500879,2016-02-28T00:00:00,TOR @ DET,L,2.2,0.0,0.0,0.0,0.0,0.0,0.0,0.0,0.0,0.0,0.0,0.0,0.0,3.0,1,13074,13074,13074,25449,12059,10158,9917,18861,1,1,1,25429,8004,1,1,18762,23648,1.0,2:12,2015,2016
2015-16,101109,Raymond Felton,Raymond,1610612742,DAL,Dallas Mavericks,21500882,2016-02-28T00:00:00,DAL vs. MIN,W,26.7,2.0,0.0,4.0,4.0,5.0,12.0,16.0,26.0,0.0,0.0,0.0,1.0,18.1,1,1,1,1,10253,6026,10158,1913,8599,8403,22832,24641,7214,8004,1,1,12373,13090,1.0,26:44,2015,2016
2015-16,1717,Dirk Nowitzki,Dirk,1610612742,DAL,Dallas Mavericks,21500882,2016-02-28T00:00:00,DAL vs. MIN,W,17.2,3.0,0.0,0.0,2.0,1.0,8.0,5.0,14.0,2.0,0.0,4.0,1.0,21.3,1,1,1,1,18118,4307,10158,9917,12984,2356,17345,11593,17019,932,1,22104,12373,10880,1.0,17:13,2015,2016
2015-16,2449,Luis Scola,Luis,1610612761,TOR,Toronto Raptors,21500879,2016-02-28T00:00:00,TOR @ DET,L,20.2,0.0,0.0,0.0,0.0,4.0,7.0,0.0,22.0,0.0,0.0,2.0,2.0,2.2,1,13074,13074,13074,15764,12059,10158,9917,18861,6141,15642,1,10265,8004,1,11390,7786,24138,1.0,20:10,2015,2016
2015-16,2207,Joe Johnson,Joe,1610612748,MIA,Miami Heat,21500883,2016-02-28T00:00:00,MIA @ NYK,W,30.1,0.0,5.0,0.0,6.0,4.0,10.0,2.0,16.0,0.0,1.0,4.0,0.0,18.1,1,1,1,1,7414,12059,995,9917,5299,6141,20509,4025,15259,8004,17214,22104,18762,13090,1.0,30:08,2015,2016
2015-16,201584,Courtney Lee,Courtney,1610612766,CHA,Charlotte Hornets,21500878,2016-02-28T00:00:00,CHA @ ATL,L,22.2,4.0,0.0,2.0,2.0,4.0,4.0,9.0,22.0,0.0,0.0,1.0,1.0,18.6,1,13074,13074,13074,14020,2460,10158,4675,12984,6141,8458,18829,10265,8004,1,4972,12373,12715,1.0,22:11,2015,2016
2015-16,201587,Nicolas Batum,Nicolas,1610612766,CHA,Charlotte Hornets,21500878,2016-02-28T00:00:00,CHA @ ATL,L,38.8,0.0,0.0,0.0,0.0,7.0,9.0,10.0,40.0,1.0,0.0,0.0,1.0,16.3,1,13074,13074,13074,1142,12059,10158,9917,18861,12242,19144,20169,983,2692,1,1,12373,14372,1.0,38:48,2015,2016
2015-16,203952,Andrew Wiggins,Andrew,1610612750,MIN,Minnesota Timberwolves,21500882,2016-02-28T00:00:00,MIN @ DAL,L,30.4,0.0,2.0,2.0,4.0,18.0,6.0,23.0,36.0,0.0,1.0,2.0,4.0,18.3,1,13074,13074,13074,7196,12059,4731,4675,8599,24749,13237,25880,1943,8004,17214,11390,2748,12952,1.0,30:23,2015,2016
2015-16,2581,Steve Blake,Steve,1610612765,DET,Detroit Pistons,21500879,2016-02-28T00:00:00,DET vs. TOR,W,19.6,0.0,0.0,0.0,0.0,7.0,5.0,5.0,16.0,0.0,0.0,2.0,4.0,12.5,1,1,1,1,16278,12059,10158,9917,18861,12242,11469,11593,15259,8004,1,11390,2748,17372,1.0,19:33,2015,2016
2015-16,203939,Dwight Powell,Dwight,1610612742,DAL,Dallas Mavericks,21500882,2016-02-28T00:00:00,DAL vs. MIN,W,8.6,0.0,0.0,0.0,2.0,4.0,3.0,7.0,4.0,0.0,0.0,0.0,0.0,7.7,1,1,1,1,22993,12059,10158,9917,12984,6141,7138,15538,23698,8004,1,1,18762,20733,1.0,8:37,2015,2016
2015-16,1626163,Frank Kaminsky,Frank,1610612766,CHA,Charlotte Hornets,21500878,2016-02-28T00:00:00,CHA @ ATL,L,18.3,2.0,0.0,0.0,2.0,2.0,4.0,3.0,14.0,0.0,0.0,2.0,0.0,12.6,1,13074,13074,13074,17234,6026,10158,9917,12984,2619,8458,7328,17019,8004,1,11390,18762,17277,1.0,18:20,2015,2016
2015-16,202682,Derrick Williams,Derrick,1610612752,NYK,New York Knicks,21500883,2016-02-28T00:00:00,NYK vs. MIA,L,11.9,2.0,0.0,3.0,4.0,2.0,4.0,0.0,12.0,1.0,0.0,0.0,1.0,8.2,1,13074,13074,13074,21642,6026,10158,3302,8599,2619,8458,1,18637,2692,1,1,12373,20416,1.0,11:53,2015,2016
2015-16,203459,Allen Crabbe,Allen,1610612757,POR,Portland Trail Blazers,21500880,2016-02-28T00:00:00,POR @ IND,W,26.6,0.0,0.0,0.0,0.0,11.0,13.0,5.0,24.0,0.0,0.0,1.0,0.0,12.8,1,1,1,1,10412,12059,10158,9917,18861,18886,23668,11593,8723,8004,1,4972,18762,17129,1.0,26:33,2015,2016
2015-16,2756,Sasha Vujacic,Sasha,1610612752,NYK,New York Knicks,21500883,2016-02-28T00:00:00,NYK vs. MIA,L,9.8,0.0,0.0,0.0,0.0,4.0,0.0,3.0,6.0,0.0,0.0,3.0,1.0,3.0,1,13074,13074,13074,22512,12059,10158,9917,18861,6141,1,7328,22724,8004,1,17641,12373,23648,1.0,9:50,2015,2016
2015-16,201160,Jason Smith,Jason,1610612753,ORL,Orlando Magic,21500881,2016-02-28T00:00:00,ORL vs. PHI,W,20.5,2.0,0.0,0.0,2.0,8.0,0.0,4.0,26.0,1.0,2.0,2.0,3.0,21.0,1,1,1,1,15525,6026,10158,9917,12984,13914,1,8806,7214,2692,23588,11390,4736,11077,1.0,20:27,2015,2016
2015-16,2405,Amar'e Stoudemire,Amar'e,1610612748,MIA,Miami Heat,21500883,2016-02-28T00:00:00,MIA @ NYK,W,22.0,0.0,2.0,0.0,6.0,2.0,12.0,4.0,14.0,1.0,1.0,5.0,2.0,21.4,1,1,1,1,14220,12059,4731,9917,5299,2619,22832,8806,17019,2692,17214,24686,7786,10807,1.0,21:57,2015,2016
2015-16,203493,Reggie Bullock Jr.,Reggie,1610612765,DET,Detroit Pistons,21500879,2016-02-28T00:00:00,DET vs. TOR,W,26.5,0.0,0.0,3.0,0.0,7.0,7.0,8.0,18.0,0.0,0.0,2.0,2.0,13.4,1,1,1,1,10488,12059,10158,3302,18861,12242,15642,17194,13577,8004,1,11390,7786,16614,1.0,26:27,2015,2016
2015-16,201609,Goran Dragic,Goran,1610612748,MIA,Miami Heat,21500883,2016-02-28T00:00:00,MIA @ NYK,W,33.5,4.0,0.0,4.0,6.0,2.0,17.0,7.0,22.0,1.0,0.0,0.0,6.0,28.6,1,1,1,1,4772,2460,10158,1913,5299,2619,25429,15538,10265,2692,1,1,873,6560,1.0,33:28,2015,2016
2015-16,203382,Aron Baynes,Aron,1610612765,DET,Detroit Pistons,21500879,2016-02-28T00:00:00,DET vs. TOR,W,13.6,0.0,3.0,0.0,6.0,0.0,5.0,0.0,4.0,1.0,0.0,2.0,4.0,17.3,1,1,1,1,20633,12059,3104,9917,5299,1,11469,1,23698,2692,1,11390,2748,13671,1.0,13:37,2015,2016
2015-16,2546,Carmelo Anthony,Carmelo,1610612752,NYK,New York Knicks,21500883,2016-02-28T00:00:00,NYK vs. MIA,L,41.5,2.0,3.0,0.0,10.0,12.0,11.0,13.0,48.0,1.0,3.0,4.0,8.0,39.4,1,13074,13074,13074,392,6026,3104,9917,1840,20178,21814,23048,192,2692,25441,22104,254,2530,1.0,41:28,2015,2016
2015-16,202397,Ish Smith,Ish,1610612755,PHI,Philadelphia 76ers,21500881,2016-02-28T00:00:00,PHI @ ORL,L,36.1,4.0,0.0,0.0,8.0,22.0,10.0,14.0,40.0,0.0,3.0,2.0,3.0,28.5,1,13074,13074,13074,2697,2460,10158,9917,3109,25683,20509,23710,983,8004,25441,11390,4736,6613,1.0,36:04,2015,2016
2015-16,203087,Jeremy Lamb,Jeremy,1610612766,CHA,Charlotte Hornets,21500878,2016-02-28T00:00:00,CHA @ ATL,L,20.1,5.0,0.0,0.0,4.0,2.0,6.0,2.0,12.0,1.0,0.0,1.0,3.0,22.2,1,13074,13074,13074,15834,1603,10158,9917,8599,2619,13237,4025,18637,2692,1,4972,4736,10263,1.0,20:06,2015,2016
2015-16,201941,Jordan Hill,Jordan,1610612754,IND,Indiana Pacers,21500880,2016-02-28T00:00:00,IND vs. POR,L,23.7,0.0,5.0,0.0,6.0,13.0,8.0,7.0,16.0,2.0,0.0,1.0,4.0,27.5,1,13074,13074,13074,12817,12059,995,9917,5299,21300,17345,15538,15259,932,1,4972,2748,7137,1.0,23:43,2015,2016
2015-16,201196,Ramon Sessions,Ramon,1610612764,WAS,Washington Wizards,21500877,2016-02-28T00:00:00,WAS vs. CLE,W,18.8,1.0,0.0,1.0,2.0,4.0,0.0,6.0,12.0,0.0,0.0,2.0,6.0,13.7,1,1,1,1,16840,11535,10158,9347,12984,6141,1,13388,18637,8004,1,11390,873,16393,1.0,18:50,2015,2016
2015-16,2210,Richard Jefferson,Richard,1610612739,CLE,Cleveland Cavaliers,21500877,2016-02-28T00:00:00,CLE @ WAS,L,33.2,0.0,0.0,2.0,0.0,10.0,5.0,6.0,28.0,0.0,0.0,2.0,4.0,17.5,1,13074,13074,13074,5003,12059,10158,4675,18861,17370,11469,13388,5824,8004,1,11390,2748,13528,1.0,33:09,2015,2016
2015-16,201567,Kevin Love,Kevin,1610612739,CLE,Cleveland Cavaliers,21500877,2016-02-28T00:00:00,CLE @ WAS,L,23.6,0.0,2.0,0.0,8.0,4.0,5.0,10.0,24.0,0.0,1.0,0.0,4.0,17.5,1,13074,13074,13074,12935,12059,4731,9917,3109,6141,11469,20169,8723,8004,17214,1,2748,13528,1.0,23:33,2015,2016
2015-16,1626209,Mario Hezonja,Mario,1610612753,ORL,Orlando Magic,21500881,2016-02-28T00:00:00,ORL vs. PHI,W,27.2,0.0,0.0,0.0,4.0,9.0,4.0,5.0,32.0,0.0,0.0,5.0,1.0,21.9,1,1,1,1,9851,12059,10158,9917,8599,15771,8458,11593,3535,8004,1,24686,12373,10460,1.0,27:12,2015,2016
2015-16,203521,Matthew Dellavedova,Matthew,1610612739,CLE,Cleveland Cavaliers,21500877,2016-02-28T00:00:00,CLE @ WAS,L,20.9,3.0,0.0,0.0,2.0,10.0,3.0,5.0,18.0,0.0,0.0,3.0,3.0,17.0,1,13074,13074,13074,15158,4307,10158,9917,12984,17370,7138,11593,13577,8004,1,17641,4736,13855,1.0,20:53,2015,2016
2015-16,1626181,Norman Powell,Norman,1610612761,TOR,Toronto Raptors,21500879,2016-02-28T00:00:00,TOR @ DET,L,5.9,2.0,0.0,4.0,6.0,0.0,0.0,0.0,0.0,0.0,0.0,0.0,1.0,14.1,1,13074,13074,13074,24017,6026,10158,1913,5299,1,1,1,25429,8004,1,1,12373,16094,1.0,5:52,2015,2016
2015-16,200826,J.J. Barea,J.J.,1610612742,DAL,Dallas Mavericks,21500882,2016-02-28T00:00:00,DAL vs. MIN,W,23.8,0.0,0.0,2.0,10.0,9.0,11.0,18.0,24.0,0.0,0.0,1.0,1.0,21.9,1,1,1,1,12769,12059,10158,4675,1840,15771,21814,25228,8723,8004,1,4972,12373,10460,1.0,23:46,2015,2016
2015-16,101114,Deron Williams,Deron,1610612742,DAL,Dallas Mavericks,21500882,2016-02-28T00:00:00,DAL vs. MIN,W,24.6,0.0,2.0,4.0,4.0,0.0,16.0,9.0,26.0,0.0,0.0,4.0,1.0,28.3,1,1,1,1,11990,12059,4731,1913,8599,1,25155,18829,7214,8004,1,22104,12373,6720,1.0,24:38,2015,2016
2015-16,202331,Paul George,Paul,1610612754,IND,Indiana Pacers,21500880,2016-02-28T00:00:00,IND vs. POR,L,29.7,4.0,4.0,0.0,0.0,12.0,6.0,0.0,22.0,0.0,2.0,3.0,1.0,21.8,1,13074,13074,13074,7820,2460,1596,9917,18861,20178,13237,1,10265,8004,23588,17641,12373,10526,1.0,29:41,2015,2016
2015-16,2744,Al Jefferson,Al,1610612766,CHA,Charlotte Hornets,21500878,2016-02-28T00:00:00,CHA @ ATL,L,23.2,0.0,0.0,0.0,2.0,4.0,6.0,9.0,16.0,0.0,2.0,1.0,1.0,17.4,1,13074,13074,13074,13180,12059,10158,9917,12984,6141,13237,18829,15259,8004,23588,4972,12373,13595,1.0,23:13,2015,2016
2015-16,1626158,Richaun Holmes,Richaun,1610612755,PHI,Philadelphia 76ers,21500881,2016-02-28T00:00:00,PHI @ ORL,L,16.1,2.0,0.0,2.0,6.0,15.0,0.0,6.0,16.0,1.0,0.0,2.0,3.0,21.8,1,13074,13074,13074,18942,6026,10158,4675,5299,23079,1,13388,15259,2692,1,11390,4736,10526,1.0,16:08,2015,2016
2015-16,201949,James Johnson,James,1610612761,TOR,Toronto Raptors,21500879,2016-02-28T00:00:00,TOR @ DET,L,17.3,0.0,0.0,0.0,2.0,4.0,0.0,0.0,18.0,0.0,0.0,1.0,1.0,13.6,1,13074,13074,13074,18061,12059,10158,9917,12984,6141,1,1,13577,8004,1,4972,12373,16460,1.0,17:17,2015,2016
2015-16,203901,Elfrid Payton,Elfrid,1610612753,ORL,Orlando Magic,21500881,2016-02-28T00:00:00,ORL vs. PHI,W,32.7,2.0,2.0,0.0,8.0,17.0,6.0,12.0,42.0,1.0,1.0,3.0,2.0,31.8,1,1,1,1,5370,6026,4731,9917,3109,24337,13237,22259,670,2692,17214,17641,7786,5041,1.0,32:40,2015,2016
2015-16,101135,David Lee,David,1610612742,DAL,Dallas Mavericks,21500882,2016-02-28T00:00:00,DAL vs. MIN,W,22.1,2.0,4.0,2.0,12.0,7.0,10.0,11.0,18.0,1.0,1.0,3.0,1.0,32.3,1,1,1,1,14118,6026,1596,4675,988,12242,20509,21342,13577,2692,17214,17641,12373,4807,1.0,22:04,2015,2016
2015-16,203496,Robert Covington,Robert,1610612755,PHI,Philadelphia 76ers,21500881,2016-02-28T00:00:00,PHI @ ORL,L,30.2,6.0,0.0,5.0,4.0,18.0,8.0,6.0,34.0,0.0,0.0,4.0,5.0,22.5,1,13074,13074,13074,7381,878,10158,1277,8599,24749,17345,13388,2701,8004,1,22104,1539,10082,1.0,30:10,2015,2016
2015-16,1626153,Delon Wright,Delon,1610612761,TOR,Toronto Raptors,21500879,2016-02-28T00:00:00,TOR @ DET,L,30.8,3.0,0.0,1.0,2.0,11.0,11.0,5.0,20.0,0.0,1.0,2.0,4.0,27.6,1,13074,13074,13074,6915,4307,10158,9347,12984,18886,21814,11593,11929,8004,17214,11390,2748,7080,1.0,30:46,2015,2016
2015-16,204001,Kristaps Porziņģis,Kristaps,1610612752,NYK,New York Knicks,21500883,2016-02-28T00:00:00,NYK vs. MIA,L,22.0,0.0,0.0,0.0,2.0,8.0,7.0,2.0,24.0,4.0,0.0,4.0,2.0,32.1,1,13074,13074,13074,14178,12059,10158,9917,12984,13914,15642,4025,8723,132,1,22104,7786,4889,1.0,21:59,2015,2016
2015-16,201942,DeMar DeRozan,DeMar,1610612761,TOR,Toronto Raptors,21500879,2016-02-28T00:00:00,TOR @ DET,L,35.2,2.0,2.0,3.0,8.0,13.0,10.0,7.0,38.0,1.0,0.0,2.0,5.0,38.3,1,13074,13074,13074,3388,6026,4731,3302,3109,21300,20509,15538,1422,2692,1,11390,1539,2826,1.0,35:12,2015,2016
2015-16,203488,Mike Muscala,Mike,1610612737,ATL,Atlanta Hawks,21500878,2016-02-28T00:00:00,ATL vs. CHA,W,13.3,0.0,4.0,0.0,2.0,5.0,0.0,2.0,4.0,1.0,0.0,1.0,1.0,17.0,1,1,1,1,20800,12059,1596,9917,12984,8403,1,4025,23698,2692,1,4972,12373,13855,1.0,13:19,2015,2016
2015-16,201588,George Hill,George,1610612754,IND,Indiana Pacers,21500880,2016-02-28T00:00:00,IND vs. POR,L,28.6,5.0,0.0,3.0,0.0,10.0,6.0,0.0,20.0,0.0,0.0,1.0,3.0,27.7,1,13074,13074,13074,8748,1603,10158,3302,18861,17370,13237,1,11929,8004,1,4972,4736,7008,1.0,28:35,2015,2016
2015-16,202324,Derrick Favors,Derrick,1610612762,UTA,Utah Jazz,21500876,2016-02-27T00:00:00,UTA vs. BKN,L,32.7,0.0,0.0,0.0,10.0,10.0,8.0,16.0,36.0,2.0,0.0,3.0,3.0,32.2,1,13074,13074,13074,5368,12059,10158,9917,1840,17370,17345,24641,1943,932,1,17641,4736,4846,1.0,32:40,2015,2016
2015-16,2736,Luol Deng,Luol,1610612748,MIA,Miami Heat,21500869,2016-02-27T00:00:00,MIA @ BOS,L,33.8,2.0,4.0,4.0,8.0,13.0,20.0,8.0,44.0,0.0,1.0,2.0,5.0,28.4,1,13074,13074,13074,4521,6026,1596,1913,3109,21300,25875,17194,454,8004,17214,11390,1539,6663,1.0,33:47,2015,2016
2015-16,202683,Enes Freedom,Enes,1610612760,OKC,Oklahoma City Thunder,21500874,2016-02-27T00:00:00,OKC vs. GSW,L,17.8,2.0,2.0,4.0,8.0,9.0,3.0,8.0,16.0,0.0,0.0,1.0,3.0,14.0,1,13074,13074,13074,17652,6026,4731,1913,3109,15771,7138,17194,15259,8004,1,4972,4736,16166,1.0,17:49,2015,2016
2015-16,202694,Marcus Morris Sr.,Marcus,1610612765,DET,Detroit Pistons,21500873,2016-02-27T00:00:00,DET @ MIL,W,40.7,4.0,3.0,3.0,2.0,4.0,2.0,10.0,42.0,0.0,0.0,1.0,2.0,28.6,1,1,1,1,568,2460,3104,3302,12984,6141,3734,20169,670,8004,1,4972,7786,6560,1.0,40:39,2015,2016
2015-16,203468,CJ McCollum,CJ,1610612757,POR,Portland Trail Blazers,21500871,2016-02-27T00:00:00,POR @ CHI,W,28.5,0.0,2.0,2.0,0.0,5.0,4.0,0.0,28.0,0.0,1.0,2.0,3.0,17.1,1,1,1,1,8866,12059,4731,4675,18861,8403,8458,1,5824,8004,17214,11390,4736,13791,1.0,28:27,2015,2016
2015-16,201973,Jonas Jerebko,Jonas,1610612738,BOS,Boston Celtics,21500869,2016-02-27T00:00:00,BOS vs. MIA,W,20.3,3.0,0.0,0.0,2.0,4.0,10.0,1.0,16.0,0.0,2.0,2.0,0.0,13.8,1,1,1,1,15650,4307,10158,9917,12984,6141,20509,3646,15259,8004,23588,11390,18762,16311,1.0,20:17,2015,2016
2015-16,202323,Evan Turner,Evan,1610612738,BOS,Boston Celtics,21500869,2016-02-27T00:00:00,BOS vs. MIA,W,28.2,4.0,0.0,2.0,8.0,6.0,10.0,3.0,28.0,0.0,2.0,0.0,1.0,37.7,1,1,1,1,9086,2460,10158,4675,3109,10028,20509,7328,5824,8004,23588,1,12373,2990,1.0,28:11,2015,2016
2015-16,1891,Jason Terry,Jason,1610612745,HOU,Houston Rockets,21500872,2016-02-27T00:00:00,HOU vs. SAS,L,28.6,2.0,0.0,0.0,4.0,8.0,8.0,7.0,24.0,0.0,0.0,2.0,1.0,17.7,1,13074,13074,13074,8699,6026,10158,9917,8599,13914,17345,15538,8723,8004,1,11390,12373,13380,1.0,28:38,2015,2016
2015-16,203935,Marcus Smart,Marcus,1610612738,BOS,Boston Celtics,21500869,2016-02-27T00:00:00,BOS vs. MIA,W,27.9,5.0,6.0,2.0,8.0,4.0,8.0,3.0,22.0,0.0,3.0,4.0,6.0,28.7,1,1,1,1,9341,1603,481,4675,3109,6141,17345,7328,10265,8004,25441,22104,873,6514,1.0,27:51,2015,2016
2015-16,2365,Chris Andersen,Chris,1610612763,MEM,Memphis Grizzlies,21500875,2016-02-27T00:00:00,MEM @ PHX,L,19.6,0.0,2.0,0.0,2.0,5.0,12.0,6.0,18.0,0.0,0.0,3.0,3.0,13.6,1,13074,13074,13074,16228,12059,4731,9917,12984,8403,22832,13388,13577,8004,1,17641,4736,16460,1.0,19:36,2015,2016
2015-16,201935,James Harden,James,1610612745,HOU,Houston Rockets,21500872,2016-02-27T00:00:00,HOU vs. SAS,L,41.4,0.0,2.0,11.0,12.0,12.0,10.0,10.0,32.0,0.0,3.0,2.0,4.0,32.8,1,13074,13074,13074,414,12059,4731,69,988,20178,20509,20169,3535,8004,25441,11390,2748,4609,1.0,41:22,2015,2016
2015-16,2548,Dwyane Wade,Dwyane,1610612748,MIA,Miami Heat,21500869,2016-02-27T00:00:00,MIA @ BOS,L,33.5,0.0,0.0,1.0,4.0,15.0,12.0,12.0,44.0,0.0,0.0,0.0,4.0,28.5,1,13074,13074,13074,4772,12059,10158,9347,8599,23079,22832,22259,454,8004,1,1,2748,6613,1.0,33:28,2015,2016
2015-16,201596,Mario Chalmers,Mario,1610612763,MEM,Memphis Grizzlies,21500875,2016-02-27T00:00:00,MEM @ PHX,L,20.5,2.0,0.0,4.0,2.0,5.0,14.0,7.0,14.0,1.0,0.0,1.0,6.0,27.7,1,13074,13074,13074,15474,6026,10158,1913,12984,8403,24300,15538,17019,2692,1,4972,873,7008,1.0,20:30,2015,2016
2015-16,1626145,Tyus Jones,Tyus,1610612750,MIN,Minnesota Timberwolves,21500870,2016-02-27T00:00:00,MIN @ NOP,W,12.5,3.0,0.0,0.0,0.0,3.0,1.0,6.0,10.0,0.0,1.0,0.0,1.0,14.1,1,1,1,1,21279,4307,10158,9917,18861,5109,3393,13388,20209,8004,17214,1,12373,16094,1.0,12:30,2015,2016
2015-16,202344,Trevor Booker,Trevor,1610612762,UTA,Utah Jazz,21500876,2016-02-27T00:00:00,UTA vs. BKN,L,22.9,2.0,2.0,2.0,4.0,8.0,4.0,9.0,26.0,0.0,0.0,0.0,0.0,14.0,1,13074,13074,13074,13453,6026,4731,4675,8599,13914,8458,18829,7214,8004,1,1,18762,16166,1.0,22:55,2015,2016
2015-16,203081,Damian Lillard,Damian,1610612757,POR,Portland Trail Blazers,21500871,2016-02-27T00:00:00,POR @ CHI,W,34.6,0.0,0.0,3.0,20.0,10.0,5.0,2.0,32.0,0.0,1.0,1.0,6.0,37.8,1,1,1,1,3890,12059,10158,3302,59,17370,11469,4025,3535,8004,17214,4972,873,2956,1.0,34:34,2015,2016
2015-16,203086,Meyers Leonard,Meyers,1610612757,POR,Portland Trail Blazers,21500871,2016-02-27T00:00:00,POR @ CHI,W,21.4,0.0,0.0,0.0,0.0,3.0,5.0,0.0,8.0,0.0,0.0,3.0,0.0,17.6,1,1,1,1,14732,12059,10158,9917,18861,5109,11469,1,21543,8004,1,17641,18762,13443,1.0,21:22,2015,2016
2015-16,201144,Mike Conley,Mike,1610612763,MEM,Memphis Grizzlies,21500875,2016-02-27T00:00:00,MEM @ PHX,L,30.3,3.0,3.0,3.0,6.0,6.0,17.0,7.0,32.0,0.0,1.0,3.0,5.0,33.2,1,13074,13074,13074,7247,4307,3104,3302,5299,10028,25429,15538,3535,8004,17214,17641,1539,4462,1.0,30:19,2015,2016
2015-16,202699,Tobias Harris,Tobias,1610612765,DET,Detroit Pistons,21500873,2016-02-27T00:00:00,DET @ MIL,W,35.3,5.0,0.0,3.0,4.0,0.0,2.0,4.0,38.0,0.0,2.0,1.0,3.0,27.8,1,1,1,1,3285,1603,10158,3302,8599,1,3734,8806,1422,8004,23588,4972,4736,6950,1.0,35:20,2015,2016
2015-16,202388,Donald Sloan,Donald,1610612751,BKN,Brooklyn Nets,21500876,2016-02-27T00:00:00,BKN @ UTA,W,26.8,2.0,0.0,3.0,4.0,13.0,8.0,5.0,34.0,0.0,1.0,2.0,6.0,23.4,1,1,1,1,10153,6026,10158,3302,8599,21300,17345,11593,2701,8004,17214,11390,873,9501,1.0,26:50,2015,2016
2015-16,203952,Andrew Wiggins,Andrew,1610612750,MIN,Minnesota Timberwolves,21500870,2016-02-27T00:00:00,MIN @ NOP,W,36.7,2.0,0.0,0.0,8.0,12.0,3.0,23.0,36.0,1.0,1.0,2.0,5.0,34.8,1,1,1,1,2309,6026,10158,9917,3109,20178,7138,25880,1943,2692,17214,11390,1539,3891,1.0,36:39,2015,2016
2015-16,202087,Alonzo Gee,Alonzo,1610612740,NOP,New Orleans Pelicans,21500870,2016-02-27T00:00:00,NOP vs. MIN,L,18.7,0.0,0.0,0.0,2.0,6.0,6.0,9.0,24.0,0.0,1.0,2.0,0.0,10.4,1,13074,13074,13074,16916,12059,10158,9917,12984,10028,13237,18829,8723,8004,17214,11390,18762,18859,1.0,18:45,2015,2016
2015-16,203476,Gorgui Dieng,Gorgui,1610612750,MIN,Minnesota Timberwolves,21500870,2016-02-27T00:00:00,MIN @ NOP,W,38.0,2.0,2.0,0.0,8.0,8.0,3.0,23.0,36.0,2.0,1.0,3.0,2.0,33.6,1,1,1,1,1502,6026,4731,9917,3109,13914,7138,25880,1943,932,17214,17641,7786,4305,1.0,38:00,2015,2016
2015-16,201962,Toney Douglas,Toney,1610612740,NOP,New Orleans Pelicans,21500870,2016-02-27T00:00:00,NOP vs. MIN,L,10.4,2.0,0.0,2.0,4.0,6.0,3.0,4.0,8.0,0.0,0.0,2.0,0.0,9.9,1,13074,13074,13074,22259,6026,10158,4675,8599,10028,7138,8806,21543,8004,1,11390,18762,19247,1.0,10:26,2015,2016
2015-16,201609,Goran Dragic,Goran,1610612748,MIA,Miami Heat,21500869,2016-02-27T00:00:00,MIA @ BOS,L,33.9,8.0,2.0,0.0,10.0,13.0,20.0,8.0,44.0,0.0,0.0,4.0,3.0,33.5,1,13074,13074,13074,4429,308,4731,9917,1840,21300,25875,17194,454,8004,1,22104,4736,4348,1.0,33:54,2015,2016
2015-16,1626199,Darrun Hilliard,Darrun,1610612765,DET,Detroit Pistons,21500873,2016-02-27T00:00:00,DET @ MIL,W,12.6,6.0,3.0,0.0,0.0,4.0,0.0,6.0,8.0,0.0,0.0,1.0,1.0,9.7,1,1,1,1,21244,878,3104,9917,18861,6141,1,13388,21543,8004,1,4972,12373,19379,1.0,12:33,2015,2016
2015-16,203486,Mason Plumlee,Mason,1610612757,POR,Portland Trail Blazers,21500871,2016-02-27T00:00:00,POR @ CHI,W,28.2,4.0,0.0,7.0,4.0,7.0,2.0,2.0,30.0,1.0,1.0,5.0,8.0,33.8,1,1,1,1,9073,2460,10158,454,8599,12242,3734,4025,4541,2692,17214,24686,254,4244,1.0,28:12,2015,2016
2015-16,202708,Norris Cole,Norris,1610612740,NOP,New Orleans Pelicans,21500870,2016-02-27T00:00:00,NOP vs. MIN,L,29.1,0.0,0.0,2.0,2.0,7.0,11.0,2.0,36.0,0.0,1.0,3.0,0.0,25.5,1,13074,13074,13074,8290,12059,10158,4675,12984,12242,21814,4025,1943,8004,17214,17641,18762,8230,1.0,29:07,2015,2016
2015-16,2581,Steve Blake,Steve,1610612765,DET,Detroit Pistons,21500873,2016-02-27T00:00:00,DET @ MIL,W,16.9,0.0,0.0,0.0,0.0,6.0,2.0,6.0,14.0,0.0,0.0,2.0,3.0,10.4,1,1,1,1,18383,12059,10158,9917,18861,10028,3734,13388,17019,8004,1,11390,4736,18859,1.0,16:51,2015,2016
2015-16,203487,Michael Carter-Williams,Michael,1610612749,MIL,Milwaukee Bucks,21500873,2016-02-27T00:00:00,MIL vs. DET,L,26.4,2.0,0.0,0.0,6.0,12.0,11.0,5.0,16.0,3.0,0.0,3.0,3.0,19.3,1,13074,13074,13074,10529,6026,10158,9917,5299,20178,21814,11593,15259,347,1,17641,4736,12228,1.0,26:24,2015,2016
2015-16,203918,Rodney Hood,Rodney,1610612762,UTA,Utah Jazz,21500876,2016-02-27T00:00:00,UTA vs. BKN,L,36.7,0.0,0.0,0.0,2.0,14.0,4.0,15.0,42.0,0.0,0.0,1.0,1.0,25.6,1,13074,13074,13074,2301,12059,10158,9917,12984,22292,8458,24242,670,8004,1,4972,12373,8157,1.0,36:40,2015,2016
2015-16,201976,Patrick Beverley,Patrick,1610612745,HOU,Houston Rockets,21500872,2016-02-27T00:00:00,HOU vs. SAS,L,24.8,2.0,0.0,6.0,6.0,8.0,2.0,5.0,16.0,0.0,0.0,5.0,2.0,14.5,1,13074,13074,13074,11797,6026,10158,740,5299,13914,3734,11593,15259,8004,1,24686,7786,15799,1.0,24:50,2015,2016
2015-16,203926,Doug McDermott,Doug,1610612741,CHI,Chicago Bulls,21500871,2016-02-27T00:00:00,CHI vs. POR,L,32.1,3.0,0.0,0.0,6.0,8.0,9.0,9.0,30.0,0.0,1.0,2.0,2.0,23.7,1,13074,13074,13074,5826,4307,10158,9917,5299,13914,19144,18829,4541,8004,17214,11390,7786,9329,1.0,32:04,2015,2016
2015-16,2405,Amar'e Stoudemire,Amar'e,1610612748,MIA,Miami Heat,21500869,2016-02-27T00:00:00,MIA @ BOS,L,15.4,0.0,0.0,0.0,4.0,4.0,4.0,4.0,18.0,1.0,3.0,1.0,1.0,15.0,1,13074,13074,13074,19474,12059,10158,9917,8599,6141,8458,8806,13577,2692,25441,4972,12373,15404,1.0,15:24,2015,2016
2015-16,1495,Tim Duncan,Tim,1610612759,SAS,San Antonio Spurs,21500872,2016-02-27T00:00:00,SAS @ HOU,W,24.9,2.0,2.0,0.0,2.0,0.0,4.0,12.0,18.0,1.0,0.0,4.0,0.0,23.2,1,1,1,1,11778,6026,4731,9917,12984,1,8458,22259,13577,2692,1,22104,18762,9630,1.0,24:52,2015,2016
2015-16,101161,Amir Johnson,Amir,1610612738,BOS,Boston Celtics,21500869,2016-02-27T00:00:00,BOS vs. MIA,W,19.2,3.0,2.0,0.0,4.0,8.0,6.0,4.0,24.0,2.0,1.0,1.0,1.0,22.8,1,1,1,1,16572,4307,4731,9917,8599,13914,13237,8806,8723,932,17214,4972,12373,9883,1.0,19:10,2015,2016
2015-16,203897,Zach LaVine,Zach,1610612750,MIN,Minnesota Timberwolves,21500870,2016-02-27T00:00:00,MIN @ NOP,W,35.8,0.0,0.0,5.0,10.0,10.0,3.0,16.0,24.0,0.0,0.0,5.0,2.0,33.5,1,1,1,1,2932,12059,10158,1277,1840,17370,7138,24641,8723,8004,1,24686,7786,4348,1.0,35:45,2015,2016
2015-16,203080,Thomas Robinson,Thomas,1610612751,BKN,Brooklyn Nets,21500876,2016-02-27T00:00:00,BKN @ UTA,W,15.2,0.0,4.0,0.0,2.0,5.0,1.0,4.0,14.0,0.0,0.0,3.0,0.0,18.9,1,1,1,1,19639,12059,1596,9917,12984,8403,3393,8806,17019,8004,1,17641,18762,12513,1.0,15:10,2015,2016
2015-16,2199,Tyson Chandler,Tyson,1610612756,PHX,Phoenix Suns,21500875,2016-02-27T00:00:00,PHX vs. MEM,W,23.3,2.0,3.0,0.0,6.0,7.0,3.0,8.0,12.0,0.0,0.0,4.0,2.0,18.9,1,1,1,1,13135,6026,3104,9917,5299,12242,7138,17194,18637,8004,1,22104,7786,12513,1.0,23:16,2015,2016
2015-16,2399,Mike Dunleavy,Mike,1610612741,CHI,Chicago Bulls,21500871,2016-02-27T00:00:00,CHI vs. POR,L,27.9,0.0,0.0,0.0,6.0,8.0,8.0,14.0,26.0,0.0,2.0,3.0,4.0,23.5,1,13074,13074,13074,9275,12059,10158,9917,5299,13914,17345,23710,7214,8004,23588,17641,2748,9452,1.0,27:56,2015,2016
2015-16,201148,Brandan Wright,Brandan,1610612763,MEM,Memphis Grizzlies,21500875,2016-02-27T00:00:00,MEM @ PHX,L,14.6,0.0,0.0,0.0,4.0,4.0,5.0,4.0,10.0,0.0,0.0,3.0,2.0,18.8,1,13074,13074,13074,20038,12059,10158,9917,8599,6141,11469,8806,20209,8004,1,17641,7786,12588,1.0,14:36,2015,2016
2015-16,203493,Reggie Bullock Jr.,Reggie,1610612765,DET,Detroit Pistons,21500873,2016-02-27T00:00:00,DET @ MIL,W,18.3,0.0,5.0,0.0,2.0,6.0,2.0,6.0,12.0,0.0,1.0,2.0,0.0,18.8,1,1,1,1,17253,12059,995,9917,12984,10028,3734,13388,18637,8004,17214,11390,18762,12588,1.0,18:19,2015,2016
2015-16,202340,Avery Bradley,Avery,1610612738,BOS,Boston Celtics,21500869,2016-02-27T00:00:00,BOS vs. MIA,W,35.9,0.0,2.0,4.0,4.0,10.0,12.0,2.0,32.0,0.0,0.0,3.0,1.0,14.2,1,1,1,1,2859,12059,4731,1913,8599,17370,22832,4025,3535,8004,1,17641,12373,16003,1.0,35:51,2015,2016
2015-16,1626171,Bobby Portis,Bobby,1610612741,CHI,Chicago Bulls,21500871,2016-02-27T00:00:00,CHI vs. POR,L,28.0,0.0,2.0,0.0,4.0,4.0,5.0,9.0,22.0,1.0,1.0,1.0,1.0,35.2,1,13074,13074,13074,9235,12059,4731,9917,8599,6141,11469,18829,10265,2692,17214,4972,12373,3745,1.0,27:60,2015,2016
2015-16,203500,Steven Adams,Steven,1610612760,OKC,Oklahoma City Thunder,21500874,2016-02-27T00:00:00,OKC vs. GSW,L,28.0,2.0,0.0,1.0,8.0,10.0,2.0,2.0,20.0,0.0,1.0,2.0,3.0,23.8,1,13074,13074,13074,9235,6026,10158,9347,3109,17370,3734,4025,11929,8004,17214,11390,4736,9261,1.0,27:60,2015,2016
2015-16,201142,Kevin Durant,Kevin,1610612760,OKC,Oklahoma City Thunder,21500874,2016-02-27T00:00:00,OKC vs. GSW,L,39.3,5.0,5.0,3.0,8.0,14.0,5.0,11.0,30.0,2.0,1.0,6.0,5.0,62.9,1,13074,13074,13074,962,1603,995,3302,3109,22292,11469,21342,4541,932,17214,25827,1539,123,1.0,39:16,2015,2016
2015-16,201583,Ryan Anderson,Ryan,1610612740,NOP,New Orleans Pelicans,21500870,2016-02-27T00:00:00,NOP vs. MIN,L,40.3,5.0,3.0,2.0,6.0,12.0,10.0,7.0,40.0,2.0,0.0,3.0,8.0,56.8,1,13074,13074,13074,642,1603,3104,4675,5299,20178,20509,15538,983,932,1,17641,254,323,1.0,40:20,2015,2016
2015-16,202355,Hassan Whiteside,Hassan,1610612748,MIA,Miami Heat,21500869,2016-02-27T00:00:00,MIA @ BOS,L,32.6,0.0,6.0,0.0,8.0,16.0,18.0,10.0,40.0,8.0,0.0,3.0,2.0,57.0,1,13074,13074,13074,5459,12059,481,9917,3109,23774,25634,20169,983,5,1,17641,7786,313,1.0,32:33,2015,2016
2015-16,203497,Rudy Gobert,Rudy,1610612762,UTA,Utah Jazz,21500876,2016-02-27T00:00:00,UTA vs. BKN,L,35.4,4.0,5.0,2.0,8.0,14.0,2.0,19.0,36.0,6.0,0.0,2.0,7.0,51.8,1,13074,13074,13074,3233,2460,995,4675,3109,22292,3734,25435,1943,19,1,11390,469,586,1.0,35:24,2015,2016
2015-16,1626196,Josh Richardson,Josh,1610612748,MIA,Miami Heat,21500869,2016-02-27T00:00:00,MIA @ BOS,L,26.8,2.0,2.0,0.0,4.0,9.0,12.0,8.0,26.0,2.0,0.0,4.0,3.0,23.9,1,13074,13074,13074,10155,6026,4731,9917,8599,15771,22832,17194,7214,932,1,22104,4736,9184,1.0,26:50,2015,2016
2015-16,201967,Dante Cunningham,Dante,1610612740,NOP,New Orleans Pelicans,21500870,2016-02-27T00:00:00,NOP vs. MIN,L,33.3,2.0,1.0,4.0,4.0,8.0,8.0,6.0,36.0,0.0,2.0,2.0,2.0,11.4,1,13074,13074,13074,4888,6026,9709,1913,8599,13914,17345,13388,1943,8004,23588,11390,7786,18134,1.0,33:19,2015,2016
2015-16,201937,Ricky Rubio,Ricky,1610612750,MIN,Minnesota Timberwolves,21500870,2016-02-27T00:00:00,MIN @ NOP,W,35.5,0.0,0.0,0.0,2.0,10.0,3.0,21.0,32.0,0.0,0.0,2.0,3.0,24.8,1,1,1,1,3137,12059,10158,9917,12984,17370,7138,25725,3535,8004,1,11390,4736,8614,1.0,35:30,2015,2016
2015-16,202334,Ed Davis,Ed,1610612757,POR,Portland Trail Blazers,21500871,2016-02-27T00:00:00,POR @ CHI,W,25.1,2.0,3.0,0.0,8.0,5.0,5.0,0.0,14.0,5.0,1.0,0.0,1.0,45.3,1,1,1,1,11568,6026,3104,9917,3109,8403,11469,1,17019,59,17214,1,12373,1310,1.0,25:09,2015,2016
2015-16,2200,Pau Gasol,Pau,1610612741,CHI,Chicago Bulls,21500871,2016-02-27T00:00:00,CHI vs. POR,L,37.2,0.0,2.0,0.0,8.0,8.0,12.0,12.0,38.0,3.0,0.0,3.0,5.0,71.2,1,13074,13074,13074,1983,12059,4731,9917,3109,13914,22832,22259,1422,347,1,17641,1539,39,1.0,37:10,2015,2016
2015-16,203458,Alex Len,Alex,1610612756,PHX,Phoenix Suns,21500875,2016-02-27T00:00:00,PHX vs. MEM,W,34.4,0.0,4.0,0.0,10.0,9.0,10.0,10.0,20.0,2.0,0.0,3.0,7.0,49.7,1,1,1,1,4028,12059,1596,9917,1840,15771,20509,20169,11929,932,1,17641,469,789,1.0,34:24,2015,2016
2015-16,202734,E'Twaun Moore,E'Twaun,1610612741,CHI,Chicago Bulls,21500871,2016-02-27T00:00:00,CHI vs. POR,L,38.3,2.0,3.0,2.0,12.0,8.0,10.0,17.0,34.0,0.0,2.0,1.0,1.0,29.1,1,13074,13074,13074,1390,6026,3104,4675,988,13914,20509,24967,2701,8004,23588,4972,12373,6285,1.0,38:16,2015,2016
2015-16,203484,Kentavious Caldwell-Pope,Kentavious,1610612765,DET,Detroit Pistons,21500873,2016-02-27T00:00:00,DET @ MIL,W,35.5,2.0,0.0,5.0,4.0,2.0,4.0,4.0,40.0,0.0,1.0,1.0,0.0,24.6,1,1,1,1,3184,6026,10158,1277,8599,2619,8458,8806,983,8004,17214,4972,18762,8724,1.0,35:27,2015,2016
2015-16,201569,Eric Gordon,Eric,1610612740,NOP,New Orleans Pelicans,21500870,2016-02-27T00:00:00,NOP vs. MIN,L,33.8,2.0,0.0,13.0,8.0,7.0,7.0,7.0,36.0,0.0,0.0,3.0,7.0,43.6,1,13074,13074,13074,4509,6026,10158,26,3109,12242,15642,15538,1943,8004,1,17641,469,1627,1.0,33:48,2015,2016
2015-16,202328,Greg Monroe,Greg,1610612749,MIL,Milwaukee Bucks,21500873,2016-02-27T00:00:00,MIL vs. DET,L,26.9,0.0,0.0,0.0,8.0,14.0,6.0,5.0,20.0,1.0,1.0,3.0,0.0,24.9,1,13074,13074,13074,10087,12059,10158,9917,3109,22292,13237,11593,11929,2692,17214,17641,18762,8553,1.0,26:55,2015,2016
2015-16,201939,Stephen Curry,Stephen,1610612744,GSW,Golden State Warriors,21500874,2016-02-27T00:00:00,GSW @ OKC,W,37.7,11.0,3.0,2.0,4.0,11.0,8.0,13.0,44.0,0.0,2.0,1.0,5.0,61.6,1,1,1,1,1660,55,3104,4675,8599,18886,17345,23048,454,8004,23588,4972,1539,159,1.0,37:41,2015,2016
2015-16,202691,Klay Thompson,Klay,1610612744,GSW,Golden State Warriors,21500874,2016-02-27T00:00:00,GSW @ OKC,W,39.4,3.0,3.0,5.0,10.0,13.0,15.0,14.0,52.0,1.0,0.0,3.0,4.0,45.1,1,1,1,1,908,4307,3104,1277,1840,21300,24781,23710,59,2692,1,17641,2748,1338,1.0,39:26,2015,2016
2015-16,203109,Jae Crowder,Jae,1610612738,BOS,Boston Celtics,21500869,2016-02-27T00:00:00,BOS vs. MIA,W,33.1,3.0,4.0,2.0,10.0,8.0,10.0,5.0,32.0,0.0,0.0,3.0,4.0,36.8,1,1,1,1,5040,4307,1596,4675,1840,13914,20509,11593,3535,8004,1,17641,2748,3241,1.0,33:07,2015,2016
2015-16,203101,Miles Plumlee,Miles,1610612749,MIL,Milwaukee Bucks,21500873,2016-02-27T00:00:00,MIL vs. DET,L,21.1,2.0,4.0,0.0,10.0,9.0,7.0,6.0,14.0,2.0,0.0,1.0,1.0,24.2,1,13074,13074,13074,14986,6026,1596,9917,1840,15771,15642,13388,17019,932,1,4972,12373,9009,1.0,21:05,2015,2016
2015-16,200782,P.J. Tucker,P.J.,1610612756,PHX,Phoenix Suns,21500875,2016-02-27T00:00:00,PHX vs. MEM,W,43.1,2.0,7.0,5.0,10.0,13.0,12.0,12.0,34.0,1.0,1.0,3.0,4.0,43.7,1,1,1,1,197,6026,292,1277,1840,21300,22832,22259,2701,2692,17214,17641,2748,1610,1.0,43:07,2015,2016
2015-16,1626157,Karl-Anthony Towns,Karl-Anthony,1610612750,MIN,Minnesota Timberwolves,21500870,2016-02-27T00:00:00,MIN @ NOP,W,35.2,2.0,7.0,4.0,20.0,9.0,4.0,21.0,24.0,1.0,1.0,3.0,6.0,62.0,1,1,1,1,3376,6026,292,1913,59,15771,8458,25725,8723,2692,17214,17641,873,141,1.0,35:13,2015,2016
2015-16,202714,Shelvin Mack,Shelvin,1610612762,UTA,Utah Jazz,21500876,2016-02-27T00:00:00,UTA vs. BKN,L,25.4,2.0,2.0,2.0,6.0,14.0,2.0,18.0,30.0,0.0,0.0,2.0,2.0,7.4,1,13074,13074,13074,11368,6026,4731,4675,5299,22292,3734,25228,4541,8004,1,11390,7786,20912,1.0,25:25,2015,2016
2015-16,2772,Trevor Ariza,Trevor,1610612745,HOU,Houston Rockets,21500872,2016-02-27T00:00:00,HOU vs. SAS,L,39.2,0.0,0.0,3.0,2.0,8.0,10.0,8.0,28.0,2.0,0.0,4.0,0.0,29.9,1,13074,13074,13074,1002,12059,10158,3302,12984,13914,20509,17194,5824,932,1,22104,18762,5884,1.0,39:10,2015,2016
2015-16,203507,Giannis Antetokounmpo,Giannis,1610612749,MIL,Milwaukee Bucks,21500873,2016-02-27T00:00:00,MIL vs. DET,L,37.5,2.0,0.0,6.0,6.0,17.0,3.0,8.0,32.0,0.0,1.0,4.0,2.0,29.9,1,13074,13074,13074,1749,6026,10158,740,5299,24337,7138,17194,3535,8004,17214,22104,7786,5884,1.0,37:30,2015,2016
2015-16,203096,Jared Sullinger,Jared,1610612738,BOS,Boston Celtics,21500869,2016-02-27T00:00:00,BOS vs. MIA,W,24.5,0.0,6.0,0.0,10.0,6.0,6.0,2.0,20.0,3.0,1.0,3.0,2.0,46.4,1,1,1,1,12102,12059,481,9917,1840,10028,13237,4025,11929,347,17214,17641,7786,1149,1.0,24:31,2015,2016
2015-16,2216,Zach Randolph,Zach,1610612763,MEM,Memphis Grizzlies,21500875,2016-02-27T00:00:00,MEM @ PHX,L,27.9,4.0,0.0,0.0,10.0,11.0,15.0,12.0,32.0,0.0,2.0,1.0,4.0,24.3,1,13074,13074,13074,9292,2460,10158,9917,1840,18886,24781,22259,3535,8004,23588,4972,2748,8939,1.0,27:56,2015,2016
2015-16,2738,Andre Iguodala,Andre,1610612744,GSW,Golden State Warriors,21500874,2016-02-27T00:00:00,GSW @ OKC,W,33.5,4.0,0.0,4.0,8.0,6.0,10.0,15.0,36.0,0.0,0.0,4.0,1.0,24.2,1,1,1,1,4728,2460,10158,1913,3109,10028,20509,24242,1943,8004,1,22104,12373,9009,1.0,33:31,2015,2016
2015-16,201586,Serge Ibaka,Serge,1610612760,OKC,Oklahoma City Thunder,21500874,2016-02-27T00:00:00,OKC vs. GSW,L,40.7,0.0,2.0,4.0,12.0,20.0,6.0,11.0,28.0,2.0,0.0,1.0,1.0,48.5,1,13074,13074,13074,562,12059,4731,1913,988,25338,13237,21342,5824,932,1,4972,12373,909,1.0,40:41,2015,2016
2015-16,203083,Andre Drummond,Andre,1610612765,DET,Detroit Pistons,21500873,2016-02-27T00:00:00,DET @ MIL,W,34.2,4.0,2.0,0.0,14.0,0.0,2.0,4.0,36.0,2.0,2.0,3.0,5.0,55.4,1,1,1,1,4205,2460,4731,9917,542,1,3734,8806,1943,932,23588,17641,1539,379,1.0,34:11,2015,2016
2015-16,201950,Jrue Holiday,Jrue,1610612740,NOP,New Orleans Pelicans,21500870,2016-02-27T00:00:00,NOP vs. MIN,L,35.5,2.0,0.0,2.0,12.0,11.0,7.0,9.0,34.0,1.0,1.0,1.0,2.0,37.4,1,13074,13074,13074,3137,6026,10158,4675,988,18886,15642,18829,2701,2692,17214,4972,7786,3073,1.0,35:30,2015,2016
2015-16,201147,Corey Brewer,Corey,1610612745,HOU,Houston Rockets,21500872,2016-02-27T00:00:00,HOU vs. SAS,L,21.6,2.0,0.0,5.0,10.0,8.0,4.0,2.0,16.0,1.0,0.0,2.0,3.0,24.3,1,13074,13074,13074,14490,6026,10158,1277,1840,13914,8458,4025,15259,2692,1,11390,4736,8939,1.0,21:38,2015,2016
2015-16,2730,Dwight Howard,Dwight,1610612745,HOU,Houston Rockets,21500872,2016-02-27T00:00:00,HOU vs. SAS,L,36.3,2.0,4.0,0.0,8.0,10.0,8.0,10.0,26.0,1.0,1.0,5.0,9.0,35.3,1,13074,13074,13074,2545,6026,1596,9917,3109,17370,17345,20169,7214,2692,17214,24686,138,3719,1.0,36:18,2015,2016
2015-16,202330,Gordon Hayward,Gordon,1610612762,UTA,Utah Jazz,21500876,2016-02-27T00:00:00,UTA vs. BKN,L,34.8,8.0,0.0,0.0,14.0,14.0,4.0,19.0,38.0,0.0,1.0,5.0,5.0,44.6,1,13074,13074,13074,3713,308,10158,9917,542,22292,8458,25435,1422,8004,17214,24686,1539,1438,1.0,34:47,2015,2016
2015-16,201152,Thaddeus Young,Thaddeus,1610612751,BKN,Brooklyn Nets,21500876,2016-02-27T00:00:00,BKN @ UTA,W,36.5,4.0,0.0,4.0,14.0,17.0,11.0,10.0,46.0,0.0,0.0,3.0,1.0,36.6,1,1,1,1,2427,2460,10158,1913,542,24337,21814,20169,298,8004,1,17641,12373,3288,1.0,36:27,2015,2016
2015-16,200746,LaMarcus Aldridge,LaMarcus,1610612759,SAS,San Antonio Spurs,21500872,2016-02-27T00:00:00,SAS @ HOU,W,33.4,0.0,8.0,2.0,14.0,6.0,6.0,15.0,32.0,1.0,0.0,2.0,7.0,48.7,1,1,1,1,4811,12059,137,4675,542,10028,13237,24242,3535,2692,1,11390,469,890,1.0,33:24,2015,2016
2015-16,201166,Aaron Brooks,Aaron,1610612741,CHI,Chicago Bulls,21500871,2016-02-27T00:00:00,CHI vs. POR,L,10.5,0.0,0.0,0.0,0.0,2.0,3.0,2.0,10.0,0.0,0.0,3.0,0.0,11.5,1,13074,13074,13074,22224,12059,10158,9917,18861,2619,7138,4025,20209,8004,1,17641,18762,18079,1.0,10:31,2015,2016
2015-16,201566,Russell Westbrook,Russell,1610612760,OKC,Oklahoma City Thunder,21500874,2016-02-27T00:00:00,OKC vs. GSW,L,42.2,2.0,4.0,5.0,18.0,20.0,5.0,11.0,32.0,0.0,4.0,4.0,7.0,52.9,1,13074,13074,13074,286,6026,1596,1277,131,25338,11469,21342,3535,8004,25926,22104,469,529,1.0,42:11,2015,2016
2015-16,203110,Draymond Green,Draymond,1610612744,GSW,Golden State Warriors,21500874,2016-02-27T00:00:00,GSW @ OKC,W,44.1,0.0,0.0,0.0,0.0,15.0,13.0,16.0,50.0,4.0,1.0,4.0,4.0,66.8,1,1,1,1,123,12059,10158,9917,18861,23079,23668,24641,107,132,17214,22104,2748,76,1.0,44:07,2015,2016
2015-16,203141,Mirza Teletovic,Mirza,1610612756,PHX,Phoenix Suns,21500875,2016-02-27T00:00:00,PHX vs. MEM,W,27.2,0.0,5.0,0.0,4.0,6.0,9.0,4.0,30.0,0.0,0.0,5.0,3.0,29.9,1,1,1,1,9818,12059,995,9917,8599,10028,19144,8806,4541,8004,1,24686,4736,5884,1.0,27:15,2015,2016
2015-16,1626149,Montrezl Harrell,Montrezl,1610612745,HOU,Houston Rockets,21500872,2016-02-27T00:00:00,HOU vs. SAS,L,1.5,0.0,0.0,0.0,0.0,0.0,0.0,0.0,0.0,0.0,0.0,0.0,0.0,1.5,1,13074,13074,13074,25716,12059,10158,9917,18861,1,1,1,25429,8004,1,1,18762,24473,1.0,1:27,2015,2016
2015-16,203515,Phil Pressey,Phil,1610612756,PHX,Phoenix Suns,21500875,2016-02-27T00:00:00,PHX vs. MEM,W,11.6,0.0,0.0,0.0,0.0,4.0,2.0,2.0,18.0,0.0,0.0,2.0,1.0,6.4,1,1,1,1,21767,12059,10158,9917,18861,6141,3734,4025,13577,8004,1,11390,12373,21589,1.0,11:37,2015,2016
2015-16,204060,Joe Ingles,Joe,1610612762,UTA,Utah Jazz,21500876,2016-02-27T00:00:00,UTA vs. BKN,L,17.9,4.0,0.0,4.0,6.0,4.0,6.0,10.0,18.0,0.0,0.0,2.0,0.0,10.7,1,13074,13074,13074,17563,2460,10158,1913,5299,6141,13237,20169,13577,8004,1,11390,18762,18636,1.0,17:56,2015,2016
2015-16,203200,Justin Holiday,Justin,1610612741,CHI,Chicago Bulls,21500871,2016-02-27T00:00:00,CHI vs. POR,L,16.2,0.0,0.0,0.0,0.0,4.0,3.0,7.0,12.0,0.0,0.0,0.0,1.0,1.2,1,13074,13074,13074,18866,12059,10158,9917,18861,6141,7138,15538,18637,8004,1,1,12373,24661,1.0,16:14,2015,2016
2015-16,202337,Luke Babbitt,Luke,1610612740,NOP,New Orleans Pelicans,21500870,2016-02-27T00:00:00,NOP vs. MIN,L,6.0,0.0,0.0,0.0,2.0,0.0,2.0,2.0,6.0,1.0,0.0,0.0,0.0,10.7,1,13074,13074,13074,23947,12059,10158,9917,12984,1,3734,4025,22724,2692,1,1,18762,18636,1.0,6:02,2015,2016
2015-16,203508,Sergey Karasev,Sergey,1610612751,BKN,Brooklyn Nets,21500876,2016-02-27T00:00:00,BKN @ UTA,W,19.7,0.0,0.0,2.0,2.0,5.0,4.0,4.0,18.0,0.0,0.0,1.0,4.0,11.3,1,1,1,1,16163,12059,10158,4675,12984,8403,8458,8806,13577,8004,1,4972,2748,18230,1.0,19:42,2015,2016
2015-16,203948,Johnny O'Bryant III,Johnny,1610612749,MIL,Milwaukee Bucks,21500873,2016-02-27T00:00:00,MIL vs. DET,L,2.8,0.0,0.0,0.0,0.0,0.0,2.0,0.0,2.0,0.0,0.0,0.0,1.0,1.2,1,13074,13074,13074,25223,12059,10158,9917,18861,1,3734,1,24614,8004,1,1,12373,24661,1.0,2:45,2015,2016
2015-16,1626173,Rashad Vaughn,Rashad,1610612749,MIL,Milwaukee Bucks,21500873,2016-02-27T00:00:00,MIL vs. DET,L,12.5,0.0,0.0,0.0,0.0,6.0,10.0,3.0,6.0,0.0,0.0,0.0,0.0,1.5,1,13074,13074,13074,21283,12059,10158,9917,18861,10028,20509,7328,22724,8004,1,1,18762,24473,1.0,12:29,2015,2016
2015-16,2564,Boris Diaw,Boris,1610612759,SAS,San Antonio Spurs,21500872,2016-02-27T00:00:00,SAS @ HOU,W,10.2,0.0,0.0,0.0,2.0,2.0,0.0,2.0,6.0,0.0,0.0,0.0,1.0,6.2,1,1,1,1,22370,12059,10158,9917,12984,2619,1,4025,22724,8004,1,1,12373,21696,1.0,10:09,2015,2016
2015-16,203090,Maurice Harkless,Maurice,1610612757,POR,Portland Trail Blazers,21500871,2016-02-27T00:00:00,POR @ CHI,W,7.1,2.0,2.0,2.0,2.0,0.0,0.0,2.0,8.0,0.0,0.0,0.0,0.0,5.9,1,1,1,1,23516,6026,4731,4675,12984,1,1,4025,21543,8004,1,1,18762,21953,1.0,7:07,2015,2016
2015-16,203943,Noah Vonleh,Noah,1610612757,POR,Portland Trail Blazers,21500871,2016-02-27T00:00:00,POR @ CHI,W,12.8,0.0,0.0,0.0,2.0,5.0,2.0,0.0,18.0,1.0,1.0,2.0,1.0,10.6,1,1,1,1,21062,12059,10158,9917,12984,8403,3734,1,13577,2692,17214,11390,12373,18723,1.0,12:50,2015,2016
2015-16,202713,Kyle Singler,Kyle,1610612760,OKC,Oklahoma City Thunder,21500874,2016-02-27T00:00:00,OKC vs. GSW,L,22.6,2.0,0.0,0.0,2.0,10.0,8.0,6.0,14.0,0.0,0.0,3.0,1.0,5.8,1,13074,13074,13074,13716,6026,10158,9917,12984,17370,17345,13388,17019,8004,1,17641,12373,22018,1.0,22:34,2015,2016
2015-16,201578,Marreese Speights,Marreese,1610612744,GSW,Golden State Warriors,21500874,2016-02-27T00:00:00,GSW @ OKC,W,12.3,2.0,0.0,2.0,4.0,2.0,4.0,7.0,8.0,0.0,1.0,1.0,1.0,10.7,1,1,1,1,21410,6026,10158,4675,8599,2619,8458,15538,21543,8004,17214,4972,12373,18636,1.0,12:15,2015,2016
2015-16,203079,Dion Waiters,Dion,1610612760,OKC,Oklahoma City Thunder,21500874,2016-02-27T00:00:00,OKC vs. GSW,L,31.0,2.0,0.0,1.0,0.0,17.0,6.0,13.0,24.0,0.0,0.0,2.0,1.0,6.5,1,13074,13074,13074,6758,6026,10158,9347,18861,24337,13237,23048,8723,8004,1,11390,12373,21519,1.0,30:57,2015,2016
2015-16,203909,KJ McDaniels,KJ,1610612745,HOU,Houston Rockets,21500872,2016-02-27T00:00:00,HOU vs. SAS,L,1.5,0.0,0.0,0.0,0.0,0.0,0.0,0.0,0.0,0.0,0.0,0.0,1.0,2.0,1,13074,13074,13074,25716,12059,10158,9917,18861,1,1,1,25429,8004,1,1,12373,24216,1.0,1:27,2015,2016
2015-16,203504,Trey Burke,Trey,1610612762,UTA,Utah Jazz,21500876,2016-02-27T00:00:00,UTA vs. BKN,L,6.4,0.0,0.0,0.0,0.0,2.0,0.0,2.0,6.0,0.0,0.0,0.0,0.0,1.2,1,13074,13074,13074,23803,12059,10158,9917,18861,2619,1,4025,22724,8004,1,1,18762,24661,1.0,6:21,2015,2016
2015-16,2419,Tayshaun Prince,Tayshaun,1610612750,MIN,Minnesota Timberwolves,21500870,2016-02-27T00:00:00,MIN @ NOP,W,9.1,0.0,0.0,0.0,0.0,2.0,0.0,4.0,14.0,1.0,0.0,1.0,0.0,5.7,1,1,1,1,22787,12059,10158,9917,18861,2619,1,8806,17019,2692,1,4972,18762,22054,1.0,9:08,2015,2016
2015-16,203503,Tony Snell,Tony,1610612741,CHI,Chicago Bulls,21500871,2016-02-27T00:00:00,CHI vs. POR,L,27.3,0.0,0.0,0.0,0.0,4.0,10.0,10.0,28.0,0.0,0.0,3.0,0.0,10.8,1,13074,13074,13074,9803,12059,10158,9917,18861,6141,20509,20169,5824,8004,1,17641,18762,18579,1.0,27:15,2015,2016
2015-16,2446,Rasual Butler,Rasual,1610612759,SAS,San Antonio Spurs,21500872,2016-02-27T00:00:00,SAS @ HOU,W,4.6,0.0,0.0,0.0,0.0,2.0,2.0,5.0,10.0,0.0,1.0,0.0,0.0,-1.0,1,1,1,1,24503,12059,10158,9917,18861,2619,3734,11593,20209,8004,17214,1,18762,25932,1.0,4:37,2015,2016
2015-16,203613,Jonathon Simmons,Jonathon,1610612759,SAS,San Antonio Spurs,21500872,2016-02-27T00:00:00,SAS @ HOU,W,1.7,0.0,0.0,0.0,0.0,4.0,0.0,0.0,8.0,0.0,0.0,0.0,0.0,0.0,1,1,1,1,25616,12059,10158,9917,18861,6141,1,1,21543,8004,1,1,18762,25170,1.0,1:44,2015,2016
2015-16,202720,Jon Leuer,Jon,1610612756,PHX,Phoenix Suns,21500875,2016-02-27T00:00:00,PHX vs. MEM,W,11.1,0.0,0.0,0.0,0.0,4.0,2.0,2.0,14.0,0.0,2.0,2.0,1.0,9.2,1,1,1,1,21992,12059,10158,9917,18861,6141,3734,4025,17019,8004,23588,11390,12373,19680,1.0,11:05,2015,2016
2015-16,101106,Andrew Bogut,Andrew,1610612744,GSW,Golden State Warriors,21500874,2016-02-27T00:00:00,GSW @ OKC,W,17.3,0.0,0.0,0.0,4.0,11.0,3.0,7.0,26.0,1.0,0.0,2.0,1.0,5.0,1,1,1,1,18030,12059,10158,9917,8599,18886,7138,15538,7214,2692,1,11390,12373,22500,1.0,17:20,2015,2016
2015-16,201951,Ty Lawson,Ty,1610612745,HOU,Houston Rockets,21500872,2016-02-27T00:00:00,HOU vs. SAS,L,5.2,0.0,0.0,0.0,2.0,2.0,0.0,0.0,4.0,0.0,0.0,1.0,0.0,4.0,1,13074,13074,13074,24297,12059,10158,9917,12984,2619,1,1,23698,8004,1,4972,18762,23142,1.0,5:11,2015,2016
2015-16,201582,Alexis Ajinca,Alexis,1610612740,NOP,New Orleans Pelicans,21500870,2016-02-27T00:00:00,NOP vs. MIN,L,12.6,0.0,0.0,0.0,0.0,1.0,1.0,4.0,16.0,0.0,0.0,4.0,1.0,3.6,1,13074,13074,13074,21244,12059,10158,9917,18861,2356,3393,8806,15259,8004,1,22104,12373,23310,1.0,12:33,2015,2016
2015-16,201980,Danny Green,Danny,1610612759,SAS,San Antonio Spurs,21500872,2016-02-27T00:00:00,SAS @ HOU,W,31.1,0.0,0.0,3.0,2.0,2.0,2.0,13.0,22.0,1.0,0.0,5.0,2.0,21.7,1,1,1,1,6637,12059,10158,3302,12984,2619,3734,23048,10265,2692,1,24686,7786,10592,1.0,31:06,2015,2016
2015-16,1626179,Terry Rozier,Terry,1610612738,BOS,Boston Celtics,21500869,2016-02-27T00:00:00,BOS vs. MIA,W,0.1,0.0,0.0,0.0,0.0,0.0,0.0,0.0,0.0,0.0,0.0,0.0,0.0,0.0,1,1,1,1,26057,12059,10158,9917,18861,1,1,1,25429,8004,1,1,18762,25170,1.0,0:03,2015,2016
2015-16,203940,Adreian Payne,Adreian,1610612750,MIN,Minnesota Timberwolves,21500870,2016-02-27T00:00:00,MIN @ NOP,W,12.3,1.0,0.0,0.0,0.0,7.0,1.0,6.0,10.0,0.0,0.0,4.0,2.0,9.6,1,1,1,1,21393,11535,10158,9917,18861,12242,3393,13388,20209,8004,1,22104,7786,19434,1.0,12:17,2015,2016
2015-16,203492,Ray McCallum,Ray,1610612759,SAS,San Antonio Spurs,21500872,2016-02-27T00:00:00,SAS @ HOU,W,1.5,0.0,0.0,0.0,0.0,0.0,0.0,2.0,4.0,0.0,1.0,0.0,0.0,0.0,1,1,1,1,25716,12059,10158,9917,18861,1,1,4025,23698,8004,17214,1,18762,25170,1.0,1:27,2015,2016
2015-16,2571,Leandro Barbosa,Leandro,1610612744,GSW,Golden State Warriors,21500874,2016-02-27T00:00:00,GSW @ OKC,W,13.6,0.0,0.0,0.0,2.0,2.0,0.0,4.0,8.0,0.0,0.0,1.0,0.0,7.0,1,1,1,1,20662,12059,10158,9917,12984,2619,1,8806,21543,8004,1,4972,18762,21188,1.0,13:34,2015,2016
2015-16,203098,John Jenkins,John,1610612756,PHX,Phoenix Suns,21500875,2016-02-27T00:00:00,PHX vs. MEM,W,4.9,0.0,0.0,0.0,0.0,0.0,0.0,0.0,4.0,0.0,0.0,0.0,0.0,0.0,1,1,1,1,24407,12059,10158,9917,18861,1,1,1,23698,8004,1,1,18762,25170,1.0,4:53,2015,2016
2015-16,202712,Justin Harper,Justin,1610612765,DET,Detroit Pistons,21500873,2016-02-27T00:00:00,DET @ MIL,W,1.7,0.0,0.0,0.0,0.0,2.0,2.0,0.0,4.0,0.0,0.0,0.0,0.0,0.0,1,1,1,1,25628,12059,10158,9917,18861,2619,3734,1,23698,8004,1,1,18762,25170,1.0,1:42,2015,2016
2015-16,202738,Isaiah Thomas,Isaiah,1610612738,BOS,Boston Celtics,21500869,2016-02-27T00:00:00,BOS vs. MIA,W,30.7,0.0,2.0,0.0,6.0,10.0,8.0,4.0,30.0,0.0,2.0,2.0,3.0,21.6,1,1,1,1,6950,12059,4731,9917,5299,17370,17345,8806,4541,8004,23588,11390,4736,10666,1.0,30:42,2015,2016
2015-16,200779,Steve Novak,Steve,1610612749,MIL,Milwaukee Bucks,21500873,2016-02-27T00:00:00,MIL vs. DET,L,11.0,0.0,0.0,0.0,0.0,6.0,9.0,3.0,0.0,0.0,0.0,0.0,2.0,4.0,1,13074,13074,13074,22028,12059,10158,9917,18861,10028,19144,7328,25429,8004,1,1,7786,23142,1.0,11:00,2015,2016
2015-16,1626168,Trey Lyles,Trey,1610612762,UTA,Utah Jazz,21500876,2016-02-27T00:00:00,UTA vs. BKN,L,4.8,0.0,0.0,0.0,2.0,4.0,2.0,2.0,10.0,0.0,1.0,0.0,0.0,3.2,1,13074,13074,13074,24426,12059,10158,9917,12984,6141,3734,4025,20209,8004,17214,1,18762,23473,1.0,4:48,2015,2016
2015-16,1626246,Boban Marjanović,Boban,1610612759,SAS,San Antonio Spurs,21500872,2016-02-27T00:00:00,SAS @ HOU,W,1.5,0.0,0.0,0.0,0.0,0.0,0.0,2.0,4.0,0.0,0.0,0.0,0.0,0.0,1,1,1,1,25716,12059,10158,9917,18861,1,1,4025,23698,8004,1,1,18762,25170,1.0,1:27,2015,2016
2015-16,200751,Randy Foye,Randy,1610612760,OKC,Oklahoma City Thunder,21500874,2016-02-27T00:00:00,OKC vs. GSW,L,6.4,0.0,0.0,0.0,0.0,4.0,0.0,4.0,8.0,0.0,0.0,0.0,0.0,0.0,1,13074,13074,13074,23770,12059,10158,9917,18861,6141,1,8806,21543,8004,1,1,18762,25170,1.0,6:26,2015,2016
2015-16,201988,Patty Mills,Patty,1610612759,SAS,San Antonio Spurs,21500872,2016-02-27T00:00:00,SAS @ HOU,W,20.6,0.0,0.0,0.0,0.0,8.0,2.0,11.0,24.0,0.0,0.0,2.0,2.0,5.2,1,1,1,1,15383,12059,10158,9917,18861,13914,3734,21342,8723,8004,1,11390,7786,22370,1.0,20:36,2015,2016
2015-16,201177,Josh McRoberts,Josh,1610612748,MIA,Miami Heat,21500869,2016-02-27T00:00:00,MIA @ BOS,L,12.8,0.0,0.0,0.0,0.0,7.0,2.0,6.0,14.0,0.0,1.0,2.0,0.0,8.9,1,13074,13074,13074,21103,12059,10158,9917,18861,12242,3734,13388,17019,8004,17214,11390,18762,19914,1.0,12:45,2015,2016
2015-16,202329,Al-Farouq Aminu,Al-Farouq,1610612757,POR,Portland Trail Blazers,21500871,2016-02-27T00:00:00,POR @ CHI,W,20.9,0.0,2.0,0.0,2.0,5.0,2.0,2.0,24.0,0.0,0.0,2.0,0.0,8.9,1,1,1,1,15140,12059,4731,9917,12984,8403,3734,4025,8723,8004,1,11390,18762,19914,1.0,20:54,2015,2016
2015-16,203187,Chris Johnson,Chris,1610612762,UTA,Utah Jazz,21500876,2016-02-27T00:00:00,UTA vs. BKN,L,10.6,0.0,3.0,0.0,4.0,4.0,2.0,3.0,14.0,1.0,0.0,3.0,1.0,7.0,1,13074,13074,13074,22197,12059,3104,9917,8599,6141,3734,7328,17019,2692,1,17641,12373,21188,1.0,10:36,2015,2016
2015-16,203798,PJ Hairston,PJ,1610612763,MEM,Memphis Grizzlies,21500875,2016-02-27T00:00:00,MEM @ PHX,L,24.0,0.0,3.0,0.0,0.0,6.0,13.0,6.0,22.0,1.0,0.0,1.0,1.0,9.4,1,13074,13074,13074,12611,12059,3104,9917,18861,10028,23668,13388,10265,2692,1,4972,12373,19568,1.0,23:57,2015,2016
2015-16,201575,Brandon Rush,Brandon,1610612744,GSW,Golden State Warriors,21500874,2016-02-27T00:00:00,GSW @ OKC,W,3.4,0.0,0.0,0.0,0.0,4.0,0.0,2.0,8.0,0.0,0.0,0.0,0.0,0.0,1,1,1,1,24986,12059,10158,9917,18861,6141,1,4025,21543,8004,1,1,18762,25170,1.0,3:21,2015,2016
2015-16,101123,Gerald Green,Gerald,1610612748,MIA,Miami Heat,21500869,2016-02-27T00:00:00,MIA @ BOS,L,19.2,0.0,0.0,0.0,0.0,10.0,4.0,6.0,18.0,0.0,0.0,1.0,0.0,4.7,1,13074,13074,13074,16559,12059,10158,9917,18861,17370,8458,13388,13577,8004,1,4972,18762,22672,1.0,19:10,2015,2016
2015-16,202711,Bojan Bogdanović,Bojan,1610612751,BKN,Brooklyn Nets,21500876,2016-02-27T00:00:00,BKN @ UTA,W,23.2,2.0,0.0,5.0,2.0,8.0,8.0,5.0,34.0,0.0,3.0,2.0,0.0,9.6,1,1,1,1,13228,6026,10158,1277,12984,13914,17345,11593,2701,8004,25441,11390,18762,19434,1.0,23:10,2015,2016
2015-16,2760,Anderson Varejao,Anderson,1610612744,GSW,Golden State Warriors,21500874,2016-02-27T00:00:00,GSW @ OKC,W,10.7,0.0,0.0,0.0,0.0,0.0,2.0,2.0,10.0,0.0,0.0,2.0,3.0,4.2,1,1,1,1,22173,12059,10158,9917,18861,1,3734,4025,20209,8004,1,11390,4736,22976,1.0,10:39,2015,2016
2015-16,203092,Tyler Zeller,Tyler,1610612738,BOS,Boston Celtics,21500869,2016-02-27T00:00:00,BOS vs. MIA,W,20.3,2.0,0.0,4.0,6.0,4.0,10.0,1.0,16.0,1.0,1.0,1.0,1.0,18.6,1,1,1,1,15654,6026,10158,1913,5299,6141,20509,3646,15259,2692,17214,4972,12373,12715,1.0,20:17,2015,2016
2015-16,203093,Terrence Jones,Terrence,1610612745,HOU,Houston Rockets,21500872,2016-02-27T00:00:00,HOU vs. SAS,L,2.6,0.0,0.0,0.0,2.0,4.0,0.0,0.0,4.0,0.0,0.0,0.0,0.0,2.0,1,13074,13074,13074,25304,12059,10158,9917,12984,6141,1,1,23698,8004,1,1,18762,24216,1.0,2:33,2015,2016
2015-16,203186,Willie Reed,Willie,1610612751,BKN,Brooklyn Nets,21500876,2016-02-27T00:00:00,BKN @ UTA,W,9.7,0.0,2.0,0.0,6.0,5.0,1.0,2.0,8.0,1.0,0.0,1.0,1.0,16.6,1,1,1,1,22547,12059,4731,9917,5299,8403,3393,4025,21543,2692,1,4972,12373,14125,1.0,9:44,2015,2016
2015-16,1626159,Justise Winslow,Justise,1610612748,MIA,Miami Heat,21500869,2016-02-27T00:00:00,MIA @ BOS,L,32.2,0.0,2.0,0.0,6.0,13.0,18.0,8.0,42.0,1.0,1.0,2.0,1.0,21.4,1,13074,13074,13074,5762,12059,4731,9917,5299,21300,25634,17194,670,2692,17214,11390,12373,10807,1.0,32:09,2015,2016
2015-16,1626164,Devin Booker,Devin,1610612756,PHX,Phoenix Suns,21500875,2016-02-27T00:00:00,PHX vs. MEM,W,37.8,4.0,7.0,4.0,6.0,11.0,9.0,4.0,24.0,0.0,0.0,6.0,2.0,20.8,1,1,1,1,1581,2460,292,1913,5299,18886,19144,8806,8723,8004,1,25827,7786,11195,1.0,37:50,2015,2016
2015-16,202700,Donatas Motiejunas,Donatas,1610612745,HOU,Houston Rockets,21500872,2016-02-27T00:00:00,HOU vs. SAS,L,8.9,2.0,0.0,0.0,2.0,4.0,2.0,3.0,6.0,0.0,0.0,3.0,0.0,2.7,1,13074,13074,13074,22887,6026,10158,9917,12984,6141,3734,7328,22724,8004,1,17641,18762,23884,1.0,8:53,2015,2016
2015-16,2561,David West,David,1610612759,SAS,San Antonio Spurs,21500872,2016-02-27T00:00:00,SAS @ HOU,W,15.8,2.0,0.0,0.0,0.0,6.0,0.0,6.0,18.0,0.0,0.0,1.0,2.0,16.2,1,1,1,1,19214,6026,10158,9917,18861,10028,1,13388,13577,8004,1,4972,7786,14436,1.0,15:46,2015,2016
2015-16,2570,Kendrick Perkins,Kendrick,1610612740,NOP,New Orleans Pelicans,21500870,2016-02-27T00:00:00,NOP vs. MIN,L,20.2,0.0,0.0,2.0,2.0,7.0,5.0,5.0,14.0,0.0,0.0,4.0,1.0,8.1,1,13074,13074,13074,15762,12059,10158,4675,12984,12242,11469,11593,17019,8004,1,22104,12373,20521,1.0,20:10,2015,2016
2015-16,101179,Ronnie Price,Ronnie,1610612756,PHX,Phoenix Suns,21500875,2016-02-27T00:00:00,PHX vs. MEM,W,22.6,3.0,0.0,3.0,0.0,9.0,8.0,10.0,14.0,0.0,0.0,3.0,3.0,12.5,1,1,1,1,13726,4307,10158,3302,18861,15771,17345,20169,17019,8004,1,17641,4736,17372,1.0,22:33,2015,2016
2015-16,1626245,Cristiano Felicio,Cristiano,1610612741,CHI,Chicago Bulls,21500871,2016-02-27T00:00:00,CHI vs. POR,L,2.5,0.0,0.0,0.0,0.0,2.0,1.0,0.0,4.0,0.0,0.0,0.0,0.0,2.7,1,13074,13074,13074,25350,12059,10158,9917,18861,2619,3393,1,23698,8004,1,1,18762,23884,1.0,2:27,2015,2016
2015-16,203382,Aron Baynes,Aron,1610612765,DET,Detroit Pistons,21500873,2016-02-27T00:00:00,DET @ MIL,W,13.8,0.0,0.0,0.0,0.0,6.0,2.0,6.0,12.0,0.0,1.0,2.0,1.0,12.5,1,1,1,1,20513,12059,10158,9917,18861,10028,3734,13388,18637,8004,17214,11390,12373,17372,1.0,13:49,2015,2016
2015-16,201945,Gerald Henderson,Gerald,1610612757,POR,Portland Trail Blazers,21500871,2016-02-27T00:00:00,POR @ CHI,W,26.9,2.0,2.0,2.0,4.0,5.0,5.0,0.0,16.0,0.0,0.0,1.0,2.0,20.8,1,1,1,1,10098,6026,4731,4675,8599,8403,11469,1,15259,8004,1,4972,7786,11195,1.0,26:54,2015,2016
2015-16,1713,Vince Carter,Vince,1610612763,MEM,Memphis Grizzlies,21500875,2016-02-27T00:00:00,MEM @ PHX,L,22.5,0.0,0.0,3.0,0.0,5.0,15.0,8.0,18.0,1.0,0.0,5.0,1.0,16.4,1,13074,13074,13074,13758,12059,10158,3302,18861,8403,24781,17194,13577,2692,1,24686,12373,14289,1.0,22:31,2015,2016
2015-16,203499,Shane Larkin,Shane,1610612751,BKN,Brooklyn Nets,21500876,2016-02-27T00:00:00,BKN @ UTA,W,21.2,2.0,0.0,0.0,4.0,9.0,4.0,7.0,22.0,0.0,0.0,3.0,0.0,12.7,1,1,1,1,14928,6026,10158,9917,8599,15771,8458,15538,10265,8004,1,17641,18762,17201,1.0,21:10,2015,2016
2015-16,203953,Jabari Parker,Jabari,1610612749,MIL,Milwaukee Bucks,21500873,2016-02-27T00:00:00,MIL vs. DET,L,34.3,0.0,0.0,2.0,6.0,23.0,10.0,11.0,24.0,0.0,0.0,2.0,3.0,21.5,1,13074,13074,13074,4069,12059,10158,4675,5299,25803,20509,21342,8723,8004,1,11390,4736,10755,1.0,34:20,2015,2016
2015-16,201959,Taj Gibson,Taj,1610612741,CHI,Chicago Bulls,21500871,2016-02-27T00:00:00,CHI vs. POR,L,20.1,5.0,0.0,0.0,4.0,2.0,4.0,15.0,16.0,2.0,1.0,5.0,3.0,16.6,1,13074,13074,13074,15829,1603,10158,9917,8599,2619,8458,24242,15259,932,17214,24686,4736,14125,1.0,20:07,2015,2016
2015-16,203900,Markel Brown,Markel,1610612751,BKN,Brooklyn Nets,21500876,2016-02-27T00:00:00,BKN @ UTA,W,18.0,2.0,0.0,2.0,2.0,12.0,4.0,5.0,22.0,0.0,0.0,1.0,3.0,18.0,1,1,1,1,17551,6026,10158,4675,12984,20178,8458,11593,10265,8004,1,4972,4736,13164,1.0,17:57,2015,2016
2015-16,203462,Archie Goodwin,Archie,1610612756,PHX,Phoenix Suns,21500875,2016-02-27T00:00:00,PHX vs. MEM,W,24.0,0.0,0.0,2.0,6.0,2.0,5.0,8.0,20.0,0.0,1.0,0.0,3.0,18.6,1,1,1,1,12549,12059,10158,4675,5299,2619,11469,17194,11929,8004,17214,1,4736,12715,1.0,24:00,2015,2016
2015-16,203898,Tyler Ennis,Tyler,1610612749,MIL,Milwaukee Bucks,21500873,2016-02-27T00:00:00,MIL vs. DET,L,2.8,0.0,0.0,0.0,0.0,0.0,2.0,0.0,2.0,0.0,0.0,1.0,0.0,3.0,1,13074,13074,13074,25200,12059,10158,9917,18861,1,3734,1,24614,8004,1,4972,18762,23648,1.0,2:47,2015,2016
2015-16,2733,Shaun Livingston,Shaun,1610612744,GSW,Golden State Warriors,21500874,2016-02-27T00:00:00,GSW @ OKC,W,19.3,2.0,0.0,2.0,4.0,4.0,9.0,5.0,20.0,0.0,0.0,1.0,1.0,15.6,1,1,1,1,16440,6026,10158,4675,8599,6141,19144,11593,11929,8004,1,4972,12373,14916,1.0,19:20,2015,2016
2015-16,202695,Kawhi Leonard,Kawhi,1610612759,SAS,San Antonio Spurs,21500872,2016-02-27T00:00:00,SAS @ HOU,W,39.2,2.0,0.0,3.0,6.0,8.0,4.0,22.0,38.0,1.0,0.0,3.0,6.0,42.1,1,1,1,1,1012,6026,10158,3302,5299,13914,8458,25811,1422,2692,1,17641,873,1910,1.0,39:09,2015,2016
2015-16,203460,Andre Roberson,Andre,1610612760,OKC,Oklahoma City Thunder,21500874,2016-02-27T00:00:00,OKC vs. GSW,L,37.1,0.0,2.0,0.0,4.0,16.0,5.0,9.0,28.0,0.0,1.0,2.0,1.0,20.5,1,13074,13074,13074,2021,12059,4731,9917,8599,23774,11469,18829,5824,8004,17214,11390,12373,11401,1.0,37:06,2015,2016
2015-16,202362,Lance Stephenson,Lance,1610612763,MEM,Memphis Grizzlies,21500875,2016-02-27T00:00:00,MEM @ PHX,L,27.2,2.0,2.0,0.0,6.0,5.0,11.0,10.0,22.0,0.0,0.0,3.0,3.0,20.3,1,13074,13074,13074,9860,6026,4731,9917,5299,8403,21814,20169,10265,8004,1,17641,4736,11534,1.0,27:11,2015,2016
2015-16,201961,Wayne Ellington,Wayne,1610612751,BKN,Brooklyn Nets,21500876,2016-02-27T00:00:00,BKN @ UTA,W,35.7,4.0,0.0,7.0,6.0,19.0,8.0,10.0,42.0,0.0,1.0,2.0,2.0,31.2,1,1,1,1,2999,2460,10158,454,5299,25074,17345,20169,670,8004,17214,11390,7786,5304,1.0,35:41,2015,2016
2015-16,203114,Khris Middleton,Khris,1610612749,MIL,Milwaukee Bucks,21500873,2016-02-27T00:00:00,MIL vs. DET,L,39.5,0.0,0.0,2.0,12.0,17.0,3.0,8.0,32.0,1.0,0.0,4.0,5.0,42.4,1,13074,13074,13074,888,12059,10158,4675,988,24337,7138,17194,3535,2692,1,22104,1539,1860,1.0,39:30,2015,2016
2015-16,202704,Reggie Jackson,Reggie,1610612765,DET,Detroit Pistons,21500873,2016-02-27T00:00:00,DET @ MIL,W,31.2,2.0,0.0,0.0,8.0,0.0,2.0,4.0,34.0,0.0,0.0,5.0,8.0,40.4,1,1,1,1,6605,6026,10158,9917,3109,1,3734,8806,2701,8004,1,24686,254,2274,1.0,31:09,2015,2016
2015-16,203498,Shabazz Muhammad,Shabazz,1610612750,MIN,Minnesota Timberwolves,21500870,2016-02-27T00:00:00,MIN @ NOP,W,25.0,3.0,3.0,2.0,2.0,4.0,2.0,15.0,24.0,0.0,0.0,1.0,3.0,19.7,1,1,1,1,11698,4307,3104,4675,12984,6141,3734,24242,8723,8004,1,4972,4736,11962,1.0,24:58,2015,2016
2015-16,203526,Raul Neto,Raul,1610612762,UTA,Utah Jazz,21500876,2016-02-27T00:00:00,UTA vs. BKN,L,12.5,2.0,0.0,2.0,0.0,2.0,6.0,2.0,14.0,0.0,0.0,1.0,2.0,15.9,1,13074,13074,13074,21283,6026,10158,4675,18861,2619,13237,4025,17019,8004,1,4972,7786,14675,1.0,12:29,2015,2016
2015-16,201564,O.J. Mayo,O.J.,1610612749,MIL,Milwaukee Bucks,21500873,2016-02-27T00:00:00,MIL vs. DET,L,25.3,0.0,0.0,0.0,0.0,11.0,2.0,6.0,22.0,0.0,0.0,5.0,1.0,12.4,1,13074,13074,13074,11485,12059,10158,9917,18861,18886,3734,13388,10265,8004,1,24686,12373,17418,1.0,25:15,2015,2016
2015-16,2225,Tony Parker,Tony,1610612759,SAS,San Antonio Spurs,21500872,2016-02-27T00:00:00,SAS @ HOU,W,32.7,2.0,0.0,0.0,6.0,6.0,6.0,21.0,34.0,0.0,1.0,3.0,4.0,20.2,1,1,1,1,5345,6026,10158,9917,5299,10028,13237,25725,2701,8004,17214,17641,2748,11610,1.0,32:42,2015,2016
2015-16,203937,Kyle Anderson,Kyle,1610612759,SAS,San Antonio Spurs,21500872,2016-02-27T00:00:00,SAS @ HOU,W,23.0,6.0,0.0,2.0,4.0,6.0,4.0,14.0,32.0,0.0,1.0,1.0,3.0,20.1,1,1,1,1,13361,878,10158,4675,8599,10028,8458,23710,3535,8004,17214,4972,4736,11685,1.0,23:01,2015,2016
2015-16,203210,JaMychal Green,JaMychal,1610612763,MEM,Memphis Grizzlies,21500875,2016-02-27T00:00:00,MEM @ PHX,L,15.9,0.0,2.0,0.0,6.0,2.0,9.0,4.0,10.0,1.0,0.0,3.0,0.0,15.9,1,13074,13074,13074,19116,12059,4731,9917,5299,2619,19144,8806,20209,2692,1,17641,18762,14675,1.0,15:55,2015,2016
2015-16,203084,Harrison Barnes,Harrison,1610612744,GSW,Golden State Warriors,21500874,2016-02-27T00:00:00,GSW @ OKC,W,33.8,2.0,2.0,0.0,4.0,7.0,11.0,5.0,38.0,1.0,0.0,3.0,1.0,11.7,1,1,1,1,4536,6026,4731,9917,8599,12242,21814,11593,1422,2692,1,17641,12373,17903,1.0,33:46,2015,2016
2015-16,2440,Matt Barnes,Matt,1610612763,MEM,Memphis Grizzlies,21500875,2016-02-27T00:00:00,MEM @ PHX,L,37.5,2.0,0.0,2.0,2.0,6.0,19.0,6.0,32.0,0.0,0.0,3.0,3.0,26.7,1,13074,13074,13074,1765,6026,10158,4675,12984,10028,25786,13388,3535,8004,1,17641,4736,7525,1.0,37:29,2015,2016
2015-16,2746,Josh Smith,Josh,1610612745,HOU,Houston Rockets,21500872,2016-02-27T00:00:00,HOU vs. SAS,L,28.6,0.0,0.0,0.0,2.0,6.0,6.0,5.0,24.0,0.0,0.0,3.0,1.0,15.6,1,13074,13074,13074,8770,12059,10158,9917,12984,10028,13237,11593,8723,8004,1,17641,12373,14916,1.0,28:33,2015,2016
2015-16,201572,Brook Lopez,Brook,1610612751,BKN,Brooklyn Nets,21500876,2016-02-27T00:00:00,BKN @ UTA,W,34.1,2.0,2.0,0.0,12.0,17.0,11.0,8.0,40.0,1.0,4.0,3.0,2.0,31.2,1,1,1,1,4236,6026,4731,9917,988,24337,21814,17194,983,2692,25926,17641,7786,5304,1.0,34:09,2015,2016
2015-16,203459,Allen Crabbe,Allen,1610612757,POR,Portland Trail Blazers,21500871,2016-02-27T00:00:00,POR @ CHI,W,34.5,0.0,2.0,3.0,2.0,5.0,5.0,2.0,22.0,0.0,1.0,1.0,0.0,20.6,1,1,1,1,3939,12059,4731,3302,12984,8403,11469,4025,10265,8004,17214,4972,18762,11314,1.0,34:31,2015,2016
2015-16,202687,Bismack Biyombo,Bismack,1610612761,TOR,Toronto Raptors,21500864,2016-02-26T00:00:00,TOR vs. CLE,W,19.6,0.0,0.0,0.0,10.0,1.0,9.0,3.0,12.0,0.0,0.0,0.0,1.0,15.8,1,1,1,1,16226,12059,10158,9917,1840,2356,19144,7328,18637,8004,1,1,12373,14754,1.0,19:36,2015,2016
2015-16,2546,Carmelo Anthony,Carmelo,1610612752,NYK,New York Knicks,21500863,2016-02-26T00:00:00,NYK vs. ORL,W,35.8,6.0,2.0,0.0,8.0,13.0,9.0,9.0,32.0,0.0,0.0,2.0,5.0,41.2,1,1,1,1,2915,878,4731,9917,3109,21300,19144,18829,3535,8004,1,11390,1539,2099,1.0,35:46,2015,2016
2015-16,201577,Robin Lopez,Robin,1610612752,NYK,New York Knicks,21500863,2016-02-26T00:00:00,NYK vs. ORL,W,30.8,2.0,6.0,2.0,10.0,15.0,9.0,9.0,30.0,2.0,0.0,3.0,3.0,31.6,1,1,1,1,6877,6026,481,4675,1840,23079,19144,18829,4541,932,1,17641,4736,5130,1.0,30:50,2015,2016
2015-16,101145,Monta Ellis,Monta,1610612754,IND,Indiana Pacers,21500861,2016-02-26T00:00:00,IND vs. CHA,L,41.4,6.0,0.0,4.0,4.0,16.0,10.0,4.0,30.0,0.0,1.0,1.0,4.0,20.2,1,13074,13074,13074,402,878,10158,1913,8599,23774,20509,8806,4541,8004,17214,4972,2748,11610,1.0,41:25,2015,2016
2015-16,201143,Al Horford,Al,1610612737,ATL,Atlanta Hawks,21500865,2016-02-26T00:00:00,ATL vs. CHI,W,34.0,3.0,2.0,0.0,6.0,9.0,19.0,4.0,26.0,4.0,0.0,2.0,0.0,43.0,1,1,1,1,4372,4307,4731,9917,5299,15771,25786,8806,7214,132,1,11390,18762,1733,1.0,33:58,2015,2016
2015-16,200826,J.J. Barea,J.J.,1610612742,DAL,Dallas Mavericks,21500866,2016-02-26T00:00:00,DAL vs. DEN,W,15.7,0.0,0.0,0.0,6.0,5.0,3.0,9.0,16.0,0.0,0.0,0.0,1.0,12.1,1,1,1,1,19252,12059,10158,9917,5299,8403,7138,18829,15259,8004,1,1,12373,17639,1.0,15:43,2015,2016
2015-16,2734,Devin Harris,Devin,1610612742,DAL,Dallas Mavericks,21500866,2016-02-26T00:00:00,DAL vs. DEN,W,22.4,4.0,0.0,2.0,4.0,8.0,3.0,10.0,20.0,0.0,0.0,2.0,4.0,20.4,1,1,1,1,13853,2460,10158,4675,8599,13914,7138,20169,11929,8004,1,11390,2748,11453,1.0,22:23,2015,2016
2015-16,202684,Tristan Thompson,Tristan,1610612739,CLE,Cleveland Cavaliers,21500864,2016-02-26T00:00:00,CLE @ TOR,L,28.9,2.0,4.0,0.0,6.0,7.0,10.0,1.0,26.0,0.0,0.0,3.0,1.0,20.0,1,13074,13074,13074,8483,6026,1596,9917,5299,12242,20509,3646,7214,8004,1,17641,12373,11752,1.0,28:52,2015,2016
2015-16,201148,Brandan Wright,Brandan,1610612763,MEM,Memphis Grizzlies,21500868,2016-02-26T00:00:00,MEM @ LAL,W,18.4,2.0,4.0,2.0,6.0,6.0,2.0,4.0,22.0,2.0,0.0,3.0,2.0,20.0,1,1,1,1,17220,6026,1596,4675,5299,10028,3734,8806,10265,932,1,17641,7786,11752,1.0,18:21,2015,2016
2015-16,201567,Kevin Love,Kevin,1610612739,CLE,Cleveland Cavaliers,21500864,2016-02-26T00:00:00,CLE @ TOR,L,35.1,0.0,4.0,0.0,6.0,10.0,10.0,2.0,38.0,0.0,0.0,3.0,8.0,41.3,1,13074,13074,13074,3438,12059,1596,9917,5299,17370,20509,4025,1422,8004,1,17641,254,2074,1.0,35:08,2015,2016
2015-16,201144,Mike Conley,Mike,1610612763,MEM,Memphis Grizzlies,21500868,2016-02-26T00:00:00,MEM @ LAL,W,28.7,2.0,0.0,4.0,6.0,4.0,5.0,3.0,22.0,0.0,0.0,2.0,2.0,30.7,1,1,1,1,8678,6026,10158,1913,5299,6141,11469,7328,10265,8004,1,11390,7786,5539,1.0,28:40,2015,2016
2015-16,101162,Marcin Gortat,Marcin,1610612764,WAS,Washington Wizards,21500862,2016-02-26T00:00:00,WAS @ PHI,W,26.3,2.0,4.0,2.0,12.0,7.0,0.0,12.0,30.0,1.0,1.0,2.0,1.0,31.2,1,1,1,1,10611,6026,1596,4675,988,12242,1,22259,4541,2692,17214,11390,12373,5304,1.0,26:17,2015,2016
2015-16,203944,Julius Randle,Julius,1610612747,LAL,Los Angeles Lakers,21500868,2016-02-26T00:00:00,LAL vs. MEM,L,25.0,6.0,2.0,4.0,12.0,6.0,6.0,11.0,24.0,0.0,2.0,3.0,5.0,26.4,1,13074,13074,13074,11713,878,4731,1913,988,10028,13237,21342,8723,8004,23588,17641,1539,7672,1.0,24:57,2015,2016
2015-16,201956,Omri Casspi,Omri,1610612758,SAC,Sacramento Kings,21500867,2016-02-26T00:00:00,SAC vs. LAC,L,24.6,2.0,2.0,2.0,6.0,8.0,1.0,5.0,10.0,0.0,0.0,1.0,1.0,15.8,1,13074,13074,13074,12017,6026,4731,4675,5299,13914,3393,11593,20209,8004,1,4972,12373,14754,1.0,24:36,2015,2016
2015-16,202696,Nikola Vučević,Nikola,1610612753,ORL,Orlando Magic,21500863,2016-02-26T00:00:00,ORL @ NYK,L,28.3,0.0,0.0,0.0,8.0,10.0,8.0,4.0,26.0,0.0,0.0,2.0,2.0,30.1,1,13074,13074,13074,8982,12059,10158,9917,3109,17370,17345,8806,7214,8004,1,11390,7786,5794,1.0,28:21,2015,2016
2015-16,2544,LeBron James,LeBron,1610612739,CLE,Cleveland Cavaliers,21500864,2016-02-26T00:00:00,CLE @ TOR,L,40.5,4.0,3.0,4.0,10.0,15.0,13.0,1.0,30.0,0.0,0.0,2.0,6.0,42.1,1,13074,13074,13074,607,2460,3104,1913,1840,23079,23668,3646,4541,8004,1,11390,873,1910,1.0,40:29,2015,2016
2015-16,202718,Chandler Parsons,Chandler,1610612742,DAL,Dallas Mavericks,21500866,2016-02-26T00:00:00,DAL vs. DEN,W,40.0,0.0,0.0,0.0,8.0,10.0,21.0,6.0,46.0,0.0,1.0,3.0,2.0,40.0,1,1,1,1,743,12059,10158,9917,3109,17370,25962,13388,298,8004,17214,17641,7786,2364,1.0,39:57,2015,2016
2015-16,204456,T.J. McConnell,T.J.,1610612755,PHI,Philadelphia 76ers,21500862,2016-02-26T00:00:00,PHI vs. WAS,L,18.2,0.0,0.0,2.0,6.0,2.0,3.0,15.0,24.0,0.0,0.0,1.0,0.0,15.4,1,13074,13074,13074,17321,12059,10158,4675,5299,2619,7138,24242,8723,8004,1,4972,18762,15066,1.0,18:14,2015,2016
2015-16,203496,Robert Covington,Robert,1610612755,PHI,Philadelphia 76ers,21500862,2016-02-26T00:00:00,PHI vs. WAS,L,32.8,0.0,1.0,0.0,2.0,13.0,7.0,18.0,28.0,3.0,1.0,5.0,3.0,42.4,1,13074,13074,13074,5273,12059,9709,9917,12984,21300,15642,25228,5824,347,17214,24686,4736,1860,1.0,32:48,2015,2016
2015-16,1626170,Jerian Grant,Jerian,1610612752,NYK,New York Knicks,21500863,2016-02-26T00:00:00,NYK vs. ORL,W,16.2,0.0,0.0,0.0,0.0,5.0,2.0,0.0,8.0,0.0,0.0,1.0,0.0,15.1,1,1,1,1,18880,12059,10158,9917,18861,8403,3734,1,21543,8004,1,4972,18762,15328,1.0,16:12,2015,2016
2015-16,201952,Jeff Teague,Jeff,1610612737,ATL,Atlanta Hawks,21500865,2016-02-26T00:00:00,ATL vs. CHI,W,31.1,5.0,5.0,5.0,8.0,6.0,17.0,6.0,28.0,0.0,0.0,2.0,5.0,41.1,1,1,1,1,6628,1603,995,1277,3109,10028,25429,13388,5824,8004,1,11390,1539,2123,1.0,31:07,2015,2016
2015-16,203095,Evan Fournier,Evan,1610612753,ORL,Orlando Magic,21500863,2016-02-26T00:00:00,ORL @ NYK,L,24.5,3.0,0.0,2.0,2.0,8.0,4.0,8.0,22.0,0.0,1.0,6.0,2.0,12.4,1,13074,13074,13074,12102,4307,10158,4675,12984,13914,8458,17194,10265,8004,17214,25827,7786,17418,1.0,24:31,2015,2016
2015-16,201162,Jared Dudley,Jared,1610612764,WAS,Washington Wizards,21500862,2016-02-26T00:00:00,WAS @ PHI,W,30.0,0.0,0.0,5.0,2.0,3.0,2.0,6.0,30.0,1.0,0.0,2.0,0.0,27.1,1,1,1,1,7571,12059,10158,1277,12984,5109,3734,13388,4541,2692,1,11390,18762,7339,1.0,29:58,2015,2016
2015-16,204001,Kristaps Porziņģis,Kristaps,1610612752,NYK,New York Knicks,21500863,2016-02-26T00:00:00,NYK vs. ORL,W,25.1,2.0,2.0,2.0,12.0,9.0,9.0,2.0,26.0,2.0,0.0,1.0,2.0,40.2,1,1,1,1,11591,6026,4731,4675,988,15771,19144,4025,7214,932,1,4972,7786,2323,1.0,25:06,2015,2016
2015-16,203118,Mike Scott,Mike,1610612737,ATL,Atlanta Hawks,21500865,2016-02-26T00:00:00,ATL vs. CHI,W,17.5,0.0,0.0,0.0,2.0,5.0,2.0,2.0,4.0,0.0,0.0,2.0,0.0,12.2,1,1,1,1,17880,12059,10158,9917,12984,8403,3734,4025,23698,8004,1,11390,18762,17566,1.0,17:31,2015,2016
2015-16,203999,Nikola Jokić,Nikola,1610612743,DEN,Denver Nuggets,21500866,2016-02-26T00:00:00,DEN @ DAL,L,11.0,0.0,3.0,0.0,4.0,2.0,2.0,0.0,2.0,0.0,0.0,3.0,3.0,11.8,1,13074,13074,13074,22049,12059,3104,9917,8599,2619,3734,1,24614,8004,1,17641,4736,17832,1.0,10:58,2015,2016
2015-16,202689,Kemba Walker,Kemba,1610612766,CHA,Charlotte Hornets,21500861,2016-02-26T00:00:00,CHA @ IND,W,37.4,5.0,0.0,1.0,6.0,11.0,8.0,5.0,28.0,0.0,0.0,5.0,3.0,42.6,1,1,1,1,1830,1603,10158,9347,5299,18886,17345,11593,5824,8004,1,24686,4736,1822,1.0,37:24,2015,2016
2015-16,203914,Gary Harris,Gary,1610612743,DEN,Denver Nuggets,21500866,2016-02-26T00:00:00,DEN @ DAL,L,45.7,1.0,1.0,5.0,6.0,13.0,13.0,10.0,48.0,0.0,0.0,4.0,3.0,26.8,1,13074,13074,13074,70,11535,9709,1277,5299,21300,23668,20169,192,8004,1,22104,4736,7486,1.0,45:39,2015,2016
2015-16,1626148,Anthony Brown,Anthony,1610612747,LAL,Los Angeles Lakers,21500868,2016-02-26T00:00:00,LAL vs. MEM,L,32.0,0.0,5.0,0.0,2.0,6.0,6.0,10.0,28.0,0.0,0.0,2.0,2.0,20.0,1,13074,13074,13074,5899,12059,995,9917,12984,10028,13237,20169,5824,8004,1,11390,7786,11752,1.0,31:59,2015,2016
2015-16,1717,Dirk Nowitzki,Dirk,1610612742,DAL,Dallas Mavericks,21500866,2016-02-26T00:00:00,DAL vs. DEN,W,40.2,6.0,6.0,0.0,10.0,10.0,11.0,12.0,36.0,1.0,0.0,4.0,5.0,42.6,1,1,1,1,688,878,481,9917,1840,17370,21814,22259,1943,2692,1,22104,1539,1822,1.0,40:10,2015,2016
2015-16,1626171,Bobby Portis,Bobby,1610612741,CHI,Chicago Bulls,21500865,2016-02-26T00:00:00,CHI @ ATL,L,23.4,2.0,0.0,0.0,0.0,11.0,7.0,12.0,26.0,0.0,1.0,1.0,2.0,17.5,1,13074,13074,13074,13030,6026,10158,9917,18861,18886,15642,22259,7214,8004,17214,4972,7786,13528,1.0,23:25,2015,2016
2015-16,101133,Ian Mahinmi,Ian,1610612754,IND,Indiana Pacers,21500861,2016-02-26T00:00:00,IND vs. CHA,L,32.2,1.0,0.0,0.0,2.0,9.0,7.0,0.0,24.0,0.0,1.0,2.0,3.0,27.8,1,13074,13074,13074,5726,11535,10158,9917,12984,15771,15642,1,8723,8004,17214,11390,4736,6950,1.0,32:12,2015,2016
2015-16,202681,Kyrie Irving,Kyrie,1610612739,CLE,Cleveland Cavaliers,21500864,2016-02-26T00:00:00,CLE @ TOR,L,31.2,2.0,0.0,2.0,6.0,10.0,7.0,2.0,36.0,0.0,0.0,2.0,2.0,13.7,1,13074,13074,13074,6565,6026,10158,4675,5299,17370,15642,4025,1943,8004,1,11390,7786,16393,1.0,31:11,2015,2016
2015-16,202693,Markieff Morris,Markieff,1610612764,WAS,Washington Wizards,21500862,2016-02-26T00:00:00,WAS @ PHI,W,18.0,4.0,0.0,2.0,2.0,9.0,0.0,10.0,14.0,2.0,0.0,4.0,2.0,27.4,1,1,1,1,17489,2460,10158,4675,12984,15771,1,20169,17019,932,1,22104,7786,7179,1.0,18:02,2015,2016
2015-16,1626143,Jahlil Okafor,Jahlil,1610612755,PHI,Philadelphia 76ers,21500862,2016-02-26T00:00:00,PHI vs. WAS,L,30.9,2.0,0.0,8.0,16.0,13.0,7.0,17.0,26.0,1.0,0.0,1.0,4.0,33.2,1,13074,13074,13074,6818,6026,10158,280,275,21300,15642,24967,7214,2692,1,4972,2748,4462,1.0,30:53,2015,2016
2015-16,203932,Aaron Gordon,Aaron,1610612753,ORL,Orlando Magic,21500863,2016-02-26T00:00:00,ORL @ NYK,L,34.3,9.0,4.0,3.0,10.0,14.0,7.0,6.0,32.0,0.0,1.0,2.0,3.0,32.6,1,13074,13074,13074,4133,171,1596,3302,1840,22292,15642,13388,3535,8004,17214,11390,4736,4687,1.0,34:15,2015,2016
2015-16,2037,Jamal Crawford,Jamal,1610612746,LAC,LA Clippers,21500867,2016-02-26T00:00:00,LAC @ SAC,W,26.4,4.0,1.0,2.0,6.0,10.0,12.0,3.0,14.0,0.0,1.0,1.0,4.0,22.2,1,1,1,1,10542,2460,9709,4675,5299,17370,22832,7328,17019,8004,17214,4972,2748,10263,1.0,26:23,2015,2016
2015-16,201588,George Hill,George,1610612754,IND,Indiana Pacers,21500861,2016-02-26T00:00:00,IND vs. CHA,L,36.5,5.0,3.0,2.0,2.0,9.0,8.0,1.0,26.0,0.0,2.0,3.0,1.0,32.7,1,13074,13074,13074,2427,1603,3104,4675,12984,15771,17345,3646,7214,8004,23588,17641,12373,4649,1.0,36:27,2015,2016
2015-16,202730,Lavoy Allen,Lavoy,1610612754,IND,Indiana Pacers,21500861,2016-02-26T00:00:00,IND vs. CHA,L,10.9,0.0,2.0,0.0,2.0,6.0,0.0,3.0,6.0,2.0,0.0,2.0,0.0,14.0,1,13074,13074,13074,22072,12059,4731,9917,12984,10028,1,7328,22724,932,1,11390,18762,16166,1.0,10:54,2015,2016
2015-16,101109,Raymond Felton,Raymond,1610612742,DAL,Dallas Mavericks,21500866,2016-02-26T00:00:00,DAL vs. DEN,W,39.6,2.0,0.0,2.0,14.0,5.0,17.0,8.0,36.0,0.0,0.0,3.0,1.0,31.8,1,1,1,1,851,6026,10158,4675,542,8403,25429,17194,1943,8004,1,17641,12373,5041,1.0,39:36,2015,2016
2015-16,202702,Kenneth Faried,Kenneth,1610612743,DEN,Denver Nuggets,21500866,2016-02-26T00:00:00,DEN @ DAL,L,33.7,4.0,6.0,2.0,14.0,13.0,8.0,10.0,30.0,1.0,0.0,4.0,4.0,39.4,1,13074,13074,13074,4563,2460,481,4675,542,21300,17345,20169,4541,2692,1,22104,2748,2530,1.0,33:45,2015,2016
2015-16,203145,Kent Bazemore,Kent,1610612737,ATL,Atlanta Hawks,21500865,2016-02-26T00:00:00,ATL vs. CHI,W,26.1,4.0,2.0,7.0,10.0,2.0,21.0,4.0,24.0,0.0,1.0,3.0,3.0,28.4,1,1,1,1,10733,2460,4731,454,1840,2619,25962,8806,8723,8004,17214,17641,4736,6663,1.0,26:09,2015,2016
2015-16,202682,Derrick Williams,Derrick,1610612752,NYK,New York Knicks,21500863,2016-02-26T00:00:00,NYK vs. ORL,W,21.0,1.0,0.0,3.0,4.0,7.0,4.0,2.0,16.0,0.0,0.0,1.0,4.0,13.6,1,1,1,1,15078,11535,10158,3302,8599,12242,8458,4025,15259,8004,1,4972,2748,16460,1.0,20:59,2015,2016
2015-16,200752,Rudy Gay,Rudy,1610612758,SAC,Sacramento Kings,21500867,2016-02-26T00:00:00,SAC vs. LAC,L,32.3,5.0,0.0,3.0,6.0,10.0,4.0,8.0,32.0,0.0,1.0,3.0,2.0,28.6,1,13074,13074,13074,5617,1603,10158,3302,5299,17370,8458,17194,3535,8004,17214,17641,7786,6560,1.0,32:20,2015,2016
2015-16,1626167,Myles Turner,Myles,1610612754,IND,Indiana Pacers,21500861,2016-02-26T00:00:00,IND vs. CHA,L,28.1,0.0,2.0,0.0,12.0,9.0,4.0,2.0,18.0,0.0,1.0,4.0,3.0,16.8,1,13074,13074,13074,9178,12059,4731,9917,988,15771,8458,4025,13577,8004,17214,22104,4736,13996,1.0,28:05,2015,2016
2015-16,201954,Darren Collison,Darren,1610612758,SAC,Sacramento Kings,21500867,2016-02-26T00:00:00,SAC vs. LAC,L,37.4,2.0,3.0,2.0,4.0,14.0,4.0,10.0,34.0,0.0,0.0,1.0,2.0,33.1,1,13074,13074,13074,1797,6026,3104,4675,8599,22292,8458,20169,2701,8004,1,4972,7786,4505,1.0,37:26,2015,2016
2015-16,1626156,D'Angelo Russell,D'Angelo,1610612747,LAL,Los Angeles Lakers,21500868,2016-02-26T00:00:00,LAL vs. MEM,L,29.9,2.0,1.0,0.0,8.0,6.0,4.0,19.0,26.0,0.0,0.0,3.0,7.0,32.1,1,13074,13074,13074,7672,6026,9709,9917,3109,10028,8458,25435,7214,8004,1,17641,469,4889,1.0,29:51,2015,2016
2015-16,203506,Victor Oladipo,Victor,1610612753,ORL,Orlando Magic,21500863,2016-02-26T00:00:00,ORL @ NYK,L,35.4,2.0,3.0,4.0,4.0,14.0,9.0,6.0,30.0,1.0,2.0,2.0,1.0,32.7,1,13074,13074,13074,3249,6026,3104,1913,8599,22292,19144,13388,4541,2692,23588,11390,12373,4649,1.0,35:22,2015,2016
2015-16,201942,DeMar DeRozan,DeMar,1610612761,TOR,Toronto Raptors,21500864,2016-02-26T00:00:00,TOR vs. CLE,W,32.3,2.0,0.0,0.0,2.0,8.0,11.0,6.0,20.0,0.0,0.0,3.0,4.0,17.2,1,1,1,1,5633,6026,10158,9917,12984,13914,21814,13388,11929,8004,1,17641,2748,13725,1.0,32:19,2015,2016
2015-16,101181,Jose Calderon,Jose,1610612752,NYK,New York Knicks,21500863,2016-02-26T00:00:00,NYK vs. ORL,W,30.9,4.0,0.0,2.0,2.0,15.0,9.0,9.0,34.0,0.0,0.0,3.0,1.0,17.1,1,1,1,1,6813,2460,10158,4675,12984,23079,19144,18829,2701,8004,1,17641,12373,13791,1.0,30:54,2015,2016
2015-16,2365,Chris Andersen,Chris,1610612763,MEM,Memphis Grizzlies,21500868,2016-02-26T00:00:00,MEM @ LAL,W,19.2,0.0,0.0,2.0,2.0,4.0,13.0,0.0,10.0,3.0,0.0,3.0,1.0,17.6,1,1,1,1,16501,12059,10158,4675,12984,6141,23668,1,20209,347,1,17641,12373,13443,1.0,19:14,2015,2016
2015-16,202685,Jonas Valančiūnas,Jonas,1610612761,TOR,Toronto Raptors,21500864,2016-02-26T00:00:00,TOR vs. CLE,W,28.4,0.0,7.0,0.0,8.0,9.0,4.0,3.0,22.0,0.0,0.0,3.0,3.0,22.8,1,1,1,1,8925,12059,292,9917,3109,15771,8458,7328,10265,8004,1,17641,4736,9883,1.0,28:24,2015,2016
2015-16,202322,John Wall,John,1610612764,WAS,Washington Wizards,21500862,2016-02-26T00:00:00,WAS @ PHI,W,38.9,5.0,0.0,11.0,12.0,7.0,2.0,14.0,38.0,1.0,1.0,2.0,6.0,51.1,1,1,1,1,1095,1603,10158,69,988,12242,3734,23710,1422,2692,17214,11390,873,645,1.0,38:56,2015,2016
2015-16,101108,Chris Paul,Chris,1610612746,LAC,LA Clippers,21500867,2016-02-26T00:00:00,LAC @ SAC,W,36.3,6.0,0.0,0.0,8.0,11.0,12.0,10.0,24.0,0.0,0.0,1.0,9.0,73.1,1,1,1,1,2532,878,10158,9917,3109,18886,22832,20169,8723,8004,1,4972,138,28,1.0,36:20,2015,2016
2015-16,203552,Seth Curry,Seth,1610612758,SAC,Sacramento Kings,21500867,2016-02-26T00:00:00,SAC vs. LAC,L,26.0,5.0,6.0,1.0,2.0,8.0,1.0,7.0,8.0,0.0,1.0,4.0,3.0,24.8,1,13074,13074,13074,10869,1603,481,9347,12984,13914,3393,15538,21543,8004,17214,22104,4736,8614,1.0,25:58,2015,2016
2015-16,2200,Pau Gasol,Pau,1610612741,CHI,Chicago Bulls,21500865,2016-02-26T00:00:00,CHI @ ATL,L,32.3,0.0,6.0,0.0,6.0,17.0,19.0,8.0,26.0,0.0,3.0,0.0,4.0,36.9,1,13074,13074,13074,5685,12059,481,9917,5299,24337,25786,17194,7214,8004,25441,1,2748,3210,1.0,32:15,2015,2016
2015-16,201941,Jordan Hill,Jordan,1610612754,IND,Indiana Pacers,21500861,2016-02-26T00:00:00,IND vs. CHA,L,15.8,2.0,2.0,0.0,2.0,7.0,3.0,5.0,8.0,0.0,0.0,3.0,2.0,11.5,1,13074,13074,13074,19227,6026,4731,9917,12984,12242,7138,11593,21543,8004,1,17641,7786,18079,1.0,15:46,2015,2016
2015-16,1626204,Larry Nance Jr.,Larry,1610612747,LAL,Los Angeles Lakers,21500868,2016-02-26T00:00:00,LAL vs. MEM,L,14.8,0.0,0.0,0.0,2.0,4.0,4.0,12.0,22.0,0.0,0.0,3.0,0.0,11.5,1,13074,13074,13074,19916,12059,10158,9917,12984,6141,8458,22259,10265,8004,1,17641,18762,18079,1.0,14:46,2015,2016
2015-16,200794,Paul Millsap,Paul,1610612737,ATL,Atlanta Hawks,21500865,2016-02-26T00:00:00,ATL vs. CHI,W,32.5,2.0,4.0,0.0,4.0,4.0,19.0,6.0,28.0,5.0,1.0,4.0,4.0,51.6,1,1,1,1,5503,6026,1596,9917,8599,6141,25786,13388,5824,59,17214,22104,2748,604,1.0,32:30,2015,2016
2015-16,2403,Nene,ene,1610612764,WAS,Washington Wizards,21500862,2016-02-26T00:00:00,WAS @ PHI,W,21.7,2.0,1.0,2.0,4.0,5.0,2.0,4.0,14.0,1.0,1.0,2.0,4.0,24.1,1,1,1,1,14434,6026,9709,4675,8599,8403,3734,8806,17019,2692,17214,11390,2748,9068,1.0,21:43,2015,2016
2015-16,202362,Lance Stephenson,Lance,1610612763,MEM,Memphis Grizzlies,21500868,2016-02-26T00:00:00,MEM @ LAL,W,25.6,0.0,4.0,8.0,12.0,4.0,13.0,3.0,22.0,0.0,1.0,3.0,0.0,28.9,1,1,1,1,11178,12059,1596,280,988,6141,23668,7328,10265,8004,17214,17641,18762,6414,1.0,25:38,2015,2016
2015-16,200768,Kyle Lowry,Kyle,1610612761,TOR,Toronto Raptors,21500864,2016-02-26T00:00:00,TOR vs. CLE,W,42.8,10.0,4.0,1.0,18.0,10.0,13.0,6.0,32.0,0.0,0.0,4.0,13.0,72.5,1,1,1,1,216,99,1596,9347,131,17370,23668,13388,3535,8004,1,22104,14,31,1.0,42:49,2015,2016
2015-16,200755,JJ Redick,JJ,1610612746,LAC,LA Clippers,21500867,2016-02-26T00:00:00,LAC @ SAC,W,34.7,4.0,0.0,3.0,6.0,9.0,12.0,9.0,26.0,0.0,1.0,0.0,2.0,24.1,1,1,1,1,3826,2460,10158,3302,5299,15771,22832,18829,7214,8004,17214,1,7786,9068,1.0,34:39,2015,2016
2015-16,101107,Marvin Williams,Marvin,1610612766,CHA,Charlotte Hornets,21500861,2016-02-26T00:00:00,CHA @ IND,W,34.9,2.0,3.0,0.0,6.0,11.0,8.0,5.0,30.0,2.0,0.0,2.0,4.0,51.1,1,1,1,1,3623,6026,3104,9917,5299,18886,17345,11593,4541,932,1,11390,2748,645,1.0,34:53,2015,2016
2015-16,101135,David Lee,David,1610612742,DAL,Dallas Mavericks,21500866,2016-02-26T00:00:00,DAL vs. DEN,W,25.1,0.0,6.0,0.0,10.0,9.0,9.0,6.0,24.0,0.0,2.0,2.0,3.0,35.8,1,1,1,1,11619,12059,481,9917,1840,15771,19144,13388,8723,8004,23588,11390,4736,3541,1.0,25:04,2015,2016
2015-16,202326,DeMarcus Cousins,DeMarcus,1610612758,SAC,Sacramento Kings,21500867,2016-02-26T00:00:00,SAC vs. LAC,L,37.0,0.0,3.0,0.0,6.0,14.0,4.0,8.0,36.0,2.0,2.0,3.0,9.0,62.5,1,13074,13074,13074,2077,12059,3104,9917,5299,22292,8458,17194,1943,932,23588,17641,138,132,1.0,37:00,2015,2016
2015-16,202331,Paul George,Paul,1610612754,IND,Indiana Pacers,21500861,2016-02-26T00:00:00,IND vs. CHA,L,35.0,2.0,4.0,0.0,8.0,9.0,10.0,1.0,26.0,1.0,1.0,5.0,3.0,54.2,1,13074,13074,13074,3509,6026,1596,9917,3109,15771,20509,3646,7214,2692,17214,24686,4736,432,1.0,35:02,2015,2016
2015-16,201571,D.J. Augustin,D.J.,1610612743,DEN,Denver Nuggets,21500866,2016-02-26T00:00:00,DEN @ DAL,L,35.7,5.0,0.0,6.0,8.0,9.0,17.0,6.0,42.0,0.0,1.0,0.0,2.0,28.9,1,13074,13074,13074,3014,1603,10158,740,3109,15771,25429,13388,670,8004,17214,1,7786,6414,1.0,35:39,2015,2016
2015-16,101138,Brandon Bass,Brandon,1610612747,LAL,Los Angeles Lakers,21500868,2016-02-26T00:00:00,LAL vs. MEM,L,17.0,0.0,0.0,1.0,2.0,0.0,2.0,6.0,16.0,0.0,1.0,0.0,2.0,7.4,1,13074,13074,13074,18307,12059,10158,9347,12984,1,3734,13388,15259,8004,17214,1,7786,20912,1.0,16:57,2015,2016
2015-16,1626209,Mario Hezonja,Mario,1610612753,ORL,Orlando Magic,21500863,2016-02-26T00:00:00,ORL @ NYK,L,26.5,2.0,0.0,0.0,2.0,11.0,9.0,5.0,24.0,0.0,0.0,4.0,1.0,23.9,1,13074,13074,13074,10462,6026,10158,9917,12984,18886,19144,11593,8723,8004,1,22104,12373,9184,1.0,26:29,2015,2016
2015-16,201589,Darrell Arthur,Darrell,1610612743,DEN,Denver Nuggets,21500866,2016-02-26T00:00:00,DEN @ DAL,L,29.6,0.0,2.0,0.0,4.0,9.0,8.0,6.0,34.0,1.0,0.0,4.0,1.0,29.1,1,13074,13074,13074,7882,12059,4731,9917,8599,15771,17345,13388,2701,2692,1,22104,12373,6285,1.0,29:36,2015,2016
2015-16,1713,Vince Carter,Vince,1610612763,MEM,Memphis Grizzlies,21500868,2016-02-26T00:00:00,MEM @ LAL,W,19.6,2.0,2.0,3.0,4.0,0.0,6.0,2.0,16.0,0.0,1.0,1.0,0.0,24.6,1,1,1,1,16236,6026,4731,3302,8599,1,13237,4025,15259,8004,17214,4972,18762,8724,1.0,19:35,2015,2016
2015-16,201145,Jeff Green,Jeff,1610612746,LAC,LA Clippers,21500867,2016-02-26T00:00:00,LAC @ SAC,W,30.6,2.0,4.0,3.0,8.0,11.0,8.0,8.0,22.0,1.0,0.0,5.0,1.0,29.0,1,1,1,1,7012,6026,1596,3302,3109,18886,17345,17194,10265,2692,1,24686,12373,6346,1.0,30:37,2015,2016
2015-16,203926,Doug McDermott,Doug,1610612741,CHI,Chicago Bulls,21500865,2016-02-26T00:00:00,CHI @ ATL,L,30.6,7.0,6.0,4.0,8.0,11.0,12.0,15.0,28.0,0.0,1.0,1.0,5.0,26.0,1,13074,13074,13074,7044,548,481,1913,3109,18886,22832,24242,5824,8004,17214,4972,1539,7910,1.0,30:34,2015,2016
2015-16,201156,Nick Young,Nick,1610612747,LAL,Los Angeles Lakers,21500868,2016-02-26T00:00:00,LAL vs. MEM,L,17.1,0.0,3.0,1.0,0.0,4.0,6.0,13.0,22.0,2.0,0.0,0.0,1.0,14.6,1,13074,13074,13074,18210,12059,3104,9347,18861,6141,13237,23048,10265,932,1,1,12373,15699,1.0,17:05,2015,2016
2015-16,101114,Deron Williams,Deron,1610612742,DAL,Dallas Mavericks,21500866,2016-02-26T00:00:00,DAL vs. DEN,W,31.3,0.0,0.0,3.0,0.0,13.0,15.0,6.0,32.0,0.0,0.0,4.0,5.0,15.0,1,1,1,1,6498,12059,10158,3302,18861,21300,24781,13388,3535,8004,1,22104,1539,15404,1.0,31:16,2015,2016
2015-16,101187,Alan Anderson,Alan,1610612764,WAS,Washington Wizards,21500862,2016-02-26T00:00:00,WAS @ PHI,W,15.8,0.0,2.0,3.0,0.0,3.0,2.0,2.0,10.0,1.0,0.0,2.0,2.0,10.4,1,1,1,1,19201,12059,4731,3302,18861,5109,3734,4025,20209,2692,1,11390,7786,18859,1.0,15:48,2015,2016
2015-16,101150,Lou Williams,Lou,1610612747,LAL,Los Angeles Lakers,21500868,2016-02-26T00:00:00,LAL vs. MEM,L,23.6,0.0,0.0,0.0,4.0,4.0,6.0,15.0,32.0,0.0,0.0,0.0,2.0,23.7,1,13074,13074,13074,12884,12059,10158,9917,8599,6141,13237,24242,3535,8004,1,1,7786,9329,1.0,23:37,2015,2016
2015-16,2399,Mike Dunleavy,Mike,1610612741,CHI,Chicago Bulls,21500865,2016-02-26T00:00:00,CHI @ ATL,L,24.8,0.0,0.0,0.0,0.0,12.0,16.0,8.0,26.0,1.0,2.0,0.0,1.0,23.1,1,13074,13074,13074,11828,12059,10158,9917,18861,20178,25155,17194,7214,2692,23588,1,12373,9699,1.0,24:48,2015,2016
2015-16,203457,Nerlens Noel,Nerlens,1610612755,PHI,Philadelphia 76ers,21500862,2016-02-26T00:00:00,PHI vs. WAS,L,30.8,0.0,1.0,2.0,4.0,13.0,2.0,23.0,34.0,0.0,1.0,3.0,3.0,25.6,1,13074,13074,13074,6924,12059,9709,4675,8599,21300,3734,25880,2701,8004,17214,17641,4736,8157,1.0,30:45,2015,2016
2015-16,203798,PJ Hairston,PJ,1610612763,MEM,Memphis Grizzlies,21500868,2016-02-26T00:00:00,MEM @ LAL,W,30.5,2.0,0.0,2.0,6.0,12.0,11.0,7.0,30.0,0.0,0.0,4.0,0.0,25.8,1,1,1,1,7126,6026,10158,4675,5299,20178,21814,15538,4541,8004,1,22104,18762,8022,1.0,30:28,2015,2016
2015-16,203082,Terrence Ross,Terrence,1610612761,TOR,Toronto Raptors,21500864,2016-02-26T00:00:00,TOR vs. CLE,W,27.1,3.0,0.0,0.0,2.0,5.0,7.0,3.0,18.0,0.0,0.0,1.0,1.0,18.9,1,1,1,1,9971,4307,10158,9917,12984,8403,15642,7328,13577,8004,1,4972,12373,12513,1.0,27:03,2015,2016
2015-16,201568,Danilo Gallinari,Danilo,1610612743,DEN,Denver Nuggets,21500866,2016-02-26T00:00:00,DEN @ DAL,L,28.0,2.0,3.0,0.0,4.0,8.0,4.0,4.0,28.0,1.0,0.0,2.0,4.0,25.9,1,13074,13074,13074,9258,6026,3104,9917,8599,13914,8458,8806,5824,2692,1,11390,2748,7960,1.0,27:57,2015,2016
2015-16,201587,Nicolas Batum,Nicolas,1610612766,CHA,Charlotte Hornets,21500861,2016-02-26T00:00:00,CHA @ IND,W,32.8,2.0,0.0,0.0,2.0,10.0,7.0,4.0,26.0,1.0,0.0,3.0,1.0,22.9,1,1,1,1,5273,6026,10158,9917,12984,17370,15642,8806,7214,2692,1,17641,12373,9811,1.0,32:48,2015,2016
2015-16,2744,Al Jefferson,Al,1610612766,CHA,Charlotte Hornets,21500861,2016-02-26T00:00:00,CHA @ IND,W,20.6,3.0,0.0,0.0,4.0,7.0,7.0,3.0,12.0,2.0,0.0,1.0,1.0,19.1,1,1,1,1,15436,4307,10158,9917,8599,12242,15642,7328,18637,932,1,4972,12373,12372,1.0,20:33,2015,2016
2015-16,202083,Wesley Matthews,Wesley,1610612742,DAL,Dallas Mavericks,21500866,2016-02-26T00:00:00,DAL vs. DEN,W,40.6,3.0,5.0,3.0,0.0,10.0,20.0,10.0,44.0,0.0,0.0,6.0,4.0,25.6,1,1,1,1,591,4307,995,3302,18861,17370,25875,20169,454,8004,1,25827,2748,8157,1.0,40:33,2015,2016
2015-16,203924,Jerami Grant,Jerami,1610612755,PHI,Philadelphia 76ers,21500862,2016-02-26T00:00:00,PHI vs. WAS,L,23.7,5.0,0.0,2.0,6.0,4.0,6.0,12.0,30.0,1.0,3.0,1.0,2.0,23.1,1,13074,13074,13074,12800,1603,10158,4675,5299,6141,13237,22259,4541,2692,25441,4972,7786,9699,1.0,23:43,2015,2016
2015-16,203115,Will Barton,Will,1610612743,DEN,Denver Nuggets,21500866,2016-02-26T00:00:00,DEN @ DAL,L,43.1,0.0,6.0,2.0,12.0,13.0,15.0,10.0,50.0,0.0,0.0,1.0,4.0,33.3,1,13074,13074,13074,200,12059,481,4675,988,21300,24781,20169,107,8004,1,4972,2748,4423,1.0,43:05,2015,2016
2015-16,202397,Ish Smith,Ish,1610612755,PHI,Philadelphia 76ers,21500862,2016-02-26T00:00:00,PHI vs. WAS,L,29.8,2.0,0.0,2.0,8.0,13.0,6.0,14.0,24.0,0.0,1.0,2.0,2.0,34.4,1,13074,13074,13074,7751,6026,10158,4675,3109,21300,13237,23710,8723,8004,17214,11390,7786,4029,1.0,29:46,2015,2016
2015-16,201959,Taj Gibson,Taj,1610612741,CHI,Chicago Bulls,21500865,2016-02-26T00:00:00,CHI @ ATL,L,31.5,0.0,5.0,0.0,8.0,14.0,14.0,12.0,32.0,1.0,0.0,4.0,3.0,22.9,1,13074,13074,13074,6324,12059,995,9917,3109,22292,24300,22259,3535,2692,1,22104,4736,9811,1.0,31:29,2015,2016
2015-16,201584,Courtney Lee,Courtney,1610612766,CHA,Charlotte Hornets,21500861,2016-02-26T00:00:00,CHA @ IND,W,39.1,0.0,0.0,0.0,0.0,14.0,11.0,6.0,34.0,0.0,1.0,1.0,1.0,22.8,1,1,1,1,1040,12059,10158,9917,18861,22292,21814,13388,2701,8004,17214,4972,12373,9883,1.0,39:05,2015,2016
2015-16,201196,Ramon Sessions,Ramon,1610612764,WAS,Washington Wizards,21500862,2016-02-26T00:00:00,WAS @ PHI,W,20.0,0.0,0.0,2.0,8.0,7.0,2.0,6.0,16.0,0.0,0.0,1.0,0.0,14.9,1,1,1,1,15951,12059,10158,4675,3109,12242,3734,13388,15259,8004,1,4972,18762,15463,1.0,19:57,2015,2016
2015-16,201596,Mario Chalmers,Mario,1610612763,MEM,Memphis Grizzlies,21500868,2016-02-26T00:00:00,MEM @ LAL,W,15.5,0.0,0.0,0.0,0.0,4.0,3.0,4.0,18.0,0.0,0.0,5.0,4.0,10.4,1,1,1,1,19433,12059,10158,9917,18861,6141,7138,8806,13577,8004,1,24686,2748,18859,1.0,15:28,2015,2016
2015-16,201978,Chase Budinger,Chase,1610612754,IND,Indiana Pacers,21500861,2016-02-26T00:00:00,IND vs. CHA,L,11.6,0.0,0.0,0.0,2.0,5.0,2.0,2.0,4.0,0.0,0.0,0.0,3.0,10.3,1,13074,13074,13074,21773,12059,10158,9917,12984,8403,3734,4025,23698,8004,1,1,4736,18965,1.0,11:36,2015,2016
2015-16,2216,Zach Randolph,Zach,1610612763,MEM,Memphis Grizzlies,21500868,2016-02-26T00:00:00,MEM @ LAL,W,25.0,0.0,0.0,0.0,6.0,8.0,3.0,5.0,32.0,0.0,0.0,1.0,3.0,33.5,1,1,1,1,11656,12059,10158,9917,5299,13914,7138,11593,3535,8004,1,4972,4736,4348,1.0,25:01,2015,2016
2015-16,1626144,Emmanuel Mudiay,Emmanuel,1610612743,DEN,Denver Nuggets,21500866,2016-02-26T00:00:00,DEN @ DAL,L,26.3,0.0,0.0,0.0,2.0,8.0,9.0,4.0,16.0,0.0,0.0,3.0,2.0,14.4,1,13074,13074,13074,10581,12059,10158,9917,12984,13914,19144,8806,15259,8004,1,17641,7786,15857,1.0,26:19,2015,2016
2015-16,2594,Kyle Korver,Kyle,1610612737,ATL,Atlanta Hawks,21500865,2016-02-26T00:00:00,ATL vs. CHI,W,30.7,0.0,0.0,0.0,2.0,6.0,17.0,6.0,28.0,1.0,0.0,2.0,0.0,14.9,1,1,1,1,6935,12059,10158,9917,12984,10028,25429,13388,5824,2692,1,11390,18762,15463,1.0,30:44,2015,2016
2015-16,200757,Thabo Sefolosha,Thabo,1610612737,ATL,Atlanta Hawks,21500865,2016-02-26T00:00:00,ATL vs. CHI,W,18.8,2.0,2.0,0.0,8.0,5.0,2.0,0.0,4.0,0.0,0.0,2.0,1.0,14.8,1,1,1,1,16873,6026,4731,9917,3109,8403,3734,1,23698,8004,1,11390,12373,15561,1.0,18:49,2015,2016
2015-16,203490,Otto Porter Jr.,Otto,1610612764,WAS,Washington Wizards,21500862,2016-02-26T00:00:00,WAS @ PHI,W,29.3,2.0,2.0,0.0,4.0,7.0,0.0,12.0,30.0,1.0,2.0,1.0,0.0,33.5,1,1,1,1,8097,6026,4731,9917,8599,12242,1,22259,4541,2692,23588,4972,18762,4348,1.0,29:20,2015,2016
2015-16,203501,Tim Hardaway Jr.,Tim,1610612737,ATL,Atlanta Hawks,21500865,2016-02-26T00:00:00,ATL vs. CHI,W,19.0,6.0,3.0,6.0,4.0,5.0,2.0,2.0,4.0,0.0,0.0,2.0,1.0,19.7,1,1,1,1,16669,878,3104,740,8599,8403,3734,4025,23698,8004,1,11390,12373,11962,1.0,19:02,2015,2016
2015-16,203488,Mike Muscala,Mike,1610612737,ATL,Atlanta Hawks,21500865,2016-02-26T00:00:00,ATL vs. CHI,W,13.3,4.0,2.0,0.0,2.0,0.0,2.0,0.0,2.0,0.0,0.0,2.0,1.0,22.8,1,1,1,1,20805,2460,4731,9917,12984,1,3734,1,24614,8004,1,11390,12373,9883,1.0,13:18,2015,2016
2015-16,203901,Elfrid Payton,Elfrid,1610612753,ORL,Orlando Magic,21500863,2016-02-26T00:00:00,ORL @ NYK,L,27.2,0.0,0.0,0.0,6.0,12.0,6.0,6.0,24.0,0.0,0.0,2.0,2.0,25.5,1,13074,13074,13074,9822,12059,10158,9917,5299,20178,13237,13388,8723,8004,1,11390,7786,8230,1.0,27:14,2015,2016
2015-16,201167,Arron Afflalo,Arron,1610612752,NYK,New York Knicks,21500863,2016-02-26T00:00:00,NYK vs. ORL,W,31.9,2.0,0.0,0.0,2.0,11.0,11.0,6.0,36.0,0.0,1.0,0.0,2.0,34.9,1,1,1,1,5947,6026,10158,9917,12984,18886,21814,13388,1943,8004,17214,1,7786,3845,1.0,31:56,2015,2016
2015-16,201599,DeAndre Jordan,DeAndre,1610612746,LAC,LA Clippers,21500867,2016-02-26T00:00:00,LAC @ SAC,W,33.8,0.0,0.0,0.0,6.0,11.0,11.0,10.0,26.0,1.0,1.0,5.0,3.0,23.2,1,1,1,1,4515,12059,10158,9917,5299,18886,21814,20169,7214,2692,17214,24686,4736,9630,1.0,33:48,2015,2016
2015-16,203087,Jeremy Lamb,Jeremy,1610612766,CHA,Charlotte Hornets,21500861,2016-02-26T00:00:00,CHA @ IND,W,13.0,2.0,0.0,2.0,2.0,4.0,4.0,3.0,8.0,0.0,0.0,4.0,0.0,6.4,1,1,1,1,20997,6026,10158,4675,12984,6141,8458,7328,21543,8004,1,22104,18762,21589,1.0,12:58,2015,2016
2015-16,1626273,Marcelo Huertas,Marcelo,1610612747,LAL,Los Angeles Lakers,21500868,2016-02-26T00:00:00,LAL vs. MEM,L,6.9,0.0,3.0,2.0,2.0,0.0,2.0,0.0,2.0,0.0,0.0,0.0,0.0,11.2,1,13074,13074,13074,23589,12059,3104,4675,12984,1,3734,1,24614,8004,1,1,18762,18267,1.0,6:55,2015,2016
2015-16,201228,C.J. Watson,C.J.,1610612753,ORL,Orlando Magic,21500863,2016-02-26T00:00:00,ORL @ NYK,L,14.4,0.0,0.0,0.0,0.0,5.0,5.0,5.0,18.0,0.0,0.0,1.0,0.0,5.6,1,13074,13074,13074,20156,12059,10158,9917,18861,8403,11469,11593,13577,8004,1,4972,18762,22133,1.0,14:25,2015,2016
2015-16,202734,E'Twaun Moore,E'Twaun,1610612741,CHI,Chicago Bulls,21500865,2016-02-26T00:00:00,CHI @ ATL,L,22.0,0.0,0.0,0.0,2.0,9.0,6.0,12.0,26.0,0.0,0.0,4.0,3.0,5.7,1,13074,13074,13074,14194,12059,10158,9917,12984,15771,13237,22259,7214,8004,1,22104,4736,22054,1.0,21:59,2015,2016
2015-16,203124,Kyle O'Quinn,Kyle,1610612752,NYK,New York Knicks,21500863,2016-02-26T00:00:00,NYK vs. ORL,W,4.9,0.0,0.0,0.0,0.0,0.0,0.0,0.0,2.0,0.0,0.0,1.0,1.0,1.2,1,1,1,1,24402,12059,10158,9917,18861,1,1,1,24614,8004,1,4972,12373,24661,1.0,4:54,2015,2016
2015-16,203200,Justin Holiday,Justin,1610612741,CHI,Chicago Bulls,21500865,2016-02-26T00:00:00,CHI @ ATL,L,20.3,0.0,0.0,0.0,0.0,13.0,7.0,8.0,20.0,0.0,0.0,2.0,0.0,11.4,1,13074,13074,13074,15679,12059,10158,9917,18861,21300,15642,17194,11929,8004,1,11390,18762,18134,1.0,20:15,2015,2016
2015-16,203094,Andrew Nicholson,Andrew,1610612753,ORL,Orlando Magic,21500863,2016-02-26T00:00:00,ORL @ NYK,L,2.2,0.0,0.0,0.0,0.0,0.0,0.0,0.0,0.0,0.0,0.0,0.0,0.0,1.2,1,13074,13074,13074,25462,12059,10158,9917,18861,1,1,1,25429,8004,1,1,18762,24661,1.0,2:10,2015,2016
2015-16,201949,James Johnson,James,1610612761,TOR,Toronto Raptors,21500864,2016-02-26T00:00:00,TOR vs. CLE,W,15.7,0.0,0.0,0.0,0.0,7.0,4.0,3.0,16.0,0.0,0.0,4.0,0.0,1.4,1,1,1,1,19265,12059,10158,9917,18861,12242,8458,7328,15259,8004,1,22104,18762,24615,1.0,15:42,2015,2016
2015-16,203527,Ryan Kelly,Ryan,1610612747,LAL,Los Angeles Lakers,21500868,2016-02-26T00:00:00,LAL vs. MEM,L,5.9,2.0,2.0,0.0,0.0,0.0,2.0,0.0,2.0,0.0,0.0,1.0,2.0,6.2,1,13074,13074,13074,24029,6026,4731,9917,18861,1,3734,1,24614,8004,1,4972,7786,21696,1.0,5:51,2015,2016
2015-16,203530,Joffrey Lauvergne,Joffrey,1610612743,DEN,Denver Nuggets,21500866,2016-02-26T00:00:00,DEN @ DAL,L,3.4,0.0,0.0,0.0,0.0,0.0,0.0,0.0,0.0,0.0,0.0,1.0,0.0,1.2,1,13074,13074,13074,24961,12059,10158,9917,18861,1,1,1,25429,8004,1,4972,18762,24661,1.0,3:24,2015,2016
2015-16,202389,Timofey Mozgov,Timofey,1610612739,CLE,Cleveland Cavaliers,21500864,2016-02-26T00:00:00,CLE @ TOR,L,9.3,0.0,2.0,0.0,4.0,8.0,0.0,2.0,16.0,0.0,0.0,1.0,1.0,6.4,1,13074,13074,13074,22703,12059,4731,9917,8599,13914,1,4025,15259,8004,1,4972,12373,21589,1.0,9:19,2015,2016
2015-16,203903,Jordan Clarkson,Jordan,1610612747,LAL,Los Angeles Lakers,21500868,2016-02-26T00:00:00,LAL vs. MEM,L,28.7,0.0,0.0,0.0,8.0,10.0,10.0,12.0,38.0,0.0,3.0,0.0,0.0,16.4,1,13074,13074,13074,8647,12059,10158,9917,3109,17370,20509,22259,1422,8004,25441,1,18762,14289,1.0,28:42,2015,2016
2015-16,203078,Bradley Beal,Bradley,1610612764,WAS,Washington Wizards,21500862,2016-02-26T00:00:00,WAS @ PHI,W,27.9,0.0,0.0,2.0,4.0,11.0,0.0,14.0,28.0,0.0,0.0,1.0,4.0,16.6,1,1,1,1,9341,12059,10158,4675,8599,18886,1,23710,5824,8004,1,4972,2748,14125,1.0,27:51,2015,2016
2015-16,201155,Rodney Stuckey,Rodney,1610612754,IND,Indiana Pacers,21500861,2016-02-26T00:00:00,IND vs. CHA,L,12.3,0.0,0.0,1.0,0.0,3.0,0.0,3.0,4.0,0.0,1.0,0.0,2.0,13.0,1,13074,13074,13074,21368,12059,10158,9347,18861,5109,1,7328,23698,8004,17214,1,7786,16969,1.0,12:20,2015,2016
2015-16,2747,JR Smith,JR,1610612739,CLE,Cleveland Cavaliers,21500864,2016-02-26T00:00:00,CLE @ TOR,L,32.1,0.0,0.0,0.0,2.0,8.0,9.0,0.0,32.0,0.0,0.0,3.0,3.0,16.6,1,13074,13074,13074,5781,12059,10158,9917,12984,13914,19144,1,3535,8004,1,17641,4736,14125,1.0,32:08,2015,2016
2015-16,2440,Matt Barnes,Matt,1610612763,MEM,Memphis Grizzlies,21500868,2016-02-26T00:00:00,MEM @ LAL,W,29.1,0.0,0.0,0.0,0.0,8.0,2.0,6.0,30.0,1.0,0.0,1.0,0.0,17.9,1,1,1,1,8306,12059,10158,9917,18861,13914,3734,13388,4541,2692,1,4972,18762,13229,1.0,29:05,2015,2016
2015-16,202325,Wesley Johnson,Wesley,1610612746,LAC,LA Clippers,21500867,2016-02-26T00:00:00,LAC @ SAC,W,20.6,0.0,0.0,2.0,0.0,5.0,7.0,3.0,10.0,1.0,0.0,4.0,0.0,16.5,1,1,1,1,15436,12059,10158,4675,18861,8403,15642,7328,20209,2692,1,22104,18762,14224,1.0,20:33,2015,2016
2015-16,2034,Mike Miller,Mike,1610612743,DEN,Denver Nuggets,21500866,2016-02-26T00:00:00,DEN @ DAL,L,5.0,3.0,0.0,0.0,0.0,0.0,5.0,0.0,4.0,0.0,0.0,2.0,1.0,3.0,1,13074,13074,13074,24353,4307,10158,9917,18861,1,11469,1,23698,8004,1,11390,12373,23648,1.0,5:02,2015,2016
2015-16,203503,Tony Snell,Tony,1610612741,CHI,Chicago Bulls,21500865,2016-02-26T00:00:00,CHI @ ATL,L,20.4,0.0,4.0,0.0,4.0,18.0,11.0,9.0,22.0,0.0,2.0,3.0,1.0,8.4,1,13074,13074,13074,15578,12059,1596,9917,8599,24749,21814,18829,10265,8004,23588,17641,12373,20273,1.0,20:23,2015,2016
2015-16,201166,Aaron Brooks,Aaron,1610612741,CHI,Chicago Bulls,21500865,2016-02-26T00:00:00,CHI @ ATL,L,26.0,0.0,0.0,0.0,2.0,18.0,17.0,8.0,22.0,0.0,2.0,4.0,2.0,12.7,1,13074,13074,13074,10825,12059,10158,9917,12984,24749,25429,17194,10265,8004,23588,22104,7786,17201,1.0,26:01,2015,2016
2015-16,203917,Nik Stauskas,Nik,1610612755,PHI,Philadelphia 76ers,21500862,2016-02-26T00:00:00,PHI vs. WAS,L,27.7,0.0,0.0,0.0,2.0,13.0,6.0,14.0,24.0,0.0,0.0,1.0,3.0,17.9,1,13074,13074,13074,9441,12059,10158,9917,12984,21300,13237,23710,8723,8004,1,4972,4736,13229,1.0,27:43,2015,2016
2015-16,101141,Ersan Ilyasova,Ersan,1610612753,ORL,Orlando Magic,21500863,2016-02-26T00:00:00,ORL @ NYK,L,11.6,0.0,0.0,0.0,0.0,5.0,6.0,5.0,10.0,0.0,0.0,2.0,1.0,2.7,1,13074,13074,13074,21788,12059,10158,9917,18861,8403,13237,11593,20209,8004,1,11390,12373,23884,1.0,11:35,2015,2016
2015-16,202709,Cory Joseph,Cory,1610612761,TOR,Toronto Raptors,21500864,2016-02-26T00:00:00,TOR vs. CLE,W,24.2,2.0,0.0,2.0,6.0,0.0,4.0,0.0,16.0,0.0,0.0,0.0,1.0,13.2,1,1,1,1,12419,6026,10158,4675,5299,1,8458,1,15259,8004,1,1,12373,16768,1.0,24:10,2015,2016
2015-16,203469,Cody Zeller,Cody,1610612766,CHA,Charlotte Hornets,21500861,2016-02-26T00:00:00,CHA @ IND,W,27.5,0.0,5.0,0.0,10.0,9.0,6.0,4.0,24.0,1.0,0.0,2.0,6.0,21.0,1,1,1,1,9648,12059,995,9917,1840,15771,13237,8806,8723,2692,1,11390,873,11077,1.0,27:27,2015,2016
2015-16,203477,Isaiah Canaan,Isaiah,1610612755,PHI,Philadelphia 76ers,21500862,2016-02-26T00:00:00,PHI vs. WAS,L,16.8,3.0,0.0,0.0,0.0,2.0,3.0,13.0,20.0,0.0,2.0,2.0,1.0,8.2,1,13074,13074,13074,18417,4307,10158,9917,18861,2619,7138,23048,11929,8004,23588,11390,12373,20416,1.0,16:48,2015,2016
2015-16,202066,Garrett Temple,Garrett,1610612764,WAS,Washington Wizards,21500862,2016-02-26T00:00:00,WAS @ PHI,W,12.1,0.0,0.0,0.0,0.0,1.0,0.0,0.0,10.0,0.0,0.0,2.0,0.0,2.7,1,1,1,1,21466,12059,10158,9917,18861,2356,1,1,20209,8004,1,11390,18762,23884,1.0,12:08,2015,2016
2015-16,203471,Dennis Schröder,Dennis,1610612737,ATL,Atlanta Hawks,21500865,2016-02-26T00:00:00,ATL vs. CHI,W,14.4,1.0,3.0,2.0,2.0,3.0,4.0,0.0,2.0,1.0,0.0,0.0,5.0,18.1,1,1,1,1,20172,11535,3104,4675,12984,5109,8458,1,24614,2692,1,1,1539,13090,1.0,14:24,2015,2016
2015-16,204028,Tarik Black,Tarik,1610612747,LAL,Los Angeles Lakers,21500868,2016-02-26T00:00:00,LAL vs. MEM,L,11.9,0.0,0.0,0.0,2.0,4.0,4.0,6.0,16.0,1.0,0.0,0.0,2.0,12.5,1,13074,13074,13074,21621,12059,10158,9917,12984,6141,8458,13388,15259,2692,1,1,7786,17372,1.0,11:56,2015,2016
2015-16,203960,JaKarr Sampson,JaKarr,1610612743,DEN,Denver Nuggets,21500866,2016-02-26T00:00:00,DEN @ DAL,L,3.6,0.0,0.0,0.0,0.0,0.0,4.0,0.0,6.0,0.0,0.0,2.0,1.0,3.0,1,13074,13074,13074,24870,12059,10158,9917,18861,1,8458,1,22724,8004,1,11390,12373,23648,1.0,3:36,2015,2016
2015-16,203473,Dewayne Dedmon,Dewayne,1610612753,ORL,Orlando Magic,21500863,2016-02-26T00:00:00,ORL @ NYK,L,13.0,4.0,4.0,0.0,10.0,4.0,3.0,4.0,8.0,0.0,0.0,1.0,1.0,18.6,1,13074,13074,13074,20988,2460,1596,9917,1840,6141,7138,8806,21543,8004,1,4972,12373,12715,1.0,12:59,2015,2016
2015-16,203210,JaMychal Green,JaMychal,1610612763,MEM,Memphis Grizzlies,21500868,2016-02-26T00:00:00,MEM @ LAL,W,22.7,2.0,0.0,2.0,6.0,6.0,14.0,4.0,22.0,1.0,1.0,3.0,1.0,16.6,1,1,1,1,13645,6026,10158,4675,5299,10028,24300,8806,10265,2692,17214,17641,12373,14125,1.0,22:39,2015,2016
2015-16,202391,Jeremy Lin,Jeremy,1610612766,CHA,Charlotte Hornets,21500861,2016-02-26T00:00:00,CHA @ IND,W,21.8,2.0,2.0,2.0,2.0,9.0,9.0,3.0,12.0,0.0,2.0,2.0,2.0,12.6,1,1,1,1,14389,6026,4731,4675,12984,15771,19144,7328,18637,8004,23588,11390,7786,17277,1.0,21:45,2015,2016
2015-16,1626161,Willie Cauley-Stein,Willie,1610612758,SAC,Sacramento Kings,21500867,2016-02-26T00:00:00,SAC vs. LAC,L,23.7,0.0,0.0,0.0,2.0,10.0,3.0,4.0,14.0,0.0,0.0,3.0,3.0,12.7,1,13074,13074,13074,12804,12059,10158,9917,12984,17370,7138,8806,17019,8004,1,17641,4736,17201,1.0,23:43,2015,2016
2015-16,202498,Lance Thomas,Lance,1610612752,NYK,New York Knicks,21500863,2016-02-26T00:00:00,NYK vs. ORL,W,26.4,0.0,3.0,0.0,2.0,16.0,2.0,5.0,20.0,0.0,0.0,1.0,6.0,18.1,1,1,1,1,10518,12059,3104,9917,12984,23774,3734,11593,11929,8004,1,4972,873,13090,1.0,26:25,2015,2016
2015-16,1626245,Cristiano Felicio,Cristiano,1610612741,CHI,Chicago Bulls,21500865,2016-02-26T00:00:00,CHI @ ATL,L,6.4,0.0,0.0,2.0,0.0,8.0,4.0,6.0,10.0,0.0,0.0,0.0,0.0,2.2,1,13074,13074,13074,23802,12059,10158,4675,18861,13914,8458,13388,20209,8004,1,1,18762,24138,1.0,6:22,2015,2016
2015-16,202697,Iman Shumpert,Iman,1610612739,CLE,Cleveland Cavaliers,21500864,2016-02-26T00:00:00,CLE @ TOR,L,22.1,2.0,0.0,0.0,0.0,13.0,7.0,3.0,26.0,0.0,0.0,5.0,1.0,9.1,1,13074,13074,13074,14114,6026,10158,9917,18861,21300,15642,7328,7214,8004,1,24686,12373,19789,1.0,22:05,2015,2016
2015-16,2550,Kirk Hinrich,Kirk,1610612737,ATL,Atlanta Hawks,21500865,2016-02-26T00:00:00,ATL vs. CHI,W,2.5,0.0,0.0,0.0,0.0,0.0,0.0,0.0,0.0,0.0,0.0,0.0,0.0,0.0,1,1,1,1,25332,12059,10158,9917,18861,1,1,1,25429,8004,1,1,18762,25170,1.0,2:29,2015,2016
2015-16,203906,Devyn Marble,Devyn,1610612753,ORL,Orlando Magic,21500863,2016-02-26T00:00:00,ORL @ NYK,L,2.2,0.0,0.0,0.0,0.0,0.0,0.0,0.0,0.0,0.0,0.0,0.0,0.0,0.0,1,13074,13074,13074,25462,12059,10158,9917,18861,1,1,1,25429,8004,1,1,18762,25170,1.0,2:10,2015,2016
2015-16,203461,Anthony Bennett,Anthony,1610612761,TOR,Toronto Raptors,21500864,2016-02-26T00:00:00,TOR vs. CLE,W,2.0,0.0,0.0,0.0,0.0,0.0,0.0,0.0,0.0,0.0,0.0,0.0,0.0,0.0,1,1,1,1,25534,12059,10158,9917,18861,1,1,1,25429,8004,1,1,18762,25170,1.0,1:57,2015,2016
2015-16,2210,Richard Jefferson,Richard,1610612739,CLE,Cleveland Cavaliers,21500864,2016-02-26T00:00:00,CLE @ TOR,L,7.5,0.0,0.0,0.0,0.0,4.0,0.0,2.0,20.0,0.0,0.0,1.0,1.0,5.0,1,13074,13074,13074,23389,12059,10158,9917,18861,6141,1,4025,11929,8004,1,4972,12373,22500,1.0,7:31,2015,2016
2015-16,203135,Robert Sacre,Robert,1610612747,LAL,Los Angeles Lakers,21500868,2016-02-26T00:00:00,LAL vs. MEM,L,5.9,2.0,0.0,0.0,0.0,0.0,2.0,0.0,2.0,0.0,0.0,0.0,1.0,3.4,1,13074,13074,13074,24029,6026,10158,9917,18861,1,3734,1,24614,8004,1,1,12373,23417,1.0,5:51,2015,2016
2015-16,203516,James Ennis III,James,1610612763,MEM,Memphis Grizzlies,21500868,2016-02-26T00:00:00,MEM @ LAL,W,5.9,0.0,2.0,0.0,2.0,4.0,8.0,2.0,6.0,0.0,0.0,0.0,1.0,4.4,1,1,1,1,24029,12059,4731,9917,12984,6141,17345,4025,22724,8004,1,1,12373,22837,1.0,5:51,2015,2016
2015-16,201160,Jason Smith,Jason,1610612753,ORL,Orlando Magic,21500863,2016-02-26T00:00:00,ORL @ NYK,L,6.7,0.0,0.0,0.0,0.0,5.0,2.0,3.0,8.0,0.0,0.0,2.0,1.0,6.9,1,13074,13074,13074,23688,12059,10158,9917,18861,8403,3734,7328,21543,8004,1,11390,12373,21262,1.0,6:40,2015,2016
2015-16,203143,Pablo Prigioni,Pablo,1610612746,LAC,LA Clippers,21500867,2016-02-26T00:00:00,LAC @ SAC,W,11.1,0.0,0.0,0.0,0.0,3.0,3.0,0.0,8.0,0.0,0.0,2.0,1.0,6.9,1,1,1,1,22005,12059,10158,9917,18861,5109,7138,1,21543,8004,1,11390,12373,21262,1.0,11:03,2015,2016
2015-16,203524,Solomon Hill,Solomon,1610612754,IND,Indiana Pacers,21500861,2016-02-26T00:00:00,IND vs. CHA,L,16.2,0.0,0.0,0.0,2.0,7.0,6.0,4.0,14.0,0.0,0.0,0.0,0.0,4.4,1,13074,13074,13074,18878,12059,10158,9917,12984,12242,13237,8806,17019,8004,1,1,18762,22837,1.0,16:13,2015,2016
2015-16,1626257,Salah Mejri,Salah,1610612742,DAL,Dallas Mavericks,21500866,2016-02-26T00:00:00,DAL vs. DEN,W,2.1,0.0,0.0,0.0,0.0,1.0,2.0,3.0,4.0,0.0,0.0,0.0,0.0,-1.0,1,1,1,1,25476,12059,10158,9917,18861,2356,3734,7328,23698,8004,1,1,18762,25932,1.0,2:07,2015,2016
2015-16,203946,Cameron Bairstow,Cameron,1610612741,CHI,Chicago Bulls,21500865,2016-02-26T00:00:00,CHI @ ATL,L,2.5,0.0,0.0,0.0,0.0,4.0,2.0,2.0,2.0,0.0,0.0,1.0,0.0,3.5,1,13074,13074,13074,25332,12059,10158,9917,18861,6141,3734,4025,24614,8004,1,4972,18762,23351,1.0,2:29,2015,2016
2015-16,203112,Quincy Acy,Quincy,1610612758,SAC,Sacramento Kings,21500867,2016-02-26T00:00:00,SAC vs. LAC,L,15.4,0.0,1.0,2.0,2.0,8.0,2.0,3.0,20.0,1.0,0.0,3.0,4.0,7.0,1,13074,13074,13074,19514,12059,9709,4675,12984,13914,3734,7328,11929,2692,1,17641,2748,21188,1.0,15:21,2015,2016
2015-16,203912,C.J. Wilcox,C.J.,1610612746,LAC,LA Clippers,21500867,2016-02-26T00:00:00,LAC @ SAC,W,10.8,0.0,0.0,0.0,0.0,3.0,3.0,0.0,6.0,1.0,0.0,1.0,0.0,4.5,1,1,1,1,22116,12059,10158,9917,18861,5109,7138,1,22724,2692,1,4972,18762,22773,1.0,10:48,2015,2016
2015-16,201601,Luc Mbah a Moute,Luc,1610612746,LAC,LA Clippers,21500867,2016-02-26T00:00:00,LAC @ SAC,W,21.6,2.0,0.0,0.0,4.0,4.0,3.0,7.0,18.0,0.0,0.0,3.0,2.0,9.2,1,1,1,1,14504,6026,10158,9917,8599,6141,7138,15538,13577,8004,1,17641,7786,19680,1.0,21:37,2015,2016
2015-16,204038,Langston Galloway,Langston,1610612752,NYK,New York Knicks,21500863,2016-02-26T00:00:00,NYK vs. ORL,W,17.0,2.0,0.0,2.0,2.0,9.0,0.0,3.0,6.0,0.0,0.0,2.0,0.0,5.2,1,1,1,1,18297,6026,10158,4675,12984,15771,1,7328,22724,8004,1,11390,18762,22370,1.0,16:58,2015,2016
2015-16,1626163,Frank Kaminsky,Frank,1610612766,CHA,Charlotte Hornets,21500861,2016-02-26T00:00:00,CHA @ IND,W,13.1,0.0,0.0,0.0,0.0,5.0,5.0,2.0,6.0,1.0,0.0,1.0,2.0,8.6,1,1,1,1,20910,12059,10158,9917,18861,8403,11469,4025,22724,2692,1,4972,7786,20125,1.0,13:07,2015,2016
2015-16,201585,Kosta Koufos,Kosta,1610612758,SAC,Sacramento Kings,21500867,2016-02-26T00:00:00,SAC vs. LAC,L,11.0,0.0,0.0,0.0,0.0,4.0,1.0,2.0,2.0,0.0,0.0,1.0,0.0,4.1,1,13074,13074,13074,22028,12059,10158,9917,18861,6141,3393,4025,24614,8004,1,4972,18762,23131,1.0,11:00,2015,2016
2015-16,203138,Hollis Thompson,Hollis,1610612755,PHI,Philadelphia 76ers,21500862,2016-02-26T00:00:00,PHI vs. WAS,L,23.1,0.0,0.0,0.0,0.0,2.0,3.0,15.0,24.0,0.0,0.0,1.0,1.0,3.5,1,13074,13074,13074,13280,12059,10158,9917,18861,2619,7138,24242,8723,8004,1,4972,12373,23351,1.0,23:07,2015,2016
2015-16,101112,Channing Frye,Channing,1610612739,CLE,Cleveland Cavaliers,21500864,2016-02-26T00:00:00,CLE @ TOR,L,12.2,0.0,0.0,0.0,0.0,9.0,3.0,1.0,8.0,0.0,0.0,3.0,0.0,9.6,1,13074,13074,13074,21455,12059,10158,9917,18861,15771,7138,3646,21543,8004,1,17641,18762,19434,1.0,12:09,2015,2016
2015-16,2449,Luis Scola,Luis,1610612761,TOR,Toronto Raptors,21500864,2016-02-26T00:00:00,TOR vs. CLE,W,11.1,2.0,2.0,0.0,2.0,5.0,0.0,3.0,8.0,0.0,0.0,4.0,3.0,4.9,1,1,1,1,21985,6026,4731,9917,12984,8403,1,7328,21543,8004,1,22104,4736,22621,1.0,11:06,2015,2016
2015-16,203463,Ben McLemore,Ben,1610612758,SAC,Sacramento Kings,21500867,2016-02-26T00:00:00,SAC vs. LAC,L,19.5,0.0,0.0,0.0,2.0,10.0,4.0,3.0,26.0,0.0,0.0,3.0,1.0,7.0,1,13074,13074,13074,16306,12059,10158,9917,12984,17370,8458,7328,7214,8004,1,17641,12373,21188,1.0,19:31,2015,2016
2015-16,203521,Matthew Dellavedova,Matthew,1610612739,CLE,Cleveland Cavaliers,21500864,2016-02-26T00:00:00,CLE @ TOR,L,21.1,0.0,0.0,0.0,0.0,11.0,6.0,1.0,18.0,0.0,0.0,3.0,0.0,9.5,1,13074,13074,13074,14945,12059,10158,9917,18861,18886,13237,3646,13577,8004,1,17641,18762,19519,1.0,21:08,2015,2016
2015-16,201158,Marco Belinelli,Marco,1610612758,SAC,Sacramento Kings,21500867,2016-02-26T00:00:00,SAC vs. LAC,L,13.1,0.0,0.0,0.0,2.0,4.0,1.0,0.0,8.0,0.0,0.0,1.0,2.0,3.7,1,13074,13074,13074,20924,12059,10158,9917,12984,6141,3393,1,21543,8004,1,4972,7786,23278,1.0,13:05,2015,2016
2015-16,2585,Zaza Pachulia,Zaza,1610612742,DAL,Dallas Mavericks,21500866,2016-02-26T00:00:00,DAL vs. DEN,W,8.2,0.0,0.0,0.0,0.0,4.0,4.0,5.0,12.0,0.0,0.0,1.0,1.0,7.2,1,1,1,1,23119,12059,10158,9917,18861,6141,8458,11593,18637,8004,1,4972,12373,21035,1.0,8:11,2015,2016
2015-16,202332,Cole Aldrich,Cole,1610612746,LAC,LA Clippers,21500867,2016-02-26T00:00:00,LAC @ SAC,W,14.2,0.0,0.0,0.0,0.0,3.0,4.0,0.0,6.0,0.0,0.0,5.0,1.0,6.5,1,1,1,1,20285,12059,10158,9917,18861,5109,8458,1,22724,8004,1,24686,12373,21519,1.0,14:12,2015,2016
2015-16,201579,Roy Hibbert,Roy,1610612747,LAL,Los Angeles Lakers,21500868,2016-02-26T00:00:00,LAL vs. MEM,L,21.6,0.0,0.0,0.0,4.0,6.0,6.0,11.0,20.0,0.0,1.0,2.0,2.0,5.2,1,13074,13074,13074,14555,12059,10158,9917,8599,10028,13237,21342,11929,8004,17214,11390,7786,22370,1.0,21:33,2015,2016
2015-16,1626158,Richaun Holmes,Richaun,1610612755,PHI,Philadelphia 76ers,21500862,2016-02-26T00:00:00,PHI vs. WAS,L,6.2,0.0,0.0,0.0,0.0,0.0,2.0,4.0,6.0,0.0,0.0,2.0,0.0,5.0,1,13074,13074,13074,23868,12059,10158,9917,18861,1,3734,8806,22724,8004,1,11390,18762,22500,1.0,6:13,2015,2016
2015-16,201943,Brandon Jennings,Brandon,1610612753,ORL,Orlando Magic,21500863,2016-02-26T00:00:00,ORL @ NYK,L,13.8,0.0,0.0,0.0,0.0,7.0,6.0,3.0,8.0,0.0,0.0,0.0,1.0,4.2,1,13074,13074,13074,20513,12059,10158,9917,18861,12242,13237,7328,21543,8004,1,1,12373,22976,1.0,13:49,2015,2016
2015-16,202335,Patrick Patterson,Patrick,1610612761,TOR,Toronto Raptors,21500864,2016-02-26T00:00:00,TOR vs. CLE,W,36.9,0.0,0.0,0.0,2.0,5.0,13.0,3.0,26.0,0.0,0.0,4.0,0.0,7.1,1,1,1,1,2139,12059,10158,9917,12984,8403,23668,7328,7214,8004,1,22104,18762,21141,1.0,36:54,2015,2016
2015-16,203935,Marcus Smart,Marcus,1610612738,BOS,Boston Celtics,21500856,2016-02-25T00:00:00,BOS vs. MIL,W,24.9,0.0,0.0,0.0,0.0,9.0,8.0,12.0,44.0,0.0,1.0,4.0,3.0,8.7,1,1,1,1,11720,12059,10158,9917,18861,15771,17345,22259,454,8004,17214,22104,4736,20045,1.0,24:56,2015,2016
2015-16,203094,Andrew Nicholson,Andrew,1610612753,ORL,Orlando Magic,21500855,2016-02-25T00:00:00,ORL vs. GSW,L,3.8,0.0,0.0,0.0,2.0,0.0,2.0,0.0,4.0,1.0,0.0,0.0,1.0,8.7,1,13074,13074,13074,24784,12059,10158,9917,12984,1,3734,1,23698,2692,1,1,12373,20045,1.0,3:49,2015,2016
2015-16,203943,Noah Vonleh,Noah,1610612757,POR,Portland Trail Blazers,21500859,2016-02-25T00:00:00,POR vs. HOU,L,13.2,0.0,0.0,0.0,0.0,5.0,5.0,2.0,18.0,0.0,1.0,3.0,1.0,3.4,1,13074,13074,13074,20885,12059,10158,9917,18861,8403,11469,4025,13577,8004,17214,17641,12373,23417,1.0,13:10,2015,2016
2015-16,203187,Chris Johnson,Chris,1610612762,UTA,Utah Jazz,21500860,2016-02-25T00:00:00,UTA vs. SAS,L,11.5,0.0,0.0,0.0,0.0,2.0,0.0,0.0,10.0,0.0,0.0,0.0,0.0,3.6,1,13074,13074,13074,21840,12059,10158,9917,18861,2619,1,1,20209,8004,1,1,18762,23310,1.0,11:29,2015,2016
2015-16,1626209,Mario Hezonja,Mario,1610612753,ORL,Orlando Magic,21500855,2016-02-25T00:00:00,ORL vs. GSW,L,15.2,0.0,0.0,0.0,0.0,4.0,4.0,4.0,16.0,0.0,0.0,0.0,0.0,6.6,1,13074,13074,13074,19653,12059,10158,9917,18861,6141,8458,8806,15259,8004,1,1,18762,21445,1.0,15:09,2015,2016
2015-16,203906,Devyn Marble,Devyn,1610612753,ORL,Orlando Magic,21500855,2016-02-25T00:00:00,ORL vs. GSW,L,3.8,0.0,0.0,0.0,0.0,0.0,2.0,0.0,4.0,0.0,0.0,0.0,0.0,0.0,1,13074,13074,13074,24784,12059,10158,9917,18861,1,3734,1,23698,8004,1,1,18762,25170,1.0,3:49,2015,2016
2015-16,201575,Brandon Rush,Brandon,1610612744,GSW,Golden State Warriors,21500855,2016-02-25T00:00:00,GSW @ ORL,W,2.0,0.0,0.0,0.0,0.0,4.0,0.0,2.0,2.0,0.0,0.0,0.0,0.0,4.2,1,1,1,1,25506,12059,10158,9917,18861,6141,1,4025,24614,8004,1,1,18762,22976,1.0,2:02,2015,2016
2015-16,1626168,Trey Lyles,Trey,1610612762,UTA,Utah Jazz,21500860,2016-02-25T00:00:00,UTA vs. SAS,L,3.7,0.0,0.0,0.0,0.0,0.0,0.0,0.0,0.0,0.0,0.0,0.0,0.0,-1.0,1,13074,13074,13074,24831,12059,10158,9917,18861,1,1,1,25429,8004,1,1,18762,25932,1.0,3:43,2015,2016
2015-16,202337,Luke Babbitt,Luke,1610612740,NOP,New Orleans Pelicans,21500857,2016-02-25T00:00:00,NOP vs. OKC,W,4.7,0.0,0.0,0.0,0.0,0.0,0.0,0.0,2.0,0.0,0.0,0.0,0.0,0.0,1,1,1,1,24464,12059,10158,9917,18861,1,1,1,24614,8004,1,1,18762,25170,1.0,4:42,2015,2016
2015-16,203086,Meyers Leonard,Meyers,1610612757,POR,Portland Trail Blazers,21500859,2016-02-25T00:00:00,POR vs. HOU,L,10.6,0.0,0.0,0.0,0.0,5.0,1.0,8.0,14.0,0.0,0.0,1.0,0.0,6.9,1,13074,13074,13074,22180,12059,10158,9917,18861,8403,3393,17194,17019,8004,1,4972,18762,21262,1.0,10:38,2015,2016
2015-16,203460,Andre Roberson,Andre,1610612760,OKC,Oklahoma City Thunder,21500857,2016-02-25T00:00:00,OKC @ NOP,L,21.7,0.0,0.0,0.0,0.0,13.0,6.0,2.0,26.0,0.0,0.0,0.0,0.0,0.0,1,13074,13074,13074,14406,12059,10158,9917,18861,21300,13237,4025,7214,8004,1,1,18762,25170,1.0,21:44,2015,2016
2015-16,200779,Steve Novak,Steve,1610612749,MIL,Milwaukee Bucks,21500856,2016-02-25T00:00:00,MIL @ BOS,L,7.4,0.0,0.0,0.0,0.0,2.0,0.0,4.0,6.0,0.0,0.0,1.0,0.0,4.2,1,13074,13074,13074,23414,12059,10158,9917,18861,2619,1,8806,22724,8004,1,4972,18762,22976,1.0,7:25,2015,2016
2015-16,2570,Kendrick Perkins,Kendrick,1610612740,NOP,New Orleans Pelicans,21500857,2016-02-25T00:00:00,NOP vs. OKC,W,12.8,0.0,0.0,0.0,0.0,2.0,5.0,2.0,10.0,0.0,0.0,3.0,0.0,5.4,1,1,1,1,21062,12059,10158,9917,18861,2619,11469,4025,20209,8004,1,17641,18762,22242,1.0,12:50,2015,2016
2015-16,202087,Alonzo Gee,Alonzo,1610612740,NOP,New Orleans Pelicans,21500857,2016-02-25T00:00:00,NOP vs. OKC,W,23.2,0.0,0.0,0.0,0.0,6.0,9.0,3.0,28.0,0.0,0.0,4.0,0.0,4.2,1,1,1,1,13172,12059,10158,9917,18861,10028,19144,7328,5824,8004,1,22104,18762,22976,1.0,23:14,2015,2016
2015-16,1626154,RJ Hunter,RJ,1610612738,BOS,Boston Celtics,21500856,2016-02-25T00:00:00,BOS vs. MIL,W,3.7,0.0,0.0,0.0,0.0,0.0,0.0,0.0,4.0,0.0,0.0,0.0,0.0,0.0,1,1,1,1,24844,12059,10158,9917,18861,1,1,1,23698,8004,1,1,18762,25170,1.0,3:41,2015,2016
2015-16,203504,Trey Burke,Trey,1610612762,UTA,Utah Jazz,21500860,2016-02-25T00:00:00,UTA vs. SAS,L,10.7,0.0,0.0,0.0,2.0,4.0,2.0,2.0,10.0,0.0,0.0,2.0,1.0,6.7,1,13074,13074,13074,22154,12059,10158,9917,12984,6141,3734,4025,20209,8004,1,11390,12373,21376,1.0,10:42,2015,2016
2015-16,203909,KJ McDaniels,KJ,1610612745,HOU,Houston Rockets,21500859,2016-02-25T00:00:00,HOU @ POR,W,2.3,0.0,0.0,0.0,0.0,0.0,2.0,0.0,2.0,0.0,0.0,0.0,0.0,0.0,1,1,1,1,25418,12059,10158,9917,18861,1,3734,1,24614,8004,1,1,18762,25170,1.0,2:18,2015,2016
2015-16,203148,Brian Roberts,Brian,1610612757,POR,Portland Trail Blazers,21500859,2016-02-25T00:00:00,POR vs. HOU,L,0.7,0.0,0.0,0.0,0.0,2.0,0.0,3.0,2.0,0.0,1.0,0.0,0.0,0.0,1,13074,13074,13074,25929,12059,10158,9917,18861,2619,1,7328,24614,8004,17214,1,18762,25170,1.0,0:44,2015,2016
2015-16,201586,Serge Ibaka,Serge,1610612760,OKC,Oklahoma City Thunder,21500857,2016-02-25T00:00:00,OKC @ NOP,L,35.7,2.0,3.0,2.0,12.0,16.0,17.0,5.0,40.0,2.0,0.0,4.0,4.0,27.0,1,13074,13074,13074,3013,6026,3104,4675,988,23774,25429,11593,983,932,1,22104,2748,7385,1.0,35:39,2015,2016
2015-16,1626149,Montrezl Harrell,Montrezl,1610612745,HOU,Houston Rockets,21500859,2016-02-25T00:00:00,HOU @ POR,W,15.8,0.0,4.0,0.0,4.0,0.0,3.0,7.0,8.0,0.0,0.0,2.0,0.0,11.8,1,1,1,1,19191,12059,1596,9917,8599,1,7138,15538,21543,8004,1,11390,18762,17832,1.0,15:49,2015,2016
2015-16,202738,Isaiah Thomas,Isaiah,1610612738,BOS,Boston Celtics,21500856,2016-02-25T00:00:00,BOS vs. MIL,W,33.1,5.0,0.0,4.0,14.0,13.0,4.0,12.0,42.0,0.0,1.0,1.0,6.0,40.5,1,1,1,1,5013,1603,10158,1913,542,21300,8458,22259,670,8004,17214,4972,873,2257,1.0,33:09,2015,2016
2015-16,203141,Mirza Teletovic,Mirza,1610612756,PHX,Phoenix Suns,21500858,2016-02-25T00:00:00,PHX vs. BKN,L,30.1,13.0,7.0,2.0,12.0,11.0,3.0,13.0,34.0,0.0,1.0,6.0,1.0,40.7,1,13074,13074,13074,7477,13,292,4675,988,18886,7138,23048,2701,8004,17214,25827,12373,2199,1.0,30:05,2015,2016
2015-16,203486,Mason Plumlee,Mason,1610612757,POR,Portland Trail Blazers,21500859,2016-02-25T00:00:00,POR vs. HOU,L,27.1,3.0,0.0,0.0,4.0,16.0,13.0,6.0,42.0,1.0,0.0,4.0,4.0,19.8,1,13074,13074,13074,9965,4307,10158,9917,8599,23774,23668,13388,670,2692,1,22104,2748,11883,1.0,27:04,2015,2016
2015-16,1626173,Rashad Vaughn,Rashad,1610612749,MIL,Milwaukee Bucks,21500856,2016-02-25T00:00:00,MIL @ BOS,L,13.0,3.0,0.0,0.0,2.0,3.0,4.0,8.0,10.0,0.0,1.0,1.0,1.0,11.6,1,13074,13074,13074,21005,4307,10158,9917,12984,5109,8458,17194,20209,8004,17214,4972,12373,17970,1.0,12:57,2015,2016
2015-16,202329,Al-Farouq Aminu,Al-Farouq,1610612757,POR,Portland Trail Blazers,21500859,2016-02-25T00:00:00,POR vs. HOU,L,29.2,2.0,0.0,0.0,2.0,15.0,11.0,10.0,38.0,0.0,0.0,2.0,2.0,20.2,1,13074,13074,13074,8241,6026,10158,9917,12984,23079,21814,20169,1422,8004,1,11390,7786,11610,1.0,29:10,2015,2016
2015-16,2738,Andre Iguodala,Andre,1610612744,GSW,Golden State Warriors,21500855,2016-02-25T00:00:00,GSW @ ORL,W,26.3,0.0,0.0,0.0,2.0,12.0,8.0,4.0,24.0,0.0,0.0,1.0,1.0,20.3,1,1,1,1,10613,12059,10158,9917,12984,20178,17345,8806,8723,8004,1,4972,12373,11534,1.0,26:17,2015,2016
2015-16,202324,Derrick Favors,Derrick,1610612762,UTA,Utah Jazz,21500860,2016-02-25T00:00:00,UTA vs. SAS,L,36.5,0.0,2.0,0.0,18.0,10.0,13.0,2.0,34.0,0.0,1.0,2.0,4.0,41.7,1,13074,13074,13074,2397,12059,4731,9917,131,17370,23668,4025,2701,8004,17214,11390,2748,2002,1.0,36:30,2015,2016
2015-16,201572,Brook Lopez,Brook,1610612751,BKN,Brooklyn Nets,21500858,2016-02-25T00:00:00,BKN @ PHX,W,29.7,4.0,2.0,0.0,8.0,16.0,4.0,7.0,34.0,1.0,1.0,5.0,6.0,26.2,1,1,1,1,7818,2460,4731,9917,3109,23774,8458,15538,2701,2692,17214,24686,873,7785,1.0,29:42,2015,2016
2015-16,202714,Shelvin Mack,Shelvin,1610612762,UTA,Utah Jazz,21500860,2016-02-25T00:00:00,UTA vs. SAS,L,27.9,2.0,0.0,2.0,6.0,6.0,6.0,0.0,20.0,0.0,1.0,0.0,2.0,20.1,1,13074,13074,13074,9306,6026,10158,4675,5299,10028,13237,1,11929,8004,17214,1,7786,11685,1.0,27:54,2015,2016
2015-16,202340,Avery Bradley,Avery,1610612738,BOS,Boston Celtics,21500856,2016-02-25T00:00:00,BOS vs. MIL,W,39.9,5.0,2.0,6.0,8.0,16.0,6.0,16.0,58.0,0.0,0.0,0.0,2.0,26.6,1,1,1,1,771,1603,4731,740,3109,23774,13237,24641,14,8004,1,1,7786,7566,1.0,39:51,2015,2016
2015-16,203114,Khris Middleton,Khris,1610612749,MIL,Milwaukee Bucks,21500856,2016-02-25T00:00:00,MIL @ BOS,L,42.2,6.0,0.0,4.0,10.0,11.0,8.0,16.0,48.0,0.0,1.0,2.0,5.0,42.0,1,13074,13074,13074,286,878,10158,1913,1840,18886,17345,24641,192,8004,17214,11390,1539,1936,1.0,42:11,2015,2016
2015-16,2733,Shaun Livingston,Shaun,1610612744,GSW,Golden State Warriors,21500855,2016-02-25T00:00:00,GSW @ ORL,W,15.1,0.0,0.0,0.0,0.0,2.0,4.0,2.0,12.0,0.0,0.0,2.0,1.0,12.3,1,1,1,1,19706,12059,10158,9917,18861,2619,8458,4025,18637,8004,1,11390,12373,17524,1.0,15:04,2015,2016
2015-16,203506,Victor Oladipo,Victor,1610612753,ORL,Orlando Magic,21500855,2016-02-25T00:00:00,ORL vs. GSW,L,30.1,0.0,0.0,3.0,6.0,10.0,5.0,26.0,40.0,0.0,1.0,3.0,3.0,30.2,1,13074,13074,13074,7495,12059,10158,3302,5299,17370,11469,26007,983,8004,17214,17641,4736,5751,1.0,30:03,2015,2016
2015-16,201967,Dante Cunningham,Dante,1610612740,NOP,New Orleans Pelicans,21500857,2016-02-25T00:00:00,NOP vs. OKC,W,41.8,0.0,4.0,3.0,4.0,14.0,14.0,5.0,52.0,0.0,1.0,2.0,3.0,26.7,1,1,1,1,335,12059,1596,3302,8599,22292,24300,11593,59,8004,17214,11390,4736,7525,1.0,41:50,2015,2016
2015-16,203079,Dion Waiters,Dion,1610612760,OKC,Oklahoma City Thunder,21500857,2016-02-25T00:00:00,OKC @ NOP,L,29.5,0.0,0.0,0.0,0.0,14.0,11.0,11.0,26.0,0.0,0.0,2.0,2.0,23.9,1,13074,13074,13074,7944,12059,10158,9917,18861,22292,21814,21342,7214,8004,1,11390,7786,9184,1.0,29:32,2015,2016
2015-16,201943,Brandon Jennings,Brandon,1610612753,ORL,Orlando Magic,21500855,2016-02-25T00:00:00,ORL vs. GSW,L,12.2,2.0,0.0,2.0,2.0,4.0,4.0,4.0,12.0,0.0,0.0,1.0,0.0,11.5,1,13074,13074,13074,21445,6026,10158,4675,12984,6141,8458,8806,18637,8004,1,4972,18762,18079,1.0,12:10,2015,2016
2015-16,202695,Kawhi Leonard,Kawhi,1610612759,SAS,San Antonio Spurs,21500860,2016-02-25T00:00:00,SAS @ UTA,W,35.2,6.0,0.0,2.0,8.0,4.0,2.0,2.0,34.0,0.0,0.0,2.0,4.0,48.5,1,1,1,1,3413,878,10158,4675,3109,6141,3734,4025,2701,8004,1,11390,2748,909,1.0,35:10,2015,2016
2015-16,203507,Giannis Antetokounmpo,Giannis,1610612749,MIL,Milwaukee Bucks,21500856,2016-02-25T00:00:00,MIL @ BOS,L,31.1,1.0,0.0,2.0,12.0,11.0,4.0,12.0,40.0,3.0,0.0,3.0,4.0,44.4,1,13074,13074,13074,6637,11535,10158,4675,988,18886,8458,22259,983,347,1,17641,2748,1474,1.0,31:06,2015,2016
2015-16,203076,Anthony Davis,Anthony,1610612740,NOP,New Orleans Pelicans,21500857,2016-02-25T00:00:00,NOP vs. OKC,W,38.1,4.0,2.0,0.0,12.0,10.0,13.0,3.0,44.0,4.0,1.0,2.0,5.0,53.2,1,1,1,1,1464,2460,4731,9917,988,17370,23668,7328,454,132,17214,11390,1539,508,1.0,38:06,2015,2016
2015-16,201950,Jrue Holiday,Jrue,1610612740,NOP,New Orleans Pelicans,21500857,2016-02-25T00:00:00,NOP vs. OKC,W,25.8,4.0,0.0,0.0,6.0,8.0,7.0,2.0,26.0,0.0,0.0,5.0,3.0,35.7,1,1,1,1,11062,2460,10158,9917,5299,13914,15642,4025,7214,8004,1,24686,4736,3578,1.0,25:45,2015,2016
2015-16,202328,Greg Monroe,Greg,1610612749,MIL,Milwaukee Bucks,21500856,2016-02-25T00:00:00,MIL @ BOS,L,34.2,2.0,6.0,0.0,16.0,10.0,4.0,10.0,28.0,2.0,0.0,3.0,3.0,44.6,1,13074,13074,13074,4205,6026,481,9917,275,17370,8458,20169,5824,932,1,17641,4736,1438,1.0,34:11,2015,2016
2015-16,201142,Kevin Durant,Kevin,1610612760,OKC,Oklahoma City Thunder,21500857,2016-02-25T00:00:00,OKC @ NOP,L,39.5,10.0,6.0,2.0,10.0,25.0,13.0,13.0,36.0,2.0,0.0,1.0,3.0,61.3,1,13074,13074,13074,903,99,481,4675,1840,25944,23668,23048,1943,932,1,4972,4736,174,1.0,39:27,2015,2016
2015-16,203095,Evan Fournier,Evan,1610612753,ORL,Orlando Magic,21500855,2016-02-25T00:00:00,ORL vs. GSW,L,38.6,8.0,0.0,0.0,6.0,14.0,7.0,32.0,44.0,0.0,1.0,1.0,6.0,35.7,1,13074,13074,13074,1217,308,10158,9917,5299,22292,15642,26071,454,8004,17214,4972,873,3578,1.0,38:37,2015,2016
2015-16,202708,Norris Cole,Norris,1610612740,NOP,New Orleans Pelicans,21500857,2016-02-25T00:00:00,NOP vs. OKC,W,34.8,7.0,0.0,2.0,8.0,12.0,10.0,5.0,44.0,0.0,1.0,4.0,2.0,36.2,1,1,1,1,3722,548,10158,4675,3109,20178,20509,11593,454,8004,17214,22104,7786,3407,1.0,34:46,2015,2016
2015-16,201152,Thaddeus Young,Thaddeus,1610612751,BKN,Brooklyn Nets,21500858,2016-02-25T00:00:00,BKN @ PHX,W,35.7,2.0,2.0,0.0,16.0,16.0,13.0,13.0,42.0,3.0,0.0,2.0,4.0,61.1,1,1,1,1,2974,6026,4731,9917,275,23774,23668,23048,670,347,1,11390,2748,179,1.0,35:42,2015,2016
2015-16,201935,James Harden,James,1610612745,HOU,Houston Rockets,21500859,2016-02-25T00:00:00,HOU @ POR,W,46.4,8.0,3.0,4.0,22.0,10.0,9.0,4.0,22.0,0.0,0.0,5.0,9.0,68.0,1,1,1,1,47,308,3104,1913,25,17370,19144,8806,10265,8004,1,24686,138,66,1.0,46:25,2015,2016
2015-16,2199,Tyson Chandler,Tyson,1610612756,PHX,Phoenix Suns,21500858,2016-02-25T00:00:00,PHX vs. BKN,L,33.4,0.0,4.0,0.0,10.0,11.0,6.0,14.0,26.0,2.0,1.0,5.0,4.0,35.7,1,13074,13074,13074,4808,12059,1596,9917,1840,18886,13237,23710,7214,932,17214,24686,2748,3578,1.0,33:24,2015,2016
2015-16,203110,Draymond Green,Draymond,1610612744,GSW,Golden State Warriors,21500855,2016-02-25T00:00:00,GSW @ ORL,W,31.9,1.0,1.0,4.0,8.0,15.0,10.0,8.0,38.0,0.0,1.0,3.0,5.0,35.8,1,1,1,1,6018,11535,9709,1913,3109,23079,20509,17194,1422,8004,17214,17641,1539,3541,1.0,31:52,2015,2016
2015-16,201566,Russell Westbrook,Russell,1610612760,OKC,Oklahoma City Thunder,21500857,2016-02-25T00:00:00,OKC @ NOP,L,37.6,2.0,0.0,1.0,14.0,13.0,14.0,7.0,38.0,0.0,2.0,3.0,13.0,60.3,1,13074,13074,13074,1690,6026,10158,9347,542,21300,24300,15538,1422,8004,23588,17641,14,201,1.0,37:37,2015,2016
2015-16,201939,Stephen Curry,Stephen,1610612744,GSW,Golden State Warriors,21500855,2016-02-25T00:00:00,GSW @ ORL,W,34.0,9.0,0.0,19.0,14.0,15.0,10.0,8.0,38.0,1.0,0.0,1.0,3.0,69.4,1,1,1,1,4319,171,10158,4,542,23079,20509,17194,1422,2692,1,4972,4736,50,1.0,34:02,2015,2016
2015-16,2730,Dwight Howard,Dwight,1610612745,HOU,Houston Rockets,21500859,2016-02-25T00:00:00,HOU @ POR,W,37.0,3.0,3.0,0.0,16.0,10.0,6.0,2.0,18.0,3.0,0.0,4.0,11.0,49.6,1,1,1,1,2089,4307,3104,9917,275,17370,13237,4025,13577,347,1,22104,44,798,1.0,36:59,2015,2016
2015-16,203080,Thomas Robinson,Thomas,1610612751,BKN,Brooklyn Nets,21500858,2016-02-25T00:00:00,BKN @ PHX,W,13.9,0.0,0.0,0.0,2.0,5.0,9.0,4.0,18.0,2.0,0.0,3.0,1.0,13.5,1,1,1,1,20441,12059,10158,9917,12984,8403,19144,8806,13577,932,1,17641,12373,16552,1.0,13:57,2015,2016
2015-16,203953,Jabari Parker,Jabari,1610612749,MIL,Milwaukee Bucks,21500856,2016-02-25T00:00:00,MIL @ BOS,L,36.9,2.0,2.0,6.0,14.0,9.0,8.0,14.0,44.0,0.0,0.0,5.0,4.0,33.2,1,13074,13074,13074,2139,6026,4731,740,542,15771,17345,23710,454,8004,1,24686,2748,4462,1.0,36:54,2015,2016
2015-16,201961,Wayne Ellington,Wayne,1610612751,BKN,Brooklyn Nets,21500858,2016-02-25T00:00:00,BKN @ PHX,W,23.5,2.0,0.0,5.0,4.0,13.0,4.0,13.0,32.0,0.0,0.0,1.0,2.0,17.1,1,1,1,1,13003,6026,10158,1277,8599,21300,8458,23048,3535,8004,1,4972,7786,13791,1.0,23:28,2015,2016
2015-16,2760,Anderson Varejao,Anderson,1610612744,GSW,Golden State Warriors,21500855,2016-02-25T00:00:00,GSW @ ORL,W,13.8,0.0,0.0,2.0,4.0,9.0,2.0,4.0,16.0,0.0,0.0,4.0,1.0,17.5,1,1,1,1,20547,12059,10158,4675,8599,15771,3734,8806,15259,8004,1,22104,12373,13528,1.0,13:46,2015,2016
2015-16,203090,Maurice Harkless,Maurice,1610612757,POR,Portland Trail Blazers,21500859,2016-02-25T00:00:00,POR vs. HOU,L,18.5,0.0,0.0,7.0,4.0,11.0,17.0,4.0,28.0,1.0,1.0,5.0,1.0,13.7,1,13074,13074,13074,17069,12059,10158,454,8599,18886,25429,8806,5824,2692,17214,24686,12373,16393,1.0,18:32,2015,2016
2015-16,202388,Donald Sloan,Donald,1610612751,BKN,Brooklyn Nets,21500858,2016-02-25T00:00:00,BKN @ PHX,W,24.0,3.0,0.0,6.0,6.0,16.0,4.0,4.0,28.0,0.0,1.0,0.0,5.0,31.8,1,1,1,1,12536,4307,10158,740,5299,23774,8458,8806,5824,8004,17214,1,1539,5041,1.0,24:01,2015,2016
2015-16,200782,P.J. Tucker,P.J.,1610612756,PHX,Phoenix Suns,21500858,2016-02-25T00:00:00,PHX vs. BKN,L,31.0,0.0,3.0,0.0,4.0,11.0,7.0,16.0,34.0,0.0,0.0,2.0,0.0,22.0,1,13074,13074,13074,6681,12059,3104,9917,8599,18886,15642,24641,2701,8004,1,11390,18762,10388,1.0,31:03,2015,2016
2015-16,202344,Trevor Booker,Trevor,1610612762,UTA,Utah Jazz,21500860,2016-02-25T00:00:00,UTA vs. SAS,L,18.8,0.0,0.0,0.0,2.0,2.0,2.0,0.0,16.0,1.0,0.0,0.0,1.0,14.0,1,13074,13074,13074,16840,12059,10158,9917,12984,2619,3734,1,15259,2692,1,1,12373,16166,1.0,18:50,2015,2016
2015-16,200746,LaMarcus Aldridge,LaMarcus,1610612759,SAS,San Antonio Spurs,21500860,2016-02-25T00:00:00,SAS @ UTA,W,33.0,4.0,2.0,0.0,10.0,6.0,2.0,4.0,32.0,1.0,0.0,1.0,2.0,28.4,1,1,1,1,5123,2460,4731,9917,1840,10028,3734,8806,3535,2692,1,4972,7786,6663,1.0,33:01,2015,2016
2015-16,1891,Jason Terry,Jason,1610612745,HOU,Houston Rockets,21500859,2016-02-25T00:00:00,HOU @ POR,W,22.6,3.0,6.0,3.0,2.0,1.0,9.0,2.0,12.0,1.0,1.0,1.0,1.0,22.1,1,1,1,1,13704,4307,481,3302,12984,2356,19144,4025,18637,2692,17214,4972,12373,10332,1.0,22:35,2015,2016
2015-16,2225,Tony Parker,Tony,1610612759,SAS,San Antonio Spurs,21500860,2016-02-25T00:00:00,SAS @ UTA,W,30.9,0.0,3.0,0.0,2.0,4.0,2.0,2.0,30.0,0.0,1.0,1.0,2.0,27.6,1,1,1,1,6818,12059,3104,9917,12984,6141,3734,4025,4541,8004,17214,4972,7786,7080,1.0,30:53,2015,2016
2015-16,1495,Tim Duncan,Tim,1610612759,SAS,San Antonio Spurs,21500860,2016-02-25T00:00:00,SAS @ UTA,W,31.7,0.0,6.0,0.0,12.0,2.0,4.0,2.0,32.0,1.0,1.0,3.0,1.0,33.2,1,1,1,1,6139,12059,481,9917,988,2619,8458,4025,3535,2692,17214,17641,12373,4462,1.0,31:43,2015,2016
2015-16,200751,Randy Foye,Randy,1610612760,OKC,Oklahoma City Thunder,21500857,2016-02-25T00:00:00,OKC @ NOP,L,17.3,0.0,2.0,0.0,4.0,7.0,2.0,11.0,8.0,0.0,1.0,0.0,0.0,13.6,1,13074,13074,13074,18078,12059,4731,9917,8599,12242,3734,21342,21543,8004,17214,1,18762,16460,1.0,17:16,2015,2016
2015-16,203081,Damian Lillard,Damian,1610612757,POR,Portland Trail Blazers,21500859,2016-02-25T00:00:00,POR vs. HOU,L,36.3,2.0,0.0,0.0,6.0,22.0,19.0,14.0,50.0,0.0,1.0,4.0,8.0,39.7,1,13074,13074,13074,2545,6026,10158,9917,5299,25683,25786,23710,107,8004,17214,22104,254,2451,1.0,36:18,2015,2016
2015-16,201583,Ryan Anderson,Ryan,1610612740,NOP,New Orleans Pelicans,21500857,2016-02-25T00:00:00,NOP vs. OKC,W,25.5,7.0,7.0,5.0,8.0,10.0,8.0,4.0,30.0,0.0,1.0,2.0,1.0,32.2,1,1,1,1,11266,548,292,1277,3109,17370,17345,8806,4541,8004,17214,11390,12373,4846,1.0,25:32,2015,2016
2015-16,201962,Toney Douglas,Toney,1610612740,NOP,New Orleans Pelicans,21500857,2016-02-25T00:00:00,NOP vs. OKC,W,14.4,3.0,2.0,3.0,6.0,2.0,5.0,0.0,10.0,0.0,0.0,1.0,1.0,22.8,1,1,1,1,20160,4307,4731,3302,5299,2619,11469,1,20209,8004,1,4972,12373,9883,1.0,14:25,2015,2016
2015-16,203487,Michael Carter-Williams,Michael,1610612749,MIL,Milwaukee Bucks,21500856,2016-02-25T00:00:00,MIL @ BOS,L,32.6,2.0,0.0,4.0,10.0,10.0,2.0,12.0,32.0,0.0,0.0,4.0,1.0,17.1,1,13074,13074,13074,5406,6026,10158,1913,1840,17370,3734,22259,3535,8004,1,22104,12373,13791,1.0,32:38,2015,2016
2015-16,203109,Jae Crowder,Jae,1610612738,BOS,Boston Celtics,21500856,2016-02-25T00:00:00,BOS vs. MIL,W,23.5,0.0,0.0,4.0,6.0,10.0,4.0,8.0,30.0,0.0,0.0,5.0,3.0,28.6,1,1,1,1,12976,12059,10158,1913,5299,17370,8458,17194,4541,8004,1,24686,4736,6560,1.0,23:29,2015,2016
2015-16,202711,Bojan Bogdanović,Bojan,1610612751,BKN,Brooklyn Nets,21500858,2016-02-25T00:00:00,BKN @ PHX,W,38.3,2.0,5.0,8.0,8.0,16.0,15.0,15.0,50.0,0.0,1.0,2.0,3.0,22.4,1,1,1,1,1366,6026,995,280,3109,23774,24781,24242,107,8004,17214,11390,4736,10131,1.0,38:19,2015,2016
2015-16,203468,CJ McCollum,CJ,1610612757,POR,Portland Trail Blazers,21500859,2016-02-25T00:00:00,POR vs. HOU,L,37.6,0.0,2.0,2.0,4.0,20.0,11.0,14.0,48.0,0.0,0.0,3.0,4.0,28.0,1,13074,13074,13074,1683,12059,4731,4675,8599,25338,21814,23710,192,8004,1,17641,2748,6864,1.0,37:38,2015,2016
2015-16,203901,Elfrid Payton,Elfrid,1610612753,ORL,Orlando Magic,21500855,2016-02-25T00:00:00,ORL vs. GSW,L,28.9,0.0,0.0,0.0,6.0,12.0,2.0,32.0,38.0,0.0,2.0,2.0,1.0,22.4,1,13074,13074,13074,8463,12059,10158,9917,5299,20178,3734,26071,1422,8004,23588,11390,12373,10131,1.0,28:53,2015,2016
2015-16,201976,Patrick Beverley,Patrick,1610612745,HOU,Houston Rockets,21500859,2016-02-25T00:00:00,HOU @ POR,W,24.4,2.0,3.0,2.0,8.0,7.0,2.0,2.0,14.0,0.0,0.0,4.0,1.0,28.7,1,1,1,1,12241,6026,3104,4675,3109,12242,3734,4025,17019,8004,1,22104,12373,6514,1.0,24:22,2015,2016
2015-16,201945,Gerald Henderson,Gerald,1610612757,POR,Portland Trail Blazers,21500859,2016-02-25T00:00:00,POR vs. HOU,L,21.8,0.0,2.0,0.0,0.0,16.0,12.0,8.0,24.0,0.0,0.0,1.0,3.0,14.0,1,13074,13074,13074,14316,12059,4731,9917,18861,23774,22832,17194,8723,8004,1,4972,4736,16166,1.0,21:49,2015,2016
2015-16,203918,Rodney Hood,Rodney,1610612762,UTA,Utah Jazz,21500860,2016-02-25T00:00:00,UTA vs. SAS,L,36.5,2.0,2.0,0.0,2.0,8.0,13.0,2.0,30.0,0.0,1.0,2.0,2.0,23.6,1,13074,13074,13074,2387,6026,4731,9917,12984,13914,23668,4025,4541,8004,17214,11390,7786,9377,1.0,36:31,2015,2016
2015-16,101141,Ersan Ilyasova,Ersan,1610612753,ORL,Orlando Magic,21500855,2016-02-25T00:00:00,ORL vs. GSW,L,16.0,0.0,2.0,0.0,2.0,9.0,2.0,14.0,20.0,0.0,0.0,1.0,4.0,18.8,1,13074,13074,13074,19060,12059,4731,9917,12984,15771,3734,23710,11929,8004,1,4972,2748,12588,1.0,15:58,2015,2016
2015-16,202323,Evan Turner,Evan,1610612738,BOS,Boston Celtics,21500856,2016-02-25T00:00:00,BOS vs. MIL,W,30.8,0.0,0.0,0.0,2.0,10.0,6.0,12.0,48.0,0.0,2.0,3.0,5.0,25.8,1,1,1,1,6897,12059,10158,9917,12984,17370,13237,22259,192,8004,23588,17641,1539,8022,1.0,30:48,2015,2016
2015-16,101106,Andrew Bogut,Andrew,1610612744,GSW,Golden State Warriors,21500855,2016-02-25T00:00:00,GSW @ ORL,W,21.8,2.0,4.0,0.0,12.0,12.0,10.0,6.0,24.0,2.0,0.0,5.0,1.0,33.8,1,1,1,1,14316,6026,1596,9917,988,20178,20509,13388,8723,932,1,24686,12373,4244,1.0,21:49,2015,2016
2015-16,202334,Ed Davis,Ed,1610612757,POR,Portland Trail Blazers,21500859,2016-02-25T00:00:00,POR vs. HOU,L,19.0,0.0,4.0,0.0,6.0,8.0,10.0,6.0,18.0,1.0,1.0,2.0,0.0,25.9,1,13074,13074,13074,16671,12059,1596,9917,5299,13914,20509,13388,13577,2692,17214,11390,18762,7960,1.0,19:02,2015,2016
2015-16,2772,Trevor Ariza,Trevor,1610612745,HOU,Houston Rockets,21500859,2016-02-25T00:00:00,HOU @ POR,W,40.8,3.0,0.0,0.0,0.0,10.0,5.0,9.0,20.0,0.0,1.0,4.0,2.0,34.6,1,1,1,1,538,4307,10158,9917,18861,17370,11469,18829,11929,8004,17214,22104,7786,3963,1.0,40:46,2015,2016
2015-16,2746,Josh Smith,Josh,1610612745,HOU,Houston Rockets,21500859,2016-02-25T00:00:00,HOU @ POR,W,14.7,0.0,0.0,2.0,4.0,7.0,0.0,2.0,8.0,0.0,0.0,2.0,0.0,9.9,1,1,1,1,19995,12059,10158,4675,8599,12242,1,4025,21543,8004,1,11390,18762,19247,1.0,14:39,2015,2016
2015-16,101179,Ronnie Price,Ronnie,1610612756,PHX,Phoenix Suns,21500858,2016-02-25T00:00:00,PHX vs. BKN,L,37.9,7.0,0.0,2.0,6.0,13.0,8.0,18.0,36.0,1.0,1.0,2.0,0.0,33.5,1,13074,13074,13074,1535,548,10158,4675,5299,21300,17345,25228,1943,2692,17214,11390,18762,4348,1.0,37:56,2015,2016
2015-16,201564,O.J. Mayo,O.J.,1610612749,MIL,Milwaukee Bucks,21500856,2016-02-25T00:00:00,MIL @ BOS,L,19.9,0.0,0.0,0.0,0.0,4.0,6.0,8.0,22.0,1.0,0.0,4.0,0.0,10.0,1,13074,13074,13074,15962,12059,10158,9917,18861,6141,13237,17194,10265,2692,1,22104,18762,19178,1.0,19:56,2015,2016
2015-16,203096,Jared Sullinger,Jared,1610612738,BOS,Boston Celtics,21500856,2016-02-25T00:00:00,BOS vs. MIL,W,30.8,0.0,2.0,0.0,6.0,11.0,2.0,14.0,42.0,0.0,1.0,0.0,2.0,25.0,1,1,1,1,6921,12059,4731,9917,5299,18886,3734,23710,670,8004,17214,1,7786,8485,1.0,30:46,2015,2016
2015-16,201973,Jonas Jerebko,Jonas,1610612738,BOS,Boston Celtics,21500856,2016-02-25T00:00:00,BOS vs. MIL,W,21.5,0.0,0.0,0.0,0.0,7.0,4.0,8.0,34.0,1.0,1.0,3.0,2.0,19.6,1,1,1,1,14588,12059,10158,9917,18861,12242,8458,17194,2701,2692,17214,17641,7786,12024,1.0,21:31,2015,2016
2015-16,203900,Markel Brown,Markel,1610612751,BKN,Brooklyn Nets,21500858,2016-02-25T00:00:00,BKN @ PHX,W,24.5,2.0,3.0,2.0,4.0,8.0,14.0,10.0,32.0,0.0,0.0,3.0,5.0,23.1,1,1,1,1,12124,6026,3104,4675,8599,13914,24300,20169,3535,8004,1,17641,1539,9699,1.0,24:31,2015,2016
2015-16,202696,Nikola Vučević,Nikola,1610612753,ORL,Orlando Magic,21500855,2016-02-25T00:00:00,ORL vs. GSW,L,31.5,2.0,6.0,3.0,6.0,11.0,5.0,24.0,40.0,2.0,0.0,4.0,3.0,34.8,1,13074,13074,13074,6280,6026,481,3302,5299,18886,11469,25937,983,932,1,22104,4736,3891,1.0,31:32,2015,2016
2015-16,203932,Aaron Gordon,Aaron,1610612753,ORL,Orlando Magic,21500855,2016-02-25T00:00:00,ORL vs. GSW,L,30.2,7.0,6.0,2.0,16.0,12.0,5.0,25.0,38.0,1.0,0.0,1.0,0.0,33.6,1,13074,13074,13074,7333,548,481,4675,275,20178,11469,25980,1422,2692,1,4972,18762,4305,1.0,30:14,2015,2016
2015-16,203459,Allen Crabbe,Allen,1610612757,POR,Portland Trail Blazers,21500859,2016-02-25T00:00:00,POR vs. HOU,L,25.9,3.0,1.0,0.0,0.0,10.0,16.0,5.0,28.0,0.0,0.0,5.0,2.0,14.4,1,13074,13074,13074,10907,4307,9709,9917,18861,17370,25155,11593,5824,8004,1,24686,7786,15857,1.0,25:56,2015,2016
2015-16,202691,Klay Thompson,Klay,1610612744,GSW,Golden State Warriors,21500855,2016-02-25T00:00:00,GSW @ ORL,W,29.1,2.0,0.0,7.0,6.0,12.0,12.0,6.0,30.0,1.0,0.0,1.0,0.0,14.9,1,1,1,1,8269,6026,10158,454,5299,20178,22832,13388,4541,2692,1,4972,18762,15463,1.0,29:08,2015,2016
2015-16,101161,Amir Johnson,Amir,1610612738,BOS,Boston Celtics,21500856,2016-02-25T00:00:00,BOS vs. MIL,W,25.4,4.0,4.0,4.0,14.0,9.0,4.0,6.0,28.0,1.0,1.0,4.0,3.0,33.6,1,1,1,1,11355,2460,1596,1913,542,15771,8458,13388,5824,2692,17214,22104,4736,4305,1.0,25:26,2015,2016
2015-16,2743,Kris Humphries,Kris,1610612756,PHX,Phoenix Suns,21500858,2016-02-25T00:00:00,PHX vs. BKN,L,10.8,0.0,0.0,0.0,0.0,2.0,2.0,8.0,14.0,0.0,2.0,1.0,1.0,10.5,1,13074,13074,13074,22098,12059,10158,9917,18861,2619,3734,17194,17019,8004,23588,4972,12373,18808,1.0,10:51,2015,2016
2015-16,203499,Shane Larkin,Shane,1610612751,BKN,Brooklyn Nets,21500858,2016-02-25T00:00:00,BKN @ PHX,W,24.8,2.0,0.0,0.0,4.0,11.0,14.0,13.0,34.0,0.0,0.0,1.0,1.0,18.0,1,1,1,1,11859,6026,10158,9917,8599,18886,24300,23048,2701,8004,1,4972,12373,13164,1.0,24:46,2015,2016
2015-16,201582,Alexis Ajinca,Alexis,1610612740,NOP,New Orleans Pelicans,21500857,2016-02-25T00:00:00,NOP vs. OKC,W,18.8,0.0,2.0,0.0,2.0,6.0,4.0,1.0,24.0,2.0,2.0,2.0,0.0,17.9,1,1,1,1,16840,12059,4731,9917,12984,10028,8458,3646,8723,932,23588,11390,18762,13229,1.0,18:50,2015,2016
2015-16,203515,Phil Pressey,Phil,1610612756,PHX,Phoenix Suns,21500858,2016-02-25T00:00:00,PHX vs. BKN,L,19.7,2.0,0.0,4.0,8.0,11.0,5.0,9.0,24.0,0.0,0.0,3.0,1.0,18.0,1,13074,13074,13074,16148,6026,10158,1913,3109,18886,11469,18829,8723,8004,1,17641,12373,13164,1.0,19:42,2015,2016
2015-16,203497,Rudy Gobert,Rudy,1610612762,UTA,Utah Jazz,21500860,2016-02-25T00:00:00,UTA vs. SAS,L,37.0,0.0,0.0,0.0,8.0,8.0,11.0,2.0,30.0,1.0,0.0,2.0,2.0,16.2,1,13074,13074,13074,2109,12059,10158,9917,3109,13914,21814,4025,4541,2692,1,11390,7786,14436,1.0,36:57,2015,2016
2015-16,203458,Alex Len,Alex,1610612756,PHX,Phoenix Suns,21500858,2016-02-25T00:00:00,PHX vs. BKN,L,17.0,0.0,0.0,0.0,10.0,12.0,10.0,11.0,28.0,0.0,2.0,5.0,7.0,18.2,1,13074,13074,13074,18239,12059,10158,9917,1840,20178,20509,21342,5824,8004,23588,24686,469,13004,1.0,17:03,2015,2016
2015-16,2561,David West,David,1610612759,SAS,San Antonio Spurs,21500860,2016-02-25T00:00:00,SAS @ UTA,W,17.9,0.0,2.0,0.0,4.0,2.0,0.0,0.0,10.0,1.0,0.0,1.0,0.0,13.1,1,1,1,1,17596,12059,4731,9917,8599,2619,1,1,20209,2692,1,4972,18762,16874,1.0,17:54,2015,2016
2015-16,201603,Sonny Weems,Sonny,1610612756,PHX,Phoenix Suns,21500858,2016-02-25T00:00:00,PHX vs. BKN,L,3.1,0.0,0.0,0.0,0.0,2.0,1.0,0.0,4.0,1.0,0.0,0.0,0.0,3.0,1,13074,13074,13074,25082,12059,10158,9917,18861,2619,3393,1,23698,2692,1,1,18762,23648,1.0,3:07,2015,2016
2015-16,203526,Raul Neto,Raul,1610612762,UTA,Utah Jazz,21500860,2016-02-25T00:00:00,UTA vs. SAS,L,12.4,2.0,0.0,2.0,0.0,0.0,5.0,0.0,10.0,0.0,0.0,1.0,1.0,8.2,1,13074,13074,13074,21307,6026,10158,4675,18861,1,11469,1,20209,8004,1,4972,12373,20416,1.0,12:26,2015,2016
2015-16,202330,Gordon Hayward,Gordon,1610612762,UTA,Utah Jazz,21500860,2016-02-25T00:00:00,UTA vs. SAS,L,35.9,0.0,0.0,0.0,6.0,10.0,11.0,2.0,36.0,0.0,2.0,1.0,3.0,16.4,1,13074,13074,13074,2806,12059,10158,9917,5299,17370,21814,4025,1943,8004,23588,4972,4736,14289,1.0,35:56,2015,2016
2015-16,1626164,Devin Booker,Devin,1610612756,PHX,Phoenix Suns,21500858,2016-02-25T00:00:00,PHX vs. BKN,L,30.1,2.0,2.0,7.0,4.0,10.0,7.0,19.0,34.0,0.0,1.0,4.0,4.0,16.2,1,13074,13074,13074,7443,6026,4731,454,8599,17370,15642,25435,2701,8004,17214,22104,2748,14436,1.0,30:07,2015,2016
2015-16,201578,Marreese Speights,Marreese,1610612744,GSW,Golden State Warriors,21500855,2016-02-25T00:00:00,GSW @ ORL,W,11.5,0.0,2.0,2.0,0.0,4.0,0.0,4.0,6.0,0.0,0.0,2.0,2.0,18.1,1,1,1,1,21825,12059,4731,4675,18861,6141,1,8806,22724,8004,1,11390,7786,13090,1.0,11:30,2015,2016
2015-16,201951,Ty Lawson,Ty,1610612745,HOU,Houston Rockets,21500859,2016-02-25T00:00:00,HOU @ POR,W,5.5,0.0,0.0,0.0,0.0,2.0,0.0,5.0,6.0,0.0,0.0,0.0,0.0,2.5,1,1,1,1,24151,12059,10158,9917,18861,2619,1,11593,22724,8004,1,1,18762,24003,1.0,5:32,2015,2016
2015-16,203098,John Jenkins,John,1610612756,PHX,Phoenix Suns,21500858,2016-02-25T00:00:00,PHX vs. BKN,L,4.4,0.0,0.0,2.0,2.0,2.0,5.0,0.0,6.0,0.0,0.0,0.0,0.0,2.2,1,13074,13074,13074,24573,12059,10158,4675,12984,2619,11469,1,22724,8004,1,1,18762,24138,1.0,4:26,2015,2016
2015-16,201147,Corey Brewer,Corey,1610612745,HOU,Houston Rockets,21500859,2016-02-25T00:00:00,HOU @ POR,W,21.7,5.0,2.0,5.0,4.0,1.0,9.0,7.0,14.0,0.0,1.0,2.0,4.0,20.8,1,1,1,1,14423,1603,4731,1277,8599,2356,19144,15538,17019,8004,17214,11390,2748,11195,1.0,21:44,2015,2016
2015-16,201228,C.J. Watson,C.J.,1610612753,ORL,Orlando Magic,21500855,2016-02-25T00:00:00,ORL vs. GSW,L,15.3,0.0,0.0,0.0,2.0,10.0,3.0,10.0,20.0,0.0,0.0,2.0,2.0,12.9,1,13074,13074,13074,19549,12059,10158,9917,12984,17370,7138,20169,11929,8004,1,11390,7786,17049,1.0,15:19,2015,2016
2015-16,203613,Jonathon Simmons,Jonathon,1610612759,SAS,San Antonio Spurs,21500860,2016-02-25T00:00:00,SAS @ UTA,W,8.2,0.0,0.0,0.0,0.0,2.0,2.0,2.0,8.0,0.0,0.0,3.0,0.0,7.6,1,1,1,1,23109,12059,10158,9917,18861,2619,3734,4025,21543,8004,1,17641,18762,20803,1.0,8:14,2015,2016
2015-16,203101,Miles Plumlee,Miles,1610612749,MIL,Milwaukee Bucks,21500856,2016-02-25T00:00:00,MIL @ BOS,L,13.8,2.0,0.0,2.0,2.0,4.0,4.0,10.0,24.0,1.0,0.0,0.0,2.0,8.2,1,13074,13074,13074,20513,6026,10158,4675,12984,6141,8458,20169,8723,2692,1,1,7786,20416,1.0,13:49,2015,2016
2015-16,201988,Patty Mills,Patty,1610612759,SAS,San Antonio Spurs,21500860,2016-02-25T00:00:00,SAS @ UTA,W,16.9,0.0,0.0,0.0,2.0,2.0,2.0,2.0,10.0,0.0,0.0,0.0,1.0,12.7,1,1,1,1,18319,12059,10158,9917,12984,2619,3734,4025,20209,8004,1,1,12373,17201,1.0,16:56,2015,2016
2015-16,203084,Harrison Barnes,Harrison,1610612744,GSW,Golden State Warriors,21500855,2016-02-25T00:00:00,GSW @ ORL,W,33.6,2.0,0.0,0.0,4.0,7.0,12.0,8.0,30.0,0.0,2.0,1.0,3.0,16.5,1,1,1,1,4668,6026,10158,9917,8599,12242,22832,17194,4541,8004,23588,4972,4736,14224,1.0,33:36,2015,2016
2015-16,203500,Steven Adams,Steven,1610612760,OKC,Oklahoma City Thunder,21500857,2016-02-25T00:00:00,OKC @ NOP,L,19.7,0.0,4.0,0.0,8.0,9.0,10.0,2.0,20.0,1.0,1.0,4.0,1.0,16.5,1,13074,13074,13074,16171,12059,1596,9917,3109,15771,20509,4025,11929,2692,17214,22104,12373,14224,1.0,19:41,2015,2016
2015-16,2555,Nick Collison,Nick,1610612760,OKC,Oklahoma City Thunder,21500857,2016-02-25T00:00:00,OKC @ NOP,L,4.0,0.0,0.0,0.0,0.0,2.0,0.0,3.0,2.0,0.0,0.0,0.0,1.0,1.5,1,13074,13074,13074,24694,12059,10158,9917,18861,2619,1,7328,24614,8004,1,1,12373,24473,1.0,4:02,2015,2016
2015-16,203186,Willie Reed,Willie,1610612751,BKN,Brooklyn Nets,21500858,2016-02-25T00:00:00,BKN @ PHX,W,6.7,0.0,1.0,0.0,0.0,3.0,5.0,2.0,8.0,2.0,0.0,2.0,1.0,10.8,1,1,1,1,23658,12059,9709,9917,18861,5109,11469,4025,21543,932,1,11390,12373,18579,1.0,6:44,2015,2016
2015-16,2564,Boris Diaw,Boris,1610612759,SAS,San Antonio Spurs,21500860,2016-02-25T00:00:00,SAS @ UTA,W,9.6,0.0,0.0,0.0,2.0,2.0,2.0,2.0,6.0,0.0,0.0,0.0,0.0,5.6,1,1,1,1,22592,12059,10158,9917,12984,2619,3734,4025,22724,8004,1,1,18762,22133,1.0,9:35,2015,2016
2015-16,2446,Rasual Butler,Rasual,1610612759,SAS,San Antonio Spurs,21500860,2016-02-25T00:00:00,SAS @ UTA,W,8.3,0.0,0.0,0.0,0.0,0.0,0.0,0.0,8.0,0.0,0.0,0.0,0.0,1.2,1,1,1,1,23083,12059,10158,9917,18861,1,1,1,21543,8004,1,1,18762,24661,1.0,8:19,2015,2016
2015-16,203093,Terrence Jones,Terrence,1610612745,HOU,Houston Rockets,21500859,2016-02-25T00:00:00,HOU @ POR,W,8.9,2.0,2.0,0.0,2.0,2.0,0.0,5.0,6.0,1.0,0.0,1.0,2.0,6.2,1,1,1,1,22891,6026,4731,9917,12984,2619,1,11593,22724,2692,1,4972,7786,21696,1.0,8:52,2015,2016
2015-16,2571,Leandro Barbosa,Leandro,1610612744,GSW,Golden State Warriors,21500855,2016-02-25T00:00:00,GSW @ ORL,W,16.8,2.0,0.0,2.0,6.0,5.0,2.0,4.0,16.0,0.0,0.0,1.0,0.0,6.4,1,1,1,1,18393,6026,10158,4675,5299,8403,3734,8806,15259,8004,1,4972,18762,21589,1.0,16:50,2015,2016
2015-16,203092,Tyler Zeller,Tyler,1610612738,BOS,Boston Celtics,21500856,2016-02-25T00:00:00,BOS vs. MIL,W,6.4,0.0,0.0,2.0,2.0,5.0,2.0,2.0,10.0,1.0,0.0,1.0,1.0,5.5,1,1,1,1,23780,12059,10158,4675,12984,8403,3734,4025,20209,2692,1,4972,12373,22196,1.0,6:24,2015,2016
2015-16,202713,Kyle Singler,Kyle,1610612760,OKC,Oklahoma City Thunder,21500857,2016-02-25T00:00:00,OKC @ NOP,L,17.4,0.0,0.0,0.0,0.0,10.0,7.0,5.0,14.0,0.0,0.0,0.0,1.0,1.4,1,13074,13074,13074,17976,12059,10158,9917,18861,17370,15642,11593,17019,8004,1,1,12373,24615,1.0,17:23,2015,2016
2015-16,203937,Kyle Anderson,Kyle,1610612759,SAS,San Antonio Spurs,21500860,2016-02-25T00:00:00,SAS @ UTA,W,16.6,0.0,0.0,0.0,0.0,2.0,2.0,2.0,12.0,1.0,0.0,1.0,0.0,5.6,1,1,1,1,18558,12059,10158,9917,18861,2619,3734,4025,18637,2692,1,4972,18762,22133,1.0,16:37,2015,2016
2015-16,203898,Tyler Ennis,Tyler,1610612749,MIL,Milwaukee Bucks,21500856,2016-02-25T00:00:00,MIL @ BOS,L,4.9,0.0,0.0,0.0,2.0,3.0,0.0,4.0,4.0,0.0,1.0,1.0,0.0,5.5,1,13074,13074,13074,24412,12059,10158,9917,12984,5109,1,8806,23698,8004,17214,4972,18762,22196,1.0,4:51,2015,2016
2015-16,202720,Jon Leuer,Jon,1610612756,PHX,Phoenix Suns,21500858,2016-02-25T00:00:00,PHX vs. BKN,L,4.6,0.0,2.0,0.0,4.0,2.0,5.0,0.0,6.0,0.0,0.0,1.0,1.0,6.4,1,13074,13074,13074,24502,12059,4731,9917,8599,2619,11469,1,22724,8004,1,4972,12373,21589,1.0,4:38,2015,2016
2015-16,1626172,Kevon Looney,Kevon,1610612744,GSW,Golden State Warriors,21500855,2016-02-25T00:00:00,GSW @ ORL,W,2.0,0.0,2.0,0.0,2.0,4.0,0.0,2.0,2.0,0.0,1.0,0.0,0.0,1.0,1,1,1,1,25506,12059,4731,9917,12984,6141,1,4025,24614,8004,17214,1,18762,24960,1.0,2:02,2015,2016
2015-16,201160,Jason Smith,Jason,1610612753,ORL,Orlando Magic,21500855,2016-02-25T00:00:00,ORL vs. GSW,L,10.6,0.0,0.0,2.0,0.0,4.0,2.0,9.0,10.0,0.0,0.0,2.0,1.0,5.7,1,13074,13074,13074,22179,12059,10158,4675,18861,6141,3734,18829,20209,8004,1,11390,12373,22054,1.0,10:38,2015,2016
2015-16,203948,Johnny O'Bryant III,Johnny,1610612749,MIL,Milwaukee Bucks,21500856,2016-02-25T00:00:00,MIL @ BOS,L,4.0,0.0,0.0,0.0,0.0,3.0,0.0,2.0,2.0,0.0,0.0,3.0,1.0,1.2,1,13074,13074,13074,24694,12059,10158,9917,18861,5109,1,4025,24614,8004,1,17641,12373,24661,1.0,4:02,2015,2016
2015-16,204060,Joe Ingles,Joe,1610612762,UTA,Utah Jazz,21500860,2016-02-25T00:00:00,UTA vs. SAS,L,9.0,0.0,0.0,0.0,0.0,0.0,2.0,0.0,4.0,0.0,0.0,0.0,0.0,1.2,1,13074,13074,13074,22827,12059,10158,9917,18861,1,3734,1,23698,8004,1,1,18762,24661,1.0,9:02,2015,2016
2015-16,203473,Dewayne Dedmon,Dewayne,1610612753,ORL,Orlando Magic,21500855,2016-02-25T00:00:00,ORL vs. GSW,L,3.8,2.0,0.0,0.0,0.0,0.0,2.0,0.0,4.0,0.0,0.0,0.0,0.0,2.0,1,13074,13074,13074,24784,6026,10158,9917,18861,1,3734,1,23698,8004,1,1,18762,24216,1.0,3:49,2015,2016
2015-16,1626191,Chris McCullough,Chris,1610612751,BKN,Brooklyn Nets,21500858,2016-02-25T00:00:00,BKN @ PHX,W,9.2,2.0,0.0,2.0,2.0,8.0,5.0,2.0,12.0,0.0,1.0,2.0,1.0,11.2,1,1,1,1,22770,6026,10158,4675,12984,13914,11469,4025,18637,8004,17214,11390,12373,18267,1.0,9:11,2015,2016
2015-16,203508,Sergey Karasev,Sergey,1610612751,BKN,Brooklyn Nets,21500858,2016-02-25T00:00:00,BKN @ PHX,W,9.7,0.0,0.0,0.0,0.0,8.0,3.0,2.0,10.0,0.0,0.0,1.0,0.0,5.7,1,1,1,1,22563,12059,10158,9917,18861,13914,7138,4025,20209,8004,1,4972,18762,22054,1.0,9:41,2015,2016
2015-16,201980,Danny Green,Danny,1610612759,SAS,San Antonio Spurs,21500860,2016-02-25T00:00:00,SAS @ UTA,W,27.9,0.0,0.0,0.0,0.0,4.0,2.0,2.0,30.0,1.0,0.0,4.0,0.0,5.9,1,1,1,1,9341,12059,10158,9917,18861,6141,3734,4025,4541,2692,1,22104,18762,21953,1.0,27:51,2015,2016
2015-16,202683,Enes Freedom,Enes,1610612760,OKC,Oklahoma City Thunder,21500857,2016-02-25T00:00:00,OKC @ NOP,L,17.7,0.0,0.0,0.0,6.0,16.0,5.0,6.0,20.0,1.0,2.0,1.0,0.0,11.2,1,13074,13074,13074,17790,12059,10158,9917,5299,23774,11469,13388,11929,2692,23588,4972,18762,18267,1.0,17:39,2015,2016
2015-16,1626246,Boban Marjanović,Boban,1610612759,SAS,San Antonio Spurs,21500860,2016-02-25T00:00:00,SAS @ UTA,W,1.9,0.0,0.0,0.0,0.0,0.0,0.0,0.0,4.0,0.0,0.0,0.0,0.0,1.2,1,1,1,1,25553,12059,10158,9917,18861,1,1,1,23698,8004,1,1,18762,24661,1.0,1:54,2015,2016
2015-16,203492,Ray McCallum,Ray,1610612759,SAS,San Antonio Spurs,21500860,2016-02-25T00:00:00,SAS @ UTA,W,1.9,0.0,0.0,0.0,0.0,0.0,0.0,0.0,4.0,0.0,0.0,0.0,0.0,1.5,1,1,1,1,25553,12059,10158,9917,18861,1,1,1,23698,8004,1,1,18762,24473,1.0,1:54,2015,2016
2015-16,203546,Ian Clark,Ian,1610612744,GSW,Golden State Warriors,21500855,2016-02-25T00:00:00,GSW @ ORL,W,2.0,0.0,0.0,0.0,0.0,4.0,0.0,2.0,2.0,0.0,0.0,0.0,0.0,1.7,1,1,1,1,25506,12059,10158,9917,18861,6141,1,4025,24614,8004,1,1,18762,24436,1.0,2:02,2015,2016
2015-16,203462,Archie Goodwin,Archie,1610612756,PHX,Phoenix Suns,21500858,2016-02-25T00:00:00,PHX vs. BKN,L,17.7,0.0,0.0,0.0,0.0,8.0,6.0,7.0,24.0,0.0,0.0,0.0,3.0,5.6,1,13074,13074,13074,17787,12059,10158,9917,18861,13914,13237,15538,8723,8004,1,1,4736,22133,1.0,17:40,2015,2016
2015-16,204028,Tarik Black,Tarik,1610612747,LAL,Los Angeles Lakers,21500851,2016-02-24T00:00:00,LAL @ MEM,L,9.6,0.0,0.0,0.0,0.0,0.0,0.0,0.0,8.0,0.0,0.0,3.0,0.0,6.3,1,13074,13074,13074,22573,12059,10158,9917,18861,1,1,1,21543,8004,1,17641,18762,21682,1.0,9:38,2015,2016
2015-16,203940,Adreian Payne,Adreian,1610612750,MIN,Minnesota Timberwolves,21500849,2016-02-24T00:00:00,MIN @ TOR,L,7.0,0.0,0.0,0.0,0.0,2.0,2.0,5.0,10.0,0.0,0.0,0.0,0.0,6.4,1,13074,13074,13074,23579,12059,10158,9917,18861,2619,3734,11593,20209,8004,1,1,18762,21589,1.0,6:57,2015,2016
2015-16,201956,Omri Casspi,Omri,1610612758,SAC,Sacramento Kings,21500854,2016-02-24T00:00:00,SAC vs. SAS,L,7.7,3.0,0.0,3.0,0.0,2.0,2.0,2.0,8.0,0.0,0.0,0.0,0.0,5.8,1,13074,13074,13074,23335,4307,10158,3302,18861,2619,3734,4025,21543,8004,1,1,18762,22018,1.0,7:39,2015,2016
2015-16,2581,Steve Blake,Steve,1610612765,DET,Detroit Pistons,21500847,2016-02-24T00:00:00,DET vs. PHI,W,21.9,0.0,0.0,0.0,0.0,5.0,5.0,0.0,16.0,0.0,0.0,4.0,1.0,10.9,1,1,1,1,14272,12059,10158,9917,18861,8403,11469,1,15259,8004,1,22104,12373,18498,1.0,21:53,2015,2016
2015-16,1626181,Norman Powell,Norman,1610612761,TOR,Toronto Raptors,21500849,2016-02-24T00:00:00,TOR vs. MIN,W,5.5,0.0,0.0,0.0,0.0,2.0,2.0,0.0,6.0,0.0,0.0,0.0,0.0,5.7,1,1,1,1,24180,12059,10158,9917,18861,2619,3734,1,22724,8004,1,1,18762,22054,1.0,5:28,2015,2016
2015-16,2590,Mo Williams,Mo,1610612739,CLE,Cleveland Cavaliers,21500845,2016-02-24T00:00:00,CLE vs. CHA,W,4.0,0.0,0.0,0.0,0.0,1.0,0.0,0.0,2.0,0.0,0.0,1.0,0.0,1.2,1,1,1,1,24705,12059,10158,9917,18861,2356,1,1,24614,8004,1,4972,18762,24661,1.0,4:00,2015,2016
2015-16,2365,Chris Andersen,Chris,1610612763,MEM,Memphis Grizzlies,21500851,2016-02-24T00:00:00,MEM vs. LAL,W,8.1,0.0,0.0,0.0,0.0,2.0,2.0,8.0,8.0,0.0,0.0,0.0,1.0,1.5,1,1,1,1,23137,12059,10158,9917,18861,2619,3734,17194,21543,8004,1,1,12373,24473,1.0,8:08,2015,2016
2015-16,203463,Ben McLemore,Ben,1610612758,SAC,Sacramento Kings,21500854,2016-02-24T00:00:00,SAC vs. SAS,L,16.6,0.0,3.0,0.0,0.0,3.0,4.0,2.0,8.0,1.0,2.0,0.0,0.0,10.8,1,13074,13074,13074,18558,12059,3104,9917,18861,5109,8458,4025,21543,2692,23588,1,18762,18579,1.0,16:37,2015,2016
2015-16,203477,Isaiah Canaan,Isaiah,1610612755,PHI,Philadelphia 76ers,21500847,2016-02-24T00:00:00,PHI @ DET,L,18.2,2.0,0.0,0.0,2.0,7.0,12.0,5.0,16.0,0.0,0.0,1.0,2.0,11.4,1,13074,13074,13074,17332,6026,10158,9917,12984,12242,22832,11593,15259,8004,1,4972,7786,18134,1.0,18:13,2015,2016
2015-16,101111,Charlie Villanueva,Charlie,1610612742,DAL,Dallas Mavericks,21500852,2016-02-24T00:00:00,DAL vs. OKC,L,1.4,0.0,0.0,0.0,0.0,0.0,0.0,0.0,2.0,0.0,0.0,0.0,0.0,1.2,1,13074,13074,13074,25739,12059,10158,9917,18861,1,1,1,24614,8004,1,1,18762,24661,1.0,1:24,2015,2016
2015-16,203484,Kentavious Caldwell-Pope,Kentavious,1610612765,DET,Detroit Pistons,21500847,2016-02-24T00:00:00,DET vs. PHI,W,29.7,2.0,1.0,0.0,4.0,5.0,6.0,2.0,22.0,0.0,0.0,3.0,1.0,11.2,1,1,1,1,7834,6026,9709,9917,8599,8403,13237,4025,10265,8004,1,17641,12373,18267,1.0,29:40,2015,2016
2015-16,1626204,Larry Nance Jr.,Larry,1610612747,LAL,Los Angeles Lakers,21500851,2016-02-24T00:00:00,LAL @ MEM,L,14.7,0.0,3.0,2.0,2.0,0.0,7.0,0.0,18.0,0.0,0.0,1.0,1.0,11.1,1,13074,13074,13074,19982,12059,3104,4675,12984,1,15642,1,13577,8004,1,4972,12373,18370,1.0,14:40,2015,2016
2015-16,203956,Mitch McGary,Mitch,1610612760,OKC,Oklahoma City Thunder,21500852,2016-02-24T00:00:00,OKC @ DAL,W,0.7,0.0,0.0,0.0,0.0,0.0,0.0,0.0,0.0,0.0,0.0,0.0,0.0,1.2,1,1,1,1,25926,12059,10158,9917,18861,1,1,1,25429,8004,1,1,18762,24661,1.0,0:45,2015,2016
2015-16,200751,Randy Foye,Randy,1610612760,OKC,Oklahoma City Thunder,21500852,2016-02-24T00:00:00,OKC @ DAL,W,22.0,0.0,0.0,0.0,0.0,6.0,5.0,4.0,16.0,0.0,0.0,2.0,0.0,11.4,1,1,1,1,14179,12059,10158,9917,18861,10028,11469,8806,15259,8004,1,11390,18762,18134,1.0,21:59,2015,2016
2015-16,2760,Anderson Varejao,Anderson,1610612744,GSW,Golden State Warriors,21500848,2016-02-24T00:00:00,GSW @ MIA,W,10.1,0.0,0.0,0.0,0.0,0.0,2.0,0.0,14.0,0.0,0.0,3.0,2.0,6.1,1,1,1,1,22408,12059,10158,9917,18861,1,3734,1,17019,8004,1,17641,7786,21845,1.0,10:05,2015,2016
2015-16,1626151,Aaron Harrison,Aaron,1610612766,CHA,Charlotte Hornets,21500845,2016-02-24T00:00:00,CHA @ CLE,L,4.0,0.0,0.0,0.0,0.0,0.0,3.0,0.0,0.0,0.0,0.0,0.0,0.0,1.2,1,13074,13074,13074,24705,12059,10158,9917,18861,1,7138,1,25429,8004,1,1,18762,24661,1.0,4:00,2015,2016
2015-16,200826,J.J. Barea,J.J.,1610612742,DAL,Dallas Mavericks,21500852,2016-02-24T00:00:00,DAL vs. OKC,L,12.4,0.0,0.0,0.0,2.0,9.0,6.0,12.0,14.0,0.0,0.0,0.0,2.0,6.0,1,13074,13074,13074,21307,12059,10158,9917,12984,15771,13237,22259,17019,8004,1,1,7786,21878,1.0,12:26,2015,2016
2015-16,2419,Tayshaun Prince,Tayshaun,1610612750,MIN,Minnesota Timberwolves,21500849,2016-02-24T00:00:00,MIN @ TOR,L,16.7,2.0,0.0,2.0,2.0,8.0,2.0,6.0,22.0,0.0,0.0,1.0,0.0,11.0,1,13074,13074,13074,18473,6026,10158,4675,12984,13914,3734,13388,10265,8004,1,4972,18762,18430,1.0,16:44,2015,2016
2015-16,201202,Joel Anthony,Joel,1610612765,DET,Detroit Pistons,21500847,2016-02-24T00:00:00,DET vs. PHI,W,4.4,0.0,0.0,0.0,0.0,2.0,0.0,0.0,4.0,0.0,0.0,1.0,0.0,1.2,1,1,1,1,24575,12059,10158,9917,18861,2619,1,1,23698,8004,1,4972,18762,24661,1.0,4:25,2015,2016
2015-16,2449,Luis Scola,Luis,1610612761,TOR,Toronto Raptors,21500849,2016-02-24T00:00:00,TOR vs. MIN,W,13.4,2.0,2.0,2.0,4.0,10.0,6.0,2.0,16.0,0.0,0.0,2.0,2.0,11.4,1,1,1,1,20741,6026,4731,4675,8599,17370,13237,4025,15259,8004,1,11390,7786,18134,1.0,13:24,2015,2016
2015-16,2210,Richard Jefferson,Richard,1610612739,CLE,Cleveland Cavaliers,21500845,2016-02-24T00:00:00,CLE vs. CHA,W,19.8,4.0,0.0,7.0,4.0,3.0,0.0,2.0,14.0,0.0,0.0,1.0,1.0,7.0,1,1,1,1,16099,2460,10158,454,8599,5109,1,4025,17019,8004,1,4972,12373,21188,1.0,19:46,2015,2016
2015-16,202362,Lance Stephenson,Lance,1610612763,MEM,Memphis Grizzlies,21500851,2016-02-24T00:00:00,MEM vs. LAL,W,23.3,4.0,0.0,2.0,4.0,8.0,12.0,10.0,20.0,0.0,0.0,3.0,2.0,13.3,1,1,1,1,13124,2460,10158,4675,8599,13914,22832,20169,11929,8004,1,17641,7786,16712,1.0,23:17,2015,2016
2015-16,201619,Sasha Kaun,Sasha,1610612739,CLE,Cleveland Cavaliers,21500845,2016-02-24T00:00:00,CLE vs. CHA,W,0.2,0.0,0.0,0.0,0.0,0.0,0.0,0.0,0.0,0.0,0.0,0.0,0.0,0.0,1,1,1,1,26025,12059,10158,9917,18861,1,1,1,25429,8004,1,1,18762,25170,1.0,0:10,2015,2016
2015-16,2446,Rasual Butler,Rasual,1610612759,SAS,San Antonio Spurs,21500854,2016-02-24T00:00:00,SAS @ SAC,W,1.4,0.0,0.0,0.0,0.0,2.0,0.0,0.0,0.0,0.0,0.0,0.0,0.0,0.0,1,1,1,1,25733,12059,10158,9917,18861,2619,1,1,25429,8004,1,1,18762,25170,1.0,1:25,2015,2016
2015-16,203496,Robert Covington,Robert,1610612755,PHI,Philadelphia 76ers,21500847,2016-02-24T00:00:00,PHI @ DET,L,20.6,0.0,2.0,0.0,0.0,10.0,9.0,9.0,24.0,0.0,0.0,1.0,1.0,8.6,1,13074,13074,13074,15433,12059,4731,9917,18861,17370,19144,18829,8723,8004,1,4972,12373,20125,1.0,20:33,2015,2016
2015-16,1626153,Delon Wright,Delon,1610612761,TOR,Toronto Raptors,21500849,2016-02-24T00:00:00,TOR vs. MIN,W,0.3,0.0,0.0,0.0,0.0,0.0,0.0,0.0,0.0,0.0,0.0,0.0,0.0,0.0,1,1,1,1,26008,12059,10158,9917,18861,1,1,1,25429,8004,1,1,18762,25170,1.0,0:16,2015,2016
2015-16,1626166,Cameron Payne,Cameron,1610612760,OKC,Oklahoma City Thunder,21500852,2016-02-24T00:00:00,OKC @ DAL,W,4.5,0.0,0.0,0.0,0.0,2.0,0.0,5.0,4.0,0.0,0.0,1.0,0.0,0.5,1,1,1,1,24538,12059,10158,9917,18861,2619,1,11593,23698,8004,1,4972,18762,25056,1.0,4:32,2015,2016
2015-16,1626185,Jarell Martin,Jarell,1610612763,MEM,Memphis Grizzlies,21500851,2016-02-24T00:00:00,MEM vs. LAL,W,2.9,0.0,0.0,0.0,0.0,4.0,4.0,2.0,6.0,0.0,0.0,0.0,0.0,0.0,1,1,1,1,25151,12059,10158,9917,18861,6141,8458,4025,22724,8004,1,1,18762,25170,1.0,2:56,2015,2016
2015-16,201601,Luc Mbah a Moute,Luc,1610612746,LAC,LA Clippers,21500853,2016-02-24T00:00:00,LAC vs. DEN,L,19.9,0.0,0.0,0.0,0.0,4.0,8.0,8.0,22.0,0.0,0.0,1.0,0.0,4.4,1,13074,13074,13074,15959,12059,10158,9917,18861,6141,17345,17194,10265,8004,1,4972,18762,22837,1.0,19:57,2015,2016
2015-16,203516,James Ennis III,James,1610612763,MEM,Memphis Grizzlies,21500851,2016-02-24T00:00:00,MEM vs. LAL,W,1.1,0.0,0.0,0.0,0.0,0.0,0.0,0.0,0.0,0.0,0.0,0.0,0.0,0.0,1,1,1,1,25859,12059,10158,9917,18861,1,1,1,25429,8004,1,1,18762,25170,1.0,1:03,2015,2016
2015-16,101123,Gerald Green,Gerald,1610612748,MIA,Miami Heat,21500848,2016-02-24T00:00:00,MIA vs. GSW,L,24.8,0.0,0.0,0.0,0.0,8.0,4.0,2.0,20.0,0.0,0.0,2.0,0.0,0.2,1,13074,13074,13074,11878,12059,10158,9917,18861,13914,8458,4025,11929,8004,1,11390,18762,25103,1.0,24:45,2015,2016
2015-16,201941,Jordan Hill,Jordan,1610612754,IND,Indiana Pacers,21500846,2016-02-24T00:00:00,IND vs. NYK,W,17.4,0.0,0.0,0.0,2.0,5.0,7.0,2.0,8.0,0.0,0.0,2.0,0.0,8.7,1,1,1,1,18004,12059,10158,9917,12984,8403,15642,4025,21543,8004,1,11390,18762,20045,1.0,17:21,2015,2016
2015-16,1626171,Bobby Portis,Bobby,1610612741,CHI,Chicago Bulls,21500850,2016-02-24T00:00:00,CHI vs. WAS,W,19.7,1.0,2.0,0.0,4.0,11.0,3.0,10.0,20.0,0.0,1.0,1.0,2.0,9.4,1,1,1,1,16138,11535,4731,9917,8599,18886,7138,20169,11929,8004,17214,4972,7786,19568,1.0,19:43,2015,2016
2015-16,1626246,Boban Marjanović,Boban,1610612759,SAS,San Antonio Spurs,21500854,2016-02-24T00:00:00,SAS @ SAC,W,1.4,0.0,0.0,0.0,0.0,2.0,0.0,0.0,0.0,0.0,0.0,0.0,0.0,0.0,1,1,1,1,25733,12059,10158,9917,18861,2619,1,1,25429,8004,1,1,18762,25170,1.0,1:25,2015,2016
2015-16,203960,JaKarr Sampson,JaKarr,1610612743,DEN,Denver Nuggets,21500853,2016-02-24T00:00:00,DEN @ LAC,W,12.2,1.0,0.0,1.0,2.0,7.0,5.0,2.0,6.0,0.0,0.0,2.0,1.0,7.2,1,1,1,1,21453,11535,10158,9347,12984,12242,11469,4025,22724,8004,1,11390,12373,21035,1.0,12:10,2015,2016
2015-16,201158,Marco Belinelli,Marco,1610612758,SAC,Sacramento Kings,21500854,2016-02-24T00:00:00,SAC vs. SAS,L,15.5,0.0,0.0,0.0,0.0,4.0,2.0,6.0,20.0,0.0,0.0,0.0,1.0,-1.0,1,13074,13074,13074,19414,12059,10158,9917,18861,6141,3734,13388,11929,8004,1,1,12373,25932,1.0,15:29,2015,2016
2015-16,203939,Dwight Powell,Dwight,1610612742,DAL,Dallas Mavericks,21500852,2016-02-24T00:00:00,DAL vs. OKC,L,1.2,0.0,0.0,0.0,0.0,0.0,0.0,0.0,0.0,0.0,0.0,0.0,0.0,0.0,1,13074,13074,13074,25805,12059,10158,9917,18861,1,1,1,25429,8004,1,1,18762,25170,1.0,1:11,2015,2016
2015-16,203087,Jeremy Lamb,Jeremy,1610612766,CHA,Charlotte Hornets,21500845,2016-02-24T00:00:00,CHA @ CLE,L,8.8,0.0,0.0,0.0,0.0,4.0,5.0,9.0,18.0,0.0,0.0,1.0,1.0,4.2,1,13074,13074,13074,22932,12059,10158,9917,18861,6141,11469,18829,13577,8004,1,4972,12373,22976,1.0,8:46,2015,2016
2015-16,201946,Tyler Hansbrough,Tyler,1610612766,CHA,Charlotte Hornets,21500845,2016-02-24T00:00:00,CHA @ CLE,L,4.2,0.0,0.0,0.0,0.0,0.0,3.0,0.0,0.0,0.0,0.0,1.0,2.0,4.4,1,13074,13074,13074,24647,12059,10158,9917,18861,1,7138,1,25429,8004,1,4972,7786,22837,1.0,4:11,2015,2016
2015-16,203912,C.J. Wilcox,C.J.,1610612746,LAC,LA Clippers,21500853,2016-02-24T00:00:00,LAC vs. DEN,L,2.1,0.0,0.0,0.0,0.0,2.0,0.0,0.0,0.0,0.0,0.0,0.0,1.0,0.0,1,13074,13074,13074,25486,12059,10158,9917,18861,2619,1,1,25429,8004,1,1,12373,25170,1.0,2:05,2015,2016
2015-16,203490,Otto Porter Jr.,Otto,1610612764,WAS,Washington Wizards,21500850,2016-02-24T00:00:00,WAS @ CHI,L,17.0,0.0,0.0,2.0,0.0,13.0,3.0,7.0,22.0,0.0,0.0,1.0,0.0,4.4,1,13074,13074,13074,18307,12059,10158,4675,18861,21300,7138,15538,10265,8004,1,4972,18762,22837,1.0,16:57,2015,2016
2015-16,203584,Troy Daniels,Troy,1610612766,CHA,Charlotte Hornets,21500845,2016-02-24T00:00:00,CHA @ CLE,L,4.0,0.0,0.0,0.0,0.0,0.0,3.0,0.0,0.0,0.0,0.0,0.0,0.0,5.0,1,13074,13074,13074,24705,12059,10158,9917,18861,1,7138,1,25429,8004,1,1,18762,22500,1.0,4:00,2015,2016
2015-16,203492,Ray McCallum,Ray,1610612759,SAS,San Antonio Spurs,21500854,2016-02-24T00:00:00,SAS @ SAC,W,1.4,0.0,0.0,0.0,0.0,2.0,0.0,0.0,0.0,0.0,0.0,0.0,0.0,0.0,1,1,1,1,25733,12059,10158,9917,18861,2619,1,1,25429,8004,1,1,18762,25170,1.0,1:25,2015,2016
2015-16,202713,Kyle Singler,Kyle,1610612760,OKC,Oklahoma City Thunder,21500852,2016-02-24T00:00:00,OKC @ DAL,W,4.6,0.0,0.0,0.0,0.0,0.0,0.0,0.0,2.0,0.0,1.0,1.0,0.0,4.8,1,1,1,1,24519,12059,10158,9917,18861,1,1,1,24614,8004,17214,4972,18762,22657,1.0,4:34,2015,2016
2015-16,203143,Pablo Prigioni,Pablo,1610612746,LAC,LA Clippers,21500853,2016-02-24T00:00:00,LAC vs. DEN,L,10.1,0.0,0.0,0.0,0.0,3.0,0.0,1.0,8.0,0.0,0.0,5.0,0.0,8.9,1,13074,13074,13074,22402,12059,10158,9917,18861,5109,1,3646,21543,8004,1,24686,18762,19914,1.0,10:05,2015,2016
2015-16,1718,Paul Pierce,Paul,1610612746,LAC,LA Clippers,21500853,2016-02-24T00:00:00,LAC vs. DEN,L,16.7,0.0,0.0,0.0,2.0,9.0,8.0,11.0,24.0,1.0,0.0,1.0,1.0,13.2,1,13074,13074,13074,18498,12059,10158,9917,12984,15771,17345,21342,8723,2692,1,4972,12373,16768,1.0,16:42,2015,2016
2015-16,2592,James Jones,James,1610612739,CLE,Cleveland Cavaliers,21500845,2016-02-24T00:00:00,CLE vs. CHA,W,1.8,0.0,0.0,0.0,0.0,0.0,0.0,0.0,2.0,0.0,0.0,0.0,0.0,0.0,1,1,1,1,25577,12059,10158,9917,18861,1,1,1,24614,8004,1,1,18762,25170,1.0,1:49,2015,2016
2015-16,2756,Sasha Vujacic,Sasha,1610612752,NYK,New York Knicks,21500846,2016-02-24T00:00:00,NYK @ IND,L,10.7,0.0,0.0,0.0,0.0,6.0,4.0,2.0,10.0,0.0,0.0,0.0,0.0,3.2,1,13074,13074,13074,22147,12059,10158,9917,18861,10028,8458,4025,20209,8004,1,1,18762,23473,1.0,10:43,2015,2016
2015-16,201978,Chase Budinger,Chase,1610612754,IND,Indiana Pacers,21500846,2016-02-24T00:00:00,IND vs. NYK,W,11.5,0.0,0.0,0.0,0.0,2.0,3.0,2.0,6.0,1.0,0.0,3.0,0.0,13.4,1,1,1,1,21812,12059,10158,9917,18861,2619,7138,4025,22724,2692,1,17641,18762,16614,1.0,11:31,2015,2016
2015-16,1626147,Justin Anderson,Justin,1610612742,DAL,Dallas Mavericks,21500852,2016-02-24T00:00:00,DAL vs. OKC,L,1.4,0.0,0.0,2.0,2.0,0.0,0.0,0.0,2.0,0.0,0.0,0.0,0.0,3.2,1,13074,13074,13074,25739,12059,10158,4675,12984,1,1,1,24614,8004,1,1,18762,23473,1.0,1:24,2015,2016
2015-16,201575,Brandon Rush,Brandon,1610612744,GSW,Golden State Warriors,21500848,2016-02-24T00:00:00,GSW @ MIA,W,7.8,0.0,0.0,0.0,0.0,2.0,2.0,2.0,4.0,0.0,0.0,0.0,1.0,7.1,1,1,1,1,23273,12059,10158,9917,18861,2619,3734,4025,23698,8004,1,1,12373,21141,1.0,7:48,2015,2016
2015-16,203460,Andre Roberson,Andre,1610612760,OKC,Oklahoma City Thunder,21500852,2016-02-24T00:00:00,OKC @ DAL,W,20.5,0.0,0.0,4.0,0.0,9.0,11.0,10.0,10.0,1.0,0.0,4.0,1.0,9.6,1,1,1,1,15449,12059,10158,1913,18861,15771,21814,20169,20209,2692,1,22104,12373,19434,1.0,20:32,2015,2016
2015-16,201949,James Johnson,James,1610612761,TOR,Toronto Raptors,21500849,2016-02-24T00:00:00,TOR vs. MIN,W,19.3,0.0,0.0,0.0,2.0,12.0,11.0,2.0,20.0,1.0,0.0,2.0,0.0,7.0,1,1,1,1,16444,12059,10158,9917,12984,20178,21814,4025,11929,2692,1,11390,18762,21188,1.0,19:19,2015,2016
2015-16,203200,Justin Holiday,Justin,1610612741,CHI,Chicago Bulls,21500850,2016-02-24T00:00:00,CHI vs. WAS,W,6.9,0.0,0.0,0.0,0.0,5.0,2.0,5.0,6.0,0.0,0.0,1.0,0.0,4.7,1,1,1,1,23596,12059,10158,9917,18861,8403,3734,11593,22724,8004,1,4972,18762,22672,1.0,6:54,2015,2016
2015-16,203382,Aron Baynes,Aron,1610612765,DET,Detroit Pistons,21500847,2016-02-24T00:00:00,DET vs. PHI,W,19.6,2.0,4.0,0.0,8.0,0.0,7.0,0.0,20.0,0.0,2.0,0.0,5.0,24.9,1,1,1,1,16236,6026,1596,9917,3109,1,15642,1,11929,8004,23588,1,1539,8553,1.0,19:35,2015,2016
2015-16,101138,Brandon Bass,Brandon,1610612747,LAL,Los Angeles Lakers,21500851,2016-02-24T00:00:00,LAL @ MEM,L,22.4,2.0,4.0,0.0,6.0,4.0,11.0,4.0,30.0,1.0,1.0,3.0,3.0,24.2,1,13074,13074,13074,13857,6026,1596,9917,5299,6141,21814,8806,4541,2692,17214,17641,4736,9009,1.0,22:22,2015,2016
2015-16,202326,DeMarcus Cousins,DeMarcus,1610612758,SAC,Sacramento Kings,21500854,2016-02-24T00:00:00,SAC vs. SAS,L,38.9,0.0,0.0,4.0,10.0,5.0,4.0,8.0,32.0,0.0,5.0,3.0,10.0,37.0,1,13074,13074,13074,1120,12059,10158,1913,1840,8403,8458,17194,3535,8004,26042,17641,76,3182,1.0,38:52,2015,2016
2015-16,201568,Danilo Gallinari,Danilo,1610612743,DEN,Denver Nuggets,21500853,2016-02-24T00:00:00,DEN @ LAC,W,35.8,5.0,2.0,7.0,10.0,14.0,8.0,7.0,16.0,0.0,2.0,1.0,5.0,29.6,1,1,1,1,2867,1603,4731,454,1840,22292,17345,15538,15259,8004,23588,4972,1539,6050,1.0,35:50,2015,2016
2015-16,203500,Steven Adams,Steven,1610612760,OKC,Oklahoma City Thunder,21500852,2016-02-24T00:00:00,OKC @ DAL,W,24.8,0.0,4.0,0.0,12.0,3.0,10.0,16.0,18.0,2.0,0.0,5.0,5.0,29.4,1,1,1,1,11875,12059,1596,9917,988,5109,20509,24641,13577,932,1,24686,1539,6143,1.0,24:45,2015,2016
2015-16,1717,Dirk Nowitzki,Dirk,1610612742,DAL,Dallas Mavericks,21500852,2016-02-24T00:00:00,DAL vs. OKC,L,34.4,6.0,3.0,10.0,2.0,9.0,14.0,21.0,30.0,0.0,0.0,4.0,7.0,44.2,1,13074,13074,13074,4038,878,3104,118,12984,15771,24300,25725,4541,8004,1,22104,469,1515,1.0,34:23,2015,2016
2015-16,2546,Carmelo Anthony,Carmelo,1610612752,NYK,New York Knicks,21500846,2016-02-24T00:00:00,NYK @ IND,L,34.8,0.0,2.0,0.0,4.0,14.0,12.0,13.0,36.0,0.0,1.0,4.0,2.0,28.9,1,13074,13074,13074,3724,12059,4731,9917,8599,22292,22832,23048,1943,8004,17214,22104,7786,6414,1.0,34:46,2015,2016
2015-16,201566,Russell Westbrook,Russell,1610612760,OKC,Oklahoma City Thunder,21500852,2016-02-24T00:00:00,OKC @ DAL,W,36.2,0.0,7.0,4.0,6.0,11.0,12.0,17.0,22.0,0.0,1.0,4.0,6.0,49.9,1,1,1,1,2636,12059,292,1913,5299,18886,22832,24967,10265,8004,17214,22104,873,765,1.0,36:09,2015,2016
2015-16,200768,Kyle Lowry,Kyle,1610612761,TOR,Toronto Raptors,21500849,2016-02-24T00:00:00,TOR vs. MIN,W,39.2,7.0,5.0,4.0,6.0,11.0,18.0,3.0,36.0,0.0,1.0,3.0,7.0,36.6,1,1,1,1,972,548,995,1913,5299,18886,25634,7328,1943,8004,17214,17641,469,3288,1.0,39:14,2015,2016
2015-16,2548,Dwyane Wade,Dwyane,1610612748,MIA,Miami Heat,21500848,2016-02-24T00:00:00,MIA vs. GSW,L,32.6,2.0,4.0,2.0,12.0,14.0,14.0,6.0,22.0,1.0,0.0,4.0,6.0,48.1,1,13074,13074,13074,5398,6026,1596,4675,988,22292,24300,13388,10265,2692,1,22104,873,952,1.0,32:38,2015,2016
2015-16,203124,Kyle O'Quinn,Kyle,1610612752,NYK,New York Knicks,21500846,2016-02-24T00:00:00,NYK @ IND,L,16.2,0.0,3.0,0.0,4.0,6.0,4.0,2.0,16.0,1.0,1.0,0.0,3.0,29.2,1,13074,13074,13074,18913,12059,3104,9917,8599,10028,8458,4025,15259,2692,17214,1,4736,6243,1.0,16:10,2015,2016
2015-16,2738,Andre Iguodala,Andre,1610612744,GSW,Golden State Warriors,21500848,2016-02-24T00:00:00,GSW @ MIA,W,28.2,2.0,0.0,2.0,2.0,2.0,10.0,2.0,34.0,0.0,0.0,2.0,1.0,11.5,1,1,1,1,9065,6026,10158,4675,12984,2619,20509,4025,2701,8004,1,11390,12373,18079,1.0,28:13,2015,2016
2015-16,2403,Nene,ene,1610612764,WAS,Washington Wizards,21500850,2016-02-24T00:00:00,WAS @ CHI,L,20.7,0.0,0.0,0.0,0.0,3.0,7.0,3.0,24.0,2.0,0.0,2.0,1.0,30.0,1,13074,13074,13074,15345,12059,10158,9917,18861,5109,15642,7328,8723,932,1,11390,12373,5840,1.0,20:39,2015,2016
2015-16,202704,Reggie Jackson,Reggie,1610612765,DET,Detroit Pistons,21500847,2016-02-24T00:00:00,DET vs. PHI,W,26.1,0.0,0.0,4.0,2.0,4.0,6.0,2.0,22.0,0.0,1.0,1.0,3.0,29.1,1,1,1,1,10743,12059,10158,1913,12984,6141,13237,4025,10265,8004,17214,4972,4736,6285,1.0,26:07,2015,2016
2015-16,200765,Rajon Rondo,Rajon,1610612758,SAC,Sacramento Kings,21500854,2016-02-24T00:00:00,SAC vs. SAS,L,37.7,0.0,0.0,0.0,4.0,7.0,4.0,10.0,30.0,0.0,0.0,2.0,0.0,51.6,1,13074,13074,13074,1673,12059,10158,9917,8599,12242,8458,20169,4541,8004,1,11390,18762,604,1.0,37:39,2015,2016
2015-16,101114,Deron Williams,Deron,1610612742,DAL,Dallas Mavericks,21500852,2016-02-24T00:00:00,DAL vs. OKC,L,35.4,0.0,0.0,5.0,6.0,0.0,14.0,11.0,22.0,0.0,0.0,1.0,2.0,24.6,1,13074,13074,13074,3208,12059,10158,1277,5299,1,24300,21342,10265,8004,1,4972,7786,8724,1.0,35:25,2015,2016
2015-16,203078,Bradley Beal,Bradley,1610612764,WAS,Washington Wizards,21500850,2016-02-24T00:00:00,WAS @ CHI,L,34.4,0.0,0.0,7.0,14.0,5.0,6.0,7.0,36.0,0.0,0.0,1.0,5.0,24.4,1,13074,13074,13074,4038,12059,10158,454,542,8403,13237,15538,1943,8004,1,4972,1539,8867,1.0,34:23,2015,2016
2015-16,202331,Paul George,Paul,1610612754,IND,Indiana Pacers,21500846,2016-02-24T00:00:00,IND vs. NYK,W,36.5,8.0,0.0,4.0,10.0,7.0,10.0,3.0,16.0,0.0,1.0,3.0,7.0,45.4,1,1,1,1,2411,308,10158,1913,1840,12242,20509,7328,15259,8004,17214,17641,469,1291,1.0,36:29,2015,2016
2015-16,2561,David West,David,1610612759,SAS,San Antonio Spurs,21500854,2016-02-24T00:00:00,SAS @ SAC,W,19.4,0.0,0.0,0.0,4.0,9.0,2.0,9.0,20.0,0.0,0.0,1.0,0.0,24.1,1,1,1,1,16375,12059,10158,9917,8599,15771,3734,18829,11929,8004,1,4972,18762,9068,1.0,19:25,2015,2016
2015-16,201939,Stephen Curry,Stephen,1610612744,GSW,Golden State Warriors,21500848,2016-02-24T00:00:00,GSW @ MIA,W,35.6,6.0,7.0,6.0,10.0,7.0,10.0,7.0,42.0,1.0,1.0,0.0,6.0,59.9,1,1,1,1,3071,878,292,740,1840,12242,20509,15538,670,2692,17214,1,873,210,1.0,35:35,2015,2016
2015-16,202691,Klay Thompson,Klay,1610612744,GSW,Golden State Warriors,21500848,2016-02-24T00:00:00,GSW @ MIA,W,33.9,4.0,5.0,2.0,10.0,7.0,12.0,7.0,34.0,0.0,0.0,2.0,1.0,47.6,1,1,1,1,4429,2460,995,4675,1840,12242,22832,15538,2701,8004,1,11390,12373,1003,1.0,33:54,2015,2016
2015-16,101145,Monta Ellis,Monta,1610612754,IND,Indiana Pacers,21500846,2016-02-24T00:00:00,IND vs. NYK,W,35.8,0.0,0.0,0.0,0.0,4.0,10.0,3.0,18.0,1.0,0.0,2.0,1.0,36.1,1,1,1,1,2879,12059,10158,9917,18861,6141,20509,7328,13577,2692,1,11390,12373,3432,1.0,35:49,2015,2016
2015-16,2544,LeBron James,LeBron,1610612739,CLE,Cleveland Cavaliers,21500845,2016-02-24T00:00:00,CLE vs. CHA,W,30.3,6.0,0.0,6.0,12.0,7.0,7.0,5.0,26.0,0.0,0.0,1.0,6.0,45.9,1,1,1,1,7249,878,10158,740,988,12242,15642,11593,7214,8004,1,4972,873,1224,1.0,30:19,2015,2016
2015-16,201144,Mike Conley,Mike,1610612763,MEM,Memphis Grizzlies,21500851,2016-02-24T00:00:00,MEM vs. LAL,W,29.4,3.0,0.0,0.0,12.0,2.0,7.0,9.0,14.0,0.0,1.0,1.0,2.0,44.2,1,1,1,1,8067,4307,10158,9917,988,2619,15642,18829,17019,8004,17214,4972,7786,1515,1.0,29:24,2015,2016
2015-16,202355,Hassan Whiteside,Hassan,1610612748,MIA,Miami Heat,21500848,2016-02-24T00:00:00,MIA vs. GSW,L,31.9,0.0,4.0,0.0,10.0,10.0,9.0,7.0,24.0,2.0,0.0,3.0,4.0,43.6,1,13074,13074,13074,6008,12059,1596,9917,1840,17370,19144,15538,8723,932,1,17641,2748,1627,1.0,31:53,2015,2016
2015-16,101108,Chris Paul,Chris,1610612746,LAC,LA Clippers,21500853,2016-02-24T00:00:00,LAC vs. DEN,L,35.2,3.0,0.0,2.0,2.0,16.0,17.0,18.0,36.0,0.0,2.0,3.0,1.0,49.2,1,13074,13074,13074,3374,4307,10158,4675,12984,23774,25429,25228,1943,8004,23588,17641,12373,842,1.0,35:13,2015,2016
2015-16,1626159,Justise Winslow,Justise,1610612748,MIA,Miami Heat,21500848,2016-02-24T00:00:00,MIA vs. GSW,L,32.7,4.0,4.0,2.0,8.0,14.0,14.0,6.0,24.0,2.0,1.0,2.0,2.0,36.0,1,13074,13074,13074,5315,2460,1596,4675,3109,22292,24300,13388,8723,932,17214,11390,7786,3463,1.0,32:44,2015,2016
2015-16,201142,Kevin Durant,Kevin,1610612760,OKC,Oklahoma City Thunder,21500852,2016-02-24T00:00:00,OKC @ DAL,W,35.2,2.0,2.0,2.0,6.0,7.0,13.0,22.0,22.0,1.0,1.0,1.0,4.0,47.6,1,1,1,1,3376,6026,4731,4675,5299,12242,23668,25811,10265,2692,17214,4972,2748,1003,1.0,35:13,2015,2016
2015-16,202397,Ish Smith,Ish,1610612755,PHI,Philadelphia 76ers,21500847,2016-02-24T00:00:00,PHI @ DET,L,26.3,0.0,0.0,0.0,4.0,10.0,11.0,11.0,26.0,0.0,0.0,4.0,1.0,24.3,1,13074,13074,13074,10643,12059,10158,9917,8599,17370,21814,21342,7214,8004,1,22104,12373,8939,1.0,26:15,2015,2016
2015-16,1626145,Tyus Jones,Tyus,1610612750,MIN,Minnesota Timberwolves,21500849,2016-02-24T00:00:00,MIN @ TOR,L,11.8,0.0,0.0,0.0,2.0,6.0,5.0,7.0,16.0,0.0,1.0,1.0,0.0,11.5,1,13074,13074,13074,21684,12059,10158,9917,12984,10028,11469,15538,15259,8004,17214,4972,18762,18079,1.0,11:48,2015,2016
2015-16,201942,DeMar DeRozan,DeMar,1610612761,TOR,Toronto Raptors,21500849,2016-02-24T00:00:00,TOR vs. MIN,W,37.9,7.0,4.0,2.0,12.0,15.0,14.0,3.0,28.0,0.0,1.0,1.0,5.0,45.8,1,1,1,1,1568,548,1596,4675,988,23079,24300,7328,5824,8004,17214,4972,1539,1242,1.0,37:52,2015,2016
2015-16,201959,Taj Gibson,Taj,1610612741,CHI,Chicago Bulls,21500850,2016-02-24T00:00:00,CHI vs. WAS,W,29.8,2.0,3.0,0.0,12.0,6.0,10.0,12.0,22.0,0.0,1.0,1.0,6.0,40.9,1,1,1,1,7691,6026,3104,9917,988,10028,20509,22259,10265,8004,17214,4972,873,2166,1.0,29:50,2015,2016
2015-16,202689,Kemba Walker,Kemba,1610612766,CHA,Charlotte Hornets,21500845,2016-02-24T00:00:00,CHA @ CLE,L,36.1,3.0,3.0,5.0,4.0,20.0,11.0,20.0,34.0,0.0,0.0,2.0,3.0,31.4,1,13074,13074,13074,2697,4307,3104,1277,8599,25338,21814,25599,2701,8004,1,11390,4736,5218,1.0,36:04,2015,2016
2015-16,201162,Jared Dudley,Jared,1610612764,WAS,Washington Wizards,21500850,2016-02-24T00:00:00,WAS @ CHI,L,19.6,0.0,0.0,0.0,0.0,10.0,5.0,4.0,26.0,0.0,0.0,4.0,1.0,15.8,1,13074,13074,13074,16202,12059,10158,9917,18861,17370,11469,8806,7214,8004,1,22104,12373,14754,1.0,19:38,2015,2016
2015-16,203937,Kyle Anderson,Kyle,1610612759,SAS,San Antonio Spurs,21500854,2016-02-24T00:00:00,SAS @ SAC,W,29.2,2.0,0.0,4.0,6.0,15.0,2.0,7.0,22.0,0.0,0.0,2.0,0.0,31.1,1,1,1,1,8196,6026,10158,1913,5299,23079,3734,15538,10265,8004,1,11390,18762,5354,1.0,29:13,2015,2016
2015-16,201586,Serge Ibaka,Serge,1610612760,OKC,Oklahoma City Thunder,21500852,2016-02-24T00:00:00,OKC @ DAL,W,36.8,0.0,0.0,3.0,2.0,11.0,15.0,19.0,26.0,1.0,0.0,3.0,1.0,27.1,1,1,1,1,2221,12059,10158,3302,12984,18886,24781,25435,7214,2692,1,17641,12373,7339,1.0,36:48,2015,2016
2015-16,2037,Jamal Crawford,Jamal,1610612746,LAC,LA Clippers,21500853,2016-02-24T00:00:00,LAC vs. DEN,L,27.7,5.0,5.0,2.0,4.0,12.0,6.0,8.0,20.0,0.0,0.0,3.0,5.0,26.5,1,13074,13074,13074,9441,1603,995,4675,8599,20178,13237,17194,11929,8004,1,17641,1539,7627,1.0,27:43,2015,2016
2015-16,203084,Harrison Barnes,Harrison,1610612744,GSW,Golden State Warriors,21500848,2016-02-24T00:00:00,GSW @ MIA,W,27.5,2.0,2.0,0.0,2.0,5.0,6.0,5.0,32.0,0.0,1.0,3.0,4.0,20.5,1,1,1,1,9602,6026,4731,9917,12984,8403,13237,11593,3535,8004,17214,17641,2748,11401,1.0,27:30,2015,2016
2015-16,202391,Jeremy Lin,Jeremy,1610612766,CHA,Charlotte Hornets,21500845,2016-02-24T00:00:00,CHA @ CLE,L,24.8,0.0,0.0,0.0,4.0,8.0,8.0,16.0,28.0,0.0,0.0,2.0,2.0,15.2,1,13074,13074,13074,11811,12059,10158,9917,8599,13914,17345,24641,5824,8004,1,11390,7786,15219,1.0,24:49,2015,2016
2015-16,201609,Goran Dragic,Goran,1610612748,MIA,Miami Heat,21500848,2016-02-24T00:00:00,MIA vs. GSW,L,33.8,0.0,0.0,0.0,8.0,8.0,12.0,12.0,28.0,0.0,0.0,5.0,2.0,26.9,1,13074,13074,13074,4521,12059,10158,9917,3109,13914,22832,22259,5824,8004,1,24686,7786,7438,1.0,33:47,2015,2016
2015-16,2216,Zach Randolph,Zach,1610612763,MEM,Memphis Grizzlies,21500851,2016-02-24T00:00:00,MEM vs. LAL,W,29.0,0.0,4.0,0.0,4.0,0.0,9.0,6.0,12.0,0.0,1.0,3.0,4.0,31.3,1,1,1,1,8351,12059,1596,9917,8599,1,19144,13388,18637,8004,17214,17641,2748,5258,1.0,29:02,2015,2016
2015-16,202681,Kyrie Irving,Kyrie,1610612739,CLE,Cleveland Cavaliers,21500845,2016-02-24T00:00:00,CLE vs. CHA,W,32.2,2.0,2.0,9.0,14.0,9.0,4.0,7.0,26.0,1.0,1.0,2.0,4.0,42.7,1,1,1,1,5762,6026,4731,184,542,15771,8458,15538,7214,2692,17214,11390,2748,1800,1.0,32:09,2015,2016
2015-16,2200,Pau Gasol,Pau,1610612741,CHI,Chicago Bulls,21500850,2016-02-24T00:00:00,CHI vs. WAS,W,31.9,2.0,2.0,4.0,4.0,8.0,12.0,15.0,22.0,0.0,0.0,2.0,4.0,41.5,1,1,1,1,5965,6026,4731,1913,8599,13914,22832,24242,10265,8004,1,11390,2748,2038,1.0,31:55,2015,2016
2015-16,101162,Marcin Gortat,Marcin,1610612764,WAS,Washington Wizards,21500850,2016-02-24T00:00:00,WAS @ CHI,L,27.4,2.0,4.0,0.0,8.0,13.0,2.0,7.0,30.0,1.0,0.0,3.0,2.0,20.6,1,13074,13074,13074,9730,6026,1596,9917,3109,21300,3734,15538,4541,2692,1,17641,7786,11314,1.0,27:21,2015,2016
2015-16,201145,Jeff Green,Jeff,1610612746,LAC,LA Clippers,21500853,2016-02-24T00:00:00,LAC vs. DEN,L,25.5,0.0,4.0,0.0,6.0,10.0,5.0,4.0,12.0,3.0,0.0,2.0,1.0,20.5,1,13074,13074,13074,11289,12059,1596,9917,5299,17370,11469,8806,18637,347,1,11390,12373,11401,1.0,25:30,2015,2016
2015-16,202709,Cory Joseph,Cory,1610612761,TOR,Toronto Raptors,21500849,2016-02-24T00:00:00,TOR vs. MIN,W,22.4,5.0,1.0,2.0,10.0,4.0,6.0,0.0,18.0,0.0,0.0,0.0,5.0,26.4,1,1,1,1,13807,1603,9709,4675,1840,6141,13237,1,13577,8004,1,1,1539,7672,1.0,22:26,2015,2016
2015-16,101150,Lou Williams,Lou,1610612747,LAL,Los Angeles Lakers,21500851,2016-02-24T00:00:00,LAL @ MEM,L,22.6,0.0,3.0,8.0,0.0,2.0,9.0,4.0,28.0,0.0,0.0,1.0,4.0,27.1,1,13074,13074,13074,13679,12059,3104,280,18861,2619,19144,8806,5824,8004,1,4972,2748,7339,1.0,22:37,2015,2016
2015-16,2440,Matt Barnes,Matt,1610612763,MEM,Memphis Grizzlies,21500851,2016-02-24T00:00:00,MEM vs. LAL,W,37.1,2.0,5.0,2.0,6.0,8.0,8.0,16.0,26.0,1.0,0.0,3.0,2.0,41.6,1,1,1,1,2014,6026,995,4675,5299,13914,17345,24641,7214,2692,1,17641,7786,2021,1.0,37:07,2015,2016
2015-16,203914,Gary Harris,Gary,1610612743,DEN,Denver Nuggets,21500853,2016-02-24T00:00:00,DEN @ LAC,W,29.1,4.0,3.0,4.0,4.0,14.0,4.0,7.0,8.0,0.0,1.0,1.0,0.0,31.5,1,1,1,1,8315,2460,3104,1913,8599,22292,8458,15538,21543,8004,17214,4972,18762,5180,1.0,29:04,2015,2016
2015-16,204038,Langston Galloway,Langston,1610612752,NYK,New York Knicks,21500846,2016-02-24T00:00:00,NYK @ IND,L,29.0,5.0,2.0,2.0,0.0,14.0,8.0,6.0,24.0,0.0,0.0,5.0,4.0,27.2,1,13074,13074,13074,8355,1603,4731,4675,18861,22292,17345,13388,8723,8004,1,24686,2748,7289,1.0,29:01,2015,2016
2015-16,2225,Tony Parker,Tony,1610612759,SAS,San Antonio Spurs,21500854,2016-02-24T00:00:00,SAS @ SAC,W,30.7,2.0,0.0,4.0,12.0,6.0,5.0,10.0,28.0,0.0,0.0,0.0,0.0,31.6,1,1,1,1,6987,6026,10158,1913,988,10028,11469,20169,5824,8004,1,1,18762,5130,1.0,30:39,2015,2016
2015-16,202695,Kawhi Leonard,Kawhi,1610612759,SAS,San Antonio Spurs,21500854,2016-02-24T00:00:00,SAS @ SAC,W,27.9,2.0,2.0,2.0,4.0,5.0,7.0,11.0,22.0,1.0,1.0,2.0,5.0,43.1,1,1,1,1,9296,6026,4731,4675,8599,8403,15642,21342,10265,2692,17214,11390,1539,1713,1.0,27:55,2015,2016
2015-16,201177,Josh McRoberts,Josh,1610612748,MIA,Miami Heat,21500848,2016-02-24T00:00:00,MIA vs. GSW,L,14.3,0.0,0.0,0.0,2.0,2.0,5.0,6.0,14.0,1.0,0.0,2.0,2.0,12.4,1,13074,13074,13074,20211,12059,10158,9917,12984,2619,11469,13388,17019,2692,1,11390,7786,17418,1.0,14:19,2015,2016
2015-16,203917,Nik Stauskas,Nik,1610612755,PHI,Philadelphia 76ers,21500847,2016-02-24T00:00:00,PHI @ DET,L,25.4,0.0,0.0,0.0,0.0,15.0,3.0,10.0,20.0,0.0,0.0,2.0,1.0,11.8,1,13074,13074,13074,11358,12059,10158,9917,18861,23079,7138,20169,11929,8004,1,11390,12373,17832,1.0,25:25,2015,2016
2015-16,203476,Gorgui Dieng,Gorgui,1610612750,MIN,Minnesota Timberwolves,21500849,2016-02-24T00:00:00,MIN @ TOR,L,41.4,0.0,4.0,0.0,6.0,19.0,13.0,9.0,42.0,2.0,0.0,4.0,5.0,41.1,1,13074,13074,13074,418,12059,1596,9917,5299,25074,23668,18829,670,932,1,22104,1539,2123,1.0,41:21,2015,2016
2015-16,200755,JJ Redick,JJ,1610612746,LAC,LA Clippers,21500853,2016-02-24T00:00:00,LAC vs. DEN,L,32.1,9.0,3.0,3.0,0.0,14.0,15.0,16.0,32.0,0.0,0.0,0.0,1.0,26.1,1,13074,13074,13074,5799,171,3104,3302,18861,22292,24781,24641,3535,8004,1,1,12373,7836,1.0,32:07,2015,2016
2015-16,201587,Nicolas Batum,Nicolas,1610612766,CHA,Charlotte Hornets,21500845,2016-02-24T00:00:00,CHA @ CLE,L,32.7,4.0,2.0,2.0,4.0,16.0,6.0,17.0,28.0,1.0,0.0,2.0,0.0,27.0,1,13074,13074,13074,5337,2460,4731,4675,8599,23774,13237,24967,5824,2692,1,11390,18762,7385,1.0,32:42,2015,2016
2015-16,202684,Tristan Thompson,Tristan,1610612739,CLE,Cleveland Cavaliers,21500845,2016-02-24T00:00:00,CLE vs. CHA,W,23.2,4.0,4.0,2.0,6.0,7.0,4.0,5.0,16.0,0.0,0.0,2.0,0.0,20.0,1,1,1,1,13158,2460,1596,4675,5299,12242,8458,11593,15259,8004,1,11390,18762,11752,1.0,23:15,2015,2016
2015-16,101112,Channing Frye,Channing,1610612739,CLE,Cleveland Cavaliers,21500845,2016-02-24T00:00:00,CLE vs. CHA,W,17.6,0.0,6.0,0.0,2.0,3.0,0.0,2.0,12.0,0.0,0.0,2.0,1.0,26.7,1,1,1,1,17834,12059,481,9917,12984,5109,1,4025,18637,8004,1,11390,12373,7525,1.0,17:35,2015,2016
2015-16,1626196,Josh Richardson,Josh,1610612748,MIA,Miami Heat,21500848,2016-02-24T00:00:00,MIA vs. GSW,L,28.6,0.0,0.0,2.0,2.0,12.0,6.0,6.0,24.0,1.0,0.0,4.0,3.0,22.4,1,13074,13074,13074,8715,12059,10158,4675,12984,20178,13237,13388,8723,2692,1,22104,4736,10131,1.0,28:37,2015,2016
2015-16,2736,Luol Deng,Luol,1610612748,MIA,Miami Heat,21500848,2016-02-24T00:00:00,MIA vs. GSW,L,35.6,1.0,2.0,1.0,8.0,10.0,14.0,12.0,30.0,1.0,1.0,0.0,5.0,39.7,1,13074,13074,13074,3081,11535,4731,9347,3109,17370,24300,22259,4541,2692,17214,1,1539,2451,1.0,35:34,2015,2016
2015-16,101135,David Lee,David,1610612742,DAL,Dallas Mavericks,21500852,2016-02-24T00:00:00,DAL vs. OKC,L,15.3,0.0,2.0,2.0,4.0,3.0,7.0,5.0,6.0,0.0,1.0,3.0,2.0,13.8,1,13074,13074,13074,19530,12059,4731,4675,8599,5109,15642,11593,22724,8004,17214,17641,7786,16311,1.0,15:21,2015,2016
2015-16,201148,Brandan Wright,Brandan,1610612763,MEM,Memphis Grizzlies,21500851,2016-02-24T00:00:00,MEM vs. LAL,W,22.0,0.0,4.0,0.0,14.0,6.0,15.0,11.0,16.0,2.0,0.0,3.0,4.0,27.7,1,1,1,1,14199,12059,1596,9917,542,10028,24781,21342,15259,932,1,17641,2748,7008,1.0,21:58,2015,2016
2015-16,203088,Kendall Marshall,Kendall,1610612755,PHI,Philadelphia 76ers,21500847,2016-02-24T00:00:00,PHI @ DET,L,21.8,0.0,0.0,0.0,6.0,12.0,10.0,5.0,16.0,0.0,0.0,2.0,4.0,17.2,1,13074,13074,13074,14389,12059,10158,9917,5299,20178,20509,11593,15259,8004,1,11390,2748,13725,1.0,21:45,2015,2016
2015-16,202687,Bismack Biyombo,Bismack,1610612761,TOR,Toronto Raptors,21500849,2016-02-24T00:00:00,TOR vs. MIN,W,29.0,2.0,0.0,0.0,6.0,7.0,7.0,1.0,18.0,3.0,0.0,3.0,0.0,31.7,1,1,1,1,8373,6026,10158,9917,5299,12242,15642,3646,13577,347,1,17641,18762,5088,1.0,29:00,2015,2016
2015-16,203457,Nerlens Noel,Nerlens,1610612755,PHI,Philadelphia 76ers,21500847,2016-02-24T00:00:00,PHI @ DET,L,20.3,0.0,0.0,0.0,2.0,13.0,11.0,13.0,28.0,3.0,0.0,1.0,1.0,21.8,1,13074,13074,13074,15666,12059,10158,9917,12984,21300,21814,23048,5824,347,1,4972,12373,10526,1.0,20:16,2015,2016
2015-16,203498,Shabazz Muhammad,Shabazz,1610612750,MIN,Minnesota Timberwolves,21500849,2016-02-24T00:00:00,MIN @ TOR,L,21.1,0.0,4.0,0.0,10.0,10.0,7.0,9.0,34.0,0.0,2.0,1.0,1.0,17.2,1,13074,13074,13074,14945,12059,1596,9917,1840,17370,15642,18829,2701,8004,23588,4972,12373,13725,1.0,21:08,2015,2016
2015-16,201980,Danny Green,Danny,1610612759,SAS,San Antonio Spurs,21500854,2016-02-24T00:00:00,SAS @ SAC,W,29.2,3.0,0.0,0.0,4.0,4.0,7.0,8.0,30.0,1.0,0.0,2.0,0.0,37.9,1,1,1,1,8196,4307,10158,9917,8599,6141,15642,17194,4541,2692,1,11390,18762,2931,1.0,29:13,2015,2016
2015-16,1626144,Emmanuel Mudiay,Emmanuel,1610612743,DEN,Denver Nuggets,21500853,2016-02-24T00:00:00,DEN @ LAC,W,30.4,2.0,0.0,0.0,2.0,14.0,4.0,7.0,10.0,0.0,1.0,2.0,2.0,22.0,1,1,1,1,7155,6026,10158,9917,12984,22292,8458,15538,20209,8004,17214,11390,7786,10388,1.0,30:26,2015,2016
2015-16,202322,John Wall,John,1610612764,WAS,Washington Wizards,21500850,2016-02-24T00:00:00,WAS @ CHI,L,31.7,4.0,2.0,8.0,6.0,13.0,5.0,8.0,36.0,0.0,0.0,3.0,3.0,39.3,1,13074,13074,13074,6179,2460,4731,280,5299,21300,11469,17194,1943,8004,1,17641,4736,2563,1.0,31:40,2015,2016
2015-16,1626143,Jahlil Okafor,Jahlil,1610612755,PHI,Philadelphia 76ers,21500847,2016-02-24T00:00:00,PHI @ DET,L,23.7,0.0,0.0,0.0,8.0,14.0,9.0,9.0,20.0,0.0,0.0,2.0,0.0,16.9,1,13074,13074,13074,12819,12059,10158,9917,3109,22292,19144,18829,11929,8004,1,11390,18762,13911,1.0,23:42,2015,2016
2015-16,203112,Quincy Acy,Quincy,1610612758,SAC,Sacramento Kings,21500854,2016-02-24T00:00:00,SAC vs. SAS,L,23.0,4.0,0.0,2.0,8.0,5.0,4.0,6.0,16.0,0.0,0.0,4.0,1.0,22.4,1,13074,13074,13074,13369,2460,10158,4675,3109,8403,8458,13388,15259,8004,1,22104,12373,10131,1.0,23:00,2015,2016
2015-16,203999,Nikola Jokić,Nikola,1610612743,DEN,Denver Nuggets,21500853,2016-02-24T00:00:00,DEN @ LAC,W,26.2,0.0,4.0,0.0,4.0,11.0,4.0,7.0,8.0,1.0,1.0,2.0,1.0,27.7,1,1,1,1,10673,12059,1596,9917,8599,18886,8458,15538,21543,2692,17214,11390,12373,7008,1.0,26:13,2015,2016
2015-16,1626158,Richaun Holmes,Richaun,1610612755,PHI,Philadelphia 76ers,21500847,2016-02-24T00:00:00,PHI @ DET,L,17.5,0.0,2.0,0.0,4.0,5.0,2.0,2.0,8.0,1.0,0.0,2.0,0.0,17.4,1,13074,13074,13074,17895,12059,4731,9917,8599,8403,3734,4025,21543,2692,1,11390,18762,13595,1.0,17:30,2015,2016
2015-16,202718,Chandler Parsons,Chandler,1610612742,DAL,Dallas Mavericks,21500852,2016-02-24T00:00:00,DAL vs. OKC,L,24.1,0.0,0.0,0.0,4.0,2.0,9.0,8.0,22.0,0.0,1.0,5.0,1.0,17.1,1,13074,13074,13074,12505,12059,10158,9917,8599,2619,19144,17194,10265,8004,17214,24686,12373,13791,1.0,24:03,2015,2016
2015-16,101106,Andrew Bogut,Andrew,1610612744,GSW,Golden State Warriors,21500848,2016-02-24T00:00:00,GSW @ MIA,W,29.5,2.0,0.0,0.0,2.0,5.0,10.0,5.0,28.0,0.0,0.0,6.0,0.0,17.3,1,1,1,1,7958,6026,10158,9917,12984,8403,20509,11593,5824,8004,1,25827,18762,13671,1.0,29:32,2015,2016
2015-16,203521,Matthew Dellavedova,Matthew,1610612739,CLE,Cleveland Cavaliers,21500845,2016-02-24T00:00:00,CLE vs. CHA,W,26.3,0.0,3.0,0.0,0.0,3.0,3.0,2.0,20.0,0.0,0.0,1.0,3.0,22.7,1,1,1,1,10568,12059,3104,9917,18861,5109,7138,4025,11929,8004,1,4972,4736,9938,1.0,26:20,2015,2016
2015-16,101109,Raymond Felton,Raymond,1610612742,DAL,Dallas Mavericks,21500852,2016-02-24T00:00:00,DAL vs. OKC,L,33.3,4.0,2.0,3.0,2.0,7.0,18.0,17.0,24.0,0.0,0.0,1.0,4.0,32.7,1,13074,13074,13074,4913,2460,4731,3302,12984,12242,25634,24967,8723,8004,1,4972,2748,4649,1.0,33:16,2015,2016
2015-16,203952,Andrew Wiggins,Andrew,1610612750,MIN,Minnesota Timberwolves,21500849,2016-02-24T00:00:00,MIN @ TOR,L,31.9,9.0,5.0,1.0,8.0,15.0,16.0,4.0,32.0,0.0,0.0,2.0,6.0,32.3,1,13074,13074,13074,5973,171,995,9347,3109,23079,25155,8806,3535,8004,1,11390,873,4807,1.0,31:54,2015,2016
2015-16,201954,Darren Collison,Darren,1610612758,SAC,Sacramento Kings,21500854,2016-02-24T00:00:00,SAC vs. SAS,L,31.4,4.0,0.0,2.0,6.0,6.0,2.0,10.0,34.0,0.0,0.0,1.0,1.0,28.6,1,13074,13074,13074,6393,2460,10158,4675,5299,10028,3734,20169,2701,8004,1,4972,12373,6560,1.0,31:23,2015,2016
2015-16,203613,Jonathon Simmons,Jonathon,1610612759,SAS,San Antonio Spurs,21500854,2016-02-24T00:00:00,SAS @ SAC,W,13.6,0.0,0.0,2.0,4.0,8.0,0.0,2.0,18.0,0.0,0.0,1.0,1.0,13.4,1,1,1,1,20631,12059,10158,4675,8599,13914,1,4025,13577,8004,1,4972,12373,16614,1.0,13:38,2015,2016
2015-16,202683,Enes Freedom,Enes,1610612760,OKC,Oklahoma City Thunder,21500852,2016-02-24T00:00:00,OKC @ DAL,W,17.4,2.0,4.0,4.0,10.0,6.0,3.0,8.0,12.0,0.0,1.0,2.0,4.0,31.8,1,1,1,1,17986,6026,1596,1913,1840,10028,7138,17194,18637,8004,17214,11390,2748,5041,1.0,17:22,2015,2016
2015-16,203903,Jordan Clarkson,Jordan,1610612747,LAL,Los Angeles Lakers,21500851,2016-02-24T00:00:00,LAL @ MEM,L,40.5,0.0,0.0,3.0,6.0,13.0,13.0,19.0,46.0,0.0,0.0,3.0,2.0,37.7,1,13074,13074,13074,598,12059,10158,3302,5299,21300,23668,25435,298,8004,1,17641,7786,2990,1.0,40:31,2015,2016
2015-16,203082,Terrence Ross,Terrence,1610612761,TOR,Toronto Raptors,21500849,2016-02-24T00:00:00,TOR vs. MIN,W,19.4,0.0,0.0,3.0,0.0,1.0,3.0,1.0,12.0,1.0,1.0,2.0,1.0,17.6,1,1,1,1,16375,12059,10158,3302,18861,2356,7138,3646,18637,2692,17214,11390,12373,13443,1.0,19:25,2015,2016
2015-16,202685,Jonas Valančiūnas,Jonas,1610612761,TOR,Toronto Raptors,21500849,2016-02-24T00:00:00,TOR vs. MIN,W,19.0,0.0,4.0,0.0,12.0,8.0,11.0,2.0,22.0,0.0,0.0,5.0,2.0,21.9,1,1,1,1,16698,12059,1596,9917,988,13914,21814,4025,10265,8004,1,24686,7786,10460,1.0,19:00,2015,2016
2015-16,1626156,D'Angelo Russell,D'Angelo,1610612747,LAL,Los Angeles Lakers,21500851,2016-02-24T00:00:00,LAL @ MEM,L,32.9,2.0,0.0,4.0,8.0,11.0,14.0,15.0,34.0,0.0,1.0,0.0,2.0,37.8,1,13074,13074,13074,5229,6026,10158,1913,3109,18886,24300,24242,2701,8004,17214,1,7786,2956,1.0,32:52,2015,2016
2015-16,203926,Doug McDermott,Doug,1610612741,CHI,Chicago Bulls,21500850,2016-02-24T00:00:00,CHI vs. WAS,W,28.6,2.0,0.0,0.0,6.0,13.0,6.0,14.0,28.0,0.0,0.0,3.0,3.0,22.0,1,1,1,1,8696,6026,10158,9917,5299,21300,13237,23710,5824,8004,1,17641,4736,10388,1.0,28:38,2015,2016
2015-16,202702,Kenneth Faried,Kenneth,1610612743,DEN,Denver Nuggets,21500853,2016-02-24T00:00:00,DEN @ LAC,W,22.7,5.0,8.0,7.0,18.0,7.0,3.0,7.0,6.0,0.0,1.0,2.0,2.0,38.7,1,1,1,1,13581,1603,137,454,131,12242,7138,15538,22724,8004,17214,11390,7786,2717,1.0,22:44,2015,2016
2015-16,201988,Patty Mills,Patty,1610612759,SAS,San Antonio Spurs,21500854,2016-02-24T00:00:00,SAS @ SAC,W,19.1,0.0,0.0,0.0,0.0,7.0,2.0,7.0,18.0,0.0,0.0,0.0,1.0,13.5,1,1,1,1,16614,12059,10158,9917,18861,12242,3734,15538,13577,8004,1,1,12373,16552,1.0,19:06,2015,2016
2015-16,203110,Draymond Green,Draymond,1610612744,GSW,Golden State Warriors,21500848,2016-02-24T00:00:00,GSW @ MIA,W,35.9,0.0,2.0,0.0,6.0,7.0,12.0,7.0,36.0,1.0,3.0,3.0,3.0,27.7,1,1,1,1,2805,12059,4731,9917,5299,12242,22832,15538,1943,2692,25441,17641,4736,7008,1.0,35:56,2015,2016
2015-16,201937,Ricky Rubio,Ricky,1610612750,MIN,Minnesota Timberwolves,21500849,2016-02-24T00:00:00,MIN @ TOR,L,36.2,0.0,3.0,0.0,0.0,17.0,13.0,6.0,40.0,0.0,0.0,2.0,3.0,38.1,1,13074,13074,13074,2613,12059,3104,9917,18861,24337,23668,13388,983,8004,1,11390,4736,2879,1.0,36:12,2015,2016
2015-16,203079,Dion Waiters,Dion,1610612760,OKC,Oklahoma City Thunder,21500852,2016-02-24T00:00:00,OKC @ DAL,W,26.9,3.0,3.0,6.0,0.0,8.0,6.0,14.0,22.0,0.0,0.0,3.0,0.0,21.9,1,1,1,1,10099,4307,3104,740,18861,13914,13237,23710,10265,8004,1,17641,18762,10460,1.0,26:54,2015,2016
2015-16,2734,Devin Harris,Devin,1610612742,DAL,Dallas Mavericks,21500852,2016-02-24T00:00:00,DAL vs. OKC,L,14.1,2.0,3.0,2.0,4.0,9.0,6.0,12.0,14.0,0.0,0.0,2.0,3.0,14.0,1,13074,13074,13074,20363,6026,3104,4675,8599,15771,13237,22259,17019,8004,1,11390,4736,16166,1.0,14:05,2015,2016
2015-16,1626167,Myles Turner,Myles,1610612754,IND,Indiana Pacers,21500846,2016-02-24T00:00:00,IND vs. NYK,W,29.7,2.0,0.0,5.0,12.0,4.0,10.0,3.0,14.0,0.0,2.0,3.0,4.0,33.2,1,1,1,1,7793,6026,10158,1277,988,6141,20509,7328,17019,8004,23588,17641,2748,4462,1.0,29:43,2015,2016
2015-16,201567,Kevin Love,Kevin,1610612739,CLE,Cleveland Cavaliers,21500845,2016-02-24T00:00:00,CLE vs. CHA,W,26.0,4.0,0.0,2.0,2.0,7.0,7.0,5.0,24.0,0.0,1.0,3.0,1.0,17.4,1,1,1,1,10849,2460,10158,4675,12984,12242,15642,11593,8723,8004,17214,17641,12373,13595,1.0,25:60,2015,2016
2015-16,202325,Wesley Johnson,Wesley,1610612746,LAC,LA Clippers,21500853,2016-02-24T00:00:00,LAC vs. DEN,L,22.6,0.0,0.0,0.0,2.0,14.0,9.0,10.0,22.0,0.0,0.0,2.0,0.0,17.4,1,13074,13074,13074,13661,12059,10158,9917,12984,22292,19144,20169,10265,8004,1,11390,18762,13595,1.0,22:38,2015,2016
2015-16,202694,Marcus Morris Sr.,Marcus,1610612765,DET,Detroit Pistons,21500847,2016-02-24T00:00:00,DET vs. PHI,W,32.1,9.0,0.0,2.0,2.0,0.0,7.0,0.0,26.0,0.0,0.0,1.0,3.0,37.8,1,1,1,1,5811,171,10158,4675,12984,1,15642,1,7214,8004,1,4972,4736,2956,1.0,32:05,2015,2016
2015-16,101107,Marvin Williams,Marvin,1610612766,CHA,Charlotte Hornets,21500845,2016-02-24T00:00:00,CHA @ CLE,L,24.5,2.0,0.0,0.0,2.0,16.0,6.0,17.0,24.0,0.0,1.0,3.0,3.0,28.0,1,13074,13074,13074,12102,6026,10158,9917,12984,23774,13237,24967,8723,8004,17214,17641,4736,6864,1.0,24:31,2015,2016
2015-16,203897,Zach LaVine,Zach,1610612750,MIN,Minnesota Timberwolves,21500849,2016-02-24T00:00:00,MIN @ TOR,L,32.5,0.0,2.0,0.0,4.0,19.0,14.0,8.0,38.0,2.0,2.0,5.0,2.0,21.9,1,13074,13074,13074,5470,12059,4731,9917,8599,25074,24300,17194,1422,932,23588,24686,7786,10460,1.0,32:32,2015,2016
2015-16,101187,Alan Anderson,Alan,1610612764,WAS,Washington Wizards,21500850,2016-02-24T00:00:00,WAS @ CHI,L,16.5,3.0,0.0,0.0,2.0,3.0,4.0,3.0,20.0,0.0,0.0,2.0,1.0,13.1,1,13074,13074,13074,18674,4307,10158,9917,12984,5109,8458,7328,11929,8004,1,11390,12373,16874,1.0,16:28,2015,2016
2015-16,2755,Kevin Martin,Kevin,1610612750,MIN,Minnesota Timberwolves,21500849,2016-02-24T00:00:00,MIN @ TOR,L,4.1,0.0,0.0,0.0,0.0,0.0,2.0,3.0,4.0,0.0,0.0,1.0,0.0,2.0,1,13074,13074,13074,24686,12059,10158,9917,18861,1,3734,7328,23698,8004,1,4972,18762,24216,1.0,4:04,2015,2016
2015-16,203469,Cody Zeller,Cody,1610612766,CHA,Charlotte Hornets,21500845,2016-02-24T00:00:00,CHA @ CLE,L,22.5,0.0,2.0,0.0,6.0,16.0,4.0,14.0,18.0,0.0,0.0,3.0,2.0,13.2,1,13074,13074,13074,13748,12059,4731,9917,5299,23774,8458,23710,13577,8004,1,17641,7786,16768,1.0,22:31,2015,2016
2015-16,1495,Tim Duncan,Tim,1610612759,SAS,San Antonio Spurs,21500854,2016-02-24T00:00:00,SAS @ SAC,W,11.8,0.0,0.0,0.0,0.0,0.0,3.0,6.0,16.0,0.0,0.0,2.0,1.0,2.4,1,1,1,1,21684,12059,10158,9917,18861,1,7138,13388,15259,8004,1,11390,12373,24024,1.0,11:48,2015,2016
2015-16,202712,Justin Harper,Justin,1610612765,DET,Detroit Pistons,21500847,2016-02-24T00:00:00,DET vs. PHI,W,5.1,0.0,0.0,0.0,0.0,2.0,0.0,0.0,4.0,0.0,0.0,0.0,1.0,3.0,1,1,1,1,24342,12059,10158,9917,18861,2619,1,1,23698,8004,1,1,12373,23648,1.0,5:04,2015,2016
2015-16,202498,Lance Thomas,Lance,1610612752,NYK,New York Knicks,21500846,2016-02-24T00:00:00,NYK @ IND,L,32.1,0.0,0.0,0.0,0.0,12.0,8.0,7.0,30.0,0.0,1.0,3.0,2.0,8.0,1,13074,13074,13074,5830,12059,10158,9917,18861,20178,17345,15538,4541,8004,17214,17641,7786,20564,1.0,32:04,2015,2016
2015-16,201167,Arron Afflalo,Arron,1610612752,NYK,New York Knicks,21500846,2016-02-24T00:00:00,NYK @ IND,L,23.6,2.0,0.0,0.0,2.0,6.0,8.0,9.0,30.0,0.0,1.0,1.0,1.0,12.5,1,13074,13074,13074,12899,6026,10158,9917,12984,10028,17345,18829,4541,8004,17214,4972,12373,17372,1.0,23:36,2015,2016
2015-16,201166,Aaron Brooks,Aaron,1610612741,CHI,Chicago Bulls,21500850,2016-02-24T00:00:00,CHI vs. WAS,W,19.8,0.0,0.0,0.0,8.0,12.0,5.0,15.0,18.0,0.0,1.0,2.0,1.0,13.0,1,1,1,1,16109,12059,10158,9917,3109,20178,11469,24242,13577,8004,17214,11390,12373,16969,1.0,19:46,2015,2016
2015-16,1626245,Cristiano Felicio,Cristiano,1610612741,CHI,Chicago Bulls,21500850,2016-02-24T00:00:00,CHI vs. WAS,W,12.4,0.0,0.0,0.0,2.0,9.0,1.0,7.0,16.0,1.0,0.0,1.0,1.0,12.8,1,1,1,1,21358,12059,10158,9917,12984,15771,3393,15538,15259,2692,1,4972,12373,17129,1.0,12:21,2015,2016
2015-16,201156,Nick Young,Nick,1610612747,LAL,Los Angeles Lakers,21500851,2016-02-24T00:00:00,LAL @ MEM,L,19.1,2.0,3.0,0.0,0.0,4.0,9.0,4.0,26.0,0.0,0.0,2.0,1.0,8.0,1,13074,13074,13074,16654,6026,3104,9917,18861,6141,19144,8806,7214,8004,1,11390,12373,20564,1.0,19:03,2015,2016
2015-16,201588,George Hill,George,1610612754,IND,Indiana Pacers,21500846,2016-02-24T00:00:00,IND vs. NYK,W,31.1,4.0,4.0,4.0,6.0,4.0,8.0,3.0,16.0,0.0,0.0,0.0,0.0,21.1,1,1,1,1,6656,2460,1596,1913,5299,6141,17345,7328,15259,8004,1,1,18762,11012,1.0,31:04,2015,2016
2015-16,202730,Lavoy Allen,Lavoy,1610612754,IND,Indiana Pacers,21500846,2016-02-24T00:00:00,IND vs. NYK,W,18.3,2.0,4.0,0.0,2.0,5.0,3.0,2.0,8.0,1.0,1.0,1.0,0.0,20.7,1,1,1,1,17278,6026,1596,9917,12984,8403,7138,4025,21543,2692,17214,4972,18762,11252,1.0,18:17,2015,2016
2015-16,201571,D.J. Augustin,D.J.,1610612743,DEN,Denver Nuggets,21500853,2016-02-24T00:00:00,DEN @ LAC,W,17.6,0.0,0.0,0.0,0.0,7.0,9.0,2.0,12.0,0.0,1.0,0.0,4.0,3.0,1,1,1,1,17847,12059,10158,9917,18861,12242,19144,4025,18637,8004,17214,1,2748,23648,1.0,17:34,2015,2016
2015-16,201585,Kosta Koufos,Kosta,1610612758,SAC,Sacramento Kings,21500854,2016-02-24T00:00:00,SAC vs. SAS,L,7.7,0.0,0.0,0.0,0.0,4.0,2.0,4.0,8.0,0.0,0.0,1.0,0.0,2.4,1,13074,13074,13074,23307,12059,10158,9917,18861,6141,3734,8806,21543,8004,1,4972,18762,24024,1.0,7:43,2015,2016
2015-16,201579,Roy Hibbert,Roy,1610612747,LAL,Los Angeles Lakers,21500851,2016-02-24T00:00:00,LAL @ MEM,L,16.0,0.0,0.0,0.0,0.0,9.0,7.0,15.0,16.0,2.0,0.0,4.0,1.0,16.8,1,13074,13074,13074,19035,12059,10158,9917,18861,15771,15642,24242,15259,932,1,22104,12373,13996,1.0,16:00,2015,2016
2015-16,203552,Seth Curry,Seth,1610612758,SAC,Sacramento Kings,21500854,2016-02-24T00:00:00,SAC vs. SAS,L,6.0,0.0,0.0,0.0,0.0,0.0,0.0,0.0,6.0,0.0,0.0,1.0,0.0,2.0,1,13074,13074,13074,23948,12059,10158,9917,18861,1,1,1,22724,8004,1,4972,18762,24216,1.0,6:02,2015,2016
2015-16,201596,Mario Chalmers,Mario,1610612763,MEM,Memphis Grizzlies,21500851,2016-02-24T00:00:00,MEM vs. LAL,W,18.4,0.0,0.0,0.0,2.0,6.0,13.0,11.0,14.0,0.0,0.0,2.0,1.0,13.2,1,1,1,1,17213,12059,10158,9917,12984,10028,23668,21342,17019,8004,1,11390,12373,16768,1.0,18:22,2015,2016
2015-16,201577,Robin Lopez,Robin,1610612752,NYK,New York Knicks,21500846,2016-02-24T00:00:00,NYK @ IND,L,25.2,0.0,2.0,0.0,4.0,12.0,8.0,11.0,28.0,3.0,0.0,2.0,0.0,20.9,1,13074,13074,13074,11528,12059,4731,9917,8599,20178,17345,21342,5824,347,1,11390,18762,11132,1.0,25:12,2015,2016
2015-16,203524,Solomon Hill,Solomon,1610612754,IND,Indiana Pacers,21500846,2016-02-24T00:00:00,IND vs. NYK,W,14.1,0.0,2.0,0.0,2.0,5.0,5.0,2.0,4.0,0.0,0.0,1.0,2.0,8.2,1,1,1,1,20373,12059,4731,9917,12984,8403,11469,4025,23698,8004,1,4972,7786,20416,1.0,14:04,2015,2016
2015-16,202341,James Anderson,James,1610612758,SAC,Sacramento Kings,21500854,2016-02-24T00:00:00,SAC vs. SAS,L,1.4,0.0,0.0,0.0,0.0,0.0,0.0,0.0,2.0,0.0,0.0,0.0,0.0,3.0,1,13074,13074,13074,25733,12059,10158,9917,18861,1,1,1,24614,8004,1,1,18762,23648,1.0,1:25,2015,2016
2015-16,1626257,Salah Mejri,Salah,1610612742,DAL,Dallas Mavericks,21500852,2016-02-24T00:00:00,DAL vs. OKC,L,9.3,0.0,0.0,0.0,2.0,6.0,4.0,7.0,10.0,4.0,0.0,0.0,1.0,21.2,1,13074,13074,13074,22712,12059,10158,9917,12984,10028,8458,15538,20209,132,1,1,12373,10936,1.0,9:19,2015,2016
2015-16,201171,Carl Landry,Carl,1610612755,PHI,Philadelphia 76ers,21500847,2016-02-24T00:00:00,PHI @ DET,L,9.8,2.0,0.0,0.0,4.0,5.0,2.0,2.0,4.0,0.0,0.0,2.0,1.0,18.0,1,13074,13074,13074,22543,6026,10158,9917,8599,8403,3734,4025,23698,8004,1,11390,12373,13164,1.0,9:45,2015,2016
2015-16,2555,Nick Collison,Nick,1610612760,OKC,Oklahoma City Thunder,21500852,2016-02-24T00:00:00,OKC @ DAL,W,10.5,2.0,0.0,0.0,2.0,2.0,0.0,5.0,6.0,0.0,0.0,1.0,0.0,2.2,1,1,1,1,22250,6026,10158,9917,12984,2619,1,11593,22724,8004,1,4972,18762,24138,1.0,10:27,2015,2016
2015-16,203115,Will Barton,Will,1610612743,DEN,Denver Nuggets,21500853,2016-02-24T00:00:00,DEN @ LAC,W,25.6,0.0,0.0,0.0,0.0,14.0,10.0,2.0,16.0,1.0,1.0,2.0,3.0,18.2,1,1,1,1,11208,12059,10158,9917,18861,22292,20509,4025,15259,2692,17214,11390,4736,13004,1.0,25:36,2015,2016
2015-16,201589,Darrell Arthur,Darrell,1610612743,DEN,Denver Nuggets,21500853,2016-02-24T00:00:00,DEN @ LAC,W,18.6,0.0,0.0,0.0,0.0,7.0,9.0,2.0,14.0,0.0,0.0,2.0,0.0,8.3,1,1,1,1,17022,12059,10158,9917,18861,12242,19144,4025,17019,8004,1,11390,18762,20376,1.0,18:36,2015,2016
2015-16,203493,Reggie Bullock Jr.,Reggie,1610612765,DET,Detroit Pistons,21500847,2016-02-24T00:00:00,DET vs. PHI,W,26.3,5.0,3.0,5.0,4.0,9.0,9.0,2.0,22.0,0.0,0.0,4.0,1.0,18.2,1,1,1,1,10568,1603,3104,1277,8599,15771,19144,4025,10265,8004,1,22104,12373,13004,1.0,26:20,2015,2016
2015-16,1626199,Darrun Hilliard,Darrun,1610612765,DET,Detroit Pistons,21500847,2016-02-24T00:00:00,DET vs. PHI,W,18.3,0.0,2.0,0.0,0.0,4.0,5.0,0.0,16.0,0.0,1.0,1.0,1.0,16.5,1,1,1,1,17234,12059,4731,9917,18861,6141,11469,1,15259,8004,17214,4972,12373,14224,1.0,18:20,2015,2016
2015-16,1626163,Frank Kaminsky,Frank,1610612766,CHA,Charlotte Hornets,21500845,2016-02-24T00:00:00,CHA @ CLE,L,23.5,1.0,0.0,0.0,4.0,6.0,11.0,11.0,24.0,0.0,0.0,1.0,2.0,21.3,1,13074,13074,13074,12976,11535,10158,9917,8599,10028,21814,21342,8723,8004,1,4972,7786,10880,1.0,23:29,2015,2016
2015-16,2744,Al Jefferson,Al,1610612766,CHA,Charlotte Hornets,21500845,2016-02-24T00:00:00,CHA @ CLE,L,21.3,0.0,0.0,0.0,6.0,6.0,10.0,14.0,30.0,0.0,0.0,3.0,4.0,18.2,1,13074,13074,13074,14783,12059,10158,9917,5299,10028,20509,23710,4541,8004,1,17641,2748,13004,1.0,21:18,2015,2016
2015-16,202335,Patrick Patterson,Patrick,1610612761,TOR,Toronto Raptors,21500849,2016-02-24T00:00:00,TOR vs. MIN,W,34.6,0.0,2.0,0.0,4.0,5.0,12.0,1.0,24.0,2.0,1.0,4.0,0.0,18.2,1,1,1,1,3865,12059,4731,9917,8599,8403,22832,3646,8723,932,17214,22104,18762,13004,1.0,34:36,2015,2016
2015-16,2405,Amar'e Stoudemire,Amar'e,1610612748,MIA,Miami Heat,21500848,2016-02-24T00:00:00,MIA vs. GSW,L,5.7,0.0,0.0,0.0,0.0,2.0,2.0,3.0,4.0,0.0,0.0,1.0,0.0,2.4,1,13074,13074,13074,24090,12059,10158,9917,18861,2619,3734,7328,23698,8004,1,4972,18762,24024,1.0,5:43,2015,2016
2015-16,203083,Andre Drummond,Andre,1610612765,DET,Detroit Pistons,21500847,2016-02-24T00:00:00,DET vs. PHI,W,26.7,2.0,4.0,0.0,8.0,7.0,4.0,2.0,16.0,1.0,0.0,3.0,6.0,34.6,1,1,1,1,10287,6026,1596,9917,3109,12242,8458,4025,15259,2692,1,17641,873,3963,1.0,26:41,2015,2016
2015-16,203210,JaMychal Green,JaMychal,1610612763,MEM,Memphis Grizzlies,21500851,2016-02-24T00:00:00,MEM vs. LAL,W,25.3,2.0,2.0,7.0,8.0,0.0,2.0,6.0,12.0,0.0,1.0,2.0,2.0,25.8,1,1,1,1,11457,6026,4731,454,3109,1,3734,13388,18637,8004,17214,11390,7786,8022,1.0,25:17,2015,2016
2015-16,203268,Jorge Gutierrez,Jorge,1610612766,CHA,Charlotte Hornets,21500845,2016-02-24T00:00:00,CHA @ CLE,L,4.0,0.0,0.0,0.0,2.0,0.0,3.0,0.0,0.0,0.0,0.0,0.0,1.0,10.0,1,13074,13074,13074,24705,12059,10158,9917,12984,1,7138,1,25429,8004,1,1,12373,19178,1.0,4:00,2015,2016
2015-16,203138,Hollis Thompson,Hollis,1610612755,PHI,Philadelphia 76ers,21500847,2016-02-24T00:00:00,PHI @ DET,L,32.3,4.0,5.0,2.0,4.0,12.0,20.0,8.0,26.0,0.0,1.0,4.0,3.0,25.8,1,13074,13074,13074,5617,2460,995,4675,8599,20178,25875,17194,7214,8004,17214,22104,4736,8022,1.0,32:20,2015,2016
2015-16,101181,Jose Calderon,Jose,1610612752,NYK,New York Knicks,21500846,2016-02-24T00:00:00,NYK @ IND,L,32.7,0.0,0.0,3.0,2.0,10.0,8.0,9.0,32.0,0.0,0.0,0.0,2.0,33.8,1,13074,13074,13074,5370,12059,10158,3302,12984,17370,17345,18829,3535,8004,1,1,7786,4244,1.0,32:40,2015,2016
2015-16,202389,Timofey Mozgov,Timofey,1610612739,CLE,Cleveland Cavaliers,21500845,2016-02-24T00:00:00,CLE vs. CHA,W,24.6,0.0,2.0,0.0,6.0,3.0,3.0,2.0,22.0,0.0,0.0,6.0,1.0,18.8,1,1,1,1,12029,12059,4731,9917,5299,5109,7138,4025,10265,8004,1,25827,12373,12588,1.0,24:36,2015,2016
2015-16,200746,LaMarcus Aldridge,LaMarcus,1610612759,SAS,San Antonio Spurs,21500854,2016-02-24T00:00:00,SAS @ SAC,W,31.6,0.0,4.0,0.0,2.0,8.0,5.0,10.0,30.0,5.0,0.0,5.0,5.0,33.8,1,1,1,1,6271,12059,1596,9917,12984,13914,11469,20169,4541,59,1,24686,1539,4244,1.0,31:33,2015,2016
2015-16,2585,Zaza Pachulia,Zaza,1610612742,DAL,Dallas Mavericks,21500852,2016-02-24T00:00:00,DAL vs. OKC,L,24.1,1.0,2.0,0.0,4.0,0.0,8.0,11.0,20.0,0.0,1.0,3.0,4.0,23.0,1,13074,13074,13074,12442,11535,4731,9917,8599,1,17345,21342,11929,8004,17214,17641,2748,9760,1.0,24:07,2015,2016
2015-16,202083,Wesley Matthews,Wesley,1610612742,DAL,Dallas Mavericks,21500852,2016-02-24T00:00:00,DAL vs. OKC,L,33.6,0.0,3.0,0.0,0.0,0.0,14.0,11.0,24.0,0.0,2.0,2.0,1.0,23.4,1,13074,13074,13074,4668,12059,3104,9917,18861,1,24300,21342,8723,8004,23588,11390,12373,9501,1.0,33:36,2015,2016
2015-16,2733,Shaun Livingston,Shaun,1610612744,GSW,Golden State Warriors,21500848,2016-02-24T00:00:00,GSW @ MIA,W,17.4,0.0,0.0,2.0,2.0,0.0,4.0,0.0,10.0,0.0,2.0,3.0,3.0,10.2,1,1,1,1,18002,12059,10158,4675,12984,1,8458,1,20209,8004,23588,17641,4736,19003,1.0,17:21,2015,2016
2015-16,203944,Julius Randle,Julius,1610612747,LAL,Los Angeles Lakers,21500851,2016-02-24T00:00:00,LAL @ MEM,L,33.3,2.0,4.0,1.0,8.0,13.0,11.0,19.0,36.0,0.0,1.0,2.0,5.0,25.8,1,13074,13074,13074,4862,6026,1596,9347,3109,21300,21814,25435,1943,8004,17214,11390,1539,8022,1.0,33:20,2015,2016
2015-16,2571,Leandro Barbosa,Leandro,1610612744,GSW,Golden State Warriors,21500848,2016-02-24T00:00:00,GSW @ MIA,W,14.1,0.0,0.0,0.0,4.0,0.0,2.0,0.0,16.0,0.0,1.0,2.0,2.0,10.2,1,1,1,1,20346,12059,10158,9917,8599,1,3734,1,15259,8004,17214,11390,7786,19003,1.0,14:06,2015,2016
2015-16,101133,Ian Mahinmi,Ian,1610612754,IND,Indiana Pacers,21500846,2016-02-24T00:00:00,IND vs. NYK,W,30.7,0.0,2.0,0.0,8.0,4.0,6.0,3.0,14.0,1.0,1.0,1.0,2.0,18.9,1,1,1,1,6988,12059,4731,9917,3109,6141,13237,7328,17019,2692,17214,4972,7786,12513,1.0,30:39,2015,2016
2015-16,2399,Mike Dunleavy,Mike,1610612741,CHI,Chicago Bulls,21500850,2016-02-24T00:00:00,CHI vs. WAS,W,28.1,3.0,2.0,3.0,8.0,7.0,11.0,10.0,24.0,1.0,0.0,5.0,3.0,23.3,1,1,1,1,9158,4307,4731,3302,3109,12242,21814,20169,8723,2692,1,24686,4736,9567,1.0,28:06,2015,2016
2015-16,203924,Jerami Grant,Jerami,1610612755,PHI,Philadelphia 76ers,21500847,2016-02-24T00:00:00,PHI @ DET,L,24.3,1.0,2.0,0.0,4.0,7.0,16.0,6.0,22.0,0.0,0.0,3.0,5.0,14.8,1,13074,13074,13074,12349,11535,4731,9917,8599,12242,25155,13388,10265,8004,1,17641,1539,15561,1.0,24:15,2015,2016
2015-16,977,Kobe Bryant,Kobe,1610612747,LAL,Los Angeles Lakers,21500851,2016-02-24T00:00:00,LAL @ MEM,L,29.0,0.0,0.0,0.0,0.0,9.0,9.0,15.0,28.0,0.0,1.0,2.0,1.0,19.2,1,13074,13074,13074,8413,12059,10158,9917,18861,15771,19144,24242,5824,8004,17214,11390,12373,12284,1.0,28:57,2015,2016
2015-16,202693,Markieff Morris,Markieff,1610612764,WAS,Washington Wizards,21500850,2016-02-24T00:00:00,WAS @ CHI,L,28.4,1.0,1.0,0.0,2.0,6.0,4.0,6.0,28.0,1.0,0.0,2.0,3.0,23.5,1,13074,13074,13074,8954,11535,9709,9917,12984,10028,8458,13388,5824,2692,1,11390,4736,9452,1.0,28:22,2015,2016
2015-16,201599,DeAndre Jordan,DeAndre,1610612746,LAC,LA Clippers,21500853,2016-02-24T00:00:00,LAC vs. DEN,L,36.9,2.0,1.0,2.0,4.0,16.0,17.0,18.0,38.0,4.0,0.0,2.0,4.0,33.9,1,13074,13074,13074,2180,6026,9709,4675,8599,23774,25429,25228,1422,132,1,11390,2748,4208,1.0,36:51,2015,2016
2015-16,200752,Rudy Gay,Rudy,1610612758,SAC,Sacramento Kings,21500854,2016-02-24T00:00:00,SAC vs. SAS,L,36.6,0.0,2.0,2.0,8.0,7.0,6.0,6.0,26.0,0.0,1.0,1.0,3.0,25.5,1,13074,13074,13074,2366,12059,4731,4675,3109,12242,13237,13388,7214,8004,17214,4972,4736,8230,1.0,36:33,2015,2016
2015-16,2747,JR Smith,JR,1610612739,CLE,Cleveland Cavaliers,21500845,2016-02-24T00:00:00,CLE vs. CHA,W,34.0,2.0,0.0,2.0,2.0,7.0,7.0,5.0,26.0,0.0,0.0,1.0,3.0,34.0,1,1,1,1,4319,6026,10158,4675,12984,12242,15642,11593,7214,8004,1,4972,4736,4162,1.0,34:02,2015,2016
2015-16,202066,Garrett Temple,Garrett,1610612764,WAS,Washington Wizards,21500850,2016-02-24T00:00:00,WAS @ CHI,L,26.0,0.0,4.0,0.0,2.0,11.0,5.0,3.0,28.0,0.0,1.0,3.0,3.0,22.9,1,13074,13074,13074,10854,12059,1596,9917,12984,18886,11469,7328,5824,8004,17214,17641,4736,9811,1.0,25:59,2015,2016
2015-16,203798,PJ Hairston,PJ,1610612763,MEM,Memphis Grizzlies,21500851,2016-02-24T00:00:00,MEM vs. LAL,W,22.5,2.0,3.0,6.0,2.0,0.0,0.0,6.0,10.0,0.0,0.0,1.0,2.0,25.4,1,1,1,1,13764,6026,3104,740,12984,1,1,13388,20209,8004,1,4972,7786,8273,1.0,22:30,2015,2016
2015-16,201584,Courtney Lee,Courtney,1610612766,CHA,Charlotte Hornets,21500845,2016-02-24T00:00:00,CHA @ CLE,L,29.7,0.0,0.0,0.0,6.0,18.0,12.0,22.0,36.0,1.0,0.0,2.0,0.0,23.0,1,13074,13074,13074,7847,12059,10158,9917,5299,24749,22832,25811,1943,2692,1,11390,18762,9760,1.0,29:39,2015,2016
2015-16,2564,Boris Diaw,Boris,1610612759,SAS,San Antonio Spurs,21500854,2016-02-24T00:00:00,SAS @ SAC,W,23.3,0.0,0.0,0.0,6.0,7.0,2.0,5.0,16.0,1.0,0.0,1.0,1.0,23.1,1,1,1,1,13149,12059,10158,9917,5299,12242,3734,11593,15259,2692,1,4972,12373,9699,1.0,23:15,2015,2016
2015-16,201196,Ramon Sessions,Ramon,1610612764,WAS,Washington Wizards,21500850,2016-02-24T00:00:00,WAS @ CHI,L,18.6,7.0,2.0,5.0,8.0,3.0,4.0,2.0,20.0,0.0,1.0,1.0,3.0,22.9,1,13074,13074,13074,17055,548,4731,1277,3109,5109,8458,4025,11929,8004,17214,4972,4736,9811,1.0,18:33,2015,2016
2015-16,1713,Vince Carter,Vince,1610612763,MEM,Memphis Grizzlies,21500851,2016-02-24T00:00:00,MEM vs. LAL,W,20.9,0.0,0.0,2.0,2.0,4.0,13.0,5.0,12.0,1.0,0.0,2.0,1.0,19.2,1,1,1,1,15109,12059,10158,4675,12984,6141,23668,11593,18637,2692,1,11390,12373,12284,1.0,20:56,2015,2016
2015-16,202699,Tobias Harris,Tobias,1610612765,DET,Detroit Pistons,21500847,2016-02-24T00:00:00,DET vs. PHI,W,29.8,2.0,7.0,5.0,14.0,7.0,6.0,2.0,22.0,0.0,0.0,1.0,2.0,33.6,1,1,1,1,7691,6026,292,1277,542,12242,13237,4025,10265,8004,1,4972,7786,4305,1.0,29:50,2015,2016
2015-16,202734,E'Twaun Moore,E'Twaun,1610612741,CHI,Chicago Bulls,21500850,2016-02-24T00:00:00,CHI vs. WAS,W,29.2,3.0,0.0,0.0,8.0,5.0,8.0,11.0,24.0,0.0,0.0,2.0,1.0,26.1,1,1,1,1,8254,4307,10158,9917,3109,8403,17345,21342,8723,8004,1,11390,12373,7836,1.0,29:09,2015,2016
2015-16,202332,Cole Aldrich,Cole,1610612746,LAC,LA Clippers,21500853,2016-02-24T00:00:00,LAC vs. DEN,L,11.2,2.0,0.0,0.0,2.0,5.0,0.0,1.0,6.0,1.0,0.0,1.0,0.0,14.8,1,13074,13074,13074,21966,6026,10158,9917,12984,8403,1,3646,22724,2692,1,4972,18762,15561,1.0,11:09,2015,2016
2015-16,204001,Kristaps Porziņģis,Kristaps,1610612752,NYK,New York Knicks,21500846,2016-02-24T00:00:00,NYK @ IND,L,35.8,2.0,4.0,0.0,6.0,10.0,10.0,6.0,34.0,1.0,0.0,2.0,5.0,33.9,1,13074,13074,13074,2892,6026,1596,9917,5299,17370,20509,13388,2701,2692,1,11390,1539,4208,1.0,35:48,2015,2016
2015-16,1626161,Willie Cauley-Stein,Willie,1610612758,SAC,Sacramento Kings,21500854,2016-02-24T00:00:00,SAC vs. SAS,L,17.6,4.0,2.0,2.0,8.0,2.0,0.0,6.0,20.0,0.0,0.0,1.0,0.0,25.2,1,13074,13074,13074,17807,2460,4731,4675,3109,2619,1,13388,11929,8004,1,4972,18762,8383,1.0,17:38,2015,2016
2015-16,203503,Tony Snell,Tony,1610612741,CHI,Chicago Bulls,21500850,2016-02-24T00:00:00,CHI vs. WAS,W,33.6,3.0,0.0,3.0,2.0,9.0,7.0,11.0,30.0,0.0,1.0,4.0,1.0,23.3,1,1,1,1,4644,4307,10158,3302,12984,15771,15642,21342,4541,8004,17214,22104,12373,9567,1.0,33:38,2015,2016
2015-16,1626202,Joe Young,Joe,1610612754,IND,Indiana Pacers,21500846,2016-02-24T00:00:00,IND vs. NYK,W,15.1,2.0,2.0,0.0,6.0,5.0,3.0,2.0,6.0,0.0,0.0,3.0,1.0,14.9,1,1,1,1,19718,6026,4731,9917,5299,8403,7138,4025,22724,8004,1,17641,12373,15463,1.0,15:03,2015,2016
2015-16,1626157,Karl-Anthony Towns,Karl-Anthony,1610612750,MIN,Minnesota Timberwolves,21500849,2016-02-24T00:00:00,MIN @ TOR,L,37.3,4.0,0.0,0.0,8.0,19.0,16.0,8.0,42.0,0.0,2.0,5.0,5.0,25.2,1,13074,13074,13074,1872,2460,10158,9917,3109,25074,25155,17194,670,8004,23588,24686,1539,8383,1.0,37:20,2015,2016
2015-16,203530,Joffrey Lauvergne,Joffrey,1610612743,DEN,Denver Nuggets,21500853,2016-02-24T00:00:00,DEN @ LAC,W,21.8,4.0,0.0,0.0,4.0,10.0,9.0,2.0,14.0,0.0,1.0,0.0,2.0,19.2,1,1,1,1,14351,2460,10158,9917,8599,17370,19144,4025,17019,8004,17214,1,7786,12284,1.0,21:47,2015,2016
2015-16,203186,Willie Reed,Willie,1610612751,BKN,Brooklyn Nets,21500844,2016-02-23T00:00:00,BKN @ POR,L,7.5,0.0,4.0,0.0,2.0,4.0,0.0,2.0,6.0,1.0,1.0,0.0,0.0,10.2,1,13074,13074,13074,23393,12059,1596,9917,12984,6141,1,4025,22724,2692,17214,1,18762,19003,1.0,7:29,2015,2016
2015-16,203138,Hollis Thompson,Hollis,1610612755,PHI,Philadelphia 76ers,21500840,2016-02-23T00:00:00,PHI vs. ORL,L,29.0,3.0,0.0,0.0,2.0,17.0,8.0,7.0,20.0,0.0,0.0,3.0,5.0,23.6,1,13074,13074,13074,8413,4307,10158,9917,12984,24337,17345,15538,11929,8004,1,17641,1539,9377,1.0,28:57,2015,2016
2015-16,203477,Isaiah Canaan,Isaiah,1610612755,PHI,Philadelphia 76ers,21500840,2016-02-23T00:00:00,PHI vs. ORL,L,20.0,0.0,0.0,8.0,4.0,12.0,6.0,5.0,10.0,0.0,0.0,0.0,2.0,18.8,1,13074,13074,13074,15935,12059,10158,280,8599,20178,13237,11593,20209,8004,1,1,7786,12588,1.0,19:59,2015,2016
2015-16,1626144,Emmanuel Mudiay,Emmanuel,1610612743,DEN,Denver Nuggets,21500842,2016-02-23T00:00:00,DEN vs. SAC,L,26.3,2.0,2.0,2.0,6.0,4.0,0.0,5.0,30.0,1.0,2.0,2.0,1.0,23.0,1,13074,13074,13074,10568,6026,4731,4675,5299,6141,1,11593,4541,2692,23588,11390,12373,9760,1.0,26:20,2015,2016
2015-16,203499,Shane Larkin,Shane,1610612751,BKN,Brooklyn Nets,21500844,2016-02-23T00:00:00,BKN @ POR,L,15.1,0.0,2.0,0.0,2.0,8.0,0.0,4.0,16.0,0.0,0.0,1.0,1.0,14.7,1,13074,13074,13074,19680,12059,4731,9917,12984,13914,1,8806,15259,8004,1,4972,12373,15631,1.0,15:07,2015,2016
2015-16,201967,Dante Cunningham,Dante,1610612740,NOP,New Orleans Pelicans,21500841,2016-02-23T00:00:00,NOP @ WAS,L,27.6,0.0,2.0,0.0,2.0,13.0,10.0,17.0,22.0,2.0,0.0,3.0,0.0,14.6,1,13074,13074,13074,9544,12059,4731,9917,12984,21300,20509,24967,10265,932,1,17641,18762,15699,1.0,27:35,2015,2016
2015-16,203459,Allen Crabbe,Allen,1610612757,POR,Portland Trail Blazers,21500844,2016-02-23T00:00:00,POR vs. BKN,W,24.7,0.0,0.0,0.0,2.0,9.0,8.0,4.0,30.0,0.0,0.0,1.0,0.0,14.5,1,1,1,1,11967,12059,10158,9917,12984,15771,17345,8806,4541,8004,1,4972,18762,15799,1.0,24:39,2015,2016
2015-16,101141,Ersan Ilyasova,Ersan,1610612753,ORL,Orlando Magic,21500840,2016-02-23T00:00:00,ORL @ PHI,W,19.0,0.0,2.0,2.0,0.0,5.0,4.0,10.0,16.0,0.0,1.0,3.0,4.0,19.6,1,1,1,1,16712,12059,4731,4675,18861,8403,8458,20169,15259,8004,17214,17641,2748,12024,1.0,18:59,2015,2016
2015-16,201152,Thaddeus Young,Thaddeus,1610612751,BKN,Brooklyn Nets,21500844,2016-02-23T00:00:00,BKN @ POR,L,36.0,2.0,0.0,4.0,6.0,10.0,4.0,11.0,36.0,0.0,0.0,2.0,2.0,23.2,1,13074,13074,13074,2759,6026,10158,1913,5299,17370,8458,21342,1943,8004,1,11390,7786,9630,1.0,36:00,2015,2016
2015-16,202066,Garrett Temple,Garrett,1610612764,WAS,Washington Wizards,21500841,2016-02-23T00:00:00,WAS vs. NOP,W,24.1,0.0,0.0,0.0,2.0,0.0,9.0,0.0,16.0,0.0,2.0,2.0,2.0,15.0,1,1,1,1,12453,12059,10158,9917,12984,1,19144,1,15259,8004,23588,11390,7786,15404,1.0,24:06,2015,2016
2015-16,203490,Otto Porter Jr.,Otto,1610612764,WAS,Washington Wizards,21500841,2016-02-23T00:00:00,WAS vs. NOP,W,26.0,0.0,0.0,4.0,0.0,4.0,4.0,6.0,14.0,0.0,0.0,2.0,1.0,19.5,1,1,1,1,10851,12059,10158,1913,18861,6141,8458,13388,17019,8004,1,11390,12373,12096,1.0,25:59,2015,2016
2015-16,201962,Toney Douglas,Toney,1610612740,NOP,New Orleans Pelicans,21500841,2016-02-23T00:00:00,NOP @ WAS,L,25.5,3.0,0.0,3.0,2.0,6.0,5.0,12.0,26.0,0.0,1.0,3.0,4.0,23.3,1,13074,13074,13074,11280,4307,10158,3302,12984,10028,11469,22259,7214,8004,17214,17641,2748,9567,1.0,25:31,2015,2016
2015-16,203496,Robert Covington,Robert,1610612755,PHI,Philadelphia 76ers,21500840,2016-02-23T00:00:00,PHI vs. ORL,L,27.4,2.0,2.0,0.0,4.0,16.0,11.0,13.0,34.0,0.0,0.0,4.0,1.0,19.3,1,13074,13074,13074,9673,6026,4731,9917,8599,23774,21814,23048,2701,8004,1,22104,12373,12228,1.0,27:26,2015,2016
2015-16,202711,Bojan Bogdanović,Bojan,1610612751,BKN,Brooklyn Nets,21500844,2016-02-23T00:00:00,BKN @ POR,L,22.1,0.0,2.0,2.0,0.0,4.0,0.0,6.0,22.0,0.0,1.0,1.0,2.0,11.2,1,13074,13074,13074,14116,12059,4731,4675,18861,6141,1,13388,10265,8004,17214,4972,7786,18267,1.0,22:05,2015,2016
2015-16,203526,Raul Neto,Raul,1610612762,UTA,Utah Jazz,21500843,2016-02-23T00:00:00,UTA vs. HOU,W,8.1,0.0,0.0,0.0,0.0,5.0,2.0,0.0,6.0,0.0,0.0,0.0,0.0,1.7,1,1,1,1,23150,12059,10158,9917,18861,8403,3734,1,22724,8004,1,1,18762,24436,1.0,8:06,2015,2016
2015-16,201943,Brandon Jennings,Brandon,1610612753,ORL,Orlando Magic,21500840,2016-02-23T00:00:00,ORL @ PHI,W,10.6,0.0,0.0,0.0,0.0,3.0,0.0,8.0,12.0,0.0,0.0,2.0,2.0,10.7,1,1,1,1,22200,12059,10158,9917,18861,5109,1,17194,18637,8004,1,11390,7786,18636,1.0,10:35,2015,2016
2015-16,204060,Joe Ingles,Joe,1610612762,UTA,Utah Jazz,21500843,2016-02-23T00:00:00,UTA vs. HOU,W,6.9,0.0,0.0,0.0,0.0,7.0,4.0,2.0,6.0,0.0,0.0,1.0,0.0,1.0,1,1,1,1,23589,12059,10158,9917,18861,12242,8458,4025,22724,8004,1,4972,18762,24960,1.0,6:55,2015,2016
2015-16,202087,Alonzo Gee,Alonzo,1610612740,NOP,New Orleans Pelicans,21500841,2016-02-23T00:00:00,NOP @ WAS,L,16.3,1.0,0.0,4.0,2.0,4.0,2.0,7.0,22.0,0.0,1.0,1.0,3.0,6.0,1,13074,13074,13074,18835,11535,10158,1913,12984,6141,3734,15538,10265,8004,17214,4972,4736,21878,1.0,16:17,2015,2016
2015-16,201583,Ryan Anderson,Ryan,1610612740,NOP,New Orleans Pelicans,21500841,2016-02-23T00:00:00,NOP @ WAS,L,24.9,0.0,2.0,0.0,6.0,13.0,4.0,15.0,30.0,0.0,0.0,1.0,0.0,28.8,1,13074,13074,13074,11783,12059,4731,9917,5299,21300,8458,24242,4541,8004,1,4972,18762,6465,1.0,24:52,2015,2016
2015-16,2746,Josh Smith,Josh,1610612745,HOU,Houston Rockets,21500843,2016-02-23T00:00:00,HOU @ UTA,L,19.2,2.0,0.0,2.0,2.0,12.0,0.0,9.0,14.0,0.0,0.0,2.0,0.0,7.4,1,13074,13074,13074,16501,6026,10158,4675,12984,20178,1,18829,17019,8004,1,11390,18762,20912,1.0,19:14,2015,2016
2015-16,202696,Nikola Vučević,Nikola,1610612753,ORL,Orlando Magic,21500840,2016-02-23T00:00:00,ORL @ PHI,W,36.7,9.0,4.0,5.0,16.0,8.0,4.0,6.0,44.0,1.0,0.0,1.0,7.0,53.8,1,1,1,1,2309,171,1596,1277,275,13914,8458,13388,454,2692,1,4972,469,472,1.0,36:39,2015,2016
2015-16,202326,DeMarcus Cousins,DeMarcus,1610612758,SAC,Sacramento Kings,21500842,2016-02-23T00:00:00,SAC @ DEN,W,36.1,7.0,5.0,6.0,20.0,20.0,12.0,12.0,44.0,2.0,0.0,3.0,11.0,58.8,1,1,1,1,2680,548,995,740,59,25338,22832,22259,454,932,1,17641,44,243,1.0,36:06,2015,2016
2015-16,201956,Omri Casspi,Omri,1610612758,SAC,Sacramento Kings,21500842,2016-02-23T00:00:00,SAC @ DEN,W,23.2,5.0,5.0,3.0,4.0,12.0,7.0,8.0,16.0,0.0,0.0,3.0,4.0,28.8,1,1,1,1,13195,1603,995,3302,8599,20178,15642,17194,15259,8004,1,17641,2748,6465,1.0,23:12,2015,2016
2015-16,203081,Damian Lillard,Damian,1610612757,POR,Portland Trail Blazers,21500844,2016-02-23T00:00:00,POR vs. BKN,W,36.7,4.0,0.0,6.0,12.0,14.0,11.0,11.0,38.0,0.0,1.0,3.0,12.0,47.4,1,1,1,1,2267,2460,10158,740,988,22292,21814,21342,1422,8004,17214,17641,27,1024,1.0,36:44,2015,2016
2015-16,201935,James Harden,James,1610612745,HOU,Houston Rockets,21500843,2016-02-23T00:00:00,HOU @ UTA,L,44.0,9.0,7.0,10.0,26.0,19.0,10.0,11.0,36.0,0.0,1.0,5.0,7.0,55.0,1,13074,13074,13074,133,171,292,118,7,25074,20509,21342,1943,8004,17214,24686,469,395,1.0,43:58,2015,2016
2015-16,203468,CJ McCollum,CJ,1610612757,POR,Portland Trail Blazers,21500844,2016-02-23T00:00:00,POR vs. BKN,W,37.7,2.0,2.0,5.0,10.0,15.0,11.0,15.0,52.0,0.0,0.0,2.0,2.0,49.0,1,1,1,1,1673,6026,4731,1277,1840,23079,21814,24242,59,8004,1,11390,7786,862,1.0,37:39,2015,2016
2015-16,202324,Derrick Favors,Derrick,1610612762,UTA,Utah Jazz,21500843,2016-02-23T00:00:00,UTA vs. HOU,W,39.7,7.0,6.0,3.0,12.0,19.0,10.0,14.0,34.0,3.0,1.0,4.0,4.0,48.4,1,1,1,1,824,548,481,3302,988,25074,20509,23710,2701,347,17214,22104,2748,920,1.0,39:41,2015,2016
2015-16,2772,Trevor Ariza,Trevor,1610612745,HOU,Houston Rockets,21500843,2016-02-23T00:00:00,HOU @ UTA,L,40.8,4.0,2.0,2.0,2.0,19.0,10.0,13.0,36.0,0.0,0.0,3.0,2.0,36.2,1,13074,13074,13074,543,2460,4731,4675,12984,25074,20509,23048,1943,8004,1,17641,7786,3407,1.0,40:45,2015,2016
2015-16,202702,Kenneth Faried,Kenneth,1610612743,DEN,Denver Nuggets,21500842,2016-02-23T00:00:00,DEN vs. SAC,L,21.9,3.0,4.0,3.0,12.0,4.0,0.0,5.0,28.0,1.0,1.0,3.0,2.0,28.9,1,13074,13074,13074,14235,4307,1596,3302,988,6141,1,11593,5824,2692,17214,17641,7786,6414,1.0,21:56,2015,2016
2015-16,200765,Rajon Rondo,Rajon,1610612758,SAC,Sacramento Kings,21500842,2016-02-23T00:00:00,SAC @ DEN,W,30.8,0.0,0.0,0.0,2.0,13.0,12.0,10.0,40.0,1.0,1.0,4.0,0.0,30.0,1,1,1,1,6881,12059,10158,9917,12984,21300,22832,20169,983,2692,17214,22104,18762,5840,1.0,30:49,2015,2016
2015-16,202330,Gordon Hayward,Gordon,1610612762,UTA,Utah Jazz,21500843,2016-02-23T00:00:00,UTA vs. HOU,W,40.2,4.0,0.0,0.0,4.0,18.0,11.0,14.0,40.0,0.0,0.0,3.0,10.0,44.9,1,1,1,1,672,2460,10158,9917,8599,24749,21814,23710,983,8004,1,17641,76,1380,1.0,40:13,2015,2016
2015-16,203076,Anthony Davis,Anthony,1610612740,NOP,New Orleans Pelicans,21500841,2016-02-23T00:00:00,NOP @ WAS,L,37.4,1.0,0.0,1.0,4.0,19.0,10.0,26.0,34.0,1.0,0.0,1.0,4.0,43.5,1,13074,13074,13074,1843,11535,10158,9347,8599,25074,20509,26007,2701,2692,1,4972,2748,1646,1.0,37:23,2015,2016
2015-16,101162,Marcin Gortat,Marcin,1610612764,WAS,Washington Wizards,21500841,2016-02-23T00:00:00,WAS vs. NOP,W,30.1,9.0,4.0,4.0,20.0,4.0,6.0,6.0,18.0,2.0,1.0,2.0,2.0,43.7,1,1,1,1,7426,171,1596,1913,59,6141,13237,13388,13577,932,17214,11390,7786,1610,1.0,30:07,2015,2016
2015-16,201572,Brook Lopez,Brook,1610612751,BKN,Brooklyn Nets,21500844,2016-02-23T00:00:00,BKN @ POR,L,40.4,7.0,7.0,0.0,30.0,6.0,4.0,11.0,38.0,1.0,1.0,4.0,6.0,61.5,1,13074,13074,13074,638,548,292,9917,2,10028,8458,21342,1422,2692,17214,22104,873,163,1.0,40:21,2015,2016
2015-16,2730,Dwight Howard,Dwight,1610612745,HOU,Houston Rockets,21500843,2016-02-23T00:00:00,HOU @ UTA,L,40.2,4.0,6.0,0.0,6.0,13.0,12.0,10.0,36.0,3.0,2.0,4.0,9.0,43.7,1,13074,13074,13074,683,2460,481,9917,5299,21300,22832,20169,1943,347,23588,22104,138,1610,1.0,40:11,2015,2016
2015-16,202388,Donald Sloan,Donald,1610612751,BKN,Brooklyn Nets,21500844,2016-02-23T00:00:00,BKN @ POR,L,32.9,2.0,0.0,4.0,8.0,2.0,4.0,9.0,30.0,0.0,0.0,3.0,3.0,29.0,1,13074,13074,13074,5218,6026,10158,1913,3109,2619,8458,18829,4541,8004,1,17641,4736,6346,1.0,32:53,2015,2016
2015-16,203918,Rodney Hood,Rodney,1610612762,UTA,Utah Jazz,21500843,2016-02-23T00:00:00,UTA vs. HOU,W,36.4,4.0,0.0,6.0,6.0,20.0,10.0,12.0,24.0,0.0,0.0,3.0,2.0,43.3,1,1,1,1,2469,2460,10158,740,5299,25338,20509,22259,8723,8004,1,17641,7786,1678,1.0,36:24,2015,2016
2015-16,203095,Evan Fournier,Evan,1610612753,ORL,Orlando Magic,21500840,2016-02-23T00:00:00,ORL @ PHI,W,42.7,3.0,3.0,0.0,6.0,10.0,8.0,11.0,48.0,0.0,0.0,6.0,1.0,35.6,1,1,1,1,229,4307,3104,9917,5299,17370,17345,21342,192,8004,1,25827,12373,3615,1.0,42:43,2015,2016
2015-16,200752,Rudy Gay,Rudy,1610612758,SAC,Sacramento Kings,21500842,2016-02-23T00:00:00,SAC @ DEN,W,36.5,0.0,0.0,2.0,8.0,20.0,12.0,12.0,44.0,3.0,0.0,3.0,4.0,53.0,1,1,1,1,2423,12059,10158,4675,3109,25338,22832,22259,454,347,1,17641,2748,521,1.0,36:28,2015,2016
2015-16,202322,John Wall,John,1610612764,WAS,Washington Wizards,21500841,2016-02-23T00:00:00,WAS vs. NOP,W,31.6,0.0,6.0,3.0,2.0,2.0,8.0,4.0,22.0,1.0,0.0,3.0,4.0,52.9,1,1,1,1,6207,12059,481,3302,12984,2619,17345,8806,10265,2692,1,17641,2748,529,1.0,31:37,2015,2016
2015-16,201951,Ty Lawson,Ty,1610612745,HOU,Houston Rockets,21500843,2016-02-23T00:00:00,HOU @ UTA,L,15.6,0.0,0.0,0.0,4.0,0.0,2.0,2.0,12.0,0.0,0.0,0.0,1.0,9.0,1,13074,13074,13074,19316,12059,10158,9917,8599,1,3734,4025,18637,8004,1,1,12373,19835,1.0,15:39,2015,2016
2015-16,203080,Thomas Robinson,Thomas,1610612751,BKN,Brooklyn Nets,21500844,2016-02-23T00:00:00,BKN @ POR,L,12.0,0.0,0.0,0.0,0.0,0.0,0.0,2.0,10.0,0.0,3.0,2.0,1.0,7.2,1,13074,13074,13074,21529,12059,10158,9917,18861,1,1,4025,20209,8004,25441,11390,12373,21035,1.0,12:00,2015,2016
2015-16,203917,Nik Stauskas,Nik,1610612755,PHI,Philadelphia 76ers,21500840,2016-02-23T00:00:00,PHI vs. ORL,L,24.1,3.0,0.0,2.0,2.0,11.0,11.0,15.0,22.0,0.0,0.0,5.0,1.0,9.4,1,13074,13074,13074,12491,4307,10158,4675,12984,18886,21814,24242,10265,8004,1,24686,12373,19568,1.0,24:04,2015,2016
2015-16,204067,Jarell Eddie,Jarell,1610612764,WAS,Washington Wizards,21500841,2016-02-23T00:00:00,WAS vs. NOP,W,2.2,0.0,0.0,0.0,0.0,1.0,0.0,1.0,0.0,0.0,0.0,1.0,0.0,0.0,1,1,1,1,25440,12059,10158,9917,18861,2356,1,3646,25429,8004,1,4972,18762,25170,1.0,2:14,2015,2016
2015-16,1891,Jason Terry,Jason,1610612745,HOU,Houston Rockets,21500843,2016-02-23T00:00:00,HOU @ UTA,L,21.3,3.0,0.0,0.0,2.0,6.0,6.0,4.0,24.0,0.0,0.0,1.0,3.0,9.2,1,13074,13074,13074,14819,4307,10158,9917,12984,10028,13237,8806,8723,8004,1,4972,4736,19680,1.0,21:16,2015,2016
2015-16,201158,Marco Belinelli,Marco,1610612758,SAC,Sacramento Kings,21500842,2016-02-23T00:00:00,SAC @ DEN,W,20.0,2.0,0.0,0.0,2.0,12.0,5.0,8.0,16.0,0.0,0.0,0.0,2.0,9.0,1,1,1,1,15921,6026,10158,9917,12984,20178,11469,17194,15259,8004,1,1,7786,19835,1.0,19:59,2015,2016
2015-16,2570,Kendrick Perkins,Kendrick,1610612740,NOP,New Orleans Pelicans,21500841,2016-02-23T00:00:00,NOP @ WAS,L,17.7,0.0,0.0,0.0,2.0,7.0,8.0,9.0,16.0,0.0,0.0,2.0,1.0,3.8,1,13074,13074,13074,17723,12059,10158,9917,12984,12242,17345,18829,15259,8004,1,11390,12373,23270,1.0,17:44,2015,2016
2015-16,202337,Luke Babbitt,Luke,1610612740,NOP,New Orleans Pelicans,21500841,2016-02-23T00:00:00,NOP @ WAS,L,3.1,0.0,0.0,0.0,0.0,0.0,0.0,0.0,6.0,0.0,0.0,0.0,0.0,4.2,1,13074,13074,13074,25093,12059,10158,9917,18861,1,1,1,22724,8004,1,1,18762,22976,1.0,3:05,2015,2016
2015-16,203960,JaKarr Sampson,JaKarr,1610612743,DEN,Denver Nuggets,21500842,2016-02-23T00:00:00,DEN vs. SAC,L,13.6,0.0,0.0,0.0,0.0,5.0,7.0,5.0,20.0,1.0,0.0,1.0,0.0,4.2,1,13074,13074,13074,20671,12059,10158,9917,18861,8403,15642,11593,11929,2692,1,4972,18762,22976,1.0,13:33,2015,2016
2015-16,1626214,Bryce Dejean-Jones,Bryce,1610612740,NOP,New Orleans Pelicans,21500841,2016-02-23T00:00:00,NOP @ WAS,L,21.2,0.0,0.0,0.0,0.0,8.0,5.0,8.0,22.0,1.0,0.0,1.0,0.0,5.4,1,13074,13074,13074,14931,12059,10158,9917,18861,13914,11469,17194,10265,2692,1,4972,18762,22242,1.0,21:09,2015,2016
2015-16,201147,Corey Brewer,Corey,1610612745,HOU,Houston Rockets,21500843,2016-02-23T00:00:00,HOU @ UTA,L,22.2,0.0,0.0,0.0,0.0,1.0,8.0,0.0,18.0,0.0,0.0,5.0,1.0,13.4,1,13074,13074,13074,13967,12059,10158,9917,18861,2356,17345,1,13577,8004,1,24686,12373,16614,1.0,22:15,2015,2016
2015-16,203088,Kendall Marshall,Kendall,1610612755,PHI,Philadelphia 76ers,21500840,2016-02-23T00:00:00,PHI vs. ORL,L,4.2,0.0,0.0,0.0,0.0,5.0,4.0,3.0,4.0,0.0,0.0,0.0,0.0,-1.0,1,13074,13074,13074,24635,12059,10158,9917,18861,8403,8458,7328,23698,8004,1,1,18762,25932,1.0,4:13,2015,2016
2015-16,203909,KJ McDaniels,KJ,1610612745,HOU,Houston Rockets,21500843,2016-02-23T00:00:00,HOU @ UTA,L,0.0,0.0,0.0,0.0,0.0,0.0,0.0,0.0,0.0,0.0,0.0,0.0,0.0,0.0,1,13074,13074,13074,26069,12059,10158,9917,18861,1,1,1,25429,8004,1,1,18762,25170,1.0,0:01,2015,2016
2015-16,203093,Terrence Jones,Terrence,1610612745,HOU,Houston Rockets,21500843,2016-02-23T00:00:00,HOU @ UTA,L,11.5,1.0,0.0,0.0,2.0,0.0,2.0,2.0,10.0,0.0,0.0,1.0,1.0,7.2,1,13074,13074,13074,21822,11535,10158,9917,12984,1,3734,4025,20209,8004,1,4972,12373,21035,1.0,11:31,2015,2016
2015-16,201945,Gerald Henderson,Gerald,1610612757,POR,Portland Trail Blazers,21500844,2016-02-23T00:00:00,POR vs. BKN,W,21.9,4.0,0.0,2.0,4.0,7.0,8.0,7.0,32.0,0.0,1.0,0.0,1.0,11.9,1,1,1,1,14280,2460,10158,4675,8599,12242,17345,15538,3535,8004,17214,1,12373,17760,1.0,21:52,2015,2016
2015-16,202334,Ed Davis,Ed,1610612757,POR,Portland Trail Blazers,21500844,2016-02-23T00:00:00,POR vs. BKN,W,21.0,0.0,0.0,0.0,4.0,7.0,8.0,7.0,30.0,2.0,0.0,3.0,0.0,15.0,1,1,1,1,15093,12059,10158,9917,8599,12242,17345,15538,4541,932,1,17641,18762,15404,1.0,20:57,2015,2016
2015-16,203900,Markel Brown,Markel,1610612751,BKN,Brooklyn Nets,21500844,2016-02-23T00:00:00,BKN @ POR,L,21.8,5.0,0.0,3.0,4.0,8.0,0.0,6.0,20.0,0.0,0.0,2.0,0.0,15.2,1,13074,13074,13074,14316,1603,10158,3302,8599,13914,1,13388,11929,8004,1,11390,18762,15219,1.0,21:49,2015,2016
2015-16,201162,Jared Dudley,Jared,1610612764,WAS,Washington Wizards,21500841,2016-02-23T00:00:00,WAS vs. NOP,W,26.7,3.0,0.0,6.0,0.0,4.0,4.0,6.0,16.0,0.0,0.0,3.0,0.0,31.3,1,1,1,1,10300,4307,10158,740,18861,6141,8458,13388,15259,8004,1,17641,18762,5258,1.0,26:40,2015,2016
2015-16,203999,Nikola Jokić,Nikola,1610612743,DEN,Denver Nuggets,21500842,2016-02-23T00:00:00,DEN vs. SAC,L,20.2,2.0,2.0,0.0,6.0,9.0,5.0,4.0,24.0,0.0,2.0,5.0,3.0,41.6,1,13074,13074,13074,15758,6026,4731,9917,5299,15771,11469,8806,8723,8004,23588,24686,4736,2021,1.0,20:11,2015,2016
2015-16,203090,Maurice Harkless,Maurice,1610612757,POR,Portland Trail Blazers,21500844,2016-02-23T00:00:00,POR vs. BKN,W,17.6,0.0,0.0,0.0,4.0,9.0,11.0,5.0,30.0,2.0,0.0,1.0,0.0,11.7,1,1,1,1,17844,12059,10158,9917,8599,15771,21814,11593,4541,932,1,4972,18762,17903,1.0,17:35,2015,2016
2015-16,203187,Chris Johnson,Chris,1610612762,UTA,Utah Jazz,21500843,2016-02-23T00:00:00,UTA vs. HOU,W,18.6,0.0,0.0,2.0,4.0,7.0,7.0,5.0,24.0,1.0,0.0,4.0,0.0,12.1,1,1,1,1,16987,12059,10158,4675,8599,12242,15642,11593,8723,2692,1,22104,18762,17639,1.0,18:38,2015,2016
2015-16,1626168,Trey Lyles,Trey,1610612762,UTA,Utah Jazz,21500843,2016-02-23T00:00:00,UTA vs. HOU,W,16.8,4.0,0.0,2.0,4.0,11.0,7.0,4.0,20.0,0.0,0.0,2.0,2.0,12.4,1,1,1,1,18435,2460,10158,4675,8599,18886,15642,8806,11929,8004,1,11390,7786,17418,1.0,16:47,2015,2016
2015-16,201589,Darrell Arthur,Darrell,1610612743,DEN,Denver Nuggets,21500842,2016-02-23T00:00:00,DEN vs. SAC,L,25.0,0.0,0.0,0.0,0.0,12.0,14.0,8.0,24.0,0.0,2.0,5.0,0.0,31.0,1,13074,13074,13074,11671,12059,10158,9917,18861,20178,24300,17194,8723,8004,23588,24686,18762,5406,1.0,25:00,2015,2016
2015-16,202693,Markieff Morris,Markieff,1610612764,WAS,Washington Wizards,21500841,2016-02-23T00:00:00,WAS vs. NOP,W,21.6,4.0,0.0,2.0,4.0,3.0,7.0,6.0,14.0,1.0,0.0,4.0,0.0,20.4,1,1,1,1,14536,2460,10158,4675,8599,5109,15642,13388,17019,2692,1,22104,18762,11453,1.0,21:34,2015,2016
2015-16,203457,Nerlens Noel,Nerlens,1610612755,PHI,Philadelphia 76ers,21500840,2016-02-23T00:00:00,PHI vs. ORL,L,31.8,2.0,4.0,0.0,12.0,16.0,11.0,15.0,32.0,1.0,1.0,2.0,4.0,42.2,1,13074,13074,13074,6061,6026,1596,9917,988,23774,21814,24242,3535,2692,17214,11390,2748,1892,1.0,31:49,2015,2016
2015-16,204456,T.J. McConnell,T.J.,1610612755,PHI,Philadelphia 76ers,21500840,2016-02-23T00:00:00,PHI vs. ORL,L,16.8,0.0,0.0,0.0,2.0,13.0,2.0,7.0,20.0,0.0,0.0,3.0,0.0,15.0,1,13074,13074,13074,18445,12059,10158,9917,12984,21300,3734,15538,11929,8004,1,17641,18762,15404,1.0,16:46,2015,2016
2015-16,202344,Trevor Booker,Trevor,1610612762,UTA,Utah Jazz,21500843,2016-02-23T00:00:00,UTA vs. HOU,W,11.8,0.0,2.0,0.0,6.0,5.0,2.0,6.0,10.0,0.0,0.0,2.0,0.0,15.2,1,1,1,1,21701,12059,4731,9917,5299,8403,3734,13388,20209,8004,1,11390,18762,15219,1.0,11:45,2015,2016
2015-16,203530,Joffrey Lauvergne,Joffrey,1610612743,DEN,Denver Nuggets,21500842,2016-02-23T00:00:00,DEN vs. SAC,L,22.8,2.0,2.0,2.0,8.0,7.0,9.0,10.0,24.0,0.0,2.0,2.0,0.0,15.2,1,13074,13074,13074,13503,6026,4731,4675,3109,12242,19144,20169,8723,8004,23588,11390,18762,15219,1.0,22:50,2015,2016
2015-16,1626161,Willie Cauley-Stein,Willie,1610612758,SAC,Sacramento Kings,21500842,2016-02-23T00:00:00,SAC @ DEN,W,23.4,2.0,2.0,2.0,8.0,5.0,5.0,11.0,18.0,2.0,1.0,1.0,1.0,26.5,1,1,1,1,13024,6026,4731,4675,3109,8403,11469,21342,13577,932,17214,4972,12373,7627,1.0,23:26,2015,2016
2015-16,203115,Will Barton,Will,1610612743,DEN,Denver Nuggets,21500842,2016-02-23T00:00:00,DEN vs. SAC,L,26.8,6.0,0.0,6.0,6.0,10.0,14.0,8.0,32.0,0.0,0.0,3.0,3.0,31.2,1,13074,13074,13074,10184,878,10158,740,5299,17370,24300,17194,3535,8004,1,17641,4736,5304,1.0,26:48,2015,2016
2015-16,2207,Joe Johnson,Joe,1610612751,BKN,Brooklyn Nets,21500844,2016-02-23T00:00:00,BKN @ POR,L,33.7,2.0,0.0,2.0,6.0,6.0,4.0,9.0,34.0,0.0,0.0,2.0,3.0,30.6,1,13074,13074,13074,4616,6026,10158,4675,5299,10028,8458,18829,2701,8004,1,11390,4736,5574,1.0,33:40,2015,2016
2015-16,203486,Mason Plumlee,Mason,1610612757,POR,Portland Trail Blazers,21500844,2016-02-23T00:00:00,POR vs. BKN,W,26.9,0.0,0.0,0.0,2.0,11.0,7.0,8.0,30.0,2.0,0.0,5.0,3.0,31.1,1,1,1,1,10120,12059,10158,9917,12984,18886,15642,17194,4541,932,1,24686,4736,5354,1.0,26:53,2015,2016
2015-16,203078,Bradley Beal,Bradley,1610612764,WAS,Washington Wizards,21500841,2016-02-23T00:00:00,WAS vs. NOP,W,25.3,0.0,0.0,2.0,2.0,6.0,5.0,11.0,20.0,0.0,1.0,2.0,2.0,15.5,1,1,1,1,11420,12059,10158,4675,12984,10028,11469,21342,11929,8004,17214,11390,7786,15004,1.0,25:20,2015,2016
2015-16,201976,Patrick Beverley,Patrick,1610612745,HOU,Houston Rockets,21500843,2016-02-23T00:00:00,HOU @ UTA,L,37.4,6.0,0.0,4.0,2.0,19.0,10.0,11.0,34.0,0.0,1.0,4.0,4.0,30.6,1,13074,13074,13074,1859,878,10158,1913,12984,25074,20509,21342,2701,8004,17214,22104,2748,5574,1.0,37:21,2015,2016
2015-16,203504,Trey Burke,Trey,1610612762,UTA,Utah Jazz,21500843,2016-02-23T00:00:00,UTA vs. HOU,W,28.5,0.0,0.0,0.0,4.0,15.0,9.0,12.0,28.0,0.0,1.0,3.0,2.0,17.9,1,1,1,1,8836,12059,10158,9917,8599,23079,19144,22259,5824,8004,17214,17641,7786,13229,1.0,28:30,2015,2016
2015-16,1626209,Mario Hezonja,Mario,1610612753,ORL,Orlando Magic,21500840,2016-02-23T00:00:00,ORL @ PHI,W,10.9,0.0,0.0,0.0,2.0,0.0,0.0,6.0,8.0,0.0,0.0,1.0,0.0,8.0,1,1,1,1,22077,12059,10158,9917,12984,1,1,13388,21543,8004,1,4972,18762,20564,1.0,10:53,2015,2016
2015-16,1626143,Jahlil Okafor,Jahlil,1610612755,PHI,Philadelphia 76ers,21500840,2016-02-23T00:00:00,PHI vs. ORL,L,25.9,0.0,2.0,0.0,12.0,21.0,4.0,16.0,32.0,2.0,0.0,4.0,1.0,21.4,1,13074,13074,13074,10938,12059,4731,9917,988,25535,8458,24641,3535,932,1,22104,12373,10807,1.0,25:53,2015,2016
2015-16,203497,Rudy Gobert,Rudy,1610612762,UTA,Utah Jazz,21500843,2016-02-23T00:00:00,UTA vs. HOU,W,26.2,0.0,0.0,0.0,0.0,21.0,7.0,10.0,24.0,0.0,2.0,3.0,2.0,8.1,1,1,1,1,10655,12059,10158,9917,18861,25535,15642,20169,8723,8004,23588,17641,7786,20521,1.0,26:14,2015,2016
2015-16,1626162,Kelly Oubre Jr.,Kelly,1610612764,WAS,Washington Wizards,21500841,2016-02-23T00:00:00,WAS vs. NOP,W,8.9,0.0,0.0,2.0,6.0,3.0,0.0,6.0,2.0,0.0,0.0,1.0,0.0,8.4,1,1,1,1,22869,12059,10158,4675,5299,5109,1,13388,24614,8004,1,4972,18762,20273,1.0,8:55,2015,2016
2015-16,202329,Al-Farouq Aminu,Al-Farouq,1610612757,POR,Portland Trail Blazers,21500844,2016-02-23T00:00:00,POR vs. BKN,W,28.4,0.0,2.0,0.0,4.0,11.0,7.0,8.0,30.0,0.0,0.0,1.0,2.0,21.0,1,1,1,1,8954,12059,4731,9917,8599,18886,15642,17194,4541,8004,1,4972,7786,11077,1.0,28:22,2015,2016
2015-16,203991,Clint Capela,Clint,1610612745,HOU,Houston Rockets,21500843,2016-02-23T00:00:00,HOU @ UTA,L,12.8,0.0,0.0,0.0,2.0,6.0,0.0,3.0,10.0,1.0,0.0,3.0,1.0,12.8,1,13074,13074,13074,21076,12059,10158,9917,12984,10028,1,7328,20209,2692,1,17641,12373,17129,1.0,12:49,2015,2016
2015-16,201196,Ramon Sessions,Ramon,1610612764,WAS,Washington Wizards,21500841,2016-02-23T00:00:00,WAS vs. NOP,W,25.6,3.0,0.0,3.0,8.0,5.0,7.0,8.0,16.0,0.0,0.0,0.0,5.0,13.1,1,1,1,1,11241,4307,10158,3302,3109,8403,15642,17194,15259,8004,1,1,1539,16874,1.0,25:34,2015,2016
2015-16,2400,Drew Gooden,Drew,1610612764,WAS,Washington Wizards,21500841,2016-02-23T00:00:00,WAS vs. NOP,W,2.4,0.0,0.0,0.0,0.0,1.0,0.0,1.0,0.0,0.0,0.0,1.0,0.0,2.4,1,1,1,1,25386,12059,10158,9917,18861,2356,1,3646,25429,8004,1,4972,18762,24024,1.0,2:23,2015,2016
2015-16,2403,Nene,ene,1610612764,WAS,Washington Wizards,21500841,2016-02-23T00:00:00,WAS vs. NOP,W,15.5,0.0,2.0,0.0,6.0,2.0,5.0,5.0,12.0,0.0,0.0,3.0,1.0,21.3,1,1,1,1,19406,12059,4731,9917,5299,2619,11469,11593,18637,8004,1,17641,12373,10880,1.0,15:30,2015,2016
2015-16,203112,Quincy Acy,Quincy,1610612758,SAC,Sacramento Kings,21500842,2016-02-23T00:00:00,SAC @ DEN,W,12.9,0.0,0.0,0.0,0.0,9.0,10.0,5.0,26.0,3.0,0.0,1.0,0.0,12.6,1,1,1,1,21038,12059,10158,9917,18861,15771,20509,11593,7214,347,1,4972,18762,17277,1.0,12:53,2015,2016
2015-16,201571,D.J. Augustin,D.J.,1610612743,DEN,Denver Nuggets,21500842,2016-02-23T00:00:00,DEN vs. SAC,L,21.7,4.0,0.0,5.0,4.0,12.0,14.0,10.0,26.0,0.0,0.0,3.0,3.0,18.6,1,13074,13074,13074,14458,2460,10158,1277,8599,20178,24300,20169,7214,8004,1,17641,4736,12715,1.0,21:40,2015,2016
2015-16,203924,Jerami Grant,Jerami,1610612755,PHI,Philadelphia 76ers,21500840,2016-02-23T00:00:00,PHI vs. ORL,L,27.0,0.0,0.0,0.0,6.0,17.0,7.0,7.0,18.0,1.0,0.0,2.0,2.0,18.4,1,13074,13074,13074,10041,12059,10158,9917,5299,24337,15642,15538,13577,2692,1,11390,7786,12854,1.0,26:59,2015,2016
2015-16,201160,Jason Smith,Jason,1610612753,ORL,Orlando Magic,21500840,2016-02-23T00:00:00,ORL @ PHI,W,10.4,4.0,2.0,0.0,2.0,2.0,4.0,8.0,10.0,0.0,1.0,3.0,0.0,8.2,1,1,1,1,22264,2460,4731,9917,12984,2619,8458,17194,20209,8004,17214,17641,18762,20416,1.0,10:25,2015,2016
2015-16,203943,Noah Vonleh,Noah,1610612757,POR,Portland Trail Blazers,21500844,2016-02-23T00:00:00,POR vs. BKN,W,13.0,0.0,0.0,0.0,4.0,2.0,2.0,8.0,16.0,0.0,0.0,1.0,0.0,7.6,1,1,1,1,20962,12059,10158,9917,8599,2619,3734,17194,15259,8004,1,4972,18762,20803,1.0,13:01,2015,2016
2015-16,201228,C.J. Watson,C.J.,1610612753,ORL,Orlando Magic,21500840,2016-02-23T00:00:00,ORL @ PHI,W,18.7,3.0,0.0,3.0,2.0,7.0,6.0,4.0,20.0,0.0,0.0,1.0,1.0,13.0,1,1,1,1,16976,4307,10158,3302,12984,12242,13237,8806,11929,8004,1,4972,12373,16969,1.0,18:39,2015,2016
2015-16,203901,Elfrid Payton,Elfrid,1610612753,ORL,Orlando Magic,21500840,2016-02-23T00:00:00,ORL @ PHI,W,20.5,0.0,0.0,0.0,0.0,6.0,2.0,2.0,24.0,0.0,1.0,2.0,4.0,16.2,1,1,1,1,15511,12059,10158,9917,18861,10028,3734,4025,8723,8004,17214,11390,2748,14436,1.0,20:28,2015,2016
2015-16,202714,Shelvin Mack,Shelvin,1610612762,UTA,Utah Jazz,21500843,2016-02-23T00:00:00,UTA vs. HOU,W,31.8,0.0,4.0,0.0,6.0,17.0,6.0,11.0,24.0,0.0,0.0,4.0,6.0,18.2,1,1,1,1,6085,12059,1596,9917,5299,24337,13237,21342,8723,8004,1,22104,873,13004,1.0,31:47,2015,2016
2015-16,203463,Ben McLemore,Ben,1610612758,SAC,Sacramento Kings,21500842,2016-02-23T00:00:00,SAC @ DEN,W,12.9,0.0,0.0,0.0,2.0,9.0,10.0,5.0,26.0,0.0,0.0,1.0,0.0,8.2,1,1,1,1,21038,12059,10158,9917,12984,15771,20509,11593,7214,8004,1,4972,18762,20416,1.0,12:53,2015,2016
2015-16,201582,Alexis Ajinca,Alexis,1610612740,NOP,New Orleans Pelicans,21500841,2016-02-23T00:00:00,NOP @ WAS,L,16.5,0.0,4.0,0.0,0.0,3.0,4.0,5.0,18.0,0.0,0.0,1.0,4.0,12.8,1,13074,13074,13074,18638,12059,1596,9917,18861,5109,8458,11593,13577,8004,1,4972,2748,17129,1.0,16:32,2015,2016
2015-16,201961,Wayne Ellington,Wayne,1610612751,BKN,Brooklyn Nets,21500844,2016-02-23T00:00:00,BKN @ POR,L,18.6,0.0,0.0,0.0,2.0,2.0,4.0,5.0,18.0,0.0,0.0,3.0,0.0,7.6,1,13074,13074,13074,17015,12059,10158,9917,12984,2619,8458,11593,13577,8004,1,17641,18762,20803,1.0,18:36,2015,2016
2015-16,203086,Meyers Leonard,Meyers,1610612757,POR,Portland Trail Blazers,21500844,2016-02-23T00:00:00,POR vs. BKN,W,12.3,0.0,0.0,0.0,0.0,5.0,2.0,2.0,12.0,0.0,0.0,1.0,0.0,7.8,1,1,1,1,21385,12059,10158,9917,18861,8403,3734,4025,18637,8004,1,4972,18762,20696,1.0,12:18,2015,2016
2015-16,1626158,Richaun Holmes,Richaun,1610612755,PHI,Philadelphia 76ers,21500840,2016-02-23T00:00:00,PHI vs. ORL,L,7.0,0.0,0.0,2.0,2.0,2.0,2.0,2.0,0.0,0.0,0.0,2.0,0.0,7.9,1,13074,13074,13074,23553,12059,10158,4675,12984,2619,3734,4025,25429,8004,1,11390,18762,20646,1.0,7:02,2015,2016
2015-16,202708,Norris Cole,Norris,1610612740,NOP,New Orleans Pelicans,21500841,2016-02-23T00:00:00,NOP @ WAS,L,17.9,2.0,3.0,4.0,4.0,6.0,0.0,13.0,20.0,0.0,1.0,1.0,1.0,17.4,1,13074,13074,13074,17604,6026,3104,1913,8599,10028,1,23048,11929,8004,17214,4972,12373,13595,1.0,17:53,2015,2016
2015-16,203932,Aaron Gordon,Aaron,1610612753,ORL,Orlando Magic,21500840,2016-02-23T00:00:00,ORL @ PHI,W,30.0,1.0,2.0,4.0,8.0,11.0,4.0,4.0,38.0,1.0,0.0,3.0,4.0,38.7,1,1,1,1,7586,11535,4731,1913,3109,18886,8458,8806,1422,2692,1,17641,2748,2717,1.0,29:57,2015,2016
2015-16,203914,Gary Harris,Gary,1610612743,DEN,Denver Nuggets,21500842,2016-02-23T00:00:00,DEN vs. SAC,L,24.5,2.0,2.0,0.0,4.0,6.0,0.0,7.0,30.0,0.0,2.0,1.0,1.0,13.9,1,13074,13074,13074,12080,6026,4731,9917,8599,10028,1,15538,4541,8004,23588,4972,12373,16232,1.0,24:32,2015,2016
2015-16,202397,Ish Smith,Ish,1610612755,PHI,Philadelphia 76ers,21500840,2016-02-23T00:00:00,PHI vs. ORL,L,26.9,3.0,0.0,2.0,8.0,10.0,9.0,10.0,18.0,0.0,1.0,4.0,6.0,28.7,1,13074,13074,13074,10135,4307,10158,4675,3109,17370,19144,20169,13577,8004,17214,22104,873,6514,1.0,26:52,2015,2016
2015-16,203506,Victor Oladipo,Victor,1610612753,ORL,Orlando Magic,21500840,2016-02-23T00:00:00,ORL @ PHI,W,40.7,8.0,2.0,6.0,6.0,13.0,8.0,11.0,50.0,0.0,1.0,0.0,6.0,38.8,1,1,1,1,553,308,4731,740,5299,21300,17345,21342,107,8004,17214,1,873,2692,1.0,40:42,2015,2016
2015-16,201568,Danilo Gallinari,Danilo,1610612743,DEN,Denver Nuggets,21500842,2016-02-23T00:00:00,DEN vs. SAC,L,37.2,2.0,5.0,0.0,6.0,11.0,7.0,13.0,42.0,0.0,1.0,0.0,5.0,22.7,1,13074,13074,13074,1985,6026,995,9917,5299,18886,15642,23048,670,8004,17214,1,1539,9938,1.0,37:10,2015,2016
2015-16,201950,Jrue Holiday,Jrue,1610612740,NOP,New Orleans Pelicans,21500841,2016-02-23T00:00:00,NOP @ WAS,L,32.0,0.0,0.0,0.0,8.0,16.0,12.0,18.0,34.0,0.0,1.0,3.0,7.0,32.3,1,13074,13074,13074,5899,12059,10158,9917,3109,23774,22832,25228,2701,8004,17214,17641,469,4807,1.0,31:59,2015,2016
2015-16,201585,Kosta Koufos,Kosta,1610612758,SAC,Sacramento Kings,21500842,2016-02-23T00:00:00,SAC @ DEN,W,11.9,0.0,2.0,0.0,6.0,3.0,5.0,6.0,8.0,1.0,0.0,0.0,0.0,13.8,1,1,1,1,21636,12059,4731,9917,5299,5109,11469,13388,21543,2692,1,1,18762,16311,1.0,11:54,2015,2016
2015-16,201954,Darren Collison,Darren,1610612758,SAC,Sacramento Kings,21500842,2016-02-23T00:00:00,SAC @ DEN,W,32.3,0.0,0.0,2.0,4.0,12.0,7.0,13.0,22.0,0.0,1.0,2.0,3.0,22.3,1,1,1,1,5617,12059,10158,4675,8599,20178,15642,23048,10265,8004,17214,11390,4736,10208,1.0,32:20,2015,2016
2015-16,201942,DeMar DeRozan,DeMar,1610612761,TOR,Toronto Raptors,21500835,2016-02-22T00:00:00,TOR @ NYK,W,31.9,6.0,0.0,2.0,12.0,2.0,8.0,2.0,26.0,0.0,0.0,2.0,4.0,37.6,1,1,1,1,5973,878,10158,4675,988,2619,17345,4025,7214,8004,1,11390,2748,3018,1.0,31:54,2015,2016
2015-16,203471,Dennis Schröder,Dennis,1610612737,ATL,Atlanta Hawks,21500836,2016-02-22T00:00:00,ATL vs. GSW,L,18.1,0.0,2.0,5.0,8.0,12.0,4.0,6.0,18.0,0.0,0.0,4.0,1.0,28.6,1,13074,13074,13074,17475,12059,4731,1277,3109,20178,8458,13388,13577,8004,1,22104,12373,6560,1.0,18:04,2015,2016
2015-16,202699,Tobias Harris,Tobias,1610612765,DET,Detroit Pistons,21500833,2016-02-22T00:00:00,DET @ CLE,W,34.6,5.0,2.0,0.0,8.0,5.0,2.0,5.0,20.0,0.0,1.0,5.0,2.0,32.5,1,1,1,1,3878,1603,4731,9917,3109,8403,3734,11593,11929,8004,17214,24686,7786,4726,1.0,34:35,2015,2016
2015-16,202704,Reggie Jackson,Reggie,1610612765,DET,Detroit Pistons,21500833,2016-02-22T00:00:00,DET @ CLE,W,32.7,0.0,3.0,2.0,10.0,5.0,2.0,5.0,20.0,0.0,1.0,1.0,5.0,37.6,1,1,1,1,5384,12059,3104,4675,1840,8403,3734,11593,11929,8004,17214,4972,1539,3018,1.0,32:39,2015,2016
2015-16,2449,Luis Scola,Luis,1610612761,TOR,Toronto Raptors,21500835,2016-02-22T00:00:00,TOR @ NYK,W,20.1,0.0,2.0,0.0,4.0,2.0,4.0,2.0,22.0,0.0,0.0,4.0,0.0,17.7,1,1,1,1,15834,12059,4731,9917,8599,2619,8458,4025,10265,8004,1,22104,18762,13380,1.0,20:06,2015,2016
2015-16,203501,Tim Hardaway Jr.,Tim,1610612737,ATL,Atlanta Hawks,21500836,2016-02-22T00:00:00,ATL vs. GSW,L,25.7,0.0,0.0,3.0,4.0,15.0,4.0,8.0,22.0,0.0,1.0,4.0,2.0,16.9,1,13074,13074,13074,11156,12059,10158,3302,8599,23079,8458,17194,10265,8004,17214,22104,7786,13911,1.0,25:40,2015,2016
2015-16,2736,Luol Deng,Luol,1610612748,MIA,Miami Heat,21500834,2016-02-22T00:00:00,MIA vs. IND,W,37.3,5.0,7.0,4.0,8.0,10.0,7.0,4.0,24.0,0.0,3.0,5.0,4.0,32.7,1,1,1,1,1908,1603,292,1913,3109,17370,15642,8806,8723,8004,25441,24686,2748,4649,1.0,37:16,2015,2016
2015-16,202325,Wesley Johnson,Wesley,1610612746,LAC,LA Clippers,21500839,2016-02-22T00:00:00,LAC vs. PHX,W,28.3,3.0,3.0,5.0,4.0,10.0,8.0,10.0,20.0,1.0,0.0,2.0,1.0,32.6,1,1,1,1,9028,4307,3104,1277,8599,17370,17345,20169,11929,2692,1,11390,12373,4687,1.0,28:16,2015,2016
2015-16,203143,Pablo Prigioni,Pablo,1610612746,LAC,LA Clippers,21500839,2016-02-22T00:00:00,LAC vs. PHX,W,21.2,0.0,0.0,0.0,2.0,10.0,7.0,8.0,22.0,0.0,0.0,2.0,1.0,17.7,1,1,1,1,14897,12059,10158,9917,12984,17370,15642,17194,10265,8004,1,11390,12373,13380,1.0,21:11,2015,2016
2015-16,101133,Ian Mahinmi,Ian,1610612754,IND,Indiana Pacers,21500834,2016-02-22T00:00:00,IND @ MIA,L,30.6,2.0,3.0,0.0,6.0,10.0,16.0,10.0,36.0,2.0,0.0,6.0,5.0,27.7,1,13074,13074,13074,7058,6026,3104,9917,5299,17370,25155,20169,1943,932,1,25827,1539,7008,1.0,30:33,2015,2016
2015-16,201156,Nick Young,Nick,1610612747,LAL,Los Angeles Lakers,21500837,2016-02-22T00:00:00,LAL @ MIL,L,23.6,3.0,3.0,1.0,0.0,8.0,2.0,12.0,22.0,0.0,1.0,0.0,3.0,22.1,1,13074,13074,13074,12935,4307,3104,9347,18861,13914,3734,22259,10265,8004,17214,1,4736,10332,1.0,23:33,2015,2016
2015-16,101106,Andrew Bogut,Andrew,1610612744,GSW,Golden State Warriors,21500836,2016-02-22T00:00:00,GSW @ ATL,W,29.3,2.0,0.0,0.0,2.0,5.0,6.0,3.0,14.0,5.0,0.0,3.0,2.0,39.2,1,1,1,1,8165,6026,10158,9917,12984,8403,13237,7328,17019,59,1,17641,7786,2590,1.0,29:16,2015,2016
2015-16,202694,Marcus Morris Sr.,Marcus,1610612765,DET,Detroit Pistons,21500833,2016-02-22T00:00:00,DET @ CLE,W,39.6,0.0,0.0,0.0,4.0,14.0,2.0,8.0,28.0,0.0,0.0,0.0,1.0,22.4,1,1,1,1,857,12059,10158,9917,8599,22292,3734,17194,5824,8004,1,1,12373,10131,1.0,39:35,2015,2016
2015-16,203487,Michael Carter-Williams,Michael,1610612749,MIL,Milwaukee Bucks,21500837,2016-02-22T00:00:00,MIL vs. LAL,W,34.6,0.0,2.0,2.0,2.0,10.0,9.0,15.0,18.0,1.0,0.0,4.0,4.0,28.0,1,1,1,1,3903,12059,4731,4675,12984,17370,19144,24242,13577,2692,1,22104,2748,6864,1.0,34:33,2015,2016
2015-16,2548,Dwyane Wade,Dwyane,1610612748,MIA,Miami Heat,21500834,2016-02-22T00:00:00,MIA vs. IND,W,39.2,3.0,2.0,4.0,6.0,10.0,9.0,4.0,28.0,1.0,1.0,4.0,6.0,27.5,1,1,1,1,1000,4307,4731,1913,5299,17370,19144,8806,5824,2692,17214,22104,873,7137,1.0,39:11,2015,2016
2015-16,201609,Goran Dragic,Goran,1610612748,MIA,Miami Heat,21500834,2016-02-22T00:00:00,MIA vs. IND,W,40.8,4.0,5.0,6.0,14.0,10.0,9.0,4.0,24.0,0.0,0.0,3.0,4.0,39.1,1,1,1,1,530,2460,995,740,542,17370,19144,8806,8723,8004,1,17641,2748,2616,1.0,40:48,2015,2016
2015-16,201952,Jeff Teague,Jeff,1610612737,ATL,Atlanta Hawks,21500836,2016-02-22T00:00:00,ATL vs. GSW,L,29.7,3.0,0.0,0.0,0.0,15.0,3.0,17.0,22.0,1.0,2.0,3.0,6.0,28.0,1,13074,13074,13074,7793,4307,10158,9917,18861,23079,7138,24967,10265,2692,23588,17641,873,6864,1.0,29:43,2015,2016
2015-16,201949,James Johnson,James,1610612761,TOR,Toronto Raptors,21500835,2016-02-22T00:00:00,TOR @ NYK,W,26.5,0.0,2.0,2.0,6.0,2.0,6.0,2.0,22.0,2.0,0.0,2.0,2.0,21.9,1,1,1,1,10422,12059,4731,4675,5299,2619,13237,4025,10265,932,1,11390,7786,10460,1.0,26:32,2015,2016
2015-16,2544,LeBron James,LeBron,1610612739,CLE,Cleveland Cavaliers,21500833,2016-02-22T00:00:00,CLE vs. DET,L,37.5,4.0,0.0,2.0,6.0,20.0,11.0,7.0,34.0,0.0,1.0,2.0,3.0,32.1,1,13074,13074,13074,1762,2460,10158,4675,5299,25338,21814,15538,2701,8004,17214,11390,4736,4889,1.0,37:30,2015,2016
2015-16,203084,Harrison Barnes,Harrison,1610612744,GSW,Golden State Warriors,21500836,2016-02-22T00:00:00,GSW @ ATL,W,29.6,3.0,0.0,3.0,2.0,10.0,10.0,0.0,26.0,0.0,0.0,2.0,1.0,22.3,1,1,1,1,7879,4307,10158,3302,12984,17370,20509,1,7214,8004,1,11390,12373,10208,1.0,29:37,2015,2016
2015-16,101138,Brandon Bass,Brandon,1610612747,LAL,Los Angeles Lakers,21500837,2016-02-22T00:00:00,LAL @ MIL,L,19.0,0.0,3.0,4.0,6.0,10.0,2.0,15.0,22.0,0.0,1.0,4.0,2.0,13.8,1,13074,13074,13074,16671,12059,3104,1913,5299,17370,3734,24242,10265,8004,17214,22104,7786,16311,1.0,19:02,2015,2016
2015-16,101145,Monta Ellis,Monta,1610612754,IND,Indiana Pacers,21500834,2016-02-22T00:00:00,IND @ MIA,L,40.8,0.0,0.0,0.0,4.0,16.0,22.0,14.0,46.0,1.0,1.0,2.0,3.0,22.3,1,13074,13074,13074,537,12059,10158,9917,8599,23774,25991,23710,298,2692,17214,11390,4736,10208,1.0,40:47,2015,2016
2015-16,202720,Jon Leuer,Jon,1610612756,PHX,Phoenix Suns,21500839,2016-02-22T00:00:00,PHX @ LAC,L,18.6,2.0,2.0,2.0,2.0,3.0,11.0,5.0,20.0,1.0,2.0,4.0,1.0,22.7,1,13074,13074,13074,16991,6026,4731,4675,12984,5109,21814,11593,11929,2692,23588,22104,12373,9938,1.0,18:38,2015,2016
2015-16,201577,Robin Lopez,Robin,1610612752,NYK,New York Knicks,21500835,2016-02-22T00:00:00,NYK vs. TOR,L,27.8,2.0,6.0,0.0,20.0,6.0,4.0,4.0,28.0,0.0,1.0,2.0,2.0,39.6,1,13074,13074,13074,9352,6026,481,9917,59,10028,8458,8806,5824,8004,17214,11390,7786,2474,1.0,27:50,2015,2016
2015-16,203118,Mike Scott,Mike,1610612737,ATL,Atlanta Hawks,21500836,2016-02-22T00:00:00,ATL vs. GSW,L,20.9,0.0,0.0,0.0,0.0,10.0,0.0,6.0,12.0,0.0,0.0,0.0,0.0,14.7,1,13074,13074,13074,15155,12059,10158,9917,18861,17370,1,13388,18637,8004,1,1,18762,15631,1.0,20:54,2015,2016
2015-16,2747,JR Smith,JR,1610612739,CLE,Cleveland Cavaliers,21500833,2016-02-22T00:00:00,CLE vs. DET,L,36.2,0.0,0.0,0.0,2.0,21.0,11.0,5.0,30.0,0.0,1.0,2.0,0.0,9.8,1,13074,13074,13074,2604,12059,10158,9917,12984,25535,21814,11593,4541,8004,17214,11390,18762,19331,1.0,36:13,2015,2016
2015-16,203897,Zach LaVine,Zach,1610612750,MIN,Minnesota Timberwolves,21500838,2016-02-22T00:00:00,MIN vs. BOS,W,32.1,0.0,6.0,0.0,0.0,12.0,4.0,12.0,32.0,0.0,0.0,0.0,2.0,23.5,1,1,1,1,5785,12059,481,9917,18861,20178,8458,22259,3535,8004,1,1,7786,9452,1.0,32:07,2015,2016
2015-16,977,Kobe Bryant,Kobe,1610612747,LAL,Los Angeles Lakers,21500837,2016-02-22T00:00:00,LAL @ MIL,L,24.5,0.0,0.0,0.0,2.0,12.0,7.0,20.0,36.0,0.0,0.0,3.0,5.0,25.0,1,13074,13074,13074,12162,12059,10158,9917,12984,20178,15642,25599,1943,8004,1,17641,1539,8485,1.0,24:27,2015,2016
2015-16,200794,Paul Millsap,Paul,1610612737,ATL,Atlanta Hawks,21500836,2016-02-22T00:00:00,ATL vs. GSW,L,33.3,1.0,0.0,0.0,6.0,23.0,7.0,19.0,30.0,1.0,2.0,3.0,4.0,23.9,1,13074,13074,13074,4887,11535,10158,9917,5299,25803,15642,25435,4541,2692,23588,17641,2748,9184,1.0,33:19,2015,2016
2015-16,2755,Kevin Martin,Kevin,1610612750,MIN,Minnesota Timberwolves,21500838,2016-02-22T00:00:00,MIN vs. BOS,W,13.9,0.0,0.0,1.0,2.0,4.0,8.0,7.0,24.0,0.0,0.0,3.0,2.0,10.5,1,1,1,1,20466,12059,10158,9347,12984,6141,17345,15538,8723,8004,1,17641,7786,18808,1.0,13:54,2015,2016
2015-16,2738,Andre Iguodala,Andre,1610612744,GSW,Golden State Warriors,21500836,2016-02-22T00:00:00,GSW @ ATL,W,24.5,2.0,2.0,0.0,4.0,7.0,7.0,8.0,18.0,0.0,0.0,1.0,2.0,19.6,1,1,1,1,12102,6026,4731,9917,8599,12242,15642,17194,13577,8004,1,4972,7786,12024,1.0,24:31,2015,2016
2015-16,202685,Jonas Valančiūnas,Jonas,1610612761,TOR,Toronto Raptors,21500835,2016-02-22T00:00:00,TOR @ NYK,W,25.3,0.0,2.0,0.0,14.0,4.0,4.0,2.0,22.0,3.0,0.0,1.0,3.0,34.2,1,1,1,1,11446,12059,4731,9917,542,6141,8458,4025,10265,347,1,4972,4736,4092,1.0,25:18,2015,2016
2015-16,203114,Khris Middleton,Khris,1610612749,MIL,Milwaukee Bucks,21500837,2016-02-22T00:00:00,MIL vs. LAL,W,35.1,4.0,3.0,2.0,4.0,4.0,8.0,8.0,16.0,0.0,1.0,1.0,4.0,34.4,1,1,1,1,3489,2460,3104,4675,8599,6141,17345,17194,15259,8004,17214,4972,2748,4029,1.0,35:04,2015,2016
2015-16,201167,Arron Afflalo,Arron,1610612752,NYK,New York Knicks,21500835,2016-02-22T00:00:00,NYK vs. TOR,L,33.5,0.0,0.0,0.0,4.0,8.0,9.0,6.0,42.0,1.0,1.0,4.0,1.0,19.0,1,13074,13074,13074,4755,12059,10158,9917,8599,13914,19144,13388,670,2692,17214,22104,12373,12440,1.0,33:29,2015,2016
2015-16,202687,Bismack Biyombo,Bismack,1610612761,TOR,Toronto Raptors,21500835,2016-02-22T00:00:00,TOR @ NYK,W,19.4,0.0,4.0,0.0,8.0,2.0,4.0,0.0,14.0,1.0,0.0,4.0,3.0,25.3,1,1,1,1,16420,12059,1596,9917,3109,2619,8458,1,17019,2692,1,22104,4736,8340,1.0,19:21,2015,2016
2015-16,201177,Josh McRoberts,Josh,1610612748,MIA,Miami Heat,21500834,2016-02-22T00:00:00,MIA vs. IND,W,21.9,0.0,3.0,0.0,6.0,3.0,6.0,2.0,16.0,0.0,0.0,3.0,1.0,25.7,1,1,1,1,14278,12059,3104,9917,5299,5109,13237,4025,15259,8004,1,17641,12373,8088,1.0,21:53,2015,2016
2015-16,202738,Isaiah Thomas,Isaiah,1610612738,BOS,Boston Celtics,21500838,2016-02-22T00:00:00,BOS @ MIN,L,31.9,0.0,0.0,2.0,12.0,5.0,20.0,2.0,28.0,0.0,3.0,5.0,2.0,33.7,1,13074,13074,13074,5991,12059,10158,4675,988,8403,25875,4025,5824,8004,25441,24686,7786,4280,1.0,31:53,2015,2016
2015-16,202389,Timofey Mozgov,Timofey,1610612739,CLE,Cleveland Cavaliers,21500833,2016-02-22T00:00:00,CLE vs. DET,L,17.8,0.0,0.0,0.0,4.0,3.0,0.0,6.0,10.0,1.0,0.0,1.0,1.0,14.4,1,13074,13074,13074,17713,12059,10158,9917,8599,5109,1,13388,20209,2692,1,4972,12373,15857,1.0,17:46,2015,2016
2015-16,201601,Luc Mbah a Moute,Luc,1610612746,LAC,LA Clippers,21500839,2016-02-22T00:00:00,LAC vs. PHX,W,20.3,2.0,0.0,2.0,6.0,0.0,0.0,7.0,4.0,0.0,0.0,1.0,1.0,10.0,1,1,1,1,15630,6026,10158,4675,5299,1,1,15538,23698,8004,1,4972,12373,19178,1.0,20:19,2015,2016
2015-16,201588,George Hill,George,1610612754,IND,Indiana Pacers,21500834,2016-02-22T00:00:00,IND @ MIA,L,36.5,0.0,0.0,0.0,0.0,14.0,22.0,12.0,44.0,0.0,0.0,0.0,1.0,10.3,1,13074,13074,13074,2378,12059,10158,9917,18861,22292,25991,22259,454,8004,1,1,12373,18965,1.0,36:32,2015,2016
2015-16,201567,Kevin Love,Kevin,1610612739,CLE,Cleveland Cavaliers,21500833,2016-02-22T00:00:00,CLE vs. DET,L,35.5,0.0,2.0,0.0,4.0,20.0,11.0,10.0,36.0,0.0,0.0,2.0,4.0,34.9,1,13074,13074,13074,3107,12059,4731,9917,8599,25338,21814,20169,1943,8004,1,11390,2748,3845,1.0,35:33,2015,2016
2015-16,1626145,Tyus Jones,Tyus,1610612750,MIN,Minnesota Timberwolves,21500838,2016-02-22T00:00:00,MIN vs. BOS,W,16.0,2.0,2.0,2.0,6.0,8.0,10.0,9.0,24.0,0.0,1.0,2.0,0.0,14.9,1,1,1,1,19050,6026,4731,4675,5299,13914,20509,18829,8723,8004,17214,11390,18762,15463,1.0,15:59,2015,2016
2015-16,2210,Richard Jefferson,Richard,1610612739,CLE,Cleveland Cavaliers,21500833,2016-02-22T00:00:00,CLE vs. DET,L,15.1,2.0,0.0,0.0,0.0,3.0,0.0,3.0,6.0,0.0,0.0,1.0,2.0,10.4,1,13074,13074,13074,19678,6026,10158,9917,18861,5109,1,7328,22724,8004,1,4972,7786,18859,1.0,15:08,2015,2016
2015-16,202323,Evan Turner,Evan,1610612738,BOS,Boston Celtics,21500838,2016-02-22T00:00:00,BOS @ MIN,L,26.4,0.0,0.0,0.0,2.0,14.0,12.0,5.0,30.0,0.0,2.0,1.0,1.0,29.8,1,13074,13074,13074,10559,12059,10158,9917,12984,22292,22832,11593,4541,8004,23588,4972,12373,5948,1.0,26:21,2015,2016
2015-16,200768,Kyle Lowry,Kyle,1610612761,TOR,Toronto Raptors,21500835,2016-02-22T00:00:00,TOR @ NYK,W,35.3,0.0,2.0,0.0,6.0,6.0,4.0,2.0,28.0,0.0,1.0,1.0,5.0,49.7,1,1,1,1,3334,12059,4731,9917,5299,10028,8458,4025,5824,8004,17214,4972,1539,789,1.0,35:16,2015,2016
2015-16,204028,Tarik Black,Tarik,1610612747,LAL,Los Angeles Lakers,21500837,2016-02-22T00:00:00,LAL @ MIL,L,12.0,0.0,2.0,0.0,2.0,2.0,2.0,2.0,4.0,0.0,2.0,1.0,1.0,7.4,1,13074,13074,13074,21529,12059,4731,9917,12984,2619,3734,4025,23698,8004,23588,4972,12373,20912,1.0,12:00,2015,2016
2015-16,201145,Jeff Green,Jeff,1610612746,LAC,LA Clippers,21500839,2016-02-22T00:00:00,LAC vs. PHX,W,23.7,0.0,2.0,0.0,6.0,10.0,7.0,8.0,22.0,1.0,1.0,1.0,4.0,30.0,1,1,1,1,12822,12059,4731,9917,5299,17370,15642,17194,10265,2692,17214,4972,2748,5840,1.0,23:42,2015,2016
2015-16,202331,Paul George,Paul,1610612754,IND,Indiana Pacers,21500834,2016-02-22T00:00:00,IND @ MIA,L,42.0,5.0,2.0,4.0,6.0,12.0,23.0,12.0,52.0,0.0,3.0,3.0,9.0,56.2,1,13074,13074,13074,315,1603,4731,1913,5299,20178,26017,22259,59,8004,25441,17641,138,342,1.0,41:60,2015,2016
2015-16,101179,Ronnie Price,Ronnie,1610612756,PHX,Phoenix Suns,21500839,2016-02-22T00:00:00,PHX @ LAC,L,27.3,2.0,0.0,2.0,6.0,14.0,5.0,9.0,26.0,1.0,0.0,1.0,2.0,29.5,1,13074,13074,13074,9763,6026,10158,4675,5299,22292,11469,18829,7214,2692,1,4972,7786,6103,1.0,27:18,2015,2016
2015-16,203507,Giannis Antetokounmpo,Giannis,1610612749,MIL,Milwaukee Bucks,21500837,2016-02-22T00:00:00,MIL vs. LAL,W,41.7,12.0,4.0,15.0,22.0,7.0,13.0,14.0,22.0,4.0,0.0,3.0,8.0,76.4,1,1,1,1,350,27,1596,9,25,12242,23668,23710,10265,132,1,17641,254,14,1.0,41:44,2015,2016
2015-16,203109,Jae Crowder,Jae,1610612738,BOS,Boston Celtics,21500838,2016-02-22T00:00:00,BOS @ MIN,L,36.5,0.0,0.0,2.0,6.0,8.0,22.0,2.0,36.0,0.0,0.0,3.0,3.0,47.3,1,13074,13074,13074,2397,12059,10158,4675,5299,13914,25991,4025,1943,8004,1,17641,4736,1036,1.0,36:30,2015,2016
2015-16,1626157,Karl-Anthony Towns,Karl-Anthony,1610612750,MIN,Minnesota Timberwolves,21500838,2016-02-22T00:00:00,MIN vs. BOS,W,36.4,2.0,4.0,0.0,18.0,14.0,6.0,16.0,42.0,2.0,1.0,2.0,2.0,52.6,1,1,1,1,2465,6026,1596,9917,131,22292,13237,24641,670,932,17214,11390,7786,542,1.0,36:25,2015,2016
2015-16,203096,Jared Sullinger,Jared,1610612738,BOS,Boston Celtics,21500838,2016-02-22T00:00:00,BOS @ MIN,L,30.4,2.0,2.0,0.0,2.0,3.0,18.0,2.0,30.0,0.0,0.0,3.0,1.0,29.9,1,13074,13074,13074,7195,6026,4731,9917,12984,5109,25634,4025,4541,8004,1,17641,12373,5884,1.0,30:23,2015,2016
2015-16,202355,Hassan Whiteside,Hassan,1610612748,MIA,Miami Heat,21500834,2016-02-22T00:00:00,MIA vs. IND,W,41.2,2.0,9.0,0.0,14.0,7.0,13.0,4.0,24.0,6.0,0.0,3.0,5.0,59.1,1,1,1,1,454,6026,77,9917,542,12242,23668,8806,8723,19,1,17641,1539,233,1.0,41:09,2015,2016
2015-16,201143,Al Horford,Al,1610612737,ATL,Atlanta Hawks,21500836,2016-02-22T00:00:00,ATL vs. GSW,L,39.4,4.0,8.0,0.0,14.0,19.0,5.0,21.0,36.0,5.0,1.0,1.0,3.0,74.2,1,13074,13074,13074,908,2460,137,9917,542,25074,11469,25725,1943,59,17214,4972,4736,26,1.0,39:26,2015,2016
2015-16,1626167,Myles Turner,Myles,1610612754,IND,Indiana Pacers,21500834,2016-02-22T00:00:00,IND @ MIA,L,30.5,4.0,4.0,0.0,8.0,8.0,17.0,6.0,34.0,2.0,0.0,6.0,1.0,29.5,1,13074,13074,13074,7086,2460,1596,9917,3109,13914,25429,13388,2701,932,1,25827,12373,6103,1.0,30:32,2015,2016
2015-16,203912,C.J. Wilcox,C.J.,1610612746,LAC,LA Clippers,21500839,2016-02-22T00:00:00,LAC vs. PHX,W,10.5,0.0,0.0,0.0,2.0,4.0,2.0,4.0,8.0,0.0,0.0,0.0,1.0,11.5,1,1,1,1,22243,12059,10158,9917,12984,6141,3734,8806,21543,8004,1,1,12373,18079,1.0,10:28,2015,2016
2015-16,101150,Lou Williams,Lou,1610612747,LAL,Los Angeles Lakers,21500837,2016-02-22T00:00:00,LAL @ MIL,L,30.5,2.0,3.0,8.0,4.0,12.0,2.0,19.0,28.0,0.0,1.0,4.0,8.0,29.2,1,13074,13074,13074,7141,6026,3104,280,8599,20178,3734,25435,5824,8004,17214,22104,254,6243,1.0,30:27,2015,2016
2015-16,201937,Ricky Rubio,Ricky,1610612750,MIN,Minnesota Timberwolves,21500838,2016-02-22T00:00:00,MIN vs. BOS,W,32.0,0.0,2.0,0.0,2.0,10.0,2.0,12.0,34.0,0.0,0.0,3.0,8.0,35.6,1,1,1,1,5868,12059,4731,9917,12984,17370,3734,22259,2701,8004,1,17641,254,3615,1.0,32:01,2015,2016
2015-16,201939,Stephen Curry,Stephen,1610612744,GSW,Golden State Warriors,21500836,2016-02-22T00:00:00,GSW @ ATL,W,35.8,14.0,2.0,9.0,14.0,8.0,9.0,8.0,24.0,0.0,1.0,2.0,7.0,62.2,1,1,1,1,2892,6,4731,184,542,13914,19144,17194,8723,8004,17214,11390,469,140,1.0,35:48,2015,2016
2015-16,202340,Avery Bradley,Avery,1610612738,BOS,Boston Celtics,21500838,2016-02-22T00:00:00,BOS @ MIN,L,33.2,6.0,0.0,9.0,10.0,8.0,20.0,5.0,30.0,0.0,0.0,4.0,2.0,35.4,1,13074,13074,13074,4966,878,10158,184,1840,13914,25875,11593,4541,8004,1,22104,7786,3684,1.0,33:12,2015,2016
2015-16,202709,Cory Joseph,Cory,1610612761,TOR,Toronto Raptors,21500835,2016-02-22T00:00:00,TOR @ NYK,W,24.6,2.0,3.0,2.0,6.0,4.0,6.0,0.0,18.0,0.0,2.0,0.0,2.0,29.2,1,1,1,1,12068,6026,3104,4675,5299,6141,13237,1,13577,8004,23588,1,7786,6243,1.0,24:33,2015,2016
2015-16,101108,Chris Paul,Chris,1610612746,LAC,LA Clippers,21500839,2016-02-22T00:00:00,LAC vs. PHX,W,26.8,4.0,0.0,0.0,6.0,2.0,1.0,7.0,4.0,0.0,0.0,3.0,1.0,44.4,1,1,1,1,10168,2460,10158,9917,5299,2619,3393,15538,23698,8004,1,17641,12373,1474,1.0,26:49,2015,2016
2015-16,203953,Jabari Parker,Jabari,1610612749,MIL,Milwaukee Bucks,21500837,2016-02-22T00:00:00,MIL vs. LAL,W,36.3,2.0,0.0,6.0,8.0,7.0,6.0,11.0,14.0,1.0,0.0,4.0,2.0,35.8,1,1,1,1,2545,6026,10158,740,3109,12242,13237,21342,17019,2692,1,22104,7786,3541,1.0,36:18,2015,2016
2015-16,203484,Kentavious Caldwell-Pope,Kentavious,1610612765,DET,Detroit Pistons,21500833,2016-02-22T00:00:00,DET @ CLE,W,36.8,10.0,2.0,5.0,6.0,7.0,2.0,5.0,24.0,0.0,0.0,0.0,3.0,29.8,1,1,1,1,2251,99,4731,1277,5299,12242,3734,11593,8723,8004,1,1,4736,5948,1.0,36:46,2015,2016
2015-16,203101,Miles Plumlee,Miles,1610612749,MIL,Milwaukee Bucks,21500837,2016-02-22T00:00:00,MIL vs. LAL,W,20.6,0.0,0.0,2.0,14.0,3.0,8.0,3.0,6.0,1.0,0.0,3.0,3.0,24.5,1,1,1,1,15404,12059,10158,4675,542,5109,17345,7328,22724,2692,1,17641,4736,8801,1.0,20:35,2015,2016
2015-16,203458,Alex Len,Alex,1610612756,PHX,Phoenix Suns,21500839,2016-02-22T00:00:00,PHX @ LAC,L,30.7,2.0,4.0,0.0,6.0,14.0,5.0,8.0,36.0,0.0,2.0,6.0,7.0,30.1,1,13074,13074,13074,6988,6026,1596,9917,5299,22292,11469,17194,1943,8004,23588,25827,469,5794,1.0,30:39,2015,2016
2015-16,2594,Kyle Korver,Kyle,1610612737,ATL,Atlanta Hawks,21500836,2016-02-22T00:00:00,ATL vs. GSW,L,30.1,0.0,0.0,0.0,0.0,18.0,0.0,17.0,28.0,0.0,0.0,1.0,0.0,5.7,1,13074,13074,13074,7410,12059,10158,9917,18861,24749,1,24967,5824,8004,1,4972,18762,22054,1.0,30:09,2015,2016
2015-16,203940,Adreian Payne,Adreian,1610612750,MIN,Minnesota Timberwolves,21500838,2016-02-22T00:00:00,MIN vs. BOS,W,11.5,4.0,2.0,0.0,2.0,2.0,4.0,3.0,14.0,1.0,0.0,1.0,1.0,10.6,1,1,1,1,21812,2460,4731,9917,12984,2619,8458,7328,17019,2692,1,4972,12373,18723,1.0,11:31,2015,2016
2015-16,2733,Shaun Livingston,Shaun,1610612744,GSW,Golden State Warriors,21500836,2016-02-22T00:00:00,GSW @ ATL,W,20.3,0.0,0.0,2.0,2.0,3.0,4.0,0.0,14.0,2.0,0.0,2.0,2.0,10.7,1,1,1,1,15631,12059,10158,4675,12984,5109,8458,1,17019,932,1,11390,7786,18636,1.0,20:19,2015,2016
2015-16,203461,Anthony Bennett,Anthony,1610612761,TOR,Toronto Raptors,21500835,2016-02-22T00:00:00,TOR @ NYK,W,1.8,0.0,0.0,0.0,0.0,0.0,0.0,0.0,0.0,0.0,0.0,0.0,0.0,1.2,1,1,1,1,25577,12059,10158,9917,18861,1,1,1,25429,8004,1,1,18762,24661,1.0,1:49,2015,2016
2015-16,201579,Roy Hibbert,Roy,1610612747,LAL,Los Angeles Lakers,21500837,2016-02-22T00:00:00,LAL @ MIL,L,21.4,0.0,0.0,0.0,2.0,10.0,7.0,17.0,34.0,1.0,0.0,2.0,0.0,6.4,1,13074,13074,13074,14690,12059,10158,9917,12984,17370,15642,24967,2701,2692,1,11390,18762,21589,1.0,21:24,2015,2016
2015-16,2419,Tayshaun Prince,Tayshaun,1610612750,MIN,Minnesota Timberwolves,21500838,2016-02-22T00:00:00,MIN vs. BOS,W,5.1,0.0,0.0,0.0,0.0,6.0,4.0,4.0,4.0,0.0,0.0,0.0,0.0,1.5,1,1,1,1,24342,12059,10158,9917,18861,10028,8458,8806,23698,8004,1,1,18762,24473,1.0,5:04,2015,2016
2015-16,1626181,Norman Powell,Norman,1610612761,TOR,Toronto Raptors,21500835,2016-02-22T00:00:00,TOR @ NYK,W,1.8,0.0,0.0,0.0,0.0,0.0,0.0,0.0,0.0,0.0,0.0,0.0,0.0,1.2,1,1,1,1,25577,12059,10158,9917,18861,1,1,1,25429,8004,1,1,18762,24661,1.0,1:49,2015,2016
2015-16,203145,Kent Bazemore,Kent,1610612737,ATL,Atlanta Hawks,21500836,2016-02-22T00:00:00,ATL vs. GSW,L,15.9,0.0,0.0,0.0,2.0,9.0,3.0,13.0,12.0,0.0,1.0,0.0,1.0,5.9,1,13074,13074,13074,19086,12059,10158,9917,12984,15771,7138,23048,18637,8004,17214,1,12373,21953,1.0,15:56,2015,2016
2015-16,203512,Lucas Nogueira,Lucas,1610612761,TOR,Toronto Raptors,21500835,2016-02-22T00:00:00,TOR @ NYK,W,3.4,0.0,0.0,0.0,0.0,0.0,2.0,0.0,2.0,0.0,0.0,0.0,0.0,1.2,1,1,1,1,24986,12059,10158,9917,18861,1,3734,1,24614,8004,1,1,18762,24661,1.0,3:21,2015,2016
2015-16,203488,Mike Muscala,Mike,1610612737,ATL,Atlanta Hawks,21500836,2016-02-22T00:00:00,ATL vs. GSW,L,2.6,0.0,0.0,0.0,0.0,2.0,2.0,0.0,2.0,0.0,0.0,1.0,0.0,1.2,1,13074,13074,13074,25290,12059,10158,9917,18861,2619,3734,1,24614,8004,1,4972,18762,24661,1.0,2:35,2015,2016
2015-16,1627293,Alex Stepheson,Alex,1610612746,LAC,LA Clippers,21500839,2016-02-22T00:00:00,LAC vs. PHX,W,7.1,0.0,2.0,0.0,2.0,2.0,2.0,2.0,6.0,1.0,0.0,3.0,1.0,6.2,1,1,1,1,23542,12059,4731,9917,12984,2619,3734,4025,22724,2692,1,17641,12373,21696,1.0,7:03,2015,2016
2015-16,201578,Marreese Speights,Marreese,1610612744,GSW,Golden State Warriors,21500836,2016-02-22T00:00:00,GSW @ ATL,W,7.9,0.0,0.0,0.0,2.0,3.0,4.0,0.0,10.0,0.0,1.0,1.0,1.0,1.2,1,1,1,1,23242,12059,10158,9917,12984,5109,8458,1,20209,8004,17214,4972,12373,24661,1.0,7:52,2015,2016
2015-16,200782,P.J. Tucker,P.J.,1610612756,PHX,Phoenix Suns,21500839,2016-02-22T00:00:00,PHX @ LAC,L,21.0,0.0,0.0,0.0,0.0,9.0,0.0,8.0,20.0,0.0,0.0,2.0,0.0,5.5,1,13074,13074,13074,15069,12059,10158,9917,18861,15771,1,17194,11929,8004,1,11390,18762,22196,1.0,20:59,2015,2016
2015-16,2581,Steve Blake,Steve,1610612765,DET,Detroit Pistons,21500833,2016-02-22T00:00:00,DET @ CLE,W,15.4,0.0,0.0,0.0,0.0,11.0,0.0,3.0,8.0,0.0,0.0,2.0,0.0,3.2,1,1,1,1,19514,12059,10158,9917,18861,18886,1,7328,21543,8004,1,11390,18762,23473,1.0,15:21,2015,2016
2015-16,201619,Sasha Kaun,Sasha,1610612739,CLE,Cleveland Cavaliers,21500833,2016-02-22T00:00:00,CLE vs. DET,L,0.5,0.0,0.0,0.0,0.0,0.0,0.0,0.0,0.0,0.0,0.0,0.0,0.0,0.0,1,13074,13074,13074,25984,12059,10158,9917,18861,1,1,1,25429,8004,1,1,18762,25170,1.0,0:28,2015,2016
2015-16,101112,Channing Frye,Channing,1610612739,CLE,Cleveland Cavaliers,21500833,2016-02-22T00:00:00,CLE vs. DET,L,9.1,0.0,0.0,0.0,2.0,3.0,0.0,0.0,4.0,0.0,0.0,2.0,1.0,7.3,1,13074,13074,13074,22786,12059,10158,9917,12984,5109,1,1,23698,8004,1,11390,12373,21024,1.0,9:09,2015,2016
2015-16,203382,Aron Baynes,Aron,1610612765,DET,Detroit Pistons,21500833,2016-02-22T00:00:00,DET @ CLE,W,12.6,0.0,0.0,0.0,0.0,9.0,0.0,3.0,6.0,1.0,0.0,2.0,1.0,9.2,1,1,1,1,21233,12059,10158,9917,18861,15771,1,7328,22724,2692,1,11390,12373,19680,1.0,12:34,2015,2016
2015-16,2757,Beno Udrih,Beno,1610612748,MIA,Miami Heat,21500834,2016-02-22T00:00:00,MIA vs. IND,W,6.2,0.0,0.0,0.0,0.0,3.0,4.0,2.0,6.0,0.0,0.0,1.0,0.0,0.0,1,1,1,1,23867,12059,10158,9917,18861,5109,8458,4025,22724,8004,1,4972,18762,25170,1.0,6:14,2015,2016
2015-16,1626175,Jordan Mickey,Jordan,1610612738,BOS,Boston Celtics,21500838,2016-02-22T00:00:00,BOS @ MIN,L,1.8,0.0,0.0,0.0,0.0,0.0,0.0,0.0,0.0,0.0,0.0,0.0,0.0,0.0,1,13074,13074,13074,25594,12059,10158,9917,18861,1,1,1,25429,8004,1,1,18762,25170,1.0,1:47,2015,2016
2015-16,1626199,Darrun Hilliard,Darrun,1610612765,DET,Detroit Pistons,21500833,2016-02-22T00:00:00,DET @ CLE,W,11.2,0.0,0.0,0.0,0.0,9.0,0.0,3.0,4.0,0.0,0.0,1.0,1.0,3.6,1,1,1,1,21925,12059,10158,9917,18861,15771,1,7328,23698,8004,1,4972,12373,23310,1.0,11:14,2015,2016
2015-16,200757,Thabo Sefolosha,Thabo,1610612737,ATL,Atlanta Hawks,21500836,2016-02-22T00:00:00,ATL vs. GSW,L,24.3,3.0,3.0,0.0,0.0,12.0,7.0,8.0,18.0,0.0,1.0,0.0,0.0,8.8,1,13074,13074,13074,12346,4307,3104,9917,18861,20178,15642,17194,13577,8004,17214,1,18762,19994,1.0,24:16,2015,2016
2015-16,202684,Tristan Thompson,Tristan,1610612739,CLE,Cleveland Cavaliers,21500833,2016-02-22T00:00:00,CLE vs. DET,L,21.2,0.0,0.0,0.0,0.0,15.0,9.0,4.0,28.0,1.0,0.0,1.0,0.0,9.2,1,13074,13074,13074,14862,12059,10158,9917,18861,23079,19144,8806,5824,2692,1,4972,18762,19680,1.0,21:13,2015,2016
2015-16,201564,O.J. Mayo,O.J.,1610612749,MIL,Milwaukee Bucks,21500837,2016-02-22T00:00:00,MIL vs. LAL,W,24.5,0.0,0.0,3.0,0.0,3.0,8.0,8.0,10.0,0.0,0.0,5.0,2.0,21.6,1,1,1,1,12162,12059,10158,3302,18861,5109,17345,17194,20209,8004,1,24686,7786,10666,1.0,24:27,2015,2016
2015-16,101123,Gerald Green,Gerald,1610612748,MIA,Miami Heat,21500834,2016-02-22T00:00:00,MIA vs. IND,W,18.4,0.0,0.0,0.0,0.0,7.0,6.0,2.0,14.0,1.0,0.0,0.0,1.0,4.5,1,1,1,1,17177,12059,10158,9917,18861,12242,13237,4025,17019,2692,1,1,12373,22773,1.0,18:24,2015,2016
2015-16,101181,Jose Calderon,Jose,1610612752,NYK,New York Knicks,21500835,2016-02-22T00:00:00,NYK vs. TOR,L,19.4,0.0,0.0,0.0,0.0,2.0,7.0,4.0,30.0,0.0,1.0,2.0,0.0,3.4,1,13074,13074,13074,16420,12059,10158,9917,18861,2619,15642,8806,4541,8004,17214,11390,18762,23417,1.0,19:21,2015,2016
2015-16,201978,Chase Budinger,Chase,1610612754,IND,Indiana Pacers,21500834,2016-02-22T00:00:00,IND @ MIA,L,6.7,0.0,0.0,0.0,0.0,2.0,7.0,4.0,8.0,0.0,0.0,0.0,0.0,5.0,1,13074,13074,13074,23694,12059,10158,9917,18861,2619,15642,8806,21543,8004,1,1,18762,22500,1.0,6:39,2015,2016
2015-16,1626196,Josh Richardson,Josh,1610612748,MIA,Miami Heat,21500834,2016-02-22T00:00:00,MIA vs. IND,W,8.6,0.0,0.0,0.0,0.0,2.0,0.0,2.0,10.0,0.0,0.0,0.0,0.0,4.2,1,1,1,1,23011,12059,10158,9917,18861,2619,1,4025,20209,8004,1,1,18762,22976,1.0,8:33,2015,2016
2015-16,203524,Solomon Hill,Solomon,1610612754,IND,Indiana Pacers,21500834,2016-02-22T00:00:00,IND @ MIA,L,16.7,0.0,0.0,0.0,0.0,2.0,8.0,6.0,18.0,0.0,2.0,2.0,1.0,7.1,1,13074,13074,13074,18520,12059,10158,9917,18861,2619,17345,13388,13577,8004,23588,11390,12373,21141,1.0,16:40,2015,2016
2015-16,203092,Tyler Zeller,Tyler,1610612738,BOS,Boston Celtics,21500838,2016-02-22T00:00:00,BOS @ MIN,L,13.7,2.0,4.0,2.0,4.0,11.0,6.0,3.0,16.0,0.0,0.0,1.0,2.0,8.6,1,13074,13074,13074,20568,6026,1596,4675,8599,18886,13237,7328,15259,8004,1,4972,7786,20125,1.0,13:44,2015,2016
2015-16,2037,Jamal Crawford,Jamal,1610612746,LAC,LA Clippers,21500839,2016-02-22T00:00:00,LAC vs. PHX,W,17.2,0.0,0.0,0.0,0.0,8.0,6.0,4.0,14.0,0.0,0.0,1.0,1.0,1.0,1,1,1,1,18118,12059,10158,9917,18861,13914,13237,8806,17019,8004,1,4972,12373,24960,1.0,17:13,2015,2016
2015-16,201603,Sonny Weems,Sonny,1610612756,PHX,Phoenix Suns,21500839,2016-02-22T00:00:00,PHX @ LAC,L,16.2,0.0,0.0,0.0,0.0,2.0,0.0,2.0,14.0,0.0,0.0,2.0,0.0,3.7,1,13074,13074,13074,18898,12059,10158,9917,18861,2619,1,4025,17019,8004,1,11390,18762,23278,1.0,16:11,2015,2016
2015-16,201575,Brandon Rush,Brandon,1610612744,GSW,Golden State Warriors,21500836,2016-02-22T00:00:00,GSW @ ATL,W,6.4,0.0,0.0,0.0,0.0,0.0,3.0,5.0,6.0,0.0,0.0,0.0,0.0,0.0,1,1,1,1,23794,12059,10158,9917,18861,1,7138,11593,22724,8004,1,1,18762,25170,1.0,6:22,2015,2016
2015-16,1626204,Larry Nance Jr.,Larry,1610612747,LAL,Los Angeles Lakers,21500837,2016-02-22T00:00:00,LAL @ MIL,L,9.6,0.0,0.0,0.0,2.0,6.0,0.0,8.0,14.0,0.0,0.0,2.0,1.0,7.1,1,13074,13074,13074,22601,12059,10158,9917,12984,10028,1,17194,17019,8004,1,11390,12373,21141,1.0,9:34,2015,2016
2015-16,1626173,Rashad Vaughn,Rashad,1610612749,MIL,Milwaukee Bucks,21500837,2016-02-22T00:00:00,MIL vs. LAL,W,17.1,0.0,0.0,0.0,0.0,3.0,6.0,10.0,8.0,0.0,0.0,4.0,0.0,4.0,1,1,1,1,18196,12059,10158,9917,18861,5109,13237,20169,21543,8004,1,22104,18762,23142,1.0,17:06,2015,2016
2015-16,203948,Johnny O'Bryant III,Johnny,1610612749,MIL,Milwaukee Bucks,21500837,2016-02-22T00:00:00,MIL vs. LAL,W,1.4,0.0,0.0,0.0,0.0,3.0,3.0,1.0,0.0,0.0,0.0,1.0,0.0,-1.0,1,1,1,1,25739,12059,10158,9917,18861,5109,7138,3646,25429,8004,1,4972,18762,25932,1.0,1:24,2015,2016
2015-16,200779,Steve Novak,Steve,1610612749,MIL,Milwaukee Bucks,21500837,2016-02-22T00:00:00,MIL vs. LAL,W,1.4,0.0,0.0,0.0,0.0,3.0,3.0,1.0,0.0,0.0,0.0,1.0,0.0,0.0,1,1,1,1,25739,12059,10158,9917,18861,5109,7138,3646,25429,8004,1,4972,18762,25170,1.0,1:24,2015,2016
2015-16,203527,Ryan Kelly,Ryan,1610612747,LAL,Los Angeles Lakers,21500837,2016-02-22T00:00:00,LAL @ MIL,L,7.6,2.0,0.0,2.0,2.0,0.0,0.0,0.0,2.0,0.0,1.0,2.0,1.0,7.9,1,13074,13074,13074,23364,6026,10158,4675,12984,1,1,1,24614,8004,17214,11390,12373,20646,1.0,7:34,2015,2016
2015-16,203521,Matthew Dellavedova,Matthew,1610612739,CLE,Cleveland Cavaliers,21500833,2016-02-22T00:00:00,CLE vs. DET,L,29.3,4.0,0.0,0.0,2.0,14.0,5.0,5.0,16.0,0.0,0.0,5.0,0.0,16.7,1,13074,13074,13074,8096,2460,10158,9917,12984,22292,11469,11593,15259,8004,1,24686,18762,14064,1.0,29:21,2015,2016
2015-16,201973,Jonas Jerebko,Jonas,1610612738,BOS,Boston Celtics,21500838,2016-02-22T00:00:00,BOS @ MIN,L,21.6,2.0,0.0,2.0,8.0,11.0,10.0,3.0,24.0,1.0,0.0,3.0,2.0,16.4,1,13074,13074,13074,14516,6026,10158,4675,3109,18886,20509,7328,8723,2692,1,17641,7786,14289,1.0,21:36,2015,2016
2015-16,2756,Sasha Vujacic,Sasha,1610612752,NYK,New York Knicks,21500835,2016-02-22T00:00:00,NYK vs. TOR,L,6.5,0.0,0.0,0.0,0.0,0.0,4.0,0.0,6.0,0.0,0.0,0.0,0.0,2.7,1,13074,13074,13074,23765,12059,10158,9917,18861,1,8458,1,22724,8004,1,1,18762,23884,1.0,6:27,2015,2016
2015-16,1718,Paul Pierce,Paul,1610612746,LAC,LA Clippers,21500839,2016-02-22T00:00:00,LAC vs. PHX,W,18.8,0.0,0.0,2.0,0.0,2.0,0.0,5.0,4.0,0.0,0.0,1.0,3.0,18.3,1,1,1,1,16860,12059,10158,4675,18861,2619,1,11593,23698,8004,1,4972,4736,12952,1.0,18:49,2015,2016
2015-16,203498,Shabazz Muhammad,Shabazz,1610612750,MIN,Minnesota Timberwolves,21500838,2016-02-22T00:00:00,MIN vs. BOS,W,20.2,2.0,4.0,2.0,4.0,6.0,8.0,9.0,36.0,1.0,0.0,2.0,2.0,21.4,1,1,1,1,15729,6026,1596,4675,8599,10028,17345,18829,1943,2692,1,11390,7786,10807,1.0,20:12,2015,2016
2015-16,203462,Archie Goodwin,Archie,1610612756,PHX,Phoenix Suns,21500839,2016-02-22T00:00:00,PHX @ LAC,L,37.6,6.0,2.0,4.0,4.0,14.0,14.0,10.0,38.0,0.0,3.0,1.0,4.0,21.2,1,13074,13074,13074,1690,878,4731,1913,8599,22292,24300,20169,1422,8004,25441,4972,2748,10936,1.0,37:37,2015,2016
2015-16,2571,Leandro Barbosa,Leandro,1610612744,GSW,Golden State Warriors,21500836,2016-02-22T00:00:00,GSW @ ATL,W,11.2,0.0,0.0,0.0,0.0,1.0,3.0,8.0,8.0,0.0,0.0,1.0,0.0,13.2,1,1,1,1,21966,12059,10158,9917,18861,2356,7138,17194,21543,8004,1,4972,18762,16768,1.0,11:09,2015,2016
2015-16,1626202,Joe Young,Joe,1610612754,IND,Indiana Pacers,21500834,2016-02-22T00:00:00,IND @ MIA,L,17.2,2.0,2.0,2.0,4.0,2.0,8.0,6.0,18.0,0.0,0.0,0.0,0.0,15.9,1,13074,13074,13074,18161,6026,4731,4675,8599,2619,17345,13388,13577,8004,1,1,18762,14675,1.0,17:10,2015,2016
2015-16,202690,Jimmer Fredette,Jimmer,1610612752,NYK,New York Knicks,21500835,2016-02-22T00:00:00,NYK vs. TOR,L,1.8,0.0,0.0,0.0,0.0,0.0,3.0,0.0,2.0,0.0,0.0,1.0,0.0,2.0,1,13074,13074,13074,25577,12059,10158,9917,18861,1,7138,1,24614,8004,1,4972,18762,24216,1.0,1:49,2015,2016
2015-16,204001,Kristaps Porziņģis,Kristaps,1610612752,NYK,New York Knicks,21500835,2016-02-22T00:00:00,NYK vs. TOR,L,32.5,2.0,0.0,0.0,6.0,2.0,11.0,2.0,38.0,0.0,0.0,2.0,4.0,20.9,1,13074,13074,13074,5483,6026,10158,9917,5299,2619,21814,4025,1422,8004,1,11390,2748,11132,1.0,32:31,2015,2016
2015-16,1626169,Stanley Johnson,Stanley,1610612765,DET,Detroit Pistons,21500833,2016-02-22T00:00:00,DET @ CLE,W,21.8,2.0,0.0,3.0,4.0,13.0,0.0,3.0,8.0,1.0,0.0,0.0,1.0,18.3,1,1,1,1,14302,6026,10158,3302,8599,21300,1,7328,21543,2692,1,1,12373,12952,1.0,21:50,2015,2016
2015-16,202682,Derrick Williams,Derrick,1610612752,NYK,New York Knicks,21500835,2016-02-22T00:00:00,NYK vs. TOR,L,14.2,2.0,0.0,0.0,2.0,0.0,7.0,0.0,14.0,0.0,0.0,0.0,3.0,8.0,1,13074,13074,13074,20269,6026,10158,9917,12984,1,15642,1,17019,8004,1,1,4736,20564,1.0,14:13,2015,2016
2015-16,2405,Amar'e Stoudemire,Amar'e,1610612748,MIA,Miami Heat,21500834,2016-02-22T00:00:00,MIA vs. IND,W,11.8,0.0,0.0,0.0,4.0,6.0,0.0,2.0,12.0,0.0,1.0,1.0,0.0,8.5,1,1,1,1,21677,12059,10158,9917,8599,10028,1,4025,18637,8004,17214,4972,18762,20215,1.0,11:49,2015,2016
2015-16,1626164,Devin Booker,Devin,1610612756,PHX,Phoenix Suns,21500839,2016-02-22T00:00:00,PHX @ LAC,L,25.7,0.0,0.0,0.0,2.0,17.0,12.0,14.0,32.0,0.0,3.0,6.0,1.0,8.2,1,13074,13074,13074,11100,12059,10158,9917,12984,24337,22832,23710,3535,8004,25441,25827,12373,20416,1.0,25:42,2015,2016
2015-16,201941,Jordan Hill,Jordan,1610612754,IND,Indiana Pacers,21500834,2016-02-22T00:00:00,IND @ MIA,L,22.2,0.0,0.0,0.0,4.0,6.0,14.0,8.0,26.0,1.0,2.0,4.0,3.0,13.1,1,13074,13074,13074,14035,12059,10158,9917,8599,10028,24300,17194,7214,2692,23588,22104,4736,16874,1.0,22:10,2015,2016
2015-16,202335,Patrick Patterson,Patrick,1610612761,TOR,Toronto Raptors,21500835,2016-02-22T00:00:00,TOR @ NYK,W,26.1,0.0,0.0,0.0,2.0,4.0,6.0,0.0,16.0,0.0,0.0,3.0,1.0,7.6,1,1,1,1,10774,12059,10158,9917,12984,6141,13237,1,15259,8004,1,17641,12373,20803,1.0,26:05,2015,2016
2015-16,1626170,Jerian Grant,Jerian,1610612752,NYK,New York Knicks,21500835,2016-02-22T00:00:00,NYK vs. TOR,L,12.0,0.0,0.0,0.0,0.0,0.0,7.0,0.0,14.0,1.0,0.0,0.0,1.0,18.2,1,13074,13074,13074,21529,12059,10158,9917,18861,1,15642,1,17019,2692,1,1,12373,13004,1.0,12:00,2015,2016
2015-16,204038,Langston Galloway,Langston,1610612752,NYK,New York Knicks,21500835,2016-02-22T00:00:00,NYK vs. TOR,L,24.7,0.0,0.0,0.0,0.0,6.0,3.0,2.0,24.0,0.0,1.0,5.0,0.0,2.7,1,13074,13074,13074,11912,12059,10158,9917,18861,10028,7138,4025,8723,8004,17214,24686,18762,23884,1.0,24:43,2015,2016
2015-16,1626153,Delon Wright,Delon,1610612761,TOR,Toronto Raptors,21500835,2016-02-22T00:00:00,TOR @ NYK,W,3.4,0.0,0.0,0.0,0.0,0.0,2.0,0.0,2.0,0.0,0.0,0.0,0.0,7.7,1,1,1,1,24986,12059,10158,9917,18861,1,3734,1,24614,8004,1,1,18762,20733,1.0,3:21,2015,2016
2015-16,101161,Amir Johnson,Amir,1610612738,BOS,Boston Celtics,21500838,2016-02-22T00:00:00,BOS @ MIN,L,15.2,0.0,0.0,0.0,2.0,0.0,10.0,0.0,14.0,1.0,0.0,2.0,0.0,7.7,1,13074,13074,13074,19602,12059,10158,9917,12984,1,20509,1,17019,2692,1,11390,18762,20733,1.0,15:14,2015,2016
2015-16,203141,Mirza Teletovic,Mirza,1610612756,PHX,Phoenix Suns,21500839,2016-02-22T00:00:00,PHX @ LAC,L,22.7,0.0,0.0,5.0,2.0,11.0,7.0,7.0,28.0,0.0,0.0,2.0,2.0,20.7,1,13074,13074,13074,13645,12059,10158,1277,12984,18886,15642,15538,5824,8004,1,11390,7786,11252,1.0,22:39,2015,2016
2015-16,203082,Terrence Ross,Terrence,1610612761,TOR,Toronto Raptors,21500835,2016-02-22T00:00:00,TOR @ NYK,W,20.6,0.0,0.0,0.0,0.0,4.0,4.0,0.0,18.0,0.0,0.0,2.0,0.0,15.9,1,1,1,1,15404,12059,10158,9917,18861,6141,8458,1,13577,8004,1,11390,18762,14675,1.0,20:35,2015,2016
2015-16,203124,Kyle O'Quinn,Kyle,1610612752,NYK,New York Knicks,21500835,2016-02-22T00:00:00,NYK vs. TOR,L,9.1,0.0,0.0,0.0,0.0,2.0,5.0,2.0,14.0,1.0,0.0,2.0,1.0,8.1,1,13074,13074,13074,22820,12059,10158,9917,18861,2619,11469,4025,17019,2692,1,11390,12373,20521,1.0,9:03,2015,2016
2015-16,200755,JJ Redick,JJ,1610612746,LAC,LA Clippers,21500839,2016-02-22T00:00:00,LAC vs. PHX,W,25.2,5.0,2.0,5.0,4.0,2.0,1.0,7.0,6.0,0.0,1.0,0.0,6.0,31.6,1,1,1,1,11515,1603,4731,1277,8599,2619,3393,15538,22724,8004,17214,1,873,5130,1.0,25:13,2015,2016
2015-16,2546,Carmelo Anthony,Carmelo,1610612752,NYK,New York Knicks,21500835,2016-02-22T00:00:00,NYK vs. TOR,L,37.3,0.0,2.0,2.0,4.0,8.0,10.0,6.0,50.0,0.0,0.0,1.0,6.0,40.7,1,13074,13074,13074,1910,12059,4731,4675,8599,13914,20509,13388,107,8004,1,4972,873,2199,1.0,37:16,2015,2016
2015-16,202730,Lavoy Allen,Lavoy,1610612754,IND,Indiana Pacers,21500834,2016-02-22T00:00:00,IND @ MIA,L,22.0,0.0,2.0,0.0,4.0,8.0,13.0,12.0,28.0,0.0,0.0,3.0,1.0,15.4,1,13074,13074,13074,14217,12059,4731,9917,8599,13914,23668,22259,5824,8004,1,17641,12373,15066,1.0,21:58,2015,2016
2015-16,202691,Klay Thompson,Klay,1610612744,GSW,Golden State Warriors,21500836,2016-02-22T00:00:00,GSW @ ATL,W,36.9,6.0,3.0,7.0,10.0,10.0,10.0,0.0,26.0,0.0,2.0,3.0,1.0,41.9,1,1,1,1,2180,878,3104,454,1840,17370,20509,1,7214,8004,23588,17641,12373,1958,1.0,36:51,2015,2016
2015-16,203083,Andre Drummond,Andre,1610612765,DET,Detroit Pistons,21500833,2016-02-22T00:00:00,DET @ CLE,W,35.4,6.0,4.0,0.0,8.0,7.0,2.0,5.0,22.0,1.0,0.0,4.0,7.0,42.5,1,1,1,1,3196,878,1596,9917,3109,12242,3734,11593,10265,2692,1,22104,469,1841,1.0,35:26,2015,2016
2015-16,203952,Andrew Wiggins,Andrew,1610612750,MIN,Minnesota Timberwolves,21500838,2016-02-22T00:00:00,MIN vs. BOS,W,35.8,1.0,4.0,0.0,8.0,14.0,6.0,16.0,42.0,1.0,0.0,3.0,6.0,26.2,1,1,1,1,2892,11535,1596,9917,3109,22292,13237,24641,670,2692,1,17641,873,7785,1.0,35:48,2015,2016
2015-16,202681,Kyrie Irving,Kyrie,1610612739,CLE,Cleveland Cavaliers,21500833,2016-02-22T00:00:00,CLE vs. DET,L,37.7,6.0,0.0,6.0,8.0,16.0,8.0,10.0,36.0,0.0,1.0,5.0,4.0,42.7,1,13074,13074,13074,1653,878,10158,740,3109,23774,17345,20169,1943,8004,17214,24686,2748,1800,1.0,37:43,2015,2016
2015-16,2743,Kris Humphries,Kris,1610612756,PHX,Phoenix Suns,21500839,2016-02-22T00:00:00,PHX @ LAC,L,11.9,0.0,0.0,2.0,0.0,10.0,5.0,10.0,12.0,0.0,0.0,1.0,1.0,15.4,1,13074,13074,13074,21628,12059,10158,4675,18861,17370,11469,20169,18637,8004,1,4972,12373,15066,1.0,11:55,2015,2016
2015-16,203476,Gorgui Dieng,Gorgui,1610612750,MIN,Minnesota Timberwolves,21500838,2016-02-22T00:00:00,MIN vs. BOS,W,37.0,3.0,2.0,0.0,6.0,14.0,8.0,17.0,38.0,1.0,0.0,1.0,4.0,40.4,1,1,1,1,2088,4307,4731,9917,5299,22292,17345,24967,1422,2692,1,4972,2748,2274,1.0,36:59,2015,2016
2015-16,203110,Draymond Green,Draymond,1610612744,GSW,Golden State Warriors,21500836,2016-02-22T00:00:00,GSW @ ATL,W,38.3,0.0,0.0,2.0,4.0,8.0,9.0,8.0,24.0,1.0,3.0,2.0,1.0,41.3,1,1,1,1,1390,12059,10158,4675,8599,13914,19144,17194,8723,2692,25441,11390,12373,2074,1.0,38:16,2015,2016
2015-16,201599,DeAndre Jordan,DeAndre,1610612746,LAC,LA Clippers,21500839,2016-02-22T00:00:00,LAC vs. PHX,W,26.7,6.0,1.0,2.0,12.0,2.0,1.0,7.0,4.0,4.0,0.0,4.0,7.0,41.7,1,1,1,1,10283,878,9709,4675,988,2619,3393,15538,23698,132,1,22104,469,2002,1.0,26:42,2015,2016
2015-16,1626159,Justise Winslow,Justise,1610612748,MIA,Miami Heat,21500834,2016-02-22T00:00:00,MIA vs. IND,W,39.7,2.0,4.0,4.0,10.0,7.0,11.0,4.0,22.0,0.0,1.0,4.0,5.0,41.4,1,1,1,1,807,6026,1596,1913,1840,12242,21814,8806,10265,8004,17214,22104,1539,2060,1.0,39:44,2015,2016
2015-16,203515,Phil Pressey,Phil,1610612756,PHX,Phoenix Suns,21500839,2016-02-22T00:00:00,PHX @ LAC,L,28.4,0.0,0.0,0.0,4.0,6.0,11.0,7.0,34.0,0.0,0.0,2.0,2.0,20.2,1,13074,13074,13074,8954,12059,10158,9917,8599,10028,21814,15538,2701,8004,1,11390,7786,11610,1.0,28:22,2015,2016
2015-16,202332,Cole Aldrich,Cole,1610612746,LAC,LA Clippers,21500839,2016-02-22T00:00:00,LAC vs. PHX,W,14.3,0.0,4.0,0.0,8.0,8.0,5.0,6.0,16.0,3.0,0.0,2.0,0.0,27.1,1,1,1,1,20248,12059,1596,9917,3109,13914,11469,13388,15259,347,1,11390,18762,7339,1.0,14:15,2015,2016
2015-16,203944,Julius Randle,Julius,1610612747,LAL,Los Angeles Lakers,21500837,2016-02-22T00:00:00,LAL @ MIL,L,26.4,0.0,3.0,0.0,0.0,12.0,7.0,22.0,40.0,1.0,0.0,3.0,3.0,15.9,1,13074,13074,13074,10505,12059,3104,9917,18861,20178,15642,25811,983,2692,1,17641,4736,14675,1.0,26:26,2015,2016
2015-16,203903,Jordan Clarkson,Jordan,1610612747,LAL,Los Angeles Lakers,21500837,2016-02-22T00:00:00,LAL @ MIL,L,24.5,3.0,0.0,2.0,2.0,8.0,7.0,15.0,34.0,0.0,2.0,2.0,2.0,26.1,1,13074,13074,13074,12083,4307,10158,4675,12984,13914,15642,24242,2701,8004,23588,11390,7786,7836,1.0,24:32,2015,2016
2015-16,202498,Lance Thomas,Lance,1610612752,NYK,New York Knicks,21500835,2016-02-22T00:00:00,NYK vs. TOR,L,21.3,0.0,2.0,0.0,2.0,6.0,5.0,4.0,28.0,0.0,2.0,1.0,1.0,11.7,1,13074,13074,13074,14783,12059,4731,9917,12984,10028,11469,8806,5824,8004,23588,4972,12373,17903,1.0,21:18,2015,2016
2015-16,1626273,Marcelo Huertas,Marcelo,1610612747,LAL,Los Angeles Lakers,21500837,2016-02-22T00:00:00,LAL @ MIL,L,12.0,0.0,0.0,0.0,0.0,2.0,2.0,2.0,4.0,0.0,0.0,0.0,0.0,12.3,1,13074,13074,13074,21529,12059,10158,9917,18861,2619,3734,4025,23698,8004,1,1,18762,17524,1.0,12:00,2015,2016
2015-16,1626156,D'Angelo Russell,D'Angelo,1610612747,LAL,Los Angeles Lakers,21500837,2016-02-22T00:00:00,LAL @ MIL,L,29.0,0.0,0.0,0.0,0.0,18.0,7.0,28.0,50.0,0.0,0.0,1.0,1.0,20.0,1,13074,13074,13074,8355,12059,10158,9917,18861,24749,15642,26047,107,8004,1,4972,12373,11752,1.0,29:01,2015,2016
2015-16,202328,Greg Monroe,Greg,1610612749,MIL,Milwaukee Bucks,21500837,2016-02-22T00:00:00,MIL vs. LAL,W,27.4,2.0,0.0,2.0,8.0,7.0,6.0,14.0,16.0,1.0,1.0,1.0,1.0,31.1,1,1,1,1,9678,6026,10158,4675,3109,12242,13237,23710,15259,2692,17214,4972,12373,5354,1.0,27:25,2015,2016
2015-16,203935,Marcus Smart,Marcus,1610612738,BOS,Boston Celtics,21500838,2016-02-22T00:00:00,BOS @ MIN,L,29.3,6.0,6.0,4.0,12.0,10.0,12.0,3.0,32.0,0.0,1.0,5.0,4.0,42.3,1,13074,13074,13074,8109,878,481,1913,988,17370,22832,7328,3535,8004,17214,24686,2748,1877,1.0,29:19,2015,2016
2015-16,203497,Rudy Gobert,Rudy,1610612762,UTA,Utah Jazz,21500832,2016-02-21T00:00:00,UTA @ POR,L,35.8,4.0,4.0,0.0,6.0,19.0,14.0,10.0,36.0,5.0,0.0,2.0,3.0,31.6,1,13074,13074,13074,2890,2460,1596,9917,5299,25074,24300,20169,1943,59,1,11390,4736,5130,1.0,35:49,2015,2016
2015-16,101109,Raymond Felton,Raymond,1610612742,DAL,Dallas Mavericks,21500830,2016-02-21T00:00:00,DAL vs. PHI,W,28.8,2.0,4.0,4.0,4.0,9.0,7.0,5.0,24.0,1.0,0.0,2.0,2.0,26.3,1,1,1,1,8572,6026,1596,1913,8599,15771,15642,11593,8723,2692,1,11390,7786,7733,1.0,28:46,2015,2016
2015-16,203924,Jerami Grant,Jerami,1610612755,PHI,Philadelphia 76ers,21500830,2016-02-21T00:00:00,PHI @ DAL,L,28.8,0.0,0.0,3.0,0.0,17.0,11.0,11.0,22.0,1.0,1.0,2.0,4.0,15.5,1,13074,13074,13074,8531,12059,10158,3302,18861,24337,21814,21342,10265,2692,17214,11390,2748,15004,1.0,28:48,2015,2016
2015-16,2216,Zach Randolph,Zach,1610612763,MEM,Memphis Grizzlies,21500829,2016-02-21T00:00:00,MEM @ TOR,L,35.7,2.0,2.0,0.0,6.0,7.0,12.0,2.0,34.0,0.0,1.0,2.0,3.0,27.2,1,13074,13074,13074,2984,6026,4731,9917,5299,12242,22832,4025,2701,8004,17214,11390,4736,7289,1.0,35:42,2015,2016
2015-16,203138,Hollis Thompson,Hollis,1610612755,PHI,Philadelphia 76ers,21500830,2016-02-21T00:00:00,PHI @ DAL,L,22.2,2.0,0.0,2.0,0.0,14.0,11.0,6.0,20.0,0.0,0.0,4.0,2.0,15.8,1,13074,13074,13074,14051,6026,10158,4675,18861,22292,21814,13388,11929,8004,1,22104,7786,14754,1.0,22:09,2015,2016
2015-16,202335,Patrick Patterson,Patrick,1610612761,TOR,Toronto Raptors,21500829,2016-02-21T00:00:00,TOR vs. MEM,W,30.0,3.0,1.0,0.0,0.0,12.0,6.0,3.0,22.0,0.0,0.0,2.0,3.0,20.6,1,1,1,1,7525,4307,9709,9917,18861,20178,13237,7328,10265,8004,1,11390,4736,11314,1.0,30:01,2015,2016
2015-16,203901,Elfrid Payton,Elfrid,1610612753,ORL,Orlando Magic,21500828,2016-02-21T00:00:00,ORL vs. IND,L,22.9,0.0,0.0,0.0,2.0,7.0,2.0,11.0,24.0,0.0,1.0,3.0,3.0,15.4,1,13074,13074,13074,13493,12059,10158,9917,12984,12242,3734,21342,8723,8004,17214,17641,4736,15066,1.0,22:52,2015,2016
2015-16,1626156,D'Angelo Russell,D'Angelo,1610612747,LAL,Los Angeles Lakers,21500831,2016-02-21T00:00:00,LAL @ CHI,L,34.0,2.0,3.0,3.0,4.0,9.0,9.0,20.0,36.0,0.0,4.0,2.0,1.0,27.4,1,13074,13074,13074,4340,6026,3104,3302,8599,15771,19144,25599,1943,8004,25926,11390,12373,7179,1.0,34:01,2015,2016
2015-16,202683,Enes Freedom,Enes,1610612760,OKC,Oklahoma City Thunder,21500824,2016-02-21T00:00:00,OKC vs. CLE,L,18.1,2.0,1.0,0.0,4.0,8.0,5.0,7.0,18.0,0.0,0.0,2.0,1.0,11.8,1,13074,13074,13074,17477,6026,9709,9917,8599,13914,11469,15538,13577,8004,1,11390,12373,17832,1.0,18:03,2015,2016
2015-16,203943,Noah Vonleh,Noah,1610612757,POR,Portland Trail Blazers,21500832,2016-02-21T00:00:00,POR vs. UTA,W,15.9,0.0,2.0,0.0,2.0,4.0,2.0,1.0,16.0,0.0,2.0,1.0,1.0,11.6,1,1,1,1,19102,12059,4731,9917,12984,6141,3734,3646,15259,8004,23588,4972,12373,17970,1.0,15:55,2015,2016
2015-16,202718,Chandler Parsons,Chandler,1610612742,DAL,Dallas Mavericks,21500830,2016-02-21T00:00:00,DAL vs. PHI,W,27.3,2.0,4.0,4.0,8.0,8.0,11.0,8.0,30.0,1.0,0.0,1.0,5.0,26.8,1,1,1,1,9804,6026,1596,1913,3109,13914,21814,17194,4541,2692,1,4972,1539,7486,1.0,27:15,2015,2016
2015-16,202685,Jonas Valančiūnas,Jonas,1610612761,TOR,Toronto Raptors,21500829,2016-02-21T00:00:00,TOR vs. MEM,W,31.3,0.0,2.0,0.0,8.0,7.0,6.0,3.0,18.0,1.0,0.0,2.0,3.0,30.9,1,1,1,1,6487,12059,4731,9917,3109,12242,13237,7328,13577,2692,1,11390,4736,5452,1.0,31:17,2015,2016
2015-16,201596,Mario Chalmers,Mario,1610612763,MEM,Memphis Grizzlies,21500829,2016-02-21T00:00:00,MEM @ TOR,L,18.7,4.0,4.0,1.0,8.0,8.0,3.0,1.0,12.0,0.0,0.0,4.0,5.0,26.8,1,13074,13074,13074,16970,2460,1596,9347,3109,13914,7138,3646,18637,8004,1,22104,1539,7486,1.0,18:40,2015,2016
2015-16,202714,Shelvin Mack,Shelvin,1610612762,UTA,Utah Jazz,21500832,2016-02-21T00:00:00,UTA @ POR,L,24.5,5.0,0.0,1.0,12.0,0.0,10.0,2.0,26.0,1.0,0.0,5.0,1.0,30.6,1,13074,13074,13074,12133,1603,10158,9347,988,1,20509,4025,7214,2692,1,24686,12373,5574,1.0,24:29,2015,2016
2015-16,203477,Isaiah Canaan,Isaiah,1610612755,PHI,Philadelphia 76ers,21500830,2016-02-21T00:00:00,PHI @ DAL,L,26.8,4.0,0.0,5.0,6.0,19.0,10.0,11.0,28.0,0.0,1.0,4.0,0.0,15.7,1,13074,13074,13074,10184,2460,10158,1277,5299,25074,20509,21342,5824,8004,17214,22104,18762,14841,1.0,26:48,2015,2016
2015-16,202331,Paul George,Paul,1610612754,IND,Indiana Pacers,21500828,2016-02-21T00:00:00,IND @ ORL,W,36.4,3.0,0.0,6.0,10.0,12.0,4.0,10.0,28.0,0.0,0.0,5.0,8.0,30.8,1,1,1,1,2467,4307,10158,740,1840,20178,8458,20169,5824,8004,1,24686,254,5493,1.0,36:25,2015,2016
2015-16,2446,Rasual Butler,Rasual,1610612759,SAS,San Antonio Spurs,21500826,2016-02-21T00:00:00,SAS @ PHX,W,25.8,4.0,2.0,5.0,8.0,4.0,6.0,8.0,22.0,1.0,0.0,1.0,2.0,30.2,1,1,1,1,11045,2460,4731,1277,3109,6141,13237,17194,10265,2692,1,4972,7786,5751,1.0,25:46,2015,2016
2015-16,203468,CJ McCollum,CJ,1610612757,POR,Portland Trail Blazers,21500832,2016-02-21T00:00:00,POR vs. UTA,W,37.3,8.0,2.0,3.0,10.0,10.0,10.0,2.0,44.0,1.0,1.0,3.0,4.0,41.7,1,1,1,1,1925,308,4731,3302,1840,17370,20509,4025,454,2692,17214,17641,2748,2002,1.0,37:15,2015,2016
2015-16,1626143,Jahlil Okafor,Jahlil,1610612755,PHI,Philadelphia 76ers,21500830,2016-02-21T00:00:00,PHI @ DAL,L,31.7,5.0,7.0,3.0,22.0,18.0,12.0,11.0,28.0,1.0,0.0,4.0,6.0,43.1,1,13074,13074,13074,6142,1603,292,3302,25,24749,22832,21342,5824,2692,1,22104,873,1713,1.0,31:42,2015,2016
2015-16,203115,Will Barton,Will,1610612743,DEN,Denver Nuggets,21500825,2016-02-21T00:00:00,DEN vs. BOS,L,31.1,4.0,0.0,1.0,2.0,18.0,10.0,13.0,46.0,1.0,0.0,2.0,5.0,26.5,1,13074,13074,13074,6616,2460,10158,9347,12984,24749,20509,23048,298,2692,1,11390,1539,7627,1.0,31:08,2015,2016
2015-16,202330,Gordon Hayward,Gordon,1610612762,UTA,Utah Jazz,21500832,2016-02-21T00:00:00,UTA @ POR,L,37.7,4.0,0.0,0.0,6.0,17.0,19.0,5.0,36.0,0.0,2.0,4.0,9.0,41.5,1,13074,13074,13074,1637,2460,10158,9917,5299,24337,25786,11593,1943,8004,23588,22104,138,2038,1.0,37:44,2015,2016
2015-16,203187,Chris Johnson,Chris,1610612762,UTA,Utah Jazz,21500832,2016-02-21T00:00:00,UTA @ POR,L,18.6,2.0,2.0,0.0,2.0,2.0,13.0,5.0,20.0,1.0,0.0,2.0,0.0,15.4,1,13074,13074,13074,17007,6026,4731,9917,12984,2619,23668,11593,11929,2692,1,11390,18762,15066,1.0,18:37,2015,2016
2015-16,101138,Brandon Bass,Brandon,1610612747,LAL,Los Angeles Lakers,21500831,2016-02-21T00:00:00,LAL @ CHI,L,26.9,4.0,2.0,0.0,6.0,8.0,6.0,6.0,16.0,2.0,0.0,2.0,4.0,30.9,1,13074,13074,13074,10141,2460,4731,9917,5299,13914,13237,13388,15259,932,1,11390,2748,5452,1.0,26:51,2015,2016
2015-16,201941,Jordan Hill,Jordan,1610612754,IND,Indiana Pacers,21500828,2016-02-21T00:00:00,IND @ ORL,W,16.4,0.0,2.0,0.0,8.0,14.0,4.0,0.0,20.0,0.0,0.0,3.0,1.0,27.0,1,1,1,1,18699,12059,4731,9917,3109,22292,8458,1,11929,8004,1,17641,12373,7385,1.0,16:26,2015,2016
2015-16,203092,Tyler Zeller,Tyler,1610612738,BOS,Boston Celtics,21500825,2016-02-21T00:00:00,BOS @ DEN,W,15.3,1.0,2.0,0.0,8.0,6.0,4.0,3.0,14.0,0.0,1.0,4.0,3.0,15.8,1,1,1,1,19530,11535,4731,9917,3109,10028,8458,7328,17019,8004,17214,22104,4736,14754,1.0,15:21,2015,2016
2015-16,202344,Trevor Booker,Trevor,1610612762,UTA,Utah Jazz,21500832,2016-02-21T00:00:00,UTA @ POR,L,21.2,0.0,0.0,1.0,6.0,2.0,16.0,7.0,28.0,0.0,0.0,1.0,2.0,20.0,1,13074,13074,13074,14876,12059,10158,9347,5299,2619,25155,15538,5824,8004,1,4972,7786,11752,1.0,21:13,2015,2016
2015-16,202720,Jon Leuer,Jon,1610612756,PHX,Phoenix Suns,21500826,2016-02-21T00:00:00,PHX vs. SAS,L,18.4,2.0,0.0,2.0,8.0,2.0,10.0,4.0,18.0,1.0,0.0,1.0,2.0,30.4,1,13074,13074,13074,17197,6026,10158,4675,3109,2619,20509,8806,13577,2692,1,4972,7786,5661,1.0,18:23,2015,2016
2015-16,201988,Patty Mills,Patty,1610612759,SAS,San Antonio Spurs,21500826,2016-02-21T00:00:00,SAS @ PHX,W,22.8,0.0,6.0,0.0,0.0,4.0,6.0,5.0,24.0,0.0,1.0,3.0,4.0,31.1,1,1,1,1,13537,12059,481,9917,18861,6141,13237,11593,8723,8004,17214,17641,2748,5354,1.0,22:47,2015,2016
2015-16,201142,Kevin Durant,Kevin,1610612760,OKC,Oklahoma City Thunder,21500824,2016-02-21T00:00:00,OKC vs. CLE,L,33.4,4.0,7.0,7.0,12.0,10.0,8.0,11.0,36.0,3.0,0.0,4.0,3.0,42.5,1,13074,13074,13074,4850,2460,292,454,988,17370,17345,21342,1943,347,1,22104,4736,1841,1.0,33:21,2015,2016
2015-16,201945,Gerald Henderson,Gerald,1610612757,POR,Portland Trail Blazers,21500832,2016-02-21T00:00:00,POR vs. UTA,W,21.7,0.0,2.0,2.0,2.0,14.0,8.0,1.0,30.0,0.0,1.0,3.0,1.0,12.3,1,1,1,1,14446,12059,4731,4675,12984,22292,17345,3646,4541,8004,17214,17641,12373,17524,1.0,21:41,2015,2016
2015-16,1713,Vince Carter,Vince,1610612763,MEM,Memphis Grizzlies,21500829,2016-02-21T00:00:00,MEM @ TOR,L,30.8,0.0,0.0,3.0,2.0,8.0,5.0,1.0,22.0,0.0,0.0,3.0,3.0,30.9,1,13074,13074,13074,6906,12059,10158,3302,12984,13914,11469,3646,10265,8004,1,17641,4736,5452,1.0,30:47,2015,2016
2015-16,2225,Tony Parker,Tony,1610612759,SAS,San Antonio Spurs,21500826,2016-02-21T00:00:00,SAS @ PHX,W,27.3,2.0,3.0,6.0,12.0,0.0,14.0,5.0,34.0,0.0,2.0,4.0,4.0,30.4,1,1,1,1,9759,6026,3104,740,988,1,24300,11593,2701,8004,23588,22104,2748,5661,1.0,27:19,2015,2016
2015-16,2440,Matt Barnes,Matt,1610612763,MEM,Memphis Grizzlies,21500829,2016-02-21T00:00:00,MEM @ TOR,L,31.3,0.0,0.0,0.0,0.0,2.0,11.0,2.0,28.0,2.0,0.0,5.0,1.0,15.4,1,13074,13074,13074,6439,12059,10158,9917,18861,2619,21814,4025,5824,932,1,24686,12373,15066,1.0,31:20,2015,2016
2015-16,202687,Bismack Biyombo,Bismack,1610612761,TOR,Toronto Raptors,21500829,2016-02-21T00:00:00,TOR vs. MEM,W,16.7,2.0,2.0,0.0,2.0,10.0,4.0,3.0,14.0,1.0,0.0,4.0,2.0,19.8,1,1,1,1,18488,6026,4731,9917,12984,17370,8458,7328,17019,2692,1,22104,7786,11883,1.0,16:43,2015,2016
2015-16,2561,David West,David,1610612759,SAS,San Antonio Spurs,21500826,2016-02-21T00:00:00,SAS @ PHX,W,13.7,2.0,0.0,0.0,2.0,4.0,2.0,5.0,22.0,1.0,1.0,0.0,2.0,20.6,1,1,1,1,20581,6026,10158,9917,12984,6141,3734,11593,10265,2692,17214,1,7786,11314,1.0,13:43,2015,2016
2015-16,1626144,Emmanuel Mudiay,Emmanuel,1610612743,DEN,Denver Nuggets,21500825,2016-02-21T00:00:00,DEN vs. BOS,L,30.6,2.0,0.0,2.0,4.0,18.0,6.0,19.0,30.0,0.0,0.0,3.0,3.0,30.5,1,13074,13074,13074,7036,6026,10158,4675,8599,24749,13237,25435,4541,8004,1,17641,4736,5620,1.0,30:35,2015,2016
2015-16,202388,Donald Sloan,Donald,1610612751,BKN,Brooklyn Nets,21500827,2016-02-21T00:00:00,BKN vs. CHA,L,30.5,2.0,0.0,0.0,2.0,18.0,4.0,4.0,18.0,0.0,0.0,2.0,2.0,15.4,1,13074,13074,13074,7126,6026,10158,9917,12984,24749,8458,8806,13577,8004,1,11390,7786,15066,1.0,30:28,2015,2016
2015-16,203462,Archie Goodwin,Archie,1610612756,PHX,Phoenix Suns,21500826,2016-02-21T00:00:00,PHX vs. SAS,L,24.0,0.0,6.0,0.0,8.0,8.0,10.0,7.0,26.0,0.0,3.0,2.0,4.0,21.9,1,13074,13074,13074,12584,12059,481,9917,3109,13914,20509,15538,7214,8004,25441,11390,2748,10460,1.0,23:59,2015,2016
2015-16,2564,Boris Diaw,Boris,1610612759,SAS,San Antonio Spurs,21500826,2016-02-21T00:00:00,SAS @ PHX,W,23.1,2.0,0.0,0.0,6.0,4.0,8.0,7.0,32.0,2.0,1.0,1.0,2.0,22.6,1,1,1,1,13265,6026,10158,9917,5299,6141,17345,15538,3535,932,17214,4972,7786,10000,1.0,23:08,2015,2016
2015-16,201942,DeMar DeRozan,DeMar,1610612761,TOR,Toronto Raptors,21500829,2016-02-21T00:00:00,TOR vs. MEM,W,36.1,0.0,5.0,0.0,10.0,10.0,8.0,4.0,22.0,0.0,2.0,4.0,6.0,27.5,1,1,1,1,2697,12059,995,9917,1840,17370,17345,8806,10265,8004,23588,22104,873,7137,1.0,36:04,2015,2016
2015-16,202340,Avery Bradley,Avery,1610612738,BOS,Boston Celtics,21500825,2016-02-21T00:00:00,BOS @ DEN,W,32.2,7.0,0.0,4.0,6.0,13.0,7.0,15.0,30.0,0.0,1.0,2.0,1.0,21.9,1,1,1,1,5745,548,10158,1913,5299,21300,15642,24242,4541,8004,17214,11390,12373,10460,1.0,32:11,2015,2016
2015-16,1626167,Myles Turner,Myles,1610612754,IND,Indiana Pacers,21500828,2016-02-21T00:00:00,IND @ ORL,W,30.7,0.0,0.0,0.0,2.0,6.0,2.0,10.0,22.0,3.0,1.0,4.0,2.0,33.1,1,1,1,1,6950,12059,10158,9917,12984,10028,3734,20169,10265,347,17214,22104,7786,4505,1.0,30:42,2015,2016
2015-16,203932,Aaron Gordon,Aaron,1610612753,ORL,Orlando Magic,21500828,2016-02-21T00:00:00,ORL vs. IND,L,29.6,2.0,0.0,4.0,6.0,10.0,0.0,12.0,26.0,0.0,1.0,3.0,1.0,32.2,1,13074,13074,13074,7866,6026,10158,1913,5299,17370,1,22259,7214,8004,17214,17641,12373,4846,1.0,29:37,2015,2016
2015-16,1626166,Cameron Payne,Cameron,1610612760,OKC,Oklahoma City Thunder,21500824,2016-02-21T00:00:00,OKC vs. CLE,L,9.8,2.0,0.0,2.0,2.0,2.0,0.0,4.0,6.0,0.0,0.0,0.0,1.0,13.7,1,13074,13074,13074,22537,6026,10158,4675,12984,2619,1,8806,22724,8004,1,1,12373,16393,1.0,9:46,2015,2016
2015-16,202083,Wesley Matthews,Wesley,1610612742,DAL,Dallas Mavericks,21500830,2016-02-21T00:00:00,DAL vs. PHI,W,27.3,11.0,3.0,0.0,0.0,8.0,11.0,8.0,30.0,0.0,0.0,1.0,2.0,27.6,1,1,1,1,9804,55,3104,9917,18861,13914,21814,17194,4541,8004,1,4972,7786,7080,1.0,27:15,2015,2016
2015-16,101133,Ian Mahinmi,Ian,1610612754,IND,Indiana Pacers,21500828,2016-02-21T00:00:00,IND @ ORL,W,31.6,2.0,0.0,1.0,12.0,6.0,2.0,10.0,22.0,1.0,0.0,2.0,2.0,32.8,1,1,1,1,6254,6026,10158,9347,988,10028,3734,20169,10265,2692,1,11390,7786,4609,1.0,31:34,2015,2016
2015-16,202389,Timofey Mozgov,Timofey,1610612739,CLE,Cleveland Cavaliers,21500824,2016-02-21T00:00:00,CLE @ OKC,W,17.6,0.0,0.0,0.0,8.0,6.0,7.0,7.0,16.0,0.0,1.0,5.0,2.0,14.0,1,1,1,1,17816,12059,10158,9917,3109,10028,15642,15538,15259,8004,17214,24686,7786,16166,1.0,17:37,2015,2016
2015-16,1626204,Larry Nance Jr.,Larry,1610612747,LAL,Los Angeles Lakers,21500831,2016-02-21T00:00:00,LAL @ CHI,L,15.8,2.0,1.0,2.0,2.0,8.0,2.0,2.0,12.0,1.0,0.0,2.0,1.0,13.8,1,13074,13074,13074,19189,6026,9709,4675,12984,13914,3734,4025,18637,2692,1,11390,12373,16311,1.0,15:49,2015,2016
2015-16,201565,Derrick Rose,Derrick,1610612741,CHI,Chicago Bulls,21500831,2016-02-21T00:00:00,CHI vs. LAL,W,30.8,2.0,4.0,6.0,10.0,11.0,21.0,11.0,30.0,0.0,0.0,2.0,6.0,39.4,1,1,1,1,6881,6026,1596,740,1840,18886,25962,21342,4541,8004,1,11390,873,2530,1.0,30:49,2015,2016
2015-16,204456,T.J. McConnell,T.J.,1610612755,PHI,Philadelphia 76ers,21500830,2016-02-21T00:00:00,PHI @ DAL,L,16.1,2.0,0.0,0.0,2.0,6.0,3.0,5.0,8.0,0.0,0.0,3.0,1.0,22.2,1,13074,13074,13074,18988,6026,10158,9917,12984,10028,7138,11593,21543,8004,1,17641,12373,10263,1.0,16:04,2015,2016
2015-16,203081,Damian Lillard,Damian,1610612757,POR,Portland Trail Blazers,21500832,2016-02-21T00:00:00,POR vs. UTA,W,37.4,9.0,2.0,3.0,10.0,19.0,14.0,1.0,52.0,0.0,1.0,2.0,6.0,39.3,1,1,1,1,1860,171,4731,3302,1840,25074,24300,3646,59,8004,17214,11390,873,2563,1.0,37:21,2015,2016
2015-16,200746,LaMarcus Aldridge,LaMarcus,1610612759,SAS,San Antonio Spurs,21500826,2016-02-21T00:00:00,SAS @ PHX,W,34.3,4.0,2.0,2.0,10.0,0.0,16.0,5.0,34.0,1.0,0.0,4.0,3.0,37.5,1,1,1,1,4119,2460,4731,4675,1840,1,25155,11593,2701,2692,1,22104,4736,3050,1.0,34:16,2015,2016
2015-16,203903,Jordan Clarkson,Jordan,1610612747,LAL,Los Angeles Lakers,21500831,2016-02-21T00:00:00,LAL @ CHI,L,36.9,7.0,4.0,2.0,8.0,13.0,11.0,14.0,34.0,0.0,0.0,4.0,3.0,38.8,1,13074,13074,13074,2154,548,1596,4675,3109,21300,21814,23710,2701,8004,1,22104,4736,2692,1.0,36:53,2015,2016
2015-16,203484,Kentavious Caldwell-Pope,Kentavious,1610612765,DET,Detroit Pistons,21500823,2016-02-21T00:00:00,DET vs. NOP,L,34.1,0.0,0.0,0.0,4.0,8.0,12.0,3.0,44.0,0.0,0.0,3.0,3.0,27.6,1,13074,13074,13074,4239,12059,10158,9917,8599,13914,22832,7328,454,8004,1,17641,4736,7080,1.0,34:08,2015,2016
2015-16,202699,Tobias Harris,Tobias,1610612765,DET,Detroit Pistons,21500823,2016-02-21T00:00:00,DET vs. NOP,L,35.4,1.0,0.0,0.0,4.0,8.0,16.0,6.0,32.0,2.0,1.0,3.0,2.0,33.0,1,13074,13074,13074,3249,11535,10158,9917,8599,13914,25155,13388,3535,932,17214,17641,7786,4537,1.0,35:22,2015,2016
2015-16,101150,Lou Williams,Lou,1610612747,LAL,Los Angeles Lakers,21500831,2016-02-21T00:00:00,LAL @ CHI,L,25.1,0.0,0.0,5.0,4.0,8.0,6.0,6.0,22.0,0.0,0.0,0.0,3.0,16.9,1,13074,13074,13074,11594,12059,10158,1277,8599,13914,13237,13388,10265,8004,1,1,4736,13911,1.0,25:06,2015,2016
2015-16,201160,Jason Smith,Jason,1610612753,ORL,Orlando Magic,21500828,2016-02-21T00:00:00,ORL vs. IND,L,12.5,2.0,0.0,0.0,2.0,2.0,0.0,0.0,14.0,1.0,0.0,1.0,1.0,17.3,1,13074,13074,13074,21270,6026,10158,9917,12984,2619,1,1,17019,2692,1,4972,12373,13671,1.0,12:31,2015,2016
2015-16,201588,George Hill,George,1610612754,IND,Indiana Pacers,21500828,2016-02-21T00:00:00,IND @ ORL,W,34.2,3.0,0.0,5.0,4.0,6.0,2.0,10.0,22.0,1.0,1.0,1.0,4.0,32.9,1,1,1,1,4226,4307,10158,1277,8599,10028,3734,20169,10265,2692,17214,4972,2748,4566,1.0,34:09,2015,2016
2015-16,1626214,Bryce Dejean-Jones,Bryce,1610612740,NOP,New Orleans Pelicans,21500823,2016-02-21T00:00:00,NOP @ DET,W,20.7,0.0,0.0,0.0,2.0,6.0,9.0,8.0,22.0,0.0,0.0,2.0,1.0,13.6,1,1,1,1,15345,12059,10158,9917,12984,10028,19144,17194,10265,8004,1,11390,12373,16460,1.0,20:39,2015,2016
2015-16,202696,Nikola Vučević,Nikola,1610612753,ORL,Orlando Magic,21500828,2016-02-21T00:00:00,ORL vs. IND,L,35.5,2.0,2.0,0.0,8.0,8.0,8.0,12.0,32.0,0.0,1.0,4.0,3.0,32.6,1,13074,13074,13074,3147,6026,4731,9917,3109,13914,17345,22259,3535,8004,17214,22104,4736,4687,1.0,35:29,2015,2016
2015-16,977,Kobe Bryant,Kobe,1610612747,LAL,Los Angeles Lakers,21500831,2016-02-21T00:00:00,LAL @ CHI,L,27.4,0.0,6.0,2.0,2.0,8.0,11.0,12.0,30.0,0.0,0.0,1.0,5.0,28.3,1,13074,13074,13074,9658,12059,481,4675,12984,13914,21814,22259,4541,8004,1,4972,1539,6720,1.0,27:27,2015,2016
2015-16,202334,Ed Davis,Ed,1610612757,POR,Portland Trail Blazers,21500832,2016-02-21T00:00:00,POR vs. UTA,W,18.6,2.0,4.0,0.0,8.0,12.0,6.0,1.0,28.0,1.0,0.0,3.0,3.0,22.5,1,1,1,1,17001,6026,1596,9917,3109,20178,13237,3646,5824,2692,1,17641,4736,10082,1.0,18:37,2015,2016
2015-16,200782,P.J. Tucker,P.J.,1610612756,PHX,Phoenix Suns,21500826,2016-02-21T00:00:00,PHX vs. SAS,L,30.4,0.0,0.0,0.0,4.0,15.0,5.0,11.0,30.0,0.0,1.0,2.0,1.0,17.5,1,13074,13074,13074,7155,12059,10158,9917,8599,23079,11469,21342,4541,8004,17214,11390,12373,13528,1.0,30:26,2015,2016
2015-16,203500,Steven Adams,Steven,1610612760,OKC,Oklahoma City Thunder,21500824,2016-02-21T00:00:00,OKC vs. CLE,L,28.5,0.0,0.0,0.0,8.0,4.0,6.0,8.0,26.0,2.0,0.0,4.0,5.0,28.3,1,13074,13074,13074,8865,12059,10158,9917,3109,6141,13237,17194,7214,932,1,22104,1539,6720,1.0,28:27,2015,2016
2015-16,1626171,Bobby Portis,Bobby,1610612741,CHI,Chicago Bulls,21500831,2016-02-21T00:00:00,CHI vs. LAL,W,25.3,3.0,0.0,2.0,4.0,13.0,8.0,12.0,30.0,0.0,0.0,5.0,1.0,27.9,1,1,1,1,11420,4307,10158,4675,8599,21300,17345,22259,4541,8004,1,24686,12373,6914,1.0,25:20,2015,2016
2015-16,202709,Cory Joseph,Cory,1610612761,TOR,Toronto Raptors,21500829,2016-02-21T00:00:00,TOR vs. MEM,W,25.9,2.0,0.0,0.0,2.0,13.0,6.0,6.0,20.0,0.0,0.0,3.0,3.0,16.8,1,1,1,1,10939,6026,10158,9917,12984,21300,13237,13388,11929,8004,1,17641,4736,13996,1.0,25:53,2015,2016
2015-16,1626257,Salah Mejri,Salah,1610612742,DAL,Dallas Mavericks,21500830,2016-02-21T00:00:00,DAL vs. PHI,W,14.5,0.0,0.0,0.0,4.0,0.0,2.0,1.0,8.0,1.0,2.0,3.0,0.0,17.2,1,1,1,1,20126,12059,10158,9917,8599,1,3734,3646,21543,2692,23588,17641,18762,13725,1.0,14:28,2015,2016
2015-16,2734,Devin Harris,Devin,1610612742,DAL,Dallas Mavericks,21500830,2016-02-21T00:00:00,DAL vs. PHI,W,17.4,2.0,0.0,1.0,2.0,8.0,0.0,6.0,14.0,0.0,0.0,1.0,3.0,13.6,1,1,1,1,18004,6026,10158,9347,12984,13914,1,13388,17019,8004,1,4972,4736,16460,1.0,17:21,2015,2016
2015-16,201943,Brandon Jennings,Brandon,1610612753,ORL,Orlando Magic,21500828,2016-02-21T00:00:00,ORL vs. IND,L,25.1,2.0,2.0,0.0,4.0,3.0,6.0,1.0,22.0,0.0,0.0,2.0,4.0,28.3,1,13074,13074,13074,11571,6026,4731,9917,8599,5109,13237,3646,10265,8004,1,11390,2748,6720,1.0,25:09,2015,2016
2015-16,202329,Al-Farouq Aminu,Al-Farouq,1610612757,POR,Portland Trail Blazers,21500832,2016-02-21T00:00:00,POR vs. UTA,W,28.1,0.0,0.0,0.0,2.0,9.0,8.0,1.0,36.0,2.0,0.0,2.0,2.0,22.7,1,1,1,1,9140,12059,10158,9917,12984,15771,17345,3646,1943,932,1,11390,7786,9938,1.0,28:07,2015,2016
2015-16,1717,Dirk Nowitzki,Dirk,1610612742,DAL,Dallas Mavericks,21500830,2016-02-21T00:00:00,DAL vs. PHI,W,26.9,3.0,3.0,3.0,0.0,11.0,5.0,8.0,24.0,0.0,0.0,3.0,2.0,32.4,1,1,1,1,10141,4307,3104,3302,18861,18886,11469,17194,8723,8004,1,17641,7786,4768,1.0,26:51,2015,2016
2015-16,201950,Jrue Holiday,Jrue,1610612740,NOP,New Orleans Pelicans,21500823,2016-02-21T00:00:00,NOP @ DET,W,32.3,0.0,6.0,4.0,8.0,3.0,9.0,0.0,22.0,0.0,1.0,3.0,6.0,36.9,1,1,1,1,5650,12059,481,1913,3109,5109,19144,1,10265,8004,17214,17641,873,3210,1.0,32:18,2015,2016
2015-16,203458,Alex Len,Alex,1610612756,PHX,Phoenix Suns,21500826,2016-02-21T00:00:00,PHX vs. SAS,L,24.4,0.0,8.0,0.0,12.0,11.0,5.0,9.0,24.0,0.0,1.0,3.0,3.0,35.6,1,13074,13074,13074,12171,12059,137,9917,988,18886,11469,18829,8723,8004,17214,17641,4736,3615,1.0,24:27,2015,2016
2015-16,201587,Nicolas Batum,Nicolas,1610612766,CHA,Charlotte Hornets,21500827,2016-02-21T00:00:00,CHA @ BKN,W,37.5,4.0,3.0,0.0,0.0,14.0,7.0,7.0,42.0,0.0,0.0,2.0,3.0,35.4,1,1,1,1,1761,2460,3104,9917,18861,22292,15642,15538,670,8004,1,11390,4736,3684,1.0,37:30,2015,2016
2015-16,203109,Jae Crowder,Jae,1610612738,BOS,Boston Celtics,21500825,2016-02-21T00:00:00,BOS @ DEN,W,30.5,4.0,0.0,7.0,6.0,2.0,3.0,12.0,30.0,0.0,0.0,2.0,6.0,29.3,1,1,1,1,7072,2460,10158,454,5299,2619,7138,22259,4541,8004,1,11390,873,6202,1.0,30:33,2015,2016
2015-16,203095,Evan Fournier,Evan,1610612753,ORL,Orlando Magic,21500828,2016-02-21T00:00:00,ORL vs. IND,L,34.2,2.0,0.0,3.0,10.0,10.0,3.0,10.0,32.0,0.0,1.0,5.0,5.0,29.2,1,13074,13074,13074,4205,6026,10158,3302,1840,17370,7138,20169,3535,8004,17214,24686,1539,6243,1.0,34:11,2015,2016
2015-16,202704,Reggie Jackson,Reggie,1610612765,DET,Detroit Pistons,21500823,2016-02-21T00:00:00,DET vs. NOP,L,31.2,4.0,4.0,7.0,8.0,6.0,6.0,3.0,34.0,0.0,1.0,4.0,4.0,43.8,1,13074,13074,13074,6549,2460,1596,454,3109,10028,13237,7328,2701,8004,17214,22104,2748,1587,1.0,31:13,2015,2016
2015-16,202689,Kemba Walker,Kemba,1610612766,CHA,Charlotte Hornets,21500827,2016-02-21T00:00:00,CHA @ BKN,W,38.8,13.0,0.0,2.0,8.0,16.0,10.0,6.0,44.0,0.0,0.0,2.0,3.0,36.9,1,1,1,1,1142,13,10158,4675,3109,23774,20509,13388,454,8004,1,11390,4736,3210,1.0,38:48,2015,2016
2015-16,203096,Jared Sullinger,Jared,1610612738,BOS,Boston Celtics,21500825,2016-02-21T00:00:00,BOS @ DEN,W,23.2,4.0,6.0,0.0,10.0,2.0,3.0,10.0,24.0,0.0,0.0,3.0,2.0,35.7,1,1,1,1,13244,2460,481,9917,1840,2619,7138,20169,8723,8004,1,17641,7786,3578,1.0,23:09,2015,2016
2015-16,2207,Joe Johnson,Joe,1610612751,BKN,Brooklyn Nets,21500827,2016-02-21T00:00:00,BKN vs. CHA,L,32.6,2.0,0.0,2.0,6.0,18.0,7.0,4.0,20.0,0.0,0.0,1.0,6.0,29.1,1,13074,13074,13074,5398,6026,10158,4675,5299,24749,15642,8806,11929,8004,1,4972,873,6285,1.0,32:38,2015,2016
2015-16,203944,Julius Randle,Julius,1610612747,LAL,Los Angeles Lakers,21500831,2016-02-21T00:00:00,LAL @ CHI,L,32.2,0.0,4.0,0.0,20.0,7.0,11.0,18.0,34.0,0.0,1.0,4.0,4.0,35.4,1,13074,13074,13074,5728,12059,1596,9917,59,12242,21814,25228,2701,8004,17214,22104,2748,3684,1.0,32:11,2015,2016
2015-16,203939,Dwight Powell,Dwight,1610612742,DAL,Dallas Mavericks,21500830,2016-02-21T00:00:00,DAL vs. PHI,W,9.8,2.0,2.0,0.0,2.0,6.0,2.0,4.0,10.0,0.0,0.0,1.0,4.0,7.4,1,1,1,1,22534,6026,4731,9917,12984,10028,3734,8806,20209,8004,1,4972,2748,20912,1.0,9:47,2015,2016
2015-16,101114,Deron Williams,Deron,1610612742,DAL,Dallas Mavericks,21500830,2016-02-21T00:00:00,DAL vs. PHI,W,27.5,2.0,0.0,4.0,6.0,8.0,11.0,8.0,30.0,0.0,0.0,2.0,4.0,29.6,1,1,1,1,9648,6026,10158,1913,5299,13914,21814,17194,4541,8004,1,11390,2748,6050,1.0,27:27,2015,2016
2015-16,201586,Serge Ibaka,Serge,1610612760,OKC,Oklahoma City Thunder,21500824,2016-02-21T00:00:00,OKC vs. CLE,L,30.7,0.0,4.0,0.0,8.0,8.0,9.0,11.0,30.0,2.0,0.0,3.0,1.0,29.1,1,13074,13074,13074,6988,12059,1596,9917,3109,13914,19144,21342,4541,932,1,17641,12373,6285,1.0,30:39,2015,2016
2015-16,202362,Lance Stephenson,Lance,1610612763,MEM,Memphis Grizzlies,21500829,2016-02-21T00:00:00,MEM @ TOR,L,22.4,8.0,2.0,2.0,8.0,11.0,3.0,1.0,16.0,0.0,0.0,1.0,2.0,24.6,1,13074,13074,13074,13866,308,4731,4675,3109,18886,7138,3646,15259,8004,1,4972,7786,8724,1.0,22:22,2015,2016
2015-16,201568,Danilo Gallinari,Danilo,1610612743,DEN,Denver Nuggets,21500825,2016-02-21T00:00:00,DEN vs. BOS,L,31.4,0.0,0.0,2.0,6.0,20.0,6.0,22.0,36.0,0.0,1.0,2.0,6.0,24.6,1,13074,13074,13074,6418,12059,10158,4675,5299,25338,13237,25811,1943,8004,17214,11390,873,8724,1.0,31:21,2015,2016
2015-16,203918,Rodney Hood,Rodney,1610612762,UTA,Utah Jazz,21500832,2016-02-21T00:00:00,UTA @ POR,L,32.9,0.0,0.0,0.0,10.0,17.0,14.0,8.0,30.0,0.0,2.0,3.0,1.0,24.6,1,13074,13074,13074,5194,12059,10158,9917,1840,24337,24300,17194,4541,8004,23588,17641,12373,8724,1.0,32:56,2015,2016
2015-16,202734,E'Twaun Moore,E'Twaun,1610612741,CHI,Chicago Bulls,21500831,2016-02-21T00:00:00,CHI vs. LAL,W,41.4,7.0,3.0,6.0,12.0,15.0,23.0,14.0,42.0,1.0,2.0,1.0,1.0,35.3,1,1,1,1,418,548,3104,740,988,23079,26017,23710,670,2692,23588,4972,12373,3719,1.0,41:21,2015,2016
2015-16,201572,Brook Lopez,Brook,1610612751,BKN,Brooklyn Nets,21500827,2016-02-21T00:00:00,BKN vs. CHA,L,31.9,2.0,4.0,0.0,10.0,16.0,6.0,4.0,22.0,2.0,0.0,3.0,3.0,47.0,1,13074,13074,13074,5962,6026,1596,9917,1840,23774,13237,8806,10265,932,1,17641,4736,1078,1.0,31:56,2015,2016
2015-16,2544,LeBron James,LeBron,1610612739,CLE,Cleveland Cavaliers,21500824,2016-02-21T00:00:00,CLE @ OKC,W,37.5,0.0,2.0,2.0,12.0,8.0,13.0,19.0,44.0,0.0,0.0,3.0,1.0,53.9,1,1,1,1,1762,12059,4731,4675,988,13914,23668,25435,454,8004,1,17641,12373,459,1.0,37:30,2015,2016
2015-16,202684,Tristan Thompson,Tristan,1610612739,CLE,Cleveland Cavaliers,21500824,2016-02-21T00:00:00,CLE @ OKC,W,36.0,0.0,2.0,2.0,8.0,6.0,13.0,15.0,40.0,1.0,2.0,2.0,5.0,35.3,1,1,1,1,2796,12059,4731,4675,3109,10028,23668,24242,983,2692,23588,11390,1539,3719,1.0,35:57,2015,2016
2015-16,201567,Kevin Love,Kevin,1610612739,CLE,Cleveland Cavaliers,21500824,2016-02-21T00:00:00,CLE @ OKC,W,37.7,10.0,4.0,4.0,10.0,6.0,16.0,16.0,40.0,0.0,2.0,0.0,9.0,48.2,1,1,1,1,1673,99,1596,1913,1840,10028,25155,24641,983,8004,23588,1,138,941,1.0,37:39,2015,2016
2015-16,203999,Nikola Jokić,Nikola,1610612743,DEN,Denver Nuggets,21500825,2016-02-21T00:00:00,DEN vs. BOS,L,30.2,3.0,5.0,0.0,18.0,19.0,4.0,19.0,32.0,0.0,0.0,4.0,2.0,46.6,1,13074,13074,13074,7348,4307,995,9917,131,25074,8458,25435,3535,8004,1,22104,7786,1122,1.0,30:13,2015,2016
2015-16,2744,Al Jefferson,Al,1610612766,CHA,Charlotte Hornets,21500827,2016-02-21T00:00:00,CHA @ BKN,W,24.1,0.0,0.0,0.0,8.0,8.0,7.0,5.0,24.0,0.0,1.0,3.0,0.0,24.4,1,1,1,1,12470,12059,10158,9917,3109,13914,15642,11593,8723,8004,17214,17641,18762,8867,1.0,24:05,2015,2016
2015-16,203090,Maurice Harkless,Maurice,1610612757,POR,Portland Trail Blazers,21500832,2016-02-21T00:00:00,POR vs. UTA,W,25.1,0.0,7.0,0.0,8.0,8.0,8.0,1.0,34.0,0.0,1.0,1.0,5.0,29.9,1,1,1,1,11593,12059,292,9917,3109,13914,17345,3646,2701,8004,17214,4972,1539,5884,1.0,25:06,2015,2016
2015-16,203083,Andre Drummond,Andre,1610612765,DET,Detroit Pistons,21500823,2016-02-21T00:00:00,DET vs. NOP,L,35.3,2.0,12.0,1.0,18.0,8.0,14.0,3.0,40.0,3.0,0.0,4.0,7.0,54.3,1,13074,13074,13074,3278,6026,6,9347,131,13914,24300,7328,983,347,1,22104,469,428,1.0,35:21,2015,2016
2015-16,201566,Russell Westbrook,Russell,1610612760,OKC,Oklahoma City Thunder,21500824,2016-02-21T00:00:00,OKC vs. CLE,L,33.1,2.0,0.0,9.0,10.0,10.0,11.0,11.0,34.0,0.0,0.0,3.0,5.0,49.3,1,13074,13074,13074,5064,6026,10158,184,1840,17370,21814,21342,2701,8004,1,17641,1539,827,1.0,33:04,2015,2016
2015-16,101145,Monta Ellis,Monta,1610612754,IND,Indiana Pacers,21500828,2016-02-21T00:00:00,IND @ ORL,W,38.8,2.0,3.0,0.0,6.0,10.0,4.0,10.0,30.0,1.0,1.0,4.0,2.0,36.3,1,1,1,1,1138,6026,3104,9917,5299,17370,8458,20169,4541,2692,17214,22104,7786,3380,1.0,38:49,2015,2016
2015-16,2200,Pau Gasol,Pau,1610612741,CHI,Chicago Bulls,21500831,2016-02-21T00:00:00,CHI vs. LAL,W,37.5,0.0,4.0,4.0,8.0,4.0,20.0,12.0,38.0,5.0,2.0,2.0,4.0,51.9,1,1,1,1,1728,12059,1596,1913,3109,6141,25875,22259,1422,59,23588,11390,2748,576,1.0,37:33,2015,2016
2015-16,203076,Anthony Davis,Anthony,1610612740,NOP,New Orleans Pelicans,21500823,2016-02-21T00:00:00,NOP @ DET,W,43.4,6.0,10.0,2.0,28.0,9.0,16.0,8.0,34.0,1.0,2.0,1.0,9.0,90.0,1,1,1,1,178,878,34,4675,3,15771,25155,17194,2701,2692,23588,4972,138,1,1.0,43:21,2015,2016
2015-16,202738,Isaiah Thomas,Isaiah,1610612738,BOS,Boston Celtics,21500825,2016-02-21T00:00:00,BOS @ DEN,W,32.1,3.0,0.0,13.0,8.0,7.0,3.0,14.0,32.0,1.0,0.0,2.0,4.0,49.6,1,1,1,1,5785,4307,10158,26,3109,12242,7138,23710,3535,2692,1,11390,2748,798,1.0,32:07,2015,2016
2015-16,203486,Mason Plumlee,Mason,1610612757,POR,Portland Trail Blazers,21500832,2016-02-21T00:00:00,POR vs. UTA,W,29.5,0.0,2.0,2.0,6.0,11.0,10.0,1.0,36.0,1.0,3.0,4.0,4.0,36.8,1,1,1,1,7961,12059,4731,4675,5299,18886,20509,3646,1943,2692,25441,22104,2748,3241,1.0,29:31,2015,2016
2015-16,203914,Gary Harris,Gary,1610612743,DEN,Denver Nuggets,21500825,2016-02-21T00:00:00,DEN vs. BOS,L,38.1,0.0,0.0,5.0,8.0,22.0,8.0,20.0,42.0,0.0,1.0,2.0,2.0,24.2,1,13074,13074,13074,1472,12059,10158,1277,3109,25683,17345,25599,670,8004,17214,11390,7786,9009,1.0,38:05,2015,2016
2015-16,203506,Victor Oladipo,Victor,1610612753,ORL,Orlando Magic,21500828,2016-02-21T00:00:00,ORL vs. IND,L,41.3,4.0,0.0,3.0,6.0,10.0,5.0,12.0,38.0,2.0,2.0,2.0,5.0,51.4,1,13074,13074,13074,428,2460,10158,3302,5299,17370,11469,22259,1422,932,23588,11390,1539,620,1.0,41:18,2015,2016
2015-16,2585,Zaza Pachulia,Zaza,1610612742,DAL,Dallas Mavericks,21500830,2016-02-21T00:00:00,DAL vs. PHI,W,19.2,0.0,2.0,0.0,4.0,10.0,4.0,9.0,24.0,0.0,1.0,3.0,7.0,23.5,1,1,1,1,16501,12059,4731,9917,8599,17370,8458,18829,8723,8004,17214,17641,469,9452,1.0,19:14,2015,2016
2015-16,202324,Derrick Favors,Derrick,1610612762,UTA,Utah Jazz,21500832,2016-02-21T00:00:00,UTA @ POR,L,33.9,6.0,8.0,0.0,18.0,15.0,14.0,3.0,24.0,1.0,2.0,5.0,3.0,35.1,1,13074,13074,13074,4427,878,137,9917,131,23079,24300,7328,8723,2692,23588,24686,4736,3777,1.0,33:54,2015,2016
2015-16,200768,Kyle Lowry,Kyle,1610612761,TOR,Toronto Raptors,21500829,2016-02-21T00:00:00,TOR vs. MEM,W,39.9,4.0,2.0,3.0,8.0,11.0,6.0,2.0,26.0,0.0,0.0,2.0,4.0,34.3,1,1,1,1,761,2460,4731,3302,3109,18886,13237,4025,7214,8004,1,11390,2748,4063,1.0,39:53,2015,2016
2015-16,101139,CJ Miles,CJ,1610612754,IND,Indiana Pacers,21500828,2016-02-21T00:00:00,IND @ ORL,W,13.0,0.0,2.0,0.0,4.0,10.0,2.0,0.0,14.0,0.0,0.0,2.0,0.0,10.0,1,1,1,1,20951,12059,4731,9917,8599,17370,3734,1,17019,8004,1,11390,18762,19178,1.0,13:02,2015,2016
2015-16,201144,Mike Conley,Mike,1610612763,MEM,Memphis Grizzlies,21500829,2016-02-21T00:00:00,MEM @ TOR,L,34.9,1.0,0.0,0.0,2.0,9.0,11.0,3.0,28.0,0.0,0.0,0.0,3.0,19.0,1,13074,13074,13074,3606,11535,10158,9917,12984,15771,21814,7328,5824,8004,1,1,4736,12440,1.0,34:55,2015,2016
2015-16,202391,Jeremy Lin,Jeremy,1610612766,CHA,Charlotte Hornets,21500827,2016-02-21T00:00:00,CHA @ BKN,W,30.5,2.0,2.0,6.0,6.0,8.0,11.0,7.0,28.0,1.0,2.0,2.0,5.0,26.0,1,1,1,1,7090,6026,4731,740,5299,13914,21814,15538,5824,2692,23588,11390,1539,7910,1.0,30:31,2015,2016
2015-16,203515,Phil Pressey,Phil,1610612756,PHX,Phoenix Suns,21500826,2016-02-21T00:00:00,PHX vs. SAS,L,28.0,0.0,0.0,4.0,4.0,8.0,10.0,7.0,28.0,3.0,0.0,5.0,3.0,25.4,1,13074,13074,13074,9226,12059,10158,1913,8599,13914,20509,15538,5824,347,1,24686,4736,8273,1.0,28:00,2015,2016
2015-16,202323,Evan Turner,Evan,1610612738,BOS,Boston Celtics,21500825,2016-02-21T00:00:00,BOS @ DEN,W,27.4,4.0,0.0,0.0,6.0,11.0,4.0,7.0,26.0,0.0,0.0,4.0,3.0,34.3,1,1,1,1,9678,2460,10158,9917,5299,18886,8458,15538,7214,8004,1,22104,4736,4063,1.0,27:25,2015,2016
2015-16,203087,Jeremy Lamb,Jeremy,1610612766,CHA,Charlotte Hornets,21500827,2016-02-21T00:00:00,CHA @ BKN,W,15.8,0.0,2.0,0.0,2.0,2.0,8.0,5.0,14.0,0.0,0.0,2.0,1.0,14.6,1,1,1,1,19214,12059,4731,9917,12984,2619,17345,11593,17019,8004,1,11390,12373,15699,1.0,15:46,2015,2016
2015-16,200826,J.J. Barea,J.J.,1610612742,DAL,Dallas Mavericks,21500830,2016-02-21T00:00:00,DAL vs. PHI,W,24.4,0.0,0.0,0.0,2.0,8.0,2.0,9.0,18.0,0.0,0.0,1.0,1.0,23.9,1,1,1,1,12241,12059,10158,9917,12984,13914,3734,18829,13577,8004,1,4972,12373,9184,1.0,24:22,2015,2016
2015-16,203496,Robert Covington,Robert,1610612755,PHI,Philadelphia 76ers,21500830,2016-02-21T00:00:00,PHI @ DAL,L,25.1,0.0,2.0,0.0,2.0,12.0,11.0,10.0,16.0,0.0,0.0,3.0,1.0,23.0,1,13074,13074,13074,11631,12059,4731,9917,12984,20178,21814,20169,15259,8004,1,17641,12373,9760,1.0,25:03,2015,2016
2015-16,201980,Danny Green,Danny,1610612759,SAS,San Antonio Spurs,21500826,2016-02-21T00:00:00,SAS @ PHX,W,33.9,0.0,2.0,2.0,4.0,0.0,16.0,7.0,38.0,2.0,0.0,3.0,5.0,33.4,1,1,1,1,4411,12059,4731,4675,8599,1,25155,15538,1422,932,1,17641,1539,4384,1.0,33:55,2015,2016
2015-16,2747,JR Smith,JR,1610612739,CLE,Cleveland Cavaliers,21500824,2016-02-21T00:00:00,CLE @ OKC,W,39.0,0.0,3.0,3.0,0.0,8.0,14.0,13.0,40.0,0.0,1.0,3.0,0.0,19.1,1,1,1,1,1056,12059,3104,3302,18861,13914,24300,23048,983,8004,17214,17641,18762,12372,1.0,39:02,2015,2016
2015-16,203210,JaMychal Green,JaMychal,1610612763,MEM,Memphis Grizzlies,21500829,2016-02-21T00:00:00,MEM @ TOR,L,20.1,0.0,2.0,0.0,2.0,4.0,10.0,2.0,22.0,0.0,1.0,5.0,3.0,14.2,1,13074,13074,13074,15791,12059,4731,9917,12984,6141,20509,4025,10265,8004,17214,24686,4736,16003,1.0,20:09,2015,2016
2015-16,203080,Thomas Robinson,Thomas,1610612751,BKN,Brooklyn Nets,21500827,2016-02-21T00:00:00,BKN vs. CHA,L,10.2,0.0,0.0,0.0,0.0,3.0,2.0,4.0,10.0,1.0,0.0,0.0,1.0,10.2,1,13074,13074,13074,22352,12059,10158,9917,18861,5109,3734,8806,20209,2692,1,1,12373,19003,1.0,10:11,2015,2016
2015-16,203935,Marcus Smart,Marcus,1610612738,BOS,Boston Celtics,21500825,2016-02-21T00:00:00,BOS @ DEN,W,31.9,0.0,0.0,0.0,2.0,6.0,7.0,13.0,30.0,0.0,1.0,5.0,6.0,25.4,1,1,1,1,5988,12059,10158,9917,12984,10028,15642,23048,4541,8004,17214,24686,873,8273,1.0,31:54,2015,2016
2015-16,201152,Thaddeus Young,Thaddeus,1610612751,BKN,Brooklyn Nets,21500827,2016-02-21T00:00:00,BKN vs. CHA,L,37.6,4.0,0.0,2.0,12.0,21.0,6.0,4.0,22.0,0.0,0.0,3.0,2.0,34.1,1,13074,13074,13074,1713,2460,10158,4675,988,25535,13237,8806,10265,8004,1,17641,7786,4124,1.0,37:34,2015,2016
2015-16,203937,Kyle Anderson,Kyle,1610612759,SAS,San Antonio Spurs,21500826,2016-02-21T00:00:00,SAS @ PHX,W,28.6,2.0,0.0,0.0,2.0,2.0,12.0,10.0,32.0,1.0,0.0,1.0,1.0,14.6,1,1,1,1,8745,6026,10158,9917,12984,2619,22832,20169,3535,2692,1,4972,12373,15699,1.0,28:36,2015,2016
2015-16,1626164,Devin Booker,Devin,1610612756,PHX,Phoenix Suns,21500826,2016-02-21T00:00:00,PHX vs. SAS,L,24.0,0.0,0.0,4.0,2.0,9.0,5.0,8.0,22.0,0.0,1.0,4.0,1.0,22.8,1,13074,13074,13074,12536,12059,10158,1913,12984,15771,11469,17194,10265,8004,17214,22104,12373,9883,1.0,24:01,2015,2016
2015-16,101179,Ronnie Price,Ronnie,1610612756,PHX,Phoenix Suns,21500826,2016-02-21T00:00:00,PHX vs. SAS,L,20.0,0.0,4.0,2.0,8.0,9.0,5.0,8.0,20.0,1.0,0.0,6.0,1.0,18.7,1,13074,13074,13074,15917,12059,1596,4675,3109,15771,11469,17194,11929,2692,1,25827,12373,12648,1.0,19:60,2015,2016
2015-16,101107,Marvin Williams,Marvin,1610612766,CHA,Charlotte Hornets,21500827,2016-02-21T00:00:00,CHA @ BKN,W,30.8,2.0,2.0,0.0,2.0,14.0,4.0,4.0,36.0,0.0,0.0,1.0,1.0,34.4,1,1,1,1,6915,6026,4731,9917,12984,22292,8458,8806,1943,8004,1,4972,12373,4029,1.0,30:46,2015,2016
2015-16,203141,Mirza Teletovic,Mirza,1610612756,PHX,Phoenix Suns,21500826,2016-02-21T00:00:00,PHX vs. SAS,L,28.9,0.0,0.0,0.0,4.0,8.0,10.0,9.0,28.0,0.0,1.0,5.0,2.0,23.8,1,13074,13074,13074,8444,12059,10158,9917,8599,13914,20509,18829,5824,8004,17214,24686,7786,9261,1.0,28:54,2015,2016
2015-16,2210,Richard Jefferson,Richard,1610612739,CLE,Cleveland Cavaliers,21500824,2016-02-21T00:00:00,CLE @ OKC,W,25.5,2.0,0.0,4.0,2.0,6.0,9.0,12.0,20.0,0.0,0.0,3.0,4.0,25.2,1,1,1,1,11317,6026,10158,1913,12984,10028,19144,22259,11929,8004,1,17641,2748,8383,1.0,25:28,2015,2016
2015-16,1626163,Frank Kaminsky,Frank,1610612766,CHA,Charlotte Hornets,21500827,2016-02-21T00:00:00,CHA @ BKN,W,17.2,0.0,0.0,0.0,0.0,2.0,9.0,5.0,16.0,0.0,0.0,2.0,0.0,10.1,1,1,1,1,18096,12059,10158,9917,18861,2619,19144,11593,15259,8004,1,11390,18762,19105,1.0,17:14,2015,2016
2015-16,201962,Toney Douglas,Toney,1610612740,NOP,New Orleans Pelicans,21500823,2016-02-21T00:00:00,NOP @ DET,W,22.6,0.0,0.0,0.0,0.0,5.0,6.0,3.0,20.0,0.0,0.0,1.0,1.0,9.9,1,1,1,1,13673,12059,10158,9917,18861,8403,13237,7328,11929,8004,1,4972,12373,19247,1.0,22:38,2015,2016
2015-16,203923,James Young,James,1610612738,BOS,Boston Celtics,21500825,2016-02-21T00:00:00,BOS @ DEN,W,1.6,0.0,0.0,0.0,0.0,0.0,0.0,0.0,0.0,0.0,0.0,0.0,0.0,1.2,1,1,1,1,25660,12059,10158,9917,18861,1,1,1,25429,8004,1,1,18762,24661,1.0,1:36,2015,2016
2015-16,201603,Sonny Weems,Sonny,1610612756,PHX,Phoenix Suns,21500826,2016-02-21T00:00:00,PHX vs. SAS,L,17.6,2.0,0.0,0.0,4.0,2.0,10.0,4.0,18.0,0.0,1.0,1.0,1.0,10.5,1,13074,13074,13074,17847,6026,10158,9917,8599,2619,20509,8806,13577,8004,17214,4972,12373,18808,1.0,17:34,2015,2016
2015-16,203082,Terrence Ross,Terrence,1610612761,TOR,Toronto Raptors,21500829,2016-02-21T00:00:00,TOR vs. MEM,W,27.2,2.0,0.0,0.0,4.0,13.0,8.0,6.0,20.0,0.0,0.0,2.0,1.0,10.5,1,1,1,1,9862,6026,10158,9917,8599,21300,17345,13388,11929,8004,1,11390,12373,18808,1.0,27:11,2015,2016
2015-16,201967,Dante Cunningham,Dante,1610612740,NOP,New Orleans Pelicans,21500823,2016-02-21T00:00:00,NOP @ DET,W,23.7,2.0,0.0,0.0,2.0,5.0,9.0,5.0,18.0,0.0,0.0,2.0,1.0,10.6,1,1,1,1,12834,6026,10158,9917,12984,8403,19144,11593,13577,8004,1,11390,12373,18723,1.0,23:41,2015,2016
2015-16,1626245,Cristiano Felicio,Cristiano,1610612741,CHI,Chicago Bulls,21500831,2016-02-21T00:00:00,CHI vs. LAL,W,4.1,0.0,0.0,0.0,0.0,0.0,4.0,0.0,6.0,0.0,0.0,1.0,0.0,1.2,1,1,1,1,24666,12059,10158,9917,18861,1,8458,1,22724,8004,1,4972,18762,24661,1.0,4:08,2015,2016
2015-16,1626147,Justin Anderson,Justin,1610612742,DAL,Dallas Mavericks,21500830,2016-02-21T00:00:00,DAL vs. PHI,W,6.3,0.0,0.0,2.0,2.0,2.0,0.0,2.0,4.0,0.0,0.0,1.0,1.0,6.4,1,1,1,1,23834,12059,10158,4675,12984,2619,1,4025,23698,8004,1,4972,12373,21589,1.0,6:17,2015,2016
2015-16,2449,Luis Scola,Luis,1610612761,TOR,Toronto Raptors,21500829,2016-02-21T00:00:00,TOR vs. MEM,W,18.0,0.0,2.0,0.0,6.0,5.0,4.0,3.0,10.0,0.0,0.0,3.0,2.0,11.4,1,1,1,1,17523,12059,4731,9917,5299,8403,8458,7328,20209,8004,1,17641,7786,18134,1.0,17:59,2015,2016
2015-16,2365,Chris Andersen,Chris,1610612763,MEM,Memphis Grizzlies,21500829,2016-02-21T00:00:00,MEM @ TOR,L,9.2,0.0,0.0,0.0,0.0,7.0,2.0,1.0,4.0,0.0,0.0,0.0,2.0,6.1,1,13074,13074,13074,22744,12059,10158,9917,18861,12242,3734,3646,23698,8004,1,1,7786,21845,1.0,9:14,2015,2016
2015-16,101111,Charlie Villanueva,Charlie,1610612742,DAL,Dallas Mavericks,21500830,2016-02-21T00:00:00,DAL vs. PHI,W,7.8,0.0,2.0,0.0,4.0,2.0,0.0,2.0,4.0,0.0,1.0,0.0,0.0,6.4,1,1,1,1,23288,12059,4731,9917,8599,2619,1,4025,23698,8004,17214,1,18762,21589,1.0,7:45,2015,2016
2015-16,203798,PJ Hairston,PJ,1610612763,MEM,Memphis Grizzlies,21500829,2016-02-21T00:00:00,MEM @ TOR,L,16.2,2.0,0.0,0.0,2.0,3.0,9.0,2.0,18.0,0.0,0.0,3.0,0.0,1.2,1,13074,13074,13074,18859,6026,10158,9917,12984,5109,19144,4025,13577,8004,1,17641,18762,24661,1.0,16:14,2015,2016
2015-16,1626154,RJ Hunter,RJ,1610612738,BOS,Boston Celtics,21500825,2016-02-21T00:00:00,BOS @ DEN,W,2.5,0.0,0.0,0.0,0.0,0.0,0.0,0.0,0.0,0.0,0.0,0.0,0.0,1.5,1,1,1,1,25320,12059,10158,9917,18861,1,1,1,25429,8004,1,1,18762,24473,1.0,2:30,2015,2016
2015-16,204060,Joe Ingles,Joe,1610612762,UTA,Utah Jazz,21500832,2016-02-21T00:00:00,UTA @ POR,L,7.0,0.0,0.0,0.0,0.0,2.0,2.0,2.0,10.0,0.0,0.0,1.0,0.0,6.2,1,13074,13074,13074,23575,12059,10158,9917,18861,2619,3734,4025,20209,8004,1,4972,18762,21696,1.0,6:58,2015,2016
2015-16,202087,Alonzo Gee,Alonzo,1610612740,NOP,New Orleans Pelicans,21500823,2016-02-21T00:00:00,NOP @ DET,W,26.8,0.0,0.0,0.0,0.0,4.0,7.0,3.0,24.0,1.0,0.0,4.0,0.0,10.8,1,1,1,1,10216,12059,10158,9917,18861,6141,15642,7328,8723,2692,1,22104,18762,18579,1.0,26:47,2015,2016
2015-16,202397,Ish Smith,Ish,1610612755,PHI,Philadelphia 76ers,21500830,2016-02-21T00:00:00,PHI @ DAL,L,25.7,0.0,0.0,1.0,2.0,16.0,13.0,11.0,22.0,0.0,1.0,2.0,1.0,5.7,1,13074,13074,13074,11157,12059,10158,9347,12984,23774,23668,21342,10265,8004,17214,11390,12373,22054,1.0,25:39,2015,2016
2015-16,201148,Brandan Wright,Brandan,1610612763,MEM,Memphis Grizzlies,21500829,2016-02-21T00:00:00,MEM @ TOR,L,20.6,0.0,0.0,0.0,2.0,6.0,4.0,0.0,16.0,1.0,0.0,2.0,0.0,5.9,1,13074,13074,13074,15360,12059,10158,9917,12984,10028,8458,1,15259,2692,1,11390,18762,21953,1.0,20:38,2015,2016
2015-16,202711,Bojan Bogdanović,Bojan,1610612751,BKN,Brooklyn Nets,21500827,2016-02-21T00:00:00,BKN vs. CHA,L,19.6,0.0,0.0,0.0,0.0,3.0,7.0,4.0,16.0,0.0,1.0,1.0,0.0,10.8,1,13074,13074,13074,16211,12059,10158,9917,18861,5109,15642,8806,15259,8004,17214,4972,18762,18579,1.0,19:37,2015,2016
2015-16,1626199,Darrun Hilliard,Darrun,1610612765,DET,Detroit Pistons,21500823,2016-02-21T00:00:00,DET vs. NOP,L,11.2,0.0,0.0,0.0,0.0,2.0,6.0,4.0,6.0,0.0,0.0,1.0,0.0,6.2,1,13074,13074,13074,21950,12059,10158,9917,18861,2619,13237,8806,22724,8004,1,4972,18762,21696,1.0,11:11,2015,2016
2015-16,203521,Matthew Dellavedova,Matthew,1610612739,CLE,Cleveland Cavaliers,21500824,2016-02-21T00:00:00,CLE @ OKC,W,29.1,0.0,0.0,0.0,2.0,10.0,16.0,14.0,26.0,0.0,0.0,2.0,2.0,10.7,1,1,1,1,8291,12059,10158,9917,12984,17370,25155,23710,7214,8004,1,11390,7786,18636,1.0,29:07,2015,2016
2015-16,201228,C.J. Watson,C.J.,1610612753,ORL,Orlando Magic,21500828,2016-02-21T00:00:00,ORL vs. IND,L,11.7,2.0,0.0,0.0,0.0,0.0,3.0,2.0,12.0,0.0,0.0,0.0,1.0,5.5,1,13074,13074,13074,21717,6026,10158,9917,18861,1,7138,4025,18637,8004,1,1,12373,22196,1.0,11:43,2015,2016
2015-16,201600,Omer Asik,Omer,1610612740,NOP,New Orleans Pelicans,21500823,2016-02-21T00:00:00,NOP @ DET,W,7.2,0.0,2.0,0.0,4.0,0.0,5.0,0.0,6.0,0.0,1.0,1.0,1.0,6.2,1,1,1,1,23499,12059,4731,9917,8599,1,11469,1,22724,8004,17214,4972,12373,21696,1.0,7:11,2015,2016
2015-16,2581,Steve Blake,Steve,1610612765,DET,Detroit Pistons,21500823,2016-02-21T00:00:00,DET vs. NOP,L,16.8,0.0,0.0,0.0,0.0,4.0,14.0,4.0,16.0,0.0,0.0,2.0,1.0,10.7,1,13074,13074,13074,18433,12059,10158,9917,18861,6141,24300,8806,15259,8004,1,11390,12373,18636,1.0,16:47,2015,2016
2015-16,203504,Trey Burke,Trey,1610612762,UTA,Utah Jazz,21500832,2016-02-21T00:00:00,UTA @ POR,L,13.4,0.0,0.0,0.0,0.0,4.0,12.0,5.0,20.0,1.0,0.0,2.0,2.0,10.7,1,13074,13074,13074,20741,12059,10158,9917,18861,6141,22832,11593,11929,2692,1,11390,7786,18636,1.0,13:24,2015,2016
2015-16,203086,Meyers Leonard,Meyers,1610612757,POR,Portland Trail Blazers,21500832,2016-02-21T00:00:00,POR vs. UTA,W,6.7,0.0,3.0,0.0,0.0,11.0,6.0,0.0,14.0,1.0,0.0,1.0,0.0,6.0,1,1,1,1,23659,12059,3104,9917,18861,18886,13237,1,17019,2692,1,4972,18762,21878,1.0,6:44,2015,2016
2015-16,201571,D.J. Augustin,D.J.,1610612743,DEN,Denver Nuggets,21500825,2016-02-21T00:00:00,DEN vs. BOS,L,29.9,4.0,0.0,7.0,4.0,18.0,12.0,9.0,42.0,0.0,0.0,3.0,3.0,21.6,1,13074,13074,13074,7672,2460,10158,454,8599,24749,22832,18829,670,8004,1,17641,4736,10666,1.0,29:51,2015,2016
2015-16,203926,Doug McDermott,Doug,1610612741,CHI,Chicago Bulls,21500831,2016-02-21T00:00:00,CHI vs. LAL,W,21.2,0.0,2.0,0.0,4.0,7.0,10.0,10.0,24.0,0.0,0.0,1.0,0.0,16.0,1,1,1,1,14845,12059,4731,9917,8599,12242,20509,20169,8723,8004,1,4972,18762,14590,1.0,21:15,2015,2016
2015-16,2555,Nick Collison,Nick,1610612760,OKC,Oklahoma City Thunder,21500824,2016-02-21T00:00:00,OKC vs. CLE,L,16.2,0.0,2.0,0.0,4.0,4.0,2.0,4.0,8.0,0.0,0.0,2.0,1.0,7.6,1,13074,13074,13074,18892,12059,4731,9917,8599,6141,3734,8806,21543,8004,1,11390,12373,20803,1.0,16:12,2015,2016
2015-16,203079,Dion Waiters,Dion,1610612760,OKC,Oklahoma City Thunder,21500824,2016-02-21T00:00:00,OKC vs. CLE,L,32.5,0.0,2.0,2.0,0.0,6.0,9.0,11.0,28.0,0.0,1.0,2.0,2.0,12.6,1,13074,13074,13074,5503,12059,4731,4675,18861,10028,19144,21342,5824,8004,17214,11390,7786,17277,1.0,32:30,2015,2016
2015-16,202694,Marcus Morris Sr.,Marcus,1610612765,DET,Detroit Pistons,21500823,2016-02-21T00:00:00,DET vs. NOP,L,33.8,2.0,0.0,0.0,2.0,6.0,10.0,3.0,36.0,0.0,0.0,2.0,0.0,8.3,1,13074,13074,13074,4547,6026,10158,9917,12984,10028,20509,7328,1943,8004,1,11390,18762,20376,1.0,33:46,2015,2016
2015-16,1626209,Mario Hezonja,Mario,1610612753,ORL,Orlando Magic,21500828,2016-02-21T00:00:00,ORL vs. IND,L,8.8,0.0,0.0,0.0,0.0,0.0,5.0,0.0,10.0,0.0,0.0,0.0,0.0,3.0,1,13074,13074,13074,22916,12059,10158,9917,18861,1,11469,1,20209,8004,1,1,18762,23648,1.0,8:48,2015,2016
2015-16,1626169,Stanley Johnson,Stanley,1610612765,DET,Detroit Pistons,21500823,2016-02-21T00:00:00,DET vs. NOP,L,21.8,0.0,0.0,0.0,2.0,6.0,14.0,4.0,20.0,0.0,0.0,2.0,1.0,16.6,1,13074,13074,13074,14363,12059,10158,9917,12984,10028,24300,8806,11929,8004,1,11390,12373,14125,1.0,21:46,2015,2016
2015-16,1626175,Jordan Mickey,Jordan,1610612738,BOS,Boston Celtics,21500825,2016-02-21T00:00:00,BOS @ DEN,W,2.5,0.0,2.0,0.0,2.0,0.0,0.0,0.0,0.0,0.0,0.0,1.0,0.0,3.2,1,1,1,1,25320,12059,4731,9917,12984,1,1,1,25429,8004,1,4972,18762,23473,1.0,2:30,2015,2016
2015-16,201579,Roy Hibbert,Roy,1610612747,LAL,Los Angeles Lakers,21500831,2016-02-21T00:00:00,LAL @ CHI,L,21.2,0.0,2.0,0.0,4.0,7.0,7.0,14.0,30.0,1.0,1.0,4.0,0.0,12.6,1,13074,13074,13074,14931,12059,4731,9917,8599,12242,15642,23710,4541,2692,17214,22104,18762,17277,1.0,21:09,2015,2016
2015-16,203956,Mitch McGary,Mitch,1610612760,OKC,Oklahoma City Thunder,21500824,2016-02-21T00:00:00,OKC vs. CLE,L,2.7,0.0,0.0,0.0,0.0,0.0,0.0,0.0,2.0,0.0,0.0,0.0,2.0,2.7,1,13074,13074,13074,25266,12059,10158,9917,18861,1,1,1,24614,8004,1,1,7786,23884,1.0,2:39,2015,2016
2015-16,2743,Kris Humphries,Kris,1610612756,PHX,Phoenix Suns,21500826,2016-02-21T00:00:00,PHX vs. SAS,L,24.3,0.0,0.0,0.0,2.0,13.0,5.0,8.0,26.0,0.0,1.0,1.0,2.0,18.6,1,13074,13074,13074,12345,12059,10158,9917,12984,21300,11469,17194,7214,8004,17214,4972,7786,12715,1.0,24:16,2015,2016
2015-16,201583,Ryan Anderson,Ryan,1610612740,NOP,New Orleans Pelicans,21500823,2016-02-21T00:00:00,NOP @ DET,W,24.9,2.0,0.0,0.0,0.0,4.0,7.0,3.0,22.0,0.0,1.0,1.0,3.0,12.6,1,1,1,1,11716,6026,10158,9917,18861,6141,15642,7328,10265,8004,17214,4972,4736,17277,1.0,24:57,2015,2016
2015-16,201973,Jonas Jerebko,Jonas,1610612738,BOS,Boston Celtics,21500825,2016-02-21T00:00:00,BOS @ DEN,W,19.9,2.0,4.0,0.0,6.0,11.0,4.0,5.0,18.0,1.0,1.0,1.0,0.0,18.2,1,1,1,1,16017,6026,1596,9917,5299,18886,8458,11593,13577,2692,17214,4972,18762,13004,1.0,19:52,2015,2016
2015-16,203457,Nerlens Noel,Nerlens,1610612755,PHI,Philadelphia 76ers,21500830,2016-02-21T00:00:00,PHI @ DAL,L,18.7,0.0,0.0,0.0,4.0,5.0,10.0,5.0,6.0,1.0,0.0,5.0,1.0,18.0,1,13074,13074,13074,16960,12059,10158,9917,8599,8403,20509,11593,22724,2692,1,24686,12373,13164,1.0,18:41,2015,2016
2015-16,1495,Tim Duncan,Tim,1610612759,SAS,San Antonio Spurs,21500826,2016-02-21T00:00:00,SAS @ PHX,W,16.9,1.0,0.0,0.0,2.0,0.0,8.0,4.0,20.0,1.0,0.0,2.0,4.0,18.6,1,1,1,1,18351,11535,10158,9917,12984,1,17345,8806,11929,2692,1,11390,2748,12715,1.0,16:54,2015,2016
2015-16,101141,Ersan Ilyasova,Ersan,1610612753,ORL,Orlando Magic,21500828,2016-02-21T00:00:00,ORL vs. IND,L,18.4,4.0,2.0,0.0,4.0,0.0,8.0,0.0,20.0,0.0,0.0,3.0,2.0,12.6,1,13074,13074,13074,17200,2460,4731,9917,8599,1,17345,1,11929,8004,1,17641,7786,17277,1.0,18:23,2015,2016
2015-16,101161,Amir Johnson,Amir,1610612738,BOS,Boston Celtics,21500825,2016-02-21T00:00:00,BOS @ DEN,W,18.4,4.0,0.0,0.0,6.0,7.0,0.0,6.0,16.0,0.0,1.0,1.0,1.0,12.5,1,1,1,1,17198,2460,10158,9917,5299,12242,1,13388,15259,8004,17214,4972,12373,17372,1.0,18:23,2015,2016
2015-16,202379,Jeremy Evans,Jeremy,1610612742,DAL,Dallas Mavericks,21500830,2016-02-21T00:00:00,DAL vs. PHI,W,3.2,0.0,0.0,0.0,0.0,0.0,0.0,0.0,0.0,0.0,0.0,0.0,0.0,3.0,1,1,1,1,25050,12059,10158,9917,18861,1,1,1,25429,8004,1,1,18762,23648,1.0,3:12,2015,2016
2015-16,201166,Aaron Brooks,Aaron,1610612741,CHI,Chicago Bulls,21500831,2016-02-21T00:00:00,CHI vs. LAL,W,17.2,0.0,0.0,0.0,0.0,4.0,4.0,3.0,20.0,0.0,0.0,1.0,1.0,21.1,1,1,1,1,18141,12059,10158,9917,18861,6141,8458,7328,11929,8004,1,4972,12373,11012,1.0,17:11,2015,2016
2015-16,201961,Wayne Ellington,Wayne,1610612751,BKN,Brooklyn Nets,21500827,2016-02-21T00:00:00,BKN vs. CHA,L,22.2,4.0,0.0,0.0,6.0,14.0,9.0,4.0,14.0,0.0,0.0,0.0,1.0,16.6,1,13074,13074,13074,13989,2460,10158,9917,5299,22292,19144,8806,17019,8004,1,1,12373,14125,1.0,22:14,2015,2016
2015-16,203994,Jusuf Nurkić,Jusuf,1610612743,DEN,Denver Nuggets,21500825,2016-02-21T00:00:00,DEN vs. BOS,L,12.0,0.0,2.0,0.0,2.0,6.0,8.0,5.0,20.0,1.0,0.0,3.0,2.0,8.4,1,13074,13074,13074,21611,12059,4731,9917,12984,10028,17345,11593,11929,2692,1,17641,7786,20273,1.0,11:57,2015,2016
2015-16,203900,Markel Brown,Markel,1610612751,BKN,Brooklyn Nets,21500827,2016-02-21T00:00:00,BKN vs. CHA,L,18.7,2.0,5.0,5.0,8.0,5.0,5.0,4.0,14.0,0.0,0.0,3.0,5.0,17.9,1,13074,13074,13074,16942,6026,995,1277,3109,8403,11469,8806,17019,8004,1,17641,1539,13229,1.0,18:43,2015,2016
2015-16,203469,Cody Zeller,Cody,1610612766,CHA,Charlotte Hornets,21500827,2016-02-21T00:00:00,CHA @ BKN,W,21.5,0.0,2.0,0.0,6.0,6.0,4.0,2.0,24.0,0.0,0.0,4.0,1.0,8.2,1,1,1,1,14591,12059,4731,9917,5299,10028,8458,4025,8723,8004,1,22104,12373,20416,1.0,21:30,2015,2016
2015-16,202702,Kenneth Faried,Kenneth,1610612743,DEN,Denver Nuggets,21500825,2016-02-21T00:00:00,DEN vs. BOS,L,13.2,0.0,0.0,0.0,0.0,7.0,2.0,11.0,14.0,0.0,0.0,2.0,1.0,2.7,1,13074,13074,13074,20862,12059,10158,9917,18861,12242,3734,21342,17019,8004,1,11390,12373,23884,1.0,13:13,2015,2016
2015-16,2399,Mike Dunleavy,Mike,1610612741,CHI,Chicago Bulls,21500831,2016-02-21T00:00:00,CHI vs. LAL,W,24.7,3.0,0.0,2.0,4.0,6.0,15.0,4.0,22.0,0.0,0.0,3.0,3.0,21.2,1,1,1,1,11898,4307,10158,4675,8599,10028,24781,8806,10265,8004,1,17641,4736,10936,1.0,24:44,2015,2016
2015-16,203917,Nik Stauskas,Nik,1610612755,PHI,Philadelphia 76ers,21500830,2016-02-21T00:00:00,PHI @ DAL,L,20.2,3.0,0.0,0.0,0.0,7.0,7.0,11.0,16.0,0.0,0.0,0.0,1.0,13.4,1,13074,13074,13074,15726,4307,10158,9917,18861,12242,15642,21342,15259,8004,1,1,12373,16614,1.0,20:13,2015,2016
2015-16,203530,Joffrey Lauvergne,Joffrey,1610612743,DEN,Denver Nuggets,21500825,2016-02-21T00:00:00,DEN vs. BOS,L,2.3,0.0,0.0,0.0,0.0,0.0,2.0,0.0,4.0,0.0,0.0,0.0,0.0,0.0,1,13074,13074,13074,25406,12059,10158,9917,18861,1,3734,1,23698,8004,1,1,18762,25170,1.0,2:20,2015,2016
2015-16,1626202,Joe Young,Joe,1610612754,IND,Indiana Pacers,21500828,2016-02-21T00:00:00,IND @ ORL,W,8.0,0.0,0.0,0.0,0.0,10.0,2.0,0.0,14.0,0.0,0.0,2.0,1.0,-1.5,1,1,1,1,23205,12059,10158,9917,18861,17370,3734,1,17019,8004,1,11390,12373,26057,1.0,7:57,2015,2016
2015-16,1626191,Chris McCullough,Chris,1610612751,BKN,Brooklyn Nets,21500827,2016-02-21T00:00:00,BKN vs. CHA,L,9.8,0.0,0.0,0.0,0.0,0.0,2.0,4.0,10.0,0.0,0.0,0.0,0.0,3.2,1,13074,13074,13074,22512,12059,10158,9917,18861,1,3734,8806,20209,8004,1,1,18762,23473,1.0,9:50,2015,2016
2015-16,203526,Raul Neto,Raul,1610612762,UTA,Utah Jazz,21500832,2016-02-21T00:00:00,UTA @ POR,L,10.1,2.0,2.0,0.0,4.0,15.0,2.0,3.0,2.0,0.0,0.0,0.0,0.0,3.2,1,13074,13074,13074,22402,6026,4731,9917,8599,23079,3734,7328,24614,8004,1,1,18762,23473,1.0,10:05,2015,2016
2015-16,201171,Carl Landry,Carl,1610612755,PHI,Philadelphia 76ers,21500830,2016-02-21T00:00:00,PHI @ DAL,L,6.3,0.0,0.0,0.0,0.0,2.0,4.0,2.0,8.0,1.0,0.0,0.0,1.0,4.0,1,13074,13074,13074,23834,12059,10158,9917,18861,2619,8458,4025,21543,2692,1,1,12373,23142,1.0,6:17,2015,2016
2015-16,203524,Solomon Hill,Solomon,1610612754,IND,Indiana Pacers,21500828,2016-02-21T00:00:00,IND @ ORL,W,13.6,0.0,1.0,0.0,0.0,12.0,4.0,0.0,18.0,0.0,0.0,1.0,1.0,3.9,1,1,1,1,20625,12059,9709,9917,18861,20178,8458,1,13577,8004,1,4972,12373,23225,1.0,13:38,2015,2016
2015-16,203492,Ray McCallum,Ray,1610612759,SAS,San Antonio Spurs,21500826,2016-02-21T00:00:00,SAS @ PHX,W,2.5,0.0,0.0,0.0,0.0,0.0,0.0,0.0,4.0,0.0,0.0,0.0,0.0,0.0,1,1,1,1,25313,12059,10158,9917,18861,1,1,1,23698,8004,1,1,18762,25170,1.0,2:31,2015,2016
2015-16,1626158,Richaun Holmes,Richaun,1610612755,PHI,Philadelphia 76ers,21500830,2016-02-21T00:00:00,PHI @ DAL,L,12.3,0.0,2.0,0.0,6.0,2.0,4.0,5.0,8.0,0.0,0.0,2.0,1.0,8.9,1,13074,13074,13074,21375,12059,4731,9917,5299,2619,8458,11593,21543,8004,1,11390,12373,19914,1.0,12:19,2015,2016
2015-16,203613,Jonathon Simmons,Jonathon,1610612759,SAS,San Antonio Spurs,21500826,2016-02-21T00:00:00,SAS @ PHX,W,11.1,0.0,0.0,0.0,2.0,2.0,2.0,4.0,18.0,0.0,0.0,1.0,3.0,8.9,1,1,1,1,21983,12059,10158,9917,12984,2619,3734,8806,13577,8004,1,4972,4736,19914,1.0,11:06,2015,2016
2015-16,202681,Kyrie Irving,Kyrie,1610612739,CLE,Cleveland Cavaliers,21500824,2016-02-21T00:00:00,CLE @ OKC,W,9.3,0.0,0.0,0.0,0.0,0.0,2.0,2.0,18.0,0.0,1.0,1.0,0.0,4.7,1,1,1,1,22728,12059,10158,9917,18861,1,3734,4025,13577,8004,17214,4972,18762,22672,1.0,9:16,2015,2016
2015-16,203503,Tony Snell,Tony,1610612741,CHI,Chicago Bulls,21500831,2016-02-21T00:00:00,CHI vs. LAL,W,8.7,0.0,0.0,0.0,0.0,2.0,2.0,0.0,12.0,0.0,0.0,0.0,0.0,0.0,1,1,1,1,22974,12059,10158,9917,18861,2619,3734,1,18637,8004,1,1,18762,25170,1.0,8:40,2015,2016
2015-16,200751,Randy Foye,Randy,1610612760,OKC,Oklahoma City Thunder,21500824,2016-02-21T00:00:00,OKC vs. CLE,L,13.8,0.0,0.0,0.0,0.0,4.0,0.0,2.0,12.0,0.0,0.0,3.0,0.0,3.5,1,13074,13074,13074,20504,12059,10158,9917,18861,6141,1,4025,18637,8004,1,17641,18762,23351,1.0,13:50,2015,2016
2015-16,201949,James Johnson,James,1610612761,TOR,Toronto Raptors,21500829,2016-02-21T00:00:00,TOR vs. MEM,W,15.0,0.0,0.0,0.0,0.0,4.0,2.0,0.0,8.0,0.0,1.0,0.0,1.0,6.6,1,1,1,1,19763,12059,10158,9917,18861,6141,3734,1,21543,8004,17214,1,12373,21445,1.0,14:59,2015,2016
2015-16,201229,Anthony Tolliver,Anthony,1610612765,DET,Detroit Pistons,21500823,2016-02-21T00:00:00,DET vs. NOP,L,7.8,0.0,0.0,0.0,0.0,0.0,2.0,1.0,12.0,0.0,0.0,1.0,0.0,8.7,1,13074,13074,13074,23281,12059,10158,9917,18861,1,3734,3646,18637,8004,1,4972,18762,20045,1.0,7:47,2015,2016
2015-16,203186,Willie Reed,Willie,1610612751,BKN,Brooklyn Nets,21500827,2016-02-21T00:00:00,BKN vs. CHA,L,5.9,0.0,2.0,0.0,4.0,2.0,0.0,0.0,0.0,1.0,0.0,0.0,0.0,9.4,1,13074,13074,13074,24029,12059,4731,9917,8599,2619,1,1,25429,2692,1,1,18762,19568,1.0,5:51,2015,2016
2015-16,201627,Anthony Morrow,Anthony,1610612760,OKC,Oklahoma City Thunder,21500824,2016-02-21T00:00:00,OKC vs. CLE,L,13.6,0.0,2.0,0.0,2.0,4.0,5.0,4.0,6.0,0.0,0.0,0.0,0.0,5.2,1,13074,13074,13074,20638,12059,4731,9917,12984,6141,11469,8806,22724,8004,1,1,18762,22370,1.0,13:36,2015,2016
2015-16,201589,Darrell Arthur,Darrell,1610612743,DEN,Denver Nuggets,21500825,2016-02-21T00:00:00,DEN vs. BOS,L,12.0,0.0,0.0,0.0,0.0,10.0,6.0,2.0,20.0,2.0,0.0,3.0,1.0,7.2,1,13074,13074,13074,21611,12059,10158,9917,18861,17370,13237,4025,11929,932,1,17641,12373,21035,1.0,11:57,2015,2016
2015-16,202730,Lavoy Allen,Lavoy,1610612754,IND,Indiana Pacers,21500828,2016-02-21T00:00:00,IND @ ORL,W,17.3,0.0,0.0,0.0,0.0,14.0,4.0,0.0,20.0,0.0,0.0,1.0,2.0,9.5,1,1,1,1,18046,12059,10158,9917,18861,22292,8458,1,11929,8004,1,4972,7786,19519,1.0,17:18,2015,2016
2015-16,2592,James Jones,James,1610612739,CLE,Cleveland Cavaliers,21500824,2016-02-21T00:00:00,CLE @ OKC,W,5.8,0.0,0.0,0.0,0.0,0.0,0.0,2.0,6.0,0.0,0.0,0.0,0.0,3.2,1,1,1,1,24074,12059,10158,9917,18861,1,1,4025,22724,8004,1,1,18762,23473,1.0,5:46,2015,2016
2015-16,202708,Norris Cole,Norris,1610612740,NOP,New Orleans Pelicans,21500823,2016-02-21T00:00:00,NOP @ DET,W,21.1,0.0,0.0,1.0,2.0,4.0,10.0,5.0,16.0,0.0,0.0,3.0,2.0,8.9,1,1,1,1,15010,12059,10158,9347,12984,6141,20509,11593,15259,8004,1,17641,7786,19914,1.0,21:03,2015,2016
2015-16,2570,Kendrick Perkins,Kendrick,1610612740,NOP,New Orleans Pelicans,21500823,2016-02-21T00:00:00,NOP @ DET,W,7.2,0.0,0.0,0.0,0.0,4.0,0.0,5.0,8.0,0.0,0.0,1.0,0.0,6.6,1,1,1,1,23503,12059,10158,9917,18861,6141,1,11593,21543,8004,1,4972,18762,21445,1.0,7:10,2015,2016
2015-16,201156,Nick Young,Nick,1610612747,LAL,Los Angeles Lakers,21500831,2016-02-21T00:00:00,LAL @ CHI,L,20.6,0.0,3.0,0.0,0.0,7.0,2.0,8.0,16.0,0.0,1.0,1.0,0.0,3.2,1,13074,13074,13074,15433,12059,3104,9917,18861,12242,3734,17194,15259,8004,17214,4972,18762,23473,1.0,20:33,2015,2016
2015-16,203499,Shane Larkin,Shane,1610612751,BKN,Brooklyn Nets,21500827,2016-02-21T00:00:00,BKN vs. CHA,L,21.0,0.0,2.0,0.0,4.0,5.0,7.0,4.0,14.0,0.0,0.0,2.0,1.0,9.2,1,13074,13074,13074,15080,12059,4731,9917,8599,8403,15642,8806,17019,8004,1,11390,12373,19680,1.0,20:58,2015,2016
2015-16,201946,Tyler Hansbrough,Tyler,1610612766,CHA,Charlotte Hornets,21500827,2016-02-21T00:00:00,CHA @ BKN,W,2.4,0.0,0.0,0.0,0.0,2.0,2.0,2.0,4.0,0.0,0.0,0.0,1.0,0.0,1,1,1,1,25371,12059,10158,9917,18861,2619,3734,4025,23698,8004,1,1,12373,25170,1.0,2:25,2015,2016
2015-16,201584,Courtney Lee,Courtney,1610612766,CHA,Charlotte Hornets,21500827,2016-02-21T00:00:00,CHA @ BKN,W,21.4,0.0,0.0,0.0,0.0,8.0,3.0,2.0,28.0,0.0,1.0,3.0,0.0,6.7,1,1,1,1,14676,12059,10158,9917,18861,13914,7138,4025,5824,8004,17214,17641,18762,21376,1.0,21:25,2015,2016
2015-16,1626168,Trey Lyles,Trey,1610612762,UTA,Utah Jazz,21500832,2016-02-21T00:00:00,UTA @ POR,L,4.9,0.0,0.0,0.0,0.0,2.0,4.0,0.0,8.0,1.0,0.0,1.0,0.0,3.2,1,13074,13074,13074,24412,12059,10158,9917,18861,2619,8458,1,21543,2692,1,4972,18762,23473,1.0,4:51,2015,2016
2015-16,203459,Allen Crabbe,Allen,1610612757,POR,Portland Trail Blazers,21500832,2016-02-21T00:00:00,POR vs. UTA,W,19.7,0.0,0.0,0.0,0.0,17.0,8.0,1.0,30.0,0.0,1.0,1.0,0.0,6.8,1,1,1,1,16145,12059,10158,9917,18861,24337,17345,3646,4541,8004,17214,4972,18762,21328,1.0,19:43,2015,2016
2015-16,203088,Kendall Marshall,Kendall,1610612755,PHI,Philadelphia 76ers,21500830,2016-02-21T00:00:00,PHI @ DAL,L,6.3,0.0,0.0,0.0,0.0,2.0,4.0,2.0,8.0,0.0,0.0,2.0,0.0,9.2,1,13074,13074,13074,23834,12059,10158,9917,18861,2619,8458,4025,21543,8004,1,11390,18762,19680,1.0,6:17,2015,2016
2015-16,1626179,Terry Rozier,Terry,1610612738,BOS,Boston Celtics,21500825,2016-02-21T00:00:00,BOS @ DEN,W,2.5,0.0,0.0,0.0,0.0,0.0,0.0,0.0,0.0,0.0,0.0,0.0,0.0,0.0,1,1,1,1,25320,12059,10158,9917,18861,1,1,1,25429,8004,1,1,18762,25170,1.0,2:30,2015,2016
2015-16,201582,Alexis Ajinca,Alexis,1610612740,NOP,New Orleans Pelicans,21500823,2016-02-21T00:00:00,NOP @ DET,W,10.3,0.0,2.0,0.0,4.0,1.0,2.0,0.0,8.0,0.0,1.0,1.0,1.0,6.6,1,1,1,1,22325,12059,4731,9917,8599,2356,3734,1,21543,8004,17214,4972,12373,21445,1.0,10:16,2015,2016
2015-16,201619,Sasha Kaun,Sasha,1610612739,CLE,Cleveland Cavaliers,21500824,2016-02-21T00:00:00,CLE @ OKC,W,2.7,0.0,0.0,0.0,0.0,0.0,0.0,0.0,0.0,0.0,0.0,2.0,0.0,0.0,1,1,1,1,25266,12059,10158,9917,18861,1,1,1,25429,8004,1,11390,18762,25170,1.0,2:39,2015,2016
2015-16,201959,Taj Gibson,Taj,1610612741,CHI,Chicago Bulls,21500831,2016-02-21T00:00:00,CHI vs. LAL,W,29.0,0.0,0.0,0.0,4.0,13.0,18.0,4.0,26.0,1.0,0.0,5.0,4.0,21.6,1,1,1,1,8390,12059,10158,9917,8599,21300,25634,8806,7214,2692,1,24686,2748,10666,1.0,28:59,2015,2016
2015-16,2034,Mike Miller,Mike,1610612743,DEN,Denver Nuggets,21500825,2016-02-21T00:00:00,DEN vs. BOS,L,9.4,0.0,0.0,0.0,0.0,7.0,6.0,0.0,14.0,1.0,0.0,2.0,0.0,4.4,1,13074,13074,13074,22687,12059,10158,9917,18861,12242,13237,1,17019,2692,1,11390,18762,22837,1.0,9:21,2015,2016
2015-16,202713,Kyle Singler,Kyle,1610612760,OKC,Oklahoma City Thunder,21500824,2016-02-21T00:00:00,OKC vs. CLE,L,7.9,0.0,0.0,0.0,0.0,0.0,0.0,2.0,4.0,0.0,0.0,0.0,0.0,3.5,1,13074,13074,13074,23235,12059,10158,9917,18861,1,1,4025,23698,8004,1,1,18762,23351,1.0,7:53,2015,2016
2015-16,203382,Aron Baynes,Aron,1610612765,DET,Detroit Pistons,21500823,2016-02-21T00:00:00,DET vs. NOP,L,12.7,0.0,0.0,0.0,2.0,2.0,6.0,4.0,10.0,1.0,0.0,3.0,2.0,7.0,1,13074,13074,13074,21176,12059,10158,9917,12984,2619,13237,8806,20209,2692,1,17641,7786,21188,1.0,12:39,2015,2016
2015-16,203488,Mike Muscala,Mike,1610612737,ATL,Atlanta Hawks,21500819,2016-02-20T00:00:00,ATL vs. MIL,L,8.2,0.0,0.0,0.0,0.0,2.0,6.0,2.0,8.0,1.0,0.0,1.0,0.0,5.4,1,13074,13074,13074,23126,12059,10158,9917,18861,2619,13237,4025,21543,2692,1,4972,18762,22242,1.0,8:10,2015,2016
2015-16,1626172,Kevon Looney,Kevon,1610612744,GSW,Golden State Warriors,21500822,2016-02-20T00:00:00,GSW @ LAC,W,1.6,0.0,0.0,0.0,0.0,6.0,3.0,6.0,0.0,0.0,0.0,1.0,0.0,0.0,1,1,1,1,25675,12059,10158,9917,18861,10028,7138,13388,25429,8004,1,4972,18762,25170,1.0,1:34,2015,2016
2015-16,1718,Paul Pierce,Paul,1610612746,LAC,LA Clippers,21500822,2016-02-20T00:00:00,LAC vs. GSW,L,16.0,0.0,0.0,0.0,0.0,2.0,9.0,5.0,18.0,0.0,0.0,4.0,0.0,4.0,1,13074,13074,13074,19059,12059,10158,9917,18861,2619,19144,11593,13577,8004,1,22104,18762,23142,1.0,15:58,2015,2016
2015-16,204014,Damjan Rudez,Damjan,1610612750,MIN,Minnesota Timberwolves,21500821,2016-02-20T00:00:00,MIN vs. NYK,L,3.9,0.0,0.0,0.0,0.0,2.0,2.0,2.0,4.0,0.0,0.0,1.0,0.0,-1.0,1,13074,13074,13074,24754,12059,10158,9917,18861,2619,3734,4025,23698,8004,1,4972,18762,25932,1.0,3:53,2015,2016
2015-16,204067,Jarell Eddie,Jarell,1610612764,WAS,Washington Wizards,21500820,2016-02-20T00:00:00,WAS @ MIA,L,4.6,0.0,0.0,0.0,0.0,0.0,3.0,2.0,8.0,0.0,0.0,0.0,0.0,0.0,1,13074,13074,13074,24519,12059,10158,9917,18861,1,7138,4025,21543,8004,1,1,18762,25170,1.0,4:34,2015,2016
2015-16,2733,Shaun Livingston,Shaun,1610612744,GSW,Golden State Warriors,21500822,2016-02-20T00:00:00,GSW @ LAC,W,14.0,2.0,0.0,0.0,2.0,0.0,2.0,0.0,14.0,1.0,0.0,3.0,0.0,9.1,1,1,1,1,20389,6026,10158,9917,12984,1,3734,1,17019,2692,1,17641,18762,19789,1.0,14:02,2015,2016
2015-16,201601,Luc Mbah a Moute,Luc,1610612746,LAC,LA Clippers,21500822,2016-02-20T00:00:00,LAC vs. GSW,L,12.7,0.0,0.0,0.0,0.0,5.0,5.0,7.0,16.0,0.0,0.0,0.0,0.0,-1.0,1,13074,13074,13074,21134,12059,10158,9917,18861,8403,11469,15538,15259,8004,1,1,18762,25932,1.0,12:42,2015,2016
2015-16,202682,Derrick Williams,Derrick,1610612752,NYK,New York Knicks,21500821,2016-02-20T00:00:00,NYK @ MIN,W,11.2,0.0,0.0,0.0,0.0,8.0,2.0,3.0,12.0,0.0,0.0,0.0,2.0,4.4,1,1,1,1,21945,12059,10158,9917,18861,13914,3734,7328,18637,8004,1,1,7786,22837,1.0,11:12,2015,2016
2015-16,2755,Kevin Martin,Kevin,1610612750,MIN,Minnesota Timberwolves,21500821,2016-02-20T00:00:00,MIN vs. NYK,L,12.5,0.0,0.0,0.0,0.0,6.0,0.0,4.0,16.0,0.0,0.0,0.0,1.0,6.6,1,13074,13074,13074,21289,12059,10158,9917,18861,10028,1,8806,15259,8004,1,1,12373,21445,1.0,12:28,2015,2016
2015-16,201578,Marreese Speights,Marreese,1610612744,GSW,Golden State Warriors,21500822,2016-02-20T00:00:00,GSW @ LAC,W,8.7,0.0,2.0,0.0,4.0,5.0,6.0,4.0,6.0,0.0,0.0,2.0,2.0,3.2,1,1,1,1,22958,12059,4731,9917,8599,8403,13237,8806,22724,8004,1,11390,7786,23473,1.0,8:42,2015,2016
2015-16,201574,Jason Thompson,Jason,1610612744,GSW,Golden State Warriors,21500822,2016-02-20T00:00:00,GSW @ LAC,W,1.6,0.0,0.0,0.0,0.0,6.0,3.0,6.0,0.0,0.0,0.0,0.0,0.0,0.0,1,1,1,1,25675,12059,10158,9917,18861,10028,7138,13388,25429,8004,1,1,18762,25170,1.0,1:34,2015,2016
2015-16,203546,Ian Clark,Ian,1610612744,GSW,Golden State Warriors,21500822,2016-02-20T00:00:00,GSW @ LAC,W,3.0,0.0,0.0,0.0,0.0,6.0,3.0,6.0,0.0,0.0,0.0,0.0,0.0,-1.0,1,1,1,1,25147,12059,10158,9917,18861,10028,7138,13388,25429,8004,1,1,18762,25932,1.0,2:58,2015,2016
2015-16,2571,Leandro Barbosa,Leandro,1610612744,GSW,Golden State Warriors,21500822,2016-02-20T00:00:00,GSW @ LAC,W,13.4,2.0,0.0,2.0,2.0,9.0,8.0,6.0,10.0,0.0,0.0,4.0,0.0,1.0,1,1,1,1,20759,6026,10158,4675,12984,15771,17345,13388,20209,8004,1,22104,18762,24960,1.0,13:23,2015,2016
2015-16,202332,Cole Aldrich,Cole,1610612746,LAC,LA Clippers,21500822,2016-02-20T00:00:00,LAC vs. GSW,L,8.1,0.0,2.0,0.0,4.0,2.0,4.0,3.0,8.0,0.0,1.0,2.0,2.0,13.2,1,13074,13074,13074,23143,12059,4731,9917,8599,2619,8458,7328,21543,8004,17214,11390,7786,16768,1.0,8:07,2015,2016
2015-16,1626162,Kelly Oubre Jr.,Kelly,1610612764,WAS,Washington Wizards,21500820,2016-02-20T00:00:00,WAS @ MIA,L,4.7,0.0,0.0,0.0,2.0,0.0,3.0,2.0,6.0,0.0,0.0,3.0,1.0,5.4,1,13074,13074,13074,24460,12059,10158,9917,12984,1,7138,4025,22724,8004,1,17641,12373,22242,1.0,4:43,2015,2016
2015-16,2419,Tayshaun Prince,Tayshaun,1610612750,MIN,Minnesota Timberwolves,21500821,2016-02-20T00:00:00,MIN vs. NYK,L,21.2,0.0,0.0,0.0,0.0,4.0,10.0,0.0,26.0,0.0,0.0,1.0,0.0,3.6,1,13074,13074,13074,14862,12059,10158,9917,18861,6141,20509,1,7214,8004,1,4972,18762,23310,1.0,21:13,2015,2016
2015-16,201143,Al Horford,Al,1610612737,ATL,Atlanta Hawks,21500819,2016-02-20T00:00:00,ATL vs. MIL,L,44.3,0.0,0.0,0.0,6.0,13.0,18.0,15.0,46.0,3.0,0.0,1.0,1.0,42.8,1,13074,13074,13074,114,12059,10158,9917,5299,21300,25634,24242,298,347,1,4972,12373,1776,1.0,44:17,2015,2016
2015-16,202325,Wesley Johnson,Wesley,1610612746,LAC,LA Clippers,21500822,2016-02-20T00:00:00,LAC vs. GSW,L,31.0,6.0,2.0,0.0,0.0,14.0,9.0,25.0,34.0,0.0,0.0,2.0,0.0,20.3,1,13074,13074,13074,6760,878,4731,9917,18861,22292,19144,25980,2701,8004,1,11390,18762,11534,1.0,30:57,2015,2016
2015-16,203897,Zach LaVine,Zach,1610612750,MIN,Minnesota Timberwolves,21500821,2016-02-20T00:00:00,MIN vs. NYK,L,32.5,4.0,0.0,4.0,6.0,6.0,6.0,4.0,26.0,0.0,1.0,0.0,1.0,26.5,1,13074,13074,13074,5470,2460,10158,1913,5299,10028,13237,8806,7214,8004,17214,1,12373,7627,1.0,32:32,2015,2016
2015-16,2037,Jamal Crawford,Jamal,1610612746,LAC,LA Clippers,21500822,2016-02-20T00:00:00,LAC vs. GSW,L,37.6,4.0,2.0,9.0,8.0,14.0,14.0,27.0,48.0,0.0,0.0,1.0,5.0,40.1,1,13074,13074,13074,1722,2460,4731,184,3109,22292,24300,26031,192,8004,1,4972,1539,2345,1.0,37:33,2015,2016
2015-16,201937,Ricky Rubio,Ricky,1610612750,MIN,Minnesota Timberwolves,21500821,2016-02-20T00:00:00,MIN vs. NYK,L,35.2,4.0,0.0,0.0,2.0,0.0,14.0,2.0,26.0,0.0,1.0,2.0,4.0,42.2,1,13074,13074,13074,3376,2460,10158,9917,12984,1,24300,4025,7214,8004,17214,11390,2748,1892,1.0,35:13,2015,2016
2015-16,203487,Michael Carter-Williams,Michael,1610612749,MIL,Milwaukee Bucks,21500819,2016-02-20T00:00:00,MIL @ ATL,W,38.5,0.0,0.0,2.0,4.0,17.0,7.0,11.0,36.0,3.0,1.0,5.0,8.0,41.8,1,1,1,1,1281,12059,10158,4675,8599,24337,15642,21342,1943,347,17214,24686,254,1981,1.0,38:29,2015,2016
2015-16,203952,Andrew Wiggins,Andrew,1610612750,MIN,Minnesota Timberwolves,21500821,2016-02-20T00:00:00,MIN vs. NYK,L,36.2,5.0,0.0,5.0,10.0,0.0,16.0,0.0,26.0,2.0,0.0,2.0,4.0,41.0,1,13074,13074,13074,2623,1603,10158,1277,1840,1,25155,1,7214,932,1,11390,2748,2143,1.0,36:11,2015,2016
2015-16,203124,Kyle O'Quinn,Kyle,1610612752,NYK,New York Knicks,21500821,2016-02-20T00:00:00,NYK @ MIN,W,9.3,0.0,0.0,0.0,0.0,8.0,4.0,3.0,8.0,3.0,0.0,3.0,0.0,15.2,1,1,1,1,22735,12059,10158,9917,18861,13914,8458,7328,21543,347,1,17641,18762,15219,1.0,9:15,2015,2016
2015-16,2757,Beno Udrih,Beno,1610612748,MIA,Miami Heat,21500820,2016-02-20T00:00:00,MIA vs. WAS,W,18.1,1.0,0.0,0.0,2.0,0.0,2.0,1.0,14.0,0.0,0.0,1.0,1.0,11.8,1,1,1,1,17465,11535,10158,9917,12984,1,3734,3646,17019,8004,1,4972,12373,17832,1.0,18:04,2015,2016
2015-16,1626159,Justise Winslow,Justise,1610612748,MIA,Miami Heat,21500820,2016-02-20T00:00:00,MIA vs. WAS,W,25.8,0.0,3.0,2.0,12.0,1.0,7.0,3.0,28.0,0.0,0.0,2.0,3.0,20.7,1,1,1,1,11030,12059,3104,4675,988,2356,15642,7328,5824,8004,1,11390,4736,11252,1.0,25:47,2015,2016
2015-16,201167,Arron Afflalo,Arron,1610612752,NYK,New York Knicks,21500821,2016-02-20T00:00:00,NYK @ MIN,W,39.4,2.0,0.0,0.0,0.0,22.0,4.0,14.0,36.0,0.0,2.0,1.0,0.0,20.3,1,1,1,1,920,6026,10158,9917,18861,25683,8458,23710,1943,8004,23588,4972,18762,11534,1.0,39:24,2015,2016
2015-16,2736,Luol Deng,Luol,1610612748,MIA,Miami Heat,21500820,2016-02-20T00:00:00,MIA vs. WAS,W,34.9,0.0,7.0,2.0,16.0,1.0,15.0,4.0,36.0,0.0,1.0,2.0,4.0,48.0,1,1,1,1,3581,12059,292,4675,275,2356,24781,8806,1943,8004,17214,11390,2748,960,1.0,34:56,2015,2016
2015-16,201577,Robin Lopez,Robin,1610612752,NYK,New York Knicks,21500821,2016-02-20T00:00:00,NYK @ MIN,W,36.1,0.0,12.0,0.0,20.0,16.0,2.0,13.0,32.0,3.0,0.0,5.0,2.0,49.2,1,1,1,1,2697,12059,6,9917,59,23774,3734,23048,3535,347,1,24686,7786,842,1.0,36:04,2015,2016
2015-16,201599,DeAndre Jordan,DeAndre,1610612746,LAC,LA Clippers,21500822,2016-02-20T00:00:00,LAC vs. GSW,L,36.5,1.0,4.0,0.0,14.0,14.0,10.0,29.0,48.0,2.0,0.0,2.0,3.0,55.7,1,13074,13074,13074,2374,11535,1596,9917,542,22292,20509,26054,192,932,1,11390,4736,365,1.0,36:33,2015,2016
2015-16,201939,Stephen Curry,Stephen,1610612744,GSW,Golden State Warriors,21500822,2016-02-20T00:00:00,GSW @ LAC,W,35.5,0.0,3.0,4.0,4.0,15.0,13.0,13.0,36.0,0.0,1.0,2.0,10.0,46.1,1,1,1,1,3136,12059,3104,1913,8599,23079,23668,23048,1943,8004,17214,11390,76,1185,1.0,35:30,2015,2016
2015-16,203471,Dennis Schröder,Dennis,1610612737,ATL,Atlanta Hawks,21500819,2016-02-20T00:00:00,ATL vs. MIL,L,40.4,7.0,3.0,5.0,10.0,10.0,13.0,9.0,38.0,1.0,4.0,5.0,5.0,50.6,1,13074,13074,13074,623,548,3104,1277,1840,17370,23668,18829,1422,2692,25926,24686,1539,691,1.0,40:24,2015,2016
2015-16,203953,Jabari Parker,Jabari,1610612749,MIL,Milwaukee Bucks,21500819,2016-02-20T00:00:00,MIL @ ATL,W,51.3,9.0,7.0,2.0,18.0,17.0,6.0,13.0,42.0,0.0,4.0,1.0,4.0,46.6,1,1,1,1,7,171,292,4675,131,24337,13237,23048,670,8004,25926,4972,2748,1122,1.0,51:19,2015,2016
2015-16,201162,Jared Dudley,Jared,1610612764,WAS,Washington Wizards,21500820,2016-02-20T00:00:00,WAS @ MIA,L,25.7,0.0,5.0,0.0,6.0,4.0,6.0,11.0,42.0,0.0,0.0,2.0,3.0,24.0,1,13074,13074,13074,11135,12059,995,9917,5299,6141,13237,21342,670,8004,1,11390,4736,9121,1.0,25:40,2015,2016
2015-16,101108,Chris Paul,Chris,1610612746,LAC,LA Clippers,21500822,2016-02-20T00:00:00,LAC vs. GSW,L,34.9,0.0,0.0,2.0,12.0,13.0,5.0,28.0,52.0,0.0,0.0,2.0,4.0,43.4,1,13074,13074,13074,3617,12059,10158,4675,988,21300,11469,26047,59,8004,1,11390,2748,1662,1.0,34:54,2015,2016
2015-16,202691,Klay Thompson,Klay,1610612744,GSW,Golden State Warriors,21500822,2016-02-20T00:00:00,GSW @ LAC,W,39.5,5.0,5.0,9.0,14.0,10.0,7.0,9.0,38.0,0.0,0.0,1.0,4.0,53.9,1,1,1,1,879,1603,995,184,542,17370,15642,18829,1422,8004,1,4972,2748,459,1.0,39:31,2015,2016
2015-16,101162,Marcin Gortat,Marcin,1610612764,WAS,Washington Wizards,21500820,2016-02-20T00:00:00,WAS @ MIA,L,30.7,0.0,2.0,0.0,12.0,6.0,14.0,13.0,46.0,0.0,2.0,1.0,4.0,35.6,1,13074,13074,13074,6930,12059,4731,9917,988,10028,24300,23048,298,8004,23588,4972,2748,3615,1.0,30:44,2015,2016
2015-16,203114,Khris Middleton,Khris,1610612749,MIL,Milwaukee Bucks,21500819,2016-02-20T00:00:00,MIL @ ATL,W,47.6,4.0,2.0,4.0,2.0,21.0,10.0,11.0,38.0,2.0,0.0,2.0,3.0,36.8,1,1,1,1,30,2460,4731,1913,12984,25535,20509,21342,1422,932,1,11390,4736,3241,1.0,47:35,2015,2016
2015-16,200794,Paul Millsap,Paul,1610612737,ATL,Atlanta Hawks,21500819,2016-02-20T00:00:00,ATL vs. MIL,L,46.2,5.0,4.0,0.0,16.0,19.0,26.0,18.0,50.0,2.0,2.0,3.0,7.0,55.2,1,13074,13074,13074,54,1603,1596,9917,275,25074,26061,25228,107,932,23588,17641,469,387,1.0,46:12,2015,2016
2015-16,203110,Draymond Green,Draymond,1610612744,GSW,Golden State Warriors,21500822,2016-02-20T00:00:00,GSW @ LAC,W,37.7,0.0,0.0,4.0,18.0,10.0,9.0,9.0,40.0,0.0,1.0,2.0,1.0,44.2,1,1,1,1,1636,12059,10158,1913,131,17370,19144,18829,983,8004,17214,11390,12373,1515,1.0,37:44,2015,2016
2015-16,202355,Hassan Whiteside,Hassan,1610612748,MIA,Miami Heat,21500820,2016-02-20T00:00:00,MIA vs. WAS,W,29.3,2.0,10.0,0.0,22.0,0.0,14.0,1.0,30.0,2.0,0.0,3.0,5.0,57.6,1,1,1,1,8122,6026,34,9917,25,1,24300,3646,4541,932,1,17641,1539,287,1.0,29:18,2015,2016
2015-16,1626157,Karl-Anthony Towns,Karl-Anthony,1610612750,MIN,Minnesota Timberwolves,21500821,2016-02-20T00:00:00,MIN vs. NYK,L,41.3,7.0,4.0,3.0,12.0,4.0,14.0,4.0,30.0,3.0,3.0,2.0,6.0,51.6,1,13074,13074,13074,437,548,1596,3302,988,6141,24300,8806,4541,347,25441,11390,873,604,1.0,41:15,2015,2016
2015-16,2546,Carmelo Anthony,Carmelo,1610612752,NYK,New York Knicks,21500821,2016-02-20T00:00:00,NYK @ MIN,W,41.0,2.0,2.0,2.0,6.0,16.0,4.0,13.0,34.0,0.0,1.0,1.0,4.0,47.2,1,1,1,1,490,6026,4731,4675,5299,23774,8458,23048,2701,8004,17214,4972,2748,1051,1.0,40:59,2015,2016
2015-16,202328,Greg Monroe,Greg,1610612749,MIL,Milwaukee Bucks,21500819,2016-02-20T00:00:00,MIL @ ATL,W,36.1,2.0,9.0,0.0,16.0,13.0,7.0,7.0,30.0,1.0,3.0,2.0,4.0,50.4,1,1,1,1,2669,6026,77,9917,275,21300,15642,15538,4541,2692,25441,11390,2748,714,1.0,36:06,2015,2016
2015-16,201609,Goran Dragic,Goran,1610612748,MIA,Miami Heat,21500820,2016-02-20T00:00:00,MIA vs. WAS,W,29.9,2.0,0.0,9.0,14.0,1.0,15.0,3.0,32.0,1.0,0.0,1.0,6.0,47.4,1,1,1,1,7604,6026,10158,184,542,2356,24781,7328,3535,2692,1,4972,873,1024,1.0,29:56,2015,2016
2015-16,2738,Andre Iguodala,Andre,1610612744,GSW,Golden State Warriors,21500822,2016-02-20T00:00:00,GSW @ LAC,W,29.0,3.0,2.0,3.0,4.0,13.0,10.0,9.0,26.0,0.0,0.0,1.0,3.0,22.3,1,1,1,1,8346,4307,4731,3302,8599,21300,20509,18829,7214,8004,1,4972,4736,10208,1.0,29:02,2015,2016
2015-16,204038,Langston Galloway,Langston,1610612752,NYK,New York Knicks,21500821,2016-02-20T00:00:00,NYK @ MIN,W,23.3,0.0,0.0,2.0,4.0,12.0,6.0,7.0,20.0,0.0,1.0,0.0,1.0,16.8,1,1,1,1,13092,12059,10158,4675,8599,20178,13237,15538,11929,8004,17214,1,12373,13996,1.0,23:20,2015,2016
2015-16,204001,Kristaps Porziņģis,Kristaps,1610612752,NYK,New York Knicks,21500821,2016-02-20T00:00:00,NYK @ MIN,W,11.9,2.0,2.0,0.0,2.0,3.0,0.0,3.0,6.0,1.0,1.0,4.0,1.0,13.4,1,1,1,1,21662,6026,4731,9917,12984,5109,1,7328,22724,2692,17214,22104,12373,16614,1.0,11:51,2015,2016
2015-16,201564,O.J. Mayo,O.J.,1610612749,MIL,Milwaukee Bucks,21500819,2016-02-20T00:00:00,MIL @ ATL,W,38.0,2.0,3.0,5.0,2.0,16.0,7.0,14.0,38.0,0.0,0.0,1.0,3.0,38.4,1,1,1,1,1509,6026,3104,1277,12984,23774,15642,23710,1422,8004,1,4972,4736,2802,1.0,37:59,2015,2016
2015-16,203101,Miles Plumlee,Miles,1610612749,MIL,Milwaukee Bucks,21500819,2016-02-20T00:00:00,MIL @ ATL,W,21.9,0.0,0.0,2.0,6.0,10.0,3.0,11.0,20.0,1.0,0.0,2.0,1.0,17.4,1,1,1,1,14258,12059,10158,4675,5299,17370,7138,21342,11929,2692,1,11390,12373,13595,1.0,21:54,2015,2016
2015-16,203507,Giannis Antetokounmpo,Giannis,1610612749,MIL,Milwaukee Bucks,21500819,2016-02-20T00:00:00,MIL @ ATL,W,38.0,2.0,6.0,4.0,8.0,18.0,7.0,16.0,28.0,2.0,0.0,6.0,4.0,38.9,1,1,1,1,1502,6026,481,1913,3109,24749,15642,24641,5824,932,1,25827,2748,2667,1.0,38:00,2015,2016
2015-16,203912,C.J. Wilcox,C.J.,1610612746,LAC,LA Clippers,21500822,2016-02-20T00:00:00,LAC vs. GSW,L,4.8,0.0,0.0,3.0,0.0,0.0,5.0,0.0,2.0,0.0,0.0,1.0,0.0,10.2,1,13074,13074,13074,24436,12059,10158,3302,18861,1,11469,1,24614,8004,1,4972,18762,19003,1.0,4:47,2015,2016
2015-16,101123,Gerald Green,Gerald,1610612748,MIA,Miami Heat,21500820,2016-02-20T00:00:00,MIA vs. WAS,W,28.9,0.0,0.0,2.0,0.0,1.0,9.0,3.0,30.0,1.0,2.0,2.0,1.0,10.4,1,1,1,1,8463,12059,10158,4675,18861,2356,19144,7328,4541,2692,23588,11390,12373,18859,1.0,28:53,2015,2016
2015-16,200757,Thabo Sefolosha,Thabo,1610612737,ATL,Atlanta Hawks,21500819,2016-02-20T00:00:00,ATL vs. MIL,L,33.8,5.0,3.0,4.0,4.0,6.0,13.0,7.0,32.0,0.0,2.0,5.0,3.0,25.7,1,13074,13074,13074,4548,1603,3104,1913,8599,10028,23668,15538,3535,8004,23588,24686,4736,8088,1.0,33:45,2015,2016
2015-16,203084,Harrison Barnes,Harrison,1610612744,GSW,Golden State Warriors,21500822,2016-02-20T00:00:00,GSW @ LAC,W,29.0,4.0,2.0,8.0,4.0,12.0,8.0,13.0,28.0,0.0,0.0,3.0,3.0,25.5,1,1,1,1,8412,2460,4731,280,8599,20178,17345,23048,5824,8004,1,17641,4736,8230,1.0,28:57,2015,2016
2015-16,1626196,Josh Richardson,Josh,1610612748,MIA,Miami Heat,21500820,2016-02-20T00:00:00,MIA vs. WAS,W,35.2,0.0,2.0,0.0,0.0,0.0,14.0,1.0,34.0,3.0,1.0,2.0,1.0,25.7,1,1,1,1,3357,12059,4731,9917,18861,1,24300,3646,2701,347,17214,11390,12373,8088,1.0,35:14,2015,2016
2015-16,203118,Mike Scott,Mike,1610612737,ATL,Atlanta Hawks,21500819,2016-02-20T00:00:00,ATL vs. MIL,L,18.7,0.0,0.0,0.0,6.0,4.0,4.0,7.0,12.0,0.0,0.0,2.0,0.0,9.8,1,13074,13074,13074,16967,12059,10158,9917,5299,6141,8458,15538,18637,8004,1,11390,18762,19331,1.0,18:41,2015,2016
2015-16,203476,Gorgui Dieng,Gorgui,1610612750,MIN,Minnesota Timberwolves,21500821,2016-02-20T00:00:00,MIN vs. NYK,L,24.7,0.0,2.0,0.0,0.0,2.0,12.0,0.0,30.0,1.0,1.0,2.0,1.0,10.1,1,13074,13074,13074,11912,12059,4731,9917,18861,2619,22832,1,4541,2692,17214,11390,12373,19105,1.0,24:43,2015,2016
2015-16,202693,Markieff Morris,Markieff,1610612764,WAS,Washington Wizards,21500820,2016-02-20T00:00:00,WAS @ MIA,L,20.6,0.0,2.0,0.0,2.0,3.0,16.0,4.0,24.0,1.0,1.0,5.0,1.0,19.3,1,13074,13074,13074,15436,12059,4731,9917,12984,5109,25155,8806,8723,2692,17214,24686,12373,12228,1.0,20:33,2015,2016
2015-16,203501,Tim Hardaway Jr.,Tim,1610612737,ATL,Atlanta Hawks,21500819,2016-02-20T00:00:00,ATL vs. MIL,L,14.4,0.0,0.0,2.0,4.0,2.0,3.0,2.0,12.0,1.0,0.0,2.0,1.0,14.2,1,13074,13074,13074,20162,12059,10158,4675,8599,2619,7138,4025,18637,2692,1,11390,12373,16003,1.0,14:24,2015,2016
2015-16,2400,Drew Gooden,Drew,1610612764,WAS,Washington Wizards,21500820,2016-02-20T00:00:00,WAS @ MIA,L,4.6,0.0,0.0,0.0,2.0,0.0,3.0,2.0,8.0,1.0,0.0,2.0,1.0,10.4,1,13074,13074,13074,24519,12059,10158,9917,12984,1,7138,4025,21543,2692,1,11390,12373,18859,1.0,4:34,2015,2016
2015-16,203143,Pablo Prigioni,Pablo,1610612746,LAC,LA Clippers,21500822,2016-02-20T00:00:00,LAC vs. GSW,L,10.0,6.0,3.0,3.0,0.0,3.0,6.0,4.0,4.0,0.0,0.0,2.0,1.0,14.6,1,13074,13074,13074,22457,878,3104,3302,18861,5109,13237,8806,23698,8004,1,11390,12373,15699,1.0,9:58,2015,2016
2015-16,203498,Shabazz Muhammad,Shabazz,1610612750,MIN,Minnesota Timberwolves,21500821,2016-02-20T00:00:00,MIN vs. NYK,L,32.5,4.0,0.0,4.0,12.0,6.0,6.0,4.0,26.0,0.0,1.0,1.0,2.0,25.6,1,13074,13074,13074,5470,2460,10158,1913,988,10028,13237,8806,7214,8004,17214,4972,7786,8157,1.0,32:32,2015,2016
2015-16,202322,John Wall,John,1610612764,WAS,Washington Wizards,21500820,2016-02-20T00:00:00,WAS @ MIA,L,33.4,0.0,2.0,2.0,4.0,7.0,19.0,13.0,54.0,1.0,3.0,1.0,1.0,23.8,1,13074,13074,13074,4850,12059,4731,4675,8599,12242,25786,23048,35,2692,25441,4972,12373,9261,1.0,33:21,2015,2016
2015-16,203078,Bradley Beal,Bradley,1610612764,WAS,Washington Wizards,21500820,2016-02-20T00:00:00,WAS @ MIA,L,29.2,0.0,0.0,0.0,8.0,5.0,19.0,4.0,40.0,0.0,1.0,4.0,4.0,23.1,1,13074,13074,13074,8181,12059,10158,9917,3109,8403,25786,8806,983,8004,17214,22104,2748,9699,1.0,29:14,2015,2016
2015-16,201952,Jeff Teague,Jeff,1610612737,ATL,Atlanta Hawks,21500819,2016-02-20T00:00:00,ATL vs. MIL,L,17.7,3.0,0.0,4.0,4.0,9.0,14.0,12.0,20.0,0.0,2.0,2.0,2.0,14.9,1,13074,13074,13074,17723,4307,10158,1913,8599,15771,24300,22259,11929,8004,23588,11390,7786,15463,1.0,17:44,2015,2016
2015-16,101181,Jose Calderon,Jose,1610612752,NYK,New York Knicks,21500821,2016-02-20T00:00:00,NYK @ MIN,W,34.8,0.0,0.0,0.0,2.0,16.0,0.0,13.0,30.0,0.0,0.0,2.0,1.0,18.7,1,1,1,1,3724,12059,10158,9917,12984,23774,1,23048,4541,8004,1,11390,12373,12648,1.0,34:46,2015,2016
2015-16,2405,Amar'e Stoudemire,Amar'e,1610612748,MIA,Miami Heat,21500820,2016-02-20T00:00:00,MIA vs. WAS,W,16.6,2.0,0.0,0.0,2.0,1.0,3.0,3.0,14.0,2.0,0.0,4.0,0.0,19.2,1,1,1,1,18617,6026,10158,9917,12984,2356,7138,7328,17019,932,1,22104,18762,12284,1.0,16:33,2015,2016
2015-16,202498,Lance Thomas,Lance,1610612752,NYK,New York Knicks,21500821,2016-02-20T00:00:00,NYK @ MIN,W,25.9,0.0,0.0,0.0,8.0,17.0,4.0,11.0,24.0,0.0,1.0,2.0,0.0,18.5,1,1,1,1,10956,12059,10158,9917,3109,24337,8458,21342,8723,8004,17214,11390,18762,12794,1.0,25:52,2015,2016
2015-16,2756,Sasha Vujacic,Sasha,1610612752,NYK,New York Knicks,21500821,2016-02-20T00:00:00,NYK @ MIN,W,7.3,0.0,0.0,0.0,0.0,2.0,4.0,0.0,8.0,0.0,0.0,1.0,0.0,3.0,1,1,1,1,23470,12059,10158,9917,18861,2619,8458,1,21543,8004,1,4972,18762,23648,1.0,7:17,2015,2016
2015-16,2403,Nene,ene,1610612764,WAS,Washington Wizards,21500820,2016-02-20T00:00:00,WAS @ MIA,L,12.7,0.0,0.0,0.0,4.0,1.0,5.0,0.0,16.0,0.0,0.0,1.0,1.0,7.9,1,13074,13074,13074,21134,12059,10158,9917,8599,2356,11469,1,15259,8004,1,4972,12373,20646,1.0,12:42,2015,2016
2015-16,1626173,Rashad Vaughn,Rashad,1610612749,MIL,Milwaukee Bucks,21500819,2016-02-20T00:00:00,MIL @ ATL,W,18.6,0.0,0.0,2.0,2.0,3.0,3.0,7.0,18.0,1.0,0.0,2.0,0.0,8.2,1,1,1,1,16991,12059,10158,4675,12984,5109,7138,15538,13577,2692,1,11390,18762,20416,1.0,18:38,2015,2016
2015-16,2617,Udonis Haslem,Udonis,1610612748,MIA,Miami Heat,21500820,2016-02-20T00:00:00,MIA vs. WAS,W,2.2,0.0,0.0,0.0,0.0,0.0,0.0,0.0,2.0,0.0,0.0,1.0,0.0,3.0,1,1,1,1,25468,12059,10158,9917,18861,1,1,1,24614,8004,1,4972,18762,23648,1.0,2:09,2015,2016
2015-16,203145,Kent Bazemore,Kent,1610612737,ATL,Atlanta Hawks,21500819,2016-02-20T00:00:00,ATL vs. MIL,L,26.0,0.0,0.0,0.0,0.0,13.0,16.0,17.0,30.0,0.0,0.0,2.0,1.0,16.0,1,13074,13074,13074,10877,12059,10158,9917,18861,21300,25155,24967,4541,8004,1,11390,12373,14590,1.0,25:58,2015,2016
2015-16,201196,Ramon Sessions,Ramon,1610612764,WAS,Washington Wizards,21500820,2016-02-20T00:00:00,WAS @ MIA,L,24.8,0.0,2.0,1.0,6.0,3.0,14.0,2.0,36.0,0.0,2.0,0.0,2.0,16.4,1,13074,13074,13074,11841,12059,4731,9347,5299,5109,24300,4025,1943,8004,23588,1,7786,14289,1.0,24:47,2015,2016
2015-16,2594,Kyle Korver,Kyle,1610612737,ATL,Atlanta Hawks,21500819,2016-02-20T00:00:00,ATL vs. MIL,L,40.4,3.0,0.0,3.0,0.0,17.0,22.0,16.0,42.0,0.0,0.0,4.0,1.0,20.7,1,13074,13074,13074,621,4307,10158,3302,18861,24337,25991,24641,670,8004,1,22104,12373,11252,1.0,40:25,2015,2016
2015-16,203490,Otto Porter Jr.,Otto,1610612764,WAS,Washington Wizards,21500820,2016-02-20T00:00:00,WAS @ MIA,L,32.5,1.0,4.0,1.0,0.0,4.0,8.0,13.0,46.0,1.0,0.0,1.0,1.0,21.4,1,13074,13074,13074,5530,11535,1596,9347,18861,6141,17345,23048,298,2692,1,4972,12373,10807,1.0,32:28,2015,2016
2015-16,201575,Brandon Rush,Brandon,1610612744,GSW,Golden State Warriors,21500822,2016-02-20T00:00:00,GSW @ LAC,W,27.0,0.0,2.0,2.0,6.0,13.0,18.0,14.0,32.0,1.0,0.0,0.0,1.0,21.5,1,1,1,1,9980,12059,4731,4675,5299,21300,25634,23710,3535,2692,1,1,12373,10755,1.0,27:03,2015,2016
2015-16,200755,JJ Redick,JJ,1610612746,LAC,LA Clippers,21500822,2016-02-20T00:00:00,LAC vs. GSW,L,27.2,4.0,5.0,2.0,6.0,8.0,9.0,13.0,36.0,0.0,0.0,5.0,1.0,18.2,1,13074,13074,13074,9872,2460,995,4675,5299,13914,19144,23048,1943,8004,1,24686,12373,13004,1.0,27:10,2015,2016
2015-16,201145,Jeff Green,Jeff,1610612746,LAC,LA Clippers,21500822,2016-02-20T00:00:00,LAC vs. GSW,L,19.7,0.0,0.0,0.0,2.0,5.0,4.0,19.0,24.0,0.0,1.0,3.0,3.0,5.9,1,13074,13074,13074,16148,12059,10158,9917,12984,8403,8458,25435,8723,8004,17214,17641,4736,21953,1.0,19:42,2015,2016
2015-16,1627293,Alex Stepheson,Alex,1610612746,LAC,LA Clippers,21500822,2016-02-20T00:00:00,LAC vs. GSW,L,1.7,0.0,0.0,0.0,0.0,0.0,0.0,0.0,0.0,0.0,0.0,0.0,0.0,1.2,1,13074,13074,13074,25637,12059,10158,9917,18861,1,1,1,25429,8004,1,1,18762,24661,1.0,1:39,2015,2016
2015-16,202066,Garrett Temple,Garrett,1610612764,WAS,Washington Wizards,21500820,2016-02-20T00:00:00,WAS @ MIA,L,16.7,0.0,0.0,0.0,0.0,2.0,0.0,9.0,24.0,0.0,0.0,3.0,1.0,1.2,1,13074,13074,13074,18521,12059,10158,9917,18861,2619,1,18829,8723,8004,1,17641,12373,24661,1.0,16:40,2015,2016
2015-16,201177,Josh McRoberts,Josh,1610612748,MIA,Miami Heat,21500820,2016-02-20T00:00:00,MIA vs. WAS,W,19.2,0.0,0.0,0.0,2.0,0.0,6.0,1.0,10.0,0.0,0.0,2.0,2.0,11.1,1,1,1,1,16559,12059,10158,9917,12984,1,13237,3646,20209,8004,1,11390,7786,18370,1.0,19:10,2015,2016
2015-16,202083,Wesley Matthews,Wesley,1610612742,DAL,Dallas Mavericks,21500805,2016-02-19T00:00:00,DAL @ ORL,L,36.8,0.0,0.0,0.0,2.0,13.0,3.0,2.0,22.0,0.0,0.0,2.0,0.0,10.6,1,13074,13074,13074,2237,12059,10158,9917,12984,21300,7138,4025,10265,8004,1,11390,18762,18723,1.0,36:47,2015,2016
2015-16,201603,Sonny Weems,Sonny,1610612756,PHX,Phoenix Suns,21500814,2016-02-19T00:00:00,PHX vs. HOU,L,16.6,0.0,0.0,0.0,2.0,7.0,4.0,9.0,12.0,0.0,0.0,2.0,0.0,5.7,1,13074,13074,13074,18605,12059,10158,9917,12984,12242,8458,18829,18637,8004,1,11390,18762,22054,1.0,16:34,2015,2016
2015-16,202730,Lavoy Allen,Lavoy,1610612754,IND,Indiana Pacers,21500812,2016-02-19T00:00:00,IND @ OKC,W,12.4,0.0,0.0,0.0,2.0,0.0,2.0,0.0,10.0,0.0,0.0,1.0,2.0,5.6,1,1,1,1,21307,12059,10158,9917,12984,1,3734,1,20209,8004,1,4972,7786,22133,1.0,12:26,2015,2016
2015-16,2199,Tyson Chandler,Tyson,1610612756,PHX,Phoenix Suns,21500814,2016-02-19T00:00:00,PHX vs. HOU,L,7.8,0.0,0.0,0.0,2.0,4.0,6.0,7.0,12.0,0.0,0.0,1.0,0.0,5.6,1,13074,13074,13074,23261,12059,10158,9917,12984,6141,13237,15538,18637,8004,1,4972,18762,22133,1.0,7:49,2015,2016
2015-16,203503,Tony Snell,Tony,1610612741,CHI,Chicago Bulls,21500809,2016-02-19T00:00:00,CHI vs. TOR,W,10.8,0.0,0.0,0.0,0.0,4.0,2.0,4.0,8.0,1.0,0.0,2.0,0.0,5.9,1,1,1,1,22127,12059,10158,9917,18861,6141,3734,8806,21543,2692,1,11390,18762,21953,1.0,10:46,2015,2016
2015-16,1626168,Trey Lyles,Trey,1610612762,UTA,Utah Jazz,21500817,2016-02-19T00:00:00,UTA vs. BOS,W,7.6,2.0,0.0,2.0,2.0,3.0,0.0,3.0,4.0,0.0,0.0,1.0,0.0,5.9,1,1,1,1,23360,6026,10158,4675,12984,5109,1,7328,23698,8004,1,4972,18762,21953,1.0,7:35,2015,2016
2015-16,2757,Beno Udrih,Beno,1610612748,MIA,Miami Heat,21500808,2016-02-19T00:00:00,MIA @ ATL,W,14.7,0.0,0.0,0.0,0.0,12.0,2.0,2.0,12.0,0.0,0.0,1.0,1.0,5.5,1,1,1,1,19969,12059,10158,9917,18861,20178,3734,4025,18637,8004,1,4972,12373,22196,1.0,14:41,2015,2016
2015-16,1626173,Rashad Vaughn,Rashad,1610612749,MIL,Milwaukee Bucks,21500813,2016-02-19T00:00:00,MIL vs. CHA,L,14.6,0.0,0.0,0.0,2.0,7.0,4.0,4.0,14.0,0.0,1.0,0.0,0.0,5.5,1,13074,13074,13074,20048,12059,10158,9917,12984,12242,8458,8806,17019,8004,17214,1,18762,22196,1.0,14:35,2015,2016
2015-16,201147,Corey Brewer,Corey,1610612745,HOU,Houston Rockets,21500814,2016-02-19T00:00:00,HOU @ PHX,W,21.3,0.0,0.0,2.0,0.0,17.0,8.0,16.0,24.0,0.0,1.0,2.0,1.0,10.6,1,1,1,1,14816,12059,10158,4675,18861,24337,17345,24641,8723,8004,17214,11390,12373,18723,1.0,21:17,2015,2016
2015-16,1626179,Terry Rozier,Terry,1610612738,BOS,Boston Celtics,21500817,2016-02-19T00:00:00,BOS @ UTA,L,3.1,0.0,0.0,0.0,0.0,0.0,2.0,0.0,2.0,0.0,0.0,0.0,1.0,2.0,1,13074,13074,13074,25087,12059,10158,9917,18861,1,3734,1,24614,8004,1,1,12373,24216,1.0,3:06,2015,2016
2015-16,203613,Jonathon Simmons,Jonathon,1610612759,SAS,San Antonio Spurs,21500818,2016-02-19T00:00:00,SAS @ LAL,W,18.4,0.0,2.0,0.0,2.0,6.0,8.0,7.0,28.0,0.0,0.0,0.0,0.0,11.1,1,1,1,1,17177,12059,4731,9917,12984,10028,17345,15538,5824,8004,1,1,18762,18370,1.0,18:24,2015,2016
2015-16,201585,Kosta Koufos,Kosta,1610612758,SAC,Sacramento Kings,21500816,2016-02-19T00:00:00,SAC vs. DEN,W,9.5,0.0,0.0,0.0,0.0,6.0,5.0,4.0,14.0,1.0,0.0,2.0,0.0,2.0,1,1,1,1,22614,12059,10158,9917,18861,10028,11469,8806,17019,2692,1,11390,18762,24216,1.0,9:33,2015,2016
2015-16,201148,Brandan Wright,Brandan,1610612763,MEM,Memphis Grizzlies,21500810,2016-02-19T00:00:00,MEM vs. MIN,W,16.9,4.0,0.0,4.0,4.0,6.0,6.0,6.0,16.0,0.0,1.0,1.0,1.0,11.4,1,1,1,1,18350,2460,10158,1913,8599,10028,13237,13388,15259,8004,17214,4972,12373,18134,1.0,16:54,2015,2016
2015-16,2617,Udonis Haslem,Udonis,1610612748,MIA,Miami Heat,21500808,2016-02-19T00:00:00,MIA @ ATL,W,11.8,0.0,0.0,0.0,2.0,12.0,2.0,0.0,14.0,0.0,0.0,1.0,2.0,11.1,1,1,1,1,21670,12059,10158,9917,12984,20178,3734,1,17019,8004,1,4972,7786,18370,1.0,11:50,2015,2016
2015-16,203079,Dion Waiters,Dion,1610612760,OKC,Oklahoma City Thunder,21500812,2016-02-19T00:00:00,OKC vs. IND,L,31.6,0.0,0.0,0.0,0.0,13.0,6.0,11.0,28.0,0.0,1.0,2.0,1.0,11.4,1,13074,13074,13074,6254,12059,10158,9917,18861,21300,13237,21342,5824,8004,17214,11390,12373,18134,1.0,31:34,2015,2016
2015-16,202687,Bismack Biyombo,Bismack,1610612761,TOR,Toronto Raptors,21500809,2016-02-19T00:00:00,TOR @ CHI,L,15.4,0.0,0.0,0.0,0.0,3.0,5.0,5.0,18.0,2.0,0.0,4.0,2.0,11.1,1,13074,13074,13074,19514,12059,10158,9917,18861,5109,11469,11593,13577,932,1,22104,7786,18370,1.0,15:21,2015,2016
2015-16,202693,Markieff Morris,Markieff,1610612764,WAS,Washington Wizards,21500806,2016-02-19T00:00:00,WAS vs. DET,W,22.1,2.0,0.0,2.0,0.0,11.0,3.0,5.0,16.0,0.0,0.0,3.0,1.0,6.4,1,1,1,1,14132,6026,10158,4675,18861,18886,7138,11593,15259,8004,1,17641,12373,21589,1.0,22:03,2015,2016
2015-16,1626156,D'Angelo Russell,D'Angelo,1610612747,LAL,Los Angeles Lakers,21500818,2016-02-19T00:00:00,LAL vs. SAS,L,26.0,0.0,2.0,0.0,4.0,7.0,10.0,4.0,32.0,0.0,1.0,2.0,2.0,10.7,1,13074,13074,13074,10854,12059,4731,9917,8599,12242,20509,8806,3535,8004,17214,11390,7786,18636,1.0,25:59,2015,2016
2015-16,2571,Leandro Barbosa,Leandro,1610612744,GSW,Golden State Warriors,21500815,2016-02-19T00:00:00,GSW @ POR,L,19.5,1.0,1.0,2.0,2.0,8.0,8.0,14.0,18.0,0.0,1.0,0.0,3.0,10.7,1,13074,13074,13074,16287,11535,9709,4675,12984,13914,17345,23710,13577,8004,17214,1,4736,18636,1.0,19:33,2015,2016
2015-16,201228,C.J. Watson,C.J.,1610612753,ORL,Orlando Magic,21500805,2016-02-19T00:00:00,ORL vs. DAL,W,7.7,0.0,0.0,0.0,0.0,2.0,0.0,0.0,6.0,0.0,0.0,0.0,0.0,1.2,1,1,1,1,23330,12059,10158,9917,18861,2619,1,1,22724,8004,1,1,18762,24661,1.0,7:40,2015,2016
2015-16,1626196,Josh Richardson,Josh,1610612748,MIA,Miami Heat,21500808,2016-02-19T00:00:00,MIA @ ATL,W,19.7,4.0,0.0,2.0,4.0,10.0,0.0,2.0,14.0,0.0,1.0,2.0,0.0,11.2,1,1,1,1,16167,2460,10158,4675,8599,17370,1,4025,17019,8004,17214,11390,18762,18267,1.0,19:41,2015,2016
2015-16,203461,Anthony Bennett,Anthony,1610612761,TOR,Toronto Raptors,21500809,2016-02-19T00:00:00,TOR @ CHI,L,4.6,0.0,0.0,0.0,2.0,0.0,0.0,1.0,2.0,0.0,1.0,0.0,0.0,6.2,1,13074,13074,13074,24495,12059,10158,9917,12984,1,1,3646,24614,8004,17214,1,18762,21696,1.0,4:38,2015,2016
2015-16,2400,Drew Gooden,Drew,1610612764,WAS,Washington Wizards,21500806,2016-02-19T00:00:00,WAS vs. DET,W,2.5,0.0,0.0,0.0,0.0,3.0,0.0,0.0,0.0,0.0,0.0,0.0,0.0,1.4,1,1,1,1,25350,12059,10158,9917,18861,5109,1,1,25429,8004,1,1,18762,24615,1.0,2:27,2015,2016
2015-16,203124,Kyle O'Quinn,Kyle,1610612752,NYK,New York Knicks,21500807,2016-02-19T00:00:00,NYK @ BKN,L,7.2,0.0,0.0,0.0,2.0,4.0,0.0,10.0,4.0,1.0,0.0,1.0,1.0,6.2,1,13074,13074,13074,23503,12059,10158,9917,12984,6141,1,20169,23698,2692,1,4972,12373,21696,1.0,7:10,2015,2016
2015-16,203900,Markel Brown,Markel,1610612751,BKN,Brooklyn Nets,21500807,2016-02-19T00:00:00,BKN vs. NYK,W,9.6,2.0,0.0,2.0,2.0,4.0,2.0,5.0,12.0,0.0,0.0,0.0,1.0,6.2,1,1,1,1,22581,6026,10158,4675,12984,6141,3734,11593,18637,8004,1,1,12373,21696,1.0,9:37,2015,2016
2015-16,201973,Jonas Jerebko,Jonas,1610612738,BOS,Boston Celtics,21500817,2016-02-19T00:00:00,BOS @ UTA,L,16.2,0.0,0.0,0.0,2.0,5.0,7.0,4.0,8.0,0.0,1.0,3.0,1.0,6.4,1,13074,13074,13074,18859,12059,10158,9917,12984,8403,15642,8806,21543,8004,17214,17641,12373,21589,1.0,16:14,2015,2016
2015-16,203524,Solomon Hill,Solomon,1610612754,IND,Indiana Pacers,21500812,2016-02-19T00:00:00,IND @ OKC,W,13.4,0.0,0.0,0.0,0.0,0.0,3.0,6.0,10.0,0.0,0.0,2.0,0.0,1.2,1,1,1,1,20728,12059,10158,9917,18861,1,7138,13388,20209,8004,1,11390,18762,24661,1.0,13:26,2015,2016
2015-16,2449,Luis Scola,Luis,1610612761,TOR,Toronto Raptors,21500809,2016-02-19T00:00:00,TOR @ CHI,L,15.2,0.0,0.0,0.0,2.0,3.0,7.0,2.0,14.0,1.0,0.0,2.0,1.0,11.0,1,13074,13074,13074,19627,12059,10158,9917,12984,5109,15642,4025,17019,2692,1,11390,12373,18430,1.0,15:11,2015,2016
2015-16,201171,Carl Landry,Carl,1610612755,PHI,Philadelphia 76ers,21500811,2016-02-19T00:00:00,PHI @ NOP,L,8.1,0.0,0.0,0.0,0.0,6.0,0.0,4.0,8.0,0.0,0.0,0.0,0.0,3.2,1,13074,13074,13074,23143,12059,10158,9917,18861,10028,1,8806,21543,8004,1,1,18762,23473,1.0,8:07,2015,2016
2015-16,203488,Mike Muscala,Mike,1610612737,ATL,Atlanta Hawks,21500808,2016-02-19T00:00:00,ATL vs. MIA,L,6.7,0.0,0.0,0.0,0.0,5.0,0.0,4.0,14.0,0.0,0.0,2.0,1.0,3.2,1,13074,13074,13074,23670,12059,10158,9917,18861,8403,1,8806,17019,8004,1,11390,12373,23473,1.0,6:44,2015,2016
2015-16,203939,Dwight Powell,Dwight,1610612742,DAL,Dallas Mavericks,21500805,2016-02-19T00:00:00,DAL @ ORL,L,4.0,0.0,0.0,0.0,0.0,0.0,0.0,2.0,0.0,0.0,0.0,2.0,0.0,4.2,1,13074,13074,13074,24724,12059,10158,9917,18861,1,1,4025,25429,8004,1,11390,18762,22976,1.0,3:57,2015,2016
2015-16,201229,Anthony Tolliver,Anthony,1610612765,DET,Detroit Pistons,21500806,2016-02-19T00:00:00,DET @ WAS,L,18.4,3.0,0.0,0.0,0.0,0.0,0.0,2.0,10.0,0.0,0.0,3.0,0.0,8.6,1,13074,13074,13074,17163,4307,10158,9917,18861,1,1,4025,20209,8004,1,17641,18762,20125,1.0,18:25,2015,2016
2015-16,1626154,RJ Hunter,RJ,1610612738,BOS,Boston Celtics,21500817,2016-02-19T00:00:00,BOS @ UTA,L,2.7,0.0,0.0,0.0,0.0,0.0,2.0,0.0,2.0,0.0,0.0,0.0,0.0,0.0,1,13074,13074,13074,25241,12059,10158,9917,18861,1,3734,1,24614,8004,1,1,18762,25170,1.0,2:43,2015,2016
2015-16,1626162,Kelly Oubre Jr.,Kelly,1610612764,WAS,Washington Wizards,21500806,2016-02-19T00:00:00,WAS vs. DET,W,2.5,0.0,0.0,2.0,0.0,3.0,0.0,0.0,0.0,0.0,0.0,1.0,1.0,4.4,1,1,1,1,25350,12059,10158,4675,18861,5109,1,1,25429,8004,1,4972,12373,22837,1.0,2:27,2015,2016
2015-16,101179,Ronnie Price,Ronnie,1610612756,PHX,Phoenix Suns,21500814,2016-02-19T00:00:00,PHX vs. HOU,L,23.1,0.0,0.0,0.0,0.0,10.0,4.0,24.0,20.0,1.0,0.0,5.0,1.0,9.7,1,13074,13074,13074,13305,12059,10158,9917,18861,17370,8458,25937,11929,2692,1,24686,12373,19379,1.0,23:05,2015,2016
2015-16,201967,Dante Cunningham,Dante,1610612740,NOP,New Orleans Pelicans,21500811,2016-02-19T00:00:00,NOP vs. PHI,W,31.9,2.0,0.0,2.0,2.0,19.0,2.0,4.0,38.0,0.0,0.0,2.0,0.0,3.4,1,1,1,1,5972,6026,10158,4675,12984,25074,3734,8806,1422,8004,1,11390,18762,23417,1.0,31:54,2015,2016
2015-16,2555,Nick Collison,Nick,1610612760,OKC,Oklahoma City Thunder,21500812,2016-02-19T00:00:00,OKC vs. IND,L,8.7,0.0,0.0,0.0,0.0,2.0,0.0,4.0,10.0,0.0,0.0,2.0,1.0,4.1,1,13074,13074,13074,22958,12059,10158,9917,18861,2619,1,8806,20209,8004,1,11390,12373,23131,1.0,8:42,2015,2016
2015-16,2365,Chris Andersen,Chris,1610612763,MEM,Memphis Grizzlies,21500810,2016-02-19T00:00:00,MEM vs. MIN,W,11.1,0.0,2.0,0.0,4.0,0.0,0.0,0.0,2.0,1.0,0.0,0.0,1.0,9.6,1,1,1,1,21972,12059,4731,9917,8599,1,1,1,24614,2692,1,1,12373,19434,1.0,11:08,2015,2016
2015-16,203516,James Ennis III,James,1610612763,MEM,Memphis Grizzlies,21500810,2016-02-19T00:00:00,MEM vs. MIN,W,4.3,0.0,0.0,0.0,0.0,0.0,0.0,0.0,2.0,0.0,0.0,0.0,2.0,4.0,1,1,1,1,24603,12059,10158,9917,18861,1,1,1,24614,8004,1,1,7786,23142,1.0,4:20,2015,2016
2015-16,1626202,Joe Young,Joe,1610612754,IND,Indiana Pacers,21500812,2016-02-19T00:00:00,IND @ OKC,W,10.0,2.0,0.0,2.0,4.0,0.0,0.0,0.0,4.0,0.0,0.0,0.0,0.0,9.4,1,1,1,1,22429,6026,10158,4675,8599,1,1,1,23698,8004,1,1,18762,19568,1.0,10:01,2015,2016
2015-16,1626191,Chris McCullough,Chris,1610612751,BKN,Brooklyn Nets,21500807,2016-02-19T00:00:00,BKN vs. NYK,W,6.1,0.0,0.0,0.0,0.0,0.0,2.0,3.0,6.0,0.0,0.0,0.0,1.0,5.0,1,1,1,1,23931,12059,10158,9917,18861,1,3734,7328,22724,8004,1,1,12373,22500,1.0,6:05,2015,2016
2015-16,203493,Reggie Bullock Jr.,Reggie,1610612765,DET,Detroit Pistons,21500806,2016-02-19T00:00:00,DET @ WAS,L,2.5,0.0,0.0,0.0,0.0,0.0,0.0,2.0,0.0,0.0,0.0,1.0,0.0,0.0,1,13074,13074,13074,25350,12059,10158,9917,18861,1,1,4025,25429,8004,1,4972,18762,25170,1.0,2:27,2015,2016
2015-16,1626209,Mario Hezonja,Mario,1610612753,ORL,Orlando Magic,21500805,2016-02-19T00:00:00,ORL vs. DAL,W,16.5,2.0,0.0,2.0,2.0,2.0,0.0,3.0,2.0,0.0,0.0,0.0,0.0,9.5,1,1,1,1,18686,6026,10158,4675,12984,2619,1,7328,24614,8004,1,1,18762,19519,1.0,16:28,2015,2016
2015-16,203999,Nikola Jokić,Nikola,1610612743,DEN,Denver Nuggets,21500816,2016-02-19T00:00:00,DEN @ SAC,L,3.7,0.0,0.0,0.0,0.0,0.0,0.0,0.0,2.0,0.0,0.0,4.0,1.0,0.2,1,13074,13074,13074,24849,12059,10158,9917,18861,1,1,1,24614,8004,1,22104,12373,25103,1.0,3:40,2015,2016
2015-16,201946,Tyler Hansbrough,Tyler,1610612766,CHA,Charlotte Hornets,21500813,2016-02-19T00:00:00,CHA @ MIL,W,9.2,0.0,0.0,0.0,0.0,6.0,1.0,3.0,8.0,0.0,1.0,2.0,0.0,0.0,1,1,1,1,22752,12059,10158,9917,18861,10028,3393,7328,21543,8004,17214,11390,18762,25170,1.0,9:13,2015,2016
2015-16,202338,Kevin Seraphin,Kevin,1610612752,NYK,New York Knicks,21500807,2016-02-19T00:00:00,NYK @ BKN,L,5.2,0.0,0.0,0.0,0.0,5.0,2.0,2.0,6.0,0.0,0.0,0.0,0.0,0.2,1,13074,13074,13074,24305,12059,10158,9917,18861,8403,3734,4025,22724,8004,1,1,18762,25103,1.0,5:10,2015,2016
2015-16,203504,Trey Burke,Trey,1610612762,UTA,Utah Jazz,21500817,2016-02-19T00:00:00,UTA vs. BOS,W,17.1,0.0,3.0,0.0,2.0,7.0,3.0,3.0,10.0,0.0,0.0,4.0,2.0,7.0,1,1,1,1,18207,12059,3104,9917,12984,12242,7138,7328,20209,8004,1,22104,7786,21188,1.0,17:06,2015,2016
2015-16,1626145,Tyus Jones,Tyus,1610612750,MIN,Minnesota Timberwolves,21500810,2016-02-19T00:00:00,MIN @ MEM,L,13.7,2.0,2.0,0.0,0.0,8.0,4.0,6.0,14.0,0.0,0.0,1.0,2.0,7.0,1,13074,13074,13074,20597,6026,4731,9917,18861,13914,8458,13388,17019,8004,1,4972,7786,21188,1.0,13:41,2015,2016
2015-16,201978,Chase Budinger,Chase,1610612754,IND,Indiana Pacers,21500812,2016-02-19T00:00:00,IND @ OKC,W,10.0,0.0,0.0,0.0,0.0,3.0,6.0,2.0,6.0,0.0,0.0,0.0,0.0,0.2,1,1,1,1,22449,12059,10158,9917,18861,5109,13237,4025,22724,8004,1,1,18762,25103,1.0,9:59,2015,2016
2015-16,202498,Lance Thomas,Lance,1610612752,NYK,New York Knicks,21500807,2016-02-19T00:00:00,NYK @ BKN,L,11.0,0.0,0.0,0.0,0.0,7.0,0.0,7.0,4.0,0.0,1.0,2.0,0.0,0.4,1,13074,13074,13074,22023,12059,10158,9917,18861,12242,1,15538,23698,8004,17214,11390,18762,25093,1.0,11:01,2015,2016
2015-16,203148,Brian Roberts,Brian,1610612757,POR,Portland Trail Blazers,21500815,2016-02-19T00:00:00,POR vs. GSW,W,4.8,0.0,0.0,0.0,2.0,1.0,1.0,0.0,2.0,0.0,0.0,0.0,0.0,7.0,1,1,1,1,24447,12059,10158,9917,12984,2356,3393,1,24614,8004,1,1,18762,21188,1.0,4:45,2015,2016
2015-16,203138,Hollis Thompson,Hollis,1610612755,PHI,Philadelphia 76ers,21500811,2016-02-19T00:00:00,PHI @ NOP,L,27.4,0.0,0.0,0.0,2.0,10.0,5.0,15.0,32.0,0.0,0.0,3.0,2.0,8.8,1,13074,13074,13074,9663,12059,10158,9917,12984,17370,11469,24242,3535,8004,1,17641,7786,19994,1.0,27:26,2015,2016
2015-16,201627,Anthony Morrow,Anthony,1610612760,OKC,Oklahoma City Thunder,21500812,2016-02-19T00:00:00,OKC vs. IND,L,12.1,3.0,3.0,0.0,2.0,2.0,4.0,4.0,12.0,0.0,0.0,1.0,1.0,5.0,1,13074,13074,13074,21490,4307,3104,9917,12984,2619,8458,8806,18637,8004,1,4972,12373,22500,1.0,12:04,2015,2016
2015-16,202682,Derrick Williams,Derrick,1610612752,NYK,New York Knicks,21500807,2016-02-19T00:00:00,NYK @ BKN,L,11.3,0.0,0.0,0.0,0.0,9.0,4.0,12.0,14.0,0.0,0.0,0.0,0.0,8.9,1,13074,13074,13074,21892,12059,10158,9917,18861,15771,8458,22259,17019,8004,1,1,18762,19914,1.0,11:21,2015,2016
2015-16,2746,Josh Smith,Josh,1610612745,HOU,Houston Rockets,21500814,2016-02-19T00:00:00,HOU @ PHX,W,23.4,0.0,0.0,0.0,2.0,7.0,6.0,5.0,8.0,0.0,2.0,2.0,2.0,4.6,1,1,1,1,13026,12059,10158,9917,12984,12242,13237,11593,21543,8004,23588,11390,7786,22734,1.0,23:26,2015,2016
2015-16,201582,Alexis Ajinca,Alexis,1610612740,NOP,New Orleans Pelicans,21500811,2016-02-19T00:00:00,NOP vs. PHI,W,9.6,0.0,0.0,0.0,2.0,3.0,0.0,3.0,6.0,1.0,0.0,0.0,1.0,9.4,1,1,1,1,22573,12059,10158,9917,12984,5109,1,7328,22724,2692,1,1,12373,19568,1.0,9:38,2015,2016
2015-16,1626246,Boban Marjanović,Boban,1610612759,SAS,San Antonio Spurs,21500818,2016-02-19T00:00:00,SAS @ LAL,W,0.6,0.0,0.0,0.0,0.0,0.0,0.0,0.0,0.0,0.0,0.0,0.0,0.0,0.0,1,1,1,1,25955,12059,10158,9917,18861,1,1,1,25429,8004,1,1,18762,25170,1.0,0:36,2015,2016
2015-16,1626158,Richaun Holmes,Richaun,1610612755,PHI,Philadelphia 76ers,21500811,2016-02-19T00:00:00,PHI @ NOP,L,2.6,0.0,0.0,0.0,0.0,2.0,0.0,6.0,8.0,0.0,0.0,0.0,0.0,0.0,1,13074,13074,13074,25298,12059,10158,9917,18861,2619,1,13388,21543,8004,1,1,18762,25170,1.0,2:34,2015,2016
2015-16,2733,Shaun Livingston,Shaun,1610612744,GSW,Golden State Warriors,21500815,2016-02-19T00:00:00,GSW @ POR,L,15.3,0.0,0.0,0.0,0.0,7.0,7.0,5.0,18.0,0.0,0.0,1.0,0.0,0.7,1,13074,13074,13074,19578,12059,10158,9917,18861,12242,15642,11593,13577,8004,1,4972,18762,25042,1.0,15:16,2015,2016
2015-16,203463,Ben McLemore,Ben,1610612758,SAC,Sacramento Kings,21500816,2016-02-19T00:00:00,SAC vs. DEN,W,23.9,0.0,0.0,0.0,2.0,21.0,3.0,16.0,30.0,0.0,0.0,4.0,1.0,4.9,1,1,1,1,12665,12059,10158,9917,12984,25535,7138,24641,4541,8004,1,22104,12373,22621,1.0,23:53,2015,2016
2015-16,203492,Ray McCallum,Ray,1610612759,SAS,San Antonio Spurs,21500818,2016-02-19T00:00:00,SAS @ LAL,W,0.6,0.0,0.0,0.0,0.0,0.0,0.0,0.0,0.0,0.0,0.0,0.0,0.0,0.0,1,1,1,1,25955,12059,10158,9917,18861,1,1,1,25429,8004,1,1,18762,25170,1.0,0:36,2015,2016
2015-16,203798,PJ Hairston,PJ,1610612763,MEM,Memphis Grizzlies,21500810,2016-02-19T00:00:00,MEM vs. MIN,W,7.4,0.0,0.0,0.0,2.0,2.0,3.0,6.0,10.0,0.0,0.0,1.0,0.0,1.0,1,1,1,1,23438,12059,10158,9917,12984,2619,7138,13388,20209,8004,1,4972,18762,24960,1.0,7:21,2015,2016
2015-16,203546,Ian Clark,Ian,1610612744,GSW,Golden State Warriors,21500815,2016-02-19T00:00:00,GSW @ POR,L,7.6,0.0,0.0,0.0,2.0,2.0,0.0,2.0,4.0,0.0,1.0,1.0,1.0,9.2,1,13074,13074,13074,23372,12059,10158,9917,12984,2619,1,4025,23698,8004,17214,4972,12373,19680,1.0,7:33,2015,2016
2015-16,1626169,Stanley Johnson,Stanley,1610612765,DET,Detroit Pistons,21500806,2016-02-19T00:00:00,DET @ WAS,L,22.4,0.0,3.0,0.0,0.0,6.0,1.0,9.0,18.0,0.0,0.0,3.0,1.0,6.9,1,13074,13074,13074,13822,12059,3104,9917,18861,10028,3393,18829,13577,8004,1,17641,12373,21262,1.0,22:25,2015,2016
2015-16,203552,Seth Curry,Seth,1610612758,SAC,Sacramento Kings,21500816,2016-02-19T00:00:00,SAC vs. DEN,W,1.2,0.0,0.0,0.0,2.0,0.0,0.0,0.0,0.0,0.0,0.0,0.0,0.0,3.2,1,1,1,1,25805,12059,10158,9917,12984,1,1,1,25429,8004,1,1,18762,23473,1.0,1:11,2015,2016
2015-16,203923,James Young,James,1610612738,BOS,Boston Celtics,21500817,2016-02-19T00:00:00,BOS @ UTA,L,2.7,0.0,0.0,0.0,0.0,0.0,2.0,0.0,2.0,0.0,0.0,1.0,0.0,0.0,1,13074,13074,13074,25241,12059,10158,9917,18861,1,3734,1,24614,8004,1,4972,18762,25170,1.0,2:43,2015,2016
2015-16,203481,Jeff Withey,Jeff,1610612762,UTA,Utah Jazz,21500817,2016-02-19T00:00:00,UTA vs. BOS,W,1.7,0.0,0.0,0.0,0.0,0.0,0.0,0.0,0.0,0.0,1.0,0.0,0.0,0.0,1,1,1,1,25633,12059,10158,9917,18861,1,1,1,25429,8004,17214,1,18762,25170,1.0,1:40,2015,2016
2015-16,204067,Jarell Eddie,Jarell,1610612764,WAS,Washington Wizards,21500806,2016-02-19T00:00:00,WAS vs. DET,W,2.5,0.0,0.0,0.0,0.0,3.0,0.0,0.0,0.0,0.0,0.0,0.0,0.0,0.0,1,1,1,1,25350,12059,10158,9917,18861,5109,1,1,25429,8004,1,1,18762,25170,1.0,2:27,2015,2016
2015-16,1891,Jason Terry,Jason,1610612745,HOU,Houston Rockets,21500814,2016-02-19T00:00:00,HOU @ PHX,W,11.1,0.0,0.0,0.0,0.0,4.0,6.0,2.0,12.0,0.0,0.0,1.0,0.0,4.6,1,1,1,1,21971,12059,10158,9917,18861,6141,13237,4025,18637,8004,1,4972,18762,22734,1.0,11:08,2015,2016
2015-16,1626192,Pat Connaughton,Pat,1610612757,POR,Portland Trail Blazers,21500815,2016-02-19T00:00:00,POR vs. GSW,W,3.9,0.0,0.0,0.0,0.0,1.0,1.0,0.0,2.0,0.0,0.0,1.0,0.0,0.0,1,1,1,1,24766,12059,10158,9917,18861,2356,3393,1,24614,8004,1,4972,18762,25170,1.0,3:51,2015,2016
2015-16,204060,Joe Ingles,Joe,1610612762,UTA,Utah Jazz,21500817,2016-02-19T00:00:00,UTA vs. BOS,W,11.4,0.0,0.0,0.0,0.0,5.0,2.0,5.0,4.0,0.0,0.0,2.0,1.0,5.2,1,1,1,1,21877,12059,10158,9917,18861,8403,3734,11593,23698,8004,1,11390,12373,22370,1.0,11:23,2015,2016
2015-16,1626204,Larry Nance Jr.,Larry,1610612747,LAL,Los Angeles Lakers,21500818,2016-02-19T00:00:00,LAL vs. SAS,L,16.7,0.0,2.0,0.0,6.0,5.0,8.0,0.0,22.0,1.0,0.0,3.0,0.0,13.3,1,13074,13074,13074,18473,12059,4731,9917,5299,8403,17345,1,10265,2692,1,17641,18762,16712,1.0,16:44,2015,2016
2015-16,202324,Derrick Favors,Derrick,1610612762,UTA,Utah Jazz,21500817,2016-02-19T00:00:00,UTA vs. BOS,W,33.2,0.0,2.0,0.0,10.0,7.0,0.0,9.0,24.0,3.0,0.0,4.0,3.0,51.0,1,1,1,1,4957,12059,4731,9917,1840,12242,1,18829,8723,347,1,22104,4736,656,1.0,33:13,2015,2016
2015-16,2772,Trevor Ariza,Trevor,1610612745,HOU,Houston Rockets,21500814,2016-02-19T00:00:00,HOU @ PHX,W,32.2,11.0,0.0,13.0,6.0,6.0,5.0,1.0,16.0,0.0,1.0,4.0,3.0,48.7,1,1,1,1,5717,55,10158,26,5299,10028,11469,3646,15259,8004,17214,22104,4736,890,1.0,32:12,2015,2016
2015-16,201566,Russell Westbrook,Russell,1610612760,OKC,Oklahoma City Thunder,21500812,2016-02-19T00:00:00,OKC vs. IND,L,37.2,2.0,3.0,4.0,8.0,13.0,8.0,11.0,32.0,1.0,1.0,2.0,3.0,60.6,1,13074,13074,13074,1995,6026,3104,1913,3109,21300,17345,21342,3535,2692,17214,11390,4736,191,1.0,37:09,2015,2016
2015-16,200765,Rajon Rondo,Rajon,1610612758,SAC,Sacramento Kings,21500816,2016-02-19T00:00:00,SAC vs. DEN,W,39.5,3.0,3.0,0.0,6.0,26.0,2.0,22.0,32.0,0.0,1.0,4.0,4.0,60.5,1,1,1,1,898,4307,3104,9917,5299,25979,3734,25811,3535,8004,17214,22104,2748,195,1.0,39:28,2015,2016
2015-16,201586,Serge Ibaka,Serge,1610612760,OKC,Oklahoma City Thunder,21500812,2016-02-19T00:00:00,OKC vs. IND,L,35.0,0.0,2.0,0.0,4.0,13.0,8.0,11.0,28.0,0.0,1.0,3.0,1.0,24.7,1,13074,13074,13074,3571,12059,4731,9917,8599,21300,17345,21342,5824,8004,17214,17641,12373,8673,1.0,34:57,2015,2016
2015-16,203471,Dennis Schröder,Dennis,1610612737,ATL,Atlanta Hawks,21500808,2016-02-19T00:00:00,ATL vs. MIA,L,21.3,4.0,2.0,0.0,4.0,7.0,4.0,2.0,26.0,1.0,1.0,1.0,1.0,29.6,1,13074,13074,13074,14833,2460,4731,9917,8599,12242,8458,4025,7214,2692,17214,4972,12373,6050,1.0,21:15,2015,2016
2015-16,203078,Bradley Beal,Bradley,1610612764,WAS,Washington Wizards,21500806,2016-02-19T00:00:00,WAS vs. DET,W,26.2,0.0,0.0,2.0,2.0,11.0,4.0,3.0,26.0,0.0,0.0,3.0,2.0,24.7,1,1,1,1,10685,12059,10158,4675,12984,18886,8458,7328,7214,8004,1,17641,7786,8673,1.0,26:12,2015,2016
2015-16,201939,Stephen Curry,Stephen,1610612744,GSW,Golden State Warriors,21500815,2016-02-19T00:00:00,GSW @ POR,L,26.3,3.0,0.0,2.0,8.0,10.0,4.0,7.0,26.0,0.0,0.0,4.0,0.0,45.1,1,13074,13074,13074,10595,4307,10158,4675,3109,17370,8458,15538,7214,8004,1,22104,18762,1338,1.0,26:18,2015,2016
2015-16,203926,Doug McDermott,Doug,1610612741,CHI,Chicago Bulls,21500809,2016-02-19T00:00:00,CHI vs. TOR,W,30.5,2.0,4.0,5.0,12.0,10.0,5.0,17.0,32.0,0.0,0.0,3.0,0.0,36.3,1,1,1,1,7077,6026,1596,1277,988,17370,11469,24967,3535,8004,1,17641,18762,3380,1.0,30:32,2015,2016
2015-16,203468,CJ McCollum,CJ,1610612757,POR,Portland Trail Blazers,21500815,2016-02-19T00:00:00,POR vs. GSW,W,32.0,4.0,0.0,0.0,6.0,10.0,4.0,8.0,22.0,0.0,1.0,2.0,2.0,36.3,1,1,1,1,5851,2460,10158,9917,5299,17370,8458,17194,10265,8004,17214,11390,7786,3380,1.0,32:02,2015,2016
2015-16,101107,Marvin Williams,Marvin,1610612766,CHA,Charlotte Hornets,21500813,2016-02-19T00:00:00,CHA @ MIL,W,29.4,5.0,2.0,3.0,6.0,9.0,10.0,7.0,34.0,2.0,1.0,2.0,2.0,29.0,1,1,1,1,8078,1603,4731,3302,5299,15771,20509,15538,2701,932,17214,11390,7786,6346,1.0,29:22,2015,2016
2015-16,204038,Langston Galloway,Langston,1610612752,NYK,New York Knicks,21500807,2016-02-19T00:00:00,NYK @ BKN,L,26.2,4.0,0.0,7.0,6.0,11.0,4.0,14.0,22.0,0.0,0.0,3.0,0.0,24.0,1,13074,13074,13074,10655,2460,10158,454,5299,18886,8458,23710,10265,8004,1,17641,18762,9121,1.0,26:14,2015,2016
2015-16,203486,Mason Plumlee,Mason,1610612757,POR,Portland Trail Blazers,21500815,2016-02-19T00:00:00,POR vs. GSW,W,20.0,4.0,2.0,0.0,10.0,2.0,4.0,4.0,16.0,0.0,1.0,1.0,2.0,24.5,1,1,1,1,15906,2460,4731,9917,1840,2619,8458,8806,15259,8004,17214,4972,7786,8801,1.0,20:00,2015,2016
2015-16,201952,Jeff Teague,Jeff,1610612737,ATL,Atlanta Hawks,21500808,2016-02-19T00:00:00,ATL vs. MIA,L,29.2,6.0,0.0,6.0,12.0,15.0,7.0,9.0,26.0,0.0,0.0,6.0,2.0,36.9,1,13074,13074,13074,8205,878,10158,740,988,23079,15642,18829,7214,8004,1,25827,7786,3210,1.0,29:13,2015,2016
2015-16,2546,Carmelo Anthony,Carmelo,1610612752,NYK,New York Knicks,21500807,2016-02-19T00:00:00,NYK @ BKN,L,37.5,0.0,5.0,2.0,4.0,12.0,8.0,14.0,38.0,1.0,1.0,2.0,6.0,49.4,1,13074,13074,13074,1749,12059,995,4675,8599,20178,17345,23710,1422,2692,17214,11390,873,819,1.0,37:30,2015,2016
2015-16,101123,Gerald Green,Gerald,1610612748,MIA,Miami Heat,21500808,2016-02-19T00:00:00,MIA @ ATL,W,36.9,2.0,2.0,0.0,2.0,22.0,2.0,15.0,32.0,1.0,0.0,2.0,2.0,29.0,1,1,1,1,2165,6026,4731,9917,12984,25683,3734,24242,3535,2692,1,11390,7786,6346,1.0,36:52,2015,2016
2015-16,201950,Jrue Holiday,Jrue,1610612740,NOP,New Orleans Pelicans,21500811,2016-02-19T00:00:00,NOP vs. PHI,W,33.4,2.0,2.0,2.0,8.0,10.0,0.0,4.0,28.0,0.0,0.0,1.0,5.0,53.6,1,1,1,1,4795,6026,4731,4675,3109,17370,1,8806,5824,8004,1,4972,1539,483,1.0,33:25,2015,2016
2015-16,201152,Thaddeus Young,Thaddeus,1610612751,BKN,Brooklyn Nets,21500807,2016-02-19T00:00:00,BKN vs. NYK,W,37.8,4.0,0.0,2.0,6.0,8.0,9.0,11.0,24.0,0.0,3.0,5.0,2.0,37.3,1,1,1,1,1591,2460,10158,4675,5299,13914,19144,21342,8723,8004,25441,24686,7786,3105,1.0,37:49,2015,2016
2015-16,203081,Damian Lillard,Damian,1610612757,POR,Portland Trail Blazers,21500815,2016-02-19T00:00:00,POR vs. GSW,W,31.1,2.0,0.0,5.0,12.0,7.0,12.0,6.0,32.0,0.0,0.0,3.0,4.0,79.5,1,1,1,1,6637,6026,10158,1277,988,12242,22832,13388,3535,8004,1,17641,2748,6,1.0,31:06,2015,2016
2015-16,202696,Nikola Vučević,Nikola,1610612753,ORL,Orlando Magic,21500805,2016-02-19T00:00:00,ORL vs. DAL,W,34.9,5.0,2.0,0.0,10.0,4.0,0.0,5.0,8.0,2.0,1.0,2.0,3.0,46.1,1,1,1,1,3640,1603,4731,9917,1840,6141,1,11593,21543,932,17214,11390,4736,1185,1.0,34:52,2015,2016
2015-16,202734,E'Twaun Moore,E'Twaun,1610612741,CHI,Chicago Bulls,21500809,2016-02-19T00:00:00,CHI vs. TOR,W,34.7,0.0,0.0,0.0,2.0,9.0,13.0,8.0,36.0,0.0,0.0,3.0,2.0,29.4,1,1,1,1,3778,12059,10158,9917,12984,15771,23668,17194,1943,8004,1,17641,7786,6143,1.0,34:42,2015,2016
2015-16,202331,Paul George,Paul,1610612754,IND,Indiana Pacers,21500812,2016-02-19T00:00:00,IND @ OKC,W,34.3,2.0,3.0,3.0,4.0,4.0,4.0,10.0,32.0,0.0,0.0,4.0,7.0,44.0,1,1,1,1,4135,6026,3104,3302,8599,6141,8458,20169,3535,8004,1,22104,469,1559,1.0,34:15,2015,2016
2015-16,203109,Jae Crowder,Jae,1610612738,BOS,Boston Celtics,21500817,2016-02-19T00:00:00,BOS @ UTA,L,35.0,5.0,2.0,5.0,4.0,7.0,6.0,6.0,36.0,0.0,0.0,6.0,3.0,24.8,1,13074,13074,13074,3534,1603,4731,1277,8599,12242,13237,13388,1943,8004,1,25827,4736,8614,1.0,35:00,2015,2016
2015-16,203469,Cody Zeller,Cody,1610612766,CHA,Charlotte Hornets,21500813,2016-02-19T00:00:00,CHA @ MIL,W,31.3,6.0,8.0,4.0,16.0,7.0,8.0,9.0,30.0,0.0,0.0,0.0,4.0,35.6,1,1,1,1,6434,878,137,1913,275,12242,17345,18829,4541,8004,1,1,2748,3615,1.0,31:21,2015,2016
2015-16,1713,Vince Carter,Vince,1610612763,MEM,Memphis Grizzlies,21500810,2016-02-19T00:00:00,MEM vs. MIN,W,25.8,8.0,5.0,3.0,2.0,6.0,10.0,2.0,10.0,0.0,0.0,4.0,1.0,24.8,1,1,1,1,11045,308,995,3302,12984,10028,20509,4025,20209,8004,1,22104,12373,8614,1.0,25:46,2015,2016
2015-16,201609,Goran Dragic,Goran,1610612748,MIA,Miami Heat,21500808,2016-02-19T00:00:00,MIA @ ATL,W,33.5,8.0,0.0,4.0,8.0,13.0,0.0,13.0,26.0,0.0,0.0,2.0,5.0,46.0,1,1,1,1,4767,308,10158,1913,3109,21300,1,23048,7214,8004,1,11390,1539,1198,1.0,33:29,2015,2016
2015-16,2200,Pau Gasol,Pau,1610612741,CHI,Chicago Bulls,21500809,2016-02-19T00:00:00,CHI vs. TOR,W,32.1,0.0,0.0,0.0,2.0,13.0,11.0,17.0,32.0,1.0,1.0,3.0,5.0,46.7,1,1,1,1,5811,12059,10158,9917,12984,21300,21814,24967,3535,2692,17214,17641,1539,1112,1.0,32:05,2015,2016
2015-16,203953,Jabari Parker,Jabari,1610612749,MIL,Milwaukee Bucks,21500813,2016-02-19T00:00:00,MIL vs. CHA,L,41.5,2.0,1.0,0.0,16.0,26.0,15.0,13.0,38.0,0.0,1.0,2.0,2.0,37.2,1,13074,13074,13074,383,6026,9709,9917,275,25979,24781,23048,1422,8004,17214,11390,7786,3130,1.0,41:30,2015,2016
2015-16,201572,Brook Lopez,Brook,1610612751,BKN,Brooklyn Nets,21500807,2016-02-19T00:00:00,BKN vs. NYK,W,36.8,2.0,4.0,0.0,20.0,6.0,11.0,11.0,24.0,4.0,0.0,4.0,6.0,58.6,1,1,1,1,2238,6026,1596,9917,59,10028,21814,21342,8723,132,1,22104,873,250,1.0,36:47,2015,2016
2015-16,2736,Luol Deng,Luol,1610612748,MIA,Miami Heat,21500808,2016-02-19T00:00:00,MIA @ ATL,W,37.5,4.0,2.0,1.0,12.0,17.0,2.0,11.0,28.0,0.0,0.0,1.0,7.0,54.2,1,1,1,1,1740,2460,4731,9347,988,24337,3734,21342,5824,8004,1,4972,469,432,1.0,37:31,2015,2016
2015-16,203526,Raul Neto,Raul,1610612762,UTA,Utah Jazz,21500817,2016-02-19T00:00:00,UTA vs. BOS,W,28.9,3.0,0.0,2.0,6.0,7.0,2.0,9.0,20.0,0.0,0.0,4.0,3.0,29.6,1,1,1,1,8463,4307,10158,4675,5299,12242,3734,18829,11929,8004,1,22104,4736,6050,1.0,28:53,2015,2016
2015-16,202702,Kenneth Faried,Kenneth,1610612743,DEN,Denver Nuggets,21500816,2016-02-19T00:00:00,DEN @ SAC,L,23.1,2.0,0.0,2.0,4.0,13.0,2.0,5.0,20.0,2.0,1.0,1.0,3.0,24.3,1,13074,13074,13074,13268,6026,10158,4675,8599,21300,3734,11593,11929,932,17214,4972,4736,8939,1.0,23:07,2015,2016
2015-16,203076,Anthony Davis,Anthony,1610612740,NOP,New Orleans Pelicans,21500811,2016-02-19T00:00:00,NOP vs. PHI,W,38.4,5.0,0.0,10.0,14.0,16.0,2.0,5.0,46.0,2.0,2.0,3.0,12.0,53.9,1,1,1,1,1338,1603,10158,118,542,23774,3734,11593,298,932,23588,17641,27,459,1.0,38:22,2015,2016
2015-16,203459,Allen Crabbe,Allen,1610612757,POR,Portland Trail Blazers,21500815,2016-02-19T00:00:00,POR vs. GSW,W,25.4,0.0,5.0,3.0,0.0,3.0,12.0,2.0,20.0,1.0,0.0,2.0,1.0,24.0,1,1,1,1,11384,12059,995,3302,18861,5109,22832,4025,11929,2692,1,11390,12373,9121,1.0,25:23,2015,2016
2015-16,2225,Tony Parker,Tony,1610612759,SAS,San Antonio Spurs,21500818,2016-02-19T00:00:00,SAS @ LAL,W,31.9,4.0,2.0,4.0,10.0,6.0,13.0,2.0,28.0,0.0,0.0,0.0,5.0,36.2,1,1,1,1,5970,2460,4731,1913,1840,10028,23668,4025,5824,8004,1,1,1539,3407,1.0,31:55,2015,2016
2015-16,2743,Kris Humphries,Kris,1610612756,PHX,Phoenix Suns,21500814,2016-02-19T00:00:00,PHX vs. HOU,L,27.2,4.0,2.0,2.0,6.0,13.0,8.0,19.0,32.0,2.0,0.0,5.0,5.0,44.4,1,13074,13074,13074,9849,2460,4731,4675,5299,21300,17345,25435,3535,932,1,24686,1539,1474,1.0,27:12,2015,2016
2015-16,202322,John Wall,John,1610612764,WAS,Washington Wizards,21500806,2016-02-19T00:00:00,WAS vs. DET,W,34.9,0.0,0.0,2.0,0.0,5.0,12.0,5.0,28.0,1.0,1.0,2.0,2.0,47.6,1,1,1,1,3638,12059,10158,4675,18861,8403,22832,11593,5824,2692,17214,11390,7786,1003,1.0,34:53,2015,2016
2015-16,201976,Patrick Beverley,Patrick,1610612745,HOU,Houston Rockets,21500814,2016-02-19T00:00:00,HOU @ PHX,W,28.1,0.0,2.0,1.0,10.0,6.0,3.0,3.0,12.0,1.0,0.0,4.0,5.0,37.2,1,1,1,1,9152,12059,4731,9347,1840,10028,7138,7328,18637,2692,1,22104,1539,3130,1.0,28:07,2015,2016
2015-16,202718,Chandler Parsons,Chandler,1610612742,DAL,Dallas Mavericks,21500805,2016-02-19T00:00:00,DAL @ ORL,L,36.4,0.0,0.0,6.0,4.0,17.0,10.0,6.0,30.0,3.0,0.0,0.0,0.0,45.8,1,13074,13074,13074,2469,12059,10158,740,8599,24337,20509,13388,4541,347,1,1,18762,1242,1.0,36:24,2015,2016
2015-16,203903,Jordan Clarkson,Jordan,1610612747,LAL,Los Angeles Lakers,21500818,2016-02-19T00:00:00,LAL vs. SAS,L,34.5,2.0,2.0,0.0,4.0,14.0,17.0,12.0,48.0,0.0,3.0,3.0,2.0,36.6,1,13074,13074,13074,3961,6026,4731,9917,8599,22292,25429,22259,192,8004,25441,17641,7786,3288,1.0,34:29,2015,2016
2015-16,203457,Nerlens Noel,Nerlens,1610612755,PHI,Philadelphia 76ers,21500811,2016-02-19T00:00:00,PHI @ NOP,L,35.8,2.0,2.0,2.0,18.0,14.0,4.0,15.0,36.0,1.0,1.0,2.0,4.0,45.8,1,13074,13074,13074,2879,6026,4731,4675,131,22292,8458,24242,1943,2692,17214,11390,2748,1242,1.0,35:49,2015,2016
2015-16,201935,James Harden,James,1610612745,HOU,Houston Rockets,21500814,2016-02-19T00:00:00,HOU @ PHX,W,33.4,4.0,7.0,13.0,8.0,11.0,3.0,8.0,14.0,1.0,0.0,5.0,7.0,59.5,1,1,1,1,4811,2460,292,26,3109,18886,7138,17194,17019,2692,1,24686,469,228,1.0,33:24,2015,2016
2015-16,201144,Mike Conley,Mike,1610612763,MEM,Memphis Grizzlies,21500810,2016-02-19T00:00:00,MEM vs. MIN,W,38.4,9.0,0.0,2.0,14.0,10.0,11.0,16.0,24.0,0.0,2.0,3.0,3.0,43.3,1,1,1,1,1336,171,10158,4675,542,17370,21814,24641,8723,8004,23588,17641,4736,1678,1.0,38:22,2015,2016
2015-16,202326,DeMarcus Cousins,DeMarcus,1610612758,SAC,Sacramento Kings,21500816,2016-02-19T00:00:00,SAC vs. DEN,W,38.7,7.0,4.0,2.0,20.0,28.0,2.0,22.0,36.0,4.0,2.0,4.0,14.0,73.0,1,1,1,1,1178,548,1596,4675,59,26034,3734,25811,1943,132,23588,22104,9,29,1.0,38:43,2015,2016
2015-16,101133,Ian Mahinmi,Ian,1610612754,IND,Indiana Pacers,21500812,2016-02-19T00:00:00,IND @ OKC,W,35.5,4.0,0.0,2.0,18.0,4.0,4.0,12.0,32.0,2.0,3.0,2.0,1.0,45.7,1,1,1,1,3162,2460,10158,4675,131,6141,8458,22259,3535,932,25441,11390,12373,1251,1.0,35:28,2015,2016
2015-16,203083,Andre Drummond,Andre,1610612765,DET,Detroit Pistons,21500806,2016-02-19T00:00:00,DET @ WAS,L,33.8,2.0,0.0,0.0,8.0,6.0,3.0,11.0,20.0,1.0,2.0,3.0,4.0,36.1,1,13074,13074,13074,4484,6026,10158,9917,3109,10028,7138,21342,11929,2692,23588,17641,2748,3432,1.0,33:50,2015,2016
2015-16,200768,Kyle Lowry,Kyle,1610612761,TOR,Toronto Raptors,21500809,2016-02-19T00:00:00,TOR @ CHI,L,37.0,5.0,2.0,13.0,10.0,5.0,16.0,10.0,34.0,1.0,1.0,3.0,4.0,47.6,1,13074,13074,13074,2067,1603,4731,26,1840,8403,25155,20169,2701,2692,17214,17641,2748,1003,1.0,37:01,2015,2016
2015-16,201574,Jason Thompson,Jason,1610612744,GSW,Golden State Warriors,21500815,2016-02-19T00:00:00,GSW @ POR,L,6.4,0.0,0.0,0.0,0.0,0.0,0.0,2.0,2.0,0.0,0.0,0.0,2.0,7.4,1,13074,13074,13074,23803,12059,10158,9917,18861,1,1,4025,24614,8004,1,1,7786,20912,1.0,6:21,2015,2016
2015-16,201954,Darren Collison,Darren,1610612758,SAC,Sacramento Kings,21500816,2016-02-19T00:00:00,SAC vs. DEN,W,33.4,6.0,3.0,11.0,12.0,19.0,7.0,16.0,38.0,0.0,1.0,2.0,2.0,27.4,1,1,1,1,4787,878,3104,69,988,25074,15642,24641,1422,8004,17214,11390,7786,7179,1.0,33:26,2015,2016
2015-16,2399,Mike Dunleavy,Mike,1610612741,CHI,Chicago Bulls,21500809,2016-02-19T00:00:00,CHI vs. TOR,W,23.1,0.0,2.0,0.0,2.0,11.0,6.0,15.0,24.0,1.0,0.0,3.0,1.0,12.1,1,1,1,1,13305,12059,4731,9917,12984,18886,13237,24242,8723,2692,1,17641,12373,17639,1.0,23:05,2015,2016
2015-16,203917,Nik Stauskas,Nik,1610612755,PHI,Philadelphia 76ers,21500811,2016-02-19T00:00:00,PHI @ NOP,L,25.5,3.0,0.0,0.0,2.0,14.0,6.0,15.0,22.0,0.0,0.0,4.0,1.0,15.9,1,13074,13074,13074,11317,4307,10158,9917,12984,22292,13237,24242,10265,8004,1,22104,12373,14675,1.0,25:28,2015,2016
2015-16,1626172,Kevon Looney,Kevon,1610612744,GSW,Golden State Warriors,21500815,2016-02-19T00:00:00,GSW @ POR,L,8.8,0.0,2.0,0.0,2.0,2.0,0.0,2.0,6.0,0.0,0.0,0.0,0.0,11.6,1,13074,13074,13074,22911,12059,4731,9917,12984,2619,1,4025,22724,8004,1,1,18762,17970,1.0,8:49,2015,2016
2015-16,201587,Nicolas Batum,Nicolas,1610612766,CHA,Charlotte Hornets,21500813,2016-02-19T00:00:00,CHA @ MIL,W,35.9,0.0,0.0,0.0,0.0,10.0,8.0,10.0,40.0,3.0,0.0,2.0,3.0,27.0,1,1,1,1,2859,12059,10158,9917,18861,17370,17345,20169,983,347,1,11390,4736,7385,1.0,35:51,2015,2016
2015-16,201988,Patty Mills,Patty,1610612759,SAS,San Antonio Spurs,21500818,2016-02-19T00:00:00,SAS @ LAL,W,25.9,3.0,0.0,2.0,4.0,6.0,8.0,5.0,26.0,0.0,0.0,0.0,2.0,26.7,1,1,1,1,10951,4307,10158,4675,8599,10028,17345,11593,7214,8004,1,1,7786,7525,1.0,25:53,2015,2016
2015-16,101141,Ersan Ilyasova,Ersan,1610612753,ORL,Orlando Magic,21500805,2016-02-19T00:00:00,ORL vs. DAL,W,23.2,0.0,3.0,0.0,4.0,6.0,0.0,6.0,10.0,0.0,2.0,6.0,3.0,27.0,1,1,1,1,13244,12059,3104,9917,8599,10028,1,13388,20209,8004,23588,25827,4736,7385,1.0,23:09,2015,2016
2015-16,203110,Draymond Green,Draymond,1610612744,GSW,Golden State Warriors,21500815,2016-02-19T00:00:00,GSW @ POR,L,31.1,3.0,5.0,0.0,6.0,15.0,8.0,6.0,36.0,0.0,1.0,3.0,4.0,31.4,1,13074,13074,13074,6616,4307,995,9917,5299,23079,17345,13388,1943,8004,17214,17641,2748,5218,1.0,31:08,2015,2016
2015-16,203506,Victor Oladipo,Victor,1610612753,ORL,Orlando Magic,21500805,2016-02-19T00:00:00,ORL vs. DAL,W,41.6,6.0,0.0,0.0,4.0,6.0,0.0,11.0,12.0,0.0,0.0,3.0,2.0,41.1,1,1,1,1,375,878,10158,9917,8599,10028,1,21342,18637,8004,1,17641,7786,2123,1.0,41:33,2015,2016
2015-16,202335,Patrick Patterson,Patrick,1610612761,TOR,Toronto Raptors,21500809,2016-02-19T00:00:00,TOR @ CHI,L,28.2,2.0,3.0,0.0,6.0,5.0,9.0,9.0,32.0,1.0,0.0,2.0,3.0,30.9,1,13074,13074,13074,9089,6026,3104,9917,5299,8403,19144,18829,3535,2692,1,11390,4736,5452,1.0,28:11,2015,2016
2015-16,203145,Kent Bazemore,Kent,1610612737,ATL,Atlanta Hawks,21500808,2016-02-19T00:00:00,ATL vs. MIA,L,23.4,0.0,0.0,0.0,4.0,12.0,7.0,8.0,24.0,0.0,0.0,1.0,0.0,15.3,1,13074,13074,13074,13074,12059,10158,9917,8599,20178,15642,17194,8723,8004,1,4972,18762,15150,1.0,23:21,2015,2016
2015-16,2755,Kevin Martin,Kevin,1610612750,MIN,Minnesota Timberwolves,21500810,2016-02-19T00:00:00,MIN @ MEM,L,13.4,0.0,0.0,0.0,2.0,10.0,2.0,6.0,12.0,0.0,0.0,4.0,3.0,11.9,1,13074,13074,13074,20761,12059,10158,9917,12984,17370,3734,13388,18637,8004,1,22104,4736,17760,1.0,13:22,2015,2016
2015-16,202066,Garrett Temple,Garrett,1610612764,WAS,Washington Wizards,21500806,2016-02-19T00:00:00,WAS vs. DET,W,30.2,0.0,0.0,0.0,2.0,6.0,10.0,2.0,30.0,0.0,0.0,1.0,1.0,15.8,1,1,1,1,7318,12059,10158,9917,12984,10028,20509,4025,4541,8004,1,4972,12373,14754,1.0,30:14,2015,2016
2015-16,101145,Monta Ellis,Monta,1610612754,IND,Indiana Pacers,21500812,2016-02-19T00:00:00,IND @ OKC,W,38.4,4.0,3.0,8.0,6.0,7.0,7.0,10.0,28.0,0.0,0.0,2.0,5.0,40.9,1,1,1,1,1307,2460,3104,280,5299,12242,15642,20169,5824,8004,1,11390,1539,2166,1.0,38:26,2015,2016
2015-16,202689,Kemba Walker,Kemba,1610612766,CHA,Charlotte Hornets,21500813,2016-02-19T00:00:00,CHA @ MIL,W,40.3,8.0,3.0,2.0,6.0,11.0,12.0,8.0,40.0,0.0,2.0,1.0,3.0,41.2,1,1,1,1,660,308,3104,4675,5299,18886,22832,17194,983,8004,23588,4972,4736,2099,1.0,40:16,2015,2016
2015-16,203095,Evan Fournier,Evan,1610612753,ORL,Orlando Magic,21500805,2016-02-19T00:00:00,ORL vs. DAL,W,42.2,0.0,2.0,0.0,4.0,6.0,0.0,8.0,16.0,0.0,2.0,2.0,1.0,27.2,1,1,1,1,283,12059,4731,9917,8599,10028,1,17194,15259,8004,23588,11390,12373,7289,1.0,42:12,2015,2016
2015-16,202704,Reggie Jackson,Reggie,1610612765,DET,Detroit Pistons,21500806,2016-02-19T00:00:00,DET @ WAS,L,31.7,3.0,3.0,0.0,12.0,6.0,3.0,6.0,18.0,1.0,3.0,1.0,4.0,27.1,1,13074,13074,13074,6132,4307,3104,9917,988,10028,7138,13388,13577,2692,25441,4972,2748,7339,1.0,31:43,2015,2016
2015-16,203187,Chris Johnson,Chris,1610612762,UTA,Utah Jazz,21500817,2016-02-19T00:00:00,UTA vs. BOS,W,22.2,5.0,0.0,2.0,2.0,5.0,0.0,7.0,12.0,0.0,0.0,2.0,0.0,15.7,1,1,1,1,13973,1603,10158,4675,12984,8403,1,15538,18637,8004,1,11390,18762,14841,1.0,22:14,2015,2016
2015-16,201177,Josh McRoberts,Josh,1610612748,MIA,Miami Heat,21500808,2016-02-19T00:00:00,MIA @ ATL,W,29.8,3.0,2.0,0.0,8.0,13.0,2.0,11.0,28.0,0.0,0.0,1.0,0.0,40.2,1,1,1,1,7718,4307,4731,9917,3109,21300,3734,21342,5824,8004,1,4972,18762,2323,1.0,29:49,2015,2016
2015-16,2594,Kyle Korver,Kyle,1610612737,ATL,Atlanta Hawks,21500808,2016-02-19T00:00:00,ATL vs. MIA,L,34.8,0.0,0.0,0.0,0.0,15.0,7.0,9.0,32.0,1.0,0.0,4.0,1.0,26.2,1,13074,13074,13074,3660,12059,10158,9917,18861,23079,15642,18829,3535,2692,1,22104,12373,7785,1.0,34:51,2015,2016
2015-16,200782,P.J. Tucker,P.J.,1610612756,PHX,Phoenix Suns,21500814,2016-02-19T00:00:00,PHX vs. HOU,L,33.6,0.0,1.0,0.0,2.0,29.0,15.0,29.0,44.0,1.0,0.0,1.0,3.0,26.5,1,13074,13074,13074,4668,12059,9709,9917,12984,26052,24781,26054,454,2692,1,4972,4736,7627,1.0,33:36,2015,2016
2015-16,202329,Al-Farouq Aminu,Al-Farouq,1610612757,POR,Portland Trail Blazers,21500815,2016-02-19T00:00:00,POR vs. GSW,W,25.3,0.0,0.0,0.0,0.0,7.0,9.0,6.0,28.0,1.0,1.0,3.0,2.0,12.2,1,1,1,1,11457,12059,10158,9917,18861,12242,19144,13388,5824,2692,17214,17641,7786,17566,1.0,25:17,2015,2016
2015-16,202720,Jon Leuer,Jon,1610612756,PHX,Phoenix Suns,21500814,2016-02-19T00:00:00,PHX vs. HOU,L,21.4,2.0,3.0,2.0,2.0,14.0,9.0,14.0,24.0,2.0,0.0,5.0,4.0,30.2,1,13074,13074,13074,14657,6026,3104,4675,12984,22292,19144,23710,8723,932,1,24686,2748,5751,1.0,21:26,2015,2016
2015-16,202709,Cory Joseph,Cory,1610612761,TOR,Toronto Raptors,21500809,2016-02-19T00:00:00,TOR @ CHI,L,28.2,2.0,0.0,0.0,8.0,3.0,7.0,6.0,26.0,0.0,1.0,0.0,2.0,26.5,1,13074,13074,13074,9053,6026,10158,9917,3109,5109,15642,13388,7214,8004,17214,1,7786,7627,1.0,28:14,2015,2016
2015-16,203507,Giannis Antetokounmpo,Giannis,1610612749,MIL,Milwaukee Bucks,21500813,2016-02-19T00:00:00,MIL vs. CHA,L,38.6,4.0,5.0,5.0,12.0,21.0,11.0,7.0,30.0,1.0,1.0,2.0,4.0,42.4,1,13074,13074,13074,1238,2460,995,1277,988,25535,21814,15538,4541,2692,17214,11390,2748,1860,1.0,38:33,2015,2016
2015-16,101109,Raymond Felton,Raymond,1610612742,DAL,Dallas Mavericks,21500805,2016-02-19T00:00:00,DAL @ ORL,L,26.1,2.0,0.0,0.0,2.0,3.0,8.0,2.0,12.0,0.0,0.0,1.0,1.0,12.3,1,13074,13074,13074,10773,6026,10158,9917,12984,5109,17345,4025,18637,8004,1,4972,12373,17524,1.0,26:05,2015,2016
2015-16,203500,Steven Adams,Steven,1610612760,OKC,Oklahoma City Thunder,21500812,2016-02-19T00:00:00,OKC vs. IND,L,32.2,2.0,0.0,0.0,4.0,13.0,10.0,9.0,26.0,2.0,0.0,3.0,2.0,19.9,1,13074,13074,13074,5719,6026,10158,9917,8599,21300,20509,18829,7214,932,1,17641,7786,11824,1.0,32:12,2015,2016
2015-16,1626144,Emmanuel Mudiay,Emmanuel,1610612743,DEN,Denver Nuggets,21500816,2016-02-19T00:00:00,DEN @ SAC,L,30.3,6.0,0.0,2.0,2.0,13.0,8.0,7.0,26.0,0.0,2.0,2.0,2.0,20.4,1,13074,13074,13074,7305,878,10158,4675,12984,21300,17345,15538,7214,8004,23588,11390,7786,11453,1.0,30:15,2015,2016
2015-16,202685,Jonas Valančiūnas,Jonas,1610612761,TOR,Toronto Raptors,21500809,2016-02-19T00:00:00,TOR @ CHI,L,32.5,0.0,6.0,2.0,14.0,5.0,11.0,7.0,30.0,1.0,2.0,4.0,7.0,41.9,1,13074,13074,13074,5503,12059,481,4675,542,8403,21814,15538,4541,2692,23588,22104,469,1958,1.0,32:30,2015,2016
2015-16,201142,Kevin Durant,Kevin,1610612760,OKC,Oklahoma City Thunder,21500812,2016-02-19T00:00:00,OKC vs. IND,L,38.4,0.0,2.0,6.0,12.0,13.0,6.0,13.0,36.0,1.0,1.0,4.0,4.0,43.1,1,13074,13074,13074,1349,12059,4731,740,988,21300,13237,23048,1943,2692,17214,22104,2748,1713,1.0,38:21,2015,2016
2015-16,202388,Donald Sloan,Donald,1610612751,BKN,Brooklyn Nets,21500807,2016-02-19T00:00:00,BKN vs. NYK,W,30.1,2.0,2.0,5.0,4.0,4.0,7.0,12.0,20.0,1.0,0.0,1.0,1.0,40.0,1,1,1,1,7464,6026,4731,1277,8599,6141,15642,22259,11929,2692,1,4972,12373,2364,1.0,30:06,2015,2016
2015-16,203210,JaMychal Green,JaMychal,1610612763,MEM,Memphis Grizzlies,21500810,2016-02-19T00:00:00,MEM vs. MIN,W,30.1,0.0,5.0,2.0,6.0,4.0,5.0,10.0,14.0,3.0,1.0,2.0,2.0,42.2,1,1,1,1,7414,12059,995,4675,5299,6141,11469,20169,17019,347,17214,11390,7786,1892,1.0,30:08,2015,2016
2015-16,101114,Deron Williams,Deron,1610612742,DAL,Dallas Mavericks,21500805,2016-02-19T00:00:00,DAL @ ORL,L,41.6,2.0,0.0,0.0,4.0,17.0,12.0,4.0,32.0,1.0,1.0,1.0,4.0,42.3,1,13074,13074,13074,363,6026,10158,9917,8599,24337,22832,8806,3535,2692,17214,4972,2748,1877,1.0,41:38,2015,2016
2015-16,1626149,Montrezl Harrell,Montrezl,1610612745,HOU,Houston Rockets,21500814,2016-02-19T00:00:00,HOU @ PHX,W,10.9,2.0,2.0,0.0,8.0,8.0,2.0,8.0,6.0,0.0,1.0,1.0,2.0,15.4,1,1,1,1,22067,6026,4731,9917,3109,13914,3734,17194,22724,8004,17214,4972,7786,15066,1.0,10:56,2015,2016
2015-16,2585,Zaza Pachulia,Zaza,1610612742,DAL,Dallas Mavericks,21500805,2016-02-19T00:00:00,DAL @ ORL,L,40.4,2.0,0.0,2.0,4.0,17.0,12.0,4.0,30.0,0.0,2.0,2.0,6.0,41.8,1,13074,13074,13074,626,6026,10158,4675,8599,24337,22832,8806,4541,8004,23588,11390,873,1981,1.0,40:24,2015,2016
2015-16,201162,Jared Dudley,Jared,1610612764,WAS,Washington Wizards,21500806,2016-02-19T00:00:00,WAS vs. DET,W,26.0,0.0,1.0,0.0,2.0,3.0,9.0,0.0,24.0,2.0,0.0,4.0,4.0,31.2,1,1,1,1,10881,12059,9709,9917,12984,5109,19144,1,8723,932,1,22104,2748,5304,1.0,25:57,2015,2016
2015-16,200794,Paul Millsap,Paul,1610612737,ATL,Atlanta Hawks,21500808,2016-02-19T00:00:00,ATL vs. MIA,L,27.7,3.0,0.0,5.0,4.0,12.0,5.0,8.0,28.0,0.0,0.0,4.0,1.0,30.6,1,13074,13074,13074,9485,4307,10158,1277,8599,20178,11469,17194,5824,8004,1,22104,12373,5574,1.0,27:40,2015,2016
2015-16,2754,Tony Allen,Tony,1610612763,MEM,Memphis Grizzlies,21500810,2016-02-19T00:00:00,MEM vs. MIN,W,13.1,5.0,0.0,3.0,6.0,2.0,0.0,8.0,10.0,0.0,1.0,2.0,2.0,15.4,1,1,1,1,20918,1603,10158,3302,5299,2619,1,17194,20209,8004,17214,11390,7786,15066,1.0,13:06,2015,2016
2015-16,202691,Klay Thompson,Klay,1610612744,GSW,Golden State Warriors,21500815,2016-02-19T00:00:00,GSW @ POR,L,28.5,0.0,2.0,2.0,10.0,7.0,3.0,0.0,30.0,0.0,0.0,1.0,3.0,30.1,1,13074,13074,13074,8853,12059,4731,4675,1840,12242,7138,1,4541,8004,1,4972,4736,5794,1.0,28:28,2015,2016
2015-16,203901,Elfrid Payton,Elfrid,1610612753,ORL,Orlando Magic,21500805,2016-02-19T00:00:00,ORL vs. DAL,W,28.3,2.0,2.0,0.0,6.0,2.0,0.0,3.0,4.0,1.0,1.0,1.0,0.0,20.1,1,1,1,1,9005,6026,4731,9917,5299,2619,1,7328,23698,2692,17214,4972,18762,11685,1.0,28:18,2015,2016
2015-16,203935,Marcus Smart,Marcus,1610612738,BOS,Boston Celtics,21500817,2016-02-19T00:00:00,BOS @ UTA,L,22.4,0.0,0.0,2.0,0.0,6.0,6.0,4.0,14.0,0.0,1.0,5.0,6.0,22.1,1,13074,13074,13074,13822,12059,10158,4675,18861,10028,13237,8806,17019,8004,17214,24686,873,10332,1.0,22:25,2015,2016
2015-16,2405,Amar'e Stoudemire,Amar'e,1610612748,MIA,Miami Heat,21500808,2016-02-19T00:00:00,MIA @ ATL,W,18.7,1.0,1.0,0.0,4.0,11.0,0.0,6.0,8.0,0.0,2.0,0.0,4.0,13.7,1,1,1,1,16930,11535,9709,9917,8599,18886,1,13388,21543,8004,23588,1,2748,16393,1.0,18:43,2015,2016
2015-16,201980,Danny Green,Danny,1610612759,SAS,San Antonio Spurs,21500818,2016-02-19T00:00:00,SAS @ LAL,W,19.4,0.0,2.0,0.0,2.0,2.0,9.0,0.0,6.0,2.0,0.0,5.0,0.0,17.6,1,1,1,1,16372,12059,4731,9917,12984,2619,19144,1,22724,932,1,24686,18762,13443,1.0,19:26,2015,2016
2015-16,203497,Rudy Gobert,Rudy,1610612762,UTA,Utah Jazz,21500817,2016-02-19T00:00:00,UTA vs. BOS,W,33.1,0.0,3.0,0.0,8.0,9.0,5.0,11.0,18.0,4.0,0.0,2.0,8.0,39.0,1,1,1,1,5079,12059,3104,9917,3109,15771,11469,21342,13577,132,1,11390,254,2642,1.0,33:03,2015,2016
2015-16,201160,Jason Smith,Jason,1610612753,ORL,Orlando Magic,21500805,2016-02-19T00:00:00,ORL vs. DAL,W,18.1,0.0,3.0,0.0,0.0,4.0,0.0,6.0,10.0,1.0,0.0,1.0,0.0,17.6,1,1,1,1,17402,12059,3104,9917,18861,6141,1,13388,20209,2692,1,4972,18762,13443,1.0,18:08,2015,2016
2015-16,203944,Julius Randle,Julius,1610612747,LAL,Los Angeles Lakers,21500818,2016-02-19T00:00:00,LAL vs. SAS,L,31.3,2.0,4.0,0.0,8.0,12.0,17.0,14.0,42.0,0.0,1.0,3.0,2.0,28.0,1,13074,13074,13074,6498,6026,1596,9917,3109,20178,25429,23710,670,8004,17214,17641,7786,6864,1.0,31:16,2015,2016
2015-16,1495,Tim Duncan,Tim,1610612759,SAS,San Antonio Spurs,21500818,2016-02-19T00:00:00,SAS @ LAL,W,27.9,0.0,5.0,0.0,8.0,6.0,11.0,4.0,22.0,3.0,2.0,1.0,3.0,38.1,1,1,1,1,9302,12059,995,9917,3109,10028,21814,8806,10265,347,23588,4972,4736,2879,1.0,27:55,2015,2016
2015-16,202330,Gordon Hayward,Gordon,1610612762,UTA,Utah Jazz,21500817,2016-02-19T00:00:00,UTA vs. BOS,W,36.5,0.0,0.0,0.0,8.0,10.0,3.0,12.0,26.0,0.0,2.0,1.0,7.0,32.6,1,1,1,1,2411,12059,10158,9917,3109,17370,7138,22259,7214,8004,23588,4972,469,4687,1.0,36:29,2015,2016
2015-16,201143,Al Horford,Al,1610612737,ATL,Atlanta Hawks,21500808,2016-02-19T00:00:00,ATL vs. MIA,L,38.2,5.0,0.0,0.0,6.0,17.0,11.0,7.0,34.0,2.0,0.0,2.0,5.0,32.5,1,13074,13074,13074,1403,1603,10158,9917,5299,24337,21814,15538,2701,932,1,11390,1539,4726,1.0,38:15,2015,2016
2015-16,200746,LaMarcus Aldridge,LaMarcus,1610612759,SAS,San Antonio Spurs,21500818,2016-02-19T00:00:00,SAS @ LAL,W,34.7,2.0,6.0,2.0,12.0,6.0,13.0,5.0,22.0,2.0,0.0,4.0,4.0,38.1,1,1,1,1,3769,6026,481,4675,988,10028,23668,11593,10265,932,1,22104,2748,2879,1.0,34:43,2015,2016
2015-16,203090,Maurice Harkless,Maurice,1610612757,POR,Portland Trail Blazers,21500815,2016-02-19T00:00:00,POR vs. GSW,W,25.4,5.0,4.0,2.0,8.0,4.0,11.0,2.0,18.0,1.0,1.0,2.0,0.0,28.6,1,1,1,1,11384,1603,1596,4675,3109,6141,21814,4025,13577,2692,17214,11390,18762,6560,1.0,25:23,2015,2016
2015-16,201588,George Hill,George,1610612754,IND,Indiana Pacers,21500812,2016-02-19T00:00:00,IND @ OKC,W,38.0,3.0,0.0,0.0,0.0,7.0,10.0,14.0,34.0,0.0,1.0,1.0,2.0,37.7,1,1,1,1,1509,4307,10158,9917,18861,12242,20509,23710,2701,8004,17214,4972,7786,2990,1.0,37:59,2015,2016
2015-16,1626143,Jahlil Okafor,Jahlil,1610612755,PHI,Philadelphia 76ers,21500811,2016-02-19T00:00:00,PHI @ NOP,L,19.4,2.0,0.0,0.0,8.0,3.0,9.0,4.0,14.0,1.0,1.0,6.0,2.0,22.0,1,13074,13074,13074,16420,6026,10158,9917,3109,5109,19144,8806,17019,2692,17214,25827,7786,10388,1.0,19:21,2015,2016
2015-16,203087,Jeremy Lamb,Jeremy,1610612766,CHA,Charlotte Hornets,21500813,2016-02-19T00:00:00,CHA @ MIL,W,23.4,7.0,0.0,4.0,4.0,5.0,4.0,8.0,16.0,0.0,0.0,4.0,2.0,27.6,1,1,1,1,13030,548,10158,1913,8599,8403,8458,17194,15259,8004,1,22104,7786,7080,1.0,23:25,2015,2016
2015-16,203932,Aaron Gordon,Aaron,1610612753,ORL,Orlando Magic,21500805,2016-02-19T00:00:00,ORL vs. DAL,W,28.0,2.0,0.0,2.0,2.0,2.0,0.0,5.0,8.0,0.0,0.0,4.0,1.0,37.7,1,1,1,1,9249,6026,10158,4675,12984,2619,1,11593,21543,8004,1,22104,12373,2990,1.0,27:58,2015,2016
2015-16,203943,Noah Vonleh,Noah,1610612757,POR,Portland Trail Blazers,21500815,2016-02-19T00:00:00,POR vs. GSW,W,21.8,0.0,0.0,0.0,4.0,7.0,2.0,6.0,20.0,0.0,0.0,3.0,2.0,13.8,1,1,1,1,14365,12059,10158,9917,8599,12242,3734,13388,11929,8004,1,17641,7786,16311,1.0,21:46,2015,2016
2015-16,202738,Isaiah Thomas,Isaiah,1610612738,BOS,Boston Celtics,21500817,2016-02-19T00:00:00,BOS @ UTA,L,32.3,3.0,0.0,5.0,10.0,7.0,5.0,8.0,38.0,0.0,3.0,2.0,7.0,39.4,1,13074,13074,13074,5617,4307,10158,1277,1840,12242,11469,17194,1422,8004,25441,11390,469,2530,1.0,32:20,2015,2016
2015-16,101181,Jose Calderon,Jose,1610612752,NYK,New York Knicks,21500807,2016-02-19T00:00:00,NYK @ BKN,L,21.8,0.0,0.0,3.0,2.0,10.0,4.0,9.0,26.0,1.0,2.0,1.0,0.0,16.8,1,13074,13074,13074,14365,12059,10158,3302,12984,17370,8458,18829,7214,2692,23588,4972,18762,13996,1.0,21:46,2015,2016
2015-16,203496,Robert Covington,Robert,1610612755,PHI,Philadelphia 76ers,21500811,2016-02-19T00:00:00,PHI @ NOP,L,24.8,3.0,0.0,0.0,2.0,8.0,4.0,8.0,20.0,0.0,0.0,3.0,2.0,22.3,1,13074,13074,13074,11809,4307,10158,9917,12984,13914,8458,17194,11929,8004,1,17641,7786,10208,1.0,24:50,2015,2016
2015-16,2446,Rasual Butler,Rasual,1610612759,SAS,San Antonio Spurs,21500818,2016-02-19T00:00:00,SAS @ LAL,W,19.4,0.0,2.0,0.0,0.0,6.0,10.0,3.0,24.0,1.0,0.0,2.0,2.0,16.9,1,1,1,1,16373,12059,4731,9917,18861,10028,20509,7328,8723,2692,1,11390,7786,13911,1.0,19:25,2015,2016
2015-16,201568,Danilo Gallinari,Danilo,1610612743,DEN,Denver Nuggets,21500816,2016-02-19T00:00:00,DEN @ SAC,L,37.4,9.0,0.0,4.0,0.0,17.0,10.0,9.0,36.0,0.0,0.0,1.0,7.0,39.6,1,13074,13074,13074,1806,171,10158,1913,18861,24337,20509,18829,1943,8004,1,4972,469,2474,1.0,37:26,2015,2016
2015-16,201589,Darrell Arthur,Darrell,1610612743,DEN,Denver Nuggets,21500816,2016-02-19T00:00:00,DEN @ SAC,L,16.8,2.0,0.0,2.0,4.0,6.0,5.0,9.0,24.0,0.0,1.0,2.0,1.0,13.8,1,13074,13074,13074,18415,6026,10158,4675,8599,10028,11469,18829,8723,8004,17214,11390,12373,16311,1.0,16:48,2015,2016
2015-16,203914,Gary Harris,Gary,1610612743,DEN,Denver Nuggets,21500816,2016-02-19T00:00:00,DEN @ SAC,L,39.5,5.0,5.0,6.0,10.0,22.0,9.0,15.0,48.0,0.0,0.0,2.0,2.0,28.3,1,13074,13074,13074,880,1603,995,740,1840,25683,19144,24242,192,8004,1,11390,7786,6720,1.0,39:31,2015,2016
2015-16,201600,Omer Asik,Omer,1610612740,NOP,New Orleans Pelicans,21500811,2016-02-19T00:00:00,NOP vs. PHI,W,19.2,2.0,7.0,2.0,8.0,10.0,2.0,2.0,22.0,0.0,1.0,3.0,3.0,27.8,1,1,1,1,16521,6026,292,4675,3109,17370,3734,4025,10265,8004,17214,17641,4736,6950,1.0,19:13,2015,2016
2015-16,201583,Ryan Anderson,Ryan,1610612740,NOP,New Orleans Pelicans,21500811,2016-02-19T00:00:00,NOP vs. PHI,W,27.8,5.0,0.0,3.0,10.0,6.0,0.0,6.0,30.0,0.0,1.0,2.0,4.0,33.3,1,1,1,1,9401,1603,10158,3302,1840,10028,1,13388,4541,8004,17214,11390,2748,4423,1.0,27:47,2015,2016
2015-16,101111,Charlie Villanueva,Charlie,1610612742,DAL,Dallas Mavericks,21500805,2016-02-19T00:00:00,DAL @ ORL,L,11.7,0.0,0.0,3.0,2.0,0.0,7.0,0.0,4.0,0.0,0.0,0.0,0.0,13.6,1,13074,13074,13074,21712,12059,10158,3302,12984,1,15642,1,23698,8004,1,1,18762,16460,1.0,11:44,2015,2016
2015-16,2564,Boris Diaw,Boris,1610612759,SAS,San Antonio Spurs,21500818,2016-02-19T00:00:00,SAS @ LAL,W,19.3,4.0,0.0,0.0,10.0,4.0,8.0,3.0,22.0,0.0,0.0,2.0,1.0,13.6,1,1,1,1,16491,2460,10158,9917,1840,6141,17345,7328,10265,8004,1,11390,12373,16460,1.0,19:15,2015,2016
2015-16,203924,Jerami Grant,Jerami,1610612755,PHI,Philadelphia 76ers,21500811,2016-02-19T00:00:00,PHI @ NOP,L,25.2,0.0,0.0,0.0,6.0,11.0,5.0,17.0,28.0,2.0,0.0,5.0,3.0,17.5,1,13074,13074,13074,11512,12059,10158,9917,5299,18886,11469,24967,5824,932,1,24686,4736,13528,1.0,25:13,2015,2016
2015-16,101150,Lou Williams,Lou,1610612747,LAL,Los Angeles Lakers,21500818,2016-02-19T00:00:00,LAL vs. SAS,L,35.5,0.0,0.0,5.0,2.0,13.0,23.0,12.0,48.0,0.0,1.0,1.0,5.0,21.7,1,13074,13074,13074,3109,12059,10158,1277,12984,21300,26017,22259,192,8004,17214,4972,1539,10592,1.0,35:32,2015,2016
2015-16,202328,Greg Monroe,Greg,1610612749,MIL,Milwaukee Bucks,21500813,2016-02-19T00:00:00,MIL vs. CHA,L,29.5,0.0,0.0,0.0,0.0,17.0,7.0,8.0,26.0,3.0,0.0,3.0,3.0,22.2,1,13074,13074,13074,7957,12059,10158,9917,18861,24337,15642,17194,7214,347,1,17641,4736,10263,1.0,29:32,2015,2016
2015-16,2744,Al Jefferson,Al,1610612766,CHA,Charlotte Hornets,21500813,2016-02-19T00:00:00,CHA @ MIL,W,23.3,0.0,0.0,0.0,4.0,6.0,5.0,7.0,14.0,1.0,3.0,2.0,1.0,17.5,1,1,1,1,13092,12059,10158,9917,8599,10028,11469,15538,17019,2692,25441,11390,12373,13528,1.0,23:20,2015,2016
2015-16,203895,Jordan McRae,Jordan,1610612756,PHX,Phoenix Suns,21500814,2016-02-19T00:00:00,PHX vs. HOU,L,14.6,2.0,0.0,6.0,2.0,6.0,4.0,7.0,14.0,0.0,0.0,3.0,3.0,16.9,1,13074,13074,13074,20048,6026,10158,740,12984,10028,8458,15538,17019,8004,1,17641,4736,13911,1.0,14:35,2015,2016
2015-16,101106,Andrew Bogut,Andrew,1610612744,GSW,Golden State Warriors,21500815,2016-02-19T00:00:00,GSW @ POR,L,14.0,0.0,0.0,0.0,2.0,6.0,4.0,0.0,16.0,3.0,1.0,3.0,0.0,13.6,1,13074,13074,13074,20389,12059,10158,9917,12984,10028,8458,1,15259,347,17214,17641,18762,16460,1.0,14:02,2015,2016
2015-16,101138,Brandon Bass,Brandon,1610612747,LAL,Los Angeles Lakers,21500818,2016-02-19T00:00:00,LAL vs. SAS,L,25.7,2.0,0.0,2.0,8.0,7.0,8.0,4.0,32.0,2.0,0.0,3.0,2.0,22.7,1,13074,13074,13074,11135,6026,10158,4675,3109,12242,17345,8806,3535,932,1,17641,7786,9938,1.0,25:40,2015,2016
2015-16,203476,Gorgui Dieng,Gorgui,1610612750,MIN,Minnesota Timberwolves,21500810,2016-02-19T00:00:00,MIN @ MEM,L,44.0,2.0,4.0,0.0,8.0,22.0,16.0,19.0,50.0,1.0,1.0,3.0,5.0,38.9,1,13074,13074,13074,128,6026,1596,9917,3109,25683,25155,25435,107,2692,17214,17641,1539,2667,1.0,44:01,2015,2016
2015-16,204001,Kristaps Porziņģis,Kristaps,1610612752,NYK,New York Knicks,21500807,2016-02-19T00:00:00,NYK @ BKN,L,34.5,0.0,2.0,0.0,6.0,12.0,4.0,11.0,36.0,3.0,1.0,4.0,5.0,38.6,1,13074,13074,13074,3929,12059,4731,9917,5299,20178,8458,21342,1943,347,17214,22104,1539,2744,1.0,34:31,2015,2016
2015-16,203498,Shabazz Muhammad,Shabazz,1610612750,MIN,Minnesota Timberwolves,21500810,2016-02-19T00:00:00,MIN @ MEM,L,23.5,2.0,2.0,5.0,4.0,11.0,7.0,6.0,24.0,0.0,1.0,0.0,0.0,17.1,1,13074,13074,13074,13004,6026,4731,1277,8599,18886,15642,13388,8723,8004,17214,1,18762,13791,1.0,23:27,2015,2016
2015-16,203937,Kyle Anderson,Kyle,1610612759,SAS,San Antonio Spurs,21500818,2016-02-19T00:00:00,SAS @ LAL,W,29.2,4.0,4.0,6.0,10.0,4.0,9.0,4.0,20.0,0.0,0.0,3.0,0.0,28.1,1,1,1,1,8230,2460,1596,740,1840,6141,19144,8806,11929,8004,1,17641,18762,6818,1.0,29:11,2015,2016
2015-16,1626167,Myles Turner,Myles,1610612754,IND,Indiana Pacers,21500812,2016-02-19T00:00:00,IND @ OKC,W,35.6,0.0,2.0,2.0,8.0,7.0,8.0,14.0,28.0,6.0,0.0,2.0,2.0,39.5,1,1,1,1,3081,12059,4731,4675,3109,12242,17345,23710,5824,19,1,11390,7786,2497,1.0,35:34,2015,2016
2015-16,2403,Nene,ene,1610612764,WAS,Washington Wizards,21500806,2016-02-19T00:00:00,WAS vs. DET,W,16.5,0.0,0.0,0.0,4.0,9.0,3.0,2.0,14.0,0.0,0.0,1.0,2.0,13.5,1,1,1,1,18652,12059,10158,9917,8599,15771,7138,4025,17019,8004,1,4972,7786,16552,1.0,16:30,2015,2016
2015-16,203952,Andrew Wiggins,Andrew,1610612750,MIN,Minnesota Timberwolves,21500810,2016-02-19T00:00:00,MIN @ MEM,L,33.7,2.0,0.0,4.0,8.0,17.0,14.0,13.0,42.0,0.0,1.0,1.0,6.0,31.9,1,13074,13074,13074,4569,6026,10158,1913,3109,24337,24300,23048,670,8004,17214,4972,873,4984,1.0,33:44,2015,2016
2015-16,203918,Rodney Hood,Rodney,1610612762,UTA,Utah Jazz,21500817,2016-02-19T00:00:00,UTA vs. BOS,W,28.7,0.0,0.0,0.0,0.0,8.0,5.0,6.0,18.0,1.0,0.0,3.0,5.0,22.1,1,1,1,1,8667,12059,10158,9917,18861,13914,11469,13388,13577,2692,1,17641,1539,10332,1.0,28:41,2015,2016
2015-16,2730,Dwight Howard,Dwight,1610612745,HOU,Houston Rockets,21500814,2016-02-19T00:00:00,HOU @ PHX,W,30.1,4.0,4.0,1.0,10.0,8.0,9.0,3.0,18.0,0.0,1.0,4.0,8.0,27.7,1,1,1,1,7484,2460,1596,9347,1840,13914,19144,7328,13577,8004,17214,22104,254,7008,1.0,30:04,2015,2016
2015-16,203115,Will Barton,Will,1610612743,DEN,Denver Nuggets,21500816,2016-02-19T00:00:00,DEN @ SAC,L,31.3,4.0,0.0,8.0,10.0,16.0,10.0,16.0,46.0,0.0,1.0,5.0,2.0,32.3,1,13074,13074,13074,6470,2460,10158,280,1840,23774,20509,24641,298,8004,17214,24686,7786,4807,1.0,31:18,2015,2016
2015-16,203096,Jared Sullinger,Jared,1610612738,BOS,Boston Celtics,21500817,2016-02-19T00:00:00,BOS @ UTA,L,28.6,2.0,3.0,0.0,6.0,5.0,6.0,2.0,32.0,1.0,2.0,1.0,1.0,32.2,1,13074,13074,13074,8748,6026,3104,9917,5299,8403,13237,4025,3535,2692,23588,4972,12373,4846,1.0,28:35,2015,2016
2015-16,2440,Matt Barnes,Matt,1610612763,MEM,Memphis Grizzlies,21500810,2016-02-19T00:00:00,MEM vs. MIN,W,32.7,0.0,0.0,0.0,2.0,8.0,11.0,13.0,26.0,1.0,0.0,3.0,4.0,28.0,1,1,1,1,5384,12059,10158,9917,12984,13914,21814,23048,7214,2692,1,17641,2748,6864,1.0,32:39,2015,2016
2015-16,1626157,Karl-Anthony Towns,Karl-Anthony,1610612750,MIN,Minnesota Timberwolves,21500810,2016-02-19T00:00:00,MIN @ MEM,L,35.5,0.0,2.0,0.0,6.0,22.0,7.0,13.0,40.0,2.0,1.0,4.0,3.0,39.5,1,13074,13074,13074,3143,12059,4731,9917,5299,25683,15642,23048,983,932,17214,22104,4736,2497,1.0,35:30,2015,2016
2015-16,201945,Gerald Henderson,Gerald,1610612757,POR,Portland Trail Blazers,21500815,2016-02-19T00:00:00,POR vs. GSW,W,25.2,2.0,0.0,4.0,4.0,8.0,12.0,4.0,20.0,1.0,0.0,0.0,3.0,27.8,1,1,1,1,11515,6026,10158,1913,8599,13914,22832,8806,11929,2692,1,1,4736,6950,1.0,25:13,2015,2016
2015-16,203114,Khris Middleton,Khris,1610612749,MIL,Milwaukee Bucks,21500813,2016-02-19T00:00:00,MIL vs. CHA,L,39.3,0.0,3.0,0.0,4.0,19.0,11.0,9.0,32.0,1.0,1.0,1.0,6.0,38.3,1,13074,13074,13074,956,12059,3104,9917,8599,25074,21814,18829,3535,2692,17214,4972,873,2826,1.0,39:17,2015,2016
2015-16,1626159,Justise Winslow,Justise,1610612748,MIA,Miami Heat,21500808,2016-02-19T00:00:00,MIA @ ATL,W,37.4,0.0,4.0,4.0,10.0,15.0,0.0,15.0,28.0,0.0,1.0,2.0,2.0,27.8,1,1,1,1,1841,12059,1596,1913,1840,23079,1,24242,5824,8004,17214,11390,7786,6950,1.0,37:24,2015,2016
2015-16,203487,Michael Carter-Williams,Michael,1610612749,MIL,Milwaukee Bucks,21500813,2016-02-19T00:00:00,MIL vs. CHA,L,29.3,3.0,0.0,5.0,4.0,21.0,7.0,8.0,28.0,2.0,0.0,3.0,1.0,32.7,1,13074,13074,13074,8099,4307,10158,1277,8599,25535,15642,17194,5824,932,1,17641,12373,4649,1.0,29:20,2015,2016
2015-16,203382,Aron Baynes,Aron,1610612765,DET,Detroit Pistons,21500806,2016-02-19T00:00:00,DET @ WAS,L,14.2,2.0,0.0,2.0,6.0,0.0,0.0,2.0,8.0,1.0,0.0,3.0,3.0,16.2,1,13074,13074,13074,20306,6026,10158,4675,5299,1,1,4025,21543,2692,1,17641,4736,14436,1.0,14:10,2015,2016
2015-16,202344,Trevor Booker,Trevor,1610612762,UTA,Utah Jazz,21500817,2016-02-19T00:00:00,UTA vs. BOS,W,19.7,0.0,5.0,2.0,6.0,9.0,5.0,5.0,14.0,0.0,0.0,3.0,2.0,18.1,1,1,1,1,16143,12059,995,4675,5299,15771,11469,11593,17019,8004,1,17641,7786,13090,1.0,19:43,2015,2016
2015-16,201941,Jordan Hill,Jordan,1610612754,IND,Indiana Pacers,21500812,2016-02-19T00:00:00,IND @ OKC,W,12.4,0.0,2.0,0.0,2.0,3.0,6.0,2.0,6.0,0.0,0.0,0.0,2.0,8.3,1,1,1,1,21307,12059,4731,9917,12984,5109,13237,4025,22724,8004,1,1,7786,20376,1.0,12:26,2015,2016
2015-16,203462,Archie Goodwin,Archie,1610612756,PHX,Phoenix Suns,21500814,2016-02-19T00:00:00,PHX vs. HOU,L,30.6,6.0,2.0,2.0,6.0,19.0,17.0,20.0,38.0,0.0,1.0,5.0,5.0,13.2,1,13074,13074,13074,7058,878,4731,4675,5299,25074,25429,25599,1422,8004,17214,24686,1539,16768,1.0,30:33,2015,2016
2015-16,201579,Roy Hibbert,Roy,1610612747,LAL,Los Angeles Lakers,21500818,2016-02-19T00:00:00,LAL vs. SAS,L,22.3,0.0,2.0,0.0,0.0,10.0,17.0,10.0,32.0,1.0,1.0,2.0,1.0,16.7,1,13074,13074,13074,13890,12059,4731,9917,18861,17370,25429,20169,3535,2692,17214,11390,12373,14064,1.0,22:20,2015,2016
2015-16,203118,Mike Scott,Mike,1610612737,ATL,Atlanta Hawks,21500808,2016-02-19T00:00:00,ATL vs. MIA,L,24.8,5.0,0.0,2.0,4.0,10.0,6.0,3.0,24.0,0.0,0.0,3.0,1.0,21.2,1,13074,13074,13074,11878,1603,10158,4675,8599,17370,13237,7328,8723,8004,1,17641,12373,10936,1.0,24:45,2015,2016
2015-16,1717,Dirk Nowitzki,Dirk,1610612742,DAL,Dallas Mavericks,21500805,2016-02-19T00:00:00,DAL @ ORL,L,38.9,2.0,0.0,0.0,0.0,14.0,4.0,6.0,22.0,1.0,0.0,2.0,5.0,21.1,1,13074,13074,13074,1100,6026,10158,9917,18861,22292,8458,13388,10265,2692,1,11390,1539,11012,1.0,38:56,2015,2016
2015-16,204456,T.J. McConnell,T.J.,1610612755,PHI,Philadelphia 76ers,21500811,2016-02-19T00:00:00,PHI @ NOP,L,6.7,0.0,0.0,0.0,2.0,4.0,0.0,8.0,14.0,0.0,1.0,0.0,1.0,2.7,1,13074,13074,13074,23659,12059,10158,9917,12984,6141,1,17194,17019,8004,17214,1,12373,23884,1.0,6:44,2015,2016
2015-16,202713,Kyle Singler,Kyle,1610612760,OKC,Oklahoma City Thunder,21500812,2016-02-19T00:00:00,OKC vs. IND,L,13.3,0.0,0.0,2.0,2.0,2.0,2.0,6.0,12.0,0.0,0.0,1.0,0.0,12.8,1,13074,13074,13074,20825,12059,10158,4675,12984,2619,3734,13388,18637,8004,1,4972,18762,17129,1.0,13:16,2015,2016
2015-16,1626147,Justin Anderson,Justin,1610612742,DAL,Dallas Mavericks,21500805,2016-02-19T00:00:00,DAL @ ORL,L,2.3,0.0,0.0,0.0,0.0,0.0,0.0,0.0,0.0,1.0,0.0,0.0,0.0,3.0,1,13074,13074,13074,25402,12059,10158,9917,18861,1,1,1,25429,2692,1,1,18762,23648,1.0,2:20,2015,2016
2015-16,202391,Jeremy Lin,Jeremy,1610612766,CHA,Charlotte Hornets,21500813,2016-02-19T00:00:00,CHA @ MIL,W,23.2,0.0,0.0,0.0,2.0,9.0,6.0,10.0,12.0,0.0,2.0,1.0,1.0,16.0,1,1,1,1,13194,12059,10158,9917,12984,15771,13237,20169,18637,8004,23588,4972,12373,14590,1.0,23:12,2015,2016
2015-16,1626166,Cameron Payne,Cameron,1610612760,OKC,Oklahoma City Thunder,21500812,2016-02-19T00:00:00,OKC vs. IND,L,11.6,0.0,0.0,0.0,0.0,2.0,4.0,6.0,12.0,0.0,0.0,3.0,0.0,8.0,1,13074,13074,13074,21775,12059,10158,9917,18861,2619,8458,13388,18637,8004,1,17641,18762,20564,1.0,11:36,2015,2016
2015-16,1626214,Bryce Dejean-Jones,Bryce,1610612740,NOP,New Orleans Pelicans,21500811,2016-02-19T00:00:00,NOP vs. PHI,W,17.3,0.0,0.0,0.0,0.0,10.0,2.0,4.0,26.0,0.0,0.0,2.0,0.0,8.3,1,1,1,1,18045,12059,10158,9917,18861,17370,3734,8806,7214,8004,1,11390,18762,20376,1.0,17:18,2015,2016
2015-16,201564,O.J. Mayo,O.J.,1610612749,MIL,Milwaukee Bucks,21500813,2016-02-19T00:00:00,MIL vs. CHA,L,28.8,3.0,0.0,3.0,0.0,18.0,12.0,11.0,26.0,1.0,1.0,3.0,0.0,12.6,1,13074,13074,13074,8588,4307,10158,3302,18861,24749,22832,21342,7214,2692,17214,17641,18762,17277,1.0,28:45,2015,2016
2015-16,2738,Andre Iguodala,Andre,1610612744,GSW,Golden State Warriors,21500815,2016-02-19T00:00:00,GSW @ POR,L,23.2,2.0,0.0,2.0,2.0,8.0,10.0,12.0,26.0,1.0,0.0,3.0,2.0,12.4,1,13074,13074,13074,13231,6026,10158,4675,12984,13914,20509,22259,7214,2692,1,17641,7786,17418,1.0,23:10,2015,2016
2015-16,1626175,Jordan Mickey,Jordan,1610612738,BOS,Boston Celtics,21500817,2016-02-19T00:00:00,BOS @ UTA,L,2.7,0.0,0.0,0.0,2.0,0.0,2.0,0.0,2.0,2.0,0.0,0.0,0.0,8.0,1,13074,13074,13074,25241,12059,10158,9917,12984,1,3734,1,24614,932,1,1,18762,20564,1.0,2:43,2015,2016
2015-16,202334,Ed Davis,Ed,1610612757,POR,Portland Trail Blazers,21500815,2016-02-19T00:00:00,POR vs. GSW,W,15.7,0.0,0.0,0.0,2.0,3.0,5.0,2.0,6.0,0.0,0.0,1.0,1.0,13.1,1,1,1,1,19241,12059,10158,9917,12984,5109,11469,4025,22724,8004,1,4972,12373,16874,1.0,15:44,2015,2016
2015-16,203084,Harrison Barnes,Harrison,1610612744,GSW,Golden State Warriors,21500815,2016-02-19T00:00:00,GSW @ POR,L,28.8,2.0,3.0,0.0,2.0,7.0,6.0,6.0,30.0,0.0,0.0,0.0,2.0,13.1,1,13074,13074,13074,8572,6026,3104,9917,12984,12242,13237,13388,4541,8004,1,1,7786,16874,1.0,28:46,2015,2016
2015-16,203484,Kentavious Caldwell-Pope,Kentavious,1610612765,DET,Detroit Pistons,21500806,2016-02-19T00:00:00,DET @ WAS,L,32.2,0.0,0.0,0.0,0.0,2.0,3.0,7.0,18.0,0.0,0.0,1.0,2.0,7.6,1,13074,13074,13074,5747,12059,10158,9917,18861,2619,7138,15538,13577,8004,1,4972,7786,20803,1.0,32:10,2015,2016
2015-16,1626163,Frank Kaminsky,Frank,1610612766,CHA,Charlotte Hornets,21500813,2016-02-19T00:00:00,CHA @ MIL,W,24.0,2.0,2.0,0.0,4.0,7.0,11.0,3.0,26.0,0.0,2.0,2.0,1.0,8.0,1,1,1,1,12549,6026,4731,9917,8599,12242,21814,7328,7214,8004,23588,11390,12373,20564,1.0,24:00,2015,2016
2015-16,1626161,Willie Cauley-Stein,Willie,1610612758,SAC,Sacramento Kings,21500816,2016-02-19T00:00:00,SAC vs. DEN,W,14.4,0.0,2.0,0.0,10.0,10.0,7.0,8.0,14.0,3.0,0.0,0.0,0.0,21.6,1,1,1,1,20184,12059,4731,9917,1840,17370,15642,17194,17019,347,1,1,18762,10666,1.0,14:22,2015,2016
2015-16,202708,Norris Cole,Norris,1610612740,NOP,New Orleans Pelicans,21500811,2016-02-19T00:00:00,NOP vs. PHI,W,27.4,0.0,0.0,2.0,4.0,9.0,0.0,8.0,32.0,0.0,0.0,4.0,2.0,18.6,1,1,1,1,9707,12059,10158,4675,8599,15771,1,17194,3535,8004,1,22104,7786,12715,1.0,27:24,2015,2016
2015-16,203080,Thomas Robinson,Thomas,1610612751,BKN,Brooklyn Nets,21500807,2016-02-19T00:00:00,BKN vs. NYK,W,13.0,2.0,2.0,2.0,4.0,2.0,0.0,6.0,8.0,1.0,1.0,1.0,1.0,20.8,1,1,1,1,20994,6026,4731,4675,8599,2619,1,13388,21543,2692,17214,4972,12373,11195,1.0,12:59,2015,2016
2015-16,203909,KJ McDaniels,KJ,1610612745,HOU,Houston Rockets,21500814,2016-02-19T00:00:00,HOU @ PHX,W,11.6,2.0,0.0,4.0,2.0,10.0,3.0,11.0,10.0,1.0,0.0,3.0,1.0,7.7,1,1,1,1,21785,6026,10158,1913,12984,17370,7138,21342,20209,2692,1,17641,12373,20733,1.0,11:35,2015,2016
2015-16,203088,Kendall Marshall,Kendall,1610612755,PHI,Philadelphia 76ers,21500811,2016-02-19T00:00:00,PHI @ NOP,L,10.8,3.0,0.0,0.0,2.0,0.0,5.0,0.0,8.0,0.0,0.0,2.0,1.0,16.5,1,13074,13074,13074,22108,4307,10158,9917,12984,1,11469,1,21543,8004,1,11390,12373,14224,1.0,10:49,2015,2016
2015-16,202694,Marcus Morris Sr.,Marcus,1610612765,DET,Detroit Pistons,21500806,2016-02-19T00:00:00,DET @ WAS,L,36.0,0.0,2.0,3.0,2.0,6.0,3.0,6.0,18.0,0.0,0.0,2.0,2.0,18.7,1,13074,13074,13074,2735,12059,4731,3302,12984,10028,7138,13388,13577,8004,1,11390,7786,12648,1.0,36:02,2015,2016
2015-16,201196,Ramon Sessions,Ramon,1610612764,WAS,Washington Wizards,21500806,2016-02-19T00:00:00,WAS vs. DET,W,16.7,0.0,0.0,0.0,6.0,9.0,3.0,2.0,14.0,0.0,0.0,2.0,2.0,15.9,1,1,1,1,18532,12059,10158,9917,5299,15771,7138,4025,17019,8004,1,11390,7786,14675,1.0,16:39,2015,2016
2015-16,202341,James Anderson,James,1610612758,SAC,Sacramento Kings,21500816,2016-02-19T00:00:00,SAC vs. DEN,W,24.0,0.0,0.0,0.0,0.0,17.0,7.0,12.0,32.0,0.0,0.0,3.0,0.0,2.7,1,1,1,1,12536,12059,10158,9917,18861,24337,15642,22259,3535,8004,1,17641,18762,23884,1.0,24:01,2015,2016
2015-16,2549,Chris Kaman,Chris,1610612757,POR,Portland Trail Blazers,21500815,2016-02-19T00:00:00,POR vs. GSW,W,4.8,0.0,0.0,0.0,0.0,1.0,1.0,0.0,2.0,0.0,0.0,1.0,0.0,2.4,1,1,1,1,24447,12059,10158,9917,18861,2356,3393,1,24614,8004,1,4972,18762,24024,1.0,4:45,2015,2016
2015-16,202323,Evan Turner,Evan,1610612738,BOS,Boston Celtics,21500817,2016-02-19T00:00:00,BOS @ UTA,L,25.4,2.0,0.0,0.0,0.0,8.0,7.0,4.0,16.0,0.0,0.0,4.0,3.0,12.7,1,13074,13074,13074,11372,6026,10158,9917,18861,13914,15642,8806,15259,8004,1,22104,4736,17201,1.0,25:24,2015,2016
2015-16,1626257,Salah Mejri,Salah,1610612742,DAL,Dallas Mavericks,21500805,2016-02-19T00:00:00,DAL @ ORL,L,4.7,0.0,0.0,0.0,0.0,0.0,0.0,0.0,2.0,0.0,0.0,1.0,0.0,2.4,1,13074,13074,13074,24485,12059,10158,9917,18861,1,1,1,24614,8004,1,4972,18762,24024,1.0,4:40,2015,2016
2015-16,201577,Robin Lopez,Robin,1610612752,NYK,New York Knicks,21500807,2016-02-19T00:00:00,NYK @ BKN,L,30.7,0.0,4.0,0.0,6.0,12.0,6.0,11.0,36.0,0.0,1.0,1.0,2.0,18.4,1,13074,13074,13074,6938,12059,1596,9917,5299,20178,13237,21342,1943,8004,17214,4972,7786,12854,1.0,30:43,2015,2016
2015-16,201578,Marreese Speights,Marreese,1610612744,GSW,Golden State Warriors,21500815,2016-02-19T00:00:00,GSW @ POR,L,12.8,0.0,2.0,0.0,2.0,2.0,3.0,8.0,12.0,0.0,0.0,1.0,3.0,18.7,1,13074,13074,13074,21103,12059,4731,9917,12984,2619,7138,17194,18637,8004,1,4972,4736,12648,1.0,12:45,2015,2016
2015-16,201949,James Johnson,James,1610612761,TOR,Toronto Raptors,21500809,2016-02-19T00:00:00,TOR @ CHI,L,14.6,0.0,2.0,0.0,0.0,3.0,7.0,2.0,14.0,1.0,0.0,1.0,1.0,7.7,1,13074,13074,13074,20026,12059,4731,9917,18861,5109,15642,4025,17019,2692,1,4972,12373,20733,1.0,14:37,2015,2016
2015-16,203086,Meyers Leonard,Meyers,1610612757,POR,Portland Trail Blazers,21500815,2016-02-19T00:00:00,POR vs. GSW,W,4.8,0.0,0.0,0.0,0.0,1.0,1.0,0.0,2.0,0.0,0.0,2.0,0.0,2.4,1,1,1,1,24447,12059,10158,9917,18861,2356,3393,1,24614,8004,1,11390,18762,24024,1.0,4:45,2015,2016
2015-16,203501,Tim Hardaway Jr.,Tim,1610612737,ATL,Atlanta Hawks,21500808,2016-02-19T00:00:00,ATL vs. MIA,L,11.7,0.0,0.0,0.0,0.0,7.0,4.0,2.0,16.0,0.0,0.0,0.0,0.0,2.4,1,13074,13074,13074,21726,12059,10158,9917,18861,12242,8458,4025,15259,8004,1,1,18762,24024,1.0,11:42,2015,2016
2015-16,203112,Quincy Acy,Quincy,1610612758,SAC,Sacramento Kings,21500816,2016-02-19T00:00:00,SAC vs. DEN,W,14.9,0.0,0.0,0.0,0.0,15.0,0.0,10.0,12.0,0.0,0.0,1.0,0.0,2.6,1,1,1,1,19828,12059,10158,9917,18861,23079,1,20169,18637,8004,1,4972,18762,23982,1.0,14:54,2015,2016
2015-16,201937,Ricky Rubio,Ricky,1610612750,MIN,Minnesota Timberwolves,21500810,2016-02-19T00:00:00,MIN @ MEM,L,34.3,0.0,0.0,0.0,0.0,19.0,12.0,13.0,40.0,1.0,0.0,2.0,4.0,20.9,1,13074,13074,13074,4082,12059,10158,9917,18861,25074,22832,23048,983,2692,1,11390,2748,11132,1.0,34:19,2015,2016
2015-16,202340,Avery Bradley,Avery,1610612738,BOS,Boston Celtics,21500817,2016-02-19T00:00:00,BOS @ UTA,L,33.8,0.0,0.0,0.0,4.0,7.0,10.0,6.0,36.0,0.0,0.0,2.0,0.0,20.8,1,13074,13074,13074,4495,12059,10158,9917,8599,12242,20509,13388,1943,8004,1,11390,18762,11195,1.0,33:49,2015,2016
2015-16,203991,Clint Capela,Clint,1610612745,HOU,Houston Rockets,21500814,2016-02-19T00:00:00,HOU @ PHX,W,17.9,6.0,4.0,2.0,10.0,13.0,2.0,14.0,12.0,1.0,0.0,5.0,3.0,21.4,1,1,1,1,17564,878,1596,4675,1840,21300,3734,23710,18637,2692,1,24686,4736,10807,1.0,17:56,2015,2016
2015-16,201962,Toney Douglas,Toney,1610612740,NOP,New Orleans Pelicans,21500811,2016-02-19T00:00:00,NOP vs. PHI,W,17.9,0.0,0.0,0.0,0.0,9.0,2.0,0.0,18.0,1.0,0.0,3.0,0.0,13.2,1,1,1,1,17627,12059,10158,9917,18861,15771,3734,1,13577,2692,1,17641,18762,16768,1.0,17:52,2015,2016
2015-16,203477,Isaiah Canaan,Isaiah,1610612755,PHI,Philadelphia 76ers,21500811,2016-02-19T00:00:00,PHI @ NOP,L,22.4,3.0,0.0,3.0,0.0,4.0,3.0,8.0,28.0,0.0,1.0,0.0,1.0,18.6,1,13074,13074,13074,13857,4307,10158,3302,18861,6141,7138,17194,5824,8004,17214,1,12373,12715,1.0,22:22,2015,2016
2015-16,1626199,Darrun Hilliard,Darrun,1610612765,DET,Detroit Pistons,21500806,2016-02-19T00:00:00,DET @ WAS,L,2.5,0.0,0.0,0.0,0.0,0.0,0.0,2.0,0.0,0.0,0.0,0.0,1.0,3.0,1,13074,13074,13074,25350,12059,10158,9917,18861,1,1,4025,25429,8004,1,1,12373,23648,1.0,2:27,2015,2016
2015-16,201575,Brandon Rush,Brandon,1610612744,GSW,Golden State Warriors,21500815,2016-02-19T00:00:00,GSW @ POR,L,17.9,0.0,0.0,0.0,0.0,11.0,2.0,6.0,16.0,0.0,0.0,0.0,1.0,7.9,1,13074,13074,13074,17632,12059,10158,9917,18861,18886,3734,13388,15259,8004,1,1,12373,20646,1.0,17:51,2015,2016
2015-16,101161,Amir Johnson,Amir,1610612738,BOS,Boston Celtics,21500817,2016-02-19T00:00:00,BOS @ UTA,L,17.3,2.0,0.0,2.0,2.0,2.0,0.0,4.0,18.0,0.0,1.0,3.0,0.0,8.2,1,13074,13074,13074,18084,6026,10158,4675,12984,2619,1,8806,13577,8004,17214,17641,18762,20416,1.0,17:15,2015,2016
2015-16,201166,Aaron Brooks,Aaron,1610612741,CHI,Chicago Bulls,21500809,2016-02-19T00:00:00,CHI vs. TOR,W,13.3,0.0,0.0,0.0,0.0,2.0,0.0,4.0,16.0,0.0,3.0,4.0,1.0,12.4,1,1,1,1,20795,12059,10158,9917,18861,2619,1,8806,15259,8004,25441,22104,12373,17418,1.0,13:19,2015,2016
2015-16,201961,Wayne Ellington,Wayne,1610612751,BKN,Brooklyn Nets,21500807,2016-02-19T00:00:00,BKN vs. NYK,W,25.6,2.0,0.0,2.0,4.0,0.0,2.0,8.0,14.0,0.0,1.0,0.0,2.0,18.2,1,1,1,1,11222,6026,10158,4675,8599,1,3734,17194,17019,8004,17214,1,7786,13004,1.0,25:36,2015,2016
2015-16,202711,Bojan Bogdanović,Bojan,1610612751,BKN,Brooklyn Nets,21500807,2016-02-19T00:00:00,BKN vs. NYK,W,23.8,3.0,0.0,6.0,4.0,8.0,9.0,12.0,20.0,0.0,0.0,2.0,0.0,20.7,1,1,1,1,12778,4307,10158,740,8599,13914,19144,22259,11929,8004,1,11390,18762,11252,1.0,23:45,2015,2016
2015-16,200757,Thabo Sefolosha,Thabo,1610612737,ATL,Atlanta Hawks,21500808,2016-02-19T00:00:00,ATL vs. MIA,L,22.3,2.0,0.0,2.0,4.0,10.0,4.0,3.0,26.0,0.0,0.0,0.0,0.0,16.0,1,13074,13074,13074,13953,6026,10158,4675,8599,17370,8458,7328,7214,8004,1,1,18762,14590,1.0,22:15,2015,2016
2015-16,201571,D.J. Augustin,D.J.,1610612743,DEN,Denver Nuggets,21500816,2016-02-19T00:00:00,DEN @ SAC,L,18.9,2.0,0.0,0.0,0.0,10.0,4.0,11.0,32.0,0.0,1.0,2.0,3.0,23.0,1,13074,13074,13074,16747,6026,10158,9917,18861,17370,8458,21342,3535,8004,17214,11390,4736,9760,1.0,18:56,2015,2016
2015-16,201959,Taj Gibson,Taj,1610612741,CHI,Chicago Bulls,21500809,2016-02-19T00:00:00,CHI vs. TOR,W,24.3,3.0,3.0,0.0,8.0,9.0,13.0,13.0,28.0,1.0,1.0,4.0,4.0,23.7,1,1,1,1,12268,4307,3104,9917,3109,15771,23668,23048,5824,2692,17214,22104,2748,9329,1.0,24:20,2015,2016
2015-16,202683,Enes Freedom,Enes,1610612760,OKC,Oklahoma City Thunder,21500812,2016-02-19T00:00:00,OKC vs. IND,L,20.2,0.0,0.0,2.0,6.0,2.0,2.0,10.0,24.0,0.0,4.0,0.0,1.0,25.0,1,13074,13074,13074,15778,12059,10158,4675,5299,2619,3734,20169,8723,8004,25926,1,12373,8485,1.0,20:09,2015,2016
2015-16,201167,Arron Afflalo,Arron,1610612752,NYK,New York Knicks,21500807,2016-02-19T00:00:00,NYK @ BKN,L,38.6,4.0,0.0,5.0,2.0,14.0,8.0,16.0,44.0,0.0,0.0,1.0,2.0,23.4,1,13074,13074,13074,1238,2460,10158,1277,12984,22292,17345,24641,454,8004,1,4972,7786,9501,1.0,38:33,2015,2016
2015-16,1626171,Bobby Portis,Bobby,1610612741,CHI,Chicago Bulls,21500809,2016-02-19T00:00:00,CHI vs. TOR,W,22.3,0.0,0.0,2.0,2.0,8.0,2.0,6.0,24.0,1.0,2.0,1.0,2.0,23.6,1,1,1,1,13920,12059,10158,4675,12984,13914,3734,13388,8723,2692,23588,4972,7786,9377,1.0,22:18,2015,2016
2015-16,202699,Tobias Harris,Tobias,1610612765,DET,Detroit Pistons,21500806,2016-02-19T00:00:00,DET @ WAS,L,30.1,4.0,4.0,0.0,10.0,4.0,2.0,11.0,20.0,0.0,0.0,2.0,2.0,23.8,1,13074,13074,13074,7484,2460,1596,9917,1840,6141,3734,21342,11929,8004,1,11390,7786,9261,1.0,30:04,2015,2016
2015-16,202087,Alonzo Gee,Alonzo,1610612740,NOP,New Orleans Pelicans,21500811,2016-02-19T00:00:00,NOP vs. PHI,W,17.1,2.0,0.0,2.0,2.0,3.0,0.0,4.0,14.0,0.0,0.0,2.0,0.0,14.9,1,1,1,1,18185,6026,10158,4675,12984,5109,1,8806,17019,8004,1,11390,18762,15463,1.0,17:07,2015,2016
2015-16,203092,Tyler Zeller,Tyler,1610612738,BOS,Boston Celtics,21500817,2016-02-19T00:00:00,BOS @ UTA,L,17.7,0.0,0.0,0.0,0.0,3.0,10.0,2.0,14.0,0.0,0.0,4.0,4.0,10.2,1,13074,13074,13074,17737,12059,10158,9917,18861,5109,20509,4025,17019,8004,1,22104,2748,19003,1.0,17:43,2015,2016
2015-16,2561,David West,David,1610612759,SAS,San Antonio Spurs,21500818,2016-02-19T00:00:00,SAS @ LAL,W,12.7,0.0,2.0,0.0,6.0,4.0,6.0,2.0,22.0,1.0,2.0,3.0,0.0,19.4,1,1,1,1,21145,12059,4731,9917,5299,6141,13237,4025,10265,2692,23588,17641,18762,12154,1.0,12:41,2015,2016
2015-16,201156,Nick Young,Nick,1610612747,LAL,Los Angeles Lakers,21500818,2016-02-19T00:00:00,LAL vs. SAS,L,18.7,4.0,2.0,0.0,2.0,7.0,8.0,0.0,26.0,0.0,1.0,0.0,3.0,14.2,1,13074,13074,13074,16929,2460,4731,9917,12984,12242,17345,1,7214,8004,17214,1,4736,16003,1.0,18:43,2015,2016
2015-16,203897,Zach LaVine,Zach,1610612750,MIN,Minnesota Timberwolves,21500810,2016-02-19T00:00:00,MIN @ MEM,L,25.7,2.0,3.0,7.0,2.0,16.0,9.0,13.0,30.0,0.0,0.0,5.0,1.0,23.4,1,13074,13074,13074,11092,6026,3104,454,12984,23774,19144,23048,4541,8004,1,24686,12373,9501,1.0,25:44,2015,2016
2015-16,201596,Mario Chalmers,Mario,1610612763,MEM,Memphis Grizzlies,21500810,2016-02-19T00:00:00,MEM vs. MIN,W,26.5,0.0,0.0,3.0,2.0,4.0,8.0,3.0,8.0,0.0,1.0,5.0,7.0,19.1,1,1,1,1,10439,12059,10158,3302,12984,6141,17345,7328,21543,8004,17214,24686,469,12372,1.0,26:31,2015,2016
2015-16,1626170,Jerian Grant,Jerian,1610612752,NYK,New York Knicks,21500807,2016-02-19T00:00:00,NYK @ BKN,L,16.0,0.0,0.0,0.0,4.0,9.0,0.0,9.0,10.0,0.0,0.0,2.0,1.0,14.5,1,13074,13074,13074,19007,12059,10158,9917,8599,15771,1,18829,20209,8004,1,11390,12373,15799,1.0,16:02,2015,2016
2015-16,1626245,Cristiano Felicio,Cristiano,1610612741,CHI,Chicago Bulls,21500809,2016-02-19T00:00:00,CHI vs. TOR,W,14.2,3.0,1.0,0.0,6.0,4.0,0.0,4.0,16.0,1.0,0.0,3.0,3.0,19.1,1,1,1,1,20287,4307,9709,9917,5299,6141,1,8806,15259,2692,1,17641,4736,12372,1.0,14:12,2015,2016
2015-16,203101,Miles Plumlee,Miles,1610612749,MIL,Milwaukee Bucks,21500813,2016-02-19T00:00:00,MIL vs. CHA,L,18.5,2.0,4.0,0.0,6.0,11.0,8.0,5.0,16.0,3.0,1.0,3.0,0.0,25.5,1,13074,13074,13074,17112,6026,1596,9917,5299,18886,17345,11593,15259,347,17214,17641,18762,8230,1.0,18:28,2015,2016
2015-16,201951,Ty Lawson,Ty,1610612745,HOU,Houston Rockets,21500814,2016-02-19T00:00:00,HOU @ PHX,W,19.9,0.0,0.0,1.0,0.0,15.0,8.0,14.0,18.0,0.0,0.0,1.0,1.0,9.8,1,1,1,1,15962,12059,10158,9347,18861,23079,17345,23710,13577,8004,1,4972,12373,19331,1.0,19:56,2015,2016
2015-16,202397,Ish Smith,Ish,1610612755,PHI,Philadelphia 76ers,21500811,2016-02-19T00:00:00,PHI @ NOP,L,31.3,3.0,0.0,3.0,10.0,14.0,4.0,15.0,32.0,0.0,0.0,2.0,5.0,35.1,1,13074,13074,13074,6487,4307,10158,3302,1840,22292,8458,24242,3535,8004,1,11390,1539,3777,1.0,31:17,2015,2016
2015-16,203141,Mirza Teletovic,Mirza,1610612756,PHX,Phoenix Suns,21500814,2016-02-19T00:00:00,PHX vs. HOU,L,34.3,5.0,3.0,3.0,6.0,24.0,13.0,30.0,40.0,0.0,0.0,5.0,7.0,34.6,1,13074,13074,13074,4122,1603,3104,3302,5299,25890,23668,26060,983,8004,1,24686,469,3963,1.0,34:16,2015,2016
2015-16,1626164,Devin Booker,Devin,1610612756,PHX,Phoenix Suns,21500814,2016-02-19T00:00:00,PHX vs. HOU,L,30.9,2.0,0.0,2.0,2.0,19.0,15.0,26.0,44.0,0.0,3.0,1.0,4.0,14.7,1,13074,13074,13074,6814,6026,10158,4675,12984,25074,24781,26007,454,8004,25441,4972,2748,15631,1.0,30:54,2015,2016
2015-16,203530,Joffrey Lauvergne,Joffrey,1610612743,DEN,Denver Nuggets,21500816,2016-02-19T00:00:00,DEN @ SAC,L,24.9,4.0,2.0,2.0,16.0,10.0,10.0,13.0,36.0,1.0,1.0,2.0,2.0,33.9,1,13074,13074,13074,11762,2460,4731,4675,275,17370,20509,23048,1943,2692,17214,11390,7786,4208,1.0,24:53,2015,2016
2015-16,203499,Shane Larkin,Shane,1610612751,BKN,Brooklyn Nets,21500807,2016-02-19T00:00:00,BKN vs. NYK,W,18.9,2.0,0.0,2.0,0.0,4.0,4.0,5.0,12.0,0.0,0.0,1.0,1.0,19.4,1,1,1,1,16775,6026,10158,4675,18861,6141,8458,11593,18637,8004,1,4972,12373,12154,1.0,18:55,2015,2016
2015-16,203490,Otto Porter Jr.,Otto,1610612764,WAS,Washington Wizards,21500806,2016-02-19T00:00:00,WAS vs. DET,W,31.1,2.0,0.0,5.0,2.0,5.0,7.0,3.0,22.0,0.0,1.0,0.0,1.0,19.7,1,1,1,1,6616,6026,10158,1277,12984,8403,15642,7328,10265,8004,17214,1,12373,11962,1.0,31:08,2015,2016
2015-16,203940,Adreian Payne,Adreian,1610612750,MIN,Minnesota Timberwolves,21500810,2016-02-19T00:00:00,MIN @ MEM,L,9.6,0.0,0.0,0.0,0.0,8.0,5.0,6.0,8.0,1.0,0.0,3.0,0.0,10.1,1,13074,13074,13074,22581,12059,10158,9917,18861,13914,11469,13388,21543,2692,1,17641,18762,19105,1.0,9:37,2015,2016
2015-16,2216,Zach Randolph,Zach,1610612763,MEM,Memphis Grizzlies,21500810,2016-02-19T00:00:00,MEM vs. MIN,W,33.8,1.0,4.0,2.0,12.0,8.0,11.0,16.0,28.0,0.0,0.0,3.0,2.0,26.1,1,1,1,1,4550,11535,1596,4675,988,13914,21814,24641,5824,8004,1,17641,7786,7836,1.0,33:45,2015,2016
2015-16,204014,Damjan Rudez,Damjan,1610612750,MIN,Minnesota Timberwolves,21500810,2016-02-19T00:00:00,MIN @ MEM,L,6.6,0.0,0.0,0.0,0.0,2.0,4.0,0.0,10.0,1.0,1.0,2.0,0.0,10.2,1,13074,13074,13074,23716,12059,10158,9917,18861,2619,8458,1,20209,2692,17214,11390,18762,19003,1.0,6:35,2015,2016
2015-16,203082,Terrence Ross,Terrence,1610612761,TOR,Toronto Raptors,21500809,2016-02-19T00:00:00,TOR @ CHI,L,24.3,0.0,0.0,0.0,2.0,5.0,5.0,10.0,28.0,0.0,0.0,1.0,0.0,9.8,1,13074,13074,13074,12315,12059,10158,9917,12984,8403,11469,20169,5824,8004,1,4972,18762,19331,1.0,24:17,2015,2016
2015-16,201565,Derrick Rose,Derrick,1610612741,CHI,Chicago Bulls,21500809,2016-02-19T00:00:00,CHI vs. TOR,W,34.7,0.0,6.0,5.0,14.0,15.0,13.0,17.0,34.0,0.0,0.0,1.0,1.0,34.6,1,1,1,1,3794,12059,481,1277,542,23079,23668,24967,2701,8004,1,4972,12373,3963,1.0,34:41,2015,2016
2015-16,201942,DeMar DeRozan,DeMar,1610612761,TOR,Toronto Raptors,21500809,2016-02-19T00:00:00,TOR @ CHI,L,40.0,8.0,0.0,6.0,6.0,8.0,13.0,8.0,42.0,0.0,1.0,2.0,7.0,34.3,1,13074,13074,13074,731,308,10158,740,5299,13914,23668,17194,670,8004,17214,11390,469,4063,1.0,40:00,2015,2016
2015-16,2207,Joe Johnson,Joe,1610612751,BKN,Brooklyn Nets,21500807,2016-02-19T00:00:00,BKN vs. NYK,W,38.4,2.0,0.0,2.0,4.0,4.0,9.0,12.0,20.0,0.0,1.0,3.0,2.0,25.2,1,1,1,1,1335,6026,10158,4675,8599,6141,19144,22259,11929,8004,17214,17641,7786,8383,1.0,38:23,2015,2016
2015-16,200826,J.J. Barea,J.J.,1610612742,DAL,Dallas Mavericks,21500805,2016-02-19T00:00:00,DAL @ ORL,L,22.1,0.0,0.0,0.0,0.0,4.0,4.0,4.0,6.0,0.0,1.0,1.0,4.0,19.4,1,13074,13074,13074,14115,12059,10158,9917,18861,6141,8458,8806,22724,8004,17214,4972,2748,12154,1.0,22:05,2015,2016
2015-16,2581,Steve Blake,Steve,1610612765,DET,Detroit Pistons,21500806,2016-02-19T00:00:00,DET @ WAS,L,16.3,0.0,0.0,0.0,2.0,0.0,0.0,7.0,10.0,0.0,0.0,1.0,1.0,9.7,1,13074,13074,13074,18835,12059,10158,9917,12984,1,1,15538,20209,8004,1,4972,12373,19379,1.0,16:17,2015,2016
2015-16,203994,Jusuf Nurkić,Jusuf,1610612743,DEN,Denver Nuggets,21500816,2016-02-19T00:00:00,DEN @ SAC,L,14.1,0.0,0.0,0.0,4.0,8.0,2.0,5.0,10.0,2.0,1.0,5.0,1.0,19.0,1,13074,13074,13074,20346,12059,10158,9917,8599,13914,3734,11593,20209,932,17214,24686,12373,12440,1.0,14:06,2015,2016
2015-16,200752,Rudy Gay,Rudy,1610612758,SAC,Sacramento Kings,21500816,2016-02-19T00:00:00,SAC vs. DEN,W,40.5,7.0,0.0,5.0,4.0,28.0,2.0,20.0,42.0,0.0,1.0,4.0,5.0,34.1,1,1,1,1,606,548,10158,1277,8599,26034,3734,25599,670,8004,17214,22104,1539,4124,1.0,40:30,2015,2016
2015-16,977,Kobe Bryant,Kobe,1610612747,LAL,Los Angeles Lakers,21500818,2016-02-19T00:00:00,LAL vs. SAS,L,29.3,0.0,5.0,0.0,10.0,10.0,17.0,14.0,38.0,0.0,1.0,0.0,3.0,34.3,1,13074,13074,13074,8145,12059,995,9917,1840,17370,25429,23710,1422,8004,17214,1,4736,4063,1.0,29:17,2015,2016
2015-16,101162,Marcin Gortat,Marcin,1610612764,WAS,Washington Wizards,21500806,2016-02-19T00:00:00,WAS vs. DET,W,29.1,2.0,2.0,0.0,10.0,2.0,9.0,3.0,26.0,2.0,1.0,3.0,4.0,33.8,1,1,1,1,8328,6026,4731,9917,1840,2619,19144,7328,7214,932,17214,17641,2748,4244,1.0,29:03,2015,2016
2015-16,201943,Brandon Jennings,Brandon,1610612753,ORL,Orlando Magic,21500805,2016-02-19T00:00:00,ORL vs. DAL,W,24.7,0.0,0.0,2.0,0.0,6.0,0.0,8.0,14.0,0.0,0.0,1.0,2.0,25.6,1,1,1,1,11927,12059,10158,4675,18861,10028,1,17194,17019,8004,1,4972,7786,8157,1.0,24:42,2015,2016
2015-16,2747,JR Smith,JR,1610612739,CLE,Cleveland Cavaliers,21500803,2016-02-18T00:00:00,CLE vs. CHI,W,28.9,0.0,0.0,0.0,0.0,5.0,12.0,4.0,36.0,0.0,1.0,1.0,1.0,10.4,1,1,1,1,8483,12059,10158,9917,18861,8403,22832,8806,1943,8004,17214,4972,12373,18859,1.0,28:52,2015,2016
2015-16,202697,Iman Shumpert,Iman,1610612739,CLE,Cleveland Cavaliers,21500803,2016-02-18T00:00:00,CLE vs. CHI,W,25.6,0.0,0.0,0.0,2.0,7.0,7.0,6.0,12.0,0.0,2.0,3.0,0.0,18.9,1,1,1,1,11251,12059,10158,9917,12984,12242,15642,13388,18637,8004,23588,17641,18762,12513,1.0,25:33,2015,2016
2015-16,2037,Jamal Crawford,Jamal,1610612746,LAC,LA Clippers,21500804,2016-02-18T00:00:00,LAC vs. SAS,W,30.0,0.0,2.0,0.0,6.0,12.0,5.0,7.0,28.0,0.0,1.0,1.0,1.0,23.4,1,1,1,1,7586,12059,4731,9917,5299,20178,11469,15538,5824,8004,17214,4972,12373,9501,1.0,29:57,2015,2016
2015-16,2561,David West,David,1610612759,SAS,San Antonio Spurs,21500804,2016-02-18T00:00:00,SAS @ LAC,L,18.1,2.0,2.0,0.0,4.0,6.0,2.0,2.0,16.0,0.0,0.0,0.0,2.0,23.8,1,13074,13074,13074,17425,6026,4731,9917,8599,10028,3734,4025,15259,8004,1,1,7786,9261,1.0,18:07,2015,2016
2015-16,202066,Garrett Temple,Garrett,1610612764,WAS,Washington Wizards,21500654,2016-02-18T00:00:00,WAS vs. UTA,W,29.3,1.0,0.0,4.0,0.0,7.0,10.0,8.0,24.0,0.0,3.0,4.0,2.0,14.7,1,1,1,1,8146,11535,10158,1913,18861,12242,20509,17194,8723,8004,25441,22104,7786,15631,1.0,29:17,2015,2016
2015-16,1626245,Cristiano Felicio,Cristiano,1610612741,CHI,Chicago Bulls,21500803,2016-02-18T00:00:00,CHI @ CLE,L,3.5,0.0,1.0,0.0,0.0,0.0,0.0,0.0,0.0,0.0,0.0,0.0,1.0,10.3,1,13074,13074,13074,24927,12059,9709,9917,18861,1,1,1,25429,8004,1,1,12373,18965,1.0,3:30,2015,2016
2015-16,201162,Jared Dudley,Jared,1610612764,WAS,Washington Wizards,21500654,2016-02-18T00:00:00,WAS vs. UTA,W,36.0,0.0,0.0,1.0,0.0,10.0,15.0,8.0,30.0,2.0,0.0,2.0,3.0,18.9,1,1,1,1,2796,12059,10158,9347,18861,17370,24781,17194,4541,932,1,11390,4736,12513,1.0,35:57,2015,2016
2015-16,203504,Trey Burke,Trey,1610612762,UTA,Utah Jazz,21500654,2016-02-18T00:00:00,UTA @ WAS,L,22.3,0.0,2.0,0.0,2.0,8.0,4.0,15.0,14.0,0.0,1.0,1.0,1.0,14.7,1,13074,13074,13074,13885,12059,4731,9917,12984,13914,8458,24242,17019,8004,17214,4972,12373,15631,1.0,22:21,2015,2016
2015-16,202330,Gordon Hayward,Gordon,1610612762,UTA,Utah Jazz,21500654,2016-02-18T00:00:00,UTA @ WAS,L,33.1,3.0,0.0,4.0,6.0,27.0,2.0,23.0,40.0,1.0,3.0,2.0,3.0,33.5,1,13074,13074,13074,5016,4307,10158,1913,5299,26014,3734,25880,983,2692,25441,11390,4736,4348,1.0,33:08,2015,2016
2015-16,203613,Jonathon Simmons,Jonathon,1610612759,SAS,San Antonio Spurs,21500804,2016-02-18T00:00:00,SAS @ LAC,L,18.4,3.0,0.0,5.0,4.0,10.0,4.0,3.0,16.0,1.0,2.0,4.0,2.0,14.8,1,13074,13074,13074,17220,4307,10158,1277,8599,17370,8458,7328,15259,2692,23588,22104,7786,15561,1.0,18:21,2015,2016
2015-16,202325,Wesley Johnson,Wesley,1610612746,LAC,LA Clippers,21500804,2016-02-18T00:00:00,LAC vs. SAS,W,32.3,2.0,0.0,0.0,0.0,12.0,11.0,9.0,34.0,1.0,0.0,0.0,0.0,19.2,1,1,1,1,5630,6026,10158,9917,18861,20178,21814,18829,2701,2692,1,1,18762,12284,1.0,32:20,2015,2016
2015-16,203946,Cameron Bairstow,Cameron,1610612741,CHI,Chicago Bulls,21500803,2016-02-18T00:00:00,CHI @ CLE,L,3.5,2.0,0.0,2.0,0.0,0.0,0.0,0.0,0.0,0.0,0.0,0.0,1.0,1.0,1,13074,13074,13074,24927,6026,10158,4675,18861,1,1,1,25429,8004,1,1,12373,24960,1.0,3:30,2015,2016
2015-16,1495,Tim Duncan,Tim,1610612759,SAS,San Antonio Spurs,21500804,2016-02-18T00:00:00,SAS @ LAC,L,20.5,0.0,0.0,0.0,2.0,11.0,4.0,12.0,10.0,0.0,1.0,2.0,0.0,10.7,1,13074,13074,13074,15494,12059,10158,9917,12984,18886,8458,22259,20209,8004,17214,11390,18762,18636,1.0,20:29,2015,2016
2015-16,2564,Boris Diaw,Boris,1610612759,SAS,San Antonio Spurs,21500804,2016-02-18T00:00:00,SAS @ LAC,L,11.2,0.0,0.0,2.0,2.0,6.0,0.0,0.0,8.0,0.0,0.0,0.0,0.0,10.9,1,13074,13074,13074,21945,12059,10158,4675,12984,10028,1,1,21543,8004,1,1,18762,18498,1.0,11:12,2015,2016
2015-16,1626246,Boban Marjanović,Boban,1610612759,SAS,San Antonio Spurs,21500804,2016-02-18T00:00:00,SAS @ LAC,L,9.2,2.0,2.0,0.0,4.0,0.0,4.0,0.0,8.0,0.0,0.0,0.0,1.0,11.1,1,13074,13074,13074,22759,6026,4731,9917,8599,1,8458,1,21543,8004,1,1,12373,18370,1.0,9:12,2015,2016
2015-16,203492,Ray McCallum,Ray,1610612759,SAS,San Antonio Spurs,21500804,2016-02-18T00:00:00,SAS @ LAC,L,7.9,0.0,0.0,0.0,2.0,2.0,7.0,0.0,12.0,0.0,0.0,0.0,1.0,7.5,1,13074,13074,13074,23235,12059,10158,9917,12984,2619,15642,1,18637,8004,1,1,12373,20874,1.0,7:53,2015,2016
2015-16,1626171,Bobby Portis,Bobby,1610612741,CHI,Chicago Bulls,21500803,2016-02-18T00:00:00,CHI @ CLE,L,26.0,0.0,4.0,2.0,8.0,6.0,8.0,10.0,30.0,0.0,4.0,3.0,0.0,24.5,1,13074,13074,13074,10840,12059,1596,4675,3109,10028,17345,20169,4541,8004,25926,17641,18762,8801,1.0,26:00,2015,2016
2015-16,101162,Marcin Gortat,Marcin,1610612764,WAS,Washington Wizards,21500654,2016-02-18T00:00:00,WAS vs. UTA,W,29.7,4.0,4.0,2.0,14.0,5.0,15.0,6.0,24.0,5.0,0.0,3.0,4.0,54.0,1,1,1,1,7834,2460,1596,4675,542,8403,24781,13388,8723,59,1,17641,2748,453,1.0,29:40,2015,2016
2015-16,203490,Otto Porter Jr.,Otto,1610612764,WAS,Washington Wizards,21500654,2016-02-18T00:00:00,WAS vs. UTA,W,31.7,7.0,0.0,7.0,4.0,8.0,9.0,8.0,30.0,2.0,0.0,4.0,4.0,29.1,1,1,1,1,6153,548,10158,454,8599,13914,19144,17194,4541,932,1,22104,2748,6285,1.0,31:42,2015,2016
2015-16,202322,John Wall,John,1610612764,WAS,Washington Wizards,21500654,2016-02-18T00:00:00,WAS vs. UTA,W,34.0,5.0,2.0,5.0,6.0,8.0,15.0,4.0,20.0,0.0,2.0,1.0,3.0,50.7,1,1,1,1,4338,1603,4731,1277,5299,13914,24781,8806,11929,8004,23588,4972,4736,677,1.0,34:01,2015,2016
2015-16,2403,Nene,ene,1610612764,WAS,Washington Wizards,21500654,2016-02-18T00:00:00,WAS vs. UTA,W,24.7,4.0,0.0,2.0,12.0,5.0,6.0,4.0,18.0,0.0,1.0,4.0,1.0,30.0,1,1,1,1,11912,2460,10158,4675,988,8403,13237,8806,13577,8004,17214,22104,12373,5840,1.0,24:43,2015,2016
2015-16,101108,Chris Paul,Chris,1610612746,LAC,LA Clippers,21500804,2016-02-18T00:00:00,LAC vs. SAS,W,37.0,9.0,7.0,7.0,6.0,7.0,9.0,4.0,30.0,1.0,0.0,2.0,5.0,56.0,1,1,1,1,2109,171,292,454,5299,12242,19144,8806,4541,2692,1,11390,1539,352,1.0,36:57,2015,2016
2015-16,2544,LeBron James,LeBron,1610612739,CLE,Cleveland Cavaliers,21500803,2016-02-18T00:00:00,CLE vs. CHI,W,34.6,2.0,5.0,4.0,14.0,5.0,14.0,8.0,40.0,1.0,0.0,3.0,6.0,50.3,1,1,1,1,3855,6026,995,1913,542,8403,24300,17194,983,2692,1,17641,873,722,1.0,34:37,2015,2016
2015-16,204060,Joe Ingles,Joe,1610612762,UTA,Utah Jazz,21500654,2016-02-18T00:00:00,UTA @ WAS,L,14.9,2.0,0.0,2.0,2.0,0.0,4.0,11.0,14.0,0.0,1.0,0.0,0.0,4.4,1,13074,13074,13074,19854,6026,10158,4675,12984,1,8458,21342,17019,8004,17214,1,18762,22837,1.0,14:52,2015,2016
2015-16,1626162,Kelly Oubre Jr.,Kelly,1610612764,WAS,Washington Wizards,21500654,2016-02-18T00:00:00,WAS vs. UTA,W,1.8,0.0,0.0,0.0,0.0,0.0,2.0,0.0,0.0,0.0,0.0,1.0,0.0,0.0,1,1,1,1,25571,12059,10158,9917,18861,1,3734,1,25429,8004,1,4972,18762,25170,1.0,1:50,2015,2016
2015-16,2400,Drew Gooden,Drew,1610612764,WAS,Washington Wizards,21500654,2016-02-18T00:00:00,WAS vs. UTA,W,5.7,0.0,0.0,0.0,2.0,0.0,2.0,2.0,4.0,0.0,0.0,1.0,2.0,3.2,1,1,1,1,24112,12059,10158,9917,12984,1,3734,4025,23698,8004,1,4972,7786,23473,1.0,5:40,2015,2016
2015-16,203481,Jeff Withey,Jeff,1610612762,UTA,Utah Jazz,21500654,2016-02-18T00:00:00,UTA @ WAS,L,7.7,0.0,0.0,0.0,2.0,3.0,0.0,0.0,4.0,1.0,0.0,2.0,1.0,7.2,1,13074,13074,13074,23322,12059,10158,9917,12984,5109,1,1,23698,2692,1,11390,12373,21035,1.0,7:41,2015,2016
2015-16,201601,Luc Mbah a Moute,Luc,1610612746,LAC,LA Clippers,21500804,2016-02-18T00:00:00,LAC vs. SAS,W,18.2,0.0,2.0,3.0,2.0,6.0,6.0,2.0,14.0,0.0,0.0,4.0,0.0,9.4,1,1,1,1,17385,12059,4731,3302,12984,10028,13237,4025,17019,8004,1,22104,18762,19568,1.0,18:09,2015,2016
2015-16,204067,Jarell Eddie,Jarell,1610612764,WAS,Washington Wizards,21500654,2016-02-18T00:00:00,WAS vs. UTA,W,1.8,0.0,0.0,0.0,0.0,0.0,2.0,0.0,0.0,0.0,0.0,0.0,0.0,0.0,1,1,1,1,25606,12059,10158,9917,18861,1,3734,1,25429,8004,1,1,18762,25170,1.0,1:45,2015,2016
2015-16,203912,C.J. Wilcox,C.J.,1610612746,LAC,LA Clippers,21500804,2016-02-18T00:00:00,LAC vs. SAS,W,9.3,0.0,0.0,0.0,0.0,8.0,0.0,6.0,14.0,0.0,0.0,2.0,2.0,3.5,1,1,1,1,22728,12059,10158,9917,18861,13914,1,13388,17019,8004,1,11390,7786,23351,1.0,9:16,2015,2016
2015-16,203526,Raul Neto,Raul,1610612762,UTA,Utah Jazz,21500654,2016-02-18T00:00:00,UTA @ WAS,L,21.0,0.0,0.0,0.0,2.0,15.0,2.0,17.0,30.0,0.0,2.0,3.0,0.0,4.0,1,13074,13074,13074,15069,12059,10158,9917,12984,23079,3734,24967,4541,8004,23588,17641,18762,23142,1.0,20:59,2015,2016
2015-16,1626183,Branden Dawson,Branden,1610612746,LAC,LA Clippers,21500804,2016-02-18T00:00:00,LAC vs. SAS,W,1.5,0.0,0.0,0.0,0.0,2.0,0.0,2.0,4.0,0.0,0.0,0.0,0.0,0.0,1,1,1,1,25706,12059,10158,9917,18861,2619,1,4025,23698,8004,1,1,18762,25170,1.0,1:28,2015,2016
2015-16,203926,Doug McDermott,Doug,1610612741,CHI,Chicago Bulls,21500803,2016-02-18T00:00:00,CHI @ CLE,L,23.8,0.0,0.0,0.0,0.0,6.0,6.0,10.0,24.0,1.0,0.0,3.0,0.0,9.2,1,13074,13074,13074,12715,12059,10158,9917,18861,10028,13237,20169,8723,2692,1,17641,18762,19680,1.0,23:50,2015,2016
2015-16,201619,Sasha Kaun,Sasha,1610612739,CLE,Cleveland Cavaliers,21500803,2016-02-18T00:00:00,CLE vs. CHI,W,2.6,0.0,0.0,0.0,0.0,5.0,1.0,2.0,0.0,0.0,0.0,1.0,0.0,0.0,1,1,1,1,25290,12059,10158,9917,18861,8403,3393,4025,25429,8004,1,4972,18762,25170,1.0,2:35,2015,2016
2015-16,2399,Mike Dunleavy,Mike,1610612741,CHI,Chicago Bulls,21500803,2016-02-18T00:00:00,CHI @ CLE,L,17.3,0.0,0.0,0.0,0.0,15.0,5.0,8.0,18.0,0.0,1.0,3.0,2.0,5.2,1,13074,13074,13074,18060,12059,10158,9917,18861,23079,11469,17194,13577,8004,17214,17641,7786,22370,1.0,17:17,2015,2016
2015-16,202324,Derrick Favors,Derrick,1610612762,UTA,Utah Jazz,21500654,2016-02-18T00:00:00,UTA @ WAS,L,21.6,0.0,3.0,0.0,4.0,12.0,2.0,19.0,32.0,2.0,1.0,4.0,3.0,20.5,1,13074,13074,13074,14486,12059,3104,9917,8599,20178,3734,25435,3535,932,17214,22104,4736,11401,1.0,21:39,2015,2016
2015-16,201599,DeAndre Jordan,DeAndre,1610612746,LAC,LA Clippers,21500804,2016-02-18T00:00:00,LAC vs. SAS,W,37.0,1.0,0.0,0.0,8.0,11.0,12.0,7.0,34.0,2.0,0.0,3.0,4.0,42.9,1,1,1,1,2087,11535,10158,9917,3109,18886,22832,15538,2701,932,1,17641,2748,1754,1.0,36:59,2015,2016
2015-16,201166,Aaron Brooks,Aaron,1610612741,CHI,Chicago Bulls,21500803,2016-02-18T00:00:00,CHI @ CLE,L,17.7,3.0,0.0,0.0,0.0,2.0,4.0,0.0,8.0,0.0,0.0,2.0,4.0,11.7,1,13074,13074,13074,17790,4307,10158,9917,18861,2619,8458,1,21543,8004,1,11390,2748,17903,1.0,17:39,2015,2016
2015-16,200755,JJ Redick,JJ,1610612746,LAC,LA Clippers,21500804,2016-02-18T00:00:00,LAC vs. SAS,W,31.6,1.0,2.0,1.0,6.0,9.0,12.0,5.0,22.0,0.0,1.0,3.0,2.0,20.2,1,1,1,1,6210,11535,4731,9347,5299,15771,22832,11593,10265,8004,17214,17641,7786,11610,1.0,31:37,2015,2016
2015-16,202684,Tristan Thompson,Tristan,1610612739,CLE,Cleveland Cavaliers,21500803,2016-02-18T00:00:00,CLE vs. CHI,W,30.8,10.0,2.0,12.0,16.0,3.0,12.0,8.0,32.0,2.0,1.0,3.0,3.0,43.0,1,1,1,1,6902,99,4731,42,275,5109,22832,17194,3535,932,17214,17641,4736,1733,1.0,30:48,2015,2016
2015-16,203918,Rodney Hood,Rodney,1610612762,UTA,Utah Jazz,21500654,2016-02-18T00:00:00,UTA @ WAS,L,34.0,0.0,0.0,2.0,2.0,22.0,6.0,28.0,46.0,0.0,0.0,2.0,2.0,30.1,1,13074,13074,13074,4317,12059,10158,4675,12984,25683,13237,26047,298,8004,1,11390,7786,5794,1.0,34:02,2015,2016
2015-16,202389,Timofey Mozgov,Timofey,1610612739,CLE,Cleveland Cavaliers,21500803,2016-02-18T00:00:00,CLE vs. CHI,W,25.8,0.0,2.0,0.0,10.0,7.0,9.0,6.0,16.0,4.0,0.0,2.0,2.0,31.4,1,1,1,1,10979,12059,4731,9917,1840,12242,19144,13388,15259,132,1,11390,7786,5218,1.0,25:50,2015,2016
2015-16,202681,Kyrie Irving,Kyrie,1610612739,CLE,Cleveland Cavaliers,21500803,2016-02-18T00:00:00,CLE vs. CHI,W,31.4,2.0,0.0,0.0,4.0,3.0,12.0,8.0,32.0,0.0,0.0,3.0,3.0,30.2,1,1,1,1,6365,6026,10158,9917,8599,5109,22832,17194,3535,8004,1,17641,4736,5751,1.0,31:26,2015,2016
2015-16,2446,Rasual Butler,Rasual,1610612759,SAS,San Antonio Spurs,21500804,2016-02-18T00:00:00,SAS @ LAC,L,20.1,2.0,0.0,2.0,6.0,8.0,7.0,0.0,24.0,1.0,1.0,0.0,1.0,12.2,1,13074,13074,13074,15865,6026,10158,4675,5299,13914,15642,1,8723,2692,17214,1,12373,17566,1.0,20:04,2015,2016
2015-16,203497,Rudy Gobert,Rudy,1610612762,UTA,Utah Jazz,21500654,2016-02-18T00:00:00,UTA @ WAS,L,29.8,1.0,9.0,0.0,10.0,24.0,6.0,22.0,38.0,2.0,1.0,3.0,5.0,40.4,1,13074,13074,13074,7707,11535,77,9917,1840,25890,13237,25811,1422,932,17214,17641,1539,2274,1.0,29:49,2015,2016
2015-16,203078,Bradley Beal,Bradley,1610612764,WAS,Washington Wizards,21500654,2016-02-18T00:00:00,WAS vs. UTA,W,23.7,4.0,0.0,7.0,6.0,5.0,11.0,4.0,22.0,1.0,0.0,0.0,0.0,26.1,1,1,1,1,12788,2460,10158,454,5299,8403,21814,8806,10265,2692,1,1,18762,7836,1.0,23:44,2015,2016
2015-16,200746,LaMarcus Aldridge,LaMarcus,1610612759,SAS,San Antonio Spurs,21500804,2016-02-18T00:00:00,SAS @ LAC,L,25.4,4.0,4.0,2.0,6.0,13.0,9.0,14.0,18.0,0.0,1.0,0.0,4.0,15.1,1,13074,13074,13074,11358,2460,1596,4675,5299,21300,19144,23710,13577,8004,17214,1,2748,15328,1.0,25:25,2015,2016
2015-16,1626168,Trey Lyles,Trey,1610612762,UTA,Utah Jazz,21500654,2016-02-18T00:00:00,UTA @ WAS,L,14.6,0.0,2.0,0.0,0.0,3.0,4.0,11.0,10.0,0.0,1.0,0.0,1.0,12.6,1,13074,13074,13074,20006,12059,4731,9917,18861,5109,8458,21342,20209,8004,17214,1,12373,17277,1.0,14:38,2015,2016
2015-16,2210,Richard Jefferson,Richard,1610612739,CLE,Cleveland Cavaliers,21500803,2016-02-18T00:00:00,CLE vs. CHI,W,14.2,0.0,0.0,0.0,0.0,5.0,3.0,2.0,0.0,0.0,0.0,2.0,0.0,8.2,1,1,1,1,20259,12059,10158,9917,18861,8403,7138,4025,25429,8004,1,11390,18762,20416,1.0,14:14,2015,2016
2015-16,202734,E'Twaun Moore,E'Twaun,1610612741,CHI,Chicago Bulls,21500803,2016-02-18T00:00:00,CHI @ CLE,L,21.8,3.0,0.0,2.0,4.0,13.0,7.0,8.0,24.0,1.0,0.0,1.0,2.0,8.2,1,13074,13074,13074,14351,4307,10158,4675,8599,21300,15642,17194,8723,2692,1,4972,7786,20416,1.0,21:47,2015,2016
2015-16,203187,Chris Johnson,Chris,1610612762,UTA,Utah Jazz,21500654,2016-02-18T00:00:00,UTA @ WAS,L,18.6,4.0,0.0,2.0,2.0,9.0,0.0,8.0,18.0,0.0,0.0,2.0,1.0,12.6,1,13074,13074,13074,16989,2460,10158,4675,12984,15771,1,17194,13577,8004,1,11390,12373,17277,1.0,18:38,2015,2016
2015-16,201959,Taj Gibson,Taj,1610612741,CHI,Chicago Bulls,21500803,2016-02-18T00:00:00,CHI @ CLE,L,31.8,0.0,4.0,0.0,4.0,21.0,7.0,18.0,34.0,0.0,0.0,3.0,2.0,18.1,1,13074,13074,13074,6061,12059,1596,9917,8599,25535,15642,25228,2701,8004,1,17641,7786,13090,1.0,31:49,2015,2016
2015-16,202344,Trevor Booker,Trevor,1610612762,UTA,Utah Jazz,21500654,2016-02-18T00:00:00,UTA @ WAS,L,22.2,0.0,3.0,0.0,6.0,12.0,0.0,16.0,24.0,0.0,0.0,2.0,3.0,18.6,1,13074,13074,13074,13991,12059,3104,9917,5299,20178,1,24641,8723,8004,1,11390,4736,12715,1.0,22:13,2015,2016
2015-16,203521,Matthew Dellavedova,Matthew,1610612739,CLE,Cleveland Cavaliers,21500803,2016-02-18T00:00:00,CLE vs. CHI,W,16.6,0.0,0.0,2.0,0.0,7.0,5.0,2.0,8.0,0.0,0.0,2.0,1.0,7.7,1,1,1,1,18605,12059,10158,4675,18861,12242,11469,4025,21543,8004,1,11390,12373,20733,1.0,16:34,2015,2016
2015-16,201988,Patty Mills,Patty,1610612759,SAS,San Antonio Spurs,21500804,2016-02-18T00:00:00,SAS @ LAC,L,25.4,0.0,0.0,0.0,0.0,7.0,5.0,5.0,18.0,0.0,1.0,2.0,3.0,16.2,1,13074,13074,13074,11346,12059,10158,9917,18861,12242,11469,11593,13577,8004,17214,11390,4736,14436,1.0,25:26,2015,2016
2015-16,203937,Kyle Anderson,Kyle,1610612759,SAS,San Antonio Spurs,21500804,2016-02-18T00:00:00,SAS @ LAC,L,27.8,0.0,0.0,0.0,4.0,8.0,8.0,9.0,22.0,0.0,0.0,4.0,2.0,16.1,1,13074,13074,13074,9352,12059,10158,9917,8599,13914,17345,18829,10265,8004,1,22104,7786,14515,1.0,27:50,2015,2016
2015-16,201196,Ramon Sessions,Ramon,1610612764,WAS,Washington Wizards,21500654,2016-02-18T00:00:00,WAS vs. UTA,W,21.7,2.0,0.0,6.0,10.0,2.0,8.0,6.0,18.0,0.0,0.0,0.0,2.0,18.0,1,1,1,1,14446,6026,10158,740,1840,2619,17345,13388,13577,8004,1,1,7786,13164,1.0,21:41,2015,2016
2015-16,2200,Pau Gasol,Pau,1610612741,CHI,Chicago Bulls,21500803,2016-02-18T00:00:00,CHI @ CLE,L,30.9,2.0,4.0,0.0,10.0,15.0,11.0,8.0,32.0,1.0,1.0,3.0,4.0,32.8,1,13074,13074,13074,6845,6026,1596,9917,1840,23079,21814,17194,3535,2692,17214,17641,2748,4609,1.0,30:52,2015,2016
2015-16,2225,Tony Parker,Tony,1610612759,SAS,San Antonio Spurs,21500804,2016-02-18T00:00:00,SAS @ LAC,L,27.7,3.0,1.0,0.0,6.0,10.0,11.0,12.0,18.0,0.0,0.0,4.0,3.0,22.2,1,13074,13074,13074,9430,4307,9709,9917,5299,17370,21814,22259,13577,8004,1,22104,4736,10263,1.0,27:44,2015,2016
2015-16,201565,Derrick Rose,Derrick,1610612741,CHI,Chicago Bulls,21500803,2016-02-18T00:00:00,CHI @ CLE,L,30.4,0.0,2.0,4.0,12.0,19.0,9.0,18.0,40.0,0.0,0.0,0.0,4.0,39.4,1,13074,13074,13074,7224,12059,4731,1913,988,25074,19144,25228,983,8004,1,1,2748,2530,1.0,30:21,2015,2016
2015-16,1718,Paul Pierce,Paul,1610612746,LAC,LA Clippers,21500804,2016-02-18T00:00:00,LAC vs. SAS,W,22.9,2.0,0.0,3.0,2.0,5.0,3.0,4.0,20.0,0.0,0.0,2.0,1.0,17.3,1,1,1,1,13467,6026,10158,3302,12984,8403,7138,8806,11929,8004,1,11390,12373,13671,1.0,22:54,2015,2016
2015-16,201567,Kevin Love,Kevin,1610612739,CLE,Cleveland Cavaliers,21500803,2016-02-18T00:00:00,CLE vs. CHI,W,29.5,7.0,4.0,0.0,2.0,3.0,10.0,4.0,24.0,1.0,0.0,2.0,3.0,37.8,1,1,1,1,7971,548,1596,9917,12984,5109,20509,8806,8723,2692,1,11390,4736,2956,1.0,29:31,2015,2016
2015-16,203503,Tony Snell,Tony,1610612741,CHI,Chicago Bulls,21500803,2016-02-18T00:00:00,CHI @ CLE,L,33.4,0.0,2.0,0.0,2.0,8.0,8.0,10.0,30.0,1.0,2.0,1.0,2.0,22.4,1,13074,13074,13074,4798,12059,4731,9917,12984,13914,17345,20169,4541,2692,23588,4972,7786,10131,1.0,33:25,2015,2016
2015-16,201980,Danny Green,Danny,1610612759,SAS,San Antonio Spurs,21500804,2016-02-18T00:00:00,SAS @ LAC,L,28.3,0.0,4.0,0.0,4.0,14.0,4.0,13.0,20.0,0.0,1.0,0.0,1.0,17.5,1,13074,13074,13074,9017,12059,1596,9917,8599,22292,8458,23048,11929,8004,17214,1,12373,13528,1.0,28:17,2015,2016
2015-16,202332,Cole Aldrich,Cole,1610612746,LAC,LA Clippers,21500804,2016-02-18T00:00:00,LAC vs. SAS,W,20.4,4.0,0.0,0.0,8.0,8.0,7.0,9.0,20.0,3.0,0.0,3.0,1.0,28.6,1,1,1,1,15578,2460,10158,9917,3109,13914,15642,18829,11929,347,1,17641,12373,6560,1.0,20:23,2015,2016
2015-16,101162,Marcin Gortat,Marcin,1610612764,WAS,Washington Wizards,21500801,2016-02-11T00:00:00,WAS @ MIL,L,23.1,0.0,2.0,2.0,12.0,10.0,2.0,2.0,22.0,0.0,0.0,3.0,0.0,27.5,1,13074,13074,13074,13257,12059,4731,4675,988,17370,3734,4025,10265,8004,1,17641,18762,7137,1.0,23:08,2015,2016
2015-16,201573,Jerryd Bayless,Jerryd,1610612749,MIL,Milwaukee Bucks,21500801,2016-02-11T00:00:00,MIL vs. WAS,W,20.7,0.0,2.0,0.0,4.0,6.0,6.0,5.0,16.0,1.0,1.0,1.0,0.0,22.6,1,1,1,1,15290,12059,4731,9917,8599,10028,13237,11593,15259,2692,17214,4972,18762,10000,1.0,20:44,2015,2016
2015-16,202713,Kyle Singler,Kyle,1610612760,OKC,Oklahoma City Thunder,21500802,2016-02-11T00:00:00,OKC vs. NOP,W,21.9,0.0,0.0,0.0,0.0,7.0,8.0,5.0,20.0,1.0,0.0,0.0,0.0,13.4,1,1,1,1,14233,12059,10158,9917,18861,12242,17345,11593,11929,2692,1,1,18762,16614,1.0,21:56,2015,2016
2015-16,203101,Miles Plumlee,Miles,1610612749,MIL,Milwaukee Bucks,21500801,2016-02-11T00:00:00,MIL vs. WAS,W,15.0,0.0,2.0,0.0,4.0,7.0,5.0,3.0,12.0,1.0,0.0,2.0,1.0,13.7,1,1,1,1,19763,12059,4731,9917,8599,12242,11469,7328,18637,2692,1,11390,12373,16393,1.0,14:59,2015,2016
2015-16,201196,Ramon Sessions,Ramon,1610612764,WAS,Washington Wizards,21500801,2016-02-11T00:00:00,WAS @ MIL,L,11.5,0.0,0.0,0.0,2.0,0.0,3.0,3.0,16.0,0.0,0.0,0.0,3.0,14.0,1,13074,13074,13074,21852,12059,10158,9917,12984,1,7138,7328,15259,8004,1,1,4736,16166,1.0,11:27,2015,2016
2015-16,203507,Giannis Antetokounmpo,Giannis,1610612749,MIL,Milwaukee Bucks,21500801,2016-02-11T00:00:00,MIL vs. WAS,W,36.8,6.0,1.0,2.0,10.0,11.0,7.0,10.0,36.0,1.0,1.0,1.0,4.0,38.1,1,1,1,1,2251,878,9709,4675,1840,18886,15642,20169,1943,2692,17214,4972,2748,2879,1.0,36:46,2015,2016
2015-16,203953,Jabari Parker,Jabari,1610612749,MIL,Milwaukee Bucks,21500801,2016-02-11T00:00:00,MIL vs. WAS,W,40.7,6.0,0.0,3.0,8.0,13.0,9.0,11.0,40.0,0.0,1.0,1.0,5.0,32.8,1,1,1,1,553,878,10158,3302,3109,21300,19144,21342,983,8004,17214,4972,1539,4609,1.0,40:42,2015,2016
2015-16,202322,John Wall,John,1610612764,WAS,Washington Wizards,21500801,2016-02-11T00:00:00,WAS @ MIL,L,41.8,2.0,0.0,2.0,2.0,21.0,7.0,8.0,42.0,2.0,3.0,0.0,2.0,39.8,1,13074,13074,13074,346,6026,10158,4675,12984,25535,15642,17194,670,932,25441,1,7786,2422,1.0,41:47,2015,2016
2015-16,203487,Michael Carter-Williams,Michael,1610612749,MIL,Milwaukee Bucks,21500801,2016-02-11T00:00:00,MIL vs. WAS,W,20.1,0.0,0.0,2.0,2.0,8.0,6.0,0.0,16.0,0.0,0.0,3.0,4.0,14.5,1,1,1,1,15834,12059,10158,4675,12984,13914,13237,1,15259,8004,1,17641,2748,15799,1.0,20:06,2015,2016
2015-16,203076,Anthony Davis,Anthony,1610612740,NOP,New Orleans Pelicans,21500802,2016-02-11T00:00:00,NOP @ OKC,L,30.9,6.0,2.0,4.0,8.0,5.0,14.0,12.0,38.0,0.0,3.0,3.0,8.0,34.6,1,13074,13074,13074,6831,878,4731,1913,3109,8403,24300,22259,1422,8004,25441,17641,254,3963,1.0,30:53,2015,2016
2015-16,203500,Steven Adams,Steven,1610612760,OKC,Oklahoma City Thunder,21500802,2016-02-11T00:00:00,OKC vs. NOP,W,20.0,0.0,4.0,2.0,4.0,9.0,0.0,6.0,16.0,2.0,0.0,4.0,2.0,19.2,1,1,1,1,15896,12059,1596,4675,8599,15771,1,13388,15259,932,1,22104,7786,12284,1.0,20:01,2015,2016
2015-16,201583,Ryan Anderson,Ryan,1610612740,NOP,New Orleans Pelicans,21500802,2016-02-11T00:00:00,NOP @ OKC,L,21.1,2.0,4.0,0.0,2.0,6.0,13.0,6.0,32.0,0.0,2.0,1.0,1.0,10.0,1,13074,13074,13074,14996,6026,1596,9917,12984,10028,23668,13388,3535,8004,23588,4972,12373,19178,1.0,21:04,2015,2016
2015-16,201627,Anthony Morrow,Anthony,1610612760,OKC,Oklahoma City Thunder,21500802,2016-02-11T00:00:00,OKC vs. NOP,W,18.9,0.0,0.0,0.0,2.0,10.0,4.0,7.0,16.0,0.0,0.0,2.0,0.0,10.2,1,1,1,1,16747,12059,10158,9917,12984,17370,8458,15538,15259,8004,1,11390,18762,19003,1.0,18:56,2015,2016
2015-16,201142,Kevin Durant,Kevin,1610612760,OKC,Oklahoma City Thunder,21500802,2016-02-11T00:00:00,OKC vs. NOP,W,30.2,2.0,0.0,0.0,8.0,19.0,4.0,12.0,30.0,0.0,0.0,0.0,2.0,34.6,1,1,1,1,7399,6026,10158,9917,3109,25074,8458,22259,4541,8004,1,1,7786,3963,1.0,30:09,2015,2016
2015-16,202708,Norris Cole,Norris,1610612740,NOP,New Orleans Pelicans,21500802,2016-02-11T00:00:00,NOP @ OKC,L,27.4,2.0,0.0,0.0,0.0,3.0,14.0,14.0,28.0,0.0,0.0,1.0,3.0,29.0,1,13074,13074,13074,9730,6026,10158,9917,18861,5109,24300,23710,5824,8004,1,4972,4736,6346,1.0,27:21,2015,2016
2015-16,201566,Russell Westbrook,Russell,1610612760,OKC,Oklahoma City Thunder,21500802,2016-02-11T00:00:00,OKC vs. NOP,W,28.4,3.0,5.0,10.0,12.0,13.0,0.0,8.0,24.0,0.0,0.0,2.0,4.0,46.8,1,1,1,1,8894,4307,995,118,988,21300,1,17194,8723,8004,1,11390,2748,1102,1.0,28:25,2015,2016
2015-16,203114,Khris Middleton,Khris,1610612749,MIL,Milwaukee Bucks,21500801,2016-02-11T00:00:00,MIL vs. WAS,W,40.2,4.0,5.0,4.0,10.0,13.0,7.0,12.0,38.0,0.0,1.0,2.0,7.0,60.7,1,1,1,1,683,2460,995,1913,1840,21300,15642,22259,1422,8004,17214,11390,469,189,1.0,40:11,2015,2016
2015-16,201950,Jrue Holiday,Jrue,1610612740,NOP,New Orleans Pelicans,21500802,2016-02-11T00:00:00,NOP @ OKC,L,31.5,3.0,0.0,0.0,18.0,5.0,16.0,10.0,38.0,0.0,1.0,1.0,0.0,47.8,1,13074,13074,13074,6301,4307,10158,9917,131,8403,25155,20169,1422,8004,17214,4972,18762,979,1.0,31:31,2015,2016
2015-16,201162,Jared Dudley,Jared,1610612764,WAS,Washington Wizards,21500801,2016-02-11T00:00:00,WAS @ MIL,L,38.5,0.0,0.0,0.0,4.0,21.0,5.0,6.0,38.0,2.0,0.0,5.0,2.0,23.9,1,13074,13074,13074,1263,12059,10158,9917,8599,25535,11469,13388,1422,932,1,24686,7786,9184,1.0,38:32,2015,2016
2015-16,202683,Enes Freedom,Enes,1610612760,OKC,Oklahoma City Thunder,21500802,2016-02-11T00:00:00,OKC vs. NOP,W,26.7,1.0,5.0,4.0,6.0,13.0,7.0,6.0,26.0,1.0,1.0,3.0,6.0,28.9,1,1,1,1,10321,11535,995,1913,5299,21300,15642,13388,7214,2692,17214,17641,873,6414,1.0,26:39,2015,2016
2015-16,202328,Greg Monroe,Greg,1610612749,MIL,Milwaukee Bucks,21500801,2016-02-11T00:00:00,MIL vs. WAS,W,33.0,2.0,0.0,0.0,8.0,8.0,6.0,9.0,32.0,0.0,0.0,4.0,2.0,29.3,1,1,1,1,5104,6026,10158,9917,3109,13914,13237,18829,3535,8004,1,22104,7786,6202,1.0,33:01,2015,2016
2015-16,2403,Nene,ene,1610612764,WAS,Washington Wizards,21500801,2016-02-11T00:00:00,WAS @ MIL,L,23.4,6.0,2.0,2.0,8.0,9.0,8.0,9.0,26.0,0.0,1.0,5.0,3.0,24.2,1,13074,13074,13074,13030,878,4731,4675,3109,15771,17345,18829,7214,8004,17214,24686,4736,9009,1.0,23:25,2015,2016
2015-16,203079,Dion Waiters,Dion,1610612760,OKC,Oklahoma City Thunder,21500802,2016-02-11T00:00:00,OKC vs. NOP,W,20.4,0.0,0.0,0.0,4.0,12.0,0.0,10.0,18.0,0.0,0.0,0.0,1.0,7.4,1,1,1,1,15588,12059,10158,9917,8599,20178,1,20169,13577,8004,1,1,12373,20912,1.0,20:22,2015,2016
2015-16,200779,Steve Novak,Steve,1610612760,OKC,Oklahoma City Thunder,21500802,2016-02-11T00:00:00,OKC vs. NOP,W,2.3,0.0,3.0,0.0,0.0,2.0,1.0,5.0,4.0,0.0,0.0,0.0,0.0,6.2,1,1,1,1,25418,12059,3104,9917,18861,2619,3393,11593,23698,8004,1,1,18762,21696,1.0,2:18,2015,2016
2015-16,203956,Mitch McGary,Mitch,1610612760,OKC,Oklahoma City Thunder,21500802,2016-02-11T00:00:00,OKC vs. NOP,W,3.7,0.0,0.0,0.0,4.0,2.0,1.0,5.0,4.0,0.0,1.0,1.0,0.0,9.4,1,1,1,1,24831,12059,10158,9917,8599,2619,3393,11593,23698,8004,17214,4972,18762,19568,1.0,3:43,2015,2016
2015-16,202087,Alonzo Gee,Alonzo,1610612740,NOP,New Orleans Pelicans,21500802,2016-02-11T00:00:00,NOP @ OKC,L,32.7,2.0,0.0,4.0,4.0,1.0,10.0,16.0,32.0,0.0,0.0,1.0,0.0,9.7,1,13074,13074,13074,5337,6026,10158,1913,8599,2356,20509,24641,3535,8004,1,4972,18762,19379,1.0,32:42,2015,2016
2015-16,201971,DeJuan Blair,DeJuan,1610612764,WAS,Washington Wizards,21500801,2016-02-11T00:00:00,WAS @ MIL,L,1.5,0.0,0.0,0.0,0.0,2.0,0.0,0.0,0.0,0.0,0.0,2.0,0.0,0.0,1,13074,13074,13074,25716,12059,10158,9917,18861,2619,1,1,25429,8004,1,11390,18762,25170,1.0,1:27,2015,2016
2015-16,2400,Drew Gooden,Drew,1610612764,WAS,Washington Wizards,21500801,2016-02-11T00:00:00,WAS @ MIL,L,1.5,0.0,0.0,0.0,0.0,0.0,0.0,1.0,2.0,0.0,0.0,1.0,0.0,0.0,1,13074,13074,13074,25685,12059,10158,9917,18861,1,1,3646,24614,8004,1,4972,18762,25170,1.0,1:32,2015,2016
2015-16,1626173,Rashad Vaughn,Rashad,1610612749,MIL,Milwaukee Bucks,21500801,2016-02-11T00:00:00,MIL vs. WAS,W,13.9,3.0,0.0,0.0,0.0,4.0,4.0,3.0,8.0,0.0,1.0,1.0,1.0,9.2,1,1,1,1,20480,4307,10158,9917,18861,6141,8458,7328,21543,8004,17214,4972,12373,19680,1.0,13:53,2015,2016
2015-16,2555,Nick Collison,Nick,1610612760,OKC,Oklahoma City Thunder,21500802,2016-02-11T00:00:00,OKC vs. NOP,W,12.7,0.0,0.0,0.0,2.0,3.0,3.0,0.0,8.0,0.0,0.0,3.0,0.0,4.6,1,1,1,1,21134,12059,10158,9917,12984,5109,7138,1,21543,8004,1,17641,18762,22734,1.0,12:42,2015,2016
2015-16,201600,Omer Asik,Omer,1610612740,NOP,New Orleans Pelicans,21500802,2016-02-11T00:00:00,NOP @ OKC,L,18.1,2.0,0.0,0.0,2.0,0.0,6.0,12.0,20.0,0.0,0.0,2.0,0.0,6.8,1,13074,13074,13074,17420,6026,10158,9917,12984,1,13237,22259,11929,8004,1,11390,18762,21328,1.0,18:08,2015,2016
2015-16,201582,Alexis Ajinca,Alexis,1610612740,NOP,New Orleans Pelicans,21500802,2016-02-11T00:00:00,NOP @ OKC,L,17.0,0.0,1.0,1.0,2.0,1.0,6.0,6.0,14.0,2.0,1.0,3.0,2.0,16.6,1,13074,13074,13074,18285,12059,9709,9347,12984,2356,13237,13388,17019,932,17214,17641,7786,14125,1.0,16:60,2015,2016
2015-16,201564,O.J. Mayo,O.J.,1610612749,MIL,Milwaukee Bucks,21500801,2016-02-11T00:00:00,MIL vs. WAS,W,19.6,0.0,0.0,0.0,2.0,5.0,5.0,7.0,22.0,1.0,1.0,4.0,0.0,7.7,1,1,1,1,16202,12059,10158,9917,12984,8403,11469,15538,10265,2692,17214,22104,18762,20733,1.0,19:38,2015,2016
2015-16,201967,Dante Cunningham,Dante,1610612740,NOP,New Orleans Pelicans,21500802,2016-02-11T00:00:00,NOP @ OKC,L,27.2,0.0,0.0,2.0,2.0,5.0,12.0,8.0,36.0,0.0,0.0,2.0,1.0,12.9,1,13074,13074,13074,9862,12059,10158,4675,12984,8403,22832,17194,1943,8004,1,11390,12373,17049,1.0,27:11,2015,2016
2015-16,1626162,Kelly Oubre Jr.,Kelly,1610612764,WAS,Washington Wizards,21500801,2016-02-11T00:00:00,WAS @ MIL,L,8.0,0.0,2.0,0.0,2.0,0.0,6.0,3.0,10.0,0.0,0.0,2.0,1.0,3.2,1,13074,13074,13074,23200,12059,4731,9917,12984,1,13237,7328,20209,8004,1,11390,12373,23473,1.0,7:58,2015,2016
2015-16,202066,Garrett Temple,Garrett,1610612764,WAS,Washington Wizards,21500801,2016-02-11T00:00:00,WAS @ MIL,L,16.2,0.0,2.0,1.0,2.0,8.0,8.0,7.0,18.0,0.0,0.0,1.0,3.0,12.6,1,13074,13074,13074,18913,12059,4731,9347,12984,13914,17345,15538,13577,8004,1,4972,4736,17277,1.0,16:10,2015,2016
2015-16,202337,Luke Babbitt,Luke,1610612740,NOP,New Orleans Pelicans,21500802,2016-02-11T00:00:00,NOP @ OKC,L,8.9,1.0,1.0,0.0,2.0,0.0,5.0,0.0,4.0,0.0,0.0,1.0,3.0,8.4,1,13074,13074,13074,22864,11535,9709,9917,12984,1,11469,1,23698,8004,1,4972,4736,20273,1.0,8:56,2015,2016
2015-16,203078,Bradley Beal,Bradley,1610612764,WAS,Washington Wizards,21500801,2016-02-11T00:00:00,WAS @ MIL,L,36.6,3.0,3.0,2.0,6.0,19.0,2.0,8.0,34.0,1.0,0.0,2.0,3.0,31.1,1,13074,13074,13074,2347,4307,3104,4675,5299,25074,3734,17194,2701,2692,1,11390,4736,5354,1.0,36:35,2015,2016
2015-16,1626166,Cameron Payne,Cameron,1610612760,OKC,Oklahoma City Thunder,21500802,2016-02-11T00:00:00,OKC vs. NOP,W,24.7,0.0,0.0,0.0,0.0,11.0,8.0,9.0,24.0,0.0,0.0,2.0,0.0,15.4,1,1,1,1,11970,12059,10158,9917,18861,18886,17345,18829,8723,8004,1,11390,18762,15066,1.0,24:39,2015,2016
2015-16,203490,Otto Porter Jr.,Otto,1610612764,WAS,Washington Wizards,21500801,2016-02-11T00:00:00,WAS @ MIL,L,38.0,4.0,0.0,3.0,6.0,15.0,9.0,8.0,32.0,1.0,0.0,3.0,2.0,26.8,1,13074,13074,13074,1509,2460,10158,3302,5299,23079,19144,17194,3535,2692,1,17641,7786,7486,1.0,37:59,2015,2016
2015-16,201962,Toney Douglas,Toney,1610612740,NOP,New Orleans Pelicans,21500802,2016-02-11T00:00:00,NOP @ OKC,L,25.3,6.0,0.0,6.0,4.0,4.0,14.0,6.0,28.0,0.0,0.0,2.0,2.0,19.9,1,13074,13074,13074,11485,878,10158,740,8599,6141,24300,13388,5824,8004,1,11390,7786,11824,1.0,25:15,2015,2016
2015-16,201586,Serge Ibaka,Serge,1610612760,OKC,Oklahoma City Thunder,21500802,2016-02-11T00:00:00,OKC vs. NOP,W,30.2,0.0,5.0,2.0,12.0,19.0,4.0,12.0,30.0,3.0,0.0,3.0,2.0,41.9,1,1,1,1,7399,12059,995,4675,988,25074,8458,22259,4541,347,1,17641,7786,1958,1.0,30:09,2015,2016
2015-16,203459,Allen Crabbe,Allen,1610612757,POR,Portland Trail Blazers,21500800,2016-02-10T00:00:00,POR vs. HOU,W,30.3,2.0,0.0,0.0,0.0,3.0,3.0,7.0,22.0,0.0,0.0,3.0,0.0,15.5,1,1,1,1,7257,6026,10158,9917,18861,5109,7138,15538,10265,8004,1,17641,18762,15004,1.0,30:19,2015,2016
2015-16,203900,Markel Brown,Markel,1610612751,BKN,Brooklyn Nets,21500793,2016-02-10T00:00:00,BKN vs. MEM,L,24.0,3.0,0.0,0.0,0.0,10.0,8.0,3.0,20.0,0.0,0.0,2.0,3.0,12.0,1,13074,13074,13074,12579,4307,10158,9917,18861,17370,17345,7328,11929,8004,1,11390,4736,17703,1.0,23:60,2015,2016
2015-16,201587,Nicolas Batum,Nicolas,1610612766,CHA,Charlotte Hornets,21500789,2016-02-10T00:00:00,CHA @ IND,W,38.3,5.0,0.0,2.0,2.0,15.0,10.0,6.0,34.0,2.0,0.0,1.0,0.0,30.7,1,1,1,1,1398,1603,10158,4675,12984,23079,20509,13388,2701,932,1,4972,18762,5539,1.0,38:15,2015,2016
2015-16,1718,Paul Pierce,Paul,1610612746,LAC,LA Clippers,21500792,2016-02-10T00:00:00,LAC @ BOS,L,21.6,0.0,0.0,0.0,0.0,9.0,8.0,6.0,14.0,1.0,0.0,2.0,1.0,12.1,1,13074,13074,13074,14514,12059,10158,9917,18861,15771,17345,13388,17019,2692,1,11390,12373,17639,1.0,21:37,2015,2016
2015-16,201952,Jeff Teague,Jeff,1610612737,ATL,Atlanta Hawks,21500796,2016-02-10T00:00:00,ATL @ CHI,W,27.7,6.0,3.0,8.0,12.0,6.0,10.0,2.0,24.0,0.0,2.0,1.0,0.0,42.2,1,1,1,1,9469,878,3104,280,988,10028,20509,4025,8723,8004,23588,4972,18762,1892,1.0,27:41,2015,2016
2015-16,202709,Cory Joseph,Cory,1610612761,TOR,Toronto Raptors,21500797,2016-02-10T00:00:00,TOR @ MIN,L,26.7,0.0,0.0,0.0,4.0,5.0,12.0,5.0,16.0,0.0,1.0,5.0,1.0,20.0,1,13074,13074,13074,10320,12059,10158,9917,8599,8403,22832,11593,15259,8004,17214,24686,12373,11752,1.0,26:39,2015,2016
2015-16,201600,Omer Asik,Omer,1610612740,NOP,New Orleans Pelicans,21500798,2016-02-10T00:00:00,NOP vs. UTA,W,17.4,2.0,2.0,0.0,4.0,2.0,0.0,0.0,14.0,0.0,0.0,1.0,3.0,15.6,1,1,1,1,18004,6026,4731,9917,8599,2619,1,1,17019,8004,1,4972,4736,14916,1.0,17:21,2015,2016
2015-16,201583,Ryan Anderson,Ryan,1610612740,NOP,New Orleans Pelicans,21500798,2016-02-10T00:00:00,NOP vs. UTA,W,23.7,0.0,0.0,3.0,2.0,4.0,3.0,4.0,14.0,0.0,0.0,2.0,2.0,12.1,1,1,1,1,12862,12059,10158,3302,12984,6141,7138,8806,17019,8004,1,11390,7786,17639,1.0,23:40,2015,2016
2015-16,203530,Joffrey Lauvergne,Joffrey,1610612743,DEN,Denver Nuggets,21500794,2016-02-10T00:00:00,DEN @ DET,W,20.9,2.0,0.0,4.0,2.0,5.0,2.0,4.0,20.0,0.0,1.0,0.0,2.0,11.8,1,1,1,1,15125,6026,10158,1913,12984,8403,3734,8806,11929,8004,17214,1,7786,17832,1.0,20:55,2015,2016
2015-16,201959,Taj Gibson,Taj,1610612741,CHI,Chicago Bulls,21500796,2016-02-10T00:00:00,CHI vs. ATL,L,22.4,0.0,0.0,0.0,4.0,10.0,5.0,6.0,16.0,2.0,0.0,2.0,2.0,15.1,1,13074,13074,13074,13807,12059,10158,9917,8599,17370,11469,13388,15259,932,1,11390,7786,15328,1.0,22:26,2015,2016
2015-16,1626169,Stanley Johnson,Stanley,1610612765,DET,Detroit Pistons,21500794,2016-02-10T00:00:00,DET vs. DEN,L,36.8,2.0,2.0,0.0,8.0,14.0,11.0,14.0,52.0,0.0,1.0,5.0,1.0,20.5,1,13074,13074,13074,2234,6026,4731,9917,3109,22292,21814,23710,59,8004,17214,24686,12373,11401,1.0,36:48,2015,2016
2015-16,203937,Kyle Anderson,Kyle,1610612759,SAS,San Antonio Spurs,21500790,2016-02-10T00:00:00,SAS @ ORL,W,18.5,2.0,0.0,0.0,0.0,6.0,8.0,2.0,18.0,1.0,1.0,1.0,1.0,15.7,1,1,1,1,17124,6026,10158,9917,18861,10028,17345,4025,13577,2692,17214,4972,12373,14841,1.0,18:27,2015,2016
2015-16,201945,Gerald Henderson,Gerald,1610612757,POR,Portland Trail Blazers,21500800,2016-02-10T00:00:00,POR vs. HOU,W,31.8,2.0,1.0,6.0,4.0,3.0,3.0,7.0,24.0,0.0,0.0,1.0,6.0,19.8,1,1,1,1,6040,6026,9709,740,8599,5109,7138,15538,8723,8004,1,4972,873,11883,1.0,31:51,2015,2016
2015-16,200782,P.J. Tucker,P.J.,1610612756,PHX,Phoenix Suns,21500799,2016-02-10T00:00:00,PHX vs. GSW,L,45.5,0.0,0.0,0.0,2.0,22.0,12.0,27.0,34.0,0.0,4.0,2.0,2.0,15.8,1,13074,13074,13074,71,12059,10158,9917,12984,25683,22832,26031,2701,8004,25926,11390,7786,14754,1.0,45:32,2015,2016
2015-16,203090,Maurice Harkless,Maurice,1610612757,POR,Portland Trail Blazers,21500800,2016-02-10T00:00:00,POR vs. HOU,W,28.0,6.0,4.0,6.0,14.0,8.0,4.0,4.0,30.0,0.0,0.0,3.0,2.0,42.1,1,1,1,1,9237,878,1596,740,542,13914,8458,8806,4541,8004,1,17641,7786,1910,1.0,27:60,2015,2016
2015-16,203145,Kent Bazemore,Kent,1610612737,ATL,Atlanta Hawks,21500796,2016-02-10T00:00:00,ATL @ CHI,W,25.8,2.0,0.0,0.0,2.0,6.0,10.0,2.0,20.0,1.0,0.0,0.0,0.0,15.2,1,1,1,1,11025,6026,10158,9917,12984,10028,20509,4025,11929,2692,1,1,18762,15219,1.0,25:48,2015,2016
2015-16,203482,Kelly Olynyk,Kelly,1610612738,BOS,Boston Celtics,21500792,2016-02-10T00:00:00,BOS vs. LAC,W,10.9,2.0,2.0,2.0,0.0,0.0,2.0,2.0,10.0,0.0,0.0,3.0,2.0,12.4,1,1,1,1,22089,6026,4731,4675,18861,1,3734,4025,20209,8004,1,17641,7786,17418,1.0,10:52,2015,2016
2015-16,203112,Quincy Acy,Quincy,1610612758,SAC,Sacramento Kings,21500791,2016-02-10T00:00:00,SAC @ PHI,W,14.8,2.0,6.0,0.0,4.0,3.0,2.0,5.0,4.0,2.0,0.0,3.0,1.0,15.8,1,1,1,1,19893,6026,481,9917,8599,5109,3734,11593,23698,932,1,17641,12373,14754,1.0,14:49,2015,2016
2015-16,1626171,Bobby Portis,Bobby,1610612741,CHI,Chicago Bulls,21500796,2016-02-10T00:00:00,CHI vs. ATL,L,23.9,2.0,4.0,2.0,8.0,11.0,13.0,11.0,24.0,1.0,1.0,0.0,1.0,26.5,1,13074,13074,13074,12650,6026,1596,4675,3109,18886,23668,21342,8723,2692,17214,1,12373,7627,1.0,23:54,2015,2016
2015-16,2772,Trevor Ariza,Trevor,1610612745,HOU,Houston Rockets,21500800,2016-02-10T00:00:00,HOU @ POR,L,39.9,0.0,0.0,0.0,0.0,26.0,16.0,16.0,42.0,0.0,0.0,3.0,1.0,20.6,1,13074,13074,13074,766,12059,10158,9917,18861,25979,25155,24641,670,8004,1,17641,12373,11314,1.0,39:52,2015,2016
2015-16,201166,Aaron Brooks,Aaron,1610612741,CHI,Chicago Bulls,21500796,2016-02-10T00:00:00,CHI vs. ATL,L,12.8,0.0,0.0,2.0,6.0,6.0,2.0,6.0,12.0,0.0,0.0,3.0,1.0,12.4,1,13074,13074,13074,21062,12059,10158,4675,5299,10028,3734,13388,18637,8004,1,17641,12373,17418,1.0,12:50,2015,2016
2015-16,202691,Klay Thompson,Klay,1610612744,GSW,Golden State Warriors,21500799,2016-02-10T00:00:00,GSW @ PHX,W,33.3,9.0,6.0,5.0,4.0,8.0,12.0,13.0,38.0,0.0,1.0,2.0,1.0,42.1,1,1,1,1,4914,171,481,1277,8599,13914,22832,23048,1422,8004,17214,11390,12373,1910,1.0,33:16,2015,2016
2015-16,203499,Shane Larkin,Shane,1610612751,BKN,Brooklyn Nets,21500793,2016-02-10T00:00:00,BKN vs. MEM,L,24.4,0.0,0.0,0.0,0.0,13.0,10.0,3.0,22.0,0.0,0.0,1.0,2.0,15.8,1,13074,13074,13074,12241,12059,10158,9917,18861,21300,20509,7328,10265,8004,1,4972,7786,14754,1.0,24:22,2015,2016
2015-16,203935,Marcus Smart,Marcus,1610612738,BOS,Boston Celtics,21500792,2016-02-10T00:00:00,BOS vs. LAC,W,32.5,0.0,1.0,2.0,2.0,8.0,4.0,5.0,28.0,1.0,1.0,6.0,6.0,30.8,1,1,1,1,5528,12059,9709,4675,12984,13914,8458,11593,5824,2692,17214,25827,873,5493,1.0,32:28,2015,2016
2015-16,2747,JR Smith,JR,1610612739,CLE,Cleveland Cavaliers,21500795,2016-02-10T00:00:00,CLE vs. LAL,W,32.8,0.0,0.0,0.0,0.0,5.0,2.0,9.0,30.0,0.0,0.0,1.0,0.0,11.7,1,1,1,1,5273,12059,10158,9917,18861,8403,3734,18829,4541,8004,1,4972,18762,17903,1.0,32:48,2015,2016
2015-16,201976,Patrick Beverley,Patrick,1610612745,HOU,Houston Rockets,21500800,2016-02-10T00:00:00,HOU @ POR,L,31.7,2.0,0.0,4.0,4.0,18.0,12.0,12.0,34.0,0.0,0.0,5.0,3.0,12.2,1,13074,13074,13074,6156,6026,10158,1913,8599,24749,22832,22259,2701,8004,1,24686,4736,17566,1.0,31:41,2015,2016
2015-16,203086,Meyers Leonard,Meyers,1610612757,POR,Portland Trail Blazers,21500800,2016-02-10T00:00:00,POR vs. HOU,W,22.9,6.0,4.0,0.0,6.0,3.0,0.0,7.0,22.0,1.0,0.0,4.0,1.0,26.6,1,1,1,1,13482,878,1596,9917,5299,5109,1,15538,10265,2692,1,22104,12373,7566,1.0,22:52,2015,2016
2015-16,203944,Julius Randle,Julius,1610612747,LAL,Los Angeles Lakers,21500795,2016-02-10T00:00:00,LAL @ CLE,L,26.7,1.0,0.0,2.0,4.0,11.0,23.0,12.0,38.0,0.0,1.0,3.0,3.0,15.6,1,13074,13074,13074,10300,11535,10158,4675,8599,18886,26017,22259,1422,8004,17214,17641,4736,14916,1.0,26:40,2015,2016
2015-16,203903,Jordan Clarkson,Jordan,1610612747,LAL,Los Angeles Lakers,21500795,2016-02-10T00:00:00,LAL @ CLE,L,35.8,3.0,0.0,5.0,10.0,11.0,17.0,12.0,36.0,0.0,0.0,1.0,3.0,40.7,1,13074,13074,13074,2909,4307,10158,1277,1840,18886,25429,22259,1943,8004,1,4972,4736,2199,1.0,35:47,2015,2016
2015-16,201988,Patty Mills,Patty,1610612759,SAS,San Antonio Spurs,21500790,2016-02-10T00:00:00,SAS @ ORL,W,30.5,0.0,5.0,0.0,2.0,6.0,13.0,4.0,30.0,1.0,0.0,2.0,4.0,42.7,1,1,1,1,7090,12059,995,9917,12984,10028,23668,8806,4541,2692,1,11390,2748,1800,1.0,30:31,2015,2016
2015-16,201973,Jonas Jerebko,Jonas,1610612738,BOS,Boston Celtics,21500792,2016-02-10T00:00:00,BOS vs. LAC,W,21.4,0.0,0.0,0.0,0.0,6.0,2.0,4.0,12.0,0.0,1.0,4.0,2.0,12.2,1,1,1,1,14677,12059,10158,9917,18861,10028,3734,8806,18637,8004,17214,22104,7786,17566,1.0,21:25,2015,2016
2015-16,203897,Zach LaVine,Zach,1610612750,MIN,Minnesota Timberwolves,21500797,2016-02-10T00:00:00,MIN vs. TOR,W,37.6,0.0,3.0,2.0,4.0,11.0,10.0,6.0,24.0,1.0,3.0,3.0,3.0,27.3,1,1,1,1,1701,12059,3104,4675,8599,18886,20509,13388,8723,2692,25441,17641,4736,7236,1.0,37:36,2015,2016
2015-16,200757,Thabo Sefolosha,Thabo,1610612737,ATL,Atlanta Hawks,21500796,2016-02-10T00:00:00,ATL @ CHI,W,18.9,5.0,3.0,3.0,6.0,6.0,0.0,2.0,20.0,1.0,0.0,1.0,1.0,19.9,1,1,1,1,16776,1603,3104,3302,5299,10028,1,4025,11929,2692,1,4972,12373,11824,1.0,18:54,2015,2016
2015-16,203476,Gorgui Dieng,Gorgui,1610612750,MIN,Minnesota Timberwolves,21500797,2016-02-10T00:00:00,MIN vs. TOR,W,41.0,2.0,4.0,0.0,8.0,11.0,7.0,10.0,28.0,1.0,1.0,2.0,5.0,42.0,1,1,1,1,484,6026,1596,9917,3109,18886,15642,20169,5824,2692,17214,11390,1539,1936,1.0,41:01,2015,2016
2015-16,101138,Brandon Bass,Brandon,1610612747,LAL,Los Angeles Lakers,21500795,2016-02-10T00:00:00,LAL @ CLE,L,31.1,0.0,0.0,0.0,2.0,2.0,10.0,2.0,22.0,1.0,0.0,2.0,4.0,19.9,1,13074,13074,13074,6637,12059,10158,9917,12984,2619,20509,4025,10265,2692,1,11390,2748,11824,1.0,31:06,2015,2016
2015-16,203468,CJ McCollum,CJ,1610612757,POR,Portland Trail Blazers,21500800,2016-02-10T00:00:00,POR vs. HOU,W,27.3,3.0,0.0,0.0,4.0,11.0,4.0,11.0,36.0,0.0,2.0,0.0,1.0,20.2,1,1,1,1,9753,4307,10158,9917,8599,18886,8458,21342,1943,8004,23588,1,12373,11610,1.0,27:19,2015,2016
2015-16,203077,Michael Kidd-Gilchrist,Michael,1610612766,CHA,Charlotte Hornets,21500789,2016-02-10T00:00:00,CHA @ IND,W,18.9,0.0,0.0,3.0,6.0,8.0,5.0,4.0,12.0,0.0,0.0,0.0,3.0,15.6,1,1,1,1,16764,12059,10158,3302,5299,13914,11469,8806,18637,8004,1,1,4736,14916,1.0,18:55,2015,2016
2015-16,201937,Ricky Rubio,Ricky,1610612750,MIN,Minnesota Timberwolves,21500797,2016-02-10T00:00:00,MIN vs. TOR,W,37.2,0.0,0.0,4.0,2.0,11.0,7.0,8.0,24.0,0.0,0.0,3.0,3.0,41.6,1,1,1,1,1962,12059,10158,1913,12984,18886,15642,17194,8723,8004,1,17641,4736,2021,1.0,37:12,2015,2016
2015-16,202323,Evan Turner,Evan,1610612738,BOS,Boston Celtics,21500792,2016-02-10T00:00:00,BOS vs. LAC,W,30.7,4.0,0.0,0.0,8.0,14.0,2.0,8.0,24.0,0.0,4.0,2.0,4.0,30.2,1,1,1,1,6982,2460,10158,9917,3109,22292,3734,17194,8723,8004,25926,11390,2748,5751,1.0,30:39,2015,2016
2015-16,202340,Avery Bradley,Avery,1610612738,BOS,Boston Celtics,21500792,2016-02-10T00:00:00,BOS vs. LAC,W,43.5,5.0,8.0,0.0,4.0,11.0,6.0,9.0,28.0,0.0,0.0,4.0,0.0,20.2,1,1,1,1,161,1603,137,9917,8599,18886,13237,18829,5824,8004,1,22104,18762,11610,1.0,43:31,2015,2016
2015-16,201579,Roy Hibbert,Roy,1610612747,LAL,Los Angeles Lakers,21500795,2016-02-10T00:00:00,LAL @ CLE,L,16.9,0.0,2.0,0.0,8.0,11.0,15.0,10.0,26.0,0.0,0.0,2.0,1.0,11.6,1,13074,13074,13074,18342,12059,4731,9917,3109,18886,24781,20169,7214,8004,1,11390,12373,17970,1.0,16:54,2015,2016
2015-16,202685,Jonas Valančiūnas,Jonas,1610612761,TOR,Toronto Raptors,21500797,2016-02-10T00:00:00,TOR @ MIN,L,24.3,2.0,6.0,0.0,8.0,8.0,11.0,9.0,22.0,1.0,0.0,3.0,2.0,27.4,1,13074,13074,13074,12334,6026,481,9917,3109,13914,21814,18829,10265,2692,1,17641,7786,7179,1.0,24:16,2015,2016
2015-16,2733,Shaun Livingston,Shaun,1610612744,GSW,Golden State Warriors,21500799,2016-02-10T00:00:00,GSW @ PHX,W,17.2,1.0,0.0,6.0,0.0,5.0,10.0,1.0,12.0,0.0,1.0,2.0,3.0,15.6,1,1,1,1,18141,11535,10158,740,18861,8403,20509,3646,18637,8004,17214,11390,4736,14916,1.0,17:11,2015,2016
2015-16,101145,Monta Ellis,Monta,1610612754,IND,Indiana Pacers,21500789,2016-02-10T00:00:00,IND vs. CHA,L,37.2,2.0,0.0,0.0,0.0,16.0,10.0,16.0,40.0,0.0,0.0,3.0,0.0,20.2,1,13074,13074,13074,1936,6026,10158,9917,18861,23774,20509,24641,983,8004,1,17641,18762,11610,1.0,37:14,2015,2016
2015-16,2449,Luis Scola,Luis,1610612761,TOR,Toronto Raptors,21500797,2016-02-10T00:00:00,TOR @ MIN,L,18.3,0.0,3.0,0.0,2.0,6.0,6.0,10.0,28.0,0.0,0.0,3.0,2.0,11.6,1,13074,13074,13074,17266,12059,3104,9917,12984,10028,13237,20169,5824,8004,1,17641,7786,17970,1.0,18:18,2015,2016
2015-16,203952,Andrew Wiggins,Andrew,1610612750,MIN,Minnesota Timberwolves,21500797,2016-02-10T00:00:00,MIN vs. TOR,W,37.1,5.0,5.0,3.0,6.0,11.0,7.0,8.0,26.0,1.0,4.0,5.0,11.0,37.6,1,1,1,1,2006,1603,995,3302,5299,18886,15642,17194,7214,2692,25926,24686,44,3018,1.0,37:08,2015,2016
2015-16,203999,Nikola Jokić,Nikola,1610612743,DEN,Denver Nuggets,21500794,2016-02-10T00:00:00,DEN @ DET,W,24.9,0.0,0.0,0.0,4.0,6.0,2.0,4.0,26.0,0.0,2.0,0.0,2.0,17.2,1,1,1,1,11737,12059,10158,9917,8599,10028,3734,8806,7214,8004,23588,1,7786,13725,1.0,24:55,2015,2016
2015-16,203087,Jeremy Lamb,Jeremy,1610612766,CHA,Charlotte Hornets,21500789,2016-02-10T00:00:00,CHA @ IND,W,14.4,5.0,2.0,3.0,2.0,5.0,3.0,2.0,14.0,0.0,0.0,1.0,0.0,17.2,1,1,1,1,20163,1603,4731,3302,12984,8403,7138,4025,17019,8004,1,4972,18762,13725,1.0,14:24,2015,2016
2015-16,201567,Kevin Love,Kevin,1610612739,CLE,Cleveland Cavaliers,21500795,2016-02-10T00:00:00,CLE vs. LAL,W,19.7,0.0,3.0,0.0,0.0,3.0,0.0,7.0,14.0,0.0,1.0,2.0,1.0,22.7,1,1,1,1,16187,12059,3104,9917,18861,5109,1,15538,17019,8004,17214,11390,12373,9938,1.0,19:40,2015,2016
2015-16,202331,Paul George,Paul,1610612754,IND,Indiana Pacers,21500789,2016-02-10T00:00:00,IND vs. CHA,L,32.8,2.0,5.0,2.0,4.0,13.0,5.0,11.0,36.0,1.0,2.0,3.0,2.0,39.6,1,13074,13074,13074,5273,6026,995,4675,8599,21300,11469,21342,1943,2692,23588,17641,7786,2474,1.0,32:48,2015,2016
2015-16,202693,Markieff Morris,Markieff,1610612756,PHX,Phoenix Suns,21500799,2016-02-10T00:00:00,PHX vs. GSW,L,35.6,2.0,6.0,0.0,6.0,17.0,12.0,19.0,32.0,1.0,0.0,4.0,3.0,39.6,1,13074,13074,13074,3047,6026,481,9917,5299,24337,22832,25435,3535,2692,1,22104,4736,2474,1.0,35:37,2015,2016
2015-16,2199,Tyson Chandler,Tyson,1610612756,PHX,Phoenix Suns,21500799,2016-02-10T00:00:00,PHX vs. GSW,L,27.3,0.0,4.0,1.0,10.0,16.0,10.0,12.0,16.0,0.0,0.0,1.0,3.0,28.5,1,13074,13074,13074,9741,12059,1596,9347,1840,23774,20509,22259,15259,8004,1,4972,4736,6613,1.0,27:20,2015,2016
2015-16,202335,Patrick Patterson,Patrick,1610612761,TOR,Toronto Raptors,21500797,2016-02-10T00:00:00,TOR @ MIN,L,29.7,3.0,0.0,0.0,2.0,4.0,14.0,5.0,18.0,1.0,0.0,2.0,1.0,17.2,1,13074,13074,13074,7809,4307,10158,9917,12984,6141,24300,11593,13577,2692,1,11390,12373,13725,1.0,29:42,2015,2016
2015-16,202684,Tristan Thompson,Tristan,1610612739,CLE,Cleveland Cavaliers,21500795,2016-02-10T00:00:00,CLE vs. LAL,W,34.4,2.0,7.0,0.0,12.0,3.0,5.0,5.0,28.0,1.0,0.0,2.0,4.0,39.6,1,1,1,1,4028,6026,292,9917,988,5109,11469,11593,5824,2692,1,11390,2748,2474,1.0,34:24,2015,2016
2015-16,201980,Danny Green,Danny,1610612759,SAS,San Antonio Spurs,21500790,2016-02-10T00:00:00,SAS @ ORL,W,34.6,5.0,7.0,3.0,2.0,8.0,13.0,4.0,24.0,1.0,0.0,1.0,1.0,22.0,1,1,1,1,3865,1603,292,3302,12984,13914,23668,8806,8723,2692,1,4972,12373,10388,1.0,34:36,2015,2016
2015-16,203488,Mike Muscala,Mike,1610612737,ATL,Atlanta Hawks,21500796,2016-02-10T00:00:00,ATL @ CHI,W,17.9,0.0,4.0,4.0,8.0,4.0,4.0,4.0,18.0,1.0,0.0,4.0,1.0,22.7,1,1,1,1,17595,12059,1596,1913,3109,6141,8458,8806,13577,2692,1,22104,12373,9938,1.0,17:54,2015,2016
2015-16,201145,Jeff Green,Jeff,1610612763,MEM,Memphis Grizzlies,21500793,2016-02-10T00:00:00,MEM @ BKN,W,29.0,10.0,2.0,5.0,6.0,7.0,6.0,6.0,18.0,0.0,0.0,1.0,1.0,31.8,1,1,1,1,8355,99,4731,1277,5299,12242,13237,13388,13577,8004,1,4972,12373,5041,1.0,29:01,2015,2016
2015-16,977,Kobe Bryant,Kobe,1610612747,LAL,Los Angeles Lakers,21500795,2016-02-10T00:00:00,LAL @ CLE,L,33.1,0.0,0.0,0.0,2.0,13.0,23.0,12.0,40.0,0.0,0.0,2.0,2.0,28.7,1,13074,13074,13074,5062,12059,10158,9917,12984,21300,26017,22259,983,8004,1,11390,7786,6514,1.0,33:05,2015,2016
2015-16,203926,Doug McDermott,Doug,1610612741,CHI,Chicago Bulls,21500796,2016-02-10T00:00:00,CHI vs. ATL,L,36.9,4.0,0.0,0.0,8.0,21.0,13.0,17.0,38.0,0.0,1.0,1.0,1.0,22.1,1,13074,13074,13074,2167,2460,10158,9917,3109,25535,23668,24967,1422,8004,17214,4972,12373,10332,1.0,36:52,2015,2016
2015-16,2037,Jamal Crawford,Jamal,1610612746,LAC,LA Clippers,21500792,2016-02-10T00:00:00,LAC @ BOS,L,37.8,0.0,0.0,0.0,2.0,11.0,10.0,8.0,28.0,0.0,0.0,3.0,5.0,28.0,1,13074,13074,13074,1628,12059,10158,9917,12984,18886,20509,17194,5824,8004,1,17641,1539,6864,1.0,37:45,2015,2016
2015-16,202397,Ish Smith,Ish,1610612755,PHI,Philadelphia 76ers,21500791,2016-02-10T00:00:00,PHI vs. SAC,L,30.9,3.0,0.0,0.0,2.0,18.0,22.0,16.0,36.0,0.0,0.0,2.0,1.0,22.6,1,13074,13074,13074,6792,4307,10158,9917,12984,24749,25991,24641,1943,8004,1,11390,12373,10000,1.0,30:55,2015,2016
2015-16,203187,Chris Johnson,Chris,1610612762,UTA,Utah Jazz,21500798,2016-02-10T00:00:00,UTA @ NOP,L,21.7,0.0,0.0,0.0,0.0,10.0,8.0,2.0,16.0,1.0,0.0,3.0,0.0,13.8,1,13074,13074,13074,14446,12059,10158,9917,18861,17370,17345,4025,15259,2692,1,17641,18762,16311,1.0,21:41,2015,2016
2015-16,1626214,Bryce Dejean-Jones,Bryce,1610612740,NOP,New Orleans Pelicans,21500798,2016-02-10T00:00:00,NOP vs. UTA,W,19.0,0.0,0.0,0.0,2.0,2.0,0.0,0.0,14.0,0.0,1.0,0.0,2.0,17.4,1,1,1,1,16731,12059,10158,9917,12984,2619,1,1,17019,8004,17214,1,7786,13595,1.0,18:58,2015,2016
2015-16,201572,Brook Lopez,Brook,1610612751,BKN,Brooklyn Nets,21500793,2016-02-10T00:00:00,BKN vs. MEM,L,29.9,2.0,2.0,2.0,12.0,18.0,7.0,6.0,28.0,0.0,0.0,0.0,3.0,31.8,1,13074,13074,13074,7648,6026,4731,4675,988,24749,15642,13388,5824,8004,1,1,4736,5041,1.0,29:53,2015,2016
2015-16,201143,Al Horford,Al,1610612737,ATL,Atlanta Hawks,21500796,2016-02-10T00:00:00,ATL @ CHI,W,28.9,2.0,4.0,0.0,4.0,8.0,6.0,0.0,24.0,2.0,0.0,1.0,1.0,28.8,1,1,1,1,8475,6026,1596,9917,8599,13914,13237,1,8723,932,1,4972,12373,6465,1.0,28:52,2015,2016
2015-16,203469,Cody Zeller,Cody,1610612766,CHA,Charlotte Hornets,21500789,2016-02-10T00:00:00,CHA @ IND,W,23.0,2.0,3.0,0.0,8.0,10.0,8.0,4.0,20.0,0.0,1.0,2.0,3.0,27.7,1,1,1,1,13383,6026,3104,9917,3109,17370,17345,8806,11929,8004,17214,11390,4736,7008,1.0,22:59,2015,2016
2015-16,203497,Rudy Gobert,Rudy,1610612762,UTA,Utah Jazz,21500798,2016-02-10T00:00:00,UTA @ NOP,L,32.7,2.0,2.0,2.0,6.0,14.0,12.0,7.0,34.0,2.0,1.0,4.0,5.0,33.3,1,13074,13074,13074,5321,6026,4731,4675,5299,22292,22832,15538,2701,932,17214,22104,1539,4423,1.0,32:43,2015,2016
2015-16,203458,Alex Len,Alex,1610612756,PHX,Phoenix Suns,21500799,2016-02-10T00:00:00,PHX vs. GSW,L,14.3,2.0,2.0,0.0,4.0,5.0,2.0,10.0,6.0,1.0,0.0,3.0,0.0,17.4,1,13074,13074,13074,20220,6026,4731,9917,8599,8403,3734,20169,22724,2692,1,17641,18762,13595,1.0,14:18,2015,2016
2015-16,200746,LaMarcus Aldridge,LaMarcus,1610612759,SAS,San Antonio Spurs,21500790,2016-02-10T00:00:00,SAS @ ORL,W,32.6,4.0,2.0,0.0,8.0,5.0,9.0,4.0,26.0,2.0,0.0,2.0,4.0,37.4,1,1,1,1,5459,2460,4731,9917,3109,8403,19144,8806,7214,932,1,11390,2748,3073,1.0,32:33,2015,2016
2015-16,2200,Pau Gasol,Pau,1610612741,CHI,Chicago Bulls,21500796,2016-02-10T00:00:00,CHI vs. ATL,L,29.9,4.0,4.0,0.0,10.0,17.0,12.0,12.0,30.0,0.0,1.0,1.0,3.0,37.5,1,13074,13074,13074,7604,2460,1596,9917,1840,24337,22832,22259,4541,8004,17214,4972,4736,3050,1.0,29:56,2015,2016
2015-16,2594,Kyle Korver,Kyle,1610612737,ATL,Atlanta Hawks,21500796,2016-02-10T00:00:00,ATL @ CHI,W,29.7,2.0,2.0,0.0,0.0,6.0,10.0,4.0,26.0,1.0,0.0,1.0,2.0,28.3,1,1,1,1,7820,6026,4731,9917,18861,10028,20509,8806,7214,2692,1,4972,7786,6720,1.0,29:41,2015,2016
2015-16,201147,Corey Brewer,Corey,1610612745,HOU,Houston Rockets,21500800,2016-02-10T00:00:00,HOU @ POR,L,23.0,0.0,0.0,1.0,2.0,16.0,10.0,10.0,26.0,0.0,0.0,1.0,2.0,13.5,1,13074,13074,13074,13349,12059,10158,9347,12984,23774,20509,20169,7214,8004,1,4972,7786,16552,1.0,23:02,2015,2016
2015-16,101106,Andrew Bogut,Andrew,1610612744,GSW,Golden State Warriors,21500799,2016-02-10T00:00:00,GSW @ PHX,W,23.1,2.0,0.0,0.0,4.0,6.0,8.0,6.0,24.0,3.0,0.0,2.0,0.0,32.8,1,1,1,1,13300,6026,10158,9917,8599,10028,17345,13388,8723,347,1,11390,18762,4609,1.0,23:06,2015,2016
2015-16,201954,Darren Collison,Darren,1610612758,SAC,Sacramento Kings,21500791,2016-02-10T00:00:00,SAC @ PHI,W,31.8,4.0,3.0,10.0,6.0,5.0,13.0,9.0,28.0,0.0,1.0,1.0,4.0,32.1,1,1,1,1,6083,2460,3104,118,5299,8403,23668,18829,5824,8004,17214,4972,2748,4889,1.0,31:48,2015,2016
2015-16,2216,Zach Randolph,Zach,1610612763,MEM,Memphis Grizzlies,21500793,2016-02-10T00:00:00,MEM @ BKN,W,27.0,4.0,4.0,0.0,4.0,3.0,4.0,4.0,26.0,1.0,0.0,2.0,2.0,38.6,1,1,1,1,10015,2460,1596,9917,8599,5109,8458,8806,7214,2692,1,11390,7786,2744,1.0,27:00,2015,2016
2015-16,203210,JaMychal Green,JaMychal,1610612763,MEM,Memphis Grizzlies,21500793,2016-02-10T00:00:00,MEM @ BKN,W,20.8,2.0,0.0,0.0,6.0,3.0,0.0,0.0,12.0,0.0,0.0,5.0,1.0,22.3,1,1,1,1,15223,6026,10158,9917,5299,5109,1,1,18637,8004,1,24686,12373,10208,1.0,20:48,2015,2016
2015-16,202344,Trevor Booker,Trevor,1610612762,UTA,Utah Jazz,21500798,2016-02-10T00:00:00,UTA @ NOP,L,20.1,0.0,0.0,0.0,2.0,6.0,4.0,4.0,10.0,0.0,0.0,3.0,0.0,13.9,1,13074,13074,13074,15862,12059,10158,9917,12984,10028,8458,8806,20209,8004,1,17641,18762,16232,1.0,20:04,2015,2016
2015-16,203109,Jae Crowder,Jae,1610612738,BOS,Boston Celtics,21500792,2016-02-10T00:00:00,BOS vs. LAC,W,37.9,0.0,0.0,2.0,4.0,12.0,4.0,5.0,24.0,1.0,0.0,6.0,5.0,39.1,1,1,1,1,1559,12059,10158,4675,8599,20178,8458,11593,8723,2692,1,25827,1539,2616,1.0,37:53,2015,2016
2015-16,201967,Dante Cunningham,Dante,1610612740,NOP,New Orleans Pelicans,21500798,2016-02-10T00:00:00,NOP vs. UTA,W,28.7,2.0,0.0,2.0,2.0,4.0,1.0,2.0,24.0,1.0,0.0,2.0,0.0,13.4,1,1,1,1,8622,6026,10158,4675,12984,6141,3393,4025,8723,2692,1,11390,18762,16614,1.0,28:43,2015,2016
2015-16,203084,Harrison Barnes,Harrison,1610612744,GSW,Golden State Warriors,21500799,2016-02-10T00:00:00,GSW @ PHX,W,30.8,0.0,0.0,0.0,2.0,9.0,12.0,5.0,28.0,1.0,0.0,4.0,2.0,17.7,1,1,1,1,6906,12059,10158,9917,12984,15771,22832,11593,5824,2692,1,22104,7786,13380,1.0,30:47,2015,2016
2015-16,202391,Jeremy Lin,Jeremy,1610612766,CHA,Charlotte Hornets,21500789,2016-02-10T00:00:00,CHA @ IND,W,27.8,2.0,3.0,2.0,4.0,5.0,8.0,0.0,30.0,2.0,2.0,1.0,2.0,39.0,1,1,1,1,9383,6026,3104,4675,8599,8403,17345,1,4541,932,23588,4972,7786,2642,1.0,27:48,2015,2016
2015-16,202694,Marcus Morris Sr.,Marcus,1610612765,DET,Detroit Pistons,21500794,2016-02-10T00:00:00,DET vs. DEN,L,34.8,4.0,0.0,2.0,8.0,16.0,11.0,15.0,44.0,0.0,1.0,2.0,3.0,28.4,1,13074,13074,13074,3690,2460,10158,4675,3109,23774,21814,24242,454,8004,17214,11390,4736,6663,1.0,34:48,2015,2016
2015-16,101150,Lou Williams,Lou,1610612747,LAL,Los Angeles Lakers,21500795,2016-02-10T00:00:00,LAL @ CLE,L,35.6,0.0,3.0,1.0,2.0,13.0,23.0,12.0,40.0,1.0,0.0,0.0,4.0,38.8,1,13074,13074,13074,3095,12059,3104,9347,12984,21300,26017,22259,983,2692,1,1,2748,2692,1.0,35:33,2015,2016
2015-16,203471,Dennis Schröder,Dennis,1610612737,ATL,Atlanta Hawks,21500796,2016-02-10T00:00:00,ATL @ CHI,W,18.0,0.0,2.0,0.0,4.0,6.0,0.0,2.0,18.0,0.0,0.0,1.0,3.0,28.4,1,1,1,1,17554,12059,4731,9917,8599,10028,1,4025,13577,8004,1,4972,4736,6663,1.0,17:57,2015,2016
2015-16,1626199,Darrun Hilliard,Darrun,1610612765,DET,Detroit Pistons,21500794,2016-02-10T00:00:00,DET vs. DEN,L,26.6,0.0,0.0,0.0,4.0,6.0,6.0,7.0,30.0,0.0,0.0,1.0,2.0,17.2,1,13074,13074,13074,10358,12059,10158,9917,8599,10028,13237,15538,4541,8004,1,4972,7786,13725,1.0,26:37,2015,2016
2015-16,203080,Thomas Robinson,Thomas,1610612751,BKN,Brooklyn Nets,21500793,2016-02-10T00:00:00,BKN vs. MEM,L,23.7,0.0,4.0,0.0,4.0,13.0,10.0,3.0,22.0,2.0,0.0,1.0,3.0,24.8,1,13074,13074,13074,12834,12059,1596,9917,8599,21300,20509,7328,10265,932,1,4972,4736,8614,1.0,23:41,2015,2016
2015-16,203498,Shabazz Muhammad,Shabazz,1610612750,MIN,Minnesota Timberwolves,21500797,2016-02-10T00:00:00,MIN vs. TOR,W,21.3,0.0,0.0,2.0,2.0,0.0,7.0,6.0,18.0,0.0,1.0,3.0,3.0,11.6,1,1,1,1,14819,12059,10158,4675,12984,1,15642,13388,13577,8004,17214,17641,4736,17970,1.0,21:16,2015,2016
2015-16,202681,Kyrie Irving,Kyrie,1610612739,CLE,Cleveland Cavaliers,21500795,2016-02-10T00:00:00,CLE vs. LAL,W,35.8,5.0,9.0,2.0,14.0,7.0,5.0,9.0,34.0,0.0,1.0,5.0,5.0,54.1,1,1,1,1,2868,1603,77,4675,542,12242,11469,18829,2701,8004,17214,24686,1539,447,1.0,35:50,2015,2016
2015-16,203096,Jared Sullinger,Jared,1610612738,BOS,Boston Celtics,21500792,2016-02-10T00:00:00,BOS vs. LAC,W,29.9,2.0,0.0,0.0,6.0,3.0,4.0,3.0,22.0,0.0,1.0,5.0,0.0,47.7,1,1,1,1,7613,6026,10158,9917,5299,5109,8458,7328,10265,8004,17214,24686,18762,989,1.0,29:56,2015,2016
2015-16,101108,Chris Paul,Chris,1610612746,LAC,LA Clippers,21500792,2016-02-10T00:00:00,LAC @ BOS,L,47.6,10.0,0.0,2.0,8.0,13.0,17.0,10.0,36.0,1.0,0.0,5.0,7.0,70.5,1,13074,13074,13074,28,99,10158,4675,3109,21300,25429,20169,1943,2692,1,24686,469,44,1.0,47:38,2015,2016
2015-16,200755,JJ Redick,JJ,1610612746,LAC,LA Clippers,21500792,2016-02-10T00:00:00,LAC @ BOS,L,38.4,2.0,0.0,0.0,4.0,12.0,15.0,8.0,32.0,0.0,0.0,1.0,4.0,29.6,1,13074,13074,13074,1326,6026,10158,9917,8599,20178,24781,17194,3535,8004,1,4972,2748,6050,1.0,38:23,2015,2016
2015-16,1495,Tim Duncan,Tim,1610612759,SAS,San Antonio Spurs,21500790,2016-02-10T00:00:00,SAS @ ORL,W,18.3,0.0,0.0,0.0,4.0,6.0,4.0,2.0,10.0,3.0,3.0,1.0,1.0,28.9,1,1,1,1,17253,12059,10158,9917,8599,10028,8458,4025,20209,347,25441,4972,12373,6414,1.0,18:19,2015,2016
2015-16,200752,Rudy Gay,Rudy,1610612758,SAC,Sacramento Kings,21500791,2016-02-10T00:00:00,SAC @ PHI,W,40.7,2.0,7.0,4.0,14.0,9.0,18.0,11.0,40.0,3.0,2.0,3.0,3.0,36.3,1,1,1,1,561,6026,292,1913,542,15771,25634,21342,983,347,23588,17641,4736,3380,1.0,40:41,2015,2016
2015-16,201584,Courtney Lee,Courtney,1610612763,MEM,Memphis Grizzlies,21500793,2016-02-10T00:00:00,MEM @ BKN,W,29.0,0.0,0.0,0.0,8.0,4.0,4.0,4.0,26.0,0.0,0.0,3.0,1.0,24.0,1,1,1,1,8400,12059,10158,9917,3109,6141,8458,8806,7214,8004,1,17641,12373,9121,1.0,28:58,2015,2016
2015-16,200794,Paul Millsap,Paul,1610612737,ATL,Atlanta Hawks,21500796,2016-02-10T00:00:00,ATL @ CHI,W,27.1,4.0,0.0,0.0,4.0,2.0,8.0,2.0,20.0,1.0,0.0,3.0,6.0,28.8,1,1,1,1,9894,2460,10158,9917,8599,2619,17345,4025,11929,2692,1,17641,873,6465,1.0,27:09,2015,2016
2015-16,201950,Jrue Holiday,Jrue,1610612740,NOP,New Orleans Pelicans,21500798,2016-02-10T00:00:00,NOP vs. UTA,W,31.0,4.0,6.0,2.0,10.0,6.0,3.0,6.0,20.0,1.0,1.0,3.0,2.0,45.7,1,1,1,1,6727,2460,481,4675,1840,10028,7138,13388,11929,2692,17214,17641,7786,1251,1.0,30:59,2015,2016
2015-16,203496,Robert Covington,Robert,1610612755,PHI,Philadelphia 76ers,21500791,2016-02-10T00:00:00,PHI vs. SAC,L,32.1,2.0,8.0,4.0,4.0,18.0,23.0,13.0,38.0,0.0,0.0,5.0,3.0,47.5,1,13074,13074,13074,5830,6026,137,1913,8599,24749,26017,23048,1422,8004,1,24686,4736,1015,1.0,32:04,2015,2016
2015-16,203141,Mirza Teletovic,Mirza,1610612756,PHX,Phoenix Suns,21500799,2016-02-10T00:00:00,PHX vs. GSW,L,19.7,0.0,4.0,0.0,2.0,6.0,2.0,13.0,16.0,1.0,2.0,3.0,2.0,24.8,1,13074,13074,13074,16188,12059,1596,9917,12984,10028,3734,23048,15259,2692,23588,17641,7786,8614,1.0,19:39,2015,2016
2015-16,201942,DeMar DeRozan,DeMar,1610612761,TOR,Toronto Raptors,21500797,2016-02-10T00:00:00,TOR @ MIN,L,37.3,2.0,0.0,2.0,2.0,8.0,14.0,12.0,40.0,1.0,2.0,5.0,10.0,46.6,1,13074,13074,13074,1910,6026,10158,4675,12984,13914,24300,22259,983,2692,23588,24686,76,1122,1.0,37:16,2015,2016
2015-16,202326,DeMarcus Cousins,DeMarcus,1610612758,SAC,Sacramento Kings,21500791,2016-02-10T00:00:00,SAC @ PHI,W,36.4,2.0,7.0,3.0,12.0,8.0,14.0,14.0,34.0,0.0,1.0,5.0,11.0,51.9,1,1,1,1,2448,6026,292,3302,988,13914,24300,23710,2701,8004,17214,24686,44,576,1.0,36:26,2015,2016
2015-16,203111,Orlando Johnson,Orlando,1610612756,PHX,Phoenix Suns,21500799,2016-02-10T00:00:00,PHX vs. GSW,L,28.0,5.0,2.0,0.0,6.0,13.0,2.0,20.0,24.0,3.0,0.0,3.0,4.0,29.6,1,13074,13074,13074,9246,1603,4731,9917,5299,21300,3734,25599,8723,347,1,17641,2748,6050,1.0,27:59,2015,2016
2015-16,203083,Andre Drummond,Andre,1610612765,DET,Detroit Pistons,21500794,2016-02-10T00:00:00,DET vs. DEN,L,39.5,0.0,4.0,2.0,14.0,16.0,11.0,17.0,52.0,5.0,1.0,3.0,1.0,61.4,1,13074,13074,13074,903,12059,1596,4675,542,23774,21814,24967,59,59,17214,17641,12373,171,1.0,39:27,2015,2016
2015-16,201935,James Harden,James,1610612745,HOU,Houston Rockets,21500800,2016-02-10T00:00:00,HOU @ POR,L,41.7,4.0,0.0,3.0,6.0,25.0,12.0,15.0,40.0,0.0,1.0,4.0,10.0,59.3,1,13074,13074,13074,350,2460,10158,3302,5299,25944,22832,24242,983,8004,17214,22104,76,230,1.0,41:44,2015,2016
2015-16,202695,Kawhi Leonard,Kawhi,1610612759,SAS,San Antonio Spurs,21500790,2016-02-10T00:00:00,SAS @ ORL,W,32.9,6.0,3.0,2.0,6.0,8.0,9.0,4.0,24.0,1.0,0.0,2.0,3.0,47.4,1,1,1,1,5241,878,3104,4675,5299,13914,19144,8806,8723,2692,1,11390,4736,1024,1.0,32:51,2015,2016
2015-16,2730,Dwight Howard,Dwight,1610612745,HOU,Houston Rockets,21500800,2016-02-10T00:00:00,HOU @ POR,L,35.4,2.0,4.0,0.0,26.0,24.0,16.0,16.0,38.0,1.0,0.0,1.0,5.0,46.6,1,13074,13074,13074,3196,6026,1596,9917,7,25890,25155,24641,1422,2692,1,4972,1539,1122,1.0,35:26,2015,2016
2015-16,1626157,Karl-Anthony Towns,Karl-Anthony,1610612750,MIN,Minnesota Timberwolves,21500797,2016-02-10T00:00:00,MIN vs. TOR,W,35.4,3.0,8.0,4.0,22.0,7.0,12.0,4.0,24.0,3.0,0.0,4.0,8.0,58.7,1,1,1,1,3237,4307,137,1913,25,12242,22832,8806,8723,347,1,22104,254,246,1.0,35:23,2015,2016
2015-16,203914,Gary Harris,Gary,1610612743,DEN,Denver Nuggets,21500794,2016-02-10T00:00:00,DEN @ DET,W,36.4,0.0,0.0,2.0,6.0,11.0,4.0,6.0,36.0,0.0,1.0,1.0,1.0,24.4,1,1,1,1,2469,12059,10158,4675,5299,18886,8458,13388,1943,8004,17214,4972,12373,8867,1.0,36:24,2015,2016
2015-16,202689,Kemba Walker,Kemba,1610612766,CHA,Charlotte Hornets,21500789,2016-02-10T00:00:00,CHA @ IND,W,39.8,4.0,2.0,6.0,16.0,12.0,13.0,6.0,36.0,1.0,1.0,0.0,3.0,43.9,1,1,1,1,793,2460,4731,740,275,20178,23668,13388,1943,2692,17214,1,4736,1573,1.0,39:47,2015,2016
2015-16,201599,DeAndre Jordan,DeAndre,1610612746,LAC,LA Clippers,21500792,2016-02-10T00:00:00,LAC @ BOS,L,41.9,0.0,2.0,0.0,12.0,12.0,16.0,10.0,36.0,2.0,1.0,4.0,13.0,50.7,1,13074,13074,13074,323,12059,4731,9917,988,20178,25155,20169,1943,932,17214,22104,14,677,1.0,41:54,2015,2016
2015-16,201939,Stephen Curry,Stephen,1610612744,GSW,Golden State Warriors,21500799,2016-02-10T00:00:00,GSW @ PHX,W,30.1,3.0,4.0,5.0,6.0,4.0,8.0,8.0,30.0,1.0,1.0,1.0,5.0,54.3,1,1,1,1,7448,4307,1596,1277,5299,6141,17345,17194,4541,2692,17214,4972,1539,428,1.0,30:06,2015,2016
2015-16,203095,Evan Fournier,Evan,1610612753,ORL,Orlando Magic,21500790,2016-02-10T00:00:00,ORL vs. SAS,L,41.8,0.0,9.0,2.0,12.0,17.0,17.0,5.0,24.0,0.0,2.0,3.0,4.0,36.9,1,13074,13074,13074,335,12059,77,4675,988,24337,25429,11593,8723,8004,23588,17641,2748,3210,1.0,41:50,2015,2016
2015-16,101133,Ian Mahinmi,Ian,1610612754,IND,Indiana Pacers,21500789,2016-02-10T00:00:00,IND vs. CHA,L,26.3,0.0,0.0,0.0,8.0,12.0,8.0,9.0,24.0,0.0,1.0,0.0,0.0,24.1,1,13074,13074,13074,10626,12059,10158,9917,3109,20178,17345,18829,8723,8004,17214,1,18762,9068,1.0,26:16,2015,2016
2015-16,202696,Nikola Vučević,Nikola,1610612753,ORL,Orlando Magic,21500790,2016-02-10T00:00:00,ORL vs. SAS,L,37.4,4.0,0.0,0.0,8.0,12.0,15.0,2.0,22.0,2.0,4.0,4.0,2.0,49.1,1,13074,13074,13074,1824,2460,10158,9917,3109,20178,24781,4025,10265,932,25926,22104,7786,850,1.0,37:24,2015,2016
2015-16,2544,LeBron James,LeBron,1610612739,CLE,Cleveland Cavaliers,21500795,2016-02-10T00:00:00,CLE vs. LAL,W,36.7,2.0,2.0,10.0,16.0,6.0,2.0,10.0,28.0,0.0,0.0,1.0,4.0,55.9,1,1,1,1,2308,6026,4731,118,275,10028,3734,20169,5824,8004,1,4972,2748,360,1.0,36:40,2015,2016
2015-16,203115,Will Barton,Will,1610612743,DEN,Denver Nuggets,21500794,2016-02-10T00:00:00,DEN @ DET,W,21.6,4.0,2.0,4.0,10.0,5.0,2.0,2.0,16.0,1.0,0.0,0.0,3.0,37.0,1,1,1,1,14490,2460,4731,1913,1840,8403,3734,4025,15259,2692,1,1,4736,3182,1.0,21:38,2015,2016
2015-16,200765,Rajon Rondo,Rajon,1610612758,SAC,Sacramento Kings,21500791,2016-02-10T00:00:00,SAC @ PHI,W,36.4,8.0,2.0,2.0,12.0,9.0,18.0,16.0,38.0,0.0,3.0,0.0,0.0,53.1,1,1,1,1,2485,308,4731,4675,988,15771,25634,24641,1422,8004,25441,1,18762,513,1.0,36:23,2015,2016
2015-16,2561,David West,David,1610612759,SAS,San Antonio Spurs,21500790,2016-02-10T00:00:00,SAS @ ORL,W,12.4,2.0,0.0,0.0,4.0,7.0,4.0,2.0,10.0,1.0,1.0,1.0,1.0,7.4,1,1,1,1,21342,6026,10158,9917,8599,12242,8458,4025,20209,2692,17214,4972,12373,20912,1.0,12:23,2015,2016
2015-16,1626164,Devin Booker,Devin,1610612756,PHX,Phoenix Suns,21500799,2016-02-10T00:00:00,PHX vs. GSW,L,41.6,0.0,0.0,4.0,2.0,20.0,12.0,23.0,30.0,0.0,0.0,2.0,6.0,37.4,1,13074,13074,13074,372,12059,10158,1913,12984,25338,22832,25880,4541,8004,1,11390,873,3073,1.0,41:35,2015,2016
2015-16,203081,Damian Lillard,Damian,1610612757,POR,Portland Trail Blazers,21500800,2016-02-10T00:00:00,POR vs. HOU,W,35.3,8.0,3.0,3.0,8.0,8.0,7.0,4.0,30.0,0.0,0.0,3.0,9.0,53.1,1,1,1,1,3320,308,3104,3302,3109,13914,15642,8806,4541,8004,1,17641,138,513,1.0,35:17,2015,2016
2015-16,1626143,Jahlil Okafor,Jahlil,1610612755,PHI,Philadelphia 76ers,21500791,2016-02-10T00:00:00,PHI vs. SAC,L,38.7,2.0,6.0,0.0,22.0,22.0,25.0,19.0,52.0,2.0,1.0,5.0,4.0,45.5,1,13074,13074,13074,1188,6026,481,9917,25,25683,26050,25435,59,932,17214,24686,2748,1278,1.0,38:41,2015,2016
2015-16,202734,E'Twaun Moore,E'Twaun,1610612741,CHI,Chicago Bulls,21500796,2016-02-10T00:00:00,CHI vs. ATL,L,29.0,0.0,0.0,0.0,2.0,12.0,11.0,12.0,28.0,0.0,0.0,2.0,1.0,24.7,1,13074,13074,13074,8355,12059,10158,9917,12984,20178,21814,22259,5824,8004,1,11390,12373,8673,1.0,29:01,2015,2016
2015-16,202738,Isaiah Thomas,Isaiah,1610612738,BOS,Boston Celtics,21500792,2016-02-10T00:00:00,BOS vs. LAC,W,39.9,2.0,6.0,8.0,18.0,12.0,4.0,5.0,26.0,0.0,1.0,3.0,9.0,58.3,1,1,1,1,752,6026,481,280,131,20178,8458,11593,7214,8004,17214,17641,138,261,1.0,39:56,2015,2016
2015-16,202324,Derrick Favors,Derrick,1610612762,UTA,Utah Jazz,21500798,2016-02-10T00:00:00,UTA @ NOP,L,39.5,2.0,2.0,0.0,12.0,12.0,8.0,4.0,28.0,0.0,0.0,3.0,5.0,37.2,1,13074,13074,13074,895,6026,4731,9917,988,20178,17345,8806,5824,8004,1,17641,1539,3130,1.0,39:29,2015,2016
2015-16,201144,Mike Conley,Mike,1610612763,MEM,Memphis Grizzlies,21500793,2016-02-10T00:00:00,MEM @ BKN,W,29.0,3.0,3.0,0.0,8.0,5.0,2.0,4.0,24.0,0.0,0.0,0.0,4.0,34.3,1,1,1,1,8373,4307,3104,9917,3109,8403,3734,8806,8723,8004,1,1,2748,4063,1.0,29:00,2015,2016
2015-16,202708,Norris Cole,Norris,1610612740,NOP,New Orleans Pelicans,21500798,2016-02-10T00:00:00,NOP vs. UTA,W,23.6,0.0,0.0,0.0,4.0,4.0,1.0,2.0,24.0,0.0,0.0,0.0,1.0,23.4,1,1,1,1,12884,12059,10158,9917,8599,6141,3393,4025,8723,8004,1,1,12373,9501,1.0,23:37,2015,2016
2015-16,201568,Danilo Gallinari,Danilo,1610612743,DEN,Denver Nuggets,21500794,2016-02-10T00:00:00,DEN @ DET,W,38.8,0.0,1.0,3.0,4.0,6.0,6.0,8.0,40.0,0.0,2.0,2.0,6.0,33.4,1,1,1,1,1138,12059,9709,3302,8599,10028,13237,17194,983,8004,23588,11390,873,4384,1.0,38:49,2015,2016
2015-16,202697,Iman Shumpert,Iman,1610612739,CLE,Cleveland Cavaliers,21500795,2016-02-10T00:00:00,CLE vs. LAL,W,18.5,0.0,0.0,0.0,0.0,9.0,3.0,7.0,6.0,0.0,0.0,4.0,0.0,9.8,1,1,1,1,17124,12059,10158,9917,18861,15771,7138,15538,22724,8004,1,22104,18762,19331,1.0,18:27,2015,2016
2015-16,1626181,Norman Powell,Norman,1610612761,TOR,Toronto Raptors,21500797,2016-02-10T00:00:00,TOR @ MIN,L,11.6,0.0,0.0,2.0,2.0,3.0,2.0,6.0,16.0,0.0,0.0,2.0,0.0,10.4,1,13074,13074,13074,21775,12059,10158,4675,12984,5109,3734,13388,15259,8004,1,11390,18762,18859,1.0,11:36,2015,2016
2015-16,202730,Lavoy Allen,Lavoy,1610612754,IND,Indiana Pacers,21500789,2016-02-10T00:00:00,IND vs. CHA,L,17.1,0.0,3.0,0.0,6.0,4.0,4.0,7.0,14.0,0.0,0.0,1.0,1.0,14.2,1,13074,13074,13074,18193,12059,3104,9917,5299,6141,8458,15538,17019,8004,1,4972,12373,16003,1.0,17:07,2015,2016
2015-16,200768,Kyle Lowry,Kyle,1610612761,TOR,Toronto Raptors,21500797,2016-02-10T00:00:00,TOR @ MIN,L,38.7,2.0,3.0,4.0,6.0,10.0,13.0,13.0,36.0,1.0,3.0,5.0,4.0,34.3,1,13074,13074,13074,1189,6026,3104,1913,5299,17370,23668,23048,1943,2692,25441,24686,2748,4063,1.0,38:41,2015,2016
2015-16,203524,Solomon Hill,Solomon,1610612754,IND,Indiana Pacers,21500789,2016-02-10T00:00:00,IND vs. CHA,L,16.1,2.0,0.0,0.0,4.0,6.0,3.0,4.0,18.0,0.0,0.0,0.0,1.0,9.7,1,13074,13074,13074,18985,6026,10158,9917,8599,10028,7138,8806,13577,8004,1,1,12373,19379,1.0,16:04,2015,2016
2015-16,203118,Mike Scott,Mike,1610612737,ATL,Atlanta Hawks,21500796,2016-02-10T00:00:00,ATL @ CHI,W,19.7,2.0,0.0,2.0,2.0,10.0,2.0,2.0,22.0,0.0,1.0,0.0,2.0,25.0,1,1,1,1,16134,6026,10158,4675,12984,17370,3734,4025,10265,8004,17214,1,7786,8485,1.0,19:43,2015,2016
2015-16,1626144,Emmanuel Mudiay,Emmanuel,1610612743,DEN,Denver Nuggets,21500794,2016-02-10T00:00:00,DEN @ DET,W,34.0,4.0,4.0,0.0,8.0,4.0,6.0,6.0,32.0,1.0,0.0,1.0,2.0,34.8,1,1,1,1,4361,2460,1596,9917,3109,6141,13237,13388,3535,2692,1,4972,7786,3891,1.0,33:59,2015,2016
2015-16,201578,Marreese Speights,Marreese,1610612744,GSW,Golden State Warriors,21500799,2016-02-10T00:00:00,GSW @ PHX,W,16.5,2.0,2.0,5.0,6.0,3.0,6.0,0.0,12.0,1.0,1.0,1.0,2.0,23.0,1,1,1,1,18629,6026,4731,1277,5299,5109,13237,1,18637,2692,17214,4972,7786,9760,1.0,16:32,2015,2016
2015-16,203901,Elfrid Payton,Elfrid,1610612753,ORL,Orlando Magic,21500790,2016-02-10T00:00:00,ORL vs. SAS,L,41.8,0.0,4.0,0.0,8.0,17.0,17.0,5.0,24.0,0.0,1.0,3.0,3.0,34.7,1,13074,13074,13074,335,12059,1596,9917,3109,24337,25429,11593,8723,8004,17214,17641,4736,3935,1.0,41:50,2015,2016
2015-16,203932,Aaron Gordon,Aaron,1610612753,ORL,Orlando Magic,21500790,2016-02-10T00:00:00,ORL vs. SAS,L,30.1,1.0,0.0,0.0,2.0,10.0,13.0,0.0,10.0,2.0,1.0,1.0,2.0,33.3,1,13074,13074,13074,7467,11535,10158,9917,12984,17370,23668,1,20209,932,17214,4972,7786,4423,1.0,30:05,2015,2016
2015-16,202389,Timofey Mozgov,Timofey,1610612739,CLE,Cleveland Cavaliers,21500795,2016-02-10T00:00:00,CLE vs. LAL,W,18.7,2.0,0.0,0.0,2.0,9.0,3.0,9.0,8.0,0.0,0.0,1.0,4.0,15.0,1,1,1,1,16946,6026,10158,9917,12984,15771,7138,18829,21543,8004,1,4972,2748,15404,1.0,18:42,2015,2016
2015-16,203924,Jerami Grant,Jerami,1610612755,PHI,Philadelphia 76ers,21500791,2016-02-10T00:00:00,PHI vs. SAC,L,28.7,4.0,2.0,2.0,2.0,16.0,13.0,9.0,36.0,4.0,2.0,0.0,4.0,34.2,1,13074,13074,13074,8598,2460,4731,4675,12984,23774,23668,18829,1943,132,23588,1,2748,4092,1.0,28:45,2015,2016
2015-16,201152,Thaddeus Young,Thaddeus,1610612751,BKN,Brooklyn Nets,21500793,2016-02-10T00:00:00,BKN vs. MEM,L,25.1,2.0,0.0,0.0,10.0,12.0,5.0,6.0,26.0,0.0,2.0,2.0,1.0,23.8,1,13074,13074,13074,11630,6026,10158,9917,1840,20178,11469,13388,7214,8004,23588,11390,12373,9261,1.0,25:03,2015,2016
2015-16,203994,Jusuf Nurkić,Jusuf,1610612743,DEN,Denver Nuggets,21500794,2016-02-10T00:00:00,DEN @ DET,W,24.2,4.0,4.0,0.0,16.0,7.0,4.0,6.0,24.0,1.0,1.0,3.0,0.0,35.2,1,1,1,1,12360,2460,1596,9917,275,12242,8458,13388,8723,2692,17214,17641,18762,3745,1.0,24:14,2015,2016
2015-16,203076,Anthony Davis,Anthony,1610612740,NOP,New Orleans Pelicans,21500798,2016-02-10T00:00:00,NOP vs. UTA,W,34.0,4.0,2.0,0.0,8.0,6.0,1.0,4.0,30.0,1.0,0.0,5.0,6.0,34.3,1,1,1,1,4313,2460,4731,9917,3109,10028,3393,8806,4541,2692,1,24686,873,4063,1.0,34:03,2015,2016
2015-16,201596,Mario Chalmers,Mario,1610612763,MEM,Memphis Grizzlies,21500793,2016-02-10T00:00:00,MEM @ BKN,W,24.5,0.0,2.0,0.0,2.0,7.0,4.0,2.0,10.0,1.0,0.0,1.0,1.0,25.7,1,1,1,1,12125,12059,4731,9917,12984,12242,8458,4025,20209,2692,1,4972,12373,8088,1.0,24:30,2015,2016
2015-16,1626167,Myles Turner,Myles,1610612754,IND,Indiana Pacers,21500789,2016-02-10T00:00:00,IND vs. CHA,L,23.0,2.0,2.0,0.0,6.0,10.0,5.0,7.0,32.0,0.0,1.0,1.0,3.0,15.0,1,13074,13074,13074,13369,6026,4731,9917,5299,17370,11469,15538,3535,8004,17214,4972,4736,15404,1.0,23:00,2015,2016
2015-16,203382,Aron Baynes,Aron,1610612765,DET,Detroit Pistons,21500794,2016-02-10T00:00:00,DET vs. DEN,L,19.1,2.0,0.0,2.0,8.0,6.0,2.0,3.0,20.0,2.0,0.0,1.0,1.0,23.4,1,13074,13074,13074,16642,6026,10158,4675,3109,10028,3734,7328,11929,932,1,4972,12373,9501,1.0,19:04,2015,2016
2015-16,202329,Al-Farouq Aminu,Al-Farouq,1610612757,POR,Portland Trail Blazers,21500800,2016-02-10T00:00:00,POR vs. HOU,W,25.0,4.0,0.0,2.0,4.0,8.0,7.0,6.0,28.0,0.0,0.0,4.0,1.0,23.1,1,1,1,1,11692,2460,10158,4675,8599,13914,15642,13388,5824,8004,1,22104,12373,9699,1.0,24:59,2015,2016
2015-16,202325,Wesley Johnson,Wesley,1610612746,LAC,LA Clippers,21500792,2016-02-10T00:00:00,LAC @ BOS,L,21.7,2.0,0.0,2.0,0.0,3.0,5.0,6.0,18.0,4.0,0.0,4.0,1.0,26.1,1,13074,13074,13074,14403,6026,10158,4675,18861,5109,11469,13388,13577,132,1,22104,12373,7836,1.0,21:44,2015,2016
2015-16,202362,Lance Stephenson,Lance,1610612746,LAC,LA Clippers,21500792,2016-02-10T00:00:00,LAC @ BOS,L,24.3,1.0,2.0,3.0,4.0,3.0,8.0,8.0,18.0,0.0,0.0,3.0,2.0,18.8,1,13074,13074,13074,12332,11535,4731,3302,8599,5109,17345,17194,13577,8004,1,17641,7786,12588,1.0,24:17,2015,2016
2015-16,201585,Kosta Koufos,Kosta,1610612758,SAC,Sacramento Kings,21500791,2016-02-10T00:00:00,SAC @ PHI,W,14.8,4.0,2.0,0.0,8.0,3.0,6.0,2.0,14.0,1.0,0.0,2.0,0.0,14.9,1,1,1,1,19894,2460,4731,9917,3109,5109,13237,4025,17019,2692,1,11390,18762,15463,1.0,14:48,2015,2016
2015-16,101139,CJ Miles,CJ,1610612754,IND,Indiana Pacers,21500789,2016-02-10T00:00:00,IND vs. CHA,L,14.8,3.0,0.0,2.0,4.0,9.0,7.0,7.0,8.0,1.0,0.0,1.0,1.0,18.9,1,13074,13074,13074,19880,4307,10158,4675,8599,15771,15642,15538,21543,2692,1,4972,12373,12513,1.0,14:50,2015,2016
2015-16,201150,Spencer Hawes,Spencer,1610612766,CHA,Charlotte Hornets,21500789,2016-02-10T00:00:00,CHA @ IND,W,23.4,0.0,0.0,0.0,0.0,5.0,5.0,2.0,22.0,1.0,0.0,2.0,2.0,14.8,1,1,1,1,13042,12059,10158,9917,18861,8403,11469,4025,10265,2692,1,11390,7786,15561,1.0,23:24,2015,2016
2015-16,202687,Bismack Biyombo,Bismack,1610612761,TOR,Toronto Raptors,21500797,2016-02-10T00:00:00,TOR @ MIN,L,19.7,2.0,0.0,0.0,4.0,2.0,5.0,4.0,18.0,6.0,0.0,3.0,1.0,34.2,1,13074,13074,13074,16166,6026,10158,9917,8599,2619,11469,8806,13577,19,1,17641,12373,4092,1.0,19:42,2015,2016
2015-16,202330,Gordon Hayward,Gordon,1610612762,UTA,Utah Jazz,21500798,2016-02-10T00:00:00,UTA @ NOP,L,39.6,2.0,0.0,2.0,6.0,12.0,6.0,6.0,30.0,0.0,1.0,1.0,5.0,34.8,1,13074,13074,13074,836,6026,10158,4675,5299,20178,13237,13388,4541,8004,17214,4972,1539,3891,1.0,39:38,2015,2016
2015-16,201943,Brandon Jennings,Brandon,1610612765,DET,Detroit Pistons,21500794,2016-02-10T00:00:00,DET vs. DEN,L,29.3,0.0,0.0,2.0,4.0,12.0,9.0,13.0,40.0,0.0,0.0,2.0,1.0,19.1,1,13074,13074,13074,8109,12059,10158,4675,8599,20178,19144,23048,983,8004,1,11390,12373,12372,1.0,29:19,2015,2016
2015-16,203917,Nik Stauskas,Nik,1610612755,PHI,Philadelphia 76ers,21500791,2016-02-10T00:00:00,PHI vs. SAC,L,31.5,0.0,0.0,6.0,2.0,16.0,23.0,13.0,38.0,0.0,0.0,0.0,1.0,25.9,1,13074,13074,13074,6334,12059,10158,740,12984,23774,26017,23048,1422,8004,1,1,12373,7960,1.0,31:28,2015,2016
2015-16,201229,Anthony Tolliver,Anthony,1610612765,DET,Detroit Pistons,21500794,2016-02-10T00:00:00,DET vs. DEN,L,35.3,0.0,0.0,0.0,0.0,14.0,11.0,12.0,50.0,1.0,0.0,2.0,2.0,23.9,1,13074,13074,13074,3334,12059,10158,9917,18861,22292,21814,22259,107,2692,1,11390,7786,9184,1.0,35:16,2015,2016
2015-16,1626209,Mario Hezonja,Mario,1610612753,ORL,Orlando Magic,21500790,2016-02-10T00:00:00,ORL vs. SAS,L,14.6,5.0,0.0,2.0,4.0,7.0,2.0,3.0,8.0,0.0,0.0,4.0,1.0,14.5,1,13074,13074,13074,20073,1603,10158,4675,8599,12242,3734,7328,21543,8004,1,22104,12373,15799,1.0,14:33,2015,2016
2015-16,1626158,Richaun Holmes,Richaun,1610612755,PHI,Philadelphia 76ers,21500791,2016-02-10T00:00:00,PHI vs. SAC,L,15.4,0.0,4.0,2.0,8.0,8.0,6.0,8.0,20.0,4.0,1.0,3.0,2.0,23.4,1,13074,13074,13074,19455,12059,1596,4675,3109,13914,13237,17194,11929,132,17214,17641,7786,9501,1.0,15:26,2015,2016
2015-16,1626163,Frank Kaminsky,Frank,1610612766,CHA,Charlotte Hornets,21500789,2016-02-10T00:00:00,CHA @ IND,W,29.9,2.0,0.0,2.0,4.0,11.0,5.0,7.0,30.0,1.0,0.0,3.0,0.0,23.6,1,1,1,1,7604,6026,10158,4675,8599,18886,11469,15538,4541,2692,1,17641,18762,9377,1.0,29:56,2015,2016
2015-16,203918,Rodney Hood,Rodney,1610612762,UTA,Utah Jazz,21500798,2016-02-10T00:00:00,UTA @ NOP,L,34.9,0.0,0.0,0.0,4.0,16.0,10.0,9.0,32.0,0.0,0.0,1.0,4.0,23.7,1,13074,13074,13074,3640,12059,10158,9917,8599,23774,20509,18829,3535,8004,1,4972,2748,9329,1.0,34:52,2015,2016
2015-16,201565,Derrick Rose,Derrick,1610612741,CHI,Chicago Bulls,21500796,2016-02-10T00:00:00,CHI vs. ATL,L,28.8,2.0,2.0,0.0,4.0,14.0,9.0,13.0,24.0,0.0,2.0,2.0,1.0,25.5,1,13074,13074,13074,8534,6026,4731,9917,8599,22292,19144,23048,8723,8004,23588,11390,12373,8230,1.0,28:48,2015,2016
2015-16,1626156,D'Angelo Russell,D'Angelo,1610612747,LAL,Los Angeles Lakers,21500795,2016-02-10T00:00:00,LAL @ CLE,L,28.2,5.0,0.0,5.0,2.0,2.0,10.0,0.0,20.0,0.0,0.0,2.0,2.0,23.9,1,13074,13074,13074,9053,1603,10158,1277,12984,2619,20509,1,11929,8004,1,11390,7786,9184,1.0,28:14,2015,2016
2015-16,203462,Archie Goodwin,Archie,1610612756,PHX,Phoenix Suns,21500799,2016-02-10T00:00:00,PHX vs. GSW,L,28.0,0.0,0.0,10.0,14.0,11.0,8.0,11.0,12.0,0.0,1.0,5.0,2.0,23.4,1,13074,13074,13074,9228,12059,10158,118,542,18886,17345,21342,18637,8004,17214,24686,7786,9501,1.0,28:00,2015,2016
2015-16,202334,Ed Davis,Ed,1610612757,POR,Portland Trail Blazers,21500800,2016-02-10T00:00:00,POR vs. HOU,W,21.3,0.0,0.0,0.0,0.0,3.0,3.0,5.0,10.0,1.0,0.0,5.0,1.0,19.1,1,1,1,1,14814,12059,10158,9917,18861,5109,7138,11593,20209,2692,1,24686,12373,12372,1.0,21:17,2015,2016
2015-16,200797,Ryan Hollins,Ryan,1610612763,MEM,Memphis Grizzlies,21500793,2016-02-10T00:00:00,MEM @ BKN,W,25.4,0.0,2.0,0.0,6.0,9.0,2.0,2.0,8.0,0.0,2.0,4.0,1.0,10.3,1,1,1,1,11397,12059,4731,9917,5299,15771,3734,4025,21543,8004,23588,22104,12373,18965,1.0,25:22,2015,2016
2015-16,202702,Kenneth Faried,Kenneth,1610612743,DEN,Denver Nuggets,21500794,2016-02-10T00:00:00,DEN @ DET,W,18.4,4.0,2.0,4.0,12.0,4.0,2.0,2.0,18.0,0.0,1.0,4.0,1.0,18.7,1,1,1,1,17200,2460,4731,1913,988,6141,3734,4025,13577,8004,17214,22104,12373,12648,1.0,18:23,2015,2016
2015-16,202332,Cole Aldrich,Cole,1610612746,LAC,LA Clippers,21500792,2016-02-10T00:00:00,LAC @ BOS,L,8.3,0.0,0.0,0.0,2.0,3.0,0.0,4.0,4.0,1.0,0.0,4.0,0.0,10.2,1,13074,13074,13074,23076,12059,10158,9917,12984,5109,1,8806,23698,2692,1,22104,18762,19003,1.0,8:20,2015,2016
2015-16,202711,Bojan Bogdanović,Bojan,1610612751,BKN,Brooklyn Nets,21500793,2016-02-10T00:00:00,BKN vs. MEM,L,16.4,0.0,0.0,2.0,0.0,13.0,6.0,3.0,18.0,0.0,0.0,0.0,1.0,11.4,1,13074,13074,13074,18748,12059,10158,4675,18861,21300,13237,7328,13577,8004,1,1,12373,18134,1.0,16:23,2015,2016
2015-16,201171,Carl Landry,Carl,1610612755,PHI,Philadelphia 76ers,21500791,2016-02-10T00:00:00,PHI vs. SAC,L,5.9,0.0,0.0,0.0,2.0,2.0,3.0,1.0,4.0,0.0,1.0,1.0,0.0,6.1,1,13074,13074,13074,24017,12059,10158,9917,12984,2619,7138,3646,23698,8004,17214,4972,18762,21845,1.0,5:52,2015,2016
2015-16,203477,Isaiah Canaan,Isaiah,1610612755,PHI,Philadelphia 76ers,21500791,2016-02-10T00:00:00,PHI vs. SAC,L,16.3,0.0,0.0,0.0,0.0,10.0,4.0,6.0,22.0,0.0,1.0,4.0,0.0,6.0,1,13074,13074,13074,18815,12059,10158,9917,18861,17370,8458,13388,10265,8004,17214,22104,18762,21878,1.0,16:19,2015,2016
2015-16,201951,Ty Lawson,Ty,1610612745,HOU,Houston Rockets,21500800,2016-02-10T00:00:00,HOU @ POR,L,8.6,0.0,0.0,0.0,0.0,9.0,4.0,5.0,8.0,0.0,0.0,1.0,1.0,1.2,1,13074,13074,13074,22993,12059,10158,9917,18861,15771,8458,11593,21543,8004,1,4972,12373,24661,1.0,8:37,2015,2016
2015-16,201977,Marcus Thornton,Marcus,1610612745,HOU,Houston Rockets,21500800,2016-02-10T00:00:00,HOU @ POR,L,14.3,1.0,0.0,3.0,2.0,8.0,4.0,6.0,12.0,0.0,0.0,5.0,1.0,5.7,1,13074,13074,13074,20234,11535,10158,3302,12984,13914,8458,13388,18637,8004,1,24686,12373,22054,1.0,14:16,2015,2016
2015-16,1897,Metta World Peace,Metta,1610612747,LAL,Los Angeles Lakers,21500795,2016-02-10T00:00:00,LAL @ CLE,L,14.9,0.0,0.0,0.0,2.0,0.0,2.0,0.0,8.0,0.0,0.0,3.0,1.0,5.6,1,13074,13074,13074,19812,12059,10158,9917,12984,1,3734,1,21543,8004,1,17641,12373,22133,1.0,14:55,2015,2016
2015-16,200751,Randy Foye,Randy,1610612743,DEN,Denver Nuggets,21500794,2016-02-10T00:00:00,DEN @ DET,W,20.7,0.0,0.0,0.0,0.0,7.0,2.0,2.0,18.0,0.0,0.0,2.0,2.0,11.4,1,1,1,1,15310,12059,10158,9917,18861,12242,3734,4025,13577,8004,1,11390,7786,18134,1.0,20:43,2015,2016
2015-16,203501,Tim Hardaway Jr.,Tim,1610612737,ATL,Atlanta Hawks,21500796,2016-02-10T00:00:00,ATL @ CHI,W,19.3,0.0,0.0,0.0,0.0,6.0,0.0,0.0,18.0,0.0,0.0,2.0,1.0,11.2,1,1,1,1,16494,12059,10158,9917,18861,10028,1,1,13577,8004,1,11390,12373,18267,1.0,19:15,2015,2016
2015-16,201574,Jason Thompson,Jason,1610612744,GSW,Golden State Warriors,21500799,2016-02-10T00:00:00,GSW @ PHX,W,3.5,0.0,0.0,0.0,0.0,0.0,2.0,7.0,4.0,0.0,0.0,2.0,0.0,1.5,1,1,1,1,24935,12059,10158,9917,18861,1,3734,15538,23698,8004,1,11390,18762,24473,1.0,3:28,2015,2016
2015-16,203148,Brian Roberts,Brian,1610612766,CHA,Charlotte Hornets,21500789,2016-02-10T00:00:00,CHA @ IND,W,1.6,0.0,0.0,0.0,4.0,0.0,2.0,1.0,4.0,0.0,0.0,1.0,1.0,5.5,1,1,1,1,25647,12059,10158,9917,8599,1,3734,3646,23698,8004,1,4972,12373,22196,1.0,1:37,2015,2016
2015-16,203508,Sergey Karasev,Sergey,1610612751,BKN,Brooklyn Nets,21500793,2016-02-10T00:00:00,BKN vs. MEM,L,11.7,0.0,0.0,0.0,0.0,0.0,6.0,0.0,10.0,0.0,0.0,0.0,0.0,1.5,1,13074,13074,13074,21724,12059,10158,9917,18861,1,13237,1,20209,8004,1,1,18762,24473,1.0,11:42,2015,2016
2015-16,201956,Omri Casspi,Omri,1610612758,SAC,Sacramento Kings,21500791,2016-02-10T00:00:00,SAC @ PHI,W,19.6,2.0,0.0,0.0,2.0,4.0,13.0,4.0,22.0,0.0,2.0,2.0,0.0,11.0,1,1,1,1,16263,6026,10158,9917,12984,6141,23668,8806,10265,8004,23588,11390,18762,18430,1.0,19:34,2015,2016
2015-16,203894,Shabazz Napier,Shabazz,1610612753,ORL,Orlando Magic,21500790,2016-02-10T00:00:00,ORL vs. SAS,L,6.2,0.0,0.0,0.0,0.0,2.0,0.0,0.0,4.0,0.0,1.0,0.0,0.0,1.5,1,13074,13074,13074,23888,12059,10158,9917,18861,2619,1,1,23698,8004,17214,1,18762,24473,1.0,6:10,2015,2016
2015-16,203492,Ray McCallum,Ray,1610612759,SAS,San Antonio Spurs,21500790,2016-02-10T00:00:00,SAS @ ORL,W,17.5,0.0,0.0,0.0,0.0,6.0,4.0,2.0,10.0,0.0,0.0,1.0,1.0,10.5,1,1,1,1,17904,12059,10158,9917,18861,10028,8458,4025,20209,8004,1,4972,12373,18808,1.0,17:29,2015,2016
2015-16,201946,Tyler Hansbrough,Tyler,1610612766,CHA,Charlotte Hornets,21500789,2016-02-10T00:00:00,CHA @ IND,W,1.6,0.0,0.0,0.0,2.0,0.0,2.0,1.0,4.0,0.0,0.0,0.0,0.0,2.0,1,1,1,1,25647,12059,10158,9917,12984,1,3734,3646,23698,8004,1,1,18762,24216,1.0,1:37,2015,2016
2015-16,203486,Mason Plumlee,Mason,1610612757,POR,Portland Trail Blazers,21500800,2016-02-10T00:00:00,POR vs. HOU,W,16.3,0.0,4.0,2.0,6.0,8.0,4.0,4.0,18.0,0.0,1.0,4.0,1.0,12.8,1,1,1,1,18843,12059,1596,4675,5299,13914,8458,8806,13577,8004,17214,22104,12373,17129,1.0,16:16,2015,2016
2015-16,203473,Dewayne Dedmon,Dewayne,1610612753,ORL,Orlando Magic,21500790,2016-02-10T00:00:00,ORL vs. SAS,L,10.6,0.0,2.0,0.0,2.0,7.0,2.0,3.0,6.0,1.0,1.0,0.0,0.0,17.8,1,13074,13074,13074,22196,12059,4731,9917,12984,12242,3734,7328,22724,2692,17214,1,18762,13309,1.0,10:36,2015,2016
2015-16,2738,Andre Iguodala,Andre,1610612744,GSW,Golden State Warriors,21500799,2016-02-10T00:00:00,GSW @ PHX,W,20.5,0.0,0.0,0.0,2.0,5.0,10.0,2.0,12.0,0.0,0.0,0.0,0.0,7.9,1,1,1,1,15477,12059,10158,9917,12984,8403,20509,4025,18637,8004,1,1,18762,20646,1.0,20:30,2015,2016
2015-16,1626161,Willie Cauley-Stein,Willie,1610612758,SAC,Sacramento Kings,21500791,2016-02-10T00:00:00,SAC @ PHI,W,17.3,0.0,0.0,0.0,2.0,6.0,7.0,9.0,24.0,0.0,1.0,0.0,1.0,8.1,1,1,1,1,18084,12059,10158,9917,12984,10028,15642,18829,8723,8004,17214,1,12373,20521,1.0,17:15,2015,2016
2015-16,201575,Brandon Rush,Brandon,1610612744,GSW,Golden State Warriors,21500799,2016-02-10T00:00:00,GSW @ PHX,W,15.6,0.0,0.0,2.0,0.0,0.0,8.0,9.0,22.0,0.0,0.0,1.0,3.0,12.5,1,1,1,1,19322,12059,10158,4675,18861,1,17345,18829,10265,8004,1,4972,4736,17372,1.0,15:38,2015,2016
2015-16,201582,Alexis Ajinca,Alexis,1610612740,NOP,New Orleans Pelicans,21500798,2016-02-10T00:00:00,NOP vs. UTA,W,20.9,2.0,2.0,0.0,4.0,4.0,4.0,4.0,12.0,0.0,0.0,5.0,4.0,21.2,1,1,1,1,15140,6026,4731,9917,8599,6141,8458,8806,18637,8004,1,24686,2748,10936,1.0,20:54,2015,2016
2015-16,1713,Vince Carter,Vince,1610612763,MEM,Memphis Grizzlies,21500793,2016-02-10T00:00:00,MEM @ BKN,W,20.9,2.0,2.0,0.0,4.0,9.0,2.0,2.0,6.0,0.0,0.0,0.0,1.0,18.6,1,1,1,1,15178,6026,4731,9917,8599,15771,3734,4025,22724,8004,1,1,12373,12715,1.0,20:52,2015,2016
2015-16,203092,Tyler Zeller,Tyler,1610612738,BOS,Boston Celtics,21500792,2016-02-10T00:00:00,BOS vs. LAC,W,5.6,0.0,0.0,0.0,0.0,3.0,0.0,2.0,4.0,0.0,0.0,0.0,1.0,2.2,1,1,1,1,24146,12059,10158,9917,18861,5109,1,4025,23698,8004,1,1,12373,24138,1.0,5:34,2015,2016
2015-16,201588,George Hill,George,1610612754,IND,Indiana Pacers,21500789,2016-02-10T00:00:00,IND vs. CHA,L,32.2,4.0,3.0,2.0,4.0,13.0,3.0,11.0,36.0,1.0,1.0,2.0,2.0,21.4,1,13074,13074,13074,5716,2460,3104,4675,8599,21300,7138,21342,1943,2692,17214,11390,7786,10807,1.0,32:12,2015,2016
2015-16,204456,T.J. McConnell,T.J.,1610612755,PHI,Philadelphia 76ers,21500791,2016-02-10T00:00:00,PHI vs. SAC,L,17.5,0.0,0.0,0.0,0.0,8.0,5.0,3.0,24.0,0.0,0.0,1.0,0.0,16.5,1,13074,13074,13074,17927,12059,10158,9917,18861,13914,11469,7328,8723,8004,1,4972,18762,14224,1.0,17:28,2015,2016
2015-16,2571,Leandro Barbosa,Leandro,1610612744,GSW,Golden State Warriors,21500799,2016-02-10T00:00:00,GSW @ PHX,W,15.1,0.0,0.0,2.0,10.0,1.0,6.0,4.0,10.0,1.0,1.0,4.0,1.0,16.2,1,1,1,1,19706,12059,10158,4675,1840,2356,13237,8806,20209,2692,17214,22104,12373,14436,1.0,15:04,2015,2016
2015-16,101107,Marvin Williams,Marvin,1610612766,CHA,Charlotte Hornets,21500789,2016-02-10T00:00:00,CHA @ IND,W,18.1,0.0,0.0,0.0,2.0,4.0,10.0,0.0,16.0,1.0,0.0,2.0,0.0,12.5,1,1,1,1,17465,12059,10158,9917,12984,6141,20509,1,15259,2692,1,11390,18762,17372,1.0,18:04,2015,2016
2015-16,1626202,Joe Young,Joe,1610612754,IND,Indiana Pacers,21500789,2016-02-10T00:00:00,IND vs. CHA,L,9.0,0.0,0.0,1.0,0.0,2.0,0.0,2.0,10.0,0.0,0.0,1.0,1.0,3.0,1,13074,13074,13074,22857,12059,10158,9347,18861,2619,1,4025,20209,8004,1,4972,12373,23648,1.0,8:57,2015,2016
2015-16,2754,Tony Allen,Tony,1610612763,MEM,Memphis Grizzlies,21500793,2016-02-10T00:00:00,MEM @ BKN,W,20.4,4.0,0.0,4.0,4.0,1.0,2.0,4.0,20.0,0.0,0.0,1.0,0.0,21.2,1,1,1,1,15577,2460,10158,1913,8599,2356,3734,8806,11929,8004,1,4972,18762,10936,1.0,20:23,2015,2016
2015-16,203138,Hollis Thompson,Hollis,1610612755,PHI,Philadelphia 76ers,21500791,2016-02-10T00:00:00,PHI vs. SAC,L,23.0,0.0,0.0,2.0,4.0,12.0,11.0,7.0,30.0,0.0,0.0,0.0,1.0,16.6,1,13074,13074,13074,13347,12059,10158,4675,8599,20178,21814,15538,4541,8004,1,1,12373,14125,1.0,23:02,2015,2016
2015-16,1891,Jason Terry,Jason,1610612745,HOU,Houston Rockets,21500800,2016-02-10T00:00:00,HOU @ POR,L,17.1,0.0,3.0,0.0,2.0,6.0,4.0,4.0,10.0,0.0,0.0,0.0,0.0,8.0,1,13074,13074,13074,18221,12059,3104,9917,12984,10028,8458,8806,20209,8004,1,1,18762,20564,1.0,17:04,2015,2016
2015-16,203946,Cameron Bairstow,Cameron,1610612741,CHI,Chicago Bulls,21500796,2016-02-10T00:00:00,CHI vs. ATL,L,14.2,0.0,0.0,0.0,0.0,8.0,4.0,7.0,12.0,0.0,1.0,1.0,0.0,8.1,1,13074,13074,13074,20269,12059,10158,9917,18861,13914,8458,15538,18637,8004,17214,4972,18762,20521,1.0,14:13,2015,2016
2015-16,2760,Anderson Varejao,Anderson,1610612739,CLE,Cleveland Cavaliers,21500795,2016-02-10T00:00:00,CLE vs. LAL,W,18.6,2.0,4.0,0.0,4.0,7.0,2.0,5.0,16.0,0.0,0.0,4.0,1.0,13.2,1,1,1,1,17038,6026,1596,9917,8599,12242,3734,11593,15259,8004,1,22104,12373,16768,1.0,18:35,2015,2016
2015-16,1626172,Kevon Looney,Kevon,1610612744,GSW,Golden State Warriors,21500799,2016-02-10T00:00:00,GSW @ PHX,W,2.2,0.0,0.0,0.0,0.0,0.0,0.0,6.0,4.0,0.0,0.0,0.0,0.0,3.0,1,1,1,1,25449,12059,10158,9917,18861,1,1,13388,23698,8004,1,1,18762,23648,1.0,2:12,2015,2016
2015-16,202087,Alonzo Gee,Alonzo,1610612740,NOP,New Orleans Pelicans,21500798,2016-02-10T00:00:00,NOP vs. UTA,W,20.0,2.0,0.0,2.0,2.0,4.0,4.0,4.0,14.0,0.0,0.0,2.0,0.0,8.2,1,1,1,1,15897,6026,10158,4675,12984,6141,8458,8806,17019,8004,1,11390,18762,20416,1.0,20:01,2015,2016
2015-16,203094,Andrew Nicholson,Andrew,1610612753,ORL,Orlando Magic,21500790,2016-02-10T00:00:00,ORL vs. SAS,L,17.9,0.0,0.0,0.0,0.0,9.0,4.0,5.0,18.0,2.0,0.0,2.0,0.0,13.1,1,13074,13074,13074,17579,12059,10158,9917,18861,15771,8458,11593,13577,932,1,11390,18762,16874,1.0,17:55,2015,2016
2015-16,203526,Raul Neto,Raul,1610612762,UTA,Utah Jazz,21500798,2016-02-10T00:00:00,UTA @ NOP,L,33.2,0.0,0.0,0.0,6.0,6.0,4.0,4.0,24.0,0.0,1.0,3.0,0.0,20.9,1,13074,13074,13074,4959,12059,10158,9917,5299,10028,8458,8806,8723,8004,17214,17641,18762,11132,1.0,33:13,2015,2016
2015-16,203922,Glenn Robinson III,Glenn,1610612754,IND,Indiana Pacers,21500789,2016-02-10T00:00:00,IND vs. CHA,L,15.2,0.0,0.0,0.0,2.0,7.0,5.0,7.0,14.0,1.0,3.0,1.0,0.0,8.2,1,13074,13074,13074,19618,12059,10158,9917,12984,12242,11469,15538,17019,2692,25441,4972,18762,20416,1.0,15:12,2015,2016
2015-16,202388,Donald Sloan,Donald,1610612751,BKN,Brooklyn Nets,21500793,2016-02-10T00:00:00,BKN vs. MEM,L,23.6,2.0,0.0,2.0,4.0,12.0,5.0,6.0,26.0,0.0,0.0,2.0,3.0,21.4,1,13074,13074,13074,12870,6026,10158,4675,8599,20178,11469,13388,7214,8004,1,11390,4736,10807,1.0,23:38,2015,2016
2015-16,201961,Wayne Ellington,Wayne,1610612751,BKN,Brooklyn Nets,21500793,2016-02-10T00:00:00,BKN vs. MEM,L,24.7,1.0,0.0,0.0,2.0,15.0,7.0,6.0,28.0,0.0,0.0,0.0,2.0,20.9,1,13074,13074,13074,11970,11535,10158,9917,12984,23079,15642,13388,5824,8004,1,1,7786,11132,1.0,24:39,2015,2016
2015-16,203991,Clint Capela,Clint,1610612745,HOU,Houston Rockets,21500800,2016-02-10T00:00:00,HOU @ POR,L,16.6,0.0,0.0,0.0,0.0,14.0,0.0,8.0,12.0,0.0,1.0,2.0,3.0,13.0,1,13074,13074,13074,18558,12059,10158,9917,18861,22292,1,17194,18637,8004,17214,11390,4736,16969,1.0,16:37,2015,2016
2015-16,202357,Nemanja Bjelica,Nemanja,1610612750,MIN,Minnesota Timberwolves,21500797,2016-02-10T00:00:00,MIN vs. TOR,W,12.1,0.0,0.0,0.0,0.0,4.0,5.0,4.0,12.0,0.0,0.0,1.0,0.0,2.9,1,1,1,1,21495,12059,10158,9917,18861,6141,11469,8806,18637,8004,1,4972,18762,23852,1.0,12:04,2015,2016
2015-16,201962,Toney Douglas,Toney,1610612740,NOP,New Orleans Pelicans,21500798,2016-02-10T00:00:00,NOP vs. UTA,W,21.7,0.0,0.0,0.0,0.0,4.0,3.0,4.0,14.0,0.0,1.0,1.0,1.0,18.2,1,1,1,1,14396,12059,10158,9917,18861,6141,7138,8806,17019,8004,17214,4972,12373,13004,1.0,21:45,2015,2016
2015-16,203082,Terrence Ross,Terrence,1610612761,TOR,Toronto Raptors,21500797,2016-02-10T00:00:00,TOR @ MIN,L,26.7,0.0,0.0,2.0,2.0,4.0,15.0,7.0,24.0,0.0,0.0,5.0,0.0,16.6,1,13074,13074,13074,10297,12059,10158,4675,12984,6141,24781,15538,8723,8004,1,24686,18762,14125,1.0,26:41,2015,2016
2015-16,204028,Tarik Black,Tarik,1610612747,LAL,Los Angeles Lakers,21500795,2016-02-10T00:00:00,LAL @ CLE,L,17.8,2.0,0.0,0.0,4.0,2.0,2.0,0.0,10.0,1.0,0.0,4.0,0.0,16.0,1,13074,13074,13074,17694,6026,10158,9917,8599,2619,3734,1,20209,2692,1,22104,18762,14590,1.0,17:46,2015,2016
2015-16,2399,Mike Dunleavy,Mike,1610612741,CHI,Chicago Bulls,21500796,2016-02-10T00:00:00,CHI vs. ATL,L,11.1,0.0,0.0,0.0,0.0,4.0,5.0,2.0,6.0,0.0,1.0,4.0,1.0,7.7,1,13074,13074,13074,21972,12059,10158,9917,18861,6141,11469,4025,22724,8004,17214,22104,12373,20733,1.0,11:08,2015,2016
2015-16,203143,Pablo Prigioni,Pablo,1610612746,LAC,LA Clippers,21500792,2016-02-10T00:00:00,LAC @ BOS,L,5.4,0.0,0.0,0.0,0.0,2.0,0.0,4.0,6.0,0.0,0.0,0.0,0.0,2.4,1,13074,13074,13074,24223,12059,10158,9917,18861,2619,1,8806,22724,8004,1,1,18762,24024,1.0,5:22,2015,2016
2015-16,203110,Draymond Green,Draymond,1610612744,GSW,Golden State Warriors,21500799,2016-02-10T00:00:00,GSW @ PHX,W,28.4,5.0,0.0,2.0,0.0,4.0,8.0,8.0,28.0,0.0,1.0,3.0,6.0,20.7,1,1,1,1,8969,1603,10158,4675,18861,6141,17345,17194,5824,8004,17214,17641,873,11252,1.0,28:21,2015,2016
2015-16,203506,Victor Oladipo,Victor,1610612753,ORL,Orlando Magic,21500790,2016-02-10T00:00:00,ORL vs. SAS,L,39.6,2.0,2.0,2.0,4.0,14.0,15.0,2.0,24.0,0.0,1.0,1.0,2.0,21.1,1,13074,13074,13074,843,6026,4731,4675,8599,22292,24781,4025,8723,8004,17214,4972,7786,11012,1.0,39:37,2015,2016
2015-16,202714,Shelvin Mack,Shelvin,1610612737,ATL,Atlanta Hawks,21500796,2016-02-10T00:00:00,ATL @ CHI,W,2.4,0.0,0.0,0.0,0.0,0.0,0.0,0.0,0.0,0.0,0.0,0.0,0.0,4.5,1,1,1,1,25388,12059,10158,9917,18861,1,1,1,25429,8004,1,1,18762,22773,1.0,2:22,2015,2016
2015-16,2590,Mo Williams,Mo,1610612739,CLE,Cleveland Cavaliers,21500795,2016-02-10T00:00:00,CLE vs. LAL,W,8.9,0.0,0.0,0.0,0.0,1.0,0.0,1.0,2.0,0.0,1.0,0.0,0.0,0.0,1,1,1,1,22870,12059,10158,9917,18861,2356,1,3646,24614,8004,17214,1,18762,25170,1.0,8:55,2015,2016
2015-16,1626153,Delon Wright,Delon,1610612761,TOR,Toronto Raptors,21500797,2016-02-10T00:00:00,TOR @ MIN,L,3.1,0.0,0.0,0.0,0.0,0.0,4.0,2.0,6.0,0.0,0.0,1.0,0.0,0.0,1,13074,13074,13074,25082,12059,10158,9917,18861,1,8458,4025,22724,8004,1,4972,18762,25170,1.0,3:07,2015,2016
2015-16,203200,Justin Holiday,Justin,1610612737,ATL,Atlanta Hawks,21500796,2016-02-10T00:00:00,ATL @ CHI,W,2.4,2.0,0.0,2.0,2.0,0.0,0.0,0.0,0.0,0.0,0.0,0.0,0.0,3.2,1,1,1,1,25388,6026,10158,4675,12984,1,1,1,25429,8004,1,1,18762,23473,1.0,2:22,2015,2016
2015-16,204025,Tim Frazier,Tim,1610612757,POR,Portland Trail Blazers,21500800,2016-02-10T00:00:00,POR vs. HOU,W,0.9,0.0,0.0,0.0,0.0,0.0,0.0,0.0,0.0,0.0,0.0,0.0,0.0,0.0,1,1,1,1,25886,12059,10158,9917,18861,1,1,1,25429,8004,1,1,18762,25170,1.0,0:55,2015,2016
2015-16,2746,Josh Smith,Josh,1610612745,HOU,Houston Rockets,21500800,2016-02-10T00:00:00,HOU @ POR,L,6.0,0.0,0.0,0.0,0.0,7.0,2.0,3.0,6.0,1.0,0.0,0.0,0.0,3.2,1,13074,13074,13074,23950,12059,10158,9917,18861,12242,3734,7328,22724,2692,1,1,18762,23473,1.0,6:02,2015,2016
2015-16,202341,James Anderson,James,1610612758,SAC,Sacramento Kings,21500791,2016-02-10T00:00:00,SAC @ PHI,W,4.9,0.0,0.0,0.0,0.0,0.0,0.0,6.0,0.0,0.0,0.0,0.0,0.0,4.2,1,1,1,1,24411,12059,10158,9917,18861,1,1,13388,25429,8004,1,1,18762,22976,1.0,4:52,2015,2016
2015-16,203584,Troy Daniels,Troy,1610612766,CHA,Charlotte Hornets,21500789,2016-02-10T00:00:00,CHA @ IND,W,1.6,0.0,0.0,0.0,0.0,0.0,2.0,1.0,4.0,0.0,0.0,0.0,0.0,3.5,1,1,1,1,25647,12059,10158,9917,18861,1,3734,3646,23698,8004,1,1,18762,23351,1.0,1:37,2015,2016
2015-16,1626246,Boban Marjanović,Boban,1610612759,SAS,San Antonio Spurs,21500790,2016-02-10T00:00:00,SAS @ ORL,W,3.1,0.0,0.0,0.0,0.0,0.0,4.0,0.0,4.0,0.0,0.0,0.0,0.0,0.0,1,1,1,1,25102,12059,10158,9917,18861,1,8458,1,23698,8004,1,1,18762,25170,1.0,3:04,2015,2016
2015-16,201601,Luc Mbah a Moute,Luc,1610612746,LAC,LA Clippers,21500792,2016-02-10T00:00:00,LAC @ BOS,L,15.8,0.0,0.0,0.0,0.0,7.0,6.0,6.0,16.0,0.0,1.0,2.0,0.0,4.7,1,13074,13074,13074,19160,12059,10158,9917,18861,12242,13237,13388,15259,8004,17214,11390,18762,22672,1.0,15:50,2015,2016
2015-16,2550,Kirk Hinrich,Kirk,1610612741,CHI,Chicago Bulls,21500796,2016-02-10T00:00:00,CHI vs. ATL,L,10.4,0.0,0.0,0.0,0.0,7.0,9.0,2.0,12.0,0.0,0.0,1.0,3.0,4.0,1,13074,13074,13074,22259,12059,10158,9917,18861,12242,19144,4025,18637,8004,1,4972,4736,23142,1.0,10:26,2015,2016
2015-16,2440,Matt Barnes,Matt,1610612763,MEM,Memphis Grizzlies,21500793,2016-02-10T00:00:00,MEM @ BKN,W,14.1,0.0,0.0,0.0,0.0,2.0,4.0,2.0,10.0,0.0,0.0,1.0,0.0,4.2,1,1,1,1,20346,12059,10158,9917,18861,2619,8458,4025,20209,8004,1,4972,18762,22976,1.0,14:06,2015,2016
2015-16,203613,Jonathon Simmons,Jonathon,1610612759,SAS,San Antonio Spurs,21500790,2016-02-10T00:00:00,SAS @ ORL,W,16.5,0.0,0.0,0.0,0.0,4.0,8.0,2.0,20.0,0.0,0.0,3.0,2.0,-1.0,1,1,1,1,18675,12059,10158,9917,18861,6141,17345,4025,11929,8004,1,17641,7786,25932,1.0,16:28,2015,2016
2015-16,201978,Chase Budinger,Chase,1610612754,IND,Indiana Pacers,21500789,2016-02-10T00:00:00,IND vs. CHA,L,8.0,0.0,2.0,0.0,4.0,4.0,0.0,2.0,10.0,0.0,0.0,1.0,1.0,9.4,1,13074,13074,13074,23174,12059,4731,9917,8599,6141,1,4025,20209,8004,1,4972,12373,19568,1.0,8:01,2015,2016
2015-16,1626168,Trey Lyles,Trey,1610612762,UTA,Utah Jazz,21500798,2016-02-10T00:00:00,UTA @ NOP,L,3.5,0.0,0.0,0.0,0.0,0.0,0.0,3.0,4.0,0.0,0.0,1.0,0.0,0.0,1,13074,13074,13074,24932,12059,10158,9917,18861,1,1,7328,23698,8004,1,4972,18762,25170,1.0,3:29,2015,2016
2015-16,203099,Jared Cunningham,Jared,1610612739,CLE,Cleveland Cavaliers,21500795,2016-02-10T00:00:00,CLE vs. LAL,W,0.6,0.0,0.0,0.0,0.0,0.0,0.0,0.0,2.0,0.0,0.0,0.0,0.0,0.0,1,1,1,1,25951,12059,10158,9917,18861,1,1,1,24614,8004,1,1,18762,25170,1.0,0:37,2015,2016
2015-16,203503,Tony Snell,Tony,1610612741,CHI,Chicago Bulls,21500796,2016-02-10T00:00:00,CHI vs. ATL,L,16.6,0.0,0.0,0.0,0.0,11.0,7.0,5.0,14.0,0.0,0.0,0.0,0.0,3.4,1,13074,13074,13074,18576,12059,10158,9917,18861,18886,15642,11593,17019,8004,1,1,18762,23417,1.0,16:36,2015,2016
2015-16,203475,Erick Green,Erick,1610612762,UTA,Utah Jazz,21500798,2016-02-10T00:00:00,UTA @ NOP,L,4.2,2.0,0.0,2.0,0.0,0.0,2.0,3.0,4.0,0.0,0.0,0.0,2.0,9.2,1,13074,13074,13074,24635,6026,10158,4675,18861,1,3734,7328,23698,8004,1,1,7786,19680,1.0,4:13,2015,2016
2015-16,203546,Ian Clark,Ian,1610612744,GSW,Golden State Warriors,21500799,2016-02-10T00:00:00,GSW @ PHX,W,3.8,0.0,0.0,0.0,0.0,0.0,0.0,6.0,6.0,0.0,0.0,0.0,0.0,4.7,1,1,1,1,24784,12059,10158,9917,18861,1,1,13388,22724,8004,1,1,18762,22672,1.0,3:49,2015,2016
2015-16,2446,Rasual Butler,Rasual,1610612759,SAS,San Antonio Spurs,21500790,2016-02-10T00:00:00,SAS @ ORL,W,5.6,0.0,0.0,0.0,0.0,0.0,3.0,0.0,4.0,1.0,0.0,0.0,0.0,4.2,1,1,1,1,24125,12059,10158,9917,18861,1,7138,1,23698,2692,1,1,18762,22976,1.0,5:38,2015,2016
2015-16,201158,Marco Belinelli,Marco,1610612758,SAC,Sacramento Kings,21500791,2016-02-10T00:00:00,SAC @ PHI,W,23.4,2.0,0.0,0.0,0.0,8.0,9.0,4.0,26.0,0.0,0.0,0.0,1.0,8.9,1,1,1,1,13038,6026,10158,9917,18861,13914,19144,8806,7214,8004,1,1,12373,19914,1.0,23:24,2015,2016
2015-16,203940,Adreian Payne,Adreian,1610612750,MIN,Minnesota Timberwolves,21500797,2016-02-10T00:00:00,MIN vs. TOR,W,7.5,0.0,0.0,0.0,2.0,0.0,0.0,2.0,4.0,0.0,1.0,0.0,1.0,4.4,1,1,1,1,23379,12059,10158,9917,12984,1,1,4025,23698,8004,17214,1,12373,22837,1.0,7:32,2015,2016
2015-16,2564,Boris Diaw,Boris,1610612759,SAS,San Antonio Spurs,21500790,2016-02-10T00:00:00,SAS @ ORL,W,17.7,0.0,0.0,0.0,2.0,4.0,6.0,4.0,20.0,0.0,2.0,0.0,0.0,9.6,1,1,1,1,17765,12059,10158,9917,12984,6141,13237,8806,11929,8004,23588,1,18762,19434,1.0,17:41,2015,2016
2015-16,1626149,Montrezl Harrell,Montrezl,1610612745,HOU,Houston Rockets,21500800,2016-02-10T00:00:00,HOU @ POR,L,5.7,2.0,0.0,0.0,2.0,2.0,0.0,0.0,2.0,1.0,0.0,0.0,1.0,9.2,1,13074,13074,13074,24118,6026,10158,9917,12984,2619,1,1,24614,2692,1,1,12373,19680,1.0,5:39,2015,2016
2015-16,203934,Lamar Patterson,Lamar,1610612737,ATL,Atlanta Hawks,21500796,2016-02-10T00:00:00,ATL @ CHI,W,2.4,0.0,0.0,0.0,0.0,0.0,0.0,0.0,0.0,0.0,0.0,0.0,0.0,4.5,1,1,1,1,25388,12059,10158,9917,18861,1,1,1,25429,8004,1,1,18762,22773,1.0,2:22,2015,2016
2015-16,1626191,Chris McCullough,Chris,1610612751,BKN,Brooklyn Nets,21500793,2016-02-10T00:00:00,BKN vs. MEM,L,14.0,0.0,0.0,0.0,0.0,7.0,6.0,3.0,16.0,0.0,0.0,3.0,0.0,4.2,1,13074,13074,13074,20413,12059,10158,9917,18861,12242,13237,7328,15259,8004,1,17641,18762,22976,1.0,13:59,2015,2016
2015-16,2207,Joe Johnson,Joe,1610612751,BKN,Brooklyn Nets,21500793,2016-02-10T00:00:00,BKN vs. MEM,L,22.7,0.0,0.0,0.0,0.0,12.0,5.0,6.0,24.0,0.0,0.0,1.0,0.0,-0.1,1,13074,13074,13074,13640,12059,10158,9917,18861,20178,11469,13388,8723,8004,1,4972,18762,25907,1.0,22:40,2015,2016
2015-16,1626192,Pat Connaughton,Pat,1610612757,POR,Portland Trail Blazers,21500800,2016-02-10T00:00:00,POR vs. HOU,W,0.9,0.0,0.0,0.0,0.0,0.0,0.0,0.0,0.0,0.0,0.0,0.0,0.0,0.0,1,1,1,1,25886,12059,10158,9917,18861,1,1,1,25429,8004,1,1,18762,25170,1.0,0:55,2015,2016
2015-16,2581,Steve Blake,Steve,1610612765,DET,Detroit Pistons,21500794,2016-02-10T00:00:00,DET vs. DEN,L,18.7,3.0,0.0,0.0,0.0,6.0,4.0,4.0,22.0,0.0,0.0,3.0,2.0,5.0,1,13074,13074,13074,16960,4307,10158,9917,18861,10028,8458,8806,10265,8004,1,17641,7786,22500,1.0,18:41,2015,2016
2015-16,203512,Lucas Nogueira,Lucas,1610612761,TOR,Toronto Raptors,21500797,2016-02-10T00:00:00,TOR @ MIN,L,4.0,0.0,0.0,0.0,2.0,0.0,4.0,2.0,6.0,0.0,0.0,0.0,0.0,3.2,1,13074,13074,13074,24694,12059,10158,9917,12984,1,8458,4025,22724,8004,1,1,18762,23473,1.0,4:02,2015,2016
2015-16,201941,Jordan Hill,Jordan,1610612754,IND,Indiana Pacers,21500789,2016-02-10T00:00:00,IND vs. CHA,L,8.3,0.0,0.0,0.0,4.0,4.0,0.0,7.0,8.0,0.0,0.0,0.0,1.0,8.6,1,13074,13074,13074,23083,12059,10158,9917,8599,6141,1,15538,21543,8004,1,1,12373,20125,1.0,8:19,2015,2016
2015-16,101161,Amir Johnson,Amir,1610612738,BOS,Boston Celtics,21500792,2016-02-10T00:00:00,BOS vs. LAC,W,12.8,0.0,0.0,0.0,0.0,6.0,2.0,2.0,2.0,0.0,1.0,0.0,0.0,-0.5,1,1,1,1,21101,12059,10158,9917,18861,10028,3734,4025,24614,8004,17214,1,18762,25908,1.0,12:46,2015,2016
2015-16,203798,PJ Hairston,PJ,1610612766,CHA,Charlotte Hornets,21500789,2016-02-10T00:00:00,CHA @ IND,W,1.6,0.0,0.0,0.0,0.0,0.0,2.0,1.0,4.0,0.0,0.0,0.0,0.0,0.0,1,1,1,1,25647,12059,10158,9917,18861,1,3734,3646,23698,8004,1,1,18762,25170,1.0,1:37,2015,2016
2015-16,2210,Richard Jefferson,Richard,1610612739,CLE,Cleveland Cavaliers,21500795,2016-02-10T00:00:00,CLE vs. LAL,W,15.4,0.0,0.0,0.0,0.0,5.0,3.0,3.0,12.0,0.0,0.0,0.0,0.0,7.2,1,1,1,1,19485,12059,10158,9917,18861,8403,7138,7328,18637,8004,1,1,18762,21035,1.0,15:23,2015,2016
2015-16,204060,Joe Ingles,Joe,1610612762,UTA,Utah Jazz,21500798,2016-02-10T00:00:00,UTA @ NOP,L,10.6,0.0,0.0,0.0,0.0,4.0,6.0,3.0,8.0,0.0,0.0,2.0,0.0,0.5,1,13074,13074,13074,22185,12059,10158,9917,18861,6141,13237,7328,21543,8004,1,11390,18762,25056,1.0,10:38,2015,2016
2015-16,201965,Jeff Ayres,Jeff,1610612746,LAC,LA Clippers,21500792,2016-02-10T00:00:00,LAC @ BOS,L,2.2,0.0,2.0,2.0,4.0,0.0,0.0,0.0,2.0,0.0,0.0,1.0,0.0,5.2,1,13074,13074,13074,25462,12059,4731,4675,8599,1,1,1,24614,8004,1,4972,18762,22370,1.0,2:10,2015,2016
2015-16,1626245,Cristiano Felicio,Cristiano,1610612741,CHI,Chicago Bulls,21500796,2016-02-10T00:00:00,CHI vs. ATL,L,3.8,0.0,0.0,0.0,0.0,4.0,0.0,2.0,4.0,0.0,0.0,0.0,0.0,0.5,1,13074,13074,13074,24775,12059,10158,9917,18861,6141,1,4025,23698,8004,1,1,18762,25056,1.0,3:50,2015,2016
2015-16,1889,Andre Miller,Andre,1610612750,MIN,Minnesota Timberwolves,21500797,2016-02-10T00:00:00,MIN vs. TOR,W,10.8,0.0,0.0,0.0,0.0,0.0,5.0,2.0,10.0,0.0,0.0,0.0,0.0,3.9,1,1,1,1,22117,12059,10158,9917,18861,1,11469,4025,20209,8004,1,1,18762,23225,1.0,10:48,2015,2016
2015-16,204060,Joe Ingles,Joe,1610612762,UTA,Utah Jazz,21500787,2016-02-09T00:00:00,UTA @ DAL,W,18.4,0.0,0.0,3.0,0.0,8.0,0.0,12.0,14.0,0.0,0.0,1.0,1.0,5.2,1,1,1,1,17158,12059,10158,3302,18861,13914,1,22259,17019,8004,1,4972,12373,22370,1.0,18:26,2015,2016
2015-16,1626147,Justin Anderson,Justin,1610612742,DAL,Dallas Mavericks,21500787,2016-02-09T00:00:00,DAL vs. UTA,L,10.0,3.0,0.0,0.0,0.0,2.0,2.0,0.0,12.0,0.0,0.0,1.0,0.0,7.2,1,13074,13074,13074,22446,4307,10158,9917,18861,2619,3734,1,18637,8004,1,4972,18762,21035,1.0,9:60,2015,2016
2015-16,203950,Jarnell Stokes,Jarnell,1610612748,MIA,Miami Heat,21500784,2016-02-09T00:00:00,MIA vs. SAS,L,2.9,0.0,0.0,1.0,0.0,0.0,0.0,0.0,0.0,0.0,0.0,1.0,1.0,4.0,1,13074,13074,13074,25163,12059,10158,9347,18861,1,1,1,25429,8004,1,4972,12373,23142,1.0,2:54,2015,2016
2015-16,201564,O.J. Mayo,O.J.,1610612749,MIL,Milwaukee Bucks,21500786,2016-02-09T00:00:00,MIL vs. BOS,W,18.5,0.0,0.0,0.0,0.0,9.0,6.0,2.0,16.0,0.0,0.0,4.0,1.0,9.2,1,1,1,1,17099,12059,10158,9917,18861,15771,13237,4025,15259,8004,1,22104,12373,19680,1.0,18:29,2015,2016
2015-16,202066,Garrett Temple,Garrett,1610612764,WAS,Washington Wizards,21500785,2016-02-09T00:00:00,WAS @ NYK,W,32.0,0.0,0.0,2.0,2.0,8.0,4.0,8.0,14.0,0.0,0.0,4.0,1.0,6.7,1,1,1,1,5881,12059,10158,4675,12984,13914,8458,17194,17019,8004,1,22104,12373,21376,1.0,32:00,2015,2016
2015-16,203492,Ray McCallum,Ray,1610612759,SAS,San Antonio Spurs,21500784,2016-02-09T00:00:00,SAS @ MIA,W,4.6,0.0,0.0,0.0,0.0,2.0,0.0,3.0,8.0,0.0,0.0,0.0,0.0,0.0,1,1,1,1,24495,12059,10158,9917,18861,2619,1,7328,21543,8004,1,1,18762,25170,1.0,4:38,2015,2016
2015-16,203475,Erick Green,Erick,1610612762,UTA,Utah Jazz,21500787,2016-02-09T00:00:00,UTA @ DAL,W,12.2,0.0,0.0,0.0,2.0,7.0,2.0,4.0,14.0,0.0,0.0,2.0,0.0,5.2,1,1,1,1,21436,12059,10158,9917,12984,12242,3734,8806,17019,8004,1,11390,18762,22370,1.0,12:11,2015,2016
2015-16,1626149,Montrezl Harrell,Montrezl,1610612745,HOU,Houston Rockets,21500788,2016-02-09T00:00:00,HOU @ GSW,L,1.2,0.0,0.0,0.0,0.0,0.0,0.0,0.0,2.0,0.0,0.0,0.0,0.0,0.0,1,13074,13074,13074,25786,12059,10158,9917,18861,1,1,1,24614,8004,1,1,18762,25170,1.0,1:14,2015,2016
2015-16,2446,Rasual Butler,Rasual,1610612759,SAS,San Antonio Spurs,21500784,2016-02-09T00:00:00,SAS @ MIA,W,11.2,0.0,0.0,0.0,2.0,4.0,3.0,3.0,12.0,0.0,0.0,0.0,0.0,5.0,1,1,1,1,21925,12059,10158,9917,12984,6141,7138,7328,18637,8004,1,1,18762,22500,1.0,11:14,2015,2016
2015-16,1626173,Rashad Vaughn,Rashad,1610612749,MIL,Milwaukee Bucks,21500786,2016-02-09T00:00:00,MIL vs. BOS,W,13.7,0.0,0.0,0.0,0.0,5.0,0.0,5.0,12.0,0.0,0.0,0.0,0.0,5.4,1,1,1,1,20589,12059,10158,9917,18861,8403,1,11593,18637,8004,1,1,18762,22242,1.0,13:42,2015,2016
2015-16,203482,Kelly Olynyk,Kelly,1610612738,BOS,Boston Celtics,21500786,2016-02-09T00:00:00,BOS @ MIL,L,15.8,2.0,4.0,2.0,8.0,10.0,0.0,3.0,20.0,0.0,0.0,3.0,3.0,21.6,1,13074,13074,13074,19175,6026,1596,4675,3109,17370,1,7328,11929,8004,1,17641,4736,10666,1.0,15:50,2015,2016
2015-16,202738,Isaiah Thomas,Isaiah,1610612738,BOS,Boston Celtics,21500786,2016-02-09T00:00:00,BOS @ MIL,L,31.1,3.0,3.0,0.0,8.0,20.0,7.0,12.0,48.0,0.0,1.0,3.0,7.0,20.0,1,13074,13074,13074,6653,4307,3104,9917,3109,25338,15642,22259,192,8004,17214,17641,469,11752,1.0,31:05,2015,2016
2015-16,200826,J.J. Barea,J.J.,1610612742,DAL,Dallas Mavericks,21500787,2016-02-09T00:00:00,DAL vs. UTA,L,14.9,0.0,0.0,0.0,2.0,2.0,4.0,5.0,20.0,0.0,0.0,1.0,0.0,15.2,1,13074,13074,13074,19854,12059,10158,9917,12984,2619,8458,11593,11929,8004,1,4972,18762,15219,1.0,14:52,2015,2016
2015-16,2738,Andre Iguodala,Andre,1610612744,GSW,Golden State Warriors,21500788,2016-02-09T00:00:00,GSW vs. HOU,W,31.1,0.0,3.0,0.0,4.0,6.0,12.0,12.0,30.0,0.0,0.0,0.0,2.0,27.2,1,1,1,1,6656,12059,3104,9917,8599,10028,22832,22259,4541,8004,1,1,7786,7289,1.0,31:04,2015,2016
2015-16,202344,Trevor Booker,Trevor,1610612762,UTA,Utah Jazz,21500787,2016-02-09T00:00:00,UTA @ DAL,W,19.2,4.0,6.0,0.0,8.0,8.0,0.0,6.0,16.0,0.0,0.0,3.0,0.0,11.8,1,1,1,1,16539,2460,481,9917,3109,13914,1,13388,15259,8004,1,17641,18762,17832,1.0,19:11,2015,2016
2015-16,203497,Rudy Gobert,Rudy,1610612762,UTA,Utah Jazz,21500787,2016-02-09T00:00:00,UTA @ DAL,W,37.3,2.0,5.0,0.0,10.0,13.0,0.0,10.0,18.0,1.0,0.0,3.0,3.0,31.5,1,1,1,1,1908,6026,995,9917,1840,21300,1,20169,13577,2692,1,17641,4736,5180,1.0,37:16,2015,2016
2015-16,1626246,Boban Marjanović,Boban,1610612759,SAS,San Antonio Spurs,21500784,2016-02-09T00:00:00,SAS @ MIA,W,13.3,3.0,3.0,0.0,6.0,4.0,3.0,3.0,12.0,0.0,0.0,1.0,4.0,20.2,1,1,1,1,20838,4307,3104,9917,5299,6141,7138,7328,18637,8004,1,4972,2748,11610,1.0,13:15,2015,2016
2015-16,201167,Arron Afflalo,Arron,1610612752,NYK,New York Knicks,21500785,2016-02-09T00:00:00,NYK vs. WAS,L,38.3,0.0,0.0,0.0,2.0,17.0,2.0,21.0,28.0,0.0,0.0,3.0,3.0,12.4,1,13074,13074,13074,1372,12059,10158,9917,12984,24337,3734,25725,5824,8004,1,17641,4736,17418,1.0,38:18,2015,2016
2015-16,204038,Langston Galloway,Langston,1610612752,NYK,New York Knicks,21500785,2016-02-09T00:00:00,NYK vs. WAS,L,28.6,2.0,0.0,4.0,0.0,8.0,2.0,7.0,16.0,0.0,1.0,5.0,0.0,31.5,1,13074,13074,13074,8718,6026,10158,1913,18861,13914,3734,15538,15259,8004,17214,24686,18762,5180,1.0,28:37,2015,2016
2015-16,2405,Amar'e Stoudemire,Amar'e,1610612748,MIA,Miami Heat,21500784,2016-02-09T00:00:00,MIA vs. SAS,L,12.7,0.0,0.0,0.0,2.0,8.0,6.0,4.0,16.0,2.0,0.0,3.0,1.0,20.6,1,13074,13074,13074,21178,12059,10158,9917,12984,13914,13237,8806,15259,932,1,17641,12373,11314,1.0,12:39,2015,2016
2015-16,201976,Patrick Beverley,Patrick,1610612745,HOU,Houston Rockets,21500788,2016-02-09T00:00:00,HOU @ GSW,L,32.2,0.0,2.0,1.0,4.0,10.0,10.0,14.0,38.0,0.0,1.0,3.0,3.0,26.3,1,13074,13074,13074,5730,12059,4731,9347,8599,17370,20509,23710,1422,8004,17214,17641,4736,7733,1.0,32:11,2015,2016
2015-16,202355,Hassan Whiteside,Hassan,1610612748,MIA,Miami Heat,21500784,2016-02-09T00:00:00,MIA vs. SAS,L,25.2,2.0,0.0,0.0,10.0,11.0,14.0,4.0,28.0,2.0,0.0,4.0,3.0,26.2,1,13074,13074,13074,11509,6026,10158,9917,1840,18886,24300,8806,5824,932,1,22104,4736,7785,1.0,25:14,2015,2016
2015-16,101162,Marcin Gortat,Marcin,1610612764,WAS,Washington Wizards,21500785,2016-02-09T00:00:00,WAS @ NYK,W,27.7,0.0,2.0,4.0,12.0,8.0,8.0,2.0,24.0,2.0,1.0,4.0,1.0,31.5,1,1,1,1,9457,12059,4731,1913,988,13914,17345,4025,8723,932,17214,22104,12373,5180,1.0,27:43,2015,2016
2015-16,201573,Jerryd Bayless,Jerryd,1610612749,MIL,Milwaukee Bucks,21500786,2016-02-09T00:00:00,MIL vs. BOS,W,32.0,3.0,0.0,3.0,0.0,12.0,16.0,9.0,32.0,0.0,1.0,5.0,1.0,15.2,1,1,1,1,5851,4307,10158,3302,18861,20178,25155,18829,3535,8004,17214,24686,12373,15219,1.0,32:02,2015,2016
2015-16,203918,Rodney Hood,Rodney,1610612762,UTA,Utah Jazz,21500787,2016-02-09T00:00:00,UTA @ DAL,W,43.2,3.0,2.0,2.0,12.0,13.0,0.0,12.0,30.0,0.0,1.0,1.0,5.0,42.5,1,1,1,1,187,4307,4731,4675,988,21300,1,22259,4541,8004,17214,4972,1539,1841,1.0,43:12,2015,2016
2015-16,200746,LaMarcus Aldridge,LaMarcus,1610612759,SAS,San Antonio Spurs,21500784,2016-02-09T00:00:00,SAS @ MIA,W,32.0,12.0,0.0,4.0,18.0,5.0,0.0,5.0,30.0,1.0,0.0,1.0,5.0,41.8,1,1,1,1,5868,27,10158,1913,131,8403,1,11593,4541,2692,1,4972,1539,1981,1.0,32:01,2015,2016
2015-16,201577,Robin Lopez,Robin,1610612752,NYK,New York Knicks,21500785,2016-02-09T00:00:00,NYK vs. WAS,L,27.2,2.0,2.0,0.0,10.0,12.0,2.0,16.0,22.0,1.0,1.0,1.0,3.0,27.1,1,13074,13074,13074,9836,6026,4731,9917,1840,20178,3734,24641,10265,2692,17214,4972,4736,7339,1.0,27:13,2015,2016
2015-16,203114,Khris Middleton,Khris,1610612749,MIL,Milwaukee Bucks,21500786,2016-02-09T00:00:00,MIL vs. BOS,W,38.4,3.0,3.0,3.0,6.0,13.0,16.0,13.0,32.0,0.0,0.0,3.0,5.0,30.5,1,1,1,1,1338,4307,3104,3302,5299,21300,25155,23048,3535,8004,1,17641,1539,5620,1.0,38:22,2015,2016
2015-16,202323,Evan Turner,Evan,1610612738,BOS,Boston Celtics,21500786,2016-02-09T00:00:00,BOS @ MIL,L,29.8,4.0,2.0,0.0,2.0,19.0,5.0,8.0,38.0,1.0,1.0,1.0,1.0,27.2,1,13074,13074,13074,7687,2460,4731,9917,12984,25074,11469,17194,1422,2692,17214,4972,12373,7289,1.0,29:50,2015,2016
2015-16,101161,Amir Johnson,Amir,1610612738,BOS,Boston Celtics,21500786,2016-02-09T00:00:00,BOS @ MIL,L,26.9,0.0,0.0,2.0,4.0,8.0,5.0,4.0,30.0,1.0,0.0,4.0,2.0,19.8,1,13074,13074,13074,10131,12059,10158,4675,8599,13914,11469,8806,4541,2692,1,22104,7786,11883,1.0,26:52,2015,2016
2015-16,203078,Bradley Beal,Bradley,1610612764,WAS,Washington Wizards,21500785,2016-02-09T00:00:00,WAS @ NYK,W,32.0,5.0,0.0,7.0,6.0,6.0,8.0,0.0,22.0,1.0,0.0,0.0,5.0,45.6,1,1,1,1,5933,1603,10158,454,5299,10028,17345,1,10265,2692,1,1,1539,1263,1.0,31:57,2015,2016
2015-16,202324,Derrick Favors,Derrick,1610612762,UTA,Utah Jazz,21500787,2016-02-09T00:00:00,UTA @ DAL,W,35.0,0.0,2.0,0.0,10.0,11.0,2.0,12.0,18.0,0.0,0.0,3.0,4.0,35.6,1,1,1,1,3520,12059,4731,9917,1840,18886,3734,22259,13577,8004,1,17641,2748,3615,1.0,35:01,2015,2016
2015-16,204001,Kristaps Porziņģis,Kristaps,1610612752,NYK,New York Knicks,21500785,2016-02-09T00:00:00,NYK vs. WAS,L,29.6,6.0,4.0,2.0,6.0,11.0,2.0,14.0,20.0,3.0,0.0,2.0,4.0,36.5,1,13074,13074,13074,7905,878,1596,4675,5299,18886,3734,23710,11929,347,1,11390,2748,3326,1.0,29:35,2015,2016
2015-16,203084,Harrison Barnes,Harrison,1610612744,GSW,Golden State Warriors,21500788,2016-02-09T00:00:00,GSW vs. HOU,W,31.7,0.0,2.0,0.0,6.0,8.0,7.0,14.0,24.0,0.0,1.0,1.0,3.0,29.4,1,1,1,1,6115,12059,4731,9917,5299,13914,15642,23710,8723,8004,17214,4972,4736,6143,1.0,31:44,2015,2016
2015-16,203110,Draymond Green,Draymond,1610612744,GSW,Golden State Warriors,21500788,2016-02-09T00:00:00,GSW vs. HOU,W,31.6,2.0,4.0,0.0,4.0,11.0,15.0,21.0,24.0,0.0,1.0,5.0,3.0,24.3,1,1,1,1,6235,6026,1596,9917,8599,18886,24781,25725,8723,8004,17214,24686,4736,8939,1.0,31:36,2015,2016
2015-16,201162,Jared Dudley,Jared,1610612764,WAS,Washington Wizards,21500785,2016-02-09T00:00:00,WAS @ NYK,W,30.7,3.0,0.0,3.0,0.0,8.0,6.0,2.0,24.0,0.0,0.0,2.0,0.0,24.6,1,1,1,1,6949,4307,10158,3302,18861,13914,13237,4025,8723,8004,1,11390,18762,8724,1.0,30:42,2015,2016
2015-16,101109,Raymond Felton,Raymond,1610612742,DAL,Dallas Mavericks,21500787,2016-02-09T00:00:00,DAL vs. UTA,L,28.0,2.0,2.0,2.0,4.0,11.0,10.0,2.0,32.0,0.0,1.0,2.0,4.0,35.9,1,13074,13074,13074,9207,6026,4731,4675,8599,18886,20509,4025,3535,8004,17214,11390,2748,3505,1.0,28:02,2015,2016
2015-16,2733,Shaun Livingston,Shaun,1610612744,GSW,Golden State Warriors,21500788,2016-02-09T00:00:00,GSW vs. HOU,W,15.9,0.0,2.0,0.0,2.0,1.0,9.0,5.0,10.0,0.0,0.0,4.0,2.0,11.4,1,1,1,1,19087,12059,4731,9917,12984,2356,19144,11593,20209,8004,1,22104,7786,18134,1.0,15:56,2015,2016
2015-16,202695,Kawhi Leonard,Kawhi,1610612759,SAS,San Antonio Spurs,21500784,2016-02-09T00:00:00,SAS @ MIA,W,33.5,2.0,6.0,2.0,10.0,7.0,0.0,5.0,28.0,1.0,1.0,1.0,1.0,48.8,1,1,1,1,4755,6026,481,4675,1840,12242,1,11593,5824,2692,17214,4972,12373,881,1.0,33:29,2015,2016
2015-16,2730,Dwight Howard,Dwight,1610612745,HOU,Houston Rockets,21500788,2016-02-09T00:00:00,HOU @ GSW,L,34.5,0.0,0.0,0.0,14.0,11.0,8.0,19.0,36.0,1.0,2.0,5.0,8.0,36.0,1,13074,13074,13074,3986,12059,10158,9917,542,18886,17345,25435,1943,2692,23588,24686,254,3463,1.0,34:28,2015,2016
2015-16,202328,Greg Monroe,Greg,1610612749,MIL,Milwaukee Bucks,21500786,2016-02-09T00:00:00,MIL vs. BOS,W,29.5,7.0,6.0,0.0,24.0,14.0,9.0,8.0,28.0,2.0,0.0,1.0,4.0,53.9,1,1,1,1,7944,548,481,9917,14,22292,19144,17194,5824,932,1,4972,2748,459,1.0,29:32,2015,2016
2015-16,101106,Andrew Bogut,Andrew,1610612744,GSW,Golden State Warriors,21500788,2016-02-09T00:00:00,GSW vs. HOU,W,28.7,0.0,4.0,3.0,10.0,10.0,15.0,16.0,24.0,6.0,0.0,4.0,4.0,52.7,1,1,1,1,8647,12059,1596,3302,1840,17370,24781,24641,8723,19,1,22104,2748,536,1.0,28:42,2015,2016
2015-16,201939,Stephen Curry,Stephen,1610612744,GSW,Golden State Warriors,21500788,2016-02-09T00:00:00,GSW vs. HOU,W,37.7,9.0,0.0,10.0,10.0,12.0,20.0,20.0,32.0,0.0,0.0,2.0,2.0,56.5,1,1,1,1,1661,171,10158,118,1840,20178,25875,25599,3535,8004,1,11390,7786,332,1.0,37:41,2015,2016
2015-16,1717,Dirk Nowitzki,Dirk,1610612742,DAL,Dallas Mavericks,21500787,2016-02-09T00:00:00,DAL vs. UTA,L,39.7,0.0,0.0,0.0,2.0,5.0,11.0,4.0,40.0,0.0,0.0,4.0,4.0,29.8,1,13074,13074,13074,805,12059,10158,9917,12984,8403,21814,8806,983,8004,1,22104,2748,5948,1.0,39:45,2015,2016
2015-16,201935,James Harden,James,1610612745,HOU,Houston Rockets,21500788,2016-02-09T00:00:00,HOU @ GSW,L,40.1,1.0,8.0,10.0,8.0,15.0,13.0,19.0,44.0,1.0,1.0,2.0,9.0,61.5,1,13074,13074,13074,706,11535,137,118,3109,23079,23668,25435,454,2692,17214,11390,138,163,1.0,40:05,2015,2016
2015-16,202322,John Wall,John,1610612764,WAS,Washington Wizards,21500785,2016-02-09T00:00:00,WAS @ NYK,W,43.2,7.0,0.0,5.0,6.0,10.0,8.0,6.0,28.0,0.0,3.0,1.0,6.0,61.5,1,1,1,1,191,548,10158,1277,5299,17370,17345,13388,5824,8004,25441,4972,873,163,1.0,43:11,2015,2016
2015-16,201977,Marcus Thornton,Marcus,1610612745,HOU,Houston Rockets,21500788,2016-02-09T00:00:00,HOU @ GSW,L,25.3,2.0,0.0,2.0,2.0,4.0,9.0,7.0,20.0,1.0,1.0,4.0,3.0,24.7,1,13074,13074,13074,11430,6026,10158,4675,12984,6141,19144,15538,11929,2692,17214,22104,4736,8673,1.0,25:19,2015,2016
2015-16,203507,Giannis Antetokounmpo,Giannis,1610612749,MIL,Milwaukee Bucks,21500786,2016-02-09T00:00:00,MIL vs. BOS,W,36.8,6.0,0.0,2.0,8.0,13.0,14.0,10.0,36.0,3.0,0.0,2.0,3.0,35.6,1,1,1,1,2190,878,10158,4675,3109,21300,24300,20169,1943,347,1,11390,4736,3615,1.0,36:50,2015,2016
2015-16,2546,Carmelo Anthony,Carmelo,1610612752,NYK,New York Knicks,21500785,2016-02-09T00:00:00,NYK vs. WAS,L,38.7,0.0,2.0,0.0,8.0,15.0,4.0,19.0,30.0,0.0,1.0,3.0,3.0,53.6,1,13074,13074,13074,1185,12059,4731,9917,3109,23079,8458,25435,4541,8004,17214,17641,4736,483,1.0,38:42,2015,2016
2015-16,101114,Deron Williams,Deron,1610612742,DAL,Dallas Mavericks,21500787,2016-02-09T00:00:00,DAL vs. UTA,L,41.5,7.0,0.0,2.0,4.0,11.0,13.0,5.0,46.0,0.0,1.0,3.0,7.0,32.9,1,13074,13074,13074,380,548,10158,4675,8599,18886,23668,11593,298,8004,17214,17641,469,4566,1.0,41:33,2015,2016
2015-16,2548,Dwyane Wade,Dwyane,1610612748,MIA,Miami Heat,21500784,2016-02-09T00:00:00,MIA vs. SAS,L,30.8,3.0,0.0,1.0,6.0,24.0,16.0,10.0,44.0,0.0,1.0,2.0,2.0,28.5,1,13074,13074,13074,6878,4307,10158,9347,5299,25890,25155,20169,454,8004,17214,11390,7786,6613,1.0,30:50,2015,2016
2015-16,201147,Corey Brewer,Corey,1610612745,HOU,Houston Rockets,21500788,2016-02-09T00:00:00,HOU @ GSW,L,28.4,4.0,3.0,4.0,4.0,6.0,11.0,17.0,32.0,0.0,0.0,3.0,1.0,17.0,1,13074,13074,13074,8915,2460,3104,1913,8599,10028,21814,24967,3535,8004,1,17641,12373,13855,1.0,28:24,2015,2016
2015-16,203109,Jae Crowder,Jae,1610612738,BOS,Boston Celtics,21500786,2016-02-09T00:00:00,BOS @ MIL,L,31.6,0.0,3.0,0.0,4.0,10.0,7.0,9.0,44.0,0.0,0.0,1.0,3.0,33.0,1,13074,13074,13074,6254,12059,3104,9917,8599,17370,15642,18829,454,8004,1,4972,4736,4537,1.0,31:34,2015,2016
2015-16,203101,Miles Plumlee,Miles,1610612749,MIL,Milwaukee Bucks,21500786,2016-02-09T00:00:00,MIL vs. BOS,W,18.5,2.0,0.0,2.0,6.0,4.0,7.0,7.0,16.0,1.0,0.0,0.0,1.0,14.0,1,1,1,1,17112,6026,10158,4675,5299,6141,15642,15538,15259,2692,1,1,12373,16166,1.0,18:28,2015,2016
2015-16,201980,Danny Green,Danny,1610612759,SAS,San Antonio Spurs,21500784,2016-02-09T00:00:00,SAS @ MIA,W,31.3,6.0,5.0,0.0,4.0,7.0,0.0,5.0,26.0,1.0,0.0,2.0,1.0,38.9,1,1,1,1,6436,878,995,9917,8599,12242,1,11593,7214,2692,1,11390,12373,2667,1.0,31:20,2015,2016
2015-16,101123,Gerald Green,Gerald,1610612748,MIA,Miami Heat,21500784,2016-02-09T00:00:00,MIA vs. SAS,L,23.2,0.0,0.0,0.0,0.0,13.0,8.0,2.0,24.0,0.0,1.0,0.0,1.0,14.0,1,13074,13074,13074,13196,12059,10158,9917,18861,21300,17345,4025,8723,8004,17214,1,12373,16166,1.0,23:12,2015,2016
2015-16,203487,Michael Carter-Williams,Michael,1610612749,MIL,Milwaukee Bucks,21500786,2016-02-09T00:00:00,MIL vs. BOS,W,26.0,2.0,0.0,0.0,10.0,9.0,7.0,10.0,28.0,0.0,0.0,5.0,4.0,31.7,1,1,1,1,10827,6026,10158,9917,1840,15771,15642,20169,5824,8004,1,24686,2748,5088,1.0,26:01,2015,2016
2015-16,202718,Chandler Parsons,Chandler,1610612742,DAL,Dallas Mavericks,21500787,2016-02-09T00:00:00,DAL vs. UTA,L,35.7,1.0,0.0,6.0,10.0,10.0,13.0,5.0,42.0,1.0,0.0,5.0,3.0,28.2,1,13074,13074,13074,2946,11535,10158,740,1840,17370,23668,11593,670,2692,1,24686,4736,6778,1.0,35:44,2015,2016
2015-16,203096,Jared Sullinger,Jared,1610612738,BOS,Boston Celtics,21500786,2016-02-09T00:00:00,BOS @ MIL,L,20.5,2.0,0.0,0.0,0.0,6.0,6.0,4.0,32.0,0.0,1.0,3.0,0.0,22.7,1,13074,13074,13074,15526,6026,10158,9917,18861,10028,13237,8806,3535,8004,17214,17641,18762,9938,1.0,20:27,2015,2016
2015-16,2757,Beno Udrih,Beno,1610612748,MIA,Miami Heat,21500784,2016-02-09T00:00:00,MIA vs. SAS,L,18.8,4.0,3.0,2.0,8.0,7.0,4.0,0.0,18.0,0.0,0.0,1.0,2.0,17.7,1,13074,13074,13074,16857,2460,3104,4675,3109,12242,8458,1,13577,8004,1,4972,7786,13380,1.0,18:50,2015,2016
2015-16,202340,Avery Bradley,Avery,1610612738,BOS,Boston Celtics,21500786,2016-02-09T00:00:00,BOS @ MIL,L,38.2,2.0,0.0,7.0,6.0,11.0,7.0,4.0,46.0,0.0,0.0,2.0,0.0,31.8,1,13074,13074,13074,1437,6026,10158,454,5299,18886,15642,8806,298,8004,1,11390,18762,5041,1.0,38:10,2015,2016
2015-16,202083,Wesley Matthews,Wesley,1610612742,DAL,Dallas Mavericks,21500787,2016-02-09T00:00:00,DAL vs. UTA,L,42.1,4.0,0.0,4.0,6.0,11.0,15.0,7.0,48.0,0.0,0.0,4.0,3.0,21.9,1,13074,13074,13074,303,2460,10158,1913,5299,18886,24781,15538,192,8004,1,22104,4736,10460,1.0,42:05,2015,2016
2015-16,201177,Josh McRoberts,Josh,1610612748,MIA,Miami Heat,21500784,2016-02-09T00:00:00,MIA vs. SAS,L,10.8,0.0,0.0,0.0,2.0,2.0,7.0,0.0,6.0,1.0,0.0,2.0,0.0,17.6,1,13074,13074,13074,22122,12059,10158,9917,12984,2619,15642,1,22724,2692,1,11390,18762,13443,1.0,10:47,2015,2016
2015-16,2772,Trevor Ariza,Trevor,1610612745,HOU,Houston Rockets,21500788,2016-02-09T00:00:00,HOU @ GSW,L,39.9,6.0,7.0,6.0,4.0,15.0,10.0,21.0,46.0,0.0,1.0,3.0,1.0,32.4,1,13074,13074,13074,761,878,292,740,8599,23079,20509,25725,298,8004,17214,17641,12373,4768,1.0,39:53,2015,2016
2015-16,201578,Marreese Speights,Marreese,1610612744,GSW,Golden State Warriors,21500788,2016-02-09T00:00:00,GSW vs. HOU,W,12.1,0.0,0.0,3.0,4.0,2.0,5.0,2.0,12.0,0.0,0.0,4.0,3.0,17.8,1,1,1,1,21472,12059,10158,3302,8599,2619,11469,4025,18637,8004,1,22104,4736,13309,1.0,12:07,2015,2016
2015-16,203991,Clint Capela,Clint,1610612745,HOU,Houston Rockets,21500788,2016-02-09T00:00:00,HOU @ GSW,L,13.4,0.0,2.0,0.0,4.0,4.0,7.0,5.0,14.0,1.0,0.0,2.0,0.0,14.7,1,13074,13074,13074,20731,12059,4731,9917,8599,6141,15642,11593,17019,2692,1,11390,18762,15631,1.0,13:25,2015,2016
2015-16,2547,Chris Bosh,Chris,1610612748,MIA,Miami Heat,21500784,2016-02-09T00:00:00,MIA vs. SAS,L,34.8,2.0,0.0,0.0,4.0,26.0,15.0,10.0,50.0,0.0,0.0,3.0,3.0,23.0,1,13074,13074,13074,3690,6026,10158,9917,8599,25979,24781,20169,107,8004,1,17641,4736,9760,1.0,34:48,2015,2016
2015-16,2585,Zaza Pachulia,Zaza,1610612742,DAL,Dallas Mavericks,21500787,2016-02-09T00:00:00,DAL vs. UTA,L,41.4,0.0,0.0,0.0,0.0,11.0,15.0,5.0,48.0,0.0,0.0,1.0,3.0,25.7,1,13074,13074,13074,402,12059,10158,9917,18861,18886,24781,11593,192,8004,1,4972,4736,8088,1.0,41:25,2015,2016
2015-16,201973,Jonas Jerebko,Jonas,1610612738,BOS,Boston Celtics,21500786,2016-02-09T00:00:00,BOS @ MIL,L,15.4,2.0,2.0,2.0,6.0,8.0,2.0,0.0,16.0,0.0,0.0,3.0,0.0,19.0,1,13074,13074,13074,19485,6026,4731,4675,5299,13914,3734,1,15259,8004,1,17641,18762,12440,1.0,15:23,2015,2016
2015-16,201609,Goran Dragic,Goran,1610612748,MIA,Miami Heat,21500784,2016-02-09T00:00:00,MIA vs. SAS,L,31.3,0.0,0.0,0.0,6.0,23.0,18.0,10.0,42.0,0.0,1.0,2.0,1.0,19.2,1,13074,13074,13074,6493,12059,10158,9917,5299,25803,25634,20169,670,8004,17214,11390,12373,12284,1.0,31:17,2015,2016
2015-16,203613,Jonathon Simmons,Jonathon,1610612759,SAS,San Antonio Spurs,21500784,2016-02-09T00:00:00,SAS @ MIA,W,22.7,2.0,2.0,2.0,8.0,4.0,3.0,3.0,22.0,0.0,1.0,3.0,1.0,14.3,1,1,1,1,13594,6026,4731,4675,3109,6141,7138,7328,10265,8004,17214,17641,12373,15948,1.0,22:43,2015,2016
2015-16,101181,Jose Calderon,Jose,1610612752,NYK,New York Knicks,21500785,2016-02-09T00:00:00,NYK vs. WAS,L,28.3,0.0,0.0,0.0,0.0,15.0,2.0,17.0,20.0,0.0,1.0,1.0,1.0,14.6,1,13074,13074,13074,8984,12059,10158,9917,18861,23079,3734,24967,11929,8004,17214,4972,12373,15699,1.0,28:20,2015,2016
2015-16,201196,Ramon Sessions,Ramon,1610612764,WAS,Washington Wizards,21500785,2016-02-09T00:00:00,WAS @ NYK,W,12.3,0.0,2.0,0.0,4.0,4.0,0.0,6.0,6.0,0.0,0.0,0.0,3.0,9.9,1,1,1,1,21375,12059,4731,9917,8599,6141,1,13388,22724,8004,1,1,4736,19247,1.0,12:19,2015,2016
2015-16,203935,Marcus Smart,Marcus,1610612738,BOS,Boston Celtics,21500786,2016-02-09T00:00:00,BOS @ MIL,L,20.8,3.0,2.0,0.0,4.0,19.0,4.0,8.0,32.0,0.0,1.0,2.0,3.0,23.8,1,13074,13074,13074,15223,4307,4731,9917,8599,25074,8458,17194,3535,8004,17214,11390,4736,9261,1.0,20:48,2015,2016
2015-16,2225,Tony Parker,Tony,1610612759,SAS,San Antonio Spurs,21500784,2016-02-09T00:00:00,SAS @ MIA,W,27.9,2.0,0.0,2.0,6.0,5.0,0.0,5.0,22.0,0.0,2.0,0.0,1.0,22.9,1,1,1,1,9341,6026,10158,4675,5299,8403,1,11593,10265,8004,23588,1,12373,9811,1.0,27:51,2015,2016
2015-16,202330,Gordon Hayward,Gordon,1610612762,UTA,Utah Jazz,21500787,2016-02-09T00:00:00,UTA @ DAL,W,45.2,3.0,0.0,2.0,8.0,12.0,2.0,10.0,22.0,0.0,0.0,4.0,3.0,34.0,1,1,1,1,76,4307,10158,4675,3109,20178,3734,20169,10265,8004,1,22104,4736,4162,1.0,45:10,2015,2016
2015-16,202338,Kevin Seraphin,Kevin,1610612752,NYK,New York Knicks,21500785,2016-02-09T00:00:00,NYK vs. WAS,L,15.0,2.0,0.0,2.0,4.0,2.0,2.0,2.0,12.0,1.0,0.0,3.0,1.0,14.9,1,13074,13074,13074,19752,6026,10158,4675,8599,2619,3734,4025,18637,2692,1,17641,12373,15463,1.0,15:00,2015,2016
2015-16,203187,Chris Johnson,Chris,1610612762,UTA,Utah Jazz,21500787,2016-02-09T00:00:00,UTA @ DAL,W,21.4,0.0,2.0,0.0,0.0,4.0,2.0,2.0,14.0,1.0,0.0,1.0,1.0,17.9,1,1,1,1,14656,12059,4731,9917,18861,6141,3734,4025,17019,2692,1,4972,12373,13229,1.0,21:27,2015,2016
2015-16,202691,Klay Thompson,Klay,1610612744,GSW,Golden State Warriors,21500788,2016-02-09T00:00:00,GSW vs. HOU,W,34.9,2.0,0.0,4.0,6.0,13.0,17.0,23.0,28.0,0.0,1.0,2.0,2.0,17.9,1,1,1,1,3649,6026,10158,1913,5299,21300,25429,25880,5824,8004,17214,11390,7786,13229,1.0,34:51,2015,2016
2015-16,201988,Patty Mills,Patty,1610612759,SAS,San Antonio Spurs,21500784,2016-02-09T00:00:00,SAS @ MIA,W,15.5,0.0,1.0,0.0,0.0,4.0,3.0,0.0,12.0,0.0,0.0,1.0,3.0,16.1,1,1,1,1,19400,12059,9709,9917,18861,6141,7138,1,18637,8004,1,4972,4736,14515,1.0,15:31,2015,2016
2015-16,203953,Jabari Parker,Jabari,1610612749,MIL,Milwaukee Bucks,21500786,2016-02-09T00:00:00,MIL vs. BOS,W,26.6,2.0,0.0,2.0,10.0,11.0,5.0,11.0,20.0,0.0,1.0,0.0,4.0,18.6,1,1,1,1,10393,6026,10158,4675,1840,18886,11469,21342,11929,8004,17214,1,2748,12715,1.0,26:34,2015,2016
2015-16,203526,Raul Neto,Raul,1610612762,UTA,Utah Jazz,21500787,2016-02-09T00:00:00,UTA @ DAL,W,18.8,0.0,0.0,0.0,4.0,7.0,0.0,2.0,8.0,0.0,0.0,6.0,2.0,13.0,1,1,1,1,16883,12059,10158,9917,8599,12242,1,4025,21543,8004,1,25827,7786,16969,1.0,18:47,2015,2016
2015-16,2736,Luol Deng,Luol,1610612748,MIA,Miami Heat,21500784,2016-02-09T00:00:00,MIA vs. SAS,L,26.0,0.0,0.0,4.0,2.0,16.0,12.0,8.0,38.0,0.0,1.0,0.0,3.0,16.4,1,13074,13074,13074,10869,12059,10158,1913,12984,23774,22832,17194,1422,8004,17214,1,4736,14289,1.0,25:58,2015,2016
2015-16,2403,Nene,ene,1610612764,WAS,Washington Wizards,21500785,2016-02-09T00:00:00,WAS @ NYK,W,16.6,0.0,0.0,0.0,2.0,4.0,0.0,6.0,6.0,1.0,1.0,2.0,2.0,8.4,1,1,1,1,18592,12059,10158,9917,12984,6141,1,13388,22724,2692,17214,11390,7786,20273,1.0,16:35,2015,2016
2015-16,2561,David West,David,1610612759,SAS,San Antonio Spurs,21500784,2016-02-09T00:00:00,SAS @ MIA,W,22.6,2.0,2.0,0.0,0.0,4.0,0.0,4.0,16.0,1.0,0.0,4.0,2.0,16.1,1,1,1,1,13714,6026,4731,9917,18861,6141,1,8806,15259,2692,1,22104,7786,14515,1.0,22:35,2015,2016
2015-16,2756,Sasha Vujacic,Sasha,1610612752,NYK,New York Knicks,21500785,2016-02-09T00:00:00,NYK vs. WAS,L,14.3,0.0,0.0,0.0,0.0,2.0,2.0,2.0,10.0,0.0,0.0,1.0,0.0,13.2,1,13074,13074,13074,20220,12059,10158,9917,18861,2619,3734,4025,20209,8004,1,4972,18762,16768,1.0,14:18,2015,2016
2015-16,203939,Dwight Powell,Dwight,1610612742,DAL,Dallas Mavericks,21500787,2016-02-09T00:00:00,DAL vs. UTA,L,11.6,0.0,0.0,0.0,6.0,2.0,2.0,2.0,12.0,0.0,0.0,0.0,1.0,8.4,1,13074,13074,13074,21785,12059,10158,9917,5299,2619,3734,4025,18637,8004,1,1,12373,20273,1.0,11:35,2015,2016
2015-16,1626168,Trey Lyles,Trey,1610612762,UTA,Utah Jazz,21500787,2016-02-09T00:00:00,UTA @ DAL,W,14.3,1.0,0.0,0.0,6.0,2.0,2.0,0.0,16.0,0.0,0.0,1.0,2.0,16.6,1,1,1,1,20216,11535,10158,9917,5299,2619,3734,1,15259,8004,1,4972,7786,14125,1.0,14:19,2015,2016
2015-16,202682,Derrick Williams,Derrick,1610612752,NYK,New York Knicks,21500785,2016-02-09T00:00:00,NYK vs. WAS,L,9.3,0.0,0.0,0.0,2.0,2.0,0.0,2.0,4.0,0.0,0.0,0.0,2.0,8.4,1,13074,13074,13074,22715,12059,10158,9917,12984,2619,1,4025,23698,8004,1,1,7786,20273,1.0,9:18,2015,2016
2015-16,203092,Tyler Zeller,Tyler,1610612738,BOS,Boston Celtics,21500786,2016-02-09T00:00:00,BOS @ MIL,L,10.0,0.0,0.0,2.0,2.0,14.0,2.0,8.0,14.0,0.0,2.0,1.0,1.0,7.9,1,13074,13074,13074,22429,12059,10158,4675,12984,22292,3734,17194,17019,8004,23588,4972,12373,20646,1.0,10:01,2015,2016
2015-16,2746,Josh Smith,Josh,1610612745,HOU,Houston Rockets,21500788,2016-02-09T00:00:00,HOU @ GSW,L,9.1,0.0,0.0,0.0,0.0,5.0,2.0,8.0,6.0,0.0,0.0,0.0,0.0,7.5,1,13074,13074,13074,22810,12059,10158,9917,18861,8403,3734,17194,22724,8004,1,1,18762,20874,1.0,9:05,2015,2016
2015-16,2564,Boris Diaw,Boris,1610612759,SAS,San Antonio Spurs,21500784,2016-02-09T00:00:00,SAS @ MIA,W,25.4,0.0,3.0,0.0,4.0,9.0,3.0,4.0,22.0,0.0,1.0,4.0,2.0,16.0,1,1,1,1,11384,12059,3104,9917,8599,15771,7138,8806,10265,8004,17214,22104,7786,14590,1.0,25:23,2015,2016
2015-16,2743,Kris Humphries,Kris,1610612764,WAS,Washington Wizards,21500785,2016-02-09T00:00:00,WAS @ NYK,W,3.8,0.0,0.0,0.0,0.0,0.0,0.0,0.0,2.0,0.0,0.0,0.0,1.0,2.4,1,1,1,1,24783,12059,10158,9917,18861,1,1,1,24614,8004,1,1,12373,24024,1.0,3:50,2015,2016
2015-16,203490,Otto Porter Jr.,Otto,1610612764,WAS,Washington Wizards,21500785,2016-02-09T00:00:00,WAS @ NYK,W,28.2,2.0,0.0,0.0,2.0,6.0,6.0,4.0,26.0,0.0,0.0,3.0,0.0,21.4,1,1,1,1,9076,6026,10158,9917,12984,10028,13237,8806,7214,8004,1,17641,18762,10807,1.0,28:12,2015,2016
2015-16,2571,Leandro Barbosa,Leandro,1610612744,GSW,Golden State Warriors,21500788,2016-02-09T00:00:00,GSW vs. HOU,W,13.2,2.0,0.0,4.0,4.0,0.0,5.0,0.0,12.0,0.0,1.0,1.0,1.0,6.4,1,1,1,1,20894,6026,10158,1913,8599,1,11469,1,18637,8004,17214,4972,12373,21589,1.0,13:09,2015,2016
2015-16,202498,Lance Thomas,Lance,1610612752,NYK,New York Knicks,21500785,2016-02-09T00:00:00,NYK vs. WAS,L,10.7,0.0,0.0,0.0,0.0,1.0,2.0,5.0,8.0,0.0,0.0,1.0,1.0,2.0,1,13074,13074,13074,22172,12059,10158,9917,18861,2356,3734,11593,21543,8004,1,4972,12373,24216,1.0,10:39,2015,2016
2015-16,1626162,Kelly Oubre Jr.,Kelly,1610612764,WAS,Washington Wizards,21500785,2016-02-09T00:00:00,WAS @ NYK,W,6.8,0.0,0.0,0.0,0.0,2.0,0.0,2.0,4.0,0.0,0.0,1.0,1.0,1.2,1,1,1,1,23641,12059,10158,9917,18861,2619,1,4025,23698,8004,1,4972,12373,24661,1.0,6:47,2015,2016
2015-16,201951,Ty Lawson,Ty,1610612745,HOU,Houston Rockets,21500788,2016-02-09T00:00:00,HOU @ GSW,L,15.9,0.0,0.0,0.0,0.0,5.0,5.0,10.0,12.0,0.0,0.0,0.0,1.0,1.5,1,13074,13074,13074,19085,12059,10158,9917,18861,8403,11469,20169,18637,8004,1,1,12373,24473,1.0,15:56,2015,2016
2015-16,1626159,Justise Winslow,Justise,1610612748,MIA,Miami Heat,21500784,2016-02-09T00:00:00,MIA vs. SAS,L,23.5,0.0,0.0,0.0,2.0,15.0,10.0,2.0,24.0,0.0,0.0,2.0,0.0,1.5,1,13074,13074,13074,12950,12059,10158,9917,12984,23079,20509,4025,8723,8004,1,11390,18762,24473,1.0,23:32,2015,2016
2015-16,201575,Brandon Rush,Brandon,1610612744,GSW,Golden State Warriors,21500788,2016-02-09T00:00:00,GSW vs. HOU,W,3.2,0.0,0.0,0.0,0.0,2.0,5.0,2.0,4.0,0.0,0.0,3.0,0.0,1.2,1,1,1,1,25064,12059,10158,9917,18861,2619,11469,4025,23698,8004,1,17641,18762,24661,1.0,3:10,2015,2016
2015-16,2400,Drew Gooden,Drew,1610612764,WAS,Washington Wizards,21500785,2016-02-09T00:00:00,WAS @ NYK,W,6.7,0.0,0.0,0.0,0.0,4.0,0.0,4.0,4.0,0.0,0.0,1.0,0.0,1.2,1,1,1,1,23659,12059,10158,9917,18861,6141,1,8806,23698,8004,1,4972,18762,24661,1.0,6:44,2015,2016
2015-16,1626153,Delon Wright,Delon,1610612761,TOR,Toronto Raptors,21500779,2016-02-08T00:00:00,TOR @ DET,W,1.8,0.0,0.0,0.0,0.0,3.0,0.0,0.0,2.0,0.0,0.0,0.0,0.0,1.2,1,1,1,1,25607,12059,10158,9917,18861,5109,1,1,24614,8004,1,1,18762,24661,1.0,1:45,2015,2016
2015-16,203512,Lucas Nogueira,Lucas,1610612761,TOR,Toronto Raptors,21500779,2016-02-08T00:00:00,TOR @ DET,W,1.8,0.0,0.0,0.0,0.0,3.0,0.0,0.0,2.0,0.0,0.0,1.0,0.0,1.2,1,1,1,1,25607,12059,10158,9917,18861,5109,1,1,24614,8004,1,4972,18762,24661,1.0,1:45,2015,2016
2015-16,2399,Mike Dunleavy,Mike,1610612741,CHI,Chicago Bulls,21500774,2016-02-08T00:00:00,CHI @ CHA,L,16.1,0.0,0.0,0.0,2.0,6.0,3.0,2.0,8.0,0.0,0.0,0.0,0.0,11.2,1,13074,13074,13074,18942,12059,10158,9917,12984,10028,7138,4025,21543,8004,1,1,18762,18267,1.0,16:08,2015,2016
2015-16,1889,Andre Miller,Andre,1610612750,MIN,Minnesota Timberwolves,21500782,2016-02-08T00:00:00,MIN vs. NOP,L,5.3,0.0,0.0,0.0,2.0,5.0,0.0,0.0,8.0,0.0,0.0,0.0,0.0,2.0,1,13074,13074,13074,24271,12059,10158,9917,12984,8403,1,1,21543,8004,1,1,18762,24216,1.0,5:16,2015,2016
2015-16,204456,T.J. McConnell,T.J.,1610612755,PHI,Philadelphia 76ers,21500777,2016-02-08T00:00:00,PHI vs. LAC,L,19.7,0.0,0.0,0.0,2.0,11.0,2.0,13.0,20.0,0.0,1.0,2.0,2.0,10.6,1,13074,13074,13074,16131,12059,10158,9917,12984,18886,3734,23048,11929,8004,17214,11390,7786,18723,1.0,19:44,2015,2016
2015-16,203488,Mike Muscala,Mike,1610612737,ATL,Atlanta Hawks,21500780,2016-02-08T00:00:00,ATL vs. ORL,L,13.9,0.0,0.0,0.0,0.0,8.0,4.0,0.0,10.0,0.0,0.0,1.0,1.0,10.9,1,13074,13074,13074,20496,12059,10158,9917,18861,13914,8458,1,20209,8004,1,4972,12373,18498,1.0,13:52,2015,2016
2015-16,1626202,Joe Young,Joe,1610612754,IND,Indiana Pacers,21500776,2016-02-08T00:00:00,IND vs. LAL,W,13.5,0.0,0.0,0.0,0.0,0.0,2.0,6.0,6.0,0.0,0.0,1.0,1.0,1.0,1,1,1,1,20709,12059,10158,9917,18861,1,3734,13388,22724,8004,1,4972,12373,24960,1.0,13:29,2015,2016
2015-16,202687,Bismack Biyombo,Bismack,1610612761,TOR,Toronto Raptors,21500779,2016-02-08T00:00:00,TOR @ DET,W,20.9,0.0,0.0,0.0,0.0,14.0,15.0,2.0,24.0,0.0,0.0,3.0,0.0,5.8,1,1,1,1,15158,12059,10158,9917,18861,22292,24781,4025,8723,8004,1,17641,18762,22018,1.0,20:53,2015,2016
2015-16,203118,Mike Scott,Mike,1610612737,ATL,Atlanta Hawks,21500780,2016-02-08T00:00:00,ATL vs. ORL,L,11.4,0.0,1.0,0.0,4.0,4.0,4.0,4.0,12.0,0.0,1.0,1.0,2.0,6.2,1,13074,13074,13074,21868,12059,9709,9917,8599,6141,8458,8806,18637,8004,17214,4972,7786,21696,1.0,11:25,2015,2016
2015-16,203917,Nik Stauskas,Nik,1610612755,PHI,Philadelphia 76ers,21500777,2016-02-08T00:00:00,PHI vs. LAC,L,20.6,2.0,0.0,5.0,2.0,5.0,2.0,1.0,10.0,0.0,0.0,4.0,1.0,6.2,1,13074,13074,13074,15386,6026,10158,1277,12984,8403,3734,3646,20209,8004,1,22104,12373,21696,1.0,20:36,2015,2016
2015-16,203940,Adreian Payne,Adreian,1610612750,MIN,Minnesota Timberwolves,21500782,2016-02-08T00:00:00,MIN vs. NOP,L,11.1,0.0,0.0,0.0,0.0,3.0,2.0,2.0,10.0,0.0,0.0,3.0,1.0,6.1,1,13074,13074,13074,21985,12059,10158,9917,18861,5109,3734,4025,20209,8004,1,17641,12373,21845,1.0,11:06,2015,2016
2015-16,201603,Sonny Weems,Sonny,1610612756,PHX,Phoenix Suns,21500783,2016-02-08T00:00:00,PHX vs. OKC,L,19.8,0.0,0.0,0.0,0.0,10.0,10.0,8.0,12.0,0.0,0.0,4.0,0.0,5.9,1,13074,13074,13074,16069,12059,10158,9917,18861,17370,20509,17194,18637,8004,1,22104,18762,21953,1.0,19:48,2015,2016
2015-16,202391,Jeremy Lin,Jeremy,1610612766,CHA,Charlotte Hornets,21500774,2016-02-08T00:00:00,CHA vs. CHI,W,18.1,0.0,0.0,2.0,2.0,6.0,5.0,5.0,12.0,1.0,1.0,1.0,2.0,10.6,1,1,1,1,17425,12059,10158,4675,12984,10028,11469,11593,18637,2692,17214,4972,7786,18723,1.0,18:07,2015,2016
2015-16,1626214,Bryce Dejean-Jones,Bryce,1610612740,NOP,New Orleans Pelicans,21500782,2016-02-08T00:00:00,NOP @ MIN,W,12.4,0.0,0.0,0.0,0.0,0.0,0.0,10.0,14.0,0.0,2.0,3.0,0.0,6.8,1,1,1,1,21333,12059,10158,9917,18861,1,1,20169,17019,8004,23588,17641,18762,21328,1.0,12:24,2015,2016
2015-16,202362,Lance Stephenson,Lance,1610612746,LAC,LA Clippers,21500777,2016-02-08T00:00:00,LAC @ PHI,W,16.2,2.0,0.0,0.0,2.0,7.0,3.0,0.0,8.0,0.0,1.0,1.0,0.0,5.1,1,1,1,1,18898,6026,10158,9917,12984,12242,7138,1,21543,8004,17214,4972,18762,22478,1.0,16:11,2015,2016
2015-16,201156,Nick Young,Nick,1610612747,LAL,Los Angeles Lakers,21500776,2016-02-08T00:00:00,LAL @ IND,L,14.8,0.0,0.0,0.0,0.0,0.0,6.0,1.0,10.0,0.0,0.0,2.0,0.0,6.8,1,13074,13074,13074,19911,12059,10158,9917,18861,1,13237,3646,20209,8004,1,11390,18762,21328,1.0,14:47,2015,2016
2015-16,101112,Channing Frye,Channing,1610612753,ORL,Orlando Magic,21500780,2016-02-08T00:00:00,ORL @ ATL,W,5.5,0.0,0.0,0.0,0.0,2.0,2.0,2.0,6.0,0.0,0.0,1.0,0.0,0.0,1,1,1,1,24165,12059,10158,9917,18861,2619,3734,4025,22724,8004,1,4972,18762,25170,1.0,5:29,2015,2016
2015-16,200797,Ryan Hollins,Ryan,1610612763,MEM,Memphis Grizzlies,21500781,2016-02-08T00:00:00,MEM vs. POR,L,5.7,0.0,0.0,0.0,0.0,0.0,0.0,0.0,8.0,0.0,0.0,1.0,0.0,3.9,1,13074,13074,13074,24090,12059,10158,9917,18861,1,1,1,21543,8004,1,4972,18762,23225,1.0,5:43,2015,2016
2015-16,201582,Alexis Ajinca,Alexis,1610612740,NOP,New Orleans Pelicans,21500782,2016-02-08T00:00:00,NOP @ MIN,W,16.5,0.0,0.0,0.0,0.0,0.0,11.0,10.0,24.0,1.0,1.0,2.0,2.0,9.0,1,1,1,1,18651,12059,10158,9917,18861,1,21814,20169,8723,2692,17214,11390,7786,19835,1.0,16:30,2015,2016
2015-16,203477,Isaiah Canaan,Isaiah,1610612755,PHI,Philadelphia 76ers,21500777,2016-02-08T00:00:00,PHI vs. LAC,L,24.8,0.0,0.0,0.0,0.0,15.0,6.0,7.0,18.0,0.0,1.0,5.0,1.0,6.8,1,13074,13074,13074,11795,12059,10158,9917,18861,23079,13237,15538,13577,8004,17214,24686,12373,21328,1.0,24:50,2015,2016
2015-16,203530,Joffrey Lauvergne,Joffrey,1610612743,DEN,Denver Nuggets,21500778,2016-02-08T00:00:00,DEN @ BKN,L,5.4,0.0,0.0,0.0,2.0,5.0,2.0,2.0,10.0,0.0,0.0,1.0,0.0,4.2,1,13074,13074,13074,24208,12059,10158,9917,12984,8403,3734,4025,20209,8004,1,4972,18762,22976,1.0,5:25,2015,2016
2015-16,201229,Anthony Tolliver,Anthony,1610612765,DET,Detroit Pistons,21500779,2016-02-08T00:00:00,DET vs. TOR,L,20.2,0.0,3.0,0.0,2.0,6.0,0.0,7.0,14.0,0.0,0.0,0.0,1.0,8.6,1,13074,13074,13074,15747,12059,3104,9917,12984,10028,1,15538,17019,8004,1,1,12373,20125,1.0,20:11,2015,2016
2015-16,1626191,Chris McCullough,Chris,1610612751,BKN,Brooklyn Nets,21500778,2016-02-08T00:00:00,BKN vs. DEN,W,10.8,0.0,0.0,0.0,0.0,6.0,3.0,0.0,12.0,1.0,0.0,3.0,0.0,9.4,1,1,1,1,22108,12059,10158,9917,18861,10028,7138,1,18637,2692,1,17641,18762,19568,1.0,10:49,2015,2016
2015-16,203112,Quincy Acy,Quincy,1610612758,SAC,Sacramento Kings,21500775,2016-02-08T00:00:00,SAC @ CLE,L,4.6,0.0,3.0,0.0,2.0,1.0,3.0,0.0,0.0,0.0,0.0,0.0,1.0,7.2,1,13074,13074,13074,24495,12059,3104,9917,12984,2356,7138,1,25429,8004,1,1,12373,21035,1.0,4:38,2015,2016
2015-16,201943,Brandon Jennings,Brandon,1610612765,DET,Detroit Pistons,21500779,2016-02-08T00:00:00,DET vs. TOR,L,18.9,0.0,0.0,0.0,0.0,8.0,0.0,4.0,14.0,0.0,0.0,0.0,1.0,5.0,1,13074,13074,13074,16777,12059,10158,9917,18861,13914,1,8806,17019,8004,1,1,12373,22500,1.0,18:54,2015,2016
2015-16,203998,Bruno Caboclo,Bruno,1610612761,TOR,Toronto Raptors,21500779,2016-02-08T00:00:00,TOR @ DET,W,1.7,0.0,0.0,0.0,0.0,3.0,0.0,0.0,2.0,0.0,1.0,0.0,0.0,0.0,1,1,1,1,25624,12059,10158,9917,18861,5109,1,1,24614,8004,17214,1,18762,25170,1.0,1:43,2015,2016
2015-16,1626148,Anthony Brown,Anthony,1610612747,LAL,Los Angeles Lakers,21500776,2016-02-08T00:00:00,LAL @ IND,L,4.4,0.0,0.0,3.0,0.0,0.0,2.0,0.0,4.0,0.0,0.0,0.0,0.0,4.2,1,13074,13074,13074,24591,12059,10158,3302,18861,1,3734,1,23698,8004,1,1,18762,22976,1.0,4:23,2015,2016
2015-16,203461,Anthony Bennett,Anthony,1610612761,TOR,Toronto Raptors,21500779,2016-02-08T00:00:00,TOR @ DET,W,1.8,0.0,0.0,0.0,0.0,3.0,0.0,0.0,2.0,0.0,0.0,0.0,0.0,0.0,1,1,1,1,25607,12059,10158,9917,18861,5109,1,1,24614,8004,1,1,18762,25170,1.0,1:45,2015,2016
2015-16,204028,Tarik Black,Tarik,1610612747,LAL,Los Angeles Lakers,21500776,2016-02-08T00:00:00,LAL @ IND,L,14.8,0.0,0.0,0.0,0.0,0.0,6.0,1.0,8.0,1.0,0.0,3.0,0.0,9.0,1,13074,13074,13074,19871,12059,10158,9917,18861,1,13237,3646,21543,2692,1,17641,18762,19835,1.0,14:51,2015,2016
2015-16,202708,Norris Cole,Norris,1610612740,NOP,New Orleans Pelicans,21500782,2016-02-08T00:00:00,NOP @ MIN,W,31.7,2.0,0.0,0.0,4.0,2.0,2.0,8.0,36.0,0.0,0.0,3.0,2.0,21.6,1,1,1,1,6169,6026,10158,9917,8599,2619,3734,17194,1943,8004,1,17641,7786,10666,1.0,31:40,2015,2016
2015-16,200757,Thabo Sefolosha,Thabo,1610612737,ATL,Atlanta Hawks,21500780,2016-02-08T00:00:00,ATL vs. ORL,L,23.2,2.0,0.0,2.0,2.0,11.0,6.0,6.0,22.0,0.0,0.0,0.0,0.0,9.0,1,13074,13074,13074,13176,6026,10158,4675,12984,18886,13237,13388,10265,8004,1,1,18762,19835,1.0,23:13,2015,2016
2015-16,200779,Steve Novak,Steve,1610612760,OKC,Oklahoma City Thunder,21500783,2016-02-08T00:00:00,OKC @ PHX,W,1.2,0.0,0.0,0.0,0.0,0.0,0.0,0.0,0.0,0.0,0.0,0.0,0.0,0.0,1,1,1,1,25828,12059,10158,9917,18861,1,1,1,25429,8004,1,1,18762,25170,1.0,1:09,2015,2016
2015-16,204025,Tim Frazier,Tim,1610612757,POR,Portland Trail Blazers,21500781,2016-02-08T00:00:00,POR @ MEM,W,1.9,0.0,0.0,0.0,0.0,0.0,2.0,0.0,2.0,0.0,0.0,0.0,0.0,0.0,1,1,1,1,25553,12059,10158,9917,18861,1,3734,1,24614,8004,1,1,18762,25170,1.0,1:54,2015,2016
2015-16,204014,Damjan Rudez,Damjan,1610612750,MIN,Minnesota Timberwolves,21500782,2016-02-08T00:00:00,MIN vs. NOP,L,9.0,0.0,0.0,0.0,0.0,11.0,4.0,0.0,18.0,0.0,0.0,1.0,0.0,-1.0,1,13074,13074,13074,22853,12059,10158,9917,18861,18886,8458,1,13577,8004,1,4972,18762,25932,1.0,8:58,2015,2016
2015-16,203895,Jordan McRae,Jordan,1610612756,PHX,Phoenix Suns,21500783,2016-02-08T00:00:00,PHX vs. OKC,L,2.7,0.0,0.0,0.0,0.0,0.0,4.0,0.0,4.0,0.0,0.0,0.0,0.0,0.0,1,13074,13074,13074,25266,12059,10158,9917,18861,1,8458,1,23698,8004,1,1,18762,25170,1.0,2:39,2015,2016
2015-16,1626163,Frank Kaminsky,Frank,1610612766,CHA,Charlotte Hornets,21500774,2016-02-08T00:00:00,CHA vs. CHI,W,18.8,0.0,2.0,0.0,0.0,6.0,4.0,5.0,16.0,0.0,0.0,2.0,3.0,8.8,1,1,1,1,16882,12059,4731,9917,18861,10028,8458,11593,15259,8004,1,11390,4736,19994,1.0,18:48,2015,2016
2015-16,1626181,Norman Powell,Norman,1610612761,TOR,Toronto Raptors,21500779,2016-02-08T00:00:00,TOR @ DET,W,15.8,1.0,0.0,0.0,0.0,5.0,0.0,0.0,8.0,0.0,0.0,4.0,1.0,4.4,1,1,1,1,19160,11535,10158,9917,18861,8403,1,1,21543,8004,1,22104,12373,22837,1.0,15:50,2015,2016
2015-16,203501,Tim Hardaway Jr.,Tim,1610612737,ATL,Atlanta Hawks,21500780,2016-02-08T00:00:00,ATL vs. ORL,L,6.0,0.0,0.0,2.0,2.0,2.0,2.0,2.0,4.0,1.0,0.0,0.0,0.0,5.0,1,13074,13074,13074,23959,12059,10158,4675,12984,2619,3734,4025,23698,2692,1,1,18762,22500,1.0,6:00,2015,2016
2015-16,2449,Luis Scola,Luis,1610612761,TOR,Toronto Raptors,21500779,2016-02-08T00:00:00,TOR @ DET,W,20.2,0.0,0.0,0.0,0.0,9.0,0.0,1.0,14.0,1.0,0.0,2.0,1.0,8.9,1,1,1,1,15778,12059,10158,9917,18861,15771,1,3646,17019,2692,1,11390,12373,19914,1.0,20:09,2015,2016
2015-16,2555,Nick Collison,Nick,1610612760,OKC,Oklahoma City Thunder,21500783,2016-02-08T00:00:00,OKC @ PHX,W,3.9,0.0,0.0,0.0,0.0,4.0,2.0,0.0,2.0,0.0,0.0,2.0,0.0,-1.0,1,1,1,1,24753,12059,10158,9917,18861,6141,3734,1,24614,8004,1,11390,18762,25932,1.0,3:53,2015,2016
2015-16,203080,Thomas Robinson,Thomas,1610612751,BKN,Brooklyn Nets,21500778,2016-02-08T00:00:00,BKN vs. DEN,W,16.6,2.0,0.0,2.0,2.0,8.0,9.0,2.0,24.0,1.0,0.0,0.0,1.0,21.7,1,1,1,1,18556,6026,10158,4675,12984,13914,19144,4025,8723,2692,1,1,12373,10592,1.0,16:37,2015,2016
2015-16,203135,Robert Sacre,Robert,1610612747,LAL,Los Angeles Lakers,21500776,2016-02-08T00:00:00,LAL @ IND,L,15.0,0.0,0.0,0.0,0.0,11.0,4.0,7.0,22.0,0.0,0.0,4.0,0.0,-1.0,1,13074,13074,13074,19742,12059,10158,9917,18861,18886,8458,15538,10265,8004,1,22104,18762,25932,1.0,15:01,2015,2016
2015-16,1626245,Cristiano Felicio,Cristiano,1610612741,CHI,Chicago Bulls,21500774,2016-02-08T00:00:00,CHI @ CHA,L,2.0,0.0,0.0,0.0,0.0,0.0,0.0,0.0,0.0,0.0,0.0,0.0,0.0,0.0,1,13074,13074,13074,25524,12059,10158,9917,18861,1,1,1,25429,8004,1,1,18762,25170,1.0,2:00,2015,2016
2015-16,203099,Jared Cunningham,Jared,1610612739,CLE,Cleveland Cavaliers,21500775,2016-02-08T00:00:00,CLE vs. SAC,W,3.0,0.0,0.0,0.0,0.0,4.0,3.0,0.0,4.0,0.0,0.0,0.0,1.0,1.0,1,1,1,1,25110,12059,10158,9917,18861,6141,7138,1,23698,8004,1,1,12373,24960,1.0,3:02,2015,2016
2015-16,202087,Alonzo Gee,Alonzo,1610612740,NOP,New Orleans Pelicans,21500782,2016-02-08T00:00:00,NOP @ MIN,W,12.5,0.0,0.0,2.0,2.0,0.0,11.0,4.0,18.0,1.0,0.0,6.0,0.0,6.5,1,1,1,1,21259,12059,10158,4675,12984,1,21814,8806,13577,2692,1,25827,18762,21519,1.0,12:32,2015,2016
2015-16,201962,Toney Douglas,Toney,1610612740,NOP,New Orleans Pelicans,21500782,2016-02-08T00:00:00,NOP @ MIN,W,15.7,0.0,0.0,0.0,0.0,0.0,11.0,10.0,24.0,0.0,0.0,1.0,2.0,9.4,1,1,1,1,19292,12059,10158,9917,18861,1,21814,20169,8723,8004,1,4972,7786,19568,1.0,15:40,2015,2016
2015-16,201158,Marco Belinelli,Marco,1610612758,SAC,Sacramento Kings,21500775,2016-02-08T00:00:00,SAC @ CLE,L,26.2,2.0,0.0,0.0,0.0,18.0,16.0,11.0,26.0,0.0,1.0,1.0,2.0,9.5,1,13074,13074,13074,10714,6026,10158,9917,18861,24749,25155,21342,7214,8004,17214,4972,7786,19519,1.0,26:10,2015,2016
2015-16,203086,Meyers Leonard,Meyers,1610612757,POR,Portland Trail Blazers,21500781,2016-02-08T00:00:00,POR @ MEM,W,12.8,0.0,0.0,0.0,0.0,4.0,2.0,0.0,12.0,0.0,0.0,2.0,0.0,4.4,1,1,1,1,21081,12059,10158,9917,18861,6141,3734,1,18637,8004,1,11390,18762,22837,1.0,12:49,2015,2016
2015-16,2034,Mike Miller,Mike,1610612743,DEN,Denver Nuggets,21500778,2016-02-08T00:00:00,DEN @ BKN,L,5.8,0.0,0.0,0.0,0.0,5.0,2.0,2.0,10.0,0.0,1.0,2.0,0.0,0.2,1,13074,13074,13074,24066,12059,10158,9917,18861,8403,3734,4025,20209,8004,17214,11390,18762,25103,1.0,5:46,2015,2016
2015-16,2544,LeBron James,LeBron,1610612739,CLE,Cleveland Cavaliers,21500775,2016-02-08T00:00:00,CLE vs. SAC,W,30.9,6.0,5.0,3.0,6.0,6.0,5.0,3.0,26.0,1.0,2.0,1.0,5.0,53.0,1,1,1,1,6803,878,995,3302,5299,10028,11469,7328,7214,2692,23588,4972,1539,521,1.0,30:54,2015,2016
2015-16,203081,Damian Lillard,Damian,1610612757,POR,Portland Trail Blazers,21500781,2016-02-08T00:00:00,POR @ MEM,W,42.7,2.0,0.0,2.0,8.0,10.0,6.0,3.0,38.0,1.0,0.0,5.0,8.0,47.3,1,1,1,1,234,6026,10158,4675,3109,17370,13237,7328,1422,2692,1,24686,254,1036,1.0,42:40,2015,2016
2015-16,201587,Nicolas Batum,Nicolas,1610612766,CHA,Charlotte Hornets,21500774,2016-02-08T00:00:00,CHA vs. CHI,W,43.5,2.0,3.0,4.0,4.0,6.0,7.0,9.0,34.0,0.0,0.0,1.0,0.0,48.6,1,1,1,1,162,6026,3104,1913,8599,10028,15642,18829,2701,8004,1,4972,18762,900,1.0,43:31,2015,2016
2015-16,203468,CJ McCollum,CJ,1610612757,POR,Portland Trail Blazers,21500781,2016-02-08T00:00:00,POR @ MEM,W,38.1,8.0,0.0,4.0,16.0,8.0,2.0,6.0,34.0,1.0,3.0,5.0,3.0,43.6,1,1,1,1,1480,308,10158,1913,275,13914,3734,13388,2701,2692,25441,24686,4736,1627,1.0,38:04,2015,2016
2015-16,200765,Rajon Rondo,Rajon,1610612758,SAC,Sacramento Kings,21500775,2016-02-08T00:00:00,SAC @ CLE,L,32.8,2.0,3.0,0.0,0.0,18.0,18.0,7.0,26.0,0.0,0.0,1.0,4.0,43.6,1,13074,13074,13074,5296,6026,3104,9917,18861,24749,25634,15538,7214,8004,1,4972,2748,1627,1.0,32:46,2015,2016
2015-16,202730,Lavoy Allen,Lavoy,1610612754,IND,Indiana Pacers,21500776,2016-02-08T00:00:00,IND vs. LAL,W,17.8,0.0,0.0,0.0,0.0,2.0,2.0,9.0,10.0,1.0,0.0,1.0,1.0,7.4,1,1,1,1,17682,12059,10158,9917,18861,2619,3734,18829,20209,2692,1,4972,12373,20912,1.0,17:48,2015,2016
2015-16,2037,Jamal Crawford,Jamal,1610612746,LAC,LA Clippers,21500777,2016-02-08T00:00:00,LAC @ PHI,W,39.1,9.0,0.0,5.0,8.0,7.0,11.0,12.0,30.0,0.0,1.0,1.0,5.0,36.1,1,1,1,1,1037,171,10158,1277,3109,12242,21814,22259,4541,8004,17214,4972,1539,3432,1.0,39:06,2015,2016
2015-16,202702,Kenneth Faried,Kenneth,1610612743,DEN,Denver Nuggets,21500778,2016-02-08T00:00:00,DEN @ BKN,L,28.9,6.0,8.0,6.0,20.0,6.0,2.0,11.0,24.0,1.0,1.0,2.0,1.0,43.6,1,13074,13074,13074,8448,878,137,740,59,10028,3734,21342,8723,2692,17214,11390,12373,1627,1.0,28:54,2015,2016
2015-16,203210,JaMychal Green,JaMychal,1610612763,MEM,Memphis Grizzlies,21500781,2016-02-08T00:00:00,MEM vs. POR,L,12.8,0.0,0.0,0.0,0.0,2.0,2.0,2.0,4.0,0.0,0.0,2.0,1.0,7.4,1,13074,13074,13074,21081,12059,10158,9917,18861,2619,3734,4025,23698,8004,1,11390,12373,20912,1.0,12:49,2015,2016
2015-16,201937,Ricky Rubio,Ricky,1610612750,MIN,Minnesota Timberwolves,21500782,2016-02-08T00:00:00,MIN vs. NOP,L,27.3,2.0,0.0,2.0,0.0,14.0,11.0,10.0,30.0,0.0,0.0,2.0,3.0,24.5,1,13074,13074,13074,9778,6026,10158,4675,18861,22292,21814,20169,4541,8004,1,11390,4736,8801,1.0,27:18,2015,2016
2015-16,200752,Rudy Gay,Rudy,1610612758,SAC,Sacramento Kings,21500775,2016-02-08T00:00:00,SAC @ CLE,L,27.1,0.0,0.0,0.0,2.0,14.0,15.0,8.0,28.0,0.0,1.0,5.0,2.0,24.4,1,13074,13074,13074,9934,12059,10158,9917,12984,22292,24781,17194,5824,8004,17214,24686,7786,8867,1.0,27:05,2015,2016
2015-16,1626156,D'Angelo Russell,D'Angelo,1610612747,LAL,Los Angeles Lakers,21500776,2016-02-08T00:00:00,LAL @ IND,L,32.3,2.0,0.0,4.0,4.0,5.0,16.0,6.0,24.0,1.0,3.0,0.0,3.0,43.5,1,13074,13074,13074,5617,6026,10158,1913,8599,8403,25155,13388,8723,2692,25441,1,4736,1646,1.0,32:20,2015,2016
2015-16,203901,Elfrid Payton,Elfrid,1610612753,ORL,Orlando Magic,21500780,2016-02-08T00:00:00,ORL @ ATL,W,41.4,3.0,2.0,2.0,6.0,14.0,11.0,11.0,38.0,1.0,2.0,2.0,2.0,45.3,1,1,1,1,411,4307,4731,4675,5299,22292,21814,21342,1422,2692,23588,11390,7786,1310,1.0,41:22,2015,2016
2015-16,203924,Jerami Grant,Jerami,1610612755,PHI,Philadelphia 76ers,21500777,2016-02-08T00:00:00,PHI vs. LAC,L,33.4,2.0,5.0,0.0,10.0,16.0,3.0,14.0,28.0,1.0,0.0,5.0,6.0,35.2,1,13074,13074,13074,4836,6026,995,9917,1840,23774,7138,23710,5824,2692,1,24686,873,3745,1.0,33:23,2015,2016
2015-16,203076,Anthony Davis,Anthony,1610612740,NOP,New Orleans Pelicans,21500782,2016-02-08T00:00:00,NOP @ MIN,W,31.2,4.0,4.0,0.0,18.0,2.0,0.0,6.0,28.0,0.0,0.0,2.0,8.0,44.1,1,1,1,1,6560,2460,1596,9917,131,2619,1,13388,5824,8004,1,11390,254,1542,1.0,31:12,2015,2016
2015-16,201142,Kevin Durant,Kevin,1610612760,OKC,Oklahoma City Thunder,21500783,2016-02-08T00:00:00,OKC @ PHX,W,38.3,3.0,8.0,2.0,4.0,13.0,15.0,9.0,50.0,2.0,0.0,2.0,7.0,51.7,1,1,1,1,1390,4307,137,4675,8599,21300,24781,18829,107,932,1,11390,469,595,1.0,38:16,2015,2016
2015-16,201566,Russell Westbrook,Russell,1610612760,OKC,Oklahoma City Thunder,21500783,2016-02-08T00:00:00,OKC @ PHX,W,36.2,6.0,0.0,2.0,6.0,13.0,15.0,8.0,50.0,0.0,2.0,4.0,10.0,50.6,1,1,1,1,2595,878,10158,4675,5299,21300,24781,17194,107,8004,23588,22104,76,691,1.0,36:14,2015,2016
2015-16,203944,Julius Randle,Julius,1610612747,LAL,Los Angeles Lakers,21500776,2016-02-08T00:00:00,LAL @ IND,L,33.6,2.0,3.0,0.0,6.0,15.0,12.0,14.0,36.0,0.0,1.0,3.0,3.0,37.3,1,13074,13074,13074,4644,6026,3104,9917,5299,23079,22832,23710,1943,8004,17214,17641,4736,3105,1.0,33:38,2015,2016
2015-16,101107,Marvin Williams,Marvin,1610612766,CHA,Charlotte Hornets,21500774,2016-02-08T00:00:00,CHA vs. CHI,W,29.6,0.0,0.0,0.0,0.0,0.0,5.0,6.0,20.0,2.0,0.0,1.0,3.0,24.0,1,1,1,1,7923,12059,10158,9917,18861,1,11469,13388,11929,932,1,4972,4736,9121,1.0,29:33,2015,2016
2015-16,202681,Kyrie Irving,Kyrie,1610612739,CLE,Cleveland Cavaliers,21500775,2016-02-08T00:00:00,CLE vs. SAC,W,35.0,7.0,10.0,4.0,12.0,10.0,4.0,7.0,28.0,1.0,0.0,5.0,3.0,54.6,1,1,1,1,3534,548,34,1913,988,17370,8458,15538,5824,2692,1,24686,4736,413,1.0,35:00,2015,2016
2015-16,202689,Kemba Walker,Kemba,1610612766,CHA,Charlotte Hornets,21500774,2016-02-08T00:00:00,CHA vs. CHI,W,36.4,5.0,4.0,2.0,6.0,2.0,8.0,8.0,30.0,0.0,3.0,1.0,7.0,57.4,1,1,1,1,2485,1603,1596,4675,5299,2619,17345,17194,4541,8004,25441,4972,469,296,1.0,36:23,2015,2016
2015-16,203900,Markel Brown,Markel,1610612751,BKN,Brooklyn Nets,21500778,2016-02-08T00:00:00,BKN vs. DEN,W,24.0,2.0,5.0,2.0,6.0,8.0,9.0,2.0,32.0,0.0,0.0,1.0,4.0,24.8,1,1,1,1,12549,6026,995,4675,5299,13914,19144,4025,3535,8004,1,4972,2748,8614,1.0,24:00,2015,2016
2015-16,200794,Paul Millsap,Paul,1610612737,ATL,Atlanta Hawks,21500780,2016-02-08T00:00:00,ATL vs. ORL,L,41.6,2.0,5.0,0.0,8.0,15.0,8.0,6.0,24.0,1.0,1.0,6.0,4.0,55.6,1,13074,13074,13074,372,6026,995,9917,3109,23079,17345,13388,8723,2692,17214,25827,2748,371,1.0,41:35,2015,2016
2015-16,203457,Nerlens Noel,Nerlens,1610612755,PHI,Philadelphia 76ers,21500777,2016-02-08T00:00:00,PHI vs. LAC,L,34.3,2.0,2.0,0.0,4.0,9.0,7.0,3.0,26.0,1.0,0.0,3.0,3.0,36.8,1,13074,13074,13074,4117,6026,4731,9917,8599,15771,15642,7328,7214,2692,1,17641,4736,3241,1.0,34:17,2015,2016
2015-16,201950,Jrue Holiday,Jrue,1610612740,NOP,New Orleans Pelicans,21500782,2016-02-08T00:00:00,NOP @ MIN,W,27.9,10.0,3.0,5.0,12.0,2.0,9.0,2.0,22.0,0.0,5.0,0.0,3.0,55.7,1,1,1,1,9277,99,3104,1277,988,2619,19144,4025,10265,8004,26042,1,4736,365,1.0,27:56,2015,2016
2015-16,2200,Pau Gasol,Pau,1610612741,CHI,Chicago Bulls,21500774,2016-02-08T00:00:00,CHI @ CHA,L,32.8,0.0,2.0,3.0,6.0,11.0,17.0,7.0,22.0,3.0,0.0,0.0,6.0,58.5,1,13074,13074,13074,5273,12059,4731,3302,5299,18886,25429,15538,10265,347,1,1,873,255,1.0,32:48,2015,2016
2015-16,201143,Al Horford,Al,1610612737,ATL,Atlanta Hawks,21500780,2016-02-08T00:00:00,ATL vs. ORL,L,39.1,2.0,0.0,2.0,16.0,11.0,8.0,10.0,26.0,2.0,0.0,5.0,3.0,44.7,1,13074,13074,13074,1018,6026,10158,4675,275,18886,17345,20169,7214,932,1,24686,4736,1419,1.0,39:09,2015,2016
2015-16,201145,Jeff Green,Jeff,1610612763,MEM,Memphis Grizzlies,21500781,2016-02-08T00:00:00,MEM vs. POR,L,38.6,0.0,0.0,0.0,4.0,12.0,4.0,8.0,42.0,2.0,0.0,1.0,2.0,24.7,1,13074,13074,13074,1224,12059,10158,9917,8599,20178,8458,17194,670,932,1,4972,7786,8673,1.0,38:36,2015,2016
2015-16,101108,Chris Paul,Chris,1610612746,LAC,LA Clippers,21500777,2016-02-08T00:00:00,LAC @ PHI,W,39.7,4.0,4.0,2.0,2.0,9.0,10.0,18.0,36.0,0.0,2.0,3.0,12.0,45.7,1,1,1,1,832,2460,1596,4675,12984,15771,20509,25228,1943,8004,23588,17641,27,1251,1.0,39:39,2015,2016
2015-16,201599,DeAndre Jordan,DeAndre,1610612746,LAC,LA Clippers,21500777,2016-02-08T00:00:00,LAC @ PHI,W,42.7,2.0,3.0,0.0,10.0,6.0,10.0,18.0,40.0,3.0,0.0,4.0,6.0,45.7,1,1,1,1,231,6026,3104,9917,1840,10028,20509,25228,983,347,1,22104,873,1251,1.0,42:42,2015,2016
2015-16,202696,Nikola Vučević,Nikola,1610612753,ORL,Orlando Magic,21500780,2016-02-08T00:00:00,ORL @ ATL,W,43.4,8.0,2.0,0.0,10.0,12.0,8.0,7.0,36.0,1.0,0.0,4.0,7.0,54.6,1,1,1,1,177,308,4731,9917,1840,20178,17345,15538,1943,2692,1,22104,469,413,1.0,43:22,2015,2016
2015-16,203506,Victor Oladipo,Victor,1610612753,ORL,Orlando Magic,21500780,2016-02-08T00:00:00,ORL @ ATL,W,30.1,0.0,1.0,2.0,2.0,10.0,6.0,7.0,30.0,1.0,1.0,2.0,3.0,29.8,1,1,1,1,7442,12059,9709,4675,12984,17370,13237,15538,4541,2692,17214,11390,4736,5948,1.0,30:07,2015,2016
2015-16,201585,Kosta Koufos,Kosta,1610612758,SAC,Sacramento Kings,21500775,2016-02-08T00:00:00,SAC @ CLE,L,18.8,0.0,2.0,2.0,8.0,8.0,0.0,6.0,18.0,1.0,0.0,2.0,1.0,23.9,1,13074,13074,13074,16885,12059,4731,4675,3109,13914,1,13388,13577,2692,1,11390,12373,9184,1.0,18:47,2015,2016
2015-16,203459,Allen Crabbe,Allen,1610612757,POR,Portland Trail Blazers,21500781,2016-02-08T00:00:00,POR @ MEM,W,20.7,4.0,4.0,4.0,6.0,2.0,2.0,3.0,18.0,1.0,0.0,1.0,1.0,28.8,1,1,1,1,15343,2460,1596,1913,5299,2619,3734,7328,13577,2692,1,4972,12373,6465,1.0,20:39,2015,2016
2015-16,1626143,Jahlil Okafor,Jahlil,1610612755,PHI,Philadelphia 76ers,21500777,2016-02-08T00:00:00,PHI vs. LAC,L,29.8,2.0,4.0,4.0,12.0,19.0,4.0,15.0,20.0,3.0,1.0,3.0,2.0,35.3,1,13074,13074,13074,7705,6026,1596,1913,988,25074,8458,24242,11929,347,17214,17641,7786,3719,1.0,29:50,2015,2016
2015-16,202326,DeMarcus Cousins,DeMarcus,1610612758,SAC,Sacramento Kings,21500775,2016-02-08T00:00:00,SAC @ CLE,L,29.2,0.0,0.0,0.0,6.0,15.0,20.0,9.0,26.0,1.0,2.0,4.0,7.0,29.1,1,13074,13074,13074,8209,12059,10158,9917,5299,23079,25875,18829,7214,2692,23588,22104,469,6285,1.0,29:12,2015,2016
2015-16,203471,Dennis Schröder,Dennis,1610612737,ATL,Atlanta Hawks,21500780,2016-02-08T00:00:00,ATL vs. ORL,L,18.6,0.0,0.0,0.0,4.0,10.0,4.0,4.0,18.0,0.0,0.0,1.0,0.0,15.2,1,13074,13074,13074,17025,12059,10158,9917,8599,17370,8458,8806,13577,8004,1,4972,18762,15219,1.0,18:35,2015,2016
2015-16,202341,James Anderson,James,1610612758,SAC,Sacramento Kings,21500775,2016-02-08T00:00:00,SAC @ CLE,L,16.8,2.0,0.0,0.0,4.0,5.0,5.0,2.0,12.0,2.0,0.0,5.0,0.0,15.1,1,13074,13074,13074,18417,6026,10158,9917,8599,8403,11469,4025,18637,932,1,24686,18762,15328,1.0,16:48,2015,2016
2015-16,201568,Danilo Gallinari,Danilo,1610612743,DEN,Denver Nuggets,21500778,2016-02-08T00:00:00,DEN @ BKN,L,41.4,0.0,4.0,0.0,6.0,8.0,6.0,11.0,38.0,0.0,0.0,1.0,5.0,43.1,1,13074,13074,13074,397,12059,1596,9917,5299,13914,13237,21342,1422,8004,1,4972,1539,1713,1.0,41:26,2015,2016
2015-16,1626199,Darrun Hilliard,Darrun,1610612765,DET,Detroit Pistons,21500779,2016-02-08T00:00:00,DET vs. TOR,L,25.5,2.0,4.0,0.0,8.0,12.0,0.0,5.0,20.0,0.0,0.0,2.0,0.0,20.5,1,13074,13074,13074,11337,6026,1596,9917,3109,20178,1,11593,11929,8004,1,11390,18762,11401,1.0,25:27,2015,2016
2015-16,203486,Mason Plumlee,Mason,1610612757,POR,Portland Trail Blazers,21500781,2016-02-08T00:00:00,POR @ MEM,W,24.4,2.0,0.0,2.0,4.0,10.0,0.0,2.0,22.0,0.0,0.0,3.0,2.0,12.2,1,1,1,1,12191,6026,10158,4675,8599,17370,1,4025,10265,8004,1,17641,7786,17566,1.0,24:26,2015,2016
2015-16,203897,Zach LaVine,Zach,1610612750,MIN,Minnesota Timberwolves,21500782,2016-02-08T00:00:00,MIN vs. NOP,L,28.4,0.0,2.0,4.0,4.0,12.0,5.0,7.0,28.0,3.0,1.0,2.0,3.0,26.4,1,13074,13074,13074,8926,12059,4731,1913,8599,20178,11469,15538,5824,347,17214,11390,4736,7672,1.0,28:24,2015,2016
2015-16,203894,Shabazz Napier,Shabazz,1610612753,ORL,Orlando Magic,21500780,2016-02-08T00:00:00,ORL @ ATL,W,13.2,0.0,0.0,0.0,2.0,2.0,2.0,4.0,14.0,0.0,0.0,1.0,0.0,15.1,1,1,1,1,20893,12059,10158,9917,12984,2619,3734,8806,17019,8004,1,4972,18762,15328,1.0,13:09,2015,2016
2015-16,203090,Maurice Harkless,Maurice,1610612757,POR,Portland Trail Blazers,21500781,2016-02-08T00:00:00,POR @ MEM,W,23.5,0.0,0.0,0.0,8.0,2.0,2.0,3.0,24.0,0.0,0.0,1.0,4.0,15.4,1,1,1,1,12992,12059,10158,9917,3109,2619,3734,7328,8723,8004,1,4972,2748,15066,1.0,23:28,2015,2016
2015-16,2216,Zach Randolph,Zach,1610612763,MEM,Memphis Grizzlies,21500781,2016-02-08T00:00:00,MEM vs. POR,L,40.1,4.0,2.0,0.0,16.0,12.0,2.0,8.0,36.0,0.0,3.0,2.0,3.0,41.8,1,13074,13074,13074,716,2460,4731,9917,275,20178,3734,17194,1943,8004,25441,11390,4736,1981,1.0,40:04,2015,2016
2015-16,2207,Joe Johnson,Joe,1610612751,BKN,Brooklyn Nets,21500778,2016-02-08T00:00:00,BKN vs. DEN,W,29.6,2.0,0.0,0.0,4.0,6.0,10.0,4.0,28.0,0.0,0.0,0.0,1.0,31.6,1,1,1,1,7908,6026,10158,9917,8599,10028,20509,8806,5824,8004,1,1,12373,5130,1.0,29:34,2015,2016
2015-16,201152,Thaddeus Young,Thaddeus,1610612751,BKN,Brooklyn Nets,21500778,2016-02-08T00:00:00,BKN vs. DEN,W,37.2,2.0,0.0,6.0,16.0,6.0,14.0,6.0,40.0,3.0,1.0,2.0,4.0,40.4,1,1,1,1,1973,6026,10158,740,275,10028,24300,13388,983,347,17214,11390,2748,2274,1.0,37:11,2015,2016
2015-16,2594,Kyle Korver,Kyle,1610612737,ATL,Atlanta Hawks,21500780,2016-02-08T00:00:00,ATL vs. ORL,L,35.9,3.0,3.0,0.0,2.0,11.0,8.0,4.0,14.0,0.0,1.0,2.0,2.0,30.6,1,13074,13074,13074,2843,4307,3104,9917,12984,18886,17345,8806,17019,8004,17214,11390,7786,5574,1.0,35:54,2015,2016
2015-16,203498,Shabazz Muhammad,Shabazz,1610612750,MIN,Minnesota Timberwolves,21500782,2016-02-08T00:00:00,MIN vs. NOP,L,24.5,0.0,9.0,0.0,8.0,14.0,5.0,7.0,28.0,0.0,1.0,2.0,5.0,26.3,1,13074,13074,13074,12102,12059,77,9917,3109,22292,11469,15538,5824,8004,17214,11390,1539,7733,1.0,24:31,2015,2016
2015-16,1626164,Devin Booker,Devin,1610612756,PHX,Phoenix Suns,21500783,2016-02-08T00:00:00,PHX vs. OKC,L,28.9,0.0,0.0,0.0,2.0,14.0,18.0,15.0,22.0,1.0,1.0,6.0,4.0,15.6,1,13074,13074,13074,8448,12059,10158,9917,12984,22292,25634,24242,10265,2692,17214,25827,2748,14916,1.0,28:54,2015,2016
2015-16,202704,Reggie Jackson,Reggie,1610612765,DET,Detroit Pistons,21500779,2016-02-08T00:00:00,DET vs. TOR,L,29.1,0.0,0.0,0.0,8.0,14.0,2.0,12.0,24.0,0.0,0.0,5.0,1.0,15.7,1,13074,13074,13074,8295,12059,10158,9917,3109,22292,3734,22259,8723,8004,1,24686,12373,14841,1.0,29:06,2015,2016
2015-16,101150,Lou Williams,Lou,1610612747,LAL,Los Angeles Lakers,21500776,2016-02-08T00:00:00,LAL @ IND,L,26.4,2.0,2.0,0.0,4.0,15.0,4.0,13.0,28.0,0.0,0.0,0.0,5.0,20.1,1,13074,13074,13074,10549,6026,4731,9917,8599,23079,8458,23048,5824,8004,1,1,1539,11685,1.0,26:23,2015,2016
2015-16,203503,Tony Snell,Tony,1610612741,CHI,Chicago Bulls,21500774,2016-02-08T00:00:00,CHI @ CHA,L,19.4,0.0,0.0,0.0,0.0,2.0,5.0,8.0,10.0,0.0,1.0,0.0,2.0,15.2,1,13074,13074,13074,16363,12059,10158,9917,18861,2619,11469,17194,20209,8004,17214,1,7786,15219,1.0,19:26,2015,2016
2015-16,201596,Mario Chalmers,Mario,1610612763,MEM,Memphis Grizzlies,21500781,2016-02-08T00:00:00,MEM vs. POR,L,23.5,2.0,0.0,2.0,4.0,8.0,4.0,8.0,20.0,0.0,1.0,3.0,4.0,19.9,1,13074,13074,13074,12991,6026,10158,4675,8599,13914,8458,17194,11929,8004,17214,17641,2748,11824,1.0,23:28,2015,2016
2015-16,203138,Hollis Thompson,Hollis,1610612755,PHI,Philadelphia 76ers,21500777,2016-02-08T00:00:00,PHI vs. LAC,L,34.9,3.0,0.0,0.0,0.0,20.0,7.0,16.0,30.0,0.0,0.0,1.0,3.0,15.7,1,13074,13074,13074,3612,4307,10158,9917,18861,25338,15642,24641,4541,8004,1,4972,4736,14841,1.0,34:54,2015,2016
2015-16,203083,Andre Drummond,Andre,1610612765,DET,Detroit Pistons,21500779,2016-02-08T00:00:00,DET vs. TOR,L,30.2,7.0,0.0,0.0,6.0,16.0,2.0,9.0,26.0,0.0,0.0,3.0,5.0,31.6,1,13074,13074,13074,7350,548,10158,9917,5299,23774,3734,18829,7214,8004,1,17641,1539,5130,1.0,30:12,2015,2016
2015-16,202685,Jonas Valančiūnas,Jonas,1610612761,TOR,Toronto Raptors,21500779,2016-02-08T00:00:00,TOR @ DET,W,25.4,4.0,2.0,0.0,10.0,9.0,0.0,1.0,14.0,1.0,0.0,3.0,1.0,40.1,1,1,1,1,11397,2460,4731,9917,1840,15771,1,3646,17019,2692,1,17641,12373,2345,1.0,25:22,2015,2016
2015-16,1626209,Mario Hezonja,Mario,1610612753,ORL,Orlando Magic,21500780,2016-02-08T00:00:00,ORL @ ATL,W,32.3,2.0,0.0,2.0,6.0,6.0,5.0,4.0,22.0,0.0,1.0,2.0,0.0,26.3,1,1,1,1,5647,6026,10158,4675,5299,10028,11469,8806,10265,8004,17214,11390,18762,7733,1.0,32:19,2015,2016
2015-16,202389,Timofey Mozgov,Timofey,1610612739,CLE,Cleveland Cavaliers,21500775,2016-02-08T00:00:00,CLE vs. SAC,W,20.8,0.0,0.0,2.0,4.0,4.0,4.0,8.0,22.0,2.0,0.0,3.0,0.0,12.4,1,1,1,1,15257,12059,10158,4675,8599,6141,8458,17194,10265,932,1,17641,18762,17418,1.0,20:46,2015,2016
2015-16,203914,Gary Harris,Gary,1610612743,DEN,Denver Nuggets,21500778,2016-02-08T00:00:00,DEN @ BKN,L,39.6,0.0,0.0,0.0,6.0,8.0,5.0,11.0,36.0,0.0,0.0,1.0,0.0,30.1,1,13074,13074,13074,851,12059,10158,9917,5299,13914,11469,21342,1943,8004,1,4972,18762,5794,1.0,39:36,2015,2016
2015-16,201586,Serge Ibaka,Serge,1610612760,OKC,Oklahoma City Thunder,21500783,2016-02-08T00:00:00,OKC @ PHX,W,26.9,0.0,2.0,2.0,6.0,11.0,9.0,8.0,34.0,2.0,0.0,5.0,0.0,20.0,1,1,1,1,10117,12059,4731,4675,5299,18886,19144,17194,2701,932,1,24686,18762,11752,1.0,26:53,2015,2016
2015-16,200768,Kyle Lowry,Kyle,1610612761,TOR,Toronto Raptors,21500779,2016-02-08T00:00:00,TOR @ DET,W,37.8,6.0,0.0,4.0,8.0,20.0,11.0,3.0,32.0,0.0,0.0,1.0,8.0,43.1,1,1,1,1,1629,878,10158,1913,3109,25338,21814,7328,3535,8004,1,4972,254,1713,1.0,37:45,2015,2016
2015-16,203994,Jusuf Nurkić,Jusuf,1610612743,DEN,Denver Nuggets,21500778,2016-02-08T00:00:00,DEN @ BKN,L,17.4,0.0,2.0,0.0,6.0,4.0,4.0,0.0,14.0,0.0,2.0,2.0,2.0,21.7,1,13074,13074,13074,17976,12059,4731,9917,5299,6141,8458,1,17019,8004,23588,11390,7786,10592,1.0,17:23,2015,2016
2015-16,202693,Markieff Morris,Markieff,1610612756,PHX,Phoenix Suns,21500783,2016-02-08T00:00:00,PHX vs. OKC,L,32.2,2.0,3.0,1.0,10.0,22.0,8.0,11.0,22.0,1.0,1.0,3.0,10.0,38.9,1,13074,13074,13074,5730,6026,3104,9347,1840,25683,17345,21342,10265,2692,17214,17641,76,2667,1.0,32:11,2015,2016
2015-16,1626145,Tyus Jones,Tyus,1610612750,MIN,Minnesota Timberwolves,21500782,2016-02-08T00:00:00,MIN vs. NOP,L,12.0,0.0,0.0,2.0,2.0,0.0,5.0,2.0,8.0,0.0,0.0,0.0,1.0,14.1,1,13074,13074,13074,21529,12059,10158,4675,12984,1,11469,4025,21543,8004,1,1,12373,16094,1.0,12:00,2015,2016
2015-16,1626171,Bobby Portis,Bobby,1610612741,CHI,Chicago Bulls,21500774,2016-02-08T00:00:00,CHI @ CHA,L,20.3,0.0,2.0,0.0,2.0,5.0,5.0,8.0,10.0,1.0,1.0,5.0,2.0,17.7,1,13074,13074,13074,15617,12059,4731,9917,12984,8403,11469,17194,20209,2692,17214,24686,7786,13380,1.0,20:20,2015,2016
2015-16,203095,Evan Fournier,Evan,1610612753,ORL,Orlando Magic,21500780,2016-02-08T00:00:00,ORL @ ATL,W,42.3,0.0,0.0,2.0,6.0,10.0,9.0,7.0,34.0,0.0,0.0,4.0,4.0,32.6,1,1,1,1,279,12059,10158,4675,5299,17370,19144,15538,2701,8004,1,22104,2748,4687,1.0,42:16,2015,2016
2015-16,202331,Paul George,Paul,1610612754,IND,Indiana Pacers,21500776,2016-02-08T00:00:00,IND vs. LAL,W,34.8,3.0,6.0,3.0,8.0,13.0,13.0,3.0,14.0,2.0,0.0,3.0,7.0,38.8,1,1,1,1,3676,4307,481,3302,3109,21300,23668,7328,17019,932,1,17641,469,2692,1.0,34:49,2015,2016
2015-16,201956,Omri Casspi,Omri,1610612758,SAC,Sacramento Kings,21500775,2016-02-08T00:00:00,SAC @ CLE,L,29.2,5.0,2.0,2.0,6.0,7.0,12.0,9.0,24.0,0.0,0.0,1.0,4.0,32.7,1,13074,13074,13074,8241,1603,4731,4675,5299,12242,22832,18829,8723,8004,1,4972,2748,4649,1.0,29:10,2015,2016
2015-16,201188,Marc Gasol,Marc,1610612763,MEM,Memphis Grizzlies,21500781,2016-02-08T00:00:00,MEM vs. POR,L,11.0,4.0,0.0,0.0,4.0,6.0,0.0,6.0,10.0,0.0,0.0,0.0,3.0,17.6,1,13074,13074,13074,22037,2460,10158,9917,8599,10028,1,13388,20209,8004,1,1,4736,13443,1.0,10:59,2015,2016
2015-16,203926,Doug McDermott,Doug,1610612741,CHI,Chicago Bulls,21500774,2016-02-08T00:00:00,CHI @ CHA,L,31.9,2.0,0.0,3.0,8.0,7.0,14.0,11.0,20.0,0.0,0.0,3.0,2.0,17.6,1,13074,13074,13074,6018,6026,10158,3302,3109,12242,24300,21342,11929,8004,1,17641,7786,13443,1.0,31:52,2015,2016
2015-16,202334,Ed Davis,Ed,1610612757,POR,Portland Trail Blazers,21500781,2016-02-08T00:00:00,POR @ MEM,W,25.6,0.0,0.0,0.0,4.0,0.0,4.0,4.0,22.0,3.0,0.0,4.0,3.0,32.1,1,1,1,1,11222,12059,10158,9917,8599,1,8458,8806,10265,347,1,22104,4736,4889,1.0,25:36,2015,2016
2015-16,202713,Kyle Singler,Kyle,1610612760,OKC,Oklahoma City Thunder,21500783,2016-02-08T00:00:00,OKC @ PHX,W,19.2,2.0,4.0,2.0,2.0,10.0,5.0,4.0,16.0,0.0,0.0,3.0,2.0,16.8,1,1,1,1,16499,6026,1596,4675,12984,17370,11469,8806,15259,8004,1,17641,7786,13996,1.0,19:14,2015,2016
2015-16,201588,George Hill,George,1610612754,IND,Indiana Pacers,21500776,2016-02-08T00:00:00,IND vs. LAL,W,34.5,8.0,0.0,7.0,6.0,15.0,11.0,3.0,16.0,0.0,1.0,1.0,3.0,32.2,1,1,1,1,3929,308,10158,454,5299,23079,21814,7328,15259,8004,17214,4972,4736,4846,1.0,34:31,2015,2016
2015-16,203500,Steven Adams,Steven,1610612760,OKC,Oklahoma City Thunder,21500783,2016-02-08T00:00:00,OKC @ PHX,W,24.5,2.0,2.0,2.0,2.0,8.0,12.0,5.0,32.0,0.0,1.0,5.0,4.0,16.8,1,1,1,1,12083,6026,4731,4675,12984,13914,22832,11593,3535,8004,17214,24686,2748,13996,1.0,24:32,2015,2016
2015-16,2210,Richard Jefferson,Richard,1610612739,CLE,Cleveland Cavaliers,21500775,2016-02-08T00:00:00,CLE vs. SAC,W,17.1,0.0,3.0,0.0,4.0,8.0,7.0,6.0,16.0,0.0,0.0,1.0,1.0,16.8,1,1,1,1,18196,12059,3104,9917,8599,13914,15642,13388,15259,8004,1,4972,12373,13996,1.0,17:06,2015,2016
2015-16,2550,Kirk Hinrich,Kirk,1610612741,CHI,Chicago Bulls,21500774,2016-02-08T00:00:00,CHI @ CHA,L,25.5,0.0,0.0,0.0,0.0,8.0,10.0,8.0,16.0,0.0,1.0,3.0,0.0,13.9,1,13074,13074,13074,11267,12059,10158,9917,18861,13914,20509,17194,15259,8004,17214,17641,18762,16232,1.0,25:32,2015,2016
2015-16,1626167,Myles Turner,Myles,1610612754,IND,Indiana Pacers,21500776,2016-02-08T00:00:00,IND vs. LAL,W,29.9,0.0,2.0,0.0,8.0,13.0,8.0,0.0,12.0,0.0,0.0,4.0,3.0,28.1,1,1,1,1,7667,12059,4731,9917,3109,21300,17345,1,18637,8004,1,22104,4736,6818,1.0,29:52,2015,2016
2015-16,203079,Dion Waiters,Dion,1610612760,OKC,Oklahoma City Thunder,21500783,2016-02-08T00:00:00,OKC @ PHX,W,40.7,4.0,0.0,7.0,4.0,13.0,15.0,9.0,50.0,1.0,1.0,2.0,4.0,32.2,1,1,1,1,545,2460,10158,454,8599,21300,24781,18829,107,2692,17214,11390,2748,4846,1.0,40:45,2015,2016
2015-16,2747,JR Smith,JR,1610612739,CLE,Cleveland Cavaliers,21500775,2016-02-08T00:00:00,CLE vs. SAC,W,30.8,3.0,3.0,2.0,4.0,6.0,5.0,1.0,22.0,0.0,1.0,2.0,0.0,32.8,1,1,1,1,6881,4307,3104,4675,8599,10028,11469,3646,10265,8004,17214,11390,18762,4609,1.0,30:49,2015,2016
2015-16,202397,Ish Smith,Ish,1610612755,PHI,Philadelphia 76ers,21500777,2016-02-08T00:00:00,PHI vs. LAC,L,33.4,0.0,0.0,5.0,8.0,12.0,7.0,4.0,18.0,0.0,1.0,4.0,2.0,38.3,1,13074,13074,13074,4798,12059,10158,1277,3109,20178,15642,8806,13577,8004,17214,22104,7786,2826,1.0,33:25,2015,2016
2015-16,201160,Jason Smith,Jason,1610612753,ORL,Orlando Magic,21500780,2016-02-08T00:00:00,ORL @ ATL,W,22.3,4.0,0.0,0.0,0.0,6.0,3.0,7.0,22.0,4.0,0.0,0.0,1.0,32.5,1,1,1,1,13901,2460,10158,9917,18861,10028,7138,15538,10265,132,1,1,12373,4726,1.0,22:20,2015,2016
2015-16,200782,P.J. Tucker,P.J.,1610612756,PHX,Phoenix Suns,21500783,2016-02-08T00:00:00,PHX vs. OKC,L,46.0,8.0,6.0,4.0,14.0,19.0,20.0,19.0,32.0,0.0,1.0,6.0,2.0,38.0,1,13074,13074,13074,61,308,481,1913,542,25074,25875,25435,3535,8004,17214,25827,7786,2903,1.0,45:58,2015,2016
2015-16,203082,Terrence Ross,Terrence,1610612761,TOR,Toronto Raptors,21500779,2016-02-08T00:00:00,TOR @ DET,W,29.4,2.0,0.0,5.0,4.0,21.0,15.0,3.0,30.0,0.0,0.0,3.0,0.0,31.8,1,1,1,1,8087,6026,10158,1277,8599,25535,24781,7328,4541,8004,1,17641,18762,5041,1.0,29:21,2015,2016
2015-16,201952,Jeff Teague,Jeff,1610612737,ATL,Atlanta Hawks,21500780,2016-02-08T00:00:00,ATL vs. ORL,L,34.3,5.0,2.0,5.0,6.0,9.0,8.0,6.0,18.0,0.0,3.0,2.0,4.0,32.1,1,13074,13074,13074,4099,1603,4731,1277,5299,15771,17345,13388,13577,8004,25441,11390,2748,4889,1.0,34:18,2015,2016
2015-16,201954,Darren Collison,Darren,1610612758,SAC,Sacramento Kings,21500775,2016-02-08T00:00:00,SAC @ CLE,L,21.2,2.0,0.0,4.0,4.0,3.0,6.0,6.0,22.0,0.0,0.0,2.0,2.0,17.0,1,13074,13074,13074,14849,6026,10158,1913,8599,5109,13237,13388,10265,8004,1,11390,7786,13855,1.0,21:14,2015,2016
2015-16,203946,Cameron Bairstow,Cameron,1610612741,CHI,Chicago Bulls,21500774,2016-02-08T00:00:00,CHI @ CHA,L,18.6,4.0,2.0,0.0,4.0,0.0,7.0,2.0,10.0,2.0,1.0,2.0,2.0,17.4,1,13074,13074,13074,17055,2460,4731,9917,8599,1,15642,4025,20209,932,17214,11390,7786,13595,1.0,18:33,2015,2016
2015-16,202694,Marcus Morris Sr.,Marcus,1610612765,DET,Detroit Pistons,21500779,2016-02-08T00:00:00,DET vs. TOR,L,36.8,2.0,0.0,2.0,2.0,18.0,2.0,14.0,30.0,1.0,0.0,2.0,5.0,38.0,1,13074,13074,13074,2204,6026,10158,4675,12984,24749,3734,23710,4541,2692,1,11390,1539,2903,1.0,36:49,2015,2016
2015-16,203382,Aron Baynes,Aron,1610612765,DET,Detroit Pistons,21500779,2016-02-08T00:00:00,DET vs. TOR,L,17.8,4.0,4.0,0.0,6.0,6.0,0.0,7.0,12.0,1.0,0.0,1.0,3.0,22.7,1,13074,13074,13074,17667,2460,1596,9917,5299,10028,1,15538,18637,2692,1,4972,4736,9938,1.0,17:48,2015,2016
2015-16,203145,Kent Bazemore,Kent,1610612737,ATL,Atlanta Hawks,21500780,2016-02-08T00:00:00,ATL vs. ORL,L,41.0,0.0,0.0,0.0,2.0,14.0,8.0,8.0,32.0,0.0,2.0,2.0,6.0,28.6,1,13074,13074,13074,488,12059,10158,9917,12984,22292,17345,17194,3535,8004,23588,11390,873,6560,1.0,40:60,2015,2016
2015-16,201600,Omer Asik,Omer,1610612740,NOP,New Orleans Pelicans,21500782,2016-02-08T00:00:00,NOP @ MIN,W,17.0,0.0,4.0,0.0,4.0,2.0,0.0,4.0,14.0,0.0,0.0,1.0,1.0,13.6,1,1,1,1,18285,12059,1596,9917,8599,2619,1,8806,17019,8004,1,4972,12373,16460,1.0,16:60,2015,2016
2015-16,202325,Wesley Johnson,Wesley,1610612746,LAC,LA Clippers,21500777,2016-02-08T00:00:00,LAC @ PHI,W,41.8,0.0,0.0,2.0,2.0,6.0,10.0,16.0,38.0,1.0,0.0,4.0,0.0,28.8,1,1,1,1,344,12059,10158,4675,12984,10028,20509,24641,1422,2692,1,22104,18762,6465,1.0,41:48,2015,2016
2015-16,1626144,Emmanuel Mudiay,Emmanuel,1610612743,DEN,Denver Nuggets,21500778,2016-02-08T00:00:00,DEN @ BKN,L,35.5,1.0,0.0,0.0,4.0,13.0,5.0,13.0,36.0,0.0,0.0,1.0,2.0,28.2,1,13074,13074,13074,3179,11535,10158,9917,8599,21300,11469,23048,1943,8004,1,4972,7786,6778,1.0,35:28,2015,2016
2015-16,1626161,Willie Cauley-Stein,Willie,1610612758,SAC,Sacramento Kings,21500775,2016-02-08T00:00:00,SAC @ CLE,L,29.5,1.0,2.0,1.0,10.0,20.0,17.0,7.0,18.0,0.0,1.0,2.0,1.0,17.3,1,13074,13074,13074,7944,11535,4731,9347,1840,25338,25429,15538,13577,8004,17214,11390,12373,13671,1.0,29:32,2015,2016
2015-16,203952,Andrew Wiggins,Andrew,1610612750,MIN,Minnesota Timberwolves,21500782,2016-02-08T00:00:00,MIN vs. NOP,L,31.1,0.0,0.0,0.0,6.0,16.0,11.0,12.0,36.0,2.0,0.0,2.0,5.0,21.0,1,13074,13074,13074,6637,12059,10158,9917,5299,23774,21814,22259,1943,932,1,11390,1539,11077,1.0,31:06,2015,2016
2015-16,202332,Cole Aldrich,Cole,1610612746,LAC,LA Clippers,21500777,2016-02-08T00:00:00,LAC @ PHI,W,10.3,2.0,2.0,2.0,8.0,7.0,3.0,0.0,4.0,0.0,0.0,1.0,2.0,16.6,1,1,1,1,22321,6026,4731,4675,3109,12242,7138,1,23698,8004,1,4972,7786,14125,1.0,10:18,2015,2016
2015-16,203496,Robert Covington,Robert,1610612755,PHI,Philadelphia 76ers,21500777,2016-02-08T00:00:00,PHI vs. LAC,L,34.0,2.0,2.0,4.0,6.0,8.0,7.0,12.0,20.0,0.0,0.0,4.0,2.0,17.9,1,13074,13074,13074,4319,6026,4731,1913,5299,13914,15642,22259,11929,8004,1,22104,7786,13229,1.0,34:02,2015,2016
2015-16,203087,Jeremy Lamb,Jeremy,1610612766,CHA,Charlotte Hornets,21500774,2016-02-08T00:00:00,CHA vs. CHI,W,16.1,3.0,0.0,0.0,0.0,4.0,3.0,5.0,8.0,0.0,1.0,1.0,1.0,7.7,1,1,1,1,18959,4307,10158,9917,18861,6141,7138,11593,21543,8004,17214,4972,12373,20733,1.0,16:06,2015,2016
2015-16,201619,Sasha Kaun,Sasha,1610612739,CLE,Cleveland Cavaliers,21500775,2016-02-08T00:00:00,CLE vs. SAC,W,3.0,1.0,0.0,0.0,0.0,4.0,3.0,0.0,4.0,0.0,0.0,1.0,1.0,2.2,1,1,1,1,25110,11535,10158,9917,18861,6141,7138,1,23698,8004,1,4972,12373,24138,1.0,3:02,2015,2016
2015-16,201961,Wayne Ellington,Wayne,1610612751,BKN,Brooklyn Nets,21500778,2016-02-08T00:00:00,BKN vs. DEN,W,19.5,0.0,0.0,0.0,0.0,5.0,5.0,2.0,16.0,0.0,0.0,0.0,0.0,8.4,1,1,1,1,16329,12059,10158,9917,18861,8403,11469,4025,15259,8004,1,1,18762,20273,1.0,19:29,2015,2016
2015-16,201601,Luc Mbah a Moute,Luc,1610612746,LAC,LA Clippers,21500777,2016-02-08T00:00:00,LAC @ PHI,W,23.0,0.0,0.0,0.0,2.0,9.0,3.0,8.0,18.0,0.0,1.0,1.0,0.0,16.1,1,1,1,1,13345,12059,10158,9917,12984,15771,7138,17194,13577,8004,17214,4972,18762,14515,1.0,23:03,2015,2016
2015-16,201959,Taj Gibson,Taj,1610612741,CHI,Chicago Bulls,21500774,2016-02-08T00:00:00,CHI @ CHA,L,22.3,0.0,3.0,0.0,8.0,10.0,5.0,9.0,14.0,0.0,3.0,2.0,2.0,18.4,1,13074,13074,13074,13905,12059,3104,9917,3109,17370,11469,18829,17019,8004,25441,11390,7786,12854,1.0,22:19,2015,2016
2015-16,203903,Jordan Clarkson,Jordan,1610612747,LAL,Los Angeles Lakers,21500776,2016-02-08T00:00:00,LAL @ IND,L,32.9,4.0,2.0,0.0,0.0,10.0,14.0,11.0,32.0,0.0,1.0,6.0,2.0,21.6,1,13074,13074,13074,5205,2460,4731,9917,18861,17370,24300,21342,3535,8004,17214,25827,7786,10666,1.0,32:54,2015,2016
2015-16,202357,Nemanja Bjelica,Nemanja,1610612750,MIN,Minnesota Timberwolves,21500782,2016-02-08T00:00:00,MIN vs. NOP,L,12.0,0.0,0.0,4.0,10.0,0.0,5.0,2.0,8.0,0.0,0.0,2.0,0.0,16.3,1,13074,13074,13074,21529,12059,10158,1913,1840,1,11469,4025,21543,8004,1,11390,18762,14372,1.0,12:00,2015,2016
2015-16,203141,Mirza Teletovic,Mirza,1610612756,PHX,Phoenix Suns,21500783,2016-02-08T00:00:00,PHX vs. OKC,L,20.4,4.0,2.0,0.0,2.0,9.0,12.0,10.0,16.0,0.0,1.0,2.0,2.0,16.5,1,13074,13074,13074,15578,2460,4731,9917,12984,15771,22832,20169,15259,8004,17214,11390,7786,14224,1.0,20:23,2015,2016
2015-16,202697,Iman Shumpert,Iman,1610612739,CLE,Cleveland Cavaliers,21500775,2016-02-08T00:00:00,CLE vs. SAC,W,24.7,2.0,2.0,2.0,6.0,8.0,10.0,8.0,28.0,0.0,0.0,4.0,2.0,18.7,1,1,1,1,11898,6026,4731,4675,5299,13914,20509,17194,5824,8004,1,22104,7786,12648,1.0,24:44,2015,2016
2015-16,203552,Seth Curry,Seth,1610612758,SAC,Sacramento Kings,21500775,2016-02-08T00:00:00,SAC @ CLE,L,4.6,0.0,0.0,0.0,0.0,1.0,3.0,0.0,0.0,0.0,0.0,0.0,1.0,3.0,1,13074,13074,13074,24495,12059,10158,9917,18861,2356,7138,1,25429,8004,1,1,12373,23648,1.0,4:38,2015,2016
2015-16,203999,Nikola Jokić,Nikola,1610612743,DEN,Denver Nuggets,21500778,2016-02-08T00:00:00,DEN @ BKN,L,14.0,0.0,0.0,0.0,2.0,4.0,0.0,9.0,16.0,0.0,0.0,2.0,1.0,7.6,1,13074,13074,13074,20435,12059,10158,9917,12984,6141,1,18829,15259,8004,1,11390,12373,20803,1.0,13:57,2015,2016
2015-16,203499,Shane Larkin,Shane,1610612751,BKN,Brooklyn Nets,21500778,2016-02-08T00:00:00,BKN vs. DEN,W,22.1,0.0,2.0,0.0,4.0,8.0,9.0,2.0,30.0,0.0,0.0,2.0,1.0,18.6,1,1,1,1,14064,12059,4731,9917,8599,13914,19144,4025,4541,8004,1,11390,12373,12715,1.0,22:08,2015,2016
2015-16,202388,Donald Sloan,Donald,1610612751,BKN,Brooklyn Nets,21500778,2016-02-08T00:00:00,BKN vs. DEN,W,25.9,0.0,0.0,0.0,2.0,4.0,8.0,4.0,22.0,0.0,0.0,1.0,1.0,16.6,1,1,1,1,10956,12059,10158,9917,12984,6141,17345,8806,10265,8004,1,4972,12373,14125,1.0,25:52,2015,2016
2015-16,201584,Courtney Lee,Courtney,1610612763,MEM,Memphis Grizzlies,21500781,2016-02-08T00:00:00,MEM vs. POR,L,24.7,0.0,0.0,0.0,0.0,8.0,0.0,8.0,24.0,0.0,0.0,1.0,0.0,2.9,1,13074,13074,13074,11958,12059,10158,9917,18861,13914,1,17194,8723,8004,1,4972,18762,23852,1.0,24:40,2015,2016
2015-16,1713,Vince Carter,Vince,1610612763,MEM,Memphis Grizzlies,21500781,2016-02-08T00:00:00,MEM vs. POR,L,8.8,0.0,0.0,0.0,0.0,0.0,0.0,0.0,10.0,0.0,1.0,0.0,0.0,2.7,1,13074,13074,13074,22921,12059,10158,9917,18861,1,1,1,20209,8004,17214,1,18762,23884,1.0,8:48,2015,2016
2015-16,202683,Enes Freedom,Enes,1610612760,OKC,Oklahoma City Thunder,21500783,2016-02-08T00:00:00,OKC @ PHX,W,24.4,5.0,4.0,2.0,8.0,7.0,6.0,4.0,24.0,0.0,0.0,5.0,1.0,16.2,1,1,1,1,12199,1603,1596,4675,3109,12242,13237,8806,8723,8004,1,24686,12373,14436,1.0,24:25,2015,2016
2015-16,202337,Luke Babbitt,Luke,1610612740,NOP,New Orleans Pelicans,21500782,2016-02-08T00:00:00,NOP @ MIN,W,14.6,2.0,0.0,2.0,2.0,0.0,0.0,8.0,14.0,0.0,0.0,1.0,0.0,8.0,1,1,1,1,20010,6026,10158,4675,12984,1,1,17194,17019,8004,1,4972,18762,20564,1.0,14:38,2015,2016
2015-16,2760,Anderson Varejao,Anderson,1610612739,CLE,Cleveland Cavaliers,21500775,2016-02-08T00:00:00,CLE vs. SAC,W,8.8,1.0,0.0,0.0,2.0,0.0,5.0,2.0,8.0,0.0,0.0,1.0,1.0,8.4,1,1,1,1,22911,11535,10158,9917,12984,1,11469,4025,21543,8004,1,4972,12373,20273,1.0,8:49,2015,2016
2015-16,201627,Anthony Morrow,Anthony,1610612760,OKC,Oklahoma City Thunder,21500783,2016-02-08T00:00:00,OKC @ PHX,W,3.5,0.0,0.0,0.0,0.0,4.0,2.0,0.0,2.0,0.0,0.0,0.0,0.0,3.0,1,1,1,1,24931,12059,10158,9917,18861,6141,3734,1,24614,8004,1,1,18762,23648,1.0,3:29,2015,2016
2015-16,201572,Brook Lopez,Brook,1610612751,BKN,Brooklyn Nets,21500778,2016-02-08T00:00:00,BKN vs. DEN,W,31.4,4.0,1.0,0.0,8.0,4.0,8.0,4.0,28.0,1.0,1.0,2.0,3.0,20.8,1,1,1,1,6403,2460,9709,9917,3109,6141,17345,8806,5824,2692,17214,11390,4736,11195,1.0,31:23,2015,2016
2015-16,101139,CJ Miles,CJ,1610612754,IND,Indiana Pacers,21500776,2016-02-08T00:00:00,IND vs. LAL,W,16.3,0.0,2.0,1.0,2.0,2.0,3.0,6.0,8.0,0.0,0.0,2.0,3.0,7.8,1,1,1,1,18848,12059,4731,9347,12984,2619,7138,13388,21543,8004,1,11390,4736,20696,1.0,16:16,2015,2016
2015-16,2199,Tyson Chandler,Tyson,1610612756,PHX,Phoenix Suns,21500783,2016-02-08T00:00:00,PHX vs. OKC,L,25.5,0.0,2.0,0.0,10.0,16.0,2.0,9.0,10.0,1.0,0.0,1.0,2.0,21.4,1,13074,13074,13074,11317,12059,4731,9917,1840,23774,3734,18829,20209,2692,1,4972,7786,10807,1.0,25:28,2015,2016
2015-16,203473,Dewayne Dedmon,Dewayne,1610612753,ORL,Orlando Magic,21500780,2016-02-08T00:00:00,ORL @ ATL,W,6.3,0.0,2.0,0.0,0.0,3.0,3.0,0.0,2.0,0.0,0.0,2.0,1.0,3.2,1,1,1,1,23857,12059,4731,9917,18861,5109,7138,1,24614,8004,1,11390,12373,23473,1.0,6:15,2015,2016
2015-16,2419,Tayshaun Prince,Tayshaun,1610612750,MIN,Minnesota Timberwolves,21500782,2016-02-08T00:00:00,MIN vs. NOP,L,19.2,0.0,0.0,0.0,2.0,7.0,11.0,7.0,22.0,2.0,0.0,1.0,0.0,8.0,1,13074,13074,13074,16540,12059,10158,9917,12984,12242,21814,15538,10265,932,1,4972,18762,20564,1.0,19:11,2015,2016
2015-16,1626166,Cameron Payne,Cameron,1610612760,OKC,Oklahoma City Thunder,21500783,2016-02-08T00:00:00,OKC @ PHX,W,21.2,2.0,0.0,0.0,2.0,12.0,4.0,3.0,20.0,0.0,0.0,1.0,2.0,20.8,1,1,1,1,14931,6026,10158,9917,12984,20178,8458,7328,11929,8004,1,4972,7786,11195,1.0,21:09,2015,2016
2015-16,2590,Mo Williams,Mo,1610612739,CLE,Cleveland Cavaliers,21500775,2016-02-08T00:00:00,CLE vs. SAC,W,16.3,0.0,0.0,0.0,0.0,4.0,7.0,2.0,14.0,0.0,1.0,2.0,1.0,8.0,1,1,1,1,18804,12059,10158,9917,18861,6141,15642,4025,17019,8004,17214,11390,12373,20564,1.0,16:19,2015,2016
2015-16,200751,Randy Foye,Randy,1610612743,DEN,Denver Nuggets,21500778,2016-02-08T00:00:00,DEN @ BKN,L,31.2,2.0,3.0,0.0,2.0,13.0,8.0,4.0,32.0,0.0,2.0,3.0,0.0,16.6,1,13074,13074,13074,6588,6026,3104,9917,12984,21300,17345,8806,3535,8004,23588,17641,18762,14125,1.0,31:10,2015,2016
2015-16,203143,Pablo Prigioni,Pablo,1610612746,LAC,LA Clippers,21500777,2016-02-08T00:00:00,LAC @ PHI,W,13.4,0.0,0.0,0.0,0.0,4.0,3.0,0.0,8.0,0.0,0.0,3.0,1.0,8.4,1,1,1,1,20769,12059,10158,9917,18861,6141,7138,1,21543,8004,1,17641,12373,20273,1.0,13:21,2015,2016
2015-16,203932,Aaron Gordon,Aaron,1610612753,ORL,Orlando Magic,21500780,2016-02-08T00:00:00,ORL @ ATL,W,28.4,2.0,5.0,2.0,4.0,5.0,6.0,6.0,26.0,1.0,0.0,4.0,2.0,33.5,1,1,1,1,8967,6026,995,4675,8599,8403,13237,13388,7214,2692,1,22104,7786,4348,1.0,28:21,2015,2016
2015-16,202711,Bojan Bogdanović,Bojan,1610612751,BKN,Brooklyn Nets,21500778,2016-02-08T00:00:00,BKN vs. DEN,W,23.0,3.0,0.0,3.0,6.0,5.0,10.0,4.0,28.0,0.0,0.0,0.0,1.0,15.0,1,1,1,1,13411,4307,10158,3302,5299,8403,20509,8806,5824,8004,1,1,12373,15404,1.0,22:57,2015,2016
2015-16,201941,Jordan Hill,Jordan,1610612754,IND,Indiana Pacers,21500776,2016-02-08T00:00:00,IND vs. LAL,W,21.3,0.0,4.0,0.0,8.0,6.0,4.0,7.0,10.0,1.0,0.0,2.0,1.0,23.3,1,1,1,1,14819,12059,1596,9917,3109,10028,8458,15538,20209,2692,1,11390,12373,9567,1.0,21:16,2015,2016
2015-16,203476,Gorgui Dieng,Gorgui,1610612750,MIN,Minnesota Timberwolves,21500782,2016-02-08T00:00:00,MIN vs. NOP,L,30.9,0.0,0.0,2.0,8.0,7.0,12.0,9.0,30.0,1.0,1.0,5.0,3.0,34.4,1,13074,13074,13074,6791,12059,10158,4675,3109,12242,22832,18829,4541,2692,17214,24686,4736,4029,1.0,30:55,2015,2016
2015-16,203922,Glenn Robinson III,Glenn,1610612754,IND,Indiana Pacers,21500776,2016-02-08T00:00:00,IND vs. LAL,W,12.6,2.0,2.0,2.0,4.0,2.0,0.0,6.0,10.0,0.0,1.0,2.0,0.0,14.2,1,1,1,1,21218,6026,4731,4675,8599,2619,1,13388,20209,8004,17214,11390,18762,16003,1.0,12:35,2015,2016
2015-16,1626169,Stanley Johnson,Stanley,1610612765,DET,Detroit Pistons,21500779,2016-02-08T00:00:00,DET vs. TOR,L,33.7,3.0,2.0,0.0,2.0,14.0,2.0,13.0,26.0,0.0,1.0,3.0,4.0,14.5,1,13074,13074,13074,4569,4307,4731,9917,12984,22292,3734,23048,7214,8004,17214,17641,2748,15799,1.0,33:44,2015,2016
2015-16,203077,Michael Kidd-Gilchrist,Michael,1610612766,CHA,Charlotte Hornets,21500774,2016-02-08T00:00:00,CHA vs. CHI,W,29.9,1.0,5.0,3.0,12.0,0.0,4.0,6.0,24.0,2.0,2.0,0.0,4.0,34.4,1,1,1,1,7636,11535,995,3302,988,1,8458,13388,8723,932,23588,1,2748,4029,1.0,29:53,2015,2016
2015-16,202329,Al-Farouq Aminu,Al-Farouq,1610612757,POR,Portland Trail Blazers,21500781,2016-02-08T00:00:00,POR @ MEM,W,40.0,0.0,0.0,0.0,4.0,8.0,6.0,3.0,32.0,0.0,0.0,0.0,2.0,14.5,1,1,1,1,726,12059,10158,9917,8599,13914,13237,7328,3535,8004,1,1,7786,15799,1.0,40:01,2015,2016
2015-16,203462,Archie Goodwin,Archie,1610612756,PHX,Phoenix Suns,21500783,2016-02-08T00:00:00,PHX vs. OKC,L,42.1,2.0,2.0,5.0,12.0,22.0,8.0,13.0,28.0,0.0,1.0,4.0,5.0,33.3,1,13074,13074,13074,297,6026,4731,1277,988,25683,17345,23048,5824,8004,17214,22104,1539,4423,1.0,42:07,2015,2016
2015-16,201583,Ryan Anderson,Ryan,1610612740,NOP,New Orleans Pelicans,21500782,2016-02-08T00:00:00,NOP @ MIN,W,31.3,3.0,5.0,3.0,6.0,0.0,11.0,12.0,38.0,1.0,1.0,2.0,5.0,34.6,1,1,1,1,6469,4307,995,3302,5299,1,21814,22259,1422,2692,17214,11390,1539,3963,1.0,31:18,2015,2016
2015-16,201945,Gerald Henderson,Gerald,1610612757,POR,Portland Trail Blazers,21500781,2016-02-08T00:00:00,POR @ MEM,W,35.4,0.0,0.0,0.0,2.0,6.0,4.0,6.0,26.0,0.0,0.0,2.0,1.0,23.1,1,1,1,1,3224,12059,10158,9917,12984,10028,8458,13388,7214,8004,1,11390,12373,9699,1.0,35:24,2015,2016
2015-16,201567,Kevin Love,Kevin,1610612739,CLE,Cleveland Cavaliers,21500775,2016-02-08T00:00:00,CLE vs. SAC,W,27.9,2.0,0.0,0.0,0.0,10.0,5.0,7.0,24.0,0.0,0.0,2.0,4.0,19.2,1,1,1,1,9277,6026,10158,9917,18861,17370,11469,15538,8723,8004,1,11390,2748,12284,1.0,27:56,2015,2016
2015-16,202709,Cory Joseph,Cory,1610612761,TOR,Toronto Raptors,21500779,2016-02-08T00:00:00,TOR @ DET,W,24.3,6.0,0.0,4.0,10.0,11.0,15.0,2.0,22.0,0.0,0.0,0.0,1.0,23.3,1,1,1,1,12268,878,10158,1913,1840,18886,24781,4025,10265,8004,1,1,12373,9567,1.0,24:20,2015,2016
2015-16,101145,Monta Ellis,Monta,1610612754,IND,Indiana Pacers,21500776,2016-02-08T00:00:00,IND vs. LAL,W,32.7,2.0,0.0,2.0,2.0,13.0,13.0,3.0,12.0,0.0,0.0,1.0,1.0,22.8,1,1,1,1,5350,6026,10158,4675,12984,21300,23668,7328,18637,8004,1,4972,12373,9883,1.0,32:41,2015,2016
2015-16,201144,Mike Conley,Mike,1610612763,MEM,Memphis Grizzlies,21500781,2016-02-08T00:00:00,MEM vs. POR,L,33.4,0.0,4.0,0.0,12.0,10.0,2.0,6.0,38.0,0.0,1.0,5.0,5.0,34.1,1,13074,13074,13074,4838,12059,1596,9917,988,17370,3734,13388,1422,8004,17214,24686,1539,4124,1.0,33:22,2015,2016
2015-16,1626157,Karl-Anthony Towns,Karl-Anthony,1610612750,MIN,Minnesota Timberwolves,21500782,2016-02-08T00:00:00,MIN vs. NOP,L,29.3,0.0,0.0,2.0,10.0,16.0,9.0,12.0,34.0,1.0,0.0,3.0,4.0,34.9,1,13074,13074,13074,8163,12059,10158,4675,1840,23774,19144,22259,2701,2692,1,17641,2748,3845,1.0,29:16,2015,2016
2015-16,2754,Tony Allen,Tony,1610612763,MEM,Memphis Grizzlies,21500781,2016-02-08T00:00:00,MEM vs. POR,L,38.9,0.0,0.0,1.0,4.0,12.0,2.0,8.0,38.0,0.0,0.0,3.0,3.0,19.4,1,13074,13074,13074,1102,12059,10158,9347,8599,20178,3734,17194,1422,8004,1,17641,4736,12154,1.0,38:55,2015,2016
2015-16,201967,Dante Cunningham,Dante,1610612740,NOP,New Orleans Pelicans,21500782,2016-02-08T00:00:00,NOP @ MIN,W,29.2,0.0,0.0,2.0,4.0,2.0,0.0,6.0,28.0,0.0,0.0,4.0,0.0,14.9,1,1,1,1,8241,12059,10158,4675,8599,2619,1,13388,5824,8004,1,22104,18762,15463,1.0,29:10,2015,2016
2015-16,201942,DeMar DeRozan,DeMar,1610612761,TOR,Toronto Raptors,21500779,2016-02-08T00:00:00,TOR @ DET,W,33.3,0.0,0.0,3.0,6.0,15.0,4.0,1.0,24.0,0.0,1.0,3.0,5.0,33.4,1,1,1,1,4914,12059,10158,3302,5299,23079,8458,3646,8723,8004,17214,17641,1539,4384,1.0,33:16,2015,2016
2015-16,203115,Will Barton,Will,1610612743,DEN,Denver Nuggets,21500778,2016-02-08T00:00:00,DEN @ BKN,L,20.9,3.0,0.0,0.0,4.0,9.0,6.0,2.0,24.0,1.0,0.0,1.0,0.0,19.1,1,13074,13074,13074,15125,4307,10158,9917,8599,15771,13237,4025,8723,2692,1,4972,18762,12372,1.0,20:55,2015,2016
2015-16,202734,E'Twaun Moore,E'Twaun,1610612741,CHI,Chicago Bulls,21500774,2016-02-08T00:00:00,CHI @ CHA,L,31.5,0.0,0.0,5.0,4.0,11.0,17.0,5.0,22.0,1.0,0.0,3.0,1.0,25.6,1,13074,13074,13074,6282,12059,10158,1277,8599,18886,25429,11593,10265,2692,1,17641,12373,8157,1.0,31:32,2015,2016
2015-16,2440,Matt Barnes,Matt,1610612763,MEM,Memphis Grizzlies,21500781,2016-02-08T00:00:00,MEM vs. POR,L,27.6,0.0,0.0,3.0,2.0,10.0,4.0,6.0,30.0,1.0,0.0,6.0,2.0,14.4,1,13074,13074,13074,9533,12059,10158,3302,12984,17370,8458,13388,4541,2692,1,25827,7786,15857,1.0,27:36,2015,2016
2015-16,203469,Cody Zeller,Cody,1610612766,CHA,Charlotte Hornets,21500774,2016-02-08T00:00:00,CHA vs. CHI,W,19.7,0.0,3.0,0.0,2.0,0.0,4.0,0.0,12.0,2.0,0.0,6.0,1.0,19.1,1,1,1,1,16189,12059,3104,9917,12984,1,8458,1,18637,932,1,25827,12373,12372,1.0,19:39,2015,2016
2015-16,101138,Brandon Bass,Brandon,1610612747,LAL,Los Angeles Lakers,21500776,2016-02-08T00:00:00,LAL @ IND,L,32.3,0.0,4.0,0.0,6.0,4.0,14.0,8.0,22.0,0.0,0.0,6.0,3.0,25.2,1,13074,13074,13074,5616,12059,1596,9917,5299,6141,24300,17194,10265,8004,1,25827,4736,8383,1.0,32:21,2015,2016
2015-16,977,Kobe Bryant,Kobe,1610612747,LAL,Los Angeles Lakers,21500776,2016-02-08T00:00:00,LAL @ IND,L,33.4,5.0,2.0,2.0,2.0,15.0,12.0,14.0,34.0,0.0,0.0,0.0,5.0,25.0,1,13074,13074,13074,4824,1603,4731,4675,12984,23079,22832,23710,2701,8004,1,1,1539,8485,1.0,33:23,2015,2016
2015-16,201150,Spencer Hawes,Spencer,1610612766,CHA,Charlotte Hornets,21500774,2016-02-08T00:00:00,CHA vs. CHI,W,28.0,2.0,0.0,2.0,2.0,6.0,5.0,11.0,24.0,1.0,1.0,6.0,1.0,23.6,1,1,1,1,9222,6026,10158,4675,12984,10028,11469,21342,8723,2692,17214,25827,12373,9377,1.0,28:01,2015,2016
2015-16,203458,Alex Len,Alex,1610612756,PHX,Phoenix Suns,21500783,2016-02-08T00:00:00,PHX vs. OKC,L,22.5,3.0,2.0,0.0,6.0,8.0,18.0,10.0,24.0,1.0,0.0,4.0,4.0,34.6,1,13074,13074,13074,13737,4307,4731,9917,5299,13914,25634,20169,8723,2692,1,22104,2748,3963,1.0,22:32,2015,2016
2015-16,202335,Patrick Patterson,Patrick,1610612761,TOR,Toronto Raptors,21500779,2016-02-08T00:00:00,TOR @ DET,W,26.1,3.0,0.0,0.0,0.0,14.0,15.0,2.0,24.0,0.0,0.0,2.0,1.0,10.0,1,1,1,1,10755,4307,10158,9917,18861,22292,24781,4025,8723,8004,1,11390,12373,19178,1.0,26:06,2015,2016
2015-16,101133,Ian Mahinmi,Ian,1610612754,IND,Indiana Pacers,21500776,2016-02-08T00:00:00,IND vs. LAL,W,26.7,0.0,2.0,0.0,6.0,9.0,9.0,2.0,12.0,1.0,0.0,4.0,4.0,19.5,1,1,1,1,10255,12059,4731,9917,5299,15771,19144,4025,18637,2692,1,22104,2748,12096,1.0,26:44,2015,2016
2015-16,101141,Ersan Ilyasova,Ersan,1610612765,DET,Detroit Pistons,21500779,2016-02-08T00:00:00,DET vs. TOR,L,27.8,8.0,2.0,1.0,6.0,16.0,2.0,9.0,24.0,0.0,1.0,2.0,2.0,23.2,1,13074,13074,13074,9366,308,4731,9347,5299,23774,3734,18829,8723,8004,17214,11390,7786,9630,1.0,27:49,2015,2016
2015-16,202684,Tristan Thompson,Tristan,1610612739,CLE,Cleveland Cavaliers,21500775,2016-02-08T00:00:00,CLE vs. SAC,W,21.6,0.0,0.0,0.0,2.0,6.0,2.0,1.0,14.0,1.0,0.0,3.0,4.0,19.0,1,1,1,1,14555,12059,10158,9917,12984,10028,3734,3646,17019,2692,1,17641,2748,12440,1.0,21:33,2015,2016
2015-16,201166,Aaron Brooks,Aaron,1610612741,CHI,Chicago Bulls,21500774,2016-02-08T00:00:00,CHI @ CHA,L,19.5,0.0,0.0,0.0,2.0,5.0,2.0,5.0,8.0,1.0,1.0,4.0,2.0,14.2,1,13074,13074,13074,16316,12059,10158,9917,12984,8403,3734,11593,21543,2692,17214,22104,7786,16003,1.0,19:30,2015,2016
2015-16,200755,JJ Redick,JJ,1610612746,LAC,LA Clippers,21500777,2016-02-08T00:00:00,LAC @ PHI,W,38.9,4.0,0.0,6.0,4.0,10.0,12.0,18.0,38.0,0.0,0.0,4.0,5.0,25.4,1,1,1,1,1113,2460,10158,740,8599,17370,22832,25228,1422,8004,1,22104,1539,8273,1.0,38:53,2015,2016
2015-16,201160,Jason Smith,Jason,1610612753,ORL,Orlando Magic,21500771,2016-02-07T00:00:00,ORL vs. ATL,W,13.2,0.0,0.0,0.0,2.0,7.0,2.0,2.0,10.0,2.0,2.0,1.0,2.0,14.4,1,1,1,1,20869,12059,10158,9917,12984,12242,3734,4025,20209,932,23588,4972,7786,15857,1.0,13:12,2015,2016
2015-16,201158,Marco Belinelli,Marco,1610612758,SAC,Sacramento Kings,21500773,2016-02-07T00:00:00,SAC @ BOS,L,37.7,2.0,2.0,0.0,0.0,15.0,21.0,13.0,52.0,0.0,0.0,3.0,0.0,25.8,1,13074,13074,13074,1661,6026,4731,9917,18861,23079,25962,23048,59,8004,1,17641,18762,8022,1.0,37:41,2015,2016
2015-16,202702,Kenneth Faried,Kenneth,1610612743,DEN,Denver Nuggets,21500770,2016-02-07T00:00:00,DEN @ NYK,W,26.2,2.0,0.0,6.0,12.0,3.0,5.0,3.0,16.0,1.0,2.0,1.0,0.0,23.2,1,1,1,1,10720,6026,10158,740,988,5109,11469,7328,15259,2692,23588,4972,18762,9630,1.0,26:10,2015,2016
2015-16,203530,Joffrey Lauvergne,Joffrey,1610612743,DEN,Denver Nuggets,21500770,2016-02-07T00:00:00,DEN @ NYK,W,28.9,2.0,2.0,0.0,10.0,2.0,6.0,0.0,22.0,1.0,1.0,5.0,4.0,25.5,1,1,1,1,8433,6026,4731,9917,1840,2619,13237,1,10265,2692,17214,24686,2748,8230,1.0,28:55,2015,2016
2015-16,2037,Jamal Crawford,Jamal,1610612746,LAC,LA Clippers,21500772,2016-02-07T00:00:00,LAC @ MIA,W,34.3,5.0,0.0,2.0,4.0,6.0,10.0,9.0,26.0,0.0,0.0,1.0,3.0,23.2,1,1,1,1,4131,1603,10158,4675,8599,10028,20509,18829,7214,8004,1,4972,4736,9630,1.0,34:16,2015,2016
2015-16,101181,Jose Calderon,Jose,1610612752,NYK,New York Knicks,21500770,2016-02-07T00:00:00,NYK vs. DEN,L,29.9,0.0,0.0,0.0,0.0,6.0,2.0,13.0,28.0,0.0,0.0,5.0,0.0,19.3,1,13074,13074,13074,7613,12059,10158,9917,18861,10028,3734,23048,5824,8004,1,24686,18762,12228,1.0,29:56,2015,2016
2015-16,203471,Dennis Schröder,Dennis,1610612737,ATL,Atlanta Hawks,21500771,2016-02-07T00:00:00,ATL @ ORL,L,13.3,0.0,0.0,1.0,0.0,2.0,2.0,0.0,6.0,0.0,2.0,1.0,2.0,10.3,1,13074,13074,13074,20778,12059,10158,9347,18861,2619,3734,1,22724,8004,23588,4972,7786,18965,1.0,13:20,2015,2016
2015-16,200757,Thabo Sefolosha,Thabo,1610612737,ATL,Atlanta Hawks,21500771,2016-02-07T00:00:00,ATL @ ORL,L,17.8,0.0,0.0,0.0,0.0,8.0,4.0,4.0,12.0,1.0,0.0,0.0,1.0,14.3,1,13074,13074,13074,17651,12059,10158,9917,18861,13914,8458,8806,18637,2692,1,1,12373,15948,1.0,17:49,2015,2016
2015-16,1626144,Emmanuel Mudiay,Emmanuel,1610612743,DEN,Denver Nuggets,21500770,2016-02-07T00:00:00,DEN @ NYK,W,31.8,0.0,0.0,0.0,4.0,3.0,7.0,3.0,22.0,0.0,2.0,0.0,2.0,33.3,1,1,1,1,6103,12059,10158,9917,8599,5109,15642,7328,10265,8004,23588,1,7786,4423,1.0,31:46,2015,2016
2015-16,203118,Mike Scott,Mike,1610612737,ATL,Atlanta Hawks,21500771,2016-02-07T00:00:00,ATL @ ORL,L,15.3,0.0,0.0,0.0,0.0,2.0,4.0,2.0,10.0,1.0,0.0,0.0,0.0,14.6,1,13074,13074,13074,19545,12059,10158,9917,18861,2619,8458,4025,20209,2692,1,1,18762,15699,1.0,15:19,2015,2016
2015-16,2736,Luol Deng,Luol,1610612748,MIA,Miami Heat,21500772,2016-02-07T00:00:00,MIA vs. LAC,L,39.9,6.0,3.0,0.0,6.0,9.0,6.0,7.0,24.0,0.0,0.0,3.0,4.0,26.1,1,13074,13074,13074,771,878,3104,9917,5299,15771,13237,15538,8723,8004,1,17641,2748,7836,1.0,39:51,2015,2016
2015-16,203994,Jusuf Nurkić,Jusuf,1610612743,DEN,Denver Nuggets,21500770,2016-02-07T00:00:00,DEN @ NYK,W,7.3,0.0,0.0,0.0,2.0,0.0,2.0,0.0,6.0,0.0,0.0,1.0,2.0,6.2,1,1,1,1,23456,12059,10158,9917,12984,1,3734,1,22724,8004,1,4972,7786,21696,1.0,7:19,2015,2016
2015-16,202338,Kevin Seraphin,Kevin,1610612752,NYK,New York Knicks,21500770,2016-02-07T00:00:00,NYK vs. DEN,L,9.5,0.0,0.0,0.0,2.0,2.0,2.0,4.0,10.0,0.0,0.0,1.0,0.0,5.9,1,13074,13074,13074,22627,12059,10158,9917,12984,2619,3734,8806,20209,8004,1,4972,18762,21953,1.0,9:30,2015,2016
2015-16,203112,Quincy Acy,Quincy,1610612758,SAC,Sacramento Kings,21500773,2016-02-07T00:00:00,SAC @ BOS,L,3.2,0.0,0.0,0.0,0.0,0.0,0.0,0.0,4.0,0.0,0.0,0.0,1.0,1.2,1,13074,13074,13074,25036,12059,10158,9917,18861,1,1,1,23698,8004,1,1,12373,24661,1.0,3:14,2015,2016
2015-16,203124,Kyle O'Quinn,Kyle,1610612752,NYK,New York Knicks,21500770,2016-02-07T00:00:00,NYK vs. DEN,L,4.1,0.0,0.0,0.0,2.0,0.0,2.0,2.0,4.0,1.0,0.0,0.0,0.0,6.4,1,13074,13074,13074,24680,12059,10158,9917,12984,1,3734,4025,23698,2692,1,1,18762,21589,1.0,4:05,2015,2016
2015-16,203501,Tim Hardaway Jr.,Tim,1610612737,ATL,Atlanta Hawks,21500771,2016-02-07T00:00:00,ATL @ ORL,L,11.2,0.0,0.0,0.0,0.0,2.0,4.0,0.0,6.0,0.0,0.0,0.0,0.0,1.5,1,13074,13074,13074,21945,12059,10158,9917,18861,2619,8458,1,22724,8004,1,1,18762,24473,1.0,11:12,2015,2016
2015-16,101108,Chris Paul,Chris,1610612746,LAC,LA Clippers,21500772,2016-02-07T00:00:00,LAC @ MIA,W,34.0,2.0,0.0,0.0,6.0,8.0,8.0,5.0,16.0,0.0,0.0,2.0,2.0,36.9,1,1,1,1,4349,6026,10158,9917,5299,13914,17345,11593,15259,8004,1,11390,7786,3210,1.0,34:00,2015,2016
2015-16,202738,Isaiah Thomas,Isaiah,1610612738,BOS,Boston Celtics,21500773,2016-02-07T00:00:00,BOS vs. SAC,W,28.4,0.0,3.0,5.0,12.0,12.0,13.0,4.0,24.0,1.0,2.0,4.0,4.0,48.3,1,1,1,1,8894,12059,3104,1277,988,20178,23668,8806,8723,2692,23588,22104,2748,932,1.0,28:25,2015,2016
2015-16,203932,Aaron Gordon,Aaron,1610612753,ORL,Orlando Magic,21500771,2016-02-07T00:00:00,ORL vs. ATL,W,33.9,6.0,5.0,2.0,6.0,15.0,8.0,8.0,18.0,4.0,0.0,2.0,3.0,50.6,1,1,1,1,4406,878,995,4675,5299,23079,17345,17194,13577,132,1,11390,4736,691,1.0,33:56,2015,2016
2015-16,2546,Carmelo Anthony,Carmelo,1610612752,NYK,New York Knicks,21500770,2016-02-07T00:00:00,NYK vs. DEN,L,34.9,0.0,4.0,0.0,4.0,4.0,2.0,13.0,36.0,0.0,1.0,4.0,4.0,35.7,1,13074,13074,13074,3623,12059,1596,9917,8599,6141,3734,23048,1943,8004,17214,22104,2748,3578,1.0,34:53,2015,2016
2015-16,203096,Jared Sullinger,Jared,1610612738,BOS,Boston Celtics,21500773,2016-02-07T00:00:00,BOS vs. SAC,W,23.2,2.0,7.0,0.0,12.0,14.0,15.0,4.0,22.0,0.0,0.0,3.0,3.0,35.7,1,1,1,1,13170,6026,292,9917,988,22292,24781,8806,10265,8004,1,17641,4736,3578,1.0,23:14,2015,2016
2015-16,201599,DeAndre Jordan,DeAndre,1610612746,LAC,LA Clippers,21500772,2016-02-07T00:00:00,LAC @ MIA,W,34.6,0.0,2.0,0.0,6.0,6.0,8.0,4.0,18.0,3.0,0.0,3.0,7.0,35.7,1,1,1,1,3864,12059,4731,9917,5299,10028,17345,8806,13577,347,1,17641,469,3578,1.0,34:36,2015,2016
2015-16,201956,Omri Casspi,Omri,1610612758,SAC,Sacramento Kings,21500773,2016-02-07T00:00:00,SAC @ BOS,L,29.4,4.0,0.0,2.0,10.0,7.0,9.0,10.0,36.0,0.0,2.0,2.0,1.0,24.3,1,13074,13074,13074,8066,2460,10158,4675,1840,12242,19144,20169,1943,8004,23588,11390,12373,8939,1.0,29:24,2015,2016
2015-16,202325,Wesley Johnson,Wesley,1610612746,LAC,LA Clippers,21500772,2016-02-07T00:00:00,LAC @ MIA,W,17.7,0.0,0.0,0.0,0.0,4.0,7.0,5.0,20.0,0.0,0.0,5.0,1.0,24.4,1,1,1,1,17733,12059,10158,9917,18861,6141,15642,11593,11929,8004,1,24686,12373,8867,1.0,17:44,2015,2016
2015-16,203145,Kent Bazemore,Kent,1610612737,ATL,Atlanta Hawks,21500771,2016-02-07T00:00:00,ATL @ ORL,L,32.8,9.0,4.0,4.0,8.0,10.0,11.0,10.0,30.0,0.0,0.0,3.0,3.0,36.1,1,13074,13074,13074,5301,171,1596,1913,3109,17370,21814,20169,4541,8004,1,17641,4736,3432,1.0,32:45,2015,2016
2015-16,202332,Cole Aldrich,Cole,1610612746,LAC,LA Clippers,21500772,2016-02-07T00:00:00,LAC @ MIA,W,13.3,0.0,4.0,0.0,4.0,6.0,4.0,5.0,12.0,2.0,0.0,2.0,3.0,24.7,1,1,1,1,20802,12059,1596,9917,8599,10028,8458,11593,18637,932,1,11390,4736,8673,1.0,13:19,2015,2016
2015-16,202696,Nikola Vučević,Nikola,1610612753,ORL,Orlando Magic,21500771,2016-02-07T00:00:00,ORL vs. ATL,W,34.8,6.0,2.0,2.0,14.0,15.0,8.0,8.0,18.0,0.0,1.0,2.0,1.0,35.8,1,1,1,1,3690,878,4731,4675,542,23079,17345,17194,13577,8004,17214,11390,12373,3541,1.0,34:48,2015,2016
2015-16,200765,Rajon Rondo,Rajon,1610612758,SAC,Sacramento Kings,21500773,2016-02-07T00:00:00,SAC @ BOS,L,39.0,0.0,0.0,0.0,6.0,15.0,21.0,13.0,54.0,0.0,0.0,3.0,4.0,56.5,1,13074,13074,13074,1056,12059,10158,9917,5299,23079,25962,23048,35,8004,1,17641,2748,332,1.0,39:02,2015,2016
2015-16,101161,Amir Johnson,Amir,1610612738,BOS,Boston Celtics,21500773,2016-02-07T00:00:00,BOS vs. SAC,W,19.4,0.0,4.0,0.0,8.0,4.0,7.0,4.0,22.0,0.0,0.0,2.0,0.0,28.8,1,1,1,1,16387,12059,1596,9917,3109,6141,15642,8806,10265,8004,1,11390,18762,6465,1.0,19:24,2015,2016
2015-16,1626161,Willie Cauley-Stein,Willie,1610612758,SAC,Sacramento Kings,21500773,2016-02-07T00:00:00,SAC @ BOS,L,23.3,4.0,5.0,0.0,12.0,8.0,11.0,6.0,30.0,1.0,1.0,4.0,1.0,24.8,1,13074,13074,13074,13090,2460,995,9917,988,13914,21814,13388,4541,2692,17214,22104,12373,8614,1.0,23:20,2015,2016
2015-16,204001,Kristaps Porziņģis,Kristaps,1610612752,NYK,New York Knicks,21500770,2016-02-07T00:00:00,NYK vs. DEN,L,34.5,0.0,2.0,0.0,8.0,8.0,2.0,11.0,28.0,2.0,1.0,2.0,3.0,43.6,1,13074,13074,13074,3916,12059,4731,9917,3109,13914,3734,21342,5824,932,17214,11390,4736,1627,1.0,34:33,2015,2016
2015-16,201954,Darren Collison,Darren,1610612758,SAC,Sacramento Kings,21500773,2016-02-07T00:00:00,SAC @ BOS,L,28.5,2.0,0.0,7.0,6.0,2.0,6.0,4.0,30.0,0.0,1.0,0.0,3.0,29.4,1,13074,13074,13074,8840,6026,10158,454,5299,2619,13237,8806,4541,8004,17214,1,4736,6143,1.0,28:29,2015,2016
2015-16,202326,DeMarcus Cousins,DeMarcus,1610612758,SAC,Sacramento Kings,21500773,2016-02-07T00:00:00,SAC @ BOS,L,36.0,10.0,10.0,2.0,14.0,13.0,19.0,11.0,48.0,0.0,1.0,4.0,7.0,43.4,1,13074,13074,13074,2781,99,34,4675,542,21300,25786,21342,192,8004,17214,22104,469,1662,1.0,35:59,2015,2016
2015-16,203115,Will Barton,Will,1610612743,DEN,Denver Nuggets,21500770,2016-02-07T00:00:00,DEN @ NYK,W,28.6,2.0,0.0,3.0,12.0,5.0,6.0,0.0,22.0,1.0,0.0,2.0,5.0,45.7,1,1,1,1,8718,6026,10158,3302,988,8403,13237,1,10265,2692,1,11390,1539,1251,1.0,28:37,2015,2016
2015-16,203092,Tyler Zeller,Tyler,1610612738,BOS,Boston Celtics,21500773,2016-02-07T00:00:00,BOS vs. SAC,W,21.6,0.0,0.0,0.0,6.0,10.0,4.0,5.0,22.0,2.0,1.0,3.0,4.0,28.9,1,1,1,1,14530,12059,10158,9917,5299,17370,8458,11593,10265,932,17214,17641,2748,6414,1.0,21:35,2015,2016
2015-16,2547,Chris Bosh,Chris,1610612748,MIA,Miami Heat,21500772,2016-02-07T00:00:00,MIA vs. LAC,L,32.0,2.0,3.0,0.0,2.0,7.0,4.0,5.0,18.0,0.0,2.0,4.0,4.0,24.0,1,13074,13074,13074,5899,6026,3104,9917,12984,12242,8458,11593,13577,8004,23588,22104,2748,9121,1.0,31:59,2015,2016
2015-16,201167,Arron Afflalo,Arron,1610612752,NYK,New York Knicks,21500770,2016-02-07T00:00:00,NYK vs. DEN,L,40.0,3.0,0.0,3.0,10.0,10.0,6.0,15.0,40.0,0.0,1.0,4.0,2.0,29.7,1,13074,13074,13074,722,4307,10158,3302,1840,17370,13237,24242,983,8004,17214,22104,7786,6006,1.0,40:02,2015,2016
2015-16,2548,Dwyane Wade,Dwyane,1610612748,MIA,Miami Heat,21500772,2016-02-07T00:00:00,MIA vs. LAC,L,32.2,0.0,0.0,6.0,8.0,7.0,4.0,7.0,20.0,0.0,1.0,3.0,3.0,24.1,1,13074,13074,13074,5719,12059,10158,740,3109,12242,8458,15538,11929,8004,17214,17641,4736,9068,1.0,32:12,2015,2016
2015-16,2034,Mike Miller,Mike,1610612743,DEN,Denver Nuggets,21500770,2016-02-07T00:00:00,DEN @ NYK,W,5.1,0.0,0.0,0.0,0.0,0.0,0.0,0.0,2.0,0.0,0.0,1.0,0.0,0.0,1,1,1,1,24341,12059,10158,9917,18861,1,1,1,24614,8004,1,4972,18762,25170,1.0,5:05,2015,2016
2015-16,201601,Luc Mbah a Moute,Luc,1610612746,LAC,LA Clippers,21500772,2016-02-07T00:00:00,LAC @ MIA,W,20.3,0.0,0.0,0.0,0.0,6.0,2.0,2.0,8.0,0.0,0.0,1.0,1.0,8.6,1,1,1,1,15615,12059,10158,9917,18861,10028,3734,4025,21543,8004,1,4972,12373,20125,1.0,20:20,2015,2016
2015-16,203488,Mike Muscala,Mike,1610612737,ATL,Atlanta Hawks,21500771,2016-02-07T00:00:00,ATL @ ORL,L,11.0,0.0,0.0,0.0,0.0,6.0,5.0,2.0,10.0,0.0,0.0,2.0,1.0,5.3,1,13074,13074,13074,22049,12059,10158,9917,18861,10028,11469,4025,20209,8004,1,11390,12373,22358,1.0,10:58,2015,2016
2015-16,203552,Seth Curry,Seth,1610612758,SAC,Sacramento Kings,21500773,2016-02-07T00:00:00,SAC @ BOS,L,4.0,0.0,0.0,0.0,0.0,0.0,2.0,0.0,6.0,1.0,0.0,1.0,0.0,9.0,1,13074,13074,13074,24725,12059,10158,9917,18861,1,3734,1,22724,2692,1,4972,18762,19835,1.0,3:57,2015,2016
2015-16,2757,Beno Udrih,Beno,1610612748,MIA,Miami Heat,21500772,2016-02-07T00:00:00,MIA vs. LAC,L,13.3,0.0,0.0,2.0,2.0,4.0,4.0,0.0,10.0,0.0,0.0,1.0,2.0,9.2,1,13074,13074,13074,20825,12059,10158,4675,12984,6141,8458,1,20209,8004,1,4972,7786,19680,1.0,13:16,2015,2016
2015-16,202682,Derrick Williams,Derrick,1610612752,NYK,New York Knicks,21500770,2016-02-07T00:00:00,NYK vs. DEN,L,13.3,0.0,0.0,0.0,2.0,4.0,2.0,1.0,16.0,0.0,0.0,0.0,3.0,8.6,1,13074,13074,13074,20838,12059,10158,9917,12984,6141,3734,3646,15259,8004,1,1,4736,20125,1.0,13:15,2015,2016
2015-16,203143,Pablo Prigioni,Pablo,1610612746,LAC,LA Clippers,21500772,2016-02-07T00:00:00,LAC @ MIA,W,14.1,2.0,0.0,0.0,0.0,4.0,4.0,4.0,14.0,0.0,0.0,2.0,0.0,9.2,1,1,1,1,20363,6026,10158,9917,18861,6141,8458,8806,17019,8004,1,11390,18762,19680,1.0,14:05,2015,2016
2015-16,204038,Langston Galloway,Langston,1610612752,NYK,New York Knicks,21500770,2016-02-07T00:00:00,NYK vs. DEN,L,20.8,0.0,0.0,0.0,0.0,4.0,4.0,3.0,20.0,0.0,0.0,2.0,0.0,8.6,1,13074,13074,13074,15256,12059,10158,9917,18861,6141,8458,7328,11929,8004,1,11390,18762,20125,1.0,20:46,2015,2016
2015-16,201973,Jonas Jerebko,Jonas,1610612738,BOS,Boston Celtics,21500773,2016-02-07T00:00:00,BOS vs. SAC,W,10.0,0.0,0.0,0.0,0.0,8.0,0.0,5.0,16.0,1.0,0.0,1.0,0.0,4.6,1,1,1,1,22429,12059,10158,9917,18861,13914,1,11593,15259,2692,1,4972,18762,22734,1.0,10:01,2015,2016
2015-16,2756,Sasha Vujacic,Sasha,1610612752,NYK,New York Knicks,21500770,2016-02-07T00:00:00,NYK vs. DEN,L,9.5,0.0,3.0,0.0,0.0,4.0,2.0,3.0,8.0,0.0,0.0,1.0,0.0,4.2,1,13074,13074,13074,22615,12059,3104,9917,18861,6141,3734,7328,21543,8004,1,4972,18762,22976,1.0,9:32,2015,2016
2015-16,1626209,Mario Hezonja,Mario,1610612753,ORL,Orlando Magic,21500771,2016-02-07T00:00:00,ORL vs. ATL,W,14.2,0.0,0.0,0.0,0.0,9.0,0.0,2.0,4.0,1.0,1.0,1.0,0.0,4.2,1,1,1,1,20287,12059,10158,9917,18861,15771,1,4025,23698,2692,17214,4972,18762,22976,1.0,14:12,2015,2016
2015-16,203894,Shabazz Napier,Shabazz,1610612753,ORL,Orlando Magic,21500771,2016-02-07T00:00:00,ORL vs. ATL,W,10.0,0.0,0.0,0.0,0.0,5.0,0.0,3.0,4.0,0.0,0.0,1.0,0.0,4.2,1,1,1,1,22459,12059,10158,9917,18861,8403,1,7328,23698,8004,1,4972,18762,22976,1.0,9:58,2015,2016
2015-16,200811,Lou Amundson,Lou,1610612752,NYK,New York Knicks,21500770,2016-02-07T00:00:00,NYK vs. DEN,L,2.1,0.0,0.0,0.0,2.0,0.0,0.0,2.0,4.0,0.0,0.0,0.0,1.0,3.2,1,13074,13074,13074,25482,12059,10158,9917,12984,1,1,4025,23698,8004,1,1,12373,23473,1.0,2:06,2015,2016
2015-16,202341,James Anderson,James,1610612758,SAC,Sacramento Kings,21500773,2016-02-07T00:00:00,SAC @ BOS,L,17.8,0.0,0.0,0.0,2.0,8.0,14.0,3.0,26.0,2.0,0.0,0.0,0.0,9.4,1,13074,13074,13074,17714,12059,10158,9917,12984,13914,24300,7328,7214,932,1,1,18762,19568,1.0,17:45,2015,2016
2015-16,201609,Goran Dragic,Goran,1610612748,MIA,Miami Heat,21500772,2016-02-07T00:00:00,MIA vs. LAC,L,34.7,2.0,2.0,0.0,6.0,7.0,4.0,7.0,20.0,0.0,0.0,3.0,0.0,26.5,1,13074,13074,13074,3744,6026,4731,9917,5299,12242,8458,15538,11929,8004,1,17641,18762,7627,1.0,34:44,2015,2016
2015-16,201577,Robin Lopez,Robin,1610612752,NYK,New York Knicks,21500770,2016-02-07T00:00:00,NYK vs. DEN,L,29.9,2.0,0.0,0.0,4.0,6.0,4.0,12.0,32.0,3.0,0.0,4.0,5.0,20.0,1,13074,13074,13074,7596,6026,10158,9917,8599,10028,8458,22259,3535,347,1,22104,1539,11752,1.0,29:57,2015,2016
2015-16,2405,Amar'e Stoudemire,Amar'e,1610612748,MIA,Miami Heat,21500772,2016-02-07T00:00:00,MIA vs. LAC,L,15.6,0.0,0.0,0.0,0.0,2.0,0.0,2.0,6.0,0.0,1.0,1.0,3.0,12.1,1,13074,13074,13074,19365,12059,10158,9917,18861,2619,1,4025,22724,8004,17214,4972,4736,17639,1.0,15:34,2015,2016
2015-16,200755,JJ Redick,JJ,1610612746,LAC,LA Clippers,21500772,2016-02-07T00:00:00,LAC @ MIA,W,32.2,0.0,0.0,2.0,4.0,8.0,8.0,4.0,16.0,0.0,0.0,3.0,4.0,20.7,1,1,1,1,5730,12059,10158,4675,8599,13914,17345,8806,15259,8004,1,17641,2748,11252,1.0,32:11,2015,2016
2015-16,2594,Kyle Korver,Kyle,1610612737,ATL,Atlanta Hawks,21500771,2016-02-07T00:00:00,ATL @ ORL,L,34.6,0.0,0.0,0.0,0.0,12.0,15.0,14.0,36.0,1.0,1.0,2.0,0.0,27.2,1,13074,13074,13074,3849,12059,10158,9917,18861,20178,24781,23710,1943,2692,17214,11390,18762,7289,1.0,34:38,2015,2016
2015-16,203095,Evan Fournier,Evan,1610612753,ORL,Orlando Magic,21500771,2016-02-07T00:00:00,ORL vs. ATL,W,42.8,2.0,3.0,4.0,6.0,19.0,10.0,10.0,26.0,0.0,1.0,2.0,4.0,31.5,1,1,1,1,214,6026,3104,1913,5299,25074,20509,20169,7214,8004,17214,11390,2748,5180,1.0,42:50,2015,2016
2015-16,201952,Jeff Teague,Jeff,1610612737,ATL,Atlanta Hawks,21500771,2016-02-07T00:00:00,ATL @ ORL,L,34.7,5.0,2.0,3.0,14.0,14.0,15.0,14.0,36.0,0.0,3.0,1.0,1.0,30.7,1,13074,13074,13074,3808,1603,4731,3302,542,22292,24781,23710,1943,8004,25441,4972,12373,5539,1.0,34:40,2015,2016
2015-16,1718,Paul Pierce,Paul,1610612746,LAC,LA Clippers,21500772,2016-02-07T00:00:00,LAC @ MIA,W,21.9,0.0,0.0,3.0,0.0,6.0,5.0,2.0,6.0,0.0,0.0,2.0,0.0,11.8,1,1,1,1,14244,12059,10158,3302,18861,10028,11469,4025,22724,8004,1,11390,18762,17832,1.0,21:55,2015,2016
2015-16,101112,Channing Frye,Channing,1610612753,ORL,Orlando Magic,21500771,2016-02-07T00:00:00,ORL vs. ATL,W,14.1,0.0,2.0,0.0,2.0,7.0,2.0,2.0,10.0,1.0,0.0,1.0,1.0,11.6,1,1,1,1,20372,12059,4731,9917,12984,12242,3734,4025,20209,2692,1,4972,12373,17970,1.0,14:04,2015,2016
2015-16,203109,Jae Crowder,Jae,1610612738,BOS,Boston Celtics,21500773,2016-02-07T00:00:00,BOS vs. SAC,W,31.3,2.0,0.0,2.0,6.0,13.0,12.0,6.0,40.0,0.0,0.0,1.0,1.0,18.3,1,1,1,1,6498,6026,10158,4675,5299,21300,22832,13388,983,8004,1,4972,12373,12952,1.0,31:16,2015,2016
2015-16,101123,Gerald Green,Gerald,1610612748,MIA,Miami Heat,21500772,2016-02-07T00:00:00,MIA vs. LAC,L,28.8,2.0,0.0,1.0,0.0,9.0,4.0,5.0,20.0,0.0,0.0,1.0,3.0,12.6,1,13074,13074,13074,8509,6026,10158,9347,18861,15771,8458,11593,11929,8004,1,4972,4736,17277,1.0,28:50,2015,2016
2015-16,203935,Marcus Smart,Marcus,1610612738,BOS,Boston Celtics,21500773,2016-02-07T00:00:00,BOS vs. SAC,W,28.6,3.0,3.0,0.0,2.0,20.0,12.0,7.0,38.0,0.0,0.0,3.0,0.0,18.0,1,1,1,1,8770,4307,3104,9917,12984,25338,22832,15538,1422,8004,1,17641,18762,13164,1.0,28:33,2015,2016
2015-16,200751,Randy Foye,Randy,1610612743,DEN,Denver Nuggets,21500770,2016-02-07T00:00:00,DEN @ NYK,W,16.8,2.0,0.0,0.0,0.0,2.0,2.0,0.0,12.0,0.0,0.0,2.0,0.0,7.9,1,1,1,1,18459,6026,10158,9917,18861,2619,3734,1,18637,8004,1,11390,18762,20646,1.0,16:45,2015,2016
2015-16,203482,Kelly Olynyk,Kelly,1610612738,BOS,Boston Celtics,21500773,2016-02-07T00:00:00,BOS vs. SAC,W,16.5,0.0,0.0,0.0,4.0,17.0,9.0,7.0,22.0,0.0,0.0,0.0,1.0,12.8,1,1,1,1,18640,12059,10158,9917,8599,24337,19144,15538,10265,8004,1,1,12373,17129,1.0,16:31,2015,2016
2015-16,203914,Gary Harris,Gary,1610612743,DEN,Denver Nuggets,21500770,2016-02-07T00:00:00,DEN @ NYK,W,40.2,0.0,0.0,4.0,2.0,2.0,7.0,3.0,28.0,0.0,1.0,1.0,0.0,16.3,1,1,1,1,667,12059,10158,1913,12984,2619,15642,7328,5824,8004,17214,4972,18762,14372,1.0,40:14,2015,2016
2015-16,1626170,Jerian Grant,Jerian,1610612752,NYK,New York Knicks,21500770,2016-02-07T00:00:00,NYK vs. DEN,L,11.4,0.0,0.0,0.0,0.0,2.0,2.0,1.0,14.0,0.0,0.0,1.0,1.0,8.5,1,13074,13074,13074,21867,12059,10158,9917,18861,2619,3734,3646,17019,8004,1,4972,12373,20215,1.0,11:25,2015,2016
2015-16,203999,Nikola Jokić,Nikola,1610612743,DEN,Denver Nuggets,21500770,2016-02-07T00:00:00,DEN @ NYK,W,18.6,0.0,0.0,0.0,6.0,3.0,3.0,3.0,12.0,0.0,0.0,3.0,3.0,22.2,1,1,1,1,17042,12059,10158,9917,5299,5109,7138,7328,18637,8004,1,17641,4736,10263,1.0,18:34,2015,2016
2015-16,202355,Hassan Whiteside,Hassan,1610612748,MIA,Miami Heat,21500772,2016-02-07T00:00:00,MIA vs. LAC,L,16.9,0.0,4.0,0.0,6.0,6.0,6.0,2.0,16.0,0.0,0.0,2.0,4.0,22.0,1,13074,13074,13074,18319,12059,1596,9917,5299,10028,13237,4025,15259,8004,1,11390,2748,10388,1.0,16:56,2015,2016
2015-16,202323,Evan Turner,Evan,1610612738,BOS,Boston Celtics,21500773,2016-02-07T00:00:00,BOS vs. SAC,W,26.9,0.0,0.0,3.0,6.0,17.0,9.0,7.0,36.0,1.0,0.0,2.0,4.0,28.3,1,1,1,1,10119,12059,10158,3302,5299,24337,19144,15538,1943,2692,1,11390,2748,6720,1.0,26:53,2015,2016
2015-16,202362,Lance Stephenson,Lance,1610612746,LAC,LA Clippers,21500772,2016-02-07T00:00:00,LAC @ MIA,W,17.6,2.0,2.0,0.0,6.0,6.0,4.0,5.0,14.0,0.0,0.0,4.0,0.0,13.7,1,1,1,1,17847,6026,4731,9917,5299,10028,8458,11593,17019,8004,1,22104,18762,16393,1.0,17:34,2015,2016
2015-16,200794,Paul Millsap,Paul,1610612737,ATL,Atlanta Hawks,21500771,2016-02-07T00:00:00,ATL @ ORL,L,34.4,8.0,4.0,2.0,4.0,10.0,13.0,10.0,36.0,2.0,4.0,3.0,4.0,39.8,1,13074,13074,13074,4008,308,1596,4675,8599,17370,23668,20169,1943,932,25926,17641,2748,2422,1.0,34:26,2015,2016
2015-16,203901,Elfrid Payton,Elfrid,1610612753,ORL,Orlando Magic,21500771,2016-02-07T00:00:00,ORL vs. ATL,W,32.6,0.0,0.0,0.0,2.0,13.0,10.0,7.0,24.0,1.0,2.0,3.0,1.0,37.8,1,1,1,1,5434,12059,10158,9917,12984,21300,20509,15538,8723,2692,23588,17641,12373,2956,1.0,32:35,2015,2016
2015-16,203506,Victor Oladipo,Victor,1610612753,ORL,Orlando Magic,21500771,2016-02-07T00:00:00,ORL vs. ATL,W,44.4,2.0,5.0,6.0,10.0,20.0,10.0,8.0,26.0,1.0,0.0,0.0,1.0,32.5,1,1,1,1,104,6026,995,740,1840,25338,20509,17194,7214,2692,1,1,12373,4726,1.0,44:25,2015,2016
2015-16,201585,Kosta Koufos,Kosta,1610612758,SAC,Sacramento Kings,21500773,2016-02-07T00:00:00,SAC @ BOS,L,21.2,4.0,2.0,0.0,6.0,7.0,12.0,5.0,24.0,1.0,0.0,1.0,2.0,27.6,1,13074,13074,13074,14931,2460,4731,9917,5299,12242,22832,11593,8723,2692,1,4972,7786,7080,1.0,21:09,2015,2016
2015-16,202340,Avery Bradley,Avery,1610612738,BOS,Boston Celtics,21500773,2016-02-07T00:00:00,BOS vs. SAC,W,34.1,8.0,6.0,3.0,6.0,15.0,14.0,6.0,38.0,0.0,2.0,0.0,1.0,32.1,1,1,1,1,4239,308,481,3302,5299,23079,24300,13388,1422,8004,23588,1,12373,4889,1.0,34:08,2015,2016
2015-16,201143,Al Horford,Al,1610612737,ATL,Atlanta Hawks,21500771,2016-02-07T00:00:00,ATL @ ORL,L,34.9,0.0,0.0,0.0,2.0,14.0,12.0,14.0,28.0,2.0,0.0,1.0,1.0,33.2,1,13074,13074,13074,3623,12059,10158,9917,12984,22292,22832,23710,5824,932,1,4972,12373,4462,1.0,34:53,2015,2016
2015-16,1626159,Justise Winslow,Justise,1610612748,MIA,Miami Heat,21500772,2016-02-07T00:00:00,MIA vs. LAC,L,26.6,0.0,0.0,0.0,0.0,4.0,8.0,0.0,16.0,0.0,1.0,3.0,2.0,14.0,1,13074,13074,13074,10338,12059,10158,9917,18861,6141,17345,1,15259,8004,17214,17641,7786,16166,1.0,26:38,2015,2016
2015-16,201568,Danilo Gallinari,Danilo,1610612743,DEN,Denver Nuggets,21500770,2016-02-07T00:00:00,DEN @ NYK,W,36.6,2.0,4.0,3.0,0.0,5.0,7.0,3.0,28.0,0.0,0.0,3.0,8.0,28.3,1,1,1,1,2344,6026,1596,3302,18861,8403,15642,7328,5824,8004,1,17641,254,6720,1.0,36:35,2015,2016
2015-16,1626163,Frank Kaminsky,Frank,1610612766,CHA,Charlotte Hornets,21500761,2016-02-06T00:00:00,CHA vs. WAS,W,19.5,0.0,0.0,0.0,2.0,11.0,10.0,8.0,14.0,2.0,2.0,2.0,0.0,14.1,1,1,1,1,16316,12059,10158,9917,12984,18886,20509,17194,17019,932,23588,11390,18762,16094,1.0,19:30,2015,2016
2015-16,200746,LaMarcus Aldridge,LaMarcus,1610612759,SAS,San Antonio Spurs,21500767,2016-02-06T00:00:00,SAS vs. LAL,W,33.8,4.0,0.0,0.0,8.0,4.0,11.0,7.0,16.0,0.0,1.0,2.0,4.0,38.8,1,1,1,1,4550,2460,10158,9917,3109,6141,21814,15538,15259,8004,17214,11390,2748,2692,1.0,33:45,2015,2016
2015-16,203477,Isaiah Canaan,Isaiah,1610612755,PHI,Philadelphia 76ers,21500764,2016-02-06T00:00:00,PHI vs. BKN,W,24.3,3.0,0.0,0.0,0.0,11.0,12.0,11.0,20.0,0.0,1.0,2.0,0.0,17.1,1,1,1,1,12350,4307,10158,9917,18861,18886,22832,21342,11929,8004,17214,11390,18762,13791,1.0,24:15,2015,2016
2015-16,201188,Marc Gasol,Marc,1610612763,MEM,Memphis Grizzlies,21500765,2016-02-06T00:00:00,MEM vs. DAL,L,36.8,0.0,0.0,0.0,10.0,14.0,6.0,12.0,18.0,1.0,0.0,3.0,4.0,33.2,1,13074,13074,13074,2204,12059,10158,9917,1840,22292,13237,22259,13577,2692,1,17641,2748,4462,1.0,36:49,2015,2016
2015-16,203078,Bradley Beal,Bradley,1610612764,WAS,Washington Wizards,21500761,2016-02-06T00:00:00,WAS @ CHA,L,20.1,2.0,0.0,3.0,2.0,6.0,6.0,1.0,12.0,0.0,0.0,4.0,2.0,27.9,1,13074,13074,13074,15791,6026,10158,3302,12984,10028,13237,3646,18637,8004,1,22104,7786,6914,1.0,20:09,2015,2016
2015-16,2225,Tony Parker,Tony,1610612759,SAS,San Antonio Spurs,21500767,2016-02-06T00:00:00,SAS vs. LAL,W,25.8,2.0,0.0,2.0,6.0,4.0,9.0,4.0,14.0,0.0,0.0,2.0,3.0,22.4,1,1,1,1,11011,6026,10158,4675,5299,6141,19144,8806,17019,8004,1,11390,4736,10131,1.0,25:48,2015,2016
2015-16,202344,Trevor Booker,Trevor,1610612762,UTA,Utah Jazz,21500768,2016-02-06T00:00:00,UTA @ PHX,W,25.9,2.0,2.0,2.0,8.0,8.0,2.0,9.0,20.0,0.0,0.0,3.0,1.0,17.7,1,1,1,1,10909,6026,4731,4675,3109,13914,3734,18829,11929,8004,1,17641,12373,13380,1.0,25:55,2015,2016
2015-16,203080,Thomas Robinson,Thomas,1610612751,BKN,Brooklyn Nets,21500764,2016-02-06T00:00:00,BKN @ PHI,L,14.2,0.0,3.0,0.0,2.0,9.0,6.0,3.0,18.0,2.0,2.0,2.0,1.0,17.5,1,13074,13074,13074,20319,12059,3104,9917,12984,15771,13237,7328,13577,932,23588,11390,12373,13528,1.0,14:09,2015,2016
2015-16,202334,Ed Davis,Ed,1610612757,POR,Portland Trail Blazers,21500760,2016-02-06T00:00:00,POR @ HOU,W,22.1,0.0,3.0,0.0,2.0,8.0,10.0,8.0,12.0,0.0,2.0,2.0,2.0,16.8,1,1,1,1,14084,12059,3104,9917,12984,13914,20509,17194,18637,8004,23588,11390,7786,13996,1.0,22:06,2015,2016
2015-16,2440,Matt Barnes,Matt,1610612763,MEM,Memphis Grizzlies,21500765,2016-02-06T00:00:00,MEM vs. DAL,L,36.3,2.0,0.0,8.0,2.0,7.0,6.0,6.0,16.0,1.0,0.0,4.0,0.0,38.7,1,13074,13074,13074,2520,6026,10158,280,12984,12242,13237,13388,15259,2692,1,22104,18762,2717,1.0,36:20,2015,2016
2015-16,203526,Raul Neto,Raul,1610612762,UTA,Utah Jazz,21500768,2016-02-06T00:00:00,UTA @ PHX,W,37.2,2.0,5.0,2.0,4.0,10.0,11.0,11.0,30.0,0.0,2.0,3.0,1.0,22.4,1,1,1,1,1936,6026,995,4675,8599,17370,21814,21342,4541,8004,23588,17641,12373,10131,1.0,37:14,2015,2016
2015-16,201578,Marreese Speights,Marreese,1610612744,GSW,Golden State Warriors,21500769,2016-02-06T00:00:00,GSW vs. OKC,W,17.2,2.0,2.0,2.0,6.0,7.0,10.0,9.0,20.0,1.0,1.0,2.0,1.0,22.4,1,1,1,1,18127,6026,4731,4675,5299,12242,20509,18829,11929,2692,17214,11390,12373,10131,1.0,17:12,2015,2016
2015-16,203090,Maurice Harkless,Maurice,1610612757,POR,Portland Trail Blazers,21500760,2016-02-06T00:00:00,POR @ HOU,W,30.4,5.0,4.0,0.0,8.0,13.0,13.0,11.0,22.0,1.0,1.0,5.0,1.0,31.7,1,1,1,1,7223,1603,1596,9917,3109,21300,23668,21342,10265,2692,17214,24686,12373,5088,1.0,30:21,2015,2016
2015-16,203500,Steven Adams,Steven,1610612760,OKC,Oklahoma City Thunder,21500769,2016-02-06T00:00:00,OKC @ GSW,L,33.2,1.0,2.0,0.0,8.0,13.0,14.0,20.0,42.0,2.0,0.0,3.0,5.0,28.1,1,13074,13074,13074,4985,11535,4731,9917,3109,21300,24300,25599,670,932,1,17641,1539,6818,1.0,33:10,2015,2016
2015-16,2561,David West,David,1610612759,SAS,San Antonio Spurs,21500767,2016-02-06T00:00:00,SAS vs. LAL,W,29.6,0.0,2.0,0.0,4.0,4.0,12.0,2.0,16.0,3.0,0.0,4.0,1.0,32.1,1,1,1,1,7903,12059,4731,9917,8599,6141,22832,4025,15259,347,1,22104,12373,4889,1.0,29:35,2015,2016
2015-16,202689,Kemba Walker,Kemba,1610612766,CHA,Charlotte Hornets,21500761,2016-02-06T00:00:00,CHA vs. WAS,W,35.4,0.0,0.0,4.0,6.0,11.0,3.0,17.0,22.0,0.0,1.0,2.0,2.0,38.5,1,1,1,1,3249,12059,10158,1913,5299,18886,7138,24967,10265,8004,17214,11390,7786,2771,1.0,35:22,2015,2016
2015-16,203469,Cody Zeller,Cody,1610612766,CHA,Charlotte Hornets,21500761,2016-02-06T00:00:00,CHA vs. WAS,W,29.8,2.0,0.0,2.0,4.0,8.0,0.0,15.0,18.0,0.0,0.0,3.0,2.0,28.3,1,1,1,1,7722,6026,10158,4675,8599,13914,1,24242,13577,8004,1,17641,7786,6720,1.0,29:48,2015,2016
2015-16,2733,Shaun Livingston,Shaun,1610612744,GSW,Golden State Warriors,21500769,2016-02-06T00:00:00,GSW vs. OKC,W,15.5,2.0,0.0,2.0,4.0,6.0,6.0,2.0,16.0,0.0,1.0,1.0,2.0,17.2,1,1,1,1,19414,6026,10158,4675,8599,10028,13237,4025,15259,8004,17214,4972,7786,13725,1.0,15:29,2015,2016
2015-16,204028,Tarik Black,Tarik,1610612747,LAL,Los Angeles Lakers,21500767,2016-02-06T00:00:00,LAL @ SAS,L,17.0,0.0,2.0,0.0,4.0,2.0,2.0,3.0,10.0,0.0,0.0,2.0,1.0,13.6,1,13074,13074,13074,18254,12059,4731,9917,8599,2619,3734,7328,20209,8004,1,11390,12373,16460,1.0,17:01,2015,2016
2015-16,101150,Lou Williams,Lou,1610612747,LAL,Los Angeles Lakers,21500767,2016-02-06T00:00:00,LAL @ SAS,L,37.2,2.0,3.0,0.0,0.0,8.0,15.0,7.0,30.0,0.0,2.0,3.0,2.0,22.6,1,13074,13074,13074,1962,6026,3104,9917,18861,13914,24781,15538,4541,8004,23588,17641,7786,10000,1.0,37:12,2015,2016
2015-16,202388,Donald Sloan,Donald,1610612751,BKN,Brooklyn Nets,21500764,2016-02-06T00:00:00,BKN @ PHI,L,21.7,0.0,0.0,0.0,0.0,10.0,7.0,7.0,26.0,0.0,2.0,3.0,1.0,13.8,1,13074,13074,13074,14403,12059,10158,9917,18861,17370,15642,15538,7214,8004,23588,17641,12373,16311,1.0,21:44,2015,2016
2015-16,202683,Enes Freedom,Enes,1610612760,OKC,Oklahoma City Thunder,21500769,2016-02-06T00:00:00,OKC @ GSW,L,19.6,6.0,8.0,0.0,14.0,7.0,3.0,9.0,20.0,0.0,1.0,2.0,1.0,32.5,1,13074,13074,13074,16278,878,137,9917,542,12242,7138,18829,11929,8004,17214,11390,12373,4726,1.0,19:33,2015,2016
2015-16,201152,Thaddeus Young,Thaddeus,1610612751,BKN,Brooklyn Nets,21500764,2016-02-06T00:00:00,BKN @ PHI,L,39.0,2.0,4.0,2.0,20.0,21.0,7.0,14.0,44.0,1.0,1.0,1.0,2.0,39.5,1,13074,13074,13074,1062,6026,1596,4675,59,25535,15642,23710,454,2692,17214,4972,7786,2497,1.0,39:02,2015,2016
2015-16,204456,T.J. McConnell,T.J.,1610612755,PHI,Philadelphia 76ers,21500764,2016-02-06T00:00:00,PHI vs. BKN,W,28.1,2.0,2.0,2.0,8.0,10.0,3.0,9.0,24.0,0.0,0.0,0.0,2.0,32.4,1,1,1,1,9125,6026,4731,4675,3109,17370,7138,18829,8723,8004,1,1,7786,4768,1.0,28:08,2015,2016
2015-16,2747,JR Smith,JR,1610612739,CLE,Cleveland Cavaliers,21500763,2016-02-06T00:00:00,CLE vs. NOP,W,33.1,3.0,12.0,0.0,2.0,4.0,11.0,2.0,24.0,0.0,0.0,1.0,0.0,32.3,1,1,1,1,5064,4307,6,9917,12984,6141,21814,4025,8723,8004,1,4972,18762,4807,1.0,33:04,2015,2016
2015-16,202329,Al-Farouq Aminu,Al-Farouq,1610612757,POR,Portland Trail Blazers,21500760,2016-02-06T00:00:00,POR @ HOU,W,30.4,3.0,2.0,0.0,2.0,8.0,16.0,6.0,18.0,1.0,0.0,1.0,1.0,32.4,1,1,1,1,7208,4307,4731,9917,12984,13914,25155,13388,13577,2692,1,4972,12373,4768,1.0,30:22,2015,2016
2015-16,203081,Damian Lillard,Damian,1610612757,POR,Portland Trail Blazers,21500760,2016-02-06T00:00:00,POR @ HOU,W,36.2,4.0,3.0,4.0,6.0,13.0,17.0,13.0,22.0,0.0,1.0,2.0,5.0,39.8,1,1,1,1,2608,2460,3104,1913,5299,21300,25429,23048,10265,8004,17214,11390,1539,2422,1.0,36:13,2015,2016
2015-16,201145,Jeff Green,Jeff,1610612763,MEM,Memphis Grizzlies,21500765,2016-02-06T00:00:00,MEM vs. DAL,L,34.8,2.0,0.0,2.0,8.0,7.0,3.0,6.0,18.0,1.0,0.0,1.0,3.0,22.5,1,13074,13074,13074,3720,6026,10158,4675,3109,12242,7138,13388,13577,2692,1,4972,4736,10082,1.0,34:46,2015,2016
2015-16,201565,Derrick Rose,Derrick,1610612741,CHI,Chicago Bulls,21500766,2016-02-06T00:00:00,CHI @ MIN,L,33.0,4.0,0.0,4.0,10.0,12.0,9.0,18.0,46.0,0.0,0.0,3.0,6.0,39.0,1,13074,13074,13074,5167,2460,10158,1913,1840,20178,19144,25228,298,8004,1,17641,873,2642,1.0,32:57,2015,2016
2015-16,2216,Zach Randolph,Zach,1610612763,MEM,Memphis Grizzlies,21500765,2016-02-06T00:00:00,MEM vs. DAL,L,35.6,2.0,7.0,2.0,16.0,10.0,6.0,11.0,14.0,0.0,1.0,5.0,3.0,39.8,1,13074,13074,13074,3058,6026,292,4675,275,17370,13237,21342,17019,8004,17214,24686,4736,2422,1.0,35:37,2015,2016
2015-16,101162,Marcin Gortat,Marcin,1610612764,WAS,Washington Wizards,21500761,2016-02-06T00:00:00,WAS @ CHA,L,35.0,2.0,0.0,0.0,4.0,13.0,6.0,12.0,28.0,1.0,0.0,2.0,3.0,32.6,1,13074,13074,13074,3506,6026,10158,9917,8599,21300,13237,22259,5824,2692,1,11390,4736,4687,1.0,35:03,2015,2016
2015-16,201937,Ricky Rubio,Ricky,1610612750,MIN,Minnesota Timberwolves,21500766,2016-02-06T00:00:00,MIN vs. CHI,W,31.7,4.0,0.0,8.0,6.0,6.0,7.0,4.0,32.0,0.0,0.0,3.0,3.0,35.0,1,1,1,1,6184,2460,10158,280,5299,10028,15642,8806,3535,8004,1,17641,4736,3813,1.0,31:39,2015,2016
2015-16,201584,Courtney Lee,Courtney,1610612763,MEM,Memphis Grizzlies,21500765,2016-02-06T00:00:00,MEM vs. DAL,L,28.5,0.0,0.0,5.0,4.0,7.0,3.0,11.0,16.0,1.0,0.0,3.0,0.0,23.2,1,13074,13074,13074,8832,12059,10158,1277,8599,12242,7138,21342,15259,2692,1,17641,18762,9630,1.0,28:30,2015,2016
2015-16,1626156,D'Angelo Russell,D'Angelo,1610612747,LAL,Los Angeles Lakers,21500767,2016-02-06T00:00:00,LAL @ SAS,L,22.8,0.0,3.0,0.0,0.0,0.0,4.0,3.0,10.0,0.0,0.0,3.0,3.0,19.4,1,13074,13074,13074,13537,12059,3104,9917,18861,1,8458,7328,20209,8004,1,17641,4736,12154,1.0,22:47,2015,2016
2015-16,977,Kobe Bryant,Kobe,1610612747,LAL,Los Angeles Lakers,21500767,2016-02-06T00:00:00,LAL @ SAS,L,32.9,0.0,0.0,5.0,6.0,8.0,15.0,7.0,26.0,1.0,0.0,4.0,3.0,34.4,1,13074,13074,13074,5218,12059,10158,1277,5299,13914,24781,15538,7214,2692,1,22104,4736,4029,1.0,32:53,2015,2016
2015-16,203086,Meyers Leonard,Meyers,1610612757,POR,Portland Trail Blazers,21500760,2016-02-06T00:00:00,POR @ HOU,W,14.7,1.0,1.0,0.0,0.0,6.0,5.0,5.0,6.0,0.0,0.0,3.0,2.0,14.9,1,1,1,1,19995,11535,9709,9917,18861,10028,11469,11593,22724,8004,1,17641,7786,15463,1.0,14:39,2015,2016
2015-16,203952,Andrew Wiggins,Andrew,1610612750,MIN,Minnesota Timberwolves,21500766,2016-02-06T00:00:00,MIN vs. CHI,W,33.0,2.0,1.0,2.0,10.0,6.0,7.0,4.0,34.0,0.0,0.0,0.0,4.0,25.4,1,1,1,1,5167,6026,9709,4675,1840,10028,15642,8806,2701,8004,1,1,2748,8273,1.0,32:57,2015,2016
2015-16,101145,Monta Ellis,Monta,1610612754,IND,Indiana Pacers,21500762,2016-02-06T00:00:00,IND vs. DET,W,33.2,0.0,0.0,0.0,2.0,11.0,11.0,2.0,24.0,0.0,0.0,1.0,2.0,25.5,1,1,1,1,4955,12059,10158,9917,12984,18886,21814,4025,8723,8004,1,4972,7786,8230,1.0,33:13,2015,2016
2015-16,203486,Mason Plumlee,Mason,1610612757,POR,Portland Trail Blazers,21500760,2016-02-06T00:00:00,POR @ HOU,W,23.9,6.0,0.0,0.0,8.0,8.0,9.0,6.0,16.0,2.0,0.0,3.0,1.0,26.1,1,1,1,1,12682,878,10158,9917,3109,13914,19144,13388,15259,932,1,17641,12373,7836,1.0,23:52,2015,2016
2015-16,202324,Derrick Favors,Derrick,1610612762,UTA,Utah Jazz,21500768,2016-02-06T00:00:00,UTA @ PHX,W,30.4,2.0,2.0,0.0,6.0,9.0,11.0,10.0,26.0,0.0,2.0,5.0,3.0,22.9,1,1,1,1,7221,6026,4731,9917,5299,15771,21814,20169,7214,8004,23588,24686,4736,9811,1.0,30:22,2015,2016
2015-16,203084,Harrison Barnes,Harrison,1610612744,GSW,Golden State Warriors,21500769,2016-02-06T00:00:00,GSW vs. OKC,W,36.0,2.0,5.0,3.0,8.0,8.0,10.0,19.0,34.0,0.0,0.0,4.0,2.0,23.8,1,1,1,1,2785,6026,995,3302,3109,13914,20509,25435,2701,8004,1,22104,7786,9261,1.0,35:58,2015,2016
2015-16,203079,Dion Waiters,Dion,1610612760,OKC,Oklahoma City Thunder,21500769,2016-02-06T00:00:00,OKC @ GSW,L,36.7,0.0,0.0,0.0,0.0,14.0,15.0,15.0,44.0,0.0,0.0,2.0,1.0,19.3,1,13074,13074,13074,2281,12059,10158,9917,18861,22292,24781,24242,454,8004,1,11390,12373,12228,1.0,36:43,2015,2016
2015-16,201147,Corey Brewer,Corey,1610612745,HOU,Houston Rockets,21500760,2016-02-06T00:00:00,HOU vs. POR,L,27.8,0.0,0.0,3.0,2.0,22.0,8.0,4.0,26.0,0.0,0.0,2.0,3.0,14.7,1,13074,13074,13074,9352,12059,10158,3302,12984,25683,17345,8806,7214,8004,1,11390,4736,15631,1.0,27:50,2015,2016
2015-16,202708,Norris Cole,Norris,1610612740,NOP,New Orleans Pelicans,21500763,2016-02-06T00:00:00,NOP @ CLE,L,34.4,2.0,0.0,2.0,6.0,8.0,17.0,2.0,24.0,0.0,0.0,2.0,3.0,33.9,1,13074,13074,13074,4012,6026,10158,4675,5299,13914,25429,4025,8723,8004,1,11390,4736,4208,1.0,34:25,2015,2016
2015-16,201150,Spencer Hawes,Spencer,1610612766,CHA,Charlotte Hornets,21500761,2016-02-06T00:00:00,CHA vs. WAS,W,18.2,2.0,4.0,0.0,2.0,12.0,10.0,11.0,14.0,2.0,0.0,3.0,6.0,23.8,1,1,1,1,17354,6026,1596,9917,12984,20178,20509,21342,17019,932,1,17641,873,9261,1.0,18:12,2015,2016
2015-16,203141,Mirza Teletovic,Mirza,1610612756,PHX,Phoenix Suns,21500768,2016-02-06T00:00:00,PHX vs. UTA,L,19.5,0.0,0.0,0.0,2.0,4.0,4.0,4.0,22.0,1.0,1.0,1.0,3.0,19.4,1,13074,13074,13074,16293,12059,10158,9917,12984,6141,8458,8806,10265,2692,17214,4972,4736,12154,1.0,19:32,2015,2016
2015-16,202389,Timofey Mozgov,Timofey,1610612739,CLE,Cleveland Cavaliers,21500763,2016-02-06T00:00:00,CLE vs. NOP,W,22.2,0.0,2.0,0.0,6.0,4.0,8.0,2.0,16.0,2.0,0.0,2.0,0.0,19.7,1,1,1,1,14035,12059,4731,9917,5299,6141,17345,4025,15259,932,1,11390,18762,11962,1.0,22:10,2015,2016
2015-16,203496,Robert Covington,Robert,1610612755,PHI,Philadelphia 76ers,21500764,2016-02-06T00:00:00,PHI vs. BKN,W,26.2,2.0,3.0,0.0,0.0,10.0,5.0,8.0,24.0,0.0,0.0,5.0,2.0,26.1,1,1,1,1,10722,6026,3104,9917,18861,17370,11469,17194,8723,8004,1,24686,7786,7836,1.0,26:10,2015,2016
2015-16,203110,Draymond Green,Draymond,1610612744,GSW,Golden State Warriors,21500769,2016-02-06T00:00:00,GSW vs. OKC,W,35.6,0.0,3.0,2.0,6.0,9.0,12.0,17.0,34.0,0.0,0.0,5.0,4.0,35.0,1,1,1,1,3047,12059,3104,4675,5299,15771,22832,24967,2701,8004,1,24686,2748,3813,1.0,35:37,2015,2016
2015-16,203900,Markel Brown,Markel,1610612751,BKN,Brooklyn Nets,21500764,2016-02-06T00:00:00,BKN @ PHI,L,20.1,2.0,5.0,3.0,0.0,6.0,6.0,4.0,18.0,0.0,0.0,1.0,2.0,23.7,1,13074,13074,13074,15808,6026,995,3302,18861,10028,13237,8806,13577,8004,1,4972,7786,9329,1.0,20:08,2015,2016
2015-16,203918,Rodney Hood,Rodney,1610612762,UTA,Utah Jazz,21500768,2016-02-06T00:00:00,UTA @ PHX,W,35.1,4.0,3.0,0.0,10.0,10.0,11.0,9.0,28.0,0.0,1.0,3.0,5.0,33.3,1,1,1,1,3464,2460,3104,9917,1840,17370,21814,18829,5824,8004,17214,17641,1539,4423,1.0,35:06,2015,2016
2015-16,203458,Alex Len,Alex,1610612756,PHX,Phoenix Suns,21500768,2016-02-06T00:00:00,PHX vs. UTA,L,15.3,0.0,0.0,0.0,4.0,4.0,7.0,2.0,18.0,1.0,1.0,2.0,2.0,14.6,1,13074,13074,13074,19547,12059,10158,9917,8599,6141,15642,4025,13577,2692,17214,11390,7786,15699,1.0,15:19,2015,2016
2015-16,203499,Shane Larkin,Shane,1610612751,BKN,Brooklyn Nets,21500764,2016-02-06T00:00:00,BKN @ PHI,L,26.3,0.0,0.0,0.0,0.0,13.0,6.0,8.0,28.0,1.0,0.0,1.0,0.0,18.8,1,13074,13074,13074,10625,12059,10158,9917,18861,21300,13237,17194,5824,2692,1,4972,18762,12588,1.0,26:16,2015,2016
2015-16,1626164,Devin Booker,Devin,1610612756,PHX,Phoenix Suns,21500768,2016-02-06T00:00:00,PHX vs. UTA,L,33.9,2.0,2.0,4.0,6.0,12.0,12.0,8.0,30.0,0.0,1.0,5.0,5.0,25.1,1,13074,13074,13074,4467,6026,4731,1913,5299,20178,22832,17194,4541,8004,17214,24686,1539,8429,1.0,33:52,2015,2016
2015-16,1626149,Montrezl Harrell,Montrezl,1610612745,HOU,Houston Rockets,21500760,2016-02-06T00:00:00,HOU vs. POR,L,15.0,0.0,4.0,1.0,4.0,5.0,5.0,0.0,6.0,0.0,1.0,2.0,1.0,10.5,1,13074,13074,13074,19728,12059,1596,9347,8599,8403,11469,1,22724,8004,17214,11390,12373,18808,1.0,15:02,2015,2016
2015-16,201941,Jordan Hill,Jordan,1610612754,IND,Indiana Pacers,21500762,2016-02-06T00:00:00,IND vs. DET,W,27.5,0.0,4.0,0.0,10.0,6.0,11.0,4.0,26.0,0.0,1.0,2.0,0.0,35.1,1,1,1,1,9643,12059,1596,9917,1840,10028,21814,8806,7214,8004,17214,11390,18762,3777,1.0,27:28,2015,2016
2015-16,201196,Ramon Sessions,Ramon,1610612764,WAS,Washington Wizards,21500761,2016-02-06T00:00:00,WAS @ CHA,L,22.6,0.0,0.0,2.0,4.0,5.0,2.0,4.0,12.0,1.0,3.0,1.0,3.0,19.5,1,13074,13074,13074,13689,12059,10158,4675,8599,8403,3734,8806,18637,2692,25441,4972,4736,12096,1.0,22:36,2015,2016
2015-16,201600,Omer Asik,Omer,1610612740,NOP,New Orleans Pelicans,21500763,2016-02-06T00:00:00,NOP @ CLE,L,29.3,0.0,2.0,0.0,6.0,5.0,13.0,2.0,22.0,0.0,0.0,2.0,2.0,23.4,1,13074,13074,13074,8130,12059,4731,9917,5299,8403,23668,4025,10265,8004,1,11390,7786,9501,1.0,29:18,2015,2016
2015-16,203897,Zach LaVine,Zach,1610612750,MIN,Minnesota Timberwolves,21500766,2016-02-06T00:00:00,MIN vs. CHI,W,35.7,0.0,0.0,4.0,6.0,5.0,10.0,5.0,34.0,0.0,1.0,0.0,2.0,23.7,1,1,1,1,2988,12059,10158,1913,5299,8403,20509,11593,2701,8004,17214,1,7786,9329,1.0,35:41,2015,2016
2015-16,201596,Mario Chalmers,Mario,1610612763,MEM,Memphis Grizzlies,21500765,2016-02-06T00:00:00,MEM vs. DAL,L,18.8,3.0,2.0,2.0,10.0,3.0,0.0,10.0,6.0,0.0,0.0,2.0,5.0,19.4,1,13074,13074,13074,16885,4307,4731,4675,1840,5109,1,20169,22724,8004,1,11390,1539,12154,1.0,18:47,2015,2016
2015-16,101138,Brandon Bass,Brandon,1610612747,LAL,Los Angeles Lakers,21500767,2016-02-06T00:00:00,LAL @ SAS,L,25.7,2.0,0.0,2.0,2.0,2.0,5.0,3.0,14.0,1.0,1.0,1.0,1.0,14.8,1,13074,13074,13074,11123,6026,10158,4675,12984,2619,11469,7328,17019,2692,17214,4972,12373,15561,1.0,25:41,2015,2016
2015-16,2585,Zaza Pachulia,Zaza,1610612742,DAL,Dallas Mavericks,21500765,2016-02-06T00:00:00,DAL @ MEM,W,30.7,0.0,0.0,0.0,2.0,4.0,5.0,14.0,30.0,0.0,2.0,5.0,3.0,19.2,1,1,1,1,6930,12059,10158,9917,12984,6141,11469,23710,4541,8004,23588,24686,4736,12284,1.0,30:44,2015,2016
2015-16,201950,Jrue Holiday,Jrue,1610612740,NOP,New Orleans Pelicans,21500763,2016-02-06T00:00:00,NOP @ CLE,L,28.4,0.0,2.0,0.0,4.0,5.0,10.0,0.0,18.0,0.0,0.0,1.0,2.0,30.0,1,13074,13074,13074,8894,12059,4731,9917,8599,8403,20509,1,13577,8004,1,4972,7786,5840,1.0,28:25,2015,2016
2015-16,200745,Andrea Bargnani,Andrea,1610612751,BKN,Brooklyn Nets,21500764,2016-02-06T00:00:00,BKN @ PHI,L,9.0,0.0,0.0,0.0,0.0,2.0,6.0,0.0,10.0,0.0,0.0,2.0,1.0,7.4,1,13074,13074,13074,22843,12059,10158,9917,18861,2619,13237,1,20209,8004,1,11390,12373,20912,1.0,8:58,2015,2016
2015-16,201572,Brook Lopez,Brook,1610612751,BKN,Brooklyn Nets,21500764,2016-02-06T00:00:00,BKN @ PHI,L,33.8,2.0,0.0,0.0,10.0,14.0,7.0,10.0,36.0,1.0,2.0,3.0,7.0,24.0,1,13074,13074,13074,4479,6026,10158,9917,1840,22292,15642,20169,1943,2692,23588,17641,469,9121,1.0,33:50,2015,2016
2015-16,203903,Jordan Clarkson,Jordan,1610612747,LAL,Los Angeles Lakers,21500767,2016-02-06T00:00:00,LAL @ SAS,L,36.0,2.0,6.0,0.0,10.0,8.0,15.0,10.0,28.0,0.0,1.0,3.0,3.0,36.2,1,13074,13074,13074,2748,6026,481,9917,1840,13914,24781,20169,5824,8004,17214,17641,4736,3407,1.0,36:01,2015,2016
2015-16,203468,CJ McCollum,CJ,1610612757,POR,Portland Trail Blazers,21500760,2016-02-06T00:00:00,POR @ HOU,W,39.9,5.0,3.0,5.0,6.0,11.0,14.0,9.0,22.0,1.0,0.0,2.0,3.0,37.4,1,1,1,1,761,1603,3104,1277,5299,18886,24300,18829,10265,2692,1,11390,4736,3073,1.0,39:53,2015,2016
2015-16,101114,Deron Williams,Deron,1610612742,DAL,Dallas Mavericks,21500765,2016-02-06T00:00:00,DAL @ MEM,W,37.8,2.0,0.0,2.0,4.0,4.0,10.0,9.0,40.0,0.0,0.0,3.0,5.0,43.9,1,1,1,1,1620,6026,10158,4675,8599,6141,20509,18829,983,8004,1,17641,1539,1573,1.0,37:46,2015,2016
2015-16,1626143,Jahlil Okafor,Jahlil,1610612755,PHI,Philadelphia 76ers,21500764,2016-02-06T00:00:00,PHI vs. BKN,W,32.7,6.0,4.0,2.0,18.0,11.0,7.0,7.0,32.0,3.0,3.0,2.0,3.0,53.4,1,1,1,1,5384,878,1596,4675,131,18886,15642,15538,3535,347,25441,11390,4736,499,1.0,32:39,2015,2016
2015-16,203457,Nerlens Noel,Nerlens,1610612755,PHI,Philadelphia 76ers,21500764,2016-02-06T00:00:00,PHI vs. BKN,W,32.0,4.0,2.0,6.0,16.0,10.0,5.0,9.0,28.0,3.0,1.0,5.0,3.0,43.8,1,1,1,1,5864,2460,4731,740,275,17370,11469,18829,5824,347,17214,24686,4736,1587,1.0,32:01,2015,2016
2015-16,203462,Archie Goodwin,Archie,1610612756,PHX,Phoenix Suns,21500768,2016-02-06T00:00:00,PHX vs. UTA,L,37.1,2.0,5.0,4.0,6.0,12.0,12.0,6.0,32.0,1.0,0.0,1.0,5.0,24.7,1,13074,13074,13074,2040,6026,995,1913,5299,20178,22832,13388,3535,2692,1,4972,1539,8673,1.0,37:04,2015,2016
2015-16,202734,E'Twaun Moore,E'Twaun,1610612741,CHI,Chicago Bulls,21500766,2016-02-06T00:00:00,CHI @ MIN,L,37.5,0.0,0.0,0.0,6.0,12.0,9.0,14.0,48.0,0.0,0.0,2.0,0.0,29.9,1,13074,13074,13074,1730,12059,10158,9917,5299,20178,19144,23710,192,8004,1,11390,18762,5884,1.0,37:32,2015,2016
2015-16,101109,Raymond Felton,Raymond,1610612742,DAL,Dallas Mavericks,21500765,2016-02-06T00:00:00,DAL @ MEM,W,32.3,3.0,3.0,4.0,4.0,9.0,11.0,17.0,40.0,0.0,0.0,2.0,3.0,28.9,1,1,1,1,5681,4307,3104,1913,8599,15771,21814,24967,983,8004,1,11390,4736,6414,1.0,32:16,2015,2016
2015-16,202693,Markieff Morris,Markieff,1610612756,PHX,Phoenix Suns,21500768,2016-02-06T00:00:00,PHX vs. UTA,L,36.4,0.0,0.0,0.0,6.0,12.0,12.0,8.0,32.0,2.0,3.0,5.0,3.0,45.4,1,13074,13074,13074,2505,12059,10158,9917,5299,20178,22832,17194,3535,932,25441,24686,4736,1291,1.0,36:22,2015,2016
2015-16,201144,Mike Conley,Mike,1610612763,MEM,Memphis Grizzlies,21500765,2016-02-06T00:00:00,MEM vs. DAL,L,34.2,0.0,3.0,0.0,4.0,11.0,6.0,6.0,20.0,0.0,0.0,3.0,3.0,29.3,1,13074,13074,13074,4170,12059,3104,9917,8599,18886,13237,13388,11929,8004,1,17641,4736,6202,1.0,34:13,2015,2016
2015-16,201588,George Hill,George,1610612754,IND,Indiana Pacers,21500762,2016-02-06T00:00:00,IND vs. DET,W,33.1,2.0,0.0,0.0,4.0,9.0,10.0,0.0,22.0,0.0,0.0,3.0,3.0,24.8,1,1,1,1,5027,6026,10158,9917,8599,15771,20509,1,10265,8004,1,17641,4736,8614,1.0,33:07,2015,2016
2015-16,203944,Julius Randle,Julius,1610612747,LAL,Los Angeles Lakers,21500767,2016-02-06T00:00:00,LAL @ SAS,L,30.9,2.0,2.0,0.0,8.0,6.0,14.0,7.0,24.0,0.0,1.0,4.0,4.0,43.2,1,13074,13074,13074,6790,6026,4731,9917,3109,10028,24300,15538,8723,8004,17214,22104,2748,1699,1.0,30:56,2015,2016
2015-16,203476,Gorgui Dieng,Gorgui,1610612750,MIN,Minnesota Timberwolves,21500766,2016-02-06T00:00:00,MIN vs. CHI,W,41.5,2.0,2.0,2.0,12.0,6.0,9.0,4.0,42.0,1.0,0.0,4.0,4.0,52.1,1,1,1,1,386,6026,4731,4675,988,10028,19144,8806,670,2692,1,22104,2748,567,1.0,41:29,2015,2016
2015-16,202718,Chandler Parsons,Chandler,1610612742,DAL,Dallas Mavericks,21500765,2016-02-06T00:00:00,DAL @ MEM,W,41.4,4.0,3.0,2.0,8.0,6.0,10.0,11.0,44.0,0.0,1.0,0.0,2.0,43.6,1,1,1,1,397,2460,3104,4675,3109,10028,20509,21342,454,8004,17214,1,7786,1627,1.0,41:26,2015,2016
2015-16,201587,Nicolas Batum,Nicolas,1610612766,CHA,Charlotte Hornets,21500761,2016-02-06T00:00:00,CHA vs. WAS,W,43.8,7.0,2.0,5.0,8.0,20.0,10.0,26.0,32.0,1.0,0.0,2.0,4.0,52.7,1,1,1,1,147,548,4731,1277,3109,25338,20509,26007,3535,2692,1,11390,2748,536,1.0,43:47,2015,2016
2015-16,201935,James Harden,James,1610612745,HOU,Houston Rockets,21500760,2016-02-06T00:00:00,HOU vs. POR,L,35.6,6.0,3.0,6.0,4.0,25.0,13.0,8.0,24.0,1.0,0.0,2.0,8.0,49.1,1,13074,13074,13074,3095,878,3104,740,8599,25944,23668,17194,8723,2692,1,11390,254,850,1.0,35:33,2015,2016
2015-16,202322,John Wall,John,1610612764,WAS,Washington Wizards,21500761,2016-02-06T00:00:00,WAS @ CHA,L,39.6,7.0,3.0,5.0,4.0,15.0,10.0,13.0,34.0,0.0,1.0,3.0,7.0,49.2,1,13074,13074,13074,836,548,3104,1277,8599,23079,20509,23048,2701,8004,17214,17641,469,842,1.0,39:38,2015,2016
2015-16,2544,LeBron James,LeBron,1610612739,CLE,Cleveland Cavaliers,21500763,2016-02-06T00:00:00,CLE vs. NOP,W,36.7,7.0,5.0,2.0,14.0,9.0,13.0,2.0,30.0,0.0,0.0,2.0,4.0,43.6,1,1,1,1,2285,548,995,4675,542,15771,23668,4025,4541,8004,1,11390,2748,1627,1.0,36:42,2015,2016
2015-16,201142,Kevin Durant,Kevin,1610612760,OKC,Oklahoma City Thunder,21500769,2016-02-06T00:00:00,OKC @ GSW,L,40.4,4.0,2.0,9.0,12.0,15.0,17.0,22.0,48.0,2.0,2.0,1.0,6.0,68.3,1,13074,13074,13074,615,2460,4731,184,988,23079,25429,25811,192,932,23588,4972,873,63,1.0,40:26,2015,2016
2015-16,203490,Otto Porter Jr.,Otto,1610612764,WAS,Washington Wizards,21500761,2016-02-06T00:00:00,WAS @ CHA,L,39.0,7.0,3.0,8.0,10.0,13.0,8.0,5.0,26.0,1.0,1.0,1.0,5.0,43.6,1,13074,13074,13074,1071,548,3104,280,1840,21300,17345,11593,7214,2692,17214,4972,1539,1627,1.0,39:01,2015,2016
2015-16,203497,Rudy Gobert,Rudy,1610612762,UTA,Utah Jazz,21500768,2016-02-06T00:00:00,UTA @ PHX,W,34.7,0.0,2.0,0.0,4.0,1.0,13.0,3.0,24.0,4.0,1.0,2.0,8.0,46.6,1,1,1,1,3778,12059,4731,9917,8599,2356,23668,7328,8723,132,17214,11390,254,1122,1.0,34:42,2015,2016
2015-16,1626171,Bobby Portis,Bobby,1610612741,CHI,Chicago Bulls,21500766,2016-02-06T00:00:00,CHI @ MIN,L,28.1,0.0,2.0,0.0,12.0,8.0,12.0,12.0,32.0,1.0,0.0,3.0,1.0,24.6,1,13074,13074,13074,9167,12059,4731,9917,988,13914,22832,22259,3535,2692,1,17641,12373,8724,1.0,28:05,2015,2016
2015-16,2730,Dwight Howard,Dwight,1610612745,HOU,Houston Rockets,21500760,2016-02-06T00:00:00,HOU vs. POR,L,40.8,4.0,9.0,2.0,10.0,29.0,17.0,11.0,30.0,0.0,1.0,3.0,6.0,46.8,1,13074,13074,13074,538,2460,77,4675,1840,26052,25429,21342,4541,8004,17214,17641,873,1102,1.0,40:46,2015,2016
2015-16,2199,Tyson Chandler,Tyson,1610612756,PHX,Phoenix Suns,21500768,2016-02-06T00:00:00,PHX vs. UTA,L,24.8,2.0,6.0,0.0,8.0,8.0,5.0,6.0,20.0,1.0,0.0,4.0,2.0,28.8,1,13074,13074,13074,11857,6026,481,9917,3109,13914,11469,13388,11929,2692,1,22104,7786,6465,1.0,24:47,2015,2016
2015-16,202331,Paul George,Paul,1610612754,IND,Indiana Pacers,21500762,2016-02-06T00:00:00,IND vs. DET,W,30.0,10.0,0.0,9.0,4.0,5.0,4.0,0.0,22.0,0.0,1.0,4.0,10.0,44.1,1,1,1,1,7555,99,10158,184,8599,8403,8458,1,10265,8004,17214,22104,76,1542,1.0,29:59,2015,2016
2015-16,203924,Jerami Grant,Jerami,1610612755,PHI,Philadelphia 76ers,21500764,2016-02-06T00:00:00,PHI vs. BKN,W,23.6,4.0,2.0,0.0,4.0,7.0,7.0,4.0,14.0,1.0,0.0,2.0,3.0,23.9,1,1,1,1,12920,2460,4731,9917,8599,12242,15642,8806,17019,2692,1,11390,4736,9184,1.0,23:34,2015,2016
2015-16,1626157,Karl-Anthony Towns,Karl-Anthony,1610612750,MIN,Minnesota Timberwolves,21500766,2016-02-06T00:00:00,MIN vs. CHI,W,40.9,4.0,8.0,2.0,14.0,9.0,13.0,7.0,40.0,3.0,2.0,3.0,2.0,54.9,1,1,1,1,510,2460,137,4675,542,15771,23668,15538,983,347,23588,17641,7786,401,1.0,40:52,2015,2016
2015-16,2200,Pau Gasol,Pau,1610612741,CHI,Chicago Bulls,21500766,2016-02-06T00:00:00,CHI @ MIN,L,33.8,0.0,3.0,0.0,2.0,10.0,7.0,14.0,42.0,2.0,0.0,1.0,4.0,47.1,1,13074,13074,13074,4521,12059,3104,9917,12984,17370,15642,23710,670,932,1,4972,2748,1066,1.0,33:47,2015,2016
2015-16,201939,Stephen Curry,Stephen,1610612744,GSW,Golden State Warriors,21500769,2016-02-06T00:00:00,GSW vs. OKC,W,37.7,4.0,5.0,6.0,12.0,9.0,12.0,23.0,36.0,0.0,1.0,2.0,5.0,54.2,1,1,1,1,1654,2460,995,740,988,15771,22832,25880,1943,8004,17214,11390,1539,432,1.0,37:42,2015,2016
2015-16,203135,Robert Sacre,Robert,1610612747,LAL,Los Angeles Lakers,21500767,2016-02-06T00:00:00,LAL @ SAS,L,13.5,0.0,0.0,0.0,0.0,4.0,8.0,7.0,16.0,1.0,1.0,1.0,2.0,7.4,1,13074,13074,13074,20709,12059,10158,9917,18861,6141,17345,15538,15259,2692,17214,4972,7786,20912,1.0,13:29,2015,2016
2015-16,201566,Russell Westbrook,Russell,1610612760,OKC,Oklahoma City Thunder,21500769,2016-02-06T00:00:00,OKC @ GSW,L,37.4,0.0,4.0,7.0,10.0,14.0,15.0,17.0,48.0,0.0,1.0,4.0,8.0,54.6,1,13074,13074,13074,1830,12059,1596,454,1840,22292,24781,24967,192,8004,17214,22104,254,413,1.0,37:24,2015,2016
2015-16,2760,Anderson Varejao,Anderson,1610612739,CLE,Cleveland Cavaliers,21500763,2016-02-06T00:00:00,CLE vs. NOP,W,27.4,0.0,0.0,0.0,2.0,5.0,8.0,0.0,16.0,2.0,0.0,4.0,3.0,29.5,1,1,1,1,9678,12059,10158,9917,12984,8403,17345,1,15259,932,1,22104,4736,6103,1.0,27:25,2015,2016
2015-16,202083,Wesley Matthews,Wesley,1610612742,DAL,Dallas Mavericks,21500765,2016-02-06T00:00:00,DAL @ MEM,W,30.3,0.0,0.0,3.0,0.0,4.0,5.0,11.0,32.0,0.0,1.0,1.0,2.0,11.0,1,1,1,1,7280,12059,10158,3302,18861,6141,11469,21342,3535,8004,17214,4972,7786,18430,1.0,30:17,2015,2016
2015-16,202087,Alonzo Gee,Alonzo,1610612740,NOP,New Orleans Pelicans,21500763,2016-02-06T00:00:00,NOP @ CLE,L,16.8,0.0,1.0,0.0,0.0,2.0,7.0,0.0,10.0,0.0,1.0,2.0,1.0,10.8,1,13074,13074,13074,18447,12059,9709,9917,18861,2619,15642,1,20209,8004,17214,11390,12373,18579,1.0,16:46,2015,2016
2015-16,200797,Ryan Hollins,Ryan,1610612763,MEM,Memphis Grizzlies,21500765,2016-02-06T00:00:00,MEM vs. DAL,L,8.9,0.0,2.0,0.0,2.0,0.0,0.0,3.0,2.0,0.0,0.0,2.0,2.0,6.4,1,13074,13074,13074,22861,12059,4731,9917,12984,1,1,7328,24614,8004,1,11390,7786,21589,1.0,8:57,2015,2016
2015-16,203503,Tony Snell,Tony,1610612741,CHI,Chicago Bulls,21500766,2016-02-06T00:00:00,CHI @ MIN,L,10.1,2.0,0.0,0.0,2.0,8.0,0.0,6.0,16.0,0.0,0.0,1.0,0.0,1.0,1,13074,13074,13074,22398,6026,10158,9917,12984,13914,1,13388,15259,8004,1,4972,18762,24960,1.0,10:06,2015,2016
2015-16,201976,Patrick Beverley,Patrick,1610612745,HOU,Houston Rockets,21500760,2016-02-06T00:00:00,HOU vs. POR,L,27.9,2.0,0.0,0.0,2.0,24.0,12.0,8.0,22.0,1.0,1.0,3.0,1.0,6.2,1,13074,13074,13074,9306,6026,10158,9917,12984,25890,22832,17194,10265,2692,17214,17641,12373,21696,1.0,27:54,2015,2016
2015-16,202711,Bojan Bogdanović,Bojan,1610612751,BKN,Brooklyn Nets,21500764,2016-02-06T00:00:00,BKN @ PHI,L,23.0,7.0,0.0,4.0,6.0,9.0,8.0,5.0,24.0,0.0,1.0,1.0,3.0,11.1,1,13074,13074,13074,13383,548,10158,1913,5299,15771,17345,11593,8723,8004,17214,4972,4736,18370,1.0,22:59,2015,2016
2015-16,201962,Toney Douglas,Toney,1610612740,NOP,New Orleans Pelicans,21500763,2016-02-06T00:00:00,NOP @ CLE,L,13.6,0.0,0.0,0.0,0.0,2.0,4.0,0.0,10.0,0.0,1.0,2.0,0.0,1.5,1,13074,13074,13074,20648,12059,10158,9917,18861,2619,8458,1,20209,8004,17214,11390,18762,24473,1.0,13:35,2015,2016
2015-16,1626147,Justin Anderson,Justin,1610612742,DAL,Dallas Mavericks,21500765,2016-02-06T00:00:00,DAL @ MEM,W,12.6,0.0,0.0,0.0,2.0,5.0,4.0,8.0,12.0,0.0,0.0,1.0,1.0,10.8,1,1,1,1,21242,12059,10158,9917,12984,8403,8458,17194,18637,8004,1,4972,12373,18579,1.0,12:34,2015,2016
2015-16,1626257,Salah Mejri,Salah,1610612742,DAL,Dallas Mavericks,21500765,2016-02-06T00:00:00,DAL @ MEM,W,4.3,0.0,0.0,0.0,0.0,0.0,2.0,5.0,4.0,0.0,0.0,0.0,0.0,1.4,1,1,1,1,24611,12059,10158,9917,18861,1,3734,11593,23698,8004,1,1,18762,24615,1.0,4:18,2015,2016
2015-16,1626199,Darrun Hilliard,Darrun,1610612765,DET,Detroit Pistons,21500762,2016-02-06T00:00:00,DET @ IND,L,20.8,3.0,0.0,0.0,2.0,3.0,3.0,4.0,16.0,0.0,0.0,4.0,2.0,10.7,1,13074,13074,13074,15223,4307,10158,9917,12984,5109,7138,8806,15259,8004,1,22104,7786,18636,1.0,20:48,2015,2016
2015-16,201603,Sonny Weems,Sonny,1610612756,PHX,Phoenix Suns,21500768,2016-02-06T00:00:00,PHX vs. UTA,L,5.8,0.0,0.0,0.0,0.0,0.0,0.0,4.0,8.0,0.0,0.0,0.0,0.0,1.2,1,13074,13074,13074,24055,12059,10158,9917,18861,1,1,8806,21543,8004,1,1,18762,24661,1.0,5:48,2015,2016
2015-16,1891,Jason Terry,Jason,1610612745,HOU,Houston Rockets,21500760,2016-02-06T00:00:00,HOU vs. POR,L,3.7,0.0,0.0,0.0,0.0,2.0,3.0,3.0,4.0,0.0,0.0,2.0,1.0,1.5,1,13074,13074,13074,24841,12059,10158,9917,18861,2619,7138,7328,23698,8004,1,11390,12373,24473,1.0,3:42,2015,2016
2015-16,201156,Nick Young,Nick,1610612747,LAL,Los Angeles Lakers,21500767,2016-02-06T00:00:00,LAL @ SAS,L,15.9,0.0,0.0,0.0,0.0,2.0,3.0,3.0,10.0,0.0,0.0,0.0,0.0,5.7,1,13074,13074,13074,19117,12059,10158,9917,18861,2619,7138,7328,20209,8004,1,1,18762,22054,1.0,15:54,2015,2016
2015-16,203187,Chris Johnson,Chris,1610612762,UTA,Utah Jazz,21500768,2016-02-06T00:00:00,UTA @ PHX,W,11.0,0.0,0.0,0.0,0.0,2.0,0.0,2.0,8.0,1.0,0.0,3.0,0.0,6.5,1,1,1,1,22056,12059,10158,9917,18861,2619,1,4025,21543,2692,1,17641,18762,21519,1.0,10:57,2015,2016
2015-16,2419,Tayshaun Prince,Tayshaun,1610612750,MIN,Minnesota Timberwolves,21500766,2016-02-06T00:00:00,MIN vs. CHI,W,12.3,0.0,0.0,0.0,0.0,4.0,3.0,2.0,12.0,0.0,0.0,1.0,0.0,2.0,1,1,1,1,21375,12059,10158,9917,18861,6141,7138,4025,18637,8004,1,4972,18762,24216,1.0,12:19,2015,2016
2015-16,202730,Lavoy Allen,Lavoy,1610612754,IND,Indiana Pacers,21500762,2016-02-06T00:00:00,IND vs. DET,W,15.8,0.0,1.0,0.0,4.0,4.0,7.0,4.0,20.0,0.0,0.0,1.0,1.0,11.2,1,1,1,1,19214,12059,9709,9917,8599,6141,15642,8806,11929,8004,1,4972,12373,18267,1.0,15:46,2015,2016
2015-16,203111,Orlando Johnson,Orlando,1610612756,PHX,Phoenix Suns,21500768,2016-02-06T00:00:00,PHX vs. UTA,L,19.4,3.0,0.0,2.0,2.0,4.0,4.0,4.0,24.0,0.0,1.0,2.0,1.0,11.2,1,13074,13074,13074,16387,4307,10158,4675,12984,6141,8458,8806,8723,8004,17214,11390,12373,18267,1.0,19:24,2015,2016
2015-16,203895,Jordan McRae,Jordan,1610612756,PHX,Phoenix Suns,21500768,2016-02-06T00:00:00,PHX vs. UTA,L,10.2,1.0,0.0,1.0,2.0,2.0,2.0,2.0,12.0,0.0,0.0,1.0,3.0,5.7,1,13074,13074,13074,22358,11535,10158,9347,12984,2619,3734,4025,18637,8004,1,4972,4736,22054,1.0,10:10,2015,2016
2015-16,203475,Erick Green,Erick,1610612762,UTA,Utah Jazz,21500768,2016-02-06T00:00:00,UTA @ PHX,W,9.4,0.0,0.0,0.0,0.0,0.0,2.0,0.0,6.0,0.0,0.0,1.0,0.0,3.9,1,1,1,1,22663,12059,10158,9917,18861,1,3734,1,22724,8004,1,4972,18762,23225,1.0,9:25,2015,2016
2015-16,201943,Brandon Jennings,Brandon,1610612765,DET,Detroit Pistons,21500762,2016-02-06T00:00:00,DET @ IND,L,15.7,0.0,0.0,0.0,2.0,4.0,2.0,2.0,12.0,0.0,1.0,2.0,0.0,9.0,1,13074,13074,13074,19265,12059,10158,9917,12984,6141,3734,4025,18637,8004,17214,11390,18762,19835,1.0,15:42,2015,2016
2015-16,101133,Ian Mahinmi,Ian,1610612754,IND,Indiana Pacers,21500762,2016-02-06T00:00:00,IND vs. DET,W,20.3,0.0,0.0,0.0,2.0,7.0,3.0,0.0,12.0,0.0,0.0,5.0,3.0,6.6,1,1,1,1,15679,12059,10158,9917,12984,12242,7138,1,18637,8004,1,24686,4736,21445,1.0,20:15,2015,2016
2015-16,204014,Damjan Rudez,Damjan,1610612750,MIN,Minnesota Timberwolves,21500766,2016-02-06T00:00:00,MIN vs. CHI,W,13.7,0.0,0.0,0.0,0.0,3.0,4.0,3.0,10.0,0.0,0.0,2.0,0.0,4.4,1,1,1,1,20614,12059,10158,9917,18861,5109,8458,7328,20209,8004,1,11390,18762,22837,1.0,13:39,2015,2016
2015-16,101139,CJ Miles,CJ,1610612754,IND,Indiana Pacers,21500762,2016-02-06T00:00:00,IND vs. DET,W,20.0,4.0,0.0,0.0,2.0,8.0,10.0,4.0,18.0,0.0,1.0,3.0,3.0,13.4,1,1,1,1,15936,2460,10158,9917,12984,13914,20509,8806,13577,8004,17214,17641,4736,16614,1.0,19:58,2015,2016
2015-16,201579,Roy Hibbert,Roy,1610612747,LAL,Los Angeles Lakers,21500767,2016-02-06T00:00:00,LAL @ SAS,L,8.1,0.0,0.0,0.0,0.0,0.0,4.0,0.0,2.0,0.0,0.0,1.0,0.0,4.4,1,13074,13074,13074,23150,12059,10158,9917,18861,1,8458,1,24614,8004,1,4972,18762,22837,1.0,8:06,2015,2016
2015-16,201575,Brandon Rush,Brandon,1610612744,GSW,Golden State Warriors,21500769,2016-02-06T00:00:00,GSW vs. OKC,W,0.9,0.0,0.0,0.0,0.0,0.0,0.0,2.0,2.0,0.0,0.0,0.0,0.0,0.0,1,1,1,1,25903,12059,10158,9917,18861,1,1,4025,24614,8004,1,1,18762,25170,1.0,0:52,2015,2016
2015-16,1626162,Kelly Oubre Jr.,Kelly,1610612764,WAS,Washington Wizards,21500761,2016-02-06T00:00:00,WAS @ CHA,L,4.0,0.0,0.0,0.0,0.0,2.0,4.0,0.0,2.0,0.0,0.0,0.0,0.0,-1.0,1,13074,13074,13074,24703,12059,10158,9917,18861,2619,8458,1,24614,8004,1,1,18762,25932,1.0,4:01,2015,2016
2015-16,202713,Kyle Singler,Kyle,1610612760,OKC,Oklahoma City Thunder,21500769,2016-02-06T00:00:00,OKC @ GSW,L,11.4,0.0,0.0,0.0,0.0,3.0,2.0,7.0,14.0,0.0,0.0,0.0,1.0,0.2,1,13074,13074,13074,21877,12059,10158,9917,18861,5109,3734,15538,17019,8004,1,1,12373,25103,1.0,11:23,2015,2016
2015-16,2754,Tony Allen,Tony,1610612763,MEM,Memphis Grizzlies,21500765,2016-02-06T00:00:00,MEM vs. DAL,L,17.3,0.0,0.0,0.0,0.0,9.0,0.0,12.0,12.0,0.0,0.0,1.0,0.0,6.8,1,13074,13074,13074,18029,12059,10158,9917,18861,15771,1,22259,18637,8004,1,4972,18762,21328,1.0,17:20,2015,2016
2015-16,203922,Glenn Robinson III,Glenn,1610612754,IND,Indiana Pacers,21500762,2016-02-06T00:00:00,IND vs. DET,W,8.2,0.0,0.0,0.0,0.0,2.0,0.0,2.0,12.0,0.0,0.0,0.0,4.0,3.5,1,1,1,1,23115,12059,10158,9917,18861,2619,1,4025,18637,8004,1,1,2748,23351,1.0,8:12,2015,2016
2015-16,203493,Reggie Bullock Jr.,Reggie,1610612765,DET,Detroit Pistons,21500762,2016-02-06T00:00:00,DET @ IND,L,3.0,0.0,0.0,0.0,0.0,0.0,4.0,0.0,6.0,0.0,0.0,0.0,0.0,0.0,1,13074,13074,13074,25118,12059,10158,9917,18861,1,8458,1,22724,8004,1,1,18762,25170,1.0,3:02,2015,2016
2015-16,201627,Anthony Morrow,Anthony,1610612760,OKC,Oklahoma City Thunder,21500769,2016-02-06T00:00:00,OKC @ GSW,L,13.3,0.0,0.0,0.0,0.0,0.0,0.0,4.0,16.0,0.0,0.0,1.0,0.0,4.5,1,13074,13074,13074,20838,12059,10158,9917,18861,1,1,8806,15259,8004,1,4972,18762,22773,1.0,13:15,2015,2016
2015-16,201166,Aaron Brooks,Aaron,1610612741,CHI,Chicago Bulls,21500766,2016-02-06T00:00:00,CHI @ MIN,L,8.6,0.0,0.0,0.0,0.0,4.0,2.0,0.0,8.0,0.0,2.0,1.0,0.0,3.7,1,13074,13074,13074,23001,12059,10158,9917,18861,6141,3734,1,21543,8004,23588,4972,18762,23278,1.0,8:35,2015,2016
2015-16,101111,Charlie Villanueva,Charlie,1610612742,DAL,Dallas Mavericks,21500765,2016-02-06T00:00:00,DAL @ MEM,W,0.0,0.0,0.0,0.0,0.0,0.0,0.0,0.0,0.0,0.0,0.0,0.0,0.0,0.0,1,1,1,1,26071,12059,10158,9917,18861,1,1,1,25429,8004,1,1,18762,25170,1.0,0:01,2015,2016
2015-16,202391,Jeremy Lin,Jeremy,1610612766,CHA,Charlotte Hornets,21500761,2016-02-06T00:00:00,CHA vs. WAS,W,23.3,2.0,2.0,0.0,4.0,16.0,10.0,11.0,18.0,0.0,1.0,3.0,1.0,6.5,1,1,1,1,13116,6026,4731,9917,8599,23774,20509,21342,13577,8004,17214,17641,12373,21519,1.0,23:18,2015,2016
2015-16,201977,Marcus Thornton,Marcus,1610612745,HOU,Houston Rockets,21500760,2016-02-06T00:00:00,HOU vs. POR,L,15.3,0.0,2.0,0.0,2.0,7.0,6.0,5.0,6.0,0.0,1.0,0.0,0.0,9.2,1,13074,13074,13074,19578,12059,4731,9917,12984,12242,13237,11593,22724,8004,17214,1,18762,19680,1.0,15:16,2015,2016
2015-16,203917,Nik Stauskas,Nik,1610612755,PHI,Philadelphia 76ers,21500764,2016-02-06T00:00:00,PHI vs. BKN,W,20.5,2.0,0.0,1.0,2.0,4.0,0.0,2.0,20.0,0.0,0.0,0.0,2.0,4.5,1,1,1,1,15509,6026,10158,9347,12984,6141,1,4025,11929,8004,1,1,7786,22773,1.0,20:28,2015,2016
2015-16,203960,JaKarr Sampson,JaKarr,1610612755,PHI,Philadelphia 76ers,21500764,2016-02-06T00:00:00,PHI vs. BKN,W,3.4,0.0,0.0,0.0,0.0,2.0,0.0,0.0,0.0,0.0,0.0,0.0,0.0,-1.0,1,1,1,1,24961,12059,10158,9917,18861,2619,1,1,25429,8004,1,1,18762,25932,1.0,3:24,2015,2016
2015-16,203099,Jared Cunningham,Jared,1610612739,CLE,Cleveland Cavaliers,21500763,2016-02-06T00:00:00,CLE vs. NOP,W,1.4,0.0,0.0,0.0,0.0,0.0,0.0,0.0,0.0,0.0,0.0,0.0,0.0,0.0,1,1,1,1,25723,12059,10158,9917,18861,1,1,1,25429,8004,1,1,18762,25170,1.0,1:26,2015,2016
2015-16,203088,Kendall Marshall,Kendall,1610612755,PHI,Philadelphia 76ers,21500764,2016-02-06T00:00:00,PHI vs. BKN,W,19.9,0.0,0.0,0.0,4.0,7.0,9.0,4.0,16.0,0.0,0.0,3.0,0.0,6.5,1,1,1,1,16025,12059,10158,9917,8599,12242,19144,8806,15259,8004,1,17641,18762,21519,1.0,19:52,2015,2016
2015-16,2399,Mike Dunleavy,Mike,1610612741,CHI,Chicago Bulls,21500766,2016-02-06T00:00:00,CHI @ MIN,L,14.0,0.0,0.0,0.0,2.0,4.0,5.0,0.0,12.0,0.0,0.0,2.0,0.0,4.0,1,13074,13074,13074,20396,12059,10158,9917,12984,6141,11469,1,18637,8004,1,11390,18762,23142,1.0,14:02,2015,2016
2015-16,2210,Richard Jefferson,Richard,1610612739,CLE,Cleveland Cavaliers,21500763,2016-02-06T00:00:00,CLE vs. NOP,W,9.8,0.0,0.0,0.0,0.0,0.0,3.0,0.0,2.0,0.0,0.0,1.0,1.0,5.4,1,1,1,1,22512,12059,10158,9917,18861,1,7138,1,24614,8004,1,4972,12373,22242,1.0,9:50,2015,2016
2015-16,204025,Tim Frazier,Tim,1610612757,POR,Portland Trail Blazers,21500760,2016-02-06T00:00:00,POR @ HOU,W,15.5,0.0,0.0,0.0,0.0,3.0,7.0,3.0,6.0,0.0,0.0,1.0,2.0,4.9,1,1,1,1,19433,12059,10158,9917,18861,5109,15642,7328,22724,8004,1,4972,7786,22621,1.0,15:28,2015,2016
2015-16,1626214,Bryce Dejean-Jones,Bryce,1610612740,NOP,New Orleans Pelicans,21500763,2016-02-06T00:00:00,NOP @ CLE,L,19.6,0.0,0.0,0.0,0.0,5.0,11.0,2.0,16.0,0.0,0.0,0.0,2.0,5.2,1,13074,13074,13074,16236,12059,10158,9917,18861,8403,21814,4025,15259,8004,1,1,7786,22370,1.0,19:35,2015,2016
2015-16,1626202,Joe Young,Joe,1610612754,IND,Indiana Pacers,21500762,2016-02-06T00:00:00,IND vs. DET,W,13.2,0.0,0.0,0.0,0.0,4.0,4.0,4.0,18.0,0.0,0.0,2.0,0.0,7.0,1,1,1,1,20891,12059,10158,9917,18861,6141,8458,8806,13577,8004,1,11390,18762,21188,1.0,13:10,2015,2016
2015-16,200782,P.J. Tucker,P.J.,1610612756,PHX,Phoenix Suns,21500768,2016-02-06T00:00:00,PHX vs. UTA,L,37.7,0.0,0.0,0.0,0.0,12.0,12.0,6.0,32.0,0.0,0.0,2.0,2.0,5.2,1,13074,13074,13074,1654,12059,10158,9917,18861,20178,22832,13388,3535,8004,1,11390,7786,22370,1.0,37:42,2015,2016
2015-16,201959,Taj Gibson,Taj,1610612741,CHI,Chicago Bulls,21500766,2016-02-06T00:00:00,CHI @ MIN,L,31.8,0.0,2.0,0.0,6.0,12.0,7.0,14.0,38.0,1.0,0.0,3.0,3.0,21.7,1,13074,13074,13074,6061,12059,4731,9917,5299,20178,15642,23710,1422,2692,1,17641,4736,10592,1.0,31:49,2015,2016
2015-16,201988,Patty Mills,Patty,1610612759,SAS,San Antonio Spurs,21500767,2016-02-06T00:00:00,SAS vs. LAL,W,22.2,0.0,3.0,3.0,0.0,4.0,7.0,3.0,16.0,0.0,0.0,2.0,2.0,21.6,1,1,1,1,14007,12059,3104,3302,18861,6141,15642,7328,15259,8004,1,11390,7786,10666,1.0,22:12,2015,2016
2015-16,101141,Ersan Ilyasova,Ersan,1610612765,DET,Detroit Pistons,21500762,2016-02-06T00:00:00,DET @ IND,L,17.9,0.0,0.0,0.0,0.0,14.0,4.0,7.0,16.0,0.0,0.0,2.0,1.0,3.0,1,13074,13074,13074,17596,12059,10158,9917,18861,22292,8458,15538,15259,8004,1,11390,12373,23648,1.0,17:54,2015,2016
2015-16,1713,Vince Carter,Vince,1610612763,MEM,Memphis Grizzlies,21500765,2016-02-06T00:00:00,MEM vs. DAL,L,13.7,0.0,0.0,0.0,0.0,2.0,0.0,3.0,8.0,0.0,0.0,0.0,1.0,2.4,1,13074,13074,13074,20585,12059,10158,9917,18861,2619,1,7328,21543,8004,1,1,12373,24024,1.0,13:42,2015,2016
2015-16,201162,Jared Dudley,Jared,1610612764,WAS,Washington Wizards,21500761,2016-02-06T00:00:00,WAS @ CHA,L,26.5,0.0,0.0,6.0,0.0,11.0,4.0,12.0,22.0,1.0,0.0,0.0,0.0,18.5,1,13074,13074,13074,10473,12059,10158,740,18861,18886,8458,22259,10265,2692,1,1,18762,12794,1.0,26:28,2015,2016
2015-16,200826,J.J. Barea,J.J.,1610612742,DAL,Dallas Mavericks,21500765,2016-02-06T00:00:00,DAL @ MEM,W,16.8,0.0,0.0,0.0,0.0,5.0,4.0,10.0,18.0,0.0,0.0,3.0,1.0,8.5,1,1,1,1,18459,12059,10158,9917,18861,8403,8458,20169,13577,8004,1,17641,12373,20215,1.0,16:45,2015,2016
2015-16,201951,Ty Lawson,Ty,1610612745,HOU,Houston Rockets,21500760,2016-02-06T00:00:00,HOU vs. POR,L,16.8,2.0,0.0,2.0,2.0,6.0,6.0,3.0,8.0,0.0,1.0,1.0,0.0,3.0,1,13074,13074,13074,18393,6026,10158,4675,12984,10028,13237,7328,21543,8004,17214,4972,18762,23648,1.0,16:50,2015,2016
2015-16,2571,Leandro Barbosa,Leandro,1610612744,GSW,Golden State Warriors,21500769,2016-02-06T00:00:00,GSW vs. OKC,W,13.7,3.0,2.0,5.0,6.0,0.0,0.0,8.0,8.0,0.0,0.0,0.0,2.0,20.7,1,1,1,1,20569,4307,4731,1277,5299,1,1,17194,21543,8004,1,1,7786,11252,1.0,13:44,2015,2016
2015-16,202390,Gary Neal,Gary,1610612764,WAS,Washington Wizards,21500761,2016-02-06T00:00:00,WAS @ CHA,L,15.4,0.0,0.0,0.0,0.0,6.0,2.0,8.0,12.0,0.0,0.0,0.0,0.0,2.0,1,13074,13074,13074,19485,12059,10158,9917,18861,10028,3734,17194,18637,8004,1,1,18762,24216,1.0,15:23,2015,2016
2015-16,201580,JaVale McGee,JaVale,1610612742,DAL,Dallas Mavericks,21500765,2016-02-06T00:00:00,DAL @ MEM,W,7.2,0.0,0.0,0.0,0.0,2.0,2.0,0.0,8.0,0.0,0.0,0.0,0.0,2.7,1,1,1,1,23490,12059,10158,9917,18861,2619,3734,1,21543,8004,1,1,18762,23884,1.0,7:13,2015,2016
2015-16,2746,Josh Smith,Josh,1610612745,HOU,Houston Rockets,21500760,2016-02-06T00:00:00,HOU vs. POR,L,9.4,0.0,0.0,0.0,0.0,3.0,4.0,2.0,2.0,0.0,0.0,1.0,0.0,2.9,1,13074,13074,13074,22667,12059,10158,9917,18861,5109,8458,4025,24614,8004,1,4972,18762,23852,1.0,9:25,2015,2016
2015-16,201583,Ryan Anderson,Ryan,1610612740,NOP,New Orleans Pelicans,21500763,2016-02-06T00:00:00,NOP @ CLE,L,26.6,2.0,0.0,0.0,2.0,5.0,10.0,0.0,16.0,0.0,1.0,0.0,2.0,12.8,1,13074,13074,13074,10393,6026,10158,9917,12984,8403,20509,1,15259,8004,17214,1,7786,17129,1.0,26:34,2015,2016
2015-16,203138,Hollis Thompson,Hollis,1610612755,PHI,Philadelphia 76ers,21500764,2016-02-06T00:00:00,PHI vs. BKN,W,29.5,0.0,0.0,3.0,2.0,13.0,12.0,11.0,22.0,1.0,0.0,2.0,2.0,18.2,1,1,1,1,7997,12059,10158,3302,12984,21300,22832,21342,10265,2692,1,11390,7786,13004,1.0,29:29,2015,2016
2015-16,203991,Clint Capela,Clint,1610612745,HOU,Houston Rockets,21500760,2016-02-06T00:00:00,HOU vs. POR,L,14.2,0.0,0.0,0.0,0.0,5.0,3.0,2.0,4.0,2.0,0.0,3.0,0.0,13.2,1,13074,13074,13074,20300,12059,10158,9917,18861,8403,7138,4025,23698,932,1,17641,18762,16768,1.0,14:11,2015,2016
2015-16,204060,Joe Ingles,Joe,1610612762,UTA,Utah Jazz,21500768,2016-02-06T00:00:00,UTA @ PHX,W,12.9,2.0,0.0,0.0,4.0,0.0,2.0,0.0,10.0,0.0,0.0,1.0,1.0,8.4,1,1,1,1,21047,6026,10158,9917,8599,1,3734,1,20209,8004,1,4972,12373,20273,1.0,12:52,2015,2016
2015-16,203077,Michael Kidd-Gilchrist,Michael,1610612766,CHA,Charlotte Hornets,21500761,2016-02-06T00:00:00,CHA vs. WAS,W,27.2,2.0,2.0,2.0,2.0,5.0,0.0,16.0,14.0,0.0,1.0,3.0,2.0,13.0,1,1,1,1,9836,6026,4731,4675,12984,8403,1,24641,17019,8004,17214,17641,7786,16969,1.0,27:13,2015,2016
2015-16,203939,Dwight Powell,Dwight,1610612742,DAL,Dallas Mavericks,21500765,2016-02-06T00:00:00,DAL @ MEM,W,14.3,2.0,0.0,2.0,4.0,3.0,5.0,0.0,14.0,0.0,0.0,2.0,2.0,18.0,1,1,1,1,20227,6026,10158,4675,8599,5109,11469,1,17019,8004,1,11390,7786,13164,1.0,14:17,2015,2016
2015-16,202684,Tristan Thompson,Tristan,1610612739,CLE,Cleveland Cavaliers,21500763,2016-02-06T00:00:00,CLE vs. NOP,W,32.9,0.0,0.0,0.0,0.0,9.0,11.0,2.0,28.0,0.0,2.0,4.0,4.0,18.5,1,1,1,1,5241,12059,10158,9917,18861,15771,21814,4025,5824,8004,23588,22104,2748,12794,1.0,32:51,2015,2016
2015-16,1626246,Boban Marjanović,Boban,1610612759,SAS,San Antonio Spurs,21500767,2016-02-06T00:00:00,SAS vs. LAL,W,8.8,0.0,3.0,0.0,2.0,4.0,2.0,2.0,12.0,0.0,0.0,2.0,1.0,12.5,1,1,1,1,22932,12059,3104,9917,12984,6141,3734,4025,18637,8004,1,11390,12373,17372,1.0,8:46,2015,2016
2015-16,1626168,Trey Lyles,Trey,1610612762,UTA,Utah Jazz,21500768,2016-02-06T00:00:00,UTA @ PHX,W,5.0,0.0,0.0,0.0,0.0,2.0,0.0,0.0,2.0,0.0,0.0,1.0,0.0,2.4,1,1,1,1,24366,12059,10158,9917,18861,2619,1,1,24614,8004,1,4972,18762,24024,1.0,5:01,2015,2016
2015-16,1889,Andre Miller,Andre,1610612750,MIN,Minnesota Timberwolves,21500766,2016-02-06T00:00:00,MIN vs. CHI,W,16.4,0.0,0.0,0.0,4.0,3.0,6.0,3.0,14.0,0.0,0.0,1.0,2.0,8.2,1,1,1,1,18772,12059,10158,9917,8599,5109,13237,7328,17019,8004,1,4972,7786,20416,1.0,16:21,2015,2016
2015-16,2590,Mo Williams,Mo,1610612739,CLE,Cleveland Cavaliers,21500763,2016-02-06T00:00:00,CLE vs. NOP,W,16.4,0.0,0.0,0.0,0.0,5.0,5.0,0.0,8.0,0.0,0.0,1.0,1.0,7.7,1,1,1,1,18749,12059,10158,9917,18861,8403,11469,1,21543,8004,1,4972,12373,20733,1.0,16:23,2015,2016
2015-16,2564,Boris Diaw,Boris,1610612759,SAS,San Antonio Spurs,21500767,2016-02-06T00:00:00,SAS vs. LAL,W,23.4,0.0,1.0,0.0,0.0,4.0,7.0,3.0,16.0,1.0,0.0,1.0,1.0,12.7,1,1,1,1,13050,12059,9709,9917,18861,6141,15642,7328,15259,2692,1,4972,12373,17201,1.0,23:23,2015,2016
2015-16,203937,Kyle Anderson,Kyle,1610612759,SAS,San Antonio Spurs,21500767,2016-02-06T00:00:00,SAS vs. LAL,W,9.2,0.0,0.0,0.0,0.0,4.0,4.0,2.0,8.0,0.0,0.0,0.0,0.0,2.9,1,1,1,1,22758,12059,10158,9917,18861,6141,8458,4025,21543,8004,1,1,18762,23852,1.0,9:12,2015,2016
2015-16,203524,Solomon Hill,Solomon,1610612754,IND,Indiana Pacers,21500762,2016-02-06T00:00:00,IND vs. DET,W,6.9,0.0,0.0,0.0,0.0,0.0,3.0,0.0,8.0,0.0,0.0,2.0,0.0,2.2,1,1,1,1,23606,12059,10158,9917,18861,1,7138,1,21543,8004,1,11390,18762,24138,1.0,6:53,2015,2016
2015-16,201961,Wayne Ellington,Wayne,1610612751,BKN,Brooklyn Nets,21500764,2016-02-06T00:00:00,BKN @ PHI,L,24.1,2.0,0.0,4.0,2.0,12.0,7.0,11.0,32.0,0.0,0.0,2.0,1.0,12.4,1,13074,13074,13074,12453,6026,10158,1913,12984,20178,15642,21342,3535,8004,1,11390,12373,17418,1.0,24:06,2015,2016
2015-16,2550,Kirk Hinrich,Kirk,1610612741,CHI,Chicago Bulls,21500766,2016-02-06T00:00:00,CHI @ MIN,L,16.9,3.0,2.0,3.0,2.0,4.0,6.0,8.0,14.0,0.0,1.0,0.0,0.0,16.1,1,13074,13074,13074,18319,4307,4731,3302,12984,6141,13237,17194,17019,8004,17214,1,18762,14515,1.0,16:56,2015,2016
2015-16,2772,Trevor Ariza,Trevor,1610612745,HOU,Houston Rockets,21500760,2016-02-06T00:00:00,HOU vs. POR,L,33.5,2.0,3.0,0.0,2.0,22.0,13.0,9.0,28.0,0.0,1.0,2.0,1.0,21.0,1,13074,13074,13074,4725,6026,3104,9917,12984,25683,23668,18829,5824,8004,17214,11390,12373,11077,1.0,33:31,2015,2016
2015-16,202691,Klay Thompson,Klay,1610612744,GSW,Golden State Warriors,21500769,2016-02-06T00:00:00,GSW vs. OKC,W,34.3,2.0,0.0,0.0,10.0,13.0,16.0,15.0,40.0,0.0,2.0,3.0,1.0,20.8,1,1,1,1,4122,6026,10158,9917,1840,21300,25155,24242,983,8004,23588,17641,12373,11195,1.0,34:16,2015,2016
2015-16,2207,Joe Johnson,Joe,1610612751,BKN,Brooklyn Nets,21500764,2016-02-06T00:00:00,BKN @ PHI,L,28.8,2.0,0.0,0.0,0.0,19.0,5.0,8.0,34.0,0.0,0.0,1.0,3.0,12.5,1,13074,13074,13074,8552,6026,10158,9917,18861,25074,11469,17194,2701,8004,1,4972,4736,17372,1.0,28:47,2015,2016
2015-16,202066,Garrett Temple,Garrett,1610612764,WAS,Washington Wizards,21500761,2016-02-06T00:00:00,WAS @ CHA,L,24.7,2.0,0.0,2.0,2.0,10.0,4.0,9.0,24.0,0.0,0.0,5.0,1.0,8.1,1,13074,13074,13074,11894,6026,10158,4675,12984,17370,8458,18829,8723,8004,1,24686,12373,20521,1.0,24:44,2015,2016
2015-16,203083,Andre Drummond,Andre,1610612765,DET,Detroit Pistons,21500762,2016-02-06T00:00:00,DET @ IND,L,36.9,0.0,2.0,0.0,8.0,18.0,3.0,7.0,22.0,2.0,0.0,3.0,5.0,30.1,1,13074,13074,13074,2139,12059,4731,9917,3109,24749,7138,15538,10265,932,1,17641,1539,5794,1.0,36:54,2015,2016
2015-16,201980,Danny Green,Danny,1610612759,SAS,San Antonio Spurs,21500767,2016-02-06T00:00:00,SAS vs. LAL,W,29.1,0.0,0.0,0.0,2.0,4.0,10.0,4.0,14.0,2.0,0.0,1.0,0.0,27.0,1,1,1,1,8328,12059,10158,9917,12984,6141,20509,8806,17019,932,1,4972,18762,7385,1.0,29:03,2015,2016
2015-16,203498,Shabazz Muhammad,Shabazz,1610612750,MIN,Minnesota Timberwolves,21500766,2016-02-06T00:00:00,MIN vs. CHI,W,15.1,4.0,2.0,2.0,6.0,3.0,6.0,3.0,12.0,0.0,1.0,1.0,0.0,20.3,1,1,1,1,19718,2460,4731,4675,5299,5109,13237,7328,18637,8004,17214,4972,18762,11534,1.0,15:03,2015,2016
2015-16,101106,Andrew Bogut,Andrew,1610612744,GSW,Golden State Warriors,21500769,2016-02-06T00:00:00,GSW vs. OKC,W,19.7,2.0,0.0,2.0,2.0,4.0,2.0,8.0,20.0,2.0,0.0,4.0,1.0,15.7,1,1,1,1,16148,6026,10158,4675,12984,6141,3734,17194,11929,932,1,22104,12373,14841,1.0,19:42,2015,2016
2015-16,203382,Aron Baynes,Aron,1610612765,DET,Detroit Pistons,21500762,2016-02-06T00:00:00,DET @ IND,L,11.1,0.0,2.0,0.0,2.0,2.0,4.0,4.0,16.0,1.0,0.0,1.0,2.0,12.0,1,13074,13074,13074,22004,12059,4731,9917,12984,2619,8458,8806,15259,2692,1,4972,7786,17703,1.0,11:04,2015,2016
2015-16,2400,Drew Gooden,Drew,1610612764,WAS,Washington Wizards,21500761,2016-02-06T00:00:00,WAS @ CHA,L,13.0,0.0,4.0,0.0,6.0,4.0,4.0,1.0,8.0,1.0,0.0,5.0,0.0,20.4,1,13074,13074,13074,21002,12059,1596,9917,5299,6141,8458,3646,21543,2692,1,24686,18762,11453,1.0,12:58,2015,2016
2015-16,202704,Reggie Jackson,Reggie,1610612765,DET,Detroit Pistons,21500762,2016-02-06T00:00:00,DET @ IND,L,32.3,2.0,3.0,0.0,8.0,16.0,5.0,9.0,26.0,0.0,0.0,3.0,4.0,31.6,1,13074,13074,13074,5650,6026,3104,9917,3109,23774,11469,18829,7214,8004,1,17641,2748,5130,1.0,32:18,2015,2016
2015-16,203076,Anthony Davis,Anthony,1610612740,NOP,New Orleans Pelicans,21500763,2016-02-06T00:00:00,NOP @ CLE,L,40.1,2.0,8.0,0.0,14.0,10.0,19.0,2.0,30.0,2.0,3.0,3.0,5.0,41.2,1,13074,13074,13074,700,6026,137,9917,542,17370,25786,4025,4541,932,25441,17641,1539,2099,1.0,40:08,2015,2016
2015-16,2738,Andre Iguodala,Andre,1610612744,GSW,Golden State Warriors,21500769,2016-02-06T00:00:00,GSW vs. OKC,W,29.5,0.0,0.0,2.0,4.0,9.0,12.0,12.0,30.0,1.0,0.0,2.0,0.0,20.4,1,1,1,1,8002,12059,10158,4675,8599,15771,22832,22259,4541,2692,1,11390,18762,11453,1.0,29:28,2015,2016
2015-16,202694,Marcus Morris Sr.,Marcus,1610612765,DET,Detroit Pistons,21500762,2016-02-06T00:00:00,DET @ IND,L,34.5,3.0,2.0,0.0,6.0,20.0,6.0,11.0,28.0,0.0,0.0,5.0,7.0,27.4,1,13074,13074,13074,3975,4307,4731,9917,5299,25338,13237,21342,5824,8004,1,24686,469,7179,1.0,34:28,2015,2016
2015-16,202695,Kawhi Leonard,Kawhi,1610612759,SAS,San Antonio Spurs,21500767,2016-02-06T00:00:00,SAS vs. LAL,W,34.0,2.0,6.0,5.0,8.0,4.0,9.0,5.0,20.0,0.0,0.0,3.0,9.0,42.1,1,1,1,1,4362,6026,481,1277,3109,6141,19144,11593,11929,8004,1,17641,138,1910,1.0,33:59,2015,2016
2015-16,1717,Dirk Nowitzki,Dirk,1610612742,DAL,Dallas Mavericks,21500765,2016-02-06T00:00:00,DAL @ MEM,W,37.4,3.0,0.0,3.0,2.0,3.0,12.0,10.0,38.0,1.0,0.0,4.0,5.0,31.4,1,1,1,1,1821,4307,10158,3302,12984,5109,22832,20169,1422,2692,1,22104,1539,5218,1.0,37:25,2015,2016
2015-16,201586,Serge Ibaka,Serge,1610612760,OKC,Oklahoma City Thunder,21500769,2016-02-06T00:00:00,OKC @ GSW,L,35.8,2.0,0.0,4.0,4.0,14.0,17.0,17.0,46.0,0.0,0.0,3.0,1.0,11.6,1,13074,13074,13074,2919,6026,10158,1913,8599,22292,25429,24967,298,8004,1,17641,12373,17970,1.0,35:46,2015,2016
2015-16,1626166,Cameron Payne,Cameron,1610612760,OKC,Oklahoma City Thunder,21500769,2016-02-06T00:00:00,OKC @ GSW,L,12.3,0.0,0.0,3.0,0.0,5.0,2.0,9.0,12.0,1.0,0.0,2.0,0.0,11.9,1,13074,13074,13074,21368,12059,10158,3302,18861,8403,3734,18829,18637,2692,1,11390,18762,17760,1.0,12:20,2015,2016
2015-16,203087,Jeremy Lamb,Jeremy,1610612766,CHA,Charlotte Hornets,21500761,2016-02-06T00:00:00,CHA vs. WAS,W,14.3,0.0,0.0,0.0,2.0,8.0,7.0,8.0,10.0,0.0,0.0,1.0,2.0,11.7,1,1,1,1,20202,12059,10158,9917,12984,13914,15642,17194,20209,8004,1,4972,7786,17903,1.0,14:20,2015,2016
2015-16,201229,Anthony Tolliver,Anthony,1610612765,DET,Detroit Pistons,21500762,2016-02-06T00:00:00,DET @ IND,L,30.1,1.0,3.0,0.0,0.0,6.0,3.0,4.0,22.0,0.0,0.0,0.0,2.0,31.3,1,13074,13074,13074,7448,11535,3104,9917,18861,10028,7138,8806,10265,8004,1,1,7786,5258,1.0,30:06,2015,2016
2015-16,203613,Jonathon Simmons,Jonathon,1610612759,SAS,San Antonio Spurs,21500767,2016-02-06T00:00:00,SAS vs. LAL,W,24.3,0.0,2.0,0.0,4.0,4.0,9.0,3.0,18.0,0.0,2.0,2.0,1.0,15.6,1,1,1,1,12315,12059,4731,9917,8599,6141,19144,7328,13577,8004,23588,11390,12373,14916,1.0,24:17,2015,2016
2015-16,202681,Kyrie Irving,Kyrie,1610612739,CLE,Cleveland Cavaliers,21500763,2016-02-06T00:00:00,CLE vs. NOP,W,37.1,0.0,2.0,0.0,8.0,4.0,13.0,2.0,26.0,0.0,0.0,1.0,3.0,41.3,1,1,1,1,2046,12059,4731,9917,3109,6141,23668,4025,7214,8004,1,4972,4736,2074,1.0,37:03,2015,2016
2015-16,202697,Iman Shumpert,Iman,1610612739,CLE,Cleveland Cavaliers,21500763,2016-02-06T00:00:00,CLE vs. NOP,W,23.1,0.0,0.0,0.0,2.0,5.0,8.0,0.0,10.0,2.0,0.0,1.0,0.0,15.3,1,1,1,1,13285,12059,10158,9917,12984,8403,17345,1,20209,932,1,4972,18762,15150,1.0,23:06,2015,2016
2015-16,1626167,Myles Turner,Myles,1610612754,IND,Indiana Pacers,21500762,2016-02-06T00:00:00,IND vs. DET,W,32.0,4.0,2.0,2.0,10.0,9.0,7.0,0.0,18.0,1.0,0.0,2.0,0.0,27.3,1,1,1,1,5896,2460,4731,4675,1840,15771,15642,1,13577,2692,1,11390,18762,7236,1.0,31:59,2015,2016
2015-16,1626169,Stanley Johnson,Stanley,1610612765,DET,Detroit Pistons,21500762,2016-02-06T00:00:00,DET @ IND,L,37.8,4.0,2.0,4.0,12.0,17.0,1.0,7.0,26.0,0.0,0.0,6.0,2.0,31.5,1,13074,13074,13074,1629,2460,4731,1913,988,24337,3393,15538,7214,8004,1,25827,7786,5180,1.0,37:45,2015,2016
2015-16,101107,Marvin Williams,Marvin,1610612766,CHA,Charlotte Hornets,21500761,2016-02-06T00:00:00,CHA vs. WAS,W,28.5,2.0,0.0,0.0,6.0,9.0,0.0,18.0,18.0,0.0,0.0,2.0,2.0,26.5,1,1,1,1,8824,6026,10158,9917,5299,15771,1,25228,13577,8004,1,11390,7786,7627,1.0,28:30,2015,2016
2015-16,202330,Gordon Hayward,Gordon,1610612762,UTA,Utah Jazz,21500768,2016-02-06T00:00:00,UTA @ PHX,W,38.4,2.0,0.0,6.0,10.0,8.0,13.0,11.0,26.0,2.0,0.0,4.0,4.0,40.7,1,1,1,1,1307,6026,10158,740,1840,13914,23668,21342,7214,932,1,22104,2748,2199,1.0,38:26,2015,2016
2015-16,201945,Gerald Henderson,Gerald,1610612757,POR,Portland Trail Blazers,21500760,2016-02-06T00:00:00,POR @ HOU,W,27.1,6.0,2.0,2.0,0.0,10.0,14.0,9.0,16.0,1.0,0.0,2.0,4.0,30.3,1,1,1,1,9927,878,4731,4675,18861,17370,24300,18829,15259,2692,1,11390,2748,5702,1.0,27:06,2015,2016
2015-16,201967,Dante Cunningham,Dante,1610612740,NOP,New Orleans Pelicans,21500763,2016-02-06T00:00:00,NOP @ CLE,L,31.2,3.0,3.0,0.0,0.0,8.0,14.0,2.0,24.0,0.0,0.0,4.0,0.0,15.6,1,13074,13074,13074,6527,4307,3104,9917,18861,13914,24300,4025,8723,8004,1,22104,18762,14916,1.0,31:14,2015,2016
2015-16,203926,Doug McDermott,Doug,1610612741,CHI,Chicago Bulls,21500766,2016-02-06T00:00:00,CHI @ MIN,L,26.2,0.0,4.0,0.0,4.0,6.0,8.0,14.0,34.0,0.0,1.0,1.0,1.0,11.6,1,13074,13074,13074,10695,12059,1596,9917,8599,10028,17345,23710,2701,8004,17214,4972,12373,17970,1.0,26:12,2015,2016
2015-16,203477,Isaiah Canaan,Isaiah,1610612755,PHI,Philadelphia 76ers,21500753,2016-02-05T00:00:00,PHI @ WAS,L,31.8,3.0,3.0,0.0,2.0,11.0,2.0,10.0,32.0,0.0,0.0,1.0,2.0,26.1,1,13074,13074,13074,6048,4307,3104,9917,12984,18886,3734,20169,3535,8004,1,4972,7786,7836,1.0,31:50,2015,2016
2015-16,201580,JaVale McGee,JaVale,1610612742,DAL,Dallas Mavericks,21500759,2016-02-05T00:00:00,DAL vs. SAS,L,7.8,2.0,2.0,2.0,8.0,2.0,4.0,2.0,6.0,0.0,0.0,1.0,1.0,11.8,1,13074,13074,13074,23288,6026,4731,4675,3109,2619,8458,4025,22724,8004,1,4972,12373,17832,1.0,7:45,2015,2016
2015-16,1718,Paul Pierce,Paul,1610612746,LAC,LA Clippers,21500752,2016-02-05T00:00:00,LAC @ ORL,W,19.8,0.0,0.0,0.0,0.0,8.0,2.0,4.0,12.0,0.0,0.0,2.0,2.0,20.1,1,1,1,1,16081,12059,10158,9917,18861,13914,3734,8806,18637,8004,1,11390,7786,11685,1.0,19:48,2015,2016
2015-16,2756,Sasha Vujacic,Sasha,1610612752,NYK,New York Knicks,21500756,2016-02-05T00:00:00,NYK vs. MEM,L,15.6,0.0,0.0,0.0,0.0,2.0,5.0,4.0,18.0,0.0,0.0,3.0,5.0,15.3,1,13074,13074,13074,19354,12059,10158,9917,18861,2619,11469,8806,13577,8004,1,17641,1539,15150,1.0,15:35,2015,2016
2015-16,203924,Jerami Grant,Jerami,1610612755,PHI,Philadelphia 76ers,21500753,2016-02-05T00:00:00,PHI @ WAS,L,26.8,3.0,6.0,0.0,4.0,6.0,0.0,16.0,32.0,2.0,2.0,3.0,3.0,26.5,1,13074,13074,13074,10217,4307,481,9917,8599,10028,1,24641,3535,932,23588,17641,4736,7627,1.0,26:46,2015,2016
2015-16,201941,Jordan Hill,Jordan,1610612754,IND,Indiana Pacers,21500750,2016-02-05T00:00:00,IND @ ATL,L,28.3,0.0,0.0,0.0,2.0,10.0,0.0,7.0,22.0,0.0,1.0,2.0,1.0,15.1,1,13074,13074,13074,9035,12059,10158,9917,12984,17370,1,15538,10265,8004,17214,11390,12373,15328,1.0,28:16,2015,2016
2015-16,202340,Avery Bradley,Avery,1610612738,BOS,Boston Celtics,21500755,2016-02-05T00:00:00,BOS @ CLE,W,35.7,0.0,6.0,0.0,0.0,4.0,19.0,2.0,26.0,1.0,1.0,3.0,0.0,20.1,1,1,1,1,2998,12059,481,9917,18861,6141,25786,4025,7214,2692,17214,17641,18762,11685,1.0,35:41,2015,2016
2015-16,201952,Jeff Teague,Jeff,1610612737,ATL,Atlanta Hawks,21500750,2016-02-05T00:00:00,ATL vs. IND,W,30.2,4.0,0.0,4.0,6.0,12.0,18.0,8.0,26.0,0.0,1.0,1.0,5.0,27.0,1,1,1,1,7363,2460,10158,1913,5299,20178,25634,17194,7214,8004,17214,4972,1539,7385,1.0,30:11,2015,2016
2015-16,201596,Mario Chalmers,Mario,1610612763,MEM,Memphis Grizzlies,21500756,2016-02-05T00:00:00,MEM @ NYK,W,16.7,0.0,0.0,0.0,4.0,2.0,7.0,5.0,10.0,1.0,1.0,3.0,1.0,20.6,1,1,1,1,18534,12059,10158,9917,8599,2619,15642,11593,20209,2692,17214,17641,12373,11314,1.0,16:39,2015,2016
2015-16,200794,Paul Millsap,Paul,1610612737,ATL,Atlanta Hawks,21500750,2016-02-05T00:00:00,ATL vs. IND,W,33.0,7.0,0.0,2.0,14.0,14.0,16.0,8.0,28.0,4.0,0.0,1.0,4.0,42.4,1,1,1,1,5120,548,10158,4675,542,22292,25155,17194,5824,132,1,4972,2748,1860,1.0,33:01,2015,2016
2015-16,101162,Marcin Gortat,Marcin,1610612764,WAS,Washington Wizards,21500753,2016-02-05T00:00:00,WAS vs. PHI,W,34.4,4.0,2.0,0.0,18.0,10.0,13.0,2.0,30.0,1.0,3.0,5.0,5.0,42.1,1,1,1,1,4009,2460,4731,9917,131,17370,23668,4025,4541,2692,25441,24686,1539,1910,1.0,34:25,2015,2016
2015-16,201162,Jared Dudley,Jared,1610612764,WAS,Washington Wizards,21500753,2016-02-05T00:00:00,WAS vs. PHI,W,34.1,2.0,0.0,0.0,2.0,10.0,11.0,4.0,28.0,1.0,1.0,0.0,2.0,26.8,1,1,1,1,4248,6026,10158,9917,12984,17370,21814,8806,5824,2692,17214,1,7786,7486,1.0,34:07,2015,2016
2015-16,202711,Bojan Bogdanović,Bojan,1610612751,BKN,Brooklyn Nets,21500754,2016-02-05T00:00:00,BKN vs. SAC,W,27.5,6.0,0.0,2.0,2.0,15.0,4.0,18.0,30.0,0.0,0.0,4.0,0.0,27.3,1,1,1,1,9629,878,10158,4675,12984,23079,8458,25228,4541,8004,1,22104,18762,7236,1.0,27:28,2015,2016
2015-16,101108,Chris Paul,Chris,1610612746,LAC,LA Clippers,21500752,2016-02-05T00:00:00,LAC @ ORL,W,35.6,4.0,0.0,4.0,6.0,17.0,4.0,4.0,22.0,0.0,0.0,3.0,5.0,40.8,1,1,1,1,3031,2460,10158,1913,5299,24337,8458,8806,10265,8004,1,17641,1539,2181,1.0,35:38,2015,2016
2015-16,200746,LaMarcus Aldridge,LaMarcus,1610612759,SAS,San Antonio Spurs,21500759,2016-02-05T00:00:00,SAS @ DAL,W,27.7,6.0,4.0,0.0,8.0,5.0,2.0,10.0,30.0,2.0,0.0,1.0,3.0,40.0,1,1,1,1,9441,878,1596,9917,3109,8403,3734,20169,4541,932,1,4972,4736,2364,1.0,27:43,2015,2016
2015-16,1626161,Willie Cauley-Stein,Willie,1610612758,SAC,Sacramento Kings,21500754,2016-02-05T00:00:00,SAC @ BKN,L,28.9,4.0,2.0,8.0,14.0,6.0,8.0,7.0,24.0,1.0,1.0,3.0,1.0,27.2,1,13074,13074,13074,8461,2460,4731,280,542,10028,17345,15538,8723,2692,17214,17641,12373,7289,1.0,28:53,2015,2016
2015-16,204038,Langston Galloway,Langston,1610612752,NYK,New York Knicks,21500756,2016-02-05T00:00:00,NYK vs. MEM,L,33.2,2.0,0.0,0.0,2.0,6.0,2.0,5.0,24.0,0.0,0.0,2.0,0.0,12.1,1,13074,13074,13074,4985,6026,10158,9917,12984,10028,3734,11593,8723,8004,1,11390,18762,17639,1.0,33:10,2015,2016
2015-16,1713,Vince Carter,Vince,1610612763,MEM,Memphis Grizzlies,21500756,2016-02-05T00:00:00,MEM @ NYK,W,23.2,0.0,0.0,3.0,6.0,0.0,8.0,1.0,6.0,0.0,1.0,2.0,1.0,15.8,1,1,1,1,13196,12059,10158,3302,5299,1,17345,3646,22724,8004,17214,11390,12373,14754,1.0,23:12,2015,2016
2015-16,203469,Cody Zeller,Cody,1610612766,CHA,Charlotte Hornets,21500751,2016-02-05T00:00:00,CHA vs. MIA,L,25.4,1.0,0.0,4.0,4.0,5.0,6.0,7.0,28.0,1.0,4.0,3.0,3.0,20.6,1,13074,13074,13074,11356,11535,10158,1913,8599,8403,13237,15538,5824,2692,25926,17641,4736,11314,1.0,25:25,2015,2016
2015-16,1717,Dirk Nowitzki,Dirk,1610612742,DAL,Dallas Mavericks,21500759,2016-02-05T00:00:00,DAL vs. SAS,L,23.9,0.0,0.0,4.0,4.0,13.0,7.0,2.0,20.0,0.0,1.0,2.0,3.0,20.6,1,13074,13074,13074,12682,12059,10158,1913,8599,21300,15642,4025,11929,8004,17214,11390,4736,11314,1.0,23:52,2015,2016
2015-16,202718,Chandler Parsons,Chandler,1610612742,DAL,Dallas Mavericks,21500759,2016-02-05T00:00:00,DAL vs. SAS,L,26.5,0.0,0.0,0.0,4.0,11.0,9.0,2.0,20.0,1.0,2.0,1.0,0.0,15.7,1,13074,13074,13074,10462,12059,10158,9917,8599,18886,19144,4025,11929,2692,23588,4972,18762,14841,1.0,26:29,2015,2016
2015-16,203087,Jeremy Lamb,Jeremy,1610612766,CHA,Charlotte Hornets,21500751,2016-02-05T00:00:00,CHA vs. MIA,L,9.0,2.0,0.0,2.0,2.0,5.0,5.0,4.0,12.0,1.0,1.0,0.0,1.0,12.4,1,13074,13074,13074,22835,6026,10158,4675,12984,8403,11469,8806,18637,2692,17214,1,12373,17418,1.0,9:00,2015,2016
2015-16,202388,Donald Sloan,Donald,1610612751,BKN,Brooklyn Nets,21500754,2016-02-05T00:00:00,BKN vs. SAC,W,30.7,0.0,0.0,0.0,2.0,18.0,2.0,16.0,40.0,0.0,1.0,2.0,3.0,20.3,1,1,1,1,6945,12059,10158,9917,12984,24749,3734,24641,983,8004,17214,11390,4736,11534,1.0,30:43,2015,2016
2015-16,101114,Deron Williams,Deron,1610612742,DAL,Dallas Mavericks,21500759,2016-02-05T00:00:00,DAL vs. SAS,L,26.7,2.0,0.0,2.0,6.0,11.0,7.0,0.0,20.0,0.0,0.0,1.0,2.0,15.1,1,13074,13074,13074,10321,6026,10158,4675,5299,18886,15642,1,11929,8004,1,4972,7786,15328,1.0,26:39,2015,2016
2015-16,2547,Chris Bosh,Chris,1610612748,MIA,Miami Heat,21500751,2016-02-05T00:00:00,MIA @ CHA,W,35.2,2.0,4.0,2.0,14.0,7.0,6.0,10.0,14.0,0.0,0.0,1.0,4.0,30.2,1,1,1,1,3376,6026,1596,4675,542,12242,13237,20169,17019,8004,1,4972,2748,5751,1.0,35:13,2015,2016
2015-16,203095,Evan Fournier,Evan,1610612753,ORL,Orlando Magic,21500752,2016-02-05T00:00:00,ORL vs. LAC,L,32.1,8.0,2.0,3.0,4.0,20.0,2.0,12.0,28.0,0.0,3.0,3.0,4.0,30.2,1,13074,13074,13074,5785,308,4731,3302,8599,25338,3734,22259,5824,8004,25441,17641,2748,5751,1.0,32:07,2015,2016
2015-16,1626147,Justin Anderson,Justin,1610612742,DAL,Dallas Mavericks,21500759,2016-02-05T00:00:00,DAL vs. SAS,L,18.3,0.0,0.0,6.0,2.0,3.0,2.0,2.0,6.0,0.0,1.0,1.0,2.0,15.6,1,13074,13074,13074,17253,12059,10158,740,12984,5109,3734,4025,22724,8004,17214,4972,7786,14916,1.0,18:19,2015,2016
2015-16,203118,Mike Scott,Mike,1610612737,ATL,Atlanta Hawks,21500750,2016-02-05T00:00:00,ATL vs. IND,W,16.1,0.0,0.0,0.0,4.0,4.0,5.0,3.0,10.0,1.0,0.0,1.0,0.0,15.6,1,1,1,1,18958,12059,10158,9917,8599,6141,11469,7328,20209,2692,1,4972,18762,14916,1.0,16:06,2015,2016
2015-16,201158,Marco Belinelli,Marco,1610612758,SAC,Sacramento Kings,21500754,2016-02-05T00:00:00,SAC @ BKN,L,34.6,5.0,0.0,3.0,6.0,6.0,11.0,7.0,32.0,0.0,0.0,1.0,4.0,20.5,1,13074,13074,13074,3842,1603,10158,3302,5299,10028,21814,15538,3535,8004,1,4972,2748,11401,1.0,34:38,2015,2016
2015-16,201609,Goran Dragic,Goran,1610612748,MIA,Miami Heat,21500751,2016-02-05T00:00:00,MIA @ CHA,W,32.0,0.0,2.0,2.0,2.0,8.0,6.0,10.0,22.0,0.0,0.0,3.0,1.0,41.1,1,1,1,1,5880,12059,4731,4675,12984,13914,13237,20169,10265,8004,1,17641,12373,2123,1.0,32:01,2015,2016
2015-16,203078,Bradley Beal,Bradley,1610612764,WAS,Washington Wizards,21500753,2016-02-05T00:00:00,WAS vs. PHI,W,31.9,2.0,3.0,6.0,16.0,10.0,11.0,4.0,26.0,0.0,2.0,0.0,2.0,30.6,1,1,1,1,5994,6026,3104,740,275,17370,21814,8806,7214,8004,23588,1,7786,5574,1.0,31:53,2015,2016
2015-16,203487,Michael Carter-Williams,Michael,1610612749,MIL,Milwaukee Bucks,21500758,2016-02-05T00:00:00,MIL @ UTA,L,28.6,0.0,0.0,0.0,8.0,11.0,11.0,6.0,26.0,1.0,3.0,3.0,2.0,32.2,1,13074,13074,13074,8756,12059,10158,9917,3109,18886,21814,13388,7214,2692,25441,17641,7786,4846,1.0,28:35,2015,2016
2015-16,203077,Michael Kidd-Gilchrist,Michael,1610612766,CHA,Charlotte Hornets,21500751,2016-02-05T00:00:00,CHA vs. MIA,L,30.4,2.0,0.0,7.0,6.0,6.0,8.0,13.0,42.0,1.0,2.0,2.0,2.0,17.1,1,13074,13074,13074,7207,6026,10158,454,5299,10028,17345,23048,670,2692,23588,11390,7786,13791,1.0,30:23,2015,2016
2015-16,202738,Isaiah Thomas,Isaiah,1610612738,BOS,Boston Celtics,21500755,2016-02-05T00:00:00,BOS @ CLE,W,35.8,3.0,0.0,4.0,6.0,9.0,15.0,6.0,26.0,0.0,5.0,2.0,8.0,31.8,1,1,1,1,2913,4307,10158,1913,5299,15771,24781,13388,7214,8004,26042,11390,254,5041,1.0,35:47,2015,2016
2015-16,201167,Arron Afflalo,Arron,1610612752,NYK,New York Knicks,21500756,2016-02-05T00:00:00,NYK vs. MEM,L,41.3,0.0,2.0,2.0,0.0,8.0,3.0,9.0,34.0,0.0,1.0,3.0,2.0,22.0,1,13074,13074,13074,432,12059,4731,4675,18861,13914,7138,18829,2701,8004,17214,17641,7786,10388,1.0,41:17,2015,2016
2015-16,2564,Boris Diaw,Boris,1610612759,SAS,San Antonio Spurs,21500759,2016-02-05T00:00:00,SAS @ DAL,W,18.6,0.0,0.0,0.0,2.0,9.0,0.0,10.0,22.0,0.0,0.0,3.0,0.0,17.0,1,1,1,1,17025,12059,10158,9917,12984,15771,1,20169,10265,8004,1,17641,18762,13855,1.0,18:35,2015,2016
2015-16,201143,Al Horford,Al,1610612737,ATL,Atlanta Hawks,21500750,2016-02-05T00:00:00,ATL vs. IND,W,34.2,0.0,0.0,4.0,6.0,8.0,19.0,6.0,22.0,0.0,0.0,1.0,3.0,39.4,1,1,1,1,4167,12059,10158,1913,5299,13914,25786,13388,10265,8004,1,4972,4736,2530,1.0,34:13,2015,2016
2015-16,201567,Kevin Love,Kevin,1610612739,CLE,Cleveland Cavaliers,21500755,2016-02-05T00:00:00,CLE vs. BOS,L,21.7,2.0,2.0,0.0,4.0,4.0,5.0,4.0,18.0,1.0,0.0,0.0,3.0,22.0,1,13074,13074,13074,14458,6026,4731,9917,8599,6141,11469,8806,13577,2692,1,1,4736,10388,1.0,21:40,2015,2016
2015-16,203932,Aaron Gordon,Aaron,1610612753,ORL,Orlando Magic,21500752,2016-02-05T00:00:00,ORL vs. LAC,L,29.4,2.0,0.0,0.0,6.0,12.0,2.0,10.0,14.0,1.0,1.0,0.0,2.0,17.1,1,13074,13074,13074,8085,6026,10158,9917,5299,20178,3734,20169,17019,2692,17214,1,7786,13791,1.0,29:22,2015,2016
2015-16,201150,Spencer Hawes,Spencer,1610612766,CHA,Charlotte Hornets,21500751,2016-02-05T00:00:00,CHA vs. MIA,L,22.6,0.0,0.0,0.0,2.0,13.0,12.0,17.0,36.0,2.0,0.0,1.0,0.0,17.7,1,13074,13074,13074,13715,12059,10158,9917,12984,21300,22832,24967,1943,932,1,4972,18762,13380,1.0,22:35,2015,2016
2015-16,203114,Khris Middleton,Khris,1610612749,MIL,Milwaukee Bucks,21500758,2016-02-05T00:00:00,MIL @ UTA,L,39.5,6.0,0.0,4.0,6.0,19.0,12.0,8.0,32.0,0.0,0.0,3.0,4.0,28.2,1,13074,13074,13074,876,878,10158,1913,5299,25074,22832,17194,3535,8004,1,17641,2748,6778,1.0,39:32,2015,2016
2015-16,101109,Raymond Felton,Raymond,1610612742,DAL,Dallas Mavericks,21500759,2016-02-05T00:00:00,DAL vs. SAS,L,20.9,2.0,0.0,4.0,6.0,8.0,6.0,4.0,14.0,0.0,0.0,4.0,2.0,17.2,1,13074,13074,13074,15140,6026,10158,1913,5299,13914,13237,8806,17019,8004,1,22104,7786,13725,1.0,20:54,2015,2016
2015-16,203918,Rodney Hood,Rodney,1610612762,UTA,Utah Jazz,21500758,2016-02-05T00:00:00,UTA vs. MIL,W,41.2,10.0,0.0,2.0,8.0,6.0,11.0,4.0,36.0,0.0,0.0,4.0,2.0,33.1,1,1,1,1,441,99,10158,4675,3109,10028,21814,8806,1943,8004,1,22104,7786,4505,1.0,41:14,2015,2016
2015-16,202730,Lavoy Allen,Lavoy,1610612754,IND,Indiana Pacers,21500750,2016-02-05T00:00:00,IND @ ATL,L,30.0,2.0,6.0,0.0,12.0,9.0,0.0,7.0,22.0,1.0,1.0,2.0,1.0,32.8,1,13074,13074,13074,7520,6026,481,9917,988,15771,1,15538,10265,2692,17214,11390,12373,4609,1.0,30:01,2015,2016
2015-16,204060,Joe Ingles,Joe,1610612762,UTA,Utah Jazz,21500758,2016-02-05T00:00:00,UTA vs. MIL,W,16.0,2.0,0.0,0.0,0.0,2.0,2.0,0.0,14.0,0.0,0.0,0.0,1.0,13.7,1,1,1,1,19071,6026,10158,9917,18861,2619,3734,1,17019,8004,1,1,12373,16393,1.0,15:58,2015,2016
2015-16,1626144,Emmanuel Mudiay,Emmanuel,1610612743,DEN,Denver Nuggets,21500757,2016-02-05T00:00:00,DEN vs. CHI,W,38.9,8.0,2.0,5.0,10.0,6.0,10.0,12.0,42.0,2.0,2.0,1.0,7.0,39.5,1,1,1,1,1125,308,4731,1277,1840,10028,20509,22259,670,932,23588,4972,469,2497,1.0,38:51,2015,2016
2015-16,202696,Nikola Vučević,Nikola,1610612753,ORL,Orlando Magic,21500752,2016-02-05T00:00:00,ORL vs. LAC,L,29.3,0.0,0.0,0.0,6.0,13.0,2.0,6.0,14.0,0.0,0.0,3.0,2.0,31.8,1,13074,13074,13074,8149,12059,10158,9917,5299,21300,3734,13388,17019,8004,1,17641,7786,5041,1.0,29:16,2015,2016
2015-16,2754,Tony Allen,Tony,1610612763,MEM,Memphis Grizzlies,21500756,2016-02-05T00:00:00,MEM @ NYK,W,18.8,0.0,0.0,0.0,2.0,4.0,12.0,2.0,14.0,1.0,0.0,0.0,2.0,13.6,1,1,1,1,16836,12059,10158,9917,12984,6141,22832,4025,17019,2692,1,1,7786,16460,1.0,18:50,2015,2016
2015-16,201166,Aaron Brooks,Aaron,1610612741,CHI,Chicago Bulls,21500757,2016-02-05T00:00:00,CHI @ DEN,L,18.0,0.0,0.0,0.0,2.0,6.0,2.0,6.0,16.0,2.0,0.0,3.0,1.0,17.2,1,13074,13074,13074,17489,12059,10158,9917,12984,10028,3734,13388,15259,932,1,17641,12373,13725,1.0,18:02,2015,2016
2015-16,201961,Wayne Ellington,Wayne,1610612751,BKN,Brooklyn Nets,21500754,2016-02-05T00:00:00,BKN vs. SAC,W,26.1,0.0,0.0,2.0,2.0,13.0,0.0,14.0,40.0,0.0,0.0,1.0,2.0,16.9,1,1,1,1,10743,12059,10158,4675,12984,21300,1,23710,983,8004,1,4972,7786,13911,1.0,26:07,2015,2016
2015-16,203939,Dwight Powell,Dwight,1610612742,DAL,Dallas Mavericks,21500759,2016-02-05T00:00:00,DAL vs. SAS,L,13.2,1.0,0.0,0.0,2.0,3.0,2.0,0.0,6.0,0.0,0.0,1.0,4.0,17.3,1,13074,13074,13074,20894,11535,10158,9917,12984,5109,3734,1,22724,8004,1,4972,2748,13671,1.0,13:09,2015,2016
2015-16,2037,Jamal Crawford,Jamal,1610612746,LAC,LA Clippers,21500752,2016-02-05T00:00:00,LAC @ ORL,W,35.0,6.0,0.0,4.0,4.0,23.0,9.0,5.0,22.0,1.0,0.0,4.0,5.0,32.2,1,1,1,1,3509,878,10158,1913,8599,25803,19144,11593,10265,2692,1,22104,1539,4846,1.0,35:02,2015,2016
2015-16,200797,Ryan Hollins,Ryan,1610612763,MEM,Memphis Grizzlies,21500756,2016-02-05T00:00:00,MEM @ NYK,W,16.5,0.0,5.0,0.0,4.0,0.0,4.0,3.0,6.0,1.0,0.0,1.0,5.0,13.9,1,1,1,1,18640,12059,995,9917,8599,1,8458,7328,22724,2692,1,4972,1539,16232,1.0,16:31,2015,2016
2015-16,202341,James Anderson,James,1610612758,SAC,Sacramento Kings,21500754,2016-02-05T00:00:00,SAC @ BKN,L,15.2,4.0,0.0,2.0,8.0,3.0,10.0,2.0,20.0,1.0,0.0,2.0,0.0,13.6,1,13074,13074,13074,19608,2460,10158,4675,3109,5109,20509,4025,11929,2692,1,11390,18762,16460,1.0,15:13,2015,2016
2015-16,203999,Nikola Jokić,Nikola,1610612743,DEN,Denver Nuggets,21500757,2016-02-05T00:00:00,DEN vs. CHI,W,25.7,2.0,2.0,0.0,2.0,4.0,4.0,8.0,28.0,2.0,1.0,6.0,5.0,39.9,1,1,1,1,11100,6026,4731,9917,12984,6141,8458,17194,5824,932,17214,25827,1539,2396,1.0,25:42,2015,2016
2015-16,202390,Gary Neal,Gary,1610612764,WAS,Washington Wizards,21500753,2016-02-05T00:00:00,WAS vs. PHI,W,15.6,4.0,0.0,2.0,4.0,0.0,5.0,0.0,16.0,0.0,0.0,1.0,1.0,22.4,1,1,1,1,19318,2460,10158,4675,8599,1,11469,1,15259,8004,1,4972,12373,10131,1.0,15:39,2015,2016
2015-16,203917,Nik Stauskas,Nik,1610612755,PHI,Philadelphia 76ers,21500753,2016-02-05T00:00:00,PHI @ WAS,L,27.8,0.0,0.0,0.0,0.0,11.0,5.0,8.0,36.0,0.0,0.0,3.0,0.0,16.8,1,13074,13074,13074,9417,12059,10158,9917,18861,18886,11469,17194,1943,8004,1,17641,18762,13996,1.0,27:46,2015,2016
2015-16,101107,Marvin Williams,Marvin,1610612766,CHA,Charlotte Hornets,21500751,2016-02-05T00:00:00,CHA vs. MIA,L,32.4,3.0,3.0,0.0,12.0,13.0,8.0,10.0,46.0,1.0,1.0,2.0,2.0,37.8,1,13074,13074,13074,5552,4307,3104,9917,988,21300,17345,20169,298,2692,17214,11390,7786,2956,1.0,32:26,2015,2016
2015-16,201145,Jeff Green,Jeff,1610612763,MEM,Memphis Grizzlies,21500756,2016-02-05T00:00:00,MEM @ NYK,W,29.3,6.0,0.0,6.0,8.0,0.0,10.0,3.0,8.0,0.0,2.0,2.0,4.0,28.0,1,1,1,1,8150,878,10158,740,3109,1,20509,7328,21543,8004,23588,11390,2748,6864,1.0,29:16,2015,2016
2015-16,202389,Timofey Mozgov,Timofey,1610612739,CLE,Cleveland Cavaliers,21500755,2016-02-05T00:00:00,CLE vs. BOS,L,17.9,2.0,0.0,0.0,6.0,6.0,0.0,6.0,14.0,0.0,0.0,2.0,3.0,17.7,1,13074,13074,13074,17602,6026,10158,9917,5299,10028,1,13388,17019,8004,1,11390,4736,13380,1.0,17:54,2015,2016
2015-16,202689,Kemba Walker,Kemba,1610612766,CHA,Charlotte Hornets,21500751,2016-02-05T00:00:00,CHA vs. MIA,L,36.2,3.0,0.0,2.0,0.0,13.0,10.0,10.0,46.0,0.0,1.0,1.0,5.0,39.0,1,13074,13074,13074,2631,4307,10158,4675,18861,21300,20509,20169,298,8004,17214,4972,1539,2642,1.0,36:10,2015,2016
2015-16,200765,Rajon Rondo,Rajon,1610612758,SAC,Sacramento Kings,21500754,2016-02-05T00:00:00,SAC @ BKN,L,34.8,2.0,0.0,0.0,10.0,6.0,14.0,4.0,40.0,0.0,2.0,3.0,1.0,45.7,1,13074,13074,13074,3690,6026,10158,9917,1840,10028,24300,8806,983,8004,23588,17641,12373,1251,1.0,34:48,2015,2016
2015-16,201572,Brook Lopez,Brook,1610612751,BKN,Brooklyn Nets,21500754,2016-02-05T00:00:00,BKN vs. SAC,W,40.9,0.0,11.0,0.0,20.0,20.0,2.0,22.0,54.0,1.0,0.0,3.0,3.0,44.9,1,1,1,1,513,12059,19,9917,59,25338,3734,25811,35,2692,1,17641,4736,1380,1.0,40:51,2015,2016
2015-16,202695,Kawhi Leonard,Kawhi,1610612759,SAS,San Antonio Spurs,21500759,2016-02-05T00:00:00,SAS @ DAL,W,26.7,3.0,0.0,0.0,4.0,4.0,2.0,8.0,28.0,0.0,0.0,0.0,6.0,24.9,1,1,1,1,10319,4307,10158,9917,8599,6141,3734,17194,5824,8004,1,1,873,8553,1.0,26:40,2015,2016
2015-16,202324,Derrick Favors,Derrick,1610612762,UTA,Utah Jazz,21500758,2016-02-05T00:00:00,UTA vs. MIL,W,32.3,0.0,5.0,0.0,8.0,6.0,7.0,4.0,24.0,5.0,3.0,3.0,4.0,49.5,1,1,1,1,5650,12059,995,9917,3109,10028,15642,8806,8723,59,25441,17641,2748,811,1.0,32:18,2015,2016
2015-16,202323,Evan Turner,Evan,1610612738,BOS,Boston Celtics,21500755,2016-02-05T00:00:00,BOS @ CLE,W,32.2,0.0,0.0,4.0,14.0,8.0,13.0,6.0,26.0,1.0,0.0,2.0,3.0,44.4,1,1,1,1,5730,12059,10158,1913,542,13914,23668,13388,7214,2692,1,11390,4736,1474,1.0,32:11,2015,2016
2015-16,2548,Dwyane Wade,Dwyane,1610612748,MIA,Miami Heat,21500751,2016-02-05T00:00:00,MIA @ CHA,W,29.7,4.0,4.0,4.0,16.0,8.0,3.0,17.0,28.0,0.0,3.0,2.0,0.0,36.1,1,1,1,1,7834,2460,1596,1913,275,13914,7138,24967,5824,8004,25441,11390,18762,3432,1.0,29:40,2015,2016
2015-16,203507,Giannis Antetokounmpo,Giannis,1610612749,MIL,Milwaukee Bucks,21500758,2016-02-05T00:00:00,MIL @ UTA,L,33.1,2.0,2.0,2.0,6.0,16.0,11.0,6.0,28.0,1.0,0.0,3.0,4.0,24.2,1,13074,13074,13074,5079,6026,4731,4675,5299,23774,21814,13388,5824,2692,1,17641,2748,9009,1.0,33:03,2015,2016
2015-16,202328,Greg Monroe,Greg,1610612749,MIL,Milwaukee Bucks,21500758,2016-02-05T00:00:00,MIL @ UTA,L,33.5,0.0,7.0,0.0,10.0,17.0,13.0,6.0,30.0,1.0,1.0,1.0,3.0,28.8,1,13074,13074,13074,4752,12059,292,9917,1840,24337,23668,13388,4541,2692,17214,4972,4736,6465,1.0,33:29,2015,2016
2015-16,202397,Ish Smith,Ish,1610612755,PHI,Philadelphia 76ers,21500753,2016-02-05T00:00:00,PHI @ WAS,L,32.2,4.0,4.0,2.0,14.0,10.0,3.0,13.0,46.0,1.0,1.0,1.0,1.0,45.5,1,13074,13074,13074,5762,2460,1596,4675,542,17370,7138,23048,298,2692,17214,4972,12373,1278,1.0,32:09,2015,2016
2015-16,201152,Thaddeus Young,Thaddeus,1610612751,BKN,Brooklyn Nets,21500754,2016-02-05T00:00:00,BKN vs. SAC,W,38.6,0.0,2.0,0.0,12.0,20.0,2.0,20.0,50.0,0.0,1.0,1.0,3.0,44.3,1,1,1,1,1231,12059,4731,9917,988,25338,3734,25599,107,8004,17214,4972,4736,1499,1.0,38:34,2015,2016
2015-16,202331,Paul George,Paul,1610612754,IND,Indiana Pacers,21500750,2016-02-05T00:00:00,IND @ ATL,L,37.6,4.0,3.0,7.0,2.0,15.0,0.0,9.0,28.0,0.0,1.0,3.0,4.0,49.8,1,13074,13074,13074,1690,2460,3104,454,12984,23079,1,18829,5824,8004,17214,17641,2748,775,1.0,37:37,2015,2016
2015-16,202684,Tristan Thompson,Tristan,1610612739,CLE,Cleveland Cavaliers,21500755,2016-02-05T00:00:00,CLE vs. BOS,L,32.0,1.0,3.0,0.0,2.0,8.0,13.0,8.0,36.0,2.0,1.0,3.0,3.0,24.0,1,13074,13074,13074,5898,11535,3104,9917,12984,13914,23668,17194,1943,932,17214,17641,4736,9121,1.0,31:59,2015,2016
2015-16,201587,Nicolas Batum,Nicolas,1610612766,CHA,Charlotte Hornets,21500751,2016-02-05T00:00:00,CHA vs. MIA,L,39.0,0.0,3.0,0.0,4.0,13.0,13.0,20.0,52.0,3.0,0.0,1.0,1.0,43.7,1,13074,13074,13074,1074,12059,3104,9917,8599,21300,23668,25599,59,347,1,4972,12373,1610,1.0,39:00,2015,2016
2015-16,2544,LeBron James,LeBron,1610612739,CLE,Cleveland Cavaliers,21500755,2016-02-05T00:00:00,CLE vs. BOS,L,38.1,4.0,8.0,6.0,16.0,10.0,13.0,12.0,42.0,1.0,2.0,2.0,11.0,47.4,1,13074,13074,13074,1472,2460,137,740,275,17370,23668,22259,670,2692,23588,11390,44,1024,1.0,38:05,2015,2016
2015-16,101145,Monta Ellis,Monta,1610612754,IND,Indiana Pacers,21500750,2016-02-05T00:00:00,IND @ ATL,L,34.5,0.0,5.0,0.0,2.0,15.0,0.0,8.0,30.0,1.0,1.0,2.0,0.0,24.1,1,13074,13074,13074,3914,12059,995,9917,12984,23079,1,17194,4541,2692,17214,11390,18762,9068,1.0,34:33,2015,2016
2015-16,202322,John Wall,John,1610612764,WAS,Washington Wizards,21500753,2016-02-05T00:00:00,WAS vs. PHI,W,33.1,0.0,0.0,3.0,8.0,3.0,9.0,2.0,20.0,1.0,0.0,1.0,1.0,54.6,1,1,1,1,5079,12059,10158,3302,3109,5109,19144,4025,11929,2692,1,4972,12373,413,1.0,33:03,2015,2016
2015-16,202355,Hassan Whiteside,Hassan,1610612748,MIA,Miami Heat,21500751,2016-02-05T00:00:00,MIA @ CHA,W,27.0,3.0,4.0,3.0,8.0,8.0,3.0,4.0,10.0,10.0,2.0,4.0,2.0,50.0,1,1,1,1,9989,4307,1596,3302,3109,13914,7138,8806,20209,2,23588,22104,7786,756,1.0,27:02,2015,2016
2015-16,202326,DeMarcus Cousins,DeMarcus,1610612758,SAC,Sacramento Kings,21500754,2016-02-05T00:00:00,SAC @ BKN,L,39.7,3.0,0.0,2.0,8.0,6.0,16.0,7.0,42.0,0.0,0.0,2.0,3.0,54.0,1,13074,13074,13074,806,4307,10158,4675,3109,10028,25155,15538,670,8004,1,11390,4736,453,1.0,39:44,2015,2016
2015-16,203497,Rudy Gobert,Rudy,1610612762,UTA,Utah Jazz,21500758,2016-02-05T00:00:00,UTA vs. MIL,W,38.0,2.0,6.0,2.0,12.0,11.0,16.0,6.0,34.0,3.0,1.0,1.0,3.0,50.1,1,1,1,1,1491,6026,481,4675,988,18886,25155,13388,2701,347,17214,4972,4736,743,1.0,38:02,2015,2016
2015-16,201599,DeAndre Jordan,DeAndre,1610612746,LAC,LA Clippers,21500752,2016-02-05T00:00:00,LAC @ ORL,W,37.3,5.0,2.0,1.0,8.0,17.0,7.0,4.0,26.0,3.0,1.0,1.0,4.0,44.1,1,1,1,1,1890,1603,4731,9347,3109,24337,15642,8806,7214,347,17214,4972,2748,1542,1.0,37:18,2015,2016
2015-16,1626159,Justise Winslow,Justise,1610612748,MIA,Miami Heat,21500751,2016-02-05T00:00:00,MIA @ CHA,W,33.0,2.0,4.0,4.0,8.0,8.0,3.0,13.0,24.0,0.0,1.0,2.0,0.0,29.0,1,1,1,1,5166,6026,1596,1913,3109,13914,7138,23048,8723,8004,17214,11390,18762,6346,1.0,32:57,2015,2016
2015-16,201565,Derrick Rose,Derrick,1610612741,CHI,Chicago Bulls,21500757,2016-02-05T00:00:00,CHI @ DEN,L,35.3,0.0,4.0,2.0,14.0,8.0,11.0,11.0,32.0,0.0,1.0,1.0,5.0,53.8,1,13074,13074,13074,3279,12059,1596,4675,542,13914,21814,21342,3535,8004,17214,4972,1539,472,1.0,35:20,2015,2016
2015-16,203457,Nerlens Noel,Nerlens,1610612755,PHI,Philadelphia 76ers,21500753,2016-02-05T00:00:00,PHI @ WAS,L,33.4,0.0,0.0,2.0,6.0,15.0,5.0,13.0,34.0,4.0,1.0,3.0,3.0,36.1,1,13074,13074,13074,4811,12059,10158,4675,5299,23079,11469,23048,2701,132,17214,17641,4736,3432,1.0,33:24,2015,2016
2015-16,2207,Joe Johnson,Joe,1610612751,BKN,Brooklyn Nets,21500754,2016-02-05T00:00:00,BKN vs. SAC,W,36.9,3.0,3.0,0.0,6.0,20.0,2.0,20.0,48.0,1.0,0.0,0.0,4.0,53.7,1,1,1,1,2127,4307,3104,9917,5299,25338,3734,25599,192,2692,1,1,2748,479,1.0,36:55,2015,2016
2015-16,204001,Kristaps Porziņģis,Kristaps,1610612752,NYK,New York Knicks,21500756,2016-02-05T00:00:00,NYK vs. MEM,L,38.3,0.0,3.0,0.0,4.0,4.0,3.0,3.0,22.0,6.0,0.0,4.0,5.0,44.0,1,13074,13074,13074,1360,12059,3104,9917,8599,6141,7138,7328,10265,19,1,22104,1539,1559,1.0,38:20,2015,2016
2015-16,201959,Taj Gibson,Taj,1610612741,CHI,Chicago Bulls,21500757,2016-02-05T00:00:00,CHI @ DEN,L,36.0,4.0,4.0,1.0,12.0,8.0,11.0,11.0,34.0,3.0,2.0,2.0,6.0,35.4,1,13074,13074,13074,2773,2460,1596,9347,988,13914,21814,21342,2701,347,23588,11390,873,3684,1.0,35:59,2015,2016
2015-16,201568,Danilo Gallinari,Danilo,1610612743,DEN,Denver Nuggets,21500757,2016-02-05T00:00:00,DEN vs. CHI,W,34.9,4.0,2.0,4.0,4.0,6.0,6.0,13.0,40.0,1.0,1.0,3.0,11.0,44.6,1,1,1,1,3581,2460,4731,1913,8599,10028,13237,23048,983,2692,17214,17641,44,1438,1.0,34:56,2015,2016
2015-16,202681,Kyrie Irving,Kyrie,1610612739,CLE,Cleveland Cavaliers,21500755,2016-02-05T00:00:00,CLE vs. BOS,L,37.5,0.0,6.0,0.0,2.0,10.0,13.0,10.0,38.0,0.0,1.0,3.0,2.0,29.6,1,13074,13074,13074,1765,12059,481,9917,12984,17370,23668,20169,1422,8004,17214,17641,7786,6050,1.0,37:29,2015,2016
2015-16,2585,Zaza Pachulia,Zaza,1610612742,DAL,Dallas Mavericks,21500759,2016-02-05T00:00:00,DAL vs. SAS,L,18.9,0.0,0.0,0.0,2.0,6.0,3.0,0.0,12.0,0.0,0.0,2.0,3.0,7.4,1,13074,13074,13074,16820,12059,10158,9917,12984,10028,7138,1,18637,8004,1,11390,4736,20912,1.0,18:51,2015,2016
2015-16,203506,Victor Oladipo,Victor,1610612753,ORL,Orlando Magic,21500752,2016-02-05T00:00:00,ORL vs. LAC,L,36.2,8.0,2.0,0.0,2.0,20.0,2.0,12.0,24.0,0.0,2.0,5.0,7.0,25.1,1,13074,13074,13074,2623,308,4731,9917,12984,25338,3734,22259,8723,8004,23588,24686,469,8429,1.0,36:11,2015,2016
2015-16,1626170,Jerian Grant,Jerian,1610612752,NYK,New York Knicks,21500756,2016-02-05T00:00:00,NYK vs. MEM,L,17.8,2.0,0.0,3.0,2.0,2.0,5.0,4.0,18.0,0.0,0.0,2.0,3.0,14.2,1,13074,13074,13074,17667,6026,10158,3302,12984,2619,11469,8806,13577,8004,1,11390,4736,16003,1.0,17:48,2015,2016
2015-16,202697,Iman Shumpert,Iman,1610612739,CLE,Cleveland Cavaliers,21500755,2016-02-05T00:00:00,CLE vs. BOS,L,34.6,1.0,0.0,0.0,0.0,11.0,10.0,12.0,34.0,1.0,0.0,4.0,1.0,35.1,1,13074,13074,13074,3890,11535,10158,9917,18861,18886,20509,22259,2701,2692,1,22104,12373,3777,1.0,34:34,2015,2016
2015-16,203471,Dennis Schröder,Dennis,1610612737,ATL,Atlanta Hawks,21500750,2016-02-05T00:00:00,ATL vs. IND,W,18.6,2.0,0.0,0.0,0.0,4.0,3.0,3.0,10.0,0.0,1.0,3.0,2.0,22.9,1,1,1,1,16991,6026,10158,9917,18861,6141,7138,7328,20209,8004,17214,17641,7786,9811,1.0,18:38,2015,2016
2015-16,201144,Mike Conley,Mike,1610612763,MEM,Memphis Grizzlies,21500756,2016-02-05T00:00:00,MEM @ NYK,W,31.4,0.0,0.0,0.0,2.0,2.0,15.0,0.0,12.0,0.0,1.0,1.0,2.0,25.9,1,1,1,1,6418,12059,10158,9917,12984,2619,24781,1,18637,8004,17214,4972,7786,7960,1.0,31:21,2015,2016
2015-16,202325,Wesley Johnson,Wesley,1610612746,LAC,LA Clippers,21500752,2016-02-05T00:00:00,LAC @ ORL,W,27.1,0.0,0.0,0.0,0.0,22.0,9.0,2.0,20.0,4.0,0.0,1.0,1.0,25.0,1,1,1,1,9912,12059,10158,9917,18861,25683,19144,4025,11929,132,1,4972,12373,8485,1.0,27:07,2015,2016
2015-16,202710,Jimmy Butler III,Jimmy,1610612741,CHI,Chicago Bulls,21500757,2016-02-05T00:00:00,CHI @ DEN,L,18.5,2.0,2.0,5.0,10.0,6.0,2.0,7.0,18.0,0.0,0.0,0.0,7.0,33.9,1,13074,13074,13074,17099,6026,4731,1277,1840,10028,3734,15538,13577,8004,1,1,469,4208,1.0,18:29,2015,2016
2015-16,1626167,Myles Turner,Myles,1610612754,IND,Indiana Pacers,21500750,2016-02-05T00:00:00,IND @ ATL,L,22.9,4.0,4.0,0.0,6.0,11.0,0.0,10.0,22.0,1.0,0.0,4.0,3.0,25.4,1,13074,13074,13074,13428,2460,1596,9917,5299,18886,1,20169,10265,2692,1,22104,4736,8273,1.0,22:57,2015,2016
2015-16,201573,Jerryd Bayless,Jerryd,1610612749,MIL,Milwaukee Bucks,21500758,2016-02-05T00:00:00,MIL @ UTA,L,25.4,3.0,3.0,0.0,0.0,13.0,6.0,4.0,14.0,0.0,0.0,1.0,2.0,23.6,1,13074,13074,13074,11372,4307,3104,9917,18861,21300,13237,8806,17019,8004,1,4972,7786,9377,1.0,25:24,2015,2016
2015-16,203145,Kent Bazemore,Kent,1610612737,ATL,Atlanta Hawks,21500750,2016-02-05T00:00:00,ATL vs. IND,W,32.1,4.0,0.0,4.0,6.0,8.0,17.0,4.0,20.0,0.0,0.0,3.0,3.0,35.2,1,1,1,1,5830,2460,10158,1913,5299,13914,25429,8806,11929,8004,1,17641,4736,3745,1.0,32:04,2015,2016
2015-16,203946,Cameron Bairstow,Cameron,1610612741,CHI,Chicago Bulls,21500757,2016-02-05T00:00:00,CHI @ DEN,L,10.4,0.0,0.0,0.0,0.0,2.0,2.0,5.0,6.0,0.0,1.0,5.0,1.0,10.3,1,13074,13074,13074,22264,12059,10158,9917,18861,2619,3734,11593,22724,8004,17214,24686,12373,18965,1.0,10:25,2015,2016
2015-16,2747,JR Smith,JR,1610612739,CLE,Cleveland Cavaliers,21500755,2016-02-05T00:00:00,CLE vs. BOS,L,33.3,0.0,3.0,0.0,0.0,10.0,8.0,10.0,36.0,1.0,0.0,6.0,2.0,25.1,1,13074,13074,13074,4929,12059,3104,9917,18861,17370,17345,20169,1943,2692,1,25827,7786,8429,1.0,33:15,2015,2016
2015-16,203492,Ray McCallum,Ray,1610612759,SAS,San Antonio Spurs,21500759,2016-02-05T00:00:00,SAS @ DAL,W,9.2,2.0,0.0,0.0,2.0,2.0,5.0,4.0,10.0,0.0,0.0,1.0,0.0,10.4,1,1,1,1,22744,6026,10158,9917,12984,2619,11469,8806,20209,8004,1,4972,18762,18859,1.0,9:14,2015,2016
2015-16,203092,Tyler Zeller,Tyler,1610612738,BOS,Boston Celtics,21500755,2016-02-05T00:00:00,BOS @ CLE,W,19.8,2.0,2.0,2.0,14.0,4.0,8.0,4.0,18.0,0.0,0.0,3.0,2.0,19.3,1,1,1,1,16052,6026,4731,4675,542,6141,17345,8806,13577,8004,1,17641,7786,12228,1.0,19:49,2015,2016
2015-16,2440,Matt Barnes,Matt,1610612763,MEM,Memphis Grizzlies,21500756,2016-02-05T00:00:00,MEM @ NYK,W,21.4,0.0,0.0,0.0,4.0,0.0,4.0,3.0,4.0,1.0,1.0,3.0,2.0,25.9,1,1,1,1,14726,12059,10158,9917,8599,1,8458,7328,23698,2692,17214,17641,7786,7960,1.0,21:22,2015,2016
2015-16,203109,Jae Crowder,Jae,1610612738,BOS,Boston Celtics,21500755,2016-02-05T00:00:00,BOS @ CLE,W,32.2,0.0,3.0,0.0,0.0,5.0,14.0,4.0,20.0,0.0,0.0,5.0,1.0,14.4,1,1,1,1,5719,12059,3104,9917,18861,8403,24300,8806,11929,8004,1,24686,12373,15857,1.0,32:12,2015,2016
2015-16,201954,Darren Collison,Darren,1610612758,SAC,Sacramento Kings,21500754,2016-02-05T00:00:00,SAC @ BKN,L,25.4,6.0,0.0,11.0,6.0,9.0,9.0,6.0,22.0,0.0,0.0,2.0,7.0,34.1,1,13074,13074,13074,11397,878,10158,69,5299,15771,19144,13388,10265,8004,1,11390,469,4124,1.0,25:22,2015,2016
2015-16,1626171,Bobby Portis,Bobby,1610612741,CHI,Chicago Bulls,21500757,2016-02-05T00:00:00,CHI @ DEN,L,26.6,0.0,0.0,0.0,4.0,14.0,7.0,8.0,24.0,0.0,0.0,5.0,1.0,25.4,1,13074,13074,13074,10354,12059,10158,9917,8599,22292,15642,17194,8723,8004,1,24686,12373,8273,1.0,26:38,2015,2016
2015-16,202702,Kenneth Faried,Kenneth,1610612743,DEN,Denver Nuggets,21500757,2016-02-05T00:00:00,DEN vs. CHI,W,26.3,2.0,3.0,2.0,8.0,6.0,4.0,11.0,28.0,0.0,0.0,3.0,6.0,25.7,1,1,1,1,10626,6026,3104,4675,3109,10028,8458,21342,5824,8004,1,17641,873,8088,1.0,26:16,2015,2016
2015-16,203115,Will Barton,Will,1610612743,DEN,Denver Nuggets,21500757,2016-02-05T00:00:00,DEN vs. CHI,W,29.7,0.0,2.0,2.0,8.0,2.0,10.0,6.0,30.0,1.0,2.0,3.0,0.0,25.5,1,1,1,1,7834,12059,4731,4675,3109,2619,20509,13388,4541,2692,23588,17641,18762,8230,1.0,29:40,2015,2016
2015-16,201188,Marc Gasol,Marc,1610612763,MEM,Memphis Grizzlies,21500756,2016-02-05T00:00:00,MEM @ NYK,W,31.5,0.0,0.0,0.0,4.0,4.0,18.0,2.0,16.0,1.0,0.0,2.0,4.0,22.9,1,1,1,1,6324,12059,10158,9917,8599,6141,25634,4025,15259,2692,1,11390,2748,9811,1.0,31:29,2015,2016
2015-16,101139,CJ Miles,CJ,1610612754,IND,Indiana Pacers,21500750,2016-02-05T00:00:00,IND @ ATL,L,18.6,0.0,1.0,0.0,6.0,4.0,0.0,8.0,14.0,1.0,0.0,0.0,1.0,19.3,1,13074,13074,13074,17040,12059,9709,9917,5299,6141,1,17194,17019,2692,1,1,12373,12228,1.0,18:34,2015,2016
2015-16,201973,Jonas Jerebko,Jonas,1610612738,BOS,Boston Celtics,21500755,2016-02-05T00:00:00,BOS @ CLE,W,13.1,2.0,0.0,2.0,0.0,9.0,4.0,4.0,14.0,0.0,0.0,2.0,2.0,10.0,1,1,1,1,20910,6026,10158,4675,18861,15771,8458,8806,17019,8004,1,11390,7786,19178,1.0,13:07,2015,2016
2015-16,101181,Jose Calderon,Jose,1610612752,NYK,New York Knicks,21500756,2016-02-05T00:00:00,NYK vs. MEM,L,35.2,0.0,5.0,0.0,4.0,6.0,0.0,5.0,20.0,0.0,0.0,2.0,1.0,34.1,1,13074,13074,13074,3398,12059,995,9917,8599,10028,1,11593,11929,8004,1,11390,12373,4124,1.0,35:11,2015,2016
2015-16,202083,Wesley Matthews,Wesley,1610612742,DAL,Dallas Mavericks,21500759,2016-02-05T00:00:00,DAL vs. SAS,L,23.1,0.0,0.0,0.0,2.0,8.0,5.0,0.0,18.0,1.0,0.0,2.0,1.0,10.2,1,13074,13074,13074,13285,12059,10158,9917,12984,13914,11469,1,13577,2692,1,11390,12373,19003,1.0,23:06,2015,2016
2015-16,1626209,Mario Hezonja,Mario,1610612753,ORL,Orlando Magic,21500752,2016-02-05T00:00:00,ORL vs. LAC,L,22.3,4.0,5.0,2.0,4.0,6.0,0.0,4.0,20.0,0.0,0.0,2.0,2.0,15.0,1,13074,13074,13074,13954,2460,995,4675,8599,10028,1,8806,11929,8004,1,11390,7786,15404,1.0,22:15,2015,2016
2015-16,2594,Kyle Korver,Kyle,1610612737,ATL,Atlanta Hawks,21500750,2016-02-05T00:00:00,ATL vs. IND,W,27.1,0.0,0.0,0.0,0.0,8.0,15.0,6.0,20.0,0.0,0.0,5.0,0.0,14.5,1,1,1,1,9932,12059,10158,9917,18861,13914,24781,13388,11929,8004,1,24686,18762,15799,1.0,27:05,2015,2016
2015-16,2405,Amar'e Stoudemire,Amar'e,1610612748,MIA,Miami Heat,21500751,2016-02-05T00:00:00,MIA @ CHA,W,15.9,2.0,0.0,2.0,4.0,3.0,3.0,11.0,18.0,2.0,2.0,1.0,2.0,19.0,1,1,1,1,19102,6026,10158,4675,8599,5109,7138,21342,13577,932,23588,4972,7786,12440,1.0,15:55,2015,2016
2015-16,203096,Jared Sullinger,Jared,1610612738,BOS,Boston Celtics,21500755,2016-02-05T00:00:00,BOS @ CLE,W,24.3,3.0,2.0,0.0,6.0,5.0,10.0,2.0,12.0,3.0,0.0,3.0,4.0,34.9,1,1,1,1,12292,4307,4731,9917,5299,8403,20509,4025,18637,347,1,17641,2748,3845,1.0,24:19,2015,2016
2015-16,203994,Jusuf Nurkić,Jusuf,1610612743,DEN,Denver Nuggets,21500757,2016-02-05T00:00:00,DEN vs. CHI,W,12.2,0.0,0.0,0.0,0.0,0.0,4.0,1.0,14.0,2.0,1.0,3.0,1.0,14.7,1,1,1,1,21436,12059,10158,9917,18861,1,8458,3646,17019,932,17214,17641,12373,15631,1.0,12:11,2015,2016
2015-16,201196,Ramon Sessions,Ramon,1610612764,WAS,Washington Wizards,21500753,2016-02-05T00:00:00,WAS vs. PHI,W,15.0,0.0,0.0,4.0,2.0,7.0,7.0,2.0,22.0,0.0,0.0,1.0,2.0,10.1,1,1,1,1,19791,12059,10158,1913,12984,12242,15642,4025,10265,8004,1,4972,7786,19105,1.0,14:57,2015,2016
2015-16,101161,Amir Johnson,Amir,1610612738,BOS,Boston Celtics,21500755,2016-02-05T00:00:00,BOS @ CLE,W,13.7,2.0,0.0,0.0,4.0,3.0,10.0,2.0,10.0,0.0,0.0,4.0,0.0,14.7,1,1,1,1,20587,6026,10158,9917,8599,5109,20509,4025,20209,8004,1,22104,18762,15631,1.0,13:42,2015,2016
2015-16,203914,Gary Harris,Gary,1610612743,DEN,Denver Nuggets,21500757,2016-02-05T00:00:00,DEN vs. CHI,W,34.9,0.0,0.0,2.0,4.0,6.0,10.0,10.0,40.0,0.0,0.0,0.0,0.0,14.7,1,1,1,1,3623,12059,10158,4675,8599,10028,20509,20169,983,8004,1,1,18762,15631,1.0,34:53,2015,2016
2015-16,2588,Matt Bonner,Matt,1610612759,SAS,San Antonio Spurs,21500759,2016-02-05T00:00:00,SAS @ DAL,W,3.7,0.0,0.0,0.0,0.0,0.0,0.0,2.0,2.0,0.0,0.0,1.0,1.0,9.7,1,1,1,1,24814,12059,10158,9917,18861,1,1,4025,24614,8004,1,4972,12373,19379,1.0,3:44,2015,2016
2015-16,200755,JJ Redick,JJ,1610612746,LAC,LA Clippers,21500752,2016-02-05T00:00:00,LAC @ ORL,W,27.2,3.0,0.0,5.0,2.0,14.0,2.0,4.0,20.0,0.0,0.0,2.0,2.0,25.6,1,1,1,1,9822,4307,10158,1277,12984,22292,3734,8806,11929,8004,1,11390,7786,8157,1.0,27:14,2015,2016
2015-16,204456,T.J. McConnell,T.J.,1610612755,PHI,Philadelphia 76ers,21500753,2016-02-05T00:00:00,PHI @ WAS,L,17.5,0.0,0.0,0.0,4.0,5.0,2.0,6.0,14.0,0.0,0.0,1.0,1.0,19.4,1,13074,13074,13074,17880,12059,10158,9917,8599,8403,3734,13388,17019,8004,1,4972,12373,12154,1.0,17:31,2015,2016
2015-16,2210,Richard Jefferson,Richard,1610612739,CLE,Cleveland Cavaliers,21500755,2016-02-05T00:00:00,CLE vs. BOS,L,19.3,0.0,0.0,0.0,6.0,7.0,3.0,4.0,18.0,0.0,1.0,4.0,2.0,15.0,1,13074,13074,13074,16493,12059,10158,9917,5299,12242,7138,8806,13577,8004,17214,22104,7786,15404,1.0,19:15,2015,2016
2015-16,200751,Randy Foye,Randy,1610612743,DEN,Denver Nuggets,21500757,2016-02-05T00:00:00,DEN vs. CHI,W,22.5,0.0,0.0,0.0,4.0,0.0,6.0,3.0,22.0,0.0,0.0,1.0,0.0,23.4,1,1,1,1,13737,12059,10158,9917,8599,1,13237,7328,10265,8004,1,4972,18762,9501,1.0,22:32,2015,2016
2015-16,203798,PJ Hairston,PJ,1610612766,CHA,Charlotte Hornets,21500751,2016-02-05T00:00:00,CHA vs. MIA,L,13.4,0.0,0.0,0.0,0.0,5.0,10.0,9.0,12.0,0.0,0.0,2.0,0.0,1.4,1,13074,13074,13074,20741,12059,10158,9917,18861,8403,20509,18829,18637,8004,1,11390,18762,24615,1.0,13:24,2015,2016
2015-16,1626168,Trey Lyles,Trey,1610612762,UTA,Utah Jazz,21500758,2016-02-05T00:00:00,UTA vs. MIL,W,12.0,0.0,0.0,0.0,0.0,2.0,2.0,0.0,10.0,0.0,1.0,1.0,0.0,5.8,1,1,1,1,21529,12059,10158,9917,18861,2619,3734,1,20209,8004,17214,4972,18762,22018,1.0,12:00,2015,2016
2015-16,203503,Tony Snell,Tony,1610612741,CHI,Chicago Bulls,21500757,2016-02-05T00:00:00,CHI @ DEN,L,18.7,0.0,0.0,2.0,2.0,6.0,2.0,6.0,8.0,1.0,1.0,4.0,1.0,6.2,1,13074,13074,13074,16928,12059,10158,4675,12984,10028,3734,13388,21543,2692,17214,22104,12373,21696,1.0,18:43,2015,2016
2015-16,2736,Luol Deng,Luol,1610612748,MIA,Miami Heat,21500751,2016-02-05T00:00:00,MIA @ CHA,W,28.1,3.0,0.0,2.0,6.0,5.0,3.0,17.0,28.0,0.0,1.0,0.0,4.0,11.2,1,1,1,1,9167,4307,10158,4675,5299,8403,7138,24967,5824,8004,17214,1,2748,18267,1.0,28:05,2015,2016
2015-16,203463,Ben McLemore,Ben,1610612758,SAC,Sacramento Kings,21500754,2016-02-05T00:00:00,SAC @ BKN,L,11.5,0.0,0.0,0.0,0.0,6.0,2.0,3.0,6.0,0.0,0.0,3.0,2.0,11.0,1,13074,13074,13074,21812,12059,10158,9917,18861,10028,3734,7328,22724,8004,1,17641,7786,18430,1.0,11:31,2015,2016
2015-16,203094,Andrew Nicholson,Andrew,1610612753,ORL,Orlando Magic,21500752,2016-02-05T00:00:00,ORL vs. LAC,L,2.2,0.0,0.0,0.0,0.0,0.0,0.0,0.0,2.0,0.0,0.0,0.0,0.0,1.2,1,13074,13074,13074,25440,12059,10158,9917,18861,1,1,1,24614,8004,1,1,18762,24661,1.0,2:14,2015,2016
2015-16,201585,Kosta Koufos,Kosta,1610612758,SAC,Sacramento Kings,21500754,2016-02-05T00:00:00,SAC @ BKN,L,12.1,0.0,2.0,0.0,4.0,3.0,0.0,0.0,10.0,0.0,1.0,1.0,1.0,10.6,1,13074,13074,13074,21460,12059,4731,9917,8599,5109,1,1,20209,8004,17214,4972,12373,18723,1.0,12:08,2015,2016
2015-16,2561,David West,David,1610612759,SAS,San Antonio Spurs,21500759,2016-02-05T00:00:00,SAS @ DAL,W,9.7,2.0,0.0,0.0,2.0,0.0,0.0,2.0,2.0,0.0,1.0,4.0,1.0,5.7,1,1,1,1,22553,6026,10158,9917,12984,1,1,4025,24614,8004,17214,22104,12373,22054,1.0,9:43,2015,2016
2015-16,2225,Tony Parker,Tony,1610612759,SAS,San Antonio Spurs,21500759,2016-02-05T00:00:00,SAS @ DAL,W,24.7,0.0,0.0,0.0,4.0,5.0,2.0,10.0,30.0,0.0,0.0,1.0,0.0,11.4,1,1,1,1,11898,12059,10158,9917,8599,8403,3734,20169,4541,8004,1,4972,18762,18134,1.0,24:44,2015,2016
2015-16,203138,Hollis Thompson,Hollis,1610612755,PHI,Philadelphia 76ers,21500753,2016-02-05T00:00:00,PHI @ WAS,L,29.4,0.0,0.0,0.0,4.0,6.0,0.0,14.0,30.0,0.0,0.0,0.0,2.0,10.9,1,13074,13074,13074,8071,12059,10158,9917,8599,10028,1,23710,4541,8004,1,1,7786,18498,1.0,29:23,2015,2016
2015-16,201584,Courtney Lee,Courtney,1610612763,MEM,Memphis Grizzlies,21500756,2016-02-05T00:00:00,MEM @ NYK,W,22.3,0.0,0.0,0.0,0.0,4.0,14.0,2.0,14.0,0.0,0.0,1.0,1.0,6.0,1,1,1,1,13883,12059,10158,9917,18861,6141,24300,4025,17019,8004,1,4972,12373,21878,1.0,22:21,2015,2016
2015-16,1626245,Cristiano Felicio,Cristiano,1610612741,CHI,Chicago Bulls,21500757,2016-02-05T00:00:00,CHI @ DEN,L,3.6,0.0,0.0,0.0,0.0,4.0,0.0,2.0,2.0,0.0,0.0,2.0,0.0,1.5,1,13074,13074,13074,24867,12059,10158,9917,18861,6141,1,4025,24614,8004,1,11390,18762,24473,1.0,3:36,2015,2016
2015-16,202379,Jeremy Evans,Jeremy,1610612742,DAL,Dallas Mavericks,21500759,2016-02-05T00:00:00,DAL vs. SAS,L,7.2,0.0,2.0,0.0,2.0,2.0,0.0,0.0,2.0,0.0,0.0,0.0,0.0,2.0,1,13074,13074,13074,23492,12059,4731,9917,12984,2619,1,1,24614,8004,1,1,18762,24216,1.0,7:12,2015,2016
2015-16,1626163,Frank Kaminsky,Frank,1610612766,CHA,Charlotte Hornets,21500751,2016-02-05T00:00:00,CHA vs. MIA,L,15.6,0.0,0.0,0.0,0.0,5.0,10.0,14.0,18.0,0.0,0.0,2.0,0.0,6.1,1,13074,13074,13074,19365,12059,10158,9917,18861,8403,20509,23710,13577,8004,1,11390,18762,21845,1.0,15:34,2015,2016
2015-16,203473,Dewayne Dedmon,Dewayne,1610612753,ORL,Orlando Magic,21500752,2016-02-05T00:00:00,ORL vs. LAC,L,1.8,0.0,0.0,0.0,0.0,0.0,0.0,0.0,2.0,0.0,0.0,0.0,1.0,2.0,1,13074,13074,13074,25589,12059,10158,9917,18861,1,1,1,24614,8004,1,1,12373,24216,1.0,1:48,2015,2016
2015-16,203501,Tim Hardaway Jr.,Tim,1610612737,ATL,Atlanta Hawks,21500750,2016-02-05T00:00:00,ATL vs. IND,W,12.6,0.0,0.0,0.0,0.0,6.0,2.0,3.0,10.0,0.0,0.0,0.0,0.0,5.7,1,1,1,1,21218,12059,10158,9917,18861,10028,3734,7328,20209,8004,1,1,18762,22054,1.0,12:35,2015,2016
2015-16,203080,Thomas Robinson,Thomas,1610612751,BKN,Brooklyn Nets,21500754,2016-02-05T00:00:00,BKN vs. SAC,W,6.4,0.0,0.0,0.0,0.0,6.0,2.0,6.0,8.0,1.0,0.0,2.0,1.0,6.4,1,1,1,1,23803,12059,10158,9917,18861,10028,3734,13388,21543,2692,1,11390,12373,21589,1.0,6:21,2015,2016
2015-16,200757,Thabo Sefolosha,Thabo,1610612737,ATL,Atlanta Hawks,21500750,2016-02-05T00:00:00,ATL vs. IND,W,23.4,0.0,0.0,0.0,0.0,10.0,8.0,9.0,22.0,0.0,2.0,0.0,1.0,6.0,1,1,1,1,13015,12059,10158,9917,18861,17370,17345,18829,10265,8004,23588,1,12373,21878,1.0,23:27,2015,2016
2015-16,1626143,Jahlil Okafor,Jahlil,1610612755,PHI,Philadelphia 76ers,21500753,2016-02-05T00:00:00,PHI @ WAS,L,21.1,0.0,3.0,0.0,6.0,4.0,3.0,4.0,36.0,0.0,0.0,5.0,3.0,12.8,1,13074,13074,13074,14974,12059,3104,9917,5299,6141,7138,8806,1943,8004,1,24686,4736,17129,1.0,21:06,2015,2016
2015-16,2446,Rasual Butler,Rasual,1610612759,SAS,San Antonio Spurs,21500759,2016-02-05T00:00:00,SAS @ DAL,W,14.9,0.0,0.0,0.0,0.0,4.0,5.0,10.0,16.0,0.0,0.0,2.0,0.0,8.2,1,1,1,1,19800,12059,10158,9917,18861,6141,11469,20169,15259,8004,1,11390,18762,20416,1.0,14:56,2015,2016
2015-16,202066,Garrett Temple,Garrett,1610612764,WAS,Washington Wizards,21500753,2016-02-05T00:00:00,WAS vs. PHI,W,29.5,3.0,0.0,4.0,2.0,0.0,9.0,2.0,26.0,0.0,0.0,3.0,4.0,8.5,1,1,1,1,7975,4307,10158,1913,12984,1,19144,4025,7214,8004,1,17641,2748,20215,1.0,29:30,2015,2016
2015-16,2216,Zach Randolph,Zach,1610612763,MEM,Memphis Grizzlies,21500756,2016-02-05T00:00:00,MEM @ NYK,W,29.0,2.0,0.0,0.0,4.0,4.0,18.0,4.0,20.0,0.0,0.0,3.0,1.0,18.3,1,1,1,1,8397,6026,10158,9917,8599,6141,25634,8806,11929,8004,1,17641,12373,12952,1.0,28:59,2015,2016
2015-16,1626246,Boban Marjanović,Boban,1610612759,SAS,San Antonio Spurs,21500759,2016-02-05T00:00:00,SAS @ DAL,W,16.9,0.0,4.0,0.0,4.0,4.0,5.0,12.0,14.0,1.0,0.0,2.0,2.0,17.9,1,1,1,1,18339,12059,1596,9917,8599,6141,11469,22259,17019,2692,1,11390,7786,13229,1.0,16:55,2015,2016
2015-16,202734,E'Twaun Moore,E'Twaun,1610612741,CHI,Chicago Bulls,21500757,2016-02-05T00:00:00,CHI @ DEN,L,31.1,0.0,0.0,3.0,2.0,8.0,8.0,7.0,24.0,1.0,0.0,4.0,0.0,12.6,1,13074,13074,13074,6656,12059,10158,3302,12984,13914,17345,15538,8723,2692,1,22104,18762,17277,1.0,31:04,2015,2016
2015-16,203613,Jonathon Simmons,Jonathon,1610612759,SAS,San Antonio Spurs,21500759,2016-02-05T00:00:00,SAS @ DAL,W,22.6,0.0,0.0,0.0,2.0,6.0,5.0,14.0,22.0,1.0,0.0,3.0,4.0,16.0,1,1,1,1,13689,12059,10158,9917,12984,10028,11469,23710,10265,2692,1,17641,2748,14590,1.0,22:36,2015,2016
2015-16,2757,Beno Udrih,Beno,1610612748,MIA,Miami Heat,21500751,2016-02-05T00:00:00,MIA @ CHA,W,15.5,0.0,0.0,0.0,0.0,3.0,0.0,7.0,10.0,0.0,1.0,0.0,0.0,8.4,1,1,1,1,19412,12059,10158,9917,18861,5109,1,15538,20209,8004,17214,1,18762,20273,1.0,15:29,2015,2016
2015-16,203935,Marcus Smart,Marcus,1610612738,BOS,Boston Celtics,21500755,2016-02-05T00:00:00,BOS @ CLE,W,21.2,0.0,0.0,0.0,4.0,8.0,9.0,6.0,24.0,0.0,0.0,2.0,4.0,18.7,1,1,1,1,14860,12059,10158,9917,8599,13914,19144,13388,8723,8004,1,11390,2748,12648,1.0,21:14,2015,2016
2015-16,203526,Raul Neto,Raul,1610612762,UTA,Utah Jazz,21500758,2016-02-05T00:00:00,UTA vs. MIL,W,33.1,2.0,0.0,0.0,4.0,8.0,11.0,4.0,26.0,0.0,1.0,2.0,3.0,18.6,1,1,1,1,5063,6026,10158,9917,8599,13914,21814,8806,7214,8004,17214,11390,4736,12715,1.0,33:04,2015,2016
2015-16,201160,Jason Smith,Jason,1610612753,ORL,Orlando Magic,21500752,2016-02-05T00:00:00,ORL vs. LAC,L,16.7,2.0,0.0,0.0,0.0,7.0,0.0,8.0,16.0,0.0,0.0,0.0,0.0,13.1,1,13074,13074,13074,18471,6026,10158,9917,18861,12242,1,17194,15259,8004,1,1,18762,16874,1.0,16:44,2015,2016
2015-16,202338,Kevin Seraphin,Kevin,1610612752,NYK,New York Knicks,21500756,2016-02-05T00:00:00,NYK vs. MEM,L,2.7,0.0,2.0,0.0,0.0,0.0,2.0,0.0,0.0,0.0,0.0,1.0,0.0,2.2,1,13074,13074,13074,25260,12059,4731,9917,18861,1,3734,1,25429,8004,1,4972,18762,24138,1.0,2:40,2015,2016
2015-16,200745,Andrea Bargnani,Andrea,1610612751,BKN,Brooklyn Nets,21500754,2016-02-05T00:00:00,BKN vs. SAC,W,10.1,0.0,2.0,0.0,2.0,6.0,2.0,8.0,12.0,1.0,1.0,0.0,0.0,8.2,1,1,1,1,22391,12059,4731,9917,12984,10028,3734,17194,18637,2692,17214,1,18762,20416,1.0,10:06,2015,2016
2015-16,203187,Chris Johnson,Chris,1610612762,UTA,Utah Jazz,21500758,2016-02-05T00:00:00,UTA vs. MIL,W,10.3,0.0,1.0,0.0,0.0,7.0,5.0,2.0,6.0,0.0,0.0,4.0,2.0,8.1,1,1,1,1,22317,12059,9709,9917,18861,12242,11469,4025,22724,8004,1,22104,7786,20521,1.0,10:19,2015,2016
2015-16,2550,Kirk Hinrich,Kirk,1610612741,CHI,Chicago Bulls,21500757,2016-02-05T00:00:00,CHI @ DEN,L,16.3,0.0,0.0,0.0,0.0,8.0,3.0,4.0,18.0,0.0,1.0,2.0,0.0,2.8,1,13074,13074,13074,18798,12059,10158,9917,18861,13914,7138,8806,13577,8004,17214,11390,18762,23879,1.0,16:20,2015,2016
2015-16,2590,Mo Williams,Mo,1610612739,CLE,Cleveland Cavaliers,21500755,2016-02-05T00:00:00,CLE vs. BOS,L,5.8,2.0,0.0,2.0,2.0,4.0,0.0,4.0,4.0,0.0,0.0,1.0,0.0,3.0,1,13074,13074,13074,24053,6026,10158,4675,12984,6141,1,8806,23698,8004,1,4972,18762,23648,1.0,5:49,2015,2016
2015-16,201577,Robin Lopez,Robin,1610612752,NYK,New York Knicks,21500756,2016-02-05T00:00:00,NYK vs. MEM,L,30.3,0.0,6.0,0.0,6.0,6.0,0.0,9.0,26.0,0.0,1.0,3.0,2.0,18.0,1,13074,13074,13074,7232,12059,481,9917,5299,10028,1,18829,7214,8004,17214,17641,7786,13164,1.0,30:21,2015,2016
2015-16,203112,Quincy Acy,Quincy,1610612758,SAC,Sacramento Kings,21500754,2016-02-05T00:00:00,SAC @ BKN,L,6.1,0.0,0.0,0.0,0.0,6.0,2.0,3.0,8.0,1.0,0.0,0.0,0.0,3.0,1,13074,13074,13074,23911,12059,10158,9917,18861,10028,3734,7328,21543,2692,1,1,18762,23648,1.0,6:08,2015,2016
2015-16,203490,Otto Porter Jr.,Otto,1610612764,WAS,Washington Wizards,21500753,2016-02-05T00:00:00,WAS vs. PHI,W,25.3,0.0,0.0,0.0,2.0,10.0,10.0,2.0,18.0,1.0,1.0,1.0,0.0,16.3,1,1,1,1,11430,12059,10158,9917,12984,17370,20509,4025,13577,2692,17214,4972,18762,14372,1.0,25:19,2015,2016
2015-16,202391,Jeremy Lin,Jeremy,1610612766,CHA,Charlotte Hornets,21500751,2016-02-05T00:00:00,CHA vs. MIA,L,16.1,0.0,0.0,4.0,2.0,12.0,8.0,16.0,28.0,1.0,3.0,2.0,2.0,15.9,1,13074,13074,13074,18993,12059,10158,1913,12984,20178,17345,24641,5824,2692,25441,11390,7786,14675,1.0,16:04,2015,2016
2015-16,203124,Kyle O'Quinn,Kyle,1610612752,NYK,New York Knicks,21500756,2016-02-05T00:00:00,NYK vs. MEM,L,9.8,0.0,4.0,0.0,2.0,2.0,0.0,0.0,8.0,0.0,1.0,2.0,0.0,7.6,1,13074,13074,13074,22527,12059,1596,9917,12984,2619,1,1,21543,8004,17214,11390,18762,20803,1.0,9:48,2015,2016
2015-16,203524,Solomon Hill,Solomon,1610612754,IND,Indiana Pacers,21500750,2016-02-05T00:00:00,IND @ ATL,L,14.8,2.0,2.0,0.0,2.0,4.0,0.0,4.0,14.0,0.0,1.0,2.0,1.0,8.4,1,13074,13074,13074,19912,6026,4731,9917,12984,6141,1,8806,17019,8004,17214,11390,12373,20273,1.0,14:47,2015,2016
2015-16,201988,Patty Mills,Patty,1610612759,SAS,San Antonio Spurs,21500759,2016-02-05T00:00:00,SAS @ DAL,W,15.4,3.0,0.0,4.0,2.0,4.0,0.0,8.0,10.0,0.0,0.0,2.0,3.0,20.8,1,1,1,1,19474,4307,10158,1913,12984,6141,1,17194,20209,8004,1,11390,4736,11195,1.0,15:24,2015,2016
2015-16,202362,Lance Stephenson,Lance,1610612746,LAC,LA Clippers,21500752,2016-02-05T00:00:00,LAC @ ORL,W,19.4,2.0,0.0,0.0,8.0,14.0,7.0,2.0,10.0,0.0,0.0,3.0,1.0,20.7,1,1,1,1,16387,6026,10158,9917,3109,22292,15642,4025,20209,8004,1,17641,12373,11252,1.0,19:24,2015,2016
2015-16,203504,Trey Burke,Trey,1610612762,UTA,Utah Jazz,21500758,2016-02-05T00:00:00,UTA vs. MIL,W,3.0,0.0,0.0,0.0,0.0,5.0,3.0,2.0,2.0,0.0,0.0,0.0,0.0,2.7,1,1,1,1,25119,12059,10158,9917,18861,8403,7138,4025,24614,8004,1,1,18762,23884,1.0,3:01,2015,2016
2015-16,203101,Miles Plumlee,Miles,1610612749,MIL,Milwaukee Bucks,21500758,2016-02-05T00:00:00,MIL @ UTA,L,14.1,2.0,2.0,0.0,6.0,5.0,1.0,2.0,8.0,3.0,0.0,1.0,0.0,21.6,1,13074,13074,13074,20346,6026,4731,9917,5299,8403,3393,4025,21543,347,1,4972,18762,10666,1.0,14:06,2015,2016
2015-16,202330,Gordon Hayward,Gordon,1610612762,UTA,Utah Jazz,21500758,2016-02-05T00:00:00,UTA vs. MIL,W,38.3,6.0,2.0,4.0,6.0,11.0,16.0,6.0,34.0,0.0,0.0,3.0,2.0,21.0,1,1,1,1,1390,878,4731,1913,5299,18886,25155,13388,2701,8004,1,17641,7786,11077,1.0,38:16,2015,2016
2015-16,203937,Kyle Anderson,Kyle,1610612759,SAS,San Antonio Spurs,21500759,2016-02-05T00:00:00,SAS @ DAL,W,22.8,0.0,0.0,0.0,0.0,5.0,7.0,10.0,28.0,0.0,1.0,2.0,3.0,16.6,1,1,1,1,13553,12059,10158,9917,18861,8403,15642,20169,5824,8004,17214,11390,4736,14125,1.0,22:46,2015,2016
2015-16,201956,Omri Casspi,Omri,1610612758,SAC,Sacramento Kings,21500754,2016-02-05T00:00:00,SAC @ BKN,L,27.7,2.0,0.0,2.0,4.0,6.0,14.0,6.0,30.0,0.0,0.0,0.0,1.0,20.8,1,13074,13074,13074,9469,6026,10158,4675,8599,10028,24300,13388,4541,8004,1,1,12373,11195,1.0,27:41,2015,2016
2015-16,203926,Doug McDermott,Doug,1610612741,CHI,Chicago Bulls,21500757,2016-02-05T00:00:00,CHI @ DEN,L,25.4,0.0,2.0,0.0,6.0,10.0,7.0,8.0,28.0,0.0,2.0,3.0,2.0,16.4,1,13074,13074,13074,11371,12059,4731,9917,5299,17370,15642,17194,5824,8004,23588,17641,7786,14289,1.0,25:24,2015,2016
2015-16,202699,Tobias Harris,Tobias,1610612753,ORL,Orlando Magic,21500752,2016-02-05T00:00:00,ORL vs. LAC,L,28.0,4.0,2.0,0.0,8.0,2.0,0.0,4.0,10.0,0.0,1.0,1.0,3.0,21.6,1,13074,13074,13074,9212,2460,4731,9917,3109,2619,1,8806,20209,8004,17214,4972,4736,10666,1.0,28:01,2015,2016
2015-16,201971,DeJuan Blair,DeJuan,1610612764,WAS,Washington Wizards,21500753,2016-02-05T00:00:00,WAS vs. PHI,W,5.7,0.0,0.0,0.0,0.0,0.0,3.0,0.0,10.0,0.0,0.0,1.0,1.0,3.6,1,1,1,1,24118,12059,10158,9917,18861,1,7138,1,20209,8004,1,4972,12373,23310,1.0,5:39,2015,2016
2015-16,203922,Glenn Robinson III,Glenn,1610612754,IND,Indiana Pacers,21500750,2016-02-05T00:00:00,IND @ ATL,L,10.4,2.0,0.0,0.0,0.0,2.0,0.0,5.0,12.0,0.0,0.0,0.0,0.0,4.4,1,13074,13074,13074,22285,6026,10158,9917,18861,2619,1,11593,18637,8004,1,1,18762,22837,1.0,10:23,2015,2016
2015-16,203499,Shane Larkin,Shane,1610612751,BKN,Brooklyn Nets,21500754,2016-02-05T00:00:00,BKN vs. SAC,W,17.4,0.0,0.0,3.0,0.0,8.0,2.0,12.0,22.0,0.0,0.0,4.0,2.0,7.2,1,1,1,1,17954,12059,10158,3302,18861,13914,3734,22259,10265,8004,1,22104,7786,21035,1.0,17:25,2015,2016
2015-16,203475,Erick Green,Erick,1610612762,UTA,Utah Jazz,21500758,2016-02-05T00:00:00,UTA vs. MIL,W,2.6,0.0,0.0,0.0,0.0,0.0,0.0,0.0,2.0,0.0,0.0,0.0,0.0,0.0,1,1,1,1,25304,12059,10158,9917,18861,1,1,1,24614,8004,1,1,18762,25170,1.0,2:33,2015,2016
2015-16,1626202,Joe Young,Joe,1610612754,IND,Indiana Pacers,21500750,2016-02-05T00:00:00,IND @ ATL,L,7.7,0.0,0.0,0.0,0.0,2.0,0.0,2.0,12.0,0.0,0.0,0.0,1.0,4.2,1,13074,13074,13074,23307,12059,10158,9917,18861,2619,1,4025,18637,8004,1,1,12373,22976,1.0,7:43,2015,2016
2015-16,202682,Derrick Williams,Derrick,1610612752,NYK,New York Knicks,21500756,2016-02-05T00:00:00,NYK vs. MEM,L,15.8,0.0,0.0,0.0,2.0,4.0,5.0,6.0,20.0,0.0,2.0,1.0,0.0,4.4,1,13074,13074,13074,19160,12059,10158,9917,12984,6141,11469,13388,11929,8004,23588,4972,18762,22837,1.0,15:50,2015,2016
2015-16,203894,Shabazz Napier,Shabazz,1610612753,ORL,Orlando Magic,21500752,2016-02-05T00:00:00,ORL vs. LAC,L,10.3,0.0,0.0,0.0,0.0,3.0,0.0,6.0,8.0,0.0,1.0,1.0,0.0,7.0,1,13074,13074,13074,22322,12059,10158,9917,18861,5109,1,13388,21543,8004,17214,4972,18762,21188,1.0,10:17,2015,2016
2015-16,101123,Gerald Green,Gerald,1610612748,MIA,Miami Heat,21500751,2016-02-05T00:00:00,MIA @ CHA,W,23.6,2.0,0.0,5.0,6.0,5.0,3.0,6.0,6.0,0.0,0.0,3.0,3.0,9.6,1,1,1,1,12870,6026,10158,1277,5299,8403,7138,13388,22724,8004,1,17641,4736,19434,1.0,23:38,2015,2016
2015-16,204067,Jarell Eddie,Jarell,1610612764,WAS,Washington Wizards,21500753,2016-02-05T00:00:00,WAS vs. PHI,W,1.1,0.0,0.0,0.0,0.0,0.0,0.0,0.0,2.0,0.0,0.0,0.0,0.0,0.0,1,1,1,1,25841,12059,10158,9917,18861,1,1,1,24614,8004,1,1,18762,25170,1.0,1:07,2015,2016
2015-16,202344,Trevor Booker,Trevor,1610612762,UTA,Utah Jazz,21500758,2016-02-05T00:00:00,UTA vs. MIL,W,13.3,0.0,0.0,0.0,0.0,7.0,7.0,2.0,12.0,0.0,1.0,0.0,0.0,8.9,1,1,1,1,20838,12059,10158,9917,18861,12242,15642,4025,18637,8004,17214,1,18762,19914,1.0,13:15,2015,2016
2015-16,201965,Jeff Ayres,Jeff,1610612746,LAC,LA Clippers,21500752,2016-02-05T00:00:00,LAC @ ORL,W,2.2,0.0,0.0,0.0,0.0,4.0,2.0,2.0,4.0,0.0,0.0,1.0,0.0,-1.0,1,1,1,1,25462,12059,10158,9917,18861,6141,3734,4025,23698,8004,1,4972,18762,25932,1.0,2:10,2015,2016
2015-16,202332,Cole Aldrich,Cole,1610612746,LAC,LA Clippers,21500752,2016-02-05T00:00:00,LAC @ ORL,W,8.3,0.0,0.0,0.0,2.0,9.0,2.0,0.0,2.0,0.0,0.0,5.0,0.0,5.4,1,1,1,1,23074,12059,10158,9917,12984,15771,3734,1,24614,8004,1,24686,18762,22242,1.0,8:20,2015,2016
2015-16,203912,C.J. Wilcox,C.J.,1610612746,LAC,LA Clippers,21500752,2016-02-05T00:00:00,LAC @ ORL,W,1.8,0.0,0.0,0.0,0.0,0.0,0.0,0.0,2.0,0.0,0.0,0.0,0.0,0.0,1,1,1,1,25589,12059,10158,9917,18861,1,1,1,24614,8004,1,1,18762,25170,1.0,1:48,2015,2016
2015-16,203482,Kelly Olynyk,Kelly,1610612738,BOS,Boston Celtics,21500755,2016-02-05T00:00:00,BOS @ CLE,W,12.0,2.0,0.0,2.0,0.0,5.0,8.0,4.0,14.0,0.0,0.0,1.0,1.0,4.0,1,1,1,1,21606,6026,10158,4675,18861,8403,17345,8806,17019,8004,1,4972,12373,23142,1.0,11:58,2015,2016
2015-16,203953,Jabari Parker,Jabari,1610612749,MIL,Milwaukee Bucks,21500758,2016-02-05T00:00:00,MIL @ UTA,L,33.0,0.0,2.0,0.0,2.0,18.0,11.0,4.0,26.0,1.0,1.0,4.0,0.0,8.8,1,13074,13074,13074,5137,12059,4731,9917,12984,24749,21814,8806,7214,2692,17214,22104,18762,19994,1.0,32:59,2015,2016
2015-16,101111,Charlie Villanueva,Charlie,1610612742,DAL,Dallas Mavericks,21500759,2016-02-05T00:00:00,DAL vs. SAS,L,22.7,2.0,2.0,2.0,8.0,8.0,4.0,2.0,10.0,0.0,0.0,2.0,1.0,21.7,1,13074,13074,13074,13645,6026,4731,4675,3109,13914,8458,4025,20209,8004,1,11390,12373,10592,1.0,22:39,2015,2016
2015-16,203898,Tyler Ennis,Tyler,1610612749,MIL,Milwaukee Bucks,21500758,2016-02-05T00:00:00,MIL @ UTA,L,7.7,0.0,0.0,0.0,0.0,2.0,1.0,2.0,8.0,0.0,0.0,0.0,2.0,8.7,1,13074,13074,13074,23315,12059,10158,9917,18861,2619,3393,4025,21543,8004,1,1,7786,20045,1.0,7:42,2015,2016
2015-16,203900,Markel Brown,Markel,1610612751,BKN,Brooklyn Nets,21500754,2016-02-05T00:00:00,BKN vs. SAC,W,5.5,3.0,0.0,3.0,2.0,4.0,2.0,4.0,6.0,0.0,0.0,3.0,1.0,3.5,1,1,1,1,24164,4307,10158,3302,12984,6141,3734,8806,22724,8004,1,17641,12373,23351,1.0,5:30,2015,2016
2015-16,203143,Pablo Prigioni,Pablo,1610612746,LAC,LA Clippers,21500752,2016-02-05T00:00:00,LAC @ ORL,W,10.6,0.0,0.0,0.0,2.0,13.0,7.0,2.0,8.0,0.0,0.0,1.0,0.0,6.6,1,1,1,1,22201,12059,10158,9917,12984,21300,15642,4025,21543,8004,1,4972,18762,21445,1.0,10:34,2015,2016
2015-16,203901,Elfrid Payton,Elfrid,1610612753,ORL,Orlando Magic,21500752,2016-02-05T00:00:00,ORL vs. LAC,L,29.5,2.0,0.0,1.0,2.0,17.0,2.0,8.0,20.0,0.0,0.0,4.0,2.0,7.2,1,13074,13074,13074,7961,6026,10158,9347,12984,24337,3734,17194,11929,8004,1,22104,7786,21035,1.0,29:31,2015,2016
2015-16,1626173,Rashad Vaughn,Rashad,1610612749,MIL,Milwaukee Bucks,21500758,2016-02-05T00:00:00,MIL @ UTA,L,10.5,0.0,0.0,0.0,0.0,7.0,1.0,0.0,6.0,0.0,1.0,1.0,0.0,0.0,1,13074,13074,13074,22250,12059,10158,9917,18861,12242,3393,1,22724,8004,17214,4972,18762,25170,1.0,10:27,2015,2016
2015-16,201980,Danny Green,Danny,1610612759,SAS,San Antonio Spurs,21500759,2016-02-05T00:00:00,SAS @ DAL,W,27.0,0.0,3.0,0.0,0.0,7.0,2.0,10.0,26.0,0.0,0.0,1.0,0.0,13.3,1,1,1,1,9996,12059,3104,9917,18861,12242,3734,20169,7214,8004,1,4972,18762,16712,1.0,27:01,2015,2016
2015-16,203951,Keith Appling,Keith,1610612753,ORL,Orlando Magic,21500752,2016-02-05T00:00:00,ORL vs. LAC,L,2.2,0.0,0.0,0.0,0.0,0.0,0.0,0.0,2.0,0.0,0.0,1.0,0.0,0.0,1,13074,13074,13074,25440,12059,10158,9917,18861,1,1,1,24614,8004,1,4972,18762,25170,1.0,2:14,2015,2016
2015-16,201601,Luc Mbah a Moute,Luc,1610612746,LAC,LA Clippers,21500752,2016-02-05T00:00:00,LAC @ ORL,W,15.6,0.0,0.0,0.0,0.0,9.0,4.0,1.0,12.0,0.0,0.0,0.0,0.0,3.8,1,1,1,1,19334,12059,10158,9917,18861,15771,8458,3646,18637,8004,1,1,18762,23270,1.0,15:37,2015,2016
2015-16,203948,Johnny O'Bryant III,Johnny,1610612749,MIL,Milwaukee Bucks,21500758,2016-02-05T00:00:00,MIL @ UTA,L,14.7,0.0,0.0,0.0,2.0,2.0,3.0,2.0,12.0,0.0,2.0,0.0,1.0,4.6,1,13074,13074,13074,19947,12059,10158,9917,12984,2619,7138,4025,18637,8004,23588,1,12373,22734,1.0,14:43,2015,2016
2015-16,203488,Mike Muscala,Mike,1610612737,ATL,Atlanta Hawks,21500750,2016-02-05T00:00:00,ATL vs. IND,W,12.7,0.0,0.0,0.0,4.0,6.0,2.0,5.0,12.0,0.0,0.0,1.0,0.0,5.2,1,1,1,1,21173,12059,10158,9917,8599,10028,3734,11593,18637,8004,1,4972,18762,22370,1.0,12:40,2015,2016
2015-16,203530,Joffrey Lauvergne,Joffrey,1610612743,DEN,Denver Nuggets,21500757,2016-02-05T00:00:00,DEN vs. CHI,W,13.9,0.0,0.0,0.0,2.0,0.0,4.0,1.0,16.0,0.0,0.0,4.0,1.0,6.6,1,1,1,1,20480,12059,10158,9917,12984,1,8458,3646,15259,8004,1,22104,12373,21445,1.0,13:53,2015,2016
2015-16,1626257,Salah Mejri,Salah,1610612742,DAL,Dallas Mavericks,21500759,2016-02-05T00:00:00,DAL vs. SAS,L,13.9,0.0,1.0,0.0,2.0,2.0,2.0,2.0,8.0,0.0,0.0,2.0,2.0,9.6,1,13074,13074,13074,20499,12059,9709,9917,12984,2619,3734,4025,21543,8004,1,11390,7786,19434,1.0,13:51,2015,2016
2015-16,201581,JJ Hickson,JJ,1610612743,DEN,Denver Nuggets,21500757,2016-02-05T00:00:00,DEN vs. CHI,W,1.1,0.0,0.0,0.0,0.0,0.0,2.0,0.0,0.0,0.0,0.0,0.0,0.0,0.0,1,1,1,1,25849,12059,10158,9917,18861,1,3734,1,25429,8004,1,1,18762,25170,1.0,1:06,2015,2016
2015-16,200752,Rudy Gay,Rudy,1610612758,SAC,Sacramento Kings,21500754,2016-02-05T00:00:00,SAC @ BKN,L,3.9,0.0,0.0,0.0,2.0,3.0,4.0,5.0,6.0,0.0,0.0,2.0,0.0,3.7,1,13074,13074,13074,24752,12059,10158,9917,12984,5109,8458,11593,22724,8004,1,11390,18762,23278,1.0,3:54,2015,2016
2015-16,1626162,Kelly Oubre Jr.,Kelly,1610612764,WAS,Washington Wizards,21500753,2016-02-05T00:00:00,WAS vs. PHI,W,1.1,0.0,0.0,0.0,0.0,0.0,0.0,0.0,2.0,0.0,0.0,0.0,0.0,0.0,1,1,1,1,25841,12059,10158,9917,18861,1,1,1,24614,8004,1,1,18762,25170,1.0,1:07,2015,2016
2015-16,200826,J.J. Barea,J.J.,1610612742,DAL,Dallas Mavericks,21500759,2016-02-05T00:00:00,DAL vs. SAS,L,17.2,2.0,0.0,2.0,0.0,3.0,4.0,4.0,8.0,0.0,0.0,4.0,2.0,6.5,1,13074,13074,13074,18096,6026,10158,4675,18861,5109,8458,8806,21543,8004,1,22104,7786,21519,1.0,17:14,2015,2016
2015-16,201588,George Hill,George,1610612754,IND,Indiana Pacers,21500750,2016-02-05T00:00:00,IND @ ATL,L,35.2,2.0,0.0,4.0,4.0,13.0,0.0,10.0,24.0,0.0,0.0,3.0,4.0,21.6,1,13074,13074,13074,3413,6026,10158,1913,8599,21300,1,20169,8723,8004,1,17641,2748,10666,1.0,35:10,2015,2016
2015-16,201171,Carl Landry,Carl,1610612755,PHI,Philadelphia 76ers,21500753,2016-02-05T00:00:00,PHI @ WAS,L,1.5,0.0,0.0,0.0,2.0,0.0,0.0,2.0,0.0,0.0,0.0,0.0,0.0,3.2,1,13074,13074,13074,25687,12059,10158,9917,12984,1,1,4025,25429,8004,1,1,18762,23473,1.0,1:32,2015,2016
2015-16,2400,Drew Gooden,Drew,1610612764,WAS,Washington Wizards,21500753,2016-02-05T00:00:00,WAS vs. PHI,W,13.2,0.0,0.0,0.0,4.0,0.0,2.0,2.0,10.0,0.0,1.0,2.0,0.0,5.2,1,1,1,1,20859,12059,10158,9917,8599,1,3734,4025,20209,8004,17214,11390,18762,22370,1.0,13:14,2015,2016
2015-16,203496,Robert Covington,Robert,1610612755,PHI,Philadelphia 76ers,21500753,2016-02-05T00:00:00,PHI @ WAS,L,18.6,0.0,0.0,0.0,0.0,7.0,5.0,9.0,30.0,1.0,0.0,1.0,0.0,6.8,1,13074,13074,13074,17055,12059,10158,9917,18861,12242,11469,18829,4541,2692,1,4972,18762,21328,1.0,18:33,2015,2016
2015-16,203124,Kyle O'Quinn,Kyle,1610612752,NYK,New York Knicks,21500746,2016-02-04T00:00:00,NYK @ DET,L,2.1,0.0,0.0,0.0,0.0,0.0,0.0,5.0,2.0,0.0,0.0,0.0,0.0,0.0,1,13074,13074,13074,25482,12059,10158,9917,18861,1,1,11593,24614,8004,1,1,18762,25170,1.0,2:06,2015,2016
2015-16,201229,Anthony Tolliver,Anthony,1610612765,DET,Detroit Pistons,21500746,2016-02-04T00:00:00,DET vs. NYK,W,15.0,0.0,3.0,0.0,0.0,2.0,8.0,2.0,16.0,0.0,0.0,5.0,0.0,9.0,1,1,1,1,19779,12059,3104,9917,18861,2619,17345,4025,15259,8004,1,24686,18762,19835,1.0,14:58,2015,2016
2015-16,1626170,Jerian Grant,Jerian,1610612752,NYK,New York Knicks,21500746,2016-02-04T00:00:00,NYK @ DET,L,0.1,0.0,0.0,0.0,0.0,0.0,0.0,2.0,2.0,0.0,0.0,0.0,0.0,0.0,1,13074,13074,13074,26041,12059,10158,9917,18861,1,1,4025,24614,8004,1,1,18762,25170,1.0,0:06,2015,2016
2015-16,2756,Sasha Vujacic,Sasha,1610612752,NYK,New York Knicks,21500746,2016-02-04T00:00:00,NYK @ DET,L,10.6,0.0,2.0,0.0,2.0,0.0,0.0,7.0,6.0,0.0,0.0,5.0,0.0,8.9,1,13074,13074,13074,22206,12059,4731,9917,12984,1,1,15538,22724,8004,1,24686,18762,19914,1.0,10:34,2015,2016
2015-16,201977,Marcus Thornton,Marcus,1610612745,HOU,Houston Rockets,21500749,2016-02-04T00:00:00,HOU @ PHX,W,8.2,0.0,2.0,0.0,2.0,4.0,2.0,2.0,4.0,0.0,0.0,0.0,1.0,5.2,1,1,1,1,23129,12059,4731,9917,12984,6141,3734,4025,23698,8004,1,1,12373,22370,1.0,8:09,2015,2016
2015-16,202682,Derrick Williams,Derrick,1610612752,NYK,New York Knicks,21500746,2016-02-04T00:00:00,NYK @ DET,L,5.7,0.0,0.0,1.0,0.0,0.0,0.0,4.0,4.0,0.0,0.0,0.0,1.0,4.2,1,13074,13074,13074,24117,12059,10158,9347,18861,1,1,8806,23698,8004,1,1,12373,22976,1.0,5:39,2015,2016
2015-16,101181,Jose Calderon,Jose,1610612752,NYK,New York Knicks,21500746,2016-02-04T00:00:00,NYK @ DET,L,12.6,0.0,0.0,0.0,0.0,0.0,0.0,8.0,10.0,0.0,0.0,1.0,0.0,6.5,1,13074,13074,13074,21187,12059,10158,9917,18861,1,1,17194,20209,8004,1,4972,18762,21519,1.0,12:39,2015,2016
2015-16,201600,Omer Asik,Omer,1610612740,NOP,New Orleans Pelicans,21500747,2016-02-04T00:00:00,NOP vs. LAL,L,15.2,0.0,0.0,0.0,0.0,2.0,2.0,7.0,12.0,0.0,0.0,2.0,1.0,9.6,1,13074,13074,13074,19627,12059,10158,9917,18861,2619,3734,15538,18637,8004,1,11390,12373,19434,1.0,15:11,2015,2016
2015-16,201962,Toney Douglas,Toney,1610612740,NOP,New Orleans Pelicans,21500747,2016-02-04T00:00:00,NOP vs. LAL,L,5.7,0.0,0.0,0.0,0.0,0.0,0.0,4.0,6.0,0.0,0.0,1.0,0.0,4.5,1,13074,13074,13074,24080,12059,10158,9917,18861,1,1,8806,22724,8004,1,4972,18762,22773,1.0,5:45,2015,2016
2015-16,202709,Cory Joseph,Cory,1610612761,TOR,Toronto Raptors,21500748,2016-02-04T00:00:00,TOR @ POR,W,25.6,2.0,0.0,2.0,8.0,6.0,10.0,2.0,14.0,0.0,0.0,1.0,1.0,20.1,1,1,1,1,11194,6026,10158,4675,3109,10028,20509,4025,17019,8004,1,4972,12373,11685,1.0,25:37,2015,2016
2015-16,203991,Clint Capela,Clint,1610612745,HOU,Houston Rockets,21500749,2016-02-04T00:00:00,HOU @ PHX,W,15.3,0.0,2.0,4.0,10.0,6.0,5.0,2.0,8.0,2.0,0.0,4.0,1.0,19.8,1,1,1,1,19547,12059,4731,1913,1840,10028,11469,4025,21543,932,1,22104,12373,11883,1.0,15:19,2015,2016
2015-16,203141,Mirza Teletovic,Mirza,1610612756,PHX,Phoenix Suns,21500749,2016-02-04T00:00:00,PHX vs. HOU,L,19.2,0.0,2.0,0.0,4.0,17.0,5.0,2.0,12.0,0.0,0.0,4.0,1.0,19.8,1,13074,13074,13074,16501,12059,4731,9917,8599,24337,11469,4025,18637,8004,1,22104,12373,11883,1.0,19:14,2015,2016
2015-16,202694,Marcus Morris Sr.,Marcus,1610612765,DET,Detroit Pistons,21500746,2016-02-04T00:00:00,DET vs. NYK,W,39.1,0.0,0.0,3.0,2.0,8.0,14.0,5.0,38.0,0.0,0.0,2.0,5.0,26.8,1,1,1,1,1033,12059,10158,3302,12984,13914,24300,11593,1422,8004,1,11390,1539,7486,1.0,39:06,2015,2016
2015-16,202498,Lance Thomas,Lance,1610612752,NYK,New York Knicks,21500746,2016-02-04T00:00:00,NYK @ DET,L,30.6,0.0,0.0,0.0,2.0,6.0,7.0,5.0,26.0,0.0,0.0,4.0,3.0,11.7,1,13074,13074,13074,7002,12059,10158,9917,12984,10028,15642,11593,7214,8004,1,22104,4736,17903,1.0,30:38,2015,2016
2015-16,203459,Allen Crabbe,Allen,1610612757,POR,Portland Trail Blazers,21500748,2016-02-04T00:00:00,POR vs. TOR,L,33.6,2.0,4.0,2.0,4.0,15.0,6.0,9.0,32.0,0.0,0.0,4.0,3.0,26.1,1,13074,13074,13074,4682,6026,1596,4675,8599,23079,13237,18829,3535,8004,1,22104,4736,7836,1.0,33:35,2015,2016
2015-16,203090,Maurice Harkless,Maurice,1610612757,POR,Portland Trail Blazers,21500748,2016-02-04T00:00:00,POR vs. TOR,L,16.2,2.0,0.0,2.0,2.0,6.0,5.0,4.0,14.0,2.0,0.0,2.0,0.0,11.7,1,13074,13074,13074,18929,6026,10158,4675,12984,10028,11469,8806,17019,932,1,11390,18762,17903,1.0,16:10,2015,2016
2015-16,201943,Brandon Jennings,Brandon,1610612765,DET,Detroit Pistons,21500746,2016-02-04T00:00:00,DET vs. NYK,W,16.3,0.0,0.0,4.0,2.0,0.0,0.0,2.0,10.0,0.0,0.0,0.0,2.0,15.6,1,1,1,1,18781,12059,10158,1913,12984,1,1,4025,20209,8004,1,1,7786,14916,1.0,16:21,2015,2016
2015-16,201942,DeMar DeRozan,DeMar,1610612761,TOR,Toronto Raptors,21500748,2016-02-04T00:00:00,TOR @ POR,W,35.3,2.0,1.0,4.0,18.0,14.0,16.0,12.0,30.0,0.0,1.0,0.0,7.0,43.0,1,1,1,1,3298,6026,9709,1913,131,22292,25155,22259,4541,8004,17214,1,469,1733,1.0,35:19,2015,2016
2015-16,2746,Josh Smith,Josh,1610612745,HOU,Houston Rockets,21500749,2016-02-04T00:00:00,HOU @ PHX,W,21.3,1.0,3.0,1.0,0.0,6.0,5.0,7.0,10.0,1.0,0.0,2.0,2.0,20.1,1,1,1,1,14763,11535,3104,9347,18861,10028,11469,15538,20209,2692,1,11390,7786,11685,1.0,21:19,2015,2016
2015-16,201945,Gerald Henderson,Gerald,1610612757,POR,Portland Trail Blazers,21500748,2016-02-04T00:00:00,POR vs. TOR,L,23.7,3.0,0.0,3.0,6.0,8.0,2.0,3.0,22.0,1.0,0.0,3.0,2.0,26.5,1,13074,13074,13074,12788,4307,10158,3302,5299,13914,3734,7328,10265,2692,1,17641,7786,7627,1.0,23:44,2015,2016
2015-16,201147,Corey Brewer,Corey,1610612745,HOU,Houston Rockets,21500749,2016-02-04T00:00:00,HOU @ PHX,W,24.5,7.0,3.0,8.0,12.0,6.0,8.0,7.0,16.0,0.0,0.0,3.0,5.0,35.5,1,1,1,1,12083,548,3104,280,988,10028,17345,15538,15259,8004,1,17641,1539,3657,1.0,24:32,2015,2016
2015-16,1626169,Stanley Johnson,Stanley,1610612765,DET,Detroit Pistons,21500746,2016-02-04T00:00:00,DET vs. NYK,W,44.0,2.0,0.0,3.0,10.0,8.0,14.0,4.0,46.0,1.0,0.0,3.0,5.0,47.3,1,1,1,1,128,6026,10158,3302,1840,13914,24300,8806,298,2692,1,17641,1539,1036,1.0,44:01,2015,2016
2015-16,202335,Patrick Patterson,Patrick,1610612761,TOR,Toronto Raptors,21500748,2016-02-04T00:00:00,TOR @ POR,W,27.9,0.0,0.0,3.0,0.0,6.0,10.0,2.0,16.0,0.0,0.0,1.0,0.0,24.3,1,1,1,1,9335,12059,10158,3302,18861,10028,20509,4025,15259,8004,1,4972,18762,8939,1.0,27:52,2015,2016
2015-16,203076,Anthony Davis,Anthony,1610612740,NOP,New Orleans Pelicans,21500747,2016-02-04T00:00:00,NOP vs. LAL,L,38.5,4.0,7.0,4.0,24.0,6.0,9.0,12.0,32.0,1.0,0.0,3.0,9.0,57.2,1,13074,13074,13074,1252,2460,292,1913,14,10028,19144,22259,3535,2692,1,17641,138,306,1.0,38:32,2015,2016
2015-16,201950,Jrue Holiday,Jrue,1610612740,NOP,New Orleans Pelicans,21500747,2016-02-04T00:00:00,NOP vs. LAL,L,34.0,0.0,2.0,3.0,10.0,2.0,9.0,9.0,26.0,1.0,0.0,1.0,1.0,36.5,1,13074,13074,13074,4350,12059,4731,3302,1840,2619,19144,18829,7214,2692,1,4972,12373,3326,1.0,34:00,2015,2016
2015-16,2546,Carmelo Anthony,Carmelo,1610612752,NYK,New York Knicks,21500746,2016-02-04T00:00:00,NYK @ DET,L,40.0,4.0,0.0,1.0,2.0,6.0,7.0,13.0,34.0,0.0,2.0,2.0,9.0,44.2,1,13074,13074,13074,734,2460,10158,9347,12984,10028,15642,23048,2701,8004,23588,11390,138,1515,1.0,39:60,2015,2016
2015-16,201976,Patrick Beverley,Patrick,1610612745,HOU,Houston Rockets,21500749,2016-02-04T00:00:00,HOU @ PHX,W,25.6,2.0,2.0,3.0,2.0,9.0,4.0,12.0,16.0,1.0,0.0,3.0,1.0,29.0,1,1,1,1,11175,6026,4731,3302,12984,15771,8458,22259,15259,2692,1,17641,12373,6346,1.0,25:39,2015,2016
2015-16,202687,Bismack Biyombo,Bismack,1610612761,TOR,Toronto Raptors,21500748,2016-02-04T00:00:00,TOR @ POR,W,20.9,0.0,1.0,0.0,0.0,12.0,6.0,9.0,18.0,1.0,1.0,4.0,2.0,11.4,1,1,1,1,15119,12059,9709,9917,18861,20178,13237,18829,13577,2692,17214,22104,7786,18134,1.0,20:56,2015,2016
2015-16,203944,Julius Randle,Julius,1610612747,LAL,Los Angeles Lakers,21500747,2016-02-04T00:00:00,LAL @ NOP,W,31.9,0.0,0.0,3.0,6.0,8.0,8.0,8.0,34.0,0.0,1.0,5.0,3.0,24.1,1,1,1,1,5947,12059,10158,3302,5299,13914,17345,17194,2701,8004,17214,24686,4736,9068,1.0,31:56,2015,2016
2015-16,203468,CJ McCollum,CJ,1610612757,POR,Portland Trail Blazers,21500748,2016-02-04T00:00:00,POR vs. TOR,L,33.1,5.0,3.0,1.0,2.0,14.0,7.0,8.0,28.0,0.0,2.0,3.0,1.0,29.2,1,13074,13074,13074,5079,1603,3104,9347,12984,22292,15642,17194,5824,8004,23588,17641,12373,6243,1.0,33:03,2015,2016
2015-16,1626164,Devin Booker,Devin,1610612756,PHX,Phoenix Suns,21500749,2016-02-04T00:00:00,PHX vs. HOU,L,41.0,2.0,0.0,4.0,0.0,32.0,20.0,24.0,36.0,0.0,2.0,2.0,6.0,24.6,1,13074,13074,13074,482,6026,10158,1913,18861,26072,25875,25937,1943,8004,23588,11390,873,8724,1.0,41:02,2015,2016
2015-16,200768,Kyle Lowry,Kyle,1610612761,TOR,Toronto Raptors,21500748,2016-02-04T00:00:00,TOR @ POR,W,39.9,7.0,3.0,2.0,6.0,16.0,12.0,14.0,30.0,2.0,2.0,2.0,4.0,54.2,1,1,1,1,747,548,3104,4675,5299,23774,22832,23710,4541,932,23588,11390,2748,432,1.0,39:56,2015,2016
2015-16,977,Kobe Bryant,Kobe,1610612747,LAL,Los Angeles Lakers,21500747,2016-02-04T00:00:00,LAL @ NOP,W,32.1,2.0,4.0,0.0,8.0,4.0,9.0,7.0,32.0,0.0,1.0,0.0,4.0,49.4,1,1,1,1,5785,6026,1596,9917,3109,6141,19144,15538,3535,8004,17214,1,2748,819,1.0,32:07,2015,2016
2015-16,201577,Robin Lopez,Robin,1610612752,NYK,New York Knicks,21500746,2016-02-04T00:00:00,NYK @ DET,L,35.2,2.0,10.0,0.0,22.0,6.0,7.0,6.0,30.0,0.0,0.0,4.0,3.0,49.2,1,13074,13074,13074,3353,6026,34,9917,25,10028,15642,13388,4541,8004,1,22104,4736,842,1.0,35:15,2015,2016
2015-16,201167,Arron Afflalo,Arron,1610612752,NYK,New York Knicks,21500746,2016-02-04T00:00:00,NYK @ DET,L,43.3,0.0,0.0,0.0,8.0,6.0,7.0,13.0,36.0,0.0,1.0,3.0,4.0,36.1,1,13074,13074,13074,182,12059,10158,9917,3109,10028,15642,23048,1943,8004,17214,17641,2748,3432,1.0,43:18,2015,2016
2015-16,203081,Damian Lillard,Damian,1610612757,POR,Portland Trail Blazers,21500748,2016-02-04T00:00:00,POR vs. TOR,L,36.0,4.0,3.0,2.0,6.0,11.0,7.0,13.0,34.0,1.0,1.0,1.0,7.0,52.5,1,13074,13074,13074,2759,2460,3104,4675,5299,18886,15642,23048,2701,2692,17214,4972,469,544,1.0,36:00,2015,2016
2015-16,204038,Langston Galloway,Langston,1610612752,NYK,New York Knicks,21500746,2016-02-04T00:00:00,NYK @ DET,L,35.6,2.0,2.0,3.0,8.0,6.0,7.0,5.0,28.0,0.0,0.0,6.0,1.0,28.0,1,13074,13074,13074,3092,6026,4731,3302,3109,10028,15642,11593,5824,8004,1,25827,12373,6864,1.0,35:33,2015,2016
2015-16,201935,James Harden,James,1610612745,HOU,Houston Rockets,21500749,2016-02-04T00:00:00,HOU @ PHX,W,36.2,9.0,0.0,0.0,4.0,11.0,9.0,12.0,20.0,0.0,1.0,2.0,8.0,38.8,1,1,1,1,2636,171,10158,9917,8599,18886,19144,22259,11929,8004,17214,11390,254,2692,1.0,36:09,2015,2016
2015-16,201583,Ryan Anderson,Ryan,1610612740,NOP,New Orleans Pelicans,21500747,2016-02-04T00:00:00,NOP vs. LAL,L,32.8,2.0,0.0,0.0,8.0,4.0,7.0,9.0,30.0,0.0,0.0,2.0,2.0,21.8,1,13074,13074,13074,5264,6026,10158,9917,3109,6141,15642,18829,4541,8004,1,11390,7786,10526,1.0,32:49,2015,2016
2015-16,2730,Dwight Howard,Dwight,1610612745,HOU,Houston Rockets,21500749,2016-02-04T00:00:00,HOU @ PHX,W,32.6,0.0,3.0,0.0,4.0,9.0,8.0,9.0,20.0,1.0,0.0,4.0,3.0,31.7,1,1,1,1,5408,12059,3104,9917,8599,15771,17345,18829,11929,2692,1,22104,4736,5088,1.0,32:37,2015,2016
2015-16,2199,Tyson Chandler,Tyson,1610612756,PHX,Phoenix Suns,21500749,2016-02-04T00:00:00,PHX vs. HOU,L,21.0,0.0,2.0,0.0,2.0,15.0,12.0,18.0,26.0,0.0,0.0,3.0,2.0,17.5,1,13074,13074,13074,15039,12059,4731,9917,12984,23079,22832,25228,7214,8004,1,17641,7786,13528,1.0,21:01,2015,2016
2015-16,203462,Archie Goodwin,Archie,1610612756,PHX,Phoenix Suns,21500749,2016-02-04T00:00:00,PHX vs. HOU,L,38.0,2.0,4.0,7.0,6.0,33.0,15.0,26.0,42.0,0.0,0.0,2.0,4.0,27.7,1,13074,13074,13074,1519,6026,1596,454,5299,26075,24781,26007,670,8004,1,11390,2748,7008,1.0,37:58,2015,2016
2015-16,200782,P.J. Tucker,P.J.,1610612756,PHX,Phoenix Suns,21500749,2016-02-04T00:00:00,PHX vs. HOU,L,31.4,8.0,0.0,0.0,2.0,26.0,13.0,22.0,32.0,0.0,1.0,5.0,3.0,37.8,1,13074,13074,13074,6417,308,10158,9917,12984,25979,23668,25811,3535,8004,17214,24686,4736,2956,1.0,31:21,2015,2016
2015-16,202685,Jonas Valančiūnas,Jonas,1610612761,TOR,Toronto Raptors,21500748,2016-02-04T00:00:00,TOR @ POR,W,24.7,2.0,4.0,2.0,10.0,4.0,10.0,5.0,14.0,2.0,0.0,2.0,5.0,32.2,1,1,1,1,11897,6026,1596,4675,1840,6141,20509,11593,17019,932,1,11390,1539,4846,1.0,24:44,2015,2016
2015-16,203458,Alex Len,Alex,1610612756,PHX,Phoenix Suns,21500749,2016-02-04T00:00:00,PHX vs. HOU,L,27.0,0.0,5.0,0.0,8.0,23.0,8.0,8.0,16.0,0.0,0.0,5.0,3.0,37.6,1,13074,13074,13074,10032,12059,995,9917,3109,25803,17345,17194,15259,8004,1,24686,4736,3018,1.0,26:59,2015,2016
2015-16,2772,Trevor Ariza,Trevor,1610612745,HOU,Houston Rockets,21500749,2016-02-04T00:00:00,HOU @ PHX,W,37.3,5.0,3.0,10.0,8.0,11.0,11.0,12.0,22.0,0.0,0.0,1.0,4.0,37.6,1,1,1,1,1903,1603,3104,118,3109,18886,21814,22259,10265,8004,1,4972,2748,3018,1.0,37:17,2015,2016
2015-16,204001,Kristaps Porziņģis,Kristaps,1610612752,NYK,New York Knicks,21500746,2016-02-04T00:00:00,NYK @ DET,L,24.2,0.0,0.0,0.0,2.0,0.0,0.0,7.0,12.0,0.0,0.0,0.0,1.0,9.8,1,13074,13074,13074,12390,12059,10158,9917,12984,1,1,15538,18637,8004,1,1,12373,19331,1.0,24:12,2015,2016
2015-16,203903,Jordan Clarkson,Jordan,1610612747,LAL,Los Angeles Lakers,21500747,2016-02-04T00:00:00,LAL @ NOP,W,34.7,4.0,0.0,7.0,8.0,6.0,6.0,9.0,34.0,0.0,0.0,4.0,0.0,23.0,1,1,1,1,3744,2460,10158,454,3109,10028,13237,18829,2701,8004,1,22104,18762,9760,1.0,34:44,2015,2016
2015-16,101141,Ersan Ilyasova,Ersan,1610612765,DET,Detroit Pistons,21500746,2016-02-04T00:00:00,DET vs. NYK,W,30.9,0.0,0.0,0.0,0.0,6.0,6.0,3.0,30.0,0.0,0.0,2.0,2.0,19.5,1,1,1,1,6803,12059,10158,9917,18861,10028,13237,7328,4541,8004,1,11390,7786,12096,1.0,30:54,2015,2016
2015-16,202704,Reggie Jackson,Reggie,1610612765,DET,Detroit Pistons,21500746,2016-02-04T00:00:00,DET vs. NYK,W,31.7,2.0,0.0,0.0,4.0,8.0,14.0,3.0,36.0,0.0,0.0,2.0,5.0,34.7,1,1,1,1,6114,6026,10158,9917,8599,13914,24300,7328,1943,8004,1,11390,1539,3935,1.0,31:45,2015,2016
2015-16,1626214,Bryce Dejean-Jones,Bryce,1610612740,NOP,New Orleans Pelicans,21500747,2016-02-04T00:00:00,NOP vs. LAL,L,43.2,2.0,2.0,3.0,6.0,6.0,9.0,12.0,38.0,0.0,0.0,1.0,6.0,34.3,1,13074,13074,13074,185,6026,4731,3302,5299,10028,19144,22259,1422,8004,1,4972,873,4063,1.0,43:14,2015,2016
2015-16,203895,Jordan McRae,Jordan,1610612756,PHX,Phoenix Suns,21500749,2016-02-04T00:00:00,PHX vs. HOU,L,15.2,3.0,0.0,3.0,2.0,6.0,7.0,4.0,10.0,0.0,0.0,1.0,1.0,14.9,1,13074,13074,13074,19639,4307,10158,3302,12984,10028,15642,8806,20209,8004,1,4972,12373,15463,1.0,15:10,2015,2016
2015-16,101138,Brandon Bass,Brandon,1610612747,LAL,Los Angeles Lakers,21500747,2016-02-04T00:00:00,LAL @ NOP,W,24.5,0.0,0.0,2.0,4.0,2.0,7.0,9.0,28.0,0.0,2.0,2.0,3.0,10.5,1,1,1,1,12102,12059,10158,4675,8599,2619,15642,18829,5824,8004,23588,11390,4736,18808,1.0,24:31,2015,2016
2015-16,202334,Ed Davis,Ed,1610612757,POR,Portland Trail Blazers,21500748,2016-02-04T00:00:00,POR vs. TOR,L,21.4,0.0,4.0,0.0,4.0,10.0,0.0,7.0,26.0,0.0,1.0,1.0,0.0,14.4,1,13074,13074,13074,14708,12059,1596,9917,8599,17370,1,15538,7214,8004,17214,4972,18762,15857,1.0,21:23,2015,2016
2015-16,2449,Luis Scola,Luis,1610612761,TOR,Toronto Raptors,21500748,2016-02-04T00:00:00,TOR @ POR,W,22.3,6.0,0.0,0.0,0.0,10.0,6.0,12.0,24.0,1.0,0.0,3.0,0.0,19.5,1,1,1,1,13887,878,10158,9917,18861,17370,13237,22259,8723,2692,1,17641,18762,12096,1.0,22:20,2015,2016
2015-16,203083,Andre Drummond,Andre,1610612765,DET,Detroit Pistons,21500746,2016-02-04T00:00:00,DET vs. NYK,W,31.6,2.0,4.0,3.0,14.0,8.0,8.0,4.0,32.0,1.0,0.0,4.0,6.0,34.6,1,1,1,1,6194,6026,1596,3302,542,13914,17345,8806,3535,2692,1,22104,873,3963,1.0,31:38,2015,2016
2015-16,202708,Norris Cole,Norris,1610612740,NOP,New Orleans Pelicans,21500747,2016-02-04T00:00:00,NOP vs. LAL,L,13.0,0.0,0.0,2.0,2.0,4.0,0.0,7.0,14.0,0.0,0.0,3.0,0.0,10.0,1,13074,13074,13074,20962,12059,10158,4675,12984,6141,1,15538,17019,8004,1,17641,18762,19178,1.0,13:01,2015,2016
2015-16,203382,Aron Baynes,Aron,1610612765,DET,Detroit Pistons,21500746,2016-02-04T00:00:00,DET vs. NYK,W,16.3,0.0,0.0,0.0,4.0,0.0,4.0,1.0,14.0,1.0,0.0,2.0,0.0,10.2,1,1,1,1,18800,12059,10158,9917,8599,1,8458,3646,17019,2692,1,11390,18762,19003,1.0,16:19,2015,2016
2015-16,1626156,D'Angelo Russell,D'Angelo,1610612747,LAL,Los Angeles Lakers,21500747,2016-02-04T00:00:00,LAL @ NOP,W,29.4,0.0,2.0,2.0,10.0,6.0,5.0,9.0,30.0,0.0,0.0,4.0,4.0,19.1,1,1,1,1,8044,12059,4731,4675,1840,10028,11469,18829,4541,8004,1,22104,2748,12372,1.0,29:25,2015,2016
2015-16,201156,Nick Young,Nick,1610612747,LAL,Los Angeles Lakers,21500747,2016-02-04T00:00:00,LAL @ NOP,W,15.9,0.0,3.0,0.0,0.0,4.0,2.0,6.0,18.0,0.0,0.0,1.0,2.0,19.3,1,1,1,1,19125,12059,3104,9917,18861,6141,3734,13388,13577,8004,1,4972,7786,12228,1.0,15:53,2015,2016
2015-16,202329,Al-Farouq Aminu,Al-Farouq,1610612757,POR,Portland Trail Blazers,21500748,2016-02-04T00:00:00,POR vs. TOR,L,32.0,0.0,0.0,0.0,4.0,12.0,9.0,8.0,24.0,0.0,1.0,0.0,1.0,14.8,1,13074,13074,13074,5931,12059,10158,9917,8599,20178,19144,17194,8723,8004,17214,1,12373,15561,1.0,31:57,2015,2016
2015-16,203486,Mason Plumlee,Mason,1610612757,POR,Portland Trail Blazers,21500748,2016-02-04T00:00:00,POR vs. TOR,L,19.7,0.0,2.0,2.0,6.0,7.0,5.0,4.0,12.0,2.0,1.0,4.0,4.0,16.8,1,13074,13074,13074,16189,12059,4731,4675,5299,12242,11469,8806,18637,932,17214,22104,2748,13996,1.0,19:39,2015,2016
2015-16,1626181,Norman Powell,Norman,1610612761,TOR,Toronto Raptors,21500748,2016-02-04T00:00:00,TOR @ POR,W,13.5,0.0,0.0,0.0,0.0,4.0,4.0,7.0,14.0,0.0,1.0,2.0,0.0,2.7,1,1,1,1,20716,12059,10158,9917,18861,6141,8458,15538,17019,8004,17214,11390,18762,23884,1.0,13:28,2015,2016
2015-16,202087,Alonzo Gee,Alonzo,1610612740,NOP,New Orleans Pelicans,21500747,2016-02-04T00:00:00,NOP vs. LAL,L,16.3,0.0,0.0,0.0,0.0,2.0,3.0,9.0,30.0,0.0,0.0,3.0,0.0,2.5,1,13074,13074,13074,18804,12059,10158,9917,18861,2619,7138,18829,4541,8004,1,17641,18762,24003,1.0,16:19,2015,2016
2015-16,201967,Dante Cunningham,Dante,1610612740,NOP,New Orleans Pelicans,21500747,2016-02-04T00:00:00,NOP vs. LAL,L,31.7,0.0,0.0,1.0,0.0,4.0,6.0,7.0,12.0,1.0,0.0,3.0,2.0,13.0,1,13074,13074,13074,6156,12059,10158,9347,18861,6141,13237,15538,18637,2692,1,17641,7786,16969,1.0,31:41,2015,2016
2015-16,201951,Ty Lawson,Ty,1610612745,HOU,Houston Rockets,21500749,2016-02-04T00:00:00,HOU @ PHX,W,22.4,9.0,0.0,0.0,0.0,6.0,9.0,2.0,12.0,0.0,0.0,2.0,1.0,18.4,1,1,1,1,13871,171,10158,9917,18861,10028,19144,4025,18637,8004,1,11390,12373,12854,1.0,22:21,2015,2016
2015-16,203086,Meyers Leonard,Meyers,1610612757,POR,Portland Trail Blazers,21500748,2016-02-04T00:00:00,POR vs. TOR,L,24.5,0.0,0.0,2.0,2.0,12.0,4.0,9.0,28.0,0.0,0.0,2.0,0.0,18.5,1,13074,13074,13074,12133,12059,10158,4675,12984,20178,8458,18829,5824,8004,1,11390,18762,12794,1.0,24:29,2015,2016
2015-16,201603,Sonny Weems,Sonny,1610612756,PHX,Phoenix Suns,21500749,2016-02-04T00:00:00,PHX vs. HOU,L,18.5,0.0,0.0,0.0,0.0,17.0,5.0,2.0,6.0,0.0,1.0,1.0,0.0,7.9,1,13074,13074,13074,17099,12059,10158,9917,18861,24337,11469,4025,22724,8004,17214,4972,18762,20646,1.0,18:29,2015,2016
2015-16,1891,Jason Terry,Jason,1610612745,HOU,Houston Rockets,21500749,2016-02-04T00:00:00,HOU @ PHX,W,16.6,5.0,2.0,0.0,0.0,7.0,4.0,5.0,12.0,0.0,0.0,2.0,0.0,16.7,1,1,1,1,18545,1603,4731,9917,18861,12242,8458,11593,18637,8004,1,11390,18762,14064,1.0,16:38,2015,2016
2015-16,203082,Terrence Ross,Terrence,1610612761,TOR,Toronto Raptors,21500748,2016-02-04T00:00:00,TOR @ POR,W,29.8,0.0,0.0,0.0,2.0,8.0,6.0,7.0,20.0,0.0,1.0,3.0,1.0,16.1,1,1,1,1,7723,12059,10158,9917,12984,13914,13237,15538,11929,8004,17214,17641,12373,14515,1.0,29:48,2015,2016
2015-16,201582,Alexis Ajinca,Alexis,1610612740,NOP,New Orleans Pelicans,21500747,2016-02-04T00:00:00,NOP vs. LAL,L,9.5,0.0,0.0,0.0,0.0,0.0,0.0,4.0,10.0,1.0,0.0,2.0,1.0,7.6,1,13074,13074,13074,22643,12059,10158,9917,18861,1,1,8806,20209,2692,1,11390,12373,20803,1.0,9:28,2015,2016
2015-16,201579,Roy Hibbert,Roy,1610612747,LAL,Los Angeles Lakers,21500747,2016-02-04T00:00:00,LAL @ NOP,W,23.6,0.0,0.0,0.0,0.0,2.0,7.0,4.0,22.0,0.0,0.0,3.0,1.0,16.1,1,1,1,1,12899,12059,10158,9917,18861,2619,15642,8806,10265,8004,1,17641,12373,14515,1.0,23:36,2015,2016
2015-16,202693,Markieff Morris,Markieff,1610612756,PHX,Phoenix Suns,21500749,2016-02-04T00:00:00,PHX vs. HOU,L,28.8,0.0,0.0,0.0,4.0,21.0,15.0,24.0,30.0,1.0,1.0,3.0,3.0,21.0,1,13074,13074,13074,8572,12059,10158,9917,8599,25535,24781,25937,4541,2692,17214,17641,4736,11077,1.0,28:46,2015,2016
2015-16,1626199,Darrun Hilliard,Darrun,1610612765,DET,Detroit Pistons,21500746,2016-02-04T00:00:00,DET vs. NYK,W,15.0,0.0,0.0,2.0,2.0,0.0,2.0,1.0,8.0,0.0,0.0,2.0,0.0,6.2,1,1,1,1,19787,12059,10158,4675,12984,1,3734,3646,21543,8004,1,11390,18762,21696,1.0,14:58,2015,2016
2015-16,204028,Tarik Black,Tarik,1610612747,LAL,Los Angeles Lakers,21500747,2016-02-04T00:00:00,LAL @ NOP,W,16.0,0.0,0.0,0.0,4.0,4.0,0.0,5.0,16.0,0.0,0.0,1.0,1.0,6.4,1,1,1,1,19075,12059,10158,9917,8599,6141,1,11593,15259,8004,1,4972,12373,21589,1.0,15:57,2015,2016
2015-16,101150,Lou Williams,Lou,1610612747,LAL,Los Angeles Lakers,21500747,2016-02-04T00:00:00,LAL @ NOP,W,31.9,0.0,0.0,2.0,2.0,4.0,11.0,8.0,36.0,0.0,0.0,2.0,3.0,5.7,1,1,1,1,6033,12059,10158,4675,12984,6141,21814,17194,1943,8004,1,11390,4736,22054,1.0,31:51,2015,2016
2015-16,203475,Erick Green,Erick,1610612762,UTA,Utah Jazz,21500743,2016-02-03T00:00:00,UTA vs. DEN,W,2.5,0.0,0.0,0.0,0.0,2.0,0.0,2.0,2.0,0.0,0.0,0.0,0.0,1.2,1,1,1,1,25315,12059,10158,9917,18861,2619,1,4025,24614,8004,1,1,18762,24661,1.0,2:31,2015,2016
2015-16,201601,Luc Mbah a Moute,Luc,1610612746,LAC,LA Clippers,21500745,2016-02-03T00:00:00,LAC vs. MIN,L,19.9,0.0,0.0,0.0,4.0,11.0,11.0,8.0,24.0,0.0,0.0,1.0,2.0,6.2,1,13074,13074,13074,15977,12059,10158,9917,8599,18886,21814,17194,8723,8004,1,4972,7786,21696,1.0,19:56,2015,2016
2015-16,200745,Andrea Bargnani,Andrea,1610612751,BKN,Brooklyn Nets,21500738,2016-02-03T00:00:00,BKN vs. IND,L,12.1,0.0,0.0,0.0,0.0,9.0,5.0,6.0,10.0,0.0,0.0,1.0,0.0,5.9,1,13074,13074,13074,21500,12059,10158,9917,18861,15771,11469,13388,20209,8004,1,4972,18762,21953,1.0,12:03,2015,2016
2015-16,201177,Josh McRoberts,Josh,1610612748,MIA,Miami Heat,21500741,2016-02-03T00:00:00,MIA @ DAL,W,9.5,0.0,0.0,0.0,2.0,2.0,2.0,4.0,10.0,0.0,1.0,0.0,0.0,5.6,1,1,1,1,22621,12059,10158,9917,12984,2619,3734,8806,20209,8004,17214,1,18762,22133,1.0,9:31,2015,2016
2015-16,204060,Joe Ingles,Joe,1610612762,UTA,Utah Jazz,21500743,2016-02-03T00:00:00,UTA vs. DEN,W,10.2,0.0,0.0,0.0,0.0,4.0,2.0,4.0,10.0,0.0,0.0,0.0,0.0,1.7,1,1,1,1,22358,12059,10158,9917,18861,6141,3734,8806,20209,8004,1,1,18762,24436,1.0,10:10,2015,2016
2015-16,201166,Aaron Brooks,Aaron,1610612741,CHI,Chicago Bulls,21500744,2016-02-03T00:00:00,CHI @ SAC,W,10.7,3.0,0.0,0.0,0.0,2.0,0.0,4.0,8.0,0.0,0.0,1.0,0.0,5.7,1,1,1,1,22173,4307,10158,9917,18861,2619,1,8806,21543,8004,1,4972,18762,22054,1.0,10:39,2015,2016
2015-16,2210,Richard Jefferson,Richard,1610612739,CLE,Cleveland Cavaliers,21500735,2016-02-03T00:00:00,CLE @ CHA,L,8.9,0.0,0.0,0.0,0.0,2.0,4.0,2.0,10.0,0.0,0.0,1.0,0.0,5.7,1,13074,13074,13074,22891,12059,10158,9917,18861,2619,8458,4025,20209,8004,1,4972,18762,22054,1.0,8:52,2015,2016
2015-16,203080,Thomas Robinson,Thomas,1610612751,BKN,Brooklyn Nets,21500738,2016-02-03T00:00:00,BKN vs. IND,L,9.7,0.0,0.0,0.0,2.0,2.0,9.0,7.0,14.0,1.0,0.0,3.0,0.0,11.3,1,13074,13074,13074,22562,12059,10158,9917,12984,2619,19144,15538,17019,2692,1,17641,18762,18230,1.0,9:41,2015,2016
2015-16,204002,Edy Tavares,Edy,1610612737,ATL,Atlanta Hawks,21500736,2016-02-03T00:00:00,ATL @ PHI,W,8.1,2.0,2.0,2.0,4.0,1.0,0.0,0.0,10.0,1.0,0.0,2.0,0.0,10.8,1,1,1,1,23150,6026,4731,4675,8599,2356,1,1,20209,2692,1,11390,18762,18579,1.0,8:06,2015,2016
2015-16,201962,Toney Douglas,Toney,1610612740,NOP,New Orleans Pelicans,21500742,2016-02-03T00:00:00,NOP @ SAS,L,21.8,0.0,0.0,0.0,0.0,8.0,4.0,6.0,22.0,0.0,0.0,3.0,0.0,15.9,1,13074,13074,13074,14301,12059,10158,9917,18861,13914,8458,13388,10265,8004,1,17641,18762,14675,1.0,21:51,2015,2016
2015-16,203963,Shayne Whittington,Shayne,1610612754,IND,Indiana Pacers,21500738,2016-02-03T00:00:00,IND @ BKN,W,1.6,0.0,0.0,0.0,0.0,0.0,0.0,0.0,2.0,0.0,0.0,1.0,0.0,1.2,1,1,1,1,25639,12059,10158,9917,18861,1,1,1,24614,8004,1,4972,18762,24661,1.0,1:38,2015,2016
2015-16,203918,Rodney Hood,Rodney,1610612762,UTA,Utah Jazz,21500743,2016-02-03T00:00:00,UTA vs. DEN,W,33.8,0.0,0.0,1.0,4.0,18.0,7.0,13.0,26.0,1.0,0.0,3.0,1.0,10.7,1,1,1,1,4550,12059,10158,9347,8599,24749,15642,23048,7214,2692,1,17641,12373,18636,1.0,33:45,2015,2016
2015-16,2594,Kyle Korver,Kyle,1610612737,ATL,Atlanta Hawks,21500736,2016-02-03T00:00:00,ATL @ PHI,W,19.5,2.0,3.0,0.0,0.0,8.0,2.0,7.0,20.0,0.0,0.0,2.0,0.0,6.5,1,1,1,1,16340,6026,3104,9917,18861,13914,3734,15538,11929,8004,1,11390,18762,21519,1.0,19:28,2015,2016
2015-16,2446,Rasual Butler,Rasual,1610612759,SAS,San Antonio Spurs,21500742,2016-02-03T00:00:00,SAS vs. NOP,W,0.6,2.0,0.0,0.0,2.0,0.0,0.0,0.0,0.0,0.0,0.0,0.0,0.0,6.2,1,1,1,1,25960,6026,10158,9917,12984,1,1,1,25429,8004,1,1,18762,21696,1.0,0:35,2015,2016
2015-16,1626168,Trey Lyles,Trey,1610612762,UTA,Utah Jazz,21500743,2016-02-03T00:00:00,UTA vs. DEN,W,9.8,2.0,0.0,2.0,4.0,4.0,2.0,4.0,8.0,0.0,0.0,2.0,1.0,10.6,1,1,1,1,22537,6026,10158,4675,8599,6141,3734,8806,21543,8004,1,11390,12373,18723,1.0,9:46,2015,2016
2015-16,203482,Kelly Olynyk,Kelly,1610612738,BOS,Boston Celtics,21500737,2016-02-03T00:00:00,BOS vs. DET,W,19.0,4.0,2.0,4.0,6.0,0.0,4.0,2.0,14.0,0.0,1.0,3.0,1.0,15.9,1,1,1,1,16734,2460,4731,1913,5299,1,8458,4025,17019,8004,17214,17641,12373,14675,1.0,18:57,2015,2016
2015-16,202713,Kyle Singler,Kyle,1610612760,OKC,Oklahoma City Thunder,21500740,2016-02-03T00:00:00,OKC vs. ORL,W,13.6,0.0,0.0,0.0,2.0,5.0,5.0,3.0,12.0,0.0,0.0,2.0,0.0,11.0,1,1,1,1,20669,12059,10158,9917,12984,8403,11469,7328,18637,8004,1,11390,18762,18430,1.0,13:33,2015,2016
2015-16,203499,Shane Larkin,Shane,1610612751,BKN,Brooklyn Nets,21500738,2016-02-03T00:00:00,BKN vs. IND,L,15.6,0.0,0.0,0.0,0.0,7.0,9.0,7.0,18.0,0.0,0.0,0.0,1.0,6.2,1,13074,13074,13074,19365,12059,10158,9917,18861,12242,19144,15538,13577,8004,1,1,12373,21696,1.0,15:34,2015,2016
2015-16,201229,Anthony Tolliver,Anthony,1610612765,DET,Detroit Pistons,21500737,2016-02-03T00:00:00,DET @ BOS,L,18.3,0.0,0.0,0.0,0.0,5.0,6.0,12.0,22.0,0.0,0.0,2.0,1.0,5.8,1,13074,13074,13074,17300,12059,10158,9917,18861,8403,13237,22259,10265,8004,1,11390,12373,22018,1.0,18:16,2015,2016
2015-16,2760,Anderson Varejao,Anderson,1610612739,CLE,Cleveland Cavaliers,21500735,2016-02-03T00:00:00,CLE @ CHA,L,7.0,0.0,0.0,0.0,0.0,5.0,0.0,2.0,4.0,0.0,0.0,0.0,1.0,2.0,1,13074,13074,13074,23579,12059,10158,9917,18861,8403,1,4025,23698,8004,1,1,12373,24216,1.0,6:57,2015,2016
2015-16,203932,Aaron Gordon,Aaron,1610612753,ORL,Orlando Magic,21500740,2016-02-03T00:00:00,ORL @ OKC,L,25.6,0.0,2.0,0.0,2.0,2.0,2.0,12.0,28.0,0.0,0.0,0.0,0.0,10.7,1,13074,13074,13074,11238,12059,4731,9917,12984,2619,3734,22259,5824,8004,1,1,18762,18636,1.0,25:34,2015,2016
2015-16,201967,Dante Cunningham,Dante,1610612740,NOP,New Orleans Pelicans,21500742,2016-02-03T00:00:00,NOP @ SAS,L,19.5,2.0,0.0,2.0,4.0,6.0,2.0,2.0,20.0,0.0,0.0,2.0,0.0,5.5,1,13074,13074,13074,16316,6026,10158,4675,8599,10028,3734,4025,11929,8004,1,11390,18762,22196,1.0,19:30,2015,2016
2015-16,2564,Boris Diaw,Boris,1610612759,SAS,San Antonio Spurs,21500742,2016-02-03T00:00:00,SAS vs. NOP,W,8.4,0.0,0.0,0.0,0.0,0.0,0.0,0.0,4.0,0.0,0.0,0.0,0.0,5.4,1,1,1,1,23045,12059,10158,9917,18861,1,1,1,23698,8004,1,1,18762,22242,1.0,8:26,2015,2016
2015-16,203613,Jonathon Simmons,Jonathon,1610612759,SAS,San Antonio Spurs,21500742,2016-02-03T00:00:00,SAS vs. NOP,W,0.6,0.0,0.0,0.0,0.0,0.0,0.0,0.0,0.0,0.0,0.0,0.0,0.0,1.5,1,1,1,1,25960,12059,10158,9917,18861,1,1,1,25429,8004,1,1,18762,24473,1.0,0:35,2015,2016
2015-16,2590,Mo Williams,Mo,1610612739,CLE,Cleveland Cavaliers,21500735,2016-02-03T00:00:00,CLE @ CHA,L,11.4,0.0,0.0,0.0,0.0,3.0,4.0,1.0,6.0,0.0,0.0,2.0,0.0,5.5,1,13074,13074,13074,21877,12059,10158,9917,18861,5109,8458,3646,22724,8004,1,11390,18762,22196,1.0,11:23,2015,2016
2015-16,203138,Hollis Thompson,Hollis,1610612755,PHI,Philadelphia 76ers,21500736,2016-02-03T00:00:00,PHI vs. ATL,L,20.0,0.0,0.0,0.0,2.0,15.0,12.0,11.0,28.0,0.0,0.0,1.0,1.0,6.4,1,13074,13074,13074,15906,12059,10158,9917,12984,23079,22832,21342,5824,8004,1,4972,12373,21589,1.0,20:00,2015,2016
2015-16,1626199,Darrun Hilliard,Darrun,1610612765,DET,Detroit Pistons,21500737,2016-02-03T00:00:00,DET @ BOS,L,12.0,0.0,0.0,0.0,4.0,4.0,8.0,0.0,12.0,0.0,0.0,0.0,0.0,9.1,1,13074,13074,13074,21510,12059,10158,9917,8599,6141,17345,1,18637,8004,1,1,18762,19789,1.0,12:02,2015,2016
2015-16,201627,Anthony Morrow,Anthony,1610612760,OKC,Oklahoma City Thunder,21500740,2016-02-03T00:00:00,OKC vs. ORL,W,9.6,0.0,2.0,0.0,0.0,2.0,3.0,0.0,6.0,0.0,0.0,0.0,0.0,5.0,1,1,1,1,22573,12059,4731,9917,18861,2619,7138,1,22724,8004,1,1,18762,22500,1.0,9:38,2015,2016
2015-16,2400,Drew Gooden,Drew,1610612764,WAS,Washington Wizards,21500739,2016-02-03T00:00:00,WAS vs. GSW,L,6.0,0.0,0.0,0.0,0.0,1.0,0.0,4.0,2.0,1.0,0.0,0.0,0.0,8.7,1,13074,13074,13074,23978,12059,10158,9917,18861,2356,1,8806,24614,2692,1,1,18762,20045,1.0,5:58,2015,2016
2015-16,202362,Lance Stephenson,Lance,1610612746,LAC,LA Clippers,21500745,2016-02-03T00:00:00,LAC vs. MIN,L,12.2,0.0,2.0,0.0,2.0,7.0,5.0,2.0,10.0,0.0,0.0,1.0,0.0,5.4,1,13074,13074,13074,21433,12059,4731,9917,12984,12242,11469,4025,20209,8004,1,4972,18762,22242,1.0,12:12,2015,2016
2015-16,203798,PJ Hairston,PJ,1610612766,CHA,Charlotte Hornets,21500735,2016-02-03T00:00:00,CHA vs. CLE,W,11.2,0.0,0.0,0.0,0.0,0.0,0.0,1.0,2.0,0.0,0.0,1.0,0.0,3.5,1,1,1,1,21966,12059,10158,9917,18861,1,1,3646,24614,8004,1,4972,18762,23351,1.0,11:09,2015,2016
2015-16,201582,Alexis Ajinca,Alexis,1610612740,NOP,New Orleans Pelicans,21500742,2016-02-03T00:00:00,NOP @ SAS,L,6.2,0.0,0.0,0.0,2.0,0.0,0.0,0.0,4.0,0.0,0.0,2.0,0.0,4.2,1,13074,13074,13074,23888,12059,10158,9917,12984,1,1,1,23698,8004,1,11390,18762,22976,1.0,6:10,2015,2016
2015-16,203492,Ray McCallum,Ray,1610612759,SAS,San Antonio Spurs,21500742,2016-02-03T00:00:00,SAS vs. NOP,W,0.6,0.0,0.0,0.0,0.0,0.0,0.0,0.0,0.0,0.0,0.0,0.0,0.0,0.0,1,1,1,1,25960,12059,10158,9917,18861,1,1,1,25429,8004,1,1,18762,25170,1.0,0:35,2015,2016
2015-16,204456,T.J. McConnell,T.J.,1610612755,PHI,Philadelphia 76ers,21500736,2016-02-03T00:00:00,PHI vs. ATL,L,16.7,0.0,0.0,0.0,2.0,15.0,9.0,10.0,24.0,0.0,0.0,2.0,0.0,8.7,1,13074,13074,13074,18521,12059,10158,9917,12984,23079,19144,20169,8723,8004,1,11390,18762,20045,1.0,16:40,2015,2016
2015-16,203960,JaKarr Sampson,JaKarr,1610612755,PHI,Philadelphia 76ers,21500736,2016-02-03T00:00:00,PHI vs. ATL,L,7.8,0.0,0.0,0.0,4.0,0.0,2.0,5.0,12.0,0.0,0.0,0.0,1.0,5.0,1,13074,13074,13074,23288,12059,10158,9917,8599,1,3734,11593,18637,8004,1,1,12373,22500,1.0,7:45,2015,2016
2015-16,204067,Jarell Eddie,Jarell,1610612764,WAS,Washington Wizards,21500739,2016-02-03T00:00:00,WAS vs. GSW,L,0.6,0.0,0.0,0.0,0.0,0.0,0.0,0.0,2.0,0.0,0.0,0.0,0.0,-1.0,1,13074,13074,13074,25963,12059,10158,9917,18861,1,1,1,24614,8004,1,1,18762,25932,1.0,0:35,2015,2016
2015-16,203088,Kendall Marshall,Kendall,1610612755,PHI,Philadelphia 76ers,21500736,2016-02-03T00:00:00,PHI vs. ATL,L,7.8,0.0,0.0,0.0,0.0,0.0,2.0,5.0,12.0,0.0,0.0,1.0,1.0,3.5,1,13074,13074,13074,23288,12059,10158,9917,18861,1,3734,11593,18637,8004,1,4972,12373,23351,1.0,7:45,2015,2016
2015-16,202684,Tristan Thompson,Tristan,1610612739,CLE,Cleveland Cavaliers,21500735,2016-02-03T00:00:00,CLE @ CHA,L,34.1,2.0,2.0,0.0,4.0,4.0,11.0,16.0,32.0,0.0,1.0,2.0,1.0,8.8,1,13074,13074,13074,4253,6026,4731,9917,8599,6141,21814,24641,3535,8004,17214,11390,12373,19994,1.0,34:07,2015,2016
2015-16,201580,JaVale McGee,JaVale,1610612742,DAL,Dallas Mavericks,21500741,2016-02-03T00:00:00,DAL vs. MIA,L,8.9,2.0,2.0,0.0,4.0,3.0,0.0,5.0,6.0,0.0,1.0,1.0,0.0,9.0,1,13074,13074,13074,22891,6026,4731,9917,8599,5109,1,11593,22724,8004,17214,4972,18762,19835,1.0,8:52,2015,2016
2015-16,203937,Kyle Anderson,Kyle,1610612759,SAS,San Antonio Spurs,21500742,2016-02-03T00:00:00,SAS vs. NOP,W,18.3,0.0,0.0,0.0,0.0,4.0,2.0,0.0,10.0,0.0,0.0,1.0,0.0,4.9,1,1,1,1,17286,12059,10158,9917,18861,6141,3734,1,20209,8004,1,4972,18762,22621,1.0,18:17,2015,2016
2015-16,203530,Joffrey Lauvergne,Joffrey,1610612743,DEN,Denver Nuggets,21500743,2016-02-03T00:00:00,DEN @ UTA,L,19.3,0.0,0.0,0.0,0.0,3.0,1.0,5.0,20.0,0.0,0.0,1.0,0.0,6.8,1,13074,13074,13074,16433,12059,10158,9917,18861,5109,3393,11593,11929,8004,1,4972,18762,21328,1.0,19:20,2015,2016
2015-16,200755,JJ Redick,JJ,1610612746,LAC,LA Clippers,21500745,2016-02-03T00:00:00,LAC vs. MIN,L,32.8,2.0,0.0,0.0,0.0,15.0,14.0,8.0,36.0,0.0,2.0,1.0,2.0,6.9,1,13074,13074,13074,5259,6026,10158,9917,18861,23079,24300,17194,1943,8004,23588,4972,7786,21262,1.0,32:50,2015,2016
2015-16,200751,Randy Foye,Randy,1610612743,DEN,Denver Nuggets,21500743,2016-02-03T00:00:00,DEN @ UTA,L,15.5,0.0,0.0,0.0,0.0,2.0,0.0,3.0,18.0,0.0,1.0,2.0,1.0,5.4,1,13074,13074,13074,19414,12059,10158,9917,18861,2619,1,7328,13577,8004,17214,11390,12373,22242,1.0,15:29,2015,2016
2015-16,201973,Jonas Jerebko,Jonas,1610612738,BOS,Boston Celtics,21500737,2016-02-03T00:00:00,BOS vs. DET,W,12.8,0.0,2.0,0.0,4.0,0.0,4.0,2.0,12.0,0.0,0.0,2.0,0.0,9.0,1,1,1,1,21083,12059,4731,9917,8599,1,8458,4025,18637,8004,1,11390,18762,19835,1.0,12:48,2015,2016
2015-16,203900,Markel Brown,Markel,1610612751,BKN,Brooklyn Nets,21500738,2016-02-03T00:00:00,BKN vs. IND,L,7.0,0.0,0.0,0.0,0.0,4.0,4.0,4.0,6.0,0.0,0.0,2.0,0.0,4.4,1,13074,13074,13074,23565,12059,10158,9917,18861,6141,8458,8806,22724,8004,1,11390,18762,22837,1.0,7:00,2015,2016
2015-16,2555,Nick Collison,Nick,1610612760,OKC,Oklahoma City Thunder,21500740,2016-02-03T00:00:00,OKC vs. ORL,W,4.8,0.0,0.0,0.0,0.0,0.0,0.0,0.0,2.0,0.0,1.0,1.0,0.0,-1.0,1,1,1,1,24442,12059,10158,9917,18861,1,1,1,24614,8004,17214,4972,18762,25932,1.0,4:47,2015,2016
2015-16,203498,Shabazz Muhammad,Shabazz,1610612750,MIN,Minnesota Timberwolves,21500745,2016-02-03T00:00:00,MIN @ LAC,W,12.5,2.0,0.0,0.0,2.0,11.0,7.0,4.0,10.0,0.0,0.0,0.0,1.0,5.2,1,1,1,1,21288,6026,10158,9917,12984,18886,15642,8806,20209,8004,1,1,12373,22370,1.0,12:28,2015,2016
2015-16,203934,Lamar Patterson,Lamar,1610612737,ATL,Atlanta Hawks,21500736,2016-02-03T00:00:00,ATL @ PHI,W,10.2,0.0,0.0,0.0,2.0,1.0,0.0,0.0,14.0,0.0,1.0,0.0,1.0,8.7,1,1,1,1,22339,12059,10158,9917,12984,2356,1,1,17019,8004,17214,1,12373,20045,1.0,10:14,2015,2016
2015-16,203143,Pablo Prigioni,Pablo,1610612746,LAC,LA Clippers,21500745,2016-02-03T00:00:00,LAC vs. MIN,L,12.3,2.0,0.0,2.0,2.0,7.0,3.0,0.0,12.0,0.0,0.0,2.0,1.0,7.0,1,13074,13074,13074,21403,6026,10158,4675,12984,12242,7138,1,18637,8004,1,11390,12373,21188,1.0,12:16,2015,2016
2015-16,203484,Kentavious Caldwell-Pope,Kentavious,1610612765,DET,Detroit Pistons,21500737,2016-02-03T00:00:00,DET @ BOS,L,15.8,0.0,0.0,2.0,4.0,2.0,4.0,4.0,24.0,0.0,0.0,1.0,0.0,8.9,1,13074,13074,13074,19178,12059,10158,4675,8599,2619,8458,8806,8723,8004,1,4972,18762,19914,1.0,15:49,2015,2016
2015-16,202711,Bojan Bogdanović,Bojan,1610612751,BKN,Brooklyn Nets,21500738,2016-02-03T00:00:00,BKN vs. IND,L,20.0,0.0,0.0,2.0,4.0,9.0,9.0,15.0,20.0,0.0,0.0,2.0,2.0,8.7,1,13074,13074,13074,15937,12059,10158,4675,8599,15771,19144,24242,11929,8004,1,11390,7786,20045,1.0,19:58,2015,2016
2015-16,203187,Chris Johnson,Chris,1610612762,UTA,Utah Jazz,21500743,2016-02-03T00:00:00,UTA vs. DEN,W,17.0,0.0,0.0,0.0,0.0,6.0,2.0,6.0,16.0,0.0,1.0,1.0,0.0,9.6,1,1,1,1,18282,12059,10158,9917,18861,10028,3734,13388,15259,8004,17214,4972,18762,19434,1.0,16:60,2015,2016
2015-16,202389,Timofey Mozgov,Timofey,1610612739,CLE,Cleveland Cavaliers,21500735,2016-02-03T00:00:00,CLE @ CHA,L,7.4,0.0,0.0,0.0,2.0,0.0,2.0,3.0,6.0,0.0,0.0,1.0,0.0,4.0,1,13074,13074,13074,23434,12059,10158,9917,12984,1,3734,7328,22724,8004,1,4972,18762,23142,1.0,7:22,2015,2016
2015-16,203508,Sergey Karasev,Sergey,1610612751,BKN,Brooklyn Nets,21500738,2016-02-03T00:00:00,BKN vs. IND,L,1.6,0.0,0.0,0.0,0.0,0.0,2.0,0.0,2.0,0.0,0.0,0.0,0.0,0.0,1,13074,13074,13074,25639,12059,10158,9917,18861,1,3734,1,24614,8004,1,1,18762,25170,1.0,1:38,2015,2016
2015-16,203076,Anthony Davis,Anthony,1610612740,NOP,New Orleans Pelicans,21500742,2016-02-03T00:00:00,NOP @ SAS,L,37.2,6.0,8.0,2.0,12.0,24.0,4.0,8.0,34.0,4.0,2.0,1.0,6.0,66.0,1,13074,13074,13074,1950,878,137,4675,988,25890,8458,17194,2701,132,23588,4972,873,85,1.0,37:13,2015,2016
2015-16,2544,LeBron James,LeBron,1610612739,CLE,Cleveland Cavaliers,21500735,2016-02-03T00:00:00,CLE @ CHA,L,39.1,2.0,0.0,10.0,14.0,5.0,9.0,17.0,34.0,2.0,1.0,1.0,6.0,47.2,1,13074,13074,13074,1020,6026,10158,118,542,8403,19144,24967,2701,932,17214,4972,873,1051,1.0,39:08,2015,2016
2015-16,201599,DeAndre Jordan,DeAndre,1610612746,LAC,LA Clippers,21500745,2016-02-03T00:00:00,LAC vs. MIN,L,36.3,0.0,2.0,3.0,14.0,17.0,13.0,10.0,40.0,3.0,0.0,1.0,7.0,50.0,1,13074,13074,13074,2520,12059,4731,3302,542,24337,23668,20169,983,347,1,4972,469,756,1.0,36:20,2015,2016
2015-16,201566,Russell Westbrook,Russell,1610612760,OKC,Oklahoma City Thunder,21500740,2016-02-03T00:00:00,OKC vs. ORL,W,37.7,0.0,0.0,6.0,12.0,7.0,8.0,4.0,34.0,0.0,1.0,1.0,5.0,71.8,1,1,1,1,1661,12059,10158,740,988,12242,17345,8806,2701,8004,17214,4972,1539,34,1.0,37:41,2015,2016
2015-16,201143,Al Horford,Al,1610612737,ATL,Atlanta Hawks,21500736,2016-02-03T00:00:00,ATL @ PHI,W,22.3,2.0,2.0,0.0,4.0,10.0,5.0,7.0,18.0,2.0,1.0,1.0,2.0,29.2,1,1,1,1,13917,6026,4731,9917,8599,17370,11469,15538,13577,932,17214,4972,7786,6243,1.0,22:18,2015,2016
2015-16,203506,Victor Oladipo,Victor,1610612753,ORL,Orlando Magic,21500740,2016-02-03T00:00:00,ORL @ OKC,L,40.8,5.0,4.0,2.0,10.0,6.0,13.0,13.0,40.0,1.0,1.0,4.0,8.0,57.4,1,13074,13074,13074,526,1603,1596,4675,1840,10028,23668,23048,983,2692,17214,22104,254,296,1.0,40:48,2015,2016
2015-16,203952,Andrew Wiggins,Andrew,1610612750,MIN,Minnesota Timberwolves,21500745,2016-02-03T00:00:00,MIN @ LAC,W,36.9,9.0,7.0,6.0,14.0,10.0,6.0,6.0,26.0,2.0,2.0,3.0,2.0,43.3,1,1,1,1,2150,171,292,740,542,17370,13237,13388,7214,932,23588,17641,7786,1678,1.0,36:54,2015,2016
2015-16,1889,Andre Miller,Andre,1610612750,MIN,Minnesota Timberwolves,21500745,2016-02-03T00:00:00,MIN @ LAC,W,14.4,3.0,0.0,0.0,2.0,13.0,9.0,4.0,12.0,0.0,0.0,2.0,2.0,11.5,1,1,1,1,20142,4307,10158,9917,12984,21300,19144,8806,18637,8004,1,11390,7786,18079,1.0,14:27,2015,2016
2015-16,201572,Brook Lopez,Brook,1610612751,BKN,Brooklyn Nets,21500738,2016-02-03T00:00:00,BKN vs. IND,L,37.9,4.0,2.0,0.0,8.0,17.0,4.0,15.0,26.0,1.0,1.0,3.0,8.0,36.9,1,13074,13074,13074,1556,2460,4731,9917,3109,24337,8458,24242,7214,2692,17214,17641,254,3210,1.0,37:54,2015,2016
2015-16,203083,Andre Drummond,Andre,1610612765,DET,Detroit Pistons,21500737,2016-02-03T00:00:00,DET @ BOS,L,32.8,0.0,2.0,0.0,8.0,16.0,12.0,11.0,40.0,2.0,1.0,2.0,4.0,36.6,1,13074,13074,13074,5286,12059,4731,9917,3109,23774,22832,21342,983,932,17214,11390,2748,3288,1.0,32:47,2015,2016
2015-16,201939,Stephen Curry,Stephen,1610612744,GSW,Golden State Warriors,21500739,2016-02-03T00:00:00,GSW @ WAS,W,35.7,5.0,0.0,8.0,14.0,19.0,6.0,31.0,40.0,0.0,1.0,3.0,5.0,64.4,1,1,1,1,2988,1603,10158,280,542,25074,13237,26065,983,8004,17214,17641,1539,98,1.0,35:41,2015,2016
2015-16,101162,Marcin Gortat,Marcin,1610612764,WAS,Washington Wizards,21500739,2016-02-03T00:00:00,WAS vs. GSW,L,28.4,2.0,0.0,0.0,8.0,8.0,9.0,11.0,18.0,1.0,1.0,2.0,2.0,24.6,1,13074,13074,13074,8934,6026,10158,9917,3109,13914,19144,21342,13577,2692,17214,11390,7786,8724,1.0,28:23,2015,2016
2015-16,203110,Draymond Green,Draymond,1610612744,GSW,Golden State Warriors,21500739,2016-02-03T00:00:00,GSW @ WAS,W,34.0,2.0,0.0,0.0,4.0,19.0,6.0,29.0,36.0,5.0,0.0,5.0,5.0,56.0,1,1,1,1,4338,6026,10158,9917,8599,25074,13237,26054,1943,59,1,24686,1539,352,1.0,34:01,2015,2016
2015-16,201954,Darren Collison,Darren,1610612758,SAC,Sacramento Kings,21500744,2016-02-03T00:00:00,SAC vs. CHI,L,29.8,4.0,0.0,9.0,12.0,11.0,14.0,9.0,20.0,0.0,0.0,0.0,3.0,24.4,1,13074,13074,13074,7751,2460,10158,184,988,18886,24300,18829,11929,8004,1,1,4736,8867,1.0,29:46,2015,2016
2015-16,201956,Omri Casspi,Omri,1610612758,SAC,Sacramento Kings,21500744,2016-02-03T00:00:00,SAC vs. CHI,L,24.1,0.0,0.0,0.0,4.0,11.0,12.0,5.0,18.0,1.0,0.0,0.0,1.0,24.7,1,13074,13074,13074,12505,12059,10158,9917,8599,18886,22832,11593,13577,2692,1,1,12373,8673,1.0,24:03,2015,2016
2015-16,201142,Kevin Durant,Kevin,1610612760,OKC,Oklahoma City Thunder,21500740,2016-02-03T00:00:00,OKC vs. ORL,W,37.3,4.0,2.0,7.0,8.0,10.0,10.0,7.0,34.0,3.0,1.0,1.0,4.0,61.5,1,1,1,1,1882,2460,4731,454,3109,17370,20509,15538,2701,347,17214,4972,2748,163,1.0,37:19,2015,2016
2015-16,202391,Jeremy Lin,Jeremy,1610612766,CHA,Charlotte Hornets,21500735,2016-02-03T00:00:00,CHA vs. CLE,W,32.4,3.0,0.0,5.0,6.0,9.0,5.0,9.0,28.0,0.0,1.0,0.0,6.0,37.0,1,1,1,1,5566,4307,10158,1277,5299,15771,11469,18829,5824,8004,17214,1,873,3182,1.0,32:25,2015,2016
2015-16,202718,Chandler Parsons,Chandler,1610612742,DAL,Dallas Mavericks,21500741,2016-02-03T00:00:00,DAL vs. MIA,L,32.3,0.0,0.0,7.0,6.0,7.0,9.0,10.0,36.0,0.0,3.0,4.0,4.0,23.9,1,13074,13074,13074,5669,12059,10158,454,5299,12242,19144,20169,1943,8004,25441,22104,2748,9184,1.0,32:17,2015,2016
2015-16,1626167,Myles Turner,Myles,1610612754,IND,Indiana Pacers,21500738,2016-02-03T00:00:00,IND @ BKN,W,30.6,0.0,2.0,1.0,6.0,14.0,8.0,11.0,20.0,3.0,1.0,2.0,1.0,24.4,1,1,1,1,7022,12059,4731,9347,5299,22292,17345,21342,11929,347,17214,11390,12373,8867,1.0,30:36,2015,2016
2015-16,2548,Dwyane Wade,Dwyane,1610612748,MIA,Miami Heat,21500741,2016-02-03T00:00:00,MIA @ DAL,W,28.3,0.0,4.0,2.0,4.0,4.0,5.0,12.0,24.0,0.0,1.0,0.0,5.0,35.6,1,1,1,1,9039,12059,1596,4675,8599,6141,11469,22259,8723,8004,17214,1,1539,3615,1.0,28:15,2015,2016
2015-16,201586,Serge Ibaka,Serge,1610612760,OKC,Oklahoma City Thunder,21500740,2016-02-03T00:00:00,OKC vs. ORL,W,36.3,0.0,3.0,0.0,6.0,7.0,8.0,4.0,32.0,6.0,0.0,3.0,1.0,35.9,1,1,1,1,2543,12059,3104,9917,5299,12242,17345,8806,3535,19,1,17641,12373,3505,1.0,36:19,2015,2016
2015-16,1626157,Karl-Anthony Towns,Karl-Anthony,1610612750,MIN,Minnesota Timberwolves,21500745,2016-02-03T00:00:00,MIN @ LAC,W,31.1,4.0,2.0,0.0,8.0,13.0,7.0,6.0,22.0,1.0,2.0,4.0,2.0,36.4,1,1,1,1,6670,2460,4731,9917,3109,21300,15642,13388,10265,2692,23588,22104,7786,3353,1.0,31:03,2015,2016
2015-16,203092,Tyler Zeller,Tyler,1610612738,BOS,Boston Celtics,21500737,2016-02-03T00:00:00,BOS vs. DET,W,13.6,2.0,2.0,0.0,4.0,3.0,11.0,2.0,4.0,3.0,0.0,2.0,1.0,30.0,1,1,1,1,20648,6026,4731,9917,8599,5109,21814,4025,23698,347,1,11390,12373,5840,1.0,13:35,2015,2016
2015-16,202322,John Wall,John,1610612764,WAS,Washington Wizards,21500739,2016-02-03T00:00:00,WAS vs. GSW,L,34.7,8.0,3.0,15.0,18.0,11.0,7.0,11.0,24.0,0.0,2.0,4.0,7.0,62.6,1,13074,13074,13074,3742,308,3104,9,131,18886,15642,21342,8723,8004,23588,22104,469,129,1.0,34:44,2015,2016
2015-16,1717,Dirk Nowitzki,Dirk,1610612742,DAL,Dallas Mavericks,21500741,2016-02-03T00:00:00,DAL vs. MIA,L,35.5,3.0,0.0,3.0,6.0,6.0,13.0,8.0,28.0,3.0,1.0,2.0,6.0,43.3,1,13074,13074,13074,3182,4307,10158,3302,5299,10028,23668,17194,5824,347,17214,11390,873,1678,1.0,35:28,2015,2016
2015-16,200757,Thabo Sefolosha,Thabo,1610612737,ATL,Atlanta Hawks,21500736,2016-02-03T00:00:00,ATL @ PHI,W,20.6,3.0,3.0,2.0,6.0,2.0,9.0,4.0,16.0,1.0,0.0,1.0,1.0,29.2,1,1,1,1,15386,4307,3104,4675,5299,2619,19144,8806,15259,2692,1,4972,12373,6243,1.0,20:36,2015,2016
2015-16,202331,Paul George,Paul,1610612754,IND,Indiana Pacers,21500738,2016-02-03T00:00:00,IND @ BKN,W,32.9,5.0,0.0,7.0,2.0,14.0,10.0,11.0,24.0,1.0,0.0,3.0,6.0,44.8,1,1,1,1,5183,1603,10158,454,12984,22292,20509,21342,8723,2692,1,17641,873,1406,1.0,32:56,2015,2016
2015-16,202681,Kyrie Irving,Kyrie,1610612739,CLE,Cleveland Cavaliers,21500735,2016-02-03T00:00:00,CLE @ CHA,L,36.6,2.0,0.0,2.0,12.0,4.0,9.0,18.0,38.0,0.0,1.0,4.0,3.0,36.7,1,13074,13074,13074,2326,6026,10158,4675,988,6141,19144,25228,1422,8004,17214,22104,4736,3269,1.0,36:37,2015,2016
2015-16,2736,Luol Deng,Luol,1610612748,MIA,Miami Heat,21500741,2016-02-03T00:00:00,MIA @ DAL,W,32.0,0.0,3.0,5.0,6.0,4.0,5.0,14.0,26.0,1.0,0.0,2.0,4.0,24.5,1,1,1,1,5848,12059,3104,1277,5299,6141,11469,23710,7214,2692,1,11390,2748,8801,1.0,32:03,2015,2016
2015-16,200746,LaMarcus Aldridge,LaMarcus,1610612759,SAS,San Antonio Spurs,21500742,2016-02-03T00:00:00,SAS vs. NOP,W,33.9,14.0,2.0,0.0,16.0,10.0,12.0,10.0,34.0,3.0,2.0,3.0,7.0,54.7,1,1,1,1,4454,6,4731,9917,275,17370,22832,20169,2701,347,23588,17641,469,406,1.0,33:52,2015,2016
2015-16,202326,DeMarcus Cousins,DeMarcus,1610612758,SAC,Sacramento Kings,21500744,2016-02-03T00:00:00,SAC vs. CHI,L,37.3,2.0,3.0,1.0,12.0,19.0,10.0,18.0,34.0,2.0,0.0,2.0,8.0,58.2,1,13074,13074,13074,1888,6026,3104,9347,988,25074,20509,25228,2701,932,1,11390,254,262,1.0,37:18,2015,2016
2015-16,202324,Derrick Favors,Derrick,1610612762,UTA,Utah Jazz,21500743,2016-02-03T00:00:00,UTA vs. DEN,W,34.7,5.0,3.0,0.0,12.0,16.0,6.0,11.0,26.0,6.0,0.0,2.0,4.0,44.2,1,1,1,1,3808,1603,3104,9917,988,23774,13237,21342,7214,19,1,11390,2748,1515,1.0,34:40,2015,2016
2015-16,202330,Gordon Hayward,Gordon,1610612762,UTA,Utah Jazz,21500743,2016-02-03T00:00:00,UTA vs. DEN,W,38.2,2.0,2.0,0.0,0.0,14.0,7.0,9.0,26.0,0.0,0.0,5.0,4.0,24.9,1,1,1,1,1409,6026,4731,9917,18861,22292,15642,18829,7214,8004,1,24686,2748,8553,1.0,38:14,2015,2016
2015-16,2585,Zaza Pachulia,Zaza,1610612742,DAL,Dallas Mavericks,21500741,2016-02-03T00:00:00,DAL vs. MIA,L,38.8,0.0,2.0,2.0,8.0,6.0,13.0,11.0,34.0,0.0,0.0,1.0,5.0,36.0,1,13074,13074,13074,1130,12059,4731,4675,3109,10028,23668,21342,2701,8004,1,4972,1539,3463,1.0,38:50,2015,2016
2015-16,201950,Jrue Holiday,Jrue,1610612740,NOP,New Orleans Pelicans,21500742,2016-02-03T00:00:00,NOP @ SAS,L,30.2,0.0,0.0,0.0,6.0,10.0,4.0,6.0,32.0,0.0,1.0,3.0,2.0,35.3,1,13074,13074,13074,7399,12059,10158,9917,5299,17370,8458,13388,3535,8004,17214,17641,7786,3719,1.0,30:09,2015,2016
2015-16,203999,Nikola Jokić,Nikola,1610612743,DEN,Denver Nuggets,21500743,2016-02-03T00:00:00,DEN @ UTA,L,29.0,0.0,2.0,0.0,2.0,10.0,5.0,2.0,26.0,0.0,2.0,5.0,1.0,27.2,1,13074,13074,13074,8354,12059,4731,9917,12984,17370,11469,4025,7214,8004,23588,24686,12373,7289,1.0,29:01,2015,2016
2015-16,203078,Bradley Beal,Bradley,1610612764,WAS,Washington Wizards,21500739,2016-02-03T00:00:00,WAS vs. GSW,L,28.9,3.0,0.0,3.0,14.0,9.0,8.0,10.0,14.0,1.0,1.0,3.0,2.0,31.2,1,13074,13074,13074,8434,4307,10158,3302,542,15771,17345,20169,17019,2692,17214,17641,7786,5304,1.0,28:55,2015,2016
2015-16,202730,Lavoy Allen,Lavoy,1610612754,IND,Indiana Pacers,21500738,2016-02-03T00:00:00,IND @ BKN,W,25.5,0.0,4.0,0.0,10.0,6.0,4.0,7.0,16.0,1.0,1.0,4.0,2.0,26.1,1,1,1,1,11317,12059,1596,9917,1840,10028,8458,15538,15259,2692,17214,22104,7786,7836,1.0,25:28,2015,2016
2015-16,2550,Kirk Hinrich,Kirk,1610612741,CHI,Chicago Bulls,21500744,2016-02-03T00:00:00,CHI @ SAC,W,18.9,0.0,0.0,0.0,0.0,7.0,1.0,8.0,20.0,0.0,0.0,3.0,0.0,15.3,1,1,1,1,16774,12059,10158,9917,18861,12242,3393,17194,11929,8004,1,17641,18762,15150,1.0,18:55,2015,2016
2015-16,101108,Chris Paul,Chris,1610612746,LAC,LA Clippers,21500745,2016-02-03T00:00:00,LAC vs. MIN,L,35.7,0.0,0.0,0.0,2.0,17.0,13.0,10.0,38.0,0.0,0.0,2.0,4.0,42.8,1,13074,13074,13074,2946,12059,10158,9917,12984,24337,23668,20169,1422,8004,1,11390,2748,1776,1.0,35:44,2015,2016
2015-16,101106,Andrew Bogut,Andrew,1610612744,GSW,Golden State Warriors,21500739,2016-02-03T00:00:00,GSW @ WAS,W,18.6,2.0,2.0,0.0,2.0,8.0,3.0,18.0,18.0,0.0,0.0,4.0,3.0,19.7,1,1,1,1,17007,6026,4731,9917,12984,13914,7138,25228,13577,8004,1,22104,4736,11962,1.0,18:37,2015,2016
2015-16,200794,Paul Millsap,Paul,1610612737,ATL,Atlanta Hawks,21500736,2016-02-03T00:00:00,ATL @ PHI,W,25.5,2.0,2.0,1.0,4.0,9.0,4.0,11.0,28.0,2.0,1.0,0.0,4.0,26.3,1,1,1,1,11317,6026,4731,9347,8599,15771,8458,21342,5824,932,17214,1,2748,7733,1.0,25:28,2015,2016
2015-16,203935,Marcus Smart,Marcus,1610612738,BOS,Boston Celtics,21500737,2016-02-03T00:00:00,BOS vs. DET,W,28.4,0.0,0.0,3.0,0.0,6.0,10.0,4.0,16.0,0.0,1.0,1.0,1.0,20.3,1,1,1,1,8879,12059,10158,3302,18861,10028,20509,8806,15259,8004,17214,4972,12373,11534,1.0,28:26,2015,2016
2015-16,101139,CJ Miles,CJ,1610612754,IND,Indiana Pacers,21500738,2016-02-03T00:00:00,IND @ BKN,W,21.7,2.0,3.0,6.0,8.0,10.0,6.0,2.0,24.0,0.0,0.0,1.0,2.0,30.9,1,1,1,1,14406,6026,3104,740,3109,17370,13237,4025,8723,8004,1,4972,7786,5452,1.0,21:44,2015,2016
2015-16,203469,Cody Zeller,Cody,1610612766,CHA,Charlotte Hornets,21500735,2016-02-03T00:00:00,CHA vs. CLE,W,27.9,2.0,2.0,4.0,6.0,9.0,0.0,9.0,26.0,1.0,2.0,3.0,1.0,20.4,1,1,1,1,9327,6026,4731,1913,5299,15771,1,18829,7214,2692,23588,17641,12373,11453,1.0,27:52,2015,2016
2015-16,200765,Rajon Rondo,Rajon,1610612758,SAC,Sacramento Kings,21500744,2016-02-03T00:00:00,SAC vs. CHI,L,30.9,4.0,0.0,2.0,4.0,19.0,4.0,16.0,24.0,0.0,0.0,3.0,1.0,26.9,1,13074,13074,13074,6803,2460,10158,4675,8599,25074,8458,24641,8723,8004,1,17641,12373,7438,1.0,30:54,2015,2016
2015-16,201980,Danny Green,Danny,1610612759,SAS,San Antonio Spurs,21500742,2016-02-03T00:00:00,SAS vs. NOP,W,38.7,0.0,0.0,6.0,2.0,10.0,6.0,10.0,26.0,1.0,0.0,3.0,0.0,30.9,1,1,1,1,1204,12059,10158,740,12984,17370,13237,20169,7214,2692,1,17641,18762,5452,1.0,38:39,2015,2016
2015-16,202388,Donald Sloan,Donald,1610612751,BKN,Brooklyn Nets,21500738,2016-02-03T00:00:00,BKN vs. IND,L,32.4,2.0,0.0,2.0,6.0,14.0,4.0,15.0,24.0,0.0,1.0,2.0,2.0,27.1,1,13074,13074,13074,5552,6026,10158,4675,5299,22292,8458,24242,8723,8004,17214,11390,7786,7339,1.0,32:26,2015,2016
2015-16,203503,Tony Snell,Tony,1610612741,CHI,Chicago Bulls,21500744,2016-02-03T00:00:00,CHI @ SAC,W,21.3,0.0,2.0,2.0,4.0,8.0,6.0,0.0,18.0,0.0,1.0,0.0,0.0,20.4,1,1,1,1,14778,12059,4731,4675,8599,13914,13237,1,13577,8004,17214,1,18762,11453,1.0,21:19,2015,2016
2015-16,201575,Brandon Rush,Brandon,1610612744,GSW,Golden State Warriors,21500739,2016-02-03T00:00:00,GSW @ WAS,W,13.1,0.0,0.0,1.0,0.0,6.0,3.0,8.0,20.0,0.0,0.0,1.0,1.0,15.3,1,1,1,1,20910,12059,10158,9347,18861,10028,7138,17194,11929,8004,1,4972,12373,15150,1.0,13:07,2015,2016
2015-16,203109,Jae Crowder,Jae,1610612738,BOS,Boston Celtics,21500737,2016-02-03T00:00:00,BOS vs. DET,W,31.2,8.0,2.0,3.0,4.0,7.0,9.0,7.0,14.0,0.0,1.0,5.0,2.0,31.2,1,1,1,1,6567,308,4731,3302,8599,12242,19144,15538,17019,8004,17214,24686,7786,5304,1.0,31:11,2015,2016
2015-16,2207,Joe Johnson,Joe,1610612751,BKN,Brooklyn Nets,21500738,2016-02-03T00:00:00,BKN vs. IND,L,35.9,2.0,0.0,3.0,2.0,17.0,4.0,15.0,26.0,0.0,0.0,4.0,3.0,41.3,1,13074,13074,13074,2833,6026,10158,3302,12984,24337,8458,24242,7214,8004,1,22104,4736,2074,1.0,35:54,2015,2016
2015-16,203079,Dion Waiters,Dion,1610612760,OKC,Oklahoma City Thunder,21500740,2016-02-03T00:00:00,OKC vs. ORL,W,34.1,0.0,0.0,3.0,4.0,10.0,10.0,7.0,34.0,0.0,1.0,2.0,3.0,15.4,1,1,1,1,4262,12059,10158,3302,8599,17370,20509,15538,2701,8004,17214,11390,4736,15066,1.0,34:07,2015,2016
2015-16,201565,Derrick Rose,Derrick,1610612741,CHI,Chicago Bulls,21500744,2016-02-03T00:00:00,CHI @ SAC,W,35.4,4.0,2.0,2.0,6.0,13.0,9.0,8.0,36.0,0.0,2.0,1.0,7.0,40.7,1,1,1,1,3224,2460,4731,4675,5299,21300,19144,17194,1943,8004,23588,4972,469,2199,1.0,35:24,2015,2016
2015-16,202734,E'Twaun Moore,E'Twaun,1610612741,CHI,Chicago Bulls,21500744,2016-02-03T00:00:00,CHI @ SAC,W,37.6,7.0,2.0,7.0,6.0,13.0,9.0,8.0,36.0,0.0,2.0,5.0,2.0,41.0,1,1,1,1,1682,548,4731,454,5299,21300,19144,17194,1943,8004,23588,24686,7786,2143,1.0,37:38,2015,2016
2015-16,202691,Klay Thompson,Klay,1610612744,GSW,Golden State Warriors,21500739,2016-02-03T00:00:00,GSW @ WAS,W,33.2,3.0,3.0,2.0,4.0,19.0,3.0,31.0,36.0,0.0,0.0,1.0,1.0,30.8,1,1,1,1,5003,4307,3104,4675,8599,25074,7138,26065,1943,8004,1,4972,12373,5493,1.0,33:09,2015,2016
2015-16,203504,Trey Burke,Trey,1610612762,UTA,Utah Jazz,21500743,2016-02-03T00:00:00,UTA vs. DEN,W,16.0,2.0,0.0,0.0,2.0,6.0,3.0,4.0,12.0,0.0,0.0,0.0,1.0,11.8,1,1,1,1,19046,6026,10158,9917,12984,10028,7138,8806,18637,8004,1,1,12373,17832,1.0,15:60,2015,2016
2015-16,201568,Danilo Gallinari,Danilo,1610612743,DEN,Denver Nuggets,21500743,2016-02-03T00:00:00,DEN @ UTA,L,36.7,7.0,0.0,2.0,2.0,11.0,9.0,2.0,28.0,0.0,0.0,3.0,8.0,27.4,1,13074,13074,13074,2279,548,10158,4675,12984,18886,19144,4025,5824,8004,1,17641,254,7179,1.0,36:43,2015,2016
2015-16,202694,Marcus Morris Sr.,Marcus,1610612765,DET,Detroit Pistons,21500737,2016-02-03T00:00:00,DET @ BOS,L,36.3,3.0,2.0,2.0,0.0,14.0,8.0,18.0,42.0,0.0,2.0,2.0,6.0,27.4,1,13074,13074,13074,2554,4307,4731,4675,18861,22292,17345,25228,670,8004,23588,11390,873,7179,1.0,36:17,2015,2016
2015-16,201196,Ramon Sessions,Ramon,1610612764,WAS,Washington Wizards,21500739,2016-02-03T00:00:00,WAS vs. GSW,L,21.8,3.0,0.0,4.0,6.0,5.0,8.0,7.0,6.0,0.0,0.0,1.0,1.0,19.8,1,13074,13074,13074,14331,4307,10158,1913,5299,8403,17345,15538,22724,8004,1,4972,12373,11883,1.0,21:48,2015,2016
2015-16,201578,Marreese Speights,Marreese,1610612744,GSW,Golden State Warriors,21500739,2016-02-03T00:00:00,GSW @ WAS,W,12.0,0.0,0.0,0.0,2.0,5.0,0.0,7.0,18.0,0.0,1.0,0.0,0.0,15.2,1,1,1,1,21606,12059,10158,9917,12984,8403,1,15538,13577,8004,17214,1,18762,15219,1.0,11:58,2015,2016
2015-16,203501,Tim Hardaway Jr.,Tim,1610612737,ATL,Atlanta Hawks,21500736,2016-02-03T00:00:00,ATL @ PHI,W,25.8,6.0,4.0,9.0,8.0,8.0,7.0,4.0,24.0,0.0,1.0,1.0,1.0,30.4,1,1,1,1,11030,878,1596,184,3109,13914,15642,8806,8723,8004,17214,4972,12373,5661,1.0,25:47,2015,2016
2015-16,202344,Trevor Booker,Trevor,1610612762,UTA,Utah Jazz,21500743,2016-02-03T00:00:00,UTA vs. DEN,W,21.3,0.0,0.0,0.0,8.0,7.0,3.0,6.0,16.0,2.0,0.0,1.0,1.0,20.6,1,1,1,1,14801,12059,10158,9917,3109,12242,7138,13388,15259,932,1,4972,12373,11314,1.0,21:17,2015,2016
2015-16,203914,Gary Harris,Gary,1610612743,DEN,Denver Nuggets,21500743,2016-02-03T00:00:00,DEN @ UTA,L,41.6,6.0,0.0,6.0,6.0,13.0,9.0,5.0,38.0,0.0,1.0,3.0,1.0,26.2,1,13074,13074,13074,368,878,10158,740,5299,21300,19144,11593,1422,8004,17214,17641,12373,7785,1.0,41:37,2015,2016
2015-16,101112,Channing Frye,Channing,1610612753,ORL,Orlando Magic,21500740,2016-02-03T00:00:00,ORL @ OKC,L,17.2,0.0,0.0,0.0,2.0,8.0,11.0,5.0,18.0,0.0,0.0,2.0,1.0,12.2,1,13074,13074,13074,18151,12059,10158,9917,12984,13914,21814,11593,13577,8004,1,11390,12373,17566,1.0,17:11,2015,2016
2015-16,201988,Patty Mills,Patty,1610612759,SAS,San Antonio Spurs,21500742,2016-02-03T00:00:00,SAS vs. NOP,W,24.5,0.0,0.0,0.0,2.0,6.0,4.0,0.0,14.0,0.0,0.0,1.0,2.0,20.6,1,1,1,1,12133,12059,10158,9917,12984,10028,8458,1,17019,8004,1,4972,7786,11314,1.0,24:29,2015,2016
2015-16,203096,Jared Sullinger,Jared,1610612738,BOS,Boston Celtics,21500737,2016-02-03T00:00:00,BOS vs. DET,W,18.4,2.0,2.0,0.0,10.0,1.0,2.0,5.0,10.0,1.0,0.0,3.0,1.0,27.1,1,1,1,1,17147,6026,4731,9917,1840,2356,3734,11593,20209,2692,1,17641,12373,7339,1.0,18:26,2015,2016
2015-16,1626171,Bobby Portis,Bobby,1610612741,CHI,Chicago Bulls,21500744,2016-02-03T00:00:00,CHI @ SAC,W,20.7,0.0,4.0,2.0,6.0,2.0,0.0,6.0,22.0,0.0,0.0,2.0,0.0,12.1,1,1,1,1,15319,12059,1596,4675,5299,2619,1,13388,10265,8004,1,11390,18762,17639,1.0,20:42,2015,2016
2015-16,201152,Thaddeus Young,Thaddeus,1610612751,BKN,Brooklyn Nets,21500738,2016-02-03T00:00:00,BKN vs. IND,L,34.7,8.0,4.0,6.0,12.0,14.0,6.0,16.0,32.0,0.0,3.0,1.0,3.0,30.3,1,13074,13074,13074,3744,308,1596,740,988,22292,13237,24641,3535,8004,25441,4972,4736,5702,1.0,34:44,2015,2016
2015-16,101141,Ersan Ilyasova,Ersan,1610612765,DET,Detroit Pistons,21500737,2016-02-03T00:00:00,DET @ BOS,L,26.1,1.0,0.0,5.0,4.0,13.0,10.0,6.0,30.0,0.0,2.0,1.0,2.0,15.4,1,13074,13074,13074,10755,11535,10158,1277,8599,21300,20509,13388,4541,8004,23588,4972,7786,15066,1.0,26:06,2015,2016
2015-16,203490,Otto Porter Jr.,Otto,1610612764,WAS,Washington Wizards,21500739,2016-02-03T00:00:00,WAS vs. GSW,L,32.1,4.0,0.0,4.0,2.0,9.0,7.0,11.0,26.0,0.0,0.0,2.0,2.0,26.6,1,13074,13074,13074,5771,2460,10158,1913,12984,15771,15642,21342,7214,8004,1,11390,7786,7566,1.0,32:08,2015,2016
2015-16,203496,Robert Covington,Robert,1610612755,PHI,Philadelphia 76ers,21500736,2016-02-03T00:00:00,PHI vs. ATL,L,21.4,2.0,2.0,2.0,6.0,18.0,9.0,10.0,24.0,1.0,1.0,1.0,1.0,15.2,1,13074,13074,13074,14708,6026,4731,4675,5299,24749,19144,20169,8723,2692,17214,4972,12373,15219,1.0,21:23,2015,2016
2015-16,201171,Carl Landry,Carl,1610612755,PHI,Philadelphia 76ers,21500736,2016-02-03T00:00:00,PHI vs. ATL,L,14.8,0.0,0.0,0.0,2.0,8.0,4.0,14.0,18.0,2.0,2.0,1.0,0.0,15.9,1,13074,13074,13074,19902,12059,10158,9917,12984,13914,8458,23710,13577,932,23588,4972,18762,14675,1.0,14:47,2015,2016
2015-16,203118,Mike Scott,Mike,1610612737,ATL,Atlanta Hawks,21500736,2016-02-03T00:00:00,ATL @ PHI,W,20.4,4.0,0.0,2.0,8.0,4.0,7.0,0.0,18.0,0.0,1.0,2.0,1.0,26.3,1,1,1,1,15547,2460,10158,4675,3109,6141,15642,1,13577,8004,17214,11390,12373,7733,1.0,20:25,2015,2016
2015-16,203901,Elfrid Payton,Elfrid,1610612753,ORL,Orlando Magic,21500740,2016-02-03T00:00:00,ORL @ OKC,L,29.2,0.0,0.0,0.0,4.0,6.0,2.0,15.0,24.0,0.0,3.0,4.0,1.0,20.0,1,13074,13074,13074,8254,12059,10158,9917,8599,10028,3734,24242,8723,8004,25441,22104,12373,11752,1.0,29:09,2015,2016
2015-16,202695,Kawhi Leonard,Kawhi,1610612759,SAS,San Antonio Spurs,21500742,2016-02-03T00:00:00,SAS vs. NOP,W,35.6,4.0,0.0,2.0,16.0,10.0,12.0,10.0,32.0,2.0,0.0,1.0,5.0,40.5,1,1,1,1,3043,2460,10158,4675,275,17370,22832,20169,3535,932,1,4972,1539,2257,1.0,35:38,2015,2016
2015-16,201585,Kosta Koufos,Kosta,1610612758,SAC,Sacramento Kings,21500744,2016-02-03T00:00:00,SAC vs. CHI,L,15.3,0.0,0.0,0.0,0.0,7.0,4.0,3.0,6.0,2.0,0.0,1.0,1.0,13.5,1,13074,13074,13074,19541,12059,10158,9917,18861,12242,8458,7328,22724,932,1,4972,12373,16552,1.0,15:20,2015,2016
2015-16,202390,Gary Neal,Gary,1610612764,WAS,Washington Wizards,21500739,2016-02-03T00:00:00,WAS vs. GSW,L,18.1,0.0,0.0,2.0,2.0,9.0,5.0,9.0,6.0,0.0,0.0,2.0,1.0,13.5,1,13074,13074,13074,17402,12059,10158,4675,12984,15771,11469,18829,22724,8004,1,11390,12373,16552,1.0,18:08,2015,2016
2015-16,2733,Shaun Livingston,Shaun,1610612744,GSW,Golden State Warriors,21500739,2016-02-03T00:00:00,GSW @ WAS,W,15.0,1.0,0.0,1.0,2.0,5.0,0.0,8.0,18.0,0.0,0.0,2.0,1.0,21.9,1,1,1,1,19728,11535,10158,9347,12984,8403,1,17194,13577,8004,1,11390,12373,10460,1.0,15:02,2015,2016
2015-16,202699,Tobias Harris,Tobias,1610612753,ORL,Orlando Magic,21500740,2016-02-03T00:00:00,ORL @ OKC,L,34.4,2.0,2.0,2.0,10.0,2.0,5.0,12.0,34.0,0.0,3.0,1.0,2.0,27.9,1,13074,13074,13074,4047,6026,4731,4675,1840,2619,11469,22259,2701,8004,25441,4972,7786,6914,1.0,34:23,2015,2016
2015-16,203926,Doug McDermott,Doug,1610612741,CHI,Chicago Bulls,21500744,2016-02-03T00:00:00,CHI @ SAC,W,25.0,0.0,2.0,3.0,2.0,5.0,2.0,8.0,22.0,0.0,1.0,1.0,1.0,13.4,1,1,1,1,11695,12059,4731,3302,12984,8403,3734,17194,10265,8004,17214,4972,12373,16614,1.0,24:58,2015,2016
2015-16,203148,Brian Roberts,Brian,1610612766,CHA,Charlotte Hornets,21500735,2016-02-03T00:00:00,CHA vs. CLE,W,15.6,2.0,0.0,2.0,2.0,0.0,0.0,3.0,6.0,0.0,0.0,2.0,3.0,13.7,1,1,1,1,19356,6026,10158,4675,12984,1,1,7328,22724,8004,1,11390,4736,16393,1.0,15:35,2015,2016
2015-16,201567,Kevin Love,Kevin,1610612739,CLE,Cleveland Cavaliers,21500735,2016-02-03T00:00:00,CLE @ CHA,L,36.0,3.0,0.0,0.0,2.0,2.0,11.0,17.0,38.0,2.0,0.0,1.0,1.0,38.9,1,13074,13074,13074,2748,4307,10158,9917,12984,2619,21814,24967,1422,932,1,4972,12373,2667,1.0,36:01,2015,2016
2015-16,2738,Andre Iguodala,Andre,1610612744,GSW,Golden State Warriors,21500739,2016-02-03T00:00:00,GSW @ WAS,W,28.9,1.0,6.0,0.0,2.0,14.0,3.0,19.0,36.0,0.0,1.0,4.0,4.0,22.7,1,1,1,1,8463,11535,481,9917,12984,22292,7138,25435,1943,8004,17214,22104,2748,9938,1.0,28:53,2015,2016
2015-16,203471,Dennis Schröder,Dennis,1610612737,ATL,Atlanta Hawks,21500736,2016-02-03T00:00:00,ATL @ PHI,W,17.2,3.0,2.0,5.0,4.0,5.0,7.0,0.0,10.0,0.0,2.0,1.0,3.0,22.0,1,1,1,1,18127,4307,4731,1277,8599,8403,15642,1,20209,8004,23588,4972,4736,10388,1.0,17:12,2015,2016
2015-16,1626159,Justise Winslow,Justise,1610612748,MIA,Miami Heat,21500741,2016-02-03T00:00:00,MIA @ DAL,W,29.8,2.0,0.0,2.0,2.0,7.0,2.0,11.0,24.0,1.0,1.0,3.0,0.0,17.2,1,1,1,1,7683,6026,10158,4675,12984,12242,3734,21342,8723,2692,17214,17641,18762,13725,1.0,29:51,2015,2016
2015-16,202704,Reggie Jackson,Reggie,1610612765,DET,Detroit Pistons,21500737,2016-02-03T00:00:00,DET @ BOS,L,33.2,3.0,2.0,0.0,2.0,12.0,12.0,5.0,36.0,1.0,0.0,4.0,4.0,28.7,1,13074,13074,13074,4985,4307,4731,9917,12984,20178,22832,11593,1943,2692,1,22104,2748,6514,1.0,33:10,2015,2016
2015-16,1626169,Stanley Johnson,Stanley,1610612765,DET,Detroit Pistons,21500737,2016-02-03T00:00:00,DET @ BOS,L,30.4,0.0,5.0,0.0,2.0,16.0,10.0,14.0,28.0,0.0,0.0,3.0,1.0,21.8,1,13074,13074,13074,7177,12059,995,9917,12984,23774,20509,23710,5824,8004,1,17641,12373,10526,1.0,30:24,2015,2016
2015-16,203145,Kent Bazemore,Kent,1610612737,ATL,Atlanta Hawks,21500736,2016-02-03T00:00:00,ATL @ PHI,W,18.9,2.0,2.0,2.0,4.0,7.0,4.0,7.0,20.0,1.0,0.0,0.0,1.0,22.6,1,1,1,1,16764,6026,4731,4675,8599,12242,8458,15538,11929,2692,1,1,12373,10000,1.0,18:55,2015,2016
2015-16,201937,Ricky Rubio,Ricky,1610612750,MIN,Minnesota Timberwolves,21500745,2016-02-03T00:00:00,MIN @ LAC,W,30.1,0.0,0.0,2.0,2.0,8.0,4.0,6.0,22.0,0.0,2.0,4.0,4.0,37.5,1,1,1,1,7445,12059,10158,4675,12984,13914,8458,13388,10265,8004,23588,22104,2748,3050,1.0,30:06,2015,2016
2015-16,202696,Nikola Vučević,Nikola,1610612753,ORL,Orlando Magic,21500740,2016-02-03T00:00:00,ORL @ OKC,L,36.4,0.0,0.0,0.0,6.0,4.0,7.0,14.0,36.0,2.0,2.0,3.0,4.0,28.1,1,13074,13074,13074,2509,12059,10158,9917,5299,6141,15642,23710,1943,932,23588,17641,2748,6818,1.0,36:21,2015,2016
2015-16,201162,Jared Dudley,Jared,1610612764,WAS,Washington Wizards,21500739,2016-02-03T00:00:00,WAS vs. GSW,L,17.9,2.0,0.0,5.0,0.0,5.0,10.0,6.0,12.0,0.0,0.0,3.0,1.0,17.6,1,13074,13074,13074,17579,6026,10158,1277,18861,8403,20509,13388,18637,8004,1,17641,12373,13443,1.0,17:55,2015,2016
2015-16,2200,Pau Gasol,Pau,1610612741,CHI,Chicago Bulls,21500744,2016-02-03T00:00:00,CHI @ SAC,W,36.4,6.0,2.0,0.0,2.0,13.0,9.0,9.0,38.0,0.0,2.0,3.0,7.0,37.6,1,1,1,1,2438,878,4731,9917,12984,21300,19144,18829,1422,8004,23588,17641,469,3018,1.0,36:26,2015,2016
2015-16,203115,Will Barton,Will,1610612743,DEN,Denver Nuggets,21500743,2016-02-03T00:00:00,DEN @ UTA,L,23.4,2.0,4.0,2.0,10.0,2.0,3.0,3.0,20.0,1.0,1.0,0.0,0.0,28.0,1,13074,13074,13074,13030,6026,1596,4675,1840,2619,7138,7328,11929,2692,17214,1,18762,6864,1.0,23:25,2015,2016
2015-16,2225,Tony Parker,Tony,1610612759,SAS,San Antonio Spurs,21500742,2016-02-03T00:00:00,SAS vs. NOP,W,29.8,2.0,0.0,0.0,0.0,8.0,10.0,10.0,26.0,0.0,0.0,2.0,2.0,13.4,1,1,1,1,7735,6026,10158,9917,18861,13914,20509,20169,7214,8004,1,11390,7786,16614,1.0,29:48,2015,2016
2015-16,201160,Jason Smith,Jason,1610612753,ORL,Orlando Magic,21500740,2016-02-03T00:00:00,ORL @ OKC,L,17.9,0.0,2.0,0.0,4.0,6.0,6.0,3.0,14.0,2.0,0.0,2.0,0.0,27.6,1,13074,13074,13074,17596,12059,4731,9917,8599,10028,13237,7328,17019,932,1,11390,18762,7080,1.0,17:54,2015,2016
2015-16,201158,Marco Belinelli,Marco,1610612758,SAC,Sacramento Kings,21500744,2016-02-03T00:00:00,SAC vs. CHI,L,36.0,3.0,0.0,0.0,2.0,19.0,8.0,18.0,30.0,0.0,0.0,3.0,2.0,27.8,1,13074,13074,13074,2794,4307,10158,9917,12984,25074,17345,25228,4541,8004,1,17641,7786,6950,1.0,35:58,2015,2016
2015-16,1626147,Justin Anderson,Justin,1610612742,DAL,Dallas Mavericks,21500741,2016-02-03T00:00:00,DAL vs. MIA,L,22.5,2.0,0.0,2.0,2.0,3.0,2.0,14.0,14.0,2.0,2.0,3.0,0.0,22.4,1,13074,13074,13074,13780,6026,10158,4675,12984,5109,3734,23710,17019,932,23588,17641,18762,10131,1.0,22:29,2015,2016
2015-16,202355,Hassan Whiteside,Hassan,1610612748,MIA,Miami Heat,21500741,2016-02-03T00:00:00,MIA @ DAL,W,17.4,4.0,4.0,0.0,10.0,5.0,5.0,2.0,12.0,5.0,0.0,5.0,2.0,39.3,1,1,1,1,18004,2460,1596,9917,1840,8403,11469,4025,18637,59,1,24686,7786,2563,1.0,17:21,2015,2016
2015-16,202397,Ish Smith,Ish,1610612755,PHI,Philadelphia 76ers,21500736,2016-02-03T00:00:00,PHI vs. ATL,L,26.1,2.0,0.0,2.0,4.0,18.0,11.0,13.0,32.0,0.0,2.0,0.0,2.0,22.1,1,13074,13074,13074,10786,6026,10158,4675,8599,24749,21814,23048,3535,8004,23588,1,7786,10332,1.0,26:04,2015,2016
2015-16,101161,Amir Johnson,Amir,1610612738,BOS,Boston Celtics,21500737,2016-02-03T00:00:00,BOS vs. DET,W,21.3,2.0,0.0,2.0,4.0,4.0,2.0,3.0,8.0,1.0,0.0,1.0,1.0,13.8,1,1,1,1,14743,6026,10158,4675,8599,6141,3734,7328,21543,2692,1,4972,12373,16311,1.0,21:20,2015,2016
2015-16,202323,Evan Turner,Evan,1610612738,BOS,Boston Celtics,21500737,2016-02-03T00:00:00,BOS vs. DET,W,26.5,0.0,4.0,2.0,4.0,6.0,11.0,6.0,18.0,2.0,1.0,3.0,5.0,32.7,1,1,1,1,10472,12059,1596,4675,8599,10028,21814,13388,13577,932,17214,17641,1539,4649,1.0,26:29,2015,2016
2015-16,203457,Nerlens Noel,Nerlens,1610612755,PHI,Philadelphia 76ers,21500736,2016-02-03T00:00:00,PHI vs. ATL,L,21.9,2.0,4.0,2.0,10.0,15.0,6.0,13.0,26.0,1.0,0.0,4.0,1.0,32.9,1,13074,13074,13074,14235,6026,1596,4675,1840,23079,13237,23048,7214,2692,1,22104,12373,4566,1.0,21:56,2015,2016
2015-16,202325,Wesley Johnson,Wesley,1610612746,LAC,LA Clippers,21500745,2016-02-03T00:00:00,LAC vs. MIN,L,26.8,9.0,5.0,1.0,0.0,15.0,7.0,2.0,24.0,2.0,0.0,6.0,1.0,32.1,1,13074,13074,13074,10180,171,995,9347,18861,23079,15642,4025,8723,932,1,25827,12373,4889,1.0,26:48,2015,2016
2015-16,1626161,Willie Cauley-Stein,Willie,1610612758,SAC,Sacramento Kings,21500744,2016-02-03T00:00:00,SAC vs. CHI,L,17.7,0.0,0.0,0.0,2.0,13.0,2.0,14.0,14.0,2.0,0.0,3.0,1.0,14.0,1,13074,13074,13074,17754,12059,10158,9917,12984,21300,3734,23710,17019,932,1,17641,12373,16166,1.0,17:42,2015,2016
2015-16,201587,Nicolas Batum,Nicolas,1610612766,CHA,Charlotte Hornets,21500735,2016-02-03T00:00:00,CHA vs. CLE,W,31.0,0.0,0.0,0.0,0.0,9.0,2.0,8.0,30.0,1.0,0.0,1.0,2.0,22.5,1,1,1,1,6760,12059,10158,9917,18861,15771,3734,17194,4541,2692,1,4972,7786,10082,1.0,30:57,2015,2016
2015-16,203897,Zach LaVine,Zach,1610612750,MIN,Minnesota Timberwolves,21500745,2016-02-03T00:00:00,MIN @ LAC,W,34.4,4.0,0.0,2.0,10.0,19.0,11.0,9.0,28.0,0.0,0.0,4.0,4.0,28.3,1,1,1,1,4028,2460,10158,4675,1840,25074,21814,18829,5824,8004,1,22104,2748,6720,1.0,34:24,2015,2016
2015-16,203477,Isaiah Canaan,Isaiah,1610612755,PHI,Philadelphia 76ers,21500736,2016-02-03T00:00:00,PHI vs. ATL,L,20.0,3.0,3.0,0.0,0.0,15.0,11.0,13.0,30.0,0.0,1.0,2.0,0.0,13.9,1,13074,13074,13074,15937,4307,3104,9917,18861,23079,21814,23048,4541,8004,17214,11390,18762,16232,1.0,19:58,2015,2016
2015-16,201941,Jordan Hill,Jordan,1610612754,IND,Indiana Pacers,21500738,2016-02-03T00:00:00,IND @ BKN,W,18.9,0.0,2.0,0.0,4.0,8.0,6.0,6.0,16.0,0.0,0.0,4.0,0.0,13.8,1,1,1,1,16747,12059,4731,9917,8599,13914,13237,13388,15259,8004,1,22104,18762,16311,1.0,18:56,2015,2016
2015-16,2747,JR Smith,JR,1610612739,CLE,Cleveland Cavaliers,21500735,2016-02-03T00:00:00,CLE @ CHA,L,37.2,0.0,3.0,0.0,0.0,5.0,9.0,17.0,32.0,1.0,0.0,5.0,0.0,32.6,1,13074,13074,13074,1985,12059,3104,9917,18861,8403,19144,24967,3535,2692,1,24686,18762,4687,1.0,37:10,2015,2016
2015-16,1626144,Emmanuel Mudiay,Emmanuel,1610612743,DEN,Denver Nuggets,21500743,2016-02-03T00:00:00,DEN @ UTA,L,32.5,0.0,1.0,0.0,4.0,11.0,9.0,2.0,24.0,0.0,5.0,1.0,3.0,22.2,1,13074,13074,13074,5483,12059,9709,9917,8599,18886,19144,4025,8723,8004,26042,4972,4736,10263,1.0,32:31,2015,2016
2015-16,201588,George Hill,George,1610612754,IND,Indiana Pacers,21500738,2016-02-03T00:00:00,IND @ BKN,W,26.0,7.0,2.0,2.0,4.0,6.0,4.0,11.0,16.0,0.0,0.0,0.0,3.0,27.8,1,1,1,1,10836,548,4731,4675,8599,10028,8458,21342,15259,8004,1,1,4736,6950,1.0,26:00,2015,2016
2015-16,204014,Damjan Rudez,Damjan,1610612750,MIN,Minnesota Timberwolves,21500745,2016-02-03T00:00:00,MIN @ LAC,W,18.4,0.0,3.0,0.0,2.0,11.0,9.0,4.0,14.0,0.0,0.0,2.0,1.0,8.5,1,1,1,1,17173,12059,3104,9917,12984,18886,19144,8806,17019,8004,1,11390,12373,20215,1.0,18:25,2015,2016
2015-16,202697,Iman Shumpert,Iman,1610612739,CLE,Cleveland Cavaliers,21500735,2016-02-03T00:00:00,CLE @ CHA,L,22.4,0.0,0.0,0.0,0.0,5.0,6.0,2.0,20.0,0.0,0.0,2.0,2.0,8.2,1,13074,13074,13074,13841,12059,10158,9917,18861,8403,13237,4025,11929,8004,1,11390,7786,20416,1.0,22:23,2015,2016
2015-16,203463,Ben McLemore,Ben,1610612758,SAC,Sacramento Kings,21500744,2016-02-03T00:00:00,SAC vs. CHI,L,17.7,0.0,0.0,0.0,2.0,5.0,10.0,1.0,12.0,0.0,0.0,1.0,1.0,16.3,1,13074,13074,13074,17777,12059,10158,9917,12984,8403,20509,3646,18637,8004,1,4972,12373,14372,1.0,17:40,2015,2016
2015-16,2757,Beno Udrih,Beno,1610612748,MIA,Miami Heat,21500741,2016-02-03T00:00:00,MIA @ DAL,W,14.7,0.0,0.0,4.0,0.0,5.0,2.0,4.0,10.0,0.0,0.0,1.0,0.0,12.6,1,1,1,1,19959,12059,10158,1913,18861,8403,3734,8806,20209,8004,1,4972,18762,17277,1.0,14:43,2015,2016
2015-16,202083,Wesley Matthews,Wesley,1610612742,DAL,Dallas Mavericks,21500741,2016-02-03T00:00:00,DAL vs. MIA,L,37.3,0.0,0.0,2.0,4.0,9.0,11.0,10.0,32.0,0.0,0.0,2.0,1.0,21.6,1,13074,13074,13074,1925,12059,10158,4675,8599,15771,21814,20169,3535,8004,1,11390,12373,10666,1.0,37:15,2015,2016
2015-16,1626202,Joe Young,Joe,1610612754,IND,Indiana Pacers,21500738,2016-02-03T00:00:00,IND @ BKN,W,17.4,0.0,0.0,0.0,0.0,4.0,2.0,2.0,14.0,0.0,0.0,1.0,2.0,16.6,1,1,1,1,17946,12059,10158,9917,18861,6141,3734,4025,17019,8004,1,4972,7786,14125,1.0,17:26,2015,2016
2015-16,201600,Omer Asik,Omer,1610612740,NOP,New Orleans Pelicans,21500742,2016-02-03T00:00:00,NOP @ SAS,L,20.1,2.0,2.0,0.0,6.0,8.0,0.0,2.0,18.0,0.0,1.0,1.0,1.0,18.2,1,13074,13074,13074,15816,6026,4731,9917,5299,13914,1,4025,13577,8004,17214,4972,12373,13004,1.0,20:07,2015,2016
2015-16,1626209,Mario Hezonja,Mario,1610612753,ORL,Orlando Magic,21500740,2016-02-03T00:00:00,ORL @ OKC,L,19.8,3.0,0.0,3.0,2.0,6.0,8.0,4.0,26.0,0.0,1.0,1.0,0.0,21.2,1,13074,13074,13074,16083,4307,10158,3302,12984,10028,17345,8806,7214,8004,17214,4972,18762,10936,1.0,19:48,2015,2016
2015-16,202087,Alonzo Gee,Alonzo,1610612740,NOP,New Orleans Pelicans,21500742,2016-02-03T00:00:00,NOP @ SAS,L,17.7,0.0,0.0,0.0,0.0,14.0,0.0,0.0,12.0,0.0,1.0,3.0,0.0,2.0,1,13074,13074,13074,17755,12059,10158,9917,18861,22292,1,1,18637,8004,17214,17641,18762,24216,1.0,17:42,2015,2016
2015-16,203087,Jeremy Lamb,Jeremy,1610612766,CHA,Charlotte Hornets,21500735,2016-02-03T00:00:00,CHA vs. CLE,W,17.1,0.0,4.0,0.0,4.0,0.0,3.0,4.0,4.0,0.0,1.0,2.0,0.0,17.8,1,1,1,1,18230,12059,1596,9917,8599,1,7138,8806,23698,8004,17214,11390,18762,13309,1.0,17:03,2015,2016
2015-16,2571,Leandro Barbosa,Leandro,1610612744,GSW,Golden State Warriors,21500739,2016-02-03T00:00:00,GSW @ WAS,W,14.9,2.0,2.0,2.0,0.0,5.0,3.0,7.0,20.0,0.0,0.0,2.0,1.0,8.2,1,1,1,1,19864,6026,4731,4675,18861,8403,7138,15538,11929,8004,1,11390,12373,20416,1.0,14:51,2015,2016
2015-16,201961,Wayne Ellington,Wayne,1610612751,BKN,Brooklyn Nets,21500738,2016-02-03T00:00:00,BKN vs. IND,L,33.1,0.0,4.0,0.0,2.0,12.0,9.0,10.0,32.0,0.0,0.0,2.0,1.0,18.4,1,13074,13074,13074,5022,12059,1596,9917,12984,20178,19144,20169,3535,8004,1,11390,12373,12854,1.0,33:08,2015,2016
2015-16,101123,Gerald Green,Gerald,1610612748,MIA,Miami Heat,21500741,2016-02-03T00:00:00,MIA @ DAL,W,25.7,1.0,0.0,1.0,0.0,7.0,7.0,6.0,22.0,0.0,0.0,2.0,2.0,12.9,1,1,1,1,11135,11535,10158,9347,18861,12242,15642,13388,10265,8004,1,11390,7786,17049,1.0,25:40,2015,2016
2015-16,1626143,Jahlil Okafor,Jahlil,1610612755,PHI,Philadelphia 76ers,21500736,2016-02-03T00:00:00,PHI vs. ATL,L,24.7,0.0,2.0,0.0,10.0,17.0,12.0,7.0,30.0,1.0,1.0,3.0,0.0,21.5,1,13074,13074,13074,11970,12059,4731,9917,1840,24337,22832,15538,4541,2692,17214,17641,18762,10755,1.0,24:39,2015,2016
2015-16,201583,Ryan Anderson,Ryan,1610612740,NOP,New Orleans Pelicans,21500742,2016-02-03T00:00:00,NOP @ SAS,L,30.5,2.0,2.0,0.0,2.0,14.0,2.0,6.0,28.0,0.0,0.0,2.0,3.0,21.0,1,13074,13074,13074,7105,6026,4731,9917,12984,22292,3734,13388,5824,8004,1,11390,4736,11077,1.0,30:30,2015,2016
2015-16,203084,Harrison Barnes,Harrison,1610612744,GSW,Golden State Warriors,21500739,2016-02-03T00:00:00,GSW @ WAS,W,34.7,0.0,2.0,4.0,0.0,20.0,3.0,32.0,38.0,0.0,1.0,2.0,1.0,18.1,1,1,1,1,3794,12059,4731,1913,18861,25338,7138,26071,1422,8004,17214,11390,12373,13090,1.0,34:41,2015,2016
2015-16,203924,Jerami Grant,Jerami,1610612755,PHI,Philadelphia 76ers,21500736,2016-02-03T00:00:00,PHI vs. ATL,L,21.8,0.0,0.0,0.0,0.0,10.0,11.0,11.0,30.0,4.0,0.0,4.0,1.0,20.8,1,13074,13074,13074,14331,12059,10158,9917,18861,17370,21814,21342,4541,132,1,22104,12373,11195,1.0,21:48,2015,2016
2015-16,202702,Kenneth Faried,Kenneth,1610612743,DEN,Denver Nuggets,21500743,2016-02-03T00:00:00,DEN @ UTA,L,27.1,5.0,2.0,5.0,10.0,11.0,9.0,0.0,20.0,1.0,0.0,3.0,3.0,21.0,1,13074,13074,13074,9951,1603,4731,1277,1840,18886,19144,1,11929,2692,1,17641,4736,11077,1.0,27:05,2015,2016
2015-16,203095,Evan Fournier,Evan,1610612753,ORL,Orlando Magic,21500740,2016-02-03T00:00:00,ORL @ OKC,L,18.9,2.0,3.0,0.0,2.0,10.0,11.0,7.0,20.0,0.0,0.0,1.0,1.0,8.2,1,13074,13074,13074,16790,6026,3104,9917,12984,17370,21814,15538,11929,8004,1,4972,12373,20416,1.0,18:53,2015,2016
2015-16,201609,Goran Dragic,Goran,1610612748,MIA,Miami Heat,21500741,2016-02-03T00:00:00,MIA @ DAL,W,33.3,2.0,0.0,2.0,2.0,4.0,5.0,14.0,30.0,0.0,1.0,2.0,0.0,21.3,1,1,1,1,4874,6026,10158,4675,12984,6141,11469,23710,4541,8004,17214,11390,18762,10880,1.0,33:20,2015,2016
2015-16,203085,Austin Rivers,Austin,1610612746,LAC,LA Clippers,21500745,2016-02-03T00:00:00,LAC vs. MIN,L,7.4,0.0,0.0,0.0,2.0,2.0,0.0,0.0,10.0,0.0,0.0,1.0,0.0,3.0,1,13074,13074,13074,23426,12059,10158,9917,12984,2619,1,1,20209,8004,1,4972,18762,23648,1.0,7:23,2015,2016
2015-16,203488,Mike Muscala,Mike,1610612737,ATL,Atlanta Hawks,21500736,2016-02-03T00:00:00,ATL @ PHI,W,19.7,3.0,0.0,3.0,6.0,2.0,6.0,4.0,22.0,0.0,0.0,1.0,4.0,17.9,1,1,1,1,16143,4307,10158,3302,5299,2619,13237,8806,10265,8004,1,4972,2748,13229,1.0,19:43,2015,2016
2015-16,2419,Tayshaun Prince,Tayshaun,1610612750,MIN,Minnesota Timberwolves,21500745,2016-02-03T00:00:00,MIN @ LAC,W,31.4,0.0,2.0,0.0,2.0,6.0,6.0,5.0,26.0,0.0,0.0,2.0,1.0,16.7,1,1,1,1,6393,12059,4731,9917,12984,10028,13237,11593,7214,8004,1,11390,12373,14064,1.0,31:23,2015,2016
2015-16,1626214,Bryce Dejean-Jones,Bryce,1610612740,NOP,New Orleans Pelicans,21500742,2016-02-03T00:00:00,NOP @ SAS,L,22.9,0.0,0.0,6.0,0.0,14.0,0.0,2.0,18.0,0.0,0.0,3.0,0.0,13.1,1,13074,13074,13074,13468,12059,10158,740,18861,22292,1,4025,13577,8004,1,17641,18762,16874,1.0,22:54,2015,2016
2015-16,202332,Cole Aldrich,Cole,1610612746,LAC,LA Clippers,21500745,2016-02-03T00:00:00,LAC vs. MIN,L,11.7,2.0,2.0,0.0,2.0,7.0,3.0,0.0,10.0,1.0,0.0,4.0,1.0,12.4,1,13074,13074,13074,21737,6026,4731,9917,12984,12242,7138,1,20209,2692,1,22104,12373,17418,1.0,11:40,2015,2016
2015-16,1938,Manu Ginobili,Manu,1610612759,SAS,San Antonio Spurs,21500742,2016-02-03T00:00:00,SAS vs. NOP,W,22.3,0.0,0.0,0.0,0.0,4.0,6.0,0.0,14.0,0.0,1.0,1.0,4.0,14.6,1,1,1,1,13905,12059,10158,9917,18861,6141,13237,1,17019,8004,17214,4972,2748,15699,1.0,22:19,2015,2016
2015-16,1626158,Richaun Holmes,Richaun,1610612755,PHI,Philadelphia 76ers,21500736,2016-02-03T00:00:00,PHI vs. ATL,L,7.8,1.0,0.0,0.0,4.0,0.0,2.0,5.0,12.0,1.0,0.0,0.0,1.0,10.4,1,13074,13074,13074,23288,11535,10158,9917,8599,1,3734,11593,18637,2692,1,1,12373,18859,1.0,7:45,2015,2016
2015-16,200826,J.J. Barea,J.J.,1610612742,DAL,Dallas Mavericks,21500741,2016-02-03T00:00:00,DAL vs. MIA,L,34.8,0.0,3.0,0.0,2.0,6.0,13.0,8.0,30.0,0.0,3.0,0.0,1.0,19.6,1,13074,13074,13074,3676,12059,3104,9917,12984,10028,23668,17194,4541,8004,25441,1,12373,12024,1.0,34:49,2015,2016
2015-16,202340,Avery Bradley,Avery,1610612738,BOS,Boston Celtics,21500737,2016-02-03T00:00:00,BOS vs. DET,W,35.7,0.0,2.0,2.0,10.0,4.0,15.0,5.0,20.0,0.0,0.0,1.0,1.0,23.3,1,1,1,1,3014,12059,4731,4675,1840,6141,24781,11593,11929,8004,1,4972,12373,9567,1.0,35:39,2015,2016
2015-16,202683,Enes Freedom,Enes,1610612760,OKC,Oklahoma City Thunder,21500740,2016-02-03T00:00:00,OKC vs. ORL,W,16.4,4.0,4.0,0.0,10.0,7.0,5.0,3.0,16.0,1.0,1.0,2.0,1.0,23.4,1,1,1,1,18697,2460,1596,9917,1840,12242,11469,7328,15259,2692,17214,11390,12373,9501,1.0,16:26,2015,2016
2015-16,202738,Isaiah Thomas,Isaiah,1610612738,BOS,Boston Celtics,21500737,2016-02-03T00:00:00,BOS vs. DET,W,33.2,0.0,0.0,2.0,8.0,4.0,7.0,9.0,14.0,0.0,1.0,3.0,5.0,34.5,1,1,1,1,4999,12059,10158,4675,3109,6141,15642,18829,17019,8004,17214,17641,1539,3997,1.0,33:09,2015,2016
2015-16,201150,Spencer Hawes,Spencer,1610612766,CHA,Charlotte Hornets,21500735,2016-02-03T00:00:00,CHA vs. CLE,W,20.1,0.0,0.0,0.0,4.0,0.0,5.0,3.0,8.0,1.0,0.0,2.0,3.0,22.8,1,1,1,1,15806,12059,10158,9917,8599,1,11469,7328,21543,2692,1,11390,4736,9883,1.0,20:08,2015,2016
2015-16,202714,Shelvin Mack,Shelvin,1610612737,ATL,Atlanta Hawks,21500736,2016-02-03T00:00:00,ATL @ PHI,W,8.8,0.0,0.0,0.0,8.0,1.0,0.0,0.0,12.0,0.0,1.0,1.0,2.0,14.4,1,1,1,1,22939,12059,10158,9917,3109,2356,1,1,18637,8004,17214,4972,7786,15857,1.0,8:45,2015,2016
2015-16,201959,Taj Gibson,Taj,1610612741,CHI,Chicago Bulls,21500744,2016-02-03T00:00:00,CHI @ SAC,W,34.0,4.0,0.0,3.0,10.0,12.0,9.0,9.0,30.0,0.0,0.0,5.0,2.0,25.6,1,1,1,1,4368,2460,10158,3302,1840,20178,19144,18829,4541,8004,1,24686,7786,8157,1.0,33:59,2015,2016
2015-16,1626163,Frank Kaminsky,Frank,1610612766,CHA,Charlotte Hornets,21500735,2016-02-03T00:00:00,CHA vs. CLE,W,23.7,0.0,7.0,2.0,10.0,0.0,5.0,3.0,10.0,0.0,0.0,1.0,1.0,23.7,1,1,1,1,12837,12059,292,4675,1840,1,11469,7328,20209,8004,1,4972,12373,9329,1.0,23:41,2015,2016
2015-16,1718,Paul Pierce,Paul,1610612746,LAC,LA Clippers,21500745,2016-02-03T00:00:00,LAC vs. MIN,L,16.8,0.0,0.0,0.0,0.0,9.0,6.0,8.0,20.0,0.0,0.0,2.0,0.0,9.9,1,13074,13074,13074,18434,12059,10158,9917,18861,15771,13237,17194,11929,8004,1,11390,18762,19247,1.0,16:47,2015,2016
2015-16,203917,Nik Stauskas,Nik,1610612755,PHI,Philadelphia 76ers,21500736,2016-02-03T00:00:00,PHI vs. ATL,L,29.5,3.0,0.0,5.0,4.0,14.0,9.0,13.0,32.0,0.0,0.0,1.0,3.0,23.8,1,13074,13074,13074,7975,4307,10158,1277,8599,22292,19144,23048,3535,8004,1,4972,4736,9261,1.0,29:30,2015,2016
2015-16,203524,Solomon Hill,Solomon,1610612754,IND,Indiana Pacers,21500738,2016-02-03T00:00:00,IND @ BKN,W,21.0,3.0,0.0,2.0,2.0,4.0,2.0,2.0,20.0,0.0,0.0,1.0,1.0,15.0,1,1,1,1,15054,4307,10158,4675,12984,6141,3734,4025,11929,8004,1,4972,12373,15404,1.0,21:00,2015,2016
2015-16,101145,Monta Ellis,Monta,1610612754,IND,Indiana Pacers,21500738,2016-02-03T00:00:00,IND @ BKN,W,30.6,2.0,0.0,2.0,4.0,14.0,8.0,11.0,18.0,0.0,0.0,2.0,0.0,23.7,1,1,1,1,7019,6026,10158,4675,8599,22292,17345,21342,13577,8004,1,11390,18762,9329,1.0,30:37,2015,2016
2015-16,101107,Marvin Williams,Marvin,1610612766,CHA,Charlotte Hornets,21500735,2016-02-03T00:00:00,CHA vs. CLE,W,24.3,0.0,0.0,2.0,4.0,9.0,0.0,9.0,24.0,0.0,0.0,0.0,1.0,23.8,1,1,1,1,12282,12059,10158,4675,8599,15771,1,18829,8723,8004,1,1,12373,9261,1.0,24:19,2015,2016
2015-16,2547,Chris Bosh,Chris,1610612748,MIA,Miami Heat,21500741,2016-02-03T00:00:00,MIA @ DAL,W,32.0,0.0,2.0,0.0,10.0,7.0,2.0,16.0,30.0,0.0,1.0,3.0,1.0,25.3,1,1,1,1,5912,12059,4731,9917,1840,12242,3734,24641,4541,8004,17214,17641,12373,8340,1.0,31:58,2015,2016
2015-16,203382,Aron Baynes,Aron,1610612765,DET,Detroit Pistons,21500737,2016-02-03T00:00:00,DET @ BOS,L,15.2,0.0,2.0,0.0,0.0,2.0,4.0,7.0,14.0,1.0,1.0,1.0,4.0,19.0,1,13074,13074,13074,19608,12059,4731,9917,18861,2619,8458,15538,17019,2692,17214,4972,2748,12440,1.0,15:13,2015,2016
2015-16,202066,Garrett Temple,Garrett,1610612764,WAS,Washington Wizards,21500739,2016-02-03T00:00:00,WAS vs. GSW,L,32.6,2.0,0.0,5.0,2.0,15.0,15.0,14.0,28.0,0.0,1.0,3.0,3.0,23.6,1,13074,13074,13074,5455,6026,10158,1277,12984,23079,24781,23710,5824,8004,17214,17641,4736,9377,1.0,32:34,2015,2016
2015-16,201952,Jeff Teague,Jeff,1610612737,ATL,Atlanta Hawks,21500736,2016-02-03T00:00:00,ATL @ PHI,W,23.1,0.0,0.0,0.0,4.0,7.0,4.0,11.0,28.0,0.0,2.0,0.0,0.0,26.1,1,1,1,1,13334,12059,10158,9917,8599,12242,8458,21342,5824,8004,23588,1,18762,7836,1.0,23:03,2015,2016
2015-16,203994,Jusuf Nurkić,Jusuf,1610612743,DEN,Denver Nuggets,21500743,2016-02-03T00:00:00,DEN @ UTA,L,14.8,0.0,0.0,0.0,2.0,2.0,0.0,3.0,16.0,0.0,0.0,1.0,2.0,10.5,1,13074,13074,13074,19884,12059,10158,9917,12984,2619,1,7328,15259,8004,1,4972,7786,18808,1.0,14:49,2015,2016
2015-16,2037,Jamal Crawford,Jamal,1610612746,LAC,LA Clippers,21500745,2016-02-03T00:00:00,LAC vs. MIN,L,28.1,6.0,2.0,4.0,8.0,13.0,5.0,2.0,26.0,0.0,1.0,1.0,6.0,33.3,1,13074,13074,13074,9180,878,4731,1913,3109,21300,11469,4025,7214,8004,17214,4972,873,4423,1.0,28:04,2015,2016
2015-16,200752,Rudy Gay,Rudy,1610612758,SAC,Sacramento Kings,21500744,2016-02-03T00:00:00,SAC vs. CHI,L,31.3,2.0,6.0,0.0,8.0,16.0,6.0,11.0,22.0,1.0,0.0,6.0,3.0,25.7,1,13074,13074,13074,6457,6026,481,9917,3109,23774,13237,21342,10265,2692,1,25827,4736,8088,1.0,31:19,2015,2016
2015-16,2403,Nene,ene,1610612764,WAS,Washington Wizards,21500739,2016-02-03T00:00:00,WAS vs. GSW,L,18.9,0.0,3.0,0.0,4.0,8.0,6.0,7.0,12.0,1.0,0.0,2.0,5.0,25.4,1,13074,13074,13074,16806,12059,3104,9917,8599,13914,13237,15538,18637,2692,1,11390,1539,8273,1.0,18:52,2015,2016
2015-16,101109,Raymond Felton,Raymond,1610612742,DAL,Dallas Mavericks,21500741,2016-02-03T00:00:00,DAL vs. MIA,L,30.0,2.0,0.0,2.0,8.0,5.0,4.0,14.0,20.0,0.0,1.0,3.0,3.0,19.4,1,13074,13074,13074,7525,6026,10158,4675,3109,8403,8458,23710,11929,8004,17214,17641,4736,12154,1.0,30:01,2015,2016
2015-16,201943,Brandon Jennings,Brandon,1610612765,DET,Detroit Pistons,21500737,2016-02-03T00:00:00,DET @ BOS,L,19.9,0.0,2.0,0.0,2.0,6.0,6.0,13.0,22.0,1.0,1.0,2.0,2.0,14.9,1,13074,13074,13074,15962,12059,4731,9917,12984,10028,13237,23048,10265,2692,17214,11390,7786,15463,1.0,19:56,2015,2016
2015-16,2561,David West,David,1610612759,SAS,San Antonio Spurs,21500742,2016-02-03T00:00:00,SAS vs. NOP,W,26.8,2.0,2.0,0.0,6.0,8.0,8.0,10.0,20.0,2.0,1.0,1.0,3.0,33.5,1,1,1,1,10215,6026,4731,9917,5299,13914,17345,20169,11929,932,17214,4972,4736,4348,1.0,26:47,2015,2016
2015-16,203497,Rudy Gobert,Rudy,1610612762,UTA,Utah Jazz,21500743,2016-02-03T00:00:00,UTA vs. DEN,W,29.7,0.0,1.0,0.0,10.0,13.0,7.0,9.0,22.0,1.0,1.0,2.0,3.0,25.5,1,1,1,1,7806,12059,9709,9917,1840,21300,15642,18829,10265,2692,17214,11390,4736,8230,1.0,29:42,2015,2016
2015-16,202708,Norris Cole,Norris,1610612740,NOP,New Orleans Pelicans,21500742,2016-02-03T00:00:00,NOP @ SAS,L,33.9,0.0,0.0,0.0,4.0,22.0,4.0,8.0,32.0,0.0,3.0,3.0,1.0,33.3,1,13074,13074,13074,4411,12059,10158,9917,8599,25683,8458,17194,3535,8004,25441,17641,12373,4423,1.0,33:55,2015,2016
2015-16,1626166,Cameron Payne,Cameron,1610612760,OKC,Oklahoma City Thunder,21500740,2016-02-03T00:00:00,OKC vs. ORL,W,14.2,2.0,0.0,0.0,0.0,5.0,5.0,3.0,10.0,0.0,0.0,1.0,2.0,14.7,1,1,1,1,20306,6026,10158,9917,18861,8403,11469,7328,20209,8004,1,4972,7786,15631,1.0,14:10,2015,2016
2015-16,203476,Gorgui Dieng,Gorgui,1610612750,MIN,Minnesota Timberwolves,21500745,2016-02-03T00:00:00,MIN @ LAC,W,30.8,2.0,2.0,0.0,8.0,14.0,6.0,6.0,20.0,0.0,0.0,3.0,5.0,19.0,1,1,1,1,6863,6026,4731,9917,3109,22292,13237,13388,11929,8004,1,17641,1539,12440,1.0,30:50,2015,2016
2015-16,203077,Michael Kidd-Gilchrist,Michael,1610612766,CHA,Charlotte Hornets,21500735,2016-02-03T00:00:00,CHA vs. CLE,W,36.9,0.0,0.0,4.0,8.0,9.0,5.0,11.0,32.0,0.0,1.0,2.0,2.0,25.6,1,1,1,1,2180,12059,10158,1913,3109,15771,11469,21342,3535,8004,17214,11390,7786,8157,1.0,36:51,2015,2016
2015-16,2405,Amar'e Stoudemire,Amar'e,1610612748,MIA,Miami Heat,21500741,2016-02-03T00:00:00,MIA @ DAL,W,17.3,0.0,0.0,0.0,4.0,0.0,0.0,7.0,12.0,4.0,0.0,2.0,2.0,25.5,1,1,1,1,18032,12059,10158,9917,8599,1,1,15538,18637,132,1,11390,7786,8230,1.0,17:19,2015,2016
2015-16,203526,Raul Neto,Raul,1610612762,UTA,Utah Jazz,21500743,2016-02-03T00:00:00,UTA vs. DEN,W,26.9,2.0,3.0,2.0,2.0,10.0,6.0,7.0,16.0,0.0,0.0,3.0,4.0,18.8,1,1,1,1,10087,6026,3104,4675,12984,17370,13237,15538,15259,8004,1,17641,2748,12588,1.0,26:55,2015,2016
2015-16,203922,Glenn Robinson III,Glenn,1610612754,IND,Indiana Pacers,21500738,2016-02-03T00:00:00,IND @ BKN,W,13.7,2.0,0.0,2.0,2.0,0.0,0.0,2.0,10.0,0.0,0.0,1.0,3.0,10.0,1,1,1,1,20614,6026,10158,4675,12984,1,1,4025,20209,8004,1,4972,4736,19178,1.0,13:39,2015,2016
2015-16,203500,Steven Adams,Steven,1610612760,OKC,Oklahoma City Thunder,21500740,2016-02-03T00:00:00,OKC vs. ORL,W,36.0,0.0,2.0,1.0,6.0,7.0,11.0,4.0,30.0,0.0,0.0,4.0,2.0,14.8,1,1,1,1,2748,12059,4731,9347,5299,12242,21814,8806,4541,8004,1,22104,7786,15561,1.0,36:01,2015,2016
2015-16,201573,Jerryd Bayless,Jerryd,1610612749,MIL,Milwaukee Bucks,21500733,2016-02-02T00:00:00,MIL @ POR,L,30.5,6.0,3.0,0.0,2.0,11.0,6.0,11.0,28.0,1.0,0.0,2.0,4.0,25.7,1,13074,13074,13074,7141,878,3104,9917,12984,18886,13237,21342,5824,2692,1,11390,2748,8088,1.0,30:27,2015,2016
2015-16,203935,Marcus Smart,Marcus,1610612738,BOS,Boston Celtics,21500730,2016-02-02T00:00:00,BOS @ NYK,W,29.1,2.0,0.0,2.0,2.0,8.0,9.0,0.0,16.0,0.0,0.0,3.0,3.0,14.2,1,1,1,1,8295,6026,10158,4675,12984,13914,19144,1,15259,8004,1,17641,4736,16003,1.0,29:06,2015,2016
2015-16,203086,Meyers Leonard,Meyers,1610612757,POR,Portland Trail Blazers,21500733,2016-02-02T00:00:00,POR vs. MIL,W,26.5,3.0,0.0,0.0,0.0,10.0,5.0,9.0,20.0,0.0,0.0,3.0,1.0,15.0,1,1,1,1,10439,4307,10158,9917,18861,17370,11469,18829,11929,8004,1,17641,12373,15404,1.0,26:31,2015,2016
2015-16,204001,Kristaps Porziņģis,Kristaps,1610612752,NYK,New York Knicks,21500730,2016-02-02T00:00:00,NYK vs. BOS,L,27.3,2.0,2.0,0.0,4.0,10.0,4.0,9.0,32.0,1.0,0.0,3.0,4.0,19.0,1,13074,13074,13074,9763,6026,4731,9917,8599,17370,8458,18829,3535,2692,1,17641,2748,12440,1.0,27:18,2015,2016
2015-16,203486,Mason Plumlee,Mason,1610612757,POR,Portland Trail Blazers,21500733,2016-02-02T00:00:00,POR vs. MIL,W,20.3,0.0,0.0,0.0,2.0,4.0,5.0,4.0,18.0,3.0,1.0,5.0,2.0,26.1,1,1,1,1,15666,12059,10158,9917,12984,6141,11469,8806,13577,347,17214,24686,7786,7836,1.0,20:16,2015,2016
2015-16,1626157,Karl-Anthony Towns,Karl-Anthony,1610612750,MIN,Minnesota Timberwolves,21500734,2016-02-02T00:00:00,MIN @ LAL,L,32.0,0.0,2.0,0.0,6.0,6.0,12.0,10.0,24.0,2.0,0.0,3.0,3.0,34.0,1,13074,13074,13074,5927,12059,4731,9917,5299,10028,22832,20169,8723,932,1,17641,4736,4162,1.0,31:58,2015,2016
2015-16,203487,Michael Carter-Williams,Michael,1610612749,MIL,Milwaukee Bucks,21500733,2016-02-02T00:00:00,MIL @ POR,L,25.7,0.0,2.0,0.0,2.0,7.0,6.0,9.0,26.0,0.0,0.0,2.0,1.0,10.2,1,13074,13074,13074,11135,12059,4731,9917,12984,12242,13237,18829,7214,8004,1,11390,12373,19003,1.0,25:40,2015,2016
2015-16,202682,Derrick Williams,Derrick,1610612752,NYK,New York Knicks,21500730,2016-02-02T00:00:00,NYK vs. BOS,L,11.4,2.0,2.0,0.0,4.0,6.0,4.0,2.0,14.0,0.0,0.0,1.0,1.0,9.9,1,13074,13074,13074,21869,6026,4731,9917,8599,10028,8458,4025,17019,8004,1,4972,12373,19247,1.0,11:24,2015,2016
2015-16,203109,Jae Crowder,Jae,1610612738,BOS,Boston Celtics,21500730,2016-02-02T00:00:00,BOS @ NYK,W,28.0,4.0,0.0,4.0,6.0,4.0,15.0,6.0,18.0,0.0,0.0,4.0,4.0,25.0,1,1,1,1,9202,2460,10158,1913,5299,6141,24781,13388,13577,8004,1,22104,2748,8485,1.0,28:02,2015,2016
2015-16,2756,Sasha Vujacic,Sasha,1610612752,NYK,New York Knicks,21500730,2016-02-02T00:00:00,NYK vs. BOS,L,18.1,0.0,3.0,0.0,0.0,8.0,6.0,8.0,26.0,0.0,1.0,0.0,2.0,19.1,1,13074,13074,13074,17477,12059,3104,9917,18861,13914,13237,17194,7214,8004,17214,1,7786,12372,1.0,18:03,2015,2016
2015-16,2772,Trevor Ariza,Trevor,1610612745,HOU,Houston Rockets,21500731,2016-02-02T00:00:00,HOU vs. MIA,W,33.1,0.0,0.0,4.0,6.0,14.0,16.0,9.0,38.0,1.0,0.0,0.0,2.0,23.3,1,1,1,1,5044,12059,10158,1913,5299,22292,25155,18829,1422,2692,1,1,7786,9567,1.0,33:06,2015,2016
2015-16,203081,Damian Lillard,Damian,1610612757,POR,Portland Trail Blazers,21500733,2016-02-02T00:00:00,POR vs. MIL,W,34.4,2.0,2.0,2.0,12.0,12.0,8.0,13.0,36.0,0.0,1.0,0.0,3.0,35.0,1,1,1,1,4053,6026,4731,4675,988,20178,17345,23048,1943,8004,17214,1,4736,3813,1.0,34:22,2015,2016
2015-16,1626164,Devin Booker,Devin,1610612756,PHX,Phoenix Suns,21500732,2016-02-02T00:00:00,PHX vs. TOR,L,37.5,0.0,0.0,5.0,4.0,18.0,12.0,9.0,30.0,0.0,0.0,4.0,6.0,35.0,1,13074,13074,13074,1765,12059,10158,1277,8599,24749,22832,18829,4541,8004,1,22104,873,3813,1.0,37:29,2015,2016
2015-16,204038,Langston Galloway,Langston,1610612752,NYK,New York Knicks,21500730,2016-02-02T00:00:00,NYK vs. BOS,L,34.1,0.0,0.0,0.0,0.0,8.0,4.0,11.0,36.0,0.0,0.0,3.0,0.0,14.8,1,13074,13074,13074,4253,12059,10158,9917,18861,13914,8458,21342,1943,8004,1,17641,18762,15561,1.0,34:07,2015,2016
2015-16,200782,P.J. Tucker,P.J.,1610612756,PHX,Phoenix Suns,21500732,2016-02-02T00:00:00,PHX vs. TOR,L,39.4,0.0,0.0,0.0,2.0,18.0,12.0,14.0,32.0,0.0,1.0,2.0,2.0,25.2,1,13074,13074,13074,908,12059,10158,9917,12984,24749,22832,23710,3535,8004,17214,11390,7786,8383,1.0,39:26,2015,2016
2015-16,202335,Patrick Patterson,Patrick,1610612761,TOR,Toronto Raptors,21500732,2016-02-02T00:00:00,TOR @ PHX,W,28.5,2.0,2.0,2.0,2.0,2.0,4.0,8.0,14.0,0.0,0.0,2.0,0.0,14.2,1,1,1,1,8804,6026,4731,4675,12984,2619,8458,17194,17019,8004,1,11390,18762,16003,1.0,28:31,2015,2016
2015-16,203476,Gorgui Dieng,Gorgui,1610612750,MIN,Minnesota Timberwolves,21500734,2016-02-02T00:00:00,MIN @ LAL,L,36.8,0.0,2.0,2.0,12.0,9.0,14.0,7.0,38.0,0.0,0.0,3.0,9.0,34.7,1,13074,13074,13074,2235,12059,4731,4675,988,15771,24300,15538,1422,8004,1,17641,138,3935,1.0,36:48,2015,2016
2015-16,201609,Goran Dragic,Goran,1610612748,MIA,Miami Heat,21500731,2016-02-02T00:00:00,MIA @ HOU,L,33.1,2.0,2.0,5.0,6.0,8.0,5.0,9.0,26.0,0.0,1.0,0.0,3.0,25.8,1,13074,13074,13074,5076,6026,4731,1277,5299,13914,11469,18829,7214,8004,17214,1,4736,8022,1.0,33:03,2015,2016
2015-16,201976,Patrick Beverley,Patrick,1610612745,HOU,Houston Rockets,21500731,2016-02-02T00:00:00,HOU vs. MIA,W,28.7,3.0,0.0,3.0,4.0,6.0,14.0,5.0,28.0,1.0,0.0,3.0,2.0,23.6,1,1,1,1,8647,4307,10158,3302,8599,10028,24300,11593,5824,2692,1,17641,7786,9377,1.0,28:42,2015,2016
2015-16,2547,Chris Bosh,Chris,1610612748,MIA,Miami Heat,21500731,2016-02-02T00:00:00,MIA @ HOU,L,30.5,0.0,3.0,0.0,0.0,12.0,8.0,6.0,26.0,1.0,1.0,2.0,5.0,25.9,1,13074,13074,13074,7141,12059,3104,9917,18861,20178,17345,13388,7214,2692,17214,11390,1539,7960,1.0,30:27,2015,2016
2015-16,203141,Mirza Teletovic,Mirza,1610612756,PHX,Phoenix Suns,21500732,2016-02-02T00:00:00,PHX vs. TOR,L,24.3,0.0,3.0,3.0,0.0,14.0,4.0,14.0,22.0,0.0,0.0,2.0,1.0,11.4,1,13074,13074,13074,12297,12059,3104,3302,18861,22292,8458,23710,10265,8004,1,11390,12373,18134,1.0,24:19,2015,2016
2015-16,2617,Udonis Haslem,Udonis,1610612748,MIA,Miami Heat,21500731,2016-02-02T00:00:00,MIA @ HOU,L,3.3,0.0,0.0,0.0,0.0,0.0,0.0,2.0,2.0,0.0,0.0,2.0,0.0,1.2,1,13074,13074,13074,25017,12059,10158,9917,18861,1,1,4025,24614,8004,1,11390,18762,24661,1.0,3:16,2015,2016
2015-16,201951,Ty Lawson,Ty,1610612745,HOU,Houston Rockets,21500731,2016-02-02T00:00:00,HOU vs. MIA,W,21.8,0.0,2.0,0.0,4.0,12.0,11.0,8.0,20.0,0.0,0.0,0.0,2.0,11.4,1,1,1,1,14365,12059,4731,9917,8599,20178,21814,17194,11929,8004,1,1,7786,18134,1.0,21:46,2015,2016
2015-16,203950,Jarnell Stokes,Jarnell,1610612748,MIA,Miami Heat,21500731,2016-02-02T00:00:00,MIA @ HOU,L,3.3,0.0,0.0,0.0,0.0,0.0,0.0,2.0,2.0,0.0,0.0,0.0,0.0,1.5,1,13074,13074,13074,25017,12059,10158,9917,18861,1,1,4025,24614,8004,1,1,18762,24473,1.0,3:16,2015,2016
2015-16,202338,Kevin Seraphin,Kevin,1610612752,NYK,New York Knicks,21500730,2016-02-02T00:00:00,NYK vs. BOS,L,4.4,2.0,0.0,0.0,0.0,4.0,0.0,2.0,8.0,0.0,0.0,0.0,0.0,1.0,1,13074,13074,13074,24596,6026,10158,9917,18861,6141,1,4025,21543,8004,1,1,18762,24960,1.0,4:21,2015,2016
2015-16,202357,Nemanja Bjelica,Nemanja,1610612750,MIN,Minnesota Timberwolves,21500734,2016-02-02T00:00:00,MIN @ LAL,L,6.4,0.0,0.0,0.0,0.0,5.0,0.0,3.0,6.0,0.0,0.0,0.0,1.0,5.7,1,13074,13074,13074,23792,12059,10158,9917,18861,8403,1,7328,22724,8004,1,1,12373,22054,1.0,6:22,2015,2016
2015-16,203895,Jordan McRae,Jordan,1610612756,PHX,Phoenix Suns,21500732,2016-02-02T00:00:00,PHX vs. TOR,L,1.6,0.0,0.0,0.0,0.0,2.0,2.0,0.0,2.0,0.0,0.0,0.0,1.0,2.0,1,13074,13074,13074,25639,12059,10158,9917,18861,2619,3734,1,24614,8004,1,1,12373,24216,1.0,1:38,2015,2016
2015-16,1626192,Pat Connaughton,Pat,1610612757,POR,Portland Trail Blazers,21500733,2016-02-02T00:00:00,POR vs. MIL,W,1.8,0.0,0.0,0.0,0.0,0.0,2.0,0.0,2.0,0.0,0.0,0.0,0.0,1.5,1,1,1,1,25571,12059,10158,9917,18861,1,3734,1,24614,8004,1,1,18762,24473,1.0,1:50,2015,2016
2015-16,2419,Tayshaun Prince,Tayshaun,1610612750,MIN,Minnesota Timberwolves,21500734,2016-02-02T00:00:00,MIN @ LAL,L,18.2,0.0,0.0,0.0,2.0,2.0,10.0,2.0,20.0,0.0,0.0,2.0,1.0,10.7,1,13074,13074,13074,17321,12059,10158,9917,12984,2619,20509,4025,11929,8004,1,11390,12373,18636,1.0,18:14,2015,2016
2015-16,1891,Jason Terry,Jason,1610612745,HOU,Houston Rockets,21500731,2016-02-02T00:00:00,HOU vs. MIA,W,12.1,0.0,0.0,0.0,0.0,0.0,5.0,0.0,8.0,0.0,0.0,0.0,0.0,1.7,1,1,1,1,21500,12059,10158,9917,18861,1,11469,1,21543,8004,1,1,18762,24436,1.0,12:03,2015,2016
2015-16,1626196,Josh Richardson,Josh,1610612748,MIA,Miami Heat,21500731,2016-02-02T00:00:00,MIA @ HOU,L,3.3,0.0,0.0,0.0,0.0,0.0,0.0,2.0,2.0,0.0,0.0,1.0,0.0,1.2,1,13074,13074,13074,25017,12059,10158,9917,18861,1,1,4025,24614,8004,1,4972,18762,24661,1.0,3:16,2015,2016
2015-16,977,Kobe Bryant,Kobe,1610612747,LAL,Los Angeles Lakers,21500734,2016-02-02T00:00:00,LAL vs. MIN,W,33.0,2.0,7.0,6.0,2.0,6.0,6.0,14.0,46.0,0.0,1.0,3.0,7.0,55.5,1,1,1,1,5121,6026,292,740,12984,10028,13237,23710,298,8004,17214,17641,469,375,1.0,33:01,2015,2016
2015-16,203092,Tyler Zeller,Tyler,1610612738,BOS,Boston Celtics,21500730,2016-02-02T00:00:00,BOS @ NYK,W,26.5,0.0,4.0,4.0,12.0,4.0,7.0,0.0,14.0,0.0,0.0,3.0,1.0,29.0,1,1,1,1,10422,12059,1596,1913,988,6141,15642,1,17019,8004,1,17641,12373,6346,1.0,26:32,2015,2016
2015-16,201935,James Harden,James,1610612745,HOU,Houston Rockets,21500731,2016-02-02T00:00:00,HOU vs. MIA,W,34.7,2.0,0.0,6.0,8.0,14.0,16.0,11.0,40.0,1.0,1.0,2.0,5.0,57.8,1,1,1,1,3808,6026,10158,740,3109,22292,25155,21342,983,2692,17214,11390,1539,275,1.0,34:40,2015,2016
2015-16,2546,Carmelo Anthony,Carmelo,1610612752,NYK,New York Knicks,21500730,2016-02-02T00:00:00,NYK vs. BOS,L,34.8,0.0,5.0,0.0,4.0,8.0,4.0,13.0,40.0,0.0,0.0,6.0,5.0,35.8,1,13074,13074,13074,3663,12059,995,9917,8599,13914,8458,23048,983,8004,1,25827,1539,3541,1.0,34:50,2015,2016
2015-16,203468,CJ McCollum,CJ,1610612757,POR,Portland Trail Blazers,21500733,2016-02-02T00:00:00,POR vs. MIL,W,33.9,7.0,0.0,11.0,10.0,6.0,5.0,6.0,20.0,2.0,1.0,5.0,6.0,51.8,1,1,1,1,4411,548,10158,69,1840,10028,11469,13388,11929,932,17214,24686,873,586,1.0,33:55,2015,2016
2015-16,101150,Lou Williams,Lou,1610612747,LAL,Los Angeles Lakers,21500734,2016-02-02T00:00:00,LAL vs. MIN,W,34.1,0.0,0.0,0.0,2.0,8.0,10.0,14.0,46.0,0.0,1.0,1.0,5.0,29.0,1,1,1,1,4265,12059,10158,9917,12984,13914,20509,23710,298,8004,17214,4972,1539,6346,1.0,34:06,2015,2016
2015-16,101123,Gerald Green,Gerald,1610612748,MIA,Miami Heat,21500731,2016-02-02T00:00:00,MIA @ HOU,L,25.0,2.0,0.0,0.0,0.0,9.0,5.0,8.0,30.0,1.0,0.0,1.0,3.0,24.3,1,13074,13074,13074,11655,6026,10158,9917,18861,15771,11469,17194,4541,2692,1,4972,4736,8939,1.0,25:02,2015,2016
2015-16,2548,Dwyane Wade,Dwyane,1610612748,MIA,Miami Heat,21500731,2016-02-02T00:00:00,MIA @ HOU,L,29.4,4.0,2.0,2.0,10.0,12.0,3.0,14.0,26.0,1.0,0.0,0.0,3.0,29.8,1,13074,13074,13074,8071,2460,4731,4675,1840,20178,7138,23710,7214,2692,1,1,4736,5948,1.0,29:23,2015,2016
2015-16,202693,Markieff Morris,Markieff,1610612756,PHX,Phoenix Suns,21500732,2016-02-02T00:00:00,PHX vs. TOR,L,41.5,4.0,8.0,0.0,12.0,16.0,12.0,10.0,28.0,2.0,1.0,5.0,6.0,57.2,1,13074,13074,13074,386,2460,137,9917,988,23774,22832,20169,5824,932,17214,24686,873,306,1.0,41:29,2015,2016
2015-16,202687,Bismack Biyombo,Bismack,1610612761,TOR,Toronto Raptors,21500732,2016-02-02T00:00:00,TOR @ PHX,W,29.0,2.0,0.0,3.0,4.0,0.0,4.0,8.0,14.0,1.0,1.0,5.0,2.0,24.9,1,1,1,1,8400,6026,10158,3302,8599,1,8458,17194,17019,2692,17214,24686,7786,8553,1.0,28:58,2015,2016
2015-16,203093,Terrence Jones,Terrence,1610612745,HOU,Houston Rockets,21500731,2016-02-02T00:00:00,HOU vs. MIA,W,29.4,4.0,0.0,0.0,6.0,6.0,13.0,8.0,26.0,0.0,2.0,4.0,3.0,23.9,1,1,1,1,8059,2460,10158,9917,5299,10028,23668,17194,7214,8004,23588,22104,4736,9184,1.0,29:24,2015,2016
2015-16,203952,Andrew Wiggins,Andrew,1610612750,MIN,Minnesota Timberwolves,21500734,2016-02-02T00:00:00,MIN @ LAL,L,41.2,2.0,4.0,4.0,18.0,9.0,16.0,12.0,38.0,2.0,1.0,6.0,3.0,44.3,1,13074,13074,13074,452,6026,1596,1913,131,15771,25155,22259,1422,932,17214,25827,4736,1499,1.0,41:10,2015,2016
2015-16,203462,Archie Goodwin,Archie,1610612756,PHX,Phoenix Suns,21500732,2016-02-02T00:00:00,PHX vs. TOR,L,44.8,4.0,2.0,5.0,8.0,20.0,12.0,19.0,30.0,1.0,0.0,3.0,4.0,37.4,1,13074,13074,13074,88,2460,4731,1277,3109,25338,22832,25435,4541,2692,1,17641,2748,3073,1.0,44:48,2015,2016
2015-16,2405,Amar'e Stoudemire,Amar'e,1610612748,MIA,Miami Heat,21500731,2016-02-02T00:00:00,MIA @ HOU,L,23.7,2.0,8.0,2.0,12.0,12.0,3.0,12.0,24.0,0.0,2.0,3.0,1.0,24.5,1,13074,13074,13074,12863,6026,137,4675,988,20178,7138,22259,8723,8004,23588,17641,12373,8801,1.0,23:39,2015,2016
2015-16,203082,Terrence Ross,Terrence,1610612761,TOR,Toronto Raptors,21500732,2016-02-02T00:00:00,TOR @ PHX,W,26.6,4.0,5.0,4.0,4.0,2.0,5.0,5.0,14.0,0.0,0.0,3.0,1.0,24.1,1,1,1,1,10393,2460,995,1913,8599,2619,11469,11593,17019,8004,1,17641,12373,9068,1.0,26:34,2015,2016
2015-16,202498,Lance Thomas,Lance,1610612752,NYK,New York Knicks,21500730,2016-02-02T00:00:00,NYK vs. BOS,L,25.4,0.0,0.0,0.0,0.0,10.0,10.0,10.0,34.0,0.0,0.0,1.0,1.0,7.4,1,13074,13074,13074,11370,12059,10158,9917,18861,17370,20509,20169,2701,8004,1,4972,12373,20912,1.0,25:25,2015,2016
2015-16,201167,Arron Afflalo,Arron,1610612752,NYK,New York Knicks,21500730,2016-02-02T00:00:00,NYK vs. BOS,L,39.8,2.0,2.0,4.0,4.0,12.0,10.0,13.0,46.0,0.0,1.0,0.0,5.0,23.9,1,13074,13074,13074,800,6026,4731,1913,8599,20178,20509,23048,298,8004,17214,1,1539,9184,1.0,39:45,2015,2016
2015-16,201937,Ricky Rubio,Ricky,1610612750,MIN,Minnesota Timberwolves,21500734,2016-02-02T00:00:00,MIN @ LAL,L,29.0,0.0,0.0,4.0,6.0,4.0,12.0,10.0,28.0,0.0,0.0,1.0,1.0,35.9,1,13074,13074,13074,8355,12059,10158,1913,5299,6141,22832,20169,5824,8004,1,4972,12373,3505,1.0,29:01,2015,2016
2015-16,203142,Chris Copeland,Chris,1610612749,MIL,Milwaukee Bucks,21500733,2016-02-02T00:00:00,MIL @ POR,L,2.8,0.0,0.0,0.0,0.0,0.0,0.0,0.0,0.0,0.0,0.0,1.0,0.0,0.0,1,13074,13074,13074,25211,12059,10158,9917,18861,1,1,1,25429,8004,1,4972,18762,25170,1.0,2:46,2015,2016
2015-16,201156,Nick Young,Nick,1610612747,LAL,Los Angeles Lakers,21500734,2016-02-02T00:00:00,LAL vs. MIN,W,14.3,2.0,0.0,0.0,0.0,4.0,2.0,6.0,16.0,0.0,0.0,2.0,0.0,4.0,1,1,1,1,20234,6026,10158,9917,18861,6141,3734,13388,15259,8004,1,11390,18762,23142,1.0,14:16,2015,2016
2015-16,201973,Jonas Jerebko,Jonas,1610612738,BOS,Boston Celtics,21500730,2016-02-02T00:00:00,BOS @ NYK,W,7.1,0.0,0.0,0.0,0.0,2.0,3.0,0.0,0.0,0.0,0.0,0.0,0.0,0.0,1,1,1,1,23526,12059,10158,9917,18861,2619,7138,1,25429,8004,1,1,18762,25170,1.0,7:05,2015,2016
2015-16,2549,Chris Kaman,Chris,1610612757,POR,Portland Trail Blazers,21500733,2016-02-02T00:00:00,POR vs. MIL,W,1.8,0.0,0.0,0.0,0.0,0.0,2.0,0.0,2.0,0.0,0.0,0.0,0.0,0.0,1,1,1,1,25571,12059,10158,9917,18861,1,3734,1,24614,8004,1,1,18762,25170,1.0,1:50,2015,2016
2015-16,203898,Tyler Ennis,Tyler,1610612749,MIL,Milwaukee Bucks,21500733,2016-02-02T00:00:00,MIL @ POR,L,2.8,0.0,0.0,0.0,0.0,0.0,0.0,0.0,0.0,0.0,0.0,0.0,0.0,5.4,1,13074,13074,13074,25211,12059,10158,9917,18861,1,1,1,25429,8004,1,1,18762,22242,1.0,2:46,2015,2016
2015-16,203948,Johnny O'Bryant III,Johnny,1610612749,MIL,Milwaukee Bucks,21500733,2016-02-02T00:00:00,MIL @ POR,L,2.8,0.0,0.0,0.0,0.0,0.0,0.0,0.0,0.0,0.0,0.0,1.0,0.0,5.0,1,13074,13074,13074,25211,12059,10158,9917,18861,1,1,1,25429,8004,1,4972,18762,22500,1.0,2:46,2015,2016
2015-16,101161,Amir Johnson,Amir,1610612738,BOS,Boston Celtics,21500730,2016-02-02T00:00:00,BOS @ NYK,W,14.6,2.0,0.0,0.0,4.0,0.0,11.0,3.0,10.0,0.0,1.0,2.0,1.0,8.8,1,1,1,1,20061,6026,10158,9917,8599,1,21814,7328,20209,8004,17214,11390,12373,19994,1.0,14:34,2015,2016
2015-16,2199,Tyson Chandler,Tyson,1610612756,PHX,Phoenix Suns,21500732,2016-02-02T00:00:00,PHX vs. TOR,L,18.3,0.0,0.0,0.0,0.0,5.0,6.0,3.0,12.0,1.0,0.0,5.0,1.0,9.5,1,13074,13074,13074,17301,12059,10158,9917,18861,8403,13237,7328,18637,2692,1,24686,12373,19519,1.0,18:16,2015,2016
2015-16,203940,Adreian Payne,Adreian,1610612750,MIN,Minnesota Timberwolves,21500734,2016-02-02T00:00:00,MIN @ LAL,L,6.5,0.0,0.0,0.0,2.0,3.0,4.0,3.0,12.0,0.0,0.0,0.0,1.0,3.7,1,13074,13074,13074,23739,12059,10158,9917,12984,5109,8458,7328,18637,8004,1,1,12373,23278,1.0,6:31,2015,2016
2015-16,201177,Josh McRoberts,Josh,1610612748,MIA,Miami Heat,21500731,2016-02-02T00:00:00,MIA @ HOU,L,3.3,0.0,0.0,0.0,0.0,7.0,3.0,2.0,8.0,0.0,0.0,1.0,0.0,0.0,1,13074,13074,13074,25028,12059,10158,9917,18861,12242,7138,4025,21543,8004,1,4972,18762,25170,1.0,3:15,2015,2016
2015-16,204025,Tim Frazier,Tim,1610612757,POR,Portland Trail Blazers,21500733,2016-02-02T00:00:00,POR vs. MIL,W,1.8,0.0,0.0,0.0,0.0,0.0,2.0,0.0,2.0,0.0,0.0,0.0,0.0,0.0,1,1,1,1,25571,12059,10158,9917,18861,1,3734,1,24614,8004,1,1,18762,25170,1.0,1:50,2015,2016
2015-16,1626170,Jerian Grant,Jerian,1610612752,NYK,New York Knicks,21500730,2016-02-02T00:00:00,NYK vs. BOS,L,7.4,0.0,0.0,0.0,0.0,6.0,2.0,4.0,14.0,0.0,0.0,1.0,1.0,0.0,1,13074,13074,13074,23415,12059,10158,9917,18861,10028,3734,8806,17019,8004,1,4972,12373,25170,1.0,7:25,2015,2016
2015-16,203943,Noah Vonleh,Noah,1610612757,POR,Portland Trail Blazers,21500733,2016-02-02T00:00:00,POR vs. MIL,W,16.4,0.0,0.0,0.0,0.0,7.0,3.0,6.0,20.0,0.0,0.0,3.0,0.0,3.6,1,1,1,1,18699,12059,10158,9917,18861,12242,7138,13388,11929,8004,1,17641,18762,23310,1.0,16:26,2015,2016
2015-16,203096,Jared Sullinger,Jared,1610612738,BOS,Boston Celtics,21500730,2016-02-02T00:00:00,BOS @ NYK,W,16.6,0.0,0.0,0.0,2.0,4.0,15.0,6.0,12.0,0.0,1.0,3.0,0.0,8.9,1,1,1,1,18605,12059,10158,9917,12984,6141,24781,13388,18637,8004,17214,17641,18762,19914,1.0,16:34,2015,2016
2015-16,203458,Alex Len,Alex,1610612756,PHX,Phoenix Suns,21500732,2016-02-02T00:00:00,PHX vs. TOR,L,16.4,0.0,0.0,0.0,2.0,9.0,8.0,12.0,12.0,0.0,0.0,3.0,1.0,4.8,1,13074,13074,13074,18772,12059,10158,9917,12984,15771,17345,22259,18637,8004,1,17641,12373,22657,1.0,16:21,2015,2016
2015-16,1626173,Rashad Vaughn,Rashad,1610612749,MIL,Milwaukee Bucks,21500733,2016-02-02T00:00:00,MIL @ POR,L,17.9,2.0,0.0,0.0,0.0,7.0,2.0,2.0,12.0,0.0,0.0,1.0,1.0,9.6,1,13074,13074,13074,17564,6026,10158,9917,18861,12242,3734,4025,18637,8004,1,4972,12373,19434,1.0,17:56,2015,2016
2015-16,201579,Roy Hibbert,Roy,1610612747,LAL,Los Angeles Lakers,21500734,2016-02-02T00:00:00,LAL vs. MIN,W,16.2,0.0,0.0,0.0,0.0,2.0,4.0,10.0,28.0,0.0,0.0,4.0,1.0,4.7,1,1,1,1,18913,12059,10158,9917,18861,2619,8458,20169,5824,8004,1,22104,12373,22672,1.0,16:10,2015,2016
2015-16,201603,Sonny Weems,Sonny,1610612756,PHX,Phoenix Suns,21500732,2016-02-02T00:00:00,PHX vs. TOR,L,12.1,0.0,0.0,0.0,2.0,4.0,2.0,10.0,10.0,0.0,1.0,2.0,0.0,3.2,1,13074,13074,13074,21481,12059,10158,9917,12984,6141,3734,20169,20209,8004,17214,11390,18762,23473,1.0,12:05,2015,2016
2015-16,201577,Robin Lopez,Robin,1610612752,NYK,New York Knicks,21500730,2016-02-02T00:00:00,NYK vs. BOS,L,37.4,2.0,8.0,2.0,12.0,8.0,6.0,13.0,40.0,3.0,0.0,1.0,5.0,42.6,1,13074,13074,13074,1855,6026,137,4675,988,13914,13237,23048,983,347,1,4972,1539,1822,1.0,37:22,2015,2016
2015-16,2736,Luol Deng,Luol,1610612748,MIA,Miami Heat,21500731,2016-02-02T00:00:00,MIA @ HOU,L,28.8,2.0,4.0,2.0,10.0,12.0,3.0,12.0,24.0,0.0,1.0,2.0,2.0,31.1,1,13074,13074,13074,8534,6026,1596,4675,1840,20178,7138,22259,8723,8004,17214,11390,7786,5354,1.0,28:48,2015,2016
2015-16,202328,Greg Monroe,Greg,1610612749,MIL,Milwaukee Bucks,21500733,2016-02-02T00:00:00,MIL @ POR,L,29.8,0.0,3.0,0.0,10.0,7.0,8.0,18.0,32.0,0.0,2.0,3.0,3.0,30.1,1,13074,13074,13074,7687,12059,3104,9917,1840,12242,17345,25228,3535,8004,23588,17641,4736,5794,1.0,29:50,2015,2016
2015-16,200768,Kyle Lowry,Kyle,1610612761,TOR,Toronto Raptors,21500732,2016-02-02T00:00:00,TOR @ PHX,W,41.6,0.0,2.0,8.0,4.0,8.0,12.0,7.0,30.0,0.0,1.0,1.0,7.0,40.6,1,1,1,1,372,12059,4731,280,8599,13914,22832,15538,4541,8004,17214,4972,469,2230,1.0,41:35,2015,2016
2015-16,203507,Giannis Antetokounmpo,Giannis,1610612749,MIL,Milwaukee Bucks,21500733,2016-02-02T00:00:00,MIL @ POR,L,38.8,2.0,0.0,5.0,10.0,12.0,10.0,18.0,40.0,1.0,0.0,1.0,7.0,43.1,1,13074,13074,13074,1158,6026,10158,1277,1840,20178,20509,25228,983,2692,1,4972,469,1713,1.0,38:46,2015,2016
2015-16,202709,Cory Joseph,Cory,1610612761,TOR,Toronto Raptors,21500732,2016-02-02T00:00:00,TOR @ PHX,W,27.3,2.0,0.0,0.0,4.0,2.0,4.0,8.0,10.0,0.0,1.0,2.0,5.0,15.2,1,1,1,1,9794,6026,10158,9917,8599,2619,8458,17194,20209,8004,17214,11390,1539,15219,1.0,27:16,2015,2016
2015-16,2746,Josh Smith,Josh,1610612745,HOU,Houston Rockets,21500731,2016-02-02T00:00:00,HOU vs. MIA,W,21.5,5.0,3.0,2.0,10.0,8.0,10.0,3.0,26.0,1.0,0.0,5.0,1.0,31.3,1,1,1,1,14625,1603,3104,4675,1840,13914,20509,7328,7214,2692,1,24686,12373,5258,1.0,21:28,2015,2016
2015-16,201977,Marcus Thornton,Marcus,1610612745,HOU,Houston Rockets,21500731,2016-02-02T00:00:00,HOU vs. MIA,W,22.7,3.0,3.0,3.0,4.0,4.0,7.0,2.0,16.0,0.0,0.0,1.0,0.0,31.5,1,1,1,1,13587,4307,3104,3302,8599,6141,15642,4025,15259,8004,1,4972,18762,5180,1.0,22:44,2015,2016
2015-16,2757,Beno Udrih,Beno,1610612748,MIA,Miami Heat,21500731,2016-02-02T00:00:00,MIA @ HOU,L,24.5,0.0,0.0,0.0,2.0,11.0,5.0,9.0,28.0,0.0,0.0,2.0,0.0,15.3,1,13074,13074,13074,12102,12059,10158,9917,12984,18886,11469,18829,5824,8004,1,11390,18762,15150,1.0,24:31,2015,2016
2015-16,1626156,D'Angelo Russell,D'Angelo,1610612747,LAL,Los Angeles Lakers,21500734,2016-02-02T00:00:00,LAL vs. MIN,W,27.7,6.0,0.0,7.0,8.0,6.0,4.0,16.0,30.0,0.0,1.0,2.0,3.0,27.1,1,1,1,1,9461,878,10158,454,3109,10028,8458,24641,4541,8004,17214,11390,4736,7339,1.0,27:42,2015,2016
2015-16,203114,Khris Middleton,Khris,1610612749,MIL,Milwaukee Bucks,21500733,2016-02-02T00:00:00,MIL @ POR,L,38.5,2.0,0.0,4.0,2.0,10.0,8.0,16.0,44.0,0.0,3.0,3.0,5.0,41.1,1,13074,13074,13074,1252,6026,10158,1913,12984,17370,17345,24641,454,8004,25441,17641,1539,2123,1.0,38:32,2015,2016
2015-16,203944,Julius Randle,Julius,1610612747,LAL,Los Angeles Lakers,21500734,2016-02-02T00:00:00,LAL vs. MIN,W,32.4,4.0,5.0,2.0,14.0,6.0,8.0,12.0,44.0,0.0,1.0,3.0,1.0,31.4,1,1,1,1,5581,2460,995,4675,542,10028,17345,22259,454,8004,17214,17641,12373,5218,1.0,32:23,2015,2016
2015-16,201147,Corey Brewer,Corey,1610612745,HOU,Houston Rockets,21500731,2016-02-02T00:00:00,HOU vs. MIA,W,33.0,2.0,0.0,0.0,4.0,6.0,13.0,9.0,28.0,2.0,0.0,4.0,1.0,27.3,1,1,1,1,5127,6026,10158,9917,8599,10028,23668,18829,5824,932,1,22104,12373,7236,1.0,33:00,2015,2016
2015-16,202720,Jon Leuer,Jon,1610612756,PHX,Phoenix Suns,21500732,2016-02-02T00:00:00,PHX vs. TOR,L,4.2,0.0,0.0,0.0,0.0,4.0,0.0,4.0,2.0,0.0,0.0,0.0,0.0,2.4,1,13074,13074,13074,24648,12059,10158,9917,18861,6141,1,8806,24614,8004,1,1,18762,24024,1.0,4:10,2015,2016
2015-16,202334,Ed Davis,Ed,1610612757,POR,Portland Trail Blazers,21500733,2016-02-02T00:00:00,POR vs. MIL,W,23.4,0.0,4.0,0.0,8.0,7.0,3.0,7.0,14.0,0.0,0.0,1.0,1.0,18.4,1,1,1,1,13051,12059,1596,9917,3109,12242,7138,15538,17019,8004,1,4972,12373,12854,1.0,23:23,2015,2016
2015-16,203101,Miles Plumlee,Miles,1610612749,MIL,Milwaukee Bucks,21500733,2016-02-02T00:00:00,MIL @ POR,L,18.2,0.0,2.0,0.0,6.0,7.0,2.0,0.0,14.0,1.0,1.0,1.0,1.0,18.2,1,13074,13074,13074,17370,12059,4731,9917,5299,12242,3734,1,17019,2692,17214,4972,12373,13004,1.0,18:10,2015,2016
2015-16,2449,Luis Scola,Luis,1610612761,TOR,Toronto Raptors,21500732,2016-02-02T00:00:00,TOR @ PHX,W,19.5,4.0,0.0,2.0,0.0,6.0,9.0,5.0,16.0,1.0,0.0,2.0,2.0,12.7,1,1,1,1,16329,2460,10158,4675,18861,10028,19144,11593,15259,2692,1,11390,7786,17201,1.0,19:29,2015,2016
2015-16,1626181,Norman Powell,Norman,1610612761,TOR,Toronto Raptors,21500732,2016-02-02T00:00:00,TOR @ PHX,W,14.9,0.0,0.0,0.0,0.0,4.0,5.0,6.0,10.0,0.0,0.0,2.0,1.0,7.7,1,1,1,1,19828,12059,10158,9917,18861,6141,11469,13388,20209,8004,1,11390,12373,20733,1.0,14:54,2015,2016
2015-16,203953,Jabari Parker,Jabari,1610612749,MIL,Milwaukee Bucks,21500733,2016-02-02T00:00:00,MIL @ POR,L,32.4,2.0,0.0,4.0,6.0,9.0,8.0,16.0,34.0,1.0,1.0,3.0,1.0,12.7,1,13074,13074,13074,5604,6026,10158,1913,5299,15771,17345,24641,2701,2692,17214,17641,12373,17201,1.0,32:21,2015,2016
2015-16,204028,Tarik Black,Tarik,1610612747,LAL,Los Angeles Lakers,21500734,2016-02-02T00:00:00,LAL vs. MIN,W,20.0,0.0,2.0,0.0,2.0,6.0,2.0,12.0,24.0,2.0,0.0,5.0,0.0,17.8,1,1,1,1,15919,12059,4731,9917,12984,10028,3734,22259,8723,932,1,24686,18762,13309,1.0,19:60,2015,2016
2015-16,203090,Maurice Harkless,Maurice,1610612757,POR,Portland Trail Blazers,21500733,2016-02-02T00:00:00,POR vs. MIL,W,1.8,0.0,0.0,0.0,0.0,0.0,2.0,0.0,2.0,0.0,1.0,0.0,1.0,2.0,1,1,1,1,25571,12059,10158,9917,18861,1,3734,1,24614,8004,17214,1,12373,24216,1.0,1:50,2015,2016
2015-16,203909,KJ McDaniels,KJ,1610612745,HOU,Houston Rockets,21500731,2016-02-02T00:00:00,HOU vs. MIA,W,3.1,0.0,0.0,0.0,0.0,0.0,0.0,0.0,0.0,0.0,0.0,0.0,2.0,3.0,1,1,1,1,25082,12059,10158,9917,18861,1,1,1,25429,8004,1,1,7786,23648,1.0,3:07,2015,2016
2015-16,202685,Jonas Valančiūnas,Jonas,1610612761,TOR,Toronto Raptors,21500732,2016-02-02T00:00:00,TOR @ PHX,W,19.0,4.0,5.0,0.0,10.0,8.0,9.0,5.0,16.0,0.0,0.0,2.0,3.0,21.2,1,1,1,1,16671,2460,995,9917,1840,13914,19144,11593,15259,8004,1,11390,4736,10936,1.0,19:02,2015,2016
2015-16,204014,Damjan Rudez,Damjan,1610612750,MIN,Minnesota Timberwolves,21500734,2016-02-02T00:00:00,MIN @ LAL,L,14.4,2.0,2.0,2.0,4.0,9.0,2.0,7.0,12.0,0.0,0.0,1.0,1.0,8.4,1,13074,13074,13074,20193,6026,4731,4675,8599,15771,3734,15538,18637,8004,1,4972,12373,20273,1.0,14:22,2015,2016
2015-16,1889,Andre Miller,Andre,1610612750,MIN,Minnesota Timberwolves,21500734,2016-02-02T00:00:00,MIN @ LAL,L,5.7,0.0,0.0,2.0,2.0,5.0,0.0,3.0,6.0,0.0,1.0,0.0,0.0,2.4,1,13074,13074,13074,24112,12059,10158,4675,12984,8403,1,7328,22724,8004,17214,1,18762,24024,1.0,5:40,2015,2016
2015-16,101138,Brandon Bass,Brandon,1610612747,LAL,Los Angeles Lakers,21500734,2016-02-02T00:00:00,LAL vs. MIN,W,27.5,0.0,0.0,0.0,4.0,6.0,6.0,10.0,32.0,0.0,0.0,3.0,3.0,17.6,1,1,1,1,9648,12059,10158,9917,8599,10028,13237,20169,3535,8004,1,17641,4736,13443,1.0,27:27,2015,2016
2015-16,1626159,Justise Winslow,Justise,1610612748,MIA,Miami Heat,21500731,2016-02-02T00:00:00,MIA @ HOU,L,32.1,2.0,2.0,0.0,6.0,12.0,5.0,12.0,32.0,0.0,1.0,4.0,2.0,28.6,1,13074,13074,13074,5828,6026,4731,9917,5299,20178,11469,22259,3535,8004,17214,22104,7786,6560,1.0,32:04,2015,2016
2015-16,203459,Allen Crabbe,Allen,1610612757,POR,Portland Trail Blazers,21500733,2016-02-02T00:00:00,POR vs. MIL,W,24.6,2.0,0.0,0.0,2.0,10.0,3.0,7.0,16.0,1.0,0.0,2.0,1.0,17.6,1,1,1,1,12012,6026,10158,9917,12984,17370,7138,15538,15259,2692,1,11390,12373,13443,1.0,24:37,2015,2016
2015-16,202340,Avery Bradley,Avery,1610612738,BOS,Boston Celtics,21500730,2016-02-02T00:00:00,BOS @ NYK,W,29.9,2.0,2.0,2.0,4.0,6.0,15.0,6.0,18.0,1.0,2.0,4.0,0.0,17.6,1,1,1,1,7604,6026,4731,4675,8599,10028,24781,13388,13577,2692,23588,22104,18762,13443,1.0,29:56,2015,2016
2015-16,201945,Gerald Henderson,Gerald,1610612757,POR,Portland Trail Blazers,21500733,2016-02-02T00:00:00,POR vs. MIL,W,22.4,0.0,2.0,5.0,10.0,5.0,5.0,2.0,8.0,1.0,0.0,1.0,1.0,27.8,1,1,1,1,13873,12059,4731,1277,1840,8403,11469,4025,21543,2692,1,4972,12373,6950,1.0,22:21,2015,2016
2015-16,201942,DeMar DeRozan,DeMar,1610612761,TOR,Toronto Raptors,21500732,2016-02-02T00:00:00,TOR @ PHX,W,33.7,4.0,0.0,0.0,8.0,8.0,13.0,13.0,26.0,1.0,1.0,3.0,5.0,31.9,1,1,1,1,4609,2460,10158,9917,3109,13914,23668,23048,7214,2692,17214,17641,1539,4984,1.0,33:41,2015,2016
2015-16,203897,Zach LaVine,Zach,1610612750,MIN,Minnesota Timberwolves,21500734,2016-02-02T00:00:00,MIN @ LAL,L,26.5,2.0,0.0,4.0,6.0,16.0,4.0,8.0,22.0,0.0,0.0,4.0,0.0,21.7,1,13074,13074,13074,10488,6026,10158,1913,5299,23774,8458,17194,10265,8004,1,22104,18762,10592,1.0,26:27,2015,2016
2015-16,202738,Isaiah Thomas,Isaiah,1610612738,BOS,Boston Celtics,21500730,2016-02-02T00:00:00,BOS @ NYK,W,37.0,0.0,0.0,3.0,12.0,6.0,20.0,6.0,22.0,0.0,0.0,1.0,3.0,39.0,1,1,1,1,2097,12059,10158,3302,988,10028,25875,13388,10265,8004,1,4972,4736,2642,1.0,36:58,2015,2016
2015-16,202323,Evan Turner,Evan,1610612738,BOS,Boston Celtics,21500730,2016-02-02T00:00:00,BOS @ NYK,W,29.0,4.0,0.0,0.0,8.0,6.0,9.0,0.0,16.0,0.0,0.0,1.0,2.0,39.0,1,1,1,1,8400,2460,10158,9917,3109,10028,19144,1,15259,8004,1,4972,7786,2642,1.0,28:58,2015,2016
2015-16,203903,Jordan Clarkson,Jordan,1610612747,LAL,Los Angeles Lakers,21500734,2016-02-02T00:00:00,LAL vs. MIN,W,34.9,2.0,2.0,0.0,14.0,6.0,8.0,16.0,54.0,0.0,0.0,1.0,1.0,27.6,1,1,1,1,3595,6026,4731,9917,542,10028,17345,24641,35,8004,1,4972,12373,7080,1.0,34:55,2015,2016
2015-16,202329,Al-Farouq Aminu,Al-Farouq,1610612757,POR,Portland Trail Blazers,21500733,2016-02-02T00:00:00,POR vs. MIL,W,30.8,0.0,2.0,0.0,2.0,9.0,5.0,11.0,30.0,0.0,0.0,3.0,2.0,28.5,1,1,1,1,6881,12059,4731,9917,12984,15771,11469,21342,4541,8004,1,17641,7786,6613,1.0,30:49,2015,2016
2015-16,203482,Kelly Olynyk,Kelly,1610612738,BOS,Boston Celtics,21500730,2016-02-02T00:00:00,BOS @ NYK,W,22.2,2.0,4.0,2.0,8.0,10.0,6.0,3.0,14.0,1.0,0.0,3.0,2.0,22.5,1,1,1,1,13967,6026,1596,4675,3109,17370,13237,7328,17019,2692,1,17641,7786,10082,1.0,22:15,2015,2016
2015-16,203498,Shabazz Muhammad,Shabazz,1610612750,MIN,Minnesota Timberwolves,21500734,2016-02-02T00:00:00,MIN @ LAL,L,23.5,4.0,0.0,4.0,6.0,12.0,6.0,10.0,24.0,0.0,0.0,1.0,4.0,22.1,1,13074,13074,13074,12988,2460,10158,1913,5299,20178,13237,20169,8723,8004,1,4972,2748,10332,1.0,23:29,2015,2016
2015-16,203932,Aaron Gordon,Aaron,1610612753,ORL,Orlando Magic,21500726,2016-02-01T00:00:00,ORL @ SAS,L,31.5,4.0,8.0,0.0,12.0,10.0,7.0,6.0,18.0,1.0,1.0,1.0,0.0,32.2,1,13074,13074,13074,6324,2460,137,9917,988,17370,15642,13388,13577,2692,17214,4972,18762,4846,1.0,31:29,2015,2016
2015-16,202683,Enes Freedom,Enes,1610612760,OKC,Oklahoma City Thunder,21500725,2016-02-01T00:00:00,OKC vs. WAS,W,17.1,2.0,2.0,2.0,0.0,12.0,0.0,4.0,14.0,0.0,0.0,1.0,4.0,17.0,1,1,1,1,18210,6026,4731,4675,18861,20178,1,8806,17019,8004,1,4972,2748,13855,1.0,17:05,2015,2016
2015-16,1626171,Bobby Portis,Bobby,1610612741,CHI,Chicago Bulls,21500728,2016-02-01T00:00:00,CHI @ UTA,L,20.5,0.0,0.0,0.0,6.0,8.0,7.0,3.0,16.0,0.0,0.0,0.0,2.0,14.0,1,13074,13074,13074,15447,12059,10158,9917,5299,13914,15642,7328,15259,8004,1,1,7786,16166,1.0,20:32,2015,2016
2015-16,1626173,Rashad Vaughn,Rashad,1610612749,MIL,Milwaukee Bucks,21500729,2016-02-01T00:00:00,MIL @ SAC,L,17.8,3.0,0.0,9.0,0.0,5.0,6.0,4.0,20.0,1.0,1.0,3.0,0.0,17.7,1,13074,13074,13074,17652,4307,10158,184,18861,8403,13237,8806,11929,2692,17214,17641,18762,13380,1.0,17:49,2015,2016
2015-16,201142,Kevin Durant,Kevin,1610612760,OKC,Oklahoma City Thunder,21500725,2016-02-01T00:00:00,OKC vs. WAS,W,36.3,5.0,0.0,4.0,8.0,16.0,2.0,8.0,42.0,0.0,2.0,3.0,5.0,37.8,1,1,1,1,2557,1603,10158,1913,3109,23774,3734,17194,670,8004,23588,17641,1539,2956,1.0,36:17,2015,2016
2015-16,201196,Ramon Sessions,Ramon,1610612764,WAS,Washington Wizards,21500725,2016-02-01T00:00:00,WAS @ OKC,L,12.3,0.0,0.0,2.0,2.0,4.0,2.0,9.0,12.0,0.0,1.0,0.0,1.0,13.7,1,13074,13074,13074,21385,12059,10158,4675,12984,6141,3734,18829,18637,8004,17214,1,12373,16393,1.0,12:18,2015,2016
2015-16,203082,Terrence Ross,Terrence,1610612761,TOR,Toronto Raptors,21500727,2016-02-01T00:00:00,TOR @ DEN,L,27.0,4.0,0.0,4.0,6.0,7.0,9.0,11.0,34.0,0.0,0.0,1.0,2.0,17.8,1,13074,13074,13074,9996,2460,10158,1913,5299,12242,19144,21342,2701,8004,1,4972,7786,13309,1.0,27:01,2015,2016
2015-16,202709,Cory Joseph,Cory,1610612761,TOR,Toronto Raptors,21500727,2016-02-01T00:00:00,TOR @ DEN,L,28.0,0.0,0.0,0.0,2.0,5.0,7.0,9.0,30.0,0.0,1.0,0.0,2.0,17.4,1,13074,13074,13074,9238,12059,10158,9917,12984,8403,15642,18829,4541,8004,17214,1,7786,13595,1.0,27:59,2015,2016
2015-16,203115,Will Barton,Will,1610612743,DEN,Denver Nuggets,21500727,2016-02-01T00:00:00,DEN vs. TOR,W,33.3,2.0,2.0,7.0,12.0,10.0,5.0,5.0,18.0,1.0,2.0,3.0,1.0,32.9,1,1,1,1,4930,6026,4731,454,988,17370,11469,11593,13577,2692,23588,17641,12373,4566,1.0,33:15,2015,2016
2015-16,203504,Trey Burke,Trey,1610612762,UTA,Utah Jazz,21500728,2016-02-01T00:00:00,UTA vs. CHI,W,19.4,0.0,5.0,0.0,2.0,9.0,5.0,2.0,20.0,0.0,1.0,0.0,1.0,13.9,1,1,1,1,16415,12059,995,9917,12984,15771,11469,4025,11929,8004,17214,1,12373,16232,1.0,19:22,2015,2016
2015-16,202324,Derrick Favors,Derrick,1610612762,UTA,Utah Jazz,21500728,2016-02-01T00:00:00,UTA vs. CHI,W,37.6,2.0,0.0,0.0,8.0,16.0,11.0,2.0,22.0,4.0,3.0,3.0,7.0,32.6,1,1,1,1,1720,6026,10158,9917,3109,23774,21814,4025,10265,132,25441,17641,469,4687,1.0,37:33,2015,2016
2015-16,200794,Paul Millsap,Paul,1610612737,ATL,Atlanta Hawks,21500723,2016-02-01T00:00:00,ATL vs. DAL,W,33.7,0.0,2.0,2.0,6.0,10.0,13.0,3.0,28.0,2.0,0.0,3.0,3.0,28.4,1,1,1,1,4594,12059,4731,4675,5299,17370,23668,7328,5824,932,1,17641,4736,6663,1.0,33:42,2015,2016
2015-16,202718,Chandler Parsons,Chandler,1610612742,DAL,Dallas Mavericks,21500723,2016-02-01T00:00:00,DAL @ ATL,L,32.2,4.0,2.0,0.0,12.0,3.0,8.0,11.0,30.0,0.0,2.0,1.0,4.0,33.2,1,13074,13074,13074,5692,2460,4731,9917,988,5109,17345,21342,4541,8004,23588,4972,2748,4462,1.0,32:14,2015,2016
2015-16,201188,Marc Gasol,Marc,1610612763,MEM,Memphis Grizzlies,21500724,2016-02-01T00:00:00,MEM @ NOP,W,32.3,0.0,0.0,0.0,8.0,12.0,13.0,11.0,16.0,2.0,0.0,3.0,1.0,32.1,1,1,1,1,5684,12059,10158,9917,3109,20178,23668,21342,15259,932,1,17641,12373,4889,1.0,32:15,2015,2016
2015-16,201568,Danilo Gallinari,Danilo,1610612743,DEN,Denver Nuggets,21500727,2016-02-01T00:00:00,DEN vs. TOR,W,29.2,2.0,0.0,2.0,6.0,11.0,3.0,4.0,14.0,0.0,1.0,1.0,4.0,22.8,1,1,1,1,8228,6026,10158,4675,5299,18886,7138,8806,17019,8004,17214,4972,2748,9883,1.0,29:11,2015,2016
2015-16,203507,Giannis Antetokounmpo,Giannis,1610612749,MIL,Milwaukee Bucks,21500729,2016-02-01T00:00:00,MIL @ SAC,L,35.2,7.0,0.0,7.0,10.0,15.0,13.0,12.0,38.0,0.0,1.0,4.0,5.0,28.5,1,13074,13074,13074,3430,548,10158,454,1840,23079,23668,22259,1422,8004,17214,22104,1539,6613,1.0,35:09,2015,2016
2015-16,203145,Kent Bazemore,Kent,1610612737,ATL,Atlanta Hawks,21500723,2016-02-01T00:00:00,ATL vs. DAL,W,27.2,0.0,0.0,2.0,4.0,10.0,12.0,3.0,24.0,0.0,0.0,2.0,2.0,17.3,1,1,1,1,9871,12059,10158,4675,8599,17370,22832,7328,8723,8004,1,11390,7786,13671,1.0,27:11,2015,2016
2015-16,202066,Garrett Temple,Garrett,1610612764,WAS,Washington Wizards,21500725,2016-02-01T00:00:00,WAS @ OKC,L,36.8,0.0,0.0,2.0,2.0,14.0,14.0,4.0,36.0,0.0,1.0,3.0,0.0,17.6,1,13074,13074,13074,2264,12059,10158,4675,12984,22292,24300,8806,1943,8004,17214,17641,18762,13443,1.0,36:45,2015,2016
2015-16,101141,Ersan Ilyasova,Ersan,1610612765,DET,Detroit Pistons,21500722,2016-02-01T00:00:00,DET @ BKN,W,31.4,2.0,2.0,4.0,6.0,3.0,4.0,8.0,30.0,1.0,1.0,0.0,3.0,32.2,1,1,1,1,6391,6026,4731,1913,5299,5109,8458,17194,4541,2692,17214,1,4736,4846,1.0,31:23,2015,2016
2015-16,200751,Randy Foye,Randy,1610612743,DEN,Denver Nuggets,21500727,2016-02-01T00:00:00,DEN vs. TOR,W,24.1,3.0,0.0,0.0,2.0,8.0,5.0,4.0,16.0,2.0,0.0,4.0,0.0,32.5,1,1,1,1,12429,4307,10158,9917,12984,13914,11469,8806,15259,932,1,22104,18762,4726,1.0,24:08,2015,2016
2015-16,202694,Marcus Morris Sr.,Marcus,1610612765,DET,Detroit Pistons,21500722,2016-02-01T00:00:00,DET @ BKN,W,31.7,2.0,6.0,0.0,4.0,0.0,0.0,5.0,26.0,0.0,0.0,3.0,3.0,22.7,1,1,1,1,6155,6026,481,9917,8599,1,1,11593,7214,8004,1,17641,4736,9938,1.0,31:42,2015,2016
2015-16,202708,Norris Cole,Norris,1610612740,NOP,New Orleans Pelicans,21500724,2016-02-01T00:00:00,NOP vs. MEM,L,37.5,3.0,5.0,3.0,6.0,11.0,4.0,8.0,44.0,0.0,1.0,3.0,1.0,37.6,1,13074,13074,13074,1749,4307,995,3302,5299,18886,8458,17194,454,8004,17214,17641,12373,3018,1.0,37:30,2015,2016
2015-16,1626214,Bryce Dejean-Jones,Bryce,1610612740,NOP,New Orleans Pelicans,21500724,2016-02-01T00:00:00,NOP vs. MEM,L,23.5,4.0,4.0,2.0,2.0,4.0,2.0,5.0,26.0,0.0,0.0,0.0,2.0,22.5,1,13074,13074,13074,12952,2460,1596,4675,12984,6141,3734,11593,7214,8004,1,1,7786,10082,1.0,23:32,2015,2016
2015-16,200768,Kyle Lowry,Kyle,1610612761,TOR,Toronto Raptors,21500727,2016-02-01T00:00:00,TOR @ DEN,L,32.0,4.0,0.0,1.0,4.0,9.0,3.0,11.0,38.0,0.0,1.0,2.0,7.0,22.4,1,13074,13074,13074,5893,2460,10158,9347,8599,15771,7138,21342,1422,8004,17214,11390,469,10131,1.0,31:60,2015,2016
2015-16,202695,Kawhi Leonard,Kawhi,1610612759,SAS,San Antonio Spurs,21500726,2016-02-01T00:00:00,SAS vs. ORL,W,26.5,0.0,0.0,2.0,4.0,16.0,10.0,8.0,36.0,2.0,0.0,1.0,1.0,26.0,1,1,1,1,10461,12059,10158,4675,8599,23774,20509,17194,1943,932,1,4972,12373,7910,1.0,26:29,2015,2016
2015-16,2594,Kyle Korver,Kyle,1610612737,ATL,Atlanta Hawks,21500723,2016-02-01T00:00:00,ATL vs. DAL,W,27.9,0.0,0.0,0.0,0.0,10.0,11.0,0.0,16.0,1.0,0.0,1.0,1.0,25.9,1,1,1,1,9319,12059,10158,9917,18861,17370,21814,1,15259,2692,1,4972,12373,7960,1.0,27:53,2015,2016
2015-16,202684,Tristan Thompson,Tristan,1610612739,CLE,Cleveland Cavaliers,21500721,2016-02-01T00:00:00,CLE @ IND,W,40.9,2.0,6.0,0.0,14.0,17.0,18.0,9.0,32.0,0.0,0.0,3.0,3.0,25.4,1,1,1,1,503,6026,481,9917,542,24337,25634,18829,3535,8004,1,17641,4736,8273,1.0,40:55,2015,2016
2015-16,203078,Bradley Beal,Bradley,1610612764,WAS,Washington Wizards,21500725,2016-02-01T00:00:00,WAS @ OKC,L,26.0,5.0,0.0,0.0,4.0,4.0,8.0,10.0,26.0,0.0,0.0,3.0,2.0,23.1,1,13074,13074,13074,10881,1603,10158,9917,8599,6141,17345,20169,7214,8004,1,17641,7786,9699,1.0,25:57,2015,2016
2015-16,203114,Khris Middleton,Khris,1610612749,MIL,Milwaukee Bucks,21500729,2016-02-01T00:00:00,MIL @ SAC,L,33.9,0.0,0.0,2.0,4.0,14.0,15.0,8.0,26.0,0.0,0.0,3.0,4.0,23.0,1,13074,13074,13074,4411,12059,10158,4675,8599,22292,24781,17194,7214,8004,1,17641,2748,9760,1.0,33:55,2015,2016
2015-16,202702,Kenneth Faried,Kenneth,1610612743,DEN,Denver Nuggets,21500727,2016-02-01T00:00:00,DEN vs. TOR,W,23.9,0.0,0.0,4.0,8.0,8.0,4.0,3.0,12.0,0.0,0.0,1.0,4.0,25.4,1,1,1,1,12665,12059,10158,1913,3109,13914,8458,7328,18637,8004,1,4972,2748,8273,1.0,23:53,2015,2016
2015-16,204060,Joe Ingles,Joe,1610612762,UTA,Utah Jazz,21500728,2016-02-01T00:00:00,UTA vs. CHI,W,19.0,0.0,0.0,0.0,2.0,5.0,5.0,0.0,14.0,0.0,0.0,1.0,0.0,10.0,1,1,1,1,16731,12059,10158,9917,12984,8403,11469,1,17019,8004,1,4972,18762,19178,1.0,18:58,2015,2016
2015-16,200826,J.J. Barea,J.J.,1610612742,DAL,Dallas Mavericks,21500723,2016-02-01T00:00:00,DAL @ ATL,L,31.3,3.0,3.0,3.0,6.0,5.0,4.0,9.0,32.0,0.0,0.0,3.0,3.0,19.0,1,13074,13074,13074,6470,4307,3104,3302,5299,8403,8458,18829,3535,8004,1,17641,4736,12440,1.0,31:18,2015,2016
2015-16,203484,Kentavious Caldwell-Pope,Kentavious,1610612765,DET,Detroit Pistons,21500722,2016-02-01T00:00:00,DET @ BKN,W,38.7,4.0,6.0,0.0,8.0,5.0,4.0,10.0,40.0,1.0,2.0,2.0,1.0,25.0,1,1,1,1,1197,2460,481,9917,3109,8403,8458,20169,983,2692,23588,11390,12373,8485,1.0,38:40,2015,2016
2015-16,201573,Jerryd Bayless,Jerryd,1610612749,MIL,Milwaukee Bucks,21500729,2016-02-01T00:00:00,MIL @ SAC,L,27.5,3.0,0.0,0.0,0.0,13.0,8.0,6.0,26.0,0.0,0.0,3.0,1.0,19.3,1,13074,13074,13074,9629,4307,10158,9917,18861,21300,17345,13388,7214,8004,1,17641,12373,12228,1.0,27:28,2015,2016
2015-16,203098,John Jenkins,John,1610612742,DAL,Dallas Mavericks,21500723,2016-02-01T00:00:00,DAL @ ATL,L,11.0,0.0,0.0,5.0,2.0,0.0,3.0,4.0,16.0,0.0,0.0,2.0,1.0,9.7,1,13074,13074,13074,22018,12059,10158,1277,12984,1,7138,8806,15259,8004,1,11390,12373,19379,1.0,11:01,2015,2016
2015-16,203471,Dennis Schröder,Dennis,1610612737,ATL,Atlanta Hawks,21500723,2016-02-01T00:00:00,ATL vs. DAL,W,16.0,3.0,2.0,0.0,6.0,2.0,2.0,0.0,8.0,0.0,0.0,2.0,5.0,23.1,1,1,1,1,19007,4307,4731,9917,5299,2619,3734,1,21543,8004,1,11390,1539,9699,1.0,16:02,2015,2016
2015-16,201580,JaVale McGee,JaVale,1610612742,DAL,Dallas Mavericks,21500723,2016-02-01T00:00:00,DAL @ ATL,L,10.4,2.0,2.0,0.0,2.0,0.0,0.0,7.0,16.0,1.0,0.0,1.0,2.0,14.4,1,13074,13074,13074,22291,6026,4731,9917,12984,1,1,15538,15259,2692,1,4972,7786,15857,1.0,10:22,2015,2016
2015-16,201941,Jordan Hill,Jordan,1610612754,IND,Indiana Pacers,21500721,2016-02-01T00:00:00,IND vs. CLE,L,36.1,2.0,2.0,0.0,8.0,12.0,9.0,6.0,34.0,1.0,0.0,1.0,1.0,34.2,1,13074,13074,13074,2717,6026,4731,9917,3109,20178,19144,13388,2701,2692,1,4972,12373,4092,1.0,36:03,2015,2016
2015-16,2585,Zaza Pachulia,Zaza,1610612742,DAL,Dallas Mavericks,21500723,2016-02-01T00:00:00,DAL @ ATL,L,28.0,0.0,1.0,0.0,2.0,0.0,7.0,4.0,22.0,0.0,0.0,2.0,5.0,19.6,1,13074,13074,13074,9257,12059,9709,9917,12984,1,15642,8806,10265,8004,1,11390,1539,12024,1.0,27:58,2015,2016
2015-16,201942,DeMar DeRozan,DeMar,1610612761,TOR,Toronto Raptors,21500727,2016-02-01T00:00:00,TOR @ DEN,L,28.1,2.0,0.0,0.0,6.0,7.0,4.0,12.0,38.0,0.0,0.0,1.0,5.0,34.2,1,13074,13074,13074,9167,6026,10158,9917,5299,12242,8458,22259,1422,8004,1,4972,1539,4092,1.0,28:05,2015,2016
2015-16,2216,Zach Randolph,Zach,1610612763,MEM,Memphis Grizzlies,21500724,2016-02-01T00:00:00,MEM @ NOP,W,32.8,3.0,4.0,0.0,14.0,12.0,15.0,7.0,22.0,0.0,1.0,1.0,2.0,34.9,1,1,1,1,5273,4307,1596,9917,542,20178,24781,15538,10265,8004,17214,4972,7786,3845,1.0,32:48,2015,2016
2015-16,203501,Tim Hardaway Jr.,Tim,1610612737,ATL,Atlanta Hawks,21500723,2016-02-01T00:00:00,ATL vs. DAL,W,21.5,0.0,3.0,2.0,4.0,6.0,4.0,10.0,20.0,0.0,1.0,1.0,1.0,14.6,1,1,1,1,14586,12059,3104,4675,8599,10028,8458,20169,11929,8004,17214,4972,12373,15699,1.0,21:31,2015,2016
2015-16,1626209,Mario Hezonja,Mario,1610612753,ORL,Orlando Magic,21500726,2016-02-01T00:00:00,ORL @ SAS,L,29.0,2.0,0.0,0.0,2.0,9.0,4.0,6.0,22.0,1.0,0.0,2.0,0.0,14.9,1,13074,13074,13074,8373,6026,10158,9917,12984,15771,8458,13388,10265,2692,1,11390,18762,15463,1.0,29:00,2015,2016
2015-16,200765,Rajon Rondo,Rajon,1610612758,SAC,Sacramento Kings,21500729,2016-02-01T00:00:00,SAC vs. MIL,W,35.0,3.0,7.0,2.0,2.0,18.0,6.0,24.0,46.0,0.0,1.0,0.0,4.0,34.9,1,1,1,1,3560,4307,292,4675,12984,24749,13237,25937,298,8004,17214,1,2748,3845,1.0,34:58,2015,2016
2015-16,201980,Danny Green,Danny,1610612759,SAS,San Antonio Spurs,21500726,2016-02-01T00:00:00,SAS vs. ORL,W,25.1,2.0,0.0,2.0,2.0,14.0,8.0,4.0,24.0,0.0,1.0,5.0,0.0,19.2,1,1,1,1,11573,6026,10158,4675,12984,22292,17345,8806,8723,8004,17214,24686,18762,12284,1.0,25:08,2015,2016
2015-16,201162,Jared Dudley,Jared,1610612764,WAS,Washington Wizards,21500725,2016-02-01T00:00:00,WAS @ OKC,L,30.9,0.0,0.0,0.0,2.0,8.0,12.0,5.0,32.0,0.0,0.0,1.0,3.0,23.8,1,13074,13074,13074,6838,12059,10158,9917,12984,13914,22832,11593,3535,8004,1,4972,4736,9261,1.0,30:52,2015,2016
2015-16,1626161,Willie Cauley-Stein,Willie,1610612758,SAC,Sacramento Kings,21500729,2016-02-01T00:00:00,SAC vs. MIL,W,28.5,0.0,2.0,2.0,4.0,16.0,7.0,18.0,32.0,2.0,1.0,1.0,1.0,19.0,1,1,1,1,8820,12059,4731,4675,8599,23774,15642,25228,3535,932,17214,4972,12373,12440,1.0,28:30,2015,2016
2015-16,201962,Toney Douglas,Toney,1610612740,NOP,New Orleans Pelicans,21500724,2016-02-01T00:00:00,NOP vs. MEM,L,11.9,3.0,0.0,0.0,0.0,5.0,0.0,2.0,8.0,0.0,0.0,3.0,2.0,14.7,1,13074,13074,13074,21637,4307,10158,9917,18861,8403,1,4025,21543,8004,1,17641,7786,15631,1.0,11:54,2015,2016
2015-16,201585,Kosta Koufos,Kosta,1610612758,SAC,Sacramento Kings,21500729,2016-02-01T00:00:00,SAC vs. MIL,W,30.2,0.0,4.0,0.0,6.0,10.0,3.0,18.0,36.0,1.0,1.0,5.0,3.0,24.2,1,1,1,1,7378,12059,1596,9917,5299,17370,7138,25228,1943,2692,17214,24686,4736,9009,1.0,30:11,2015,2016
2015-16,202087,Alonzo Gee,Alonzo,1610612740,NOP,New Orleans Pelicans,21500724,2016-02-01T00:00:00,NOP vs. MEM,L,25.5,0.0,0.0,2.0,0.0,4.0,4.0,3.0,24.0,0.0,0.0,1.0,0.0,11.5,1,13074,13074,13074,11302,12059,10158,4675,18861,6141,8458,7328,8723,8004,1,4972,18762,18079,1.0,25:29,2015,2016
2015-16,202681,Kyrie Irving,Kyrie,1610612739,CLE,Cleveland Cavaliers,21500721,2016-02-01T00:00:00,CLE @ IND,W,41.0,2.0,2.0,4.0,10.0,14.0,21.0,12.0,34.0,0.0,2.0,2.0,3.0,36.1,1,1,1,1,492,6026,4731,1913,1840,22292,25962,22259,2701,8004,23588,11390,4736,3432,1.0,40:59,2015,2016
2015-16,202687,Bismack Biyombo,Bismack,1610612761,TOR,Toronto Raptors,21500727,2016-02-01T00:00:00,TOR @ DEN,L,15.1,0.0,0.0,0.0,0.0,0.0,4.0,4.0,16.0,1.0,1.0,3.0,3.0,11.5,1,13074,13074,13074,19698,12059,10158,9917,18861,1,8458,8806,15259,2692,17214,17641,4736,18079,1.0,15:05,2015,2016
2015-16,201959,Taj Gibson,Taj,1610612741,CHI,Chicago Bulls,21500728,2016-02-01T00:00:00,CHI @ UTA,L,44.8,2.0,6.0,0.0,4.0,14.0,13.0,13.0,42.0,3.0,0.0,5.0,2.0,36.2,1,13074,13074,13074,87,6026,481,9917,8599,22292,23668,23048,670,347,1,24686,7786,3407,1.0,44:49,2015,2016
2015-16,203999,Nikola Jokić,Nikola,1610612743,DEN,Denver Nuggets,21500727,2016-02-01T00:00:00,DEN vs. TOR,W,30.0,0.0,5.0,2.0,20.0,10.0,6.0,2.0,22.0,1.0,1.0,3.0,4.0,50.8,1,1,1,1,7586,12059,995,4675,59,17370,13237,4025,10265,2692,17214,17641,2748,671,1.0,29:57,2015,2016
2015-16,203499,Shane Larkin,Shane,1610612751,BKN,Brooklyn Nets,21500722,2016-02-01T00:00:00,BKN vs. DET,L,22.4,0.0,2.0,0.0,8.0,11.0,9.0,2.0,20.0,0.0,0.0,1.0,1.0,36.2,1,13074,13074,13074,13841,12059,4731,9917,3109,18886,19144,4025,11929,8004,1,4972,12373,3407,1.0,22:23,2015,2016
2015-16,203076,Anthony Davis,Anthony,1610612740,NOP,New Orleans Pelicans,21500724,2016-02-01T00:00:00,NOP vs. MEM,L,37.2,7.0,2.0,4.0,8.0,9.0,4.0,10.0,42.0,1.0,0.0,1.0,5.0,43.3,1,13074,13074,13074,1962,548,4731,1913,3109,15771,8458,20169,670,2692,1,4972,1539,1678,1.0,37:12,2015,2016
2015-16,201566,Russell Westbrook,Russell,1610612760,OKC,Oklahoma City Thunder,21500725,2016-02-01T00:00:00,OKC vs. WAS,W,36.1,2.0,0.0,5.0,10.0,16.0,2.0,10.0,38.0,0.0,0.0,2.0,2.0,47.1,1,1,1,1,2650,6026,10158,1277,1840,23774,3734,20169,1422,8004,1,11390,7786,1066,1.0,36:08,2015,2016
2015-16,2200,Pau Gasol,Pau,1610612741,CHI,Chicago Bulls,21500728,2016-02-01T00:00:00,CHI @ UTA,L,39.7,8.0,3.0,0.0,4.0,6.0,20.0,10.0,42.0,1.0,0.0,6.0,5.0,37.1,1,13074,13074,13074,818,308,3104,9917,8599,10028,25875,20169,670,2692,1,25827,1539,3151,1.0,39:42,2015,2016
2015-16,1717,Dirk Nowitzki,Dirk,1610612742,DAL,Dallas Mavericks,21500723,2016-02-01T00:00:00,DAL @ ATL,L,31.1,0.0,2.0,0.0,4.0,5.0,3.0,9.0,24.0,0.0,1.0,2.0,7.0,29.1,1,13074,13074,13074,6652,12059,4731,9917,8599,8403,7138,18829,8723,8004,17214,11390,469,6285,1.0,31:05,2015,2016
2015-16,200746,LaMarcus Aldridge,LaMarcus,1610612759,SAS,San Antonio Spurs,21500726,2016-02-01T00:00:00,SAS vs. ORL,W,31.8,4.0,0.0,2.0,6.0,16.0,12.0,8.0,46.0,5.0,0.0,1.0,7.0,46.8,1,1,1,1,6041,2460,10158,4675,5299,23774,22832,17194,298,59,1,4972,469,1102,1.0,31:51,2015,2016
2015-16,203506,Victor Oladipo,Victor,1610612753,ORL,Orlando Magic,21500726,2016-02-01T00:00:00,ORL @ SAS,L,34.9,8.0,0.0,6.0,10.0,15.0,9.0,6.0,24.0,0.0,2.0,3.0,5.0,44.1,1,13074,13074,13074,3639,308,10158,740,1840,23079,19144,13388,8723,8004,23588,17641,1539,1542,1.0,34:52,2015,2016
2015-16,202328,Greg Monroe,Greg,1610612749,MIL,Milwaukee Bucks,21500729,2016-02-01T00:00:00,MIL @ SAC,L,34.6,0.0,5.0,2.0,22.0,5.0,19.0,6.0,34.0,1.0,0.0,1.0,2.0,47.9,1,13074,13074,13074,3842,12059,995,4675,25,8403,25786,13388,2701,2692,1,4972,7786,970,1.0,34:38,2015,2016
2015-16,2544,LeBron James,LeBron,1610612739,CLE,Cleveland Cavaliers,21500721,2016-02-01T00:00:00,CLE @ IND,W,43.6,5.0,0.0,2.0,16.0,16.0,16.0,14.0,38.0,1.0,3.0,2.0,7.0,55.4,1,1,1,1,157,1603,10158,4675,275,23774,25155,23710,1422,2692,25441,11390,469,379,1.0,43:35,2015,2016
2015-16,203901,Elfrid Payton,Elfrid,1610612753,ORL,Orlando Magic,21500726,2016-02-01T00:00:00,ORL @ SAS,L,32.0,0.0,0.0,2.0,6.0,8.0,5.0,10.0,22.0,1.0,5.0,2.0,3.0,29.0,1,13074,13074,13074,5863,12059,10158,4675,5299,13914,11469,20169,10265,2692,26042,11390,4736,6346,1.0,32:02,2015,2016
2015-16,203083,Andre Drummond,Andre,1610612765,DET,Detroit Pistons,21500722,2016-02-01T00:00:00,DET @ BKN,W,37.4,4.0,11.0,2.0,20.0,5.0,4.0,10.0,38.0,1.0,0.0,3.0,2.0,48.1,1,1,1,1,1844,2460,19,4675,59,8403,8458,20169,1422,2692,1,17641,7786,952,1.0,37:23,2015,2016
2015-16,101145,Monta Ellis,Monta,1610612754,IND,Indiana Pacers,21500721,2016-02-01T00:00:00,IND vs. CLE,L,41.0,0.0,0.0,3.0,4.0,14.0,13.0,9.0,38.0,0.0,0.0,4.0,2.0,23.9,1,13074,13074,13074,485,12059,10158,3302,8599,22292,23668,18829,1422,8004,1,22104,7786,9184,1.0,41:01,2015,2016
2015-16,203487,Michael Carter-Williams,Michael,1610612749,MIL,Milwaukee Bucks,21500729,2016-02-01T00:00:00,MIL @ SAC,L,34.2,6.0,0.0,6.0,6.0,14.0,17.0,8.0,28.0,1.0,1.0,4.0,4.0,46.5,1,13074,13074,13074,4190,878,10158,740,5299,22292,25429,17194,5824,2692,17214,22104,2748,1137,1.0,34:12,2015,2016
2015-16,201145,Jeff Green,Jeff,1610612763,MEM,Memphis Grizzlies,21500724,2016-02-01T00:00:00,MEM @ NOP,W,33.7,5.0,0.0,6.0,10.0,14.0,20.0,4.0,24.0,0.0,1.0,2.0,4.0,36.9,1,1,1,1,4629,1603,10158,740,1840,22292,25875,8806,8723,8004,17214,11390,2748,3210,1.0,33:39,2015,2016
2015-16,1626144,Emmanuel Mudiay,Emmanuel,1610612743,DEN,Denver Nuggets,21500727,2016-02-01T00:00:00,DEN vs. TOR,W,23.9,2.0,0.0,2.0,2.0,8.0,3.0,3.0,10.0,1.0,0.0,1.0,0.0,24.0,1,1,1,1,12682,6026,10158,4675,12984,13914,7138,7328,20209,2692,1,4972,18762,9121,1.0,23:52,2015,2016
2015-16,203497,Rudy Gobert,Rudy,1610612762,UTA,Utah Jazz,21500728,2016-02-01T00:00:00,UTA vs. CHI,W,43.0,0.0,2.0,1.0,12.0,17.0,13.0,4.0,26.0,0.0,0.0,3.0,6.0,35.4,1,1,1,1,202,12059,4731,9347,988,24337,23668,8806,7214,8004,1,17641,873,3684,1.0,43:01,2015,2016
2015-16,201952,Jeff Teague,Jeff,1610612737,ATL,Atlanta Hawks,21500723,2016-02-01T00:00:00,ATL vs. DAL,W,27.8,0.0,0.0,2.0,12.0,10.0,13.0,3.0,26.0,0.0,0.0,2.0,4.0,51.0,1,1,1,1,9383,12059,10158,4675,988,17370,23668,7328,7214,8004,1,11390,2748,656,1.0,27:48,2015,2016
2015-16,202331,Paul George,Paul,1610612754,IND,Indiana Pacers,21500721,2016-02-01T00:00:00,IND vs. CLE,L,39.9,0.0,2.0,0.0,0.0,12.0,13.0,6.0,40.0,0.0,2.0,4.0,4.0,30.0,1,13074,13074,13074,767,12059,4731,9917,18861,20178,23668,13388,983,8004,23588,22104,2748,5840,1.0,39:52,2015,2016
2015-16,201572,Brook Lopez,Brook,1610612751,BKN,Brooklyn Nets,21500722,2016-02-01T00:00:00,BKN vs. DET,L,36.4,0.0,2.0,0.0,16.0,15.0,23.0,8.0,46.0,2.0,0.0,2.0,2.0,45.0,1,13074,13074,13074,2439,12059,4731,9917,275,23079,26017,17194,298,932,1,11390,7786,1357,1.0,36:26,2015,2016
2015-16,200745,Andrea Bargnani,Andrea,1610612751,BKN,Brooklyn Nets,21500722,2016-02-01T00:00:00,BKN vs. DET,L,24.6,2.0,0.0,0.0,6.0,12.0,7.0,2.0,18.0,0.0,1.0,0.0,2.0,24.3,1,13074,13074,13074,12032,6026,10158,9917,5299,20178,15642,4025,13577,8004,17214,1,7786,8939,1.0,24:35,2015,2016
2015-16,202330,Gordon Hayward,Gordon,1610612762,UTA,Utah Jazz,21500728,2016-02-01T00:00:00,UTA vs. CHI,W,43.6,7.0,6.0,5.0,12.0,19.0,16.0,4.0,24.0,0.0,1.0,3.0,5.0,51.9,1,1,1,1,158,548,481,1277,988,25074,25155,8806,8723,8004,17214,17641,1539,576,1.0,43:33,2015,2016
2015-16,1938,Manu Ginobili,Manu,1610612759,SAS,San Antonio Spurs,21500726,2016-02-01T00:00:00,SAS vs. ORL,W,17.5,4.0,2.0,2.0,6.0,6.0,8.0,4.0,26.0,0.0,0.0,0.0,3.0,24.4,1,1,1,1,17934,2460,4731,4675,5299,10028,17345,8806,7214,8004,1,1,4736,8867,1.0,17:27,2015,2016
2015-16,200752,Rudy Gay,Rudy,1610612758,SAC,Sacramento Kings,21500729,2016-02-01T00:00:00,SAC vs. MIL,W,37.9,6.0,2.0,4.0,18.0,15.0,6.0,27.0,48.0,0.0,2.0,2.0,5.0,56.8,1,1,1,1,1545,878,4731,1913,131,23079,13237,26031,192,8004,23588,11390,1539,323,1.0,37:55,2015,2016
2015-16,201988,Patty Mills,Patty,1610612759,SAS,San Antonio Spurs,21500726,2016-02-01T00:00:00,SAS vs. ORL,W,20.8,2.0,3.0,2.0,4.0,6.0,10.0,2.0,24.0,0.0,0.0,1.0,2.0,36.3,1,1,1,1,15206,6026,3104,4675,8599,10028,20509,4025,8723,8004,1,4972,7786,3380,1.0,20:49,2015,2016
2015-16,203926,Doug McDermott,Doug,1610612741,CHI,Chicago Bulls,21500728,2016-02-01T00:00:00,CHI @ UTA,L,19.1,2.0,3.0,0.0,2.0,10.0,2.0,3.0,12.0,0.0,0.0,2.0,0.0,7.4,1,13074,13074,13074,16637,6026,3104,9917,12984,17370,3734,7328,18637,8004,1,11390,18762,20912,1.0,19:05,2015,2016
2015-16,203080,Thomas Robinson,Thomas,1610612751,BKN,Brooklyn Nets,21500722,2016-02-01T00:00:00,BKN vs. DET,L,10.2,0.0,1.0,0.0,2.0,5.0,5.0,0.0,6.0,0.0,0.0,3.0,2.0,10.8,1,13074,13074,13074,22361,12059,9709,9917,12984,8403,11469,1,22724,8004,1,17641,7786,18579,1.0,10:10,2015,2016
2015-16,201627,Anthony Morrow,Anthony,1610612760,OKC,Oklahoma City Thunder,21500725,2016-02-01T00:00:00,OKC vs. WAS,W,9.1,0.0,0.0,0.0,0.0,4.0,0.0,4.0,8.0,0.0,0.0,0.0,0.0,1.5,1,1,1,1,22820,12059,10158,9917,18861,6141,1,8806,21543,8004,1,1,18762,24473,1.0,9:03,2015,2016
2015-16,1626202,Joe Young,Joe,1610612754,IND,Indiana Pacers,21500721,2016-02-01T00:00:00,IND vs. CLE,L,7.8,2.0,0.0,2.0,2.0,2.0,2.0,3.0,8.0,0.0,0.0,0.0,0.0,6.4,1,13074,13074,13074,23288,6026,10158,4675,12984,2619,3734,7328,21543,8004,1,1,18762,21589,1.0,7:45,2015,2016
2015-16,204002,Edy Tavares,Edy,1610612737,ATL,Atlanta Hawks,21500723,2016-02-01T00:00:00,ATL vs. DAL,W,3.3,0.0,0.0,0.0,0.0,4.0,0.0,7.0,2.0,0.0,0.0,1.0,0.0,1.2,1,1,1,1,25008,12059,10158,9917,18861,6141,1,15538,24614,8004,1,4972,18762,24661,1.0,3:17,2015,2016
2015-16,203118,Mike Scott,Mike,1610612737,ATL,Atlanta Hawks,21500723,2016-02-01T00:00:00,ATL vs. DAL,W,12.7,0.0,0.0,3.0,0.0,6.0,2.0,7.0,8.0,0.0,0.0,1.0,0.0,5.7,1,1,1,1,21134,12059,10158,3302,18861,10028,3734,15538,21543,8004,1,4972,18762,22054,1.0,12:42,2015,2016
2015-16,202390,Gary Neal,Gary,1610612764,WAS,Washington Wizards,21500725,2016-02-01T00:00:00,WAS @ OKC,L,5.3,0.0,0.0,0.0,0.0,0.0,0.0,7.0,6.0,0.0,0.0,1.0,0.0,1.2,1,13074,13074,13074,24249,12059,10158,9917,18861,1,1,15538,22724,8004,1,4972,18762,24661,1.0,5:18,2015,2016
2015-16,202379,Jeremy Evans,Jeremy,1610612742,DAL,Dallas Mavericks,21500723,2016-02-01T00:00:00,DAL @ ATL,L,2.7,0.0,0.0,0.0,0.0,0.0,0.0,0.0,8.0,0.0,0.0,0.0,0.0,1.2,1,13074,13074,13074,25238,12059,10158,9917,18861,1,1,1,21543,8004,1,1,18762,24661,1.0,2:45,2015,2016
2015-16,202697,Iman Shumpert,Iman,1610612739,CLE,Cleveland Cavaliers,21500721,2016-02-01T00:00:00,CLE @ IND,W,22.1,0.0,0.0,0.0,0.0,15.0,13.0,14.0,26.0,0.0,1.0,0.0,2.0,10.8,1,1,1,1,14097,12059,10158,9917,18861,23079,23668,23710,7214,8004,17214,1,7786,18579,1.0,22:05,2015,2016
2015-16,2034,Mike Miller,Mike,1610612743,DEN,Denver Nuggets,21500727,2016-02-01T00:00:00,DEN vs. TOR,W,2.5,0.0,0.0,0.0,0.0,0.0,0.0,0.0,0.0,0.0,0.0,2.0,0.0,1.5,1,1,1,1,25345,12059,10158,9917,18861,1,1,1,25429,8004,1,11390,18762,24473,1.0,2:28,2015,2016
2015-16,2210,Richard Jefferson,Richard,1610612739,CLE,Cleveland Cavaliers,21500721,2016-02-01T00:00:00,CLE @ IND,W,9.4,0.0,0.0,0.0,0.0,5.0,9.0,2.0,6.0,0.0,0.0,1.0,0.0,1.5,1,1,1,1,22662,12059,10158,9917,18861,8403,19144,4025,22724,8004,1,4972,18762,24473,1.0,9:25,2015,2016
2015-16,2403,Nene,ene,1610612764,WAS,Washington Wizards,21500725,2016-02-01T00:00:00,WAS @ OKC,L,16.6,2.0,0.0,0.0,4.0,4.0,6.0,10.0,20.0,0.0,1.0,2.0,1.0,5.4,1,13074,13074,13074,18605,6026,10158,9917,8599,6141,13237,20169,11929,8004,17214,11390,12373,22242,1.0,16:34,2015,2016
2015-16,201971,DeJuan Blair,DeJuan,1610612764,WAS,Washington Wizards,21500725,2016-02-01T00:00:00,WAS @ OKC,L,6.3,0.0,0.0,0.0,0.0,2.0,0.0,2.0,2.0,0.0,1.0,2.0,1.0,1.5,1,13074,13074,13074,23834,12059,10158,9917,18861,2619,1,4025,24614,8004,17214,11390,12373,24473,1.0,6:17,2015,2016
2015-16,203613,Jonathon Simmons,Jonathon,1610612759,SAS,San Antonio Spurs,21500726,2016-02-01T00:00:00,SAS vs. ORL,W,16.4,0.0,0.0,2.0,4.0,2.0,2.0,0.0,12.0,0.0,2.0,1.0,1.0,5.7,1,1,1,1,18769,12059,10158,4675,8599,2619,3734,1,18637,8004,23588,4972,12373,22054,1.0,16:22,2015,2016
2015-16,1626162,Kelly Oubre Jr.,Kelly,1610612764,WAS,Washington Wizards,21500725,2016-02-01T00:00:00,WAS @ OKC,L,1.8,0.0,0.0,0.0,2.0,2.0,0.0,0.0,2.0,0.0,0.0,1.0,0.0,2.0,1,13074,13074,13074,25607,12059,10158,9917,12984,2619,1,1,24614,8004,1,4972,18762,24216,1.0,1:45,2015,2016
2015-16,2555,Nick Collison,Nick,1610612760,OKC,Oklahoma City Thunder,21500725,2016-02-01T00:00:00,OKC vs. WAS,W,10.8,2.0,2.0,0.0,4.0,5.0,0.0,2.0,6.0,1.0,1.0,1.0,0.0,11.4,1,1,1,1,22108,6026,4731,9917,8599,8403,1,4025,22724,2692,17214,4972,18762,18134,1.0,10:49,2015,2016
2015-16,201967,Dante Cunningham,Dante,1610612740,NOP,New Orleans Pelicans,21500724,2016-02-01T00:00:00,NOP vs. MEM,L,18.4,0.0,2.0,0.0,2.0,10.0,0.0,5.0,16.0,1.0,0.0,1.0,2.0,10.9,1,13074,13074,13074,17147,12059,4731,9917,12984,17370,1,11593,15259,2692,1,4972,7786,18498,1.0,18:26,2015,2016
2015-16,201582,Alexis Ajinca,Alexis,1610612740,NOP,New Orleans Pelicans,21500724,2016-02-01T00:00:00,NOP vs. MEM,L,9.4,0.0,0.0,0.0,2.0,5.0,0.0,0.0,8.0,0.0,0.0,1.0,1.0,10.5,1,13074,13074,13074,22670,12059,10158,9917,12984,8403,1,1,21543,8004,1,4972,12373,18808,1.0,9:24,2015,2016
2015-16,203930,Sean Kilpatrick,Sean,1610612743,DEN,Denver Nuggets,21500727,2016-02-01T00:00:00,DEN vs. TOR,W,16.8,0.0,0.0,0.0,2.0,5.0,4.0,3.0,10.0,0.0,0.0,1.0,0.0,1.2,1,1,1,1,18398,12059,10158,9917,12984,8403,8458,7328,20209,8004,1,4972,18762,24661,1.0,16:50,2015,2016
2015-16,2207,Joe Johnson,Joe,1610612751,BKN,Brooklyn Nets,21500722,2016-02-01T00:00:00,BKN vs. DET,L,25.0,0.0,0.0,0.0,2.0,10.0,21.0,4.0,34.0,0.0,0.0,1.0,3.0,11.1,1,13074,13074,13074,11644,12059,10158,9917,12984,17370,25962,8806,2701,8004,1,4972,4736,18370,1.0,25:02,2015,2016
2015-16,202713,Kyle Singler,Kyle,1610612760,OKC,Oklahoma City Thunder,21500725,2016-02-01T00:00:00,OKC vs. WAS,W,15.6,0.0,2.0,0.0,4.0,8.0,0.0,4.0,18.0,0.0,0.0,3.0,1.0,11.4,1,1,1,1,19322,12059,4731,9917,8599,13914,1,8806,13577,8004,1,17641,12373,18134,1.0,15:38,2015,2016
2015-16,203461,Anthony Bennett,Anthony,1610612761,TOR,Toronto Raptors,21500727,2016-02-01T00:00:00,TOR @ DEN,L,7.7,0.0,2.0,0.0,2.0,0.0,2.0,0.0,10.0,0.0,0.0,0.0,1.0,10.6,1,13074,13074,13074,23322,12059,4731,9917,12984,1,3734,1,20209,8004,1,1,12373,18723,1.0,7:41,2015,2016
2015-16,203473,Dewayne Dedmon,Dewayne,1610612753,ORL,Orlando Magic,21500726,2016-02-01T00:00:00,ORL @ SAS,L,2.5,0.0,0.0,0.0,0.0,0.0,0.0,2.0,4.0,0.0,1.0,1.0,0.0,2.0,1,13074,13074,13074,25320,12059,10158,9917,18861,1,1,4025,23698,8004,17214,4972,18762,24216,1.0,2:30,2015,2016
2015-16,203503,Tony Snell,Tony,1610612741,CHI,Chicago Bulls,21500728,2016-02-01T00:00:00,CHI @ UTA,L,7.1,3.0,0.0,0.0,0.0,5.0,0.0,0.0,0.0,0.0,0.0,1.0,0.0,4.2,1,13074,13074,13074,23535,4307,10158,9917,18861,8403,1,1,25429,8004,1,4972,18762,22976,1.0,7:04,2015,2016
2015-16,1626246,Boban Marjanović,Boban,1610612759,SAS,San Antonio Spurs,21500726,2016-02-01T00:00:00,SAS vs. ORL,W,2.5,0.0,0.0,0.0,0.0,0.0,0.0,0.0,0.0,1.0,0.0,0.0,1.0,5.0,1,1,1,1,25320,12059,10158,9917,18861,1,1,1,25429,2692,1,1,12373,22500,1.0,2:30,2015,2016
2015-16,203939,Dwight Powell,Dwight,1610612742,DAL,Dallas Mavericks,21500723,2016-02-01T00:00:00,DAL @ ATL,L,7.0,0.0,0.0,0.0,0.0,2.0,0.0,0.0,8.0,0.0,0.0,2.0,1.0,3.4,1,13074,13074,13074,23553,12059,10158,9917,18861,2619,1,1,21543,8004,1,11390,12373,23417,1.0,7:02,2015,2016
2015-16,203210,JaMychal Green,JaMychal,1610612763,MEM,Memphis Grizzlies,21500724,2016-02-01T00:00:00,MEM @ NOP,W,8.5,0.0,0.0,0.0,2.0,4.0,7.0,0.0,10.0,0.0,0.0,2.0,0.0,4.2,1,1,1,1,23025,12059,10158,9917,12984,6141,15642,1,20209,8004,1,11390,18762,22976,1.0,8:30,2015,2016
2015-16,204067,Jarell Eddie,Jarell,1610612764,WAS,Washington Wizards,21500725,2016-02-01T00:00:00,WAS @ OKC,L,1.4,0.0,0.0,0.0,0.0,2.0,0.0,0.0,2.0,0.0,0.0,0.0,0.0,0.0,1,13074,13074,13074,25723,12059,10158,9917,18861,2619,1,1,24614,8004,1,1,18762,25170,1.0,1:26,2015,2016
2015-16,203922,Glenn Robinson III,Glenn,1610612754,IND,Indiana Pacers,21500721,2016-02-01T00:00:00,IND vs. CLE,L,6.8,2.0,0.0,2.0,2.0,0.0,0.0,0.0,6.0,0.0,0.0,0.0,0.0,6.5,1,13074,13074,13074,23631,6026,10158,4675,12984,1,1,1,22724,8004,1,1,18762,21519,1.0,6:48,2015,2016
2015-16,203521,Matthew Dellavedova,Matthew,1610612739,CLE,Cleveland Cavaliers,21500721,2016-02-01T00:00:00,CLE @ IND,W,12.1,0.0,0.0,0.0,0.0,7.0,4.0,4.0,10.0,0.0,1.0,2.0,0.0,9.2,1,1,1,1,21468,12059,10158,9917,18861,12242,8458,8806,20209,8004,17214,11390,18762,19680,1.0,12:07,2015,2016
2015-16,1626153,Delon Wright,Delon,1610612761,TOR,Toronto Raptors,21500727,2016-02-01T00:00:00,TOR @ DEN,L,5.5,0.0,0.0,0.0,0.0,0.0,2.0,0.0,8.0,0.0,0.0,0.0,0.0,9.0,1,13074,13074,13074,24156,12059,10158,9917,18861,1,3734,1,21543,8004,1,1,18762,19835,1.0,5:31,2015,2016
2015-16,1626168,Trey Lyles,Trey,1610612762,UTA,Utah Jazz,21500728,2016-02-01T00:00:00,UTA vs. CHI,W,11.6,2.0,0.0,0.0,0.0,2.0,5.0,2.0,6.0,0.0,0.0,2.0,0.0,7.1,1,1,1,1,21758,6026,10158,9917,18861,2619,11469,4025,22724,8004,1,11390,18762,21141,1.0,11:39,2015,2016
2015-16,2550,Kirk Hinrich,Kirk,1610612741,CHI,Chicago Bulls,21500728,2016-02-01T00:00:00,CHI @ UTA,L,15.3,0.0,0.0,0.0,2.0,3.0,7.0,0.0,6.0,0.0,0.0,2.0,3.0,4.6,1,13074,13074,13074,19532,12059,10158,9917,12984,5109,15642,1,22724,8004,1,11390,4736,22734,1.0,15:20,2015,2016
2015-16,203934,Lamar Patterson,Lamar,1610612737,ATL,Atlanta Hawks,21500723,2016-02-01T00:00:00,ATL vs. DAL,W,3.3,0.0,0.0,0.0,0.0,4.0,0.0,7.0,2.0,0.0,0.0,2.0,0.0,-1.0,1,1,1,1,25008,12059,10158,9917,18861,6141,1,15538,24614,8004,1,11390,18762,25932,1.0,3:17,2015,2016
2015-16,200797,Ryan Hollins,Ryan,1610612763,MEM,Memphis Grizzlies,21500724,2016-02-01T00:00:00,MEM @ NOP,W,5.2,0.0,0.0,0.0,0.0,6.0,2.0,0.0,6.0,0.0,0.0,2.0,0.0,0.0,1,1,1,1,24304,12059,10158,9917,18861,10028,3734,1,22724,8004,1,11390,18762,25170,1.0,5:11,2015,2016
2015-16,101111,Charlie Villanueva,Charlie,1610612742,DAL,Dallas Mavericks,21500723,2016-02-01T00:00:00,DAL @ ATL,L,10.4,0.0,0.0,0.0,0.0,3.0,3.0,0.0,14.0,0.0,0.0,0.0,0.0,0.0,1,13074,13074,13074,22264,12059,10158,9917,18861,5109,7138,1,17019,8004,1,1,18762,25170,1.0,10:25,2015,2016
2015-16,203951,Keith Appling,Keith,1610612753,ORL,Orlando Magic,21500726,2016-02-01T00:00:00,ORL @ SAS,L,2.5,0.0,0.0,0.0,0.0,0.0,0.0,2.0,4.0,0.0,0.0,0.0,0.0,0.0,1,13074,13074,13074,25320,12059,10158,9917,18861,1,1,4025,23698,8004,1,1,18762,25170,1.0,2:30,2015,2016
2015-16,2449,Luis Scola,Luis,1610612761,TOR,Toronto Raptors,21500727,2016-02-01T00:00:00,TOR @ DEN,L,16.9,2.0,0.0,2.0,2.0,7.0,0.0,6.0,22.0,1.0,1.0,2.0,1.0,13.4,1,13074,13074,13074,18369,6026,10158,4675,12984,12242,1,13388,10265,2692,17214,11390,12373,16614,1.0,16:52,2015,2016
2015-16,203187,Chris Johnson,Chris,1610612762,UTA,Utah Jazz,21500728,2016-02-01T00:00:00,UTA vs. CHI,W,13.1,0.0,0.0,2.0,0.0,6.0,5.0,0.0,12.0,0.0,0.0,1.0,1.0,4.6,1,1,1,1,20923,12059,10158,4675,18861,10028,11469,1,18637,8004,1,4972,12373,22734,1.0,13:05,2015,2016
2015-16,1626147,Justin Anderson,Justin,1610612742,DAL,Dallas Mavericks,21500723,2016-02-01T00:00:00,DAL @ ATL,L,7.7,2.0,0.0,2.0,0.0,0.0,1.0,0.0,12.0,1.0,0.0,2.0,1.0,8.9,1,13074,13074,13074,23315,6026,10158,4675,18861,1,3393,1,18637,2692,1,11390,12373,19914,1.0,7:42,2015,2016
2015-16,203956,Mitch McGary,Mitch,1610612760,OKC,Oklahoma City Thunder,21500725,2016-02-01T00:00:00,OKC vs. WAS,W,1.2,0.0,0.0,0.0,0.0,0.0,0.0,0.0,2.0,0.0,0.0,0.0,0.0,0.0,1,1,1,1,25805,12059,10158,9917,18861,1,1,1,24614,8004,1,1,18762,25170,1.0,1:11,2015,2016
2015-16,203948,Johnny O'Bryant III,Johnny,1610612749,MIL,Milwaukee Bucks,21500729,2016-02-01T00:00:00,MIL @ SAC,L,6.2,0.0,0.0,0.0,0.0,2.0,0.0,0.0,8.0,0.0,0.0,1.0,0.0,0.0,1,13074,13074,13074,23863,12059,10158,9917,18861,2619,1,1,21543,8004,1,4972,18762,25170,1.0,6:14,2015,2016
2015-16,202714,Shelvin Mack,Shelvin,1610612737,ATL,Atlanta Hawks,21500723,2016-02-01T00:00:00,ATL vs. DAL,W,4.2,0.0,0.0,0.0,4.0,4.0,0.0,7.0,2.0,0.0,1.0,0.0,0.0,5.4,1,1,1,1,24648,12059,10158,9917,8599,6141,1,15538,24614,8004,17214,1,18762,22242,1.0,4:10,2015,2016
2015-16,203530,Joffrey Lauvergne,Joffrey,1610612743,DEN,Denver Nuggets,21500727,2016-02-01T00:00:00,DEN vs. TOR,W,2.9,0.0,0.0,0.0,2.0,0.0,0.0,0.0,0.0,0.0,0.0,0.0,0.0,4.0,1,1,1,1,25163,12059,10158,9917,12984,1,1,1,25429,8004,1,1,18762,23142,1.0,2:54,2015,2016
2015-16,203094,Andrew Nicholson,Andrew,1610612753,ORL,Orlando Magic,21500726,2016-02-01T00:00:00,ORL @ SAS,L,2.5,0.0,0.0,0.0,0.0,0.0,0.0,2.0,4.0,0.0,0.0,0.0,0.0,0.0,1,13074,13074,13074,25320,12059,10158,9917,18861,1,1,4025,23698,8004,1,1,18762,25170,1.0,2:30,2015,2016
2015-16,203492,Ray McCallum,Ray,1610612759,SAS,San Antonio Spurs,21500726,2016-02-01T00:00:00,SAS vs. ORL,W,10.7,0.0,0.0,0.0,0.0,2.0,4.0,0.0,10.0,1.0,0.0,0.0,0.0,4.5,1,1,1,1,22164,12059,10158,9917,18861,2619,8458,1,20209,2692,1,1,18762,22773,1.0,10:41,2015,2016
2015-16,2400,Drew Gooden,Drew,1610612764,WAS,Washington Wizards,21500725,2016-02-01T00:00:00,WAS @ OKC,L,15.4,0.0,0.0,0.0,0.0,6.0,6.0,9.0,14.0,0.0,0.0,0.0,3.0,7.1,1,13074,13074,13074,19485,12059,10158,9917,18861,10028,13237,18829,17019,8004,1,1,4736,21141,1.0,15:23,2015,2016
2015-16,2561,David West,David,1610612759,SAS,San Antonio Spurs,21500726,2016-02-01T00:00:00,SAS vs. ORL,W,16.7,0.0,2.0,0.0,4.0,6.0,4.0,0.0,8.0,0.0,0.0,4.0,2.0,9.1,1,1,1,1,18488,12059,4731,9917,8599,10028,8458,1,21543,8004,1,22104,7786,19789,1.0,16:43,2015,2016
2015-16,203894,Shabazz Napier,Shabazz,1610612753,ORL,Orlando Magic,21500726,2016-02-01T00:00:00,ORL @ SAS,L,2.5,0.0,0.0,0.0,0.0,0.0,0.0,2.0,4.0,0.0,0.0,0.0,0.0,4.2,1,13074,13074,13074,25320,12059,10158,9917,18861,1,1,4025,23698,8004,1,1,18762,22976,1.0,2:30,2015,2016
2015-16,202335,Patrick Patterson,Patrick,1610612761,TOR,Toronto Raptors,21500727,2016-02-01T00:00:00,TOR @ DEN,L,23.5,0.0,0.0,0.0,0.0,5.0,7.0,11.0,28.0,0.0,0.0,2.0,0.0,8.6,1,13074,13074,13074,13005,12059,10158,9917,18861,8403,15642,21342,5824,8004,1,11390,18762,20125,1.0,23:27,2015,2016
2015-16,201589,Darrell Arthur,Darrell,1610612743,DEN,Denver Nuggets,21500727,2016-02-01T00:00:00,DEN vs. TOR,W,18.2,0.0,0.0,0.0,0.0,8.0,2.0,4.0,10.0,0.0,0.0,2.0,0.0,2.9,1,1,1,1,17370,12059,10158,9917,18861,13914,3734,8806,20209,8004,1,11390,18762,23852,1.0,18:10,2015,2016
2015-16,203500,Steven Adams,Steven,1610612760,OKC,Oklahoma City Thunder,21500725,2016-02-01T00:00:00,OKC vs. WAS,W,30.9,0.0,4.0,0.0,8.0,8.0,2.0,8.0,38.0,1.0,0.0,1.0,3.0,21.1,1,1,1,1,6792,12059,1596,9917,3109,13914,3734,17194,1422,2692,1,4972,4736,11012,1.0,30:55,2015,2016
2015-16,203524,Solomon Hill,Solomon,1610612754,IND,Indiana Pacers,21500721,2016-02-01T00:00:00,IND vs. CLE,L,19.9,5.0,5.0,0.0,4.0,2.0,2.0,3.0,14.0,0.0,0.0,3.0,2.0,20.7,1,13074,13074,13074,15975,1603,995,9917,8599,2619,3734,7328,17019,8004,1,17641,7786,11252,1.0,19:56,2015,2016
2015-16,201160,Jason Smith,Jason,1610612753,ORL,Orlando Magic,21500726,2016-02-01T00:00:00,ORL @ SAS,L,11.2,0.0,0.0,0.0,0.0,7.0,2.0,2.0,12.0,2.0,0.0,0.0,2.0,12.6,1,13074,13074,13074,21953,12059,10158,9917,18861,12242,3734,4025,18637,932,1,1,7786,17277,1.0,11:11,2015,2016
2015-16,201949,James Johnson,James,1610612761,TOR,Toronto Raptors,21500727,2016-02-01T00:00:00,TOR @ DEN,L,10.2,0.0,0.0,0.0,0.0,3.0,0.0,2.0,18.0,1.0,0.0,2.0,0.0,7.9,1,13074,13074,13074,22361,12059,10158,9917,18861,5109,1,4025,13577,2692,1,11390,18762,20646,1.0,10:10,2015,2016
2015-16,203526,Raul Neto,Raul,1610612762,UTA,Utah Jazz,21500728,2016-02-01T00:00:00,UTA vs. CHI,W,31.9,0.0,0.0,0.0,8.0,13.0,11.0,2.0,14.0,0.0,0.0,2.0,1.0,21.6,1,1,1,1,6033,12059,10158,9917,3109,21300,21814,4025,17019,8004,1,11390,12373,10666,1.0,31:51,2015,2016
2015-16,201166,Aaron Brooks,Aaron,1610612741,CHI,Chicago Bulls,21500728,2016-02-01T00:00:00,CHI @ UTA,L,7.6,0.0,0.0,0.0,2.0,0.0,7.0,0.0,8.0,0.0,0.0,1.0,0.0,8.0,1,13074,13074,13074,23343,12059,10158,9917,12984,1,15642,1,21543,8004,1,4972,18762,20564,1.0,7:39,2015,2016
2015-16,101114,Deron Williams,Deron,1610612742,DAL,Dallas Mavericks,21500723,2016-02-01T00:00:00,DAL @ ATL,L,7.8,0.0,0.0,0.0,0.0,0.0,1.0,2.0,4.0,0.0,1.0,0.0,0.0,3.0,1,13074,13074,13074,23261,12059,10158,9917,18861,1,3393,4025,23698,8004,17214,1,18762,23648,1.0,7:49,2015,2016
2015-16,201229,Anthony Tolliver,Anthony,1610612765,DET,Detroit Pistons,21500722,2016-02-01T00:00:00,DET @ BKN,W,16.4,2.0,0.0,0.0,2.0,2.0,3.0,2.0,14.0,0.0,0.0,1.0,2.0,8.3,1,1,1,1,18762,6026,10158,9917,12984,2619,7138,4025,17019,8004,1,4972,7786,20376,1.0,16:22,2015,2016
2015-16,202730,Lavoy Allen,Lavoy,1610612754,IND,Indiana Pacers,21500721,2016-02-01T00:00:00,IND vs. CLE,L,26.6,2.0,4.0,0.0,6.0,2.0,4.0,5.0,22.0,2.0,0.0,2.0,2.0,21.4,1,13074,13074,13074,10332,6026,1596,9917,5299,2619,8458,11593,10265,932,1,11390,7786,10807,1.0,26:39,2015,2016
2015-16,202388,Donald Sloan,Donald,1610612751,BKN,Brooklyn Nets,21500722,2016-02-01T00:00:00,BKN vs. DET,L,25.6,0.0,0.0,2.0,2.0,11.0,19.0,6.0,32.0,0.0,0.0,2.0,1.0,18.0,1,13074,13074,13074,11194,12059,10158,4675,12984,18886,25786,13388,3535,8004,1,11390,12373,13164,1.0,25:37,2015,2016
2015-16,203095,Evan Fournier,Evan,1610612753,ORL,Orlando Magic,21500726,2016-02-01T00:00:00,ORL @ SAS,L,17.8,0.0,0.0,0.0,2.0,9.0,2.0,4.0,12.0,0.0,0.0,1.0,2.0,3.2,1,13074,13074,13074,17652,12059,10158,9917,12984,15771,3734,8806,18637,8004,1,4972,7786,23473,1.0,17:49,2015,2016
2015-16,201152,Thaddeus Young,Thaddeus,1610612751,BKN,Brooklyn Nets,21500722,2016-02-01T00:00:00,BKN vs. DET,L,24.6,0.0,0.0,2.0,6.0,12.0,21.0,6.0,34.0,1.0,0.0,3.0,1.0,16.0,1,13074,13074,13074,12054,12059,10158,4675,5299,20178,25962,13388,2701,2692,1,17641,12373,14590,1.0,24:34,2015,2016
2015-16,202341,James Anderson,James,1610612758,SAC,Sacramento Kings,21500729,2016-02-01T00:00:00,SAC vs. MIL,W,8.6,0.0,0.0,0.0,0.0,3.0,0.0,3.0,6.0,0.0,0.0,0.0,1.0,2.4,1,1,1,1,22987,12059,10158,9917,18861,5109,1,7328,22724,8004,1,1,12373,24024,1.0,8:38,2015,2016
2015-16,201143,Al Horford,Al,1610612737,ATL,Atlanta Hawks,21500723,2016-02-01T00:00:00,ATL vs. DAL,W,28.4,0.0,0.0,0.0,4.0,12.0,10.0,0.0,18.0,1.0,0.0,3.0,1.0,17.8,1,1,1,1,8934,12059,10158,9917,8599,20178,20509,1,13577,2692,1,17641,12373,13309,1.0,28:23,2015,2016
2015-16,202685,Jonas Valančiūnas,Jonas,1610612761,TOR,Toronto Raptors,21500727,2016-02-01T00:00:00,TOR @ DEN,L,19.0,2.0,4.0,0.0,2.0,9.0,0.0,8.0,28.0,1.0,1.0,1.0,2.0,21.6,1,13074,13074,13074,16722,6026,1596,9917,12984,15771,1,17194,5824,2692,17214,4972,7786,10666,1.0,18:58,2015,2016
2015-16,2225,Tony Parker,Tony,1610612759,SAS,San Antonio Spurs,21500726,2016-02-01T00:00:00,SAS vs. ORL,W,24.7,0.0,0.0,0.0,2.0,14.0,6.0,6.0,30.0,0.0,2.0,1.0,1.0,12.6,1,1,1,1,11941,12059,10158,9917,12984,22292,13237,13388,4541,8004,23588,4972,12373,17277,1.0,24:41,2015,2016
2015-16,203512,Lucas Nogueira,Lucas,1610612761,TOR,Toronto Raptors,21500727,2016-02-01T00:00:00,TOR @ DEN,L,14.0,2.0,2.0,0.0,2.0,3.0,5.0,5.0,16.0,1.0,0.0,3.0,1.0,13.2,1,13074,13074,13074,20436,6026,4731,9917,12984,5109,11469,11593,15259,2692,1,17641,12373,16768,1.0,13:57,2015,2016
2015-16,203101,Miles Plumlee,Miles,1610612749,MIL,Milwaukee Bucks,21500729,2016-02-01T00:00:00,MIL @ SAC,L,13.4,0.0,0.0,0.0,0.0,13.0,0.0,6.0,10.0,2.0,0.0,3.0,1.0,7.6,1,13074,13074,13074,20761,12059,10158,9917,18861,21300,1,13388,20209,932,1,17641,12373,20803,1.0,13:22,2015,2016
2015-16,202344,Trevor Booker,Trevor,1610612762,UTA,Utah Jazz,21500728,2016-02-01T00:00:00,UTA vs. CHI,W,13.0,0.0,0.0,0.0,0.0,9.0,3.0,0.0,14.0,0.0,0.0,2.0,1.0,2.9,1,1,1,1,20959,12059,10158,9917,18861,15771,7138,1,17019,8004,1,11390,12373,23852,1.0,13:02,2015,2016
2015-16,101112,Channing Frye,Channing,1610612753,ORL,Orlando Magic,21500726,2016-02-01T00:00:00,ORL @ SAS,L,17.2,2.0,0.0,0.0,0.0,7.0,4.0,4.0,12.0,0.0,0.0,3.0,0.0,13.2,1,13074,13074,13074,18141,6026,10158,9917,18861,12242,8458,8806,18637,8004,1,17641,18762,16768,1.0,17:11,2015,2016
2015-16,201584,Courtney Lee,Courtney,1610612763,MEM,Memphis Grizzlies,21500724,2016-02-01T00:00:00,MEM @ NOP,W,27.6,0.0,0.0,2.0,4.0,12.0,16.0,9.0,16.0,2.0,0.0,1.0,0.0,13.2,1,1,1,1,9548,12059,10158,4675,8599,20178,25155,18829,15259,932,1,4972,18762,16768,1.0,27:35,2015,2016
2015-16,202389,Timofey Mozgov,Timofey,1610612739,CLE,Cleveland Cavaliers,21500721,2016-02-01T00:00:00,CLE @ IND,W,12.0,0.0,0.0,0.0,4.0,4.0,7.0,7.0,12.0,0.0,0.0,3.0,0.0,8.4,1,1,1,1,21598,12059,10158,9917,8599,6141,15642,15538,18637,8004,1,17641,18762,20273,1.0,11:60,2015,2016
2015-16,201583,Ryan Anderson,Ryan,1610612740,NOP,New Orleans Pelicans,21500724,2016-02-01T00:00:00,NOP vs. MEM,L,29.3,5.0,5.0,0.0,4.0,10.0,0.0,10.0,28.0,0.0,1.0,0.0,3.0,13.1,1,13074,13074,13074,8150,1603,995,9917,8599,17370,1,20169,5824,8004,17214,1,4736,16874,1.0,29:16,2015,2016
2015-16,101139,CJ Miles,CJ,1610612754,IND,Indiana Pacers,21500721,2016-02-01T00:00:00,IND vs. CLE,L,11.5,0.0,3.0,0.0,0.0,2.0,0.0,0.0,8.0,0.0,0.0,2.0,1.0,7.7,1,13074,13074,13074,21836,12059,3104,9917,18861,2619,1,1,21543,8004,1,11390,12373,20733,1.0,11:29,2015,2016
2015-16,201961,Wayne Ellington,Wayne,1610612751,BKN,Brooklyn Nets,21500722,2016-02-01T00:00:00,BKN vs. DET,L,28.0,3.0,0.0,6.0,0.0,13.0,21.0,6.0,38.0,0.0,2.0,1.0,0.0,16.1,1,13074,13074,13074,9234,4307,10158,740,18861,21300,25962,13388,1422,8004,23588,4972,18762,14515,1.0,27:60,2015,2016
2015-16,2446,Rasual Butler,Rasual,1610612759,SAS,San Antonio Spurs,21500726,2016-02-01T00:00:00,SAS vs. ORL,W,7.9,0.0,0.0,0.0,0.0,2.0,0.0,2.0,8.0,1.0,1.0,0.0,0.0,7.8,1,1,1,1,23211,12059,10158,9917,18861,2619,1,4025,21543,2692,17214,1,18762,20696,1.0,7:56,2015,2016
2015-16,202699,Tobias Harris,Tobias,1610612753,ORL,Orlando Magic,21500726,2016-02-01T00:00:00,ORL @ SAS,L,25.3,0.0,2.0,0.0,8.0,10.0,7.0,6.0,14.0,0.0,1.0,2.0,0.0,12.8,1,13074,13074,13074,11457,12059,4731,9917,3109,17370,15642,13388,17019,8004,17214,11390,18762,17129,1.0,25:17,2015,2016
2015-16,203490,Otto Porter Jr.,Otto,1610612764,WAS,Washington Wizards,21500725,2016-02-01T00:00:00,WAS @ OKC,L,21.3,3.0,0.0,2.0,6.0,10.0,12.0,3.0,22.0,0.0,0.0,2.0,0.0,16.0,1,13074,13074,13074,14783,4307,10158,4675,5299,17370,22832,7328,10265,8004,1,11390,18762,14590,1.0,21:18,2015,2016
2015-16,203914,Gary Harris,Gary,1610612743,DEN,Denver Nuggets,21500727,2016-02-01T00:00:00,DEN vs. TOR,W,20.2,3.0,0.0,0.0,2.0,6.0,6.0,2.0,14.0,0.0,1.0,4.0,2.0,12.9,1,1,1,1,15713,4307,10158,9917,12984,10028,13237,4025,17019,8004,17214,22104,7786,17049,1.0,20:13,2015,2016
2015-16,1626199,Darrun Hilliard,Darrun,1610612765,DET,Detroit Pistons,21500722,2016-02-01T00:00:00,DET @ BKN,W,5.0,0.0,0.0,0.0,0.0,0.0,3.0,0.0,2.0,0.0,0.0,0.0,1.0,2.2,1,1,1,1,24385,12059,10158,9917,18861,1,7138,1,24614,8004,1,1,12373,24138,1.0,4:57,2015,2016
2015-16,202083,Wesley Matthews,Wesley,1610612742,DAL,Dallas Mavericks,21500723,2016-02-01T00:00:00,DAL @ ATL,L,34.9,3.0,3.0,0.0,2.0,2.0,7.0,4.0,30.0,0.0,2.0,2.0,0.0,15.7,1,13074,13074,13074,3595,4307,3104,9917,12984,2619,15642,8806,4541,8004,23588,11390,18762,14841,1.0,34:55,2015,2016
2015-16,201954,Darren Collison,Darren,1610612758,SAC,Sacramento Kings,21500729,2016-02-01T00:00:00,SAC vs. MIL,W,21.6,6.0,2.0,2.0,6.0,8.0,5.0,11.0,24.0,0.0,0.0,3.0,4.0,15.6,1,1,1,1,14518,878,4731,4675,5299,13914,11469,21342,8723,8004,1,17641,2748,14916,1.0,21:36,2015,2016
2015-16,202734,E'Twaun Moore,E'Twaun,1610612741,CHI,Chicago Bulls,21500728,2016-02-01T00:00:00,CHI @ UTA,L,27.2,0.0,0.0,0.0,4.0,4.0,13.0,10.0,38.0,2.0,0.0,2.0,1.0,15.4,1,13074,13074,13074,9872,12059,10158,9917,8599,6141,23668,20169,1422,932,1,11390,12373,15066,1.0,27:10,2015,2016
2015-16,203079,Dion Waiters,Dion,1610612760,OKC,Oklahoma City Thunder,21500725,2016-02-01T00:00:00,OKC vs. WAS,W,37.2,0.0,0.0,0.0,2.0,16.0,2.0,8.0,44.0,1.0,0.0,1.0,0.0,30.7,1,1,1,1,1936,12059,10158,9917,12984,23774,3734,17194,454,2692,1,4972,18762,5539,1.0,37:14,2015,2016
2015-16,201588,George Hill,George,1610612754,IND,Indiana Pacers,21500721,2016-02-01T00:00:00,IND vs. CLE,L,39.0,6.0,3.0,9.0,8.0,12.0,11.0,6.0,38.0,0.0,0.0,2.0,5.0,41.0,1,13074,13074,13074,1089,878,3104,184,3109,20178,21814,13388,1422,8004,1,11390,1539,2143,1.0,38:57,2015,2016
2015-16,203918,Rodney Hood,Rodney,1610612762,UTA,Utah Jazz,21500728,2016-02-01T00:00:00,UTA vs. CHI,W,33.0,3.0,7.0,5.0,6.0,14.0,6.0,4.0,18.0,0.0,2.0,6.0,3.0,26.5,1,1,1,1,5167,4307,292,1277,5299,22292,13237,8806,13577,8004,23588,25827,4736,7627,1.0,32:57,2015,2016
2015-16,202696,Nikola Vučević,Nikola,1610612753,ORL,Orlando Magic,21500726,2016-02-01T00:00:00,ORL @ SAS,L,31.2,4.0,6.0,0.0,14.0,10.0,5.0,8.0,18.0,1.0,0.0,4.0,2.0,42.5,1,13074,13074,13074,6604,2460,481,9917,542,17370,11469,17194,13577,2692,1,22104,7786,1841,1.0,31:10,2015,2016
2015-16,203382,Aron Baynes,Aron,1610612765,DET,Detroit Pistons,21500722,2016-02-01T00:00:00,DET @ BKN,W,10.6,0.0,0.0,0.0,2.0,0.0,3.0,0.0,6.0,1.0,0.0,3.0,1.0,12.3,1,1,1,1,22186,12059,10158,9917,12984,1,7138,1,22724,2692,1,17641,12373,17524,1.0,10:37,2015,2016
2015-16,201567,Kevin Love,Kevin,1610612739,CLE,Cleveland Cavaliers,21500721,2016-02-01T00:00:00,CLE @ IND,W,41.8,0.0,5.0,0.0,4.0,14.0,12.0,11.0,30.0,2.0,0.0,4.0,7.0,41.6,1,1,1,1,344,12059,995,9917,8599,22292,22832,21342,4541,932,1,22104,469,2021,1.0,41:48,2015,2016
2015-16,203112,Quincy Acy,Quincy,1610612758,SAC,Sacramento Kings,21500729,2016-02-01T00:00:00,SAC vs. MIL,W,17.4,2.0,2.0,2.0,4.0,11.0,0.0,14.0,12.0,0.0,0.0,2.0,1.0,15.1,1,1,1,1,17943,6026,4731,4675,8599,18886,1,23710,18637,8004,1,11390,12373,15328,1.0,17:27,2015,2016
2015-16,101162,Marcin Gortat,Marcin,1610612764,WAS,Washington Wizards,21500725,2016-02-01T00:00:00,WAS @ OKC,L,25.2,4.0,2.0,2.0,16.0,10.0,12.0,2.0,26.0,0.0,0.0,2.0,3.0,26.2,1,13074,13074,13074,11557,2460,4731,4675,275,17370,22832,4025,7214,8004,1,11390,4736,7785,1.0,25:09,2015,2016
2015-16,1626181,Norman Powell,Norman,1610612761,TOR,Toronto Raptors,21500727,2016-02-01T00:00:00,TOR @ DEN,L,13.2,0.0,0.0,0.0,0.0,5.0,2.0,6.0,14.0,1.0,0.0,0.0,1.0,11.9,1,13074,13074,13074,20852,12059,10158,9917,18861,8403,3734,13388,17019,2692,1,1,12373,17760,1.0,13:14,2015,2016
2015-16,202710,Jimmy Butler III,Jimmy,1610612741,CHI,Chicago Bulls,21500728,2016-02-01T00:00:00,CHI @ UTA,L,46.8,4.0,4.0,2.0,6.0,9.0,18.0,13.0,44.0,0.0,0.0,3.0,8.0,40.4,1,13074,13074,13074,41,2460,1596,4675,5299,15771,25634,23048,454,8004,1,17641,254,2274,1.0,46:49,2015,2016
2015-16,202711,Bojan Bogdanović,Bojan,1610612751,BKN,Brooklyn Nets,21500722,2016-02-01T00:00:00,BKN vs. DET,L,25.0,0.0,2.0,0.0,2.0,12.0,7.0,4.0,20.0,0.0,0.0,2.0,1.0,11.6,1,13074,13074,13074,11698,12059,4731,9917,12984,20178,15642,8806,11929,8004,1,11390,12373,17970,1.0,24:58,2015,2016
2015-16,1713,Vince Carter,Vince,1610612763,MEM,Memphis Grizzlies,21500724,2016-02-01T00:00:00,MEM @ NOP,W,19.0,2.0,0.0,0.0,4.0,10.0,7.0,4.0,10.0,0.0,0.0,1.0,1.0,15.9,1,1,1,1,16698,6026,10158,9917,8599,17370,15642,8806,20209,8004,1,4972,12373,14675,1.0,19:00,2015,2016
2015-16,203488,Mike Muscala,Mike,1610612737,ATL,Atlanta Hawks,21500723,2016-02-01T00:00:00,ATL vs. DAL,W,16.6,0.0,2.0,0.0,4.0,0.0,5.0,3.0,16.0,2.0,0.0,6.0,1.0,19.8,1,1,1,1,18558,12059,4731,9917,8599,1,11469,7328,15259,932,1,25827,12373,11883,1.0,16:37,2015,2016
2015-16,201950,Jrue Holiday,Jrue,1610612740,NOP,New Orleans Pelicans,21500724,2016-02-01T00:00:00,NOP vs. MEM,L,27.2,0.0,0.0,0.0,2.0,8.0,2.0,7.0,32.0,2.0,0.0,2.0,2.0,15.2,1,13074,13074,13074,9883,12059,10158,9917,12984,13914,3734,15538,3535,932,1,11390,7786,15219,1.0,27:09,2015,2016
2015-16,2564,Boris Diaw,Boris,1610612759,SAS,San Antonio Spurs,21500726,2016-02-01T00:00:00,SAS vs. ORL,W,17.2,2.0,2.0,0.0,2.0,12.0,8.0,6.0,26.0,0.0,0.0,0.0,0.0,15.2,1,1,1,1,18096,6026,4731,9917,12984,20178,17345,13388,7214,8004,1,1,18762,15219,1.0,17:14,2015,2016
2015-16,2747,JR Smith,JR,1610612739,CLE,Cleveland Cavaliers,21500721,2016-02-01T00:00:00,CLE @ IND,W,42.1,5.0,0.0,3.0,0.0,13.0,25.0,7.0,32.0,0.0,0.0,2.0,1.0,26.6,1,1,1,1,298,1603,10158,3302,18861,21300,26050,15538,3535,8004,1,11390,12373,7566,1.0,42:06,2015,2016
2015-16,101109,Raymond Felton,Raymond,1610612742,DAL,Dallas Mavericks,21500723,2016-02-01T00:00:00,DAL @ ATL,L,25.4,2.0,2.0,0.0,6.0,5.0,8.0,5.0,24.0,0.0,0.0,1.0,1.0,20.2,1,13074,13074,13074,11358,6026,4731,9917,5299,8403,17345,11593,8723,8004,1,4972,12373,11610,1.0,25:25,2015,2016
2015-16,201586,Serge Ibaka,Serge,1610612760,OKC,Oklahoma City Thunder,21500725,2016-02-01T00:00:00,OKC vs. WAS,W,33.0,3.0,8.0,0.0,8.0,11.0,2.0,10.0,36.0,2.0,0.0,2.0,2.0,40.5,1,1,1,1,5104,4307,137,9917,3109,18886,3734,20169,1943,932,1,11390,7786,2257,1.0,33:01,2015,2016
2015-16,203937,Kyle Anderson,Kyle,1610612759,SAS,San Antonio Spurs,21500726,2016-02-01T00:00:00,SAS vs. ORL,W,22.2,3.0,0.0,0.0,0.0,4.0,8.0,0.0,20.0,0.0,0.0,0.0,1.0,20.3,1,1,1,1,14035,4307,10158,9917,18861,6141,17345,1,11929,8004,1,1,12373,11534,1.0,22:10,2015,2016
2015-16,1626166,Cameron Payne,Cameron,1610612760,OKC,Oklahoma City Thunder,21500725,2016-02-01T00:00:00,OKC vs. WAS,W,12.7,2.0,0.0,3.0,4.0,4.0,0.0,2.0,14.0,0.0,0.0,2.0,1.0,20.6,1,1,1,1,21178,6026,10158,3302,8599,6141,1,4025,17019,8004,1,11390,12373,11314,1.0,12:39,2015,2016
2015-16,201565,Derrick Rose,Derrick,1610612741,CHI,Chicago Bulls,21500728,2016-02-01T00:00:00,CHI @ UTA,L,36.8,3.0,0.0,2.0,4.0,11.0,13.0,13.0,42.0,1.0,4.0,3.0,2.0,26.6,1,13074,13074,13074,2190,4307,10158,4675,8599,18886,23668,23048,670,2692,25926,17641,7786,7566,1.0,36:50,2015,2016
2015-16,1626167,Myles Turner,Myles,1610612754,IND,Indiana Pacers,21500721,2016-02-01T00:00:00,IND vs. CLE,L,36.5,2.0,6.0,0.0,10.0,12.0,11.0,7.0,32.0,4.0,1.0,5.0,2.0,41.0,1,13074,13074,13074,2406,6026,481,9917,1840,20178,21814,15538,3535,132,17214,24686,7786,2143,1.0,36:30,2015,2016
2015-16,202322,John Wall,John,1610612764,WAS,Washington Wizards,21500725,2016-02-01T00:00:00,WAS @ OKC,L,41.0,6.0,0.0,4.0,14.0,14.0,18.0,9.0,40.0,3.0,1.0,1.0,2.0,42.8,1,13074,13074,13074,493,878,10158,1913,542,22292,25634,18829,983,347,17214,4972,7786,1776,1.0,40:58,2015,2016
2015-16,201600,Omer Asik,Omer,1610612740,NOP,New Orleans Pelicans,21500724,2016-02-01T00:00:00,NOP vs. MEM,L,20.1,0.0,4.0,0.0,6.0,4.0,4.0,0.0,22.0,0.0,3.0,2.0,3.0,15.6,1,13074,13074,13074,15797,12059,1596,9917,5299,6141,8458,1,10265,8004,25441,11390,4736,14916,1.0,20:08,2015,2016
2015-16,200757,Thabo Sefolosha,Thabo,1610612737,ATL,Atlanta Hawks,21500723,2016-02-01T00:00:00,ATL vs. DAL,W,17.5,2.0,0.0,0.0,4.0,2.0,3.0,0.0,10.0,0.0,0.0,1.0,0.0,15.3,1,1,1,1,17932,6026,10158,9917,8599,2619,7138,1,20209,8004,1,4972,18762,15150,1.0,17:27,2015,2016
2015-16,201956,Omri Casspi,Omri,1610612758,SAC,Sacramento Kings,21500729,2016-02-01T00:00:00,SAC vs. MIL,W,24.5,0.0,0.0,0.0,4.0,9.0,5.0,13.0,30.0,0.0,0.0,1.0,4.0,20.5,1,1,1,1,12102,12059,10158,9917,8599,15771,11469,23048,4541,8004,1,4972,2748,11401,1.0,24:31,2015,2016
2015-16,203994,Jusuf Nurkić,Jusuf,1610612743,DEN,Denver Nuggets,21500727,2016-02-01T00:00:00,DEN vs. TOR,W,15.2,0.0,2.0,0.0,4.0,6.0,2.0,5.0,4.0,0.0,1.0,3.0,2.0,15.9,1,1,1,1,19653,12059,4731,9917,8599,10028,3734,11593,23698,8004,17214,17641,7786,14675,1.0,15:09,2015,2016
2015-16,1626169,Stanley Johnson,Stanley,1610612765,DET,Detroit Pistons,21500722,2016-02-01T00:00:00,DET @ BKN,W,20.9,0.0,0.0,0.0,2.0,5.0,7.0,5.0,20.0,0.0,1.0,2.0,0.0,15.7,1,1,1,1,15106,12059,10158,9917,12984,8403,15642,11593,11929,8004,17214,11390,18762,14841,1.0,20:56,2015,2016
2015-16,201943,Brandon Jennings,Brandon,1610612765,DET,Detroit Pistons,21500722,2016-02-01T00:00:00,DET @ BKN,W,16.6,3.0,3.0,0.0,0.0,2.0,5.0,0.0,10.0,0.0,0.0,0.0,1.0,11.7,1,1,1,1,18592,4307,3104,9917,18861,2619,11469,1,20209,8004,1,1,12373,17903,1.0,16:35,2015,2016
2015-16,202704,Reggie Jackson,Reggie,1610612765,DET,Detroit Pistons,21500722,2016-02-01T00:00:00,DET @ BKN,W,31.4,5.0,0.0,2.0,8.0,3.0,2.0,10.0,34.0,0.0,0.0,1.0,1.0,30.6,1,1,1,1,6377,1603,10158,4675,3109,5109,3734,20169,2701,8004,1,4972,12373,5574,1.0,31:25,2015,2016
2015-16,201144,Mike Conley,Mike,1610612763,MEM,Memphis Grizzlies,21500724,2016-02-01T00:00:00,MEM @ NOP,W,28.5,4.0,0.0,0.0,4.0,11.0,6.0,9.0,14.0,1.0,0.0,1.0,4.0,41.8,1,1,1,1,8840,2460,10158,9917,8599,18886,13237,18829,17019,2692,1,4972,2748,1981,1.0,28:29,2015,2016
2015-16,203900,Markel Brown,Markel,1610612751,BKN,Brooklyn Nets,21500722,2016-02-01T00:00:00,BKN vs. DET,L,18.3,0.0,0.0,0.0,0.0,9.0,7.0,2.0,12.0,1.0,1.0,0.0,2.0,15.7,1,13074,13074,13074,17303,12059,10158,9917,18861,15771,15642,4025,18637,2692,17214,1,7786,14841,1.0,18:15,2015,2016
2015-16,201158,Marco Belinelli,Marco,1610612758,SAC,Sacramento Kings,21500729,2016-02-01T00:00:00,SAC vs. MIL,W,36.2,1.0,0.0,0.0,0.0,15.0,3.0,22.0,36.0,0.0,0.0,3.0,4.0,31.6,1,1,1,1,2601,11535,10158,9917,18861,23079,7138,25811,1943,8004,1,17641,2748,5130,1.0,36:14,2015,2016
2015-16,201596,Mario Chalmers,Mario,1610612763,MEM,Memphis Grizzlies,21500724,2016-02-01T00:00:00,MEM @ NOP,W,20.9,0.0,0.0,2.0,2.0,11.0,16.0,2.0,18.0,0.0,0.0,2.0,2.0,20.6,1,1,1,1,15125,12059,10158,4675,12984,18886,25155,4025,13577,8004,1,11390,7786,11314,1.0,20:55,2015,2016
2015-16,2754,Tony Allen,Tony,1610612763,MEM,Memphis Grizzlies,21500724,2016-02-01T00:00:00,MEM @ NOP,W,31.6,0.0,0.0,0.0,2.0,18.0,8.0,9.0,24.0,0.0,2.0,6.0,0.0,11.9,1,1,1,1,6194,12059,10158,9917,12984,24749,17345,18829,8723,8004,23588,25827,18762,17760,1.0,31:38,2015,2016
2015-16,203953,Jabari Parker,Jabari,1610612749,MIL,Milwaukee Bucks,21500729,2016-02-01T00:00:00,MIL @ SAC,L,37.2,2.0,2.0,4.0,12.0,9.0,17.0,10.0,30.0,0.0,0.0,5.0,0.0,31.4,1,13074,13074,13074,1950,6026,4731,1913,988,15771,25429,20169,4541,8004,1,24686,18762,5218,1.0,37:13,2015,2016
2015-16,201601,Luc Mbah a Moute,Luc,1610612746,LAC,LA Clippers,21500714,2016-01-31T00:00:00,LAC vs. CHI,W,25.3,0.0,0.0,0.0,2.0,2.0,2.0,5.0,30.0,0.0,2.0,3.0,1.0,15.4,1,1,1,1,11430,12059,10158,9917,12984,2619,3734,11593,4541,8004,23588,17641,12373,15066,1.0,25:19,2015,2016
2015-16,2419,Tayshaun Prince,Tayshaun,1610612750,MIN,Minnesota Timberwolves,21500719,2016-01-31T00:00:00,MIN @ POR,L,30.3,2.0,2.0,0.0,2.0,12.0,9.0,6.0,22.0,0.0,1.0,0.0,0.0,20.1,1,13074,13074,13074,7260,6026,4731,9917,12984,20178,19144,13388,10265,8004,17214,1,18762,11685,1.0,30:19,2015,2016
2015-16,201937,Ricky Rubio,Ricky,1610612750,MIN,Minnesota Timberwolves,21500719,2016-01-31T00:00:00,MIN @ POR,L,28.9,2.0,5.0,4.0,2.0,9.0,6.0,7.0,18.0,0.0,0.0,4.0,5.0,42.3,1,13074,13074,13074,8434,6026,995,1913,12984,15771,13237,15538,13577,8004,1,22104,1539,1877,1.0,28:55,2015,2016
2015-16,202699,Tobias Harris,Tobias,1610612753,ORL,Orlando Magic,21500716,2016-01-31T00:00:00,ORL vs. BOS,W,39.5,4.0,4.0,0.0,10.0,15.0,10.0,24.0,26.0,0.0,0.0,1.0,3.0,30.2,1,1,1,1,876,2460,1596,9917,1840,23079,20509,25937,7214,8004,1,4972,4736,5751,1.0,39:32,2015,2016
2015-16,203085,Austin Rivers,Austin,1610612746,LAC,LA Clippers,21500714,2016-01-31T00:00:00,LAC vs. CHI,W,20.5,0.0,3.0,1.0,0.0,6.0,8.0,3.0,20.0,0.0,1.0,1.0,2.0,15.7,1,1,1,1,15465,12059,3104,9347,18861,10028,17345,7328,11929,8004,17214,4972,7786,14841,1.0,20:31,2015,2016
2015-16,202710,Jimmy Butler III,Jimmy,1610612741,CHI,Chicago Bulls,21500714,2016-01-31T00:00:00,CHI @ LAC,L,36.8,6.0,0.0,5.0,8.0,9.0,14.0,12.0,32.0,0.0,1.0,0.0,5.0,27.2,1,13074,13074,13074,2238,878,10158,1277,3109,15771,24300,22259,3535,8004,17214,1,1539,7289,1.0,36:47,2015,2016
2015-16,2733,Shaun Livingston,Shaun,1610612744,GSW,Golden State Warriors,21500718,2016-01-31T00:00:00,GSW @ NYK,W,16.4,0.0,0.0,0.0,4.0,0.0,6.0,2.0,16.0,0.0,0.0,1.0,1.0,20.5,1,1,1,1,18699,12059,10158,9917,8599,1,13237,4025,15259,8004,1,4972,12373,11401,1.0,16:26,2015,2016
2015-16,201952,Jeff Teague,Jeff,1610612737,ATL,Atlanta Hawks,21500715,2016-01-31T00:00:00,ATL @ MIA,L,26.5,4.0,0.0,4.0,6.0,14.0,5.0,8.0,32.0,1.0,1.0,6.0,7.0,31.0,1,13074,13074,13074,10485,2460,10158,1913,5299,22292,11469,17194,3535,2692,17214,25827,469,5406,1.0,26:27,2015,2016
2015-16,2546,Carmelo Anthony,Carmelo,1610612752,NYK,New York Knicks,21500718,2016-01-31T00:00:00,NYK vs. GSW,L,36.1,10.0,2.0,0.0,4.0,6.0,2.0,10.0,24.0,2.0,1.0,2.0,5.0,42.0,1,13074,13074,13074,2686,99,4731,9917,8599,10028,3734,20169,8723,932,17214,11390,1539,1936,1.0,36:05,2015,2016
2015-16,201150,Spencer Hawes,Spencer,1610612766,CHA,Charlotte Hornets,21500720,2016-01-31T00:00:00,CHA @ LAL,W,27.6,0.0,2.0,0.0,4.0,11.0,2.0,2.0,16.0,2.0,0.0,1.0,0.0,26.7,1,1,1,1,9520,12059,4731,9917,8599,18886,3734,4025,15259,932,1,4972,18762,7525,1.0,27:37,2015,2016
2015-16,200794,Paul Millsap,Paul,1610612737,ATL,Atlanta Hawks,21500715,2016-01-31T00:00:00,ATL @ MIA,L,35.5,2.0,0.0,2.0,4.0,16.0,5.0,10.0,42.0,0.0,1.0,5.0,5.0,26.5,1,13074,13074,13074,3109,6026,10158,4675,8599,23774,11469,20169,670,8004,17214,24686,1539,7627,1.0,35:32,2015,2016
2015-16,200755,JJ Redick,JJ,1610612746,LAC,LA Clippers,21500714,2016-01-31T00:00:00,LAC vs. CHI,W,27.5,3.0,0.0,6.0,2.0,6.0,2.0,8.0,36.0,0.0,1.0,2.0,4.0,30.3,1,1,1,1,9616,4307,10158,740,12984,10028,3734,17194,1943,8004,17214,11390,2748,5702,1.0,27:29,2015,2016
2015-16,2736,Luol Deng,Luol,1610612748,MIA,Miami Heat,21500715,2016-01-31T00:00:00,MIA vs. ATL,W,32.3,3.0,0.0,0.0,6.0,8.0,4.0,8.0,16.0,0.0,0.0,1.0,3.0,31.3,1,1,1,1,5617,4307,10158,9917,5299,13914,8458,17194,15259,8004,1,4972,4736,5258,1.0,32:20,2015,2016
2015-16,203901,Elfrid Payton,Elfrid,1610612753,ORL,Orlando Magic,21500716,2016-01-31T00:00:00,ORL vs. BOS,W,14.8,0.0,2.0,0.0,4.0,5.0,2.0,10.0,12.0,0.0,1.0,4.0,1.0,12.3,1,1,1,1,19927,12059,4731,9917,8599,8403,3734,20169,18637,8004,17214,22104,12373,17524,1.0,14:45,2015,2016
2015-16,201143,Al Horford,Al,1610612737,ATL,Atlanta Hawks,21500715,2016-01-31T00:00:00,ATL @ MIA,L,34.0,2.0,0.0,0.0,0.0,20.0,5.0,9.0,42.0,2.0,0.0,5.0,1.0,30.8,1,13074,13074,13074,4317,6026,10158,9917,18861,25338,11469,18829,670,932,1,24686,12373,5493,1.0,34:02,2015,2016
2015-16,203459,Allen Crabbe,Allen,1610612757,POR,Portland Trail Blazers,21500719,2016-01-31T00:00:00,POR vs. MIN,W,22.6,2.0,0.0,4.0,6.0,10.0,14.0,5.0,20.0,0.0,0.0,4.0,0.0,11.6,1,1,1,1,13657,6026,10158,1913,5299,17370,24300,11593,11929,8004,1,22104,18762,17970,1.0,22:39,2015,2016
2015-16,977,Kobe Bryant,Kobe,1610612747,LAL,Los Angeles Lakers,21500720,2016-01-31T00:00:00,LAL vs. CHA,L,23.0,6.0,0.0,0.0,6.0,0.0,14.0,5.0,14.0,0.0,0.0,1.0,2.0,43.1,1,13074,13074,13074,13399,878,10158,9917,5299,1,24300,11593,17019,8004,1,4972,7786,1713,1.0,22:58,2015,2016
2015-16,203584,Troy Daniels,Troy,1610612766,CHA,Charlotte Hornets,21500720,2016-01-31T00:00:00,CHA @ LAL,W,13.9,3.0,2.0,0.0,0.0,2.0,2.0,0.0,8.0,0.0,0.0,0.0,0.0,15.5,1,1,1,1,20453,4307,4731,9917,18861,2619,3734,1,21543,8004,1,1,18762,15004,1.0,13:55,2015,2016
2015-16,202689,Kemba Walker,Kemba,1610612766,CHA,Charlotte Hornets,21500720,2016-01-31T00:00:00,CHA @ LAL,W,33.1,0.0,2.0,0.0,2.0,11.0,2.0,2.0,18.0,0.0,1.0,0.0,6.0,26.4,1,1,1,1,5064,12059,4731,9917,12984,18886,3734,4025,13577,8004,17214,1,873,7672,1.0,33:04,2015,2016
2015-16,201168,Tiago Splitter,Tiago,1610612737,ATL,Atlanta Hawks,21500715,2016-01-31T00:00:00,ATL @ MIA,L,15.0,0.0,2.0,0.0,2.0,4.0,0.0,0.0,8.0,0.0,0.0,1.0,3.0,14.0,1,13074,13074,13074,19750,12059,4731,9917,12984,6141,1,1,21543,8004,1,4972,4736,16166,1.0,15:01,2015,2016
2015-16,203471,Dennis Schröder,Dennis,1610612737,ATL,Atlanta Hawks,21500715,2016-01-31T00:00:00,ATL @ MIA,L,20.6,2.0,0.0,0.0,4.0,8.0,0.0,3.0,18.0,0.0,0.0,2.0,2.0,17.1,1,13074,13074,13074,15397,6026,10158,9917,8599,13914,1,7328,13577,8004,1,11390,7786,13791,1.0,20:36,2015,2016
2015-16,2547,Chris Bosh,Chris,1610612748,MIA,Miami Heat,21500715,2016-01-31T00:00:00,MIA vs. ATL,W,33.4,6.0,3.0,2.0,4.0,16.0,2.0,8.0,22.0,0.0,1.0,4.0,4.0,28.4,1,1,1,1,4811,878,3104,4675,8599,23774,3734,17194,10265,8004,17214,22104,2748,6663,1.0,33:24,2015,2016
2015-16,203077,Michael Kidd-Gilchrist,Michael,1610612766,CHA,Charlotte Hornets,21500720,2016-01-31T00:00:00,CHA @ LAL,W,28.0,3.0,4.0,5.0,8.0,9.0,2.0,2.0,12.0,0.0,1.0,2.0,4.0,39.9,1,1,1,1,9262,4307,1596,1277,3109,15771,3734,4025,18637,8004,17214,11390,2748,2396,1.0,27:57,2015,2016
2015-16,203903,Jordan Clarkson,Jordan,1610612747,LAL,Los Angeles Lakers,21500720,2016-01-31T00:00:00,LAL vs. CHA,L,29.9,2.0,0.0,0.0,2.0,3.0,8.0,8.0,16.0,0.0,1.0,3.0,1.0,13.5,1,13074,13074,13074,7636,6026,10158,9917,12984,5109,17345,17194,15259,8004,17214,17641,12373,16552,1.0,29:53,2015,2016
2015-16,203095,Evan Fournier,Evan,1610612753,ORL,Orlando Magic,21500716,2016-01-31T00:00:00,ORL vs. BOS,W,23.0,3.0,3.0,3.0,4.0,9.0,8.0,14.0,16.0,0.0,1.0,3.0,5.0,32.6,1,1,1,1,13383,4307,3104,3302,8599,15771,17345,23710,15259,8004,17214,17641,1539,4687,1.0,22:59,2015,2016
2015-16,203086,Meyers Leonard,Meyers,1610612757,POR,Portland Trail Blazers,21500719,2016-01-31T00:00:00,POR vs. MIN,W,31.9,4.0,0.0,2.0,4.0,14.0,11.0,3.0,20.0,1.0,1.0,4.0,1.0,21.7,1,1,1,1,6011,2460,10158,4675,8599,22292,21814,7328,11929,2692,17214,22104,12373,10592,1.0,31:52,2015,2016
2015-16,203486,Mason Plumlee,Mason,1610612757,POR,Portland Trail Blazers,21500719,2016-01-31T00:00:00,POR vs. MIN,W,20.4,0.0,2.0,2.0,4.0,7.0,13.0,6.0,22.0,1.0,1.0,2.0,2.0,14.1,1,1,1,1,15535,12059,4731,4675,8599,12242,23668,13388,10265,2692,17214,11390,7786,16094,1.0,20:26,2015,2016
2015-16,203081,Damian Lillard,Damian,1610612757,POR,Portland Trail Blazers,21500719,2016-01-31T00:00:00,POR vs. MIN,W,32.4,4.0,2.0,2.0,2.0,9.0,15.0,6.0,24.0,0.0,1.0,4.0,7.0,38.8,1,1,1,1,5595,2460,4731,4675,12984,15771,24781,13388,8723,8004,17214,22104,469,2692,1.0,32:22,2015,2016
2015-16,2548,Dwyane Wade,Dwyane,1610612748,MIA,Miami Heat,21500715,2016-01-31T00:00:00,MIA vs. ATL,W,28.9,2.0,2.0,2.0,10.0,8.0,4.0,8.0,12.0,1.0,0.0,1.0,5.0,39.8,1,1,1,1,8463,6026,4731,4675,1840,13914,8458,17194,18637,2692,1,4972,1539,2422,1.0,28:53,2015,2016
2015-16,101106,Andrew Bogut,Andrew,1610612744,GSW,Golden State Warriors,21500718,2016-01-31T00:00:00,GSW @ NYK,W,14.0,0.0,0.0,0.0,0.0,6.0,3.0,2.0,4.0,0.0,0.0,4.0,0.0,17.4,1,1,1,1,20399,12059,10158,9917,18861,10028,7138,4025,23698,8004,1,22104,18762,13595,1.0,14:01,2015,2016
2015-16,1626164,Devin Booker,Devin,1610612756,PHX,Phoenix Suns,21500717,2016-01-31T00:00:00,PHX @ DAL,L,41.2,5.0,0.0,6.0,8.0,20.0,8.0,15.0,28.0,1.0,0.0,6.0,3.0,32.4,1,13074,13074,13074,443,1603,10158,740,3109,25338,17345,24242,5824,2692,1,25827,4736,4768,1.0,41:13,2015,2016
2015-16,202691,Klay Thompson,Klay,1610612744,GSW,Golden State Warriors,21500718,2016-01-31T00:00:00,GSW @ NYK,W,32.1,5.0,0.0,3.0,10.0,6.0,7.0,6.0,14.0,0.0,1.0,5.0,2.0,38.2,1,1,1,1,5810,1603,10158,3302,1840,10028,15642,13388,17019,8004,17214,24686,7786,2854,1.0,32:05,2015,2016
2015-16,203935,Marcus Smart,Marcus,1610612738,BOS,Boston Celtics,21500716,2016-01-31T00:00:00,BOS @ ORL,L,28.3,5.0,4.0,9.0,6.0,9.0,7.0,7.0,28.0,0.0,0.0,1.0,4.0,38.0,1,13074,13074,13074,9039,1603,1596,184,5299,15771,15642,15538,5824,8004,1,4972,2748,2903,1.0,28:15,2015,2016
2015-16,201959,Taj Gibson,Taj,1610612741,CHI,Chicago Bulls,21500714,2016-01-31T00:00:00,CHI @ LAC,L,29.6,0.0,2.0,0.0,6.0,2.0,12.0,7.0,20.0,2.0,2.0,5.0,3.0,27.7,1,13074,13074,13074,7891,12059,4731,9917,5299,2619,22832,15538,11929,932,23588,24686,4736,7008,1.0,29:35,2015,2016
2015-16,202693,Markieff Morris,Markieff,1610612756,PHX,Phoenix Suns,21500717,2016-01-31T00:00:00,PHX @ DAL,L,26.1,3.0,2.0,0.0,10.0,12.0,4.0,4.0,14.0,0.0,0.0,1.0,2.0,32.8,1,13074,13074,13074,10755,4307,4731,9917,1840,20178,8458,8806,17019,8004,1,4972,7786,4609,1.0,26:06,2015,2016
2015-16,2585,Zaza Pachulia,Zaza,1610612742,DAL,Dallas Mavericks,21500717,2016-01-31T00:00:00,DAL vs. PHX,W,36.4,3.0,0.0,2.0,6.0,14.0,12.0,4.0,30.0,0.0,1.0,3.0,3.0,30.0,1,1,1,1,2497,4307,10158,4675,5299,22292,22832,8806,4541,8004,17214,17641,4736,5840,1.0,36:22,2015,2016
2015-16,101109,Raymond Felton,Raymond,1610612742,DAL,Dallas Mavericks,21500717,2016-01-31T00:00:00,DAL vs. PHX,W,35.9,2.0,4.0,2.0,4.0,16.0,6.0,8.0,34.0,0.0,1.0,1.0,5.0,35.2,1,1,1,1,2818,6026,1596,4675,8599,23774,13237,17194,2701,8004,17214,4972,1539,3745,1.0,35:55,2015,2016
2015-16,203932,Aaron Gordon,Aaron,1610612753,ORL,Orlando Magic,21500716,2016-01-31T00:00:00,ORL vs. BOS,W,39.1,7.0,4.0,2.0,12.0,11.0,10.0,20.0,28.0,2.0,0.0,4.0,5.0,49.3,1,1,1,1,1020,548,1596,4675,988,18886,20509,25599,5824,932,1,22104,1539,827,1.0,39:08,2015,2016
2015-16,101114,Deron Williams,Deron,1610612742,DAL,Dallas Mavericks,21500717,2016-01-31T00:00:00,DAL vs. PHX,W,35.8,8.0,4.0,2.0,10.0,11.0,12.0,4.0,26.0,0.0,1.0,2.0,4.0,35.6,1,1,1,1,2929,308,1596,4675,1840,18886,22832,8806,7214,8004,17214,11390,2748,3615,1.0,35:45,2015,2016
2015-16,204038,Langston Galloway,Langston,1610612752,NYK,New York Knicks,21500718,2016-01-31T00:00:00,NYK vs. GSW,L,32.0,0.0,0.0,4.0,4.0,6.0,2.0,10.0,22.0,0.0,0.0,2.0,1.0,29.1,1,13074,13074,13074,5899,12059,10158,1913,8599,10028,3734,20169,10265,8004,1,11390,12373,6285,1.0,31:59,2015,2016
2015-16,2405,Amar'e Stoudemire,Amar'e,1610612748,MIA,Miami Heat,21500715,2016-01-31T00:00:00,MIA vs. ATL,W,21.4,4.0,0.0,0.0,10.0,4.0,0.0,8.0,10.0,1.0,0.0,1.0,3.0,37.4,1,1,1,1,14690,2460,10158,9917,1840,6141,1,17194,20209,2692,1,4972,4736,3073,1.0,21:24,2015,2016
2015-16,203458,Alex Len,Alex,1610612756,PHX,Phoenix Suns,21500717,2016-01-31T00:00:00,PHX @ DAL,L,14.9,2.0,0.0,0.0,4.0,7.0,0.0,4.0,12.0,3.0,0.0,1.0,4.0,24.6,1,13074,13074,13074,19816,6026,10158,9917,8599,12242,1,8806,18637,347,1,4972,2748,8724,1.0,14:55,2015,2016
2015-16,201939,Stephen Curry,Stephen,1610612744,GSW,Golden State Warriors,21500718,2016-01-31T00:00:00,GSW @ NYK,W,32.0,0.0,0.0,0.0,2.0,10.0,9.0,4.0,16.0,0.0,2.0,1.0,1.0,29.8,1,1,1,1,5899,12059,10158,9917,12984,17370,19144,8806,15259,8004,23588,4972,12373,5948,1.0,31:59,2015,2016
2015-16,202696,Nikola Vučević,Nikola,1610612753,ORL,Orlando Magic,21500716,2016-01-31T00:00:00,ORL vs. BOS,W,34.8,0.0,4.0,1.0,8.0,9.0,7.0,24.0,20.0,3.0,0.0,2.0,6.0,51.1,1,1,1,1,3735,12059,1596,9347,3109,15771,15642,25937,11929,347,1,11390,873,645,1.0,34:45,2015,2016
2015-16,203110,Draymond Green,Draymond,1610612744,GSW,Golden State Warriors,21500718,2016-01-31T00:00:00,GSW @ NYK,W,37.2,0.0,2.0,2.0,12.0,8.0,7.0,4.0,16.0,2.0,0.0,2.0,4.0,55.0,1,1,1,1,1995,12059,4731,4675,988,13914,15642,8806,15259,932,1,11390,2748,395,1.0,37:09,2015,2016
2015-16,2199,Tyson Chandler,Tyson,1610612756,PHX,Phoenix Suns,21500717,2016-01-31T00:00:00,PHX @ DAL,L,33.1,2.0,6.0,2.0,12.0,18.0,10.0,13.0,24.0,1.0,0.0,2.0,3.0,35.6,1,13074,13074,13074,5055,6026,481,4675,988,24749,20509,23048,8723,2692,1,11390,4736,3615,1.0,33:05,2015,2016
2015-16,1626159,Justise Winslow,Justise,1610612748,MIA,Miami Heat,21500715,2016-01-31T00:00:00,MIA vs. ATL,W,33.2,0.0,0.0,4.0,8.0,10.0,4.0,4.0,24.0,2.0,0.0,4.0,1.0,24.8,1,1,1,1,4944,12059,10158,1913,3109,17370,8458,8806,8723,932,1,22104,12373,8614,1.0,33:14,2015,2016
2015-16,2200,Pau Gasol,Pau,1610612741,CHI,Chicago Bulls,21500714,2016-01-31T00:00:00,CHI @ LAC,L,29.2,0.0,2.0,2.0,12.0,7.0,12.0,10.0,24.0,0.0,1.0,1.0,3.0,35.3,1,13074,13074,13074,8240,12059,4731,4675,988,12242,22832,20169,8723,8004,17214,4972,4736,3719,1.0,29:10,2015,2016
2015-16,201565,Derrick Rose,Derrick,1610612741,CHI,Chicago Bulls,21500714,2016-01-31T00:00:00,CHI @ LAC,L,33.1,2.0,0.0,4.0,18.0,7.0,14.0,10.0,28.0,0.0,0.0,2.0,0.0,29.0,1,13074,13074,13074,5079,6026,10158,1913,131,12242,24300,20169,5824,8004,1,11390,18762,6346,1.0,33:03,2015,2016
2015-16,203944,Julius Randle,Julius,1610612747,LAL,Los Angeles Lakers,21500720,2016-01-31T00:00:00,LAL vs. CHA,L,30.8,2.0,4.0,2.0,10.0,8.0,9.0,10.0,20.0,0.0,2.0,4.0,2.0,24.2,1,13074,13074,13074,6906,6026,1596,4675,1840,13914,19144,20169,11929,8004,23588,22104,7786,9009,1.0,30:47,2015,2016
2015-16,202738,Isaiah Thomas,Isaiah,1610612738,BOS,Boston Celtics,21500716,2016-01-31T00:00:00,BOS @ ORL,L,32.3,0.0,0.0,6.0,4.0,14.0,19.0,3.0,32.0,0.0,1.0,6.0,6.0,36.8,1,13074,13074,13074,5672,12059,10158,740,8599,22292,25786,7328,3535,8004,17214,25827,873,3241,1.0,32:17,2015,2016
2015-16,2037,Jamal Crawford,Jamal,1610612746,LAC,LA Clippers,21500714,2016-01-31T00:00:00,LAC vs. CHI,W,25.9,2.0,3.0,2.0,10.0,10.0,8.0,9.0,30.0,1.0,0.0,1.0,2.0,36.7,1,1,1,1,10896,6026,3104,4675,1840,17370,17345,18829,4541,2692,1,4972,7786,3269,1.0,25:56,2015,2016
2015-16,203476,Gorgui Dieng,Gorgui,1610612750,MIN,Minnesota Timberwolves,21500719,2016-01-31T00:00:00,MIN @ POR,L,38.3,3.0,1.0,0.0,6.0,13.0,9.0,9.0,24.0,1.0,0.0,4.0,3.0,30.0,1,13074,13074,13074,1358,4307,9709,9917,5299,21300,19144,18829,8723,2692,1,22104,4736,5840,1.0,38:20,2015,2016
2015-16,101108,Chris Paul,Chris,1610612746,LAC,LA Clippers,21500714,2016-01-31T00:00:00,LAC vs. CHI,W,32.6,2.0,0.0,4.0,8.0,8.0,6.0,8.0,42.0,0.0,0.0,0.0,1.0,35.7,1,1,1,1,5458,6026,10158,1913,3109,13914,13237,17194,670,8004,1,1,12373,3578,1.0,32:33,2015,2016
2015-16,1626157,Karl-Anthony Towns,Karl-Anthony,1610612750,MIN,Minnesota Timberwolves,21500719,2016-01-31T00:00:00,MIN @ POR,L,39.0,6.0,8.0,0.0,10.0,15.0,12.0,9.0,22.0,3.0,2.0,0.0,3.0,51.6,1,13074,13074,13074,1089,878,137,9917,1840,23079,22832,18829,10265,347,23588,1,4736,604,1.0,38:57,2015,2016
2015-16,101107,Marvin Williams,Marvin,1610612766,CHA,Charlotte Hornets,21500720,2016-01-31T00:00:00,CHA @ LAL,W,24.8,3.0,1.0,0.0,4.0,9.0,2.0,0.0,10.0,3.0,2.0,1.0,1.0,46.4,1,1,1,1,11841,4307,9709,9917,8599,15771,3734,1,20209,347,23588,4972,12373,1149,1.0,24:47,2015,2016
2015-16,202329,Al-Farouq Aminu,Al-Farouq,1610612757,POR,Portland Trail Blazers,21500719,2016-01-31T00:00:00,POR vs. MIN,W,31.2,1.0,5.0,1.0,2.0,11.0,16.0,4.0,24.0,2.0,0.0,2.0,1.0,24.2,1,1,1,1,6588,11535,995,9347,12984,18886,25155,8806,8723,932,1,11390,12373,9009,1.0,31:10,2015,2016
2015-16,203135,Robert Sacre,Robert,1610612747,LAL,Los Angeles Lakers,21500720,2016-01-31T00:00:00,LAL vs. CHA,L,6.8,0.0,0.0,0.0,0.0,2.0,2.0,2.0,8.0,1.0,0.0,0.0,0.0,7.4,1,13074,13074,13074,23644,12059,10158,9917,18861,2619,3734,4025,21543,2692,1,1,18762,20912,1.0,6:46,2015,2016
2015-16,201599,DeAndre Jordan,DeAndre,1610612746,LAC,LA Clippers,21500714,2016-01-31T00:00:00,LAC vs. CHI,W,35.5,2.0,6.0,0.0,12.0,8.0,6.0,11.0,44.0,4.0,0.0,1.0,7.0,61.0,1,1,1,1,3109,6026,481,9917,988,13914,13237,21342,454,132,1,4972,469,182,1.0,35:32,2015,2016
2015-16,202340,Avery Bradley,Avery,1610612738,BOS,Boston Celtics,21500716,2016-01-31T00:00:00,BOS @ ORL,L,38.5,7.0,3.0,5.0,6.0,11.0,17.0,8.0,36.0,0.0,1.0,0.0,2.0,36.8,1,13074,13074,13074,1251,548,3104,1277,5299,18886,25429,17194,1943,8004,17214,1,7786,3241,1.0,38:32,2015,2016
2015-16,203473,Dewayne Dedmon,Dewayne,1610612753,ORL,Orlando Magic,21500716,2016-01-31T00:00:00,ORL vs. BOS,W,7.6,0.0,0.0,0.0,2.0,4.0,2.0,0.0,6.0,1.0,0.0,2.0,1.0,10.1,1,1,1,1,23345,12059,10158,9917,12984,6141,3734,1,22724,2692,1,11390,12373,19105,1.0,7:38,2015,2016
2015-16,203096,Jared Sullinger,Jared,1610612738,BOS,Boston Celtics,21500716,2016-01-31T00:00:00,BOS @ ORL,L,17.6,0.0,0.0,0.0,0.0,7.0,12.0,1.0,18.0,0.0,2.0,3.0,1.0,9.8,1,13074,13074,13074,17824,12059,10158,9917,18861,12242,22832,3646,13577,8004,23588,17641,12373,19331,1.0,17:36,2015,2016
2015-16,201609,Goran Dragic,Goran,1610612748,MIA,Miami Heat,21500715,2016-01-31T00:00:00,MIA vs. ATL,W,23.0,5.0,0.0,3.0,8.0,4.0,0.0,6.0,8.0,0.0,1.0,5.0,4.0,19.4,1,1,1,1,13383,1603,10158,3302,3109,6141,1,13388,21543,8004,17214,24686,2748,12154,1.0,22:59,2015,2016
2015-16,202334,Ed Davis,Ed,1610612757,POR,Portland Trail Blazers,21500719,2016-01-31T00:00:00,POR vs. MIN,W,27.6,4.0,0.0,0.0,2.0,10.0,8.0,3.0,16.0,0.0,0.0,1.0,5.0,18.8,1,1,1,1,9560,2460,10158,9917,12984,17370,17345,7328,15259,8004,1,4972,1539,12588,1.0,27:34,2015,2016
2015-16,101161,Amir Johnson,Amir,1610612738,BOS,Boston Celtics,21500716,2016-01-31T00:00:00,BOS @ ORL,L,27.0,2.0,4.0,0.0,6.0,7.0,14.0,1.0,24.0,1.0,0.0,3.0,1.0,23.7,1,13074,13074,13074,9992,6026,1596,9917,5299,12242,24300,3646,8723,2692,1,17641,12373,9329,1.0,27:02,2015,2016
2015-16,203527,Ryan Kelly,Ryan,1610612747,LAL,Los Angeles Lakers,21500720,2016-01-31T00:00:00,LAL vs. CHA,L,17.2,0.0,0.0,2.0,6.0,4.0,11.0,0.0,16.0,1.0,1.0,3.0,1.0,23.2,1,13074,13074,13074,18112,12059,10158,4675,5299,6141,21814,1,15259,2692,17214,17641,12373,9630,1.0,17:13,2015,2016
2015-16,203145,Kent Bazemore,Kent,1610612737,ATL,Atlanta Hawks,21500715,2016-01-31T00:00:00,ATL @ MIA,L,32.5,2.0,0.0,2.0,8.0,16.0,5.0,8.0,32.0,0.0,0.0,0.0,1.0,19.5,1,13074,13074,13074,5483,6026,10158,4675,3109,23774,11469,17194,3535,8004,1,1,12373,12096,1.0,32:31,2015,2016
2015-16,203501,Tim Hardaway Jr.,Tim,1610612737,ATL,Atlanta Hawks,21500715,2016-01-31T00:00:00,ATL @ MIA,L,20.3,2.0,0.0,2.0,4.0,15.0,2.0,3.0,22.0,0.0,1.0,1.0,3.0,14.2,1,13074,13074,13074,15679,6026,10158,4675,8599,23079,3734,7328,10265,8004,17214,4972,4736,16003,1.0,20:15,2015,2016
2015-16,1626163,Frank Kaminsky,Frank,1610612766,CHA,Charlotte Hornets,21500720,2016-01-31T00:00:00,CHA @ LAL,W,23.2,0.0,4.0,0.0,10.0,6.0,2.0,6.0,14.0,2.0,2.0,2.0,2.0,25.1,1,1,1,1,13180,12059,1596,9917,1840,10028,3734,13388,17019,932,23588,11390,7786,8429,1.0,23:13,2015,2016
2015-16,203148,Brian Roberts,Brian,1610612766,CHA,Charlotte Hornets,21500720,2016-01-31T00:00:00,CHA @ LAL,W,24.0,0.0,2.0,0.0,6.0,6.0,4.0,4.0,12.0,0.0,1.0,2.0,1.0,14.6,1,1,1,1,12549,12059,4731,9917,5299,10028,8458,8806,18637,8004,17214,11390,12373,15699,1.0,24:00,2015,2016
2015-16,204001,Kristaps Porziņģis,Kristaps,1610612752,NYK,New York Knicks,21500718,2016-01-31T00:00:00,NYK vs. GSW,L,20.3,0.0,3.0,0.0,0.0,5.0,0.0,5.0,18.0,0.0,0.0,3.0,4.0,23.7,1,13074,13074,13074,15641,12059,3104,9917,18861,8403,1,11593,13577,8004,1,17641,2748,9329,1.0,20:18,2015,2016
2015-16,202325,Wesley Johnson,Wesley,1610612746,LAC,LA Clippers,21500714,2016-01-31T00:00:00,LAC vs. CHI,W,20.2,0.0,5.0,0.0,2.0,8.0,6.0,5.0,24.0,0.0,0.0,2.0,1.0,14.9,1,1,1,1,15764,12059,995,9917,12984,13914,13237,11593,8723,8004,1,11390,12373,15463,1.0,20:10,2015,2016
2015-16,202718,Chandler Parsons,Chandler,1610612742,DAL,Dallas Mavericks,21500717,2016-01-31T00:00:00,DAL vs. PHX,W,35.9,5.0,0.0,9.0,6.0,17.0,10.0,8.0,36.0,0.0,0.0,2.0,3.0,22.9,1,1,1,1,2845,1603,10158,184,5299,24337,20509,17194,1943,8004,1,11390,4736,9811,1.0,35:53,2015,2016
2015-16,200782,P.J. Tucker,P.J.,1610612756,PHX,Phoenix Suns,21500717,2016-01-31T00:00:00,PHX @ DAL,L,42.0,2.0,0.0,0.0,2.0,22.0,10.0,17.0,30.0,0.0,0.0,3.0,0.0,10.5,1,13074,13074,13074,312,6026,10158,9917,12984,25683,20509,24967,4541,8004,1,17641,18762,18808,1.0,42:01,2015,2016
2015-16,101123,Gerald Green,Gerald,1610612748,MIA,Miami Heat,21500715,2016-01-31T00:00:00,MIA vs. ATL,W,21.5,0.0,0.0,0.0,0.0,10.0,0.0,2.0,18.0,0.0,0.0,2.0,0.0,14.3,1,1,1,1,14601,12059,10158,9917,18861,17370,1,4025,13577,8004,1,11390,18762,15948,1.0,21:29,2015,2016
2015-16,201579,Roy Hibbert,Roy,1610612747,LAL,Los Angeles Lakers,21500720,2016-01-31T00:00:00,LAL vs. CHA,L,21.3,0.0,0.0,0.0,0.0,6.0,8.0,5.0,12.0,3.0,1.0,2.0,0.0,10.4,1,13074,13074,13074,14763,12059,10158,9917,18861,10028,17345,11593,18637,347,17214,11390,18762,18859,1.0,21:19,2015,2016
2015-16,202682,Derrick Williams,Derrick,1610612752,NYK,New York Knicks,21500718,2016-01-31T00:00:00,NYK vs. GSW,L,23.9,0.0,6.0,0.0,6.0,4.0,2.0,5.0,18.0,0.0,2.0,2.0,1.0,19.7,1,13074,13074,13074,12682,12059,481,9917,5299,6141,3734,11593,13577,8004,23588,11390,12373,11962,1.0,23:52,2015,2016
2015-16,203506,Victor Oladipo,Victor,1610612753,ORL,Orlando Magic,21500716,2016-01-31T00:00:00,ORL vs. BOS,W,27.6,0.0,2.0,0.0,4.0,9.0,5.0,20.0,20.0,0.0,0.0,3.0,1.0,23.6,1,1,1,1,9548,12059,4731,9917,8599,15771,11469,25599,11929,8004,1,17641,12373,9377,1.0,27:35,2015,2016
2015-16,101150,Lou Williams,Lou,1610612747,LAL,Los Angeles Lakers,21500720,2016-01-31T00:00:00,LAL vs. CHA,L,28.6,3.0,0.0,0.0,0.0,10.0,16.0,5.0,22.0,1.0,1.0,0.0,4.0,19.4,1,13074,13074,13074,8718,4307,10158,9917,18861,17370,25155,11593,10265,2692,17214,1,2748,12154,1.0,28:37,2015,2016
2015-16,1626209,Mario Hezonja,Mario,1610612753,ORL,Orlando Magic,21500716,2016-01-31T00:00:00,ORL vs. BOS,W,33.3,0.0,0.0,0.0,0.0,9.0,9.0,4.0,16.0,0.0,0.0,3.0,0.0,23.1,1,1,1,1,4879,12059,10158,9917,18861,15771,19144,8806,15259,8004,1,17641,18762,9699,1.0,33:19,2015,2016
2015-16,203468,CJ McCollum,CJ,1610612757,POR,Portland Trail Blazers,21500719,2016-01-31T00:00:00,POR vs. MIN,W,32.9,2.0,0.0,0.0,8.0,13.0,14.0,7.0,32.0,0.0,1.0,3.0,2.0,25.7,1,1,1,1,5183,6026,10158,9917,3109,21300,24300,15538,3535,8004,17214,17641,7786,8088,1.0,32:56,2015,2016
2015-16,202323,Evan Turner,Evan,1610612738,BOS,Boston Celtics,21500716,2016-01-31T00:00:00,BOS @ ORL,L,27.3,0.0,0.0,0.0,4.0,9.0,4.0,8.0,28.0,1.0,0.0,3.0,0.0,18.9,1,13074,13074,13074,9784,12059,10158,9917,8599,15771,8458,17194,5824,2692,1,17641,18762,12513,1.0,27:17,2015,2016
2015-16,101111,Charlie Villanueva,Charlie,1610612742,DAL,Dallas Mavericks,21500717,2016-01-31T00:00:00,DAL vs. PHX,W,10.3,0.0,0.0,0.0,0.0,7.0,0.0,4.0,12.0,0.0,0.0,2.0,1.0,9.8,1,1,1,1,22308,12059,10158,9917,18861,12242,1,8806,18637,8004,1,11390,12373,19331,1.0,10:19,2015,2016
2015-16,203943,Noah Vonleh,Noah,1610612757,POR,Portland Trail Blazers,21500719,2016-01-31T00:00:00,POR vs. MIN,W,15.7,2.0,0.0,0.0,2.0,3.0,7.0,6.0,18.0,1.0,0.0,0.0,0.0,14.6,1,1,1,1,19263,6026,10158,9917,12984,5109,15642,13388,13577,2692,1,1,18762,15699,1.0,15:43,2015,2016
2015-16,203798,PJ Hairston,PJ,1610612766,CHA,Charlotte Hornets,21500720,2016-01-31T00:00:00,CHA @ LAL,W,20.1,0.0,3.0,3.0,0.0,6.0,2.0,4.0,12.0,0.0,0.0,2.0,1.0,19.1,1,1,1,1,15878,12059,3104,3302,18861,10028,3734,8806,18637,8004,1,11390,12373,12372,1.0,20:03,2015,2016
2015-16,203952,Andrew Wiggins,Andrew,1610612750,MIN,Minnesota Timberwolves,21500719,2016-01-31T00:00:00,MIN @ POR,L,34.5,0.0,3.0,2.0,6.0,11.0,6.0,11.0,24.0,0.0,2.0,0.0,6.0,25.8,1,13074,13074,13074,3990,12059,3104,4675,5299,18886,13237,21342,8723,8004,23588,1,873,8022,1.0,34:27,2015,2016
2015-16,1889,Andre Miller,Andre,1610612750,MIN,Minnesota Timberwolves,21500719,2016-01-31T00:00:00,MIN @ POR,L,12.3,0.0,0.0,0.0,2.0,6.0,6.0,0.0,8.0,0.0,0.0,2.0,0.0,5.9,1,13074,13074,13074,21403,12059,10158,9917,12984,10028,13237,1,21543,8004,1,11390,18762,21953,1.0,12:16,2015,2016
2015-16,203939,Dwight Powell,Dwight,1610612742,DAL,Dallas Mavericks,21500717,2016-01-31T00:00:00,DAL vs. PHX,W,11.6,2.0,2.0,2.0,4.0,1.0,2.0,0.0,6.0,0.0,0.0,1.0,1.0,10.8,1,1,1,1,21797,6026,4731,4675,8599,2356,3734,1,22724,8004,1,4972,12373,18579,1.0,11:33,2015,2016
2015-16,2550,Kirk Hinrich,Kirk,1610612741,CHI,Chicago Bulls,21500714,2016-01-31T00:00:00,CHI @ LAC,L,10.9,0.0,0.0,0.0,0.0,5.0,0.0,4.0,6.0,0.0,0.0,3.0,0.0,1.2,1,13074,13074,13074,22084,12059,10158,9917,18861,8403,1,8806,22724,8004,1,17641,18762,24661,1.0,10:53,2015,2016
2015-16,203926,Doug McDermott,Doug,1610612741,CHI,Chicago Bulls,21500714,2016-01-31T00:00:00,CHI @ LAC,L,20.9,0.0,0.0,0.0,0.0,2.0,5.0,3.0,12.0,0.0,0.0,1.0,0.0,6.2,1,13074,13074,13074,15180,12059,10158,9917,18861,2619,11469,7328,18637,8004,1,4972,18762,21696,1.0,20:51,2015,2016
2015-16,200826,J.J. Barea,J.J.,1610612742,DAL,Dallas Mavericks,21500717,2016-01-31T00:00:00,DAL vs. PHX,W,24.5,3.0,0.0,0.0,4.0,13.0,6.0,4.0,28.0,0.0,1.0,2.0,0.0,10.7,1,1,1,1,12101,4307,10158,9917,8599,21300,13237,8806,5824,8004,17214,11390,18762,18636,1.0,24:31,2015,2016
2015-16,2571,Leandro Barbosa,Leandro,1610612744,GSW,Golden State Warriors,21500718,2016-01-31T00:00:00,GSW @ NYK,W,20.4,2.0,0.0,5.0,0.0,4.0,8.0,4.0,22.0,0.0,0.0,0.0,3.0,10.9,1,1,1,1,15542,6026,10158,1277,18861,6141,17345,8806,10265,8004,1,1,4736,18498,1.0,20:26,2015,2016
2015-16,203084,Harrison Barnes,Harrison,1610612744,GSW,Golden State Warriors,21500718,2016-01-31T00:00:00,GSW @ NYK,W,31.1,3.0,0.0,2.0,2.0,6.0,13.0,4.0,20.0,0.0,1.0,3.0,1.0,11.1,1,1,1,1,6655,4307,10158,4675,12984,10028,23668,8806,11929,8004,17214,17641,12373,18370,1.0,31:04,2015,2016
2015-16,203488,Mike Muscala,Mike,1610612737,ATL,Atlanta Hawks,21500715,2016-01-31T00:00:00,ATL @ MIA,L,2.3,2.0,2.0,0.0,0.0,3.0,0.0,0.0,2.0,0.0,0.0,0.0,1.0,2.0,1,13074,13074,13074,25421,6026,4731,9917,18861,5109,1,1,24614,8004,1,1,12373,24216,1.0,2:17,2015,2016
2015-16,201965,Jeff Ayres,Jeff,1610612746,LAC,LA Clippers,21500714,2016-01-31T00:00:00,LAC vs. CHI,W,2.6,0.0,0.0,0.0,0.0,0.0,0.0,0.0,0.0,1.0,0.0,0.0,0.0,5.7,1,1,1,1,25281,12059,10158,9917,18861,1,1,1,25429,2692,1,1,18762,22054,1.0,2:37,2015,2016
2015-16,200757,Thabo Sefolosha,Thabo,1610612737,ATL,Atlanta Hawks,21500715,2016-01-31T00:00:00,ATL @ MIA,L,18.6,0.0,0.0,0.0,2.0,6.0,0.0,3.0,20.0,0.0,0.0,0.0,0.0,2.0,1,13074,13074,13074,17020,12059,10158,9917,12984,10028,1,7328,11929,8004,1,1,18762,24216,1.0,18:36,2015,2016
2015-16,201167,Arron Afflalo,Arron,1610612752,NYK,New York Knicks,21500718,2016-01-31T00:00:00,NYK vs. GSW,L,37.5,0.0,0.0,2.0,2.0,10.0,2.0,12.0,26.0,0.0,0.0,1.0,0.0,11.4,1,13074,13074,13074,1730,12059,10158,4675,12984,17370,3734,22259,7214,8004,1,4972,18762,18134,1.0,37:32,2015,2016
2015-16,2617,Udonis Haslem,Udonis,1610612748,MIA,Miami Heat,21500715,2016-01-31T00:00:00,MIA vs. ATL,W,1.2,0.0,0.0,0.0,0.0,0.0,0.0,0.0,0.0,0.0,0.0,0.0,0.0,1.2,1,1,1,1,25805,12059,10158,9917,18861,1,1,1,25429,8004,1,1,18762,24661,1.0,1:11,2015,2016
2015-16,201160,Jason Smith,Jason,1610612753,ORL,Orlando Magic,21500716,2016-01-31T00:00:00,ORL vs. BOS,W,20.3,2.0,0.0,2.0,2.0,9.0,7.0,4.0,16.0,0.0,0.0,2.0,0.0,11.2,1,1,1,1,15631,6026,10158,4675,12984,15771,15642,8806,15259,8004,1,11390,18762,18267,1.0,20:19,2015,2016
2015-16,202362,Lance Stephenson,Lance,1610612746,LAC,LA Clippers,21500714,2016-01-31T00:00:00,LAC vs. CHI,W,9.1,0.0,0.0,0.0,0.0,0.0,2.0,0.0,4.0,0.0,0.0,2.0,0.0,12.7,1,1,1,1,22820,12059,10158,9917,18861,1,3734,1,23698,8004,1,11390,18762,17201,1.0,9:03,2015,2016
2015-16,201177,Josh McRoberts,Josh,1610612748,MIA,Miami Heat,21500715,2016-01-31T00:00:00,MIA vs. ATL,W,17.7,3.0,0.0,0.0,2.0,8.0,2.0,2.0,18.0,0.0,1.0,2.0,2.0,7.9,1,1,1,1,17737,4307,10158,9917,12984,13914,3734,4025,13577,8004,17214,11390,7786,20646,1.0,17:43,2015,2016
2015-16,2756,Sasha Vujacic,Sasha,1610612752,NYK,New York Knicks,21500718,2016-01-31T00:00:00,NYK vs. GSW,L,18.6,0.0,0.0,0.0,2.0,2.0,2.0,5.0,8.0,0.0,0.0,2.0,3.0,16.4,1,13074,13074,13074,17042,12059,10158,9917,12984,2619,3734,11593,21543,8004,1,11390,4736,14289,1.0,18:34,2015,2016
2015-16,201575,Brandon Rush,Brandon,1610612744,GSW,Golden State Warriors,21500718,2016-01-31T00:00:00,GSW @ NYK,W,15.3,0.0,0.0,0.0,0.0,2.0,6.0,4.0,16.0,2.0,0.0,1.0,0.0,12.6,1,1,1,1,19565,12059,10158,9917,18861,2619,13237,8806,15259,932,1,4972,18762,17277,1.0,15:18,2015,2016
2015-16,203482,Kelly Olynyk,Kelly,1610612738,BOS,Boston Celtics,21500716,2016-01-31T00:00:00,BOS @ ORL,L,24.6,1.0,0.0,2.0,4.0,9.0,7.0,7.0,24.0,0.0,2.0,0.0,6.0,16.1,1,13074,13074,13074,12067,11535,10158,4675,8599,15771,15642,15538,8723,8004,23588,1,873,14515,1.0,24:33,2015,2016
2015-16,203897,Zach LaVine,Zach,1610612750,MIN,Minnesota Timberwolves,21500719,2016-01-31T00:00:00,MIN @ POR,L,25.5,2.0,0.0,3.0,8.0,17.0,6.0,7.0,18.0,0.0,0.0,6.0,1.0,21.4,1,13074,13074,13074,11315,6026,10158,3302,3109,24337,13237,15538,13577,8004,1,25827,12373,10807,1.0,25:28,2015,2016
2015-16,202391,Jeremy Lin,Jeremy,1610612766,CHA,Charlotte Hornets,21500720,2016-01-31T00:00:00,CHA @ LAL,W,22.0,0.0,0.0,2.0,0.0,11.0,0.0,4.0,8.0,0.0,0.0,2.0,1.0,18.5,1,1,1,1,14199,12059,10158,4675,18861,18886,1,8806,21543,8004,1,11390,12373,12794,1.0,21:58,2015,2016
2015-16,201973,Jonas Jerebko,Jonas,1610612738,BOS,Boston Celtics,21500716,2016-01-31T00:00:00,BOS @ ORL,L,18.9,1.0,1.0,0.0,0.0,7.0,0.0,5.0,18.0,0.0,0.0,6.0,3.0,18.5,1,13074,13074,13074,16806,11535,9709,9917,18861,12242,1,11593,13577,8004,1,25827,4736,12794,1.0,18:52,2015,2016
2015-16,201946,Tyler Hansbrough,Tyler,1610612766,CHA,Charlotte Hornets,21500720,2016-01-31T00:00:00,CHA @ LAL,W,20.4,3.0,0.0,0.0,2.0,4.0,2.0,4.0,8.0,1.0,1.0,3.0,4.0,16.6,1,1,1,1,15578,4307,10158,9917,12984,6141,3734,8806,21543,2692,17214,17641,2748,14125,1.0,20:23,2015,2016
2015-16,1626171,Bobby Portis,Bobby,1610612741,CHI,Chicago Bulls,21500714,2016-01-31T00:00:00,CHI @ LAC,L,18.4,0.0,4.0,0.0,6.0,7.0,5.0,6.0,16.0,0.0,0.0,0.0,0.0,16.7,1,13074,13074,13074,17163,12059,1596,9917,5299,12242,11469,13388,15259,8004,1,1,18762,14064,1.0,18:25,2015,2016
2015-16,201580,JaVale McGee,JaVale,1610612742,DAL,Dallas Mavericks,21500717,2016-01-31T00:00:00,DAL vs. PHX,W,8.0,2.0,0.0,0.0,2.0,2.0,0.0,0.0,8.0,1.0,0.0,3.0,1.0,8.4,1,1,1,1,23183,6026,10158,9917,12984,2619,1,1,21543,2692,1,17641,12373,20273,1.0,8:00,2015,2016
2015-16,201578,Marreese Speights,Marreese,1610612744,GSW,Golden State Warriors,21500718,2016-01-31T00:00:00,GSW @ NYK,W,11.0,0.0,0.0,0.0,0.0,2.0,4.0,4.0,16.0,0.0,0.0,2.0,1.0,16.0,1,1,1,1,22028,12059,10158,9917,18861,2619,8458,8806,15259,8004,1,11390,12373,14590,1.0,11:00,2015,2016
2015-16,1626156,D'Angelo Russell,D'Angelo,1610612747,LAL,Los Angeles Lakers,21500720,2016-01-31T00:00:00,LAL vs. CHA,L,30.4,2.0,0.0,2.0,0.0,9.0,14.0,5.0,26.0,1.0,0.0,3.0,3.0,16.7,1,13074,13074,13074,7155,6026,10158,4675,18861,15771,24300,11593,7214,2692,1,17641,4736,14064,1.0,30:26,2015,2016
2015-16,203462,Archie Goodwin,Archie,1610612756,PHX,Phoenix Suns,21500717,2016-01-31T00:00:00,PHX @ DAL,L,36.4,1.0,0.0,0.0,2.0,22.0,8.0,15.0,30.0,0.0,0.0,3.0,3.0,7.8,1,13074,13074,13074,2481,11535,10158,9917,12984,25683,17345,24242,4541,8004,1,17641,4736,20696,1.0,36:24,2015,2016
2015-16,203109,Jae Crowder,Jae,1610612738,BOS,Boston Celtics,21500716,2016-01-31T00:00:00,BOS @ ORL,L,25.4,0.0,0.0,2.0,2.0,7.0,15.0,0.0,22.0,0.0,0.0,0.0,1.0,13.1,1,13074,13074,13074,11372,12059,10158,4675,12984,12242,24781,1,10265,8004,1,1,12373,16874,1.0,25:24,2015,2016
2015-16,1626151,Aaron Harrison,Aaron,1610612766,CHA,Charlotte Hornets,21500720,2016-01-31T00:00:00,CHA @ LAL,W,3.1,0.0,0.0,0.0,0.0,0.0,0.0,2.0,2.0,0.0,0.0,1.0,0.0,3.0,1,1,1,1,25107,12059,10158,9917,18861,1,1,4025,24614,8004,1,4972,18762,23648,1.0,3:03,2015,2016
2015-16,201577,Robin Lopez,Robin,1610612752,NYK,New York Knicks,21500718,2016-01-31T00:00:00,NYK vs. GSW,L,18.5,0.0,2.0,0.0,4.0,6.0,0.0,5.0,8.0,2.0,0.0,0.0,1.0,21.0,1,13074,13074,13074,17112,12059,4731,9917,8599,10028,1,11593,21543,932,1,1,12373,11077,1.0,18:28,2015,2016
2015-16,203141,Mirza Teletovic,Mirza,1610612756,PHX,Phoenix Suns,21500717,2016-01-31T00:00:00,PHX @ DAL,L,20.6,2.0,2.0,0.0,2.0,13.0,6.0,13.0,20.0,1.0,0.0,4.0,3.0,16.2,1,13074,13074,13074,15404,6026,4731,9917,12984,21300,13237,23048,11929,2692,1,22104,4736,14436,1.0,20:35,2015,2016
2015-16,202083,Wesley Matthews,Wesley,1610612742,DAL,Dallas Mavericks,21500717,2016-01-31T00:00:00,DAL vs. PHX,W,34.4,0.0,0.0,0.0,0.0,13.0,12.0,4.0,26.0,0.0,1.0,3.0,2.0,16.3,1,1,1,1,4061,12059,10158,9917,18861,21300,22832,8806,7214,8004,17214,17641,7786,14372,1.0,34:21,2015,2016
2015-16,201166,Aaron Brooks,Aaron,1610612741,CHI,Chicago Bulls,21500714,2016-01-31T00:00:00,CHI @ LAC,L,16.9,0.0,0.0,0.0,2.0,2.0,3.0,3.0,10.0,0.0,1.0,2.0,2.0,8.5,1,13074,13074,13074,18342,12059,10158,9917,12984,2619,7138,7328,20209,8004,17214,11390,7786,20215,1.0,16:54,2015,2016
2015-16,2738,Andre Iguodala,Andre,1610612744,GSW,Golden State Warriors,21500718,2016-01-31T00:00:00,GSW @ NYK,W,23.3,0.0,0.0,0.0,0.0,6.0,8.0,0.0,14.0,0.0,0.0,2.0,4.0,16.8,1,1,1,1,13126,12059,10158,9917,18861,10028,17345,1,17019,8004,1,11390,2748,13996,1.0,23:17,2015,2016
2015-16,1718,Paul Pierce,Paul,1610612746,LAC,LA Clippers,21500714,2016-01-31T00:00:00,LAC vs. CHI,W,15.9,0.0,0.0,0.0,0.0,4.0,2.0,6.0,26.0,0.0,0.0,1.0,2.0,3.2,1,1,1,1,19118,12059,10158,9917,18861,6141,3734,13388,7214,8004,1,4972,7786,23473,1.0,15:54,2015,2016
2015-16,203946,Cameron Bairstow,Cameron,1610612741,CHI,Chicago Bulls,21500714,2016-01-31T00:00:00,CHI @ LAC,L,3.8,0.0,0.0,0.0,0.0,0.0,3.0,0.0,2.0,0.0,0.0,0.0,0.0,2.4,1,13074,13074,13074,24784,12059,10158,9917,18861,1,7138,1,24614,8004,1,1,18762,24024,1.0,3:49,2015,2016
2015-16,201945,Gerald Henderson,Gerald,1610612757,POR,Portland Trail Blazers,21500719,2016-01-31T00:00:00,POR vs. MIN,W,25.3,2.0,3.0,0.0,2.0,8.0,7.0,5.0,14.0,0.0,0.0,1.0,5.0,17.9,1,1,1,1,11446,6026,3104,9917,12984,13914,15642,11593,17019,8004,1,4972,1539,13229,1.0,25:18,2015,2016
2015-16,203923,James Young,James,1610612738,BOS,Boston Celtics,21500716,2016-01-31T00:00:00,BOS @ ORL,L,0.2,0.0,0.0,0.0,0.0,0.0,0.0,0.0,0.0,0.0,0.0,0.0,0.0,0.0,1,13074,13074,13074,26018,12059,10158,9917,18861,1,1,1,25429,8004,1,1,18762,25170,1.0,0:13,2015,2016
2015-16,201156,Nick Young,Nick,1610612747,LAL,Los Angeles Lakers,21500720,2016-01-31T00:00:00,LAL vs. CHA,L,25.0,0.0,0.0,0.0,0.0,12.0,6.0,5.0,22.0,0.0,0.0,1.0,1.0,7.1,1,13074,13074,13074,11644,12059,10158,9917,18861,20178,13237,11593,10265,8004,1,4972,12373,21141,1.0,25:02,2015,2016
2015-16,201593,Nikola Pekovic,Nikola,1610612750,MIN,Minnesota Timberwolves,21500719,2016-01-31T00:00:00,MIN @ POR,L,6.4,0.0,0.0,0.0,0.0,4.0,0.0,2.0,8.0,0.0,0.0,1.0,1.0,3.6,1,13074,13074,13074,23776,12059,10158,9917,18861,6141,1,4025,21543,8004,1,4972,12373,23310,1.0,6:25,2015,2016
2015-16,203950,Jarnell Stokes,Jarnell,1610612748,MIA,Miami Heat,21500715,2016-01-31T00:00:00,MIA vs. ATL,W,1.2,0.0,0.0,0.0,2.0,0.0,0.0,0.0,0.0,0.0,0.0,0.0,0.0,3.2,1,1,1,1,25805,12059,10158,9917,12984,1,1,1,25429,8004,1,1,18762,23473,1.0,1:11,2015,2016
2015-16,203124,Kyle O'Quinn,Kyle,1610612752,NYK,New York Knicks,21500718,2016-01-31T00:00:00,NYK vs. GSW,L,7.6,0.0,2.0,0.0,4.0,0.0,0.0,0.0,2.0,0.0,0.0,1.0,1.0,6.6,1,13074,13074,13074,23350,12059,4731,9917,8599,1,1,1,24614,8004,1,4972,12373,21445,1.0,7:37,2015,2016
2015-16,202714,Shelvin Mack,Shelvin,1610612737,ATL,Atlanta Hawks,21500715,2016-01-31T00:00:00,ATL @ MIA,L,2.3,0.0,0.0,0.0,0.0,3.0,0.0,0.0,2.0,0.0,0.0,0.0,0.0,0.0,1,13074,13074,13074,25421,12059,10158,9917,18861,5109,1,1,24614,8004,1,1,18762,25170,1.0,2:17,2015,2016
2015-16,1626257,Salah Mejri,Salah,1610612742,DAL,Dallas Mavericks,21500717,2016-01-31T00:00:00,DAL vs. PHX,W,3.6,0.0,0.0,0.0,0.0,4.0,0.0,4.0,6.0,0.0,1.0,0.0,0.0,0.0,1,1,1,1,24858,12059,10158,9917,18861,6141,1,8806,22724,8004,17214,1,18762,25170,1.0,3:38,2015,2016
2015-16,202734,E'Twaun Moore,E'Twaun,1610612741,CHI,Chicago Bulls,21500714,2016-01-31T00:00:00,CHI @ LAC,L,30.5,2.0,2.0,0.0,2.0,4.0,14.0,9.0,28.0,1.0,0.0,5.0,1.0,21.7,1,13074,13074,13074,7126,6026,4731,9917,12984,6141,24300,18829,5824,2692,1,24686,12373,10592,1.0,30:28,2015,2016
2015-16,2757,Beno Udrih,Beno,1610612748,MIA,Miami Heat,21500715,2016-01-31T00:00:00,MIA vs. ATL,W,25.0,2.0,0.0,0.0,2.0,12.0,4.0,4.0,22.0,0.0,0.0,3.0,1.0,9.2,1,1,1,1,11656,6026,10158,9917,12984,20178,8458,8806,10265,8004,1,17641,12373,19680,1.0,25:01,2015,2016
2015-16,203648,Thanasis Antetokounmpo,Thanasis,1610612752,NYK,New York Knicks,21500718,2016-01-31T00:00:00,NYK vs. GSW,L,4.1,0.0,0.0,2.0,4.0,0.0,0.0,0.0,0.0,0.0,0.0,1.0,0.0,5.2,1,13074,13074,13074,24686,12059,10158,4675,8599,1,1,1,25429,8004,1,4972,18762,22370,1.0,4:04,2015,2016
2015-16,1626170,Jerian Grant,Jerian,1610612752,NYK,New York Knicks,21500718,2016-01-31T00:00:00,NYK vs. GSW,L,16.6,0.0,0.0,0.0,2.0,4.0,0.0,2.0,8.0,0.0,0.0,2.0,1.0,7.2,1,13074,13074,13074,18544,12059,10158,9917,12984,6141,1,4025,21543,8004,1,11390,12373,21035,1.0,16:39,2015,2016
2015-16,1626147,Justin Anderson,Justin,1610612742,DAL,Dallas Mavericks,21500717,2016-01-31T00:00:00,DAL vs. PHX,W,3.7,0.0,0.0,0.0,0.0,2.0,0.0,0.0,8.0,0.0,0.0,0.0,0.0,0.2,1,1,1,1,24841,12059,10158,9917,18861,2619,1,1,21543,8004,1,1,18762,25103,1.0,3:42,2015,2016
2015-16,203143,Pablo Prigioni,Pablo,1610612746,LAC,LA Clippers,21500714,2016-01-31T00:00:00,LAC vs. CHI,W,12.5,0.0,0.0,0.0,0.0,4.0,4.0,0.0,12.0,0.0,0.0,1.0,0.0,6.6,1,1,1,1,21296,12059,10158,9917,18861,6141,8458,1,18637,8004,1,4972,18762,21445,1.0,12:28,2015,2016
2015-16,203546,Ian Clark,Ian,1610612744,GSW,Golden State Warriors,21500718,2016-01-31T00:00:00,GSW @ NYK,W,4.1,0.0,0.0,0.0,0.0,0.0,2.0,4.0,8.0,0.0,0.0,0.0,2.0,4.0,1,1,1,1,24686,12059,10158,9917,18861,1,3734,8806,21543,8004,1,1,7786,23142,1.0,4:04,2015,2016
2015-16,201603,Sonny Weems,Sonny,1610612756,PHX,Phoenix Suns,21500717,2016-01-31T00:00:00,PHX @ DAL,L,12.5,3.0,0.0,0.0,2.0,5.0,4.0,2.0,12.0,0.0,1.0,0.0,0.0,6.7,1,13074,13074,13074,21268,4307,10158,9917,12984,8403,8458,4025,18637,8004,17214,1,18762,21376,1.0,12:31,2015,2016
2015-16,203503,Tony Snell,Tony,1610612741,CHI,Chicago Bulls,21500714,2016-01-31T00:00:00,CHI @ LAC,L,10.1,2.0,0.0,0.0,2.0,0.0,3.0,1.0,2.0,1.0,1.0,1.0,1.0,5.0,1,13074,13074,13074,22402,6026,10158,9917,12984,1,7138,3646,24614,2692,17214,4972,12373,22500,1.0,10:05,2015,2016
2015-16,202357,Nemanja Bjelica,Nemanja,1610612750,MIN,Minnesota Timberwolves,21500719,2016-01-31T00:00:00,MIN @ POR,L,12.1,2.0,2.0,0.0,2.0,10.0,3.0,2.0,10.0,0.0,0.0,3.0,1.0,9.1,1,13074,13074,13074,21496,6026,4731,9917,12984,17370,7138,4025,20209,8004,1,17641,12373,19789,1.0,12:04,2015,2016
2015-16,203895,Jordan McRae,Jordan,1610612756,PHX,Phoenix Suns,21500717,2016-01-31T00:00:00,PHX @ DAL,L,13.2,0.0,2.0,0.0,2.0,6.0,0.0,2.0,10.0,0.0,0.0,0.0,1.0,3.7,1,13074,13074,13074,20885,12059,4731,9917,12984,10028,1,4025,20209,8004,1,1,12373,23278,1.0,13:10,2015,2016
2015-16,1626273,Marcelo Huertas,Marcelo,1610612747,LAL,Los Angeles Lakers,21500720,2016-01-31T00:00:00,LAL vs. CHA,L,7.1,0.0,0.0,0.0,0.0,2.0,2.0,2.0,8.0,0.0,0.0,1.0,0.0,4.7,1,13074,13074,13074,23536,12059,10158,9917,18861,2619,3734,4025,21543,8004,1,4972,18762,22672,1.0,7:04,2015,2016
2015-16,101138,Brandon Bass,Brandon,1610612747,LAL,Los Angeles Lakers,21500720,2016-01-31T00:00:00,LAL vs. CHA,L,19.9,0.0,0.0,0.0,0.0,4.0,10.0,3.0,16.0,1.0,2.0,2.0,2.0,9.2,1,13074,13074,13074,15982,12059,10158,9917,18861,6141,20509,7328,15259,2692,23588,11390,7786,19680,1.0,19:55,2015,2016
2015-16,1626196,Josh Richardson,Josh,1610612748,MIA,Miami Heat,21500715,2016-01-31T00:00:00,MIA vs. ATL,W,1.2,0.0,0.0,0.0,0.0,0.0,0.0,0.0,0.0,0.0,0.0,0.0,0.0,0.0,1,1,1,1,25805,12059,10158,9917,18861,1,1,1,25429,8004,1,1,18762,25170,1.0,1:11,2015,2016
2015-16,203912,C.J. Wilcox,C.J.,1610612746,LAC,LA Clippers,21500714,2016-01-31T00:00:00,LAC vs. CHI,W,2.6,0.0,0.0,0.0,0.0,0.0,0.0,0.0,0.0,0.0,0.0,0.0,0.0,0.0,1,1,1,1,25281,12059,10158,9917,18861,1,1,1,25429,8004,1,1,18762,25170,1.0,2:37,2015,2016
2015-16,202332,Cole Aldrich,Cole,1610612746,LAC,LA Clippers,21500714,2016-01-31T00:00:00,LAC vs. CHI,W,9.9,0.0,0.0,0.0,0.0,4.0,4.0,0.0,12.0,0.0,0.0,1.0,0.0,7.3,1,1,1,1,22507,12059,10158,9917,18861,6141,8458,1,18637,8004,1,4972,18762,21024,1.0,9:51,2015,2016
2015-16,203118,Mike Scott,Mike,1610612737,ATL,Atlanta Hawks,21500715,2016-01-31T00:00:00,ATL @ MIA,L,6.3,0.0,0.0,0.0,0.0,7.0,0.0,3.0,8.0,0.0,0.0,2.0,0.0,0.0,1,13074,13074,13074,23831,12059,10158,9917,18861,12242,1,7328,21543,8004,1,11390,18762,25170,1.0,6:18,2015,2016
2015-16,2594,Kyle Korver,Kyle,1610612737,ATL,Atlanta Hawks,21500715,2016-01-31T00:00:00,ATL @ MIA,L,23.9,0.0,0.0,0.0,0.0,10.0,3.0,8.0,30.0,0.0,0.0,1.0,0.0,8.6,1,13074,13074,13074,12698,12059,10158,9917,18861,17370,7138,17194,4541,8004,1,4972,18762,20125,1.0,23:51,2015,2016
2015-16,202498,Lance Thomas,Lance,1610612752,NYK,New York Knicks,21500718,2016-01-31T00:00:00,NYK vs. GSW,L,18.6,0.0,0.0,0.0,0.0,5.0,0.0,4.0,14.0,0.0,0.0,1.0,4.0,4.2,1,13074,13074,13074,17025,12059,10158,9917,18861,8403,1,8806,17019,8004,1,4972,2748,22976,1.0,18:35,2015,2016
2015-16,203934,Lamar Patterson,Lamar,1610612737,ATL,Atlanta Hawks,21500715,2016-01-31T00:00:00,ATL @ MIA,L,2.3,0.0,0.0,0.0,0.0,3.0,0.0,0.0,2.0,0.0,1.0,0.0,0.0,0.0,1,13074,13074,13074,25421,12059,10158,9917,18861,5109,1,1,24614,8004,17214,1,18762,25170,1.0,2:17,2015,2016
2015-16,201574,Jason Thompson,Jason,1610612744,GSW,Golden State Warriors,21500718,2016-01-31T00:00:00,GSW @ NYK,W,3.2,0.0,0.0,0.0,0.0,0.0,2.0,2.0,8.0,1.0,0.0,0.0,1.0,4.0,1,1,1,1,25054,12059,10158,9917,18861,1,3734,4025,21543,2692,1,1,12373,23142,1.0,3:11,2015,2016
2015-16,203498,Shabazz Muhammad,Shabazz,1610612750,MIN,Minnesota Timberwolves,21500719,2016-01-31T00:00:00,MIN @ POR,L,12.8,0.0,0.0,0.0,0.0,8.0,3.0,2.0,6.0,0.0,0.0,3.0,1.0,-2.0,1,13074,13074,13074,21076,12059,10158,9917,18861,13914,7138,4025,22724,8004,1,17641,12373,26061,1.0,12:49,2015,2016
2015-16,200811,Lou Amundson,Lou,1610612752,NYK,New York Knicks,21500718,2016-01-31T00:00:00,NYK vs. GSW,L,6.3,0.0,0.0,0.0,2.0,2.0,0.0,2.0,2.0,0.0,2.0,3.0,0.0,5.2,1,13074,13074,13074,23834,12059,10158,9917,12984,2619,1,4025,24614,8004,23588,17641,18762,22370,1.0,6:17,2015,2016
2015-16,1626162,Kelly Oubre Jr.,Kelly,1610612764,WAS,Washington Wizards,21500711,2016-01-30T00:00:00,WAS @ HOU,W,0.1,0.0,0.0,0.0,0.0,0.0,0.0,0.0,0.0,0.0,0.0,0.0,0.0,0.0,1,1,1,1,26040,12059,10158,9917,18861,1,1,1,25429,8004,1,1,18762,25170,1.0,0:06,2015,2016
2015-16,203922,Glenn Robinson III,Glenn,1610612754,IND,Indiana Pacers,21500709,2016-01-30T00:00:00,IND vs. DEN,W,7.3,0.0,2.0,0.0,4.0,2.0,2.0,2.0,6.0,0.0,0.0,1.0,0.0,6.7,1,1,1,1,23478,12059,4731,9917,8599,2619,3734,4025,22724,8004,1,4972,18762,21376,1.0,7:16,2015,2016
2015-16,202389,Timofey Mozgov,Timofey,1610612739,CLE,Cleveland Cavaliers,21500713,2016-01-30T00:00:00,CLE vs. SAS,W,10.6,0.0,0.0,0.0,6.0,2.0,3.0,0.0,4.0,0.0,0.0,4.0,0.0,8.6,1,1,1,1,22189,12059,10158,9917,5299,2619,7138,1,23698,8004,1,22104,18762,20125,1.0,10:36,2015,2016
2015-16,201588,George Hill,George,1610612754,IND,Indiana Pacers,21500709,2016-01-30T00:00:00,IND vs. DEN,W,44.7,0.0,0.0,6.0,2.0,13.0,8.0,16.0,42.0,0.0,1.0,3.0,3.0,21.6,1,1,1,1,94,12059,10158,740,12984,21300,17345,24641,670,8004,17214,17641,4736,10666,1.0,44:41,2015,2016
2015-16,203900,Markel Brown,Markel,1610612751,BKN,Brooklyn Nets,21500710,2016-01-30T00:00:00,BKN @ NOP,L,7.7,0.0,0.0,0.0,0.0,3.0,2.0,5.0,10.0,0.0,0.0,1.0,1.0,0.0,1,13074,13074,13074,23315,12059,10158,9917,18861,5109,3734,11593,20209,8004,1,4972,12373,25170,1.0,7:42,2015,2016
2015-16,201574,Jason Thompson,Jason,1610612744,GSW,Golden State Warriors,21500707,2016-01-30T00:00:00,GSW @ PHI,W,10.7,0.0,0.0,0.0,2.0,2.0,2.0,2.0,6.0,0.0,0.0,4.0,0.0,3.7,1,1,1,1,22173,12059,10158,9917,12984,2619,3734,4025,22724,8004,1,22104,18762,23278,1.0,10:39,2015,2016
2015-16,202341,James Anderson,James,1610612758,SAC,Sacramento Kings,21500712,2016-01-30T00:00:00,SAC @ MEM,L,17.7,2.0,0.0,2.0,2.0,6.0,2.0,0.0,12.0,0.0,1.0,1.0,2.0,5.2,1,13074,13074,13074,17721,6026,10158,4675,12984,10028,3734,1,18637,8004,17214,4972,7786,22370,1.0,17:45,2015,2016
2015-16,200751,Randy Foye,Randy,1610612743,DEN,Denver Nuggets,21500709,2016-01-30T00:00:00,DEN @ IND,L,12.4,0.0,0.0,0.0,0.0,4.0,4.0,2.0,8.0,0.0,0.0,0.0,0.0,3.2,1,13074,13074,13074,21322,12059,10158,9917,18861,6141,8458,4025,21543,8004,1,1,18762,23473,1.0,12:25,2015,2016
2015-16,2564,Boris Diaw,Boris,1610612759,SAS,San Antonio Spurs,21500713,2016-01-30T00:00:00,SAS @ CLE,L,16.4,0.0,0.0,0.0,6.0,0.0,4.0,4.0,22.0,0.0,0.0,0.0,1.0,13.3,1,13074,13074,13074,18772,12059,10158,9917,5299,1,8458,8806,10265,8004,1,1,12373,16712,1.0,16:21,2015,2016
2015-16,203082,Terrence Ross,Terrence,1610612761,TOR,Toronto Raptors,21500708,2016-01-30T00:00:00,TOR vs. DET,W,21.7,0.0,0.0,0.0,0.0,7.0,12.0,2.0,14.0,0.0,0.0,0.0,0.0,5.0,1,1,1,1,14402,12059,10158,9917,18861,12242,22832,4025,17019,8004,1,1,18762,22500,1.0,21:45,2015,2016
2015-16,203099,Jared Cunningham,Jared,1610612739,CLE,Cleveland Cavaliers,21500713,2016-01-30T00:00:00,CLE vs. SAS,W,2.2,0.0,0.0,0.0,0.0,2.0,1.0,0.0,2.0,0.0,0.0,0.0,0.0,0.0,1,1,1,1,25449,12059,10158,9917,18861,2619,3393,1,24614,8004,1,1,18762,25170,1.0,2:12,2015,2016
2015-16,201967,Dante Cunningham,Dante,1610612740,NOP,New Orleans Pelicans,21500710,2016-01-30T00:00:00,NOP vs. BKN,W,5.0,0.0,0.0,2.0,2.0,0.0,2.0,0.0,10.0,0.0,0.0,1.0,1.0,4.4,1,1,1,1,24377,12059,10158,4675,12984,1,3734,1,20209,8004,1,4972,12373,22837,1.0,4:59,2015,2016
2015-16,2588,Matt Bonner,Matt,1610612759,SAS,San Antonio Spurs,21500713,2016-01-30T00:00:00,SAS @ CLE,L,2.8,0.0,0.0,0.0,0.0,0.0,0.0,0.0,0.0,0.0,0.0,0.0,0.0,0.0,1,13074,13074,13074,25189,12059,10158,9917,18861,1,1,1,25429,8004,1,1,18762,25170,1.0,2:49,2015,2016
2015-16,203499,Shane Larkin,Shane,1610612751,BKN,Brooklyn Nets,21500710,2016-01-30T00:00:00,BKN @ NOP,L,26.1,4.0,0.0,2.0,8.0,12.0,11.0,5.0,26.0,0.0,0.0,2.0,1.0,21.6,1,13074,13074,13074,10755,2460,10158,4675,3109,20178,21814,11593,7214,8004,1,11390,12373,10666,1.0,26:06,2015,2016
2015-16,203112,Quincy Acy,Quincy,1610612758,SAC,Sacramento Kings,21500712,2016-01-30T00:00:00,SAC @ MEM,L,11.0,0.0,4.0,4.0,6.0,5.0,0.0,3.0,4.0,0.0,0.0,2.0,0.0,9.6,1,13074,13074,13074,22056,12059,1596,1913,5299,8403,1,7328,23698,8004,1,11390,18762,19434,1.0,10:57,2015,2016
2015-16,203115,Will Barton,Will,1610612743,DEN,Denver Nuggets,21500709,2016-01-30T00:00:00,DEN @ IND,L,17.3,2.0,0.0,6.0,6.0,4.0,4.0,2.0,10.0,0.0,0.0,2.0,0.0,6.9,1,13074,13074,13074,18032,6026,10158,740,5299,6141,8458,4025,20209,8004,1,11390,18762,21262,1.0,17:19,2015,2016
2015-16,2446,Rasual Butler,Rasual,1610612759,SAS,San Antonio Spurs,21500713,2016-01-30T00:00:00,SAS @ CLE,L,2.8,0.0,0.0,0.0,0.0,0.0,0.0,0.0,0.0,0.0,0.0,0.0,0.0,0.0,1,13074,13074,13074,25189,12059,10158,9917,18861,1,1,1,25429,8004,1,1,18762,25170,1.0,2:49,2015,2016
2015-16,202711,Bojan Bogdanović,Bojan,1610612751,BKN,Brooklyn Nets,21500710,2016-01-30T00:00:00,BKN @ NOP,L,20.5,0.0,3.0,0.0,0.0,7.0,8.0,5.0,22.0,0.0,0.0,1.0,0.0,8.7,1,13074,13074,13074,15494,12059,3104,9917,18861,12242,17345,11593,10265,8004,1,4972,18762,20045,1.0,20:29,2015,2016
2015-16,2403,Nene,ene,1610612764,WAS,Washington Wizards,21500711,2016-01-30T00:00:00,WAS @ HOU,W,18.9,1.0,0.0,1.0,6.0,7.0,9.0,8.0,12.0,1.0,0.0,3.0,3.0,20.4,1,1,1,1,16802,11535,10158,9347,5299,12242,19144,17194,18637,2692,1,17641,4736,11453,1.0,18:53,2015,2016
2015-16,203084,Harrison Barnes,Harrison,1610612744,GSW,Golden State Warriors,21500707,2016-01-30T00:00:00,GSW @ PHI,W,34.4,0.0,0.0,2.0,0.0,16.0,0.0,17.0,34.0,0.0,2.0,0.0,1.0,27.2,1,1,1,1,4038,12059,10158,4675,18861,23774,1,24967,2701,8004,23588,1,12373,7289,1.0,34:23,2015,2016
2015-16,1626143,Jahlil Okafor,Jahlil,1610612755,PHI,Philadelphia 76ers,21500707,2016-01-30T00:00:00,PHI vs. GSW,L,20.9,4.0,2.0,2.0,8.0,2.0,2.0,4.0,30.0,0.0,0.0,2.0,4.0,12.2,1,13074,13074,13074,15180,2460,4731,4675,3109,2619,3734,8806,4541,8004,1,11390,2748,17566,1.0,20:51,2015,2016
2015-16,201567,Kevin Love,Kevin,1610612739,CLE,Cleveland Cavaliers,21500713,2016-01-30T00:00:00,CLE vs. SAS,W,31.4,0.0,0.0,0.0,2.0,9.0,7.0,7.0,34.0,1.0,0.0,2.0,1.0,40.7,1,1,1,1,6418,12059,10158,9917,12984,15771,15642,15538,2701,2692,1,11390,12373,2199,1.0,31:21,2015,2016
2015-16,203110,Draymond Green,Draymond,1610612744,GSW,Golden State Warriors,21500707,2016-01-30T00:00:00,GSW @ PHI,W,32.8,0.0,2.0,6.0,10.0,18.0,9.0,17.0,36.0,1.0,0.0,3.0,3.0,41.1,1,1,1,1,5252,12059,4731,740,1840,24749,19144,24967,1943,2692,1,17641,4736,2123,1.0,32:50,2015,2016
2015-16,201145,Jeff Green,Jeff,1610612763,MEM,Memphis Grizzlies,21500712,2016-01-30T00:00:00,MEM vs. SAC,W,27.4,14.0,0.0,6.0,12.0,5.0,14.0,16.0,20.0,0.0,1.0,2.0,4.0,40.9,1,1,1,1,9730,6,10158,740,988,8403,24300,24641,11929,8004,17214,11390,2748,2166,1.0,27:21,2015,2016
2015-16,202087,Alonzo Gee,Alonzo,1610612740,NOP,New Orleans Pelicans,21500710,2016-01-30T00:00:00,NOP vs. BKN,W,39.1,0.0,2.0,2.0,4.0,11.0,11.0,1.0,36.0,0.0,1.0,1.0,0.0,15.4,1,1,1,1,1046,12059,4731,4675,8599,18886,21814,3646,1943,8004,17214,4972,18762,15066,1.0,39:04,2015,2016
2015-16,201942,DeMar DeRozan,DeMar,1610612761,TOR,Toronto Raptors,21500708,2016-01-30T00:00:00,TOR vs. DET,W,33.6,6.0,6.0,4.0,14.0,18.0,9.0,14.0,26.0,0.0,1.0,4.0,5.0,40.6,1,1,1,1,4644,878,481,1913,542,24749,19144,23710,7214,8004,17214,22104,1539,2230,1.0,33:38,2015,2016
2015-16,2571,Leandro Barbosa,Leandro,1610612744,GSW,Golden State Warriors,21500707,2016-01-30T00:00:00,GSW @ PHI,W,15.1,0.0,0.0,0.0,4.0,4.0,9.0,6.0,18.0,0.0,0.0,1.0,1.0,15.1,1,1,1,1,19680,12059,10158,9917,8599,6141,19144,13388,13577,8004,1,4972,12373,15328,1.0,15:07,2015,2016
2015-16,2730,Dwight Howard,Dwight,1610612745,HOU,Houston Rockets,21500711,2016-01-30T00:00:00,HOU vs. WAS,L,28.5,0.0,2.0,2.0,14.0,6.0,8.0,7.0,24.0,0.0,0.0,2.0,6.0,26.4,1,13074,13074,13074,8804,12059,4731,4675,542,10028,17345,15538,8723,8004,1,11390,873,7672,1.0,28:31,2015,2016
2015-16,203382,Aron Baynes,Aron,1610612765,DET,Detroit Pistons,21500708,2016-01-30T00:00:00,DET @ TOR,L,20.3,2.0,7.0,0.0,4.0,6.0,7.0,7.0,12.0,2.0,1.0,4.0,3.0,30.4,1,13074,13074,13074,15654,6026,292,9917,8599,10028,15642,15538,18637,932,17214,22104,4736,5661,1.0,20:17,2015,2016
2015-16,201600,Omer Asik,Omer,1610612740,NOP,New Orleans Pelicans,21500710,2016-01-30T00:00:00,NOP vs. BKN,W,24.8,2.0,0.0,0.0,6.0,7.0,6.0,3.0,18.0,3.0,0.0,3.0,2.0,27.2,1,1,1,1,11824,6026,10158,9917,5299,12242,13237,7328,13577,347,1,17641,7786,7289,1.0,24:48,2015,2016
2015-16,203457,Nerlens Noel,Nerlens,1610612755,PHI,Philadelphia 76ers,21500707,2016-01-30T00:00:00,PHI vs. GSW,L,27.1,2.0,0.0,0.0,6.0,9.0,13.0,11.0,30.0,1.0,1.0,1.0,4.0,26.6,1,13074,13074,13074,9892,6026,10158,9917,5299,15771,23668,21342,4541,2692,17214,4972,2748,7566,1.0,27:09,2015,2016
2015-16,1626169,Stanley Johnson,Stanley,1610612765,DET,Detroit Pistons,21500708,2016-01-30T00:00:00,DET @ TOR,L,28.1,2.0,0.0,6.0,2.0,10.0,5.0,9.0,20.0,0.0,1.0,5.0,2.0,20.3,1,13074,13074,13074,9183,6026,10158,740,12984,17370,11469,18829,11929,8004,17214,24686,7786,11534,1.0,28:04,2015,2016
2015-16,202702,Kenneth Faried,Kenneth,1610612743,DEN,Denver Nuggets,21500709,2016-01-30T00:00:00,DEN @ IND,L,35.1,6.0,2.0,4.0,12.0,14.0,13.0,4.0,30.0,0.0,3.0,5.0,3.0,30.4,1,13074,13074,13074,3495,878,4731,1913,988,22292,23668,8806,4541,8004,25441,24686,4736,5661,1.0,35:04,2015,2016
2015-16,201589,Darrell Arthur,Darrell,1610612743,DEN,Denver Nuggets,21500709,2016-01-30T00:00:00,DEN @ IND,L,18.3,0.0,2.0,0.0,2.0,7.0,4.0,2.0,14.0,0.0,0.0,1.0,1.0,20.0,1,13074,13074,13074,17247,12059,4731,9917,12984,12242,8458,4025,17019,8004,1,4972,12373,11752,1.0,18:20,2015,2016
2015-16,200797,Ryan Hollins,Ryan,1610612763,MEM,Memphis Grizzlies,21500712,2016-01-30T00:00:00,MEM vs. SAC,W,9.9,0.0,0.0,0.0,0.0,1.0,8.0,6.0,4.0,2.0,0.0,3.0,3.0,11.6,1,1,1,1,22491,12059,10158,9917,18861,2356,17345,13388,23698,932,1,17641,4736,17970,1.0,9:55,2015,2016
2015-16,1626202,Joe Young,Joe,1610612754,IND,Indiana Pacers,21500709,2016-01-30T00:00:00,IND vs. DEN,W,12.6,2.0,0.0,0.0,0.0,4.0,4.0,6.0,10.0,0.0,0.0,0.0,0.0,12.1,1,1,1,1,21218,6026,10158,9917,18861,6141,8458,13388,20209,8004,1,1,18762,17639,1.0,12:35,2015,2016
2015-16,202694,Marcus Morris Sr.,Marcus,1610612765,DET,Detroit Pistons,21500708,2016-01-30T00:00:00,DET @ TOR,L,34.4,2.0,0.0,0.0,6.0,16.0,10.0,9.0,34.0,1.0,0.0,0.0,1.0,26.6,1,13074,13074,13074,4049,6026,10158,9917,5299,23774,20509,18829,2701,2692,1,1,12373,7566,1.0,34:22,2015,2016
2015-16,201568,Danilo Gallinari,Danilo,1610612743,DEN,Denver Nuggets,21500709,2016-01-30T00:00:00,DEN @ IND,L,41.1,4.0,4.0,2.0,6.0,14.0,13.0,4.0,34.0,0.0,2.0,0.0,5.0,30.6,1,13074,13074,13074,478,2460,1596,4675,5299,22292,23668,8806,2701,8004,23588,1,1539,5574,1.0,41:03,2015,2016
2015-16,202681,Kyrie Irving,Kyrie,1610612739,CLE,Cleveland Cavaliers,21500713,2016-01-30T00:00:00,CLE vs. SAS,W,36.5,2.0,0.0,2.0,14.0,8.0,7.0,2.0,40.0,0.0,1.0,2.0,4.0,36.2,1,1,1,1,2409,6026,10158,4675,542,13914,15642,4025,983,8004,17214,11390,2748,3407,1.0,36:29,2015,2016
2015-16,202687,Bismack Biyombo,Bismack,1610612761,TOR,Toronto Raptors,21500708,2016-01-30T00:00:00,TOR vs. DET,W,21.2,2.0,0.0,2.0,2.0,4.0,10.0,4.0,10.0,3.0,2.0,2.0,6.0,36.6,1,1,1,1,14916,6026,10158,4675,12984,6141,20509,8806,20209,347,23588,11390,873,3288,1.0,21:11,2015,2016
2015-16,101162,Marcin Gortat,Marcin,1610612764,WAS,Washington Wizards,21500711,2016-01-30T00:00:00,WAS @ HOU,W,27.1,1.0,2.0,0.0,8.0,11.0,5.0,10.0,26.0,2.0,0.0,3.0,4.0,36.2,1,1,1,1,9974,11535,4731,9917,3109,18886,11469,20169,7214,932,1,17641,2748,3407,1.0,27:03,2015,2016
2015-16,2772,Trevor Ariza,Trevor,1610612745,HOU,Houston Rockets,21500711,2016-01-30T00:00:00,HOU vs. WAS,L,35.7,3.0,3.0,5.0,4.0,5.0,14.0,10.0,34.0,0.0,2.0,0.0,2.0,29.9,1,13074,13074,13074,2987,4307,3104,1277,8599,8403,24300,20169,2701,8004,23588,1,7786,5884,1.0,35:41,2015,2016
2015-16,201162,Jared Dudley,Jared,1610612764,WAS,Washington Wizards,21500711,2016-01-30T00:00:00,WAS @ HOU,W,36.9,3.0,4.0,3.0,4.0,15.0,9.0,15.0,32.0,0.0,0.0,4.0,3.0,30.0,1,1,1,1,2129,4307,1596,3302,8599,23079,19144,24242,3535,8004,1,22104,4736,5840,1.0,36:55,2015,2016
2015-16,201943,Brandon Jennings,Brandon,1610612765,DET,Detroit Pistons,21500708,2016-01-30T00:00:00,DET @ TOR,L,21.8,8.0,0.0,2.0,2.0,6.0,7.0,9.0,14.0,1.0,1.0,3.0,2.0,35.8,1,13074,13074,13074,14365,308,10158,4675,12984,10028,15642,18829,17019,2692,17214,17641,7786,3541,1.0,21:46,2015,2016
2015-16,203937,Kyle Anderson,Kyle,1610612759,SAS,San Antonio Spurs,21500713,2016-01-30T00:00:00,SAS @ CLE,L,18.3,4.0,0.0,0.0,2.0,0.0,3.0,0.0,16.0,1.0,0.0,0.0,3.0,24.1,1,13074,13074,13074,17303,2460,10158,9917,12984,1,7138,1,15259,2692,1,1,4736,9068,1.0,18:15,2015,2016
2015-16,202326,DeMarcus Cousins,DeMarcus,1610612758,SAC,Sacramento Kings,21500712,2016-01-30T00:00:00,SAC @ MEM,L,30.7,3.0,2.0,6.0,4.0,16.0,2.0,12.0,20.0,2.0,4.0,2.0,9.0,44.3,1,13074,13074,13074,6988,4307,4731,740,8599,23774,3734,22259,11929,932,25926,11390,138,1499,1.0,30:39,2015,2016
2015-16,203999,Nikola Jokić,Nikola,1610612743,DEN,Denver Nuggets,21500709,2016-01-30T00:00:00,DEN @ IND,L,35.3,2.0,4.0,0.0,10.0,11.0,15.0,4.0,26.0,0.0,2.0,4.0,4.0,44.2,1,13074,13074,13074,3318,6026,1596,9917,1840,18886,24781,8806,7214,8004,23588,22104,2748,1515,1.0,35:18,2015,2016
2015-16,202066,Garrett Temple,Garrett,1610612764,WAS,Washington Wizards,21500711,2016-01-30T00:00:00,WAS @ HOU,W,34.2,2.0,2.0,2.0,4.0,13.0,9.0,13.0,30.0,0.0,0.0,6.0,3.0,24.8,1,1,1,1,4212,6026,4731,4675,8599,21300,19144,23048,4541,8004,1,25827,4736,8614,1.0,34:11,2015,2016
2015-16,201584,Courtney Lee,Courtney,1610612763,MEM,Memphis Grizzlies,21500712,2016-01-30T00:00:00,MEM vs. SAC,W,33.7,3.0,0.0,5.0,2.0,12.0,10.0,25.0,34.0,0.0,0.0,1.0,3.0,24.7,1,1,1,1,4579,4307,10158,1277,12984,20178,20509,25980,2701,8004,1,4972,4736,8673,1.0,33:43,2015,2016
2015-16,202397,Ish Smith,Ish,1610612755,PHI,Philadelphia 76ers,21500707,2016-01-30T00:00:00,PHI vs. GSW,L,35.3,5.0,2.0,6.0,12.0,9.0,15.0,13.0,44.0,0.0,0.0,1.0,3.0,46.5,1,13074,13074,13074,3298,1603,4731,740,988,15771,24781,23048,454,8004,1,4972,4736,1137,1.0,35:19,2015,2016
2015-16,201583,Ryan Anderson,Ryan,1610612740,NOP,New Orleans Pelicans,21500710,2016-01-30T00:00:00,NOP vs. BKN,W,25.9,9.0,5.0,3.0,2.0,12.0,7.0,0.0,34.0,1.0,0.0,2.0,2.0,47.7,1,1,1,1,10918,171,995,3302,12984,20178,15642,1,2701,2692,1,11390,7786,989,1.0,25:54,2015,2016
2015-16,203076,Anthony Davis,Anthony,1610612740,NOP,New Orleans Pelicans,21500710,2016-01-30T00:00:00,NOP vs. BKN,W,40.3,0.0,5.0,0.0,10.0,11.0,11.0,3.0,42.0,2.0,1.0,2.0,2.0,48.7,1,1,1,1,647,12059,995,9917,1840,18886,21814,7328,670,932,17214,11390,7786,890,1.0,40:19,2015,2016
2015-16,203484,Kentavious Caldwell-Pope,Kentavious,1610612765,DET,Detroit Pistons,21500708,2016-01-30T00:00:00,DET @ TOR,L,34.5,4.0,2.0,6.0,2.0,18.0,10.0,10.0,38.0,0.0,0.0,2.0,2.0,24.3,1,13074,13074,13074,3961,2460,4731,740,12984,24749,20509,20169,1422,8004,1,11390,7786,8939,1.0,34:29,2015,2016
2015-16,201144,Mike Conley,Mike,1610612763,MEM,Memphis Grizzlies,21500712,2016-01-30T00:00:00,MEM vs. SAC,W,30.1,0.0,0.0,0.0,4.0,9.0,10.0,19.0,20.0,0.0,0.0,3.0,4.0,24.3,1,1,1,1,7426,12059,10158,9917,8599,15771,20509,25435,11929,8004,1,17641,2748,8939,1.0,30:07,2015,2016
2015-16,201941,Jordan Hill,Jordan,1610612754,IND,Indiana Pacers,21500709,2016-01-30T00:00:00,IND vs. DEN,W,38.4,6.0,6.0,0.0,12.0,11.0,6.0,16.0,40.0,6.0,0.0,4.0,1.0,50.9,1,1,1,1,1348,878,481,9917,988,18886,13237,24641,983,19,1,22104,12373,664,1.0,38:22,2015,2016
2015-16,202331,Paul George,Paul,1610612754,IND,Indiana Pacers,21500709,2016-01-30T00:00:00,IND vs. DEN,W,39.4,3.0,0.0,0.0,2.0,13.0,8.0,14.0,40.0,0.0,0.0,5.0,1.0,29.1,1,1,1,1,920,4307,10158,9917,12984,21300,17345,23710,983,8004,1,24686,12373,6285,1.0,39:24,2015,2016
2015-16,203080,Thomas Robinson,Thomas,1610612751,BKN,Brooklyn Nets,21500710,2016-01-30T00:00:00,BKN @ NOP,L,15.2,0.0,2.0,0.0,8.0,3.0,6.0,5.0,14.0,1.0,1.0,2.0,2.0,24.1,1,13074,13074,13074,19626,12059,4731,9917,3109,5109,13237,11593,17019,2692,17214,11390,7786,9068,1.0,15:12,2015,2016
2015-16,201196,Ramon Sessions,Ramon,1610612764,WAS,Washington Wizards,21500711,2016-01-30T00:00:00,WAS @ HOU,W,18.1,2.0,0.0,6.0,6.0,8.0,8.0,9.0,10.0,0.0,1.0,3.0,6.0,24.1,1,1,1,1,17402,6026,10158,740,5299,13914,17345,18829,20209,8004,17214,17641,873,9068,1.0,18:08,2015,2016
2015-16,202322,John Wall,John,1610612764,WAS,Washington Wizards,21500711,2016-01-30T00:00:00,WAS @ HOU,W,35.7,2.0,0.0,5.0,8.0,10.0,6.0,15.0,34.0,2.0,2.0,4.0,3.0,53.1,1,1,1,1,2974,6026,10158,1277,3109,17370,13237,24242,2701,932,23588,22104,4736,513,1.0,35:42,2015,2016
2015-16,201954,Darren Collison,Darren,1610612758,SAC,Sacramento Kings,21500712,2016-01-30T00:00:00,SAC @ MEM,L,28.0,2.0,0.0,8.0,2.0,11.0,2.0,5.0,20.0,0.0,2.0,4.0,2.0,29.4,1,13074,13074,13074,9249,6026,10158,280,12984,18886,3734,11593,11929,8004,23588,22104,7786,6143,1.0,27:58,2015,2016
2015-16,2754,Tony Allen,Tony,1610612763,MEM,Memphis Grizzlies,21500712,2016-01-30T00:00:00,MEM vs. SAC,W,26.5,6.0,0.0,6.0,6.0,10.0,6.0,21.0,24.0,0.0,0.0,3.0,3.0,24.0,1,1,1,1,10422,878,10158,740,5299,17370,13237,25725,8723,8004,1,17641,4736,9121,1.0,26:32,2015,2016
2015-16,201188,Marc Gasol,Marc,1610612763,MEM,Memphis Grizzlies,21500712,2016-01-30T00:00:00,MEM vs. SAC,W,33.9,0.0,0.0,0.0,8.0,10.0,10.0,23.0,34.0,5.0,0.0,3.0,5.0,54.7,1,1,1,1,4406,12059,10158,9917,3109,17370,20509,25880,2701,59,1,17641,1539,406,1.0,33:56,2015,2016
2015-16,2544,LeBron James,LeBron,1610612739,CLE,Cleveland Cavaliers,21500713,2016-01-30T00:00:00,CLE vs. SAS,W,34.2,3.0,2.0,8.0,16.0,5.0,10.0,4.0,32.0,2.0,1.0,2.0,8.0,55.5,1,1,1,1,4226,4307,4731,280,275,8403,20509,8806,3535,932,17214,11390,254,375,1.0,34:09,2015,2016
2015-16,101145,Monta Ellis,Monta,1610612754,IND,Indiana Pacers,21500709,2016-01-30T00:00:00,IND vs. DEN,W,41.5,5.0,5.0,0.0,12.0,15.0,10.0,16.0,42.0,0.0,1.0,1.0,5.0,56.8,1,1,1,1,390,1603,995,9917,988,23079,20509,24641,670,8004,17214,4972,1539,323,1.0,41:28,2015,2016
2015-16,201935,James Harden,James,1610612745,HOU,Houston Rockets,21500711,2016-01-30T00:00:00,HOU vs. WAS,L,37.3,13.0,2.0,11.0,8.0,9.0,14.0,15.0,36.0,0.0,1.0,5.0,9.0,74.9,1,13074,13074,13074,1872,13,4731,69,3109,15771,24300,24242,1943,8004,17214,24686,138,19,1.0,37:20,2015,2016
2015-16,201572,Brook Lopez,Brook,1610612751,BKN,Brooklyn Nets,21500710,2016-01-30T00:00:00,BKN @ NOP,L,37.0,0.0,4.0,0.0,22.0,12.0,10.0,2.0,32.0,4.0,0.0,3.0,7.0,66.5,1,13074,13074,13074,2108,12059,1596,9917,25,20178,20509,4025,3535,132,1,17641,469,81,1.0,36:58,2015,2016
2015-16,201585,Kosta Koufos,Kosta,1610612758,SAC,Sacramento Kings,21500712,2016-01-30T00:00:00,SAC @ MEM,L,13.8,2.0,2.0,2.0,4.0,10.0,0.0,11.0,22.0,0.0,1.0,3.0,0.0,11.5,1,13074,13074,13074,20558,6026,4731,4675,8599,17370,1,21342,10265,8004,17214,17641,18762,18079,1.0,13:45,2015,2016
2015-16,201962,Toney Douglas,Toney,1610612740,NOP,New Orleans Pelicans,21500710,2016-01-30T00:00:00,NOP vs. BKN,W,15.3,0.0,0.0,0.0,0.0,7.0,7.0,2.0,18.0,0.0,1.0,0.0,1.0,7.5,1,1,1,1,19566,12059,10158,9917,18861,12242,15642,4025,13577,8004,17214,1,12373,20874,1.0,15:18,2015,2016
2015-16,101106,Andrew Bogut,Andrew,1610612744,GSW,Golden State Warriors,21500707,2016-01-30T00:00:00,GSW @ PHI,W,25.8,0.0,2.0,0.0,8.0,12.0,4.0,13.0,26.0,2.0,0.0,4.0,1.0,39.2,1,1,1,1,10993,12059,4731,9917,3109,20178,8458,23048,7214,932,1,22104,12373,2590,1.0,25:49,2015,2016
2015-16,203138,Hollis Thompson,Hollis,1610612755,PHI,Philadelphia 76ers,21500707,2016-01-30T00:00:00,PHI vs. GSW,L,24.8,5.0,2.0,5.0,6.0,9.0,2.0,7.0,28.0,1.0,0.0,0.0,0.0,22.4,1,13074,13074,13074,11875,1603,4731,1277,5299,15771,3734,15538,5824,2692,1,1,18762,10131,1.0,24:45,2015,2016
2015-16,201152,Thaddeus Young,Thaddeus,1610612751,BKN,Brooklyn Nets,21500710,2016-01-30T00:00:00,BKN @ NOP,L,34.1,2.0,2.0,0.0,10.0,12.0,10.0,2.0,30.0,0.0,2.0,1.0,1.0,32.6,1,13074,13074,13074,4265,6026,4731,9917,1840,20178,20509,4025,4541,8004,23588,4972,12373,4687,1.0,34:06,2015,2016
2015-16,201147,Corey Brewer,Corey,1610612745,HOU,Houston Rockets,21500711,2016-01-30T00:00:00,HOU vs. WAS,L,29.5,2.0,0.0,0.0,2.0,8.0,10.0,11.0,32.0,1.0,0.0,2.0,2.0,13.6,1,13074,13074,13074,7975,6026,10158,9917,12984,13914,20509,21342,3535,2692,1,11390,7786,16460,1.0,29:30,2015,2016
2015-16,203083,Andre Drummond,Andre,1610612765,DET,Detroit Pistons,21500708,2016-01-30T00:00:00,DET @ TOR,L,27.7,0.0,4.0,0.0,10.0,12.0,8.0,6.0,34.0,2.0,0.0,6.0,6.0,31.9,1,13074,13074,13074,9441,12059,1596,9917,1840,20178,17345,13388,2701,932,1,25827,873,4984,1.0,27:43,2015,2016
2015-16,1626214,Bryce Dejean-Jones,Bryce,1610612740,NOP,New Orleans Pelicans,21500710,2016-01-30T00:00:00,NOP vs. BKN,W,36.0,0.0,2.0,0.0,4.0,8.0,6.0,3.0,36.0,0.0,1.0,2.0,2.0,22.3,1,1,1,1,2786,12059,4731,9917,8599,13914,13237,7328,1943,8004,17214,11390,7786,10208,1.0,35:58,2015,2016
2015-16,202704,Reggie Jackson,Reggie,1610612765,DET,Detroit Pistons,21500708,2016-01-30T00:00:00,DET @ TOR,L,28.0,0.0,0.0,2.0,6.0,12.0,8.0,7.0,32.0,0.0,0.0,3.0,4.0,17.7,1,13074,13074,13074,9239,12059,10158,4675,5299,20178,17345,15538,3535,8004,1,17641,2748,13380,1.0,27:59,2015,2016
2015-16,202684,Tristan Thompson,Tristan,1610612739,CLE,Cleveland Cavaliers,21500713,2016-01-30T00:00:00,CLE vs. SAS,W,34.7,2.0,4.0,4.0,6.0,7.0,10.0,7.0,38.0,1.0,0.0,1.0,5.0,21.9,1,1,1,1,3778,6026,1596,1913,5299,12242,20509,15538,1422,2692,1,4972,1539,10460,1.0,34:42,2015,2016
2015-16,203496,Robert Covington,Robert,1610612755,PHI,Philadelphia 76ers,21500707,2016-01-30T00:00:00,PHI vs. GSW,L,35.8,2.0,2.0,2.0,6.0,4.0,11.0,11.0,42.0,1.0,1.0,2.0,0.0,38.1,1,13074,13074,13074,2868,6026,4731,4675,5299,6141,21814,21342,670,2692,17214,11390,18762,2879,1.0,35:50,2015,2016
2015-16,2747,JR Smith,JR,1610612739,CLE,Cleveland Cavaliers,21500713,2016-01-30T00:00:00,CLE vs. SAS,W,25.7,0.0,0.0,0.0,0.0,5.0,10.0,5.0,30.0,0.0,0.0,3.0,0.0,14.1,1,1,1,1,11075,12059,10158,9917,18861,8403,20509,11593,4541,8004,1,17641,18762,16094,1.0,25:45,2015,2016
2015-16,203914,Gary Harris,Gary,1610612743,DEN,Denver Nuggets,21500709,2016-01-30T00:00:00,DEN @ IND,L,35.7,3.0,0.0,6.0,6.0,14.0,13.0,4.0,32.0,1.0,1.0,5.0,2.0,27.7,1,13074,13074,13074,2988,4307,10158,740,5299,22292,23668,8806,3535,2692,17214,24686,7786,7008,1.0,35:41,2015,2016
2015-16,203477,Isaiah Canaan,Isaiah,1610612755,PHI,Philadelphia 76ers,21500707,2016-01-30T00:00:00,PHI vs. GSW,L,30.1,0.0,3.0,0.0,0.0,2.0,4.0,11.0,40.0,0.0,1.0,0.0,3.0,37.8,1,13074,13074,13074,7496,12059,3104,9917,18861,2619,8458,21342,983,8004,17214,1,4736,2956,1.0,30:03,2015,2016
2015-16,200765,Rajon Rondo,Rajon,1610612758,SAC,Sacramento Kings,21500712,2016-01-30T00:00:00,SAC @ MEM,L,31.9,2.0,0.0,6.0,10.0,19.0,0.0,21.0,38.0,0.0,0.0,6.0,1.0,33.2,1,13074,13074,13074,5973,6026,10158,740,1840,25074,1,25725,1422,8004,1,25827,12373,4462,1.0,31:54,2015,2016
2015-16,202685,Jonas Valančiūnas,Jonas,1610612761,TOR,Toronto Raptors,21500708,2016-01-30T00:00:00,TOR vs. DET,W,26.8,1.0,1.0,0.0,2.0,16.0,5.0,12.0,26.0,0.0,0.0,3.0,6.0,16.8,1,1,1,1,10166,11535,9709,9917,12984,23774,11469,22259,7214,8004,1,17641,873,13996,1.0,26:50,2015,2016
2015-16,201939,Stephen Curry,Stephen,1610612744,GSW,Golden State Warriors,21500707,2016-01-30T00:00:00,GSW @ PHI,W,34.2,0.0,3.0,5.0,8.0,18.0,9.0,17.0,36.0,2.0,1.0,3.0,0.0,39.0,1,1,1,1,4190,12059,3104,1277,3109,24749,19144,24967,1943,932,17214,17641,18762,2642,1.0,34:12,2015,2016
2015-16,202695,Kawhi Leonard,Kawhi,1610612759,SAS,San Antonio Spurs,21500713,2016-01-30T00:00:00,SAS @ CLE,L,35.2,4.0,3.0,0.0,6.0,7.0,8.0,14.0,38.0,0.0,0.0,2.0,5.0,32.2,1,13074,13074,13074,3357,2460,3104,9917,5299,12242,17345,23710,1422,8004,1,11390,1539,4846,1.0,35:14,2015,2016
2015-16,200752,Rudy Gay,Rudy,1610612758,SAC,Sacramento Kings,21500712,2016-01-30T00:00:00,SAC @ MEM,L,38.1,0.0,4.0,0.0,2.0,13.0,0.0,15.0,38.0,1.0,0.0,1.0,5.0,38.9,1,13074,13074,13074,1486,12059,1596,9917,12984,21300,1,24242,1422,2692,1,4972,1539,2667,1.0,38:03,2015,2016
2015-16,201976,Patrick Beverley,Patrick,1610612745,HOU,Houston Rockets,21500711,2016-01-30T00:00:00,HOU vs. WAS,L,34.8,0.0,0.0,3.0,6.0,3.0,16.0,10.0,38.0,0.0,0.0,4.0,0.0,32.1,1,13074,13074,13074,3676,12059,10158,3302,5299,5109,25155,20169,1422,8004,1,22104,18762,4889,1.0,34:49,2015,2016
2015-16,2449,Luis Scola,Luis,1610612761,TOR,Toronto Raptors,21500708,2016-01-30T00:00:00,TOR vs. DET,W,22.7,2.0,2.0,2.0,6.0,16.0,3.0,12.0,20.0,0.0,1.0,2.0,1.0,17.2,1,1,1,1,13604,6026,4731,4675,5299,23774,7138,22259,11929,8004,17214,11390,12373,13725,1.0,22:42,2015,2016
2015-16,200746,LaMarcus Aldridge,LaMarcus,1610612759,SAS,San Antonio Spurs,21500713,2016-01-30T00:00:00,SAS @ CLE,L,26.0,0.0,2.0,0.0,6.0,7.0,9.0,12.0,28.0,0.0,0.0,3.0,2.0,17.4,1,13074,13074,13074,10813,12059,4731,9917,5299,12242,19144,22259,5824,8004,1,17641,7786,13595,1.0,26:02,2015,2016
2015-16,201578,Marreese Speights,Marreese,1610612744,GSW,Golden State Warriors,21500707,2016-01-30T00:00:00,GSW @ PHI,W,11.9,0.0,0.0,0.0,4.0,4.0,5.0,4.0,14.0,0.0,0.0,1.0,0.0,17.7,1,1,1,1,21644,12059,10158,9917,8599,6141,11469,8806,17019,8004,1,4972,18762,13380,1.0,11:53,2015,2016
2015-16,201961,Wayne Ellington,Wayne,1610612751,BKN,Brooklyn Nets,21500710,2016-01-30T00:00:00,BKN @ NOP,L,33.1,7.0,2.0,1.0,2.0,8.0,10.0,2.0,26.0,0.0,0.0,1.0,1.0,22.1,1,13074,13074,13074,5027,548,4731,9347,12984,13914,20509,4025,7214,8004,1,4972,12373,10332,1.0,33:07,2015,2016
2015-16,201956,Omri Casspi,Omri,1610612758,SAC,Sacramento Kings,21500712,2016-01-30T00:00:00,SAC @ MEM,L,26.7,2.0,4.0,2.0,8.0,18.0,2.0,10.0,22.0,0.0,0.0,3.0,3.0,25.9,1,13074,13074,13074,10287,6026,1596,4675,3109,24749,3734,20169,10265,8004,1,17641,4736,7960,1.0,26:41,2015,2016
2015-16,201951,Ty Lawson,Ty,1610612745,HOU,Houston Rockets,21500711,2016-01-30T00:00:00,HOU vs. WAS,L,18.8,0.0,0.0,0.0,2.0,3.0,10.0,3.0,18.0,0.0,0.0,2.0,2.0,9.7,1,13074,13074,13074,16904,12059,10158,9917,12984,5109,20509,7328,13577,8004,1,11390,7786,19379,1.0,18:46,2015,2016
2015-16,202691,Klay Thompson,Klay,1610612744,GSW,Golden State Warriors,21500707,2016-01-30T00:00:00,GSW @ PHI,W,32.9,11.0,6.0,2.0,18.0,16.0,2.0,15.0,30.0,0.0,1.0,1.0,0.0,33.9,1,1,1,1,5218,55,481,4675,131,23774,3734,24242,4541,8004,17214,4972,18762,4208,1.0,32:53,2015,2016
2015-16,2216,Zach Randolph,Zach,1610612763,MEM,Memphis Grizzlies,21500712,2016-01-30T00:00:00,MEM vs. SAC,W,24.7,0.0,0.0,0.0,6.0,8.0,4.0,17.0,26.0,0.0,0.0,3.0,1.0,19.0,1,1,1,1,11970,12059,10158,9917,5299,13914,8458,24967,7214,8004,1,17641,12373,12440,1.0,24:39,2015,2016
2015-16,1626144,Emmanuel Mudiay,Emmanuel,1610612743,DEN,Denver Nuggets,21500709,2016-01-30T00:00:00,DEN @ IND,L,36.6,0.0,0.0,2.0,4.0,14.0,13.0,4.0,32.0,0.0,2.0,2.0,3.0,25.0,1,13074,13074,13074,2347,12059,10158,4675,8599,22292,23668,8806,3535,8004,23588,11390,4736,8485,1.0,36:35,2015,2016
2015-16,201949,James Johnson,James,1610612761,TOR,Toronto Raptors,21500708,2016-01-30T00:00:00,TOR vs. DET,W,21.4,3.0,4.0,0.0,6.0,9.0,2.0,8.0,16.0,0.0,0.0,2.0,1.0,25.4,1,1,1,1,14708,4307,1596,9917,5299,15771,3734,17194,15259,8004,1,11390,12373,8273,1.0,21:23,2015,2016
2015-16,200768,Kyle Lowry,Kyle,1610612761,TOR,Toronto Raptors,21500708,2016-01-30T00:00:00,TOR vs. DET,W,39.6,2.0,2.0,5.0,4.0,18.0,13.0,14.0,36.0,0.0,1.0,4.0,7.0,34.6,1,1,1,1,857,6026,4731,1277,8599,24749,23668,23710,1943,8004,17214,22104,469,3963,1.0,39:35,2015,2016
2015-16,1626167,Myles Turner,Myles,1610612754,IND,Indiana Pacers,21500709,2016-01-30T00:00:00,IND vs. DEN,W,40.2,2.0,0.0,0.0,2.0,15.0,8.0,16.0,42.0,4.0,0.0,4.0,10.0,34.3,1,1,1,1,689,6026,10158,9917,12984,23079,17345,24641,670,132,1,22104,76,4063,1.0,40:10,2015,2016
2015-16,203521,Matthew Dellavedova,Matthew,1610612739,CLE,Cleveland Cavaliers,21500713,2016-01-30T00:00:00,CLE vs. SAS,W,24.4,0.0,5.0,0.0,6.0,7.0,6.0,5.0,18.0,0.0,0.0,3.0,0.0,23.5,1,1,1,1,12191,12059,995,9917,5299,12242,13237,11593,13577,8004,1,17641,18762,9452,1.0,24:26,2015,2016
2015-16,201980,Danny Green,Danny,1610612759,SAS,San Antonio Spurs,21500713,2016-01-30T00:00:00,SAS @ CLE,L,23.4,0.0,0.0,2.0,2.0,7.0,7.0,10.0,28.0,0.0,0.0,1.0,0.0,10.1,1,13074,13074,13074,13077,12059,10158,4675,12984,12242,15642,20169,5824,8004,1,4972,18762,19105,1.0,23:21,2015,2016
2015-16,204456,T.J. McConnell,T.J.,1610612755,PHI,Philadelphia 76ers,21500707,2016-01-30T00:00:00,PHI vs. GSW,L,20.8,0.0,0.0,2.0,2.0,2.0,2.0,2.0,24.0,0.0,1.0,2.0,1.0,25.8,1,13074,13074,13074,15223,12059,10158,4675,12984,2619,3734,4025,8723,8004,17214,11390,12373,8022,1.0,20:48,2015,2016
2015-16,2733,Shaun Livingston,Shaun,1610612744,GSW,Golden State Warriors,21500707,2016-01-30T00:00:00,GSW @ PHI,W,16.3,0.0,0.0,0.0,2.0,4.0,2.0,6.0,14.0,0.0,0.0,0.0,0.0,10.2,1,1,1,1,18820,12059,10158,9917,12984,6141,3734,13388,17019,8004,1,1,18762,19003,1.0,16:18,2015,2016
2015-16,202388,Donald Sloan,Donald,1610612751,BKN,Brooklyn Nets,21500710,2016-01-30T00:00:00,BKN @ NOP,L,21.9,0.0,0.0,0.0,0.0,3.0,3.0,2.0,18.0,0.0,2.0,0.0,3.0,10.1,1,13074,13074,13074,14258,12059,10158,9917,18861,5109,7138,4025,13577,8004,23588,1,4736,19105,1.0,21:54,2015,2016
2015-16,203546,Ian Clark,Ian,1610612744,GSW,Golden State Warriors,21500707,2016-01-30T00:00:00,GSW @ PHI,W,15.0,0.0,2.0,0.0,4.0,2.0,4.0,4.0,12.0,1.0,0.0,1.0,2.0,9.7,1,1,1,1,19752,12059,4731,9917,8599,2619,8458,8806,18637,2692,1,4972,7786,19379,1.0,15:00,2015,2016
2015-16,2225,Tony Parker,Tony,1610612759,SAS,San Antonio Spurs,21500713,2016-01-30T00:00:00,SAS @ CLE,L,24.3,1.0,0.0,2.0,8.0,4.0,6.0,10.0,26.0,0.0,1.0,1.0,2.0,23.8,1,13074,13074,13074,12315,11535,10158,4675,3109,6141,13237,20169,7214,8004,17214,4972,7786,9261,1.0,24:17,2015,2016
2015-16,201950,Jrue Holiday,Jrue,1610612740,NOP,New Orleans Pelicans,21500710,2016-01-30T00:00:00,NOP vs. BKN,W,23.5,2.0,0.0,0.0,10.0,12.0,7.0,0.0,32.0,0.0,1.0,3.0,3.0,33.5,1,1,1,1,12966,6026,10158,9917,1840,20178,15642,1,3535,8004,17214,17641,4736,4348,1.0,23:30,2015,2016
2015-16,203994,Jusuf Nurkić,Jusuf,1610612743,DEN,Denver Nuggets,21500709,2016-01-30T00:00:00,DEN @ IND,L,16.9,0.0,0.0,0.0,4.0,4.0,2.0,2.0,14.0,2.0,0.0,2.0,4.0,18.9,1,13074,13074,13074,18383,12059,10158,9917,8599,6141,3734,4025,17019,932,1,11390,2748,12513,1.0,16:51,2015,2016
2015-16,1713,Vince Carter,Vince,1610612763,MEM,Memphis Grizzlies,21500712,2016-01-30T00:00:00,MEM vs. SAC,W,14.3,3.0,0.0,3.0,4.0,3.0,8.0,8.0,8.0,0.0,0.0,1.0,1.0,14.2,1,1,1,1,20199,4307,10158,3302,8599,5109,17345,17194,21543,8004,1,4972,12373,16003,1.0,14:21,2015,2016
2015-16,203524,Solomon Hill,Solomon,1610612754,IND,Indiana Pacers,21500709,2016-01-30T00:00:00,IND vs. DEN,W,11.2,0.0,0.0,0.0,2.0,4.0,4.0,2.0,6.0,0.0,0.0,0.0,2.0,14.7,1,1,1,1,21954,12059,10158,9917,12984,6141,8458,4025,22724,8004,1,1,7786,15631,1.0,11:10,2015,2016
2015-16,2400,Drew Gooden,Drew,1610612764,WAS,Washington Wizards,21500711,2016-01-30T00:00:00,WAS @ HOU,W,11.1,0.0,2.0,0.0,2.0,3.0,5.0,6.0,8.0,0.0,0.0,0.0,0.0,10.0,1,1,1,1,21999,12059,4731,9917,12984,5109,11469,13388,21543,8004,1,1,18762,19178,1.0,11:05,2015,2016
2015-16,2207,Joe Johnson,Joe,1610612751,BKN,Brooklyn Nets,21500710,2016-01-30T00:00:00,BKN @ NOP,L,34.7,2.0,0.0,0.0,2.0,12.0,8.0,2.0,30.0,0.0,1.0,0.0,0.0,24.9,1,13074,13074,13074,3778,6026,10158,9917,12984,20178,17345,4025,4541,8004,17214,1,18762,8553,1.0,34:42,2015,2016
2015-16,202708,Norris Cole,Norris,1610612740,NOP,New Orleans Pelicans,21500710,2016-01-30T00:00:00,NOP vs. BKN,W,30.2,2.0,0.0,0.0,6.0,7.0,8.0,3.0,34.0,0.0,0.0,3.0,0.0,18.9,1,1,1,1,7383,6026,10158,9917,5299,12242,17345,7328,2701,8004,1,17641,18762,12513,1.0,30:10,2015,2016
2015-16,202709,Cory Joseph,Cory,1610612761,TOR,Toronto Raptors,21500708,2016-01-30T00:00:00,TOR vs. DET,W,27.8,2.0,0.0,0.0,10.0,8.0,11.0,10.0,16.0,0.0,1.0,2.0,3.0,23.4,1,1,1,1,9420,6026,10158,9917,1840,13914,21814,20169,15259,8004,17214,11390,4736,9501,1.0,27:45,2015,2016
2015-16,200745,Andrea Bargnani,Andrea,1610612751,BKN,Brooklyn Nets,21500710,2016-01-30T00:00:00,BKN @ NOP,L,9.8,0.0,0.0,0.0,0.0,3.0,2.0,5.0,12.0,0.0,0.0,2.0,1.0,2.7,1,13074,13074,13074,22543,12059,10158,9917,18861,5109,3734,11593,18637,8004,1,11390,12373,23884,1.0,9:45,2015,2016
2015-16,203960,JaKarr Sampson,JaKarr,1610612755,PHI,Philadelphia 76ers,21500707,2016-01-30T00:00:00,PHI vs. GSW,L,3.7,0.0,0.0,0.0,0.0,0.0,2.0,0.0,2.0,0.0,1.0,0.0,0.0,2.4,1,13074,13074,13074,24814,12059,10158,9917,18861,1,3734,1,24614,8004,17214,1,18762,24024,1.0,3:44,2015,2016
2015-16,2210,Richard Jefferson,Richard,1610612739,CLE,Cleveland Cavaliers,21500713,2016-01-30T00:00:00,CLE vs. SAS,W,12.7,0.0,0.0,0.0,0.0,4.0,3.0,3.0,12.0,0.0,0.0,2.0,0.0,8.1,1,1,1,1,21175,12059,10158,9917,18861,6141,7138,7328,18637,8004,1,11390,18762,20521,1.0,12:39,2015,2016
2015-16,202390,Gary Neal,Gary,1610612764,WAS,Washington Wizards,21500711,2016-01-30T00:00:00,WAS @ HOU,W,16.4,0.0,2.0,0.0,4.0,7.0,7.0,8.0,14.0,0.0,0.0,0.0,1.0,13.2,1,1,1,1,18718,12059,4731,9917,8599,12242,15642,17194,17019,8004,1,1,12373,16768,1.0,16:26,2015,2016
2015-16,203924,Jerami Grant,Jerami,1610612755,PHI,Philadelphia 76ers,21500707,2016-01-30T00:00:00,PHI vs. GSW,L,20.0,0.0,0.0,4.0,6.0,9.0,11.0,6.0,26.0,1.0,2.0,0.0,3.0,20.7,1,13074,13074,13074,15919,12059,10158,1913,5299,15771,21814,13388,7214,2692,23588,1,4736,11252,1.0,19:60,2015,2016
2015-16,203991,Clint Capela,Clint,1610612745,HOU,Houston Rockets,21500711,2016-01-30T00:00:00,HOU vs. WAS,L,17.4,0.0,0.0,0.0,0.0,5.0,8.0,10.0,22.0,2.0,1.0,4.0,4.0,12.8,1,13074,13074,13074,17958,12059,10158,9917,18861,8403,17345,20169,10265,932,17214,22104,2748,17129,1.0,17:25,2015,2016
2015-16,203463,Ben McLemore,Ben,1610612758,SAC,Sacramento Kings,21500712,2016-01-30T00:00:00,SAC @ MEM,L,26.3,0.0,2.0,1.0,0.0,19.0,2.0,16.0,30.0,0.0,0.0,2.0,3.0,13.2,1,13074,13074,13074,10564,12059,4731,9347,18861,25074,3734,24641,4541,8004,1,11390,4736,16768,1.0,26:21,2015,2016
2015-16,2561,David West,David,1610612759,SAS,San Antonio Spurs,21500713,2016-01-30T00:00:00,SAS @ CLE,L,23.8,2.0,2.0,0.0,6.0,4.0,4.0,12.0,26.0,0.0,0.0,2.0,2.0,13.1,1,13074,13074,13074,12758,6026,4731,9917,5299,6141,8458,22259,7214,8004,1,11390,7786,16874,1.0,23:47,2015,2016
2015-16,201596,Mario Chalmers,Mario,1610612763,MEM,Memphis Grizzlies,21500712,2016-01-30T00:00:00,MEM vs. SAC,W,17.9,0.0,2.0,1.0,4.0,4.0,8.0,12.0,20.0,0.0,1.0,2.0,3.0,20.9,1,1,1,1,17604,12059,4731,9347,8599,6141,17345,22259,11929,8004,17214,11390,4736,11132,1.0,17:53,2015,2016
2015-16,201575,Brandon Rush,Brandon,1610612744,GSW,Golden State Warriors,21500707,2016-01-30T00:00:00,GSW @ PHI,W,10.9,0.0,0.0,0.0,0.0,4.0,9.0,4.0,14.0,1.0,0.0,0.0,0.0,8.1,1,1,1,1,22062,12059,10158,9917,18861,6141,19144,8806,17019,2692,1,1,18762,20521,1.0,10:56,2015,2016
2015-16,101139,CJ Miles,CJ,1610612754,IND,Indiana Pacers,21500709,2016-01-30T00:00:00,IND vs. DEN,W,13.6,0.0,0.0,0.0,2.0,4.0,4.0,6.0,10.0,0.0,0.0,1.0,0.0,2.4,1,1,1,1,20638,12059,10158,9917,12984,6141,8458,13388,20209,8004,1,4972,18762,24024,1.0,13:36,2015,2016
2015-16,203490,Otto Porter Jr.,Otto,1610612764,WAS,Washington Wizards,21500711,2016-01-30T00:00:00,WAS @ HOU,W,12.0,0.0,4.0,0.0,2.0,3.0,0.0,0.0,12.0,0.0,0.0,0.0,0.0,12.6,1,1,1,1,21527,12059,1596,9917,12984,5109,1,1,18637,8004,1,1,18762,17277,1.0,12:01,2015,2016
2015-16,2746,Josh Smith,Josh,1610612745,HOU,Houston Rockets,21500711,2016-01-30T00:00:00,HOU vs. WAS,L,17.3,0.0,2.0,0.0,2.0,8.0,4.0,9.0,18.0,0.0,0.0,2.0,0.0,16.3,1,13074,13074,13074,18080,12059,4731,9917,12984,13914,8458,18829,13577,8004,1,11390,18762,14372,1.0,17:15,2015,2016
2015-16,1626246,Boban Marjanović,Boban,1610612759,SAS,San Antonio Spurs,21500713,2016-01-30T00:00:00,SAS @ CLE,L,10.0,0.0,1.0,0.0,0.0,0.0,0.0,0.0,8.0,0.0,0.0,1.0,2.0,8.1,1,13074,13074,13074,22441,12059,9709,9917,18861,1,1,1,21543,8004,1,4972,7786,20521,1.0,10:00,2015,2016
2015-16,1891,Jason Terry,Jason,1610612745,HOU,Houston Rockets,21500711,2016-01-30T00:00:00,HOU vs. WAS,L,15.0,0.0,3.0,0.0,0.0,8.0,4.0,7.0,12.0,0.0,0.0,2.0,0.0,7.7,1,13074,13074,13074,19761,12059,3104,9917,18861,13914,8458,15538,18637,8004,1,11390,18762,20733,1.0,14:59,2015,2016
2015-16,203613,Jonathon Simmons,Jonathon,1610612759,SAS,San Antonio Spurs,21500713,2016-01-30T00:00:00,SAS @ CLE,L,18.3,0.0,2.0,0.0,8.0,3.0,5.0,0.0,20.0,1.0,0.0,3.0,2.0,16.4,1,13074,13074,13074,17234,12059,4731,9917,3109,5109,11469,1,11929,2692,1,17641,7786,14289,1.0,18:20,2015,2016
2015-16,203078,Bradley Beal,Bradley,1610612764,WAS,Washington Wizards,21500711,2016-01-30T00:00:00,WAS @ HOU,W,29.5,0.0,2.0,0.0,4.0,13.0,12.0,21.0,22.0,0.0,0.0,2.0,0.0,18.6,1,1,1,1,7961,12059,4731,9917,8599,21300,22832,25725,10265,8004,1,11390,18762,12715,1.0,29:31,2015,2016
2015-16,2749,Jameer Nelson,Jameer,1610612743,DEN,Denver Nuggets,21500709,2016-01-30T00:00:00,DEN @ IND,L,16.4,0.0,0.0,0.0,0.0,4.0,4.0,2.0,10.0,0.0,0.0,1.0,0.0,8.1,1,13074,13074,13074,18720,12059,10158,9917,18861,6141,8458,4025,20209,8004,1,4972,18762,20521,1.0,16:25,2015,2016
2015-16,2440,Matt Barnes,Matt,1610612763,MEM,Memphis Grizzlies,21500712,2016-01-30T00:00:00,MEM vs. SAC,W,21.6,0.0,0.0,0.0,0.0,3.0,12.0,8.0,10.0,2.0,1.0,5.0,0.0,18.6,1,1,1,1,14550,12059,10158,9917,18861,5109,22832,17194,20209,932,17214,24686,18762,12715,1.0,21:33,2015,2016
2015-16,1938,Manu Ginobili,Manu,1610612759,SAS,San Antonio Spurs,21500713,2016-01-30T00:00:00,SAS @ CLE,L,17.9,0.0,3.0,3.0,0.0,0.0,4.0,4.0,22.0,0.0,3.0,3.0,1.0,12.9,1,13074,13074,13074,17632,12059,3104,3302,18861,1,8458,8806,10265,8004,25441,17641,12373,17049,1.0,17:51,2015,2016
2015-16,203093,Terrence Jones,Terrence,1610612745,HOU,Houston Rockets,21500711,2016-01-30T00:00:00,HOU vs. WAS,L,5.7,0.0,2.0,0.0,2.0,0.0,2.0,3.0,6.0,0.0,1.0,0.0,0.0,2.0,1,13074,13074,13074,24081,12059,4731,9917,12984,1,3734,7328,22724,8004,17214,1,18762,24216,1.0,5:44,2015,2016
2015-16,202730,Lavoy Allen,Lavoy,1610612754,IND,Indiana Pacers,21500709,2016-01-30T00:00:00,IND vs. DEN,W,16.3,0.0,4.0,0.0,4.0,4.0,6.0,6.0,12.0,0.0,1.0,3.0,0.0,11.2,1,1,1,1,18820,12059,1596,9917,8599,6141,13237,13388,18637,8004,17214,17641,18762,18267,1.0,16:18,2015,2016
2015-16,1626199,Darrun Hilliard,Darrun,1610612765,DET,Detroit Pistons,21500708,2016-01-30T00:00:00,DET @ TOR,L,10.0,2.0,0.0,0.0,2.0,0.0,5.0,0.0,6.0,0.0,0.0,3.0,0.0,10.9,1,13074,13074,13074,22421,6026,10158,9917,12984,1,11469,1,22724,8004,1,17641,18762,18498,1.0,10:02,2015,2016
2015-16,201229,Anthony Tolliver,Anthony,1610612765,DET,Detroit Pistons,21500708,2016-01-30T00:00:00,DET @ TOR,L,35.3,0.0,2.0,0.0,2.0,10.0,15.0,8.0,40.0,0.0,0.0,3.0,0.0,6.4,1,13074,13074,13074,3315,12059,4731,9917,12984,17370,24781,17194,983,8004,1,17641,18762,21589,1.0,35:18,2015,2016
2015-16,202335,Patrick Patterson,Patrick,1610612761,TOR,Toronto Raptors,21500708,2016-01-30T00:00:00,TOR vs. DET,W,25.2,0.0,0.0,0.0,2.0,4.0,10.0,4.0,16.0,0.0,0.0,1.0,0.0,6.4,1,1,1,1,11527,12059,10158,9917,12984,6141,20509,8806,15259,8004,1,4972,18762,21589,1.0,25:12,2015,2016
2015-16,203917,Nik Stauskas,Nik,1610612755,PHI,Philadelphia 76ers,21500707,2016-01-30T00:00:00,PHI vs. GSW,L,21.5,2.0,0.0,0.0,2.0,9.0,13.0,10.0,34.0,0.0,0.0,0.0,0.0,11.0,1,13074,13074,13074,14576,6026,10158,9917,12984,15771,23668,20169,2701,8004,1,1,18762,18430,1.0,21:31,2015,2016
2015-16,202697,Iman Shumpert,Iman,1610612739,CLE,Cleveland Cavaliers,21500713,2016-01-30T00:00:00,CLE vs. SAS,W,27.7,0.0,0.0,0.0,2.0,6.0,8.0,2.0,20.0,0.0,0.0,2.0,1.0,11.0,1,1,1,1,9469,12059,10158,9917,12984,10028,17345,4025,11929,8004,1,11390,12373,18430,1.0,27:41,2015,2016
2015-16,201988,Patty Mills,Patty,1610612759,SAS,San Antonio Spurs,21500713,2016-01-30T00:00:00,SAS @ CLE,L,20.9,0.0,0.0,0.0,2.0,3.0,5.0,4.0,26.0,0.0,0.0,3.0,1.0,6.0,1,13074,13074,13074,15140,12059,10158,9917,12984,5109,11469,8806,7214,8004,1,17641,12373,21878,1.0,20:54,2015,2016
2015-16,1626161,Willie Cauley-Stein,Willie,1610612758,SAC,Sacramento Kings,21500712,2016-01-30T00:00:00,SAC @ MEM,L,16.0,0.0,0.0,0.0,2.0,13.0,0.0,12.0,24.0,0.0,1.0,3.0,1.0,11.0,1,13074,13074,13074,19073,12059,10158,9917,12984,21300,1,22259,8723,8004,17214,17641,12373,18430,1.0,15:57,2015,2016
2015-16,200745,Andrea Bargnani,Andrea,1610612751,BKN,Brooklyn Nets,21500702,2016-01-29T00:00:00,BKN @ DAL,L,11.4,0.0,0.0,0.0,0.0,5.0,4.0,3.0,10.0,0.0,1.0,2.0,1.0,5.8,1,13074,13074,13074,21887,12059,10158,9917,18861,8403,8458,7328,20209,8004,17214,11390,12373,22018,1.0,11:21,2015,2016
2015-16,202711,Bojan Bogdanović,Bojan,1610612751,BKN,Brooklyn Nets,21500702,2016-01-29T00:00:00,BKN @ DAL,L,19.4,0.0,0.0,0.0,0.0,5.0,7.0,3.0,12.0,0.0,1.0,2.0,0.0,1.2,1,13074,13074,13074,16399,12059,10158,9917,18861,8403,15642,7328,18637,8004,17214,11390,18762,24661,1.0,19:23,2015,2016
2015-16,203648,Thanasis Antetokounmpo,Thanasis,1610612752,NYK,New York Knicks,21500700,2016-01-29T00:00:00,NYK vs. PHX,W,2.2,0.0,0.0,0.0,2.0,2.0,2.0,0.0,2.0,0.0,0.0,1.0,0.0,2.0,1,1,1,1,25453,12059,10158,9917,12984,2619,3734,1,24614,8004,1,4972,18762,24216,1.0,2:11,2015,2016
2015-16,203898,Tyler Ennis,Tyler,1610612749,MIL,Milwaukee Bucks,21500703,2016-01-29T00:00:00,MIL vs. MIA,L,5.7,0.0,0.0,0.0,0.0,4.0,4.0,2.0,6.0,0.0,0.0,2.0,0.0,1.9,1,13074,13074,13074,24090,12059,10158,9917,18861,6141,8458,4025,22724,8004,1,11390,18762,24429,1.0,5:43,2015,2016
2015-16,1626170,Jerian Grant,Jerian,1610612752,NYK,New York Knicks,21500700,2016-01-29T00:00:00,NYK vs. PHX,W,21.2,0.0,0.0,0.0,2.0,8.0,4.0,4.0,20.0,0.0,0.0,1.0,1.0,10.6,1,1,1,1,14862,12059,10158,9917,12984,13914,8458,8806,11929,8004,1,4972,12373,18723,1.0,21:13,2015,2016
2015-16,1626257,Salah Mejri,Salah,1610612742,DAL,Dallas Mavericks,21500702,2016-01-29T00:00:00,DAL vs. BKN,W,9.4,1.0,2.0,0.0,4.0,2.0,4.0,2.0,4.0,0.0,0.0,2.0,2.0,10.6,1,1,1,1,22656,11535,4731,9917,8599,2619,8458,4025,23698,8004,1,11390,7786,18723,1.0,9:26,2015,2016
2015-16,203143,Pablo Prigioni,Pablo,1610612746,LAC,LA Clippers,21500706,2016-01-29T00:00:00,LAC vs. LAL,W,17.0,0.0,0.0,0.0,0.0,4.0,5.0,5.0,14.0,0.0,0.0,1.0,1.0,1.9,1,1,1,1,18307,12059,10158,9917,18861,6141,11469,11593,17019,8004,1,4972,12373,24429,1.0,16:57,2015,2016
2015-16,203462,Archie Goodwin,Archie,1610612756,PHX,Phoenix Suns,21500700,2016-01-29T00:00:00,PHX @ NYK,L,23.3,0.0,0.0,2.0,6.0,12.0,4.0,7.0,20.0,0.0,4.0,0.0,2.0,11.0,1,13074,13074,13074,13109,12059,10158,4675,5299,20178,8458,15538,11929,8004,25926,1,7786,18430,1.0,23:19,2015,2016
2015-16,201965,Jeff Ayres,Jeff,1610612746,LAC,LA Clippers,21500706,2016-01-29T00:00:00,LAC vs. LAL,W,2.4,0.0,0.0,0.0,0.0,0.0,5.0,0.0,2.0,2.0,0.0,0.0,0.0,6.0,1,1,1,1,25364,12059,10158,9917,18861,1,11469,1,24614,932,1,1,18762,21878,1.0,2:26,2015,2016
2015-16,203952,Andrew Wiggins,Andrew,1610612750,MIN,Minnesota Timberwolves,21500704,2016-01-29T00:00:00,MIN @ UTA,L,35.7,2.0,0.0,1.0,2.0,8.0,12.0,10.0,40.0,0.0,1.0,2.0,3.0,11.0,1,13074,13074,13074,3011,6026,10158,9347,12984,13914,22832,20169,983,8004,17214,11390,4736,18430,1.0,35:39,2015,2016
2015-16,201202,Joel Anthony,Joel,1610612765,DET,Detroit Pistons,21500699,2016-01-29T00:00:00,DET vs. CLE,L,2.3,0.0,0.0,0.0,0.0,0.0,0.0,0.0,0.0,0.0,0.0,1.0,0.0,1.2,1,13074,13074,13074,25433,12059,10158,9917,18861,1,1,1,25429,8004,1,4972,18762,24661,1.0,2:16,2015,2016
2015-16,1626168,Trey Lyles,Trey,1610612762,UTA,Utah Jazz,21500704,2016-01-29T00:00:00,UTA vs. MIN,W,4.3,0.0,0.0,0.0,0.0,2.0,0.0,7.0,10.0,0.0,0.0,0.0,0.0,1.5,1,1,1,1,24616,12059,10158,9917,18861,2619,1,15538,20209,8004,1,1,18762,24473,1.0,4:18,2015,2016
2015-16,203481,Jeff Withey,Jeff,1610612762,UTA,Utah Jazz,21500704,2016-01-29T00:00:00,UTA vs. MIN,W,3.0,0.0,0.0,0.0,0.0,2.0,2.0,0.0,0.0,0.0,0.0,1.0,0.0,1.5,1,1,1,1,25110,12059,10158,9917,18861,2619,3734,1,25429,8004,1,4972,18762,24473,1.0,3:02,2015,2016
2015-16,203187,Chris Johnson,Chris,1610612762,UTA,Utah Jazz,21500704,2016-01-29T00:00:00,UTA vs. MIN,W,12.8,0.0,0.0,0.0,0.0,2.0,4.0,2.0,12.0,0.0,0.0,1.0,0.0,1.7,1,1,1,1,21080,12059,10158,9917,18861,2619,8458,4025,18637,8004,1,4972,18762,24436,1.0,12:49,2015,2016
2015-16,2419,Tayshaun Prince,Tayshaun,1610612750,MIN,Minnesota Timberwolves,21500704,2016-01-29T00:00:00,MIN @ UTA,L,25.6,0.0,0.0,0.0,0.0,11.0,3.0,8.0,16.0,1.0,0.0,2.0,0.0,5.9,1,13074,13074,13074,11235,12059,10158,9917,18861,18886,7138,17194,15259,2692,1,11390,18762,21953,1.0,25:35,2015,2016
2015-16,203508,Sergey Karasev,Sergey,1610612751,BKN,Brooklyn Nets,21500702,2016-01-29T00:00:00,BKN @ DAL,L,3.7,0.0,0.0,0.0,0.0,0.0,0.0,3.0,2.0,0.0,0.0,0.0,0.0,1.2,1,13074,13074,13074,24849,12059,10158,9917,18861,1,1,7328,24614,8004,1,1,18762,24661,1.0,3:40,2015,2016
2015-16,203900,Markel Brown,Markel,1610612751,BKN,Brooklyn Nets,21500702,2016-01-29T00:00:00,BKN @ DAL,L,1.0,0.0,0.0,0.0,0.0,0.0,0.0,0.0,0.0,0.0,0.0,0.0,0.0,0.0,1,13074,13074,13074,25873,12059,10158,9917,18861,1,1,1,25429,8004,1,1,18762,25170,1.0,1:00,2015,2016
2015-16,201573,Jerryd Bayless,Jerryd,1610612749,MIL,Milwaukee Bucks,21500703,2016-01-29T00:00:00,MIL vs. MIA,L,24.0,0.0,0.0,0.0,0.0,11.0,12.0,12.0,24.0,0.0,0.0,2.0,2.0,8.7,1,13074,13074,13074,12600,12059,10158,9917,18861,18886,22832,22259,8723,8004,1,11390,7786,20045,1.0,23:58,2015,2016
2015-16,203080,Thomas Robinson,Thomas,1610612751,BKN,Brooklyn Nets,21500702,2016-01-29T00:00:00,BKN @ DAL,L,4.5,0.0,0.0,0.0,0.0,1.0,2.0,0.0,2.0,0.0,0.0,0.0,0.0,3.9,1,13074,13074,13074,24557,12059,10158,9917,18861,2356,3734,1,24614,8004,1,1,18762,23225,1.0,4:28,2015,2016
2015-16,202357,Nemanja Bjelica,Nemanja,1610612750,MIN,Minnesota Timberwolves,21500704,2016-01-29T00:00:00,MIN @ UTA,L,10.0,0.0,0.0,0.0,0.0,9.0,3.0,2.0,10.0,0.0,2.0,0.0,0.0,-0.8,1,13074,13074,13074,22449,12059,10158,9917,18861,15771,7138,4025,20209,8004,23588,1,18762,25914,1.0,9:59,2015,2016
2015-16,202697,Iman Shumpert,Iman,1610612739,CLE,Cleveland Cavaliers,21500699,2016-01-29T00:00:00,CLE @ DET,W,15.3,0.0,3.0,0.0,0.0,6.0,1.0,2.0,8.0,0.0,0.0,3.0,1.0,3.2,1,1,1,1,19559,12059,3104,9917,18861,10028,3393,4025,21543,8004,1,17641,12373,23473,1.0,15:18,2015,2016
2015-16,203099,Jared Cunningham,Jared,1610612739,CLE,Cleveland Cavaliers,21500699,2016-01-29T00:00:00,CLE @ DET,W,1.6,0.0,0.0,0.0,0.0,2.0,2.0,2.0,4.0,0.0,0.0,1.0,0.0,0.0,1,1,1,1,25639,12059,10158,9917,18861,2619,3734,4025,23698,8004,1,4972,18762,25170,1.0,1:38,2015,2016
2015-16,203499,Shane Larkin,Shane,1610612751,BKN,Brooklyn Nets,21500702,2016-01-29T00:00:00,BKN @ DAL,L,17.6,0.0,0.0,0.0,0.0,5.0,2.0,3.0,12.0,0.0,0.0,2.0,0.0,0.6,1,13074,13074,13074,17834,12059,10158,9917,18861,8403,3734,7328,18637,8004,1,11390,18762,25053,1.0,17:35,2015,2016
2015-16,101111,Charlie Villanueva,Charlie,1610612742,DAL,Dallas Mavericks,21500702,2016-01-29T00:00:00,DAL vs. BKN,W,7.4,0.0,0.0,0.0,0.0,0.0,0.0,0.0,2.0,0.0,0.0,0.0,0.0,5.4,1,1,1,1,23415,12059,10158,9917,18861,1,1,1,24614,8004,1,1,18762,22242,1.0,7:25,2015,2016
2015-16,201943,Brandon Jennings,Brandon,1610612765,DET,Detroit Pistons,21500699,2016-01-29T00:00:00,DET vs. CLE,L,15.5,0.0,0.0,0.0,0.0,3.0,5.0,0.0,8.0,0.0,0.0,1.0,0.0,4.4,1,13074,13074,13074,19386,12059,10158,9917,18861,5109,11469,1,21543,8004,1,4972,18762,22837,1.0,15:32,2015,2016
2015-16,203897,Zach LaVine,Zach,1610612750,MIN,Minnesota Timberwolves,21500704,2016-01-29T00:00:00,MIN @ UTA,L,31.4,4.0,0.0,9.0,10.0,13.0,13.0,6.0,34.0,0.0,0.0,4.0,2.0,21.7,1,13074,13074,13074,6377,2460,10158,184,1840,21300,23668,13388,2701,8004,1,22104,7786,10592,1.0,31:25,2015,2016
2015-16,203798,PJ Hairston,PJ,1610612766,CHA,Charlotte Hornets,21500705,2016-01-29T00:00:00,CHA @ POR,L,14.5,0.0,0.0,0.0,0.0,4.0,4.0,6.0,18.0,1.0,0.0,0.0,0.0,4.4,1,13074,13074,13074,20133,12059,10158,9917,18861,6141,8458,13388,13577,2692,1,1,18762,22837,1.0,14:27,2015,2016
2015-16,1626209,Mario Hezonja,Mario,1610612753,ORL,Orlando Magic,21500698,2016-01-29T00:00:00,ORL @ BOS,L,20.9,2.0,0.0,2.0,2.0,14.0,3.0,6.0,20.0,1.0,0.0,2.0,0.0,8.7,1,13074,13074,13074,15106,6026,10158,4675,12984,22292,7138,13388,11929,2692,1,11390,18762,20045,1.0,20:56,2015,2016
2015-16,203382,Aron Baynes,Aron,1610612765,DET,Detroit Pistons,21500699,2016-01-29T00:00:00,DET vs. CLE,L,10.8,2.0,2.0,0.0,2.0,3.0,2.0,0.0,2.0,0.0,0.0,3.0,0.0,9.0,1,13074,13074,13074,22117,6026,4731,9917,12984,5109,3734,1,24614,8004,1,17641,18762,19835,1.0,10:48,2015,2016
2015-16,202720,Jon Leuer,Jon,1610612756,PHX,Phoenix Suns,21500700,2016-01-29T00:00:00,PHX @ NYK,L,11.8,0.0,0.0,0.0,0.0,0.0,3.0,3.0,4.0,0.0,0.0,0.0,0.0,4.8,1,13074,13074,13074,21676,12059,10158,9917,18861,1,7138,7328,23698,8004,1,1,18762,22657,1.0,11:49,2015,2016
2015-16,200811,Lou Amundson,Lou,1610612752,NYK,New York Knicks,21500700,2016-01-29T00:00:00,NYK vs. PHX,W,6.3,0.0,0.0,0.0,0.0,6.0,2.0,4.0,10.0,0.0,0.0,1.0,0.0,0.2,1,1,1,1,23817,12059,10158,9917,18861,10028,3734,8806,20209,8004,1,4972,18762,25103,1.0,6:20,2015,2016
2015-16,201627,Anthony Morrow,Anthony,1610612760,OKC,Oklahoma City Thunder,21500701,2016-01-29T00:00:00,OKC vs. HOU,W,10.5,3.0,0.0,0.0,0.0,2.0,4.0,4.0,12.0,0.0,0.0,1.0,0.0,7.2,1,1,1,1,22234,4307,10158,9917,18861,2619,8458,8806,18637,8004,1,4972,18762,21035,1.0,10:29,2015,2016
2015-16,203951,Keith Appling,Keith,1610612753,ORL,Orlando Magic,21500698,2016-01-29T00:00:00,ORL @ BOS,L,7.1,0.0,0.0,0.0,0.0,2.0,0.0,2.0,6.0,0.0,0.0,1.0,0.0,0.5,1,13074,13074,13074,23542,12059,10158,9917,18861,2619,1,4025,22724,8004,1,4972,18762,25056,1.0,7:03,2015,2016
2015-16,1626204,Larry Nance Jr.,Larry,1610612747,LAL,Los Angeles Lakers,21500706,2016-01-29T00:00:00,LAL @ LAC,L,13.2,2.0,0.0,2.0,2.0,9.0,1.0,8.0,22.0,0.0,0.0,2.0,0.0,4.2,1,13074,13074,13074,20874,6026,10158,4675,12984,15771,3393,17194,10265,8004,1,11390,18762,22976,1.0,13:11,2015,2016
2015-16,203939,Dwight Powell,Dwight,1610612742,DAL,Dallas Mavericks,21500702,2016-01-29T00:00:00,DAL vs. BKN,W,1.2,0.0,0.0,0.0,0.0,0.0,0.0,0.0,0.0,0.0,0.0,0.0,0.0,0.0,1,1,1,1,25821,12059,10158,9917,18861,1,1,1,25429,8004,1,1,18762,25170,1.0,1:10,2015,2016
2015-16,203912,C.J. Wilcox,C.J.,1610612746,LAC,LA Clippers,21500706,2016-01-29T00:00:00,LAC vs. LAL,W,1.7,0.0,0.0,0.0,0.0,0.0,3.0,0.0,0.0,0.0,0.0,0.0,0.0,3.2,1,1,1,1,25637,12059,10158,9917,18861,1,7138,1,25429,8004,1,1,18762,23473,1.0,1:39,2015,2016
2015-16,203473,Dewayne Dedmon,Dewayne,1610612753,ORL,Orlando Magic,21500698,2016-01-29T00:00:00,ORL @ BOS,L,7.1,0.0,0.0,0.0,2.0,2.0,0.0,2.0,6.0,0.0,0.0,0.0,0.0,4.4,1,13074,13074,13074,23542,12059,10158,9917,12984,2619,1,4025,22724,8004,1,1,18762,22837,1.0,7:03,2015,2016
2015-16,1626163,Frank Kaminsky,Frank,1610612766,CHA,Charlotte Hornets,21500705,2016-01-29T00:00:00,CHA @ POR,L,13.7,0.0,0.0,0.0,2.0,7.0,2.0,4.0,16.0,0.0,0.0,0.0,0.0,3.2,1,13074,13074,13074,20597,12059,10158,9917,12984,12242,3734,8806,15259,8004,1,1,18762,23473,1.0,13:41,2015,2016
2015-16,201593,Nikola Pekovic,Nikola,1610612750,MIN,Minnesota Timberwolves,21500704,2016-01-29T00:00:00,MIN @ UTA,L,10.5,0.0,0.0,0.0,0.0,9.0,3.0,2.0,8.0,0.0,0.0,0.0,1.0,4.7,1,13074,13074,13074,22226,12059,10158,9917,18861,15771,7138,4025,21543,8004,1,1,12373,22672,1.0,10:31,2015,2016
2015-16,1626199,Darrun Hilliard,Darrun,1610612765,DET,Detroit Pistons,21500699,2016-01-29T00:00:00,DET vs. CLE,L,0.4,0.0,0.0,0.0,0.0,0.0,0.0,0.0,0.0,0.0,0.0,0.0,0.0,0.0,1,13074,13074,13074,25993,12059,10158,9917,18861,1,1,1,25429,8004,1,1,18762,25170,1.0,0:21,2015,2016
2015-16,203093,Terrence Jones,Terrence,1610612745,HOU,Houston Rockets,21500701,2016-01-29T00:00:00,HOU @ OKC,L,13.6,0.0,0.0,0.0,2.0,7.0,4.0,13.0,18.0,0.0,0.0,0.0,1.0,5.4,1,13074,13074,13074,20646,12059,10158,9917,12984,12242,8458,23048,13577,8004,1,1,12373,22242,1.0,13:36,2015,2016
2015-16,203923,James Young,James,1610612738,BOS,Boston Celtics,21500698,2016-01-29T00:00:00,BOS vs. ORL,W,6.1,0.0,0.0,0.0,0.0,3.0,0.0,0.0,2.0,0.0,1.0,0.0,0.0,5.4,1,1,1,1,23912,12059,10158,9917,18861,5109,1,1,24614,8004,17214,1,18762,22242,1.0,6:07,2015,2016
2015-16,2592,James Jones,James,1610612739,CLE,Cleveland Cavaliers,21500699,2016-01-29T00:00:00,CLE @ DET,W,1.6,0.0,0.0,0.0,0.0,2.0,2.0,2.0,4.0,0.0,0.0,0.0,0.0,0.0,1,1,1,1,25639,12059,10158,9917,18861,2619,3734,4025,23698,8004,1,1,18762,25170,1.0,1:38,2015,2016
2015-16,203468,CJ McCollum,CJ,1610612757,POR,Portland Trail Blazers,21500705,2016-01-29T00:00:00,POR vs. CHA,W,33.6,0.0,0.0,4.0,8.0,4.0,6.0,8.0,22.0,0.0,1.0,1.0,2.0,29.5,1,1,1,1,4693,12059,10158,1913,3109,6141,13237,17194,10265,8004,17214,4972,7786,6103,1.0,33:35,2015,2016
2015-16,201579,Roy Hibbert,Roy,1610612747,LAL,Los Angeles Lakers,21500706,2016-01-29T00:00:00,LAL @ LAC,L,28.5,0.0,0.0,2.0,2.0,12.0,0.0,8.0,18.0,2.0,0.0,3.0,3.0,29.0,1,13074,13074,13074,8863,12059,10158,4675,12984,20178,1,17194,13577,932,1,17641,4736,6346,1.0,28:28,2015,2016
2015-16,2544,LeBron James,LeBron,1610612739,CLE,Cleveland Cavaliers,21500699,2016-01-29T00:00:00,CLE @ DET,W,35.8,2.0,1.0,2.0,4.0,9.0,9.0,9.0,38.0,0.0,1.0,3.0,7.0,44.8,1,1,1,1,2892,6026,9709,4675,8599,15771,19144,18829,1422,8004,17214,17641,469,1406,1.0,35:48,2015,2016
2015-16,204001,Kristaps Porziņģis,Kristaps,1610612752,NYK,New York Knicks,21500700,2016-01-29T00:00:00,NYK vs. PHX,W,23.5,0.0,3.0,0.0,2.0,2.0,2.0,6.0,16.0,1.0,0.0,2.0,5.0,28.9,1,1,1,1,12952,12059,3104,9917,12984,2619,3734,13388,15259,2692,1,11390,1539,6414,1.0,23:32,2015,2016
2015-16,203109,Jae Crowder,Jae,1610612738,BOS,Boston Celtics,21500698,2016-01-29T00:00:00,BOS vs. ORL,W,27.4,2.0,0.0,2.0,4.0,6.0,11.0,10.0,22.0,1.0,0.0,2.0,1.0,28.8,1,1,1,1,9695,6026,10158,4675,8599,10028,21814,20169,10265,2692,1,11390,12373,6465,1.0,27:24,2015,2016
2015-16,201167,Arron Afflalo,Arron,1610612752,NYK,New York Knicks,21500700,2016-01-29T00:00:00,NYK vs. PHX,W,29.2,9.0,2.0,4.0,6.0,4.0,4.0,6.0,22.0,0.0,2.0,2.0,3.0,24.7,1,1,1,1,8250,171,4731,1913,5299,6141,8458,13388,10265,8004,23588,11390,4736,8673,1.0,29:10,2015,2016
2015-16,202684,Tristan Thompson,Tristan,1610612739,CLE,Cleveland Cavaliers,21500699,2016-01-29T00:00:00,CLE @ DET,W,31.4,0.0,4.0,2.0,6.0,9.0,7.0,11.0,28.0,1.0,1.0,2.0,3.0,29.8,1,1,1,1,6377,12059,1596,4675,5299,15771,15642,21342,5824,2692,17214,11390,4736,5948,1.0,31:25,2015,2016
2015-16,203476,Gorgui Dieng,Gorgui,1610612750,MIN,Minnesota Timberwolves,21500704,2016-01-29T00:00:00,MIN @ UTA,L,39.4,8.0,6.0,4.0,12.0,8.0,12.0,10.0,42.0,0.0,1.0,2.0,6.0,47.0,1,13074,13074,13074,929,308,481,1913,988,13914,22832,20169,670,8004,17214,11390,873,1078,1.0,39:22,2015,2016
2015-16,203094,Andrew Nicholson,Andrew,1610612753,ORL,Orlando Magic,21500698,2016-01-29T00:00:00,ORL @ BOS,L,7.1,0.0,0.0,0.0,0.0,2.0,0.0,2.0,6.0,1.0,0.0,0.0,1.0,7.4,1,13074,13074,13074,23542,12059,10158,9917,18861,2619,1,4025,22724,2692,1,1,12373,20912,1.0,7:03,2015,2016
2015-16,203486,Mason Plumlee,Mason,1610612757,POR,Portland Trail Blazers,21500705,2016-01-29T00:00:00,POR vs. CHA,W,28.8,6.0,4.0,2.0,10.0,9.0,4.0,12.0,18.0,2.0,1.0,4.0,1.0,43.9,1,1,1,1,8509,878,1596,4675,1840,15771,8458,22259,13577,932,17214,22104,12373,1573,1.0,28:50,2015,2016
2015-16,1626164,Devin Booker,Devin,1610612756,PHX,Phoenix Suns,21500700,2016-01-29T00:00:00,PHX @ NYK,L,26.6,2.0,2.0,0.0,8.0,9.0,11.0,5.0,32.0,0.0,1.0,5.0,3.0,24.5,1,13074,13074,13074,10379,6026,4731,9917,3109,15771,21814,11593,3535,8004,17214,24686,4736,8801,1.0,26:35,2015,2016
2015-16,203484,Kentavious Caldwell-Pope,Kentavious,1610612765,DET,Detroit Pistons,21500699,2016-01-29T00:00:00,DET vs. CLE,L,35.1,5.0,4.0,2.0,8.0,7.0,15.0,9.0,34.0,1.0,0.0,2.0,3.0,36.4,1,13074,13074,13074,3481,1603,1596,4675,3109,12242,24781,18829,2701,2692,1,11390,4736,3353,1.0,35:05,2015,2016
2015-16,1626157,Karl-Anthony Towns,Karl-Anthony,1610612750,MIN,Minnesota Timberwolves,21500704,2016-01-29T00:00:00,MIN @ UTA,L,36.1,8.0,6.0,0.0,14.0,8.0,12.0,10.0,40.0,1.0,0.0,1.0,4.0,48.9,1,13074,13074,13074,2650,308,481,9917,542,13914,22832,20169,983,2692,1,4972,2748,874,1.0,36:08,2015,2016
2015-16,203507,Giannis Antetokounmpo,Giannis,1610612749,MIL,Milwaukee Bucks,21500703,2016-01-29T00:00:00,MIL vs. MIA,L,46.2,7.0,1.0,6.0,18.0,20.0,15.0,8.0,28.0,2.0,0.0,4.0,6.0,50.8,1,13074,13074,13074,52,548,9709,740,131,25338,24781,17194,5824,932,1,22104,873,671,1.0,46:13,2015,2016
2015-16,201609,Goran Dragic,Goran,1610612748,MIA,Miami Heat,21500703,2016-01-29T00:00:00,MIA @ MIL,W,31.6,3.0,0.0,0.0,2.0,16.0,10.0,21.0,46.0,0.0,0.0,4.0,3.0,24.2,1,1,1,1,6223,4307,10158,9917,12984,23774,20509,25725,298,8004,1,22104,4736,9009,1.0,31:37,2015,2016
2015-16,202362,Lance Stephenson,Lance,1610612746,LAC,LA Clippers,21500706,2016-01-29T00:00:00,LAC vs. LAL,W,22.5,2.0,0.0,6.0,6.0,6.0,7.0,7.0,18.0,1.0,0.0,2.0,1.0,30.0,1,1,1,1,13771,6026,10158,740,5299,10028,15642,15538,13577,2692,1,11390,12373,5840,1.0,22:29,2015,2016
2015-16,201935,James Harden,James,1610612745,HOU,Houston Rockets,21500701,2016-01-29T00:00:00,HOU @ OKC,L,39.4,5.0,2.0,4.0,8.0,10.0,13.0,24.0,50.0,1.0,3.0,2.0,9.0,57.9,1,13074,13074,13074,919,1603,4731,1913,3109,17370,23668,25937,107,2692,25441,11390,138,269,1.0,39:24,2015,2016
2015-16,101107,Marvin Williams,Marvin,1610612766,CHA,Charlotte Hornets,21500705,2016-01-29T00:00:00,CHA @ POR,L,34.3,2.0,0.0,7.0,6.0,14.0,9.0,13.0,34.0,1.0,0.0,1.0,2.0,35.8,1,13074,13074,13074,4082,6026,10158,454,5299,22292,19144,23048,2701,2692,1,4972,7786,3541,1.0,34:19,2015,2016
2015-16,2546,Carmelo Anthony,Carmelo,1610612752,NYK,New York Knicks,21500700,2016-01-29T00:00:00,NYK vs. PHX,W,30.3,0.0,0.0,3.0,2.0,0.0,2.0,4.0,18.0,0.0,0.0,2.0,3.0,53.0,1,1,1,1,7305,12059,10158,3302,12984,1,3734,8806,13577,8004,1,11390,4736,521,1.0,30:15,2015,2016
2015-16,2736,Luol Deng,Luol,1610612748,MIA,Miami Heat,21500703,2016-01-29T00:00:00,MIA @ MIL,W,32.7,4.0,5.0,2.0,2.0,17.0,9.0,19.0,48.0,1.0,0.0,5.0,2.0,29.4,1,1,1,1,5337,2460,995,4675,12984,24337,19144,25435,192,2692,1,24686,7786,6143,1.0,32:42,2015,2016
2015-16,2548,Dwyane Wade,Dwyane,1610612748,MIA,Miami Heat,21500703,2016-01-29T00:00:00,MIA @ MIL,W,32.2,4.0,0.0,6.0,6.0,17.0,9.0,19.0,48.0,3.0,2.0,2.0,7.0,53.3,1,1,1,1,5692,2460,10158,740,5299,24337,19144,25435,192,347,23588,11390,469,504,1.0,32:14,2015,2016
2015-16,201142,Kevin Durant,Kevin,1610612760,OKC,Oklahoma City Thunder,21500701,2016-01-29T00:00:00,OKC vs. HOU,W,39.9,5.0,2.0,6.0,16.0,16.0,10.0,14.0,42.0,1.0,1.0,3.0,6.0,53.9,1,1,1,1,756,1603,4731,740,275,23774,20509,23710,670,2692,17214,17641,873,459,1.0,39:54,2015,2016
2015-16,201566,Russell Westbrook,Russell,1610612760,OKC,Oklahoma City Thunder,21500701,2016-01-29T00:00:00,OKC vs. HOU,W,37.1,3.0,0.0,9.0,14.0,16.0,10.0,14.0,36.0,1.0,1.0,3.0,6.0,57.0,1,1,1,1,2015,4307,10158,184,542,23774,20509,23710,1943,2692,17214,17641,873,313,1.0,37:07,2015,2016
2015-16,201973,Jonas Jerebko,Jonas,1610612738,BOS,Boston Celtics,21500698,2016-01-29T00:00:00,BOS vs. ORL,W,21.7,2.0,2.0,0.0,2.0,5.0,5.0,2.0,10.0,0.0,0.0,1.0,1.0,24.0,1,1,1,1,14474,6026,4731,9917,12984,8403,11469,4025,20209,8004,1,4972,12373,9121,1.0,21:39,2015,2016
2015-16,201572,Brook Lopez,Brook,1610612751,BKN,Brooklyn Nets,21500702,2016-01-29T00:00:00,BKN @ DAL,L,37.0,4.0,6.0,2.0,12.0,7.0,9.0,8.0,20.0,2.0,0.0,4.0,7.0,56.9,1,13074,13074,13074,2109,2460,481,4675,988,12242,19144,17194,11929,932,1,22104,469,319,1.0,36:57,2015,2016
2015-16,202344,Trevor Booker,Trevor,1610612762,UTA,Utah Jazz,21500704,2016-01-29T00:00:00,UTA vs. MIN,W,22.5,0.0,2.0,0.0,6.0,8.0,6.0,4.0,18.0,2.0,0.0,2.0,0.0,31.6,1,1,1,1,13748,12059,4731,9917,5299,13914,13237,8806,13577,932,1,11390,18762,5130,1.0,22:31,2015,2016
2015-16,203943,Noah Vonleh,Noah,1610612757,POR,Portland Trail Blazers,21500705,2016-01-29T00:00:00,POR vs. CHA,W,19.0,4.0,2.0,2.0,6.0,9.0,4.0,12.0,14.0,1.0,0.0,2.0,0.0,15.2,1,1,1,1,16681,2460,4731,4675,5299,15771,8458,22259,17019,2692,1,11390,18762,15219,1.0,19:02,2015,2016
2015-16,202332,Cole Aldrich,Cole,1610612746,LAC,LA Clippers,21500706,2016-01-29T00:00:00,LAC vs. LAL,W,13.3,3.0,1.0,1.0,2.0,6.0,4.0,2.0,20.0,1.0,0.0,2.0,3.0,15.3,1,1,1,1,20774,4307,9709,9347,12984,10028,8458,4025,11929,2692,1,11390,4736,15150,1.0,13:21,2015,2016
2015-16,203079,Dion Waiters,Dion,1610612760,OKC,Oklahoma City Thunder,21500701,2016-01-29T00:00:00,OKC vs. HOU,W,32.3,2.0,4.0,2.0,6.0,8.0,10.0,11.0,34.0,0.0,0.0,4.0,1.0,20.4,1,1,1,1,5633,6026,1596,4675,5299,13914,20509,21342,2701,8004,1,22104,12373,11453,1.0,32:19,2015,2016
2015-16,203918,Rodney Hood,Rodney,1610612762,UTA,Utah Jazz,21500704,2016-01-29T00:00:00,UTA vs. MIN,W,36.5,2.0,0.0,2.0,8.0,20.0,14.0,8.0,28.0,0.0,0.0,3.0,4.0,30.2,1,1,1,1,2375,6026,10158,4675,3109,25338,24300,17194,5824,8004,1,17641,2748,5751,1.0,36:33,2015,2016
2015-16,203124,Kyle O'Quinn,Kyle,1610612752,NYK,New York Knicks,21500700,2016-01-29T00:00:00,NYK vs. PHX,W,15.3,0.0,2.0,0.0,4.0,4.0,6.0,0.0,14.0,4.0,1.0,0.0,0.0,20.6,1,1,1,1,19590,12059,4731,9917,8599,6141,13237,1,17019,132,17214,1,18762,11314,1.0,15:15,2015,2016
2015-16,201150,Spencer Hawes,Spencer,1610612766,CHA,Charlotte Hornets,21500705,2016-01-29T00:00:00,CHA @ POR,L,25.2,0.0,0.0,0.0,2.0,11.0,8.0,13.0,26.0,0.0,0.0,3.0,1.0,20.0,1,13074,13074,13074,11515,12059,10158,9917,12984,18886,17345,23048,7214,8004,1,17641,12373,11752,1.0,25:13,2015,2016
2015-16,203096,Jared Sullinger,Jared,1610612738,BOS,Boston Celtics,21500698,2016-01-29T00:00:00,BOS vs. ORL,W,20.9,0.0,2.0,0.0,8.0,4.0,4.0,8.0,18.0,2.0,0.0,1.0,2.0,30.7,1,1,1,1,15139,12059,4731,9917,3109,6141,8458,17194,13577,932,1,4972,7786,5539,1.0,20:55,2015,2016
2015-16,2757,Beno Udrih,Beno,1610612748,MIA,Miami Heat,21500703,2016-01-29T00:00:00,MIA @ MIL,W,16.4,0.0,0.0,0.0,0.0,10.0,3.0,4.0,14.0,0.0,0.0,0.0,1.0,12.2,1,1,1,1,18747,12059,10158,9917,18861,17370,7138,8806,17019,8004,1,1,12373,17566,1.0,16:23,2015,2016
2015-16,203953,Jabari Parker,Jabari,1610612749,MIL,Milwaukee Bucks,21500703,2016-01-29T00:00:00,MIL vs. MIA,L,39.5,2.0,2.0,8.0,12.0,20.0,11.0,9.0,30.0,1.0,2.0,2.0,3.0,26.5,1,13074,13074,13074,896,6026,4731,280,988,25338,21814,18829,4541,2692,23588,11390,4736,7627,1.0,39:29,2015,2016
2015-16,203903,Jordan Clarkson,Jordan,1610612747,LAL,Los Angeles Lakers,21500706,2016-01-29T00:00:00,LAL @ LAC,L,35.6,2.0,0.0,2.0,8.0,14.0,1.0,14.0,30.0,0.0,0.0,3.0,4.0,26.6,1,13074,13074,13074,3045,6026,10158,4675,3109,22292,3393,23710,4541,8004,1,17641,2748,7566,1.0,35:38,2015,2016
2015-16,2756,Sasha Vujacic,Sasha,1610612752,NYK,New York Knicks,21500700,2016-01-29T00:00:00,NYK vs. PHX,W,22.3,0.0,0.0,0.0,2.0,6.0,8.0,2.0,20.0,0.0,0.0,4.0,0.0,15.9,1,1,1,1,13914,12059,10158,9917,12984,10028,17345,4025,11929,8004,1,22104,18762,14675,1.0,22:18,2015,2016
2015-16,203487,Michael Carter-Williams,Michael,1610612749,MIL,Milwaukee Bucks,21500703,2016-01-29T00:00:00,MIL vs. MIA,L,26.3,2.0,0.0,5.0,8.0,17.0,3.0,4.0,20.0,0.0,1.0,5.0,3.0,31.6,1,13074,13074,13074,10613,6026,10158,1277,3109,24337,7138,8806,11929,8004,17214,24686,4736,5130,1.0,26:17,2015,2016
2015-16,203081,Damian Lillard,Damian,1610612757,POR,Portland Trail Blazers,21500705,2016-01-29T00:00:00,POR vs. CHA,W,36.6,2.0,0.0,3.0,6.0,13.0,4.0,16.0,22.0,0.0,2.0,1.0,4.0,43.0,1,1,1,1,2326,6026,10158,3302,5299,21300,8458,24641,10265,8004,23588,4972,2748,1733,1.0,36:37,2015,2016
2015-16,101138,Brandon Bass,Brandon,1610612747,LAL,Los Angeles Lakers,21500706,2016-01-29T00:00:00,LAL @ LAC,L,19.5,0.0,0.0,0.0,6.0,16.0,4.0,13.0,30.0,0.0,2.0,2.0,0.0,15.2,1,13074,13074,13074,16290,12059,10158,9917,5299,23774,8458,23048,4541,8004,23588,11390,18762,15219,1.0,19:32,2015,2016
2015-16,203506,Victor Oladipo,Victor,1610612753,ORL,Orlando Magic,21500698,2016-01-29T00:00:00,ORL @ BOS,L,28.3,0.0,0.0,0.0,2.0,10.0,7.0,8.0,32.0,0.0,0.0,0.0,5.0,20.6,1,13074,13074,13074,8989,12059,10158,9917,12984,17370,15642,17194,3535,8004,1,1,1539,11314,1.0,28:20,2015,2016
2015-16,202696,Nikola Vučević,Nikola,1610612753,ORL,Orlando Magic,21500698,2016-01-29T00:00:00,ORL @ BOS,L,30.0,2.0,2.0,0.0,6.0,12.0,7.0,8.0,36.0,1.0,0.0,1.0,4.0,30.6,1,13074,13074,13074,7586,6026,4731,9917,5299,20178,15642,17194,1943,2692,1,4972,2748,5574,1.0,29:57,2015,2016
2015-16,203932,Aaron Gordon,Aaron,1610612753,ORL,Orlando Magic,21500698,2016-01-29T00:00:00,ORL @ BOS,L,26.3,0.0,4.0,0.0,2.0,10.0,7.0,8.0,34.0,0.0,1.0,2.0,3.0,26.8,1,13074,13074,13074,10581,12059,1596,9917,12984,17370,15642,17194,2701,8004,17214,11390,4736,7486,1.0,26:19,2015,2016
2015-16,203497,Rudy Gobert,Rudy,1610612762,UTA,Utah Jazz,21500704,2016-01-29T00:00:00,UTA vs. MIN,W,31.3,2.0,4.0,2.0,12.0,16.0,12.0,5.0,30.0,2.0,0.0,3.0,2.0,41.4,1,1,1,1,6498,6026,1596,4675,988,23774,22832,11593,4541,932,1,17641,7786,2060,1.0,31:16,2015,2016
2015-16,2730,Dwight Howard,Dwight,1610612745,HOU,Houston Rockets,21500701,2016-01-29T00:00:00,HOU @ OKC,L,21.0,0.0,4.0,0.0,4.0,6.0,5.0,9.0,22.0,1.0,1.0,1.0,9.0,26.1,1,13074,13074,13074,15054,12059,1596,9917,8599,10028,11469,18829,10265,2692,17214,4972,138,7836,1.0,21:00,2015,2016
2015-16,101109,Raymond Felton,Raymond,1610612742,DAL,Dallas Mavericks,21500702,2016-01-29T00:00:00,DAL vs. BKN,W,25.0,2.0,2.0,0.0,4.0,6.0,9.0,2.0,14.0,0.0,0.0,0.0,2.0,15.7,1,1,1,1,11678,6026,4731,9917,8599,10028,19144,4025,17019,8004,1,1,7786,14841,1.0,24:59,2015,2016
2015-16,203459,Allen Crabbe,Allen,1610612757,POR,Portland Trail Blazers,21500705,2016-01-29T00:00:00,POR vs. CHA,W,31.9,3.0,3.0,2.0,4.0,9.0,6.0,16.0,18.0,0.0,0.0,3.0,2.0,26.1,1,1,1,1,6015,4307,3104,4675,8599,15771,13237,24641,13577,8004,1,17641,7786,7836,1.0,31:52,2015,2016
2015-16,203482,Kelly Olynyk,Kelly,1610612738,BOS,Boston Celtics,21500698,2016-01-29T00:00:00,BOS vs. ORL,W,20.4,4.0,2.0,2.0,10.0,4.0,7.0,4.0,10.0,1.0,1.0,2.0,1.0,27.3,1,1,1,1,15560,2460,4731,4675,1840,6141,15642,8806,20209,2692,17214,11390,12373,7236,1.0,20:24,2015,2016
2015-16,203083,Andre Drummond,Andre,1610612765,DET,Detroit Pistons,21500699,2016-01-29T00:00:00,DET vs. CLE,L,34.9,2.0,1.0,2.0,16.0,7.0,15.0,11.0,34.0,3.0,0.0,4.0,5.0,41.6,1,13074,13074,13074,3581,6026,9709,4675,275,12242,24781,21342,2701,347,1,22104,1539,2021,1.0,34:56,2015,2016
2015-16,202683,Enes Freedom,Enes,1610612760,OKC,Oklahoma City Thunder,21500701,2016-01-29T00:00:00,OKC vs. HOU,W,26.0,2.0,6.0,6.0,18.0,9.0,10.0,7.0,30.0,1.0,3.0,4.0,2.0,41.0,1,1,1,1,10827,6026,481,740,131,15771,20509,15538,4541,2692,25441,22104,7786,2143,1.0,26:01,2015,2016
2015-16,201587,Nicolas Batum,Nicolas,1610612766,CHA,Charlotte Hornets,21500705,2016-01-29T00:00:00,CHA @ POR,L,40.0,3.0,0.0,3.0,0.0,18.0,9.0,17.0,40.0,1.0,1.0,2.0,2.0,19.8,1,13074,13074,13074,737,4307,10158,3302,18861,24749,19144,24967,983,2692,17214,11390,7786,11883,1.0,39:58,2015,2016
2015-16,1626147,Justin Anderson,Justin,1610612742,DAL,Dallas Mavericks,21500702,2016-01-29T00:00:00,DAL vs. BKN,W,11.5,0.0,0.0,0.0,0.0,2.0,7.0,0.0,4.0,1.0,0.0,0.0,0.0,12.1,1,1,1,1,21852,12059,10158,9917,18861,2619,15642,1,23698,2692,1,1,18762,17639,1.0,11:27,2015,2016
2015-16,101108,Chris Paul,Chris,1610612746,LAC,LA Clippers,21500706,2016-01-29T00:00:00,LAC vs. LAL,W,31.1,8.0,0.0,3.0,8.0,6.0,6.0,9.0,18.0,0.0,0.0,1.0,3.0,42.7,1,1,1,1,6670,308,10158,3302,3109,10028,13237,18829,13577,8004,1,4972,4736,1800,1.0,31:03,2015,2016
2015-16,201567,Kevin Love,Kevin,1610612739,CLE,Cleveland Cavaliers,21500699,2016-01-29T00:00:00,CLE @ DET,W,37.3,3.0,5.0,2.0,8.0,6.0,6.0,11.0,38.0,0.0,0.0,3.0,3.0,40.7,1,1,1,1,1925,4307,995,4675,3109,10028,13237,21342,1422,8004,1,17641,4736,2199,1.0,37:15,2015,2016
2015-16,202689,Kemba Walker,Kemba,1610612766,CHA,Charlotte Hornets,21500705,2016-01-29T00:00:00,CHA @ POR,L,24.3,2.0,0.0,2.0,2.0,8.0,8.0,13.0,26.0,0.0,1.0,0.0,2.0,32.6,1,13074,13074,13074,12282,6026,10158,4675,12984,13914,17345,23048,7214,8004,17214,1,7786,4687,1.0,24:19,2015,2016
2015-16,2405,Amar'e Stoudemire,Amar'e,1610612748,MIA,Miami Heat,21500703,2016-01-29T00:00:00,MIA @ MIL,W,23.6,0.0,2.0,0.0,12.0,13.0,5.0,18.0,34.0,2.0,1.0,3.0,0.0,27.6,1,1,1,1,12935,12059,4731,9917,988,21300,11469,25228,2701,932,17214,17641,18762,7080,1.0,23:33,2015,2016
2015-16,2585,Zaza Pachulia,Zaza,1610612742,DAL,Dallas Mavericks,21500702,2016-01-29T00:00:00,DAL vs. BKN,W,32.1,0.0,2.0,0.0,8.0,8.0,6.0,2.0,26.0,0.0,1.0,2.0,3.0,31.9,1,1,1,1,5767,12059,4731,9917,3109,13914,13237,4025,7214,8004,17214,11390,4736,4984,1.0,32:09,2015,2016
2015-16,202718,Chandler Parsons,Chandler,1610612742,DAL,Dallas Mavericks,21500702,2016-01-29T00:00:00,DAL vs. BKN,W,33.5,3.0,5.0,3.0,8.0,8.0,6.0,4.0,28.0,0.0,1.0,4.0,1.0,32.5,1,1,1,1,4728,4307,995,3302,3109,13914,13237,8806,5824,8004,17214,22104,12373,4726,1.0,33:31,2015,2016
2015-16,201937,Ricky Rubio,Ricky,1610612750,MIN,Minnesota Timberwolves,21500704,2016-01-29T00:00:00,MIN @ UTA,L,29.5,0.0,0.0,0.0,0.0,6.0,6.0,10.0,30.0,0.0,1.0,2.0,3.0,22.4,1,13074,13074,13074,7961,12059,10158,9917,18861,10028,13237,20169,4541,8004,17214,11390,4736,10131,1.0,29:31,2015,2016
2015-16,202389,Timofey Mozgov,Timofey,1610612739,CLE,Cleveland Cavaliers,21500699,2016-01-29T00:00:00,CLE @ DET,W,18.9,0.0,2.0,0.0,8.0,8.0,5.0,2.0,22.0,0.0,0.0,2.0,2.0,22.1,1,1,1,1,16777,12059,4731,9917,3109,13914,11469,4025,10265,8004,1,11390,7786,10332,1.0,18:54,2015,2016
2015-16,2207,Joe Johnson,Joe,1610612751,BKN,Brooklyn Nets,21500702,2016-01-29T00:00:00,BKN @ DAL,L,37.7,2.0,0.0,0.0,4.0,9.0,11.0,5.0,22.0,0.0,0.0,2.0,4.0,22.6,1,13074,13074,13074,1673,6026,10158,9917,8599,15771,21814,11593,10265,8004,1,11390,2748,10000,1.0,37:39,2015,2016
2015-16,203085,Austin Rivers,Austin,1610612746,LAC,LA Clippers,21500706,2016-01-29T00:00:00,LAC vs. LAL,W,26.2,9.0,3.0,4.0,14.0,6.0,9.0,5.0,18.0,2.0,1.0,4.0,2.0,31.9,1,1,1,1,10684,171,3104,1913,542,10028,19144,11593,13577,932,17214,22104,7786,4984,1.0,26:13,2015,2016
2015-16,201577,Robin Lopez,Robin,1610612752,NYK,New York Knicks,21500700,2016-01-29T00:00:00,NYK vs. PHX,W,24.2,6.0,2.0,2.0,10.0,0.0,2.0,4.0,16.0,1.0,1.0,1.0,2.0,22.0,1,1,1,1,12376,878,4731,4675,1840,1,3734,8806,15259,2692,17214,4972,7786,10388,1.0,24:13,2015,2016
2015-16,101150,Lou Williams,Lou,1610612747,LAL,Los Angeles Lakers,21500706,2016-01-29T00:00:00,LAL @ LAC,L,35.0,0.0,0.0,1.0,0.0,19.0,3.0,13.0,30.0,1.0,2.0,2.0,6.0,32.2,1,13074,13074,13074,3571,12059,10158,9347,18861,25074,7138,23048,4541,2692,23588,11390,873,4846,1.0,34:57,2015,2016
2015-16,203901,Elfrid Payton,Elfrid,1610612753,ORL,Orlando Magic,21500698,2016-01-29T00:00:00,ORL @ BOS,L,28.6,4.0,0.0,6.0,10.0,8.0,7.0,6.0,28.0,0.0,1.0,3.0,1.0,21.9,1,13074,13074,13074,8758,2460,10158,740,1840,13914,15642,13388,5824,8004,17214,17641,12373,10460,1.0,28:35,2015,2016
2015-16,2037,Jamal Crawford,Jamal,1610612746,LAC,LA Clippers,21500706,2016-01-29T00:00:00,LAC vs. LAL,W,28.5,0.0,0.0,0.0,6.0,8.0,4.0,9.0,20.0,0.0,0.0,0.0,3.0,22.2,1,1,1,1,8824,12059,10158,9917,5299,13914,8458,18829,11929,8004,1,1,4736,10263,1.0,28:30,2015,2016
2015-16,203101,Miles Plumlee,Miles,1610612749,MIL,Milwaukee Bucks,21500703,2016-01-29T00:00:00,MIL vs. MIA,L,13.9,2.0,2.0,0.0,6.0,4.0,4.0,6.0,10.0,1.0,0.0,0.0,0.0,22.4,1,13074,13074,13074,20480,6026,4731,9917,5299,6141,8458,13388,20209,2692,1,1,18762,10131,1.0,13:53,2015,2016
2015-16,201961,Wayne Ellington,Wayne,1610612751,BKN,Brooklyn Nets,21500702,2016-01-29T00:00:00,BKN @ DAL,L,31.4,0.0,2.0,0.0,2.0,10.0,8.0,5.0,22.0,0.0,0.0,2.0,0.0,22.2,1,13074,13074,13074,6365,12059,4731,9917,12984,17370,17345,11593,10265,8004,1,11390,18762,10263,1.0,31:26,2015,2016
2015-16,202325,Wesley Johnson,Wesley,1610612746,LAC,LA Clippers,21500706,2016-01-29T00:00:00,LAC vs. LAL,W,25.5,4.0,0.0,5.0,8.0,4.0,4.0,7.0,14.0,1.0,2.0,1.0,1.0,21.9,1,1,1,1,11280,2460,10158,1277,3109,6141,8458,15538,17019,2692,23588,4972,12373,10460,1.0,25:31,2015,2016
2015-16,202323,Evan Turner,Evan,1610612738,BOS,Boston Celtics,21500698,2016-01-29T00:00:00,BOS vs. ORL,W,24.9,6.0,0.0,2.0,6.0,7.0,9.0,4.0,14.0,0.0,0.0,1.0,4.0,32.4,1,1,1,1,11775,878,10158,4675,5299,12242,19144,8806,17019,8004,1,4972,2748,4768,1.0,24:53,2015,2016
2015-16,202738,Isaiah Thomas,Isaiah,1610612738,BOS,Boston Celtics,21500698,2016-01-29T00:00:00,BOS vs. ORL,W,27.1,0.0,0.0,2.0,8.0,6.0,6.0,10.0,24.0,0.0,1.0,3.0,3.0,22.0,1,1,1,1,9969,12059,10158,4675,3109,10028,13237,20169,8723,8004,17214,17641,4736,10388,1.0,27:03,2015,2016
2015-16,201599,DeAndre Jordan,DeAndre,1610612746,LAC,LA Clippers,21500706,2016-01-29T00:00:00,LAC vs. LAL,W,32.2,2.0,0.0,2.0,4.0,4.0,2.0,12.0,10.0,1.0,0.0,4.0,4.0,31.9,1,1,1,1,5714,6026,10158,4675,8599,6141,3734,22259,20209,2692,1,22104,2748,4984,1.0,32:13,2015,2016
2015-16,1717,Dirk Nowitzki,Dirk,1610612742,DAL,Dallas Mavericks,21500702,2016-01-29T00:00:00,DAL vs. BKN,W,28.9,4.0,2.0,2.0,0.0,6.0,5.0,2.0,18.0,4.0,0.0,2.0,3.0,38.6,1,1,1,1,8423,2460,4731,4675,18861,10028,11469,4025,13577,132,1,11390,4736,2744,1.0,28:56,2015,2016
2015-16,1626169,Stanley Johnson,Stanley,1610612765,DET,Detroit Pistons,21500699,2016-01-29T00:00:00,DET vs. CLE,L,30.2,0.0,2.0,4.0,8.0,8.0,10.0,4.0,12.0,0.0,0.0,4.0,2.0,28.3,1,13074,13074,13074,7363,12059,4731,1913,3109,13914,20509,8806,18637,8004,1,22104,7786,6720,1.0,30:11,2015,2016
2015-16,2547,Chris Bosh,Chris,1610612748,MIA,Miami Heat,21500703,2016-01-29T00:00:00,MIA @ MIL,W,34.5,7.0,0.0,1.0,4.0,15.0,8.0,17.0,40.0,1.0,0.0,2.0,5.0,38.7,1,1,1,1,3918,548,10158,9347,8599,23079,17345,24967,983,2692,1,11390,1539,2717,1.0,34:32,2015,2016
2015-16,202329,Al-Farouq Aminu,Al-Farouq,1610612757,POR,Portland Trail Blazers,21500705,2016-01-29T00:00:00,POR vs. CHA,W,32.1,4.0,0.0,4.0,10.0,11.0,4.0,14.0,20.0,0.0,0.0,4.0,2.0,38.9,1,1,1,1,5830,2460,10158,1913,1840,18886,8458,23710,11929,8004,1,22104,7786,2667,1.0,32:04,2015,2016
2015-16,204038,Langston Galloway,Langston,1610612752,NYK,New York Knicks,21500700,2016-01-29T00:00:00,NYK vs. PHX,W,27.6,1.0,0.0,1.0,4.0,4.0,2.0,8.0,24.0,1.0,0.0,2.0,1.0,38.9,1,1,1,1,9509,11535,10158,9347,8599,6141,3734,17194,8723,2692,1,11390,12373,2667,1.0,27:38,2015,2016
2015-16,203944,Julius Randle,Julius,1610612747,LAL,Los Angeles Lakers,21500706,2016-01-29T00:00:00,LAL @ LAC,L,34.8,2.0,9.0,2.0,14.0,19.0,3.0,13.0,26.0,0.0,3.0,3.0,4.0,38.3,1,13074,13074,13074,3676,6026,77,4675,542,25074,7138,23048,7214,8004,25441,17641,2748,2826,1.0,34:49,2015,2016
2015-16,203095,Evan Fournier,Evan,1610612753,ORL,Orlando Magic,21500698,2016-01-29T00:00:00,ORL @ BOS,L,18.4,0.0,2.0,0.0,2.0,14.0,3.0,6.0,16.0,0.0,1.0,3.0,3.0,16.9,1,13074,13074,13074,17181,12059,4731,9917,12984,22292,7138,13388,15259,8004,17214,17641,4736,13911,1.0,18:24,2015,2016
2015-16,201229,Anthony Tolliver,Anthony,1610612765,DET,Detroit Pistons,21500699,2016-01-29T00:00:00,DET vs. CLE,L,21.3,0.0,0.0,3.0,0.0,4.0,8.0,0.0,12.0,0.0,0.0,1.0,1.0,17.3,1,13074,13074,13074,14783,12059,10158,3302,18861,6141,17345,1,18637,8004,1,4972,12373,13671,1.0,21:18,2015,2016
2015-16,1626148,Anthony Brown,Anthony,1610612747,LAL,Los Angeles Lakers,21500706,2016-01-29T00:00:00,LAL @ LAC,L,34.2,2.0,0.0,2.0,0.0,21.0,3.0,13.0,28.0,1.0,0.0,3.0,1.0,17.3,1,13074,13074,13074,4170,6026,10158,4675,18861,25535,7138,23048,5824,2692,1,17641,12373,13671,1.0,34:13,2015,2016
2015-16,2772,Trevor Ariza,Trevor,1610612745,HOU,Houston Rockets,21500701,2016-01-29T00:00:00,HOU @ OKC,L,41.0,3.0,2.0,0.0,2.0,10.0,13.0,24.0,54.0,1.0,0.0,2.0,0.0,39.7,1,13074,13074,13074,479,4307,4731,9917,12984,17370,23668,25937,35,2692,1,11390,18762,2451,1.0,41:02,2015,2016
2015-16,201152,Thaddeus Young,Thaddeus,1610612751,BKN,Brooklyn Nets,21500702,2016-01-29T00:00:00,BKN @ DAL,L,41.0,4.0,2.0,2.0,8.0,11.0,11.0,5.0,26.0,0.0,2.0,0.0,2.0,37.5,1,13074,13074,13074,479,2460,4731,4675,3109,18886,21814,11593,7214,8004,23588,1,7786,3050,1.0,41:02,2015,2016
2015-16,201946,Tyler Hansbrough,Tyler,1610612766,CHA,Charlotte Hornets,21500705,2016-01-29T00:00:00,CHA @ POR,L,22.8,2.0,6.0,2.0,4.0,10.0,3.0,4.0,24.0,1.0,1.0,2.0,5.0,37.8,1,13074,13074,13074,13537,6026,481,4675,8599,17370,7138,8806,8723,2692,17214,11390,1539,2956,1.0,22:47,2015,2016
2015-16,203458,Alex Len,Alex,1610612756,PHX,Phoenix Suns,21500700,2016-01-29T00:00:00,PHX @ NYK,L,16.7,2.0,2.0,0.0,6.0,14.0,4.0,11.0,22.0,1.0,0.0,3.0,1.0,13.4,1,13074,13074,13074,18488,6026,4731,9917,5299,22292,8458,21342,10265,2692,1,17641,12373,16614,1.0,16:43,2015,2016
2015-16,201951,Ty Lawson,Ty,1610612745,HOU,Houston Rockets,21500701,2016-01-29T00:00:00,HOU @ OKC,L,18.0,0.0,2.0,0.0,2.0,9.0,0.0,9.0,26.0,0.0,0.0,4.0,0.0,13.4,1,13074,13074,13074,17519,12059,4731,9917,12984,15771,1,18829,7214,8004,1,22104,18762,16614,1.0,17:59,2015,2016
2015-16,202681,Kyrie Irving,Kyrie,1610612739,CLE,Cleveland Cavaliers,21500699,2016-01-29T00:00:00,CLE @ DET,W,32.4,5.0,2.0,5.0,10.0,5.0,6.0,7.0,28.0,0.0,1.0,2.0,6.0,37.8,1,1,1,1,5566,1603,4731,1277,1840,8403,13237,15538,5824,8004,17214,11390,873,2956,1.0,32:25,2015,2016
2015-16,2210,Richard Jefferson,Richard,1610612739,CLE,Cleveland Cavaliers,21500699,2016-01-29T00:00:00,CLE @ DET,W,12.1,0.0,0.0,0.0,0.0,5.0,2.0,4.0,10.0,0.0,0.0,4.0,1.0,3.0,1,1,1,1,21490,12059,10158,9917,18861,8403,3734,8806,20209,8004,1,22104,12373,23648,1.0,12:04,2015,2016
2015-16,101112,Channing Frye,Channing,1610612753,ORL,Orlando Magic,21500698,2016-01-29T00:00:00,ORL @ BOS,L,9.9,0.0,0.0,0.0,0.0,8.0,3.0,2.0,8.0,1.0,0.0,0.0,1.0,8.4,1,13074,13074,13074,22480,12059,10158,9917,18861,13914,7138,4025,21543,2692,1,1,12373,20273,1.0,9:56,2015,2016
2015-16,203148,Brian Roberts,Brian,1610612766,CHA,Charlotte Hornets,21500705,2016-01-29T00:00:00,CHA @ POR,L,23.7,0.0,0.0,0.0,4.0,13.0,3.0,4.0,24.0,0.0,0.0,2.0,4.0,18.4,1,13074,13074,13074,12837,12059,10158,9917,8599,21300,7138,8806,8723,8004,1,11390,2748,12854,1.0,23:41,2015,2016
2015-16,1626154,RJ Hunter,RJ,1610612738,BOS,Boston Celtics,21500698,2016-01-29T00:00:00,BOS vs. ORL,W,3.2,0.0,0.0,0.0,0.0,0.0,0.0,0.0,2.0,0.0,0.0,0.0,0.0,2.4,1,1,1,1,25036,12059,10158,9917,18861,1,1,1,24614,8004,1,1,18762,24024,1.0,3:14,2015,2016
2015-16,101114,Deron Williams,Deron,1610612742,DAL,Dallas Mavericks,21500702,2016-01-29T00:00:00,DAL vs. BKN,W,31.7,0.0,0.0,0.0,4.0,8.0,3.0,4.0,26.0,0.0,0.0,3.0,1.0,21.4,1,1,1,1,6169,12059,10158,9917,8599,13914,7138,8806,7214,8004,1,17641,12373,10807,1.0,31:40,2015,2016
2015-16,201945,Gerald Henderson,Gerald,1610612757,POR,Portland Trail Blazers,21500705,2016-01-29T00:00:00,POR vs. CHA,W,22.2,0.0,0.0,0.0,2.0,4.0,4.0,8.0,14.0,1.0,0.0,1.0,0.0,16.4,1,1,1,1,14051,12059,10158,9917,12984,6141,8458,17194,17019,2692,1,4972,18762,14289,1.0,22:09,2015,2016
2015-16,203526,Raul Neto,Raul,1610612762,UTA,Utah Jazz,21500704,2016-01-29T00:00:00,UTA vs. MIN,W,25.4,2.0,0.0,2.0,2.0,16.0,6.0,12.0,26.0,0.0,0.0,0.0,1.0,18.2,1,1,1,1,11384,6026,10158,4675,12984,23774,13237,22259,7214,8004,1,1,12373,13004,1.0,25:23,2015,2016
2015-16,201160,Jason Smith,Jason,1610612753,ORL,Orlando Magic,21500698,2016-01-29T00:00:00,ORL @ BOS,L,11.0,0.0,2.0,0.0,2.0,8.0,3.0,4.0,8.0,0.0,1.0,3.0,0.0,8.2,1,13074,13074,13074,22028,12059,4731,9917,12984,13914,7138,8806,21543,8004,17214,17641,18762,20416,1.0,11:00,2015,2016
2015-16,203894,Shabazz Napier,Shabazz,1610612753,ORL,Orlando Magic,21500698,2016-01-29T00:00:00,ORL @ BOS,L,17.7,3.0,0.0,0.0,2.0,12.0,3.0,8.0,20.0,0.0,0.0,1.0,1.0,20.9,1,13074,13074,13074,17735,4307,10158,9917,12984,20178,7138,17194,11929,8004,1,4972,12373,11132,1.0,17:44,2015,2016
2015-16,202334,Ed Davis,Ed,1610612757,POR,Portland Trail Blazers,21500705,2016-01-29T00:00:00,POR vs. CHA,W,19.2,2.0,0.0,0.0,2.0,4.0,4.0,8.0,12.0,0.0,0.0,2.0,1.0,7.8,1,1,1,1,16559,6026,10158,9917,12984,6141,8458,17194,18637,8004,1,11390,12373,20696,1.0,19:10,2015,2016
2015-16,201571,D.J. Augustin,D.J.,1610612760,OKC,Oklahoma City Thunder,21500701,2016-01-29T00:00:00,OKC vs. HOU,W,18.5,0.0,0.0,0.0,0.0,3.0,4.0,7.0,18.0,0.0,0.0,3.0,3.0,16.5,1,1,1,1,17120,12059,10158,9917,18861,5109,8458,15538,13577,8004,1,17641,4736,14224,1.0,18:28,2015,2016
2015-16,2746,Josh Smith,Josh,1610612745,HOU,Houston Rockets,21500701,2016-01-29T00:00:00,HOU @ OKC,L,15.4,0.0,0.0,0.0,4.0,9.0,4.0,8.0,22.0,1.0,0.0,2.0,1.0,13.2,1,13074,13074,13074,19463,12059,10158,9917,8599,15771,8458,17194,10265,2692,1,11390,12373,16768,1.0,15:26,2015,2016
2015-16,201603,Sonny Weems,Sonny,1610612756,PHX,Phoenix Suns,21500700,2016-01-29T00:00:00,PHX @ NYK,L,14.7,0.0,0.0,0.0,0.0,9.0,0.0,6.0,12.0,0.0,0.0,0.0,0.0,8.0,1,13074,13074,13074,19947,12059,10158,9917,18861,15771,1,13388,18637,8004,1,1,18762,20564,1.0,14:43,2015,2016
2015-16,203933,T.J. Warren,T.J.,1610612756,PHX,Phoenix Suns,21500700,2016-01-29T00:00:00,PHX @ NYK,L,19.6,2.0,0.0,4.0,6.0,4.0,4.0,7.0,14.0,0.0,0.0,1.0,2.0,15.9,1,13074,13074,13074,16234,6026,10158,1913,5299,6141,8458,15538,17019,8004,1,4972,7786,14675,1.0,19:36,2015,2016
2015-16,202713,Kyle Singler,Kyle,1610612760,OKC,Oklahoma City Thunder,21500701,2016-01-29T00:00:00,OKC vs. HOU,W,26.1,0.0,0.0,3.0,2.0,10.0,8.0,10.0,28.0,0.0,0.0,4.0,1.0,8.0,1,1,1,1,10735,12059,10158,3302,12984,17370,17345,20169,5824,8004,1,22104,12373,20564,1.0,26:09,2015,2016
2015-16,203584,Troy Daniels,Troy,1610612766,CHA,Charlotte Hornets,21500705,2016-01-29T00:00:00,CHA @ POR,L,8.0,0.0,0.0,0.0,0.0,3.0,2.0,0.0,10.0,0.0,0.0,2.0,0.0,3.0,1,13074,13074,13074,23170,12059,10158,9917,18861,5109,3734,1,20209,8004,1,11390,18762,23648,1.0,8:02,2015,2016
2015-16,204060,Joe Ingles,Joe,1610612762,UTA,Utah Jazz,21500704,2016-01-29T00:00:00,UTA vs. MIN,W,15.0,0.0,0.0,0.0,0.0,4.0,4.0,6.0,16.0,0.0,0.0,3.0,0.0,12.9,1,1,1,1,19726,12059,10158,9917,18861,6141,8458,13388,15259,8004,1,17641,18762,17049,1.0,15:03,2015,2016
2015-16,202699,Tobias Harris,Tobias,1610612753,ORL,Orlando Magic,21500698,2016-01-29T00:00:00,ORL @ BOS,L,27.7,0.0,3.0,4.0,2.0,8.0,7.0,8.0,30.0,0.0,2.0,2.0,1.0,16.4,1,13074,13074,13074,9469,12059,3104,1913,12984,13914,15642,17194,4541,8004,23588,11390,12373,14289,1.0,27:41,2015,2016
2015-16,1626173,Rashad Vaughn,Rashad,1610612749,MIL,Milwaukee Bucks,21500703,2016-01-29T00:00:00,MIL vs. MIA,L,11.4,6.0,0.0,2.0,0.0,7.0,4.0,4.0,10.0,0.0,1.0,1.0,0.0,8.2,1,13074,13074,13074,21887,878,10158,4675,18861,12242,8458,8806,20209,8004,17214,4972,18762,20416,1.0,11:21,2015,2016
2015-16,202682,Derrick Williams,Derrick,1610612752,NYK,New York Knicks,21500700,2016-01-29T00:00:00,NYK vs. PHX,W,18.7,2.0,2.0,4.0,4.0,8.0,4.0,6.0,22.0,0.0,1.0,0.0,3.0,18.6,1,1,1,1,16958,6026,4731,1913,8599,13914,8458,13388,10265,8004,17214,1,4736,12715,1.0,18:41,2015,2016
2015-16,203895,Jordan McRae,Jordan,1610612756,PHX,Phoenix Suns,21500700,2016-01-29T00:00:00,PHX @ NYK,L,25.1,0.0,2.0,0.0,2.0,4.0,5.0,3.0,12.0,0.0,1.0,2.0,4.0,21.4,1,13074,13074,13074,11594,12059,4731,9917,12984,6141,11469,7328,18637,8004,17214,11390,2748,10807,1.0,25:06,2015,2016
2015-16,203141,Mirza Teletovic,Mirza,1610612756,PHX,Phoenix Suns,21500700,2016-01-29T00:00:00,PHX @ NYK,L,16.5,2.0,0.0,0.0,2.0,0.0,2.0,0.0,8.0,1.0,0.0,2.0,1.0,8.5,1,13074,13074,13074,18631,6026,10158,9917,12984,1,3734,1,21543,2692,1,11390,12373,20215,1.0,16:32,2015,2016
2015-16,202340,Avery Bradley,Avery,1610612738,BOS,Boston Celtics,21500698,2016-01-29T00:00:00,BOS vs. ORL,W,33.1,2.0,0.0,0.0,2.0,4.0,6.0,6.0,20.0,0.0,0.0,3.0,1.0,12.9,1,1,1,1,5064,6026,10158,9917,12984,6141,13237,13388,11929,8004,1,17641,12373,17049,1.0,33:04,2015,2016
2015-16,101141,Ersan Ilyasova,Ersan,1610612765,DET,Detroit Pistons,21500699,2016-01-29T00:00:00,DET vs. CLE,L,26.7,0.0,0.0,0.0,2.0,6.0,9.0,11.0,24.0,0.0,0.0,4.0,3.0,17.8,1,13074,13074,13074,10272,12059,10158,9917,12984,10028,19144,21342,8723,8004,1,22104,4736,13309,1.0,26:42,2015,2016
2015-16,202694,Marcus Morris Sr.,Marcus,1610612765,DET,Detroit Pistons,21500699,2016-01-29T00:00:00,DET vs. CLE,L,30.4,5.0,0.0,0.0,2.0,5.0,9.0,9.0,26.0,0.0,0.0,4.0,8.0,21.4,1,13074,13074,13074,7196,1603,10158,9917,12984,8403,19144,18829,7214,8004,1,22104,254,10807,1.0,30:23,2015,2016
2015-16,203086,Meyers Leonard,Meyers,1610612757,POR,Portland Trail Blazers,21500705,2016-01-29T00:00:00,POR vs. CHA,W,16.7,0.0,2.0,0.0,2.0,2.0,4.0,6.0,10.0,0.0,0.0,3.0,0.0,16.4,1,1,1,1,18505,12059,4731,9917,12984,2619,8458,13388,20209,8004,1,17641,18762,14289,1.0,16:42,2015,2016
2015-16,203077,Michael Kidd-Gilchrist,Michael,1610612766,CHA,Charlotte Hornets,21500705,2016-01-29T00:00:00,CHA @ POR,L,33.6,4.0,2.0,6.0,10.0,17.0,7.0,11.0,32.0,0.0,1.0,0.0,5.0,20.9,1,13074,13074,13074,4710,2460,4731,740,1840,24337,15642,21342,3535,8004,17214,1,1539,11132,1.0,33:33,2015,2016
2015-16,203092,Tyler Zeller,Tyler,1610612738,BOS,Boston Celtics,21500698,2016-01-29T00:00:00,BOS vs. ORL,W,5.8,0.0,0.0,0.0,2.0,3.0,0.0,0.0,2.0,0.0,0.0,0.0,0.0,2.0,1,1,1,1,24066,12059,10158,9917,12984,5109,1,1,24614,8004,1,1,18762,24216,1.0,5:46,2015,2016
2015-16,203521,Matthew Dellavedova,Matthew,1610612739,CLE,Cleveland Cavaliers,21500699,2016-01-29T00:00:00,CLE @ DET,W,20.9,0.0,0.0,0.0,0.0,12.0,7.0,6.0,24.0,0.0,0.0,3.0,1.0,16.6,1,1,1,1,15109,12059,10158,9917,18861,20178,15642,13388,8723,8004,1,17641,12373,14125,1.0,20:56,2015,2016
2015-16,203991,Clint Capela,Clint,1610612745,HOU,Houston Rockets,21500701,2016-01-29T00:00:00,HOU @ OKC,L,22.9,2.0,0.0,1.0,10.0,5.0,6.0,11.0,26.0,1.0,1.0,5.0,2.0,18.6,1,13074,13074,13074,13470,6026,10158,9347,1840,8403,13237,21342,7214,2692,17214,24686,7786,12715,1.0,22:53,2015,2016
2015-16,201601,Luc Mbah a Moute,Luc,1610612746,LAC,LA Clippers,21500706,2016-01-29T00:00:00,LAC vs. LAL,W,17.9,0.0,0.0,0.0,0.0,2.0,4.0,5.0,12.0,1.0,1.0,2.0,1.0,8.4,1,1,1,1,17632,12059,10158,9917,18861,2619,8458,11593,18637,2692,17214,11390,12373,20273,1.0,17:51,2015,2016
2015-16,201977,Marcus Thornton,Marcus,1610612745,HOU,Houston Rockets,21500701,2016-01-29T00:00:00,HOU @ OKC,L,9.8,0.0,2.0,0.0,2.0,5.0,0.0,2.0,10.0,0.0,0.0,0.0,0.0,12.8,1,13074,13074,13074,22519,12059,4731,9917,12984,8403,1,4025,20209,8004,1,1,18762,17129,1.0,9:49,2015,2016
2015-16,1626159,Justise Winslow,Justise,1610612748,MIA,Miami Heat,21500703,2016-01-29T00:00:00,MIA @ MIL,W,32.6,2.0,2.0,0.0,4.0,20.0,11.0,13.0,34.0,0.0,0.0,3.0,1.0,12.8,1,1,1,1,5408,6026,4731,9917,8599,25338,21814,23048,2701,8004,1,17641,12373,17129,1.0,32:37,2015,2016
2015-16,202083,Wesley Matthews,Wesley,1610612742,DAL,Dallas Mavericks,21500702,2016-01-29T00:00:00,DAL vs. BKN,W,34.4,0.0,0.0,0.0,0.0,4.0,3.0,2.0,24.0,0.0,0.0,1.0,0.0,12.5,1,1,1,1,4038,12059,10158,9917,18861,6141,7138,4025,8723,8004,1,4972,18762,17372,1.0,34:23,2015,2016
2015-16,101161,Amir Johnson,Amir,1610612738,BOS,Boston Celtics,21500698,2016-01-29T00:00:00,BOS vs. ORL,W,21.1,2.0,1.0,2.0,4.0,4.0,8.0,8.0,18.0,1.0,0.0,4.0,1.0,17.9,1,1,1,1,14959,6026,9709,4675,8599,6141,17345,17194,13577,2692,1,22104,12373,13229,1.0,21:07,2015,2016
2015-16,2199,Tyson Chandler,Tyson,1610612756,PHX,Phoenix Suns,21500700,2016-01-29T00:00:00,PHX @ NYK,L,21.5,0.0,0.0,2.0,2.0,16.0,6.0,7.0,20.0,0.0,0.0,0.0,1.0,17.9,1,13074,13074,13074,14599,12059,10158,4675,12984,23774,13237,15538,11929,8004,1,1,12373,13229,1.0,21:30,2015,2016
2015-16,203504,Trey Burke,Trey,1610612762,UTA,Utah Jazz,21500704,2016-01-29T00:00:00,UTA vs. MIN,W,18.8,3.0,3.0,0.0,0.0,4.0,4.0,2.0,14.0,0.0,1.0,1.0,2.0,20.7,1,1,1,1,16907,4307,3104,9917,18861,6141,8458,4025,17019,8004,17214,4972,7786,11252,1.0,18:45,2015,2016
2015-16,202693,Markieff Morris,Markieff,1610612756,PHX,Phoenix Suns,21500700,2016-01-29T00:00:00,PHX @ NYK,L,28.7,0.0,0.0,0.0,2.0,4.0,5.0,7.0,22.0,1.0,0.0,3.0,2.0,21.0,1,13074,13074,13074,8685,12059,10158,9917,12984,6141,11469,15538,10265,2692,1,17641,7786,11077,1.0,28:39,2015,2016
2015-16,1626156,D'Angelo Russell,D'Angelo,1610612747,LAL,Los Angeles Lakers,21500706,2016-01-29T00:00:00,LAL @ LAC,L,25.4,2.0,0.0,3.0,0.0,23.0,4.0,15.0,36.0,0.0,2.0,2.0,0.0,18.9,1,13074,13074,13074,11356,6026,10158,3302,18861,25803,8458,24242,1943,8004,23588,11390,18762,12513,1.0,25:25,2015,2016
2015-16,2747,JR Smith,JR,1610612739,CLE,Cleveland Cavaliers,21500699,2016-01-29T00:00:00,CLE @ DET,W,32.7,0.0,0.0,0.0,0.0,6.0,8.0,9.0,36.0,0.0,1.0,2.0,0.0,10.4,1,1,1,1,5384,12059,10158,9917,18861,10028,17345,18829,1943,8004,17214,11390,18762,18859,1.0,32:39,2015,2016
2015-16,203114,Khris Middleton,Khris,1610612749,MIL,Milwaukee Bucks,21500703,2016-01-29T00:00:00,MIL vs. MIA,L,39.0,5.0,0.0,0.0,2.0,17.0,11.0,9.0,26.0,0.0,1.0,2.0,3.0,19.4,1,13074,13074,13074,1078,1603,10158,9917,12984,24337,21814,18829,7214,8004,17214,11390,4736,12154,1.0,38:59,2015,2016
2015-16,200755,JJ Redick,JJ,1610612746,LAC,LA Clippers,21500706,2016-01-29T00:00:00,LAC vs. LAL,W,21.8,0.0,0.0,0.0,0.0,4.0,2.0,9.0,14.0,0.0,0.0,2.0,2.0,14.2,1,1,1,1,14347,12059,10158,9917,18861,6141,3734,18829,17019,8004,1,11390,7786,16003,1.0,21:48,2015,2016
2015-16,203500,Steven Adams,Steven,1610612760,OKC,Oklahoma City Thunder,21500701,2016-01-29T00:00:00,OKC vs. HOU,W,23.9,0.0,1.0,0.0,2.0,10.0,6.0,11.0,26.0,2.0,0.0,2.0,2.0,26.0,1,1,1,1,12665,12059,9709,9917,12984,17370,13237,21342,7214,932,1,11390,7786,7910,1.0,23:53,2015,2016
2015-16,202324,Derrick Favors,Derrick,1610612762,UTA,Utah Jazz,21500704,2016-01-29T00:00:00,UTA vs. MIN,W,34.9,6.0,6.0,4.0,16.0,16.0,8.0,12.0,30.0,1.0,1.0,4.0,2.0,34.3,1,1,1,1,3621,878,481,1913,275,23774,17345,22259,4541,2692,17214,22104,7786,4063,1.0,34:53,2015,2016
2015-16,201147,Corey Brewer,Corey,1610612745,HOU,Houston Rockets,21500701,2016-01-29T00:00:00,HOU @ OKC,L,30.3,6.0,2.0,11.0,14.0,8.0,7.0,13.0,32.0,1.0,1.0,2.0,5.0,22.9,1,13074,13074,13074,7237,878,4731,69,542,13914,15642,23048,3535,2692,17214,11390,1539,9811,1.0,30:20,2015,2016
2015-16,202388,Donald Sloan,Donald,1610612751,BKN,Brooklyn Nets,21500702,2016-01-29T00:00:00,BKN @ DAL,L,35.5,0.0,0.0,0.0,6.0,7.0,11.0,5.0,22.0,0.0,1.0,0.0,3.0,25.4,1,13074,13074,13074,3147,12059,10158,9917,5299,12242,21814,11593,10265,8004,17214,1,4736,8273,1.0,35:29,2015,2016
2015-16,202704,Reggie Jackson,Reggie,1610612765,DET,Detroit Pistons,21500699,2016-01-29T00:00:00,DET vs. CLE,L,32.5,0.0,2.0,2.0,10.0,7.0,12.0,11.0,28.0,0.0,1.0,0.0,3.0,23.4,1,13074,13074,13074,5530,12059,4731,4675,1840,12242,22832,21342,5824,8004,17214,1,4736,9501,1.0,32:28,2015,2016
2015-16,202328,Greg Monroe,Greg,1610612749,MIL,Milwaukee Bucks,21500703,2016-01-29T00:00:00,MIL vs. MIA,L,34.1,2.0,8.0,4.0,14.0,20.0,11.0,6.0,26.0,1.0,4.0,2.0,6.0,34.5,1,13074,13074,13074,4253,6026,137,1913,542,25338,21814,13388,7214,2692,25926,11390,873,3997,1.0,34:07,2015,2016
2015-16,201586,Serge Ibaka,Serge,1610612760,OKC,Oklahoma City Thunder,21500701,2016-01-29T00:00:00,OKC vs. HOU,W,25.7,0.0,0.0,0.0,0.0,6.0,8.0,12.0,24.0,2.0,2.0,5.0,0.0,9.9,1,1,1,1,11135,12059,10158,9917,18861,10028,17345,22259,8723,932,23588,24686,18762,19247,1.0,25:40,2015,2016
2015-16,201156,Nick Young,Nick,1610612747,LAL,Los Angeles Lakers,21500706,2016-01-29T00:00:00,LAL @ LAC,L,13.8,0.0,2.0,0.0,0.0,7.0,1.0,8.0,20.0,0.0,0.0,1.0,1.0,10.4,1,13074,13074,13074,20533,12059,4731,9917,18861,12242,3393,17194,11929,8004,1,4972,12373,18859,1.0,13:47,2015,2016
2015-16,203935,Marcus Smart,Marcus,1610612738,BOS,Boston Celtics,21500698,2016-01-29T00:00:00,BOS vs. ORL,W,28.4,4.0,3.0,4.0,4.0,9.0,9.0,8.0,18.0,1.0,1.0,3.0,4.0,34.4,1,1,1,1,8915,2460,3104,1913,8599,15771,19144,17194,13577,2692,17214,17641,2748,4029,1.0,28:24,2015,2016
2015-16,202498,Lance Thomas,Lance,1610612752,NYK,New York Knicks,21500700,2016-01-29T00:00:00,NYK vs. PHX,W,19.2,0.0,0.0,0.0,2.0,6.0,2.0,6.0,16.0,0.0,0.0,2.0,1.0,10.4,1,1,1,1,16501,12059,10158,9917,12984,10028,3734,13388,15259,8004,1,11390,12373,18859,1.0,19:14,2015,2016
2015-16,200826,J.J. Barea,J.J.,1610612742,DAL,Dallas Mavericks,21500702,2016-01-29T00:00:00,DAL vs. BKN,W,24.9,2.0,0.0,3.0,2.0,6.0,7.0,2.0,14.0,0.0,0.0,3.0,2.0,23.1,1,1,1,1,11748,6026,10158,3302,12984,10028,15642,4025,17019,8004,1,17641,7786,9699,1.0,24:54,2015,2016
2015-16,101123,Gerald Green,Gerald,1610612748,MIA,Miami Heat,21500703,2016-01-29T00:00:00,MIA @ MIL,W,20.2,4.0,4.0,3.0,6.0,11.0,4.0,8.0,18.0,1.0,2.0,1.0,1.0,25.9,1,1,1,1,15694,2460,1596,3302,5299,18886,8458,17194,13577,2692,23588,4972,12373,7960,1.0,20:14,2015,2016
2015-16,201976,Patrick Beverley,Patrick,1610612745,HOU,Houston Rockets,21500701,2016-01-29T00:00:00,HOU @ OKC,L,28.5,0.0,0.0,2.0,2.0,6.0,13.0,17.0,30.0,1.0,1.0,3.0,2.0,33.5,1,13074,13074,13074,8804,12059,10158,4675,12984,10028,23668,24967,4541,2692,17214,17641,7786,4348,1.0,28:31,2015,2016
2015-16,203498,Shabazz Muhammad,Shabazz,1610612750,MIN,Minnesota Timberwolves,21500704,2016-01-29T00:00:00,MIN @ UTA,L,21.8,0.0,2.0,0.0,6.0,13.0,11.0,2.0,30.0,0.0,0.0,0.0,2.0,19.3,1,13074,13074,13074,14302,12059,4731,9917,5299,21300,21814,4025,4541,8004,1,1,7786,12228,1.0,21:50,2015,2016
2015-16,202330,Gordon Hayward,Gordon,1610612762,UTA,Utah Jazz,21500704,2016-01-29T00:00:00,UTA vs. MIN,W,35.5,2.0,0.0,2.0,6.0,20.0,10.0,12.0,36.0,0.0,0.0,3.0,2.0,19.0,1,1,1,1,3161,6026,10158,4675,5299,25338,20509,22259,1943,8004,1,17641,7786,12440,1.0,35:28,2015,2016
2015-16,201177,Josh McRoberts,Josh,1610612748,MIA,Miami Heat,21500703,2016-01-29T00:00:00,MIA @ MIL,W,16.1,0.0,2.0,0.0,0.0,11.0,6.0,6.0,18.0,1.0,0.0,3.0,0.0,10.2,1,1,1,1,18942,12059,4731,9917,18861,18886,13237,13388,13577,2692,1,17641,18762,19003,1.0,16:08,2015,2016
2015-16,200782,P.J. Tucker,P.J.,1610612756,PHX,Phoenix Suns,21500700,2016-01-29T00:00:00,PHX @ NYK,L,35.5,2.0,2.0,2.0,6.0,18.0,11.0,14.0,34.0,2.0,1.0,3.0,2.0,35.0,1,13074,13074,13074,3165,6026,4731,4675,5299,24749,21814,23710,2701,932,17214,17641,7786,3813,1.0,35:28,2015,2016
2015-16,204038,Langston Galloway,Langston,1610612752,NYK,New York Knicks,21500694,2016-01-28T00:00:00,NYK @ TOR,L,31.5,2.0,0.0,4.0,12.0,5.0,12.0,10.0,30.0,2.0,0.0,3.0,0.0,25.8,1,13074,13074,13074,6348,6026,10158,1913,988,8403,22832,20169,4541,932,1,17641,18762,8022,1.0,31:27,2015,2016
2015-16,203118,Mike Scott,Mike,1610612737,ATL,Atlanta Hawks,21500692,2016-01-28T00:00:00,ATL @ IND,L,17.4,0.0,2.0,3.0,2.0,11.0,5.0,7.0,14.0,0.0,0.0,0.0,1.0,10.4,1,13074,13074,13074,17960,12059,4731,3302,12984,18886,11469,15538,17019,8004,1,1,12373,18859,1.0,17:24,2015,2016
2015-16,101139,CJ Miles,CJ,1610612754,IND,Indiana Pacers,21500692,2016-01-28T00:00:00,IND vs. ATL,W,23.2,0.0,0.0,0.0,4.0,4.0,2.0,5.0,20.0,0.0,0.0,5.0,0.0,14.6,1,1,1,1,13180,12059,10158,9917,8599,6141,3734,11593,11929,8004,1,24686,18762,15699,1.0,23:13,2015,2016
2015-16,203145,Kent Bazemore,Kent,1610612737,ATL,Atlanta Hawks,21500692,2016-01-28T00:00:00,ATL @ IND,L,30.2,2.0,0.0,2.0,6.0,14.0,9.0,9.0,14.0,0.0,1.0,5.0,3.0,22.8,1,13074,13074,13074,7399,6026,10158,4675,5299,22292,19144,18829,17019,8004,17214,24686,4736,9883,1.0,30:09,2015,2016
2015-16,201600,Omer Asik,Omer,1610612740,NOP,New Orleans Pelicans,21500696,2016-01-28T00:00:00,NOP vs. SAC,W,26.9,0.0,4.0,0.0,8.0,7.0,0.0,8.0,28.0,4.0,1.0,3.0,2.0,33.6,1,1,1,1,10087,12059,1596,9917,3109,12242,1,17194,5824,132,17214,17641,7786,4305,1.0,26:55,2015,2016
2015-16,202687,Bismack Biyombo,Bismack,1610612761,TOR,Toronto Raptors,21500694,2016-01-28T00:00:00,TOR vs. NYK,W,19.7,1.0,2.0,0.0,4.0,0.0,4.0,0.0,12.0,1.0,0.0,2.0,2.0,10.4,1,1,1,1,16180,11535,4731,9917,8599,1,8458,1,18637,2692,1,11390,7786,18859,1.0,19:41,2015,2016
2015-16,200797,Ryan Hollins,Ryan,1610612763,MEM,Memphis Grizzlies,21500695,2016-01-28T00:00:00,MEM vs. MIL,W,17.8,0.0,2.0,1.0,4.0,8.0,2.0,3.0,14.0,1.0,2.0,4.0,2.0,14.3,1,1,1,1,17647,12059,4731,9347,8599,13914,3734,7328,17019,2692,23588,22104,7786,15948,1.0,17:50,2015,2016
2015-16,203914,Gary Harris,Gary,1610612743,DEN,Denver Nuggets,21500693,2016-01-28T00:00:00,DEN @ WAS,W,28.8,2.0,0.0,2.0,2.0,12.0,12.0,21.0,24.0,0.0,2.0,2.0,0.0,10.2,1,1,1,1,8553,6026,10158,4675,12984,20178,22832,25725,8723,8004,23588,11390,18762,19003,1.0,28:47,2015,2016
2015-16,2594,Kyle Korver,Kyle,1610612737,ATL,Atlanta Hawks,21500692,2016-01-28T00:00:00,ATL @ IND,L,29.7,0.0,2.0,0.0,2.0,12.0,6.0,12.0,16.0,0.0,0.0,3.0,1.0,14.9,1,13074,13074,13074,7832,12059,4731,9917,12984,20178,13237,22259,15259,8004,1,17641,12373,15463,1.0,29:40,2015,2016
2015-16,2400,Drew Gooden,Drew,1610612764,WAS,Washington Wizards,21500693,2016-01-28T00:00:00,WAS vs. DEN,L,11.9,3.0,0.0,3.0,0.0,7.0,5.0,4.0,12.0,0.0,0.0,1.0,1.0,10.4,1,13074,13074,13074,21644,4307,10158,3302,18861,12242,11469,8806,18637,8004,1,4972,12373,18859,1.0,11:53,2015,2016
2015-16,203953,Jabari Parker,Jabari,1610612749,MIL,Milwaukee Bucks,21500695,2016-01-28T00:00:00,MIL @ MEM,L,29.3,1.0,2.0,0.0,4.0,16.0,6.0,6.0,24.0,0.0,0.0,2.0,3.0,19.6,1,13074,13074,13074,8167,11535,4731,9917,8599,23774,13237,13388,8723,8004,1,11390,4736,12024,1.0,29:15,2015,2016
2015-16,202066,Garrett Temple,Garrett,1610612764,WAS,Washington Wizards,21500693,2016-01-28T00:00:00,WAS vs. DEN,L,38.5,6.0,3.0,2.0,4.0,8.0,9.0,3.0,28.0,0.0,2.0,3.0,2.0,33.5,1,13074,13074,13074,1289,878,3104,4675,8599,13914,19144,7328,5824,8004,23588,17641,7786,4348,1.0,38:28,2015,2016
2015-16,977,Kobe Bryant,Kobe,1610612747,LAL,Los Angeles Lakers,21500697,2016-01-28T00:00:00,LAL vs. CHI,L,25.1,0.0,0.0,0.0,2.0,6.0,10.0,13.0,26.0,0.0,0.0,2.0,0.0,23.3,1,13074,13074,13074,11607,12059,10158,9917,12984,10028,20509,23048,7214,8004,1,11390,18762,9567,1.0,25:05,2015,2016
2015-16,200757,Thabo Sefolosha,Thabo,1610612737,ATL,Atlanta Hawks,21500692,2016-01-28T00:00:00,ATL @ IND,L,27.2,2.0,1.0,0.0,4.0,15.0,9.0,8.0,14.0,1.0,1.0,1.0,3.0,26.1,1,13074,13074,13074,9834,6026,9709,9917,8599,23079,19144,17194,17019,2692,17214,4972,4736,7836,1.0,27:14,2015,2016
2015-16,201565,Derrick Rose,Derrick,1610612741,CHI,Chicago Bulls,21500697,2016-01-28T00:00:00,CHI @ LAL,W,28.7,0.0,0.0,2.0,8.0,7.0,0.0,12.0,20.0,0.0,0.0,2.0,3.0,33.9,1,1,1,1,8647,12059,10158,4675,3109,12242,1,22259,11929,8004,1,11390,4736,4208,1.0,28:42,2015,2016
2015-16,203101,Miles Plumlee,Miles,1610612749,MIL,Milwaukee Bucks,21500695,2016-01-28T00:00:00,MIL @ MEM,L,19.1,0.0,0.0,0.0,6.0,2.0,4.0,1.0,10.0,2.0,0.0,1.0,1.0,25.5,1,13074,13074,13074,16614,12059,10158,9917,5299,2619,8458,3646,20209,932,1,4972,12373,8230,1.0,19:06,2015,2016
2015-16,201959,Taj Gibson,Taj,1610612741,CHI,Chicago Bulls,21500697,2016-01-28T00:00:00,CHI @ LAL,W,36.1,0.0,2.0,2.0,6.0,9.0,5.0,12.0,24.0,2.0,0.0,2.0,2.0,34.7,1,1,1,1,2669,12059,4731,4675,5299,15771,11469,22259,8723,932,1,11390,7786,3935,1.0,36:06,2015,2016
2015-16,201196,Ramon Sessions,Ramon,1610612764,WAS,Washington Wizards,21500693,2016-01-28T00:00:00,WAS vs. DEN,L,16.3,3.0,0.0,7.0,6.0,4.0,0.0,9.0,12.0,0.0,1.0,0.0,3.0,19.6,1,13074,13074,13074,18845,4307,10158,454,5299,6141,1,18829,18637,8004,17214,1,4736,12024,1.0,16:16,2015,2016
2015-16,201967,Dante Cunningham,Dante,1610612740,NOP,New Orleans Pelicans,21500696,2016-01-28T00:00:00,NOP vs. SAC,W,8.5,0.0,0.0,0.0,0.0,3.0,6.0,0.0,4.0,0.0,0.0,1.0,0.0,1.2,1,1,1,1,23037,12059,10158,9917,18861,5109,13237,1,23698,8004,1,4972,18762,24661,1.0,8:27,2015,2016
2015-16,203501,Tim Hardaway Jr.,Tim,1610612737,ATL,Atlanta Hawks,21500692,2016-01-28T00:00:00,ATL @ IND,L,17.4,0.0,0.0,0.0,0.0,9.0,7.0,3.0,16.0,0.0,0.0,0.0,0.0,6.2,1,13074,13074,13074,18004,12059,10158,9917,18861,15771,15642,7328,15259,8004,1,1,18762,21696,1.0,17:21,2015,2016
2015-16,1626181,Norman Powell,Norman,1610612761,TOR,Toronto Raptors,21500694,2016-01-28T00:00:00,TOR vs. NYK,W,3.8,0.0,0.0,0.0,0.0,0.0,0.0,0.0,2.0,0.0,0.0,0.0,0.0,1.2,1,1,1,1,24809,12059,10158,9917,18861,1,1,1,24614,8004,1,1,18762,24661,1.0,3:46,2015,2016
2015-16,200794,Paul Millsap,Paul,1610612737,ATL,Atlanta Hawks,21500692,2016-01-28T00:00:00,ATL @ IND,L,13.3,0.0,0.0,0.0,2.0,3.0,4.0,5.0,10.0,0.0,1.0,0.0,2.0,11.0,1,13074,13074,13074,20817,12059,10158,9917,12984,5109,8458,11593,20209,8004,17214,1,7786,18430,1.0,13:17,2015,2016
2015-16,203503,Tony Snell,Tony,1610612741,CHI,Chicago Bulls,21500697,2016-01-28T00:00:00,CHI @ LAL,W,5.0,0.0,0.0,0.0,6.0,3.0,1.0,2.0,0.0,0.0,0.0,1.0,0.0,6.2,1,1,1,1,24354,12059,10158,9917,5299,5109,3393,4025,25429,8004,1,4972,18762,21696,1.0,5:02,2015,2016
2015-16,202338,Kevin Seraphin,Kevin,1610612752,NYK,New York Knicks,21500694,2016-01-28T00:00:00,NYK @ TOR,L,15.1,0.0,0.0,0.0,2.0,5.0,5.0,9.0,18.0,0.0,0.0,3.0,0.0,5.7,1,13074,13074,13074,19706,12059,10158,9917,12984,8403,11469,18829,13577,8004,1,17641,18762,22054,1.0,15:04,2015,2016
2015-16,2749,Jameer Nelson,Jameer,1610612743,DEN,Denver Nuggets,21500693,2016-01-28T00:00:00,DEN @ WAS,W,17.0,0.0,0.0,0.0,0.0,6.0,7.0,13.0,22.0,0.0,0.0,3.0,0.0,11.2,1,1,1,1,18243,12059,10158,9917,18861,10028,15642,23048,10265,8004,1,17641,18762,18267,1.0,17:02,2015,2016
2015-16,203963,Shayne Whittington,Shayne,1610612754,IND,Indiana Pacers,21500692,2016-01-28T00:00:00,IND vs. ATL,W,1.4,0.0,0.0,0.0,2.0,0.0,0.0,0.0,0.0,0.0,0.0,0.0,0.0,6.2,1,1,1,1,25747,12059,10158,9917,12984,1,1,1,25429,8004,1,1,18762,21696,1.0,1:23,2015,2016
2015-16,201158,Marco Belinelli,Marco,1610612758,SAC,Sacramento Kings,21500696,2016-01-28T00:00:00,SAC @ NOP,L,19.6,0.0,2.0,0.0,0.0,10.0,9.0,7.0,16.0,0.0,0.0,0.0,2.0,6.2,1,13074,13074,13074,16236,12059,4731,9917,18861,17370,19144,15538,15259,8004,1,1,7786,21696,1.0,19:35,2015,2016
2015-16,201579,Roy Hibbert,Roy,1610612747,LAL,Los Angeles Lakers,21500697,2016-01-28T00:00:00,LAL vs. CHI,L,19.0,0.0,0.0,0.0,0.0,6.0,10.0,8.0,22.0,1.0,2.0,4.0,0.0,10.7,1,13074,13074,13074,16698,12059,10158,9917,18861,10028,20509,17194,10265,2692,23588,22104,18762,18636,1.0,19:00,2015,2016
2015-16,202326,DeMarcus Cousins,DeMarcus,1610612758,SAC,Sacramento Kings,21500696,2016-01-28T00:00:00,SAC @ NOP,L,40.6,6.0,1.0,0.0,20.0,10.0,12.0,16.0,40.0,5.0,2.0,2.0,6.0,59.0,1,13074,13074,13074,588,878,9709,9917,59,17370,22832,24641,983,59,23588,11390,873,238,1.0,40:34,2015,2016
2015-16,202498,Lance Thomas,Lance,1610612752,NYK,New York Knicks,21500694,2016-01-28T00:00:00,NYK @ TOR,L,25.3,2.0,2.0,0.0,4.0,5.0,10.0,7.0,24.0,1.0,1.0,1.0,1.0,11.4,1,13074,13074,13074,11446,6026,4731,9917,8599,8403,20509,15538,8723,2692,17214,4972,12373,18134,1.0,25:18,2015,2016
2015-16,2754,Tony Allen,Tony,1610612763,MEM,Memphis Grizzlies,21500695,2016-01-28T00:00:00,MEM vs. MIL,W,28.0,2.0,3.0,4.0,10.0,6.0,6.0,8.0,28.0,1.0,0.0,3.0,2.0,24.4,1,1,1,1,9210,6026,3104,1913,1840,10028,13237,17194,5824,2692,1,17641,7786,8867,1.0,28:01,2015,2016
2015-16,201583,Ryan Anderson,Ryan,1610612740,NOP,New Orleans Pelicans,21500696,2016-01-28T00:00:00,NOP vs. SAC,W,40.5,6.0,5.0,6.0,8.0,14.0,2.0,13.0,42.0,0.0,0.0,2.0,4.0,51.8,1,1,1,1,611,878,995,740,3109,22292,3734,23048,670,8004,1,11390,2748,586,1.0,40:27,2015,2016
2015-16,2200,Pau Gasol,Pau,1610612741,CHI,Chicago Bulls,21500697,2016-01-28T00:00:00,CHI @ LAL,W,30.6,2.0,4.0,0.0,8.0,4.0,5.0,11.0,16.0,1.0,0.0,3.0,2.0,48.9,1,1,1,1,7058,6026,1596,9917,3109,6141,11469,21342,15259,2692,1,17641,7786,874,1.0,30:33,2015,2016
2015-16,203490,Otto Porter Jr.,Otto,1610612764,WAS,Washington Wizards,21500693,2016-01-28T00:00:00,WAS vs. DEN,L,15.5,0.0,0.0,2.0,0.0,7.0,4.0,4.0,18.0,0.0,0.0,2.0,2.0,7.4,1,13074,13074,13074,19433,12059,10158,4675,18861,12242,8458,8806,13577,8004,1,11390,7786,20912,1.0,15:28,2015,2016
2015-16,202710,Jimmy Butler III,Jimmy,1610612741,CHI,Chicago Bulls,21500697,2016-01-28T00:00:00,CHI @ LAL,W,31.2,6.0,4.0,6.0,18.0,4.0,3.0,13.0,18.0,0.0,0.0,1.0,4.0,59.0,1,1,1,1,6525,878,1596,740,131,6141,7138,23048,13577,8004,1,4972,2748,238,1.0,31:14,2015,2016
2015-16,200765,Rajon Rondo,Rajon,1610612758,SAC,Sacramento Kings,21500696,2016-01-28T00:00:00,SAC @ NOP,L,38.1,0.0,0.0,3.0,10.0,10.0,10.0,14.0,38.0,0.0,1.0,4.0,4.0,46.7,1,13074,13074,13074,1470,12059,10158,3302,1840,17370,20509,23710,1422,8004,17214,22104,2748,1112,1.0,38:05,2015,2016
2015-16,202685,Jonas Valančiūnas,Jonas,1610612761,TOR,Toronto Raptors,21500694,2016-01-28T00:00:00,TOR vs. NYK,W,28.3,0.0,2.0,0.0,6.0,8.0,15.0,4.0,32.0,1.0,4.0,4.0,2.0,35.6,1,1,1,1,8991,12059,4731,9917,5299,13914,24781,8806,3535,2692,25926,22104,7786,3615,1.0,28:19,2015,2016
2015-16,200811,Lou Amundson,Lou,1610612752,NYK,New York Knicks,21500694,2016-01-28T00:00:00,NYK @ TOR,L,9.1,0.0,0.0,0.0,2.0,3.0,0.0,0.0,6.0,1.0,0.0,3.0,2.0,7.4,1,13074,13074,13074,22820,12059,10158,9917,12984,5109,1,1,22724,2692,1,17641,7786,20912,1.0,9:03,2015,2016
2015-16,201143,Al Horford,Al,1610612737,ATL,Atlanta Hawks,21500692,2016-01-28T00:00:00,ATL @ IND,L,34.2,0.0,2.0,0.0,8.0,13.0,6.0,11.0,20.0,3.0,0.0,3.0,1.0,35.8,1,13074,13074,13074,4186,12059,4731,9917,3109,21300,13237,21342,11929,347,1,17641,12373,3541,1.0,34:13,2015,2016
2015-16,201596,Mario Chalmers,Mario,1610612763,MEM,Memphis Grizzlies,21500695,2016-01-28T00:00:00,MEM vs. MIL,W,27.4,2.0,0.0,0.0,0.0,10.0,6.0,9.0,24.0,0.0,0.0,4.0,6.0,24.8,1,1,1,1,9688,6026,10158,9917,18861,17370,13237,18829,8723,8004,1,22104,873,8614,1.0,27:25,2015,2016
2015-16,202322,John Wall,John,1610612764,WAS,Washington Wizards,21500693,2016-01-28T00:00:00,WAS vs. DEN,L,41.0,1.0,6.0,5.0,6.0,14.0,9.0,9.0,34.0,2.0,0.0,3.0,5.0,53.9,1,13074,13074,13074,493,11535,481,1277,5299,22292,19144,18829,2701,932,1,17641,1539,459,1.0,40:58,2015,2016
2015-16,203463,Ben McLemore,Ben,1610612758,SAC,Sacramento Kings,21500696,2016-01-28T00:00:00,SAC @ NOP,L,30.9,0.0,0.0,6.0,4.0,2.0,6.0,9.0,32.0,0.0,1.0,3.0,3.0,36.8,1,13074,13074,13074,6835,12059,10158,740,8599,2619,13237,18829,3535,8004,17214,17641,4736,3241,1.0,30:52,2015,2016
2015-16,203903,Jordan Clarkson,Jordan,1610612747,LAL,Los Angeles Lakers,21500697,2016-01-28T00:00:00,LAL vs. CHI,L,26.7,0.0,0.0,3.0,6.0,12.0,10.0,19.0,36.0,0.0,1.0,0.0,5.0,24.8,1,13074,13074,13074,10321,12059,10158,3302,5299,20178,20509,25435,1943,8004,17214,1,1539,8614,1.0,26:39,2015,2016
2015-16,200768,Kyle Lowry,Kyle,1610612761,TOR,Toronto Raptors,21500694,2016-01-28T00:00:00,TOR vs. NYK,W,41.1,3.0,3.0,5.0,8.0,8.0,19.0,4.0,40.0,0.0,2.0,2.0,6.0,54.2,1,1,1,1,463,4307,3104,1277,3109,13914,25786,8806,983,8004,23588,11390,873,432,1.0,41:07,2015,2016
2015-16,1626167,Myles Turner,Myles,1610612754,IND,Indiana Pacers,21500692,2016-01-28T00:00:00,IND vs. ATL,W,26.5,2.0,2.0,1.0,8.0,6.0,4.0,4.0,30.0,1.0,2.0,3.0,5.0,29.7,1,1,1,1,10479,6026,4731,9347,3109,10028,8458,8806,4541,2692,23588,17641,1539,6006,1.0,26:28,2015,2016
2015-16,101145,Monta Ellis,Monta,1610612754,IND,Indiana Pacers,21500692,2016-01-28T00:00:00,IND vs. ATL,W,34.7,12.0,5.0,3.0,0.0,6.0,7.0,4.0,34.0,1.0,0.0,0.0,5.0,56.0,1,1,1,1,3772,27,995,3302,18861,10028,15642,8806,2701,2692,1,1,1539,352,1.0,34:43,2015,2016
2015-16,101162,Marcin Gortat,Marcin,1610612764,WAS,Washington Wizards,21500693,2016-01-28T00:00:00,WAS vs. DEN,L,29.2,0.0,4.0,0.0,10.0,7.0,9.0,6.0,26.0,2.0,0.0,3.0,2.0,29.5,1,13074,13074,13074,8254,12059,1596,9917,1840,12242,19144,13388,7214,932,1,17641,7786,6103,1.0,29:09,2015,2016
2015-16,201588,George Hill,George,1610612754,IND,Indiana Pacers,21500692,2016-01-28T00:00:00,IND vs. ATL,W,37.2,3.0,0.0,3.0,4.0,10.0,4.0,6.0,34.0,0.0,0.0,1.0,1.0,29.1,1,1,1,1,1991,4307,10158,3302,8599,17370,8458,13388,2701,8004,1,4972,12373,6285,1.0,37:10,2015,2016
2015-16,203944,Julius Randle,Julius,1610612747,LAL,Los Angeles Lakers,21500697,2016-01-28T00:00:00,LAL vs. CHI,L,26.7,2.0,0.0,6.0,8.0,8.0,12.0,15.0,32.0,1.0,1.0,2.0,3.0,29.1,1,13074,13074,13074,10321,6026,10158,740,3109,13914,22832,24242,3535,2692,17214,11390,4736,6285,1.0,26:39,2015,2016
2015-16,2403,Nene,ene,1610612764,WAS,Washington Wizards,21500693,2016-01-28T00:00:00,WAS vs. DEN,L,29.2,0.0,2.0,2.0,10.0,9.0,2.0,9.0,26.0,2.0,0.0,5.0,5.0,29.4,1,13074,13074,13074,8209,12059,4731,4675,1840,15771,3734,18829,7214,932,1,24686,1539,6143,1.0,29:12,2015,2016
2015-16,203948,Johnny O'Bryant III,Johnny,1610612749,MIL,Milwaukee Bucks,21500695,2016-01-28T00:00:00,MIL @ MEM,L,19.6,0.0,0.0,0.0,0.0,2.0,5.0,3.0,16.0,0.0,2.0,1.0,0.0,4.8,1,13074,13074,13074,16209,12059,10158,9917,18861,2619,11469,7328,15259,8004,23588,4972,18762,22657,1.0,19:38,2015,2016
2015-16,1626273,Marcelo Huertas,Marcelo,1610612747,LAL,Los Angeles Lakers,21500697,2016-01-28T00:00:00,LAL vs. CHI,L,5.0,0.0,0.0,0.0,0.0,0.0,0.0,0.0,8.0,0.0,0.0,0.0,0.0,6.9,1,13074,13074,13074,24354,12059,10158,9917,18861,1,1,1,21543,8004,1,1,18762,21262,1.0,5:02,2015,2016
2015-16,203527,Ryan Kelly,Ryan,1610612747,LAL,Los Angeles Lakers,21500697,2016-01-28T00:00:00,LAL vs. CHI,L,5.0,1.0,1.0,0.0,0.0,0.0,0.0,0.0,8.0,0.0,0.0,0.0,2.0,9.6,1,13074,13074,13074,24354,11535,9709,9917,18861,1,1,1,21543,8004,1,1,7786,19434,1.0,5:02,2015,2016
2015-16,201962,Toney Douglas,Toney,1610612740,NOP,New Orleans Pelicans,21500696,2016-01-28T00:00:00,NOP vs. SAC,W,9.0,0.0,0.0,0.0,0.0,7.0,5.0,2.0,8.0,0.0,2.0,1.0,1.0,3.4,1,1,1,1,22830,12059,10158,9917,18861,12242,11469,4025,21543,8004,23588,4972,12373,23417,1.0,9:01,2015,2016
2015-16,203471,Dennis Schröder,Dennis,1610612737,ATL,Atlanta Hawks,21500692,2016-01-28T00:00:00,ATL @ IND,L,13.9,0.0,0.0,0.0,4.0,2.0,5.0,3.0,12.0,0.0,2.0,2.0,1.0,9.2,1,13074,13074,13074,20479,12059,10158,9917,8599,2619,11469,7328,18637,8004,23588,11390,12373,19680,1.0,13:54,2015,2016
2015-16,2570,Kendrick Perkins,Kendrick,1610612740,NOP,New Orleans Pelicans,21500696,2016-01-28T00:00:00,NOP vs. SAC,W,6.1,0.0,0.0,0.0,0.0,4.0,0.0,2.0,6.0,0.0,0.0,1.0,0.0,-2.0,1,1,1,1,23932,12059,10158,9917,18861,6141,1,4025,22724,8004,1,4972,18762,26061,1.0,6:04,2015,2016
2015-16,1626202,Joe Young,Joe,1610612754,IND,Indiana Pacers,21500692,2016-01-28T00:00:00,IND vs. ATL,W,7.5,0.0,0.0,0.0,0.0,0.0,3.0,3.0,8.0,0.0,1.0,1.0,2.0,6.7,1,1,1,1,23382,12059,10158,9917,18861,1,7138,7328,21543,8004,17214,4972,7786,21376,1.0,7:32,2015,2016
2015-16,203946,Cameron Bairstow,Cameron,1610612741,CHI,Chicago Bulls,21500697,2016-01-28T00:00:00,CHI @ LAL,W,4.5,0.0,0.0,0.0,0.0,3.0,1.0,2.0,0.0,0.0,0.0,2.0,1.0,4.9,1,1,1,1,24553,12059,10158,9917,18861,5109,3393,4025,25429,8004,1,11390,12373,22621,1.0,4:29,2015,2016
2015-16,1626173,Rashad Vaughn,Rashad,1610612749,MIL,Milwaukee Bucks,21500695,2016-01-28T00:00:00,MIL @ MEM,L,20.8,0.0,0.0,0.0,0.0,2.0,5.0,4.0,18.0,0.0,1.0,1.0,0.0,5.0,1,13074,13074,13074,15274,12059,10158,9917,18861,2619,11469,8806,13577,8004,17214,4972,18762,22500,1.0,20:45,2015,2016
2015-16,200751,Randy Foye,Randy,1610612743,DEN,Denver Nuggets,21500693,2016-01-28T00:00:00,DEN @ WAS,W,13.3,0.0,0.0,0.0,0.0,5.0,2.0,13.0,20.0,1.0,0.0,0.0,0.0,7.2,1,1,1,1,20795,12059,10158,9917,18861,8403,3734,23048,11929,2692,1,1,18762,21035,1.0,13:19,2015,2016
2015-16,203934,Lamar Patterson,Lamar,1610612737,ATL,Atlanta Hawks,21500692,2016-01-28T00:00:00,ATL @ IND,L,2.0,0.0,0.0,0.0,0.0,2.0,0.0,0.0,4.0,0.0,0.0,0.0,0.0,0.0,1,13074,13074,13074,25524,12059,10158,9917,18861,2619,1,1,23698,8004,1,1,18762,25170,1.0,2:00,2015,2016
2015-16,203524,Solomon Hill,Solomon,1610612754,IND,Indiana Pacers,21500692,2016-01-28T00:00:00,IND vs. ATL,W,0.9,0.0,0.0,0.0,0.0,0.0,0.0,0.0,0.0,0.0,0.0,0.0,0.0,0.0,1,1,1,1,25900,12059,10158,9917,18861,1,1,1,25429,8004,1,1,18762,25170,1.0,0:54,2015,2016
2015-16,201144,Mike Conley,Mike,1610612763,MEM,Memphis Grizzlies,21500695,2016-01-28T00:00:00,MEM vs. MIL,W,23.8,4.0,0.0,2.0,2.0,3.0,6.0,4.0,26.0,0.0,0.0,1.0,1.0,21.7,1,1,1,1,12744,2460,10158,4675,12984,5109,13237,8806,7214,8004,1,4972,12373,10592,1.0,23:48,2015,2016
2015-16,1713,Vince Carter,Vince,1610612763,MEM,Memphis Grizzlies,21500695,2016-01-28T00:00:00,MEM vs. MIL,W,8.8,0.0,0.0,0.0,2.0,3.0,2.0,3.0,12.0,0.0,0.0,0.0,1.0,4.2,1,1,1,1,22939,12059,10158,9917,12984,5109,3734,7328,18637,8004,1,1,12373,22976,1.0,8:45,2015,2016
2015-16,203488,Mike Muscala,Mike,1610612737,ATL,Atlanta Hawks,21500692,2016-01-28T00:00:00,ATL @ IND,L,2.0,0.0,0.0,0.0,0.0,2.0,0.0,0.0,4.0,0.0,0.0,0.0,0.0,-1.0,1,13074,13074,13074,25524,12059,10158,9917,18861,2619,1,1,23698,8004,1,1,18762,25932,1.0,2:00,2015,2016
2015-16,202714,Shelvin Mack,Shelvin,1610612737,ATL,Atlanta Hawks,21500692,2016-01-28T00:00:00,ATL @ IND,L,2.0,0.0,0.0,0.0,0.0,2.0,0.0,0.0,4.0,0.0,0.0,0.0,0.0,-1.0,1,13074,13074,13074,25524,12059,10158,9917,18861,2619,1,1,23698,8004,1,1,18762,25932,1.0,2:00,2015,2016
2015-16,203922,Glenn Robinson III,Glenn,1610612754,IND,Indiana Pacers,21500692,2016-01-28T00:00:00,IND vs. ATL,W,10.0,2.0,0.0,0.0,2.0,4.0,0.0,5.0,6.0,0.0,0.0,0.0,0.0,6.7,1,1,1,1,22468,6026,10158,9917,12984,6141,1,11593,22724,8004,1,1,18762,21376,1.0,9:58,2015,2016
2015-16,203898,Tyler Ennis,Tyler,1610612749,MIL,Milwaukee Bucks,21500695,2016-01-28T00:00:00,MIL @ MEM,L,5.5,2.0,0.0,0.0,2.0,0.0,2.0,1.0,4.0,0.0,0.0,1.0,1.0,5.2,1,13074,13074,13074,24180,6026,10158,9917,12984,1,3734,3646,23698,8004,1,4972,12373,22370,1.0,5:28,2015,2016
2015-16,204028,Tarik Black,Tarik,1610612747,LAL,Los Angeles Lakers,21500697,2016-01-28T00:00:00,LAL vs. CHI,L,5.0,2.0,0.0,2.0,0.0,0.0,0.0,0.0,8.0,0.0,0.0,2.0,2.0,5.0,1,13074,13074,13074,24354,6026,10158,4675,18861,1,1,1,21543,8004,1,11390,7786,22500,1.0,5:02,2015,2016
2015-16,2034,Mike Miller,Mike,1610612743,DEN,Denver Nuggets,21500693,2016-01-28T00:00:00,DEN @ WAS,W,0.1,0.0,0.0,0.0,0.0,0.0,0.0,0.0,0.0,0.0,0.0,0.0,0.0,0.0,1,1,1,1,26052,12059,10158,9917,18861,1,1,1,25429,8004,1,1,18762,25170,1.0,0:04,2015,2016
2015-16,203210,JaMychal Green,JaMychal,1610612763,MEM,Memphis Grizzlies,21500695,2016-01-28T00:00:00,MEM vs. MIL,W,5.5,0.0,0.0,0.0,0.0,4.0,0.0,0.0,4.0,0.0,0.0,0.0,0.0,-1.0,1,1,1,1,24180,12059,10158,9917,18861,6141,1,1,23698,8004,1,1,18762,25932,1.0,5:28,2015,2016
2015-16,201585,Kosta Koufos,Kosta,1610612758,SAC,Sacramento Kings,21500696,2016-01-28T00:00:00,SAC @ NOP,L,7.3,0.0,0.0,0.0,0.0,2.0,3.0,0.0,6.0,2.0,0.0,3.0,1.0,8.7,1,13074,13074,13074,23447,12059,10158,9917,18861,2619,7138,1,22724,932,1,17641,12373,20045,1.0,7:20,2015,2016
2015-16,202087,Alonzo Gee,Alonzo,1610612740,NOP,New Orleans Pelicans,21500696,2016-01-28T00:00:00,NOP vs. SAC,W,28.6,4.0,0.0,4.0,6.0,12.0,0.0,8.0,32.0,0.0,0.0,2.0,2.0,26.4,1,1,1,1,8718,2460,10158,1913,5299,20178,1,17194,3535,8004,1,11390,7786,7672,1.0,28:37,2015,2016
2015-16,202734,E'Twaun Moore,E'Twaun,1610612741,CHI,Chicago Bulls,21500697,2016-01-28T00:00:00,CHI @ LAL,W,36.2,4.0,2.0,4.0,4.0,12.0,8.0,14.0,22.0,1.0,1.0,0.0,2.0,19.9,1,1,1,1,2635,2460,4731,1913,8599,20178,17345,23710,10265,2692,17214,1,7786,11824,1.0,36:10,2015,2016
2015-16,202708,Norris Cole,Norris,1610612740,NOP,New Orleans Pelicans,21500696,2016-01-28T00:00:00,NOP vs. SAC,W,37.8,2.0,2.0,2.0,8.0,11.0,1.0,10.0,38.0,0.0,0.0,2.0,4.0,40.4,1,1,1,1,1607,6026,4731,4675,3109,18886,3393,20169,1422,8004,1,11390,2748,2274,1.0,37:48,2015,2016
2015-16,1626214,Bryce Dejean-Jones,Bryce,1610612740,NOP,New Orleans Pelicans,21500696,2016-01-28T00:00:00,NOP vs. SAC,W,34.9,0.0,0.0,2.0,4.0,11.0,6.0,8.0,32.0,1.0,2.0,2.0,3.0,27.4,1,1,1,1,3623,12059,10158,4675,8599,18886,13237,17194,3535,2692,23588,11390,4736,7179,1.0,34:53,2015,2016
2015-16,202709,Cory Joseph,Cory,1610612761,TOR,Toronto Raptors,21500694,2016-01-28T00:00:00,TOR vs. NYK,W,24.4,2.0,0.0,0.0,8.0,4.0,9.0,0.0,18.0,1.0,1.0,1.0,2.0,27.4,1,1,1,1,12258,6026,10158,9917,3109,6141,19144,1,13577,2692,17214,4972,7786,7179,1.0,24:22,2015,2016
2015-16,201568,Danilo Gallinari,Danilo,1610612743,DEN,Denver Nuggets,21500693,2016-01-28T00:00:00,DEN @ WAS,W,34.7,6.0,5.0,0.0,2.0,13.0,17.0,24.0,28.0,0.0,1.0,0.0,7.0,42.0,1,1,1,1,3794,878,995,9917,12984,21300,25429,25937,5824,8004,17214,1,469,1936,1.0,34:41,2015,2016
2015-16,203994,Jusuf Nurkić,Jusuf,1610612743,DEN,Denver Nuggets,21500693,2016-01-28T00:00:00,DEN @ WAS,W,15.6,0.0,0.0,0.0,6.0,9.0,10.0,12.0,18.0,1.0,1.0,2.0,4.0,20.0,1,1,1,1,19322,12059,10158,9917,5299,15771,20509,22259,13577,2692,17214,11390,2748,11752,1.0,15:38,2015,2016
2015-16,201156,Nick Young,Nick,1610612747,LAL,Los Angeles Lakers,21500697,2016-01-28T00:00:00,LAL vs. CHI,L,28.7,3.0,0.0,6.0,0.0,13.0,6.0,8.0,32.0,0.0,0.0,2.0,2.0,15.6,1,13074,13074,13074,8678,4307,10158,740,18861,21300,13237,17194,3535,8004,1,11390,7786,14916,1.0,28:40,2015,2016
2015-16,201950,Jrue Holiday,Jrue,1610612740,NOP,New Orleans Pelicans,21500696,2016-01-28T00:00:00,NOP vs. SAC,W,33.8,0.0,2.0,2.0,10.0,10.0,6.0,11.0,28.0,0.0,3.0,3.0,4.0,43.0,1,1,1,1,4532,12059,4731,4675,1840,17370,13237,21342,5824,8004,25441,17641,2748,1733,1.0,33:47,2015,2016
2015-16,201589,Darrell Arthur,Darrell,1610612743,DEN,Denver Nuggets,21500693,2016-01-28T00:00:00,DEN @ WAS,W,21.3,2.0,0.0,2.0,4.0,11.0,10.0,24.0,28.0,0.0,0.0,3.0,3.0,19.8,1,1,1,1,14779,6026,10158,4675,8599,18886,20509,25937,5824,8004,1,17641,4736,11883,1.0,21:19,2015,2016
2015-16,203115,Will Barton,Will,1610612743,DEN,Denver Nuggets,21500693,2016-01-28T00:00:00,DEN @ WAS,W,25.9,2.0,0.0,7.0,4.0,10.0,10.0,24.0,30.0,1.0,1.0,3.0,4.0,26.6,1,1,1,1,10939,6026,10158,454,8599,17370,20509,25937,4541,2692,17214,17641,2748,7566,1.0,25:53,2015,2016
2015-16,1626171,Bobby Portis,Bobby,1610612741,CHI,Chicago Bulls,21500697,2016-01-28T00:00:00,CHI @ LAL,W,21.8,2.0,4.0,2.0,2.0,5.0,4.0,15.0,12.0,0.0,0.0,2.0,2.0,19.9,1,1,1,1,14351,6026,1596,4675,12984,8403,8458,24242,18637,8004,1,11390,7786,11824,1.0,21:47,2015,2016
2015-16,201577,Robin Lopez,Robin,1610612752,NYK,New York Knicks,21500694,2016-01-28T00:00:00,NYK @ TOR,L,24.9,0.0,6.0,0.0,6.0,3.0,5.0,3.0,24.0,2.0,0.0,2.0,2.0,20.6,1,13074,13074,13074,11748,12059,481,9917,5299,5109,11469,7328,8723,932,1,11390,7786,11314,1.0,24:54,2015,2016
2015-16,201145,Jeff Green,Jeff,1610612763,MEM,Memphis Grizzlies,21500695,2016-01-28T00:00:00,MEM vs. MIL,W,31.8,0.0,2.0,2.0,12.0,10.0,6.0,5.0,28.0,0.0,1.0,3.0,0.0,26.5,1,1,1,1,6106,12059,4731,4675,988,17370,13237,11593,5824,8004,17214,17641,18762,7627,1.0,31:45,2015,2016
2015-16,2440,Matt Barnes,Matt,1610612763,MEM,Memphis Grizzlies,21500695,2016-01-28T00:00:00,MEM vs. MIL,W,24.5,0.0,0.0,1.0,0.0,8.0,6.0,5.0,22.0,2.0,0.0,3.0,1.0,26.8,1,1,1,1,12102,12059,10158,9347,18861,13914,13237,11593,10265,932,1,17641,12373,7486,1.0,24:31,2015,2016
2015-16,201188,Marc Gasol,Marc,1610612763,MEM,Memphis Grizzlies,21500695,2016-01-28T00:00:00,MEM vs. MIL,W,28.1,2.0,2.0,0.0,6.0,3.0,8.0,6.0,30.0,0.0,0.0,2.0,2.0,41.6,1,1,1,1,9167,6026,4731,9917,5299,5109,17345,13388,4541,8004,1,11390,7786,2021,1.0,28:05,2015,2016
2015-16,1626170,Jerian Grant,Jerian,1610612752,NYK,New York Knicks,21500694,2016-01-28T00:00:00,NYK @ TOR,L,25.0,2.0,0.0,0.0,6.0,3.0,8.0,2.0,24.0,0.0,0.0,2.0,5.0,30.8,1,13074,13074,13074,11710,6026,10158,9917,5299,5109,17345,4025,8723,8004,1,11390,1539,5493,1.0,24:58,2015,2016
2015-16,202331,Paul George,Paul,1610612754,IND,Indiana Pacers,21500692,2016-01-28T00:00:00,IND vs. ATL,W,30.5,0.0,0.0,4.0,0.0,6.0,5.0,4.0,30.0,0.0,1.0,4.0,4.0,20.1,1,1,1,1,7072,12059,10158,1913,18861,10028,11469,8806,4541,8004,17214,22104,2748,11685,1.0,30:33,2015,2016
2015-16,201166,Aaron Brooks,Aaron,1610612741,CHI,Chicago Bulls,21500697,2016-01-28T00:00:00,CHI @ LAL,W,18.4,0.0,0.0,0.0,0.0,2.0,7.0,7.0,6.0,1.0,1.0,2.0,0.0,11.9,1,1,1,1,17147,12059,10158,9917,18861,2619,15642,15538,22724,2692,17214,11390,18762,17760,1.0,18:26,2015,2016
2015-16,1626161,Willie Cauley-Stein,Willie,1610612758,SAC,Sacramento Kings,21500696,2016-01-28T00:00:00,SAC @ NOP,L,14.9,0.0,0.0,0.0,2.0,4.0,4.0,12.0,16.0,1.0,0.0,2.0,2.0,11.7,1,13074,13074,13074,19812,12059,10158,9917,12984,6141,8458,22259,15259,2692,1,11390,7786,17903,1.0,14:55,2015,2016
2015-16,203487,Michael Carter-Williams,Michael,1610612749,MIL,Milwaukee Bucks,21500695,2016-01-28T00:00:00,MIL @ MEM,L,27.3,2.0,0.0,2.0,6.0,16.0,6.0,6.0,22.0,0.0,0.0,2.0,3.0,15.7,1,13074,13074,13074,9804,6026,10158,4675,5299,23774,13237,13388,10265,8004,1,11390,4736,14841,1.0,27:15,2015,2016
2015-16,203078,Bradley Beal,Bradley,1610612764,WAS,Washington Wizards,21500693,2016-01-28T00:00:00,WAS vs. DEN,L,25.6,0.0,4.0,5.0,8.0,11.0,3.0,12.0,24.0,0.0,2.0,4.0,1.0,20.2,1,13074,13074,13074,11208,12059,1596,1277,3109,18886,7138,22259,8723,8004,23588,22104,12373,11610,1.0,25:36,2015,2016
2015-16,202730,Lavoy Allen,Lavoy,1610612754,IND,Indiana Pacers,21500692,2016-01-28T00:00:00,IND vs. ATL,W,20.2,2.0,4.0,0.0,2.0,4.0,3.0,5.0,14.0,2.0,0.0,1.0,2.0,26.4,1,1,1,1,15777,6026,1596,9917,12984,6141,7138,11593,17019,932,1,4972,7786,7672,1.0,20:09,2015,2016
2015-16,202328,Greg Monroe,Greg,1610612749,MIL,Milwaukee Bucks,21500695,2016-01-28T00:00:00,MIL @ MEM,L,25.2,3.0,2.0,2.0,14.0,16.0,7.0,9.0,28.0,0.0,0.0,1.0,4.0,27.4,1,13074,13074,13074,11549,4307,4731,4675,542,23774,15642,18829,5824,8004,1,4972,2748,7179,1.0,25:10,2015,2016
2015-16,201573,Jerryd Bayless,Jerryd,1610612749,MIL,Milwaukee Bucks,21500695,2016-01-28T00:00:00,MIL @ MEM,L,19.7,0.0,0.0,2.0,2.0,2.0,3.0,3.0,16.0,1.0,0.0,1.0,5.0,21.1,1,13074,13074,13074,16138,12059,10158,4675,12984,2619,7138,7328,15259,2692,1,4972,1539,11012,1.0,19:43,2015,2016
2015-16,201978,Chase Budinger,Chase,1610612754,IND,Indiana Pacers,21500692,2016-01-28T00:00:00,IND vs. ATL,W,0.9,0.0,0.0,0.0,0.0,0.0,0.0,0.0,0.0,0.0,0.0,0.0,0.0,3.0,1,1,1,1,25900,12059,10158,9917,18861,1,1,1,25429,8004,1,1,18762,23648,1.0,0:54,2015,2016
2015-16,203112,Quincy Acy,Quincy,1610612758,SAC,Sacramento Kings,21500696,2016-01-28T00:00:00,SAC @ NOP,L,18.8,3.0,3.0,0.0,0.0,2.0,3.0,2.0,14.0,0.0,0.0,2.0,1.0,12.8,1,13074,13074,13074,16832,4307,3104,9917,18861,2619,7138,4025,17019,8004,1,11390,12373,17129,1.0,18:51,2015,2016
2015-16,203142,Chris Copeland,Chris,1610612749,MIL,Milwaukee Bucks,21500695,2016-01-28T00:00:00,MIL @ MEM,L,6.5,2.0,0.0,0.0,0.0,0.0,2.0,1.0,4.0,0.0,0.0,1.0,1.0,2.5,1,13074,13074,13074,23749,6026,10158,9917,18861,1,3734,3646,23698,8004,1,4972,12373,24003,1.0,6:30,2015,2016
2015-16,1626162,Kelly Oubre Jr.,Kelly,1610612764,WAS,Washington Wizards,21500693,2016-01-28T00:00:00,WAS vs. DEN,L,7.2,0.0,0.0,0.0,0.0,4.0,2.0,8.0,10.0,1.0,0.0,2.0,0.0,3.0,1,13074,13074,13074,23487,12059,10158,9917,18861,6141,3734,17194,20209,2692,1,11390,18762,23648,1.0,7:14,2015,2016
2015-16,202702,Kenneth Faried,Kenneth,1610612743,DEN,Denver Nuggets,21500693,2016-01-28T00:00:00,DEN @ WAS,W,26.6,0.0,0.0,0.0,4.0,7.0,9.0,13.0,20.0,1.0,0.0,3.0,2.0,21.0,1,1,1,1,10354,12059,10158,9917,8599,12242,19144,23048,11929,2692,1,17641,7786,11077,1.0,26:38,2015,2016
2015-16,203507,Giannis Antetokounmpo,Giannis,1610612749,MIL,Milwaukee Bucks,21500695,2016-01-28T00:00:00,MIL @ MEM,L,35.5,0.0,4.0,2.0,4.0,18.0,9.0,9.0,32.0,0.0,1.0,4.0,2.0,17.9,1,13074,13074,13074,3162,12059,1596,4675,8599,24749,19144,18829,3535,8004,17214,22104,7786,13229,1.0,35:28,2015,2016
2015-16,101138,Brandon Bass,Brandon,1610612747,LAL,Los Angeles Lakers,21500697,2016-01-28T00:00:00,LAL vs. CHI,L,22.6,0.0,2.0,2.0,4.0,11.0,6.0,11.0,20.0,2.0,0.0,1.0,1.0,21.3,1,13074,13074,13074,13716,12059,4731,4675,8599,18886,13237,21342,11929,932,1,4972,12373,10880,1.0,22:34,2015,2016
2015-16,2449,Luis Scola,Luis,1610612761,TOR,Toronto Raptors,21500694,2016-01-28T00:00:00,TOR vs. NYK,W,18.7,0.0,0.0,0.0,4.0,2.0,8.0,2.0,24.0,0.0,0.0,0.0,0.0,16.3,1,1,1,1,16930,12059,10158,9917,8599,2619,17345,4025,8723,8004,1,1,18762,14372,1.0,18:43,2015,2016
2015-16,201954,Darren Collison,Darren,1610612758,SAC,Sacramento Kings,21500696,2016-01-28T00:00:00,SAC @ NOP,L,25.6,2.0,0.0,4.0,6.0,4.0,9.0,2.0,22.0,0.0,1.0,2.0,0.0,16.7,1,13074,13074,13074,11235,6026,10158,1913,5299,6141,19144,4025,10265,8004,17214,11390,18762,14064,1.0,25:35,2015,2016
2015-16,1626245,Cristiano Felicio,Cristiano,1610612741,CHI,Chicago Bulls,21500697,2016-01-28T00:00:00,CHI @ LAL,W,3.1,0.0,0.0,0.0,0.0,3.0,1.0,2.0,0.0,0.0,0.0,0.0,1.0,2.5,1,1,1,1,25093,12059,10158,9917,18861,5109,3393,4025,25429,8004,1,1,12373,24003,1.0,3:05,2015,2016
2015-16,201956,Omri Casspi,Omri,1610612758,SAC,Sacramento Kings,21500696,2016-01-28T00:00:00,SAC @ NOP,L,29.4,3.0,0.0,0.0,2.0,10.0,11.0,11.0,32.0,0.0,1.0,2.0,1.0,18.7,1,13074,13074,13074,8078,4307,10158,9917,12984,17370,21814,21342,3535,8004,17214,11390,12373,12648,1.0,29:22,2015,2016
2015-16,203926,Doug McDermott,Doug,1610612741,CHI,Chicago Bulls,21500697,2016-01-28T00:00:00,CHI @ LAL,W,24.4,5.0,0.0,5.0,4.0,8.0,5.0,15.0,12.0,0.0,2.0,4.0,0.0,17.9,1,1,1,1,12177,1603,10158,1277,8599,13914,11469,24242,18637,8004,23588,22104,18762,13229,1.0,24:26,2015,2016
2015-16,202682,Derrick Williams,Derrick,1610612752,NYK,New York Knicks,21500694,2016-01-28T00:00:00,NYK @ TOR,L,27.5,0.0,0.0,0.0,4.0,3.0,10.0,9.0,30.0,0.0,2.0,0.0,0.0,18.0,1,13074,13074,13074,9606,12059,10158,9917,8599,5109,20509,18829,4541,8004,23588,1,18762,13164,1.0,27:30,2015,2016
2015-16,202341,James Anderson,James,1610612758,SAC,Sacramento Kings,21500696,2016-01-28T00:00:00,SAC @ NOP,L,14.8,3.0,0.0,0.0,2.0,6.0,8.0,7.0,14.0,0.0,0.0,0.0,0.0,8.2,1,13074,13074,13074,19870,4307,10158,9917,12984,10028,17345,15538,17019,8004,1,1,18762,20416,1.0,14:51,2015,2016
2015-16,201941,Jordan Hill,Jordan,1610612754,IND,Indiana Pacers,21500692,2016-01-28T00:00:00,IND vs. ATL,W,17.5,0.0,0.0,0.0,6.0,4.0,2.0,5.0,16.0,2.0,0.0,1.0,0.0,17.1,1,1,1,1,17872,12059,10158,9917,5299,6141,3734,11593,15259,932,1,4972,18762,13791,1.0,17:32,2015,2016
2015-16,203082,Terrence Ross,Terrence,1610612761,TOR,Toronto Raptors,21500694,2016-01-28T00:00:00,TOR vs. NYK,W,22.5,0.0,0.0,5.0,2.0,2.0,4.0,2.0,14.0,2.0,0.0,0.0,1.0,22.5,1,1,1,1,13793,12059,10158,1277,12984,2619,8458,4025,17019,932,1,1,12373,10082,1.0,22:27,2015,2016
2015-16,201167,Arron Afflalo,Arron,1610612752,NYK,New York Knicks,21500694,2016-01-28T00:00:00,NYK @ TOR,L,38.3,0.0,3.0,0.0,4.0,7.0,12.0,10.0,36.0,0.0,5.0,2.0,4.0,28.4,1,13074,13074,13074,1366,12059,3104,9917,8599,12242,22832,20169,1943,8004,26042,11390,2748,6663,1.0,38:19,2015,2016
2015-16,201942,DeMar DeRozan,DeMar,1610612761,TOR,Toronto Raptors,21500694,2016-01-28T00:00:00,TOR vs. NYK,W,36.3,2.0,2.0,2.0,12.0,8.0,17.0,4.0,36.0,2.0,1.0,4.0,4.0,39.2,1,1,1,1,2557,6026,4731,4675,988,13914,25429,8806,1943,932,17214,22104,2748,2590,1.0,36:17,2015,2016
2015-16,1626148,Anthony Brown,Anthony,1610612747,LAL,Los Angeles Lakers,21500697,2016-01-28T00:00:00,LAL vs. CHI,L,34.8,4.0,0.0,2.0,2.0,11.0,12.0,13.0,44.0,0.0,1.0,1.0,1.0,14.1,1,13074,13074,13074,3724,2460,10158,4675,12984,18886,22832,23048,454,8004,17214,4972,12373,16094,1.0,34:46,2015,2016
2015-16,2756,Sasha Vujacic,Sasha,1610612752,NYK,New York Knicks,21500694,2016-01-28T00:00:00,NYK @ TOR,L,24.3,2.0,4.0,0.0,0.0,3.0,5.0,7.0,28.0,0.0,2.0,0.0,3.0,28.2,1,13074,13074,13074,12315,6026,1596,9917,18861,5109,11469,15538,5824,8004,23588,1,4736,6778,1.0,24:17,2015,2016
2015-16,1626156,D'Angelo Russell,D'Angelo,1610612747,LAL,Los Angeles Lakers,21500697,2016-01-28T00:00:00,LAL vs. CHI,L,23.8,0.0,3.0,0.0,0.0,15.0,10.0,10.0,22.0,0.0,0.0,1.0,1.0,13.8,1,13074,13074,13074,12744,12059,3104,9917,18861,23079,20509,20169,10265,8004,1,4972,12373,16311,1.0,23:48,2015,2016
2015-16,202335,Patrick Patterson,Patrick,1610612761,TOR,Toronto Raptors,21500694,2016-01-28T00:00:00,TOR vs. NYK,W,29.3,0.0,5.0,0.0,2.0,6.0,11.0,2.0,20.0,0.0,0.0,3.0,0.0,14.0,1,1,1,1,8133,12059,995,9917,12984,10028,21814,4025,11929,8004,1,17641,18762,16166,1.0,29:17,2015,2016
2015-16,201162,Jared Dudley,Jared,1610612764,WAS,Washington Wizards,21500693,2016-01-28T00:00:00,WAS vs. DEN,L,25.8,5.0,0.0,11.0,4.0,9.0,2.0,11.0,20.0,0.0,0.0,5.0,4.0,32.8,1,13074,13074,13074,11045,1603,10158,69,8599,15771,3734,21342,11929,8004,1,24686,2748,4609,1.0,25:46,2015,2016
2015-16,201582,Alexis Ajinca,Alexis,1610612740,NOP,New Orleans Pelicans,21500696,2016-01-28T00:00:00,NOP vs. SAC,W,14.0,0.0,2.0,0.0,2.0,6.0,4.0,3.0,12.0,1.0,0.0,3.0,0.0,13.7,1,1,1,1,20399,12059,4731,9917,12984,10028,8458,7328,18637,2692,1,17641,18762,16393,1.0,14:01,2015,2016
2015-16,201168,Tiago Splitter,Tiago,1610612737,ATL,Atlanta Hawks,21500692,2016-01-28T00:00:00,ATL @ IND,L,20.0,0.0,0.0,0.0,6.0,6.0,9.0,5.0,8.0,0.0,1.0,3.0,1.0,22.3,1,13074,13074,13074,15904,12059,10158,9917,5299,10028,19144,11593,21543,8004,17214,17641,12373,10208,1.0,20:00,2015,2016
2015-16,1626144,Emmanuel Mudiay,Emmanuel,1610612743,DEN,Denver Nuggets,21500693,2016-01-28T00:00:00,DEN @ WAS,W,31.2,4.0,0.0,4.0,10.0,12.0,12.0,24.0,26.0,0.0,2.0,4.0,4.0,32.8,1,1,1,1,6553,2460,10158,1913,1840,20178,22832,25937,7214,8004,23588,22104,2748,4609,1.0,31:12,2015,2016
2015-16,101133,Ian Mahinmi,Ian,1610612754,IND,Indiana Pacers,21500692,2016-01-28T00:00:00,IND vs. ATL,W,29.6,0.0,2.0,4.0,2.0,6.0,5.0,4.0,28.0,2.0,0.0,1.0,3.0,22.2,1,1,1,1,7905,12059,4731,1913,12984,10028,11469,8806,5824,932,1,4972,4736,10263,1.0,29:35,2015,2016
2015-16,2216,Zach Randolph,Zach,1610612763,MEM,Memphis Grizzlies,21500695,2016-01-28T00:00:00,MEM vs. MIL,W,20.1,4.0,0.0,0.0,2.0,5.0,4.0,6.0,20.0,0.0,0.0,1.0,1.0,13.6,1,1,1,1,15878,2460,10158,9917,12984,8403,8458,13388,11929,8004,1,4972,12373,16460,1.0,20:03,2015,2016
2015-16,1626204,Larry Nance Jr.,Larry,1610612747,LAL,Los Angeles Lakers,21500697,2016-01-28T00:00:00,LAL vs. CHI,L,17.7,0.0,2.0,0.0,4.0,13.0,4.0,8.0,22.0,0.0,0.0,2.0,2.0,13.5,1,13074,13074,13074,17737,12059,4731,9917,8599,21300,8458,17194,10265,8004,1,11390,7786,16552,1.0,17:43,2015,2016
2015-16,203114,Khris Middleton,Khris,1610612749,MIL,Milwaukee Bucks,21500695,2016-01-28T00:00:00,MIL @ MEM,L,31.7,3.0,2.0,3.0,8.0,16.0,6.0,7.0,26.0,0.0,1.0,1.0,3.0,38.0,1,13074,13074,13074,6142,4307,4731,3302,3109,23774,13237,15538,7214,8004,17214,4972,4736,2903,1.0,31:42,2015,2016
2015-16,201949,James Johnson,James,1610612761,TOR,Toronto Raptors,21500694,2016-01-28T00:00:00,TOR vs. NYK,W,16.0,0.0,1.0,0.0,0.0,2.0,8.0,2.0,22.0,4.0,0.0,3.0,2.0,17.7,1,1,1,1,19017,12059,9709,9917,18861,2619,17345,4025,10265,132,1,17641,7786,13380,1.0,16:01,2015,2016
2015-16,203124,Kyle O'Quinn,Kyle,1610612752,NYK,New York Knicks,21500694,2016-01-28T00:00:00,NYK @ TOR,L,19.2,0.0,4.0,0.0,4.0,3.0,8.0,3.0,10.0,2.0,1.0,3.0,2.0,27.7,1,13074,13074,13074,16559,12059,1596,9917,8599,5109,17345,7328,20209,932,17214,17641,7786,7008,1.0,19:10,2015,2016
2015-16,201952,Jeff Teague,Jeff,1610612737,ATL,Atlanta Hawks,21500692,2016-01-28T00:00:00,ATL @ IND,L,30.8,6.0,0.0,4.0,10.0,14.0,5.0,12.0,14.0,0.0,2.0,5.0,4.0,28.7,1,13074,13074,13074,6881,878,10158,1913,1840,22292,11469,22259,17019,8004,23588,24686,2748,6514,1.0,30:49,2015,2016
2015-16,203999,Nikola Jokić,Nikola,1610612743,DEN,Denver Nuggets,21500693,2016-01-28T00:00:00,DEN @ WAS,W,25.5,0.0,4.0,0.0,10.0,5.0,6.0,17.0,24.0,1.0,0.0,5.0,4.0,37.5,1,1,1,1,11317,12059,1596,9917,1840,8403,13237,24967,8723,2692,1,24686,2748,3050,1.0,25:28,2015,2016
2015-16,201584,Courtney Lee,Courtney,1610612763,MEM,Memphis Grizzlies,21500695,2016-01-28T00:00:00,MEM vs. MIL,W,24.3,4.0,2.0,0.0,2.0,5.0,4.0,6.0,22.0,1.0,0.0,2.0,0.0,17.5,1,1,1,1,12294,2460,4731,9917,12984,8403,8458,13388,10265,2692,1,11390,18762,13528,1.0,24:19,2015,2016
2015-16,202344,Trevor Booker,Trevor,1610612762,UTA,Utah Jazz,21500690,2016-01-27T00:00:00,UTA vs. CHA,W,19.9,2.0,2.0,2.0,8.0,2.0,3.0,0.0,6.0,3.0,0.0,0.0,0.0,32.0,1,1,1,1,16028,6026,4731,4675,3109,2619,7138,1,22724,347,1,1,18762,4945,1.0,19:51,2015,2016
2015-16,2730,Dwight Howard,Dwight,1610612745,HOU,Houston Rockets,21500689,2016-01-27T00:00:00,HOU @ SAS,L,22.7,0.0,1.0,0.0,6.0,15.0,6.0,12.0,22.0,2.0,0.0,1.0,4.0,28.1,1,13074,13074,13074,13606,12059,9709,9917,5299,23079,13237,22259,10265,932,1,4972,2748,6818,1.0,22:42,2015,2016
2015-16,202683,Enes Freedom,Enes,1610612760,OKC,Oklahoma City Thunder,21500688,2016-01-27T00:00:00,OKC @ MIN,W,23.0,4.0,10.0,0.0,18.0,9.0,6.0,4.0,28.0,2.0,0.0,1.0,3.0,39.0,1,1,1,1,13399,2460,34,9917,131,15771,13237,8806,5824,932,1,4972,4736,2642,1.0,22:58,2015,2016
2015-16,203079,Dion Waiters,Dion,1610612760,OKC,Oklahoma City Thunder,21500688,2016-01-27T00:00:00,OKC @ MIN,W,34.7,3.0,0.0,7.0,4.0,14.0,12.0,21.0,52.0,0.0,0.0,4.0,0.0,17.5,1,1,1,1,3768,4307,10158,454,8599,22292,22832,25725,59,8004,1,22104,18762,13528,1.0,34:43,2015,2016
2015-16,203477,Isaiah Canaan,Isaiah,1610612755,PHI,Philadelphia 76ers,21500686,2016-01-27T00:00:00,PHI @ DET,L,22.8,0.0,0.0,0.0,0.0,7.0,11.0,2.0,32.0,0.0,1.0,1.0,3.0,13.9,1,13074,13074,13074,13553,12059,10158,9917,18861,12242,21814,4025,3535,8004,17214,4972,4736,16232,1.0,22:46,2015,2016
2015-16,203187,Chris Johnson,Chris,1610612762,UTA,Utah Jazz,21500690,2016-01-27T00:00:00,UTA vs. CHA,W,18.7,2.0,2.0,0.0,4.0,2.0,0.0,0.0,12.0,0.0,0.0,1.0,2.0,28.5,1,1,1,1,16930,6026,4731,9917,8599,2619,1,1,18637,8004,1,4972,7786,6613,1.0,18:43,2015,2016
2015-16,203476,Gorgui Dieng,Gorgui,1610612750,MIN,Minnesota Timberwolves,21500688,2016-01-27T00:00:00,MIN vs. OKC,L,27.0,3.0,6.0,3.0,16.0,9.0,4.0,5.0,28.0,1.0,0.0,2.0,3.0,38.3,1,13074,13074,13074,10050,4307,481,3302,275,15771,8458,11593,5824,2692,1,11390,4736,2826,1.0,26:58,2015,2016
2015-16,202397,Ish Smith,Ish,1610612755,PHI,Philadelphia 76ers,21500686,2016-01-27T00:00:00,PHI @ DET,L,31.3,0.0,0.0,0.0,8.0,18.0,19.0,14.0,32.0,1.0,0.0,0.0,3.0,22.6,1,13074,13074,13074,6470,12059,10158,9917,3109,24749,25786,23710,3535,2692,1,1,4736,10000,1.0,31:18,2015,2016
2015-16,2747,JR Smith,JR,1610612739,CLE,Cleveland Cavaliers,21500684,2016-01-27T00:00:00,CLE vs. PHX,W,23.1,13.0,3.0,4.0,6.0,11.0,4.0,2.0,16.0,0.0,0.0,4.0,1.0,38.6,1,1,1,1,13268,13,3104,1913,5299,18886,8458,4025,15259,8004,1,22104,12373,2744,1.0,23:07,2015,2016
2015-16,203093,Terrence Jones,Terrence,1610612745,HOU,Houston Rockets,21500689,2016-01-27T00:00:00,HOU @ SAS,L,16.8,0.0,2.0,0.0,6.0,5.0,6.0,3.0,14.0,0.0,0.0,0.0,3.0,17.6,1,13074,13074,13074,18435,12059,4731,9917,5299,8403,13237,7328,17019,8004,1,1,4736,13443,1.0,16:47,2015,2016
2015-16,201627,Anthony Morrow,Anthony,1610612760,OKC,Oklahoma City Thunder,21500688,2016-01-27T00:00:00,OKC @ MIN,W,13.3,0.0,0.0,0.0,0.0,3.0,2.0,2.0,12.0,0.0,0.0,1.0,1.0,13.8,1,1,1,1,20816,12059,10158,9917,18861,5109,3734,4025,18637,8004,1,4972,12373,16311,1.0,13:17,2015,2016
2015-16,204060,Joe Ingles,Joe,1610612762,UTA,Utah Jazz,21500690,2016-01-27T00:00:00,UTA vs. CHA,W,18.7,0.0,0.0,0.0,0.0,2.0,0.0,2.0,6.0,0.0,0.0,0.0,1.0,13.8,1,1,1,1,16918,12059,10158,9917,18861,2619,1,4025,22724,8004,1,1,12373,16311,1.0,18:44,2015,2016
2015-16,203457,Nerlens Noel,Nerlens,1610612755,PHI,Philadelphia 76ers,21500686,2016-01-27T00:00:00,PHI @ DET,L,28.1,6.0,4.0,2.0,18.0,18.0,14.0,11.0,24.0,1.0,0.0,5.0,3.0,39.4,1,13074,13074,13074,9167,878,1596,4675,131,24749,24300,21342,8723,2692,1,24686,4736,2530,1.0,28:05,2015,2016
2015-16,202694,Marcus Morris Sr.,Marcus,1610612765,DET,Detroit Pistons,21500686,2016-01-27T00:00:00,DET vs. PHI,W,36.3,2.0,5.0,0.0,4.0,14.0,9.0,4.0,46.0,0.0,2.0,2.0,3.0,21.9,1,1,1,1,2556,6026,995,9917,8599,22292,19144,8806,298,8004,23588,11390,4736,10460,1.0,36:17,2015,2016
2015-16,2225,Tony Parker,Tony,1610612759,SAS,San Antonio Spurs,21500689,2016-01-27T00:00:00,SAS vs. HOU,W,23.2,2.0,0.0,9.0,12.0,5.0,6.0,3.0,20.0,0.0,2.0,2.0,2.0,32.1,1,1,1,1,13240,6026,10158,184,988,8403,13237,7328,11929,8004,23588,11390,7786,4889,1.0,23:10,2015,2016
2015-16,203497,Rudy Gobert,Rudy,1610612762,UTA,Utah Jazz,21500690,2016-01-27T00:00:00,UTA vs. CHA,W,29.5,2.0,0.0,1.0,4.0,4.0,5.0,2.0,14.0,3.0,0.0,3.0,2.0,27.9,1,1,1,1,7961,6026,10158,9347,8599,6141,11469,4025,17019,347,1,17641,7786,6914,1.0,29:31,2015,2016
2015-16,201599,DeAndre Jordan,DeAndre,1610612746,LAC,LA Clippers,21500687,2016-01-27T00:00:00,LAC @ ATL,W,33.7,1.0,2.0,0.0,6.0,8.0,6.0,9.0,26.0,1.0,0.0,1.0,8.0,37.8,1,1,1,1,4583,11535,4731,9917,5299,13914,13237,18829,7214,2692,1,4972,254,2956,1.0,33:43,2015,2016
2015-16,1626169,Stanley Johnson,Stanley,1610612765,DET,Detroit Pistons,21500686,2016-01-27T00:00:00,DET vs. PHI,W,31.6,2.0,5.0,5.0,14.0,8.0,5.0,2.0,30.0,0.0,1.0,3.0,1.0,28.1,1,1,1,1,6254,6026,995,1277,542,13914,11469,4025,4541,8004,17214,17641,12373,6818,1.0,31:34,2015,2016
2015-16,202325,Wesley Johnson,Wesley,1610612746,LAC,LA Clippers,21500687,2016-01-27T00:00:00,LAC @ ATL,W,28.2,2.0,0.0,2.0,4.0,0.0,4.0,3.0,10.0,1.0,1.0,2.0,0.0,33.2,1,1,1,1,9048,6026,10158,4675,8599,1,8458,7328,20209,2692,17214,11390,18762,4462,1.0,28:14,2015,2016
2015-16,101108,Chris Paul,Chris,1610612746,LAC,LA Clippers,21500687,2016-01-27T00:00:00,LAC @ ATL,W,32.8,4.0,0.0,2.0,2.0,8.0,6.0,9.0,26.0,0.0,0.0,1.0,3.0,37.8,1,1,1,1,5264,2460,10158,4675,12984,13914,13237,18829,7214,8004,1,4972,4736,2956,1.0,32:49,2015,2016
2015-16,201568,Danilo Gallinari,Danilo,1610612743,DEN,Denver Nuggets,21500685,2016-01-27T00:00:00,DEN @ BOS,L,31.8,0.0,5.0,4.0,10.0,12.0,15.0,20.0,32.0,1.0,2.0,1.0,7.0,34.9,1,13074,13074,13074,6059,12059,995,1913,1840,20178,24781,25599,3535,2692,23588,4972,469,3845,1.0,31:49,2015,2016
2015-16,101141,Ersan Ilyasova,Ersan,1610612765,DET,Detroit Pistons,21500686,2016-01-27T00:00:00,DET vs. PHI,W,19.7,0.0,2.0,0.0,2.0,12.0,6.0,2.0,32.0,0.0,1.0,2.0,2.0,14.6,1,1,1,1,16189,12059,4731,9917,12984,20178,13237,4025,3535,8004,17214,11390,7786,15699,1.0,19:39,2015,2016
2015-16,203138,Hollis Thompson,Hollis,1610612755,PHI,Philadelphia 76ers,21500686,2016-01-27T00:00:00,PHI @ DET,L,33.5,2.0,0.0,2.0,6.0,13.0,20.0,14.0,44.0,0.0,0.0,3.0,0.0,19.0,1,13074,13074,13074,4750,6026,10158,4675,5299,21300,25875,23710,454,8004,1,17641,18762,12440,1.0,33:30,2015,2016
2015-16,202693,Markieff Morris,Markieff,1610612756,PHX,Phoenix Suns,21500684,2016-01-27T00:00:00,PHX @ CLE,L,25.8,7.0,0.0,2.0,2.0,11.0,9.0,6.0,20.0,1.0,0.0,0.0,1.0,25.5,1,13074,13074,13074,11045,548,10158,4675,12984,18886,19144,13388,11929,2692,1,1,12373,8230,1.0,25:46,2015,2016
2015-16,203145,Kent Bazemore,Kent,1610612737,ATL,Atlanta Hawks,21500687,2016-01-27T00:00:00,ATL vs. LAC,L,30.7,3.0,0.0,3.0,8.0,7.0,5.0,6.0,22.0,0.0,1.0,4.0,2.0,19.0,1,13074,13074,13074,6984,4307,10158,3302,3109,12242,11469,13388,10265,8004,17214,22104,7786,12440,1.0,30:39,2015,2016
2015-16,202704,Reggie Jackson,Reggie,1610612765,DET,Detroit Pistons,21500686,2016-01-27T00:00:00,DET vs. PHI,W,31.0,6.0,0.0,5.0,8.0,12.0,11.0,2.0,46.0,0.0,3.0,4.0,4.0,34.9,1,1,1,1,6707,878,10158,1277,3109,20178,21814,4025,298,8004,25441,22104,2748,3845,1.0,31:01,2015,2016
2015-16,202718,Chandler Parsons,Chandler,1610612742,DAL,Dallas Mavericks,21500691,2016-01-27T00:00:00,DAL @ GSW,L,34.7,4.0,2.0,5.0,8.0,8.0,7.0,15.0,38.0,0.0,0.0,3.0,4.0,34.9,1,13074,13074,13074,3826,2460,4731,1277,3109,13914,15642,24242,1422,8004,1,17641,2748,3845,1.0,34:39,2015,2016
2015-16,202379,Jeremy Evans,Jeremy,1610612742,DAL,Dallas Mavericks,21500691,2016-01-27T00:00:00,DAL @ GSW,L,6.7,2.0,2.0,0.0,6.0,0.0,3.0,0.0,6.0,0.0,0.0,1.0,2.0,10.4,1,13074,13074,13074,23657,6026,4731,9917,5299,1,7138,1,22724,8004,1,4972,7786,18859,1.0,6:44,2015,2016
2015-16,203109,Jae Crowder,Jae,1610612738,BOS,Boston Celtics,21500685,2016-01-27T00:00:00,BOS vs. DEN,W,31.6,2.0,0.0,4.0,4.0,5.0,13.0,6.0,24.0,2.0,0.0,2.0,2.0,34.3,1,1,1,1,6242,6026,10158,1913,8599,8403,23668,13388,8723,932,1,11390,7786,4063,1.0,31:35,2015,2016
2015-16,201952,Jeff Teague,Jeff,1610612737,ATL,Atlanta Hawks,21500687,2016-01-27T00:00:00,ATL vs. LAC,L,31.4,3.0,0.0,0.0,10.0,7.0,6.0,4.0,16.0,0.0,0.0,2.0,2.0,23.6,1,13074,13074,13074,6418,4307,10158,9917,1840,12242,13237,8806,15259,8004,1,11390,7786,9377,1.0,31:21,2015,2016
2015-16,203939,Dwight Powell,Dwight,1610612742,DAL,Dallas Mavericks,21500691,2016-01-27T00:00:00,DAL @ GSW,L,25.1,2.0,3.0,0.0,8.0,4.0,4.0,17.0,36.0,0.0,0.0,2.0,6.0,19.5,1,13074,13074,13074,11586,6026,3104,9917,3109,6141,8458,24967,1943,8004,1,11390,873,12096,1.0,25:07,2015,2016
2015-16,2571,Leandro Barbosa,Leandro,1610612744,GSW,Golden State Warriors,21500691,2016-01-27T00:00:00,GSW vs. DAL,W,22.2,0.0,0.0,4.0,4.0,2.0,11.0,2.0,28.0,0.0,0.0,1.0,2.0,10.2,1,1,1,1,13979,12059,10158,1913,8599,2619,21814,4025,5824,8004,1,4972,7786,19003,1.0,22:14,2015,2016
2015-16,203148,Brian Roberts,Brian,1610612766,CHA,Charlotte Hornets,21500690,2016-01-27T00:00:00,CHA @ UTA,L,12.0,2.0,0.0,2.0,0.0,9.0,2.0,2.0,14.0,0.0,0.0,0.0,3.0,14.7,1,13074,13074,13074,21529,6026,10158,4675,18861,15771,3734,4025,17019,8004,1,1,4736,15631,1.0,12:00,2015,2016
2015-16,203484,Kentavious Caldwell-Pope,Kentavious,1610612765,DET,Detroit Pistons,21500686,2016-01-27T00:00:00,DET vs. PHI,W,37.7,6.0,0.0,4.0,4.0,14.0,11.0,2.0,48.0,1.0,0.0,3.0,4.0,23.8,1,1,1,1,1637,878,10158,1913,8599,22292,21814,4025,192,2692,1,17641,2748,9261,1.0,37:44,2015,2016
2015-16,1626158,Richaun Holmes,Richaun,1610612755,PHI,Philadelphia 76ers,21500686,2016-01-27T00:00:00,PHI @ DET,L,16.5,0.0,0.0,0.0,6.0,6.0,8.0,2.0,22.0,1.0,1.0,1.0,0.0,10.2,1,13074,13074,13074,18690,12059,10158,9917,5299,10028,17345,4025,10265,2692,17214,4972,18762,19003,1.0,16:27,2015,2016
2015-16,201976,Patrick Beverley,Patrick,1610612745,HOU,Houston Rockets,21500689,2016-01-27T00:00:00,HOU @ SAS,L,26.2,1.0,0.0,1.0,4.0,20.0,12.0,15.0,30.0,1.0,0.0,2.0,1.0,18.9,1,13074,13074,13074,10714,11535,10158,9347,8599,25338,22832,24242,4541,2692,1,11390,12373,12513,1.0,26:10,2015,2016
2015-16,202695,Kawhi Leonard,Kawhi,1610612759,SAS,San Antonio Spurs,21500689,2016-01-27T00:00:00,SAS vs. HOU,W,28.1,5.0,0.0,0.0,0.0,5.0,8.0,3.0,20.0,1.0,0.0,1.0,2.0,25.7,1,1,1,1,9190,1603,10158,9917,18861,8403,17345,7328,11929,2692,1,4972,7786,8088,1.0,28:03,2015,2016
2015-16,203917,Nik Stauskas,Nik,1610612755,PHI,Philadelphia 76ers,21500686,2016-01-27T00:00:00,PHI @ DET,L,26.1,0.0,0.0,0.0,2.0,17.0,16.0,14.0,26.0,1.0,0.0,5.0,1.0,10.4,1,13074,13074,13074,10752,12059,10158,9917,12984,24337,25155,23710,7214,2692,1,24686,12373,18859,1.0,26:07,2015,2016
2015-16,203110,Draymond Green,Draymond,1610612744,GSW,Golden State Warriors,21500691,2016-01-27T00:00:00,GSW vs. DAL,W,23.8,0.0,0.0,2.0,4.0,5.0,5.0,5.0,18.0,0.0,0.0,5.0,1.0,14.6,1,1,1,1,12715,12059,10158,4675,8599,8403,11469,11593,13577,8004,1,24686,12373,15699,1.0,23:50,2015,2016
2015-16,203115,Will Barton,Will,1610612743,DEN,Denver Nuggets,21500685,2016-01-27T00:00:00,DEN @ BOS,L,26.3,6.0,0.0,2.0,6.0,12.0,6.0,10.0,28.0,1.0,0.0,3.0,4.0,35.0,1,13074,13074,13074,10643,878,10158,4675,5299,20178,13237,20169,5824,2692,1,17641,2748,3813,1.0,26:15,2015,2016
2015-16,200755,JJ Redick,JJ,1610612746,LAC,LA Clippers,21500687,2016-01-27T00:00:00,LAC @ ATL,W,26.5,0.0,3.0,0.0,0.0,8.0,6.0,9.0,26.0,0.0,0.0,2.0,1.0,15.0,1,1,1,1,10462,12059,3104,9917,18861,13914,13237,18829,7214,8004,1,11390,12373,15404,1.0,26:29,2015,2016
2015-16,203462,Archie Goodwin,Archie,1610612756,PHX,Phoenix Suns,21500684,2016-01-27T00:00:00,PHX @ CLE,L,30.1,2.0,2.0,2.0,4.0,17.0,7.0,12.0,28.0,0.0,1.0,1.0,3.0,22.9,1,13074,13074,13074,7467,6026,4731,4675,8599,24337,15642,22259,5824,8004,17214,4972,4736,9811,1.0,30:05,2015,2016
2015-16,201575,Brandon Rush,Brandon,1610612744,GSW,Golden State Warriors,21500691,2016-01-27T00:00:00,GSW vs. DAL,W,23.1,0.0,0.0,0.0,2.0,4.0,11.0,2.0,24.0,1.0,0.0,1.0,0.0,14.8,1,1,1,1,13324,12059,10158,9917,12984,6141,21814,4025,8723,2692,1,4972,18762,15561,1.0,23:04,2015,2016
2015-16,201943,Brandon Jennings,Brandon,1610612765,DET,Detroit Pistons,21500686,2016-01-27T00:00:00,DET vs. PHI,W,17.0,0.0,0.0,0.0,0.0,6.0,0.0,2.0,12.0,0.0,0.0,1.0,2.0,9.9,1,1,1,1,18290,12059,10158,9917,18861,10028,1,4025,18637,8004,1,4972,7786,19247,1.0,16:59,2015,2016
2015-16,202391,Jeremy Lin,Jeremy,1610612766,CHA,Charlotte Hornets,21500690,2016-01-27T00:00:00,CHA @ UTA,L,17.4,0.0,0.0,0.0,0.0,11.0,5.0,4.0,22.0,0.0,2.0,1.0,0.0,9.9,1,13074,13074,13074,17960,12059,10158,9917,18861,18886,11469,8806,10265,8004,23588,4972,18762,19247,1.0,17:24,2015,2016
2015-16,1626246,Boban Marjanović,Boban,1610612759,SAS,San Antonio Spurs,21500689,2016-01-27T00:00:00,SAS vs. HOU,W,16.7,2.0,4.0,0.0,10.0,8.0,5.0,8.0,12.0,0.0,2.0,4.0,3.0,25.0,1,1,1,1,18534,6026,1596,9917,1840,13914,11469,17194,18637,8004,23588,22104,4736,8485,1.0,16:39,2015,2016
2015-16,2564,Boris Diaw,Boris,1610612759,SAS,San Antonio Spurs,21500689,2016-01-27T00:00:00,SAS vs. HOU,W,18.6,0.0,0.0,0.0,0.0,1.0,4.0,6.0,16.0,0.0,1.0,5.0,1.0,9.9,1,1,1,1,17055,12059,10158,9917,18861,2356,8458,13388,15259,8004,17214,24686,12373,19247,1.0,18:33,2015,2016
2015-16,202332,Cole Aldrich,Cole,1610612746,LAC,LA Clippers,21500687,2016-01-27T00:00:00,LAC @ ATL,W,13.8,0.0,0.0,0.0,2.0,0.0,4.0,3.0,6.0,2.0,0.0,2.0,1.0,14.3,1,1,1,1,20523,12059,10158,9917,12984,1,8458,7328,22724,932,1,11390,12373,15948,1.0,13:48,2015,2016
2015-16,1626164,Devin Booker,Devin,1610612756,PHX,Phoenix Suns,21500684,2016-01-27T00:00:00,PHX @ CLE,L,33.5,0.0,0.0,2.0,4.0,27.0,8.0,13.0,36.0,0.0,0.0,4.0,8.0,25.1,1,13074,13074,13074,4728,12059,10158,4675,8599,26014,17345,23048,1943,8004,1,22104,254,8429,1.0,33:31,2015,2016
2015-16,1938,Manu Ginobili,Manu,1610612759,SAS,San Antonio Spurs,21500689,2016-01-27T00:00:00,SAS vs. HOU,W,19.1,0.0,0.0,0.0,4.0,4.0,4.0,8.0,12.0,0.0,0.0,4.0,3.0,14.3,1,1,1,1,16614,12059,10158,9917,8599,6141,8458,17194,18637,8004,1,22104,4736,15948,1.0,19:06,2015,2016
2015-16,201578,Marreese Speights,Marreese,1610612744,GSW,Golden State Warriors,21500691,2016-01-27T00:00:00,GSW vs. DAL,W,9.5,0.0,0.0,0.0,8.0,4.0,2.0,0.0,8.0,0.0,0.0,1.0,3.0,14.5,1,1,1,1,22628,12059,10158,9917,3109,6141,3734,1,21543,8004,1,4972,4736,15799,1.0,9:30,2015,2016
2015-16,201143,Al Horford,Al,1610612737,ATL,Atlanta Hawks,21500687,2016-01-27T00:00:00,ATL vs. LAC,L,35.5,0.0,5.0,0.0,4.0,11.0,6.0,4.0,24.0,0.0,0.0,2.0,3.0,34.6,1,13074,13074,13074,3125,12059,995,9917,8599,18886,13237,8806,8723,8004,1,11390,4736,3963,1.0,35:31,2015,2016
2015-16,201587,Nicolas Batum,Nicolas,1610612766,CHA,Charlotte Hornets,21500690,2016-01-27T00:00:00,CHA @ UTA,L,29.9,1.0,0.0,1.0,2.0,12.0,5.0,5.0,20.0,0.0,0.0,2.0,3.0,19.0,1,13074,13074,13074,7654,11535,10158,9347,12984,20178,11469,11593,11929,8004,1,11390,4736,12440,1.0,29:52,2015,2016
2015-16,202681,Kyrie Irving,Kyrie,1610612739,CLE,Cleveland Cavaliers,21500684,2016-01-27T00:00:00,CLE vs. PHX,W,22.4,0.0,0.0,0.0,2.0,12.0,4.0,4.0,16.0,0.0,0.0,0.0,1.0,23.3,1,1,1,1,13822,12059,10158,9917,12984,20178,8458,8806,15259,8004,1,1,12373,9567,1.0,22:25,2015,2016
2015-16,2746,Josh Smith,Josh,1610612745,HOU,Houston Rockets,21500689,2016-01-27T00:00:00,HOU @ SAS,L,24.7,3.0,0.0,3.0,4.0,7.0,6.0,4.0,24.0,1.0,0.0,4.0,3.0,25.4,1,13074,13074,13074,11954,4307,10158,3302,8599,12242,13237,8806,8723,2692,1,22104,4736,8273,1.0,24:41,2015,2016
2015-16,201566,Russell Westbrook,Russell,1610612760,OKC,Oklahoma City Thunder,21500688,2016-01-27T00:00:00,OKC @ MIN,W,36.7,0.0,2.0,5.0,6.0,11.0,14.0,20.0,58.0,0.0,1.0,3.0,4.0,52.1,1,1,1,1,2301,12059,4731,1277,5299,18886,24300,25599,14,8004,17214,17641,2748,567,1.0,36:40,2015,2016
2015-16,203918,Rodney Hood,Rodney,1610612762,UTA,Utah Jazz,21500690,2016-01-27T00:00:00,UTA vs. CHA,W,31.2,3.0,3.0,2.0,4.0,3.0,7.0,3.0,12.0,0.0,0.0,1.0,5.0,36.8,1,1,1,1,6588,4307,3104,4675,8599,5109,15642,7328,18637,8004,1,4972,1539,3241,1.0,31:10,2015,2016
2015-16,202340,Avery Bradley,Avery,1610612738,BOS,Boston Celtics,21500685,2016-01-27T00:00:00,BOS vs. DEN,W,39.1,10.0,3.0,10.0,8.0,15.0,17.0,14.0,40.0,1.0,1.0,4.0,4.0,46.1,1,1,1,1,1040,99,3104,118,3109,23079,25429,23710,983,2692,17214,22104,2748,1185,1.0,39:05,2015,2016
2015-16,201935,James Harden,James,1610612745,HOU,Houston Rockets,21500689,2016-01-27T00:00:00,HOU @ SAS,L,27.6,0.0,2.0,2.0,8.0,20.0,12.0,15.0,32.0,1.0,1.0,1.0,4.0,24.6,1,13074,13074,13074,9532,12059,4731,4675,3109,25338,22832,24242,3535,2692,17214,4972,2748,8724,1.0,27:36,2015,2016
2015-16,201142,Kevin Durant,Kevin,1610612760,OKC,Oklahoma City Thunder,21500688,2016-01-27T00:00:00,OKC @ MIN,W,36.9,4.0,0.0,1.0,8.0,14.0,14.0,23.0,60.0,1.0,1.0,4.0,4.0,47.3,1,1,1,1,2167,2460,10158,9347,3109,22292,24300,25880,11,2692,17214,22104,2748,1036,1.0,36:52,2015,2016
2015-16,1626157,Karl-Anthony Towns,Karl-Anthony,1610612750,MIN,Minnesota Timberwolves,21500688,2016-01-27T00:00:00,MIN vs. OKC,L,33.8,2.0,4.0,2.0,12.0,13.0,14.0,13.0,40.0,3.0,0.0,1.0,3.0,49.1,1,13074,13074,13074,4509,6026,1596,4675,988,21300,24300,23048,983,347,1,4972,4736,850,1.0,33:48,2015,2016
2015-16,101161,Amir Johnson,Amir,1610612738,BOS,Boston Celtics,21500685,2016-01-27T00:00:00,BOS vs. DEN,W,30.1,2.0,6.0,0.0,8.0,9.0,15.0,8.0,26.0,1.0,0.0,3.0,1.0,44.6,1,1,1,1,7477,6026,481,9917,3109,15771,24781,17194,7214,2692,1,17641,12373,1438,1.0,30:05,2015,2016
2015-16,203482,Kelly Olynyk,Kelly,1610612738,BOS,Boston Celtics,21500685,2016-01-27T00:00:00,BOS vs. DEN,W,17.3,3.0,0.0,0.0,6.0,6.0,2.0,4.0,14.0,0.0,2.0,3.0,2.0,29.9,1,1,1,1,18031,4307,10158,9917,5299,10028,3734,8806,17019,8004,23588,17641,7786,5884,1.0,17:19,2015,2016
2015-16,201567,Kevin Love,Kevin,1610612739,CLE,Cleveland Cavaliers,21500684,2016-01-27T00:00:00,CLE vs. PHX,W,27.5,3.0,4.0,2.0,8.0,13.0,7.0,4.0,16.0,2.0,1.0,2.0,4.0,51.2,1,1,1,1,9601,4307,1596,4675,3109,21300,15642,8806,15259,932,17214,11390,2748,642,1.0,27:30,2015,2016
2015-16,2544,LeBron James,LeBron,1610612739,CLE,Cleveland Cavaliers,21500684,2016-01-27T00:00:00,CLE vs. PHX,W,31.0,7.0,2.0,8.0,10.0,13.0,8.0,4.0,26.0,0.0,0.0,2.0,5.0,36.1,1,1,1,1,6706,548,4731,280,1840,21300,17345,8806,7214,8004,1,11390,1539,3432,1.0,31:01,2015,2016
2015-16,203924,Jerami Grant,Jerami,1610612755,PHI,Philadelphia 76ers,21500686,2016-01-27T00:00:00,PHI @ DET,L,29.6,6.0,2.0,0.0,14.0,15.0,20.0,5.0,30.0,1.0,0.0,4.0,7.0,43.6,1,13074,13074,13074,7907,878,4731,9917,542,23079,25875,11593,4541,2692,1,22104,469,1627,1.0,29:34,2015,2016
2015-16,202702,Kenneth Faried,Kenneth,1610612743,DEN,Denver Nuggets,21500685,2016-01-27T00:00:00,DEN @ BOS,L,28.3,4.0,4.0,2.0,14.0,8.0,13.0,12.0,30.0,1.0,0.0,2.0,1.0,45.0,1,13074,13074,13074,9027,2460,1596,4675,542,13914,23668,22259,4541,2692,1,11390,12373,1357,1.0,28:16,2015,2016
2015-16,200826,J.J. Barea,J.J.,1610612742,DAL,Dallas Mavericks,21500691,2016-01-27T00:00:00,DAL @ GSW,L,25.1,0.0,0.0,2.0,6.0,2.0,4.0,12.0,34.0,0.0,1.0,3.0,2.0,24.1,1,13074,13074,13074,11631,12059,10158,4675,5299,2619,8458,22259,2701,8004,17214,17641,7786,9068,1.0,25:03,2015,2016
2015-16,2594,Kyle Korver,Kyle,1610612737,ATL,Atlanta Hawks,21500687,2016-01-27T00:00:00,ATL vs. LAC,L,31.8,0.0,0.0,6.0,0.0,7.0,6.0,4.0,16.0,1.0,0.0,2.0,0.0,24.1,1,13074,13074,13074,6072,12059,10158,740,18861,12242,13237,8806,15259,2692,1,11390,18762,9068,1.0,31:49,2015,2016
2015-16,203083,Andre Drummond,Andre,1610612765,DET,Detroit Pistons,21500686,2016-01-27T00:00:00,DET vs. PHI,W,35.4,4.0,13.0,0.0,18.0,14.0,11.0,2.0,48.0,1.0,0.0,1.0,7.0,53.6,1,1,1,1,3248,2460,1,9917,131,22292,21814,4025,192,2692,1,4972,469,483,1.0,35:22,2015,2016
2015-16,201937,Ricky Rubio,Ricky,1610612750,MIN,Minnesota Timberwolves,21500688,2016-01-27T00:00:00,MIN vs. OKC,L,30.1,0.0,0.0,3.0,2.0,13.0,10.0,10.0,34.0,0.0,0.0,2.0,2.0,29.4,1,13074,13074,13074,7448,12059,10158,3302,12984,21300,20509,20169,2701,8004,1,11390,7786,6143,1.0,30:06,2015,2016
2015-16,202691,Klay Thompson,Klay,1610612744,GSW,Golden State Warriors,21500691,2016-01-27T00:00:00,GSW vs. DAL,W,31.6,4.0,3.0,6.0,14.0,9.0,0.0,5.0,34.0,2.0,0.0,1.0,5.0,57.5,1,1,1,1,6271,2460,3104,740,542,15771,1,11593,2701,932,1,4972,1539,290,1.0,31:33,2015,2016
2015-16,2760,Anderson Varejao,Anderson,1610612739,CLE,Cleveland Cavaliers,21500684,2016-01-27T00:00:00,CLE vs. PHX,W,11.5,0.0,2.0,0.0,6.0,6.0,2.0,4.0,14.0,0.0,0.0,0.0,0.0,11.6,1,1,1,1,21847,12059,4731,9917,5299,10028,3734,8806,17019,8004,1,1,18762,17970,1.0,11:28,2015,2016
2015-16,203994,Jusuf Nurkić,Jusuf,1610612743,DEN,Denver Nuggets,21500685,2016-01-27T00:00:00,DEN @ BOS,L,12.0,0.0,0.0,0.0,2.0,7.0,4.0,9.0,8.0,1.0,0.0,2.0,2.0,11.5,1,13074,13074,13074,21529,12059,10158,9917,12984,12242,8458,18829,21543,2692,1,11390,7786,18079,1.0,12:00,2015,2016
2015-16,2561,David West,David,1610612759,SAS,San Antonio Spurs,21500689,2016-01-27T00:00:00,SAS vs. HOU,W,14.6,0.0,0.0,0.0,2.0,9.0,4.0,6.0,6.0,0.0,0.0,1.0,1.0,7.4,1,1,1,1,20045,12059,10158,9917,12984,15771,8458,13388,22724,8004,1,4972,12373,20912,1.0,14:36,2015,2016
2015-16,201168,Tiago Splitter,Tiago,1610612737,ATL,Atlanta Hawks,21500687,2016-01-27T00:00:00,ATL vs. LAC,L,11.7,0.0,2.0,0.0,2.0,6.0,0.0,4.0,10.0,0.0,1.0,0.0,0.0,5.6,1,13074,13074,13074,21737,12059,4731,9917,12984,10028,1,8806,20209,8004,17214,1,18762,22133,1.0,11:40,2015,2016
2015-16,203546,Ian Clark,Ian,1610612744,GSW,Golden State Warriors,21500691,2016-01-27T00:00:00,GSW vs. DAL,W,4.0,0.0,0.0,0.0,0.0,2.0,4.0,0.0,8.0,0.0,0.0,2.0,0.0,1.5,1,1,1,1,24705,12059,10158,9917,18861,2619,8458,1,21543,8004,1,11390,18762,24473,1.0,4:00,2015,2016
2015-16,203475,Erick Green,Erick,1610612762,UTA,Utah Jazz,21500690,2016-01-27T00:00:00,UTA vs. CHA,W,3.8,0.0,0.0,0.0,2.0,0.0,0.0,0.0,4.0,0.0,0.0,1.0,0.0,5.5,1,1,1,1,24805,12059,10158,9917,12984,1,1,1,23698,8004,1,4972,18762,22196,1.0,3:47,2015,2016
2015-16,1718,Paul Pierce,Paul,1610612746,LAC,LA Clippers,21500687,2016-01-27T00:00:00,LAC @ ATL,W,15.0,0.0,0.0,0.0,0.0,5.0,5.0,9.0,16.0,1.0,1.0,1.0,1.0,10.9,1,1,1,1,19780,12059,10158,9917,18861,8403,11469,18829,15259,2692,17214,4972,12373,18498,1.0,14:58,2015,2016
2015-16,203485,Lorenzo Brown,Lorenzo,1610612756,PHX,Phoenix Suns,21500684,2016-01-27T00:00:00,PHX @ CLE,L,2.3,2.0,0.0,0.0,2.0,0.0,2.0,0.0,2.0,0.0,0.0,0.0,0.0,2.0,1,13074,13074,13074,25402,6026,10158,9917,12984,1,3734,1,24614,8004,1,1,18762,24216,1.0,2:20,2015,2016
2015-16,203584,Troy Daniels,Troy,1610612766,CHA,Charlotte Hornets,21500690,2016-01-27T00:00:00,CHA @ UTA,L,22.0,0.0,0.0,0.0,2.0,18.0,7.0,4.0,26.0,0.0,1.0,3.0,1.0,1.2,1,13074,13074,13074,14164,12059,10158,9917,12984,24749,15642,8806,7214,8004,17214,17641,12373,24661,1.0,22:00,2015,2016
2015-16,203937,Kyle Anderson,Kyle,1610612759,SAS,San Antonio Spurs,21500689,2016-01-27T00:00:00,SAS vs. HOU,W,15.8,2.0,0.0,0.0,4.0,4.0,5.0,0.0,10.0,0.0,2.0,2.0,2.0,11.1,1,1,1,1,19203,6026,10158,9917,8599,6141,11469,1,20209,8004,23588,11390,7786,18370,1.0,15:48,2015,2016
2015-16,201946,Tyler Hansbrough,Tyler,1610612766,CHA,Charlotte Hornets,21500690,2016-01-27T00:00:00,CHA @ UTA,L,21.6,0.0,0.0,0.0,0.0,16.0,5.0,4.0,26.0,0.0,0.0,2.0,1.0,11.1,1,13074,13074,13074,14530,12059,10158,9917,18861,23774,11469,8806,7214,8004,1,11390,12373,18370,1.0,21:35,2015,2016
2015-16,201586,Serge Ibaka,Serge,1610612760,OKC,Oklahoma City Thunder,21500688,2016-01-27T00:00:00,OKC @ MIN,W,25.5,0.0,2.0,0.0,2.0,10.0,6.0,14.0,34.0,0.0,0.0,3.0,2.0,11.3,1,1,1,1,11302,12059,4731,9917,12984,17370,13237,23710,2701,8004,1,17641,7786,18230,1.0,25:29,2015,2016
2015-16,2590,Mo Williams,Mo,1610612739,CLE,Cleveland Cavaliers,21500684,2016-01-27T00:00:00,CLE vs. PHX,W,6.2,0.0,0.0,0.0,0.0,4.0,2.0,0.0,8.0,0.0,0.0,0.0,0.0,5.2,1,1,1,1,23882,12059,10158,9917,18861,6141,3734,1,21543,8004,1,1,18762,22370,1.0,6:11,2015,2016
2015-16,1626166,Cameron Payne,Cameron,1610612760,OKC,Oklahoma City Thunder,21500688,2016-01-27T00:00:00,OKC @ MIN,W,5.2,0.0,0.0,0.0,0.0,3.0,0.0,0.0,2.0,0.0,0.0,1.0,0.0,0.0,1,1,1,1,24305,12059,10158,9917,18861,5109,1,1,24614,8004,1,4972,18762,25170,1.0,5:10,2015,2016
2015-16,201581,JJ Hickson,JJ,1610612743,DEN,Denver Nuggets,21500685,2016-01-27T00:00:00,DEN @ BOS,L,0.8,0.0,0.0,0.0,0.0,0.0,0.0,0.0,0.0,0.0,0.0,0.0,0.0,0.0,1,13074,13074,13074,25912,12059,10158,9917,18861,1,1,1,25429,8004,1,1,18762,25170,1.0,0:50,2015,2016
2015-16,203099,Jared Cunningham,Jared,1610612739,CLE,Cleveland Cavaliers,21500684,2016-01-27T00:00:00,CLE vs. PHX,W,4.9,0.0,0.0,0.0,0.0,4.0,2.0,0.0,6.0,0.0,0.0,0.0,0.0,0.0,1,1,1,1,24402,12059,10158,9917,18861,6141,3734,1,22724,8004,1,1,18762,25170,1.0,4:54,2015,2016
2015-16,203098,John Jenkins,John,1610612742,DAL,Dallas Mavericks,21500691,2016-01-27T00:00:00,DAL @ GSW,L,4.0,0.0,0.0,0.0,0.0,0.0,0.0,0.0,6.0,0.0,0.0,0.0,0.0,0.0,1,13074,13074,13074,24705,12059,10158,9917,18861,1,1,1,22724,8004,1,1,18762,25170,1.0,4:00,2015,2016
2015-16,203526,Raul Neto,Raul,1610612762,UTA,Utah Jazz,21500690,2016-01-27T00:00:00,UTA vs. CHA,W,20.4,0.0,0.0,0.0,0.0,1.0,4.0,1.0,16.0,0.0,0.0,3.0,1.0,3.2,1,1,1,1,15547,12059,10158,9917,18861,2356,8458,3646,15259,8004,1,17641,12373,23473,1.0,20:25,2015,2016
2015-16,2446,Rasual Butler,Rasual,1610612759,SAS,San Antonio Spurs,21500689,2016-01-27T00:00:00,SAS vs. HOU,W,9.5,0.0,0.0,0.0,0.0,0.0,2.0,3.0,8.0,1.0,0.0,0.0,0.0,9.2,1,1,1,1,22621,12059,10158,9917,18861,1,3734,7328,21543,2692,1,1,18762,19680,1.0,9:31,2015,2016
2015-16,203798,PJ Hairston,PJ,1610612766,CHA,Charlotte Hornets,21500690,2016-01-27T00:00:00,CHA @ UTA,L,28.0,0.0,0.0,0.0,2.0,2.0,0.0,5.0,20.0,0.0,1.0,2.0,1.0,6.6,1,13074,13074,13074,9228,12059,10158,9917,12984,2619,1,11593,11929,8004,17214,11390,12373,21445,1.0,28:00,2015,2016
2015-16,203143,Pablo Prigioni,Pablo,1610612746,LAC,LA Clippers,21500687,2016-01-27T00:00:00,LAC @ ATL,W,15.2,0.0,0.0,0.0,0.0,0.0,4.0,3.0,6.0,0.0,0.0,2.0,0.0,7.2,1,1,1,1,19627,12059,10158,9917,18861,1,8458,7328,22724,8004,1,11390,18762,21035,1.0,15:11,2015,2016
2015-16,200757,Thabo Sefolosha,Thabo,1610612737,ATL,Atlanta Hawks,21500687,2016-01-27T00:00:00,ATL vs. LAC,L,24.3,0.0,0.0,0.0,0.0,14.0,1.0,6.0,24.0,0.0,0.0,3.0,0.0,6.8,1,13074,13074,13074,12348,12059,10158,9917,18861,22292,3393,13388,8723,8004,1,17641,18762,21328,1.0,24:15,2015,2016
2015-16,202353,Tibor Pleiss,Tibor,1610612762,UTA,Utah Jazz,21500690,2016-01-27T00:00:00,UTA vs. CHA,W,3.2,0.0,0.0,0.0,0.0,0.0,0.0,0.0,4.0,0.0,0.0,0.0,0.0,0.0,1,1,1,1,25050,12059,10158,9917,18861,1,1,1,23698,8004,1,1,18762,25170,1.0,3:12,2015,2016
2015-16,203613,Jonathon Simmons,Jonathon,1610612759,SAS,San Antonio Spurs,21500689,2016-01-27T00:00:00,SAS vs. HOU,W,12.0,0.0,2.0,0.0,2.0,5.0,5.0,3.0,8.0,0.0,0.0,2.0,1.0,5.2,1,1,1,1,21529,12059,4731,9917,12984,8403,11469,7328,21543,8004,1,11390,12373,22370,1.0,12:00,2015,2016
2015-16,201574,Jason Thompson,Jason,1610612744,GSW,Golden State Warriors,21500691,2016-01-27T00:00:00,GSW vs. DAL,W,3.5,0.0,0.0,0.0,4.0,2.0,4.0,0.0,6.0,0.0,0.0,0.0,0.0,7.2,1,1,1,1,24935,12059,10158,9917,8599,2619,8458,1,22724,8004,1,1,18762,21035,1.0,3:28,2015,2016
2015-16,1626163,Frank Kaminsky,Frank,1610612766,CHA,Charlotte Hornets,21500690,2016-01-27T00:00:00,CHA @ UTA,L,25.4,0.0,0.0,0.0,4.0,18.0,5.0,6.0,30.0,0.0,0.0,1.0,2.0,9.7,1,13074,13074,13074,11397,12059,10158,9917,8599,24749,11469,13388,4541,8004,1,4972,7786,19379,1.0,25:22,2015,2016
2015-16,203928,Cory Jefferson,Cory,1610612756,PHX,Phoenix Suns,21500684,2016-01-27T00:00:00,PHX @ CLE,L,4.9,0.0,2.0,0.0,4.0,0.0,2.0,0.0,2.0,0.0,0.0,0.0,1.0,7.2,1,13074,13074,13074,24402,12059,4731,9917,8599,1,3734,1,24614,8004,1,1,12373,21035,1.0,4:54,2015,2016
2015-16,1626172,Kevon Looney,Kevon,1610612744,GSW,Golden State Warriors,21500691,2016-01-27T00:00:00,GSW vs. DAL,W,6.0,0.0,0.0,0.0,0.0,0.0,4.0,0.0,10.0,0.0,0.0,1.0,0.0,4.4,1,1,1,1,23966,12059,10158,9917,18861,1,8458,1,20209,8004,1,4972,18762,22837,1.0,5:59,2015,2016
2015-16,201571,D.J. Augustin,D.J.,1610612760,OKC,Oklahoma City Thunder,21500688,2016-01-27T00:00:00,OKC @ MIN,W,6.2,0.0,0.0,0.0,2.0,3.0,0.0,3.0,4.0,0.0,1.0,1.0,1.0,3.4,1,1,1,1,23888,12059,10158,9917,12984,5109,1,7328,23698,8004,17214,4972,12373,23417,1.0,6:10,2015,2016
2015-16,203092,Tyler Zeller,Tyler,1610612738,BOS,Boston Celtics,21500685,2016-01-27T00:00:00,BOS vs. DEN,W,4.5,0.0,0.0,0.0,0.0,3.0,0.0,4.0,4.0,0.0,0.0,1.0,0.0,0.2,1,1,1,1,24561,12059,10158,9917,18861,5109,1,8806,23698,8004,1,4972,18762,25103,1.0,4:27,2015,2016
2015-16,201147,Corey Brewer,Corey,1610612745,HOU,Houston Rockets,21500689,2016-01-27T00:00:00,HOU @ SAS,L,13.9,2.0,2.0,0.0,2.0,15.0,4.0,7.0,14.0,0.0,0.0,4.0,1.0,7.2,1,13074,13074,13074,20453,6026,4731,9917,12984,23079,8458,15538,17019,8004,1,22104,12373,21035,1.0,13:55,2015,2016
2015-16,1626257,Salah Mejri,Salah,1610612742,DAL,Dallas Mavericks,21500691,2016-01-27T00:00:00,DAL @ GSW,L,13.8,0.0,0.0,0.0,2.0,4.0,2.0,6.0,10.0,0.0,1.0,1.0,0.0,4.6,1,13074,13074,13074,20504,12059,10158,9917,12984,6141,3734,13388,20209,8004,17214,4972,18762,22734,1.0,13:50,2015,2016
2015-16,201593,Nikola Pekovic,Nikola,1610612750,MIN,Minnesota Timberwolves,21500688,2016-01-27T00:00:00,MIN vs. OKC,L,12.0,0.0,0.0,0.0,0.0,0.0,4.0,6.0,14.0,0.0,1.0,1.0,2.0,6.7,1,13074,13074,13074,21519,12059,10158,9917,18861,1,8458,13388,17019,8004,17214,4972,7786,21376,1.0,12:01,2015,2016
2015-16,203930,Sean Kilpatrick,Sean,1610612743,DEN,Denver Nuggets,21500685,2016-01-27T00:00:00,DEN @ BOS,L,15.4,0.0,0.0,2.0,2.0,6.0,2.0,2.0,10.0,0.0,0.0,1.0,1.0,4.0,1,13074,13074,13074,19466,12059,10158,4675,12984,10028,3734,4025,20209,8004,1,4972,12373,23142,1.0,15:25,2015,2016
2015-16,203500,Steven Adams,Steven,1610612760,OKC,Oklahoma City Thunder,21500688,2016-01-27T00:00:00,OKC @ MIN,W,20.1,2.0,0.0,0.0,8.0,3.0,4.0,14.0,26.0,0.0,1.0,3.0,0.0,9.4,1,1,1,1,15876,6026,10158,9917,3109,5109,8458,23710,7214,8004,17214,17641,18762,19568,1.0,20:04,2015,2016
2015-16,2034,Mike Miller,Mike,1610612743,DEN,Denver Nuggets,21500685,2016-01-27T00:00:00,DEN @ BOS,L,15.5,0.0,0.0,0.0,0.0,6.0,2.0,7.0,12.0,0.0,0.0,3.0,0.0,0.7,1,13074,13074,13074,19413,12059,10158,9917,18861,10028,3734,15538,18637,8004,1,17641,18762,25042,1.0,15:29,2015,2016
2015-16,201601,Luc Mbah a Moute,Luc,1610612746,LAC,LA Clippers,21500687,2016-01-27T00:00:00,LAC @ ATL,W,26.0,0.0,1.0,0.0,2.0,6.0,6.0,9.0,26.0,0.0,1.0,1.0,2.0,16.5,1,1,1,1,10811,12059,9709,9917,12984,10028,13237,18829,7214,8004,17214,4972,7786,14224,1.0,26:03,2015,2016
2015-16,203991,Clint Capela,Clint,1610612745,HOU,Houston Rockets,21500689,2016-01-27T00:00:00,HOU @ SAS,L,14.2,2.0,2.0,2.0,2.0,10.0,6.0,5.0,16.0,3.0,0.0,5.0,5.0,18.0,1,13074,13074,13074,20269,6026,4731,4675,12984,17370,13237,11593,15259,347,1,24686,1539,13164,1.0,14:13,2015,2016
2015-16,201973,Jonas Jerebko,Jonas,1610612738,BOS,Boston Celtics,21500685,2016-01-27T00:00:00,BOS vs. DEN,W,11.6,1.0,0.0,0.0,4.0,7.0,4.0,4.0,18.0,0.0,0.0,0.0,1.0,7.9,1,1,1,1,21774,11535,10158,9917,8599,12242,8458,8806,13577,8004,1,1,12373,20646,1.0,11:36,2015,2016
2015-16,101114,Deron Williams,Deron,1610612742,DAL,Dallas Mavericks,21500691,2016-01-27T00:00:00,DAL @ GSW,L,28.8,0.0,2.0,0.0,4.0,10.0,7.0,19.0,28.0,0.0,0.0,3.0,0.0,20.9,1,13074,13074,13074,8509,12059,4731,9917,8599,17370,15642,25435,5824,8004,1,17641,18762,11132,1.0,28:50,2015,2016
2015-16,202738,Isaiah Thomas,Isaiah,1610612738,BOS,Boston Celtics,21500685,2016-01-27T00:00:00,BOS vs. DEN,W,30.5,0.0,0.0,6.0,4.0,5.0,13.0,8.0,28.0,0.0,0.0,3.0,5.0,20.7,1,1,1,1,7090,12059,10158,740,8599,8403,23668,17194,5824,8004,1,17641,1539,11252,1.0,30:31,2015,2016
2015-16,203498,Shabazz Muhammad,Shabazz,1610612750,MIN,Minnesota Timberwolves,21500688,2016-01-27T00:00:00,MIN vs. OKC,L,24.9,2.0,0.0,4.0,8.0,5.0,10.0,7.0,28.0,0.0,3.0,0.0,3.0,12.6,1,13074,13074,13074,11718,6026,10158,1913,3109,8403,20509,15538,5824,8004,25441,1,4736,17277,1.0,24:56,2015,2016
2015-16,202389,Timofey Mozgov,Timofey,1610612739,CLE,Cleveland Cavaliers,21500684,2016-01-27T00:00:00,CLE vs. PHX,W,15.6,4.0,0.0,2.0,8.0,2.0,9.0,4.0,8.0,0.0,0.0,3.0,0.0,12.7,1,1,1,1,19342,2460,10158,4675,3109,2619,19144,8806,21543,8004,1,17641,18762,17201,1.0,15:37,2015,2016
2015-16,2733,Shaun Livingston,Shaun,1610612744,GSW,Golden State Warriors,21500691,2016-01-27T00:00:00,GSW vs. DAL,W,16.0,0.0,0.0,2.0,6.0,2.0,2.0,4.0,20.0,0.0,0.0,2.0,2.0,16.4,1,1,1,1,19060,12059,10158,4675,5299,2619,3734,8806,11929,8004,1,11390,7786,14289,1.0,15:58,2015,2016
2015-16,203084,Harrison Barnes,Harrison,1610612744,GSW,Golden State Warriors,21500691,2016-01-27T00:00:00,GSW vs. DAL,W,27.7,0.0,2.0,0.0,4.0,7.0,0.0,7.0,32.0,0.0,0.0,0.0,3.0,21.4,1,1,1,1,9469,12059,4731,9917,8599,12242,1,15538,3535,8004,1,1,4736,10807,1.0,27:41,2015,2016
2015-16,202324,Derrick Favors,Derrick,1610612762,UTA,Utah Jazz,21500690,2016-01-27T00:00:00,UTA vs. CHA,W,20.8,2.0,0.0,0.0,10.0,3.0,2.0,3.0,6.0,0.0,0.0,1.0,1.0,21.6,1,1,1,1,15220,6026,10158,9917,1840,5109,3734,7328,22724,8004,1,4972,12373,10666,1.0,20:49,2015,2016
2015-16,203492,Ray McCallum,Ray,1610612759,SAS,San Antonio Spurs,21500689,2016-01-27T00:00:00,SAS vs. HOU,W,9.5,0.0,0.0,0.0,0.0,0.0,2.0,3.0,8.0,0.0,0.0,0.0,0.0,16.1,1,1,1,1,22621,12059,10158,9917,18861,1,3734,7328,21543,8004,1,1,18762,14515,1.0,9:31,2015,2016
2015-16,201229,Anthony Tolliver,Anthony,1610612765,DET,Detroit Pistons,21500686,2016-01-27T00:00:00,DET vs. PHI,W,19.6,0.0,0.0,0.0,0.0,6.0,2.0,2.0,18.0,0.0,0.0,2.0,2.0,2.6,1,1,1,1,16199,12059,10158,9917,18861,10028,3734,4025,13577,8004,1,11390,7786,23982,1.0,19:39,2015,2016
2015-16,1626147,Justin Anderson,Justin,1610612742,DAL,Dallas Mavericks,21500691,2016-01-27T00:00:00,DAL @ GSW,L,11.2,0.0,2.0,0.0,4.0,0.0,2.0,2.0,18.0,0.0,0.0,0.0,0.0,8.4,1,13074,13074,13074,21955,12059,4731,9917,8599,1,3734,4025,13577,8004,1,1,18762,20273,1.0,11:10,2015,2016
2015-16,201988,Patty Mills,Patty,1610612759,SAS,San Antonio Spurs,21500689,2016-01-27T00:00:00,SAS vs. HOU,W,15.3,5.0,0.0,5.0,4.0,9.0,5.0,6.0,4.0,0.0,1.0,1.0,0.0,16.6,1,1,1,1,19543,1603,10158,1277,8599,15771,11469,13388,23698,8004,17214,4972,18762,14125,1.0,15:20,2015,2016
2015-16,2199,Tyson Chandler,Tyson,1610612756,PHX,Phoenix Suns,21500684,2016-01-27T00:00:00,PHX @ CLE,L,33.9,0.0,4.0,0.0,6.0,30.0,6.0,17.0,34.0,1.0,1.0,2.0,2.0,17.9,1,13074,13074,13074,4396,12059,1596,9917,5299,26063,13237,24967,2701,2692,17214,11390,7786,13229,1.0,33:56,2015,2016
2015-16,101106,Andrew Bogut,Andrew,1610612744,GSW,Golden State Warriors,21500691,2016-01-27T00:00:00,GSW vs. DAL,W,17.9,2.0,2.0,0.0,4.0,5.0,0.0,3.0,14.0,0.0,0.0,1.0,1.0,18.3,1,1,1,1,17564,6026,4731,9917,8599,8403,1,7328,17019,8004,1,4972,12373,12952,1.0,17:56,2015,2016
2015-16,201580,JaVale McGee,JaVale,1610612742,DAL,Dallas Mavericks,21500691,2016-01-27T00:00:00,DAL @ GSW,L,2.3,0.0,0.0,0.0,2.0,2.0,0.0,0.0,4.0,0.0,0.0,1.0,0.0,2.2,1,13074,13074,13074,25402,12059,10158,9917,12984,2619,1,1,23698,8004,1,4972,18762,24138,1.0,2:20,2015,2016
2015-16,203501,Tim Hardaway Jr.,Tim,1610612737,ATL,Atlanta Hawks,21500687,2016-01-27T00:00:00,ATL vs. LAC,L,8.7,0.0,0.0,0.0,0.0,6.0,0.0,0.0,10.0,0.0,0.0,0.0,0.0,2.4,1,13074,13074,13074,22958,12059,10158,9917,18861,10028,1,1,20209,8004,1,1,18762,24024,1.0,8:42,2015,2016
2015-16,203504,Trey Burke,Trey,1610612762,UTA,Utah Jazz,21500690,2016-01-27T00:00:00,UTA vs. CHA,W,19.3,0.0,0.0,0.0,0.0,4.0,3.0,2.0,4.0,0.0,0.0,3.0,0.0,12.7,1,1,1,1,16436,12059,10158,9917,18861,6141,7138,4025,23698,8004,1,17641,18762,17201,1.0,19:20,2015,2016
2015-16,200751,Randy Foye,Randy,1610612743,DEN,Denver Nuggets,21500685,2016-01-27T00:00:00,DEN @ BOS,L,21.8,0.0,3.0,0.0,2.0,8.0,2.0,8.0,22.0,1.0,1.0,2.0,2.0,12.9,1,13074,13074,13074,14315,12059,3104,9917,12984,13914,3734,17194,10265,2692,17214,11390,7786,17049,1.0,21:49,2015,2016
2015-16,101107,Marvin Williams,Marvin,1610612766,CHA,Charlotte Hornets,21500690,2016-01-27T00:00:00,CHA @ UTA,L,22.6,0.0,2.0,0.0,6.0,2.0,2.0,3.0,14.0,0.0,0.0,1.0,4.0,18.5,1,13074,13074,13074,13661,12059,4731,9917,5299,2619,3734,7328,17019,8004,1,4972,2748,12794,1.0,22:38,2015,2016
2015-16,202697,Iman Shumpert,Iman,1610612739,CLE,Cleveland Cavaliers,21500684,2016-01-27T00:00:00,CLE vs. PHX,W,27.1,2.0,0.0,2.0,2.0,8.0,11.0,6.0,24.0,0.0,0.0,0.0,2.0,16.1,1,1,1,1,9927,6026,10158,4675,12984,13914,21814,13388,8723,8004,1,1,7786,14515,1.0,27:06,2015,2016
2015-16,201589,Darrell Arthur,Darrell,1610612743,DEN,Denver Nuggets,21500685,2016-01-27T00:00:00,DEN @ BOS,L,9.9,0.0,0.0,0.0,0.0,7.0,2.0,5.0,6.0,0.0,0.0,2.0,0.0,2.9,1,13074,13074,13074,22492,12059,10158,9917,18861,12242,3734,11593,22724,8004,1,11390,18762,23852,1.0,9:54,2015,2016
2015-16,203458,Alex Len,Alex,1610612756,PHX,Phoenix Suns,21500684,2016-01-27T00:00:00,PHX @ CLE,L,27.0,2.0,0.0,0.0,4.0,22.0,7.0,13.0,34.0,0.0,1.0,2.0,0.0,12.8,1,13074,13074,13074,10015,6026,10158,9917,8599,25683,15642,23048,2701,8004,17214,11390,18762,17129,1.0,27:00,2015,2016
2015-16,203118,Mike Scott,Mike,1610612737,ATL,Atlanta Hawks,21500687,2016-01-27T00:00:00,ATL vs. LAC,L,14.5,0.0,0.0,0.0,0.0,10.0,0.0,2.0,18.0,0.0,1.0,1.0,1.0,8.5,1,13074,13074,13074,20098,12059,10158,9917,18861,17370,1,4025,13577,8004,17214,4972,12373,20215,1.0,14:31,2015,2016
2015-16,202684,Tristan Thompson,Tristan,1610612739,CLE,Cleveland Cavaliers,21500684,2016-01-27T00:00:00,CLE vs. PHX,W,28.4,0.0,1.0,0.0,4.0,13.0,8.0,2.0,22.0,1.0,1.0,1.0,1.0,13.0,1,1,1,1,8879,12059,9709,9917,8599,21300,17345,4025,10265,2692,17214,4972,12373,16969,1.0,28:26,2015,2016
2015-16,202689,Kemba Walker,Kemba,1610612766,CHA,Charlotte Hornets,21500690,2016-01-27T00:00:00,CHA @ UTA,L,30.1,2.0,2.0,0.0,8.0,4.0,2.0,5.0,24.0,0.0,1.0,0.0,2.0,21.5,1,13074,13074,13074,7467,6026,4731,9917,3109,6141,3734,11593,8723,8004,17214,1,7786,10755,1.0,30:05,2015,2016
2015-16,2419,Tayshaun Prince,Tayshaun,1610612750,MIN,Minnesota Timberwolves,21500688,2016-01-27T00:00:00,MIN vs. OKC,L,22.4,0.0,0.0,2.0,0.0,0.0,8.0,7.0,28.0,0.0,0.0,2.0,0.0,8.2,1,13074,13074,13074,13866,12059,10158,4675,18861,1,17345,15538,5824,8004,1,11390,18762,20416,1.0,22:22,2015,2016
2015-16,2210,Richard Jefferson,Richard,1610612739,CLE,Cleveland Cavaliers,21500684,2016-01-27T00:00:00,CLE vs. PHX,W,22.8,4.0,0.0,1.0,2.0,6.0,9.0,6.0,20.0,0.0,0.0,2.0,2.0,18.5,1,1,1,1,13500,2460,10158,9347,12984,10028,19144,13388,11929,8004,1,11390,7786,12794,1.0,22:51,2015,2016
2015-16,1626144,Emmanuel Mudiay,Emmanuel,1610612743,DEN,Denver Nuggets,21500685,2016-01-27T00:00:00,DEN @ BOS,L,26.2,3.0,0.0,2.0,6.0,12.0,15.0,16.0,22.0,0.0,0.0,3.0,2.0,16.4,1,13074,13074,13074,10711,4307,10158,4675,5299,20178,24781,24641,10265,8004,1,17641,7786,14289,1.0,26:11,2015,2016
2015-16,1626168,Trey Lyles,Trey,1610612762,UTA,Utah Jazz,21500690,2016-01-27T00:00:00,UTA vs. CHA,W,18.8,0.0,0.0,0.0,0.0,1.0,4.0,1.0,14.0,0.0,0.0,2.0,0.0,2.6,1,1,1,1,16840,12059,10158,9917,18861,2356,8458,3646,17019,8004,1,11390,18762,23982,1.0,18:50,2015,2016
2015-16,1626151,Aaron Harrison,Aaron,1610612766,CHA,Charlotte Hornets,21500690,2016-01-27T00:00:00,CHA @ UTA,L,4.7,0.0,0.0,0.0,0.0,4.0,0.0,2.0,6.0,0.0,0.0,1.0,0.0,2.0,1,13074,13074,13074,24490,12059,10158,9917,18861,6141,1,4025,22724,8004,1,4972,18762,24216,1.0,4:39,2015,2016
2015-16,202713,Kyle Singler,Kyle,1610612760,OKC,Oklahoma City Thunder,21500688,2016-01-27T00:00:00,OKC @ MIN,W,22.7,0.0,0.0,0.0,2.0,8.0,6.0,7.0,28.0,0.0,0.0,3.0,0.0,8.0,1,1,1,1,13643,12059,10158,9917,12984,13914,13237,15538,5824,8004,1,17641,18762,20564,1.0,22:39,2015,2016
2015-16,202083,Wesley Matthews,Wesley,1610612742,DAL,Dallas Mavericks,21500691,2016-01-27T00:00:00,DAL @ GSW,L,33.3,0.0,0.0,0.0,4.0,10.0,9.0,17.0,30.0,0.0,2.0,3.0,1.0,18.5,1,13074,13074,13074,4899,12059,10158,9917,8599,17370,19144,24967,4541,8004,23588,17641,12373,12794,1.0,33:17,2015,2016
2015-16,203481,Jeff Withey,Jeff,1610612762,UTA,Utah Jazz,21500690,2016-01-27T00:00:00,UTA vs. CHA,W,3.8,0.0,0.0,0.0,2.0,0.0,0.0,0.0,4.0,0.0,0.0,1.0,1.0,2.0,1,1,1,1,24805,12059,10158,9917,12984,1,1,1,23698,8004,1,4972,12373,24216,1.0,3:47,2015,2016
2015-16,203521,Matthew Dellavedova,Matthew,1610612739,CLE,Cleveland Cavaliers,21500684,2016-01-27T00:00:00,CLE vs. PHX,W,19.4,0.0,0.0,0.0,0.0,3.0,9.0,4.0,14.0,0.0,0.0,3.0,1.0,16.1,1,1,1,1,16387,12059,10158,9917,18861,5109,19144,8806,17019,8004,1,17641,12373,14515,1.0,19:24,2015,2016
2015-16,2555,Nick Collison,Nick,1610612760,OKC,Oklahoma City Thunder,21500688,2016-01-27T00:00:00,OKC @ MIN,W,16.0,0.0,4.0,2.0,6.0,7.0,6.0,7.0,16.0,3.0,0.0,1.0,1.0,21.1,1,1,1,1,19060,12059,1596,4675,5299,12242,13237,15538,15259,347,1,4972,12373,11012,1.0,15:58,2015,2016
2015-16,202357,Nemanja Bjelica,Nemanja,1610612750,MIN,Minnesota Timberwolves,21500688,2016-01-27T00:00:00,MIN vs. OKC,L,23.1,0.0,2.0,0.0,6.0,4.0,14.0,6.0,30.0,0.0,0.0,3.0,4.0,21.1,1,13074,13074,13074,13305,12059,4731,9917,5299,6141,24300,13388,4541,8004,1,17641,2748,11012,1.0,23:05,2015,2016
2015-16,201603,Sonny Weems,Sonny,1610612756,PHX,Phoenix Suns,21500684,2016-01-27T00:00:00,PHX @ CLE,L,20.7,0.0,3.0,2.0,2.0,7.0,6.0,7.0,20.0,0.0,0.0,1.0,0.0,12.9,1,13074,13074,13074,15319,12059,3104,4675,12984,12242,13237,15538,11929,8004,1,4972,18762,17049,1.0,20:42,2015,2016
2015-16,201951,Ty Lawson,Ty,1610612745,HOU,Houston Rockets,21500689,2016-01-27T00:00:00,HOU @ SAS,L,25.6,1.0,0.0,1.0,0.0,11.0,10.0,2.0,24.0,1.0,0.0,0.0,3.0,16.4,1,13074,13074,13074,11188,11535,10158,9347,18861,18886,20509,4025,8723,2692,1,1,4736,14289,1.0,25:38,2015,2016
2015-16,201150,Spencer Hawes,Spencer,1610612766,CHA,Charlotte Hornets,21500690,2016-01-27T00:00:00,CHA @ UTA,L,26.4,0.0,3.0,0.0,0.0,4.0,2.0,5.0,18.0,0.0,1.0,2.0,1.0,15.8,1,13074,13074,13074,10518,12059,3104,9917,18861,6141,3734,11593,13577,8004,17214,11390,12373,14754,1.0,26:25,2015,2016
2015-16,2037,Jamal Crawford,Jamal,1610612746,LAC,LA Clippers,21500687,2016-01-27T00:00:00,LAC @ ATL,W,29.1,6.0,0.0,2.0,12.0,5.0,5.0,3.0,12.0,0.0,0.0,1.0,1.0,26.2,1,1,1,1,8269,878,10158,4675,988,8403,11469,7328,18637,8004,1,4972,12373,7785,1.0,29:08,2015,2016
2015-16,200794,Paul Millsap,Paul,1610612737,ATL,Atlanta Hawks,21500687,2016-01-27T00:00:00,ATL vs. LAC,L,34.4,2.0,3.0,0.0,8.0,7.0,6.0,6.0,20.0,2.0,1.0,2.0,5.0,41.4,1,13074,13074,13074,4001,6026,3104,9917,3109,12242,13237,13388,11929,932,17214,11390,1539,2060,1.0,34:26,2015,2016
2015-16,203382,Aron Baynes,Aron,1610612765,DET,Detroit Pistons,21500686,2016-01-27T00:00:00,DET vs. PHI,W,11.8,4.0,2.0,2.0,4.0,4.0,0.0,2.0,10.0,0.0,0.0,1.0,2.0,27.3,1,1,1,1,21701,2460,4731,4675,8599,6141,1,4025,20209,8004,1,4972,7786,7236,1.0,11:45,2015,2016
2015-16,203496,Robert Covington,Robert,1610612755,PHI,Philadelphia 76ers,21500686,2016-01-27T00:00:00,PHI @ DET,L,35.5,2.0,5.0,0.0,2.0,20.0,19.0,16.0,38.0,2.0,0.0,4.0,2.0,27.1,1,13074,13074,13074,3123,6026,995,9917,12984,25338,25786,24641,1422,932,1,22104,7786,7339,1.0,35:31,2015,2016
2015-16,203935,Marcus Smart,Marcus,1610612738,BOS,Boston Celtics,21500685,2016-01-27T00:00:00,BOS vs. DEN,W,27.7,2.0,0.0,2.0,0.0,10.0,4.0,6.0,28.0,0.0,1.0,2.0,2.0,19.9,1,1,1,1,9485,6026,10158,4675,18861,17370,8458,13388,5824,8004,17214,11390,7786,11824,1.0,27:40,2015,2016
2015-16,203952,Andrew Wiggins,Andrew,1610612750,MIN,Minnesota Timberwolves,21500688,2016-01-27T00:00:00,MIN vs. OKC,L,37.3,2.0,2.0,4.0,14.0,13.0,12.0,13.0,42.0,0.0,2.0,0.0,5.0,26.2,1,13074,13074,13074,1890,6026,4731,1913,542,21300,22832,23048,670,8004,23588,1,1539,7785,1.0,37:18,2015,2016
2015-16,201977,Marcus Thornton,Marcus,1610612745,HOU,Houston Rockets,21500689,2016-01-27T00:00:00,HOU @ SAS,L,20.9,2.0,0.0,0.0,0.0,5.0,10.0,5.0,24.0,1.0,2.0,1.0,1.0,15.5,1,13074,13074,13074,15140,6026,10158,9917,18861,8403,20509,11593,8723,2692,23588,4972,12373,15004,1.0,20:54,2015,2016
2015-16,1891,Jason Terry,Jason,1610612745,HOU,Houston Rockets,21500689,2016-01-27T00:00:00,HOU @ SAS,L,20.4,3.0,3.0,3.0,0.0,7.0,6.0,2.0,18.0,0.0,0.0,1.0,1.0,15.1,1,13074,13074,13074,15562,4307,3104,3302,18861,12242,13237,4025,13577,8004,1,4972,12373,15328,1.0,20:24,2015,2016
2015-16,203096,Jared Sullinger,Jared,1610612738,BOS,Boston Celtics,21500685,2016-01-27T00:00:00,BOS vs. DEN,W,17.7,0.0,6.0,0.0,4.0,5.0,7.0,8.0,16.0,1.0,2.0,4.0,1.0,26.7,1,1,1,1,17731,12059,481,9917,8599,8403,15642,17194,15259,2692,23588,22104,12373,7525,1.0,17:44,2015,2016
2015-16,203471,Dennis Schröder,Dennis,1610612737,ATL,Atlanta Hawks,21500687,2016-01-27T00:00:00,ATL vs. LAC,L,17.1,0.0,0.0,3.0,0.0,10.0,0.0,4.0,20.0,0.0,1.0,1.0,1.0,12.3,1,13074,13074,13074,18206,12059,10158,3302,18861,17370,1,8806,11929,8004,17214,4972,12373,17524,1.0,17:06,2015,2016
2015-16,101111,Charlie Villanueva,Charlie,1610612742,DAL,Dallas Mavericks,21500691,2016-01-27T00:00:00,DAL @ GSW,L,19.6,0.0,0.0,0.0,2.0,2.0,2.0,10.0,28.0,0.0,0.0,3.0,0.0,15.7,1,13074,13074,13074,16224,12059,10158,9917,12984,2619,3734,20169,5824,8004,1,17641,18762,14841,1.0,19:37,2015,2016
2015-16,203999,Nikola Jokić,Nikola,1610612743,DEN,Denver Nuggets,21500685,2016-01-27T00:00:00,DEN @ BOS,L,19.2,0.0,0.0,2.0,2.0,10.0,11.0,11.0,16.0,1.0,2.0,2.0,1.0,20.4,1,13074,13074,13074,16525,12059,10158,4675,12984,17370,21814,21342,15259,2692,23588,11390,12373,11453,1.0,19:12,2015,2016
2015-16,203897,Zach LaVine,Zach,1610612750,MIN,Minnesota Timberwolves,21500688,2016-01-27T00:00:00,MIN vs. OKC,L,29.4,8.0,0.0,5.0,6.0,8.0,14.0,8.0,36.0,0.0,0.0,5.0,3.0,41.9,1,13074,13074,13074,8019,308,10158,1277,5299,13914,24300,17194,1943,8004,1,24686,4736,1958,1.0,29:26,2015,2016
2015-16,2738,Andre Iguodala,Andre,1610612744,GSW,Golden State Warriors,21500691,2016-01-27T00:00:00,GSW vs. DAL,W,23.0,0.0,2.0,4.0,4.0,4.0,7.0,2.0,26.0,0.0,0.0,1.0,3.0,19.8,1,1,1,1,13383,12059,4731,1913,8599,6141,15642,4025,7214,8004,1,4972,4736,11883,1.0,22:59,2015,2016
2015-16,203914,Gary Harris,Gary,1610612743,DEN,Denver Nuggets,21500685,2016-01-27T00:00:00,DEN @ BOS,L,32.8,2.0,5.0,0.0,2.0,12.0,13.0,20.0,34.0,0.0,0.0,1.0,4.0,27.4,1,13074,13074,13074,5264,6026,995,9917,12984,20178,23668,25599,2701,8004,1,4972,2748,7179,1.0,32:49,2015,2016
2015-16,201939,Stephen Curry,Stephen,1610612744,GSW,Golden State Warriors,21500691,2016-01-27T00:00:00,GSW vs. DAL,W,31.8,4.0,0.0,5.0,2.0,9.0,5.0,5.0,32.0,1.0,0.0,2.0,1.0,41.9,1,1,1,1,6074,2460,10158,1277,12984,15771,11469,11593,3535,2692,1,11390,12373,1958,1.0,31:48,2015,2016
2015-16,203085,Austin Rivers,Austin,1610612746,LAC,LA Clippers,21500687,2016-01-27T00:00:00,LAC @ ATL,W,19.6,4.0,0.0,2.0,8.0,0.0,4.0,3.0,6.0,0.0,0.0,1.0,0.0,20.3,1,1,1,1,16222,2460,10158,4675,3109,1,8458,7328,22724,8004,1,4972,18762,11534,1.0,19:37,2015,2016
2015-16,202323,Evan Turner,Evan,1610612738,BOS,Boston Celtics,21500685,2016-01-27T00:00:00,BOS vs. DEN,W,30.0,0.0,2.0,2.0,6.0,10.0,10.0,8.0,32.0,0.0,0.0,2.0,4.0,30.8,1,1,1,1,7571,12059,4731,4675,5299,17370,20509,17194,3535,8004,1,11390,2748,5493,1.0,29:58,2015,2016
2015-16,2772,Trevor Ariza,Trevor,1610612745,HOU,Houston Rockets,21500689,2016-01-27T00:00:00,HOU @ SAS,L,27.0,0.0,1.0,0.0,0.0,20.0,12.0,15.0,32.0,1.0,0.0,3.0,2.0,20.2,1,13074,13074,13074,10015,12059,9709,9917,18861,25338,22832,24242,3535,2692,1,17641,7786,11610,1.0,27:00,2015,2016
2015-16,200782,P.J. Tucker,P.J.,1610612756,PHX,Phoenix Suns,21500684,2016-01-27T00:00:00,PHX @ CLE,L,35.5,5.0,4.0,0.0,2.0,33.0,8.0,15.0,38.0,0.0,0.0,4.0,1.0,26.4,1,13074,13074,13074,3165,1603,1596,9917,12984,26075,17345,24242,1422,8004,1,22104,12373,7672,1.0,35:28,2015,2016
2015-16,204456,T.J. McConnell,T.J.,1610612755,PHI,Philadelphia 76ers,21500686,2016-01-27T00:00:00,PHI @ DET,L,16.7,2.0,0.0,0.0,2.0,6.0,8.0,2.0,22.0,0.0,0.0,4.0,0.0,15.4,1,13074,13074,13074,18498,6026,10158,9917,12984,10028,17345,4025,10265,8004,1,22104,18762,15066,1.0,16:42,2015,2016
2015-16,101109,Raymond Felton,Raymond,1610612742,DAL,Dallas Mavericks,21500691,2016-01-27T00:00:00,DAL @ GSW,L,35.4,3.0,0.0,0.0,6.0,8.0,5.0,17.0,42.0,0.0,0.0,1.0,3.0,20.6,1,13074,13074,13074,3237,4307,10158,9917,5299,13914,11469,24967,670,8004,1,4972,4736,11314,1.0,35:23,2015,2016
2015-16,203933,T.J. Warren,T.J.,1610612756,PHX,Phoenix Suns,21500684,2016-01-27T00:00:00,PHX @ CLE,L,26.3,1.0,0.0,0.0,8.0,18.0,5.0,12.0,26.0,0.0,0.0,3.0,1.0,20.6,1,13074,13074,13074,10598,11535,10158,9917,3109,24749,11469,22259,7214,8004,1,17641,12373,11314,1.0,26:18,2015,2016
2015-16,200746,LaMarcus Aldridge,LaMarcus,1610612759,SAS,San Antonio Spurs,21500689,2016-01-27T00:00:00,SAS vs. HOU,W,29.7,8.0,12.0,0.0,12.0,6.0,8.0,4.0,20.0,0.0,2.0,4.0,5.0,42.5,1,1,1,1,7832,308,6,9917,988,10028,17345,8806,11929,8004,23588,22104,1539,1841,1.0,29:40,2015,2016
2015-16,202330,Gordon Hayward,Gordon,1610612762,UTA,Utah Jazz,21500690,2016-01-27T00:00:00,UTA vs. CHA,W,31.9,9.0,0.0,4.0,10.0,3.0,7.0,1.0,18.0,0.0,0.0,2.0,2.0,41.9,1,1,1,1,6033,171,10158,1913,1840,5109,15642,3646,13577,8004,1,11390,7786,1958,1.0,31:51,2015,2016
2015-16,201980,Danny Green,Danny,1610612759,SAS,San Antonio Spurs,21500689,2016-01-27T00:00:00,SAS vs. HOU,W,28.1,3.0,0.0,3.0,0.0,14.0,7.0,7.0,16.0,1.0,1.0,2.0,2.0,41.7,1,1,1,1,9179,4307,10158,3302,18861,22292,15642,15538,15259,2692,17214,11390,7786,2002,1.0,28:05,2015,2016
2015-16,200768,Kyle Lowry,Kyle,1610612761,TOR,Toronto Raptors,21500680,2016-01-26T00:00:00,TOR vs. WAS,W,36.4,5.0,6.0,7.0,4.0,23.0,8.0,13.0,24.0,0.0,0.0,4.0,7.0,42.8,1,1,1,1,2509,1603,481,454,8599,25803,17345,23048,8723,8004,1,22104,469,1776,1.0,36:21,2015,2016
2015-16,200782,P.J. Tucker,P.J.,1610612756,PHX,Phoenix Suns,21500677,2016-01-26T00:00:00,PHX @ PHI,L,32.6,2.0,0.0,4.0,0.0,23.0,3.0,17.0,30.0,1.0,2.0,4.0,3.0,31.0,1,13074,13074,13074,5434,6026,10158,1913,18861,25803,7138,24967,4541,2692,23588,22104,4736,5406,1.0,32:35,2015,2016
2015-16,201588,George Hill,George,1610612754,IND,Indiana Pacers,21500676,2016-01-26T00:00:00,IND vs. LAC,L,39.8,0.0,0.0,0.0,2.0,9.0,7.0,1.0,6.0,0.0,0.0,0.0,1.0,20.2,1,13074,13074,13074,786,12059,10158,9917,12984,15771,15642,3646,22724,8004,1,1,12373,11610,1.0,39:48,2015,2016
2015-16,200826,J.J. Barea,J.J.,1610612742,DAL,Dallas Mavericks,21500683,2016-01-26T00:00:00,DAL @ LAL,W,28.1,8.0,0.0,0.0,8.0,2.0,9.0,4.0,14.0,0.0,2.0,4.0,6.0,30.8,1,1,1,1,9151,308,10158,9917,3109,2619,19144,8806,17019,8004,23588,22104,873,5493,1.0,28:07,2015,2016
2015-16,2449,Luis Scola,Luis,1610612761,TOR,Toronto Raptors,21500680,2016-01-26T00:00:00,TOR vs. WAS,W,22.9,1.0,2.0,2.0,2.0,16.0,6.0,12.0,20.0,0.0,0.0,2.0,2.0,20.6,1,1,1,1,13470,11535,4731,4675,12984,23774,13237,22259,11929,8004,1,11390,7786,11314,1.0,22:53,2015,2016
2015-16,202335,Patrick Patterson,Patrick,1610612761,TOR,Toronto Raptors,21500680,2016-01-26T00:00:00,TOR vs. WAS,W,23.5,0.0,0.0,0.0,2.0,12.0,3.0,3.0,14.0,0.0,0.0,3.0,1.0,15.1,1,1,1,1,12968,12059,10158,9917,12984,20178,7138,7328,17019,8004,1,17641,12373,15328,1.0,23:30,2015,2016
2015-16,202498,Lance Thomas,Lance,1610612752,NYK,New York Knicks,21500679,2016-01-26T00:00:00,NYK vs. OKC,L,40.7,4.0,0.0,5.0,6.0,11.0,12.0,20.0,40.0,1.0,1.0,6.0,5.0,27.3,1,13074,13074,13074,559,2460,10158,1277,5299,18886,22832,25599,983,2692,17214,25827,1539,7236,1.0,40:42,2015,2016
2015-16,2736,Luol Deng,Luol,1610612748,MIA,Miami Heat,21500678,2016-01-26T00:00:00,MIA @ BKN,W,30.6,4.0,0.0,6.0,4.0,6.0,1.0,5.0,20.0,1.0,0.0,1.0,1.0,26.4,1,1,1,1,7012,2460,10158,740,8599,10028,3393,11593,11929,2692,1,4972,12373,7672,1.0,30:37,2015,2016
2015-16,202083,Wesley Matthews,Wesley,1610612742,DAL,Dallas Mavericks,21500683,2016-01-26T00:00:00,DAL @ LAL,W,33.0,0.0,0.0,0.0,4.0,6.0,11.0,7.0,20.0,0.0,1.0,0.0,1.0,15.5,1,1,1,1,5137,12059,10158,9917,8599,10028,21814,15538,11929,8004,17214,1,12373,15004,1.0,32:59,2015,2016
2015-16,1626164,Devin Booker,Devin,1610612756,PHX,Phoenix Suns,21500677,2016-01-26T00:00:00,PHX @ PHI,L,36.3,3.0,0.0,2.0,6.0,17.0,7.0,21.0,38.0,0.0,1.0,5.0,2.0,27.3,1,13074,13074,13074,2579,4307,10158,4675,5299,24337,15642,25725,1422,8004,17214,24686,7786,7236,1.0,36:15,2015,2016
2015-16,203932,Aaron Gordon,Aaron,1610612753,ORL,Orlando Magic,21500681,2016-01-26T00:00:00,ORL @ MIL,L,37.3,2.0,2.0,0.0,4.0,8.0,10.0,12.0,46.0,0.0,2.0,1.0,3.0,27.3,1,13074,13074,13074,1923,6026,4731,9917,8599,13914,20509,22259,298,8004,23588,4972,4736,7236,1.0,37:15,2015,2016
2015-16,202341,James Anderson,James,1610612758,SAC,Sacramento Kings,21500682,2016-01-26T00:00:00,SAC @ POR,L,17.7,0.0,0.0,0.0,2.0,6.0,7.0,3.0,12.0,1.0,0.0,2.0,0.0,11.9,1,13074,13074,13074,17755,12059,10158,9917,12984,10028,15642,7328,18637,2692,1,11390,18762,17760,1.0,17:42,2015,2016
2015-16,202709,Cory Joseph,Cory,1610612761,TOR,Toronto Raptors,21500680,2016-01-26T00:00:00,TOR vs. WAS,W,24.6,0.0,2.0,0.0,8.0,7.0,2.0,8.0,16.0,0.0,0.0,3.0,1.0,20.4,1,1,1,1,12034,12059,4731,9917,3109,12242,3734,17194,15259,8004,1,17641,12373,11453,1.0,24:35,2015,2016
2015-16,201586,Serge Ibaka,Serge,1610612760,OKC,Oklahoma City Thunder,21500679,2016-01-26T00:00:00,OKC @ NYK,W,46.9,0.0,6.0,0.0,6.0,13.0,8.0,16.0,38.0,2.0,0.0,3.0,1.0,41.4,1,1,1,1,39,12059,481,9917,5299,21300,17345,24641,1422,932,1,17641,12373,2060,1.0,46:55,2015,2016
2015-16,1626209,Mario Hezonja,Mario,1610612753,ORL,Orlando Magic,21500681,2016-01-26T00:00:00,ORL @ MIL,L,17.4,3.0,0.0,0.0,0.0,3.0,4.0,4.0,14.0,0.0,0.0,1.0,1.0,12.2,1,13074,13074,13074,17982,4307,10158,9917,18861,5109,8458,8806,17019,8004,1,4972,12373,17566,1.0,17:23,2015,2016
2015-16,203457,Nerlens Noel,Nerlens,1610612755,PHI,Philadelphia 76ers,21500677,2016-01-26T00:00:00,PHI vs. PHX,W,30.2,4.0,0.0,4.0,8.0,6.0,6.0,8.0,28.0,3.0,1.0,5.0,2.0,42.3,1,1,1,1,7314,2460,10158,1913,3109,10028,13237,17194,5824,347,17214,24686,7786,1877,1.0,30:15,2015,2016
2015-16,204456,T.J. McConnell,T.J.,1610612755,PHI,Philadelphia 76ers,21500677,2016-01-26T00:00:00,PHI vs. PHX,W,16.7,0.0,0.0,0.0,6.0,5.0,8.0,7.0,18.0,0.0,1.0,2.0,4.0,27.0,1,1,1,1,18517,12059,10158,9917,5299,8403,17345,15538,13577,8004,17214,11390,2748,7385,1.0,16:41,2015,2016
2015-16,201572,Brook Lopez,Brook,1610612751,BKN,Brooklyn Nets,21500678,2016-01-26T00:00:00,BKN vs. MIA,L,31.0,0.0,1.0,0.0,8.0,13.0,5.0,6.0,26.0,1.0,0.0,2.0,3.0,26.5,1,13074,13074,13074,6759,12059,9709,9917,3109,21300,11469,13388,7214,2692,1,11390,4736,7627,1.0,30:57,2015,2016
2015-16,204020,Tyler Johnson,Tyler,1610612748,MIA,Miami Heat,21500678,2016-01-26T00:00:00,MIA @ BKN,W,17.8,0.0,0.0,0.0,4.0,9.0,3.0,2.0,8.0,1.0,0.0,4.0,0.0,12.4,1,1,1,1,17652,12059,10158,9917,8599,15771,7138,4025,21543,2692,1,22104,18762,17418,1.0,17:49,2015,2016
2015-16,101109,Raymond Felton,Raymond,1610612742,DAL,Dallas Mavericks,21500683,2016-01-26T00:00:00,DAL @ LAL,W,27.3,0.0,0.0,0.0,2.0,4.0,10.0,3.0,16.0,0.0,0.0,2.0,0.0,15.4,1,1,1,1,9762,12059,10158,9917,12984,6141,20509,7328,15259,8004,1,11390,18762,15066,1.0,27:18,2015,2016
2015-16,201599,DeAndre Jordan,DeAndre,1610612746,LAC,LA Clippers,21500676,2016-01-26T00:00:00,LAC @ IND,W,41.2,1.0,5.0,0.0,6.0,9.0,6.0,9.0,32.0,3.0,0.0,1.0,6.0,42.8,1,1,1,1,441,11535,995,9917,5299,15771,13237,18829,3535,347,1,4972,873,1776,1.0,41:14,2015,2016
2015-16,202699,Tobias Harris,Tobias,1610612753,ORL,Orlando Magic,21500681,2016-01-26T00:00:00,ORL @ MIL,L,23.7,3.0,3.0,1.0,4.0,8.0,8.0,8.0,30.0,1.0,2.0,2.0,5.0,27.2,1,13074,13074,13074,12799,4307,3104,9347,8599,13914,17345,17194,4541,2692,23588,11390,1539,7289,1.0,23:44,2015,2016
2015-16,2207,Joe Johnson,Joe,1610612751,BKN,Brooklyn Nets,21500678,2016-01-26T00:00:00,BKN vs. MIA,L,36.7,3.0,0.0,0.0,4.0,19.0,5.0,10.0,36.0,0.0,0.0,0.0,3.0,26.8,1,13074,13074,13074,2299,4307,10158,9917,8599,25074,11469,20169,1943,8004,1,1,4736,7486,1.0,36:40,2015,2016
2015-16,101108,Chris Paul,Chris,1610612746,LAC,LA Clippers,21500676,2016-01-26T00:00:00,LAC @ IND,W,36.1,7.0,0.0,0.0,2.0,6.0,6.0,6.0,26.0,0.0,1.0,3.0,1.0,42.7,1,1,1,1,2669,548,10158,9917,12984,10028,13237,13388,7214,8004,17214,17641,12373,1800,1.0,36:06,2015,2016
2015-16,201152,Thaddeus Young,Thaddeus,1610612751,BKN,Brooklyn Nets,21500678,2016-01-26T00:00:00,BKN vs. MIA,L,31.8,0.0,0.0,2.0,8.0,12.0,5.0,6.0,30.0,0.0,0.0,5.0,1.0,20.0,1,13074,13074,13074,6102,12059,10158,4675,3109,20178,11469,13388,4541,8004,1,24686,12373,11752,1.0,31:46,2015,2016
2015-16,202685,Jonas Valančiūnas,Jonas,1610612761,TOR,Toronto Raptors,21500680,2016-01-26T00:00:00,TOR vs. WAS,W,25.6,2.0,2.0,0.0,10.0,20.0,7.0,10.0,22.0,1.0,2.0,4.0,3.0,26.4,1,1,1,1,11225,6026,4731,9917,1840,25338,15642,20169,10265,2692,23588,22104,4736,7672,1.0,25:35,2015,2016
2015-16,202687,Bismack Biyombo,Bismack,1610612761,TOR,Toronto Raptors,21500680,2016-01-26T00:00:00,TOR vs. WAS,W,19.2,2.0,0.0,0.0,2.0,8.0,2.0,3.0,8.0,1.0,0.0,2.0,3.0,19.7,1,1,1,1,16501,6026,10158,9917,12984,13914,3734,7328,21543,2692,1,11390,4736,11962,1.0,19:14,2015,2016
2015-16,101162,Marcin Gortat,Marcin,1610612764,WAS,Washington Wizards,21500680,2016-01-26T00:00:00,WAS @ TOR,L,31.9,2.0,0.0,2.0,6.0,10.0,10.0,7.0,20.0,2.0,0.0,3.0,3.0,31.1,1,13074,13074,13074,5973,6026,10158,4675,5299,17370,20509,15538,11929,932,1,17641,4736,5354,1.0,31:54,2015,2016
2015-16,203114,Khris Middleton,Khris,1610612749,MIL,Milwaukee Bucks,21500681,2016-01-26T00:00:00,MIL vs. ORL,W,36.3,2.0,2.0,6.0,6.0,13.0,10.0,1.0,26.0,0.0,0.0,2.0,5.0,42.5,1,1,1,1,2557,6026,4731,740,5299,21300,20509,3646,7214,8004,1,11390,1539,1841,1.0,36:17,2015,2016
2015-16,202326,DeMarcus Cousins,DeMarcus,1610612758,SAC,Sacramento Kings,21500682,2016-01-26T00:00:00,SAC @ POR,L,31.8,2.0,5.0,0.0,4.0,12.0,4.0,4.0,34.0,0.0,4.0,2.0,10.0,27.0,1,13074,13074,13074,6048,6026,995,9917,8599,20178,8458,8806,2701,8004,25926,11390,76,7385,1.0,31:50,2015,2016
2015-16,201942,DeMar DeRozan,DeMar,1610612761,TOR,Toronto Raptors,21500680,2016-01-26T00:00:00,TOR vs. WAS,W,33.8,2.0,0.0,0.0,6.0,26.0,8.0,10.0,28.0,0.0,1.0,2.0,5.0,26.8,1,1,1,1,4495,6026,10158,9917,5299,25979,17345,20169,5824,8004,17214,11390,1539,7486,1.0,33:49,2015,2016
2015-16,202696,Nikola Vučević,Nikola,1610612753,ORL,Orlando Magic,21500681,2016-01-26T00:00:00,ORL @ MIL,L,37.1,0.0,2.0,0.0,10.0,12.0,12.0,16.0,50.0,2.0,1.0,5.0,4.0,38.4,1,13074,13074,13074,2006,12059,4731,9917,1840,20178,22832,24641,107,932,17214,24686,2748,2802,1.0,37:08,2015,2016
2015-16,203079,Dion Waiters,Dion,1610612760,OKC,Oklahoma City Thunder,21500679,2016-01-26T00:00:00,OKC @ NYK,W,42.5,2.0,5.0,4.0,4.0,15.0,11.0,18.0,42.0,0.0,0.0,3.0,0.0,17.1,1,1,1,1,246,6026,995,1913,8599,23079,21814,25228,670,8004,1,17641,18762,13791,1.0,42:31,2015,2016
2015-16,1626166,Cameron Payne,Cameron,1610612760,OKC,Oklahoma City Thunder,21500679,2016-01-26T00:00:00,OKC @ NYK,W,15.1,0.0,0.0,0.0,0.0,4.0,3.0,4.0,16.0,0.0,0.0,0.0,0.0,13.4,1,1,1,1,19718,12059,10158,9917,18861,6141,7138,8806,15259,8004,1,1,18762,16614,1.0,15:03,2015,2016
2015-16,1626170,Jerian Grant,Jerian,1610612752,NYK,New York Knicks,21500679,2016-01-26T00:00:00,NYK vs. OKC,L,21.4,4.0,0.0,4.0,6.0,5.0,9.0,12.0,16.0,0.0,0.0,0.0,2.0,22.4,1,13074,13074,13074,14699,2460,10158,1913,5299,8403,19144,22259,15259,8004,1,1,7786,10131,1.0,21:24,2015,2016
2015-16,101133,Ian Mahinmi,Ian,1610612754,IND,Indiana Pacers,21500676,2016-01-26T00:00:00,IND vs. LAC,L,29.4,2.0,2.0,2.0,8.0,8.0,7.0,1.0,6.0,0.0,1.0,3.0,6.0,32.0,1,13074,13074,13074,8042,6026,4731,4675,3109,13914,15642,3646,22724,8004,17214,17641,873,4945,1.0,29:25,2015,2016
2015-16,203894,Shabazz Napier,Shabazz,1610612753,ORL,Orlando Magic,21500681,2016-01-26T00:00:00,ORL @ MIL,L,24.0,0.0,0.0,0.0,0.0,5.0,10.0,6.0,24.0,0.0,0.0,3.0,1.0,16.9,1,13074,13074,13074,12549,12059,10158,9917,18861,8403,20509,13388,8723,8004,1,17641,12373,13911,1.0,24:00,2015,2016
2015-16,203500,Steven Adams,Steven,1610612760,OKC,Oklahoma City Thunder,21500679,2016-01-26T00:00:00,OKC @ NYK,W,35.5,0.0,2.0,4.0,8.0,7.0,6.0,14.0,28.0,0.0,1.0,4.0,2.0,32.1,1,1,1,1,3160,12059,4731,1913,3109,12242,13237,23710,5824,8004,17214,22104,7786,4889,1.0,35:28,2015,2016
2015-16,202397,Ish Smith,Ish,1610612755,PHI,Philadelphia 76ers,21500677,2016-01-26T00:00:00,PHI vs. PHX,W,31.7,1.0,2.0,7.0,14.0,6.0,6.0,12.0,30.0,0.0,1.0,3.0,5.0,38.5,1,1,1,1,6132,11535,4731,454,542,10028,13237,22259,4541,8004,17214,17641,1539,2771,1.0,31:43,2015,2016
2015-16,101181,Jose Calderon,Jose,1610612752,NYK,New York Knicks,21500679,2016-01-26T00:00:00,NYK vs. OKC,L,20.8,0.0,2.0,0.0,0.0,8.0,4.0,17.0,22.0,0.0,0.0,2.0,0.0,17.0,1,13074,13074,13074,15223,12059,4731,9917,18861,13914,8458,24967,10265,8004,1,11390,18762,13855,1.0,20:48,2015,2016
2015-16,203458,Alex Len,Alex,1610612756,PHX,Phoenix Suns,21500677,2016-01-26T00:00:00,PHX @ PHI,L,34.0,2.0,2.0,0.0,6.0,16.0,5.0,19.0,30.0,2.0,0.0,4.0,2.0,38.4,1,13074,13074,13074,4369,6026,4731,9917,5299,23774,11469,25435,4541,932,1,22104,7786,2802,1.0,33:59,2015,2016
2015-16,201573,Jerryd Bayless,Jerryd,1610612749,MIL,Milwaukee Bucks,21500681,2016-01-26T00:00:00,MIL vs. ORL,W,29.9,0.0,0.0,0.0,0.0,9.0,5.0,1.0,14.0,0.0,0.0,4.0,3.0,22.5,1,1,1,1,7672,12059,10158,9917,18861,15771,11469,3646,17019,8004,1,22104,4736,10082,1.0,29:51,2015,2016
2015-16,2037,Jamal Crawford,Jamal,1610612746,LAC,LA Clippers,21500676,2016-01-26T00:00:00,LAC @ IND,W,19.7,2.0,0.0,4.0,0.0,0.0,6.0,0.0,12.0,1.0,0.0,0.0,5.0,17.6,1,1,1,1,16134,6026,10158,1913,18861,1,13237,1,18637,2692,1,1,1539,13443,1.0,19:43,2015,2016
2015-16,203499,Shane Larkin,Shane,1610612751,BKN,Brooklyn Nets,21500678,2016-01-26T00:00:00,BKN vs. MIA,L,24.6,0.0,0.0,2.0,2.0,11.0,0.0,6.0,28.0,0.0,1.0,1.0,4.0,22.6,1,13074,13074,13074,12054,12059,10158,4675,12984,18886,1,13388,5824,8004,17214,4972,2748,10000,1.0,24:34,2015,2016
2015-16,203082,Terrence Ross,Terrence,1610612761,TOR,Toronto Raptors,21500680,2016-01-26T00:00:00,TOR vs. WAS,W,31.5,2.0,0.0,3.0,0.0,18.0,4.0,9.0,20.0,0.0,0.0,0.0,0.0,21.9,1,1,1,1,6335,6026,10158,3302,18861,24749,8458,18829,11929,8004,1,1,18762,10460,1.0,31:28,2015,2016
2015-16,203081,Damian Lillard,Damian,1610612757,POR,Portland Trail Blazers,21500682,2016-01-26T00:00:00,POR vs. SAC,W,32.9,2.0,5.0,0.0,6.0,10.0,7.0,9.0,38.0,1.0,2.0,2.0,3.0,39.5,1,1,1,1,5205,6026,995,9917,5299,17370,15642,18829,1422,2692,23588,11390,4736,2497,1.0,32:54,2015,2016
2015-16,1626156,D'Angelo Russell,D'Angelo,1610612747,LAL,Los Angeles Lakers,21500683,2016-01-26T00:00:00,LAL vs. DAL,L,24.6,2.0,2.0,2.0,2.0,18.0,4.0,0.0,10.0,0.0,0.0,2.0,5.0,17.4,1,13074,13074,13074,12017,6026,4731,4675,12984,24749,8458,1,20209,8004,1,11390,1539,13595,1.0,24:36,2015,2016
2015-16,203486,Mason Plumlee,Mason,1610612757,POR,Portland Trail Blazers,21500682,2016-01-26T00:00:00,POR vs. SAC,W,22.7,4.0,0.0,0.0,10.0,5.0,3.0,6.0,28.0,4.0,0.0,2.0,4.0,38.1,1,1,1,1,13607,2460,10158,9917,1840,8403,7138,13388,5824,132,1,11390,2748,2879,1.0,22:42,2015,2016
2015-16,204038,Langston Galloway,Langston,1610612752,NYK,New York Knicks,21500679,2016-01-26T00:00:00,NYK vs. OKC,L,33.3,1.0,3.0,2.0,6.0,5.0,13.0,16.0,26.0,0.0,0.0,3.0,3.0,39.5,1,13074,13074,13074,4914,11535,3104,4675,5299,8403,23668,24641,7214,8004,1,17641,4736,2497,1.0,33:16,2015,2016
2015-16,202338,Kevin Seraphin,Kevin,1610612752,NYK,New York Knicks,21500679,2016-01-26T00:00:00,NYK vs. OKC,L,16.1,0.0,0.0,0.0,8.0,0.0,2.0,7.0,2.0,3.0,0.0,1.0,1.0,21.8,1,13074,13074,13074,18969,12059,10158,9917,3109,1,3734,15538,24614,347,1,4972,12373,10526,1.0,16:05,2015,2016
2015-16,203490,Otto Porter Jr.,Otto,1610612764,WAS,Washington Wizards,21500680,2016-01-26T00:00:00,WAS @ TOR,L,35.6,9.0,2.0,2.0,6.0,12.0,12.0,12.0,28.0,0.0,0.0,4.0,0.0,39.6,1,13074,13074,13074,3094,171,4731,4675,5299,20178,22832,22259,5824,8004,1,22104,18762,2474,1.0,35:33,2015,2016
2015-16,203901,Elfrid Payton,Elfrid,1610612753,ORL,Orlando Magic,21500681,2016-01-26T00:00:00,ORL @ MIL,L,24.0,0.0,0.0,0.0,4.0,10.0,8.0,12.0,38.0,1.0,0.0,3.0,3.0,13.5,1,13074,13074,13074,12549,12059,10158,9917,8599,17370,17345,22259,1422,2692,1,17641,4736,16552,1.0,24:00,2015,2016
2015-16,2199,Tyson Chandler,Tyson,1610612756,PHX,Phoenix Suns,21500677,2016-01-26T00:00:00,PHX @ PHI,L,19.2,0.0,2.0,2.0,2.0,9.0,3.0,17.0,20.0,1.0,0.0,1.0,2.0,13.5,1,13074,13074,13074,16559,12059,4731,4675,12984,15771,7138,24967,11929,2692,1,4972,7786,16552,1.0,19:10,2015,2016
2015-16,202331,Paul George,Paul,1610612754,IND,Indiana Pacers,21500676,2016-01-26T00:00:00,IND vs. LAC,L,38.3,5.0,2.0,7.0,12.0,12.0,7.0,1.0,10.0,1.0,1.0,3.0,4.0,53.7,1,13074,13074,13074,1372,1603,4731,454,988,20178,15642,3646,20209,2692,17214,17641,2748,479,1.0,38:18,2015,2016
2015-16,201167,Arron Afflalo,Arron,1610612752,NYK,New York Knicks,21500679,2016-01-26T00:00:00,NYK vs. OKC,L,40.3,4.0,0.0,2.0,8.0,8.0,11.0,23.0,36.0,0.0,0.0,5.0,3.0,24.0,1,13074,13074,13074,643,2460,10158,4675,3109,13914,21814,25880,1943,8004,1,24686,4736,9121,1.0,40:20,2015,2016
2015-16,202328,Greg Monroe,Greg,1610612749,MIL,Milwaukee Bucks,21500681,2016-01-26T00:00:00,MIL vs. ORL,W,31.4,2.0,4.0,4.0,14.0,10.0,5.0,0.0,18.0,0.0,3.0,2.0,6.0,35.2,1,1,1,1,6418,6026,1596,1913,542,17370,11469,1,13577,8004,25441,11390,873,3745,1.0,31:21,2015,2016
2015-16,201579,Roy Hibbert,Roy,1610612747,LAL,Los Angeles Lakers,21500683,2016-01-26T00:00:00,LAL vs. DAL,L,20.6,0.0,4.0,0.0,6.0,5.0,2.0,7.0,18.0,2.0,0.0,2.0,2.0,24.1,1,13074,13074,13074,15386,12059,1596,9917,5299,8403,3734,15538,13577,932,1,11390,7786,9068,1.0,20:36,2015,2016
2015-16,2757,Beno Udrih,Beno,1610612748,MIA,Miami Heat,21500678,2016-01-26T00:00:00,MIA @ BKN,W,30.2,3.0,2.0,0.0,4.0,6.0,1.0,5.0,20.0,0.0,0.0,1.0,2.0,24.0,1,1,1,1,7363,4307,4731,9917,8599,10028,3393,11593,11929,8004,1,4972,7786,9121,1.0,30:11,2015,2016
2015-16,203924,Jerami Grant,Jerami,1610612755,PHI,Philadelphia 76ers,21500677,2016-01-26T00:00:00,PHI vs. PHX,W,28.5,6.0,0.0,0.0,4.0,5.0,12.0,6.0,36.0,1.0,0.0,3.0,10.0,24.1,1,1,1,1,8820,878,10158,9917,8599,8403,22832,13388,1943,2692,1,17641,76,9068,1.0,28:30,2015,2016
2015-16,1626159,Justise Winslow,Justise,1610612748,MIA,Miami Heat,21500678,2016-01-26T00:00:00,MIA @ BKN,W,36.8,2.0,0.0,2.0,8.0,15.0,3.0,5.0,16.0,0.0,1.0,4.0,0.0,29.4,1,1,1,1,2187,6026,10158,4675,3109,23079,7138,11593,15259,8004,17214,22104,18762,6143,1.0,36:51,2015,2016
2015-16,2548,Dwyane Wade,Dwyane,1610612748,MIA,Miami Heat,21500678,2016-01-26T00:00:00,MIA @ BKN,W,32.4,8.0,0.0,2.0,16.0,6.0,1.0,5.0,20.0,2.0,0.0,1.0,4.0,55.8,1,1,1,1,5552,308,10158,4675,275,10028,3393,11593,11929,932,1,4972,2748,362,1.0,32:26,2015,2016
2015-16,203944,Julius Randle,Julius,1610612747,LAL,Los Angeles Lakers,21500683,2016-01-26T00:00:00,LAL vs. DAL,L,30.9,0.0,2.0,1.0,4.0,13.0,4.0,7.0,22.0,2.0,0.0,4.0,3.0,36.2,1,13074,13074,13074,6803,12059,4731,9347,8599,21300,8458,15538,10265,932,1,22104,4736,3407,1.0,30:54,2015,2016
2015-16,201566,Russell Westbrook,Russell,1610612760,OKC,Oklahoma City Thunder,21500679,2016-01-26T00:00:00,OKC @ NYK,W,44.3,4.0,0.0,15.0,20.0,13.0,8.0,16.0,36.0,0.0,4.0,3.0,7.0,58.6,1,1,1,1,115,2460,10158,9,59,21300,17345,24641,1943,8004,25926,17641,469,250,1.0,44:16,2015,2016
2015-16,203943,Noah Vonleh,Noah,1610612757,POR,Portland Trail Blazers,21500682,2016-01-26T00:00:00,POR vs. SAC,W,22.5,0.0,4.0,2.0,8.0,8.0,5.0,5.0,22.0,2.0,0.0,2.0,0.0,24.4,1,1,1,1,13758,12059,1596,4675,3109,13914,11469,11593,10265,932,1,11390,18762,8867,1.0,22:31,2015,2016
2015-16,203496,Robert Covington,Robert,1610612755,PHI,Philadelphia 76ers,21500677,2016-01-26T00:00:00,PHI vs. PHX,W,31.6,5.0,5.0,5.0,4.0,4.0,6.0,11.0,28.0,0.0,0.0,4.0,0.0,24.5,1,1,1,1,6210,1603,995,1277,8599,6141,13237,21342,5824,8004,1,22104,18762,8801,1.0,31:37,2015,2016
2015-16,202322,John Wall,John,1610612764,WAS,Washington Wizards,21500680,2016-01-26T00:00:00,WAS @ TOR,L,35.6,6.0,3.0,10.0,8.0,10.0,12.0,7.0,24.0,0.0,0.0,2.0,3.0,36.4,1,13074,13074,13074,3095,878,3104,118,3109,17370,22832,15538,8723,8004,1,11390,4736,3353,1.0,35:33,2015,2016
2015-16,201585,Kosta Koufos,Kosta,1610612758,SAC,Sacramento Kings,21500682,2016-01-26T00:00:00,SAC @ POR,L,15.5,2.0,0.0,0.0,6.0,4.0,7.0,4.0,10.0,0.0,0.0,2.0,0.0,11.4,1,13074,13074,13074,19411,6026,10158,9917,5299,6141,15642,8806,20209,8004,1,11390,18762,18134,1.0,15:30,2015,2016
2015-16,101150,Lou Williams,Lou,1610612747,LAL,Los Angeles Lakers,21500683,2016-01-26T00:00:00,LAL vs. DAL,L,35.9,4.0,0.0,2.0,4.0,11.0,4.0,7.0,28.0,3.0,0.0,1.0,2.0,29.8,1,13074,13074,13074,2833,2460,10158,4675,8599,18886,8458,15538,5824,347,1,4972,7786,5948,1.0,35:54,2015,2016
2015-16,201142,Kevin Durant,Kevin,1610612760,OKC,Oklahoma City Thunder,21500679,2016-01-26T00:00:00,OKC @ NYK,W,43.2,7.0,4.0,8.0,8.0,13.0,11.0,18.0,36.0,0.0,0.0,3.0,9.0,67.3,1,1,1,1,187,548,1596,280,3109,21300,21814,25228,1943,8004,1,17641,138,73,1.0,43:12,2015,2016
2015-16,200765,Rajon Rondo,Rajon,1610612758,SAC,Sacramento Kings,21500682,2016-01-26T00:00:00,SAC @ POR,L,30.4,3.0,0.0,2.0,12.0,11.0,7.0,8.0,36.0,0.0,1.0,2.0,2.0,35.5,1,13074,13074,13074,7191,4307,10158,4675,988,18886,15642,17194,1943,8004,17214,11390,7786,3657,1.0,30:23,2015,2016
2015-16,203507,Giannis Antetokounmpo,Giannis,1610612749,MIL,Milwaukee Bucks,21500681,2016-01-26T00:00:00,MIL vs. ORL,W,38.3,9.0,10.0,6.0,24.0,8.0,7.0,1.0,22.0,1.0,0.0,2.0,1.0,45.8,1,1,1,1,1372,171,34,740,14,13914,15642,3646,10265,2692,1,11390,12373,1242,1.0,38:18,2015,2016
2015-16,203953,Jabari Parker,Jabari,1610612749,MIL,Milwaukee Bucks,21500681,2016-01-26T00:00:00,MIL vs. ORL,W,33.1,2.0,0.0,2.0,12.0,16.0,8.0,1.0,20.0,1.0,0.0,1.0,3.0,24.9,1,1,1,1,5044,6026,10158,4675,988,23774,17345,3646,11929,2692,1,4972,4736,8553,1.0,33:06,2015,2016
2015-16,203917,Nik Stauskas,Nik,1610612755,PHI,Philadelphia 76ers,21500677,2016-01-26T00:00:00,PHI vs. PHX,W,37.8,4.0,0.0,5.0,6.0,9.0,10.0,15.0,34.0,0.0,1.0,1.0,4.0,28.8,1,1,1,1,1605,2460,10158,1277,5299,15771,20509,24242,2701,8004,17214,4972,2748,6465,1.0,37:48,2015,2016
2015-16,1626161,Willie Cauley-Stein,Willie,1610612758,SAC,Sacramento Kings,21500682,2016-01-26T00:00:00,SAC @ POR,L,29.5,0.0,0.0,4.0,10.0,9.0,7.0,5.0,36.0,4.0,1.0,4.0,1.0,36.9,1,13074,13074,13074,7944,12059,10158,1913,1840,15771,15642,11593,1943,132,17214,22104,12373,3210,1.0,29:32,2015,2016
2015-16,203462,Archie Goodwin,Archie,1610612756,PHX,Phoenix Suns,21500677,2016-01-26T00:00:00,PHX @ PHI,L,29.0,2.0,2.0,2.0,16.0,12.0,5.0,15.0,30.0,0.0,2.0,5.0,7.0,44.2,1,13074,13074,13074,8400,6026,4731,4675,275,20178,11469,24242,4541,8004,23588,24686,469,1515,1.0,28:58,2015,2016
2015-16,203506,Victor Oladipo,Victor,1610612753,ORL,Orlando Magic,21500681,2016-01-26T00:00:00,ORL @ MIL,L,30.0,8.0,0.0,0.0,2.0,12.0,14.0,14.0,48.0,0.0,1.0,4.0,4.0,29.1,1,13074,13074,13074,7523,308,10158,9917,12984,20178,24300,23710,192,8004,17214,22104,2748,6285,1.0,30:01,2015,2016
2015-16,202682,Derrick Williams,Derrick,1610612752,NYK,New York Knicks,21500679,2016-01-26T00:00:00,NYK vs. OKC,L,36.1,2.0,0.0,4.0,4.0,5.0,11.0,19.0,28.0,0.0,1.0,1.0,3.0,37.0,1,13074,13074,13074,2669,6026,10158,1913,8599,8403,21814,25435,5824,8004,17214,4972,4736,3182,1.0,36:06,2015,2016
2015-16,204001,Kristaps Porziņģis,Kristaps,1610612752,NYK,New York Knicks,21500679,2016-01-26T00:00:00,NYK vs. OKC,L,31.0,0.0,2.0,1.0,6.0,13.0,12.0,18.0,36.0,2.0,0.0,3.0,2.0,35.0,1,13074,13074,13074,6727,12059,4731,9347,5299,21300,22832,25228,1943,932,1,17641,7786,3813,1.0,30:59,2015,2016
2015-16,201158,Marco Belinelli,Marco,1610612758,SAC,Sacramento Kings,21500682,2016-01-26T00:00:00,SAC @ POR,L,25.8,3.0,0.0,4.0,4.0,11.0,7.0,4.0,26.0,0.0,0.0,1.0,3.0,25.6,1,13074,13074,13074,11030,4307,10158,1913,8599,18886,15642,8806,7214,8004,1,4972,4736,8157,1.0,25:47,2015,2016
2015-16,200755,JJ Redick,JJ,1610612746,LAC,LA Clippers,21500676,2016-01-26T00:00:00,LAC @ IND,W,33.3,3.0,0.0,0.0,0.0,9.0,6.0,9.0,28.0,0.0,0.0,1.0,1.0,25.4,1,1,1,1,4890,4307,10158,9917,18861,15771,13237,18829,5824,8004,1,4972,12373,8273,1.0,33:18,2015,2016
2015-16,2547,Chris Bosh,Chris,1610612748,MIA,Miami Heat,21500678,2016-01-26T00:00:00,MIA @ BKN,W,32.1,4.0,3.0,0.0,6.0,9.0,4.0,4.0,22.0,0.0,0.0,3.0,5.0,35.0,1,1,1,1,5783,2460,3104,9917,5299,15771,8458,8806,10265,8004,1,17641,1539,3813,1.0,32:07,2015,2016
2015-16,200745,Andrea Bargnani,Andrea,1610612751,BKN,Brooklyn Nets,21500678,2016-01-26T00:00:00,BKN vs. MIA,L,24.3,2.0,0.0,0.0,2.0,13.0,0.0,8.0,30.0,1.0,0.0,1.0,3.0,25.7,1,13074,13074,13074,12266,6026,10158,9917,12984,21300,1,17194,4541,2692,1,4972,4736,8088,1.0,24:21,2015,2016
2015-16,203468,CJ McCollum,CJ,1610612757,POR,Portland Trail Blazers,21500682,2016-01-26T00:00:00,POR vs. SAC,W,29.2,3.0,0.0,1.0,6.0,5.0,3.0,4.0,30.0,0.0,2.0,3.0,4.0,25.7,1,1,1,1,8252,4307,10158,9347,5299,8403,7138,8806,4541,8004,23588,17641,2748,8088,1.0,29:09,2015,2016
2015-16,202711,Bojan Bogdanović,Bojan,1610612751,BKN,Brooklyn Nets,21500678,2016-01-26T00:00:00,BKN vs. MIA,L,23.5,5.0,0.0,3.0,0.0,10.0,0.0,6.0,26.0,0.0,2.0,0.0,1.0,14.9,1,13074,13074,13074,13002,1603,10158,3302,18861,17370,1,13388,7214,8004,23588,1,12373,15463,1.0,23:28,2015,2016
2015-16,203463,Ben McLemore,Ben,1610612758,SAC,Sacramento Kings,21500682,2016-01-26T00:00:00,SAC @ POR,L,20.7,0.0,0.0,0.0,2.0,4.0,4.0,3.0,20.0,0.0,0.0,2.0,1.0,10.3,1,13074,13074,13074,15345,12059,10158,9917,12984,6141,8458,7328,11929,8004,1,11390,12373,18965,1.0,20:39,2015,2016
2015-16,2405,Amar'e Stoudemire,Amar'e,1610612748,MIA,Miami Heat,21500678,2016-01-26T00:00:00,MIA @ BKN,W,22.5,0.0,0.0,0.0,4.0,3.0,1.0,5.0,16.0,0.0,1.0,1.0,1.0,18.9,1,1,1,1,13790,12059,10158,9917,8599,5109,3393,11593,15259,8004,17214,4972,12373,12513,1.0,22:28,2015,2016
2015-16,203477,Isaiah Canaan,Isaiah,1610612755,PHI,Philadelphia 76ers,21500677,2016-01-26T00:00:00,PHI vs. PHX,W,9.9,5.0,0.0,0.0,4.0,2.0,2.0,6.0,8.0,0.0,0.0,0.0,1.0,10.0,1,1,1,1,22499,1603,10158,9917,8599,2619,3734,13388,21543,8004,1,1,12373,19178,1.0,9:53,2015,2016
2015-16,201945,Gerald Henderson,Gerald,1610612757,POR,Portland Trail Blazers,21500682,2016-01-26T00:00:00,POR vs. SAC,W,21.0,3.0,2.0,0.0,4.0,2.0,6.0,5.0,20.0,0.0,0.0,2.0,1.0,25.8,1,1,1,1,15093,4307,4731,9917,8599,2619,13237,11593,11929,8004,1,11390,12373,8022,1.0,20:57,2015,2016
2015-16,203487,Michael Carter-Williams,Michael,1610612749,MIL,Milwaukee Bucks,21500681,2016-01-26T00:00:00,MIL vs. ORL,W,38.0,0.0,0.0,0.0,2.0,12.0,10.0,0.0,20.0,0.0,1.0,5.0,3.0,14.9,1,1,1,1,1509,12059,10158,9917,12984,20178,20509,1,11929,8004,17214,24686,4736,15463,1.0,37:59,2015,2016
2015-16,201196,Ramon Sessions,Ramon,1610612764,WAS,Washington Wizards,21500680,2016-01-26T00:00:00,WAS @ TOR,L,14.9,0.0,0.0,1.0,0.0,6.0,0.0,5.0,16.0,0.0,0.0,2.0,4.0,10.1,1,13074,13074,13074,19854,12059,10158,9347,18861,10028,1,11593,15259,8004,1,11390,2748,19105,1.0,14:52,2015,2016
2015-16,203086,Meyers Leonard,Meyers,1610612757,POR,Portland Trail Blazers,21500682,2016-01-26T00:00:00,POR vs. SAC,W,24.1,0.0,0.0,0.0,0.0,5.0,6.0,7.0,24.0,0.0,0.0,5.0,1.0,22.9,1,1,1,1,12491,12059,10158,9917,18861,8403,13237,15538,8723,8004,1,24686,12373,9811,1.0,24:04,2015,2016
2015-16,201603,Sonny Weems,Sonny,1610612756,PHX,Phoenix Suns,21500677,2016-01-26T00:00:00,PHX @ PHI,L,22.9,0.0,0.0,2.0,4.0,9.0,2.0,6.0,20.0,0.0,0.0,3.0,1.0,14.9,1,13074,13074,13074,13470,12059,10158,4675,8599,15771,3734,13388,11929,8004,1,17641,12373,15463,1.0,22:53,2015,2016
2015-16,203552,Seth Curry,Seth,1610612758,SAC,Sacramento Kings,21500682,2016-01-26T00:00:00,SAC @ POR,L,6.7,3.0,2.0,3.0,2.0,0.0,2.0,0.0,8.0,0.0,0.0,0.0,1.0,10.2,1,13074,13074,13074,23671,4307,4731,3302,12984,1,3734,1,21543,8004,1,1,12373,19003,1.0,6:43,2015,2016
2015-16,201954,Darren Collison,Darren,1610612758,SAC,Sacramento Kings,21500682,2016-01-26T00:00:00,SAC @ POR,L,20.9,0.0,0.0,1.0,2.0,13.0,4.0,2.0,20.0,0.0,1.0,1.0,2.0,9.9,1,13074,13074,13074,15180,12059,10158,9347,12984,21300,8458,4025,11929,8004,17214,4972,7786,19247,1.0,20:51,2015,2016
2015-16,203085,Austin Rivers,Austin,1610612746,LAC,LA Clippers,21500676,2016-01-26T00:00:00,LAC @ IND,W,23.0,0.0,0.0,0.0,4.0,3.0,4.0,3.0,20.0,1.0,0.0,2.0,1.0,19.3,1,1,1,1,13408,12059,10158,9917,8599,5109,8458,7328,11929,2692,1,11390,12373,12228,1.0,22:58,2015,2016
2015-16,203903,Jordan Clarkson,Jordan,1610612747,LAL,Los Angeles Lakers,21500683,2016-01-26T00:00:00,LAL vs. DAL,L,36.9,0.0,2.0,2.0,6.0,19.0,4.0,7.0,24.0,0.0,0.0,2.0,3.0,33.7,1,13074,13074,13074,2139,12059,4731,4675,5299,25074,8458,15538,8723,8004,1,11390,4736,4280,1.0,36:54,2015,2016
2015-16,1626257,Salah Mejri,Salah,1610612742,DAL,Dallas Mavericks,21500683,2016-01-26T00:00:00,DAL @ LAL,W,22.9,0.0,0.0,1.0,8.0,6.0,9.0,5.0,18.0,0.0,1.0,2.0,3.0,14.3,1,1,1,1,13439,12059,10158,9347,3109,10028,19144,11593,13577,8004,17214,11390,4736,15948,1.0,22:56,2015,2016
2015-16,202334,Ed Davis,Ed,1610612757,POR,Portland Trail Blazers,21500682,2016-01-26T00:00:00,POR vs. SAC,W,22.9,0.0,0.0,0.0,8.0,5.0,4.0,7.0,28.0,1.0,0.0,1.0,3.0,23.3,1,1,1,1,13435,12059,10158,9917,3109,8403,8458,15538,5824,2692,1,4972,4736,9567,1.0,22:56,2015,2016
2015-16,1626167,Myles Turner,Myles,1610612754,IND,Indiana Pacers,21500676,2016-01-26T00:00:00,IND vs. LAC,L,18.1,2.0,4.0,0.0,6.0,7.0,0.0,4.0,8.0,1.0,0.0,2.0,2.0,25.2,1,13074,13074,13074,17402,6026,1596,9917,5299,12242,1,8806,21543,2692,1,11390,7786,8383,1.0,18:08,2015,2016
2015-16,201577,Robin Lopez,Robin,1610612752,NYK,New York Knicks,21500679,2016-01-26T00:00:00,NYK vs. OKC,L,21.9,2.0,4.0,2.0,6.0,10.0,8.0,19.0,30.0,1.0,0.0,0.0,3.0,19.2,1,13074,13074,13074,14276,6026,1596,4675,5299,17370,17345,25435,4541,2692,1,1,4736,12284,1.0,21:53,2015,2016
2015-16,203095,Evan Fournier,Evan,1610612753,ORL,Orlando Magic,21500681,2016-01-26T00:00:00,ORL @ MIL,L,25.5,0.0,3.0,0.0,2.0,7.0,10.0,10.0,32.0,0.0,0.0,0.0,1.0,19.2,1,13074,13074,13074,11317,12059,3104,9917,12984,12242,20509,20169,3535,8004,1,1,12373,12284,1.0,25:28,2015,2016
2015-16,203112,Quincy Acy,Quincy,1610612758,SAC,Sacramento Kings,21500682,2016-01-26T00:00:00,SAC @ POR,L,16.7,0.0,2.0,0.0,4.0,6.0,4.0,3.0,18.0,0.0,1.0,1.0,1.0,14.7,1,13074,13074,13074,18534,12059,4731,9917,8599,10028,8458,7328,13577,8004,17214,4972,12373,15631,1.0,16:39,2015,2016
2015-16,202718,Chandler Parsons,Chandler,1610612742,DAL,Dallas Mavericks,21500683,2016-01-26T00:00:00,DAL @ LAL,W,35.0,2.0,2.0,0.0,4.0,4.0,13.0,7.0,20.0,0.0,1.0,1.0,4.0,33.8,1,1,1,1,3549,6026,4731,9917,8599,6141,23668,15538,11929,8004,17214,4972,2748,4244,1.0,34:59,2015,2016
2015-16,203141,Mirza Teletovic,Mirza,1610612756,PHX,Phoenix Suns,21500677,2016-01-26T00:00:00,PHX @ PHI,L,16.2,0.0,0.0,3.0,4.0,15.0,2.0,2.0,20.0,1.0,0.0,0.0,2.0,14.7,1,13074,13074,13074,18880,12059,10158,3302,8599,23079,3734,4025,11929,2692,1,1,7786,15631,1.0,16:12,2015,2016
2015-16,201956,Omri Casspi,Omri,1610612758,SAC,Sacramento Kings,21500682,2016-01-26T00:00:00,SAC @ POR,L,24.4,0.0,0.0,0.0,4.0,9.0,2.0,4.0,30.0,0.0,0.0,1.0,2.0,19.6,1,13074,13074,13074,12210,12059,10158,9917,8599,15771,3734,8806,4541,8004,1,4972,7786,12024,1.0,24:24,2015,2016
2015-16,203089,John Henson,John,1610612749,MIL,Milwaukee Bucks,21500681,2016-01-26T00:00:00,MIL vs. ORL,W,16.7,0.0,0.0,0.0,2.0,6.0,5.0,1.0,8.0,4.0,0.0,6.0,1.0,23.6,1,1,1,1,18534,12059,10158,9917,12984,10028,11469,3646,21543,132,1,25827,12373,9377,1.0,16:39,2015,2016
2015-16,203508,Sergey Karasev,Sergey,1610612751,BKN,Brooklyn Nets,21500678,2016-01-26T00:00:00,BKN vs. MIA,L,6.2,0.0,0.0,0.0,0.0,2.0,0.0,0.0,10.0,0.0,0.0,0.0,1.0,5.7,1,13074,13074,13074,23898,12059,10158,9917,18861,2619,1,1,20209,8004,1,1,12373,22054,1.0,6:09,2015,2016
2015-16,202713,Kyle Singler,Kyle,1610612760,OKC,Oklahoma City Thunder,21500679,2016-01-26T00:00:00,OKC @ NYK,W,12.8,0.0,0.0,0.0,2.0,6.0,3.0,6.0,18.0,0.0,0.0,2.0,0.0,2.0,1,1,1,1,21095,12059,10158,9917,12984,10028,7138,13388,13577,8004,1,11390,18762,24216,1.0,12:46,2015,2016
2015-16,203939,Dwight Powell,Dwight,1610612742,DAL,Dallas Mavericks,21500683,2016-01-26T00:00:00,DAL @ LAL,W,10.3,0.0,2.0,0.0,0.0,0.0,2.0,0.0,4.0,0.0,1.0,0.0,1.0,6.4,1,1,1,1,22322,12059,4731,9917,18861,1,3734,1,23698,8004,17214,1,12373,21589,1.0,10:17,2015,2016
2015-16,1626153,Delon Wright,Delon,1610612761,TOR,Toronto Raptors,21500680,2016-01-26T00:00:00,TOR vs. WAS,W,2.0,0.0,0.0,0.0,0.0,0.0,0.0,1.0,2.0,0.0,0.0,0.0,1.0,2.0,1,1,1,1,25534,12059,10158,9917,18861,1,1,3646,24614,8004,1,1,12373,24216,1.0,1:57,2015,2016
2015-16,203485,Lorenzo Brown,Lorenzo,1610612756,PHX,Phoenix Suns,21500677,2016-01-26T00:00:00,PHX @ PHI,L,3.3,0.0,0.0,0.0,0.0,7.0,2.0,2.0,6.0,1.0,0.0,1.0,0.0,2.0,1,13074,13074,13074,25028,12059,10158,9917,18861,12242,3734,4025,22724,2692,1,4972,18762,24216,1.0,3:15,2015,2016
2015-16,1626147,Justin Anderson,Justin,1610612742,DAL,Dallas Mavericks,21500683,2016-01-26T00:00:00,DAL @ LAL,W,11.3,0.0,0.0,0.0,0.0,0.0,2.0,0.0,4.0,0.0,0.0,0.0,0.0,5.4,1,1,1,1,21921,12059,10158,9917,18861,1,3734,1,23698,8004,1,1,18762,22242,1.0,11:15,2015,2016
2015-16,202683,Enes Freedom,Enes,1610612760,OKC,Oklahoma City Thunder,21500679,2016-01-26T00:00:00,OKC @ NYK,W,18.1,0.0,0.0,0.0,0.0,10.0,5.0,6.0,22.0,0.0,2.0,2.0,2.0,10.9,1,1,1,1,17402,12059,10158,9917,18861,17370,11469,13388,10265,8004,23588,11390,7786,18498,1.0,18:08,2015,2016
2015-16,201160,Jason Smith,Jason,1610612753,ORL,Orlando Magic,21500681,2016-01-26T00:00:00,ORL @ MIL,L,10.7,0.0,0.0,0.0,0.0,3.0,6.0,2.0,12.0,0.0,0.0,0.0,1.0,10.6,1,13074,13074,13074,22154,12059,10158,9917,18861,5109,13237,4025,18637,8004,1,1,12373,18723,1.0,10:42,2015,2016
2015-16,204028,Tarik Black,Tarik,1610612747,LAL,Los Angeles Lakers,21500683,2016-01-26T00:00:00,LAL vs. DAL,L,7.6,0.0,0.0,0.0,2.0,4.0,0.0,0.0,0.0,0.0,0.0,2.0,1.0,5.6,1,13074,13074,13074,23372,12059,10158,9917,12984,6141,1,1,25429,8004,1,11390,12373,22133,1.0,7:33,2015,2016
2015-16,203090,Maurice Harkless,Maurice,1610612757,POR,Portland Trail Blazers,21500682,2016-01-26T00:00:00,POR vs. SAC,W,3.4,0.0,0.0,0.0,0.0,3.0,0.0,3.0,2.0,0.0,0.0,0.0,0.0,1.2,1,1,1,1,24976,12059,10158,9917,18861,5109,1,7328,24614,8004,1,1,18762,24661,1.0,3:22,2015,2016
2015-16,1626181,Norman Powell,Norman,1610612761,TOR,Toronto Raptors,21500680,2016-01-26T00:00:00,TOR vs. WAS,W,2.2,0.0,0.0,0.0,0.0,0.0,0.0,1.0,2.0,0.0,0.0,1.0,0.0,1.5,1,1,1,1,25445,12059,10158,9917,18861,1,1,3646,24614,8004,1,4972,18762,24473,1.0,2:13,2015,2016
2015-16,203933,T.J. Warren,T.J.,1610612756,PHX,Phoenix Suns,21500677,2016-01-26T00:00:00,PHX @ PHI,L,22.4,2.0,4.0,2.0,4.0,16.0,2.0,2.0,26.0,0.0,1.0,3.0,0.0,12.6,1,13074,13074,13074,13807,6026,1596,4675,8599,23774,3734,4025,7214,8004,17214,17641,18762,17277,1.0,22:26,2015,2016
2015-16,201156,Nick Young,Nick,1610612747,LAL,Los Angeles Lakers,21500683,2016-01-26T00:00:00,LAL vs. DAL,L,25.7,0.0,3.0,0.0,0.0,14.0,4.0,1.0,16.0,0.0,0.0,1.0,2.0,21.2,1,13074,13074,13074,11078,12059,3104,9917,18861,22292,8458,3646,15259,8004,1,4972,7786,10936,1.0,25:44,2015,2016
2015-16,202332,Cole Aldrich,Cole,1610612746,LAC,LA Clippers,21500676,2016-01-26T00:00:00,LAC @ IND,W,6.8,0.0,0.0,0.0,0.0,0.0,4.0,0.0,6.0,0.0,0.0,1.0,1.0,2.4,1,1,1,1,23644,12059,10158,9917,18861,1,8458,1,22724,8004,1,4972,12373,24024,1.0,6:46,2015,2016
2015-16,101145,Monta Ellis,Monta,1610612754,IND,Indiana Pacers,21500676,2016-01-26T00:00:00,IND vs. LAC,L,37.5,0.0,0.0,0.0,4.0,12.0,7.0,1.0,12.0,0.0,0.0,2.0,2.0,21.3,1,13074,13074,13074,1730,12059,10158,9917,8599,20178,15642,3646,18637,8004,1,11390,7786,10880,1.0,37:32,2015,2016
2015-16,204025,Tim Frazier,Tim,1610612757,POR,Portland Trail Blazers,21500682,2016-01-26T00:00:00,POR vs. SAC,W,3.4,0.0,0.0,0.0,0.0,3.0,0.0,3.0,2.0,0.0,0.0,1.0,0.0,2.7,1,1,1,1,24976,12059,10158,9917,18861,5109,1,7328,24614,8004,1,4972,18762,23884,1.0,3:22,2015,2016
2015-16,202390,Gary Neal,Gary,1610612764,WAS,Washington Wizards,21500680,2016-01-26T00:00:00,WAS @ TOR,L,21.6,4.0,0.0,0.0,6.0,4.0,4.0,5.0,14.0,0.0,0.0,4.0,1.0,16.4,1,13074,13074,13074,14555,2460,10158,9917,5299,6141,8458,11593,17019,8004,1,22104,12373,14289,1.0,21:33,2015,2016
2015-16,203143,Pablo Prigioni,Pablo,1610612746,LAC,LA Clippers,21500676,2016-01-26T00:00:00,LAC @ IND,W,13.4,2.0,0.0,0.0,2.0,0.0,4.0,0.0,10.0,0.0,0.0,3.0,1.0,13.0,1,1,1,1,20755,6026,10158,9917,12984,1,8458,1,20209,8004,1,17641,12373,16969,1.0,13:23,2015,2016
2015-16,202693,Markieff Morris,Markieff,1610612756,PHX,Phoenix Suns,21500677,2016-01-26T00:00:00,PHX @ PHI,L,24.3,0.0,4.0,2.0,4.0,16.0,4.0,4.0,30.0,0.0,0.0,4.0,4.0,17.9,1,13074,13074,13074,12315,12059,1596,4675,8599,23774,8458,8806,4541,8004,1,22104,2748,13229,1.0,24:17,2015,2016
2015-16,2403,Nene,ene,1610612764,WAS,Washington Wizards,21500680,2016-01-26T00:00:00,WAS @ TOR,L,26.0,4.0,3.0,0.0,6.0,9.0,4.0,10.0,24.0,1.0,2.0,3.0,5.0,18.4,1,13074,13074,13074,10840,2460,3104,9917,5299,15771,8458,20169,8723,2692,23588,17641,1539,12854,1.0,26:00,2015,2016
2015-16,1626192,Pat Connaughton,Pat,1610612757,POR,Portland Trail Blazers,21500682,2016-01-26T00:00:00,POR vs. SAC,W,3.4,0.0,0.0,0.0,0.0,3.0,0.0,3.0,2.0,0.0,0.0,0.0,0.0,2.6,1,1,1,1,24976,12059,10158,9917,18861,5109,1,7328,24614,8004,1,1,18762,23982,1.0,3:22,2015,2016
2015-16,1718,Paul Pierce,Paul,1610612746,LAC,LA Clippers,21500676,2016-01-26T00:00:00,LAC @ IND,W,23.1,0.0,2.0,0.0,0.0,0.0,2.0,2.0,16.0,0.0,1.0,5.0,0.0,12.9,1,1,1,1,13305,12059,4731,9917,18861,1,3734,4025,15259,8004,17214,24686,18762,17049,1.0,23:05,2015,2016
2015-16,101123,Gerald Green,Gerald,1610612748,MIA,Miami Heat,21500678,2016-01-26T00:00:00,MIA @ BKN,W,15.6,0.0,0.0,0.0,2.0,9.0,3.0,2.0,8.0,0.0,0.0,2.0,0.0,8.0,1,1,1,1,19365,12059,10158,9917,12984,15771,7138,4025,21543,8004,1,11390,18762,20564,1.0,15:34,2015,2016
2015-16,101114,Deron Williams,Deron,1610612742,DAL,Dallas Mavericks,21500683,2016-01-26T00:00:00,DAL @ LAL,W,31.7,3.0,0.0,6.0,0.0,6.0,9.0,7.0,20.0,0.0,0.0,4.0,3.0,18.2,1,1,1,1,6156,4307,10158,740,18861,10028,19144,15538,11929,8004,1,22104,4736,13004,1.0,31:41,2015,2016
2015-16,202388,Donald Sloan,Donald,1610612751,BKN,Brooklyn Nets,21500678,2016-01-26T00:00:00,BKN vs. MIA,L,23.4,3.0,3.0,0.0,2.0,10.0,5.0,4.0,22.0,0.0,0.0,2.0,0.0,12.4,1,13074,13074,13074,13018,4307,3104,9917,12984,17370,11469,8806,10265,8004,1,11390,18762,17418,1.0,23:26,2015,2016
2015-16,202730,Lavoy Allen,Lavoy,1610612754,IND,Indiana Pacers,21500676,2016-01-26T00:00:00,IND vs. LAC,L,27.4,0.0,0.0,0.0,2.0,6.0,7.0,1.0,6.0,0.0,1.0,0.0,0.0,13.0,1,13074,13074,13074,9678,12059,10158,9917,12984,10028,15642,3646,22724,8004,17214,1,18762,16969,1.0,27:25,2015,2016
2015-16,203459,Allen Crabbe,Allen,1610612757,POR,Portland Trail Blazers,21500682,2016-01-26T00:00:00,POR vs. SAC,W,27.6,3.0,0.0,3.0,4.0,5.0,8.0,9.0,32.0,0.0,0.0,3.0,1.0,21.1,1,1,1,1,9519,4307,10158,3302,8599,8403,17345,18829,3535,8004,1,17641,12373,11012,1.0,27:37,2015,2016
2015-16,202325,Wesley Johnson,Wesley,1610612746,LAC,LA Clippers,21500676,2016-01-26T00:00:00,LAC @ IND,W,19.9,0.0,0.0,0.0,0.0,9.0,8.0,7.0,20.0,0.0,0.0,4.0,0.0,18.5,1,1,1,1,15972,12059,10158,9917,18861,15771,17345,15538,11929,8004,1,22104,18762,12794,1.0,19:56,2015,2016
2015-16,203138,Hollis Thompson,Hollis,1610612755,PHI,Philadelphia 76ers,21500677,2016-01-26T00:00:00,PHI vs. PHX,W,33.3,3.0,0.0,0.0,0.0,11.0,12.0,17.0,32.0,0.0,1.0,1.0,1.0,17.8,1,1,1,1,4930,4307,10158,9917,18861,18886,22832,24967,3535,8004,17214,4972,12373,13309,1.0,33:15,2015,2016
2015-16,1626162,Kelly Oubre Jr.,Kelly,1610612764,WAS,Washington Wizards,21500680,2016-01-26T00:00:00,WAS @ TOR,L,5.4,0.0,0.0,1.0,0.0,0.0,2.0,0.0,2.0,0.0,0.0,1.0,1.0,2.2,1,13074,13074,13074,24231,12059,10158,9347,18861,1,3734,1,24614,8004,1,4972,12373,24138,1.0,5:21,2015,2016
2015-16,201949,James Johnson,James,1610612761,TOR,Toronto Raptors,21500680,2016-01-26T00:00:00,TOR vs. WAS,W,15.2,0.0,0.0,0.0,2.0,10.0,5.0,8.0,14.0,1.0,0.0,1.0,1.0,8.4,1,1,1,1,19627,12059,10158,9917,12984,17370,11469,17194,17019,2692,1,4972,12373,20273,1.0,15:11,2015,2016
2015-16,203186,Willie Reed,Willie,1610612751,BKN,Brooklyn Nets,21500678,2016-01-26T00:00:00,BKN vs. MIA,L,3.3,2.0,0.0,0.0,2.0,2.0,0.0,0.0,10.0,0.0,0.0,0.0,0.0,2.0,1,13074,13074,13074,25017,6026,10158,9917,12984,2619,1,1,20209,8004,1,1,18762,24216,1.0,3:16,2015,2016
2015-16,203080,Thomas Robinson,Thomas,1610612751,BKN,Brooklyn Nets,21500678,2016-01-26T00:00:00,BKN vs. MIA,L,5.4,0.0,0.0,0.0,0.0,0.0,0.0,0.0,4.0,0.0,0.0,2.0,1.0,2.6,1,13074,13074,13074,24222,12059,10158,9917,18861,1,1,1,23698,8004,1,11390,12373,23982,1.0,5:23,2015,2016
2015-16,1626158,Richaun Holmes,Richaun,1610612755,PHI,Philadelphia 76ers,21500677,2016-01-26T00:00:00,PHI vs. PHX,W,20.3,0.0,0.0,0.0,4.0,7.0,8.0,13.0,16.0,2.0,1.0,4.0,3.0,20.7,1,1,1,1,15647,12059,10158,9917,8599,12242,17345,23048,15259,932,17214,22104,4736,11252,1.0,20:18,2015,2016
2015-16,201580,JaVale McGee,JaVale,1610612742,DAL,Dallas Mavericks,21500683,2016-01-26T00:00:00,DAL @ LAL,W,10.0,2.0,2.0,0.0,2.0,0.0,4.0,2.0,2.0,1.0,1.0,2.0,2.0,16.0,1,1,1,1,22441,6026,4731,9917,12984,1,8458,4025,24614,2692,17214,11390,7786,14590,1.0,10:00,2015,2016
2015-16,201971,DeJuan Blair,DeJuan,1610612764,WAS,Washington Wizards,21500680,2016-01-26T00:00:00,WAS @ TOR,L,2.0,0.0,0.0,0.0,0.0,0.0,0.0,0.0,0.0,0.0,0.0,0.0,0.0,2.7,1,13074,13074,13074,25534,12059,10158,9917,18861,1,1,1,25429,8004,1,1,18762,23884,1.0,1:57,2015,2016
2015-16,202066,Garrett Temple,Garrett,1610612764,WAS,Washington Wizards,21500680,2016-01-26T00:00:00,WAS @ TOR,L,33.6,2.0,0.0,0.0,0.0,10.0,10.0,7.0,24.0,0.0,1.0,3.0,3.0,8.2,1,13074,13074,13074,4694,6026,10158,9917,18861,17370,20509,15538,8723,8004,17214,17641,4736,20416,1.0,33:34,2015,2016
2015-16,203512,Lucas Nogueira,Lucas,1610612761,TOR,Toronto Raptors,21500680,2016-01-26T00:00:00,TOR vs. WAS,W,1.6,0.0,0.0,0.0,0.0,0.0,0.0,1.0,0.0,0.0,0.0,0.0,0.0,3.0,1,1,1,1,25647,12059,10158,9917,18861,1,1,3646,25429,8004,1,1,18762,23648,1.0,1:37,2015,2016
2015-16,201961,Wayne Ellington,Wayne,1610612751,BKN,Brooklyn Nets,21500678,2016-01-26T00:00:00,BKN vs. MIA,L,30.0,0.0,0.0,0.0,0.0,13.0,5.0,4.0,28.0,0.0,1.0,2.0,3.0,18.2,1,13074,13074,13074,7542,12059,10158,9917,18861,21300,11469,8806,5824,8004,17214,11390,4736,13004,1.0,30:01,2015,2016
2015-16,2617,Udonis Haslem,Udonis,1610612748,MIA,Miami Heat,21500678,2016-01-26T00:00:00,MIA @ BKN,W,22.0,0.0,0.0,0.0,2.0,12.0,3.0,2.0,10.0,0.0,0.0,3.0,2.0,7.0,1,1,1,1,14219,12059,10158,9917,12984,20178,7138,4025,20209,8004,1,17641,7786,21188,1.0,21:58,2015,2016
2015-16,101112,Channing Frye,Channing,1610612753,ORL,Orlando Magic,21500681,2016-01-26T00:00:00,ORL @ MIL,L,10.3,0.0,0.0,0.0,0.0,7.0,8.0,6.0,16.0,0.0,1.0,3.0,0.0,4.4,1,13074,13074,13074,22308,12059,10158,9917,18861,12242,17345,13388,15259,8004,17214,17641,18762,22837,1.0,10:19,2015,2016
2015-16,1626204,Larry Nance Jr.,Larry,1610612747,LAL,Los Angeles Lakers,21500683,2016-01-26T00:00:00,LAL vs. DAL,L,23.0,0.0,0.0,0.0,0.0,16.0,2.0,0.0,10.0,0.0,0.0,5.0,0.0,8.9,1,13074,13074,13074,13383,12059,10158,9917,18861,23774,3734,1,20209,8004,1,24686,18762,19914,1.0,22:59,2015,2016
2015-16,1626148,Anthony Brown,Anthony,1610612747,LAL,Los Angeles Lakers,21500683,2016-01-26T00:00:00,LAL vs. DAL,L,20.9,0.0,0.0,0.0,0.0,7.0,2.0,6.0,12.0,0.0,0.0,1.0,0.0,4.2,1,13074,13074,13074,15170,12059,10158,9917,18861,12242,3734,13388,18637,8004,1,4972,18762,22976,1.0,20:52,2015,2016
2015-16,203948,Johnny O'Bryant III,Johnny,1610612749,MIL,Milwaukee Bucks,21500681,2016-01-26T00:00:00,MIL vs. ORL,W,10.3,0.0,2.0,0.0,2.0,6.0,0.0,0.0,0.0,1.0,0.0,1.0,0.0,8.6,1,1,1,1,22308,12059,4731,9917,12984,10028,1,1,25429,2692,1,4972,18762,20125,1.0,10:19,2015,2016
2015-16,2400,Drew Gooden,Drew,1610612764,WAS,Washington Wizards,21500680,2016-01-26T00:00:00,WAS @ TOR,L,10.7,1.0,1.0,0.0,0.0,1.0,4.0,2.0,10.0,0.0,0.0,1.0,1.0,4.9,1,13074,13074,13074,22154,11535,9709,9917,18861,2356,8458,4025,20209,8004,1,4972,12373,22621,1.0,10:42,2015,2016
2015-16,2549,Chris Kaman,Chris,1610612757,POR,Portland Trail Blazers,21500682,2016-01-26T00:00:00,POR vs. SAC,W,3.4,0.0,0.0,0.0,2.0,3.0,0.0,3.0,2.0,0.0,1.0,0.0,0.0,1.0,1,1,1,1,24976,12059,10158,9917,12984,5109,1,7328,24614,8004,17214,1,18762,24960,1.0,3:22,2015,2016
2015-16,204067,Jarell Eddie,Jarell,1610612764,WAS,Washington Wizards,21500680,2016-01-26T00:00:00,WAS @ TOR,L,3.1,0.0,0.0,0.0,2.0,0.0,0.0,0.0,2.0,0.0,0.0,0.0,0.0,3.2,1,13074,13074,13074,25093,12059,10158,9917,12984,1,1,1,24614,8004,1,1,18762,23473,1.0,3:05,2015,2016
2015-16,201627,Anthony Morrow,Anthony,1610612760,OKC,Oklahoma City Thunder,21500679,2016-01-26T00:00:00,OKC @ NYK,W,6.7,0.0,0.0,0.0,0.0,4.0,0.0,2.0,14.0,0.0,0.0,2.0,0.0,4.5,1,1,1,1,23687,12059,10158,9917,18861,6141,1,4025,17019,8004,1,11390,18762,22773,1.0,6:41,2015,2016
2015-16,1626202,Joe Young,Joe,1610612754,IND,Indiana Pacers,21500676,2016-01-26T00:00:00,IND vs. LAC,L,10.2,0.0,0.0,0.0,2.0,5.0,0.0,4.0,6.0,0.0,0.0,1.0,2.0,0.7,1,13074,13074,13074,22342,12059,10158,9917,12984,8403,1,8806,22724,8004,1,4972,7786,25042,1.0,10:13,2015,2016
2015-16,1717,Dirk Nowitzki,Dirk,1610612742,DAL,Dallas Mavericks,21500683,2016-01-26T00:00:00,DAL @ LAL,W,30.5,8.0,0.0,0.0,2.0,2.0,6.0,0.0,12.0,0.0,0.0,5.0,5.0,21.7,1,1,1,1,7126,308,10158,9917,12984,2619,13237,1,18637,8004,1,24686,1539,10592,1.0,30:28,2015,2016
2015-16,2756,Sasha Vujacic,Sasha,1610612752,NYK,New York Knicks,21500679,2016-01-26T00:00:00,NYK vs. OKC,L,0.3,0.0,0.0,0.0,0.0,0.0,0.0,0.0,0.0,0.0,0.0,0.0,0.0,0.0,1,13074,13074,13074,26010,12059,10158,9917,18861,1,1,1,25429,8004,1,1,18762,25170,1.0,0:15,2015,2016
2015-16,1626173,Rashad Vaughn,Rashad,1610612749,MIL,Milwaukee Bucks,21500681,2016-01-26T00:00:00,MIL vs. ORL,W,6.2,0.0,0.0,0.0,0.0,0.0,0.0,0.0,2.0,0.0,0.0,0.0,0.0,0.0,1,1,1,1,23888,12059,10158,9917,18861,1,1,1,24614,8004,1,1,18762,25170,1.0,6:10,2015,2016
2015-16,203461,Anthony Bennett,Anthony,1610612761,TOR,Toronto Raptors,21500680,2016-01-26T00:00:00,TOR vs. WAS,W,1.6,0.0,0.0,0.0,0.0,0.0,0.0,1.0,0.0,0.0,0.0,0.0,0.0,0.0,1,1,1,1,25647,12059,10158,9917,18861,1,1,3646,25429,8004,1,1,18762,25170,1.0,1:37,2015,2016
2015-16,101138,Brandon Bass,Brandon,1610612747,LAL,Los Angeles Lakers,21500683,2016-01-26T00:00:00,LAL vs. DAL,L,14.0,0.0,2.0,0.0,2.0,8.0,4.0,0.0,10.0,0.0,1.0,5.0,2.0,8.8,1,13074,13074,13074,20428,12059,4731,9917,12984,13914,8458,1,20209,8004,17214,24686,7786,19994,1.0,13:58,2015,2016
2015-16,201601,Luc Mbah a Moute,Luc,1610612746,LAC,LA Clippers,21500676,2016-01-26T00:00:00,LAC @ IND,W,23.5,0.0,0.0,1.0,0.0,9.0,4.0,9.0,20.0,0.0,0.0,0.0,1.0,0.2,1,1,1,1,12965,12059,10158,9347,18861,15771,8458,18829,11929,8004,1,1,12373,25103,1.0,23:31,2015,2016
2015-16,203922,Glenn Robinson III,Glenn,1610612754,IND,Indiana Pacers,21500676,2016-01-26T00:00:00,IND vs. LAC,L,7.8,0.0,0.0,0.0,0.0,5.0,0.0,4.0,4.0,0.0,0.0,2.0,0.0,-1.0,1,13074,13074,13074,23283,12059,10158,9917,18861,8403,1,8806,23698,8004,1,11390,18762,25932,1.0,7:47,2015,2016
2015-16,201162,Jared Dudley,Jared,1610612764,WAS,Washington Wizards,21500680,2016-01-26T00:00:00,WAS @ TOR,L,19.9,0.0,0.0,0.0,0.0,8.0,2.0,5.0,16.0,0.0,0.0,1.0,1.0,6.8,1,13074,13074,13074,15974,12059,10158,9917,18861,13914,3734,11593,15259,8004,1,4972,12373,21328,1.0,19:56,2015,2016
2015-16,101139,CJ Miles,CJ,1610612754,IND,Indiana Pacers,21500676,2016-01-26T00:00:00,IND vs. LAC,L,17.6,0.0,2.0,0.0,2.0,9.0,0.0,4.0,8.0,0.0,1.0,3.0,3.0,13.4,1,13074,13074,13074,17858,12059,4731,9917,12984,15771,1,8806,21543,8004,17214,17641,4736,16614,1.0,17:33,2015,2016
2015-16,203124,Kyle O'Quinn,Kyle,1610612752,NYK,New York Knicks,21500679,2016-01-26T00:00:00,NYK vs. OKC,L,3.2,0.0,0.0,0.0,0.0,0.0,3.0,4.0,4.0,0.0,0.0,0.0,0.0,4.2,1,13074,13074,13074,25050,12059,10158,9917,18861,1,7138,8806,23698,8004,1,1,18762,22976,1.0,3:12,2015,2016
2015-16,201941,Jordan Hill,Jordan,1610612754,IND,Indiana Pacers,21500676,2016-01-26T00:00:00,IND vs. LAC,L,13.8,0.0,0.0,0.0,0.0,2.0,0.0,4.0,4.0,0.0,1.0,1.0,0.0,5.1,1,13074,13074,13074,20503,12059,10158,9917,18861,2619,1,8806,23698,8004,17214,4972,18762,22478,1.0,13:51,2015,2016
2015-16,202329,Al-Farouq Aminu,Al-Farouq,1610612757,POR,Portland Trail Blazers,21500682,2016-01-26T00:00:00,POR vs. SAC,W,23.7,2.0,0.0,2.0,2.0,8.0,3.0,6.0,30.0,0.0,0.0,2.0,1.0,13.3,1,1,1,1,12837,6026,10158,4675,12984,13914,7138,13388,4541,8004,1,11390,12373,16712,1.0,23:41,2015,2016
2015-16,202337,Luke Babbitt,Luke,1610612740,NOP,New Orleans Pelicans,21500671,2016-01-25T00:00:00,NOP vs. HOU,L,0.1,0.0,0.0,0.0,0.0,0.0,0.0,0.0,0.0,0.0,0.0,0.0,0.0,0.0,1,13074,13074,13074,26049,12059,10158,9917,18861,1,1,1,25429,8004,1,1,18762,25170,1.0,0:04,2015,2016
2015-16,203078,Bradley Beal,Bradley,1610612764,WAS,Washington Wizards,21500668,2016-01-25T00:00:00,WAS vs. BOS,L,9.3,2.0,0.0,0.0,2.0,2.0,2.0,5.0,8.0,0.0,0.0,2.0,0.0,6.7,1,13074,13074,13074,22692,6026,10158,9917,12984,2619,3734,11593,21543,8004,1,11390,18762,21376,1.0,9:20,2015,2016
2015-16,201158,Marco Belinelli,Marco,1610612758,SAC,Sacramento Kings,21500674,2016-01-25T00:00:00,SAC vs. CHA,L,18.3,0.0,0.0,0.0,2.0,1.0,5.0,0.0,8.0,0.0,0.0,3.0,1.0,6.7,1,13074,13074,13074,17302,12059,10158,9917,12984,2356,11469,1,21543,8004,1,17641,12373,21376,1.0,18:15,2015,2016
2015-16,2571,Leandro Barbosa,Leandro,1610612744,GSW,Golden State Warriors,21500675,2016-01-25T00:00:00,GSW vs. SAS,W,20.3,0.0,0.0,0.0,2.0,9.0,7.0,5.0,14.0,0.0,0.0,2.0,0.0,6.9,1,1,1,1,15679,12059,10158,9917,12984,15771,15642,11593,17019,8004,1,11390,18762,21262,1.0,20:15,2015,2016
2015-16,201585,Kosta Koufos,Kosta,1610612758,SAC,Sacramento Kings,21500674,2016-01-25T00:00:00,SAC vs. CHA,L,9.3,0.0,0.0,0.0,0.0,1.0,5.0,0.0,6.0,1.0,0.0,2.0,0.0,6.6,1,13074,13074,13074,22701,12059,10158,9917,18861,2356,11469,1,22724,2692,1,11390,18762,21445,1.0,9:19,2015,2016
2015-16,2400,Drew Gooden,Drew,1610612764,WAS,Washington Wizards,21500668,2016-01-25T00:00:00,WAS vs. BOS,L,5.3,0.0,0.0,0.0,0.0,2.0,3.0,2.0,6.0,0.0,0.0,0.0,0.0,0.0,1,13074,13074,13074,24249,12059,10158,9917,18861,2619,7138,4025,22724,8004,1,1,18762,25170,1.0,5:18,2015,2016
2015-16,202389,Timofey Mozgov,Timofey,1610612739,CLE,Cleveland Cavaliers,21500667,2016-01-25T00:00:00,CLE vs. MIN,W,15.2,2.0,0.0,4.0,4.0,13.0,2.0,7.0,10.0,0.0,0.0,2.0,1.0,6.6,1,1,1,1,19639,6026,10158,1913,8599,21300,3734,15538,20209,8004,1,11390,12373,21445,1.0,15:10,2015,2016
2015-16,203473,Dewayne Dedmon,Dewayne,1610612753,ORL,Orlando Magic,21500670,2016-01-25T00:00:00,ORL @ MEM,L,2.6,0.0,0.0,0.0,0.0,0.0,0.0,0.0,4.0,0.0,0.0,1.0,0.0,0.0,1,13074,13074,13074,25281,12059,10158,9917,18861,1,1,1,23698,8004,1,4972,18762,25170,1.0,2:37,2015,2016
2015-16,2419,Tayshaun Prince,Tayshaun,1610612750,MIN,Minnesota Timberwolves,21500667,2016-01-25T00:00:00,MIN @ CLE,L,29.1,0.0,0.0,0.0,0.0,17.0,11.0,10.0,32.0,0.0,0.0,1.0,1.0,13.3,1,13074,13074,13074,8281,12059,10158,9917,18861,24337,21814,20169,3535,8004,1,4972,12373,16712,1.0,29:08,2015,2016
2015-16,1626168,Trey Lyles,Trey,1610612762,UTA,Utah Jazz,21500673,2016-01-25T00:00:00,UTA vs. DET,L,16.5,0.0,0.0,0.0,2.0,4.0,1.0,8.0,16.0,0.0,0.0,2.0,1.0,4.6,1,13074,13074,13074,18673,12059,10158,9917,12984,6141,3393,17194,15259,8004,1,11390,12373,22734,1.0,16:28,2015,2016
2015-16,203148,Brian Roberts,Brian,1610612766,CHA,Charlotte Hornets,21500674,2016-01-25T00:00:00,CHA @ SAC,W,12.9,2.0,0.0,0.0,0.0,2.0,0.0,2.0,10.0,0.0,0.0,1.0,2.0,9.0,1,1,1,1,21028,6026,10158,9917,18861,2619,1,4025,20209,8004,1,4972,7786,19835,1.0,12:54,2015,2016
2015-16,203994,Jusuf Nurkić,Jusuf,1610612743,DEN,Denver Nuggets,21500672,2016-01-25T00:00:00,DEN vs. ATL,L,6.7,0.0,2.0,2.0,2.0,2.0,2.0,7.0,8.0,0.0,0.0,2.0,3.0,4.2,1,13074,13074,13074,23694,12059,4731,4675,12984,2619,3734,15538,21543,8004,1,11390,4736,22976,1.0,6:39,2015,2016
2015-16,203463,Ben McLemore,Ben,1610612758,SAC,Sacramento Kings,21500674,2016-01-25T00:00:00,SAC vs. CHA,L,16.4,0.0,0.0,4.0,4.0,12.0,2.0,2.0,8.0,1.0,0.0,2.0,0.0,9.2,1,13074,13074,13074,18749,12059,10158,1913,8599,20178,3734,4025,21543,2692,1,11390,18762,19680,1.0,16:23,2015,2016
2015-16,1626214,Bryce Dejean-Jones,Bryce,1610612740,NOP,New Orleans Pelicans,21500671,2016-01-25T00:00:00,NOP vs. HOU,L,6.0,0.0,0.0,0.0,0.0,0.0,0.0,3.0,4.0,0.0,0.0,1.0,0.0,4.8,1,13074,13074,13074,23989,12059,10158,9917,18861,1,1,7328,23698,8004,1,4972,18762,22657,1.0,5:57,2015,2016
2015-16,201600,Omer Asik,Omer,1610612740,NOP,New Orleans Pelicans,21500671,2016-01-25T00:00:00,NOP vs. HOU,L,6.3,0.0,2.0,0.0,2.0,2.0,3.0,12.0,2.0,0.0,0.0,0.0,1.0,5.4,1,13074,13074,13074,23834,12059,4731,9917,12984,2619,7138,22259,24614,8004,1,1,12373,22242,1.0,6:17,2015,2016
2015-16,2564,Boris Diaw,Boris,1610612759,SAS,San Antonio Spurs,21500675,2016-01-25T00:00:00,SAS @ GSW,L,17.8,0.0,0.0,0.0,2.0,12.0,5.0,4.0,22.0,0.0,0.0,0.0,2.0,4.5,1,13074,13074,13074,17652,12059,10158,9917,12984,20178,11469,8806,10265,8004,1,1,7786,22773,1.0,17:49,2015,2016
2015-16,204067,Jarell Eddie,Jarell,1610612764,WAS,Washington Wizards,21500668,2016-01-25T00:00:00,WAS vs. BOS,L,5.3,0.0,0.0,3.0,0.0,2.0,3.0,2.0,6.0,0.0,0.0,0.0,0.0,7.2,1,13074,13074,13074,24249,12059,10158,3302,18861,2619,7138,4025,22724,8004,1,1,18762,21035,1.0,5:18,2015,2016
2015-16,200751,Randy Foye,Randy,1610612743,DEN,Denver Nuggets,21500672,2016-01-25T00:00:00,DEN vs. ATL,L,17.6,0.0,0.0,0.0,0.0,7.0,2.0,7.0,18.0,0.0,0.0,2.0,2.0,4.3,1,13074,13074,13074,17824,12059,10158,9917,18861,12242,3734,15538,13577,8004,1,11390,7786,22974,1.0,17:36,2015,2016
2015-16,203923,James Young,James,1610612738,BOS,Boston Celtics,21500668,2016-01-25T00:00:00,BOS @ WAS,W,2.8,2.0,3.0,2.0,2.0,0.0,0.0,3.0,2.0,0.0,0.0,0.0,0.0,5.0,1,1,1,1,25200,6026,3104,4675,12984,1,1,7328,24614,8004,1,1,18762,22500,1.0,2:47,2015,2016
2015-16,203187,Chris Johnson,Chris,1610612762,UTA,Utah Jazz,21500673,2016-01-25T00:00:00,UTA vs. DET,L,17.1,0.0,0.0,0.0,0.0,2.0,3.0,4.0,12.0,0.0,0.0,5.0,0.0,5.4,1,13074,13074,13074,18208,12059,10158,9917,18861,2619,7138,8806,18637,8004,1,24686,18762,22242,1.0,17:06,2015,2016
2015-16,1626171,Bobby Portis,Bobby,1610612741,CHI,Chicago Bulls,21500669,2016-01-25T00:00:00,CHI vs. MIA,L,7.0,2.0,2.0,0.0,2.0,4.0,2.0,2.0,12.0,0.0,0.0,4.0,0.0,4.4,1,13074,13074,13074,23553,6026,4731,9917,12984,6141,3734,4025,18637,8004,1,22104,18762,22837,1.0,7:02,2015,2016
2015-16,1626179,Terry Rozier,Terry,1610612738,BOS,Boston Celtics,21500668,2016-01-25T00:00:00,BOS @ WAS,W,3.9,0.0,0.0,0.0,0.0,0.0,0.0,5.0,4.0,0.0,0.0,1.0,0.0,5.4,1,1,1,1,24734,12059,10158,9917,18861,1,1,11593,23698,8004,1,4972,18762,22242,1.0,3:55,2015,2016
2015-16,201593,Nikola Pekovic,Nikola,1610612750,MIN,Minnesota Timberwolves,21500667,2016-01-25T00:00:00,MIN @ CLE,L,12.6,0.0,0.0,0.0,4.0,5.0,7.0,4.0,8.0,0.0,0.0,2.0,0.0,5.4,1,13074,13074,13074,21233,12059,10158,9917,8599,8403,15642,8806,21543,8004,1,11390,18762,22242,1.0,12:34,2015,2016
2015-16,1626151,Aaron Harrison,Aaron,1610612766,CHA,Charlotte Hornets,21500674,2016-01-25T00:00:00,CHA @ SAC,W,5.8,0.0,0.0,0.0,0.0,2.0,0.0,2.0,4.0,0.0,0.0,0.0,0.0,0.0,1,1,1,1,24062,12059,10158,9917,18861,2619,1,4025,23698,8004,1,1,18762,25170,1.0,5:47,2015,2016
2015-16,201946,Tyler Hansbrough,Tyler,1610612766,CHA,Charlotte Hornets,21500674,2016-01-25T00:00:00,CHA @ SAC,W,19.6,0.0,2.0,0.0,2.0,0.0,1.0,6.0,22.0,0.0,0.0,6.0,2.0,9.2,1,1,1,1,16236,12059,4731,9917,12984,1,3393,13388,10265,8004,1,25827,7786,19680,1.0,19:35,2015,2016
2015-16,2034,Mike Miller,Mike,1610612743,DEN,Denver Nuggets,21500672,2016-01-25T00:00:00,DEN vs. ATL,L,3.5,0.0,0.0,0.0,0.0,0.0,0.0,0.0,2.0,0.0,0.0,0.0,0.0,3.9,1,13074,13074,13074,24905,12059,10158,9917,18861,1,1,1,24614,8004,1,1,18762,23225,1.0,3:32,2015,2016
2015-16,201951,Ty Lawson,Ty,1610612745,HOU,Houston Rockets,21500671,2016-01-25T00:00:00,HOU @ NOP,W,16.3,0.0,0.0,0.0,0.0,7.0,2.0,9.0,20.0,0.0,1.0,1.0,2.0,4.0,1,1,1,1,18845,12059,10158,9917,18861,12242,3734,18829,11929,8004,17214,4972,7786,23142,1.0,16:16,2015,2016
2015-16,202357,Nemanja Bjelica,Nemanja,1610612750,MIN,Minnesota Timberwolves,21500667,2016-01-25T00:00:00,MIN @ CLE,L,16.2,2.0,0.0,2.0,2.0,5.0,4.0,4.0,16.0,0.0,1.0,4.0,0.0,6.5,1,13074,13074,13074,18913,6026,10158,4675,12984,8403,8458,8806,15259,8004,17214,22104,18762,21519,1.0,16:10,2015,2016
2015-16,203546,Ian Clark,Ian,1610612744,GSW,Golden State Warriors,21500675,2016-01-25T00:00:00,GSW vs. SAS,W,7.0,0.0,0.0,0.0,0.0,7.0,6.0,6.0,10.0,0.0,0.0,0.0,1.0,0.7,1,1,1,1,23569,12059,10158,9917,18861,12242,13237,13388,20209,8004,1,1,12373,25042,1.0,6:59,2015,2016
2015-16,203501,Tim Hardaway Jr.,Tim,1610612737,ATL,Atlanta Hawks,21500672,2016-01-25T00:00:00,ATL @ DEN,W,16.6,2.0,2.0,2.0,4.0,1.0,4.0,8.0,14.0,0.0,0.0,4.0,0.0,9.4,1,1,1,1,18601,6026,4731,4675,8599,2356,8458,17194,17019,8004,1,22104,18762,19568,1.0,16:35,2015,2016
2015-16,201596,Mario Chalmers,Mario,1610612763,MEM,Memphis Grizzlies,21500670,2016-01-25T00:00:00,MEM vs. ORL,W,14.4,0.0,0.0,0.0,0.0,3.0,5.0,2.0,8.0,0.0,0.0,2.0,2.0,5.2,1,1,1,1,20147,12059,10158,9917,18861,5109,11469,4025,21543,8004,1,11390,7786,22370,1.0,14:26,2015,2016
2015-16,203526,Raul Neto,Raul,1610612762,UTA,Utah Jazz,21500673,2016-01-25T00:00:00,UTA vs. DET,L,6.2,0.0,0.0,0.0,0.0,0.0,2.0,4.0,6.0,0.0,0.0,0.0,0.0,-1.0,1,13074,13074,13074,23876,12059,10158,9917,18861,1,3734,8806,22724,8004,1,1,18762,25932,1.0,6:12,2015,2016
2015-16,203504,Trey Burke,Trey,1610612762,UTA,Utah Jazz,21500673,2016-01-25T00:00:00,UTA vs. DET,L,22.2,0.0,0.0,0.0,0.0,6.0,8.0,4.0,18.0,0.0,0.0,2.0,0.0,9.0,1,13074,13074,13074,14035,12059,10158,9917,18861,10028,17345,8806,13577,8004,1,11390,18762,19835,1.0,22:10,2015,2016
2015-16,202704,Reggie Jackson,Reggie,1610612765,DET,Detroit Pistons,21500673,2016-01-25T00:00:00,DET @ UTA,W,30.9,2.0,0.0,2.0,12.0,9.0,9.0,6.0,28.0,0.0,0.0,0.0,4.0,40.6,1,1,1,1,6792,6026,10158,4675,988,15771,19144,13388,5824,8004,1,1,2748,2230,1.0,30:55,2015,2016
2015-16,201143,Al Horford,Al,1610612737,ATL,Atlanta Hawks,21500672,2016-01-25T00:00:00,ATL @ DEN,W,27.1,3.0,0.0,0.0,6.0,8.0,4.0,9.0,22.0,1.0,0.0,3.0,1.0,26.9,1,1,1,1,9967,4307,10158,9917,5299,13914,8458,18829,10265,2692,1,17641,12373,7438,1.0,27:03,2015,2016
2015-16,2747,JR Smith,JR,1610612739,CLE,Cleveland Cavaliers,21500667,2016-01-25T00:00:00,CLE vs. MIN,W,35.4,0.0,3.0,0.0,2.0,8.0,8.0,8.0,32.0,1.0,1.0,2.0,3.0,27.4,1,1,1,1,3264,12059,3104,9917,12984,13914,17345,17194,3535,2692,17214,11390,4736,7179,1.0,35:21,2015,2016
2015-16,201977,Marcus Thornton,Marcus,1610612745,HOU,Houston Rockets,21500671,2016-01-25T00:00:00,HOU @ NOP,W,17.1,0.0,0.0,0.0,0.0,7.0,6.0,14.0,22.0,0.0,2.0,3.0,0.0,15.2,1,1,1,1,18196,12059,10158,9917,18861,12242,13237,23710,10265,8004,23588,17641,18762,15219,1.0,17:06,2015,2016
2015-16,201567,Kevin Love,Kevin,1610612739,CLE,Cleveland Cavaliers,21500667,2016-01-25T00:00:00,CLE vs. MIN,W,36.1,3.0,2.0,0.0,4.0,13.0,6.0,13.0,32.0,0.0,0.0,3.0,5.0,26.2,1,1,1,1,2646,4307,4731,9917,8599,21300,13237,23048,3535,8004,1,17641,1539,7785,1.0,36:09,2015,2016
2015-16,203476,Gorgui Dieng,Gorgui,1610612750,MIN,Minnesota Timberwolves,21500667,2016-01-25T00:00:00,MIN @ CLE,L,25.6,5.0,0.0,3.0,2.0,14.0,8.0,6.0,28.0,0.0,0.0,3.0,6.0,26.2,1,13074,13074,13074,11178,1603,10158,3302,12984,22292,17345,13388,5824,8004,1,17641,873,7785,1.0,25:38,2015,2016
2015-16,203145,Kent Bazemore,Kent,1610612737,ATL,Atlanta Hawks,21500672,2016-01-25T00:00:00,ATL @ DEN,W,24.9,2.0,0.0,4.0,4.0,12.0,9.0,8.0,28.0,1.0,0.0,3.0,1.0,26.4,1,1,1,1,11718,6026,10158,1913,8599,20178,19144,17194,5824,2692,1,17641,12373,7672,1.0,24:56,2015,2016
2015-16,202322,John Wall,John,1610612764,WAS,Washington Wizards,21500668,2016-01-25T00:00:00,WAS vs. BOS,L,32.8,0.0,1.0,1.0,2.0,19.0,9.0,6.0,28.0,2.0,0.0,2.0,4.0,30.4,1,13074,13074,13074,5293,12059,9709,9347,12984,25074,19144,13388,5824,932,1,11390,2748,5661,1.0,32:46,2015,2016
2015-16,203382,Aron Baynes,Aron,1610612765,DET,Detroit Pistons,21500673,2016-01-25T00:00:00,DET @ UTA,W,18.6,4.0,1.0,0.0,2.0,0.0,5.0,1.0,20.0,1.0,0.0,0.0,3.0,20.0,1,1,1,1,17037,2460,9709,9917,12984,1,11469,3646,11929,2692,1,1,4736,11752,1.0,18:35,2015,2016
2015-16,101106,Andrew Bogut,Andrew,1610612744,GSW,Golden State Warriors,21500675,2016-01-25T00:00:00,GSW vs. SAS,W,17.3,0.0,0.0,0.0,4.0,2.0,3.0,0.0,8.0,1.0,0.0,4.0,0.0,15.6,1,1,1,1,18071,12059,10158,9917,8599,2619,7138,1,21543,2692,1,22104,18762,14916,1.0,17:16,2015,2016
2015-16,1626144,Emmanuel Mudiay,Emmanuel,1610612743,DEN,Denver Nuggets,21500672,2016-01-25T00:00:00,DEN vs. ATL,L,30.4,4.0,3.0,0.0,4.0,15.0,9.0,8.0,38.0,0.0,0.0,2.0,1.0,20.2,1,13074,13074,13074,7177,2460,3104,9917,8599,23079,19144,17194,1422,8004,1,11390,12373,11610,1.0,30:24,2015,2016
2015-16,203937,Kyle Anderson,Kyle,1610612759,SAS,San Antonio Spurs,21500675,2016-01-25T00:00:00,SAS @ GSW,L,16.3,0.0,0.0,3.0,0.0,5.0,4.0,8.0,16.0,0.0,1.0,2.0,1.0,19.8,1,13074,13074,13074,18852,12059,10158,3302,18861,8403,8458,17194,15259,8004,17214,11390,12373,11883,1.0,16:15,2015,2016
2015-16,202323,Evan Turner,Evan,1610612738,BOS,Boston Celtics,21500668,2016-01-25T00:00:00,BOS @ WAS,W,29.4,0.0,2.0,5.0,8.0,3.0,0.0,6.0,20.0,0.0,0.0,0.0,3.0,30.5,1,1,1,1,8087,12059,4731,1277,3109,5109,1,13388,11929,8004,1,1,4736,5620,1.0,29:21,2015,2016
2015-16,101162,Marcin Gortat,Marcin,1610612764,WAS,Washington Wizards,21500668,2016-01-25T00:00:00,WAS vs. BOS,L,29.5,0.0,2.0,2.0,4.0,17.0,7.0,9.0,22.0,1.0,0.0,4.0,2.0,26.2,1,13074,13074,13074,8010,12059,4731,4675,8599,24337,15642,18829,10265,2692,1,22104,7786,7785,1.0,29:27,2015,2016
2015-16,2746,Josh Smith,Josh,1610612745,HOU,Houston Rockets,21500671,2016-01-25T00:00:00,HOU @ NOP,W,27.7,2.0,0.0,0.0,4.0,14.0,4.0,8.0,36.0,0.0,0.0,4.0,2.0,12.3,1,1,1,1,9469,6026,10158,9917,8599,22292,8458,17194,1943,8004,1,22104,7786,17524,1.0,27:41,2015,2016
2015-16,203105,Festus Ezeli,Festus,1610612744,GSW,Golden State Warriors,21500675,2016-01-25T00:00:00,GSW vs. SAS,W,10.1,0.0,2.0,0.0,4.0,6.0,0.0,2.0,6.0,0.0,0.0,1.0,1.0,12.0,1,1,1,1,22398,12059,4731,9917,8599,10028,1,4025,22724,8004,1,4972,12373,17703,1.0,10:06,2015,2016
2015-16,201954,Darren Collison,Darren,1610612758,SAC,Sacramento Kings,21500674,2016-01-25T00:00:00,SAC vs. CHA,L,38.8,4.0,0.0,2.0,8.0,11.0,19.0,0.0,20.0,0.0,0.0,4.0,4.0,31.6,1,13074,13074,13074,1127,2460,10158,4675,3109,18886,25786,1,11929,8004,1,22104,2748,5130,1.0,38:50,2015,2016
2015-16,202703,Nikola Mirotic,Nikola,1610612741,CHI,Chicago Bulls,21500669,2016-01-25T00:00:00,CHI vs. MIA,L,21.9,2.0,4.0,2.0,10.0,8.0,2.0,9.0,26.0,1.0,0.0,0.0,2.0,31.6,1,13074,13074,13074,14270,6026,1596,4675,1840,13914,3734,18829,7214,2692,1,1,7786,5130,1.0,21:54,2015,2016
2015-16,201578,Marreese Speights,Marreese,1610612744,GSW,Golden State Warriors,21500675,2016-01-25T00:00:00,GSW vs. SAS,W,18.7,0.0,0.0,0.0,2.0,7.0,7.0,5.0,20.0,1.0,1.0,5.0,2.0,26.4,1,1,1,1,16946,12059,10158,9917,12984,12242,15642,11593,11929,2692,17214,24686,7786,7672,1.0,18:42,2015,2016
2015-16,202691,Klay Thompson,Klay,1610612744,GSW,Golden State Warriors,21500675,2016-01-25T00:00:00,GSW vs. SAS,W,25.4,0.0,2.0,0.0,6.0,7.0,3.0,2.0,18.0,0.0,1.0,3.0,2.0,15.3,1,1,1,1,11345,12059,4731,9917,5299,12242,7138,4025,13577,8004,17214,17641,7786,15150,1.0,25:26,2015,2016
2015-16,201144,Mike Conley,Mike,1610612763,MEM,Memphis Grizzlies,21500670,2016-01-25T00:00:00,MEM vs. ORL,W,38.6,4.0,0.0,2.0,6.0,8.0,8.0,10.0,42.0,1.0,3.0,1.0,3.0,40.7,1,1,1,1,1231,2460,10158,4675,5299,13914,17345,20169,670,2692,25441,4972,4736,2199,1.0,38:34,2015,2016
2015-16,203999,Nikola Jokić,Nikola,1610612743,DEN,Denver Nuggets,21500672,2016-01-25T00:00:00,DEN vs. ATL,L,18.3,2.0,4.0,0.0,10.0,6.0,7.0,4.0,18.0,1.0,0.0,2.0,3.0,40.5,1,13074,13074,13074,17303,6026,1596,9917,1840,10028,15642,8806,13577,2692,1,11390,4736,2257,1.0,18:15,2015,2016
2015-16,202391,Jeremy Lin,Jeremy,1610612766,CHA,Charlotte Hornets,21500674,2016-01-25T00:00:00,CHA @ SAC,W,50.5,2.0,2.0,2.0,8.0,8.0,5.0,10.0,60.0,0.0,2.0,4.0,7.0,41.9,1,1,1,1,10,6026,4731,4675,3109,13914,11469,20169,11,8004,23588,22104,469,1958,1.0,50:29,2015,2016
2015-16,201150,Spencer Hawes,Spencer,1610612766,CHA,Charlotte Hornets,21500674,2016-01-25T00:00:00,CHA @ SAC,W,30.1,3.0,0.0,0.0,4.0,8.0,5.0,10.0,44.0,0.0,0.0,6.0,1.0,31.4,1,1,1,1,7461,4307,10158,9917,8599,13914,11469,20169,454,8004,1,25827,12373,5218,1.0,30:06,2015,2016
2015-16,202694,Marcus Morris Sr.,Marcus,1610612765,DET,Detroit Pistons,21500673,2016-01-25T00:00:00,DET @ UTA,W,35.4,0.0,0.0,2.0,2.0,7.0,7.0,5.0,32.0,0.0,1.0,2.0,2.0,15.8,1,1,1,1,3249,12059,10158,4675,12984,12242,15642,11593,3535,8004,17214,11390,7786,14754,1.0,35:22,2015,2016
2015-16,202738,Isaiah Thomas,Isaiah,1610612738,BOS,Boston Celtics,21500668,2016-01-25T00:00:00,BOS @ WAS,W,28.2,5.0,2.0,2.0,8.0,4.0,4.0,9.0,10.0,0.0,0.0,1.0,4.0,42.3,1,1,1,1,9105,1603,4731,4675,3109,6141,8458,18829,20209,8004,1,4972,2748,1877,1.0,28:10,2015,2016
2015-16,200752,Rudy Gay,Rudy,1610612758,SAC,Sacramento Kings,21500674,2016-01-25T00:00:00,SAC vs. CHA,L,40.6,0.0,0.0,4.0,8.0,20.0,12.0,2.0,18.0,2.0,1.0,3.0,3.0,35.3,1,13074,13074,13074,578,12059,10158,1913,3109,25338,22832,4025,13577,932,17214,17641,4736,3719,1.0,40:36,2015,2016
2015-16,202684,Tristan Thompson,Tristan,1610612739,CLE,Cleveland Cavaliers,21500667,2016-01-25T00:00:00,CLE vs. MIN,W,34.1,6.0,13.0,0.0,16.0,8.0,6.0,6.0,26.0,0.0,1.0,2.0,7.0,36.4,1,1,1,1,4292,878,1,9917,275,13914,13237,13388,7214,8004,17214,11390,469,3353,1.0,34:04,2015,2016
2015-16,203490,Otto Porter Jr.,Otto,1610612764,WAS,Washington Wizards,21500668,2016-01-25T00:00:00,WAS vs. BOS,L,29.8,2.0,1.0,4.0,4.0,22.0,7.0,6.0,24.0,0.0,0.0,2.0,2.0,24.2,1,13074,13074,13074,7723,6026,9709,1913,8599,25683,15642,13388,8723,8004,1,11390,7786,9009,1.0,29:48,2015,2016
2015-16,203118,Mike Scott,Mike,1610612737,ATL,Atlanta Hawks,21500672,2016-01-25T00:00:00,ATL @ DEN,W,16.9,0.0,0.0,3.0,4.0,2.0,7.0,5.0,16.0,0.0,0.0,3.0,1.0,11.4,1,1,1,1,18367,12059,10158,3302,8599,2619,15642,11593,15259,8004,1,17641,12373,18134,1.0,16:53,2015,2016
2015-16,2200,Pau Gasol,Pau,1610612741,CHI,Chicago Bulls,21500669,2016-01-25T00:00:00,CHI vs. MIA,L,37.1,4.0,2.0,0.0,10.0,7.0,6.0,8.0,20.0,2.0,1.0,1.0,3.0,46.4,1,13074,13074,13074,2006,2460,4731,9917,1840,12242,13237,17194,11929,932,17214,4972,4736,1149,1.0,37:08,2015,2016
2015-16,201962,Toney Douglas,Toney,1610612740,NOP,New Orleans Pelicans,21500671,2016-01-25T00:00:00,NOP vs. HOU,L,25.3,2.0,0.0,6.0,6.0,0.0,7.0,7.0,18.0,1.0,0.0,1.0,3.0,36.6,1,13074,13074,13074,11455,6026,10158,740,5299,1,15642,15538,13577,2692,1,4972,4736,3288,1.0,25:17,2015,2016
2015-16,202710,Jimmy Butler III,Jimmy,1610612741,CHI,Chicago Bulls,21500669,2016-01-25T00:00:00,CHI vs. MIA,L,40.1,5.0,2.0,0.0,4.0,12.0,8.0,13.0,26.0,0.0,1.0,1.0,4.0,24.2,1,13074,13074,13074,706,1603,4731,9917,8599,20178,17345,23048,7214,8004,17214,4972,2748,9009,1.0,40:05,2015,2016
2015-16,203092,Tyler Zeller,Tyler,1610612738,BOS,Boston Celtics,21500668,2016-01-25T00:00:00,BOS @ WAS,W,18.2,5.0,0.0,0.0,6.0,1.0,1.0,8.0,12.0,0.0,0.0,5.0,1.0,24.6,1,1,1,1,17332,1603,10158,9917,5299,2356,3393,17194,18637,8004,1,24686,12373,8724,1.0,18:13,2015,2016
2015-16,1626159,Justise Winslow,Justise,1610612748,MIA,Miami Heat,21500669,2016-01-25T00:00:00,MIA @ CHI,W,34.7,2.0,0.0,2.0,4.0,9.0,10.0,4.0,28.0,0.0,0.0,4.0,1.0,29.8,1,1,1,1,3742,6026,10158,4675,8599,15771,20509,8806,5824,8004,1,22104,12373,5948,1.0,34:44,2015,2016
2015-16,200765,Rajon Rondo,Rajon,1610612758,SAC,Sacramento Kings,21500674,2016-01-25T00:00:00,SAC vs. CHA,L,42.4,0.0,2.0,2.0,4.0,22.0,10.0,2.0,22.0,0.0,0.0,4.0,0.0,46.0,1,13074,13074,13074,270,12059,4731,4675,8599,25683,20509,4025,10265,8004,1,22104,18762,1198,1.0,42:22,2015,2016
2015-16,201976,Patrick Beverley,Patrick,1610612745,HOU,Houston Rockets,21500671,2016-01-25T00:00:00,HOU @ NOP,W,34.9,3.0,0.0,3.0,0.0,10.0,13.0,9.0,32.0,0.0,0.0,4.0,0.0,29.9,1,1,1,1,3581,4307,10158,3302,18861,17370,23668,18829,3535,8004,1,22104,18762,5884,1.0,34:56,2015,2016
2015-16,203484,Kentavious Caldwell-Pope,Kentavious,1610612765,DET,Detroit Pistons,21500673,2016-01-25T00:00:00,DET @ UTA,W,37.8,2.0,0.0,4.0,8.0,10.0,13.0,5.0,36.0,0.0,0.0,2.0,2.0,23.9,1,1,1,1,1615,6026,10158,1913,3109,17370,23668,11593,1943,8004,1,11390,7786,9184,1.0,37:47,2015,2016
2015-16,203952,Andrew Wiggins,Andrew,1610612750,MIN,Minnesota Timberwolves,21500667,2016-01-25T00:00:00,MIN @ CLE,L,38.7,0.0,0.0,0.0,6.0,16.0,17.0,6.0,38.0,1.0,1.0,5.0,4.0,29.7,1,13074,13074,13074,1184,12059,10158,9917,5299,23774,25429,13388,1422,2692,17214,24686,2748,6006,1.0,38:43,2015,2016
2015-16,2754,Tony Allen,Tony,1610612763,MEM,Memphis Grizzlies,21500670,2016-01-25T00:00:00,MEM vs. ORL,W,40.4,7.0,2.0,6.0,8.0,9.0,5.0,10.0,38.0,0.0,0.0,4.0,2.0,35.9,1,1,1,1,637,548,4731,740,3109,15771,11469,20169,1422,8004,1,22104,7786,3505,1.0,40:21,2015,2016
2015-16,201939,Stephen Curry,Stephen,1610612744,GSW,Golden State Warriors,21500675,2016-01-25T00:00:00,GSW vs. SAS,W,28.4,20.0,3.0,6.0,10.0,7.0,3.0,4.0,12.0,0.0,2.0,0.0,6.0,57.9,1,1,1,1,8969,1,3104,740,1840,12242,7138,8806,18637,8004,23588,1,873,269,1.0,28:21,2015,2016
2015-16,201952,Jeff Teague,Jeff,1610612737,ATL,Atlanta Hawks,21500672,2016-01-25T00:00:00,ATL @ DEN,W,26.1,0.0,2.0,0.0,8.0,15.0,9.0,9.0,22.0,0.0,0.0,1.0,2.0,35.6,1,1,1,1,10774,12059,4731,9917,3109,23079,19144,18829,10265,8004,1,4972,7786,3615,1.0,26:05,2015,2016
2015-16,203897,Zach LaVine,Zach,1610612750,MIN,Minnesota Timberwolves,21500667,2016-01-25T00:00:00,MIN @ CLE,L,30.2,4.0,0.0,6.0,8.0,11.0,16.0,6.0,34.0,0.0,0.0,3.0,3.0,36.8,1,13074,13074,13074,7363,2460,10158,740,3109,18886,25155,13388,2701,8004,1,17641,4736,3241,1.0,30:11,2015,2016
2015-16,2548,Dwyane Wade,Dwyane,1610612748,MIA,Miami Heat,21500669,2016-01-25T00:00:00,MIA @ CHI,W,34.0,5.0,2.0,2.0,16.0,11.0,6.0,6.0,22.0,1.0,0.0,2.0,6.0,45.9,1,1,1,1,4345,1603,4731,4675,275,18886,13237,13388,10265,2692,1,11390,873,1224,1.0,34:01,2015,2016
2015-16,201935,James Harden,James,1610612745,HOU,Houston Rockets,21500671,2016-01-25T00:00:00,HOU @ NOP,W,41.2,2.0,3.0,11.0,14.0,13.0,13.0,12.0,34.0,1.0,1.0,4.0,6.0,64.2,1,1,1,1,448,6026,3104,69,542,21300,23668,22259,2701,2692,17214,22104,873,101,1.0,41:11,2015,2016
2015-16,201188,Marc Gasol,Marc,1610612763,MEM,Memphis Grizzlies,21500670,2016-01-25T00:00:00,MEM vs. ORL,W,42.2,2.0,3.0,0.0,12.0,11.0,7.0,12.0,44.0,2.0,1.0,2.0,5.0,47.5,1,1,1,1,291,6026,3104,9917,988,18886,15642,22259,454,932,17214,11390,1539,1015,1.0,42:10,2015,2016
2015-16,1626157,Karl-Anthony Towns,Karl-Anthony,1610612750,MIN,Minnesota Timberwolves,21500667,2016-01-25T00:00:00,MIN @ CLE,L,29.8,4.0,4.0,0.0,12.0,16.0,13.0,4.0,30.0,1.0,0.0,3.0,3.0,49.2,1,13074,13074,13074,7751,2460,1596,9917,988,23774,23668,8806,4541,2692,1,17641,4736,842,1.0,29:46,2015,2016
2015-16,203497,Rudy Gobert,Rudy,1610612762,UTA,Utah Jazz,21500673,2016-01-25T00:00:00,UTA vs. DET,L,36.0,2.0,4.0,0.0,14.0,8.0,9.0,10.0,28.0,1.0,0.0,2.0,4.0,43.9,1,13074,13074,13074,2786,6026,1596,9917,542,13914,19144,20169,5824,2692,1,11390,2748,1573,1.0,35:58,2015,2016
2015-16,2544,LeBron James,LeBron,1610612739,CLE,Cleveland Cavaliers,21500667,2016-01-25T00:00:00,CLE vs. MIN,W,38.0,4.0,2.0,4.0,14.0,15.0,8.0,11.0,36.0,1.0,0.0,2.0,4.0,44.3,1,1,1,1,1496,2460,4731,1913,542,23079,17345,21342,1943,2692,1,11390,2748,1499,1.0,38:01,2015,2016
2015-16,203584,Troy Daniels,Troy,1610612766,CHA,Charlotte Hornets,21500674,2016-01-25T00:00:00,CHA @ SAC,W,31.1,3.0,9.0,0.0,2.0,2.0,6.0,10.0,40.0,0.0,0.0,2.0,1.0,36.4,1,1,1,1,6665,4307,77,9917,12984,2619,13237,20169,983,8004,1,11390,12373,3353,1.0,31:04,2015,2016
2015-16,203095,Evan Fournier,Evan,1610612753,ORL,Orlando Magic,21500670,2016-01-25T00:00:00,ORL @ MEM,L,35.5,5.0,6.0,0.0,4.0,14.0,16.0,12.0,50.0,0.0,1.0,1.0,2.0,29.1,1,13074,13074,13074,3159,1603,481,9917,8599,22292,25155,22259,107,8004,17214,4972,7786,6285,1.0,35:29,2015,2016
2015-16,201145,Jeff Green,Jeff,1610612763,MEM,Memphis Grizzlies,21500670,2016-01-25T00:00:00,MEM vs. ORL,W,31.2,4.0,4.0,6.0,18.0,7.0,11.0,4.0,24.0,1.0,0.0,1.0,5.0,48.1,1,1,1,1,6588,2460,1596,740,131,12242,21814,8806,8723,2692,1,4972,1539,952,1.0,31:10,2015,2016
2015-16,202689,Kemba Walker,Kemba,1610612766,CHA,Charlotte Hornets,21500674,2016-01-25T00:00:00,CHA @ SAC,W,45.1,3.0,0.0,0.0,2.0,6.0,6.0,14.0,64.0,1.0,3.0,2.0,10.0,53.8,1,1,1,1,78,4307,10158,9917,12984,10028,13237,23710,2,2692,25441,11390,76,472,1.0,45:06,2015,2016
2015-16,201950,Jrue Holiday,Jrue,1610612740,NOP,New Orleans Pelicans,21500671,2016-01-25T00:00:00,NOP vs. HOU,L,36.2,9.0,0.0,7.0,20.0,7.0,10.0,13.0,26.0,0.0,0.0,2.0,4.0,57.7,1,13074,13074,13074,2636,171,10158,454,59,12242,20509,23048,7214,8004,1,11390,2748,281,1.0,36:09,2015,2016
2015-16,202087,Alonzo Gee,Alonzo,1610612740,NOP,New Orleans Pelicans,21500671,2016-01-25T00:00:00,NOP vs. HOU,L,32.9,3.0,0.0,3.0,2.0,11.0,7.0,20.0,24.0,0.0,2.0,3.0,1.0,24.5,1,13074,13074,13074,5197,4307,10158,3302,12984,18886,15642,25599,8723,8004,23588,17641,12373,8801,1.0,32:55,2015,2016
2015-16,200794,Paul Millsap,Paul,1610612737,ATL,Atlanta Hawks,21500672,2016-01-25T00:00:00,ATL @ DEN,W,28.1,6.0,7.0,2.0,14.0,13.0,8.0,11.0,30.0,1.0,2.0,1.0,4.0,44.3,1,1,1,1,9189,878,292,4675,542,21300,17345,21342,4541,2692,23588,4972,2748,1499,1.0,28:03,2015,2016
2015-16,2772,Trevor Ariza,Trevor,1610612745,HOU,Houston Rockets,21500671,2016-01-25T00:00:00,HOU @ NOP,W,40.7,2.0,5.0,8.0,6.0,15.0,15.0,14.0,36.0,1.0,0.0,2.0,1.0,50.5,1,1,1,1,562,6026,995,280,5299,23079,24781,23710,1943,2692,1,11390,12373,709,1.0,40:41,2015,2016
2015-16,101107,Marvin Williams,Marvin,1610612766,CHA,Charlotte Hornets,21500674,2016-01-25T00:00:00,CHA @ SAC,W,33.1,10.0,4.0,0.0,8.0,6.0,6.0,10.0,54.0,1.0,1.0,6.0,2.0,36.5,1,1,1,1,5079,99,1596,9917,3109,10028,13237,20169,35,2692,17214,25827,7786,3326,1.0,33:03,2015,2016
2015-16,202326,DeMarcus Cousins,DeMarcus,1610612758,SAC,Sacramento Kings,21500674,2016-01-25T00:00:00,SAC vs. CHA,L,45.7,4.0,3.0,4.0,38.0,22.0,14.0,2.0,22.0,2.0,1.0,6.0,19.0,78.4,1,13074,13074,13074,69,2460,3104,1913,1,25683,24300,4025,10265,932,17214,25827,2,9,1.0,45:40,2015,2016
2015-16,202681,Kyrie Irving,Kyrie,1610612739,CLE,Cleveland Cavaliers,21500667,2016-01-25T00:00:00,CLE vs. MIN,W,28.0,0.0,0.0,2.0,2.0,13.0,6.0,9.0,30.0,0.0,0.0,1.0,2.0,29.8,1,1,1,1,9255,12059,10158,4675,12984,21300,13237,18829,4541,8004,1,4972,7786,5948,1.0,27:58,2015,2016
2015-16,202330,Gordon Hayward,Gordon,1610612762,UTA,Utah Jazz,21500673,2016-01-25T00:00:00,UTA vs. DET,L,36.7,2.0,0.0,4.0,8.0,8.0,6.0,10.0,32.0,1.0,1.0,3.0,6.0,35.5,1,13074,13074,13074,2281,6026,10158,1913,3109,13914,13237,20169,3535,2692,17214,17641,873,3657,1.0,36:43,2015,2016
2015-16,203110,Draymond Green,Draymond,1610612744,GSW,Golden State Warriors,21500675,2016-01-25T00:00:00,GSW vs. SAS,W,26.9,0.0,4.0,0.0,6.0,7.0,3.0,2.0,12.0,1.0,0.0,2.0,4.0,38.8,1,1,1,1,10099,12059,1596,9917,5299,12242,7138,4025,18637,2692,1,11390,2748,2692,1.0,26:54,2015,2016
2015-16,203530,Joffrey Lauvergne,Joffrey,1610612743,DEN,Denver Nuggets,21500672,2016-01-25T00:00:00,DEN vs. ATL,L,15.0,0.0,0.0,0.0,2.0,11.0,2.0,4.0,20.0,0.0,0.0,1.0,2.0,13.8,1,13074,13074,13074,19752,12059,10158,9917,12984,18886,3734,8806,11929,8004,1,4972,7786,16311,1.0,15:00,2015,2016
2015-16,201168,Tiago Splitter,Tiago,1610612737,ATL,Atlanta Hawks,21500672,2016-01-25T00:00:00,ATL @ DEN,W,20.0,2.0,0.0,0.0,6.0,15.0,9.0,9.0,20.0,0.0,0.0,3.0,1.0,13.8,1,1,1,1,15937,6026,10158,9917,5299,23079,19144,18829,11929,8004,1,17641,12373,16311,1.0,19:58,2015,2016
2015-16,203935,Marcus Smart,Marcus,1610612738,BOS,Boston Celtics,21500668,2016-01-25T00:00:00,BOS @ WAS,W,32.1,2.0,2.0,0.0,4.0,3.0,0.0,9.0,22.0,0.0,0.0,4.0,3.0,32.7,1,1,1,1,5771,6026,4731,9917,8599,5109,1,18829,10265,8004,1,22104,4736,4649,1.0,32:08,2015,2016
2015-16,203798,PJ Hairston,PJ,1610612766,CHA,Charlotte Hornets,21500674,2016-01-25T00:00:00,CHA @ SAC,W,32.8,0.0,0.0,0.0,2.0,4.0,1.0,6.0,42.0,0.0,0.0,3.0,3.0,13.4,1,1,1,1,5300,12059,10158,9917,12984,6141,3393,13388,670,8004,1,17641,4736,16614,1.0,32:45,2015,2016
2015-16,203914,Gary Harris,Gary,1610612743,DEN,Denver Nuggets,21500672,2016-01-25T00:00:00,DEN vs. ATL,L,31.2,4.0,0.0,6.0,6.0,15.0,9.0,8.0,38.0,1.0,0.0,0.0,0.0,28.5,1,13074,13074,13074,6588,2460,10158,740,5299,23079,19144,17194,1422,2692,1,1,18762,6613,1.0,31:10,2015,2016
2015-16,201166,Aaron Brooks,Aaron,1610612741,CHI,Chicago Bulls,21500669,2016-01-25T00:00:00,CHI vs. MIA,L,32.5,0.0,0.0,0.0,4.0,10.0,6.0,9.0,28.0,0.0,1.0,4.0,3.0,32.4,1,13074,13074,13074,5503,12059,10158,9917,8599,17370,13237,18829,5824,8004,17214,22104,4736,4768,1.0,32:30,2015,2016
2015-16,201196,Ramon Sessions,Ramon,1610612764,WAS,Washington Wizards,21500668,2016-01-25T00:00:00,WAS vs. BOS,L,23.2,0.0,0.0,2.0,4.0,16.0,6.0,9.0,24.0,0.0,0.0,1.0,5.0,16.9,1,13074,13074,13074,13173,12059,10158,4675,8599,23774,13237,18829,8723,8004,1,4972,1539,13911,1.0,23:14,2015,2016
2015-16,203115,Will Barton,Will,1610612743,DEN,Denver Nuggets,21500672,2016-01-25T00:00:00,DEN vs. ATL,L,34.5,5.0,2.0,6.0,10.0,12.0,7.0,9.0,40.0,0.0,1.0,1.0,4.0,39.6,1,13074,13074,13074,3975,1603,4731,740,1840,20178,15642,18829,983,8004,17214,4972,2748,2474,1.0,34:28,2015,2016
2015-16,201959,Taj Gibson,Taj,1610612741,CHI,Chicago Bulls,21500669,2016-01-25T00:00:00,CHI vs. MIA,L,29.9,0.0,0.0,0.0,4.0,9.0,6.0,7.0,22.0,0.0,0.0,3.0,2.0,13.4,1,13074,13074,13074,7597,12059,10158,9917,8599,15771,13237,15538,10265,8004,1,17641,7786,16614,1.0,29:57,2015,2016
2015-16,203471,Dennis Schröder,Dennis,1610612737,ATL,Atlanta Hawks,21500672,2016-01-25T00:00:00,ATL @ DEN,W,19.0,5.0,0.0,2.0,6.0,4.0,4.0,7.0,18.0,0.0,1.0,2.0,6.0,27.5,1,1,1,1,16671,1603,10158,4675,5299,6141,8458,15538,13577,8004,17214,11390,873,7137,1.0,19:02,2015,2016
2015-16,1626246,Boban Marjanović,Boban,1610612759,SAS,San Antonio Spurs,21500675,2016-01-25T00:00:00,SAS @ GSW,L,13.1,3.0,7.0,0.0,8.0,5.0,2.0,6.0,8.0,0.0,0.0,1.0,3.0,22.2,1,13074,13074,13074,20918,4307,292,9917,3109,8403,3734,13388,21543,8004,1,4972,4736,10263,1.0,13:06,2015,2016
2015-16,202702,Kenneth Faried,Kenneth,1610612743,DEN,Denver Nuggets,21500672,2016-01-25T00:00:00,DEN vs. ATL,L,16.6,0.0,2.0,0.0,2.0,13.0,4.0,6.0,20.0,1.0,1.0,3.0,1.0,13.5,1,13074,13074,13074,18576,12059,4731,9917,12984,21300,8458,13388,11929,2692,17214,17641,12373,16552,1.0,16:36,2015,2016
2015-16,201937,Ricky Rubio,Ricky,1610612750,MIN,Minnesota Timberwolves,21500667,2016-01-25T00:00:00,MIN @ CLE,L,31.1,2.0,0.0,2.0,2.0,16.0,16.0,6.0,32.0,0.0,0.0,2.0,0.0,32.4,1,13074,13074,13074,6616,6026,10158,4675,12984,23774,25155,13388,3535,8004,1,11390,18762,4768,1.0,31:08,2015,2016
2015-16,203932,Aaron Gordon,Aaron,1610612753,ORL,Orlando Magic,21500670,2016-01-25T00:00:00,ORL @ MEM,L,24.3,2.0,0.0,6.0,6.0,11.0,10.0,12.0,30.0,1.0,0.0,1.0,2.0,21.8,1,13074,13074,13074,12300,6026,10158,740,5299,18886,20509,22259,4541,2692,1,4972,7786,10526,1.0,24:18,2015,2016
2015-16,201160,Jason Smith,Jason,1610612753,ORL,Orlando Magic,21500670,2016-01-25T00:00:00,ORL @ MEM,L,13.4,0.0,0.0,0.0,2.0,4.0,6.0,4.0,20.0,1.0,0.0,4.0,0.0,17.1,1,13074,13074,13074,20738,12059,10158,9917,12984,6141,13237,8806,11929,2692,1,22104,18762,13791,1.0,13:25,2015,2016
2015-16,203109,Jae Crowder,Jae,1610612738,BOS,Boston Celtics,21500668,2016-01-25T00:00:00,BOS @ WAS,W,28.5,3.0,0.0,2.0,4.0,3.0,4.0,11.0,8.0,0.0,0.0,2.0,0.0,17.5,1,1,1,1,8866,4307,10158,4675,8599,5109,8458,21342,21543,8004,1,11390,18762,13528,1.0,28:27,2015,2016
2015-16,202695,Kawhi Leonard,Kawhi,1610612759,SAS,San Antonio Spurs,21500675,2016-01-25T00:00:00,SAS @ GSW,L,25.1,4.0,0.0,0.0,6.0,19.0,6.0,11.0,34.0,0.0,0.0,1.0,4.0,28.0,1,13074,13074,13074,11572,2460,10158,9917,5299,25074,13237,21342,2701,8004,1,4972,2748,6864,1.0,25:08,2015,2016
2015-16,202696,Nikola Vučević,Nikola,1610612753,ORL,Orlando Magic,21500670,2016-01-25T00:00:00,ORL @ MEM,L,39.3,0.0,2.0,2.0,12.0,19.0,13.0,16.0,50.0,2.0,0.0,3.0,2.0,38.3,1,13074,13074,13074,947,12059,4731,4675,988,25074,23668,24641,107,932,1,17641,7786,2826,1.0,39:19,2015,2016
2015-16,2216,Zach Randolph,Zach,1610612763,MEM,Memphis Grizzlies,21500670,2016-01-25T00:00:00,MEM vs. ORL,W,33.9,2.0,5.0,4.0,16.0,6.0,8.0,10.0,38.0,0.0,1.0,2.0,4.0,33.1,1,1,1,1,4469,6026,995,1913,275,10028,17345,20169,1422,8004,17214,11390,2748,4505,1.0,33:52,2015,2016
2015-16,2405,Amar'e Stoudemire,Amar'e,1610612748,MIA,Miami Heat,21500669,2016-01-25T00:00:00,MIA @ CHI,W,25.6,0.0,2.0,0.0,2.0,13.0,2.0,4.0,18.0,1.0,2.0,1.0,3.0,28.0,1,1,1,1,11208,12059,4731,9917,12984,21300,3734,8806,13577,2692,23588,4972,4736,6864,1.0,25:36,2015,2016
2015-16,202697,Iman Shumpert,Iman,1610612739,CLE,Cleveland Cavaliers,21500667,2016-01-25T00:00:00,CLE vs. MIN,W,22.8,3.0,0.0,0.0,2.0,15.0,0.0,13.0,16.0,1.0,0.0,3.0,1.0,17.6,1,1,1,1,13535,4307,10158,9917,12984,23079,1,23048,15259,2692,1,17641,12373,13443,1.0,22:47,2015,2016
2015-16,203482,Kelly Olynyk,Kelly,1610612738,BOS,Boston Celtics,21500668,2016-01-25T00:00:00,BOS @ WAS,W,22.1,4.0,3.0,4.0,2.0,3.0,0.0,2.0,16.0,0.0,0.0,2.0,4.0,21.8,1,1,1,1,14118,2460,3104,1913,12984,5109,1,4025,15259,8004,1,11390,2748,10526,1.0,22:04,2015,2016
2015-16,203901,Elfrid Payton,Elfrid,1610612753,ORL,Orlando Magic,21500670,2016-01-25T00:00:00,ORL @ MEM,L,38.6,2.0,0.0,2.0,12.0,19.0,11.0,16.0,48.0,1.0,1.0,5.0,3.0,21.9,1,13074,13074,13074,1238,6026,10158,4675,988,25074,21814,24641,192,2692,17214,24686,4736,10460,1.0,38:33,2015,2016
2015-16,201980,Danny Green,Danny,1610612759,SAS,San Antonio Spurs,21500675,2016-01-25T00:00:00,SAS @ GSW,L,22.4,0.0,0.0,0.0,0.0,13.0,6.0,10.0,26.0,0.0,1.0,2.0,2.0,17.3,1,13074,13074,13074,13871,12059,10158,9917,18861,21300,13237,20169,7214,8004,17214,11390,7786,13671,1.0,22:21,2015,2016
2015-16,203930,Sean Kilpatrick,Sean,1610612743,DEN,Denver Nuggets,21500672,2016-01-25T00:00:00,DEN vs. ATL,L,15.4,0.0,2.0,2.0,4.0,2.0,2.0,7.0,16.0,0.0,0.0,2.0,2.0,14.6,1,13074,13074,13074,19455,12059,4731,4675,8599,2619,3734,15538,15259,8004,1,11390,7786,15699,1.0,15:26,2015,2016
2015-16,201575,Brandon Rush,Brandon,1610612744,GSW,Golden State Warriors,21500675,2016-01-25T00:00:00,GSW vs. SAS,W,17.5,5.0,2.0,8.0,4.0,10.0,6.0,8.0,22.0,0.0,0.0,0.0,0.0,22.9,1,1,1,1,17934,1603,4731,280,8599,17370,13237,17194,10265,8004,1,1,18762,9811,1.0,17:27,2015,2016
2015-16,203926,Doug McDermott,Doug,1610612741,CHI,Chicago Bulls,21500669,2016-01-25T00:00:00,CHI vs. MIA,L,30.1,2.0,0.0,2.0,2.0,14.0,4.0,11.0,28.0,0.0,0.0,2.0,0.0,10.1,1,13074,13074,13074,7467,6026,10158,4675,12984,22292,8458,21342,5824,8004,1,11390,18762,19105,1.0,30:05,2015,2016
2015-16,201162,Jared Dudley,Jared,1610612764,WAS,Washington Wizards,21500668,2016-01-25T00:00:00,WAS vs. BOS,L,31.5,1.0,0.0,0.0,2.0,20.0,7.0,13.0,30.0,0.0,0.0,1.0,2.0,18.9,1,13074,13074,13074,6335,11535,10158,9917,12984,25338,15642,23048,4541,8004,1,4972,7786,12513,1.0,31:28,2015,2016
2015-16,202699,Tobias Harris,Tobias,1610612753,ORL,Orlando Magic,21500670,2016-01-25T00:00:00,ORL @ MEM,L,39.3,2.0,0.0,2.0,6.0,19.0,15.0,16.0,52.0,0.0,0.0,1.0,3.0,23.3,1,13074,13074,13074,949,6026,10158,4675,5299,25074,24781,24641,59,8004,1,4972,4736,9567,1.0,39:18,2015,2016
2015-16,1626169,Stanley Johnson,Stanley,1610612765,DET,Detroit Pistons,21500673,2016-01-25T00:00:00,DET @ UTA,W,22.9,0.0,0.0,0.0,0.0,3.0,6.0,6.0,16.0,0.0,0.0,4.0,2.0,14.4,1,1,1,1,13432,12059,10158,9917,18861,5109,13237,13388,15259,8004,1,22104,7786,15857,1.0,22:56,2015,2016
2015-16,202324,Derrick Favors,Derrick,1610612762,UTA,Utah Jazz,21500673,2016-01-25T00:00:00,UTA vs. DET,L,19.6,0.0,2.0,1.0,8.0,2.0,2.0,0.0,12.0,0.0,0.0,3.0,3.0,19.5,1,13074,13074,13074,16260,12059,4731,9347,3109,2619,3734,1,18637,8004,1,17641,4736,12096,1.0,19:34,2015,2016
2015-16,201956,Omri Casspi,Omri,1610612758,SAC,Sacramento Kings,21500674,2016-01-25T00:00:00,SAC vs. CHA,L,31.6,0.0,0.0,0.0,2.0,5.0,11.0,0.0,16.0,1.0,0.0,2.0,2.0,25.1,1,13074,13074,13074,6270,12059,10158,9917,12984,8403,21814,1,15259,2692,1,11390,7786,8429,1.0,31:33,2015,2016
2015-16,2547,Chris Bosh,Chris,1610612748,MIA,Miami Heat,21500669,2016-01-25T00:00:00,MIA @ CHI,W,35.9,2.0,0.0,2.0,6.0,8.0,8.0,4.0,30.0,0.0,0.0,3.0,3.0,33.9,1,1,1,1,2859,6026,10158,4675,5299,13914,17345,8806,4541,8004,1,17641,4736,4208,1.0,35:51,2015,2016
2015-16,201936,Tyreke Evans,Tyreke,1610612740,NOP,New Orleans Pelicans,21500671,2016-01-25T00:00:00,NOP vs. HOU,L,16.0,0.0,3.0,0.0,2.0,6.0,6.0,14.0,10.0,0.0,0.0,2.0,3.0,10.4,1,13074,13074,13074,19035,12059,3104,9917,12984,10028,13237,23710,20209,8004,1,11390,4736,18859,1.0,16:00,2015,2016
2015-16,101141,Ersan Ilyasova,Ersan,1610612765,DET,Detroit Pistons,21500673,2016-01-25T00:00:00,DET @ UTA,W,23.4,0.0,6.0,2.0,6.0,8.0,8.0,3.0,20.0,0.0,0.0,4.0,6.0,25.6,1,1,1,1,13018,12059,481,4675,5299,13914,17345,7328,11929,8004,1,22104,873,8157,1.0,23:26,2015,2016
2015-16,2738,Andre Iguodala,Andre,1610612744,GSW,Golden State Warriors,21500675,2016-01-25T00:00:00,GSW vs. SAS,W,23.1,3.0,0.0,3.0,4.0,8.0,1.0,4.0,18.0,0.0,0.0,0.0,3.0,19.5,1,1,1,1,13268,4307,10158,3302,8599,13914,3393,8806,13577,8004,1,1,4736,12096,1.0,23:07,2015,2016
2015-16,101112,Channing Frye,Channing,1610612753,ORL,Orlando Magic,21500670,2016-01-25T00:00:00,ORL @ MEM,L,12.5,0.0,3.0,0.0,4.0,4.0,4.0,4.0,18.0,1.0,0.0,2.0,3.0,10.4,1,13074,13074,13074,21283,12059,3104,9917,8599,6141,8458,8806,13577,2692,1,11390,4736,18859,1.0,12:29,2015,2016
2015-16,2736,Luol Deng,Luol,1610612748,MIA,Miami Heat,21500669,2016-01-25T00:00:00,MIA @ CHI,W,31.2,0.0,4.0,2.0,6.0,13.0,2.0,6.0,24.0,1.0,0.0,1.0,2.0,18.8,1,1,1,1,6536,12059,1596,4675,5299,21300,3734,13388,8723,2692,1,4972,7786,12588,1.0,31:13,2015,2016
2015-16,202340,Avery Bradley,Avery,1610612738,BOS,Boston Celtics,21500668,2016-01-25T00:00:00,BOS @ WAS,W,26.5,5.0,0.0,0.0,4.0,2.0,4.0,9.0,10.0,0.0,0.0,4.0,1.0,22.9,1,1,1,1,10474,1603,10158,9917,8599,2619,8458,18829,20209,8004,1,22104,12373,9811,1.0,26:28,2015,2016
2015-16,1626163,Frank Kaminsky,Frank,1610612766,CHA,Charlotte Hornets,21500674,2016-01-25T00:00:00,CHA @ SAC,W,29.2,0.0,2.0,0.0,2.0,2.0,0.0,10.0,30.0,0.0,2.0,1.0,3.0,23.1,1,1,1,1,8225,12059,4731,9917,12984,2619,1,20169,4541,8004,23588,4972,4736,9699,1.0,29:11,2015,2016
2015-16,2757,Beno Udrih,Beno,1610612748,MIA,Miami Heat,21500669,2016-01-25T00:00:00,MIA @ CHI,W,20.6,0.0,0.0,0.0,0.0,8.0,0.0,4.0,20.0,0.0,0.0,2.0,0.0,9.9,1,1,1,1,15386,12059,10158,9917,18861,13914,1,8806,11929,8004,1,11390,18762,19247,1.0,20:36,2015,2016
2015-16,101123,Gerald Green,Gerald,1610612748,MIA,Miami Heat,21500669,2016-01-25T00:00:00,MIA @ CHI,W,24.9,3.0,0.0,5.0,2.0,6.0,10.0,8.0,30.0,0.0,1.0,1.0,1.0,14.6,1,1,1,1,11722,4307,10158,1277,12984,10028,20509,17194,4541,8004,17214,4972,12373,15699,1.0,24:56,2015,2016
2015-16,203093,Terrence Jones,Terrence,1610612745,HOU,Houston Rockets,21500671,2016-01-25T00:00:00,HOU @ NOP,W,14.3,0.0,0.0,0.0,0.0,10.0,7.0,12.0,16.0,2.0,0.0,0.0,2.0,10.2,1,1,1,1,20220,12059,10158,9917,18861,17370,15642,22259,15259,932,1,1,7786,19003,1.0,14:18,2015,2016
2015-16,201574,Jason Thompson,Jason,1610612744,GSW,Golden State Warriors,21500675,2016-01-25T00:00:00,GSW vs. SAS,W,7.0,2.0,0.0,0.0,2.0,7.0,6.0,6.0,10.0,0.0,0.0,1.0,1.0,9.9,1,1,1,1,23569,6026,10158,9917,12984,12242,13237,13388,20209,8004,1,4972,12373,19247,1.0,6:59,2015,2016
2015-16,203481,Jeff Withey,Jeff,1610612762,UTA,Utah Jazz,21500673,2016-01-25T00:00:00,UTA vs. DET,L,9.7,0.0,0.0,0.0,2.0,0.0,1.0,0.0,4.0,2.0,0.0,1.0,0.0,10.4,1,13074,13074,13074,22563,12059,10158,9917,12984,1,3393,1,23698,932,1,4972,18762,18859,1.0,9:41,2015,2016
2015-16,202344,Trevor Booker,Trevor,1610612762,UTA,Utah Jazz,21500673,2016-01-25T00:00:00,UTA vs. DET,L,14.3,2.0,2.0,2.0,4.0,2.0,7.0,2.0,12.0,0.0,0.0,3.0,0.0,9.8,1,13074,13074,13074,20217,6026,4731,4675,8599,2619,15642,4025,18637,8004,1,17641,18762,19331,1.0,14:19,2015,2016
2015-16,203076,Anthony Davis,Anthony,1610612740,NOP,New Orleans Pelicans,21500671,2016-01-25T00:00:00,NOP vs. HOU,L,19.0,0.0,2.0,0.0,6.0,6.0,6.0,18.0,14.0,0.0,1.0,1.0,0.0,19.7,1,13074,13074,13074,16722,12059,4731,9917,5299,10028,13237,25228,17019,8004,17214,4972,18762,11962,1.0,18:58,2015,2016
2015-16,203521,Matthew Dellavedova,Matthew,1610612739,CLE,Cleveland Cavaliers,21500667,2016-01-25T00:00:00,CLE vs. MIN,W,25.1,3.0,0.0,0.0,4.0,6.0,4.0,6.0,16.0,0.0,0.0,2.0,1.0,34.3,1,1,1,1,11573,4307,10158,9917,8599,10028,8458,13388,15259,8004,1,11390,12373,4063,1.0,25:08,2015,2016
2015-16,201583,Ryan Anderson,Ryan,1610612740,NOP,New Orleans Pelicans,21500671,2016-01-25T00:00:00,NOP vs. HOU,L,37.2,0.0,6.0,0.0,4.0,9.0,10.0,13.0,32.0,1.0,2.0,0.0,5.0,34.8,1,13074,13074,13074,1933,12059,481,9917,8599,15771,20509,23048,3535,2692,23588,1,1539,3891,1.0,37:15,2015,2016
2015-16,203918,Rodney Hood,Rodney,1610612762,UTA,Utah Jazz,21500673,2016-01-25T00:00:00,UTA vs. DET,L,34.3,4.0,5.0,1.0,2.0,4.0,8.0,6.0,22.0,0.0,0.0,1.0,4.0,33.4,1,13074,13074,13074,4082,2460,995,9347,12984,6141,17345,13388,10265,8004,1,4972,2748,4384,1.0,34:19,2015,2016
2015-16,203894,Shabazz Napier,Shabazz,1610612753,ORL,Orlando Magic,21500670,2016-01-25T00:00:00,ORL @ MEM,L,14.5,0.0,0.0,0.0,0.0,4.0,8.0,4.0,22.0,0.0,0.0,0.0,0.0,9.9,1,13074,13074,13074,20133,12059,10158,9917,18861,6141,17345,8806,10265,8004,1,1,18762,19247,1.0,14:27,2015,2016
2015-16,1626161,Willie Cauley-Stein,Willie,1610612758,SAC,Sacramento Kings,21500674,2016-01-25T00:00:00,SAC vs. CHA,L,38.2,0.0,1.0,0.0,8.0,16.0,13.0,2.0,22.0,1.0,0.0,5.0,2.0,22.8,1,13074,13074,13074,1423,12059,9709,9917,3109,23774,23668,4025,10265,2692,1,24686,7786,9883,1.0,38:12,2015,2016
2015-16,201973,Jonas Jerebko,Jonas,1610612738,BOS,Boston Celtics,21500668,2016-01-25T00:00:00,BOS @ WAS,W,9.6,0.0,0.0,0.0,2.0,0.0,0.0,3.0,6.0,0.0,0.0,0.0,0.0,7.7,1,1,1,1,22584,12059,10158,9917,12984,1,1,7328,22724,8004,1,1,18762,20733,1.0,9:37,2015,2016
2015-16,2590,Mo Williams,Mo,1610612739,CLE,Cleveland Cavaliers,21500667,2016-01-25T00:00:00,CLE vs. MIN,W,5.4,0.0,0.0,0.0,0.0,4.0,0.0,2.0,2.0,0.0,0.0,1.0,0.0,3.0,1,1,1,1,24223,12059,10158,9917,18861,6141,1,4025,24614,8004,1,4972,18762,23648,1.0,5:22,2015,2016
2015-16,101161,Amir Johnson,Amir,1610612738,BOS,Boston Celtics,21500668,2016-01-25T00:00:00,BOS @ WAS,W,23.0,0.0,0.0,0.0,2.0,4.0,3.0,8.0,8.0,1.0,2.0,1.0,2.0,16.0,1,1,1,1,13399,12059,10158,9917,12984,6141,7138,17194,21543,2692,23588,4972,7786,14590,1.0,22:58,2015,2016
2015-16,2446,Rasual Butler,Rasual,1610612759,SAS,San Antonio Spurs,21500675,2016-01-25T00:00:00,SAS @ GSW,L,13.1,3.0,0.0,3.0,2.0,4.0,2.0,8.0,10.0,1.0,0.0,0.0,1.0,12.9,1,13074,13074,13074,20943,4307,10158,3302,12984,6141,3734,17194,20209,2692,1,1,12373,17049,1.0,13:04,2015,2016
2015-16,2561,David West,David,1610612759,SAS,San Antonio Spurs,21500675,2016-01-25T00:00:00,SAS @ GSW,L,19.0,4.0,0.0,0.0,6.0,20.0,9.0,4.0,24.0,0.0,0.0,2.0,0.0,18.5,1,13074,13074,13074,16667,2460,10158,9917,5299,25338,19144,8806,8723,8004,1,11390,18762,12794,1.0,19:03,2015,2016
2015-16,202708,Norris Cole,Norris,1610612740,NOP,New Orleans Pelicans,21500671,2016-01-25T00:00:00,NOP vs. HOU,L,34.5,3.0,2.0,0.0,2.0,11.0,10.0,18.0,22.0,0.0,0.0,2.0,2.0,17.8,1,13074,13074,13074,3944,4307,4731,9917,12984,18886,20509,25228,10265,8004,1,11390,7786,13309,1.0,34:30,2015,2016
2015-16,200797,Ryan Hollins,Ryan,1610612763,MEM,Memphis Grizzlies,21500670,2016-01-25T00:00:00,MEM vs. ORL,W,7.1,0.0,2.0,0.0,4.0,0.0,0.0,0.0,2.0,0.0,1.0,0.0,0.0,7.6,1,1,1,1,23536,12059,4731,9917,8599,1,1,1,24614,8004,17214,1,18762,20803,1.0,7:04,2015,2016
2015-16,204060,Joe Ingles,Joe,1610612762,UTA,Utah Jazz,21500673,2016-01-25T00:00:00,UTA vs. DET,L,27.5,0.0,0.0,0.0,2.0,4.0,3.0,2.0,18.0,0.0,0.0,4.0,0.0,21.3,1,13074,13074,13074,9600,12059,10158,9917,12984,6141,7138,4025,13577,8004,1,22104,18762,10880,1.0,27:31,2015,2016
2015-16,201568,Danilo Gallinari,Danilo,1610612743,DEN,Denver Nuggets,21500672,2016-01-25T00:00:00,DEN vs. ATL,L,32.1,4.0,0.0,2.0,6.0,20.0,9.0,8.0,40.0,0.0,1.0,0.0,6.0,18.6,1,13074,13074,13074,5842,2460,10158,4675,5299,25338,19144,17194,983,8004,17214,1,873,12715,1.0,32:03,2015,2016
2015-16,2403,Nene,ene,1610612764,WAS,Washington Wizards,21500668,2016-01-25T00:00:00,WAS vs. BOS,L,24.9,0.0,0.0,0.0,2.0,15.0,4.0,4.0,20.0,0.0,0.0,1.0,7.0,21.0,1,13074,13074,13074,11722,12059,10158,9917,12984,23079,8458,8806,11929,8004,1,4972,469,11077,1.0,24:56,2015,2016
2015-16,200757,Thabo Sefolosha,Thabo,1610612737,ATL,Atlanta Hawks,21500672,2016-01-25T00:00:00,ATL @ DEN,W,23.3,2.0,0.0,2.0,4.0,10.0,4.0,9.0,22.0,0.0,0.0,1.0,1.0,18.0,1,1,1,1,13104,6026,10158,4675,8599,17370,8458,18829,10265,8004,1,4972,12373,13164,1.0,23:20,2015,2016
2015-16,200746,LaMarcus Aldridge,LaMarcus,1610612759,SAS,San Antonio Spurs,21500675,2016-01-25T00:00:00,SAS @ GSW,L,25.4,3.0,0.0,0.0,2.0,22.0,6.0,13.0,30.0,2.0,0.0,1.0,2.0,13.1,1,13074,13074,13074,11372,4307,10158,9917,12984,25683,13237,23048,4541,932,1,4972,7786,16874,1.0,25:24,2015,2016
2015-16,2617,Udonis Haslem,Udonis,1610612748,MIA,Miami Heat,21500669,2016-01-25T00:00:00,MIA @ CHI,W,5.7,0.0,0.0,0.0,0.0,0.0,2.0,0.0,8.0,0.0,0.0,0.0,1.0,2.7,1,1,1,1,24118,12059,10158,9917,18861,1,3734,1,21543,8004,1,1,12373,23884,1.0,5:39,2015,2016
2015-16,203506,Victor Oladipo,Victor,1610612753,ORL,Orlando Magic,21500670,2016-01-25T00:00:00,ORL @ MEM,L,37.3,0.0,0.0,0.0,2.0,17.0,10.0,12.0,42.0,0.0,3.0,3.0,1.0,17.8,1,13074,13074,13074,1910,12059,10158,9917,12984,24337,20509,22259,670,8004,25441,17641,12373,13309,1.0,37:16,2015,2016
2015-16,203613,Jonathon Simmons,Jonathon,1610612759,SAS,San Antonio Spurs,21500675,2016-01-25T00:00:00,SAS @ GSW,L,25.2,2.0,0.0,0.0,6.0,18.0,7.0,8.0,22.0,0.0,0.0,4.0,3.0,13.1,1,13074,13074,13074,11526,6026,10158,9917,5299,24749,15642,17194,10265,8004,1,22104,4736,16874,1.0,25:12,2015,2016
2015-16,201967,Dante Cunningham,Dante,1610612740,NOP,New Orleans Pelicans,21500671,2016-01-25T00:00:00,NOP vs. HOU,L,22.6,0.0,0.0,2.0,4.0,3.0,3.0,7.0,16.0,2.0,0.0,2.0,0.0,16.6,1,13074,13074,13074,13702,12059,10158,4675,8599,5109,7138,15538,15259,932,1,11390,18762,14125,1.0,22:36,2015,2016
2015-16,201229,Anthony Tolliver,Anthony,1610612765,DET,Detroit Pistons,21500673,2016-01-25T00:00:00,DET @ UTA,W,24.6,0.0,0.0,0.0,0.0,2.0,5.0,5.0,22.0,0.0,1.0,1.0,0.0,18.2,1,1,1,1,12054,12059,10158,9917,18861,2619,11469,11593,10265,8004,17214,4972,18762,13004,1.0,24:34,2015,2016
2015-16,1626209,Mario Hezonja,Mario,1610612753,ORL,Orlando Magic,21500670,2016-01-25T00:00:00,ORL @ MEM,L,7.8,0.0,2.0,0.0,2.0,4.0,2.0,4.0,14.0,0.0,0.0,1.0,0.0,8.6,1,13074,13074,13074,23253,12059,4731,9917,12984,6141,3734,8806,17019,8004,1,4972,18762,20125,1.0,7:50,2015,2016
2015-16,203991,Clint Capela,Clint,1610612745,HOU,Houston Rockets,21500671,2016-01-25T00:00:00,HOU @ NOP,W,15.8,0.0,5.0,1.0,8.0,0.0,6.0,4.0,16.0,0.0,0.0,2.0,2.0,16.0,1,1,1,1,19214,12059,995,9347,3109,1,13237,8806,15259,8004,1,11390,7786,14590,1.0,15:46,2015,2016
2015-16,201988,Patty Mills,Patty,1610612759,SAS,San Antonio Spurs,21500675,2016-01-25T00:00:00,SAS @ GSW,L,16.4,0.0,0.0,0.0,0.0,9.0,7.0,5.0,16.0,0.0,0.0,2.0,0.0,3.0,1,13074,13074,13074,18749,12059,10158,9917,18861,15771,15642,11593,15259,8004,1,11390,18762,23648,1.0,16:23,2015,2016
2015-16,203503,Tony Snell,Tony,1610612741,CHI,Chicago Bulls,21500669,2016-01-25T00:00:00,CHI vs. MIA,L,28.3,0.0,0.0,0.0,0.0,2.0,4.0,2.0,26.0,0.0,0.0,3.0,1.0,12.8,1,13074,13074,13074,8994,12059,10158,9917,18861,2619,8458,4025,7214,8004,1,17641,12373,17129,1.0,28:19,2015,2016
2015-16,203096,Jared Sullinger,Jared,1610612738,BOS,Boston Celtics,21500668,2016-01-25T00:00:00,BOS @ WAS,W,15.9,2.0,0.0,0.0,0.0,2.0,4.0,7.0,2.0,0.0,1.0,3.0,1.0,16.7,1,1,1,1,19139,6026,10158,9917,18861,2619,8458,15538,24614,8004,17214,17641,12373,14064,1.0,15:52,2015,2016
2015-16,203492,Ray McCallum,Ray,1610612759,SAS,San Antonio Spurs,21500675,2016-01-25T00:00:00,SAS @ GSW,L,9.0,0.0,0.0,0.0,2.0,4.0,2.0,5.0,8.0,0.0,0.0,1.0,0.0,2.7,1,13074,13074,13074,22844,12059,10158,9917,12984,6141,3734,11593,21543,8004,1,4972,18762,23884,1.0,8:58,2015,2016
2015-16,2594,Kyle Korver,Kyle,1610612737,ATL,Atlanta Hawks,21500672,2016-01-25T00:00:00,ATL @ DEN,W,27.5,0.0,0.0,0.0,0.0,15.0,11.0,9.0,24.0,0.0,0.0,2.0,0.0,21.4,1,1,1,1,9616,12059,10158,9917,18861,23079,21814,18829,8723,8004,1,11390,18762,10807,1.0,27:29,2015,2016
2015-16,203498,Shabazz Muhammad,Shabazz,1610612750,MIN,Minnesota Timberwolves,21500667,2016-01-25T00:00:00,MIN @ CLE,L,26.7,2.0,4.0,2.0,4.0,5.0,8.0,4.0,22.0,0.0,1.0,1.0,1.0,21.1,1,13074,13074,13074,10261,6026,1596,4675,8599,8403,17345,8806,10265,8004,17214,4972,12373,11012,1.0,26:43,2015,2016
2015-16,2733,Shaun Livingston,Shaun,1610612744,GSW,Golden State Warriors,21500675,2016-01-25T00:00:00,GSW vs. SAS,W,17.5,2.0,0.0,2.0,8.0,8.0,1.0,3.0,18.0,0.0,0.0,1.0,1.0,21.4,1,1,1,1,17916,6026,10158,4675,3109,13914,3393,7328,13577,8004,1,4972,12373,10807,1.0,17:28,2015,2016
2015-16,203083,Andre Drummond,Andre,1610612765,DET,Detroit Pistons,21500673,2016-01-25T00:00:00,DET @ UTA,W,29.3,0.0,3.0,0.0,6.0,10.0,8.0,7.0,22.0,0.0,2.0,3.0,5.0,18.2,1,1,1,1,8099,12059,3104,9917,5299,17370,17345,15538,10265,8004,23588,17641,1539,13004,1.0,29:20,2015,2016
2015-16,201584,Courtney Lee,Courtney,1610612763,MEM,Memphis Grizzlies,21500670,2016-01-25T00:00:00,MEM vs. ORL,W,34.2,4.0,3.0,2.0,4.0,6.0,5.0,10.0,34.0,1.0,0.0,1.0,1.0,21.0,1,1,1,1,4147,2460,3104,4675,8599,10028,11469,20169,2701,2692,1,4972,12373,11077,1.0,34:14,2015,2016
2015-16,1938,Manu Ginobili,Manu,1610612759,SAS,San Antonio Spurs,21500675,2016-01-25T00:00:00,SAS @ GSW,L,18.8,0.0,0.0,4.0,2.0,10.0,5.0,7.0,18.0,1.0,0.0,1.0,6.0,21.3,1,13074,13074,13074,16840,12059,10158,1913,12984,17370,11469,15538,13577,2692,1,4972,873,10880,1.0,18:50,2015,2016
2015-16,202066,Garrett Temple,Garrett,1610612764,WAS,Washington Wizards,21500668,2016-01-25T00:00:00,WAS vs. BOS,L,23.4,0.0,0.0,2.0,0.0,10.0,4.0,4.0,14.0,0.0,1.0,2.0,1.0,8.3,1,13074,13074,13074,13065,12059,10158,4675,18861,17370,8458,8806,17019,8004,17214,11390,12373,20376,1.0,23:22,2015,2016
2015-16,204020,Tyler Johnson,Tyler,1610612748,MIA,Miami Heat,21500669,2016-01-25T00:00:00,MIA @ CHI,W,27.4,2.0,0.0,0.0,4.0,7.0,10.0,4.0,20.0,0.0,0.0,1.0,1.0,11.1,1,1,1,1,9695,6026,10158,9917,8599,12242,20509,8806,11929,8004,1,4972,12373,18370,1.0,27:24,2015,2016
2015-16,2225,Tony Parker,Tony,1610612759,SAS,San Antonio Spurs,21500675,2016-01-25T00:00:00,SAS @ GSW,L,18.5,0.0,3.0,0.0,0.0,19.0,4.0,6.0,26.0,0.0,1.0,4.0,1.0,10.7,1,13074,13074,13074,17124,12059,3104,9917,18861,25074,8458,13388,7214,8004,17214,22104,12373,18636,1.0,18:27,2015,2016
2015-16,1713,Vince Carter,Vince,1610612763,MEM,Memphis Grizzlies,21500670,2016-01-25T00:00:00,MEM vs. ORL,W,4.9,0.0,0.0,0.0,0.0,0.0,5.0,0.0,4.0,0.0,0.0,1.0,0.0,1.2,1,1,1,1,24394,12059,10158,9917,18861,1,11469,1,23698,8004,1,4972,18762,24661,1.0,4:55,2015,2016
2015-16,201589,Darrell Arthur,Darrell,1610612743,DEN,Denver Nuggets,21500672,2016-01-25T00:00:00,DEN vs. ATL,L,18.8,0.0,0.0,0.0,2.0,7.0,2.0,7.0,22.0,0.0,0.0,3.0,0.0,5.9,1,13074,13074,13074,16833,12059,10158,9917,12984,12242,3734,15538,10265,8004,1,17641,18762,21953,1.0,18:51,2015,2016
2015-16,2440,Matt Barnes,Matt,1610612763,MEM,Memphis Grizzlies,21500670,2016-01-25T00:00:00,MEM vs. ORL,W,18.2,0.0,0.0,0.0,2.0,5.0,11.0,2.0,16.0,0.0,0.0,2.0,0.0,11.0,1,1,1,1,17321,12059,10158,9917,12984,8403,21814,4025,15259,8004,1,11390,18762,18430,1.0,18:14,2015,2016
2015-16,1626162,Kelly Oubre Jr.,Kelly,1610612764,WAS,Washington Wizards,21500668,2016-01-25T00:00:00,WAS vs. BOS,L,8.4,0.0,0.0,2.0,4.0,4.0,3.0,4.0,6.0,0.0,0.0,0.0,0.0,5.4,1,13074,13074,13074,23052,12059,10158,4675,8599,6141,7138,8806,22724,8004,1,1,18762,22242,1.0,8:26,2015,2016
2015-16,203488,Mike Muscala,Mike,1610612737,ATL,Atlanta Hawks,21500672,2016-01-25T00:00:00,ATL @ DEN,W,3.5,0.0,0.0,0.0,0.0,0.0,2.0,2.0,8.0,0.0,0.0,1.0,0.0,1.2,1,1,1,1,24905,12059,10158,9917,18861,1,3734,4025,21543,8004,1,4972,18762,24661,1.0,3:32,2015,2016
2015-16,203084,Harrison Barnes,Harrison,1610612744,GSW,Golden State Warriors,21500675,2016-01-25T00:00:00,GSW vs. SAS,W,21.0,0.0,0.0,0.0,0.0,10.0,4.0,3.0,12.0,0.0,0.0,6.0,0.0,6.2,1,1,1,1,15054,12059,10158,9917,18861,17370,8458,7328,18637,8004,1,25827,18762,21696,1.0,21:00,2015,2016
2015-16,202714,Shelvin Mack,Shelvin,1610612737,ATL,Atlanta Hawks,21500672,2016-01-25T00:00:00,ATL @ DEN,W,3.5,0.0,0.0,0.0,0.0,0.0,2.0,2.0,8.0,0.0,0.0,0.0,0.0,1.5,1,1,1,1,24905,12059,10158,9917,18861,1,3734,4025,21543,8004,1,1,18762,24473,1.0,3:32,2015,2016
2015-16,201582,Alexis Ajinca,Alexis,1610612740,NOP,New Orleans Pelicans,21500671,2016-01-25T00:00:00,NOP vs. HOU,L,4.0,0.0,0.0,0.0,0.0,0.0,3.0,0.0,2.0,0.0,0.0,2.0,1.0,1.2,1,13074,13074,13074,24694,12059,10158,9917,18861,1,7138,1,24614,8004,1,11390,12373,24661,1.0,4:02,2015,2016
2015-16,203934,Lamar Patterson,Lamar,1610612737,ATL,Atlanta Hawks,21500672,2016-01-25T00:00:00,ATL @ DEN,W,3.5,0.0,0.0,0.0,0.0,0.0,2.0,2.0,8.0,0.0,0.0,0.0,1.0,2.0,1,1,1,1,24905,12059,10158,9917,18861,1,3734,4025,21543,8004,1,1,12373,24216,1.0,3:32,2015,2016
2015-16,201565,Derrick Rose,Derrick,1610612741,CHI,Chicago Bulls,21500669,2016-01-25T00:00:00,CHI vs. MIA,L,13.0,0.0,0.0,4.0,4.0,4.0,2.0,4.0,12.0,0.0,0.0,0.0,0.0,5.5,1,13074,13074,13074,20962,12059,10158,1913,8599,6141,3734,8806,18637,8004,1,1,18762,22196,1.0,13:01,2015,2016
2015-16,202341,James Anderson,James,1610612758,SAC,Sacramento Kings,21500674,2016-01-25T00:00:00,SAC vs. CHA,L,8.8,0.0,0.0,0.0,0.0,5.0,4.0,0.0,8.0,0.0,0.0,0.0,0.0,1.5,1,13074,13074,13074,22910,12059,10158,9917,18861,8403,8458,1,21543,8004,1,1,18762,24473,1.0,8:49,2015,2016
2015-16,201943,Brandon Jennings,Brandon,1610612765,DET,Detroit Pistons,21500673,2016-01-25T00:00:00,DET @ UTA,W,17.1,0.0,0.0,0.0,0.0,1.0,4.0,2.0,14.0,0.0,0.0,2.0,2.0,11.2,1,1,1,1,18210,12059,10158,9917,18861,2356,8458,4025,17019,8004,1,11390,7786,18267,1.0,17:05,2015,2016
2015-16,201147,Corey Brewer,Corey,1610612745,HOU,Houston Rockets,21500671,2016-01-25T00:00:00,HOU @ NOP,W,32.1,2.0,0.0,2.0,2.0,9.0,9.0,8.0,28.0,1.0,0.0,0.0,1.0,11.3,1,1,1,1,5811,6026,10158,4675,12984,15771,19144,17194,5824,2692,1,1,12373,18230,1.0,32:05,2015,2016
2015-16,202390,Gary Neal,Gary,1610612764,WAS,Washington Wizards,21500668,2016-01-25T00:00:00,WAS vs. BOS,L,11.8,0.0,0.0,0.0,0.0,9.0,2.0,9.0,16.0,0.0,0.0,4.0,0.0,11.4,1,13074,13074,13074,21697,12059,10158,9917,18861,15771,3734,18829,15259,8004,1,22104,18762,18134,1.0,11:46,2015,2016
2015-16,201971,DeJuan Blair,DeJuan,1610612764,WAS,Washington Wizards,21500668,2016-01-25T00:00:00,WAS vs. BOS,L,4.9,0.0,0.0,0.0,0.0,2.0,3.0,2.0,6.0,0.0,0.0,0.0,0.0,1.2,1,13074,13074,13074,24412,12059,10158,9917,18861,2619,7138,4025,22724,8004,1,1,18762,24661,1.0,4:51,2015,2016
2015-16,1626147,Justin Anderson,Justin,1610612742,DAL,Dallas Mavericks,21500665,2016-01-24T00:00:00,DAL @ HOU,L,3.2,0.0,0.0,0.0,0.0,0.0,0.0,0.0,2.0,0.0,0.0,0.0,0.0,1.2,1,13074,13074,13074,25054,12059,10158,9917,18861,1,1,1,24614,8004,1,1,18762,24661,1.0,3:11,2015,2016
2015-16,201627,Anthony Morrow,Anthony,1610612760,OKC,Oklahoma City Thunder,21500664,2016-01-24T00:00:00,OKC @ BKN,L,4.8,0.0,0.0,0.0,0.0,2.0,5.0,5.0,4.0,0.0,0.0,1.0,0.0,1.2,1,13074,13074,13074,24447,12059,10158,9917,18861,2619,11469,11593,23698,8004,1,4972,18762,24661,1.0,4:45,2015,2016
2015-16,2037,Jamal Crawford,Jamal,1610612746,LAC,LA Clippers,21500666,2016-01-24T00:00:00,LAC @ TOR,L,18.9,0.0,0.0,0.0,0.0,14.0,11.0,0.0,20.0,0.0,0.0,1.0,1.0,2.0,1,13074,13074,13074,16790,12059,10158,9917,18861,22292,21814,1,11929,8004,1,4972,12373,24216,1.0,18:53,2015,2016
2015-16,201601,Luc Mbah a Moute,Luc,1610612746,LAC,LA Clippers,21500666,2016-01-24T00:00:00,LAC @ TOR,L,29.4,3.0,0.0,2.0,2.0,9.0,11.0,0.0,22.0,1.0,1.0,3.0,3.0,13.2,1,13074,13074,13074,8037,4307,10158,4675,12984,15771,21814,1,10265,2692,17214,17641,4736,16768,1.0,29:26,2015,2016
2015-16,202362,Lance Stephenson,Lance,1610612746,LAC,LA Clippers,21500666,2016-01-24T00:00:00,LAC @ TOR,L,7.5,0.0,0.0,2.0,4.0,1.0,0.0,2.0,4.0,0.0,0.0,1.0,0.0,9.4,1,13074,13074,13074,23384,12059,10158,4675,8599,2356,1,4025,23698,8004,1,4972,18762,19568,1.0,7:31,2015,2016
2015-16,203138,Hollis Thompson,Hollis,1610612755,PHI,Philadelphia 76ers,21500656,2016-01-24T00:00:00,PHI vs. BOS,L,23.6,0.0,3.0,0.0,2.0,11.0,11.0,10.0,28.0,1.0,0.0,0.0,0.0,9.4,1,13074,13074,13074,12896,12059,3104,9917,12984,18886,21814,20169,5824,2692,1,1,18762,19568,1.0,23:36,2015,2016
2015-16,1626154,RJ Hunter,RJ,1610612738,BOS,Boston Celtics,21500656,2016-01-24T00:00:00,BOS @ PHI,W,2.0,0.0,0.0,0.0,0.0,0.0,0.0,0.0,2.0,0.0,0.0,0.0,0.0,0.0,1,1,1,1,25506,12059,10158,9917,18861,1,1,1,24614,8004,1,1,18762,25170,1.0,2:02,2015,2016
2015-16,1626153,Delon Wright,Delon,1610612761,TOR,Toronto Raptors,21500666,2016-01-24T00:00:00,TOR vs. LAC,W,3.9,0.0,0.0,1.0,0.0,0.0,0.0,0.0,4.0,0.0,0.0,1.0,2.0,-1.0,1,1,1,1,24747,12059,10158,9347,18861,1,1,1,23698,8004,1,4972,7786,25932,1.0,3:54,2015,2016
2015-16,203143,Pablo Prigioni,Pablo,1610612746,LAC,LA Clippers,21500666,2016-01-24T00:00:00,LAC @ TOR,L,8.3,0.0,0.0,0.0,0.0,12.0,8.0,0.0,8.0,0.0,0.0,1.0,0.0,4.5,1,13074,13074,13074,23082,12059,10158,9917,18861,20178,17345,1,21543,8004,1,4972,18762,22773,1.0,8:19,2015,2016
2015-16,203460,Andre Roberson,Andre,1610612760,OKC,Oklahoma City Thunder,21500664,2016-01-24T00:00:00,OKC @ BKN,L,15.4,0.0,0.0,0.0,0.0,6.0,14.0,2.0,26.0,0.0,0.0,0.0,0.0,0.5,1,13074,13074,13074,19455,12059,10158,9917,18861,10028,24300,4025,7214,8004,1,1,18762,25056,1.0,15:26,2015,2016
2015-16,2734,Devin Harris,Devin,1610612742,DAL,Dallas Mavericks,21500665,2016-01-24T00:00:00,DAL @ HOU,L,10.4,0.0,0.0,0.0,0.0,2.0,5.0,4.0,6.0,0.0,0.0,1.0,2.0,4.6,1,13074,13074,13074,22291,12059,10158,9917,18861,2619,11469,8806,22724,8004,1,4972,7786,22734,1.0,10:22,2015,2016
2015-16,201977,Marcus Thornton,Marcus,1610612745,HOU,Houston Rockets,21500665,2016-01-24T00:00:00,HOU vs. DAL,W,6.5,0.0,0.0,0.0,0.0,0.0,6.0,2.0,8.0,0.0,0.0,3.0,0.0,0.4,1,1,1,1,23739,12059,10158,9917,18861,1,13237,4025,21543,8004,1,17641,18762,25093,1.0,6:31,2015,2016
2015-16,203461,Anthony Bennett,Anthony,1610612761,TOR,Toronto Raptors,21500666,2016-01-24T00:00:00,TOR vs. LAC,W,2.9,0.0,0.0,0.0,0.0,0.0,0.0,0.0,2.0,0.0,0.0,0.0,0.0,0.0,1,1,1,1,25179,12059,10158,9917,18861,1,1,1,24614,8004,1,1,18762,25170,1.0,2:51,2015,2016
2015-16,1891,Jason Terry,Jason,1610612745,HOU,Houston Rockets,21500665,2016-01-24T00:00:00,HOU vs. DAL,W,20.3,0.0,0.0,5.0,0.0,0.0,8.0,0.0,8.0,0.0,0.0,0.0,0.0,9.5,1,1,1,1,15617,12059,10158,1277,18861,1,17345,1,21543,8004,1,1,18762,19519,1.0,20:20,2015,2016
2015-16,201949,James Johnson,James,1610612761,TOR,Toronto Raptors,21500666,2016-01-24T00:00:00,TOR vs. LAC,W,14.8,0.0,2.0,0.0,2.0,9.0,3.0,4.0,6.0,0.0,0.0,4.0,1.0,5.2,1,1,1,1,19902,12059,4731,9917,12984,15771,7138,8806,22724,8004,1,22104,12373,22370,1.0,14:47,2015,2016
2015-16,201965,Jeff Ayres,Jeff,1610612746,LAC,LA Clippers,21500666,2016-01-24T00:00:00,LAC @ TOR,L,5.0,0.0,0.0,0.0,0.0,1.0,0.0,2.0,0.0,0.0,0.0,0.0,1.0,4.7,1,13074,13074,13074,24378,12059,10158,9917,18861,2356,1,4025,25429,8004,1,1,12373,22672,1.0,4:58,2015,2016
2015-16,203939,Dwight Powell,Dwight,1610612742,DAL,Dallas Mavericks,21500665,2016-01-24T00:00:00,DAL @ HOU,L,13.8,0.0,0.0,2.0,4.0,2.0,4.0,7.0,14.0,0.0,1.0,0.0,2.0,8.7,1,13074,13074,13074,20528,12059,10158,4675,8599,2619,8458,15538,17019,8004,17214,1,7786,20045,1.0,13:48,2015,2016
2015-16,202332,Cole Aldrich,Cole,1610612746,LAC,LA Clippers,21500666,2016-01-24T00:00:00,LAC @ TOR,L,10.7,0.0,0.0,0.0,2.0,12.0,8.0,0.0,10.0,1.0,1.0,3.0,0.0,5.2,1,13074,13074,13074,22165,12059,10158,9917,12984,20178,17345,1,20209,2692,17214,17641,18762,22370,1.0,10:40,2015,2016
2015-16,203085,Austin Rivers,Austin,1610612746,LAC,LA Clippers,21500666,2016-01-24T00:00:00,LAC @ TOR,L,18.9,2.0,2.0,2.0,8.0,15.0,11.0,2.0,14.0,0.0,0.0,4.0,2.0,6.5,1,13074,13074,13074,16764,6026,4731,4675,3109,23079,21814,4025,17019,8004,1,22104,7786,21519,1.0,18:55,2015,2016
2015-16,203098,John Jenkins,John,1610612742,DAL,Dallas Mavericks,21500665,2016-01-24T00:00:00,DAL @ HOU,L,1.8,0.0,0.0,0.0,0.0,0.0,0.0,0.0,2.0,0.0,0.0,0.0,0.0,0.0,1,13074,13074,13074,25600,12059,10158,9917,18861,1,1,1,24614,8004,1,1,18762,25170,1.0,1:46,2015,2016
2015-16,101111,Charlie Villanueva,Charlie,1610612742,DAL,Dallas Mavericks,21500665,2016-01-24T00:00:00,DAL @ HOU,L,4.9,0.0,0.0,0.0,0.0,0.0,1.0,0.0,2.0,0.0,0.0,3.0,0.0,3.2,1,13074,13074,13074,24410,12059,10158,9917,18861,1,3393,1,24614,8004,1,17641,18762,23473,1.0,4:52,2015,2016
2015-16,203092,Tyler Zeller,Tyler,1610612738,BOS,Boston Celtics,21500656,2016-01-24T00:00:00,BOS @ PHI,W,7.1,0.0,4.0,0.0,6.0,4.0,4.0,4.0,10.0,0.0,0.0,0.0,1.0,8.8,1,1,1,1,23517,12059,1596,9917,5299,6141,8458,8806,20209,8004,1,1,12373,19994,1.0,7:07,2015,2016
2015-16,1626179,Terry Rozier,Terry,1610612738,BOS,Boston Celtics,21500656,2016-01-24T00:00:00,BOS @ PHI,W,5.8,0.0,0.0,0.0,0.0,4.0,2.0,4.0,8.0,0.0,0.0,0.0,1.0,3.2,1,1,1,1,24062,12059,10158,9917,18861,6141,3734,8806,21543,8004,1,1,12373,23473,1.0,5:47,2015,2016
2015-16,203917,Nik Stauskas,Nik,1610612755,PHI,Philadelphia 76ers,21500656,2016-01-24T00:00:00,PHI vs. BOS,L,15.1,2.0,0.0,2.0,2.0,4.0,4.0,8.0,14.0,0.0,0.0,0.0,0.0,3.7,1,13074,13074,13074,19716,6026,10158,4675,12984,6141,8458,17194,17019,8004,1,1,18762,23278,1.0,15:03,2015,2016
2015-16,203109,Jae Crowder,Jae,1610612738,BOS,Boston Celtics,21500656,2016-01-24T00:00:00,BOS @ PHI,W,32.4,9.0,9.0,3.0,6.0,8.0,5.0,3.0,26.0,0.0,0.0,1.0,3.0,29.9,1,1,1,1,5583,171,77,3302,5299,13914,11469,7328,7214,8004,1,4972,4736,5884,1.0,32:23,2015,2016
2015-16,201935,James Harden,James,1610612745,HOU,Houston Rockets,21500665,2016-01-24T00:00:00,HOU vs. DAL,W,35.7,7.0,4.0,4.0,4.0,6.0,8.0,7.0,20.0,2.0,1.0,1.0,4.0,60.0,1,1,1,1,3003,548,1596,1913,8599,10028,17345,15538,11929,932,17214,4972,2748,207,1.0,35:40,2015,2016
2015-16,203482,Kelly Olynyk,Kelly,1610612738,BOS,Boston Celtics,21500656,2016-01-24T00:00:00,BOS @ PHI,W,15.9,0.0,0.0,0.0,4.0,4.0,9.0,2.0,14.0,0.0,0.0,5.0,1.0,7.5,1,1,1,1,19102,12059,10158,9917,8599,6141,19144,4025,17019,8004,1,24686,12373,20874,1.0,15:55,2015,2016
2015-16,1626257,Salah Mejri,Salah,1610612742,DAL,Dallas Mavericks,21500665,2016-01-24T00:00:00,DAL @ HOU,L,29.3,0.0,2.0,0.0,8.0,14.0,7.0,12.0,26.0,3.0,1.0,5.0,4.0,29.2,1,13074,13074,13074,8122,12059,4731,9917,3109,22292,15642,22259,7214,347,17214,24686,2748,6243,1.0,29:18,2015,2016
2015-16,203935,Marcus Smart,Marcus,1610612738,BOS,Boston Celtics,21500656,2016-01-24T00:00:00,BOS @ PHI,W,28.5,2.0,5.0,0.0,6.0,10.0,16.0,5.0,30.0,1.0,0.0,3.0,3.0,36.6,1,1,1,1,8804,6026,995,9917,5299,17370,25155,11593,4541,2692,1,17641,4736,3288,1.0,28:31,2015,2016
2015-16,201142,Kevin Durant,Kevin,1610612760,OKC,Oklahoma City Thunder,21500664,2016-01-24T00:00:00,OKC @ BKN,L,41.0,3.0,6.0,9.0,14.0,17.0,25.0,7.0,52.0,1.0,1.0,3.0,7.0,58.5,1,13074,13074,13074,493,4307,481,184,542,24337,26050,15538,59,2692,17214,17641,469,255,1.0,40:58,2015,2016
2015-16,201566,Russell Westbrook,Russell,1610612760,OKC,Oklahoma City Thunder,21500664,2016-01-24T00:00:00,OKC @ BKN,L,39.7,0.0,0.0,6.0,20.0,15.0,20.0,7.0,48.0,0.0,3.0,1.0,5.0,50.7,1,13074,13074,13074,824,12059,10158,740,59,23079,25875,15538,192,8004,25441,4972,1539,677,1.0,39:41,2015,2016
2015-16,203499,Shane Larkin,Shane,1610612751,BKN,Brooklyn Nets,21500664,2016-01-24T00:00:00,BKN vs. OKC,W,20.9,2.0,0.0,2.0,6.0,8.0,8.0,5.0,20.0,2.0,1.0,0.0,1.0,36.6,1,1,1,1,15153,6026,10158,4675,5299,13914,17345,11593,11929,932,17214,1,12373,3288,1.0,20:54,2015,2016
2015-16,101109,Raymond Felton,Raymond,1610612742,DAL,Dallas Mavericks,21500665,2016-01-24T00:00:00,DAL @ HOU,L,34.3,0.0,0.0,2.0,6.0,9.0,11.0,15.0,30.0,0.0,1.0,1.0,2.0,29.6,1,13074,13074,13074,4122,12059,10158,4675,5299,15771,21814,24242,4541,8004,17214,4972,7786,6050,1.0,34:16,2015,2016
2015-16,202718,Chandler Parsons,Chandler,1610612742,DAL,Dallas Mavericks,21500665,2016-01-24T00:00:00,DAL @ HOU,L,35.6,2.0,8.0,5.0,8.0,14.0,11.0,17.0,36.0,1.0,0.0,2.0,5.0,47.7,1,13074,13074,13074,3031,6026,137,1277,3109,22292,21814,24967,1943,2692,1,11390,1539,989,1.0,35:38,2015,2016
2015-16,202711,Bojan Bogdanović,Bojan,1610612751,BKN,Brooklyn Nets,21500664,2016-01-24T00:00:00,BKN vs. OKC,W,28.8,5.0,3.0,2.0,4.0,10.0,12.0,13.0,34.0,0.0,1.0,1.0,0.0,24.1,1,1,1,1,8587,1603,3104,4675,8599,17370,22832,23048,2701,8004,17214,4972,18762,9068,1.0,28:45,2015,2016
2015-16,101108,Chris Paul,Chris,1610612746,LAC,LA Clippers,21500666,2016-01-24T00:00:00,LAC @ TOR,L,31.1,3.0,3.0,4.0,6.0,11.0,8.0,0.0,26.0,1.0,1.0,4.0,4.0,49.3,1,13074,13074,13074,6650,4307,3104,1913,5299,18886,17345,1,7214,2692,17214,22104,2748,827,1.0,31:05,2015,2016
2015-16,2772,Trevor Ariza,Trevor,1610612745,HOU,Houston Rockets,21500665,2016-01-24T00:00:00,HOU vs. DAL,W,39.3,4.0,3.0,6.0,8.0,6.0,10.0,7.0,26.0,0.0,0.0,2.0,3.0,44.6,1,1,1,1,949,2460,3104,740,3109,10028,20509,15538,7214,8004,1,11390,4736,1438,1.0,39:18,2015,2016
2015-16,203082,Terrence Ross,Terrence,1610612761,TOR,Toronto Raptors,21500666,2016-01-24T00:00:00,TOR vs. LAC,W,33.2,6.0,0.0,1.0,0.0,4.0,5.0,7.0,28.0,0.0,0.0,4.0,2.0,35.8,1,1,1,1,4959,878,10158,9347,18861,6141,11469,15538,5824,8004,1,22104,7786,3541,1.0,33:13,2015,2016
2015-16,201572,Brook Lopez,Brook,1610612751,BKN,Brooklyn Nets,21500664,2016-01-24T00:00:00,BKN vs. OKC,W,32.5,4.0,6.0,0.0,20.0,3.0,9.0,10.0,44.0,3.0,1.0,4.0,8.0,54.0,1,1,1,1,5538,2460,481,9917,59,5109,19144,20169,454,347,17214,22104,254,453,1.0,32:27,2015,2016
2015-16,2555,Nick Collison,Nick,1610612760,OKC,Oklahoma City Thunder,21500664,2016-01-24T00:00:00,OKC @ BKN,L,11.5,1.0,1.0,0.0,0.0,4.0,11.0,0.0,18.0,1.0,0.0,4.0,1.0,12.3,1,13074,13074,13074,21812,11535,9709,9917,18861,6141,21814,1,13577,2692,1,22104,12373,17524,1.0,11:31,2015,2016
2015-16,202388,Donald Sloan,Donald,1610612751,BKN,Brooklyn Nets,21500664,2016-01-24T00:00:00,BKN vs. OKC,W,27.5,0.0,4.0,3.0,0.0,3.0,9.0,14.0,40.0,0.0,1.0,2.0,5.0,26.2,1,1,1,1,9629,12059,1596,3302,18861,5109,19144,23710,983,8004,17214,11390,1539,7785,1.0,27:28,2015,2016
2015-16,203088,Kendall Marshall,Kendall,1610612755,PHI,Philadelphia 76ers,21500656,2016-01-24T00:00:00,PHI vs. BOS,L,7.7,0.0,0.0,0.0,2.0,0.0,4.0,3.0,6.0,0.0,0.0,1.0,0.0,15.2,1,13074,13074,13074,23303,12059,10158,9917,12984,1,8458,7328,22724,8004,1,4972,18762,15219,1.0,7:44,2015,2016
2015-16,202397,Ish Smith,Ish,1610612755,PHI,Philadelphia 76ers,21500656,2016-01-24T00:00:00,PHI vs. BOS,L,25.5,0.0,0.0,0.0,2.0,18.0,18.0,15.0,32.0,1.0,2.0,3.0,2.0,20.2,1,13074,13074,13074,11280,12059,10158,9917,12984,24749,25634,24242,3535,2692,23588,17641,7786,11610,1.0,25:31,2015,2016
2015-16,203079,Dion Waiters,Dion,1610612760,OKC,Oklahoma City Thunder,21500664,2016-01-24T00:00:00,OKC @ BKN,L,32.8,3.0,0.0,2.0,2.0,15.0,11.0,6.0,36.0,0.0,0.0,2.0,1.0,15.5,1,13074,13074,13074,5301,4307,10158,4675,12984,23079,21814,13388,1943,8004,1,11390,12373,15004,1.0,32:45,2015,2016
2015-16,202083,Wesley Matthews,Wesley,1610612742,DAL,Dallas Mavericks,21500665,2016-01-24T00:00:00,DAL @ HOU,L,33.7,0.0,0.0,0.0,2.0,14.0,11.0,12.0,34.0,0.0,0.0,3.0,1.0,19.7,1,13074,13074,13074,4629,12059,10158,9917,12984,22292,21814,22259,2701,8004,1,17641,12373,11962,1.0,33:39,2015,2016
2015-16,201586,Serge Ibaka,Serge,1610612760,OKC,Oklahoma City Thunder,21500664,2016-01-24T00:00:00,OKC @ BKN,L,31.2,0.0,6.0,0.0,8.0,14.0,17.0,3.0,40.0,1.0,0.0,1.0,1.0,26.3,1,13074,13074,13074,6527,12059,481,9917,3109,22292,25429,7328,983,2692,1,4972,12373,7733,1.0,31:14,2015,2016
2015-16,201599,DeAndre Jordan,DeAndre,1610612746,LAC,LA Clippers,21500666,2016-01-24T00:00:00,LAC @ TOR,L,32.4,4.0,3.0,0.0,12.0,11.0,11.0,0.0,28.0,0.0,0.0,3.0,7.0,30.6,1,13074,13074,13074,5600,2460,3104,9917,988,18886,21814,1,5824,8004,1,17641,469,5574,1.0,32:22,2015,2016
2015-16,204456,T.J. McConnell,T.J.,1610612755,PHI,Philadelphia 76ers,21500656,2016-01-24T00:00:00,PHI vs. BOS,L,16.4,0.0,0.0,0.0,4.0,7.0,6.0,9.0,16.0,0.0,0.0,0.0,0.0,20.0,1,13074,13074,13074,18720,12059,10158,9917,8599,12242,13237,18829,15259,8004,1,1,18762,11752,1.0,16:25,2015,2016
2015-16,202685,Jonas Valančiūnas,Jonas,1610612761,TOR,Toronto Raptors,21500666,2016-01-24T00:00:00,TOR vs. LAC,W,25.1,4.0,5.0,0.0,12.0,7.0,4.0,8.0,16.0,1.0,0.0,5.0,6.0,31.6,1,1,1,1,11631,2460,995,9917,988,12242,8458,17194,15259,2692,1,24686,873,5130,1.0,25:03,2015,2016
2015-16,202340,Avery Bradley,Avery,1610612738,BOS,Boston Celtics,21500656,2016-01-24T00:00:00,BOS @ PHI,W,29.6,2.0,0.0,9.0,4.0,2.0,19.0,4.0,24.0,0.0,2.0,2.0,1.0,27.4,1,1,1,1,7891,6026,10158,184,8599,2619,25786,8806,8723,8004,23588,11390,12373,7179,1.0,29:35,2015,2016
2015-16,202713,Kyle Singler,Kyle,1610612760,OKC,Oklahoma City Thunder,21500664,2016-01-24T00:00:00,OKC @ BKN,L,20.5,2.0,4.0,0.0,4.0,8.0,7.0,5.0,24.0,1.0,0.0,2.0,0.0,12.4,1,13074,13074,13074,15477,6026,1596,9917,8599,13914,15642,11593,8723,2692,1,11390,18762,17418,1.0,20:30,2015,2016
2015-16,202325,Wesley Johnson,Wesley,1610612746,LAC,LA Clippers,21500666,2016-01-24T00:00:00,LAC @ TOR,L,28.4,0.0,0.0,0.0,0.0,19.0,13.0,2.0,22.0,0.0,0.0,3.0,0.0,15.3,1,13074,13074,13074,8915,12059,10158,9917,18861,25074,23668,4025,10265,8004,1,17641,18762,15150,1.0,28:24,2015,2016
2015-16,203457,Nerlens Noel,Nerlens,1610612755,PHI,Philadelphia 76ers,21500656,2016-01-24T00:00:00,PHI vs. BOS,L,26.7,0.0,4.0,0.0,12.0,18.0,18.0,14.0,26.0,1.0,0.0,1.0,1.0,27.3,1,13074,13074,13074,10268,12059,1596,9917,988,24749,25634,23710,7214,2692,1,4972,12373,7236,1.0,26:43,2015,2016
2015-16,201152,Thaddeus Young,Thaddeus,1610612751,BKN,Brooklyn Nets,21500664,2016-01-24T00:00:00,BKN vs. OKC,W,39.0,4.0,6.0,0.0,12.0,6.0,15.0,17.0,50.0,1.0,1.0,0.0,0.0,40.3,1,1,1,1,1065,2460,481,9917,988,10028,24781,24967,107,2692,17214,1,18762,2302,1.0,39:01,2015,2016
2015-16,202738,Isaiah Thomas,Isaiah,1610612738,BOS,Boston Celtics,21500656,2016-01-24T00:00:00,BOS @ PHI,W,24.4,8.0,4.0,10.0,10.0,8.0,8.0,3.0,20.0,0.0,2.0,1.0,2.0,28.4,1,1,1,1,12177,308,1596,118,1840,13914,17345,7328,11929,8004,23588,4972,7786,6663,1.0,24:26,2015,2016
2015-16,202683,Enes Freedom,Enes,1610612760,OKC,Oklahoma City Thunder,21500664,2016-01-24T00:00:00,OKC @ BKN,L,30.5,0.0,0.0,0.0,8.0,13.0,10.0,10.0,30.0,0.0,3.0,4.0,1.0,16.8,1,13074,13074,13074,7141,12059,10158,9917,3109,21300,20509,20169,4541,8004,25441,22104,12373,13996,1.0,30:27,2015,2016
2015-16,200755,JJ Redick,JJ,1610612746,LAC,LA Clippers,21500666,2016-01-24T00:00:00,LAC @ TOR,L,28.3,1.0,0.0,1.0,0.0,9.0,8.0,0.0,24.0,0.0,0.0,2.0,6.0,22.4,1,13074,13074,13074,9017,11535,10158,9347,18861,15771,17345,1,8723,8004,1,11390,873,10131,1.0,28:17,2015,2016
2015-16,202335,Patrick Patterson,Patrick,1610612761,TOR,Toronto Raptors,21500666,2016-01-24T00:00:00,TOR vs. LAC,W,27.1,3.0,2.0,0.0,4.0,4.0,3.0,7.0,22.0,1.0,0.0,3.0,2.0,27.7,1,1,1,1,9954,4307,4731,9917,8599,6141,7138,15538,10265,2692,1,17641,7786,7008,1.0,27:04,2015,2016
2015-16,101161,Amir Johnson,Amir,1610612738,BOS,Boston Celtics,21500656,2016-01-24T00:00:00,BOS @ PHI,W,20.5,0.0,0.0,0.0,2.0,4.0,8.0,2.0,18.0,1.0,0.0,2.0,3.0,32.9,1,1,1,1,15494,12059,10158,9917,12984,6141,17345,4025,13577,2692,1,11390,4736,4566,1.0,20:29,2015,2016
2015-16,203991,Clint Capela,Clint,1610612745,HOU,Houston Rockets,21500665,2016-01-24T00:00:00,HOU vs. DAL,W,24.1,0.0,0.0,0.0,8.0,6.0,9.0,4.0,18.0,0.0,2.0,4.0,2.0,17.0,1,1,1,1,12453,12059,10158,9917,3109,10028,19144,8806,13577,8004,23588,22104,7786,13855,1.0,24:06,2015,2016
2015-16,201951,Ty Lawson,Ty,1610612745,HOU,Houston Rockets,21500665,2016-01-24T00:00:00,HOU vs. DAL,W,23.6,0.0,0.0,0.0,6.0,0.0,10.0,5.0,16.0,1.0,0.0,2.0,1.0,17.4,1,1,1,1,12935,12059,10158,9917,5299,1,20509,11593,15259,2692,1,11390,12373,13595,1.0,23:33,2015,2016
2015-16,200768,Kyle Lowry,Kyle,1610612761,TOR,Toronto Raptors,21500666,2016-01-24T00:00:00,TOR vs. LAC,W,36.3,2.0,5.0,0.0,4.0,11.0,6.0,9.0,26.0,0.0,1.0,3.0,5.0,31.8,1,1,1,1,2520,6026,995,9917,8599,18886,13237,18829,7214,8004,17214,17641,1539,5041,1.0,36:20,2015,2016
2015-16,1717,Dirk Nowitzki,Dirk,1610612742,DAL,Dallas Mavericks,21500665,2016-01-24T00:00:00,DAL @ HOU,L,27.4,2.0,3.0,0.0,4.0,9.0,8.0,9.0,26.0,0.0,1.0,1.0,3.0,21.6,1,13074,13074,13074,9728,6026,3104,9917,8599,15771,17345,18829,7214,8004,17214,4972,4736,10666,1.0,27:21,2015,2016
2015-16,201973,Jonas Jerebko,Jonas,1610612738,BOS,Boston Celtics,21500656,2016-01-24T00:00:00,BOS @ PHI,W,21.4,0.0,0.0,0.0,2.0,4.0,13.0,5.0,20.0,0.0,1.0,1.0,0.0,16.0,1,1,1,1,14657,12059,10158,9917,12984,6141,23668,11593,11929,8004,17214,4972,18762,14590,1.0,21:26,2015,2016
2015-16,203960,JaKarr Sampson,JaKarr,1610612755,PHI,Philadelphia 76ers,21500656,2016-01-24T00:00:00,PHI vs. BOS,L,8.9,0.0,0.0,0.0,2.0,8.0,5.0,7.0,10.0,0.0,0.0,1.0,0.0,2.2,1,13074,13074,13074,22868,12059,10158,9917,12984,13914,11469,15538,20209,8004,1,4972,18762,24138,1.0,8:56,2015,2016
2015-16,203924,Jerami Grant,Jerami,1610612755,PHI,Philadelphia 76ers,21500656,2016-01-24T00:00:00,PHI vs. BOS,L,20.8,4.0,3.0,3.0,4.0,10.0,8.0,12.0,26.0,0.0,0.0,3.0,6.0,16.6,1,13074,13074,13074,15204,2460,3104,3302,8599,17370,17345,22259,7214,8004,1,17641,873,14125,1.0,20:50,2015,2016
2015-16,203508,Sergey Karasev,Sergey,1610612751,BKN,Brooklyn Nets,21500664,2016-01-24T00:00:00,BKN vs. OKC,W,5.7,0.0,0.0,0.0,2.0,5.0,2.0,2.0,8.0,0.0,0.0,0.0,0.0,2.2,1,1,1,1,24102,12059,10158,9917,12984,8403,3734,4025,21543,8004,1,1,18762,24138,1.0,5:41,2015,2016
2015-16,200745,Andrea Bargnani,Andrea,1610612751,BKN,Brooklyn Nets,21500664,2016-01-24T00:00:00,BKN vs. OKC,W,8.0,2.0,0.0,2.0,0.0,5.0,2.0,2.0,8.0,0.0,0.0,2.0,0.0,2.0,1,1,1,1,23205,6026,10158,4675,18861,8403,3734,4025,21543,8004,1,11390,18762,24216,1.0,7:57,2015,2016
2015-16,200826,J.J. Barea,J.J.,1610612742,DAL,Dallas Mavericks,21500665,2016-01-24T00:00:00,DAL @ HOU,L,13.7,0.0,3.0,0.0,0.0,0.0,3.0,3.0,10.0,0.0,2.0,0.0,0.0,7.5,1,13074,13074,13074,20589,12059,3104,9917,18861,1,7138,7328,20209,8004,23588,1,18762,20874,1.0,13:42,2015,2016
2015-16,203912,C.J. Wilcox,C.J.,1610612746,LAC,LA Clippers,21500666,2016-01-24T00:00:00,LAC @ TOR,L,5.0,0.0,0.0,0.0,0.0,1.0,0.0,2.0,0.0,0.0,0.0,0.0,0.0,2.7,1,13074,13074,13074,24378,12059,10158,9917,18861,2356,1,4025,25429,8004,1,1,18762,23884,1.0,4:58,2015,2016
2015-16,203093,Terrence Jones,Terrence,1610612745,HOU,Houston Rockets,21500665,2016-01-24T00:00:00,HOU vs. DAL,W,10.1,0.0,1.0,0.0,0.0,0.0,5.0,2.0,12.0,0.0,0.0,2.0,1.0,2.5,1,1,1,1,22392,12059,9709,9917,18861,1,11469,4025,18637,8004,1,11390,12373,24003,1.0,10:06,2015,2016
2015-16,1626158,Richaun Holmes,Richaun,1610612755,PHI,Philadelphia 76ers,21500656,2016-01-24T00:00:00,PHI vs. BOS,L,15.9,0.0,2.0,0.0,4.0,7.0,6.0,9.0,16.0,1.0,0.0,2.0,1.0,21.4,1,13074,13074,13074,19139,12059,4731,9917,8599,12242,13237,18829,15259,2692,1,11390,12373,10807,1.0,15:52,2015,2016
2015-16,2449,Luis Scola,Luis,1610612761,TOR,Toronto Raptors,21500666,2016-01-24T00:00:00,TOR vs. LAC,W,18.1,0.0,0.0,0.0,0.0,9.0,5.0,4.0,10.0,1.0,0.0,2.0,0.0,12.5,1,1,1,1,17454,12059,10158,9917,18861,15771,11469,8806,20209,2692,1,11390,18762,17372,1.0,18:05,2015,2016
2015-16,2746,Josh Smith,Josh,1610612745,HOU,Houston Rockets,21500665,2016-01-24T00:00:00,HOU vs. DAL,W,23.2,3.0,4.0,0.0,6.0,0.0,10.0,5.0,18.0,2.0,1.0,3.0,3.0,33.6,1,1,1,1,13244,4307,1596,9917,5299,1,20509,11593,13577,932,17214,17641,4736,4305,1.0,23:09,2015,2016
2015-16,1626166,Cameron Payne,Cameron,1610612760,OKC,Oklahoma City Thunder,21500664,2016-01-24T00:00:00,OKC @ BKN,L,12.7,2.0,0.0,2.0,4.0,11.0,5.0,5.0,12.0,1.0,0.0,1.0,1.0,19.0,1,13074,13074,13074,21121,6026,10158,4675,8599,18886,11469,11593,18637,2692,1,4972,12373,12440,1.0,12:43,2015,2016
2015-16,202709,Cory Joseph,Cory,1610612761,TOR,Toronto Raptors,21500666,2016-01-24T00:00:00,TOR vs. LAC,W,22.7,2.0,0.0,0.0,6.0,4.0,2.0,4.0,14.0,0.0,1.0,1.0,1.0,22.9,1,1,1,1,13631,6026,10158,9917,5299,6141,3734,8806,17019,8004,17214,4972,12373,9811,1.0,22:40,2015,2016
2015-16,2207,Joe Johnson,Joe,1610612751,BKN,Brooklyn Nets,21500664,2016-01-24T00:00:00,BKN vs. OKC,W,35.3,2.0,0.0,0.0,8.0,6.0,13.0,15.0,48.0,0.0,0.0,4.0,3.0,26.0,1,1,1,1,3334,6026,10158,9917,3109,10028,23668,24242,192,8004,1,22104,4736,7910,1.0,35:16,2015,2016
2015-16,1626143,Jahlil Okafor,Jahlil,1610612755,PHI,Philadelphia 76ers,21500656,2016-01-24T00:00:00,PHI vs. BOS,L,29.5,2.0,4.0,2.0,8.0,15.0,20.0,13.0,28.0,2.0,0.0,3.0,0.0,23.7,1,13074,13074,13074,7941,6026,1596,4675,3109,23079,25875,23048,5824,932,1,17641,18762,9329,1.0,29:32,2015,2016
2015-16,203496,Robert Covington,Robert,1610612755,PHI,Philadelphia 76ers,21500656,2016-01-24T00:00:00,PHI vs. BOS,L,34.5,0.0,2.0,1.0,0.0,17.0,22.0,17.0,32.0,0.0,0.0,4.0,6.0,35.1,1,13074,13074,13074,3975,12059,4731,9347,18861,24337,25991,24967,3535,8004,1,22104,873,3777,1.0,34:28,2015,2016
2015-16,203096,Jared Sullinger,Jared,1610612738,BOS,Boston Celtics,21500656,2016-01-24T00:00:00,BOS @ PHI,W,26.1,0.0,2.0,0.0,4.0,2.0,5.0,3.0,20.0,0.0,1.0,1.0,1.0,34.7,1,1,1,1,10755,12059,4731,9917,8599,2619,11469,7328,11929,8004,17214,4972,12373,3935,1.0,26:06,2015,2016
2015-16,1718,Paul Pierce,Paul,1610612746,LAC,LA Clippers,21500666,2016-01-24T00:00:00,LAC @ TOR,L,16.2,0.0,0.0,0.0,0.0,5.0,6.0,0.0,12.0,0.0,0.0,3.0,2.0,14.5,1,13074,13074,13074,18882,12059,10158,9917,18861,8403,13237,1,18637,8004,1,17641,7786,15799,1.0,16:12,2015,2016
2015-16,202323,Evan Turner,Evan,1610612738,BOS,Boston Celtics,21500656,2016-01-24T00:00:00,BOS @ PHI,W,26.2,4.0,2.0,3.0,6.0,10.0,16.0,5.0,28.0,0.0,0.0,1.0,4.0,23.3,1,1,1,1,10673,2460,4731,3302,5299,17370,25155,11593,5824,8004,1,4972,2748,9567,1.0,26:13,2015,2016
2015-16,201942,DeMar DeRozan,DeMar,1610612761,TOR,Toronto Raptors,21500666,2016-01-24T00:00:00,TOR vs. LAC,W,33.1,3.0,0.0,0.0,2.0,11.0,8.0,9.0,24.0,0.0,1.0,2.0,5.0,26.0,1,1,1,1,5044,4307,10158,9917,12984,18886,17345,18829,8723,8004,17214,11390,1539,7910,1.0,33:06,2015,2016
2015-16,202687,Bismack Biyombo,Bismack,1610612761,TOR,Toronto Raptors,21500666,2016-01-24T00:00:00,TOR vs. LAC,W,23.0,4.0,5.0,0.0,8.0,6.0,4.0,3.0,18.0,0.0,0.0,1.0,4.0,18.8,1,1,1,1,13411,2460,995,9917,3109,10028,8458,7328,13577,8004,1,4972,2748,12588,1.0,22:57,2015,2016
2015-16,201976,Patrick Beverley,Patrick,1610612745,HOU,Houston Rockets,21500665,2016-01-24T00:00:00,HOU vs. DAL,W,30.6,0.0,2.0,0.0,4.0,6.0,6.0,7.0,18.0,1.0,0.0,1.0,3.0,25.8,1,1,1,1,7004,12059,4731,9917,8599,10028,13237,15538,13577,2692,1,4972,4736,8022,1.0,30:38,2015,2016
2015-16,201147,Corey Brewer,Corey,1610612745,HOU,Houston Rockets,21500665,2016-01-24T00:00:00,HOU vs. DAL,W,26.7,2.0,0.0,4.0,8.0,6.0,8.0,6.0,26.0,1.0,0.0,3.0,3.0,33.7,1,1,1,1,10321,6026,10158,1913,3109,10028,17345,13388,7214,2692,1,17641,4736,4280,1.0,26:39,2015,2016
2015-16,101114,Deron Williams,Deron,1610612742,DAL,Dallas Mavericks,21500665,2016-01-24T00:00:00,DAL @ HOU,L,32.1,2.0,0.0,0.0,2.0,16.0,9.0,16.0,32.0,0.0,1.0,4.0,2.0,9.7,1,13074,13074,13074,5785,6026,10158,9917,12984,23774,19144,24641,3535,8004,17214,22104,7786,19379,1.0,32:07,2015,2016
2015-16,203186,Willie Reed,Willie,1610612751,BKN,Brooklyn Nets,21500664,2016-01-24T00:00:00,BKN vs. OKC,W,15.2,0.0,2.0,1.0,4.0,8.0,8.0,9.0,16.0,1.0,0.0,2.0,1.0,14.2,1,1,1,1,19618,12059,4731,9347,8599,13914,17345,18829,15259,2692,1,11390,12373,16003,1.0,15:12,2015,2016
2015-16,203477,Isaiah Canaan,Isaiah,1610612755,PHI,Philadelphia 76ers,21500656,2016-01-24T00:00:00,PHI vs. BOS,L,15.3,4.0,3.0,0.0,2.0,10.0,8.0,8.0,16.0,0.0,0.0,2.0,1.0,10.1,1,13074,13074,13074,19532,2460,3104,9917,12984,17370,17345,17194,15259,8004,1,11390,12373,19105,1.0,15:20,2015,2016
2015-16,201961,Wayne Ellington,Wayne,1610612751,BKN,Brooklyn Nets,21500664,2016-01-24T00:00:00,BKN vs. OKC,W,27.3,2.0,4.0,0.0,2.0,1.0,7.0,8.0,32.0,0.0,0.0,2.0,1.0,25.2,1,1,1,1,9753,6026,1596,9917,12984,2356,15642,17194,3535,8004,1,11390,12373,8383,1.0,27:19,2015,2016
2015-16,203471,Dennis Schröder,Dennis,1610612737,ATL,Atlanta Hawks,21500660,2016-01-23T00:00:00,ATL @ PHX,L,23.9,4.0,0.0,4.0,2.0,9.0,8.0,2.0,18.0,1.0,1.0,2.0,3.0,33.7,1,13074,13074,13074,12621,2460,10158,1913,12984,15771,17345,4025,13577,2692,17214,11390,4736,4280,1.0,23:56,2015,2016
2015-16,203210,JaMychal Green,JaMychal,1610612763,MEM,Memphis Grizzlies,21500658,2016-01-23T00:00:00,MEM @ MIN,L,10.9,2.0,2.0,0.0,2.0,8.0,3.0,4.0,6.0,0.0,0.0,3.0,0.0,10.0,1,13074,13074,13074,22071,6026,4731,9917,12984,13914,7138,8806,22724,8004,1,17641,18762,19178,1.0,10:54,2015,2016
2015-16,201956,Omri Casspi,Omri,1610612758,SAC,Sacramento Kings,21500663,2016-01-23T00:00:00,SAC vs. IND,W,27.8,2.0,4.0,0.0,8.0,9.0,7.0,7.0,24.0,0.0,0.0,3.0,0.0,14.5,1,1,1,1,9420,6026,1596,9917,3109,15771,15642,15538,8723,8004,1,17641,18762,15799,1.0,27:45,2015,2016
2015-16,200797,Ryan Hollins,Ryan,1610612763,MEM,Memphis Grizzlies,21500658,2016-01-23T00:00:00,MEM @ MIN,L,19.7,0.0,0.0,0.0,4.0,8.0,7.0,7.0,18.0,0.0,1.0,3.0,2.0,9.9,1,13074,13074,13074,16122,12059,10158,9917,8599,13914,15642,15538,13577,8004,17214,17641,7786,19247,1.0,19:44,2015,2016
2015-16,203476,Gorgui Dieng,Gorgui,1610612750,MIN,Minnesota Timberwolves,21500658,2016-01-23T00:00:00,MIN vs. MEM,W,19.4,0.0,0.0,0.0,2.0,8.0,2.0,6.0,18.0,2.0,0.0,3.0,0.0,14.2,1,1,1,1,16418,12059,10158,9917,12984,13914,3734,13388,13577,932,1,17641,18762,16003,1.0,19:22,2015,2016
2015-16,1626273,Marcelo Huertas,Marcelo,1610612747,LAL,Los Angeles Lakers,21500662,2016-01-23T00:00:00,LAL @ POR,L,12.0,0.0,0.0,0.0,2.0,4.0,5.0,2.0,6.0,1.0,0.0,1.0,1.0,10.5,1,13074,13074,13074,21529,12059,10158,9917,12984,6141,11469,4025,22724,2692,1,4972,12373,18808,1.0,12:00,2015,2016
2015-16,204001,Kristaps Porziņģis,Kristaps,1610612752,NYK,New York Knicks,21500655,2016-01-23T00:00:00,NYK @ CHA,L,29.5,0.0,0.0,0.0,2.0,3.0,5.0,9.0,12.0,3.0,0.0,5.0,4.0,25.8,1,13074,13074,13074,7975,12059,10158,9917,12984,5109,11469,18829,18637,347,1,24686,2748,8022,1.0,29:30,2015,2016
2015-16,201567,Kevin Love,Kevin,1610612739,CLE,Cleveland Cavaliers,21500659,2016-01-23T00:00:00,CLE vs. CHI,L,33.1,2.0,2.0,2.0,8.0,5.0,11.0,2.0,22.0,0.0,0.0,3.0,3.0,25.0,1,13074,13074,13074,5079,6026,4731,4675,3109,8403,21814,4025,10265,8004,1,17641,4736,8485,1.0,33:03,2015,2016
2015-16,203914,Gary Harris,Gary,1610612743,DEN,Denver Nuggets,21500661,2016-01-23T00:00:00,DEN vs. DET,W,32.1,6.0,0.0,6.0,8.0,6.0,6.0,5.0,30.0,0.0,1.0,4.0,2.0,34.8,1,1,1,1,5824,878,10158,740,3109,10028,13237,11593,4541,8004,17214,22104,7786,3891,1.0,32:05,2015,2016
2015-16,203118,Mike Scott,Mike,1610612737,ATL,Atlanta Hawks,21500660,2016-01-23T00:00:00,ATL @ PHX,L,26.4,2.0,2.0,0.0,8.0,13.0,5.0,1.0,10.0,1.0,1.0,2.0,2.0,25.3,1,13074,13074,13074,10514,6026,4731,9917,3109,21300,11469,3646,20209,2692,17214,11390,7786,8340,1.0,26:26,2015,2016
2015-16,203903,Jordan Clarkson,Jordan,1610612747,LAL,Los Angeles Lakers,21500662,2016-01-23T00:00:00,LAL @ POR,L,24.8,3.0,2.0,0.0,2.0,21.0,7.0,3.0,28.0,0.0,0.0,4.0,3.0,14.7,1,13074,13074,13074,11811,4307,4731,9917,12984,25535,15642,7328,5824,8004,1,22104,4736,15631,1.0,24:49,2015,2016
2015-16,201943,Brandon Jennings,Brandon,1610612765,DET,Detroit Pistons,21500661,2016-01-23T00:00:00,DET @ DEN,L,18.4,0.0,3.0,0.0,2.0,7.0,4.0,2.0,10.0,0.0,0.0,0.0,1.0,25.0,1,13074,13074,13074,17147,12059,3104,9917,12984,12242,8458,4025,20209,8004,1,1,12373,8485,1.0,18:26,2015,2016
2015-16,2594,Kyle Korver,Kyle,1610612737,ATL,Atlanta Hawks,21500660,2016-01-23T00:00:00,ATL @ PHX,L,34.4,3.0,5.0,3.0,0.0,12.0,6.0,7.0,24.0,2.0,0.0,1.0,0.0,25.5,1,13074,13074,13074,4049,4307,995,3302,18861,20178,13237,15538,8723,932,1,4972,18762,8230,1.0,34:22,2015,2016
2015-16,201585,Kosta Koufos,Kosta,1610612758,SAC,Sacramento Kings,21500663,2016-01-23T00:00:00,SAC vs. IND,W,20.8,2.0,2.0,2.0,6.0,4.0,4.0,2.0,16.0,0.0,0.0,3.0,2.0,14.8,1,1,1,1,15216,6026,4731,4675,5299,6141,8458,4025,15259,8004,1,17641,7786,15561,1.0,20:49,2015,2016
2015-16,201941,Jordan Hill,Jordan,1610612754,IND,Indiana Pacers,21500663,2016-01-23T00:00:00,IND @ SAC,L,35.5,0.0,7.0,0.0,12.0,10.0,18.0,16.0,44.0,0.0,1.0,5.0,3.0,33.6,1,13074,13074,13074,3105,12059,292,9917,988,17370,25634,24641,454,8004,17214,24686,4736,4305,1.0,35:33,2015,2016
2015-16,203141,Mirza Teletovic,Mirza,1610612756,PHX,Phoenix Suns,21500660,2016-01-23T00:00:00,PHX vs. ATL,W,14.5,0.0,0.0,0.0,0.0,7.0,3.0,7.0,8.0,0.0,0.0,2.0,0.0,14.6,1,1,1,1,20090,12059,10158,9917,18861,12242,7138,15538,21543,8004,1,11390,18762,15699,1.0,14:31,2015,2016
2015-16,1626157,Karl-Anthony Towns,Karl-Anthony,1610612750,MIN,Minnesota Timberwolves,21500658,2016-01-23T00:00:00,MIN vs. MEM,W,31.1,2.0,4.0,2.0,8.0,9.0,10.0,4.0,20.0,1.0,0.0,3.0,2.0,33.3,1,1,1,1,6668,6026,1596,4675,3109,15771,20509,8806,11929,2692,1,17641,7786,4423,1.0,31:04,2015,2016
2015-16,203527,Ryan Kelly,Ryan,1610612747,LAL,Los Angeles Lakers,21500662,2016-01-23T00:00:00,LAL @ POR,L,23.6,2.0,0.0,2.0,2.0,4.0,11.0,2.0,18.0,0.0,0.0,4.0,2.0,10.1,1,13074,13074,13074,12920,6026,10158,4675,12984,6141,21814,4025,13577,8004,1,22104,7786,19105,1.0,23:34,2015,2016
2015-16,203944,Julius Randle,Julius,1610612747,LAL,Los Angeles Lakers,21500662,2016-01-23T00:00:00,LAL @ POR,L,24.4,0.0,2.0,0.0,6.0,23.0,10.0,3.0,22.0,1.0,0.0,3.0,3.0,23.8,1,13074,13074,13074,12177,12059,4731,9917,5299,25803,20509,7328,10265,2692,1,17641,4736,9261,1.0,24:26,2015,2016
2015-16,2440,Matt Barnes,Matt,1610612763,MEM,Memphis Grizzlies,21500658,2016-01-23T00:00:00,MEM @ MIN,L,36.8,2.0,3.0,2.0,4.0,12.0,8.0,15.0,36.0,0.0,0.0,3.0,1.0,25.1,1,13074,13074,13074,2238,6026,3104,4675,8599,20178,17345,24242,1943,8004,1,17641,12373,8429,1.0,36:47,2015,2016
2015-16,201584,Courtney Lee,Courtney,1610612763,MEM,Memphis Grizzlies,21500658,2016-01-23T00:00:00,MEM @ MIN,L,24.3,0.0,0.0,0.0,0.0,10.0,4.0,14.0,30.0,0.0,0.0,1.0,0.0,14.6,1,13074,13074,13074,12315,12059,10158,9917,18861,17370,8458,23710,4541,8004,1,4972,18762,15699,1.0,24:17,2015,2016
2015-16,203458,Alex Len,Alex,1610612756,PHX,Phoenix Suns,21500660,2016-01-23T00:00:00,PHX vs. ATL,W,35.3,2.0,0.0,0.0,8.0,19.0,12.0,15.0,20.0,0.0,0.0,3.0,2.0,34.9,1,1,1,1,3282,6026,10158,9917,3109,25074,22832,24242,11929,8004,1,17641,7786,3845,1.0,35:20,2015,2016
2015-16,201945,Gerald Henderson,Gerald,1610612757,POR,Portland Trail Blazers,21500662,2016-01-23T00:00:00,POR vs. LAL,W,22.8,0.0,4.0,0.0,2.0,9.0,4.0,0.0,14.0,0.0,1.0,0.0,3.0,19.0,1,1,1,1,13528,12059,1596,9917,12984,15771,8458,1,17019,8004,17214,1,4736,12440,1.0,22:48,2015,2016
2015-16,202337,Luke Babbitt,Luke,1610612740,NOP,New Orleans Pelicans,21500657,2016-01-23T00:00:00,NOP vs. MIL,W,7.9,0.0,0.0,0.0,0.0,0.0,4.0,2.0,14.0,0.0,0.0,0.0,0.0,1.2,1,1,1,1,23216,12059,10158,9917,18861,1,8458,4025,17019,8004,1,1,18762,24661,1.0,7:56,2015,2016
2015-16,203930,Sean Kilpatrick,Sean,1610612743,DEN,Denver Nuggets,21500661,2016-01-23T00:00:00,DEN vs. DET,W,10.1,0.0,0.0,0.0,0.0,5.0,4.0,2.0,8.0,0.0,0.0,1.0,0.0,6.0,1,1,1,1,22412,12059,10158,9917,18861,8403,8458,4025,21543,8004,1,4972,18762,21878,1.0,10:04,2015,2016
2015-16,200751,Randy Foye,Randy,1610612743,DEN,Denver Nuggets,21500661,2016-01-23T00:00:00,DEN vs. DET,W,13.5,0.0,0.0,0.0,2.0,5.0,4.0,6.0,12.0,0.0,0.0,1.0,0.0,10.9,1,1,1,1,20709,12059,10158,9917,12984,8403,8458,13388,18637,8004,1,4972,18762,18498,1.0,13:29,2015,2016
2015-16,202341,James Anderson,James,1610612758,SAC,Sacramento Kings,21500663,2016-01-23T00:00:00,SAC vs. IND,W,20.1,0.0,0.0,0.0,0.0,8.0,6.0,3.0,12.0,1.0,1.0,3.0,0.0,11.1,1,1,1,1,15851,12059,10158,9917,18861,13914,13237,7328,18637,2692,17214,17641,18762,18370,1.0,20:05,2015,2016
2015-16,203101,Miles Plumlee,Miles,1610612749,MIL,Milwaukee Bucks,21500657,2016-01-23T00:00:00,MIL @ NOP,L,2.8,0.0,0.0,0.0,0.0,0.0,0.0,0.0,0.0,0.0,0.0,0.0,0.0,1.2,1,13074,13074,13074,25211,12059,10158,9917,18861,1,1,1,25429,8004,1,1,18762,24661,1.0,2:46,2015,2016
2015-16,2590,Mo Williams,Mo,1610612739,CLE,Cleveland Cavaliers,21500659,2016-01-23T00:00:00,CLE vs. CHI,L,3.0,0.0,0.0,0.0,0.0,3.0,2.0,0.0,4.0,0.0,0.0,0.0,1.0,1.2,1,13074,13074,13074,25136,12059,10158,9917,18861,5109,3734,1,23698,8004,1,1,12373,24661,1.0,2:58,2015,2016
2015-16,202697,Iman Shumpert,Iman,1610612739,CLE,Cleveland Cavaliers,21500659,2016-01-23T00:00:00,CLE vs. CHI,L,22.4,0.0,0.0,0.0,2.0,3.0,11.0,0.0,14.0,0.0,0.0,2.0,1.0,6.1,1,13074,13074,13074,13807,12059,10158,9917,12984,5109,21814,1,17019,8004,1,11390,12373,21845,1.0,22:26,2015,2016
2015-16,200811,Lou Amundson,Lou,1610612752,NYK,New York Knicks,21500655,2016-01-23T00:00:00,NYK @ CHA,L,12.9,0.0,2.0,0.0,2.0,0.0,2.0,3.0,4.0,0.0,0.0,6.0,0.0,6.1,1,13074,13074,13074,21047,12059,4731,9917,12984,1,3734,7328,23698,8004,1,25827,18762,21845,1.0,12:52,2015,2016
2015-16,201158,Marco Belinelli,Marco,1610612758,SAC,Sacramento Kings,21500663,2016-01-23T00:00:00,SAC vs. IND,W,21.3,0.0,2.0,0.0,0.0,6.0,6.0,0.0,16.0,0.0,0.0,2.0,2.0,6.2,1,1,1,1,14801,12059,4731,9917,18861,10028,13237,1,15259,8004,1,11390,7786,21696,1.0,21:17,2015,2016
2015-16,1626202,Joe Young,Joe,1610612754,IND,Indiana Pacers,21500663,2016-01-23T00:00:00,IND @ SAC,L,18.6,0.0,0.0,0.0,0.0,2.0,8.0,5.0,18.0,0.0,1.0,2.0,2.0,11.2,1,13074,13074,13074,16983,12059,10158,9917,18861,2619,17345,11593,13577,8004,17214,11390,7786,18267,1.0,18:39,2015,2016
2015-16,202684,Tristan Thompson,Tristan,1610612739,CLE,Cleveland Cavaliers,21500659,2016-01-23T00:00:00,CLE vs. CHI,L,21.8,0.0,1.0,0.0,0.0,3.0,9.0,2.0,14.0,0.0,0.0,4.0,4.0,6.0,1,13074,13074,13074,14365,12059,9709,9917,18861,5109,19144,4025,17019,8004,1,22104,2748,21878,1.0,21:46,2015,2016
2015-16,204002,Edy Tavares,Edy,1610612737,ATL,Atlanta Hawks,21500660,2016-01-23T00:00:00,ATL @ PHX,L,4.5,0.0,0.0,0.0,0.0,5.0,3.0,0.0,2.0,0.0,0.0,1.0,0.0,1.5,1,13074,13074,13074,24530,12059,10158,9917,18861,8403,7138,1,24614,8004,1,4972,18762,24473,1.0,4:32,2015,2016
2015-16,203148,Brian Roberts,Brian,1610612766,CHA,Charlotte Hornets,21500655,2016-01-23T00:00:00,CHA vs. NYK,W,10.8,0.0,0.0,0.0,0.0,4.0,4.0,5.0,10.0,0.0,0.0,0.0,1.0,5.7,1,1,1,1,22106,12059,10158,9917,18861,6141,8458,11593,20209,8004,1,1,12373,22054,1.0,10:50,2015,2016
2015-16,2034,Mike Miller,Mike,1610612743,DEN,Denver Nuggets,21500661,2016-01-23T00:00:00,DEN vs. DET,W,10.2,0.0,0.0,0.0,0.0,5.0,3.0,4.0,12.0,0.0,0.0,0.0,0.0,1.5,1,1,1,1,22342,12059,10158,9917,18861,8403,7138,8806,18637,8004,1,1,18762,24473,1.0,10:13,2015,2016
2015-16,203115,Will Barton,Will,1610612743,DEN,Denver Nuggets,21500661,2016-01-23T00:00:00,DEN vs. DET,W,19.1,3.0,2.0,0.0,2.0,5.0,4.0,8.0,20.0,0.0,0.0,1.0,1.0,10.9,1,1,1,1,16599,4307,4731,9917,12984,8403,8458,17194,11929,8004,1,4972,12373,18498,1.0,19:07,2015,2016
2015-16,708,Kevin Garnett,Kevin,1610612750,MIN,Minnesota Timberwolves,21500658,2016-01-23T00:00:00,MIN vs. MEM,W,9.2,0.0,0.0,0.0,0.0,2.0,2.0,0.0,6.0,0.0,0.0,1.0,0.0,2.0,1,1,1,1,22767,12059,10158,9917,18861,2619,3734,1,22724,8004,1,4972,18762,24216,1.0,9:11,2015,2016
2015-16,203926,Doug McDermott,Doug,1610612741,CHI,Chicago Bulls,21500659,2016-01-23T00:00:00,CHI @ CLE,W,24.1,0.0,0.0,0.0,0.0,12.0,7.0,9.0,32.0,0.0,0.0,4.0,0.0,11.3,1,1,1,1,12491,12059,10158,9917,18861,20178,15642,18829,3535,8004,1,22104,18762,18230,1.0,24:04,2015,2016
2015-16,201603,Sonny Weems,Sonny,1610612756,PHX,Phoenix Suns,21500660,2016-01-23T00:00:00,PHX vs. ATL,W,6.8,0.0,0.0,0.0,0.0,6.0,2.0,2.0,8.0,0.0,0.0,2.0,0.0,1.5,1,1,1,1,23653,12059,10158,9917,18861,10028,3734,4025,21543,8004,1,11390,18762,24473,1.0,6:45,2015,2016
2015-16,202734,E'Twaun Moore,E'Twaun,1610612741,CHI,Chicago Bulls,21500659,2016-01-23T00:00:00,CHI @ CLE,W,3.6,0.0,0.0,0.0,0.0,0.0,0.0,0.0,0.0,0.0,0.0,0.0,1.0,1.2,1,1,1,1,24869,12059,10158,9917,18861,1,1,1,25429,8004,1,1,12373,24661,1.0,3:36,2015,2016
2015-16,201568,Danilo Gallinari,Danilo,1610612743,DEN,Denver Nuggets,21500661,2016-01-23T00:00:00,DEN vs. DET,W,38.2,8.0,0.0,2.0,8.0,6.0,7.0,7.0,34.0,0.0,1.0,0.0,11.0,45.2,1,1,1,1,1413,308,10158,4675,3109,10028,15642,15538,2701,8004,17214,1,44,1324,1.0,38:14,2015,2016
2015-16,2200,Pau Gasol,Pau,1610612741,CHI,Chicago Bulls,21500659,2016-01-23T00:00:00,CHI @ CLE,W,33.1,0.0,2.0,2.0,8.0,10.0,9.0,9.0,26.0,1.0,0.0,2.0,2.0,50.0,1,1,1,1,5079,12059,4731,4675,3109,17370,19144,18829,7214,2692,1,11390,7786,756,1.0,33:03,2015,2016
2015-16,201937,Ricky Rubio,Ricky,1610612750,MIN,Minnesota Timberwolves,21500658,2016-01-23T00:00:00,MIN vs. MEM,W,28.8,4.0,2.0,2.0,4.0,9.0,10.0,2.0,20.0,0.0,0.0,4.0,6.0,48.2,1,1,1,1,8521,2460,4731,4675,8599,15771,20509,4025,11929,8004,1,22104,873,941,1.0,28:49,2015,2016
2015-16,101150,Lou Williams,Lou,1610612747,LAL,Los Angeles Lakers,21500662,2016-01-23T00:00:00,LAL @ POR,L,29.2,3.0,5.0,0.0,2.0,23.0,14.0,3.0,24.0,1.0,0.0,2.0,4.0,24.7,1,13074,13074,13074,8254,4307,995,9917,12984,25803,24300,7328,8723,2692,1,11390,2748,8673,1.0,29:09,2015,2016
2015-16,202704,Reggie Jackson,Reggie,1610612765,DET,Detroit Pistons,21500661,2016-01-23T00:00:00,DET @ DEN,L,29.6,0.0,3.0,0.0,4.0,16.0,2.0,9.0,30.0,0.0,2.0,3.0,2.0,24.2,1,13074,13074,13074,7908,12059,3104,9917,8599,23774,3734,18829,4541,8004,23588,17641,7786,9009,1.0,29:34,2015,2016
2015-16,2199,Tyson Chandler,Tyson,1610612756,PHX,Phoenix Suns,21500660,2016-01-23T00:00:00,PHX vs. ATL,W,44.2,2.0,7.0,0.0,6.0,20.0,11.0,10.0,24.0,2.0,1.0,3.0,5.0,59.9,1,1,1,1,119,6026,292,9917,5299,25338,21814,20169,8723,932,17214,17641,1539,210,1.0,44:13,2015,2016
2015-16,202689,Kemba Walker,Kemba,1610612766,CHA,Charlotte Hornets,21500655,2016-01-23T00:00:00,CHA vs. NYK,W,42.1,5.0,0.0,3.0,2.0,9.0,7.0,7.0,24.0,1.0,4.0,0.0,7.0,43.7,1,1,1,1,299,1603,10158,3302,12984,15771,15642,15538,8723,2692,25926,1,469,1610,1.0,42:06,2015,2016
2015-16,203086,Meyers Leonard,Meyers,1610612757,POR,Portland Trail Blazers,21500662,2016-01-23T00:00:00,POR vs. LAL,W,21.1,2.0,2.0,2.0,2.0,9.0,7.0,0.0,12.0,0.0,0.0,1.0,0.0,11.5,1,1,1,1,14974,6026,4731,4675,12984,15771,15642,1,18637,8004,1,4972,18762,18079,1.0,21:06,2015,2016
2015-16,202331,Paul George,Paul,1610612754,IND,Indiana Pacers,21500663,2016-01-23T00:00:00,IND @ SAC,L,34.5,7.0,2.0,5.0,2.0,8.0,18.0,13.0,46.0,2.0,1.0,3.0,6.0,44.3,1,13074,13074,13074,3953,548,4731,1277,12984,13914,25634,23048,298,932,17214,17641,873,1499,1.0,34:30,2015,2016
2015-16,202326,DeMarcus Cousins,DeMarcus,1610612758,SAC,Sacramento Kings,21500663,2016-01-23T00:00:00,SAC vs. IND,W,39.1,2.0,2.0,7.0,28.0,19.0,9.0,8.0,24.0,0.0,4.0,4.0,15.0,64.6,1,1,1,1,1031,6026,4731,454,3,25074,19144,17194,8723,8004,25926,22104,6,94,1.0,39:07,2015,2016
2015-16,101145,Monta Ellis,Monta,1610612754,IND,Indiana Pacers,21500663,2016-01-23T00:00:00,IND @ SAC,L,35.0,2.0,0.0,0.0,0.0,8.0,16.0,13.0,48.0,0.0,0.0,2.0,2.0,29.9,1,13074,13074,13074,3569,6026,10158,9917,18861,13914,25155,23048,192,8004,1,11390,7786,5884,1.0,34:57,2015,2016
2015-16,202682,Derrick Williams,Derrick,1610612752,NYK,New York Knicks,21500655,2016-01-23T00:00:00,NYK @ CHA,L,34.2,5.0,1.0,6.0,8.0,7.0,4.0,14.0,16.0,0.0,2.0,2.0,8.0,43.8,1,13074,13074,13074,4150,1603,9709,740,3109,12242,8458,23710,15259,8004,23588,11390,254,1587,1.0,34:14,2015,2016
2015-16,203081,Damian Lillard,Damian,1610612757,POR,Portland Trail Blazers,21500662,2016-01-23T00:00:00,POR vs. LAL,W,29.5,9.0,3.0,0.0,8.0,6.0,9.0,0.0,22.0,0.0,0.0,0.0,4.0,44.7,1,1,1,1,7988,171,3104,9917,3109,10028,19144,1,10265,8004,1,1,2748,1419,1.0,29:29,2015,2016
2015-16,2747,JR Smith,JR,1610612739,CLE,Cleveland Cavaliers,21500659,2016-01-23T00:00:00,CLE vs. CHI,L,38.6,0.0,3.0,2.0,8.0,2.0,9.0,2.0,20.0,1.0,1.0,2.0,3.0,35.7,1,13074,13074,13074,1221,12059,3104,4675,3109,2619,19144,4025,11929,2692,17214,11390,4736,3578,1.0,38:36,2015,2016
2015-16,203076,Anthony Davis,Anthony,1610612740,NOP,New Orleans Pelicans,21500657,2016-01-23T00:00:00,NOP vs. MIL,W,36.2,0.0,2.0,0.0,12.0,8.0,4.0,8.0,38.0,4.0,0.0,1.0,7.0,51.9,1,1,1,1,2595,12059,4731,9917,988,13914,8458,17194,1422,132,1,4972,469,576,1.0,36:14,2015,2016
2015-16,1626167,Myles Turner,Myles,1610612754,IND,Indiana Pacers,21500663,2016-01-23T00:00:00,IND @ SAC,L,31.8,4.0,0.0,0.0,8.0,8.0,10.0,16.0,38.0,5.0,0.0,5.0,1.0,36.2,1,13074,13074,13074,6106,2460,10158,9917,3109,13914,20509,24641,1422,59,1,24686,12373,3407,1.0,31:45,2015,2016
2015-16,101181,Jose Calderon,Jose,1610612752,NYK,New York Knicks,21500655,2016-01-23T00:00:00,NYK @ CHA,L,33.7,0.0,0.0,0.0,2.0,10.0,5.0,14.0,18.0,0.0,0.0,2.0,0.0,24.3,1,13074,13074,13074,4629,12059,10158,9917,12984,17370,11469,23710,13577,8004,1,11390,18762,8939,1.0,33:39,2015,2016
2015-16,203484,Kentavious Caldwell-Pope,Kentavious,1610612765,DET,Detroit Pistons,21500661,2016-01-23T00:00:00,DET @ DEN,L,35.2,2.0,1.0,4.0,8.0,21.0,4.0,11.0,34.0,2.0,0.0,2.0,1.0,24.3,1,13074,13074,13074,3398,6026,9709,1913,3109,25535,8458,21342,2701,932,1,11390,12373,8939,1.0,35:11,2015,2016
2015-16,2544,LeBron James,LeBron,1610612739,CLE,Cleveland Cavaliers,21500659,2016-01-23T00:00:00,CLE vs. CHI,L,39.7,9.0,6.0,7.0,22.0,2.0,6.0,2.0,24.0,1.0,1.0,3.0,5.0,63.1,1,13074,13074,13074,807,171,481,454,25,2619,13237,4025,8723,2692,17214,17641,1539,119,1.0,39:44,2015,2016
2015-16,201596,Mario Chalmers,Mario,1610612763,MEM,Memphis Grizzlies,21500658,2016-01-23T00:00:00,MEM @ MIN,L,26.8,4.0,0.0,2.0,8.0,10.0,9.0,15.0,26.0,1.0,1.0,5.0,5.0,37.1,1,13074,13074,13074,10155,2460,10158,4675,3109,17370,19144,24242,7214,2692,17214,24686,1539,3151,1.0,26:50,2015,2016
2015-16,200765,Rajon Rondo,Rajon,1610612758,SAC,Sacramento Kings,21500663,2016-01-23T00:00:00,SAC vs. IND,W,33.6,4.0,6.0,2.0,4.0,15.0,5.0,10.0,18.0,1.0,1.0,2.0,5.0,46.0,1,1,1,1,4668,2460,481,4675,8599,23079,11469,20169,13577,2692,17214,11390,1539,1198,1.0,33:36,2015,2016
2015-16,203382,Aron Baynes,Aron,1610612765,DET,Detroit Pistons,21500661,2016-01-23T00:00:00,DET @ DEN,L,29.6,0.0,1.0,2.0,10.0,17.0,4.0,5.0,24.0,2.0,0.0,2.0,5.0,29.0,1,13074,13074,13074,7908,12059,9709,4675,1840,24337,8458,11593,8723,932,1,11390,1539,6346,1.0,29:34,2015,2016
2015-16,201565,Derrick Rose,Derrick,1610612741,CHI,Chicago Bulls,21500659,2016-01-23T00:00:00,CHI @ CLE,W,35.3,2.0,0.0,0.0,4.0,9.0,11.0,13.0,42.0,1.0,3.0,1.0,2.0,24.8,1,1,1,1,3334,6026,10158,9917,8599,15771,21814,23048,670,2692,25441,4972,7786,8614,1.0,35:16,2015,2016
2015-16,203468,CJ McCollum,CJ,1610612757,POR,Portland Trail Blazers,21500662,2016-01-23T00:00:00,POR vs. LAL,W,33.4,2.0,3.0,0.0,8.0,12.0,10.0,0.0,20.0,0.0,3.0,3.0,1.0,37.1,1,1,1,1,4798,6026,3104,9917,3109,20178,20509,1,11929,8004,25441,17641,12373,3151,1.0,33:25,2015,2016
2015-16,101139,CJ Miles,CJ,1610612754,IND,Indiana Pacers,21500663,2016-01-23T00:00:00,IND @ SAC,L,13.5,0.0,0.0,0.0,0.0,2.0,4.0,5.0,12.0,0.0,0.0,0.0,1.0,6.9,1,13074,13074,13074,20704,12059,10158,9917,18861,2619,8458,11593,18637,8004,1,1,12373,21262,1.0,13:30,2015,2016
2015-16,2419,Tayshaun Prince,Tayshaun,1610612750,MIN,Minnesota Timberwolves,21500658,2016-01-23T00:00:00,MIN vs. MEM,W,16.0,0.0,2.0,0.0,4.0,4.0,4.0,2.0,12.0,0.0,0.0,0.0,0.0,8.7,1,1,1,1,19006,12059,4731,9917,8599,6141,8458,4025,18637,8004,1,1,18762,20045,1.0,16:02,2015,2016
2015-16,203501,Tim Hardaway Jr.,Tim,1610612737,ATL,Atlanta Hawks,21500660,2016-01-23T00:00:00,ATL @ PHX,L,12.2,0.0,0.0,0.0,0.0,6.0,3.0,2.0,8.0,0.0,0.0,1.0,0.0,0.5,1,13074,13074,13074,21436,12059,10158,9917,18861,10028,7138,4025,21543,8004,1,4972,18762,25056,1.0,12:11,2015,2016
2015-16,1626173,Rashad Vaughn,Rashad,1610612749,MIL,Milwaukee Bucks,21500657,2016-01-23T00:00:00,MIL @ NOP,L,20.7,0.0,0.0,0.0,0.0,14.0,2.0,8.0,18.0,0.0,0.0,1.0,0.0,5.1,1,13074,13074,13074,15296,12059,10158,9917,18861,22292,3734,17194,13577,8004,1,4972,18762,22478,1.0,20:44,2015,2016
2015-16,1626192,Pat Connaughton,Pat,1610612757,POR,Portland Trail Blazers,21500662,2016-01-23T00:00:00,POR vs. LAL,W,3.7,0.0,0.0,0.0,0.0,2.0,0.0,2.0,4.0,0.0,0.0,1.0,0.0,3.5,1,1,1,1,24831,12059,10158,9917,18861,2619,1,4025,23698,8004,1,4972,18762,23351,1.0,3:43,2015,2016
2015-16,203898,Tyler Ennis,Tyler,1610612749,MIL,Milwaukee Bucks,21500657,2016-01-23T00:00:00,MIL @ NOP,L,2.8,0.0,0.0,0.0,2.0,0.0,0.0,0.0,0.0,0.0,0.0,0.0,0.0,3.5,1,13074,13074,13074,25211,12059,10158,9917,12984,1,1,1,25429,8004,1,1,18762,23351,1.0,2:46,2015,2016
2015-16,1626199,Darrun Hilliard,Darrun,1610612765,DET,Detroit Pistons,21500661,2016-01-23T00:00:00,DET @ DEN,L,6.9,0.0,0.0,0.0,0.0,2.0,0.0,0.0,4.0,0.0,0.0,0.0,0.0,5.2,1,13074,13074,13074,23609,12059,10158,9917,18861,2619,1,1,23698,8004,1,1,18762,22370,1.0,6:52,2015,2016
2015-16,203530,Joffrey Lauvergne,Joffrey,1610612743,DEN,Denver Nuggets,21500661,2016-01-23T00:00:00,DEN vs. DET,W,16.2,2.0,2.0,0.0,4.0,5.0,4.0,9.0,14.0,0.0,0.0,2.0,1.0,9.3,1,1,1,1,18913,6026,4731,9917,8599,8403,8458,18829,17019,8004,1,11390,12373,19656,1.0,16:10,2015,2016
2015-16,203584,Troy Daniels,Troy,1610612766,CHA,Charlotte Hornets,21500655,2016-01-23T00:00:00,CHA vs. NYK,W,9.1,0.0,0.0,0.0,0.0,0.0,0.0,3.0,6.0,0.0,0.0,4.0,0.0,5.0,1,1,1,1,22787,12059,10158,9917,18861,1,1,7328,22724,8004,1,22104,18762,22500,1.0,9:08,2015,2016
2015-16,1626148,Anthony Brown,Anthony,1610612747,LAL,Los Angeles Lakers,21500662,2016-01-23T00:00:00,LAL @ POR,L,23.5,5.0,2.0,0.0,2.0,6.0,16.0,2.0,18.0,0.0,0.0,2.0,1.0,9.2,1,13074,13074,13074,13005,1603,4731,9917,12984,10028,25155,4025,13577,8004,1,11390,12373,19680,1.0,23:27,2015,2016
2015-16,203090,Maurice Harkless,Maurice,1610612757,POR,Portland Trail Blazers,21500662,2016-01-23T00:00:00,POR vs. LAL,W,1.9,0.0,0.0,0.0,0.0,2.0,0.0,2.0,2.0,0.0,0.0,0.0,0.0,0.2,1,1,1,1,25544,12059,10158,9917,18861,2619,1,4025,24614,8004,1,1,18762,25103,1.0,1:56,2015,2016
2015-16,201946,Tyler Hansbrough,Tyler,1610612766,CHA,Charlotte Hornets,21500655,2016-01-23T00:00:00,CHA vs. NYK,W,13.5,0.0,0.0,0.0,0.0,2.0,2.0,5.0,10.0,0.0,0.0,2.0,1.0,4.9,1,1,1,1,20687,12059,10158,9917,18861,2619,3734,11593,20209,8004,1,11390,12373,22621,1.0,13:32,2015,2016
2015-16,977,Kobe Bryant,Kobe,1610612747,LAL,Los Angeles Lakers,21500662,2016-01-23T00:00:00,LAL @ POR,L,24.6,0.0,0.0,0.0,0.0,21.0,5.0,3.0,22.0,0.0,0.0,1.0,0.0,8.9,1,13074,13074,13074,12068,12059,10158,9917,18861,25535,11469,7328,10265,8004,1,4972,18762,19914,1.0,24:33,2015,2016
2015-16,201166,Aaron Brooks,Aaron,1610612741,CHI,Chicago Bulls,21500659,2016-01-23T00:00:00,CHI @ CLE,W,12.7,0.0,0.0,0.0,0.0,7.0,3.0,2.0,8.0,0.0,0.0,1.0,1.0,6.8,1,1,1,1,21112,12059,10158,9917,18861,12242,7138,4025,21543,8004,1,4972,12373,21328,1.0,12:44,2015,2016
2015-16,201582,Alexis Ajinca,Alexis,1610612740,NOP,New Orleans Pelicans,21500657,2016-01-23T00:00:00,NOP vs. MIL,W,6.6,0.0,0.0,0.0,2.0,0.0,2.0,0.0,12.0,0.0,0.0,2.0,1.0,9.1,1,1,1,1,23703,12059,10158,9917,12984,1,3734,1,18637,8004,1,11390,12373,19789,1.0,6:38,2015,2016
2015-16,201168,Tiago Splitter,Tiago,1610612737,ATL,Atlanta Hawks,21500660,2016-01-23T00:00:00,ATL @ PHX,L,17.2,2.0,0.0,0.0,2.0,6.0,1.0,6.0,10.0,0.0,0.0,2.0,1.0,9.1,1,13074,13074,13074,18107,6026,10158,9917,12984,10028,3393,13388,20209,8004,1,11390,12373,19789,1.0,17:14,2015,2016
2015-16,203135,Robert Sacre,Robert,1610612747,LAL,Los Angeles Lakers,21500662,2016-01-23T00:00:00,LAL @ POR,L,3.7,0.0,0.0,0.0,0.0,0.0,1.0,0.0,0.0,0.0,0.0,0.0,0.0,3.2,1,13074,13074,13074,24831,12059,10158,9917,18861,1,3393,1,25429,8004,1,1,18762,23473,1.0,3:43,2015,2016
2015-16,203089,John Henson,John,1610612749,MIL,Milwaukee Bucks,21500657,2016-01-23T00:00:00,MIL @ NOP,L,14.8,2.0,0.0,0.0,4.0,9.0,0.0,6.0,18.0,0.0,1.0,2.0,0.0,6.9,1,13074,13074,13074,19900,6026,10158,9917,8599,15771,1,13388,13577,8004,17214,11390,18762,21262,1.0,14:48,2015,2016
2015-16,201593,Nikola Pekovic,Nikola,1610612750,MIN,Minnesota Timberwolves,21500658,2016-01-23T00:00:00,MIN vs. MEM,W,13.5,2.0,0.0,0.0,2.0,6.0,7.0,4.0,12.0,0.0,1.0,1.0,1.0,6.5,1,1,1,1,20709,6026,10158,9917,12984,10028,15642,8806,18637,8004,17214,4972,12373,21519,1.0,13:29,2015,2016
2015-16,201573,Jerryd Bayless,Jerryd,1610612749,MIL,Milwaukee Bucks,21500657,2016-01-23T00:00:00,MIL @ NOP,L,21.2,0.0,0.0,0.0,0.0,10.0,2.0,6.0,20.0,1.0,0.0,1.0,0.0,7.2,1,13074,13074,13074,14918,12059,10158,9917,18861,17370,3734,13388,11929,2692,1,4972,18762,21035,1.0,21:10,2015,2016
2015-16,201156,Nick Young,Nick,1610612747,LAL,Los Angeles Lakers,21500662,2016-01-23T00:00:00,LAL @ POR,L,7.5,0.0,0.0,0.0,0.0,2.0,1.0,0.0,4.0,0.0,0.0,0.0,0.0,0.0,1,13074,13074,13074,23408,12059,10158,9917,18861,2619,3393,1,23698,8004,1,1,18762,25170,1.0,7:27,2015,2016
2015-16,202357,Nemanja Bjelica,Nemanja,1610612750,MIN,Minnesota Timberwolves,21500658,2016-01-23T00:00:00,MIN vs. MEM,W,22.3,0.0,0.0,0.0,0.0,17.0,13.0,6.0,24.0,0.0,0.0,3.0,1.0,3.9,1,1,1,1,13900,12059,10158,9917,18861,24337,23668,13388,8723,8004,1,17641,12373,23225,1.0,22:20,2015,2016
2015-16,204038,Langston Galloway,Langston,1610612752,NYK,New York Knicks,21500655,2016-01-23T00:00:00,NYK @ CHA,L,20.9,0.0,0.0,4.0,4.0,5.0,2.0,6.0,8.0,0.0,0.0,2.0,2.0,13.3,1,13074,13074,13074,15170,12059,10158,1913,8599,8403,3734,13388,21543,8004,1,11390,7786,16712,1.0,20:52,2015,2016
2015-16,203485,Lorenzo Brown,Lorenzo,1610612756,PHX,Phoenix Suns,21500660,2016-01-23T00:00:00,PHX vs. ATL,W,6.6,2.0,0.0,0.0,2.0,4.0,0.0,2.0,4.0,0.0,0.0,0.0,1.0,9.5,1,1,1,1,23708,6026,10158,9917,12984,6141,1,4025,23698,8004,1,1,12373,19519,1.0,6:37,2015,2016
2015-16,2549,Chris Kaman,Chris,1610612757,POR,Portland Trail Blazers,21500662,2016-01-23T00:00:00,POR vs. LAL,W,3.7,0.0,0.0,0.0,0.0,2.0,0.0,2.0,4.0,0.0,0.0,0.0,0.0,3.5,1,1,1,1,24831,12059,10158,9917,18861,2619,1,4025,23698,8004,1,1,18762,23351,1.0,3:43,2015,2016
2015-16,1626151,Aaron Harrison,Aaron,1610612766,CHA,Charlotte Hornets,21500655,2016-01-23T00:00:00,CHA vs. NYK,W,2.7,0.0,0.0,0.0,0.0,2.0,2.0,2.0,0.0,0.0,0.0,0.0,0.0,0.0,1,1,1,1,25266,12059,10158,9917,18861,2619,3734,4025,25429,8004,1,1,18762,25170,1.0,2:39,2015,2016
2015-16,204025,Tim Frazier,Tim,1610612757,POR,Portland Trail Blazers,21500662,2016-01-23T00:00:00,POR vs. LAL,W,3.7,0.0,1.0,0.0,0.0,2.0,0.0,2.0,4.0,0.0,0.0,0.0,2.0,3.7,1,1,1,1,24831,12059,9709,9917,18861,2619,1,4025,23698,8004,1,1,7786,23278,1.0,3:43,2015,2016
2015-16,1713,Vince Carter,Vince,1610612763,MEM,Memphis Grizzlies,21500658,2016-01-23T00:00:00,MEM @ MIN,L,17.0,3.0,3.0,0.0,0.0,10.0,7.0,4.0,10.0,1.0,1.0,1.0,2.0,15.2,1,13074,13074,13074,18297,4307,3104,9917,18861,17370,15642,8806,20209,2692,17214,4972,7786,15219,1.0,16:58,2015,2016
2015-16,203503,Tony Snell,Tony,1610612741,CHI,Chicago Bulls,21500659,2016-01-23T00:00:00,CHI @ CLE,W,25.9,0.0,0.0,0.0,2.0,4.0,7.0,6.0,20.0,1.0,0.0,1.0,1.0,15.5,1,1,1,1,10956,12059,10158,9917,12984,6141,15642,13388,11929,2692,1,4972,12373,15004,1.0,25:52,2015,2016
2015-16,203463,Ben McLemore,Ben,1610612758,SAC,Sacramento Kings,21500663,2016-01-23T00:00:00,SAC vs. IND,W,18.4,0.0,2.0,0.0,2.0,7.0,5.0,7.0,14.0,1.0,1.0,2.0,0.0,12.4,1,1,1,1,17180,12059,4731,9917,12984,12242,11469,15538,17019,2692,17214,11390,18762,17418,1.0,18:24,2015,2016
2015-16,200757,Thabo Sefolosha,Thabo,1610612737,ATL,Atlanta Hawks,21500660,2016-01-23T00:00:00,ATL @ PHX,L,27.9,2.0,0.0,4.0,0.0,9.0,8.0,0.0,18.0,0.0,1.0,0.0,3.0,26.9,1,13074,13074,13074,9295,6026,10158,1913,18861,15771,17345,1,13577,8004,17214,1,4736,7438,1.0,27:55,2015,2016
2015-16,2216,Zach Randolph,Zach,1610612763,MEM,Memphis Grizzlies,21500658,2016-01-23T00:00:00,MEM @ MIN,L,22.0,0.0,2.0,0.0,4.0,10.0,2.0,14.0,26.0,0.0,0.0,2.0,1.0,15.7,1,13074,13074,13074,14154,12059,4731,9917,8599,17370,3734,23710,7214,8004,1,11390,12373,14841,1.0,22:01,2015,2016
2015-16,201143,Al Horford,Al,1610612737,ATL,Atlanta Hawks,21500660,2016-01-23T00:00:00,ATL @ PHX,L,38.6,2.0,2.0,1.0,4.0,12.0,7.0,7.0,26.0,2.0,1.0,0.0,3.0,42.7,1,13074,13074,13074,1231,6026,4731,9347,8599,20178,15642,15538,7214,932,17214,1,4736,1800,1.0,38:34,2015,2016
2015-16,101141,Ersan Ilyasova,Ersan,1610612765,DET,Detroit Pistons,21500661,2016-01-23T00:00:00,DET @ DEN,L,27.8,4.0,2.0,1.0,6.0,18.0,4.0,11.0,28.0,0.0,1.0,3.0,2.0,26.3,1,13074,13074,13074,9420,2460,4731,9347,5299,24749,8458,21342,5824,8004,17214,17641,7786,7733,1.0,27:45,2015,2016
2015-16,1626144,Emmanuel Mudiay,Emmanuel,1610612743,DEN,Denver Nuggets,21500661,2016-01-23T00:00:00,DEN vs. DET,W,34.5,0.0,0.0,1.0,4.0,6.0,6.0,5.0,32.0,1.0,2.0,3.0,4.0,30.8,1,1,1,1,3929,12059,10158,9347,8599,10028,13237,11593,3535,2692,23588,17641,2748,5493,1.0,34:31,2015,2016
2015-16,201145,Jeff Green,Jeff,1610612763,MEM,Memphis Grizzlies,21500658,2016-01-23T00:00:00,MEM @ MIN,L,26.9,2.0,3.0,6.0,8.0,10.0,7.0,9.0,16.0,0.0,1.0,0.0,3.0,19.9,1,13074,13074,13074,10135,6026,3104,740,3109,17370,15642,18829,15259,8004,17214,1,4736,11824,1.0,26:52,2015,2016
2015-16,201589,Darrell Arthur,Darrell,1610612743,DEN,Denver Nuggets,21500661,2016-01-23T00:00:00,DEN vs. DET,W,34.3,2.0,0.0,2.0,4.0,6.0,6.0,7.0,28.0,0.0,0.0,4.0,1.0,26.5,1,1,1,1,4099,6026,10158,4675,8599,10028,13237,15538,5824,8004,1,22104,12373,7627,1.0,34:18,2015,2016
2015-16,101138,Brandon Bass,Brandon,1610612747,LAL,Los Angeles Lakers,21500662,2016-01-23T00:00:00,LAL @ POR,L,20.6,0.0,0.0,0.0,2.0,6.0,13.0,2.0,16.0,1.0,1.0,1.0,1.0,20.2,1,13074,13074,13074,15371,12059,10158,9917,12984,10028,23668,4025,15259,2692,17214,4972,12373,11610,1.0,20:37,2015,2016
2015-16,203999,Nikola Jokić,Nikola,1610612743,DEN,Denver Nuggets,21500661,2016-01-23T00:00:00,DEN vs. DET,W,31.8,2.0,2.0,0.0,8.0,6.0,6.0,2.0,30.0,3.0,1.0,3.0,2.0,42.5,1,1,1,1,6048,6026,4731,9917,3109,10028,13237,4025,4541,347,17214,17641,7786,1841,1.0,31:50,2015,2016
2015-16,202694,Marcus Morris Sr.,Marcus,1610612765,DET,Detroit Pistons,21500661,2016-01-23T00:00:00,DET @ DEN,L,32.9,0.0,0.0,0.0,4.0,12.0,4.0,8.0,28.0,0.0,0.0,5.0,3.0,26.4,1,13074,13074,13074,5207,12059,10158,9917,8599,20178,8458,17194,5824,8004,1,24686,4736,7672,1.0,32:54,2015,2016
2015-16,202087,Alonzo Gee,Alonzo,1610612740,NOP,New Orleans Pelicans,21500657,2016-01-23T00:00:00,NOP vs. MIL,W,35.4,4.0,2.0,6.0,8.0,6.0,4.0,8.0,34.0,0.0,1.0,4.0,2.0,26.7,1,1,1,1,3247,2460,4731,740,3109,10028,8458,17194,2701,8004,17214,22104,7786,7525,1.0,35:23,2015,2016
2015-16,203459,Allen Crabbe,Allen,1610612757,POR,Portland Trail Blazers,21500662,2016-01-23T00:00:00,POR vs. LAL,W,27.5,2.0,2.0,0.0,4.0,12.0,7.0,0.0,20.0,0.0,0.0,5.0,1.0,11.9,1,1,1,1,9648,6026,4731,9917,8599,20178,15642,1,11929,8004,1,24686,12373,17760,1.0,27:27,2015,2016
2015-16,202329,Al-Farouq Aminu,Al-Farouq,1610612757,POR,Portland Trail Blazers,21500662,2016-01-23T00:00:00,POR vs. LAL,W,21.5,5.0,0.0,0.0,0.0,6.0,9.0,0.0,16.0,0.0,0.0,1.0,1.0,11.9,1,1,1,1,14601,1603,10158,9917,18861,10028,19144,1,15259,8004,1,4972,12373,17760,1.0,21:29,2015,2016
2015-16,1626161,Willie Cauley-Stein,Willie,1610612758,SAC,Sacramento Kings,21500663,2016-01-23T00:00:00,SAC vs. IND,W,34.2,0.0,2.0,2.0,6.0,15.0,7.0,10.0,20.0,1.0,1.0,2.0,0.0,31.4,1,1,1,1,4146,12059,4731,4675,5299,23079,15642,20169,11929,2692,17214,11390,18762,5218,1.0,34:14,2015,2016
2015-16,200782,P.J. Tucker,P.J.,1610612756,PHX,Phoenix Suns,21500660,2016-01-23T00:00:00,PHX vs. ATL,W,38.7,4.0,0.0,1.0,4.0,20.0,14.0,14.0,20.0,1.0,2.0,1.0,1.0,30.2,1,1,1,1,1169,2460,10158,9347,8599,25338,24300,23710,11929,2692,23588,4972,12373,5751,1.0,38:44,2015,2016
2015-16,203145,Kent Bazemore,Kent,1610612737,ATL,Atlanta Hawks,21500660,2016-01-23T00:00:00,ATL @ PHX,L,30.2,8.0,2.0,3.0,8.0,13.0,7.0,5.0,22.0,0.0,1.0,3.0,5.0,26.2,1,13074,13074,13074,7363,308,4731,3302,3109,21300,15642,11593,10265,8004,17214,17641,1539,7785,1.0,30:11,2015,2016
2015-16,201962,Toney Douglas,Toney,1610612740,NOP,New Orleans Pelicans,21500657,2016-01-23T00:00:00,NOP vs. MIL,W,23.7,6.0,0.0,0.0,0.0,4.0,2.0,4.0,26.0,0.0,1.0,0.0,2.0,30.2,1,1,1,1,12788,878,10158,9917,18861,6141,3734,8806,7214,8004,17214,1,7786,5751,1.0,23:44,2015,2016
2015-16,1626171,Bobby Portis,Bobby,1610612741,CHI,Chicago Bulls,21500659,2016-01-23T00:00:00,CHI @ CLE,W,9.0,0.0,0.0,0.0,2.0,6.0,5.0,4.0,14.0,0.0,0.0,2.0,0.0,2.4,1,1,1,1,22844,12059,10158,9917,12984,10028,11469,8806,17019,8004,1,11390,18762,24024,1.0,8:58,2015,2016
2015-16,202338,Kevin Seraphin,Kevin,1610612752,NYK,New York Knicks,21500655,2016-01-23T00:00:00,NYK @ CHA,L,8.4,0.0,0.0,0.0,0.0,2.0,0.0,3.0,4.0,2.0,0.0,1.0,0.0,7.7,1,13074,13074,13074,23045,12059,10158,9917,18861,2619,1,7328,23698,932,1,4972,18762,20733,1.0,8:26,2015,2016
2015-16,203953,Jabari Parker,Jabari,1610612749,MIL,Milwaukee Bucks,21500657,2016-01-23T00:00:00,MIL @ NOP,L,34.4,0.0,2.0,2.0,6.0,19.0,7.0,6.0,34.0,1.0,2.0,1.0,2.0,21.5,1,13074,13074,13074,4012,12059,4731,4675,5299,25074,15642,13388,2701,2692,23588,4972,7786,10755,1.0,34:25,2015,2016
2015-16,2756,Sasha Vujacic,Sasha,1610612752,NYK,New York Knicks,21500655,2016-01-23T00:00:00,NYK @ CHA,L,12.0,0.0,0.0,0.0,0.0,0.0,0.0,6.0,4.0,0.0,0.0,0.0,1.0,18.4,1,13074,13074,13074,21529,12059,10158,9917,18861,1,1,13388,23698,8004,1,1,12373,12854,1.0,12:00,2015,2016
2015-16,201952,Jeff Teague,Jeff,1610612737,ATL,Atlanta Hawks,21500660,2016-01-23T00:00:00,ATL @ PHX,L,24.7,2.0,3.0,2.0,4.0,10.0,2.0,5.0,12.0,1.0,1.0,5.0,0.0,18.7,1,13074,13074,13074,11970,6026,3104,4675,8599,17370,3734,11593,18637,2692,17214,24686,18762,12648,1.0,24:39,2015,2016
2015-16,1626163,Frank Kaminsky,Frank,1610612766,CHA,Charlotte Hornets,21500655,2016-01-23T00:00:00,CHA vs. NYK,W,17.8,1.0,3.0,0.0,2.0,0.0,2.0,3.0,10.0,0.0,1.0,3.0,4.0,13.1,1,1,1,1,17715,11535,3104,9917,12984,1,3734,7328,20209,8004,17214,17641,2748,16874,1.0,17:45,2015,2016
2015-16,2592,James Jones,James,1610612739,CLE,Cleveland Cavaliers,21500659,2016-01-23T00:00:00,CLE vs. CHI,L,6.5,0.0,0.0,0.0,0.0,0.0,2.0,0.0,0.0,1.0,0.0,1.0,0.0,3.0,1,13074,13074,13074,23749,12059,10158,9917,18861,1,3734,1,25429,2692,1,4972,18762,23648,1.0,6:30,2015,2016
2015-16,203933,T.J. Warren,T.J.,1610612756,PHX,Phoenix Suns,21500660,2016-01-23T00:00:00,PHX vs. ATL,W,16.5,2.0,0.0,2.0,2.0,11.0,5.0,9.0,12.0,1.0,1.0,0.0,0.0,12.7,1,1,1,1,18675,6026,10158,4675,12984,18886,11469,18829,18637,2692,17214,1,18762,17201,1.0,16:28,2015,2016
2015-16,101107,Marvin Williams,Marvin,1610612766,CHA,Charlotte Hornets,21500655,2016-01-23T00:00:00,CHA vs. NYK,W,34.8,0.0,2.0,0.0,2.0,9.0,5.0,7.0,18.0,0.0,1.0,2.0,2.0,18.4,1,1,1,1,3690,12059,4731,9917,12984,15771,11469,15538,13577,8004,17214,11390,7786,12854,1.0,34:48,2015,2016
2015-16,203521,Matthew Dellavedova,Matthew,1610612739,CLE,Cleveland Cavaliers,21500659,2016-01-23T00:00:00,CLE vs. CHI,L,22.6,3.0,0.0,0.0,0.0,3.0,7.0,0.0,12.0,0.0,0.0,2.0,0.0,7.7,1,13074,13074,13074,13656,4307,10158,9917,18861,5109,15642,1,18637,8004,1,11390,18762,20733,1.0,22:39,2015,2016
2015-16,1626214,Bryce Dejean-Jones,Bryce,1610612740,NOP,New Orleans Pelicans,21500657,2016-01-23T00:00:00,NOP vs. MIL,W,1.6,0.0,0.0,0.0,0.0,0.0,0.0,0.0,4.0,0.0,0.0,0.0,0.0,3.0,1,1,1,1,25677,12059,10158,9917,18861,1,1,1,23698,8004,1,1,18762,23648,1.0,1:33,2015,2016
2015-16,201167,Arron Afflalo,Arron,1610612752,NYK,New York Knicks,21500655,2016-01-23T00:00:00,NYK @ CHA,L,30.6,0.0,0.0,0.0,0.0,5.0,7.0,5.0,12.0,1.0,1.0,2.0,1.0,20.8,1,13074,13074,13074,7044,12059,10158,9917,18861,8403,15642,11593,18637,2692,17214,11390,12373,11195,1.0,30:34,2015,2016
2015-16,2546,Carmelo Anthony,Carmelo,1610612752,NYK,New York Knicks,21500655,2016-01-23T00:00:00,NYK @ CHA,L,28.5,4.0,4.0,0.0,2.0,10.0,5.0,8.0,14.0,0.0,0.0,2.0,2.0,16.2,1,13074,13074,13074,8779,2460,1596,9917,12984,17370,11469,17194,17019,8004,1,11390,7786,14436,1.0,28:32,2015,2016
2015-16,202389,Timofey Mozgov,Timofey,1610612739,CLE,Cleveland Cavaliers,21500659,2016-01-23T00:00:00,CLE vs. CHI,L,21.1,0.0,2.0,0.0,2.0,2.0,2.0,0.0,10.0,1.0,2.0,0.0,1.0,16.2,1,13074,13074,13074,14960,12059,4731,9917,12984,2619,3734,1,20209,2692,23588,1,12373,14436,1.0,21:07,2015,2016
2015-16,2755,Kevin Martin,Kevin,1610612750,MIN,Minnesota Timberwolves,21500658,2016-01-23T00:00:00,MIN vs. MEM,W,14.2,3.0,0.0,3.0,0.0,8.0,7.0,4.0,14.0,0.0,1.0,1.0,2.0,16.3,1,1,1,1,20306,4307,10158,3302,18861,13914,15642,8806,17019,8004,17214,4972,7786,14372,1.0,14:10,2015,2016
2015-16,203922,Glenn Robinson III,Glenn,1610612754,IND,Indiana Pacers,21500663,2016-01-23T00:00:00,IND @ SAC,L,9.9,0.0,0.0,0.0,0.0,4.0,6.0,4.0,14.0,0.0,1.0,0.0,1.0,2.6,1,13074,13074,13074,22480,12059,10158,9917,18861,6141,13237,8806,17019,8004,17214,1,12373,23982,1.0,9:56,2015,2016
2015-16,203142,Chris Copeland,Chris,1610612749,MIL,Milwaukee Bucks,21500657,2016-01-23T00:00:00,MIL @ NOP,L,2.8,0.0,0.0,0.0,0.0,0.0,0.0,0.0,0.0,0.0,0.0,0.0,0.0,3.0,1,13074,13074,13074,25211,12059,10158,9917,18861,1,1,1,25429,8004,1,1,18762,23648,1.0,2:46,2015,2016
2015-16,203948,Johnny O'Bryant III,Johnny,1610612749,MIL,Milwaukee Bucks,21500657,2016-01-23T00:00:00,MIL @ NOP,L,15.6,0.0,2.0,0.0,4.0,7.0,0.0,6.0,12.0,0.0,1.0,2.0,0.0,7.6,1,13074,13074,13074,19354,12059,4731,9917,8599,12242,1,13388,18637,8004,17214,11390,18762,20803,1.0,15:35,2015,2016
2015-16,201579,Roy Hibbert,Roy,1610612747,LAL,Los Angeles Lakers,21500662,2016-01-23T00:00:00,LAL @ POR,L,23.7,0.0,2.0,0.0,4.0,21.0,7.0,3.0,24.0,2.0,0.0,2.0,2.0,18.1,1,13074,13074,13074,12850,12059,4731,9917,8599,25535,15642,7328,8723,932,1,11390,7786,13090,1.0,23:40,2015,2016
2015-16,201229,Anthony Tolliver,Anthony,1610612765,DET,Detroit Pistons,21500661,2016-01-23T00:00:00,DET @ DEN,L,21.1,0.0,0.0,0.0,0.0,5.0,2.0,0.0,12.0,0.0,0.0,3.0,1.0,12.9,1,13074,13074,13074,14958,12059,10158,9917,18861,8403,3734,1,18637,8004,1,17641,12373,17049,1.0,21:07,2015,2016
2015-16,201600,Omer Asik,Omer,1610612740,NOP,New Orleans Pelicans,21500657,2016-01-23T00:00:00,NOP vs. MIL,W,18.6,0.0,0.0,0.0,4.0,6.0,2.0,8.0,22.0,0.0,1.0,2.0,0.0,12.6,1,1,1,1,17002,12059,10158,9917,8599,10028,3734,17194,10265,8004,17214,11390,18762,17277,1.0,18:37,2015,2016
2015-16,1626170,Jerian Grant,Jerian,1610612752,NYK,New York Knicks,21500655,2016-01-23T00:00:00,NYK @ CHA,L,9.4,0.0,0.0,0.0,0.0,0.0,0.0,0.0,0.0,0.0,0.0,3.0,0.0,2.7,1,13074,13074,13074,22682,12059,10158,9917,18861,1,1,1,25429,8004,1,17641,18762,23884,1.0,9:22,2015,2016
2015-16,201588,George Hill,George,1610612754,IND,Indiana Pacers,21500663,2016-01-23T00:00:00,IND @ SAC,L,32.5,3.0,0.0,5.0,2.0,6.0,14.0,14.0,36.0,0.0,0.0,4.0,5.0,21.2,1,13074,13074,13074,5483,4307,10158,1277,12984,10028,24300,23710,1943,8004,1,22104,1539,10936,1.0,32:31,2015,2016
2015-16,202708,Norris Cole,Norris,1610612740,NOP,New Orleans Pelicans,21500657,2016-01-23T00:00:00,NOP vs. MIL,W,26.9,2.0,3.0,0.0,2.0,6.0,6.0,6.0,34.0,0.0,1.0,2.0,1.0,21.1,1,1,1,1,10065,6026,3104,9917,12984,10028,13237,13388,2701,8004,17214,11390,12373,11012,1.0,26:56,2015,2016
2015-16,1626164,Devin Booker,Devin,1610612756,PHX,Phoenix Suns,21500660,2016-01-23T00:00:00,PHX vs. ATL,W,36.0,3.0,3.0,2.0,2.0,17.0,9.0,11.0,20.0,0.0,3.0,6.0,1.0,21.9,1,1,1,1,2783,4307,3104,4675,12984,24337,19144,21342,11929,8004,25441,25827,12373,10460,1.0,35:59,2015,2016
2015-16,201950,Jrue Holiday,Jrue,1610612740,NOP,New Orleans Pelicans,21500657,2016-01-23T00:00:00,NOP vs. MIL,W,24.9,4.0,0.0,2.0,10.0,0.0,4.0,2.0,18.0,0.0,0.0,3.0,3.0,38.3,1,1,1,1,11782,2460,10158,4675,1840,1,8458,4025,13577,8004,1,17641,4736,2826,1.0,24:52,2015,2016
2015-16,1626169,Stanley Johnson,Stanley,1610612765,DET,Detroit Pistons,21500661,2016-01-23T00:00:00,DET @ DEN,L,20.2,5.0,0.0,4.0,6.0,11.0,4.0,3.0,14.0,0.0,0.0,2.0,0.0,17.3,1,13074,13074,13074,15760,1603,10158,1913,5299,18886,8458,7328,17019,8004,1,11390,18762,13671,1.0,20:11,2015,2016
2015-16,201150,Spencer Hawes,Spencer,1610612766,CHA,Charlotte Hornets,21500655,2016-01-23T00:00:00,CHA vs. NYK,W,34.5,2.0,0.0,0.0,0.0,7.0,5.0,5.0,18.0,1.0,1.0,2.0,2.0,27.5,1,1,1,1,3975,6026,10158,9917,18861,12242,11469,11593,13577,2692,17214,11390,7786,7137,1.0,34:28,2015,2016
2015-16,201577,Robin Lopez,Robin,1610612752,NYK,New York Knicks,21500655,2016-01-23T00:00:00,NYK @ CHA,L,20.0,0.0,0.0,0.0,8.0,8.0,5.0,2.0,8.0,2.0,0.0,1.0,2.0,22.6,1,13074,13074,13074,15922,12059,10158,9917,3109,13914,11469,4025,21543,932,1,4972,7786,10000,1.0,19:59,2015,2016
2015-16,202703,Nikola Mirotic,Nikola,1610612741,CHI,Chicago Bulls,21500659,2016-01-23T00:00:00,CHI @ CLE,W,25.2,3.0,7.0,0.0,2.0,9.0,5.0,6.0,30.0,0.0,0.0,2.0,3.0,28.7,1,1,1,1,11528,4307,292,9917,12984,15771,11469,13388,4541,8004,1,11390,4736,6514,1.0,25:12,2015,2016
2015-16,201959,Taj Gibson,Taj,1610612741,CHI,Chicago Bulls,21500659,2016-01-23T00:00:00,CHI @ CLE,W,28.8,0.0,2.0,0.0,8.0,7.0,9.0,11.0,30.0,2.0,2.0,3.0,5.0,32.1,1,1,1,1,8553,12059,4731,9917,3109,12242,19144,21342,4541,932,23588,17641,1539,4889,1.0,28:47,2015,2016
2015-16,203487,Michael Carter-Williams,Michael,1610612749,MIL,Milwaukee Bucks,21500657,2016-01-23T00:00:00,MIL @ NOP,L,32.9,2.0,0.0,2.0,16.0,19.0,7.0,6.0,32.0,2.0,0.0,4.0,5.0,39.3,1,13074,13074,13074,5181,6026,10158,4675,275,25074,15642,13388,3535,932,1,22104,1539,2563,1.0,32:56,2015,2016
2015-16,202328,Greg Monroe,Greg,1610612749,MIL,Milwaukee Bucks,21500657,2016-01-23T00:00:00,MIL @ NOP,L,30.4,4.0,4.0,4.0,14.0,17.0,7.0,6.0,28.0,1.0,0.0,3.0,5.0,39.2,1,13074,13074,13074,7151,2460,1596,1913,542,24337,15642,13388,5824,2692,1,17641,1539,2590,1.0,30:27,2015,2016
2015-16,1626156,D'Angelo Russell,D'Angelo,1610612747,LAL,Los Angeles Lakers,21500662,2016-01-23T00:00:00,LAL @ POR,L,22.6,4.0,0.0,0.0,12.0,4.0,15.0,2.0,18.0,0.0,0.0,0.0,5.0,28.6,1,13074,13074,13074,13704,2460,10158,9917,988,6141,24781,4025,13577,8004,1,1,1539,6560,1.0,22:35,2015,2016
2015-16,203952,Andrew Wiggins,Andrew,1610612750,MIN,Minnesota Timberwolves,21500658,2016-01-23T00:00:00,MIN vs. MEM,W,33.8,4.0,0.0,4.0,10.0,13.0,10.0,6.0,26.0,1.0,0.0,0.0,3.0,28.5,1,1,1,1,4484,2460,10158,1913,1840,21300,20509,13388,7214,2692,1,1,4736,6613,1.0,33:50,2015,2016
2015-16,203943,Noah Vonleh,Noah,1610612757,POR,Portland Trail Blazers,21500662,2016-01-23T00:00:00,POR vs. LAL,W,25.5,2.0,2.0,1.0,8.0,8.0,4.0,2.0,18.0,0.0,0.0,5.0,1.0,27.7,1,1,1,1,11337,6026,4731,9347,3109,13914,8458,4025,13577,8004,1,24686,12373,7008,1.0,25:27,2015,2016
2015-16,202730,Lavoy Allen,Lavoy,1610612754,IND,Indiana Pacers,21500663,2016-01-23T00:00:00,IND @ SAC,L,28.6,3.0,2.0,0.0,8.0,2.0,16.0,4.0,34.0,3.0,0.0,5.0,1.0,28.3,1,13074,13074,13074,8694,4307,4731,9917,3109,2619,25155,8806,2701,347,1,24686,12373,6720,1.0,28:39,2015,2016
2015-16,202681,Kyrie Irving,Kyrie,1610612739,CLE,Cleveland Cavaliers,21500659,2016-01-23T00:00:00,CLE vs. CHI,L,31.2,2.0,0.0,4.0,8.0,2.0,6.0,2.0,20.0,1.0,1.0,1.0,0.0,28.1,1,13074,13074,13074,6565,6026,10158,1913,3109,2619,13237,4025,11929,2692,17214,4972,18762,6818,1.0,31:11,2015,2016
2015-16,203462,Archie Goodwin,Archie,1610612756,PHX,Phoenix Suns,21500660,2016-01-23T00:00:00,PHX vs. ATL,W,41.4,4.0,0.0,2.0,6.0,21.0,14.0,15.0,24.0,2.0,0.0,0.0,7.0,39.2,1,1,1,1,406,2460,10158,4675,5299,25535,24300,24242,8723,932,1,1,469,2590,1.0,41:23,2015,2016
2015-16,201144,Mike Conley,Mike,1610612763,MEM,Memphis Grizzlies,21500658,2016-01-23T00:00:00,MEM @ MIN,L,24.0,4.0,2.0,0.0,2.0,10.0,2.0,9.0,20.0,0.0,1.0,4.0,5.0,28.4,1,13074,13074,13074,12536,2460,4731,9917,12984,17370,3734,18829,11929,8004,17214,22104,1539,6663,1.0,24:01,2015,2016
2015-16,201583,Ryan Anderson,Ryan,1610612740,NOP,New Orleans Pelicans,21500657,2016-01-23T00:00:00,NOP vs. MIL,W,34.1,5.0,0.0,0.0,4.0,4.0,8.0,4.0,36.0,0.0,1.0,1.0,1.0,32.2,1,1,1,1,4265,1603,10158,9917,8599,6141,17345,8806,1943,8004,17214,4972,12373,4846,1.0,34:06,2015,2016
2015-16,202710,Jimmy Butler III,Jimmy,1610612741,CHI,Chicago Bulls,21500659,2016-01-23T00:00:00,CHI @ CLE,W,42.5,0.0,2.0,0.0,2.0,16.0,14.0,15.0,48.0,0.0,0.0,2.0,3.0,32.3,1,1,1,1,252,12059,4731,9917,12984,23774,24300,24242,192,8004,1,11390,4736,4807,1.0,42:28,2015,2016
2015-16,201188,Marc Gasol,Marc,1610612763,MEM,Memphis Grizzlies,21500658,2016-01-23T00:00:00,MEM @ MIN,L,31.6,4.0,2.0,0.0,8.0,12.0,6.0,14.0,32.0,1.0,0.0,1.0,2.0,21.9,1,13074,13074,13074,6238,2460,4731,9917,3109,20178,13237,23710,3535,2692,1,4972,7786,10460,1.0,31:36,2015,2016
2015-16,203083,Andre Drummond,Andre,1610612765,DET,Detroit Pistons,21500661,2016-01-23T00:00:00,DET @ DEN,L,18.4,0.0,0.0,0.0,4.0,6.0,2.0,6.0,16.0,1.0,1.0,2.0,4.0,17.1,1,13074,13074,13074,17147,12059,10158,9917,8599,10028,3734,13388,15259,2692,17214,11390,2748,13791,1.0,18:26,2015,2016
2015-16,203507,Giannis Antetokounmpo,Giannis,1610612749,MIL,Milwaukee Bucks,21500657,2016-01-23T00:00:00,MIL @ NOP,L,28.4,0.0,0.0,2.0,8.0,14.0,5.0,8.0,28.0,1.0,0.0,6.0,3.0,22.2,1,13074,13074,13074,8911,12059,10158,4675,3109,22292,11469,17194,5824,2692,1,25827,4736,10263,1.0,28:25,2015,2016
2015-16,203486,Mason Plumlee,Mason,1610612757,POR,Portland Trail Blazers,21500662,2016-01-23T00:00:00,POR vs. LAL,W,25.3,5.0,0.0,2.0,6.0,6.0,9.0,0.0,20.0,0.0,0.0,2.0,5.0,38.6,1,1,1,1,11485,1603,10158,4675,5299,10028,19144,1,11929,8004,1,11390,1539,2744,1.0,25:15,2015,2016
2015-16,201954,Darren Collison,Darren,1610612758,SAC,Sacramento Kings,21500663,2016-01-23T00:00:00,SAC vs. IND,W,24.7,0.0,2.0,5.0,4.0,12.0,6.0,3.0,16.0,0.0,2.0,1.0,2.0,16.9,1,1,1,1,11912,12059,4731,1277,8599,20178,13237,7328,15259,8004,23588,4972,7786,13911,1.0,24:43,2015,2016
2015-16,203114,Khris Middleton,Khris,1610612749,MIL,Milwaukee Bucks,21500657,2016-01-23T00:00:00,MIL @ NOP,L,33.2,0.0,0.0,0.0,0.0,21.0,5.0,8.0,40.0,0.0,0.0,0.0,2.0,32.9,1,13074,13074,13074,4959,12059,10158,9917,18861,25535,11469,17194,983,8004,1,1,7786,4566,1.0,33:13,2015,2016
2015-16,203498,Shabazz Muhammad,Shabazz,1610612750,MIN,Minnesota Timberwolves,21500658,2016-01-23T00:00:00,MIN vs. MEM,W,32.6,5.0,3.0,10.0,14.0,17.0,13.0,8.0,28.0,0.0,0.0,1.0,7.0,27.6,1,1,1,1,5459,1603,3104,118,542,24337,23668,17194,5824,8004,1,4972,469,7080,1.0,32:33,2015,2016
2015-16,203798,PJ Hairston,PJ,1610612766,CHA,Charlotte Hornets,21500655,2016-01-23T00:00:00,CHA vs. NYK,W,34.3,2.0,0.0,6.0,6.0,7.0,5.0,5.0,22.0,0.0,0.0,4.0,3.0,38.5,1,1,1,1,4082,6026,10158,740,5299,12242,11469,11593,10265,8004,1,22104,4736,2771,1.0,34:19,2015,2016
2015-16,202391,Jeremy Lin,Jeremy,1610612766,CHA,Charlotte Hornets,21500655,2016-01-23T00:00:00,CHA vs. NYK,W,40.4,0.0,2.0,5.0,8.0,5.0,3.0,8.0,22.0,1.0,1.0,3.0,6.0,37.5,1,1,1,1,620,12059,4731,1277,3109,8403,7138,17194,10265,2692,17214,17641,873,3050,1.0,40:25,2015,2016
2015-16,203897,Zach LaVine,Zach,1610612750,MIN,Minnesota Timberwolves,21500658,2016-01-23T00:00:00,MIN vs. MEM,W,19.2,0.0,0.0,0.0,0.0,12.0,7.0,8.0,20.0,1.0,1.0,4.0,1.0,22.4,1,1,1,1,16540,12059,10158,9917,18861,20178,15642,17194,11929,2692,17214,22104,12373,10131,1.0,19:11,2015,2016
2015-16,201936,Tyreke Evans,Tyreke,1610612740,NOP,New Orleans Pelicans,21500657,2016-01-23T00:00:00,NOP vs. MIL,W,24.0,5.0,0.0,4.0,4.0,6.0,4.0,8.0,32.0,0.0,1.0,2.0,3.0,22.4,1,1,1,1,12528,1603,10158,1913,8599,10028,8458,17194,3535,8004,17214,11390,4736,10131,1.0,24:02,2015,2016
2015-16,202334,Ed Davis,Ed,1610612757,POR,Portland Trail Blazers,21500662,2016-01-23T00:00:00,POR vs. LAL,W,20.5,0.0,4.0,0.0,2.0,9.0,6.0,0.0,14.0,1.0,2.0,4.0,2.0,28.1,1,1,1,1,15494,12059,1596,9917,12984,15771,13237,1,17019,2692,23588,22104,7786,6818,1.0,20:29,2015,2016
2015-16,1626196,Josh Richardson,Josh,1610612748,MIA,Miami Heat,21500649,2016-01-22T00:00:00,MIA @ TOR,L,33.5,2.0,2.0,0.0,6.0,16.0,12.0,6.0,18.0,1.0,2.0,5.0,1.0,22.4,1,13074,13074,13074,4772,6026,4731,9917,5299,23774,22832,13388,13577,2692,23588,24686,12373,10131,1.0,33:28,2015,2016
2015-16,2446,Rasual Butler,Rasual,1610612759,SAS,San Antonio Spurs,21500653,2016-01-22T00:00:00,SAS @ LAL,W,15.3,2.0,0.0,2.0,2.0,2.0,6.0,4.0,18.0,1.0,1.0,2.0,0.0,16.9,1,1,1,1,19532,6026,10158,4675,12984,2619,13237,8806,13577,2692,17214,11390,18762,13911,1.0,15:20,2015,2016
2015-16,203079,Dion Waiters,Dion,1610612760,OKC,Oklahoma City Thunder,21500651,2016-01-22T00:00:00,OKC @ DAL,W,35.3,0.0,2.0,2.0,2.0,15.0,4.0,13.0,32.0,1.0,0.0,2.0,1.0,22.3,1,1,1,1,3334,12059,4731,4675,12984,23079,8458,23048,3535,2692,1,11390,12373,10208,1.0,35:16,2015,2016
2015-16,2564,Boris Diaw,Boris,1610612759,SAS,San Antonio Spurs,21500653,2016-01-22T00:00:00,SAS @ LAL,W,20.7,2.0,0.0,0.0,0.0,3.0,9.0,1.0,16.0,0.0,0.0,3.0,3.0,13.6,1,1,1,1,15345,6026,10158,9917,18861,5109,19144,3646,15259,8004,1,17641,4736,16460,1.0,20:39,2015,2016
2015-16,2207,Joe Johnson,Joe,1610612751,BKN,Brooklyn Nets,21500647,2016-01-22T00:00:00,BKN vs. UTA,L,24.7,3.0,0.0,0.0,2.0,7.0,6.0,2.0,32.0,0.0,0.0,2.0,1.0,22.0,1,13074,13074,13074,11893,4307,10158,9917,12984,12242,13237,4025,3535,8004,1,11390,12373,10388,1.0,24:45,2015,2016
2015-16,201586,Serge Ibaka,Serge,1610612760,OKC,Oklahoma City Thunder,21500651,2016-01-22T00:00:00,OKC @ DAL,W,37.6,0.0,2.0,8.0,8.0,13.0,0.0,13.0,32.0,1.0,0.0,4.0,1.0,17.6,1,1,1,1,1701,12059,4731,280,3109,21300,1,23048,3535,2692,1,22104,12373,13443,1.0,37:36,2015,2016
2015-16,203482,Kelly Olynyk,Kelly,1610612738,BOS,Boston Celtics,21500646,2016-01-22T00:00:00,BOS vs. CHI,W,26.4,0.0,2.0,0.0,8.0,6.0,17.0,6.0,24.0,1.0,1.0,5.0,2.0,27.8,1,1,1,1,10514,12059,4731,9917,3109,10028,25429,13388,8723,2692,17214,24686,7786,6950,1.0,26:26,2015,2016
2015-16,101150,Lou Williams,Lou,1610612747,LAL,Los Angeles Lakers,21500653,2016-01-22T00:00:00,LAL vs. SAS,L,31.6,0.0,4.0,1.0,2.0,11.0,5.0,24.0,32.0,0.0,1.0,1.0,3.0,22.3,1,13074,13074,13074,6194,12059,1596,9347,12984,18886,11469,25937,3535,8004,17214,4972,4736,10208,1.0,31:38,2015,2016
2015-16,204020,Tyler Johnson,Tyler,1610612748,MIA,Miami Heat,21500649,2016-01-22T00:00:00,MIA @ TOR,L,33.2,0.0,0.0,0.0,0.0,9.0,10.0,5.0,28.0,1.0,1.0,2.0,1.0,16.8,1,13074,13074,13074,5003,12059,10158,9917,18861,15771,20509,11593,5824,2692,17214,11390,12373,13996,1.0,33:09,2015,2016
2015-16,202718,Chandler Parsons,Chandler,1610612742,DAL,Dallas Mavericks,21500651,2016-01-22T00:00:00,DAL vs. OKC,L,36.9,5.0,2.0,6.0,8.0,4.0,15.0,22.0,42.0,0.0,1.0,1.0,4.0,38.5,1,13074,13074,13074,2139,1603,4731,740,3109,6141,24781,25811,670,8004,17214,4972,2748,2771,1.0,36:54,2015,2016
2015-16,201951,Ty Lawson,Ty,1610612745,HOU,Houston Rockets,21500650,2016-01-22T00:00:00,HOU vs. MIL,W,27.7,2.0,2.0,2.0,4.0,14.0,10.0,11.0,28.0,0.0,1.0,3.0,1.0,16.8,1,1,1,1,9480,6026,4731,4675,8599,22292,20509,21342,5824,8004,17214,17641,12373,13996,1.0,27:41,2015,2016
2015-16,202730,Lavoy Allen,Lavoy,1610612754,IND,Indiana Pacers,21500652,2016-01-22T00:00:00,IND @ GSW,L,22.2,3.0,2.0,1.0,2.0,7.0,14.0,9.0,28.0,0.0,0.0,2.0,2.0,17.2,1,13074,13074,13074,14020,4307,4731,9347,12984,12242,24300,18829,5824,8004,1,11390,7786,13725,1.0,22:11,2015,2016
2015-16,203497,Rudy Gobert,Rudy,1610612762,UTA,Utah Jazz,21500647,2016-01-22T00:00:00,UTA @ BKN,W,28.7,2.0,2.0,0.0,10.0,9.0,2.0,4.0,30.0,3.0,1.0,3.0,4.0,31.9,1,1,1,1,8603,6026,4731,9917,1840,15771,3734,8806,4541,347,17214,17641,2748,4984,1.0,28:44,2015,2016
2015-16,202330,Gordon Hayward,Gordon,1610612762,UTA,Utah Jazz,21500647,2016-01-22T00:00:00,UTA @ BKN,W,31.4,0.0,0.0,2.0,10.0,9.0,4.0,4.0,34.0,0.0,0.0,3.0,2.0,39.3,1,1,1,1,6377,12059,10158,4675,1840,15771,8458,8806,2701,8004,1,17641,7786,2563,1.0,31:25,2015,2016
2015-16,101181,Jose Calderon,Jose,1610612752,NYK,New York Knicks,21500648,2016-01-22T00:00:00,NYK vs. LAC,L,22.7,2.0,0.0,0.0,2.0,9.0,2.0,10.0,18.0,0.0,0.0,2.0,1.0,17.2,1,13074,13074,13074,13631,6026,10158,9917,12984,15771,3734,20169,13577,8004,1,11390,12373,13725,1.0,22:40,2015,2016
2015-16,2617,Udonis Haslem,Udonis,1610612748,MIA,Miami Heat,21500649,2016-01-22T00:00:00,MIA @ TOR,L,15.8,2.0,4.0,0.0,2.0,4.0,5.0,2.0,8.0,0.0,1.0,0.0,2.0,16.8,1,13074,13074,13074,19205,6026,1596,9917,12984,6141,11469,4025,21543,8004,17214,1,7786,13996,1.0,15:47,2015,2016
2015-16,203095,Evan Fournier,Evan,1610612753,ORL,Orlando Magic,21500645,2016-01-22T00:00:00,ORL vs. CHA,L,32.7,0.0,0.0,0.0,4.0,16.0,8.0,9.0,34.0,1.0,0.0,2.0,3.0,22.4,1,13074,13074,13074,5350,12059,10158,9917,8599,23774,17345,18829,2701,2692,1,11390,4736,10131,1.0,32:41,2015,2016
2015-16,203991,Clint Capela,Clint,1610612745,HOU,Houston Rockets,21500650,2016-01-22T00:00:00,HOU vs. MIL,W,23.8,2.0,4.0,0.0,6.0,5.0,6.0,12.0,38.0,2.0,0.0,6.0,1.0,27.8,1,1,1,1,12715,6026,1596,9917,5299,8403,13237,22259,1422,932,1,25827,12373,6950,1.0,23:50,2015,2016
2015-16,201599,DeAndre Jordan,DeAndre,1610612746,LAC,LA Clippers,21500648,2016-01-22T00:00:00,LAC @ NYK,W,29.8,4.0,2.0,2.0,14.0,9.0,6.0,3.0,16.0,0.0,0.0,1.0,10.0,31.6,1,1,1,1,7746,2460,4731,4675,542,15771,13237,7328,15259,8004,1,4972,76,5130,1.0,29:47,2015,2016
2015-16,203932,Aaron Gordon,Aaron,1610612753,ORL,Orlando Magic,21500645,2016-01-22T00:00:00,ORL vs. CHA,L,24.3,0.0,0.0,2.0,6.0,10.0,5.0,6.0,20.0,0.0,0.0,6.0,3.0,22.4,1,13074,13074,13074,12310,12059,10158,4675,5299,17370,11469,13388,11929,8004,1,25827,4736,10131,1.0,24:18,2015,2016
2015-16,203935,Marcus Smart,Marcus,1610612738,BOS,Boston Celtics,21500646,2016-01-22T00:00:00,BOS vs. CHI,W,28.6,6.0,0.0,2.0,4.0,12.0,14.0,6.0,34.0,1.0,0.0,0.0,2.0,22.0,1,1,1,1,8731,878,10158,4675,8599,20178,24300,13388,2701,2692,1,1,7786,10388,1.0,28:36,2015,2016
2015-16,202703,Nikola Mirotic,Nikola,1610612741,CHI,Chicago Bulls,21500646,2016-01-22T00:00:00,CHI @ BOS,L,25.6,0.0,2.0,0.0,2.0,11.0,6.0,7.0,22.0,1.0,0.0,0.0,2.0,17.0,1,13074,13074,13074,11252,12059,4731,9917,12984,18886,13237,15538,10265,2692,1,1,7786,13855,1.0,25:33,2015,2016
2015-16,202340,Avery Bradley,Avery,1610612738,BOS,Boston Celtics,21500646,2016-01-22T00:00:00,BOS vs. CHI,W,36.1,6.0,0.0,2.0,4.0,2.0,15.0,0.0,36.0,0.0,0.0,0.0,3.0,39.2,1,1,1,1,2720,878,10158,4675,8599,2619,24781,1,1943,8004,1,1,4736,2590,1.0,36:03,2015,2016
2015-16,201152,Thaddeus Young,Thaddeus,1610612751,BKN,Brooklyn Nets,21500647,2016-01-22T00:00:00,BKN vs. UTA,L,26.8,2.0,2.0,0.0,10.0,6.0,6.0,2.0,38.0,0.0,1.0,1.0,2.0,13.9,1,13074,13074,13074,10220,6026,4731,9917,1840,10028,13237,4025,1422,8004,17214,4972,7786,16232,1.0,26:46,2015,2016
2015-16,101107,Marvin Williams,Marvin,1610612766,CHA,Charlotte Hornets,21500645,2016-01-22T00:00:00,CHA @ ORL,W,33.7,0.0,7.0,0.0,4.0,9.0,5.0,8.0,34.0,1.0,0.0,1.0,6.0,38.8,1,1,1,1,4617,12059,292,9917,8599,15771,11469,17194,2701,2692,1,4972,873,2692,1.0,33:40,2015,2016
2015-16,203507,Giannis Antetokounmpo,Giannis,1610612749,MIL,Milwaukee Bucks,21500650,2016-01-22T00:00:00,MIL @ HOU,L,33.5,6.0,4.0,4.0,12.0,6.0,11.0,14.0,26.0,1.0,3.0,3.0,3.0,32.2,1,13074,13074,13074,4740,878,1596,1913,988,10028,21814,23710,7214,2692,25441,17641,4736,4846,1.0,33:30,2015,2016
2015-16,203148,Brian Roberts,Brian,1610612766,CHA,Charlotte Hornets,21500645,2016-01-22T00:00:00,CHA @ ORL,W,23.6,4.0,0.0,5.0,4.0,4.0,3.0,2.0,10.0,0.0,0.0,2.0,3.0,13.9,1,1,1,1,12870,2460,10158,1277,8599,6141,7138,4025,20209,8004,1,11390,4736,16232,1.0,23:38,2015,2016
2015-16,201973,Jonas Jerebko,Jonas,1610612738,BOS,Boston Celtics,21500646,2016-01-22T00:00:00,BOS vs. CHI,W,18.4,2.0,0.0,2.0,2.0,6.0,8.0,0.0,26.0,1.0,0.0,3.0,0.0,13.5,1,1,1,1,17220,6026,10158,4675,12984,10028,17345,1,7214,2692,1,17641,18762,16552,1.0,18:21,2015,2016
2015-16,1495,Tim Duncan,Tim,1610612759,SAS,San Antonio Spurs,21500653,2016-01-22T00:00:00,SAS @ LAL,W,21.2,0.0,0.0,2.0,2.0,2.0,7.0,4.0,14.0,1.0,1.0,0.0,1.0,17.1,1,1,1,1,14918,12059,10158,4675,12984,2619,15642,8806,17019,2692,17214,1,12373,13791,1.0,21:10,2015,2016
2015-16,2547,Chris Bosh,Chris,1610612748,MIA,Miami Heat,21500649,2016-01-22T00:00:00,MIA @ TOR,L,38.7,2.0,4.0,2.0,12.0,16.0,15.0,6.0,26.0,0.0,1.0,0.0,5.0,34.9,1,13074,13074,13074,1189,6026,1596,4675,988,23774,24781,13388,7214,8004,17214,1,1539,3845,1.0,38:41,2015,2016
2015-16,201959,Taj Gibson,Taj,1610612741,CHI,Chicago Bulls,21500646,2016-01-22T00:00:00,CHI @ BOS,L,22.6,0.0,5.0,0.0,6.0,14.0,7.0,11.0,24.0,2.0,1.0,4.0,2.0,23.7,1,13074,13074,13074,13689,12059,995,9917,5299,22292,15642,21342,8723,932,17214,22104,7786,9329,1.0,22:36,2015,2016
2015-16,201572,Brook Lopez,Brook,1610612751,BKN,Brooklyn Nets,21500647,2016-01-22T00:00:00,BKN vs. UTA,L,19.3,0.0,0.0,0.0,8.0,6.0,6.0,2.0,22.0,0.0,0.0,3.0,2.0,14.6,1,13074,13074,13074,16466,12059,10158,9917,3109,10028,13237,4025,10265,8004,1,17641,7786,15699,1.0,19:18,2015,2016
2015-16,203082,Terrence Ross,Terrence,1610612761,TOR,Toronto Raptors,21500649,2016-01-22T00:00:00,TOR vs. MIA,W,21.8,3.0,3.0,3.0,4.0,4.0,4.0,0.0,18.0,0.0,0.0,0.0,2.0,14.9,1,1,1,1,14331,4307,3104,3302,8599,6141,8458,1,13577,8004,1,1,7786,15463,1.0,21:48,2015,2016
2015-16,1626156,D'Angelo Russell,D'Angelo,1610612747,LAL,Los Angeles Lakers,21500653,2016-01-22T00:00:00,LAL vs. SAS,L,30.0,2.0,0.0,2.0,6.0,13.0,8.0,11.0,32.0,0.0,1.0,0.0,2.0,23.7,1,13074,13074,13074,7507,6026,10158,4675,5299,21300,17345,21342,3535,8004,17214,1,7786,9329,1.0,30:02,2015,2016
2015-16,1717,Dirk Nowitzki,Dirk,1610612742,DAL,Dallas Mavericks,21500651,2016-01-22T00:00:00,DAL vs. OKC,L,29.3,0.0,0.0,2.0,2.0,4.0,13.0,22.0,36.0,2.0,0.0,2.0,1.0,25.9,1,13074,13074,13074,8133,12059,10158,4675,12984,6141,23668,25811,1943,932,1,11390,12373,7960,1.0,29:17,2015,2016
2015-16,203109,Jae Crowder,Jae,1610612738,BOS,Boston Celtics,21500646,2016-01-22T00:00:00,BOS vs. CHI,W,33.6,2.0,3.0,0.0,4.0,14.0,21.0,6.0,40.0,2.0,0.0,4.0,0.0,25.9,1,1,1,1,4710,6026,3104,9917,8599,22292,25962,13388,983,932,1,22104,18762,7960,1.0,33:33,2015,2016
2015-16,201941,Jordan Hill,Jordan,1610612754,IND,Indiana Pacers,21500652,2016-01-22T00:00:00,IND @ GSW,L,15.8,0.0,0.0,0.0,8.0,9.0,12.0,14.0,16.0,1.0,1.0,2.0,1.0,14.8,1,13074,13074,13074,19160,12059,10158,9917,3109,15771,22832,23710,15259,2692,17214,11390,12373,15561,1.0,15:50,2015,2016
2015-16,202683,Enes Freedom,Enes,1610612760,OKC,Oklahoma City Thunder,21500651,2016-01-22T00:00:00,OKC @ DAL,W,24.2,0.0,4.0,0.0,10.0,3.0,4.0,5.0,20.0,0.0,1.0,2.0,4.0,25.8,1,1,1,1,12395,12059,1596,9917,1840,5109,8458,11593,11929,8004,17214,11390,2748,8022,1.0,24:11,2015,2016
2015-16,1891,Jason Terry,Jason,1610612745,HOU,Houston Rockets,21500650,2016-01-22T00:00:00,HOU vs. MIL,W,18.7,0.0,0.0,0.0,0.0,3.0,4.0,10.0,26.0,0.0,0.0,1.0,1.0,19.2,1,1,1,1,16971,12059,10158,9917,18861,5109,8458,20169,7214,8004,1,4972,12373,12284,1.0,18:40,2015,2016
2015-16,202388,Donald Sloan,Donald,1610612751,BKN,Brooklyn Nets,21500647,2016-01-22T00:00:00,BKN vs. UTA,L,25.4,0.0,0.0,0.0,0.0,6.0,6.0,2.0,36.0,0.0,0.0,1.0,1.0,14.8,1,13074,13074,13074,11372,12059,10158,9917,18861,10028,13237,4025,1943,8004,1,4972,12373,15561,1.0,25:24,2015,2016
2015-16,202332,Cole Aldrich,Cole,1610612746,LAC,LA Clippers,21500648,2016-01-22T00:00:00,LAC @ NYK,W,18.0,2.0,0.0,0.0,8.0,6.0,0.0,5.0,22.0,1.0,0.0,2.0,2.0,23.0,1,1,1,1,17539,6026,10158,9917,3109,10028,1,11593,10265,2692,1,11390,7786,9760,1.0,17:58,2015,2016
2015-16,2555,Nick Collison,Nick,1610612760,OKC,Oklahoma City Thunder,21500651,2016-01-22T00:00:00,OKC @ DAL,W,21.1,0.0,1.0,0.0,2.0,2.0,4.0,4.0,18.0,0.0,1.0,2.0,4.0,19.2,1,1,1,1,14986,12059,9709,9917,12984,2619,8458,8806,13577,8004,17214,11390,2748,12284,1.0,21:05,2015,2016
2015-16,203187,Chris Johnson,Chris,1610612762,UTA,Utah Jazz,21500647,2016-01-22T00:00:00,UTA @ BKN,W,24.9,2.0,0.0,2.0,2.0,9.0,3.0,4.0,18.0,0.0,0.0,1.0,2.0,19.4,1,1,1,1,11747,6026,10158,4675,12984,15771,7138,8806,13577,8004,1,4972,7786,12154,1.0,24:55,2015,2016
2015-16,201601,Luc Mbah a Moute,Luc,1610612746,LAC,LA Clippers,21500648,2016-01-22T00:00:00,LAC @ NYK,W,21.8,0.0,0.0,2.0,2.0,5.0,4.0,3.0,10.0,0.0,0.0,3.0,0.0,9.9,1,1,1,1,14365,12059,10158,4675,12984,8403,8458,7328,20209,8004,1,17641,18762,19247,1.0,21:46,2015,2016
2015-16,203584,Troy Daniels,Troy,1610612766,CHA,Charlotte Hornets,21500645,2016-01-22T00:00:00,CHA @ ORL,W,32.3,5.0,2.0,3.0,4.0,5.0,3.0,4.0,18.0,1.0,0.0,4.0,0.0,25.6,1,1,1,1,5633,1603,4731,3302,8599,8403,7138,8806,13577,2692,1,22104,18762,8157,1.0,32:19,2015,2016
2015-16,201977,Marcus Thornton,Marcus,1610612745,HOU,Houston Rockets,21500650,2016-01-22T00:00:00,HOU vs. MIL,W,13.9,5.0,7.0,0.0,4.0,8.0,4.0,3.0,14.0,0.0,1.0,1.0,0.0,10.0,1,1,1,1,20466,1603,292,9917,8599,13914,8458,7328,17019,8004,17214,4972,18762,19178,1.0,13:54,2015,2016
2015-16,2546,Carmelo Anthony,Carmelo,1610612752,NYK,New York Knicks,21500648,2016-01-22T00:00:00,NYK vs. LAC,L,30.9,0.0,0.0,3.0,2.0,14.0,2.0,12.0,20.0,1.0,0.0,0.0,5.0,33.8,1,13074,13074,13074,6838,12059,10158,3302,12984,22292,3734,22259,11929,2692,1,1,1539,4244,1.0,30:52,2015,2016
2015-16,202331,Paul George,Paul,1610612754,IND,Indiana Pacers,21500652,2016-01-22T00:00:00,IND @ GSW,L,31.2,4.0,2.0,2.0,8.0,14.0,17.0,21.0,32.0,0.0,1.0,5.0,4.0,22.9,1,13074,13074,13074,6567,2460,4731,4675,3109,22292,25429,25725,3535,8004,17214,24686,2748,9811,1.0,31:11,2015,2016
2015-16,2585,Zaza Pachulia,Zaza,1610612742,DAL,Dallas Mavericks,21500651,2016-01-22T00:00:00,DAL vs. OKC,L,25.1,0.0,0.0,0.0,4.0,4.0,6.0,18.0,30.0,0.0,0.0,2.0,2.0,19.1,1,13074,13074,13074,11586,12059,10158,9917,8599,6141,13237,25228,4541,8004,1,11390,7786,12372,1.0,25:07,2015,2016
2015-16,203526,Raul Neto,Raul,1610612762,UTA,Utah Jazz,21500647,2016-01-22T00:00:00,UTA @ BKN,W,24.5,0.0,2.0,0.0,4.0,8.0,3.0,2.0,20.0,0.0,0.0,3.0,1.0,14.4,1,1,1,1,12102,12059,4731,9917,8599,13914,7138,4025,11929,8004,1,17641,12373,15857,1.0,24:31,2015,2016
2015-16,2571,Leandro Barbosa,Leandro,1610612744,GSW,Golden State Warriors,21500652,2016-01-22T00:00:00,GSW vs. IND,W,14.4,4.0,2.0,4.0,8.0,12.0,8.0,6.0,20.0,0.0,0.0,2.0,2.0,14.2,1,1,1,1,20163,2460,4731,1913,3109,20178,17345,13388,11929,8004,1,11390,7786,16003,1.0,14:24,2015,2016
2015-16,2734,Devin Harris,Devin,1610612742,DAL,Dallas Mavericks,21500651,2016-01-22T00:00:00,DAL vs. OKC,L,18.5,0.0,0.0,0.0,2.0,4.0,6.0,8.0,20.0,1.0,1.0,1.0,2.0,14.7,1,13074,13074,13074,17124,12059,10158,9917,12984,6141,13237,17194,11929,2692,17214,4972,7786,15631,1.0,18:27,2015,2016
2015-16,101106,Andrew Bogut,Andrew,1610612744,GSW,Golden State Warriors,21500652,2016-01-22T00:00:00,GSW vs. IND,W,19.2,0.0,2.0,0.0,2.0,4.0,7.0,4.0,18.0,3.0,1.0,1.0,0.0,19.7,1,1,1,1,16514,12059,4731,9917,12984,6141,15642,8806,13577,347,17214,4972,18762,11962,1.0,19:13,2015,2016
2015-16,202738,Isaiah Thomas,Isaiah,1610612738,BOS,Boston Celtics,21500646,2016-01-22T00:00:00,BOS vs. CHI,W,31.4,8.0,4.0,9.0,6.0,4.0,17.0,0.0,34.0,0.0,1.0,2.0,5.0,35.1,1,1,1,1,6388,308,1596,184,5299,6141,25429,1,2701,8004,17214,11390,1539,3777,1.0,31:24,2015,2016
2015-16,203487,Michael Carter-Williams,Michael,1610612749,MIL,Milwaukee Bucks,21500650,2016-01-22T00:00:00,MIL @ HOU,L,34.8,2.0,0.0,8.0,6.0,9.0,12.0,12.0,26.0,0.0,2.0,3.0,5.0,34.9,1,13074,13074,13074,3733,6026,10158,280,5299,15771,22832,22259,7214,8004,23588,17641,1539,3845,1.0,34:45,2015,2016
2015-16,203089,John Henson,John,1610612749,MIL,Milwaukee Bucks,21500650,2016-01-22T00:00:00,MIL @ HOU,L,18.2,0.0,2.0,2.0,4.0,6.0,8.0,8.0,18.0,2.0,1.0,3.0,2.0,23.2,1,13074,13074,13074,17319,12059,4731,4675,8599,10028,17345,17194,13577,932,17214,17641,7786,9630,1.0,18:14,2015,2016
2015-16,203114,Khris Middleton,Khris,1610612749,MIL,Milwaukee Bucks,21500650,2016-01-22T00:00:00,MIL @ HOU,L,42.7,5.0,3.0,2.0,6.0,11.0,20.0,14.0,36.0,1.0,1.0,1.0,2.0,34.7,1,13074,13074,13074,229,1603,3104,4675,5299,18886,25875,23710,1943,2692,17214,4972,7786,3935,1.0,42:43,2015,2016
2015-16,201988,Patty Mills,Patty,1610612759,SAS,San Antonio Spurs,21500653,2016-01-22T00:00:00,SAS @ LAL,W,18.3,3.0,6.0,0.0,4.0,3.0,9.0,1.0,14.0,0.0,1.0,1.0,0.0,22.8,1,1,1,1,17303,4307,481,9917,8599,5109,19144,3646,17019,8004,17214,4972,18762,9883,1.0,18:15,2015,2016
2015-16,203084,Harrison Barnes,Harrison,1610612744,GSW,Golden State Warriors,21500652,2016-01-22T00:00:00,GSW vs. IND,W,35.3,0.0,6.0,0.0,4.0,18.0,14.0,13.0,48.0,0.0,2.0,5.0,3.0,25.7,1,1,1,1,3285,12059,481,9917,8599,24749,24300,23048,192,8004,23588,24686,4736,8088,1.0,35:20,2015,2016
2015-16,201573,Jerryd Bayless,Jerryd,1610612749,MIL,Milwaukee Bucks,21500650,2016-01-22T00:00:00,MIL @ HOU,L,20.3,0.0,0.0,0.0,0.0,7.0,13.0,8.0,22.0,0.0,0.0,2.0,2.0,14.2,1,13074,13074,13074,15663,12059,10158,9917,18861,12242,23668,17194,10265,8004,1,11390,7786,16003,1.0,20:17,2015,2016
2015-16,203110,Draymond Green,Draymond,1610612744,GSW,Golden State Warriors,21500652,2016-01-22T00:00:00,GSW vs. IND,W,35.8,4.0,2.0,9.0,20.0,15.0,11.0,15.0,44.0,0.0,0.0,4.0,3.0,47.2,1,1,1,1,2892,2460,4731,184,59,23079,21814,24242,454,8004,1,22104,4736,1051,1.0,35:48,2015,2016
2015-16,1626167,Myles Turner,Myles,1610612754,IND,Indiana Pacers,21500652,2016-01-22T00:00:00,IND @ GSW,L,27.7,6.0,4.0,4.0,18.0,7.0,14.0,9.0,36.0,2.0,1.0,3.0,6.0,48.6,1,13074,13074,13074,9485,878,1596,1913,131,12242,24300,18829,1943,932,17214,17641,873,900,1.0,27:40,2015,2016
2015-16,2561,David West,David,1610612759,SAS,San Antonio Spurs,21500653,2016-01-22T00:00:00,SAS @ LAL,W,23.8,2.0,2.0,2.0,4.0,2.0,9.0,4.0,18.0,1.0,0.0,2.0,1.0,23.9,1,1,1,1,12778,6026,4731,4675,8599,2619,19144,8806,13577,2692,1,11390,12373,9184,1.0,23:45,2015,2016
2015-16,203093,Terrence Jones,Terrence,1610612745,HOU,Houston Rockets,21500650,2016-01-22T00:00:00,HOU vs. MIL,W,32.0,2.0,2.0,6.0,14.0,15.0,11.0,15.0,36.0,4.0,3.0,3.0,2.0,36.1,1,1,1,1,5933,6026,4731,740,542,23079,21814,24242,1943,132,25441,17641,7786,3432,1.0,31:57,2015,2016
2015-16,200768,Kyle Lowry,Kyle,1610612761,TOR,Toronto Raptors,21500649,2016-01-22T00:00:00,TOR vs. MIA,W,38.1,5.0,0.0,0.0,4.0,14.0,16.0,2.0,34.0,1.0,0.0,1.0,2.0,35.8,1,1,1,1,1472,1603,10158,9917,8599,22292,25155,4025,2701,2692,1,4972,7786,3541,1.0,38:05,2015,2016
2015-16,203506,Victor Oladipo,Victor,1610612753,ORL,Orlando Magic,21500645,2016-01-22T00:00:00,ORL vs. CHA,L,42.4,4.0,2.0,2.0,8.0,17.0,13.0,16.0,44.0,0.0,0.0,3.0,2.0,37.3,1,13074,13074,13074,270,2460,4731,4675,3109,24337,23668,24641,454,8004,1,17641,7786,3105,1.0,42:22,2015,2016
2015-16,202328,Greg Monroe,Greg,1610612749,MIL,Milwaukee Bucks,21500650,2016-01-22T00:00:00,MIL @ HOU,L,29.8,3.0,6.0,0.0,20.0,7.0,12.0,10.0,24.0,4.0,3.0,3.0,3.0,47.3,1,13074,13074,13074,7758,4307,481,9917,59,12242,22832,20169,8723,132,25441,17641,4736,1036,1.0,29:46,2015,2016
2015-16,203901,Elfrid Payton,Elfrid,1610612753,ORL,Orlando Magic,21500645,2016-01-22T00:00:00,ORL vs. CHA,L,35.2,3.0,3.0,0.0,4.0,17.0,9.0,14.0,38.0,0.0,2.0,4.0,2.0,35.8,1,13074,13074,13074,3373,4307,3104,9917,8599,24337,19144,23710,1422,8004,23588,22104,7786,3541,1.0,35:13,2015,2016
2015-16,203143,Pablo Prigioni,Pablo,1610612746,LAC,LA Clippers,21500648,2016-01-22T00:00:00,LAC @ NYK,W,19.1,5.0,2.0,2.0,4.0,6.0,0.0,5.0,22.0,0.0,0.0,0.0,2.0,29.8,1,1,1,1,16626,1603,4731,4675,8599,10028,1,11593,10265,8004,1,1,7786,5948,1.0,19:06,2015,2016
2015-16,202344,Trevor Booker,Trevor,1610612762,UTA,Utah Jazz,21500647,2016-01-22T00:00:00,UTA @ BKN,W,22.0,2.0,0.0,0.0,10.0,8.0,2.0,2.0,16.0,0.0,0.0,3.0,0.0,24.5,1,1,1,1,14164,6026,10158,9917,1840,13914,3734,4025,15259,8004,1,17641,18762,8801,1.0,22:00,2015,2016
2015-16,201942,DeMar DeRozan,DeMar,1610612761,TOR,Toronto Raptors,21500649,2016-01-22T00:00:00,TOR vs. MIA,W,35.8,6.0,4.0,1.0,10.0,12.0,12.0,2.0,32.0,0.0,0.0,3.0,5.0,48.2,1,1,1,1,2909,878,1596,9347,1840,20178,22832,4025,3535,8004,1,17641,1539,941,1.0,35:47,2015,2016
2015-16,101138,Brandon Bass,Brandon,1610612747,LAL,Los Angeles Lakers,21500653,2016-01-22T00:00:00,LAL vs. SAS,L,20.4,0.0,0.0,0.0,2.0,9.0,8.0,4.0,22.0,3.0,2.0,2.0,2.0,24.2,1,13074,13074,13074,15600,12059,10158,9917,12984,15771,17345,8806,10265,347,23588,11390,7786,9009,1.0,20:21,2015,2016
2015-16,101114,Deron Williams,Deron,1610612742,DAL,Dallas Mavericks,21500651,2016-01-22T00:00:00,DAL vs. OKC,L,36.3,2.0,0.0,2.0,6.0,4.0,8.0,22.0,36.0,0.0,2.0,2.0,3.0,35.9,1,13074,13074,13074,2566,6026,10158,4675,5299,6141,17345,25811,1943,8004,23588,11390,4736,3505,1.0,36:16,2015,2016
2015-16,201939,Stephen Curry,Stephen,1610612744,GSW,Golden State Warriors,21500652,2016-01-22T00:00:00,GSW vs. IND,W,36.8,9.0,6.0,11.0,6.0,17.0,15.0,17.0,42.0,0.0,0.0,1.0,6.0,70.0,1,1,1,1,2204,171,481,69,5299,24337,24781,24967,670,8004,1,4972,873,45,1.0,36:49,2015,2016
2015-16,101145,Monta Ellis,Monta,1610612754,IND,Indiana Pacers,21500652,2016-01-22T00:00:00,IND @ GSW,L,24.8,4.0,2.0,4.0,2.0,13.0,16.0,21.0,32.0,1.0,0.0,3.0,3.0,30.1,1,13074,13074,13074,11828,2460,4731,1913,12984,21300,25155,25725,3535,2692,1,17641,4736,5794,1.0,24:48,2015,2016
2015-16,202689,Kemba Walker,Kemba,1610612766,CHA,Charlotte Hornets,21500645,2016-01-22T00:00:00,CHA @ ORL,W,46.4,8.0,0.0,4.0,18.0,9.0,5.0,10.0,38.0,1.0,1.0,0.0,7.0,74.9,1,1,1,1,48,308,10158,1913,131,15771,11469,20169,1422,2692,17214,1,469,19,1.0,46:22,2015,2016
2015-16,202083,Wesley Matthews,Wesley,1610612742,DAL,Dallas Mavericks,21500651,2016-01-22T00:00:00,DAL vs. OKC,L,35.3,5.0,0.0,5.0,8.0,4.0,10.0,20.0,36.0,1.0,1.0,1.0,2.0,36.1,1,13074,13074,13074,3285,1603,10158,1277,3109,6141,20509,25599,1943,2692,17214,4972,7786,3432,1.0,35:20,2015,2016
2015-16,1626170,Jerian Grant,Jerian,1610612752,NYK,New York Knicks,21500648,2016-01-22T00:00:00,NYK vs. LAC,L,24.4,0.0,0.0,3.0,6.0,13.0,2.0,4.0,20.0,0.0,0.0,4.0,3.0,24.2,1,13074,13074,13074,12210,12059,10158,3302,5299,21300,3734,8806,11929,8004,1,22104,4736,9009,1.0,24:24,2015,2016
2015-16,202710,Jimmy Butler III,Jimmy,1610612741,CHI,Chicago Bulls,21500646,2016-01-22T00:00:00,CHI @ BOS,L,38.5,10.0,7.0,4.0,12.0,22.0,13.0,13.0,36.0,0.0,0.0,0.0,5.0,51.3,1,13074,13074,13074,1281,99,292,1913,988,25683,23668,23048,1943,8004,1,1,1539,631,1.0,38:29,2015,2016
2015-16,1938,Manu Ginobili,Manu,1610612759,SAS,San Antonio Spurs,21500653,2016-01-22T00:00:00,SAS @ LAL,W,19.1,0.0,0.0,0.0,10.0,5.0,11.0,3.0,18.0,2.0,0.0,0.0,0.0,49.8,1,1,1,1,16642,12059,10158,9917,1840,8403,21814,7328,13577,932,1,1,18762,775,1.0,19:04,2015,2016
2015-16,2746,Josh Smith,Josh,1610612745,HOU,Houston Rockets,21500650,2016-01-22T00:00:00,HOU vs. MIL,W,21.2,0.0,0.0,0.0,2.0,15.0,11.0,7.0,18.0,3.0,1.0,4.0,2.0,30.0,1,1,1,1,14897,12059,10158,9917,12984,23079,21814,15538,13577,347,17214,22104,7786,5840,1.0,21:11,2015,2016
2015-16,201565,Derrick Rose,Derrick,1610612741,CHI,Chicago Bulls,21500646,2016-01-22T00:00:00,CHI @ BOS,L,36.1,0.0,3.0,0.0,10.0,24.0,11.0,17.0,36.0,0.0,2.0,2.0,6.0,35.9,1,13074,13074,13074,2650,12059,3104,9917,1840,25890,21814,24967,1943,8004,23588,11390,873,3505,1.0,36:08,2015,2016
2015-16,201980,Danny Green,Danny,1610612759,SAS,San Antonio Spurs,21500653,2016-01-22T00:00:00,SAS @ LAL,W,21.8,0.0,3.0,3.0,0.0,0.0,7.0,2.0,12.0,4.0,0.0,0.0,0.0,36.0,1,1,1,1,14365,12059,3104,3302,18861,1,15642,4025,18637,132,1,1,18762,3463,1.0,21:46,2015,2016
2015-16,202685,Jonas Valančiūnas,Jonas,1610612761,TOR,Toronto Raptors,21500649,2016-01-22T00:00:00,TOR vs. MIA,W,26.6,0.0,3.0,0.0,4.0,8.0,10.0,2.0,22.0,3.0,1.0,3.0,3.0,37.1,1,1,1,1,10338,12059,3104,9917,8599,13914,20509,4025,10265,347,17214,17641,4736,3151,1.0,26:38,2015,2016
2015-16,201142,Kevin Durant,Kevin,1610612760,OKC,Oklahoma City Thunder,21500651,2016-01-22T00:00:00,OKC @ DAL,W,38.3,6.0,2.0,4.0,8.0,15.0,0.0,13.0,34.0,2.0,1.0,0.0,2.0,44.1,1,1,1,1,1360,878,4731,1913,3109,23079,1,23048,2701,932,17214,1,7786,1542,1.0,38:20,2015,2016
2015-16,203613,Jonathon Simmons,Jonathon,1610612759,SAS,San Antonio Spurs,21500653,2016-01-22T00:00:00,SAS @ LAL,W,19.3,2.0,0.0,2.0,4.0,5.0,9.0,5.0,20.0,0.0,1.0,2.0,0.0,7.5,1,1,1,1,16436,6026,10158,4675,8599,8403,19144,11593,11929,8004,17214,11390,18762,20874,1.0,19:20,2015,2016
2015-16,202696,Nikola Vučević,Nikola,1610612753,ORL,Orlando Magic,21500645,2016-01-22T00:00:00,ORL vs. CHA,L,38.6,0.0,0.0,0.0,6.0,19.0,11.0,16.0,44.0,6.0,2.0,2.0,2.0,52.4,1,13074,13074,13074,1218,12059,10158,9917,5299,25074,21814,24641,454,19,23588,11390,7786,549,1.0,38:37,2015,2016
2015-16,201150,Spencer Hawes,Spencer,1610612766,CHA,Charlotte Hornets,21500645,2016-01-22T00:00:00,CHA @ ORL,W,32.4,0.0,4.0,0.0,12.0,9.0,5.0,8.0,30.0,1.0,1.0,3.0,1.0,35.5,1,1,1,1,5588,12059,1596,9917,988,15771,11469,17194,4541,2692,17214,17641,12373,3657,1.0,32:23,2015,2016
2015-16,2772,Trevor Ariza,Trevor,1610612745,HOU,Houston Rockets,21500650,2016-01-22T00:00:00,HOU vs. MIL,W,36.8,0.0,0.0,0.0,2.0,10.0,13.0,18.0,44.0,1.0,1.0,0.0,1.0,30.0,1,1,1,1,2190,12059,10158,9917,12984,17370,23668,25228,454,2692,17214,1,12373,5840,1.0,36:50,2015,2016
2015-16,203096,Jared Sullinger,Jared,1610612738,BOS,Boston Celtics,21500646,2016-01-22T00:00:00,BOS vs. CHI,W,30.5,2.0,0.0,2.0,10.0,2.0,15.0,0.0,32.0,1.0,1.0,5.0,3.0,50.9,1,1,1,1,7117,6026,10158,4675,1840,2619,24781,1,3535,2692,17214,24686,4736,664,1.0,30:29,2015,2016
2015-16,101108,Chris Paul,Chris,1610612746,LAC,LA Clippers,21500648,2016-01-22T00:00:00,LAC @ NYK,W,27.7,2.0,0.0,2.0,2.0,9.0,6.0,3.0,16.0,0.0,0.0,3.0,4.0,43.7,1,1,1,1,9481,6026,10158,4675,12984,15771,13237,7328,15259,8004,1,17641,2748,1610,1.0,27:40,2015,2016
2015-16,202699,Tobias Harris,Tobias,1610612753,ORL,Orlando Magic,21500645,2016-01-22T00:00:00,ORL vs. CHA,L,39.3,2.0,0.0,6.0,14.0,19.0,13.0,16.0,46.0,2.0,0.0,5.0,4.0,36.0,1,13074,13074,13074,967,6026,10158,740,542,25074,23668,24641,298,932,1,24686,2748,3463,1.0,39:15,2015,2016
2015-16,201935,James Harden,James,1610612745,HOU,Houston Rockets,21500650,2016-01-22T00:00:00,HOU vs. MIL,W,34.1,2.0,5.0,8.0,8.0,12.0,13.0,18.0,44.0,0.0,1.0,2.0,5.0,52.0,1,1,1,1,4265,6026,995,280,3109,20178,23668,25228,454,8004,17214,11390,1539,571,1.0,34:06,2015,2016
2015-16,101123,Gerald Green,Gerald,1610612748,MIA,Miami Heat,21500649,2016-01-22T00:00:00,MIA @ TOR,L,22.1,0.0,0.0,0.0,0.0,8.0,12.0,4.0,16.0,0.0,0.0,3.0,1.0,1.6,1,13074,13074,13074,14084,12059,10158,9917,18861,13914,22832,8806,15259,8004,1,17641,12373,24470,1.0,22:06,2015,2016
2015-16,201167,Arron Afflalo,Arron,1610612752,NYK,New York Knicks,21500648,2016-01-22T00:00:00,NYK vs. LAC,L,30.2,0.0,0.0,0.0,2.0,14.0,2.0,8.0,22.0,0.0,1.0,3.0,1.0,11.2,1,13074,13074,13074,7399,12059,10158,9917,12984,22292,3734,17194,10265,8004,17214,17641,12373,18267,1.0,30:09,2015,2016
2015-16,202335,Patrick Patterson,Patrick,1610612761,TOR,Toronto Raptors,21500649,2016-01-22T00:00:00,TOR vs. MIA,W,23.9,0.0,2.0,0.0,2.0,4.0,8.0,2.0,22.0,0.0,0.0,3.0,0.0,6.4,1,1,1,1,12702,12059,4731,9917,12984,6141,17345,4025,10265,8004,1,17641,18762,21589,1.0,23:51,2015,2016
2015-16,203105,Festus Ezeli,Festus,1610612744,GSW,Golden State Warriors,21500652,2016-01-22T00:00:00,GSW vs. IND,W,11.1,0.0,0.0,0.0,0.0,9.0,8.0,5.0,16.0,1.0,0.0,3.0,1.0,10.9,1,1,1,1,21985,12059,10158,9917,18861,15771,17345,11593,15259,2692,1,17641,12373,18498,1.0,11:06,2015,2016
2015-16,203461,Anthony Bennett,Anthony,1610612761,TOR,Toronto Raptors,21500649,2016-01-22T00:00:00,TOR vs. MIA,W,1.6,0.0,0.0,0.0,0.0,0.0,0.0,0.0,0.0,0.0,0.0,0.0,0.0,1.2,1,1,1,1,25660,12059,10158,9917,18861,1,1,1,25429,8004,1,1,18762,24661,1.0,1:36,2015,2016
2015-16,200745,Andrea Bargnani,Andrea,1610612751,BKN,Brooklyn Nets,21500647,2016-01-22T00:00:00,BKN vs. UTA,L,21.2,2.0,0.0,0.0,2.0,11.0,0.0,4.0,16.0,1.0,0.0,1.0,0.0,10.7,1,13074,13074,13074,14849,6026,10158,9917,12984,18886,1,8806,15259,2692,1,4972,18762,18636,1.0,21:14,2015,2016
2015-16,1626148,Anthony Brown,Anthony,1610612747,LAL,Los Angeles Lakers,21500653,2016-01-22T00:00:00,LAL vs. SAS,L,21.4,0.0,0.0,0.0,2.0,9.0,8.0,4.0,20.0,0.0,2.0,0.0,1.0,6.4,1,13074,13074,13074,14657,12059,10158,9917,12984,15771,17345,8806,11929,8004,23588,1,12373,21589,1.0,21:26,2015,2016
2015-16,203950,Jarnell Stokes,Jarnell,1610612748,MIA,Miami Heat,21500649,2016-01-22T00:00:00,MIA @ TOR,L,1.6,0.0,0.0,0.0,0.0,0.0,0.0,0.0,2.0,0.0,0.0,0.0,0.0,1.2,1,13074,13074,13074,25660,12059,10158,9917,18861,1,1,1,24614,8004,1,1,18762,24661,1.0,1:36,2015,2016
2015-16,202734,E'Twaun Moore,E'Twaun,1610612741,CHI,Chicago Bulls,21500646,2016-01-22T00:00:00,CHI @ BOS,L,7.9,0.0,0.0,0.0,0.0,2.0,2.0,0.0,6.0,0.0,0.0,2.0,0.0,1.2,1,13074,13074,13074,23217,12059,10158,9917,18861,2619,3734,1,22724,8004,1,11390,18762,24661,1.0,7:55,2015,2016
2015-16,201946,Tyler Hansbrough,Tyler,1610612766,CHA,Charlotte Hornets,21500645,2016-01-22T00:00:00,CHA @ ORL,W,18.1,0.0,4.0,0.0,6.0,2.0,0.0,2.0,8.0,0.0,2.0,1.0,3.0,10.8,1,1,1,1,17477,12059,1596,9917,5299,2619,1,4025,21543,8004,23588,4972,4736,18579,1.0,18:03,2015,2016
2015-16,202391,Jeremy Lin,Jeremy,1610612766,CHA,Charlotte Hornets,21500645,2016-01-22T00:00:00,CHA @ ORL,W,29.6,0.0,0.0,0.0,2.0,6.0,2.0,8.0,34.0,0.0,1.0,3.0,4.0,11.2,1,1,1,1,7882,12059,10158,9917,12984,10028,3734,17194,2701,8004,17214,17641,2748,18267,1.0,29:36,2015,2016
2015-16,203124,Kyle O'Quinn,Kyle,1610612752,NYK,New York Knicks,21500648,2016-01-22T00:00:00,NYK vs. LAC,L,5.1,2.0,0.0,0.0,4.0,2.0,0.0,0.0,4.0,0.0,1.0,0.0,0.0,5.6,1,13074,13074,13074,24317,6026,10158,9917,8599,2619,1,1,23698,8004,17214,1,18762,22133,1.0,5:08,2015,2016
2015-16,203094,Andrew Nicholson,Andrew,1610612753,ORL,Orlando Magic,21500645,2016-01-22T00:00:00,ORL vs. CHA,L,5.0,0.0,0.0,0.0,0.0,3.0,4.0,3.0,6.0,0.0,0.0,0.0,0.0,1.2,1,13074,13074,13074,24378,12059,10158,9917,18861,5109,8458,7328,22724,8004,1,1,18762,24661,1.0,4:58,2015,2016
2015-16,201575,Brandon Rush,Brandon,1610612744,GSW,Golden State Warriors,21500652,2016-01-22T00:00:00,GSW vs. IND,W,1.3,0.0,0.0,0.0,0.0,0.0,0.0,0.0,2.0,0.0,0.0,0.0,0.0,0.0,1,1,1,1,25768,12059,10158,9917,18861,1,1,1,24614,8004,1,1,18762,25170,1.0,1:18,2015,2016
2015-16,1626273,Marcelo Huertas,Marcelo,1610612747,LAL,Los Angeles Lakers,21500653,2016-01-22T00:00:00,LAL vs. SAS,L,5.4,0.0,0.0,0.0,0.0,2.0,0.0,0.0,2.0,0.0,0.0,0.0,0.0,4.2,1,13074,13074,13074,24217,12059,10158,9917,18861,2619,1,1,24614,8004,1,1,18762,22976,1.0,5:23,2015,2016
2015-16,204060,Joe Ingles,Joe,1610612762,UTA,Utah Jazz,21500647,2016-01-22T00:00:00,UTA @ BKN,W,12.4,0.0,0.0,0.0,0.0,5.0,1.0,6.0,10.0,0.0,0.0,1.0,0.0,9.2,1,1,1,1,21322,12059,10158,9917,18861,8403,3393,13388,20209,8004,1,4972,18762,19680,1.0,12:25,2015,2016
2015-16,203087,Jeremy Lamb,Jeremy,1610612766,CHA,Charlotte Hornets,21500645,2016-01-22T00:00:00,CHA @ ORL,W,4.2,0.0,0.0,0.0,0.0,2.0,0.0,0.0,2.0,0.0,0.0,3.0,0.0,0.0,1,1,1,1,24640,12059,10158,9917,18861,2619,1,1,24614,8004,1,17641,18762,25170,1.0,4:12,2015,2016
2015-16,200811,Lou Amundson,Lou,1610612752,NYK,New York Knicks,21500648,2016-01-22T00:00:00,NYK vs. LAC,L,4.3,0.0,0.0,0.0,2.0,2.0,2.0,0.0,4.0,0.0,0.0,0.0,1.0,3.5,1,13074,13074,13074,24626,12059,10158,9917,12984,2619,3734,1,23698,8004,1,1,12373,23351,1.0,4:15,2015,2016
2015-16,201578,Marreese Speights,Marreese,1610612744,GSW,Golden State Warriors,21500652,2016-01-22T00:00:00,GSW vs. IND,W,5.6,0.0,0.0,0.0,0.0,2.0,0.0,1.0,4.0,0.0,0.0,3.0,0.0,7.2,1,1,1,1,24144,12059,10158,9917,18861,2619,1,3646,23698,8004,1,17641,18762,21035,1.0,5:35,2015,2016
2015-16,203926,Doug McDermott,Doug,1610612741,CHI,Chicago Bulls,21500646,2016-01-22T00:00:00,CHI @ BOS,L,23.2,0.0,0.0,0.0,0.0,6.0,6.0,5.0,18.0,0.0,0.0,4.0,0.0,3.4,1,13074,13074,13074,13230,12059,10158,9917,18861,10028,13237,11593,13577,8004,1,22104,18762,23417,1.0,23:10,2015,2016
2015-16,203460,Andre Roberson,Andre,1610612760,OKC,Oklahoma City Thunder,21500651,2016-01-22T00:00:00,OKC @ DAL,W,12.7,0.0,2.0,2.0,2.0,0.0,0.0,2.0,10.0,0.0,0.0,0.0,0.0,4.4,1,1,1,1,21112,12059,4731,4675,12984,1,1,4025,20209,8004,1,1,18762,22837,1.0,12:44,2015,2016
2015-16,101109,Raymond Felton,Raymond,1610612742,DAL,Dallas Mavericks,21500651,2016-01-22T00:00:00,DAL vs. OKC,L,9.4,0.0,0.0,0.0,0.0,0.0,3.0,0.0,8.0,0.0,0.0,1.0,1.0,4.7,1,13074,13074,13074,22670,12059,10158,9917,18861,1,7138,1,21543,8004,1,4972,12373,22672,1.0,9:24,2015,2016
2015-16,1626266,JJ O'Brien,JJ,1610612762,UTA,Utah Jazz,21500647,2016-01-22T00:00:00,UTA @ BKN,W,1.8,0.0,0.0,0.0,0.0,0.0,0.0,2.0,0.0,0.0,0.0,0.0,0.0,0.0,1,1,1,1,25577,12059,10158,9917,18861,1,1,4025,25429,8004,1,1,18762,25170,1.0,1:49,2015,2016
2015-16,200826,J.J. Barea,J.J.,1610612742,DAL,Dallas Mavericks,21500651,2016-01-22T00:00:00,DAL vs. OKC,L,21.2,0.0,0.0,0.0,2.0,2.0,11.0,8.0,24.0,0.0,1.0,0.0,1.0,13.3,1,13074,13074,13074,14918,12059,10158,9917,12984,2619,21814,17194,8723,8004,17214,1,12373,16712,1.0,21:10,2015,2016
2015-16,101112,Channing Frye,Channing,1610612753,ORL,Orlando Magic,21500645,2016-01-22T00:00:00,ORL vs. CHA,L,12.3,2.0,0.0,0.0,0.0,2.0,4.0,0.0,14.0,0.0,0.0,0.0,1.0,8.9,1,13074,13074,13074,21403,6026,10158,9917,18861,2619,8458,1,17019,8004,1,1,12373,19914,1.0,12:16,2015,2016
2015-16,203492,Ray McCallum,Ray,1610612759,SAS,San Antonio Spurs,21500653,2016-01-22T00:00:00,SAS @ LAL,W,7.5,0.0,0.0,0.0,0.0,2.0,0.0,4.0,12.0,0.0,1.0,0.0,0.0,-1.0,1,1,1,1,23393,12059,10158,9917,18861,2619,1,8806,18637,8004,17214,1,18762,25932,1.0,7:29,2015,2016
2015-16,1626246,Boban Marjanović,Boban,1610612759,SAS,San Antonio Spurs,21500653,2016-01-22T00:00:00,SAS @ LAL,W,9.4,0.0,2.0,0.0,2.0,2.0,2.0,4.0,12.0,0.0,0.0,1.0,0.0,3.2,1,1,1,1,22676,12059,4731,9917,12984,2619,3734,8806,18637,8004,1,4972,18762,23473,1.0,9:23,2015,2016
2015-16,203912,C.J. Wilcox,C.J.,1610612746,LAC,LA Clippers,21500648,2016-01-22T00:00:00,LAC @ NYK,W,6.2,2.0,0.0,0.0,0.0,2.0,0.0,3.0,8.0,0.0,0.0,0.0,0.0,4.0,1,1,1,1,23888,6026,10158,9917,18861,2619,1,7328,21543,8004,1,1,18762,23142,1.0,6:10,2015,2016
2015-16,204028,Tarik Black,Tarik,1610612747,LAL,Los Angeles Lakers,21500653,2016-01-22T00:00:00,LAL vs. SAS,L,7.5,0.0,0.0,0.0,4.0,2.0,2.0,0.0,4.0,1.0,0.0,0.0,1.0,9.4,1,13074,13074,13074,23393,12059,10158,9917,8599,2619,3734,1,23698,2692,1,1,12373,19568,1.0,7:29,2015,2016
2015-16,203080,Thomas Robinson,Thomas,1610612751,BKN,Brooklyn Nets,21500647,2016-01-22T00:00:00,BKN vs. UTA,L,3.3,0.0,0.0,0.0,0.0,1.0,0.0,0.0,6.0,0.0,0.0,0.0,0.0,0.0,1,13074,13074,13074,25007,12059,10158,9917,18861,2356,1,1,22724,8004,1,1,18762,25170,1.0,3:17,2015,2016
2015-16,203948,Johnny O'Bryant III,Johnny,1610612749,MIL,Milwaukee Bucks,21500650,2016-01-22T00:00:00,MIL @ HOU,L,15.6,0.0,0.0,0.0,2.0,6.0,8.0,8.0,20.0,0.0,0.0,1.0,2.0,7.1,1,13074,13074,13074,19356,12059,10158,9917,12984,10028,17345,17194,11929,8004,1,4972,7786,21141,1.0,15:35,2015,2016
2015-16,201160,Jason Smith,Jason,1610612753,ORL,Orlando Magic,21500645,2016-01-22T00:00:00,ORL vs. CHA,L,14.0,0.0,0.0,0.0,0.0,4.0,6.0,0.0,12.0,0.0,0.0,1.0,2.0,8.7,1,13074,13074,13074,20413,12059,10158,9917,18861,6141,13237,1,18637,8004,1,4972,7786,20045,1.0,13:59,2015,2016
2015-16,203937,Kyle Anderson,Kyle,1610612759,SAS,San Antonio Spurs,21500653,2016-01-22T00:00:00,SAS @ LAL,W,12.9,2.0,0.0,0.0,2.0,5.0,3.0,5.0,12.0,1.0,0.0,1.0,0.0,8.2,1,1,1,1,21038,6026,10158,9917,12984,8403,7138,11593,18637,2692,1,4972,18762,20416,1.0,12:53,2015,2016
2015-16,1718,Paul Pierce,Paul,1610612746,LAC,LA Clippers,21500648,2016-01-22T00:00:00,LAC @ NYK,W,18.8,2.0,0.0,3.0,2.0,7.0,4.0,3.0,12.0,0.0,0.0,2.0,0.0,21.3,1,1,1,1,16907,6026,10158,3302,12984,12242,8458,7328,18637,8004,1,11390,18762,10880,1.0,18:45,2015,2016
2015-16,203499,Shane Larkin,Shane,1610612751,BKN,Brooklyn Nets,21500647,2016-01-22T00:00:00,BKN vs. UTA,L,13.0,0.0,0.0,0.0,0.0,9.0,0.0,4.0,14.0,0.0,1.0,0.0,2.0,8.5,1,13074,13074,13074,20962,12059,10158,9917,18861,15771,1,8806,17019,8004,17214,1,7786,20215,1.0,13:01,2015,2016
2015-16,202709,Cory Joseph,Cory,1610612761,TOR,Toronto Raptors,21500649,2016-01-22T00:00:00,TOR vs. MIA,W,19.6,2.0,0.0,0.0,0.0,2.0,4.0,0.0,18.0,0.0,1.0,0.0,1.0,2.2,1,1,1,1,16263,6026,10158,9917,18861,2619,8458,1,13577,8004,17214,1,12373,24138,1.0,19:34,2015,2016
2015-16,2037,Jamal Crawford,Jamal,1610612746,LAC,LA Clippers,21500648,2016-01-22T00:00:00,LAC @ NYK,W,23.2,5.0,0.0,0.0,4.0,8.0,2.0,2.0,22.0,0.0,0.0,0.0,2.0,12.5,1,1,1,1,13217,1603,10158,9917,8599,13914,3734,4025,10265,8004,1,1,7786,17372,1.0,23:11,2015,2016
2015-16,202362,Lance Stephenson,Lance,1610612746,LAC,LA Clippers,21500648,2016-01-22T00:00:00,LAC @ NYK,W,6.2,0.0,0.0,0.0,0.0,2.0,0.0,3.0,8.0,0.0,0.0,1.0,0.0,2.7,1,1,1,1,23888,12059,10158,9917,18861,2619,1,7328,21543,8004,1,4972,18762,23884,1.0,6:10,2015,2016
2015-16,200755,JJ Redick,JJ,1610612746,LAC,LA Clippers,21500648,2016-01-22T00:00:00,LAC @ NYK,W,24.4,0.0,0.0,0.0,0.0,9.0,4.0,3.0,12.0,0.0,1.0,0.0,1.0,8.4,1,1,1,1,12221,12059,10158,9917,18861,15771,8458,7328,18637,8004,17214,1,12373,20273,1.0,24:23,2015,2016
2015-16,203092,Tyler Zeller,Tyler,1610612738,BOS,Boston Celtics,21500646,2016-01-22T00:00:00,BOS vs. CHI,W,15.6,0.0,4.0,0.0,4.0,12.0,6.0,6.0,18.0,0.0,1.0,2.0,1.0,16.3,1,1,1,1,19365,12059,1596,9917,8599,20178,13237,13388,13577,8004,17214,11390,12373,14372,1.0,15:34,2015,2016
2015-16,203939,Dwight Powell,Dwight,1610612742,DAL,Dallas Mavericks,21500651,2016-01-22T00:00:00,DAL vs. OKC,L,6.6,0.0,0.0,0.0,0.0,4.0,2.0,6.0,10.0,0.0,0.0,2.0,0.0,2.4,1,13074,13074,13074,23716,12059,10158,9917,18861,6141,3734,13388,20209,8004,1,11390,18762,24024,1.0,6:35,2015,2016
2015-16,203186,Willie Reed,Willie,1610612751,BKN,Brooklyn Nets,21500647,2016-01-22T00:00:00,BKN vs. UTA,L,25.4,3.0,3.0,0.0,8.0,10.0,0.0,4.0,26.0,0.0,1.0,2.0,5.0,18.6,1,13074,13074,13074,11358,4307,3104,9917,3109,17370,1,8806,7214,8004,17214,11390,1539,12715,1.0,25:25,2015,2016
2015-16,2756,Sasha Vujacic,Sasha,1610612752,NYK,New York Knicks,21500648,2016-01-22T00:00:00,NYK vs. LAC,L,12.0,0.0,0.0,0.0,0.0,9.0,2.0,2.0,14.0,0.0,0.0,1.0,0.0,3.0,1,13074,13074,13074,21529,12059,10158,9917,18861,15771,3734,4025,17019,8004,1,4972,18762,23648,1.0,12:00,2015,2016
2015-16,203903,Jordan Clarkson,Jordan,1610612747,LAL,Los Angeles Lakers,21500653,2016-01-22T00:00:00,LAL vs. SAS,L,29.0,0.0,5.0,2.0,4.0,10.0,13.0,21.0,26.0,0.0,3.0,0.0,1.0,21.1,1,13074,13074,13074,8413,12059,995,4675,8599,17370,23668,25725,7214,8004,25441,1,12373,11012,1.0,28:57,2015,2016
2015-16,1626171,Bobby Portis,Bobby,1610612741,CHI,Chicago Bulls,21500646,2016-01-22T00:00:00,CHI @ BOS,L,18.0,0.0,2.0,2.0,6.0,2.0,10.0,2.0,14.0,1.0,2.0,0.0,1.0,16.6,1,13074,13074,13074,17489,12059,4731,4675,5299,2619,20509,4025,17019,2692,23588,1,12373,14125,1.0,18:02,2015,2016
2015-16,201166,Aaron Brooks,Aaron,1610612741,CHI,Chicago Bulls,21500646,2016-01-22T00:00:00,CHI @ BOS,L,19.8,0.0,0.0,0.0,4.0,10.0,6.0,7.0,18.0,0.0,0.0,4.0,2.0,3.0,1,13074,13074,13074,16071,12059,10158,9917,8599,17370,13237,15538,13577,8004,1,22104,7786,23648,1.0,19:48,2015,2016
2015-16,2449,Luis Scola,Luis,1610612761,TOR,Toronto Raptors,21500649,2016-01-22T00:00:00,TOR vs. MIA,W,22.6,2.0,3.0,2.0,4.0,10.0,8.0,0.0,20.0,0.0,0.0,2.0,2.0,18.2,1,1,1,1,13726,6026,3104,4675,8599,17370,17345,1,11929,8004,1,11390,7786,13004,1.0,22:33,2015,2016
2015-16,202713,Kyle Singler,Kyle,1610612760,OKC,Oklahoma City Thunder,21500651,2016-01-22T00:00:00,OKC @ DAL,W,22.8,0.0,2.0,2.0,2.0,12.0,4.0,10.0,22.0,1.0,0.0,3.0,2.0,18.0,1,1,1,1,13528,12059,4731,4675,12984,20178,8458,20169,10265,2692,1,17641,7786,13164,1.0,22:48,2015,2016
2015-16,203546,Ian Clark,Ian,1610612744,GSW,Golden State Warriors,21500652,2016-01-22T00:00:00,GSW vs. IND,W,1.3,0.0,0.0,0.0,2.0,0.0,0.0,0.0,2.0,0.0,0.0,1.0,0.0,2.0,1,1,1,1,25768,12059,10158,9917,12984,1,1,1,24614,8004,1,4972,18762,24216,1.0,1:18,2015,2016
2015-16,1626209,Mario Hezonja,Mario,1610612753,ORL,Orlando Magic,21500645,2016-01-22T00:00:00,ORL vs. CHA,L,6.6,0.0,0.0,0.0,0.0,2.0,4.0,0.0,8.0,0.0,0.0,1.0,0.0,2.9,1,13074,13074,13074,23712,12059,10158,9917,18861,2619,8458,1,21543,8004,1,4972,18762,23852,1.0,6:36,2015,2016
2015-16,1626153,Delon Wright,Delon,1610612761,TOR,Toronto Raptors,21500649,2016-01-22T00:00:00,TOR vs. MIA,W,1.6,0.0,0.0,0.0,2.0,0.0,0.0,0.0,0.0,0.0,0.0,0.0,0.0,2.0,1,1,1,1,25660,12059,10158,9917,12984,1,1,1,25429,8004,1,1,18762,24216,1.0,1:36,2015,2016
2015-16,1626166,Cameron Payne,Cameron,1610612760,OKC,Oklahoma City Thunder,21500651,2016-01-22T00:00:00,OKC @ DAL,W,13.4,0.0,0.0,2.0,4.0,2.0,2.0,5.0,8.0,0.0,1.0,2.0,0.0,12.9,1,1,1,1,20741,12059,10158,4675,8599,2619,3734,11593,21543,8004,17214,11390,18762,17049,1.0,13:24,2015,2016
2015-16,201978,Chase Budinger,Chase,1610612754,IND,Indiana Pacers,21500652,2016-01-22T00:00:00,IND @ GSW,L,13.9,3.0,2.0,3.0,4.0,4.0,10.0,3.0,12.0,0.0,0.0,2.0,1.0,13.1,1,13074,13074,13074,20491,4307,4731,3302,8599,6141,20509,7328,18637,8004,1,11390,12373,16874,1.0,13:52,2015,2016
2015-16,203894,Shabazz Napier,Shabazz,1610612753,ORL,Orlando Magic,21500645,2016-01-22T00:00:00,ORL vs. CHA,L,14.8,0.0,0.0,0.0,0.0,6.0,8.0,0.0,14.0,0.0,0.0,1.0,0.0,18.1,1,13074,13074,13074,19926,12059,10158,9917,18861,10028,17345,1,17019,8004,1,4972,18762,13090,1.0,14:45,2015,2016
2015-16,202682,Derrick Williams,Derrick,1610612752,NYK,New York Knicks,21500648,2016-01-22T00:00:00,NYK vs. LAC,L,28.9,7.0,0.0,2.0,6.0,17.0,2.0,10.0,22.0,0.0,1.0,3.0,2.0,18.4,1,13074,13074,13074,8423,548,10158,4675,5299,24337,3734,20169,10265,8004,17214,17641,7786,12854,1.0,28:56,2015,2016
2015-16,977,Kobe Bryant,Kobe,1610612747,LAL,Los Angeles Lakers,21500653,2016-01-22T00:00:00,LAL vs. SAS,L,26.6,0.0,0.0,0.0,2.0,9.0,5.0,24.0,26.0,1.0,2.0,2.0,0.0,16.4,1,13074,13074,13074,10393,12059,10158,9917,12984,15771,11469,25937,7214,2692,23588,11390,18762,14289,1.0,26:34,2015,2016
2015-16,202711,Bojan Bogdanović,Bojan,1610612751,BKN,Brooklyn Nets,21500647,2016-01-22T00:00:00,BKN vs. UTA,L,23.2,2.0,0.0,2.0,2.0,10.0,0.0,4.0,20.0,0.0,0.0,3.0,2.0,13.2,1,13074,13074,13074,13244,6026,10158,4675,12984,17370,1,8806,11929,8004,1,17641,7786,16768,1.0,23:09,2015,2016
2015-16,202353,Tibor Pleiss,Tibor,1610612762,UTA,Utah Jazz,21500647,2016-01-22T00:00:00,UTA @ BKN,W,3.0,0.0,0.0,0.0,0.0,0.0,0.0,4.0,2.0,0.0,0.0,2.0,0.0,2.0,1,1,1,1,25129,12059,10158,9917,18861,1,1,8806,24614,8004,1,11390,18762,24216,1.0,2:59,2015,2016
2015-16,201577,Robin Lopez,Robin,1610612752,NYK,New York Knicks,21500648,2016-01-22T00:00:00,NYK vs. LAC,L,17.4,0.0,2.0,0.0,6.0,12.0,0.0,7.0,12.0,0.0,0.0,2.0,0.0,16.4,1,13074,13074,13074,18004,12059,4731,9917,5299,20178,1,15538,18637,8004,1,11390,18762,14289,1.0,17:21,2015,2016
2015-16,101139,CJ Miles,CJ,1610612754,IND,Indiana Pacers,21500652,2016-01-22T00:00:00,IND @ GSW,L,24.1,1.0,2.0,0.0,2.0,13.0,9.0,11.0,28.0,0.0,1.0,0.0,2.0,12.7,1,13074,13074,13074,12491,11535,4731,9917,12984,21300,19144,21342,5824,8004,17214,1,7786,17201,1.0,24:04,2015,2016
2015-16,203503,Tony Snell,Tony,1610612741,CHI,Chicago Bulls,21500646,2016-01-22T00:00:00,CHI @ BOS,L,16.8,0.0,0.0,0.0,2.0,13.0,5.0,9.0,16.0,0.0,0.0,0.0,0.0,7.7,1,13074,13074,13074,18401,12059,10158,9917,12984,21300,11469,18829,15259,8004,1,1,18762,20733,1.0,16:49,2015,2016
2015-16,203918,Rodney Hood,Rodney,1610612762,UTA,Utah Jazz,21500647,2016-01-22T00:00:00,UTA @ BKN,W,29.8,5.0,0.0,2.0,6.0,9.0,2.0,0.0,28.0,0.0,0.0,0.0,4.0,21.5,1,1,1,1,7761,1603,10158,4675,5299,15771,3734,1,5824,8004,1,1,2748,10755,1.0,29:45,2015,2016
2015-16,202323,Evan Turner,Evan,1610612738,BOS,Boston Celtics,21500646,2016-01-22T00:00:00,BOS vs. CHI,W,19.6,0.0,2.0,0.0,2.0,12.0,12.0,6.0,26.0,0.0,0.0,1.0,3.0,21.5,1,1,1,1,16260,12059,4731,9917,12984,20178,22832,13388,7214,8004,1,4972,4736,10755,1.0,19:34,2015,2016
2015-16,203481,Jeff Withey,Jeff,1610612762,UTA,Utah Jazz,21500647,2016-01-22T00:00:00,UTA @ BKN,W,18.1,0.0,0.0,0.0,6.0,7.0,3.0,4.0,12.0,1.0,1.0,2.0,0.0,12.7,1,1,1,1,17440,12059,10158,9917,5299,12242,7138,8806,18637,2692,17214,11390,18762,17201,1.0,18:06,2015,2016
2015-16,203922,Glenn Robinson III,Glenn,1610612754,IND,Indiana Pacers,21500652,2016-01-22T00:00:00,IND @ GSW,L,30.7,0.0,0.0,0.0,2.0,17.0,12.0,24.0,40.0,0.0,0.0,0.0,1.0,16.8,1,13074,13074,13074,6938,12059,10158,9917,12984,24337,22832,25937,983,8004,1,1,12373,13996,1.0,30:43,2015,2016
2015-16,203798,PJ Hairston,PJ,1610612766,CHA,Charlotte Hornets,21500645,2016-01-22T00:00:00,CHA @ ORL,W,18.0,4.0,0.0,4.0,4.0,5.0,2.0,4.0,18.0,0.0,0.0,2.0,1.0,18.7,1,1,1,1,17498,2460,10158,1913,8599,8403,3734,8806,13577,8004,1,11390,12373,12648,1.0,18:01,2015,2016
2015-16,201961,Wayne Ellington,Wayne,1610612751,BKN,Brooklyn Nets,21500647,2016-01-22T00:00:00,BKN vs. UTA,L,29.8,2.0,0.0,2.0,6.0,8.0,6.0,6.0,44.0,0.0,1.0,0.0,1.0,12.7,1,13074,13074,13074,7691,6026,10158,4675,5299,13914,13237,13388,454,8004,17214,1,12373,17201,1.0,29:50,2015,2016
2015-16,1626173,Rashad Vaughn,Rashad,1610612749,MIL,Milwaukee Bucks,21500650,2016-01-22T00:00:00,MIL @ HOU,L,5.3,3.0,0.0,3.0,0.0,2.0,0.0,4.0,6.0,0.0,0.0,0.0,0.0,3.0,1,13074,13074,13074,24263,4307,10158,3302,18861,2619,1,8806,22724,8004,1,1,18762,23648,1.0,5:17,2015,2016
2015-16,2225,Tony Parker,Tony,1610612759,SAS,San Antonio Spurs,21500653,2016-01-22T00:00:00,SAS @ LAL,W,22.3,4.0,0.0,8.0,10.0,2.0,9.0,4.0,14.0,0.0,0.0,2.0,2.0,13.2,1,1,1,1,13936,2460,10158,280,1840,2619,19144,8806,17019,8004,1,11390,7786,16768,1.0,22:16,2015,2016
2015-16,202687,Bismack Biyombo,Bismack,1610612761,TOR,Toronto Raptors,21500649,2016-01-22T00:00:00,TOR vs. MIA,W,21.4,0.0,0.0,0.0,2.0,6.0,6.0,0.0,20.0,2.0,0.0,2.0,1.0,18.1,1,1,1,1,14727,12059,10158,9917,12984,10028,13237,1,11929,932,1,11390,12373,13090,1.0,21:22,2015,2016
2015-16,202338,Kevin Seraphin,Kevin,1610612752,NYK,New York Knicks,21500648,2016-01-22T00:00:00,NYK vs. LAC,L,12.6,0.0,0.0,0.0,4.0,9.0,2.0,2.0,14.0,1.0,0.0,1.0,1.0,12.6,1,13074,13074,13074,21243,12059,10158,9917,8599,15771,3734,4025,17019,2692,1,4972,12373,17277,1.0,12:33,2015,2016
2015-16,1626168,Trey Lyles,Trey,1610612762,UTA,Utah Jazz,21500647,2016-01-22T00:00:00,UTA @ BKN,W,24.2,3.0,2.0,0.0,6.0,8.0,3.0,2.0,24.0,0.0,0.0,0.0,1.0,16.0,1,1,1,1,12395,4307,4731,9917,5299,13914,7138,4025,8723,8004,1,1,12373,14590,1.0,24:11,2015,2016
2015-16,201949,James Johnson,James,1610612761,TOR,Toronto Raptors,21500649,2016-01-22T00:00:00,TOR vs. MIA,W,27.2,0.0,0.0,2.0,2.0,10.0,12.0,2.0,24.0,2.0,0.0,1.0,0.0,18.6,1,1,1,1,9872,12059,10158,4675,12984,17370,22832,4025,8723,932,1,4972,18762,12715,1.0,27:10,2015,2016
2015-16,202695,Kawhi Leonard,Kawhi,1610612759,SAS,San Antonio Spurs,21500653,2016-01-22T00:00:00,SAS @ LAL,W,28.7,1.0,0.0,9.0,6.0,2.0,9.0,4.0,20.0,3.0,0.0,0.0,5.0,40.8,1,1,1,1,8678,11535,10158,184,5299,2619,19144,8806,11929,347,1,1,1539,2181,1.0,28:40,2015,2016
2015-16,2405,Amar'e Stoudemire,Amar'e,1610612748,MIA,Miami Heat,21500649,2016-01-22T00:00:00,MIA @ TOR,L,17.8,2.0,4.0,0.0,8.0,8.0,0.0,2.0,14.0,0.0,0.0,2.0,1.0,12.0,1,13074,13074,13074,17652,6026,1596,9917,3109,13914,1,4025,17019,8004,1,11390,12373,17703,1.0,17:49,2015,2016
2015-16,204038,Langston Galloway,Langston,1610612752,NYK,New York Knicks,21500648,2016-01-22T00:00:00,NYK vs. LAC,L,24.2,2.0,0.0,0.0,2.0,16.0,2.0,6.0,20.0,0.0,0.0,4.0,0.0,11.9,1,13074,13074,13074,12411,6026,10158,9917,12984,23774,3734,13388,11929,8004,1,22104,18762,17760,1.0,24:10,2015,2016
2015-16,202691,Klay Thompson,Klay,1610612744,GSW,Golden State Warriors,21500652,2016-01-22T00:00:00,GSW vs. IND,W,34.9,2.0,6.0,0.0,4.0,13.0,11.0,12.0,40.0,0.0,0.0,0.0,2.0,26.1,1,1,1,1,3640,6026,481,9917,8599,21300,21814,22259,983,8004,1,1,7786,7836,1.0,34:52,2015,2016
2015-16,203085,Austin Rivers,Austin,1610612746,LAC,LA Clippers,21500648,2016-01-22T00:00:00,LAC @ NYK,W,21.7,0.0,0.0,0.0,2.0,6.0,2.0,5.0,24.0,0.0,1.0,3.0,1.0,11.7,1,1,1,1,14424,12059,10158,9917,12984,10028,3734,11593,8723,8004,17214,17641,12373,17903,1.0,21:43,2015,2016
2015-16,201580,JaVale McGee,JaVale,1610612742,DAL,Dallas Mavericks,21500651,2016-01-22T00:00:00,DAL vs. OKC,L,13.5,1.0,2.0,0.0,8.0,0.0,9.0,2.0,14.0,0.0,0.0,3.0,1.0,15.8,1,13074,13074,13074,20693,11535,4731,9917,3109,1,19144,4025,17019,8004,1,17641,12373,14754,1.0,13:31,2015,2016
2015-16,2738,Andre Iguodala,Andre,1610612744,GSW,Golden State Warriors,21500652,2016-01-22T00:00:00,GSW vs. IND,W,28.7,2.0,2.0,4.0,6.0,19.0,15.0,16.0,34.0,0.0,0.0,3.0,1.0,15.3,1,1,1,1,8647,6026,4731,1913,5299,25074,24781,24641,2701,8004,1,17641,12373,15150,1.0,28:42,2015,2016
2015-16,2733,Shaun Livingston,Shaun,1610612744,GSW,Golden State Warriors,21500652,2016-01-22T00:00:00,GSW vs. IND,W,15.6,0.0,0.0,0.0,4.0,6.0,6.0,1.0,20.0,0.0,1.0,1.0,2.0,12.2,1,1,1,1,19356,12059,10158,9917,8599,10028,13237,3646,11929,8004,17214,4972,7786,17566,1.0,15:35,2015,2016
2015-16,1626202,Joe Young,Joe,1610612754,IND,Indiana Pacers,21500652,2016-01-22T00:00:00,IND @ GSW,L,28.4,2.0,3.0,2.0,6.0,11.0,14.0,11.0,36.0,0.0,0.0,3.0,2.0,31.6,1,13074,13074,13074,8954,6026,3104,4675,5299,18886,24300,21342,1943,8004,1,17641,7786,5130,1.0,28:22,2015,2016
2015-16,203504,Trey Burke,Trey,1610612762,UTA,Utah Jazz,21500647,2016-01-22T00:00:00,UTA @ BKN,W,19.2,3.0,0.0,0.0,0.0,8.0,2.0,6.0,16.0,0.0,0.0,2.0,1.0,20.1,1,1,1,1,16557,4307,10158,9917,18861,13914,3734,13388,15259,8004,1,11390,12373,11685,1.0,19:10,2015,2016
2015-16,203508,Sergey Karasev,Sergey,1610612751,BKN,Brooklyn Nets,21500647,2016-01-22T00:00:00,BKN vs. UTA,L,9.6,2.0,0.0,2.0,4.0,2.0,0.0,0.0,4.0,0.0,0.0,0.0,0.0,11.7,1,13074,13074,13074,22592,6026,10158,4675,8599,2619,1,1,23698,8004,1,1,18762,17903,1.0,9:35,2015,2016
2015-16,1626159,Justise Winslow,Justise,1610612748,MIA,Miami Heat,21500649,2016-01-22T00:00:00,MIA @ TOR,L,40.8,0.0,0.0,0.0,0.0,16.0,13.0,8.0,32.0,0.0,3.0,3.0,0.0,20.6,1,13074,13074,13074,531,12059,10158,9917,18861,23774,23668,17194,3535,8004,25441,17641,18762,11314,1.0,40:47,2015,2016
2015-16,2548,Dwyane Wade,Dwyane,1610612748,MIA,Miami Heat,21500649,2016-01-22T00:00:00,MIA @ TOR,L,36.6,6.0,2.0,0.0,14.0,13.0,8.0,7.0,26.0,0.0,0.0,1.0,4.0,30.6,1,13074,13074,13074,2326,878,4731,9917,542,21300,17345,15538,7214,8004,1,4972,2748,5574,1.0,36:37,2015,2016
2015-16,203900,Markel Brown,Markel,1610612751,BKN,Brooklyn Nets,21500647,2016-01-22T00:00:00,BKN vs. UTA,L,18.3,0.0,0.0,2.0,0.0,9.0,0.0,0.0,12.0,1.0,0.0,2.0,4.0,20.1,1,13074,13074,13074,17290,12059,10158,4675,18861,15771,1,1,18637,2692,1,11390,2748,11685,1.0,18:16,2015,2016
2015-16,1626163,Frank Kaminsky,Frank,1610612766,CHA,Charlotte Hornets,21500645,2016-01-22T00:00:00,CHA @ ORL,W,26.8,2.0,0.0,0.0,2.0,4.0,0.0,4.0,18.0,0.0,4.0,0.0,0.0,15.7,1,1,1,1,10220,6026,10158,9917,12984,6141,1,8806,13577,8004,25926,1,18762,14841,1.0,26:46,2015,2016
2015-16,201147,Corey Brewer,Corey,1610612745,HOU,Houston Rockets,21500650,2016-01-22T00:00:00,HOU vs. MIL,W,31.9,0.0,0.0,2.0,2.0,18.0,13.0,11.0,42.0,0.0,2.0,1.0,4.0,20.0,1,1,1,1,6031,12059,10158,4675,12984,24749,23668,21342,670,8004,23588,4972,2748,11752,1.0,31:51,2015,2016
2015-16,202325,Wesley Johnson,Wesley,1610612746,LAC,LA Clippers,21500648,2016-01-22T00:00:00,LAC @ NYK,W,23.4,3.0,0.0,3.0,0.0,6.0,2.0,2.0,18.0,2.0,0.0,2.0,0.0,31.1,1,1,1,1,13077,4307,10158,3302,18861,10028,3734,4025,13577,932,1,11390,18762,5354,1.0,23:21,2015,2016
2015-16,204001,Kristaps Porziņģis,Kristaps,1610612752,NYK,New York Knicks,21500648,2016-01-22T00:00:00,NYK vs. LAC,L,27.5,2.0,4.0,0.0,2.0,8.0,2.0,9.0,20.0,0.0,0.0,2.0,3.0,20.6,1,13074,13074,13074,9590,6026,1596,9917,12984,13914,3734,18829,11929,8004,1,11390,4736,11314,1.0,27:32,2015,2016
2015-16,203944,Julius Randle,Julius,1610612747,LAL,Los Angeles Lakers,21500653,2016-01-22T00:00:00,LAL vs. SAS,L,33.6,0.0,4.0,2.0,10.0,13.0,5.0,26.0,32.0,0.0,2.0,3.0,1.0,30.3,1,13074,13074,13074,4666,12059,1596,4675,1840,21300,11469,26007,3535,8004,23588,17641,12373,5702,1.0,33:37,2015,2016
2015-16,203953,Jabari Parker,Jabari,1610612749,MIL,Milwaukee Bucks,21500650,2016-01-22T00:00:00,MIL @ HOU,L,39.9,1.0,2.0,2.0,8.0,11.0,16.0,12.0,32.0,2.0,0.0,1.0,2.0,40.0,1,13074,13074,13074,760,11535,4731,4675,3109,18886,25155,22259,3535,932,1,4972,7786,2364,1.0,39:53,2015,2016
2015-16,1626257,Salah Mejri,Salah,1610612742,DAL,Dallas Mavericks,21500651,2016-01-22T00:00:00,DAL vs. OKC,L,8.0,2.0,0.0,0.0,2.0,0.0,2.0,2.0,4.0,2.0,0.0,0.0,2.0,12.2,1,13074,13074,13074,23196,6026,10158,9917,12984,1,3734,4025,23698,932,1,1,7786,17566,1.0,7:59,2015,2016
2015-16,203524,Solomon Hill,Solomon,1610612754,IND,Indiana Pacers,21500652,2016-01-22T00:00:00,IND @ GSW,L,21.3,0.0,2.0,2.0,6.0,10.0,12.0,17.0,20.0,0.0,0.0,0.0,2.0,20.0,1,13074,13074,13074,14763,12059,4731,4675,5299,17370,22832,24967,11929,8004,1,1,7786,11752,1.0,21:19,2015,2016
2015-16,201579,Roy Hibbert,Roy,1610612747,LAL,Los Angeles Lakers,21500653,2016-01-22T00:00:00,LAL vs. SAS,L,22.3,2.0,0.0,2.0,6.0,7.0,5.0,24.0,22.0,0.0,0.0,3.0,1.0,20.5,1,13074,13074,13074,13936,6026,10158,4675,5299,12242,11469,25937,10265,8004,1,17641,12373,11401,1.0,22:16,2015,2016
2015-16,203527,Ryan Kelly,Ryan,1610612747,LAL,Los Angeles Lakers,21500653,2016-01-22T00:00:00,LAL vs. SAS,L,12.3,3.0,5.0,0.0,2.0,5.0,6.0,2.0,12.0,0.0,0.0,1.0,2.0,12.0,1,13074,13074,13074,21390,4307,995,9917,12984,8403,13237,4025,18637,8004,1,4972,7786,17703,1.0,12:18,2015,2016
2015-16,201566,Russell Westbrook,Russell,1610612760,OKC,Oklahoma City Thunder,21500651,2016-01-22T00:00:00,OKC @ DAL,W,34.6,0.0,2.0,6.0,14.0,13.0,2.0,10.0,34.0,1.0,2.0,4.0,1.0,41.1,1,1,1,1,3865,12059,4731,740,542,21300,3734,20169,2701,2692,23588,22104,12373,2123,1.0,34:36,2015,2016
2015-16,2200,Pau Gasol,Pau,1610612741,CHI,Chicago Bulls,21500646,2016-01-22T00:00:00,CHI @ BOS,L,31.5,4.0,6.0,0.0,12.0,26.0,9.0,14.0,30.0,0.0,1.0,3.0,4.0,30.7,1,13074,13074,13074,6322,2460,481,9917,988,25979,19144,23710,4541,8004,17214,17641,2748,5539,1.0,31:30,2015,2016
2015-16,200757,Thabo Sefolosha,Thabo,1610612737,ATL,Atlanta Hawks,21500643,2016-01-21T00:00:00,ATL @ SAC,L,27.4,2.0,0.0,2.0,4.0,7.0,8.0,11.0,22.0,0.0,0.0,1.0,1.0,15.4,1,13074,13074,13074,9725,6026,10158,4675,8599,12242,17345,21342,10265,8004,1,4972,12373,15066,1.0,27:22,2015,2016
2015-16,202694,Marcus Morris Sr.,Marcus,1610612765,DET,Detroit Pistons,21500641,2016-01-21T00:00:00,DET @ NOP,L,35.4,2.0,2.0,0.0,2.0,20.0,12.0,6.0,48.0,1.0,1.0,0.0,2.0,15.2,1,13074,13074,13074,3224,6026,4731,9917,12984,25338,22832,13388,192,2692,17214,1,7786,15219,1.0,35:24,2015,2016
2015-16,202389,Timofey Mozgov,Timofey,1610612739,CLE,Cleveland Cavaliers,21500640,2016-01-21T00:00:00,CLE vs. LAC,W,22.3,0.0,4.0,0.0,6.0,6.0,5.0,4.0,12.0,2.0,0.0,2.0,1.0,30.5,1,1,1,1,13890,12059,1596,9917,5299,10028,11469,8806,18637,932,1,11390,12373,5620,1.0,22:20,2015,2016
2015-16,203999,Nikola Jokić,Nikola,1610612743,DEN,Denver Nuggets,21500642,2016-01-21T00:00:00,DEN vs. MEM,L,13.7,7.0,0.0,4.0,4.0,0.0,2.0,2.0,8.0,0.0,1.0,3.0,4.0,20.4,1,13074,13074,13074,20575,548,10158,1913,8599,1,3734,4025,21543,8004,17214,17641,2748,11453,1.0,13:43,2015,2016
2015-16,202684,Tristan Thompson,Tristan,1610612739,CLE,Cleveland Cavaliers,21500640,2016-01-21T00:00:00,CLE vs. LAC,W,23.8,0.0,4.0,0.0,4.0,13.0,2.0,2.0,22.0,0.0,0.0,4.0,5.0,20.4,1,1,1,1,12778,12059,1596,9917,8599,21300,3734,4025,10265,8004,1,22104,1539,11453,1.0,23:45,2015,2016
2015-16,200797,Ryan Hollins,Ryan,1610612763,MEM,Memphis Grizzlies,21500642,2016-01-21T00:00:00,MEM @ DEN,W,12.8,0.0,2.0,0.0,4.0,4.0,1.0,6.0,10.0,1.0,0.0,3.0,1.0,11.8,1,1,1,1,21094,12059,4731,9917,8599,6141,3393,13388,20209,2692,1,17641,12373,17832,1.0,12:46,2015,2016
2015-16,201145,Jeff Green,Jeff,1610612763,MEM,Memphis Grizzlies,21500642,2016-01-21T00:00:00,MEM @ DEN,W,21.4,0.0,0.0,0.0,0.0,6.0,1.0,8.0,18.0,0.0,0.0,3.0,2.0,12.3,1,1,1,1,14705,12059,10158,9917,18861,10028,3393,17194,13577,8004,1,17641,7786,17524,1.0,21:23,2015,2016
2015-16,201952,Jeff Teague,Jeff,1610612737,ATL,Atlanta Hawks,21500643,2016-01-21T00:00:00,ATL @ SAC,L,20.0,0.0,0.0,0.0,0.0,12.0,9.0,7.0,22.0,1.0,0.0,2.0,0.0,15.4,1,13074,13074,13074,15922,12059,10158,9917,18861,20178,19144,15538,10265,2692,1,11390,18762,15066,1.0,19:59,2015,2016
2015-16,201585,Kosta Koufos,Kosta,1610612758,SAC,Sacramento Kings,21500643,2016-01-21T00:00:00,SAC vs. ATL,W,15.0,2.0,4.0,0.0,2.0,4.0,3.0,6.0,14.0,0.0,0.0,2.0,1.0,12.2,1,1,1,1,19763,6026,1596,9917,12984,6141,7138,13388,17019,8004,1,11390,12373,17566,1.0,14:59,2015,2016
2015-16,203115,Will Barton,Will,1610612743,DEN,Denver Nuggets,21500642,2016-01-21T00:00:00,DEN vs. MEM,L,29.2,7.0,0.0,6.0,8.0,4.0,7.0,2.0,16.0,0.0,0.0,2.0,2.0,26.2,1,13074,13074,13074,8204,548,10158,740,3109,6141,15642,4025,15259,8004,1,11390,7786,7785,1.0,29:13,2015,2016
2015-16,1626161,Willie Cauley-Stein,Willie,1610612758,SAC,Sacramento Kings,21500643,2016-01-21T00:00:00,SAC vs. ATL,W,30.0,4.0,4.0,2.0,10.0,8.0,12.0,11.0,16.0,0.0,1.0,1.0,1.0,31.2,1,1,1,1,7542,2460,1596,4675,1840,13914,22832,21342,15259,8004,17214,4972,12373,5304,1.0,30:01,2015,2016
2015-16,2588,Matt Bonner,Matt,1610612759,SAS,San Antonio Spurs,21500644,2016-01-21T00:00:00,SAS @ PHX,W,10.7,0.0,0.0,0.0,0.0,5.0,7.0,2.0,4.0,0.0,0.0,0.0,0.0,11.9,1,1,1,1,22147,12059,10158,9917,18861,8403,15642,4025,23698,8004,1,1,18762,17760,1.0,10:43,2015,2016
2015-16,2216,Zach Randolph,Zach,1610612763,MEM,Memphis Grizzlies,21500642,2016-01-21T00:00:00,MEM @ DEN,W,29.4,0.0,4.0,0.0,6.0,10.0,4.0,11.0,30.0,1.0,0.0,3.0,3.0,20.2,1,1,1,1,8014,12059,1596,9917,5299,17370,8458,21342,4541,2692,1,17641,4736,11610,1.0,29:27,2015,2016
2015-16,203492,Ray McCallum,Ray,1610612759,SAS,San Antonio Spurs,21500644,2016-01-21T00:00:00,SAS @ PHX,W,28.7,5.0,2.0,4.0,8.0,7.0,18.0,8.0,22.0,0.0,1.0,2.0,0.0,20.3,1,1,1,1,8647,1603,4731,1913,3109,12242,25634,17194,10265,8004,17214,11390,18762,11534,1.0,28:42,2015,2016
2015-16,2747,JR Smith,JR,1610612739,CLE,Cleveland Cavaliers,21500640,2016-01-21T00:00:00,CLE vs. LAC,W,33.0,0.0,11.0,0.0,2.0,8.0,7.0,2.0,14.0,0.0,0.0,5.0,0.0,27.4,1,1,1,1,5152,12059,19,9917,12984,13914,15642,4025,17019,8004,1,24686,18762,7179,1.0,32:58,2015,2016
2015-16,201599,DeAndre Jordan,DeAndre,1610612746,LAC,LA Clippers,21500640,2016-01-21T00:00:00,LAC @ CLE,L,32.9,0.0,1.0,0.0,4.0,12.0,9.0,5.0,32.0,0.0,1.0,1.0,10.0,26.1,1,13074,13074,13074,5241,12059,9709,9917,8599,20178,19144,11593,3535,8004,17214,4972,76,7836,1.0,32:51,2015,2016
2015-16,2446,Rasual Butler,Rasual,1610612759,SAS,San Antonio Spurs,21500644,2016-01-21T00:00:00,SAS @ PHX,W,8.8,2.0,0.0,2.0,2.0,5.0,7.0,2.0,2.0,1.0,0.0,1.0,1.0,12.0,1,1,1,1,22916,6026,10158,4675,12984,8403,15642,4025,24614,2692,1,4972,12373,17703,1.0,8:48,2015,2016
2015-16,202708,Norris Cole,Norris,1610612740,NOP,New Orleans Pelicans,21500641,2016-01-21T00:00:00,NOP vs. DET,W,31.1,0.0,0.0,4.0,6.0,4.0,11.0,0.0,30.0,0.0,0.0,4.0,1.0,31.1,1,1,1,1,6635,12059,10158,1913,5299,6141,21814,1,4541,8004,1,22104,12373,5354,1.0,31:07,2015,2016
2015-16,202681,Kyrie Irving,Kyrie,1610612739,CLE,Cleveland Cavaliers,21500640,2016-01-21T00:00:00,CLE vs. LAC,W,28.5,2.0,5.0,2.0,6.0,10.0,6.0,4.0,18.0,0.0,2.0,3.0,2.0,31.4,1,1,1,1,8779,6026,995,4675,5299,17370,13237,8806,13577,8004,23588,17641,7786,5218,1.0,28:32,2015,2016
2015-16,2561,David West,David,1610612759,SAS,San Antonio Spurs,21500644,2016-01-21T00:00:00,SAS @ PHX,W,19.3,0.0,0.0,0.0,4.0,0.0,9.0,4.0,16.0,1.0,0.0,1.0,3.0,26.3,1,1,1,1,16444,12059,10158,9917,8599,1,19144,8806,15259,2692,1,4972,4736,7733,1.0,19:19,2015,2016
2015-16,1626144,Emmanuel Mudiay,Emmanuel,1610612743,DEN,Denver Nuggets,21500642,2016-01-21T00:00:00,DEN vs. MEM,L,32.9,0.0,0.0,0.0,2.0,0.0,9.0,2.0,22.0,0.0,2.0,2.0,2.0,28.6,1,13074,13074,13074,5183,12059,10158,9917,12984,1,19144,4025,10265,8004,23588,11390,7786,6560,1.0,32:56,2015,2016
2015-16,203462,Archie Goodwin,Archie,1610612756,PHX,Phoenix Suns,21500644,2016-01-21T00:00:00,PHX vs. SAS,L,38.8,4.0,3.0,6.0,6.0,20.0,11.0,15.0,44.0,1.0,3.0,2.0,8.0,28.6,1,13074,13074,13074,1142,2460,3104,740,5299,25338,21814,24242,454,2692,25441,11390,254,6560,1.0,38:48,2015,2016
2015-16,203471,Dennis Schröder,Dennis,1610612737,ATL,Atlanta Hawks,21500643,2016-01-21T00:00:00,ATL @ SAC,L,25.2,2.0,0.0,2.0,4.0,7.0,8.0,8.0,16.0,0.0,1.0,2.0,1.0,17.4,1,13074,13074,13074,11514,6026,10158,4675,8599,12242,17345,17194,15259,8004,17214,11390,12373,13595,1.0,25:13,2015,2016
2015-16,2594,Kyle Korver,Kyle,1610612737,ATL,Atlanta Hawks,21500643,2016-01-21T00:00:00,ATL @ SAC,L,27.5,0.0,3.0,3.0,0.0,16.0,9.0,9.0,26.0,1.0,0.0,2.0,0.0,22.7,1,13074,13074,13074,9602,12059,3104,3302,18861,23774,19144,18829,7214,2692,1,11390,18762,9938,1.0,27:30,2015,2016
2015-16,201943,Brandon Jennings,Brandon,1610612765,DET,Detroit Pistons,21500641,2016-01-21T00:00:00,DET @ NOP,L,20.2,0.0,0.0,0.0,6.0,8.0,2.0,2.0,28.0,0.0,0.0,0.0,3.0,27.7,1,13074,13074,13074,15747,12059,10158,9917,5299,13914,3734,4025,5824,8004,1,1,4736,7008,1.0,20:11,2015,2016
2015-16,201962,Toney Douglas,Toney,1610612740,NOP,New Orleans Pelicans,21500641,2016-01-21T00:00:00,NOP vs. DET,W,10.8,2.0,0.0,0.0,2.0,0.0,2.0,3.0,12.0,0.0,1.0,2.0,0.0,14.0,1,1,1,1,22134,6026,10158,9917,12984,1,3734,7328,18637,8004,17214,11390,18762,16166,1.0,10:45,2015,2016
2015-16,201567,Kevin Love,Kevin,1610612739,CLE,Cleveland Cavaliers,21500640,2016-01-21T00:00:00,CLE vs. LAC,W,33.5,4.0,0.0,0.0,2.0,13.0,7.0,4.0,20.0,0.0,0.0,3.0,7.0,38.2,1,1,1,1,4755,2460,10158,9917,12984,21300,15642,8806,11929,8004,1,17641,469,2854,1.0,33:29,2015,2016
2015-16,2199,Tyson Chandler,Tyson,1610612756,PHX,Phoenix Suns,21500644,2016-01-21T00:00:00,PHX vs. SAS,L,36.2,0.0,4.0,0.0,6.0,16.0,8.0,13.0,36.0,1.0,0.0,3.0,3.0,39.0,1,13074,13074,13074,2604,12059,1596,9917,5299,23774,17345,23048,1943,2692,1,17641,4736,2642,1.0,36:13,2015,2016
2015-16,203484,Kentavious Caldwell-Pope,Kentavious,1610612765,DET,Detroit Pistons,21500641,2016-01-21T00:00:00,DET @ NOP,L,41.1,2.0,0.0,3.0,6.0,14.0,14.0,6.0,46.0,1.0,0.0,3.0,2.0,27.6,1,13074,13074,13074,471,6026,10158,3302,5299,22292,24300,13388,298,2692,1,17641,7786,7080,1.0,41:04,2015,2016
2015-16,201589,Darrell Arthur,Darrell,1610612743,DEN,Denver Nuggets,21500642,2016-01-21T00:00:00,DEN vs. MEM,L,24.6,0.0,0.0,0.0,2.0,4.0,7.0,2.0,16.0,0.0,1.0,2.0,2.0,13.8,1,13074,13074,13074,11985,12059,10158,9917,12984,6141,15642,4025,15259,8004,17214,11390,7786,16311,1.0,24:39,2015,2016
2015-16,203382,Aron Baynes,Aron,1610612765,DET,Detroit Pistons,21500641,2016-01-21T00:00:00,DET @ NOP,L,12.3,0.0,0.0,0.0,4.0,8.0,2.0,2.0,20.0,0.0,1.0,2.0,2.0,14.0,1,13074,13074,13074,21385,12059,10158,9917,8599,13914,3734,4025,11929,8004,17214,11390,7786,16166,1.0,12:18,2015,2016
2015-16,1626164,Devin Booker,Devin,1610612756,PHX,Phoenix Suns,21500644,2016-01-21T00:00:00,PHX vs. SAS,L,43.5,4.0,2.0,3.0,4.0,18.0,11.0,13.0,46.0,0.0,0.0,4.0,4.0,31.7,1,13074,13074,13074,162,2460,4731,3302,8599,24749,21814,23048,298,8004,1,22104,2748,5088,1.0,43:31,2015,2016
2015-16,201936,Tyreke Evans,Tyreke,1610612740,NOP,New Orleans Pelicans,21500641,2016-01-21T00:00:00,NOP vs. DET,W,31.2,12.0,2.0,2.0,12.0,6.0,13.0,3.0,30.0,0.0,1.0,3.0,4.0,43.8,1,1,1,1,6605,27,4731,4675,988,10028,23668,7328,4541,8004,17214,17641,2748,1587,1.0,31:09,2015,2016
2015-16,200765,Rajon Rondo,Rajon,1610612758,SAC,Sacramento Kings,21500643,2016-01-21T00:00:00,SAC vs. ATL,W,37.5,2.0,0.0,0.0,6.0,6.0,13.0,12.0,24.0,1.0,1.0,1.0,0.0,35.3,1,1,1,1,1749,6026,10158,9917,5299,10028,23668,22259,8723,2692,17214,4972,18762,3719,1.0,37:30,2015,2016
2015-16,203083,Andre Drummond,Andre,1610612765,DET,Detroit Pistons,21500641,2016-01-21T00:00:00,DET @ NOP,L,35.7,2.0,11.0,0.0,16.0,12.0,12.0,6.0,40.0,0.0,0.0,2.0,3.0,56.9,1,13074,13074,13074,2974,6026,19,9917,275,20178,22832,13388,983,8004,1,11390,4736,319,1.0,35:42,2015,2016
2015-16,200751,Randy Foye,Randy,1610612743,DEN,Denver Nuggets,21500642,2016-01-21T00:00:00,DEN vs. MEM,L,20.6,0.0,0.0,0.0,2.0,4.0,8.0,2.0,16.0,0.0,0.0,2.0,2.0,7.5,1,13074,13074,13074,15371,12059,10158,9917,12984,6141,17345,4025,15259,8004,1,11390,7786,20874,1.0,20:37,2015,2016
2015-16,202695,Kawhi Leonard,Kawhi,1610612759,SAS,San Antonio Spurs,21500644,2016-01-21T00:00:00,SAS @ PHX,W,22.2,4.0,3.0,4.0,10.0,3.0,7.0,4.0,14.0,0.0,0.0,2.0,8.0,29.1,1,1,1,1,14007,2460,3104,1913,1840,5109,15642,8806,17019,8004,1,11390,254,6285,1.0,22:12,2015,2016
2015-16,201600,Omer Asik,Omer,1610612740,NOP,New Orleans Pelicans,21500641,2016-01-21T00:00:00,NOP vs. DET,W,19.6,0.0,6.0,0.0,8.0,4.0,7.0,0.0,20.0,1.0,0.0,1.0,2.0,24.6,1,1,1,1,16278,12059,481,9917,3109,6141,15642,1,11929,2692,1,4972,7786,8724,1.0,19:33,2015,2016
2015-16,201956,Omri Casspi,Omri,1610612758,SAC,Sacramento Kings,21500643,2016-01-21T00:00:00,SAC vs. ATL,W,37.6,2.0,1.0,5.0,2.0,12.0,14.0,18.0,24.0,0.0,1.0,3.0,2.0,36.0,1,1,1,1,1689,6026,9709,1277,12984,20178,24300,25228,8723,8004,17214,17641,7786,3463,1.0,37:38,2015,2016
2015-16,2544,LeBron James,LeBron,1610612739,CLE,Cleveland Cavaliers,21500640,2016-01-21T00:00:00,CLE vs. LAC,W,35.2,5.0,0.0,5.0,14.0,11.0,7.0,2.0,18.0,0.0,0.0,4.0,6.0,46.0,1,1,1,1,3398,1603,10158,1277,542,18886,15642,4025,13577,8004,1,22104,873,1198,1.0,35:11,2015,2016
2015-16,201144,Mike Conley,Mike,1610612763,MEM,Memphis Grizzlies,21500642,2016-01-21T00:00:00,MEM @ DEN,W,26.9,0.0,0.0,2.0,6.0,10.0,4.0,11.0,28.0,0.0,0.0,3.0,7.0,29.6,1,1,1,1,10065,12059,10158,4675,5299,17370,8458,21342,5824,8004,1,17641,469,6050,1.0,26:56,2015,2016
2015-16,202362,Lance Stephenson,Lance,1610612746,LAC,LA Clippers,21500640,2016-01-21T00:00:00,LAC @ CLE,L,8.5,2.0,0.0,2.0,2.0,4.0,2.0,0.0,4.0,0.0,0.0,3.0,0.0,7.4,1,13074,13074,13074,23028,6026,10158,4675,12984,6141,3734,1,23698,8004,1,17641,18762,20912,1.0,8:29,2015,2016
2015-16,201188,Marc Gasol,Marc,1610612763,MEM,Memphis Grizzlies,21500642,2016-01-21T00:00:00,MEM @ DEN,W,35.2,0.0,3.0,0.0,6.0,12.0,4.0,13.0,36.0,3.0,0.0,3.0,9.0,49.8,1,1,1,1,3368,12059,3104,9917,5299,20178,8458,23048,1943,347,1,17641,138,775,1.0,35:14,2015,2016
2015-16,203463,Ben McLemore,Ben,1610612758,SAC,Sacramento Kings,21500643,2016-01-21T00:00:00,SAC vs. ATL,W,33.9,6.0,4.0,2.0,2.0,6.0,9.0,10.0,22.0,1.0,0.0,1.0,3.0,29.6,1,1,1,1,4427,878,1596,4675,12984,10028,19144,20169,10265,2692,1,4972,4736,6050,1.0,33:54,2015,2016
2015-16,101108,Chris Paul,Chris,1610612746,LAC,LA Clippers,21500640,2016-01-21T00:00:00,LAC @ CLE,L,33.5,9.0,4.0,0.0,6.0,12.0,13.0,5.0,30.0,1.0,0.0,4.0,8.0,55.1,1,13074,13074,13074,4724,171,1596,9917,5299,20178,23668,11593,4541,2692,1,22104,254,391,1.0,33:31,2015,2016
2015-16,203458,Alex Len,Alex,1610612756,PHX,Phoenix Suns,21500644,2016-01-21T00:00:00,PHX vs. SAS,L,35.0,2.0,0.0,0.0,8.0,15.0,7.0,12.0,40.0,2.0,2.0,5.0,1.0,35.6,1,13074,13074,13074,3509,6026,10158,9917,3109,23079,15642,22259,983,932,23588,24686,12373,3615,1.0,35:02,2015,2016
2015-16,202326,DeMarcus Cousins,DeMarcus,1610612758,SAC,Sacramento Kings,21500643,2016-01-21T00:00:00,SAC vs. ATL,W,39.0,2.0,2.0,2.0,18.0,8.0,13.0,12.0,24.0,2.0,6.0,4.0,6.0,59.7,1,1,1,1,1063,6026,4731,4675,131,13914,23668,22259,8723,932,26070,22104,873,221,1.0,39:01,2015,2016
2015-16,202704,Reggie Jackson,Reggie,1610612765,DET,Detroit Pistons,21500641,2016-01-21T00:00:00,DET @ NOP,L,27.8,4.0,0.0,0.0,6.0,12.0,12.0,6.0,32.0,0.0,1.0,3.0,1.0,11.5,1,13074,13074,13074,9366,2460,10158,9917,5299,20178,22832,13388,3535,8004,17214,17641,12373,18079,1.0,27:49,2015,2016
2015-16,203076,Anthony Davis,Anthony,1610612740,NOP,New Orleans Pelicans,21500641,2016-01-21T00:00:00,NOP vs. DET,W,35.8,2.0,4.0,2.0,10.0,10.0,14.0,3.0,30.0,2.0,0.0,4.0,4.0,50.4,1,1,1,1,2877,6026,1596,4675,1840,17370,24300,7328,4541,932,1,22104,2748,714,1.0,35:50,2015,2016
2015-16,200794,Paul Millsap,Paul,1610612737,ATL,Atlanta Hawks,21500643,2016-01-21T00:00:00,ATL @ SAC,L,32.6,2.0,2.0,2.0,10.0,17.0,9.0,13.0,32.0,4.0,1.0,5.0,3.0,57.3,1,13074,13074,13074,5417,6026,4731,4675,1840,24337,19144,23048,3535,132,17214,24686,4736,301,1.0,32:37,2015,2016
2015-16,203937,Kyle Anderson,Kyle,1610612759,SAS,San Antonio Spurs,21500644,2016-01-21T00:00:00,SAS @ PHX,W,25.0,0.0,0.0,0.0,2.0,7.0,11.0,7.0,14.0,1.0,0.0,3.0,1.0,24.3,1,1,1,1,11671,12059,10158,9917,12984,12242,21814,15538,17019,2692,1,17641,12373,8939,1.0,25:00,2015,2016
2015-16,2440,Matt Barnes,Matt,1610612763,MEM,Memphis Grizzlies,21500642,2016-01-21T00:00:00,MEM @ DEN,W,35.8,2.0,2.0,2.0,4.0,12.0,5.0,13.0,32.0,1.0,1.0,2.0,0.0,33.9,1,1,1,1,2919,6026,4731,4675,8599,20178,11469,23048,3535,2692,17214,11390,18762,4208,1.0,35:46,2015,2016
2015-16,202702,Kenneth Faried,Kenneth,1610612743,DEN,Denver Nuggets,21500642,2016-01-21T00:00:00,DEN vs. MEM,L,23.9,0.0,4.0,2.0,16.0,0.0,6.0,2.0,14.0,1.0,0.0,2.0,2.0,34.4,1,13074,13074,13074,12682,12059,1596,4675,275,1,13237,4025,17019,2692,1,11390,7786,4029,1.0,23:52,2015,2016
2015-16,201988,Patty Mills,Patty,1610612759,SAS,San Antonio Spurs,21500644,2016-01-21T00:00:00,SAS @ PHX,W,19.3,2.0,2.0,0.0,2.0,3.0,2.0,3.0,12.0,0.0,0.0,2.0,1.0,18.7,1,1,1,1,16457,6026,4731,9917,12984,5109,3734,7328,18637,8004,1,11390,12373,12648,1.0,19:18,2015,2016
2015-16,1626169,Stanley Johnson,Stanley,1610612765,DET,Detroit Pistons,21500641,2016-01-21T00:00:00,DET @ NOP,L,19.5,0.0,2.0,0.0,4.0,6.0,2.0,4.0,26.0,0.0,0.0,3.0,0.0,10.4,1,13074,13074,13074,16294,12059,4731,9917,8599,10028,3734,8806,7214,8004,1,17641,18762,18859,1.0,19:32,2015,2016
2015-16,201583,Ryan Anderson,Ryan,1610612740,NOP,New Orleans Pelicans,21500641,2016-01-21T00:00:00,NOP vs. DET,W,30.5,4.0,0.0,0.0,8.0,6.0,13.0,3.0,34.0,0.0,0.0,1.0,3.0,14.4,1,1,1,1,7105,2460,10158,9917,3109,10028,23668,7328,2701,8004,1,4972,4736,15857,1.0,30:30,2015,2016
2015-16,203928,Cory Jefferson,Cory,1610612756,PHX,Phoenix Suns,21500644,2016-01-21T00:00:00,PHX vs. SAS,L,17.3,0.0,2.0,0.0,2.0,13.0,1.0,11.0,16.0,0.0,1.0,2.0,2.0,10.0,1,13074,13074,13074,18071,12059,4731,9917,12984,21300,3393,21342,15259,8004,17214,11390,7786,19178,1.0,17:16,2015,2016
2015-16,200755,JJ Redick,JJ,1610612746,LAC,LA Clippers,21500640,2016-01-21T00:00:00,LAC @ CLE,L,28.9,2.0,2.0,2.0,2.0,9.0,15.0,5.0,30.0,0.0,0.0,0.0,3.0,19.4,1,13074,13074,13074,8434,6026,4731,4675,12984,15771,24781,11593,4541,8004,1,1,4736,12154,1.0,28:55,2015,2016
2015-16,201143,Al Horford,Al,1610612737,ATL,Atlanta Hawks,21500643,2016-01-21T00:00:00,ATL @ SAC,L,33.8,0.0,4.0,3.0,6.0,13.0,13.0,8.0,26.0,0.0,0.0,2.0,1.0,34.1,1,13074,13074,13074,4550,12059,1596,3302,5299,21300,23668,17194,7214,8004,1,11390,12373,4124,1.0,33:45,2015,2016
2015-16,202087,Alonzo Gee,Alonzo,1610612740,NOP,New Orleans Pelicans,21500641,2016-01-21T00:00:00,NOP vs. DET,W,29.1,0.0,2.0,0.0,4.0,6.0,13.0,3.0,32.0,1.0,0.0,1.0,0.0,25.3,1,1,1,1,8315,12059,4731,9917,8599,10028,23668,7328,3535,2692,1,4972,18762,8340,1.0,29:04,2015,2016
2015-16,201568,Danilo Gallinari,Danilo,1610612743,DEN,Denver Nuggets,21500642,2016-01-21T00:00:00,DEN vs. MEM,L,31.1,0.0,0.0,5.0,4.0,0.0,9.0,2.0,18.0,0.0,2.0,2.0,5.0,19.6,1,13074,13074,13074,6630,12059,10158,1277,8599,1,19144,4025,13577,8004,23588,11390,1539,12024,1.0,31:07,2015,2016
2015-16,203145,Kent Bazemore,Kent,1610612737,ATL,Atlanta Hawks,21500643,2016-01-21T00:00:00,ATL @ SAC,L,28.4,4.0,0.0,4.0,4.0,13.0,11.0,6.0,32.0,0.0,1.0,0.0,2.0,18.8,1,13074,13074,13074,8934,2460,10158,1913,8599,21300,21814,13388,3535,8004,17214,1,7786,12588,1.0,28:23,2015,2016
2015-16,101141,Ersan Ilyasova,Ersan,1610612765,DET,Detroit Pistons,21500641,2016-01-21T00:00:00,DET @ NOP,L,36.5,0.0,2.0,0.0,4.0,12.0,12.0,6.0,40.0,0.0,1.0,1.0,4.0,14.3,1,13074,13074,13074,2387,12059,4731,9917,8599,20178,22832,13388,983,8004,17214,4972,2748,15948,1.0,36:31,2015,2016
2015-16,200746,LaMarcus Aldridge,LaMarcus,1610612759,SAS,San Antonio Spurs,21500644,2016-01-21T00:00:00,SAS @ PHX,W,21.6,0.0,0.0,0.0,2.0,5.0,9.0,7.0,16.0,0.0,1.0,3.0,3.0,15.0,1,1,1,1,14504,12059,10158,9917,12984,8403,19144,15538,15259,8004,17214,17641,4736,15404,1.0,21:37,2015,2016
2015-16,1626246,Boban Marjanović,Boban,1610612759,SAS,San Antonio Spurs,21500644,2016-01-21T00:00:00,SAS @ PHX,W,21.5,5.0,4.0,2.0,10.0,7.0,4.0,6.0,18.0,0.0,1.0,4.0,4.0,33.6,1,1,1,1,14591,1603,1596,4675,1840,12242,8458,13388,13577,8004,17214,22104,2748,4305,1.0,21:30,2015,2016
2015-16,201596,Mario Chalmers,Mario,1610612763,MEM,Memphis Grizzlies,21500642,2016-01-21T00:00:00,MEM @ DEN,W,21.1,0.0,2.0,0.0,2.0,6.0,1.0,8.0,18.0,0.0,0.0,2.0,1.0,19.6,1,1,1,1,14996,12059,4731,9917,12984,10028,3393,17194,13577,8004,1,11390,12373,12024,1.0,21:04,2015,2016
2015-16,202697,Iman Shumpert,Iman,1610612739,CLE,Cleveland Cavaliers,21500640,2016-01-21T00:00:00,CLE vs. LAC,W,20.5,2.0,0.0,2.0,2.0,13.0,0.0,4.0,22.0,0.0,0.0,4.0,0.0,9.9,1,1,1,1,15477,6026,10158,4675,12984,21300,1,8806,10265,8004,1,22104,18762,19247,1.0,20:30,2015,2016
2015-16,202332,Cole Aldrich,Cole,1610612746,LAC,LA Clippers,21500640,2016-01-21T00:00:00,LAC @ CLE,L,14.6,4.0,0.0,0.0,6.0,3.0,15.0,4.0,8.0,1.0,0.0,3.0,2.0,23.3,1,13074,13074,13074,20061,2460,10158,9917,5299,5109,24781,8806,21543,2692,1,17641,7786,9567,1.0,14:34,2015,2016
2015-16,202341,James Anderson,James,1610612758,SAC,Sacramento Kings,21500643,2016-01-21T00:00:00,SAC vs. ATL,W,0.2,0.0,0.0,0.0,0.0,0.0,0.0,0.0,0.0,0.0,0.0,0.0,0.0,1.2,1,1,1,1,26016,12059,10158,9917,18861,1,1,1,25429,8004,1,1,18762,24661,1.0,0:13,2015,2016
2015-16,201980,Danny Green,Danny,1610612759,SAS,San Antonio Spurs,21500644,2016-01-21T00:00:00,SAS @ PHX,W,12.8,0.0,0.0,0.0,2.0,0.0,7.0,2.0,12.0,1.0,0.0,0.0,1.0,10.9,1,1,1,1,21062,12059,10158,9917,12984,1,15642,4025,18637,2692,1,1,12373,18498,1.0,12:50,2015,2016
2015-16,201603,Sonny Weems,Sonny,1610612756,PHX,Phoenix Suns,21500644,2016-01-21T00:00:00,PHX vs. SAS,L,21.0,0.0,0.0,0.0,0.0,10.0,6.0,13.0,30.0,0.0,0.0,5.0,0.0,1.5,1,13074,13074,13074,15083,12059,10158,9917,18861,17370,13237,23048,4541,8004,1,24686,18762,24473,1.0,20:58,2015,2016
2015-16,1713,Vince Carter,Vince,1610612763,MEM,Memphis Grizzlies,21500642,2016-01-21T00:00:00,MEM @ DEN,W,8.1,0.0,0.0,0.0,0.0,2.0,0.0,2.0,8.0,0.0,0.0,0.0,0.0,1.5,1,1,1,1,23166,12059,10158,9917,18861,2619,1,4025,21543,8004,1,1,18762,24473,1.0,8:03,2015,2016
2015-16,2034,Mike Miller,Mike,1610612743,DEN,Denver Nuggets,21500642,2016-01-21T00:00:00,DEN vs. MEM,L,0.0,0.0,0.0,0.0,0.0,0.0,0.0,0.0,0.0,0.0,0.0,0.0,0.0,1.5,1,13074,13074,13074,26067,12059,10158,9917,18861,1,1,1,25429,8004,1,1,18762,24473,1.0,0:01,2015,2016
2015-16,201168,Tiago Splitter,Tiago,1610612737,ATL,Atlanta Hawks,21500643,2016-01-21T00:00:00,ATL @ SAC,L,15.1,0.0,2.0,0.0,2.0,6.0,6.0,7.0,20.0,1.0,0.0,0.0,3.0,10.6,1,13074,13074,13074,19662,12059,4731,9917,12984,10028,13237,15538,11929,2692,1,1,4736,18723,1.0,15:08,2015,2016
2015-16,202325,Wesley Johnson,Wesley,1610612746,LAC,LA Clippers,21500640,2016-01-21T00:00:00,LAC @ CLE,L,20.9,0.0,0.0,0.0,0.0,2.0,15.0,4.0,18.0,0.0,0.0,2.0,0.0,10.6,1,13074,13074,13074,15104,12059,10158,9917,18861,2619,24781,8806,13577,8004,1,11390,18762,18723,1.0,20:57,2015,2016
2015-16,200782,P.J. Tucker,P.J.,1610612756,PHX,Phoenix Suns,21500644,2016-01-21T00:00:00,PHX vs. SAS,L,6.1,0.0,0.0,0.0,0.0,0.0,3.0,0.0,6.0,0.0,0.0,0.0,0.0,1.2,1,13074,13074,13074,23940,12059,10158,9917,18861,1,7138,1,22724,8004,1,1,18762,24661,1.0,6:03,2015,2016
2015-16,201229,Anthony Tolliver,Anthony,1610612765,DET,Detroit Pistons,21500641,2016-01-21T00:00:00,DET @ NOP,L,11.5,0.0,0.0,0.0,0.0,8.0,2.0,2.0,20.0,0.0,1.0,0.0,0.0,5.7,1,13074,13074,13074,21840,12059,10158,9917,18861,13914,3734,4025,11929,8004,17214,1,18762,22054,1.0,11:29,2015,2016
2015-16,203143,Pablo Prigioni,Pablo,1610612746,LAC,LA Clippers,21500640,2016-01-21T00:00:00,LAC @ CLE,L,12.7,0.0,0.0,0.0,0.0,3.0,9.0,4.0,8.0,0.0,0.0,0.0,0.0,11.4,1,13074,13074,13074,21145,12059,10158,9917,18861,5109,19144,8806,21543,8004,1,1,18762,18134,1.0,12:41,2015,2016
2015-16,201158,Marco Belinelli,Marco,1610612758,SAC,Sacramento Kings,21500643,2016-01-21T00:00:00,SAC vs. ATL,W,18.9,0.0,0.0,0.0,0.0,6.0,5.0,6.0,18.0,0.0,0.0,0.0,0.0,10.8,1,1,1,1,16747,12059,10158,9917,18861,10028,11469,13388,13577,8004,1,1,18762,18579,1.0,18:56,2015,2016
2015-16,201950,Jrue Holiday,Jrue,1610612740,NOP,New Orleans Pelicans,21500641,2016-01-21T00:00:00,NOP vs. DET,W,22.5,0.0,0.0,0.0,6.0,10.0,8.0,0.0,24.0,0.0,0.0,0.0,0.0,16.4,1,1,1,1,13771,12059,10158,9917,5299,17370,17345,1,8723,8004,1,1,18762,14289,1.0,22:29,2015,2016
2015-16,201584,Courtney Lee,Courtney,1610612763,MEM,Memphis Grizzlies,21500642,2016-01-21T00:00:00,MEM @ DEN,W,35.2,0.0,0.0,0.0,2.0,12.0,4.0,15.0,36.0,0.0,0.0,2.0,2.0,16.8,1,1,1,1,3386,12059,10158,9917,12984,20178,8458,24242,1943,8004,1,11390,7786,13996,1.0,35:13,2015,2016
2015-16,203930,Sean Kilpatrick,Sean,1610612743,DEN,Denver Nuggets,21500642,2016-01-21T00:00:00,DEN vs. MEM,L,11.5,0.0,1.0,0.0,0.0,4.0,4.0,2.0,8.0,0.0,0.0,0.0,2.0,8.5,1,13074,13074,13074,21824,12059,9709,9917,18861,6141,8458,4025,21543,8004,1,1,7786,20215,1.0,11:30,2015,2016
2015-16,2037,Jamal Crawford,Jamal,1610612746,LAC,LA Clippers,21500640,2016-01-21T00:00:00,LAC @ CLE,L,26.8,0.0,0.0,2.0,8.0,6.0,20.0,4.0,18.0,0.0,0.0,0.0,4.0,18.0,1,13074,13074,13074,10220,12059,10158,4675,3109,10028,25875,8806,13577,8004,1,1,2748,13164,1.0,26:46,2015,2016
2015-16,203530,Joffrey Lauvergne,Joffrey,1610612743,DEN,Denver Nuggets,21500642,2016-01-21T00:00:00,DEN vs. MEM,L,28.0,0.0,0.0,0.0,4.0,4.0,11.0,2.0,18.0,0.0,0.0,6.0,2.0,21.1,1,13074,13074,13074,9221,12059,10158,9917,8599,6141,21814,4025,13577,8004,1,25827,7786,11012,1.0,28:01,2015,2016
2015-16,203501,Tim Hardaway Jr.,Tim,1610612737,ATL,Atlanta Hawks,21500643,2016-01-21T00:00:00,ATL @ SAC,L,15.6,2.0,2.0,2.0,4.0,2.0,6.0,4.0,8.0,0.0,1.0,1.0,3.0,18.0,1,13074,13074,13074,19380,6026,4731,4675,8599,2619,13237,8806,21543,8004,17214,4972,4736,13164,1.0,15:33,2015,2016
2015-16,203613,Jonathon Simmons,Jonathon,1610612759,SAS,San Antonio Spurs,21500644,2016-01-21T00:00:00,SAS @ PHX,W,25.0,5.0,0.0,5.0,8.0,5.0,13.0,5.0,18.0,0.0,0.0,3.0,4.0,16.7,1,1,1,1,11678,1603,10158,1277,3109,8403,23668,11593,13577,8004,1,17641,2748,14064,1.0,24:59,2015,2016
2015-16,201582,Alexis Ajinca,Alexis,1610612740,NOP,New Orleans Pelicans,21500641,2016-01-21T00:00:00,NOP vs. DET,W,9.6,0.0,0.0,0.0,4.0,0.0,0.0,0.0,12.0,1.0,0.0,1.0,0.0,12.6,1,1,1,1,22584,12059,10158,9917,8599,1,1,1,18637,2692,1,4972,18762,17277,1.0,9:37,2015,2016
2015-16,203085,Austin Rivers,Austin,1610612746,LAC,LA Clippers,21500640,2016-01-21T00:00:00,LAC @ CLE,L,19.5,2.0,0.0,0.0,4.0,6.0,14.0,4.0,14.0,1.0,0.0,4.0,0.0,15.9,1,13074,13074,13074,16304,6026,10158,9917,8599,10028,24300,8806,17019,2692,1,22104,18762,14675,1.0,19:32,2015,2016
2015-16,203914,Gary Harris,Gary,1610612743,DEN,Denver Nuggets,21500642,2016-01-21T00:00:00,DEN vs. MEM,L,21.0,2.0,0.0,2.0,4.0,0.0,2.0,2.0,10.0,0.0,0.0,1.0,0.0,18.4,1,13074,13074,13074,15069,6026,10158,4675,8599,1,3734,4025,20209,8004,1,4972,18762,12854,1.0,20:59,2015,2016
2015-16,2564,Boris Diaw,Boris,1610612759,SAS,San Antonio Spurs,21500644,2016-01-21T00:00:00,SAS @ PHX,W,19.4,0.0,0.0,2.0,2.0,3.0,4.0,3.0,14.0,2.0,1.0,0.0,0.0,20.8,1,1,1,1,16399,12059,10158,4675,12984,5109,8458,7328,17019,932,17214,1,18762,11195,1.0,19:23,2015,2016
2015-16,203933,T.J. Warren,T.J.,1610612756,PHX,Phoenix Suns,21500644,2016-01-21T00:00:00,PHX vs. SAS,L,33.0,0.0,9.0,2.0,8.0,20.0,8.0,14.0,34.0,0.0,0.0,5.0,3.0,21.2,1,13074,13074,13074,5167,12059,77,4675,3109,25338,17345,23710,2701,8004,1,24686,4736,10936,1.0,32:57,2015,2016
2015-16,203521,Matthew Dellavedova,Matthew,1610612739,CLE,Cleveland Cavaliers,21500640,2016-01-21T00:00:00,CLE vs. LAC,W,27.5,2.0,0.0,0.0,6.0,11.0,1.0,4.0,24.0,0.0,1.0,2.0,0.0,18.6,1,1,1,1,9616,6026,10158,9917,5299,18886,3393,8806,8723,8004,17214,11390,18762,12715,1.0,27:29,2015,2016
2015-16,203118,Mike Scott,Mike,1610612737,ATL,Atlanta Hawks,21500643,2016-01-21T00:00:00,ATL @ SAC,L,14.5,0.0,3.0,0.0,0.0,2.0,6.0,2.0,6.0,2.0,0.0,4.0,0.0,13.2,1,13074,13074,13074,20108,12059,3104,9917,18861,2619,13237,4025,22724,932,1,22104,18762,16768,1.0,14:30,2015,2016
2015-16,201601,Luc Mbah a Moute,Luc,1610612746,LAC,LA Clippers,21500640,2016-01-21T00:00:00,LAC @ CLE,L,22.1,0.0,0.0,0.0,2.0,9.0,4.0,5.0,26.0,0.0,0.0,1.0,3.0,8.8,1,13074,13074,13074,14132,12059,10158,9917,12984,15771,8458,11593,7214,8004,1,4972,4736,19994,1.0,22:03,2015,2016
2015-16,202337,Luke Babbitt,Luke,1610612740,NOP,New Orleans Pelicans,21500641,2016-01-21T00:00:00,NOP vs. DET,W,0.5,0.0,0.0,0.0,0.0,0.0,0.0,0.0,0.0,0.0,0.0,0.0,0.0,0.0,1,1,1,1,25972,12059,10158,9917,18861,1,1,1,25429,8004,1,1,18762,25170,1.0,0:30,2015,2016
2015-16,1626214,Bryce Dejean-Jones,Bryce,1610612740,NOP,New Orleans Pelicans,21500641,2016-01-21T00:00:00,NOP vs. DET,W,0.5,0.0,0.0,0.0,0.0,0.0,0.0,0.0,0.0,0.0,0.0,0.0,0.0,0.0,1,1,1,1,25972,12059,10158,9917,18861,1,1,1,25429,8004,1,1,18762,25170,1.0,0:30,2015,2016
2015-16,1718,Paul Pierce,Paul,1610612746,LAC,LA Clippers,21500640,2016-01-21T00:00:00,LAC @ CLE,L,16.9,0.0,0.0,0.0,0.0,9.0,4.0,5.0,20.0,0.0,1.0,3.0,1.0,3.5,1,13074,13074,13074,18340,12059,10158,9917,18861,15771,8458,11593,11929,8004,17214,17641,12373,23351,1.0,16:54,2015,2016
2015-16,203912,C.J. Wilcox,C.J.,1610612746,LAC,LA Clippers,21500640,2016-01-21T00:00:00,LAC @ CLE,L,2.8,0.0,0.0,0.0,0.0,0.0,0.0,0.0,2.0,0.0,0.0,0.0,0.0,0.0,1,13074,13074,13074,25200,12059,10158,9917,18861,1,1,1,24614,8004,1,1,18762,25170,1.0,2:47,2015,2016
2015-16,203994,Jusuf Nurkić,Jusuf,1610612743,DEN,Denver Nuggets,21500642,2016-01-21T00:00:00,DEN vs. MEM,L,3.4,0.0,0.0,0.0,0.0,0.0,0.0,0.0,4.0,0.0,0.0,3.0,0.0,-1.0,1,13074,13074,13074,24976,12059,10158,9917,18861,1,1,1,23698,8004,1,17641,18762,25932,1.0,3:22,2015,2016
2015-16,201967,Dante Cunningham,Dante,1610612740,NOP,New Orleans Pelicans,21500641,2016-01-21T00:00:00,NOP vs. DET,W,18.9,0.0,0.0,0.0,0.0,4.0,4.0,0.0,16.0,0.0,0.0,0.0,0.0,4.2,1,1,1,1,16747,12059,10158,9917,18861,6141,8458,1,15259,8004,1,1,18762,22976,1.0,18:56,2015,2016
2015-16,201954,Darren Collison,Darren,1610612758,SAC,Sacramento Kings,21500643,2016-01-21T00:00:00,SAC vs. ATL,W,16.3,1.0,0.0,2.0,0.0,6.0,7.0,8.0,14.0,0.0,0.0,1.0,2.0,5.0,1,1,1,1,18799,11535,10158,4675,18861,10028,15642,17194,17019,8004,1,4972,7786,22500,1.0,16:19,2015,2016
2015-16,203112,Quincy Acy,Quincy,1610612758,SAC,Sacramento Kings,21500643,2016-01-21T00:00:00,SAC vs. ATL,W,11.5,0.0,2.0,2.0,2.0,4.0,4.0,7.0,14.0,0.0,0.0,1.0,4.0,5.2,1,1,1,1,21846,12059,4731,4675,12984,6141,8458,15538,17019,8004,1,4972,2748,22370,1.0,11:29,2015,2016
2015-16,203485,Lorenzo Brown,Lorenzo,1610612756,PHX,Phoenix Suns,21500644,2016-01-21T00:00:00,PHX vs. SAS,L,9.2,0.0,0.0,0.0,0.0,3.0,0.0,4.0,8.0,0.0,0.0,0.0,0.0,6.8,1,13074,13074,13074,22759,12059,10158,9917,18861,5109,1,8806,21543,8004,1,1,18762,21328,1.0,9:12,2015,2016
2015-16,1938,Manu Ginobili,Manu,1610612759,SAS,San Antonio Spurs,21500644,2016-01-21T00:00:00,SAS @ PHX,W,5.7,0.0,0.0,0.0,0.0,0.0,2.0,2.0,8.0,0.0,0.0,0.0,0.0,-1.0,1,1,1,1,24118,12059,10158,9917,18861,1,3734,4025,21543,8004,1,1,18762,25932,1.0,5:39,2015,2016
2015-16,203099,Jared Cunningham,Jared,1610612739,CLE,Cleveland Cavaliers,21500640,2016-01-21T00:00:00,CLE vs. LAC,W,2.4,0.0,0.0,0.0,0.0,4.0,0.0,2.0,6.0,0.0,0.0,0.0,0.0,0.0,1,1,1,1,25386,12059,10158,9917,18861,6141,1,4025,22724,8004,1,1,18762,25170,1.0,2:23,2015,2016
2015-16,2592,James Jones,James,1610612739,CLE,Cleveland Cavaliers,21500640,2016-01-21T00:00:00,CLE vs. LAC,W,13.4,0.0,0.0,0.0,0.0,6.0,0.0,2.0,14.0,0.0,0.0,4.0,0.0,0.5,1,1,1,1,20756,12059,10158,9917,18861,10028,1,4025,17019,8004,1,22104,18762,25056,1.0,13:23,2015,2016
2015-16,203210,JaMychal Green,JaMychal,1610612763,MEM,Memphis Grizzlies,21500642,2016-01-21T00:00:00,MEM @ DEN,W,14.1,2.0,0.0,0.0,0.0,6.0,1.0,8.0,14.0,0.0,0.0,2.0,0.0,9.4,1,1,1,1,20328,6026,10158,9917,18861,10028,3393,17194,17019,8004,1,11390,18762,19568,1.0,14:08,2015,2016
2015-16,203950,Jarnell Stokes,Jarnell,1610612748,MIA,Miami Heat,21500630,2016-01-20T00:00:00,MIA @ WAS,L,5.2,0.0,2.0,2.0,4.0,5.0,0.0,5.0,4.0,0.0,0.0,0.0,0.0,4.0,1,13074,13074,13074,24292,12059,4731,4675,8599,8403,1,11593,23698,8004,1,1,18762,23142,1.0,5:12,2015,2016
2015-16,203099,Jared Cunningham,Jared,1610612739,CLE,Cleveland Cavaliers,21500631,2016-01-20T00:00:00,CLE @ BKN,W,2.6,0.0,0.0,0.0,0.0,0.0,0.0,0.0,4.0,0.0,0.0,2.0,0.0,0.0,1,1,1,1,25281,12059,10158,9917,18861,1,1,1,23698,8004,1,11390,18762,25170,1.0,2:37,2015,2016
2015-16,201946,Tyler Hansbrough,Tyler,1610612766,CHA,Charlotte Hornets,21500636,2016-01-20T00:00:00,CHA @ OKC,L,7.2,0.0,0.0,0.0,0.0,1.0,2.0,0.0,6.0,0.0,1.0,2.0,1.0,3.6,1,13074,13074,13074,23492,12059,10158,9917,18861,2356,3734,1,22724,8004,17214,11390,12373,23310,1.0,7:12,2015,2016
2015-16,201575,Brandon Rush,Brandon,1610612744,GSW,Golden State Warriors,21500634,2016-01-20T00:00:00,GSW @ CHI,W,12.1,0.0,0.0,0.0,2.0,4.0,6.0,5.0,14.0,0.0,0.0,1.0,0.0,3.5,1,1,1,1,21500,12059,10158,9917,12984,6141,13237,11593,17019,8004,1,4972,18762,23351,1.0,12:03,2015,2016
2015-16,101123,Gerald Green,Gerald,1610612748,MIA,Miami Heat,21500630,2016-01-20T00:00:00,MIA @ WAS,L,26.7,0.0,0.0,0.0,2.0,10.0,10.0,4.0,28.0,0.0,0.0,1.0,2.0,7.2,1,13074,13074,13074,10321,12059,10158,9917,12984,17370,20509,8806,5824,8004,1,4972,7786,21035,1.0,26:39,2015,2016
2015-16,202357,Nemanja Bjelica,Nemanja,1610612750,MIN,Minnesota Timberwolves,21500637,2016-01-20T00:00:00,MIN @ DAL,L,17.3,0.0,0.0,0.0,0.0,2.0,2.0,2.0,22.0,0.0,0.0,1.0,2.0,4.0,1,13074,13074,13074,18079,12059,10158,9917,18861,2619,3734,4025,10265,8004,1,4972,7786,23142,1.0,17:16,2015,2016
2015-16,203187,Chris Johnson,Chris,1610612762,UTA,Utah Jazz,21500632,2016-01-20T00:00:00,UTA @ NYK,L,12.3,0.0,0.0,0.0,0.0,2.0,4.0,3.0,10.0,0.0,1.0,2.0,2.0,9.0,1,13074,13074,13074,21397,12059,10158,9917,18861,2619,8458,7328,20209,8004,17214,11390,7786,19835,1.0,12:17,2015,2016
2015-16,203909,KJ McDaniels,KJ,1610612745,HOU,Houston Rockets,21500635,2016-01-20T00:00:00,HOU vs. DET,L,0.5,0.0,0.0,0.0,0.0,0.0,0.0,0.0,0.0,0.0,0.0,5.0,0.0,0.0,1,13074,13074,13074,25976,12059,10158,9917,18861,1,1,1,25429,8004,1,24686,18762,25170,1.0,0:30,2015,2016
2015-16,203477,Isaiah Canaan,Isaiah,1610612755,PHI,Philadelphia 76ers,21500629,2016-01-20T00:00:00,PHI @ ORL,W,27.9,7.0,0.0,5.0,2.0,9.0,6.0,9.0,26.0,0.0,0.0,1.0,1.0,21.7,1,1,1,1,9341,548,10158,1277,12984,15771,13237,18829,7214,8004,1,4972,12373,10592,1.0,27:51,2015,2016
2015-16,204060,Joe Ingles,Joe,1610612762,UTA,Utah Jazz,21500632,2016-01-20T00:00:00,UTA @ NYK,L,9.4,0.0,0.0,0.0,2.0,2.0,6.0,0.0,10.0,0.0,0.0,1.0,1.0,5.0,1,13074,13074,13074,22681,12059,10158,9917,12984,2619,13237,1,20209,8004,1,4972,12373,22500,1.0,9:23,2015,2016
2015-16,101112,Channing Frye,Channing,1610612753,ORL,Orlando Magic,21500629,2016-01-20T00:00:00,ORL vs. PHI,L,11.7,0.0,0.0,0.0,0.0,6.0,0.0,6.0,12.0,0.0,0.0,1.0,0.0,13.3,1,13074,13074,13074,21717,12059,10158,9917,18861,10028,1,13388,18637,8004,1,4972,18762,16712,1.0,11:43,2015,2016
2015-16,2207,Joe Johnson,Joe,1610612751,BKN,Brooklyn Nets,21500631,2016-01-20T00:00:00,BKN vs. CLE,L,30.9,0.0,3.0,0.0,0.0,11.0,8.0,10.0,24.0,0.0,0.0,1.0,0.0,3.7,1,13074,13074,13074,6851,12059,3104,9917,18861,18886,17345,20169,8723,8004,1,4972,18762,23278,1.0,30:51,2015,2016
2015-16,101161,Amir Johnson,Amir,1610612738,BOS,Boston Celtics,21500633,2016-01-20T00:00:00,BOS @ TOR,L,24.2,0.0,2.0,0.0,2.0,11.0,4.0,5.0,26.0,1.0,0.0,2.0,0.0,9.3,1,13074,13074,13074,12391,12059,4731,9917,12984,18886,8458,11593,7214,2692,1,11390,18762,19656,1.0,24:12,2015,2016
2015-16,203552,Seth Curry,Seth,1610612758,SAC,Sacramento Kings,21500638,2016-01-20T00:00:00,SAC @ LAL,W,2.1,0.0,0.0,0.0,0.0,0.0,0.0,0.0,0.0,0.0,0.0,0.0,0.0,0.0,1,1,1,1,25486,12059,10158,9917,18861,1,1,1,25429,8004,1,1,18762,25170,1.0,2:05,2015,2016
2015-16,202344,Trevor Booker,Trevor,1610612762,UTA,Utah Jazz,21500632,2016-01-20T00:00:00,UTA @ NYK,L,27.0,0.0,3.0,0.0,0.0,6.0,10.0,3.0,24.0,0.0,1.0,2.0,3.0,9.6,1,13074,13074,13074,9983,12059,3104,9917,18861,10028,20509,7328,8723,8004,17214,11390,4736,19434,1.0,27:03,2015,2016
2015-16,2592,James Jones,James,1610612739,CLE,Cleveland Cavaliers,21500631,2016-01-20T00:00:00,CLE @ BKN,W,16.7,0.0,0.0,0.0,0.0,0.0,0.0,2.0,12.0,0.0,0.0,1.0,0.0,4.2,1,1,1,1,18507,12059,10158,9917,18861,1,1,4025,18637,8004,1,4972,18762,22976,1.0,16:41,2015,2016
2015-16,201166,Aaron Brooks,Aaron,1610612741,CHI,Chicago Bulls,21500634,2016-01-20T00:00:00,CHI vs. GSW,L,11.3,0.0,0.0,3.0,0.0,3.0,5.0,0.0,8.0,0.0,0.0,2.0,2.0,8.7,1,13074,13074,13074,21894,12059,10158,3302,18861,5109,11469,1,21543,8004,1,11390,7786,20045,1.0,11:20,2015,2016
2015-16,203946,Cameron Bairstow,Cameron,1610612741,CHI,Chicago Bulls,21500634,2016-01-20T00:00:00,CHI vs. GSW,L,3.9,0.0,0.0,0.0,0.0,0.0,0.0,7.0,8.0,1.0,1.0,1.0,0.0,4.4,1,13074,13074,13074,24754,12059,10158,9917,18861,1,1,15538,21543,2692,17214,4972,18762,22837,1.0,3:53,2015,2016
2015-16,203906,Devyn Marble,Devyn,1610612753,ORL,Orlando Magic,21500629,2016-01-20T00:00:00,ORL vs. PHI,L,2.5,0.0,0.0,0.0,0.0,1.0,0.0,0.0,0.0,0.0,0.0,0.0,0.0,0.0,1,13074,13074,13074,25350,12059,10158,9917,18861,2356,1,1,25429,8004,1,1,18762,25170,1.0,2:27,2015,2016
2015-16,1626151,Aaron Harrison,Aaron,1610612766,CHA,Charlotte Hornets,21500636,2016-01-20T00:00:00,CHA @ OKC,L,3.5,0.0,0.0,0.0,0.0,0.0,2.0,0.0,4.0,0.0,0.0,0.0,0.0,4.2,1,13074,13074,13074,24932,12059,10158,9917,18861,1,3734,1,23698,8004,1,1,18762,22976,1.0,3:29,2015,2016
2015-16,1626209,Mario Hezonja,Mario,1610612753,ORL,Orlando Magic,21500629,2016-01-20T00:00:00,ORL vs. PHI,L,16.4,0.0,0.0,7.0,6.0,2.0,1.0,6.0,22.0,0.0,0.0,0.0,2.0,9.2,1,13074,13074,13074,18699,12059,10158,454,5299,2619,3393,13388,10265,8004,1,1,7786,19680,1.0,16:26,2015,2016
2015-16,203951,Keith Appling,Keith,1610612753,ORL,Orlando Magic,21500629,2016-01-20T00:00:00,ORL vs. PHI,L,6.2,0.0,0.0,0.0,2.0,1.0,1.0,0.0,0.0,0.0,0.0,3.0,2.0,4.2,1,13074,13074,13074,23888,12059,10158,9917,12984,2356,3393,1,25429,8004,1,17641,7786,22976,1.0,6:10,2015,2016
2015-16,203894,Shabazz Napier,Shabazz,1610612753,ORL,Orlando Magic,21500629,2016-01-20T00:00:00,ORL vs. PHI,L,4.3,0.0,0.0,0.0,0.0,3.0,0.0,6.0,4.0,0.0,1.0,0.0,0.0,0.0,1,13074,13074,13074,24607,12059,10158,9917,18861,5109,1,13388,23698,8004,17214,1,18762,25170,1.0,4:19,2015,2016
2015-16,1626273,Marcelo Huertas,Marcelo,1610612747,LAL,Los Angeles Lakers,21500638,2016-01-20T00:00:00,LAL vs. SAC,L,2.1,0.0,0.0,0.0,0.0,0.0,0.0,0.0,2.0,0.0,0.0,0.0,0.0,-1.0,1,13074,13074,13074,25486,12059,10158,9917,18861,1,1,1,24614,8004,1,1,18762,25932,1.0,2:05,2015,2016
2015-16,203488,Mike Muscala,Mike,1610612737,ATL,Atlanta Hawks,21500639,2016-01-20T00:00:00,ATL @ POR,W,0.0,0.0,0.0,0.0,0.0,0.0,0.0,0.0,0.0,0.0,0.0,0.0,0.0,0.0,1,1,1,1,26061,12059,10158,9917,18861,1,1,1,25429,8004,1,1,18762,25170,1.0,0:02,2015,2016
2015-16,203900,Markel Brown,Markel,1610612751,BKN,Brooklyn Nets,21500631,2016-01-20T00:00:00,BKN vs. CLE,L,10.8,0.0,0.0,0.0,0.0,8.0,0.0,3.0,12.0,1.0,1.0,3.0,1.0,6.6,1,13074,13074,13074,22122,12059,10158,9917,18861,13914,1,7328,18637,2692,17214,17641,12373,21445,1.0,10:47,2015,2016
2015-16,201574,Jason Thompson,Jason,1610612744,GSW,Golden State Warriors,21500634,2016-01-20T00:00:00,GSW @ CHI,W,3.9,0.0,0.0,0.0,0.0,0.0,2.0,0.0,6.0,1.0,0.0,0.0,1.0,9.1,1,1,1,1,24754,12059,10158,9917,18861,1,3734,1,22724,2692,1,1,12373,19789,1.0,3:53,2015,2016
2015-16,2747,JR Smith,JR,1610612739,CLE,Cleveland Cavaliers,21500631,2016-01-20T00:00:00,CLE @ BKN,W,25.0,2.0,0.0,0.0,4.0,13.0,7.0,4.0,22.0,0.0,2.0,1.0,0.0,6.6,1,1,1,1,11698,6026,10158,9917,8599,21300,15642,8806,10265,8004,23588,4972,18762,21445,1.0,24:58,2015,2016
2015-16,203960,JaKarr Sampson,JaKarr,1610612755,PHI,Philadelphia 76ers,21500629,2016-01-20T00:00:00,PHI @ ORL,W,7.7,0.0,0.0,0.0,0.0,4.0,2.0,2.0,16.0,0.0,0.0,0.0,0.0,0.0,1,1,1,1,23322,12059,10158,9917,18861,6141,3734,4025,15259,8004,1,1,18762,25170,1.0,7:41,2015,2016
2015-16,200826,J.J. Barea,J.J.,1610612742,DAL,Dallas Mavericks,21500637,2016-01-20T00:00:00,DAL vs. MIN,W,18.1,0.0,0.0,0.0,0.0,4.0,4.0,11.0,18.0,0.0,1.0,0.0,0.0,9.4,1,1,1,1,17451,12059,10158,9917,18861,6141,8458,21342,13577,8004,17214,1,18762,19568,1.0,18:06,2015,2016
2015-16,201945,Gerald Henderson,Gerald,1610612757,POR,Portland Trail Blazers,21500639,2016-01-20T00:00:00,POR vs. ATL,L,16.6,0.0,0.0,0.0,2.0,6.0,0.0,5.0,6.0,1.0,0.0,0.0,0.0,9.2,1,13074,13074,13074,18558,12059,10158,9917,12984,10028,1,11593,22724,2692,1,1,18762,19680,1.0,16:37,2015,2016
2015-16,203897,Zach LaVine,Zach,1610612750,MIN,Minnesota Timberwolves,21500637,2016-01-20T00:00:00,MIN @ DAL,L,17.3,0.0,0.0,0.0,2.0,4.0,6.0,4.0,22.0,0.0,0.0,1.0,0.0,9.2,1,13074,13074,13074,18022,12059,10158,9917,12984,6141,13237,8806,10265,8004,1,4972,18762,19680,1.0,17:21,2015,2016
2015-16,201587,Nicolas Batum,Nicolas,1610612766,CHA,Charlotte Hornets,21500636,2016-01-20T00:00:00,CHA @ OKC,L,23.7,0.0,0.0,0.0,0.0,10.0,14.0,12.0,28.0,0.0,0.0,1.0,0.0,8.7,1,13074,13074,13074,12788,12059,10158,9917,18861,17370,24300,22259,5824,8004,1,4972,18762,20045,1.0,23:44,2015,2016
2015-16,204014,Damjan Rudez,Damjan,1610612750,MIN,Minnesota Timberwolves,21500637,2016-01-20T00:00:00,MIN @ DAL,L,8.6,0.0,0.0,0.0,0.0,5.0,2.0,5.0,10.0,0.0,0.0,0.0,0.0,0.0,1,13074,13074,13074,23009,12059,10158,9917,18861,8403,3734,11593,20209,8004,1,1,18762,25170,1.0,8:34,2015,2016
2015-16,203501,Tim Hardaway Jr.,Tim,1610612737,ATL,Atlanta Hawks,21500639,2016-01-20T00:00:00,ATL @ POR,W,10.7,0.0,0.0,0.0,0.0,0.0,0.0,4.0,10.0,1.0,0.0,0.0,0.0,4.5,1,1,1,1,22166,12059,10158,9917,18861,1,1,8806,20209,2692,1,1,18762,22773,1.0,10:40,2015,2016
2015-16,1626148,Anthony Brown,Anthony,1610612747,LAL,Los Angeles Lakers,21500638,2016-01-20T00:00:00,LAL vs. SAC,L,16.8,0.0,0.0,0.0,2.0,2.0,2.0,8.0,20.0,0.0,0.0,2.0,1.0,6.6,1,13074,13074,13074,18417,12059,10158,9917,12984,2619,3734,17194,11929,8004,1,11390,12373,21445,1.0,16:48,2015,2016
2015-16,203527,Ryan Kelly,Ryan,1610612747,LAL,Los Angeles Lakers,21500638,2016-01-20T00:00:00,LAL vs. SAC,L,17.3,2.0,0.0,2.0,2.0,4.0,6.0,6.0,24.0,0.0,0.0,2.0,1.0,7.1,1,13074,13074,13074,18024,6026,10158,4675,12984,6141,13237,13388,8723,8004,1,11390,12373,21141,1.0,17:20,2015,2016
2015-16,1626158,Richaun Holmes,Richaun,1610612755,PHI,Philadelphia 76ers,21500629,2016-01-20T00:00:00,PHI @ ORL,W,11.7,2.0,0.0,0.0,4.0,3.0,0.0,3.0,6.0,0.0,0.0,1.0,1.0,5.2,1,1,1,1,21749,6026,10158,9917,8599,5109,1,7328,22724,8004,1,4972,12373,22370,1.0,11:39,2015,2016
2015-16,203092,Tyler Zeller,Tyler,1610612738,BOS,Boston Celtics,21500633,2016-01-20T00:00:00,BOS @ TOR,L,7.4,2.0,2.0,0.0,4.0,2.0,2.0,0.0,10.0,0.0,1.0,0.0,1.0,5.2,1,13074,13074,13074,23426,6026,4731,9917,8599,2619,3734,1,20209,8004,17214,1,12373,22370,1.0,7:23,2015,2016
2015-16,2590,Mo Williams,Mo,1610612739,CLE,Cleveland Cavaliers,21500631,2016-01-20T00:00:00,CLE @ BKN,W,6.4,2.0,0.0,0.0,0.0,0.0,0.0,2.0,10.0,0.0,0.0,0.0,2.0,1.0,1,1,1,1,23794,6026,10158,9917,18861,1,1,4025,20209,8004,1,1,7786,24960,1.0,6:22,2015,2016
2015-16,203382,Aron Baynes,Aron,1610612765,DET,Detroit Pistons,21500635,2016-01-20T00:00:00,DET @ HOU,W,24.8,0.0,4.0,0.0,4.0,6.0,2.0,10.0,26.0,2.0,0.0,2.0,2.0,26.3,1,1,1,1,11841,12059,1596,9917,8599,10028,3734,20169,7214,932,1,11390,7786,7733,1.0,24:47,2015,2016
2015-16,1626163,Frank Kaminsky,Frank,1610612766,CHA,Charlotte Hornets,21500636,2016-01-20T00:00:00,CHA @ OKC,L,31.5,4.0,2.0,0.0,6.0,7.0,10.0,6.0,22.0,1.0,0.0,2.0,1.0,31.2,1,13074,13074,13074,6335,2460,4731,9917,5299,12242,20509,13388,10265,2692,1,11390,12373,5304,1.0,31:28,2015,2016
2015-16,203471,Dennis Schröder,Dennis,1610612737,ATL,Atlanta Hawks,21500639,2016-01-20T00:00:00,ATL @ POR,W,19.9,1.0,2.0,3.0,2.0,2.0,3.0,2.0,6.0,0.0,1.0,2.0,1.0,20.1,1,1,1,1,16030,11535,4731,3302,12984,2619,7138,4025,22724,8004,17214,11390,12373,11685,1.0,19:51,2015,2016
2015-16,202334,Ed Davis,Ed,1610612757,POR,Portland Trail Blazers,21500639,2016-01-20T00:00:00,POR vs. ATL,L,19.6,0.0,0.0,0.0,4.0,8.0,6.0,8.0,12.0,1.0,0.0,2.0,3.0,20.1,1,13074,13074,13074,16200,12059,10158,9917,8599,13914,13237,17194,18637,2692,1,11390,4736,11685,1.0,19:38,2015,2016
2015-16,202335,Patrick Patterson,Patrick,1610612761,TOR,Toronto Raptors,21500633,2016-01-20T00:00:00,TOR vs. BOS,W,26.1,0.0,2.0,0.0,4.0,14.0,5.0,4.0,26.0,0.0,0.0,2.0,0.0,20.4,1,1,1,1,10743,12059,4731,9917,8599,22292,11469,8806,7214,8004,1,11390,18762,11453,1.0,26:07,2015,2016
2015-16,1626196,Josh Richardson,Josh,1610612748,MIA,Miami Heat,21500630,2016-01-20T00:00:00,MIA @ WAS,L,35.1,0.0,0.0,0.0,4.0,23.0,14.0,17.0,34.0,2.0,2.0,3.0,2.0,20.6,1,13074,13074,13074,3464,12059,10158,9917,8599,25803,24300,24967,2701,932,23588,17641,7786,11314,1.0,35:06,2015,2016
2015-16,203460,Andre Roberson,Andre,1610612760,OKC,Oklahoma City Thunder,21500636,2016-01-20T00:00:00,OKC vs. CHA,W,20.3,2.0,2.0,2.0,4.0,8.0,4.0,12.0,20.0,0.0,1.0,0.0,0.0,15.1,1,1,1,1,15679,6026,4731,4675,8599,13914,8458,22259,11929,8004,17214,1,18762,15328,1.0,20:15,2015,2016
2015-16,2200,Pau Gasol,Pau,1610612741,CHI,Chicago Bulls,21500634,2016-01-20T00:00:00,CHI vs. GSW,L,23.6,0.0,0.0,0.0,0.0,6.0,12.0,10.0,22.0,1.0,0.0,2.0,2.0,11.6,1,13074,13074,13074,12908,12059,10158,9917,18861,10028,22832,20169,10265,2692,1,11390,7786,17970,1.0,23:35,2015,2016
2015-16,201147,Corey Brewer,Corey,1610612745,HOU,Houston Rockets,21500635,2016-01-20T00:00:00,HOU vs. DET,L,24.7,0.0,0.0,0.0,2.0,5.0,10.0,10.0,16.0,0.0,3.0,4.0,1.0,20.6,1,13074,13074,13074,11959,12059,10158,9917,12984,8403,20509,20169,15259,8004,25441,22104,12373,11314,1.0,24:40,2015,2016
2015-16,201565,Derrick Rose,Derrick,1610612741,CHI,Chicago Bulls,21500634,2016-01-20T00:00:00,CHI vs. GSW,L,30.2,2.0,0.0,2.0,14.0,4.0,13.0,8.0,36.0,0.0,1.0,3.0,4.0,31.2,1,13074,13074,13074,7383,6026,10158,4675,542,6141,23668,17194,1943,8004,17214,17641,2748,5304,1.0,30:10,2015,2016
2015-16,2755,Kevin Martin,Kevin,1610612750,MIN,Minnesota Timberwolves,21500637,2016-01-20T00:00:00,MIN @ DAL,L,14.3,2.0,0.0,2.0,4.0,2.0,5.0,4.0,18.0,0.0,0.0,2.0,2.0,11.7,1,13074,13074,13074,20234,6026,10158,4675,8599,2619,11469,8806,13577,8004,1,11390,7786,17903,1.0,14:16,2015,2016
2015-16,1626143,Jahlil Okafor,Jahlil,1610612755,PHI,Philadelphia 76ers,21500629,2016-01-20T00:00:00,PHI @ ORL,W,37.8,0.0,0.0,2.0,16.0,10.0,6.0,15.0,44.0,1.0,0.0,0.0,1.0,30.5,1,1,1,1,1620,12059,10158,4675,275,17370,13237,24242,454,2692,1,1,12373,5620,1.0,37:46,2015,2016
2015-16,201956,Omri Casspi,Omri,1610612758,SAC,Sacramento Kings,21500638,2016-01-20T00:00:00,SAC @ LAL,W,30.4,0.0,0.0,0.0,4.0,8.0,5.0,3.0,30.0,1.0,1.0,1.0,2.0,19.8,1,1,1,1,7224,12059,10158,9917,8599,13914,11469,7328,4541,2692,17214,4972,7786,11883,1.0,30:21,2015,2016
2015-16,203584,Troy Daniels,Troy,1610612766,CHA,Charlotte Hornets,21500636,2016-01-20T00:00:00,CHA @ OKC,L,16.9,5.0,0.0,3.0,0.0,4.0,8.0,2.0,14.0,0.0,1.0,1.0,0.0,12.4,1,13074,13074,13074,18337,1603,10158,3302,18861,6141,17345,4025,17019,8004,17214,4972,18762,17418,1.0,16:55,2015,2016
2015-16,203080,Thomas Robinson,Thomas,1610612751,BKN,Brooklyn Nets,21500631,2016-01-20T00:00:00,BKN vs. CLE,L,10.6,2.0,0.0,0.0,4.0,9.0,2.0,3.0,6.0,0.0,1.0,0.0,2.0,12.2,1,13074,13074,13074,22189,6026,10158,9917,8599,15771,3734,7328,22724,8004,17214,1,7786,17566,1.0,10:36,2015,2016
2015-16,203079,Dion Waiters,Dion,1610612760,OKC,Oklahoma City Thunder,21500636,2016-01-20T00:00:00,OKC vs. CHA,W,27.8,3.0,0.0,0.0,0.0,11.0,4.0,5.0,22.0,0.0,1.0,3.0,1.0,12.1,1,1,1,1,9420,4307,10158,9917,18861,18886,8458,11593,10265,8004,17214,17641,12373,17639,1.0,27:45,2015,2016
2015-16,203095,Evan Fournier,Evan,1610612753,ORL,Orlando Magic,21500629,2016-01-20T00:00:00,ORL vs. PHI,L,37.4,4.0,0.0,0.0,2.0,13.0,0.0,16.0,40.0,0.0,1.0,2.0,2.0,27.1,1,13074,13074,13074,1830,2460,10158,9917,12984,21300,1,24641,983,8004,17214,11390,7786,7339,1.0,37:24,2015,2016
2015-16,2547,Chris Bosh,Chris,1610612748,MIA,Miami Heat,21500630,2016-01-20T00:00:00,MIA @ WAS,L,28.3,0.0,0.0,0.0,2.0,16.0,16.0,11.0,30.0,0.0,0.0,5.0,3.0,26.8,1,13074,13074,13074,9028,12059,10158,9917,12984,23774,25155,21342,4541,8004,1,24686,4736,7486,1.0,28:16,2015,2016
2015-16,200768,Kyle Lowry,Kyle,1610612761,TOR,Toronto Raptors,21500633,2016-01-20T00:00:00,TOR vs. BOS,W,36.6,3.0,0.0,5.0,0.0,12.0,8.0,7.0,16.0,0.0,0.0,4.0,3.0,31.4,1,1,1,1,2337,4307,10158,1277,18861,20178,17345,15538,15259,8004,1,22104,4736,5218,1.0,36:36,2015,2016
2015-16,203526,Raul Neto,Raul,1610612762,UTA,Utah Jazz,21500632,2016-01-20T00:00:00,UTA @ NYK,L,22.2,0.0,3.0,0.0,2.0,6.0,4.0,6.0,18.0,0.0,0.0,1.0,1.0,11.9,1,13074,13074,13074,14020,12059,3104,9917,12984,10028,8458,13388,13577,8004,1,4972,12373,17760,1.0,22:11,2015,2016
2015-16,202694,Marcus Morris Sr.,Marcus,1610612765,DET,Detroit Pistons,21500635,2016-01-20T00:00:00,DET @ HOU,W,37.1,2.0,0.0,2.0,4.0,8.0,6.0,9.0,38.0,1.0,0.0,3.0,3.0,30.5,1,1,1,1,2021,6026,10158,4675,8599,13914,13237,18829,1422,2692,1,17641,4736,5620,1.0,37:06,2015,2016
2015-16,203924,Jerami Grant,Jerami,1610612755,PHI,Philadelphia 76ers,21500629,2016-01-20T00:00:00,PHI @ ORL,W,27.5,3.0,1.0,4.0,4.0,6.0,6.0,10.0,28.0,5.0,3.0,3.0,4.0,41.7,1,1,1,1,9590,4307,9709,1913,8599,10028,13237,20169,5824,59,25441,17641,2748,2002,1.0,27:32,2015,2016
2015-16,201567,Kevin Love,Kevin,1610612739,CLE,Cleveland Cavaliers,21500631,2016-01-20T00:00:00,CLE @ BKN,W,31.3,0.0,0.0,3.0,4.0,13.0,7.0,2.0,26.0,0.0,0.0,3.0,4.0,40.6,1,1,1,1,6467,12059,10158,3302,8599,21300,15642,4025,7214,8004,1,17641,2748,2230,1.0,31:19,2015,2016
2015-16,202330,Gordon Hayward,Gordon,1610612762,UTA,Utah Jazz,21500632,2016-01-20T00:00:00,UTA @ NYK,L,43.3,5.0,2.0,4.0,4.0,12.0,15.0,6.0,40.0,0.0,1.0,3.0,7.0,41.1,1,13074,13074,13074,180,1603,4731,1913,8599,20178,24781,13388,983,8004,17214,17641,469,2123,1.0,43:20,2015,2016
2015-16,2594,Kyle Korver,Kyle,1610612737,ATL,Atlanta Hawks,21500639,2016-01-20T00:00:00,ATL @ POR,W,28.9,0.0,0.0,0.0,0.0,8.0,3.0,6.0,28.0,1.0,0.0,1.0,1.0,20.0,1,1,1,1,8432,12059,10158,9917,18861,13914,7138,13388,5824,2692,1,4972,12373,11752,1.0,28:56,2015,2016
2015-16,2736,Luol Deng,Luol,1610612748,MIA,Miami Heat,21500630,2016-01-20T00:00:00,MIA @ WAS,L,36.1,6.0,3.0,0.0,2.0,22.0,12.0,16.0,38.0,1.0,1.0,1.0,3.0,27.1,1,13074,13074,13074,2669,878,3104,9917,12984,25683,22832,24641,1422,2692,17214,4972,4736,7339,1.0,36:06,2015,2016
2015-16,201572,Brook Lopez,Brook,1610612751,BKN,Brooklyn Nets,21500631,2016-01-20T00:00:00,BKN vs. CLE,L,32.7,2.0,2.0,0.0,6.0,13.0,8.0,14.0,34.0,1.0,0.0,2.0,2.0,30.5,1,13074,13074,13074,5308,6026,4731,9917,5299,21300,17345,23710,2701,2692,1,11390,7786,5620,1.0,32:45,2015,2016
2015-16,202681,Kyrie Irving,Kyrie,1610612739,CLE,Cleveland Cavaliers,21500631,2016-01-20T00:00:00,CLE @ BKN,W,21.3,0.0,0.0,3.0,2.0,11.0,5.0,2.0,16.0,0.0,1.0,0.0,1.0,15.7,1,1,1,1,14801,12059,10158,3302,12984,18886,11469,4025,15259,8004,17214,1,12373,14841,1.0,21:17,2015,2016
2015-16,203991,Clint Capela,Clint,1610612745,HOU,Houston Rockets,21500635,2016-01-20T00:00:00,HOU vs. DET,L,28.1,2.0,4.0,0.0,10.0,9.0,9.0,11.0,28.0,1.0,1.0,4.0,1.0,30.6,1,13074,13074,13074,9122,6026,1596,9917,1840,15771,19144,21342,5824,2692,17214,22104,12373,5574,1.0,28:09,2015,2016
2015-16,2772,Trevor Ariza,Trevor,1610612745,HOU,Houston Rockets,21500635,2016-01-20T00:00:00,HOU vs. DET,L,42.9,0.0,0.0,0.0,0.0,13.0,13.0,13.0,36.0,0.0,1.0,5.0,1.0,12.3,1,13074,13074,13074,207,12059,10158,9917,18861,21300,23668,23048,1943,8004,17214,24686,12373,17524,1.0,42:55,2015,2016
2015-16,201937,Ricky Rubio,Ricky,1610612750,MIN,Minnesota Timberwolves,21500637,2016-01-20T00:00:00,MIN @ DAL,L,35.7,0.0,0.0,0.0,2.0,12.0,5.0,14.0,36.0,0.0,0.0,3.0,1.0,15.9,1,13074,13074,13074,3009,12059,10158,9917,12984,20178,11469,23710,1943,8004,1,17641,12373,14675,1.0,35:39,2015,2016
2015-16,201949,James Johnson,James,1610612761,TOR,Toronto Raptors,21500633,2016-01-20T00:00:00,TOR vs. BOS,W,19.6,0.0,0.0,0.0,0.0,4.0,7.0,6.0,10.0,1.0,0.0,0.0,0.0,15.1,1,1,1,1,16211,12059,10158,9917,18861,6141,15642,13388,20209,2692,1,1,18762,15328,1.0,19:37,2015,2016
2015-16,203148,Brian Roberts,Brian,1610612766,CHA,Charlotte Hornets,21500636,2016-01-20T00:00:00,CHA @ OKC,L,12.0,0.0,0.0,0.0,0.0,1.0,4.0,0.0,8.0,0.0,0.0,1.0,2.0,12.0,1,13074,13074,13074,21529,12059,10158,9917,18861,2356,8458,1,21543,8004,1,4972,7786,17703,1.0,12:00,2015,2016
2015-16,201143,Al Horford,Al,1610612737,ATL,Atlanta Hawks,21500639,2016-01-20T00:00:00,ATL @ POR,W,36.3,0.0,4.0,0.0,6.0,8.0,8.0,8.0,40.0,0.0,1.0,1.0,2.0,27.1,1,1,1,1,2557,12059,1596,9917,5299,13914,17345,17194,983,8004,17214,4972,7786,7339,1.0,36:17,2015,2016
2015-16,203457,Nerlens Noel,Nerlens,1610612755,PHI,Philadelphia 76ers,21500629,2016-01-20T00:00:00,PHI @ ORL,W,19.1,0.0,0.0,0.0,2.0,7.0,4.0,4.0,22.0,2.0,0.0,1.0,1.0,20.1,1,1,1,1,16642,12059,10158,9917,12984,12242,8458,8806,10265,932,1,4972,12373,11685,1.0,19:04,2015,2016
2015-16,202388,Donald Sloan,Donald,1610612751,BKN,Brooklyn Nets,21500631,2016-01-20T00:00:00,BKN vs. CLE,L,24.9,2.0,0.0,4.0,8.0,6.0,4.0,8.0,20.0,0.0,0.0,0.0,1.0,26.7,1,13074,13074,13074,11748,6026,10158,1913,3109,10028,8458,17194,11929,8004,1,1,12373,7525,1.0,24:54,2015,2016
2015-16,200794,Paul Millsap,Paul,1610612737,ATL,Atlanta Hawks,21500639,2016-01-20T00:00:00,ATL @ POR,W,33.9,3.0,2.0,3.0,8.0,10.0,6.0,4.0,26.0,0.0,1.0,3.0,5.0,41.8,1,1,1,1,4394,4307,4731,3302,3109,17370,13237,8806,7214,8004,17214,17641,1539,1981,1.0,33:56,2015,2016
2015-16,200752,Rudy Gay,Rudy,1610612758,SAC,Sacramento Kings,21500638,2016-01-20T00:00:00,SAC @ LAL,W,33.0,0.0,2.0,4.0,6.0,4.0,5.0,7.0,28.0,6.0,0.0,4.0,4.0,49.7,1,1,1,1,5104,12059,4731,1913,5299,6141,11469,15538,5824,19,1,22104,2748,789,1.0,33:01,2015,2016
2015-16,203086,Meyers Leonard,Meyers,1610612757,POR,Portland Trail Blazers,21500639,2016-01-20T00:00:00,POR vs. ATL,L,18.4,0.0,2.0,0.0,2.0,8.0,4.0,8.0,10.0,0.0,0.0,2.0,0.0,24.0,1,13074,13074,13074,17143,12059,4731,9917,12984,13914,8458,17194,20209,8004,1,11390,18762,9121,1.0,18:27,2015,2016
2015-16,203093,Terrence Jones,Terrence,1610612745,HOU,Houston Rockets,21500635,2016-01-20T00:00:00,HOU vs. DET,L,25.4,4.0,0.0,2.0,10.0,8.0,9.0,9.0,28.0,2.0,0.0,3.0,1.0,24.4,1,13074,13074,13074,11382,2460,10158,4675,1840,13914,19144,18829,5824,932,1,17641,12373,8867,1.0,25:24,2015,2016
2015-16,203083,Andre Drummond,Andre,1610612765,DET,Detroit Pistons,21500635,2016-01-20T00:00:00,DET @ HOU,W,23.2,1.0,1.0,2.0,4.0,4.0,6.0,4.0,24.0,1.0,1.0,2.0,25.0,37.2,1,1,1,1,13180,11535,9709,4675,8599,6141,13237,8806,8723,2692,17214,11390,1,3130,1.0,23:13,2015,2016
2015-16,201951,Ty Lawson,Ty,1610612745,HOU,Houston Rockets,21500635,2016-01-20T00:00:00,HOU vs. DET,L,35.2,2.0,0.0,2.0,10.0,12.0,8.0,10.0,30.0,0.0,1.0,4.0,2.0,24.5,1,13074,13074,13074,3376,6026,10158,4675,1840,20178,17345,20169,4541,8004,17214,22104,7786,8801,1.0,35:13,2015,2016
2015-16,2733,Shaun Livingston,Shaun,1610612744,GSW,Golden State Warriors,21500634,2016-01-20T00:00:00,GSW @ CHI,W,16.2,0.0,0.0,2.0,10.0,4.0,9.0,5.0,26.0,0.0,0.0,0.0,3.0,24.5,1,1,1,1,18913,12059,10158,4675,1840,6141,19144,11593,7214,8004,1,1,4736,8801,1.0,16:10,2015,2016
2015-16,201577,Robin Lopez,Robin,1610612752,NYK,New York Knicks,21500632,2016-01-20T00:00:00,NYK vs. UTA,W,40.0,2.0,10.0,0.0,20.0,11.0,12.0,4.0,24.0,3.0,0.0,3.0,2.0,44.4,1,1,1,1,742,6026,34,9917,59,18886,22832,8806,8723,347,1,17641,7786,1474,1.0,39:58,2015,2016
2015-16,203952,Andrew Wiggins,Andrew,1610612750,MIN,Minnesota Timberwolves,21500637,2016-01-20T00:00:00,MIN @ DAL,L,40.4,2.0,0.0,8.0,8.0,14.0,9.0,14.0,42.0,1.0,0.0,4.0,6.0,36.9,1,13074,13074,13074,614,6026,10158,280,3109,22292,19144,23710,670,2692,1,22104,873,3210,1.0,40:26,2015,2016
2015-16,2449,Luis Scola,Luis,1610612761,TOR,Toronto Raptors,21500633,2016-01-20T00:00:00,TOR vs. BOS,W,24.8,3.0,6.0,2.0,12.0,6.0,7.0,9.0,14.0,0.0,0.0,3.0,2.0,24.0,1,1,1,1,11859,4307,481,4675,988,10028,15642,18829,17019,8004,1,17641,7786,9121,1.0,24:46,2015,2016
2015-16,202718,Chandler Parsons,Chandler,1610612742,DAL,Dallas Mavericks,21500637,2016-01-20T00:00:00,DAL vs. MIN,W,46.0,3.0,0.0,6.0,18.0,8.0,16.0,16.0,46.0,0.0,1.0,2.0,3.0,44.6,1,1,1,1,60,4307,10158,740,131,13914,25155,24641,298,8004,17214,11390,4736,1438,1.0,45:58,2015,2016
2015-16,202710,Jimmy Butler III,Jimmy,1610612741,CHI,Chicago Bulls,21500634,2016-01-20T00:00:00,CHI vs. GSW,L,35.5,5.0,5.0,3.0,6.0,13.0,13.0,14.0,36.0,0.0,2.0,0.0,6.0,30.0,1,13074,13074,13074,3184,1603,995,3302,5299,21300,23668,23710,1943,8004,23588,1,873,5840,1.0,35:27,2015,2016
2015-16,203484,Kentavious Caldwell-Pope,Kentavious,1610612765,DET,Detroit Pistons,21500635,2016-01-20T00:00:00,DET @ HOU,W,37.2,4.0,0.0,6.0,6.0,8.0,6.0,12.0,36.0,0.0,0.0,2.0,2.0,36.4,1,1,1,1,1973,2460,10158,740,5299,13914,13237,22259,1943,8004,1,11390,7786,3353,1.0,37:11,2015,2016
2015-16,202397,Ish Smith,Ish,1610612755,PHI,Philadelphia 76ers,21500629,2016-01-20T00:00:00,PHI @ ORL,W,30.4,0.0,0.0,2.0,10.0,12.0,6.0,8.0,38.0,0.0,0.0,5.0,2.0,28.9,1,1,1,1,7155,12059,10158,4675,1840,20178,13237,17194,1422,8004,1,24686,7786,6414,1.0,30:26,2015,2016
2015-16,202329,Al-Farouq Aminu,Al-Farouq,1610612757,POR,Portland Trail Blazers,21500639,2016-01-20T00:00:00,POR vs. ATL,L,30.6,0.0,1.0,2.0,8.0,9.0,12.0,3.0,28.0,1.0,0.0,3.0,2.0,28.9,1,13074,13074,13074,7041,12059,9709,4675,3109,15771,22832,7328,5824,2692,1,17641,7786,6414,1.0,30:35,2015,2016
2015-16,201935,James Harden,James,1610612745,HOU,Houston Rockets,21500635,2016-01-20T00:00:00,HOU vs. DET,L,36.1,2.0,4.0,5.0,6.0,11.0,10.0,12.0,34.0,0.0,1.0,5.0,8.0,71.4,1,13074,13074,13074,2717,6026,1596,1277,5299,18886,20509,22259,2701,8004,17214,24686,254,36,1.0,36:03,2015,2016
2015-16,1626157,Karl-Anthony Towns,Karl-Anthony,1610612750,MIN,Minnesota Timberwolves,21500637,2016-01-20T00:00:00,MIN @ DAL,L,36.8,2.0,7.0,2.0,14.0,14.0,9.0,14.0,38.0,6.0,0.0,3.0,2.0,69.9,1,13074,13074,13074,2223,6026,292,4675,542,22292,19144,23710,1422,19,1,17641,7786,47,1.0,36:48,2015,2016
2015-16,101150,Lou Williams,Lou,1610612747,LAL,Los Angeles Lakers,21500638,2016-01-20T00:00:00,LAL vs. SAC,L,32.8,0.0,4.0,0.0,8.0,5.0,12.0,22.0,42.0,0.0,0.0,2.0,6.0,24.9,1,13074,13074,13074,5273,12059,1596,9917,3109,8403,22832,25811,670,8004,1,11390,873,8553,1.0,32:48,2015,2016
2015-16,203918,Rodney Hood,Rodney,1610612762,UTA,Utah Jazz,21500632,2016-01-20T00:00:00,UTA @ NYK,L,41.5,5.0,0.0,0.0,6.0,14.0,15.0,3.0,42.0,0.0,1.0,2.0,2.0,43.7,1,13074,13074,13074,382,1603,10158,9917,5299,22292,24781,7328,670,8004,17214,11390,7786,1610,1.0,41:31,2015,2016
2015-16,203463,Ben McLemore,Ben,1610612758,SAC,Sacramento Kings,21500638,2016-01-20T00:00:00,SAC @ LAL,W,18.4,0.0,0.0,2.0,4.0,0.0,2.0,2.0,10.0,0.0,0.0,5.0,1.0,7.4,1,1,1,1,17147,12059,10158,4675,8599,1,3734,4025,20209,8004,1,24686,12373,20912,1.0,18:26,2015,2016
2015-16,202326,DeMarcus Cousins,DeMarcus,1610612758,SAC,Sacramento Kings,21500638,2016-01-20T00:00:00,SAC @ LAL,W,35.0,6.0,12.0,2.0,20.0,4.0,7.0,7.0,30.0,1.0,2.0,5.0,8.0,63.7,1,1,1,1,3520,878,6,4675,59,6141,15642,15538,4541,2692,23588,24686,254,108,1.0,35:01,2015,2016
2015-16,203469,Cody Zeller,Cody,1610612766,CHA,Charlotte Hornets,21500636,2016-01-20T00:00:00,CHA @ OKC,L,14.0,2.0,0.0,2.0,0.0,7.0,10.0,6.0,20.0,0.0,1.0,4.0,2.0,7.4,1,13074,13074,13074,20389,6026,10158,4675,18861,12242,20509,13388,11929,8004,17214,22104,7786,20912,1.0,14:02,2015,2016
2015-16,1626162,Kelly Oubre Jr.,Kelly,1610612764,WAS,Washington Wizards,21500630,2016-01-20T00:00:00,WAS vs. MIA,W,19.4,0.0,0.0,0.0,0.0,5.0,8.0,6.0,16.0,1.0,0.0,2.0,1.0,7.4,1,1,1,1,16375,12059,10158,9917,18861,8403,17345,13388,15259,2692,1,11390,12373,20912,1.0,19:25,2015,2016
2015-16,202696,Nikola Vučević,Nikola,1610612753,ORL,Orlando Magic,21500629,2016-01-20T00:00:00,ORL vs. PHI,L,36.8,3.0,2.0,2.0,10.0,12.0,0.0,12.0,40.0,1.0,3.0,2.0,1.0,36.7,1,13074,13074,13074,2251,4307,4731,4675,1840,20178,1,22259,983,2692,25441,11390,12373,3269,1.0,36:46,2015,2016
2015-16,2546,Carmelo Anthony,Carmelo,1610612752,NYK,New York Knicks,21500632,2016-01-20T00:00:00,NYK vs. UTA,W,41.9,0.0,2.0,0.0,14.0,13.0,14.0,4.0,20.0,0.0,2.0,3.0,6.0,49.9,1,1,1,1,331,12059,4731,9917,542,21300,24300,8806,11929,8004,23588,17641,873,765,1.0,41:51,2015,2016
2015-16,203901,Elfrid Payton,Elfrid,1610612753,ORL,Orlando Magic,21500629,2016-01-20T00:00:00,ORL vs. PHI,L,41.0,3.0,4.0,0.0,16.0,12.0,1.0,12.0,40.0,0.0,1.0,2.0,5.0,46.2,1,13074,13074,13074,493,4307,1596,9917,275,20178,3393,22259,983,8004,17214,11390,1539,1175,1.0,40:58,2015,2016
2015-16,201942,DeMar DeRozan,DeMar,1610612761,TOR,Toronto Raptors,21500633,2016-01-20T00:00:00,TOR vs. BOS,W,38.0,7.0,2.0,0.0,14.0,12.0,9.0,11.0,30.0,0.0,0.0,1.0,8.0,46.4,1,1,1,1,1519,548,4731,9917,542,20178,19144,21342,4541,8004,1,4972,254,1149,1.0,37:58,2015,2016
2015-16,1626149,Montrezl Harrell,Montrezl,1610612745,HOU,Houston Rockets,21500635,2016-01-20T00:00:00,HOU vs. DET,L,9.2,0.0,0.0,0.0,2.0,0.0,5.0,3.0,6.0,0.0,0.0,5.0,1.0,7.5,1,13074,13074,13074,22773,12059,10158,9917,12984,1,11469,7328,22724,8004,1,24686,12373,20874,1.0,9:10,2015,2016
2015-16,101138,Brandon Bass,Brandon,1610612747,LAL,Los Angeles Lakers,21500638,2016-01-20T00:00:00,LAL vs. SAC,L,29.7,4.0,2.0,0.0,12.0,11.0,14.0,15.0,34.0,3.0,3.0,3.0,3.0,37.4,1,13074,13074,13074,7843,2460,4731,9917,988,18886,24300,24242,2701,347,25441,17641,4736,3073,1.0,29:40,2015,2016
2015-16,1891,Jason Terry,Jason,1610612745,HOU,Houston Rockets,21500635,2016-01-20T00:00:00,HOU vs. DET,L,18.2,0.0,0.0,3.0,4.0,3.0,8.0,6.0,18.0,0.0,0.0,2.0,0.0,11.5,1,13074,13074,13074,17370,12059,10158,3302,8599,5109,17345,13388,13577,8004,1,11390,18762,18079,1.0,18:10,2015,2016
2015-16,201939,Stephen Curry,Stephen,1610612744,GSW,Golden State Warriors,21500634,2016-01-20T00:00:00,GSW @ CHI,W,33.8,2.0,8.0,4.0,4.0,7.0,11.0,3.0,22.0,1.0,1.0,2.0,4.0,56.9,1,1,1,1,4550,6026,137,1913,8599,12242,21814,7328,10265,2692,17214,11390,2748,319,1.0,33:45,2015,2016
2015-16,201566,Russell Westbrook,Russell,1610612760,OKC,Oklahoma City Thunder,21500636,2016-01-20T00:00:00,OKC vs. CHA,W,27.3,3.0,5.0,1.0,6.0,8.0,4.0,14.0,30.0,0.0,0.0,2.0,4.0,58.1,1,1,1,1,9741,4307,995,9347,5299,13914,8458,23710,4541,8004,1,11390,2748,265,1.0,27:20,2015,2016
2015-16,1626159,Justise Winslow,Justise,1610612748,MIA,Miami Heat,21500630,2016-01-20T00:00:00,MIA @ WAS,L,35.7,2.0,3.0,2.0,4.0,19.0,14.0,13.0,32.0,0.0,0.0,2.0,1.0,24.2,1,13074,13074,13074,2973,6026,3104,4675,8599,25074,24300,23048,3535,8004,1,11390,12373,9009,1.0,35:42,2015,2016
2015-16,201142,Kevin Durant,Kevin,1610612760,OKC,Oklahoma City Thunder,21500636,2016-01-20T00:00:00,OKC vs. CHA,W,30.1,4.0,0.0,7.0,14.0,10.0,6.0,12.0,30.0,0.0,0.0,1.0,4.0,36.5,1,1,1,1,7426,2460,10158,454,542,17370,13237,22259,4541,8004,1,4972,2748,3326,1.0,30:07,2015,2016
2015-16,202685,Jonas Valančiūnas,Jonas,1610612761,TOR,Toronto Raptors,21500633,2016-01-20T00:00:00,TOR vs. BOS,W,28.8,0.0,4.0,0.0,18.0,4.0,7.0,9.0,18.0,0.0,0.0,1.0,2.0,36.9,1,1,1,1,8569,12059,1596,9917,131,6141,15642,18829,13577,8004,1,4972,7786,3210,1.0,28:47,2015,2016
2015-16,202734,E'Twaun Moore,E'Twaun,1610612741,CHI,Chicago Bulls,21500634,2016-01-20T00:00:00,CHI vs. GSW,L,16.6,4.0,4.0,0.0,12.0,6.0,2.0,13.0,28.0,0.0,0.0,2.0,1.0,24.6,1,13074,13074,13074,18592,2460,1596,9917,988,10028,3734,23048,5824,8004,1,11390,12373,8724,1.0,16:35,2015,2016
2015-16,202689,Kemba Walker,Kemba,1610612766,CHA,Charlotte Hornets,21500636,2016-01-20T00:00:00,CHA @ OKC,L,30.1,2.0,0.0,6.0,10.0,13.0,12.0,12.0,34.0,0.0,0.0,2.0,1.0,29.4,1,13074,13074,13074,7426,6026,10158,740,1840,21300,22832,22259,2701,8004,1,11390,12373,6143,1.0,30:07,2015,2016
2015-16,202691,Klay Thompson,Klay,1610612744,GSW,Golden State Warriors,21500634,2016-01-20T00:00:00,GSW @ CHI,W,32.1,2.0,0.0,0.0,8.0,9.0,13.0,8.0,30.0,3.0,1.0,2.0,2.0,36.5,1,1,1,1,5785,6026,10158,9917,3109,15771,23668,17194,4541,347,17214,11390,7786,3326,1.0,32:07,2015,2016
2015-16,2419,Tayshaun Prince,Tayshaun,1610612750,MIN,Minnesota Timberwolves,21500637,2016-01-20T00:00:00,MIN @ DAL,L,29.1,0.0,0.0,0.0,0.0,9.0,4.0,11.0,28.0,1.0,0.0,2.0,1.0,13.5,1,13074,13074,13074,8312,12059,10158,9917,18861,15771,8458,21342,5824,2692,1,11390,12373,16552,1.0,29:05,2015,2016
2015-16,1626171,Bobby Portis,Bobby,1610612741,CHI,Chicago Bulls,21500634,2016-01-20T00:00:00,CHI vs. GSW,L,23.5,0.0,8.0,0.0,8.0,7.0,3.0,6.0,34.0,1.0,2.0,2.0,2.0,28.6,1,13074,13074,13074,12952,12059,137,9917,3109,12242,7138,13388,2701,2692,23588,11390,7786,6560,1.0,23:32,2015,2016
2015-16,202687,Bismack Biyombo,Bismack,1610612761,TOR,Toronto Raptors,21500633,2016-01-20T00:00:00,TOR vs. BOS,W,16.3,0.0,0.0,0.0,2.0,12.0,5.0,4.0,18.0,3.0,0.0,1.0,4.0,17.8,1,1,1,1,18783,12059,10158,9917,12984,20178,11469,8806,13577,347,1,4972,2748,13309,1.0,16:21,2015,2016
2015-16,1626161,Willie Cauley-Stein,Willie,1610612758,SAC,Sacramento Kings,21500638,2016-01-20T00:00:00,SAC @ LAL,W,29.4,2.0,4.0,5.0,8.0,10.0,2.0,4.0,26.0,2.0,0.0,4.0,3.0,37.5,1,1,1,1,8044,6026,1596,1277,3109,17370,3734,8806,7214,932,1,22104,4736,3050,1.0,29:25,2015,2016
2015-16,203078,Bradley Beal,Bradley,1610612764,WAS,Washington Wizards,21500630,2016-01-20T00:00:00,WAS vs. MIA,W,25.5,2.0,4.0,3.0,8.0,7.0,3.0,0.0,16.0,0.0,0.0,2.0,3.0,27.6,1,1,1,1,11317,6026,1596,3302,3109,12242,7138,1,15259,8004,1,11390,4736,7080,1.0,25:28,2015,2016
2015-16,2403,Nene,ene,1610612764,WAS,Washington Wizards,21500630,2016-01-20T00:00:00,WAS vs. MIA,W,25.6,4.0,2.0,2.0,12.0,9.0,6.0,2.0,18.0,0.0,0.0,3.0,3.0,37.7,1,1,1,1,11194,2460,4731,4675,988,15771,13237,4025,13577,8004,1,17641,4736,2990,1.0,25:37,2015,2016
2015-16,202684,Tristan Thompson,Tristan,1610612739,CLE,Cleveland Cavaliers,21500631,2016-01-20T00:00:00,CLE @ BKN,W,27.8,0.0,4.0,0.0,12.0,0.0,0.0,2.0,18.0,0.0,0.0,0.0,1.0,27.5,1,1,1,1,9395,12059,1596,9917,988,1,1,4025,13577,8004,1,1,12373,7137,1.0,27:47,2015,2016
2015-16,200765,Rajon Rondo,Rajon,1610612758,SAC,Sacramento Kings,21500638,2016-01-20T00:00:00,SAC @ LAL,W,34.1,0.0,2.0,5.0,6.0,4.0,7.0,7.0,24.0,0.0,0.0,0.0,2.0,39.5,1,1,1,1,4281,12059,4731,1277,5299,6141,15642,15538,8723,8004,1,1,7786,2497,1.0,34:05,2015,2016
2015-16,203468,CJ McCollum,CJ,1610612757,POR,Portland Trail Blazers,21500639,2016-01-20T00:00:00,POR vs. ATL,L,37.9,4.0,3.0,4.0,4.0,7.0,14.0,3.0,26.0,0.0,0.0,0.0,3.0,38.1,1,13074,13074,13074,1568,2460,3104,1913,8599,12242,24300,7328,7214,8004,1,1,4736,2879,1.0,37:52,2015,2016
2015-16,202083,Wesley Matthews,Wesley,1610612742,DAL,Dallas Mavericks,21500637,2016-01-20T00:00:00,DAL vs. MIN,W,40.2,3.0,3.0,3.0,8.0,4.0,12.0,10.0,32.0,0.0,2.0,3.0,2.0,33.2,1,1,1,1,687,4307,3104,3302,3109,6141,22832,20169,3535,8004,23588,17641,7786,4462,1.0,40:10,2015,2016
2015-16,204456,T.J. McConnell,T.J.,1610612755,PHI,Philadelphia 76ers,21500629,2016-01-20T00:00:00,PHI @ ORL,W,17.6,0.0,0.0,0.0,0.0,1.0,2.0,8.0,12.0,0.0,0.0,3.0,3.0,13.8,1,1,1,1,17857,12059,10158,9917,18861,2356,3734,17194,18637,8004,1,17641,4736,16311,1.0,17:33,2015,2016
2015-16,202704,Reggie Jackson,Reggie,1610612765,DET,Detroit Pistons,21500635,2016-01-20T00:00:00,DET @ HOU,W,32.4,2.0,7.0,0.0,12.0,8.0,4.0,12.0,28.0,0.0,1.0,1.0,2.0,38.5,1,1,1,1,5552,6026,292,9917,988,13914,8458,22259,5824,8004,17214,4972,7786,2771,1.0,32:26,2015,2016
2015-16,203081,Damian Lillard,Damian,1610612757,POR,Portland Trail Blazers,21500639,2016-01-20T00:00:00,POR vs. ATL,L,36.8,2.0,0.0,2.0,10.0,8.0,10.0,5.0,26.0,0.0,2.0,4.0,2.0,33.0,1,13074,13074,13074,2249,6026,10158,4675,1840,13914,20509,11593,7214,8004,23588,22104,7786,4537,1.0,36:46,2015,2016
2015-16,204001,Kristaps Porziņģis,Kristaps,1610612752,NYK,New York Knicks,21500632,2016-01-20T00:00:00,NYK vs. UTA,W,28.8,2.0,2.0,0.0,2.0,13.0,13.0,0.0,6.0,3.0,0.0,6.0,3.0,33.0,1,1,1,1,8506,6026,4731,9917,12984,21300,23668,1,22724,347,1,25827,4736,4537,1.0,28:50,2015,2016
2015-16,203903,Jordan Clarkson,Jordan,1610612747,LAL,Los Angeles Lakers,21500638,2016-01-20T00:00:00,LAL vs. SAC,L,35.0,0.0,0.0,2.0,6.0,10.0,18.0,16.0,40.0,0.0,2.0,1.0,4.0,22.5,1,13074,13074,13074,3522,12059,10158,4675,5299,17370,25634,24641,983,8004,23588,4972,2748,10082,1.0,35:01,2015,2016
2015-16,202711,Bojan Bogdanović,Bojan,1610612751,BKN,Brooklyn Nets,21500631,2016-01-20T00:00:00,BKN vs. CLE,L,29.5,0.0,0.0,0.0,2.0,13.0,4.0,6.0,22.0,0.0,1.0,0.0,2.0,14.0,1,13074,13074,13074,7944,12059,10158,9917,12984,21300,8458,13388,10265,8004,17214,1,7786,16166,1.0,29:32,2015,2016
2015-16,202323,Evan Turner,Evan,1610612738,BOS,Boston Celtics,21500633,2016-01-20T00:00:00,BOS @ TOR,L,22.6,0.0,0.0,0.0,4.0,4.0,10.0,0.0,28.0,0.0,0.0,2.0,2.0,22.5,1,13074,13074,13074,13661,12059,10158,9917,8599,6141,20509,1,5824,8004,1,11390,7786,10082,1.0,22:38,2015,2016
2015-16,203500,Steven Adams,Steven,1610612760,OKC,Oklahoma City Thunder,21500636,2016-01-20T00:00:00,OKC vs. CHA,W,28.0,1.0,3.0,0.0,6.0,10.0,2.0,12.0,24.0,1.0,0.0,4.0,6.0,22.0,1,1,1,1,9249,11535,3104,9917,5299,17370,3734,22259,8723,2692,1,22104,873,10388,1.0,27:58,2015,2016
2015-16,203932,Aaron Gordon,Aaron,1610612753,ORL,Orlando Magic,21500629,2016-01-20T00:00:00,ORL vs. PHI,L,32.3,0.0,0.0,5.0,4.0,10.0,1.0,12.0,26.0,0.0,0.0,1.0,3.0,17.1,1,13074,13074,13074,5676,12059,10158,1277,8599,17370,3393,22259,7214,8004,1,4972,4736,13791,1.0,32:16,2015,2016
2015-16,202697,Iman Shumpert,Iman,1610612739,CLE,Cleveland Cavaliers,21500631,2016-01-20T00:00:00,CLE @ BKN,W,30.0,2.0,0.0,2.0,2.0,2.0,0.0,2.0,20.0,2.0,0.0,0.0,2.0,22.1,1,1,1,1,7581,6026,10158,4675,12984,2619,1,4025,11929,932,1,1,7786,10332,1.0,29:58,2015,2016
2015-16,202738,Isaiah Thomas,Isaiah,1610612738,BOS,Boston Celtics,21500633,2016-01-20T00:00:00,BOS @ TOR,L,35.3,8.0,3.0,4.0,6.0,11.0,8.0,7.0,40.0,0.0,2.0,1.0,6.0,38.8,1,13074,13074,13074,3323,308,3104,1913,5299,18886,17345,15538,983,8004,23588,4972,873,2692,1.0,35:17,2015,2016
2015-16,101162,Marcin Gortat,Marcin,1610612764,WAS,Washington Wizards,21500630,2016-01-20T00:00:00,WAS vs. MIA,W,35.2,2.0,4.0,0.0,12.0,10.0,5.0,6.0,24.0,2.0,2.0,2.0,1.0,38.4,1,1,1,1,3398,6026,1596,9917,988,17370,11469,13388,8723,932,23588,11390,12373,2802,1.0,35:11,2015,2016
2015-16,202389,Timofey Mozgov,Timofey,1610612739,CLE,Cleveland Cavaliers,21500631,2016-01-20T00:00:00,CLE @ BKN,W,20.2,2.0,2.0,1.0,8.0,13.0,7.0,2.0,20.0,0.0,1.0,2.0,2.0,17.0,1,1,1,1,15713,6026,4731,9347,3109,21300,15642,4025,11929,8004,17214,11390,7786,13855,1.0,20:13,2015,2016
2015-16,201959,Taj Gibson,Taj,1610612741,CHI,Chicago Bulls,21500634,2016-01-20T00:00:00,CHI vs. GSW,L,20.1,0.0,2.0,0.0,2.0,6.0,12.0,6.0,16.0,1.0,2.0,1.0,0.0,16.9,1,13074,13074,13074,15865,12059,4731,9917,12984,10028,22832,13388,15259,2692,23588,4972,18762,13911,1.0,20:04,2015,2016
2015-16,202683,Enes Freedom,Enes,1610612760,OKC,Oklahoma City Thunder,21500636,2016-01-20T00:00:00,OKC vs. CHA,W,21.6,1.0,6.0,0.0,4.0,9.0,6.0,5.0,18.0,1.0,0.0,0.0,5.0,22.2,1,1,1,1,14504,11535,481,9917,8599,15771,13237,11593,13577,2692,1,1,1539,10263,1.0,21:37,2015,2016
2015-16,201196,Ramon Sessions,Ramon,1610612764,WAS,Washington Wizards,21500630,2016-01-20T00:00:00,WAS vs. MIA,W,20.0,2.0,0.0,4.0,4.0,5.0,8.0,4.0,14.0,0.0,2.0,1.0,2.0,16.9,1,1,1,1,15906,6026,10158,1913,8599,8403,17345,8806,17019,8004,23588,4972,7786,13911,1.0,20:00,2015,2016
2015-16,203499,Shane Larkin,Shane,1610612751,BKN,Brooklyn Nets,21500631,2016-01-20T00:00:00,BKN vs. CLE,L,23.1,0.0,0.0,0.0,2.0,13.0,4.0,8.0,22.0,0.0,0.0,2.0,0.0,17.5,1,13074,13074,13074,13285,12059,10158,9917,12984,21300,8458,17194,10265,8004,1,11390,18762,13528,1.0,23:06,2015,2016
2015-16,203497,Rudy Gobert,Rudy,1610612762,UTA,Utah Jazz,21500632,2016-01-20T00:00:00,UTA @ NYK,L,42.4,0.0,3.0,0.0,8.0,12.0,11.0,6.0,38.0,2.0,2.0,5.0,5.0,28.6,1,13074,13074,13074,268,12059,3104,9917,3109,20178,21814,13388,1422,932,23588,24686,1539,6560,1.0,42:22,2015,2016
2015-16,101114,Deron Williams,Deron,1610612742,DAL,Dallas Mavericks,21500637,2016-01-20T00:00:00,DAL vs. MIN,W,39.5,0.0,0.0,0.0,6.0,4.0,14.0,7.0,30.0,0.0,1.0,3.0,3.0,28.4,1,1,1,1,901,12059,10158,9917,5299,6141,24300,15538,4541,8004,17214,17641,4736,6663,1.0,39:27,2015,2016
2015-16,101111,Charlie Villanueva,Charlie,1610612742,DAL,Dallas Mavericks,21500637,2016-01-20T00:00:00,DAL vs. MIN,W,27.9,2.0,0.0,4.0,8.0,8.0,4.0,13.0,32.0,1.0,0.0,1.0,2.0,27.7,1,1,1,1,9318,6026,10158,1913,3109,13914,8458,23048,3535,2692,1,4972,7786,7008,1.0,27:54,2015,2016
2015-16,203496,Robert Covington,Robert,1610612755,PHI,Philadelphia 76ers,21500629,2016-01-20T00:00:00,PHI @ ORL,W,30.3,2.0,0.0,2.0,0.0,5.0,4.0,12.0,34.0,0.0,0.0,3.0,1.0,27.7,1,1,1,1,7284,6026,10158,4675,18861,8403,8458,22259,2701,8004,1,17641,12373,7008,1.0,30:16,2015,2016
2015-16,2544,LeBron James,LeBron,1610612739,CLE,Cleveland Cavaliers,21500631,2016-01-20T00:00:00,CLE @ BKN,W,29.0,11.0,0.0,7.0,10.0,13.0,7.0,2.0,24.0,1.0,0.0,1.0,2.0,27.7,1,1,1,1,8342,55,10158,454,1840,21300,15642,4025,8723,2692,1,4972,7786,7008,1.0,29:03,2015,2016
2015-16,2734,Devin Harris,Devin,1610612742,DAL,Dallas Mavericks,21500637,2016-01-20T00:00:00,DAL vs. MIN,W,32.8,4.0,2.0,3.0,6.0,4.0,12.0,13.0,20.0,0.0,2.0,2.0,4.0,27.8,1,1,1,1,5284,2460,4731,3302,5299,6141,22832,23048,11929,8004,23588,11390,2748,6950,1.0,32:47,2015,2016
2015-16,203482,Kelly Olynyk,Kelly,1610612738,BOS,Boston Celtics,21500633,2016-01-20T00:00:00,BOS @ TOR,L,31.1,2.0,3.0,0.0,8.0,7.0,10.0,2.0,28.0,0.0,0.0,2.0,1.0,31.8,1,13074,13074,13074,6670,6026,3104,9917,3109,12242,20509,4025,5824,8004,1,11390,12373,5041,1.0,31:03,2015,2016
2015-16,2738,Andre Iguodala,Andre,1610612744,GSW,Golden State Warriors,21500634,2016-01-20T00:00:00,GSW @ CHI,W,23.8,0.0,0.0,4.0,4.0,9.0,12.0,3.0,24.0,1.0,0.0,1.0,1.0,22.9,1,1,1,1,12744,12059,10158,1913,8599,15771,22832,7328,8723,2692,1,4972,12373,9811,1.0,23:48,2015,2016
2015-16,203926,Doug McDermott,Doug,1610612741,CHI,Chicago Bulls,21500634,2016-01-20T00:00:00,CHI vs. GSW,L,32.6,0.0,0.0,0.0,2.0,9.0,5.0,13.0,42.0,0.0,0.0,2.0,0.0,9.8,1,13074,13074,13074,5424,12059,10158,9917,12984,15771,11469,23048,670,8004,1,11390,18762,19331,1.0,32:36,2015,2016
2015-16,202703,Nikola Mirotic,Nikola,1610612741,CHI,Chicago Bulls,21500634,2016-01-20T00:00:00,CHI vs. GSW,L,14.4,0.0,0.0,0.0,0.0,5.0,3.0,4.0,20.0,0.0,0.0,2.0,0.0,9.8,1,13074,13074,13074,20194,12059,10158,9917,18861,8403,7138,8806,11929,8004,1,11390,18762,19331,1.0,14:21,2015,2016
2015-16,201152,Thaddeus Young,Thaddeus,1610612751,BKN,Brooklyn Nets,21500631,2016-01-20T00:00:00,BKN vs. CLE,L,24.7,4.0,2.0,0.0,12.0,6.0,4.0,10.0,20.0,0.0,0.0,6.0,4.0,23.5,1,13074,13074,13074,11970,2460,4731,9917,988,10028,8458,20169,11929,8004,1,25827,2748,9452,1.0,24:39,2015,2016
2015-16,201579,Roy Hibbert,Roy,1610612747,LAL,Los Angeles Lakers,21500638,2016-01-20T00:00:00,LAL vs. SAC,L,16.3,0.0,0.0,0.0,0.0,2.0,8.0,11.0,22.0,1.0,0.0,5.0,0.0,19.4,1,13074,13074,13074,18851,12059,10158,9917,18861,2619,17345,21342,10265,2692,1,24686,18762,12154,1.0,16:15,2015,2016
2015-16,101141,Ersan Ilyasova,Ersan,1610612765,DET,Detroit Pistons,21500635,2016-01-20T00:00:00,DET @ HOU,W,33.5,0.0,4.0,0.0,8.0,8.0,6.0,9.0,34.0,1.0,1.0,2.0,3.0,34.2,1,1,1,1,4755,12059,1596,9917,3109,13914,13237,18829,2701,2692,17214,11390,4736,4092,1.0,33:29,2015,2016
2015-16,201158,Marco Belinelli,Marco,1610612758,SAC,Sacramento Kings,21500638,2016-01-20T00:00:00,SAC @ LAL,W,19.4,3.0,0.0,6.0,0.0,8.0,2.0,2.0,26.0,0.0,0.0,0.0,0.0,14.7,1,1,1,1,16387,4307,10158,740,18861,13914,3734,4025,7214,8004,1,1,18762,15631,1.0,19:24,2015,2016
2015-16,202340,Avery Bradley,Avery,1610612738,BOS,Boston Celtics,21500633,2016-01-20T00:00:00,BOS @ TOR,L,35.8,0.0,2.0,7.0,6.0,13.0,10.0,7.0,38.0,0.0,1.0,1.0,0.0,22.9,1,13074,13074,13074,2932,12059,4731,454,5299,21300,20509,15538,1422,8004,17214,4972,18762,9811,1.0,35:45,2015,2016
2015-16,101106,Andrew Bogut,Andrew,1610612744,GSW,Golden State Warriors,21500634,2016-01-20T00:00:00,GSW @ CHI,W,20.2,2.0,2.0,2.0,6.0,5.0,4.0,3.0,14.0,3.0,0.0,3.0,0.0,34.4,1,1,1,1,15729,6026,4731,4675,5299,8403,8458,7328,17019,347,1,17641,18762,4029,1.0,20:12,2015,2016
2015-16,203935,Marcus Smart,Marcus,1610612738,BOS,Boston Celtics,21500633,2016-01-20T00:00:00,BOS @ TOR,L,24.2,4.0,0.0,0.0,4.0,6.0,10.0,2.0,28.0,0.0,0.0,4.0,3.0,18.8,1,13074,13074,13074,12408,2460,10158,9917,8599,10028,20509,4025,5824,8004,1,22104,4736,12588,1.0,24:11,2015,2016
2015-16,202682,Derrick Williams,Derrick,1610612752,NYK,New York Knicks,21500632,2016-01-20T00:00:00,NYK vs. UTA,W,28.4,2.0,5.0,0.0,8.0,2.0,5.0,4.0,22.0,0.0,0.0,0.0,7.0,25.7,1,1,1,1,8930,6026,995,9917,3109,2619,11469,8806,10265,8004,1,1,469,8088,1.0,28:23,2015,2016
2015-16,203459,Allen Crabbe,Allen,1610612757,POR,Portland Trail Blazers,21500639,2016-01-20T00:00:00,POR vs. ATL,L,27.6,0.0,0.0,0.0,0.0,11.0,12.0,8.0,24.0,0.0,0.0,1.0,0.0,14.4,1,13074,13074,13074,9554,12059,10158,9917,18861,18886,22832,17194,8723,8004,1,4972,18762,15857,1.0,27:35,2015,2016
2015-16,203145,Kent Bazemore,Kent,1610612737,ATL,Atlanta Hawks,21500639,2016-01-20T00:00:00,ATL @ POR,W,31.9,3.0,0.0,0.0,4.0,10.0,6.0,4.0,26.0,0.0,1.0,0.0,4.0,33.5,1,1,1,1,5947,4307,10158,9917,8599,17370,13237,8806,7214,8004,17214,1,2748,4348,1.0,31:56,2015,2016
2015-16,203944,Julius Randle,Julius,1610612747,LAL,Los Angeles Lakers,21500638,2016-01-20T00:00:00,LAL vs. SAC,L,30.7,0.0,1.0,0.0,4.0,9.0,16.0,20.0,34.0,1.0,4.0,1.0,3.0,25.4,1,13074,13074,13074,6970,12059,9709,9917,8599,15771,25155,25599,2701,2692,25926,4972,4736,8273,1.0,30:40,2015,2016
2015-16,201162,Jared Dudley,Jared,1610612764,WAS,Washington Wizards,21500630,2016-01-20T00:00:00,WAS vs. MIA,W,25.5,2.0,6.0,0.0,2.0,5.0,3.0,0.0,12.0,0.0,0.0,2.0,1.0,23.2,1,1,1,1,11293,6026,481,9917,12984,8403,7138,1,18637,8004,1,11390,12373,9630,1.0,25:30,2015,2016
2015-16,203504,Trey Burke,Trey,1610612762,UTA,Utah Jazz,21500632,2016-01-20T00:00:00,UTA @ NYK,L,30.5,0.0,0.0,0.0,4.0,6.0,13.0,0.0,30.0,0.0,1.0,1.0,0.0,19.1,1,13074,13074,13074,7088,12059,10158,9917,8599,10028,23668,1,4541,8004,17214,4972,18762,12372,1.0,30:31,2015,2016
2015-16,201977,Marcus Thornton,Marcus,1610612745,HOU,Houston Rockets,21500635,2016-01-20T00:00:00,HOU vs. DET,L,18.9,0.0,0.0,2.0,6.0,4.0,8.0,6.0,24.0,0.0,0.0,4.0,2.0,14.9,1,13074,13074,13074,16806,12059,10158,4675,5299,6141,17345,13388,8723,8004,1,22104,7786,15463,1.0,18:52,2015,2016
2015-16,202322,John Wall,John,1610612764,WAS,Washington Wizards,21500630,2016-01-20T00:00:00,WAS vs. MIA,W,31.8,6.0,0.0,5.0,6.0,7.0,5.0,6.0,24.0,0.0,0.0,5.0,4.0,34.8,1,1,1,1,6096,878,10158,1277,5299,12242,11469,13388,8723,8004,1,24686,2748,3891,1.0,31:46,2015,2016
2015-16,2585,Zaza Pachulia,Zaza,1610612742,DAL,Dallas Mavericks,21500637,2016-01-20T00:00:00,DAL vs. MIN,W,33.9,2.0,4.0,0.0,6.0,6.0,9.0,8.0,32.0,0.0,1.0,4.0,4.0,23.3,1,1,1,1,4438,6026,1596,9917,5299,10028,19144,17194,3535,8004,17214,22104,2748,9567,1.0,33:53,2015,2016
2015-16,101181,Jose Calderon,Jose,1610612752,NYK,New York Knicks,21500632,2016-01-20T00:00:00,NYK vs. UTA,W,32.1,2.0,0.0,3.0,2.0,13.0,10.0,2.0,14.0,1.0,0.0,3.0,1.0,14.5,1,1,1,1,5767,6026,10158,3302,12984,21300,20509,4025,17019,2692,1,17641,12373,15799,1.0,32:09,2015,2016
2015-16,202699,Tobias Harris,Tobias,1610612753,ORL,Orlando Magic,21500629,2016-01-20T00:00:00,ORL vs. PHI,L,35.6,3.0,0.0,2.0,8.0,15.0,0.0,14.0,30.0,1.0,1.0,2.0,4.0,35.0,1,13074,13074,13074,3071,4307,10158,4675,3109,23079,1,23710,4541,2692,17214,11390,2748,3813,1.0,35:35,2015,2016
2015-16,203943,Noah Vonleh,Noah,1610612757,POR,Portland Trail Blazers,21500639,2016-01-20T00:00:00,POR vs. ATL,L,14.5,0.0,2.0,0.0,4.0,0.0,4.0,0.0,12.0,1.0,0.0,2.0,1.0,14.8,1,13074,13074,13074,20082,12059,4731,9917,8599,1,8458,1,18637,2692,1,11390,12373,15561,1.0,14:32,2015,2016
2015-16,1626156,D'Angelo Russell,D'Angelo,1610612747,LAL,Los Angeles Lakers,21500638,2016-01-20T00:00:00,LAL vs. SAC,L,26.1,4.0,0.0,0.0,6.0,11.0,14.0,14.0,32.0,0.0,2.0,2.0,2.0,22.9,1,13074,13074,13074,10755,2460,10158,9917,5299,18886,24300,23710,3535,8004,23588,11390,7786,9811,1.0,26:06,2015,2016
2015-16,201229,Anthony Tolliver,Anthony,1610612765,DET,Detroit Pistons,21500635,2016-01-20T00:00:00,DET @ HOU,W,12.4,0.0,0.0,0.0,2.0,2.0,2.0,2.0,16.0,1.0,0.0,1.0,1.0,15.0,1,1,1,1,21358,12059,10158,9917,12984,2619,3734,4025,15259,2692,1,4972,12373,15404,1.0,12:21,2015,2016
2015-16,203138,Hollis Thompson,Hollis,1610612755,PHI,Philadelphia 76ers,21500629,2016-01-20T00:00:00,PHI @ ORL,W,30.2,2.0,0.0,3.0,6.0,8.0,4.0,9.0,24.0,0.0,0.0,2.0,0.0,19.6,1,1,1,1,7350,6026,10158,3302,5299,13914,8458,18829,8723,8004,1,11390,18762,12024,1.0,30:12,2015,2016
2015-16,203481,Jeff Withey,Jeff,1610612762,UTA,Utah Jazz,21500632,2016-01-20T00:00:00,UTA @ NYK,L,9.1,2.0,0.0,0.0,4.0,2.0,4.0,0.0,10.0,1.0,0.0,1.0,1.0,10.2,1,13074,13074,13074,22809,6026,10158,9917,8599,2619,8458,1,20209,2692,1,4972,12373,19003,1.0,9:05,2015,2016
2015-16,203109,Jae Crowder,Jae,1610612738,BOS,Boston Celtics,21500633,2016-01-20T00:00:00,BOS @ TOR,L,31.9,0.0,0.0,0.0,2.0,11.0,10.0,7.0,42.0,0.0,1.0,2.0,0.0,34.0,1,13074,13074,13074,5947,12059,10158,9917,12984,18886,20509,15538,670,8004,17214,11390,18762,4162,1.0,31:56,2015,2016
2015-16,202355,Hassan Whiteside,Hassan,1610612748,MIA,Miami Heat,21500630,2016-01-20T00:00:00,MIA @ WAS,L,10.6,0.0,0.0,0.0,0.0,6.0,4.0,2.0,10.0,1.0,0.0,0.0,1.0,9.9,1,13074,13074,13074,22180,12059,10158,9917,18861,10028,8458,4025,20209,2692,1,1,12373,19247,1.0,10:38,2015,2016
2015-16,203186,Willie Reed,Willie,1610612751,BKN,Brooklyn Nets,21500631,2016-01-20T00:00:00,BKN vs. CLE,L,10.5,0.0,0.0,0.0,4.0,2.0,0.0,0.0,4.0,1.0,0.0,1.0,1.0,10.4,1,13074,13074,13074,22236,12059,10158,9917,8599,2619,1,1,23698,2692,1,4972,12373,18859,1.0,10:29,2015,2016
2015-16,203498,Shabazz Muhammad,Shabazz,1610612750,MIN,Minnesota Timberwolves,21500637,2016-01-20T00:00:00,MIN @ DAL,L,35.1,0.0,7.0,2.0,8.0,12.0,6.0,13.0,42.0,1.0,0.0,0.0,0.0,24.9,1,13074,13074,13074,3489,12059,292,4675,3109,20178,13237,23048,670,2692,1,1,18762,8553,1.0,35:04,2015,2016
2015-16,203476,Gorgui Dieng,Gorgui,1610612750,MIN,Minnesota Timberwolves,21500637,2016-01-20T00:00:00,MIN @ DAL,L,16.2,2.0,2.0,4.0,4.0,2.0,2.0,4.0,20.0,0.0,2.0,3.0,1.0,25.7,1,13074,13074,13074,18894,6026,4731,1913,8599,2619,3734,8806,11929,8004,23588,17641,12373,8088,1.0,16:12,2015,2016
2015-16,201952,Jeff Teague,Jeff,1610612737,ATL,Atlanta Hawks,21500639,2016-01-20T00:00:00,ATL @ POR,W,29.2,2.0,2.0,0.0,6.0,8.0,7.0,6.0,36.0,0.0,0.0,0.0,2.0,23.4,1,1,1,1,8209,6026,4731,9917,5299,13914,15642,13388,1943,8004,1,1,7786,9501,1.0,29:12,2015,2016
2015-16,203084,Harrison Barnes,Harrison,1610612744,GSW,Golden State Warriors,21500634,2016-01-20T00:00:00,GSW @ CHI,W,32.6,5.0,2.0,2.0,4.0,7.0,13.0,8.0,26.0,0.0,0.0,1.0,0.0,23.1,1,1,1,1,5424,1603,4731,4675,8599,12242,23668,17194,7214,8004,1,4972,18762,9699,1.0,32:36,2015,2016
2015-16,203110,Draymond Green,Draymond,1610612744,GSW,Golden State Warriors,21500634,2016-01-20T00:00:00,GSW @ CHI,W,29.2,0.0,2.0,0.0,6.0,8.0,11.0,3.0,28.0,0.0,0.0,3.0,1.0,34.5,1,1,1,1,8254,12059,4731,9917,5299,13914,21814,7328,5824,8004,1,17641,12373,3997,1.0,29:09,2015,2016
2015-16,203486,Mason Plumlee,Mason,1610612757,POR,Portland Trail Blazers,21500639,2016-01-20T00:00:00,POR vs. ATL,L,28.2,4.0,0.0,0.0,6.0,5.0,10.0,0.0,24.0,0.0,1.0,4.0,1.0,23.8,1,13074,13074,13074,9084,2460,10158,9917,5299,8403,20509,1,8723,8004,17214,22104,12373,9261,1.0,28:12,2015,2016
2015-16,1626169,Stanley Johnson,Stanley,1610612765,DET,Detroit Pistons,21500635,2016-01-20T00:00:00,DET @ HOU,W,23.9,2.0,0.0,4.0,2.0,4.0,4.0,10.0,26.0,1.0,0.0,3.0,3.0,23.8,1,1,1,1,12665,6026,10158,1913,12984,6141,8458,20169,7214,2692,1,17641,4736,9261,1.0,23:53,2015,2016
2015-16,977,Kobe Bryant,Kobe,1610612747,LAL,Los Angeles Lakers,21500638,2016-01-20T00:00:00,LAL vs. SAC,L,31.2,0.0,0.0,3.0,2.0,11.0,20.0,18.0,38.0,0.0,1.0,4.0,3.0,25.3,1,13074,13074,13074,6553,12059,10158,3302,12984,18886,25875,25228,1422,8004,17214,22104,4736,8340,1.0,31:12,2015,2016
2015-16,201973,Jonas Jerebko,Jonas,1610612738,BOS,Boston Celtics,21500633,2016-01-20T00:00:00,BOS @ TOR,L,14.8,2.0,0.0,2.0,2.0,2.0,4.0,0.0,12.0,0.0,0.0,4.0,0.0,12.4,1,13074,13074,13074,19927,6026,10158,4675,12984,2619,8458,1,18637,8004,1,22104,18762,17418,1.0,14:45,2015,2016
2015-16,201167,Arron Afflalo,Arron,1610612752,NYK,New York Knicks,21500632,2016-01-20T00:00:00,NYK vs. UTA,W,42.7,2.0,0.0,3.0,2.0,15.0,11.0,2.0,26.0,0.0,0.0,5.0,1.0,16.0,1,1,1,1,231,6026,10158,3302,12984,23079,21814,4025,7214,8004,1,24686,12373,14590,1.0,42:42,2015,2016
2015-16,2571,Leandro Barbosa,Leandro,1610612744,GSW,Golden State Warriors,21500634,2016-01-20T00:00:00,GSW @ CHI,W,15.9,2.0,0.0,0.0,8.0,2.0,6.0,0.0,16.0,0.0,0.0,3.0,4.0,21.2,1,1,1,1,19125,6026,10158,9917,3109,2619,13237,1,15259,8004,1,17641,2748,10936,1.0,15:53,2015,2016
2015-16,203521,Matthew Dellavedova,Matthew,1610612739,CLE,Cleveland Cavaliers,21500631,2016-01-20T00:00:00,CLE @ BKN,W,20.2,0.0,2.0,0.0,0.0,0.0,2.0,0.0,12.0,0.0,0.0,2.0,2.0,16.1,1,1,1,1,15746,12059,4731,9917,18861,1,3734,1,18637,8004,1,11390,7786,14515,1.0,20:11,2015,2016
2015-16,202341,James Anderson,James,1610612758,SAC,Sacramento Kings,21500638,2016-01-20T00:00:00,SAC @ LAL,W,2.1,0.0,0.0,0.0,0.0,0.0,0.0,0.0,0.0,0.0,0.0,0.0,0.0,2.7,1,1,1,1,25486,12059,10158,9917,18861,1,1,1,25429,8004,1,1,18762,23884,1.0,2:05,2015,2016
2015-16,204038,Langston Galloway,Langston,1610612752,NYK,New York Knicks,21500632,2016-01-20T00:00:00,NYK vs. UTA,W,30.9,4.0,0.0,0.0,2.0,4.0,5.0,4.0,22.0,0.0,1.0,2.0,2.0,17.9,1,1,1,1,6775,2460,10158,9917,12984,6141,11469,8806,10265,8004,17214,11390,7786,13229,1.0,30:56,2015,2016
2015-16,201168,Tiago Splitter,Tiago,1610612737,ATL,Atlanta Hawks,21500639,2016-01-20T00:00:00,ATL @ POR,W,17.9,0.0,2.0,0.0,4.0,2.0,2.0,2.0,6.0,1.0,0.0,4.0,2.0,12.9,1,1,1,1,17561,12059,4731,9917,8599,2619,3734,4025,22724,2692,1,22104,7786,17049,1.0,17:57,2015,2016
2015-16,202391,Jeremy Lin,Jeremy,1610612766,CHA,Charlotte Hornets,21500636,2016-01-20T00:00:00,CHA @ OKC,L,27.9,2.0,2.0,2.0,12.0,10.0,8.0,6.0,20.0,0.0,0.0,4.0,4.0,18.2,1,13074,13074,13074,9277,6026,4731,4675,988,17370,17345,13388,11929,8004,1,22104,2748,13004,1.0,27:56,2015,2016
2015-16,202713,Kyle Singler,Kyle,1610612760,OKC,Oklahoma City Thunder,21500636,2016-01-20T00:00:00,OKC vs. CHA,W,21.1,0.0,0.0,0.0,2.0,11.0,4.0,3.0,14.0,0.0,0.0,2.0,0.0,16.4,1,1,1,1,14986,12059,10158,9917,12984,18886,8458,7328,17019,8004,1,11390,18762,14289,1.0,21:05,2015,2016
2015-16,204020,Tyler Johnson,Tyler,1610612748,MIA,Miami Heat,21500630,2016-01-20T00:00:00,MIA @ WAS,L,35.2,2.0,0.0,0.0,8.0,23.0,12.0,19.0,32.0,0.0,0.0,2.0,0.0,20.9,1,13074,13074,13074,3368,6026,10158,9917,3109,25803,22832,25435,3535,8004,1,11390,18762,11132,1.0,35:14,2015,2016
2015-16,201586,Serge Ibaka,Serge,1610612760,OKC,Oklahoma City Thunder,21500636,2016-01-20T00:00:00,OKC vs. CHA,W,37.7,3.0,0.0,4.0,4.0,10.0,4.0,14.0,32.0,0.0,0.0,4.0,0.0,21.1,1,1,1,1,1637,4307,10158,1913,8599,17370,8458,23710,3535,8004,1,22104,18762,11012,1.0,37:44,2015,2016
2015-16,204067,Jarell Eddie,Jarell,1610612764,WAS,Washington Wizards,21500630,2016-01-20T00:00:00,WAS vs. MIA,W,2.4,3.0,0.0,0.0,0.0,0.0,3.0,0.0,2.0,0.0,0.0,0.0,0.0,3.0,1,1,1,1,25371,4307,10158,9917,18861,1,7138,1,24614,8004,1,1,18762,23648,1.0,2:25,2015,2016
2015-16,203112,Quincy Acy,Quincy,1610612758,SAC,Sacramento Kings,21500638,2016-01-20T00:00:00,SAC @ LAL,W,1.9,0.0,0.0,0.0,2.0,0.0,0.0,0.0,0.0,0.0,0.0,0.0,0.0,2.0,1,1,1,1,25544,12059,10158,9917,12984,1,1,1,25429,8004,1,1,18762,24216,1.0,1:56,2015,2016
2015-16,1626168,Trey Lyles,Trey,1610612762,UTA,Utah Jazz,21500632,2016-01-20T00:00:00,UTA @ NYK,L,27.3,3.0,4.0,0.0,0.0,8.0,13.0,3.0,28.0,1.0,0.0,4.0,3.0,21.3,1,13074,13074,13074,9781,4307,1596,9917,18861,13914,23668,7328,5824,2692,1,22104,4736,10880,1.0,27:17,2015,2016
2015-16,201585,Kosta Koufos,Kosta,1610612758,SAC,Sacramento Kings,21500638,2016-01-20T00:00:00,SAC @ LAL,W,12.9,0.0,2.0,0.0,4.0,6.0,2.0,0.0,14.0,2.0,1.0,3.0,0.0,16.4,1,1,1,1,21025,12059,4731,9917,8599,10028,3734,1,17019,932,17214,17641,18762,14289,1.0,12:55,2015,2016
2015-16,2210,Richard Jefferson,Richard,1610612739,CLE,Cleveland Cavaliers,21500631,2016-01-20T00:00:00,CLE @ BKN,W,9.6,0.0,0.0,0.0,0.0,0.0,0.0,0.0,6.0,0.0,0.0,1.0,0.0,3.0,1,1,1,1,22600,12059,10158,9917,18861,1,1,1,22724,8004,1,4972,18762,23648,1.0,9:34,2015,2016
2015-16,203124,Kyle O'Quinn,Kyle,1610612752,NYK,New York Knicks,21500632,2016-01-20T00:00:00,NYK vs. UTA,W,5.2,0.0,0.0,0.0,0.0,2.0,0.0,0.0,6.0,0.0,0.0,1.0,0.0,2.4,1,1,1,1,24286,12059,10158,9917,18861,2619,1,1,22724,8004,1,4972,18762,24024,1.0,5:13,2015,2016
2015-16,203546,Ian Clark,Ian,1610612744,GSW,Golden State Warriors,21500634,2016-01-20T00:00:00,GSW @ CHI,W,3.9,0.0,0.0,4.0,4.0,0.0,2.0,0.0,6.0,0.0,0.0,0.0,0.0,8.2,1,1,1,1,24754,12059,10158,1913,8599,1,3734,1,22724,8004,1,1,18762,20416,1.0,3:53,2015,2016
2015-16,2730,Dwight Howard,Dwight,1610612745,HOU,Houston Rockets,21500635,2016-01-20T00:00:00,HOU vs. DET,L,0.9,0.0,0.0,0.0,0.0,0.0,0.0,0.0,0.0,0.0,0.0,0.0,0.0,2.4,1,13074,13074,13074,25888,12059,10158,9917,18861,1,1,1,25429,8004,1,1,18762,24024,1.0,0:55,2015,2016
2015-16,200745,Andrea Bargnani,Andrea,1610612751,BKN,Brooklyn Nets,21500631,2016-01-20T00:00:00,BKN vs. CLE,L,13.4,0.0,0.0,0.0,0.0,6.0,0.0,5.0,18.0,0.0,0.0,0.0,0.0,7.9,1,13074,13074,13074,20741,12059,10158,9917,18861,10028,1,11593,13577,8004,1,1,18762,20646,1.0,13:24,2015,2016
2015-16,201580,JaVale McGee,JaVale,1610612742,DAL,Dallas Mavericks,21500637,2016-01-20T00:00:00,DAL vs. MIN,W,16.3,0.0,2.0,0.0,6.0,2.0,7.0,8.0,14.0,1.0,1.0,0.0,1.0,18.6,1,1,1,1,18848,12059,4731,9917,5299,2619,15642,17194,17019,2692,17214,1,12373,12715,1.0,16:16,2015,2016
2015-16,202066,Garrett Temple,Garrett,1610612764,WAS,Washington Wizards,21500630,2016-01-20T00:00:00,WAS vs. MIA,W,29.4,4.0,2.0,2.0,0.0,7.0,3.0,2.0,18.0,0.0,0.0,0.0,1.0,20.9,1,1,1,1,8084,2460,4731,4675,18861,12242,7138,4025,13577,8004,1,1,12373,11132,1.0,29:22,2015,2016
2015-16,203105,Festus Ezeli,Festus,1610612744,GSW,Golden State Warriors,21500634,2016-01-20T00:00:00,GSW @ CHI,W,9.8,0.0,1.0,0.0,2.0,0.0,2.0,0.0,6.0,0.0,0.0,0.0,1.0,8.0,1,1,1,1,22543,12059,9709,9917,12984,1,3734,1,22724,8004,1,1,12373,20564,1.0,9:45,2015,2016
2015-16,201160,Jason Smith,Jason,1610612753,ORL,Orlando Magic,21500629,2016-01-20T00:00:00,ORL vs. PHI,L,11.2,0.0,2.0,0.0,2.0,4.0,1.0,6.0,4.0,1.0,0.0,0.0,0.0,12.7,1,13074,13074,13074,21925,12059,4731,9917,12984,6141,3393,13388,23698,2692,1,1,18762,17201,1.0,11:14,2015,2016
2015-16,1626170,Jerian Grant,Jerian,1610612752,NYK,New York Knicks,21500632,2016-01-20T00:00:00,NYK vs. UTA,W,12.8,0.0,0.0,0.0,0.0,2.0,4.0,0.0,10.0,0.0,1.0,2.0,0.0,8.4,1,1,1,1,21083,12059,10158,9917,18861,2619,8458,1,20209,8004,17214,11390,18762,20273,1.0,12:48,2015,2016
2015-16,201943,Brandon Jennings,Brandon,1610612765,DET,Detroit Pistons,21500635,2016-01-20T00:00:00,DET @ HOU,W,15.6,2.0,0.0,2.0,2.0,2.0,4.0,2.0,22.0,0.0,0.0,1.0,0.0,13.0,1,1,1,1,19365,6026,10158,4675,12984,2619,8458,4025,10265,8004,1,4972,18762,16969,1.0,15:34,2015,2016
2015-16,2756,Sasha Vujacic,Sasha,1610612752,NYK,New York Knicks,21500632,2016-01-20T00:00:00,NYK vs. UTA,W,2.2,0.0,0.0,0.0,0.0,0.0,1.0,0.0,0.0,0.0,0.0,0.0,0.0,2.4,1,1,1,1,25462,12059,10158,9917,18861,1,3393,1,25429,8004,1,1,18762,24024,1.0,2:10,2015,2016
2015-16,201150,Spencer Hawes,Spencer,1610612766,CHA,Charlotte Hornets,21500636,2016-01-20T00:00:00,CHA @ OKC,L,26.8,0.0,4.0,0.0,4.0,9.0,8.0,8.0,20.0,0.0,0.0,1.0,1.0,16.7,1,13074,13074,13074,10220,12059,1596,9917,8599,15771,17345,17194,11929,8004,1,4972,12373,14064,1.0,26:46,2015,2016
2015-16,2617,Udonis Haslem,Udonis,1610612748,MIA,Miami Heat,21500630,2016-01-20T00:00:00,MIA @ WAS,L,6.4,0.0,0.0,0.0,0.0,3.0,0.0,0.0,8.0,0.0,0.0,0.0,2.0,8.4,1,13074,13074,13074,23803,12059,10158,9917,18861,5109,1,1,21543,8004,1,1,7786,20273,1.0,6:21,2015,2016
2015-16,202390,Gary Neal,Gary,1610612764,WAS,Washington Wizards,21500630,2016-01-20T00:00:00,WAS vs. MIA,W,22.3,0.0,0.0,3.0,2.0,5.0,8.0,4.0,14.0,0.0,0.0,1.0,0.0,8.4,1,1,1,1,13917,12059,10158,3302,12984,8403,17345,8806,17019,8004,1,4972,18762,20273,1.0,22:18,2015,2016
2015-16,203508,Sergey Karasev,Sergey,1610612751,BKN,Brooklyn Nets,21500631,2016-01-20T00:00:00,BKN vs. CLE,L,6.4,0.0,0.0,0.0,0.0,0.0,0.0,3.0,6.0,0.0,0.0,0.0,0.0,2.4,1,13074,13074,13074,23794,12059,10158,9917,18861,1,1,7328,22724,8004,1,1,18762,24024,1.0,6:22,2015,2016
2015-16,101107,Marvin Williams,Marvin,1610612766,CHA,Charlotte Hornets,21500636,2016-01-20T00:00:00,CHA @ OKC,L,24.3,0.0,0.0,0.0,2.0,13.0,12.0,10.0,28.0,1.0,0.0,0.0,2.0,13.1,1,13074,13074,13074,12282,12059,10158,9917,12984,21300,22832,20169,5824,2692,1,1,7786,16874,1.0,24:19,2015,2016
2015-16,203956,Mitch McGary,Mitch,1610612760,OKC,Oklahoma City Thunder,21500636,2016-01-20T00:00:00,OKC vs. CHA,W,3.3,0.0,2.0,0.0,4.0,7.0,0.0,3.0,2.0,1.0,0.0,0.0,0.0,8.2,1,1,1,1,25003,12059,4731,9917,8599,12242,1,7328,24614,2692,1,1,18762,20416,1.0,3:18,2015,2016
2015-16,203082,Terrence Ross,Terrence,1610612761,TOR,Toronto Raptors,21500633,2016-01-20T00:00:00,TOR vs. BOS,W,28.4,2.0,0.0,0.0,2.0,14.0,5.0,7.0,28.0,1.0,0.0,2.0,0.0,18.7,1,1,1,1,8934,6026,10158,9917,12984,22292,11469,15538,5824,2692,1,11390,18762,12648,1.0,28:23,2015,2016
2015-16,200757,Thabo Sefolosha,Thabo,1610612737,ATL,Atlanta Hawks,21500639,2016-01-20T00:00:00,ATL @ POR,W,23.4,2.0,2.0,2.0,4.0,2.0,5.0,2.0,14.0,0.0,0.0,2.0,1.0,16.2,1,1,1,1,13029,6026,4731,4675,8599,2619,11469,4025,17019,8004,1,11390,12373,14436,1.0,23:25,2015,2016
2015-16,203798,PJ Hairston,PJ,1610612766,CHA,Charlotte Hornets,21500636,2016-01-20T00:00:00,CHA @ OKC,L,22.0,4.0,0.0,4.0,8.0,10.0,10.0,8.0,26.0,0.0,0.0,3.0,2.0,18.4,1,13074,13074,13074,14141,2460,10158,1913,3109,17370,20509,17194,7214,8004,1,17641,7786,12854,1.0,22:02,2015,2016
2015-16,1626166,Cameron Payne,Cameron,1610612760,OKC,Oklahoma City Thunder,21500636,2016-01-20T00:00:00,OKC vs. CHA,W,22.9,0.0,2.0,0.0,2.0,11.0,6.0,5.0,18.0,0.0,0.0,0.0,1.0,16.5,1,1,1,1,13496,12059,4731,9917,12984,18886,13237,11593,13577,8004,1,1,12373,14224,1.0,22:51,2015,2016
2015-16,202709,Cory Joseph,Cory,1610612761,TOR,Toronto Raptors,21500633,2016-01-20T00:00:00,TOR vs. BOS,W,21.4,0.0,0.0,0.0,2.0,12.0,7.0,8.0,30.0,0.0,1.0,1.0,0.0,6.2,1,1,1,1,14657,12059,10158,9917,12984,20178,15642,17194,4541,8004,17214,4972,18762,21696,1.0,21:26,2015,2016
2015-16,203939,Dwight Powell,Dwight,1610612742,DAL,Dallas Mavericks,21500637,2016-01-20T00:00:00,DAL vs. MIN,W,3.0,0.0,0.0,0.0,0.0,0.0,0.0,2.0,0.0,0.0,0.0,0.0,1.0,1.2,1,1,1,1,25148,12059,10158,9917,18861,1,1,4025,25429,8004,1,1,12373,24661,1.0,2:58,2015,2016
2015-16,203503,Tony Snell,Tony,1610612741,CHI,Chicago Bulls,21500634,2016-01-20T00:00:00,CHI vs. GSW,L,26.0,0.0,0.0,0.0,2.0,6.0,7.0,17.0,36.0,0.0,1.0,0.0,0.0,11.0,1,13074,13074,13074,10854,12059,10158,9917,12984,10028,15642,24967,1943,8004,17214,1,18762,18430,1.0,25:59,2015,2016
2015-16,203090,Maurice Harkless,Maurice,1610612757,POR,Portland Trail Blazers,21500639,2016-01-20T00:00:00,POR vs. ATL,L,9.8,0.0,0.0,0.0,0.0,3.0,8.0,0.0,12.0,0.0,0.0,0.0,1.0,1.2,1,13074,13074,13074,22534,12059,10158,9917,18861,5109,17345,1,18637,8004,1,1,12373,24661,1.0,9:47,2015,2016
2015-16,203135,Robert Sacre,Robert,1610612747,LAL,Los Angeles Lakers,21500638,2016-01-20T00:00:00,LAL vs. SAC,L,2.1,0.0,0.0,0.0,0.0,0.0,0.0,0.0,2.0,0.0,0.0,0.0,0.0,1.2,1,13074,13074,13074,25486,12059,10158,9917,18861,1,1,1,24614,8004,1,1,18762,24661,1.0,2:05,2015,2016
2015-16,203118,Mike Scott,Mike,1610612737,ATL,Atlanta Hawks,21500639,2016-01-20T00:00:00,ATL @ POR,W,7.8,2.0,2.0,0.0,2.0,0.0,0.0,2.0,8.0,0.0,0.0,0.0,0.0,10.6,1,1,1,1,23280,6026,4731,9917,12984,1,1,4025,21543,8004,1,1,18762,18723,1.0,7:48,2015,2016
2015-16,203473,Dewayne Dedmon,Dewayne,1610612753,ORL,Orlando Magic,21500629,2016-01-20T00:00:00,ORL vs. PHI,L,4.7,0.0,0.0,0.0,0.0,1.0,0.0,0.0,2.0,0.0,1.0,1.0,0.0,1.4,1,13074,13074,13074,24464,12059,10158,9917,18861,2356,1,1,24614,8004,17214,4972,18762,24615,1.0,4:42,2015,2016
2015-16,201593,Nikola Pekovic,Nikola,1610612750,MIN,Minnesota Timberwolves,21500637,2016-01-20T00:00:00,MIN @ DAL,L,14.3,0.0,0.0,0.0,4.0,4.0,5.0,5.0,12.0,0.0,0.0,2.0,0.0,5.7,1,13074,13074,13074,20210,12059,10158,9917,8599,6141,11469,11593,18637,8004,1,11390,18762,22054,1.0,14:19,2015,2016
2015-16,203096,Jared Sullinger,Jared,1610612738,BOS,Boston Celtics,21500633,2016-01-20T00:00:00,BOS @ TOR,L,12.9,0.0,0.0,0.0,0.0,8.0,2.0,5.0,18.0,0.0,0.0,1.0,2.0,10.9,1,13074,13074,13074,21055,12059,10158,9917,18861,13914,3734,11593,13577,8004,1,4972,7786,18498,1.0,12:51,2015,2016
2015-16,201961,Wayne Ellington,Wayne,1610612751,BKN,Brooklyn Nets,21500631,2016-01-20T00:00:00,BKN vs. CLE,L,22.6,3.0,0.0,0.0,0.0,8.0,6.0,10.0,22.0,1.0,0.0,1.0,0.0,11.4,1,13074,13074,13074,13704,4307,10158,9917,18861,13914,13237,20169,10265,2692,1,4972,18762,18134,1.0,22:35,2015,2016
2015-16,1626245,Cristiano Felicio,Cristiano,1610612741,CHI,Chicago Bulls,21500634,2016-01-20T00:00:00,CHI vs. GSW,L,2.5,0.0,0.0,0.0,0.0,0.0,0.0,7.0,4.0,0.0,0.0,0.0,0.0,1.2,1,13074,13074,13074,25345,12059,10158,9917,18861,1,1,15538,23698,8004,1,1,18762,24661,1.0,2:28,2015,2016
2015-16,201954,Darren Collison,Darren,1610612758,SAC,Sacramento Kings,21500638,2016-01-20T00:00:00,SAC @ LAL,W,21.3,2.0,0.0,2.0,4.0,6.0,3.0,3.0,22.0,0.0,1.0,1.0,2.0,11.4,1,1,1,1,14819,6026,10158,4675,8599,10028,7138,7328,10265,8004,17214,4972,7786,18134,1.0,21:16,2015,2016
2015-16,201971,DeJuan Blair,DeJuan,1610612764,WAS,Washington Wizards,21500630,2016-01-20T00:00:00,WAS vs. MIA,W,3.0,2.0,0.0,0.0,0.0,0.0,3.0,0.0,2.0,0.0,0.0,1.0,0.0,1.0,1,1,1,1,25136,6026,10158,9917,18861,1,7138,1,24614,8004,1,4972,18762,24960,1.0,2:58,2015,2016
2015-16,201578,Marreese Speights,Marreese,1610612744,GSW,Golden State Warriors,21500634,2016-01-20T00:00:00,GSW @ CHI,W,6.8,0.0,0.0,3.0,0.0,0.0,4.0,2.0,12.0,0.0,2.0,1.0,0.0,6.2,1,1,1,1,23644,12059,10158,3302,18861,1,8458,4025,18637,8004,23588,4972,18762,21696,1.0,6:46,2015,2016
2015-16,2405,Amar'e Stoudemire,Amar'e,1610612748,MIA,Miami Heat,21500630,2016-01-20T00:00:00,MIA @ WAS,L,20.8,2.0,3.0,2.0,6.0,8.0,8.0,8.0,14.0,0.0,0.0,2.0,5.0,10.6,1,13074,13074,13074,15257,6026,3104,4675,5299,13914,17345,17194,17019,8004,1,11390,1539,18723,1.0,20:46,2015,2016
2015-16,1626147,Justin Anderson,Justin,1610612742,DAL,Dallas Mavericks,21500637,2016-01-20T00:00:00,DAL vs. MIN,W,7.5,2.0,0.0,2.0,0.0,0.0,2.0,2.0,6.0,0.0,0.0,0.0,1.0,2.0,1,1,1,1,23389,6026,10158,4675,18861,1,3734,4025,22724,8004,1,1,12373,24216,1.0,7:31,2015,2016
2015-16,203948,Johnny O'Bryant III,Johnny,1610612749,MIL,Milwaukee Bucks,21500625,2016-01-19T00:00:00,MIL @ MIA,W,15.8,0.0,2.0,0.0,2.0,8.0,5.0,2.0,18.0,0.0,0.0,1.0,0.0,10.7,1,1,1,1,19232,12059,4731,9917,12984,13914,11469,4025,13577,8004,1,4972,18762,18636,1.0,15:45,2015,2016
2015-16,203485,Lorenzo Brown,Lorenzo,1610612756,PHX,Phoenix Suns,21500628,2016-01-19T00:00:00,PHX vs. IND,L,5.1,3.0,0.0,3.0,2.0,2.0,0.0,2.0,4.0,0.0,0.0,1.0,1.0,6.0,1,13074,13074,13074,24342,4307,10158,3302,12984,2619,1,4025,23698,8004,1,4972,12373,21878,1.0,5:04,2015,2016
2015-16,2548,Dwyane Wade,Dwyane,1610612748,MIA,Miami Heat,21500625,2016-01-19T00:00:00,MIA vs. MIL,L,21.2,2.0,2.0,0.0,2.0,12.0,2.0,4.0,30.0,0.0,1.0,1.0,0.0,5.4,1,13074,13074,13074,14918,6026,4731,9917,12984,20178,3734,8806,4541,8004,17214,4972,18762,22242,1.0,21:10,2015,2016
2015-16,2405,Amar'e Stoudemire,Amar'e,1610612748,MIA,Miami Heat,21500625,2016-01-19T00:00:00,MIA vs. MIL,L,6.3,2.0,0.0,0.0,6.0,0.0,2.0,2.0,4.0,0.0,0.0,2.0,0.0,6.0,1,13074,13074,13074,23817,6026,10158,9917,5299,1,3734,4025,23698,8004,1,11390,18762,21878,1.0,6:20,2015,2016
2015-16,203930,Sean Kilpatrick,Sean,1610612743,DEN,Denver Nuggets,21500627,2016-01-19T00:00:00,DEN vs. OKC,L,7.8,2.0,3.0,2.0,0.0,2.0,4.0,4.0,6.0,0.0,0.0,0.0,1.0,6.2,1,13074,13074,13074,23286,6026,3104,4675,18861,2619,8458,8806,22724,8004,1,1,12373,21696,1.0,7:46,2015,2016
2015-16,201582,Alexis Ajinca,Alexis,1610612740,NOP,New Orleans Pelicans,21500626,2016-01-19T00:00:00,NOP vs. MIN,W,15.0,0.0,2.0,0.0,2.0,4.0,2.0,7.0,8.0,0.0,0.0,2.0,1.0,10.7,1,1,1,1,19788,12059,4731,9917,12984,6141,3734,15538,21543,8004,1,11390,12373,18636,1.0,14:58,2015,2016
2015-16,2555,Nick Collison,Nick,1610612760,OKC,Oklahoma City Thunder,21500627,2016-01-19T00:00:00,OKC @ DEN,W,3.9,0.0,0.0,0.0,0.0,0.0,0.0,0.0,2.0,0.0,0.0,1.0,0.0,1.2,1,1,1,1,24734,12059,10158,9917,18861,1,1,1,24614,8004,1,4972,18762,24661,1.0,3:55,2015,2016
2015-16,1626173,Rashad Vaughn,Rashad,1610612749,MIL,Milwaukee Bucks,21500625,2016-01-19T00:00:00,MIL @ MIA,W,13.1,0.0,0.0,0.0,0.0,5.0,2.0,2.0,18.0,0.0,0.0,2.0,0.0,1.2,1,1,1,1,20945,12059,10158,9917,18861,8403,3734,4025,13577,8004,1,11390,18762,24661,1.0,13:03,2015,2016
2015-16,1889,Andre Miller,Andre,1610612750,MIN,Minnesota Timberwolves,21500626,2016-01-19T00:00:00,MIN @ NOP,L,0.3,0.0,0.0,0.0,0.0,0.0,0.0,0.0,0.0,0.0,0.0,0.0,0.0,0.0,1,13074,13074,13074,26012,12059,10158,9917,18861,1,1,1,25429,8004,1,1,18762,25170,1.0,0:15,2015,2016
2015-16,101123,Gerald Green,Gerald,1610612748,MIA,Miami Heat,21500625,2016-01-19T00:00:00,MIA vs. MIL,L,18.8,0.0,0.0,0.0,0.0,2.0,2.0,2.0,12.0,0.0,0.0,0.0,2.0,6.5,1,13074,13074,13074,16831,12059,10158,9917,18861,2619,3734,4025,18637,8004,1,1,7786,21519,1.0,18:51,2015,2016
2015-16,203101,Miles Plumlee,Miles,1610612749,MIL,Milwaukee Bucks,21500625,2016-01-19T00:00:00,MIL @ MIA,W,2.9,0.0,0.0,0.0,0.0,1.0,1.0,0.0,0.0,0.0,0.0,1.0,0.0,0.0,1,1,1,1,25160,12059,10158,9917,18861,2356,3393,1,25429,8004,1,4972,18762,25170,1.0,2:55,2015,2016
2015-16,203141,Mirza Teletovic,Mirza,1610612756,PHX,Phoenix Suns,21500628,2016-01-19T00:00:00,PHX vs. IND,L,16.6,2.0,0.0,2.0,0.0,13.0,3.0,12.0,16.0,0.0,1.0,1.0,2.0,8.8,1,13074,13074,13074,18545,6026,10158,4675,18861,21300,7138,22259,15259,8004,17214,4972,7786,19994,1.0,16:38,2015,2016
2015-16,203933,T.J. Warren,T.J.,1610612756,PHX,Phoenix Suns,21500628,2016-01-19T00:00:00,PHX vs. IND,L,3.3,0.0,0.0,0.0,0.0,3.0,1.0,3.0,0.0,0.0,0.0,1.0,0.0,-1.0,1,13074,13074,13074,24992,12059,10158,9917,18861,5109,3393,7328,25429,8004,1,4972,18762,25932,1.0,3:20,2015,2016
2015-16,202693,Markieff Morris,Markieff,1610612756,PHX,Phoenix Suns,21500628,2016-01-19T00:00:00,PHX vs. IND,L,11.5,0.0,0.0,0.0,0.0,6.0,2.0,8.0,6.0,0.0,0.0,0.0,0.0,7.1,1,13074,13074,13074,21808,12059,10158,9917,18861,10028,3734,17194,22724,8004,1,1,18762,21141,1.0,11:32,2015,2016
2015-16,101133,Ian Mahinmi,Ian,1610612754,IND,Indiana Pacers,21500628,2016-01-19T00:00:00,IND @ PHX,W,11.3,0.0,0.0,0.0,0.0,7.0,0.0,7.0,6.0,1.0,0.0,1.0,1.0,4.4,1,1,1,1,21902,12059,10158,9917,18861,12242,1,15538,22724,2692,1,4972,12373,22837,1.0,11:18,2015,2016
2015-16,1626159,Justise Winslow,Justise,1610612748,MIA,Miami Heat,21500625,2016-01-19T00:00:00,MIA vs. MIL,L,25.7,0.0,0.0,2.0,2.0,5.0,6.0,5.0,18.0,0.0,0.0,0.0,0.0,7.1,1,13074,13074,13074,11123,12059,10158,4675,12984,8403,13237,11593,13577,8004,1,1,18762,21141,1.0,25:41,2015,2016
2015-16,203524,Solomon Hill,Solomon,1610612754,IND,Indiana Pacers,21500628,2016-01-19T00:00:00,IND @ PHX,W,5.6,0.0,0.0,0.0,0.0,7.0,6.0,4.0,10.0,0.0,0.0,1.0,0.0,0.0,1,1,1,1,24134,12059,10158,9917,18861,12242,13237,8806,20209,8004,1,4972,18762,25170,1.0,5:37,2015,2016
2015-16,203462,Archie Goodwin,Archie,1610612756,PHX,Phoenix Suns,21500628,2016-01-19T00:00:00,PHX vs. IND,L,20.3,0.0,0.0,2.0,4.0,7.0,8.0,3.0,12.0,1.0,2.0,3.0,4.0,13.4,1,13074,13074,13074,15666,12059,10158,4675,8599,12242,17345,7328,18637,2692,23588,17641,2748,16614,1.0,20:16,2015,2016
2015-16,2755,Kevin Martin,Kevin,1610612750,MIN,Minnesota Timberwolves,21500626,2016-01-19T00:00:00,MIN @ NOP,L,13.5,0.0,0.0,2.0,2.0,13.0,2.0,3.0,12.0,0.0,1.0,1.0,0.0,0.2,1,13074,13074,13074,20724,12059,10158,4675,12984,21300,3734,7328,18637,8004,17214,4972,18762,25103,1.0,13:27,2015,2016
2015-16,203898,Tyler Ennis,Tyler,1610612749,MIL,Milwaukee Bucks,21500625,2016-01-19T00:00:00,MIL @ MIA,W,1.8,0.0,0.0,0.0,0.0,1.0,1.0,0.0,0.0,0.0,0.0,2.0,0.0,0.0,1,1,1,1,25600,12059,10158,9917,18861,2356,3393,1,25429,8004,1,11390,18762,25170,1.0,1:46,2015,2016
2015-16,203142,Chris Copeland,Chris,1610612749,MIL,Milwaukee Bucks,21500625,2016-01-19T00:00:00,MIL @ MIA,W,1.6,0.0,0.0,0.0,0.0,0.0,1.0,0.0,0.0,0.0,0.0,0.0,0.0,0.0,1,1,1,1,25677,12059,10158,9917,18861,1,3393,1,25429,8004,1,1,18762,25170,1.0,1:33,2015,2016
2015-16,2419,Tayshaun Prince,Tayshaun,1610612750,MIN,Minnesota Timberwolves,21500626,2016-01-19T00:00:00,MIN @ NOP,L,27.2,0.0,0.0,3.0,0.0,9.0,14.0,2.0,22.0,0.0,0.0,0.0,0.0,6.9,1,13074,13074,13074,9848,12059,10158,3302,18861,15771,24300,4025,10265,8004,1,1,18762,21262,1.0,27:12,2015,2016
2015-16,203114,Khris Middleton,Khris,1610612749,MIL,Milwaukee Bucks,21500625,2016-01-19T00:00:00,MIL @ MIA,W,35.7,6.0,2.0,0.0,2.0,8.0,12.0,0.0,28.0,0.0,1.0,1.0,1.0,46.9,1,1,1,1,2974,878,4731,9917,12984,13914,22832,1,5824,8004,17214,4972,12373,1095,1.0,35:42,2015,2016
2015-16,201950,Jrue Holiday,Jrue,1610612740,NOP,New Orleans Pelicans,21500626,2016-01-19T00:00:00,NOP vs. MIN,W,27.1,2.0,4.0,0.0,6.0,5.0,12.0,7.0,30.0,0.0,2.0,0.0,4.0,36.9,1,1,1,1,9934,6026,1596,9917,5299,8403,22832,15538,4541,8004,23588,1,2748,3210,1.0,27:05,2015,2016
2015-16,201568,Danilo Gallinari,Danilo,1610612743,DEN,Denver Nuggets,21500627,2016-01-19T00:00:00,DEN vs. OKC,L,39.2,5.0,3.0,5.0,10.0,14.0,13.0,14.0,48.0,0.0,2.0,3.0,4.0,36.1,1,13074,13074,13074,1001,1603,3104,1277,1840,22292,23668,23710,192,8004,23588,17641,2748,3432,1.0,39:10,2015,2016
2015-16,201566,Russell Westbrook,Russell,1610612760,OKC,Oklahoma City Thunder,21500627,2016-01-19T00:00:00,OKC @ DEN,W,38.8,4.0,1.0,7.0,16.0,15.0,18.0,14.0,42.0,0.0,2.0,5.0,6.0,56.0,1,1,1,1,1161,2460,9709,454,275,23079,25634,23710,670,8004,23588,24686,873,352,1.0,38:45,2015,2016
2015-16,203076,Anthony Davis,Anthony,1610612740,NOP,New Orleans Pelicans,21500626,2016-01-19T00:00:00,NOP vs. MIN,W,37.3,4.0,6.0,0.0,14.0,10.0,13.0,12.0,42.0,2.0,1.0,5.0,7.0,49.4,1,1,1,1,1904,2460,481,9917,542,17370,23668,22259,670,932,17214,24686,469,819,1.0,37:17,2015,2016
2015-16,1626166,Cameron Payne,Cameron,1610612760,OKC,Oklahoma City Thunder,21500627,2016-01-19T00:00:00,OKC @ DEN,W,20.5,0.0,0.0,0.0,0.0,5.0,5.0,6.0,12.0,0.0,2.0,2.0,1.0,24.8,1,1,1,1,15511,12059,10158,9917,18861,8403,11469,13388,18637,8004,23588,11390,12373,8614,1.0,20:28,2015,2016
2015-16,2199,Tyson Chandler,Tyson,1610612756,PHX,Phoenix Suns,21500628,2016-01-19T00:00:00,PHX vs. IND,L,26.6,2.0,2.0,0.0,0.0,18.0,6.0,17.0,26.0,1.0,1.0,1.0,3.0,24.8,1,13074,13074,13074,10360,6026,4731,9917,18861,24749,13237,24967,7214,2692,17214,4972,4736,8614,1.0,26:37,2015,2016
2015-16,201967,Dante Cunningham,Dante,1610612740,NOP,New Orleans Pelicans,21500626,2016-01-19T00:00:00,NOP vs. MIN,W,23.6,2.0,0.0,0.0,2.0,6.0,9.0,4.0,28.0,2.0,0.0,4.0,0.0,24.2,1,1,1,1,12868,6026,10158,9917,12984,10028,19144,8806,5824,932,1,22104,18762,9009,1.0,23:38,2015,2016
2015-16,202328,Greg Monroe,Greg,1610612749,MIL,Milwaukee Bucks,21500625,2016-01-19T00:00:00,MIL @ MIA,W,29.9,4.0,2.0,0.0,12.0,9.0,8.0,2.0,36.0,1.0,0.0,1.0,4.0,29.5,1,1,1,1,7617,2460,4731,9917,988,15771,17345,4025,1943,2692,1,4972,2748,6103,1.0,29:55,2015,2016
2015-16,202331,Paul George,Paul,1610612754,IND,Indiana Pacers,21500628,2016-01-19T00:00:00,IND @ PHX,W,32.5,8.0,2.0,8.0,6.0,12.0,14.0,16.0,18.0,0.0,0.0,4.0,7.0,44.6,1,1,1,1,5480,308,4731,280,5299,20178,24300,24641,13577,8004,1,22104,469,1438,1.0,32:32,2015,2016
2015-16,203940,Adreian Payne,Adreian,1610612750,MIN,Minnesota Timberwolves,21500626,2016-01-19T00:00:00,MIN @ NOP,L,6.8,0.0,0.0,0.0,0.0,2.0,4.0,0.0,8.0,0.0,0.0,1.0,2.0,7.5,1,13074,13074,13074,23631,12059,10158,9917,18861,2619,8458,1,21543,8004,1,4972,7786,20874,1.0,6:48,2015,2016
2015-16,201142,Kevin Durant,Kevin,1610612760,OKC,Oklahoma City Thunder,21500627,2016-01-19T00:00:00,OKC @ DEN,W,36.1,7.0,5.0,6.0,10.0,15.0,18.0,14.0,32.0,2.0,0.0,5.0,5.0,61.4,1,1,1,1,2667,548,995,740,1840,23079,25634,23710,3535,932,1,24686,1539,171,1.0,36:07,2015,2016
2015-16,202355,Hassan Whiteside,Hassan,1610612748,MIA,Miami Heat,21500625,2016-01-19T00:00:00,MIA vs. MIL,L,35.4,3.0,10.0,0.0,16.0,15.0,6.0,5.0,30.0,2.0,0.0,1.0,7.0,51.1,1,13074,13074,13074,3249,4307,34,9917,275,23079,13237,11593,4541,932,1,4972,469,645,1.0,35:22,2015,2016
2015-16,101139,CJ Miles,CJ,1610612754,IND,Indiana Pacers,21500628,2016-01-19T00:00:00,IND @ PHX,W,28.2,0.0,2.0,0.0,4.0,8.0,8.0,12.0,18.0,1.0,0.0,4.0,4.0,29.0,1,1,1,1,9103,12059,4731,9917,8599,13914,17345,22259,13577,2692,1,22104,2748,6346,1.0,28:10,2015,2016
2015-16,101145,Monta Ellis,Monta,1610612754,IND,Indiana Pacers,21500628,2016-01-19T00:00:00,IND @ PHX,W,31.0,0.0,0.0,2.0,4.0,12.0,14.0,14.0,18.0,0.0,1.0,1.0,3.0,31.1,1,1,1,1,6743,12059,10158,4675,8599,20178,24300,23710,13577,8004,17214,4972,4736,5354,1.0,30:58,2015,2016
2015-16,200751,Randy Foye,Randy,1610612743,DEN,Denver Nuggets,21500627,2016-01-19T00:00:00,DEN vs. OKC,L,14.8,0.0,0.0,1.0,2.0,5.0,7.0,7.0,16.0,1.0,0.0,4.0,1.0,12.1,1,13074,13074,13074,19916,12059,10158,9347,12984,8403,15642,15538,15259,2692,1,22104,12373,17639,1.0,14:46,2015,2016
2015-16,708,Kevin Garnett,Kevin,1610612750,MIN,Minnesota Timberwolves,21500626,2016-01-19T00:00:00,MIN @ NOP,L,15.7,0.0,0.0,0.0,0.0,5.0,4.0,2.0,12.0,1.0,0.0,3.0,3.0,11.7,1,13074,13074,13074,19308,12059,10158,9917,18861,8403,8458,4025,18637,2692,1,17641,4736,17903,1.0,15:39,2015,2016
2015-16,204020,Tyler Johnson,Tyler,1610612748,MIA,Miami Heat,21500625,2016-01-19T00:00:00,MIA vs. MIL,L,33.9,3.0,0.0,0.0,0.0,11.0,6.0,5.0,34.0,0.0,1.0,3.0,2.0,12.3,1,13074,13074,13074,4429,4307,10158,9917,18861,18886,13237,11593,2701,8004,17214,17641,7786,17524,1.0,33:54,2015,2016
2015-16,203476,Gorgui Dieng,Gorgui,1610612750,MIN,Minnesota Timberwolves,21500626,2016-01-19T00:00:00,MIN @ NOP,L,18.3,0.0,2.0,0.0,6.0,13.0,4.0,3.0,16.0,2.0,0.0,0.0,2.0,26.4,1,13074,13074,13074,17303,12059,4731,9917,5299,21300,8458,7328,15259,932,1,1,7786,7672,1.0,18:15,2015,2016
2015-16,1626167,Myles Turner,Myles,1610612754,IND,Indiana Pacers,21500628,2016-01-19T00:00:00,IND @ PHX,W,30.8,4.0,2.0,3.0,6.0,8.0,14.0,9.0,14.0,4.0,0.0,4.0,1.0,30.8,1,1,1,1,6863,2460,4731,3302,5299,13914,24300,18829,17019,132,1,22104,12373,5493,1.0,30:50,2015,2016
2015-16,202688,Brandon Knight,Brandon,1610612756,PHX,Phoenix Suns,21500628,2016-01-19T00:00:00,PHX vs. IND,L,40.7,3.0,2.0,5.0,12.0,23.0,14.0,20.0,32.0,0.0,2.0,4.0,4.0,31.6,1,13074,13074,13074,546,4307,4731,1277,988,25803,24300,25599,3535,8004,23588,22104,2748,5130,1.0,40:44,2015,2016
2015-16,1626164,Devin Booker,Devin,1610612756,PHX,Phoenix Suns,21500628,2016-01-19T00:00:00,PHX vs. IND,L,39.5,5.0,6.0,7.0,4.0,24.0,8.0,23.0,34.0,0.0,0.0,3.0,5.0,31.0,1,13074,13074,13074,880,1603,481,454,8599,25890,17345,25880,2701,8004,1,17641,1539,5406,1.0,39:31,2015,2016
2015-16,200782,P.J. Tucker,P.J.,1610612756,PHX,Phoenix Suns,21500628,2016-01-19T00:00:00,PHX vs. IND,L,44.9,0.0,2.0,2.0,2.0,26.0,13.0,23.0,36.0,0.0,0.0,4.0,3.0,30.5,1,13074,13074,13074,85,12059,4731,4675,12984,25979,23668,25880,1943,8004,1,22104,4736,5620,1.0,44:54,2015,2016
2015-16,1626144,Emmanuel Mudiay,Emmanuel,1610612743,DEN,Denver Nuggets,21500627,2016-01-19T00:00:00,DEN vs. OKC,L,33.2,2.0,0.0,2.0,8.0,13.0,10.0,13.0,40.0,0.0,0.0,2.0,5.0,27.1,1,13074,13074,13074,4944,6026,10158,4675,3109,21300,20509,23048,983,8004,1,11390,1539,7339,1.0,33:14,2015,2016
2015-16,1626196,Josh Richardson,Josh,1610612748,MIA,Miami Heat,21500625,2016-01-19T00:00:00,MIA vs. MIL,L,30.2,0.0,0.0,0.0,2.0,11.0,6.0,3.0,16.0,0.0,1.0,3.0,2.0,15.9,1,13074,13074,13074,7335,12059,10158,9917,12984,18886,13237,7328,15259,8004,17214,17641,7786,14675,1.0,30:13,2015,2016
2015-16,202713,Kyle Singler,Kyle,1610612760,OKC,Oklahoma City Thunder,21500627,2016-01-19T00:00:00,OKC @ DEN,W,11.9,0.0,4.0,0.0,0.0,2.0,5.0,3.0,18.0,0.0,0.0,0.0,3.0,11.8,1,1,1,1,21642,12059,1596,9917,18861,2619,11469,7328,13577,8004,1,1,4736,17832,1.0,11:53,2015,2016
2015-16,203487,Michael Carter-Williams,Michael,1610612749,MIL,Milwaukee Bucks,21500625,2016-01-19T00:00:00,MIL @ MIA,W,25.2,0.0,2.0,0.0,6.0,4.0,7.0,0.0,18.0,0.0,0.0,1.0,3.0,15.6,1,1,1,1,11539,12059,4731,9917,5299,6141,15642,1,13577,8004,1,4972,4736,14916,1.0,25:12,2015,2016
2015-16,203115,Will Barton,Will,1610612743,DEN,Denver Nuggets,21500627,2016-01-19T00:00:00,DEN vs. OKC,L,19.0,0.0,0.0,0.0,2.0,8.0,9.0,7.0,16.0,1.0,0.0,1.0,3.0,13.6,1,13074,13074,13074,16733,12059,10158,9917,12984,13914,19144,15538,15259,2692,1,4972,4736,16460,1.0,18:57,2015,2016
2015-16,202708,Norris Cole,Norris,1610612740,NOP,New Orleans Pelicans,21500626,2016-01-19T00:00:00,NOP vs. MIN,W,23.0,0.0,0.0,0.0,2.0,2.0,11.0,4.0,28.0,0.0,0.0,2.0,4.0,14.0,1,1,1,1,13349,12059,10158,9917,12984,2619,21814,8806,5824,8004,1,11390,2748,16166,1.0,23:02,2015,2016
2015-16,203500,Steven Adams,Steven,1610612760,OKC,Oklahoma City Thunder,21500627,2016-01-19T00:00:00,OKC @ DEN,W,30.4,0.0,0.0,0.0,10.0,10.0,14.0,12.0,38.0,0.0,0.0,3.0,3.0,17.7,1,1,1,1,7196,12059,10158,9917,1840,17370,24300,22259,1422,8004,1,17641,4736,13380,1.0,30:23,2015,2016
2015-16,2547,Chris Bosh,Chris,1610612748,MIA,Miami Heat,21500625,2016-01-19T00:00:00,MIA vs. MIL,L,34.3,0.0,2.0,0.0,10.0,12.0,4.0,4.0,30.0,0.0,1.0,3.0,4.0,32.0,1,13074,13074,13074,4138,12059,4731,9917,1840,20178,8458,8806,4541,8004,17214,17641,2748,4945,1.0,34:15,2015,2016
2015-16,203953,Jabari Parker,Jabari,1610612749,MIL,Milwaukee Bucks,21500625,2016-01-19T00:00:00,MIL @ MIA,W,35.5,1.0,0.0,1.0,2.0,12.0,9.0,0.0,28.0,0.0,1.0,1.0,1.0,16.9,1,1,1,1,3125,11535,10158,9347,12984,20178,19144,1,5824,8004,17214,4972,12373,13911,1.0,35:31,2015,2016
2015-16,1626157,Karl-Anthony Towns,Karl-Anthony,1610612750,MIN,Minnesota Timberwolves,21500626,2016-01-19T00:00:00,MIN @ NOP,L,32.0,4.0,3.0,0.0,10.0,11.0,12.0,2.0,28.0,1.0,0.0,2.0,4.0,39.6,1,13074,13074,13074,5914,2460,3104,9917,1840,18886,22832,4025,5824,2692,1,11390,2748,2474,1.0,31:58,2015,2016
2015-16,202357,Nemanja Bjelica,Nemanja,1610612750,MIN,Minnesota Timberwolves,21500626,2016-01-19T00:00:00,MIN @ NOP,L,16.2,2.0,4.0,0.0,4.0,15.0,0.0,3.0,12.0,1.0,0.0,5.0,0.0,17.3,1,13074,13074,13074,18895,6026,1596,9917,8599,23079,1,7328,18637,2692,1,24686,18762,13671,1.0,16:12,2015,2016
2015-16,202702,Kenneth Faried,Kenneth,1610612743,DEN,Denver Nuggets,21500627,2016-01-19T00:00:00,DEN vs. OKC,L,28.4,2.0,8.0,5.0,12.0,11.0,10.0,12.0,36.0,1.0,2.0,5.0,5.0,38.5,1,13074,13074,13074,8952,6026,137,1277,988,18886,20509,22259,1943,2692,23588,24686,1539,2771,1.0,28:22,2015,2016
2015-16,2736,Luol Deng,Luol,1610612748,MIA,Miami Heat,21500625,2016-01-19T00:00:00,MIA vs. MIL,L,34.2,4.0,0.0,0.0,6.0,17.0,6.0,5.0,36.0,0.0,0.0,1.0,2.0,17.8,1,13074,13074,13074,4147,2460,10158,9917,5299,24337,13237,11593,1943,8004,1,4972,7786,13309,1.0,34:14,2015,2016
2015-16,203952,Andrew Wiggins,Andrew,1610612750,MIN,Minnesota Timberwolves,21500626,2016-01-19T00:00:00,MIN @ NOP,L,34.6,6.0,2.0,2.0,12.0,11.0,14.0,2.0,30.0,0.0,3.0,1.0,6.0,37.8,1,13074,13074,13074,3903,878,4731,4675,988,18886,24300,4025,4541,8004,25441,4972,873,2956,1.0,34:33,2015,2016
2015-16,202683,Enes Freedom,Enes,1610612760,OKC,Oklahoma City Thunder,21500627,2016-01-19T00:00:00,OKC @ DEN,W,24.8,5.0,5.0,5.0,16.0,13.0,9.0,11.0,22.0,0.0,2.0,4.0,5.0,32.6,1,1,1,1,11822,1603,995,1277,275,21300,19144,21342,10265,8004,23588,22104,1539,4687,1.0,24:49,2015,2016
2015-16,203530,Joffrey Lauvergne,Joffrey,1610612743,DEN,Denver Nuggets,21500627,2016-01-19T00:00:00,DEN vs. OKC,L,19.6,2.0,2.0,2.0,12.0,7.0,9.0,8.0,18.0,1.0,0.0,1.0,0.0,21.8,1,13074,13074,13074,16236,6026,4731,4675,988,12242,19144,17194,13577,2692,1,4972,18762,10526,1.0,19:35,2015,2016
2015-16,203922,Glenn Robinson III,Glenn,1610612754,IND,Indiana Pacers,21500628,2016-01-19T00:00:00,IND @ PHX,W,18.2,8.0,0.0,8.0,4.0,6.0,6.0,7.0,6.0,0.0,0.0,2.0,2.0,17.2,1,1,1,1,17359,308,10158,280,8599,10028,13237,15538,22724,8004,1,11390,7786,13725,1.0,18:11,2015,2016
2015-16,201569,Eric Gordon,Eric,1610612740,NOP,New Orleans Pelicans,21500626,2016-01-19T00:00:00,NOP vs. MIN,W,25.0,5.0,0.0,0.0,2.0,11.0,5.0,8.0,18.0,0.0,1.0,2.0,0.0,17.7,1,1,1,1,11698,1603,10158,9917,12984,18886,11469,17194,13577,8004,17214,11390,18762,13380,1.0,24:58,2015,2016
2015-16,201941,Jordan Hill,Jordan,1610612754,IND,Indiana Pacers,21500628,2016-01-19T00:00:00,IND @ PHX,W,20.2,4.0,4.0,0.0,6.0,5.0,2.0,7.0,12.0,0.0,0.0,2.0,1.0,17.4,1,1,1,1,15778,2460,1596,9917,5299,8403,3734,15538,18637,8004,1,11390,12373,13595,1.0,20:09,2015,2016
2015-16,203460,Andre Roberson,Andre,1610612760,OKC,Oklahoma City Thunder,21500627,2016-01-19T00:00:00,OKC @ DEN,W,14.2,0.0,0.0,2.0,2.0,8.0,16.0,7.0,22.0,1.0,0.0,2.0,0.0,13.4,1,1,1,1,20286,12059,10158,4675,12984,13914,25155,15538,10265,2692,1,11390,18762,16614,1.0,14:12,2015,2016
2015-16,201589,Darrell Arthur,Darrell,1610612743,DEN,Denver Nuggets,21500627,2016-01-19T00:00:00,DEN vs. OKC,L,28.5,2.0,2.0,0.0,0.0,14.0,13.0,10.0,32.0,2.0,0.0,3.0,3.0,22.4,1,13074,13074,13074,8777,6026,4731,9917,18861,22292,23668,20169,3535,932,1,17641,4736,10131,1.0,28:32,2015,2016
2015-16,202730,Lavoy Allen,Lavoy,1610612754,IND,Indiana Pacers,21500628,2016-01-19T00:00:00,IND @ PHX,W,28.7,0.0,2.0,0.0,4.0,10.0,12.0,17.0,16.0,0.0,1.0,2.0,0.0,16.4,1,1,1,1,8640,12059,4731,9917,8599,17370,22832,24967,15259,8004,17214,11390,18762,14289,1.0,28:43,2015,2016
2015-16,201978,Chase Budinger,Chase,1610612754,IND,Indiana Pacers,21500628,2016-01-19T00:00:00,IND @ PHX,W,14.5,1.0,2.0,1.0,0.0,5.0,2.0,5.0,12.0,0.0,0.0,1.0,2.0,8.2,1,1,1,1,20125,11535,4731,9347,18861,8403,3734,11593,18637,8004,1,4972,7786,20416,1.0,14:28,2015,2016
2015-16,201583,Ryan Anderson,Ryan,1610612740,NOP,New Orleans Pelicans,21500626,2016-01-19T00:00:00,NOP vs. MIN,W,27.0,0.0,0.0,0.0,0.0,7.0,14.0,5.0,32.0,1.0,0.0,4.0,2.0,16.6,1,1,1,1,9995,12059,10158,9917,18861,12242,24300,11593,3535,2692,1,22104,7786,14125,1.0,27:01,2015,2016
2015-16,203897,Zach LaVine,Zach,1610612750,MIN,Minnesota Timberwolves,21500626,2016-01-19T00:00:00,MIN @ NOP,L,18.0,0.0,2.0,0.0,2.0,13.0,4.0,3.0,18.0,1.0,0.0,5.0,0.0,16.2,1,13074,13074,13074,17499,12059,4731,9917,12984,21300,8458,7328,13577,2692,1,24686,18762,14436,1.0,18:01,2015,2016
2015-16,201600,Omer Asik,Omer,1610612740,NOP,New Orleans Pelicans,21500626,2016-01-19T00:00:00,NOP vs. MIN,W,11.3,2.0,0.0,0.0,2.0,3.0,1.0,0.0,6.0,0.0,3.0,1.0,0.0,12.6,1,1,1,1,21900,6026,10158,9917,12984,5109,3393,1,22724,8004,25441,4972,18762,17277,1.0,11:19,2015,2016
2015-16,203458,Alex Len,Alex,1610612756,PHX,Phoenix Suns,21500628,2016-01-19T00:00:00,PHX vs. IND,L,21.4,2.0,4.0,0.0,4.0,9.0,8.0,7.0,10.0,0.0,0.0,5.0,1.0,20.9,1,13074,13074,13074,14708,6026,1596,9917,8599,15771,17345,15538,20209,8004,1,24686,12373,11132,1.0,21:23,2015,2016
2015-16,203498,Shabazz Muhammad,Shabazz,1610612750,MIN,Minnesota Timberwolves,21500626,2016-01-19T00:00:00,MIN @ NOP,L,27.9,1.0,3.0,3.0,6.0,17.0,10.0,3.0,28.0,1.0,1.0,0.0,3.0,21.0,1,13074,13074,13074,9277,11535,3104,3302,5299,24337,20509,7328,5824,2692,17214,1,4736,11077,1.0,27:56,2015,2016
2015-16,202087,Alonzo Gee,Alonzo,1610612740,NOP,New Orleans Pelicans,21500626,2016-01-19T00:00:00,NOP vs. MIN,W,29.8,7.0,0.0,5.0,4.0,9.0,9.0,8.0,22.0,0.0,0.0,2.0,2.0,18.3,1,1,1,1,7738,548,10158,1277,8599,15771,19144,17194,10265,8004,1,11390,7786,12952,1.0,29:47,2015,2016
2015-16,203999,Nikola Jokić,Nikola,1610612743,DEN,Denver Nuggets,21500627,2016-01-19T00:00:00,DEN vs. OKC,L,19.2,2.0,2.0,0.0,4.0,4.0,2.0,10.0,26.0,0.0,0.0,2.0,2.0,13.1,1,13074,13074,13074,16573,6026,4731,9917,8599,6141,3734,20169,7214,8004,1,11390,7786,16874,1.0,19:09,2015,2016
2015-16,203914,Gary Harris,Gary,1610612743,DEN,Denver Nuggets,21500627,2016-01-19T00:00:00,DEN vs. OKC,L,30.5,0.0,3.0,0.0,0.0,12.0,8.0,15.0,42.0,0.0,1.0,4.0,4.0,18.2,1,13074,13074,13074,7126,12059,3104,9917,18861,20178,17345,24242,670,8004,17214,22104,2748,13004,1.0,30:28,2015,2016
2015-16,201603,Sonny Weems,Sonny,1610612756,PHX,Phoenix Suns,21500628,2016-01-19T00:00:00,PHX vs. IND,L,10.0,0.0,0.0,0.0,0.0,4.0,7.0,2.0,4.0,0.0,0.0,0.0,0.0,3.0,1,13074,13074,13074,22429,12059,10158,9917,18861,6141,15642,4025,23698,8004,1,1,18762,23648,1.0,10:01,2015,2016
2015-16,203079,Dion Waiters,Dion,1610612760,OKC,Oklahoma City Thunder,21500627,2016-01-19T00:00:00,OKC @ DEN,W,23.1,0.0,2.0,0.0,0.0,6.0,9.0,7.0,26.0,0.0,0.0,2.0,1.0,8.0,1,1,1,1,13324,12059,4731,9917,18861,10028,19144,15538,7214,8004,1,11390,12373,20564,1.0,23:04,2015,2016
2015-16,201936,Tyreke Evans,Tyreke,1610612740,NOP,New Orleans Pelicans,21500626,2016-01-19T00:00:00,NOP vs. MIN,W,20.9,2.0,4.0,0.0,8.0,8.0,4.0,5.0,16.0,1.0,0.0,2.0,1.0,23.1,1,1,1,1,15125,6026,1596,9917,3109,13914,8458,11593,15259,2692,1,11390,12373,9699,1.0,20:55,2015,2016
2015-16,1626202,Joe Young,Joe,1610612754,IND,Indiana Pacers,21500628,2016-01-19T00:00:00,IND @ PHX,W,19.1,2.0,0.0,2.0,2.0,5.0,2.0,7.0,10.0,0.0,0.0,1.0,2.0,26.1,1,1,1,1,16642,6026,10158,4675,12984,8403,3734,15538,20209,8004,1,4972,7786,7836,1.0,19:04,2015,2016
2015-16,203507,Giannis Antetokounmpo,Giannis,1610612749,MIL,Milwaukee Bucks,21500625,2016-01-19T00:00:00,MIL @ MIA,W,33.7,6.0,0.0,6.0,10.0,8.0,11.0,2.0,38.0,1.0,0.0,2.0,4.0,25.2,1,1,1,1,4594,878,10158,740,1840,13914,21814,4025,1422,2692,1,11390,2748,8383,1.0,33:42,2015,2016
2015-16,201586,Serge Ibaka,Serge,1610612760,OKC,Oklahoma City Thunder,21500627,2016-01-19T00:00:00,OKC @ DEN,W,36.4,2.0,0.0,0.0,2.0,11.0,21.0,11.0,36.0,2.0,0.0,4.0,1.0,25.5,1,1,1,1,2469,6026,10158,9917,12984,18886,25962,21342,1943,932,1,22104,12373,8230,1.0,36:24,2015,2016
2015-16,201937,Ricky Rubio,Ricky,1610612750,MIN,Minnesota Timberwolves,21500626,2016-01-19T00:00:00,MIN @ NOP,L,29.7,0.0,0.0,2.0,4.0,11.0,12.0,2.0,24.0,0.0,1.0,3.0,4.0,23.2,1,13074,13074,13074,7791,12059,10158,4675,8599,18886,22832,4025,8723,8004,17214,17641,2748,9630,1.0,29:44,2015,2016
2015-16,203089,John Henson,John,1610612749,MIL,Milwaukee Bucks,21500625,2016-01-19T00:00:00,MIL @ MIA,W,15.2,0.0,0.0,0.0,8.0,4.0,5.0,0.0,8.0,2.0,0.0,4.0,1.0,14.2,1,1,1,1,19639,12059,10158,9917,3109,6141,11469,1,21543,932,1,22104,12373,16003,1.0,15:10,2015,2016
2015-16,201573,Jerryd Bayless,Jerryd,1610612749,MIL,Milwaukee Bucks,21500625,2016-01-19T00:00:00,MIL @ MIA,W,29.8,0.0,0.0,0.0,0.0,10.0,8.0,2.0,28.0,0.0,0.0,3.0,0.0,19.1,1,1,1,1,7751,12059,10158,9917,18861,17370,17345,4025,5824,8004,1,17641,18762,12372,1.0,29:46,2015,2016
2015-16,202708,Norris Cole,Norris,1610612740,NOP,New Orleans Pelicans,21500618,2016-01-18T00:00:00,NOP @ MEM,L,30.4,2.0,0.0,6.0,6.0,10.0,10.0,13.0,28.0,0.0,0.0,0.0,1.0,19.2,1,13074,13074,13074,7190,6026,10158,740,5299,17370,20509,23048,5824,8004,1,1,12373,12284,1.0,30:24,2015,2016
2015-16,203138,Hollis Thompson,Hollis,1610612755,PHI,Philadelphia 76ers,21500615,2016-01-18T00:00:00,PHI @ NYK,L,40.9,0.0,0.0,6.0,2.0,8.0,11.0,4.0,42.0,0.0,0.0,4.0,1.0,14.8,1,13074,13074,13074,506,12059,10158,740,12984,13914,21814,8806,670,8004,1,22104,12373,15561,1.0,40:54,2015,2016
2015-16,2733,Shaun Livingston,Shaun,1610612744,GSW,Golden State Warriors,21500622,2016-01-18T00:00:00,GSW @ CLE,W,14.9,0.0,0.0,0.0,2.0,6.0,2.0,0.0,14.0,0.0,0.0,1.0,0.0,14.2,1,1,1,1,19853,12059,10158,9917,12984,10028,3734,1,17019,8004,1,4972,18762,16003,1.0,14:52,2015,2016
2015-16,202709,Cory Joseph,Cory,1610612761,TOR,Toronto Raptors,21500621,2016-01-18T00:00:00,TOR vs. BKN,W,26.9,2.0,0.0,0.0,2.0,9.0,10.0,6.0,32.0,0.0,1.0,1.0,0.0,14.4,1,1,1,1,10138,6026,10158,9917,12984,15771,20509,13388,3535,8004,17214,4972,18762,15857,1.0,26:52,2015,2016
2015-16,202329,Al-Farouq Aminu,Al-Farouq,1610612757,POR,Portland Trail Blazers,21500617,2016-01-18T00:00:00,POR @ WAS,W,24.9,0.0,0.0,0.0,2.0,9.0,7.0,4.0,16.0,1.0,0.0,4.0,1.0,19.5,1,1,1,1,11734,12059,10158,9917,12984,15771,15642,8806,15259,2692,1,22104,12373,12096,1.0,24:55,2015,2016
2015-16,204456,T.J. McConnell,T.J.,1610612755,PHI,Philadelphia 76ers,21500615,2016-01-18T00:00:00,PHI @ NYK,L,14.0,0.0,0.0,0.0,6.0,0.0,0.0,0.0,12.0,0.0,0.0,0.0,0.0,18.9,1,13074,13074,13074,20413,12059,10158,9917,5299,1,1,1,18637,8004,1,1,18762,12513,1.0,13:59,2015,2016
2015-16,202323,Evan Turner,Evan,1610612738,BOS,Boston Celtics,21500623,2016-01-18T00:00:00,BOS @ DAL,L,25.5,0.0,2.0,0.0,2.0,10.0,4.0,6.0,22.0,0.0,0.0,1.0,0.0,19.6,1,13074,13074,13074,11273,12059,4731,9917,12984,17370,8458,13388,10265,8004,1,4972,18762,12024,1.0,25:32,2015,2016
2015-16,201584,Courtney Lee,Courtney,1610612763,MEM,Memphis Grizzlies,21500618,2016-01-18T00:00:00,MEM vs. NOP,W,32.5,2.0,0.0,5.0,0.0,9.0,4.0,9.0,24.0,0.0,1.0,2.0,2.0,25.3,1,1,1,1,5502,6026,10158,1277,18861,15771,8458,18829,8723,8004,17214,11390,7786,8340,1.0,32:30,2015,2016
2015-16,202710,Jimmy Butler III,Jimmy,1610612741,CHI,Chicago Bulls,21500619,2016-01-18T00:00:00,CHI @ DET,W,37.5,0.0,3.0,0.0,4.0,9.0,13.0,19.0,34.0,0.0,0.0,2.0,6.0,34.1,1,1,1,1,1778,12059,3104,9917,8599,15771,23668,25435,2701,8004,1,11390,873,4124,1.0,37:28,2015,2016
2015-16,202682,Derrick Williams,Derrick,1610612752,NYK,New York Knicks,21500615,2016-01-18T00:00:00,NYK vs. PHI,W,14.8,0.0,0.0,0.0,4.0,8.0,0.0,9.0,18.0,0.0,0.0,1.0,2.0,9.9,1,1,1,1,19913,12059,10158,9917,8599,13914,1,18829,13577,8004,1,4972,7786,19247,1.0,14:46,2015,2016
2015-16,202322,John Wall,John,1610612764,WAS,Washington Wizards,21500617,2016-01-18T00:00:00,WAS vs. POR,L,35.5,2.0,0.0,5.0,2.0,7.0,12.0,4.0,26.0,0.0,1.0,3.0,3.0,34.8,1,13074,13074,13074,3122,6026,10158,1277,12984,12242,22832,8806,7214,8004,17214,17641,4736,3891,1.0,35:32,2015,2016
2015-16,2216,Zach Randolph,Zach,1610612763,MEM,Memphis Grizzlies,21500618,2016-01-18T00:00:00,MEM vs. NOP,W,24.4,2.0,6.0,0.0,4.0,9.0,4.0,7.0,22.0,0.0,2.0,3.0,3.0,25.1,1,1,1,1,12177,6026,481,9917,8599,15771,8458,15538,10265,8004,23588,17641,4736,8429,1.0,24:26,2015,2016
2015-16,202325,Wesley Johnson,Wesley,1610612746,LAC,LA Clippers,21500624,2016-01-18T00:00:00,LAC vs. HOU,W,21.0,0.0,5.0,3.0,2.0,11.0,5.0,14.0,26.0,1.0,1.0,2.0,0.0,25.2,1,1,1,1,15067,12059,995,3302,12984,18886,11469,23710,7214,2692,17214,11390,18762,8383,1.0,20:59,2015,2016
2015-16,201145,Jeff Green,Jeff,1610612763,MEM,Memphis Grizzlies,21500618,2016-01-18T00:00:00,MEM vs. NOP,W,26.8,0.0,3.0,4.0,6.0,4.0,2.0,2.0,20.0,1.0,0.0,1.0,3.0,34.2,1,1,1,1,10184,12059,3104,1913,5299,6141,3734,4025,11929,2692,1,4972,4736,4092,1.0,26:48,2015,2016
2015-16,201959,Taj Gibson,Taj,1610612741,CHI,Chicago Bulls,21500619,2016-01-18T00:00:00,CHI @ DET,W,35.8,0.0,0.0,0.0,4.0,8.0,14.0,14.0,30.0,2.0,1.0,3.0,1.0,26.0,1,1,1,1,2891,12059,10158,9917,8599,13914,24300,23710,4541,932,17214,17641,12373,7910,1.0,35:49,2015,2016
2015-16,202704,Reggie Jackson,Reggie,1610612765,DET,Detroit Pistons,21500619,2016-01-18T00:00:00,DET vs. CHI,L,32.4,5.0,2.0,6.0,8.0,4.0,9.0,4.0,22.0,0.0,1.0,0.0,2.0,33.6,1,13074,13074,13074,5604,1603,4731,740,3109,6141,19144,8806,10265,8004,17214,1,7786,4305,1.0,32:21,2015,2016
2015-16,201577,Robin Lopez,Robin,1610612752,NYK,New York Knicks,21500615,2016-01-18T00:00:00,NYK vs. PHI,W,33.2,0.0,0.0,0.0,12.0,5.0,5.0,7.0,28.0,2.0,0.0,2.0,2.0,35.0,1,1,1,1,4951,12059,10158,9917,988,8403,11469,15538,5824,932,1,11390,7786,3813,1.0,33:14,2015,2016
2015-16,203504,Trey Burke,Trey,1610612762,UTA,Utah Jazz,21500616,2016-01-18T00:00:00,UTA @ CHA,L,36.6,2.0,2.0,8.0,4.0,8.0,15.0,4.0,26.0,0.0,1.0,3.0,1.0,34.6,1,13074,13074,13074,2341,6026,4731,280,8599,13914,24781,8806,7214,8004,17214,17641,12373,3963,1.0,36:36,2015,2016
2015-16,202066,Garrett Temple,Garrett,1610612764,WAS,Washington Wizards,21500617,2016-01-18T00:00:00,WAS vs. POR,L,29.4,3.0,5.0,2.0,4.0,2.0,5.0,0.0,16.0,0.0,0.0,1.0,6.0,23.1,1,13074,13074,13074,8070,4307,995,4675,8599,2619,11469,1,15259,8004,1,4972,873,9699,1.0,29:23,2015,2016
2015-16,101114,Deron Williams,Deron,1610612742,DAL,Dallas Mavericks,21500623,2016-01-18T00:00:00,DAL vs. BOS,W,37.0,0.0,2.0,0.0,4.0,9.0,4.0,21.0,30.0,1.0,0.0,1.0,3.0,35.0,1,1,1,1,2105,12059,4731,9917,8599,15771,8458,25725,4541,2692,1,4972,4736,3813,1.0,36:58,2015,2016
2015-16,202391,Jeremy Lin,Jeremy,1610612766,CHA,Charlotte Hornets,21500616,2016-01-18T00:00:00,CHA vs. UTA,W,36.5,2.0,0.0,2.0,4.0,8.0,17.0,8.0,30.0,0.0,0.0,0.0,2.0,25.7,1,1,1,1,2397,6026,10158,4675,8599,13914,25429,17194,4541,8004,1,1,7786,8088,1.0,36:30,2015,2016
2015-16,203932,Aaron Gordon,Aaron,1610612753,ORL,Orlando Magic,21500620,2016-01-18T00:00:00,ORL @ ATL,L,26.7,2.0,2.0,4.0,4.0,6.0,2.0,7.0,30.0,1.0,0.0,0.0,7.0,33.9,1,13074,13074,13074,10287,6026,4731,1913,8599,10028,3734,15538,4541,2692,1,1,469,4208,1.0,26:41,2015,2016
2015-16,203473,Dewayne Dedmon,Dewayne,1610612753,ORL,Orlando Magic,21500620,2016-01-18T00:00:00,ORL @ ATL,L,10.6,0.0,2.0,0.0,4.0,6.0,2.0,2.0,10.0,0.0,0.0,1.0,0.0,14.4,1,13074,13074,13074,22189,12059,4731,9917,8599,10028,3734,4025,20209,8004,1,4972,18762,15857,1.0,10:36,2015,2016
2015-16,203918,Rodney Hood,Rodney,1610612762,UTA,Utah Jazz,21500616,2016-01-18T00:00:00,UTA @ CHA,L,38.6,0.0,3.0,0.0,4.0,6.0,14.0,5.0,20.0,0.0,0.0,5.0,2.0,23.2,1,13074,13074,13074,1213,12059,3104,9917,8599,10028,24300,11593,11929,8004,1,24686,7786,9630,1.0,38:37,2015,2016
2015-16,202738,Isaiah Thomas,Isaiah,1610612738,BOS,Boston Celtics,21500623,2016-01-18T00:00:00,BOS @ DAL,L,38.0,6.0,0.0,12.0,16.0,11.0,16.0,4.0,20.0,0.0,1.0,4.0,4.0,33.3,1,13074,13074,13074,1491,878,10158,42,275,18886,25155,8806,11929,8004,17214,22104,2748,4423,1.0,38:02,2015,2016
2015-16,203086,Meyers Leonard,Meyers,1610612757,POR,Portland Trail Blazers,21500617,2016-01-18T00:00:00,POR @ WAS,W,24.1,0.0,0.0,0.0,2.0,5.0,0.0,6.0,12.0,0.0,0.0,2.0,0.0,23.8,1,1,1,1,12466,12059,10158,9917,12984,8403,1,13388,18637,8004,1,11390,18762,9261,1.0,24:06,2015,2016
2015-16,201147,Corey Brewer,Corey,1610612745,HOU,Houston Rockets,21500624,2016-01-18T00:00:00,HOU @ LAC,L,20.4,2.0,0.0,4.0,8.0,7.0,11.0,9.0,24.0,0.0,1.0,4.0,0.0,23.3,1,13074,13074,13074,15589,6026,10158,1913,3109,12242,21814,18829,8723,8004,17214,22104,18762,9567,1.0,20:22,2015,2016
2015-16,1626163,Frank Kaminsky,Frank,1610612766,CHA,Charlotte Hornets,21500616,2016-01-18T00:00:00,CHA vs. UTA,W,24.7,2.0,5.0,1.0,12.0,9.0,11.0,4.0,22.0,1.0,3.0,1.0,3.0,25.4,1,1,1,1,11969,6026,995,9347,988,15771,21814,8806,10265,2692,25441,4972,4736,8273,1.0,24:39,2015,2016
2015-16,201166,Aaron Brooks,Aaron,1610612741,CHI,Chicago Bulls,21500619,2016-01-18T00:00:00,CHI @ DET,W,20.6,0.0,0.0,0.0,6.0,5.0,5.0,5.0,20.0,0.0,1.0,4.0,1.0,25.4,1,1,1,1,15422,12059,10158,9917,5299,8403,11469,11593,11929,8004,17214,22104,12373,8273,1.0,20:34,2015,2016
2015-16,203081,Damian Lillard,Damian,1610612757,POR,Portland Trail Blazers,21500617,2016-01-18T00:00:00,POR @ WAS,W,34.1,0.0,2.0,2.0,6.0,9.0,4.0,10.0,22.0,0.0,1.0,1.0,1.0,25.4,1,1,1,1,4281,12059,4731,4675,5299,15771,8458,20169,10265,8004,17214,4972,12373,8273,1.0,34:05,2015,2016
2015-16,203798,PJ Hairston,PJ,1610612766,CHA,Charlotte Hornets,21500616,2016-01-18T00:00:00,CHA vs. UTA,W,19.1,0.0,0.0,0.0,0.0,5.0,0.0,3.0,10.0,1.0,1.0,2.0,1.0,10.2,1,1,1,1,16600,12059,10158,9917,18861,8403,1,7328,20209,2692,17214,11390,12373,19003,1.0,19:07,2015,2016
2015-16,101106,Andrew Bogut,Andrew,1610612744,GSW,Golden State Warriors,21500622,2016-01-18T00:00:00,GSW @ CLE,W,15.4,0.0,0.0,0.0,4.0,0.0,2.0,0.0,12.0,0.0,0.0,3.0,1.0,11.2,1,1,1,1,19514,12059,10158,9917,8599,1,3734,1,18637,8004,1,17641,12373,18267,1.0,15:21,2015,2016
2015-16,203488,Mike Muscala,Mike,1610612737,ATL,Atlanta Hawks,21500620,2016-01-18T00:00:00,ATL vs. ORL,W,6.4,0.0,0.0,0.0,0.0,0.0,2.0,2.0,6.0,0.0,0.0,0.0,0.0,5.9,1,1,1,1,23803,12059,10158,9917,18861,1,3734,4025,22724,8004,1,1,18762,21953,1.0,6:21,2015,2016
2015-16,201971,DeJuan Blair,DeJuan,1610612764,WAS,Washington Wizards,21500617,2016-01-18T00:00:00,WAS vs. POR,L,1.6,0.0,0.0,0.0,0.0,0.0,0.0,0.0,0.0,0.0,0.0,0.0,0.0,1.2,1,13074,13074,13074,25647,12059,10158,9917,18861,1,1,1,25429,8004,1,1,18762,24661,1.0,1:37,2015,2016
2015-16,203481,Jeff Withey,Jeff,1610612762,UTA,Utah Jazz,21500616,2016-01-18T00:00:00,UTA @ CHA,L,10.3,2.0,0.0,0.0,2.0,2.0,3.0,3.0,10.0,1.0,0.0,1.0,0.0,6.2,1,13074,13074,13074,22307,6026,10158,9917,12984,2619,7138,7328,20209,2692,1,4972,18762,21696,1.0,10:20,2015,2016
2015-16,203546,Ian Clark,Ian,1610612744,GSW,Golden State Warriors,21500622,2016-01-18T00:00:00,GSW @ CLE,W,12.4,0.0,0.0,0.0,0.0,4.0,2.0,0.0,12.0,0.0,0.0,0.0,0.0,11.4,1,1,1,1,21322,12059,10158,9917,18861,6141,3734,1,18637,8004,1,1,18762,18134,1.0,12:25,2015,2016
2015-16,203512,Lucas Nogueira,Lucas,1610612761,TOR,Toronto Raptors,21500621,2016-01-18T00:00:00,TOR vs. BKN,W,0.8,0.0,0.0,0.0,0.0,0.0,0.0,0.0,0.0,0.0,0.0,0.0,0.0,1.2,1,1,1,1,25920,12059,10158,9917,18861,1,1,1,25429,8004,1,1,18762,24661,1.0,0:47,2015,2016
2015-16,203503,Tony Snell,Tony,1610612741,CHI,Chicago Bulls,21500619,2016-01-18T00:00:00,CHI @ DET,W,15.7,0.0,0.0,0.0,0.0,2.0,7.0,3.0,12.0,1.0,0.0,0.0,0.0,11.1,1,1,1,1,19241,12059,10158,9917,18861,2619,15642,7328,18637,2692,1,1,18762,18370,1.0,15:44,2015,2016
2015-16,201574,Jason Thompson,Jason,1610612744,GSW,Golden State Warriors,21500622,2016-01-18T00:00:00,GSW @ CLE,W,6.7,0.0,0.0,0.0,0.0,2.0,0.0,0.0,2.0,0.0,0.0,3.0,2.0,6.1,1,1,1,1,23659,12059,10158,9917,18861,2619,1,1,24614,8004,1,17641,7786,21845,1.0,6:44,2015,2016
2015-16,203906,Devyn Marble,Devyn,1610612753,ORL,Orlando Magic,21500620,2016-01-18T00:00:00,ORL @ ATL,L,3.5,0.0,0.0,0.0,0.0,0.0,0.0,0.0,0.0,0.0,0.0,0.0,0.0,1.2,1,13074,13074,13074,24905,12059,10158,9917,18861,1,1,1,25429,8004,1,1,18762,24661,1.0,3:32,2015,2016
2015-16,201229,Anthony Tolliver,Anthony,1610612765,DET,Detroit Pistons,21500619,2016-01-18T00:00:00,DET vs. CHI,L,12.8,0.0,0.0,0.0,0.0,2.0,2.0,4.0,8.0,0.0,0.0,1.0,1.0,11.4,1,13074,13074,13074,21095,12059,10158,9917,18861,2619,3734,8806,21543,8004,1,4972,12373,18134,1.0,12:46,2015,2016
2015-16,2772,Trevor Ariza,Trevor,1610612745,HOU,Houston Rockets,21500624,2016-01-18T00:00:00,HOU @ LAC,L,38.2,5.0,0.0,5.0,8.0,13.0,14.0,13.0,32.0,0.0,0.0,2.0,2.0,29.4,1,13074,13074,13074,1416,1603,10158,1277,3109,21300,24300,23048,3535,8004,1,11390,7786,6143,1.0,38:13,2015,2016
2015-16,203457,Nerlens Noel,Nerlens,1610612755,PHI,Philadelphia 76ers,21500615,2016-01-18T00:00:00,PHI @ NYK,L,47.2,2.0,3.0,0.0,16.0,8.0,16.0,4.0,48.0,3.0,3.0,4.0,2.0,50.1,1,13074,13074,13074,36,6026,3104,9917,275,13914,25155,8806,192,347,25441,22104,7786,743,1.0,47:12,2015,2016
2015-16,201572,Brook Lopez,Brook,1610612751,BKN,Brooklyn Nets,21500621,2016-01-18T00:00:00,BKN @ TOR,L,37.6,1.0,4.0,0.0,14.0,14.0,4.0,11.0,36.0,2.0,1.0,2.0,7.0,53.5,1,13074,13074,13074,1699,11535,1596,9917,542,22292,8458,21342,1943,932,17214,11390,469,495,1.0,37:37,2015,2016
2015-16,203482,Kelly Olynyk,Kelly,1610612738,BOS,Boston Celtics,21500623,2016-01-18T00:00:00,BOS @ DAL,L,25.8,0.0,3.0,0.0,2.0,6.0,5.0,4.0,16.0,2.0,0.0,4.0,1.0,30.0,1,13074,13074,13074,11043,12059,3104,9917,12984,10028,11469,8806,15259,932,1,22104,12373,5840,1.0,25:47,2015,2016
2015-16,201977,Marcus Thornton,Marcus,1610612745,HOU,Houston Rockets,21500624,2016-01-18T00:00:00,HOU @ LAC,L,21.9,2.0,6.0,2.0,8.0,3.0,5.0,5.0,16.0,0.0,0.0,2.0,0.0,36.1,1,13074,13074,13074,14280,6026,481,4675,3109,5109,11469,11593,15259,8004,1,11390,18762,3432,1.0,21:52,2015,2016
2015-16,200768,Kyle Lowry,Kyle,1610612761,TOR,Toronto Raptors,21500621,2016-01-18T00:00:00,TOR vs. BKN,W,39.6,2.0,0.0,2.0,2.0,7.0,10.0,12.0,40.0,0.0,0.0,2.0,7.0,53.4,1,1,1,1,865,6026,10158,4675,12984,12242,20509,22259,983,8004,1,11390,469,499,1.0,39:35,2015,2016
2015-16,200794,Paul Millsap,Paul,1610612737,ATL,Atlanta Hawks,21500620,2016-01-18T00:00:00,ATL vs. ORL,W,27.3,2.0,0.0,2.0,12.0,4.0,7.0,6.0,18.0,2.0,1.0,1.0,2.0,44.4,1,1,1,1,9761,6026,10158,4675,988,6141,15642,13388,13577,932,17214,4972,7786,1474,1.0,27:19,2015,2016
2015-16,203093,Terrence Jones,Terrence,1610612745,HOU,Houston Rockets,21500624,2016-01-18T00:00:00,HOU @ LAC,L,19.7,1.0,2.0,1.0,8.0,13.0,12.0,17.0,16.0,2.0,2.0,2.0,4.0,24.1,1,13074,13074,13074,16189,11535,4731,9347,3109,21300,22832,24967,15259,932,23588,11390,2748,9068,1.0,19:39,2015,2016
2015-16,202397,Ish Smith,Ish,1610612755,PHI,Philadelphia 76ers,21500615,2016-01-18T00:00:00,PHI @ NYK,L,43.8,0.0,0.0,4.0,12.0,12.0,19.0,6.0,44.0,0.0,1.0,0.0,5.0,50.4,1,13074,13074,13074,143,12059,10158,1913,988,20178,25786,13388,454,8004,17214,1,1539,714,1.0,43:51,2015,2016
2015-16,203469,Cody Zeller,Cody,1610612766,CHA,Charlotte Hornets,21500616,2016-01-18T00:00:00,CHA vs. UTA,W,41.9,0.0,2.0,1.0,8.0,17.0,11.0,11.0,28.0,1.0,1.0,5.0,4.0,24.7,1,1,1,1,329,12059,4731,9347,3109,24337,21814,21342,5824,2692,17214,24686,2748,8673,1.0,41:52,2015,2016
2015-16,203497,Rudy Gobert,Rudy,1610612762,UTA,Utah Jazz,21500616,2016-01-18T00:00:00,UTA @ CHA,L,43.4,2.0,4.0,3.0,12.0,11.0,14.0,2.0,22.0,2.0,0.0,5.0,6.0,46.3,1,13074,13074,13074,173,6026,1596,3302,988,18886,24300,4025,10265,932,1,24686,873,1168,1.0,43:24,2015,2016
2015-16,1717,Dirk Nowitzki,Dirk,1610612742,DAL,Dallas Mavericks,21500623,2016-01-18T00:00:00,DAL vs. BOS,W,34.8,2.0,8.0,0.0,4.0,7.0,7.0,16.0,34.0,0.0,0.0,4.0,13.0,46.2,1,1,1,1,3713,6026,137,9917,8599,12242,15642,24641,2701,8004,1,22104,14,1175,1.0,34:47,2015,2016
2015-16,202718,Chandler Parsons,Chandler,1610612742,DAL,Dallas Mavericks,21500623,2016-01-18T00:00:00,DAL vs. BOS,W,32.7,3.0,5.0,0.0,4.0,9.0,2.0,21.0,20.0,0.0,1.0,1.0,3.0,29.5,1,1,1,1,5308,4307,995,9917,8599,15771,3734,25725,11929,8004,17214,4972,4736,6103,1.0,32:45,2015,2016
2015-16,202330,Gordon Hayward,Gordon,1610612762,UTA,Utah Jazz,21500616,2016-01-18T00:00:00,UTA @ CHA,L,48.4,13.0,4.0,0.0,8.0,11.0,17.0,2.0,28.0,1.0,0.0,3.0,4.0,60.5,1,13074,13074,13074,22,13,1596,9917,3109,18886,25429,4025,5824,2692,1,17641,2748,195,1.0,48:26,2015,2016
2015-16,201587,Nicolas Batum,Nicolas,1610612766,CHA,Charlotte Hornets,21500616,2016-01-18T00:00:00,CHA vs. UTA,W,47.4,0.0,0.0,0.0,0.0,19.0,18.0,13.0,32.0,0.0,1.0,3.0,5.0,24.8,1,1,1,1,34,12059,10158,9917,18861,25074,25634,23048,3535,8004,17214,17641,1539,8614,1.0,47:26,2015,2016
2015-16,2200,Pau Gasol,Pau,1610612741,CHI,Chicago Bulls,21500619,2016-01-18T00:00:00,CHI @ DET,W,35.9,4.0,5.0,0.0,6.0,9.0,12.0,19.0,34.0,3.0,0.0,3.0,2.0,61.9,1,1,1,1,2858,2460,995,9917,5299,15771,22832,25435,2701,347,1,17641,7786,148,1.0,35:51,2015,2016
2015-16,101162,Marcin Gortat,Marcin,1610612764,WAS,Washington Wizards,21500617,2016-01-18T00:00:00,WAS vs. POR,L,36.9,2.0,2.0,0.0,10.0,7.0,8.0,2.0,24.0,2.0,1.0,3.0,4.0,35.6,1,13074,13074,13074,2154,6026,4731,9917,1840,12242,17345,4025,8723,932,17214,17641,2748,3615,1.0,36:53,2015,2016
2015-16,201143,Al Horford,Al,1610612737,ATL,Atlanta Hawks,21500620,2016-01-18T00:00:00,ATL vs. ORL,W,27.5,2.0,0.0,3.0,8.0,7.0,5.0,8.0,14.0,2.0,0.0,2.0,0.0,35.4,1,1,1,1,9646,6026,10158,3302,3109,12242,11469,17194,17019,932,1,11390,18762,3684,1.0,27:27,2015,2016
2015-16,201167,Arron Afflalo,Arron,1610612752,NYK,New York Knicks,21500615,2016-01-18T00:00:00,NYK vs. PHI,W,44.6,2.0,5.0,4.0,8.0,4.0,14.0,9.0,44.0,0.0,1.0,3.0,6.0,35.4,1,1,1,1,98,6026,995,1913,3109,6141,24300,18829,454,8004,17214,17641,873,3684,1.0,44:34,2015,2016
2015-16,201152,Thaddeus Young,Thaddeus,1610612751,BKN,Brooklyn Nets,21500621,2016-01-18T00:00:00,BKN @ TOR,L,34.7,2.0,2.0,2.0,8.0,12.0,4.0,7.0,32.0,1.0,1.0,3.0,3.0,24.8,1,13074,13074,13074,3805,6026,4731,4675,3109,20178,8458,15538,3535,2692,17214,17641,4736,8614,1.0,34:41,2015,2016
2015-16,2207,Joe Johnson,Joe,1610612751,BKN,Brooklyn Nets,21500621,2016-01-18T00:00:00,BKN @ TOR,L,37.3,4.0,0.0,2.0,10.0,12.0,4.0,9.0,30.0,0.0,0.0,0.0,2.0,36.5,1,13074,13074,13074,1880,2460,10158,4675,1840,20178,8458,18829,4541,8004,1,1,7786,3326,1.0,37:20,2015,2016
2015-16,204001,Kristaps Porziņģis,Kristaps,1610612752,NYK,New York Knicks,21500615,2016-01-18T00:00:00,NYK vs. PHI,W,34.3,4.0,2.0,2.0,8.0,2.0,8.0,9.0,36.0,3.0,0.0,1.0,2.0,47.4,1,1,1,1,4120,2460,4731,4675,3109,2619,17345,18829,1943,347,1,4972,7786,1024,1.0,34:16,2015,2016
2015-16,200755,JJ Redick,JJ,1610612746,LAC,LA Clippers,21500624,2016-01-18T00:00:00,LAC vs. HOU,W,38.5,12.0,6.0,8.0,4.0,5.0,10.0,11.0,42.0,0.0,0.0,4.0,6.0,43.2,1,1,1,1,1272,27,481,280,8599,8403,20509,21342,670,8004,1,22104,873,1699,1.0,38:30,2015,2016
2015-16,202699,Tobias Harris,Tobias,1610612753,ORL,Orlando Magic,21500620,2016-01-18T00:00:00,ORL @ ATL,L,31.6,0.0,0.0,0.0,4.0,7.0,3.0,13.0,28.0,1.0,1.0,1.0,2.0,29.8,1,13074,13074,13074,6210,12059,10158,9917,8599,12242,7138,23048,5824,2692,17214,4972,7786,5948,1.0,31:37,2015,2016
2015-16,203109,Jae Crowder,Jae,1610612738,BOS,Boston Celtics,21500623,2016-01-18T00:00:00,BOS @ DAL,L,38.3,1.0,2.0,4.0,6.0,11.0,18.0,4.0,26.0,0.0,0.0,4.0,3.0,24.9,1,13074,13074,13074,1383,11535,4731,1913,5299,18886,25634,8806,7214,8004,1,22104,4736,8553,1.0,38:17,2015,2016
2015-16,101181,Jose Calderon,Jose,1610612752,NYK,New York Knicks,21500615,2016-01-18T00:00:00,NYK vs. PHI,W,35.0,2.0,3.0,0.0,0.0,2.0,9.0,9.0,32.0,1.0,0.0,3.0,3.0,29.1,1,1,1,1,3504,6026,3104,9917,18861,2619,19144,18829,3535,2692,1,17641,4736,6285,1.0,35:03,2015,2016
2015-16,2210,Richard Jefferson,Richard,1610612739,CLE,Cleveland Cavaliers,21500622,2016-01-18T00:00:00,CLE vs. GSW,L,18.1,2.0,0.0,0.0,0.0,9.0,0.0,11.0,14.0,1.0,0.0,1.0,2.0,11.6,1,13074,13074,13074,17477,6026,10158,9917,18861,15771,1,21342,17019,2692,1,4972,7786,17970,1.0,18:03,2015,2016
2015-16,203496,Robert Covington,Robert,1610612755,PHI,Philadelphia 76ers,21500615,2016-01-18T00:00:00,PHI @ NYK,L,45.7,3.0,4.0,3.0,0.0,10.0,15.0,6.0,40.0,2.0,2.0,4.0,2.0,24.5,1,13074,13074,13074,68,4307,1596,3302,18861,17370,24781,13388,983,932,23588,22104,7786,8801,1.0,45:40,2015,2016
2015-16,101107,Marvin Williams,Marvin,1610612766,CHA,Charlotte Hornets,21500616,2016-01-18T00:00:00,CHA vs. UTA,W,44.3,0.0,2.0,0.0,2.0,17.0,11.0,11.0,30.0,0.0,1.0,3.0,4.0,29.9,1,1,1,1,112,12059,4731,9917,12984,24337,21814,21342,4541,8004,17214,17641,2748,5884,1.0,44:18,2015,2016
2015-16,203901,Elfrid Payton,Elfrid,1610612753,ORL,Orlando Magic,21500620,2016-01-18T00:00:00,ORL @ ATL,L,26.9,2.0,2.0,0.0,8.0,7.0,3.0,8.0,28.0,0.0,2.0,0.0,4.0,23.9,1,13074,13074,13074,10113,6026,4731,9917,3109,12242,7138,17194,5824,8004,23588,1,2748,9184,1.0,26:54,2015,2016
2015-16,201942,DeMar DeRozan,DeMar,1610612761,TOR,Toronto Raptors,21500621,2016-01-18T00:00:00,TOR vs. BKN,W,33.9,7.0,0.0,5.0,16.0,7.0,0.0,12.0,34.0,0.0,2.0,2.0,7.0,48.3,1,1,1,1,4424,548,10158,1277,275,12242,1,22259,2701,8004,23588,11390,469,932,1.0,33:55,2015,2016
2015-16,203076,Anthony Davis,Anthony,1610612740,NOP,New Orleans Pelicans,21500618,2016-01-18T00:00:00,NOP @ MEM,L,36.7,5.0,0.0,0.0,6.0,10.0,12.0,13.0,32.0,3.0,0.0,3.0,9.0,48.6,1,13074,13074,13074,2277,1603,10158,9917,5299,17370,22832,23048,3535,347,1,17641,138,900,1.0,36:44,2015,2016
2015-16,201939,Stephen Curry,Stephen,1610612744,GSW,Golden State Warriors,21500622,2016-01-18T00:00:00,GSW @ CLE,W,28.1,10.0,0.0,4.0,10.0,2.0,2.0,2.0,24.0,0.0,0.0,3.0,5.0,55.0,1,1,1,1,9190,99,10158,1913,1840,2619,3734,4025,8723,8004,1,17641,1539,395,1.0,28:03,2015,2016
2015-16,101108,Chris Paul,Chris,1610612746,LAC,LA Clippers,21500624,2016-01-18T00:00:00,LAC vs. HOU,W,42.5,1.0,0.0,7.0,4.0,8.0,10.0,15.0,48.0,1.0,1.0,4.0,7.0,69.2,1,1,1,1,249,11535,10158,454,8599,13914,20509,24242,192,2692,17214,22104,469,51,1.0,42:31,2015,2016
2015-16,203960,JaKarr Sampson,JaKarr,1610612755,PHI,Philadelphia 76ers,21500615,2016-01-18T00:00:00,PHI @ NYK,L,17.3,0.0,0.0,0.0,2.0,4.0,8.0,2.0,14.0,0.0,0.0,1.0,0.0,7.4,1,13074,13074,13074,18068,12059,10158,9917,12984,6141,17345,4025,17019,8004,1,4972,18762,20912,1.0,17:16,2015,2016
2015-16,101161,Amir Johnson,Amir,1610612738,BOS,Boston Celtics,21500623,2016-01-18T00:00:00,BOS @ DAL,L,13.6,0.0,0.0,0.0,0.0,3.0,9.0,0.0,4.0,0.0,0.0,2.0,1.0,7.4,1,13074,13074,13074,20636,12059,10158,9917,18861,5109,19144,1,23698,8004,1,11390,12373,20912,1.0,13:37,2015,2016
2015-16,2730,Dwight Howard,Dwight,1610612745,HOU,Houston Rockets,21500624,2016-01-18T00:00:00,HOU @ LAC,L,45.5,4.0,7.0,3.0,22.0,16.0,19.0,18.0,40.0,1.0,0.0,2.0,12.0,75.2,1,13074,13074,13074,72,2460,292,3302,25,23774,25786,25228,983,2692,1,11390,27,17,1.0,45:29,2015,2016
2015-16,201950,Jrue Holiday,Jrue,1610612740,NOP,New Orleans Pelicans,21500618,2016-01-18T00:00:00,NOP @ MEM,L,28.9,2.0,0.0,0.0,10.0,0.0,5.0,5.0,20.0,0.0,0.0,2.0,5.0,35.9,1,13074,13074,13074,8419,6026,10158,9917,1840,1,11469,11593,11929,8004,1,11390,1539,3505,1.0,28:57,2015,2016
2015-16,202689,Kemba Walker,Kemba,1610612766,CHA,Charlotte Hornets,21500616,2016-01-18T00:00:00,CHA vs. UTA,W,46.6,9.0,8.0,1.0,10.0,19.0,11.0,11.0,32.0,0.0,0.0,3.0,9.0,77.8,1,1,1,1,45,171,137,9347,1840,25074,21814,21342,3535,8004,1,17641,138,11,1.0,46:37,2015,2016
2015-16,202388,Donald Sloan,Donald,1610612751,BKN,Brooklyn Nets,21500621,2016-01-18T00:00:00,BKN @ TOR,L,34.5,0.0,0.0,6.0,6.0,14.0,4.0,9.0,34.0,0.0,1.0,3.0,2.0,29.6,1,13074,13074,13074,3972,12059,10158,740,5299,22292,8458,18829,2701,8004,17214,17641,7786,6050,1.0,34:29,2015,2016
2015-16,203110,Draymond Green,Draymond,1610612744,GSW,Golden State Warriors,21500622,2016-01-18T00:00:00,GSW @ CLE,W,31.3,0.0,0.0,0.0,6.0,0.0,2.0,0.0,26.0,2.0,2.0,2.0,8.0,44.4,1,1,1,1,6512,12059,10158,9917,5299,1,3734,1,7214,932,23588,11390,254,1474,1.0,31:16,2015,2016
2015-16,2585,Zaza Pachulia,Zaza,1610612742,DAL,Dallas Mavericks,21500623,2016-01-18T00:00:00,DAL vs. BOS,W,35.9,0.0,1.0,0.0,2.0,8.0,4.0,27.0,28.0,0.0,0.0,4.0,3.0,29.8,1,1,1,1,2850,12059,9709,9917,12984,13914,8458,26031,5824,8004,1,22104,4736,5948,1.0,35:53,2015,2016
2015-16,201596,Mario Chalmers,Mario,1610612763,MEM,Memphis Grizzlies,21500618,2016-01-18T00:00:00,MEM vs. NOP,W,20.6,0.0,0.0,0.0,0.0,11.0,2.0,2.0,18.0,0.0,0.0,3.0,2.0,8.7,1,1,1,1,15422,12059,10158,9917,18861,18886,3734,4025,13577,8004,1,17641,7786,20045,1.0,20:34,2015,2016
2015-16,203105,Festus Ezeli,Festus,1610612744,GSW,Golden State Warriors,21500622,2016-01-18T00:00:00,GSW @ CLE,W,15.8,0.0,0.0,0.0,4.0,4.0,0.0,2.0,14.0,0.0,0.0,6.0,1.0,4.4,1,1,1,1,19193,12059,10158,9917,8599,6141,1,4025,17019,8004,1,25827,12373,22837,1.0,15:48,2015,2016
2015-16,201973,Jonas Jerebko,Jonas,1610612738,BOS,Boston Celtics,21500623,2016-01-18T00:00:00,BOS @ DAL,L,14.6,2.0,0.0,2.0,6.0,8.0,2.0,4.0,8.0,0.0,0.0,4.0,1.0,7.2,1,13074,13074,13074,20010,6026,10158,4675,5299,13914,3734,8806,21543,8004,1,22104,12373,21035,1.0,14:38,2015,2016
2015-16,201945,Gerald Henderson,Gerald,1610612757,POR,Portland Trail Blazers,21500617,2016-01-18T00:00:00,POR @ WAS,W,19.8,0.0,2.0,0.0,2.0,3.0,3.0,6.0,12.0,0.0,0.0,2.0,2.0,8.6,1,1,1,1,16100,12059,4731,9917,12984,5109,7138,13388,18637,8004,1,11390,7786,20125,1.0,19:46,2015,2016
2015-16,1626192,Pat Connaughton,Pat,1610612757,POR,Portland Trail Blazers,21500617,2016-01-18T00:00:00,POR @ WAS,W,1.6,0.0,0.0,0.0,0.0,0.0,3.0,0.0,0.0,0.0,0.0,0.0,0.0,0.0,1,1,1,1,25647,12059,10158,9917,18861,1,7138,1,25429,8004,1,1,18762,25170,1.0,1:37,2015,2016
2015-16,201150,Spencer Hawes,Spencer,1610612766,CHA,Charlotte Hornets,21500616,2016-01-18T00:00:00,CHA vs. UTA,W,15.9,0.0,0.0,0.0,0.0,4.0,9.0,2.0,14.0,1.0,0.0,0.0,0.0,4.5,1,1,1,1,19087,12059,10158,9917,18861,6141,19144,4025,17019,2692,1,1,18762,22773,1.0,15:56,2015,2016
2015-16,1626169,Stanley Johnson,Stanley,1610612765,DET,Detroit Pistons,21500619,2016-01-18T00:00:00,DET vs. CHI,L,22.5,0.0,2.0,0.0,2.0,10.0,10.0,2.0,22.0,0.0,0.0,2.0,2.0,13.3,1,13074,13074,13074,13781,12059,4731,9917,12984,17370,20509,4025,10265,8004,1,11390,7786,16712,1.0,22:28,2015,2016
2015-16,202684,Tristan Thompson,Tristan,1610612739,CLE,Cleveland Cavaliers,21500622,2016-01-18T00:00:00,CLE vs. GSW,L,12.4,0.0,0.0,0.0,0.0,8.0,2.0,2.0,12.0,0.0,0.0,4.0,1.0,4.4,1,13074,13074,13074,21356,12059,10158,9917,18861,13914,3734,4025,18637,8004,1,22104,12373,22837,1.0,12:21,2015,2016
2015-16,1626170,Jerian Grant,Jerian,1610612752,NYK,New York Knicks,21500615,2016-01-18T00:00:00,NYK vs. PHI,W,7.0,0.0,0.0,0.0,0.0,6.0,0.0,6.0,12.0,0.0,0.0,0.0,0.0,0.0,1,1,1,1,23566,12059,10158,9917,18861,10028,1,13388,18637,8004,1,1,18762,25170,1.0,7:00,2015,2016
2015-16,1626181,Norman Powell,Norman,1610612761,TOR,Toronto Raptors,21500621,2016-01-18T00:00:00,TOR vs. BKN,W,0.8,0.0,0.0,0.0,0.0,0.0,0.0,0.0,0.0,0.0,0.0,0.0,0.0,0.0,1,1,1,1,25920,12059,10158,9917,18861,1,1,1,25429,8004,1,1,18762,25170,1.0,0:47,2015,2016
2015-16,201961,Wayne Ellington,Wayne,1610612751,BKN,Brooklyn Nets,21500621,2016-01-18T00:00:00,BKN @ TOR,L,24.0,2.0,0.0,2.0,0.0,9.0,5.0,4.0,26.0,0.0,0.0,3.0,1.0,7.0,1,13074,13074,13074,12581,6026,10158,4675,18861,15771,11469,8806,7214,8004,1,17641,12373,21188,1.0,23:60,2015,2016
2015-16,2756,Sasha Vujacic,Sasha,1610612752,NYK,New York Knicks,21500615,2016-01-18T00:00:00,NYK vs. PHI,W,6.0,2.0,2.0,0.0,0.0,1.0,0.0,6.0,2.0,0.0,0.0,1.0,0.0,3.2,1,1,1,1,23959,6026,4731,9917,18861,2356,1,13388,24614,8004,1,4972,18762,23473,1.0,6:00,2015,2016
2015-16,203145,Kent Bazemore,Kent,1610612737,ATL,Atlanta Hawks,21500620,2016-01-18T00:00:00,ATL vs. ORL,W,22.8,0.0,0.0,0.0,0.0,2.0,9.0,6.0,12.0,1.0,0.0,1.0,2.0,4.6,1,1,1,1,13503,12059,10158,9917,18861,2619,19144,13388,18637,2692,1,4972,7786,22734,1.0,22:50,2015,2016
2015-16,203909,KJ McDaniels,KJ,1610612745,HOU,Houston Rockets,21500624,2016-01-18T00:00:00,HOU @ LAC,L,0.4,0.0,0.0,0.0,0.0,0.0,0.0,0.0,0.0,0.0,0.0,0.0,0.0,0.0,1,13074,13074,13074,25986,12059,10158,9917,18861,1,1,1,25429,8004,1,1,18762,25170,1.0,0:27,2015,2016
2015-16,203951,Keith Appling,Keith,1610612753,ORL,Orlando Magic,21500620,2016-01-18T00:00:00,ORL @ ATL,L,8.9,2.0,0.0,2.0,2.0,6.0,0.0,2.0,6.0,0.0,0.0,0.0,0.0,4.0,1,13074,13074,13074,22877,6026,10158,4675,12984,10028,1,4025,22724,8004,1,1,18762,23142,1.0,8:54,2015,2016
2015-16,202087,Alonzo Gee,Alonzo,1610612740,NOP,New Orleans Pelicans,21500618,2016-01-18T00:00:00,NOP @ MEM,L,23.5,0.0,0.0,0.0,0.0,4.0,3.0,9.0,16.0,0.0,1.0,3.0,1.0,8.7,1,13074,13074,13074,12949,12059,10158,9917,18861,6141,7138,18829,15259,8004,17214,17641,12373,20045,1.0,23:32,2015,2016
2015-16,1626158,Richaun Holmes,Richaun,1610612755,PHI,Philadelphia 76ers,21500615,2016-01-18T00:00:00,PHI @ NYK,L,12.6,0.0,0.0,0.0,2.0,2.0,0.0,2.0,14.0,0.0,0.0,2.0,0.0,4.6,1,13074,13074,13074,21218,12059,10158,9917,12984,2619,1,4025,17019,8004,1,11390,18762,22734,1.0,12:35,2015,2016
2015-16,203943,Noah Vonleh,Noah,1610612757,POR,Portland Trail Blazers,21500617,2016-01-18T00:00:00,POR @ WAS,W,17.2,0.0,0.0,0.0,2.0,5.0,3.0,2.0,6.0,0.0,0.0,2.0,1.0,13.3,1,1,1,1,18127,12059,10158,9917,12984,8403,7138,4025,22724,8004,1,11390,12373,16712,1.0,17:12,2015,2016
2015-16,203124,Kyle O'Quinn,Kyle,1610612752,NYK,New York Knicks,21500615,2016-01-18T00:00:00,NYK vs. PHI,W,7.5,0.0,2.0,0.0,4.0,4.0,0.0,9.0,4.0,0.0,0.0,1.0,0.0,9.6,1,1,1,1,23406,12059,4731,9917,8599,6141,1,18829,23698,8004,1,4972,18762,19434,1.0,7:28,2015,2016
2015-16,202714,Shelvin Mack,Shelvin,1610612737,ATL,Atlanta Hawks,21500620,2016-01-18T00:00:00,ATL vs. ORL,W,6.4,0.0,0.0,0.0,0.0,0.0,2.0,2.0,6.0,0.0,0.0,0.0,0.0,3.9,1,1,1,1,23803,12059,10158,9917,18861,1,3734,4025,22724,8004,1,1,18762,23225,1.0,6:21,2015,2016
2015-16,203090,Maurice Harkless,Maurice,1610612757,POR,Portland Trail Blazers,21500617,2016-01-18T00:00:00,POR @ WAS,W,5.2,0.0,2.0,0.0,2.0,2.0,2.0,2.0,12.0,0.0,0.0,1.0,0.0,3.2,1,1,1,1,24291,12059,4731,9917,12984,2619,3734,4025,18637,8004,1,4972,18762,23473,1.0,5:12,2015,2016
2015-16,204025,Tim Frazier,Tim,1610612757,POR,Portland Trail Blazers,21500617,2016-01-18T00:00:00,POR @ WAS,W,1.6,0.0,0.0,0.0,0.0,0.0,3.0,0.0,0.0,0.0,0.0,0.0,0.0,0.0,1,1,1,1,25647,12059,10158,9917,18861,1,7138,1,25429,8004,1,1,18762,25170,1.0,1:37,2015,2016
2015-16,1626199,Darrun Hilliard,Darrun,1610612765,DET,Detroit Pistons,21500619,2016-01-18T00:00:00,DET vs. CHI,L,2.6,0.0,0.0,0.0,0.0,0.0,3.0,0.0,2.0,0.0,0.0,0.0,0.0,0.0,1,13074,13074,13074,25276,12059,10158,9917,18861,1,7138,1,24614,8004,1,1,18762,25170,1.0,2:38,2015,2016
2015-16,204067,Jarell Eddie,Jarell,1610612764,WAS,Washington Wizards,21500617,2016-01-18T00:00:00,WAS vs. POR,L,2.3,0.0,0.0,0.0,0.0,0.0,0.0,0.0,0.0,0.0,0.0,0.0,0.0,0.0,1,13074,13074,13074,25421,12059,10158,9917,18861,1,1,1,25429,8004,1,1,18762,25170,1.0,2:17,2015,2016
2015-16,203085,Austin Rivers,Austin,1610612746,LAC,LA Clippers,21500624,2016-01-18T00:00:00,LAC vs. HOU,W,17.4,0.0,0.0,0.0,0.0,11.0,5.0,15.0,22.0,0.0,0.0,2.0,0.0,3.2,1,1,1,1,17969,12059,10158,9917,18861,18886,11469,24242,10265,8004,1,11390,18762,23473,1.0,17:24,2015,2016
2015-16,201582,Alexis Ajinca,Alexis,1610612740,NOP,New Orleans Pelicans,21500618,2016-01-18T00:00:00,NOP @ MEM,L,11.8,0.0,0.0,0.0,2.0,2.0,1.0,2.0,8.0,0.0,1.0,3.0,1.0,8.8,1,13074,13074,13074,21696,12059,10158,9917,12984,2619,3393,4025,21543,8004,17214,17641,12373,19994,1.0,11:46,2015,2016
2015-16,2449,Luis Scola,Luis,1610612761,TOR,Toronto Raptors,21500621,2016-01-18T00:00:00,TOR vs. BKN,W,15.3,0.0,0.0,0.0,0.0,2.0,0.0,8.0,14.0,0.0,1.0,4.0,2.0,8.8,1,1,1,1,19532,12059,10158,9917,18861,2619,1,17194,17019,8004,17214,22104,7786,19994,1.0,15:20,2015,2016
2015-16,200811,Lou Amundson,Lou,1610612752,NYK,New York Knicks,21500615,2016-01-18T00:00:00,NYK vs. PHI,W,3.5,0.0,0.0,0.0,0.0,0.0,3.0,0.0,4.0,0.0,0.0,1.0,1.0,3.2,1,1,1,1,24946,12059,10158,9917,18861,1,7138,1,23698,8004,1,4972,12373,23473,1.0,3:27,2015,2016
2015-16,202734,E'Twaun Moore,E'Twaun,1610612741,CHI,Chicago Bulls,21500619,2016-01-18T00:00:00,CHI @ DET,W,17.9,0.0,3.0,2.0,0.0,7.0,4.0,7.0,22.0,0.0,0.0,2.0,1.0,9.0,1,1,1,1,17594,12059,3104,4675,18861,12242,8458,15538,10265,8004,1,11390,12373,19835,1.0,17:54,2015,2016
2015-16,203187,Chris Johnson,Chris,1610612762,UTA,Utah Jazz,21500616,2016-01-18T00:00:00,UTA @ CHA,L,17.0,0.0,0.0,0.0,2.0,6.0,0.0,3.0,12.0,0.0,0.0,2.0,1.0,6.6,1,13074,13074,13074,18271,12059,10158,9917,12984,10028,1,7328,18637,8004,1,11390,12373,21445,1.0,17:00,2015,2016
2015-16,201171,Carl Landry,Carl,1610612755,PHI,Philadelphia 76ers,21500615,2016-01-18T00:00:00,PHI @ NYK,L,4.2,0.0,0.0,0.0,0.0,2.0,3.0,0.0,2.0,0.0,0.0,0.0,0.0,3.4,1,13074,13074,13074,24639,12059,10158,9917,18861,2619,7138,1,24614,8004,1,1,18762,23417,1.0,4:12,2015,2016
2015-16,203080,Thomas Robinson,Thomas,1610612751,BKN,Brooklyn Nets,21500621,2016-01-18T00:00:00,BKN @ TOR,L,12.3,0.0,0.0,0.0,0.0,6.0,1.0,6.0,10.0,1.0,0.0,0.0,0.0,9.0,1,13074,13074,13074,21384,12059,10158,9917,18861,10028,3393,13388,20209,2692,1,1,18762,19835,1.0,12:19,2015,2016
2015-16,201976,Patrick Beverley,Patrick,1610612745,HOU,Houston Rockets,21500624,2016-01-18T00:00:00,HOU @ LAC,L,16.3,0.0,0.0,0.0,0.0,5.0,4.0,8.0,12.0,0.0,0.0,4.0,0.0,0.2,1,13074,13074,13074,18804,12059,10158,9917,18861,8403,8458,17194,18637,8004,1,22104,18762,25103,1.0,16:19,2015,2016
2015-16,203186,Willie Reed,Willie,1610612751,BKN,Brooklyn Nets,21500621,2016-01-18T00:00:00,BKN @ TOR,L,10.4,0.0,0.0,0.0,2.0,6.0,1.0,2.0,6.0,0.0,0.0,2.0,0.0,3.2,1,13074,13074,13074,22283,12059,10158,9917,12984,10028,3393,4025,22724,8004,1,11390,18762,23473,1.0,10:24,2015,2016
2015-16,201578,Marreese Speights,Marreese,1610612744,GSW,Golden State Warriors,21500622,2016-01-18T00:00:00,GSW @ CLE,W,9.3,0.0,0.0,0.0,0.0,2.0,2.0,0.0,8.0,0.0,0.0,0.0,1.0,5.2,1,1,1,1,22728,12059,10158,9917,18861,2619,3734,1,21543,8004,1,1,12373,22370,1.0,9:16,2015,2016
2015-16,203584,Troy Daniels,Troy,1610612766,CHA,Charlotte Hornets,21500616,2016-01-18T00:00:00,CHA vs. UTA,W,13.6,0.0,0.0,0.0,0.0,7.0,12.0,2.0,12.0,0.0,0.0,1.0,0.0,5.0,1,1,1,1,20648,12059,10158,9917,18861,12242,22832,4025,18637,8004,1,4972,18762,22500,1.0,13:35,2015,2016
2015-16,202697,Iman Shumpert,Iman,1610612739,CLE,Cleveland Cavaliers,21500622,2016-01-18T00:00:00,CLE vs. GSW,L,29.1,0.0,0.0,0.0,4.0,13.0,2.0,6.0,22.0,0.0,0.0,6.0,2.0,9.4,1,13074,13074,13074,8286,12059,10158,9917,8599,21300,3734,13388,10265,8004,1,25827,7786,19568,1.0,29:07,2015,2016
2015-16,201601,Luc Mbah a Moute,Luc,1610612746,LAC,LA Clippers,21500624,2016-01-18T00:00:00,LAC vs. HOU,W,20.5,0.0,0.0,2.0,4.0,5.0,7.0,10.0,22.0,0.0,0.0,5.0,2.0,13.4,1,1,1,1,15475,12059,10158,4675,8599,8403,15642,20169,10265,8004,1,24686,7786,16614,1.0,20:30,2015,2016
2015-16,2747,JR Smith,JR,1610612739,CLE,Cleveland Cavaliers,21500622,2016-01-18T00:00:00,CLE vs. GSW,L,20.9,0.0,0.0,0.0,10.0,11.0,0.0,10.0,22.0,0.0,0.0,1.0,5.0,19.9,1,13074,13074,13074,15140,12059,10158,9917,1840,18886,1,20169,10265,8004,1,4972,1539,11824,1.0,20:54,2015,2016
2015-16,201567,Kevin Love,Kevin,1610612739,CLE,Cleveland Cavaliers,21500622,2016-01-18T00:00:00,CLE vs. GSW,L,21.2,0.0,0.0,0.0,0.0,6.0,0.0,6.0,18.0,1.0,0.0,1.0,0.0,15.2,1,13074,13074,13074,14849,12059,10158,9917,18861,10028,1,13388,13577,2692,1,4972,18762,15219,1.0,21:14,2015,2016
2015-16,200757,Thabo Sefolosha,Thabo,1610612737,ATL,Atlanta Hawks,21500620,2016-01-18T00:00:00,ATL vs. ORL,W,26.6,4.0,0.0,0.0,4.0,11.0,4.0,6.0,16.0,0.0,1.0,3.0,1.0,27.3,1,1,1,1,10392,2460,10158,9917,8599,18886,8458,13388,15259,8004,17214,17641,12373,7236,1.0,26:34,2015,2016
2015-16,201188,Marc Gasol,Marc,1610612763,MEM,Memphis Grizzlies,21500618,2016-01-18T00:00:00,MEM vs. NOP,W,39.4,2.0,0.0,0.0,10.0,9.0,4.0,9.0,28.0,1.0,2.0,4.0,4.0,42.0,1,1,1,1,928,6026,10158,9917,1840,15771,8458,18829,5824,2692,23588,22104,2748,1936,1.0,39:22,2015,2016
2015-16,201565,Derrick Rose,Derrick,1610612741,CHI,Chicago Bulls,21500619,2016-01-18T00:00:00,CHI @ DET,W,27.4,2.0,0.0,4.0,12.0,6.0,12.0,14.0,26.0,0.0,0.0,0.0,2.0,26.2,1,1,1,1,9664,6026,10158,1913,988,10028,22832,23710,7214,8004,1,1,7786,7785,1.0,27:26,2015,2016
2015-16,203521,Matthew Dellavedova,Matthew,1610612739,CLE,Cleveland Cavaliers,21500622,2016-01-18T00:00:00,CLE vs. GSW,L,27.8,0.0,0.0,0.0,0.0,10.0,2.0,7.0,14.0,0.0,0.0,0.0,1.0,20.2,1,13074,13074,13074,9366,12059,10158,9917,18861,17370,3734,15538,17019,8004,1,1,12373,11610,1.0,27:49,2015,2016
2015-16,1891,Jason Terry,Jason,1610612745,HOU,Houston Rockets,21500624,2016-01-18T00:00:00,HOU @ LAC,L,18.8,0.0,0.0,3.0,0.0,6.0,6.0,3.0,16.0,1.0,0.0,2.0,1.0,11.7,1,13074,13074,13074,16907,12059,10158,3302,18861,10028,13237,7328,15259,2692,1,11390,12373,17903,1.0,18:45,2015,2016
2015-16,202344,Trevor Booker,Trevor,1610612762,UTA,Utah Jazz,21500616,2016-01-18T00:00:00,UTA @ CHA,L,32.6,2.0,4.0,2.0,10.0,8.0,14.0,2.0,26.0,1.0,1.0,5.0,1.0,27.1,1,13074,13074,13074,5447,6026,1596,4675,1840,13914,24300,4025,7214,2692,17214,24686,12373,7339,1.0,32:34,2015,2016
2015-16,202332,Cole Aldrich,Cole,1610612746,LAC,LA Clippers,21500624,2016-01-18T00:00:00,LAC vs. HOU,W,11.5,4.0,6.0,0.0,6.0,4.0,6.0,4.0,14.0,1.0,0.0,4.0,1.0,20.3,1,1,1,1,21834,2460,481,9917,5299,6141,13237,8806,17019,2692,1,22104,12373,11534,1.0,11:30,2015,2016
2015-16,1626209,Mario Hezonja,Mario,1610612753,ORL,Orlando Magic,21500620,2016-01-18T00:00:00,ORL @ ATL,L,23.9,2.0,0.0,2.0,4.0,6.0,2.0,7.0,26.0,0.0,1.0,2.0,2.0,12.0,1,13074,13074,13074,12630,6026,10158,4675,8599,10028,3734,15538,7214,8004,17214,11390,7786,17703,1.0,23:55,2015,2016
2015-16,2440,Matt Barnes,Matt,1610612763,MEM,Memphis Grizzlies,21500618,2016-01-18T00:00:00,MEM vs. NOP,W,27.7,2.0,0.0,2.0,6.0,4.0,2.0,2.0,20.0,0.0,0.0,4.0,2.0,20.1,1,1,1,1,9427,6026,10158,4675,5299,6141,3734,4025,11929,8004,1,22104,7786,11685,1.0,27:45,2015,2016
2015-16,203096,Jared Sullinger,Jared,1610612738,BOS,Boston Celtics,21500623,2016-01-18T00:00:00,BOS @ DAL,L,28.0,0.0,2.0,2.0,4.0,9.0,12.0,2.0,14.0,1.0,0.0,4.0,5.0,31.2,1,13074,13074,13074,9255,12059,4731,4675,8599,15771,22832,4025,17019,2692,1,22104,1539,5304,1.0,27:58,2015,2016
2015-16,203926,Doug McDermott,Doug,1610612741,CHI,Chicago Bulls,21500619,2016-01-18T00:00:00,CHI @ DET,W,24.9,5.0,0.0,0.0,0.0,4.0,10.0,9.0,24.0,0.0,0.0,2.0,1.0,15.4,1,1,1,1,11760,1603,10158,9917,18861,6141,20509,18829,8723,8004,1,11390,12373,15066,1.0,24:54,2015,2016
2015-16,201144,Mike Conley,Mike,1610612763,MEM,Memphis Grizzlies,21500618,2016-01-18T00:00:00,MEM vs. NOP,W,27.1,0.0,3.0,0.0,4.0,0.0,4.0,7.0,18.0,0.0,0.0,4.0,3.0,31.2,1,1,1,1,9896,12059,3104,9917,8599,1,8458,15538,13577,8004,1,22104,4736,5304,1.0,27:08,2015,2016
2015-16,201162,Jared Dudley,Jared,1610612764,WAS,Washington Wizards,21500617,2016-01-18T00:00:00,WAS vs. POR,L,37.0,5.0,0.0,0.0,0.0,5.0,14.0,4.0,22.0,0.0,0.0,3.0,2.0,20.2,1,13074,13074,13074,2106,1603,10158,9917,18861,8403,24300,8806,10265,8004,1,17641,7786,11610,1.0,36:58,2015,2016
2015-16,203939,Dwight Powell,Dwight,1610612742,DAL,Dallas Mavericks,21500623,2016-01-18T00:00:00,DAL vs. BOS,W,17.0,2.0,0.0,2.0,4.0,8.0,5.0,4.0,20.0,1.0,0.0,1.0,0.0,15.3,1,1,1,1,18254,6026,10158,4675,8599,13914,11469,8806,11929,2692,1,4972,18762,15150,1.0,17:01,2015,2016
2015-16,203084,Harrison Barnes,Harrison,1610612744,GSW,Golden State Warriors,21500622,2016-01-18T00:00:00,GSW @ CLE,W,27.4,0.0,0.0,0.0,2.0,6.0,4.0,2.0,28.0,0.0,0.0,1.0,2.0,12.4,1,1,1,1,9678,12059,10158,9917,12984,10028,8458,4025,5824,8004,1,4972,7786,17418,1.0,27:25,2015,2016
2015-16,2738,Andre Iguodala,Andre,1610612744,GSW,Golden State Warriors,21500622,2016-01-18T00:00:00,GSW @ CLE,W,24.1,7.0,0.0,6.0,6.0,6.0,0.0,2.0,18.0,0.0,0.0,1.0,2.0,30.1,1,1,1,1,12453,548,10158,740,5299,10028,1,4025,13577,8004,1,4972,7786,5794,1.0,24:06,2015,2016
2015-16,202694,Marcus Morris Sr.,Marcus,1610612765,DET,Detroit Pistons,21500619,2016-01-18T00:00:00,DET vs. CHI,L,38.4,2.0,2.0,0.0,4.0,7.0,6.0,4.0,26.0,0.0,0.0,2.0,2.0,26.2,1,13074,13074,13074,1325,6026,4731,9917,8599,12242,13237,8806,7214,8004,1,11390,7786,7785,1.0,38:24,2015,2016
2015-16,203499,Shane Larkin,Shane,1610612751,BKN,Brooklyn Nets,21500621,2016-01-18T00:00:00,BKN @ TOR,L,20.5,0.0,2.0,0.0,6.0,12.0,1.0,8.0,14.0,0.0,0.0,1.0,0.0,15.5,1,13074,13074,13074,15473,12059,4731,9917,5299,20178,3393,17194,17019,8004,1,4972,18762,15004,1.0,20:31,2015,2016
2015-16,201600,Omer Asik,Omer,1610612740,NOP,New Orleans Pelicans,21500618,2016-01-18T00:00:00,NOP @ MEM,L,20.3,0.0,4.0,0.0,8.0,6.0,7.0,4.0,18.0,0.0,0.0,2.0,2.0,15.2,1,13074,13074,13074,15678,12059,1596,9917,3109,10028,15642,8806,13577,8004,1,11390,7786,15219,1.0,20:15,2015,2016
2015-16,202389,Timofey Mozgov,Timofey,1610612739,CLE,Cleveland Cavaliers,21500622,2016-01-18T00:00:00,CLE vs. GSW,L,14.7,0.0,2.0,0.0,4.0,4.0,0.0,4.0,12.0,1.0,1.0,5.0,1.0,11.6,1,13074,13074,13074,19960,12059,4731,9917,8599,6141,1,8806,18637,2692,17214,24686,12373,17970,1.0,14:42,2015,2016
2015-16,201599,DeAndre Jordan,DeAndre,1610612746,LAC,LA Clippers,21500624,2016-01-18T00:00:00,LAC vs. HOU,W,41.0,1.0,4.0,0.0,12.0,12.0,9.0,21.0,50.0,2.0,1.0,4.0,8.0,40.0,1,1,1,1,483,11535,1596,9917,988,20178,19144,25725,107,932,17214,22104,254,2364,1.0,41:01,2015,2016
2015-16,202334,Ed Davis,Ed,1610612757,POR,Portland Trail Blazers,21500617,2016-01-18T00:00:00,POR @ WAS,W,22.6,0.0,3.0,0.0,2.0,5.0,0.0,3.0,10.0,0.0,1.0,1.0,4.0,20.9,1,1,1,1,13686,12059,3104,9917,12984,8403,1,7328,20209,8004,17214,4972,2748,11132,1.0,22:37,2015,2016
2015-16,203094,Andrew Nicholson,Andrew,1610612753,ORL,Orlando Magic,21500620,2016-01-18T00:00:00,ORL @ ATL,L,9.3,0.0,0.0,0.0,0.0,0.0,0.0,0.0,10.0,0.0,0.0,2.0,0.0,2.9,1,13074,13074,13074,22703,12059,10158,9917,18861,1,1,1,20209,8004,1,11390,18762,23852,1.0,9:19,2015,2016
2015-16,1626171,Bobby Portis,Bobby,1610612741,CHI,Chicago Bulls,21500619,2016-01-18T00:00:00,CHI @ DET,W,3.2,0.0,0.0,0.0,0.0,0.0,0.0,0.0,6.0,0.0,0.0,0.0,0.0,2.4,1,1,1,1,25064,12059,10158,9917,18861,1,1,1,22724,8004,1,1,18762,24024,1.0,3:10,2015,2016
2015-16,1626162,Kelly Oubre Jr.,Kelly,1610612764,WAS,Washington Wizards,21500617,2016-01-18T00:00:00,WAS vs. POR,L,11.6,0.0,0.0,0.0,0.0,0.0,0.0,0.0,6.0,0.0,0.0,1.0,1.0,2.4,1,13074,13074,13074,21775,12059,10158,9917,18861,1,1,1,22724,8004,1,4972,12373,24024,1.0,11:36,2015,2016
2015-16,201160,Jason Smith,Jason,1610612753,ORL,Orlando Magic,21500620,2016-01-18T00:00:00,ORL @ ATL,L,17.6,0.0,0.0,0.0,0.0,6.0,2.0,7.0,20.0,0.0,0.0,1.0,0.0,8.6,1,13074,13074,13074,17846,12059,10158,9917,18861,10028,3734,15538,11929,8004,1,4972,18762,20125,1.0,17:34,2015,2016
2015-16,203900,Markel Brown,Markel,1610612751,BKN,Brooklyn Nets,21500621,2016-01-18T00:00:00,BKN @ TOR,L,6.2,0.0,2.0,0.0,0.0,2.0,0.0,0.0,4.0,0.0,0.0,1.0,1.0,2.0,1,13074,13074,13074,23897,12059,4731,9917,18861,2619,1,1,23698,8004,1,4972,12373,24216,1.0,6:10,2015,2016
2015-16,1626149,Montrezl Harrell,Montrezl,1610612745,HOU,Houston Rockets,21500624,2016-01-18T00:00:00,HOU @ LAC,L,4.8,2.0,0.0,2.0,0.0,0.0,3.0,0.0,4.0,0.0,0.0,0.0,1.0,2.0,1,13074,13074,13074,24436,6026,10158,4675,18861,1,7138,1,23698,8004,1,1,12373,24216,1.0,4:47,2015,2016
2015-16,203894,Shabazz Napier,Shabazz,1610612753,ORL,Orlando Magic,21500620,2016-01-18T00:00:00,ORL @ ATL,L,12.2,3.0,0.0,0.0,0.0,0.0,2.0,5.0,14.0,0.0,0.0,0.0,1.0,8.0,1,13074,13074,13074,21425,4307,10158,9917,18861,1,3734,11593,17019,8004,1,1,12373,20564,1.0,12:12,2015,2016
2015-16,201168,Tiago Splitter,Tiago,1610612737,ATL,Atlanta Hawks,21500620,2016-01-18T00:00:00,ATL vs. ORL,W,16.7,0.0,0.0,2.0,10.0,4.0,4.0,2.0,12.0,1.0,1.0,2.0,0.0,18.3,1,1,1,1,18485,12059,10158,4675,1840,6141,8458,4025,18637,2692,17214,11390,18762,12952,1.0,16:44,2015,2016
2015-16,201949,James Johnson,James,1610612761,TOR,Toronto Raptors,21500621,2016-01-18T00:00:00,TOR vs. BKN,W,18.7,3.0,0.0,0.0,2.0,2.0,0.0,10.0,18.0,0.0,0.0,1.0,0.0,8.2,1,1,1,1,16960,4307,10158,9917,12984,2619,1,20169,13577,8004,1,4972,18762,20416,1.0,18:41,2015,2016
2015-16,203200,Justin Holiday,Justin,1610612737,ATL,Atlanta Hawks,21500620,2016-01-18T00:00:00,ATL vs. ORL,W,6.5,0.0,0.0,0.0,0.0,0.0,4.0,2.0,8.0,0.0,0.0,2.0,2.0,2.2,1,1,1,1,23764,12059,10158,9917,18861,1,8458,4025,21543,8004,1,11390,7786,24138,1.0,6:27,2015,2016
2015-16,2734,Devin Harris,Devin,1610612742,DAL,Dallas Mavericks,21500623,2016-01-18T00:00:00,DAL vs. BOS,W,21.4,0.0,0.0,0.0,0.0,13.0,7.0,17.0,26.0,0.0,0.0,4.0,2.0,13.2,1,1,1,1,14688,12059,10158,9917,18861,21300,15642,24967,7214,8004,1,22104,7786,16768,1.0,21:25,2015,2016
2015-16,204060,Joe Ingles,Joe,1610612762,UTA,Utah Jazz,21500616,2016-01-18T00:00:00,UTA @ CHA,L,14.0,0.0,0.0,0.0,0.0,5.0,3.0,0.0,12.0,0.0,0.0,2.0,2.0,7.7,1,13074,13074,13074,20424,12059,10158,9917,18861,8403,7138,1,18637,8004,1,11390,7786,20733,1.0,13:59,2015,2016
2015-16,204038,Langston Galloway,Langston,1610612752,NYK,New York Knicks,21500615,2016-01-18T00:00:00,NYK vs. PHI,W,23.6,0.0,0.0,0.0,6.0,9.0,5.0,12.0,26.0,1.0,0.0,3.0,0.0,18.1,1,1,1,1,12920,12059,10158,9917,5299,15771,11469,22259,7214,2692,1,17641,18762,13090,1.0,23:34,2015,2016
2015-16,200826,J.J. Barea,J.J.,1610612742,DAL,Dallas Mavericks,21500623,2016-01-18T00:00:00,DAL vs. BOS,W,16.0,2.0,0.0,2.0,4.0,4.0,5.0,4.0,14.0,0.0,0.0,0.0,1.0,7.7,1,1,1,1,19075,6026,10158,4675,8599,6141,11469,8806,17019,8004,1,1,12373,20733,1.0,15:57,2015,2016
2015-16,203143,Pablo Prigioni,Pablo,1610612746,LAC,LA Clippers,21500624,2016-01-18T00:00:00,LAC vs. HOU,W,10.5,0.0,0.0,0.0,0.0,8.0,5.0,10.0,16.0,0.0,0.0,1.0,1.0,2.7,1,1,1,1,22235,12059,10158,9917,18861,13914,11469,20169,15259,8004,1,4972,12373,23884,1.0,10:29,2015,2016
2015-16,201575,Brandon Rush,Brandon,1610612744,GSW,Golden State Warriors,21500622,2016-01-18T00:00:00,GSW @ CLE,W,9.8,0.0,0.0,3.0,0.0,2.0,2.0,0.0,8.0,0.0,1.0,1.0,0.0,8.1,1,1,1,1,22537,12059,10158,3302,18861,2619,3734,1,21543,8004,17214,4972,18762,20521,1.0,9:46,2015,2016
2015-16,203210,JaMychal Green,JaMychal,1610612763,MEM,Memphis Grizzlies,21500618,2016-01-18T00:00:00,MEM vs. NOP,W,4.5,0.0,0.0,0.0,4.0,0.0,2.0,0.0,2.0,1.0,0.0,0.0,2.0,8.0,1,1,1,1,24561,12059,10158,9917,8599,1,3734,1,24614,2692,1,1,7786,20564,1.0,4:27,2015,2016
2015-16,203526,Raul Neto,Raul,1610612762,UTA,Utah Jazz,21500616,2016-01-18T00:00:00,UTA @ CHA,L,22.3,0.0,3.0,0.0,0.0,3.0,2.0,1.0,10.0,0.0,0.0,1.0,1.0,12.5,1,13074,13074,13074,13936,12059,3104,9917,18861,5109,3734,3646,20209,8004,1,4972,12373,17372,1.0,22:16,2015,2016
2015-16,201943,Brandon Jennings,Brandon,1610612765,DET,Detroit Pistons,21500619,2016-01-18T00:00:00,DET vs. CHI,L,15.7,0.0,0.0,0.0,2.0,10.0,7.0,2.0,12.0,0.0,1.0,0.0,1.0,7.6,1,13074,13074,13074,19308,12059,10158,9917,12984,17370,15642,4025,18637,8004,17214,1,12373,20803,1.0,15:39,2015,2016
2015-16,203095,Evan Fournier,Evan,1610612753,ORL,Orlando Magic,21500620,2016-01-18T00:00:00,ORL @ ATL,L,24.1,0.0,0.0,3.0,0.0,7.0,3.0,8.0,22.0,0.0,0.0,3.0,0.0,13.2,1,13074,13074,13074,12470,12059,10158,3302,18861,12242,7138,17194,10265,8004,1,17641,18762,16768,1.0,24:05,2015,2016
2015-16,2571,Leandro Barbosa,Leandro,1610612744,GSW,Golden State Warriors,21500622,2016-01-18T00:00:00,GSW @ CLE,W,19.1,2.0,2.0,2.0,2.0,2.0,0.0,2.0,12.0,0.0,1.0,1.0,1.0,21.2,1,1,1,1,16592,6026,4731,4675,12984,2619,1,4025,18637,8004,17214,4972,12373,10936,1.0,19:08,2015,2016
2015-16,203382,Aron Baynes,Aron,1610612765,DET,Detroit Pistons,21500619,2016-01-18T00:00:00,DET vs. CHI,L,14.2,0.0,2.0,0.0,8.0,7.0,10.0,2.0,10.0,0.0,0.0,2.0,0.0,8.0,1,13074,13074,13074,20269,12059,4731,9917,3109,12242,20509,4025,20209,8004,1,11390,18762,20564,1.0,14:13,2015,2016
2015-16,202681,Kyrie Irving,Kyrie,1610612739,CLE,Cleveland Cavaliers,21500622,2016-01-18T00:00:00,CLE vs. GSW,L,22.6,0.0,0.0,0.0,0.0,13.0,0.0,12.0,28.0,0.0,0.0,0.0,1.0,16.5,1,13074,13074,13074,13689,12059,10158,9917,18861,21300,1,22259,5824,8004,1,1,12373,14224,1.0,22:36,2015,2016
2015-16,1713,Vince Carter,Vince,1610612763,MEM,Memphis Grizzlies,21500618,2016-01-18T00:00:00,MEM vs. NOP,W,12.7,0.0,0.0,0.0,0.0,0.0,2.0,0.0,6.0,0.0,0.0,0.0,0.0,2.4,1,1,1,1,21121,12059,10158,9917,18861,1,3734,1,22724,8004,1,1,18762,24024,1.0,12:43,2015,2016
2015-16,2754,Tony Allen,Tony,1610612763,MEM,Memphis Grizzlies,21500618,2016-01-18T00:00:00,MEM vs. NOP,W,24.3,2.0,0.0,2.0,4.0,9.0,4.0,7.0,22.0,0.0,0.0,4.0,1.0,18.5,1,1,1,1,12331,6026,10158,4675,8599,15771,8458,15538,10265,8004,1,22104,12373,12794,1.0,24:17,2015,2016
2015-16,202390,Gary Neal,Gary,1610612764,WAS,Washington Wizards,21500617,2016-01-18T00:00:00,WAS vs. POR,L,22.2,0.0,0.0,3.0,4.0,8.0,11.0,2.0,20.0,0.0,0.0,1.0,1.0,16.3,1,13074,13074,13074,14034,12059,10158,3302,8599,13914,21814,4025,11929,8004,1,4972,12373,14372,1.0,22:10,2015,2016
2015-16,2760,Anderson Varejao,Anderson,1610612739,CLE,Cleveland Cavaliers,21500622,2016-01-18T00:00:00,CLE vs. GSW,L,17.1,2.0,0.0,0.0,2.0,7.0,0.0,7.0,8.0,0.0,0.0,1.0,4.0,16.3,1,13074,13074,13074,18182,6026,10158,9917,12984,12242,1,15538,21543,8004,1,4972,2748,14372,1.0,17:08,2015,2016
2015-16,202691,Klay Thompson,Klay,1610612744,GSW,Golden State Warriors,21500622,2016-01-18T00:00:00,GSW @ CLE,W,25.8,2.0,0.0,2.0,2.0,4.0,2.0,0.0,22.0,0.0,0.0,3.0,2.0,21.2,1,1,1,1,10980,6026,10158,4675,12984,6141,3734,1,10265,8004,1,17641,7786,10936,1.0,25:50,2015,2016
2015-16,202703,Nikola Mirotic,Nikola,1610612741,CHI,Chicago Bulls,21500619,2016-01-18T00:00:00,CHI @ DET,W,21.2,3.0,5.0,0.0,2.0,5.0,8.0,5.0,22.0,0.0,0.0,0.0,2.0,13.1,1,1,1,1,14918,4307,995,9917,12984,8403,17345,11593,10265,8004,1,1,7786,16874,1.0,21:10,2015,2016
2015-16,202711,Bojan Bogdanović,Bojan,1610612751,BKN,Brooklyn Nets,21500621,2016-01-18T00:00:00,BKN @ TOR,L,22.6,2.0,0.0,2.0,4.0,13.0,1.0,9.0,18.0,0.0,1.0,3.0,1.0,12.9,1,13074,13074,13074,13724,6026,10158,4675,8599,21300,3393,18829,13577,8004,17214,17641,12373,17049,1.0,22:33,2015,2016
2015-16,202498,Lance Thomas,Lance,1610612752,NYK,New York Knicks,21500615,2016-01-18T00:00:00,NYK vs. PHI,W,31.5,2.0,0.0,0.0,8.0,9.0,12.0,17.0,38.0,1.0,0.0,1.0,4.0,20.8,1,1,1,1,6346,6026,10158,9917,3109,15771,22832,24967,1422,2692,1,4972,2748,11195,1.0,31:28,2015,2016
2015-16,203501,Tim Hardaway Jr.,Tim,1610612737,ATL,Atlanta Hawks,21500620,2016-01-18T00:00:00,ATL vs. ORL,W,19.4,2.0,0.0,2.0,0.0,7.0,2.0,6.0,10.0,0.0,0.0,0.0,1.0,16.7,1,1,1,1,16409,6026,10158,4675,18861,12242,3734,13388,20209,8004,1,1,12373,14064,1.0,19:22,2015,2016
2015-16,202083,Wesley Matthews,Wesley,1610612742,DAL,Dallas Mavericks,21500623,2016-01-18T00:00:00,DAL vs. BOS,W,41.5,4.0,2.0,2.0,0.0,12.0,4.0,27.0,34.0,0.0,0.0,2.0,4.0,18.4,1,1,1,1,393,2460,4731,4675,18861,20178,8458,26031,2701,8004,1,11390,2748,12854,1.0,41:27,2015,2016
2015-16,2592,James Jones,James,1610612739,CLE,Cleveland Cavaliers,21500622,2016-01-18T00:00:00,CLE vs. GSW,L,11.2,0.0,0.0,0.0,0.0,5.0,2.0,5.0,6.0,0.0,0.0,4.0,1.0,8.5,1,13074,13074,13074,21937,12059,10158,9917,18861,8403,3734,11593,22724,8004,1,22104,12373,20215,1.0,11:13,2015,2016
2015-16,202687,Bismack Biyombo,Bismack,1610612761,TOR,Toronto Raptors,21500621,2016-01-18T00:00:00,TOR vs. BKN,W,20.5,0.0,1.0,0.0,4.0,8.0,6.0,4.0,24.0,2.0,0.0,4.0,1.0,18.0,1,1,1,1,15511,12059,9709,9917,8599,13914,13237,8806,8723,932,1,22104,12373,13164,1.0,20:28,2015,2016
2015-16,203935,Marcus Smart,Marcus,1610612738,BOS,Boston Celtics,21500623,2016-01-18T00:00:00,BOS @ DAL,L,38.6,3.0,0.0,2.0,12.0,8.0,8.0,4.0,28.0,0.0,1.0,4.0,3.0,39.1,1,13074,13074,13074,1220,4307,10158,4675,988,13914,17345,8806,5824,8004,17214,22104,4736,2616,1.0,38:36,2015,2016
2015-16,203083,Andre Drummond,Andre,1610612765,DET,Detroit Pistons,21500619,2016-01-18T00:00:00,DET vs. CHI,L,33.8,0.0,6.0,1.0,10.0,7.0,6.0,4.0,24.0,1.0,0.0,5.0,5.0,39.2,1,13074,13074,13074,4521,12059,481,9347,1840,12242,13237,8806,8723,2692,1,24686,1539,2590,1.0,33:47,2015,2016
2015-16,2594,Kyle Korver,Kyle,1610612737,ATL,Atlanta Hawks,21500620,2016-01-18T00:00:00,ATL vs. ORL,W,20.8,0.0,3.0,0.0,0.0,2.0,3.0,4.0,14.0,0.0,0.0,2.0,1.0,13.8,1,1,1,1,15255,12059,3104,9917,18861,2619,7138,8806,17019,8004,1,11390,12373,16311,1.0,20:47,2015,2016
2015-16,201935,James Harden,James,1610612745,HOU,Houston Rockets,21500624,2016-01-18T00:00:00,HOU @ LAC,L,40.4,0.0,0.0,3.0,4.0,16.0,12.0,20.0,26.0,0.0,2.0,4.0,6.0,32.6,1,13074,13074,13074,638,12059,10158,3302,8599,23774,22832,25599,7214,8004,23588,22104,873,4687,1.0,40:21,2015,2016
2015-16,2037,Jamal Crawford,Jamal,1610612746,LAC,LA Clippers,21500624,2016-01-18T00:00:00,LAC vs. HOU,W,36.1,0.0,0.0,2.0,12.0,13.0,15.0,16.0,54.0,0.0,1.0,0.0,2.0,27.5,1,1,1,1,2645,12059,10158,4675,988,21300,24781,24641,35,8004,17214,1,7786,7137,1.0,36:09,2015,2016
2015-16,202340,Avery Bradley,Avery,1610612738,BOS,Boston Celtics,21500623,2016-01-18T00:00:00,BOS @ DAL,L,42.6,4.0,0.0,9.0,0.0,9.0,16.0,2.0,22.0,0.0,0.0,3.0,3.0,39.1,1,13074,13074,13074,244,2460,10158,184,18861,15771,25155,4025,10265,8004,1,17641,4736,2616,1.0,42:33,2015,2016
2015-16,203471,Dennis Schröder,Dennis,1610612737,ATL,Atlanta Hawks,21500620,2016-01-18T00:00:00,ATL vs. ORL,W,17.9,0.0,0.0,0.0,4.0,9.0,6.0,6.0,8.0,0.0,2.0,1.0,0.0,17.4,1,1,1,1,17632,12059,10158,9917,8599,15771,13237,13388,21543,8004,23588,4972,18762,13595,1.0,17:51,2015,2016
2015-16,2544,LeBron James,LeBron,1610612739,CLE,Cleveland Cavaliers,21500622,2016-01-18T00:00:00,CLE vs. GSW,L,32.9,4.0,0.0,2.0,14.0,14.0,2.0,10.0,32.0,1.0,1.0,1.0,5.0,32.5,1,13074,13074,13074,5218,2460,10158,4675,542,22292,3734,20169,3535,2692,17214,4972,1539,4726,1.0,32:53,2015,2016
2015-16,2546,Carmelo Anthony,Carmelo,1610612752,NYK,New York Knicks,21500615,2016-01-18T00:00:00,NYK vs. PHI,W,49.2,0.0,5.0,0.0,6.0,5.0,14.0,12.0,46.0,0.0,6.0,2.0,5.0,37.9,1,1,1,1,16,12059,995,9917,5299,8403,24300,22259,298,8004,26070,11390,1539,2931,1.0,49:11,2015,2016
2015-16,1626143,Jahlil Okafor,Jahlil,1610612755,PHI,Philadelphia 76ers,21500615,2016-01-18T00:00:00,PHI @ NYK,L,25.7,2.0,2.0,2.0,14.0,8.0,8.0,4.0,22.0,2.0,1.0,2.0,3.0,39.4,1,13074,13074,13074,11157,6026,4731,4675,542,13914,17345,8806,10265,932,17214,11390,4736,2530,1.0,25:39,2015,2016
2015-16,203477,Isaiah Canaan,Isaiah,1610612755,PHI,Philadelphia 76ers,21500615,2016-01-18T00:00:00,PHI @ NYK,L,24.2,0.0,5.0,0.0,2.0,4.0,11.0,2.0,26.0,0.0,1.0,3.0,3.0,22.5,1,13074,13074,13074,12393,12059,995,9917,12984,6141,21814,4025,7214,8004,17214,17641,4736,10082,1.0,24:11,2015,2016
2015-16,203468,CJ McCollum,CJ,1610612757,POR,Portland Trail Blazers,21500617,2016-01-18T00:00:00,POR @ WAS,W,34.2,3.0,3.0,0.0,0.0,8.0,2.0,2.0,16.0,0.0,0.0,2.0,4.0,28.4,1,1,1,1,4165,4307,3104,9917,18861,13914,3734,4025,15259,8004,1,11390,2748,6663,1.0,34:13,2015,2016
2015-16,203099,Jared Cunningham,Jared,1610612739,CLE,Cleveland Cavaliers,21500622,2016-01-18T00:00:00,CLE vs. GSW,L,12.0,0.0,2.0,0.0,6.0,5.0,0.0,5.0,2.0,0.0,0.0,1.0,2.0,14.1,1,13074,13074,13074,21529,12059,4731,9917,5299,8403,1,11593,24614,8004,1,4972,7786,16094,1.0,12:00,2015,2016
2015-16,202685,Jonas Valančiūnas,Jonas,1610612761,TOR,Toronto Raptors,21500621,2016-01-18T00:00:00,TOR vs. BKN,W,26.8,0.0,4.0,0.0,6.0,3.0,4.0,10.0,26.0,1.0,0.0,3.0,0.0,28.4,1,1,1,1,10233,12059,1596,9917,5299,5109,8458,20169,7214,2692,1,17641,18762,6663,1.0,26:46,2015,2016
2015-16,203078,Bradley Beal,Bradley,1610612764,WAS,Washington Wizards,21500617,2016-01-18T00:00:00,WAS vs. POR,L,24.4,0.0,0.0,0.0,2.0,8.0,9.0,4.0,14.0,0.0,0.0,1.0,4.0,27.7,1,13074,13074,13074,12193,12059,10158,9917,12984,13914,19144,8806,17019,8004,1,4972,2748,7008,1.0,24:26,2015,2016
2015-16,1718,Paul Pierce,Paul,1610612746,LAC,LA Clippers,21500624,2016-01-18T00:00:00,LAC vs. HOU,W,25.9,0.0,0.0,0.0,0.0,3.0,3.0,9.0,26.0,1.0,1.0,4.0,1.0,22.5,1,1,1,1,10886,12059,10158,9917,18861,5109,7138,18829,7214,2692,17214,22104,12373,10082,1.0,25:57,2015,2016
2015-16,201569,Eric Gordon,Eric,1610612740,NOP,New Orleans Pelicans,21500618,2016-01-18T00:00:00,NOP @ MEM,L,37.3,0.0,0.0,0.0,0.0,10.0,9.0,8.0,28.0,0.0,0.0,3.0,4.0,16.9,1,13074,13074,13074,1910,12059,10158,9917,18861,17370,19144,17194,5824,8004,1,17641,2748,13911,1.0,37:16,2015,2016
2015-16,203082,Terrence Ross,Terrence,1610612761,TOR,Toronto Raptors,21500621,2016-01-18T00:00:00,TOR vs. BKN,W,24.2,6.0,0.0,6.0,6.0,8.0,10.0,2.0,26.0,0.0,0.0,0.0,1.0,17.7,1,1,1,1,12379,878,10158,740,5299,13914,20509,4025,7214,8004,1,1,12373,13380,1.0,24:12,2015,2016
2015-16,2403,Nene,ene,1610612764,WAS,Washington Wizards,21500617,2016-01-18T00:00:00,WAS vs. POR,L,17.4,0.0,0.0,0.0,4.0,8.0,6.0,2.0,12.0,1.0,0.0,2.0,0.0,17.1,1,13074,13074,13074,17986,12059,10158,9917,8599,13914,13237,4025,18637,2692,1,11390,18762,13791,1.0,17:22,2015,2016
2015-16,201583,Ryan Anderson,Ryan,1610612740,NOP,New Orleans Pelicans,21500618,2016-01-18T00:00:00,NOP @ MEM,L,26.8,0.0,2.0,0.0,2.0,2.0,4.0,7.0,18.0,0.0,1.0,3.0,1.0,21.8,1,13074,13074,13074,10199,12059,4731,9917,12984,2619,8458,15538,13577,8004,17214,17641,12373,10526,1.0,26:47,2015,2016
2015-16,201952,Jeff Teague,Jeff,1610612737,ATL,Atlanta Hawks,21500620,2016-01-18T00:00:00,ATL vs. ORL,W,23.8,3.0,0.0,6.0,4.0,2.0,3.0,4.0,16.0,0.0,0.0,3.0,4.0,21.8,1,1,1,1,12744,4307,10158,740,8599,2619,7138,8806,15259,8004,1,17641,2748,10526,1.0,23:48,2015,2016
2015-16,201196,Ramon Sessions,Ramon,1610612764,WAS,Washington Wizards,21500617,2016-01-18T00:00:00,WAS vs. POR,L,21.8,0.0,0.0,0.0,4.0,5.0,5.0,2.0,10.0,0.0,0.0,1.0,3.0,17.1,1,13074,13074,13074,14364,12059,10158,9917,8599,8403,11469,4025,20209,8004,1,4972,4736,13791,1.0,21:46,2015,2016
2015-16,203459,Allen Crabbe,Allen,1610612757,POR,Portland Trail Blazers,21500617,2016-01-18T00:00:00,POR @ WAS,W,30.9,5.0,0.0,2.0,2.0,7.0,4.0,8.0,24.0,0.0,0.0,6.0,0.0,28.3,1,1,1,1,6772,1603,10158,4675,12984,12242,8458,17194,8723,8004,1,25827,18762,6720,1.0,30:57,2015,2016
2015-16,201967,Dante Cunningham,Dante,1610612740,NOP,New Orleans Pelicans,21500618,2016-01-18T00:00:00,NOP @ MEM,L,24.3,2.0,0.0,3.0,2.0,6.0,9.0,4.0,22.0,2.0,0.0,3.0,1.0,17.2,1,13074,13074,13074,12295,6026,10158,3302,12984,10028,19144,8806,10265,932,1,17641,12373,13725,1.0,24:19,2015,2016
2015-16,202335,Patrick Patterson,Patrick,1610612761,TOR,Toronto Raptors,21500621,2016-01-18T00:00:00,TOR vs. BKN,W,32.7,0.0,0.0,0.0,4.0,9.0,10.0,6.0,36.0,1.0,0.0,0.0,0.0,21.8,1,1,1,1,5370,12059,10158,9917,8599,15771,20509,13388,1943,2692,1,1,18762,10526,1.0,32:40,2015,2016
2015-16,203118,Mike Scott,Mike,1610612737,ATL,Atlanta Hawks,21500620,2016-01-18T00:00:00,ATL vs. ORL,W,18.2,0.0,2.0,0.0,6.0,7.0,4.0,6.0,10.0,0.0,0.0,3.0,0.0,17.2,1,1,1,1,17386,12059,4731,9917,5299,12242,8458,13388,20209,8004,1,17641,18762,13725,1.0,18:09,2015,2016
2015-16,101112,Channing Frye,Channing,1610612753,ORL,Orlando Magic,21500620,2016-01-18T00:00:00,ORL @ ATL,L,17.8,0.0,0.0,0.0,2.0,7.0,3.0,8.0,18.0,2.0,0.0,2.0,1.0,17.3,1,13074,13074,13074,17684,12059,10158,9917,12984,12242,7138,17194,13577,932,1,11390,12373,13671,1.0,17:47,2015,2016
2015-16,101109,Raymond Felton,Raymond,1610612742,DAL,Dallas Mavericks,21500623,2016-01-18T00:00:00,DAL vs. BOS,W,28.8,2.0,0.0,0.0,10.0,10.0,7.0,18.0,34.0,0.0,2.0,4.0,1.0,22.6,1,1,1,1,8533,6026,10158,9917,1840,17370,15642,25228,2701,8004,23588,22104,12373,10000,1.0,28:48,2015,2016
2015-16,203484,Kentavious Caldwell-Pope,Kentavious,1610612765,DET,Detroit Pistons,21500619,2016-01-18T00:00:00,DET vs. CHI,L,32.5,4.0,0.0,12.0,6.0,11.0,13.0,6.0,18.0,0.0,3.0,2.0,2.0,28.0,1,13074,13074,13074,5501,2460,10158,42,5299,18886,23668,13388,13577,8004,25441,11390,7786,6864,1.0,32:30,2015,2016
2015-16,203924,Jerami Grant,Jerami,1610612755,PHI,Philadelphia 76ers,21500615,2016-01-18T00:00:00,PHI @ NYK,L,14.5,4.0,0.0,6.0,2.0,2.0,4.0,0.0,16.0,0.0,0.0,5.0,3.0,13.7,1,13074,13074,13074,20099,2460,10158,740,12984,2619,8458,1,15259,8004,1,24686,4736,16393,1.0,14:31,2015,2016
2015-16,201951,Ty Lawson,Ty,1610612745,HOU,Houston Rockets,21500624,2016-01-18T00:00:00,HOU @ LAC,L,22.0,0.0,0.0,0.0,0.0,9.0,15.0,11.0,24.0,0.0,0.0,3.0,1.0,17.7,1,13074,13074,13074,14179,12059,10158,9917,18861,15771,24781,21342,8723,8004,1,17641,12373,13380,1.0,21:59,2015,2016
2015-16,203991,Clint Capela,Clint,1610612745,HOU,Houston Rockets,21500624,2016-01-18T00:00:00,HOU @ LAC,L,16.8,0.0,0.0,2.0,6.0,2.0,4.0,6.0,10.0,1.0,1.0,3.0,3.0,13.6,1,13074,13074,13074,18435,12059,10158,4675,5299,2619,8458,13388,20209,2692,17214,17641,4736,16460,1.0,16:47,2015,2016
2015-16,101141,Ersan Ilyasova,Ersan,1610612765,DET,Detroit Pistons,21500619,2016-01-18T00:00:00,DET vs. CHI,L,35.2,0.0,3.0,0.0,6.0,12.0,14.0,2.0,26.0,1.0,1.0,2.0,1.0,39.7,1,13074,13074,13074,3357,12059,3104,9917,5299,20178,24300,4025,7214,2692,17214,11390,12373,2451,1.0,35:14,2015,2016
2015-16,1626168,Trey Lyles,Trey,1610612762,UTA,Utah Jazz,21500616,2016-01-18T00:00:00,UTA @ CHA,L,26.8,0.0,0.0,0.0,0.0,5.0,3.0,3.0,14.0,2.0,2.0,1.0,0.0,22.6,1,13074,13074,13074,10184,12059,10158,9917,18861,8403,7138,7328,17019,932,23588,4972,18762,10000,1.0,26:48,2015,2016
2015-16,202696,Nikola Vučević,Nikola,1610612753,ORL,Orlando Magic,21500620,2016-01-18T00:00:00,ORL @ ATL,L,26.9,0.0,5.0,1.0,2.0,7.0,3.0,8.0,28.0,1.0,2.0,1.0,3.0,28.7,1,13074,13074,13074,10113,12059,995,9347,12984,12242,7138,17194,5824,2692,23588,4972,4736,6514,1.0,26:54,2015,2016
2015-16,203486,Mason Plumlee,Mason,1610612757,POR,Portland Trail Blazers,21500617,2016-01-18T00:00:00,POR @ WAS,W,23.7,2.0,2.0,0.0,10.0,7.0,4.0,7.0,20.0,1.0,1.0,3.0,3.0,37.7,1,1,1,1,12804,6026,4731,9917,1840,12242,8458,15538,11929,2692,17214,17641,4736,2990,1.0,23:43,2015,2016
2015-16,203952,Andrew Wiggins,Andrew,1610612750,MIN,Minnesota Timberwolves,21500610,2016-01-17T00:00:00,MIN vs. PHX,W,28.2,4.0,2.0,4.0,14.0,8.0,10.0,7.0,26.0,0.0,0.0,2.0,2.0,27.8,1,1,1,1,9110,2460,4731,1913,542,13914,20509,15538,7214,8004,1,11390,7786,6950,1.0,28:09,2015,2016
2015-16,203922,Glenn Robinson III,Glenn,1610612754,IND,Indiana Pacers,21500613,2016-01-17T00:00:00,IND @ DEN,L,16.5,5.0,0.0,4.0,2.0,8.0,7.0,9.0,22.0,1.0,1.0,1.0,3.0,14.0,1,13074,13074,13074,18640,1603,10158,1913,12984,13914,15642,18829,10265,2692,17214,4972,4736,16166,1.0,16:31,2015,2016
2015-16,2755,Kevin Martin,Kevin,1610612750,MIN,Minnesota Timberwolves,21500610,2016-01-17T00:00:00,MIN vs. PHX,W,15.7,0.0,0.0,2.0,4.0,1.0,4.0,0.0,14.0,0.0,0.0,3.0,3.0,14.0,1,1,1,1,19239,12059,10158,4675,8599,2356,8458,1,17019,8004,1,17641,4736,16166,1.0,15:45,2015,2016
2015-16,200751,Randy Foye,Randy,1610612743,DEN,Denver Nuggets,21500613,2016-01-17T00:00:00,DEN vs. IND,W,16.6,0.0,2.0,0.0,2.0,6.0,2.0,9.0,14.0,1.0,1.0,1.0,2.0,27.6,1,1,1,1,18603,12059,4731,9917,12984,10028,3734,18829,17019,2692,17214,4972,7786,7080,1.0,16:34,2015,2016
2015-16,201589,Darrell Arthur,Darrell,1610612743,DEN,Denver Nuggets,21500613,2016-01-17T00:00:00,DEN vs. IND,W,22.8,0.0,2.0,0.0,0.0,9.0,4.0,12.0,14.0,0.0,1.0,2.0,0.0,22.0,1,1,1,1,13570,12059,4731,9917,18861,15771,8458,22259,17019,8004,17214,11390,18762,10388,1.0,22:45,2015,2016
2015-16,202702,Kenneth Faried,Kenneth,1610612743,DEN,Denver Nuggets,21500613,2016-01-17T00:00:00,DEN vs. IND,W,26.9,2.0,6.0,2.0,10.0,20.0,13.0,4.0,24.0,0.0,0.0,1.0,4.0,28.3,1,1,1,1,10099,6026,481,4675,1840,25338,23668,8806,8723,8004,1,4972,2748,6720,1.0,26:54,2015,2016
2015-16,200782,P.J. Tucker,P.J.,1610612756,PHX,Phoenix Suns,21500610,2016-01-17T00:00:00,PHX @ MIN,L,29.3,0.0,0.0,1.0,0.0,16.0,2.0,7.0,26.0,0.0,2.0,2.0,2.0,21.9,1,13074,13074,13074,8167,12059,10158,9347,18861,23774,3734,15538,7214,8004,23588,11390,7786,10460,1.0,29:15,2015,2016
2015-16,203933,T.J. Warren,T.J.,1610612756,PHX,Phoenix Suns,21500610,2016-01-17T00:00:00,PHX @ MIN,L,21.0,2.0,3.0,0.0,6.0,12.0,4.0,5.0,24.0,2.0,0.0,3.0,2.0,16.9,1,13074,13074,13074,15039,6026,3104,9917,5299,20178,8458,11593,8723,932,1,17641,7786,13911,1.0,21:01,2015,2016
2015-16,202357,Nemanja Bjelica,Nemanja,1610612750,MIN,Minnesota Timberwolves,21500610,2016-01-17T00:00:00,MIN vs. PHX,W,22.7,3.0,0.0,0.0,0.0,10.0,4.0,3.0,12.0,1.0,0.0,5.0,2.0,13.9,1,1,1,1,13607,4307,10158,9917,18861,17370,8458,7328,18637,2692,1,24686,7786,16232,1.0,22:42,2015,2016
2015-16,201568,Danilo Gallinari,Danilo,1610612743,DEN,Denver Nuggets,21500613,2016-01-17T00:00:00,DEN vs. IND,W,23.1,6.0,7.0,4.0,6.0,16.0,9.0,4.0,20.0,0.0,0.0,6.0,7.0,32.8,1,1,1,1,13297,878,292,1913,5299,23774,19144,8806,11929,8004,1,25827,469,4609,1.0,23:06,2015,2016
2015-16,202083,Wesley Matthews,Wesley,1610612742,DAL,Dallas Mavericks,21500612,2016-01-17T00:00:00,DAL @ SAS,L,26.3,0.0,0.0,0.0,4.0,8.0,4.0,5.0,16.0,0.0,0.0,3.0,2.0,13.7,1,13074,13074,13074,10598,12059,10158,9917,8599,13914,8458,11593,15259,8004,1,17641,7786,16393,1.0,26:18,2015,2016
2015-16,201937,Ricky Rubio,Ricky,1610612750,MIN,Minnesota Timberwolves,21500610,2016-01-17T00:00:00,MIN vs. PHX,W,24.4,5.0,0.0,5.0,4.0,6.0,10.0,5.0,22.0,0.0,0.0,3.0,6.0,27.9,1,1,1,1,12221,1603,10158,1277,8599,10028,20509,11593,10265,8004,1,17641,873,6914,1.0,24:23,2015,2016
2015-16,1717,Dirk Nowitzki,Dirk,1610612742,DAL,Dallas Mavericks,21500612,2016-01-17T00:00:00,DAL @ SAS,L,24.2,0.0,0.0,0.0,4.0,6.0,2.0,3.0,16.0,0.0,1.0,0.0,0.0,13.5,1,13074,13074,13074,12395,12059,10158,9917,8599,10028,3734,7328,15259,8004,17214,1,18762,16552,1.0,24:11,2015,2016
2015-16,101138,Brandon Bass,Brandon,1610612747,LAL,Los Angeles Lakers,21500614,2016-01-17T00:00:00,LAL vs. HOU,L,18.9,0.0,0.0,2.0,4.0,11.0,5.0,2.0,30.0,2.0,0.0,1.0,2.0,17.2,1,13074,13074,13074,16777,12059,10158,4675,8599,18886,11469,4025,4541,932,1,4972,7786,13725,1.0,18:54,2015,2016
2015-16,202683,Enes Freedom,Enes,1610612760,OKC,Oklahoma City Thunder,21500611,2016-01-17T00:00:00,OKC vs. MIA,W,18.5,0.0,2.0,0.0,6.0,6.0,2.0,2.0,10.0,1.0,3.0,1.0,1.0,16.8,1,1,1,1,17099,12059,4731,9917,5299,10028,3734,4025,20209,2692,25441,4972,12373,13996,1.0,18:29,2015,2016
2015-16,101150,Lou Williams,Lou,1610612747,LAL,Los Angeles Lakers,21500614,2016-01-17T00:00:00,LAL vs. HOU,L,31.4,2.0,0.0,2.0,10.0,15.0,13.0,10.0,42.0,0.0,0.0,1.0,4.0,22.7,1,13074,13074,13074,6418,6026,10158,4675,1840,23079,23668,20169,670,8004,1,4972,2748,9938,1.0,31:21,2015,2016
2015-16,202355,Hassan Whiteside,Hassan,1610612748,MIA,Miami Heat,21500611,2016-01-17T00:00:00,MIA @ OKC,L,33.0,2.0,6.0,0.0,8.0,10.0,10.0,10.0,32.0,4.0,0.0,1.0,0.0,39.2,1,13074,13074,13074,5104,6026,481,9917,3109,17370,20509,20169,3535,132,1,4972,18762,2590,1.0,33:01,2015,2016
2015-16,2561,David West,David,1610612759,SAS,San Antonio Spurs,21500612,2016-01-17T00:00:00,SAS vs. DAL,W,13.9,0.0,2.0,0.0,4.0,5.0,0.0,0.0,8.0,1.0,1.0,1.0,1.0,22.0,1,1,1,1,20442,12059,4731,9917,8599,8403,1,1,21543,2692,17214,4972,12373,10388,1.0,13:56,2015,2016
2015-16,2736,Luol Deng,Luol,1610612748,MIA,Miami Heat,21500611,2016-01-17T00:00:00,MIA @ OKC,L,31.1,2.0,0.0,0.0,0.0,18.0,8.0,12.0,38.0,1.0,0.0,1.0,2.0,14.1,1,13074,13074,13074,6670,6026,10158,9917,18861,24749,17345,22259,1422,2692,1,4972,7786,16094,1.0,31:03,2015,2016
2015-16,1938,Manu Ginobili,Manu,1610612759,SAS,San Antonio Spurs,21500612,2016-01-17T00:00:00,SAS vs. DAL,W,18.0,2.0,0.0,0.0,4.0,7.0,0.0,3.0,12.0,0.0,1.0,2.0,1.0,13.6,1,1,1,1,17510,6026,10158,9917,8599,12242,1,7328,18637,8004,17214,11390,12373,16460,1.0,18:00,2015,2016
2015-16,203937,Kyle Anderson,Kyle,1610612759,SAS,San Antonio Spurs,21500612,2016-01-17T00:00:00,SAS vs. DAL,W,11.7,0.0,0.0,2.0,2.0,2.0,3.0,0.0,8.0,0.0,0.0,3.0,1.0,9.7,1,1,1,1,21737,12059,10158,4675,12984,2619,7138,1,21543,8004,1,17641,12373,19379,1.0,11:40,2015,2016
2015-16,2405,Amar'e Stoudemire,Amar'e,1610612748,MIA,Miami Heat,21500611,2016-01-17T00:00:00,MIA @ OKC,L,14.0,0.0,0.0,0.0,0.0,10.0,2.0,4.0,14.0,1.0,0.0,2.0,2.0,9.9,1,13074,13074,13074,20436,12059,10158,9917,18861,17370,3734,8806,17019,2692,1,11390,7786,19247,1.0,13:57,2015,2016
2015-16,2734,Devin Harris,Devin,1610612742,DAL,Dallas Mavericks,21500612,2016-01-17T00:00:00,DAL @ SAS,L,16.4,0.0,0.0,0.0,0.0,2.0,4.0,0.0,12.0,0.0,1.0,1.0,1.0,10.2,1,13074,13074,13074,18762,12059,10158,9917,18861,2619,8458,1,18637,8004,17214,4972,12373,19003,1.0,16:22,2015,2016
2015-16,2225,Tony Parker,Tony,1610612759,SAS,San Antonio Spurs,21500612,2016-01-17T00:00:00,SAS vs. DAL,W,25.5,0.0,0.0,2.0,0.0,2.0,0.0,5.0,14.0,0.0,0.0,2.0,2.0,23.5,1,1,1,1,11337,12059,10158,4675,18861,2619,1,11593,17019,8004,1,11390,7786,9452,1.0,25:27,2015,2016
2015-16,201147,Corey Brewer,Corey,1610612745,HOU,Houston Rockets,21500614,2016-01-17T00:00:00,HOU @ LAL,W,18.3,0.0,0.0,0.0,4.0,6.0,0.0,4.0,18.0,0.0,1.0,1.0,0.0,23.2,1,1,1,1,17234,12059,10158,9917,8599,10028,1,8806,13577,8004,17214,4972,18762,9630,1.0,18:20,2015,2016
2015-16,202718,Chandler Parsons,Chandler,1610612742,DAL,Dallas Mavericks,21500612,2016-01-17T00:00:00,DAL @ SAS,L,28.0,0.0,0.0,3.0,0.0,10.0,6.0,4.0,26.0,0.0,1.0,1.0,3.0,14.3,1,13074,13074,13074,9212,12059,10158,3302,18861,17370,13237,8806,7214,8004,17214,4972,4736,15948,1.0,28:01,2015,2016
2015-16,204020,Tyler Johnson,Tyler,1610612748,MIA,Miami Heat,21500611,2016-01-17T00:00:00,MIA @ OKC,L,38.9,5.0,3.0,0.0,4.0,13.0,10.0,12.0,34.0,0.0,2.0,3.0,2.0,25.2,1,13074,13074,13074,1118,1603,3104,9917,8599,21300,20509,22259,2701,8004,23588,17641,7786,8383,1.0,38:52,2015,2016
2015-16,1626157,Karl-Anthony Towns,Karl-Anthony,1610612750,MIN,Minnesota Timberwolves,21500610,2016-01-17T00:00:00,MIN vs. PHX,W,26.0,2.0,2.0,0.0,4.0,8.0,10.0,7.0,24.0,3.0,0.0,2.0,2.0,35.1,1,1,1,1,10813,6026,4731,9917,8599,13914,20509,15538,8723,347,1,11390,7786,3777,1.0,26:02,2015,2016
2015-16,1626202,Joe Young,Joe,1610612754,IND,Indiana Pacers,21500613,2016-01-17T00:00:00,IND @ DEN,L,18.0,2.0,0.0,5.0,8.0,4.0,17.0,4.0,16.0,0.0,0.0,1.0,1.0,25.7,1,13074,13074,13074,17489,6026,10158,1277,3109,6141,25429,8806,15259,8004,1,4972,12373,8088,1.0,18:02,2015,2016
2015-16,2772,Trevor Ariza,Trevor,1610612745,HOU,Houston Rockets,21500614,2016-01-17T00:00:00,HOU @ LAL,W,24.4,2.0,2.0,5.0,8.0,8.0,2.0,4.0,28.0,0.0,0.0,0.0,2.0,25.4,1,1,1,1,12241,6026,4731,1277,3109,13914,3734,8806,5824,8004,1,1,7786,8273,1.0,24:22,2015,2016
2015-16,203115,Will Barton,Will,1610612743,DEN,Denver Nuggets,21500613,2016-01-17T00:00:00,DEN vs. IND,W,31.5,3.0,2.0,3.0,6.0,13.0,10.0,12.0,28.0,1.0,0.0,3.0,2.0,34.7,1,1,1,1,6352,4307,4731,3302,5299,21300,20509,22259,5824,2692,1,17641,7786,3935,1.0,31:27,2015,2016
2015-16,202379,Jeremy Evans,Jeremy,1610612742,DAL,Dallas Mavericks,21500612,2016-01-17T00:00:00,DAL @ SAS,L,9.2,0.0,2.0,0.0,4.0,6.0,3.0,4.0,16.0,2.0,0.0,3.0,1.0,18.8,1,13074,13074,13074,22773,12059,4731,9917,8599,10028,7138,8806,15259,932,1,17641,12373,12588,1.0,9:10,2015,2016
2015-16,202331,Paul George,Paul,1610612754,IND,Indiana Pacers,21500613,2016-01-17T00:00:00,IND @ DEN,L,36.0,7.0,0.0,0.0,0.0,21.0,16.0,21.0,42.0,0.0,1.0,3.0,7.0,35.1,1,13074,13074,13074,2758,548,10158,9917,18861,25535,25155,25725,670,8004,17214,17641,469,3777,1.0,36:00,2015,2016
2015-16,2564,Boris Diaw,Boris,1610612759,SAS,San Antonio Spurs,21500612,2016-01-17T00:00:00,SAS vs. DAL,W,15.9,2.0,2.0,0.0,8.0,7.0,0.0,0.0,10.0,0.0,0.0,3.0,2.0,26.1,1,1,1,1,19102,6026,4731,9917,3109,12242,1,1,20209,8004,1,17641,7786,7836,1.0,15:55,2015,2016
2015-16,202693,Markieff Morris,Markieff,1610612756,PHX,Phoenix Suns,21500610,2016-01-17T00:00:00,PHX @ MIN,L,33.7,2.0,2.0,2.0,8.0,16.0,6.0,13.0,30.0,0.0,1.0,5.0,4.0,34.5,1,13074,13074,13074,4583,6026,4731,4675,3109,23774,13237,23048,4541,8004,17214,24686,2748,3997,1.0,33:43,2015,2016
2015-16,203914,Gary Harris,Gary,1610612743,DEN,Denver Nuggets,21500613,2016-01-17T00:00:00,DEN vs. IND,W,37.8,2.0,3.0,8.0,12.0,22.0,13.0,10.0,26.0,0.0,0.0,2.0,4.0,25.8,1,1,1,1,1592,6026,3104,280,988,25683,23668,20169,7214,8004,1,11390,2748,8022,1.0,37:49,2015,2016
2015-16,203939,Dwight Powell,Dwight,1610612742,DAL,Dallas Mavericks,21500612,2016-01-17T00:00:00,DAL @ SAS,L,15.5,5.0,0.0,0.0,2.0,6.0,3.0,4.0,20.0,1.0,0.0,2.0,3.0,19.4,1,13074,13074,13074,19386,1603,10158,9917,12984,10028,7138,8806,11929,2692,1,11390,4736,12154,1.0,15:32,2015,2016
2015-16,2419,Tayshaun Prince,Tayshaun,1610612750,MIN,Minnesota Timberwolves,21500610,2016-01-17T00:00:00,MIN vs. PHX,W,26.6,2.0,0.0,0.0,4.0,4.0,11.0,3.0,22.0,2.0,0.0,1.0,1.0,23.3,1,1,1,1,10338,6026,10158,9917,8599,6141,21814,7328,10265,932,1,4972,12373,9567,1.0,26:38,2015,2016
2015-16,203079,Dion Waiters,Dion,1610612760,OKC,Oklahoma City Thunder,21500611,2016-01-17T00:00:00,OKC vs. MIA,W,28.7,5.0,0.0,2.0,6.0,13.0,9.0,0.0,16.0,1.0,0.0,1.0,5.0,25.7,1,1,1,1,8647,1603,10158,4675,5299,21300,19144,1,15259,2692,1,4972,1539,8088,1.0,28:42,2015,2016
2015-16,203613,Jonathon Simmons,Jonathon,1610612759,SAS,San Antonio Spurs,21500612,2016-01-17T00:00:00,SAS vs. DAL,W,15.3,4.0,0.0,2.0,6.0,2.0,3.0,2.0,14.0,0.0,1.0,3.0,2.0,23.6,1,1,1,1,19585,2460,10158,4675,5299,2619,7138,4025,17019,8004,17214,17641,7786,9377,1.0,15:16,2015,2016
2015-16,1626156,D'Angelo Russell,D'Angelo,1610612747,LAL,Los Angeles Lakers,21500614,2016-01-17T00:00:00,LAL vs. HOU,L,29.9,0.0,2.0,5.0,6.0,13.0,5.0,7.0,46.0,0.0,0.0,1.0,1.0,24.9,1,13074,13074,13074,7604,12059,4731,1277,5299,21300,11469,15538,298,8004,1,4972,12373,8553,1.0,29:56,2015,2016
2015-16,2548,Dwyane Wade,Dwyane,1610612748,MIA,Miami Heat,21500611,2016-01-17T00:00:00,MIA @ OKC,L,28.8,6.0,0.0,4.0,14.0,20.0,4.0,14.0,36.0,0.0,2.0,1.0,3.0,24.9,1,13074,13074,13074,8503,878,10158,1913,542,25338,8458,23710,1943,8004,23588,4972,4736,8553,1.0,28:51,2015,2016
2015-16,1626144,Emmanuel Mudiay,Emmanuel,1610612743,DEN,Denver Nuggets,21500613,2016-01-17T00:00:00,DEN vs. IND,W,36.8,2.0,0.0,2.0,8.0,22.0,15.0,9.0,26.0,1.0,1.0,5.0,5.0,28.8,1,1,1,1,2219,6026,10158,4675,3109,25683,24781,18829,7214,2692,17214,24686,1539,6465,1.0,36:49,2015,2016
2015-16,201579,Roy Hibbert,Roy,1610612747,LAL,Los Angeles Lakers,21500614,2016-01-17T00:00:00,LAL vs. HOU,L,25.6,2.0,0.0,0.0,4.0,8.0,10.0,10.0,38.0,4.0,0.0,3.0,1.0,24.2,1,13074,13074,13074,11208,6026,10158,9917,8599,13914,20509,20169,1422,132,1,17641,12373,9009,1.0,25:36,2015,2016
2015-16,203524,Solomon Hill,Solomon,1610612754,IND,Indiana Pacers,21500613,2016-01-17T00:00:00,IND @ DEN,L,27.6,3.0,0.0,3.0,0.0,9.0,17.0,10.0,30.0,2.0,0.0,3.0,1.0,24.2,1,13074,13074,13074,9554,4307,10158,3302,18861,15771,25429,20169,4541,932,1,17641,12373,9009,1.0,27:35,2015,2016
2015-16,201142,Kevin Durant,Kevin,1610612760,OKC,Oklahoma City Thunder,21500611,2016-01-17T00:00:00,OKC vs. MIA,W,31.0,4.0,2.0,5.0,10.0,15.0,7.0,4.0,20.0,1.0,1.0,2.0,3.0,47.5,1,1,1,1,6752,2460,4731,1277,1840,23079,15642,8806,11929,2692,17214,11390,4736,1015,1.0,30:58,2015,2016
2015-16,203991,Clint Capela,Clint,1610612745,HOU,Houston Rockets,21500614,2016-01-17T00:00:00,HOU @ LAL,W,23.1,4.0,8.0,0.0,12.0,10.0,2.0,6.0,28.0,0.0,1.0,4.0,1.0,29.2,1,1,1,1,13285,2460,137,9917,988,17370,3734,13388,5824,8004,17214,22104,12373,6243,1.0,23:06,2015,2016
2015-16,201580,JaVale McGee,JaVale,1610612742,DAL,Dallas Mavericks,21500612,2016-01-17T00:00:00,DAL @ SAS,L,15.0,0.0,0.0,0.0,4.0,4.0,4.0,0.0,12.0,3.0,0.0,3.0,1.0,24.0,1,13074,13074,13074,19728,12059,10158,9917,8599,6141,8458,1,18637,347,1,17641,12373,9121,1.0,15:02,2015,2016
2015-16,201566,Russell Westbrook,Russell,1610612760,OKC,Oklahoma City Thunder,21500611,2016-01-17T00:00:00,OKC vs. MIA,W,33.4,2.0,2.0,5.0,8.0,14.0,4.0,4.0,22.0,0.0,1.0,2.0,1.0,50.5,1,1,1,1,4825,6026,4731,1277,3109,22292,8458,8806,10265,8004,17214,11390,12373,709,1.0,33:23,2015,2016
2015-16,201586,Serge Ibaka,Serge,1610612760,OKC,Oklahoma City Thunder,21500611,2016-01-17T00:00:00,OKC vs. MIA,W,32.5,2.0,6.0,0.0,4.0,13.0,7.0,4.0,20.0,0.0,1.0,1.0,0.0,29.4,1,1,1,1,5503,6026,481,9917,8599,21300,15642,8806,11929,8004,17214,4972,18762,6143,1.0,32:30,2015,2016
2015-16,101145,Monta Ellis,Monta,1610612754,IND,Indiana Pacers,21500613,2016-01-17T00:00:00,IND @ DEN,L,31.9,4.0,5.0,0.0,4.0,17.0,13.0,17.0,40.0,1.0,1.0,4.0,5.0,35.9,1,13074,13074,13074,5965,2460,995,9917,8599,24337,23668,24967,983,2692,17214,22104,1539,3505,1.0,31:55,2015,2016
2015-16,200746,LaMarcus Aldridge,LaMarcus,1610612759,SAS,San Antonio Spurs,21500612,2016-01-17T00:00:00,SAS vs. DAL,W,27.0,4.0,2.0,0.0,10.0,4.0,0.0,5.0,18.0,1.0,0.0,1.0,4.0,35.9,1,1,1,1,9996,2460,4731,9917,1840,6141,1,11593,13577,2692,1,4972,2748,3505,1.0,27:01,2015,2016
2015-16,203999,Nikola Jokić,Nikola,1610612743,DEN,Denver Nuggets,21500613,2016-01-17T00:00:00,DEN vs. IND,W,24.2,6.0,3.0,2.0,8.0,14.0,7.0,7.0,16.0,0.0,2.0,2.0,4.0,35.9,1,1,1,1,12358,878,3104,4675,3109,22292,15642,15538,15259,8004,23588,11390,2748,3505,1.0,24:14,2015,2016
2015-16,203903,Jordan Clarkson,Jordan,1610612747,LAL,Los Angeles Lakers,21500614,2016-01-17T00:00:00,LAL vs. HOU,L,29.4,2.0,0.0,0.0,10.0,10.0,12.0,10.0,46.0,0.0,0.0,3.0,1.0,30.1,1,13074,13074,13074,8044,6026,10158,9917,1840,17370,22832,20169,298,8004,1,17641,12373,5794,1.0,29:25,2015,2016
2015-16,1626167,Myles Turner,Myles,1610612754,IND,Indiana Pacers,21500613,2016-01-17T00:00:00,IND @ DEN,L,28.8,0.0,2.0,0.0,10.0,11.0,20.0,12.0,30.0,2.0,0.0,3.0,4.0,44.4,1,13074,13074,13074,8589,12059,4731,9917,1840,18886,25875,22259,4541,932,1,17641,2748,1474,1.0,28:45,2015,2016
2015-16,1891,Jason Terry,Jason,1610612745,HOU,Houston Rockets,21500614,2016-01-17T00:00:00,HOU @ LAL,W,16.8,0.0,0.0,0.0,2.0,4.0,0.0,2.0,20.0,0.0,0.0,1.0,1.0,5.5,1,1,1,1,18459,12059,10158,9917,12984,6141,1,4025,11929,8004,1,4972,12373,22196,1.0,16:45,2015,2016
2015-16,200826,J.J. Barea,J.J.,1610612742,DAL,Dallas Mavericks,21500612,2016-01-17T00:00:00,DAL @ SAS,L,16.1,2.0,0.0,0.0,2.0,4.0,5.0,0.0,12.0,0.0,0.0,2.0,3.0,11.0,1,13074,13074,13074,18988,6026,10158,9917,12984,6141,11469,1,18637,8004,1,11390,4736,18430,1.0,16:04,2015,2016
2015-16,201988,Patty Mills,Patty,1610612759,SAS,San Antonio Spurs,21500612,2016-01-17T00:00:00,SAS vs. DAL,W,16.5,2.0,0.0,0.0,0.0,7.0,0.0,0.0,10.0,0.0,0.0,3.0,3.0,6.4,1,1,1,1,18663,6026,10158,9917,18861,12242,1,1,20209,8004,1,17641,4736,21589,1.0,16:29,2015,2016
2015-16,202730,Lavoy Allen,Lavoy,1610612754,IND,Indiana Pacers,21500613,2016-01-17T00:00:00,IND @ DEN,L,19.9,2.0,2.0,0.0,4.0,12.0,10.0,11.0,24.0,0.0,0.0,5.0,0.0,10.8,1,13074,13074,13074,15978,6026,4731,9917,8599,20178,20509,21342,8723,8004,1,24686,18762,18579,1.0,19:56,2015,2016
2015-16,1626164,Devin Booker,Devin,1610612756,PHX,Phoenix Suns,21500610,2016-01-17T00:00:00,PHX @ MIN,L,27.4,7.0,0.0,4.0,6.0,11.0,6.0,9.0,30.0,0.0,0.0,4.0,5.0,11.0,1,13074,13074,13074,9712,548,10158,1913,5299,18886,13237,18829,4541,8004,1,22104,1539,18430,1.0,27:23,2015,2016
2015-16,1889,Andre Miller,Andre,1610612750,MIN,Minnesota Timberwolves,21500610,2016-01-17T00:00:00,MIN vs. PHX,W,4.4,1.0,0.0,0.0,0.0,5.0,1.0,0.0,4.0,0.0,0.0,0.0,1.0,1.5,1,1,1,1,24573,11535,10158,9917,18861,8403,3393,1,23698,8004,1,1,12373,24473,1.0,4:26,2015,2016
2015-16,204028,Tarik Black,Tarik,1610612747,LAL,Los Angeles Lakers,21500614,2016-01-17T00:00:00,LAL vs. HOU,L,4.7,1.0,0.0,0.0,0.0,0.0,0.0,3.0,4.0,0.0,0.0,0.0,1.0,5.8,1,13074,13074,13074,24453,11535,10158,9917,18861,1,1,7328,23698,8004,1,1,12373,22018,1.0,4:44,2015,2016
2015-16,203141,Mirza Teletovic,Mirza,1610612756,PHX,Phoenix Suns,21500610,2016-01-17T00:00:00,PHX @ MIN,L,14.4,0.0,0.0,0.0,2.0,5.0,4.0,2.0,16.0,0.0,0.0,2.0,0.0,6.2,1,13074,13074,13074,20176,12059,10158,9917,12984,8403,8458,4025,15259,8004,1,11390,18762,21696,1.0,14:23,2015,2016
2015-16,203956,Mitch McGary,Mitch,1610612760,OKC,Oklahoma City Thunder,21500611,2016-01-17T00:00:00,OKC vs. MIA,W,2.2,0.0,0.0,0.0,0.0,0.0,0.0,0.0,2.0,0.0,0.0,0.0,0.0,2.0,1,1,1,1,25445,12059,10158,9917,18861,1,1,1,24614,8004,1,1,18762,24216,1.0,2:13,2015,2016
2015-16,203930,Sean Kilpatrick,Sean,1610612743,DEN,Denver Nuggets,21500613,2016-01-17T00:00:00,DEN vs. IND,W,5.0,0.0,0.0,0.0,0.0,2.0,0.0,4.0,4.0,0.0,0.0,2.0,0.0,0.2,1,1,1,1,24365,12059,10158,9917,18861,2619,1,8806,23698,8004,1,11390,18762,25103,1.0,5:01,2015,2016
2015-16,101123,Gerald Green,Gerald,1610612748,MIA,Miami Heat,21500611,2016-01-17T00:00:00,MIA @ OKC,L,11.8,0.0,0.0,0.0,0.0,4.0,6.0,0.0,8.0,0.0,0.0,1.0,0.0,3.2,1,13074,13074,13074,21701,12059,10158,9917,18861,6141,13237,1,21543,8004,1,4972,18762,23473,1.0,11:45,2015,2016
2015-16,1626166,Cameron Payne,Cameron,1610612760,OKC,Oklahoma City Thunder,21500611,2016-01-17T00:00:00,OKC vs. MIA,W,14.6,0.0,0.0,0.0,0.0,5.0,5.0,0.0,6.0,0.0,1.0,2.0,0.0,9.6,1,1,1,1,20026,12059,10158,9917,18861,8403,11469,1,22724,8004,17214,11390,18762,19434,1.0,14:37,2015,2016
2015-16,2617,Udonis Haslem,Udonis,1610612748,MIA,Miami Heat,21500611,2016-01-17T00:00:00,MIA @ OKC,L,3.2,0.0,0.0,0.0,0.0,0.0,2.0,0.0,6.0,0.0,0.0,0.0,0.0,-1.0,1,13074,13074,13074,25054,12059,10158,9917,18861,1,3734,1,22724,8004,1,1,18762,25932,1.0,3:11,2015,2016
2015-16,1626196,Josh Richardson,Josh,1610612748,MIA,Miami Heat,21500611,2016-01-17T00:00:00,MIA @ OKC,L,19.8,0.0,0.0,0.0,0.0,7.0,4.0,2.0,16.0,0.0,0.0,0.0,1.0,5.4,1,13074,13074,13074,16068,12059,10158,9917,18861,12242,8458,4025,15259,8004,1,1,12373,22242,1.0,19:48,2015,2016
2015-16,203098,John Jenkins,John,1610612742,DAL,Dallas Mavericks,21500612,2016-01-17T00:00:00,DAL @ SAS,L,8.9,0.0,0.0,0.0,0.0,6.0,3.0,4.0,16.0,0.0,0.0,0.0,0.0,3.9,1,13074,13074,13074,22870,12059,10158,9917,18861,10028,7138,8806,15259,8004,1,1,18762,23225,1.0,8:55,2015,2016
2015-16,203940,Adreian Payne,Adreian,1610612750,MIN,Minnesota Timberwolves,21500610,2016-01-17T00:00:00,MIN vs. PHX,W,3.2,0.0,0.0,0.0,2.0,5.0,1.0,0.0,2.0,0.0,0.0,0.0,0.0,3.2,1,1,1,1,25042,12059,10158,9917,12984,8403,3393,1,24614,8004,1,1,18762,23473,1.0,3:13,2015,2016
2015-16,203909,KJ McDaniels,KJ,1610612745,HOU,Houston Rockets,21500614,2016-01-17T00:00:00,HOU @ LAL,W,5.3,0.0,0.0,0.0,0.0,1.0,0.0,3.0,0.0,2.0,0.0,0.0,1.0,9.2,1,1,1,1,24249,12059,10158,9917,18861,2356,1,7328,25429,932,1,1,12373,19680,1.0,5:18,2015,2016
2015-16,203093,Terrence Jones,Terrence,1610612745,HOU,Houston Rockets,21500614,2016-01-17T00:00:00,HOU @ LAL,W,21.7,0.0,0.0,0.0,2.0,9.0,2.0,7.0,22.0,0.0,3.0,5.0,1.0,6.9,1,1,1,1,14446,12059,10158,9917,12984,15771,3734,15538,10265,8004,25441,24686,12373,21262,1.0,21:41,2015,2016
2015-16,201977,Marcus Thornton,Marcus,1610612745,HOU,Houston Rockets,21500614,2016-01-17T00:00:00,HOU @ LAL,W,20.8,2.0,0.0,0.0,6.0,5.0,0.0,7.0,14.0,0.0,0.0,1.0,1.0,13.2,1,1,1,1,15274,6026,10158,9917,5299,8403,1,15538,17019,8004,1,4972,12373,16768,1.0,20:45,2015,2016
2015-16,203462,Archie Goodwin,Archie,1610612756,PHX,Phoenix Suns,21500610,2016-01-17T00:00:00,PHX @ MIN,L,5.5,3.0,0.0,0.0,0.0,4.0,0.0,1.0,8.0,0.0,1.0,1.0,1.0,4.0,1,13074,13074,13074,24151,4307,10158,9917,18861,6141,1,3646,21543,8004,17214,4972,12373,23142,1.0,5:32,2015,2016
2015-16,1626159,Justise Winslow,Justise,1610612748,MIA,Miami Heat,21500611,2016-01-17T00:00:00,MIA @ OKC,L,27.0,0.0,0.0,0.0,0.0,10.0,8.0,4.0,20.0,1.0,1.0,1.0,1.0,9.5,1,13074,13074,13074,9991,12059,10158,9917,18861,17370,17345,8806,11929,2692,17214,4972,12373,19519,1.0,27:02,2015,2016
2015-16,1626246,Boban Marjanović,Boban,1610612759,SAS,San Antonio Spurs,21500612,2016-01-17T00:00:00,SAS vs. DAL,W,8.9,0.0,3.0,0.0,6.0,2.0,3.0,0.0,8.0,0.0,2.0,0.0,2.0,13.3,1,1,1,1,22870,12059,3104,9917,5299,2619,7138,1,21543,8004,23588,1,7786,16712,1.0,8:55,2015,2016
2015-16,201593,Nikola Pekovic,Nikola,1610612750,MIN,Minnesota Timberwolves,21500610,2016-01-17T00:00:00,MIN vs. PHX,W,6.9,0.0,0.0,0.0,2.0,0.0,2.0,0.0,10.0,0.0,0.0,0.0,2.0,4.0,1,1,1,1,23584,12059,10158,9917,12984,1,3734,1,20209,8004,1,1,7786,23142,1.0,6:56,2015,2016
2015-16,1626273,Marcelo Huertas,Marcelo,1610612747,LAL,Los Angeles Lakers,21500614,2016-01-17T00:00:00,LAL vs. HOU,L,5.3,0.0,0.0,0.0,0.0,0.0,0.0,3.0,6.0,0.0,0.0,3.0,0.0,4.0,1,13074,13074,13074,24249,12059,10158,9917,18861,1,1,7328,22724,8004,1,17641,18762,23142,1.0,5:18,2015,2016
2015-16,203485,Lorenzo Brown,Lorenzo,1610612756,PHX,Phoenix Suns,21500610,2016-01-17T00:00:00,PHX @ MIN,L,9.3,0.0,2.0,0.0,2.0,6.0,0.0,1.0,12.0,0.0,0.0,1.0,0.0,3.5,1,13074,13074,13074,22724,12059,4731,9917,12984,10028,1,3646,18637,8004,1,4972,18762,23351,1.0,9:17,2015,2016
2015-16,2446,Rasual Butler,Rasual,1610612759,SAS,San Antonio Spurs,21500612,2016-01-17T00:00:00,SAS vs. DAL,W,9.2,0.0,0.0,0.0,0.0,2.0,3.0,0.0,8.0,0.0,0.0,0.0,0.0,2.4,1,1,1,1,22773,12059,10158,9917,18861,2619,7138,1,21543,8004,1,1,18762,24024,1.0,9:10,2015,2016
2015-16,202713,Kyle Singler,Kyle,1610612760,OKC,Oklahoma City Thunder,21500611,2016-01-17T00:00:00,OKC vs. MIA,W,22.1,3.0,0.0,0.0,0.0,11.0,5.0,0.0,8.0,0.0,0.0,2.0,1.0,8.3,1,1,1,1,14118,4307,10158,9917,18861,18886,11469,1,21543,8004,1,11390,12373,20376,1.0,22:04,2015,2016
2015-16,2585,Zaza Pachulia,Zaza,1610612742,DAL,Dallas Mavericks,21500612,2016-01-17T00:00:00,DAL @ SAS,L,20.7,2.0,0.0,0.0,2.0,6.0,2.0,4.0,14.0,0.0,2.0,4.0,2.0,17.9,1,13074,13074,13074,15345,6026,10158,9917,12984,10028,3734,8806,17019,8004,23588,22104,7786,13229,1.0,20:39,2015,2016
2015-16,101114,Deron Williams,Deron,1610612742,DAL,Dallas Mavericks,21500612,2016-01-17T00:00:00,DAL @ SAS,L,22.7,2.0,0.0,2.0,2.0,8.0,2.0,5.0,16.0,0.0,0.0,3.0,3.0,16.5,1,13074,13074,13074,13594,6026,10158,4675,12984,13914,3734,11593,15259,8004,1,17641,4736,14224,1.0,22:43,2015,2016
2015-16,708,Kevin Garnett,Kevin,1610612750,MIN,Minnesota Timberwolves,21500610,2016-01-17T00:00:00,MIN vs. PHX,W,14.9,0.0,0.0,0.0,0.0,2.0,4.0,2.0,16.0,0.0,0.0,2.0,0.0,12.6,1,1,1,1,19851,12059,10158,9917,18861,2619,8458,4025,15259,8004,1,11390,18762,17277,1.0,14:52,2015,2016
2015-16,202688,Brandon Knight,Brandon,1610612756,PHX,Phoenix Suns,21500610,2016-01-17T00:00:00,PHX @ MIN,L,38.7,0.0,2.0,0.0,8.0,18.0,8.0,13.0,38.0,0.0,2.0,4.0,3.0,17.9,1,13074,13074,13074,1178,12059,4731,9917,3109,24749,17345,23048,1422,8004,23588,22104,4736,13229,1.0,38:43,2015,2016
2015-16,203498,Shabazz Muhammad,Shabazz,1610612750,MIN,Minnesota Timberwolves,21500610,2016-01-17T00:00:00,MIN vs. PHX,W,25.7,0.0,2.0,0.0,8.0,10.0,6.0,4.0,24.0,0.0,2.0,3.0,4.0,18.6,1,1,1,1,11133,12059,4731,9917,3109,17370,13237,8806,8723,8004,23588,17641,2748,12715,1.0,25:41,2015,2016
2015-16,201978,Chase Budinger,Chase,1610612754,IND,Indiana Pacers,21500613,2016-01-17T00:00:00,IND @ DEN,L,16.6,0.0,4.0,0.0,2.0,2.0,12.0,3.0,14.0,0.0,1.0,2.0,0.0,12.4,1,13074,13074,13074,18573,12059,1596,9917,12984,2619,22832,7328,17019,8004,17214,11390,18762,17418,1.0,16:37,2015,2016
2015-16,1626148,Anthony Brown,Anthony,1610612747,LAL,Los Angeles Lakers,21500614,2016-01-17T00:00:00,LAL vs. HOU,L,24.0,4.0,0.0,0.0,2.0,9.0,5.0,5.0,26.0,0.0,0.0,0.0,1.0,12.4,1,13074,13074,13074,12549,2460,10158,9917,12984,15771,11469,11593,7214,8004,1,1,12373,17418,1.0,24:00,2015,2016
2015-16,1495,Tim Duncan,Tim,1610612759,SAS,San Antonio Spurs,21500612,2016-01-17T00:00:00,SAS vs. DAL,W,21.1,0.0,0.0,0.0,0.0,2.0,0.0,5.0,12.0,1.0,0.0,2.0,2.0,12.5,1,1,1,1,15010,12059,10158,9917,18861,2619,1,11593,18637,2692,1,11390,7786,17372,1.0,21:03,2015,2016
2015-16,101139,CJ Miles,CJ,1610612754,IND,Indiana Pacers,21500613,2016-01-17T00:00:00,IND @ DEN,L,25.3,2.0,2.0,4.0,0.0,11.0,19.0,9.0,28.0,0.0,0.0,3.0,4.0,21.5,1,13074,13074,13074,11482,6026,4731,1913,18861,18886,25786,18829,5824,8004,1,17641,2748,10755,1.0,25:16,2015,2016
2015-16,1626149,Montrezl Harrell,Montrezl,1610612745,HOU,Houston Rockets,21500614,2016-01-17T00:00:00,HOU @ LAL,W,24.8,0.0,2.0,0.0,10.0,7.0,0.0,5.0,16.0,0.0,0.0,4.0,1.0,21.1,1,1,1,1,11859,12059,4731,9917,1840,12242,1,11593,15259,8004,1,22104,12373,11012,1.0,24:46,2015,2016
2015-16,101109,Raymond Felton,Raymond,1610612742,DAL,Dallas Mavericks,21500612,2016-01-17T00:00:00,DAL @ SAS,L,19.8,0.0,0.0,0.0,6.0,6.0,2.0,7.0,22.0,0.0,0.0,0.0,1.0,12.5,1,13074,13074,13074,16113,12059,10158,9917,5299,10028,3734,15538,10265,8004,1,1,12373,17372,1.0,19:45,2015,2016
2015-16,201603,Sonny Weems,Sonny,1610612756,PHX,Phoenix Suns,21500610,2016-01-17T00:00:00,PHX @ MIN,L,16.4,0.0,0.0,0.0,0.0,8.0,4.0,7.0,18.0,0.0,0.0,1.0,0.0,7.5,1,13074,13074,13074,18745,12059,10158,9917,18861,13914,8458,15538,13577,8004,1,4972,18762,20874,1.0,16:24,2015,2016
2015-16,2199,Tyson Chandler,Tyson,1610612756,PHX,Phoenix Suns,21500610,2016-01-17T00:00:00,PHX @ MIN,L,23.7,0.0,4.0,0.0,6.0,11.0,4.0,7.0,26.0,0.0,1.0,2.0,4.0,16.6,1,13074,13074,13074,12848,12059,1596,9917,5299,18886,8458,15538,7214,8004,17214,11390,2748,14125,1.0,23:40,2015,2016
2015-16,202720,Jon Leuer,Jon,1610612756,PHX,Phoenix Suns,21500610,2016-01-17T00:00:00,PHX @ MIN,L,20.7,0.0,1.0,0.0,4.0,13.0,2.0,5.0,22.0,0.0,0.0,4.0,4.0,13.0,1,13074,13074,13074,15345,12059,9709,9917,8599,21300,3734,11593,10265,8004,1,22104,2748,16969,1.0,20:39,2015,2016
2015-16,101111,Charlie Villanueva,Charlie,1610612742,DAL,Dallas Mavericks,21500612,2016-01-17T00:00:00,DAL @ SAS,L,17.3,0.0,1.0,0.0,2.0,8.0,5.0,5.0,22.0,0.0,0.0,1.0,1.0,8.3,1,13074,13074,13074,18046,12059,9709,9917,12984,13914,11469,11593,10265,8004,1,4972,12373,20376,1.0,17:18,2015,2016
2015-16,201951,Ty Lawson,Ty,1610612745,HOU,Houston Rockets,21500614,2016-01-17T00:00:00,HOU @ LAL,W,31.3,7.0,0.0,5.0,4.0,11.0,2.0,9.0,26.0,0.0,0.0,1.0,2.0,20.9,1,1,1,1,6514,548,10158,1277,8599,18886,3734,18829,7214,8004,1,4972,7786,11132,1.0,31:15,2015,2016
2015-16,2730,Dwight Howard,Dwight,1610612745,HOU,Houston Rockets,21500614,2016-01-17T00:00:00,HOU @ LAL,W,26.5,4.0,3.0,2.0,12.0,4.0,0.0,4.0,26.0,3.0,1.0,1.0,2.0,42.0,1,1,1,1,10488,2460,3104,4675,988,6141,1,8806,7214,347,17214,4972,7786,1936,1.0,26:27,2015,2016
2015-16,201935,James Harden,James,1610612745,HOU,Houston Rockets,21500614,2016-01-17T00:00:00,HOU @ LAL,W,27.3,0.0,0.0,3.0,10.0,10.0,2.0,4.0,32.0,0.0,1.0,1.0,4.0,40.1,1,1,1,1,9804,12059,10158,3302,1840,17370,3734,8806,3535,8004,17214,4972,2748,2345,1.0,27:15,2015,2016
2015-16,203460,Andre Roberson,Andre,1610612760,OKC,Oklahoma City Thunder,21500611,2016-01-17T00:00:00,OKC vs. MIA,W,32.4,4.0,0.0,2.0,6.0,10.0,4.0,4.0,22.0,3.0,1.0,0.0,1.0,20.7,1,1,1,1,5546,2460,10158,4675,5299,17370,8458,8806,10265,347,17214,1,12373,11252,1.0,32:26,2015,2016
2015-16,201980,Danny Green,Danny,1610612759,SAS,San Antonio Spurs,21500612,2016-01-17T00:00:00,SAS vs. DAL,W,28.0,0.0,0.0,0.0,2.0,7.0,3.0,0.0,20.0,2.0,0.0,1.0,0.0,19.9,1,1,1,1,9212,12059,10158,9917,12984,12242,7138,1,11929,932,1,4972,18762,11824,1.0,28:01,2015,2016
2015-16,2547,Chris Bosh,Chris,1610612748,MIA,Miami Heat,21500611,2016-01-17T00:00:00,MIA @ OKC,L,32.5,4.0,0.0,0.0,2.0,8.0,6.0,12.0,26.0,2.0,3.0,2.0,2.0,30.8,1,13074,13074,13074,5503,2460,10158,9917,12984,13914,13237,22259,7214,932,25441,11390,7786,5493,1.0,32:30,2015,2016
2015-16,977,Kobe Bryant,Kobe,1610612747,LAL,Los Angeles Lakers,21500614,2016-01-17T00:00:00,LAL vs. HOU,L,24.0,0.0,0.0,2.0,0.0,10.0,10.0,10.0,44.0,0.0,0.0,0.0,1.0,19.9,1,13074,13074,13074,12549,12059,10158,4675,18861,17370,20509,20169,454,8004,1,1,12373,11824,1.0,24:00,2015,2016
2015-16,201941,Jordan Hill,Jordan,1610612754,IND,Indiana Pacers,21500613,2016-01-17T00:00:00,IND @ DEN,L,19.4,1.0,0.0,0.0,8.0,10.0,9.0,9.0,24.0,0.0,0.0,4.0,1.0,15.1,1,13074,13074,13074,16387,11535,10158,9917,3109,17370,19144,18829,8723,8004,1,22104,12373,15328,1.0,19:24,2015,2016
2015-16,203527,Ryan Kelly,Ryan,1610612747,LAL,Los Angeles Lakers,21500614,2016-01-17T00:00:00,LAL vs. HOU,L,20.4,0.0,0.0,0.0,0.0,11.0,5.0,5.0,28.0,0.0,3.0,1.0,2.0,15.3,1,13074,13074,13074,15532,12059,10158,9917,18861,18886,11469,11593,5824,8004,25441,4972,7786,15150,1.0,20:27,2015,2016
2015-16,203530,Joffrey Lauvergne,Joffrey,1610612743,DEN,Denver Nuggets,21500613,2016-01-17T00:00:00,DEN vs. IND,W,15.4,0.0,3.0,0.0,2.0,6.0,2.0,9.0,18.0,1.0,1.0,2.0,1.0,11.8,1,1,1,1,19514,12059,3104,9917,12984,10028,3734,18829,13577,2692,17214,11390,12373,17832,1.0,15:21,2015,2016
2015-16,202695,Kawhi Leonard,Kawhi,1610612759,SAS,San Antonio Spurs,21500612,2016-01-17T00:00:00,SAS vs. DAL,W,29.1,2.0,0.0,3.0,2.0,6.0,0.0,5.0,18.0,0.0,1.0,0.0,3.0,26.3,1,1,1,1,8284,6026,10158,3302,12984,10028,1,11593,13577,8004,17214,1,4736,7733,1.0,29:07,2015,2016
2015-16,203476,Gorgui Dieng,Gorgui,1610612750,MIN,Minnesota Timberwolves,21500610,2016-01-17T00:00:00,MIN vs. PHX,W,17.6,2.0,2.0,0.0,6.0,3.0,3.0,2.0,14.0,1.0,0.0,2.0,4.0,26.7,1,1,1,1,17824,6026,4731,9917,5299,5109,7138,4025,17019,2692,1,11390,2748,7525,1.0,17:36,2015,2016
2015-16,203897,Zach LaVine,Zach,1610612750,MIN,Minnesota Timberwolves,21500610,2016-01-17T00:00:00,MIN vs. PHX,W,23.6,5.0,0.0,3.0,2.0,8.0,4.0,2.0,20.0,0.0,0.0,2.0,2.0,31.1,1,1,1,1,12884,1603,10158,3302,12984,13914,8458,4025,11929,8004,1,11390,7786,5354,1.0,23:37,2015,2016
2015-16,203944,Julius Randle,Julius,1610612747,LAL,Los Angeles Lakers,21500614,2016-01-17T00:00:00,LAL vs. HOU,L,26.3,4.0,0.0,0.0,10.0,8.0,10.0,10.0,40.0,1.0,2.0,3.0,5.0,30.2,1,13074,13074,13074,10579,2460,10158,9917,1840,13914,20509,20169,983,2692,23588,17641,1539,5751,1.0,26:19,2015,2016
2015-16,203500,Steven Adams,Steven,1610612760,OKC,Oklahoma City Thunder,21500611,2016-01-17T00:00:00,OKC vs. MIA,W,24.6,0.0,0.0,0.0,6.0,8.0,2.0,2.0,14.0,2.0,1.0,2.0,0.0,20.3,1,1,1,1,11990,12059,10158,9917,5299,13914,3734,4025,17019,932,17214,11390,18762,11534,1.0,24:38,2015,2016
2015-16,203110,Draymond Green,Draymond,1610612744,GSW,Golden State Warriors,21500605,2016-01-16T00:00:00,GSW @ DET,L,36.0,3.0,0.0,1.0,0.0,17.0,11.0,9.0,32.0,2.0,3.0,2.0,5.0,31.5,1,13074,13074,13074,2759,4307,10158,9347,18861,24337,21814,18829,3535,932,25441,11390,1539,5180,1.0,36:00,2015,2016
2015-16,203109,Jae Crowder,Jae,1610612738,BOS,Boston Celtics,21500604,2016-01-16T00:00:00,BOS @ WAS,W,33.6,2.0,0.0,2.0,8.0,17.0,11.0,21.0,38.0,0.0,0.0,1.0,1.0,40.6,1,1,1,1,4710,6026,10158,4675,3109,24337,21814,25725,1422,8004,1,4972,12373,2230,1.0,33:33,2015,2016
2015-16,2754,Tony Allen,Tony,1610612763,MEM,Memphis Grizzlies,21500607,2016-01-16T00:00:00,MEM vs. NYK,W,33.5,2.0,2.0,5.0,6.0,6.0,1.0,6.0,24.0,0.0,1.0,3.0,1.0,20.3,1,1,1,1,4727,6026,4731,1277,5299,10028,3393,13388,8723,8004,17214,17641,12373,11534,1.0,33:31,2015,2016
2015-16,201973,Jonas Jerebko,Jonas,1610612738,BOS,Boston Celtics,21500604,2016-01-16T00:00:00,BOS @ WAS,W,14.6,0.0,2.0,1.0,4.0,3.0,6.0,10.0,10.0,0.0,0.0,1.0,1.0,15.2,1,1,1,1,20038,12059,4731,9347,8599,5109,13237,20169,20209,8004,1,4972,12373,15219,1.0,14:36,2015,2016
2015-16,1626158,Richaun Holmes,Richaun,1610612755,PHI,Philadelphia 76ers,21500606,2016-01-16T00:00:00,PHI vs. POR,W,27.2,0.0,2.0,0.0,6.0,9.0,9.0,4.0,18.0,1.0,0.0,1.0,4.0,30.7,1,1,1,1,9822,12059,4731,9917,5299,15771,19144,8806,13577,2692,1,4972,2748,5539,1.0,27:14,2015,2016
2015-16,101162,Marcin Gortat,Marcin,1610612764,WAS,Washington Wizards,21500604,2016-01-16T00:00:00,WAS vs. BOS,L,36.4,2.0,4.0,2.0,16.0,13.0,8.0,15.0,36.0,2.0,0.0,4.0,3.0,40.7,1,13074,13074,13074,2497,6026,1596,4675,275,21300,17345,24242,1943,932,1,22104,4736,2199,1.0,36:22,2015,2016
2015-16,201158,Marco Belinelli,Marco,1610612758,SAC,Sacramento Kings,21500609,2016-01-16T00:00:00,SAC @ LAC,W,23.3,0.0,2.0,0.0,4.0,9.0,2.0,2.0,20.0,1.0,0.0,1.0,0.0,19.8,1,1,1,1,13133,12059,4731,9917,8599,15771,3734,4025,11929,2692,1,4972,18762,11883,1.0,23:17,2015,2016
2015-16,202343,Elliot Williams,Elliot,1610612763,MEM,Memphis Grizzlies,21500607,2016-01-16T00:00:00,MEM vs. NYK,W,19.9,0.0,0.0,0.0,0.0,4.0,2.0,2.0,10.0,0.0,0.0,1.0,2.0,11.8,1,1,1,1,16012,12059,10158,9917,18861,6141,3734,4025,20209,8004,1,4972,7786,17832,1.0,19:53,2015,2016
2015-16,202498,Lance Thomas,Lance,1610612752,NYK,New York Knicks,21500607,2016-01-16T00:00:00,NYK @ MEM,L,16.8,2.0,0.0,2.0,2.0,4.0,3.0,2.0,8.0,0.0,0.0,1.0,1.0,11.7,1,13074,13074,13074,18417,6026,10158,4675,12984,6141,7138,4025,21543,8004,1,4972,12373,17903,1.0,16:48,2015,2016
2015-16,202325,Wesley Johnson,Wesley,1610612746,LAC,LA Clippers,21500609,2016-01-16T00:00:00,LAC vs. SAC,L,23.2,2.0,2.0,2.0,4.0,12.0,2.0,4.0,18.0,0.0,0.0,3.0,1.0,12.4,1,13074,13074,13074,13160,6026,4731,4675,8599,20178,3734,8806,13577,8004,1,17641,12373,17418,1.0,23:14,2015,2016
2015-16,203086,Meyers Leonard,Meyers,1610612757,POR,Portland Trail Blazers,21500606,2016-01-16T00:00:00,POR @ PHI,L,27.0,0.0,2.0,0.0,0.0,9.0,3.0,10.0,22.0,0.0,0.0,5.0,0.0,20.4,1,13074,13074,13074,10052,12059,4731,9917,18861,15771,7138,20169,10265,8004,1,24686,18762,11453,1.0,26:57,2015,2016
2015-16,202691,Klay Thompson,Klay,1610612744,GSW,Golden State Warriors,21500605,2016-01-16T00:00:00,GSW @ DET,L,32.0,3.0,2.0,5.0,8.0,14.0,11.0,9.0,32.0,0.0,0.0,1.0,6.0,30.7,1,13074,13074,13074,5851,4307,4731,1277,3109,22292,21814,18829,3535,8004,1,4972,873,5539,1.0,32:02,2015,2016
2015-16,203463,Ben McLemore,Ben,1610612758,SAC,Sacramento Kings,21500609,2016-01-16T00:00:00,SAC @ LAC,W,27.6,2.0,3.0,4.0,6.0,10.0,3.0,2.0,22.0,0.0,0.0,3.0,3.0,19.9,1,1,1,1,9548,6026,3104,1913,5299,17370,7138,4025,10265,8004,1,17641,4736,11824,1.0,27:35,2015,2016
2015-16,204038,Langston Galloway,Langston,1610612752,NYK,New York Knicks,21500607,2016-01-16T00:00:00,NYK @ MEM,L,37.5,0.0,0.0,4.0,4.0,1.0,10.0,10.0,22.0,0.0,0.0,2.0,3.0,30.7,1,13074,13074,13074,1786,12059,10158,1913,8599,2356,20509,20169,10265,8004,1,11390,4736,5539,1.0,37:27,2015,2016
2015-16,203960,JaKarr Sampson,JaKarr,1610612755,PHI,Philadelphia 76ers,21500606,2016-01-16T00:00:00,PHI vs. POR,W,22.8,2.0,0.0,2.0,2.0,8.0,6.0,4.0,16.0,2.0,1.0,4.0,1.0,15.8,1,1,1,1,13502,6026,10158,4675,12984,13914,13237,8806,15259,932,17214,22104,12373,14754,1.0,22:51,2015,2016
2015-16,202738,Isaiah Thomas,Isaiah,1610612738,BOS,Boston Celtics,21500604,2016-01-16T00:00:00,BOS @ WAS,W,33.4,3.0,0.0,11.0,0.0,20.0,9.0,19.0,36.0,0.0,3.0,2.0,11.0,40.3,1,1,1,1,4850,4307,10158,69,18861,25338,19144,25435,1943,8004,25441,11390,44,2302,1.0,33:21,2015,2016
2015-16,200755,JJ Redick,JJ,1610612746,LAC,LA Clippers,21500609,2016-01-16T00:00:00,LAC vs. SAC,L,31.3,5.0,0.0,0.0,2.0,13.0,3.0,11.0,24.0,0.0,0.0,2.0,2.0,31.6,1,13074,13074,13074,6439,1603,10158,9917,12984,21300,7138,21342,8723,8004,1,11390,7786,5130,1.0,31:20,2015,2016
2015-16,202334,Ed Davis,Ed,1610612757,POR,Portland Trail Blazers,21500606,2016-01-16T00:00:00,POR @ PHI,L,17.3,0.0,0.0,0.0,6.0,6.0,4.0,13.0,20.0,1.0,1.0,3.0,3.0,15.6,1,13074,13074,13074,18068,12059,10158,9917,5299,10028,8458,23048,11929,2692,17214,17641,4736,14916,1.0,17:16,2015,2016
2015-16,203487,Michael Carter-Williams,Michael,1610612749,MIL,Milwaukee Bucks,21500603,2016-01-16T00:00:00,MIL @ CHA,W,26.3,0.0,0.0,0.0,4.0,12.0,6.0,2.0,24.0,2.0,1.0,4.0,2.0,27.2,1,1,1,1,10643,12059,10158,9917,8599,20178,13237,4025,8723,932,17214,22104,7786,7289,1.0,26:15,2015,2016
2015-16,203089,John Henson,John,1610612749,MIL,Milwaukee Bucks,21500603,2016-01-16T00:00:00,MIL @ CHA,W,18.7,4.0,0.0,0.0,4.0,8.0,3.0,4.0,12.0,3.0,0.0,0.0,2.0,26.4,1,1,1,1,16976,2460,10158,9917,8599,13914,7138,8806,18637,347,1,1,7786,7672,1.0,18:39,2015,2016
2015-16,2440,Matt Barnes,Matt,1610612763,MEM,Memphis Grizzlies,21500607,2016-01-16T00:00:00,MEM vs. NYK,W,26.2,0.0,0.0,0.0,0.0,2.0,5.0,2.0,14.0,0.0,1.0,4.0,1.0,20.3,1,1,1,1,10655,12059,10158,9917,18861,2619,11469,4025,17019,8004,17214,22104,12373,11534,1.0,26:14,2015,2016
2015-16,203496,Robert Covington,Robert,1610612755,PHI,Philadelphia 76ers,21500606,2016-01-16T00:00:00,PHI vs. POR,W,25.6,5.0,0.0,8.0,2.0,10.0,8.0,2.0,18.0,0.0,0.0,4.0,1.0,26.3,1,1,1,1,11193,1603,10158,280,12984,17370,17345,4025,13577,8004,1,22104,12373,7733,1.0,25:37,2015,2016
2015-16,203114,Khris Middleton,Khris,1610612749,MIL,Milwaukee Bucks,21500603,2016-01-16T00:00:00,MIL @ CHA,W,35.6,2.0,2.0,2.0,8.0,12.0,9.0,4.0,26.0,0.0,1.0,1.0,5.0,30.8,1,1,1,1,3047,6026,4731,4675,3109,20178,19144,8806,7214,8004,17214,4972,1539,5493,1.0,35:37,2015,2016
2015-16,204060,Joe Ingles,Joe,1610612762,UTA,Utah Jazz,21500608,2016-01-16T00:00:00,UTA vs. LAL,W,17.7,0.0,0.0,0.0,2.0,4.0,11.0,2.0,10.0,0.0,0.0,3.0,0.0,12.4,1,1,1,1,17790,12059,10158,9917,12984,6141,21814,4025,20209,8004,1,17641,18762,17418,1.0,17:39,2015,2016
2015-16,201954,Darren Collison,Darren,1610612758,SAC,Sacramento Kings,21500609,2016-01-16T00:00:00,SAC @ LAC,W,31.0,0.0,0.0,3.0,4.0,14.0,6.0,2.0,30.0,0.0,1.0,3.0,4.0,31.3,1,1,1,1,6718,12059,10158,3302,8599,22292,13237,4025,4541,8004,17214,17641,2748,5258,1.0,31:00,2015,2016
2015-16,203468,CJ McCollum,CJ,1610612757,POR,Portland Trail Blazers,21500606,2016-01-16T00:00:00,POR @ PHI,L,26.5,2.0,0.0,4.0,2.0,9.0,7.0,17.0,32.0,0.0,2.0,2.0,2.0,20.4,1,13074,13074,13074,10434,6026,10158,1913,12984,15771,15642,24967,3535,8004,23588,11390,7786,11453,1.0,26:32,2015,2016
2015-16,101107,Marvin Williams,Marvin,1610612766,CHA,Charlotte Hornets,21500603,2016-01-16T00:00:00,CHA vs. MIL,L,25.3,0.0,0.0,0.0,4.0,6.0,10.0,2.0,30.0,1.0,1.0,0.0,1.0,30.4,1,13074,13074,13074,11473,12059,10158,9917,8599,10028,20509,4025,4541,2692,17214,1,12373,5661,1.0,25:16,2015,2016
2015-16,203084,Harrison Barnes,Harrison,1610612744,GSW,Golden State Warriors,21500605,2016-01-16T00:00:00,GSW @ DET,L,29.8,0.0,0.0,0.0,2.0,8.0,11.0,9.0,40.0,0.0,3.0,2.0,1.0,11.6,1,13074,13074,13074,7691,12059,10158,9917,12984,13914,21814,18829,983,8004,25441,11390,12373,17970,1.0,29:50,2015,2016
2015-16,201196,Ramon Sessions,Ramon,1610612764,WAS,Washington Wizards,21500604,2016-01-16T00:00:00,WAS vs. BOS,L,23.5,0.0,0.0,3.0,2.0,6.0,9.0,5.0,22.0,0.0,0.0,2.0,1.0,13.4,1,13074,13074,13074,12987,12059,10158,3302,12984,10028,19144,11593,10265,8004,1,11390,12373,16614,1.0,23:29,2015,2016
2015-16,203798,PJ Hairston,PJ,1610612766,CHA,Charlotte Hornets,21500603,2016-01-16T00:00:00,CHA vs. MIL,L,26.5,2.0,0.0,2.0,4.0,2.0,6.0,0.0,30.0,0.0,1.0,2.0,2.0,17.8,1,13074,13074,13074,10451,6026,10158,4675,8599,2619,13237,1,4541,8004,17214,11390,7786,13309,1.0,26:30,2015,2016
2015-16,1626161,Willie Cauley-Stein,Willie,1610612758,SAC,Sacramento Kings,21500609,2016-01-16T00:00:00,SAC @ LAC,W,12.5,0.0,0.0,0.0,0.0,5.0,3.0,2.0,12.0,3.0,0.0,0.0,3.0,17.3,1,1,1,1,21266,12059,10158,9917,18861,8403,7138,4025,18637,347,1,1,4736,13671,1.0,12:32,2015,2016
2015-16,201584,Courtney Lee,Courtney,1610612763,MEM,Memphis Grizzlies,21500607,2016-01-16T00:00:00,MEM vs. NYK,W,25.7,0.0,0.0,0.0,0.0,2.0,2.0,4.0,18.0,1.0,0.0,1.0,0.0,14.0,1,1,1,1,11135,12059,10158,9917,18861,2619,3734,8806,13577,2692,1,4972,18762,16166,1.0,25:40,2015,2016
2015-16,1626148,Anthony Brown,Anthony,1610612747,LAL,Los Angeles Lakers,21500608,2016-01-16T00:00:00,LAL @ UTA,L,26.9,0.0,3.0,0.0,0.0,9.0,11.0,5.0,26.0,0.0,1.0,1.0,1.0,17.4,1,13074,13074,13074,10065,12059,3104,9917,18861,15771,21814,11593,7214,8004,17214,4972,12373,13595,1.0,26:56,2015,2016
2015-16,203918,Rodney Hood,Rodney,1610612762,UTA,Utah Jazz,21500608,2016-01-16T00:00:00,UTA vs. LAL,W,27.0,0.0,0.0,2.0,0.0,2.0,13.0,2.0,16.0,0.0,0.0,1.0,1.0,22.0,1,1,1,1,9996,12059,10158,4675,18861,2619,23668,4025,15259,8004,1,4972,12373,10388,1.0,27:01,2015,2016
2015-16,1626156,D'Angelo Russell,D'Angelo,1610612747,LAL,Los Angeles Lakers,21500608,2016-01-16T00:00:00,LAL @ UTA,L,25.2,0.0,3.0,0.0,2.0,11.0,10.0,6.0,24.0,0.0,0.0,1.0,3.0,17.4,1,13074,13074,13074,11543,12059,3104,9917,12984,18886,20509,13388,8723,8004,1,4972,4736,13595,1.0,25:11,2015,2016
2015-16,203527,Ryan Kelly,Ryan,1610612747,LAL,Los Angeles Lakers,21500608,2016-01-16T00:00:00,LAL @ UTA,L,20.3,6.0,2.0,4.0,2.0,2.0,12.0,1.0,18.0,1.0,1.0,2.0,2.0,22.0,1,13074,13074,13074,15679,878,4731,1913,12984,2619,22832,3646,13577,2692,17214,11390,7786,10388,1.0,20:15,2015,2016
2015-16,202689,Kemba Walker,Kemba,1610612766,CHA,Charlotte Hornets,21500603,2016-01-16T00:00:00,CHA vs. MIL,L,33.9,2.0,4.0,0.0,4.0,4.0,10.0,2.0,44.0,0.0,4.0,2.0,1.0,28.2,1,13074,13074,13074,4454,6026,1596,9917,8599,6141,20509,4025,454,8004,25926,11390,12373,6778,1.0,33:52,2015,2016
2015-16,202340,Avery Bradley,Avery,1610612738,BOS,Boston Celtics,21500604,2016-01-16T00:00:00,BOS @ WAS,W,34.6,2.0,3.0,4.0,4.0,15.0,13.0,26.0,36.0,0.0,1.0,2.0,1.0,22.4,1,1,1,1,3903,6026,3104,1913,8599,23079,23668,26007,1943,8004,17214,11390,12373,10131,1.0,34:33,2015,2016
2015-16,203457,Nerlens Noel,Nerlens,1610612755,PHI,Philadelphia 76ers,21500606,2016-01-16T00:00:00,PHI vs. POR,W,25.9,0.0,2.0,2.0,4.0,8.0,9.0,6.0,20.0,4.0,0.0,2.0,1.0,38.1,1,1,1,1,10932,12059,4731,4675,8599,13914,19144,13388,11929,132,1,11390,12373,2879,1.0,25:54,2015,2016
2015-16,101106,Andrew Bogut,Andrew,1610612744,GSW,Golden State Warriors,21500605,2016-01-16T00:00:00,GSW @ DET,L,19.8,0.0,4.0,0.0,6.0,8.0,7.0,9.0,20.0,2.0,0.0,4.0,1.0,17.2,1,13074,13074,13074,16085,12059,1596,9917,5299,13914,15642,18829,11929,932,1,22104,12373,13725,1.0,19:47,2015,2016
2015-16,202704,Reggie Jackson,Reggie,1610612765,DET,Detroit Pistons,21500605,2016-01-16T00:00:00,DET vs. GSW,W,32.5,2.0,4.0,0.0,10.0,11.0,8.0,8.0,28.0,0.0,2.0,3.0,1.0,38.6,1,1,1,1,5470,6026,1596,9917,1840,18886,17345,17194,5824,8004,23588,17641,12373,2744,1.0,32:32,2015,2016
2015-16,1626168,Trey Lyles,Trey,1610612762,UTA,Utah Jazz,21500608,2016-01-16T00:00:00,UTA vs. LAL,W,30.5,5.0,4.0,1.0,6.0,2.0,9.0,2.0,18.0,1.0,0.0,1.0,3.0,31.8,1,1,1,1,7126,1603,1596,9347,5299,2619,19144,4025,13577,2692,1,4972,4736,5041,1.0,30:28,2015,2016
2015-16,201150,Spencer Hawes,Spencer,1610612766,CHA,Charlotte Hornets,21500603,2016-01-16T00:00:00,CHA vs. MIL,L,21.0,2.0,3.0,0.0,4.0,6.0,2.0,3.0,16.0,0.0,0.0,2.0,1.0,22.3,1,13074,13074,13074,15021,6026,3104,9917,8599,10028,3734,7328,15259,8004,1,11390,12373,10208,1.0,21:02,2015,2016
2015-16,200765,Rajon Rondo,Rajon,1610612758,SAC,Sacramento Kings,21500609,2016-01-16T00:00:00,SAC @ LAC,W,33.8,4.0,0.0,0.0,4.0,12.0,7.0,4.0,30.0,0.0,0.0,1.0,2.0,38.4,1,1,1,1,4495,2460,10158,9917,8599,20178,15642,8806,4541,8004,1,4972,7786,2802,1.0,33:49,2015,2016
2015-16,204456,T.J. McConnell,T.J.,1610612755,PHI,Philadelphia 76ers,21500606,2016-01-16T00:00:00,PHI vs. POR,W,15.0,1.0,0.0,3.0,4.0,3.0,4.0,2.0,10.0,0.0,1.0,3.0,2.0,21.7,1,1,1,1,19782,11535,10158,3302,8599,5109,8458,4025,20209,8004,17214,17641,7786,10592,1.0,14:58,2015,2016
2015-16,203935,Marcus Smart,Marcus,1610612738,BOS,Boston Celtics,21500604,2016-01-16T00:00:00,BOS @ WAS,W,24.0,2.0,2.0,5.0,8.0,13.0,8.0,15.0,16.0,0.0,0.0,5.0,2.0,22.3,1,1,1,1,12610,6026,4731,1277,3109,21300,17345,24242,15259,8004,1,24686,7786,10208,1.0,23:58,2015,2016
2015-16,1626173,Rashad Vaughn,Rashad,1610612749,MIL,Milwaukee Bucks,21500603,2016-01-16T00:00:00,MIL @ CHA,W,17.4,0.0,0.0,0.0,0.0,12.0,3.0,6.0,12.0,0.0,0.0,1.0,1.0,13.4,1,1,1,1,17986,12059,10158,9917,18861,20178,7138,13388,18637,8004,1,4972,12373,16614,1.0,17:22,2015,2016
2015-16,203481,Jeff Withey,Jeff,1610612762,UTA,Utah Jazz,21500608,2016-01-16T00:00:00,UTA vs. LAL,W,19.3,2.0,2.0,0.0,6.0,3.0,13.0,2.0,6.0,1.0,1.0,1.0,0.0,22.4,1,1,1,1,16457,6026,4731,9917,5299,5109,23668,4025,22724,2692,17214,4972,18762,10131,1.0,19:18,2015,2016
2015-16,202330,Gordon Hayward,Gordon,1610612762,UTA,Utah Jazz,21500608,2016-01-16T00:00:00,UTA vs. LAL,W,29.3,2.0,5.0,2.0,6.0,3.0,16.0,2.0,18.0,0.0,0.0,1.0,2.0,32.5,1,1,1,1,8150,6026,995,4675,5299,5109,25155,4025,13577,8004,1,4972,7786,4726,1.0,29:16,2015,2016
2015-16,202694,Marcus Morris Sr.,Marcus,1610612765,DET,Detroit Pistons,21500605,2016-01-16T00:00:00,DET vs. GSW,W,39.6,0.0,1.0,4.0,4.0,11.0,8.0,8.0,28.0,2.0,0.0,1.0,6.0,39.6,1,1,1,1,843,12059,9709,1913,8599,18886,17345,17194,5824,932,1,4972,873,2474,1.0,39:37,2015,2016
2015-16,204028,Tarik Black,Tarik,1610612747,LAL,Los Angeles Lakers,21500608,2016-01-16T00:00:00,LAL @ UTA,L,21.5,0.0,4.0,0.0,6.0,9.0,9.0,4.0,22.0,0.0,0.0,1.0,1.0,13.7,1,13074,13074,13074,14565,12059,1596,9917,5299,15771,19144,8806,10265,8004,1,4972,12373,16393,1.0,21:32,2015,2016
2015-16,200752,Rudy Gay,Rudy,1610612758,SAC,Sacramento Kings,21500609,2016-01-16T00:00:00,SAC @ LAC,W,34.1,2.0,0.0,4.0,4.0,15.0,9.0,2.0,28.0,2.0,0.0,5.0,5.0,31.9,1,1,1,1,4309,6026,10158,1913,8599,23079,19144,4025,5824,932,1,24686,1539,4984,1.0,34:03,2015,2016
2015-16,201952,Jeff Teague,Jeff,1610612737,ATL,Atlanta Hawks,21500602,2016-01-16T00:00:00,ATL vs. BKN,W,22.7,2.0,2.0,2.0,6.0,2.0,2.0,2.0,16.0,0.0,0.0,1.0,2.0,28.1,1,1,1,1,13645,6026,4731,4675,5299,2619,3734,4025,15259,8004,1,4972,7786,6818,1.0,22:39,2015,2016
2015-16,203081,Damian Lillard,Damian,1610612757,POR,Portland Trail Blazers,21500606,2016-01-16T00:00:00,POR @ PHI,L,30.4,6.0,0.0,0.0,4.0,5.0,3.0,12.0,32.0,0.0,3.0,1.0,4.0,17.4,1,13074,13074,13074,7153,878,10158,9917,8599,8403,7138,22259,3535,8004,25441,4972,2748,13595,1.0,30:26,2015,2016
2015-16,203484,Kentavious Caldwell-Pope,Kentavious,1610612765,DET,Detroit Pistons,21500605,2016-01-16T00:00:00,DET vs. GSW,W,39.0,4.0,0.0,2.0,4.0,16.0,11.0,8.0,32.0,1.0,0.0,3.0,4.0,38.0,1,1,1,1,1089,2460,10158,4675,8599,23774,21814,17194,3535,2692,1,17641,2748,2903,1.0,38:57,2015,2016
2015-16,1718,Paul Pierce,Paul,1610612746,LAC,LA Clippers,21500609,2016-01-16T00:00:00,LAC vs. SAC,L,20.3,0.0,0.0,2.0,2.0,4.0,3.0,7.0,12.0,0.0,0.0,1.0,1.0,13.7,1,13074,13074,13074,15628,12059,10158,4675,12984,6141,7138,15538,18637,8004,1,4972,12373,16393,1.0,20:19,2015,2016
2015-16,101150,Lou Williams,Lou,1610612747,LAL,Los Angeles Lakers,21500608,2016-01-16T00:00:00,LAL @ UTA,L,28.5,3.0,5.0,2.0,2.0,16.0,11.0,7.0,24.0,0.0,3.0,1.0,5.0,22.4,1,13074,13074,13074,8779,4307,995,4675,12984,23774,21814,15538,8723,8004,25441,4972,1539,10131,1.0,28:32,2015,2016
2015-16,203507,Giannis Antetokounmpo,Giannis,1610612749,MIL,Milwaukee Bucks,21500603,2016-01-16T00:00:00,MIL @ CHA,W,36.7,0.0,0.0,0.0,6.0,16.0,8.0,6.0,28.0,3.0,0.0,2.0,4.0,37.7,1,1,1,1,2285,12059,10158,9917,5299,23774,17345,13388,5824,347,1,11390,2748,2990,1.0,36:42,2015,2016
2015-16,202714,Shelvin Mack,Shelvin,1610612737,ATL,Atlanta Hawks,21500602,2016-01-16T00:00:00,ATL vs. BKN,W,5.8,3.0,0.0,0.0,4.0,0.0,2.0,0.0,6.0,0.0,0.0,0.0,2.0,7.5,1,1,1,1,24066,4307,10158,9917,8599,1,3734,1,22724,8004,1,1,7786,20874,1.0,5:46,2015,2016
2015-16,201188,Marc Gasol,Marc,1610612763,MEM,Memphis Grizzlies,21500607,2016-01-16T00:00:00,MEM vs. NYK,W,40.7,4.0,4.0,2.0,14.0,6.0,5.0,8.0,28.0,3.0,1.0,4.0,6.0,59.1,1,1,1,1,546,2460,1596,4675,542,10028,11469,17194,5824,347,17214,22104,873,233,1.0,40:44,2015,2016
2015-16,200794,Paul Millsap,Paul,1610612737,ATL,Atlanta Hawks,21500602,2016-01-16T00:00:00,ATL vs. BKN,W,27.2,0.0,0.0,0.0,14.0,2.0,2.0,2.0,14.0,1.0,1.0,3.0,5.0,35.7,1,1,1,1,9850,12059,10158,9917,542,2619,3734,4025,17019,2692,17214,17641,1539,3578,1.0,27:12,2015,2016
2015-16,201939,Stephen Curry,Stephen,1610612744,GSW,Golden State Warriors,21500605,2016-01-16T00:00:00,GSW @ DET,L,36.9,8.0,0.0,5.0,6.0,17.0,11.0,9.0,34.0,0.0,2.0,1.0,5.0,57.9,1,13074,13074,13074,2130,308,10158,1277,5299,24337,21814,18829,2701,8004,23588,4972,1539,269,1.0,36:55,2015,2016
2015-16,201587,Nicolas Batum,Nicolas,1610612766,CHA,Charlotte Hornets,21500603,2016-01-16T00:00:00,CHA vs. MIL,L,35.6,2.0,0.0,0.0,0.0,8.0,10.0,3.0,40.0,1.0,1.0,2.0,1.0,24.1,1,13074,13074,13074,3071,6026,10158,9917,18861,13914,20509,7328,983,2692,17214,11390,12373,9068,1.0,35:35,2015,2016
2015-16,201162,Jared Dudley,Jared,1610612764,WAS,Washington Wizards,21500604,2016-01-16T00:00:00,WAS vs. BOS,L,41.4,0.0,2.0,3.0,2.0,13.0,13.0,17.0,36.0,0.0,0.0,6.0,2.0,29.4,1,13074,13074,13074,401,12059,4731,3302,12984,21300,23668,24967,1943,8004,1,25827,7786,6143,1.0,41:26,2015,2016
2015-16,101141,Ersan Ilyasova,Ersan,1610612765,DET,Detroit Pistons,21500605,2016-01-16T00:00:00,DET vs. GSW,W,29.7,3.0,4.0,0.0,4.0,10.0,9.0,8.0,26.0,2.0,2.0,3.0,0.0,30.1,1,1,1,1,7809,4307,1596,9917,8599,17370,19144,17194,7214,932,23588,17641,18762,5794,1.0,29:42,2015,2016
2015-16,202328,Greg Monroe,Greg,1610612749,MIL,Milwaukee Bucks,21500603,2016-01-16T00:00:00,MIL @ CHA,W,26.6,0.0,6.0,0.0,14.0,12.0,8.0,4.0,24.0,1.0,0.0,3.0,3.0,35.5,1,1,1,1,10338,12059,481,9917,542,20178,17345,8806,8723,2692,1,17641,4736,3657,1.0,26:38,2015,2016
2015-16,202322,John Wall,John,1610612764,WAS,Washington Wizards,21500604,2016-01-16T00:00:00,WAS vs. BOS,L,43.9,7.0,2.0,13.0,10.0,13.0,13.0,21.0,40.0,1.0,0.0,3.0,7.0,81.9,1,13074,13074,13074,137,548,4731,26,1840,21300,23668,25725,983,2692,1,17641,469,4,1.0,43:56,2015,2016
2015-16,203497,Rudy Gobert,Rudy,1610612762,UTA,Utah Jazz,21500608,2016-01-16T00:00:00,UTA vs. LAL,W,30.4,4.0,9.0,0.0,12.0,3.0,15.0,2.0,18.0,5.0,1.0,2.0,4.0,53.6,1,1,1,1,7166,2460,77,9917,988,5109,24781,4025,13577,59,17214,11390,2748,483,1.0,30:25,2015,2016
2015-16,203105,Festus Ezeli,Festus,1610612744,GSW,Golden State Warriors,21500605,2016-01-16T00:00:00,GSW @ DET,L,23.3,2.0,3.0,0.0,8.0,8.0,2.0,2.0,24.0,5.0,0.0,1.0,3.0,36.0,1,13074,13074,13074,13092,6026,3104,9917,3109,13914,3734,4025,8723,59,1,4972,4736,3463,1.0,23:20,2015,2016
2015-16,203096,Jared Sullinger,Jared,1610612738,BOS,Boston Celtics,21500604,2016-01-16T00:00:00,BOS @ WAS,W,20.7,2.0,2.0,0.0,8.0,9.0,11.0,17.0,20.0,0.0,0.0,6.0,2.0,28.8,1,1,1,1,15302,6026,4731,9917,3109,15771,21814,24967,11929,8004,1,25827,7786,6465,1.0,20:43,2015,2016
2015-16,203471,Dennis Schröder,Dennis,1610612737,ATL,Atlanta Hawks,21500602,2016-01-16T00:00:00,ATL vs. BKN,W,19.6,7.0,0.0,5.0,6.0,2.0,3.0,0.0,8.0,0.0,1.0,0.0,0.0,45.2,1,1,1,1,16236,548,10158,1277,5299,2619,7138,1,21543,8004,17214,1,18762,1324,1.0,19:35,2015,2016
2015-16,201145,Jeff Green,Jeff,1610612763,MEM,Memphis Grizzlies,21500607,2016-01-16T00:00:00,MEM vs. NYK,W,30.2,2.0,0.0,0.0,4.0,6.0,5.0,4.0,18.0,0.0,0.0,1.0,4.0,24.9,1,1,1,1,7350,6026,10158,9917,8599,10028,11469,8806,13577,8004,1,4972,2748,8553,1.0,30:12,2015,2016
2015-16,203504,Trey Burke,Trey,1610612762,UTA,Utah Jazz,21500608,2016-01-16T00:00:00,UTA vs. LAL,W,26.1,5.0,0.0,2.0,6.0,3.0,19.0,2.0,16.0,0.0,0.0,2.0,1.0,24.7,1,1,1,1,10755,1603,10158,4675,5299,5109,25786,4025,15259,8004,1,11390,12373,8673,1.0,26:06,2015,2016
2015-16,202332,Cole Aldrich,Cole,1610612746,LAC,LA Clippers,21500609,2016-01-16T00:00:00,LAC vs. SAC,L,28.6,5.0,3.0,0.0,16.0,11.0,5.0,11.0,26.0,3.0,4.0,4.0,6.0,47.0,1,13074,13074,13074,8717,1603,3104,9917,275,18886,11469,21342,7214,347,25926,22104,873,1078,1.0,28:37,2015,2016
2015-16,203477,Isaiah Canaan,Isaiah,1610612755,PHI,Philadelphia 76ers,21500606,2016-01-16T00:00:00,PHI vs. POR,W,31.0,2.0,0.0,5.0,6.0,11.0,12.0,6.0,20.0,1.0,1.0,1.0,4.0,29.8,1,1,1,1,6692,6026,10158,1277,5299,18886,22832,13388,11929,2692,17214,4972,2748,5948,1.0,31:02,2015,2016
2015-16,203083,Andre Drummond,Andre,1610612765,DET,Detroit Pistons,21500605,2016-01-16T00:00:00,DET vs. GSW,W,38.5,0.0,2.0,3.0,12.0,13.0,9.0,8.0,28.0,3.0,4.0,5.0,4.0,47.2,1,1,1,1,1264,12059,4731,3302,988,21300,19144,17194,5824,347,25926,24686,2748,1051,1.0,38:32,2015,2016
2015-16,204001,Kristaps Porziņģis,Kristaps,1610612752,NYK,New York Knicks,21500607,2016-01-16T00:00:00,NYK @ MEM,L,28.4,2.0,0.0,0.0,4.0,7.0,16.0,10.0,22.0,0.0,0.0,2.0,3.0,29.8,1,13074,13074,13074,8894,6026,10158,9917,8599,12242,25155,20169,10265,8004,1,11390,4736,5948,1.0,28:25,2015,2016
2015-16,1626143,Jahlil Okafor,Jahlil,1610612755,PHI,Philadelphia 76ers,21500606,2016-01-16T00:00:00,PHI vs. POR,W,29.2,0.0,0.0,0.0,14.0,10.0,7.0,4.0,12.0,0.0,1.0,4.0,3.0,35.5,1,1,1,1,8254,12059,10158,9917,542,17370,15642,8806,18637,8004,17214,22104,4736,3657,1.0,29:09,2015,2016
2015-16,202326,DeMarcus Cousins,DeMarcus,1610612758,SAC,Sacramento Kings,21500609,2016-01-16T00:00:00,SAC @ LAC,W,33.3,2.0,0.0,0.0,8.0,12.0,7.0,4.0,28.0,2.0,3.0,5.0,6.0,44.6,1,1,1,1,4861,6026,10158,9917,3109,20178,15642,8806,5824,932,25441,24686,873,1438,1.0,33:20,2015,2016
2015-16,101108,Chris Paul,Chris,1610612746,LAC,LA Clippers,21500609,2016-01-16T00:00:00,LAC vs. SAC,L,27.2,0.0,0.0,0.0,2.0,8.0,3.0,8.0,22.0,0.0,0.0,5.0,3.0,29.3,1,13074,13074,13074,9859,12059,10158,9917,12984,13914,7138,17194,10265,8004,1,24686,4736,6202,1.0,27:12,2015,2016
2015-16,201596,Mario Chalmers,Mario,1610612763,MEM,Memphis Grizzlies,21500607,2016-01-16T00:00:00,MEM vs. NYK,W,28.8,0.0,5.0,3.0,2.0,4.0,3.0,6.0,24.0,0.0,0.0,3.0,2.0,24.4,1,1,1,1,8521,12059,995,3302,12984,6141,7138,13388,8723,8004,1,17641,7786,8867,1.0,28:49,2015,2016
2015-16,203486,Mason Plumlee,Mason,1610612757,POR,Portland Trail Blazers,21500606,2016-01-16T00:00:00,POR @ PHI,L,21.7,4.0,5.0,2.0,8.0,5.0,3.0,9.0,26.0,2.0,2.0,2.0,8.0,24.3,1,13074,13074,13074,14446,2460,995,4675,3109,8403,7138,18829,7214,932,23588,11390,254,8939,1.0,21:41,2015,2016
2015-16,202397,Ish Smith,Ish,1610612755,PHI,Philadelphia 76ers,21500606,2016-01-16T00:00:00,PHI vs. POR,W,25.3,1.0,3.0,2.0,12.0,11.0,9.0,4.0,16.0,0.0,0.0,3.0,3.0,28.9,1,1,1,1,11457,11535,3104,4675,988,18886,19144,8806,15259,8004,1,17641,4736,6414,1.0,25:17,2015,2016
2015-16,203124,Kyle O'Quinn,Kyle,1610612752,NYK,New York Knicks,21500607,2016-01-16T00:00:00,NYK @ MEM,L,20.7,2.0,0.0,0.0,6.0,8.0,8.0,2.0,14.0,0.0,0.0,3.0,3.0,19.0,1,13074,13074,13074,15290,6026,10158,9917,5299,13914,17345,4025,17019,8004,1,17641,4736,12440,1.0,20:44,2015,2016
2015-16,203944,Julius Randle,Julius,1610612747,LAL,Los Angeles Lakers,21500608,2016-01-16T00:00:00,LAL @ UTA,L,24.8,0.0,2.0,0.0,6.0,16.0,9.0,6.0,24.0,2.0,1.0,2.0,0.0,23.7,1,13074,13074,13074,11797,12059,4731,9917,5299,23774,19144,13388,8723,932,17214,11390,18762,9329,1.0,24:50,2015,2016
2015-16,2037,Jamal Crawford,Jamal,1610612746,LAC,LA Clippers,21500609,2016-01-16T00:00:00,LAC vs. SAC,L,30.6,3.0,2.0,0.0,6.0,12.0,2.0,2.0,18.0,1.0,0.0,3.0,3.0,25.4,1,13074,13074,13074,7018,4307,4731,9917,5299,20178,3734,4025,13577,2692,1,17641,4736,8273,1.0,30:37,2015,2016
2015-16,204025,Tim Frazier,Tim,1610612757,POR,Portland Trail Blazers,21500606,2016-01-16T00:00:00,POR @ PHI,L,12.0,0.0,0.0,0.0,2.0,0.0,0.0,0.0,8.0,0.0,0.0,2.0,1.0,14.7,1,13074,13074,13074,21529,12059,10158,9917,12984,1,1,1,21543,8004,1,11390,12373,15631,1.0,12:00,2015,2016
2015-16,202388,Donald Sloan,Donald,1610612751,BKN,Brooklyn Nets,21500602,2016-01-16T00:00:00,BKN @ ATL,L,25.3,0.0,0.0,0.0,2.0,13.0,4.0,11.0,34.0,0.0,0.0,2.0,2.0,23.8,1,13074,13074,13074,11457,12059,10158,9917,12984,21300,8458,21342,2701,8004,1,11390,7786,9261,1.0,25:17,2015,2016
2015-16,201956,Omri Casspi,Omri,1610612758,SAC,Sacramento Kings,21500609,2016-01-16T00:00:00,SAC @ LAC,W,29.9,6.0,0.0,0.0,2.0,11.0,6.0,2.0,26.0,0.0,0.0,0.0,0.0,23.8,1,1,1,1,7599,878,10158,9917,12984,18886,13237,4025,7214,8004,1,1,18762,9261,1.0,29:56,2015,2016
2015-16,203145,Kent Bazemore,Kent,1610612737,ATL,Atlanta Hawks,21500602,2016-01-16T00:00:00,ATL vs. BKN,W,27.0,5.0,0.0,7.0,6.0,4.0,1.0,2.0,16.0,0.0,0.0,1.0,1.0,26.1,1,1,1,1,10032,1603,10158,454,5299,6141,3393,4025,15259,8004,1,4972,12373,7836,1.0,26:59,2015,2016
2015-16,203382,Aron Baynes,Aron,1610612765,DET,Detroit Pistons,21500605,2016-01-16T00:00:00,DET vs. GSW,W,9.5,2.0,2.0,0.0,10.0,3.0,2.0,6.0,8.0,2.0,0.0,1.0,0.0,22.8,1,1,1,1,22642,6026,4731,9917,1840,5109,3734,13388,21543,932,1,4972,18762,9883,1.0,9:28,2015,2016
2015-16,202391,Jeremy Lin,Jeremy,1610612766,CHA,Charlotte Hornets,21500603,2016-01-16T00:00:00,CHA vs. MIL,L,21.9,8.0,0.0,6.0,10.0,6.0,4.0,3.0,20.0,0.0,2.0,3.0,3.0,25.5,1,13074,13074,13074,14258,308,10158,740,1840,10028,8458,7328,11929,8004,23588,17641,4736,8230,1.0,21:54,2015,2016
2015-16,201152,Thaddeus Young,Thaddeus,1610612751,BKN,Brooklyn Nets,21500602,2016-01-16T00:00:00,BKN @ ATL,L,26.7,2.0,2.0,2.0,8.0,8.0,4.0,8.0,34.0,1.0,0.0,4.0,4.0,34.4,1,13074,13074,13074,10300,6026,4731,4675,3109,13914,8458,17194,2701,2692,1,22104,2748,4029,1.0,26:40,2015,2016
2015-16,203186,Willie Reed,Willie,1610612751,BKN,Brooklyn Nets,21500602,2016-01-16T00:00:00,BKN @ ATL,L,12.0,0.0,3.0,0.0,2.0,8.0,0.0,7.0,14.0,0.0,0.0,2.0,2.0,9.9,1,13074,13074,13074,21529,12059,3104,9917,12984,13914,1,15538,17019,8004,1,11390,7786,19247,1.0,12:00,2015,2016
2015-16,203953,Jabari Parker,Jabari,1610612749,MIL,Milwaukee Bucks,21500603,2016-01-16T00:00:00,MIL @ CHA,W,30.1,0.0,2.0,1.0,10.0,12.0,6.0,2.0,24.0,0.0,0.0,0.0,1.0,23.4,1,1,1,1,7448,12059,4731,9347,1840,20178,13237,4025,8723,8004,1,1,12373,9501,1.0,30:06,2015,2016
2015-16,203469,Cody Zeller,Cody,1610612766,CHA,Charlotte Hornets,21500603,2016-01-16T00:00:00,CHA vs. MIL,L,23.1,4.0,2.0,0.0,4.0,2.0,8.0,0.0,30.0,0.0,1.0,5.0,4.0,9.9,1,13074,13074,13074,13257,2460,4731,9917,8599,2619,17345,1,4541,8004,17214,24686,2748,19247,1.0,23:08,2015,2016
2015-16,202682,Derrick Williams,Derrick,1610612752,NYK,New York Knicks,21500607,2016-01-16T00:00:00,NYK @ MEM,L,26.1,2.0,3.0,2.0,8.0,10.0,11.0,6.0,18.0,0.0,0.0,1.0,4.0,25.3,1,13074,13074,13074,10803,6026,3104,4675,3109,17370,21814,13388,13577,8004,1,4972,2748,8340,1.0,26:03,2015,2016
2015-16,203482,Kelly Olynyk,Kelly,1610612738,BOS,Boston Celtics,21500604,2016-01-16T00:00:00,BOS @ WAS,W,20.5,2.0,2.0,0.0,2.0,8.0,4.0,10.0,12.0,1.0,0.0,0.0,2.0,19.1,1,1,1,1,15464,6026,4731,9917,12984,13914,8458,20169,18637,2692,1,1,7786,12372,1.0,20:31,2015,2016
2015-16,202066,Garrett Temple,Garrett,1610612764,WAS,Washington Wizards,21500604,2016-01-16T00:00:00,WAS vs. BOS,L,33.5,3.0,3.0,7.0,2.0,7.0,7.0,21.0,26.0,1.0,1.0,3.0,5.0,23.1,1,13074,13074,13074,4739,4307,3104,454,12984,12242,15642,25725,7214,2692,17214,17641,1539,9699,1.0,33:30,2015,2016
2015-16,203143,Pablo Prigioni,Pablo,1610612746,LAC,LA Clippers,21500609,2016-01-16T00:00:00,LAC vs. SAC,L,16.2,0.0,0.0,0.0,2.0,3.0,2.0,0.0,10.0,0.0,0.0,0.0,0.0,14.8,1,13074,13074,13074,18898,12059,10158,9917,12984,5109,3734,1,20209,8004,1,1,18762,15561,1.0,16:11,2015,2016
2015-16,201961,Wayne Ellington,Wayne,1610612751,BKN,Brooklyn Nets,21500602,2016-01-16T00:00:00,BKN @ ATL,L,29.8,2.0,0.0,0.0,0.0,13.0,4.0,13.0,42.0,0.0,0.0,0.0,0.0,14.6,1,13074,13074,13074,7761,6026,10158,9917,18861,21300,8458,23048,670,8004,1,1,18762,15699,1.0,29:45,2015,2016
2015-16,2403,Nene,ene,1610612764,WAS,Washington Wizards,21500604,2016-01-16T00:00:00,WAS vs. BOS,L,11.5,2.0,0.0,0.0,4.0,0.0,5.0,8.0,6.0,1.0,1.0,4.0,2.0,19.6,1,13074,13074,13074,21809,6026,10158,9917,8599,1,11469,17194,22724,2692,17214,22104,7786,12024,1.0,11:32,2015,2016
2015-16,2746,Josh Smith,Josh,1610612746,LAC,LA Clippers,21500609,2016-01-16T00:00:00,LAC vs. SAC,L,19.2,2.0,0.0,0.0,6.0,3.0,0.0,0.0,8.0,0.0,0.0,2.0,1.0,19.4,1,13074,13074,13074,16540,6026,10158,9917,5299,5109,1,1,21543,8004,1,11390,12373,12154,1.0,19:11,2015,2016
2015-16,200757,Thabo Sefolosha,Thabo,1610612737,ATL,Atlanta Hawks,21500602,2016-01-16T00:00:00,ATL vs. BKN,W,18.2,0.0,0.0,0.0,4.0,2.0,2.0,0.0,4.0,2.0,0.0,1.0,3.0,25.0,1,1,1,1,17369,12059,10158,9917,8599,2619,3734,1,23698,932,1,4972,4736,8485,1.0,18:10,2015,2016
2015-16,201143,Al Horford,Al,1610612737,ATL,Atlanta Hawks,21500602,2016-01-16T00:00:00,ATL vs. BKN,W,22.9,4.0,0.0,0.0,6.0,2.0,3.0,2.0,18.0,2.0,0.0,4.0,1.0,25.7,1,1,1,1,13429,2460,10158,9917,5299,2619,7138,4025,13577,932,1,22104,12373,8088,1.0,22:57,2015,2016
2015-16,201167,Arron Afflalo,Arron,1610612752,NYK,New York Knicks,21500607,2016-01-16T00:00:00,NYK @ MEM,L,36.2,0.0,0.0,0.0,2.0,11.0,18.0,10.0,26.0,2.0,0.0,2.0,3.0,23.1,1,13074,13074,13074,2595,12059,10158,9917,12984,18886,25634,20169,7214,932,1,11390,4736,9699,1.0,36:14,2015,2016
2015-16,1626151,Aaron Harrison,Aaron,1610612766,CHA,Charlotte Hornets,21500603,2016-01-16T00:00:00,CHA vs. MIL,L,3.8,0.0,0.0,0.0,0.0,3.0,0.0,0.0,0.0,0.0,0.0,0.0,0.0,1.2,1,13074,13074,13074,24775,12059,10158,9917,18861,5109,1,1,25429,8004,1,1,18762,24661,1.0,3:50,2015,2016
2015-16,2756,Sasha Vujacic,Sasha,1610612752,NYK,New York Knicks,21500607,2016-01-16T00:00:00,NYK @ MEM,L,2.4,0.0,0.0,0.0,0.0,0.0,0.0,0.0,2.0,0.0,0.0,1.0,0.0,6.0,1,13074,13074,13074,25365,12059,10158,9917,18861,1,1,1,24614,8004,1,4972,18762,21878,1.0,2:26,2015,2016
2015-16,1626204,Larry Nance Jr.,Larry,1610612747,LAL,Los Angeles Lakers,21500608,2016-01-16T00:00:00,LAL @ UTA,L,2.9,0.0,0.0,0.0,0.0,0.0,2.0,0.0,2.0,0.0,0.0,0.0,0.0,1.2,1,13074,13074,13074,25160,12059,10158,9917,18861,1,3734,1,24614,8004,1,1,18762,24661,1.0,2:55,2015,2016
2015-16,202329,Al-Farouq Aminu,Al-Farouq,1610612757,POR,Portland Trail Blazers,21500606,2016-01-16T00:00:00,POR @ PHI,L,24.8,2.0,2.0,0.0,2.0,5.0,5.0,14.0,34.0,0.0,0.0,1.0,4.0,11.2,1,13074,13074,13074,11859,6026,4731,9917,12984,8403,11469,23710,2701,8004,1,4972,2748,18267,1.0,24:46,2015,2016
2015-16,1626273,Marcelo Huertas,Marcelo,1610612747,LAL,Los Angeles Lakers,21500608,2016-01-16T00:00:00,LAL @ UTA,L,12.0,0.0,0.0,0.0,2.0,0.0,5.0,0.0,12.0,0.0,0.0,0.0,2.0,10.6,1,13074,13074,13074,21529,12059,10158,9917,12984,1,11469,1,18637,8004,1,1,7786,18723,1.0,12:00,2015,2016
2015-16,1626192,Pat Connaughton,Pat,1610612757,POR,Portland Trail Blazers,21500606,2016-01-16T00:00:00,POR @ PHI,L,6.3,0.0,0.0,0.0,0.0,0.0,0.0,0.0,2.0,0.0,0.0,0.0,1.0,1.2,1,13074,13074,13074,23834,12059,10158,9917,18861,1,1,1,24614,8004,1,1,12373,24661,1.0,6:17,2015,2016
2015-16,203187,Chris Johnson,Chris,1610612762,UTA,Utah Jazz,21500608,2016-01-16T00:00:00,UTA vs. LAL,W,24.2,0.0,0.0,0.0,0.0,9.0,13.0,6.0,12.0,0.0,1.0,1.0,1.0,10.9,1,1,1,1,12360,12059,10158,9917,18861,15771,23668,13388,18637,8004,17214,4972,12373,18498,1.0,24:14,2015,2016
2015-16,203085,Austin Rivers,Austin,1610612746,LAC,LA Clippers,21500609,2016-01-16T00:00:00,LAC vs. SAC,L,22.3,0.0,0.0,0.0,0.0,10.0,2.0,3.0,12.0,0.0,1.0,2.0,2.0,6.2,1,13074,13074,13074,13928,12059,10158,9917,18861,17370,3734,7328,18637,8004,17214,11390,7786,21696,1.0,22:17,2015,2016
2015-16,203898,Tyler Ennis,Tyler,1610612749,MIL,Milwaukee Bucks,21500603,2016-01-16T00:00:00,MIL @ CHA,W,2.7,0.0,0.0,0.0,0.0,2.0,0.0,0.0,0.0,0.0,0.0,1.0,0.0,1.5,1,1,1,1,25241,12059,10158,9917,18861,2619,1,1,25429,8004,1,4972,18762,24473,1.0,2:43,2015,2016
2015-16,202338,Kevin Seraphin,Kevin,1610612752,NYK,New York Knicks,21500607,2016-01-16T00:00:00,NYK @ MEM,L,4.5,0.0,2.0,0.0,0.0,0.0,0.0,0.0,2.0,1.0,1.0,0.0,0.0,6.2,1,13074,13074,13074,24530,12059,4731,9917,18861,1,1,1,24614,2692,17214,1,18762,21696,1.0,4:32,2015,2016
2015-16,201171,Carl Landry,Carl,1610612755,PHI,Philadelphia 76ers,21500606,2016-01-16T00:00:00,PHI vs. POR,W,7.1,0.0,0.0,0.0,0.0,3.0,1.0,2.0,4.0,0.0,0.0,1.0,3.0,6.0,1,1,1,1,23509,12059,10158,9917,18861,5109,3393,4025,23698,8004,1,4972,4736,21878,1.0,7:08,2015,2016
2015-16,201572,Brook Lopez,Brook,1610612751,BKN,Brooklyn Nets,21500602,2016-01-16T00:00:00,BKN @ ATL,L,31.6,0.0,0.0,0.0,4.0,15.0,4.0,11.0,40.0,0.0,3.0,2.0,6.0,13.1,1,13074,13074,13074,6222,12059,10158,9917,8599,23079,8458,21342,983,8004,25441,11390,873,16874,1.0,31:37,2015,2016
2015-16,203210,JaMychal Green,JaMychal,1610612763,MEM,Memphis Grizzlies,21500607,2016-01-16T00:00:00,MEM vs. NYK,W,7.3,0.0,1.0,0.0,0.0,2.0,0.0,0.0,4.0,1.0,0.0,2.0,1.0,7.8,1,1,1,1,23480,12059,9709,9917,18861,2619,1,1,23698,2692,1,11390,12373,20696,1.0,7:16,2015,2016
2015-16,201573,Jerryd Bayless,Jerryd,1610612749,MIL,Milwaukee Bucks,21500603,2016-01-16T00:00:00,MIL @ CHA,W,21.6,0.0,0.0,0.0,0.0,10.0,7.0,6.0,18.0,1.0,0.0,1.0,0.0,16.4,1,1,1,1,14537,12059,10158,9917,18861,17370,15642,13388,13577,2692,1,4972,18762,14289,1.0,21:34,2015,2016
2015-16,200745,Andrea Bargnani,Andrea,1610612751,BKN,Brooklyn Nets,21500602,2016-01-16T00:00:00,BKN @ ATL,L,10.2,0.0,0.0,0.0,0.0,7.0,0.0,5.0,20.0,0.0,0.0,0.0,0.0,7.5,1,13074,13074,13074,22341,12059,10158,9917,18861,12242,1,11593,11929,8004,1,1,18762,20874,1.0,10:13,2015,2016
2015-16,2207,Joe Johnson,Joe,1610612751,BKN,Brooklyn Nets,21500602,2016-01-16T00:00:00,BKN @ ATL,L,26.9,0.0,0.0,0.0,2.0,6.0,4.0,6.0,36.0,0.0,0.0,1.0,0.0,17.8,1,13074,13074,13074,10099,12059,10158,9917,12984,10028,8458,13388,1943,8004,1,4972,18762,13309,1.0,26:54,2015,2016
2015-16,203501,Tim Hardaway Jr.,Tim,1610612737,ATL,Atlanta Hawks,21500602,2016-01-16T00:00:00,ATL vs. BKN,W,23.1,2.0,0.0,2.0,8.0,0.0,7.0,0.0,16.0,0.0,0.0,1.0,0.0,12.7,1,1,1,1,13268,6026,10158,4675,3109,1,15642,1,15259,8004,1,4972,18762,17201,1.0,23:07,2015,2016
2015-16,202323,Evan Turner,Evan,1610612738,BOS,Boston Celtics,21500604,2016-01-16T00:00:00,BOS @ WAS,W,28.5,0.0,2.0,0.0,4.0,12.0,4.0,12.0,22.0,0.0,1.0,1.0,3.0,16.5,1,1,1,1,8838,12059,4731,9917,8599,20178,8458,22259,10265,8004,17214,4972,4736,14224,1.0,28:30,2015,2016
2015-16,1626162,Kelly Oubre Jr.,Kelly,1610612764,WAS,Washington Wizards,21500604,2016-01-16T00:00:00,WAS vs. BOS,L,24.6,8.0,2.0,0.0,6.0,7.0,4.0,18.0,22.0,0.0,1.0,3.0,2.0,21.2,1,13074,13074,13074,11984,308,4731,9917,5299,12242,8458,25228,10265,8004,17214,17641,7786,10936,1.0,24:39,2015,2016
2015-16,203118,Mike Scott,Mike,1610612737,ATL,Atlanta Hawks,21500602,2016-01-16T00:00:00,ATL vs. BKN,W,21.0,0.0,0.0,0.0,0.0,0.0,5.0,0.0,10.0,0.0,0.0,2.0,1.0,21.0,1,1,1,1,15081,12059,10158,9917,18861,1,11469,1,20209,8004,1,11390,12373,11077,1.0,20:58,2015,2016
2015-16,203900,Markel Brown,Markel,1610612751,BKN,Brooklyn Nets,21500602,2016-01-16T00:00:00,BKN @ ATL,L,15.5,0.0,0.0,0.0,0.0,8.0,0.0,7.0,20.0,0.0,0.0,1.0,2.0,13.0,1,13074,13074,13074,19433,12059,10158,9917,18861,13914,1,15538,11929,8004,1,4972,7786,16969,1.0,15:28,2015,2016
2015-16,1626163,Frank Kaminsky,Frank,1610612766,CHA,Charlotte Hornets,21500603,2016-01-16T00:00:00,CHA vs. MIL,L,29.6,0.0,2.0,0.0,6.0,9.0,0.0,1.0,18.0,0.0,1.0,2.0,0.0,21.0,1,13074,13074,13074,7891,12059,4731,9917,5299,15771,1,3646,13577,8004,17214,11390,18762,11077,1.0,29:35,2015,2016
2015-16,201943,Brandon Jennings,Brandon,1610612765,DET,Detroit Pistons,21500605,2016-01-16T00:00:00,DET vs. GSW,W,8.4,2.0,0.0,2.0,2.0,5.0,2.0,6.0,8.0,0.0,1.0,1.0,0.0,7.7,1,1,1,1,23053,6026,10158,4675,12984,8403,3734,13388,21543,8004,17214,4972,18762,20733,1.0,8:25,2015,2016
2015-16,2216,Zach Randolph,Zach,1610612763,MEM,Memphis Grizzlies,21500607,2016-01-16T00:00:00,MEM vs. NYK,W,21.8,3.0,6.0,2.0,6.0,6.0,0.0,6.0,18.0,0.0,2.0,0.0,3.0,21.2,1,1,1,1,14365,4307,481,4675,5299,10028,1,13388,13577,8004,23588,1,4736,10936,1.0,21:46,2015,2016
2015-16,201579,Roy Hibbert,Roy,1610612747,LAL,Los Angeles Lakers,21500608,2016-01-16T00:00:00,LAL @ UTA,L,26.5,0.0,0.0,0.0,2.0,9.0,14.0,3.0,22.0,1.0,1.0,4.0,2.0,13.0,1,13074,13074,13074,10474,12059,10158,9917,12984,15771,24300,7328,10265,2692,17214,22104,7786,16969,1.0,26:28,2015,2016
2015-16,2594,Kyle Korver,Kyle,1610612737,ATL,Atlanta Hawks,21500602,2016-01-16T00:00:00,ATL vs. BKN,W,21.3,0.0,2.0,0.0,0.0,2.0,0.0,2.0,14.0,0.0,0.0,1.0,0.0,12.6,1,1,1,1,14833,12059,4731,9917,18861,2619,1,4025,17019,8004,1,4972,18762,17277,1.0,21:15,2015,2016
2015-16,202390,Gary Neal,Gary,1610612764,WAS,Washington Wizards,21500604,2016-01-16T00:00:00,WAS vs. BOS,L,25.0,1.0,2.0,1.0,2.0,6.0,6.0,10.0,22.0,0.0,0.0,2.0,3.0,16.6,1,13074,13074,13074,11670,11535,4731,9347,12984,10028,13237,20169,10265,8004,1,11390,4736,14125,1.0,25:00,2015,2016
2015-16,101161,Amir Johnson,Amir,1610612738,BOS,Boston Celtics,21500604,2016-01-16T00:00:00,BOS @ WAS,W,25.7,0.0,0.0,0.0,4.0,18.0,9.0,13.0,28.0,2.0,0.0,5.0,3.0,21.1,1,1,1,1,11132,12059,10158,9917,8599,24749,19144,23048,5824,932,1,24686,4736,11012,1.0,25:41,2015,2016
2015-16,101181,Jose Calderon,Jose,1610612752,NYK,New York Knicks,21500607,2016-01-16T00:00:00,NYK @ MEM,L,31.8,0.0,0.0,0.0,2.0,7.0,18.0,8.0,22.0,0.0,0.0,1.0,1.0,18.1,1,13074,13074,13074,6048,12059,10158,9917,12984,12242,25634,17194,10265,8004,1,4972,12373,13090,1.0,31:50,2015,2016
2015-16,203138,Hollis Thompson,Hollis,1610612755,PHI,Philadelphia 76ers,21500606,2016-01-16T00:00:00,PHI vs. POR,W,23.1,0.0,0.0,0.0,0.0,9.0,4.0,4.0,12.0,0.0,0.0,2.0,0.0,8.3,1,1,1,1,13301,12059,10158,9917,18861,15771,8458,8806,18637,8004,1,11390,18762,20376,1.0,23:06,2015,2016
2015-16,203499,Shane Larkin,Shane,1610612751,BKN,Brooklyn Nets,21500602,2016-01-16T00:00:00,BKN @ ATL,L,22.7,0.0,0.0,0.0,2.0,10.0,0.0,9.0,30.0,1.0,2.0,1.0,0.0,12.7,1,13074,13074,13074,13594,12059,10158,9917,12984,17370,1,18829,4541,2692,23588,4972,18762,17201,1.0,22:43,2015,2016
2015-16,1626169,Stanley Johnson,Stanley,1610612765,DET,Detroit Pistons,21500605,2016-01-16T00:00:00,DET vs. GSW,W,20.3,0.0,0.0,0.0,2.0,5.0,3.0,12.0,16.0,1.0,0.0,3.0,0.0,20.9,1,1,1,1,15679,12059,10158,9917,12984,8403,7138,22259,15259,2692,1,17641,18762,11132,1.0,20:15,2015,2016
2015-16,201575,Brandon Rush,Brandon,1610612744,GSW,Golden State Warriors,21500605,2016-01-16T00:00:00,GSW @ DET,L,9.1,0.0,0.0,0.0,0.0,2.0,2.0,2.0,8.0,0.0,0.0,0.0,0.0,3.0,1,13074,13074,13074,22787,12059,10158,9917,18861,2619,3734,4025,21543,8004,1,1,18762,23648,1.0,9:08,2015,2016
2015-16,203526,Raul Neto,Raul,1610612762,UTA,Utah Jazz,21500608,2016-01-16T00:00:00,UTA vs. LAL,W,25.2,0.0,3.0,0.0,4.0,6.0,8.0,4.0,16.0,0.0,1.0,3.0,2.0,16.0,1,1,1,1,11499,12059,3104,9917,8599,10028,17345,8806,15259,8004,17214,17641,7786,14590,1.0,25:14,2015,2016
2015-16,203943,Noah Vonleh,Noah,1610612757,POR,Portland Trail Blazers,21500606,2016-01-16T00:00:00,POR @ PHI,L,21.4,1.0,1.0,0.0,0.0,0.0,0.0,0.0,20.0,0.0,0.0,5.0,2.0,18.5,1,13074,13074,13074,14727,11535,9709,9917,18861,1,1,1,11929,8004,1,24686,7786,12794,1.0,21:22,2015,2016
2015-16,201945,Gerald Henderson,Gerald,1610612757,POR,Portland Trail Blazers,21500606,2016-01-16T00:00:00,POR @ PHI,L,19.0,2.0,2.0,2.0,4.0,2.0,2.0,7.0,18.0,0.0,0.0,0.0,0.0,18.0,1,13074,13074,13074,16671,6026,4731,4675,8599,2619,3734,15538,13577,8004,1,1,18762,13164,1.0,19:02,2015,2016
2015-16,201168,Tiago Splitter,Tiago,1610612737,ATL,Atlanta Hawks,21500602,2016-01-16T00:00:00,ATL vs. BKN,W,16.5,0.0,0.0,2.0,8.0,4.0,0.0,0.0,6.0,0.0,1.0,3.0,2.0,16.0,1,1,1,1,18689,12059,10158,4675,3109,6141,1,1,22724,8004,17214,17641,7786,14590,1.0,16:27,2015,2016
2015-16,203148,Brian Roberts,Brian,1610612766,CHA,Charlotte Hornets,21500603,2016-01-16T00:00:00,CHA vs. MIL,L,11.6,2.0,0.0,0.0,0.0,3.0,0.0,1.0,2.0,0.0,0.0,2.0,1.0,8.7,1,13074,13074,13074,21759,6026,10158,9917,18861,5109,1,3646,24614,8004,1,11390,12373,20045,1.0,11:38,2015,2016
2015-16,203092,Tyler Zeller,Tyler,1610612738,BOS,Boston Celtics,21500604,2016-01-16T00:00:00,BOS @ WAS,W,4.6,0.0,0.0,0.0,0.0,0.0,0.0,2.0,2.0,0.0,0.0,2.0,1.0,3.6,1,1,1,1,24512,12059,10158,9917,18861,1,1,4025,24614,8004,1,11390,12373,23310,1.0,4:35,2015,2016
2015-16,200811,Lou Amundson,Lou,1610612752,NYK,New York Knicks,21500607,2016-01-16T00:00:00,NYK @ MEM,L,4.3,0.0,0.0,0.0,0.0,0.0,0.0,0.0,0.0,0.0,0.0,2.0,0.0,0.0,1,13074,13074,13074,24603,12059,10158,9917,18861,1,1,1,25429,8004,1,11390,18762,25170,1.0,4:20,2015,2016
2015-16,203903,Jordan Clarkson,Jordan,1610612747,LAL,Los Angeles Lakers,21500608,2016-01-16T00:00:00,LAL @ UTA,L,24.7,0.0,4.0,0.0,6.0,9.0,18.0,1.0,22.0,0.0,1.0,2.0,1.0,13.3,1,13074,13074,13074,11941,12059,1596,9917,5299,15771,25634,3646,10265,8004,17214,11390,12373,16712,1.0,24:41,2015,2016
2015-16,203584,Troy Daniels,Troy,1610612766,CHA,Charlotte Hornets,21500603,2016-01-16T00:00:00,CHA vs. MIL,L,3.8,0.0,0.0,0.0,0.0,3.0,0.0,0.0,0.0,0.0,0.0,0.0,0.0,5.4,1,13074,13074,13074,24775,12059,10158,9917,18861,5109,1,1,25429,8004,1,1,18762,22242,1.0,3:50,2015,2016
2015-16,201971,DeJuan Blair,DeJuan,1610612764,WAS,Washington Wizards,21500604,2016-01-16T00:00:00,WAS vs. BOS,L,0.1,0.0,0.0,0.0,0.0,0.0,0.0,0.0,0.0,0.0,0.0,0.0,0.0,0.0,1,13074,13074,13074,26041,12059,10158,9917,18861,1,1,1,25429,8004,1,1,18762,25170,1.0,0:06,2015,2016
2015-16,203459,Allen Crabbe,Allen,1610612757,POR,Portland Trail Blazers,21500606,2016-01-16T00:00:00,POR @ PHI,L,20.1,0.0,0.0,0.0,0.0,8.0,4.0,15.0,20.0,0.0,0.0,0.0,0.0,6.7,1,13074,13074,13074,15834,12059,10158,9917,18861,13914,8458,24242,11929,8004,1,1,18762,21376,1.0,20:06,2015,2016
2015-16,203508,Sergey Karasev,Sergey,1610612751,BKN,Brooklyn Nets,21500602,2016-01-16T00:00:00,BKN @ ATL,L,2.8,0.0,0.0,0.0,0.0,2.0,0.0,0.0,2.0,0.0,0.0,0.0,1.0,4.4,1,13074,13074,13074,25200,12059,10158,9917,18861,2619,1,1,24614,8004,1,1,12373,22837,1.0,2:47,2015,2016
2015-16,203142,Chris Copeland,Chris,1610612749,MIL,Milwaukee Bucks,21500603,2016-01-16T00:00:00,MIL @ CHA,W,2.7,3.0,0.0,0.0,0.0,2.0,0.0,0.0,0.0,0.0,0.0,0.0,0.0,4.2,1,1,1,1,25241,4307,10158,9917,18861,2619,1,1,25429,8004,1,1,18762,22976,1.0,2:43,2015,2016
2015-16,2733,Shaun Livingston,Shaun,1610612744,GSW,Golden State Warriors,21500605,2016-01-16T00:00:00,GSW @ DET,L,14.5,0.0,2.0,3.0,4.0,5.0,4.0,2.0,20.0,0.0,0.0,1.0,1.0,9.4,1,13074,13074,13074,20093,12059,4731,3302,8599,8403,8458,4025,11929,8004,1,4972,12373,19568,1.0,14:31,2015,2016
2015-16,201585,Kosta Koufos,Kosta,1610612758,SAC,Sacramento Kings,21500609,2016-01-16T00:00:00,SAC @ LAC,W,14.5,0.0,0.0,0.0,2.0,7.0,2.0,0.0,14.0,0.0,0.0,1.0,1.0,9.4,1,1,1,1,20126,12059,10158,9917,12984,12242,3734,1,17019,8004,1,4972,12373,19568,1.0,14:28,2015,2016
2015-16,977,Kobe Bryant,Kobe,1610612747,LAL,Los Angeles Lakers,21500608,2016-01-16T00:00:00,LAL @ UTA,L,14.7,0.0,2.0,0.0,0.0,9.0,9.0,2.0,12.0,0.0,0.0,0.0,0.0,9.2,1,13074,13074,13074,19982,12059,4731,9917,18861,15771,19144,4025,18637,8004,1,1,18762,19680,1.0,14:40,2015,2016
2015-16,1626266,JJ O'Brien,JJ,1610612762,UTA,Utah Jazz,21500608,2016-01-16T00:00:00,UTA vs. LAL,W,4.5,0.0,0.0,0.0,0.0,4.0,4.0,2.0,4.0,0.0,0.0,1.0,0.0,4.2,1,1,1,1,24561,12059,10158,9917,18861,6141,8458,4025,23698,8004,1,4972,18762,22976,1.0,4:27,2015,2016
2015-16,202353,Tibor Pleiss,Tibor,1610612762,UTA,Utah Jazz,21500608,2016-01-16T00:00:00,UTA vs. LAL,W,5.9,0.0,0.0,0.0,2.0,6.0,4.0,4.0,6.0,1.0,0.0,1.0,0.0,3.2,1,1,1,1,24017,12059,10158,9917,12984,10028,8458,8806,22724,2692,1,4972,18762,23473,1.0,5:52,2015,2016
2015-16,201156,Nick Young,Nick,1610612747,LAL,Los Angeles Lakers,21500608,2016-01-16T00:00:00,LAL @ UTA,L,12.0,0.0,0.0,0.0,0.0,0.0,5.0,0.0,12.0,0.0,0.0,0.0,0.0,4.9,1,13074,13074,13074,21529,12059,10158,9917,18861,1,11469,1,18637,8004,1,1,18762,22621,1.0,12:00,2015,2016
2015-16,203080,Thomas Robinson,Thomas,1610612751,BKN,Brooklyn Nets,21500602,2016-01-16T00:00:00,BKN @ ATL,L,15.5,0.0,2.0,0.0,4.0,8.0,0.0,9.0,20.0,1.0,0.0,4.0,1.0,8.8,1,13074,13074,13074,19406,12059,4731,9917,8599,13914,1,18829,11929,2692,1,22104,12373,19994,1.0,15:30,2015,2016
2015-16,203090,Maurice Harkless,Maurice,1610612757,POR,Portland Trail Blazers,21500606,2016-01-16T00:00:00,POR @ PHI,L,13.6,0.0,2.0,0.0,2.0,6.0,4.0,13.0,16.0,1.0,0.0,1.0,0.0,8.7,1,13074,13074,13074,20648,12059,4731,9917,12984,10028,8458,23048,15259,2692,1,4972,18762,20045,1.0,13:35,2015,2016
2015-16,203088,Kendall Marshall,Kendall,1610612755,PHI,Philadelphia 76ers,21500606,2016-01-16T00:00:00,PHI vs. POR,W,7.8,0.0,0.0,0.0,0.0,3.0,1.0,2.0,4.0,0.0,0.0,0.0,0.0,5.4,1,1,1,1,23288,12059,10158,9917,18861,5109,3393,4025,23698,8004,1,1,18762,22242,1.0,7:45,2015,2016
2015-16,201601,Luc Mbah a Moute,Luc,1610612746,LAC,LA Clippers,21500609,2016-01-16T00:00:00,LAC vs. SAC,L,21.0,2.0,2.0,0.0,2.0,4.0,3.0,9.0,20.0,0.0,3.0,2.0,0.0,13.4,1,13074,13074,13074,15018,6026,4731,9917,12984,6141,7138,18829,11929,8004,25441,11390,18762,16614,1.0,21:02,2015,2016
2015-16,203546,Ian Clark,Ian,1610612744,GSW,Golden State Warriors,21500605,2016-01-16T00:00:00,GSW @ DET,L,2.8,0.0,0.0,0.0,0.0,0.0,0.0,0.0,2.0,0.0,0.0,0.0,0.0,0.0,1,13074,13074,13074,25189,12059,10158,9917,18861,1,1,1,24614,8004,1,1,18762,25170,1.0,2:49,2015,2016
2015-16,201577,Robin Lopez,Robin,1610612752,NYK,New York Knicks,21500607,2016-01-16T00:00:00,NYK @ MEM,L,15.0,0.0,0.0,0.0,4.0,3.0,6.0,8.0,14.0,2.0,3.0,4.0,0.0,13.4,1,13074,13074,13074,19742,12059,10158,9917,8599,5109,13237,17194,17019,932,25441,22104,18762,16614,1.0,15:01,2015,2016
2015-16,203200,Justin Holiday,Justin,1610612737,ATL,Atlanta Hawks,21500602,2016-01-16T00:00:00,ATL vs. BKN,W,7.0,0.0,0.0,0.0,0.0,0.0,4.0,0.0,10.0,0.0,0.0,1.0,0.0,0.0,1,1,1,1,23569,12059,10158,9917,18861,1,8458,1,20209,8004,1,4972,18762,25170,1.0,6:59,2015,2016
2015-16,2581,Steve Blake,Steve,1610612765,DET,Detroit Pistons,21500605,2016-01-16T00:00:00,DET vs. GSW,W,7.1,6.0,0.0,0.0,0.0,0.0,1.0,0.0,0.0,0.0,0.0,1.0,0.0,8.9,1,1,1,1,23542,878,10158,9917,18861,1,3393,1,25429,8004,1,4972,18762,19914,1.0,7:03,2015,2016
2015-16,203101,Miles Plumlee,Miles,1610612749,MIL,Milwaukee Bucks,21500603,2016-01-16T00:00:00,MIL @ CHA,W,2.7,0.0,0.0,0.0,0.0,2.0,0.0,0.0,0.0,0.0,0.0,1.0,0.0,0.0,1,1,1,1,25241,12059,10158,9917,18861,2619,1,1,25429,8004,1,4972,18762,25170,1.0,2:43,2015,2016
2015-16,1626170,Jerian Grant,Jerian,1610612752,NYK,New York Knicks,21500607,2016-01-16T00:00:00,NYK @ MEM,L,16.2,0.0,0.0,0.0,0.0,4.0,0.0,4.0,10.0,1.0,1.0,1.0,1.0,6.9,1,13074,13074,13074,18913,12059,10158,9917,18861,6141,1,8806,20209,2692,17214,4972,12373,21262,1.0,16:10,2015,2016
2015-16,203488,Mike Muscala,Mike,1610612737,ATL,Atlanta Hawks,21500602,2016-01-16T00:00:00,ATL vs. BKN,W,7.9,0.0,0.0,2.0,2.0,0.0,4.0,0.0,12.0,0.0,0.0,2.0,0.0,4.4,1,1,1,1,23211,12059,10158,4675,12984,1,8458,1,18637,8004,1,11390,18762,22837,1.0,7:56,2015,2016
2015-16,203948,Johnny O'Bryant III,Johnny,1610612749,MIL,Milwaukee Bucks,21500603,2016-01-16T00:00:00,MIL @ CHA,W,19.0,2.0,0.0,0.0,0.0,10.0,5.0,6.0,12.0,1.0,0.0,1.0,2.0,5.2,1,1,1,1,16722,6026,10158,9917,18861,17370,11469,13388,18637,2692,1,4972,7786,22370,1.0,18:58,2015,2016
2015-16,2738,Andre Iguodala,Andre,1610612744,GSW,Golden State Warriors,21500605,2016-01-16T00:00:00,GSW @ DET,L,22.4,0.0,0.0,0.0,0.0,11.0,4.0,2.0,22.0,0.0,0.0,2.0,0.0,9.5,1,13074,13074,13074,13822,12059,10158,9917,18861,18886,8458,4025,10265,8004,1,11390,18762,19519,1.0,22:25,2015,2016
2015-16,201946,Tyler Hansbrough,Tyler,1610612766,CHA,Charlotte Hornets,21500603,2016-01-16T00:00:00,CHA vs. MIL,L,3.8,0.0,0.0,0.0,0.0,3.0,0.0,0.0,0.0,0.0,0.0,0.0,1.0,5.0,1,13074,13074,13074,24775,12059,10158,9917,18861,5109,1,1,25429,8004,1,1,12373,22500,1.0,3:50,2015,2016
2015-16,2571,Leandro Barbosa,Leandro,1610612744,GSW,Golden State Warriors,21500605,2016-01-16T00:00:00,GSW @ DET,L,13.2,0.0,0.0,0.0,2.0,5.0,2.0,2.0,16.0,0.0,3.0,2.0,0.0,4.6,1,13074,13074,13074,20862,12059,10158,9917,12984,8403,3734,4025,15259,8004,25441,11390,18762,22734,1.0,13:13,2015,2016
2015-16,202711,Bojan Bogdanović,Bojan,1610612751,BKN,Brooklyn Nets,21500602,2016-01-16T00:00:00,BKN @ ATL,L,21.1,0.0,0.0,0.0,6.0,17.0,0.0,14.0,28.0,0.0,0.0,0.0,2.0,9.2,1,13074,13074,13074,14974,12059,10158,9917,5299,24337,1,23710,5824,8004,1,1,7786,19680,1.0,21:06,2015,2016
2015-16,1713,Vince Carter,Vince,1610612763,MEM,Memphis Grizzlies,21500607,2016-01-16T00:00:00,MEM vs. NYK,W,5.9,0.0,0.0,0.0,0.0,2.0,2.0,2.0,2.0,0.0,1.0,0.0,0.0,1.0,1,1,1,1,23999,12059,10158,9917,18861,2619,3734,4025,24614,8004,17214,1,18762,24960,1.0,5:55,2015,2016
2015-16,201229,Anthony Tolliver,Anthony,1610612765,DET,Detroit Pistons,21500605,2016-01-16T00:00:00,DET vs. GSW,W,15.5,0.0,0.0,0.0,2.0,6.0,2.0,6.0,6.0,0.0,0.0,1.0,1.0,8.6,1,1,1,1,19414,12059,10158,9917,12984,10028,3734,13388,22724,8004,1,4972,12373,20125,1.0,15:29,2015,2016
2015-16,203485,Lorenzo Brown,Lorenzo,1610612756,PHX,Phoenix Suns,21500595,2016-01-15T00:00:00,PHX @ BOS,L,5.0,0.0,0.0,0.0,0.0,2.0,2.0,0.0,2.0,0.0,0.0,0.0,0.0,3.2,1,13074,13074,13074,24385,12059,10158,9917,18861,2619,3734,1,24614,8004,1,1,18762,23473,1.0,4:57,2015,2016
2015-16,201168,Tiago Splitter,Tiago,1610612737,ATL,Atlanta Hawks,21500599,2016-01-15T00:00:00,ATL @ MIL,L,12.6,2.0,2.0,0.0,4.0,6.0,0.0,3.0,10.0,0.0,1.0,1.0,1.0,8.8,1,13074,13074,13074,21217,6026,4731,9917,8599,10028,1,7328,20209,8004,17214,4972,12373,19994,1.0,12:35,2015,2016
2015-16,203118,Mike Scott,Mike,1610612737,ATL,Atlanta Hawks,21500599,2016-01-15T00:00:00,ATL @ MIL,L,18.5,0.0,0.0,0.0,0.0,11.0,8.0,2.0,22.0,0.0,1.0,1.0,0.0,5.4,1,13074,13074,13074,17112,12059,10158,9917,18861,18886,17345,4025,10265,8004,17214,4972,18762,22242,1.0,18:28,2015,2016
2015-16,2405,Amar'e Stoudemire,Amar'e,1610612748,MIA,Miami Heat,21500600,2016-01-15T00:00:00,MIA @ DEN,W,6.4,0.0,5.0,0.0,4.0,4.0,0.0,0.0,8.0,0.0,1.0,1.0,1.0,8.9,1,1,1,1,23794,12059,995,9917,8599,6141,1,1,21543,8004,17214,4972,12373,19914,1.0,6:22,2015,2016
2015-16,1626196,Josh Richardson,Josh,1610612748,MIA,Miami Heat,21500600,2016-01-15T00:00:00,MIA @ DEN,W,10.4,2.0,0.0,2.0,2.0,4.0,3.0,0.0,12.0,0.0,0.0,2.0,0.0,3.2,1,1,1,1,22259,6026,10158,4675,12984,6141,7138,1,18637,8004,1,11390,18762,23473,1.0,10:26,2015,2016
2015-16,203926,Doug McDermott,Doug,1610612741,CHI,Chicago Bulls,21500597,2016-01-15T00:00:00,CHI vs. DAL,L,20.7,0.0,0.0,0.0,0.0,3.0,5.0,0.0,8.0,0.0,2.0,0.0,0.0,4.8,1,13074,13074,13074,15326,12059,10158,9917,18861,5109,11469,1,21543,8004,23588,1,18762,22657,1.0,20:41,2015,2016
2015-16,203930,Sean Kilpatrick,Sean,1610612743,DEN,Denver Nuggets,21500600,2016-01-15T00:00:00,DEN vs. MIA,L,0.0,0.0,0.0,0.0,0.0,0.0,0.0,0.0,0.0,0.0,0.0,0.0,0.0,0.0,1,13074,13074,13074,26058,12059,10158,9917,18861,1,1,1,25429,8004,1,1,18762,25170,1.0,0:03,2015,2016
2015-16,202389,Timofey Mozgov,Timofey,1610612739,CLE,Cleveland Cavaliers,21500601,2016-01-15T00:00:00,CLE @ HOU,W,17.6,0.0,0.0,0.0,0.0,10.0,4.0,3.0,14.0,1.0,0.0,3.0,0.0,8.9,1,1,1,1,17834,12059,10158,9917,18861,17370,8458,7328,17019,2692,1,17641,18762,19914,1.0,17:35,2015,2016
2015-16,1626171,Bobby Portis,Bobby,1610612741,CHI,Chicago Bulls,21500597,2016-01-15T00:00:00,CHI vs. DAL,L,6.2,0.0,3.0,2.0,2.0,0.0,5.0,0.0,2.0,0.0,0.0,1.0,0.0,5.2,1,13074,13074,13074,23863,12059,3104,4675,12984,1,11469,1,24614,8004,1,4972,18762,22370,1.0,6:14,2015,2016
2015-16,203145,Kent Bazemore,Kent,1610612737,ATL,Atlanta Hawks,21500599,2016-01-15T00:00:00,ATL @ MIL,L,23.3,2.0,0.0,2.0,4.0,8.0,6.0,5.0,30.0,0.0,1.0,6.0,1.0,9.5,1,13074,13074,13074,13092,6026,10158,4675,8599,13914,13237,11593,4541,8004,17214,25827,12373,19519,1.0,23:20,2015,2016
2015-16,203923,James Young,James,1610612738,BOS,Boston Celtics,21500595,2016-01-15T00:00:00,BOS vs. PHX,W,1.2,0.0,0.0,0.0,0.0,0.0,0.0,2.0,0.0,0.0,0.0,1.0,0.0,0.0,1,1,1,1,25805,12059,10158,9917,18861,1,1,4025,25429,8004,1,4972,18762,25170,1.0,1:11,2015,2016
2015-16,203798,PJ Hairston,PJ,1610612766,CHA,Charlotte Hornets,21500598,2016-01-15T00:00:00,CHA @ NOP,L,27.0,0.0,0.0,0.0,4.0,6.0,10.0,2.0,18.0,0.0,0.0,2.0,0.0,9.4,1,13074,13074,13074,10044,12059,10158,9917,8599,10028,20509,4025,13577,8004,1,11390,18762,19568,1.0,26:58,2015,2016
2015-16,201951,Ty Lawson,Ty,1610612745,HOU,Houston Rockets,21500601,2016-01-15T00:00:00,HOU vs. CLE,L,6.1,0.0,0.0,0.0,0.0,4.0,0.0,4.0,4.0,0.0,0.0,1.0,0.0,0.0,1,13074,13074,13074,23918,12059,10158,9917,18861,6141,1,8806,23698,8004,1,4972,18762,25170,1.0,6:07,2015,2016
2015-16,201600,Omer Asik,Omer,1610612740,NOP,New Orleans Pelicans,21500598,2016-01-15T00:00:00,NOP vs. CHA,W,13.6,0.0,0.0,0.0,0.0,0.0,0.0,5.0,10.0,1.0,0.0,1.0,1.0,6.6,1,1,1,1,20671,12059,10158,9917,18861,1,1,11593,20209,2692,1,4972,12373,21445,1.0,13:33,2015,2016
2015-16,203200,Justin Holiday,Justin,1610612737,ATL,Atlanta Hawks,21500599,2016-01-15T00:00:00,ATL @ MIL,L,0.4,0.0,0.0,0.0,0.0,0.0,0.0,0.0,0.0,0.0,0.0,0.0,0.0,0.0,1,13074,13074,13074,25989,12059,10158,9917,18861,1,1,1,25429,8004,1,1,18762,25170,1.0,0:23,2015,2016
2015-16,202713,Kyle Singler,Kyle,1610612760,OKC,Oklahoma City Thunder,21500594,2016-01-15T00:00:00,OKC vs. MIN,W,9.8,2.0,0.0,2.0,4.0,0.0,9.0,0.0,10.0,0.0,0.0,0.0,1.0,5.2,1,1,1,1,22519,6026,10158,4675,8599,1,19144,1,20209,8004,1,1,12373,22370,1.0,9:49,2015,2016
2015-16,1626173,Rashad Vaughn,Rashad,1610612749,MIL,Milwaukee Bucks,21500599,2016-01-15T00:00:00,MIL vs. ATL,W,12.4,0.0,0.0,0.0,0.0,6.0,2.0,4.0,10.0,0.0,0.0,0.0,0.0,0.0,1,1,1,1,21333,12059,10158,9917,18861,10028,3734,8806,20209,8004,1,1,18762,25170,1.0,12:24,2015,2016
2015-16,201147,Corey Brewer,Corey,1610612745,HOU,Houston Rockets,21500601,2016-01-15T00:00:00,HOU vs. CLE,L,13.3,2.0,0.0,2.0,2.0,6.0,4.0,4.0,16.0,0.0,0.0,2.0,2.0,4.2,1,13074,13074,13074,20792,6026,10158,4675,12984,10028,8458,8806,15259,8004,1,11390,7786,22976,1.0,13:20,2015,2016
2015-16,101111,Charlie Villanueva,Charlie,1610612742,DAL,Dallas Mavericks,21500597,2016-01-15T00:00:00,DAL @ CHI,W,2.8,0.0,0.0,0.0,0.0,0.0,0.0,0.0,8.0,0.0,0.0,0.0,0.0,0.0,1,1,1,1,25188,12059,10158,9917,18861,1,1,1,21543,8004,1,1,18762,25170,1.0,2:49,2015,2016
2015-16,203508,Sergey Karasev,Sergey,1610612751,BKN,Brooklyn Nets,21500596,2016-01-15T00:00:00,BKN vs. POR,L,5.4,0.0,0.0,0.0,0.0,2.0,0.0,2.0,10.0,0.0,0.0,0.0,0.0,0.0,1,13074,13074,13074,24231,12059,10158,9917,18861,2619,1,4025,20209,8004,1,1,18762,25170,1.0,5:21,2015,2016
2015-16,1626154,RJ Hunter,RJ,1610612738,BOS,Boston Celtics,21500595,2016-01-15T00:00:00,BOS vs. PHX,W,1.2,0.0,0.0,0.0,0.0,0.0,0.0,2.0,0.0,0.0,0.0,0.0,0.0,0.0,1,1,1,1,25805,12059,10158,9917,18861,1,1,4025,25429,8004,1,1,18762,25170,1.0,1:11,2015,2016
2015-16,203939,Dwight Powell,Dwight,1610612742,DAL,Dallas Mavericks,21500597,2016-01-15T00:00:00,DAL @ CHI,W,14.4,0.0,0.0,0.0,0.0,7.0,2.0,7.0,14.0,0.0,0.0,0.0,2.0,3.6,1,1,1,1,20163,12059,10158,9917,18861,12242,3734,15538,17019,8004,1,1,7786,23310,1.0,14:24,2015,2016
2015-16,201166,Aaron Brooks,Aaron,1610612741,CHI,Chicago Bulls,21500597,2016-01-15T00:00:00,CHI vs. DAL,L,7.1,2.0,0.0,0.0,0.0,0.0,3.0,0.0,0.0,0.0,0.0,0.0,0.0,3.5,1,13074,13074,13074,23509,6026,10158,9917,18861,1,7138,1,25429,8004,1,1,18762,23351,1.0,7:08,2015,2016
2015-16,201149,Joakim Noah,Joakim,1610612741,CHI,Chicago Bulls,21500597,2016-01-15T00:00:00,CHI vs. DAL,L,5.9,0.0,2.0,0.0,2.0,0.0,0.0,3.0,6.0,0.0,0.0,2.0,0.0,4.4,1,13074,13074,13074,24029,12059,4731,9917,12984,1,1,7328,22724,8004,1,11390,18762,22837,1.0,5:51,2015,2016
2015-16,202323,Evan Turner,Evan,1610612738,BOS,Boston Celtics,21500595,2016-01-15T00:00:00,BOS vs. PHX,W,25.1,0.0,0.0,0.0,0.0,9.0,6.0,6.0,18.0,0.0,0.0,2.0,1.0,5.2,1,1,1,1,11631,12059,10158,9917,18861,15771,13237,13388,13577,8004,1,11390,12373,22370,1.0,25:03,2015,2016
2015-16,203956,Mitch McGary,Mitch,1610612760,OKC,Oklahoma City Thunder,21500594,2016-01-15T00:00:00,OKC vs. MIN,W,4.5,0.0,0.0,0.0,0.0,0.0,7.0,0.0,8.0,0.0,0.0,2.0,0.0,0.0,1,1,1,1,24530,12059,10158,9917,18861,1,15642,1,21543,8004,1,11390,18762,25170,1.0,4:32,2015,2016
2015-16,203099,Jared Cunningham,Jared,1610612739,CLE,Cleveland Cavaliers,21500601,2016-01-15T00:00:00,CLE @ HOU,W,3.0,0.0,0.0,0.0,0.0,2.0,2.0,2.0,4.0,0.0,1.0,0.0,0.0,0.0,1,1,1,1,25127,12059,10158,9917,18861,2619,3734,4025,23698,8004,17214,1,18762,25170,1.0,3:00,2015,2016
2015-16,203090,Maurice Harkless,Maurice,1610612757,POR,Portland Trail Blazers,21500596,2016-01-15T00:00:00,POR @ BKN,W,15.6,2.0,0.0,2.0,4.0,5.0,8.0,0.0,12.0,0.0,0.0,1.0,0.0,9.4,1,1,1,1,19322,6026,10158,4675,8599,8403,17345,1,18637,8004,1,4972,18762,19568,1.0,15:38,2015,2016
2015-16,201582,Alexis Ajinca,Alexis,1610612740,NOP,New Orleans Pelicans,21500598,2016-01-15T00:00:00,NOP vs. CHA,W,6.3,2.0,0.0,0.0,2.0,3.0,2.0,0.0,4.0,0.0,0.0,2.0,1.0,5.2,1,1,1,1,23834,6026,10158,9917,12984,5109,3734,1,23698,8004,1,11390,12373,22370,1.0,6:17,2015,2016
2015-16,708,Kevin Garnett,Kevin,1610612750,MIN,Minnesota Timberwolves,21500594,2016-01-15T00:00:00,MIN @ OKC,L,9.6,0.0,0.0,0.0,0.0,0.0,2.0,0.0,14.0,0.0,0.0,0.0,1.0,4.7,1,13074,13074,13074,22601,12059,10158,9917,18861,1,3734,1,17019,8004,1,1,12373,22672,1.0,9:34,2015,2016
2015-16,202711,Bojan Bogdanović,Bojan,1610612751,BKN,Brooklyn Nets,21500596,2016-01-15T00:00:00,BKN vs. POR,L,16.0,0.0,0.0,0.0,2.0,5.0,4.0,4.0,20.0,0.0,2.0,0.0,1.0,5.4,1,13074,13074,13074,19045,12059,10158,9917,12984,8403,8458,8806,11929,8004,23588,1,12373,22242,1.0,15:60,2015,2016
2015-16,201150,Spencer Hawes,Spencer,1610612766,CHA,Charlotte Hornets,21500598,2016-01-15T00:00:00,CHA @ NOP,L,11.3,0.0,4.0,0.0,2.0,9.0,0.0,5.0,8.0,0.0,0.0,2.0,1.0,9.6,1,13074,13074,13074,21909,12059,1596,9917,12984,15771,1,11593,21543,8004,1,11390,12373,19434,1.0,11:17,2015,2016
2015-16,101107,Marvin Williams,Marvin,1610612766,CHA,Charlotte Hornets,21500598,2016-01-15T00:00:00,CHA @ NOP,L,27.1,0.0,1.0,2.0,2.0,2.0,6.0,2.0,18.0,1.0,0.0,5.0,2.0,21.6,1,13074,13074,13074,9934,12059,9709,4675,12984,2619,13237,4025,13577,2692,1,24686,7786,10666,1.0,27:05,2015,2016
2015-16,204025,Tim Frazier,Tim,1610612757,POR,Portland Trail Blazers,21500596,2016-01-15T00:00:00,POR @ BKN,W,0.6,0.0,0.0,0.0,0.0,0.0,0.0,0.0,0.0,0.0,1.0,0.0,0.0,0.0,1,1,1,1,25964,12059,10158,9917,18861,1,1,1,25429,8004,17214,1,18762,25170,1.0,0:35,2015,2016
2015-16,202066,Garrett Temple,Garrett,1610612764,WAS,Washington Wizards,21500593,2016-01-15T00:00:00,WAS @ IND,W,28.2,0.0,0.0,0.0,2.0,8.0,6.0,3.0,30.0,1.0,2.0,4.0,2.0,21.7,1,1,1,1,9053,12059,10158,9917,12984,13914,13237,7328,4541,2692,23588,22104,7786,10592,1.0,28:14,2015,2016
2015-16,101133,Ian Mahinmi,Ian,1610612754,IND,Indiana Pacers,21500593,2016-01-15T00:00:00,IND vs. WAS,L,20.5,2.0,0.0,0.0,6.0,5.0,6.0,7.0,20.0,0.0,1.0,2.0,2.0,11.8,1,13074,13074,13074,15488,6026,10158,9917,5299,8403,13237,15538,11929,8004,17214,11390,7786,17832,1.0,20:30,2015,2016
2015-16,201565,Derrick Rose,Derrick,1610612741,CHI,Chicago Bulls,21500597,2016-01-15T00:00:00,CHI vs. DAL,L,33.4,0.0,0.0,0.0,12.0,5.0,5.0,4.0,18.0,0.0,2.0,1.0,2.0,30.8,1,13074,13074,13074,4842,12059,10158,9917,988,8403,11469,8806,13577,8004,23588,4972,7786,5493,1.0,33:22,2015,2016
2015-16,2749,Jameer Nelson,Jameer,1610612743,DEN,Denver Nuggets,21500600,2016-01-15T00:00:00,DEN vs. MIA,L,30.5,0.0,0.0,0.0,0.0,8.0,3.0,2.0,28.0,1.0,0.0,4.0,1.0,20.6,1,13074,13074,13074,7104,12059,10158,9917,18861,13914,7138,4025,5824,2692,1,22104,12373,11314,1.0,30:30,2015,2016
2015-16,200745,Andrea Bargnani,Andrea,1610612751,BKN,Brooklyn Nets,21500596,2016-01-15T00:00:00,BKN vs. POR,L,13.6,2.0,0.0,0.0,0.0,4.0,4.0,4.0,12.0,0.0,0.0,0.0,2.0,15.2,1,13074,13074,13074,20645,6026,10158,9917,18861,6141,8458,8806,18637,8004,1,1,7786,15219,1.0,13:36,2015,2016
2015-16,101145,Monta Ellis,Monta,1610612754,IND,Indiana Pacers,21500593,2016-01-15T00:00:00,IND vs. WAS,L,37.3,0.0,0.0,5.0,12.0,7.0,12.0,11.0,38.0,1.0,0.0,1.0,4.0,31.1,1,13074,13074,13074,1910,12059,10158,1277,988,12242,22832,21342,1422,2692,1,4972,2748,5354,1.0,37:16,2015,2016
2015-16,1717,Dirk Nowitzki,Dirk,1610612742,DAL,Dallas Mavericks,21500597,2016-01-15T00:00:00,DAL @ CHI,W,33.4,3.0,2.0,0.0,2.0,6.0,9.0,8.0,26.0,1.0,0.0,3.0,6.0,31.4,1,1,1,1,4825,4307,4731,9917,12984,10028,19144,17194,7214,2692,1,17641,873,5218,1.0,33:23,2015,2016
2015-16,203093,Terrence Jones,Terrence,1610612745,HOU,Houston Rockets,21500601,2016-01-15T00:00:00,HOU vs. CLE,L,22.4,0.0,0.0,0.0,2.0,9.0,3.0,4.0,16.0,1.0,0.0,3.0,2.0,11.8,1,13074,13074,13074,13807,12059,10158,9917,12984,15771,7138,8806,15259,2692,1,17641,7786,17832,1.0,22:26,2015,2016
2015-16,201142,Kevin Durant,Kevin,1610612760,OKC,Oklahoma City Thunder,21500594,2016-01-15T00:00:00,OKC vs. MIN,W,30.0,2.0,2.0,6.0,12.0,5.0,12.0,6.0,24.0,0.0,0.0,1.0,5.0,40.7,1,1,1,1,7571,6026,4731,740,988,8403,22832,13388,8723,8004,1,4972,1539,2199,1.0,29:58,2015,2016
2015-16,201593,Nikola Pekovic,Nikola,1610612750,MIN,Minnesota Timberwolves,21500594,2016-01-15T00:00:00,MIN @ OKC,L,17.6,0.0,2.0,0.0,4.0,5.0,9.0,10.0,28.0,0.0,0.0,2.0,3.0,15.1,1,13074,13074,13074,17860,12059,4731,9917,8599,8403,19144,20169,5824,8004,1,11390,4736,15328,1.0,17:33,2015,2016
2015-16,203114,Khris Middleton,Khris,1610612749,MIL,Milwaukee Bucks,21500599,2016-01-15T00:00:00,MIL vs. ATL,W,45.8,8.0,0.0,6.0,10.0,8.0,7.0,13.0,46.0,0.0,0.0,0.0,4.0,42.3,1,1,1,1,65,308,10158,740,1840,13914,15642,23048,298,8004,1,1,2748,1877,1.0,45:48,2015,2016
2015-16,202730,Lavoy Allen,Lavoy,1610612754,IND,Indiana Pacers,21500593,2016-01-15T00:00:00,IND vs. WAS,L,20.4,3.0,2.0,0.0,10.0,2.0,6.0,8.0,14.0,0.0,0.0,0.0,4.0,20.1,1,13074,13074,13074,15542,4307,4731,9917,1840,2619,13237,17194,17019,8004,1,1,2748,11685,1.0,20:26,2015,2016
2015-16,202688,Brandon Knight,Brandon,1610612756,PHX,Phoenix Suns,21500595,2016-01-15T00:00:00,PHX @ BOS,L,40.4,5.0,2.0,0.0,8.0,8.0,9.0,10.0,38.0,1.0,0.0,4.0,0.0,27.0,1,13074,13074,13074,623,1603,4731,9917,3109,13914,19144,20169,1422,2692,1,22104,18762,7385,1.0,40:24,2015,2016
2015-16,203914,Gary Harris,Gary,1610612743,DEN,Denver Nuggets,21500600,2016-01-15T00:00:00,DEN vs. MIA,L,37.6,2.0,0.0,2.0,4.0,13.0,5.0,2.0,36.0,0.0,4.0,1.0,1.0,15.2,1,13074,13074,13074,1722,6026,10158,4675,8599,21300,11469,4025,1943,8004,25926,4972,12373,15219,1.0,37:33,2015,2016
2015-16,1626164,Devin Booker,Devin,1610612756,PHX,Phoenix Suns,21500595,2016-01-15T00:00:00,PHX @ BOS,L,24.5,2.0,0.0,6.0,2.0,2.0,3.0,3.0,16.0,0.0,0.0,3.0,6.0,12.0,1,13074,13074,13074,12162,6026,10158,740,12984,2619,7138,7328,15259,8004,1,17641,873,17703,1.0,24:27,2015,2016
2015-16,2772,Trevor Ariza,Trevor,1610612745,HOU,Houston Rockets,21500601,2016-01-15T00:00:00,HOU vs. CLE,L,34.2,8.0,0.0,2.0,2.0,15.0,13.0,2.0,26.0,0.0,1.0,2.0,0.0,20.3,1,13074,13074,13074,4162,308,10158,4675,12984,23079,23668,4025,7214,8004,17214,11390,18762,11534,1.0,34:14,2015,2016
2015-16,202720,Jon Leuer,Jon,1610612756,PHX,Phoenix Suns,21500595,2016-01-15T00:00:00,PHX @ BOS,L,12.7,2.0,2.0,0.0,4.0,4.0,3.0,2.0,16.0,2.0,0.0,2.0,0.0,20.4,1,13074,13074,13074,21134,6026,4731,9917,8599,6141,7138,4025,15259,932,1,11390,18762,11453,1.0,12:42,2015,2016
2015-16,201568,Danilo Gallinari,Danilo,1610612743,DEN,Denver Nuggets,21500600,2016-01-15T00:00:00,DEN vs. MIA,L,37.5,0.0,2.0,0.0,0.0,13.0,6.0,2.0,40.0,0.0,0.0,2.0,6.0,15.8,1,13074,13074,13074,1730,12059,4731,9917,18861,21300,13237,4025,983,8004,1,11390,873,14754,1.0,37:32,2015,2016
2015-16,202734,E'Twaun Moore,E'Twaun,1610612741,CHI,Chicago Bulls,21500597,2016-01-15T00:00:00,CHI vs. DAL,L,22.2,0.0,0.0,0.0,6.0,5.0,5.0,2.0,10.0,0.0,0.0,2.0,0.0,12.1,1,13074,13074,13074,14004,12059,10158,9917,5299,8403,11469,4025,20209,8004,1,11390,18762,17639,1.0,22:12,2015,2016
2015-16,203521,Matthew Dellavedova,Matthew,1610612739,CLE,Cleveland Cavaliers,21500601,2016-01-15T00:00:00,CLE @ HOU,W,22.9,2.0,0.0,2.0,0.0,7.0,4.0,8.0,10.0,0.0,1.0,3.0,1.0,20.5,1,1,1,1,13429,6026,10158,4675,18861,12242,8458,17194,20209,8004,17214,17641,12373,11401,1.0,22:57,2015,2016
2015-16,202684,Tristan Thompson,Tristan,1610612739,CLE,Cleveland Cavaliers,21500601,2016-01-15T00:00:00,CLE @ HOU,W,22.4,0.0,4.0,0.0,8.0,4.0,4.0,11.0,22.0,1.0,0.0,4.0,2.0,20.5,1,1,1,1,13833,12059,1596,9917,3109,6141,8458,21342,10265,2692,1,22104,7786,11401,1.0,22:24,2015,2016
2015-16,201583,Ryan Anderson,Ryan,1610612740,NOP,New Orleans Pelicans,21500598,2016-01-15T00:00:00,NOP vs. CHA,W,28.7,5.0,6.0,3.0,4.0,5.0,14.0,2.0,24.0,0.0,0.0,0.0,4.0,41.6,1,1,1,1,8644,1603,481,3302,8599,8403,24300,4025,8723,8004,1,1,2748,2021,1.0,28:42,2015,2016
2015-16,202708,Norris Cole,Norris,1610612740,NOP,New Orleans Pelicans,21500598,2016-01-15T00:00:00,NOP vs. CHA,W,16.3,2.0,0.0,2.0,2.0,3.0,6.0,0.0,18.0,1.0,0.0,0.0,0.0,15.2,1,1,1,1,18785,6026,10158,4675,12984,5109,13237,1,13577,2692,1,1,18762,15219,1.0,16:20,2015,2016
2015-16,2207,Joe Johnson,Joe,1610612751,BKN,Brooklyn Nets,21500596,2016-01-15T00:00:00,BKN vs. POR,L,33.4,0.0,2.0,2.0,4.0,7.0,13.0,10.0,34.0,0.0,2.0,0.0,1.0,26.6,1,13074,13074,13074,4795,12059,4731,4675,8599,12242,23668,20169,2701,8004,23588,1,12373,7566,1.0,33:25,2015,2016
2015-16,203076,Anthony Davis,Anthony,1610612740,NOP,New Orleans Pelicans,21500598,2016-01-15T00:00:00,NOP vs. CHA,W,35.5,0.0,2.0,0.0,10.0,7.0,14.0,7.0,26.0,2.0,0.0,3.0,6.0,42.0,1,1,1,1,3179,12059,4731,9917,1840,12242,24300,15538,7214,932,1,17641,873,1936,1.0,35:28,2015,2016
2015-16,202329,Al-Farouq Aminu,Al-Farouq,1610612757,POR,Portland Trail Blazers,21500596,2016-01-15T00:00:00,POR @ BKN,W,31.2,0.0,2.0,2.0,2.0,4.0,12.0,2.0,26.0,4.0,0.0,3.0,1.0,26.6,1,1,1,1,6567,12059,4731,4675,12984,6141,22832,4025,7214,132,1,17641,12373,7566,1.0,31:11,2015,2016
2015-16,202718,Chandler Parsons,Chandler,1610612742,DAL,Dallas Mavericks,21500597,2016-01-15T00:00:00,DAL @ CHI,W,32.5,0.0,2.0,2.0,6.0,6.0,7.0,8.0,24.0,0.0,1.0,0.0,0.0,15.6,1,1,1,1,5467,12059,4731,4675,5299,10028,15642,17194,8723,8004,17214,1,18762,14916,1.0,32:32,2015,2016
2015-16,2594,Kyle Korver,Kyle,1610612737,ATL,Atlanta Hawks,21500599,2016-01-15T00:00:00,ATL @ MIL,L,41.2,0.0,0.0,0.0,0.0,23.0,11.0,12.0,42.0,1.0,1.0,5.0,0.0,30.3,1,13074,13074,13074,440,12059,10158,9917,18861,25803,21814,22259,670,2692,17214,24686,18762,5702,1.0,41:15,2015,2016
2015-16,202390,Gary Neal,Gary,1610612764,WAS,Washington Wizards,21500593,2016-01-15T00:00:00,WAS @ IND,W,23.6,0.0,0.0,2.0,0.0,11.0,6.0,12.0,34.0,0.0,0.0,2.0,1.0,20.3,1,1,1,1,12919,12059,10158,4675,18861,18886,13237,22259,2701,8004,1,11390,12373,11534,1.0,23:35,2015,2016
2015-16,203468,CJ McCollum,CJ,1610612757,POR,Portland Trail Blazers,21500596,2016-01-15T00:00:00,POR @ BKN,W,35.3,0.0,0.0,0.0,6.0,9.0,17.0,2.0,28.0,0.0,1.0,1.0,1.0,30.3,1,1,1,1,3309,12059,10158,9917,5299,15771,25429,4025,5824,8004,17214,4972,12373,5702,1.0,35:18,2015,2016
2015-16,201588,George Hill,George,1610612754,IND,Indiana Pacers,21500593,2016-01-15T00:00:00,IND vs. WAS,L,33.7,5.0,4.0,2.0,10.0,5.0,12.0,15.0,40.0,0.0,0.0,2.0,4.0,31.1,1,13074,13074,13074,4627,1603,1596,4675,1840,8403,22832,24242,983,8004,1,11390,2748,5354,1.0,33:39,2015,2016
2015-16,202681,Kyrie Irving,Kyrie,1610612739,CLE,Cleveland Cavaliers,21500601,2016-01-15T00:00:00,CLE @ HOU,W,29.6,7.0,4.0,2.0,6.0,14.0,6.0,13.0,32.0,1.0,0.0,2.0,5.0,31.3,1,1,1,1,7919,548,1596,4675,5299,22292,13237,23048,3535,2692,1,11390,1539,5258,1.0,29:34,2015,2016
2015-16,203471,Dennis Schröder,Dennis,1610612737,ATL,Atlanta Hawks,21500599,2016-01-15T00:00:00,ATL @ MIL,L,19.2,2.0,3.0,4.0,6.0,13.0,8.0,3.0,22.0,0.0,0.0,1.0,4.0,20.5,1,13074,13074,13074,16573,6026,3104,1913,5299,21300,17345,7328,10265,8004,1,4972,2748,11401,1.0,19:09,2015,2016
2015-16,203469,Cody Zeller,Cody,1610612766,CHA,Charlotte Hornets,21500598,2016-01-15T00:00:00,CHA @ NOP,L,22.9,0.0,2.0,3.0,4.0,4.0,6.0,2.0,16.0,0.0,3.0,3.0,1.0,15.1,1,13074,13074,13074,13480,12059,4731,3302,8599,6141,13237,4025,15259,8004,25441,17641,12373,15328,1.0,22:53,2015,2016
2015-16,203935,Marcus Smart,Marcus,1610612738,BOS,Boston Celtics,21500595,2016-01-15T00:00:00,BOS vs. PHX,W,32.5,0.0,0.0,0.0,6.0,9.0,8.0,8.0,20.0,2.0,0.0,2.0,1.0,48.7,1,1,1,1,5483,12059,10158,9917,5299,15771,17345,17194,11929,932,1,11390,12373,890,1.0,32:31,2015,2016
2015-16,202388,Donald Sloan,Donald,1610612751,BKN,Brooklyn Nets,21500596,2016-01-15T00:00:00,BKN vs. POR,L,32.2,0.0,6.0,0.0,2.0,7.0,15.0,10.0,34.0,0.0,0.0,2.0,3.0,36.3,1,13074,13074,13074,5761,12059,481,9917,12984,12242,24781,20169,2701,8004,1,11390,4736,3380,1.0,32:09,2015,2016
2015-16,2555,Nick Collison,Nick,1610612760,OKC,Oklahoma City Thunder,21500594,2016-01-15T00:00:00,OKC vs. MIN,W,7.1,0.0,2.0,0.0,2.0,0.0,2.0,0.0,8.0,0.0,0.0,2.0,0.0,7.4,1,1,1,1,23526,12059,4731,9917,12984,1,3734,1,21543,8004,1,11390,18762,20912,1.0,7:05,2015,2016
2015-16,202328,Greg Monroe,Greg,1610612749,MIL,Milwaukee Bucks,21500599,2016-01-15T00:00:00,MIL vs. ATL,W,27.3,2.0,7.0,0.0,8.0,6.0,4.0,11.0,36.0,1.0,4.0,0.0,7.0,37.4,1,1,1,1,9779,6026,292,9917,3109,10028,8458,21342,1943,2692,25926,1,469,3073,1.0,27:18,2015,2016
2015-16,203081,Damian Lillard,Damian,1610612757,POR,Portland Trail Blazers,21500596,2016-01-15T00:00:00,POR @ BKN,W,37.4,3.0,2.0,4.0,10.0,4.0,15.0,2.0,30.0,0.0,1.0,0.0,4.0,54.6,1,1,1,1,1826,4307,4731,1913,1840,6141,24781,4025,4541,8004,17214,1,2748,413,1.0,37:24,2015,2016
2015-16,203487,Michael Carter-Williams,Michael,1610612749,MIL,Milwaukee Bucks,21500599,2016-01-15T00:00:00,MIL vs. ATL,W,41.8,2.0,0.0,0.0,2.0,10.0,6.0,13.0,42.0,2.0,1.0,5.0,2.0,45.3,1,1,1,1,334,6026,10158,9917,12984,17370,13237,23048,670,932,17214,24686,7786,1310,1.0,41:51,2015,2016
2015-16,203109,Jae Crowder,Jae,1610612738,BOS,Boston Celtics,21500595,2016-01-15T00:00:00,BOS vs. PHX,W,29.2,4.0,2.0,3.0,2.0,6.0,16.0,2.0,16.0,2.0,0.0,2.0,3.0,44.7,1,1,1,1,8254,2460,4731,3302,12984,10028,25155,4025,15259,932,1,11390,4736,1419,1.0,29:09,2015,2016
2015-16,201572,Brook Lopez,Brook,1610612751,BKN,Brooklyn Nets,21500596,2016-01-15T00:00:00,BKN vs. POR,L,27.8,4.0,2.0,0.0,12.0,5.0,9.0,8.0,30.0,1.0,1.0,1.0,7.0,35.9,1,13074,13074,13074,9382,2460,4731,9917,988,8403,19144,17194,4541,2692,17214,4972,469,3505,1.0,27:48,2015,2016
2015-16,201952,Jeff Teague,Jeff,1610612737,ATL,Atlanta Hawks,21500599,2016-01-15T00:00:00,ATL @ MIL,L,36.5,0.0,2.0,0.0,6.0,15.0,9.0,10.0,34.0,0.0,3.0,2.0,3.0,28.8,1,13074,13074,13074,2397,12059,4731,9917,5299,23079,19144,20169,2701,8004,25441,11390,4736,6465,1.0,36:30,2015,2016
2015-16,201566,Russell Westbrook,Russell,1610612760,OKC,Oklahoma City Thunder,21500594,2016-01-15T00:00:00,OKC vs. MIN,W,27.2,0.0,0.0,4.0,10.0,5.0,12.0,3.0,20.0,0.0,0.0,4.0,1.0,44.2,1,1,1,1,9851,12059,10158,1913,1840,8403,22832,7328,11929,8004,1,22104,12373,1515,1.0,27:12,2015,2016
2015-16,201586,Serge Ibaka,Serge,1610612760,OKC,Oklahoma City Thunder,21500594,2016-01-15T00:00:00,OKC vs. MIN,W,32.5,0.0,2.0,0.0,4.0,7.0,14.0,8.0,26.0,3.0,0.0,2.0,0.0,36.0,1,1,1,1,5503,12059,4731,9917,8599,12242,24300,17194,7214,347,1,11390,18762,3463,1.0,32:30,2015,2016
2015-16,202322,John Wall,John,1610612764,WAS,Washington Wizards,21500593,2016-01-15T00:00:00,WAS @ IND,W,31.4,2.0,4.0,5.0,14.0,9.0,6.0,8.0,38.0,0.0,0.0,1.0,4.0,48.4,1,1,1,1,6393,6026,1596,1277,542,15771,13237,17194,1422,8004,1,4972,2748,920,1.0,31:23,2015,2016
2015-16,202355,Hassan Whiteside,Hassan,1610612748,MIA,Miami Heat,21500600,2016-01-15T00:00:00,MIA @ DEN,W,38.5,5.0,5.0,0.0,14.0,0.0,7.0,7.0,14.0,11.0,0.0,2.0,5.0,74.4,1,1,1,1,1280,1603,995,9917,542,1,15642,15538,17019,1,1,11390,1539,24,1.0,38:29,2015,2016
2015-16,101114,Deron Williams,Deron,1610612742,DAL,Dallas Mavericks,21500597,2016-01-15T00:00:00,DAL @ CHI,W,35.9,2.0,0.0,0.0,2.0,11.0,2.0,9.0,36.0,2.0,1.0,1.0,2.0,35.6,1,1,1,1,2859,6026,10158,9917,12984,18886,3734,18829,1943,932,17214,4972,7786,3615,1.0,35:51,2015,2016
2015-16,203507,Giannis Antetokounmpo,Giannis,1610612749,MIL,Milwaukee Bucks,21500599,2016-01-15T00:00:00,MIL vs. ATL,W,50.1,5.0,5.0,2.0,18.0,8.0,6.0,15.0,50.0,3.0,3.0,3.0,6.0,56.2,1,1,1,1,12,1603,995,4675,131,13914,13237,24242,107,347,25441,17641,873,342,1.0,50:03,2015,2016
2015-16,203953,Jabari Parker,Jabari,1610612749,MIL,Milwaukee Bucks,21500599,2016-01-15T00:00:00,MIL vs. ATL,W,37.3,4.0,2.0,4.0,8.0,6.0,7.0,11.0,38.0,1.0,1.0,0.0,1.0,30.0,1,1,1,1,1897,2460,4731,1913,3109,10028,15642,21342,1422,2692,17214,1,12373,5840,1.0,37:17,2015,2016
2015-16,203482,Kelly Olynyk,Kelly,1610612738,BOS,Boston Celtics,21500595,2016-01-15T00:00:00,BOS vs. PHX,W,26.5,0.0,3.0,5.0,8.0,5.0,6.0,8.0,12.0,1.0,2.0,2.0,3.0,43.3,1,1,1,1,10422,12059,3104,1277,3109,8403,13237,17194,18637,2692,23588,11390,4736,1678,1.0,26:32,2015,2016
2015-16,200782,P.J. Tucker,P.J.,1610612756,PHX,Phoenix Suns,21500595,2016-01-15T00:00:00,PHX @ BOS,L,26.8,0.0,2.0,0.0,2.0,4.0,8.0,6.0,24.0,1.0,0.0,3.0,0.0,24.0,1,13074,13074,13074,10155,12059,4731,9917,12984,6141,17345,13388,8723,2692,1,17641,18762,9121,1.0,26:50,2015,2016
2015-16,203115,Will Barton,Will,1610612743,DEN,Denver Nuggets,21500600,2016-01-15T00:00:00,DEN vs. MIA,L,27.5,0.0,2.0,0.0,0.0,9.0,11.0,2.0,32.0,1.0,1.0,2.0,4.0,24.1,1,13074,13074,13074,9616,12059,4731,9917,18861,15771,21814,4025,3535,2692,17214,11390,2748,9068,1.0,27:29,2015,2016
2015-16,203933,T.J. Warren,T.J.,1610612756,PHX,Phoenix Suns,21500595,2016-01-15T00:00:00,PHX @ BOS,L,20.1,0.0,0.0,0.0,2.0,6.0,6.0,2.0,24.0,1.0,1.0,4.0,2.0,24.1,1,13074,13074,13074,15878,12059,10158,9917,12984,10028,13237,4025,8723,2692,17214,22104,7786,9068,1.0,20:03,2015,2016
2015-16,203079,Dion Waiters,Dion,1610612760,OKC,Oklahoma City Thunder,21500594,2016-01-15T00:00:00,OKC vs. MIN,W,28.4,5.0,5.0,1.0,10.0,5.0,16.0,8.0,32.0,0.0,1.0,1.0,2.0,24.7,1,1,1,1,8934,1603,995,9347,1840,8403,25155,17194,3535,8004,17214,4972,7786,8673,1.0,28:23,2015,2016
2015-16,1626144,Emmanuel Mudiay,Emmanuel,1610612743,DEN,Denver Nuggets,21500600,2016-01-15T00:00:00,DEN vs. MIA,L,25.7,0.0,0.0,3.0,4.0,9.0,12.0,4.0,30.0,1.0,2.0,0.0,1.0,24.2,1,13074,13074,13074,11157,12059,10158,3302,8599,15771,22832,8806,4541,2692,23588,1,12373,9009,1.0,25:39,2015,2016
2015-16,202331,Paul George,Paul,1610612754,IND,Indiana Pacers,21500593,2016-01-15T00:00:00,IND vs. WAS,L,33.8,2.0,2.0,0.0,10.0,5.0,12.0,9.0,34.0,1.0,0.0,3.0,6.0,44.5,1,13074,13074,13074,4495,6026,4731,9917,1840,8403,22832,18829,2701,2692,1,17641,873,1459,1.0,33:49,2015,2016
2015-16,200794,Paul Millsap,Paul,1610612737,ATL,Atlanta Hawks,21500599,2016-01-15T00:00:00,ATL @ MIL,L,33.0,4.0,0.0,3.0,18.0,12.0,6.0,11.0,34.0,4.0,1.0,6.0,3.0,60.0,1,13074,13074,13074,5152,2460,10158,3302,131,20178,13237,21342,2701,132,17214,25827,4736,207,1.0,32:58,2015,2016
2015-16,101139,CJ Miles,CJ,1610612754,IND,Indiana Pacers,21500593,2016-01-15T00:00:00,IND vs. WAS,L,26.6,0.0,0.0,0.0,0.0,5.0,8.0,9.0,30.0,1.0,0.0,3.0,2.0,13.9,1,13074,13074,13074,10378,12059,10158,9917,18861,8403,17345,18829,4541,2692,1,17641,7786,16232,1.0,26:35,2015,2016
2015-16,201587,Nicolas Batum,Nicolas,1610612766,CHA,Charlotte Hornets,21500598,2016-01-15T00:00:00,CHA @ NOP,L,40.7,4.0,3.0,0.0,4.0,15.0,10.0,7.0,36.0,0.0,1.0,1.0,3.0,38.8,1,13074,13074,13074,548,2460,3104,9917,8599,23079,20509,15538,1943,8004,17214,4972,4736,2692,1.0,40:44,2015,2016
2015-16,1626159,Justise Winslow,Justise,1610612748,MIA,Miami Heat,21500600,2016-01-15T00:00:00,MIA @ DEN,W,23.3,0.0,0.0,0.0,2.0,6.0,2.0,5.0,12.0,1.0,2.0,3.0,0.0,17.3,1,1,1,1,13088,12059,10158,9917,12984,10028,3734,11593,18637,2692,23588,17641,18762,13671,1.0,23:21,2015,2016
2015-16,201937,Ricky Rubio,Ricky,1610612750,MIN,Minnesota Timberwolves,21500594,2016-01-15T00:00:00,MIN @ OKC,L,23.7,0.0,0.0,0.0,0.0,6.0,5.0,10.0,30.0,0.0,0.0,2.0,0.0,16.8,1,13074,13074,13074,12850,12059,10158,9917,18861,10028,11469,20169,4541,8004,1,11390,18762,13996,1.0,23:40,2015,2016
2015-16,2730,Dwight Howard,Dwight,1610612745,HOU,Houston Rockets,21500601,2016-01-15T00:00:00,HOU vs. CLE,L,34.3,3.0,1.0,3.0,6.0,16.0,12.0,4.0,26.0,2.0,1.0,1.0,6.0,38.7,1,13074,13074,13074,4122,4307,9709,3302,5299,23774,22832,8806,7214,932,17214,4972,873,2717,1.0,34:16,2015,2016
2015-16,203498,Shabazz Muhammad,Shabazz,1610612750,MIN,Minnesota Timberwolves,21500594,2016-01-15T00:00:00,MIN @ OKC,L,33.7,3.0,3.0,3.0,8.0,10.0,12.0,19.0,52.0,0.0,2.0,2.0,3.0,16.8,1,13074,13074,13074,4617,4307,3104,3302,3109,17370,22832,25435,59,8004,23588,11390,4736,13996,1.0,33:40,2015,2016
2015-16,201603,Sonny Weems,Sonny,1610612756,PHX,Phoenix Suns,21500595,2016-01-15T00:00:00,PHX @ BOS,L,23.6,0.0,2.0,0.0,2.0,8.0,7.0,4.0,26.0,0.0,0.0,2.0,1.0,27.7,1,13074,13074,13074,12884,12059,4731,9917,12984,13914,15642,8806,7214,8004,1,11390,12373,7008,1.0,23:37,2015,2016
2015-16,204020,Tyler Johnson,Tyler,1610612748,MIA,Miami Heat,21500600,2016-01-15T00:00:00,MIA @ DEN,W,30.7,0.0,0.0,0.0,8.0,6.0,5.0,3.0,18.0,0.0,2.0,1.0,3.0,27.8,1,1,1,1,6970,12059,10158,9917,3109,10028,11469,7328,13577,8004,23588,4972,4736,6950,1.0,30:40,2015,2016
2015-16,2200,Pau Gasol,Pau,1610612741,CHI,Chicago Bulls,21500597,2016-01-15T00:00:00,CHI vs. DAL,L,35.8,2.0,2.0,2.0,12.0,5.0,3.0,4.0,16.0,2.0,0.0,3.0,5.0,38.6,1,13074,13074,13074,2902,6026,4731,4675,988,8403,7138,8806,15259,932,1,17641,1539,2744,1.0,35:48,2015,2016
2015-16,2547,Chris Bosh,Chris,1610612748,MIA,Miami Heat,21500600,2016-01-15T00:00:00,MIA @ DEN,W,31.7,6.0,2.0,0.0,10.0,6.0,5.0,2.0,14.0,1.0,0.0,4.0,3.0,32.1,1,1,1,1,6184,878,4731,9917,1840,10028,11469,4025,17019,2692,1,22104,4736,4889,1.0,31:39,2015,2016
2015-16,203086,Meyers Leonard,Meyers,1610612757,POR,Portland Trail Blazers,21500596,2016-01-15T00:00:00,POR @ BKN,W,22.2,0.0,0.0,0.0,2.0,5.0,8.0,0.0,16.0,0.0,0.0,5.0,1.0,16.9,1,1,1,1,13988,12059,10158,9917,12984,8403,17345,1,15259,8004,1,24686,12373,13911,1.0,22:14,2015,2016
2015-16,201961,Wayne Ellington,Wayne,1610612751,BKN,Brooklyn Nets,21500596,2016-01-15T00:00:00,BKN vs. POR,L,34.8,0.0,0.0,0.0,0.0,8.0,13.0,10.0,36.0,0.0,0.0,2.0,0.0,17.5,1,13074,13074,13074,3702,12059,10158,9917,18861,13914,23668,20169,1943,8004,1,11390,18762,13528,1.0,34:47,2015,2016
2015-16,201959,Taj Gibson,Taj,1610612741,CHI,Chicago Bulls,21500597,2016-01-15T00:00:00,CHI vs. DAL,L,29.9,2.0,2.0,2.0,6.0,3.0,8.0,2.0,16.0,0.0,1.0,3.0,2.0,22.7,1,13074,13074,13074,7653,6026,4731,4675,5299,5109,17345,4025,15259,8004,17214,17641,7786,9938,1.0,29:52,2015,2016
2015-16,201976,Patrick Beverley,Patrick,1610612745,HOU,Houston Rockets,21500601,2016-01-15T00:00:00,HOU vs. CLE,L,27.5,0.0,2.0,3.0,4.0,9.0,11.0,0.0,18.0,0.0,0.0,4.0,2.0,22.1,1,13074,13074,13074,9577,12059,4731,3302,8599,15771,21814,1,13577,8004,1,22104,7786,10332,1.0,27:33,2015,2016
2015-16,203952,Andrew Wiggins,Andrew,1610612750,MIN,Minnesota Timberwolves,21500594,2016-01-15T00:00:00,MIN @ OKC,L,39.6,4.0,6.0,5.0,14.0,10.0,11.0,15.0,56.0,0.0,1.0,3.0,6.0,33.1,1,13074,13074,13074,857,2460,481,1277,542,17370,21814,24242,21,8004,17214,17641,873,4505,1.0,39:35,2015,2016
2015-16,2585,Zaza Pachulia,Zaza,1610612742,DAL,Dallas Mavericks,21500597,2016-01-15T00:00:00,DAL @ CHI,W,34.2,0.0,1.0,0.0,4.0,11.0,2.0,9.0,34.0,0.0,0.0,6.0,2.0,28.0,1,1,1,1,4190,12059,9709,9917,8599,18886,3734,18829,2701,8004,1,25827,7786,6864,1.0,34:12,2015,2016
2015-16,203078,Bradley Beal,Bradley,1610612764,WAS,Washington Wizards,21500593,2016-01-15T00:00:00,WAS @ IND,W,22.0,0.0,0.0,0.0,4.0,5.0,6.0,3.0,30.0,0.0,0.0,3.0,1.0,27.5,1,1,1,1,14217,12059,10158,9917,8599,8403,13237,7328,4541,8004,1,17641,12373,7137,1.0,21:58,2015,2016
2015-16,202334,Ed Davis,Ed,1610612757,POR,Portland Trail Blazers,21500596,2016-01-15T00:00:00,POR @ BKN,W,24.5,3.0,8.0,0.0,12.0,5.0,10.0,0.0,12.0,1.0,0.0,2.0,2.0,32.5,1,1,1,1,12161,4307,137,9917,988,8403,20509,1,18637,2692,1,11390,7786,4726,1.0,24:27,2015,2016
2015-16,2403,Nene,ene,1610612764,WAS,Washington Wizards,21500593,2016-01-15T00:00:00,WAS @ IND,W,21.0,2.0,6.0,2.0,8.0,7.0,2.0,3.0,16.0,1.0,0.0,5.0,1.0,22.6,1,1,1,1,15021,6026,481,4675,3109,12242,3734,7328,15259,2692,1,24686,12373,10000,1.0,21:02,2015,2016
2015-16,201950,Jrue Holiday,Jrue,1610612740,NOP,New Orleans Pelicans,21500598,2016-01-15T00:00:00,NOP vs. CHA,W,27.4,2.0,0.0,0.0,6.0,8.0,9.0,2.0,22.0,0.0,0.0,2.0,1.0,33.2,1,1,1,1,9695,6026,10158,9917,5299,13914,19144,4025,10265,8004,1,11390,12373,4462,1.0,27:24,2015,2016
2015-16,1626166,Cameron Payne,Cameron,1610612760,OKC,Oklahoma City Thunder,21500594,2016-01-15T00:00:00,OKC vs. MIN,W,23.8,0.0,0.0,2.0,8.0,2.0,13.0,5.0,24.0,1.0,0.0,1.0,1.0,37.9,1,1,1,1,12732,12059,10158,4675,3109,2619,23668,11593,8723,2692,1,4972,12373,2931,1.0,23:49,2015,2016
2015-16,2544,LeBron James,LeBron,1610612739,CLE,Cleveland Cavaliers,21500601,2016-01-15T00:00:00,CLE @ HOU,W,36.4,5.0,4.0,2.0,12.0,15.0,7.0,9.0,28.0,2.0,2.0,1.0,4.0,39.9,1,1,1,1,2484,1603,1596,4675,988,23079,15642,18829,5824,932,23588,4972,2748,2396,1.0,36:23,2015,2016
2015-16,201152,Thaddeus Young,Thaddeus,1610612751,BKN,Brooklyn Nets,21500596,2016-01-15T00:00:00,BKN vs. POR,L,33.8,0.0,2.0,0.0,8.0,8.0,13.0,10.0,40.0,1.0,0.0,1.0,1.0,32.1,1,13074,13074,13074,4519,12059,4731,9917,3109,13914,23668,20169,983,2692,1,4972,12373,4889,1.0,33:47,2015,2016
2015-16,202693,Markieff Morris,Markieff,1610612756,PHX,Phoenix Suns,21500595,2016-01-15T00:00:00,PHX @ BOS,L,21.8,0.0,0.0,0.0,2.0,4.0,6.0,6.0,22.0,0.0,1.0,1.0,3.0,27.8,1,13074,13074,13074,14316,12059,10158,9917,12984,6141,13237,13388,10265,8004,17214,4972,4736,6950,1.0,21:49,2015,2016
2015-16,203991,Clint Capela,Clint,1610612745,HOU,Houston Rockets,21500601,2016-01-15T00:00:00,HOU vs. CLE,L,14.5,2.0,3.0,0.0,6.0,6.0,3.0,0.0,8.0,1.0,1.0,1.0,3.0,13.8,1,13074,13074,13074,20123,6026,3104,9917,5299,10028,7138,1,21543,2692,17214,4972,4736,16311,1.0,14:29,2015,2016
2015-16,203080,Thomas Robinson,Thomas,1610612751,BKN,Brooklyn Nets,21500596,2016-01-15T00:00:00,BKN vs. POR,L,20.2,3.0,8.0,0.0,8.0,7.0,8.0,6.0,22.0,0.0,0.0,2.0,3.0,27.5,1,13074,13074,13074,15744,4307,137,9917,3109,12242,17345,13388,10265,8004,1,11390,4736,7137,1.0,20:12,2015,2016
2015-16,201935,James Harden,James,1610612745,HOU,Houston Rockets,21500601,2016-01-15T00:00:00,HOU vs. CLE,L,38.2,2.0,2.0,4.0,4.0,17.0,13.0,4.0,28.0,1.0,1.0,5.0,4.0,28.5,1,13074,13074,13074,1407,6026,4731,1913,8599,24337,23668,8806,5824,2692,17214,24686,2748,6613,1.0,38:15,2015,2016
2015-16,202087,Alonzo Gee,Alonzo,1610612740,NOP,New Orleans Pelicans,21500598,2016-01-15T00:00:00,NOP vs. CHA,W,29.3,0.0,4.0,0.0,6.0,10.0,16.0,2.0,26.0,1.0,0.0,2.0,2.0,27.8,1,1,1,1,8093,12059,1596,9917,5299,17370,25155,4025,7214,2692,1,11390,7786,6950,1.0,29:21,2015,2016
2015-16,202702,Kenneth Faried,Kenneth,1610612743,DEN,Denver Nuggets,21500600,2016-01-15T00:00:00,DEN vs. MIA,L,26.2,2.0,0.0,2.0,6.0,8.0,7.0,4.0,28.0,2.0,2.0,3.0,4.0,28.5,1,13074,13074,13074,10655,6026,10158,4675,5299,13914,15642,8806,5824,932,23588,17641,2748,6613,1.0,26:14,2015,2016
2015-16,1626167,Myles Turner,Myles,1610612754,IND,Indiana Pacers,21500593,2016-01-15T00:00:00,IND vs. WAS,L,18.3,2.0,2.0,2.0,6.0,4.0,4.0,4.0,10.0,0.0,0.0,1.0,1.0,14.1,1,13074,13074,13074,17303,6026,4731,4675,5299,6141,8458,8806,20209,8004,1,4972,12373,16094,1.0,18:15,2015,2016
2015-16,201580,JaVale McGee,JaVale,1610612742,DAL,Dallas Mavericks,21500597,2016-01-15T00:00:00,DAL @ CHI,W,7.4,0.0,0.0,3.0,4.0,2.0,9.0,2.0,4.0,1.0,0.0,1.0,3.0,14.0,1,1,1,1,23421,12059,10158,3302,8599,2619,19144,4025,23698,2692,1,4972,4736,16166,1.0,7:24,2015,2016
2015-16,201567,Kevin Love,Kevin,1610612739,CLE,Cleveland Cavaliers,21500601,2016-01-15T00:00:00,CLE @ HOU,W,32.6,3.0,3.0,0.0,2.0,15.0,7.0,7.0,28.0,0.0,2.0,2.0,1.0,32.1,1,1,1,1,5434,4307,3104,9917,12984,23079,15642,15538,5824,8004,23588,11390,12373,4889,1.0,32:35,2015,2016
2015-16,203141,Mirza Teletovic,Mirza,1610612756,PHX,Phoenix Suns,21500595,2016-01-15T00:00:00,PHX @ BOS,L,21.2,0.0,8.0,2.0,0.0,6.0,4.0,4.0,18.0,0.0,2.0,2.0,5.0,25.9,1,13074,13074,13074,14879,12059,137,4675,18861,10028,8458,8806,13577,8004,23588,11390,1539,7960,1.0,21:12,2015,2016
2015-16,201196,Ramon Sessions,Ramon,1610612764,WAS,Washington Wizards,21500593,2016-01-15T00:00:00,WAS @ IND,W,23.0,2.0,0.0,6.0,8.0,9.0,6.0,9.0,28.0,0.0,0.0,2.0,0.0,26.1,1,1,1,1,13347,6026,10158,740,3109,15771,13237,18829,5824,8004,1,11390,18762,7836,1.0,23:02,2015,2016
2015-16,201971,DeJuan Blair,DeJuan,1610612764,WAS,Washington Wizards,21500593,2016-01-15T00:00:00,WAS @ IND,W,22.8,0.0,2.0,0.0,8.0,5.0,6.0,9.0,34.0,0.0,0.0,4.0,0.0,25.7,1,1,1,1,13515,12059,4731,9917,3109,8403,13237,18829,2701,8004,1,22104,18762,8088,1.0,22:49,2015,2016
2015-16,201936,Tyreke Evans,Tyreke,1610612740,NOP,New Orleans Pelicans,21500598,2016-01-15T00:00:00,NOP vs. CHA,W,26.8,4.0,0.0,2.0,6.0,7.0,9.0,5.0,16.0,0.0,0.0,3.0,1.0,25.9,1,1,1,1,10204,2460,10158,4675,5299,12242,19144,11593,15259,8004,1,17641,12373,7960,1.0,26:47,2015,2016
2015-16,202340,Avery Bradley,Avery,1610612738,BOS,Boston Celtics,21500595,2016-01-15T00:00:00,BOS vs. PHX,W,38.3,4.0,4.0,2.0,10.0,5.0,14.0,4.0,20.0,0.0,2.0,2.0,2.0,34.9,1,1,1,1,1372,2460,1596,4675,1840,8403,24300,8806,11929,8004,23588,11390,7786,3845,1.0,38:18,2015,2016
2015-16,203462,Archie Goodwin,Archie,1610612756,PHX,Phoenix Suns,21500595,2016-01-15T00:00:00,PHX @ BOS,L,20.4,0.0,2.0,0.0,2.0,2.0,5.0,5.0,16.0,0.0,1.0,0.0,0.0,10.1,1,13074,13074,13074,15600,12059,4731,9917,12984,2619,11469,11593,15259,8004,17214,1,18762,19105,1.0,20:21,2015,2016
2015-16,202357,Nemanja Bjelica,Nemanja,1610612750,MIN,Minnesota Timberwolves,21500594,2016-01-15T00:00:00,MIN @ OKC,L,23.7,0.0,0.0,0.0,0.0,7.0,6.0,9.0,30.0,2.0,0.0,2.0,3.0,25.0,1,13074,13074,13074,12804,12059,10158,9917,18861,12242,13237,18829,4541,932,1,11390,4736,8485,1.0,23:43,2015,2016
2015-16,202738,Isaiah Thomas,Isaiah,1610612738,BOS,Boston Celtics,21500595,2016-01-15T00:00:00,BOS vs. PHX,W,24.0,0.0,0.0,0.0,4.0,8.0,14.0,2.0,16.0,0.0,0.0,3.0,6.0,25.9,1,1,1,1,12549,12059,10158,9917,8599,13914,24300,4025,15259,8004,1,17641,873,7960,1.0,24:00,2015,2016
2015-16,203096,Jared Sullinger,Jared,1610612738,BOS,Boston Celtics,21500595,2016-01-15T00:00:00,BOS vs. PHX,W,23.8,2.0,2.0,0.0,2.0,2.0,12.0,0.0,12.0,0.0,1.0,3.0,3.0,26.0,1,1,1,1,12732,6026,4731,9917,12984,2619,22832,1,18637,8004,17214,17641,4736,7910,1.0,23:49,2015,2016
2015-16,2199,Tyson Chandler,Tyson,1610612756,PHX,Phoenix Suns,21500595,2016-01-15T00:00:00,PHX @ BOS,L,23.6,2.0,0.0,0.0,4.0,4.0,2.0,8.0,18.0,0.0,0.0,1.0,2.0,18.8,1,13074,13074,13074,12870,6026,10158,9917,8599,6141,3734,17194,13577,8004,1,4972,7786,12588,1.0,23:38,2015,2016
2015-16,201589,Darrell Arthur,Darrell,1610612743,DEN,Denver Nuggets,21500600,2016-01-15T00:00:00,DEN vs. MIA,L,30.4,0.0,0.0,0.0,2.0,6.0,6.0,2.0,28.0,0.0,1.0,4.0,2.0,34.1,1,13074,13074,13074,7177,12059,10158,9917,12984,10028,13237,4025,5824,8004,17214,22104,7786,4124,1.0,30:24,2015,2016
2015-16,203500,Steven Adams,Steven,1610612760,OKC,Oklahoma City Thunder,21500594,2016-01-15T00:00:00,OKC vs. MIN,W,24.6,2.0,0.0,2.0,8.0,4.0,7.0,2.0,16.0,1.0,1.0,4.0,5.0,22.8,1,1,1,1,12000,6026,10158,4675,3109,6141,15642,4025,15259,2692,17214,22104,1539,9883,1.0,24:37,2015,2016
2015-16,203459,Allen Crabbe,Allen,1610612757,POR,Portland Trail Blazers,21500596,2016-01-15T00:00:00,POR @ BKN,W,27.2,4.0,3.0,4.0,4.0,5.0,13.0,0.0,16.0,0.0,1.0,3.0,0.0,35.2,1,1,1,1,9851,2460,3104,1913,8599,8403,23668,1,15259,8004,17214,17641,18762,3745,1.0,27:12,2015,2016
2015-16,1891,Jason Terry,Jason,1610612745,HOU,Houston Rockets,21500601,2016-01-15T00:00:00,HOU vs. CLE,L,18.0,0.0,0.0,0.0,2.0,8.0,6.0,2.0,16.0,1.0,0.0,0.0,1.0,14.7,1,13074,13074,13074,17509,12059,10158,9917,12984,13914,13237,4025,15259,2692,1,1,12373,15631,1.0,18:00,2015,2016
2015-16,202689,Kemba Walker,Kemba,1610612766,CHA,Charlotte Hornets,21500598,2016-01-15T00:00:00,CHA @ NOP,L,41.7,0.0,3.0,2.0,6.0,8.0,14.0,2.0,38.0,0.0,3.0,1.0,3.0,34.8,1,13074,13074,13074,354,12059,3104,4675,5299,13914,24300,4025,1422,8004,25441,4972,4736,3891,1.0,41:43,2015,2016
2015-16,203089,John Henson,John,1610612749,MIL,Milwaukee Bucks,21500599,2016-01-15T00:00:00,MIL vs. ATL,W,31.2,2.0,0.0,1.0,6.0,8.0,7.0,4.0,22.0,6.0,0.0,3.0,4.0,34.9,1,1,1,1,6534,6026,10158,9347,5299,13914,15642,8806,10265,19,1,17641,2748,3845,1.0,31:13,2015,2016
2015-16,101161,Amir Johnson,Amir,1610612738,BOS,Boston Celtics,21500595,2016-01-15T00:00:00,BOS vs. PHX,W,18.7,0.0,0.0,0.0,12.0,6.0,12.0,0.0,14.0,0.0,0.0,2.0,2.0,25.0,1,1,1,1,16976,12059,10158,9917,988,10028,22832,1,17019,8004,1,11390,7786,8485,1.0,18:39,2015,2016
2015-16,2736,Luol Deng,Luol,1610612748,MIA,Miami Heat,21500600,2016-01-15T00:00:00,MIA @ DEN,W,38.5,2.0,0.0,2.0,6.0,2.0,7.0,7.0,12.0,0.0,0.0,2.0,1.0,23.0,1,1,1,1,1252,6026,10158,4675,5299,2619,15642,15538,18637,8004,1,11390,12373,9760,1.0,38:32,2015,2016
2015-16,1626163,Frank Kaminsky,Frank,1610612766,CHA,Charlotte Hornets,21500598,2016-01-15T00:00:00,CHA @ NOP,L,24.8,6.0,3.0,0.0,10.0,11.0,10.0,5.0,30.0,0.0,0.0,1.0,3.0,25.7,1,13074,13074,13074,11877,878,3104,9917,1840,18886,20509,11593,4541,8004,1,4972,4736,8088,1.0,24:45,2015,2016
2015-16,201978,Chase Budinger,Chase,1610612754,IND,Indiana Pacers,21500593,2016-01-15T00:00:00,IND vs. WAS,L,19.8,0.0,0.0,4.0,2.0,6.0,4.0,10.0,16.0,0.0,0.0,0.0,3.0,14.3,1,13074,13074,13074,16096,12059,10158,1913,12984,10028,8458,20169,15259,8004,1,1,4736,15948,1.0,19:47,2015,2016
2015-16,202710,Jimmy Butler III,Jimmy,1610612741,CHI,Chicago Bulls,21500597,2016-01-15T00:00:00,CHI vs. DAL,L,36.3,2.0,0.0,2.0,2.0,2.0,3.0,7.0,18.0,0.0,0.0,1.0,3.0,25.0,1,13074,13074,13074,2566,6026,10158,4675,12984,2619,7138,15538,13577,8004,1,4972,4736,8485,1.0,36:16,2015,2016
2015-16,2757,Beno Udrih,Beno,1610612748,MIA,Miami Heat,21500600,2016-01-15T00:00:00,MIA @ DEN,W,37.0,0.0,0.0,0.0,4.0,2.0,4.0,7.0,10.0,0.0,0.0,2.0,2.0,34.1,1,1,1,1,2067,12059,10158,9917,8599,2619,8458,15538,20209,8004,1,11390,7786,4124,1.0,37:01,2015,2016
2015-16,203999,Nikola Jokić,Nikola,1610612743,DEN,Denver Nuggets,21500600,2016-01-15T00:00:00,DEN vs. MIA,L,17.7,2.0,3.0,0.0,6.0,7.0,5.0,0.0,18.0,1.0,3.0,2.0,1.0,25.7,1,13074,13074,13074,17777,6026,3104,9917,5299,12242,11469,1,13577,2692,25441,11390,12373,8088,1.0,17:40,2015,2016
2015-16,201143,Al Horford,Al,1610612737,ATL,Atlanta Hawks,21500599,2016-01-15T00:00:00,ATL @ MIL,L,41.0,0.0,2.0,4.0,12.0,21.0,14.0,10.0,46.0,2.0,3.0,0.0,0.0,33.6,1,13074,13074,13074,493,12059,4731,1913,988,25535,24300,20169,298,932,25441,1,18762,4305,1.0,40:58,2015,2016
2015-16,202683,Enes Freedom,Enes,1610612760,OKC,Oklahoma City Thunder,21500594,2016-01-15T00:00:00,OKC vs. MIN,W,25.0,1.0,4.0,0.0,6.0,0.0,14.0,3.0,22.0,0.0,0.0,4.0,3.0,14.5,1,1,1,1,11678,11535,1596,9917,5299,1,24300,7328,10265,8004,1,22104,4736,15799,1.0,24:59,2015,2016
2015-16,203476,Gorgui Dieng,Gorgui,1610612750,MIN,Minnesota Timberwolves,21500594,2016-01-15T00:00:00,MIN @ OKC,L,15.6,0.0,0.0,0.0,2.0,4.0,9.0,10.0,30.0,0.0,0.0,0.0,0.0,10.0,1,13074,13074,13074,19380,12059,10158,9917,12984,6141,19144,20169,4541,8004,1,1,18762,19178,1.0,15:33,2015,2016
2015-16,1626149,Montrezl Harrell,Montrezl,1610612745,HOU,Houston Rockets,21500601,2016-01-15T00:00:00,HOU vs. CLE,L,9.2,0.0,0.0,2.0,4.0,1.0,3.0,0.0,8.0,0.0,0.0,0.0,2.0,9.7,1,13074,13074,13074,22759,12059,10158,4675,8599,2356,7138,1,21543,8004,1,1,7786,19379,1.0,9:12,2015,2016
2015-16,1626157,Karl-Anthony Towns,Karl-Anthony,1610612750,MIN,Minnesota Timberwolves,21500594,2016-01-15T00:00:00,MIN @ OKC,L,29.6,0.0,7.0,0.0,6.0,8.0,8.0,9.0,42.0,0.0,2.0,5.0,2.0,22.9,1,13074,13074,13074,7866,12059,292,9917,5299,13914,17345,18829,670,8004,23588,24686,7786,9811,1.0,29:37,2015,2016
2015-16,201973,Jonas Jerebko,Jonas,1610612738,BOS,Boston Celtics,21500595,2016-01-15T00:00:00,BOS vs. PHX,W,19.6,0.0,0.0,0.0,0.0,5.0,2.0,6.0,12.0,0.0,0.0,0.0,1.0,14.5,1,1,1,1,16211,12059,10158,9917,18861,8403,3734,13388,18637,8004,1,1,12373,15799,1.0,19:37,2015,2016
2015-16,2760,Anderson Varejao,Anderson,1610612739,CLE,Cleveland Cavaliers,21500601,2016-01-15T00:00:00,CLE @ HOU,W,7.6,0.0,0.0,0.0,2.0,0.0,1.0,0.0,2.0,0.0,0.0,2.0,2.0,12.4,1,1,1,1,23344,12059,10158,9917,12984,1,3393,1,24614,8004,1,11390,7786,17418,1.0,7:39,2015,2016
2015-16,200751,Randy Foye,Randy,1610612743,DEN,Denver Nuggets,21500600,2016-01-15T00:00:00,DEN vs. MIA,L,6.9,0.0,0.0,0.0,0.0,2.0,5.0,2.0,10.0,0.0,0.0,0.0,0.0,2.7,1,13074,13074,13074,23584,12059,10158,9917,18861,2619,11469,4025,20209,8004,1,1,18762,23884,1.0,6:56,2015,2016
2015-16,202697,Iman Shumpert,Iman,1610612739,CLE,Cleveland Cavaliers,21500601,2016-01-15T00:00:00,CLE @ HOU,W,27.5,0.0,0.0,0.0,0.0,9.0,6.0,13.0,24.0,1.0,0.0,2.0,0.0,18.1,1,1,1,1,9578,12059,10158,9917,18861,15771,13237,23048,8723,2692,1,11390,18762,13090,1.0,27:32,2015,2016
2015-16,200757,Thabo Sefolosha,Thabo,1610612737,ATL,Atlanta Hawks,21500599,2016-01-15T00:00:00,ATL @ MIL,L,34.1,2.0,0.0,2.0,2.0,14.0,5.0,9.0,32.0,2.0,2.0,3.0,2.0,21.2,1,13074,13074,13074,4277,6026,10158,4675,12984,22292,11469,18829,3535,932,23588,17641,7786,10936,1.0,34:06,2015,2016
2015-16,201627,Anthony Morrow,Anthony,1610612760,OKC,Oklahoma City Thunder,21500594,2016-01-15T00:00:00,OKC vs. MIN,W,10.5,0.0,0.0,0.0,0.0,5.0,4.0,5.0,12.0,1.0,0.0,0.0,0.0,3.0,1,1,1,1,22229,12059,10158,9917,18861,8403,8458,11593,18637,2692,1,1,18762,23648,1.0,10:30,2015,2016
2015-16,203909,KJ McDaniels,KJ,1610612745,HOU,Houston Rockets,21500601,2016-01-15T00:00:00,HOU vs. CLE,L,4.1,2.0,2.0,0.0,4.0,0.0,2.0,0.0,2.0,0.0,0.0,1.0,0.0,7.6,1,13074,13074,13074,24692,6026,4731,9917,8599,1,3734,1,24614,8004,1,4972,18762,20803,1.0,4:03,2015,2016
2015-16,201945,Gerald Henderson,Gerald,1610612757,POR,Portland Trail Blazers,21500596,2016-01-15T00:00:00,POR @ BKN,W,7.8,0.0,0.0,0.0,2.0,0.0,3.0,0.0,6.0,0.0,0.0,0.0,0.0,2.0,1,1,1,1,23261,12059,10158,9917,12984,1,7138,1,22724,8004,1,1,18762,24216,1.0,7:49,2015,2016
2015-16,204067,Jarell Eddie,Jarell,1610612764,WAS,Washington Wizards,21500593,2016-01-15T00:00:00,WAS @ IND,W,2.7,0.0,0.0,0.0,0.0,2.0,0.0,7.0,8.0,0.0,0.0,0.0,0.0,3.0,1,1,1,1,25260,12059,10158,9917,18861,2619,1,15538,21543,8004,1,1,18762,23648,1.0,2:40,2015,2016
2015-16,203503,Tony Snell,Tony,1610612741,CHI,Chicago Bulls,21500597,2016-01-15T00:00:00,CHI vs. DAL,L,20.5,0.0,0.0,0.0,0.0,2.0,3.0,5.0,14.0,0.0,1.0,2.0,0.0,8.0,1,13074,13074,13074,15523,12059,10158,9917,18861,2619,7138,11593,17019,8004,17214,11390,18762,20564,1.0,20:28,2015,2016
2015-16,203501,Tim Hardaway Jr.,Tim,1610612737,ATL,Atlanta Hawks,21500599,2016-01-15T00:00:00,ATL @ MIL,L,5.3,0.0,0.0,0.0,0.0,2.0,3.0,0.0,8.0,0.0,0.0,0.0,0.0,3.0,1,13074,13074,13074,24261,12059,10158,9917,18861,2619,7138,1,21543,8004,1,1,18762,23648,1.0,5:18,2015,2016
2015-16,2550,Kirk Hinrich,Kirk,1610612741,CHI,Chicago Bulls,21500597,2016-01-15T00:00:00,CHI vs. DAL,L,7.5,5.0,2.0,5.0,2.0,0.0,0.0,3.0,6.0,0.0,0.0,1.0,3.0,12.4,1,13074,13074,13074,23391,1603,4731,1277,12984,1,1,7328,22724,8004,1,4972,4736,17418,1.0,7:30,2015,2016
2015-16,203922,Glenn Robinson III,Glenn,1610612754,IND,Indiana Pacers,21500593,2016-01-15T00:00:00,IND vs. WAS,L,10.7,0.0,0.0,0.0,0.0,2.0,2.0,6.0,8.0,0.0,0.0,0.0,1.0,3.0,1,13074,13074,13074,22138,12059,10158,9917,18861,2619,3734,13388,21543,8004,1,1,12373,23648,1.0,10:44,2015,2016
2015-16,201162,Jared Dudley,Jared,1610612764,WAS,Washington Wizards,21500593,2016-01-15T00:00:00,WAS @ IND,W,30.1,0.0,0.0,0.0,0.0,14.0,4.0,3.0,32.0,0.0,0.0,2.0,0.0,12.9,1,1,1,1,7482,12059,10158,9917,18861,22292,8458,7328,3535,8004,1,11390,18762,17049,1.0,30:04,2015,2016
2015-16,202391,Jeremy Lin,Jeremy,1610612766,CHA,Charlotte Hornets,21500598,2016-01-15T00:00:00,CHA @ NOP,L,29.9,0.0,0.0,0.0,4.0,9.0,10.0,5.0,30.0,0.0,0.0,1.0,2.0,16.5,1,13074,13074,13074,7636,12059,10158,9917,8599,15771,20509,11593,4541,8004,1,4972,7786,14224,1.0,29:53,2015,2016
2015-16,201967,Dante Cunningham,Dante,1610612740,NOP,New Orleans Pelicans,21500598,2016-01-15T00:00:00,NOP vs. CHA,W,24.5,0.0,0.0,0.0,2.0,0.0,0.0,5.0,16.0,2.0,0.0,2.0,0.0,18.4,1,1,1,1,12150,12059,10158,9917,12984,1,1,11593,15259,932,1,11390,18762,12854,1.0,24:28,2015,2016
2015-16,203486,Mason Plumlee,Mason,1610612757,POR,Portland Trail Blazers,21500596,2016-01-15T00:00:00,POR @ BKN,W,22.1,0.0,0.0,2.0,6.0,4.0,10.0,2.0,26.0,0.0,0.0,2.0,1.0,12.9,1,1,1,1,14099,12059,10158,4675,5299,6141,20509,4025,7214,8004,1,11390,12373,17049,1.0,22:05,2015,2016
2015-16,203584,Troy Daniels,Troy,1610612766,CHA,Charlotte Hornets,21500598,2016-01-15T00:00:00,CHA @ NOP,L,14.7,0.0,0.0,0.0,0.0,11.0,4.0,5.0,16.0,0.0,0.0,1.0,0.0,7.6,1,13074,13074,13074,19960,12059,10158,9917,18861,18886,8458,11593,15259,8004,1,4972,18762,20803,1.0,14:42,2015,2016
2015-16,101123,Gerald Green,Gerald,1610612748,MIA,Miami Heat,21500600,2016-01-15T00:00:00,MIA @ DEN,W,23.5,0.0,0.0,0.0,0.0,0.0,2.0,4.0,10.0,0.0,1.0,3.0,3.0,7.6,1,1,1,1,12968,12059,10158,9917,18861,1,3734,8806,20209,8004,17214,17641,4736,20803,1.0,23:30,2015,2016
2015-16,203897,Zach LaVine,Zach,1610612750,MIN,Minnesota Timberwolves,21500594,2016-01-15T00:00:00,MIN @ OKC,L,24.3,0.0,5.0,0.0,6.0,6.0,12.0,9.0,42.0,0.0,1.0,2.0,2.0,18.2,1,13074,13074,13074,12268,12059,995,9917,5299,10028,22832,18829,670,8004,17214,11390,7786,13004,1.0,24:20,2015,2016
2015-16,1626162,Kelly Oubre Jr.,Kelly,1610612764,WAS,Washington Wizards,21500593,2016-01-15T00:00:00,WAS @ IND,W,18.0,3.0,0.0,2.0,2.0,4.0,2.0,13.0,24.0,0.0,1.0,3.0,3.0,17.8,1,1,1,1,17521,4307,10158,4675,12984,6141,3734,23048,8723,8004,17214,17641,4736,13309,1.0,17:59,2015,2016
2015-16,201569,Eric Gordon,Eric,1610612740,NOP,New Orleans Pelicans,21500598,2016-01-15T00:00:00,NOP vs. CHA,W,31.7,0.0,2.0,0.0,4.0,7.0,10.0,7.0,18.0,0.0,1.0,0.0,1.0,16.2,1,1,1,1,6169,12059,4731,9917,8599,12242,20509,15538,13577,8004,17214,1,12373,14436,1.0,31:40,2015,2016
2015-16,202083,Wesley Matthews,Wesley,1610612742,DAL,Dallas Mavericks,21500597,2016-01-15T00:00:00,DAL @ CHI,W,37.0,0.0,0.0,0.0,4.0,11.0,4.0,9.0,36.0,2.0,0.0,1.0,1.0,20.7,1,1,1,1,2107,12059,10158,9917,8599,18886,8458,18829,1943,932,1,4972,12373,11252,1.0,36:58,2015,2016
2015-16,2747,JR Smith,JR,1610612739,CLE,Cleveland Cavaliers,21500601,2016-01-15T00:00:00,CLE @ HOU,W,26.0,2.0,0.0,0.0,6.0,13.0,4.0,3.0,14.0,0.0,0.0,3.0,2.0,21.0,1,1,1,1,10868,6026,10158,9917,5299,21300,8458,7328,17019,8004,1,17641,7786,11077,1.0,25:58,2015,2016
2015-16,203460,Andre Roberson,Andre,1610612760,OKC,Oklahoma City Thunder,21500594,2016-01-15T00:00:00,OKC vs. MIN,W,16.6,0.0,2.0,2.0,8.0,2.0,5.0,0.0,8.0,1.0,0.0,0.0,1.0,16.1,1,1,1,1,18576,12059,4731,4675,3109,2619,11469,1,21543,2692,1,1,12373,14515,1.0,16:36,2015,2016
2015-16,1626202,Joe Young,Joe,1610612754,IND,Indiana Pacers,21500593,2016-01-15T00:00:00,IND vs. WAS,L,3.2,2.0,0.0,2.0,4.0,2.0,0.0,0.0,2.0,0.0,0.0,0.0,1.0,6.0,1,13074,13074,13074,25042,6026,10158,4675,8599,2619,1,1,24614,8004,1,1,12373,21878,1.0,3:13,2015,2016
2015-16,201941,Jordan Hill,Jordan,1610612754,IND,Indiana Pacers,21500593,2016-01-15T00:00:00,IND vs. WAS,L,8.2,0.0,0.0,0.0,0.0,0.0,2.0,6.0,14.0,0.0,1.0,0.0,1.0,6.4,1,13074,13074,13074,23114,12059,10158,9917,18861,1,3734,13388,17019,8004,17214,1,12373,21589,1.0,8:12,2015,2016
2015-16,203898,Tyler Ennis,Tyler,1610612749,MIL,Milwaukee Bucks,21500599,2016-01-15T00:00:00,MIL vs. ATL,W,6.0,0.0,0.0,0.0,0.0,0.0,3.0,0.0,6.0,0.0,0.0,1.0,0.0,1.5,1,1,1,1,23989,12059,10158,9917,18861,1,7138,1,22724,8004,1,4972,18762,24473,1.0,5:57,2015,2016
2015-16,203900,Markel Brown,Markel,1610612751,BKN,Brooklyn Nets,21500596,2016-01-15T00:00:00,BKN vs. POR,L,7.1,0.0,0.0,0.0,0.0,2.0,4.0,2.0,4.0,1.0,0.0,0.0,0.0,6.0,1,13074,13074,13074,23541,12059,10158,9917,18861,2619,8458,4025,23698,2692,1,1,18762,21878,1.0,7:04,2015,2016
2015-16,2400,Drew Gooden,Drew,1610612764,WAS,Washington Wizards,21500593,2016-01-15T00:00:00,WAS @ IND,W,17.2,0.0,2.0,0.0,0.0,6.0,6.0,5.0,26.0,0.0,0.0,3.0,0.0,10.8,1,1,1,1,18096,12059,4731,9917,18861,10028,13237,11593,7214,8004,1,17641,18762,18579,1.0,17:14,2015,2016
2015-16,203499,Shane Larkin,Shane,1610612751,BKN,Brooklyn Nets,21500596,2016-01-15T00:00:00,BKN vs. POR,L,15.8,0.0,0.0,0.0,2.0,5.0,2.0,4.0,18.0,2.0,0.0,2.0,0.0,10.7,1,13074,13074,13074,19158,12059,10158,9917,12984,8403,3734,8806,13577,932,1,11390,18762,18636,1.0,15:51,2015,2016
2015-16,202703,Nikola Mirotic,Nikola,1610612741,CHI,Chicago Bulls,21500597,2016-01-15T00:00:00,CHI vs. DAL,L,14.6,0.0,0.0,0.0,0.0,0.0,0.0,5.0,6.0,0.0,0.0,3.0,1.0,5.9,1,13074,13074,13074,20021,12059,10158,9917,18861,1,1,11593,22724,8004,1,17641,12373,21953,1.0,14:38,2015,2016
2015-16,1626192,Pat Connaughton,Pat,1610612757,POR,Portland Trail Blazers,21500596,2016-01-15T00:00:00,POR @ BKN,W,0.6,0.0,0.0,0.0,0.0,0.0,0.0,0.0,0.0,0.0,0.0,0.0,0.0,1.2,1,1,1,1,25964,12059,10158,9917,18861,1,1,1,25429,8004,1,1,18762,24661,1.0,0:35,2015,2016
2015-16,200826,J.J. Barea,J.J.,1610612742,DAL,Dallas Mavericks,21500597,2016-01-15T00:00:00,DAL @ CHI,W,20.0,0.0,0.0,2.0,2.0,0.0,9.0,2.0,16.0,0.0,0.0,1.0,2.0,15.9,1,1,1,1,15895,12059,10158,4675,12984,1,19144,4025,15259,8004,1,4972,7786,14675,1.0,20:02,2015,2016
2015-16,204014,Damjan Rudez,Damjan,1610612750,MIN,Minnesota Timberwolves,21500594,2016-01-15T00:00:00,MIN @ OKC,L,2.2,0.0,0.0,0.0,2.0,0.0,0.0,0.0,2.0,0.0,0.0,0.0,0.0,2.0,1,13074,13074,13074,25453,12059,10158,9917,12984,1,1,1,24614,8004,1,1,18762,24216,1.0,2:11,2015,2016
2015-16,2210,Richard Jefferson,Richard,1610612739,CLE,Cleveland Cavaliers,21500601,2016-01-15T00:00:00,CLE @ HOU,W,12.2,0.0,0.0,0.0,0.0,4.0,3.0,9.0,10.0,0.0,0.0,2.0,2.0,6.4,1,1,1,1,21415,12059,10158,9917,18861,6141,7138,18829,20209,8004,1,11390,7786,21589,1.0,12:15,2015,2016
2015-16,201619,Sasha Kaun,Sasha,1610612739,CLE,Cleveland Cavaliers,21500601,2016-01-15T00:00:00,CLE @ HOU,W,2.2,0.0,0.0,0.0,0.0,2.0,2.0,2.0,2.0,0.0,0.0,0.0,1.0,1.2,1,1,1,1,25468,12059,10158,9917,18861,2619,3734,4025,24614,8004,1,1,12373,24661,1.0,2:09,2015,2016
2015-16,2734,Devin Harris,Devin,1610612742,DAL,Dallas Mavericks,21500597,2016-01-15T00:00:00,DAL @ CHI,W,13.8,0.0,3.0,0.0,0.0,9.0,5.0,9.0,10.0,0.0,0.0,3.0,1.0,10.6,1,1,1,1,20522,12059,3104,9917,18861,15771,11469,18829,20209,8004,1,17641,12373,18723,1.0,13:48,2015,2016
2015-16,201977,Marcus Thornton,Marcus,1610612745,HOU,Houston Rockets,21500601,2016-01-15T00:00:00,HOU vs. CLE,L,18.1,0.0,0.0,0.0,2.0,4.0,5.0,6.0,12.0,0.0,2.0,0.0,2.0,6.1,1,13074,13074,13074,17421,12059,10158,9917,12984,6141,11469,13388,18637,8004,23588,1,7786,21845,1.0,18:07,2015,2016
2015-16,2419,Tayshaun Prince,Tayshaun,1610612750,MIN,Minnesota Timberwolves,21500594,2016-01-15T00:00:00,MIN @ OKC,L,14.3,0.0,0.0,0.0,0.0,2.0,5.0,0.0,20.0,0.0,0.0,1.0,1.0,6.4,1,13074,13074,13074,20202,12059,10158,9917,18861,2619,11469,1,11929,8004,1,4972,12373,21589,1.0,14:20,2015,2016
2015-16,203524,Solomon Hill,Solomon,1610612754,IND,Indiana Pacers,21500593,2016-01-15T00:00:00,IND vs. WAS,L,7.6,0.0,0.0,0.0,0.0,2.0,2.0,0.0,4.0,0.0,0.0,0.0,0.0,1.2,1,13074,13074,13074,23364,12059,10158,9917,18861,2619,3734,1,23698,8004,1,1,18762,24661,1.0,7:34,2015,2016
2015-16,203943,Noah Vonleh,Noah,1610612757,POR,Portland Trail Blazers,21500596,2016-01-15T00:00:00,POR @ BKN,W,15.5,0.0,2.0,0.0,4.0,4.0,4.0,2.0,18.0,0.0,1.0,1.0,0.0,10.8,1,1,1,1,19386,12059,4731,9917,8599,6141,8458,4025,13577,8004,17214,4972,18762,18579,1.0,15:32,2015,2016
2015-16,203948,Johnny O'Bryant III,Johnny,1610612749,MIL,Milwaukee Bucks,21500599,2016-01-15T00:00:00,MIL vs. ATL,W,13.2,2.0,0.0,0.0,4.0,8.0,3.0,4.0,10.0,0.0,0.0,2.0,1.0,10.9,1,1,1,1,20894,6026,10158,9917,8599,13914,7138,8806,20209,8004,1,11390,12373,18498,1.0,13:09,2015,2016
2015-16,101109,Raymond Felton,Raymond,1610612742,DAL,Dallas Mavericks,21500597,2016-01-15T00:00:00,DAL @ CHI,W,8.6,0.0,0.0,0.0,0.0,2.0,6.0,2.0,12.0,0.0,0.0,0.0,0.0,1.2,1,1,1,1,22993,12059,10158,9917,18861,2619,13237,4025,18637,8004,1,1,18762,24661,1.0,8:37,2015,2016
2015-16,1889,Andre Miller,Andre,1610612750,MIN,Minnesota Timberwolves,21500594,2016-01-15T00:00:00,MIN @ OKC,L,6.2,0.0,0.0,0.0,0.0,2.0,6.0,4.0,14.0,0.0,1.0,0.0,0.0,1.5,1,13074,13074,13074,23863,12059,10158,9917,18861,2619,13237,8806,17019,8004,17214,1,18762,24473,1.0,6:14,2015,2016
2015-16,202343,Elliot Williams,Elliot,1610612763,MEM,Memphis Grizzlies,21500589,2016-01-14T00:00:00,MEM vs. DET,W,6.2,0.0,0.0,0.0,0.0,2.0,0.0,5.0,4.0,0.0,0.0,0.0,0.0,1.5,1,1,1,1,23876,12059,10158,9917,18861,2619,1,11593,23698,8004,1,1,18762,24473,1.0,6:12,2015,2016
2015-16,202703,Nikola Mirotic,Nikola,1610612741,CHI,Chicago Bulls,21500587,2016-01-14T00:00:00,CHI @ PHI,W,23.8,0.0,0.0,5.0,2.0,10.0,6.0,13.0,18.0,1.0,1.0,3.0,2.0,11.0,1,1,1,1,12778,12059,10158,1277,12984,17370,13237,23048,13577,2692,17214,17641,7786,18430,1.0,23:45,2015,2016
2015-16,203503,Tony Snell,Tony,1610612741,CHI,Chicago Bulls,21500587,2016-01-14T00:00:00,CHI @ PHI,W,11.3,0.0,0.0,0.0,0.0,13.0,5.0,2.0,14.0,0.0,0.0,1.0,0.0,1.9,1,1,1,1,21891,12059,10158,9917,18861,21300,11469,4025,17019,8004,1,4972,18762,24429,1.0,11:21,2015,2016
2015-16,201584,Courtney Lee,Courtney,1610612763,MEM,Memphis Grizzlies,21500589,2016-01-14T00:00:00,MEM vs. DET,W,28.8,3.0,0.0,1.0,2.0,8.0,4.0,7.0,26.0,0.0,0.0,2.0,3.0,11.4,1,1,1,1,8529,4307,10158,9347,12984,13914,8458,15538,7214,8004,1,11390,4736,18134,1.0,28:49,2015,2016
2015-16,203546,Ian Clark,Ian,1610612744,GSW,Golden State Warriors,21500592,2016-01-14T00:00:00,GSW vs. LAL,W,4.3,0.0,0.0,0.0,6.0,2.0,2.0,2.0,2.0,0.0,0.0,0.0,0.0,11.0,1,1,1,1,24603,12059,10158,9917,5299,2619,3734,4025,24614,8004,1,1,18762,18430,1.0,4:20,2015,2016
2015-16,1713,Vince Carter,Vince,1610612763,MEM,Memphis Grizzlies,21500589,2016-01-14T00:00:00,MEM vs. DET,W,5.0,0.0,0.0,0.0,0.0,2.0,0.0,3.0,2.0,0.0,0.0,1.0,1.0,1.4,1,1,1,1,24368,12059,10158,9917,18861,2619,1,7328,24614,8004,1,4972,12373,24615,1.0,5:00,2015,2016
2015-16,203932,Aaron Gordon,Aaron,1610612753,ORL,Orlando Magic,21500588,2016-01-14T00:00:00,ORL vs. TOR,L,6.6,0.0,0.0,0.0,0.0,4.0,4.0,2.0,12.0,0.0,0.0,0.0,2.0,1.2,1,13074,13074,13074,23729,12059,10158,9917,18861,6141,8458,4025,18637,8004,1,1,7786,24661,1.0,6:33,2015,2016
2015-16,203382,Aron Baynes,Aron,1610612765,DET,Detroit Pistons,21500589,2016-01-14T00:00:00,DET @ MEM,L,12.9,0.0,0.0,0.0,0.0,10.0,0.0,1.0,8.0,0.0,0.0,4.0,3.0,1.4,1,13074,13074,13074,21027,12059,10158,9917,18861,17370,1,3646,21543,8004,1,22104,4736,24615,1.0,12:54,2015,2016
2015-16,201980,Danny Green,Danny,1610612759,SAS,San Antonio Spurs,21500590,2016-01-14T00:00:00,SAS vs. CLE,W,21.4,2.0,0.0,5.0,0.0,4.0,3.0,3.0,14.0,0.0,0.0,0.0,2.0,6.4,1,1,1,1,14725,6026,10158,1277,18861,6141,7138,7328,17019,8004,1,1,7786,21589,1.0,21:23,2015,2016
2015-16,202389,Timofey Mozgov,Timofey,1610612739,CLE,Cleveland Cavaliers,21500590,2016-01-14T00:00:00,CLE @ SAS,L,15.3,0.0,0.0,0.0,0.0,8.0,2.0,6.0,16.0,0.0,0.0,4.0,1.0,1.4,1,13074,13074,13074,19590,12059,10158,9917,18861,13914,3734,13388,15259,8004,1,22104,12373,24615,1.0,15:15,2015,2016
2015-16,1626181,Norman Powell,Norman,1610612761,TOR,Toronto Raptors,21500588,2016-01-14T00:00:00,TOR @ ORL,W,2.8,0.0,0.0,0.0,0.0,0.0,0.0,2.0,2.0,0.0,0.0,0.0,0.0,1.2,1,1,1,1,25189,12059,10158,9917,18861,1,1,4025,24614,8004,1,1,18762,24661,1.0,2:49,2015,2016
2015-16,203937,Kyle Anderson,Kyle,1610612759,SAS,San Antonio Spurs,21500590,2016-01-14T00:00:00,SAS vs. CLE,W,5.5,2.0,0.0,0.0,0.0,0.0,2.0,0.0,2.0,0.0,0.0,0.0,2.0,5.9,1,1,1,1,24165,6026,10158,9917,18861,1,3734,1,24614,8004,1,1,7786,21953,1.0,5:29,2015,2016
2015-16,201166,Aaron Brooks,Aaron,1610612741,CHI,Chicago Bulls,21500587,2016-01-14T00:00:00,CHI @ PHI,W,7.0,0.0,0.0,0.0,0.0,13.0,3.0,2.0,12.0,0.0,0.0,2.0,0.0,0.5,1,1,1,1,23574,12059,10158,9917,18861,21300,7138,4025,18637,8004,1,11390,18762,25056,1.0,6:59,2015,2016
2015-16,1626171,Bobby Portis,Bobby,1610612741,CHI,Chicago Bulls,21500587,2016-01-14T00:00:00,CHI @ PHI,W,8.5,0.0,0.0,0.0,0.0,14.0,3.0,0.0,8.0,0.0,1.0,0.0,0.0,0.0,1,1,1,1,23019,12059,10158,9917,18861,22292,7138,1,21543,8004,17214,1,18762,25170,1.0,8:31,2015,2016
2015-16,2564,Boris Diaw,Boris,1610612759,SAS,San Antonio Spurs,21500590,2016-01-14T00:00:00,SAS vs. CLE,W,10.0,2.0,0.0,0.0,2.0,0.0,2.0,3.0,14.0,1.0,0.0,0.0,0.0,5.4,1,1,1,1,22471,6026,10158,9917,12984,1,3734,7328,17019,2692,1,1,18762,22242,1.0,9:57,2015,2016
2015-16,202687,Bismack Biyombo,Bismack,1610612761,TOR,Toronto Raptors,21500588,2016-01-14T00:00:00,TOR @ ORL,W,20.6,2.0,3.0,0.0,6.0,5.0,0.0,2.0,16.0,1.0,0.0,3.0,3.0,21.7,1,1,1,1,15418,6026,3104,9917,5299,8403,1,4025,15259,2692,1,17641,4736,10592,1.0,20:35,2015,2016
2015-16,203082,Terrence Ross,Terrence,1610612761,TOR,Toronto Raptors,21500588,2016-01-14T00:00:00,TOR @ ORL,W,16.7,2.0,0.0,2.0,2.0,5.0,0.0,2.0,12.0,1.0,0.0,2.0,0.0,4.0,1,1,1,1,18498,6026,10158,4675,12984,8403,1,4025,18637,2692,1,11390,18762,23142,1.0,16:42,2015,2016
2015-16,203099,Jared Cunningham,Jared,1610612739,CLE,Cleveland Cavaliers,21500590,2016-01-14T00:00:00,CLE @ SAS,L,0.3,0.0,0.0,0.0,0.0,0.0,0.0,0.0,0.0,0.0,0.0,0.0,0.0,0.0,1,13074,13074,13074,26001,12059,10158,9917,18861,1,1,1,25429,8004,1,1,18762,25170,1.0,0:18,2015,2016
2015-16,203094,Andrew Nicholson,Andrew,1610612753,ORL,Orlando Magic,21500588,2016-01-14T00:00:00,ORL vs. TOR,L,3.1,0.0,0.0,0.0,0.0,2.0,4.0,0.0,8.0,0.0,0.0,2.0,0.0,0.0,1,13074,13074,13074,25091,12059,10158,9917,18861,2619,8458,1,21543,8004,1,11390,18762,25170,1.0,3:06,2015,2016
2015-16,203187,Chris Johnson,Chris,1610612762,UTA,Utah Jazz,21500591,2016-01-14T00:00:00,UTA vs. SAC,L,14.5,0.0,0.0,0.0,0.0,0.0,4.0,2.0,8.0,0.0,0.0,4.0,0.0,3.6,1,13074,13074,13074,20111,12059,10158,9917,18861,1,8458,4025,21543,8004,1,22104,18762,23310,1.0,14:29,2015,2016
2015-16,2550,Kirk Hinrich,Kirk,1610612741,CHI,Chicago Bulls,21500587,2016-01-14T00:00:00,CHI @ PHI,W,32.3,3.0,0.0,0.0,2.0,9.0,8.0,3.0,16.0,0.0,0.0,1.0,1.0,13.3,1,1,1,1,5648,4307,10158,9917,12984,15771,17345,7328,15259,8004,1,4972,12373,16712,1.0,32:19,2015,2016
2015-16,203477,Isaiah Canaan,Isaiah,1610612755,PHI,Philadelphia 76ers,21500587,2016-01-14T00:00:00,PHI vs. CHI,L,4.8,0.0,0.0,0.0,0.0,4.0,0.0,2.0,6.0,0.0,0.0,0.0,0.0,0.0,1,13074,13074,13074,24443,12059,10158,9917,18861,6141,1,4025,22724,8004,1,1,18762,25170,1.0,4:46,2015,2016
2015-16,201202,Joel Anthony,Joel,1610612765,DET,Detroit Pistons,21500589,2016-01-14T00:00:00,DET @ MEM,L,1.4,0.0,0.0,0.0,0.0,4.0,2.0,0.0,4.0,0.0,0.0,0.0,0.0,0.0,1,13074,13074,13074,25756,12059,10158,9917,18861,6141,3734,1,23698,8004,1,1,18762,25170,1.0,1:21,2015,2016
2015-16,1626148,Anthony Brown,Anthony,1610612747,LAL,Los Angeles Lakers,21500592,2016-01-14T00:00:00,LAL @ GSW,L,20.5,0.0,0.0,0.0,0.0,8.0,3.0,10.0,24.0,0.0,0.0,1.0,0.0,3.2,1,13074,13074,13074,15449,12059,10158,9917,18861,13914,7138,20169,8723,8004,1,4972,18762,23473,1.0,20:32,2015,2016
2015-16,201949,James Johnson,James,1610612761,TOR,Toronto Raptors,21500588,2016-01-14T00:00:00,TOR @ ORL,W,17.5,2.0,0.0,2.0,2.0,6.0,4.0,0.0,16.0,0.0,0.0,0.0,0.0,9.5,1,1,1,1,17916,6026,10158,4675,12984,10028,8458,1,15259,8004,1,1,18762,19519,1.0,17:28,2015,2016
2015-16,203463,Ben McLemore,Ben,1610612758,SAC,Sacramento Kings,21500591,2016-01-14T00:00:00,SAC @ UTA,W,17.6,0.0,0.0,2.0,2.0,6.0,4.0,2.0,14.0,0.0,0.0,4.0,1.0,9.0,1,1,1,1,17847,12059,10158,4675,12984,10028,8458,4025,17019,8004,1,22104,12373,19835,1.0,17:34,2015,2016
2015-16,1626158,Richaun Holmes,Richaun,1610612755,PHI,Philadelphia 76ers,21500587,2016-01-14T00:00:00,PHI vs. CHI,L,2.8,0.0,0.0,0.0,0.0,0.0,5.0,0.0,4.0,0.0,0.0,0.0,0.0,0.0,1,13074,13074,13074,25186,12059,10158,9917,18861,1,11469,1,23698,8004,1,1,18762,25170,1.0,2:50,2015,2016
2015-16,201954,Darren Collison,Darren,1610612758,SAC,Sacramento Kings,21500591,2016-01-14T00:00:00,SAC @ UTA,W,23.6,0.0,0.0,0.0,0.0,13.0,4.0,10.0,22.0,0.0,0.0,3.0,1.0,8.9,1,1,1,1,12898,12059,10158,9917,18861,21300,8458,20169,10265,8004,1,17641,12373,19914,1.0,23:36,2015,2016
2015-16,203613,Jonathon Simmons,Jonathon,1610612759,SAS,San Antonio Spurs,21500590,2016-01-14T00:00:00,SAS vs. CLE,W,9.0,2.0,0.0,0.0,2.0,0.0,4.0,2.0,10.0,0.0,0.0,2.0,2.0,4.4,1,1,1,1,22852,6026,10158,9917,12984,1,8458,4025,20209,8004,1,11390,7786,22837,1.0,8:58,2015,2016
2015-16,2210,Richard Jefferson,Richard,1610612739,CLE,Cleveland Cavaliers,21500590,2016-01-14T00:00:00,CLE @ SAS,L,11.3,0.0,0.0,0.0,0.0,9.0,5.0,5.0,10.0,1.0,1.0,0.0,0.0,5.4,1,13074,13074,13074,21915,12059,10158,9917,18861,15771,11469,11593,20209,2692,17214,1,18762,22242,1.0,11:16,2015,2016
2015-16,202353,Tibor Pleiss,Tibor,1610612762,UTA,Utah Jazz,21500591,2016-01-14T00:00:00,UTA vs. SAC,L,0.5,0.0,0.0,0.0,0.0,0.0,2.0,0.0,2.0,0.0,0.0,0.0,0.0,0.0,1,13074,13074,13074,25981,12059,10158,9917,18861,1,3734,1,24614,8004,1,1,18762,25170,1.0,0:29,2015,2016
2015-16,203527,Ryan Kelly,Ryan,1610612747,LAL,Los Angeles Lakers,21500592,2016-01-14T00:00:00,LAL @ GSW,L,6.9,0.0,0.0,2.0,2.0,0.0,0.0,3.0,12.0,0.0,0.0,0.0,4.0,9.4,1,13074,13074,13074,23584,12059,10158,4675,12984,1,1,7328,18637,8004,1,1,2748,19568,1.0,6:56,2015,2016
2015-16,201567,Kevin Love,Kevin,1610612739,CLE,Cleveland Cavaliers,21500590,2016-01-14T00:00:00,CLE @ SAS,L,37.2,0.0,0.0,0.0,2.0,10.0,6.0,11.0,40.0,0.0,1.0,3.0,2.0,23.9,1,13074,13074,13074,1995,12059,10158,9917,12984,17370,13237,21342,983,8004,17214,17641,7786,9184,1.0,37:09,2015,2016
2015-16,202696,Nikola Vučević,Nikola,1610612753,ORL,Orlando Magic,21500588,2016-01-14T00:00:00,ORL vs. TOR,L,39.3,0.0,2.0,0.0,8.0,14.0,5.0,9.0,28.0,3.0,2.0,4.0,3.0,44.2,1,13074,13074,13074,949,12059,4731,9917,3109,22292,11469,18829,5824,347,23588,22104,4736,1515,1.0,39:18,2015,2016
2015-16,203506,Victor Oladipo,Victor,1610612753,ORL,Orlando Magic,21500588,2016-01-14T00:00:00,ORL vs. TOR,L,45.0,3.0,0.0,0.0,10.0,19.0,6.0,11.0,34.0,0.0,2.0,3.0,3.0,46.2,1,13074,13074,13074,83,4307,10158,9917,1840,25074,13237,21342,2701,8004,23588,17641,4736,1175,1.0,44:59,2015,2016
2015-16,200765,Rajon Rondo,Rajon,1610612758,SAC,Sacramento Kings,21500591,2016-01-14T00:00:00,SAC @ UTA,W,34.9,2.0,0.0,2.0,4.0,12.0,7.0,11.0,32.0,0.0,1.0,3.0,1.0,35.7,1,1,1,1,3595,6026,10158,4675,8599,20178,15642,21342,3535,8004,17214,17641,12373,3578,1.0,34:55,2015,2016
2015-16,202326,DeMarcus Cousins,DeMarcus,1610612758,SAC,Sacramento Kings,21500591,2016-01-14T00:00:00,SAC @ UTA,W,39.1,2.0,9.0,3.0,14.0,15.0,7.0,12.0,34.0,1.0,2.0,2.0,13.0,59.9,1,1,1,1,1052,6026,77,3302,542,23079,15642,22259,2701,2692,23588,11390,14,210,1.0,39:03,2015,2016
2015-16,1626143,Jahlil Okafor,Jahlil,1610612755,PHI,Philadelphia 76ers,21500587,2016-01-14T00:00:00,PHI vs. CHI,L,33.4,2.0,2.0,0.0,6.0,10.0,6.0,9.0,26.0,1.0,1.0,1.0,1.0,24.8,1,13074,13074,13074,4810,6026,4731,9917,5299,17370,13237,18829,7214,2692,17214,4972,12373,8614,1.0,33:24,2015,2016
2015-16,1626161,Willie Cauley-Stein,Willie,1610612758,SAC,Sacramento Kings,21500591,2016-01-14T00:00:00,SAC @ UTA,W,23.7,1.0,2.0,0.0,8.0,5.0,9.0,5.0,14.0,1.0,0.0,4.0,1.0,24.6,1,1,1,1,12800,11535,4731,9917,3109,8403,19144,11593,17019,2692,1,22104,12373,8724,1.0,23:43,2015,2016
2015-16,200768,Kyle Lowry,Kyle,1610612761,TOR,Toronto Raptors,21500588,2016-01-14T00:00:00,TOR @ ORL,W,46.7,3.0,0.0,5.0,6.0,13.0,6.0,0.0,42.0,1.0,3.0,2.0,8.0,46.6,1,1,1,1,42,4307,10158,1277,5299,21300,13237,1,670,2692,25441,11390,254,1122,1.0,46:44,2015,2016
2015-16,202695,Kawhi Leonard,Kawhi,1610612759,SAS,San Antonio Spurs,21500590,2016-01-14T00:00:00,SAS vs. CLE,W,39.8,0.0,2.0,5.0,6.0,6.0,13.0,5.0,36.0,2.0,0.0,1.0,3.0,44.5,1,1,1,1,775,12059,4731,1277,5299,10028,23668,11593,1943,932,1,4972,4736,1459,1.0,39:51,2015,2016
2015-16,1626156,D'Angelo Russell,D'Angelo,1610612747,LAL,Los Angeles Lakers,21500592,2016-01-14T00:00:00,LAL @ GSW,L,29.6,0.0,2.0,0.0,4.0,11.0,7.0,16.0,36.0,0.0,0.0,2.0,0.0,24.9,1,13074,13074,13074,7923,12059,4731,9917,8599,18886,15642,24641,1943,8004,1,11390,18762,8553,1.0,29:33,2015,2016
2015-16,203083,Andre Drummond,Andre,1610612765,DET,Detroit Pistons,21500589,2016-01-14T00:00:00,DET @ MEM,L,33.7,4.0,0.0,0.0,10.0,8.0,7.0,9.0,34.0,2.0,2.0,5.0,5.0,29.7,1,13074,13074,13074,4563,2460,10158,9917,1840,13914,15642,18829,2701,932,23588,24686,1539,6006,1.0,33:45,2015,2016
2015-16,202397,Ish Smith,Ish,1610612755,PHI,Philadelphia 76ers,21500587,2016-01-14T00:00:00,PHI vs. CHI,L,35.8,0.0,4.0,0.0,6.0,17.0,17.0,9.0,34.0,0.0,0.0,3.0,2.0,44.8,1,13074,13074,13074,2868,12059,1596,9917,5299,24337,25429,18829,2701,8004,1,17641,7786,1406,1.0,35:50,2015,2016
2015-16,202681,Kyrie Irving,Kyrie,1610612739,CLE,Cleveland Cavaliers,21500590,2016-01-14T00:00:00,CLE @ SAS,L,32.4,0.0,0.0,2.0,4.0,15.0,11.0,9.0,36.0,0.0,2.0,1.0,1.0,24.4,1,13074,13074,13074,5552,12059,10158,4675,8599,23079,21814,18829,1943,8004,23588,4972,12373,8867,1.0,32:26,2015,2016
2015-16,201596,Mario Chalmers,Mario,1610612763,MEM,Memphis Grizzlies,21500589,2016-01-14T00:00:00,MEM vs. DET,W,41.8,2.0,2.0,2.0,10.0,16.0,4.0,7.0,34.0,0.0,0.0,3.0,6.0,49.6,1,1,1,1,340,6026,4731,4675,1840,23774,8458,15538,2701,8004,1,17641,873,798,1.0,41:48,2015,2016
2015-16,202710,Jimmy Butler III,Jimmy,1610612741,CHI,Chicago Bulls,21500587,2016-01-14T00:00:00,CHI @ PHI,W,49.1,8.0,6.0,6.0,18.0,25.0,12.0,13.0,32.0,0.0,3.0,4.0,17.0,79.0,1,1,1,1,17,308,481,740,131,25944,22832,23048,3535,8004,25441,22104,4,8,1.0,49:03,2015,2016
2015-16,203095,Evan Fournier,Evan,1610612753,ORL,Orlando Magic,21500588,2016-01-14T00:00:00,ORL vs. TOR,L,34.4,5.0,2.0,2.0,12.0,11.0,3.0,9.0,20.0,0.0,1.0,5.0,6.0,29.1,1,13074,13074,13074,4001,1603,4731,4675,988,18886,7138,18829,11929,8004,17214,24686,873,6285,1.0,34:26,2015,2016
2015-16,200752,Rudy Gay,Rudy,1610612758,SAC,Sacramento Kings,21500591,2016-01-14T00:00:00,SAC @ UTA,W,38.7,4.0,4.0,6.0,14.0,16.0,9.0,12.0,38.0,0.0,0.0,5.0,5.0,43.3,1,1,1,1,1169,2460,1596,740,542,23774,19144,22259,1422,8004,1,24686,1539,1678,1.0,38:44,2015,2016
2015-16,202684,Tristan Thompson,Tristan,1610612739,CLE,Cleveland Cavaliers,21500590,2016-01-14T00:00:00,CLE @ SAS,L,35.4,4.0,5.0,0.0,14.0,13.0,9.0,10.0,34.0,0.0,2.0,3.0,3.0,37.3,1,13074,13074,13074,3224,2460,995,9917,542,21300,19144,20169,2701,8004,23588,17641,4736,3105,1.0,35:24,2015,2016
2015-16,201942,DeMar DeRozan,DeMar,1610612761,TOR,Toronto Raptors,21500588,2016-01-14T00:00:00,TOR @ ORL,W,39.8,0.0,0.0,0.0,6.0,8.0,6.0,0.0,36.0,1.0,4.0,2.0,6.0,36.2,1,1,1,1,800,12059,10158,9917,5299,13914,13237,1,1943,2692,25926,11390,873,3407,1.0,39:45,2015,2016
2015-16,201145,Jeff Green,Jeff,1610612763,MEM,Memphis Grizzlies,21500589,2016-01-14T00:00:00,MEM vs. DET,W,26.8,6.0,2.0,2.0,6.0,12.0,2.0,7.0,20.0,0.0,0.0,1.0,2.0,20.3,1,1,1,1,10220,878,4731,4675,5299,20178,3734,15538,11929,8004,1,4972,7786,11534,1.0,26:46,2015,2016
2015-16,202344,Trevor Booker,Trevor,1610612762,UTA,Utah Jazz,21500591,2016-01-14T00:00:00,UTA vs. SAC,L,17.0,2.0,2.0,0.0,4.0,2.0,4.0,9.0,22.0,0.0,0.0,2.0,1.0,15.7,1,13074,13074,13074,18287,6026,4731,9917,8599,2619,8458,18829,10265,8004,1,11390,12373,14841,1.0,16:60,2015,2016
2015-16,101150,Lou Williams,Lou,1610612747,LAL,Los Angeles Lakers,21500592,2016-01-14T00:00:00,LAL @ GSW,L,30.6,5.0,0.0,4.0,6.0,19.0,6.0,27.0,26.0,0.0,1.0,2.0,6.0,27.3,1,13074,13074,13074,7022,1603,10158,1913,5299,25074,13237,26031,7214,8004,17214,11390,873,7236,1.0,30:36,2015,2016
2015-16,203084,Harrison Barnes,Harrison,1610612744,GSW,Golden State Warriors,21500592,2016-01-14T00:00:00,GSW vs. LAL,W,29.1,2.0,0.0,2.0,6.0,20.0,16.0,6.0,32.0,1.0,1.0,3.0,1.0,31.2,1,1,1,1,8315,6026,10158,4675,5299,25338,25155,13388,3535,2692,17214,17641,12373,5304,1.0,29:04,2015,2016
2015-16,2225,Tony Parker,Tony,1610612759,SAS,San Antonio Spurs,21500590,2016-01-14T00:00:00,SAS vs. CLE,W,34.8,4.0,0.0,6.0,18.0,6.0,7.0,5.0,28.0,1.0,0.0,1.0,5.0,42.8,1,1,1,1,3676,2460,10158,740,131,10028,15642,11593,5824,2692,1,4972,1539,1776,1.0,34:49,2015,2016
2015-16,203903,Jordan Clarkson,Jordan,1610612747,LAL,Los Angeles Lakers,21500592,2016-01-14T00:00:00,LAL @ GSW,L,35.9,7.0,4.0,2.0,8.0,12.0,5.0,17.0,26.0,0.0,1.0,2.0,3.0,27.3,1,13074,13074,13074,2859,548,1596,4675,3109,20178,11469,24967,7214,8004,17214,11390,4736,7236,1.0,35:51,2015,2016
2015-16,201959,Taj Gibson,Taj,1610612741,CHI,Chicago Bulls,21500587,2016-01-14T00:00:00,CHI @ PHI,W,35.4,0.0,5.0,0.0,8.0,17.0,2.0,9.0,20.0,0.0,0.0,1.0,3.0,26.2,1,1,1,1,3195,12059,995,9917,3109,24337,3734,18829,11929,8004,1,4972,4736,7785,1.0,35:27,2015,2016
2015-16,2747,JR Smith,JR,1610612739,CLE,Cleveland Cavaliers,21500590,2016-01-14T00:00:00,CLE @ SAS,L,32.6,0.0,2.0,0.0,6.0,8.0,4.0,11.0,36.0,1.0,0.0,4.0,0.0,20.2,1,13074,13074,13074,5447,12059,4731,9917,5299,13914,8458,21342,1943,2692,1,22104,18762,11610,1.0,32:34,2015,2016
2015-16,202335,Patrick Patterson,Patrick,1610612761,TOR,Toronto Raptors,21500588,2016-01-14T00:00:00,TOR @ ORL,W,35.8,0.0,0.0,0.0,0.0,7.0,2.0,2.0,38.0,2.0,0.0,2.0,0.0,31.4,1,1,1,1,2866,12059,10158,9917,18861,12242,3734,4025,1422,932,1,11390,18762,5218,1.0,35:50,2015,2016
2015-16,202709,Cory Joseph,Cory,1610612761,TOR,Toronto Raptors,21500588,2016-01-14T00:00:00,TOR @ ORL,W,35.5,2.0,4.0,2.0,12.0,7.0,2.0,2.0,30.0,0.0,0.0,3.0,2.0,31.6,1,1,1,1,3109,6026,1596,4675,988,12242,3734,4025,4541,8004,1,17641,7786,5130,1.0,35:32,2015,2016
2015-16,2738,Andre Iguodala,Andre,1610612744,GSW,Golden State Warriors,21500592,2016-01-14T00:00:00,GSW vs. LAL,W,22.8,0.0,0.0,0.0,0.0,13.0,12.0,4.0,26.0,1.0,0.0,0.0,1.0,19.8,1,1,1,1,13537,12059,10158,9917,18861,21300,22832,8806,7214,2692,1,1,12373,11883,1.0,22:47,2015,2016
2015-16,203917,Nik Stauskas,Nik,1610612755,PHI,Philadelphia 76ers,21500587,2016-01-14T00:00:00,PHI vs. CHI,L,39.3,3.0,0.0,0.0,0.0,13.0,11.0,11.0,34.0,0.0,1.0,2.0,4.0,26.9,1,13074,13074,13074,961,4307,10158,9917,18861,21300,21814,21342,2701,8004,17214,11390,2748,7438,1.0,39:16,2015,2016
2015-16,201160,Jason Smith,Jason,1610612753,ORL,Orlando Magic,21500588,2016-01-14T00:00:00,ORL vs. TOR,L,36.6,2.0,0.0,0.0,2.0,12.0,5.0,7.0,26.0,1.0,0.0,3.0,0.0,31.0,1,13074,13074,13074,2366,6026,10158,9917,12984,20178,11469,15538,7214,2692,1,17641,18762,5406,1.0,36:33,2015,2016
2015-16,1938,Manu Ginobili,Manu,1610612759,SAS,San Antonio Spurs,21500590,2016-01-14T00:00:00,SAS vs. CLE,W,26.2,2.0,0.0,0.0,6.0,2.0,8.0,6.0,22.0,1.0,1.0,3.0,1.0,20.1,1,1,1,1,10685,6026,10158,9917,5299,2619,17345,13388,10265,2692,17214,17641,12373,11685,1.0,26:12,2015,2016
2015-16,203110,Draymond Green,Draymond,1610612744,GSW,Golden State Warriors,21500592,2016-01-14T00:00:00,GSW vs. LAL,W,27.0,2.0,2.0,2.0,4.0,7.0,8.0,4.0,30.0,0.0,1.0,1.0,2.0,30.3,1,1,1,1,9980,6026,4731,4675,8599,12242,17345,8806,4541,8004,17214,4972,7786,5702,1.0,27:03,2015,2016
2015-16,1626168,Trey Lyles,Trey,1610612762,UTA,Utah Jazz,21500591,2016-01-14T00:00:00,UTA vs. SAC,L,38.9,6.0,2.0,2.0,10.0,11.0,11.0,13.0,40.0,0.0,0.0,2.0,5.0,30.6,1,13074,13074,13074,1107,878,4731,4675,1840,18886,21814,23048,983,8004,1,11390,1539,5574,1.0,38:55,2015,2016
2015-16,202704,Reggie Jackson,Reggie,1610612765,DET,Detroit Pistons,21500589,2016-01-14T00:00:00,DET @ MEM,L,23.7,0.0,0.0,7.0,6.0,4.0,7.0,4.0,30.0,0.0,0.0,4.0,2.0,20.2,1,13074,13074,13074,12804,12059,10158,454,5299,6141,15642,8806,4541,8004,1,22104,7786,11610,1.0,23:43,2015,2016
2015-16,203457,Nerlens Noel,Nerlens,1610612755,PHI,Philadelphia 76ers,21500587,2016-01-14T00:00:00,PHI vs. CHI,L,24.3,6.0,2.0,2.0,6.0,13.0,8.0,9.0,30.0,3.0,0.0,3.0,2.0,26.2,1,13074,13074,13074,12298,878,4731,4675,5299,21300,17345,18829,4541,347,1,17641,7786,7785,1.0,24:18,2015,2016
2015-16,1626169,Stanley Johnson,Stanley,1610612765,DET,Detroit Pistons,21500589,2016-01-14T00:00:00,DET @ MEM,L,25.1,4.0,0.0,2.0,4.0,18.0,2.0,6.0,16.0,0.0,0.0,0.0,0.0,26.6,1,13074,13074,13074,11607,2460,10158,4675,8599,24749,3734,13388,15259,8004,1,1,18762,7566,1.0,25:05,2015,2016
2015-16,2561,David West,David,1610612759,SAS,San Antonio Spurs,21500590,2016-01-14T00:00:00,SAS vs. CLE,W,18.0,5.0,7.0,0.0,6.0,0.0,4.0,3.0,12.0,0.0,1.0,1.0,2.0,20.5,1,1,1,1,17510,1603,292,9917,5299,1,8458,7328,18637,8004,17214,4972,7786,11401,1.0,18:00,2015,2016
2015-16,977,Kobe Bryant,Kobe,1610612747,LAL,Los Angeles Lakers,21500592,2016-01-14T00:00:00,LAL @ GSW,L,27.5,4.0,0.0,0.0,2.0,13.0,6.0,20.0,20.0,1.0,2.0,2.0,0.0,26.7,1,13074,13074,13074,9629,2460,10158,9917,12984,21300,13237,25599,11929,2692,23588,11390,18762,7525,1.0,27:28,2015,2016
2015-16,201188,Marc Gasol,Marc,1610612763,MEM,Memphis Grizzlies,21500589,2016-01-14T00:00:00,MEM vs. DET,W,37.3,1.0,0.0,0.0,14.0,13.0,2.0,12.0,32.0,3.0,1.0,5.0,5.0,43.0,1,1,1,1,1890,11535,10158,9917,542,21300,3734,22259,3535,347,17214,24686,1539,1733,1.0,37:18,2015,2016
2015-16,202685,Jonas Valančiūnas,Jonas,1610612761,TOR,Toronto Raptors,21500588,2016-01-14T00:00:00,TOR @ ORL,W,30.1,4.0,2.0,0.0,10.0,8.0,6.0,0.0,26.0,3.0,1.0,2.0,2.0,37.8,1,1,1,1,7467,2460,4731,9917,1840,13914,13237,1,7214,347,17214,11390,7786,2956,1.0,30:05,2015,2016
2015-16,2440,Matt Barnes,Matt,1610612763,MEM,Memphis Grizzlies,21500589,2016-01-14T00:00:00,MEM vs. DET,W,27.5,6.0,0.0,3.0,0.0,12.0,2.0,8.0,16.0,0.0,0.0,1.0,0.0,27.6,1,1,1,1,9592,878,10158,3302,18861,20178,3734,17194,15259,8004,1,4972,18762,7080,1.0,27:31,2015,2016
2015-16,202697,Iman Shumpert,Iman,1610612739,CLE,Cleveland Cavaliers,21500590,2016-01-14T00:00:00,CLE @ SAS,L,18.8,0.0,2.0,3.0,0.0,15.0,7.0,5.0,16.0,0.0,0.0,1.0,1.0,13.7,1,13074,13074,13074,16895,12059,4731,3302,18861,23079,15642,11593,15259,8004,1,4972,12373,16393,1.0,18:46,2015,2016
2015-16,202330,Gordon Hayward,Gordon,1610612762,UTA,Utah Jazz,21500591,2016-01-14T00:00:00,UTA vs. SAC,L,37.4,2.0,0.0,9.0,6.0,9.0,11.0,13.0,40.0,1.0,0.0,2.0,10.0,39.1,1,13074,13074,13074,1809,6026,10158,184,5299,15771,21814,23048,983,2692,1,11390,76,2616,1.0,37:25,2015,2016
2015-16,2754,Tony Allen,Tony,1610612763,MEM,Memphis Grizzlies,21500589,2016-01-14T00:00:00,MEM vs. DET,W,32.1,0.0,0.0,2.0,2.0,14.0,2.0,4.0,28.0,0.0,1.0,1.0,0.0,21.9,1,1,1,1,5800,12059,10158,4675,12984,22292,3734,8806,5824,8004,17214,4972,18762,10460,1.0,32:07,2015,2016
2015-16,201149,Joakim Noah,Joakim,1610612741,CHI,Chicago Bulls,21500587,2016-01-14T00:00:00,CHI @ PHI,W,38.2,0.0,4.0,0.0,4.0,14.0,15.0,5.0,28.0,1.0,0.0,3.0,1.0,39.2,1,1,1,1,1421,12059,1596,9917,8599,22292,24781,11593,5824,2692,1,17641,12373,2590,1.0,38:12,2015,2016
2015-16,201171,Carl Landry,Carl,1610612755,PHI,Philadelphia 76ers,21500587,2016-01-14T00:00:00,PHI vs. CHI,L,19.2,0.0,0.0,2.0,2.0,9.0,8.0,0.0,12.0,1.0,0.0,4.0,2.0,14.1,1,13074,13074,13074,16573,12059,10158,4675,12984,15771,17345,1,18637,2692,1,22104,7786,16094,1.0,19:09,2015,2016
2015-16,1626204,Larry Nance Jr.,Larry,1610612747,LAL,Los Angeles Lakers,21500592,2016-01-14T00:00:00,LAL @ GSW,L,22.6,0.0,0.0,0.0,4.0,10.0,2.0,14.0,10.0,1.0,0.0,2.0,1.0,33.0,1,13074,13074,13074,13726,12059,10158,9917,8599,17370,3734,23710,20209,2692,1,11390,12373,4537,1.0,22:33,2015,2016
2015-16,201585,Kosta Koufos,Kosta,1610612758,SAC,Sacramento Kings,21500591,2016-01-14T00:00:00,SAC @ UTA,W,15.5,0.0,0.0,0.0,0.0,7.0,4.0,4.0,10.0,0.0,0.0,1.0,0.0,13.4,1,1,1,1,19446,12059,10158,9917,18861,12242,8458,8806,20209,8004,1,4972,18762,16614,1.0,15:27,2015,2016
2015-16,2449,Luis Scola,Luis,1610612761,TOR,Toronto Raptors,21500588,2016-01-14T00:00:00,TOR @ ORL,W,19.5,6.0,0.0,0.0,0.0,6.0,4.0,0.0,12.0,2.0,1.0,0.0,1.0,28.4,1,1,1,1,16316,878,10158,9917,18861,10028,8458,1,18637,932,17214,1,12373,6663,1.0,19:30,2015,2016
2015-16,203960,JaKarr Sampson,JaKarr,1610612755,PHI,Philadelphia 76ers,21500587,2016-01-14T00:00:00,PHI vs. CHI,L,24.6,2.0,2.0,1.0,2.0,8.0,8.0,9.0,26.0,0.0,0.0,4.0,2.0,13.8,1,13074,13074,13074,12059,6026,4731,9347,12984,13914,17345,18829,7214,8004,1,22104,7786,16311,1.0,24:34,2015,2016
2015-16,203944,Julius Randle,Julius,1610612747,LAL,Los Angeles Lakers,21500592,2016-01-14T00:00:00,LAL @ GSW,L,29.6,8.0,6.0,0.0,12.0,11.0,7.0,16.0,38.0,1.0,0.0,4.0,0.0,28.3,1,13074,13074,13074,7866,308,481,9917,988,18886,15642,24641,1422,2692,1,22104,18762,6720,1.0,29:37,2015,2016
2015-16,200746,LaMarcus Aldridge,LaMarcus,1610612759,SAS,San Antonio Spurs,21500590,2016-01-14T00:00:00,SAS vs. CLE,W,29.2,0.0,2.0,0.0,2.0,6.0,7.0,5.0,26.0,0.0,0.0,4.0,2.0,17.6,1,1,1,1,8225,12059,4731,9917,12984,10028,15642,11593,7214,8004,1,22104,7786,13443,1.0,29:11,2015,2016
2015-16,201956,Omri Casspi,Omri,1610612758,SAC,Sacramento Kings,21500591,2016-01-14T00:00:00,SAC @ UTA,W,26.2,0.0,0.0,0.0,6.0,12.0,7.0,11.0,28.0,0.0,0.0,4.0,1.0,13.6,1,1,1,1,10651,12059,10158,9917,5299,20178,15642,21342,5824,8004,1,22104,12373,16460,1.0,26:15,2015,2016
2015-16,202699,Tobias Harris,Tobias,1610612753,ORL,Orlando Magic,21500588,2016-01-14T00:00:00,ORL vs. TOR,L,44.3,3.0,2.0,0.0,10.0,17.0,6.0,11.0,36.0,0.0,2.0,2.0,1.0,32.7,1,13074,13074,13074,113,4307,4731,9917,1840,24337,13237,21342,1943,8004,23588,11390,12373,4649,1.0,44:17,2015,2016
2015-16,1495,Tim Duncan,Tim,1610612759,SAS,San Antonio Spurs,21500590,2016-01-14T00:00:00,SAS vs. CLE,W,33.0,0.0,0.0,0.0,6.0,6.0,9.0,5.0,24.0,2.0,0.0,3.0,1.0,28.7,1,1,1,1,5134,12059,10158,9917,5299,10028,19144,11593,8723,932,1,17641,12373,6514,1.0,32:60,2015,2016
2015-16,201939,Stephen Curry,Stephen,1610612744,GSW,Golden State Warriors,21500592,2016-01-14T00:00:00,GSW vs. LAL,W,29.5,8.0,0.0,11.0,2.0,9.0,10.0,4.0,30.0,0.0,0.0,3.0,3.0,37.7,1,1,1,1,7961,308,10158,69,12984,15771,20509,8806,4541,8004,1,17641,4736,2990,1.0,29:31,2015,2016
2015-16,203496,Robert Covington,Robert,1610612755,PHI,Philadelphia 76ers,21500587,2016-01-14T00:00:00,PHI vs. CHI,L,29.6,11.0,2.0,5.0,4.0,15.0,11.0,6.0,32.0,0.0,0.0,6.0,2.0,39.7,1,13074,13074,13074,7858,55,4731,1277,8599,23079,21814,13388,3535,8004,1,25827,7786,2451,1.0,29:38,2015,2016
2015-16,203504,Trey Burke,Trey,1610612762,UTA,Utah Jazz,21500591,2016-01-14T00:00:00,UTA vs. SAC,L,31.5,4.0,0.0,0.0,10.0,4.0,13.0,5.0,26.0,0.0,0.0,1.0,2.0,18.0,1,13074,13074,13074,6330,2460,10158,9917,1840,6141,23668,11593,7214,8004,1,4972,7786,13164,1.0,31:29,2015,2016
2015-16,203526,Raul Neto,Raul,1610612762,UTA,Utah Jazz,21500591,2016-01-14T00:00:00,UTA vs. SAC,L,20.3,2.0,2.0,2.0,4.0,11.0,4.0,10.0,28.0,0.0,0.0,4.0,2.0,21.4,1,13074,13074,13074,15642,6026,4731,4675,8599,18886,8458,20169,5824,8004,1,22104,7786,10807,1.0,20:18,2015,2016
2015-16,201579,Roy Hibbert,Roy,1610612747,LAL,Los Angeles Lakers,21500592,2016-01-14T00:00:00,LAL @ GSW,L,20.5,0.0,2.0,0.0,4.0,13.0,2.0,17.0,6.0,0.0,0.0,1.0,1.0,12.6,1,13074,13074,13074,15449,12059,4731,9917,8599,21300,3734,24967,22724,8004,1,4972,12373,17277,1.0,20:32,2015,2016
2015-16,203138,Hollis Thompson,Hollis,1610612755,PHI,Philadelphia 76ers,21500587,2016-01-14T00:00:00,PHI vs. CHI,L,33.5,0.0,0.0,0.0,4.0,12.0,11.0,6.0,30.0,0.0,0.0,4.0,0.0,12.9,1,13074,13074,13074,4723,12059,10158,9917,8599,20178,21814,13388,4541,8004,1,22104,18762,17049,1.0,33:32,2015,2016
2015-16,203901,Elfrid Payton,Elfrid,1610612753,ORL,Orlando Magic,21500588,2016-01-14T00:00:00,ORL vs. TOR,L,20.2,0.0,0.0,0.0,2.0,10.0,5.0,0.0,20.0,0.0,3.0,1.0,1.0,8.2,1,13074,13074,13074,15764,12059,10158,9917,12984,17370,11469,1,11929,8004,25441,4972,12373,20416,1.0,20:10,2015,2016
2015-16,1626209,Mario Hezonja,Mario,1610612753,ORL,Orlando Magic,21500588,2016-01-14T00:00:00,ORL vs. TOR,L,13.7,0.0,0.0,0.0,0.0,4.0,5.0,2.0,20.0,1.0,1.0,0.0,0.0,8.4,1,13074,13074,13074,20604,12059,10158,9917,18861,6141,11469,4025,11929,2692,17214,1,18762,20273,1.0,13:40,2015,2016
2015-16,201575,Brandon Rush,Brandon,1610612744,GSW,Golden State Warriors,21500592,2016-01-14T00:00:00,GSW vs. LAL,W,19.9,0.0,0.0,0.0,0.0,11.0,6.0,4.0,20.0,0.0,0.0,1.0,0.0,13.1,1,1,1,1,15982,12059,10158,9917,18861,18886,13237,8806,11929,8004,1,4972,18762,16874,1.0,19:55,2015,2016
2015-16,203481,Jeff Withey,Jeff,1610612762,UTA,Utah Jazz,21500591,2016-01-14T00:00:00,UTA vs. SAC,L,3.5,0.0,0.0,0.0,0.0,2.0,4.0,0.0,6.0,0.0,0.0,1.0,1.0,2.0,1,13074,13074,13074,24915,12059,10158,9917,18861,2619,8458,1,22724,8004,1,4972,12373,24216,1.0,3:31,2015,2016
2015-16,202694,Marcus Morris Sr.,Marcus,1610612765,DET,Detroit Pistons,21500589,2016-01-14T00:00:00,DET @ MEM,L,40.3,3.0,0.0,0.0,4.0,16.0,7.0,9.0,40.0,0.0,0.0,1.0,1.0,18.3,1,13074,13074,13074,653,4307,10158,9917,8599,23774,15642,18829,983,8004,1,4972,12373,12952,1.0,40:17,2015,2016
2015-16,2571,Leandro Barbosa,Leandro,1610612744,GSW,Golden State Warriors,21500592,2016-01-14T00:00:00,GSW vs. LAL,W,20.4,2.0,3.0,2.0,4.0,15.0,8.0,4.0,18.0,0.0,0.0,2.0,3.0,16.0,1,1,1,1,15600,6026,3104,4675,8599,23079,17345,8806,13577,8004,1,11390,4736,14590,1.0,20:21,2015,2016
2015-16,203210,JaMychal Green,JaMychal,1610612763,MEM,Memphis Grizzlies,21500589,2016-01-14T00:00:00,MEM vs. DET,W,4.7,0.0,0.0,0.0,0.0,5.0,0.0,0.0,4.0,0.0,0.0,2.0,1.0,2.5,1,1,1,1,24453,12059,10158,9917,18861,8403,1,1,23698,8004,1,11390,12373,24003,1.0,4:44,2015,2016
2015-16,204028,Tarik Black,Tarik,1610612747,LAL,Los Angeles Lakers,21500592,2016-01-14T00:00:00,LAL @ GSW,L,16.4,0.0,4.0,0.0,6.0,8.0,7.0,10.0,22.0,0.0,0.0,3.0,2.0,14.2,1,13074,13074,13074,18762,12059,1596,9917,5299,13914,15642,20169,10265,8004,1,17641,7786,16003,1.0,16:22,2015,2016
2015-16,101106,Andrew Bogut,Andrew,1610612744,GSW,Golden State Warriors,21500592,2016-01-14T00:00:00,GSW vs. LAL,W,21.5,2.0,2.0,2.0,6.0,4.0,2.0,2.0,16.0,1.0,0.0,1.0,0.0,19.6,1,1,1,1,14643,6026,4731,4675,5299,6141,3734,4025,15259,2692,1,4972,18762,12024,1.0,21:27,2015,2016
2015-16,203918,Rodney Hood,Rodney,1610612762,UTA,Utah Jazz,21500591,2016-01-14T00:00:00,UTA vs. SAC,L,29.3,0.0,5.0,0.0,2.0,7.0,9.0,8.0,30.0,0.0,2.0,5.0,2.0,14.6,1,13074,13074,13074,8122,12059,995,9917,12984,12242,19144,17194,4541,8004,23588,24686,7786,15699,1.0,29:18,2015,2016
2015-16,201943,Brandon Jennings,Brandon,1610612765,DET,Detroit Pistons,21500589,2016-01-14T00:00:00,DET @ MEM,L,24.3,0.0,0.0,3.0,2.0,18.0,2.0,6.0,16.0,0.0,0.0,1.0,1.0,14.7,1,13074,13074,13074,12315,12059,10158,3302,12984,24749,3734,13388,15259,8004,1,4972,12373,15631,1.0,24:17,2015,2016
2015-16,203105,Festus Ezeli,Festus,1610612744,GSW,Golden State Warriors,21500592,2016-01-14T00:00:00,GSW vs. LAL,W,19.9,0.0,0.0,0.0,6.0,17.0,10.0,4.0,18.0,0.0,0.0,2.0,2.0,19.4,1,1,1,1,16029,12059,10158,9917,5299,24337,20509,8806,13577,8004,1,11390,7786,12154,1.0,19:51,2015,2016
2015-16,101112,Channing Frye,Channing,1610612753,ORL,Orlando Magic,21500588,2016-01-14T00:00:00,ORL vs. TOR,L,22.0,0.0,0.0,0.0,2.0,12.0,2.0,4.0,16.0,4.0,0.0,2.0,0.0,23.2,1,13074,13074,13074,14199,12059,10158,9917,12984,20178,3734,8806,15259,132,1,11390,18762,9630,1.0,21:58,2015,2016
2015-16,203484,Kentavious Caldwell-Pope,Kentavious,1610612765,DET,Detroit Pistons,21500589,2016-01-14T00:00:00,DET @ MEM,L,30.6,2.0,0.0,0.0,4.0,10.0,9.0,5.0,36.0,0.0,0.0,2.0,3.0,9.9,1,13074,13074,13074,7004,6026,10158,9917,8599,17370,19144,11593,1943,8004,1,11390,4736,19247,1.0,30:38,2015,2016
2015-16,202734,E'Twaun Moore,E'Twaun,1610612741,CHI,Chicago Bulls,21500587,2016-01-14T00:00:00,CHI @ PHI,W,26.4,4.0,0.0,0.0,6.0,10.0,8.0,8.0,16.0,0.0,0.0,3.0,0.0,19.4,1,1,1,1,10529,2460,10158,9917,5299,17370,17345,17194,15259,8004,1,17641,18762,12154,1.0,26:24,2015,2016
2015-16,203497,Rudy Gobert,Rudy,1610612762,UTA,Utah Jazz,21500591,2016-01-14T00:00:00,UTA vs. SAC,L,29.7,0.0,0.0,0.0,2.0,7.0,9.0,4.0,26.0,2.0,0.0,4.0,2.0,25.4,1,13074,13074,13074,7789,12059,10158,9917,12984,12242,19144,8806,7214,932,1,22104,7786,8273,1.0,29:44,2015,2016
2015-16,2733,Shaun Livingston,Shaun,1610612744,GSW,Golden State Warriors,21500592,2016-01-14T00:00:00,GSW vs. LAL,W,18.6,2.0,0.0,5.0,8.0,15.0,8.0,2.0,20.0,0.0,0.0,2.0,4.0,23.2,1,1,1,1,17055,6026,10158,1277,3109,23079,17345,4025,11929,8004,1,11390,2748,9630,1.0,18:33,2015,2016
2015-16,201158,Marco Belinelli,Marco,1610612758,SAC,Sacramento Kings,21500591,2016-01-14T00:00:00,SAC @ UTA,W,20.7,2.0,0.0,0.0,0.0,9.0,4.0,8.0,18.0,0.0,0.0,3.0,3.0,14.9,1,1,1,1,15311,6026,10158,9917,18861,15771,8458,17194,13577,8004,1,17641,4736,15463,1.0,20:43,2015,2016
2015-16,202691,Klay Thompson,Klay,1610612744,GSW,Golden State Warriors,21500592,2016-01-14T00:00:00,GSW vs. LAL,W,27.1,3.0,2.0,6.0,2.0,7.0,8.0,4.0,28.0,1.0,1.0,2.0,3.0,19.1,1,1,1,1,9897,4307,4731,740,12984,12242,17345,8806,5824,2692,17214,11390,4736,12372,1.0,27:08,2015,2016
2015-16,2216,Zach Randolph,Zach,1610612763,MEM,Memphis Grizzlies,21500589,2016-01-14T00:00:00,MEM vs. DET,W,29.8,4.0,5.0,0.0,12.0,6.0,4.0,7.0,24.0,0.0,0.0,3.0,3.0,23.1,1,1,1,1,7761,2460,995,9917,988,10028,8458,15538,8723,8004,1,17641,4736,9699,1.0,29:45,2015,2016
2015-16,204456,T.J. McConnell,T.J.,1610612755,PHI,Philadelphia 76ers,21500587,2016-01-14T00:00:00,PHI vs. CHI,L,17.7,4.0,3.0,3.0,8.0,4.0,0.0,4.0,16.0,0.0,0.0,0.0,5.0,25.1,1,13074,13074,13074,17763,2460,3104,3302,3109,6141,1,8806,15259,8004,1,1,1539,8429,1.0,17:42,2015,2016
2015-16,201229,Anthony Tolliver,Anthony,1610612765,DET,Detroit Pistons,21500589,2016-01-14T00:00:00,DET @ MEM,L,21.8,5.0,0.0,0.0,2.0,16.0,2.0,5.0,16.0,0.0,0.0,1.0,2.0,10.4,1,13074,13074,13074,14387,1603,10158,9917,12984,23774,3734,11593,15259,8004,1,4972,7786,18859,1.0,21:45,2015,2016
2015-16,201988,Patty Mills,Patty,1610612759,SAS,San Antonio Spurs,21500590,2016-01-14T00:00:00,SAS vs. CLE,W,13.2,0.0,0.0,0.0,0.0,0.0,6.0,3.0,12.0,0.0,0.0,1.0,3.0,10.2,1,1,1,1,20874,12059,10158,9917,18861,1,13237,7328,18637,8004,1,4972,4736,19003,1.0,13:11,2015,2016
2015-16,204060,Joe Ingles,Joe,1610612762,UTA,Utah Jazz,21500591,2016-01-14T00:00:00,UTA vs. SAC,L,17.4,3.0,0.0,2.0,4.0,2.0,4.0,1.0,12.0,0.0,0.0,1.0,4.0,14.2,1,13074,13074,13074,17973,4307,10158,4675,8599,2619,8458,3646,18637,8004,1,4972,2748,16003,1.0,17:23,2015,2016
2015-16,101141,Ersan Ilyasova,Ersan,1610612765,DET,Detroit Pistons,21500589,2016-01-14T00:00:00,DET @ MEM,L,26.2,0.0,4.0,0.0,6.0,6.0,7.0,5.0,30.0,0.0,1.0,3.0,2.0,33.8,1,13074,13074,13074,10652,12059,1596,9917,5299,10028,15642,11593,4541,8004,17214,17641,7786,4244,1.0,26:15,2015,2016
2015-16,2544,LeBron James,LeBron,1610612739,CLE,Cleveland Cavaliers,21500590,2016-01-14T00:00:00,CLE @ SAS,L,37.3,2.0,4.0,3.0,12.0,9.0,9.0,14.0,36.0,0.0,1.0,4.0,7.0,33.9,1,13074,13074,13074,1872,6026,1596,3302,988,15771,19144,23710,1943,8004,17214,22104,469,4208,1.0,37:20,2015,2016
2015-16,203926,Doug McDermott,Doug,1610612741,CHI,Chicago Bulls,21500587,2016-01-14T00:00:00,CHI @ PHI,W,33.0,6.0,2.0,2.0,10.0,15.0,13.0,10.0,26.0,0.0,0.0,2.0,3.0,23.6,1,1,1,1,5123,878,4731,4675,1840,23079,23668,20169,7214,8004,1,11390,4736,9377,1.0,33:01,2015,2016
2015-16,203521,Matthew Dellavedova,Matthew,1610612739,CLE,Cleveland Cavaliers,21500590,2016-01-14T00:00:00,CLE @ SAS,L,19.5,0.0,0.0,0.0,2.0,8.0,2.0,9.0,16.0,0.0,0.0,3.0,1.0,9.9,1,13074,13074,13074,16294,12059,10158,9917,12984,13914,3734,18829,15259,8004,1,17641,12373,19247,1.0,19:32,2015,2016
2015-16,1891,Jason Terry,Jason,1610612745,HOU,Houston Rockets,21500581,2016-01-13T00:00:00,HOU vs. MIN,W,25.7,5.0,0.0,0.0,2.0,8.0,8.0,2.0,32.0,0.0,0.0,0.0,1.0,14.5,1,1,1,1,11157,1603,10158,9917,12984,13914,17345,4025,3535,8004,1,1,12373,15799,1.0,25:39,2015,2016
2015-16,203488,Mike Muscala,Mike,1610612737,ATL,Atlanta Hawks,21500577,2016-01-13T00:00:00,ATL @ CHA,L,9.3,0.0,2.0,0.0,2.0,3.0,0.0,3.0,4.0,0.0,0.0,0.0,0.0,10.0,1,13074,13074,13074,22715,12059,4731,9917,12984,5109,1,7328,23698,8004,1,1,18762,19178,1.0,9:18,2015,2016
2015-16,202388,Donald Sloan,Donald,1610612751,BKN,Brooklyn Nets,21500579,2016-01-13T00:00:00,BKN vs. NYK,W,22.8,2.0,0.0,0.0,2.0,2.0,4.0,3.0,22.0,0.0,0.0,0.0,1.0,19.3,1,1,1,1,13537,6026,10158,9917,12984,2619,8458,7328,10265,8004,1,1,12373,12228,1.0,22:47,2015,2016
2015-16,201593,Nikola Pekovic,Nikola,1610612750,MIN,Minnesota Timberwolves,21500581,2016-01-13T00:00:00,MIN @ HOU,L,15.9,0.0,4.0,0.0,8.0,9.0,6.0,7.0,16.0,0.0,0.0,3.0,0.0,14.5,1,13074,13074,13074,19139,12059,1596,9917,3109,15771,13237,15538,15259,8004,1,17641,18762,15799,1.0,15:52,2015,2016
2015-16,204020,Tyler Johnson,Tyler,1610612748,MIA,Miami Heat,21500586,2016-01-13T00:00:00,MIA @ LAC,L,29.2,0.0,0.0,0.0,2.0,16.0,12.0,4.0,26.0,1.0,2.0,4.0,3.0,23.8,1,13074,13074,13074,8254,12059,10158,9917,12984,23774,22832,8806,7214,2692,23588,22104,4736,9261,1.0,29:09,2015,2016
2015-16,1718,Paul Pierce,Paul,1610612746,LAC,LA Clippers,21500586,2016-01-13T00:00:00,LAC vs. MIA,W,21.5,0.0,0.0,0.0,4.0,3.0,0.0,5.0,14.0,0.0,0.0,4.0,0.0,25.8,1,1,1,1,14586,12059,10158,9917,8599,5109,1,11593,17019,8004,1,22104,18762,8022,1.0,21:31,2015,2016
2015-16,2547,Chris Bosh,Chris,1610612748,MIA,Miami Heat,21500586,2016-01-13T00:00:00,MIA @ LAC,L,32.9,0.0,0.0,4.0,4.0,16.0,12.0,3.0,32.0,0.0,2.0,1.0,7.0,34.9,1,13074,13074,13074,5229,12059,10158,1913,8599,23774,22832,7328,3535,8004,23588,4972,469,3845,1.0,32:52,2015,2016
2015-16,203105,Festus Ezeli,Festus,1610612744,GSW,Golden State Warriors,21500583,2016-01-13T00:00:00,GSW @ DEN,L,6.9,0.0,0.0,0.0,4.0,2.0,2.0,4.0,8.0,1.0,0.0,2.0,1.0,10.0,1,13074,13074,13074,23603,12059,10158,9917,8599,2619,3734,8806,21543,2692,1,11390,12373,19178,1.0,6:53,2015,2016
2015-16,203939,Dwight Powell,Dwight,1610612742,DAL,Dallas Mavericks,21500582,2016-01-13T00:00:00,DAL @ OKC,L,32.0,0.0,0.0,0.0,4.0,17.0,13.0,11.0,22.0,0.0,1.0,2.0,4.0,25.8,1,13074,13074,13074,5883,12059,10158,9917,8599,24337,23668,21342,10265,8004,17214,11390,2748,8022,1.0,32:00,2015,2016
2015-16,2755,Kevin Martin,Kevin,1610612750,MIN,Minnesota Timberwolves,21500581,2016-01-13T00:00:00,MIN @ HOU,L,28.8,2.0,0.0,4.0,6.0,22.0,5.0,20.0,30.0,0.0,0.0,4.0,4.0,23.9,1,13074,13074,13074,8509,6026,10158,1913,5299,25683,11469,25599,4541,8004,1,22104,2748,9184,1.0,28:50,2015,2016
2015-16,201977,Marcus Thornton,Marcus,1610612745,HOU,Houston Rockets,21500581,2016-01-13T00:00:00,HOU vs. MIN,W,13.4,4.0,0.0,0.0,4.0,4.0,2.0,4.0,10.0,0.0,0.0,3.0,4.0,10.5,1,1,1,1,20731,2460,10158,9917,8599,6141,3734,8806,20209,8004,1,17641,2748,18808,1.0,13:25,2015,2016
2015-16,201587,Nicolas Batum,Nicolas,1610612766,CHA,Charlotte Hornets,21500577,2016-01-13T00:00:00,CHA vs. ATL,W,25.2,4.0,2.0,0.0,2.0,4.0,5.0,5.0,18.0,0.0,0.0,4.0,1.0,19.4,1,1,1,1,11499,2460,4731,9917,12984,6141,11469,11593,13577,8004,1,22104,12373,12154,1.0,25:14,2015,2016
2015-16,203499,Shane Larkin,Shane,1610612751,BKN,Brooklyn Nets,21500579,2016-01-13T00:00:00,BKN vs. NYK,W,25.2,5.0,0.0,2.0,4.0,15.0,12.0,15.0,30.0,0.0,1.0,2.0,2.0,23.9,1,1,1,1,11515,1603,10158,4675,8599,23079,22832,24242,4541,8004,17214,11390,7786,9184,1.0,25:13,2015,2016
2015-16,2746,Josh Smith,Josh,1610612746,LAC,LA Clippers,21500586,2016-01-13T00:00:00,LAC vs. MIA,W,19.8,2.0,0.0,2.0,6.0,7.0,3.0,7.0,12.0,1.0,0.0,5.0,0.0,25.1,1,1,1,1,16038,6026,10158,4675,5299,12242,7138,15538,18637,2692,1,24686,18762,8429,1.0,19:51,2015,2016
2015-16,200752,Rudy Gay,Rudy,1610612758,SAC,Sacramento Kings,21500585,2016-01-13T00:00:00,SAC vs. NOP,L,32.7,0.0,2.0,0.0,6.0,15.0,13.0,5.0,30.0,0.0,0.0,0.0,2.0,19.2,1,13074,13074,13074,5384,12059,4731,9917,5299,23079,23668,11593,4541,8004,1,1,7786,12284,1.0,32:39,2015,2016
2015-16,202344,Trevor Booker,Trevor,1610612762,UTA,Utah Jazz,21500584,2016-01-13T00:00:00,UTA @ POR,L,24.7,2.0,0.0,2.0,6.0,8.0,13.0,10.0,26.0,0.0,0.0,1.0,1.0,23.4,1,13074,13074,13074,11927,6026,10158,4675,5299,13914,23668,20169,7214,8004,1,4972,12373,9501,1.0,24:42,2015,2016
2015-16,201580,JaVale McGee,JaVale,1610612742,DAL,Dallas Mavericks,21500582,2016-01-13T00:00:00,DAL @ OKC,L,14.7,0.0,4.0,0.0,6.0,10.0,6.0,4.0,8.0,1.0,1.0,3.0,2.0,19.2,1,13074,13074,13074,19960,12059,1596,9917,5299,17370,13237,8806,21543,2692,17214,17641,7786,12284,1.0,14:42,2015,2016
2015-16,2736,Luol Deng,Luol,1610612748,MIA,Miami Heat,21500586,2016-01-13T00:00:00,MIA @ LAC,L,32.3,2.0,0.0,2.0,4.0,17.0,6.0,0.0,22.0,1.0,0.0,2.0,3.0,23.4,1,13074,13074,13074,5676,6026,10158,4675,8599,24337,13237,1,10265,2692,1,11390,4736,9501,1.0,32:16,2015,2016
2015-16,201583,Ryan Anderson,Ryan,1610612740,NOP,New Orleans Pelicans,21500585,2016-01-13T00:00:00,NOP @ SAC,W,20.1,3.0,6.0,3.0,4.0,7.0,2.0,9.0,20.0,0.0,1.0,0.0,1.0,25.2,1,1,1,1,15833,4307,481,3302,8599,12242,3734,18829,11929,8004,17214,1,12373,8383,1.0,20:06,2015,2016
2015-16,203471,Dennis Schröder,Dennis,1610612737,ATL,Atlanta Hawks,21500577,2016-01-13T00:00:00,ATL @ CHA,L,25.9,2.0,0.0,0.0,6.0,16.0,7.0,4.0,16.0,0.0,3.0,3.0,3.0,19.0,1,13074,13074,13074,10910,6026,10158,9917,5299,23774,15642,8806,15259,8004,25441,17641,4736,12440,1.0,25:55,2015,2016
2015-16,201954,Darren Collison,Darren,1610612758,SAC,Sacramento Kings,21500585,2016-01-13T00:00:00,SAC vs. NOP,L,28.7,2.0,0.0,6.0,6.0,12.0,15.0,8.0,22.0,0.0,0.0,3.0,1.0,19.6,1,13074,13074,13074,8647,6026,10158,740,5299,20178,24781,17194,10265,8004,1,17641,12373,12024,1.0,28:42,2015,2016
2015-16,1626147,Justin Anderson,Justin,1610612742,DAL,Dallas Mavericks,21500582,2016-01-13T00:00:00,DAL @ OKC,L,26.6,2.0,0.0,2.0,2.0,12.0,9.0,12.0,16.0,1.0,1.0,5.0,0.0,25.3,1,13074,13074,13074,10379,6026,10158,4675,12984,20178,19144,22259,15259,2692,17214,24686,18762,8340,1.0,26:35,2015,2016
2015-16,101107,Marvin Williams,Marvin,1610612766,CHA,Charlotte Hornets,21500577,2016-01-13T00:00:00,CHA vs. ATL,W,18.8,2.0,0.0,0.0,0.0,2.0,5.0,5.0,10.0,1.0,0.0,2.0,1.0,25.4,1,1,1,1,16907,6026,10158,9917,18861,2619,11469,11593,20209,2692,1,11390,12373,8273,1.0,18:45,2015,2016
2015-16,201566,Russell Westbrook,Russell,1610612760,OKC,Oklahoma City Thunder,21500582,2016-01-13T00:00:00,OKC vs. DAL,W,14.7,0.0,0.0,0.0,0.0,5.0,2.0,0.0,12.0,0.0,0.0,0.0,3.0,25.4,1,1,1,1,19982,12059,10158,9917,18861,8403,3734,1,18637,8004,1,1,4736,8273,1.0,14:40,2015,2016
2015-16,101139,CJ Miles,CJ,1610612754,IND,Indiana Pacers,21500580,2016-01-13T00:00:00,IND @ BOS,L,30.3,4.0,0.0,2.0,6.0,16.0,8.0,15.0,34.0,2.0,0.0,5.0,0.0,23.4,1,13074,13074,13074,7270,2460,10158,4675,5299,23774,17345,24242,2701,932,1,24686,18762,9501,1.0,30:17,2015,2016
2015-16,201585,Kosta Koufos,Kosta,1610612758,SAC,Sacramento Kings,21500585,2016-01-13T00:00:00,SAC vs. NOP,L,18.7,2.0,4.0,0.0,8.0,6.0,6.0,4.0,16.0,0.0,0.0,2.0,1.0,19.0,1,13074,13074,13074,16960,6026,1596,9917,3109,10028,13237,8806,15259,8004,1,11390,12373,12440,1.0,18:41,2015,2016
2015-16,203999,Nikola Jokić,Nikola,1610612743,DEN,Denver Nuggets,21500583,2016-01-13T00:00:00,DEN vs. GSW,W,15.8,2.0,4.0,0.0,6.0,0.0,0.0,4.0,12.0,0.0,1.0,4.0,1.0,25.4,1,1,1,1,19234,6026,1596,9917,5299,1,1,8806,18637,8004,17214,22104,12373,8273,1.0,15:45,2015,2016
2015-16,203080,Thomas Robinson,Thomas,1610612751,BKN,Brooklyn Nets,21500579,2016-01-13T00:00:00,BKN vs. NYK,W,7.4,0.0,2.0,0.0,2.0,15.0,8.0,10.0,20.0,2.0,0.0,2.0,0.0,10.4,1,1,1,1,23421,12059,4731,9917,12984,23079,17345,20169,11929,932,1,11390,18762,18859,1.0,7:24,2015,2016
2015-16,2730,Dwight Howard,Dwight,1610612745,HOU,Houston Rockets,21500581,2016-01-13T00:00:00,HOU vs. MIN,W,35.5,2.0,3.0,0.0,10.0,16.0,6.0,6.0,36.0,2.0,0.0,5.0,8.0,34.0,1,1,1,1,3137,6026,3104,9917,1840,23774,13237,13388,1943,932,1,24686,254,4162,1.0,35:30,2015,2016
2015-16,203490,Otto Porter Jr.,Otto,1610612764,WAS,Washington Wizards,21500578,2016-01-13T00:00:00,WAS vs. MIL,W,20.5,5.0,1.0,3.0,4.0,7.0,0.0,6.0,28.0,0.0,0.0,3.0,1.0,14.9,1,1,1,1,15477,1603,9709,3302,8599,12242,1,13388,5824,8004,1,17641,12373,15463,1.0,20:30,2015,2016
2015-16,201967,Dante Cunningham,Dante,1610612740,NOP,New Orleans Pelicans,21500585,2016-01-13T00:00:00,NOP @ SAC,W,22.8,0.0,0.0,0.0,0.0,5.0,6.0,3.0,30.0,0.0,0.0,1.0,0.0,14.9,1,1,1,1,13553,12059,10158,9917,18861,8403,13237,7328,4541,8004,1,4972,18762,15463,1.0,22:46,2015,2016
2015-16,203952,Andrew Wiggins,Andrew,1610612750,MIN,Minnesota Timberwolves,21500581,2016-01-13T00:00:00,MIN @ HOU,L,35.6,6.0,0.0,2.0,10.0,18.0,8.0,12.0,28.0,0.0,1.0,3.0,6.0,33.9,1,13074,13074,13074,3064,878,10158,4675,1840,24749,17345,22259,5824,8004,17214,17641,873,4208,1.0,35:36,2015,2016
2015-16,201978,Chase Budinger,Chase,1610612754,IND,Indiana Pacers,21500580,2016-01-13T00:00:00,IND @ BOS,L,19.6,0.0,2.0,0.0,4.0,8.0,8.0,7.0,18.0,0.0,1.0,1.0,0.0,14.8,1,13074,13074,13074,16257,12059,4731,9917,8599,13914,17345,15538,13577,8004,17214,4972,18762,15561,1.0,19:35,2015,2016
2015-16,1626167,Myles Turner,Myles,1610612754,IND,Indiana Pacers,21500580,2016-01-13T00:00:00,IND @ BOS,L,10.4,4.0,0.0,2.0,4.0,5.0,4.0,7.0,12.0,0.0,0.0,1.0,4.0,15.0,1,13074,13074,13074,22291,2460,10158,4675,8599,8403,8458,15538,18637,8004,1,4972,2748,15404,1.0,10:22,2015,2016
2015-16,203086,Meyers Leonard,Meyers,1610612757,POR,Portland Trail Blazers,21500584,2016-01-13T00:00:00,POR vs. UTA,W,25.5,0.0,3.0,0.0,2.0,4.0,2.0,4.0,16.0,1.0,0.0,6.0,1.0,18.8,1,1,1,1,11267,12059,3104,9917,12984,6141,3734,8806,15259,2692,1,25827,12373,12588,1.0,25:32,2015,2016
2015-16,201941,Jordan Hill,Jordan,1610612754,IND,Indiana Pacers,21500580,2016-01-13T00:00:00,IND @ BOS,L,15.5,0.0,0.0,0.0,4.0,3.0,4.0,0.0,10.0,1.0,0.0,1.0,2.0,23.1,1,13074,13074,13074,19445,12059,10158,9917,8599,5109,8458,1,20209,2692,1,4972,7786,9699,1.0,15:28,2015,2016
2015-16,2772,Trevor Ariza,Trevor,1610612745,HOU,Houston Rockets,21500581,2016-01-13T00:00:00,HOU vs. MIN,W,33.5,2.0,3.0,0.0,4.0,16.0,8.0,4.0,36.0,0.0,0.0,4.0,2.0,23.2,1,1,1,1,4755,6026,3104,9917,8599,23774,17345,8806,1943,8004,1,22104,7786,9630,1.0,33:29,2015,2016
2015-16,1626162,Kelly Oubre Jr.,Kelly,1610612764,WAS,Washington Wizards,21500578,2016-01-13T00:00:00,WAS vs. MIL,W,9.4,5.0,0.0,2.0,0.0,2.0,4.0,2.0,6.0,0.0,0.0,2.0,2.0,11.2,1,1,1,1,22661,1603,10158,4675,18861,2619,8458,4025,22724,8004,1,11390,7786,18267,1.0,9:25,2015,2016
2015-16,203912,C.J. Wilcox,C.J.,1610612746,LAC,LA Clippers,21500586,2016-01-13T00:00:00,LAC vs. MIA,W,2.7,0.0,0.0,0.0,0.0,2.0,0.0,0.0,4.0,0.0,2.0,0.0,0.0,1.5,1,1,1,1,25266,12059,10158,9917,18861,2619,1,1,23698,8004,23588,1,18762,24473,1.0,2:39,2015,2016
2015-16,201971,DeJuan Blair,DeJuan,1610612764,WAS,Washington Wizards,21500578,2016-01-13T00:00:00,WAS vs. MIL,W,5.4,0.0,0.0,0.0,0.0,0.0,2.0,2.0,8.0,0.0,0.0,1.0,1.0,2.0,1,1,1,1,24223,12059,10158,9917,18861,1,3734,4025,21543,8004,1,4972,12373,24216,1.0,5:22,2015,2016
2015-16,204025,Tim Frazier,Tim,1610612757,POR,Portland Trail Blazers,21500584,2016-01-13T00:00:00,POR vs. UTA,W,3.3,0.0,0.0,0.0,0.0,0.0,0.0,0.0,0.0,0.0,0.0,1.0,0.0,1.2,1,1,1,1,25017,12059,10158,9917,18861,1,1,1,25429,8004,1,4972,18762,24661,1.0,3:16,2015,2016
2015-16,203148,Brian Roberts,Brian,1610612766,CHA,Charlotte Hornets,21500577,2016-01-13T00:00:00,CHA vs. ATL,W,6.3,0.0,0.0,0.0,0.0,0.0,2.0,6.0,10.0,0.0,0.0,0.0,1.0,5.5,1,1,1,1,23834,12059,10158,9917,18861,1,3734,13388,20209,8004,1,1,12373,22196,1.0,6:17,2015,2016
2015-16,202323,Evan Turner,Evan,1610612738,BOS,Boston Celtics,21500580,2016-01-13T00:00:00,BOS vs. IND,W,20.1,0.0,0.0,0.0,0.0,12.0,2.0,8.0,22.0,0.0,0.0,1.0,0.0,10.8,1,1,1,1,15865,12059,10158,9917,18861,20178,3734,17194,10265,8004,1,4972,18762,18579,1.0,20:04,2015,2016
2015-16,101111,Charlie Villanueva,Charlie,1610612742,DAL,Dallas Mavericks,21500582,2016-01-13T00:00:00,DAL @ OKC,L,14.1,0.0,0.0,0.0,4.0,8.0,2.0,6.0,16.0,0.0,0.0,0.0,0.0,11.2,1,13074,13074,13074,20373,12059,10158,9917,8599,13914,3734,13388,15259,8004,1,1,18762,18267,1.0,14:04,2015,2016
2015-16,201564,O.J. Mayo,O.J.,1610612749,MIL,Milwaukee Bucks,21500578,2016-01-13T00:00:00,MIL @ WAS,L,12.0,0.0,0.0,0.0,2.0,6.0,1.0,10.0,14.0,0.0,1.0,1.0,0.0,5.5,1,13074,13074,13074,21611,12059,10158,9917,12984,10028,3393,20169,17019,8004,17214,4972,18762,22196,1.0,11:57,2015,2016
2015-16,202357,Nemanja Bjelica,Nemanja,1610612750,MIN,Minnesota Timberwolves,21500581,2016-01-13T00:00:00,MIN @ HOU,L,18.5,0.0,0.0,0.0,0.0,13.0,3.0,11.0,20.0,0.0,0.0,5.0,0.0,11.1,1,13074,13074,13074,17080,12059,10158,9917,18861,21300,7138,21342,11929,8004,1,24686,18762,18370,1.0,18:31,2015,2016
2015-16,204060,Joe Ingles,Joe,1610612762,UTA,Utah Jazz,21500584,2016-01-13T00:00:00,UTA @ POR,L,15.8,0.0,0.0,0.0,0.0,7.0,2.0,4.0,18.0,0.0,0.0,3.0,0.0,5.9,1,13074,13074,13074,19159,12059,10158,9917,18861,12242,3734,8806,13577,8004,1,17641,18762,21953,1.0,15:50,2015,2016
2015-16,203584,Troy Daniels,Troy,1610612766,CHA,Charlotte Hornets,21500577,2016-01-13T00:00:00,CHA vs. ATL,W,14.0,3.0,0.0,3.0,0.0,0.0,2.0,11.0,12.0,0.0,0.0,1.0,0.0,10.7,1,1,1,1,20413,4307,10158,3302,18861,1,3734,21342,18637,8004,1,4972,18762,18636,1.0,13:59,2015,2016
2015-16,201168,Tiago Splitter,Tiago,1610612737,ATL,Atlanta Hawks,21500577,2016-01-13T00:00:00,ATL @ CHA,L,18.0,0.0,2.0,2.0,4.0,10.0,0.0,7.0,12.0,0.0,0.0,1.0,1.0,5.9,1,13074,13074,13074,17523,12059,4731,4675,8599,17370,1,15538,18637,8004,1,4972,12373,21953,1.0,17:59,2015,2016
2015-16,1626151,Aaron Harrison,Aaron,1610612766,CHA,Charlotte Hornets,21500577,2016-01-13T00:00:00,CHA vs. ATL,W,5.2,0.0,0.0,0.0,0.0,0.0,2.0,4.0,8.0,0.0,0.0,1.0,0.0,1.2,1,1,1,1,24292,12059,10158,9917,18861,1,3734,8806,21543,8004,1,4972,18762,24661,1.0,5:12,2015,2016
2015-16,202713,Kyle Singler,Kyle,1610612760,OKC,Oklahoma City Thunder,21500582,2016-01-13T00:00:00,OKC vs. DAL,W,19.7,3.0,0.0,0.0,2.0,8.0,4.0,2.0,18.0,0.0,0.0,2.0,0.0,11.3,1,1,1,1,16182,4307,10158,9917,12984,13914,8458,4025,13577,8004,1,11390,18762,18230,1.0,19:40,2015,2016
2015-16,1626173,Rashad Vaughn,Rashad,1610612749,MIL,Milwaukee Bucks,21500578,2016-01-13T00:00:00,MIL @ WAS,L,24.2,0.0,0.0,0.0,0.0,15.0,3.0,19.0,18.0,0.0,0.0,3.0,0.0,5.9,1,13074,13074,13074,12395,12059,10158,9917,18861,23079,7138,25435,13577,8004,1,17641,18762,21953,1.0,24:11,2015,2016
2015-16,203948,Johnny O'Bryant III,Johnny,1610612749,MIL,Milwaukee Bucks,21500578,2016-01-13T00:00:00,MIL @ WAS,L,14.8,0.0,0.0,0.0,0.0,16.0,1.0,11.0,10.0,0.0,0.0,3.0,3.0,5.8,1,13074,13074,13074,19873,12059,10158,9917,18861,23774,3393,21342,20209,8004,1,17641,4736,22018,1.0,14:50,2015,2016
2015-16,2757,Beno Udrih,Beno,1610612748,MIA,Miami Heat,21500586,2016-01-13T00:00:00,MIA @ LAC,L,28.4,3.0,0.0,0.0,0.0,14.0,10.0,3.0,28.0,0.0,0.0,2.0,0.0,10.5,1,13074,13074,13074,8876,4307,10158,9917,18861,22292,20509,7328,5824,8004,1,11390,18762,18808,1.0,28:26,2015,2016
2015-16,203463,Ben McLemore,Ben,1610612758,SAC,Sacramento Kings,21500585,2016-01-13T00:00:00,SAC vs. NOP,L,6.7,0.0,0.0,0.0,0.0,5.0,2.0,2.0,6.0,0.0,0.0,0.0,0.0,1.0,1,13074,13074,13074,23681,12059,10158,9917,18861,8403,3734,4025,22724,8004,1,1,18762,24960,1.0,6:42,2015,2016
2015-16,1626144,Emmanuel Mudiay,Emmanuel,1610612743,DEN,Denver Nuggets,21500583,2016-01-13T00:00:00,DEN vs. GSW,W,16.8,2.0,0.0,2.0,2.0,12.0,2.0,4.0,18.0,0.0,0.0,2.0,1.0,11.4,1,1,1,1,18444,6026,10158,4675,12984,20178,3734,8806,13577,8004,1,11390,12373,18134,1.0,16:47,2015,2016
2015-16,203508,Sergey Karasev,Sergey,1610612751,BKN,Brooklyn Nets,21500579,2016-01-13T00:00:00,BKN vs. NYK,W,8.5,0.0,0.0,0.0,0.0,9.0,8.0,10.0,16.0,0.0,0.0,3.0,0.0,1.4,1,1,1,1,23019,12059,10158,9917,18861,15771,17345,20169,15259,8004,1,17641,18762,24615,1.0,8:31,2015,2016
2015-16,101181,Jose Calderon,Jose,1610612752,NYK,New York Knicks,21500579,2016-01-13T00:00:00,NYK @ BKN,L,28.8,0.0,0.0,3.0,2.0,10.0,8.0,3.0,30.0,0.0,0.0,3.0,0.0,35.4,1,13074,13074,13074,8585,12059,10158,3302,12984,17370,17345,7328,4541,8004,1,17641,18762,3684,1.0,28:46,2015,2016
2015-16,203507,Giannis Antetokounmpo,Giannis,1610612749,MIL,Milwaukee Bucks,21500578,2016-01-13T00:00:00,MIL @ WAS,L,40.7,3.0,2.0,2.0,12.0,28.0,12.0,19.0,30.0,1.0,0.0,4.0,6.0,44.2,1,13074,13074,13074,562,4307,4731,4675,988,26034,22832,25435,4541,2692,1,22104,873,1515,1.0,40:41,2015,2016
2015-16,203487,Michael Carter-Williams,Michael,1610612749,MIL,Milwaukee Bucks,21500578,2016-01-13T00:00:00,MIL @ WAS,L,26.3,2.0,0.0,0.0,4.0,21.0,11.0,15.0,24.0,0.0,1.0,1.0,0.0,24.0,1,13074,13074,13074,10581,6026,10158,9917,8599,25535,21814,24242,8723,8004,17214,4972,18762,9121,1.0,26:19,2015,2016
2015-16,201167,Arron Afflalo,Arron,1610612752,NYK,New York Knicks,21500579,2016-01-13T00:00:00,NYK @ BKN,L,35.8,0.0,0.0,3.0,8.0,16.0,8.0,5.0,38.0,0.0,0.0,3.0,0.0,24.6,1,13074,13074,13074,2879,12059,10158,3302,3109,23774,17345,11593,1422,8004,1,17641,18762,8724,1.0,35:49,2015,2016
2015-16,203469,Cody Zeller,Cody,1610612766,CHA,Charlotte Hornets,21500577,2016-01-13T00:00:00,CHA vs. ATL,W,27.1,4.0,0.0,2.0,12.0,12.0,5.0,5.0,16.0,3.0,2.0,2.0,5.0,43.5,1,1,1,1,9912,2460,10158,4675,988,20178,11469,11593,15259,347,23588,11390,1539,1646,1.0,27:07,2015,2016
2015-16,203098,John Jenkins,John,1610612742,DAL,Dallas Mavericks,21500582,2016-01-13T00:00:00,DAL @ OKC,L,23.0,0.0,2.0,0.0,0.0,15.0,6.0,5.0,14.0,0.0,0.0,0.0,3.0,7.5,1,13074,13074,13074,13383,12059,4731,9917,18861,23079,13237,11593,17019,8004,1,1,4736,20874,1.0,22:59,2015,2016
2015-16,200794,Paul Millsap,Paul,1610612737,ATL,Atlanta Hawks,21500577,2016-01-13T00:00:00,ATL @ CHA,L,27.2,7.0,3.0,0.0,8.0,15.0,9.0,9.0,26.0,1.0,1.0,4.0,6.0,30.0,1,13074,13074,13074,9862,548,3104,9917,3109,23079,19144,18829,7214,2692,17214,22104,873,5840,1.0,27:11,2015,2016
2015-16,201572,Brook Lopez,Brook,1610612751,BKN,Brooklyn Nets,21500579,2016-01-13T00:00:00,BKN vs. NYK,W,29.5,0.0,2.0,1.0,12.0,0.0,8.0,3.0,22.0,1.0,1.0,3.0,4.0,46.1,1,1,1,1,7942,12059,4731,9347,988,1,17345,7328,10265,2692,17214,17641,2748,1185,1.0,29:32,2015,2016
2015-16,201939,Stephen Curry,Stephen,1610612744,GSW,Golden State Warriors,21500583,2016-01-13T00:00:00,GSW @ DEN,L,39.8,6.0,3.0,5.0,14.0,11.0,11.0,5.0,38.0,1.0,0.0,1.0,5.0,61.5,1,13074,13074,13074,785,878,3104,1277,542,18886,21814,11593,1422,2692,1,4972,1539,163,1.0,39:48,2015,2016
2015-16,2548,Dwyane Wade,Dwyane,1610612748,MIA,Miami Heat,21500586,2016-01-13T00:00:00,MIA @ LAC,L,30.4,1.0,3.0,2.0,10.0,10.0,8.0,1.0,24.0,0.0,0.0,1.0,5.0,24.6,1,13074,13074,13074,7208,11535,3104,4675,1840,17370,17345,3646,8723,8004,1,4972,1539,8724,1.0,30:22,2015,2016
2015-16,202691,Klay Thompson,Klay,1610612744,GSW,Golden State Warriors,21500583,2016-01-13T00:00:00,GSW @ DEN,L,36.6,0.0,0.0,0.0,4.0,9.0,9.0,3.0,32.0,0.0,0.0,2.0,5.0,24.3,1,13074,13074,13074,2356,12059,10158,9917,8599,15771,19144,7328,3535,8004,1,11390,1539,8939,1.0,36:34,2015,2016
2015-16,201935,James Harden,James,1610612745,HOU,Houston Rockets,21500581,2016-01-13T00:00:00,HOU vs. MIN,W,34.6,3.0,0.0,6.0,2.0,16.0,8.0,4.0,36.0,0.0,0.0,1.0,8.0,44.1,1,1,1,1,3878,4307,10158,740,12984,23774,17345,8806,1943,8004,1,4972,254,1542,1.0,34:35,2015,2016
2015-16,101106,Andrew Bogut,Andrew,1610612744,GSW,Golden State Warriors,21500583,2016-01-13T00:00:00,GSW @ DEN,L,31.7,0.0,0.0,0.0,14.0,6.0,9.0,0.0,30.0,3.0,0.0,3.0,1.0,36.4,1,13074,13074,13074,6140,12059,10158,9917,542,10028,19144,1,4541,347,1,17641,12373,3353,1.0,31:42,2015,2016
2015-16,203476,Gorgui Dieng,Gorgui,1610612750,MIN,Minnesota Timberwolves,21500581,2016-01-13T00:00:00,MIN @ HOU,L,24.6,2.0,2.0,0.0,6.0,19.0,4.0,12.0,26.0,0.0,1.0,4.0,3.0,24.5,1,13074,13074,13074,12027,6026,4731,9917,5299,25074,8458,22259,7214,8004,17214,22104,4736,8801,1.0,24:36,2015,2016
2015-16,201162,Jared Dudley,Jared,1610612764,WAS,Washington Wizards,21500578,2016-01-13T00:00:00,WAS vs. MIL,W,32.1,0.0,2.0,2.0,2.0,12.0,7.0,9.0,50.0,0.0,0.0,4.0,1.0,29.2,1,1,1,1,5830,12059,4731,4675,12984,20178,15642,18829,107,8004,1,22104,12373,6243,1.0,32:04,2015,2016
2015-16,202329,Al-Farouq Aminu,Al-Farouq,1610612757,POR,Portland Trail Blazers,21500584,2016-01-13T00:00:00,POR vs. UTA,W,27.0,2.0,4.0,4.0,6.0,14.0,4.0,7.0,26.0,4.0,1.0,1.0,3.0,35.4,1,1,1,1,10044,6026,1596,1913,5299,22292,8458,15538,7214,132,17214,4972,4736,3684,1.0,26:58,2015,2016
2015-16,203914,Gary Harris,Gary,1610612743,DEN,Denver Nuggets,21500583,2016-01-13T00:00:00,DEN vs. GSW,W,39.3,4.0,3.0,2.0,10.0,16.0,8.0,11.0,40.0,1.0,0.0,2.0,2.0,29.4,1,1,1,1,946,2460,3104,4675,1840,23774,17345,21342,983,2692,1,11390,7786,6143,1.0,39:19,2015,2016
2015-16,201586,Serge Ibaka,Serge,1610612760,OKC,Oklahoma City Thunder,21500582,2016-01-13T00:00:00,OKC vs. DAL,W,30.8,2.0,5.0,0.0,2.0,9.0,6.0,4.0,30.0,3.0,0.0,4.0,1.0,37.2,1,1,1,1,6897,6026,995,9917,12984,15771,13237,8806,4541,347,1,22104,12373,3130,1.0,30:48,2015,2016
2015-16,203081,Damian Lillard,Damian,1610612757,POR,Portland Trail Blazers,21500584,2016-01-13T00:00:00,POR vs. UTA,W,28.9,0.0,5.0,0.0,6.0,14.0,4.0,7.0,26.0,1.0,0.0,2.0,1.0,49.4,1,1,1,1,8423,12059,995,9917,5299,22292,8458,15538,7214,2692,1,11390,12373,819,1.0,28:56,2015,2016
2015-16,201589,Darrell Arthur,Darrell,1610612743,DEN,Denver Nuggets,21500583,2016-01-13T00:00:00,DEN vs. GSW,W,26.1,0.0,4.0,0.0,6.0,12.0,5.0,9.0,24.0,0.0,0.0,1.0,2.0,29.7,1,1,1,1,10743,12059,1596,9917,5299,20178,11469,18829,8723,8004,1,4972,7786,6006,1.0,26:07,2015,2016
2015-16,201569,Eric Gordon,Eric,1610612740,NOP,New Orleans Pelicans,21500585,2016-01-13T00:00:00,NOP @ SAC,W,42.8,5.0,3.0,2.0,6.0,9.0,8.0,11.0,50.0,1.0,0.0,2.0,0.0,50.0,1,1,1,1,216,1603,3104,4675,5299,15771,17345,21342,107,2692,1,11390,18762,756,1.0,42:49,2015,2016
2015-16,202738,Isaiah Thomas,Isaiah,1610612738,BOS,Boston Celtics,21500580,2016-01-13T00:00:00,BOS vs. IND,W,34.7,6.0,0.0,7.0,10.0,16.0,10.0,7.0,38.0,1.0,1.0,3.0,6.0,36.3,1,1,1,1,3808,878,10158,454,1840,23774,20509,15538,1422,2692,17214,17641,873,3380,1.0,34:40,2015,2016
2015-16,203093,Terrence Jones,Terrence,1610612745,HOU,Houston Rockets,21500581,2016-01-13T00:00:00,HOU vs. MIN,W,34.1,9.0,2.0,5.0,10.0,10.0,8.0,6.0,34.0,0.0,0.0,3.0,1.0,29.3,1,1,1,1,4281,171,4731,1277,1840,17370,17345,13388,2701,8004,1,17641,12373,6202,1.0,34:05,2015,2016
2015-16,203076,Anthony Davis,Anthony,1610612740,NOP,New Orleans Pelicans,21500585,2016-01-13T00:00:00,NOP @ SAC,W,37.1,14.0,6.0,4.0,12.0,6.0,10.0,8.0,48.0,0.0,3.0,2.0,6.0,46.5,1,1,1,1,2012,6,481,1913,988,10028,20509,17194,192,8004,25441,11390,873,1137,1.0,37:08,2015,2016
2015-16,201152,Thaddeus Young,Thaddeus,1610612751,BKN,Brooklyn Nets,21500579,2016-01-13T00:00:00,BKN vs. NYK,W,39.0,8.0,4.0,2.0,18.0,4.0,8.0,8.0,34.0,0.0,1.0,1.0,2.0,44.7,1,1,1,1,1064,308,1596,4675,131,6141,17345,17194,2701,8004,17214,4972,7786,1419,1.0,39:01,2015,2016
2015-16,201142,Kevin Durant,Kevin,1610612760,OKC,Oklahoma City Thunder,21500582,2016-01-13T00:00:00,OKC vs. DAL,W,32.9,6.0,1.0,13.0,6.0,12.0,6.0,4.0,30.0,0.0,0.0,0.0,5.0,47.0,1,1,1,1,5207,878,9709,26,5299,20178,13237,8806,4541,8004,1,1,1539,1078,1.0,32:54,2015,2016
2015-16,201577,Robin Lopez,Robin,1610612752,NYK,New York Knicks,21500579,2016-01-13T00:00:00,NYK @ BKN,L,30.7,0.0,5.0,0.0,8.0,12.0,8.0,3.0,34.0,1.0,0.0,3.0,1.0,24.4,1,13074,13074,13074,6980,12059,995,9917,3109,20178,17345,7328,2701,2692,1,17641,12373,8867,1.0,30:40,2015,2016
2015-16,101161,Amir Johnson,Amir,1610612738,BOS,Boston Celtics,21500580,2016-01-13T00:00:00,BOS vs. IND,W,28.8,6.0,8.0,2.0,12.0,14.0,6.0,5.0,26.0,0.0,0.0,3.0,3.0,49.6,1,1,1,1,8553,878,137,4675,988,22292,13237,11593,7214,8004,1,17641,4736,798,1.0,28:47,2015,2016
2015-16,202330,Gordon Hayward,Gordon,1610612762,UTA,Utah Jazz,21500584,2016-01-13T00:00:00,UTA @ POR,L,33.2,5.0,4.0,5.0,10.0,7.0,19.0,10.0,24.0,0.0,1.0,1.0,4.0,44.7,1,13074,13074,13074,4979,1603,1596,1277,1840,12242,25786,20169,8723,8004,17214,4972,2748,1419,1.0,33:11,2015,2016
2015-16,202326,DeMarcus Cousins,DeMarcus,1610612758,SAC,Sacramento Kings,21500585,2016-01-13T00:00:00,SAC vs. NOP,L,36.7,3.0,4.0,7.0,20.0,14.0,10.0,13.0,32.0,0.0,2.0,4.0,9.0,46.9,1,13074,13074,13074,2276,4307,1596,454,59,22292,20509,23048,3535,8004,23588,22104,138,1095,1.0,36:44,2015,2016
2015-16,101123,Gerald Green,Gerald,1610612748,MIA,Miami Heat,21500586,2016-01-13T00:00:00,MIA @ LAC,L,32.7,1.0,0.0,3.0,2.0,13.0,10.0,3.0,30.0,0.0,0.0,2.0,1.0,24.9,1,13074,13074,13074,5345,11535,10158,3302,12984,21300,20509,7328,4541,8004,1,11390,12373,8553,1.0,32:42,2015,2016
2015-16,201956,Omri Casspi,Omri,1610612758,SAC,Sacramento Kings,21500585,2016-01-13T00:00:00,SAC vs. NOP,L,29.3,2.0,0.0,0.0,4.0,15.0,14.0,11.0,24.0,2.0,0.0,1.0,1.0,24.7,1,13074,13074,13074,8167,6026,10158,9917,8599,23079,24300,21342,8723,932,1,4972,12373,8673,1.0,29:15,2015,2016
2015-16,202322,John Wall,John,1610612764,WAS,Washington Wizards,21500578,2016-01-13T00:00:00,WAS vs. MIL,W,37.5,7.0,0.0,6.0,6.0,12.0,9.0,14.0,56.0,1.0,0.0,3.0,5.0,37.0,1,1,1,1,1778,548,10158,740,5299,20178,19144,23710,21,2692,1,17641,1539,3182,1.0,37:28,2015,2016
2015-16,101108,Chris Paul,Chris,1610612746,LAC,LA Clippers,21500586,2016-01-13T00:00:00,LAC vs. MIA,W,30.5,7.0,4.0,0.0,4.0,4.0,0.0,5.0,18.0,1.0,1.0,1.0,4.0,54.2,1,1,1,1,7126,548,1596,9917,8599,6141,1,11593,13577,2692,17214,4972,2748,432,1.0,30:28,2015,2016
2015-16,203943,Noah Vonleh,Noah,1610612757,POR,Portland Trail Blazers,21500584,2016-01-13T00:00:00,POR vs. UTA,W,18.9,0.0,0.0,0.0,4.0,7.0,4.0,2.0,12.0,0.0,1.0,0.0,1.0,11.5,1,1,1,1,16777,12059,10158,9917,8599,12242,8458,4025,18637,8004,17214,1,12373,18079,1.0,18:54,2015,2016
2015-16,203084,Harrison Barnes,Harrison,1610612744,GSW,Golden State Warriors,21500583,2016-01-13T00:00:00,GSW @ DEN,L,31.3,7.0,5.0,2.0,8.0,7.0,9.0,7.0,30.0,0.0,1.0,3.0,1.0,29.1,1,13074,13074,13074,6457,548,995,4675,3109,12242,19144,15538,4541,8004,17214,17641,12373,6285,1.0,31:19,2015,2016
2015-16,202331,Paul George,Paul,1610612754,IND,Indiana Pacers,21500580,2016-01-13T00:00:00,IND @ BOS,L,37.1,4.0,3.0,3.0,4.0,28.0,12.0,21.0,44.0,0.0,1.0,2.0,6.0,36.6,1,13074,13074,13074,2046,2460,3104,3302,8599,26034,22832,25725,454,8004,17214,11390,873,3288,1.0,37:03,2015,2016
2015-16,202689,Kemba Walker,Kemba,1610612766,CHA,Charlotte Hornets,21500577,2016-01-13T00:00:00,CHA vs. ATL,W,26.5,6.0,0.0,5.0,8.0,9.0,5.0,5.0,12.0,1.0,1.0,0.0,2.0,45.1,1,1,1,1,10474,878,10158,1277,3109,15771,11469,11593,18637,2692,17214,1,7786,1338,1.0,26:28,2015,2016
2015-16,201936,Tyreke Evans,Tyreke,1610612740,NOP,New Orleans Pelicans,21500585,2016-01-13T00:00:00,NOP @ SAC,W,6.7,0.0,0.0,0.0,0.0,0.0,0.0,0.0,6.0,0.0,0.0,0.0,0.0,6.9,1,1,1,1,23681,12059,10158,9917,18861,1,1,1,22724,8004,1,1,18762,21262,1.0,6:42,2015,2016
2015-16,2365,Chris Andersen,Chris,1610612748,MIA,Miami Heat,21500586,2016-01-13T00:00:00,MIA @ LAC,L,2.7,0.0,0.0,0.0,0.0,0.0,0.0,2.0,2.0,1.0,0.0,0.0,0.0,8.7,1,13074,13074,13074,25266,12059,10158,9917,18861,1,1,4025,24614,2692,1,1,18762,20045,1.0,2:39,2015,2016
2015-16,201158,Marco Belinelli,Marco,1610612758,SAC,Sacramento Kings,21500585,2016-01-13T00:00:00,SAC vs. NOP,L,19.2,0.0,0.0,0.0,0.0,9.0,8.0,9.0,20.0,0.0,0.0,1.0,0.0,3.5,1,13074,13074,13074,16573,12059,10158,9917,18861,15771,17345,18829,11929,8004,1,4972,18762,23351,1.0,19:09,2015,2016
2015-16,200745,Andrea Bargnani,Andrea,1610612751,BKN,Brooklyn Nets,21500579,2016-01-13T00:00:00,BKN vs. NYK,W,13.5,2.0,2.0,0.0,2.0,15.0,8.0,10.0,22.0,0.0,0.0,2.0,1.0,5.2,1,1,1,1,20692,6026,4731,9917,12984,23079,17345,20169,10265,8004,1,11390,12373,22370,1.0,13:32,2015,2016
2015-16,202362,Lance Stephenson,Lance,1610612746,LAC,LA Clippers,21500586,2016-01-13T00:00:00,LAC vs. MIA,W,6.1,0.0,2.0,0.0,2.0,2.0,0.0,0.0,8.0,0.0,0.0,0.0,0.0,3.2,1,1,1,1,23906,12059,4731,9917,12984,2619,1,1,21543,8004,1,1,18762,23473,1.0,6:08,2015,2016
2015-16,203096,Jared Sullinger,Jared,1610612738,BOS,Boston Celtics,21500580,2016-01-13T00:00:00,BOS vs. IND,W,19.9,0.0,0.0,0.0,2.0,10.0,6.0,1.0,18.0,0.0,0.0,1.0,1.0,9.6,1,1,1,1,15962,12059,10158,9917,12984,17370,13237,3646,13577,8004,1,4972,12373,19434,1.0,19:56,2015,2016
2015-16,201143,Al Horford,Al,1610612737,ATL,Atlanta Hawks,21500577,2016-01-13T00:00:00,ATL @ CHA,L,27.6,0.0,0.0,0.0,2.0,18.0,14.0,9.0,24.0,1.0,1.0,4.0,0.0,3.4,1,13074,13074,13074,9560,12059,10158,9917,12984,24749,24300,18829,8723,2692,17214,22104,18762,23417,1.0,27:34,2015,2016
2015-16,2617,Udonis Haslem,Udonis,1610612748,MIA,Miami Heat,21500586,2016-01-13T00:00:00,MIA @ LAC,L,2.7,2.0,0.0,0.0,2.0,0.0,0.0,2.0,2.0,0.0,0.0,0.0,0.0,3.2,1,13074,13074,13074,25266,6026,10158,9917,12984,1,1,4025,24614,8004,1,1,18762,23473,1.0,2:39,2015,2016
2015-16,203498,Shabazz Muhammad,Shabazz,1610612750,MIN,Minnesota Timberwolves,21500581,2016-01-13T00:00:00,MIN @ HOU,L,15.8,0.0,0.0,0.0,2.0,15.0,3.0,8.0,20.0,0.0,0.0,0.0,0.0,6.9,1,13074,13074,13074,19160,12059,10158,9917,12984,23079,7138,17194,11929,8004,1,1,18762,21262,1.0,15:50,2015,2016
2015-16,201582,Alexis Ajinca,Alexis,1610612740,NOP,New Orleans Pelicans,21500585,2016-01-13T00:00:00,NOP @ SAC,W,10.2,0.0,0.0,0.0,0.0,0.0,4.0,0.0,10.0,2.0,0.0,4.0,0.0,9.6,1,1,1,1,22347,12059,10158,9917,18861,1,8458,1,20209,932,1,22104,18762,19434,1.0,10:13,2015,2016
2015-16,2733,Shaun Livingston,Shaun,1610612744,GSW,Golden State Warriors,21500583,2016-01-13T00:00:00,GSW @ DEN,L,15.9,0.0,0.0,0.0,0.0,4.0,2.0,4.0,16.0,0.0,0.0,2.0,1.0,6.9,1,13074,13074,13074,19097,12059,10158,9917,18861,6141,3734,8806,15259,8004,1,11390,12373,21262,1.0,15:56,2015,2016
2015-16,203526,Raul Neto,Raul,1610612762,UTA,Utah Jazz,21500584,2016-01-13T00:00:00,UTA @ POR,L,25.9,0.0,0.0,0.0,0.0,6.0,10.0,4.0,20.0,0.0,1.0,0.0,4.0,7.2,1,13074,13074,13074,10956,12059,10158,9917,18861,10028,20509,8806,11929,8004,17214,1,2748,21035,1.0,25:52,2015,2016
2015-16,203112,Quincy Acy,Quincy,1610612758,SAC,Sacramento Kings,21500585,2016-01-13T00:00:00,SAC vs. NOP,L,8.8,0.0,0.0,0.0,0.0,8.0,5.0,2.0,10.0,1.0,0.0,0.0,0.0,6.9,1,13074,13074,13074,22932,12059,10158,9917,18861,13914,11469,4025,20209,2692,1,1,18762,21262,1.0,8:46,2015,2016
2015-16,2756,Sasha Vujacic,Sasha,1610612752,NYK,New York Knicks,21500579,2016-01-13T00:00:00,NYK @ BKN,L,3.5,0.0,0.0,0.0,0.0,2.0,2.0,2.0,6.0,0.0,0.0,0.0,0.0,-1.0,1,13074,13074,13074,24930,12059,10158,9917,18861,2619,3734,4025,22724,8004,1,1,18762,25932,1.0,3:30,2015,2016
2015-16,201946,Tyler Hansbrough,Tyler,1610612766,CHA,Charlotte Hornets,21500577,2016-01-13T00:00:00,CHA vs. ATL,W,5.6,0.0,0.0,0.0,2.0,0.0,2.0,4.0,8.0,0.0,0.0,2.0,2.0,5.4,1,1,1,1,24146,12059,10158,9917,12984,1,3734,8806,21543,8004,1,11390,7786,22242,1.0,5:34,2015,2016
2015-16,2419,Tayshaun Prince,Tayshaun,1610612750,MIN,Minnesota Timberwolves,21500581,2016-01-13T00:00:00,MIN @ HOU,L,19.3,4.0,0.0,0.0,0.0,12.0,4.0,0.0,12.0,0.0,0.0,1.0,0.0,7.2,1,13074,13074,13074,16491,2460,10158,9917,18861,20178,8458,1,18637,8004,1,4972,18762,21035,1.0,19:15,2015,2016
2015-16,201574,Jason Thompson,Jason,1610612744,GSW,Golden State Warriors,21500583,2016-01-13T00:00:00,GSW @ DEN,L,12.8,0.0,0.0,2.0,2.0,2.0,4.0,0.0,12.0,1.0,1.0,3.0,1.0,13.3,1,13074,13074,13074,21076,12059,10158,4675,12984,2619,8458,1,18637,2692,17214,17641,12373,16712,1.0,12:49,2015,2016
2015-16,203187,Chris Johnson,Chris,1610612762,UTA,Utah Jazz,21500584,2016-01-13T00:00:00,UTA @ POR,L,8.0,0.0,0.0,0.0,0.0,2.0,2.0,2.0,8.0,0.0,1.0,0.0,0.0,0.0,1,13074,13074,13074,23205,12059,10158,9917,18861,2619,3734,4025,21543,8004,17214,1,18762,25170,1.0,7:57,2015,2016
2015-16,203089,John Henson,John,1610612749,MIL,Milwaukee Bucks,21500578,2016-01-13T00:00:00,MIL @ WAS,L,17.0,0.0,2.0,0.0,4.0,21.0,3.0,13.0,12.0,1.0,0.0,2.0,0.0,5.4,1,13074,13074,13074,18273,12059,4731,9917,8599,25535,7138,23048,18637,2692,1,11390,18762,22242,1.0,17:00,2015,2016
2015-16,202379,Jeremy Evans,Jeremy,1610612742,DAL,Dallas Mavericks,21500582,2016-01-13T00:00:00,DAL @ OKC,L,31.1,0.0,0.0,0.0,0.0,23.0,12.0,10.0,20.0,0.0,0.0,2.0,2.0,9.2,1,13074,13074,13074,6637,12059,10158,9917,18861,25803,22832,20169,11929,8004,1,11390,7786,19680,1.0,31:06,2015,2016
2015-16,2034,Mike Miller,Mike,1610612743,DEN,Denver Nuggets,21500583,2016-01-13T00:00:00,DEN vs. GSW,W,4.4,0.0,0.0,0.0,0.0,2.0,0.0,2.0,6.0,0.0,0.0,1.0,0.0,-1.0,1,1,1,1,24590,12059,10158,9917,18861,2619,1,4025,22724,8004,1,4972,18762,25932,1.0,4:23,2015,2016
2015-16,202390,Gary Neal,Gary,1610612764,WAS,Washington Wizards,21500578,2016-01-13T00:00:00,WAS vs. MIL,W,6.5,0.0,0.0,0.0,0.0,1.0,0.0,0.0,6.0,0.0,0.0,0.0,0.0,8.7,1,1,1,1,23758,12059,10158,9917,18861,2356,1,1,22724,8004,1,1,18762,20045,1.0,6:28,2015,2016
2015-16,203186,Willie Reed,Willie,1610612751,BKN,Brooklyn Nets,21500579,2016-01-13T00:00:00,BKN vs. NYK,W,6.3,0.0,0.0,0.0,2.0,0.0,0.0,2.0,6.0,0.0,0.0,0.0,0.0,4.4,1,1,1,1,23817,12059,10158,9917,12984,1,1,4025,22724,8004,1,1,18762,22837,1.0,6:20,2015,2016
2015-16,1626196,Josh Richardson,Josh,1610612748,MIA,Miami Heat,21500586,2016-01-13T00:00:00,MIA @ LAC,L,3.3,0.0,0.0,0.0,0.0,0.0,0.0,2.0,2.0,1.0,0.0,0.0,1.0,7.0,1,13074,13074,13074,25003,12059,10158,9917,18861,1,1,4025,24614,2692,1,1,12373,21188,1.0,3:18,2015,2016
2015-16,201600,Omer Asik,Omer,1610612740,NOP,New Orleans Pelicans,21500585,2016-01-13T00:00:00,NOP @ SAC,W,28.6,0.0,4.0,0.0,8.0,5.0,4.0,9.0,38.0,0.0,1.0,5.0,1.0,21.6,1,1,1,1,8768,12059,1596,9917,3109,8403,8458,18829,1422,8004,17214,24686,12373,10666,1.0,28:33,2015,2016
2015-16,203501,Tim Hardaway Jr.,Tim,1610612737,ATL,Atlanta Hawks,21500577,2016-01-13T00:00:00,ATL @ CHA,L,19.2,0.0,0.0,3.0,0.0,8.0,3.0,3.0,6.0,0.0,1.0,1.0,2.0,4.2,1,13074,13074,13074,16559,12059,10158,3302,18861,13914,7138,7328,22724,8004,17214,4972,7786,22976,1.0,19:10,2015,2016
2015-16,203991,Clint Capela,Clint,1610612745,HOU,Houston Rockets,21500581,2016-01-13T00:00:00,HOU vs. MIN,W,26.4,2.0,2.0,2.0,6.0,14.0,6.0,4.0,22.0,1.0,1.0,2.0,1.0,20.4,1,1,1,1,10518,6026,4731,4675,5299,22292,13237,8806,10265,2692,17214,11390,12373,11453,1.0,26:25,2015,2016
2015-16,201937,Ricky Rubio,Ricky,1610612750,MIN,Minnesota Timberwolves,21500581,2016-01-13T00:00:00,MIN @ HOU,L,32.8,2.0,0.0,0.0,6.0,18.0,7.0,12.0,26.0,1.0,0.0,3.0,3.0,40.0,1,13074,13074,13074,5273,6026,10158,9917,5299,24749,15642,22259,7214,2692,1,17641,4736,2364,1.0,32:48,2015,2016
2015-16,203109,Jae Crowder,Jae,1610612738,BOS,Boston Celtics,21500580,2016-01-13T00:00:00,BOS vs. IND,W,36.0,12.0,3.0,6.0,12.0,16.0,8.0,7.0,38.0,0.0,0.0,4.0,0.0,30.4,1,1,1,1,2735,27,3104,740,988,23774,17345,15538,1422,8004,1,22104,18762,5661,1.0,36:02,2015,2016
2015-16,201568,Danilo Gallinari,Danilo,1610612743,DEN,Denver Nuggets,21500583,2016-01-13T00:00:00,DEN vs. GSW,W,38.5,3.0,2.0,1.0,6.0,14.0,8.0,9.0,44.0,0.0,4.0,1.0,11.0,40.0,1,1,1,1,1301,4307,4731,9347,5299,22292,17345,18829,454,8004,25926,4972,44,2364,1.0,38:27,2015,2016
2015-16,203143,Pablo Prigioni,Pablo,1610612746,LAC,LA Clippers,21500586,2016-01-13T00:00:00,LAC vs. MIA,W,14.9,0.0,0.0,0.0,0.0,5.0,3.0,7.0,10.0,0.0,0.0,1.0,2.0,30.4,1,1,1,1,19841,12059,10158,9917,18861,8403,7138,15538,20209,8004,1,4972,7786,5661,1.0,14:53,2015,2016
2015-16,201601,Luc Mbah a Moute,Luc,1610612746,LAC,LA Clippers,21500586,2016-01-13T00:00:00,LAC vs. MIA,W,23.5,0.0,0.0,0.0,2.0,3.0,0.0,5.0,14.0,2.0,1.0,2.0,0.0,15.5,1,1,1,1,12963,12059,10158,9917,12984,5109,1,11593,17019,932,17214,11390,18762,15004,1.0,23:31,2015,2016
2015-16,200765,Rajon Rondo,Rajon,1610612758,SAC,Sacramento Kings,21500585,2016-01-13T00:00:00,SAC vs. NOP,L,29.7,0.0,0.0,0.0,10.0,13.0,8.0,7.0,30.0,1.0,1.0,1.0,4.0,41.0,1,13074,13074,13074,7834,12059,10158,9917,1840,21300,17345,15538,4541,2692,17214,4972,2748,2143,1.0,29:40,2015,2016
2015-16,203953,Jabari Parker,Jabari,1610612749,MIL,Milwaukee Bucks,21500578,2016-01-13T00:00:00,MIL @ WAS,L,32.4,3.0,3.0,1.0,18.0,28.0,9.0,19.0,26.0,0.0,0.0,2.0,4.0,30.7,1,13074,13074,13074,5576,4307,3104,9347,131,26034,19144,25435,7214,8004,1,11390,2748,5539,1.0,32:24,2015,2016
2015-16,203994,Jusuf Nurkić,Jusuf,1610612743,DEN,Denver Nuggets,21500583,2016-01-13T00:00:00,DEN vs. GSW,W,14.8,0.0,0.0,0.0,4.0,5.0,3.0,2.0,16.0,1.0,3.0,2.0,1.0,15.3,1,1,1,1,19882,12059,10158,9917,8599,8403,7138,4025,15259,2692,25441,11390,12373,15150,1.0,14:49,2015,2016
2015-16,201951,Ty Lawson,Ty,1610612745,HOU,Houston Rockets,21500581,2016-01-13T00:00:00,HOU vs. MIN,W,21.8,2.0,0.0,0.0,0.0,12.0,2.0,6.0,14.0,0.0,0.0,0.0,1.0,15.7,1,1,1,1,14348,6026,10158,9917,18861,20178,3734,13388,17019,8004,1,1,12373,14841,1.0,21:47,2015,2016
2015-16,202683,Enes Freedom,Enes,1610612760,OKC,Oklahoma City Thunder,21500582,2016-01-13T00:00:00,OKC vs. DAL,W,15.2,2.0,0.0,0.0,4.0,6.0,4.0,0.0,12.0,0.0,0.0,3.0,1.0,12.2,1,1,1,1,19638,6026,10158,9917,8599,10028,8458,1,18637,8004,1,17641,12373,17566,1.0,15:11,2015,2016
2015-16,1626257,Salah Mejri,Salah,1610612742,DAL,Dallas Mavericks,21500582,2016-01-13T00:00:00,DAL @ OKC,L,25.1,4.0,4.0,2.0,14.0,16.0,6.0,14.0,16.0,1.0,1.0,3.0,6.0,30.3,1,13074,13074,13074,11631,2460,1596,4675,542,23774,13237,23710,15259,2692,17214,17641,873,5702,1.0,25:03,2015,2016
2015-16,201961,Wayne Ellington,Wayne,1610612751,BKN,Brooklyn Nets,21500579,2016-01-13T00:00:00,BKN vs. NYK,W,25.9,4.0,0.0,2.0,6.0,2.0,6.0,8.0,26.0,0.0,0.0,0.0,0.0,12.4,1,1,1,1,10886,2460,10158,4675,5299,2619,13237,17194,7214,8004,1,1,18762,17418,1.0,25:57,2015,2016
2015-16,203115,Will Barton,Will,1610612743,DEN,Denver Nuggets,21500583,2016-01-13T00:00:00,DEN vs. GSW,W,26.0,0.0,0.0,2.0,8.0,15.0,5.0,9.0,34.0,0.0,1.0,1.0,3.0,30.2,1,1,1,1,10813,12059,10158,4675,3109,23079,11469,18829,2701,8004,17214,4972,4736,5751,1.0,26:02,2015,2016
2015-16,203087,Jeremy Lamb,Jeremy,1610612766,CHA,Charlotte Hornets,21500577,2016-01-13T00:00:00,CHA vs. ATL,W,14.3,2.0,2.0,2.0,6.0,9.0,0.0,5.0,6.0,1.0,0.0,1.0,0.0,15.0,1,1,1,1,20234,6026,4731,4675,5299,15771,1,11593,22724,2692,1,4972,18762,15404,1.0,14:16,2015,2016
2015-16,202334,Ed Davis,Ed,1610612757,POR,Portland Trail Blazers,21500584,2016-01-13T00:00:00,POR vs. UTA,W,24.0,0.0,0.0,0.0,2.0,4.0,2.0,4.0,16.0,0.0,1.0,2.0,0.0,15.4,1,1,1,1,12596,12059,10158,9917,12984,6141,3734,8806,15259,8004,17214,11390,18762,15066,1.0,23:59,2015,2016
2015-16,203459,Allen Crabbe,Allen,1610612757,POR,Portland Trail Blazers,21500584,2016-01-13T00:00:00,POR vs. UTA,W,21.3,5.0,2.0,2.0,4.0,4.0,2.0,4.0,16.0,2.0,0.0,1.0,1.0,30.1,1,1,1,1,14819,1603,4731,4675,8599,6141,3734,8806,15259,932,1,4972,12373,5794,1.0,21:16,2015,2016
2015-16,204001,Kristaps Porziņģis,Kristaps,1610612752,NYK,New York Knicks,21500579,2016-01-13T00:00:00,NYK @ BKN,L,37.1,3.0,4.0,3.0,6.0,17.0,10.0,6.0,40.0,2.0,0.0,1.0,3.0,41.0,1,13074,13074,13074,2006,4307,1596,3302,5299,24337,20509,13388,983,932,1,4972,4736,2143,1.0,37:08,2015,2016
2015-16,202066,Garrett Temple,Garrett,1610612764,WAS,Washington Wizards,21500578,2016-01-13T00:00:00,WAS vs. MIL,W,32.1,8.0,5.0,2.0,2.0,10.0,7.0,12.0,50.0,1.0,0.0,1.0,0.0,41.3,1,1,1,1,5824,308,995,4675,12984,17370,15642,22259,107,2692,1,4972,18762,2074,1.0,32:05,2015,2016
2015-16,1626166,Cameron Payne,Cameron,1610612760,OKC,Oklahoma City Thunder,21500582,2016-01-13T00:00:00,OKC vs. DAL,W,25.2,2.0,3.0,3.0,2.0,6.0,6.0,6.0,28.0,0.0,0.0,3.0,1.0,26.1,1,1,1,1,11549,6026,3104,3302,12984,10028,13237,13388,5824,8004,1,17641,12373,7836,1.0,25:10,2015,2016
2015-16,201973,Jonas Jerebko,Jonas,1610612738,BOS,Boston Celtics,21500580,2016-01-13T00:00:00,BOS vs. IND,W,13.1,2.0,1.0,2.0,2.0,6.0,2.0,2.0,12.0,0.0,0.0,2.0,2.0,11.8,1,1,1,1,20918,6026,9709,4675,12984,10028,3734,4025,18637,8004,1,11390,7786,17832,1.0,13:06,2015,2016
2015-16,201952,Jeff Teague,Jeff,1610612737,ATL,Atlanta Hawks,21500577,2016-01-13T00:00:00,ATL @ CHA,L,21.1,4.0,0.0,0.0,2.0,13.0,7.0,7.0,24.0,2.0,2.0,1.0,2.0,26.6,1,13074,13074,13074,14960,2460,10158,9917,12984,21300,15642,15538,8723,932,23588,4972,7786,7566,1.0,21:07,2015,2016
2015-16,2738,Andre Iguodala,Andre,1610612744,GSW,Golden State Warriors,21500583,2016-01-13T00:00:00,GSW @ DEN,L,31.8,0.0,0.0,0.0,2.0,7.0,9.0,7.0,32.0,2.0,0.0,5.0,0.0,26.2,1,13074,13074,13074,6106,12059,10158,9917,12984,12242,19144,15538,3535,932,1,24686,18762,7785,1.0,31:45,2015,2016
2015-16,203918,Rodney Hood,Rodney,1610612762,UTA,Utah Jazz,21500584,2016-01-13T00:00:00,UTA @ POR,L,32.2,7.0,2.0,0.0,6.0,5.0,16.0,8.0,22.0,0.0,3.0,4.0,2.0,26.1,1,13074,13074,13074,5747,548,4731,9917,5299,8403,25155,17194,10265,8004,25441,22104,7786,7836,1.0,32:10,2015,2016
2015-16,203486,Mason Plumlee,Mason,1610612757,POR,Portland Trail Blazers,21500584,2016-01-13T00:00:00,POR vs. UTA,W,20.5,3.0,0.0,2.0,4.0,12.0,4.0,5.0,16.0,2.0,0.0,0.0,3.0,19.7,1,1,1,1,15494,4307,10158,4675,8599,20178,8458,11593,15259,932,1,1,4736,11962,1.0,20:29,2015,2016
2015-16,202702,Kenneth Faried,Kenneth,1610612743,DEN,Denver Nuggets,21500583,2016-01-13T00:00:00,DEN vs. GSW,W,20.1,0.0,0.0,0.0,4.0,3.0,3.0,4.0,22.0,1.0,1.0,3.0,2.0,15.8,1,1,1,1,15878,12059,10158,9917,8599,5109,7138,8806,10265,2692,17214,17641,7786,14754,1.0,20:03,2015,2016
2015-16,202682,Derrick Williams,Derrick,1610612752,NYK,New York Knicks,21500579,2016-01-13T00:00:00,NYK @ BKN,L,31.6,9.0,4.0,6.0,20.0,11.0,8.0,4.0,30.0,0.0,0.0,0.0,6.0,42.4,1,13074,13074,13074,6266,171,1596,740,59,18886,17345,8806,4541,8004,1,1,873,1860,1.0,31:34,2015,2016
2015-16,2403,Nene,ene,1610612764,WAS,Washington Wizards,21500578,2016-01-13T00:00:00,WAS vs. MIL,W,24.8,3.0,0.0,1.0,8.0,4.0,9.0,3.0,34.0,2.0,0.0,5.0,4.0,30.9,1,1,1,1,11811,4307,10158,9347,3109,6141,19144,7328,2701,932,1,24686,2748,5452,1.0,24:49,2015,2016
2015-16,202714,Shelvin Mack,Shelvin,1610612737,ATL,Atlanta Hawks,21500577,2016-01-13T00:00:00,ATL @ CHA,L,9.3,0.0,0.0,4.0,6.0,3.0,0.0,3.0,4.0,0.0,0.0,0.0,2.0,15.1,1,13074,13074,13074,22715,12059,10158,1913,5299,5109,1,7328,23698,8004,1,1,7786,15328,1.0,9:18,2015,2016
2015-16,101109,Raymond Felton,Raymond,1610612742,DAL,Dallas Mavericks,21500582,2016-01-13T00:00:00,DAL @ OKC,L,33.1,4.0,0.0,0.0,4.0,18.0,12.0,18.0,18.0,0.0,1.0,1.0,5.0,20.6,1,13074,13074,13074,5027,2460,10158,9917,8599,24749,22832,25228,13577,8004,17214,4972,1539,11314,1.0,33:07,2015,2016
2015-16,202087,Alonzo Gee,Alonzo,1610612740,NOP,New Orleans Pelicans,21500585,2016-01-13T00:00:00,NOP @ SAC,W,17.8,0.0,0.0,2.0,2.0,2.0,4.0,6.0,18.0,0.0,2.0,0.0,0.0,11.8,1,1,1,1,17667,12059,10158,4675,12984,2619,8458,13388,13577,8004,23588,1,18762,17832,1.0,17:48,2015,2016
2015-16,202340,Avery Bradley,Avery,1610612738,BOS,Boston Celtics,21500580,2016-01-13T00:00:00,BOS vs. IND,W,41.3,2.0,2.0,4.0,6.0,16.0,8.0,3.0,36.0,0.0,0.0,1.0,1.0,26.6,1,1,1,1,435,6026,4731,1913,5299,23774,17345,7328,1943,8004,1,4972,12373,7566,1.0,41:16,2015,2016
2015-16,201950,Jrue Holiday,Jrue,1610612740,NOP,New Orleans Pelicans,21500585,2016-01-13T00:00:00,NOP @ SAC,W,27.4,0.0,0.0,0.0,4.0,7.0,4.0,11.0,32.0,0.0,0.0,4.0,3.0,26.6,1,1,1,1,9664,12059,10158,9917,8599,12242,8458,21342,3535,8004,1,22104,4736,7566,1.0,27:26,2015,2016
2015-16,201627,Anthony Morrow,Anthony,1610612760,OKC,Oklahoma City Thunder,21500582,2016-01-13T00:00:00,OKC vs. DAL,W,13.3,3.0,6.0,0.0,0.0,3.0,2.0,0.0,10.0,0.0,0.0,3.0,0.0,11.7,1,1,1,1,20825,4307,481,9917,18861,5109,3734,1,20209,8004,1,17641,18762,17903,1.0,13:16,2015,2016
2015-16,1626163,Frank Kaminsky,Frank,1610612766,CHA,Charlotte Hornets,21500577,2016-01-13T00:00:00,CHA vs. ATL,W,29.3,0.0,3.0,0.0,0.0,14.0,2.0,11.0,22.0,1.0,0.0,3.0,1.0,26.6,1,1,1,1,8167,12059,3104,9917,18861,22292,3734,21342,10265,2692,1,17641,12373,7566,1.0,29:15,2015,2016
2015-16,203552,Seth Curry,Seth,1610612758,SAC,Sacramento Kings,21500585,2016-01-13T00:00:00,SAC vs. NOP,L,13.8,0.0,0.0,0.0,2.0,5.0,8.0,2.0,10.0,0.0,0.0,1.0,0.0,8.1,1,13074,13074,13074,20533,12059,10158,9917,12984,8403,17345,4025,20209,8004,1,4972,18762,20521,1.0,13:47,2015,2016
2015-16,1626192,Pat Connaughton,Pat,1610612757,POR,Portland Trail Blazers,21500584,2016-01-13T00:00:00,POR vs. UTA,W,3.3,0.0,0.0,0.0,0.0,0.0,0.0,0.0,0.0,0.0,0.0,0.0,0.0,2.4,1,1,1,1,25017,12059,10158,9917,18861,1,1,1,25429,8004,1,1,18762,24024,1.0,3:16,2015,2016
2015-16,2037,Jamal Crawford,Jamal,1610612746,LAC,LA Clippers,21500586,2016-01-13T00:00:00,LAC vs. MIA,W,26.3,10.0,2.0,0.0,4.0,6.0,3.0,8.0,18.0,0.0,0.0,2.0,3.0,21.3,1,1,1,1,10624,99,4731,9917,8599,10028,7138,17194,13577,8004,1,11390,4736,10880,1.0,26:16,2015,2016
2015-16,1626170,Jerian Grant,Jerian,1610612752,NYK,New York Knicks,21500579,2016-01-13T00:00:00,NYK @ BKN,L,21.5,2.0,3.0,0.0,4.0,13.0,6.0,4.0,26.0,0.0,1.0,3.0,4.0,18.1,1,13074,13074,13074,14622,6026,3104,9917,8599,21300,13237,8806,7214,8004,17214,17641,2748,13090,1.0,21:29,2015,2016
2015-16,203897,Zach LaVine,Zach,1610612750,MIN,Minnesota Timberwolves,21500581,2016-01-13T00:00:00,MIN @ HOU,L,15.3,2.0,0.0,2.0,2.0,13.0,3.0,8.0,18.0,0.0,1.0,2.0,0.0,8.4,1,13074,13074,13074,19541,6026,10158,4675,12984,21300,7138,17194,13577,8004,17214,11390,18762,20273,1.0,15:20,2015,2016
2015-16,203956,Mitch McGary,Mitch,1610612760,OKC,Oklahoma City Thunder,21500582,2016-01-13T00:00:00,OKC vs. DAL,W,4.4,1.0,0.0,0.0,0.0,2.0,2.0,2.0,4.0,0.0,0.0,1.0,0.0,2.4,1,1,1,1,24575,11535,10158,9917,18861,2619,3734,4025,23698,8004,1,4972,18762,24024,1.0,4:25,2015,2016
2015-16,1626168,Trey Lyles,Trey,1610612762,UTA,Utah Jazz,21500584,2016-01-13T00:00:00,UTA @ POR,L,25.8,2.0,0.0,2.0,4.0,4.0,11.0,4.0,22.0,0.0,1.0,2.0,2.0,18.4,1,13074,13074,13074,11045,6026,10158,4675,8599,6141,21814,8806,10265,8004,17214,11390,7786,12854,1.0,25:46,2015,2016
2015-16,201575,Brandon Rush,Brandon,1610612744,GSW,Golden State Warriors,21500583,2016-01-13T00:00:00,GSW @ DEN,L,18.9,0.0,0.0,2.0,4.0,6.0,4.0,2.0,16.0,0.0,0.0,3.0,0.0,7.9,1,13074,13074,13074,16786,12059,10158,4675,8599,10028,8458,4025,15259,8004,1,17641,18762,20646,1.0,18:54,2015,2016
2015-16,200755,JJ Redick,JJ,1610612746,LAC,LA Clippers,21500586,2016-01-13T00:00:00,LAC vs. MIA,W,25.2,0.0,0.0,0.0,0.0,3.0,0.0,5.0,16.0,0.0,0.0,1.0,1.0,16.2,1,1,1,1,11499,12059,10158,9917,18861,5109,1,11593,15259,8004,1,4972,12373,14436,1.0,25:14,2015,2016
2015-16,203090,Maurice Harkless,Maurice,1610612757,POR,Portland Trail Blazers,21500584,2016-01-13T00:00:00,POR vs. UTA,W,15.1,2.0,2.0,2.0,4.0,2.0,0.0,0.0,6.0,0.0,0.0,2.0,1.0,8.4,1,1,1,1,19663,6026,4731,4675,8599,2619,1,1,22724,8004,1,11390,12373,20273,1.0,15:08,2015,2016
2015-16,2571,Leandro Barbosa,Leandro,1610612744,GSW,Golden State Warriors,21500583,2016-01-13T00:00:00,GSW @ DEN,L,8.7,5.0,0.0,2.0,0.0,0.0,4.0,2.0,10.0,0.0,0.0,1.0,1.0,7.9,1,13074,13074,13074,22975,1603,10158,4675,18861,1,8458,4025,20209,8004,1,4972,12373,20646,1.0,8:40,2015,2016
2015-16,201571,D.J. Augustin,D.J.,1610612760,OKC,Oklahoma City Thunder,21500582,2016-01-13T00:00:00,OKC vs. DAL,W,7.9,0.0,0.0,0.0,0.0,6.0,2.0,0.0,4.0,0.0,1.0,3.0,0.0,2.7,1,1,1,1,23211,12059,10158,9917,18861,10028,3734,1,23698,8004,17214,17641,18762,23884,1.0,7:56,2015,2016
2015-16,201147,Corey Brewer,Corey,1610612745,HOU,Houston Rockets,21500581,2016-01-13T00:00:00,HOU vs. MIN,W,15.1,2.0,0.0,7.0,6.0,4.0,2.0,4.0,10.0,0.0,0.0,1.0,1.0,16.6,1,1,1,1,19704,6026,10158,454,5299,6141,3734,8806,20209,8004,1,4972,12373,14125,1.0,15:05,2015,2016
2015-16,203935,Marcus Smart,Marcus,1610612738,BOS,Boston Celtics,21500580,2016-01-13T00:00:00,BOS vs. IND,W,30.9,2.0,0.0,2.0,4.0,14.0,6.0,8.0,32.0,1.0,1.0,2.0,6.0,17.9,1,1,1,1,6818,6026,10158,4675,8599,22292,13237,17194,3535,2692,17214,11390,873,13229,1.0,30:53,2015,2016
2015-16,203145,Kent Bazemore,Kent,1610612737,ATL,Atlanta Hawks,21500577,2016-01-13T00:00:00,ATL @ CHA,L,24.5,0.0,0.0,4.0,0.0,8.0,9.0,5.0,18.0,0.0,1.0,3.0,5.0,21.3,1,13074,13074,13074,12102,12059,10158,1913,18861,13914,19144,11593,13577,8004,17214,17641,1539,10880,1.0,24:31,2015,2016
2015-16,2594,Kyle Korver,Kyle,1610612737,ATL,Atlanta Hawks,21500577,2016-01-13T00:00:00,ATL @ CHA,L,23.2,3.0,0.0,3.0,0.0,11.0,11.0,11.0,24.0,0.0,0.0,1.0,0.0,8.4,1,13074,13074,13074,13180,4307,10158,3302,18861,18886,21814,21342,8723,8004,1,4972,18762,20273,1.0,23:13,2015,2016
2015-16,1626161,Willie Cauley-Stein,Willie,1610612758,SAC,Sacramento Kings,21500585,2016-01-13T00:00:00,SAC vs. NOP,L,15.9,0.0,0.0,0.0,2.0,8.0,6.0,2.0,10.0,3.0,0.0,2.0,0.0,16.0,1,13074,13074,13074,19101,12059,10158,9917,12984,13914,13237,4025,20209,347,1,11390,18762,14590,1.0,15:55,2015,2016
2015-16,202730,Lavoy Allen,Lavoy,1610612754,IND,Indiana Pacers,21500580,2016-01-13T00:00:00,IND @ BOS,L,17.8,0.0,0.0,0.0,0.0,20.0,8.0,8.0,20.0,0.0,0.0,0.0,0.0,2.8,1,13074,13074,13074,17667,12059,10158,9917,18861,25338,17345,17194,11929,8004,1,1,18762,23879,1.0,17:48,2015,2016
2015-16,101145,Monta Ellis,Monta,1610612754,IND,Indiana Pacers,21500580,2016-01-13T00:00:00,IND @ BOS,L,34.7,0.0,0.0,2.0,8.0,28.0,12.0,21.0,44.0,0.0,0.0,2.0,0.0,18.7,1,13074,13074,13074,3808,12059,10158,4675,3109,26034,22832,25725,454,8004,1,11390,18762,12648,1.0,34:40,2015,2016
2015-16,203798,PJ Hairston,PJ,1610612766,CHA,Charlotte Hornets,21500577,2016-01-13T00:00:00,CHA vs. ATL,W,25.8,0.0,5.0,0.0,0.0,12.0,5.0,5.0,16.0,0.0,1.0,4.0,2.0,8.0,1,1,1,1,10993,12059,995,9917,18861,20178,11469,11593,15259,8004,17214,22104,7786,20564,1.0,25:49,2015,2016
2015-16,203118,Mike Scott,Mike,1610612737,ATL,Atlanta Hawks,21500577,2016-01-13T00:00:00,ATL @ CHA,L,17.8,0.0,0.0,0.0,0.0,5.0,5.0,2.0,10.0,0.0,0.0,2.0,1.0,12.8,1,13074,13074,13074,17667,12059,10158,9917,18861,8403,11469,4025,20209,8004,1,11390,12373,17129,1.0,17:48,2015,2016
2015-16,2549,Chris Kaman,Chris,1610612757,POR,Portland Trail Blazers,21500584,2016-01-13T00:00:00,POR vs. UTA,W,1.9,0.0,0.0,0.0,2.0,0.0,0.0,0.0,0.0,0.0,0.0,0.0,0.0,2.0,1,1,1,1,25553,12059,10158,9917,12984,1,1,1,25429,8004,1,1,18762,24216,1.0,1:54,2015,2016
2015-16,1626159,Justise Winslow,Justise,1610612748,MIA,Miami Heat,21500586,2016-01-13T00:00:00,MIA @ LAC,L,18.8,0.0,0.0,0.0,2.0,5.0,4.0,2.0,18.0,0.0,0.0,0.0,0.0,8.1,1,13074,13074,13074,16840,12059,10158,9917,12984,8403,8458,4025,13577,8004,1,1,18762,20521,1.0,18:50,2015,2016
2015-16,201945,Gerald Henderson,Gerald,1610612757,POR,Portland Trail Blazers,21500584,2016-01-13T00:00:00,POR vs. UTA,W,16.4,0.0,0.0,0.0,2.0,7.0,2.0,5.0,6.0,0.0,0.0,1.0,3.0,16.4,1,1,1,1,18699,12059,10158,9917,12984,12242,3734,11593,22724,8004,1,4972,4736,14289,1.0,16:26,2015,2016
2015-16,203481,Jeff Withey,Jeff,1610612762,UTA,Utah Jazz,21500584,2016-01-13T00:00:00,UTA @ POR,L,21.2,0.0,0.0,0.0,2.0,7.0,3.0,4.0,20.0,3.0,0.0,1.0,0.0,18.2,1,13074,13074,13074,14917,12059,10158,9917,12984,12242,7138,8806,11929,347,1,4972,18762,13004,1.0,21:10,2015,2016
2015-16,203078,Bradley Beal,Bradley,1610612764,WAS,Washington Wizards,21500578,2016-01-13T00:00:00,WAS vs. MIL,W,22.8,2.0,0.0,4.0,2.0,7.0,9.0,8.0,30.0,0.0,0.0,2.0,2.0,21.1,1,1,1,1,13515,6026,10158,1913,12984,12242,19144,17194,4541,8004,1,11390,7786,11012,1.0,22:49,2015,2016
2015-16,202498,Lance Thomas,Lance,1610612752,NYK,New York Knicks,21500579,2016-01-13T00:00:00,NYK @ BKN,L,27.8,1.0,0.0,1.0,0.0,13.0,6.0,3.0,26.0,0.0,1.0,0.0,1.0,13.1,1,13074,13074,13074,9403,11535,10158,9347,18861,21300,13237,7328,7214,8004,17214,1,12373,16874,1.0,27:47,2015,2016
2015-16,2734,Devin Harris,Devin,1610612742,DAL,Dallas Mavericks,21500582,2016-01-13T00:00:00,DAL @ OKC,L,9.1,2.0,0.0,0.0,2.0,2.0,8.0,2.0,6.0,0.0,0.0,0.0,0.0,2.5,1,13074,13074,13074,22801,6026,10158,9917,12984,2619,17345,4025,22724,8004,1,1,18762,24003,1.0,9:06,2015,2016
2015-16,203482,Kelly Olynyk,Kelly,1610612738,BOS,Boston Celtics,21500580,2016-01-13T00:00:00,BOS vs. IND,W,15.3,6.0,2.0,0.0,4.0,6.0,2.0,4.0,18.0,0.0,1.0,1.0,1.0,12.8,1,1,1,1,19578,878,4731,9917,8599,10028,3734,8806,13577,8004,17214,4972,12373,17129,1.0,15:16,2015,2016
2015-16,200751,Randy Foye,Randy,1610612743,DEN,Denver Nuggets,21500583,2016-01-13T00:00:00,DEN vs. GSW,W,6.1,0.0,0.0,0.0,0.0,2.0,0.0,2.0,8.0,0.0,0.0,0.0,0.0,2.7,1,1,1,1,23930,12059,10158,9917,18861,2619,1,4025,21543,8004,1,1,18762,23884,1.0,6:05,2015,2016
2015-16,203200,Justin Holiday,Justin,1610612737,ATL,Atlanta Hawks,21500577,2016-01-13T00:00:00,ATL @ CHA,L,16.9,0.0,0.0,0.0,2.0,5.0,5.0,7.0,12.0,0.0,0.0,1.0,2.0,8.2,1,13074,13074,13074,18319,12059,10158,9917,12984,8403,11469,15538,18637,8004,1,4972,7786,20416,1.0,16:56,2015,2016
2015-16,201150,Spencer Hawes,Spencer,1610612766,CHA,Charlotte Hornets,21500577,2016-01-13T00:00:00,CHA vs. ATL,W,15.3,0.0,0.0,0.0,0.0,4.0,0.0,7.0,8.0,1.0,0.0,1.0,1.0,12.5,1,1,1,1,19549,12059,10158,9917,18861,6141,1,15538,21543,2692,1,4972,12373,17372,1.0,15:19,2015,2016
2015-16,201196,Ramon Sessions,Ramon,1610612764,WAS,Washington Wizards,21500578,2016-01-13T00:00:00,WAS vs. MIL,W,22.0,6.0,2.0,9.0,10.0,1.0,4.0,3.0,18.0,0.0,1.0,1.0,2.0,22.7,1,1,1,1,14164,878,4731,184,1840,2356,8458,7328,13577,8004,17214,4972,7786,9938,1.0,22:00,2015,2016
2015-16,203504,Trey Burke,Trey,1610612762,UTA,Utah Jazz,21500584,2016-01-13T00:00:00,UTA @ POR,L,29.0,0.0,0.0,0.0,4.0,9.0,14.0,8.0,28.0,0.0,1.0,0.0,2.0,22.6,1,13074,13074,13074,8400,12059,10158,9917,8599,15771,24300,17194,5824,8004,17214,1,7786,10000,1.0,28:58,2015,2016
2015-16,202355,Hassan Whiteside,Hassan,1610612748,MIA,Miami Heat,21500586,2016-01-13T00:00:00,MIA @ LAC,L,26.8,2.0,0.0,1.0,6.0,14.0,8.0,3.0,24.0,3.0,1.0,4.0,5.0,31.7,1,13074,13074,13074,10203,6026,10158,9347,5299,22292,17345,7328,8723,347,17214,22104,1539,5088,1.0,26:47,2015,2016
2015-16,202708,Norris Cole,Norris,1610612740,NOP,New Orleans Pelicans,21500585,2016-01-13T00:00:00,NOP @ SAC,W,26.5,0.0,0.0,2.0,6.0,4.0,8.0,8.0,38.0,0.0,0.0,0.0,4.0,22.4,1,1,1,1,10462,12059,10158,4675,5299,6141,17345,17194,1422,8004,1,1,2748,10131,1.0,26:29,2015,2016
2015-16,2207,Joe Johnson,Joe,1610612751,BKN,Brooklyn Nets,21500579,2016-01-13T00:00:00,BKN vs. NYK,W,38.8,0.0,2.0,0.0,2.0,8.0,8.0,8.0,36.0,0.0,0.0,1.0,2.0,32.4,1,1,1,1,1152,12059,4731,9917,12984,13914,17345,17194,1943,8004,1,4972,7786,4768,1.0,38:47,2015,2016
2015-16,203114,Khris Middleton,Khris,1610612749,MIL,Milwaukee Bucks,21500578,2016-01-13T00:00:00,MIL @ WAS,L,41.6,5.0,2.0,11.0,8.0,30.0,11.0,23.0,30.0,0.0,0.0,4.0,4.0,39.5,1,13074,13074,13074,363,1603,4731,69,3109,26063,21814,25880,4541,8004,1,22104,2748,2497,1.0,41:38,2015,2016
2015-16,201588,George Hill,George,1610612754,IND,Indiana Pacers,21500580,2016-01-13T00:00:00,IND @ BOS,L,39.3,4.0,3.0,0.0,6.0,36.0,12.0,18.0,42.0,0.0,0.0,3.0,5.0,22.6,1,13074,13074,13074,948,2460,3104,9917,5299,26077,22832,25228,670,8004,1,17641,1539,10000,1.0,39:18,2015,2016
2015-16,203497,Rudy Gobert,Rudy,1610612762,UTA,Utah Jazz,21500584,2016-01-13T00:00:00,UTA @ POR,L,24.4,0.0,0.0,0.0,0.0,5.0,15.0,6.0,12.0,3.0,2.0,3.0,5.0,22.1,1,13074,13074,13074,12220,12059,10158,9917,18861,8403,24781,13388,18637,347,23588,17641,1539,10332,1.0,24:24,2015,2016
2015-16,202328,Greg Monroe,Greg,1610612749,MIL,Milwaukee Bucks,21500578,2016-01-13T00:00:00,MIL @ WAS,L,31.0,0.0,2.0,0.0,14.0,15.0,9.0,16.0,26.0,0.0,2.0,1.0,9.0,39.9,1,13074,13074,13074,6718,12059,4731,9917,542,23079,19144,24641,7214,8004,23588,4972,138,2396,1.0,31:00,2015,2016
2015-16,203085,Austin Rivers,Austin,1610612746,LAC,LA Clippers,21500586,2016-01-13T00:00:00,LAC vs. MIA,W,23.1,2.0,0.0,2.0,6.0,8.0,3.0,7.0,16.0,0.0,1.0,4.0,2.0,13.7,1,1,1,1,13319,6026,10158,4675,5299,13914,7138,15538,15259,8004,17214,22104,7786,16393,1.0,23:05,2015,2016
2015-16,203468,CJ McCollum,CJ,1610612757,POR,Portland Trail Blazers,21500584,2016-01-13T00:00:00,POR vs. UTA,W,33.9,0.0,5.0,2.0,4.0,12.0,6.0,7.0,20.0,0.0,3.0,4.0,1.0,28.6,1,1,1,1,4394,12059,995,4675,8599,20178,13237,15538,11929,8004,25441,22104,12373,6560,1.0,33:56,2015,2016
2015-16,203460,Andre Roberson,Andre,1610612760,OKC,Oklahoma City Thunder,21500582,2016-01-13T00:00:00,OKC vs. DAL,W,27.3,4.0,0.0,4.0,6.0,11.0,6.0,6.0,28.0,0.0,0.0,3.0,2.0,17.7,1,1,1,1,9804,2460,10158,1913,5299,18886,13237,13388,5824,8004,1,17641,7786,13380,1.0,27:15,2015,2016
2015-16,203079,Dion Waiters,Dion,1610612760,OKC,Oklahoma City Thunder,21500582,2016-01-13T00:00:00,OKC vs. DAL,W,24.7,5.0,3.0,0.0,6.0,8.0,6.0,2.0,20.0,0.0,2.0,2.0,4.0,22.7,1,1,1,1,11959,1603,3104,9917,5299,13914,13237,4025,11929,8004,23588,11390,2748,9938,1.0,24:40,2015,2016
2015-16,201578,Marreese Speights,Marreese,1610612744,GSW,Golden State Warriors,21500583,2016-01-13T00:00:00,GSW @ DEN,L,5.7,0.0,0.0,0.0,0.0,1.0,2.0,1.0,6.0,3.0,1.0,0.0,2.0,17.8,1,13074,13074,13074,24112,12059,10158,9917,18861,2356,3734,3646,22724,347,17214,1,7786,13309,1.0,5:40,2015,2016
2015-16,200826,J.J. Barea,J.J.,1610612742,DAL,Dallas Mavericks,21500582,2016-01-13T00:00:00,DAL @ OKC,L,31.3,5.0,0.0,2.0,8.0,19.0,16.0,18.0,24.0,0.0,0.0,4.0,4.0,27.6,1,13074,13074,13074,6470,1603,10158,4675,3109,25074,25155,25228,8723,8004,1,22104,2748,7080,1.0,31:18,2015,2016
2015-16,204038,Langston Galloway,Langston,1610612752,NYK,New York Knicks,21500579,2016-01-13T00:00:00,NYK @ BKN,L,23.3,2.0,0.0,2.0,4.0,11.0,4.0,5.0,20.0,0.0,1.0,0.0,0.0,16.9,1,13074,13074,13074,13107,6026,10158,4675,8599,18886,8458,11593,11929,8004,17214,1,18762,13911,1.0,23:19,2015,2016
2015-16,203500,Steven Adams,Steven,1610612760,OKC,Oklahoma City Thunder,21500582,2016-01-13T00:00:00,OKC vs. DAL,W,24.1,0.0,0.0,0.0,4.0,9.0,4.0,4.0,24.0,2.0,0.0,2.0,3.0,22.4,1,1,1,1,12468,12059,10158,9917,8599,15771,8458,8806,8723,932,1,11390,4736,10131,1.0,24:05,2015,2016
2015-16,2400,Drew Gooden,Drew,1610612764,WAS,Washington Wizards,21500578,2016-01-13T00:00:00,WAS vs. MIL,W,27.0,0.0,2.0,0.0,4.0,9.0,4.0,11.0,24.0,0.0,1.0,4.0,3.0,13.5,1,1,1,1,10015,12059,4731,9917,8599,15771,8458,21342,8723,8004,17214,22104,4736,16552,1.0,27:00,2015,2016
2015-16,202391,Jeremy Lin,Jeremy,1610612766,CHA,Charlotte Hornets,21500577,2016-01-13T00:00:00,CHA vs. ATL,W,26.8,2.0,2.0,2.0,6.0,14.0,0.0,7.0,14.0,1.0,0.0,3.0,5.0,27.5,1,1,1,1,10237,6026,4731,4675,5299,22292,1,15538,17019,2692,1,17641,1539,7137,1.0,26:45,2015,2016
2015-16,203922,Glenn Robinson III,Glenn,1610612754,IND,Indiana Pacers,21500580,2016-01-13T00:00:00,IND @ BOS,L,13.3,2.0,0.0,0.0,2.0,8.0,4.0,2.0,8.0,0.0,0.0,1.0,0.0,17.6,1,13074,13074,13074,20778,6026,10158,9917,12984,13914,8458,4025,21543,8004,1,4972,18762,13443,1.0,13:20,2015,2016
2015-16,202325,Wesley Johnson,Wesley,1610612746,LAC,LA Clippers,21500586,2016-01-13T00:00:00,LAC vs. MIA,W,22.2,0.0,0.0,0.0,0.0,8.0,3.0,8.0,14.0,1.0,0.0,4.0,0.0,16.8,1,1,1,1,14003,12059,10158,9917,18861,13914,7138,17194,17019,2692,1,22104,18762,13996,1.0,22:12,2015,2016
2015-16,202711,Bojan Bogdanović,Bojan,1610612751,BKN,Brooklyn Nets,21500579,2016-01-13T00:00:00,BKN vs. NYK,W,22.9,0.0,0.0,0.0,0.0,15.0,10.0,13.0,26.0,0.0,0.0,1.0,1.0,17.8,1,1,1,1,13439,12059,10158,9917,18861,23079,20509,23048,7214,8004,1,4972,12373,13309,1.0,22:56,2015,2016
2015-16,2749,Jameer Nelson,Jameer,1610612743,DEN,Denver Nuggets,21500583,2016-01-13T00:00:00,DEN vs. GSW,W,32.2,0.0,0.0,0.0,0.0,9.0,6.0,9.0,36.0,0.0,1.0,1.0,2.0,21.9,1,1,1,1,5707,12059,10158,9917,18861,15771,13237,18829,1943,8004,17214,4972,7786,10460,1.0,32:13,2015,2016
2015-16,101133,Ian Mahinmi,Ian,1610612754,IND,Indiana Pacers,21500580,2016-01-13T00:00:00,IND @ BOS,L,22.2,4.0,2.0,0.0,10.0,28.0,8.0,16.0,28.0,0.0,0.0,4.0,1.0,32.0,1,13074,13074,13074,14048,2460,4731,9917,1840,26034,17345,24641,5824,8004,1,22104,12373,4945,1.0,22:09,2015,2016
2015-16,1626157,Karl-Anthony Towns,Karl-Anthony,1610612750,MIN,Minnesota Timberwolves,21500581,2016-01-13T00:00:00,MIN @ HOU,L,33.4,2.0,4.0,0.0,6.0,16.0,7.0,10.0,24.0,0.0,0.0,2.0,3.0,38.7,1,13074,13074,13074,4840,6026,1596,9917,5299,23774,15642,20169,8723,8004,1,11390,4736,2717,1.0,33:22,2015,2016
2015-16,202332,Cole Aldrich,Cole,1610612746,LAC,LA Clippers,21500586,2016-01-13T00:00:00,LAC vs. MIA,W,24.2,0.0,6.0,1.0,14.0,4.0,0.0,3.0,16.0,0.0,2.0,1.0,4.0,32.9,1,1,1,1,12379,12059,481,9347,542,6141,1,7328,15259,8004,23588,4972,2748,4566,1.0,24:12,2015,2016
2015-16,203093,Terrence Jones,Terrence,1610612745,HOU,Houston Rockets,21500572,2016-01-12T00:00:00,HOU @ MEM,W,29.9,6.0,4.0,2.0,6.0,6.0,9.0,4.0,26.0,1.0,0.0,2.0,5.0,39.3,1,1,1,1,7669,878,1596,4675,5299,10028,19144,8806,7214,2692,1,11390,1539,2563,1.0,29:52,2015,2016
2015-16,202331,Paul George,Paul,1610612754,IND,Indiana Pacers,21500569,2016-01-12T00:00:00,IND vs. PHX,W,26.8,10.0,0.0,5.0,8.0,8.0,8.0,3.0,14.0,2.0,0.0,4.0,9.0,39.9,1,1,1,1,10237,99,10158,1277,3109,13914,17345,7328,17019,932,1,22104,138,2396,1.0,26:45,2015,2016
2015-16,203953,Jabari Parker,Jabari,1610612749,MIL,Milwaukee Bucks,21500573,2016-01-12T00:00:00,MIL vs. CHI,W,27.0,4.0,4.0,2.0,10.0,0.0,4.0,0.0,12.0,0.0,2.0,3.0,4.0,27.6,1,1,1,1,9996,2460,1596,4675,1840,1,8458,1,18637,8004,23588,17641,2748,7080,1.0,27:01,2015,2016
2015-16,201596,Mario Chalmers,Mario,1610612763,MEM,Memphis Grizzlies,21500572,2016-01-12T00:00:00,MEM vs. HOU,L,40.8,1.0,0.0,0.0,4.0,24.0,25.0,10.0,22.0,0.0,0.0,3.0,5.0,33.1,1,13074,13074,13074,523,11535,10158,9917,8599,25890,26050,20169,10265,8004,1,17641,1539,4505,1.0,40:49,2015,2016
2015-16,977,Kobe Bryant,Kobe,1610612747,LAL,Los Angeles Lakers,21500576,2016-01-12T00:00:00,LAL vs. NOP,W,15.7,0.0,0.0,1.0,4.0,0.0,3.0,3.0,20.0,0.0,0.0,2.0,1.0,14.1,1,1,1,1,19241,12059,10158,9347,8599,1,7138,7328,11929,8004,1,11390,12373,16094,1.0,15:44,2015,2016
2015-16,202694,Marcus Morris Sr.,Marcus,1610612765,DET,Detroit Pistons,21500570,2016-01-12T00:00:00,DET vs. SAS,L,28.4,2.0,0.0,0.0,2.0,4.0,8.0,2.0,34.0,0.0,0.0,3.0,1.0,17.5,1,13074,13074,13074,8969,6026,10158,9917,12984,6141,17345,4025,2701,8004,1,17641,12373,13528,1.0,28:21,2015,2016
2015-16,1717,Dirk Nowitzki,Dirk,1610612742,DAL,Dallas Mavericks,21500575,2016-01-12T00:00:00,DAL vs. CLE,L,38.2,2.0,0.0,3.0,2.0,16.0,12.0,14.0,32.0,0.0,0.0,1.0,4.0,31.7,1,13074,13074,13074,1421,6026,10158,3302,12984,23774,22832,23710,3535,8004,1,4972,2748,5088,1.0,38:12,2015,2016
2015-16,203484,Kentavious Caldwell-Pope,Kentavious,1610612765,DET,Detroit Pistons,21500570,2016-01-12T00:00:00,DET vs. SAS,L,43.5,11.0,0.0,9.0,10.0,4.0,10.0,7.0,44.0,0.0,1.0,5.0,4.0,39.6,1,13074,13074,13074,167,55,10158,184,1840,6141,20509,15538,454,8004,17214,24686,2748,2474,1.0,43:28,2015,2016
2015-16,202323,Evan Turner,Evan,1610612738,BOS,Boston Celtics,21500571,2016-01-12T00:00:00,BOS @ NYK,L,28.0,3.0,0.0,0.0,4.0,4.0,2.0,6.0,36.0,0.0,0.0,2.0,0.0,17.4,1,13074,13074,13074,9220,4307,10158,9917,8599,6141,3734,13388,1943,8004,1,11390,18762,13595,1.0,28:01,2015,2016
2015-16,202083,Wesley Matthews,Wesley,1610612742,DAL,Dallas Mavericks,21500575,2016-01-12T00:00:00,DAL vs. CLE,L,42.1,6.0,3.0,3.0,0.0,6.0,7.0,9.0,22.0,0.0,1.0,3.0,2.0,22.4,1,13074,13074,13074,306,878,3104,3302,18861,10028,15642,18829,10265,8004,17214,17641,7786,10131,1.0,42:04,2015,2016
2015-16,202693,Markieff Morris,Markieff,1610612756,PHX,Phoenix Suns,21500569,2016-01-12T00:00:00,PHX @ IND,L,26.7,3.0,2.0,3.0,8.0,8.0,8.0,10.0,22.0,0.0,2.0,4.0,4.0,28.3,1,13074,13074,13074,10300,4307,4731,3302,3109,13914,17345,20169,10265,8004,23588,22104,2748,6720,1.0,26:40,2015,2016
2015-16,200746,LaMarcus Aldridge,LaMarcus,1610612759,SAS,San Antonio Spurs,21500570,2016-01-12T00:00:00,SAS @ DET,W,35.8,0.0,6.0,0.0,8.0,22.0,14.0,11.0,46.0,0.0,1.0,3.0,3.0,39.1,1,1,1,1,2892,12059,481,9917,3109,25683,24300,21342,298,8004,17214,17641,4736,2616,1.0,35:48,2015,2016
2015-16,203114,Khris Middleton,Khris,1610612749,MIL,Milwaukee Bucks,21500573,2016-01-12T00:00:00,MIL vs. CHI,W,40.5,5.0,2.0,0.0,2.0,6.0,12.0,4.0,24.0,1.0,1.0,3.0,1.0,37.7,1,1,1,1,598,1603,4731,9917,12984,10028,22832,8806,8723,2692,17214,17641,12373,2990,1.0,40:31,2015,2016
2015-16,2564,Boris Diaw,Boris,1610612759,SAS,San Antonio Spurs,21500570,2016-01-12T00:00:00,SAS @ DET,W,26.0,0.0,0.0,0.0,6.0,12.0,8.0,4.0,30.0,0.0,0.0,2.0,3.0,17.1,1,1,1,1,10848,12059,10158,9917,5299,20178,17345,8806,4541,8004,1,11390,4736,13791,1.0,25:60,2015,2016
2015-16,101150,Lou Williams,Lou,1610612747,LAL,Los Angeles Lakers,21500576,2016-01-12T00:00:00,LAL vs. NOP,W,35.0,0.0,0.0,2.0,2.0,4.0,6.0,11.0,34.0,1.0,0.0,3.0,9.0,38.8,1,1,1,1,3522,12059,10158,4675,12984,6141,13237,21342,2701,2692,1,17641,138,2692,1.0,35:01,2015,2016
2015-16,1626148,Anthony Brown,Anthony,1610612747,LAL,Los Angeles Lakers,21500576,2016-01-12T00:00:00,LAL vs. NOP,W,23.5,2.0,0.0,0.0,0.0,4.0,5.0,8.0,18.0,0.0,0.0,0.0,2.0,13.8,1,1,1,1,13005,6026,10158,9917,18861,6141,11469,17194,13577,8004,1,1,7786,16311,1.0,23:27,2015,2016
2015-16,202695,Kawhi Leonard,Kawhi,1610612759,SAS,San Antonio Spurs,21500570,2016-01-12T00:00:00,SAS @ DET,W,34.3,0.0,0.0,2.0,2.0,19.0,10.0,11.0,42.0,1.0,0.0,3.0,4.0,17.5,1,1,1,1,4069,12059,10158,4675,12984,25074,20509,21342,670,2692,1,17641,2748,13528,1.0,34:20,2015,2016
2015-16,201943,Brandon Jennings,Brandon,1610612765,DET,Detroit Pistons,21500570,2016-01-12T00:00:00,DET vs. SAS,L,17.7,2.0,0.0,0.0,6.0,0.0,4.0,5.0,24.0,0.0,0.0,1.0,1.0,14.0,1,13074,13074,13074,17736,6026,10158,9917,5299,1,8458,11593,8723,8004,1,4972,12373,16166,1.0,17:43,2015,2016
2015-16,202340,Avery Bradley,Avery,1610612738,BOS,Boston Celtics,21500571,2016-01-12T00:00:00,BOS @ NYK,L,38.4,4.0,0.0,4.0,8.0,6.0,4.0,8.0,40.0,1.0,1.0,3.0,0.0,13.9,1,13074,13074,13074,1349,2460,10158,1913,3109,10028,8458,17194,983,2692,17214,17641,18762,16232,1.0,38:21,2015,2016
2015-16,202703,Nikola Mirotic,Nikola,1610612741,CHI,Chicago Bulls,21500573,2016-01-12T00:00:00,CHI @ MIL,L,31.3,2.0,0.0,0.0,4.0,19.0,8.0,13.0,46.0,2.0,1.0,4.0,3.0,28.5,1,13074,13074,13074,6437,6026,10158,9917,8599,25074,17345,23048,298,932,17214,22104,4736,6613,1.0,31:20,2015,2016
2015-16,203096,Jared Sullinger,Jared,1610612738,BOS,Boston Celtics,21500571,2016-01-12T00:00:00,BOS @ NYK,L,19.6,0.0,0.0,0.0,6.0,4.0,2.0,0.0,28.0,0.0,1.0,2.0,2.0,22.4,1,13074,13074,13074,16235,12059,10158,9917,5299,6141,3734,1,5824,8004,17214,11390,7786,10131,1.0,19:36,2015,2016
2015-16,202328,Greg Monroe,Greg,1610612749,MIL,Milwaukee Bucks,21500573,2016-01-12T00:00:00,MIL vs. CHI,W,37.0,4.0,2.0,0.0,10.0,4.0,8.0,2.0,22.0,1.0,1.0,1.0,5.0,38.9,1,1,1,1,2077,2460,4731,9917,1840,6141,17345,4025,10265,2692,17214,4972,1539,2667,1.0,37:00,2015,2016
2015-16,203944,Julius Randle,Julius,1610612747,LAL,Los Angeles Lakers,21500576,2016-01-12T00:00:00,LAL vs. NOP,W,25.3,2.0,4.0,2.0,6.0,4.0,5.0,6.0,30.0,0.0,1.0,2.0,3.0,22.2,1,1,1,1,11473,6026,1596,4675,5299,6141,11469,13388,4541,8004,17214,11390,4736,10263,1.0,25:16,2015,2016
2015-16,2734,Devin Harris,Devin,1610612742,DAL,Dallas Mavericks,21500575,2016-01-12T00:00:00,DAL vs. CLE,L,18.6,0.0,0.0,3.0,0.0,10.0,8.0,15.0,28.0,0.0,0.0,2.0,0.0,14.0,1,13074,13074,13074,17010,12059,10158,3302,18861,17370,17345,24242,5824,8004,1,11390,18762,16166,1.0,18:37,2015,2016
2015-16,202718,Chandler Parsons,Chandler,1610612742,DAL,Dallas Mavericks,21500575,2016-01-12T00:00:00,DAL vs. CLE,L,40.7,2.0,6.0,2.0,10.0,13.0,7.0,16.0,26.0,0.0,1.0,2.0,5.0,39.1,1,13074,13074,13074,548,6026,481,4675,1840,21300,15642,24641,7214,8004,17214,11390,1539,2616,1.0,40:44,2015,2016
2015-16,200782,P.J. Tucker,P.J.,1610612756,PHX,Phoenix Suns,21500569,2016-01-12T00:00:00,PHX @ IND,L,34.6,0.0,2.0,0.0,2.0,21.0,8.0,18.0,28.0,0.0,1.0,6.0,4.0,27.5,1,13074,13074,13074,3878,12059,4731,9917,12984,25535,17345,25228,5824,8004,17214,25827,2748,7137,1.0,34:35,2015,2016
2015-16,1626204,Larry Nance Jr.,Larry,1610612747,LAL,Los Angeles Lakers,21500576,2016-01-12T00:00:00,LAL vs. NOP,W,31.1,0.0,2.0,0.0,6.0,4.0,6.0,11.0,28.0,0.0,0.0,3.0,2.0,22.7,1,1,1,1,6656,12059,4731,9917,5299,6141,13237,21342,5824,8004,1,17641,7786,9938,1.0,31:04,2015,2016
2015-16,203903,Jordan Clarkson,Jordan,1610612747,LAL,Los Angeles Lakers,21500576,2016-01-12T00:00:00,LAL vs. NOP,W,36.9,2.0,6.0,4.0,8.0,6.0,8.0,13.0,36.0,0.0,3.0,4.0,7.0,32.4,1,1,1,1,2139,6026,481,1913,3109,10028,17345,23048,1943,8004,25441,22104,469,4768,1.0,36:54,2015,2016
2015-16,202681,Kyrie Irving,Kyrie,1610612739,CLE,Cleveland Cavaliers,21500575,2016-01-12T00:00:00,CLE @ DAL,W,38.8,3.0,3.0,5.0,6.0,10.0,11.0,10.0,28.0,0.0,3.0,2.0,4.0,37.9,1,1,1,1,1127,4307,3104,1277,5299,17370,21814,20169,5824,8004,25441,11390,2748,2931,1.0,38:50,2015,2016
2015-16,202697,Iman Shumpert,Iman,1610612739,CLE,Cleveland Cavaliers,21500575,2016-01-12T00:00:00,CLE @ DAL,W,23.3,2.0,2.0,2.0,4.0,5.0,9.0,5.0,12.0,1.0,0.0,4.0,0.0,25.4,1,1,1,1,13133,6026,4731,4675,8599,8403,19144,11593,18637,2692,1,22104,18762,8273,1.0,23:17,2015,2016
2015-16,201988,Patty Mills,Patty,1610612759,SAS,San Antonio Spurs,21500570,2016-01-12T00:00:00,SAS @ DET,W,16.1,0.0,0.0,0.0,0.0,4.0,2.0,2.0,16.0,0.0,0.0,1.0,0.0,10.1,1,1,1,1,18949,12059,10158,9917,18861,6141,3734,4025,15259,8004,1,4972,18762,19105,1.0,16:08,2015,2016
2015-16,201582,Alexis Ajinca,Alexis,1610612740,NOP,New Orleans Pelicans,21500576,2016-01-12T00:00:00,NOP @ LAL,L,21.7,0.0,2.0,0.0,8.0,10.0,5.0,4.0,22.0,1.0,0.0,4.0,2.0,26.0,1,13074,13074,13074,14458,12059,4731,9917,3109,17370,11469,8806,10265,2692,1,22104,7786,7910,1.0,21:40,2015,2016
2015-16,201950,Jrue Holiday,Jrue,1610612740,NOP,New Orleans Pelicans,21500576,2016-01-12T00:00:00,NOP @ LAL,L,26.3,2.0,2.0,4.0,12.0,8.0,13.0,4.0,30.0,0.0,0.0,1.0,1.0,26.0,1,13074,13074,13074,10581,6026,4731,1913,988,13914,23668,8806,4541,8004,1,4972,12373,7910,1.0,26:19,2015,2016
2015-16,203935,Marcus Smart,Marcus,1610612738,BOS,Boston Celtics,21500571,2016-01-12T00:00:00,BOS @ NYK,L,24.7,1.0,3.0,0.0,2.0,2.0,4.0,4.0,22.0,0.0,0.0,5.0,3.0,19.2,1,13074,13074,13074,11967,11535,3104,9917,12984,2619,8458,8806,10265,8004,1,24686,4736,12284,1.0,24:39,2015,2016
2015-16,201586,Serge Ibaka,Serge,1610612760,OKC,Oklahoma City Thunder,21500574,2016-01-12T00:00:00,OKC @ MIN,W,36.8,3.0,0.0,6.0,2.0,13.0,13.0,12.0,26.0,2.0,0.0,2.0,0.0,25.6,1,1,1,1,2238,4307,10158,740,12984,21300,23668,22259,7214,932,1,11390,18762,8157,1.0,36:47,2015,2016
2015-16,201580,JaVale McGee,JaVale,1610612742,DAL,Dallas Mavericks,21500575,2016-01-12T00:00:00,DAL vs. CLE,L,18.1,0.0,0.0,0.0,8.0,10.0,11.0,12.0,20.0,3.0,0.0,1.0,2.0,19.2,1,13074,13074,13074,17448,12059,10158,9917,3109,17370,21814,22259,11929,347,1,4972,7786,12284,1.0,18:06,2015,2016
2015-16,203109,Jae Crowder,Jae,1610612738,BOS,Boston Celtics,21500571,2016-01-12T00:00:00,BOS @ NYK,L,33.5,3.0,0.0,2.0,4.0,6.0,6.0,4.0,42.0,1.0,0.0,1.0,3.0,34.1,1,13074,13074,13074,4719,4307,10158,4675,8599,10028,13237,8806,670,2692,1,4972,4736,4124,1.0,33:32,2015,2016
2015-16,203141,Mirza Teletovic,Mirza,1610612756,PHX,Phoenix Suns,21500569,2016-01-12T00:00:00,PHX @ IND,L,29.5,3.0,0.0,2.0,2.0,14.0,6.0,21.0,28.0,0.0,0.0,4.0,0.0,26.0,1,13074,13074,13074,7934,4307,10158,4675,12984,22292,13237,25725,5824,8004,1,22104,18762,7910,1.0,29:33,2015,2016
2015-16,203460,Andre Roberson,Andre,1610612760,OKC,Oklahoma City Thunder,21500574,2016-01-12T00:00:00,OKC @ MIN,W,17.9,0.0,0.0,2.0,4.0,2.0,8.0,6.0,10.0,0.0,0.0,3.0,0.0,9.9,1,1,1,1,17604,12059,10158,4675,8599,2619,17345,13388,20209,8004,1,17641,18762,19247,1.0,17:53,2015,2016
2015-16,101138,Brandon Bass,Brandon,1610612747,LAL,Los Angeles Lakers,21500576,2016-01-12T00:00:00,LAL vs. NOP,W,14.5,2.0,0.0,0.0,6.0,2.0,6.0,4.0,20.0,0.0,1.0,1.0,0.0,10.1,1,1,1,1,20082,6026,10158,9917,5299,2619,13237,8806,11929,8004,17214,4972,18762,19105,1.0,14:32,2015,2016
2015-16,203897,Zach LaVine,Zach,1610612750,MIN,Minnesota Timberwolves,21500574,2016-01-12T00:00:00,MIN vs. OKC,L,26.6,6.0,0.0,4.0,2.0,10.0,5.0,5.0,20.0,0.0,1.0,3.0,4.0,34.8,1,13074,13074,13074,10379,878,10158,1913,12984,17370,11469,11593,11929,8004,17214,17641,2748,3891,1.0,26:35,2015,2016
2015-16,201567,Kevin Love,Kevin,1610612739,CLE,Cleveland Cavaliers,21500575,2016-01-12T00:00:00,CLE @ DAL,W,37.3,0.0,0.0,3.0,2.0,12.0,11.0,13.0,20.0,2.0,0.0,3.0,2.0,34.2,1,1,1,1,1907,12059,10158,3302,12984,20178,21814,23048,11929,932,1,17641,7786,4092,1.0,37:16,2015,2016
2015-16,203487,Michael Carter-Williams,Michael,1610612749,MIL,Milwaukee Bucks,21500573,2016-01-12T00:00:00,MIL vs. CHI,W,36.9,4.0,2.0,4.0,6.0,6.0,12.0,4.0,20.0,0.0,2.0,3.0,4.0,33.8,1,1,1,1,2130,2460,4731,1913,5299,10028,22832,8806,11929,8004,23588,17641,2748,4244,1.0,36:55,2015,2016
2015-16,201149,Joakim Noah,Joakim,1610612741,CHI,Chicago Bulls,21500573,2016-01-12T00:00:00,CHI @ MIL,L,15.0,0.0,3.0,0.0,2.0,7.0,6.0,5.0,20.0,0.0,0.0,3.0,2.0,14.4,1,13074,13074,13074,19728,12059,3104,9917,12984,12242,13237,11593,11929,8004,1,17641,7786,15857,1.0,15:02,2015,2016
2015-16,202704,Reggie Jackson,Reggie,1610612765,DET,Detroit Pistons,21500570,2016-01-12T00:00:00,DET vs. SAS,L,30.6,2.0,4.0,0.0,4.0,4.0,10.0,4.0,28.0,0.0,0.0,0.0,3.0,25.7,1,13074,13074,13074,7044,6026,1596,9917,8599,6141,20509,8806,5824,8004,1,1,4736,8088,1.0,30:34,2015,2016
2015-16,202708,Norris Cole,Norris,1610612740,NOP,New Orleans Pelicans,21500576,2016-01-12T00:00:00,NOP @ LAL,L,32.4,0.0,0.0,0.0,4.0,10.0,13.0,6.0,26.0,1.0,0.0,3.0,1.0,23.6,1,13074,13074,13074,5576,12059,10158,9917,8599,17370,23668,13388,7214,2692,1,17641,12373,9377,1.0,32:24,2015,2016
2015-16,101145,Monta Ellis,Monta,1610612754,IND,Indiana Pacers,21500569,2016-01-12T00:00:00,IND vs. PHX,W,34.2,0.0,0.0,3.0,10.0,11.0,10.0,8.0,24.0,0.0,3.0,1.0,2.0,34.5,1,1,1,1,4170,12059,10158,3302,1840,18886,20509,17194,8723,8004,25441,4972,7786,3997,1.0,34:13,2015,2016
2015-16,1626164,Devin Booker,Devin,1610612756,PHX,Phoenix Suns,21500569,2016-01-12T00:00:00,PHX @ IND,L,29.1,3.0,0.0,3.0,4.0,16.0,6.0,17.0,20.0,1.0,0.0,5.0,2.0,23.4,1,13074,13074,13074,8328,4307,10158,3302,8599,23774,13237,24967,11929,2692,1,24686,7786,9501,1.0,29:03,2015,2016
2015-16,202498,Lance Thomas,Lance,1610612752,NYK,New York Knicks,21500571,2016-01-12T00:00:00,NYK vs. BOS,W,22.5,0.0,0.0,0.0,0.0,9.0,5.0,9.0,22.0,0.0,1.0,2.0,3.0,14.8,1,1,1,1,13770,12059,10158,9917,18861,15771,11469,18829,10265,8004,17214,11390,4736,15561,1.0,22:30,2015,2016
2015-16,202682,Derrick Williams,Derrick,1610612752,NYK,New York Knicks,21500571,2016-01-12T00:00:00,NYK vs. BOS,W,28.6,0.0,0.0,6.0,10.0,12.0,6.0,9.0,28.0,0.0,1.0,0.0,4.0,25.0,1,1,1,1,8718,12059,10158,740,1840,20178,13237,18829,5824,8004,17214,1,2748,8485,1.0,28:37,2015,2016
2015-16,201937,Ricky Rubio,Ricky,1610612750,MIN,Minnesota Timberwolves,21500574,2016-01-12T00:00:00,MIN vs. OKC,L,21.4,0.0,0.0,0.0,0.0,5.0,2.0,14.0,24.0,0.0,0.0,1.0,0.0,14.4,1,13074,13074,13074,14679,12059,10158,9917,18861,8403,3734,23710,8723,8004,1,4972,18762,15857,1.0,21:25,2015,2016
2015-16,201977,Marcus Thornton,Marcus,1610612745,HOU,Houston Rockets,21500572,2016-01-12T00:00:00,HOU @ MEM,W,15.2,0.0,3.0,0.0,4.0,6.0,2.0,4.0,8.0,0.0,0.0,2.0,3.0,18.9,1,1,1,1,19639,12059,3104,9917,8599,10028,3734,8806,21543,8004,1,11390,4736,12513,1.0,15:10,2015,2016
2015-16,201577,Robin Lopez,Robin,1610612752,NYK,New York Knicks,21500571,2016-01-12T00:00:00,NYK vs. BOS,W,25.8,0.0,4.0,0.0,12.0,12.0,4.0,8.0,32.0,1.0,0.0,4.0,2.0,23.5,1,1,1,1,10980,12059,1596,9917,988,20178,8458,17194,3535,2692,1,22104,7786,9452,1.0,25:50,2015,2016
2015-16,202683,Enes Freedom,Enes,1610612760,OKC,Oklahoma City Thunder,21500574,2016-01-12T00:00:00,OKC @ MIN,W,19.9,4.0,4.0,2.0,16.0,11.0,3.0,6.0,12.0,0.0,1.0,1.0,1.0,25.8,1,1,1,1,16026,2460,1596,4675,275,18886,7138,13388,18637,8004,17214,4972,12373,8022,1.0,19:52,2015,2016
2015-16,2585,Zaza Pachulia,Zaza,1610612742,DAL,Dallas Mavericks,21500575,2016-01-12T00:00:00,DAL vs. CLE,L,31.8,2.0,2.0,0.0,6.0,6.0,4.0,5.0,8.0,1.0,1.0,1.0,3.0,33.9,1,13074,13074,13074,6045,6026,4731,9917,5299,10028,8458,11593,21543,2692,17214,4972,4736,4208,1.0,31:50,2015,2016
2015-16,2216,Zach Randolph,Zach,1610612763,MEM,Memphis Grizzlies,21500572,2016-01-12T00:00:00,MEM vs. HOU,L,32.7,2.0,2.0,0.0,8.0,23.0,17.0,9.0,18.0,0.0,0.0,4.0,0.0,18.8,1,13074,13074,13074,5370,6026,4731,9917,3109,25803,25429,18829,13577,8004,1,22104,18762,12588,1.0,32:40,2015,2016
2015-16,201976,Patrick Beverley,Patrick,1610612745,HOU,Houston Rockets,21500572,2016-01-12T00:00:00,HOU @ MEM,W,29.1,3.0,6.0,0.0,0.0,20.0,7.0,7.0,22.0,0.0,0.0,1.0,0.0,18.8,1,1,1,1,8281,4307,481,9917,18861,25338,15642,15538,10265,8004,1,4972,18762,12588,1.0,29:08,2015,2016
2015-16,203521,Matthew Dellavedova,Matthew,1610612739,CLE,Cleveland Cavaliers,21500575,2016-01-12T00:00:00,CLE @ DAL,W,27.5,6.0,3.0,3.0,0.0,2.0,6.0,6.0,16.0,0.0,1.0,4.0,0.0,24.9,1,1,1,1,9629,878,3104,3302,18861,2619,13237,13388,15259,8004,17214,22104,18762,8553,1.0,27:28,2015,2016
2015-16,101114,Deron Williams,Deron,1610612742,DAL,Dallas Mavericks,21500575,2016-01-12T00:00:00,DAL vs. CLE,L,43.2,0.0,4.0,2.0,6.0,6.0,12.0,9.0,24.0,1.0,1.0,3.0,4.0,34.4,1,13074,13074,13074,190,12059,1596,4675,5299,10028,22832,18829,8723,2692,17214,17641,2748,4029,1.0,43:12,2015,2016
2015-16,201565,Derrick Rose,Derrick,1610612741,CHI,Chicago Bulls,21500573,2016-01-12T00:00:00,CHI @ MIL,L,22.5,0.0,0.0,2.0,4.0,22.0,6.0,10.0,34.0,0.0,1.0,2.0,1.0,14.7,1,13074,13074,13074,13771,12059,10158,4675,8599,25683,13237,20169,2701,8004,17214,11390,12373,15631,1.0,22:29,2015,2016
2015-16,201166,Aaron Brooks,Aaron,1610612741,CHI,Chicago Bulls,21500573,2016-01-12T00:00:00,CHI @ MIL,L,17.0,0.0,0.0,0.0,2.0,4.0,6.0,7.0,22.0,0.0,1.0,3.0,2.0,14.4,1,13074,13074,13074,18243,12059,10158,9917,12984,6141,13237,15538,10265,8004,17214,17641,7786,15857,1.0,17:02,2015,2016
2015-16,2754,Tony Allen,Tony,1610612763,MEM,Memphis Grizzlies,21500572,2016-01-12T00:00:00,MEM vs. HOU,L,32.5,5.0,5.0,0.0,6.0,24.0,14.0,10.0,18.0,0.0,2.0,5.0,2.0,33.4,1,13074,13074,13074,5538,1603,995,9917,5299,25890,24300,20169,13577,8004,23588,24686,7786,4384,1.0,32:27,2015,2016
2015-16,203079,Dion Waiters,Dion,1610612760,OKC,Oklahoma City Thunder,21500574,2016-01-12T00:00:00,OKC @ MIN,W,31.7,3.0,0.0,0.0,2.0,18.0,9.0,10.0,32.0,0.0,2.0,3.0,0.0,23.8,1,1,1,1,6132,4307,10158,9917,12984,24749,19144,20169,3535,8004,23588,17641,18762,9261,1.0,31:43,2015,2016
2015-16,203933,T.J. Warren,T.J.,1610612756,PHX,Phoenix Suns,21500569,2016-01-12T00:00:00,PHX @ IND,L,32.1,1.0,4.0,1.0,2.0,15.0,6.0,17.0,30.0,0.0,0.0,1.0,1.0,23.8,1,13074,13074,13074,5811,11535,1596,9347,12984,23079,13237,24967,4541,8004,1,4972,12373,9261,1.0,32:05,2015,2016
2015-16,2199,Tyson Chandler,Tyson,1610612756,PHX,Phoenix Suns,21500569,2016-01-12T00:00:00,PHX @ IND,L,16.9,0.0,0.0,0.0,0.0,16.0,2.0,14.0,12.0,0.0,0.0,1.0,1.0,14.2,1,13074,13074,13074,18332,12059,10158,9917,18861,23774,3734,23710,18637,8004,1,4972,12373,16003,1.0,16:55,2015,2016
2015-16,202730,Lavoy Allen,Lavoy,1610612754,IND,Indiana Pacers,21500569,2016-01-12T00:00:00,IND vs. PHX,W,22.4,2.0,2.0,2.0,6.0,4.0,7.0,3.0,14.0,1.0,0.0,3.0,0.0,22.9,1,1,1,1,13857,6026,4731,4675,5299,6141,15642,7328,17019,2692,1,17641,18762,9811,1.0,22:22,2015,2016
2015-16,203485,Lorenzo Brown,Lorenzo,1610612756,PHX,Phoenix Suns,21500569,2016-01-12T00:00:00,PHX @ IND,L,20.0,0.0,2.0,0.0,0.0,11.0,2.0,12.0,16.0,0.0,0.0,1.0,1.0,14.9,1,13074,13074,13074,15888,12059,4731,9917,18861,18886,3734,22259,15259,8004,1,4972,12373,15463,1.0,20:02,2015,2016
2015-16,201600,Omer Asik,Omer,1610612740,NOP,New Orleans Pelicans,21500576,2016-01-12T00:00:00,NOP @ LAL,L,17.7,0.0,1.0,0.0,0.0,0.0,2.0,3.0,8.0,1.0,1.0,1.0,2.0,25.6,1,13074,13074,13074,17737,12059,9709,9917,18861,1,3734,7328,21543,2692,17214,4972,7786,8157,1.0,17:43,2015,2016
2015-16,2544,LeBron James,LeBron,1610612739,CLE,Cleveland Cavaliers,21500575,2016-01-12T00:00:00,CLE @ DAL,W,41.7,2.0,2.0,6.0,12.0,12.0,13.0,8.0,24.0,0.0,1.0,2.0,6.0,51.5,1,1,1,1,354,6026,4731,740,988,20178,23668,17194,8723,8004,17214,11390,873,614,1.0,41:43,2015,2016
2015-16,101139,CJ Miles,CJ,1610612754,IND,Indiana Pacers,21500569,2016-01-12T00:00:00,IND vs. PHX,W,30.5,0.0,0.0,3.0,0.0,11.0,5.0,6.0,14.0,1.0,0.0,1.0,4.0,36.6,1,1,1,1,7077,12059,10158,3302,18861,18886,11469,13388,17019,2692,1,4972,2748,3288,1.0,30:32,2015,2016
2015-16,203089,John Henson,John,1610612749,MIL,Milwaukee Bucks,21500573,2016-01-12T00:00:00,MIL vs. CHI,W,21.9,0.0,2.0,0.0,8.0,6.0,8.0,4.0,18.0,5.0,1.0,3.0,1.0,29.1,1,1,1,1,14245,12059,4731,9917,3109,10028,17345,8806,13577,59,17214,17641,12373,6285,1.0,21:55,2015,2016
2015-16,1938,Manu Ginobili,Manu,1610612759,SAS,San Antonio Spurs,21500570,2016-01-12T00:00:00,SAS @ DET,W,26.6,0.0,0.0,3.0,6.0,9.0,12.0,2.0,28.0,1.0,1.0,3.0,6.0,29.0,1,1,1,1,10369,12059,10158,3302,5299,15771,22832,4025,5824,2692,17214,17641,873,6346,1.0,26:36,2015,2016
2015-16,201588,George Hill,George,1610612754,IND,Indiana Pacers,21500569,2016-01-12T00:00:00,IND vs. PHX,W,37.1,7.0,2.0,10.0,4.0,8.0,8.0,4.0,18.0,0.0,0.0,0.0,2.0,29.1,1,1,1,1,2011,548,4731,118,8599,13914,17345,8806,13577,8004,1,1,7786,6285,1.0,37:08,2015,2016
2015-16,202710,Jimmy Butler III,Jimmy,1610612741,CHI,Chicago Bulls,21500573,2016-01-12T00:00:00,CHI @ MIL,L,40.5,4.0,2.0,2.0,10.0,25.0,12.0,14.0,52.0,1.0,2.0,0.0,6.0,47.6,1,13074,13074,13074,598,2460,4731,4675,1840,25944,22832,23710,59,2692,23588,1,873,1003,1.0,40:31,2015,2016
2015-16,2747,JR Smith,JR,1610612739,CLE,Cleveland Cavaliers,21500575,2016-01-12T00:00:00,CLE @ DAL,W,39.7,3.0,3.0,0.0,0.0,10.0,13.0,8.0,28.0,0.0,0.0,1.0,1.0,24.7,1,1,1,1,828,4307,3104,9917,18861,17370,23668,17194,5824,8004,1,4972,12373,8673,1.0,39:40,2015,2016
2015-16,203083,Andre Drummond,Andre,1610612765,DET,Detroit Pistons,21500570,2016-01-12T00:00:00,DET vs. SAS,L,27.9,2.0,6.0,2.0,16.0,2.0,8.0,0.0,32.0,1.0,1.0,4.0,3.0,37.0,1,13074,13074,13074,9296,6026,481,4675,275,2619,17345,1,3535,2692,17214,22104,4736,3182,1.0,27:55,2015,2016
2015-16,202389,Timofey Mozgov,Timofey,1610612739,CLE,Cleveland Cavaliers,21500575,2016-01-12T00:00:00,CLE @ DAL,W,20.7,0.0,0.0,0.0,8.0,0.0,2.0,5.0,12.0,1.0,1.0,1.0,2.0,29.8,1,1,1,1,15334,12059,10158,9917,3109,1,3734,11593,18637,2692,17214,4972,7786,5948,1.0,20:40,2015,2016
2015-16,1626157,Karl-Anthony Towns,Karl-Anthony,1610612750,MIN,Minnesota Timberwolves,21500574,2016-01-12T00:00:00,MIN vs. OKC,L,28.4,0.0,8.0,2.0,12.0,13.0,2.0,19.0,34.0,0.0,1.0,1.0,1.0,24.5,1,13074,13074,13074,8926,12059,137,4675,988,21300,3734,25435,2701,8004,17214,4972,12373,8801,1.0,28:24,2015,2016
2015-16,2730,Dwight Howard,Dwight,1610612745,HOU,Houston Rockets,21500572,2016-01-12T00:00:00,HOU @ MEM,W,37.7,6.0,0.0,0.0,12.0,23.0,12.0,7.0,28.0,2.0,1.0,4.0,5.0,43.3,1,1,1,1,1637,878,10158,9917,988,25803,22832,15538,5824,932,17214,22104,1539,1678,1.0,37:44,2015,2016
2015-16,2200,Pau Gasol,Pau,1610612741,CHI,Chicago Bulls,21500573,2016-01-12T00:00:00,CHI @ MIL,L,35.7,0.0,2.0,0.0,2.0,23.0,10.0,12.0,42.0,4.0,1.0,3.0,2.0,47.3,1,13074,13074,13074,2944,12059,4731,9917,12984,25803,20509,22259,670,132,17214,17641,7786,1036,1.0,35:44,2015,2016
2015-16,201167,Arron Afflalo,Arron,1610612752,NYK,New York Knicks,21500571,2016-01-12T00:00:00,NYK vs. BOS,W,40.6,2.0,0.0,2.0,16.0,12.0,5.0,10.0,44.0,0.0,2.0,1.0,5.0,29.1,1,1,1,1,586,6026,10158,4675,275,20178,11469,20169,454,8004,23588,4972,1539,6285,1.0,40:34,2015,2016
2015-16,2546,Carmelo Anthony,Carmelo,1610612752,NYK,New York Knicks,21500571,2016-01-12T00:00:00,NYK vs. BOS,W,17.9,4.0,0.0,0.0,4.0,7.0,3.0,2.0,12.0,0.0,0.0,1.0,0.0,24.3,1,1,1,1,17617,2460,10158,9917,8599,12242,7138,4025,18637,8004,1,4972,18762,8939,1.0,17:52,2015,2016
2015-16,203382,Aron Baynes,Aron,1610612765,DET,Detroit Pistons,21500570,2016-01-12T00:00:00,DET vs. SAS,L,18.8,0.0,8.0,0.0,10.0,2.0,4.0,6.0,20.0,1.0,2.0,4.0,3.0,28.8,1,13074,13074,13074,16872,12059,137,9917,1840,2619,8458,13388,11929,2692,23588,22104,4736,6465,1.0,18:49,2015,2016
2015-16,204001,Kristaps Porziņģis,Kristaps,1610612752,NYK,New York Knicks,21500571,2016-01-12T00:00:00,NYK vs. BOS,W,26.8,2.0,2.0,0.0,8.0,8.0,3.0,4.0,22.0,2.0,0.0,6.0,3.0,48.2,1,1,1,1,10155,6026,4731,9917,3109,13914,7138,8806,10265,932,1,25827,4736,941,1.0,26:50,2015,2016
2015-16,202087,Alonzo Gee,Alonzo,1610612740,NOP,New Orleans Pelicans,21500576,2016-01-12T00:00:00,NOP @ LAL,L,16.3,2.0,1.0,0.0,2.0,2.0,13.0,4.0,20.0,0.0,0.0,2.0,2.0,7.4,1,13074,13074,13074,18841,6026,9709,9917,12984,2619,23668,8806,11929,8004,1,11390,7786,20912,1.0,16:17,2015,2016
2015-16,201935,James Harden,James,1610612745,HOU,Houston Rockets,21500572,2016-01-12T00:00:00,HOU @ MEM,W,33.3,8.0,6.0,3.0,0.0,21.0,10.0,7.0,28.0,0.0,0.0,4.0,9.0,35.5,1,1,1,1,4928,308,481,3302,18861,25535,20509,15538,5824,8004,1,22104,138,3657,1.0,33:16,2015,2016
2015-16,201188,Marc Gasol,Marc,1610612763,MEM,Memphis Grizzlies,21500572,2016-01-12T00:00:00,MEM vs. HOU,L,40.4,4.0,4.0,0.0,10.0,26.0,25.0,10.0,20.0,3.0,0.0,3.0,4.0,43.5,1,13074,13074,13074,638,2460,1596,9917,1840,25979,26050,20169,11929,347,1,17641,2748,1646,1.0,40:21,2015,2016
2015-16,202738,Isaiah Thomas,Isaiah,1610612738,BOS,Boston Celtics,21500571,2016-01-12T00:00:00,BOS @ NYK,L,34.8,7.0,0.0,4.0,12.0,8.0,6.0,4.0,42.0,1.0,2.0,0.0,7.0,53.6,1,13074,13074,13074,3735,548,10158,1913,988,13914,13237,8806,670,2692,23588,1,469,483,1.0,34:45,2015,2016
2015-16,203507,Giannis Antetokounmpo,Giannis,1610612749,MIL,Milwaukee Bucks,21500573,2016-01-12T00:00:00,MIL vs. CHI,W,31.3,13.0,2.0,11.0,20.0,0.0,10.0,2.0,18.0,1.0,0.0,4.0,8.0,54.5,1,1,1,1,6470,13,4731,69,59,1,20509,4025,13577,2692,1,22104,254,422,1.0,31:18,2015,2016
2015-16,201566,Russell Westbrook,Russell,1610612760,OKC,Oklahoma City Thunder,21500574,2016-01-12T00:00:00,OKC @ MIN,W,33.3,3.0,3.0,5.0,10.0,12.0,14.0,10.0,24.0,0.0,2.0,3.0,5.0,48.9,1,1,1,1,4879,4307,3104,1277,1840,20178,24300,20169,8723,8004,23588,17641,1539,874,1.0,33:19,2015,2016
2015-16,2772,Trevor Ariza,Trevor,1610612745,HOU,Houston Rockets,21500572,2016-01-12T00:00:00,HOU @ MEM,W,29.7,5.0,0.0,7.0,4.0,21.0,10.0,7.0,22.0,0.0,0.0,0.0,1.0,24.4,1,1,1,1,7804,1603,10158,454,8599,25535,20509,15538,10265,8004,1,1,12373,8867,1.0,29:43,2015,2016
2015-16,101133,Ian Mahinmi,Ian,1610612754,IND,Indiana Pacers,21500569,2016-01-12T00:00:00,IND vs. PHX,W,24.7,4.0,2.0,0.0,6.0,7.0,8.0,3.0,14.0,0.0,0.0,5.0,3.0,24.0,1,1,1,1,11898,2460,4731,9917,5299,12242,17345,7328,17019,8004,1,24686,4736,9121,1.0,24:44,2015,2016
2015-16,1626170,Jerian Grant,Jerian,1610612752,NYK,New York Knicks,21500571,2016-01-12T00:00:00,NYK vs. BOS,W,23.4,0.0,0.0,0.0,4.0,10.0,3.0,5.0,22.0,1.0,0.0,1.0,3.0,35.2,1,1,1,1,13042,12059,10158,9917,8599,17370,7138,11593,10265,2692,1,4972,4736,3745,1.0,23:24,2015,2016
2015-16,1495,Tim Duncan,Tim,1610612759,SAS,San Antonio Spurs,21500570,2016-01-12T00:00:00,SAS @ DET,W,29.8,0.0,6.0,0.0,10.0,14.0,12.0,11.0,36.0,2.0,0.0,3.0,4.0,45.3,1,1,1,1,7761,12059,481,9917,1840,22292,22832,21342,1943,932,1,17641,2748,1310,1.0,29:45,2015,2016
2015-16,201978,Chase Budinger,Chase,1610612754,IND,Indiana Pacers,21500569,2016-01-12T00:00:00,IND vs. PHX,W,13.1,2.0,0.0,4.0,4.0,7.0,4.0,8.0,8.0,0.0,0.0,0.0,0.0,10.7,1,1,1,1,20945,6026,10158,1913,8599,12242,8458,17194,21543,8004,1,1,18762,18636,1.0,13:03,2015,2016
2015-16,202684,Tristan Thompson,Tristan,1610612739,CLE,Cleveland Cavaliers,21500575,2016-01-12T00:00:00,CLE @ DAL,W,23.0,0.0,0.0,0.0,2.0,9.0,8.0,5.0,20.0,0.0,0.0,2.0,1.0,10.7,1,1,1,1,13358,12059,10158,9917,12984,15771,17345,11593,11929,8004,1,11390,12373,18636,1.0,23:02,2015,2016
2015-16,203937,Kyle Anderson,Kyle,1610612759,SAS,San Antonio Spurs,21500570,2016-01-12T00:00:00,SAS @ DET,W,2.6,0.0,0.0,0.0,0.0,0.0,0.0,0.0,2.0,0.0,0.0,0.0,0.0,1.2,1,1,1,1,25289,12059,10158,9917,18861,1,1,1,24614,8004,1,1,18762,24661,1.0,2:36,2015,2016
2015-16,203613,Jonathon Simmons,Jonathon,1610612759,SAS,San Antonio Spurs,21500570,2016-01-12T00:00:00,SAS @ DET,W,6.4,0.0,0.0,0.0,0.0,2.0,2.0,0.0,4.0,1.0,0.0,2.0,1.0,2.0,1,1,1,1,23769,12059,10158,9917,18861,2619,3734,1,23698,2692,1,11390,12373,24216,1.0,6:27,2015,2016
2015-16,202337,Luke Babbitt,Luke,1610612740,NOP,New Orleans Pelicans,21500576,2016-01-12T00:00:00,NOP @ LAL,L,5.1,0.0,0.0,0.0,0.0,4.0,0.0,2.0,4.0,0.0,0.0,2.0,0.0,1.2,1,13074,13074,13074,24326,12059,10158,9917,18861,6141,1,4025,23698,8004,1,11390,18762,24661,1.0,5:06,2015,2016
2015-16,200826,J.J. Barea,J.J.,1610612742,DAL,Dallas Mavericks,21500575,2016-01-12T00:00:00,DAL vs. CLE,L,12.3,0.0,0.0,0.0,2.0,5.0,5.0,11.0,14.0,0.0,0.0,1.0,1.0,10.9,1,13074,13074,13074,21375,12059,10158,9917,12984,8403,11469,21342,17019,8004,1,4972,12373,18498,1.0,12:19,2015,2016
2015-16,1626169,Stanley Johnson,Stanley,1610612765,DET,Detroit Pistons,21500570,2016-01-12T00:00:00,DET vs. SAS,L,23.9,0.0,0.0,0.0,0.0,0.0,10.0,4.0,26.0,0.0,1.0,4.0,1.0,6.1,1,13074,13074,13074,12649,12059,10158,9917,18861,1,20509,8806,7214,8004,17214,22104,12373,21845,1.0,23:54,2015,2016
2015-16,201155,Rodney Stuckey,Rodney,1610612754,IND,Indiana Pacers,21500569,2016-01-12T00:00:00,IND vs. PHX,W,4.4,0.0,0.0,0.0,0.0,4.0,0.0,0.0,4.0,0.0,0.0,0.0,0.0,1.2,1,1,1,1,24572,12059,10158,9917,18861,6141,1,1,23698,8004,1,1,18762,24661,1.0,4:26,2015,2016
2015-16,201156,Nick Young,Nick,1610612747,LAL,Los Angeles Lakers,21500576,2016-01-12T00:00:00,LAL vs. NOP,W,8.8,0.0,0.0,0.0,0.0,2.0,2.0,4.0,12.0,1.0,0.0,0.0,0.0,6.0,1,1,1,1,22911,12059,10158,9917,18861,2619,3734,8806,18637,2692,1,1,18762,21878,1.0,8:49,2015,2016
2015-16,203516,James Ennis III,James,1610612763,MEM,Memphis Grizzlies,21500572,2016-01-12T00:00:00,MEM vs. HOU,L,1.6,0.0,0.0,0.0,2.0,0.0,0.0,0.0,2.0,0.0,0.0,0.0,0.0,2.0,1,13074,13074,13074,25669,12059,10158,9917,12984,1,1,1,24614,8004,1,1,18762,24216,1.0,1:34,2015,2016
2015-16,202338,Kevin Seraphin,Kevin,1610612752,NYK,New York Knicks,21500571,2016-01-12T00:00:00,NYK vs. BOS,W,2.3,0.0,0.0,0.0,0.0,3.0,0.0,0.0,0.0,0.0,0.0,0.0,0.0,1.2,1,1,1,1,25436,12059,10158,9917,18861,5109,1,1,25429,8004,1,1,18762,24661,1.0,2:15,2015,2016
2015-16,203926,Doug McDermott,Doug,1610612741,CHI,Chicago Bulls,21500573,2016-01-12T00:00:00,CHI @ MIL,L,5.8,0.0,0.0,0.0,0.0,0.0,2.0,1.0,4.0,0.0,1.0,0.0,0.0,1.2,1,13074,13074,13074,24075,12059,10158,9917,18861,1,3734,3646,23698,8004,17214,1,18762,24661,1.0,5:45,2015,2016
2015-16,203948,Johnny O'Bryant III,Johnny,1610612749,MIL,Milwaukee Bucks,21500573,2016-01-12T00:00:00,MIL vs. CHI,W,3.6,0.0,0.0,0.0,0.0,0.0,0.0,0.0,6.0,0.0,0.0,0.0,1.0,1.2,1,1,1,1,24884,12059,10158,9917,18861,1,1,1,22724,8004,1,1,12373,24661,1.0,3:34,2015,2016
2015-16,200811,Lou Amundson,Lou,1610612752,NYK,New York Knicks,21500571,2016-01-12T00:00:00,NYK vs. BOS,W,3.2,0.0,0.0,0.0,0.0,5.0,3.0,0.0,2.0,0.0,0.0,1.0,0.0,0.2,1,1,1,1,25064,12059,10158,9917,18861,8403,7138,1,24614,8004,1,4972,18762,25103,1.0,3:10,2015,2016
2015-16,2210,Richard Jefferson,Richard,1610612739,CLE,Cleveland Cavaliers,21500575,2016-01-12T00:00:00,CLE @ DAL,W,13.1,0.0,2.0,0.0,2.0,0.0,2.0,5.0,10.0,0.0,1.0,2.0,0.0,7.1,1,1,1,1,20934,12059,4731,9917,12984,1,3734,11593,20209,8004,17214,11390,18762,21141,1.0,13:04,2015,2016
2015-16,1626167,Myles Turner,Myles,1610612754,IND,Indiana Pacers,21500569,2016-01-12T00:00:00,IND vs. PHX,W,2.5,0.0,0.0,0.0,0.0,0.0,2.0,2.0,2.0,0.0,0.0,1.0,0.0,4.0,1,1,1,1,25350,12059,10158,9917,18861,1,3734,4025,24614,8004,1,4972,18762,23142,1.0,2:27,2015,2016
2015-16,2555,Nick Collison,Nick,1610612760,OKC,Oklahoma City Thunder,21500574,2016-01-12T00:00:00,OKC @ MIN,W,9.6,0.0,0.0,0.0,0.0,7.0,0.0,4.0,12.0,0.0,0.0,0.0,1.0,0.0,1,1,1,1,22584,12059,10158,9917,18861,12242,1,8806,18637,8004,1,1,12373,25170,1.0,9:37,2015,2016
2015-16,201145,Jeff Green,Jeff,1610612763,MEM,Memphis Grizzlies,21500572,2016-01-12T00:00:00,MEM vs. HOU,L,14.8,1.0,1.0,0.0,0.0,12.0,6.0,10.0,12.0,0.0,0.0,2.0,4.0,5.0,1,13074,13074,13074,19916,11535,9709,9917,18861,20178,13237,20169,18637,8004,1,11390,2748,22500,1.0,14:46,2015,2016
2015-16,203922,Glenn Robinson III,Glenn,1610612754,IND,Indiana Pacers,21500569,2016-01-12T00:00:00,IND vs. PHX,W,18.6,2.0,2.0,0.0,0.0,7.0,2.0,8.0,12.0,1.0,0.0,1.0,0.0,9.3,1,1,1,1,17002,6026,4731,9917,18861,12242,3734,17194,18637,2692,1,4972,18762,19656,1.0,18:37,2015,2016
2015-16,201147,Corey Brewer,Corey,1610612745,HOU,Houston Rockets,21500572,2016-01-12T00:00:00,HOU @ MEM,W,18.3,0.0,6.0,0.0,0.0,4.0,2.0,2.0,14.0,0.0,1.0,2.0,0.0,8.6,1,1,1,1,17276,12059,481,9917,18861,6141,3734,4025,17019,8004,17214,11390,18762,20125,1.0,18:17,2015,2016
2015-16,202343,Elliot Williams,Elliot,1610612763,MEM,Memphis Grizzlies,21500572,2016-01-12T00:00:00,MEM vs. HOU,L,5.0,0.0,0.0,0.0,0.0,0.0,3.0,0.0,2.0,0.0,0.0,0.0,2.0,0.5,1,13074,13074,13074,24354,12059,10158,9917,18861,1,7138,1,24614,8004,1,1,7786,25056,1.0,5:02,2015,2016
2015-16,1626149,Montrezl Harrell,Montrezl,1610612745,HOU,Houston Rockets,21500572,2016-01-12T00:00:00,HOU @ MEM,W,1.6,0.0,0.0,0.0,0.0,0.0,0.0,0.0,2.0,0.0,0.0,0.0,0.0,0.0,1,1,1,1,25669,12059,10158,9917,18861,1,1,1,24614,8004,1,1,18762,25170,1.0,1:34,2015,2016
2015-16,2419,Tayshaun Prince,Tayshaun,1610612750,MIN,Minnesota Timberwolves,21500574,2016-01-12T00:00:00,MIN vs. OKC,L,13.9,0.0,0.0,0.0,0.0,1.0,0.0,10.0,14.0,0.0,0.0,1.0,0.0,4.4,1,13074,13074,13074,20453,12059,10158,9917,18861,2356,1,20169,17019,8004,1,4972,18762,22837,1.0,13:55,2015,2016
2015-16,2550,Kirk Hinrich,Kirk,1610612741,CHI,Chicago Bulls,21500573,2016-01-12T00:00:00,CHI @ MIL,L,11.9,0.0,0.0,0.0,0.0,13.0,4.0,6.0,18.0,0.0,1.0,1.0,0.0,5.1,1,13074,13074,13074,21653,12059,10158,9917,18861,21300,8458,13388,13577,8004,17214,4972,18762,22478,1.0,11:52,2015,2016
2015-16,204038,Langston Galloway,Langston,1610612752,NYK,New York Knicks,21500571,2016-01-12T00:00:00,NYK vs. BOS,W,16.6,0.0,0.0,0.0,0.0,12.0,3.0,7.0,16.0,1.0,0.0,0.0,0.0,4.5,1,1,1,1,18545,12059,10158,9917,18861,20178,7138,15538,15259,2692,1,1,18762,22773,1.0,16:38,2015,2016
2015-16,203210,JaMychal Green,JaMychal,1610612763,MEM,Memphis Grizzlies,21500572,2016-01-12T00:00:00,MEM vs. HOU,L,14.5,0.0,0.0,0.0,0.0,2.0,11.0,2.0,6.0,0.0,0.0,4.0,0.0,7.2,1,13074,13074,13074,20133,12059,10158,9917,18861,2619,21814,4025,22724,8004,1,22104,18762,21035,1.0,14:27,2015,2016
2015-16,708,Kevin Garnett,Kevin,1610612750,MIN,Minnesota Timberwolves,21500574,2016-01-12T00:00:00,MIN vs. OKC,L,9.1,0.0,0.0,0.0,0.0,1.0,0.0,8.0,10.0,0.0,0.0,1.0,1.0,5.1,1,13074,13074,13074,22815,12059,10158,9917,18861,2356,1,17194,20209,8004,1,4972,12373,22478,1.0,9:04,2015,2016
2015-16,1626166,Cameron Payne,Cameron,1610612760,OKC,Oklahoma City Thunder,21500574,2016-01-12T00:00:00,OKC @ MIN,W,14.7,0.0,0.0,0.0,0.0,8.0,1.0,6.0,16.0,0.0,0.0,2.0,1.0,9.4,1,1,1,1,19969,12059,10158,9917,18861,13914,3393,13388,15259,8004,1,11390,12373,19568,1.0,14:41,2015,2016
2015-16,203939,Dwight Powell,Dwight,1610612742,DAL,Dallas Mavericks,21500575,2016-01-12T00:00:00,DAL vs. CLE,L,3.9,0.0,0.0,0.0,0.0,0.0,3.0,0.0,0.0,0.0,0.0,1.0,0.0,0.0,1,13074,13074,13074,24747,12059,10158,9917,18861,1,7138,1,25429,8004,1,4972,18762,25170,1.0,3:54,2015,2016
2015-16,101109,Raymond Felton,Raymond,1610612742,DAL,Dallas Mavericks,21500575,2016-01-12T00:00:00,DAL vs. CLE,L,16.0,0.0,0.0,0.0,0.0,8.0,6.0,4.0,6.0,2.0,0.0,1.0,0.0,8.7,1,13074,13074,13074,19007,12059,10158,9917,18861,13914,13237,8806,22724,932,1,4972,18762,20045,1.0,16:02,2015,2016
2015-16,202720,Jon Leuer,Jon,1610612756,PHX,Phoenix Suns,21500569,2016-01-12T00:00:00,PHX @ IND,L,17.2,4.0,0.0,0.0,2.0,12.0,2.0,7.0,10.0,0.0,1.0,1.0,1.0,9.0,1,13074,13074,13074,18125,2460,10158,9917,12984,20178,3734,15538,20209,8004,17214,4972,12373,19835,1.0,17:12,2015,2016
2015-16,201603,Sonny Weems,Sonny,1610612756,PHX,Phoenix Suns,21500569,2016-01-12T00:00:00,PHX @ IND,L,2.5,0.0,0.0,2.0,0.0,2.0,0.0,2.0,4.0,0.0,0.0,0.0,0.0,2.0,1,13074,13074,13074,25350,12059,10158,4675,18861,2619,1,4025,23698,8004,1,1,18762,24216,1.0,2:27,2015,2016
2015-16,201202,Joel Anthony,Joel,1610612765,DET,Detroit Pistons,21500570,2016-01-12T00:00:00,DET vs. SAS,L,1.3,0.0,0.0,0.0,2.0,0.0,2.0,0.0,0.0,0.0,0.0,1.0,0.0,2.0,1,13074,13074,13074,25774,12059,10158,9917,12984,1,3734,1,25429,8004,1,4972,18762,24216,1.0,1:16,2015,2016
2015-16,201959,Taj Gibson,Taj,1610612741,CHI,Chicago Bulls,21500573,2016-01-12T00:00:00,CHI @ MIL,L,26.4,0.0,2.0,0.0,2.0,21.0,6.0,12.0,34.0,0.0,1.0,3.0,2.0,16.3,1,13074,13074,13074,10514,12059,4731,9917,12984,25535,13237,22259,2701,8004,17214,17641,7786,14372,1.0,26:26,2015,2016
2015-16,203500,Steven Adams,Steven,1610612760,OKC,Oklahoma City Thunder,21500574,2016-01-12T00:00:00,OKC @ MIN,W,28.1,0.0,0.0,2.0,6.0,9.0,12.0,10.0,28.0,1.0,0.0,0.0,2.0,16.0,1,1,1,1,9124,12059,10158,4675,5299,15771,22832,20169,5824,2692,1,1,7786,14590,1.0,28:08,2015,2016
2015-16,201627,Anthony Morrow,Anthony,1610612760,OKC,Oklahoma City Thunder,21500574,2016-01-12T00:00:00,OKC @ MIN,W,11.8,0.0,0.0,0.0,0.0,8.0,1.0,2.0,10.0,0.0,0.0,2.0,0.0,2.4,1,1,1,1,21701,12059,10158,9917,18861,13914,3393,4025,20209,8004,1,11390,18762,24024,1.0,11:45,2015,2016
2015-16,1626171,Bobby Portis,Bobby,1610612741,CHI,Chicago Bulls,21500573,2016-01-12T00:00:00,CHI @ MIL,L,4.0,0.0,0.0,0.0,0.0,5.0,0.0,0.0,8.0,1.0,0.0,2.0,0.0,2.0,1,13074,13074,13074,24715,12059,10158,9917,18861,8403,1,1,21543,2692,1,11390,18762,24216,1.0,3:60,2015,2016
2015-16,1626246,Boban Marjanović,Boban,1610612759,SAS,San Antonio Spurs,21500570,2016-01-12T00:00:00,SAS @ DET,W,3.7,0.0,0.0,0.0,0.0,0.0,2.0,0.0,4.0,0.0,0.0,0.0,0.0,2.7,1,1,1,1,24849,12059,10158,9917,18861,1,3734,1,23698,8004,1,1,18762,23884,1.0,3:40,2015,2016
2015-16,201584,Courtney Lee,Courtney,1610612763,MEM,Memphis Grizzlies,21500572,2016-01-12T00:00:00,MEM vs. HOU,L,37.5,8.0,0.0,7.0,2.0,19.0,25.0,5.0,18.0,0.0,0.0,2.0,0.0,21.1,1,13074,13074,13074,1786,308,10158,454,12984,25074,26050,11593,13577,8004,1,11390,18762,11012,1.0,37:27,2015,2016
2015-16,201941,Jordan Hill,Jordan,1610612754,IND,Indiana Pacers,21500569,2016-01-12T00:00:00,IND vs. PHX,W,20.0,0.0,0.0,0.0,2.0,8.0,2.0,6.0,12.0,0.0,0.0,3.0,4.0,21.5,1,1,1,1,15952,12059,10158,9917,12984,13914,3734,13388,18637,8004,1,17641,2748,10755,1.0,19:57,2015,2016
2015-16,1626202,Joe Young,Joe,1610612754,IND,Indiana Pacers,21500569,2016-01-12T00:00:00,IND vs. PHX,W,2.5,0.0,0.0,0.0,0.0,0.0,2.0,2.0,2.0,0.0,0.0,1.0,0.0,8.0,1,1,1,1,25350,12059,10158,9917,18861,1,3734,4025,24614,8004,1,4972,18762,20564,1.0,2:27,2015,2016
2015-16,203524,Solomon Hill,Solomon,1610612754,IND,Indiana Pacers,21500569,2016-01-12T00:00:00,IND vs. PHX,W,3.3,0.0,2.0,0.0,0.0,0.0,2.0,2.0,2.0,0.0,0.0,1.0,1.0,2.0,1,1,1,1,24999,12059,4731,9917,18861,1,3734,4025,24614,8004,1,4972,12373,24216,1.0,3:19,2015,2016
2015-16,201973,Jonas Jerebko,Jonas,1610612738,BOS,Boston Celtics,21500571,2016-01-12T00:00:00,BOS @ NYK,L,24.0,0.0,0.0,3.0,0.0,2.0,0.0,4.0,28.0,0.0,1.0,0.0,0.0,21.3,1,13074,13074,13074,12596,12059,10158,3302,18861,2619,1,8806,5824,8004,17214,1,18762,10880,1.0,23:59,2015,2016
2015-16,1626173,Rashad Vaughn,Rashad,1610612749,MIL,Milwaukee Bucks,21500573,2016-01-12T00:00:00,MIL vs. CHI,W,15.8,0.0,0.0,0.0,4.0,2.0,6.0,2.0,16.0,1.0,0.0,1.0,0.0,13.0,1,1,1,1,19214,12059,10158,9917,8599,2619,13237,4025,15259,2692,1,4972,18762,16969,1.0,15:46,2015,2016
2015-16,101181,Jose Calderon,Jose,1610612752,NYK,New York Knicks,21500571,2016-01-12T00:00:00,NYK vs. BOS,W,30.3,0.0,0.0,0.0,0.0,10.0,5.0,8.0,30.0,0.0,0.0,1.0,0.0,13.1,1,1,1,1,7246,12059,10158,9917,18861,17370,11469,17194,4541,8004,1,4972,18762,16874,1.0,30:20,2015,2016
2015-16,101141,Ersan Ilyasova,Ersan,1610612765,DET,Detroit Pistons,21500570,2016-01-12T00:00:00,DET vs. SAS,L,25.5,2.0,0.0,2.0,6.0,4.0,4.0,5.0,28.0,0.0,0.0,2.0,3.0,13.2,1,13074,13074,13074,11262,6026,10158,4675,5299,6141,8458,11593,5824,8004,1,11390,4736,16768,1.0,25:33,2015,2016
2015-16,203124,Kyle O'Quinn,Kyle,1610612752,NYK,New York Knicks,21500571,2016-01-12T00:00:00,NYK vs. BOS,W,2.0,0.0,0.0,0.0,0.0,0.0,0.0,3.0,0.0,0.0,0.0,0.0,0.0,2.7,1,1,1,1,25516,12059,10158,9917,18861,1,1,7328,25429,8004,1,1,18762,23884,1.0,2:01,2015,2016
2015-16,201967,Dante Cunningham,Dante,1610612740,NOP,New Orleans Pelicans,21500576,2016-01-12T00:00:00,NOP @ LAL,L,17.0,0.0,0.0,0.0,0.0,4.0,0.0,3.0,12.0,1.0,0.0,5.0,0.0,8.1,1,13074,13074,13074,18254,12059,10158,9917,18861,6141,1,7328,18637,2692,1,24686,18762,20521,1.0,17:01,2015,2016
2015-16,201980,Danny Green,Danny,1610612759,SAS,San Antonio Spurs,21500570,2016-01-12T00:00:00,SAS @ DET,W,26.8,0.0,0.0,0.0,0.0,18.0,12.0,13.0,40.0,0.0,0.0,0.0,0.0,18.5,1,1,1,1,10180,12059,10158,9917,18861,24749,22832,23048,983,8004,1,1,18762,12794,1.0,26:48,2015,2016
2015-16,203462,Archie Goodwin,Archie,1610612756,PHX,Phoenix Suns,21500569,2016-01-12T00:00:00,PHX @ IND,L,31.5,1.0,2.0,0.0,8.0,20.0,10.0,17.0,30.0,2.0,1.0,2.0,7.0,26.9,1,13074,13074,13074,6335,11535,4731,9917,3109,25338,20509,24967,4541,932,17214,11390,469,7438,1.0,31:28,2015,2016
2015-16,203503,Tony Snell,Tony,1610612741,CHI,Chicago Bulls,21500573,2016-01-12T00:00:00,CHI @ MIL,L,29.8,0.0,5.0,0.0,6.0,11.0,10.0,5.0,30.0,0.0,0.0,4.0,1.0,26.9,1,13074,13074,13074,7707,12059,995,9917,5299,18886,20509,11593,4541,8004,1,22104,12373,7438,1.0,29:49,2015,2016
2015-16,201936,Tyreke Evans,Tyreke,1610612740,NOP,New Orleans Pelicans,21500576,2016-01-12T00:00:00,NOP @ LAL,L,34.1,2.0,0.0,6.0,8.0,4.0,10.0,5.0,30.0,0.0,2.0,4.0,5.0,31.0,1,13074,13074,13074,4265,6026,10158,740,3109,6141,20509,11593,4541,8004,23588,22104,1539,5406,1.0,34:06,2015,2016
2015-16,201229,Anthony Tolliver,Anthony,1610612765,DET,Detroit Pistons,21500570,2016-01-12T00:00:00,DET vs. SAS,L,22.5,3.0,0.0,0.0,2.0,0.0,10.0,2.0,24.0,0.0,0.0,0.0,1.0,15.3,1,13074,13074,13074,13792,4307,10158,9917,12984,1,20509,4025,8723,8004,1,1,12373,15150,1.0,22:27,2015,2016
2015-16,1626156,D'Angelo Russell,D'Angelo,1610612747,LAL,Los Angeles Lakers,21500576,2016-01-12T00:00:00,LAL vs. NOP,W,24.1,2.0,3.0,0.0,4.0,2.0,6.0,6.0,30.0,0.0,0.0,2.0,2.0,20.3,1,1,1,1,12470,6026,3104,9917,8599,2619,13237,13388,4541,8004,1,11390,7786,11534,1.0,24:05,2015,2016
2015-16,1891,Jason Terry,Jason,1610612745,HOU,Houston Rockets,21500572,2016-01-12T00:00:00,HOU @ MEM,W,18.9,0.0,3.0,0.0,0.0,5.0,5.0,2.0,14.0,0.0,0.0,2.0,0.0,12.2,1,1,1,1,16803,12059,3104,9917,18861,8403,11469,4025,17019,8004,1,11390,18762,17566,1.0,18:53,2015,2016
2015-16,201142,Kevin Durant,Kevin,1610612760,OKC,Oklahoma City Thunder,21500574,2016-01-12T00:00:00,OKC @ MIN,W,36.3,2.0,0.0,2.0,4.0,12.0,14.0,14.0,30.0,0.0,1.0,5.0,5.0,42.9,1,1,1,1,2579,6026,10158,4675,8599,20178,24300,23710,4541,8004,17214,24686,1539,1754,1.0,36:15,2015,2016
2015-16,2755,Kevin Martin,Kevin,1610612750,MIN,Minnesota Timberwolves,21500574,2016-01-12T00:00:00,MIN vs. OKC,L,13.3,3.0,0.0,0.0,2.0,5.0,2.0,5.0,12.0,0.0,0.0,1.0,2.0,12.0,1,13074,13074,13074,20778,4307,10158,9917,12984,8403,3734,11593,18637,8004,1,4972,7786,17703,1.0,13:20,2015,2016
2015-16,201579,Roy Hibbert,Roy,1610612747,LAL,Los Angeles Lakers,21500576,2016-01-12T00:00:00,LAL vs. NOP,W,25.1,0.0,0.0,0.0,6.0,2.0,3.0,9.0,22.0,2.0,1.0,0.0,1.0,20.0,1,1,1,1,11573,12059,10158,9917,5299,2619,7138,18829,10265,932,17214,1,12373,11752,1.0,25:08,2015,2016
2015-16,2225,Tony Parker,Tony,1610612759,SAS,San Antonio Spurs,21500570,2016-01-12T00:00:00,SAS @ DET,W,31.9,4.0,2.0,2.0,20.0,20.0,16.0,11.0,42.0,0.0,0.0,3.0,3.0,40.3,1,1,1,1,6013,2460,4731,4675,59,25338,25155,21342,670,8004,1,17641,4736,2302,1.0,31:52,2015,2016
2015-16,1713,Vince Carter,Vince,1610612763,MEM,Memphis Grizzlies,21500572,2016-01-12T00:00:00,MEM vs. HOU,L,20.5,4.0,0.0,2.0,4.0,10.0,14.0,4.0,12.0,0.0,2.0,1.0,2.0,15.6,1,13074,13074,13074,15526,2460,10158,4675,8599,17370,24300,8806,18637,8004,23588,4972,7786,14916,1.0,20:27,2015,2016
2015-16,203991,Clint Capela,Clint,1610612745,HOU,Houston Rockets,21500572,2016-01-12T00:00:00,HOU @ MEM,W,26.4,0.0,0.0,0.0,0.0,19.0,3.0,5.0,16.0,1.0,1.0,2.0,1.0,15.9,1,1,1,1,10525,12059,10158,9917,18861,25074,7138,11593,15259,2692,17214,11390,12373,14675,1.0,26:25,2015,2016
2015-16,203482,Kelly Olynyk,Kelly,1610612738,BOS,Boston Celtics,21500571,2016-01-12T00:00:00,BOS @ NYK,L,11.4,2.0,0.0,0.0,2.0,4.0,0.0,6.0,6.0,0.0,0.0,3.0,0.0,11.8,1,13074,13074,13074,21877,6026,10158,9917,12984,6141,1,13388,22724,8004,1,17641,18762,17832,1.0,11:23,2015,2016
2015-16,201569,Eric Gordon,Eric,1610612740,NOP,New Orleans Pelicans,21500576,2016-01-12T00:00:00,NOP @ LAL,L,27.0,0.0,2.0,5.0,8.0,2.0,4.0,5.0,22.0,1.0,1.0,3.0,2.0,19.9,1,13074,13074,13074,9992,12059,4731,1277,3109,2619,8458,11593,10265,2692,17214,17641,7786,11824,1.0,27:02,2015,2016
2015-16,201583,Ryan Anderson,Ryan,1610612740,NOP,New Orleans Pelicans,21500576,2016-01-12T00:00:00,NOP @ LAL,L,42.4,0.0,2.0,0.0,8.0,6.0,15.0,9.0,36.0,1.0,0.0,2.0,2.0,26.4,1,13074,13074,13074,263,12059,4731,9917,3109,10028,24781,18829,1943,2692,1,11390,7786,7672,1.0,42:23,2015,2016
2015-16,101161,Amir Johnson,Amir,1610612738,BOS,Boston Celtics,21500571,2016-01-12T00:00:00,BOS @ NYK,L,25.7,0.0,5.0,0.0,8.0,4.0,6.0,4.0,26.0,1.0,0.0,4.0,2.0,26.2,1,13074,13074,13074,11075,12059,995,9917,3109,6141,13237,8806,7214,2692,1,22104,7786,7785,1.0,25:45,2015,2016
2015-16,202357,Nemanja Bjelica,Nemanja,1610612750,MIN,Minnesota Timberwolves,21500574,2016-01-12T00:00:00,MIN vs. OKC,L,26.6,0.0,0.0,0.0,0.0,9.0,5.0,7.0,22.0,0.0,0.0,2.0,1.0,20.3,1,13074,13074,13074,10412,12059,10158,9917,18861,15771,11469,15538,10265,8004,1,11390,12373,11534,1.0,26:33,2015,2016
2015-16,201564,O.J. Mayo,O.J.,1610612749,MIL,Milwaukee Bucks,21500573,2016-01-12T00:00:00,MIL vs. CHI,W,26.0,0.0,0.0,0.0,2.0,6.0,10.0,2.0,24.0,0.0,1.0,1.0,1.0,15.2,1,1,1,1,10840,12059,10158,9917,12984,10028,20509,4025,8723,8004,17214,4972,12373,15219,1.0,26:00,2015,2016
2015-16,203476,Gorgui Dieng,Gorgui,1610612750,MIN,Minnesota Timberwolves,21500574,2016-01-12T00:00:00,MIN vs. OKC,L,32.0,0.0,0.0,0.0,2.0,7.0,7.0,4.0,22.0,6.0,1.0,2.0,2.0,31.2,1,13074,13074,13074,5896,12059,10158,9917,12984,12242,15642,8806,10265,19,17214,11390,7786,5304,1.0,31:59,2015,2016
2015-16,203498,Shabazz Muhammad,Shabazz,1610612750,MIN,Minnesota Timberwolves,21500574,2016-01-12T00:00:00,MIN vs. OKC,L,34.1,5.0,1.0,2.0,12.0,14.0,7.0,9.0,30.0,0.0,0.0,0.0,4.0,26.3,1,13074,13074,13074,4281,1603,9709,4675,988,22292,15642,18829,4541,8004,1,1,2748,7733,1.0,34:05,2015,2016
2015-16,203952,Andrew Wiggins,Andrew,1610612750,MIN,Minnesota Timberwolves,21500574,2016-01-12T00:00:00,MIN vs. OKC,L,34.7,6.0,6.0,8.0,10.0,10.0,5.0,14.0,32.0,0.0,0.0,3.0,6.0,31.0,1,13074,13074,13074,3808,878,481,280,1840,17370,11469,23710,3535,8004,1,17641,873,5406,1.0,34:40,2015,2016
2015-16,202691,Klay Thompson,Klay,1610612744,GSW,Golden State Warriors,21500568,2016-01-11T00:00:00,GSW vs. MIA,W,34.5,2.0,3.0,3.0,6.0,6.0,10.0,5.0,36.0,0.0,0.0,2.0,2.0,31.4,1,1,1,1,3917,6026,3104,3302,5299,10028,20509,11593,1943,8004,1,11390,7786,5218,1.0,34:33,2015,2016
2015-16,202710,Jimmy Butler III,Jimmy,1610612741,CHI,Chicago Bulls,21500567,2016-01-11T00:00:00,CHI vs. WAS,L,38.1,5.0,1.0,10.0,8.0,18.0,15.0,18.0,34.0,0.0,3.0,2.0,4.0,41.3,1,13074,13074,13074,1458,1603,9709,118,3109,24749,24781,25228,2701,8004,25441,11390,2748,2074,1.0,38:07,2015,2016
2015-16,2736,Luol Deng,Luol,1610612748,MIA,Miami Heat,21500568,2016-01-11T00:00:00,MIA @ GSW,L,32.7,2.0,2.0,0.0,6.0,12.0,3.0,13.0,26.0,0.0,0.0,1.0,1.0,27.0,1,13074,13074,13074,5315,6026,4731,9917,5299,20178,7138,23048,7214,8004,1,4972,12373,7385,1.0,32:44,2015,2016
2015-16,200746,LaMarcus Aldridge,LaMarcus,1610612759,SAS,San Antonio Spurs,21500566,2016-01-11T00:00:00,SAS @ BKN,W,28.0,11.0,6.0,2.0,12.0,8.0,0.0,11.0,22.0,0.0,1.0,2.0,3.0,41.2,1,1,1,1,9245,55,481,4675,988,13914,1,21342,10265,8004,17214,11390,4736,2099,1.0,27:59,2015,2016
2015-16,203080,Thomas Robinson,Thomas,1610612751,BKN,Brooklyn Nets,21500566,2016-01-11T00:00:00,BKN vs. SAS,L,13.1,2.0,4.0,2.0,8.0,10.0,2.0,2.0,18.0,0.0,1.0,1.0,2.0,15.4,1,13074,13074,13074,20924,6026,1596,4675,3109,17370,3734,4025,13577,8004,17214,4972,7786,15066,1.0,13:05,2015,2016
2015-16,1626162,Kelly Oubre Jr.,Kelly,1610612764,WAS,Washington Wizards,21500567,2016-01-11T00:00:00,WAS @ CHI,W,13.3,0.0,0.0,2.0,2.0,0.0,0.0,2.0,6.0,2.0,1.0,0.0,1.0,11.6,1,1,1,1,20838,12059,10158,4675,12984,1,1,4025,22724,932,17214,1,12373,17970,1.0,13:15,2015,2016
2015-16,202066,Garrett Temple,Garrett,1610612764,WAS,Washington Wizards,21500567,2016-01-11T00:00:00,WAS @ CHI,W,30.2,4.0,4.0,4.0,4.0,5.0,7.0,9.0,30.0,2.0,1.0,3.0,1.0,26.2,1,1,1,1,7383,2460,1596,1913,8599,8403,15642,18829,4541,932,17214,17641,12373,7785,1.0,30:10,2015,2016
2015-16,201572,Brook Lopez,Brook,1610612751,BKN,Brooklyn Nets,21500566,2016-01-11T00:00:00,BKN vs. SAS,L,31.9,4.0,0.0,0.0,10.0,20.0,11.0,6.0,30.0,2.0,2.0,3.0,2.0,32.0,1,13074,13074,13074,6006,2460,10158,9917,1840,25338,21814,13388,4541,932,23588,17641,7786,4945,1.0,31:53,2015,2016
2015-16,202695,Kawhi Leonard,Kawhi,1610612759,SAS,San Antonio Spurs,21500566,2016-01-11T00:00:00,SAS @ BKN,W,29.5,5.0,2.0,0.0,6.0,10.0,0.0,11.0,24.0,0.0,0.0,1.0,3.0,28.6,1,1,1,1,7938,1603,4731,9917,5299,17370,1,21342,8723,8004,1,4972,4736,6560,1.0,29:33,2015,2016
2015-16,2400,Drew Gooden,Drew,1610612764,WAS,Washington Wizards,21500567,2016-01-11T00:00:00,WAS @ CHI,W,26.8,0.0,6.0,0.0,6.0,5.0,5.0,8.0,22.0,1.0,0.0,3.0,3.0,31.9,1,1,1,1,10199,12059,481,9917,5299,8403,11469,17194,10265,2692,1,17641,4736,4984,1.0,26:47,2015,2016
2015-16,203499,Shane Larkin,Shane,1610612751,BKN,Brooklyn Nets,21500566,2016-01-11T00:00:00,BKN vs. SAS,L,23.9,0.0,0.0,0.0,4.0,19.0,4.0,4.0,30.0,0.0,0.0,1.0,1.0,17.4,1,13074,13074,13074,12630,12059,10158,9917,8599,25074,8458,8806,4541,8004,1,4972,12373,13595,1.0,23:55,2015,2016
2015-16,202390,Gary Neal,Gary,1610612764,WAS,Washington Wizards,21500567,2016-01-11T00:00:00,WAS @ CHI,W,15.0,0.0,4.0,0.0,2.0,4.0,0.0,4.0,10.0,0.0,2.0,2.0,2.0,21.9,1,1,1,1,19763,12059,1596,9917,12984,6141,1,8806,20209,8004,23588,11390,7786,10460,1.0,14:59,2015,2016
2015-16,101106,Andrew Bogut,Andrew,1610612744,GSW,Golden State Warriors,21500568,2016-01-11T00:00:00,GSW vs. MIA,W,21.0,0.0,0.0,2.0,8.0,4.0,4.0,3.0,20.0,1.0,0.0,3.0,1.0,22.3,1,1,1,1,15021,12059,10158,4675,3109,6141,8458,7328,11929,2692,1,17641,12373,10208,1.0,21:02,2015,2016
2015-16,203084,Harrison Barnes,Harrison,1610612744,GSW,Golden State Warriors,21500568,2016-01-11T00:00:00,GSW vs. MIA,W,26.9,2.0,2.0,0.0,2.0,4.0,6.0,0.0,20.0,0.0,1.0,2.0,3.0,22.7,1,1,1,1,10099,6026,4731,9917,12984,6141,13237,1,11929,8004,17214,11390,4736,9938,1.0,26:54,2015,2016
2015-16,203490,Otto Porter Jr.,Otto,1610612764,WAS,Washington Wizards,21500567,2016-01-11T00:00:00,WAS @ CHI,W,31.7,0.0,0.0,4.0,4.0,9.0,7.0,11.0,32.0,0.0,0.0,3.0,0.0,32.6,1,1,1,1,6169,12059,10158,1913,8599,15771,15642,21342,3535,8004,1,17641,18762,4687,1.0,31:40,2015,2016
2015-16,201152,Thaddeus Young,Thaddeus,1610612751,BKN,Brooklyn Nets,21500566,2016-01-11T00:00:00,BKN vs. SAS,L,28.0,0.0,0.0,2.0,6.0,13.0,11.0,4.0,28.0,0.0,0.0,2.0,2.0,17.3,1,13074,13074,13074,9200,12059,10158,4675,5299,21300,21814,8806,5824,8004,1,11390,7786,13671,1.0,28:03,2015,2016
2015-16,2547,Chris Bosh,Chris,1610612748,MIA,Miami Heat,21500568,2016-01-11T00:00:00,MIA @ GSW,L,36.3,0.0,0.0,0.0,4.0,12.0,7.0,21.0,36.0,2.0,0.0,1.0,3.0,37.4,1,13074,13074,13074,2545,12059,10158,9917,8599,20178,15642,25725,1943,932,1,4972,4736,3073,1.0,36:18,2015,2016
2015-16,203110,Draymond Green,Draymond,1610612744,GSW,Golden State Warriors,21500568,2016-01-11T00:00:00,GSW vs. MIA,W,35.6,0.0,2.0,8.0,16.0,6.0,10.0,5.0,36.0,0.0,1.0,2.0,6.0,46.4,1,1,1,1,3047,12059,4731,280,275,10028,20509,11593,1943,8004,17214,11390,873,1149,1.0,35:37,2015,2016
2015-16,202703,Nikola Mirotic,Nikola,1610612741,CHI,Chicago Bulls,21500567,2016-01-11T00:00:00,CHI vs. WAS,L,28.8,0.0,0.0,0.0,4.0,8.0,6.0,14.0,26.0,2.0,1.0,0.0,2.0,29.8,1,13074,13074,13074,8585,12059,10158,9917,8599,13914,13237,23710,7214,932,17214,1,7786,5948,1.0,28:46,2015,2016
2015-16,2200,Pau Gasol,Pau,1610612741,CHI,Chicago Bulls,21500567,2016-01-11T00:00:00,CHI vs. WAS,L,28.5,0.0,4.0,0.0,8.0,14.0,13.0,16.0,28.0,1.0,1.0,0.0,3.0,29.5,1,13074,13074,13074,8820,12059,1596,9917,3109,22292,23668,24641,5824,2692,17214,1,4736,6103,1.0,28:30,2015,2016
2015-16,2403,Nene,ene,1610612764,WAS,Washington Wizards,21500567,2016-01-11T00:00:00,WAS @ CHI,W,19.6,2.0,0.0,2.0,12.0,4.0,2.0,5.0,20.0,1.0,0.0,1.0,0.0,24.4,1,1,1,1,16236,6026,10158,4675,988,6141,3734,11593,11929,2692,1,4972,18762,8867,1.0,19:35,2015,2016
2015-16,201939,Stephen Curry,Stephen,1610612744,GSW,Golden State Warriors,21500568,2016-01-11T00:00:00,GSW vs. MIA,W,37.6,9.0,3.0,9.0,8.0,6.0,10.0,5.0,36.0,0.0,2.0,2.0,4.0,44.4,1,1,1,1,1715,171,3104,184,3109,10028,20509,11593,1943,8004,23588,11390,2748,1474,1.0,37:34,2015,2016
2015-16,2548,Dwyane Wade,Dwyane,1610612748,MIA,Miami Heat,21500568,2016-01-11T00:00:00,MIA @ GSW,L,32.7,2.0,8.0,2.0,12.0,12.0,5.0,21.0,30.0,1.0,0.0,2.0,5.0,47.9,1,13074,13074,13074,5384,6026,137,4675,988,20178,11469,25725,4541,2692,1,11390,1539,970,1.0,32:39,2015,2016
2015-16,202388,Donald Sloan,Donald,1610612751,BKN,Brooklyn Nets,21500566,2016-01-11T00:00:00,BKN vs. SAS,L,24.1,2.0,0.0,0.0,2.0,11.0,11.0,4.0,24.0,1.0,0.0,1.0,0.0,11.5,1,13074,13074,13074,12470,6026,10158,9917,12984,18886,21814,8806,8723,2692,1,4972,18762,18079,1.0,24:05,2015,2016
2015-16,201196,Ramon Sessions,Ramon,1610612764,WAS,Washington Wizards,21500567,2016-01-11T00:00:00,WAS @ CHI,W,24.4,2.0,0.0,2.0,6.0,4.0,0.0,4.0,18.0,0.0,0.0,2.0,5.0,30.0,1,1,1,1,12177,6026,10158,4675,5299,6141,1,8806,13577,8004,1,11390,1539,5840,1.0,24:26,2015,2016
2015-16,202322,John Wall,John,1610612764,WAS,Washington Wizards,21500567,2016-01-11T00:00:00,WAS @ CHI,W,34.7,7.0,0.0,4.0,6.0,5.0,7.0,9.0,36.0,1.0,2.0,3.0,1.0,48.0,1,1,1,1,3759,548,10158,1913,5299,8403,15642,18829,1943,2692,23588,17641,12373,960,1.0,34:44,2015,2016
2015-16,201565,Derrick Rose,Derrick,1610612741,CHI,Chicago Bulls,21500567,2016-01-11T00:00:00,CHI vs. WAS,L,31.1,0.0,0.0,3.0,10.0,18.0,15.0,18.0,34.0,1.0,0.0,0.0,5.0,23.5,1,13074,13074,13074,6670,12059,10158,3302,1840,24749,24781,25228,2701,2692,1,1,1539,9452,1.0,31:03,2015,2016
2015-16,204020,Tyler Johnson,Tyler,1610612748,MIA,Miami Heat,21500568,2016-01-11T00:00:00,MIA @ GSW,L,27.9,4.0,0.0,0.0,8.0,5.0,10.0,11.0,38.0,0.0,0.0,3.0,5.0,23.1,1,13074,13074,13074,9340,2460,10158,9917,3109,8403,20509,21342,1422,8004,1,17641,1539,9699,1.0,27:51,2015,2016
2015-16,201609,Goran Dragic,Goran,1610612748,MIA,Miami Heat,21500568,2016-01-11T00:00:00,MIA @ GSW,L,35.8,0.0,0.0,0.0,4.0,13.0,9.0,14.0,34.0,0.0,1.0,2.0,2.0,23.5,1,13074,13074,13074,2879,12059,10158,9917,8599,21300,19144,23710,2701,8004,17214,11390,7786,9452,1.0,35:49,2015,2016
2015-16,101123,Gerald Green,Gerald,1610612748,MIA,Miami Heat,21500568,2016-01-11T00:00:00,MIA @ GSW,L,33.6,0.0,0.0,3.0,4.0,12.0,12.0,18.0,40.0,0.0,0.0,5.0,1.0,23.4,1,13074,13074,13074,4701,12059,10158,3302,8599,20178,22832,25228,983,8004,1,24686,12373,9501,1.0,33:34,2015,2016
2015-16,1626246,Boban Marjanović,Boban,1610612759,SAS,San Antonio Spurs,21500566,2016-01-11T00:00:00,SAS @ BKN,W,13.4,0.0,3.0,0.0,10.0,2.0,6.0,0.0,18.0,2.0,1.0,3.0,3.0,23.1,1,1,1,1,20741,12059,3104,9917,1840,2619,13237,1,13577,932,17214,17641,4736,9699,1.0,13:24,2015,2016
2015-16,2733,Shaun Livingston,Shaun,1610612744,GSW,Golden State Warriors,21500568,2016-01-11T00:00:00,GSW vs. MIA,W,17.1,0.0,0.0,0.0,2.0,2.0,0.0,0.0,12.0,0.0,0.0,3.0,0.0,14.8,1,1,1,1,18210,12059,10158,9917,12984,2619,1,1,18637,8004,1,17641,18762,15561,1.0,17:05,2015,2016
2015-16,1626171,Bobby Portis,Bobby,1610612741,CHI,Chicago Bulls,21500567,2016-01-11T00:00:00,CHI vs. WAS,L,10.7,0.0,0.0,0.0,2.0,2.0,6.0,2.0,12.0,1.0,0.0,1.0,2.0,10.4,1,13074,13074,13074,22145,12059,10158,9917,12984,2619,13237,4025,18637,2692,1,4972,7786,18859,1.0,10:44,2015,2016
2015-16,201961,Wayne Ellington,Wayne,1610612751,BKN,Brooklyn Nets,21500566,2016-01-11T00:00:00,BKN vs. SAS,L,29.4,2.0,0.0,2.0,4.0,15.0,13.0,4.0,34.0,0.0,0.0,0.0,2.0,14.6,1,13074,13074,13074,8044,6026,10158,4675,8599,23079,23668,8806,2701,8004,1,1,7786,15699,1.0,29:25,2015,2016
2015-16,201162,Jared Dudley,Jared,1610612764,WAS,Washington Wizards,21500567,2016-01-11T00:00:00,WAS @ CHI,W,29.8,3.0,5.0,0.0,0.0,5.0,7.0,9.0,28.0,0.0,0.0,4.0,3.0,14.4,1,1,1,1,7685,4307,995,9917,18861,8403,15642,18829,5824,8004,1,22104,4736,15857,1.0,29:51,2015,2016
2015-16,2225,Tony Parker,Tony,1610612759,SAS,San Antonio Spurs,21500566,2016-01-11T00:00:00,SAS @ BKN,W,24.7,0.0,0.0,2.0,2.0,10.0,0.0,11.0,14.0,0.0,0.0,0.0,2.0,14.2,1,1,1,1,11966,12059,10158,4675,12984,17370,1,21342,17019,8004,1,1,7786,16003,1.0,24:40,2015,2016
2015-16,2564,Boris Diaw,Boris,1610612759,SAS,San Antonio Spurs,21500566,2016-01-11T00:00:00,SAS @ BKN,W,18.4,3.0,0.0,0.0,6.0,0.0,4.0,0.0,24.0,0.0,0.0,1.0,2.0,23.6,1,1,1,1,17163,4307,10158,9917,5299,1,8458,1,8723,8004,1,4972,7786,9377,1.0,18:25,2015,2016
2015-16,1495,Tim Duncan,Tim,1610612759,SAS,San Antonio Spurs,21500566,2016-01-11T00:00:00,SAS @ BKN,W,21.7,0.0,2.0,0.0,6.0,10.0,0.0,11.0,12.0,2.0,1.0,2.0,2.0,23.8,1,1,1,1,14479,12059,4731,9917,5299,17370,1,21342,18637,932,17214,11390,7786,9261,1.0,21:39,2015,2016
2015-16,2207,Joe Johnson,Joe,1610612751,BKN,Brooklyn Nets,21500566,2016-01-11T00:00:00,BKN vs. SAS,L,28.0,2.0,2.0,5.0,8.0,15.0,11.0,4.0,28.0,0.0,0.0,2.0,1.0,19.6,1,13074,13074,13074,9212,6026,4731,1277,3109,23079,21814,8806,5824,8004,1,11390,12373,12024,1.0,28:01,2015,2016
2015-16,201166,Aaron Brooks,Aaron,1610612741,CHI,Chicago Bulls,21500567,2016-01-11T00:00:00,CHI vs. WAS,L,15.7,2.0,0.0,0.0,4.0,9.0,8.0,6.0,14.0,0.0,0.0,1.0,0.0,14.5,1,13074,13074,13074,19265,6026,10158,9917,8599,15771,17345,13388,17019,8004,1,4972,18762,15799,1.0,15:42,2015,2016
2015-16,203946,Cameron Bairstow,Cameron,1610612741,CHI,Chicago Bulls,21500567,2016-01-11T00:00:00,CHI vs. WAS,L,4.6,0.0,0.0,0.0,0.0,0.0,2.0,0.0,4.0,0.0,0.0,1.0,0.0,1.2,1,13074,13074,13074,24510,12059,10158,9917,18861,1,3734,1,23698,8004,1,4972,18762,24661,1.0,4:36,2015,2016
2015-16,203900,Markel Brown,Markel,1610612751,BKN,Brooklyn Nets,21500566,2016-01-11T00:00:00,BKN vs. SAS,L,12.6,0.0,0.0,0.0,0.0,7.0,2.0,4.0,16.0,0.0,0.0,2.0,1.0,1.7,1,13074,13074,13074,21190,12059,10158,9917,18861,12242,3734,8806,15259,8004,1,11390,12373,24436,1.0,12:38,2015,2016
2015-16,202734,E'Twaun Moore,E'Twaun,1610612741,CHI,Chicago Bulls,21500567,2016-01-11T00:00:00,CHI vs. WAS,L,4.7,0.0,0.0,0.0,0.0,0.0,2.0,0.0,4.0,0.0,0.0,1.0,0.0,5.4,1,13074,13074,13074,24470,12059,10158,9917,18861,1,3734,1,23698,8004,1,4972,18762,22242,1.0,4:42,2015,2016
2015-16,203186,Willie Reed,Willie,1610612751,BKN,Brooklyn Nets,21500566,2016-01-11T00:00:00,BKN vs. SAS,L,7.7,0.0,2.0,0.0,2.0,6.0,2.0,0.0,10.0,0.0,0.0,0.0,2.0,1.2,1,13074,13074,13074,23306,12059,4731,9917,12984,10028,3734,1,20209,8004,1,1,7786,24661,1.0,7:43,2015,2016
2015-16,201971,DeJuan Blair,DeJuan,1610612764,WAS,Washington Wizards,21500567,2016-01-11T00:00:00,WAS @ CHI,W,13.0,2.0,2.0,2.0,4.0,4.0,0.0,4.0,8.0,0.0,0.0,2.0,0.0,13.1,1,1,1,1,20961,6026,4731,4675,8599,6141,1,8806,21543,8004,1,11390,18762,16874,1.0,13:02,2015,2016
2015-16,2405,Amar'e Stoudemire,Amar'e,1610612748,MIA,Miami Heat,21500568,2016-01-11T00:00:00,MIA @ GSW,L,4.7,0.0,0.0,0.0,4.0,0.0,0.0,0.0,6.0,0.0,0.0,1.0,0.0,8.4,1,13074,13074,13074,24453,12059,10158,9917,8599,1,1,1,22724,8004,1,4972,18762,20273,1.0,4:44,2015,2016
2015-16,2561,David West,David,1610612759,SAS,San Antonio Spurs,21500566,2016-01-11T00:00:00,SAS @ BKN,W,14.6,4.0,0.0,2.0,6.0,4.0,6.0,0.0,16.0,0.0,0.0,1.0,0.0,12.9,1,1,1,1,20072,2460,10158,4675,5299,6141,13237,1,15259,8004,1,4972,18762,17049,1.0,14:33,2015,2016
2015-16,203926,Doug McDermott,Doug,1610612741,CHI,Chicago Bulls,21500567,2016-01-11T00:00:00,CHI vs. WAS,L,19.9,0.0,0.0,0.0,0.0,13.0,10.0,10.0,28.0,1.0,0.0,2.0,3.0,12.4,1,13074,13074,13074,15961,12059,10158,9917,18861,21300,20509,20169,5824,2692,1,11390,4736,17418,1.0,19:56,2015,2016
2015-16,201980,Danny Green,Danny,1610612759,SAS,San Antonio Spurs,21500566,2016-01-11T00:00:00,SAS @ BKN,W,19.8,0.0,0.0,0.0,0.0,6.0,2.0,2.0,12.0,0.0,0.0,1.0,0.0,7.7,1,1,1,1,16100,12059,10158,9917,18861,10028,3734,4025,18637,8004,1,4972,18762,20733,1.0,19:46,2015,2016
2015-16,201149,Joakim Noah,Joakim,1610612741,CHI,Chicago Bulls,21500567,2016-01-11T00:00:00,CHI vs. WAS,L,18.8,0.0,0.0,0.0,0.0,6.0,6.0,6.0,18.0,0.0,2.0,3.0,0.0,17.8,1,13074,13074,13074,16860,12059,10158,9917,18861,10028,13237,13388,13577,8004,23588,17641,18762,13309,1.0,18:49,2015,2016
2015-16,2738,Andre Iguodala,Andre,1610612744,GSW,Golden State Warriors,21500568,2016-01-11T00:00:00,GSW vs. MIA,W,30.2,2.0,0.0,0.0,4.0,6.0,8.0,5.0,30.0,0.0,0.0,1.0,1.0,16.5,1,1,1,1,7363,6026,10158,9917,8599,10028,17345,11593,4541,8004,1,4972,12373,14224,1.0,30:11,2015,2016
2015-16,201575,Brandon Rush,Brandon,1610612744,GSW,Golden State Warriors,21500568,2016-01-11T00:00:00,GSW vs. MIA,W,16.4,1.0,0.0,1.0,0.0,2.0,2.0,2.0,16.0,0.0,0.0,0.0,1.0,2.2,1,1,1,1,18770,11535,10158,9347,18861,2619,3734,4025,15259,8004,1,1,12373,24138,1.0,16:21,2015,2016
2015-16,1626159,Justise Winslow,Justise,1610612748,MIA,Miami Heat,21500568,2016-01-11T00:00:00,MIA @ GSW,L,25.6,0.0,0.0,0.0,2.0,8.0,9.0,15.0,30.0,1.0,0.0,3.0,0.0,18.1,1,13074,13074,13074,11252,12059,10158,9917,12984,13914,19144,24242,4541,2692,1,17641,18762,13090,1.0,25:33,2015,2016
2015-16,203503,Tony Snell,Tony,1610612741,CHI,Chicago Bulls,21500567,2016-01-11T00:00:00,CHI vs. WAS,L,20.5,0.0,0.0,0.0,2.0,5.0,11.0,2.0,14.0,0.0,0.0,2.0,2.0,4.2,1,13074,13074,13074,15465,12059,10158,9917,12984,8403,21814,4025,17019,8004,1,11390,7786,22976,1.0,20:31,2015,2016
2015-16,201578,Marreese Speights,Marreese,1610612744,GSW,Golden State Warriors,21500568,2016-01-11T00:00:00,GSW vs. MIA,W,5.7,0.0,2.0,0.0,2.0,2.0,0.0,0.0,4.0,0.0,0.0,1.0,0.0,7.2,1,1,1,1,24095,12059,4731,9917,12984,2619,1,1,23698,8004,1,4972,18762,21035,1.0,5:42,2015,2016
2015-16,201988,Patty Mills,Patty,1610612759,SAS,San Antonio Spurs,21500566,2016-01-11T00:00:00,SAS @ BKN,W,16.0,0.0,0.0,0.0,2.0,0.0,4.0,0.0,22.0,0.0,0.0,0.0,0.0,4.0,1,1,1,1,19048,12059,10158,9917,12984,1,8458,1,10265,8004,1,1,18762,23142,1.0,15:59,2015,2016
2015-16,1938,Manu Ginobili,Manu,1610612759,SAS,San Antonio Spurs,21500566,2016-01-11T00:00:00,SAS @ BKN,W,18.2,5.0,2.0,0.0,0.0,4.0,2.0,7.0,22.0,0.0,0.0,1.0,1.0,21.7,1,1,1,1,17359,1603,4731,9917,18861,6141,3734,15538,10265,8004,1,4972,12373,10592,1.0,18:11,2015,2016
2015-16,201959,Taj Gibson,Taj,1610612741,CHI,Chicago Bulls,21500567,2016-01-11T00:00:00,CHI vs. WAS,L,18.6,2.0,2.0,0.0,4.0,7.0,11.0,8.0,14.0,0.0,0.0,3.0,2.0,6.8,1,13074,13074,13074,17036,6026,4731,9917,8599,12242,21814,17194,17019,8004,1,17641,7786,21328,1.0,18:35,2015,2016
2015-16,203546,Ian Clark,Ian,1610612744,GSW,Golden State Warriors,21500568,2016-01-11T00:00:00,GSW vs. MIA,W,9.6,0.0,0.0,0.0,2.0,2.0,0.0,0.0,6.0,0.0,0.0,2.0,0.0,5.0,1,1,1,1,22607,12059,10158,9917,12984,2619,1,1,22724,8004,1,11390,18762,22500,1.0,9:33,2015,2016
2015-16,203508,Sergey Karasev,Sergey,1610612751,BKN,Brooklyn Nets,21500566,2016-01-11T00:00:00,BKN vs. SAS,L,4.7,0.0,0.0,0.0,0.0,6.0,0.0,0.0,4.0,0.0,0.0,0.0,0.0,3.2,1,13074,13074,13074,24471,12059,10158,9917,18861,10028,1,1,23698,8004,1,1,18762,23473,1.0,4:41,2015,2016
2015-16,1626196,Josh Richardson,Josh,1610612748,MIA,Miami Heat,21500568,2016-01-11T00:00:00,MIA @ GSW,L,3.8,0.0,0.0,0.0,0.0,2.0,0.0,0.0,2.0,0.0,0.0,0.0,1.0,0.0,1,13074,13074,13074,24775,12059,10158,9917,18861,2619,1,1,24614,8004,1,1,12373,25170,1.0,3:50,2015,2016
2015-16,203105,Festus Ezeli,Festus,1610612744,GSW,Golden State Warriors,21500568,2016-01-11T00:00:00,GSW vs. MIA,W,5.5,0.0,0.0,0.0,0.0,0.0,0.0,0.0,4.0,0.0,0.0,0.0,1.0,3.4,1,1,1,1,24180,12059,10158,9917,18861,1,1,1,23698,8004,1,1,12373,23417,1.0,5:28,2015,2016
2015-16,2588,Matt Bonner,Matt,1610612759,SAS,San Antonio Spurs,21500566,2016-01-11T00:00:00,SAS @ BKN,W,7.4,0.0,0.0,0.0,0.0,2.0,4.0,0.0,10.0,0.0,0.0,0.0,0.0,0.0,1,1,1,1,23438,12059,10158,9917,18861,2619,8458,1,20209,8004,1,1,18762,25170,1.0,7:21,2015,2016
2015-16,202711,Bojan Bogdanović,Bojan,1610612751,BKN,Brooklyn Nets,21500566,2016-01-11T00:00:00,BKN vs. SAS,L,21.3,0.0,0.0,0.0,0.0,17.0,4.0,4.0,26.0,0.0,1.0,3.0,0.0,3.2,1,13074,13074,13074,14833,12059,10158,9917,18861,24337,8458,8806,7214,8004,17214,17641,18762,23473,1.0,21:15,2015,2016
2015-16,203937,Kyle Anderson,Kyle,1610612759,SAS,San Antonio Spurs,21500566,2016-01-11T00:00:00,SAS @ BKN,W,17.2,2.0,0.0,2.0,2.0,2.0,8.0,0.0,22.0,0.0,0.0,1.0,2.0,13.3,1,1,1,1,18095,6026,10158,4675,12984,2619,17345,1,10265,8004,1,4972,7786,16712,1.0,17:14,2015,2016
2015-16,2617,Udonis Haslem,Udonis,1610612748,MIA,Miami Heat,21500568,2016-01-11T00:00:00,MIA @ GSW,L,7.0,0.0,0.0,0.0,0.0,4.0,5.0,2.0,8.0,0.0,0.0,1.0,0.0,5.1,1,13074,13074,13074,23576,12059,10158,9917,18861,6141,11469,4025,21543,8004,1,4972,18762,22478,1.0,6:58,2015,2016
2015-16,203613,Jonathon Simmons,Jonathon,1610612759,SAS,San Antonio Spurs,21500566,2016-01-11T00:00:00,SAS @ BKN,W,11.3,0.0,0.0,0.0,2.0,2.0,4.0,2.0,12.0,0.0,0.0,2.0,0.0,4.4,1,1,1,1,21915,12059,10158,9917,12984,2619,8458,4025,18637,8004,1,11390,18762,22837,1.0,11:16,2015,2016
2015-16,200745,Andrea Bargnani,Andrea,1610612751,BKN,Brooklyn Nets,21500566,2016-01-11T00:00:00,BKN vs. SAS,L,15.3,0.0,0.0,0.0,2.0,11.0,4.0,4.0,22.0,0.0,0.0,3.0,2.0,9.4,1,13074,13074,13074,19576,12059,10158,9917,12984,18886,8458,8806,10265,8004,1,17641,7786,19568,1.0,15:16,2015,2016
2015-16,204067,Jarell Eddie,Jarell,1610612764,WAS,Washington Wizards,21500567,2016-01-11T00:00:00,WAS @ CHI,W,1.5,0.0,0.0,0.0,0.0,0.0,0.0,0.0,0.0,0.0,0.0,0.0,0.0,0.0,1,1,1,1,25686,12059,10158,9917,18861,1,1,1,25429,8004,1,1,18762,25170,1.0,1:32,2015,2016
2015-16,1626202,Joe Young,Joe,1610612754,IND,Indiana Pacers,21500561,2016-01-10T00:00:00,IND @ HOU,L,6.8,3.0,0.0,3.0,2.0,2.0,0.0,6.0,12.0,0.0,0.0,0.0,1.0,5.0,1,13074,13074,13074,23631,4307,10158,3302,12984,2619,1,13388,18637,8004,1,1,12373,22500,1.0,6:48,2015,2016
2015-16,203099,Jared Cunningham,Jared,1610612739,CLE,Cleveland Cavaliers,21500559,2016-01-10T00:00:00,CLE @ PHI,W,0.7,0.0,0.0,0.0,0.0,0.0,0.0,0.0,2.0,0.0,0.0,0.0,0.0,0.0,1,1,1,1,25926,12059,10158,9917,18861,1,1,1,24614,8004,1,1,18762,25170,1.0,0:45,2015,2016
2015-16,202730,Lavoy Allen,Lavoy,1610612754,IND,Indiana Pacers,21500561,2016-01-10T00:00:00,IND @ HOU,L,18.0,2.0,0.0,0.0,4.0,6.0,5.0,10.0,14.0,0.0,0.0,2.0,1.0,8.9,1,13074,13074,13074,17489,6026,10158,9917,8599,10028,11469,20169,17019,8004,1,11390,12373,19914,1.0,18:02,2015,2016
2015-16,1891,Jason Terry,Jason,1610612745,HOU,Houston Rockets,21500561,2016-01-10T00:00:00,HOU vs. IND,W,19.7,0.0,0.0,0.0,2.0,21.0,3.0,5.0,18.0,0.0,0.0,0.0,0.0,9.5,1,1,1,1,16122,12059,10158,9917,12984,25535,7138,11593,13577,8004,1,1,18762,19519,1.0,19:44,2015,2016
2015-16,1626170,Jerian Grant,Jerian,1610612752,NYK,New York Knicks,21500562,2016-01-10T00:00:00,NYK vs. MIL,W,16.2,0.0,0.0,2.0,0.0,5.0,6.0,1.0,12.0,0.0,1.0,0.0,1.0,4.6,1,1,1,1,18867,12059,10158,4675,18861,8403,13237,3646,18637,8004,17214,1,12373,22734,1.0,16:14,2015,2016
2015-16,203948,Johnny O'Bryant III,Johnny,1610612749,MIL,Milwaukee Bucks,21500562,2016-01-10T00:00:00,MIL @ NYK,L,15.3,0.0,0.0,0.0,0.0,3.0,2.0,6.0,18.0,0.0,0.0,0.0,0.0,4.6,1,13074,13074,13074,19589,12059,10158,9917,18861,5109,3734,13388,13577,8004,1,1,18762,22734,1.0,15:16,2015,2016
2015-16,203086,Meyers Leonard,Meyers,1610612757,POR,Portland Trail Blazers,21500564,2016-01-10T00:00:00,POR vs. OKC,W,13.2,0.0,0.0,0.0,0.0,8.0,2.0,6.0,12.0,0.0,0.0,3.0,1.0,6.8,1,1,1,1,20889,12059,10158,9917,18861,13914,3734,13388,18637,8004,1,17641,12373,21328,1.0,13:10,2015,2016
2015-16,2755,Kevin Martin,Kevin,1610612750,MIN,Minnesota Timberwolves,21500557,2016-01-10T00:00:00,MIN vs. DAL,L,12.0,0.0,3.0,0.0,2.0,10.0,2.0,4.0,12.0,0.0,0.0,0.0,1.0,7.2,1,13074,13074,13074,21529,12059,3104,9917,12984,17370,3734,8806,18637,8004,1,1,12373,21035,1.0,12:00,2015,2016
2015-16,1718,Paul Pierce,Paul,1610612746,LAC,LA Clippers,21500558,2016-01-10T00:00:00,LAC vs. NOP,W,12.7,0.0,0.0,0.0,0.0,2.0,6.0,0.0,6.0,0.0,1.0,0.0,0.0,9.5,1,1,1,1,21121,12059,10158,9917,18861,2619,13237,1,22724,8004,17214,1,18762,19519,1.0,12:43,2015,2016
2015-16,203089,John Henson,John,1610612749,MIL,Milwaukee Bucks,21500562,2016-01-10T00:00:00,MIL @ NYK,L,8.8,0.0,0.0,0.0,0.0,7.0,9.0,9.0,20.0,1.0,2.0,1.0,1.0,4.2,1,13074,13074,13074,22924,12059,10158,9917,18861,12242,19144,18829,11929,2692,23588,4972,12373,22976,1.0,8:47,2015,2016
2015-16,202087,Alonzo Gee,Alonzo,1610612740,NOP,New Orleans Pelicans,21500558,2016-01-10T00:00:00,NOP @ LAC,L,6.4,0.0,0.0,0.0,0.0,6.0,0.0,4.0,14.0,0.0,0.0,0.0,0.0,0.0,1,13074,13074,13074,23774,12059,10158,9917,18861,10028,1,8806,17019,8004,1,1,18762,25170,1.0,6:26,2015,2016
2015-16,201945,Gerald Henderson,Gerald,1610612757,POR,Portland Trail Blazers,21500564,2016-01-10T00:00:00,POR vs. OKC,W,8.7,2.0,0.0,0.0,0.0,3.0,0.0,3.0,4.0,0.0,0.0,0.0,1.0,4.5,1,1,1,1,22966,6026,10158,9917,18861,5109,1,7328,23698,8004,1,1,12373,22773,1.0,8:42,2015,2016
2015-16,201580,JaVale McGee,JaVale,1610612742,DAL,Dallas Mavericks,21500557,2016-01-10T00:00:00,DAL @ MIN,W,15.9,4.0,2.0,0.0,8.0,3.0,3.0,0.0,12.0,0.0,0.0,2.0,2.0,9.2,1,1,1,1,19087,2460,4731,9917,3109,5109,7138,1,18637,8004,1,11390,7786,19680,1.0,15:56,2015,2016
2015-16,201593,Nikola Pekovic,Nikola,1610612750,MIN,Minnesota Timberwolves,21500557,2016-01-10T00:00:00,MIN vs. DAL,L,15.3,0.0,0.0,0.0,4.0,6.0,2.0,0.0,8.0,0.0,0.0,4.0,3.0,4.2,1,13074,13074,13074,19557,12059,10158,9917,8599,10028,3734,1,21543,8004,1,22104,4736,22976,1.0,15:19,2015,2016
2015-16,204038,Langston Galloway,Langston,1610612752,NYK,New York Knicks,21500562,2016-01-10T00:00:00,NYK vs. MIL,W,21.2,0.0,0.0,0.0,2.0,5.0,8.0,1.0,16.0,0.0,0.0,1.0,0.0,6.7,1,1,1,1,14931,12059,10158,9917,12984,8403,17345,3646,15259,8004,1,4972,18762,21376,1.0,21:09,2015,2016
2015-16,202713,Kyle Singler,Kyle,1610612760,OKC,Oklahoma City Thunder,21500564,2016-01-10T00:00:00,OKC @ POR,L,2.3,0.0,0.0,0.0,0.0,2.0,0.0,2.0,4.0,0.0,0.0,2.0,0.0,0.0,1,13074,13074,13074,25421,12059,10158,9917,18861,2619,1,4025,23698,8004,1,11390,18762,25170,1.0,2:17,2015,2016
2015-16,2210,Richard Jefferson,Richard,1610612739,CLE,Cleveland Cavaliers,21500559,2016-01-10T00:00:00,CLE @ PHI,W,12.6,0.0,0.0,0.0,2.0,2.0,5.0,7.0,12.0,0.0,0.0,1.0,1.0,4.2,1,1,1,1,21196,12059,10158,9917,12984,2619,11469,15538,18637,8004,1,4972,12373,22976,1.0,12:37,2015,2016
2015-16,202708,Norris Cole,Norris,1610612740,NOP,New Orleans Pelicans,21500558,2016-01-10T00:00:00,NOP @ LAC,L,14.8,0.0,0.0,0.0,2.0,2.0,0.0,9.0,12.0,0.0,0.0,2.0,0.0,8.9,1,13074,13074,13074,19902,12059,10158,9917,12984,2619,1,18829,18637,8004,1,11390,18762,19914,1.0,14:47,2015,2016
2015-16,201156,Nick Young,Nick,1610612747,LAL,Los Angeles Lakers,21500565,2016-01-10T00:00:00,LAL vs. UTA,L,19.6,0.0,0.0,0.0,0.0,5.0,4.0,5.0,16.0,0.0,0.0,1.0,0.0,7.2,1,13074,13074,13074,16236,12059,10158,9917,18861,8403,8458,11593,15259,8004,1,4972,18762,21035,1.0,19:35,2015,2016
2015-16,2419,Tayshaun Prince,Tayshaun,1610612750,MIN,Minnesota Timberwolves,21500557,2016-01-10T00:00:00,MIN vs. DAL,L,20.4,2.0,2.0,0.0,0.0,4.0,8.0,0.0,16.0,0.0,0.0,0.0,0.0,9.7,1,13074,13074,13074,15578,6026,4731,9917,18861,6141,17345,1,15259,8004,1,1,18762,19379,1.0,20:23,2015,2016
2015-16,204060,Joe Ingles,Joe,1610612762,UTA,Utah Jazz,21500565,2016-01-10T00:00:00,UTA @ LAL,W,9.8,0.0,0.0,0.0,0.0,2.0,0.0,2.0,6.0,0.0,0.0,0.0,0.0,0.5,1,1,1,1,22518,12059,10158,9917,18861,2619,1,4025,22724,8004,1,1,18762,25056,1.0,9:50,2015,2016
2015-16,203960,JaKarr Sampson,JaKarr,1610612755,PHI,Philadelphia 76ers,21500559,2016-01-10T00:00:00,PHI vs. CLE,L,5.5,0.0,0.0,0.0,0.0,3.0,5.0,5.0,6.0,0.0,0.0,1.0,0.0,3.2,1,13074,13074,13074,24151,12059,10158,9917,18861,5109,11469,11593,22724,8004,1,4972,18762,23473,1.0,5:32,2015,2016
2015-16,708,Kevin Garnett,Kevin,1610612750,MIN,Minnesota Timberwolves,21500557,2016-01-10T00:00:00,MIN vs. DAL,L,7.4,0.0,0.0,0.0,0.0,0.0,2.0,0.0,4.0,0.0,0.0,3.0,0.0,5.0,1,13074,13074,13074,23411,12059,10158,9917,18861,1,3734,1,23698,8004,1,17641,18762,22500,1.0,7:26,2015,2016
2015-16,1889,Andre Miller,Andre,1610612750,MIN,Minnesota Timberwolves,21500557,2016-01-10T00:00:00,MIN vs. DAL,L,6.1,0.0,0.0,0.0,2.0,4.0,0.0,0.0,4.0,0.0,0.0,1.0,1.0,5.0,1,13074,13074,13074,23906,12059,10158,9917,12984,6141,1,1,23698,8004,1,4972,12373,22500,1.0,6:08,2015,2016
2015-16,203079,Dion Waiters,Dion,1610612760,OKC,Oklahoma City Thunder,21500564,2016-01-10T00:00:00,OKC @ POR,L,21.6,0.0,0.0,0.0,2.0,14.0,15.0,5.0,14.0,0.0,0.0,0.0,5.0,4.5,1,13074,13074,13074,14504,12059,10158,9917,12984,22292,24781,11593,17019,8004,1,1,1539,22773,1.0,21:37,2015,2016
2015-16,203143,Pablo Prigioni,Pablo,1610612746,LAC,LA Clippers,21500558,2016-01-10T00:00:00,LAC vs. NOP,W,13.0,0.0,0.0,0.0,0.0,6.0,2.0,7.0,16.0,0.0,0.0,1.0,0.0,9.2,1,1,1,1,20987,12059,10158,9917,18861,10028,3734,15538,15259,8004,1,4972,18762,19680,1.0,12:60,2015,2016
2015-16,202337,Luke Babbitt,Luke,1610612740,NOP,New Orleans Pelicans,21500558,2016-01-10T00:00:00,NOP @ LAC,L,4.1,0.0,0.0,0.0,0.0,0.0,0.0,0.0,6.0,0.0,0.0,1.0,0.0,0.0,1,13074,13074,13074,24664,12059,10158,9917,18861,1,1,1,22724,8004,1,4972,18762,25170,1.0,4:09,2015,2016
2015-16,203135,Robert Sacre,Robert,1610612747,LAL,Los Angeles Lakers,21500565,2016-01-10T00:00:00,LAL vs. UTA,L,7.1,0.0,0.0,0.0,0.0,5.0,0.0,5.0,6.0,0.0,0.0,0.0,0.0,4.0,1,13074,13074,13074,23517,12059,10158,9917,18861,8403,1,11593,22724,8004,1,1,18762,23142,1.0,7:07,2015,2016
2015-16,202323,Evan Turner,Evan,1610612738,BOS,Boston Celtics,21500560,2016-01-10T00:00:00,BOS @ MEM,L,21.0,0.0,0.0,0.0,0.0,6.0,2.0,4.0,16.0,0.0,0.0,2.0,0.0,3.9,1,13074,13074,13074,15068,12059,10158,9917,18861,10028,3734,8806,15259,8004,1,11390,18762,23225,1.0,20:59,2015,2016
2015-16,202391,Jeremy Lin,Jeremy,1610612766,CHA,Charlotte Hornets,21500563,2016-01-10T00:00:00,CHA @ DEN,L,23.6,0.0,0.0,1.0,0.0,10.0,7.0,6.0,10.0,1.0,0.0,2.0,5.0,7.2,1,13074,13074,13074,12908,12059,10158,9347,18861,17370,15642,13388,20209,2692,1,11390,1539,21035,1.0,23:35,2015,2016
2015-16,203101,Miles Plumlee,Miles,1610612749,MIL,Milwaukee Bucks,21500562,2016-01-10T00:00:00,MIL @ NYK,L,5.9,0.0,0.0,0.0,0.0,0.0,0.0,0.0,0.0,0.0,1.0,0.0,1.0,8.6,1,13074,13074,13074,24010,12059,10158,9917,18861,1,1,1,25429,8004,17214,1,12373,20125,1.0,5:53,2015,2016
2015-16,1717,Dirk Nowitzki,Dirk,1610612742,DAL,Dallas Mavericks,21500557,2016-01-10T00:00:00,DAL @ MIN,W,31.7,2.0,2.0,0.0,4.0,8.0,4.0,0.0,22.0,0.0,1.0,1.0,7.0,41.9,1,1,1,1,6140,6026,4731,9917,8599,13914,8458,1,10265,8004,17214,4972,469,1958,1.0,31:42,2015,2016
2015-16,201967,Dante Cunningham,Dante,1610612740,NOP,New Orleans Pelicans,21500558,2016-01-10T00:00:00,NOP @ LAC,L,35.5,2.0,0.0,0.0,0.0,12.0,8.0,3.0,20.0,0.0,1.0,3.0,0.0,19.9,1,13074,13074,13074,3145,6026,10158,9917,18861,20178,17345,7328,11929,8004,17214,17641,18762,11824,1.0,35:29,2015,2016
2015-16,2585,Zaza Pachulia,Zaza,1610612742,DAL,Dallas Mavericks,21500557,2016-01-10T00:00:00,DAL @ MIN,W,32.1,0.0,6.0,0.0,8.0,10.0,8.0,7.0,24.0,1.0,0.0,3.0,5.0,31.2,1,1,1,1,5830,12059,481,9917,3109,17370,17345,15538,8723,2692,1,17641,1539,5304,1.0,32:04,2015,2016
2015-16,203481,Jeff Withey,Jeff,1610612762,UTA,Utah Jazz,21500565,2016-01-10T00:00:00,UTA @ LAL,W,17.7,0.0,0.0,0.0,0.0,0.0,6.0,1.0,10.0,1.0,0.0,5.0,4.0,19.9,1,1,1,1,17752,12059,10158,9917,18861,1,13237,3646,20209,2692,1,24686,2748,11824,1.0,17:42,2015,2016
2015-16,203468,CJ McCollum,CJ,1610612757,POR,Portland Trail Blazers,21500564,2016-01-10T00:00:00,POR vs. OKC,W,36.4,5.0,7.0,0.0,6.0,10.0,8.0,7.0,24.0,0.0,2.0,1.0,1.0,40.4,1,1,1,1,2452,1603,292,9917,5299,17370,17345,15538,8723,8004,23588,4972,12373,2274,1.0,36:25,2015,2016
2015-16,203459,Allen Crabbe,Allen,1610612757,POR,Portland Trail Blazers,21500564,2016-01-10T00:00:00,POR vs. OKC,W,21.7,0.0,3.0,3.0,0.0,15.0,6.0,6.0,16.0,0.0,0.0,5.0,1.0,15.1,1,1,1,1,14399,12059,3104,3302,18861,23079,13237,13388,15259,8004,1,24686,12373,15328,1.0,21:45,2015,2016
2015-16,2747,JR Smith,JR,1610612739,CLE,Cleveland Cavaliers,21500559,2016-01-10T00:00:00,CLE @ PHI,W,33.9,3.0,0.0,3.0,2.0,9.0,4.0,4.0,34.0,0.0,0.0,0.0,0.0,20.6,1,1,1,1,4438,4307,10158,3302,12984,15771,8458,8806,2701,8004,1,1,18762,11314,1.0,33:53,2015,2016
2015-16,201596,Mario Chalmers,Mario,1610612763,MEM,Memphis Grizzlies,21500560,2016-01-10T00:00:00,MEM vs. BOS,W,32.6,2.0,0.0,7.0,4.0,17.0,14.0,17.0,36.0,0.0,1.0,4.0,9.0,31.0,1,1,1,1,5433,6026,10158,454,8599,24337,24300,24967,1943,8004,17214,22104,138,5406,1.0,32:35,2015,2016
2015-16,202682,Derrick Williams,Derrick,1610612752,NYK,New York Knicks,21500562,2016-01-10T00:00:00,NYK vs. MIL,W,24.0,0.0,2.0,0.0,6.0,5.0,8.0,1.0,14.0,0.0,0.0,0.0,1.0,15.7,1,1,1,1,12549,12059,4731,9917,5299,8403,17345,3646,17019,8004,1,1,12373,14841,1.0,24:00,2015,2016
2015-16,101139,CJ Miles,CJ,1610612754,IND,Indiana Pacers,21500561,2016-01-10T00:00:00,IND @ HOU,L,27.0,3.0,0.0,0.0,0.0,4.0,4.0,11.0,28.0,1.0,1.0,4.0,2.0,19.8,1,13074,13074,13074,10038,4307,10158,9917,18861,6141,8458,21342,5824,2692,17214,22104,7786,11883,1.0,26:59,2015,2016
2015-16,1626143,Jahlil Okafor,Jahlil,1610612755,PHI,Philadelphia 76ers,21500559,2016-01-10T00:00:00,PHI vs. CLE,L,32.5,5.0,2.0,2.0,14.0,18.0,7.0,7.0,20.0,0.0,1.0,2.0,4.0,27.4,1,13074,13074,13074,5519,1603,4731,4675,542,24749,15642,15538,11929,8004,17214,11390,2748,7179,1.0,32:29,2015,2016
2015-16,202340,Avery Bradley,Avery,1610612738,BOS,Boston Celtics,21500560,2016-01-10T00:00:00,BOS @ MEM,L,38.0,9.0,0.0,7.0,6.0,20.0,19.0,20.0,42.0,0.0,1.0,4.0,4.0,20.4,1,13074,13074,13074,1529,171,10158,454,5299,25338,25786,25599,670,8004,17214,22104,2748,11453,1.0,37:57,2015,2016
2015-16,203486,Mason Plumlee,Mason,1610612757,POR,Portland Trail Blazers,21500564,2016-01-10T00:00:00,POR vs. OKC,W,31.4,0.0,0.0,3.0,10.0,10.0,5.0,10.0,22.0,1.0,2.0,5.0,2.0,31.2,1,1,1,1,6375,12059,10158,3302,1840,17370,11469,20169,10265,2692,23588,24686,7786,5304,1.0,31:25,2015,2016
2015-16,200755,JJ Redick,JJ,1610612746,LAC,LA Clippers,21500558,2016-01-10T00:00:00,LAC vs. NOP,W,35.6,2.0,0.0,5.0,2.0,6.0,13.0,3.0,16.0,0.0,1.0,1.0,4.0,20.0,1,1,1,1,3095,6026,10158,1277,12984,10028,23668,7328,15259,8004,17214,4972,2748,11752,1.0,35:33,2015,2016
2015-16,203918,Rodney Hood,Rodney,1610612762,UTA,Utah Jazz,21500565,2016-01-10T00:00:00,UTA @ LAL,W,31.9,5.0,2.0,3.0,8.0,9.0,11.0,5.0,26.0,0.0,1.0,2.0,1.0,31.2,1,1,1,1,5994,1603,4731,3302,3109,15771,21814,11593,7214,8004,17214,11390,12373,5304,1.0,31:53,2015,2016
2015-16,203798,PJ Hairston,PJ,1610612766,CHA,Charlotte Hornets,21500563,2016-01-10T00:00:00,CHA @ DEN,L,18.3,0.0,0.0,0.0,4.0,2.0,0.0,6.0,16.0,0.0,0.0,4.0,0.0,12.1,1,13074,13074,13074,17292,12059,10158,9917,8599,2619,1,13388,15259,8004,1,22104,18762,17639,1.0,18:16,2015,2016
2015-16,201601,Luc Mbah a Moute,Luc,1610612746,LAC,LA Clippers,21500558,2016-01-10T00:00:00,LAC vs. NOP,W,22.2,0.0,2.0,2.0,10.0,2.0,11.0,3.0,12.0,0.0,0.0,1.0,4.0,20.0,1,1,1,1,14007,12059,4731,4675,1840,2619,21814,7328,18637,8004,1,4972,2748,11752,1.0,22:12,2015,2016
2015-16,201586,Serge Ibaka,Serge,1610612760,OKC,Oklahoma City Thunder,21500564,2016-01-10T00:00:00,OKC @ POR,L,35.8,3.0,0.0,0.0,0.0,20.0,14.0,17.0,28.0,2.0,2.0,2.0,1.0,20.6,1,13074,13074,13074,2879,4307,10158,9917,18861,25338,24300,24967,5824,932,23588,11390,12373,11314,1.0,35:49,2015,2016
2015-16,201941,Jordan Hill,Jordan,1610612754,IND,Indiana Pacers,21500561,2016-01-10T00:00:00,IND @ HOU,L,11.7,0.0,2.0,0.0,4.0,2.0,0.0,3.0,6.0,0.0,1.0,1.0,1.0,11.8,1,13074,13074,13074,21749,12059,4731,9917,8599,2619,1,7328,22724,8004,17214,4972,12373,17832,1.0,11:39,2015,2016
2015-16,201142,Kevin Durant,Kevin,1610612760,OKC,Oklahoma City Thunder,21500564,2016-01-10T00:00:00,OKC @ POR,L,39.6,3.0,0.0,2.0,8.0,16.0,16.0,15.0,28.0,0.0,1.0,2.0,4.0,41.2,1,13074,13074,13074,843,4307,10158,4675,3109,23774,25155,24242,5824,8004,17214,11390,2748,2099,1.0,39:37,2015,2016
2015-16,203210,JaMychal Green,JaMychal,1610612763,MEM,Memphis Grizzlies,21500560,2016-01-10T00:00:00,MEM vs. BOS,W,15.4,0.0,2.0,0.0,4.0,8.0,4.0,4.0,12.0,1.0,0.0,1.0,1.0,11.8,1,1,1,1,19485,12059,4731,9917,8599,13914,8458,8806,18637,2692,1,4972,12373,17832,1.0,15:23,2015,2016
2015-16,101161,Amir Johnson,Amir,1610612738,BOS,Boston Celtics,21500560,2016-01-10T00:00:00,BOS @ MEM,L,31.6,2.0,4.0,0.0,8.0,12.0,17.0,12.0,32.0,1.0,1.0,4.0,4.0,30.8,1,13074,13074,13074,6252,6026,1596,9917,3109,20178,25429,22259,3535,2692,17214,22104,2748,5493,1.0,31:35,2015,2016
2015-16,203521,Matthew Dellavedova,Matthew,1610612739,CLE,Cleveland Cavaliers,21500559,2016-01-10T00:00:00,CLE @ PHI,W,24.8,0.0,0.0,0.0,4.0,7.0,8.0,9.0,24.0,0.0,0.0,2.0,0.0,15.8,1,1,1,1,11811,12059,10158,9917,8599,12242,17345,18829,8723,8004,1,11390,18762,14754,1.0,24:49,2015,2016
2015-16,2772,Trevor Ariza,Trevor,1610612745,HOU,Houston Rockets,21500561,2016-01-10T00:00:00,HOU vs. IND,W,41.6,5.0,2.0,9.0,6.0,30.0,5.0,2.0,46.0,0.0,1.0,3.0,3.0,27.0,1,1,1,1,363,1603,4731,184,5299,26063,11469,4025,298,8004,17214,17641,4736,7385,1.0,41:38,2015,2016
2015-16,202330,Gordon Hayward,Gordon,1610612762,UTA,Utah Jazz,21500565,2016-01-10T00:00:00,UTA @ LAL,W,33.0,0.0,1.0,2.0,12.0,7.0,20.0,3.0,30.0,3.0,2.0,1.0,4.0,36.4,1,1,1,1,5137,12059,9709,4675,988,12242,25875,7328,4541,347,23588,4972,2748,3353,1.0,32:59,2015,2016
2015-16,202681,Kyrie Irving,Kyrie,1610612739,CLE,Cleveland Cavaliers,21500559,2016-01-10T00:00:00,CLE @ PHI,W,30.8,3.0,0.0,0.0,2.0,4.0,7.0,7.0,26.0,1.0,0.0,2.0,0.0,24.0,1,1,1,1,6895,4307,10158,9917,12984,6141,15642,15538,7214,2692,1,11390,18762,9121,1.0,30:49,2015,2016
2015-16,201936,Tyreke Evans,Tyreke,1610612740,NOP,New Orleans Pelicans,21500558,2016-01-10T00:00:00,NOP @ LAC,L,40.5,4.0,2.0,2.0,6.0,12.0,11.0,8.0,24.0,1.0,0.0,5.0,5.0,45.9,1,13074,13074,13074,598,2460,4731,4675,5299,20178,21814,17194,8723,2692,1,24686,1539,1224,1.0,40:31,2015,2016
2015-16,2546,Carmelo Anthony,Carmelo,1610612752,NYK,New York Knicks,21500562,2016-01-10T00:00:00,NYK vs. MIL,W,36.7,6.0,2.0,4.0,8.0,9.0,10.0,8.0,24.0,1.0,1.0,2.0,4.0,50.0,1,1,1,1,2267,878,4731,1913,3109,15771,20509,17194,8723,2692,17214,11390,2748,756,1.0,36:44,2015,2016
2015-16,203952,Andrew Wiggins,Andrew,1610612750,MIN,Minnesota Timberwolves,21500557,2016-01-10T00:00:00,MIN vs. DAL,L,36.0,3.0,4.0,2.0,8.0,7.0,8.0,0.0,26.0,0.0,1.0,1.0,5.0,36.9,1,13074,13074,13074,2759,4307,1596,4675,3109,12242,17345,1,7214,8004,17214,4972,1539,3210,1.0,36:00,2015,2016
2015-16,202738,Isaiah Thomas,Isaiah,1610612738,BOS,Boston Celtics,21500560,2016-01-10T00:00:00,BOS @ MEM,L,32.0,5.0,3.0,5.0,12.0,14.0,17.0,16.0,32.0,0.0,1.0,2.0,7.0,51.6,1,13074,13074,13074,5893,1603,3104,1277,988,22292,25429,24641,3535,8004,17214,11390,469,604,1.0,31:60,2015,2016
2015-16,202331,Paul George,Paul,1610612754,IND,Indiana Pacers,21500561,2016-01-10T00:00:00,IND @ HOU,L,40.5,9.0,5.0,2.0,8.0,15.0,10.0,14.0,30.0,2.0,1.0,1.0,6.0,56.2,1,13074,13074,13074,611,171,995,4675,3109,23079,20509,23710,4541,932,17214,4972,873,342,1.0,40:27,2015,2016
2015-16,201566,Russell Westbrook,Russell,1610612760,OKC,Oklahoma City Thunder,21500564,2016-01-10T00:00:00,OKC @ POR,L,38.2,11.0,0.0,9.0,6.0,15.0,16.0,17.0,30.0,0.0,1.0,6.0,8.0,63.3,1,13074,13074,13074,1419,55,10158,184,5299,23079,25155,24967,4541,8004,17214,25827,254,118,1.0,38:13,2015,2016
2015-16,2544,LeBron James,LeBron,1610612739,CLE,Cleveland Cavaliers,21500559,2016-01-10T00:00:00,CLE @ PHI,W,37.0,12.0,3.0,11.0,12.0,11.0,7.0,6.0,36.0,0.0,0.0,1.0,3.0,62.9,1,1,1,1,2075,27,3104,69,988,18886,15642,13388,1943,8004,1,4972,4736,123,1.0,37:00,2015,2016
2015-16,201155,Rodney Stuckey,Rodney,1610612754,IND,Indiana Pacers,21500561,2016-01-10T00:00:00,IND @ HOU,L,29.6,7.0,0.0,4.0,12.0,9.0,7.0,9.0,26.0,0.0,0.0,2.0,1.0,24.8,1,13074,13074,13074,7856,548,10158,1913,988,15771,15642,18829,7214,8004,1,11390,12373,8614,1.0,29:38,2015,2016
2015-16,201950,Jrue Holiday,Jrue,1610612740,NOP,New Orleans Pelicans,21500558,2016-01-10T00:00:00,NOP @ LAC,L,36.2,6.0,2.0,8.0,18.0,10.0,9.0,12.0,20.0,0.0,0.0,3.0,7.0,54.2,1,13074,13074,13074,2595,878,4731,280,131,17370,19144,22259,11929,8004,1,17641,469,432,1.0,36:14,2015,2016
2015-16,201588,George Hill,George,1610612754,IND,Indiana Pacers,21500561,2016-01-10T00:00:00,IND @ HOU,L,38.8,8.0,0.0,0.0,4.0,13.0,10.0,12.0,26.0,0.0,0.0,3.0,5.0,24.5,1,13074,13074,13074,1161,308,10158,9917,8599,21300,20509,22259,7214,8004,1,17641,1539,8801,1.0,38:45,2015,2016
2015-16,2216,Zach Randolph,Zach,1610612763,MEM,Memphis Grizzlies,21500560,2016-01-10T00:00:00,MEM vs. BOS,W,38.1,6.0,10.0,0.0,10.0,18.0,14.0,9.0,38.0,2.0,0.0,2.0,4.0,50.6,1,1,1,1,1484,878,34,9917,1840,24749,24300,18829,1422,932,1,11390,2748,691,1.0,38:03,2015,2016
2015-16,2730,Dwight Howard,Dwight,1610612745,HOU,Houston Rockets,21500561,2016-01-10T00:00:00,HOU vs. IND,W,42.7,4.0,3.0,0.0,18.0,21.0,4.0,6.0,44.0,0.0,1.0,3.0,7.0,48.9,1,1,1,1,225,2460,3104,9917,131,25535,8458,13388,454,8004,17214,17641,469,874,1.0,42:44,2015,2016
2015-16,201935,James Harden,James,1610612745,HOU,Houston Rockets,21500561,2016-01-10T00:00:00,HOU vs. IND,W,42.6,4.0,2.0,0.0,6.0,30.0,5.0,4.0,46.0,0.0,1.0,5.0,4.0,43.3,1,1,1,1,243,2460,4731,9917,5299,26063,11469,8806,298,8004,17214,24686,2748,1678,1.0,42:34,2015,2016
2015-16,101108,Chris Paul,Chris,1610612746,LAC,LA Clippers,21500558,2016-01-10T00:00:00,LAC vs. NOP,W,40.0,0.0,0.0,0.0,0.0,8.0,15.0,5.0,24.0,1.0,0.0,5.0,3.0,57.5,1,1,1,1,729,12059,10158,9917,18861,13914,24781,11593,8723,2692,1,24686,4736,290,1.0,40:01,2015,2016
2015-16,202697,Iman Shumpert,Iman,1610612739,CLE,Cleveland Cavaliers,21500559,2016-01-10T00:00:00,CLE @ PHI,W,16.7,2.0,0.0,0.0,0.0,2.0,10.0,7.0,10.0,1.0,1.0,0.0,0.0,7.4,1,1,1,1,18473,6026,10158,9917,18861,2619,20509,15538,20209,2692,17214,1,18762,20912,1.0,16:44,2015,2016
2015-16,1897,Metta World Peace,Metta,1610612747,LAL,Los Angeles Lakers,21500565,2016-01-10T00:00:00,LAL vs. UTA,L,14.0,0.0,0.0,0.0,0.0,5.0,0.0,5.0,12.0,1.0,1.0,1.0,1.0,7.5,1,13074,13074,13074,20411,12059,10158,9917,18861,8403,1,11593,18637,2692,17214,4972,12373,20874,1.0,13:60,2015,2016
2015-16,203500,Steven Adams,Steven,1610612760,OKC,Oklahoma City Thunder,21500564,2016-01-10T00:00:00,OKC @ POR,L,34.5,0.0,2.0,2.0,12.0,13.0,12.0,12.0,26.0,1.0,0.0,1.0,5.0,30.0,1,13074,13074,13074,3944,12059,4731,4675,988,21300,22832,22259,7214,2692,1,4972,1539,5840,1.0,34:30,2015,2016
2015-16,2037,Jamal Crawford,Jamal,1610612746,LAC,LA Clippers,21500558,2016-01-10T00:00:00,LAC vs. NOP,W,31.7,9.0,2.0,4.0,4.0,12.0,10.0,9.0,30.0,0.0,0.0,3.0,2.0,24.6,1,1,1,1,6120,171,4731,1913,8599,20178,20509,18829,4541,8004,1,17641,7786,8724,1.0,31:44,2015,2016
2015-16,203081,Damian Lillard,Damian,1610612757,POR,Portland Trail Blazers,21500564,2016-01-10T00:00:00,POR vs. OKC,W,37.5,5.0,2.0,5.0,2.0,19.0,5.0,16.0,28.0,0.0,0.0,4.0,7.0,51.9,1,1,1,1,1777,1603,4731,1277,12984,25074,11469,24641,5824,8004,1,22104,469,576,1.0,37:28,2015,2016
2015-16,202328,Greg Monroe,Greg,1610612749,MIL,Milwaukee Bucks,21500562,2016-01-10T00:00:00,MIL @ NYK,L,33.3,4.0,6.0,0.0,18.0,8.0,9.0,6.0,24.0,1.0,0.0,2.0,4.0,44.0,1,13074,13074,13074,4862,2460,481,9917,131,13914,19144,13388,8723,2692,1,11390,2748,1559,1.0,33:20,2015,2016
2015-16,101150,Lou Williams,Lou,1610612747,LAL,Los Angeles Lakers,21500565,2016-01-10T00:00:00,LAL vs. UTA,L,32.5,3.0,5.0,3.0,6.0,8.0,7.0,2.0,28.0,0.0,0.0,0.0,7.0,36.6,1,13074,13074,13074,5538,4307,995,3302,5299,13914,15642,4025,5824,8004,1,1,469,3288,1.0,32:27,2015,2016
2015-16,201150,Spencer Hawes,Spencer,1610612766,CHA,Charlotte Hornets,21500563,2016-01-10T00:00:00,CHA @ DEN,L,16.9,2.0,0.0,0.0,0.0,6.0,7.0,4.0,10.0,1.0,2.0,1.0,3.0,24.3,1,13074,13074,13074,18319,6026,10158,9917,18861,10028,15642,8806,20209,2692,23588,4972,4736,8939,1.0,16:56,2015,2016
2015-16,201567,Kevin Love,Kevin,1610612739,CLE,Cleveland Cavaliers,21500559,2016-01-10T00:00:00,CLE @ PHI,W,37.1,5.0,3.0,1.0,6.0,6.0,10.0,4.0,30.0,0.0,2.0,3.0,8.0,45.0,1,1,1,1,2034,1603,3104,9347,5299,10028,20509,8806,4541,8004,23588,17641,254,1357,1.0,37:05,2015,2016
2015-16,1626144,Emmanuel Mudiay,Emmanuel,1610612743,DEN,Denver Nuggets,21500563,2016-01-10T00:00:00,DEN vs. CHA,W,38.8,2.0,0.0,2.0,6.0,13.0,9.0,4.0,30.0,1.0,1.0,0.0,1.0,29.8,1,1,1,1,1132,6026,10158,4675,5299,21300,19144,8806,4541,2692,17214,1,12373,5948,1.0,38:50,2015,2016
2015-16,203504,Trey Burke,Trey,1610612762,UTA,Utah Jazz,21500565,2016-01-10T00:00:00,UTA @ LAL,W,21.3,0.0,0.0,0.0,2.0,2.0,4.0,2.0,10.0,0.0,0.0,0.0,3.0,11.5,1,1,1,1,14794,12059,10158,9917,12984,2619,8458,4025,20209,8004,1,1,4736,18079,1.0,21:18,2015,2016
2015-16,101145,Monta Ellis,Monta,1610612754,IND,Indiana Pacers,21500561,2016-01-10T00:00:00,IND @ HOU,L,38.8,0.0,0.0,0.0,6.0,11.0,10.0,15.0,26.0,0.0,0.0,2.0,2.0,31.9,1,13074,13074,13074,1142,12059,10158,9917,5299,18886,20509,24242,7214,8004,1,11390,7786,4984,1.0,38:48,2015,2016
2015-16,203482,Kelly Olynyk,Kelly,1610612738,BOS,Boston Celtics,21500560,2016-01-10T00:00:00,BOS @ MEM,L,22.0,0.0,0.0,2.0,6.0,11.0,11.0,13.0,22.0,3.0,1.0,3.0,1.0,27.7,1,13074,13074,13074,14215,12059,10158,4675,5299,18886,21814,23048,10265,347,17214,17641,12373,7008,1.0,21:58,2015,2016
2015-16,203924,Jerami Grant,Jerami,1610612755,PHI,Philadelphia 76ers,21500559,2016-01-10T00:00:00,PHI vs. CLE,L,30.1,2.0,2.0,4.0,6.0,20.0,7.0,10.0,22.0,1.0,0.0,4.0,5.0,22.6,1,13074,13074,13074,7414,6026,4731,1913,5299,25338,15642,20169,10265,2692,1,22104,1539,10000,1.0,30:08,2015,2016
2015-16,1626163,Frank Kaminsky,Frank,1610612766,CHA,Charlotte Hornets,21500563,2016-01-10T00:00:00,CHA @ DEN,L,25.7,0.0,4.0,0.0,4.0,14.0,4.0,8.0,14.0,1.0,2.0,2.0,2.0,28.0,1,13074,13074,13074,11157,12059,1596,9917,8599,22292,8458,17194,17019,2692,23588,11390,7786,6864,1.0,25:39,2015,2016
2015-16,202329,Al-Farouq Aminu,Al-Farouq,1610612757,POR,Portland Trail Blazers,21500564,2016-01-10T00:00:00,POR vs. OKC,W,35.5,4.0,0.0,4.0,8.0,13.0,6.0,10.0,22.0,1.0,2.0,2.0,2.0,32.8,1,1,1,1,3147,2460,10158,1913,3109,21300,13237,20169,10265,2692,23588,11390,7786,4609,1.0,35:29,2015,2016
2015-16,201577,Robin Lopez,Robin,1610612752,NYK,New York Knicks,21500562,2016-01-10T00:00:00,NYK vs. MIL,W,27.3,0.0,5.0,0.0,8.0,13.0,8.0,5.0,22.0,1.0,1.0,6.0,4.0,27.8,1,1,1,1,9741,12059,995,9917,3109,21300,17345,11593,10265,2692,17214,25827,2748,6950,1.0,27:20,2015,2016
2015-16,203935,Marcus Smart,Marcus,1610612738,BOS,Boston Celtics,21500560,2016-01-10T00:00:00,BOS @ MEM,L,23.7,0.0,2.0,2.0,4.0,6.0,2.0,6.0,16.0,0.0,1.0,4.0,4.0,28.7,1,13074,13074,13074,12787,12059,4731,4675,8599,10028,3734,13388,15259,8004,17214,22104,2748,6514,1.0,23:44,2015,2016
2015-16,201569,Eric Gordon,Eric,1610612740,NOP,New Orleans Pelicans,21500558,2016-01-10T00:00:00,NOP @ LAC,L,38.2,0.0,4.0,0.0,2.0,8.0,11.0,7.0,16.0,1.0,1.0,2.0,1.0,22.2,1,13074,13074,13074,1447,12059,1596,9917,12984,13914,21814,15538,15259,2692,17214,11390,12373,10263,1.0,38:09,2015,2016
2015-16,203138,Hollis Thompson,Hollis,1610612755,PHI,Philadelphia 76ers,21500559,2016-01-10T00:00:00,PHI vs. CLE,L,25.7,0.0,0.0,0.0,2.0,15.0,9.0,15.0,20.0,1.0,0.0,1.0,0.0,13.6,1,13074,13074,13074,11094,12059,10158,9917,12984,23079,19144,24242,11929,2692,1,4972,18762,16460,1.0,25:43,2015,2016
2015-16,203991,Clint Capela,Clint,1610612745,HOU,Houston Rockets,21500561,2016-01-10T00:00:00,HOU vs. IND,W,19.8,0.0,0.0,0.0,2.0,22.0,5.0,3.0,22.0,2.0,0.0,3.0,0.0,22.2,1,1,1,1,16085,12059,10158,9917,12984,25683,11469,7328,10265,932,1,17641,18762,10263,1.0,19:47,2015,2016
2015-16,201937,Ricky Rubio,Ricky,1610612750,MIN,Minnesota Timberwolves,21500557,2016-01-10T00:00:00,MIN vs. DAL,L,33.5,0.0,0.0,0.0,4.0,5.0,8.0,0.0,24.0,0.0,0.0,2.0,4.0,39.4,1,13074,13074,13074,4740,12059,10158,9917,8599,8403,17345,1,8723,8004,1,11390,2748,2530,1.0,33:30,2015,2016
2015-16,203497,Rudy Gobert,Rudy,1610612762,UTA,Utah Jazz,21500565,2016-01-10T00:00:00,UTA @ LAL,W,29.8,2.0,0.0,0.0,6.0,9.0,14.0,4.0,26.0,3.0,0.0,6.0,7.0,27.5,1,1,1,1,7749,6026,10158,9917,5299,15771,24300,8806,7214,347,1,25827,469,7137,1.0,29:46,2015,2016
2015-16,203903,Jordan Clarkson,Jordan,1610612747,LAL,Los Angeles Lakers,21500565,2016-01-10T00:00:00,LAL vs. UTA,L,37.8,0.0,3.0,0.0,8.0,8.0,3.0,2.0,32.0,1.0,3.0,2.0,5.0,32.9,1,13074,13074,13074,1629,12059,3104,9917,3109,13914,7138,4025,3535,2692,25441,11390,1539,4566,1.0,37:45,2015,2016
2015-16,202397,Ish Smith,Ish,1610612755,PHI,Philadelphia 76ers,21500559,2016-01-10T00:00:00,PHI vs. CLE,L,38.2,0.0,5.0,2.0,8.0,24.0,9.0,7.0,24.0,0.0,1.0,0.0,2.0,39.4,1,13074,13074,13074,1430,12059,995,4675,3109,25890,19144,15538,8723,8004,17214,1,7786,2530,1.0,38:11,2015,2016
2015-16,1626168,Trey Lyles,Trey,1610612762,UTA,Utah Jazz,21500565,2016-01-10T00:00:00,UTA @ LAL,W,26.1,0.0,0.0,0.0,0.0,5.0,14.0,3.0,18.0,0.0,0.0,1.0,0.0,13.8,1,1,1,1,10786,12059,10158,9917,18861,8403,24300,7328,13577,8004,1,4972,18762,16311,1.0,26:04,2015,2016
2015-16,203460,Andre Roberson,Andre,1610612760,OKC,Oklahoma City Thunder,21500564,2016-01-10T00:00:00,OKC @ POR,L,31.2,5.0,5.0,3.0,6.0,11.0,11.0,15.0,26.0,3.0,0.0,2.0,1.0,32.6,1,13074,13074,13074,6588,1603,995,3302,5299,18886,21814,24242,7214,347,1,11390,12373,4687,1.0,31:10,2015,2016
2015-16,204001,Kristaps Porziņģis,Kristaps,1610612752,NYK,New York Knicks,21500562,2016-01-10T00:00:00,NYK vs. MIL,W,30.1,4.0,4.0,0.0,6.0,7.0,10.0,6.0,20.0,5.0,0.0,3.0,3.0,39.2,1,1,1,1,7448,2460,1596,9917,5299,12242,20509,13388,11929,59,1,17641,4736,2590,1.0,30:06,2015,2016
2015-16,101181,Jose Calderon,Jose,1610612752,NYK,New York Knicks,21500562,2016-01-10T00:00:00,NYK vs. MIL,W,29.1,3.0,3.0,2.0,2.0,9.0,10.0,8.0,16.0,0.0,0.0,2.0,2.0,32.3,1,1,1,1,8294,4307,3104,4675,12984,15771,20509,17194,15259,8004,1,11390,7786,4807,1.0,29:06,2015,2016
2015-16,203487,Michael Carter-Williams,Michael,1610612749,MIL,Milwaukee Bucks,21500562,2016-01-10T00:00:00,MIL @ NYK,L,22.5,0.0,0.0,0.0,2.0,12.0,15.0,11.0,28.0,0.0,0.0,3.0,2.0,22.0,1,13074,13074,13074,13793,12059,10158,9917,12984,20178,24781,21342,5824,8004,1,17641,7786,10388,1.0,22:27,2015,2016
2015-16,203498,Shabazz Muhammad,Shabazz,1610612750,MIN,Minnesota Timberwolves,21500557,2016-01-10T00:00:00,MIN vs. DAL,L,27.6,5.0,0.0,5.0,8.0,13.0,2.0,4.0,22.0,0.0,1.0,4.0,4.0,22.0,1,13074,13074,13074,9520,1603,10158,1277,3109,21300,3734,8806,10265,8004,17214,22104,2748,10388,1.0,27:37,2015,2016
2015-16,101133,Ian Mahinmi,Ian,1610612754,IND,Indiana Pacers,21500561,2016-01-10T00:00:00,IND @ HOU,L,28.6,4.0,0.0,0.0,12.0,11.0,8.0,12.0,18.0,1.0,0.0,4.0,2.0,27.9,1,13074,13074,13074,8763,2460,10158,9917,988,18886,17345,22259,13577,2692,1,22104,7786,6914,1.0,28:34,2015,2016
2015-16,203114,Khris Middleton,Khris,1610612749,MIL,Milwaukee Bucks,21500562,2016-01-10T00:00:00,MIL @ NYK,L,38.2,2.0,2.0,0.0,2.0,14.0,18.0,13.0,34.0,0.0,3.0,3.0,8.0,22.7,1,13074,13074,13074,1430,6026,4731,9917,12984,22292,25634,23048,2701,8004,25441,17641,254,9938,1.0,38:11,2015,2016
2015-16,203953,Jabari Parker,Jabari,1610612749,MIL,Milwaukee Bucks,21500562,2016-01-10T00:00:00,MIL @ NYK,L,32.0,4.0,4.0,2.0,6.0,15.0,18.0,11.0,32.0,1.0,1.0,3.0,0.0,31.7,1,13074,13074,13074,5883,2460,1596,4675,5299,23079,25634,21342,3535,2692,17214,17641,18762,5088,1.0,32:00,2015,2016
2015-16,203999,Nikola Jokić,Nikola,1610612743,DEN,Denver Nuggets,21500563,2016-01-10T00:00:00,DEN vs. CHA,W,23.1,0.0,0.0,0.0,4.0,9.0,2.0,1.0,20.0,1.0,0.0,1.0,0.0,27.9,1,1,1,1,13257,12059,10158,9917,8599,15771,3734,3646,11929,2692,1,4972,18762,6914,1.0,23:08,2015,2016
2015-16,201582,Alexis Ajinca,Alexis,1610612740,NOP,New Orleans Pelicans,21500558,2016-01-10T00:00:00,NOP @ LAC,L,14.2,0.0,2.0,0.0,4.0,3.0,0.0,4.0,10.0,0.0,0.0,0.0,3.0,17.7,1,13074,13074,13074,20266,12059,4731,9917,8599,5109,1,8806,20209,8004,1,1,4736,13380,1.0,14:14,2015,2016
2015-16,202718,Chandler Parsons,Chandler,1610612742,DAL,Dallas Mavericks,21500557,2016-01-10T00:00:00,DAL @ MIN,W,29.6,4.0,0.0,4.0,8.0,8.0,5.0,0.0,16.0,0.0,0.0,2.0,2.0,22.0,1,1,1,1,7882,2460,10158,1913,3109,13914,11469,1,15259,8004,1,11390,7786,10388,1.0,29:36,2015,2016
2015-16,203087,Jeremy Lamb,Jeremy,1610612766,CHA,Charlotte Hornets,21500563,2016-01-10T00:00:00,CHA @ DEN,L,29.7,6.0,2.0,2.0,6.0,12.0,7.0,6.0,16.0,0.0,1.0,2.0,3.0,33.1,1,13074,13074,13074,7776,878,4731,4675,5299,20178,15642,13388,15259,8004,17214,11390,4736,4505,1.0,29:44,2015,2016
2015-16,203093,Terrence Jones,Terrence,1610612745,HOU,Houston Rockets,21500561,2016-01-10T00:00:00,HOU vs. IND,W,18.6,0.0,2.0,0.0,4.0,12.0,2.0,7.0,22.0,1.0,1.0,1.0,1.0,14.1,1,1,1,1,17015,12059,4731,9917,8599,20178,3734,15538,10265,2692,17214,4972,12373,16094,1.0,18:36,2015,2016
2015-16,203914,Gary Harris,Gary,1610612743,DEN,Denver Nuggets,21500563,2016-01-10T00:00:00,DEN vs. CHA,W,35.7,2.0,0.0,1.0,2.0,13.0,6.0,8.0,22.0,0.0,1.0,3.0,1.0,22.7,1,1,1,1,2946,6026,10158,9347,12984,21300,13237,17194,10265,8004,17214,17641,12373,9938,1.0,35:44,2015,2016
2015-16,202498,Lance Thomas,Lance,1610612752,NYK,New York Knicks,21500562,2016-01-10T00:00:00,NYK vs. MIL,W,22.4,2.0,0.0,4.0,6.0,5.0,6.0,6.0,12.0,0.0,1.0,4.0,0.0,16.9,1,1,1,1,13869,6026,10158,1913,5299,8403,13237,13388,18637,8004,17214,22104,18762,13911,1.0,22:21,2015,2016
2015-16,202334,Ed Davis,Ed,1610612757,POR,Portland Trail Blazers,21500564,2016-01-10T00:00:00,POR vs. OKC,W,21.8,0.0,8.0,0.0,8.0,16.0,3.0,11.0,16.0,1.0,0.0,3.0,1.0,28.3,1,1,1,1,14348,12059,137,9917,3109,23774,7138,21342,15259,2692,1,17641,12373,6720,1.0,21:47,2015,2016
2015-16,101135,David Lee,David,1610612738,BOS,Boston Celtics,21500560,2016-01-10T00:00:00,BOS @ MEM,L,15.6,4.0,2.0,2.0,4.0,8.0,2.0,6.0,14.0,0.0,3.0,0.0,0.0,17.5,1,13074,13074,13074,19351,2460,4731,4675,8599,13914,3734,13388,17019,8004,25441,1,18762,13528,1.0,15:36,2015,2016
2015-16,203457,Nerlens Noel,Nerlens,1610612755,PHI,Philadelphia 76ers,21500559,2016-01-10T00:00:00,PHI vs. CLE,L,34.6,2.0,0.0,0.0,10.0,19.0,9.0,12.0,26.0,3.0,0.0,1.0,3.0,38.3,1,13074,13074,13074,3878,6026,10158,9917,1840,25074,19144,22259,7214,347,1,4972,4736,2826,1.0,34:35,2015,2016
2015-16,201568,Danilo Gallinari,Danilo,1610612743,DEN,Denver Nuggets,21500563,2016-01-10T00:00:00,DEN vs. CHA,W,33.9,4.0,0.0,5.0,8.0,13.0,6.0,8.0,22.0,1.0,0.0,1.0,10.0,38.2,1,1,1,1,4471,2460,10158,1277,3109,21300,13237,17194,10265,2692,1,4972,76,2854,1.0,33:51,2015,2016
2015-16,2440,Matt Barnes,Matt,1610612763,MEM,Memphis Grizzlies,21500560,2016-01-10T00:00:00,MEM vs. BOS,W,30.1,0.0,2.0,4.0,8.0,17.0,10.0,21.0,32.0,2.0,1.0,4.0,3.0,27.8,1,1,1,1,7496,12059,4731,1913,3109,24337,20509,25725,3535,932,17214,22104,4736,6950,1.0,30:03,2015,2016
2015-16,1626204,Larry Nance Jr.,Larry,1610612747,LAL,Los Angeles Lakers,21500565,2016-01-10T00:00:00,LAL vs. UTA,L,36.9,4.0,4.0,0.0,8.0,8.0,7.0,2.0,32.0,1.0,1.0,2.0,1.0,33.7,1,13074,13074,13074,2130,2460,1596,9917,3109,13914,15642,4025,3535,2692,17214,11390,12373,4280,1.0,36:55,2015,2016
2015-16,202325,Wesley Johnson,Wesley,1610612746,LAC,LA Clippers,21500558,2016-01-10T00:00:00,LAC vs. NOP,W,33.9,1.0,3.0,1.0,4.0,12.0,6.0,9.0,28.0,0.0,0.0,1.0,2.0,34.8,1,1,1,1,4438,11535,3104,9347,8599,20178,13237,18829,5824,8004,1,4972,7786,3891,1.0,33:53,2015,2016
2015-16,203469,Cody Zeller,Cody,1610612766,CHA,Charlotte Hornets,21500563,2016-01-10T00:00:00,CHA @ DEN,L,31.1,4.0,3.0,0.0,12.0,8.0,0.0,8.0,22.0,0.0,1.0,1.0,2.0,19.2,1,13074,13074,13074,6656,2460,3104,9917,988,13914,1,17194,10265,8004,17214,4972,7786,12284,1.0,31:04,2015,2016
2015-16,201599,DeAndre Jordan,DeAndre,1610612746,LAC,LA Clippers,21500558,2016-01-10T00:00:00,LAC vs. NOP,W,42.5,0.0,4.0,0.0,8.0,10.0,15.0,7.0,28.0,2.0,0.0,3.0,8.0,33.7,1,1,1,1,250,12059,1596,9917,3109,17370,24781,15538,5824,932,1,17641,254,4280,1.0,42:29,2015,2016
2015-16,202684,Tristan Thompson,Tristan,1610612739,CLE,Cleveland Cavaliers,21500559,2016-01-10T00:00:00,CLE @ PHI,W,37.4,4.0,6.0,2.0,4.0,9.0,9.0,6.0,34.0,0.0,3.0,5.0,6.0,23.5,1,1,1,1,1830,2460,481,4675,8599,15771,19144,13388,2701,8004,25441,24686,873,9452,1.0,37:24,2015,2016
2015-16,200751,Randy Foye,Randy,1610612743,DEN,Denver Nuggets,21500563,2016-01-10T00:00:00,DEN vs. CHA,W,21.4,0.0,0.0,0.0,2.0,8.0,7.0,4.0,8.0,2.0,0.0,4.0,2.0,19.2,1,1,1,1,14657,12059,10158,9917,12984,13914,15642,8806,21543,932,1,22104,7786,12284,1.0,21:26,2015,2016
2015-16,202344,Trevor Booker,Trevor,1610612762,UTA,Utah Jazz,21500565,2016-01-10T00:00:00,UTA @ LAL,W,21.9,2.0,4.0,0.0,4.0,4.0,6.0,2.0,18.0,1.0,0.0,2.0,2.0,22.9,1,1,1,1,14235,6026,1596,9917,8599,6141,13237,4025,13577,2692,1,11390,7786,9811,1.0,21:56,2015,2016
2015-16,203944,Julius Randle,Julius,1610612747,LAL,Los Angeles Lakers,21500565,2016-01-10T00:00:00,LAL vs. UTA,L,26.8,2.0,0.0,2.0,8.0,7.0,4.0,5.0,24.0,0.0,1.0,6.0,2.0,23.9,1,13074,13074,13074,10179,6026,10158,4675,3109,12242,8458,11593,8723,8004,17214,25827,7786,9184,1.0,26:49,2015,2016
2015-16,201188,Marc Gasol,Marc,1610612763,MEM,Memphis Grizzlies,21500560,2016-01-10T00:00:00,MEM vs. BOS,W,36.3,3.0,0.0,0.0,6.0,19.0,10.0,21.0,40.0,0.0,0.0,4.0,4.0,23.7,1,1,1,1,2566,4307,10158,9917,5299,25074,20509,25725,983,8004,1,22104,2748,9329,1.0,36:16,2015,2016
2015-16,203187,Chris Johnson,Chris,1610612762,UTA,Utah Jazz,21500565,2016-01-10T00:00:00,UTA @ LAL,W,22.1,4.0,0.0,2.0,6.0,0.0,9.0,0.0,10.0,0.0,0.0,1.0,0.0,23.1,1,1,1,1,14117,2460,10158,4675,5299,1,19144,1,20209,8004,1,4972,18762,9699,1.0,22:04,2015,2016
2015-16,201976,Patrick Beverley,Patrick,1610612745,HOU,Houston Rockets,21500561,2016-01-10T00:00:00,HOU vs. IND,W,38.8,0.0,3.0,6.0,0.0,23.0,4.0,4.0,42.0,0.0,1.0,3.0,4.0,34.0,1,1,1,1,1153,12059,3104,740,18861,25803,8458,8806,670,8004,17214,17641,2748,4162,1.0,38:46,2015,2016
2015-16,2754,Tony Allen,Tony,1610612763,MEM,Memphis Grizzlies,21500560,2016-01-10T00:00:00,MEM vs. BOS,W,31.9,7.0,5.0,7.0,8.0,16.0,9.0,19.0,30.0,1.0,1.0,4.0,3.0,34.0,1,1,1,1,5990,548,995,454,3109,23774,19144,25435,4541,2692,17214,22104,4736,4162,1.0,31:54,2015,2016
2015-16,203109,Jae Crowder,Jae,1610612738,BOS,Boston Celtics,21500560,2016-01-10T00:00:00,BOS @ MEM,L,30.4,2.0,3.0,5.0,2.0,14.0,17.0,16.0,32.0,0.0,0.0,4.0,1.0,25.4,1,13074,13074,13074,7166,6026,3104,1277,12984,22292,25429,24641,3535,8004,1,22104,12373,8273,1.0,30:25,2015,2016
2015-16,201977,Marcus Thornton,Marcus,1610612745,HOU,Houston Rockets,21500561,2016-01-10T00:00:00,HOU vs. IND,W,22.7,0.0,0.0,2.0,2.0,20.0,5.0,9.0,24.0,0.0,0.0,1.0,1.0,10.1,1,1,1,1,13584,12059,10158,4675,12984,25338,11469,18829,8723,8004,1,4972,12373,19105,1.0,22:44,2015,2016
2015-16,1626157,Karl-Anthony Towns,Karl-Anthony,1610612750,MIN,Minnesota Timberwolves,21500557,2016-01-10T00:00:00,MIN vs. DAL,L,25.1,0.0,2.0,0.0,8.0,5.0,6.0,0.0,22.0,2.0,0.0,3.0,1.0,23.3,1,13074,13074,13074,11605,12059,4731,9917,3109,8403,13237,1,10265,932,1,17641,12373,9567,1.0,25:05,2015,2016
2015-16,201587,Nicolas Batum,Nicolas,1610612766,CHA,Charlotte Hornets,21500563,2016-01-10T00:00:00,CHA @ DEN,L,37.8,0.0,0.0,0.0,2.0,10.0,7.0,10.0,26.0,0.0,0.0,3.0,1.0,25.7,1,13074,13074,13074,1581,12059,10158,9917,12984,17370,15642,20169,7214,8004,1,17641,12373,8088,1.0,37:50,2015,2016
2015-16,101107,Marvin Williams,Marvin,1610612766,CHA,Charlotte Hornets,21500563,2016-01-10T00:00:00,CHA @ DEN,L,20.0,3.0,0.0,3.0,0.0,0.0,0.0,4.0,18.0,0.0,0.0,2.0,1.0,18.8,1,13074,13074,13074,15937,4307,10158,3302,18861,1,1,8806,13577,8004,1,11390,12373,12588,1.0,19:58,2015,2016
2015-16,201167,Arron Afflalo,Arron,1610612752,NYK,New York Knicks,21500562,2016-01-10T00:00:00,NYK vs. MIL,W,30.9,0.0,2.0,3.0,6.0,11.0,10.0,8.0,24.0,0.0,0.0,3.0,1.0,19.7,1,1,1,1,6792,12059,4731,3302,5299,18886,20509,17194,8723,8004,1,17641,12373,11962,1.0,30:55,2015,2016
2015-16,201589,Darrell Arthur,Darrell,1610612743,DEN,Denver Nuggets,21500563,2016-01-10T00:00:00,DEN vs. CHA,W,27.8,2.0,0.0,2.0,2.0,9.0,6.0,5.0,22.0,0.0,0.0,2.0,2.0,18.7,1,1,1,1,9395,6026,10158,4675,12984,15771,13237,11593,10265,8004,1,11390,7786,12648,1.0,27:47,2015,2016
2015-16,201600,Omer Asik,Omer,1610612740,NOP,New Orleans Pelicans,21500558,2016-01-10T00:00:00,NOP @ LAC,L,26.0,0.0,5.0,0.0,4.0,6.0,5.0,9.0,24.0,0.0,1.0,3.0,3.0,23.2,1,13074,13074,13074,10835,12059,995,9917,8599,10028,11469,18829,8723,8004,17214,17641,4736,9630,1.0,26:01,2015,2016
2015-16,203507,Giannis Antetokounmpo,Giannis,1610612749,MIL,Milwaukee Bucks,21500562,2016-01-10T00:00:00,MIL @ NYK,L,35.6,3.0,0.0,3.0,4.0,8.0,9.0,6.0,26.0,0.0,0.0,3.0,4.0,25.5,1,13074,13074,13074,3031,4307,10158,3302,8599,13914,19144,13388,7214,8004,1,17641,2748,8230,1.0,35:38,2015,2016
2015-16,203096,Jared Sullinger,Jared,1610612738,BOS,Boston Celtics,21500560,2016-01-10T00:00:00,BOS @ MEM,L,25.8,3.0,0.0,0.0,8.0,9.0,8.0,7.0,24.0,0.0,1.0,5.0,2.0,18.8,1,13074,13074,13074,11044,4307,10158,9917,3109,15771,17345,15538,8723,8004,17214,24686,7786,12588,1.0,25:47,2015,2016
2015-16,202689,Kemba Walker,Kemba,1610612766,CHA,Charlotte Hornets,21500563,2016-01-10T00:00:00,CHA @ DEN,L,37.0,2.0,2.0,2.0,2.0,8.0,3.0,8.0,28.0,1.0,1.0,1.0,3.0,25.6,1,13074,13074,13074,2097,6026,4731,4675,12984,13914,7138,17194,5824,2692,17214,4972,4736,8157,1.0,36:58,2015,2016
2015-16,201583,Ryan Anderson,Ryan,1610612740,NOP,New Orleans Pelicans,21500558,2016-01-10T00:00:00,NOP @ LAC,L,42.9,0.0,2.0,0.0,2.0,11.0,11.0,14.0,28.0,0.0,0.0,4.0,4.0,26.0,1,13074,13074,13074,213,12059,4731,9917,12984,18886,21814,23710,5824,8004,1,22104,2748,7910,1.0,42:52,2015,2016
2015-16,201147,Corey Brewer,Corey,1610612745,HOU,Houston Rockets,21500561,2016-01-10T00:00:00,HOU vs. IND,W,18.5,2.0,0.0,4.0,4.0,11.0,2.0,5.0,16.0,0.0,0.0,2.0,1.0,12.7,1,1,1,1,17124,6026,10158,1913,8599,18886,3734,11593,15259,8004,1,11390,12373,17201,1.0,18:27,2015,2016
2015-16,1713,Vince Carter,Vince,1610612763,MEM,Memphis Grizzlies,21500560,2016-01-10T00:00:00,MEM vs. BOS,W,19.9,0.0,0.0,0.0,2.0,10.0,4.0,6.0,18.0,3.0,0.0,3.0,2.0,21.4,1,1,1,1,15958,12059,10158,9917,12984,17370,8458,13388,13577,347,1,17641,7786,10807,1.0,19:57,2015,2016
2015-16,201145,Jeff Green,Jeff,1610612763,MEM,Memphis Grizzlies,21500560,2016-01-10T00:00:00,MEM vs. BOS,W,31.3,2.0,0.0,2.0,4.0,18.0,5.0,16.0,36.0,0.0,1.0,1.0,1.0,16.3,1,1,1,1,6453,6026,10158,4675,8599,24749,11469,24641,1943,8004,17214,4972,12373,14372,1.0,31:20,2015,2016
2015-16,203496,Robert Covington,Robert,1610612755,PHI,Philadelphia 76ers,21500559,2016-01-10T00:00:00,PHI vs. CLE,L,32.3,0.0,3.0,0.0,2.0,19.0,9.0,14.0,22.0,1.0,0.0,4.0,0.0,21.6,1,13074,13074,13074,5676,12059,3104,9917,12984,25074,19144,23710,10265,2692,1,22104,18762,10666,1.0,32:16,2015,2016
2015-16,201627,Anthony Morrow,Anthony,1610612760,OKC,Oklahoma City Thunder,21500564,2016-01-10T00:00:00,OKC @ POR,L,9.4,0.0,0.0,0.0,0.0,0.0,8.0,0.0,10.0,0.0,0.0,0.0,0.0,3.0,1,13074,13074,13074,22686,12059,10158,9917,18861,1,17345,1,20209,8004,1,1,18762,23648,1.0,9:21,2015,2016
2015-16,101114,Deron Williams,Deron,1610612742,DAL,Dallas Mavericks,21500557,2016-01-10T00:00:00,DAL @ MIN,W,29.2,0.0,0.0,0.0,4.0,10.0,8.0,7.0,24.0,0.0,0.0,3.0,1.0,12.6,1,1,1,1,8209,12059,10158,9917,8599,17370,17345,15538,8723,8004,1,17641,12373,17277,1.0,29:12,2015,2016
2015-16,1626173,Rashad Vaughn,Rashad,1610612749,MIL,Milwaukee Bucks,21500562,2016-01-10T00:00:00,MIL @ NYK,L,29.4,1.0,4.0,4.0,0.0,8.0,10.0,11.0,24.0,1.0,0.0,0.0,1.0,21.4,1,13074,13074,13074,8038,11535,1596,1913,18861,13914,20509,21342,8723,2692,1,1,12373,10807,1.0,29:26,2015,2016
2015-16,1626148,Anthony Brown,Anthony,1610612747,LAL,Los Angeles Lakers,21500565,2016-01-10T00:00:00,LAL vs. UTA,L,27.8,0.0,2.0,0.0,0.0,8.0,3.0,2.0,24.0,0.0,0.0,2.0,1.0,7.8,1,13074,13074,13074,9352,12059,4731,9917,18861,13914,7138,4025,8723,8004,1,11390,12373,20696,1.0,27:50,2015,2016
2015-16,2734,Devin Harris,Devin,1610612742,DAL,Dallas Mavericks,21500557,2016-01-10T00:00:00,DAL @ MIN,W,18.9,4.0,0.0,0.0,2.0,3.0,3.0,0.0,14.0,0.0,0.0,1.0,3.0,15.9,1,1,1,1,16740,2460,10158,9917,12984,5109,7138,1,17019,8004,1,4972,4736,14675,1.0,18:57,2015,2016
2015-16,202683,Enes Freedom,Enes,1610612760,OKC,Oklahoma City Thunder,21500564,2016-01-10T00:00:00,OKC @ POR,L,12.8,0.0,1.0,0.0,0.0,4.0,8.0,2.0,12.0,0.0,0.0,1.0,4.0,13.2,1,13074,13074,13074,21062,12059,9709,9917,18861,6141,17345,4025,18637,8004,1,4972,2748,16768,1.0,12:50,2015,2016
2015-16,200826,J.J. Barea,J.J.,1610612742,DAL,Dallas Mavericks,21500557,2016-01-10T00:00:00,DAL @ MIN,W,17.5,0.0,0.0,0.0,2.0,5.0,5.0,2.0,14.0,0.0,1.0,1.0,1.0,13.2,1,1,1,1,17916,12059,10158,9917,12984,8403,11469,4025,17019,8004,17214,4972,12373,16768,1.0,17:28,2015,2016
2015-16,203943,Noah Vonleh,Noah,1610612757,POR,Portland Trail Blazers,21500564,2016-01-10T00:00:00,POR vs. OKC,W,13.9,0.0,0.0,0.0,0.0,4.0,2.0,5.0,12.0,1.0,0.0,5.0,0.0,13.1,1,1,1,1,20466,12059,10158,9917,18861,6141,3734,11593,18637,2692,1,24686,18762,16874,1.0,13:54,2015,2016
2015-16,203476,Gorgui Dieng,Gorgui,1610612750,MIN,Minnesota Timberwolves,21500557,2016-01-10T00:00:00,MIN vs. DAL,L,18.8,0.0,0.0,0.0,0.0,8.0,6.0,4.0,14.0,0.0,0.0,3.0,0.0,7.9,1,13074,13074,13074,16860,12059,10158,9917,18861,13914,13237,8806,17019,8004,1,17641,18762,20646,1.0,18:49,2015,2016
2015-16,201579,Roy Hibbert,Roy,1610612747,LAL,Los Angeles Lakers,21500565,2016-01-10T00:00:00,LAL vs. UTA,L,24.5,0.0,6.0,0.0,6.0,6.0,3.0,2.0,22.0,1.0,2.0,6.0,1.0,18.1,1,13074,13074,13074,12102,12059,481,9917,5299,10028,7138,4025,10265,2692,23588,25827,12373,13090,1.0,24:31,2015,2016
2015-16,1626166,Cameron Payne,Cameron,1610612760,OKC,Oklahoma City Thunder,21500564,2016-01-10T00:00:00,OKC @ POR,L,9.8,0.0,0.0,0.0,0.0,5.0,6.0,0.0,8.0,0.0,0.0,0.0,0.0,8.0,1,13074,13074,13074,22537,12059,10158,9917,18861,8403,13237,1,21543,8004,1,1,18762,20564,1.0,9:46,2015,2016
2015-16,203917,Nik Stauskas,Nik,1610612755,PHI,Philadelphia 76ers,21500559,2016-01-10T00:00:00,PHI vs. CLE,L,22.3,0.0,0.0,3.0,0.0,14.0,5.0,2.0,14.0,1.0,0.0,0.0,0.0,16.8,1,13074,13074,13074,13928,12059,10158,3302,18861,22292,11469,4025,17019,2692,1,1,18762,13996,1.0,22:17,2015,2016
2015-16,202343,Elliot Williams,Elliot,1610612763,MEM,Memphis Grizzlies,21500560,2016-01-10T00:00:00,MEM vs. BOS,W,4.5,0.0,0.0,0.0,0.0,2.0,0.0,2.0,8.0,0.0,0.0,0.0,1.0,2.0,1,1,1,1,24552,12059,10158,9917,18861,2619,1,4025,21543,8004,1,1,12373,24216,1.0,4:30,2015,2016
2015-16,203530,Joffrey Lauvergne,Joffrey,1610612743,DEN,Denver Nuggets,21500563,2016-01-10T00:00:00,DEN vs. CHA,W,8.3,0.0,0.0,0.0,0.0,4.0,2.0,2.0,4.0,0.0,0.0,1.0,0.0,2.4,1,1,1,1,23097,12059,10158,9917,18861,6141,3734,4025,23698,8004,1,4972,18762,24024,1.0,8:16,2015,2016
2015-16,203898,Tyler Ennis,Tyler,1610612749,MIL,Milwaukee Bucks,21500562,2016-01-10T00:00:00,MIL @ NYK,L,16.3,0.0,0.0,0.0,0.0,0.0,0.0,2.0,14.0,0.0,0.0,1.0,0.0,3.0,1,13074,13074,13074,18820,12059,10158,9917,18861,1,1,4025,17019,8004,1,4972,18762,23648,1.0,16:18,2015,2016
2015-16,203994,Jusuf Nurkić,Jusuf,1610612743,DEN,Denver Nuggets,21500563,2016-01-10T00:00:00,DEN vs. CHA,W,13.9,2.0,1.0,0.0,6.0,2.0,5.0,0.0,6.0,1.0,1.0,3.0,1.0,21.4,1,1,1,1,20466,6026,9709,9917,5299,2619,11469,1,22724,2692,17214,17641,12373,10807,1.0,13:54,2015,2016
2015-16,202083,Wesley Matthews,Wesley,1610612742,DAL,Dallas Mavericks,21500557,2016-01-10T00:00:00,DAL @ MIN,W,33.1,0.0,0.0,0.0,0.0,10.0,8.0,7.0,24.0,0.0,0.0,4.0,1.0,16.5,1,1,1,1,5055,12059,10158,9917,18861,17370,17345,15538,8723,8004,1,22104,12373,14224,1.0,33:05,2015,2016
2015-16,2034,Mike Miller,Mike,1610612743,DEN,Denver Nuggets,21500563,2016-01-10T00:00:00,DEN vs. CHA,W,7.3,0.0,6.0,0.0,0.0,2.0,3.0,0.0,4.0,1.0,0.0,2.0,0.0,12.9,1,1,1,1,23448,12059,481,9917,18861,2619,7138,1,23698,2692,1,11390,18762,17049,1.0,7:20,2015,2016
2015-16,203085,Austin Rivers,Austin,1610612746,LAC,LA Clippers,21500558,2016-01-10T00:00:00,LAC vs. NOP,W,24.3,2.0,0.0,2.0,8.0,8.0,5.0,12.0,28.0,0.0,0.0,5.0,1.0,12.9,1,1,1,1,12301,6026,10158,4675,3109,13914,11469,22259,5824,8004,1,24686,12373,17049,1.0,24:18,2015,2016
2015-16,203115,Will Barton,Will,1610612743,DEN,Denver Nuggets,21500563,2016-01-10T00:00:00,DEN vs. CHA,W,29.7,2.0,0.0,2.0,2.0,12.0,9.0,8.0,12.0,0.0,1.0,3.0,1.0,21.1,1,1,1,1,7776,6026,10158,4675,12984,20178,19144,17194,18637,8004,17214,17641,12373,11012,1.0,29:44,2015,2016
2015-16,202357,Nemanja Bjelica,Nemanja,1610612750,MIN,Minnesota Timberwolves,21500557,2016-01-10T00:00:00,MIN vs. DAL,L,13.0,3.0,0.0,0.0,0.0,1.0,0.0,0.0,8.0,0.0,0.0,3.0,0.0,12.9,1,13074,13074,13074,20962,4307,10158,9917,18861,2356,1,1,21543,8004,1,17641,18762,17049,1.0,13:01,2015,2016
2015-16,101109,Raymond Felton,Raymond,1610612742,DAL,Dallas Mavericks,21500557,2016-01-10T00:00:00,DAL @ MIN,W,18.5,3.0,0.0,0.0,2.0,3.0,4.0,5.0,18.0,1.0,0.0,1.0,3.0,13.0,1,1,1,1,17124,4307,10158,9917,12984,5109,8458,11593,13577,2692,1,4972,4736,16969,1.0,18:27,2015,2016
2015-16,203124,Kyle O'Quinn,Kyle,1610612752,NYK,New York Knicks,21500562,2016-01-10T00:00:00,NYK vs. MIL,W,2.1,0.0,0.0,0.0,0.0,1.0,4.0,1.0,0.0,0.0,0.0,0.0,0.0,1.2,1,1,1,1,25486,12059,10158,9917,18861,2356,8458,3646,25429,8004,1,1,18762,24661,1.0,2:05,2015,2016
2015-16,1626167,Myles Turner,Myles,1610612754,IND,Indiana Pacers,21500561,2016-01-10T00:00:00,IND @ HOU,L,12.8,2.0,0.0,0.0,0.0,2.0,4.0,6.0,20.0,1.0,0.0,1.0,0.0,10.9,1,13074,13074,13074,21091,6026,10158,9917,18861,2619,8458,13388,11929,2692,1,4972,18762,18498,1.0,12:47,2015,2016
2015-16,203940,Adreian Payne,Adreian,1610612750,MIN,Minnesota Timberwolves,21500557,2016-01-10T00:00:00,MIN vs. DAL,L,16.3,0.0,0.0,0.0,0.0,14.0,4.0,4.0,20.0,0.0,1.0,1.0,0.0,5.9,1,13074,13074,13074,18785,12059,10158,9917,18861,22292,8458,8806,11929,8004,17214,4972,18762,21953,1.0,16:20,2015,2016
2015-16,203526,Raul Neto,Raul,1610612762,UTA,Utah Jazz,21500565,2016-01-10T00:00:00,UTA @ LAL,W,26.5,0.0,0.0,0.0,4.0,7.0,16.0,3.0,26.0,0.0,1.0,0.0,1.0,11.2,1,1,1,1,10480,12059,10158,9917,8599,12242,25155,7328,7214,8004,17214,1,12373,18267,1.0,26:28,2015,2016
2015-16,202389,Timofey Mozgov,Timofey,1610612739,CLE,Cleveland Cavaliers,21500559,2016-01-10T00:00:00,CLE @ PHI,W,8.9,0.0,2.0,0.0,2.0,5.0,0.0,5.0,12.0,0.0,1.0,2.0,0.0,5.8,1,1,1,1,22877,12059,4731,9917,12984,8403,1,11593,18637,8004,17214,11390,18762,22018,1.0,8:54,2015,2016
2015-16,201962,Toney Douglas,Toney,1610612740,NOP,New Orleans Pelicans,21500558,2016-01-10T00:00:00,NOP @ LAC,L,6.2,2.0,0.0,2.0,2.0,0.0,0.0,0.0,6.0,0.0,0.0,1.0,1.0,6.2,1,13074,13074,13074,23898,6026,10158,4675,12984,1,1,1,22724,8004,1,4972,12373,21696,1.0,6:09,2015,2016
2015-16,203996,Damien Inglis,Damien,1610612749,MIL,Milwaukee Bucks,21500562,2016-01-10T00:00:00,MIL @ NYK,L,2.8,0.0,0.0,0.0,0.0,0.0,0.0,0.0,0.0,0.0,0.0,0.0,0.0,1.2,1,13074,13074,13074,25223,12059,10158,9917,18861,1,1,1,25429,8004,1,1,18762,24661,1.0,2:45,2015,2016
2015-16,203922,Glenn Robinson III,Glenn,1610612754,IND,Indiana Pacers,21500561,2016-01-10T00:00:00,IND @ HOU,L,12.6,0.0,0.0,0.0,4.0,0.0,2.0,7.0,14.0,0.0,0.0,1.0,0.0,10.6,1,13074,13074,13074,21244,12059,10158,9917,8599,1,3734,15538,17019,8004,1,4972,18762,18723,1.0,12:33,2015,2016
2015-16,2555,Nick Collison,Nick,1610612760,OKC,Oklahoma City Thunder,21500564,2016-01-10T00:00:00,OKC @ POR,L,4.8,0.0,0.0,0.0,0.0,0.0,4.0,0.0,4.0,0.0,0.0,0.0,0.0,1.5,1,13074,13074,13074,24418,12059,10158,9917,18861,1,8458,1,23698,8004,1,1,18762,24473,1.0,4:50,2015,2016
2015-16,203897,Zach LaVine,Zach,1610612750,MIN,Minnesota Timberwolves,21500557,2016-01-10T00:00:00,MIN vs. DAL,L,8.4,0.0,0.0,0.0,0.0,8.0,2.0,4.0,10.0,0.0,0.0,0.0,0.0,1.7,1,13074,13074,13074,23065,12059,10158,9917,18861,13914,3734,8806,20209,8004,1,1,18762,24436,1.0,8:22,2015,2016
2015-16,201171,Carl Landry,Carl,1610612755,PHI,Philadelphia 76ers,21500559,2016-01-10T00:00:00,PHI vs. CLE,L,9.0,0.0,0.0,0.0,0.0,8.0,5.0,3.0,6.0,0.0,0.0,5.0,1.0,2.0,1,13074,13074,13074,22835,12059,10158,9917,18861,13914,11469,7328,22724,8004,1,24686,12373,24216,1.0,9:00,2015,2016
2015-16,203090,Maurice Harkless,Maurice,1610612757,POR,Portland Trail Blazers,21500564,2016-01-10T00:00:00,POR vs. OKC,W,19.9,4.0,2.0,2.0,4.0,12.0,3.0,6.0,14.0,0.0,0.0,0.0,0.0,10.8,1,1,1,1,15982,2460,4731,4675,8599,20178,7138,13388,17019,8004,1,1,18762,18579,1.0,19:55,2015,2016
2015-16,203939,Dwight Powell,Dwight,1610612742,DAL,Dallas Mavericks,21500557,2016-01-10T00:00:00,DAL @ MIN,W,13.6,0.0,0.0,0.0,0.0,5.0,7.0,7.0,12.0,1.0,0.0,1.0,0.0,11.3,1,1,1,1,20671,12059,10158,9917,18861,8403,15642,15538,18637,2692,1,4972,18762,18230,1.0,13:33,2015,2016
2015-16,202332,Cole Aldrich,Cole,1610612746,LAC,LA Clippers,21500558,2016-01-10T00:00:00,LAC vs. NOP,W,9.1,0.0,0.0,0.0,0.0,4.0,2.0,5.0,12.0,0.0,0.0,4.0,0.0,6.2,1,1,1,1,22787,12059,10158,9917,18861,6141,3734,11593,18637,8004,1,22104,18762,21696,1.0,9:08,2015,2016
2015-16,204456,T.J. McConnell,T.J.,1610612755,PHI,Philadelphia 76ers,21500559,2016-01-10T00:00:00,PHI vs. CLE,L,9.8,2.0,0.0,0.0,2.0,5.0,5.0,10.0,10.0,0.0,0.0,0.0,1.0,10.7,1,13074,13074,13074,22519,6026,10158,9917,12984,8403,11469,20169,20209,8004,1,1,12373,18636,1.0,9:49,2015,2016
2015-16,1626273,Marcelo Huertas,Marcelo,1610612747,LAL,Los Angeles Lakers,21500565,2016-01-10T00:00:00,LAL vs. UTA,L,13.0,0.0,0.0,0.0,0.0,5.0,4.0,5.0,14.0,0.0,0.0,2.0,0.0,2.0,1,13074,13074,13074,20952,12059,10158,9917,18861,8403,8458,11593,17019,8004,1,11390,18762,24216,1.0,13:02,2015,2016
2015-16,203080,Thomas Robinson,Thomas,1610612751,BKN,Brooklyn Nets,21500553,2016-01-09T00:00:00,BKN @ DET,L,12.4,2.0,2.0,0.0,8.0,8.0,2.0,7.0,8.0,0.0,0.0,1.0,0.0,10.6,1,13074,13074,13074,21333,6026,4731,9917,3109,13914,3734,15538,21543,8004,1,4972,18762,18723,1.0,12:24,2015,2016
2015-16,203552,Seth Curry,Seth,1610612758,SAC,Sacramento Kings,21500556,2016-01-09T00:00:00,SAC vs. GSW,L,7.6,0.0,0.0,0.0,0.0,2.0,0.0,0.0,6.0,0.0,0.0,0.0,0.0,1.5,1,13074,13074,13074,23349,12059,10158,9917,18861,2619,1,1,22724,8004,1,1,18762,24473,1.0,7:37,2015,2016
2015-16,203946,Cameron Bairstow,Cameron,1610612741,CHI,Chicago Bulls,21500551,2016-01-09T00:00:00,CHI @ ATL,L,3.1,0.0,0.0,0.0,0.0,2.0,0.0,0.0,0.0,0.0,0.0,0.0,0.0,6.2,1,13074,13074,13074,25093,12059,10158,9917,18861,2619,1,1,25429,8004,1,1,18762,21696,1.0,3:05,2015,2016
2015-16,202734,E'Twaun Moore,E'Twaun,1610612741,CHI,Chicago Bulls,21500551,2016-01-09T00:00:00,CHI @ ATL,L,7.7,0.0,0.0,0.0,0.0,4.0,2.0,2.0,8.0,0.0,1.0,0.0,1.0,2.0,1,13074,13074,13074,23322,12059,10158,9917,18861,6141,3734,4025,21543,8004,17214,1,12373,24216,1.0,7:41,2015,2016
2015-16,203477,Isaiah Canaan,Isaiah,1610612755,PHI,Philadelphia 76ers,21500554,2016-01-09T00:00:00,PHI vs. TOR,L,9.7,3.0,3.0,0.0,0.0,6.0,0.0,8.0,14.0,0.0,1.0,2.0,0.0,5.5,1,13074,13074,13074,22547,4307,3104,9917,18861,10028,1,17194,17019,8004,17214,11390,18762,22196,1.0,9:44,2015,2016
2015-16,203496,Robert Covington,Robert,1610612755,PHI,Philadelphia 76ers,21500554,2016-01-09T00:00:00,PHI vs. TOR,L,9.1,0.0,0.0,0.0,0.0,0.0,5.0,2.0,14.0,0.0,0.0,0.0,0.0,6.0,1,13074,13074,13074,22801,12059,10158,9917,18861,1,11469,4025,17019,8004,1,1,18762,21878,1.0,9:06,2015,2016
2015-16,202711,Bojan Bogdanović,Bojan,1610612751,BKN,Brooklyn Nets,21500553,2016-01-09T00:00:00,BKN @ DET,L,23.7,0.0,0.0,0.0,0.0,17.0,7.0,19.0,28.0,0.0,2.0,2.0,1.0,5.9,1,13074,13074,13074,12815,12059,10158,9917,18861,24337,15642,25435,5824,8004,23588,11390,12373,21953,1.0,23:43,2015,2016
2015-16,1626153,Delon Wright,Delon,1610612761,TOR,Toronto Raptors,21500554,2016-01-09T00:00:00,TOR @ PHI,W,1.1,0.0,0.0,0.0,0.0,0.0,2.0,0.0,2.0,0.0,0.0,0.0,0.0,1.5,1,1,1,1,25854,12059,10158,9917,18861,1,3734,1,24614,8004,1,1,18762,24473,1.0,1:04,2015,2016
2015-16,201166,Aaron Brooks,Aaron,1610612741,CHI,Chicago Bulls,21500551,2016-01-09T00:00:00,CHI @ ATL,L,4.8,0.0,0.0,0.0,0.0,4.0,0.0,2.0,8.0,0.0,1.0,0.0,0.0,1.7,1,13074,13074,13074,24418,12059,10158,9917,18861,6141,1,4025,21543,8004,17214,1,18762,24436,1.0,4:50,2015,2016
2015-16,1626161,Willie Cauley-Stein,Willie,1610612758,SAC,Sacramento Kings,21500556,2016-01-09T00:00:00,SAC vs. GSW,L,9.3,2.0,0.0,4.0,8.0,0.0,2.0,3.0,8.0,0.0,1.0,2.0,2.0,11.2,1,13074,13074,13074,22711,6026,10158,1913,3109,1,3734,7328,21543,8004,17214,11390,7786,18267,1.0,9:19,2015,2016
2015-16,1626181,Norman Powell,Norman,1610612761,TOR,Toronto Raptors,21500554,2016-01-09T00:00:00,TOR @ PHI,W,1.9,0.0,0.0,0.0,2.0,0.0,2.0,0.0,2.0,0.0,0.0,0.0,0.0,2.0,1,1,1,1,25563,12059,10158,9917,12984,1,3734,1,24614,8004,1,1,18762,24216,1.0,1:52,2015,2016
2015-16,202344,Trevor Booker,Trevor,1610612762,UTA,Utah Jazz,21500555,2016-01-09T00:00:00,UTA vs. MIA,W,15.5,0.0,0.0,0.0,0.0,6.0,2.0,2.0,16.0,0.0,0.0,1.0,0.0,6.3,1,1,1,1,19400,12059,10158,9917,18861,10028,3734,4025,15259,8004,1,4972,18762,21682,1.0,15:31,2015,2016
2015-16,203094,Andrew Nicholson,Andrew,1610612753,ORL,Orlando Magic,21500552,2016-01-09T00:00:00,ORL vs. WAS,L,1.8,0.0,0.0,0.0,0.0,0.0,0.0,0.0,0.0,0.0,0.0,1.0,0.0,1.2,1,13074,13074,13074,25607,12059,10158,9917,18861,1,1,1,25429,8004,1,4972,18762,24661,1.0,1:45,2015,2016
2015-16,203473,Dewayne Dedmon,Dewayne,1610612753,ORL,Orlando Magic,21500552,2016-01-09T00:00:00,ORL vs. WAS,L,0.6,0.0,0.0,0.0,0.0,0.0,0.0,0.0,0.0,0.0,0.0,0.0,0.0,1.5,1,13074,13074,13074,25954,12059,10158,9917,18861,1,1,1,25429,8004,1,1,18762,24473,1.0,0:37,2015,2016
2015-16,1626171,Bobby Portis,Bobby,1610612741,CHI,Chicago Bulls,21500551,2016-01-09T00:00:00,CHI @ ATL,L,9.0,0.0,0.0,0.0,0.0,6.0,0.0,2.0,10.0,1.0,0.0,0.0,0.0,11.2,1,13074,13074,13074,22835,12059,10158,9917,18861,10028,1,4025,20209,2692,1,1,18762,18267,1.0,9:00,2015,2016
2015-16,1626163,Frank Kaminsky,Frank,1610612766,CHA,Charlotte Hornets,21500550,2016-01-09T00:00:00,CHA @ LAC,L,18.0,0.0,2.0,0.0,2.0,9.0,2.0,4.0,12.0,0.0,1.0,1.0,1.0,11.0,1,13074,13074,13074,17510,12059,4731,9917,12984,15771,3734,8806,18637,8004,17214,4972,12373,18430,1.0,18:00,2015,2016
2015-16,2400,Drew Gooden,Drew,1610612764,WAS,Washington Wizards,21500552,2016-01-09T00:00:00,WAS @ ORL,W,14.8,0.0,0.0,0.0,0.0,5.0,4.0,7.0,22.0,1.0,0.0,1.0,0.0,9.7,1,1,1,1,19873,12059,10158,9917,18861,8403,8458,15538,10265,2692,1,4972,18762,19379,1.0,14:50,2015,2016
2015-16,201961,Wayne Ellington,Wayne,1610612751,BKN,Brooklyn Nets,21500553,2016-01-09T00:00:00,BKN @ DET,L,20.8,0.0,0.0,0.0,0.0,12.0,9.0,11.0,24.0,0.0,0.0,2.0,0.0,8.7,1,13074,13074,13074,15245,12059,10158,9917,18861,20178,19144,21342,8723,8004,1,11390,18762,20045,1.0,20:47,2015,2016
2015-16,203960,JaKarr Sampson,JaKarr,1610612755,PHI,Philadelphia 76ers,21500554,2016-01-09T00:00:00,PHI vs. TOR,L,17.1,2.0,0.0,2.0,2.0,0.0,5.0,2.0,18.0,0.0,1.0,2.0,1.0,3.7,1,13074,13074,13074,18222,6026,10158,4675,12984,1,11469,4025,13577,8004,17214,11390,12373,23278,1.0,17:04,2015,2016
2015-16,1626199,Darrun Hilliard,Darrun,1610612765,DET,Detroit Pistons,21500553,2016-01-09T00:00:00,DET vs. BKN,W,20.2,3.0,0.0,0.0,4.0,0.0,8.0,0.0,18.0,0.0,0.0,2.0,3.0,13.3,1,1,1,1,15694,4307,10158,9917,8599,1,17345,1,13577,8004,1,11390,4736,16712,1.0,20:14,2015,2016
2015-16,203546,Ian Clark,Ian,1610612744,GSW,Golden State Warriors,21500556,2016-01-09T00:00:00,GSW @ SAC,W,7.3,0.0,0.0,0.0,0.0,5.0,0.0,3.0,6.0,0.0,0.0,1.0,0.0,-0.8,1,1,1,1,23478,12059,10158,9917,18861,8403,1,7328,22724,8004,1,4972,18762,25914,1.0,7:16,2015,2016
2015-16,202714,Shelvin Mack,Shelvin,1610612737,ATL,Atlanta Hawks,21500551,2016-01-09T00:00:00,ATL vs. CHI,W,2.6,0.0,0.0,0.0,0.0,2.0,0.0,0.0,2.0,0.0,0.0,0.0,0.0,-1.0,1,1,1,1,25276,12059,10158,9917,18861,2619,1,1,24614,8004,1,1,18762,25932,1.0,2:38,2015,2016
2015-16,203798,PJ Hairston,PJ,1610612766,CHA,Charlotte Hornets,21500550,2016-01-09T00:00:00,CHA @ LAC,L,21.0,0.0,0.0,0.0,0.0,9.0,4.0,2.0,12.0,0.0,0.0,1.0,0.0,8.6,1,13074,13074,13074,15054,12059,10158,9917,18861,15771,8458,4025,18637,8004,1,4972,18762,20125,1.0,21:00,2015,2016
2015-16,200745,Andrea Bargnani,Andrea,1610612751,BKN,Brooklyn Nets,21500553,2016-01-09T00:00:00,BKN @ DET,L,5.8,0.0,0.0,0.0,0.0,0.0,0.0,2.0,8.0,0.0,0.0,1.0,1.0,3.2,1,13074,13074,13074,24061,12059,10158,9917,18861,1,1,4025,21543,8004,1,4972,12373,23473,1.0,5:47,2015,2016
2015-16,200765,Rajon Rondo,Rajon,1610612758,SAC,Sacramento Kings,21500556,2016-01-09T00:00:00,SAC vs. GSW,L,29.3,0.0,0.0,0.0,2.0,5.0,7.0,18.0,32.0,0.0,2.0,5.0,1.0,21.6,1,13074,13074,13074,8146,12059,10158,9917,12984,8403,15642,25228,3535,8004,23588,24686,12373,10666,1.0,29:17,2015,2016
2015-16,203508,Sergey Karasev,Sergey,1610612751,BKN,Brooklyn Nets,21500553,2016-01-09T00:00:00,BKN @ DET,L,4.8,0.0,0.0,0.0,0.0,3.0,0.0,2.0,2.0,0.0,0.0,0.0,0.0,-1.0,1,13074,13074,13074,24444,12059,10158,9917,18861,5109,1,4025,24614,8004,1,1,18762,25932,1.0,4:46,2015,2016
2015-16,201949,James Johnson,James,1610612761,TOR,Toronto Raptors,21500554,2016-01-09T00:00:00,TOR @ PHI,W,12.6,3.0,0.0,0.0,4.0,2.0,4.0,0.0,24.0,0.0,0.0,3.0,1.0,7.0,1,1,1,1,21198,4307,10158,9917,8599,2619,8458,1,8723,8004,1,17641,12373,21188,1.0,12:37,2015,2016
2015-16,1626162,Kelly Oubre Jr.,Kelly,1610612764,WAS,Washington Wizards,21500552,2016-01-09T00:00:00,WAS @ ORL,W,15.4,0.0,0.0,0.0,0.0,6.0,6.0,6.0,16.0,0.0,0.0,3.0,0.0,3.2,1,1,1,1,19471,12059,10158,9917,18861,10028,13237,13388,15259,8004,1,17641,18762,23473,1.0,15:25,2015,2016
2015-16,203488,Mike Muscala,Mike,1610612737,ATL,Atlanta Hawks,21500551,2016-01-09T00:00:00,ATL vs. CHI,W,2.6,2.0,0.0,0.0,0.0,2.0,0.0,0.0,2.0,0.0,0.0,0.0,1.0,3.2,1,1,1,1,25276,6026,10158,9917,18861,2619,1,1,24614,8004,1,1,12373,23473,1.0,2:38,2015,2016
2015-16,1626159,Justise Winslow,Justise,1610612748,MIA,Miami Heat,21500555,2016-01-09T00:00:00,MIA @ UTA,L,20.4,0.0,0.0,0.0,0.0,2.0,6.0,0.0,12.0,1.0,1.0,0.0,0.0,1.0,1,13074,13074,13074,15600,12059,10158,9917,18861,2619,13237,1,18637,2692,17214,1,18762,24960,1.0,20:21,2015,2016
2015-16,201943,Brandon Jennings,Brandon,1610612765,DET,Detroit Pistons,21500553,2016-01-09T00:00:00,DET vs. BKN,W,15.4,0.0,0.0,0.0,0.0,0.0,8.0,0.0,18.0,0.0,0.0,1.0,0.0,8.7,1,1,1,1,19467,12059,10158,9917,18861,1,17345,1,13577,8004,1,4972,18762,20045,1.0,15:25,2015,2016
2015-16,203148,Brian Roberts,Brian,1610612766,CHA,Charlotte Hornets,21500550,2016-01-09T00:00:00,CHA @ LAC,L,9.9,0.0,2.0,0.0,2.0,2.0,0.0,4.0,10.0,0.0,0.0,0.0,1.0,6.5,1,13074,13074,13074,22507,12059,4731,9917,12984,2619,1,8806,20209,8004,1,1,12373,21519,1.0,9:51,2015,2016
2015-16,203143,Pablo Prigioni,Pablo,1610612746,LAC,LA Clippers,21500550,2016-01-09T00:00:00,LAC vs. CHA,W,16.8,0.0,0.0,0.0,0.0,3.0,9.0,4.0,14.0,0.0,0.0,3.0,1.0,9.6,1,1,1,1,18435,12059,10158,9917,18861,5109,19144,8806,17019,8004,1,17641,12373,19434,1.0,16:47,2015,2016
2015-16,2405,Amar'e Stoudemire,Amar'e,1610612748,MIA,Miami Heat,21500555,2016-01-09T00:00:00,MIA @ UTA,L,6.3,0.0,2.0,0.0,0.0,0.0,2.0,0.0,4.0,0.0,1.0,0.0,1.0,4.4,1,13074,13074,13074,23817,12059,4731,9917,18861,1,3734,1,23698,8004,17214,1,12373,22837,1.0,6:20,2015,2016
2015-16,200794,Paul Millsap,Paul,1610612737,ATL,Atlanta Hawks,21500551,2016-01-09T00:00:00,ATL vs. CHI,W,32.0,2.0,0.0,0.0,12.0,13.0,10.0,16.0,28.0,6.0,1.0,3.0,4.0,54.1,1,1,1,1,5914,6026,10158,9917,988,21300,20509,24641,5824,19,17214,17641,2748,447,1.0,31:58,2015,2016
2015-16,2200,Pau Gasol,Pau,1610612741,CHI,Chicago Bulls,21500551,2016-01-09T00:00:00,CHI @ ATL,L,32.4,2.0,1.0,2.0,6.0,15.0,8.0,9.0,42.0,1.0,3.0,0.0,2.0,24.9,1,13074,13074,13074,5552,6026,9709,4675,5299,23079,17345,18829,670,2692,25441,1,7786,8553,1.0,32:26,2015,2016
2015-16,201143,Al Horford,Al,1610612737,ATL,Atlanta Hawks,21500551,2016-01-09T00:00:00,ATL vs. CHI,W,36.3,10.0,4.0,4.0,24.0,13.0,8.0,10.0,26.0,4.0,1.0,2.0,2.0,69.0,1,1,1,1,2545,99,1596,1913,14,21300,17345,20169,7214,132,17214,11390,7786,54,1.0,36:18,2015,2016
2015-16,202703,Nikola Mirotic,Nikola,1610612741,CHI,Chicago Bulls,21500551,2016-01-09T00:00:00,CHI @ ATL,L,38.3,2.0,3.0,3.0,6.0,19.0,10.0,13.0,58.0,2.0,3.0,4.0,2.0,45.5,1,13074,13074,13074,1383,6026,3104,3302,5299,25074,20509,23048,14,932,25441,22104,7786,1278,1.0,38:17,2015,2016
2015-16,202355,Hassan Whiteside,Hassan,1610612748,MIA,Miami Heat,21500555,2016-01-09T00:00:00,MIA @ UTA,L,30.8,0.0,5.0,0.0,8.0,14.0,10.0,2.0,28.0,4.0,1.0,3.0,6.0,37.2,1,13074,13074,13074,6904,12059,995,9917,3109,22292,20509,4025,5824,132,17214,17641,873,3130,1.0,30:47,2015,2016
2015-16,203110,Draymond Green,Draymond,1610612744,GSW,Golden State Warriors,21500556,2016-01-09T00:00:00,GSW @ SAC,W,34.0,0.0,0.0,4.0,6.0,14.0,8.0,18.0,34.0,2.0,1.0,3.0,7.0,49.8,1,1,1,1,4332,12059,10158,1913,5299,22292,17345,25228,2701,932,17214,17641,469,775,1.0,34:02,2015,2016
2015-16,203457,Nerlens Noel,Nerlens,1610612755,PHI,Philadelphia 76ers,21500554,2016-01-09T00:00:00,PHI vs. TOR,L,33.0,0.0,0.0,0.0,2.0,13.0,8.0,8.0,38.0,3.0,0.0,3.0,2.0,29.6,1,13074,13074,13074,5167,12059,10158,9917,12984,21300,17345,17194,1422,347,1,17641,7786,6050,1.0,32:57,2015,2016
2015-16,202326,DeMarcus Cousins,DeMarcus,1610612758,SAC,Sacramento Kings,21500556,2016-01-09T00:00:00,SAC vs. GSW,L,30.3,6.0,2.0,7.0,14.0,2.0,3.0,11.0,28.0,0.0,1.0,4.0,7.0,53.5,1,13074,13074,13074,7231,878,4731,454,542,2619,7138,21342,5824,8004,17214,22104,469,495,1.0,30:21,2015,2016
2015-16,201599,DeAndre Jordan,DeAndre,1610612746,LAC,LA Clippers,21500550,2016-01-09T00:00:00,LAC vs. CHA,W,35.4,0.0,4.0,0.0,8.0,4.0,6.0,7.0,24.0,4.0,0.0,2.0,4.0,48.8,1,1,1,1,3208,12059,1596,9917,3109,6141,13237,15538,8723,132,1,11390,2748,881,1.0,35:25,2015,2016
2015-16,203526,Raul Neto,Raul,1610612762,UTA,Utah Jazz,21500555,2016-01-09T00:00:00,UTA vs. MIA,W,33.2,4.0,0.0,0.0,6.0,10.0,12.0,9.0,28.0,0.0,1.0,2.0,3.0,29.9,1,1,1,1,5003,2460,10158,9917,5299,17370,22832,18829,5824,8004,17214,11390,4736,5884,1.0,33:09,2015,2016
2015-16,203083,Andre Drummond,Andre,1610612765,DET,Detroit Pistons,21500553,2016-01-09T00:00:00,DET vs. BKN,W,33.1,4.0,4.0,4.0,22.0,2.0,6.0,3.0,34.0,2.0,0.0,3.0,5.0,50.2,1,1,1,1,5055,2460,1596,1913,25,2619,13237,7328,2701,932,1,17641,1539,733,1.0,33:05,2015,2016
2015-16,201939,Stephen Curry,Stephen,1610612744,GSW,Golden State Warriors,21500556,2016-01-09T00:00:00,GSW @ SAC,W,37.9,0.0,3.0,3.0,6.0,14.0,6.0,24.0,40.0,1.0,0.0,3.0,7.0,63.7,1,1,1,1,1555,12059,3104,3302,5299,22292,13237,25937,983,2692,1,17641,469,108,1.0,37:54,2015,2016
2015-16,200752,Rudy Gay,Rudy,1610612758,SAC,Sacramento Kings,21500556,2016-01-09T00:00:00,SAC vs. GSW,L,38.9,2.0,4.0,2.0,10.0,5.0,9.0,18.0,42.0,1.0,0.0,0.0,3.0,44.3,1,13074,13074,13074,1108,6026,1596,4675,1840,8403,19144,25228,670,2692,1,1,4736,1499,1.0,38:54,2015,2016
2015-16,202322,John Wall,John,1610612764,WAS,Washington Wizards,21500552,2016-01-09T00:00:00,WAS @ ORL,W,35.2,4.0,0.0,8.0,8.0,14.0,8.0,4.0,26.0,0.0,0.0,2.0,3.0,50.0,1,1,1,1,3413,2460,10158,280,3109,22292,17345,8806,7214,8004,1,11390,4736,756,1.0,35:10,2015,2016
2015-16,2207,Joe Johnson,Joe,1610612751,BKN,Brooklyn Nets,21500553,2016-01-09T00:00:00,BKN @ DET,L,33.7,2.0,0.0,0.0,6.0,6.0,10.0,13.0,44.0,0.0,0.0,0.0,0.0,24.8,1,13074,13074,13074,4581,6026,10158,9917,5299,10028,20509,23048,454,8004,1,1,18762,8614,1.0,33:43,2015,2016
2015-16,2547,Chris Bosh,Chris,1610612748,MIA,Miami Heat,21500555,2016-01-09T00:00:00,MIA @ UTA,L,35.1,2.0,2.0,0.0,12.0,12.0,6.0,2.0,26.0,0.0,0.0,2.0,1.0,37.4,1,13074,13074,13074,3440,6026,4731,9917,988,20178,13237,4025,7214,8004,1,11390,12373,3073,1.0,35:08,2015,2016
2015-16,202691,Klay Thompson,Klay,1610612744,GSW,Golden State Warriors,21500556,2016-01-09T00:00:00,GSW @ SAC,W,34.6,0.0,4.0,4.0,12.0,14.0,8.0,18.0,34.0,1.0,0.0,1.0,3.0,29.8,1,1,1,1,3853,12059,1596,1913,988,22292,17345,25228,2701,2692,1,4972,4736,5948,1.0,34:37,2015,2016
2015-16,202397,Ish Smith,Ish,1610612755,PHI,Philadelphia 76ers,21500554,2016-01-09T00:00:00,PHI vs. TOR,L,33.2,6.0,4.0,2.0,16.0,12.0,8.0,8.0,38.0,0.0,2.0,1.0,4.0,48.0,1,13074,13074,13074,5003,878,1596,4675,275,20178,17345,17194,1422,8004,23588,4972,2748,960,1.0,33:09,2015,2016
2015-16,202388,Donald Sloan,Donald,1610612751,BKN,Brooklyn Nets,21500553,2016-01-09T00:00:00,BKN @ DET,L,23.8,0.0,2.0,1.0,6.0,11.0,9.0,14.0,32.0,0.0,0.0,1.0,2.0,29.4,1,13074,13074,13074,12758,12059,4731,9347,5299,18886,19144,23710,3535,8004,1,4972,7786,6143,1.0,23:47,2015,2016
2015-16,101108,Chris Paul,Chris,1610612746,LAC,LA Clippers,21500550,2016-01-09T00:00:00,LAC vs. CHA,W,31.2,5.0,0.0,2.0,8.0,4.0,6.0,7.0,24.0,1.0,0.0,4.0,1.0,47.9,1,1,1,1,6536,1603,10158,4675,3109,6141,13237,15538,8723,2692,1,22104,12373,970,1.0,31:13,2015,2016
2015-16,204456,T.J. McConnell,T.J.,1610612755,PHI,Philadelphia 76ers,21500554,2016-01-09T00:00:00,PHI vs. TOR,L,14.9,0.0,0.0,0.0,2.0,3.0,2.0,2.0,14.0,0.0,0.0,1.0,0.0,24.2,1,13074,13074,13074,19864,12059,10158,9917,12984,5109,3734,4025,17019,8004,1,4972,18762,9009,1.0,14:51,2015,2016
2015-16,202704,Reggie Jackson,Reggie,1610612765,DET,Detroit Pistons,21500553,2016-01-09T00:00:00,DET vs. BKN,W,32.6,0.0,0.0,7.0,12.0,4.0,2.0,5.0,30.0,0.0,2.0,3.0,1.0,36.6,1,1,1,1,5434,12059,10158,454,988,6141,3734,11593,4541,8004,23588,17641,12373,3288,1.0,32:35,2015,2016
2015-16,201954,Darren Collison,Darren,1610612758,SAC,Sacramento Kings,21500556,2016-01-09T00:00:00,SAC vs. GSW,L,31.5,0.0,0.0,7.0,6.0,4.0,5.0,9.0,32.0,0.0,2.0,1.0,4.0,29.4,1,13074,13074,13074,6324,12059,10158,454,5299,6141,11469,18829,3535,8004,23588,4972,2748,6143,1.0,31:29,2015,2016
2015-16,201575,Brandon Rush,Brandon,1610612744,GSW,Golden State Warriors,21500556,2016-01-09T00:00:00,GSW @ SAC,W,19.3,3.0,0.0,2.0,2.0,4.0,2.0,11.0,18.0,1.0,0.0,1.0,1.0,19.9,1,1,1,1,16480,4307,10158,4675,12984,6141,3734,21342,13577,2692,1,4972,12373,11824,1.0,19:16,2015,2016
2015-16,1718,Paul Pierce,Paul,1610612746,LAC,LA Clippers,21500550,2016-01-09T00:00:00,LAC vs. CHA,W,19.4,0.0,0.0,0.0,0.0,4.0,2.0,4.0,18.0,2.0,0.0,1.0,1.0,15.4,1,1,1,1,16363,12059,10158,9917,18861,6141,3734,8806,13577,932,1,4972,12373,15066,1.0,19:26,2015,2016
2015-16,101162,Marcin Gortat,Marcin,1610612764,WAS,Washington Wizards,21500552,2016-01-09T00:00:00,WAS @ ORL,W,33.2,2.0,2.0,0.0,4.0,14.0,10.0,2.0,18.0,1.0,0.0,3.0,5.0,30.5,1,1,1,1,4985,6026,4731,9917,8599,22292,20509,4025,13577,2692,1,17641,1539,5620,1.0,33:10,2015,2016
2015-16,201160,Jason Smith,Jason,1610612753,ORL,Orlando Magic,21500552,2016-01-09T00:00:00,ORL vs. WAS,L,12.7,0.0,0.0,0.0,2.0,2.0,2.0,2.0,6.0,0.0,0.0,1.0,3.0,15.2,1,13074,13074,13074,21112,12059,10158,9917,12984,2619,3734,4025,22724,8004,1,4972,4736,15219,1.0,12:44,2015,2016
2015-16,203082,Terrence Ross,Terrence,1610612761,TOR,Toronto Raptors,21500554,2016-01-09T00:00:00,TOR @ PHI,W,23.8,1.0,2.0,2.0,2.0,10.0,10.0,4.0,18.0,0.0,0.0,2.0,2.0,20.4,1,1,1,1,12758,11535,4731,4675,12984,17370,20509,8806,13577,8004,1,11390,7786,11453,1.0,23:47,2015,2016
2015-16,203463,Ben McLemore,Ben,1610612758,SAC,Sacramento Kings,21500556,2016-01-09T00:00:00,SAC vs. GSW,L,27.3,6.0,0.0,4.0,4.0,5.0,4.0,9.0,24.0,0.0,1.0,3.0,3.0,15.4,1,13074,13074,13074,9800,878,10158,1913,8599,8403,8458,18829,8723,8004,17214,17641,4736,15066,1.0,27:16,2015,2016
2015-16,202696,Nikola Vučević,Nikola,1610612753,ORL,Orlando Magic,21500552,2016-01-09T00:00:00,ORL vs. WAS,L,34.7,4.0,6.0,0.0,8.0,18.0,8.0,18.0,22.0,0.0,0.0,3.0,5.0,42.3,1,13074,13074,13074,3823,2460,481,9917,3109,24749,17345,25228,10265,8004,1,17641,1539,1877,1.0,34:39,2015,2016
2015-16,201150,Spencer Hawes,Spencer,1610612766,CHA,Charlotte Hornets,21500550,2016-01-09T00:00:00,CHA @ LAC,L,14.9,0.0,0.0,2.0,2.0,5.0,2.0,2.0,10.0,0.0,0.0,0.0,1.0,12.3,1,13074,13074,13074,19828,12059,10158,4675,12984,8403,3734,4025,20209,8004,1,1,12373,17524,1.0,14:54,2015,2016
2015-16,101106,Andrew Bogut,Andrew,1610612744,GSW,Golden State Warriors,21500556,2016-01-09T00:00:00,GSW @ SAC,W,22.6,0.0,2.0,0.0,2.0,11.0,4.0,18.0,30.0,0.0,1.0,5.0,1.0,19.7,1,1,1,1,13722,12059,4731,9917,12984,18886,8458,25228,4541,8004,17214,24686,12373,11962,1.0,22:34,2015,2016
2015-16,203917,Nik Stauskas,Nik,1610612755,PHI,Philadelphia 76ers,21500554,2016-01-09T00:00:00,PHI vs. TOR,L,24.1,0.0,0.0,0.0,0.0,11.0,5.0,2.0,24.0,1.0,0.0,3.0,0.0,12.0,1,13074,13074,13074,12491,12059,10158,9917,18861,18886,11469,4025,8723,2692,1,17641,18762,17703,1.0,24:04,2015,2016
2015-16,203138,Hollis Thompson,Hollis,1610612755,PHI,Philadelphia 76ers,21500554,2016-01-09T00:00:00,PHI vs. TOR,L,30.7,2.0,0.0,2.0,0.0,8.0,8.0,8.0,32.0,0.0,1.0,4.0,2.0,11.9,1,13074,13074,13074,6961,6026,10158,4675,18861,13914,17345,17194,3535,8004,17214,22104,7786,17760,1.0,30:41,2015,2016
2015-16,203481,Jeff Withey,Jeff,1610612762,UTA,Utah Jazz,21500555,2016-01-09T00:00:00,UTA vs. MIA,W,19.5,0.0,4.0,0.0,4.0,8.0,1.0,7.0,16.0,1.0,0.0,1.0,0.0,15.1,1,1,1,1,16306,12059,1596,9917,8599,13914,3393,15538,15259,2692,1,4972,18762,15328,1.0,19:31,2015,2016
2015-16,2736,Luol Deng,Luol,1610612748,MIA,Miami Heat,21500555,2016-01-09T00:00:00,MIA @ UTA,L,32.7,0.0,0.0,0.0,4.0,16.0,12.0,0.0,28.0,1.0,0.0,1.0,1.0,15.1,1,13074,13074,13074,5337,12059,10158,9917,8599,23774,22832,1,5824,2692,1,4972,12373,15328,1.0,32:42,2015,2016
2015-16,203484,Kentavious Caldwell-Pope,Kentavious,1610612765,DET,Detroit Pistons,21500553,2016-01-09T00:00:00,DET vs. BKN,W,36.7,0.0,0.0,3.0,4.0,4.0,6.0,5.0,38.0,0.0,0.0,0.0,1.0,20.6,1,1,1,1,2285,12059,10158,3302,8599,6141,13237,11593,1422,8004,1,1,12373,11314,1.0,36:42,2015,2016
2015-16,1626143,Jahlil Okafor,Jahlil,1610612755,PHI,Philadelphia 76ers,21500554,2016-01-09T00:00:00,PHI vs. TOR,L,33.7,1.0,7.0,0.0,18.0,8.0,7.0,2.0,28.0,1.0,1.0,3.0,4.0,41.2,1,13074,13074,13074,4617,11535,292,9917,131,13914,15642,4025,5824,2692,17214,17641,2748,2099,1.0,33:40,2015,2016
2015-16,204060,Joe Ingles,Joe,1610612762,UTA,Utah Jazz,21500555,2016-01-09T00:00:00,UTA vs. MIA,W,24.0,0.0,0.0,0.0,0.0,6.0,5.0,5.0,24.0,0.0,2.0,1.0,0.0,15.3,1,1,1,1,12584,12059,10158,9917,18861,10028,11469,11593,8723,8004,23588,4972,18762,15150,1.0,23:59,2015,2016
2015-16,203900,Markel Brown,Markel,1610612751,BKN,Brooklyn Nets,21500553,2016-01-09T00:00:00,BKN @ DET,L,14.1,0.0,0.0,2.0,0.0,0.0,6.0,7.0,24.0,0.0,0.0,1.0,0.0,11.6,1,13074,13074,13074,20328,12059,10158,4675,18861,1,13237,15538,8723,8004,1,4972,18762,17970,1.0,14:08,2015,2016
2015-16,203118,Mike Scott,Mike,1610612737,ATL,Atlanta Hawks,21500551,2016-01-09T00:00:00,ATL vs. CHI,W,17.7,4.0,2.0,4.0,8.0,7.0,7.0,0.0,14.0,1.0,0.0,2.0,0.0,27.1,1,1,1,1,17790,2460,4731,1913,3109,12242,15642,1,17019,2692,1,11390,18762,7339,1.0,17:39,2015,2016
2015-16,203504,Trey Burke,Trey,1610612762,UTA,Utah Jazz,21500555,2016-01-09T00:00:00,UTA vs. MIA,W,18.6,0.0,0.0,0.0,0.0,4.0,4.0,0.0,18.0,0.0,1.0,1.0,1.0,15.7,1,1,1,1,17002,12059,10158,9917,18861,6141,8458,1,13577,8004,17214,4972,12373,14841,1.0,18:37,2015,2016
2015-16,101107,Marvin Williams,Marvin,1610612766,CHA,Charlotte Hornets,21500550,2016-01-09T00:00:00,CHA @ LAC,L,30.0,0.0,0.0,0.0,4.0,5.0,6.0,2.0,22.0,1.0,1.0,1.0,0.0,15.1,1,13074,13074,13074,7547,12059,10158,9917,8599,8403,13237,4025,10265,2692,17214,4972,18762,15328,1.0,30:00,2015,2016
2015-16,101112,Channing Frye,Channing,1610612753,ORL,Orlando Magic,21500552,2016-01-09T00:00:00,ORL vs. WAS,L,18.2,3.0,2.0,0.0,4.0,13.0,3.0,14.0,16.0,0.0,0.0,1.0,1.0,15.8,1,13074,13074,13074,17332,4307,4731,9917,8599,21300,7138,23710,15259,8004,1,4972,12373,14754,1.0,18:13,2015,2016
2015-16,200768,Kyle Lowry,Kyle,1610612761,TOR,Toronto Raptors,21500554,2016-01-09T00:00:00,TOR @ PHI,W,38.7,0.0,0.0,2.0,14.0,7.0,11.0,2.0,36.0,0.0,1.0,3.0,5.0,42.7,1,1,1,1,1197,12059,10158,4675,542,12242,21814,4025,1943,8004,17214,17641,1539,1800,1.0,38:40,2015,2016
2015-16,2037,Jamal Crawford,Jamal,1610612746,LAC,LA Clippers,21500550,2016-01-09T00:00:00,LAC vs. CHA,W,30.7,2.0,0.0,4.0,4.0,5.0,13.0,9.0,26.0,0.0,0.0,1.0,0.0,20.2,1,1,1,1,6938,6026,10158,1913,8599,8403,23668,18829,7214,8004,1,4972,18762,11610,1.0,30:43,2015,2016
2015-16,1626209,Mario Hezonja,Mario,1610612753,ORL,Orlando Magic,21500552,2016-01-09T00:00:00,ORL vs. WAS,L,21.8,0.0,0.0,2.0,4.0,4.0,4.0,6.0,12.0,1.0,1.0,1.0,4.0,20.1,1,13074,13074,13074,14302,12059,10158,4675,8599,6141,8458,13388,18637,2692,17214,4972,2748,11685,1.0,21:50,2015,2016
2015-16,101141,Ersan Ilyasova,Ersan,1610612765,DET,Detroit Pistons,21500553,2016-01-09T00:00:00,DET vs. BKN,W,29.3,5.0,9.0,6.0,10.0,4.0,6.0,5.0,32.0,1.0,0.0,2.0,4.0,41.1,1,1,1,1,8109,1603,77,740,1840,6141,13237,11593,3535,2692,1,11390,2748,2123,1.0,29:19,2015,2016
2015-16,201565,Derrick Rose,Derrick,1610612741,CHI,Chicago Bulls,21500551,2016-01-09T00:00:00,CHI @ ATL,L,35.5,6.0,0.0,4.0,6.0,17.0,8.0,11.0,50.0,1.0,2.0,1.0,4.0,31.1,1,13074,13074,13074,3147,878,10158,1913,5299,24337,17345,21342,107,2692,23588,4972,2748,5354,1.0,35:29,2015,2016
2015-16,202710,Jimmy Butler III,Jimmy,1610612741,CHI,Chicago Bulls,21500551,2016-01-09T00:00:00,CHI @ ATL,L,39.4,3.0,8.0,5.0,12.0,19.0,10.0,11.0,54.0,1.0,2.0,4.0,11.0,42.6,1,13074,13074,13074,913,4307,137,1277,988,25074,20509,21342,35,2692,23588,22104,44,1822,1.0,39:26,2015,2016
2015-16,202066,Garrett Temple,Garrett,1610612764,WAS,Washington Wizards,21500552,2016-01-09T00:00:00,WAS @ ORL,W,33.4,0.0,3.0,2.0,6.0,12.0,8.0,3.0,22.0,0.0,2.0,4.0,0.0,19.8,1,1,1,1,4838,12059,3104,4675,5299,20178,17345,7328,10265,8004,23588,22104,18762,11883,1.0,33:22,2015,2016
2015-16,2733,Shaun Livingston,Shaun,1610612744,GSW,Golden State Warriors,21500556,2016-01-09T00:00:00,GSW @ SAC,W,15.7,0.0,0.0,0.0,0.0,8.0,2.0,11.0,18.0,1.0,0.0,2.0,0.0,17.6,1,1,1,1,19279,12059,10158,9917,18861,13914,3734,21342,13577,2692,1,11390,18762,13443,1.0,15:41,2015,2016
2015-16,202391,Jeremy Lin,Jeremy,1610612766,CHA,Charlotte Hornets,21500550,2016-01-09T00:00:00,CHA @ LAC,L,40.8,3.0,3.0,2.0,8.0,10.0,8.0,6.0,32.0,0.0,0.0,5.0,8.0,37.8,1,13074,13074,13074,517,4307,3104,4675,3109,17370,17345,13388,3535,8004,1,24686,254,2956,1.0,40:50,2015,2016
2015-16,203506,Victor Oladipo,Victor,1610612753,ORL,Orlando Magic,21500552,2016-01-09T00:00:00,ORL vs. WAS,L,38.7,8.0,0.0,3.0,2.0,16.0,6.0,18.0,20.0,1.0,1.0,2.0,4.0,28.1,1,13074,13074,13074,1178,308,10158,3302,12984,23774,13237,25228,11929,2692,17214,11390,2748,6818,1.0,38:43,2015,2016
2015-16,203471,Dennis Schröder,Dennis,1610612737,ATL,Atlanta Hawks,21500551,2016-01-09T00:00:00,ATL vs. CHI,W,21.5,2.0,0.0,2.0,4.0,8.0,8.0,2.0,14.0,1.0,1.0,2.0,1.0,38.0,1,1,1,1,14642,6026,10158,4675,8599,13914,17345,4025,17019,2692,17214,11390,12373,2903,1.0,21:27,2015,2016
2015-16,201229,Anthony Tolliver,Anthony,1610612765,DET,Detroit Pistons,21500553,2016-01-09T00:00:00,DET vs. BKN,W,18.7,5.0,0.0,4.0,2.0,0.0,4.0,0.0,16.0,1.0,0.0,0.0,1.0,22.6,1,1,1,1,16960,1603,10158,1913,12984,1,8458,1,15259,2692,1,1,12373,10000,1.0,18:41,2015,2016
2015-16,203469,Cody Zeller,Cody,1610612766,CHA,Charlotte Hornets,21500550,2016-01-09T00:00:00,CHA @ LAC,L,33.1,2.0,3.0,2.0,4.0,9.0,6.0,4.0,24.0,1.0,3.0,4.0,3.0,22.6,1,13074,13074,13074,5044,6026,3104,4675,8599,15771,13237,8806,8723,2692,25441,22104,4736,10000,1.0,33:06,2015,2016
2015-16,201152,Thaddeus Young,Thaddeus,1610612751,BKN,Brooklyn Nets,21500553,2016-01-09T00:00:00,BKN @ DET,L,28.7,0.0,0.0,2.0,8.0,11.0,11.0,17.0,42.0,0.0,2.0,3.0,2.0,21.8,1,13074,13074,13074,8663,12059,10158,4675,3109,18886,21814,24967,670,8004,23588,17641,7786,10526,1.0,28:42,2015,2016
2015-16,203087,Jeremy Lamb,Jeremy,1610612766,CHA,Charlotte Hornets,21500550,2016-01-09T00:00:00,CHA @ LAC,L,34.2,2.0,5.0,2.0,8.0,9.0,4.0,4.0,24.0,1.0,0.0,1.0,0.0,38.6,1,13074,13074,13074,4216,6026,995,4675,3109,15771,8458,8806,8723,2692,1,4972,18762,2744,1.0,34:10,2015,2016
2015-16,203490,Otto Porter Jr.,Otto,1610612764,WAS,Washington Wizards,21500552,2016-01-09T00:00:00,WAS @ ORL,W,35.0,6.0,0.0,8.0,6.0,12.0,10.0,5.0,28.0,0.0,0.0,3.0,1.0,32.4,1,1,1,1,3522,878,10158,280,5299,20178,20509,11593,5824,8004,1,17641,12373,4768,1.0,35:01,2015,2016
2015-16,2594,Kyle Korver,Kyle,1610612737,ATL,Atlanta Hawks,21500551,2016-01-09T00:00:00,ATL vs. CHI,W,31.1,3.0,0.0,3.0,2.0,10.0,7.0,16.0,26.0,1.0,0.0,3.0,0.0,16.9,1,1,1,1,6626,4307,10158,3302,12984,17370,15642,24641,7214,2692,1,17641,18762,13911,1.0,31:08,2015,2016
2015-16,2757,Beno Udrih,Beno,1610612748,MIA,Miami Heat,21500555,2016-01-09T00:00:00,MIA @ UTA,L,20.0,0.0,3.0,0.0,2.0,7.0,8.0,0.0,14.0,0.0,0.0,1.0,1.0,16.8,1,13074,13074,13074,15922,12059,3104,9917,12984,12242,17345,1,17019,8004,1,4972,12373,13996,1.0,19:59,2015,2016
2015-16,202685,Jonas Valančiūnas,Jonas,1610612761,TOR,Toronto Raptors,21500554,2016-01-09T00:00:00,TOR @ PHI,W,28.9,0.0,6.0,0.0,14.0,2.0,6.0,2.0,32.0,2.0,1.0,3.0,5.0,38.8,1,1,1,1,8475,12059,481,9917,542,2619,13237,4025,3535,932,17214,17641,1539,2692,1.0,28:52,2015,2016
2015-16,203105,Festus Ezeli,Festus,1610612744,GSW,Golden State Warriors,21500556,2016-01-09T00:00:00,GSW @ SAC,W,16.0,0.0,0.0,0.0,8.0,5.0,4.0,5.0,18.0,1.0,1.0,4.0,1.0,22.7,1,1,1,1,19058,12059,10158,9917,3109,8403,8458,11593,13577,2692,17214,22104,12373,9938,1.0,15:59,2015,2016
2015-16,202689,Kemba Walker,Kemba,1610612766,CHA,Charlotte Hornets,21500550,2016-01-09T00:00:00,CHA @ LAC,L,38.2,0.0,0.0,3.0,8.0,12.0,8.0,2.0,24.0,0.0,4.0,3.0,5.0,13.9,1,13074,13074,13074,1447,12059,10158,3302,3109,20178,17345,4025,8723,8004,25926,17641,1539,16232,1.0,38:09,2015,2016
2015-16,203932,Aaron Gordon,Aaron,1610612753,ORL,Orlando Magic,21500552,2016-01-09T00:00:00,ORL vs. WAS,L,29.8,0.0,4.0,2.0,6.0,7.0,7.0,6.0,12.0,0.0,0.0,0.0,2.0,28.5,1,13074,13074,13074,7738,12059,1596,4675,5299,12242,15642,13388,18637,8004,1,1,7786,6613,1.0,29:47,2015,2016
2015-16,202325,Wesley Johnson,Wesley,1610612746,LAC,LA Clippers,21500550,2016-01-09T00:00:00,LAC vs. CHA,W,23.0,3.0,0.0,0.0,0.0,3.0,9.0,7.0,18.0,1.0,0.0,4.0,0.0,13.8,1,1,1,1,13411,4307,10158,9917,18861,5109,19144,15538,13577,2692,1,22104,18762,16311,1.0,22:57,2015,2016
2015-16,202330,Gordon Hayward,Gordon,1610612762,UTA,Utah Jazz,21500555,2016-01-09T00:00:00,UTA vs. MIA,W,37.2,10.0,4.0,2.0,16.0,14.0,11.0,9.0,30.0,0.0,1.0,2.0,6.0,32.3,1,1,1,1,1950,99,1596,4675,275,22292,21814,18829,4541,8004,17214,11390,873,4807,1.0,37:13,2015,2016
2015-16,2738,Andre Iguodala,Andre,1610612744,GSW,Golden State Warriors,21500556,2016-01-09T00:00:00,GSW @ SAC,W,28.5,2.0,0.0,2.0,8.0,12.0,6.0,17.0,34.0,1.0,0.0,3.0,1.0,22.4,1,1,1,1,8833,6026,10158,4675,3109,20178,13237,24967,2701,2692,1,17641,12373,10131,1.0,28:30,2015,2016
2015-16,201942,DeMar DeRozan,DeMar,1610612761,TOR,Toronto Raptors,21500554,2016-01-09T00:00:00,TOR @ PHI,W,37.0,4.0,0.0,2.0,12.0,14.0,10.0,6.0,36.0,0.0,2.0,0.0,1.0,32.9,1,1,1,1,2077,2460,10158,4675,988,22292,20509,13388,1943,8004,23588,1,12373,4566,1.0,37:00,2015,2016
2015-16,101123,Gerald Green,Gerald,1610612748,MIA,Miami Heat,21500555,2016-01-09T00:00:00,MIA @ UTA,L,34.2,4.0,4.0,0.0,4.0,6.0,12.0,2.0,26.0,1.0,1.0,5.0,2.0,28.7,1,13074,13074,13074,4212,2460,1596,9917,8599,10028,22832,4025,7214,2692,17214,24686,7786,6514,1.0,34:11,2015,2016
2015-16,202699,Tobias Harris,Tobias,1610612753,ORL,Orlando Magic,21500552,2016-01-09T00:00:00,ORL vs. WAS,L,35.5,0.0,2.0,0.0,6.0,20.0,8.0,18.0,24.0,0.0,1.0,1.0,2.0,22.3,1,13074,13074,13074,3147,12059,4731,9917,5299,25338,17345,25228,8723,8004,17214,4972,7786,10208,1.0,35:29,2015,2016
2015-16,1626169,Stanley Johnson,Stanley,1610612765,DET,Detroit Pistons,21500553,2016-01-09T00:00:00,DET vs. BKN,W,39.1,0.0,2.0,0.0,2.0,4.0,6.0,5.0,40.0,1.0,1.0,0.0,0.0,22.3,1,1,1,1,1046,12059,4731,9917,12984,6141,13237,11593,983,2692,17214,1,18762,10208,1.0,39:04,2015,2016
2015-16,203894,Shabazz Napier,Shabazz,1610612753,ORL,Orlando Magic,21500552,2016-01-09T00:00:00,ORL vs. WAS,L,9.3,0.0,0.0,0.0,0.0,4.0,4.0,2.0,8.0,0.0,0.0,1.0,2.0,3.2,1,13074,13074,13074,22724,12059,10158,9917,18861,6141,8458,4025,21543,8004,1,4972,7786,23473,1.0,9:17,2015,2016
2015-16,200755,JJ Redick,JJ,1610612746,LAC,LA Clippers,21500550,2016-01-09T00:00:00,LAC vs. CHA,W,28.5,2.0,0.0,0.0,0.0,4.0,6.0,4.0,22.0,0.0,1.0,1.0,7.0,21.4,1,1,1,1,8779,6026,10158,9917,18861,6141,13237,8806,10265,8004,17214,4972,469,10807,1.0,28:32,2015,2016
2015-16,201959,Taj Gibson,Taj,1610612741,CHI,Chicago Bulls,21500551,2016-01-09T00:00:00,CHI @ ATL,L,26.1,0.0,3.0,0.0,4.0,14.0,4.0,6.0,40.0,0.0,0.0,1.0,2.0,12.8,1,13074,13074,13074,10741,12059,3104,9917,8599,22292,8458,13388,983,8004,1,4972,7786,17129,1.0,26:07,2015,2016
2015-16,203924,Jerami Grant,Jerami,1610612755,PHI,Philadelphia 76ers,21500554,2016-01-09T00:00:00,PHI vs. TOR,L,22.1,0.0,0.0,0.0,2.0,7.0,2.0,0.0,22.0,0.0,1.0,2.0,3.0,8.3,1,13074,13074,13074,14099,12059,10158,9917,12984,12242,3734,1,10265,8004,17214,11390,4736,20376,1.0,22:05,2015,2016
2015-16,202687,Bismack Biyombo,Bismack,1610612761,TOR,Toronto Raptors,21500554,2016-01-09T00:00:00,TOR @ PHI,W,17.8,0.0,0.0,0.0,0.0,9.0,7.0,4.0,14.0,2.0,0.0,1.0,0.0,12.8,1,1,1,1,17694,12059,10158,9917,18861,15771,15642,8806,17019,932,1,4972,18762,17129,1.0,17:46,2015,2016
2015-16,201585,Kosta Koufos,Kosta,1610612758,SAC,Sacramento Kings,21500556,2016-01-09T00:00:00,SAC vs. GSW,L,12.0,0.0,2.0,0.0,2.0,3.0,4.0,4.0,14.0,2.0,1.0,1.0,0.0,12.7,1,13074,13074,13074,21518,12059,4731,9917,12984,5109,8458,8806,17019,932,17214,4972,18762,17201,1.0,12:02,2015,2016
2015-16,201168,Tiago Splitter,Tiago,1610612737,ATL,Atlanta Hawks,21500551,2016-01-09T00:00:00,ATL vs. CHI,W,15.4,0.0,2.0,0.0,2.0,9.0,8.0,13.0,18.0,0.0,1.0,2.0,1.0,12.4,1,1,1,1,19497,12059,4731,9917,12984,15771,17345,23048,13577,8004,17214,11390,12373,17418,1.0,15:22,2015,2016
2015-16,203095,Evan Fournier,Evan,1610612753,ORL,Orlando Magic,21500552,2016-01-09T00:00:00,ORL vs. WAS,L,36.9,4.0,0.0,2.0,8.0,16.0,8.0,16.0,20.0,0.0,0.0,1.0,1.0,16.2,1,13074,13074,13074,2117,2460,10158,4675,3109,23774,17345,24641,11929,8004,1,4972,12373,14436,1.0,36:56,2015,2016
2015-16,203499,Shane Larkin,Shane,1610612751,BKN,Brooklyn Nets,21500553,2016-01-09T00:00:00,BKN @ DET,L,24.2,0.0,0.0,0.0,6.0,8.0,6.0,12.0,28.0,0.0,0.0,0.0,3.0,12.7,1,13074,13074,13074,12370,12059,10158,9917,5299,13914,13237,22259,5824,8004,1,1,4736,17201,1.0,24:13,2015,2016
2015-16,202332,Cole Aldrich,Cole,1610612746,LAC,LA Clippers,21500550,2016-01-09T00:00:00,LAC vs. CHA,W,12.6,0.0,2.0,0.0,8.0,3.0,9.0,4.0,14.0,0.0,1.0,0.0,0.0,12.8,1,1,1,1,21218,12059,4731,9917,3109,5109,19144,8806,17019,8004,17214,1,18762,17129,1.0,12:35,2015,2016
2015-16,203085,Austin Rivers,Austin,1610612746,LAC,LA Clippers,21500550,2016-01-09T00:00:00,LAC vs. CHA,W,24.4,2.0,0.0,0.0,4.0,3.0,12.0,7.0,20.0,0.0,0.0,2.0,1.0,13.2,1,1,1,1,12241,6026,10158,9917,8599,5109,22832,15538,11929,8004,1,11390,12373,16768,1.0,24:22,2015,2016
2015-16,201158,Marco Belinelli,Marco,1610612758,SAC,Sacramento Kings,21500556,2016-01-09T00:00:00,SAC vs. GSW,L,31.9,3.0,0.0,3.0,0.0,4.0,7.0,9.0,34.0,0.0,0.0,3.0,2.0,18.1,1,13074,13074,13074,5973,4307,10158,3302,18861,6141,15642,18829,2701,8004,1,17641,7786,13090,1.0,31:54,2015,2016
2015-16,203186,Willie Reed,Willie,1610612751,BKN,Brooklyn Nets,21500553,2016-01-09T00:00:00,BKN @ DET,L,17.9,0.0,4.0,0.0,6.0,8.0,4.0,7.0,22.0,0.0,1.0,2.0,1.0,18.0,1,13074,13074,13074,17625,12059,1596,9917,5299,13914,8458,15538,10265,8004,17214,11390,12373,13164,1.0,17:52,2015,2016
2015-16,203112,Quincy Acy,Quincy,1610612758,SAC,Sacramento Kings,21500556,2016-01-09T00:00:00,SAC vs. GSW,L,21.9,0.0,0.0,0.0,4.0,5.0,4.0,9.0,20.0,0.0,0.0,3.0,3.0,12.6,1,13074,13074,13074,14290,12059,10158,9917,8599,8403,8458,18829,11929,8004,1,17641,4736,17277,1.0,21:52,2015,2016
2015-16,2449,Luis Scola,Luis,1610612761,TOR,Toronto Raptors,21500554,2016-01-09T00:00:00,TOR @ PHI,W,17.8,0.0,0.0,0.0,2.0,5.0,7.0,0.0,22.0,1.0,1.0,2.0,1.0,8.4,1,1,1,1,17684,12059,10158,9917,12984,8403,15642,1,10265,2692,17214,11390,12373,20273,1.0,17:47,2015,2016
2015-16,202335,Patrick Patterson,Patrick,1610612761,TOR,Toronto Raptors,21500554,2016-01-09T00:00:00,TOR @ PHI,W,29.6,3.0,2.0,0.0,0.0,12.0,12.0,6.0,20.0,1.0,0.0,2.0,4.0,18.4,1,1,1,1,7882,4307,4731,9917,18861,20178,22832,13388,11929,2692,1,11390,2748,12854,1.0,29:36,2015,2016
2015-16,203497,Rudy Gobert,Rudy,1610612762,UTA,Utah Jazz,21500555,2016-01-09T00:00:00,UTA vs. MIA,W,28.5,0.0,4.0,0.0,6.0,6.0,15.0,2.0,24.0,4.0,0.0,2.0,4.0,35.0,1,1,1,1,8840,12059,1596,9917,5299,10028,24781,4025,8723,132,1,11390,2748,3813,1.0,28:29,2015,2016
2015-16,201171,Carl Landry,Carl,1610612755,PHI,Philadelphia 76ers,21500554,2016-01-09T00:00:00,PHI vs. TOR,L,12.7,0.0,2.0,0.0,4.0,7.0,0.0,8.0,18.0,0.0,0.0,2.0,0.0,14.6,1,13074,13074,13074,21178,12059,4731,9917,8599,12242,1,17194,13577,8004,1,11390,18762,15699,1.0,12:39,2015,2016
2015-16,201572,Brook Lopez,Brook,1610612751,BKN,Brooklyn Nets,21500553,2016-01-09T00:00:00,BKN @ DET,L,30.1,0.0,2.0,0.0,8.0,11.0,11.0,19.0,38.0,3.0,0.0,4.0,2.0,34.9,1,13074,13074,13074,7413,12059,4731,9917,3109,18886,21814,25435,1422,347,1,22104,7786,3845,1.0,30:08,2015,2016
2015-16,201196,Ramon Sessions,Ramon,1610612764,WAS,Washington Wizards,21500552,2016-01-09T00:00:00,WAS @ ORL,W,12.9,0.0,0.0,0.0,2.0,5.0,6.0,5.0,14.0,0.0,0.0,1.0,2.0,10.0,1,1,1,1,21020,12059,10158,9917,12984,8403,13237,11593,17019,8004,1,4972,7786,19178,1.0,12:55,2015,2016
2015-16,203382,Aron Baynes,Aron,1610612765,DET,Detroit Pistons,21500553,2016-01-09T00:00:00,DET vs. BKN,W,14.9,2.0,0.0,2.0,4.0,2.0,4.0,2.0,14.0,0.0,0.0,1.0,2.0,14.5,1,1,1,1,19816,6026,10158,4675,8599,2619,8458,4025,17019,8004,1,4972,7786,15799,1.0,14:55,2015,2016
2015-16,203145,Kent Bazemore,Kent,1610612737,ATL,Atlanta Hawks,21500551,2016-01-09T00:00:00,ATL vs. CHI,W,27.2,0.0,2.0,0.0,4.0,12.0,6.0,9.0,20.0,0.0,1.0,4.0,2.0,23.3,1,1,1,1,9847,12059,4731,9917,8599,20178,13237,18829,11929,8004,17214,22104,7786,9567,1.0,27:13,2015,2016
2015-16,203503,Tony Snell,Tony,1610612741,CHI,Chicago Bulls,21500551,2016-01-09T00:00:00,CHI @ ATL,L,19.3,5.0,0.0,0.0,2.0,12.0,2.0,8.0,24.0,0.0,0.0,1.0,0.0,14.4,1,13074,13074,13074,16478,1603,10158,9917,12984,20178,3734,17194,8723,8004,1,4972,18762,15857,1.0,19:16,2015,2016
2015-16,202709,Cory Joseph,Cory,1610612761,TOR,Toronto Raptors,21500554,2016-01-09T00:00:00,TOR @ PHI,W,31.0,4.0,0.0,4.0,2.0,9.0,9.0,6.0,24.0,1.0,0.0,0.0,4.0,25.0,1,1,1,1,6727,2460,10158,1913,12984,15771,19144,13388,8723,2692,1,1,2748,8485,1.0,30:59,2015,2016
2015-16,201601,Luc Mbah a Moute,Luc,1610612746,LAC,LA Clippers,21500550,2016-01-09T00:00:00,LAC vs. CHA,W,18.0,0.0,2.0,0.0,2.0,2.0,3.0,2.0,10.0,1.0,1.0,1.0,1.0,14.8,1,1,1,1,17510,12059,4731,9917,12984,2619,7138,4025,20209,2692,17214,4972,12373,15561,1.0,18:00,2015,2016
2015-16,1626168,Trey Lyles,Trey,1610612762,UTA,Utah Jazz,21500555,2016-01-09T00:00:00,UTA vs. MIA,W,32.5,0.0,0.0,0.0,0.0,8.0,14.0,7.0,24.0,0.0,2.0,1.0,2.0,23.0,1,1,1,1,5519,12059,10158,9917,18861,13914,24300,15538,8723,8004,23588,4972,7786,9760,1.0,32:29,2015,2016
2015-16,201609,Goran Dragic,Goran,1610612748,MIA,Miami Heat,21500555,2016-01-09T00:00:00,MIA @ UTA,L,27.9,8.0,0.0,9.0,4.0,9.0,6.0,2.0,24.0,1.0,2.0,4.0,2.0,19.2,1,13074,13074,13074,9277,308,10158,184,8599,15771,13237,4025,8723,2692,23588,22104,7786,12284,1.0,27:56,2015,2016
2015-16,201162,Jared Dudley,Jared,1610612764,WAS,Washington Wizards,21500552,2016-01-09T00:00:00,WAS @ ORL,W,38.0,5.0,0.0,2.0,0.0,14.0,10.0,6.0,32.0,0.0,0.0,5.0,1.0,25.6,1,1,1,1,1500,1603,10158,4675,18861,22292,20509,13388,3535,8004,1,24686,12373,8157,1.0,38:01,2015,2016
2015-16,203926,Doug McDermott,Doug,1610612741,CHI,Chicago Bulls,21500551,2016-01-09T00:00:00,CHI @ ATL,L,24.4,2.0,0.0,2.0,4.0,13.0,6.0,11.0,36.0,0.0,1.0,2.0,0.0,9.8,1,13074,13074,13074,12233,6026,10158,4675,8599,21300,13237,21342,1943,8004,17214,11390,18762,19331,1.0,24:23,2015,2016
2015-16,2548,Dwyane Wade,Dwyane,1610612748,MIA,Miami Heat,21500555,2016-01-09T00:00:00,MIA @ UTA,L,32.6,0.0,0.0,0.0,6.0,14.0,8.0,2.0,28.0,0.0,1.0,0.0,2.0,19.0,1,13074,13074,13074,5424,12059,10158,9917,5299,22292,17345,4025,5824,8004,17214,1,7786,12440,1.0,32:36,2015,2016
2015-16,203501,Tim Hardaway Jr.,Tim,1610612737,ATL,Atlanta Hawks,21500551,2016-01-09T00:00:00,ATL vs. CHI,W,16.4,2.0,0.0,2.0,2.0,8.0,8.0,0.0,14.0,0.0,0.0,1.0,0.0,9.7,1,1,1,1,18762,6026,10158,4675,12984,13914,17345,1,17019,8004,1,4972,18762,19379,1.0,16:22,2015,2016
2015-16,203084,Harrison Barnes,Harrison,1610612744,GSW,Golden State Warriors,21500556,2016-01-09T00:00:00,GSW @ SAC,W,24.2,2.0,0.0,3.0,4.0,8.0,0.0,10.0,18.0,0.0,0.0,2.0,1.0,14.3,1,1,1,1,12379,6026,10158,3302,8599,13914,1,20169,13577,8004,1,11390,12373,15948,1.0,24:12,2015,2016
2015-16,202390,Gary Neal,Gary,1610612764,WAS,Washington Wizards,21500552,2016-01-09T00:00:00,WAS @ ORL,W,22.1,3.0,5.0,0.0,2.0,13.0,8.0,7.0,22.0,1.0,0.0,2.0,0.0,23.7,1,1,1,1,14093,4307,995,9917,12984,21300,17345,15538,10265,2692,1,11390,18762,9329,1.0,22:06,2015,2016
2015-16,201952,Jeff Teague,Jeff,1610612737,ATL,Atlanta Hawks,21500551,2016-01-09T00:00:00,ATL vs. CHI,W,25.5,0.0,0.0,0.0,8.0,12.0,7.0,14.0,24.0,0.0,0.0,0.0,1.0,23.4,1,1,1,1,11302,12059,10158,9917,3109,20178,15642,23710,8723,8004,1,1,12373,9501,1.0,25:29,2015,2016
2015-16,203200,Justin Holiday,Justin,1610612737,ATL,Atlanta Hawks,21500551,2016-01-09T00:00:00,ATL vs. CHI,W,11.8,0.0,0.0,0.0,0.0,4.0,6.0,0.0,12.0,0.0,1.0,3.0,1.0,10.4,1,1,1,1,21684,12059,10158,9917,18861,6141,13237,1,18637,8004,17214,17641,12373,18859,1.0,11:48,2015,2016
2015-16,203187,Chris Johnson,Chris,1610612762,UTA,Utah Jazz,21500555,2016-01-09T00:00:00,UTA vs. MIA,W,31.0,2.0,2.0,0.0,6.0,8.0,16.0,4.0,20.0,2.0,1.0,5.0,0.0,33.3,1,1,1,1,6692,6026,4731,9917,5299,13914,25155,8806,11929,932,17214,24686,18762,4423,1.0,31:02,2015,2016
2015-16,202334,Ed Davis,Ed,1610612757,POR,Portland Trail Blazers,21500548,2016-01-08T00:00:00,POR vs. GSW,L,15.6,0.0,0.0,0.0,4.0,5.0,7.0,2.0,8.0,0.0,0.0,2.0,1.0,14.9,1,13074,13074,13074,19322,12059,10158,9917,8599,8403,15642,4025,21543,8004,1,11390,12373,15463,1.0,15:38,2015,2016
2015-16,202083,Wesley Matthews,Wesley,1610612742,DAL,Dallas Mavericks,21500545,2016-01-08T00:00:00,DAL @ MIL,L,38.6,0.0,0.0,3.0,0.0,17.0,9.0,15.0,52.0,1.0,0.0,3.0,2.0,25.9,1,13074,13074,13074,1213,12059,10158,3302,18861,24337,19144,24242,59,2692,1,17641,7786,7960,1.0,38:37,2015,2016
2015-16,202389,Timofey Mozgov,Timofey,1610612739,CLE,Cleveland Cavaliers,21500543,2016-01-08T00:00:00,CLE @ MIN,W,24.0,2.0,2.0,2.0,4.0,6.0,4.0,2.0,10.0,2.0,1.0,3.0,1.0,23.3,1,1,1,1,12601,6026,4731,4675,8599,10028,8458,4025,20209,932,17214,17641,12373,9567,1.0,23:58,2015,2016
2015-16,2210,Richard Jefferson,Richard,1610612739,CLE,Cleveland Cavaliers,21500543,2016-01-08T00:00:00,CLE @ MIN,W,15.8,0.0,2.0,0.0,0.0,2.0,4.0,0.0,10.0,0.0,0.0,4.0,1.0,10.0,1,1,1,1,19214,12059,4731,9917,18861,2619,8458,1,20209,8004,1,22104,12373,19178,1.0,15:46,2015,2016
2015-16,203141,Mirza Teletovic,Mirza,1610612756,PHX,Phoenix Suns,21500547,2016-01-08T00:00:00,PHX vs. MIA,L,18.5,3.0,5.0,3.0,4.0,11.0,2.0,13.0,12.0,0.0,0.0,2.0,0.0,18.9,1,13074,13074,13074,17124,4307,995,3302,8599,18886,3734,23048,18637,8004,1,11390,18762,12513,1.0,18:27,2015,2016
2015-16,202328,Greg Monroe,Greg,1610612749,MIL,Milwaukee Bucks,21500545,2016-01-08T00:00:00,MIL vs. DAL,W,27.7,3.0,6.0,0.0,4.0,9.0,7.0,6.0,20.0,0.0,0.0,3.0,4.0,23.4,1,1,1,1,9457,4307,481,9917,8599,15771,15642,13388,11929,8004,1,17641,2748,9501,1.0,27:43,2015,2016
2015-16,977,Kobe Bryant,Kobe,1610612747,LAL,Los Angeles Lakers,21500549,2016-01-08T00:00:00,LAL vs. OKC,L,28.5,4.0,4.0,4.0,8.0,9.0,17.0,9.0,38.0,0.0,0.0,3.0,2.0,33.8,1,13074,13074,13074,8853,2460,1596,1913,3109,15771,25429,18829,1422,8004,1,17641,7786,4244,1.0,28:28,2015,2016
2015-16,203476,Gorgui Dieng,Gorgui,1610612750,MIN,Minnesota Timberwolves,21500543,2016-01-08T00:00:00,MIN vs. CLE,L,21.2,0.0,0.0,0.0,2.0,7.0,6.0,12.0,22.0,0.0,0.0,4.0,0.0,14.2,1,13074,13074,13074,14931,12059,10158,9917,12984,12242,13237,22259,10265,8004,1,22104,18762,16003,1.0,21:09,2015,2016
2015-16,202355,Hassan Whiteside,Hassan,1610612748,MIA,Miami Heat,21500547,2016-01-08T00:00:00,MIA @ PHX,W,18.5,0.0,0.0,0.0,4.0,4.0,2.0,22.0,24.0,0.0,1.0,2.0,2.0,14.8,1,1,1,1,17069,12059,10158,9917,8599,6141,3734,25811,8723,8004,17214,11390,7786,15561,1.0,18:32,2015,2016
2015-16,202709,Cory Joseph,Cory,1610612761,TOR,Toronto Raptors,21500540,2016-01-08T00:00:00,TOR @ WAS,W,24.3,4.0,0.0,0.0,4.0,4.0,2.0,6.0,12.0,1.0,0.0,3.0,4.0,18.8,1,1,1,1,12335,2460,10158,9917,8599,6141,3734,13388,18637,2692,1,17641,2748,12588,1.0,24:16,2015,2016
2015-16,201155,Rodney Stuckey,Rodney,1610612754,IND,Indiana Pacers,21500544,2016-01-08T00:00:00,IND @ NOP,W,28.5,0.0,0.0,2.0,8.0,2.0,9.0,5.0,18.0,0.0,1.0,0.0,2.0,19.4,1,1,1,1,8866,12059,10158,4675,3109,2619,19144,11593,13577,8004,17214,1,7786,12154,1.0,28:27,2015,2016
2015-16,101123,Gerald Green,Gerald,1610612748,MIA,Miami Heat,21500547,2016-01-08T00:00:00,MIA @ PHX,W,34.0,6.0,0.0,12.0,6.0,12.0,7.0,5.0,34.0,0.0,0.0,1.0,4.0,33.3,1,1,1,1,4352,878,10158,42,5299,20178,15642,11593,2701,8004,1,4972,2748,4423,1.0,34:00,2015,2016
2015-16,203089,John Henson,John,1610612749,MIL,Milwaukee Bucks,21500545,2016-01-08T00:00:00,MIL vs. DAL,W,20.3,4.0,2.0,4.0,16.0,0.0,10.0,5.0,12.0,1.0,0.0,0.0,0.0,26.1,1,1,1,1,15652,2460,4731,1913,275,1,20509,11593,18637,2692,1,1,18762,7836,1.0,20:17,2015,2016
2015-16,2561,David West,David,1610612759,SAS,San Antonio Spurs,21500546,2016-01-08T00:00:00,SAS vs. NYK,W,16.2,0.0,2.0,0.0,2.0,0.0,5.0,2.0,14.0,3.0,0.0,3.0,1.0,22.8,1,1,1,1,18893,12059,4731,9917,12984,1,11469,4025,17019,347,1,17641,12373,9883,1.0,16:12,2015,2016
2015-16,203490,Otto Porter Jr.,Otto,1610612764,WAS,Washington Wizards,21500540,2016-01-08T00:00:00,WAS vs. TOR,L,36.4,0.0,3.0,5.0,10.0,14.0,12.0,2.0,32.0,1.0,1.0,4.0,2.0,34.5,1,13074,13074,13074,2439,12059,3104,1277,1840,22292,22832,4025,3535,2692,17214,22104,7786,3997,1.0,36:26,2015,2016
2015-16,2403,Nene,ene,1610612764,WAS,Washington Wizards,21500540,2016-01-08T00:00:00,WAS vs. TOR,L,12.5,2.0,0.0,0.0,4.0,6.0,5.0,0.0,8.0,1.0,0.0,2.0,1.0,10.4,1,13074,13074,13074,21281,6026,10158,9917,8599,10028,11469,1,21543,2692,1,11390,12373,18859,1.0,12:30,2015,2016
2015-16,202329,Al-Farouq Aminu,Al-Farouq,1610612757,POR,Portland Trail Blazers,21500548,2016-01-08T00:00:00,POR vs. GSW,L,20.4,2.0,5.0,0.0,2.0,4.0,2.0,10.0,22.0,0.0,0.0,1.0,1.0,19.4,1,13074,13074,13074,15547,6026,995,9917,12984,6141,3734,20169,10265,8004,1,4972,12373,12154,1.0,20:25,2015,2016
2015-16,200826,J.J. Barea,J.J.,1610612742,DAL,Dallas Mavericks,21500545,2016-01-08T00:00:00,DAL @ MIL,L,18.9,0.0,3.0,0.0,2.0,3.0,11.0,5.0,20.0,0.0,0.0,1.0,0.0,18.9,1,13074,13074,13074,16817,12059,3104,9917,12984,5109,21814,11593,11929,8004,1,4972,18762,12513,1.0,18:52,2015,2016
2015-16,1717,Dirk Nowitzki,Dirk,1610612742,DAL,Dallas Mavericks,21500545,2016-01-08T00:00:00,DAL @ MIL,L,35.6,2.0,5.0,0.0,0.0,10.0,12.0,12.0,28.0,1.0,1.0,3.0,5.0,34.8,1,13074,13074,13074,3031,6026,995,9917,18861,17370,22832,22259,5824,2692,17214,17641,1539,3891,1.0,35:38,2015,2016
2015-16,204020,Tyler Johnson,Tyler,1610612748,MIA,Miami Heat,21500547,2016-01-08T00:00:00,MIA @ PHX,W,17.8,0.0,0.0,0.0,0.0,7.0,0.0,3.0,18.0,1.0,0.0,1.0,0.0,10.1,1,1,1,1,17694,12059,10158,9917,18861,12242,1,7328,13577,2692,1,4972,18762,19105,1.0,17:46,2015,2016
2015-16,203546,Ian Clark,Ian,1610612744,GSW,Golden State Warriors,21500548,2016-01-08T00:00:00,GSW @ POR,W,17.0,3.0,0.0,0.0,0.0,4.0,0.0,6.0,18.0,1.0,0.0,0.0,0.0,14.8,1,1,1,1,18254,4307,10158,9917,18861,6141,1,13388,13577,2692,1,1,18762,15561,1.0,17:01,2015,2016
2015-16,1626159,Justise Winslow,Justise,1610612748,MIA,Miami Heat,21500547,2016-01-08T00:00:00,MIA @ PHX,W,22.7,0.0,2.0,0.0,4.0,10.0,3.0,7.0,24.0,0.0,1.0,1.0,1.0,19.0,1,1,1,1,13619,12059,4731,9917,8599,17370,7138,15538,8723,8004,17214,4972,12373,12440,1.0,22:41,2015,2016
2015-16,2754,Tony Allen,Tony,1610612763,MEM,Memphis Grizzlies,21500542,2016-01-08T00:00:00,MEM vs. DEN,W,38.2,6.0,1.0,7.0,8.0,5.0,11.0,7.0,30.0,1.0,0.0,4.0,2.0,34.3,1,1,1,1,1445,878,9709,454,3109,8403,21814,15538,4541,2692,1,22104,7786,4063,1.0,38:10,2015,2016
2015-16,203500,Steven Adams,Steven,1610612760,OKC,Oklahoma City Thunder,21500549,2016-01-08T00:00:00,OKC @ LAL,W,22.7,0.0,6.0,0.0,6.0,9.0,4.0,9.0,16.0,0.0,1.0,2.0,3.0,23.2,1,1,1,1,13607,12059,481,9917,5299,15771,8458,18829,15259,8004,17214,11390,4736,9630,1.0,22:42,2015,2016
2015-16,203084,Harrison Barnes,Harrison,1610612744,GSW,Golden State Warriors,21500548,2016-01-08T00:00:00,GSW @ POR,W,22.6,0.0,3.0,0.0,0.0,6.0,3.0,8.0,24.0,0.0,0.0,1.0,1.0,14.5,1,1,1,1,13726,12059,3104,9917,18861,10028,7138,17194,8723,8004,1,4972,12373,15799,1.0,22:33,2015,2016
2015-16,201152,Thaddeus Young,Thaddeus,1610612751,BKN,Brooklyn Nets,21500541,2016-01-08T00:00:00,BKN vs. ORL,L,29.7,2.0,0.0,4.0,8.0,7.0,11.0,4.0,20.0,0.0,0.0,5.0,2.0,25.3,1,13074,13074,13074,7776,6026,10158,1913,3109,12242,21814,8806,11929,8004,1,24686,7786,8340,1.0,29:44,2015,2016
2015-16,203459,Allen Crabbe,Allen,1610612757,POR,Portland Trail Blazers,21500548,2016-01-08T00:00:00,POR vs. GSW,L,29.9,6.0,0.0,6.0,12.0,9.0,9.0,6.0,14.0,0.0,1.0,1.0,1.0,23.2,1,13074,13074,13074,7617,878,10158,740,988,15771,19144,13388,17019,8004,17214,4972,12373,9630,1.0,29:55,2015,2016
2015-16,2585,Zaza Pachulia,Zaza,1610612742,DAL,Dallas Mavericks,21500545,2016-01-08T00:00:00,DAL @ MIL,L,31.9,0.0,2.0,0.0,8.0,17.0,7.0,13.0,42.0,0.0,1.0,4.0,4.0,34.5,1,13074,13074,13074,5960,12059,4731,9917,3109,24337,15642,23048,670,8004,17214,22104,2748,3997,1.0,31:56,2015,2016
2015-16,2564,Boris Diaw,Boris,1610612759,SAS,San Antonio Spurs,21500546,2016-01-08T00:00:00,SAS vs. NYK,W,17.9,4.0,0.0,0.0,6.0,0.0,5.0,9.0,16.0,0.0,0.0,1.0,1.0,14.3,1,1,1,1,17596,2460,10158,9917,5299,1,11469,18829,15259,8004,1,4972,12373,15948,1.0,17:54,2015,2016
2015-16,202684,Tristan Thompson,Tristan,1610612739,CLE,Cleveland Cavaliers,21500543,2016-01-08T00:00:00,CLE @ MIN,W,29.1,0.0,2.0,0.0,4.0,10.0,6.0,3.0,24.0,0.0,0.0,1.0,1.0,14.9,1,1,1,1,8306,12059,4731,9917,8599,17370,13237,7328,8723,8004,1,4972,12373,15463,1.0,29:05,2015,2016
2015-16,202681,Kyrie Irving,Kyrie,1610612739,CLE,Cleveland Cavaliers,21500543,2016-01-08T00:00:00,CLE @ MIN,W,27.0,2.0,0.0,0.0,4.0,8.0,8.0,4.0,26.0,0.0,0.0,3.0,1.0,14.4,1,1,1,1,10015,6026,10158,9917,8599,13914,17345,8806,7214,8004,1,17641,12373,15857,1.0,27:00,2015,2016
2015-16,203460,Andre Roberson,Andre,1610612760,OKC,Oklahoma City Thunder,21500549,2016-01-08T00:00:00,OKC @ LAL,W,15.8,0.0,5.0,0.0,6.0,12.0,2.0,6.0,12.0,0.0,0.0,5.0,1.0,14.8,1,1,1,1,19178,12059,995,9917,5299,20178,3734,13388,18637,8004,1,24686,12373,15561,1.0,15:49,2015,2016
2015-16,203894,Shabazz Napier,Shabazz,1610612753,ORL,Orlando Magic,21500541,2016-01-08T00:00:00,ORL @ BKN,W,12.0,0.0,0.0,0.0,0.0,3.0,0.0,0.0,8.0,0.0,0.0,2.0,0.0,1.4,1,1,1,1,21510,12059,10158,9917,18861,5109,1,1,21543,8004,1,11390,18762,24615,1.0,12:02,2015,2016
2015-16,203210,JaMychal Green,JaMychal,1610612763,MEM,Memphis Grizzlies,21500542,2016-01-08T00:00:00,MEM vs. DEN,W,9.3,0.0,0.0,0.0,0.0,2.0,6.0,2.0,10.0,0.0,0.0,0.0,0.0,1.4,1,1,1,1,22724,12059,10158,9917,18861,2619,13237,4025,20209,8004,1,1,18762,24615,1.0,9:17,2015,2016
2015-16,201627,Anthony Morrow,Anthony,1610612760,OKC,Oklahoma City Thunder,21500549,2016-01-08T00:00:00,OKC @ LAL,W,18.7,2.0,0.0,0.0,0.0,10.0,2.0,4.0,20.0,0.0,1.0,3.0,0.0,6.2,1,1,1,1,16941,6026,10158,9917,18861,17370,3734,8806,11929,8004,17214,17641,18762,21696,1.0,18:43,2015,2016
2015-16,101112,Channing Frye,Channing,1610612753,ORL,Orlando Magic,21500541,2016-01-08T00:00:00,ORL @ BKN,W,21.0,0.0,0.0,0.0,0.0,8.0,3.0,4.0,20.0,0.0,0.0,3.0,1.0,6.4,1,1,1,1,15069,12059,10158,9917,18861,13914,7138,8806,11929,8004,1,17641,12373,21589,1.0,20:59,2015,2016
2015-16,203082,Terrence Ross,Terrence,1610612761,TOR,Toronto Raptors,21500540,2016-01-08T00:00:00,TOR @ WAS,W,17.8,0.0,5.0,0.0,2.0,2.0,0.0,3.0,8.0,1.0,0.0,0.0,0.0,11.4,1,1,1,1,17694,12059,995,9917,12984,2619,1,7328,21543,2692,1,1,18762,18134,1.0,17:46,2015,2016
2015-16,201967,Dante Cunningham,Dante,1610612740,NOP,New Orleans Pelicans,21500544,2016-01-08T00:00:00,NOP vs. IND,L,26.3,0.0,2.0,0.0,4.0,11.0,3.0,5.0,28.0,0.0,0.0,1.0,0.0,10.9,1,13074,13074,13074,10613,12059,4731,9917,8599,18886,7138,11593,5824,8004,1,4972,18762,18498,1.0,26:17,2015,2016
2015-16,2419,Tayshaun Prince,Tayshaun,1610612750,MIN,Minnesota Timberwolves,21500543,2016-01-08T00:00:00,MIN vs. CLE,L,21.8,0.0,0.0,0.0,0.0,11.0,5.0,14.0,24.0,0.0,1.0,1.0,0.0,6.0,1,13074,13074,13074,14331,12059,10158,9917,18861,18886,11469,23710,8723,8004,17214,4972,18762,21878,1.0,21:48,2015,2016
2015-16,204025,Tim Frazier,Tim,1610612757,POR,Portland Trail Blazers,21500548,2016-01-08T00:00:00,POR vs. GSW,L,4.7,0.0,0.0,0.0,0.0,2.0,0.0,0.0,0.0,0.0,1.0,0.0,0.0,6.0,1,13074,13074,13074,24464,12059,10158,9917,18861,2619,1,1,25429,8004,17214,1,18762,21878,1.0,4:42,2015,2016
2015-16,202343,Elliot Williams,Elliot,1610612763,MEM,Memphis Grizzlies,21500542,2016-01-08T00:00:00,MEM vs. DEN,W,9.5,0.0,0.0,0.0,0.0,2.0,2.0,0.0,6.0,0.0,0.0,1.0,0.0,2.0,1,1,1,1,22619,12059,10158,9917,18861,2619,3734,1,22724,8004,1,4972,18762,24216,1.0,9:32,2015,2016
2015-16,1626192,Pat Connaughton,Pat,1610612757,POR,Portland Trail Blazers,21500548,2016-01-08T00:00:00,POR vs. GSW,L,4.7,0.0,0.0,0.0,2.0,2.0,0.0,0.0,0.0,0.0,0.0,1.0,1.0,11.1,1,13074,13074,13074,24464,12059,10158,9917,12984,2619,1,1,25429,8004,1,4972,12373,18370,1.0,4:42,2015,2016
2015-16,202357,Nemanja Bjelica,Nemanja,1610612750,MIN,Minnesota Timberwolves,21500543,2016-01-08T00:00:00,MIN vs. CLE,L,9.9,0.0,0.0,0.0,0.0,4.0,2.0,4.0,8.0,1.0,0.0,1.0,0.0,5.6,1,13074,13074,13074,22492,12059,10158,9917,18861,6141,3734,8806,21543,2692,1,4972,18762,22133,1.0,9:54,2015,2016
2015-16,101111,Charlie Villanueva,Charlie,1610612742,DAL,Dallas Mavericks,21500545,2016-01-08T00:00:00,DAL @ MIL,L,3.4,0.0,0.0,0.0,0.0,2.0,2.0,0.0,8.0,0.0,0.0,0.0,0.0,1.2,1,13074,13074,13074,24961,12059,10158,9917,18861,2619,3734,1,21543,8004,1,1,18762,24661,1.0,3:24,2015,2016
2015-16,202730,Lavoy Allen,Lavoy,1610612754,IND,Indiana Pacers,21500544,2016-01-08T00:00:00,IND @ NOP,W,19.6,1.0,0.0,2.0,6.0,6.0,1.0,2.0,10.0,0.0,0.0,0.0,1.0,11.4,1,1,1,1,16263,11535,10158,4675,5299,10028,3393,4025,20209,8004,1,1,12373,18134,1.0,19:34,2015,2016
2015-16,1626170,Jerian Grant,Jerian,1610612752,NYK,New York Knicks,21500546,2016-01-08T00:00:00,NYK @ SAS,L,15.1,0.0,0.0,0.0,4.0,6.0,4.0,0.0,16.0,0.0,0.0,1.0,1.0,11.4,1,13074,13074,13074,19698,12059,10158,9917,8599,10028,8458,1,15259,8004,1,4972,12373,18134,1.0,15:05,2015,2016
2015-16,201941,Jordan Hill,Jordan,1610612754,IND,Indiana Pacers,21500544,2016-01-08T00:00:00,IND @ NOP,W,12.9,2.0,0.0,0.0,4.0,2.0,4.0,2.0,10.0,0.0,1.0,1.0,1.0,6.0,1,1,1,1,21032,6026,10158,9917,8599,2619,8458,4025,20209,8004,17214,4972,12373,21878,1.0,12:54,2015,2016
2015-16,1626204,Larry Nance Jr.,Larry,1610612747,LAL,Los Angeles Lakers,21500549,2016-01-08T00:00:00,LAL vs. OKC,L,22.1,2.0,0.0,2.0,4.0,9.0,13.0,9.0,30.0,1.0,0.0,1.0,2.0,24.2,1,13074,13074,13074,14074,6026,10158,4675,8599,15771,23668,18829,4541,2692,1,4972,7786,9009,1.0,22:07,2015,2016
2015-16,101162,Marcin Gortat,Marcin,1610612764,WAS,Washington Wizards,21500540,2016-01-08T00:00:00,WAS vs. TOR,L,35.3,6.0,4.0,2.0,10.0,10.0,12.0,2.0,28.0,3.0,2.0,2.0,4.0,35.5,1,13074,13074,13074,3329,878,1596,4675,1840,17370,22832,4025,5824,347,23588,11390,2748,3657,1.0,35:17,2015,2016
2015-16,2736,Luol Deng,Luol,1610612748,MIA,Miami Heat,21500547,2016-01-08T00:00:00,MIA @ PHX,W,28.8,4.0,0.0,2.0,6.0,8.0,4.0,22.0,36.0,0.0,0.0,1.0,3.0,29.2,1,1,1,1,8570,2460,10158,4675,5299,13914,8458,25811,1943,8004,1,4972,4736,6243,1.0,28:46,2015,2016
2015-16,2734,Devin Harris,Devin,1610612742,DAL,Dallas Mavericks,21500545,2016-01-08T00:00:00,DAL @ MIL,L,19.0,5.0,3.0,4.0,8.0,7.0,9.0,5.0,24.0,0.0,0.0,1.0,1.0,24.9,1,13074,13074,13074,16712,1603,3104,1913,3109,12242,19144,11593,8723,8004,1,4972,12373,8553,1.0,18:59,2015,2016
2015-16,202685,Jonas Valančiūnas,Jonas,1610612761,TOR,Toronto Raptors,21500540,2016-01-08T00:00:00,TOR @ WAS,W,30.0,2.0,1.0,0.0,2.0,13.0,5.0,13.0,32.0,4.0,1.0,4.0,3.0,24.1,1,1,1,1,7522,6026,9709,9917,12984,21300,11469,23048,3535,132,17214,22104,4736,9068,1.0,30:01,2015,2016
2015-16,202683,Enes Freedom,Enes,1610612760,OKC,Oklahoma City Thunder,21500549,2016-01-08T00:00:00,OKC @ LAL,W,23.0,2.0,6.0,5.0,12.0,6.0,6.0,13.0,28.0,1.0,1.0,1.0,3.0,29.3,1,1,1,1,13369,6026,481,1277,988,10028,13237,23048,5824,2692,17214,4972,4736,6202,1.0,23:00,2015,2016
2015-16,1938,Manu Ginobili,Manu,1610612759,SAS,San Antonio Spurs,21500546,2016-01-08T00:00:00,SAS vs. NYK,W,22.2,0.0,4.0,3.0,8.0,0.0,8.0,9.0,16.0,1.0,1.0,2.0,2.0,29.5,1,1,1,1,13979,12059,1596,3302,3109,1,17345,18829,15259,2692,17214,11390,7786,6103,1.0,22:14,2015,2016
2015-16,201572,Brook Lopez,Brook,1610612751,BKN,Brooklyn Nets,21500541,2016-01-08T00:00:00,BKN vs. ORL,L,34.5,4.0,3.0,0.0,10.0,12.0,15.0,6.0,30.0,1.0,0.0,0.0,5.0,29.6,1,13074,13074,13074,3918,2460,3104,9917,1840,20178,24781,13388,4541,2692,1,1,1539,6050,1.0,34:32,2015,2016
2015-16,2440,Matt Barnes,Matt,1610612763,MEM,Memphis Grizzlies,21500542,2016-01-08T00:00:00,MEM vs. DEN,W,32.7,6.0,2.0,3.0,0.0,7.0,14.0,3.0,22.0,1.0,0.0,2.0,2.0,29.9,1,1,1,1,5323,878,4731,3302,18861,12242,24300,7328,10265,2692,1,11390,7786,5884,1.0,32:43,2015,2016
2015-16,202390,Gary Neal,Gary,1610612764,WAS,Washington Wizards,21500540,2016-01-08T00:00:00,WAS vs. TOR,L,15.0,0.0,0.0,0.0,0.0,4.0,4.0,0.0,6.0,0.0,2.0,1.0,2.0,11.6,1,13074,13074,13074,19778,12059,10158,9917,18861,6141,8458,1,22724,8004,23588,4972,7786,17970,1.0,14:59,2015,2016
2015-16,201564,O.J. Mayo,O.J.,1610612749,MIL,Milwaukee Bucks,21500545,2016-01-08T00:00:00,MIL vs. DAL,W,34.6,0.0,2.0,0.0,2.0,7.0,12.0,6.0,26.0,1.0,0.0,0.0,0.0,29.0,1,1,1,1,3842,12059,4731,9917,12984,12242,22832,13388,7214,2692,1,1,18762,6346,1.0,34:38,2015,2016
2015-16,101139,CJ Miles,CJ,1610612754,IND,Indiana Pacers,21500544,2016-01-08T00:00:00,IND @ NOP,W,28.3,0.0,2.0,0.0,4.0,4.0,8.0,5.0,22.0,1.0,0.0,2.0,0.0,29.4,1,1,1,1,8984,12059,4731,9917,8599,6141,17345,11593,10265,2692,1,11390,18762,6143,1.0,28:20,2015,2016
2015-16,201575,Brandon Rush,Brandon,1610612744,GSW,Golden State Warriors,21500548,2016-01-08T00:00:00,GSW @ POR,W,29.2,2.0,2.0,2.0,6.0,6.0,5.0,5.0,16.0,1.0,0.0,1.0,0.0,29.8,1,1,1,1,8241,6026,4731,4675,5299,10028,11469,11593,15259,2692,1,4972,18762,5948,1.0,29:10,2015,2016
2015-16,201945,Gerald Henderson,Gerald,1610612757,POR,Portland Trail Blazers,21500548,2016-01-08T00:00:00,POR vs. GSW,L,16.0,0.0,0.0,1.0,0.0,11.0,7.0,6.0,10.0,0.0,0.0,2.0,1.0,11.5,1,13074,13074,13074,19007,12059,10158,9347,18861,18886,15642,13388,20209,8004,1,11390,12373,18079,1.0,16:02,2015,2016
2015-16,203468,CJ McCollum,CJ,1610612757,POR,Portland Trail Blazers,21500548,2016-01-08T00:00:00,POR vs. GSW,L,35.8,3.0,3.0,2.0,6.0,9.0,9.0,8.0,30.0,0.0,1.0,0.0,0.0,24.1,1,13074,13074,13074,2879,4307,3104,4675,5299,15771,19144,17194,4541,8004,17214,1,18762,9068,1.0,35:49,2015,2016
2015-16,101150,Lou Williams,Lou,1610612747,LAL,Los Angeles Lakers,21500549,2016-01-08T00:00:00,LAL vs. OKC,L,35.0,5.0,2.0,11.0,10.0,9.0,19.0,14.0,40.0,0.0,1.0,1.0,6.0,52.9,1,13074,13074,13074,3571,1603,4731,69,1840,15771,25786,23710,983,8004,17214,4972,873,529,1.0,34:57,2015,2016
2015-16,202695,Kawhi Leonard,Kawhi,1610612759,SAS,San Antonio Spurs,21500546,2016-01-08T00:00:00,SAS vs. NYK,W,36.9,4.0,4.0,4.0,14.0,3.0,8.0,15.0,26.0,2.0,1.0,1.0,4.0,44.4,1,1,1,1,2139,2460,1596,1913,542,5109,17345,24242,7214,932,17214,4972,2748,1474,1.0,36:54,2015,2016
2015-16,201942,DeMar DeRozan,DeMar,1610612761,TOR,Toronto Raptors,21500540,2016-01-08T00:00:00,TOR @ WAS,W,39.6,6.0,2.0,0.0,10.0,15.0,7.0,13.0,36.0,1.0,2.0,0.0,7.0,51.1,1,1,1,1,851,878,4731,9917,1840,23079,15642,23048,1943,2692,23588,1,469,645,1.0,39:36,2015,2016
2015-16,203114,Khris Middleton,Khris,1610612749,MIL,Milwaukee Bucks,21500545,2016-01-08T00:00:00,MIL vs. DAL,W,39.2,2.0,1.0,7.0,14.0,2.0,15.0,10.0,22.0,0.0,1.0,3.0,5.0,37.1,1,1,1,1,1012,6026,9709,454,542,2619,24781,20169,10265,8004,17214,17641,1539,3151,1.0,39:09,2015,2016
2015-16,201160,Jason Smith,Jason,1610612753,ORL,Orlando Magic,21500541,2016-01-08T00:00:00,ORL @ BKN,W,11.9,2.0,0.0,0.0,0.0,5.0,3.0,2.0,10.0,0.0,0.0,3.0,1.0,7.4,1,1,1,1,21644,6026,10158,9917,18861,8403,7138,4025,20209,8004,1,17641,12373,20912,1.0,11:53,2015,2016
2015-16,2544,LeBron James,LeBron,1610612739,CLE,Cleveland Cavaliers,21500543,2016-01-08T00:00:00,CLE @ MIN,W,32.2,2.0,0.0,2.0,8.0,14.0,6.0,5.0,20.0,2.0,1.0,1.0,2.0,45.4,1,1,1,1,5692,6026,10158,4675,3109,22292,13237,11593,11929,932,17214,4972,7786,1291,1.0,32:14,2015,2016
2015-16,203487,Michael Carter-Williams,Michael,1610612749,MIL,Milwaukee Bucks,21500545,2016-01-08T00:00:00,MIL vs. DAL,W,41.2,5.0,0.0,3.0,8.0,9.0,12.0,7.0,26.0,1.0,1.0,2.0,6.0,56.4,1,1,1,1,445,1603,10158,3302,3109,15771,22832,15538,7214,2692,17214,11390,873,337,1.0,41:12,2015,2016
2015-16,201936,Tyreke Evans,Tyreke,1610612740,NOP,New Orleans Pelicans,21500544,2016-01-08T00:00:00,NOP vs. IND,L,38.3,6.0,4.0,2.0,12.0,15.0,6.0,9.0,40.0,0.0,1.0,3.0,3.0,50.9,1,13074,13074,13074,1366,878,1596,4675,988,23079,13237,18829,983,8004,17214,17641,4736,664,1.0,38:19,2015,2016
2015-16,2548,Dwyane Wade,Dwyane,1610612748,MIA,Miami Heat,21500547,2016-01-08T00:00:00,MIA @ PHX,W,33.2,10.0,2.0,8.0,14.0,10.0,7.0,25.0,32.0,2.0,1.0,1.0,7.0,36.4,1,1,1,1,5003,99,4731,280,542,17370,15642,25980,3535,932,17214,4972,469,3353,1.0,33:09,2015,2016
2015-16,203081,Damian Lillard,Damian,1610612757,POR,Portland Trail Blazers,21500548,2016-01-08T00:00:00,POR vs. GSW,L,37.8,2.0,0.0,2.0,6.0,8.0,7.0,10.0,30.0,2.0,1.0,2.0,8.0,67.6,1,13074,13074,13074,1592,6026,10158,4675,5299,13914,15642,20169,4541,932,17214,11390,254,69,1.0,37:49,2015,2016
2015-16,203952,Andrew Wiggins,Andrew,1610612750,MIN,Minnesota Timberwolves,21500543,2016-01-08T00:00:00,MIN vs. CLE,L,39.5,2.0,4.0,1.0,6.0,22.0,9.0,18.0,36.0,1.0,0.0,1.0,9.0,44.9,1,13074,13074,13074,892,6026,1596,9347,5299,25683,19144,25228,1943,2692,1,4972,138,1380,1.0,39:29,2015,2016
2015-16,200768,Kyle Lowry,Kyle,1610612761,TOR,Toronto Raptors,21500540,2016-01-08T00:00:00,TOR @ WAS,W,41.1,0.0,0.0,0.0,2.0,17.0,7.0,16.0,38.0,1.0,2.0,2.0,4.0,48.0,1,1,1,1,458,12059,10158,9917,12984,24337,15642,24641,1422,2692,23588,11390,2748,960,1.0,41:09,2015,2016
2015-16,2546,Carmelo Anthony,Carmelo,1610612752,NYK,New York Knicks,21500546,2016-01-08T00:00:00,NYK @ SAS,L,39.2,0.0,3.0,5.0,2.0,8.0,10.0,9.0,50.0,2.0,6.0,3.0,9.0,44.9,1,13074,13074,13074,983,12059,3104,1277,12984,13914,20509,18829,107,932,26070,17641,138,1380,1.0,39:13,2015,2016
2015-16,201939,Stephen Curry,Stephen,1610612744,GSW,Golden State Warriors,21500548,2016-01-08T00:00:00,GSW @ POR,W,28.8,0.0,0.0,4.0,6.0,7.0,8.0,3.0,12.0,0.0,2.0,2.0,4.0,45.1,1,1,1,1,8509,12059,10158,1913,5299,12242,17345,7328,18637,8004,23588,11390,2748,1338,1.0,28:50,2015,2016
2015-16,201566,Russell Westbrook,Russell,1610612760,OKC,Oklahoma City Thunder,21500549,2016-01-08T00:00:00,OKC @ LAL,W,34.6,6.0,4.0,10.0,16.0,14.0,10.0,17.0,28.0,0.0,2.0,1.0,11.0,57.9,1,1,1,1,3890,878,1596,118,275,22292,20509,24967,5824,8004,23588,4972,44,269,1.0,34:34,2015,2016
2015-16,201950,Jrue Holiday,Jrue,1610612740,NOP,New Orleans Pelicans,21500544,2016-01-08T00:00:00,NOP vs. IND,L,35.3,2.0,0.0,0.0,6.0,16.0,13.0,6.0,38.0,2.0,0.0,2.0,4.0,36.0,1,13074,13074,13074,3347,6026,10158,9917,5299,23774,23668,13388,1422,932,1,11390,2748,3463,1.0,35:15,2015,2016
2015-16,202696,Nikola Vučević,Nikola,1610612753,ORL,Orlando Magic,21500541,2016-01-08T00:00:00,ORL @ BKN,W,36.1,3.0,9.0,0.0,16.0,13.0,3.0,2.0,28.0,1.0,0.0,1.0,2.0,45.0,1,1,1,1,2658,4307,77,9917,275,21300,7138,4025,5824,2692,1,4972,7786,1357,1.0,36:07,2015,2016
2015-16,202691,Klay Thompson,Klay,1610612744,GSW,Golden State Warriors,21500548,2016-01-08T00:00:00,GSW @ POR,W,32.4,2.0,0.0,0.0,6.0,9.0,8.0,5.0,22.0,0.0,0.0,1.0,2.0,50.7,1,1,1,1,5604,6026,10158,9917,5299,15771,17345,11593,10265,8004,1,4972,7786,677,1.0,32:21,2015,2016
2015-16,1626156,D'Angelo Russell,D'Angelo,1610612747,LAL,Los Angeles Lakers,21500549,2016-01-08T00:00:00,LAL vs. OKC,L,7.7,0.0,0.0,0.0,2.0,4.0,4.0,5.0,14.0,0.0,0.0,0.0,0.0,5.0,1,13074,13074,13074,23307,12059,10158,9917,12984,6141,8458,11593,17019,8004,1,1,18762,22500,1.0,7:43,2015,2016
2015-16,203076,Anthony Davis,Anthony,1610612740,NOP,New Orleans Pelicans,21500544,2016-01-08T00:00:00,NOP vs. IND,L,3.4,0.0,0.0,0.0,2.0,1.0,0.0,0.0,4.0,0.0,0.0,0.0,0.0,3.7,1,13074,13074,13074,24986,12059,10158,9917,12984,2356,1,1,23698,8004,1,1,18762,23278,1.0,3:21,2015,2016
2015-16,201586,Serge Ibaka,Serge,1610612760,OKC,Oklahoma City Thunder,21500549,2016-01-08T00:00:00,OKC @ LAL,W,29.9,3.0,0.0,3.0,2.0,11.0,8.0,15.0,24.0,0.0,0.0,2.0,1.0,7.2,1,1,1,1,7616,4307,10158,3302,12984,18886,17345,24242,8723,8004,1,11390,12373,21035,1.0,29:55,2015,2016
2015-16,201988,Patty Mills,Patty,1610612759,SAS,San Antonio Spurs,21500546,2016-01-08T00:00:00,SAS vs. NYK,W,15.6,0.0,0.0,0.0,0.0,0.0,5.0,7.0,14.0,0.0,0.0,1.0,2.0,6.5,1,1,1,1,19380,12059,10158,9917,18861,1,11469,15538,17019,8004,1,4972,7786,21519,1.0,15:33,2015,2016
2015-16,202335,Patrick Patterson,Patrick,1610612761,TOR,Toronto Raptors,21500540,2016-01-08T00:00:00,TOR @ WAS,W,27.9,0.0,0.0,0.0,0.0,9.0,5.0,8.0,18.0,0.0,1.0,3.0,1.0,0.5,1,1,1,1,9274,12059,10158,9917,18861,15771,11469,17194,13577,8004,17214,17641,12373,25056,1.0,27:57,2015,2016
2015-16,203922,Glenn Robinson III,Glenn,1610612754,IND,Indiana Pacers,21500544,2016-01-08T00:00:00,IND @ NOP,W,14.7,0.0,5.0,0.0,4.0,2.0,4.0,5.0,12.0,0.0,2.0,0.0,1.0,9.3,1,1,1,1,19982,12059,995,9917,8599,2619,8458,11593,18637,8004,23588,1,12373,19656,1.0,14:40,2015,2016
2015-16,2592,James Jones,James,1610612739,CLE,Cleveland Cavaliers,21500543,2016-01-08T00:00:00,CLE @ MIN,W,4.7,0.0,0.0,0.0,0.0,2.0,2.0,0.0,0.0,0.0,0.0,0.0,0.0,0.0,1,1,1,1,24471,12059,10158,9917,18861,2619,3734,1,25429,8004,1,1,18762,25170,1.0,4:41,2015,2016
2015-16,203939,Dwight Powell,Dwight,1610612742,DAL,Dallas Mavericks,21500545,2016-01-08T00:00:00,DAL @ MIL,L,8.2,0.0,2.0,0.0,4.0,6.0,2.0,4.0,18.0,0.0,0.0,1.0,0.0,4.4,1,13074,13074,13074,23108,12059,4731,9917,8599,10028,3734,8806,13577,8004,1,4972,18762,22837,1.0,8:14,2015,2016
2015-16,203900,Markel Brown,Markel,1610612751,BKN,Brooklyn Nets,21500541,2016-01-08T00:00:00,BKN vs. ORL,L,19.7,0.0,0.0,0.0,0.0,8.0,6.0,0.0,8.0,0.0,0.0,2.0,2.0,6.6,1,13074,13074,13074,16164,12059,10158,9917,18861,13914,13237,1,21543,8004,1,11390,7786,21445,1.0,19:42,2015,2016
2015-16,200751,Randy Foye,Randy,1610612743,DEN,Denver Nuggets,21500542,2016-01-08T00:00:00,DEN @ MEM,L,17.7,0.0,0.0,0.0,2.0,2.0,7.0,6.0,12.0,0.0,0.0,0.0,0.0,3.9,1,13074,13074,13074,17789,12059,10158,9917,12984,2619,15642,13388,18637,8004,1,1,18762,23225,1.0,17:39,2015,2016
2015-16,203186,Willie Reed,Willie,1610612751,BKN,Brooklyn Nets,21500541,2016-01-08T00:00:00,BKN vs. ORL,L,13.5,0.0,0.0,0.0,2.0,5.0,5.0,3.0,4.0,1.0,0.0,1.0,4.0,8.8,1,13074,13074,13074,20716,12059,10158,9917,12984,8403,11469,7328,23698,2692,1,4972,2748,19994,1.0,13:28,2015,2016
2015-16,202087,Alonzo Gee,Alonzo,1610612740,NOP,New Orleans Pelicans,21500544,2016-01-08T00:00:00,NOP vs. IND,L,0.1,0.0,0.0,0.0,0.0,0.0,0.0,0.0,2.0,0.0,0.0,0.0,0.0,0.0,1,13074,13074,13074,26044,12059,10158,9917,18861,1,1,1,24614,8004,1,1,18762,25170,1.0,0:06,2015,2016
2015-16,203458,Alex Len,Alex,1610612756,PHX,Phoenix Suns,21500547,2016-01-08T00:00:00,PHX vs. MIA,L,12.8,1.0,0.0,0.0,2.0,4.0,2.0,11.0,12.0,1.0,1.0,2.0,1.0,9.2,1,13074,13074,13074,21100,11535,10158,9917,12984,6141,3734,21342,18637,2692,17214,11390,12373,19680,1.0,12:46,2015,2016
2015-16,1626173,Rashad Vaughn,Rashad,1610612749,MIL,Milwaukee Bucks,21500545,2016-01-08T00:00:00,MIL vs. DAL,W,14.0,0.0,0.0,0.0,0.0,7.0,5.0,5.0,14.0,0.0,1.0,3.0,0.0,4.2,1,1,1,1,20399,12059,10158,9917,18861,12242,11469,11593,17019,8004,17214,17641,18762,22976,1.0,14:01,2015,2016
2015-16,2555,Nick Collison,Nick,1610612760,OKC,Oklahoma City Thunder,21500549,2016-01-08T00:00:00,OKC @ LAL,W,9.9,0.0,0.0,0.0,0.0,2.0,0.0,5.0,10.0,0.0,0.0,0.0,1.0,3.9,1,1,1,1,22502,12059,10158,9917,18861,2619,1,11593,20209,8004,1,1,12373,23225,1.0,9:53,2015,2016
2015-16,203516,James Ennis III,James,1610612763,MEM,Memphis Grizzlies,21500542,2016-01-08T00:00:00,MEM vs. DEN,W,0.2,0.0,0.0,0.0,0.0,0.0,0.0,0.0,0.0,0.0,0.0,0.0,0.0,0.0,1,1,1,1,26016,12059,10158,9917,18861,1,1,1,25429,8004,1,1,18762,25170,1.0,0:13,2015,2016
2015-16,201593,Nikola Pekovic,Nikola,1610612750,MIN,Minnesota Timberwolves,21500543,2016-01-08T00:00:00,MIN vs. CLE,L,15.5,0.0,2.0,0.0,2.0,14.0,5.0,8.0,8.0,0.0,0.0,3.0,1.0,6.9,1,13074,13074,13074,19446,12059,4731,9917,12984,22292,11469,17194,21543,8004,1,17641,12373,21262,1.0,15:27,2015,2016
2015-16,1626209,Mario Hezonja,Mario,1610612753,ORL,Orlando Magic,21500541,2016-01-08T00:00:00,ORL @ BKN,W,15.4,0.0,0.0,0.0,0.0,3.0,0.0,0.0,8.0,0.0,1.0,3.0,1.0,4.7,1,1,1,1,19497,12059,10158,9917,18861,5109,1,1,21543,8004,17214,17641,12373,22672,1.0,15:22,2015,2016
2015-16,203933,T.J. Warren,T.J.,1610612756,PHX,Phoenix Suns,21500547,2016-01-08T00:00:00,PHX vs. MIA,L,19.4,0.0,0.0,0.0,0.0,10.0,2.0,9.0,16.0,0.0,1.0,2.0,1.0,4.4,1,13074,13074,13074,16409,12059,10158,9917,18861,17370,3734,18829,15259,8004,17214,11390,12373,22837,1.0,19:22,2015,2016
2015-16,1626147,Justin Anderson,Justin,1610612742,DAL,Dallas Mavericks,21500545,2016-01-08T00:00:00,DAL @ MIL,L,4.0,0.0,0.0,0.0,0.0,3.0,3.0,0.0,2.0,0.0,0.0,0.0,1.0,0.0,1,13074,13074,13074,24725,12059,10158,9917,18861,5109,7138,1,24614,8004,1,1,12373,25170,1.0,3:57,2015,2016
2015-16,2400,Drew Gooden,Drew,1610612764,WAS,Washington Wizards,21500540,2016-01-08T00:00:00,WAS vs. TOR,L,10.0,0.0,0.0,0.0,0.0,6.0,8.0,0.0,8.0,0.0,1.0,1.0,0.0,6.6,1,13074,13074,13074,22459,12059,10158,9917,18861,10028,17345,1,21543,8004,17214,4972,18762,21445,1.0,9:58,2015,2016
2015-16,203099,Jared Cunningham,Jared,1610612739,CLE,Cleveland Cavaliers,21500543,2016-01-08T00:00:00,CLE @ MIN,W,4.7,2.0,0.0,2.0,2.0,2.0,2.0,0.0,0.0,0.0,0.0,0.0,1.0,5.2,1,1,1,1,24471,6026,10158,4675,12984,2619,3734,1,25429,8004,1,1,12373,22370,1.0,4:41,2015,2016
2015-16,201580,JaVale McGee,JaVale,1610612742,DAL,Dallas Mavericks,21500545,2016-01-08T00:00:00,DAL @ MIL,L,11.4,2.0,2.0,0.0,6.0,3.0,5.0,3.0,6.0,0.0,0.0,3.0,2.0,9.6,1,13074,13074,13074,21869,6026,4731,9917,5299,5109,11469,7328,22724,8004,1,17641,7786,19434,1.0,11:24,2015,2016
2015-16,201600,Omer Asik,Omer,1610612740,NOP,New Orleans Pelicans,21500544,2016-01-08T00:00:00,NOP vs. IND,L,15.9,0.0,0.0,0.0,0.0,4.0,4.0,5.0,18.0,0.0,1.0,2.0,2.0,9.5,1,13074,13074,13074,19087,12059,10158,9917,18861,6141,8458,11593,13577,8004,17214,11390,7786,19519,1.0,15:56,2015,2016
2015-16,1626162,Kelly Oubre Jr.,Kelly,1610612764,WAS,Washington Wizards,21500540,2016-01-08T00:00:00,WAS vs. TOR,L,10.2,0.0,0.0,0.0,0.0,0.0,1.0,0.0,0.0,0.0,0.0,2.0,1.0,4.2,1,13074,13074,13074,22361,12059,10158,9917,18861,1,3393,1,25429,8004,1,11390,12373,22976,1.0,10:10,2015,2016
2015-16,203124,Kyle O'Quinn,Kyle,1610612752,NYK,New York Knicks,21500546,2016-01-08T00:00:00,NYK @ SAS,L,0.9,0.0,0.0,0.0,0.0,0.0,0.0,0.0,0.0,0.0,0.0,0.0,0.0,0.0,1,13074,13074,13074,25899,12059,10158,9917,18861,1,1,1,25429,8004,1,1,18762,25170,1.0,0:54,2015,2016
2015-16,203943,Noah Vonleh,Noah,1610612757,POR,Portland Trail Blazers,21500548,2016-01-08T00:00:00,POR vs. GSW,L,17.5,0.0,0.0,0.0,0.0,2.0,0.0,6.0,16.0,0.0,0.0,1.0,0.0,7.2,1,13074,13074,13074,17934,12059,10158,9917,18861,2619,1,13388,15259,8004,1,4972,18762,21035,1.0,17:27,2015,2016
2015-16,101181,Jose Calderon,Jose,1610612752,NYK,New York Knicks,21500546,2016-01-08T00:00:00,NYK @ SAS,L,31.8,0.0,0.0,0.0,0.0,4.0,8.0,9.0,42.0,0.0,0.0,1.0,0.0,12.1,1,13074,13074,13074,6061,12059,10158,9917,18861,6141,17345,18829,670,8004,1,4972,18762,17639,1.0,31:49,2015,2016
2015-16,201577,Robin Lopez,Robin,1610612752,NYK,New York Knicks,21500546,2016-01-08T00:00:00,NYK @ SAS,L,34.4,0.0,0.0,0.0,12.0,8.0,10.0,9.0,46.0,0.0,0.0,0.0,0.0,20.1,1,13074,13074,13074,4059,12059,10158,9917,988,13914,20509,18829,298,8004,1,1,18762,11685,1.0,34:22,2015,2016
2015-16,204038,Langston Galloway,Langston,1610612752,NYK,New York Knicks,21500546,2016-01-08T00:00:00,NYK @ SAS,L,22.2,0.0,0.0,7.0,8.0,4.0,6.0,0.0,24.0,0.0,1.0,3.0,1.0,20.0,1,13074,13074,13074,14035,12059,10158,454,3109,6141,13237,1,8723,8004,17214,17641,12373,11752,1.0,22:10,2015,2016
2015-16,201568,Danilo Gallinari,Danilo,1610612743,DEN,Denver Nuggets,21500542,2016-01-08T00:00:00,DEN @ MEM,L,35.5,3.0,9.0,7.0,8.0,14.0,9.0,7.0,22.0,0.0,1.0,2.0,8.0,41.1,1,13074,13074,13074,3158,4307,77,454,3109,22292,19144,15538,10265,8004,17214,11390,254,2123,1.0,35:29,2015,2016
2015-16,1626148,Anthony Brown,Anthony,1610612747,LAL,Los Angeles Lakers,21500549,2016-01-08T00:00:00,LAL vs. OKC,L,22.1,0.0,0.0,0.0,0.0,8.0,8.0,9.0,24.0,2.0,0.0,2.0,0.0,11.7,1,13074,13074,13074,14118,12059,10158,9917,18861,13914,17345,18829,8723,932,1,11390,18762,17903,1.0,22:04,2015,2016
2015-16,203507,Giannis Antetokounmpo,Giannis,1610612749,MIL,Milwaukee Bucks,21500545,2016-01-08T00:00:00,MIL vs. DAL,W,32.9,2.0,1.0,2.0,4.0,7.0,11.0,5.0,18.0,1.0,2.0,5.0,3.0,15.5,1,1,1,1,5182,6026,9709,4675,8599,12242,21814,11593,13577,2692,23588,24686,4736,15004,1.0,32:56,2015,2016
2015-16,203530,Joffrey Lauvergne,Joffrey,1610612743,DEN,Denver Nuggets,21500542,2016-01-08T00:00:00,DEN @ MEM,L,19.1,0.0,2.0,0.0,6.0,4.0,5.0,8.0,14.0,0.0,2.0,5.0,1.0,12.4,1,13074,13074,13074,16628,12059,4731,9917,5299,6141,11469,17194,17019,8004,23588,24686,12373,17418,1.0,19:05,2015,2016
2015-16,204001,Kristaps Porziņģis,Kristaps,1610612752,NYK,New York Knicks,21500546,2016-01-08T00:00:00,NYK @ SAS,L,33.4,3.0,7.0,1.0,8.0,4.0,12.0,7.0,44.0,0.0,0.0,2.0,4.0,41.2,1,13074,13074,13074,4806,4307,292,9347,3109,6141,22832,15538,454,8004,1,11390,2748,2099,1.0,33:25,2015,2016
2015-16,203499,Shane Larkin,Shane,1610612751,BKN,Brooklyn Nets,21500541,2016-01-08T00:00:00,BKN vs. ORL,L,30.0,3.0,0.0,0.0,8.0,12.0,13.0,6.0,24.0,0.0,0.0,1.0,2.0,20.3,1,13074,13074,13074,7586,4307,10158,9917,3109,20178,23668,13388,8723,8004,1,4972,7786,11534,1.0,29:57,2015,2016
2015-16,201142,Kevin Durant,Kevin,1610612760,OKC,Oklahoma City Thunder,21500549,2016-01-08T00:00:00,OKC @ LAL,W,39.6,2.0,2.0,0.0,12.0,16.0,10.0,20.0,34.0,1.0,0.0,0.0,2.0,42.4,1,1,1,1,867,6026,4731,9917,988,23774,20509,25599,2701,2692,1,1,7786,1860,1.0,39:34,2015,2016
2015-16,200782,P.J. Tucker,P.J.,1610612756,PHX,Phoenix Suns,21500547,2016-01-08T00:00:00,PHX vs. MIA,L,40.7,0.0,0.0,0.0,4.0,19.0,4.0,21.0,36.0,1.0,0.0,1.0,1.0,27.2,1,13074,13074,13074,552,12059,10158,9917,8599,25074,8458,25725,1943,2692,1,4972,12373,7289,1.0,40:43,2015,2016
2015-16,1626166,Cameron Payne,Cameron,1610612760,OKC,Oklahoma City Thunder,21500549,2016-01-08T00:00:00,OKC @ LAL,W,24.7,2.0,0.0,0.0,4.0,4.0,6.0,11.0,24.0,0.0,0.0,1.0,0.0,15.7,1,1,1,1,11927,6026,10158,9917,8599,6141,13237,21342,8723,8004,1,4972,18762,14841,1.0,24:42,2015,2016
2015-16,201583,Ryan Anderson,Ryan,1610612740,NOP,New Orleans Pelicans,21500544,2016-01-08T00:00:00,NOP vs. IND,L,36.6,2.0,2.0,3.0,2.0,10.0,13.0,9.0,38.0,2.0,1.0,3.0,5.0,43.2,1,13074,13074,13074,2337,6026,4731,3302,12984,17370,23668,18829,1422,932,17214,17641,1539,1699,1.0,36:36,2015,2016
2015-16,203498,Shabazz Muhammad,Shabazz,1610612750,MIN,Minnesota Timberwolves,21500543,2016-01-08T00:00:00,MIN vs. CLE,L,26.2,8.0,2.0,2.0,6.0,13.0,6.0,8.0,16.0,0.0,2.0,0.0,5.0,26.4,1,13074,13074,13074,10685,308,4731,4675,5299,21300,13237,17194,15259,8004,23588,1,1539,7672,1.0,26:12,2015,2016
2015-16,201196,Ramon Sessions,Ramon,1610612764,WAS,Washington Wizards,21500540,2016-01-08T00:00:00,WAS vs. TOR,L,22.4,0.0,0.0,3.0,4.0,6.0,5.0,0.0,10.0,1.0,2.0,2.0,3.0,20.3,1,13074,13074,13074,13822,12059,10158,3302,8599,10028,11469,1,20209,2692,23588,11390,4736,11534,1.0,22:25,2015,2016
2015-16,202699,Tobias Harris,Tobias,1610612753,ORL,Orlando Magic,21500541,2016-01-08T00:00:00,ORL @ BKN,W,42.9,2.0,0.0,2.0,4.0,18.0,6.0,4.0,32.0,2.0,1.0,3.0,4.0,40.4,1,1,1,1,207,6026,10158,4675,8599,24749,13237,8806,3535,932,17214,17641,2748,2274,1.0,42:55,2015,2016
2015-16,203506,Victor Oladipo,Victor,1610612753,ORL,Orlando Magic,21500541,2016-01-08T00:00:00,ORL @ BKN,W,36.0,6.0,2.0,0.0,2.0,15.0,6.0,4.0,30.0,1.0,0.0,2.0,2.0,41.8,1,1,1,1,2786,878,4731,9917,12984,23079,13237,8806,4541,2692,1,11390,7786,1981,1.0,35:58,2015,2016
2015-16,201162,Jared Dudley,Jared,1610612764,WAS,Washington Wizards,21500540,2016-01-08T00:00:00,WAS vs. TOR,L,29.3,5.0,0.0,2.0,0.0,10.0,9.0,2.0,26.0,0.0,0.0,2.0,1.0,19.8,1,13074,13074,13074,8167,1603,10158,4675,18861,17370,19144,4025,7214,8004,1,11390,12373,11883,1.0,29:15,2015,2016
2015-16,2216,Zach Randolph,Zach,1610612763,MEM,Memphis Grizzlies,21500542,2016-01-08T00:00:00,MEM vs. DEN,W,28.1,4.0,9.0,2.0,10.0,5.0,11.0,9.0,22.0,3.0,2.0,2.0,5.0,41.7,1,1,1,1,9120,2460,77,4675,1840,8403,21814,18829,10265,347,23588,11390,1539,2002,1.0,28:09,2015,2016
2015-16,201980,Danny Green,Danny,1610612759,SAS,San Antonio Spurs,21500546,2016-01-08T00:00:00,SAS vs. NYK,W,34.5,0.0,0.0,0.0,0.0,3.0,8.0,6.0,30.0,3.0,2.0,5.0,0.0,30.3,1,1,1,1,3929,12059,10158,9917,18861,5109,17345,13388,4541,347,23588,24686,18762,5702,1.0,34:31,2015,2016
2015-16,203110,Draymond Green,Draymond,1610612744,GSW,Golden State Warriors,21500548,2016-01-08T00:00:00,GSW @ POR,W,33.2,0.0,2.0,4.0,8.0,7.0,8.0,5.0,16.0,1.0,0.0,3.0,3.0,42.6,1,1,1,1,4979,12059,4731,1913,3109,12242,17345,11593,15259,2692,1,17641,4736,1822,1.0,33:11,2015,2016
2015-16,101145,Monta Ellis,Monta,1610612754,IND,Indiana Pacers,21500544,2016-01-08T00:00:00,IND @ NOP,W,33.6,2.0,4.0,0.0,4.0,8.0,5.0,5.0,22.0,1.0,0.0,3.0,0.0,26.8,1,1,1,1,4644,6026,1596,9917,8599,13914,11469,11593,10265,2692,1,17641,18762,7486,1.0,33:38,2015,2016
2015-16,201949,James Johnson,James,1610612761,TOR,Toronto Raptors,21500540,2016-01-08T00:00:00,TOR @ WAS,W,21.5,4.0,4.0,2.0,8.0,13.0,5.0,10.0,26.0,1.0,1.0,0.0,0.0,19.8,1,1,1,1,14643,2460,1596,4675,3109,21300,11469,20169,7214,2692,17214,1,18762,11883,1.0,21:27,2015,2016
2015-16,101109,Raymond Felton,Raymond,1610612742,DAL,Dallas Mavericks,21500545,2016-01-08T00:00:00,DAL @ MIL,L,23.1,0.0,0.0,1.0,0.0,13.0,5.0,11.0,34.0,1.0,2.0,1.0,1.0,20.2,1,13074,13074,13074,13256,12059,10158,9347,18861,21300,11469,21342,2701,2692,23588,4972,12373,11610,1.0,23:08,2015,2016
2015-16,2405,Amar'e Stoudemire,Amar'e,1610612748,MIA,Miami Heat,21500547,2016-01-08T00:00:00,MIA @ PHX,W,13.2,0.0,0.0,0.0,0.0,7.0,0.0,3.0,12.0,3.0,1.0,0.0,1.0,11.9,1,1,1,1,20889,12059,10158,9917,18861,12242,1,7328,18637,347,17214,1,12373,17760,1.0,13:10,2015,2016
2015-16,1626164,Devin Booker,Devin,1610612756,PHX,Phoenix Suns,21500547,2016-01-08T00:00:00,PHX vs. MIA,L,37.3,5.0,0.0,9.0,6.0,15.0,2.0,23.0,36.0,0.0,1.0,5.0,3.0,27.2,1,13074,13074,13074,1870,1603,10158,184,5299,23079,3734,25880,1943,8004,17214,24686,4736,7289,1.0,37:20,2015,2016
2015-16,101133,Ian Mahinmi,Ian,1610612754,IND,Indiana Pacers,21500544,2016-01-08T00:00:00,IND @ NOP,W,24.5,1.0,2.0,3.0,12.0,6.0,1.0,2.0,14.0,4.0,1.0,3.0,3.0,41.5,1,1,1,1,12083,11535,4731,3302,988,10028,3393,4025,17019,132,17214,17641,4736,2038,1.0,24:32,2015,2016
2015-16,203944,Julius Randle,Julius,1610612747,LAL,Los Angeles Lakers,21500549,2016-01-08T00:00:00,LAL vs. OKC,L,23.4,0.0,2.0,0.0,2.0,8.0,8.0,9.0,24.0,0.0,1.0,6.0,1.0,11.6,1,13074,13074,13074,13077,12059,4731,9917,12984,13914,17345,18829,8723,8004,17214,25827,12373,17970,1.0,23:21,2015,2016
2015-16,202322,John Wall,John,1610612764,WAS,Washington Wizards,21500540,2016-01-08T00:00:00,WAS vs. TOR,L,36.6,2.0,0.0,0.0,8.0,12.0,15.0,2.0,32.0,3.0,3.0,1.0,1.0,31.4,1,13074,13074,13074,2356,6026,10158,9917,3109,20178,24781,4025,3535,347,25441,4972,12373,5218,1.0,36:34,2015,2016
2015-16,2755,Kevin Martin,Kevin,1610612750,MIN,Minnesota Timberwolves,21500543,2016-01-08T00:00:00,MIN vs. CLE,L,13.4,2.0,0.0,0.0,0.0,6.0,2.0,4.0,4.0,0.0,0.0,2.0,1.0,11.6,1,13074,13074,13074,20769,6026,10158,9917,18861,10028,3734,8806,23698,8004,1,11390,12373,17970,1.0,13:21,2015,2016
2015-16,202697,Iman Shumpert,Iman,1610612739,CLE,Cleveland Cavaliers,21500543,2016-01-08T00:00:00,CLE @ MIN,W,28.9,2.0,0.0,4.0,4.0,14.0,4.0,5.0,16.0,0.0,0.0,1.0,4.0,40.1,1,1,1,1,8448,6026,10158,1913,8599,22292,8458,11593,15259,8004,1,4972,2748,2345,1.0,28:54,2015,2016
2015-16,203932,Aaron Gordon,Aaron,1610612753,ORL,Orlando Magic,21500541,2016-01-08T00:00:00,ORL @ BKN,W,22.9,0.0,6.0,3.0,8.0,10.0,3.0,0.0,16.0,0.0,0.0,4.0,0.0,20.5,1,1,1,1,13484,12059,481,3302,3109,17370,7138,1,15259,8004,1,22104,18762,11401,1.0,22:52,2015,2016
2015-16,203462,Archie Goodwin,Archie,1610612756,PHX,Phoenix Suns,21500547,2016-01-08T00:00:00,PHX vs. MIA,L,16.0,6.0,0.0,0.0,8.0,9.0,2.0,12.0,12.0,0.0,2.0,2.0,2.0,19.8,1,13074,13074,13074,19031,878,10158,9917,3109,15771,3734,22259,18637,8004,23588,11390,7786,11883,1.0,16:01,2015,2016
2015-16,101114,Deron Williams,Deron,1610612742,DAL,Dallas Mavericks,21500545,2016-01-08T00:00:00,DAL @ MIL,L,24.4,0.0,0.0,0.0,2.0,13.0,3.0,11.0,24.0,0.0,0.0,2.0,3.0,12.4,1,13074,13074,13074,12210,12059,10158,9917,12984,21300,7138,21342,8723,8004,1,11390,4736,17418,1.0,24:24,2015,2016
2015-16,203999,Nikola Jokić,Nikola,1610612743,DEN,Denver Nuggets,21500542,2016-01-08T00:00:00,DEN @ MEM,L,18.5,0.0,2.0,0.0,6.0,10.0,4.0,3.0,10.0,0.0,0.0,2.0,0.0,15.5,1,13074,13074,13074,17090,12059,4731,9917,5299,17370,8458,7328,20209,8004,1,11390,18762,15004,1.0,18:31,2015,2016
2015-16,1495,Tim Duncan,Tim,1610612759,SAS,San Antonio Spurs,21500546,2016-01-08T00:00:00,SAS vs. NYK,W,20.8,2.0,2.0,0.0,6.0,3.0,3.0,3.0,14.0,0.0,0.0,1.0,1.0,15.5,1,1,1,1,15271,6026,4731,9917,5299,5109,7138,7328,17019,8004,1,4972,12373,15004,1.0,20:45,2015,2016
2015-16,203903,Jordan Clarkson,Jordan,1610612747,LAL,Los Angeles Lakers,21500549,2016-01-08T00:00:00,LAL vs. OKC,L,35.2,3.0,0.0,3.0,6.0,15.0,17.0,13.0,50.0,0.0,1.0,3.0,2.0,26.6,1,13074,13074,13074,3430,4307,10158,3302,5299,23079,25429,23048,107,8004,17214,17641,7786,7566,1.0,35:09,2015,2016
2015-16,202687,Bismack Biyombo,Bismack,1610612761,TOR,Toronto Raptors,21500540,2016-01-08T00:00:00,TOR @ WAS,W,18.0,0.0,0.0,0.0,0.0,4.0,2.0,3.0,8.0,4.0,1.0,3.0,1.0,18.2,1,1,1,1,17536,12059,10158,9917,18861,6141,3734,7328,21543,132,17214,17641,12373,13004,1.0,17:59,2015,2016
2015-16,201569,Eric Gordon,Eric,1610612740,NOP,New Orleans Pelicans,21500544,2016-01-08T00:00:00,NOP vs. IND,L,35.6,0.0,1.0,0.0,0.0,11.0,9.0,7.0,34.0,0.0,3.0,2.0,1.0,18.1,1,13074,13074,13074,3077,12059,9709,9917,18861,18886,19144,15538,2701,8004,25441,11390,12373,13090,1.0,35:35,2015,2016
2015-16,203094,Andrew Nicholson,Andrew,1610612753,ORL,Orlando Magic,21500541,2016-01-08T00:00:00,ORL @ BKN,W,9.2,0.0,0.0,0.0,0.0,0.0,0.0,0.0,8.0,0.0,0.0,1.0,0.0,8.0,1,1,1,1,22744,12059,10158,9917,18861,1,1,1,21543,8004,1,4972,18762,20564,1.0,9:14,2015,2016
2015-16,2449,Luis Scola,Luis,1610612761,TOR,Toronto Raptors,21500540,2016-01-08T00:00:00,TOR @ WAS,W,19.8,0.0,5.0,0.0,8.0,8.0,2.0,8.0,22.0,0.0,1.0,3.0,2.0,16.0,1,1,1,1,16049,12059,995,9917,3109,13914,3734,17194,10265,8004,17214,17641,7786,14590,1.0,19:50,2015,2016
2015-16,202711,Bojan Bogdanović,Bojan,1610612751,BKN,Brooklyn Nets,21500541,2016-01-08T00:00:00,BKN vs. ORL,L,30.1,0.0,0.0,0.0,0.0,14.0,15.0,6.0,26.0,0.0,1.0,2.0,4.0,2.2,1,13074,13074,13074,7426,12059,10158,9917,18861,22292,24781,13388,7214,8004,17214,11390,2748,24138,1.0,30:07,2015,2016
2015-16,708,Kevin Garnett,Kevin,1610612750,MIN,Minnesota Timberwolves,21500543,2016-01-08T00:00:00,MIN vs. CLE,L,7.5,0.0,0.0,0.0,0.0,0.0,0.0,0.0,8.0,0.0,0.0,0.0,0.0,7.7,1,13074,13074,13074,23393,12059,10158,9917,18861,1,1,1,21543,8004,1,1,18762,20733,1.0,7:29,2015,2016
2015-16,201596,Mario Chalmers,Mario,1610612763,MEM,Memphis Grizzlies,21500542,2016-01-08T00:00:00,MEM vs. DEN,W,40.2,0.0,0.0,0.0,0.0,7.0,18.0,9.0,34.0,0.0,1.0,1.0,5.0,21.2,1,1,1,1,670,12059,10158,9917,18861,12242,25634,18829,2701,8004,17214,4972,1539,10936,1.0,40:13,2015,2016
2015-16,202693,Markieff Morris,Markieff,1610612756,PHX,Phoenix Suns,21500547,2016-01-08T00:00:00,PHX vs. MIA,L,6.3,0.0,0.0,0.0,2.0,4.0,0.0,6.0,8.0,0.0,1.0,3.0,0.0,2.2,1,13074,13074,13074,23834,12059,10158,9917,12984,6141,1,13388,21543,8004,17214,17641,18762,24138,1.0,6:17,2015,2016
2015-16,202708,Norris Cole,Norris,1610612740,NOP,New Orleans Pelicans,21500544,2016-01-08T00:00:00,NOP vs. IND,L,22.8,0.0,0.0,2.0,2.0,10.0,11.0,2.0,26.0,0.0,1.0,3.0,1.0,12.7,1,13074,13074,13074,13535,12059,10158,4675,12984,17370,21814,4025,7214,8004,17214,17641,12373,17201,1.0,22:47,2015,2016
2015-16,201588,George Hill,George,1610612754,IND,Indiana Pacers,21500544,2016-01-08T00:00:00,IND @ NOP,W,35.2,5.0,0.0,2.0,2.0,10.0,5.0,4.0,24.0,0.0,0.0,4.0,3.0,16.0,1,1,1,1,3398,1603,10158,4675,12984,17370,11469,8806,8723,8004,1,22104,4736,14590,1.0,35:11,2015,2016
2015-16,203079,Dion Waiters,Dion,1610612760,OKC,Oklahoma City Thunder,21500549,2016-01-08T00:00:00,OKC @ LAL,W,21.1,0.0,0.0,0.0,0.0,6.0,2.0,10.0,24.0,1.0,0.0,0.0,0.0,15.9,1,1,1,1,14943,12059,10158,9917,18861,10028,3734,20169,8723,2692,1,1,18762,14675,1.0,21:08,2015,2016
2015-16,202388,Donald Sloan,Donald,1610612751,BKN,Brooklyn Nets,21500541,2016-01-08T00:00:00,BKN vs. ORL,L,18.1,3.0,3.0,0.0,0.0,5.0,7.0,3.0,10.0,0.0,1.0,0.0,2.0,12.9,1,13074,13074,13074,17477,4307,3104,9917,18861,8403,15642,7328,20209,8004,17214,1,7786,17049,1.0,18:03,2015,2016
2015-16,203940,Adreian Payne,Adreian,1610612750,MIN,Minnesota Timberwolves,21500543,2016-01-08T00:00:00,MIN vs. CLE,L,1.9,0.0,0.0,0.0,0.0,0.0,0.0,2.0,2.0,0.0,0.0,0.0,0.0,2.0,1,13074,13074,13074,25565,12059,10158,9917,18861,1,1,4025,24614,8004,1,1,18762,24216,1.0,1:51,2015,2016
2015-16,202718,Chandler Parsons,Chandler,1610612742,DAL,Dallas Mavericks,21500545,2016-01-08T00:00:00,DAL @ MIL,L,21.5,0.0,0.0,3.0,2.0,6.0,2.0,11.0,22.0,2.0,0.0,2.0,1.0,16.1,1,13074,13074,13074,14643,12059,10158,3302,12984,10028,3734,21342,10265,932,1,11390,12373,14515,1.0,21:27,2015,2016
2015-16,203897,Zach LaVine,Zach,1610612750,MIN,Minnesota Timberwolves,21500543,2016-01-08T00:00:00,MIN vs. CLE,L,22.3,0.0,0.0,0.0,0.0,13.0,6.0,8.0,14.0,0.0,2.0,2.0,0.0,7.8,1,13074,13074,13074,13954,12059,10158,9917,18861,21300,13237,17194,17019,8004,23588,11390,18762,20696,1.0,22:15,2015,2016
2015-16,101138,Brandon Bass,Brandon,1610612747,LAL,Los Angeles Lakers,21500549,2016-01-08T00:00:00,LAL vs. OKC,L,25.1,2.0,0.0,0.0,4.0,6.0,10.0,7.0,26.0,0.0,0.0,2.0,2.0,21.5,1,13074,13074,13074,11619,6026,10158,9917,8599,10028,20509,15538,7214,8004,1,11390,7786,10755,1.0,25:04,2015,2016
2015-16,202682,Derrick Williams,Derrick,1610612752,NYK,New York Knicks,21500546,2016-01-08T00:00:00,NYK @ SAS,L,10.0,0.0,0.0,0.0,0.0,4.0,4.0,0.0,12.0,0.0,0.0,0.0,0.0,2.6,1,13074,13074,13074,22429,12059,10158,9917,18861,6141,8458,1,18637,8004,1,1,18762,23982,1.0,10:01,2015,2016
2015-16,203521,Matthew Dellavedova,Matthew,1610612739,CLE,Cleveland Cavaliers,21500543,2016-01-08T00:00:00,CLE @ MIN,W,23.6,3.0,2.0,3.0,4.0,8.0,2.0,3.0,10.0,0.0,0.0,1.0,0.0,13.0,1,1,1,1,12870,4307,4731,3302,8599,13914,3734,7328,20209,8004,1,4972,18762,16969,1.0,23:38,2015,2016
2015-16,201961,Wayne Ellington,Wayne,1610612751,BKN,Brooklyn Nets,21500541,2016-01-08T00:00:00,BKN vs. ORL,L,16.6,3.0,0.0,0.0,0.0,5.0,8.0,5.0,14.0,0.0,0.0,0.0,0.0,13.1,1,13074,13074,13074,18602,4307,10158,9917,18861,8403,17345,11593,17019,8004,1,1,18762,16874,1.0,16:34,2015,2016
2015-16,201579,Roy Hibbert,Roy,1610612747,LAL,Los Angeles Lakers,21500549,2016-01-08T00:00:00,LAL vs. OKC,L,22.9,2.0,2.0,2.0,6.0,11.0,13.0,11.0,32.0,2.0,0.0,4.0,0.0,18.4,1,13074,13074,13074,13439,6026,4731,4675,5299,18886,23668,21342,3535,932,1,22104,18762,12854,1.0,22:56,2015,2016
2015-16,203105,Festus Ezeli,Festus,1610612744,GSW,Golden State Warriors,21500548,2016-01-08T00:00:00,GSW @ POR,W,6.7,0.0,0.0,0.0,2.0,2.0,0.0,2.0,10.0,1.0,0.0,0.0,1.0,7.6,1,1,1,1,23671,12059,10158,9917,12984,2619,1,4025,20209,2692,1,1,12373,20803,1.0,6:43,2015,2016
2015-16,201581,JJ Hickson,JJ,1610612743,DEN,Denver Nuggets,21500542,2016-01-08T00:00:00,DEN @ MEM,L,11.0,0.0,1.0,0.0,2.0,4.0,4.0,4.0,10.0,0.0,0.0,2.0,1.0,8.0,1,13074,13074,13074,22026,12059,9709,9917,12984,6141,8458,8806,20209,8004,1,11390,12373,20564,1.0,11:00,2015,2016
2015-16,1626167,Myles Turner,Myles,1610612754,IND,Indiana Pacers,21500544,2016-01-08T00:00:00,IND @ NOP,W,10.7,4.0,0.0,0.0,4.0,2.0,4.0,3.0,8.0,1.0,0.0,1.0,4.0,13.1,1,1,1,1,22166,2460,10158,9917,8599,2619,8458,7328,21543,2692,1,4972,2748,16874,1.0,10:40,2015,2016
2015-16,203994,Jusuf Nurkić,Jusuf,1610612743,DEN,Denver Nuggets,21500542,2016-01-08T00:00:00,DEN @ MEM,L,18.5,2.0,0.0,0.0,4.0,0.0,8.0,4.0,12.0,1.0,2.0,5.0,5.0,16.2,1,13074,13074,13074,17124,6026,10158,9917,8599,1,17345,8806,18637,2692,23588,24686,1539,14436,1.0,18:27,2015,2016
2015-16,202720,Jon Leuer,Jon,1610612756,PHX,Phoenix Suns,21500547,2016-01-08T00:00:00,PHX vs. MIA,L,26.5,0.0,0.0,2.0,6.0,12.0,2.0,12.0,28.0,1.0,0.0,2.0,1.0,21.3,1,13074,13074,13074,10485,12059,10158,4675,5299,20178,3734,22259,5824,2692,1,11390,12373,10880,1.0,26:27,2015,2016
2015-16,202498,Lance Thomas,Lance,1610612752,NYK,New York Knicks,21500546,2016-01-08T00:00:00,NYK @ SAS,L,12.6,0.0,0.0,2.0,4.0,4.0,4.0,2.0,14.0,1.0,0.0,2.0,0.0,13.2,1,13074,13074,13074,21244,12059,10158,4675,8599,6141,8458,4025,17019,2692,1,11390,18762,16768,1.0,12:33,2015,2016
2015-16,1626273,Marcelo Huertas,Marcelo,1610612747,LAL,Los Angeles Lakers,21500549,2016-01-08T00:00:00,LAL vs. OKC,L,18.2,0.0,0.0,0.0,2.0,6.0,6.0,4.0,12.0,0.0,0.0,0.0,0.0,7.6,1,13074,13074,13074,17359,12059,10158,9917,12984,10028,13237,8806,18637,8004,1,1,18762,20803,1.0,18:11,2015,2016
2015-16,2034,Mike Miller,Mike,1610612743,DEN,Denver Nuggets,21500542,2016-01-08T00:00:00,DEN @ MEM,L,12.8,0.0,0.0,0.0,0.0,2.0,5.0,6.0,8.0,0.0,0.0,2.0,0.0,3.0,1,13074,13074,13074,21102,12059,10158,9917,18861,2619,11469,13388,21543,8004,1,11390,18762,23648,1.0,12:45,2015,2016
2015-16,203090,Maurice Harkless,Maurice,1610612757,POR,Portland Trail Blazers,21500548,2016-01-08T00:00:00,POR vs. GSW,L,22.4,0.0,0.0,0.0,0.0,9.0,4.0,6.0,12.0,1.0,0.0,1.0,3.0,16.7,1,13074,13074,13074,13873,12059,10158,9917,18861,15771,8458,13388,18637,2692,1,4972,4736,14064,1.0,22:21,2015,2016
2015-16,203613,Jonathon Simmons,Jonathon,1610612759,SAS,San Antonio Spurs,21500546,2016-01-08T00:00:00,SAS vs. NYK,W,9.3,0.0,0.0,0.0,2.0,0.0,7.0,3.0,12.0,0.0,0.0,0.0,2.0,3.2,1,1,1,1,22724,12059,10158,9917,12984,1,15642,7328,18637,8004,1,1,7786,23473,1.0,9:17,2015,2016
2015-16,2738,Andre Iguodala,Andre,1610612744,GSW,Golden State Warriors,21500548,2016-01-08T00:00:00,GSW @ POR,W,19.1,2.0,0.0,2.0,0.0,9.0,0.0,8.0,18.0,0.0,0.0,5.0,3.0,8.3,1,1,1,1,16628,6026,10158,4675,18861,15771,1,17194,13577,8004,1,24686,4736,20376,1.0,19:05,2015,2016
2015-16,1713,Vince Carter,Vince,1610612763,MEM,Memphis Grizzlies,21500542,2016-01-08T00:00:00,MEM vs. DEN,W,9.3,0.0,0.0,0.0,0.0,0.0,4.0,4.0,10.0,0.0,0.0,0.0,2.0,3.0,1,1,1,1,22702,12059,10158,9917,18861,1,8458,8806,20209,8004,1,1,7786,23648,1.0,9:19,2015,2016
2015-16,202066,Garrett Temple,Garrett,1610612764,WAS,Washington Wizards,21500540,2016-01-08T00:00:00,WAS vs. TOR,L,32.5,2.0,0.0,4.0,4.0,12.0,14.0,2.0,30.0,0.0,2.0,5.0,3.0,17.7,1,13074,13074,13074,5538,6026,10158,1913,8599,20178,24300,4025,4541,8004,23588,24686,4736,13380,1.0,32:27,2015,2016
2015-16,201167,Arron Afflalo,Arron,1610612752,NYK,New York Knicks,21500546,2016-01-08T00:00:00,NYK @ SAS,L,40.5,0.0,3.0,0.0,0.0,8.0,12.0,9.0,52.0,1.0,2.0,2.0,1.0,21.8,1,13074,13074,13074,608,12059,3104,9917,18861,13914,22832,18829,59,2692,23588,11390,12373,10526,1.0,40:29,2015,2016
2015-16,203953,Jabari Parker,Jabari,1610612749,MIL,Milwaukee Bucks,21500545,2016-01-08T00:00:00,MIL vs. DAL,W,30.1,4.0,2.0,2.0,8.0,4.0,13.0,11.0,22.0,0.0,0.0,4.0,3.0,21.9,1,1,1,1,7492,2460,4731,4675,3109,6141,23668,21342,10265,8004,1,22104,4736,10460,1.0,30:04,2015,2016
2015-16,2225,Tony Parker,Tony,1610612759,SAS,San Antonio Spurs,21500546,2016-01-08T00:00:00,SAS vs. NYK,W,32.5,0.0,0.0,2.0,10.0,3.0,8.0,8.0,24.0,0.0,0.0,1.0,1.0,33.0,1,1,1,1,5538,12059,10158,4675,1840,5109,17345,17194,8723,8004,1,4972,12373,4537,1.0,32:27,2015,2016
2015-16,200746,LaMarcus Aldridge,LaMarcus,1610612759,SAS,San Antonio Spurs,21500546,2016-01-08T00:00:00,SAS vs. NYK,W,34.2,0.0,2.0,0.0,12.0,3.0,8.0,13.0,24.0,0.0,0.0,1.0,0.0,27.8,1,1,1,1,4183,12059,4731,9917,988,5109,17345,23048,8723,8004,1,4972,18762,6950,1.0,34:13,2015,2016
2015-16,201589,Darrell Arthur,Darrell,1610612743,DEN,Denver Nuggets,21500542,2016-01-08T00:00:00,DEN @ MEM,L,25.6,0.0,2.0,0.0,0.0,12.0,5.0,5.0,12.0,2.0,0.0,3.0,0.0,27.8,1,13074,13074,13074,11247,12059,4731,9917,18861,20178,11469,11593,18637,932,1,17641,18762,6950,1.0,25:34,2015,2016
2015-16,2747,JR Smith,JR,1610612739,CLE,Cleveland Cavaliers,21500543,2016-01-08T00:00:00,CLE @ MIN,W,19.1,8.0,0.0,7.0,8.0,2.0,6.0,0.0,14.0,0.0,0.0,4.0,4.0,33.0,1,1,1,1,16614,308,10158,454,3109,2619,13237,1,17019,8004,1,22104,2748,4537,1.0,19:06,2015,2016
2015-16,2749,Jameer Nelson,Jameer,1610612743,DEN,Denver Nuggets,21500542,2016-01-08T00:00:00,DEN @ MEM,L,30.3,0.0,0.0,0.0,0.0,14.0,7.0,7.0,18.0,1.0,0.0,0.0,0.0,22.1,1,13074,13074,13074,7232,12059,10158,9917,18861,22292,15642,15538,13577,2692,1,1,18762,10332,1.0,30:21,2015,2016
2015-16,2207,Joe Johnson,Joe,1610612751,BKN,Brooklyn Nets,21500541,2016-01-08T00:00:00,BKN vs. ORL,L,38.7,3.0,0.0,0.0,4.0,17.0,18.0,9.0,32.0,0.0,2.0,3.0,1.0,22.1,1,13074,13074,13074,1169,4307,10158,9917,8599,24337,25634,18829,3535,8004,23588,17641,12373,10332,1.0,38:44,2015,2016
2015-16,201937,Ricky Rubio,Ricky,1610612750,MIN,Minnesota Timberwolves,21500543,2016-01-08T00:00:00,MIN vs. CLE,L,25.8,0.0,0.0,0.0,0.0,11.0,5.0,14.0,26.0,0.0,0.0,4.0,3.0,27.8,1,13074,13074,13074,11062,12059,10158,9917,18861,18886,11469,23710,7214,8004,1,22104,4736,6950,1.0,25:45,2015,2016
2015-16,2547,Chris Bosh,Chris,1610612748,MIA,Miami Heat,21500547,2016-01-08T00:00:00,MIA @ PHX,W,35.5,0.0,0.0,0.0,4.0,9.0,5.0,16.0,38.0,0.0,0.0,2.0,2.0,28.1,1,1,1,1,3125,12059,10158,9917,8599,15771,11469,24641,1422,8004,1,11390,7786,6818,1.0,35:31,2015,2016
2015-16,202688,Brandon Knight,Brandon,1610612756,PHX,Phoenix Suns,21500547,2016-01-08T00:00:00,PHX vs. MIA,L,36.6,0.0,0.0,7.0,12.0,19.0,2.0,20.0,34.0,0.0,0.0,2.0,2.0,32.8,1,13074,13074,13074,2365,12059,10158,454,988,25074,3734,25599,2701,8004,1,11390,7786,4609,1.0,36:33,2015,2016
2015-16,203080,Thomas Robinson,Thomas,1610612751,BKN,Brooklyn Nets,21500541,2016-01-08T00:00:00,BKN vs. ORL,L,9.2,0.0,0.0,0.0,6.0,0.0,2.0,3.0,2.0,0.0,0.0,0.0,0.0,13.8,1,13074,13074,13074,22781,12059,10158,9917,5299,1,3734,7328,24614,8004,1,1,18762,16311,1.0,9:09,2015,2016
2015-16,201188,Marc Gasol,Marc,1610612763,MEM,Memphis Grizzlies,21500542,2016-01-08T00:00:00,MEM vs. DEN,W,37.1,0.0,0.0,1.0,10.0,5.0,12.0,7.0,26.0,1.0,0.0,4.0,3.0,39.3,1,1,1,1,2046,12059,10158,9347,1840,8403,22832,15538,7214,2692,1,22104,4736,2563,1.0,37:03,2015,2016
2015-16,203115,Will Barton,Will,1610612743,DEN,Denver Nuggets,21500542,2016-01-08T00:00:00,DEN @ MEM,L,20.6,0.0,2.0,2.0,6.0,6.0,7.0,10.0,16.0,0.0,1.0,2.0,2.0,16.8,1,13074,13074,13074,15359,12059,4731,4675,5299,10028,15642,20169,15259,8004,17214,11390,7786,13996,1.0,20:38,2015,2016
2015-16,2199,Tyson Chandler,Tyson,1610612756,PHX,Phoenix Suns,21500547,2016-01-08T00:00:00,PHX vs. MIA,L,26.1,0.0,2.0,4.0,8.0,12.0,2.0,8.0,26.0,1.0,0.0,1.0,2.0,22.7,1,13074,13074,13074,10800,12059,4731,1913,3109,20178,3734,17194,7214,2692,1,4972,7786,9938,1.0,26:04,2015,2016
2015-16,201578,Marreese Speights,Marreese,1610612744,GSW,Golden State Warriors,21500548,2016-01-08T00:00:00,GSW @ POR,W,14.6,4.0,2.0,0.0,0.0,6.0,0.0,6.0,18.0,0.0,1.0,2.0,1.0,17.0,1,1,1,1,20010,2460,4731,9917,18861,10028,1,13388,13577,8004,17214,11390,12373,13855,1.0,14:38,2015,2016
2015-16,201582,Alexis Ajinca,Alexis,1610612740,NOP,New Orleans Pelicans,21500544,2016-01-08T00:00:00,NOP vs. IND,L,25.8,0.0,0.0,0.0,4.0,12.0,6.0,2.0,22.0,1.0,0.0,2.0,1.0,39.9,1,13074,13074,13074,11008,12059,10158,9917,8599,20178,13237,4025,10265,2692,1,11390,12373,2396,1.0,25:48,2015,2016
2015-16,203486,Mason Plumlee,Mason,1610612757,POR,Portland Trail Blazers,21500548,2016-01-08T00:00:00,POR vs. GSW,L,18.0,0.0,0.0,0.0,4.0,2.0,0.0,6.0,22.0,0.0,1.0,2.0,3.0,13.5,1,13074,13074,13074,17510,12059,10158,9917,8599,2619,1,13388,10265,8004,17214,11390,4736,16552,1.0,18:00,2015,2016
2015-16,202331,Paul George,Paul,1610612754,IND,Indiana Pacers,21500544,2016-01-08T00:00:00,IND @ NOP,W,32.1,3.0,0.0,0.0,2.0,8.0,4.0,2.0,20.0,0.0,0.0,3.0,3.0,32.4,1,1,1,1,5830,4307,10158,9917,12984,13914,8458,4025,11929,8004,1,17641,4736,4768,1.0,32:04,2015,2016
2015-16,2733,Shaun Livingston,Shaun,1610612744,GSW,Golden State Warriors,21500548,2016-01-08T00:00:00,GSW @ POR,W,18.8,0.0,0.0,0.0,2.0,4.0,3.0,6.0,20.0,0.0,1.0,2.0,1.0,13.7,1,1,1,1,16860,12059,10158,9917,12984,6141,7138,13388,11929,8004,17214,11390,12373,16393,1.0,18:49,2015,2016
2015-16,101106,Andrew Bogut,Andrew,1610612744,GSW,Golden State Warriors,21500548,2016-01-08T00:00:00,GSW @ POR,W,17.7,0.0,0.0,0.0,4.0,5.0,5.0,1.0,6.0,1.0,0.0,3.0,1.0,13.5,1,1,1,1,17790,12059,10158,9917,8599,8403,11469,3646,22724,2692,1,17641,12373,16552,1.0,17:39,2015,2016
2015-16,201145,Jeff Green,Jeff,1610612763,MEM,Memphis Grizzlies,21500542,2016-01-08T00:00:00,MEM vs. DEN,W,35.4,0.0,2.0,0.0,2.0,2.0,12.0,4.0,30.0,0.0,1.0,5.0,5.0,31.8,1,1,1,1,3263,12059,4731,9917,12984,2619,22832,8806,4541,8004,17214,24686,1539,5041,1.0,35:21,2015,2016
2015-16,203095,Evan Fournier,Evan,1610612753,ORL,Orlando Magic,21500541,2016-01-08T00:00:00,ORL @ BKN,W,32.6,4.0,3.0,4.0,4.0,15.0,6.0,4.0,30.0,0.0,0.0,0.0,3.0,22.7,1,1,1,1,5398,2460,3104,1913,8599,23079,13237,8806,4541,8004,1,1,4736,9938,1.0,32:38,2015,2016
2015-16,203914,Gary Harris,Gary,1610612743,DEN,Denver Nuggets,21500542,2016-01-08T00:00:00,DEN @ MEM,L,30.5,2.0,0.0,0.0,4.0,12.0,9.0,5.0,16.0,0.0,0.0,1.0,2.0,17.5,1,13074,13074,13074,7090,6026,10158,9917,8599,20178,19144,11593,15259,8004,1,4972,7786,13528,1.0,30:31,2015,2016
2015-16,201609,Goran Dragic,Goran,1610612748,MIA,Miami Heat,21500547,2016-01-08T00:00:00,MIA @ PHX,W,36.4,3.0,0.0,5.0,6.0,8.0,7.0,22.0,42.0,0.0,0.0,4.0,2.0,38.9,1,1,1,1,2465,4307,10158,1277,5299,13914,15642,25811,670,8004,1,22104,7786,2667,1.0,36:25,2015,2016
2015-16,203086,Meyers Leonard,Meyers,1610612757,POR,Portland Trail Blazers,21500548,2016-01-08T00:00:00,POR vs. GSW,L,17.2,0.0,0.0,0.0,0.0,2.0,0.0,0.0,6.0,1.0,0.0,4.0,1.0,17.3,1,13074,13074,13074,18153,12059,10158,9917,18861,2619,1,1,22724,2692,1,22104,12373,13671,1.0,17:10,2015,2016
2015-16,1626157,Karl-Anthony Towns,Karl-Anthony,1610612750,MIN,Minnesota Timberwolves,21500543,2016-01-08T00:00:00,MIN vs. CLE,L,35.3,4.0,2.0,2.0,14.0,19.0,9.0,18.0,32.0,0.0,0.0,3.0,0.0,31.7,1,13074,13074,13074,3285,2460,4731,4675,542,25074,19144,25228,3535,8004,1,17641,18762,5088,1.0,35:20,2015,2016
2015-16,201567,Kevin Love,Kevin,1610612739,CLE,Cleveland Cavaliers,21500543,2016-01-08T00:00:00,CLE @ MIN,W,31.0,3.0,3.0,2.0,2.0,12.0,6.0,3.0,20.0,1.0,0.0,1.0,6.0,39.8,1,1,1,1,6760,4307,3104,4675,12984,20178,13237,7328,11929,2692,1,4972,873,2422,1.0,30:57,2015,2016
2015-16,202330,Gordon Hayward,Gordon,1610612762,UTA,Utah Jazz,21500538,2016-01-07T00:00:00,UTA @ HOU,L,37.9,3.0,2.0,0.0,2.0,15.0,9.0,16.0,42.0,0.0,1.0,0.0,4.0,21.7,1,13074,13074,13074,1568,4307,4731,9917,12984,23079,19144,24641,670,8004,17214,1,2748,10592,1.0,37:52,2015,2016
2015-16,203457,Nerlens Noel,Nerlens,1610612755,PHI,Philadelphia 76ers,21500536,2016-01-07T00:00:00,PHI vs. ATL,L,23.9,2.0,4.0,4.0,8.0,13.0,6.0,17.0,34.0,1.0,0.0,3.0,3.0,32.6,1,13074,13074,13074,12650,6026,1596,1913,3109,21300,13237,24967,2701,2692,1,17641,4736,4687,1.0,23:54,2015,2016
2015-16,202397,Ish Smith,Ish,1610612755,PHI,Philadelphia 76ers,21500536,2016-01-07T00:00:00,PHI vs. ATL,L,27.3,2.0,0.0,2.0,6.0,17.0,6.0,17.0,38.0,0.0,0.0,1.0,0.0,22.7,1,13074,13074,13074,9741,6026,10158,4675,5299,24337,13237,24967,1422,8004,1,4972,18762,9938,1.0,27:20,2015,2016
2015-16,203112,Quincy Acy,Quincy,1610612758,SAC,Sacramento Kings,21500539,2016-01-07T00:00:00,SAC vs. LAL,W,25.0,4.0,2.0,3.0,14.0,9.0,2.0,4.0,18.0,2.0,0.0,1.0,2.0,31.8,1,1,1,1,11678,2460,4731,3302,542,15771,3734,8806,13577,932,1,4972,7786,5041,1.0,24:59,2015,2016
2015-16,201976,Patrick Beverley,Patrick,1610612745,HOU,Houston Rockets,21500538,2016-01-07T00:00:00,HOU vs. UTA,W,27.2,0.0,2.0,0.0,4.0,7.0,4.0,0.0,18.0,0.0,0.0,4.0,1.0,22.2,1,1,1,1,9836,12059,4731,9917,8599,12242,8458,1,13577,8004,1,22104,12373,10263,1.0,27:13,2015,2016
2015-16,203109,Jae Crowder,Jae,1610612738,BOS,Boston Celtics,21500537,2016-01-07T00:00:00,BOS @ CHI,L,39.1,5.0,3.0,4.0,8.0,6.0,21.0,7.0,36.0,1.0,1.0,3.0,3.0,39.8,1,13074,13074,13074,1032,1603,3104,1913,3109,10028,25962,15538,1943,2692,17214,17641,4736,2422,1.0,39:06,2015,2016
2015-16,203944,Julius Randle,Julius,1610612747,LAL,Los Angeles Lakers,21500539,2016-01-07T00:00:00,LAL @ SAC,L,29.9,0.0,4.0,0.0,0.0,12.0,8.0,4.0,28.0,0.0,0.0,4.0,4.0,17.5,1,13074,13074,13074,7624,12059,1596,9917,18861,20178,17345,8806,5824,8004,1,22104,2748,13528,1.0,29:54,2015,2016
2015-16,1626143,Jahlil Okafor,Jahlil,1610612755,PHI,Philadelphia 76ers,21500536,2016-01-07T00:00:00,PHI vs. ATL,L,26.5,2.0,6.0,2.0,14.0,10.0,4.0,17.0,30.0,1.0,1.0,2.0,3.0,32.4,1,13074,13074,13074,10439,6026,481,4675,542,17370,8458,24967,4541,2692,17214,11390,4736,4768,1.0,26:31,2015,2016
2015-16,1626156,D'Angelo Russell,D'Angelo,1610612747,LAL,Los Angeles Lakers,21500539,2016-01-07T00:00:00,LAL @ SAC,L,28.7,13.0,0.0,11.0,14.0,10.0,8.0,4.0,26.0,0.0,1.0,1.0,2.0,38.4,1,13074,13074,13074,8624,13,10158,69,542,17370,17345,8806,7214,8004,17214,4972,7786,2802,1.0,28:43,2015,2016
2015-16,1626168,Trey Lyles,Trey,1610612762,UTA,Utah Jazz,21500538,2016-01-07T00:00:00,UTA @ HOU,L,33.7,2.0,0.0,0.0,6.0,9.0,5.0,12.0,38.0,2.0,0.0,4.0,3.0,32.3,1,13074,13074,13074,4603,6026,10158,9917,5299,15771,11469,22259,1422,932,1,22104,4736,4807,1.0,33:42,2015,2016
2015-16,203501,Tim Hardaway Jr.,Tim,1610612737,ATL,Atlanta Hawks,21500536,2016-01-07T00:00:00,ATL @ PHI,W,18.7,0.0,0.0,3.0,0.0,9.0,6.0,5.0,16.0,0.0,1.0,1.0,0.0,16.9,1,1,1,1,16930,12059,10158,3302,18861,15771,13237,11593,15259,8004,17214,4972,18762,13911,1.0,18:43,2015,2016
2015-16,203504,Trey Burke,Trey,1610612762,UTA,Utah Jazz,21500538,2016-01-07T00:00:00,UTA @ HOU,L,24.4,2.0,2.0,0.0,2.0,10.0,2.0,8.0,20.0,0.0,1.0,1.0,1.0,13.9,1,13074,13074,13074,12176,6026,4731,9917,12984,17370,3734,17194,11929,8004,17214,4972,12373,16232,1.0,24:26,2015,2016
2015-16,101150,Lou Williams,Lou,1610612747,LAL,Los Angeles Lakers,21500539,2016-01-07T00:00:00,LAL @ SAC,L,32.1,0.0,0.0,2.0,4.0,16.0,12.0,15.0,50.0,1.0,1.0,2.0,2.0,27.5,1,13074,13074,13074,5830,12059,10158,4675,8599,23774,22832,24242,107,2692,17214,11390,7786,7137,1.0,32:04,2015,2016
2015-16,203463,Ben McLemore,Ben,1610612758,SAC,Sacramento Kings,21500539,2016-01-07T00:00:00,SAC vs. LAL,W,24.9,3.0,2.0,4.0,10.0,12.0,2.0,7.0,18.0,0.0,1.0,1.0,2.0,22.3,1,1,1,1,11785,4307,4731,1913,1840,20178,3734,15538,13577,8004,17214,4972,7786,10208,1.0,24:51,2015,2016
2015-16,201977,Marcus Thornton,Marcus,1610612745,HOU,Houston Rockets,21500538,2016-01-07T00:00:00,HOU vs. UTA,W,18.1,7.0,0.0,3.0,4.0,6.0,4.0,2.0,16.0,0.0,0.0,0.0,2.0,17.6,1,1,1,1,17465,548,10158,3302,8599,10028,8458,4025,15259,8004,1,1,7786,13443,1.0,18:04,2015,2016
2015-16,101161,Amir Johnson,Amir,1610612738,BOS,Boston Celtics,21500537,2016-01-07T00:00:00,BOS @ CHI,L,21.8,0.0,0.0,4.0,12.0,2.0,8.0,4.0,24.0,1.0,0.0,3.0,1.0,22.2,1,13074,13074,13074,14365,12059,10158,1913,988,2619,17345,8806,8723,2692,1,17641,12373,10263,1.0,21:46,2015,2016
2015-16,203935,Marcus Smart,Marcus,1610612738,BOS,Boston Celtics,21500537,2016-01-07T00:00:00,BOS @ CHI,L,29.6,0.0,5.0,0.0,2.0,5.0,17.0,3.0,18.0,0.0,1.0,3.0,1.0,25.0,1,13074,13074,13074,7882,12059,995,9917,12984,8403,25429,7328,13577,8004,17214,17641,12373,8485,1.0,29:36,2015,2016
2015-16,977,Kobe Bryant,Kobe,1610612747,LAL,Los Angeles Lakers,21500539,2016-01-07T00:00:00,LAL @ SAC,L,30.9,2.0,0.0,0.0,8.0,16.0,12.0,17.0,50.0,1.0,2.0,2.0,4.0,34.9,1,13074,13074,13074,6775,6026,10158,9917,3109,23774,22832,24967,107,2692,23588,11390,2748,3845,1.0,30:56,2015,2016
2015-16,1891,Jason Terry,Jason,1610612745,HOU,Houston Rockets,21500538,2016-01-07T00:00:00,HOU vs. UTA,W,20.3,0.0,0.0,3.0,6.0,8.0,4.0,2.0,22.0,0.0,0.0,1.0,0.0,14.4,1,1,1,1,15662,12059,10158,3302,5299,13914,8458,4025,10265,8004,1,4972,18762,15857,1.0,20:17,2015,2016
2015-16,203503,Tony Snell,Tony,1610612741,CHI,Chicago Bulls,21500537,2016-01-07T00:00:00,CHI vs. BOS,W,20.1,0.0,2.0,3.0,0.0,4.0,5.0,5.0,12.0,0.0,1.0,1.0,1.0,9.7,1,1,1,1,15816,12059,4731,3302,18861,6141,11469,11593,18637,8004,17214,4972,12373,19379,1.0,20:07,2015,2016
2015-16,201585,Kosta Koufos,Kosta,1610612758,SAC,Sacramento Kings,21500539,2016-01-07T00:00:00,SAC vs. LAL,W,19.6,0.0,4.0,0.0,12.0,8.0,4.0,8.0,22.0,1.0,2.0,4.0,0.0,19.4,1,1,1,1,16260,12059,1596,9917,988,13914,8458,17194,10265,2692,23588,22104,18762,12154,1.0,19:34,2015,2016
2015-16,203477,Isaiah Canaan,Isaiah,1610612755,PHI,Philadelphia 76ers,21500536,2016-01-07T00:00:00,PHI vs. ATL,L,16.1,2.0,0.0,2.0,2.0,19.0,4.0,18.0,26.0,0.0,0.0,2.0,4.0,9.7,1,13074,13074,13074,18997,6026,10158,4675,12984,25074,8458,25228,7214,8004,1,11390,2748,19379,1.0,16:03,2015,2016
2015-16,201952,Jeff Teague,Jeff,1610612737,ATL,Atlanta Hawks,21500536,2016-01-07T00:00:00,ATL @ PHI,W,21.7,2.0,0.0,0.0,4.0,7.0,10.0,8.0,30.0,0.0,0.0,1.0,0.0,14.2,1,1,1,1,14406,6026,10158,9917,8599,12242,20509,17194,4541,8004,1,4972,18762,16003,1.0,21:44,2015,2016
2015-16,203924,Jerami Grant,Jerami,1610612755,PHI,Philadelphia 76ers,21500536,2016-01-07T00:00:00,PHI vs. ATL,L,21.2,2.0,0.0,0.0,8.0,21.0,4.0,18.0,28.0,1.0,1.0,0.0,4.0,18.9,1,13074,13074,13074,14879,6026,10158,9917,3109,25535,8458,25228,5824,2692,17214,1,2748,12513,1.0,21:12,2015,2016
2015-16,203903,Jordan Clarkson,Jordan,1610612747,LAL,Los Angeles Lakers,21500539,2016-01-07T00:00:00,LAL @ SAC,L,35.2,2.0,2.0,0.0,8.0,18.0,8.0,19.0,52.0,0.0,1.0,4.0,2.0,26.0,1,13074,13074,13074,3376,6026,4731,9917,3109,24749,17345,25435,59,8004,17214,22104,7786,7910,1.0,35:13,2015,2016
2015-16,1626171,Bobby Portis,Bobby,1610612741,CHI,Chicago Bulls,21500537,2016-01-07T00:00:00,CHI vs. BOS,W,23.5,2.0,4.0,0.0,4.0,3.0,9.0,4.0,18.0,2.0,0.0,3.0,0.0,19.6,1,1,1,1,12968,6026,1596,9917,8599,5109,19144,8806,13577,932,1,17641,18762,12024,1.0,23:30,2015,2016
2015-16,202323,Evan Turner,Evan,1610612738,BOS,Boston Celtics,21500537,2016-01-07T00:00:00,BOS @ CHI,L,37.2,2.0,2.0,2.0,4.0,4.0,17.0,7.0,32.0,0.0,0.0,3.0,2.0,34.0,1,13074,13074,13074,1936,6026,4731,4675,8599,6141,25429,15538,3535,8004,1,17641,7786,4162,1.0,37:14,2015,2016
2015-16,201158,Marco Belinelli,Marco,1610612758,SAC,Sacramento Kings,21500539,2016-01-07T00:00:00,SAC vs. LAL,W,26.6,2.0,0.0,2.0,2.0,11.0,8.0,9.0,28.0,0.0,0.0,2.0,2.0,22.9,1,1,1,1,10338,6026,10158,4675,12984,18886,17345,18829,5824,8004,1,11390,7786,9811,1.0,26:38,2015,2016
2015-16,201565,Derrick Rose,Derrick,1610612741,CHI,Chicago Bulls,21500537,2016-01-07T00:00:00,CHI vs. BOS,W,34.5,4.0,0.0,2.0,16.0,12.0,12.0,17.0,38.0,0.0,0.0,4.0,1.0,28.9,1,1,1,1,3989,2460,10158,4675,275,20178,22832,24967,1422,8004,1,22104,12373,6414,1.0,34:27,2015,2016
2015-16,201143,Al Horford,Al,1610612737,ATL,Atlanta Hawks,21500536,2016-01-07T00:00:00,ATL @ PHI,W,24.5,6.0,6.0,7.0,10.0,5.0,10.0,4.0,26.0,3.0,0.0,2.0,2.0,51.3,1,1,1,1,12156,878,481,454,1840,8403,20509,8806,7214,347,1,11390,7786,631,1.0,24:28,2015,2016
2015-16,202344,Trevor Booker,Trevor,1610612762,UTA,Utah Jazz,21500538,2016-01-07T00:00:00,UTA @ HOU,L,25.3,2.0,2.0,0.0,12.0,10.0,2.0,10.0,22.0,0.0,0.0,1.0,0.0,24.8,1,13074,13074,13074,11440,6026,4731,9917,988,17370,3734,20169,10265,8004,1,4972,18762,8614,1.0,25:19,2015,2016
2015-16,2200,Pau Gasol,Pau,1610612741,CHI,Chicago Bulls,21500537,2016-01-07T00:00:00,CHI vs. BOS,W,34.7,0.0,4.0,0.0,8.0,11.0,5.0,17.0,36.0,1.0,1.0,0.0,2.0,44.6,1,1,1,1,3790,12059,1596,9917,3109,18886,11469,24967,1943,2692,17214,1,7786,1438,1.0,34:42,2015,2016
2015-16,200794,Paul Millsap,Paul,1610612737,ATL,Atlanta Hawks,21500536,2016-01-07T00:00:00,ATL @ PHI,W,24.9,8.0,2.0,2.0,14.0,9.0,10.0,8.0,34.0,0.0,1.0,2.0,3.0,36.2,1,1,1,1,11748,308,4731,4675,542,15771,20509,17194,2701,8004,17214,11390,4736,3407,1.0,24:54,2015,2016
2015-16,101138,Brandon Bass,Brandon,1610612747,LAL,Los Angeles Lakers,21500539,2016-01-07T00:00:00,LAL @ SAC,L,36.1,0.0,2.0,0.0,6.0,15.0,10.0,4.0,40.0,2.0,0.0,4.0,3.0,44.2,1,13074,13074,13074,2658,12059,4731,9917,5299,23079,20509,8806,983,932,1,22104,4736,1515,1.0,36:07,2015,2016
2015-16,201935,James Harden,James,1610612745,HOU,Houston Rockets,21500538,2016-01-07T00:00:00,HOU vs. UTA,W,34.1,5.0,2.0,7.0,18.0,9.0,8.0,0.0,28.0,1.0,1.0,1.0,6.0,52.1,1,1,1,1,4250,1603,4731,454,131,15771,17345,1,5824,2692,17214,4972,873,567,1.0,34:07,2015,2016
2015-16,200752,Rudy Gay,Rudy,1610612758,SAC,Sacramento Kings,21500539,2016-01-07T00:00:00,SAC vs. LAL,W,35.6,6.0,2.0,4.0,8.0,16.0,8.0,9.0,36.0,1.0,0.0,4.0,4.0,36.0,1,1,1,1,3095,878,4731,1913,3109,23774,17345,18829,1943,2692,1,22104,2748,3463,1.0,35:33,2015,2016
2015-16,203471,Dennis Schröder,Dennis,1610612737,ATL,Atlanta Hawks,21500536,2016-01-07T00:00:00,ATL @ PHI,W,18.9,0.0,0.0,0.0,4.0,10.0,4.0,4.0,20.0,0.0,0.0,4.0,2.0,29.8,1,1,1,1,16764,12059,10158,9917,8599,17370,8458,8806,11929,8004,1,22104,7786,5948,1.0,18:55,2015,2016
2015-16,203482,Kelly Olynyk,Kelly,1610612738,BOS,Boston Celtics,21500537,2016-01-07T00:00:00,BOS @ CHI,L,32.5,5.0,0.0,4.0,8.0,4.0,14.0,7.0,34.0,0.0,2.0,1.0,2.0,29.8,1,13074,13074,13074,5470,1603,10158,1913,3109,6141,24300,15538,2701,8004,23588,4972,7786,5948,1.0,32:32,2015,2016
2015-16,200757,Thabo Sefolosha,Thabo,1610612737,ATL,Atlanta Hawks,21500536,2016-01-07T00:00:00,ATL @ PHI,W,22.4,4.0,0.0,2.0,6.0,12.0,10.0,6.0,26.0,1.0,0.0,1.0,1.0,30.0,1,1,1,1,13873,2460,10158,4675,5299,20178,20509,13388,7214,2692,1,4972,12373,5840,1.0,22:21,2015,2016
2015-16,200765,Rajon Rondo,Rajon,1610612758,SAC,Sacramento Kings,21500539,2016-01-07T00:00:00,SAC vs. LAL,W,35.5,0.0,4.0,0.0,8.0,16.0,4.0,9.0,30.0,1.0,1.0,0.0,2.0,43.2,1,1,1,1,3109,12059,1596,9917,3109,23774,8458,18829,4541,2692,17214,1,7786,1699,1.0,35:32,2015,2016
2015-16,202326,DeMarcus Cousins,DeMarcus,1610612758,SAC,Sacramento Kings,21500539,2016-01-07T00:00:00,SAC vs. LAL,W,32.2,7.0,0.0,6.0,10.0,14.0,4.0,7.0,26.0,1.0,0.0,5.0,13.0,54.5,1,1,1,1,5730,548,10158,740,1840,22292,8458,15538,7214,2692,1,24686,14,422,1.0,32:11,2015,2016
2015-16,1626148,Anthony Brown,Anthony,1610612747,LAL,Los Angeles Lakers,21500539,2016-01-07T00:00:00,LAL @ SAC,L,17.1,0.0,0.0,0.0,0.0,6.0,2.0,2.0,14.0,0.0,0.0,2.0,0.0,1.4,1,13074,13074,13074,18222,12059,10158,9917,18861,10028,3734,4025,17019,8004,1,11390,18762,24615,1.0,17:04,2015,2016
2015-16,1626149,Montrezl Harrell,Montrezl,1610612745,HOU,Houston Rockets,21500538,2016-01-07T00:00:00,HOU vs. UTA,W,27.1,2.0,0.0,4.0,2.0,13.0,6.0,2.0,26.0,1.0,0.0,4.0,2.0,10.7,1,1,1,1,9930,6026,10158,1913,12984,21300,13237,4025,7214,2692,1,22104,7786,18636,1.0,27:06,2015,2016
2015-16,203488,Mike Muscala,Mike,1610612737,ATL,Atlanta Hawks,21500536,2016-01-07T00:00:00,ATL @ PHI,W,9.2,2.0,0.0,0.0,2.0,7.0,4.0,3.0,6.0,0.0,0.0,3.0,0.0,7.1,1,1,1,1,22744,6026,10158,9917,12984,12242,8458,7328,22724,8004,1,17641,18762,21141,1.0,9:14,2015,2016
2015-16,203092,Tyler Zeller,Tyler,1610612738,BOS,Boston Celtics,21500537,2016-01-07T00:00:00,BOS @ CHI,L,9.2,0.0,0.0,0.0,0.0,5.0,4.0,0.0,2.0,0.0,0.0,0.0,0.0,5.4,1,13074,13074,13074,22781,12059,10158,9917,18861,8403,8458,1,24614,8004,1,1,18762,22242,1.0,9:09,2015,2016
2015-16,201954,Darren Collison,Darren,1610612758,SAC,Sacramento Kings,21500539,2016-01-07T00:00:00,SAC vs. LAL,W,17.9,0.0,0.0,0.0,0.0,6.0,4.0,4.0,18.0,0.0,0.0,0.0,1.0,5.4,1,1,1,1,17615,12059,10158,9917,18861,10028,8458,8806,13577,8004,1,1,12373,22242,1.0,17:53,2015,2016
2015-16,203923,James Young,James,1610612738,BOS,Boston Celtics,21500537,2016-01-07T00:00:00,BOS @ CHI,L,4.1,0.0,0.0,0.0,0.0,3.0,2.0,0.0,2.0,0.0,0.0,0.0,0.0,0.0,1,13074,13074,13074,24664,12059,10158,9917,18861,5109,3734,1,24614,8004,1,1,18762,25170,1.0,4:09,2015,2016
2015-16,203497,Rudy Gobert,Rudy,1610612762,UTA,Utah Jazz,21500538,2016-01-07T00:00:00,UTA @ HOU,L,15.1,0.0,2.0,0.0,6.0,3.0,1.0,5.0,8.0,0.0,0.0,2.0,0.0,9.6,1,13074,13074,13074,19706,12059,4731,9917,5299,5109,3393,11593,21543,8004,1,11390,18762,19434,1.0,15:04,2015,2016
2015-16,204456,T.J. McConnell,T.J.,1610612755,PHI,Philadelphia 76ers,21500536,2016-01-07T00:00:00,PHI vs. ATL,L,9.3,0.0,0.0,0.0,0.0,10.0,4.0,13.0,14.0,0.0,0.0,0.0,0.0,4.2,1,13074,13074,13074,22728,12059,10158,9917,18861,17370,8458,23048,17019,8004,1,1,18762,22976,1.0,9:16,2015,2016
2015-16,201171,Carl Landry,Carl,1610612755,PHI,Philadelphia 76ers,21500536,2016-01-07T00:00:00,PHI vs. ATL,L,6.4,0.0,2.0,0.0,6.0,10.0,4.0,2.0,16.0,0.0,0.0,1.0,2.0,8.6,1,13074,13074,13074,23783,12059,4731,9917,5299,17370,8458,4025,15259,8004,1,4972,7786,20125,1.0,6:23,2015,2016
2015-16,2550,Kirk Hinrich,Kirk,1610612741,CHI,Chicago Bulls,21500537,2016-01-07T00:00:00,CHI vs. BOS,W,13.5,0.0,0.0,0.0,0.0,0.0,2.0,0.0,6.0,0.0,0.0,2.0,1.0,4.7,1,1,1,1,20682,12059,10158,9917,18861,1,3734,1,22724,8004,1,11390,12373,22672,1.0,13:33,2015,2016
2015-16,203200,Justin Holiday,Justin,1610612737,ATL,Atlanta Hawks,21500536,2016-01-07T00:00:00,ATL @ PHI,W,9.2,0.0,0.0,0.0,0.0,7.0,4.0,3.0,6.0,0.0,0.0,0.0,2.0,4.5,1,1,1,1,22744,12059,10158,9917,18861,12242,8458,7328,22724,8004,1,1,7786,22773,1.0,9:14,2015,2016
2015-16,203552,Seth Curry,Seth,1610612758,SAC,Sacramento Kings,21500539,2016-01-07T00:00:00,SAC vs. LAL,W,10.0,0.0,0.0,0.0,0.0,6.0,4.0,4.0,16.0,0.0,0.0,2.0,0.0,-1.0,1,1,1,1,22429,12059,10158,9917,18861,10028,8458,8806,15259,8004,1,11390,18762,25932,1.0,10:01,2015,2016
2015-16,202341,James Anderson,James,1610612758,SAC,Sacramento Kings,21500539,2016-01-07T00:00:00,SAC vs. LAL,W,12.8,0.0,0.0,0.0,0.0,2.0,0.0,4.0,8.0,0.0,0.0,1.0,0.0,2.9,1,1,1,1,21083,12059,10158,9917,18861,2619,1,8806,21543,8004,1,4972,18762,23852,1.0,12:48,2015,2016
2015-16,201959,Taj Gibson,Taj,1610612741,CHI,Chicago Bulls,21500537,2016-01-07T00:00:00,CHI vs. BOS,W,27.6,0.0,0.0,2.0,6.0,6.0,12.0,8.0,24.0,0.0,1.0,5.0,1.0,21.5,1,1,1,1,9506,12059,10158,4675,5299,10028,22832,17194,8723,8004,17214,24686,12373,10755,1.0,27:38,2015,2016
2015-16,1626158,Richaun Holmes,Richaun,1610612755,PHI,Philadelphia 76ers,21500536,2016-01-07T00:00:00,PHI vs. ATL,L,14.7,0.0,0.0,0.0,4.0,4.0,2.0,9.0,8.0,0.0,0.0,2.0,2.0,13.0,1,13074,13074,13074,19947,12059,10158,9917,8599,6141,3734,18829,21543,8004,1,11390,7786,16969,1.0,14:43,2015,2016
2015-16,201973,Jonas Jerebko,Jonas,1610612738,BOS,Boston Celtics,21500537,2016-01-07T00:00:00,BOS @ CHI,L,8.1,0.0,0.0,0.0,0.0,0.0,5.0,0.0,2.0,0.0,0.0,0.0,0.0,2.4,1,13074,13074,13074,23157,12059,10158,9917,18861,1,11469,1,24614,8004,1,1,18762,24024,1.0,8:05,2015,2016
2015-16,203138,Hollis Thompson,Hollis,1610612755,PHI,Philadelphia 76ers,21500536,2016-01-07T00:00:00,PHI vs. ATL,L,21.9,7.0,2.0,0.0,4.0,21.0,10.0,16.0,26.0,0.0,0.0,0.0,0.0,8.5,1,13074,13074,13074,14280,548,4731,9917,8599,25535,20509,24641,7214,8004,1,1,18762,20215,1.0,21:52,2015,2016
2015-16,201579,Roy Hibbert,Roy,1610612747,LAL,Los Angeles Lakers,21500539,2016-01-07T00:00:00,LAL @ SAC,L,11.9,0.0,0.0,0.0,0.0,7.0,4.0,15.0,24.0,0.0,0.0,5.0,1.0,2.9,1,13074,13074,13074,21644,12059,10158,9917,18861,12242,8458,24242,8723,8004,1,24686,12373,23852,1.0,11:53,2015,2016
2015-16,203960,JaKarr Sampson,JaKarr,1610612755,PHI,Philadelphia 76ers,21500536,2016-01-07T00:00:00,PHI vs. ATL,L,24.2,2.0,2.0,0.0,0.0,6.0,0.0,15.0,22.0,0.0,1.0,2.0,3.0,16.7,1,13074,13074,13074,12370,6026,4731,9917,18861,10028,1,24242,10265,8004,17214,11390,4736,14064,1.0,24:13,2015,2016
2015-16,203926,Doug McDermott,Doug,1610612741,CHI,Chicago Bulls,21500537,2016-01-07T00:00:00,CHI vs. BOS,W,20.2,3.0,3.0,0.0,0.0,3.0,11.0,4.0,16.0,0.0,0.0,1.0,1.0,13.2,1,1,1,1,15747,4307,3104,9917,18861,5109,21814,8806,15259,8004,1,4972,12373,16768,1.0,20:11,2015,2016
2015-16,2594,Kyle Korver,Kyle,1610612737,ATL,Atlanta Hawks,21500536,2016-01-07T00:00:00,ATL @ PHI,W,20.8,0.0,0.0,2.0,2.0,7.0,8.0,8.0,28.0,0.0,0.0,1.0,0.0,17.8,1,1,1,1,15206,12059,10158,4675,12984,12242,17345,17194,5824,8004,1,4972,18762,13309,1.0,20:49,2015,2016
2015-16,2772,Trevor Ariza,Trevor,1610612745,HOU,Houston Rockets,21500538,2016-01-07T00:00:00,HOU vs. UTA,W,32.4,0.0,0.0,0.0,0.0,9.0,8.0,2.0,32.0,1.0,0.0,2.0,0.0,18.5,1,1,1,1,5575,12059,10158,9917,18861,15771,17345,4025,3535,2692,1,11390,18762,12794,1.0,32:24,2015,2016
2015-16,203526,Raul Neto,Raul,1610612762,UTA,Utah Jazz,21500538,2016-01-07T00:00:00,UTA @ HOU,L,24.0,2.0,0.0,2.0,2.0,8.0,7.0,9.0,28.0,0.0,0.0,1.0,3.0,20.9,1,13074,13074,13074,12584,6026,10158,4675,12984,13914,15642,18829,5824,8004,1,4972,4736,11132,1.0,23:59,2015,2016
2015-16,204060,Joe Ingles,Joe,1610612762,UTA,Utah Jazz,21500538,2016-01-07T00:00:00,UTA @ HOU,L,21.4,0.0,0.0,0.0,2.0,7.0,5.0,6.0,16.0,0.0,0.0,1.0,0.0,12.6,1,13074,13074,13074,14689,12059,10158,9917,12984,12242,11469,13388,15259,8004,1,4972,18762,17277,1.0,21:24,2015,2016
2015-16,203917,Nik Stauskas,Nik,1610612755,PHI,Philadelphia 76ers,21500536,2016-01-07T00:00:00,PHI vs. ATL,L,23.9,0.0,0.0,2.0,2.0,10.0,6.0,12.0,32.0,1.0,1.0,1.0,1.0,16.2,1,13074,13074,13074,12702,12059,10158,4675,12984,17370,13237,22259,3535,2692,17214,4972,12373,14436,1.0,23:51,2015,2016
2015-16,203088,Kendall Marshall,Kendall,1610612755,PHI,Philadelphia 76ers,21500536,2016-01-07T00:00:00,PHI vs. ATL,L,11.4,0.0,0.0,0.0,0.0,2.0,0.0,3.0,6.0,0.0,0.0,0.0,1.0,3.0,1,13074,13074,13074,21869,12059,10158,9917,18861,2619,1,7328,22724,8004,1,1,12373,23648,1.0,11:24,2015,2016
2015-16,201168,Tiago Splitter,Tiago,1610612737,ATL,Atlanta Hawks,21500536,2016-01-07T00:00:00,ATL @ PHI,W,14.3,0.0,2.0,0.0,2.0,12.0,4.0,8.0,22.0,0.0,1.0,4.0,1.0,11.8,1,1,1,1,20218,12059,4731,9917,12984,20178,8458,17194,10265,8004,17214,22104,12373,17832,1.0,14:18,2015,2016
2015-16,203918,Rodney Hood,Rodney,1610612762,UTA,Utah Jazz,21500538,2016-01-07T00:00:00,UTA @ HOU,L,22.4,2.0,0.0,0.0,2.0,2.0,4.0,5.0,22.0,1.0,0.0,1.0,3.0,20.4,1,13074,13074,13074,13822,6026,10158,9917,12984,2619,8458,11593,10265,2692,1,4972,4736,11453,1.0,22:25,2015,2016
2015-16,203187,Chris Johnson,Chris,1610612762,UTA,Utah Jazz,21500538,2016-01-07T00:00:00,UTA @ HOU,L,18.6,0.0,0.0,0.0,2.0,10.0,4.0,7.0,20.0,0.0,1.0,6.0,0.0,20.0,1,13074,13074,13074,16983,12059,10158,9917,12984,17370,8458,15538,11929,8004,17214,25827,18762,11752,1.0,18:39,2015,2016
2015-16,1626204,Larry Nance Jr.,Larry,1610612747,LAL,Los Angeles Lakers,21500539,2016-01-07T00:00:00,LAL @ SAC,L,18.1,3.0,0.0,0.0,4.0,10.0,6.0,15.0,36.0,0.0,1.0,2.0,2.0,15.8,1,13074,13074,13074,17440,4307,10158,9917,8599,17370,13237,24242,1943,8004,17214,11390,7786,14754,1.0,18:06,2015,2016
2015-16,203496,Robert Covington,Robert,1610612755,PHI,Philadelphia 76ers,21500536,2016-01-07T00:00:00,PHI vs. ATL,L,13.3,5.0,2.0,3.0,0.0,2.0,0.0,8.0,10.0,0.0,2.0,3.0,0.0,11.6,1,13074,13074,13074,20805,1603,4731,3302,18861,2619,1,17194,20209,8004,23588,17641,18762,17970,1.0,13:18,2015,2016
2015-16,202738,Isaiah Thomas,Isaiah,1610612738,BOS,Boston Celtics,21500537,2016-01-07T00:00:00,BOS @ CHI,L,33.0,0.0,0.0,3.0,8.0,9.0,16.0,4.0,30.0,0.0,0.0,3.0,5.0,19.9,1,13074,13074,13074,5137,12059,10158,3302,3109,15771,25155,8806,4541,8004,1,17641,1539,11824,1.0,32:59,2015,2016
2015-16,202714,Shelvin Mack,Shelvin,1610612737,ATL,Atlanta Hawks,21500536,2016-01-07T00:00:00,ATL @ PHI,W,7.4,0.0,0.0,3.0,0.0,7.0,4.0,3.0,4.0,0.0,0.0,1.0,0.0,12.2,1,1,1,1,23438,12059,10158,3302,18861,12242,8458,7328,23698,8004,1,4972,18762,17566,1.0,7:21,2015,2016
2015-16,203481,Jeff Withey,Jeff,1610612762,UTA,Utah Jazz,21500538,2016-01-07T00:00:00,UTA @ HOU,L,17.2,2.0,2.0,0.0,6.0,6.0,6.0,7.0,24.0,2.0,0.0,0.0,2.0,20.3,1,13074,13074,13074,18153,6026,4731,9917,5299,10028,13237,15538,8723,932,1,1,7786,11534,1.0,17:10,2015,2016
2015-16,203145,Kent Bazemore,Kent,1610612737,ATL,Atlanta Hawks,21500536,2016-01-07T00:00:00,ATL @ PHI,W,24.9,7.0,0.0,10.0,10.0,13.0,8.0,8.0,32.0,1.0,0.0,3.0,4.0,41.2,1,1,1,1,11762,548,10158,118,1840,21300,17345,17194,3535,2692,1,17641,2748,2099,1.0,24:53,2015,2016
2015-16,202710,Jimmy Butler III,Jimmy,1610612741,CHI,Chicago Bulls,21500537,2016-01-07T00:00:00,CHI vs. BOS,W,38.7,0.0,9.0,0.0,4.0,12.0,9.0,17.0,40.0,1.0,0.0,1.0,9.0,43.0,1,1,1,1,1206,12059,77,9917,8599,20178,19144,24967,983,2692,1,4972,138,1733,1.0,38:39,2015,2016
2015-16,202703,Nikola Mirotic,Nikola,1610612741,CHI,Chicago Bulls,21500537,2016-01-07T00:00:00,CHI vs. BOS,W,27.2,0.0,1.0,0.0,0.0,9.0,5.0,13.0,30.0,1.0,0.0,1.0,3.0,26.1,1,1,1,1,9836,12059,9709,9917,18861,15771,11469,23048,4541,2692,1,4972,4736,7836,1.0,27:13,2015,2016
2015-16,203991,Clint Capela,Clint,1610612745,HOU,Houston Rockets,21500538,2016-01-07T00:00:00,HOU vs. UTA,W,30.3,0.0,3.0,0.0,4.0,11.0,4.0,2.0,26.0,0.0,3.0,3.0,4.0,27.0,1,1,1,1,7237,12059,3104,9917,8599,18886,8458,4025,7214,8004,25441,17641,2748,7385,1.0,30:20,2015,2016
2015-16,201147,Corey Brewer,Corey,1610612745,HOU,Houston Rockets,21500538,2016-01-07T00:00:00,HOU vs. UTA,W,18.4,0.0,0.0,0.0,0.0,6.0,4.0,0.0,14.0,0.0,0.0,1.0,1.0,11.6,1,1,1,1,17213,12059,10158,9917,18861,10028,8458,1,17019,8004,1,4972,12373,17970,1.0,18:22,2015,2016
2015-16,203093,Terrence Jones,Terrence,1610612745,HOU,Houston Rockets,21500538,2016-01-07T00:00:00,HOU vs. UTA,W,32.1,2.0,2.0,0.0,10.0,6.0,8.0,0.0,28.0,0.0,1.0,0.0,1.0,26.6,1,1,1,1,5785,6026,4731,9917,1840,10028,17345,1,5824,8004,17214,1,12373,7566,1.0,32:07,2015,2016
2015-16,203118,Mike Scott,Mike,1610612737,ATL,Atlanta Hawks,21500536,2016-01-07T00:00:00,ATL @ PHI,W,23.1,0.0,0.0,4.0,4.0,15.0,8.0,7.0,20.0,1.0,1.0,0.0,2.0,20.6,1,1,1,1,13285,12059,10158,1913,8599,23079,17345,15538,11929,2692,17214,1,7786,11314,1.0,23:06,2015,2016
2015-16,203096,Jared Sullinger,Jared,1610612738,BOS,Boston Celtics,21500537,2016-01-07T00:00:00,BOS @ CHI,L,25.4,0.0,4.0,0.0,2.0,7.0,11.0,3.0,10.0,1.0,1.0,3.0,4.0,31.2,1,13074,13074,13074,11372,12059,1596,9917,12984,12242,21814,7328,20209,2692,17214,17641,2748,5304,1.0,25:24,2015,2016
2015-16,201967,Dante Cunningham,Dante,1610612740,NOP,New Orleans Pelicans,21500531,2016-01-06T00:00:00,NOP vs. DAL,L,14.2,0.0,0.0,0.0,0.0,0.0,4.0,0.0,14.0,0.0,0.0,1.0,2.0,11.8,1,13074,13074,13074,20319,12059,10158,9917,18861,1,8458,1,17019,8004,1,4972,7786,17832,1.0,14:09,2015,2016
2015-16,202685,Jonas Valančiūnas,Jonas,1610612761,TOR,Toronto Raptors,21500529,2016-01-06T00:00:00,TOR @ BKN,W,29.6,4.0,6.0,0.0,14.0,4.0,2.0,4.0,28.0,2.0,0.0,1.0,4.0,41.2,1,1,1,1,7923,2460,481,9917,542,6141,3734,8806,5824,932,1,4972,2748,2099,1.0,29:33,2015,2016
2015-16,203094,Andrew Nicholson,Andrew,1610612753,ORL,Orlando Magic,21500526,2016-01-06T00:00:00,ORL vs. IND,L,23.3,0.0,0.0,0.0,4.0,4.0,7.0,3.0,14.0,1.0,0.0,0.0,2.0,15.2,1,13074,13074,13074,13126,12059,10158,9917,8599,6141,15642,7328,17019,2692,1,1,7786,15219,1.0,23:17,2015,2016
2015-16,201152,Thaddeus Young,Thaddeus,1610612751,BKN,Brooklyn Nets,21500529,2016-01-06T00:00:00,BKN vs. TOR,L,30.7,0.0,0.0,0.0,8.0,9.0,9.0,11.0,28.0,0.0,1.0,3.0,1.0,26.4,1,13074,13074,13074,6988,12059,10158,9917,3109,15771,19144,21342,5824,8004,17214,17641,12373,7672,1.0,30:39,2015,2016
2015-16,201937,Ricky Rubio,Ricky,1610612750,MIN,Minnesota Timberwolves,21500530,2016-01-06T00:00:00,MIN vs. DEN,L,31.2,0.0,0.0,0.0,0.0,2.0,7.0,4.0,10.0,0.0,1.0,2.0,1.0,27.3,1,13074,13074,13074,6567,12059,10158,9917,18861,2619,15642,8806,20209,8004,17214,11390,12373,7236,1.0,31:11,2015,2016
2015-16,202066,Garrett Temple,Garrett,1610612764,WAS,Washington Wizards,21500527,2016-01-06T00:00:00,WAS vs. CLE,L,34.2,0.0,0.0,8.0,8.0,10.0,6.0,3.0,26.0,0.0,0.0,3.0,3.0,27.3,1,13074,13074,13074,4145,12059,10158,280,3109,17370,13237,7328,7214,8004,1,17641,4736,7236,1.0,34:15,2015,2016
2015-16,202344,Trevor Booker,Trevor,1610612762,UTA,Utah Jazz,21500532,2016-01-06T00:00:00,UTA @ SAS,L,18.3,2.0,2.0,0.0,4.0,5.0,2.0,0.0,20.0,0.0,0.0,1.0,1.0,15.4,1,13074,13074,13074,17253,6026,4731,9917,8599,8403,3734,1,11929,8004,1,4972,12373,15066,1.0,18:19,2015,2016
2015-16,203484,Kentavious Caldwell-Pope,Kentavious,1610612765,DET,Detroit Pistons,21500528,2016-01-06T00:00:00,DET @ BOS,W,37.4,2.0,0.0,1.0,0.0,11.0,18.0,0.0,34.0,0.0,1.0,4.0,5.0,27.3,1,1,1,1,1860,6026,10158,9347,18861,18886,25634,1,2701,8004,17214,22104,1539,7236,1.0,37:21,2015,2016
2015-16,203459,Allen Crabbe,Allen,1610612757,POR,Portland Trail Blazers,21500535,2016-01-06T00:00:00,POR vs. LAC,L,33.9,0.0,0.0,0.0,2.0,19.0,6.0,9.0,28.0,0.0,0.0,1.0,1.0,20.6,1,13074,13074,13074,4396,12059,10158,9917,12984,25074,13237,18829,5824,8004,1,4972,12373,11314,1.0,33:56,2015,2016
2015-16,202696,Nikola Vučević,Nikola,1610612753,ORL,Orlando Magic,21500526,2016-01-06T00:00:00,ORL vs. IND,L,32.5,4.0,0.0,0.0,6.0,15.0,6.0,10.0,18.0,0.0,1.0,3.0,2.0,27.3,1,13074,13074,13074,5498,2460,10158,9917,5299,23079,13237,20169,13577,8004,17214,17641,7786,7236,1.0,32:31,2015,2016
2015-16,202390,Gary Neal,Gary,1610612764,WAS,Washington Wizards,21500527,2016-01-06T00:00:00,WAS vs. CLE,L,20.8,0.0,0.0,2.0,4.0,9.0,14.0,5.0,32.0,0.0,0.0,1.0,2.0,15.7,1,13074,13074,13074,15271,12059,10158,4675,8599,15771,24300,11593,3535,8004,1,4972,7786,14841,1.0,20:45,2015,2016
2015-16,203148,Brian Roberts,Brian,1610612766,CHA,Charlotte Hornets,21500533,2016-01-06T00:00:00,CHA @ PHX,L,14.9,0.0,0.0,3.0,0.0,7.0,0.0,6.0,8.0,1.0,0.0,1.0,2.0,11.9,1,13074,13074,13074,19864,12059,10158,3302,18861,12242,1,13388,21543,2692,1,4972,7786,17760,1.0,14:51,2015,2016
2015-16,203798,PJ Hairston,PJ,1610612766,CHA,Charlotte Hornets,21500533,2016-01-06T00:00:00,CHA @ PHX,L,35.2,3.0,0.0,1.0,2.0,12.0,3.0,7.0,16.0,0.0,0.0,4.0,2.0,20.0,1,13074,13074,13074,3354,4307,10158,9347,12984,20178,7138,15538,15259,8004,1,22104,7786,11752,1.0,35:15,2015,2016
2015-16,201589,Darrell Arthur,Darrell,1610612743,DEN,Denver Nuggets,21500530,2016-01-06T00:00:00,DEN @ MIN,W,29.8,0.0,4.0,2.0,4.0,6.0,6.0,2.0,12.0,2.0,1.0,3.0,0.0,30.7,1,1,1,1,7685,12059,1596,4675,8599,10028,13237,4025,18637,932,17214,17641,18762,5539,1.0,29:51,2015,2016
2015-16,204060,Joe Ingles,Joe,1610612762,UTA,Utah Jazz,21500532,2016-01-06T00:00:00,UTA @ SAS,L,21.8,6.0,0.0,5.0,4.0,10.0,8.0,0.0,30.0,0.0,0.0,3.0,3.0,15.8,1,13074,13074,13074,14328,878,10158,1277,8599,17370,17345,1,4541,8004,1,17641,4736,14754,1.0,21:49,2015,2016
2015-16,203500,Steven Adams,Steven,1610612760,OKC,Oklahoma City Thunder,21500534,2016-01-06T00:00:00,OKC vs. MEM,W,25.0,2.0,2.0,0.0,4.0,16.0,4.0,9.0,16.0,3.0,0.0,3.0,2.0,20.5,1,1,1,1,11695,6026,4731,9917,8599,23774,8458,18829,15259,347,1,17641,7786,11401,1.0,24:58,2015,2016
2015-16,1626147,Justin Anderson,Justin,1610612742,DAL,Dallas Mavericks,21500531,2016-01-06T00:00:00,DAL @ NOP,W,17.3,3.0,0.0,0.0,0.0,4.0,2.0,4.0,10.0,0.0,0.0,0.0,0.0,15.8,1,1,1,1,18024,4307,10158,9917,18861,6141,3734,8806,20209,8004,1,1,18762,14754,1.0,17:20,2015,2016
2015-16,201188,Marc Gasol,Marc,1610612763,MEM,Memphis Grizzlies,21500534,2016-01-06T00:00:00,MEM @ OKC,L,24.1,4.0,2.0,0.0,0.0,10.0,6.0,15.0,32.0,0.0,0.0,1.0,5.0,15.8,1,13074,13074,13074,12429,2460,4731,9917,18861,17370,13237,24242,3535,8004,1,4972,1539,14754,1.0,24:08,2015,2016
2015-16,203490,Otto Porter Jr.,Otto,1610612764,WAS,Washington Wizards,21500527,2016-01-06T00:00:00,WAS vs. CLE,L,33.3,0.0,0.0,1.0,2.0,13.0,10.0,2.0,34.0,1.0,0.0,3.0,3.0,31.4,1,13074,13074,13074,4862,12059,10158,9347,12984,21300,20509,4025,2701,2692,1,17641,4736,5218,1.0,33:20,2015,2016
2015-16,201577,Robin Lopez,Robin,1610612752,NYK,New York Knicks,21500525,2016-01-06T00:00:00,NYK @ MIA,W,34.5,2.0,6.0,2.0,18.0,8.0,8.0,6.0,32.0,2.0,0.0,3.0,1.0,30.3,1,1,1,1,3929,6026,481,4675,131,13914,17345,13388,3535,932,1,17641,12373,5702,1.0,34:31,2015,2016
2015-16,201580,JaVale McGee,JaVale,1610612742,DAL,Dallas Mavericks,21500531,2016-01-06T00:00:00,DAL @ NOP,W,19.4,0.0,4.0,0.0,8.0,8.0,10.0,9.0,20.0,4.0,1.0,1.0,1.0,26.2,1,1,1,1,16387,12059,1596,9917,3109,13914,20509,18829,11929,132,17214,4972,12373,7785,1.0,19:24,2015,2016
2015-16,101145,Monta Ellis,Monta,1610612754,IND,Indiana Pacers,21500526,2016-01-06T00:00:00,IND @ ORL,W,35.3,0.0,2.0,0.0,2.0,13.0,7.0,8.0,26.0,0.0,0.0,3.0,5.0,41.3,1,1,1,1,3285,12059,4731,9917,12984,21300,15642,17194,7214,8004,1,17641,1539,2074,1.0,35:20,2015,2016
2015-16,203952,Andrew Wiggins,Andrew,1610612750,MIN,Minnesota Timberwolves,21500530,2016-01-06T00:00:00,MIN vs. DEN,L,31.4,6.0,0.0,2.0,4.0,4.0,7.0,4.0,14.0,0.0,1.0,0.0,4.0,12.1,1,13074,13074,13074,6407,878,10158,4675,8599,6141,15642,8806,17019,8004,17214,1,2748,17639,1.0,31:22,2015,2016
2015-16,202697,Iman Shumpert,Iman,1610612739,CLE,Cleveland Cavaliers,21500527,2016-01-06T00:00:00,CLE @ WAS,W,29.8,3.0,0.0,0.0,0.0,10.0,2.0,7.0,22.0,0.0,0.0,1.0,0.0,19.7,1,1,1,1,7707,4307,10158,9917,18861,17370,3734,15538,10265,8004,1,4972,18762,11962,1.0,29:49,2015,2016
2015-16,201588,George Hill,George,1610612754,IND,Indiana Pacers,21500526,2016-01-06T00:00:00,IND @ ORL,W,33.7,3.0,3.0,0.0,2.0,14.0,9.0,2.0,18.0,0.0,2.0,2.0,2.0,27.1,1,1,1,1,4629,4307,3104,9917,12984,22292,19144,4025,13577,8004,23588,11390,7786,7339,1.0,33:39,2015,2016
2015-16,2403,Nene,ene,1610612764,WAS,Washington Wizards,21500527,2016-01-06T00:00:00,WAS vs. CLE,L,11.8,1.0,0.0,0.0,4.0,4.0,4.0,0.0,16.0,0.0,0.0,2.0,3.0,15.3,1,13074,13074,13074,21692,11535,10158,9917,8599,6141,8458,1,15259,8004,1,11390,4736,15150,1.0,11:48,2015,2016
2015-16,203932,Aaron Gordon,Aaron,1610612753,ORL,Orlando Magic,21500526,2016-01-06T00:00:00,ORL vs. IND,L,16.4,0.0,4.0,0.0,6.0,5.0,2.0,2.0,10.0,1.0,1.0,2.0,1.0,20.1,1,13074,13074,13074,18696,12059,1596,9917,5299,8403,3734,4025,20209,2692,17214,11390,12373,11685,1.0,16:26,2015,2016
2015-16,201599,DeAndre Jordan,DeAndre,1610612746,LAC,LA Clippers,21500535,2016-01-06T00:00:00,LAC @ POR,W,35.9,2.0,2.0,2.0,12.0,6.0,8.0,2.0,24.0,4.0,0.0,1.0,4.0,42.8,1,1,1,1,2816,6026,4731,4675,988,10028,17345,4025,8723,132,1,4972,2748,1776,1.0,35:56,2015,2016
2015-16,2546,Carmelo Anthony,Carmelo,1610612752,NYK,New York Knicks,21500525,2016-01-06T00:00:00,NYK @ MIA,W,36.6,2.0,0.0,0.0,6.0,11.0,10.0,6.0,36.0,0.0,0.0,3.0,7.0,42.0,1,1,1,1,2334,6026,10158,9917,5299,18886,20509,13388,1943,8004,1,17641,469,1936,1.0,36:37,2015,2016
2015-16,203079,Dion Waiters,Dion,1610612760,OKC,Oklahoma City Thunder,21500534,2016-01-06T00:00:00,OKC vs. MEM,W,31.3,0.0,3.0,0.0,6.0,17.0,9.0,7.0,22.0,0.0,0.0,0.0,2.0,19.7,1,1,1,1,6439,12059,3104,9917,5299,24337,19144,15538,10265,8004,1,1,7786,11962,1.0,31:20,2015,2016
2015-16,101179,Ronnie Price,Ronnie,1610612756,PHX,Phoenix Suns,21500533,2016-01-06T00:00:00,PHX vs. CHA,W,24.4,3.0,0.0,3.0,0.0,9.0,4.0,7.0,22.0,0.0,0.0,3.0,1.0,20.4,1,1,1,1,12177,4307,10158,3302,18861,15771,8458,15538,10265,8004,1,17641,12373,11453,1.0,24:26,2015,2016
2015-16,200751,Randy Foye,Randy,1610612743,DEN,Denver Nuggets,21500530,2016-01-06T00:00:00,DEN @ MIN,W,27.7,0.0,2.0,2.0,2.0,4.0,6.0,2.0,10.0,0.0,0.0,2.0,2.0,12.1,1,1,1,1,9430,12059,4731,4675,12984,6141,13237,4025,20209,8004,1,11390,7786,17639,1.0,27:44,2015,2016
2015-16,201566,Russell Westbrook,Russell,1610612760,OKC,Oklahoma City Thunder,21500534,2016-01-06T00:00:00,OKC vs. MEM,W,29.9,4.0,0.0,10.0,14.0,15.0,4.0,10.0,22.0,0.0,1.0,3.0,3.0,41.9,1,1,1,1,7617,2460,10158,118,542,23079,8458,20169,10265,8004,17214,17641,4736,1958,1.0,29:55,2015,2016
2015-16,203382,Aron Baynes,Aron,1610612765,DET,Detroit Pistons,21500528,2016-01-06T00:00:00,DET @ BOS,W,18.0,2.0,2.0,0.0,2.0,8.0,9.0,2.0,14.0,1.0,0.0,5.0,5.0,20.2,1,1,1,1,17523,6026,4731,9917,12984,13914,19144,4025,17019,2692,1,24686,1539,11610,1.0,17:59,2015,2016
2015-16,201609,Goran Dragic,Goran,1610612748,MIA,Miami Heat,21500525,2016-01-06T00:00:00,MIA vs. NYK,L,33.7,2.0,0.0,2.0,6.0,18.0,6.0,9.0,36.0,0.0,0.0,1.0,2.0,11.9,1,13074,13074,13074,4625,6026,10158,4675,5299,24749,13237,18829,1943,8004,1,4972,7786,17760,1.0,33:40,2015,2016
2015-16,2548,Dwyane Wade,Dwyane,1610612748,MIA,Miami Heat,21500525,2016-01-06T00:00:00,MIA vs. NYK,L,30.5,4.0,6.0,0.0,10.0,14.0,6.0,7.0,28.0,0.0,2.0,2.0,1.0,30.2,1,13074,13074,13074,7105,2460,481,9917,1840,22292,13237,15538,5824,8004,23588,11390,12373,5751,1.0,30:30,2015,2016
2015-16,202325,Wesley Johnson,Wesley,1610612746,LAC,LA Clippers,21500535,2016-01-06T00:00:00,LAC @ POR,W,23.8,0.0,0.0,0.0,0.0,5.0,14.0,6.0,26.0,1.0,0.0,1.0,2.0,16.9,1,1,1,1,12744,12059,10158,9917,18861,8403,24300,13388,7214,2692,1,4972,7786,13911,1.0,23:48,2015,2016
2015-16,2736,Luol Deng,Luol,1610612748,MIA,Miami Heat,21500525,2016-01-06T00:00:00,MIA vs. NYK,L,31.8,0.0,0.0,4.0,6.0,14.0,4.0,7.0,28.0,0.0,1.0,4.0,3.0,13.8,1,13074,13074,13074,6085,12059,10158,1913,5299,22292,8458,15538,5824,8004,17214,22104,4736,16311,1.0,31:47,2015,2016
2015-16,201568,Danilo Gallinari,Danilo,1610612743,DEN,Denver Nuggets,21500530,2016-01-06T00:00:00,DEN @ MIN,W,35.3,0.0,4.0,0.0,6.0,8.0,8.0,4.0,22.0,0.0,0.0,1.0,4.0,32.4,1,1,1,1,3315,12059,1596,9917,5299,13914,17345,8806,10265,8004,1,4972,2748,4768,1.0,35:18,2015,2016
2015-16,1626168,Trey Lyles,Trey,1610612762,UTA,Utah Jazz,21500532,2016-01-06T00:00:00,UTA @ SAS,L,29.9,0.0,0.0,0.0,2.0,19.0,12.0,5.0,48.0,0.0,0.0,1.0,0.0,13.8,1,13074,13074,13074,7650,12059,10158,9917,12984,25074,22832,11593,192,8004,1,4972,18762,16311,1.0,29:52,2015,2016
2015-16,202391,Jeremy Lin,Jeremy,1610612766,CHA,Charlotte Hornets,21500533,2016-01-06T00:00:00,CHA @ PHX,L,29.3,0.0,3.0,2.0,8.0,7.0,3.0,4.0,18.0,0.0,0.0,2.0,6.0,22.0,1,13074,13074,13074,8120,12059,3104,4675,3109,12242,7138,8806,13577,8004,1,11390,873,10388,1.0,29:18,2015,2016
2015-16,1718,Paul Pierce,Paul,1610612746,LAC,LA Clippers,21500535,2016-01-06T00:00:00,LAC @ POR,W,24.2,3.0,0.0,3.0,0.0,4.0,4.0,0.0,16.0,0.0,1.0,5.0,1.0,28.3,1,1,1,1,12379,4307,10158,3302,18861,6141,8458,1,15259,8004,17214,24686,12373,6720,1.0,24:12,2015,2016
2015-16,1626167,Myles Turner,Myles,1610612754,IND,Indiana Pacers,21500526,2016-01-06T00:00:00,IND @ ORL,W,12.5,2.0,0.0,2.0,4.0,7.0,0.0,0.0,10.0,1.0,0.0,1.0,0.0,14.0,1,1,1,1,21270,6026,10158,4675,8599,12242,1,1,20209,2692,1,4972,18762,16166,1.0,12:31,2015,2016
2015-16,2547,Chris Bosh,Chris,1610612748,MIA,Miami Heat,21500525,2016-01-06T00:00:00,MIA vs. NYK,L,34.1,4.0,0.0,0.0,12.0,16.0,4.0,7.0,34.0,1.0,1.0,1.0,4.0,39.0,1,13074,13074,13074,4253,2460,10158,9917,988,23774,8458,15538,2701,2692,17214,4972,2748,2642,1.0,34:07,2015,2016
2015-16,203939,Dwight Powell,Dwight,1610612742,DAL,Dallas Mavericks,21500531,2016-01-06T00:00:00,DAL @ NOP,W,29.8,0.0,2.0,0.0,2.0,8.0,9.0,9.0,24.0,2.0,1.0,3.0,3.0,39.0,1,1,1,1,7691,12059,4731,9917,12984,13914,19144,18829,8723,932,17214,17641,4736,2642,1.0,29:50,2015,2016
2015-16,203481,Jeff Withey,Jeff,1610612762,UTA,Utah Jazz,21500532,2016-01-06T00:00:00,UTA @ SAS,L,23.7,0.0,5.0,0.0,8.0,14.0,6.0,5.0,42.0,1.0,0.0,0.0,2.0,27.4,1,13074,13074,13074,12788,12059,995,9917,3109,22292,13237,11593,670,2692,1,1,7786,7179,1.0,23:44,2015,2016
2015-16,2747,JR Smith,JR,1610612739,CLE,Cleveland Cavaliers,21500527,2016-01-06T00:00:00,CLE @ WAS,W,34.7,6.0,5.0,0.0,6.0,6.0,7.0,19.0,30.0,0.0,0.0,4.0,0.0,39.1,1,1,1,1,3794,878,995,9917,5299,10028,15642,25435,4541,8004,1,22104,18762,2616,1.0,34:41,2015,2016
2015-16,202334,Ed Davis,Ed,1610612757,POR,Portland Trail Blazers,21500535,2016-01-06T00:00:00,POR vs. LAC,L,23.6,0.0,10.0,0.0,10.0,4.0,2.0,0.0,8.0,0.0,0.0,4.0,2.0,28.4,1,13074,13074,13074,12870,12059,34,9917,1840,6141,3734,1,21543,8004,1,22104,7786,6663,1.0,23:38,2015,2016
2015-16,202730,Lavoy Allen,Lavoy,1610612754,IND,Indiana Pacers,21500526,2016-01-06T00:00:00,IND @ ORL,W,25.6,2.0,0.0,2.0,2.0,9.0,7.0,4.0,16.0,2.0,1.0,0.0,1.0,17.0,1,1,1,1,11238,6026,10158,4675,12984,15771,15642,8806,15259,932,17214,1,12373,13855,1.0,25:34,2015,2016
2015-16,202695,Kawhi Leonard,Kawhi,1610612759,SAS,San Antonio Spurs,21500532,2016-01-06T00:00:00,SAS vs. UTA,W,23.2,7.0,2.0,2.0,6.0,12.0,2.0,5.0,14.0,0.0,0.0,0.0,1.0,28.3,1,1,1,1,13196,548,4731,4675,5299,20178,3734,11593,17019,8004,1,1,12373,6720,1.0,23:12,2015,2016
2015-16,1495,Tim Duncan,Tim,1610612759,SAS,San Antonio Spurs,21500532,2016-01-06T00:00:00,SAS vs. UTA,W,25.9,2.0,0.0,0.0,14.0,6.0,7.0,2.0,16.0,0.0,1.0,3.0,1.0,39.6,1,1,1,1,10939,6026,10158,9917,542,10028,15642,4025,15259,8004,17214,17641,12373,2474,1.0,25:53,2015,2016
2015-16,202684,Tristan Thompson,Tristan,1610612739,CLE,Cleveland Cavaliers,21500527,2016-01-06T00:00:00,CLE @ WAS,W,35.7,3.0,2.0,0.0,8.0,9.0,5.0,19.0,32.0,0.0,1.0,3.0,4.0,17.1,1,1,1,1,2988,4307,4731,9917,3109,15771,11469,25435,3535,8004,17214,17641,2748,13791,1.0,35:41,2015,2016
2015-16,201950,Jrue Holiday,Jrue,1610612740,NOP,New Orleans Pelicans,21500531,2016-01-06T00:00:00,NOP vs. DAL,L,29.3,2.0,2.0,2.0,6.0,11.0,2.0,6.0,22.0,0.0,1.0,5.0,0.0,28.2,1,13074,13074,13074,8099,6026,4731,4675,5299,18886,3734,13388,10265,8004,17214,24686,18762,6778,1.0,29:20,2015,2016
2015-16,202699,Tobias Harris,Tobias,1610612753,ORL,Orlando Magic,21500526,2016-01-06T00:00:00,ORL vs. IND,L,34.2,0.0,0.0,4.0,6.0,15.0,5.0,10.0,20.0,1.0,1.0,1.0,1.0,13.6,1,13074,13074,13074,4202,12059,10158,1913,5299,23079,11469,20169,11929,2692,17214,4972,12373,16460,1.0,34:12,2015,2016
2015-16,2734,Devin Harris,Devin,1610612742,DAL,Dallas Mavericks,21500531,2016-01-06T00:00:00,DAL @ NOP,W,26.0,2.0,0.0,4.0,4.0,4.0,6.0,5.0,18.0,0.0,0.0,3.0,2.0,28.2,1,1,1,1,10854,6026,10158,1913,8599,6141,13237,11593,13577,8004,1,17641,7786,6778,1.0,25:59,2015,2016
2015-16,201936,Tyreke Evans,Tyreke,1610612740,NOP,New Orleans Pelicans,21500531,2016-01-06T00:00:00,NOP vs. DAL,L,35.1,4.0,5.0,5.0,8.0,9.0,6.0,4.0,32.0,0.0,1.0,3.0,5.0,38.3,1,13074,13074,13074,3452,2460,995,1277,3109,15771,13237,8806,3535,8004,17214,17641,1539,2826,1.0,35:07,2015,2016
2015-16,203504,Trey Burke,Trey,1610612762,UTA,Utah Jazz,21500532,2016-01-06T00:00:00,UTA @ SAS,L,24.3,7.0,0.0,3.0,4.0,5.0,2.0,0.0,28.0,0.0,0.0,1.0,1.0,28.2,1,13074,13074,13074,12301,548,10158,3302,8599,8403,3734,1,5824,8004,1,4972,12373,6778,1.0,24:18,2015,2016
2015-16,202688,Brandon Knight,Brandon,1610612756,PHX,Phoenix Suns,21500533,2016-01-06T00:00:00,PHX vs. CHA,W,39.7,5.0,0.0,4.0,8.0,21.0,14.0,8.0,30.0,1.0,1.0,3.0,4.0,32.1,1,1,1,1,828,1603,10158,1913,3109,25535,24300,17194,4541,2692,17214,17641,2748,4889,1.0,39:40,2015,2016
2015-16,2199,Tyson Chandler,Tyson,1610612756,PHX,Phoenix Suns,21500533,2016-01-06T00:00:00,PHX vs. CHA,W,14.0,2.0,0.0,0.0,4.0,5.0,2.0,0.0,12.0,0.0,1.0,3.0,2.0,13.6,1,1,1,1,20428,6026,10158,9917,8599,8403,3734,1,18637,8004,17214,17641,7786,16460,1.0,13:58,2015,2016
2015-16,202718,Chandler Parsons,Chandler,1610612742,DAL,Dallas Mavericks,21500531,2016-01-06T00:00:00,DAL @ NOP,W,31.2,2.0,0.0,0.0,16.0,12.0,17.0,14.0,34.0,0.0,1.0,2.0,2.0,37.6,1,1,1,1,6553,6026,10158,9917,275,20178,25429,23710,2701,8004,17214,11390,7786,3018,1.0,31:12,2015,2016
2015-16,203584,Troy Daniels,Troy,1610612766,CHA,Charlotte Hornets,21500533,2016-01-06T00:00:00,CHA @ PHX,L,23.2,3.0,0.0,0.0,0.0,14.0,3.0,7.0,10.0,0.0,0.0,1.0,1.0,22.6,1,13074,13074,13074,13217,4307,10158,9917,18861,22292,7138,15538,20209,8004,1,4972,12373,10000,1.0,23:11,2015,2016
2015-16,202702,Kenneth Faried,Kenneth,1610612743,DEN,Denver Nuggets,21500530,2016-01-06T00:00:00,DEN @ MIN,W,18.1,0.0,0.0,0.0,2.0,6.0,2.0,4.0,14.0,0.0,1.0,2.0,2.0,17.4,1,1,1,1,17402,12059,10158,9917,12984,10028,3734,8806,17019,8004,17214,11390,7786,13595,1.0,18:08,2015,2016
2015-16,2561,David West,David,1610612759,SAS,San Antonio Spurs,21500532,2016-01-06T00:00:00,SAS vs. UTA,W,25.0,0.0,4.0,0.0,8.0,6.0,7.0,2.0,18.0,0.0,0.0,3.0,2.0,37.6,1,1,1,1,11671,12059,1596,9917,3109,10028,15642,4025,13577,8004,1,17641,7786,3018,1.0,25:00,2015,2016
2015-16,202379,Jeremy Evans,Jeremy,1610612742,DAL,Dallas Mavericks,21500531,2016-01-06T00:00:00,DAL @ NOP,W,25.3,2.0,0.0,2.0,6.0,8.0,9.0,8.0,22.0,0.0,1.0,1.0,3.0,17.5,1,1,1,1,11430,6026,10158,4675,5299,13914,19144,17194,10265,8004,17214,4972,4736,13528,1.0,25:19,2015,2016
2015-16,202322,John Wall,John,1610612764,WAS,Washington Wizards,21500527,2016-01-06T00:00:00,WAS vs. CLE,L,40.4,7.0,0.0,2.0,2.0,19.0,16.0,5.0,38.0,0.0,3.0,2.0,3.0,37.6,1,13074,13074,13074,628,548,10158,4675,12984,25074,25155,11593,1422,8004,25441,11390,4736,3018,1.0,40:23,2015,2016
2015-16,202329,Al-Farouq Aminu,Al-Farouq,1610612757,POR,Portland Trail Blazers,21500535,2016-01-06T00:00:00,POR vs. LAC,L,26.2,1.0,2.0,0.0,0.0,15.0,6.0,9.0,22.0,1.0,1.0,1.0,1.0,17.7,1,13074,13074,13074,10696,11535,4731,9917,18861,23079,13237,18829,10265,2692,17214,4972,12373,13380,1.0,26:12,2015,2016
2015-16,200755,JJ Redick,JJ,1610612746,LAC,LA Clippers,21500535,2016-01-06T00:00:00,LAC @ POR,W,30.1,2.0,0.0,2.0,4.0,6.0,6.0,2.0,20.0,0.0,0.0,2.0,3.0,27.7,1,1,1,1,7477,6026,10158,4675,8599,10028,13237,4025,11929,8004,1,11390,4736,7008,1.0,30:05,2015,2016
2015-16,1626157,Karl-Anthony Towns,Karl-Anthony,1610612750,MIN,Minnesota Timberwolves,21500530,2016-01-06T00:00:00,MIN vs. DEN,L,32.1,4.0,6.0,2.0,10.0,2.0,9.0,6.0,14.0,2.0,2.0,2.0,2.0,39.8,1,13074,13074,13074,5785,2460,481,4675,1840,2619,19144,13388,17019,932,23588,11390,7786,2422,1.0,32:07,2015,2016
2015-16,203492,Ray McCallum,Ray,1610612759,SAS,San Antonio Spurs,21500532,2016-01-06T00:00:00,SAS vs. UTA,W,24.9,0.0,0.0,0.0,4.0,5.0,7.0,6.0,18.0,1.0,1.0,3.0,1.0,22.5,1,1,1,1,11737,12059,10158,9917,8599,8403,15642,13388,13577,2692,17214,17641,12373,10082,1.0,24:55,2015,2016
2015-16,202335,Patrick Patterson,Patrick,1610612761,TOR,Toronto Raptors,21500529,2016-01-06T00:00:00,TOR @ BKN,W,25.7,2.0,3.0,0.0,2.0,6.0,2.0,4.0,26.0,1.0,1.0,1.0,0.0,17.6,1,1,1,1,11100,6026,3104,9917,12984,10028,3734,8806,7214,2692,17214,4972,18762,13443,1.0,25:42,2015,2016
2015-16,101107,Marvin Williams,Marvin,1610612766,CHA,Charlotte Hornets,21500533,2016-01-06T00:00:00,CHA @ PHX,L,28.9,2.0,2.0,0.0,2.0,13.0,0.0,7.0,18.0,1.0,0.0,1.0,2.0,28.6,1,13074,13074,13074,8448,6026,4731,9917,12984,21300,1,15538,13577,2692,1,4972,7786,6560,1.0,28:54,2015,2016
2015-16,202330,Gordon Hayward,Gordon,1610612762,UTA,Utah Jazz,21500532,2016-01-06T00:00:00,UTA @ SAS,L,28.8,2.0,0.0,0.0,6.0,16.0,8.0,5.0,46.0,0.0,0.0,2.0,5.0,28.8,1,13074,13074,13074,8589,6026,10158,9917,5299,23774,17345,11593,298,8004,1,11390,1539,6465,1.0,28:45,2015,2016
2015-16,202738,Isaiah Thomas,Isaiah,1610612738,BOS,Boston Celtics,21500528,2016-01-06T00:00:00,BOS vs. DET,L,36.0,2.0,5.0,1.0,8.0,9.0,7.0,1.0,20.0,1.0,2.0,2.0,9.0,47.0,1,13074,13074,13074,2748,6026,995,9347,3109,15771,15642,3646,11929,2692,23588,11390,138,1078,1.0,36:01,2015,2016
2015-16,203095,Evan Fournier,Evan,1610612753,ORL,Orlando Magic,21500526,2016-01-06T00:00:00,ORL vs. IND,L,35.6,2.0,5.0,2.0,4.0,15.0,10.0,11.0,22.0,0.0,0.0,6.0,4.0,29.6,1,13074,13074,13074,3058,6026,995,4675,8599,23079,20509,21342,10265,8004,1,25827,2748,6050,1.0,35:37,2015,2016
2015-16,202681,Kyrie Irving,Kyrie,1610612739,CLE,Cleveland Cavaliers,21500527,2016-01-06T00:00:00,CLE @ WAS,W,33.9,0.0,4.0,0.0,18.0,9.0,5.0,18.0,30.0,1.0,0.0,1.0,5.0,47.5,1,1,1,1,4442,12059,1596,9917,131,15771,11469,25228,4541,2692,1,4972,1539,1015,1.0,33:53,2015,2016
2015-16,1626169,Stanley Johnson,Stanley,1610612765,DET,Detroit Pistons,21500528,2016-01-06T00:00:00,DET @ BOS,W,23.1,0.0,2.0,2.0,6.0,12.0,11.0,3.0,10.0,0.0,1.0,3.0,1.0,24.0,1,1,1,1,13285,12059,4731,4675,5299,20178,21814,7328,20209,8004,17214,17641,12373,9121,1.0,23:06,2015,2016
2015-16,201572,Brook Lopez,Brook,1610612751,BKN,Brooklyn Nets,21500529,2016-01-06T00:00:00,BKN vs. TOR,L,40.3,0.0,4.0,0.0,20.0,17.0,11.0,15.0,40.0,3.0,2.0,2.0,6.0,50.1,1,13074,13074,13074,653,12059,1596,9917,59,24337,21814,24242,983,347,23588,11390,873,743,1.0,40:17,2015,2016
2015-16,101133,Ian Mahinmi,Ian,1610612754,IND,Indiana Pacers,21500526,2016-01-06T00:00:00,IND @ ORL,W,23.2,1.0,1.0,1.0,4.0,6.0,2.0,4.0,14.0,1.0,1.0,4.0,3.0,29.9,1,1,1,1,13178,11535,9709,9347,8599,10028,3734,8806,17019,2692,17214,22104,4736,5884,1.0,23:13,2015,2016
2015-16,200768,Kyle Lowry,Kyle,1610612761,TOR,Toronto Raptors,21500529,2016-01-06T00:00:00,TOR @ BKN,W,35.6,6.0,0.0,8.0,12.0,6.0,4.0,4.0,36.0,0.0,0.0,2.0,3.0,48.6,1,1,1,1,3069,878,10158,280,988,10028,8458,8806,1943,8004,1,11390,4736,900,1.0,35:36,2015,2016
2015-16,203083,Andre Drummond,Andre,1610612765,DET,Detroit Pistons,21500528,2016-01-06T00:00:00,DET @ BOS,W,21.5,0.0,0.0,0.0,8.0,4.0,10.0,1.0,22.0,2.0,0.0,4.0,5.0,30.0,1,1,1,1,14601,12059,10158,9917,3109,6141,20509,3646,10265,932,1,22104,1539,5840,1.0,21:29,2015,2016
2015-16,200782,P.J. Tucker,P.J.,1610612756,PHX,Phoenix Suns,21500533,2016-01-06T00:00:00,PHX vs. CHA,W,31.0,0.0,0.0,0.0,4.0,16.0,9.0,8.0,22.0,0.0,0.0,2.0,1.0,29.0,1,1,1,1,6707,12059,10158,9917,8599,23774,19144,17194,10265,8004,1,11390,12373,6346,1.0,31:01,2015,2016
2015-16,202689,Kemba Walker,Kemba,1610612766,CHA,Charlotte Hornets,21500533,2016-01-06T00:00:00,CHA @ PHX,L,34.4,10.0,4.0,3.0,10.0,13.0,3.0,7.0,18.0,1.0,2.0,0.0,5.0,44.8,1,13074,13074,13074,4012,99,1596,3302,1840,21300,7138,15538,13577,2692,23588,1,1539,1406,1.0,34:25,2015,2016
2015-16,203076,Anthony Davis,Anthony,1610612740,NOP,New Orleans Pelicans,21500531,2016-01-06T00:00:00,NOP vs. DAL,L,42.4,4.0,6.0,6.0,18.0,11.0,4.0,6.0,36.0,3.0,1.0,3.0,7.0,61.7,1,13074,13074,13074,260,2460,481,740,131,18886,8458,13388,1943,347,17214,17641,469,154,1.0,42:24,2015,2016
2015-16,203141,Mirza Teletovic,Mirza,1610612756,PHX,Phoenix Suns,21500533,2016-01-06T00:00:00,PHX vs. CHA,W,24.1,2.0,0.0,0.0,0.0,7.0,3.0,7.0,20.0,0.0,1.0,1.0,2.0,36.1,1,1,1,1,12508,6026,10158,9917,18861,12242,7138,15538,11929,8004,17214,4972,7786,3432,1.0,24:03,2015,2016
2015-16,203486,Mason Plumlee,Mason,1610612757,POR,Portland Trail Blazers,21500535,2016-01-06T00:00:00,POR vs. LAC,L,25.7,4.0,4.0,2.0,12.0,15.0,8.0,7.0,26.0,0.0,1.0,2.0,6.0,35.3,1,13074,13074,13074,11117,2460,1596,4675,988,23079,17345,15538,7214,8004,17214,11390,873,3719,1.0,25:42,2015,2016
2015-16,201160,Jason Smith,Jason,1610612753,ORL,Orlando Magic,21500526,2016-01-06T00:00:00,ORL vs. IND,L,8.4,2.0,0.0,0.0,2.0,0.0,2.0,0.0,8.0,0.0,0.0,1.0,0.0,11.6,1,13074,13074,13074,23070,6026,10158,9917,12984,1,3734,1,21543,8004,1,4972,18762,17970,1.0,8:21,2015,2016
2015-16,201596,Mario Chalmers,Mario,1610612763,MEM,Memphis Grizzlies,21500534,2016-01-06T00:00:00,MEM @ OKC,L,38.5,8.0,3.0,7.0,8.0,8.0,18.0,8.0,36.0,0.0,1.0,4.0,4.0,51.1,1,13074,13074,13074,1252,308,3104,454,3109,13914,25634,17194,1943,8004,17214,22104,2748,645,1.0,38:32,2015,2016
2015-16,101161,Amir Johnson,Amir,1610612738,BOS,Boston Celtics,21500528,2016-01-06T00:00:00,BOS vs. DET,L,31.2,0.0,4.0,0.0,16.0,7.0,7.0,1.0,18.0,2.0,0.0,3.0,2.0,37.2,1,13074,13074,13074,6564,12059,1596,9917,275,12242,15642,3646,13577,932,1,17641,7786,3130,1.0,31:11,2015,2016
2015-16,203473,Dewayne Dedmon,Dewayne,1610612753,ORL,Orlando Magic,21500526,2016-01-06T00:00:00,ORL vs. IND,L,7.1,0.0,2.0,0.0,0.0,2.0,4.0,3.0,4.0,1.0,0.0,0.0,1.0,7.4,1,13074,13074,13074,23509,12059,4731,9917,18861,2619,8458,7328,23698,2692,1,1,12373,20912,1.0,7:08,2015,2016
2015-16,1626159,Justise Winslow,Justise,1610612748,MIA,Miami Heat,21500525,2016-01-06T00:00:00,MIA vs. NYK,L,21.5,2.0,0.0,2.0,2.0,10.0,4.0,6.0,26.0,1.0,0.0,2.0,0.0,7.4,1,13074,13074,13074,14601,6026,10158,4675,12984,17370,8458,13388,7214,2692,1,11390,18762,20912,1.0,21:29,2015,2016
2015-16,101162,Marcin Gortat,Marcin,1610612764,WAS,Washington Wizards,21500527,2016-01-06T00:00:00,WAS vs. CLE,L,30.3,2.0,2.0,2.0,12.0,15.0,12.0,5.0,30.0,0.0,0.0,2.0,0.0,29.7,1,13074,13074,13074,7232,6026,4731,4675,988,23079,22832,11593,4541,8004,1,11390,18762,6006,1.0,30:21,2015,2016
2015-16,203081,Damian Lillard,Damian,1610612757,POR,Portland Trail Blazers,21500535,2016-01-06T00:00:00,POR vs. LAC,L,43.5,0.0,0.0,0.0,2.0,19.0,8.0,9.0,32.0,1.0,2.0,2.0,9.0,47.9,1,13074,13074,13074,170,12059,10158,9917,12984,25074,17345,18829,3535,2692,23588,11390,138,970,1.0,43:27,2015,2016
2015-16,203469,Cody Zeller,Cody,1610612766,CHA,Charlotte Hornets,21500533,2016-01-06T00:00:00,CHA @ PHX,L,33.7,3.0,3.0,4.0,12.0,13.0,0.0,7.0,18.0,1.0,0.0,5.0,2.0,37.2,1,13074,13074,13074,4608,4307,3104,1913,988,21300,1,15538,13577,2692,1,24686,7786,3130,1.0,33:41,2015,2016
2015-16,2544,LeBron James,LeBron,1610612739,CLE,Cleveland Cavaliers,21500527,2016-01-06T00:00:00,CLE @ WAS,W,39.7,7.0,0.0,5.0,12.0,11.0,7.0,19.0,36.0,1.0,0.0,3.0,6.0,56.0,1,1,1,1,818,548,10158,1277,988,18886,15642,25435,1943,2692,1,17641,873,352,1.0,39:42,2015,2016
2015-16,101109,Raymond Felton,Raymond,1610612742,DAL,Dallas Mavericks,21500531,2016-01-06T00:00:00,DAL @ NOP,W,36.5,2.0,0.0,0.0,2.0,14.0,17.0,14.0,38.0,0.0,0.0,4.0,4.0,36.4,1,1,1,1,2378,6026,10158,9917,12984,22292,25429,23710,1422,8004,1,22104,2748,3353,1.0,36:32,2015,2016
2015-16,203499,Shane Larkin,Shane,1610612751,BKN,Brooklyn Nets,21500529,2016-01-06T00:00:00,BKN vs. TOR,L,29.7,4.0,0.0,4.0,4.0,7.0,8.0,7.0,32.0,0.0,0.0,4.0,0.0,29.0,1,13074,13074,13074,7793,2460,10158,1913,8599,12242,17345,15538,3535,8004,1,22104,18762,6346,1.0,29:43,2015,2016
2015-16,201145,Jeff Green,Jeff,1610612763,MEM,Memphis Grizzlies,21500534,2016-01-06T00:00:00,MEM @ OKC,L,25.1,2.0,0.0,0.0,0.0,8.0,10.0,13.0,32.0,0.0,3.0,1.0,2.0,24.0,1,13074,13074,13074,11594,6026,10158,9917,18861,13914,20509,23048,3535,8004,25441,4972,7786,9121,1.0,25:06,2015,2016
2015-16,203109,Jae Crowder,Jae,1610612738,BOS,Boston Celtics,21500528,2016-01-06T00:00:00,BOS vs. DET,L,36.1,2.0,3.0,0.0,2.0,5.0,9.0,4.0,20.0,0.0,0.0,5.0,3.0,24.8,1,13074,13074,13074,2650,6026,3104,9917,12984,8403,19144,8806,11929,8004,1,24686,4736,8614,1.0,36:08,2015,2016
2015-16,203994,Jusuf Nurkić,Jusuf,1610612743,DEN,Denver Nuggets,21500530,2016-01-06T00:00:00,DEN @ MIN,W,22.0,4.0,0.0,0.0,10.0,0.0,6.0,2.0,8.0,5.0,1.0,5.0,4.0,44.0,1,1,1,1,14164,2460,10158,9917,1840,1,13237,4025,21543,59,17214,24686,2748,1559,1.0,22:00,2015,2016
2015-16,201142,Kevin Durant,Kevin,1610612760,OKC,Oklahoma City Thunder,21500534,2016-01-06T00:00:00,OKC vs. MEM,W,33.3,6.0,8.0,5.0,10.0,17.0,4.0,11.0,20.0,1.0,0.0,1.0,5.0,53.9,1,1,1,1,4899,878,137,1277,1840,24337,8458,21342,11929,2692,1,4972,1539,459,1.0,33:17,2015,2016
2015-16,203933,T.J. Warren,T.J.,1610612756,PHX,Phoenix Suns,21500533,2016-01-06T00:00:00,PHX vs. CHA,W,36.9,2.0,3.0,0.0,0.0,17.0,9.0,12.0,30.0,0.0,0.0,3.0,1.0,29.6,1,1,1,1,2167,6026,3104,9917,18861,24337,19144,22259,4541,8004,1,17641,12373,6050,1.0,36:52,2015,2016
2015-16,1713,Vince Carter,Vince,1610612763,MEM,Memphis Grizzlies,21500534,2016-01-06T00:00:00,MEM @ OKC,L,12.0,0.0,0.0,4.0,2.0,2.0,8.0,0.0,6.0,1.0,0.0,4.0,2.0,11.5,1,13074,13074,13074,21529,12059,10158,1913,12984,2619,17345,1,22724,2692,1,22104,7786,18079,1.0,12:00,2015,2016
2015-16,101108,Chris Paul,Chris,1610612746,LAC,LA Clippers,21500535,2016-01-06T00:00:00,LAC @ POR,W,35.6,6.0,0.0,0.0,6.0,6.0,8.0,4.0,24.0,0.0,1.0,4.0,6.0,54.3,1,1,1,1,3071,878,10158,9917,5299,10028,17345,8806,8723,8004,17214,22104,873,428,1.0,35:35,2015,2016
2015-16,1626246,Boban Marjanović,Boban,1610612759,SAS,San Antonio Spurs,21500532,2016-01-06T00:00:00,SAS vs. UTA,W,19.1,4.0,4.0,0.0,10.0,13.0,0.0,8.0,18.0,1.0,1.0,0.0,4.0,24.4,1,1,1,1,16654,2460,1596,9917,1840,21300,1,17194,13577,2692,17214,1,2748,8867,1.0,19:03,2015,2016
2015-16,201942,DeMar DeRozan,DeMar,1610612761,TOR,Toronto Raptors,21500529,2016-01-06T00:00:00,TOR @ BKN,W,36.4,1.0,0.0,1.0,4.0,4.0,4.0,4.0,36.0,0.0,0.0,2.0,6.0,29.3,1,1,1,1,2452,11535,10158,9347,8599,6141,8458,8806,1943,8004,1,11390,873,6202,1.0,36:25,2015,2016
2015-16,2216,Zach Randolph,Zach,1610612763,MEM,Memphis Grizzlies,21500534,2016-01-06T00:00:00,MEM @ OKC,L,24.5,0.0,2.0,0.0,4.0,4.0,9.0,4.0,22.0,0.0,1.0,1.0,3.0,24.2,1,13074,13074,13074,12083,12059,4731,9917,8599,6141,19144,8806,10265,8004,17214,4972,4736,9009,1.0,24:32,2015,2016
2015-16,202682,Derrick Williams,Derrick,1610612752,NYK,New York Knicks,21500525,2016-01-06T00:00:00,NYK @ MIA,W,17.5,2.0,0.0,2.0,6.0,10.0,2.0,2.0,16.0,0.0,1.0,1.0,1.0,24.6,1,1,1,1,17871,6026,10158,4675,5299,17370,3734,4025,15259,8004,17214,4972,12373,8724,1.0,17:32,2015,2016
2015-16,202331,Paul George,Paul,1610612754,IND,Indiana Pacers,21500526,2016-01-06T00:00:00,IND @ ORL,W,35.7,5.0,2.0,5.0,4.0,13.0,7.0,6.0,26.0,0.0,0.0,3.0,7.0,33.9,1,1,1,1,2988,1603,4731,1277,8599,21300,15642,13388,7214,8004,1,17641,469,4208,1.0,35:41,2015,2016
2015-16,708,Kevin Garnett,Kevin,1610612750,MIN,Minnesota Timberwolves,21500530,2016-01-06T00:00:00,MIN vs. DEN,L,20.7,0.0,0.0,0.0,2.0,0.0,5.0,2.0,2.0,1.0,0.0,3.0,1.0,18.8,1,13074,13074,13074,15298,12059,10158,9917,12984,1,11469,4025,24614,2692,1,17641,12373,12588,1.0,20:44,2015,2016
2015-16,1626164,Devin Booker,Devin,1610612756,PHX,Phoenix Suns,21500533,2016-01-06T00:00:00,PHX vs. CHA,W,31.9,4.0,0.0,4.0,4.0,16.0,10.0,11.0,24.0,0.0,1.0,2.0,0.0,34.0,1,1,1,1,5973,2460,10158,1913,8599,23774,20509,21342,8723,8004,17214,11390,18762,4162,1.0,31:54,2015,2016
2015-16,201567,Kevin Love,Kevin,1610612739,CLE,Cleveland Cavaliers,21500527,2016-01-06T00:00:00,CLE @ WAS,W,28.7,0.0,4.0,0.0,6.0,5.0,7.0,15.0,26.0,1.0,0.0,3.0,2.0,25.8,1,1,1,1,8676,12059,1596,9917,5299,8403,15642,24242,7214,2692,1,17641,7786,8022,1.0,28:41,2015,2016
2015-16,203187,Chris Johnson,Chris,1610612762,UTA,Utah Jazz,21500532,2016-01-06T00:00:00,UTA @ SAS,L,24.8,0.0,0.0,0.0,2.0,11.0,6.0,0.0,28.0,2.0,0.0,2.0,1.0,22.9,1,13074,13074,13074,11859,12059,10158,9917,12984,18886,13237,1,5824,932,1,11390,12373,9811,1.0,24:46,2015,2016
2015-16,203897,Zach LaVine,Zach,1610612750,MIN,Minnesota Timberwolves,21500530,2016-01-06T00:00:00,MIN vs. DEN,L,16.8,0.0,0.0,0.0,0.0,2.0,6.0,4.0,20.0,0.0,0.0,2.0,1.0,10.0,1,13074,13074,13074,18404,12059,10158,9917,18861,2619,13237,8806,11929,8004,1,11390,12373,19178,1.0,16:49,2015,2016
2015-16,202498,Lance Thomas,Lance,1610612752,NYK,New York Knicks,21500525,2016-01-06T00:00:00,NYK @ MIA,W,18.4,0.0,0.0,0.0,0.0,13.0,4.0,2.0,22.0,1.0,1.0,2.0,0.0,9.9,1,1,1,1,17198,12059,10158,9917,18861,21300,8458,4025,10265,2692,17214,11390,18762,19247,1.0,18:23,2015,2016
2015-16,204038,Langston Galloway,Langston,1610612752,NYK,New York Knicks,21500525,2016-01-06T00:00:00,NYK @ MIA,W,14.5,2.0,0.0,0.0,4.0,8.0,0.0,2.0,16.0,0.0,0.0,0.0,1.0,14.6,1,1,1,1,20133,6026,10158,9917,8599,13914,1,4025,15259,8004,1,1,12373,15699,1.0,14:27,2015,2016
2015-16,2754,Tony Allen,Tony,1610612763,MEM,Memphis Grizzlies,21500534,2016-01-06T00:00:00,MEM @ OKC,L,29.1,3.0,2.0,3.0,6.0,10.0,10.0,13.0,36.0,0.0,0.0,4.0,3.0,25.0,1,13074,13074,13074,8269,4307,4731,3302,5299,17370,20509,23048,1943,8004,1,22104,4736,8485,1.0,29:08,2015,2016
2015-16,203085,Austin Rivers,Austin,1610612746,LAC,LA Clippers,21500535,2016-01-06T00:00:00,LAC @ POR,W,25.1,2.0,2.0,2.0,2.0,5.0,10.0,4.0,24.0,0.0,1.0,2.0,0.0,19.6,1,1,1,1,11573,6026,4731,4675,12984,8403,20509,8806,8723,8004,17214,11390,18762,12024,1.0,25:08,2015,2016
2015-16,1938,Manu Ginobili,Manu,1610612759,SAS,San Antonio Spurs,21500532,2016-01-06T00:00:00,SAS vs. UTA,W,22.8,0.0,0.0,0.0,8.0,15.0,3.0,6.0,18.0,0.0,0.0,3.0,0.0,22.9,1,1,1,1,13528,12059,10158,9917,3109,23079,7138,13388,13577,8004,1,17641,18762,9811,1.0,22:48,2015,2016
2015-16,203526,Raul Neto,Raul,1610612762,UTA,Utah Jazz,21500532,2016-01-06T00:00:00,UTA @ SAS,L,23.7,0.0,0.0,2.0,2.0,19.0,12.0,5.0,40.0,0.0,0.0,2.0,2.0,10.4,1,13074,13074,13074,12822,12059,10158,4675,12984,25074,22832,11593,983,8004,1,11390,7786,18859,1.0,23:42,2015,2016
2015-16,201162,Jared Dudley,Jared,1610612764,WAS,Washington Wizards,21500527,2016-01-06T00:00:00,WAS vs. CLE,L,34.7,0.0,5.0,0.0,2.0,9.0,15.0,3.0,30.0,0.0,0.0,3.0,3.0,26.0,1,13074,13074,13074,3791,12059,995,9917,12984,15771,24781,7328,4541,8004,1,17641,4736,7910,1.0,34:41,2015,2016
2015-16,204001,Kristaps Porziņģis,Kristaps,1610612752,NYK,New York Knicks,21500525,2016-01-06T00:00:00,NYK @ MIA,W,30.9,0.0,0.0,0.0,6.0,9.0,8.0,8.0,36.0,2.0,0.0,4.0,5.0,23.3,1,1,1,1,6829,12059,10158,9917,5299,15771,17345,17194,1943,932,1,22104,1539,9567,1.0,30:53,2015,2016
2015-16,203613,Jonathon Simmons,Jonathon,1610612759,SAS,San Antonio Spurs,21500532,2016-01-06T00:00:00,SAS vs. UTA,W,17.3,2.0,0.0,0.0,6.0,7.0,4.0,7.0,14.0,0.0,0.0,4.0,3.0,14.5,1,1,1,1,18084,6026,10158,9917,5299,12242,8458,15538,17019,8004,1,22104,4736,15799,1.0,17:15,2015,2016
2015-16,201961,Wayne Ellington,Wayne,1610612751,BKN,Brooklyn Nets,21500529,2016-01-06T00:00:00,BKN vs. TOR,L,23.3,2.0,0.0,2.0,2.0,12.0,5.0,10.0,22.0,0.0,1.0,3.0,0.0,10.1,1,13074,13074,13074,13149,6026,10158,4675,12984,20178,11469,20169,10265,8004,17214,17641,18762,19105,1.0,23:15,2015,2016
2015-16,202720,Jon Leuer,Jon,1610612756,PHX,Phoenix Suns,21500533,2016-01-06T00:00:00,PHX vs. CHA,W,24.0,0.0,0.0,0.0,4.0,16.0,11.0,6.0,18.0,1.0,1.0,1.0,4.0,23.1,1,1,1,1,12611,12059,10158,9917,8599,23774,21814,13388,13577,2692,17214,4972,2748,9699,1.0,23:57,2015,2016
2015-16,101112,Channing Frye,Channing,1610612753,ORL,Orlando Magic,21500526,2016-01-06T00:00:00,ORL vs. IND,L,13.9,0.0,0.0,0.0,0.0,8.0,3.0,8.0,12.0,1.0,0.0,3.0,1.0,10.1,1,13074,13074,13074,20442,12059,10158,9917,18861,13914,7138,17194,18637,2692,1,17641,12373,19105,1.0,13:56,2015,2016
2015-16,203506,Victor Oladipo,Victor,1610612753,ORL,Orlando Magic,21500526,2016-01-06T00:00:00,ORL vs. IND,L,40.5,5.0,0.0,2.0,4.0,17.0,12.0,13.0,24.0,1.0,1.0,3.0,2.0,33.5,1,13074,13074,13074,594,1603,10158,4675,8599,24337,22832,23048,8723,2692,17214,17641,7786,4348,1.0,40:33,2015,2016
2015-16,202353,Tibor Pleiss,Tibor,1610612762,UTA,Utah Jazz,21500532,2016-01-06T00:00:00,UTA @ SAS,L,24.1,0.0,2.0,0.0,4.0,10.0,8.0,0.0,26.0,0.0,2.0,4.0,1.0,14.9,1,13074,13074,13074,12490,12059,4731,9917,8599,17370,17345,1,7214,8004,23588,22104,12373,15463,1.0,24:05,2015,2016
2015-16,202683,Enes Freedom,Enes,1610612760,OKC,Oklahoma City Thunder,21500534,2016-01-06T00:00:00,OKC vs. MEM,W,22.0,0.0,1.0,0.0,6.0,5.0,7.0,9.0,22.0,0.0,1.0,2.0,4.0,19.1,1,1,1,1,14143,12059,9709,9917,5299,8403,15642,18829,10265,8004,17214,11390,2748,12372,1.0,22:02,2015,2016
2015-16,202704,Reggie Jackson,Reggie,1610612765,DET,Detroit Pistons,21500528,2016-01-06T00:00:00,DET @ BOS,W,31.5,2.0,2.0,0.0,8.0,6.0,16.0,0.0,32.0,0.0,1.0,0.0,3.0,34.4,1,1,1,1,6352,6026,4731,9917,3109,10028,25155,1,3535,8004,17214,1,4736,4029,1.0,31:27,2015,2016
2015-16,101181,Jose Calderon,Jose,1610612752,NYK,New York Knicks,21500525,2016-01-06T00:00:00,NYK @ MIA,W,34.6,7.0,0.0,5.0,4.0,11.0,10.0,6.0,34.0,0.0,0.0,2.0,0.0,19.0,1,1,1,1,3837,548,10158,1277,8599,18886,20509,13388,2701,8004,1,11390,18762,12440,1.0,34:39,2015,2016
2015-16,204020,Tyler Johnson,Tyler,1610612748,MIA,Miami Heat,21500525,2016-01-06T00:00:00,MIA vs. NYK,L,21.5,2.0,0.0,0.0,8.0,10.0,2.0,6.0,26.0,0.0,0.0,1.0,2.0,19.1,1,13074,13074,13074,14601,6026,10158,9917,3109,17370,3734,13388,7214,8004,1,4972,7786,12372,1.0,21:29,2015,2016
2015-16,202323,Evan Turner,Evan,1610612738,BOS,Boston Celtics,21500528,2016-01-06T00:00:00,BOS vs. DET,L,35.5,4.0,6.0,2.0,8.0,9.0,7.0,3.0,22.0,0.0,1.0,3.0,3.0,23.2,1,13074,13074,13074,3125,2460,481,4675,3109,15771,15642,7328,10265,8004,17214,17641,4736,9630,1.0,35:31,2015,2016
2015-16,201601,Luc Mbah a Moute,Luc,1610612746,LAC,LA Clippers,21500535,2016-01-06T00:00:00,LAC @ POR,W,19.1,0.0,0.0,0.0,2.0,2.0,8.0,0.0,16.0,1.0,0.0,1.0,0.0,6.4,1,1,1,1,16610,12059,10158,9917,12984,2619,17345,1,15259,2692,1,4972,18762,21589,1.0,19:07,2015,2016
2015-16,201150,Spencer Hawes,Spencer,1610612766,CHA,Charlotte Hornets,21500533,2016-01-06T00:00:00,CHA @ PHX,L,9.1,0.0,0.0,0.0,0.0,2.0,0.0,2.0,4.0,0.0,0.0,1.0,0.0,6.3,1,13074,13074,13074,22801,12059,10158,9917,18861,2619,1,4025,23698,8004,1,4972,18762,21682,1.0,9:06,2015,2016
2015-16,2555,Nick Collison,Nick,1610612760,OKC,Oklahoma City Thunder,21500534,2016-01-06T00:00:00,OKC vs. MEM,W,17.2,0.0,0.0,0.0,0.0,12.0,5.0,1.0,10.0,1.0,0.0,3.0,1.0,11.3,1,1,1,1,18127,12059,10158,9917,18861,20178,11469,3646,20209,2692,1,17641,12373,18230,1.0,17:12,2015,2016
2015-16,2446,Rasual Butler,Rasual,1610612759,SAS,San Antonio Spurs,21500532,2016-01-06T00:00:00,SAS vs. UTA,W,5.7,0.0,0.0,0.0,2.0,0.0,2.0,2.0,2.0,0.0,0.0,0.0,0.0,2.0,1,1,1,1,24102,12059,10158,9917,12984,1,3734,4025,24614,8004,1,1,18762,24216,1.0,5:41,2015,2016
2015-16,203087,Jeremy Lamb,Jeremy,1610612766,CHA,Charlotte Hornets,21500533,2016-01-06T00:00:00,CHA @ PHX,L,7.5,2.0,0.0,0.0,2.0,2.0,0.0,2.0,2.0,0.0,0.0,0.0,0.0,6.2,1,13074,13074,13074,23393,6026,10158,9917,12984,2619,1,4025,24614,8004,1,1,18762,21696,1.0,7:29,2015,2016
2015-16,201946,Tyler Hansbrough,Tyler,1610612766,CHA,Charlotte Hornets,21500533,2016-01-06T00:00:00,CHA @ PHX,L,0.6,0.0,0.0,0.0,0.0,0.0,0.0,0.0,0.0,0.0,0.0,0.0,0.0,1.2,1,13074,13074,13074,25952,12059,10158,9917,18861,1,1,1,25429,8004,1,1,18762,24661,1.0,0:37,2015,2016
2015-16,202388,Donald Sloan,Donald,1610612751,BKN,Brooklyn Nets,21500529,2016-01-06T00:00:00,BKN vs. TOR,L,19.0,0.0,0.0,0.0,2.0,10.0,3.0,8.0,16.0,0.0,1.0,0.0,1.0,10.6,1,13074,13074,13074,16698,12059,10158,9917,12984,17370,7138,17194,15259,8004,17214,1,12373,18723,1.0,19:00,2015,2016
2015-16,2757,Beno Udrih,Beno,1610612748,MIA,Miami Heat,21500525,2016-01-06T00:00:00,MIA vs. NYK,L,12.3,0.0,0.0,0.0,0.0,4.0,0.0,2.0,12.0,0.0,0.0,0.0,1.0,1.9,1,13074,13074,13074,21400,12059,10158,9917,18861,6141,1,4025,18637,8004,1,1,12373,24429,1.0,12:16,2015,2016
2015-16,204067,Jarell Eddie,Jarell,1610612764,WAS,Washington Wizards,21500527,2016-01-06T00:00:00,WAS vs. CLE,L,7.8,0.0,0.0,3.0,0.0,6.0,6.0,0.0,16.0,0.0,0.0,0.0,1.0,6.2,1,13074,13074,13074,23270,12059,10158,3302,18861,10028,13237,1,15259,8004,1,1,12373,21696,1.0,7:48,2015,2016
2015-16,1626170,Jerian Grant,Jerian,1610612752,NYK,New York Knicks,21500525,2016-01-06T00:00:00,NYK @ MIA,W,7.9,2.0,0.0,2.0,2.0,6.0,0.0,0.0,8.0,0.0,1.0,1.0,0.0,6.2,1,1,1,1,23222,6026,10158,4675,12984,10028,1,1,21543,8004,17214,4972,18762,21696,1.0,7:54,2015,2016
2015-16,1626162,Kelly Oubre Jr.,Kelly,1610612764,WAS,Washington Wizards,21500527,2016-01-06T00:00:00,WAS vs. CLE,L,10.4,0.0,0.0,2.0,4.0,5.0,10.0,2.0,12.0,0.0,0.0,0.0,1.0,5.7,1,13074,13074,13074,22275,12059,10158,4675,8599,8403,20509,4025,18637,8004,1,1,12373,22054,1.0,10:24,2015,2016
2015-16,203090,Maurice Harkless,Maurice,1610612757,POR,Portland Trail Blazers,21500535,2016-01-06T00:00:00,POR vs. LAC,L,21.9,0.0,0.0,4.0,6.0,4.0,4.0,2.0,14.0,1.0,0.0,2.0,2.0,15.9,1,13074,13074,13074,14280,12059,10158,1913,5299,6141,8458,4025,17019,2692,1,11390,7786,14675,1.0,21:52,2015,2016
2015-16,204025,Tim Frazier,Tim,1610612757,POR,Portland Trail Blazers,21500535,2016-01-06T00:00:00,POR vs. LAC,L,8.0,0.0,0.0,0.0,2.0,2.0,2.0,0.0,6.0,0.0,0.0,3.0,0.0,2.0,1,13074,13074,13074,23183,12059,10158,9917,12984,2619,3734,1,22724,8004,1,17641,18762,24216,1.0,8:00,2015,2016
2015-16,201229,Anthony Tolliver,Anthony,1610612765,DET,Detroit Pistons,21500528,2016-01-06T00:00:00,DET @ BOS,W,23.8,3.0,3.0,0.0,0.0,10.0,9.0,3.0,12.0,0.0,0.0,2.0,1.0,10.8,1,1,1,1,12732,4307,3104,9917,18861,17370,19144,7328,18637,8004,1,11390,12373,18579,1.0,23:49,2015,2016
2015-16,2564,Boris Diaw,Boris,1610612759,SAS,San Antonio Spurs,21500532,2016-01-06T00:00:00,SAS vs. UTA,W,16.4,0.0,0.0,0.0,2.0,13.0,0.0,6.0,14.0,0.0,0.0,0.0,2.0,11.2,1,1,1,1,18720,12059,10158,9917,12984,21300,1,13388,17019,8004,1,1,7786,18267,1.0,16:25,2015,2016
2015-16,203098,John Jenkins,John,1610612742,DAL,Dallas Mavericks,21500531,2016-01-06T00:00:00,DAL @ NOP,W,4.0,0.0,0.0,0.0,0.0,2.0,0.0,0.0,6.0,0.0,0.0,0.0,0.0,1.2,1,1,1,1,24720,12059,10158,9917,18861,2619,1,1,22724,8004,1,1,18762,24661,1.0,3:58,2015,2016
2015-16,2207,Joe Johnson,Joe,1610612751,BKN,Brooklyn Nets,21500529,2016-01-06T00:00:00,BKN vs. TOR,L,31.9,0.0,0.0,0.0,2.0,11.0,11.0,11.0,34.0,0.0,1.0,3.0,1.0,5.9,1,13074,13074,13074,5973,12059,10158,9917,12984,18886,21814,21342,2701,8004,17214,17641,12373,21953,1.0,31:54,2015,2016
2015-16,201988,Patty Mills,Patty,1610612759,SAS,San Antonio Spurs,21500532,2016-01-06T00:00:00,SAS vs. UTA,W,23.1,0.0,0.0,0.0,0.0,14.0,2.0,6.0,18.0,0.0,0.0,0.0,1.0,6.0,1,1,1,1,13305,12059,10158,9917,18861,22292,3734,13388,13577,8004,1,1,12373,21878,1.0,23:05,2015,2016
2015-16,203943,Noah Vonleh,Noah,1610612757,POR,Portland Trail Blazers,21500535,2016-01-06T00:00:00,POR vs. LAC,L,15.7,0.0,0.0,0.0,4.0,6.0,2.0,7.0,12.0,0.0,1.0,1.0,1.0,8.2,1,13074,13074,13074,19292,12059,10158,9917,8599,10028,3734,15538,18637,8004,17214,4972,12373,20416,1.0,15:40,2015,2016
2015-16,201941,Jordan Hill,Jordan,1610612754,IND,Indiana Pacers,21500526,2016-01-06T00:00:00,IND @ ORL,W,12.3,0.0,4.0,0.0,6.0,5.0,9.0,4.0,8.0,1.0,1.0,1.0,0.0,12.6,1,1,1,1,21406,12059,1596,9917,5299,8403,19144,8806,21543,2692,17214,4972,18762,17277,1.0,12:16,2015,2016
2015-16,1626181,Norman Powell,Norman,1610612761,TOR,Toronto Raptors,21500529,2016-01-06T00:00:00,TOR @ BKN,W,1.1,0.0,0.0,0.0,0.0,1.0,0.0,0.0,2.0,0.0,1.0,0.0,0.0,2.0,1,1,1,1,25841,12059,10158,9917,18861,2356,1,1,24614,8004,17214,1,18762,24216,1.0,1:07,2015,2016
2015-16,203115,Will Barton,Will,1610612743,DEN,Denver Nuggets,21500530,2016-01-06T00:00:00,DEN @ MIN,W,25.6,0.0,0.0,0.0,2.0,4.0,6.0,2.0,10.0,0.0,0.0,3.0,3.0,12.7,1,1,1,1,11176,12059,10158,9917,12984,6141,13237,4025,20209,8004,1,17641,4736,17201,1.0,25:38,2015,2016
2015-16,1626166,Cameron Payne,Cameron,1610612760,OKC,Oklahoma City Thunder,21500534,2016-01-06T00:00:00,OKC vs. MEM,W,18.1,0.0,0.0,0.0,2.0,6.0,7.0,8.0,16.0,0.0,1.0,4.0,2.0,12.7,1,1,1,1,17454,12059,10158,9917,12984,10028,15642,17194,15259,8004,17214,22104,7786,17201,1.0,18:05,2015,2016
2015-16,203210,JaMychal Green,JaMychal,1610612763,MEM,Memphis Grizzlies,21500534,2016-01-06T00:00:00,MEM @ OKC,L,17.7,4.0,0.0,2.0,2.0,2.0,12.0,0.0,12.0,0.0,0.0,3.0,2.0,12.8,1,13074,13074,13074,17755,2460,10158,4675,12984,2619,22832,1,18637,8004,1,17641,7786,17129,1.0,17:42,2015,2016
2015-16,203521,Matthew Dellavedova,Matthew,1610612739,CLE,Cleveland Cavaliers,21500527,2016-01-06T00:00:00,CLE @ WAS,W,28.2,0.0,3.0,0.0,0.0,8.0,2.0,7.0,22.0,0.0,0.0,2.0,1.0,12.8,1,1,1,1,9046,12059,3104,9917,18861,13914,3734,15538,10265,8004,1,11390,12373,17129,1.0,28:15,2015,2016
2015-16,2755,Kevin Martin,Kevin,1610612750,MIN,Minnesota Timberwolves,21500530,2016-01-06T00:00:00,MIN vs. DEN,L,16.4,0.0,0.0,0.0,2.0,0.0,6.0,4.0,16.0,0.0,1.0,2.0,2.0,12.9,1,13074,13074,13074,18761,12059,10158,9917,12984,1,13237,8806,15259,8004,17214,11390,7786,17049,1.0,16:22,2015,2016
2015-16,203482,Kelly Olynyk,Kelly,1610612738,BOS,Boston Celtics,21500528,2016-01-06T00:00:00,BOS vs. DET,L,29.3,5.0,2.0,0.0,4.0,3.0,5.0,1.0,18.0,0.0,1.0,5.0,2.0,21.0,1,13074,13074,13074,8146,1603,4731,9917,8599,5109,11469,3646,13577,8004,17214,24686,7786,11077,1.0,29:17,2015,2016
2015-16,201586,Serge Ibaka,Serge,1610612760,OKC,Oklahoma City Thunder,21500534,2016-01-06T00:00:00,OKC vs. MEM,W,24.5,0.0,0.0,0.0,2.0,9.0,6.0,8.0,20.0,1.0,0.0,2.0,2.0,13.0,1,1,1,1,12102,12059,10158,9917,12984,15771,13237,17194,11929,2692,1,11390,7786,16969,1.0,24:31,2015,2016
2015-16,1626163,Frank Kaminsky,Frank,1610612766,CHA,Charlotte Hornets,21500533,2016-01-06T00:00:00,CHA @ PHX,L,23.2,0.0,2.0,0.0,2.0,7.0,3.0,6.0,8.0,1.0,0.0,0.0,1.0,13.0,1,13074,13074,13074,13180,12059,4731,9917,12984,12242,7138,13388,21543,2692,1,1,12373,16969,1.0,23:13,2015,2016
2015-16,203086,Meyers Leonard,Meyers,1610612757,POR,Portland Trail Blazers,21500535,2016-01-06T00:00:00,POR vs. LAC,L,21.5,2.0,0.0,0.0,2.0,4.0,0.0,2.0,8.0,0.0,0.0,2.0,0.0,13.0,1,13074,13074,13074,14565,6026,10158,9917,12984,6141,1,4025,21543,8004,1,11390,18762,16969,1.0,21:32,2015,2016
2015-16,203914,Gary Harris,Gary,1610612743,DEN,Denver Nuggets,21500530,2016-01-06T00:00:00,DEN @ MIN,W,24.4,0.0,3.0,2.0,0.0,10.0,2.0,4.0,16.0,0.0,1.0,1.0,0.0,8.0,1,1,1,1,12261,12059,3104,4675,18861,17370,3734,8806,15259,8004,17214,4972,18762,20564,1.0,24:22,2015,2016
2015-16,2037,Jamal Crawford,Jamal,1610612746,LAC,LA Clippers,21500535,2016-01-06T00:00:00,LAC @ POR,W,21.7,4.0,4.0,0.0,4.0,5.0,12.0,6.0,24.0,0.0,0.0,1.0,1.0,17.9,1,1,1,1,14446,2460,1596,9917,8599,8403,22832,13388,8723,8004,1,4972,12373,13229,1.0,21:41,2015,2016
2015-16,2449,Luis Scola,Luis,1610612761,TOR,Toronto Raptors,21500529,2016-01-06T00:00:00,TOR @ BKN,W,21.2,0.0,0.0,0.0,2.0,2.0,2.0,2.0,18.0,1.0,0.0,1.0,1.0,17.9,1,1,1,1,14897,12059,10158,9917,12984,2619,3734,4025,13577,2692,1,4972,12373,13229,1.0,21:11,2015,2016
2015-16,201583,Ryan Anderson,Ryan,1610612740,NOP,New Orleans Pelicans,21500531,2016-01-06T00:00:00,NOP vs. DAL,L,28.5,2.0,0.0,0.0,4.0,9.0,4.0,4.0,24.0,0.0,1.0,0.0,3.0,16.6,1,13074,13074,13074,8779,6026,10158,9917,8599,15771,8458,8806,8723,8004,17214,1,4736,14125,1.0,28:32,2015,2016
2015-16,202711,Bojan Bogdanović,Bojan,1610612751,BKN,Brooklyn Nets,21500529,2016-01-06T00:00:00,BKN vs. TOR,L,35.0,2.0,0.0,0.0,4.0,11.0,6.0,9.0,30.0,0.0,1.0,2.0,2.0,17.9,1,13074,13074,13074,3560,6026,10158,9917,8599,18886,13237,18829,4541,8004,17214,11390,7786,13229,1.0,34:58,2015,2016
2015-16,201949,James Johnson,James,1610612761,TOR,Toronto Raptors,21500529,2016-01-06T00:00:00,TOR @ BKN,W,26.3,0.0,2.0,0.0,4.0,3.0,2.0,2.0,24.0,2.0,0.0,3.0,1.0,18.0,1,1,1,1,10593,12059,4731,9917,8599,5109,3734,4025,8723,932,1,17641,12373,13164,1.0,26:18,2015,2016
2015-16,101123,Gerald Green,Gerald,1610612748,MIA,Miami Heat,21500525,2016-01-06T00:00:00,MIA vs. NYK,L,26.3,3.0,0.0,0.0,0.0,8.0,0.0,2.0,18.0,1.0,0.0,4.0,2.0,16.6,1,13074,13074,13074,10626,4307,10158,9917,18861,13914,1,4025,13577,2692,1,22104,7786,14125,1.0,26:16,2015,2016
2015-16,1626154,RJ Hunter,RJ,1610612738,BOS,Boston Celtics,21500528,2016-01-06T00:00:00,BOS vs. DET,L,8.1,0.0,0.0,0.0,0.0,0.0,0.0,2.0,8.0,0.0,0.0,0.0,0.0,3.0,1,13074,13074,13074,23137,12059,10158,9917,18861,1,1,4025,21543,8004,1,1,18762,23648,1.0,8:08,2015,2016
2015-16,202355,Hassan Whiteside,Hassan,1610612748,MIA,Miami Heat,21500525,2016-01-06T00:00:00,MIA vs. NYK,L,28.4,2.0,4.0,0.0,6.0,16.0,4.0,9.0,32.0,1.0,1.0,1.0,3.0,18.1,1,13074,13074,13074,8879,6026,1596,9917,5299,23774,8458,18829,3535,2692,17214,4972,4736,13090,1.0,28:26,2015,2016
2015-16,200797,Ryan Hollins,Ryan,1610612763,MEM,Memphis Grizzlies,21500534,2016-01-06T00:00:00,MEM @ OKC,L,12.0,0.0,2.0,0.0,6.0,0.0,5.0,0.0,6.0,2.0,0.0,1.0,1.0,18.1,1,13074,13074,13074,21510,12059,4731,9917,5299,1,11469,1,22724,932,1,4972,12373,13090,1.0,12:02,2015,2016
2015-16,202709,Cory Joseph,Cory,1610612761,TOR,Toronto Raptors,21500529,2016-01-06T00:00:00,TOR @ BKN,W,22.8,4.0,0.0,6.0,8.0,6.0,0.0,4.0,18.0,0.0,1.0,1.0,2.0,18.1,1,1,1,1,13503,2460,10158,740,3109,10028,1,8806,13577,8004,17214,4972,7786,13090,1.0,22:50,2015,2016
2015-16,101141,Ersan Ilyasova,Ersan,1610612765,DET,Detroit Pistons,21500528,2016-01-06T00:00:00,DET @ BOS,W,22.3,0.0,0.0,0.0,2.0,4.0,10.0,0.0,26.0,1.0,2.0,3.0,1.0,16.5,1,1,1,1,13905,12059,10158,9917,12984,6141,20509,1,7214,2692,23588,17641,12373,14224,1.0,22:19,2015,2016
2015-16,201196,Ramon Sessions,Ramon,1610612764,WAS,Washington Wizards,21500527,2016-01-06T00:00:00,WAS vs. CLE,L,16.2,2.0,0.0,2.0,4.0,5.0,7.0,0.0,26.0,0.0,0.0,2.0,1.0,18.2,1,13074,13074,13074,18858,6026,10158,4675,8599,8403,15642,1,7214,8004,1,11390,12373,13004,1.0,16:15,2015,2016
2015-16,201600,Omer Asik,Omer,1610612740,NOP,New Orleans Pelicans,21500531,2016-01-06T00:00:00,NOP vs. DAL,L,18.9,0.0,6.0,0.0,6.0,2.0,4.0,2.0,20.0,2.0,2.0,0.0,0.0,18.4,1,13074,13074,13074,16764,12059,481,9917,5299,2619,8458,4025,11929,932,23588,1,18762,12854,1.0,18:55,2015,2016
2015-16,203096,Jared Sullinger,Jared,1610612738,BOS,Boston Celtics,21500528,2016-01-06T00:00:00,BOS vs. DET,L,14.9,0.0,2.0,0.0,2.0,2.0,2.0,5.0,10.0,1.0,0.0,5.0,3.0,18.4,1,13074,13074,13074,19828,12059,4731,9917,12984,2619,3734,11593,20209,2692,1,24686,4736,12854,1.0,14:54,2015,2016
2015-16,2440,Matt Barnes,Matt,1610612763,MEM,Memphis Grizzlies,21500534,2016-01-06T00:00:00,MEM @ OKC,L,35.4,0.0,0.0,2.0,10.0,8.0,12.0,9.0,28.0,0.0,0.0,4.0,1.0,16.4,1,13074,13074,13074,3249,12059,10158,4675,1840,13914,22832,18829,5824,8004,1,22104,12373,14289,1.0,35:22,2015,2016
2015-16,201569,Eric Gordon,Eric,1610612740,NOP,New Orleans Pelicans,21500531,2016-01-06T00:00:00,NOP vs. DAL,L,23.3,0.0,0.0,3.0,0.0,0.0,6.0,2.0,24.0,0.0,0.0,1.0,0.0,18.7,1,13074,13074,13074,13149,12059,10158,3302,18861,1,13237,4025,8723,8004,1,4972,18762,12648,1.0,23:15,2015,2016
2015-16,201155,Rodney Stuckey,Rodney,1610612754,IND,Indiana Pacers,21500526,2016-01-06T00:00:00,IND @ ORL,W,27.0,2.0,0.0,0.0,2.0,9.0,6.0,6.0,20.0,1.0,0.0,0.0,1.0,18.7,1,1,1,1,9996,6026,10158,9917,12984,15771,13237,13388,11929,2692,1,1,12373,12648,1.0,27:01,2015,2016
2015-16,203937,Kyle Anderson,Kyle,1610612759,SAS,San Antonio Spurs,21500532,2016-01-06T00:00:00,SAS vs. UTA,W,19.1,6.0,4.0,0.0,8.0,2.0,7.0,4.0,16.0,0.0,0.0,2.0,2.0,21.6,1,1,1,1,16600,878,1596,9917,3109,2619,15642,8806,15259,8004,1,11390,7786,10666,1.0,19:07,2015,2016
2015-16,201627,Anthony Morrow,Anthony,1610612760,OKC,Oklahoma City Thunder,21500534,2016-01-06T00:00:00,OKC vs. MEM,W,18.3,0.0,4.0,0.0,0.0,4.0,7.0,9.0,20.0,0.0,1.0,1.0,2.0,16.4,1,1,1,1,17229,12059,1596,9917,18861,6141,15642,18829,11929,8004,17214,4972,7786,14289,1.0,18:21,2015,2016
2015-16,2588,Matt Bonner,Matt,1610612759,SAS,San Antonio Spurs,21500532,2016-01-06T00:00:00,SAS vs. UTA,W,6.6,0.0,0.0,0.0,0.0,0.0,2.0,4.0,4.0,0.0,0.0,1.0,0.0,3.0,1,1,1,1,23716,12059,10158,9917,18861,1,3734,8806,23698,8004,1,4972,18762,23648,1.0,6:35,2015,2016
2015-16,203476,Gorgui Dieng,Gorgui,1610612750,MIN,Minnesota Timberwolves,21500530,2016-01-06T00:00:00,MIN vs. DEN,L,27.0,0.0,0.0,0.0,0.0,4.0,8.0,6.0,28.0,1.0,1.0,2.0,1.0,18.6,1,13074,13074,13074,9996,12059,10158,9917,18861,6141,17345,13388,5824,2692,17214,11390,12373,12715,1.0,27:01,2015,2016
2015-16,2419,Tayshaun Prince,Tayshaun,1610612750,MIN,Minnesota Timberwolves,21500530,2016-01-06T00:00:00,MIN vs. DEN,L,32.6,0.0,0.0,0.0,0.0,4.0,7.0,4.0,14.0,1.0,0.0,2.0,1.0,18.6,1,13074,13074,13074,5459,12059,10158,9917,18861,6141,15642,8806,17019,2692,1,11390,12373,12715,1.0,32:33,2015,2016
2015-16,203918,Rodney Hood,Rodney,1610612762,UTA,Utah Jazz,21500532,2016-01-06T00:00:00,UTA @ SAS,L,20.7,2.0,0.0,2.0,0.0,11.0,6.0,5.0,32.0,0.0,0.0,1.0,5.0,7.7,1,13074,13074,13074,15332,6026,10158,4675,18861,18886,13237,11593,3535,8004,1,4972,1539,20733,1.0,20:40,2015,2016
2015-16,203080,Thomas Robinson,Thomas,1610612751,BKN,Brooklyn Nets,21500529,2016-01-06T00:00:00,BKN vs. TOR,L,11.6,0.0,0.0,0.0,0.0,4.0,2.0,2.0,12.0,0.0,0.0,0.0,1.0,2.7,1,13074,13074,13074,21767,12059,10158,9917,18861,6141,3734,4025,18637,8004,1,1,12373,23884,1.0,11:37,2015,2016
2015-16,203935,Marcus Smart,Marcus,1610612738,BOS,Boston Celtics,21500528,2016-01-06T00:00:00,BOS vs. DET,L,26.0,0.0,0.0,0.0,0.0,6.0,4.0,5.0,14.0,0.0,1.0,4.0,4.0,8.2,1,13074,13074,13074,10869,12059,10158,9917,18861,10028,8458,11593,17019,8004,17214,22104,2748,20416,1.0,25:58,2015,2016
2015-16,203082,Terrence Ross,Terrence,1610612761,TOR,Toronto Raptors,21500529,2016-01-06T00:00:00,TOR @ BKN,W,19.4,0.0,0.0,0.0,0.0,6.0,2.0,4.0,20.0,0.0,0.0,0.0,1.0,8.4,1,1,1,1,16375,12059,10158,9917,18861,10028,3734,8806,11929,8004,1,1,12373,20273,1.0,19:25,2015,2016
2015-16,1626153,Delon Wright,Delon,1610612761,TOR,Toronto Raptors,21500529,2016-01-06T00:00:00,TOR @ BKN,W,2.3,0.0,0.0,0.0,0.0,1.0,0.0,0.0,2.0,0.0,0.0,0.0,0.0,2.7,1,1,1,1,25407,12059,10158,9917,18861,2356,1,1,24614,8004,1,1,18762,23884,1.0,2:19,2015,2016
2015-16,2749,Jameer Nelson,Jameer,1610612743,DEN,Denver Nuggets,21500530,2016-01-06T00:00:00,DEN @ MIN,W,20.3,0.0,0.0,0.0,0.0,8.0,2.0,4.0,16.0,0.0,0.0,1.0,1.0,8.5,1,1,1,1,15648,12059,10158,9917,18861,13914,3734,8806,15259,8004,1,4972,12373,20215,1.0,20:18,2015,2016
2015-16,203999,Nikola Jokić,Nikola,1610612743,DEN,Denver Nuggets,21500530,2016-01-06T00:00:00,DEN @ MIN,W,25.7,0.0,0.0,0.0,2.0,12.0,2.0,4.0,18.0,0.0,1.0,1.0,2.0,12.5,1,1,1,1,11074,12059,10158,9917,12984,20178,3734,8806,13577,8004,17214,4972,7786,17372,1.0,25:45,2015,2016
2015-16,203894,Shabazz Napier,Shabazz,1610612753,ORL,Orlando Magic,21500526,2016-01-06T00:00:00,ORL vs. IND,L,7.5,5.0,0.0,0.0,0.0,0.0,0.0,0.0,6.0,0.0,1.0,0.0,4.0,8.5,1,13074,13074,13074,23407,1603,10158,9917,18861,1,1,1,22724,8004,17214,1,2748,20215,1.0,7:27,2015,2016
2015-16,201202,Joel Anthony,Joel,1610612765,DET,Detroit Pistons,21500528,2016-01-06T00:00:00,DET @ BOS,W,8.5,0.0,0.0,0.0,0.0,3.0,3.0,0.0,4.0,1.0,0.0,0.0,0.0,7.8,1,1,1,1,23015,12059,10158,9917,18861,5109,7138,1,23698,2692,1,1,18762,20696,1.0,8:32,2015,2016
2015-16,2210,Richard Jefferson,Richard,1610612739,CLE,Cleveland Cavaliers,21500527,2016-01-06T00:00:00,CLE @ WAS,W,4.5,0.0,0.0,0.0,0.0,1.0,0.0,3.0,6.0,0.0,0.0,1.0,0.0,2.4,1,1,1,1,24540,12059,10158,9917,18861,2356,1,7328,22724,8004,1,4972,18762,24024,1.0,4:31,2015,2016
2015-16,201593,Nikola Pekovic,Nikola,1610612750,MIN,Minnesota Timberwolves,21500530,2016-01-06T00:00:00,MIN vs. DEN,L,15.9,2.0,2.0,0.0,6.0,2.0,4.0,2.0,16.0,0.0,0.0,3.0,4.0,12.4,1,13074,13074,13074,19125,6026,4731,9917,5299,2619,8458,4025,15259,8004,1,17641,2748,17418,1.0,15:53,2015,2016
2015-16,201167,Arron Afflalo,Arron,1610612752,NYK,New York Knicks,21500525,2016-01-06T00:00:00,NYK @ MIA,W,40.4,3.0,0.0,0.0,0.0,15.0,8.0,8.0,44.0,0.0,0.0,1.0,1.0,12.4,1,1,1,1,630,4307,10158,9917,18861,23079,17345,17194,454,8004,1,4972,12373,17418,1.0,40:23,2015,2016
2015-16,201973,Jonas Jerebko,Jonas,1610612738,BOS,Boston Celtics,21500528,2016-01-06T00:00:00,BOS vs. DET,L,16.0,2.0,0.0,0.0,0.0,4.0,2.0,5.0,14.0,1.0,0.0,1.0,1.0,12.5,1,13074,13074,13074,19060,6026,10158,9917,18861,6141,3734,11593,17019,2692,1,4972,12373,17372,1.0,15:58,2015,2016
2015-16,202389,Timofey Mozgov,Timofey,1610612739,CLE,Cleveland Cavaliers,21500527,2016-01-06T00:00:00,CLE @ WAS,W,4.5,0.0,2.0,0.0,2.0,1.0,0.0,3.0,6.0,0.0,0.0,2.0,0.0,3.4,1,1,1,1,24540,12059,4731,9917,12984,2356,1,7328,22724,8004,1,11390,18762,23417,1.0,4:31,2015,2016
2015-16,203512,Lucas Nogueira,Lucas,1610612761,TOR,Toronto Raptors,21500529,2016-01-06T00:00:00,TOR @ BKN,W,1.8,0.0,0.0,0.0,0.0,1.0,0.0,0.0,2.0,0.0,0.0,1.0,0.0,0.0,1,1,1,1,25589,12059,10158,9917,18861,2356,1,1,24614,8004,1,4972,18762,25170,1.0,1:48,2015,2016
2015-16,203458,Alex Len,Alex,1610612756,PHX,Phoenix Suns,21500533,2016-01-06T00:00:00,PHX vs. CHA,W,14.2,0.0,0.0,0.0,0.0,8.0,8.0,6.0,12.0,0.0,0.0,3.0,0.0,4.4,1,1,1,1,20319,12059,10158,9917,18861,13914,17345,13388,18637,8004,1,17641,18762,22837,1.0,14:09,2015,2016
2015-16,1626242,Luis Montero,Luis,1610612757,POR,Portland Trail Blazers,21500535,2016-01-06T00:00:00,POR vs. LAC,L,2.7,0.0,0.0,0.0,0.0,5.0,2.0,0.0,2.0,0.0,0.0,0.0,0.0,0.0,1,13074,13074,13074,25241,12059,10158,9917,18861,8403,3734,1,24614,8004,1,1,18762,25170,1.0,2:43,2015,2016
2015-16,201582,Alexis Ajinca,Alexis,1610612740,NOP,New Orleans Pelicans,21500531,2016-01-06T00:00:00,NOP vs. DAL,L,3.0,0.0,0.0,0.0,0.0,0.0,0.0,0.0,4.0,0.0,0.0,1.0,0.0,0.0,1,13074,13074,13074,25110,12059,10158,9917,18861,1,1,1,23698,8004,1,4972,18762,25170,1.0,3:02,2015,2016
2015-16,203498,Shabazz Muhammad,Shabazz,1610612750,MIN,Minnesota Timberwolves,21500530,2016-01-06T00:00:00,MIN vs. DEN,L,16.0,0.0,0.0,2.0,2.0,0.0,6.0,4.0,16.0,0.0,1.0,1.0,2.0,7.0,1,13074,13074,13074,19060,12059,10158,4675,12984,1,13237,8806,15259,8004,17214,4972,7786,21188,1.0,15:58,2015,2016
2015-16,203900,Markel Brown,Markel,1610612751,BKN,Brooklyn Nets,21500529,2016-01-06T00:00:00,BKN vs. TOR,L,2.6,0.0,0.0,0.0,0.0,0.0,0.0,0.0,2.0,0.0,0.0,0.0,0.0,0.0,1,13074,13074,13074,25290,12059,10158,9917,18861,1,1,1,24614,8004,1,1,18762,25170,1.0,2:35,2015,2016
2015-16,203186,Willie Reed,Willie,1610612751,BKN,Brooklyn Nets,21500529,2016-01-06T00:00:00,BKN vs. TOR,L,7.7,1.0,0.0,0.0,2.0,0.0,0.0,0.0,6.0,1.0,0.0,1.0,2.0,7.2,1,13074,13074,13074,23307,11535,10158,9917,12984,1,1,1,22724,2692,1,4972,7786,21035,1.0,7:43,2015,2016
2015-16,201943,Brandon Jennings,Brandon,1610612765,DET,Detroit Pistons,21500528,2016-01-06T00:00:00,DET @ BOS,W,16.6,0.0,0.0,3.0,0.0,9.0,6.0,3.0,8.0,0.0,0.0,1.0,3.0,7.2,1,1,1,1,18617,12059,10158,3302,18861,15771,13237,7328,21543,8004,1,4972,4736,21035,1.0,16:33,2015,2016
2015-16,201945,Gerald Henderson,Gerald,1610612757,POR,Portland Trail Blazers,21500535,2016-01-06T00:00:00,POR vs. LAC,L,17.3,2.0,2.0,0.0,2.0,2.0,0.0,0.0,2.0,1.0,1.0,0.0,0.0,13.3,1,13074,13074,13074,18032,6026,4731,9917,12984,2619,1,1,24614,2692,17214,1,18762,16712,1.0,17:19,2015,2016
2015-16,101111,Charlie Villanueva,Charlie,1610612742,DAL,Dallas Mavericks,21500531,2016-01-06T00:00:00,DAL @ NOP,W,21.5,0.0,0.0,0.0,2.0,8.0,10.0,10.0,22.0,0.0,1.0,2.0,0.0,9.2,1,1,1,1,14643,12059,10158,9917,12984,13914,20509,20169,10265,8004,17214,11390,18762,19680,1.0,21:27,2015,2016
2015-16,202713,Kyle Singler,Kyle,1610612760,OKC,Oklahoma City Thunder,21500534,2016-01-06T00:00:00,OKC vs. MEM,W,3.7,0.0,0.0,0.0,0.0,0.0,0.0,7.0,6.0,0.0,0.0,2.0,0.0,3.5,1,1,1,1,24855,12059,10158,9917,18861,1,1,15538,22724,8004,1,11390,18762,23351,1.0,3:39,2015,2016
2015-16,203460,Andre Roberson,Andre,1610612760,OKC,Oklahoma City Thunder,21500534,2016-01-06T00:00:00,OKC vs. MEM,W,14.6,0.0,0.0,0.0,2.0,4.0,2.0,4.0,12.0,0.0,0.0,2.0,1.0,4.4,1,1,1,1,20073,12059,10158,9917,12984,6141,3734,8806,18637,8004,1,11390,12373,22837,1.0,14:33,2015,2016
2015-16,203998,Bruno Caboclo,Bruno,1610612761,TOR,Toronto Raptors,21500529,2016-01-06T00:00:00,TOR @ BKN,W,1.1,0.0,0.0,0.0,0.0,1.0,0.0,0.0,2.0,0.0,0.0,0.0,0.0,3.2,1,1,1,1,25841,12059,10158,9917,18861,2356,1,1,24614,8004,1,1,18762,23473,1.0,1:07,2015,2016
2015-16,202087,Alonzo Gee,Alonzo,1610612740,NOP,New Orleans Pelicans,21500531,2016-01-06T00:00:00,NOP vs. DAL,L,17.7,0.0,0.0,0.0,0.0,2.0,6.0,0.0,20.0,0.0,0.0,1.0,0.0,8.7,1,13074,13074,13074,17765,12059,10158,9917,18861,2619,13237,1,11929,8004,1,4972,18762,20045,1.0,17:41,2015,2016
2015-16,203124,Kyle O'Quinn,Kyle,1610612752,NYK,New York Knicks,21500525,2016-01-06T00:00:00,NYK @ MIA,W,4.7,2.0,0.0,0.0,2.0,4.0,0.0,0.0,6.0,0.0,1.0,1.0,0.0,1.0,1,1,1,1,24471,6026,10158,9917,12984,6141,1,1,22724,8004,17214,4972,18762,24960,1.0,4:41,2015,2016
2015-16,1626209,Mario Hezonja,Mario,1610612753,ORL,Orlando Magic,21500526,2016-01-06T00:00:00,ORL vs. IND,L,20.5,0.0,0.0,0.0,0.0,4.0,9.0,5.0,12.0,0.0,1.0,2.0,0.0,3.4,1,13074,13074,13074,15445,12059,10158,9917,18861,6141,19144,11593,18637,8004,17214,11390,18762,23417,1.0,20:33,2015,2016
2015-16,201980,Danny Green,Danny,1610612759,SAS,San Antonio Spurs,21500532,2016-01-06T00:00:00,SAS vs. UTA,W,11.0,3.0,0.0,3.0,0.0,2.0,2.0,2.0,10.0,0.0,0.0,2.0,0.0,9.0,1,1,1,1,22018,4307,10158,3302,18861,2619,3734,4025,20209,8004,1,11390,18762,19835,1.0,11:01,2015,2016
2015-16,200826,J.J. Barea,J.J.,1610612742,DAL,Dallas Mavericks,21500531,2016-01-06T00:00:00,DAL @ NOP,W,29.0,0.0,2.0,0.0,4.0,12.0,15.0,17.0,26.0,0.0,0.0,2.0,3.0,13.3,1,1,1,1,8390,12059,4731,9917,8599,20178,24781,24967,7214,8004,1,11390,4736,16712,1.0,28:59,2015,2016
2015-16,203922,Glenn Robinson III,Glenn,1610612754,IND,Indiana Pacers,21500526,2016-01-06T00:00:00,IND @ ORL,W,12.3,2.0,0.0,3.0,4.0,5.0,4.0,2.0,6.0,0.0,1.0,1.0,2.0,5.2,1,1,1,1,21375,6026,10158,3302,8599,8403,8458,4025,22724,8004,17214,4972,7786,22370,1.0,12:19,2015,2016
2015-16,203956,Mitch McGary,Mitch,1610612760,OKC,Oklahoma City Thunder,21500534,2016-01-06T00:00:00,OKC vs. MEM,W,2.1,0.0,0.0,0.0,0.0,0.0,0.0,7.0,4.0,0.0,0.0,0.0,0.0,0.0,1,1,1,1,25476,12059,10158,9917,18861,1,1,15538,23698,8004,1,1,18762,25170,1.0,2:07,2015,2016
2015-16,203508,Sergey Karasev,Sergey,1610612751,BKN,Brooklyn Nets,21500529,2016-01-06T00:00:00,BKN vs. TOR,L,2.6,0.0,0.0,0.0,0.0,0.0,0.0,0.0,2.0,0.0,0.0,0.0,0.0,0.5,1,13074,13074,13074,25290,12059,10158,9917,18861,1,1,1,24614,8004,1,1,18762,25056,1.0,2:35,2015,2016
2015-16,203143,Pablo Prigioni,Pablo,1610612746,LAC,LA Clippers,21500535,2016-01-06T00:00:00,LAC @ POR,W,12.4,0.0,0.0,0.0,0.0,3.0,10.0,2.0,18.0,0.0,0.0,3.0,0.0,3.9,1,1,1,1,21322,12059,10158,9917,18861,5109,20509,4025,13577,8004,1,17641,18762,23225,1.0,12:25,2015,2016
2015-16,202708,Norris Cole,Norris,1610612740,NOP,New Orleans Pelicans,21500531,2016-01-06T00:00:00,NOP vs. DAL,L,27.6,4.0,0.0,2.0,2.0,11.0,4.0,6.0,24.0,0.0,0.0,3.0,1.0,8.8,1,13074,13074,13074,9548,2460,10158,4675,12984,18886,8458,13388,8723,8004,1,17641,12373,19994,1.0,27:35,2015,2016
2015-16,203123,Kostas Papanikolaou,Kostas,1610612743,DEN,Denver Nuggets,21500530,2016-01-06T00:00:00,DEN @ MIN,W,10.9,0.0,0.0,2.0,2.0,2.0,0.0,2.0,4.0,0.0,0.0,0.0,1.0,5.4,1,1,1,1,22061,12059,10158,4675,12984,2619,1,4025,23698,8004,1,1,12373,22242,1.0,10:56,2015,2016
2015-16,101139,CJ Miles,CJ,1610612754,IND,Indiana Pacers,21500526,2016-01-06T00:00:00,IND @ ORL,W,22.4,0.0,0.0,0.0,0.0,9.0,4.0,4.0,16.0,0.0,0.0,3.0,0.0,9.2,1,1,1,1,13817,12059,10158,9917,18861,15771,8458,8806,15259,8004,1,17641,18762,19680,1.0,22:26,2015,2016
2015-16,203099,Jared Cunningham,Jared,1610612739,CLE,Cleveland Cavaliers,21500527,2016-01-06T00:00:00,CLE @ WAS,W,0.3,0.0,0.0,0.0,0.0,0.0,0.0,0.0,0.0,0.0,0.0,0.0,0.0,0.0,1,1,1,1,26005,12059,10158,9917,18861,1,1,1,25429,8004,1,1,18762,25170,1.0,0:17,2015,2016
2015-16,2034,Mike Miller,Mike,1610612743,DEN,Denver Nuggets,21500530,2016-01-06T00:00:00,DEN @ MIN,W,0.0,0.0,0.0,0.0,0.0,0.0,0.0,0.0,0.0,0.0,0.0,0.0,0.0,0.0,1,1,1,1,26066,12059,10158,9917,18861,1,1,1,25429,8004,1,1,18762,25170,1.0,0:02,2015,2016
2015-16,200745,Andrea Bargnani,Andrea,1610612751,BKN,Brooklyn Nets,21500529,2016-01-06T00:00:00,BKN vs. TOR,L,5.7,0.0,0.0,0.0,2.0,4.0,0.0,2.0,6.0,0.0,0.0,0.0,1.0,5.4,1,13074,13074,13074,24081,12059,10158,9917,12984,6141,1,4025,22724,8004,1,1,12373,22242,1.0,5:44,2015,2016
2015-16,202687,Bismack Biyombo,Bismack,1610612761,TOR,Toronto Raptors,21500529,2016-01-06T00:00:00,TOR @ BKN,W,16.7,0.0,0.0,0.0,0.0,4.0,2.0,2.0,16.0,1.0,1.0,3.0,0.0,6.8,1,1,1,1,18534,12059,10158,9917,18861,6141,3734,4025,15259,2692,17214,17641,18762,21328,1.0,16:39,2015,2016
2015-16,202332,Cole Aldrich,Cole,1610612746,LAC,LA Clippers,21500535,2016-01-06T00:00:00,LAC @ POR,W,12.1,0.0,0.0,0.0,2.0,3.0,10.0,4.0,18.0,0.0,1.0,2.0,1.0,6.6,1,1,1,1,21489,12059,10158,9917,12984,5109,20509,8806,13577,8004,17214,11390,12373,21445,1.0,12:04,2015,2016
2015-16,203923,James Young,James,1610612738,BOS,Boston Celtics,21500528,2016-01-06T00:00:00,BOS vs. DET,L,6.9,0.0,0.0,0.0,0.0,0.0,2.0,3.0,6.0,0.0,0.0,0.0,0.0,0.0,1,13074,13074,13074,23596,12059,10158,9917,18861,1,3734,7328,22724,8004,1,1,18762,25170,1.0,6:54,2015,2016
2015-16,202694,Marcus Morris Sr.,Marcus,1610612765,DET,Detroit Pistons,21500528,2016-01-06T00:00:00,DET @ BOS,W,37.4,0.0,0.0,0.0,4.0,8.0,18.0,3.0,38.0,0.0,0.0,5.0,4.0,13.2,1,1,1,1,1809,12059,10158,9917,8599,13914,25634,7328,1422,8004,1,24686,2748,16768,1.0,37:25,2015,2016
2015-16,201584,Courtney Lee,Courtney,1610612763,MEM,Memphis Grizzlies,21500534,2016-01-06T00:00:00,MEM @ OKC,L,21.5,0.0,0.0,0.0,0.0,8.0,0.0,13.0,20.0,1.0,1.0,1.0,0.0,4.4,1,13074,13074,13074,14625,12059,10158,9917,18861,13914,1,23048,11929,2692,17214,4972,18762,22837,1.0,21:28,2015,2016
2015-16,204028,Tarik Black,Tarik,1610612747,LAL,Los Angeles Lakers,21500524,2016-01-05T00:00:00,LAL vs. GSW,L,7.6,0.0,0.0,0.0,4.0,0.0,2.0,0.0,6.0,1.0,0.0,0.0,1.0,13.3,1,13074,13074,13074,23356,12059,10158,9917,8599,1,3734,1,22724,2692,1,1,12373,16712,1.0,7:36,2015,2016
2015-16,201585,Kosta Koufos,Kosta,1610612758,SAC,Sacramento Kings,21500523,2016-01-05T00:00:00,SAC @ DAL,L,17.2,0.0,0.0,0.0,0.0,4.0,5.0,0.0,6.0,0.0,0.0,2.0,1.0,4.3,1,13074,13074,13074,18118,12059,10158,9917,18861,6141,11469,1,22724,8004,1,11390,12373,22974,1.0,17:13,2015,2016
2015-16,101181,Jose Calderon,Jose,1610612752,NYK,New York Knicks,21500521,2016-01-05T00:00:00,NYK @ ATL,W,35.6,0.0,0.0,0.0,2.0,8.0,15.0,8.0,30.0,0.0,0.0,3.0,1.0,21.6,1,1,1,1,3028,12059,10158,9917,12984,13914,24781,17194,4541,8004,1,17641,12373,10666,1.0,35:39,2015,2016
2015-16,1626170,Jerian Grant,Jerian,1610612752,NYK,New York Knicks,21500521,2016-01-05T00:00:00,NYK @ ATL,W,10.2,0.0,0.0,0.0,0.0,3.0,6.0,0.0,6.0,0.0,0.0,1.0,0.0,-1.0,1,1,1,1,22358,12059,10158,9917,18861,5109,13237,1,22724,8004,1,4972,18762,25932,1.0,10:10,2015,2016
2015-16,203944,Julius Randle,Julius,1610612747,LAL,Los Angeles Lakers,21500524,2016-01-05T00:00:00,LAL vs. GSW,L,19.9,0.0,2.0,0.0,2.0,7.0,0.0,8.0,12.0,1.0,2.0,1.0,0.0,19.8,1,13074,13074,13074,15962,12059,4731,9917,12984,12242,1,17194,18637,2692,23588,4972,18762,11883,1.0,19:56,2015,2016
2015-16,2585,Zaza Pachulia,Zaza,1610612742,DAL,Dallas Mavericks,21500523,2016-01-05T00:00:00,DAL vs. SAC,W,40.3,2.0,7.0,2.0,8.0,20.0,9.0,17.0,38.0,0.0,1.0,4.0,3.0,41.4,1,1,1,1,643,6026,292,4675,3109,25338,19144,24967,1422,8004,17214,22104,4736,2060,1.0,40:20,2015,2016
2015-16,202691,Klay Thompson,Klay,1610612744,GSW,Golden State Warriors,21500524,2016-01-05T00:00:00,GSW @ LAL,W,34.4,5.0,0.0,12.0,4.0,5.0,6.0,8.0,22.0,1.0,0.0,1.0,6.0,41.9,1,1,1,1,4012,1603,10158,42,8599,8403,13237,17194,10265,2692,1,4972,873,1958,1.0,34:25,2015,2016
2015-16,203114,Khris Middleton,Khris,1610612749,MIL,Milwaukee Bucks,21500522,2016-01-05T00:00:00,MIL @ CHI,L,38.2,0.0,0.0,0.0,2.0,4.0,9.0,10.0,44.0,0.0,0.0,4.0,1.0,42.3,1,13074,13074,13074,1429,12059,10158,9917,12984,6141,19144,20169,454,8004,1,22104,12373,1877,1.0,38:12,2015,2016
2015-16,203463,Ben McLemore,Ben,1610612758,SAC,Sacramento Kings,21500523,2016-01-05T00:00:00,SAC @ DAL,L,19.0,2.0,2.0,2.0,4.0,9.0,10.0,9.0,16.0,0.0,0.0,2.0,0.0,11.7,1,13074,13074,13074,16722,6026,4731,4675,8599,15771,20509,18829,15259,8004,1,11390,18762,17903,1.0,18:58,2015,2016
2015-16,201143,Al Horford,Al,1610612737,ATL,Atlanta Hawks,21500521,2016-01-05T00:00:00,ATL vs. NYK,L,33.3,0.0,4.0,0.0,10.0,7.0,14.0,0.0,26.0,2.0,1.0,3.0,1.0,43.0,1,13074,13074,13074,4930,12059,1596,9917,1840,12242,24300,1,7214,932,17214,17641,12373,1733,1.0,33:15,2015,2016
2015-16,1626273,Marcelo Huertas,Marcelo,1610612747,LAL,Los Angeles Lakers,21500524,2016-01-05T00:00:00,LAL vs. GSW,L,19.3,0.0,0.0,2.0,6.0,4.0,2.0,0.0,16.0,0.0,2.0,2.0,0.0,26.3,1,13074,13074,13074,16494,12059,10158,4675,5299,6141,3734,1,15259,8004,23588,11390,18762,7733,1.0,19:15,2015,2016
2015-16,202703,Nikola Mirotic,Nikola,1610612741,CHI,Chicago Bulls,21500522,2016-01-05T00:00:00,CHI vs. MIL,W,28.5,0.0,2.0,2.0,8.0,9.0,10.0,7.0,32.0,1.0,0.0,1.0,2.0,26.2,1,1,1,1,8779,12059,4731,4675,3109,15771,20509,15538,3535,2692,1,4972,7786,7785,1.0,28:32,2015,2016
2015-16,202328,Greg Monroe,Greg,1610612749,MIL,Milwaukee Bucks,21500522,2016-01-05T00:00:00,MIL @ CHI,L,28.6,0.0,4.0,0.0,10.0,4.0,5.0,6.0,34.0,0.0,5.0,2.0,2.0,30.9,1,13074,13074,13074,8733,12059,1596,9917,1840,6141,11469,13388,2701,8004,26042,11390,7786,5452,1.0,28:36,2015,2016
2015-16,201564,O.J. Mayo,O.J.,1610612749,MIL,Milwaukee Bucks,21500522,2016-01-05T00:00:00,MIL @ CHI,L,20.2,0.0,0.0,0.0,4.0,4.0,2.0,6.0,22.0,0.0,1.0,1.0,2.0,11.7,1,13074,13074,13074,15710,12059,10158,9917,8599,6141,3734,13388,10265,8004,17214,4972,7786,17903,1.0,20:13,2015,2016
2015-16,203903,Jordan Clarkson,Jordan,1610612747,LAL,Los Angeles Lakers,21500524,2016-01-05T00:00:00,LAL vs. GSW,L,28.8,0.0,4.0,0.0,8.0,7.0,4.0,18.0,18.0,0.0,2.0,0.0,4.0,29.0,1,13074,13074,13074,8589,12059,1596,9917,3109,12242,8458,25228,13577,8004,23588,1,2748,6346,1.0,28:45,2015,2016
2015-16,203507,Giannis Antetokounmpo,Giannis,1610612749,MIL,Milwaukee Bucks,21500522,2016-01-05T00:00:00,MIL @ CHI,L,36.3,9.0,2.0,7.0,14.0,4.0,7.0,8.0,42.0,1.0,1.0,3.0,3.0,44.4,1,13074,13074,13074,2545,171,4731,454,542,6141,15642,17194,670,2692,17214,17641,4736,1474,1.0,36:18,2015,2016
2015-16,201959,Taj Gibson,Taj,1610612741,CHI,Chicago Bulls,21500522,2016-01-05T00:00:00,CHI vs. MIL,W,37.9,0.0,4.0,0.0,10.0,13.0,14.0,11.0,42.0,6.0,0.0,1.0,2.0,49.3,1,1,1,1,1542,12059,1596,9917,1840,21300,24300,21342,670,19,1,4972,7786,827,1.0,37:56,2015,2016
2015-16,200794,Paul Millsap,Paul,1610612737,ATL,Atlanta Hawks,21500521,2016-01-05T00:00:00,ATL vs. NYK,L,36.2,4.0,7.0,0.0,8.0,12.0,17.0,4.0,34.0,0.0,1.0,4.0,6.0,29.4,1,13074,13074,13074,2613,2460,292,9917,3109,20178,25429,8806,2701,8004,17214,22104,873,6143,1.0,36:12,2015,2016
2015-16,203145,Kent Bazemore,Kent,1610612737,ATL,Atlanta Hawks,21500521,2016-01-05T00:00:00,ATL vs. NYK,L,28.5,4.0,0.0,2.0,6.0,10.0,17.0,6.0,30.0,0.0,1.0,4.0,3.0,24.5,1,13074,13074,13074,8833,2460,10158,4675,5299,17370,25429,13388,4541,8004,17214,22104,4736,8801,1.0,28:30,2015,2016
2015-16,2546,Carmelo Anthony,Carmelo,1610612752,NYK,New York Knicks,21500521,2016-01-05T00:00:00,NYK @ ATL,W,40.4,4.0,4.0,0.0,12.0,11.0,15.0,8.0,30.0,2.0,2.0,4.0,9.0,52.7,1,1,1,1,622,2460,1596,9917,988,18886,24781,17194,4541,932,23588,22104,138,536,1.0,40:24,2015,2016
2015-16,202710,Jimmy Butler III,Jimmy,1610612741,CHI,Chicago Bulls,21500522,2016-01-05T00:00:00,CHI vs. MIL,W,39.4,4.0,3.0,4.0,16.0,15.0,12.0,11.0,44.0,0.0,2.0,1.0,7.0,50.4,1,1,1,1,924,2460,3104,1913,275,23079,22832,21342,454,8004,23588,4972,469,714,1.0,39:23,2015,2016
2015-16,202326,DeMarcus Cousins,DeMarcus,1610612758,SAC,Sacramento Kings,21500523,2016-01-05T00:00:00,SAC @ DAL,L,48.7,4.0,4.0,1.0,20.0,12.0,12.0,17.0,44.0,1.0,0.0,5.0,9.0,72.4,1,13074,13074,13074,20,2460,1596,9347,59,20178,22832,24967,454,2692,1,24686,138,32,1.0,48:43,2015,2016
2015-16,203546,Ian Clark,Ian,1610612744,GSW,Golden State Warriors,21500524,2016-01-05T00:00:00,GSW @ LAL,W,21.9,0.0,0.0,0.0,2.0,2.0,11.0,10.0,28.0,4.0,0.0,1.0,1.0,29.8,1,1,1,1,14280,12059,10158,9917,12984,2619,21814,20169,5824,132,1,4972,12373,5948,1.0,21:52,2015,2016
2015-16,203487,Michael Carter-Williams,Michael,1610612749,MIL,Milwaukee Bucks,21500522,2016-01-05T00:00:00,MIL @ CHI,L,37.4,0.0,2.0,2.0,6.0,4.0,11.0,10.0,46.0,0.0,0.0,1.0,1.0,45.6,1,13074,13074,13074,1809,12059,4731,4675,5299,6141,21814,20169,298,8004,1,4972,12373,1263,1.0,37:25,2015,2016
2015-16,202083,Wesley Matthews,Wesley,1610612742,DAL,Dallas Mavericks,21500523,2016-01-05T00:00:00,DAL vs. SAC,W,42.6,3.0,1.0,6.0,6.0,13.0,11.0,15.0,42.0,0.0,0.0,0.0,4.0,35.6,1,1,1,1,241,4307,9709,740,5299,21300,21814,24242,670,8004,1,1,2748,3615,1.0,42:36,2015,2016
2015-16,2200,Pau Gasol,Pau,1610612741,CHI,Chicago Bulls,21500522,2016-01-05T00:00:00,CHI vs. MIL,W,35.2,0.0,0.0,0.0,2.0,15.0,6.0,11.0,38.0,3.0,0.0,3.0,4.0,54.7,1,1,1,1,3388,12059,10158,9917,12984,23079,13237,21342,1422,347,1,17641,2748,406,1.0,35:12,2015,2016
2015-16,201575,Brandon Rush,Brandon,1610612744,GSW,Golden State Warriors,21500524,2016-01-05T00:00:00,GSW @ LAL,W,33.3,0.0,2.0,0.0,2.0,5.0,15.0,12.0,32.0,0.0,2.0,1.0,0.0,24.8,1,1,1,1,4914,12059,4731,9917,12984,8403,24781,22259,3535,8004,23588,4972,18762,8614,1.0,33:16,2015,2016
2015-16,201578,Marreese Speights,Marreese,1610612744,GSW,Golden State Warriors,21500524,2016-01-05T00:00:00,GSW @ LAL,W,23.8,0.0,2.0,0.0,4.0,2.0,11.0,8.0,28.0,1.0,1.0,2.0,2.0,30.0,1,1,1,1,12758,12059,4731,9917,8599,2619,21814,17194,5824,2692,17214,11390,7786,5840,1.0,23:47,2015,2016
2015-16,200752,Rudy Gay,Rudy,1610612758,SAC,Sacramento Kings,21500523,2016-01-05T00:00:00,SAC @ DAL,L,47.8,9.0,0.0,14.0,14.0,16.0,15.0,15.0,40.0,0.0,1.0,1.0,2.0,39.5,1,13074,13074,13074,26,171,10158,20,542,23774,24781,24242,983,8004,17214,4972,7786,2497,1.0,47:48,2015,2016
2015-16,201167,Arron Afflalo,Arron,1610612752,NYK,New York Knicks,21500521,2016-01-05T00:00:00,NYK @ ATL,W,37.0,5.0,0.0,4.0,8.0,4.0,15.0,8.0,30.0,0.0,1.0,4.0,2.0,39.4,1,1,1,1,2094,1603,10158,1913,3109,6141,24781,17194,4541,8004,17214,22104,7786,2530,1.0,36:59,2015,2016
2015-16,203527,Ryan Kelly,Ryan,1610612747,LAL,Los Angeles Lakers,21500524,2016-01-05T00:00:00,LAL vs. GSW,L,7.6,2.0,5.0,4.0,4.0,0.0,2.0,0.0,6.0,0.0,0.0,0.0,2.0,13.6,1,13074,13074,13074,23356,6026,995,1913,8599,1,3734,1,22724,8004,1,1,7786,16460,1.0,7:36,2015,2016
2015-16,203112,Quincy Acy,Quincy,1610612758,SAC,Sacramento Kings,21500523,2016-01-05T00:00:00,SAC @ DAL,L,16.1,2.0,0.0,2.0,6.0,9.0,8.0,9.0,14.0,0.0,0.0,3.0,3.0,22.2,1,13074,13074,13074,18971,6026,10158,4675,5299,15771,17345,18829,17019,8004,1,17641,4736,10263,1.0,16:05,2015,2016
2015-16,201954,Darren Collison,Darren,1610612758,SAC,Sacramento Kings,21500523,2016-01-05T00:00:00,SAC @ DAL,L,47.0,2.0,2.0,2.0,6.0,12.0,12.0,17.0,46.0,0.0,0.0,1.0,2.0,39.8,1,13074,13074,13074,38,6026,4731,4675,5299,20178,22832,24967,298,8004,1,4972,7786,2422,1.0,47:01,2015,2016
2015-16,203948,Johnny O'Bryant III,Johnny,1610612749,MIL,Milwaukee Bucks,21500522,2016-01-05T00:00:00,MIL @ CHI,L,19.2,2.0,4.0,0.0,4.0,0.0,6.0,6.0,20.0,0.0,1.0,3.0,0.0,13.8,1,13074,13074,13074,16501,6026,1596,9917,8599,1,13237,13388,11929,8004,17214,17641,18762,16311,1.0,19:14,2015,2016
2015-16,1897,Metta World Peace,Metta,1610612747,LAL,Los Angeles Lakers,21500524,2016-01-05T00:00:00,LAL vs. GSW,L,24.7,0.0,0.0,0.0,2.0,5.0,2.0,6.0,14.0,0.0,1.0,3.0,1.0,14.1,1,13074,13074,13074,11970,12059,10158,9917,12984,8403,3734,13388,17019,8004,17214,17641,12373,16094,1.0,24:39,2015,2016
2015-16,203110,Draymond Green,Draymond,1610612744,GSW,Golden State Warriors,21500524,2016-01-05T00:00:00,GSW @ LAL,W,27.7,0.0,0.0,2.0,2.0,5.0,8.0,6.0,12.0,1.0,1.0,2.0,5.0,31.9,1,1,1,1,9469,12059,10158,4675,12984,8403,17345,13388,18637,2692,17214,11390,1539,4984,1.0,27:41,2015,2016
2015-16,101106,Andrew Bogut,Andrew,1610612744,GSW,Golden State Warriors,21500524,2016-01-05T00:00:00,GSW @ LAL,W,17.9,0.0,2.0,2.0,6.0,5.0,4.0,6.0,8.0,1.0,0.0,2.0,0.0,16.8,1,1,1,1,17632,12059,4731,4675,5299,8403,8458,13388,21543,2692,1,11390,18762,13996,1.0,17:51,2015,2016
2015-16,203552,Seth Curry,Seth,1610612758,SAC,Sacramento Kings,21500523,2016-01-05T00:00:00,SAC @ DAL,L,36.3,0.0,0.0,0.0,0.0,4.0,6.0,5.0,30.0,0.0,0.0,5.0,0.0,17.6,1,13074,13074,13074,2519,12059,10158,9917,18861,6141,13237,11593,4541,8004,1,24686,18762,13443,1.0,36:21,2015,2016
2015-16,201577,Robin Lopez,Robin,1610612752,NYK,New York Knicks,21500521,2016-01-05T00:00:00,NYK @ ATL,W,34.8,0.0,2.0,0.0,8.0,2.0,14.0,8.0,22.0,2.0,1.0,2.0,4.0,28.1,1,1,1,1,3700,12059,4731,9917,3109,2619,24300,17194,10265,932,17214,11390,2748,6818,1.0,34:48,2015,2016
2015-16,201158,Marco Belinelli,Marco,1610612758,SAC,Sacramento Kings,21500523,2016-01-05T00:00:00,SAC @ DAL,L,43.4,3.0,6.0,0.0,0.0,7.0,8.0,8.0,30.0,0.0,0.0,1.0,1.0,38.3,1,13074,13074,13074,172,4307,481,9917,18861,12242,17345,17194,4541,8004,1,4972,12373,2826,1.0,43:25,2015,2016
2015-16,201939,Stephen Curry,Stephen,1610612744,GSW,Golden State Warriors,21500524,2016-01-05T00:00:00,GSW @ LAL,W,26.1,0.0,0.0,0.0,4.0,5.0,6.0,6.0,12.0,0.0,0.0,2.0,1.0,33.2,1,1,1,1,10736,12059,10158,9917,8599,8403,13237,13388,18637,8004,1,11390,12373,4462,1.0,26:08,2015,2016
2015-16,1717,Dirk Nowitzki,Dirk,1610612742,DAL,Dallas Mavericks,21500523,2016-01-05T00:00:00,DAL vs. SAC,W,42.9,1.0,2.0,3.0,4.0,16.0,9.0,18.0,34.0,0.0,0.0,3.0,6.0,32.5,1,1,1,1,210,11535,4731,3302,8599,23774,19144,25228,2701,8004,1,17641,873,4726,1.0,42:55,2015,2016
2015-16,203089,John Henson,John,1610612749,MIL,Milwaukee Bucks,21500522,2016-01-05T00:00:00,MIL @ CHI,L,19.4,0.0,2.0,0.0,4.0,2.0,6.0,6.0,22.0,2.0,0.0,3.0,0.0,17.3,1,13074,13074,13074,16387,12059,4731,9917,8599,2619,13237,13388,10265,932,1,17641,18762,13671,1.0,19:24,2015,2016
2015-16,201580,JaVale McGee,JaVale,1610612742,DAL,Dallas Mavericks,21500523,2016-01-05T00:00:00,DAL vs. SAC,W,17.3,3.0,2.0,2.0,12.0,2.0,5.0,4.0,12.0,2.0,0.0,3.0,1.0,38.2,1,1,1,1,18046,4307,4731,4675,988,2619,11469,8806,18637,932,1,17641,12373,2854,1.0,17:18,2015,2016
2015-16,201579,Roy Hibbert,Roy,1610612747,LAL,Los Angeles Lakers,21500524,2016-01-05T00:00:00,LAL vs. GSW,L,23.9,2.0,0.0,0.0,0.0,4.0,4.0,13.0,16.0,1.0,0.0,2.0,0.0,10.0,1,13074,13074,13074,12702,6026,10158,9917,18861,6141,8458,23048,15259,2692,1,11390,18762,19178,1.0,23:51,2015,2016
2015-16,204001,Kristaps Porziņģis,Kristaps,1610612752,NYK,New York Knicks,21500521,2016-01-05T00:00:00,NYK @ ATL,W,31.5,2.0,8.0,0.0,8.0,8.0,11.0,6.0,30.0,1.0,0.0,3.0,3.0,33.7,1,1,1,1,6313,6026,137,9917,3109,13914,21814,13388,4541,2692,1,17641,4736,4280,1.0,31:30,2015,2016
2015-16,203084,Harrison Barnes,Harrison,1610612744,GSW,Golden State Warriors,21500524,2016-01-05T00:00:00,GSW @ LAL,W,22.8,2.0,0.0,0.0,4.0,4.0,9.0,12.0,26.0,0.0,0.0,2.0,1.0,25.1,1,1,1,1,13515,6026,10158,9917,8599,6141,19144,22259,7214,8004,1,11390,12373,8429,1.0,22:49,2015,2016
2015-16,2734,Devin Harris,Devin,1610612742,DAL,Dallas Mavericks,21500523,2016-01-05T00:00:00,DAL vs. SAC,W,16.9,0.0,0.0,0.0,0.0,5.0,6.0,2.0,12.0,0.0,0.0,1.0,1.0,14.6,1,1,1,1,18354,12059,10158,9917,18861,8403,13237,4025,18637,8004,1,4972,12373,15699,1.0,16:53,2015,2016
2015-16,101150,Lou Williams,Lou,1610612747,LAL,Los Angeles Lakers,21500524,2016-01-05T00:00:00,LAL vs. GSW,L,23.7,3.0,2.0,2.0,0.0,4.0,4.0,10.0,18.0,0.0,1.0,2.0,4.0,14.9,1,13074,13074,13074,12850,4307,4731,4675,18861,6141,8458,20169,13577,8004,17214,11390,2748,15463,1.0,23:40,2015,2016
2015-16,101114,Deron Williams,Deron,1610612742,DAL,Dallas Mavericks,21500523,2016-01-05T00:00:00,DAL vs. SAC,W,43.4,5.0,2.0,2.0,14.0,22.0,11.0,19.0,42.0,0.0,0.0,3.0,2.0,34.4,1,1,1,1,171,1603,4731,4675,542,25683,21814,25435,670,8004,1,17641,7786,4029,1.0,43:25,2015,2016
2015-16,204002,Edy Tavares,Edy,1610612737,ATL,Atlanta Hawks,21500521,2016-01-05T00:00:00,ATL vs. NYK,L,13.0,0.0,4.0,0.0,4.0,6.0,7.0,6.0,18.0,2.0,0.0,2.0,1.0,14.6,1,13074,13074,13074,21005,12059,1596,9917,8599,10028,15642,13388,13577,932,1,11390,12373,15699,1.0,12:57,2015,2016
2015-16,202498,Lance Thomas,Lance,1610612752,NYK,New York Knicks,21500521,2016-01-05T00:00:00,NYK @ ATL,W,19.2,0.0,3.0,2.0,2.0,7.0,10.0,2.0,8.0,0.0,0.0,1.0,1.0,10.2,1,1,1,1,16514,12059,3104,4675,12984,12242,20509,4025,21543,8004,1,4972,12373,19003,1.0,19:13,2015,2016
2015-16,200826,J.J. Barea,J.J.,1610612742,DAL,Dallas Mavericks,21500523,2016-01-05T00:00:00,DAL vs. SAC,W,23.0,0.0,2.0,0.0,0.0,11.0,7.0,6.0,14.0,0.0,0.0,0.0,1.0,9.7,1,1,1,1,13409,12059,4731,9917,18861,18886,15642,13388,17019,8004,1,1,12373,19379,1.0,22:57,2015,2016
2015-16,1626171,Bobby Portis,Bobby,1610612741,CHI,Chicago Bulls,21500522,2016-01-05T00:00:00,CHI vs. MIL,W,21.4,0.0,2.0,2.0,2.0,2.0,10.0,0.0,24.0,0.0,0.0,1.0,3.0,19.6,1,1,1,1,14657,12059,4731,4675,12984,2619,20509,1,8723,8004,1,4972,4736,12024,1.0,21:26,2015,2016
2015-16,1626204,Larry Nance Jr.,Larry,1610612747,LAL,Los Angeles Lakers,21500524,2016-01-05T00:00:00,LAL vs. GSW,L,20.5,0.0,0.0,4.0,8.0,4.0,4.0,10.0,16.0,0.0,0.0,0.0,2.0,23.4,1,13074,13074,13074,15511,12059,10158,1913,3109,6141,8458,20169,15259,8004,1,1,7786,9501,1.0,20:28,2015,2016
2015-16,202682,Derrick Williams,Derrick,1610612752,NYK,New York Knicks,21500521,2016-01-05T00:00:00,NYK @ ATL,W,15.7,2.0,4.0,0.0,4.0,5.0,13.0,0.0,16.0,0.0,0.0,0.0,4.0,21.3,1,1,1,1,19306,6026,1596,9917,8599,8403,23668,1,15259,8004,1,1,2748,10880,1.0,15:39,2015,2016
2015-16,203118,Mike Scott,Mike,1610612737,ATL,Atlanta Hawks,21500521,2016-01-05T00:00:00,ATL vs. NYK,L,13.6,3.0,0.0,0.0,0.0,5.0,4.0,2.0,14.0,0.0,0.0,3.0,0.0,8.4,1,13074,13074,13074,20638,4307,10158,9917,18861,8403,8458,4025,17019,8004,1,17641,18762,20273,1.0,13:36,2015,2016
2015-16,101109,Raymond Felton,Raymond,1610612742,DAL,Dallas Mavericks,21500523,2016-01-05T00:00:00,DAL vs. SAC,W,35.0,0.0,0.0,0.0,2.0,6.0,10.0,7.0,24.0,0.0,0.0,2.0,0.0,16.4,1,1,1,1,3559,12059,10158,9917,12984,10028,20509,15538,8723,8004,1,11390,18762,14289,1.0,34:58,2015,2016
2015-16,203953,Jabari Parker,Jabari,1610612749,MIL,Milwaukee Bucks,21500522,2016-01-05T00:00:00,MIL @ CHI,L,34.4,4.0,2.0,2.0,10.0,6.0,9.0,8.0,42.0,0.0,2.0,1.0,2.0,18.4,1,13074,13074,13074,4012,2460,4731,4675,1840,10028,19144,17194,670,8004,23588,4972,7786,12854,1.0,34:25,2015,2016
2015-16,2550,Kirk Hinrich,Kirk,1610612741,CHI,Chicago Bulls,21500522,2016-01-05T00:00:00,CHI vs. MIL,W,13.5,0.0,0.0,0.0,0.0,2.0,8.0,0.0,18.0,0.0,0.0,1.0,0.0,8.2,1,1,1,1,20716,12059,10158,9917,18861,2619,17345,1,13577,8004,1,4972,18762,20416,1.0,13:28,2015,2016
2015-16,203471,Dennis Schröder,Dennis,1610612737,ATL,Atlanta Hawks,21500521,2016-01-05T00:00:00,ATL vs. NYK,L,25.2,0.0,0.0,0.0,2.0,5.0,8.0,4.0,22.0,0.0,1.0,1.0,4.0,20.8,1,13074,13074,13074,11543,12059,10158,9917,12984,8403,17345,8806,10265,8004,17214,4972,2748,11195,1.0,25:11,2015,2016
2015-16,204038,Langston Galloway,Langston,1610612752,NYK,New York Knicks,21500521,2016-01-05T00:00:00,NYK @ ATL,W,15.6,2.0,0.0,0.0,2.0,7.0,6.0,0.0,8.0,1.0,0.0,2.0,0.0,16.2,1,1,1,1,19332,6026,10158,9917,12984,12242,13237,1,21543,2692,1,11390,18762,14436,1.0,15:38,2015,2016
2015-16,201565,Derrick Rose,Derrick,1610612741,CHI,Chicago Bulls,21500522,2016-01-05T00:00:00,CHI vs. MIL,W,34.5,2.0,0.0,4.0,12.0,13.0,8.0,11.0,36.0,0.0,1.0,1.0,1.0,21.2,1,1,1,1,3918,6026,10158,1913,988,21300,17345,21342,1943,8004,17214,4972,12373,10936,1.0,34:32,2015,2016
2015-16,201952,Jeff Teague,Jeff,1610612737,ATL,Atlanta Hawks,21500521,2016-01-05T00:00:00,ATL vs. NYK,L,22.8,0.0,0.0,2.0,4.0,10.0,13.0,2.0,24.0,0.0,1.0,0.0,2.0,16.2,1,13074,13074,13074,13515,12059,10158,4675,8599,17370,23668,4025,8723,8004,17214,1,7786,14436,1.0,22:49,2015,2016
2015-16,2594,Kyle Korver,Kyle,1610612737,ATL,Atlanta Hawks,21500521,2016-01-05T00:00:00,ATL vs. NYK,L,33.1,0.0,6.0,2.0,0.0,7.0,14.0,0.0,28.0,0.0,0.0,3.0,1.0,16.1,1,13074,13074,13074,5055,12059,481,4675,18861,12242,24300,1,5824,8004,1,17641,12373,14515,1.0,33:05,2015,2016
2015-16,200757,Thabo Sefolosha,Thabo,1610612737,ATL,Atlanta Hawks,21500521,2016-01-05T00:00:00,ATL vs. NYK,L,22.4,0.0,0.0,2.0,2.0,10.0,9.0,6.0,30.0,0.0,1.0,3.0,1.0,12.5,1,13074,13074,13074,13855,12059,10158,4675,12984,17370,19144,13388,4541,8004,17214,17641,12373,17372,1.0,22:22,2015,2016
2015-16,2738,Andre Iguodala,Andre,1610612744,GSW,Golden State Warriors,21500524,2016-01-05T00:00:00,GSW @ LAL,W,20.0,2.0,0.0,2.0,2.0,0.0,8.0,6.0,16.0,0.0,0.0,0.0,0.0,12.7,1,1,1,1,15922,6026,10158,4675,12984,1,17345,13388,15259,8004,1,1,18762,17201,1.0,19:59,2015,2016
2015-16,101138,Brandon Bass,Brandon,1610612747,LAL,Los Angeles Lakers,21500524,2016-01-05T00:00:00,LAL vs. GSW,L,16.6,0.0,2.0,4.0,6.0,7.0,0.0,5.0,12.0,0.0,0.0,1.0,2.0,12.8,1,13074,13074,13074,18617,12059,4731,1913,5299,12242,1,11593,18637,8004,1,4972,7786,17129,1.0,16:33,2015,2016
2015-16,202718,Chandler Parsons,Chandler,1610612742,DAL,Dallas Mavericks,21500523,2016-01-05T00:00:00,DAL vs. SAC,W,28.6,2.0,0.0,2.0,2.0,15.0,2.0,17.0,32.0,0.0,0.0,2.0,3.0,21.2,1,1,1,1,8727,6026,10158,4675,12984,23079,3734,24967,3535,8004,1,11390,4736,10936,1.0,28:37,2015,2016
2015-16,202341,James Anderson,James,1610612758,SAC,Sacramento Kings,21500523,2016-01-05T00:00:00,SAC @ DAL,L,14.4,0.0,0.0,0.0,0.0,7.0,4.0,5.0,14.0,0.0,1.0,1.0,0.0,1.5,1,13074,13074,13074,20144,12059,10158,9917,18861,12242,8458,11593,17019,8004,17214,4972,18762,24473,1.0,14:27,2015,2016
2015-16,201574,Jason Thompson,Jason,1610612744,GSW,Golden State Warriors,21500524,2016-01-05T00:00:00,GSW @ LAL,W,12.2,2.0,0.0,0.0,4.0,2.0,7.0,6.0,16.0,1.0,0.0,4.0,0.0,10.6,1,1,1,1,21429,6026,10158,9917,8599,2619,15642,13388,15259,2692,1,22104,18762,18723,1.0,12:12,2015,2016
2015-16,203926,Doug McDermott,Doug,1610612741,CHI,Chicago Bulls,21500522,2016-01-05T00:00:00,CHI vs. MIL,W,10.7,0.0,0.0,0.0,0.0,0.0,4.0,0.0,12.0,0.0,0.0,0.0,0.0,1.2,1,1,1,1,22137,12059,10158,9917,18861,1,8458,1,18637,8004,1,1,18762,24661,1.0,10:44,2015,2016
2015-16,203501,Tim Hardaway Jr.,Tim,1610612737,ATL,Atlanta Hawks,21500521,2016-01-05T00:00:00,ATL vs. NYK,L,12.1,0.0,0.0,0.0,0.0,3.0,2.0,0.0,4.0,0.0,0.0,1.0,1.0,5.7,1,13074,13074,13074,21500,12059,10158,9917,18861,5109,3734,1,23698,8004,1,4972,12373,22054,1.0,12:03,2015,2016
2015-16,1626173,Rashad Vaughn,Rashad,1610612749,MIL,Milwaukee Bucks,21500522,2016-01-05T00:00:00,MIL @ CHI,L,6.2,0.0,0.0,0.0,0.0,2.0,0.0,0.0,8.0,0.0,0.0,1.0,0.0,1.2,1,13074,13074,13074,23868,12059,10158,9917,18861,2619,1,1,21543,8004,1,4972,18762,24661,1.0,6:13,2015,2016
2015-16,1626148,Anthony Brown,Anthony,1610612747,LAL,Los Angeles Lakers,21500524,2016-01-05T00:00:00,LAL vs. GSW,L,32.3,0.0,2.0,0.0,0.0,6.0,6.0,12.0,28.0,1.0,1.0,4.0,1.0,10.6,1,13074,13074,13074,5617,12059,4731,9917,18861,10028,13237,22259,5824,2692,17214,22104,12373,18723,1.0,32:20,2015,2016
2015-16,203503,Tony Snell,Tony,1610612741,CHI,Chicago Bulls,21500522,2016-01-05T00:00:00,CHI vs. MIL,W,18.8,0.0,0.0,0.0,6.0,6.0,8.0,4.0,24.0,0.0,0.0,2.0,0.0,10.7,1,1,1,1,16885,12059,10158,9917,5299,10028,17345,8806,8723,8004,1,11390,18762,18636,1.0,18:47,2015,2016
2015-16,201156,Nick Young,Nick,1610612747,LAL,Los Angeles Lakers,21500524,2016-01-05T00:00:00,LAL vs. GSW,L,15.4,0.0,0.0,0.0,0.0,7.0,0.0,8.0,8.0,0.0,0.0,1.0,0.0,6.1,1,13074,13074,13074,19514,12059,10158,9917,18861,12242,1,17194,21543,8004,1,4972,18762,21845,1.0,15:21,2015,2016
2015-16,2733,Shaun Livingston,Shaun,1610612744,GSW,Golden State Warriors,21500520,2016-01-04T00:00:00,GSW vs. CHA,W,8.2,0.0,0.0,0.0,0.0,2.0,2.0,0.0,8.0,0.0,0.0,0.0,2.0,1.5,1,1,1,1,23109,12059,10158,9917,18861,2619,3734,1,21543,8004,1,1,7786,24473,1.0,8:14,2015,2016
2015-16,1626145,Tyus Jones,Tyus,1610612750,MIN,Minnesota Timberwolves,21500512,2016-01-04T00:00:00,MIN @ PHI,L,1.8,0.0,0.0,0.0,2.0,2.0,2.0,2.0,8.0,0.0,0.0,0.0,0.0,1.0,1,13074,13074,13074,25594,12059,10158,9917,12984,2619,3734,4025,21543,8004,1,1,18762,24960,1.0,1:47,2015,2016
2015-16,200797,Ryan Hollins,Ryan,1610612763,MEM,Memphis Grizzlies,21500519,2016-01-04T00:00:00,MEM @ POR,W,1.1,0.0,0.0,0.0,0.0,0.0,0.0,0.0,0.0,0.0,0.0,0.0,0.0,1.2,1,1,1,1,25854,12059,10158,9917,18861,1,1,1,25429,8004,1,1,18762,24661,1.0,1:04,2015,2016
2015-16,203512,Lucas Nogueira,Lucas,1610612761,TOR,Toronto Raptors,21500511,2016-01-04T00:00:00,TOR @ CLE,L,2.9,2.0,0.0,0.0,2.0,0.0,3.0,0.0,2.0,0.0,0.0,0.0,0.0,6.2,1,13074,13074,13074,25151,6026,10158,9917,12984,1,7138,1,24614,8004,1,1,18762,21696,1.0,2:56,2015,2016
2015-16,708,Kevin Garnett,Kevin,1610612750,MIN,Minnesota Timberwolves,21500512,2016-01-04T00:00:00,MIN @ PHI,L,16.8,0.0,0.0,0.0,4.0,4.0,4.0,6.0,20.0,0.0,0.0,2.0,2.0,10.9,1,13074,13074,13074,18401,12059,10158,9917,8599,6141,8458,13388,11929,8004,1,11390,7786,18498,1.0,16:49,2015,2016
2015-16,203937,Kyle Anderson,Kyle,1610612759,SAS,San Antonio Spurs,21500516,2016-01-04T00:00:00,SAS @ MIL,W,9.0,0.0,0.0,0.0,2.0,0.0,3.0,0.0,2.0,0.0,0.0,2.0,1.0,6.4,1,1,1,1,22844,12059,10158,9917,12984,1,7138,1,24614,8004,1,11390,12373,21589,1.0,8:58,2015,2016
2015-16,203079,Dion Waiters,Dion,1610612760,OKC,Oklahoma City Thunder,21500517,2016-01-04T00:00:00,OKC vs. SAC,L,19.5,2.0,0.0,2.0,0.0,4.0,9.0,4.0,16.0,0.0,2.0,1.0,2.0,10.9,1,13074,13074,13074,16350,6026,10158,4675,18861,6141,19144,8806,15259,8004,23588,4972,7786,18498,1.0,19:27,2015,2016
2015-16,203112,Quincy Acy,Quincy,1610612758,SAC,Sacramento Kings,21500517,2016-01-04T00:00:00,SAC @ OKC,W,5.1,0.0,0.0,0.0,0.0,2.0,0.0,0.0,4.0,0.0,0.0,1.0,0.0,1.2,1,1,1,1,24324,12059,10158,9917,18861,2619,1,1,23698,8004,1,4972,18762,24661,1.0,5:07,2015,2016
2015-16,203546,Ian Clark,Ian,1610612744,GSW,Golden State Warriors,21500520,2016-01-04T00:00:00,GSW vs. CHA,W,17.9,0.0,0.0,0.0,0.0,6.0,3.0,2.0,18.0,0.0,0.0,1.0,0.0,10.7,1,1,1,1,17617,12059,10158,9917,18861,10028,7138,4025,13577,8004,1,4972,18762,18636,1.0,17:52,2015,2016
2015-16,203210,JaMychal Green,JaMychal,1610612763,MEM,Memphis Grizzlies,21500519,2016-01-04T00:00:00,MEM @ POR,W,11.2,2.0,2.0,0.0,4.0,4.0,0.0,2.0,10.0,0.0,0.0,1.0,1.0,11.0,1,1,1,1,21924,6026,4731,9917,8599,6141,1,4025,20209,8004,1,4972,12373,18430,1.0,11:15,2015,2016
2015-16,1626181,Norman Powell,Norman,1610612761,TOR,Toronto Raptors,21500511,2016-01-04T00:00:00,TOR @ CLE,L,2.9,0.0,0.0,0.0,0.0,0.0,3.0,0.0,2.0,0.0,0.0,0.0,0.0,1.2,1,13074,13074,13074,25151,12059,10158,9917,18861,1,7138,1,24614,8004,1,1,18762,24661,1.0,2:56,2015,2016
2015-16,202713,Kyle Singler,Kyle,1610612760,OKC,Oklahoma City Thunder,21500517,2016-01-04T00:00:00,OKC vs. SAC,L,14.2,0.0,3.0,0.0,2.0,6.0,9.0,11.0,16.0,0.0,1.0,2.0,1.0,6.0,1,13074,13074,13074,20319,12059,3104,9917,12984,10028,19144,21342,15259,8004,17214,11390,12373,21878,1.0,14:09,2015,2016
2015-16,202389,Timofey Mozgov,Timofey,1610612739,CLE,Cleveland Cavaliers,21500511,2016-01-04T00:00:00,CLE vs. TOR,W,16.6,2.0,0.0,0.0,2.0,9.0,2.0,4.0,12.0,0.0,0.0,4.0,0.0,5.6,1,1,1,1,18605,6026,10158,9917,12984,15771,3734,8806,18637,8004,1,22104,18762,22133,1.0,16:34,2015,2016
2015-16,203943,Noah Vonleh,Noah,1610612757,POR,Portland Trail Blazers,21500519,2016-01-04T00:00:00,POR vs. MEM,L,12.6,0.0,0.0,0.0,2.0,0.0,0.0,0.0,4.0,1.0,1.0,2.0,1.0,11.2,1,13074,13074,13074,21198,12059,10158,9917,12984,1,1,1,23698,2692,17214,11390,12373,18267,1.0,12:37,2015,2016
2015-16,202730,Lavoy Allen,Lavoy,1610612754,IND,Indiana Pacers,21500515,2016-01-04T00:00:00,IND @ MIA,L,23.3,0.0,0.0,0.0,2.0,1.0,7.0,4.0,18.0,0.0,1.0,5.0,0.0,5.9,1,13074,13074,13074,13147,12059,10158,9917,12984,2356,15642,8806,13577,8004,17214,24686,18762,21953,1.0,23:15,2015,2016
2015-16,203940,Adreian Payne,Adreian,1610612750,MIN,Minnesota Timberwolves,21500512,2016-01-04T00:00:00,MIN @ PHI,L,6.5,0.0,0.0,0.0,0.0,4.0,8.0,4.0,12.0,0.0,0.0,1.0,0.0,1.5,1,13074,13074,13074,23739,12059,10158,9917,18861,6141,17345,8806,18637,8004,1,4972,18762,24473,1.0,6:31,2015,2016
2015-16,202357,Nemanja Bjelica,Nemanja,1610612750,MIN,Minnesota Timberwolves,21500512,2016-01-04T00:00:00,MIN @ PHI,L,20.6,0.0,0.0,0.0,2.0,11.0,4.0,10.0,22.0,0.0,0.0,3.0,0.0,10.9,1,13074,13074,13074,15382,12059,10158,9917,12984,18886,8458,20169,10265,8004,1,17641,18762,18498,1.0,20:37,2015,2016
2015-16,203101,Miles Plumlee,Miles,1610612749,MIL,Milwaukee Bucks,21500516,2016-01-04T00:00:00,MIL vs. SAS,L,6.0,0.0,0.0,0.0,2.0,2.0,0.0,0.0,12.0,0.0,0.0,0.0,0.0,1.0,1,13074,13074,13074,23952,12059,10158,9917,12984,2619,1,1,18637,8004,1,1,18762,24960,1.0,6:01,2015,2016
2015-16,203922,Glenn Robinson III,Glenn,1610612754,IND,Indiana Pacers,21500515,2016-01-04T00:00:00,IND @ MIA,L,10.8,0.0,0.0,0.0,0.0,0.0,2.0,4.0,8.0,0.0,0.0,0.0,0.0,1.2,1,13074,13074,13074,22100,12059,10158,9917,18861,1,3734,8806,21543,8004,1,1,18762,24661,1.0,10:50,2015,2016
2015-16,203960,JaKarr Sampson,JaKarr,1610612755,PHI,Philadelphia 76ers,21500512,2016-01-04T00:00:00,PHI vs. MIN,W,12.0,2.0,0.0,2.0,2.0,7.0,2.0,2.0,12.0,1.0,0.0,3.0,1.0,10.6,1,1,1,1,21526,6026,10158,4675,12984,12242,3734,4025,18637,2692,1,17641,12373,18723,1.0,12:01,2015,2016
2015-16,203496,Robert Covington,Robert,1610612755,PHI,Philadelphia 76ers,21500512,2016-01-04T00:00:00,PHI vs. MIN,W,6.5,0.0,0.0,0.0,0.0,6.0,2.0,2.0,12.0,0.0,0.0,1.0,1.0,1.7,1,1,1,1,23749,12059,10158,9917,18861,10028,3734,4025,18637,8004,1,4972,12373,24436,1.0,6:30,2015,2016
2015-16,1626149,Montrezl Harrell,Montrezl,1610612745,HOU,Houston Rockets,21500518,2016-01-04T00:00:00,HOU @ UTA,W,17.0,0.0,0.0,0.0,2.0,7.0,9.0,4.0,10.0,0.0,0.0,2.0,0.0,5.9,1,1,1,1,18295,12059,10158,9917,12984,12242,19144,8806,20209,8004,1,11390,18762,21953,1.0,16:59,2015,2016
2015-16,202341,James Anderson,James,1610612758,SAC,Sacramento Kings,21500517,2016-01-04T00:00:00,SAC @ OKC,W,5.5,0.0,0.0,0.0,0.0,3.0,0.0,0.0,0.0,0.0,0.0,1.0,0.0,1.2,1,1,1,1,24194,12059,10158,9917,18861,5109,1,1,25429,8004,1,4972,18762,24661,1.0,5:28,2015,2016
2015-16,200745,Andrea Bargnani,Andrea,1610612751,BKN,Brooklyn Nets,21500513,2016-01-04T00:00:00,BKN vs. BOS,L,4.4,0.0,0.0,0.0,0.0,0.0,0.0,0.0,4.0,0.0,0.0,0.0,0.0,0.0,1,13074,13074,13074,24570,12059,10158,9917,18861,1,1,1,23698,8004,1,1,18762,25170,1.0,4:27,2015,2016
2015-16,1626209,Mario Hezonja,Mario,1610612753,ORL,Orlando Magic,21500514,2016-01-04T00:00:00,ORL @ DET,L,10.7,0.0,0.0,0.0,2.0,4.0,3.0,7.0,2.0,0.0,0.0,1.0,1.0,4.0,1,13074,13074,13074,22154,12059,10158,9917,12984,6141,7138,15538,24614,8004,1,4972,12373,23142,1.0,10:42,2015,2016
2015-16,2210,Richard Jefferson,Richard,1610612739,CLE,Cleveland Cavaliers,21500511,2016-01-04T00:00:00,CLE vs. TOR,W,5.3,0.0,0.0,0.0,0.0,3.0,0.0,2.0,6.0,0.0,1.0,1.0,0.0,0.0,1,1,1,1,24246,12059,10158,9917,18861,5109,1,4025,22724,8004,17214,4972,18762,25170,1.0,5:19,2015,2016
2015-16,2592,James Jones,James,1610612739,CLE,Cleveland Cavaliers,21500511,2016-01-04T00:00:00,CLE vs. TOR,W,7.6,0.0,0.0,0.0,0.0,5.0,0.0,2.0,12.0,0.0,0.0,1.0,1.0,5.0,1,1,1,1,23360,12059,10158,9917,18861,8403,1,4025,18637,8004,1,4972,12373,22500,1.0,7:35,2015,2016
2015-16,203099,Jared Cunningham,Jared,1610612739,CLE,Cleveland Cavaliers,21500511,2016-01-04T00:00:00,CLE vs. TOR,W,1.8,0.0,0.0,0.0,0.0,2.0,0.0,0.0,4.0,0.0,0.0,0.0,0.0,0.0,1,1,1,1,25600,12059,10158,9917,18861,2619,1,1,23698,8004,1,1,18762,25170,1.0,1:46,2015,2016
2015-16,202334,Ed Davis,Ed,1610612757,POR,Portland Trail Blazers,21500519,2016-01-04T00:00:00,POR vs. MEM,L,13.1,0.0,0.0,0.0,2.0,12.0,5.0,5.0,14.0,2.0,0.0,2.0,1.0,7.2,1,13074,13074,13074,20934,12059,10158,9917,12984,20178,11469,11593,17019,932,1,11390,12373,21035,1.0,13:04,2015,2016
2015-16,203092,Tyler Zeller,Tyler,1610612738,BOS,Boston Celtics,21500513,2016-01-04T00:00:00,BOS @ BKN,W,13.6,2.0,0.0,0.0,4.0,2.0,3.0,7.0,8.0,0.0,1.0,2.0,0.0,8.8,1,1,1,1,20624,6026,10158,9917,8599,2619,7138,15538,21543,8004,17214,11390,18762,19994,1.0,13:39,2015,2016
2015-16,201945,Gerald Henderson,Gerald,1610612757,POR,Portland Trail Blazers,21500519,2016-01-04T00:00:00,POR vs. MEM,L,13.1,0.0,0.0,0.0,4.0,12.0,5.0,5.0,16.0,0.0,0.0,1.0,3.0,7.0,1,13074,13074,13074,20909,12059,10158,9917,8599,20178,11469,11593,15259,8004,1,4972,4736,21188,1.0,13:07,2015,2016
2015-16,2581,Steve Blake,Steve,1610612765,DET,Detroit Pistons,21500514,2016-01-04T00:00:00,DET vs. ORL,W,3.7,0.0,0.0,0.0,0.0,0.0,2.0,0.0,2.0,0.0,0.0,0.0,0.0,0.5,1,1,1,1,24814,12059,10158,9917,18861,1,3734,1,24614,8004,1,1,18762,25056,1.0,3:44,2015,2016
2015-16,1626199,Darrun Hilliard,Darrun,1610612765,DET,Detroit Pistons,21500514,2016-01-04T00:00:00,DET vs. ORL,W,3.7,0.0,0.0,0.0,0.0,0.0,2.0,0.0,2.0,0.0,1.0,1.0,0.0,0.0,1,1,1,1,24814,12059,10158,9917,18861,1,3734,1,24614,8004,17214,4972,18762,25170,1.0,3:44,2015,2016
2015-16,1626192,Pat Connaughton,Pat,1610612757,POR,Portland Trail Blazers,21500519,2016-01-04T00:00:00,POR vs. MEM,L,1.1,0.0,0.0,0.0,0.0,0.0,0.0,0.0,0.0,0.0,0.0,0.0,0.0,-1.0,1,13074,13074,13074,25853,12059,10158,9917,18861,1,1,1,25429,8004,1,1,18762,25932,1.0,1:05,2015,2016
2015-16,201573,Jerryd Bayless,Jerryd,1610612749,MIL,Milwaukee Bucks,21500516,2016-01-04T00:00:00,MIL vs. SAS,L,7.3,0.0,3.0,0.0,0.0,5.0,6.0,3.0,4.0,0.0,0.0,1.0,1.0,3.2,1,13074,13074,13074,23476,12059,3104,9917,18861,8403,13237,7328,23698,8004,1,4972,12373,23473,1.0,7:17,2015,2016
2015-16,203477,Isaiah Canaan,Isaiah,1610612755,PHI,Philadelphia 76ers,21500512,2016-01-04T00:00:00,PHI vs. MIN,W,10.3,0.0,0.0,0.0,0.0,2.0,6.0,5.0,12.0,0.0,0.0,1.0,1.0,9.0,1,1,1,1,22304,12059,10158,9917,18861,2619,13237,11593,18637,8004,1,4972,12373,19835,1.0,10:21,2015,2016
2015-16,203923,James Young,James,1610612738,BOS,Boston Celtics,21500513,2016-01-04T00:00:00,BOS @ BKN,W,13.8,0.0,0.0,0.0,0.0,2.0,4.0,0.0,6.0,0.0,0.0,2.0,0.0,4.4,1,1,1,1,20519,12059,10158,9917,18861,2619,8458,1,22724,8004,1,11390,18762,22837,1.0,13:49,2015,2016
2015-16,203086,Meyers Leonard,Meyers,1610612757,POR,Portland Trail Blazers,21500519,2016-01-04T00:00:00,POR vs. MEM,L,16.4,0.0,0.0,2.0,2.0,6.0,7.0,0.0,14.0,0.0,0.0,1.0,0.0,9.0,1,13074,13074,13074,18772,12059,10158,4675,12984,10028,15642,1,17019,8004,1,4972,18762,19835,1.0,16:21,2015,2016
2015-16,203080,Thomas Robinson,Thomas,1610612751,BKN,Brooklyn Nets,21500513,2016-01-04T00:00:00,BKN vs. BOS,L,8.8,0.0,0.0,0.0,0.0,6.0,0.0,3.0,2.0,0.0,0.0,2.0,1.0,8.8,1,13074,13074,13074,22916,12059,10158,9917,18861,10028,1,7328,24614,8004,1,11390,12373,19994,1.0,8:48,2015,2016
2015-16,1626167,Myles Turner,Myles,1610612754,IND,Indiana Pacers,21500515,2016-01-04T00:00:00,IND @ MIA,L,6.8,0.0,0.0,0.0,0.0,2.0,4.0,2.0,6.0,0.0,0.0,0.0,0.0,3.6,1,13074,13074,13074,23644,12059,10158,9917,18861,2619,8458,4025,22724,8004,1,1,18762,23310,1.0,6:46,2015,2016
2015-16,2561,David West,David,1610612759,SAS,San Antonio Spurs,21500516,2016-01-04T00:00:00,SAS @ MIL,W,14.5,2.0,2.0,0.0,8.0,2.0,5.0,0.0,6.0,1.0,1.0,0.0,0.0,21.7,1,1,1,1,20093,6026,4731,9917,3109,2619,11469,1,22724,2692,17214,1,18762,10592,1.0,14:31,2015,2016
2015-16,2757,Beno Udrih,Beno,1610612748,MIA,Miami Heat,21500515,2016-01-04T00:00:00,MIA vs. IND,W,7.7,0.0,0.0,0.0,0.0,2.0,0.0,2.0,6.0,0.0,0.0,1.0,0.0,5.4,1,1,1,1,23321,12059,10158,9917,18861,2619,1,4025,22724,8004,1,4972,18762,22242,1.0,7:42,2015,2016
2015-16,203948,Johnny O'Bryant III,Johnny,1610612749,MIL,Milwaukee Bucks,21500516,2016-01-04T00:00:00,MIL vs. SAS,L,7.6,1.0,0.0,1.0,0.0,2.0,0.0,0.0,14.0,0.0,0.0,2.0,0.0,9.2,1,13074,13074,13074,23350,11535,10158,9347,18861,2619,1,1,17019,8004,1,11390,18762,19680,1.0,7:37,2015,2016
2015-16,101112,Channing Frye,Channing,1610612753,ORL,Orlando Magic,21500514,2016-01-04T00:00:00,ORL @ DET,L,14.1,2.0,0.0,0.0,0.0,4.0,7.0,2.0,12.0,2.0,0.0,0.0,0.0,9.4,1,13074,13074,13074,20373,6026,10158,9917,18861,6141,15642,4025,18637,932,1,1,18762,19568,1.0,14:04,2015,2016
2015-16,202353,Tibor Pleiss,Tibor,1610612762,UTA,Utah Jazz,21500518,2016-01-04T00:00:00,UTA vs. HOU,L,12.6,0.0,2.0,0.0,2.0,7.0,0.0,8.0,10.0,0.0,1.0,2.0,0.0,7.0,1,13074,13074,13074,21214,12059,4731,9917,12984,12242,1,17194,20209,8004,17214,11390,18762,21188,1.0,12:36,2015,2016
2015-16,203186,Willie Reed,Willie,1610612751,BKN,Brooklyn Nets,21500513,2016-01-04T00:00:00,BKN vs. BOS,L,7.4,0.0,0.0,0.0,0.0,2.0,2.0,0.0,6.0,1.0,0.0,2.0,2.0,5.4,1,13074,13074,13074,23436,12059,10158,9917,18861,2619,3734,1,22724,2692,1,11390,7786,22242,1.0,7:21,2015,2016
2015-16,203932,Aaron Gordon,Aaron,1610612753,ORL,Orlando Magic,21500514,2016-01-04T00:00:00,ORL @ DET,L,25.2,2.0,0.0,2.0,0.0,11.0,9.0,15.0,18.0,0.0,0.0,1.0,1.0,7.1,1,13074,13074,13074,11499,6026,10158,4675,18861,18886,19144,24242,13577,8004,1,4972,12373,21141,1.0,25:14,2015,2016
2015-16,2555,Nick Collison,Nick,1610612760,OKC,Oklahoma City Thunder,21500517,2016-01-04T00:00:00,OKC vs. SAC,L,4.7,0.0,0.0,0.0,0.0,0.0,0.0,5.0,4.0,0.0,0.0,2.0,0.0,4.4,1,13074,13074,13074,24490,12059,10158,9917,18861,1,1,11593,23698,8004,1,11390,18762,22837,1.0,4:39,2015,2016
2015-16,203524,Solomon Hill,Solomon,1610612754,IND,Indiana Pacers,21500515,2016-01-04T00:00:00,IND @ MIA,L,17.9,0.0,2.0,0.0,2.0,8.0,8.0,0.0,24.0,0.0,2.0,4.0,1.0,5.2,1,13074,13074,13074,17591,12059,4731,9917,12984,13914,17345,1,8723,8004,23588,22104,12373,22370,1.0,17:55,2015,2016
2015-16,201202,Joel Anthony,Joel,1610612765,DET,Detroit Pistons,21500514,2016-01-04T00:00:00,DET vs. ORL,W,3.7,0.0,0.0,0.0,0.0,0.0,2.0,0.0,2.0,1.0,1.0,1.0,0.0,4.2,1,1,1,1,24814,12059,10158,9917,18861,1,3734,1,24614,2692,17214,4972,18762,22976,1.0,3:44,2015,2016
2015-16,1626173,Rashad Vaughn,Rashad,1610612749,MIL,Milwaukee Bucks,21500516,2016-01-04T00:00:00,MIL vs. SAS,L,16.4,0.0,0.0,0.0,0.0,11.0,6.0,5.0,18.0,0.0,1.0,1.0,0.0,4.4,1,13074,13074,13074,18749,12059,10158,9917,18861,18886,13237,11593,13577,8004,17214,4972,18762,22837,1.0,16:23,2015,2016
2015-16,204025,Tim Frazier,Tim,1610612757,POR,Portland Trail Blazers,21500519,2016-01-04T00:00:00,POR vs. MEM,L,1.1,0.0,0.0,0.0,0.0,0.0,0.0,0.0,0.0,0.0,0.0,0.0,0.0,-1.0,1,13074,13074,13074,25854,12059,10158,9917,18861,1,1,1,25429,8004,1,1,18762,25932,1.0,1:04,2015,2016
2015-16,1626153,Delon Wright,Delon,1610612761,TOR,Toronto Raptors,21500511,2016-01-04T00:00:00,TOR @ CLE,L,2.9,0.0,0.0,0.0,2.0,0.0,3.0,0.0,2.0,0.0,0.0,0.0,0.0,3.5,1,13074,13074,13074,25151,12059,10158,9917,12984,1,7138,1,24614,8004,1,1,18762,23351,1.0,2:56,2015,2016
2015-16,203956,Mitch McGary,Mitch,1610612760,OKC,Oklahoma City Thunder,21500517,2016-01-04T00:00:00,OKC vs. SAC,L,2.2,0.0,0.0,0.0,0.0,2.0,2.0,2.0,2.0,0.0,0.0,0.0,0.0,0.0,1,13074,13074,13074,25468,12059,10158,9917,18861,2619,3734,4025,24614,8004,1,1,18762,25170,1.0,2:09,2015,2016
2015-16,203093,Terrence Jones,Terrence,1610612745,HOU,Houston Rockets,21500518,2016-01-04T00:00:00,HOU @ UTA,W,15.3,0.0,0.0,2.0,0.0,12.0,10.0,0.0,12.0,0.0,0.0,0.0,2.0,5.2,1,1,1,1,19578,12059,10158,4675,18861,20178,20509,1,18637,8004,1,1,7786,22370,1.0,15:16,2015,2016
2015-16,203492,Ray McCallum,Ray,1610612759,SAS,San Antonio Spurs,21500516,2016-01-04T00:00:00,SAS @ MIL,W,17.2,0.0,0.0,0.0,0.0,2.0,3.0,1.0,12.0,0.0,0.0,0.0,0.0,9.2,1,1,1,1,18127,12059,10158,9917,18861,2619,7138,3646,18637,8004,1,1,18762,19680,1.0,17:12,2015,2016
2015-16,201973,Jonas Jerebko,Jonas,1610612738,BOS,Boston Celtics,21500513,2016-01-04T00:00:00,BOS @ BKN,W,6.6,0.0,0.0,0.0,0.0,0.0,0.0,4.0,4.0,0.0,0.0,0.0,0.0,4.5,1,1,1,1,23721,12059,10158,9917,18861,1,1,8806,23698,8004,1,1,18762,22773,1.0,6:34,2015,2016
2015-16,2216,Zach Randolph,Zach,1610612763,MEM,Memphis Grizzlies,21500519,2016-01-04T00:00:00,MEM @ POR,W,31.4,4.0,6.0,0.0,10.0,5.0,4.0,5.0,18.0,0.0,0.0,0.0,3.0,52.1,1,1,1,1,6365,2460,481,9917,1840,8403,8458,11593,13577,8004,1,1,4736,567,1.0,31:26,2015,2016
2015-16,202711,Bojan Bogdanović,Bojan,1610612751,BKN,Brooklyn Nets,21500513,2016-01-04T00:00:00,BKN vs. BOS,L,34.3,2.0,3.0,3.0,4.0,13.0,5.0,12.0,40.0,2.0,1.0,0.0,5.0,35.9,1,13074,13074,13074,4081,6026,3104,3302,8599,21300,11469,22259,983,932,17214,1,1539,3505,1.0,34:19,2015,2016
2015-16,202696,Nikola Vučević,Nikola,1610612753,ORL,Orlando Magic,21500514,2016-01-04T00:00:00,ORL @ DET,L,24.2,0.0,0.0,0.0,12.0,4.0,9.0,3.0,24.0,0.0,1.0,1.0,0.0,24.1,1,13074,13074,13074,12423,12059,10158,9917,988,6141,19144,7328,8723,8004,17214,4972,18762,9068,1.0,24:09,2015,2016
2015-16,2547,Chris Bosh,Chris,1610612748,MIA,Miami Heat,21500515,2016-01-04T00:00:00,MIA vs. IND,W,41.9,1.0,3.0,0.0,8.0,11.0,8.0,8.0,24.0,1.0,0.0,5.0,11.0,51.7,1,1,1,1,319,11535,3104,9917,3109,18886,17345,17194,8723,2692,1,24686,44,595,1.0,41:56,2015,2016
2015-16,202397,Ish Smith,Ish,1610612755,PHI,Philadelphia 76ers,21500512,2016-01-04T00:00:00,PHI vs. MIN,W,30.3,8.0,2.0,4.0,8.0,12.0,4.0,6.0,26.0,0.0,0.0,1.0,2.0,47.3,1,1,1,1,7237,308,4731,1913,3109,20178,8458,13388,7214,8004,1,4972,7786,1036,1.0,30:20,2015,2016
2015-16,203096,Jared Sullinger,Jared,1610612738,BOS,Boston Celtics,21500513,2016-01-04T00:00:00,BOS @ BKN,W,17.6,5.0,2.0,3.0,4.0,2.0,4.0,5.0,6.0,0.0,0.0,3.0,4.0,36.0,1,1,1,1,17821,1603,4731,3302,8599,2619,8458,11593,22724,8004,1,17641,2748,3463,1.0,17:37,2015,2016
2015-16,203499,Shane Larkin,Shane,1610612751,BKN,Brooklyn Nets,21500513,2016-01-04T00:00:00,BKN vs. BOS,L,26.8,0.0,0.0,0.0,4.0,10.0,3.0,11.0,40.0,0.0,0.0,3.0,1.0,7.4,1,13074,13074,13074,10234,12059,10158,9917,8599,17370,7138,21342,983,8004,1,17641,12373,20912,1.0,26:45,2015,2016
2015-16,201941,Jordan Hill,Jordan,1610612754,IND,Indiana Pacers,21500515,2016-01-04T00:00:00,IND @ MIA,L,20.3,2.0,0.0,2.0,2.0,6.0,12.0,2.0,22.0,1.0,0.0,3.0,1.0,28.9,1,13074,13074,13074,15628,6026,10158,4675,12984,10028,22832,4025,10265,2692,1,17641,12373,6414,1.0,20:19,2015,2016
2015-16,203500,Steven Adams,Steven,1610612760,OKC,Oklahoma City Thunder,21500517,2016-01-04T00:00:00,OKC vs. SAC,L,26.8,0.0,2.0,0.0,10.0,5.0,9.0,6.0,24.0,0.0,0.0,5.0,5.0,29.0,1,13074,13074,13074,10220,12059,4731,9917,1840,8403,19144,13388,8723,8004,1,24686,1539,6346,1.0,26:46,2015,2016
2015-16,200768,Kyle Lowry,Kyle,1610612761,TOR,Toronto Raptors,21500511,2016-01-04T00:00:00,TOR @ CLE,L,35.0,2.0,2.0,4.0,4.0,11.0,11.0,4.0,28.0,1.0,0.0,1.0,5.0,51.8,1,13074,13074,13074,3534,6026,4731,1913,8599,18886,21814,8806,5824,2692,1,4972,1539,586,1.0,35:00,2015,2016
2015-16,201937,Ricky Rubio,Ricky,1610612750,MIN,Minnesota Timberwolves,21500512,2016-01-04T00:00:00,MIN @ PHI,L,33.4,0.0,0.0,0.0,2.0,12.0,6.0,16.0,36.0,0.0,1.0,1.0,2.0,29.0,1,13074,13074,13074,4850,12059,10158,9917,12984,20178,13237,24641,1943,8004,17214,4972,7786,6346,1.0,33:21,2015,2016
2015-16,101133,Ian Mahinmi,Ian,1610612754,IND,Indiana Pacers,21500515,2016-01-04T00:00:00,IND @ MIA,L,32.7,0.0,2.0,0.0,8.0,4.0,8.0,4.0,30.0,1.0,1.0,5.0,6.0,24.8,1,13074,13074,13074,5365,12059,4731,9917,3109,6141,17345,8806,4541,2692,17214,24686,873,8614,1.0,32:41,2015,2016
2015-16,202331,Paul George,Paul,1610612754,IND,Indiana Pacers,21500515,2016-01-04T00:00:00,IND @ MIA,L,41.5,7.0,4.0,3.0,10.0,6.0,14.0,6.0,34.0,0.0,0.0,3.0,5.0,48.4,1,13074,13074,13074,383,548,1596,3302,1840,10028,24300,13388,2701,8004,1,17641,1539,920,1.0,41:30,2015,2016
2015-16,203083,Andre Drummond,Andre,1610612765,DET,Detroit Pistons,21500514,2016-01-04T00:00:00,DET vs. ORL,W,28.6,0.0,4.0,3.0,16.0,7.0,3.0,4.0,26.0,1.0,0.0,0.0,4.0,36.4,1,1,1,1,8758,12059,1596,3302,275,12242,7138,8806,7214,2692,1,1,2748,3353,1.0,28:35,2015,2016
2015-16,203484,Kentavious Caldwell-Pope,Kentavious,1610612765,DET,Detroit Pistons,21500514,2016-01-04T00:00:00,DET vs. ORL,W,33.7,2.0,0.0,9.0,4.0,2.0,3.0,3.0,26.0,0.0,0.0,4.0,1.0,29.2,1,1,1,1,4609,6026,10158,184,8599,2619,7138,7328,7214,8004,1,22104,12373,6243,1.0,33:41,2015,2016
2015-16,203109,Jae Crowder,Jae,1610612738,BOS,Boston Celtics,21500513,2016-01-04T00:00:00,BOS @ BKN,W,34.8,8.0,2.0,6.0,10.0,2.0,14.0,4.0,32.0,1.0,1.0,2.0,7.0,45.7,1,1,1,1,3686,308,4731,740,1840,2619,24300,8806,3535,2692,17214,11390,469,1251,1.0,34:49,2015,2016
2015-16,1626169,Stanley Johnson,Stanley,1610612765,DET,Detroit Pistons,21500514,2016-01-04T00:00:00,DET vs. ORL,W,24.9,0.0,0.0,3.0,0.0,5.0,0.0,7.0,22.0,0.0,1.0,3.0,0.0,23.9,1,1,1,1,11778,12059,10158,3302,18861,8403,1,15538,10265,8004,17214,17641,18762,9184,1.0,24:52,2015,2016
2015-16,2548,Dwyane Wade,Dwyane,1610612748,MIA,Miami Heat,21500515,2016-01-04T00:00:00,MIA vs. IND,W,37.8,2.0,4.0,4.0,18.0,9.0,6.0,6.0,16.0,1.0,0.0,3.0,7.0,44.1,1,1,1,1,1592,6026,1596,1913,131,15771,13237,13388,15259,2692,1,17641,469,1542,1.0,37:49,2015,2016
2015-16,202326,DeMarcus Cousins,DeMarcus,1610612758,SAC,Sacramento Kings,21500517,2016-01-04T00:00:00,SAC @ OKC,W,37.5,4.0,9.0,3.0,16.0,13.0,7.0,4.0,36.0,2.0,2.0,2.0,7.0,62.3,1,1,1,1,1730,2460,77,3302,275,21300,15642,8806,1943,932,23588,11390,469,137,1.0,37:32,2015,2016
2015-16,203918,Rodney Hood,Rodney,1610612762,UTA,Utah Jazz,21500518,2016-01-04T00:00:00,UTA vs. HOU,L,35.3,6.0,8.0,0.0,2.0,8.0,4.0,8.0,28.0,0.0,1.0,4.0,4.0,35.7,1,13074,13074,13074,3318,878,137,9917,12984,13914,8458,17194,5824,8004,17214,22104,2748,3578,1.0,35:18,2015,2016
2015-16,202704,Reggie Jackson,Reggie,1610612765,DET,Detroit Pistons,21500514,2016-01-04T00:00:00,DET vs. ORL,W,25.8,4.0,2.0,0.0,8.0,5.0,3.0,2.0,24.0,1.0,1.0,2.0,2.0,29.1,1,1,1,1,11030,2460,4731,9917,3109,8403,7138,4025,8723,2692,17214,11390,7786,6285,1.0,25:47,2015,2016
2015-16,201939,Stephen Curry,Stephen,1610612744,GSW,Golden State Warriors,21500520,2016-01-04T00:00:00,GSW vs. CHA,W,31.9,0.0,0.0,10.0,10.0,8.0,8.0,11.0,26.0,0.0,0.0,4.0,1.0,43.6,1,1,1,1,6033,12059,10158,118,1840,13914,17345,21342,7214,8004,1,22104,12373,1627,1.0,31:51,2015,2016
2015-16,200752,Rudy Gay,Rudy,1610612758,SAC,Sacramento Kings,21500517,2016-01-04T00:00:00,SAC @ OKC,W,34.3,3.0,3.0,8.0,8.0,11.0,12.0,4.0,30.0,0.0,1.0,4.0,5.0,24.0,1,1,1,1,4069,4307,3104,280,3109,18886,22832,8806,4541,8004,17214,22104,1539,9121,1.0,34:20,2015,2016
2015-16,201152,Thaddeus Young,Thaddeus,1610612751,BKN,Brooklyn Nets,21500513,2016-01-04T00:00:00,BKN vs. BOS,L,37.8,2.0,2.0,1.0,12.0,18.0,5.0,16.0,50.0,2.0,2.0,1.0,3.0,51.0,1,13074,13074,13074,1607,6026,4731,9347,988,24749,11469,24641,107,932,23588,4972,4736,656,1.0,37:48,2015,2016
2015-16,2747,JR Smith,JR,1610612739,CLE,Cleveland Cavaliers,21500511,2016-01-04T00:00:00,CLE vs. TOR,W,29.9,0.0,6.0,0.0,0.0,2.0,6.0,0.0,28.0,0.0,0.0,2.0,3.0,29.1,1,1,1,1,7672,12059,481,9917,18861,2619,13237,1,5824,8004,1,11390,4736,6285,1.0,29:51,2015,2016
2015-16,203468,CJ McCollum,CJ,1610612757,POR,Portland Trail Blazers,21500519,2016-01-04T00:00:00,POR vs. MEM,L,38.6,7.0,3.0,0.0,6.0,16.0,9.0,5.0,24.0,0.0,1.0,4.0,3.0,24.4,1,13074,13074,13074,1238,548,3104,9917,5299,23774,19144,11593,8723,8004,17214,22104,4736,8867,1.0,38:33,2015,2016
2015-16,2772,Trevor Ariza,Trevor,1610612745,HOU,Houston Rockets,21500518,2016-01-04T00:00:00,HOU @ UTA,W,30.5,4.0,0.0,2.0,2.0,18.0,17.0,6.0,20.0,0.0,0.0,2.0,0.0,29.8,1,1,1,1,7087,2460,10158,4675,12984,24749,25429,13388,11929,8004,1,11390,18762,5948,1.0,30:32,2015,2016
2015-16,201627,Anthony Morrow,Anthony,1610612760,OKC,Oklahoma City Thunder,21500517,2016-01-04T00:00:00,OKC vs. SAC,L,33.8,2.0,0.0,0.0,6.0,5.0,13.0,10.0,40.0,0.0,0.0,3.0,1.0,24.2,1,13074,13074,13074,4478,6026,10158,9917,5299,8403,23668,20169,983,8004,1,17641,12373,9009,1.0,33:51,2015,2016
2015-16,1626166,Cameron Payne,Cameron,1610612760,OKC,Oklahoma City Thunder,21500517,2016-01-04T00:00:00,OKC vs. SAC,L,18.7,0.0,2.0,0.0,8.0,6.0,9.0,12.0,16.0,1.0,0.0,5.0,0.0,24.5,1,13074,13074,13074,16930,12059,4731,9917,3109,10028,19144,22259,15259,2692,1,24686,18762,8801,1.0,18:43,2015,2016
2015-16,203110,Draymond Green,Draymond,1610612744,GSW,Golden State Warriors,21500520,2016-01-04T00:00:00,GSW vs. CHA,W,37.5,2.0,2.0,5.0,8.0,10.0,10.0,11.0,30.0,2.0,1.0,3.0,1.0,53.0,1,1,1,1,1778,6026,4731,1277,3109,17370,20509,21342,4541,932,17214,17641,12373,521,1.0,37:28,2015,2016
2015-16,201585,Kosta Koufos,Kosta,1610612758,SAC,Sacramento Kings,21500517,2016-01-04T00:00:00,SAC @ OKC,W,28.7,0.0,2.0,0.0,6.0,8.0,5.0,6.0,22.0,4.0,1.0,3.0,3.0,29.1,1,1,1,1,8644,12059,4731,9917,5299,13914,11469,13388,10265,132,17214,17641,4736,6285,1.0,28:42,2015,2016
2015-16,203487,Michael Carter-Williams,Michael,1610612749,MIL,Milwaukee Bucks,21500516,2016-01-04T00:00:00,MIL vs. SAS,L,31.4,1.0,0.0,1.0,8.0,21.0,10.0,10.0,44.0,1.0,0.0,3.0,5.0,35.8,1,13074,13074,13074,6363,11535,10158,9347,3109,25535,20509,20169,454,2692,1,17641,1539,3541,1.0,31:26,2015,2016
2015-16,203476,Gorgui Dieng,Gorgui,1610612750,MIN,Minnesota Timberwolves,21500512,2016-01-04T00:00:00,MIN @ PHI,L,27.5,2.0,4.0,0.0,6.0,15.0,8.0,14.0,30.0,2.0,3.0,2.0,2.0,36.1,1,13074,13074,13074,9629,6026,1596,9917,5299,23079,17345,23710,4541,932,25441,11390,7786,3432,1.0,27:28,2015,2016
2015-16,2730,Dwight Howard,Dwight,1610612745,HOU,Houston Rockets,21500518,2016-01-04T00:00:00,HOU @ UTA,W,40.6,0.0,2.0,0.0,14.0,23.0,18.0,8.0,22.0,1.0,0.0,2.0,4.0,36.1,1,1,1,1,575,12059,4731,9917,542,25803,25634,17194,10265,2692,1,11390,2748,3432,1.0,40:36,2015,2016
2015-16,201586,Serge Ibaka,Serge,1610612760,OKC,Oklahoma City Thunder,21500517,2016-01-04T00:00:00,OKC vs. SAC,L,40.0,4.0,3.0,0.0,4.0,7.0,16.0,13.0,44.0,5.0,1.0,3.0,2.0,49.9,1,13074,13074,13074,731,2460,3104,9917,8599,12242,25155,23048,454,59,17214,17641,7786,765,1.0,40:00,2015,2016
2015-16,201566,Russell Westbrook,Russell,1610612760,OKC,Oklahoma City Thunder,21500517,2016-01-04T00:00:00,OKC vs. SAC,L,41.2,5.0,2.0,0.0,6.0,5.0,13.0,13.0,44.0,0.0,1.0,4.0,2.0,45.1,1,13074,13074,13074,455,1603,4731,9917,5299,8403,23668,23048,454,8004,17214,22104,7786,1338,1.0,41:09,2015,2016
2015-16,202681,Kyrie Irving,Kyrie,1610612739,CLE,Cleveland Cavaliers,21500511,2016-01-04T00:00:00,CLE vs. TOR,W,28.7,4.0,2.0,2.0,12.0,7.0,2.0,2.0,28.0,0.0,1.0,1.0,3.0,43.2,1,1,1,1,8601,2460,4731,4675,988,12242,3734,4025,5824,8004,17214,4972,4736,1699,1.0,28:44,2015,2016
2015-16,200765,Rajon Rondo,Rajon,1610612758,SAC,Sacramento Kings,21500517,2016-01-04T00:00:00,SAC @ OKC,W,42.6,2.0,2.0,2.0,10.0,15.0,7.0,6.0,38.0,1.0,1.0,1.0,6.0,64.3,1,1,1,1,239,6026,4731,4675,1840,23079,15642,13388,1422,2692,17214,4972,873,99,1.0,42:37,2015,2016
2015-16,203486,Mason Plumlee,Mason,1610612757,POR,Portland Trail Blazers,21500519,2016-01-04T00:00:00,POR vs. MEM,L,22.9,1.0,1.0,0.0,2.0,8.0,2.0,0.0,8.0,0.0,0.0,2.0,4.0,11.6,1,13074,13074,13074,13448,11535,9709,9917,12984,13914,3734,1,21543,8004,1,11390,2748,17970,1.0,22:55,2015,2016
2015-16,202691,Klay Thompson,Klay,1610612744,GSW,Golden State Warriors,21500520,2016-01-04T00:00:00,GSW vs. CHA,W,37.4,6.0,5.0,5.0,4.0,8.0,7.0,9.0,28.0,1.0,0.0,2.0,3.0,41.5,1,1,1,1,1860,878,995,1277,8599,13914,15642,18829,5824,2692,1,11390,4736,2038,1.0,37:21,2015,2016
2015-16,2738,Andre Iguodala,Andre,1610612744,GSW,Golden State Warriors,21500520,2016-01-04T00:00:00,GSW vs. CHA,W,23.9,0.0,0.0,0.0,0.0,8.0,5.0,4.0,24.0,1.0,0.0,2.0,1.0,11.6,1,1,1,1,12650,12059,10158,9917,18861,13914,11469,8806,8723,2692,1,11390,12373,17970,1.0,23:54,2015,2016
2015-16,203924,Jerami Grant,Jerami,1610612755,PHI,Philadelphia 76ers,21500512,2016-01-04T00:00:00,PHI vs. MIN,W,22.2,0.0,0.0,2.0,2.0,11.0,6.0,5.0,20.0,2.0,0.0,6.0,1.0,11.9,1,1,1,1,14033,12059,10158,4675,12984,18886,13237,11593,11929,932,1,25827,12373,17760,1.0,22:11,2015,2016
2015-16,201158,Marco Belinelli,Marco,1610612758,SAC,Sacramento Kings,21500517,2016-01-04T00:00:00,SAC @ OKC,W,34.1,0.0,0.0,0.0,0.0,10.0,12.0,4.0,32.0,0.0,0.0,1.0,3.0,26.9,1,1,1,1,4248,12059,10158,9917,18861,17370,22832,8806,3535,8004,1,4972,4736,7438,1.0,34:07,2015,2016
2015-16,202388,Donald Sloan,Donald,1610612751,BKN,Brooklyn Nets,21500513,2016-01-04T00:00:00,BKN vs. BOS,L,21.5,0.0,0.0,2.0,2.0,10.0,4.0,5.0,14.0,0.0,0.0,1.0,1.0,15.3,1,13074,13074,13074,14601,12059,10158,4675,12984,17370,8458,11593,17019,8004,1,4972,12373,15150,1.0,21:29,2015,2016
2015-16,203498,Shabazz Muhammad,Shabazz,1610612750,MIN,Minnesota Timberwolves,21500512,2016-01-04T00:00:00,MIN @ PHI,L,34.4,8.0,6.0,5.0,14.0,19.0,14.0,16.0,40.0,0.0,2.0,0.0,4.0,26.1,1,13074,13074,13074,4062,308,481,1277,542,25074,24300,24641,983,8004,23588,1,2748,7836,1.0,34:21,2015,2016
2015-16,203613,Jonathon Simmons,Jonathon,1610612759,SAS,San Antonio Spurs,21500516,2016-01-04T00:00:00,SAS @ MIL,W,20.2,5.0,0.0,10.0,10.0,6.0,6.0,2.0,14.0,0.0,1.0,3.0,4.0,20.6,1,1,1,1,15713,1603,10158,118,1840,10028,13237,4025,17019,8004,17214,17641,2748,11314,1.0,20:13,2015,2016
2015-16,201935,James Harden,James,1610612745,HOU,Houston Rockets,21500518,2016-01-04T00:00:00,HOU @ UTA,W,42.2,8.0,2.0,4.0,6.0,20.0,23.0,8.0,28.0,1.0,1.0,3.0,8.0,41.5,1,1,1,1,285,308,4731,1913,5299,25338,26017,17194,5824,2692,17214,17641,254,2038,1.0,42:12,2015,2016
2015-16,201609,Goran Dragic,Goran,1610612748,MIA,Miami Heat,21500515,2016-01-04T00:00:00,MIA vs. IND,W,38.6,4.0,4.0,0.0,10.0,11.0,10.0,6.0,18.0,0.0,0.0,5.0,0.0,20.0,1,1,1,1,1237,2460,1596,9917,1840,18886,20509,13388,13577,8004,1,24686,18762,11752,1.0,38:34,2015,2016
2015-16,2449,Luis Scola,Luis,1610612761,TOR,Toronto Raptors,21500511,2016-01-04T00:00:00,TOR @ CLE,L,18.2,1.0,0.0,0.0,2.0,3.0,7.0,4.0,14.0,1.0,0.0,1.0,1.0,11.9,1,13074,13074,13074,17388,11535,10158,9917,12984,5109,15642,8806,17019,2692,1,4972,12373,17760,1.0,18:09,2015,2016
2015-16,203953,Jabari Parker,Jabari,1610612749,MIL,Milwaukee Bucks,21500516,2016-01-04T00:00:00,MIL vs. SAS,L,31.8,2.0,4.0,0.0,8.0,19.0,10.0,10.0,40.0,1.0,1.0,1.0,2.0,31.1,1,13074,13074,13074,6104,6026,1596,9917,3109,25074,20509,20169,983,2692,17214,4972,7786,5354,1.0,31:45,2015,2016
2015-16,203469,Cody Zeller,Cody,1610612766,CHA,Charlotte Hornets,21500520,2016-01-04T00:00:00,CHA @ GSW,L,28.0,0.0,2.0,0.0,4.0,8.0,5.0,20.0,22.0,1.0,1.0,2.0,3.0,27.0,1,13074,13074,13074,9262,12059,4731,9917,8599,13914,11469,25599,10265,2692,17214,11390,4736,7385,1.0,27:57,2015,2016
2015-16,201980,Danny Green,Danny,1610612759,SAS,San Antonio Spurs,21500516,2016-01-04T00:00:00,SAS @ MIL,W,14.3,0.0,0.0,0.0,0.0,4.0,7.0,1.0,18.0,1.0,0.0,1.0,0.0,11.9,1,1,1,1,20234,12059,10158,9917,18861,6141,15642,3646,13577,2692,1,4972,18762,17760,1.0,14:16,2015,2016
2015-16,1938,Manu Ginobili,Manu,1610612759,SAS,San Antonio Spurs,21500516,2016-01-04T00:00:00,SAS @ MIL,W,21.6,2.0,2.0,0.0,0.0,7.0,7.0,1.0,22.0,0.0,2.0,1.0,0.0,27.3,1,1,1,1,14490,6026,4731,9917,18861,12242,15642,3646,10265,8004,23588,4972,18762,7236,1.0,21:38,2015,2016
2015-16,1889,Andre Miller,Andre,1610612750,MIN,Minnesota Timberwolves,21500512,2016-01-04T00:00:00,MIN @ PHI,L,11.3,2.0,2.0,0.0,4.0,5.0,6.0,2.0,12.0,0.0,0.0,0.0,3.0,12.2,1,13074,13074,13074,21900,6026,4731,9917,8599,8403,13237,4025,18637,8004,1,1,4736,17566,1.0,11:19,2015,2016
2015-16,1626246,Boban Marjanović,Boban,1610612759,SAS,San Antonio Spurs,21500516,2016-01-04T00:00:00,SAS @ MIL,W,5.1,0.0,0.0,0.0,2.0,0.0,0.0,0.0,2.0,0.0,0.0,0.0,1.0,11.6,1,1,1,1,24326,12059,10158,9917,12984,1,1,1,24614,8004,1,1,12373,17970,1.0,5:06,2015,2016
2015-16,203084,Harrison Barnes,Harrison,1610612744,GSW,Golden State Warriors,21500520,2016-01-04T00:00:00,GSW vs. CHA,W,19.6,2.0,0.0,0.0,0.0,4.0,0.0,4.0,16.0,1.0,0.0,1.0,0.0,15.2,1,1,1,1,16211,6026,10158,9917,18861,6141,1,8806,15259,2692,1,4972,18762,15219,1.0,19:37,2015,2016
2015-16,201961,Wayne Ellington,Wayne,1610612751,BKN,Brooklyn Nets,21500513,2016-01-04T00:00:00,BKN vs. BOS,L,27.2,0.0,2.0,0.0,0.0,12.0,4.0,7.0,22.0,0.0,0.0,2.0,1.0,15.1,1,13074,13074,13074,9835,12059,4731,9917,18861,20178,8458,15538,10265,8004,1,11390,12373,15328,1.0,27:13,2015,2016
2015-16,101161,Amir Johnson,Amir,1610612738,BOS,Boston Celtics,21500513,2016-01-04T00:00:00,BOS @ BKN,W,28.2,0.0,0.0,0.0,12.0,2.0,7.0,3.0,30.0,2.0,0.0,5.0,1.0,30.3,1,1,1,1,9083,12059,10158,9917,988,2619,15642,7328,4541,932,1,24686,12373,5702,1.0,28:12,2015,2016
2015-16,2736,Luol Deng,Luol,1610612748,MIA,Miami Heat,21500515,2016-01-04T00:00:00,MIA vs. IND,W,27.1,0.0,2.0,0.0,0.0,7.0,6.0,6.0,18.0,0.0,0.0,0.0,3.0,11.6,1,1,1,1,9931,12059,4731,9917,18861,12242,13237,13388,13577,8004,1,1,4736,17970,1.0,27:06,2015,2016
2015-16,201942,DeMar DeRozan,DeMar,1610612761,TOR,Toronto Raptors,21500511,2016-01-04T00:00:00,TOR @ CLE,L,35.5,1.0,2.0,0.0,14.0,14.0,5.0,6.0,32.0,0.0,3.0,4.0,5.0,27.4,1,13074,13074,13074,3165,11535,4731,9917,542,22292,11469,13388,3535,8004,25441,22104,1539,7179,1.0,35:28,2015,2016
2015-16,201584,Courtney Lee,Courtney,1610612763,MEM,Memphis Grizzlies,21500519,2016-01-04T00:00:00,MEM @ POR,W,36.7,4.0,2.0,0.0,8.0,7.0,7.0,6.0,26.0,0.0,0.0,1.0,1.0,30.1,1,1,1,1,2301,2460,4731,9917,3109,12242,15642,13388,7214,8004,1,4972,12373,5794,1.0,36:40,2015,2016
2015-16,201943,Brandon Jennings,Brandon,1610612765,DET,Detroit Pistons,21500514,2016-01-04T00:00:00,DET vs. ORL,W,18.5,2.0,2.0,5.0,4.0,2.0,0.0,5.0,14.0,0.0,0.0,1.0,4.0,30.2,1,1,1,1,17099,6026,4731,1277,8599,2619,1,11593,17019,8004,1,4972,2748,5751,1.0,18:29,2015,2016
2015-16,2365,Chris Andersen,Chris,1610612748,MIA,Miami Heat,21500515,2016-01-04T00:00:00,MIA vs. IND,W,9.9,0.0,2.0,0.0,2.0,7.0,4.0,6.0,8.0,1.0,1.0,3.0,1.0,11.9,1,1,1,1,22488,12059,4731,9917,12984,12242,8458,13388,21543,2692,17214,17641,12373,17760,1.0,9:55,2015,2016
2015-16,201572,Brook Lopez,Brook,1610612751,BKN,Brooklyn Nets,21500513,2016-01-04T00:00:00,BKN vs. BOS,L,37.0,0.0,3.0,2.0,10.0,14.0,7.0,13.0,46.0,1.0,1.0,4.0,5.0,26.5,1,13074,13074,13074,2104,12059,3104,4675,1840,22292,15642,23048,298,2692,17214,22104,1539,7627,1.0,36:58,2015,2016
2015-16,201567,Kevin Love,Kevin,1610612739,CLE,Cleveland Cavaliers,21500511,2016-01-04T00:00:00,CLE vs. TOR,W,33.1,3.0,2.0,0.0,4.0,11.0,4.0,6.0,30.0,3.0,1.0,3.0,3.0,41.8,1,1,1,1,5027,4307,4731,9917,8599,18886,8458,13388,4541,347,17214,17641,4736,1981,1.0,33:07,2015,2016
2015-16,203081,Damian Lillard,Damian,1610612757,POR,Portland Trail Blazers,21500519,2016-01-04T00:00:00,POR vs. MEM,L,35.8,0.0,3.0,0.0,2.0,18.0,5.0,5.0,22.0,0.0,1.0,3.0,4.0,27.1,1,13074,13074,13074,2929,12059,3104,9917,12984,24749,11469,11593,10265,8004,17214,17641,2748,7339,1.0,35:45,2015,2016
2015-16,202329,Al-Farouq Aminu,Al-Farouq,1610612757,POR,Portland Trail Blazers,21500519,2016-01-04T00:00:00,POR vs. MEM,L,33.6,0.0,4.0,5.0,6.0,9.0,7.0,0.0,14.0,0.0,0.0,3.0,2.0,32.8,1,13074,13074,13074,4702,12059,1596,1277,5299,15771,15642,1,17019,8004,1,17641,7786,4609,1.0,33:34,2015,2016
2015-16,202344,Trevor Booker,Trevor,1610612762,UTA,Utah Jazz,21500518,2016-01-04T00:00:00,UTA vs. HOU,L,26.1,0.0,5.0,0.0,4.0,12.0,2.0,10.0,22.0,0.0,0.0,3.0,1.0,13.4,1,13074,13074,13074,10803,12059,995,9917,8599,20178,3734,20169,10265,8004,1,17641,12373,16614,1.0,26:03,2015,2016
2015-16,202330,Gordon Hayward,Gordon,1610612762,UTA,Utah Jazz,21500518,2016-01-04T00:00:00,UTA vs. HOU,L,36.1,9.0,3.0,8.0,6.0,8.0,4.0,6.0,28.0,1.0,0.0,2.0,3.0,39.9,1,13074,13074,13074,2715,171,3104,280,5299,13914,8458,13388,5824,2692,1,11390,4736,2396,1.0,36:04,2015,2016
2015-16,2544,LeBron James,LeBron,1610612739,CLE,Cleveland Cavaliers,21500511,2016-01-04T00:00:00,CLE vs. TOR,W,30.7,5.0,0.0,4.0,10.0,6.0,4.0,4.0,30.0,0.0,1.0,1.0,4.0,39.9,1,1,1,1,6961,1603,10158,1913,1840,10028,8458,8806,4541,8004,17214,4972,2748,2396,1.0,30:41,2015,2016
2015-16,101106,Andrew Bogut,Andrew,1610612744,GSW,Golden State Warriors,21500520,2016-01-04T00:00:00,GSW vs. CHA,W,29.6,0.0,0.0,2.0,2.0,6.0,10.0,11.0,24.0,2.0,0.0,4.0,0.0,17.7,1,1,1,1,7908,12059,10158,4675,12984,10028,20509,21342,8723,932,1,22104,18762,13380,1.0,29:34,2015,2016
2015-16,201988,Patty Mills,Patty,1610612759,SAS,San Antonio Spurs,21500516,2016-01-04T00:00:00,SAS @ MIL,W,28.1,3.0,0.0,0.0,0.0,6.0,11.0,2.0,24.0,0.0,0.0,3.0,2.0,17.7,1,1,1,1,9183,4307,10158,9917,18861,10028,21814,4025,8723,8004,1,17641,7786,13380,1.0,28:04,2015,2016
2015-16,203506,Victor Oladipo,Victor,1610612753,ORL,Orlando Magic,21500514,2016-01-04T00:00:00,ORL @ DET,L,34.6,0.0,0.0,0.0,10.0,11.0,17.0,13.0,38.0,0.0,1.0,3.0,6.0,37.9,1,13074,13074,13074,3842,12059,10158,9917,1840,18886,25429,23048,1422,8004,17214,17641,873,2931,1.0,34:38,2015,2016
2015-16,1495,Tim Duncan,Tim,1610612759,SAS,San Antonio Spurs,21500516,2016-01-04T00:00:00,SAS @ MIL,W,27.3,8.0,2.0,0.0,12.0,10.0,13.0,3.0,28.0,1.0,0.0,5.0,1.0,40.0,1,1,1,1,9753,308,4731,9917,988,17370,23668,7328,5824,2692,1,24686,12373,2364,1.0,27:19,2015,2016
2015-16,201144,Mike Conley,Mike,1610612763,MEM,Memphis Grizzlies,21500519,2016-01-04T00:00:00,MEM @ POR,W,26.3,2.0,0.0,0.0,2.0,6.0,11.0,7.0,10.0,0.0,0.0,0.0,1.0,17.4,1,1,1,1,10642,6026,10158,9917,12984,10028,21814,15538,20209,8004,1,1,12373,13595,1.0,26:15,2015,2016
2015-16,202684,Tristan Thompson,Tristan,1610612739,CLE,Cleveland Cavaliers,21500511,2016-01-04T00:00:00,CLE vs. TOR,W,31.4,2.0,4.0,0.0,8.0,7.0,4.0,4.0,34.0,1.0,1.0,3.0,4.0,28.2,1,1,1,1,6365,6026,1596,9917,3109,12242,8458,8806,2701,2692,17214,17641,2748,6778,1.0,31:26,2015,2016
2015-16,203952,Andrew Wiggins,Andrew,1610612750,MIN,Minnesota Timberwolves,21500512,2016-01-04T00:00:00,MIN @ PHI,L,25.1,2.0,0.0,1.0,8.0,8.0,8.0,12.0,34.0,2.0,1.0,3.0,8.0,28.6,1,13074,13074,13074,11594,6026,10158,9347,3109,13914,17345,22259,2701,932,17214,17641,254,6560,1.0,25:06,2015,2016
2015-16,203481,Jeff Withey,Jeff,1610612762,UTA,Utah Jazz,21500518,2016-01-04T00:00:00,UTA vs. HOU,L,34.9,1.0,1.0,0.0,4.0,5.0,4.0,4.0,26.0,3.0,0.0,2.0,3.0,38.2,1,13074,13074,13074,3610,11535,9709,9917,8599,8403,8458,8806,7214,347,1,11390,4736,2854,1.0,34:54,2015,2016
2015-16,201575,Brandon Rush,Brandon,1610612744,GSW,Golden State Warriors,21500520,2016-01-04T00:00:00,GSW vs. CHA,W,17.6,3.0,3.0,3.0,0.0,2.0,5.0,3.0,18.0,1.0,0.0,0.0,0.0,17.2,1,1,1,1,17860,4307,3104,3302,18861,2619,11469,7328,13577,2692,1,1,18762,13725,1.0,17:33,2015,2016
2015-16,1626158,Richaun Holmes,Richaun,1610612755,PHI,Philadelphia 76ers,21500512,2016-01-04T00:00:00,PHI vs. MIN,W,17.6,6.0,2.0,6.0,12.0,8.0,4.0,4.0,20.0,1.0,1.0,3.0,3.0,22.2,1,1,1,1,17845,878,4731,740,988,13914,8458,8806,11929,2692,17214,17641,4736,10263,1.0,17:35,2015,2016
2015-16,202391,Jeremy Lin,Jeremy,1610612766,CHA,Charlotte Hornets,21500520,2016-01-04T00:00:00,CHA @ GSW,L,30.9,0.0,0.0,5.0,6.0,15.0,10.0,20.0,24.0,0.0,1.0,3.0,3.0,17.1,1,13074,13074,13074,6775,12059,10158,1277,5299,23079,20509,25599,8723,8004,17214,17641,4736,13791,1.0,30:56,2015,2016
2015-16,203148,Brian Roberts,Brian,1610612766,CHA,Charlotte Hornets,21500520,2016-01-04T00:00:00,CHA @ GSW,L,16.5,2.0,3.0,0.0,4.0,6.0,5.0,5.0,4.0,0.0,1.0,2.0,1.0,13.7,1,13074,13074,13074,18675,6026,3104,9917,8599,10028,11469,11593,23698,8004,17214,11390,12373,16393,1.0,16:28,2015,2016
2015-16,201954,Darren Collison,Darren,1610612758,SAC,Sacramento Kings,21500517,2016-01-04T00:00:00,SAC @ OKC,W,29.5,0.0,2.0,2.0,4.0,7.0,7.0,4.0,26.0,0.0,3.0,0.0,0.0,17.0,1,1,1,1,7936,12059,4731,4675,8599,12242,15642,8806,7214,8004,25441,1,18762,13855,1.0,29:33,2015,2016
2015-16,202695,Kawhi Leonard,Kawhi,1610612759,SAS,San Antonio Spurs,21500516,2016-01-04T00:00:00,SAS @ MIL,W,30.8,6.0,0.0,3.0,4.0,11.0,11.0,2.0,32.0,1.0,0.0,1.0,4.0,32.9,1,1,1,1,6863,878,10158,3302,8599,18886,21814,4025,3535,2692,1,4972,2748,4566,1.0,30:50,2015,2016
2015-16,203457,Nerlens Noel,Nerlens,1610612755,PHI,Philadelphia 76ers,21500512,2016-01-04T00:00:00,PHI vs. MIN,W,30.6,2.0,2.0,4.0,8.0,14.0,8.0,6.0,30.0,3.0,0.0,3.0,4.0,28.3,1,1,1,1,7042,6026,4731,1913,3109,22292,17345,13388,4541,347,1,17641,2748,6720,1.0,30:34,2015,2016
2015-16,203082,Terrence Ross,Terrence,1610612761,TOR,Toronto Raptors,21500511,2016-01-04T00:00:00,TOR @ CLE,L,27.9,4.0,0.0,4.0,2.0,11.0,8.0,2.0,22.0,0.0,0.0,2.0,2.0,16.9,1,13074,13074,13074,9306,2460,10158,1913,12984,18886,17345,4025,10265,8004,1,11390,7786,13911,1.0,27:54,2015,2016
2015-16,202323,Evan Turner,Evan,1610612738,BOS,Boston Celtics,21500513,2016-01-04T00:00:00,BOS @ BKN,W,36.7,0.0,0.0,2.0,6.0,4.0,10.0,8.0,34.0,1.0,1.0,2.0,1.0,28.7,1,1,1,1,2267,12059,10158,4675,5299,6141,20509,17194,2701,2692,17214,11390,12373,6514,1.0,36:44,2015,2016
2015-16,101145,Monta Ellis,Monta,1610612754,IND,Indiana Pacers,21500515,2016-01-04T00:00:00,IND @ MIA,L,41.1,0.0,2.0,0.0,2.0,7.0,13.0,6.0,38.0,0.0,1.0,2.0,4.0,33.1,1,13074,13074,13074,476,12059,4731,9917,12984,12242,23668,13388,1422,8004,17214,11390,2748,4505,1.0,41:03,2015,2016
2015-16,1626168,Trey Lyles,Trey,1610612762,UTA,Utah Jazz,21500518,2016-01-04T00:00:00,UTA vs. HOU,L,22.0,2.0,4.0,0.0,4.0,3.0,2.0,2.0,14.0,0.0,0.0,3.0,0.0,16.8,1,13074,13074,13074,14221,6026,1596,9917,8599,5109,3734,4025,17019,8004,1,17641,18762,13996,1.0,21:57,2015,2016
2015-16,202697,Iman Shumpert,Iman,1610612739,CLE,Cleveland Cavaliers,21500511,2016-01-04T00:00:00,CLE vs. TOR,W,30.2,0.0,0.0,0.0,2.0,15.0,4.0,8.0,24.0,0.0,0.0,4.0,0.0,14.1,1,1,1,1,7363,12059,10158,9917,12984,23079,8458,17194,8723,8004,1,22104,18762,16094,1.0,30:11,2015,2016
2015-16,203521,Matthew Dellavedova,Matthew,1610612739,CLE,Cleveland Cavaliers,21500511,2016-01-04T00:00:00,CLE vs. TOR,W,24.8,0.0,0.0,0.0,2.0,13.0,4.0,8.0,22.0,0.0,0.0,2.0,1.0,17.6,1,1,1,1,11873,12059,10158,9917,12984,21300,8458,17194,10265,8004,1,11390,12373,13443,1.0,24:46,2015,2016
2015-16,200746,LaMarcus Aldridge,LaMarcus,1610612759,SAS,San Antonio Spurs,21500516,2016-01-04T00:00:00,SAS @ MIL,W,29.8,0.0,10.0,0.0,10.0,11.0,9.0,2.0,34.0,1.0,1.0,2.0,3.0,32.7,1,1,1,1,7691,12059,34,9917,1840,18886,19144,4025,2701,2692,17214,11390,4736,4649,1.0,29:50,2015,2016
2015-16,101141,Ersan Ilyasova,Ersan,1610612765,DET,Detroit Pistons,21500514,2016-01-04T00:00:00,DET vs. ORL,W,28.4,5.0,2.0,0.0,0.0,7.0,3.0,4.0,26.0,0.0,1.0,1.0,1.0,22.3,1,1,1,1,8969,1603,4731,9917,18861,12242,7138,8806,7214,8004,17214,4972,12373,10208,1.0,28:21,2015,2016
2015-16,2207,Joe Johnson,Joe,1610612751,BKN,Brooklyn Nets,21500513,2016-01-04T00:00:00,BKN vs. BOS,L,34.9,0.0,4.0,0.0,8.0,15.0,5.0,13.0,46.0,0.0,1.0,3.0,2.0,32.2,1,13074,13074,13074,3648,12059,1596,9917,3109,23079,11469,23048,298,8004,17214,17641,7786,4846,1.0,34:51,2015,2016
2015-16,203459,Allen Crabbe,Allen,1610612757,POR,Portland Trail Blazers,21500519,2016-01-04T00:00:00,POR vs. MEM,L,31.7,0.0,0.0,0.0,2.0,16.0,12.0,5.0,24.0,0.0,0.0,1.0,0.0,18.2,1,13074,13074,13074,6132,12059,10158,9917,12984,23774,22832,11593,8723,8004,1,4972,18762,13004,1.0,31:43,2015,2016
2015-16,201978,Chase Budinger,Chase,1610612754,IND,Indiana Pacers,21500515,2016-01-04T00:00:00,IND @ MIA,L,22.2,0.0,0.0,0.0,0.0,6.0,10.0,0.0,24.0,1.0,0.0,0.0,0.0,8.0,1,13074,13074,13074,13970,12059,10158,9917,18861,10028,20509,1,8723,2692,1,1,18762,20564,1.0,22:15,2015,2016
2015-16,203138,Hollis Thompson,Hollis,1610612755,PHI,Philadelphia 76ers,21500512,2016-01-04T00:00:00,PHI vs. MIN,W,20.8,0.0,2.0,2.0,6.0,12.0,8.0,5.0,30.0,1.0,0.0,2.0,1.0,15.9,1,1,1,1,15245,12059,4731,4675,5299,20178,17345,11593,4541,2692,1,11390,12373,14675,1.0,20:47,2015,2016
2015-16,2588,Matt Bonner,Matt,1610612759,SAS,San Antonio Spurs,21500516,2016-01-04T00:00:00,SAS @ MIL,W,2.8,0.0,0.0,0.0,0.0,0.0,0.0,0.0,2.0,0.0,0.0,0.0,0.0,3.0,1,1,1,1,25189,12059,10158,9917,18861,1,1,1,24614,8004,1,1,18762,23648,1.0,2:49,2015,2016
2015-16,202699,Tobias Harris,Tobias,1610612753,ORL,Orlando Magic,21500514,2016-01-04T00:00:00,ORL @ DET,L,33.3,0.0,3.0,2.0,4.0,9.0,15.0,8.0,36.0,0.0,0.0,2.0,3.0,18.1,1,13074,13074,13074,4899,12059,3104,4675,8599,15771,24781,17194,1943,8004,1,11390,4736,13090,1.0,33:17,2015,2016
2015-16,202694,Marcus Morris Sr.,Marcus,1610612765,DET,Detroit Pistons,21500514,2016-01-04T00:00:00,DET vs. ORL,W,30.0,0.0,5.0,0.0,2.0,7.0,3.0,4.0,28.0,0.0,0.0,2.0,3.0,18.1,1,1,1,1,7555,12059,995,9917,12984,12242,7138,8806,5824,8004,1,11390,4736,13090,1.0,29:59,2015,2016
2015-16,201229,Anthony Tolliver,Anthony,1610612765,DET,Detroit Pistons,21500514,2016-01-04T00:00:00,DET vs. ORL,W,19.7,2.0,4.0,0.0,2.0,0.0,2.0,3.0,14.0,1.0,2.0,1.0,0.0,20.7,1,1,1,1,16189,6026,1596,9917,12984,1,3734,7328,17019,2692,23588,4972,18762,11252,1.0,19:39,2015,2016
2015-16,1891,Jason Terry,Jason,1610612745,HOU,Houston Rockets,21500518,2016-01-04T00:00:00,HOU @ UTA,W,30.6,0.0,0.0,0.0,4.0,17.0,13.0,6.0,12.0,0.0,0.0,1.0,2.0,21.6,1,1,1,1,7033,12059,10158,9917,8599,24337,23668,13388,18637,8004,1,4972,7786,10666,1.0,30:36,2015,2016
2015-16,1626163,Frank Kaminsky,Frank,1610612766,CHA,Charlotte Hornets,21500520,2016-01-04T00:00:00,CHA @ GSW,L,25.5,0.0,2.0,0.0,6.0,11.0,7.0,8.0,8.0,0.0,1.0,0.0,1.0,16.5,1,13074,13074,13074,11280,12059,4731,9917,5299,18886,15642,17194,21543,8004,17214,1,12373,14224,1.0,25:31,2015,2016
2015-16,204060,Joe Ingles,Joe,1610612762,UTA,Utah Jazz,21500518,2016-01-04T00:00:00,UTA vs. HOU,L,13.7,0.0,0.0,0.0,0.0,7.0,0.0,6.0,10.0,0.0,0.0,0.0,1.0,3.0,1,13074,13074,13074,20612,12059,10158,9917,18861,12242,1,13388,20209,8004,1,1,12373,23648,1.0,13:39,2015,2016
2015-16,1626159,Justise Winslow,Justise,1610612748,MIA,Miami Heat,21500515,2016-01-04T00:00:00,MIA vs. IND,W,35.7,1.0,3.0,2.0,4.0,6.0,6.0,2.0,20.0,1.0,0.0,3.0,2.0,16.2,1,1,1,1,3009,11535,3104,4675,8599,10028,13237,4025,11929,2692,1,17641,7786,14436,1.0,35:39,2015,2016
2015-16,203991,Clint Capela,Clint,1610612745,HOU,Houston Rockets,21500518,2016-01-04T00:00:00,HOU @ UTA,W,20.2,0.0,0.0,0.0,2.0,4.0,8.0,2.0,8.0,0.0,1.0,3.0,1.0,8.5,1,1,1,1,15758,12059,10158,9917,12984,6141,17345,4025,21543,8004,17214,17641,12373,20215,1.0,20:11,2015,2016
2015-16,202683,Enes Freedom,Enes,1610612760,OKC,Oklahoma City Thunder,21500517,2016-01-04T00:00:00,OKC vs. SAC,L,15.6,0.0,0.0,2.0,2.0,2.0,9.0,4.0,18.0,1.0,2.0,1.0,1.0,7.7,1,13074,13074,13074,19319,12059,10158,4675,12984,2619,19144,8806,13577,2692,23588,4972,12373,20733,1.0,15:38,2015,2016
2015-16,2440,Matt Barnes,Matt,1610612763,MEM,Memphis Grizzlies,21500519,2016-01-04T00:00:00,MEM @ POR,W,25.6,0.0,0.0,0.0,0.0,6.0,8.0,5.0,12.0,0.0,0.0,4.0,3.0,20.7,1,1,1,1,11194,12059,10158,9917,18861,10028,17345,11593,18637,8004,1,22104,4736,11252,1.0,25:37,2015,2016
2015-16,2754,Tony Allen,Tony,1610612763,MEM,Memphis Grizzlies,21500519,2016-01-04T00:00:00,MEM @ POR,W,26.7,2.0,1.0,2.0,2.0,4.0,3.0,4.0,22.0,0.0,1.0,2.0,1.0,16.3,1,1,1,1,10270,6026,9709,4675,12984,6141,7138,8806,10265,8004,17214,11390,12373,14372,1.0,26:42,2015,2016
2015-16,203463,Ben McLemore,Ben,1610612758,SAC,Sacramento Kings,21500517,2016-01-04T00:00:00,SAC @ OKC,W,7.3,0.0,0.0,0.0,0.0,4.0,2.0,0.0,6.0,0.0,0.0,0.0,0.0,2.0,1,1,1,1,23458,12059,10158,9917,18861,6141,3734,1,22724,8004,1,1,18762,24216,1.0,7:19,2015,2016
2015-16,203460,Andre Roberson,Andre,1610612760,OKC,Oklahoma City Thunder,21500517,2016-01-04T00:00:00,OKC vs. SAC,L,23.5,2.0,0.0,2.0,2.0,3.0,11.0,5.0,26.0,2.0,1.0,1.0,0.0,16.6,1,13074,13074,13074,12976,6026,10158,4675,12984,5109,21814,11593,7214,932,17214,4972,18762,14125,1.0,23:29,2015,2016
2015-16,2419,Tayshaun Prince,Tayshaun,1610612750,MIN,Minnesota Timberwolves,21500512,2016-01-04T00:00:00,MIN @ PHI,L,20.2,2.0,0.0,0.0,2.0,8.0,6.0,10.0,32.0,0.0,0.0,0.0,0.0,13.2,1,13074,13074,13074,15778,6026,10158,9917,12984,13914,13237,20169,3535,8004,1,1,18762,16768,1.0,20:09,2015,2016
2015-16,1626202,Joe Young,Joe,1610612754,IND,Indiana Pacers,21500515,2016-01-04T00:00:00,IND @ MIA,L,11.2,0.0,0.0,0.0,2.0,2.0,6.0,0.0,14.0,0.0,0.0,0.0,1.0,13.2,1,13074,13074,13074,21925,12059,10158,9917,12984,2619,13237,1,17019,8004,1,1,12373,16768,1.0,11:14,2015,2016
2015-16,201155,Rodney Stuckey,Rodney,1610612754,IND,Indiana Pacers,21500515,2016-01-04T00:00:00,IND @ MIA,L,30.0,0.0,0.0,0.0,2.0,8.0,12.0,0.0,32.0,0.0,0.0,3.0,3.0,21.5,1,13074,13074,13074,7571,12059,10158,9917,12984,13914,22832,1,3535,8004,1,17641,4736,10755,1.0,29:58,2015,2016
2015-16,1626157,Karl-Anthony Towns,Karl-Anthony,1610612750,MIN,Minnesota Timberwolves,21500512,2016-01-04T00:00:00,MIN @ PHI,L,24.6,2.0,0.0,2.0,4.0,8.0,8.0,10.0,32.0,0.0,1.0,4.0,0.0,16.7,1,13074,13074,13074,12034,6026,10158,4675,8599,13914,17345,20169,3535,8004,17214,22104,18762,14064,1.0,24:35,2015,2016
2015-16,203897,Zach LaVine,Zach,1610612750,MIN,Minnesota Timberwolves,21500512,2016-01-04T00:00:00,MIN @ PHI,L,18.0,2.0,0.0,2.0,2.0,9.0,6.0,8.0,12.0,0.0,2.0,2.0,3.0,13.2,1,13074,13074,13074,17554,6026,10158,4675,12984,15771,13237,17194,18637,8004,23588,11390,4736,16768,1.0,17:57,2015,2016
2015-16,203898,Tyler Ennis,Tyler,1610612749,MIL,Milwaukee Bucks,21500516,2016-01-04T00:00:00,MIL vs. SAS,L,5.1,0.0,0.0,0.0,0.0,2.0,0.0,0.0,10.0,0.0,0.0,1.0,0.0,3.0,1,13074,13074,13074,24326,12059,10158,9917,18861,2619,1,1,20209,8004,1,4972,18762,23648,1.0,5:06,2015,2016
2015-16,203917,Nik Stauskas,Nik,1610612755,PHI,Philadelphia 76ers,21500512,2016-01-04T00:00:00,PHI vs. MIN,W,29.0,0.0,0.0,0.0,2.0,8.0,4.0,3.0,24.0,0.0,2.0,1.0,1.0,16.3,1,1,1,1,8400,12059,10158,9917,12984,13914,8458,7328,8723,8004,23588,4972,12373,14372,1.0,28:58,2015,2016
2015-16,201564,O.J. Mayo,O.J.,1610612749,MIL,Milwaukee Bucks,21500516,2016-01-04T00:00:00,MIL vs. SAS,L,24.1,0.0,0.0,0.0,0.0,17.0,8.0,8.0,26.0,0.0,0.0,1.0,0.0,2.5,1,13074,13074,13074,12508,12059,10158,9917,18861,24337,17345,17194,7214,8004,1,4972,18762,24003,1.0,24:03,2015,2016
2015-16,203089,John Henson,John,1610612749,MIL,Milwaukee Bucks,21500516,2016-01-04T00:00:00,MIL vs. SAS,L,14.1,0.0,0.0,0.0,4.0,12.0,8.0,5.0,12.0,1.0,0.0,3.0,2.0,16.3,1,13074,13074,13074,20379,12059,10158,9917,8599,20178,17345,11593,18637,2692,1,17641,7786,14372,1.0,14:03,2015,2016
2015-16,203894,Shabazz Napier,Shabazz,1610612753,ORL,Orlando Magic,21500514,2016-01-04T00:00:00,ORL @ DET,L,27.3,0.0,0.0,0.0,0.0,11.0,13.0,16.0,18.0,0.0,1.0,3.0,1.0,18.2,1,13074,13074,13074,9763,12059,10158,9917,18861,18886,23668,24641,13577,8004,17214,17641,12373,13004,1.0,27:18,2015,2016
2015-16,203142,Chris Copeland,Chris,1610612749,MIL,Milwaukee Bucks,21500516,2016-01-04T00:00:00,MIL vs. SAS,L,5.1,0.0,0.0,0.0,0.0,2.0,0.0,0.0,10.0,0.0,0.0,0.0,0.0,3.0,1,13074,13074,13074,24346,12059,10158,9917,18861,2619,1,1,20209,8004,1,1,18762,23648,1.0,5:03,2015,2016
2015-16,2405,Amar'e Stoudemire,Amar'e,1610612748,MIA,Miami Heat,21500515,2016-01-04T00:00:00,MIA vs. IND,W,15.0,2.0,0.0,0.0,2.0,4.0,2.0,0.0,8.0,1.0,0.0,0.0,1.0,13.0,1,1,1,1,19742,6026,10158,9917,12984,6141,3734,1,21543,2692,1,1,12373,16969,1.0,15:01,2015,2016
2015-16,201949,James Johnson,James,1610612761,TOR,Toronto Raptors,21500511,2016-01-04T00:00:00,TOR @ CLE,L,22.7,0.0,0.0,0.0,2.0,5.0,10.0,4.0,18.0,0.0,0.0,3.0,1.0,8.0,1,13074,13074,13074,13631,12059,10158,9917,12984,8403,20509,8806,13577,8004,1,17641,12373,20564,1.0,22:40,2015,2016
2015-16,201147,Corey Brewer,Corey,1610612745,HOU,Houston Rockets,21500518,2016-01-04T00:00:00,HOU @ UTA,W,20.2,3.0,0.0,4.0,4.0,5.0,10.0,4.0,12.0,0.0,0.0,0.0,3.0,8.0,1,1,1,1,15773,4307,10158,1913,8599,8403,20509,8806,18637,8004,1,1,4736,20564,1.0,20:10,2015,2016
2015-16,203526,Raul Neto,Raul,1610612762,UTA,Utah Jazz,21500518,2016-01-04T00:00:00,UTA vs. HOU,L,18.9,2.0,0.0,0.0,2.0,5.0,0.0,0.0,14.0,0.0,0.0,0.0,1.0,8.2,1,13074,13074,13074,16790,6026,10158,9917,12984,8403,1,1,17019,8004,1,1,12373,20416,1.0,18:53,2015,2016
2015-16,201976,Patrick Beverley,Patrick,1610612745,HOU,Houston Rockets,21500518,2016-01-04T00:00:00,HOU @ UTA,W,23.5,0.0,0.0,0.0,2.0,9.0,12.0,2.0,16.0,0.0,2.0,3.0,0.0,16.7,1,1,1,1,12975,12059,10158,9917,12984,15771,22832,4025,15259,8004,23588,17641,18762,14064,1.0,23:29,2015,2016
2015-16,203187,Chris Johnson,Chris,1610612762,UTA,Utah Jazz,21500518,2016-01-04T00:00:00,UTA vs. HOU,L,11.6,3.0,0.0,0.0,0.0,10.0,0.0,4.0,6.0,0.0,0.0,2.0,0.0,7.6,1,13074,13074,13074,21783,4307,10158,9917,18861,17370,1,8806,22724,8004,1,11390,18762,20803,1.0,11:36,2015,2016
2015-16,203493,Reggie Bullock Jr.,Reggie,1610612765,DET,Detroit Pistons,21500514,2016-01-04T00:00:00,DET vs. ORL,W,3.7,0.0,0.0,0.0,0.0,0.0,2.0,0.0,2.0,0.0,0.0,0.0,0.0,2.7,1,1,1,1,24814,12059,10158,9917,18861,1,3734,1,24614,8004,1,1,18762,23884,1.0,3:44,2015,2016
2015-16,202687,Bismack Biyombo,Bismack,1610612761,TOR,Toronto Raptors,21500511,2016-01-04T00:00:00,TOR @ CLE,L,18.1,1.0,2.0,0.0,6.0,9.0,6.0,2.0,10.0,1.0,0.0,3.0,3.0,18.5,1,13074,13074,13074,17425,11535,4731,9917,5299,15771,13237,4025,20209,2692,1,17641,4736,12794,1.0,18:07,2015,2016
2015-16,101107,Marvin Williams,Marvin,1610612766,CHA,Charlotte Hornets,21500520,2016-01-04T00:00:00,CHA @ GSW,L,30.1,0.0,0.0,0.0,0.0,10.0,7.0,22.0,24.0,0.0,0.0,0.0,1.0,16.7,1,13074,13074,13074,7496,12059,10158,9917,18861,17370,15642,25811,8723,8004,1,1,12373,14064,1.0,30:03,2015,2016
2015-16,203095,Evan Fournier,Evan,1610612753,ORL,Orlando Magic,21500514,2016-01-04T00:00:00,ORL @ DET,L,25.6,0.0,0.0,0.0,0.0,6.0,15.0,9.0,30.0,0.0,0.0,2.0,1.0,10.4,1,13074,13074,13074,11208,12059,10158,9917,18861,10028,24781,18829,4541,8004,1,11390,12373,18859,1.0,25:36,2015,2016
2015-16,202328,Greg Monroe,Greg,1610612749,MIL,Milwaukee Bucks,21500516,2016-01-04T00:00:00,MIL vs. SAS,L,27.9,4.0,7.0,1.0,10.0,14.0,10.0,8.0,36.0,1.0,2.0,1.0,5.0,34.6,1,13074,13074,13074,9277,2460,292,9347,1840,22292,20509,17194,1943,2692,23588,4972,1539,3963,1.0,27:56,2015,2016
2015-16,203935,Marcus Smart,Marcus,1610612738,BOS,Boston Celtics,21500513,2016-01-04T00:00:00,BOS @ BKN,W,23.8,0.0,3.0,0.0,4.0,2.0,4.0,4.0,14.0,0.0,2.0,3.0,1.0,19.3,1,1,1,1,12776,12059,3104,9917,8599,2619,8458,8806,17019,8004,23588,17641,12373,12228,1.0,23:46,2015,2016
2015-16,203507,Giannis Antetokounmpo,Giannis,1610612749,MIL,Milwaukee Bucks,21500516,2016-01-04T00:00:00,MIL vs. SAS,L,29.6,0.0,2.0,0.0,8.0,16.0,18.0,8.0,32.0,1.0,0.0,2.0,1.0,22.8,1,13074,13074,13074,7903,12059,4731,9917,3109,23774,25634,17194,3535,2692,1,11390,12373,9883,1.0,29:35,2015,2016
2015-16,2564,Boris Diaw,Boris,1610612759,SAS,San Antonio Spurs,21500516,2016-01-04T00:00:00,SAS @ MIL,W,19.2,2.0,2.0,0.0,12.0,1.0,5.0,1.0,14.0,0.0,0.0,2.0,2.0,23.8,1,1,1,1,16501,6026,4731,9917,988,2356,11469,3646,17019,8004,1,11390,7786,9261,1.0,19:14,2015,2016
2015-16,203382,Aron Baynes,Aron,1610612765,DET,Detroit Pistons,21500514,2016-01-04T00:00:00,DET vs. ORL,W,15.7,0.0,3.0,0.0,6.0,0.0,0.0,3.0,12.0,2.0,0.0,2.0,1.0,26.0,1,1,1,1,19277,12059,3104,9917,5299,1,1,7328,18637,932,1,11390,12373,7910,1.0,15:42,2015,2016
2015-16,201160,Jason Smith,Jason,1610612753,ORL,Orlando Magic,21500514,2016-01-04T00:00:00,ORL @ DET,L,14.8,0.0,0.0,3.0,4.0,7.0,8.0,12.0,16.0,2.0,2.0,2.0,2.0,19.2,1,13074,13074,13074,19884,12059,10158,3302,8599,12242,17345,22259,15259,932,23588,11390,7786,12284,1.0,14:49,2015,2016
2015-16,202689,Kemba Walker,Kemba,1610612766,CHA,Charlotte Hornets,21500520,2016-01-04T00:00:00,CHA @ GSW,L,39.2,4.0,3.0,2.0,12.0,15.0,7.0,20.0,24.0,0.0,1.0,0.0,3.0,34.9,1,13074,13074,13074,990,2460,3104,4675,988,23079,15642,25599,8723,8004,17214,1,4736,3845,1.0,39:12,2015,2016
2015-16,202685,Jonas Valančiūnas,Jonas,1610612761,TOR,Toronto Raptors,21500511,2016-01-04T00:00:00,TOR @ CLE,L,27.0,2.0,0.0,0.0,6.0,7.0,5.0,4.0,28.0,2.0,1.0,0.0,2.0,25.1,1,13074,13074,13074,10052,6026,10158,9917,5299,12242,11469,8806,5824,932,17214,1,7786,8429,1.0,26:57,2015,2016
2015-16,201596,Mario Chalmers,Mario,1610612763,MEM,Memphis Grizzlies,21500519,2016-01-04T00:00:00,MEM @ POR,W,21.8,8.0,0.0,3.0,0.0,4.0,0.0,2.0,20.0,0.0,2.0,5.0,6.0,25.2,1,1,1,1,14316,308,10158,3302,18861,6141,1,4025,11929,8004,23588,24686,873,8383,1.0,21:49,2015,2016
2015-16,203473,Dewayne Dedmon,Dewayne,1610612753,ORL,Orlando Magic,21500514,2016-01-04T00:00:00,ORL @ DET,L,9.0,0.0,0.0,0.0,0.0,4.0,5.0,5.0,2.0,3.0,0.0,1.0,1.0,10.2,1,13074,13074,13074,22827,12059,10158,9917,18861,6141,11469,11593,24614,347,1,4972,12373,19003,1.0,9:02,2015,2016
2015-16,101123,Gerald Green,Gerald,1610612748,MIA,Miami Heat,21500515,2016-01-04T00:00:00,MIA vs. IND,W,15.8,0.0,0.0,0.0,2.0,2.0,4.0,2.0,12.0,1.0,0.0,0.0,0.0,14.9,1,1,1,1,19231,12059,10158,9917,12984,2619,8458,4025,18637,2692,1,1,18762,15463,1.0,15:45,2015,2016
2015-16,204020,Tyler Johnson,Tyler,1610612748,MIA,Miami Heat,21500515,2016-01-04T00:00:00,MIA vs. IND,W,35.6,0.0,2.0,0.0,6.0,6.0,4.0,2.0,20.0,0.0,2.0,3.0,1.0,23.6,1,1,1,1,3081,12059,4731,9917,5299,10028,8458,4025,11929,8004,23588,17641,12373,9377,1.0,35:34,2015,2016
2015-16,203504,Trey Burke,Trey,1610612762,UTA,Utah Jazz,21500518,2016-01-04T00:00:00,UTA vs. HOU,L,29.0,0.0,1.0,0.0,4.0,10.0,4.0,12.0,22.0,0.0,0.0,2.0,3.0,23.5,1,13074,13074,13074,8369,12059,9709,9917,8599,17370,8458,22259,10265,8004,1,11390,4736,9452,1.0,29:01,2015,2016
2015-16,203090,Maurice Harkless,Maurice,1610612757,POR,Portland Trail Blazers,21500519,2016-01-04T00:00:00,POR vs. MEM,L,20.2,2.0,0.0,2.0,2.0,13.0,8.0,0.0,10.0,1.0,0.0,0.0,1.0,14.9,1,13074,13074,13074,15745,6026,10158,4675,12984,21300,17345,1,20209,2692,1,1,12373,15463,1.0,20:12,2015,2016
2015-16,202738,Isaiah Thomas,Isaiah,1610612738,BOS,Boston Celtics,21500513,2016-01-04T00:00:00,BOS @ BKN,W,31.0,0.0,0.0,5.0,8.0,2.0,10.0,4.0,32.0,0.0,1.0,0.0,3.0,35.1,1,1,1,1,6757,12059,10158,1277,3109,2619,20509,8806,3535,8004,17214,1,4736,3777,1.0,30:57,2015,2016
2015-16,203798,PJ Hairston,PJ,1610612766,CHA,Charlotte Hornets,21500520,2016-01-04T00:00:00,CHA @ GSW,L,20.3,0.0,0.0,0.0,0.0,8.0,5.0,17.0,16.0,0.0,2.0,2.0,1.0,9.9,1,13074,13074,13074,15666,12059,10158,9917,18861,13914,11469,24967,15259,8004,23588,11390,12373,19247,1.0,20:16,2015,2016
2015-16,202709,Cory Joseph,Cory,1610612761,TOR,Toronto Raptors,21500511,2016-01-04T00:00:00,TOR @ CLE,L,20.5,1.0,0.0,0.0,0.0,9.0,2.0,2.0,20.0,0.0,0.0,3.0,3.0,10.5,1,13074,13074,13074,15477,11535,10158,9917,18861,15771,3734,4025,11929,8004,1,17641,4736,18808,1.0,20:30,2015,2016
2015-16,201578,Marreese Speights,Marreese,1610612744,GSW,Golden State Warriors,21500520,2016-01-04T00:00:00,GSW vs. CHA,W,16.6,6.0,2.0,0.0,4.0,6.0,0.0,0.0,18.0,1.0,0.0,2.0,4.0,19.4,1,1,1,1,18576,878,4731,9917,8599,10028,1,1,13577,2692,1,11390,2748,12154,1.0,16:36,2015,2016
2015-16,201171,Carl Landry,Carl,1610612755,PHI,Philadelphia 76ers,21500512,2016-01-04T00:00:00,PHI vs. MIN,W,22.4,0.0,8.0,2.0,6.0,4.0,6.0,5.0,20.0,1.0,1.0,0.0,1.0,25.3,1,1,1,1,13857,12059,137,4675,5299,6141,13237,11593,11929,2692,17214,1,12373,8340,1.0,22:22,2015,2016
2015-16,1626143,Jahlil Okafor,Jahlil,1610612755,PHI,Philadelphia 76ers,21500512,2016-01-04T00:00:00,PHI vs. MIN,W,20.7,0.0,0.0,0.0,8.0,8.0,2.0,3.0,20.0,1.0,0.0,3.0,2.0,23.6,1,1,1,1,15319,12059,10158,9917,3109,13914,3734,7328,11929,2692,1,17641,7786,9377,1.0,20:42,2015,2016
2015-16,203087,Jeremy Lamb,Jeremy,1610612766,CHA,Charlotte Hornets,21500520,2016-01-04T00:00:00,CHA @ GSW,L,29.6,4.0,0.0,4.0,8.0,11.0,7.0,8.0,12.0,0.0,1.0,1.0,4.0,35.1,1,13074,13074,13074,7908,2460,10158,1913,3109,18886,15642,17194,18637,8004,17214,4972,2748,3777,1.0,29:34,2015,2016
2015-16,201188,Marc Gasol,Marc,1610612763,MEM,Memphis Grizzlies,21500519,2016-01-04T00:00:00,MEM @ POR,W,30.1,0.0,1.0,0.0,2.0,8.0,11.0,9.0,16.0,1.0,0.0,3.0,1.0,19.2,1,1,1,1,7448,12059,9709,9917,12984,13914,21814,18829,15259,2692,1,17641,12373,12284,1.0,30:06,2015,2016
2015-16,201145,Jeff Green,Jeff,1610612763,MEM,Memphis Grizzlies,21500519,2016-01-04T00:00:00,MEM @ POR,W,29.1,0.0,0.0,0.0,2.0,6.0,11.0,5.0,16.0,2.0,1.0,3.0,2.0,19.7,1,1,1,1,8305,12059,10158,9917,12984,10028,21814,11593,15259,932,17214,17641,7786,11962,1.0,29:06,2015,2016
2015-16,201150,Spencer Hawes,Spencer,1610612766,CHA,Charlotte Hornets,21500520,2016-01-04T00:00:00,CHA @ GSW,L,20.1,2.0,0.0,0.0,2.0,11.0,7.0,5.0,6.0,0.0,1.0,2.0,2.0,14.8,1,13074,13074,13074,15878,6026,10158,9917,12984,18886,15642,11593,22724,8004,17214,11390,7786,15561,1.0,20:03,2015,2016
2015-16,203094,Andrew Nicholson,Andrew,1610612753,ORL,Orlando Magic,21500514,2016-01-04T00:00:00,ORL @ DET,L,21.2,3.0,2.0,0.0,8.0,4.0,9.0,10.0,14.0,0.0,1.0,0.0,2.0,22.9,1,13074,13074,13074,14897,4307,4731,9917,3109,6141,19144,20169,17019,8004,17214,1,7786,9811,1.0,21:11,2015,2016
2015-16,203114,Khris Middleton,Khris,1610612749,MIL,Milwaukee Bucks,21500516,2016-01-04T00:00:00,MIL vs. SAS,L,33.8,4.0,0.0,0.0,2.0,17.0,14.0,8.0,42.0,0.0,1.0,2.0,4.0,25.6,1,13074,13074,13074,4550,2460,10158,9917,12984,24337,24300,17194,670,8004,17214,11390,2748,8157,1.0,33:45,2015,2016
2015-16,204456,T.J. McConnell,T.J.,1610612755,PHI,Philadelphia 76ers,21500512,2016-01-04T00:00:00,PHI vs. MIN,W,17.7,3.0,0.0,0.0,4.0,8.0,8.0,4.0,24.0,0.0,0.0,0.0,0.0,34.8,1,1,1,1,17777,4307,10158,9917,8599,13914,17345,8806,8723,8004,1,1,18762,3891,1.0,17:40,2015,2016
2015-16,203482,Kelly Olynyk,Kelly,1610612738,BOS,Boston Celtics,21500513,2016-01-04T00:00:00,BOS @ BKN,W,33.9,5.0,0.0,0.0,6.0,2.0,14.0,1.0,34.0,1.0,0.0,2.0,1.0,18.8,1,1,1,1,4429,1603,10158,9917,5299,2619,24300,3646,2701,2692,1,11390,12373,12588,1.0,33:54,2015,2016
2015-16,1626161,Willie Cauley-Stein,Willie,1610612758,SAC,Sacramento Kings,21500517,2016-01-04T00:00:00,SAC @ OKC,W,15.3,0.0,2.0,2.0,6.0,2.0,8.0,2.0,6.0,1.0,1.0,1.0,3.0,14.6,1,1,1,1,19590,12059,4731,4675,5299,2619,17345,4025,22724,2692,17214,4972,4736,15699,1.0,15:15,2015,2016
2015-16,101139,CJ Miles,CJ,1610612754,IND,Indiana Pacers,21500515,2016-01-04T00:00:00,IND @ MIA,L,7.2,4.0,0.0,3.0,0.0,0.0,4.0,2.0,10.0,0.0,1.0,1.0,2.0,10.2,1,13074,13074,13074,23487,2460,10158,3302,18861,1,8458,4025,20209,8004,17214,4972,7786,19003,1.0,7:14,2015,2016
2015-16,202335,Patrick Patterson,Patrick,1610612761,TOR,Toronto Raptors,21500511,2016-01-04T00:00:00,TOR @ CLE,L,26.5,2.0,0.0,0.0,6.0,11.0,7.0,2.0,22.0,0.0,0.0,2.0,0.0,19.2,1,13074,13074,13074,10488,6026,10158,9917,5299,18886,15642,4025,10265,8004,1,11390,18762,12284,1.0,26:27,2015,2016
2015-16,200757,Thabo Sefolosha,Thabo,1610612737,ATL,Atlanta Hawks,21500506,2016-01-03T00:00:00,ATL @ NYK,L,21.7,4.0,0.0,2.0,4.0,6.0,8.0,5.0,20.0,0.0,0.0,2.0,1.0,19.3,1,13074,13074,13074,14479,2460,10158,4675,8599,10028,17345,11593,11929,8004,1,11390,12373,12228,1.0,21:39,2015,2016
2015-16,203490,Otto Porter Jr.,Otto,1610612764,WAS,Washington Wizards,21500508,2016-01-03T00:00:00,WAS vs. MIA,L,31.5,2.0,0.0,0.0,0.0,8.0,6.0,8.0,22.0,0.0,0.0,0.0,0.0,19.7,1,13074,13074,13074,6352,6026,10158,9917,18861,13914,13237,17194,10265,8004,1,1,18762,11962,1.0,31:27,2015,2016
2015-16,2548,Dwyane Wade,Dwyane,1610612748,MIA,Miami Heat,21500508,2016-01-03T00:00:00,MIA @ WAS,W,24.6,0.0,2.0,2.0,6.0,4.0,5.0,3.0,8.0,0.0,0.0,0.0,3.0,19.3,1,1,1,1,12034,12059,4731,4675,5299,6141,11469,7328,21543,8004,1,1,4736,12228,1.0,24:35,2015,2016
2015-16,201579,Roy Hibbert,Roy,1610612747,LAL,Los Angeles Lakers,21500510,2016-01-03T00:00:00,LAL vs. PHX,W,28.8,0.0,0.0,0.0,4.0,8.0,2.0,6.0,24.0,3.0,0.0,1.0,2.0,33.7,1,1,1,1,8534,12059,10158,9917,8599,13914,3734,13388,8723,347,1,4972,7786,4280,1.0,28:48,2015,2016
2015-16,2749,Jameer Nelson,Jameer,1610612743,DEN,Denver Nuggets,21500509,2016-01-03T00:00:00,DEN vs. POR,L,32.7,4.0,0.0,8.0,6.0,8.0,2.0,4.0,22.0,0.0,0.0,1.0,6.0,34.3,1,13074,13074,13074,5350,2460,10158,280,5299,13914,3734,8806,10265,8004,1,4972,873,4063,1.0,32:41,2015,2016
2015-16,202709,Cory Joseph,Cory,1610612761,TOR,Toronto Raptors,21500507,2016-01-03T00:00:00,TOR vs. CHI,L,28.0,0.0,0.0,0.0,6.0,4.0,12.0,0.0,26.0,0.0,2.0,2.0,2.0,19.4,1,13074,13074,13074,9207,12059,10158,9917,5299,6141,22832,1,7214,8004,23588,11390,7786,12154,1.0,28:02,2015,2016
2015-16,202066,Garrett Temple,Garrett,1610612764,WAS,Washington Wizards,21500508,2016-01-03T00:00:00,WAS vs. MIA,L,41.4,0.0,3.0,3.0,4.0,12.0,6.0,8.0,30.0,1.0,2.0,2.0,4.0,23.1,1,13074,13074,13074,406,12059,3104,3302,8599,20178,13237,17194,4541,2692,23588,11390,2748,9699,1.0,41:23,2015,2016
2015-16,203459,Allen Crabbe,Allen,1610612757,POR,Portland Trail Blazers,21500509,2016-01-03T00:00:00,POR @ DEN,W,31.6,4.0,3.0,4.0,4.0,4.0,8.0,9.0,24.0,0.0,0.0,3.0,0.0,25.6,1,1,1,1,6223,2460,3104,1913,8599,6141,17345,18829,8723,8004,1,17641,18762,8157,1.0,31:37,2015,2016
2015-16,2594,Kyle Korver,Kyle,1610612737,ATL,Atlanta Hawks,21500506,2016-01-03T00:00:00,ATL @ NYK,L,28.7,5.0,4.0,3.0,0.0,8.0,8.0,4.0,26.0,0.0,0.0,1.0,1.0,23.1,1,13074,13074,13074,8603,1603,1596,3302,18861,13914,17345,8806,7214,8004,1,4972,12373,9699,1.0,28:44,2015,2016
2015-16,2550,Kirk Hinrich,Kirk,1610612741,CHI,Chicago Bulls,21500507,2016-01-03T00:00:00,CHI @ TOR,W,20.8,3.0,0.0,0.0,0.0,6.0,10.0,6.0,20.0,0.0,0.0,2.0,0.0,19.4,1,1,1,1,15223,4307,10158,9917,18861,10028,20509,13388,11929,8004,1,11390,18762,12154,1.0,20:48,2015,2016
2015-16,101179,Ronnie Price,Ronnie,1610612756,PHX,Phoenix Suns,21500510,2016-01-03T00:00:00,PHX @ LAL,L,27.1,0.0,3.0,2.0,2.0,9.0,11.0,7.0,14.0,0.0,0.0,6.0,2.0,25.0,1,13074,13074,13074,9934,12059,3104,4675,12984,15771,21814,15538,17019,8004,1,25827,7786,8485,1.0,27:05,2015,2016
2015-16,1626148,Anthony Brown,Anthony,1610612747,LAL,Los Angeles Lakers,21500510,2016-01-03T00:00:00,LAL vs. PHX,W,30.1,0.0,3.0,0.0,0.0,10.0,2.0,6.0,30.0,1.0,1.0,0.0,1.0,14.6,1,1,1,1,7484,12059,3104,9917,18861,17370,3734,13388,4541,2692,17214,1,12373,15699,1.0,30:04,2015,2016
2015-16,201166,Aaron Brooks,Aaron,1610612741,CHI,Chicago Bulls,21500507,2016-01-03T00:00:00,CHI @ TOR,W,24.7,2.0,0.0,0.0,2.0,9.0,9.0,2.0,18.0,0.0,0.0,3.0,1.0,14.2,1,1,1,1,11894,6026,10158,9917,12984,15771,19144,4025,13577,8004,1,17641,12373,16003,1.0,24:44,2015,2016
2015-16,204001,Kristaps Porziņģis,Kristaps,1610612752,NYK,New York Knicks,21500506,2016-01-03T00:00:00,NYK vs. ATL,W,30.4,2.0,0.0,0.0,4.0,13.0,6.0,11.0,26.0,1.0,1.0,3.0,2.0,23.4,1,1,1,1,7177,6026,10158,9917,8599,21300,13237,21342,7214,2692,17214,17641,7786,9501,1.0,30:24,2015,2016
2015-16,203141,Mirza Teletovic,Mirza,1610612756,PHX,Phoenix Suns,21500510,2016-01-03T00:00:00,PHX @ LAL,L,23.2,2.0,5.0,0.0,6.0,4.0,12.0,4.0,10.0,0.0,1.0,2.0,2.0,25.1,1,13074,13074,13074,13212,6026,995,9917,5299,6141,22832,8806,20209,8004,17214,11390,7786,8429,1.0,23:12,2015,2016
2015-16,203944,Julius Randle,Julius,1610612747,LAL,Los Angeles Lakers,21500510,2016-01-03T00:00:00,LAL vs. PHX,W,16.0,0.0,2.0,0.0,0.0,4.0,10.0,4.0,10.0,0.0,1.0,3.0,2.0,18.9,1,1,1,1,19075,12059,4731,9917,18861,6141,20509,8806,20209,8004,17214,17641,7786,12513,1.0,15:57,2015,2016
2015-16,203468,CJ McCollum,CJ,1610612757,POR,Portland Trail Blazers,21500509,2016-01-03T00:00:00,POR @ DEN,W,32.7,0.0,0.0,0.0,10.0,6.0,10.0,9.0,24.0,0.0,1.0,5.0,4.0,34.1,1,1,1,1,5312,12059,10158,9917,1840,10028,20509,18829,8723,8004,17214,24686,2748,4124,1.0,32:44,2015,2016
2015-16,201162,Jared Dudley,Jared,1610612764,WAS,Washington Wizards,21500508,2016-01-03T00:00:00,WAS vs. MIA,L,27.9,0.0,2.0,0.0,2.0,10.0,4.0,4.0,16.0,0.0,0.0,1.0,1.0,10.3,1,13074,13074,13074,9328,12059,4731,9917,12984,17370,8458,8806,15259,8004,1,4972,12373,18965,1.0,27:52,2015,2016
2015-16,1626171,Bobby Portis,Bobby,1610612741,CHI,Chicago Bulls,21500507,2016-01-03T00:00:00,CHI @ TOR,W,18.0,0.0,0.0,0.0,4.0,7.0,5.0,2.0,12.0,1.0,0.0,3.0,0.0,14.7,1,1,1,1,17489,12059,10158,9917,8599,12242,11469,4025,18637,2692,1,17641,18762,15631,1.0,18:02,2015,2016
2015-16,202329,Al-Farouq Aminu,Al-Farouq,1610612757,POR,Portland Trail Blazers,21500509,2016-01-03T00:00:00,POR @ DEN,W,22.1,3.0,0.0,0.0,2.0,3.0,8.0,3.0,16.0,0.0,0.0,4.0,1.0,19.1,1,1,1,1,14132,4307,10158,9917,12984,5109,17345,7328,15259,8004,1,22104,12373,12372,1.0,22:03,2015,2016
2015-16,2743,Kris Humphries,Kris,1610612764,WAS,Washington Wizards,21500508,2016-01-03T00:00:00,WAS vs. MIA,L,11.6,4.0,0.0,0.0,0.0,2.0,2.0,0.0,8.0,1.0,0.0,1.0,2.0,11.4,1,13074,13074,13074,21789,2460,10158,9917,18861,2619,3734,1,21543,2692,1,4972,7786,18134,1.0,11:34,2015,2016
2015-16,203933,T.J. Warren,T.J.,1610612756,PHX,Phoenix Suns,21500510,2016-01-03T00:00:00,PHX @ LAL,L,21.1,0.0,0.0,0.0,0.0,6.0,6.0,6.0,12.0,1.0,0.0,0.0,1.0,2.0,1,13074,13074,13074,14996,12059,10158,9917,18861,10028,13237,13388,18637,2692,1,1,12373,24216,1.0,21:04,2015,2016
2015-16,203503,Tony Snell,Tony,1610612741,CHI,Chicago Bulls,21500507,2016-01-03T00:00:00,CHI @ TOR,W,19.4,2.0,0.0,0.0,4.0,7.0,9.0,0.0,14.0,0.0,1.0,1.0,0.0,10.9,1,1,1,1,16374,6026,10158,9917,8599,12242,19144,1,17019,8004,17214,4972,18762,18498,1.0,19:25,2015,2016
2015-16,202498,Lance Thomas,Lance,1610612752,NYK,New York Knicks,21500506,2016-01-03T00:00:00,NYK vs. ATL,W,19.1,0.0,0.0,0.0,0.0,14.0,7.0,13.0,20.0,0.0,1.0,4.0,1.0,6.1,1,1,1,1,16600,12059,10158,9917,18861,22292,15642,23048,11929,8004,17214,22104,12373,21845,1.0,19:07,2015,2016
2015-16,203090,Maurice Harkless,Maurice,1610612757,POR,Portland Trail Blazers,21500509,2016-01-03T00:00:00,POR @ DEN,W,17.7,2.0,0.0,0.0,4.0,7.0,8.0,4.0,16.0,0.0,0.0,4.0,2.0,11.4,1,1,1,1,17775,6026,10158,9917,8599,12242,17345,8806,15259,8004,1,22104,7786,18134,1.0,17:40,2015,2016
2015-16,2617,Udonis Haslem,Udonis,1610612748,MIA,Miami Heat,21500508,2016-01-03T00:00:00,MIA @ WAS,W,5.9,0.0,0.0,0.0,0.0,4.0,0.0,2.0,8.0,1.0,0.0,1.0,0.0,6.2,1,1,1,1,24010,12059,10158,9917,18861,6141,1,4025,21543,2692,1,4972,18762,21696,1.0,5:53,2015,2016
2015-16,203530,Joffrey Lauvergne,Joffrey,1610612743,DEN,Denver Nuggets,21500509,2016-01-03T00:00:00,DEN vs. POR,L,5.7,0.0,0.0,0.0,0.0,2.0,5.0,6.0,8.0,0.0,0.0,0.0,1.0,1.5,1,13074,13074,13074,24090,12059,10158,9917,18861,2619,11469,13388,21543,8004,1,1,12373,24473,1.0,5:43,2015,2016
2015-16,201167,Arron Afflalo,Arron,1610612752,NYK,New York Knicks,21500506,2016-01-03T00:00:00,NYK vs. ATL,W,37.1,8.0,6.0,5.0,6.0,19.0,12.0,16.0,32.0,1.0,1.0,2.0,3.0,45.4,1,1,1,1,2027,308,481,1277,5299,25074,22832,24641,3535,2692,17214,11390,4736,1291,1.0,37:05,2015,2016
2015-16,201568,Danilo Gallinari,Danilo,1610612743,DEN,Denver Nuggets,21500509,2016-01-03T00:00:00,DEN vs. POR,L,35.9,2.0,0.0,3.0,6.0,8.0,2.0,4.0,28.0,1.0,0.0,2.0,12.0,45.5,1,13074,13074,13074,2833,6026,10158,3302,5299,13914,3734,8806,5824,2692,1,11390,27,1278,1.0,35:54,2015,2016
2015-16,200768,Kyle Lowry,Kyle,1610612761,TOR,Toronto Raptors,21500507,2016-01-03T00:00:00,TOR vs. CHI,L,39.2,5.0,3.0,2.0,8.0,7.0,10.0,0.0,34.0,1.0,0.0,2.0,6.0,46.0,1,13074,13074,13074,975,1603,3104,4675,3109,12242,20509,1,2701,2692,1,11390,873,1198,1.0,39:14,2015,2016
2015-16,200794,Paul Millsap,Paul,1610612737,ATL,Atlanta Hawks,21500506,2016-01-03T00:00:00,ATL @ NYK,L,34.3,3.0,2.0,2.0,8.0,14.0,11.0,5.0,24.0,0.0,1.0,4.0,8.0,49.8,1,13074,13074,13074,4122,4307,4731,4675,3109,22292,21814,11593,8723,8004,17214,22104,254,775,1.0,34:16,2015,2016
2015-16,202703,Nikola Mirotic,Nikola,1610612741,CHI,Chicago Bulls,21500507,2016-01-03T00:00:00,CHI @ TOR,W,28.6,0.0,0.0,0.0,2.0,8.0,14.0,6.0,28.0,0.0,1.0,2.0,5.0,24.1,1,1,1,1,8730,12059,10158,9917,12984,13914,24300,13388,5824,8004,17214,11390,1539,9068,1.0,28:36,2015,2016
2015-16,101123,Gerald Green,Gerald,1610612748,MIA,Miami Heat,21500508,2016-01-03T00:00:00,MIA @ WAS,W,28.3,2.0,2.0,0.0,6.0,5.0,6.0,10.0,26.0,0.0,0.0,2.0,0.0,24.8,1,1,1,1,8986,6026,4731,9917,5299,8403,13237,20169,7214,8004,1,11390,18762,8614,1.0,28:20,2015,2016
2015-16,201609,Goran Dragic,Goran,1610612748,MIA,Miami Heat,21500508,2016-01-03T00:00:00,MIA @ WAS,W,30.8,6.0,0.0,8.0,8.0,8.0,7.0,8.0,16.0,0.0,0.0,1.0,1.0,28.9,1,1,1,1,6859,878,10158,280,3109,13914,15642,17194,15259,8004,1,4972,12373,6414,1.0,30:51,2015,2016
2015-16,1626170,Jerian Grant,Jerian,1610612752,NYK,New York Knicks,21500506,2016-01-03T00:00:00,NYK vs. ATL,W,18.2,0.0,0.0,2.0,4.0,7.0,6.0,9.0,18.0,1.0,0.0,0.0,0.0,30.1,1,1,1,1,17359,12059,10158,4675,8599,12242,13237,18829,13577,2692,1,1,18762,5794,1.0,18:11,2015,2016
2015-16,203994,Jusuf Nurkić,Jusuf,1610612743,DEN,Denver Nuggets,21500509,2016-01-03T00:00:00,DEN vs. POR,L,14.7,4.0,6.0,0.0,8.0,1.0,2.0,0.0,8.0,1.0,0.0,2.0,6.0,24.6,1,13074,13074,13074,19995,2460,481,9917,3109,2356,3734,1,21543,2692,1,11390,873,8724,1.0,14:39,2015,2016
2015-16,201959,Taj Gibson,Taj,1610612741,CHI,Chicago Bulls,21500507,2016-01-03T00:00:00,CHI @ TOR,W,29.1,0.0,0.0,0.0,4.0,13.0,15.0,5.0,28.0,2.0,1.0,1.0,1.0,24.5,1,1,1,1,8313,12059,10158,9917,8599,21300,24781,11593,5824,932,17214,4972,12373,8801,1.0,29:05,2015,2016
2015-16,2200,Pau Gasol,Pau,1610612741,CHI,Chicago Bulls,21500507,2016-01-03T00:00:00,CHI @ TOR,W,33.5,2.0,6.0,0.0,6.0,6.0,14.0,4.0,24.0,4.0,2.0,0.0,5.0,53.6,1,1,1,1,4728,6026,481,9917,5299,10028,24300,8806,8723,132,23588,1,1539,483,1.0,33:31,2015,2016
2015-16,101162,Marcin Gortat,Marcin,1610612764,WAS,Washington Wizards,21500508,2016-01-03T00:00:00,WAS vs. MIA,L,28.0,2.0,2.0,0.0,6.0,8.0,2.0,8.0,18.0,0.0,4.0,3.0,2.0,29.1,1,13074,13074,13074,9262,6026,4731,9917,5299,13914,3734,17194,13577,8004,25926,17641,7786,6285,1.0,27:57,2015,2016
2015-16,203458,Alex Len,Alex,1610612756,PHX,Phoenix Suns,21500510,2016-01-03T00:00:00,PHX @ LAL,L,27.0,0.0,0.0,0.0,6.0,9.0,14.0,8.0,18.0,3.0,0.0,3.0,0.0,29.8,1,13074,13074,13074,10031,12059,10158,9917,5299,15771,24300,17194,13577,347,1,17641,18762,5948,1.0,26:59,2015,2016
2015-16,101150,Lou Williams,Lou,1610612747,LAL,Los Angeles Lakers,21500510,2016-01-03T00:00:00,LAL vs. PHX,W,33.9,8.0,4.0,2.0,4.0,14.0,2.0,6.0,30.0,0.0,0.0,1.0,3.0,48.4,1,1,1,1,4442,308,1596,4675,8599,22292,3734,13388,4541,8004,1,4972,4736,920,1.0,33:53,2015,2016
2015-16,202710,Jimmy Butler III,Jimmy,1610612741,CHI,Chicago Bulls,21500507,2016-01-03T00:00:00,CHI @ TOR,W,38.7,0.0,6.0,0.0,16.0,13.0,16.0,5.0,36.0,1.0,1.0,3.0,7.0,57.3,1,1,1,1,1187,12059,481,9917,275,21300,25155,11593,1943,2692,17214,17641,469,301,1.0,38:42,2015,2016
2015-16,202355,Hassan Whiteside,Hassan,1610612748,MIA,Miami Heat,21500508,2016-01-03T00:00:00,MIA @ WAS,W,29.9,0.0,2.0,0.0,4.0,8.0,7.0,8.0,16.0,6.0,0.0,1.0,3.0,44.1,1,1,1,1,7654,12059,4731,9917,8599,13914,15642,17194,15259,19,1,4972,4736,1542,1.0,29:52,2015,2016
2015-16,202322,John Wall,John,1610612764,WAS,Washington Wizards,21500508,2016-01-03T00:00:00,WAS vs. MIA,L,34.0,2.0,0.0,4.0,4.0,10.0,2.0,10.0,24.0,0.0,2.0,3.0,1.0,29.3,1,13074,13074,13074,4319,6026,10158,1913,8599,17370,3734,20169,8723,8004,23588,17641,12373,6202,1.0,34:02,2015,2016
2015-16,2546,Carmelo Anthony,Carmelo,1610612752,NYK,New York Knicks,21500506,2016-01-03T00:00:00,NYK vs. ATL,W,35.5,0.0,3.0,0.0,6.0,24.0,10.0,21.0,32.0,0.0,0.0,2.0,5.0,37.3,1,1,1,1,3147,12059,3104,9917,5299,25890,20509,25725,3535,8004,1,11390,1539,3105,1.0,35:29,2015,2016
2015-16,201143,Al Horford,Al,1610612737,ATL,Atlanta Hawks,21500506,2016-01-03T00:00:00,ATL @ NYK,L,28.7,0.0,0.0,2.0,4.0,8.0,7.0,4.0,30.0,1.0,0.0,1.0,1.0,21.6,1,13074,13074,13074,8689,12059,10158,4675,8599,13914,15642,8806,4541,2692,1,4972,12373,10666,1.0,28:39,2015,2016
2015-16,1626196,Josh Richardson,Josh,1610612748,MIA,Miami Heat,21500508,2016-01-03T00:00:00,MIA @ WAS,W,3.7,0.0,0.0,0.0,0.0,4.0,0.0,2.0,2.0,0.0,0.0,2.0,0.0,0.7,1,1,1,1,24831,12059,10158,9917,18861,6141,1,4025,24614,8004,1,11390,18762,25042,1.0,3:43,2015,2016
2015-16,203926,Doug McDermott,Doug,1610612741,CHI,Chicago Bulls,21500507,2016-01-03T00:00:00,CHI @ TOR,W,11.0,0.0,0.0,0.0,0.0,2.0,5.0,3.0,8.0,0.0,1.0,2.0,0.0,-1.0,1,1,1,1,22046,12059,10158,9917,18861,2619,11469,7328,21543,8004,17214,11390,18762,25932,1.0,10:59,2015,2016
2015-16,201603,Sonny Weems,Sonny,1610612756,PHX,Phoenix Suns,21500510,2016-01-03T00:00:00,PHX @ LAL,L,3.8,0.0,0.0,0.0,0.0,4.0,2.0,6.0,2.0,0.0,0.0,0.0,0.0,-1.0,1,13074,13074,13074,24775,12059,10158,9917,18861,6141,3734,13388,24614,8004,1,1,18762,25932,1.0,3:50,2015,2016
2015-16,204038,Langston Galloway,Langston,1610612752,NYK,New York Knicks,21500506,2016-01-03T00:00:00,NYK vs. ATL,W,20.1,0.0,0.0,0.0,2.0,12.0,11.0,11.0,16.0,0.0,0.0,1.0,1.0,9.4,1,1,1,1,15797,12059,10158,9917,12984,20178,21814,21342,15259,8004,1,4972,12373,19568,1.0,20:08,2015,2016
2015-16,2365,Chris Andersen,Chris,1610612748,MIA,Miami Heat,21500508,2016-01-03T00:00:00,MIA @ WAS,W,3.7,0.0,0.0,0.0,0.0,4.0,0.0,2.0,2.0,1.0,0.0,0.0,1.0,5.0,1,1,1,1,24831,12059,10158,9917,18861,6141,1,4025,24614,2692,1,1,12373,22500,1.0,3:43,2015,2016
2015-16,203462,Archie Goodwin,Archie,1610612756,PHX,Phoenix Suns,21500510,2016-01-03T00:00:00,PHX @ LAL,L,4.4,2.0,2.0,0.0,2.0,5.0,0.0,0.0,2.0,0.0,2.0,2.0,1.0,7.2,1,13074,13074,13074,24581,6026,4731,9917,12984,8403,1,1,24614,8004,23588,11390,12373,21035,1.0,4:24,2015,2016
2015-16,1626273,Marcelo Huertas,Marcelo,1610612747,LAL,Los Angeles Lakers,21500510,2016-01-03T00:00:00,LAL vs. PHX,W,6.1,0.0,2.0,0.0,2.0,2.0,6.0,4.0,4.0,0.0,0.0,0.0,0.0,3.7,1,1,1,1,23912,12059,4731,9917,12984,2619,13237,8806,23698,8004,1,1,18762,23278,1.0,6:07,2015,2016
2015-16,203200,Justin Holiday,Justin,1610612737,ATL,Atlanta Hawks,21500506,2016-01-03T00:00:00,ATL @ NYK,L,3.0,0.0,2.0,0.0,2.0,0.0,0.0,0.0,0.0,0.0,0.0,0.0,0.0,3.7,1,13074,13074,13074,25127,12059,4731,9917,12984,1,1,1,25429,8004,1,1,18762,23278,1.0,3:00,2015,2016
2015-16,202734,E'Twaun Moore,E'Twaun,1610612741,CHI,Chicago Bulls,21500507,2016-01-03T00:00:00,CHI @ TOR,W,16.1,0.0,2.0,0.0,4.0,4.0,8.0,7.0,22.0,0.0,1.0,1.0,0.0,7.2,1,1,1,1,18941,12059,4731,9917,8599,6141,17345,15538,10265,8004,17214,4972,18762,21035,1.0,16:08,2015,2016
2015-16,203124,Kyle O'Quinn,Kyle,1610612752,NYK,New York Knicks,21500506,2016-01-03T00:00:00,NYK vs. ATL,W,2.9,0.0,0.0,0.0,0.0,2.0,2.0,4.0,6.0,0.0,0.0,1.0,0.0,5.2,1,1,1,1,25163,12059,10158,9917,18861,2619,3734,8806,22724,8004,1,4972,18762,22370,1.0,2:54,2015,2016
2015-16,2199,Tyson Chandler,Tyson,1610612756,PHX,Phoenix Suns,21500510,2016-01-03T00:00:00,PHX @ LAL,L,20.1,0.0,0.0,0.0,2.0,12.0,4.0,7.0,20.0,0.0,0.0,1.0,1.0,7.0,1,13074,13074,13074,15815,12059,10158,9917,12984,20178,8458,15538,11929,8004,1,4972,12373,21188,1.0,20:07,2015,2016
2015-16,203115,Will Barton,Will,1610612743,DEN,Denver Nuggets,21500509,2016-01-03T00:00:00,DEN vs. POR,L,25.1,0.0,0.0,0.0,2.0,5.0,10.0,8.0,28.0,0.0,0.0,3.0,0.0,9.4,1,13074,13074,13074,11594,12059,10158,9917,12984,8403,20509,17194,5824,8004,1,17641,18762,19568,1.0,25:06,2015,2016
2015-16,204067,Jarell Eddie,Jarell,1610612764,WAS,Washington Wizards,21500508,2016-01-03T00:00:00,WAS vs. MIA,L,12.3,0.0,0.0,0.0,0.0,2.0,2.0,0.0,6.0,0.0,1.0,0.0,0.0,5.4,1,13074,13074,13074,21393,12059,10158,9917,18861,2619,3734,1,22724,8004,17214,1,18762,22242,1.0,12:17,2015,2016
2015-16,202687,Bismack Biyombo,Bismack,1610612761,TOR,Toronto Raptors,21500507,2016-01-03T00:00:00,TOR vs. CHI,L,15.7,0.0,0.0,0.0,4.0,4.0,4.0,0.0,14.0,0.0,0.0,4.0,1.0,9.0,1,13074,13074,13074,19240,12059,10158,9917,8599,6141,8458,1,17019,8004,1,22104,12373,19835,1.0,15:44,2015,2016
2015-16,203934,Lamar Patterson,Lamar,1610612737,ATL,Atlanta Hawks,21500506,2016-01-03T00:00:00,ATL @ NYK,L,10.0,0.0,0.0,0.0,0.0,0.0,0.0,4.0,12.0,0.0,0.0,1.0,1.0,0.0,1,13074,13074,13074,22449,12059,10158,9917,18861,1,1,8806,18637,8004,1,4972,12373,25170,1.0,9:59,2015,2016
2015-16,202720,Jon Leuer,Jon,1610612756,PHX,Phoenix Suns,21500510,2016-01-03T00:00:00,PHX @ LAL,L,14.7,0.0,0.0,2.0,4.0,6.0,0.0,6.0,14.0,0.0,0.0,1.0,0.0,6.9,1,13074,13074,13074,19958,12059,10158,4675,8599,10028,1,13388,17019,8004,1,4972,18762,21262,1.0,14:43,2015,2016
2015-16,201156,Nick Young,Nick,1610612747,LAL,Los Angeles Lakers,21500510,2016-01-03T00:00:00,LAL vs. PHX,W,17.9,0.0,0.0,0.0,0.0,6.0,10.0,4.0,12.0,0.0,1.0,1.0,0.0,4.2,1,1,1,1,17564,12059,10158,9917,18861,10028,20509,8806,18637,8004,17214,4972,18762,22976,1.0,17:56,2015,2016
2015-16,201945,Gerald Henderson,Gerald,1610612757,POR,Portland Trail Blazers,21500509,2016-01-03T00:00:00,POR @ DEN,W,24.7,0.0,2.0,2.0,4.0,6.0,8.0,6.0,20.0,0.0,1.0,0.0,5.0,26.8,1,1,1,1,11959,12059,4731,4675,8599,10028,17345,13388,11929,8004,17214,1,1539,7486,1.0,24:40,2015,2016
2015-16,2449,Luis Scola,Luis,1610612761,TOR,Toronto Raptors,21500507,2016-01-03T00:00:00,TOR vs. CHI,L,27.8,2.0,7.0,1.0,10.0,5.0,10.0,0.0,24.0,1.0,3.0,3.0,2.0,40.0,1,13074,13074,13074,9404,6026,292,9347,1840,8403,20509,1,8723,2692,25441,17641,7786,2364,1.0,27:46,2015,2016
2015-16,202685,Jonas Valančiūnas,Jonas,1610612761,TOR,Toronto Raptors,21500507,2016-01-03T00:00:00,TOR vs. CHI,L,23.4,4.0,4.0,0.0,4.0,5.0,6.0,0.0,20.0,3.0,2.0,1.0,1.0,30.3,1,13074,13074,13074,13072,2460,1596,9917,8599,8403,13237,1,11929,347,23588,4972,12373,5702,1.0,23:21,2015,2016
2015-16,203999,Nikola Jokić,Nikola,1610612743,DEN,Denver Nuggets,21500509,2016-01-03T00:00:00,DEN vs. POR,L,21.9,0.0,1.0,0.0,2.0,5.0,0.0,0.0,12.0,1.0,1.0,5.0,2.0,31.0,1,13074,13074,13074,14258,12059,9709,9917,12984,8403,1,1,18637,2692,17214,24686,7786,5406,1.0,21:54,2015,2016
2015-16,202702,Kenneth Faried,Kenneth,1610612743,DEN,Denver Nuggets,21500509,2016-01-03T00:00:00,DEN vs. POR,L,27.5,0.0,6.0,0.0,12.0,2.0,3.0,2.0,16.0,1.0,1.0,2.0,4.0,27.3,1,13074,13074,13074,9629,12059,481,9917,988,2619,7138,4025,15259,2692,17214,11390,2748,7236,1.0,27:28,2015,2016
2015-16,203943,Noah Vonleh,Noah,1610612757,POR,Portland Trail Blazers,21500509,2016-01-03T00:00:00,POR @ DEN,W,25.9,0.0,2.0,0.0,2.0,4.0,5.0,9.0,18.0,1.0,1.0,6.0,1.0,20.6,1,1,1,1,10934,12059,4731,9917,12984,6141,11469,18829,13577,2692,17214,25827,12373,11314,1.0,25:54,2015,2016
2015-16,201952,Jeff Teague,Jeff,1610612737,ATL,Atlanta Hawks,21500506,2016-01-03T00:00:00,ATL @ NYK,L,29.6,3.0,0.0,3.0,6.0,9.0,12.0,3.0,20.0,0.0,3.0,2.0,3.0,15.7,1,13074,13074,13074,7908,4307,10158,3302,5299,15771,22832,7328,11929,8004,25441,11390,4736,14841,1.0,29:34,2015,2016
2015-16,203145,Kent Bazemore,Kent,1610612737,ATL,Atlanta Hawks,21500506,2016-01-03T00:00:00,ATL @ NYK,L,32.6,5.0,6.0,5.0,4.0,14.0,10.0,5.0,22.0,1.0,1.0,2.0,3.0,31.1,1,13074,13074,13074,5398,1603,481,1277,8599,22292,20509,11593,10265,2692,17214,11390,4736,5354,1.0,32:38,2015,2016
2015-16,200751,Randy Foye,Randy,1610612743,DEN,Denver Nuggets,21500509,2016-01-03T00:00:00,DEN vs. POR,L,17.4,0.0,0.0,0.0,2.0,5.0,8.0,4.0,18.0,2.0,0.0,1.0,1.0,12.0,1,13074,13074,13074,17960,12059,10158,9917,12984,8403,17345,8806,13577,932,1,4972,12373,17703,1.0,17:24,2015,2016
2015-16,204020,Tyler Johnson,Tyler,1610612748,MIA,Miami Heat,21500508,2016-01-03T00:00:00,MIA @ WAS,W,23.4,0.0,0.0,0.0,0.0,9.0,4.0,10.0,22.0,1.0,1.0,2.0,0.0,26.4,1,1,1,1,13030,12059,10158,9917,18861,15771,8458,20169,10265,2692,17214,11390,18762,7672,1.0,23:25,2015,2016
2015-16,201577,Robin Lopez,Robin,1610612752,NYK,New York Knicks,21500506,2016-01-03T00:00:00,NYK vs. ATL,W,29.5,2.0,4.0,0.0,14.0,18.0,10.0,17.0,20.0,3.0,1.0,4.0,1.0,40.7,1,1,1,1,7961,6026,1596,9917,542,24749,20509,24967,11929,347,17214,22104,12373,2199,1.0,29:31,2015,2016
2015-16,203486,Mason Plumlee,Mason,1610612757,POR,Portland Trail Blazers,21500509,2016-01-03T00:00:00,POR @ DEN,W,21.6,1.0,0.0,0.0,2.0,4.0,7.0,5.0,16.0,1.0,1.0,4.0,4.0,12.0,1,1,1,1,14518,11535,10158,9917,12984,6141,15642,11593,15259,2692,17214,22104,2748,17703,1.0,21:36,2015,2016
2015-16,203086,Meyers Leonard,Meyers,1610612757,POR,Portland Trail Blazers,21500509,2016-01-03T00:00:00,POR @ DEN,W,22.2,0.0,0.0,0.0,2.0,6.0,11.0,2.0,20.0,0.0,1.0,4.0,4.0,15.3,1,1,1,1,13977,12059,10158,9917,12984,10028,21814,4025,11929,8004,17214,22104,2748,15150,1.0,22:14,2015,2016
2015-16,202688,Brandon Knight,Brandon,1610612756,PHX,Phoenix Suns,21500510,2016-01-03T00:00:00,PHX @ LAL,L,44.2,10.0,0.0,6.0,14.0,14.0,14.0,7.0,32.0,0.0,1.0,0.0,7.0,40.1,1,13074,13074,13074,121,99,10158,740,542,22292,24300,15538,3535,8004,17214,1,469,2345,1.0,44:10,2015,2016
2015-16,202714,Shelvin Mack,Shelvin,1610612737,ATL,Atlanta Hawks,21500506,2016-01-03T00:00:00,ATL @ NYK,L,18.4,2.0,2.0,4.0,8.0,5.0,1.0,6.0,20.0,0.0,1.0,1.0,0.0,18.7,1,13074,13074,13074,17147,6026,4731,1913,3109,8403,3393,13388,11929,8004,17214,4972,18762,12648,1.0,18:26,2015,2016
2015-16,203082,Terrence Ross,Terrence,1610612761,TOR,Toronto Raptors,21500507,2016-01-03T00:00:00,TOR vs. CHI,L,20.5,0.0,0.0,0.0,0.0,4.0,4.0,0.0,16.0,2.0,0.0,2.0,0.0,16.2,1,13074,13074,13074,15444,12059,10158,9917,18861,6141,8458,1,15259,932,1,11390,18762,14436,1.0,20:33,2015,2016
2015-16,1626159,Justise Winslow,Justise,1610612748,MIA,Miami Heat,21500508,2016-01-03T00:00:00,MIA @ WAS,W,17.7,0.0,0.0,0.0,0.0,1.0,2.0,6.0,14.0,1.0,0.0,2.0,0.0,12.6,1,1,1,1,17737,12059,10158,9917,18861,2356,3734,13388,17019,2692,1,11390,18762,17277,1.0,17:43,2015,2016
2015-16,202682,Derrick Williams,Derrick,1610612752,NYK,New York Knicks,21500506,2016-01-03T00:00:00,NYK vs. ATL,W,20.9,2.0,0.0,2.0,4.0,7.0,11.0,9.0,18.0,0.0,1.0,2.0,0.0,16.5,1,1,1,1,15158,6026,10158,4675,8599,12242,21814,18829,13577,8004,17214,11390,18762,14224,1.0,20:53,2015,2016
2015-16,101181,Jose Calderon,Jose,1610612752,NYK,New York Knicks,21500506,2016-01-03T00:00:00,NYK vs. ATL,W,26.3,0.0,0.0,0.0,0.0,14.0,5.0,14.0,22.0,1.0,0.0,0.0,1.0,21.6,1,1,1,1,10598,12059,10158,9917,18861,22292,11469,23710,10265,2692,1,1,12373,10666,1.0,26:18,2015,2016
2015-16,203118,Mike Scott,Mike,1610612737,ATL,Atlanta Hawks,21500506,2016-01-03T00:00:00,ATL @ NYK,L,14.9,2.0,0.0,2.0,2.0,0.0,5.0,4.0,10.0,0.0,0.0,0.0,0.0,7.6,1,13074,13074,13074,19816,6026,10158,4675,12984,1,11469,8806,20209,8004,1,1,18762,20803,1.0,14:55,2015,2016
2015-16,203123,Kostas Papanikolaou,Kostas,1610612743,DEN,Denver Nuggets,21500509,2016-01-03T00:00:00,DEN vs. POR,L,12.1,0.0,0.0,0.0,0.0,2.0,8.0,4.0,10.0,0.0,1.0,2.0,0.0,3.0,1,13074,13074,13074,21476,12059,10158,9917,18861,2619,17345,8806,20209,8004,17214,11390,18762,23648,1.0,12:06,2015,2016
2015-16,1626162,Kelly Oubre Jr.,Kelly,1610612764,WAS,Washington Wizards,21500508,2016-01-03T00:00:00,WAS vs. MIA,L,25.8,2.0,2.0,0.0,6.0,4.0,2.0,4.0,14.0,0.0,1.0,1.0,1.0,18.1,1,13074,13074,13074,11062,6026,4731,9917,5299,6141,3734,8806,17019,8004,17214,4972,12373,13090,1.0,25:45,2015,2016
2015-16,2757,Beno Udrih,Beno,1610612748,MIA,Miami Heat,21500508,2016-01-03T00:00:00,MIA @ WAS,W,17.2,0.0,0.0,0.0,0.0,5.0,2.0,5.0,14.0,0.0,0.0,3.0,0.0,18.1,1,1,1,1,18163,12059,10158,9917,18861,8403,3734,11593,17019,8004,1,17641,18762,13090,1.0,17:09,2015,2016
2015-16,202335,Patrick Patterson,Patrick,1610612761,TOR,Toronto Raptors,21500507,2016-01-03T00:00:00,TOR vs. CHI,L,25.9,2.0,0.0,0.0,0.0,4.0,6.0,0.0,22.0,1.0,0.0,0.0,1.0,16.0,1,13074,13074,13074,10886,6026,10158,9917,18861,6141,13237,1,10265,2692,1,1,12373,14590,1.0,25:57,2015,2016
2015-16,101138,Brandon Bass,Brandon,1610612747,LAL,Los Angeles Lakers,21500510,2016-01-03T00:00:00,LAL vs. PHX,W,19.2,2.0,3.0,0.0,4.0,8.0,10.0,4.0,18.0,2.0,0.0,1.0,3.0,18.4,1,1,1,1,16525,6026,3104,9917,8599,13914,20509,8806,13577,932,1,4972,4736,12854,1.0,19:12,2015,2016
2015-16,204002,Edy Tavares,Edy,1610612737,ATL,Atlanta Hawks,21500506,2016-01-03T00:00:00,ATL @ NYK,L,18.2,2.0,0.0,2.0,4.0,6.0,3.0,5.0,16.0,3.0,1.0,0.0,1.0,16.8,1,13074,13074,13074,17370,6026,10158,4675,8599,10028,7138,11593,15259,347,17214,1,12373,13996,1.0,18:10,2015,2016
2015-16,201589,Darrell Arthur,Darrell,1610612743,DEN,Denver Nuggets,21500509,2016-01-03T00:00:00,DEN vs. POR,L,19.7,0.0,0.0,0.0,0.0,5.0,10.0,6.0,20.0,0.0,0.0,4.0,1.0,13.7,1,13074,13074,13074,16148,12059,10158,9917,18861,8403,20509,13388,11929,8004,1,22104,12373,16393,1.0,19:42,2015,2016
2015-16,2547,Chris Bosh,Chris,1610612748,MIA,Miami Heat,21500508,2016-01-03T00:00:00,MIA @ WAS,W,28.2,2.0,0.0,0.0,4.0,5.0,5.0,4.0,8.0,1.0,1.0,0.0,4.0,39.4,1,1,1,1,9076,6026,10158,9917,8599,8403,11469,8806,21543,2692,17214,1,2748,2530,1.0,28:12,2015,2016
2015-16,202334,Ed Davis,Ed,1610612757,POR,Portland Trail Blazers,21500509,2016-01-03T00:00:00,POR @ DEN,W,26.3,0.0,1.0,0.0,4.0,6.0,9.0,6.0,22.0,1.0,0.0,4.0,3.0,27.8,1,1,1,1,10626,12059,9709,9917,8599,10028,19144,13388,10265,2692,1,22104,4736,6950,1.0,26:16,2015,2016
2015-16,200782,P.J. Tucker,P.J.,1610612756,PHX,Phoenix Suns,21500510,2016-01-03T00:00:00,PHX @ LAL,L,32.3,2.0,2.0,0.0,2.0,14.0,10.0,7.0,26.0,0.0,1.0,2.0,0.0,17.6,1,13074,13074,13074,5633,6026,4731,9917,12984,22292,20509,15538,7214,8004,17214,11390,18762,13443,1.0,32:19,2015,2016
2015-16,203903,Jordan Clarkson,Jordan,1610612747,LAL,Los Angeles Lakers,21500510,2016-01-03T00:00:00,LAL vs. PHX,W,34.3,4.0,0.0,4.0,10.0,12.0,6.0,6.0,38.0,1.0,0.0,4.0,4.0,38.5,1,1,1,1,4106,2460,10158,1913,1840,20178,13237,13388,1422,2692,1,22104,2748,2771,1.0,34:17,2015,2016
2015-16,1626204,Larry Nance Jr.,Larry,1610612747,LAL,Los Angeles Lakers,21500510,2016-01-03T00:00:00,LAL vs. PHX,W,32.1,4.0,0.0,4.0,8.0,12.0,2.0,6.0,32.0,0.0,0.0,2.0,3.0,32.8,1,1,1,1,5844,2460,10158,1913,3109,20178,3734,13388,3535,8004,1,11390,4736,4609,1.0,32:03,2015,2016
2015-16,204025,Tim Frazier,Tim,1610612757,POR,Portland Trail Blazers,21500509,2016-01-03T00:00:00,POR @ DEN,W,15.3,0.0,2.0,2.0,4.0,4.0,6.0,2.0,14.0,0.0,1.0,0.0,1.0,14.0,1,1,1,1,19587,12059,4731,4675,8599,6141,13237,4025,17019,8004,17214,1,12373,16166,1.0,15:16,2015,2016
2015-16,1626156,D'Angelo Russell,D'Angelo,1610612747,LAL,Los Angeles Lakers,21500510,2016-01-03T00:00:00,LAL vs. PHX,W,21.7,0.0,2.0,3.0,2.0,4.0,10.0,4.0,12.0,0.0,1.0,3.0,2.0,17.6,1,1,1,1,14424,12059,4731,3302,12984,6141,20509,8806,18637,8004,17214,17641,7786,13443,1.0,21:43,2015,2016
2015-16,1626164,Devin Booker,Devin,1610612756,PHX,Phoenix Suns,21500510,2016-01-03T00:00:00,PHX @ LAL,L,22.1,0.0,0.0,0.0,4.0,7.0,7.0,7.0,20.0,0.0,2.0,3.0,2.0,17.3,1,13074,13074,13074,14074,12059,10158,9917,8599,12242,15642,15538,11929,8004,23588,17641,7786,13671,1.0,22:07,2015,2016
2015-16,201942,DeMar DeRozan,DeMar,1610612761,TOR,Toronto Raptors,21500507,2016-01-03T00:00:00,TOR vs. CHI,L,35.4,0.0,4.0,3.0,6.0,7.0,12.0,0.0,34.0,0.0,1.0,3.0,5.0,32.4,1,13074,13074,13074,3208,12059,1596,3302,5299,12242,22832,1,2701,8004,17214,17641,1539,4768,1.0,35:25,2015,2016
2015-16,2736,Luol Deng,Luol,1610612748,MIA,Miami Heat,21500508,2016-01-03T00:00:00,MIA @ WAS,W,26.6,2.0,0.0,0.0,4.0,8.0,7.0,5.0,14.0,0.0,0.0,1.0,0.0,21.8,1,1,1,1,10393,6026,10158,9917,8599,13914,15642,11593,17019,8004,1,4972,18762,10526,1.0,26:34,2015,2016
2015-16,203914,Gary Harris,Gary,1610612743,DEN,Denver Nuggets,21500509,2016-01-03T00:00:00,DEN vs. POR,L,27.4,0.0,3.0,0.0,0.0,7.0,0.0,2.0,20.0,0.0,0.0,3.0,1.0,13.9,1,13074,13074,13074,9712,12059,3104,9917,18861,12242,1,4025,11929,8004,1,17641,12373,16232,1.0,27:23,2015,2016
2015-16,201960,DeMarre Carroll,DeMarre,1610612761,TOR,Toronto Raptors,21500507,2016-01-03T00:00:00,TOR vs. CHI,L,24.0,2.0,3.0,2.0,4.0,5.0,6.0,0.0,20.0,0.0,0.0,2.0,0.0,13.6,1,13074,13074,13074,12601,6026,3104,4675,8599,8403,13237,1,11929,8004,1,11390,18762,16460,1.0,23:58,2015,2016
2015-16,201196,Ramon Sessions,Ramon,1610612764,WAS,Washington Wizards,21500508,2016-01-03T00:00:00,WAS vs. MIA,L,27.7,1.0,0.0,6.0,8.0,4.0,4.0,8.0,22.0,0.0,1.0,1.0,4.0,22.1,1,13074,13074,13074,9441,11535,10158,740,3109,6141,8458,17194,10265,8004,17214,4972,2748,10332,1.0,27:43,2015,2016
2015-16,201980,Danny Green,Danny,1610612759,SAS,San Antonio Spurs,21500502,2016-01-02T00:00:00,SAS vs. HOU,W,32.1,3.0,0.0,6.0,0.0,8.0,0.0,15.0,32.0,1.0,0.0,2.0,1.0,38.3,1,1,1,1,5809,4307,10158,740,18861,13914,1,24242,3535,2692,1,11390,12373,2826,1.0,32:05,2015,2016
2015-16,200746,LaMarcus Aldridge,LaMarcus,1610612759,SAS,San Antonio Spurs,21500502,2016-01-02T00:00:00,SAS vs. HOU,W,32.3,9.0,0.0,4.0,14.0,11.0,0.0,13.0,28.0,0.0,0.0,3.0,3.0,39.8,1,1,1,1,5663,171,10158,1913,542,18886,1,23048,5824,8004,1,17641,4736,2422,1.0,32:17,2015,2016
2015-16,202362,Lance Stephenson,Lance,1610612746,LAC,LA Clippers,21500505,2016-01-02T00:00:00,LAC vs. PHI,W,21.2,2.0,2.0,1.0,0.0,13.0,2.0,14.0,24.0,0.0,0.0,0.0,4.0,17.3,1,1,1,1,14849,6026,4731,9347,18861,21300,3734,23710,8723,8004,1,1,2748,13671,1.0,21:14,2015,2016
2015-16,202083,Wesley Matthews,Wesley,1610612742,DAL,Dallas Mavericks,21500501,2016-01-02T00:00:00,DAL vs. NOP,L,35.3,5.0,2.0,5.0,4.0,11.0,6.0,13.0,24.0,0.0,0.0,3.0,3.0,22.2,1,13074,13074,13074,3310,1603,4731,1277,8599,18886,13237,23048,8723,8004,1,17641,4736,10263,1.0,35:18,2015,2016
2015-16,2564,Boris Diaw,Boris,1610612759,SAS,San Antonio Spurs,21500502,2016-01-02T00:00:00,SAS vs. HOU,W,25.4,6.0,2.0,3.0,8.0,0.0,1.0,13.0,30.0,0.0,1.0,3.0,4.0,37.6,1,1,1,1,11392,878,4731,3302,3109,1,3393,23048,4541,8004,17214,17641,2748,3018,1.0,25:23,2015,2016
2015-16,2733,Shaun Livingston,Shaun,1610612744,GSW,Golden State Warriors,21500504,2016-01-02T00:00:00,GSW vs. DEN,W,25.2,0.0,0.0,0.0,4.0,7.0,7.0,12.0,32.0,2.0,0.0,5.0,2.0,17.5,1,1,1,1,11510,12059,10158,9917,8599,12242,15642,22259,3535,932,1,24686,7786,13528,1.0,25:14,2015,2016
2015-16,203960,JaKarr Sampson,JaKarr,1610612755,PHI,Philadelphia 76ers,21500505,2016-01-02T00:00:00,PHI @ LAC,L,23.0,0.0,2.0,0.0,6.0,15.0,0.0,13.0,22.0,2.0,2.0,3.0,0.0,17.2,1,13074,13074,13074,13379,12059,4731,9917,5299,23079,1,23048,10265,932,23588,17641,18762,13725,1.0,22:60,2015,2016
2015-16,203481,Jeff Withey,Jeff,1610612762,UTA,Utah Jazz,21500503,2016-01-02T00:00:00,UTA vs. MEM,W,32.1,2.0,4.0,0.0,10.0,14.0,5.0,10.0,30.0,4.0,2.0,6.0,3.0,39.0,1,1,1,1,5827,6026,1596,9917,1840,22292,11469,20169,4541,132,23588,25827,4736,2642,1.0,32:04,2015,2016
2015-16,203382,Aron Baynes,Aron,1610612765,DET,Detroit Pistons,21500498,2016-01-02T00:00:00,DET @ IND,L,12.2,2.0,2.0,0.0,6.0,6.0,1.0,0.0,6.0,0.0,0.0,1.0,4.0,13.6,1,13074,13074,13074,21457,6026,4731,9917,5299,10028,3393,1,22724,8004,1,4972,2748,16460,1.0,12:09,2015,2016
2015-16,201171,Carl Landry,Carl,1610612755,PHI,Philadelphia 76ers,21500505,2016-01-02T00:00:00,PHI @ LAC,L,16.0,2.0,0.0,0.0,6.0,4.0,4.0,7.0,10.0,0.0,0.0,2.0,3.0,22.3,1,13074,13074,13074,19017,6026,10158,9917,5299,6141,8458,15538,20209,8004,1,11390,4736,10208,1.0,16:01,2015,2016
2015-16,202688,Brandon Knight,Brandon,1610612756,PHX,Phoenix Suns,21500496,2016-01-02T00:00:00,PHX @ SAC,L,32.3,6.0,0.0,2.0,8.0,16.0,10.0,13.0,44.0,0.0,0.0,1.0,7.0,39.5,1,13074,13074,13074,5686,878,10158,4675,3109,23774,20509,23048,454,8004,1,4972,469,2497,1.0,32:15,2015,2016
2015-16,203484,Kentavious Caldwell-Pope,Kentavious,1610612765,DET,Detroit Pistons,21500498,2016-01-02T00:00:00,DET @ IND,L,41.4,0.0,3.0,2.0,4.0,13.0,8.0,9.0,22.0,0.0,0.0,3.0,2.0,27.5,1,13074,13074,13074,397,12059,3104,4675,8599,21300,17345,18829,10265,8004,1,17641,7786,7137,1.0,41:26,2015,2016
2015-16,1626167,Myles Turner,Myles,1610612754,IND,Indiana Pacers,21500498,2016-01-02T00:00:00,IND vs. DET,W,10.3,4.0,0.0,0.0,0.0,0.0,5.0,0.0,10.0,2.0,0.0,2.0,1.0,13.8,1,1,1,1,22308,2460,10158,9917,18861,1,11469,1,20209,932,1,11390,12373,16311,1.0,10:19,2015,2016
2015-16,203894,Shabazz Napier,Shabazz,1610612753,ORL,Orlando Magic,21500499,2016-01-02T00:00:00,ORL @ CLE,L,17.7,2.0,0.0,2.0,4.0,12.0,5.0,2.0,12.0,0.0,0.0,1.0,4.0,17.3,1,13074,13074,13074,17737,6026,10158,4675,8599,20178,11469,4025,18637,8004,1,4972,2748,13671,1.0,17:43,2015,2016
2015-16,200752,Rudy Gay,Rudy,1610612758,SAC,Sacramento Kings,21500496,2016-01-02T00:00:00,SAC vs. PHX,W,33.6,2.0,2.0,4.0,12.0,20.0,6.0,15.0,26.0,1.0,4.0,2.0,3.0,32.6,1,1,1,1,4705,6026,4731,1913,988,25338,13237,24242,7214,2692,25926,11390,4736,4687,1.0,33:33,2015,2016
2015-16,202325,Wesley Johnson,Wesley,1610612746,LAC,LA Clippers,21500505,2016-01-02T00:00:00,LAC vs. PHI,W,24.3,6.0,0.0,3.0,0.0,6.0,8.0,7.0,30.0,2.0,0.0,2.0,0.0,32.9,1,1,1,1,12282,878,10158,3302,18861,10028,17345,15538,4541,932,1,11390,18762,4566,1.0,24:19,2015,2016
2015-16,202738,Isaiah Thomas,Isaiah,1610612738,BOS,Boston Celtics,21500495,2016-01-02T00:00:00,BOS vs. BKN,L,36.3,0.0,2.0,11.0,16.0,9.0,10.0,4.0,34.0,0.0,0.0,2.0,3.0,39.4,1,13074,13074,13074,2520,12059,4731,69,275,15771,20509,8806,2701,8004,1,11390,4736,2530,1.0,36:20,2015,2016
2015-16,2749,Jameer Nelson,Jameer,1610612743,DEN,Denver Nuggets,21500504,2016-01-02T00:00:00,DEN @ GSW,L,45.8,2.0,0.0,5.0,8.0,15.0,0.0,10.0,44.0,0.0,0.0,4.0,2.0,38.1,1,13074,13074,13074,66,6026,10158,1277,3109,23079,1,20169,454,8004,1,22104,7786,2879,1.0,45:46,2015,2016
2015-16,202391,Jeremy Lin,Jeremy,1610612766,CHA,Charlotte Hornets,21500497,2016-01-02T00:00:00,CHA vs. OKC,L,33.8,2.0,0.0,3.0,4.0,6.0,8.0,10.0,18.0,1.0,3.0,5.0,9.0,28.2,1,13074,13074,13074,4484,6026,10158,3302,8599,10028,17345,20169,13577,2692,25441,24686,138,6778,1.0,33:50,2015,2016
2015-16,203109,Jae Crowder,Jae,1610612738,BOS,Boston Celtics,21500495,2016-01-02T00:00:00,BOS vs. BKN,L,30.8,7.0,0.0,5.0,4.0,11.0,10.0,4.0,28.0,0.0,0.0,5.0,4.0,32.9,1,13074,13074,13074,6922,548,10158,1277,8599,18886,20509,8806,5824,8004,1,24686,2748,4566,1.0,30:46,2015,2016
2015-16,2585,Zaza Pachulia,Zaza,1610612742,DAL,Dallas Mavericks,21500501,2016-01-02T00:00:00,DAL vs. NOP,L,34.7,6.0,2.0,0.0,10.0,9.0,7.0,14.0,30.0,1.0,0.0,2.0,3.0,38.8,1,13074,13074,13074,3807,878,4731,9917,1840,15771,15642,23710,4541,2692,1,11390,4736,2692,1.0,34:40,2015,2016
2015-16,101106,Andrew Bogut,Andrew,1610612744,GSW,Golden State Warriors,21500504,2016-01-02T00:00:00,GSW vs. DEN,W,24.8,0.0,0.0,0.0,2.0,10.0,4.0,2.0,30.0,2.0,0.0,6.0,1.0,16.9,1,1,1,1,11828,12059,10158,9917,12984,17370,8458,4025,4541,932,1,25827,12373,13911,1.0,24:48,2015,2016
2015-16,1626164,Devin Booker,Devin,1610612756,PHX,Phoenix Suns,21500496,2016-01-02T00:00:00,PHX @ SAC,L,41.7,5.0,3.0,6.0,6.0,17.0,14.0,15.0,54.0,0.0,0.0,2.0,6.0,37.7,1,13074,13074,13074,357,1603,3104,740,5299,24337,24300,24242,35,8004,1,11390,873,2990,1.0,41:42,2015,2016
2015-16,1626143,Jahlil Okafor,Jahlil,1610612755,PHI,Philadelphia 76ers,21500505,2016-01-02T00:00:00,PHI @ LAC,L,17.9,6.0,2.0,0.0,18.0,12.0,0.0,11.0,24.0,0.0,0.0,0.0,3.0,28.3,1,13074,13074,13074,17604,878,4731,9917,131,20178,1,21342,8723,8004,1,1,4736,6720,1.0,17:53,2015,2016
2015-16,201935,James Harden,James,1610612745,HOU,Houston Rockets,21500502,2016-01-02T00:00:00,HOU @ SAS,L,30.4,2.0,0.0,5.0,4.0,24.0,4.0,13.0,30.0,0.0,0.0,3.0,1.0,21.9,1,13074,13074,13074,7163,6026,10158,1277,8599,25890,8458,23048,4541,8004,1,17641,12373,10460,1.0,30:26,2015,2016
2015-16,203933,T.J. Warren,T.J.,1610612756,PHX,Phoenix Suns,21500496,2016-01-02T00:00:00,PHX @ SAC,L,36.4,2.0,2.0,4.0,4.0,18.0,8.0,13.0,36.0,0.0,0.0,4.0,1.0,28.0,1,13074,13074,13074,2452,6026,4731,1913,8599,24749,17345,23048,1943,8004,1,22104,12373,6864,1.0,36:25,2015,2016
2015-16,203473,Dewayne Dedmon,Dewayne,1610612753,ORL,Orlando Magic,21500499,2016-01-02T00:00:00,ORL @ CLE,L,21.8,0.0,0.0,2.0,8.0,12.0,5.0,2.0,14.0,1.0,0.0,2.0,0.0,17.0,1,13074,13074,13074,14345,12059,10158,4675,3109,20178,11469,4025,17019,2692,1,11390,18762,13855,1.0,21:48,2015,2016
2015-16,1626158,Richaun Holmes,Richaun,1610612755,PHI,Philadelphia 76ers,21500505,2016-01-02T00:00:00,PHI @ LAC,L,15.8,6.0,0.0,6.0,6.0,4.0,4.0,7.0,10.0,0.0,1.0,0.0,0.0,13.4,1,13074,13074,13074,19214,878,10158,740,5299,6141,8458,15538,20209,8004,17214,1,18762,16614,1.0,15:46,2015,2016
2015-16,202681,Kyrie Irving,Kyrie,1610612739,CLE,Cleveland Cavaliers,21500499,2016-01-02T00:00:00,CLE vs. ORL,W,21.4,3.0,1.0,5.0,8.0,2.0,6.0,0.0,18.0,0.0,1.0,1.0,4.0,21.9,1,1,1,1,14657,4307,9709,1277,3109,2619,13237,1,13577,8004,17214,4972,2748,10460,1.0,21:26,2015,2016
2015-16,202087,Alonzo Gee,Alonzo,1610612740,NOP,New Orleans Pelicans,21500501,2016-01-02T00:00:00,NOP @ DAL,W,25.3,0.0,0.0,3.0,2.0,10.0,2.0,4.0,18.0,0.0,0.0,3.0,1.0,17.6,1,1,1,1,11415,12059,10158,3302,12984,17370,3734,8806,13577,8004,1,17641,12373,13443,1.0,25:21,2015,2016
2015-16,202699,Tobias Harris,Tobias,1610612753,ORL,Orlando Magic,21500499,2016-01-02T00:00:00,ORL @ CLE,L,21.8,0.0,0.0,0.0,4.0,8.0,10.0,7.0,18.0,1.0,1.0,2.0,3.0,13.5,1,13074,13074,13074,14360,12059,10158,9917,8599,13914,20509,15538,13577,2692,17214,11390,4736,16552,1.0,21:47,2015,2016
2015-16,1626169,Stanley Johnson,Stanley,1610612765,DET,Detroit Pistons,21500498,2016-01-02T00:00:00,DET @ IND,L,18.5,0.0,0.0,0.0,4.0,10.0,3.0,0.0,10.0,0.0,2.0,3.0,2.0,10.4,1,13074,13074,13074,17069,12059,10158,9917,8599,17370,7138,1,20209,8004,23588,17641,7786,18859,1.0,18:32,2015,2016
2015-16,203546,Ian Clark,Ian,1610612744,GSW,Golden State Warriors,21500504,2016-01-02T00:00:00,GSW vs. DEN,W,37.3,0.0,0.0,0.0,12.0,15.0,15.0,14.0,46.0,0.0,0.0,2.0,0.0,14.7,1,1,1,1,1879,12059,10158,9917,988,23079,24781,23710,298,8004,1,11390,18762,15631,1.0,37:20,2015,2016
2015-16,201588,George Hill,George,1610612754,IND,Indiana Pacers,21500498,2016-01-02T00:00:00,IND vs. DET,W,37.0,4.0,0.0,4.0,6.0,5.0,5.0,4.0,28.0,0.0,0.0,3.0,3.0,25.3,1,1,1,1,2077,2460,10158,1913,5299,8403,11469,8806,5824,8004,1,17641,4736,8340,1.0,37:00,2015,2016
2015-16,203087,Jeremy Lamb,Jeremy,1610612766,CHA,Charlotte Hornets,21500497,2016-01-02T00:00:00,CHA vs. OKC,L,25.2,4.0,0.0,0.0,2.0,3.0,4.0,10.0,10.0,1.0,2.0,4.0,2.0,23.6,1,13074,13074,13074,11528,2460,10158,9917,12984,5109,8458,20169,20209,2692,23588,22104,7786,9377,1.0,25:12,2015,2016
2015-16,203935,Marcus Smart,Marcus,1610612738,BOS,Boston Celtics,21500495,2016-01-02T00:00:00,BOS vs. BKN,L,24.5,0.0,2.0,0.0,6.0,8.0,6.0,2.0,22.0,0.0,0.0,3.0,5.0,25.1,1,13074,13074,13074,12150,12059,4731,9917,5299,13914,13237,4025,10265,8004,1,17641,1539,8429,1.0,24:28,2015,2016
2015-16,101141,Ersan Ilyasova,Ersan,1610612765,DET,Detroit Pistons,21500498,2016-01-02T00:00:00,DET @ IND,L,32.0,4.0,2.0,4.0,8.0,11.0,7.0,7.0,16.0,0.0,1.0,1.0,2.0,22.9,1,13074,13074,13074,5933,2460,4731,1913,3109,18886,15642,15538,15259,8004,17214,4972,7786,9811,1.0,31:57,2015,2016
2015-16,201956,Omri Casspi,Omri,1610612758,SAC,Sacramento Kings,21500496,2016-01-02T00:00:00,SAC vs. PHX,W,29.0,0.0,2.0,0.0,2.0,8.0,4.0,9.0,18.0,0.0,0.0,3.0,2.0,25.9,1,1,1,1,8348,12059,4731,9917,12984,13914,8458,18829,13577,8004,1,17641,7786,7960,1.0,29:02,2015,2016
2015-16,202683,Enes Freedom,Enes,1610612760,OKC,Oklahoma City Thunder,21500497,2016-01-02T00:00:00,OKC @ CHA,W,24.1,0.0,0.0,0.0,6.0,4.0,5.0,5.0,12.0,3.0,1.0,2.0,2.0,25.8,1,1,1,1,12491,12059,10158,9917,5299,6141,11469,11593,18637,347,17214,11390,7786,8022,1.0,24:04,2015,2016
2015-16,203095,Evan Fournier,Evan,1610612753,ORL,Orlando Magic,21500499,2016-01-02T00:00:00,ORL @ CLE,L,28.0,2.0,0.0,0.0,2.0,12.0,10.0,9.0,26.0,0.0,0.0,3.0,2.0,10.2,1,13074,13074,13074,9261,6026,10158,9917,12984,20178,20509,18829,7214,8004,1,17641,7786,19003,1.0,27:57,2015,2016
2015-16,203143,Pablo Prigioni,Pablo,1610612746,LAC,LA Clippers,21500505,2016-01-02T00:00:00,LAC vs. PHI,W,22.0,0.0,0.0,0.0,0.0,15.0,0.0,14.0,24.0,0.0,0.0,2.0,0.0,10.1,1,1,1,1,14199,12059,10158,9917,18861,23079,1,23710,8723,8004,1,11390,18762,19105,1.0,21:58,2015,2016
2015-16,201566,Russell Westbrook,Russell,1610612760,OKC,Oklahoma City Thunder,21500497,2016-01-02T00:00:00,OKC @ CHA,W,30.8,1.0,0.0,7.0,4.0,6.0,5.0,12.0,22.0,0.0,4.0,2.0,5.0,34.7,1,1,1,1,6906,11535,10158,454,8599,10028,11469,22259,10265,8004,25926,11390,1539,3935,1.0,30:47,2015,2016
2015-16,203521,Matthew Dellavedova,Matthew,1610612739,CLE,Cleveland Cavaliers,21500499,2016-01-02T00:00:00,CLE vs. ORL,W,18.8,0.0,3.0,0.0,0.0,0.0,2.0,2.0,10.0,0.0,0.0,1.0,0.0,14.6,1,1,1,1,16895,12059,3104,9917,18861,1,3734,4025,20209,8004,1,4972,18762,15699,1.0,18:46,2015,2016
2015-16,203462,Archie Goodwin,Archie,1610612756,PHX,Phoenix Suns,21500496,2016-01-02T00:00:00,PHX @ SAC,L,8.3,1.0,0.0,0.0,2.0,4.0,4.0,4.0,18.0,0.0,1.0,1.0,2.0,10.2,1,13074,13074,13074,23076,11535,10158,9917,12984,6141,8458,8806,13577,8004,17214,4972,7786,19003,1.0,8:20,2015,2016
2015-16,1717,Dirk Nowitzki,Dirk,1610612742,DAL,Dallas Mavericks,21500501,2016-01-02T00:00:00,DAL vs. NOP,L,32.9,7.0,0.0,3.0,6.0,10.0,11.0,11.0,26.0,0.0,0.0,1.0,5.0,33.3,1,13074,13074,13074,5183,548,10158,3302,5299,17370,21814,21342,7214,8004,1,4972,1539,4423,1.0,32:56,2015,2016
2015-16,203469,Cody Zeller,Cody,1610612766,CHA,Charlotte Hornets,21500497,2016-01-02T00:00:00,CHA vs. OKC,L,22.8,0.0,3.0,0.0,4.0,3.0,4.0,10.0,14.0,1.0,1.0,4.0,3.0,14.8,1,13074,13074,13074,13515,12059,3104,9917,8599,5109,8458,20169,17019,2692,17214,22104,4736,15561,1.0,22:49,2015,2016
2015-16,203524,Solomon Hill,Solomon,1610612754,IND,Indiana Pacers,21500498,2016-01-02T00:00:00,IND vs. DET,W,16.7,0.0,2.0,0.0,4.0,2.0,5.0,0.0,16.0,2.0,0.0,2.0,1.0,19.5,1,1,1,1,18473,12059,4731,9917,8599,2619,11469,1,15259,932,1,11390,12373,12096,1.0,16:44,2015,2016
2015-16,201973,Jonas Jerebko,Jonas,1610612738,BOS,Boston Celtics,21500495,2016-01-02T00:00:00,BOS vs. BKN,L,16.1,0.0,0.0,0.0,0.0,8.0,6.0,2.0,18.0,0.0,0.0,0.0,1.0,14.9,1,13074,13074,13074,18970,12059,10158,9917,18861,13914,13237,4025,13577,8004,1,1,12373,15463,1.0,16:05,2015,2016
2015-16,203499,Shane Larkin,Shane,1610612751,BKN,Brooklyn Nets,21500495,2016-01-02T00:00:00,BKN @ BOS,W,24.2,0.0,0.0,0.0,0.0,5.0,6.0,9.0,30.0,0.0,0.0,3.0,1.0,14.8,1,1,1,1,12395,12059,10158,9917,18861,8403,13237,18829,4541,8004,1,17641,12373,15561,1.0,24:11,2015,2016
2015-16,2199,Tyson Chandler,Tyson,1610612756,PHX,Phoenix Suns,21500496,2016-01-02T00:00:00,PHX @ SAC,L,12.4,2.0,1.0,0.0,4.0,3.0,8.0,5.0,16.0,0.0,0.0,4.0,2.0,9.7,1,13074,13074,13074,21347,6026,9709,9917,8599,5109,17345,11593,15259,8004,1,22104,7786,19379,1.0,12:22,2015,2016
2015-16,1626163,Frank Kaminsky,Frank,1610612766,CHA,Charlotte Hornets,21500497,2016-01-02T00:00:00,CHA vs. OKC,L,32.9,0.0,2.0,1.0,4.0,4.0,6.0,8.0,12.0,0.0,5.0,2.0,3.0,14.2,1,13074,13074,13074,5207,12059,4731,9347,8599,6141,13237,17194,18637,8004,26042,11390,4736,16003,1.0,32:54,2015,2016
2015-16,202332,Cole Aldrich,Cole,1610612746,LAC,LA Clippers,21500505,2016-01-02T00:00:00,LAC vs. PHI,W,11.5,0.0,2.0,0.0,8.0,9.0,0.0,8.0,8.0,2.0,1.0,5.0,1.0,23.3,1,1,1,1,21812,12059,4731,9917,3109,15771,1,17194,21543,932,17214,24686,12373,9567,1.0,11:31,2015,2016
2015-16,203186,Willie Reed,Willie,1610612751,BKN,Brooklyn Nets,21500495,2016-01-02T00:00:00,BKN @ BOS,W,12.2,2.0,2.0,2.0,4.0,3.0,0.0,6.0,10.0,0.0,0.0,1.0,1.0,14.4,1,1,1,1,21429,6026,4731,4675,8599,5109,1,13388,20209,8004,1,4972,12373,15857,1.0,12:12,2015,2016
2015-16,202389,Timofey Mozgov,Timofey,1610612739,CLE,Cleveland Cavaliers,21500499,2016-01-02T00:00:00,CLE vs. ORL,W,12.9,0.0,0.0,0.0,4.0,0.0,2.0,2.0,12.0,0.0,0.0,2.0,4.0,19.0,1,1,1,1,21010,12059,10158,9917,8599,1,3734,4025,18637,8004,1,11390,2748,12440,1.0,12:57,2015,2016
2015-16,202704,Reggie Jackson,Reggie,1610612765,DET,Detroit Pistons,21500498,2016-01-02T00:00:00,DET @ IND,L,28.7,0.0,0.0,0.0,6.0,6.0,7.0,9.0,18.0,0.0,3.0,2.0,2.0,25.1,1,13074,13074,13074,8624,12059,10158,9917,5299,10028,15642,18829,13577,8004,25441,11390,7786,8429,1.0,28:43,2015,2016
2015-16,203953,Jabari Parker,Jabari,1610612749,MIL,Milwaukee Bucks,21500500,2016-01-02T00:00:00,MIL @ MIN,W,35.0,0.0,0.0,0.0,8.0,14.0,11.0,6.0,34.0,0.0,0.0,4.0,3.0,19.7,1,1,1,1,3534,12059,10158,9917,3109,22292,21814,13388,2701,8004,1,22104,4736,11962,1.0,35:00,2015,2016
2015-16,201951,Ty Lawson,Ty,1610612745,HOU,Houston Rockets,21500502,2016-01-02T00:00:00,HOU @ SAS,L,18.0,0.0,0.0,0.0,4.0,9.0,4.0,2.0,16.0,0.0,0.0,2.0,0.0,19.6,1,13074,13074,13074,17519,12059,10158,9917,8599,15771,8458,4025,15259,8004,1,11390,18762,12024,1.0,17:59,2015,2016
2015-16,201601,Luc Mbah a Moute,Luc,1610612746,LAC,LA Clippers,21500505,2016-01-02T00:00:00,LAC vs. PHI,W,22.6,2.0,0.0,4.0,6.0,7.0,6.0,10.0,26.0,1.0,1.0,1.0,1.0,14.8,1,1,1,1,13687,6026,10158,1913,5299,12242,13237,20169,7214,2692,17214,4972,12373,15561,1.0,22:37,2015,2016
2015-16,101127,Jarrett Jack,Jarrett,1610612751,BKN,Brooklyn Nets,21500495,2016-01-02T00:00:00,BKN @ BOS,W,22.8,2.0,0.0,0.0,0.0,6.0,10.0,9.0,16.0,1.0,0.0,2.0,3.0,18.7,1,1,1,1,13528,6026,10158,9917,18861,10028,20509,18829,15259,2692,1,11390,4736,12648,1.0,22:48,2015,2016
2015-16,1626168,Trey Lyles,Trey,1610612762,UTA,Utah Jazz,21500503,2016-01-02T00:00:00,UTA vs. MEM,W,18.9,0.0,0.0,3.0,2.0,15.0,3.0,9.0,20.0,0.0,0.0,0.0,1.0,10.1,1,1,1,1,16820,12059,10158,3302,12984,23079,7138,18829,11929,8004,1,1,12373,19105,1.0,18:51,2015,2016
2015-16,201147,Corey Brewer,Corey,1610612745,HOU,Houston Rockets,21500502,2016-01-02T00:00:00,HOU @ SAS,L,19.0,3.0,0.0,6.0,6.0,11.0,4.0,4.0,16.0,0.0,0.0,4.0,3.0,14.4,1,13074,13074,13074,16683,4307,10158,740,5299,18886,8458,8806,15259,8004,1,22104,4736,15857,1.0,19:01,2015,2016
2015-16,1626157,Karl-Anthony Towns,Karl-Anthony,1610612750,MIN,Minnesota Timberwolves,21500500,2016-01-02T00:00:00,MIN vs. MIL,L,26.2,2.0,2.0,2.0,8.0,7.0,5.0,2.0,22.0,3.0,1.0,1.0,0.0,35.0,1,13074,13074,13074,10685,6026,4731,4675,3109,12242,11469,4025,10265,347,17214,4972,18762,3813,1.0,26:12,2015,2016
2015-16,202344,Trevor Booker,Trevor,1610612762,UTA,Utah Jazz,21500503,2016-01-02T00:00:00,UTA vs. MEM,W,35.1,1.0,0.0,0.0,0.0,16.0,2.0,7.0,20.0,2.0,0.0,4.0,4.0,25.7,1,1,1,1,3452,11535,10158,9917,18861,23774,3734,15538,11929,932,1,22104,2748,8088,1.0,35:07,2015,2016
2015-16,202702,Kenneth Faried,Kenneth,1610612743,DEN,Denver Nuggets,21500504,2016-01-02T00:00:00,DEN @ GSW,L,28.9,2.0,4.0,0.0,14.0,9.0,0.0,5.0,28.0,0.0,1.0,3.0,4.0,34.4,1,13074,13074,13074,8472,6026,1596,9917,542,15771,1,11593,5824,8004,17214,17641,2748,4029,1.0,28:52,2015,2016
2015-16,101179,Ronnie Price,Ronnie,1610612756,PHX,Phoenix Suns,21500496,2016-01-02T00:00:00,PHX @ SAC,L,16.2,0.0,0.0,0.0,0.0,7.0,0.0,2.0,10.0,1.0,0.0,3.0,1.0,19.7,1,13074,13074,13074,18913,12059,10158,9917,18861,12242,1,4025,20209,2692,1,17641,12373,11962,1.0,16:10,2015,2016
2015-16,204456,T.J. McConnell,T.J.,1610612755,PHI,Philadelphia 76ers,21500505,2016-01-02T00:00:00,PHI @ LAC,L,18.6,0.0,0.0,0.0,0.0,2.0,4.0,6.0,14.0,0.0,0.0,2.0,2.0,19.7,1,13074,13074,13074,17055,12059,10158,9917,18861,2619,8458,13388,17019,8004,1,11390,7786,11962,1.0,18:33,2015,2016
2015-16,1626209,Mario Hezonja,Mario,1610612753,ORL,Orlando Magic,21500499,2016-01-02T00:00:00,ORL @ CLE,L,27.0,0.0,4.0,0.0,2.0,12.0,7.0,5.0,18.0,0.0,0.0,1.0,3.0,19.7,1,13074,13074,13074,10049,12059,1596,9917,12984,20178,15642,11593,13577,8004,1,4972,4736,11962,1.0,26:58,2015,2016
2015-16,203089,John Henson,John,1610612749,MIL,Milwaukee Bucks,21500500,2016-01-02T00:00:00,MIL @ MIN,W,21.0,4.0,3.0,0.0,12.0,6.0,4.0,4.0,8.0,1.0,0.0,1.0,2.0,23.3,1,1,1,1,15039,2460,3104,9917,988,10028,8458,8806,21543,2692,1,4972,7786,9567,1.0,21:01,2015,2016
2015-16,200755,JJ Redick,JJ,1610612746,LAC,LA Clippers,21500505,2016-01-02T00:00:00,LAC vs. PHI,W,24.1,6.0,0.0,3.0,0.0,7.0,6.0,10.0,26.0,0.0,1.0,1.0,3.0,19.2,1,1,1,1,12442,878,10158,3302,18861,12242,13237,20169,7214,8004,17214,4972,4736,12284,1.0,24:07,2015,2016
2015-16,2561,David West,David,1610612759,SAS,San Antonio Spurs,21500502,2016-01-02T00:00:00,SAS vs. HOU,W,20.5,2.0,0.0,0.0,2.0,5.0,0.0,12.0,20.0,0.0,0.0,3.0,0.0,14.2,1,1,1,1,15490,6026,10158,9917,12984,8403,1,22259,11929,8004,1,17641,18762,16003,1.0,20:30,2015,2016
2015-16,203482,Kelly Olynyk,Kelly,1610612738,BOS,Boston Celtics,21500495,2016-01-02T00:00:00,BOS vs. BKN,L,12.4,2.0,0.0,2.0,4.0,4.0,4.0,2.0,10.0,0.0,0.0,1.0,0.0,9.8,1,13074,13074,13074,21320,6026,10158,4675,8599,6141,8458,4025,20209,8004,1,4972,18762,19331,1.0,12:25,2015,2016
2015-16,2754,Tony Allen,Tony,1610612763,MEM,Memphis Grizzlies,21500503,2016-01-02T00:00:00,MEM @ UTA,L,36.4,3.0,3.0,2.0,8.0,8.0,2.0,8.0,22.0,0.0,2.0,4.0,3.0,34.6,1,13074,13074,13074,2495,4307,3104,4675,3109,13914,3734,17194,10265,8004,23588,22104,4736,3963,1.0,36:23,2015,2016
2015-16,2419,Tayshaun Prince,Tayshaun,1610612750,MIN,Minnesota Timberwolves,21500500,2016-01-02T00:00:00,MIN vs. MIL,L,28.2,0.0,0.0,0.0,0.0,11.0,5.0,6.0,22.0,0.0,0.0,0.0,0.0,10.2,1,13074,13074,13074,9113,12059,10158,9917,18861,18886,11469,13388,10265,8004,1,1,18762,19003,1.0,28:09,2015,2016
2015-16,203085,Austin Rivers,Austin,1610612746,LAC,LA Clippers,21500505,2016-01-02T00:00:00,LAC vs. PHI,W,24.5,0.0,0.0,3.0,4.0,15.0,4.0,14.0,28.0,0.0,0.0,1.0,1.0,29.9,1,1,1,1,12132,12059,10158,3302,8599,23079,8458,23710,5824,8004,1,4972,12373,5884,1.0,24:30,2015,2016
2015-16,203952,Andrew Wiggins,Andrew,1610612750,MIN,Minnesota Timberwolves,21500500,2016-01-02T00:00:00,MIN vs. MIL,L,35.0,2.0,4.0,0.0,8.0,16.0,6.0,7.0,34.0,1.0,1.0,2.0,6.0,35.7,1,13074,13074,13074,3531,6026,1596,9917,3109,23774,13237,15538,2701,2692,17214,11390,873,3578,1.0,35:01,2015,2016
2015-16,2544,LeBron James,LeBron,1610612739,CLE,Cleveland Cavaliers,21500499,2016-01-02T00:00:00,CLE vs. ORL,W,29.2,4.0,0.0,7.0,10.0,2.0,8.0,0.0,18.0,0.0,0.0,2.0,4.0,45.5,1,1,1,1,8196,2460,10158,454,1840,2619,17345,1,13577,8004,1,11390,2748,1278,1.0,29:13,2015,2016
2015-16,200782,P.J. Tucker,P.J.,1610612756,PHX,Phoenix Suns,21500496,2016-01-02T00:00:00,PHX @ SAC,L,28.2,0.0,0.0,3.0,0.0,14.0,10.0,13.0,38.0,3.0,0.0,2.0,1.0,24.8,1,13074,13074,13074,9113,12059,10158,3302,18861,22292,20509,23048,1422,347,1,11390,12373,8614,1.0,28:09,2015,2016
2015-16,202708,Norris Cole,Norris,1610612740,NOP,New Orleans Pelicans,21500501,2016-01-02T00:00:00,NOP @ DAL,W,38.0,4.0,0.0,4.0,2.0,15.0,2.0,9.0,28.0,0.0,0.0,4.0,1.0,43.4,1,1,1,1,1501,2460,10158,1913,12984,23079,3734,18829,5824,8004,1,22104,12373,1662,1.0,38:00,2015,2016
2015-16,202689,Kemba Walker,Kemba,1610612766,CHA,Charlotte Hornets,21500497,2016-01-02T00:00:00,CHA vs. OKC,L,35.8,4.0,0.0,12.0,12.0,3.0,8.0,17.0,18.0,1.0,3.0,2.0,6.0,54.1,1,13074,13074,13074,2868,2460,10158,42,988,5109,17345,24967,13577,2692,25441,11390,873,447,1.0,35:50,2015,2016
2015-16,201583,Ryan Anderson,Ryan,1610612740,NOP,New Orleans Pelicans,21500501,2016-01-02T00:00:00,NOP @ DAL,W,29.1,5.0,4.0,0.0,2.0,11.0,2.0,6.0,18.0,0.0,0.0,1.0,3.0,29.1,1,1,1,1,8323,1603,1596,9917,12984,18886,3734,13388,13577,8004,1,4972,4736,6285,1.0,29:04,2015,2016
2015-16,202323,Evan Turner,Evan,1610612738,BOS,Boston Celtics,21500495,2016-01-02T00:00:00,BOS vs. BKN,L,37.3,4.0,2.0,0.0,6.0,15.0,12.0,4.0,28.0,0.0,0.0,2.0,3.0,23.9,1,13074,13074,13074,1910,2460,4731,9917,5299,23079,22832,8806,5824,8004,1,11390,4736,9184,1.0,37:16,2015,2016
2015-16,203115,Will Barton,Will,1610612743,DEN,Denver Nuggets,21500504,2016-01-02T00:00:00,DEN @ GSW,L,49.5,4.0,3.0,7.0,10.0,10.0,3.0,8.0,48.0,0.0,1.0,3.0,3.0,48.1,1,13074,13074,13074,14,2460,3104,454,1840,17370,7138,17194,192,8004,17214,17641,4736,952,1.0,49:30,2015,2016
2015-16,203918,Rodney Hood,Rodney,1610612762,UTA,Utah Jazz,21500503,2016-01-02T00:00:00,UTA vs. MEM,W,43.6,2.0,5.0,2.0,6.0,21.0,5.0,13.0,34.0,1.0,0.0,4.0,5.0,45.6,1,1,1,1,154,6026,995,4675,5299,25535,11469,23048,2701,2692,1,22104,1539,1263,1.0,43:37,2015,2016
2015-16,2738,Andre Iguodala,Andre,1610612744,GSW,Golden State Warriors,21500504,2016-01-02T00:00:00,GSW vs. DEN,W,43.2,0.0,0.0,0.0,4.0,15.0,15.0,12.0,46.0,0.0,0.0,1.0,2.0,24.6,1,1,1,1,193,12059,10158,9917,8599,23079,24781,22259,298,8004,1,4972,7786,8724,1.0,43:10,2015,2016
2015-16,201142,Kevin Durant,Kevin,1610612760,OKC,Oklahoma City Thunder,21500497,2016-01-02T00:00:00,OKC @ CHA,W,35.3,0.0,2.0,4.0,0.0,8.0,3.0,14.0,22.0,4.0,0.0,3.0,6.0,54.2,1,1,1,1,3285,12059,4731,1913,18861,13914,7138,23710,10265,132,1,17641,873,432,1.0,35:20,2015,2016
2015-16,202331,Paul George,Paul,1610612754,IND,Indiana Pacers,21500498,2016-01-02T00:00:00,IND vs. DET,W,32.6,2.0,2.0,5.0,4.0,9.0,6.0,8.0,28.0,0.0,0.0,3.0,5.0,49.3,1,1,1,1,5424,6026,4731,1277,8599,15771,13237,17194,5824,8004,1,17641,1539,827,1.0,32:36,2015,2016
2015-16,203076,Anthony Davis,Anthony,1610612740,NOP,New Orleans Pelicans,21500501,2016-01-02T00:00:00,NOP @ DAL,W,42.8,6.0,6.0,6.0,16.0,21.0,4.0,12.0,28.0,1.0,2.0,2.0,5.0,49.8,1,1,1,1,214,878,481,740,275,25535,8458,22259,5824,2692,23588,11390,1539,775,1.0,42:50,2015,2016
2015-16,202326,DeMarcus Cousins,DeMarcus,1610612758,SAC,Sacramento Kings,21500496,2016-01-02T00:00:00,SAC vs. PHX,W,27.0,2.0,6.0,4.0,14.0,8.0,4.0,7.0,14.0,0.0,1.0,3.0,10.0,49.3,1,1,1,1,10027,6026,481,1913,542,13914,8458,15538,17019,8004,17214,17641,76,827,1.0,26:60,2015,2016
2015-16,201572,Brook Lopez,Brook,1610612751,BKN,Brooklyn Nets,21500495,2016-01-02T00:00:00,BKN @ BOS,W,38.2,6.0,6.0,0.0,20.0,11.0,16.0,12.0,28.0,1.0,0.0,4.0,9.0,50.6,1,1,1,1,1430,878,481,9917,59,18886,25155,22259,5824,2692,1,22104,138,691,1.0,38:11,2015,2016
2015-16,202684,Tristan Thompson,Tristan,1610612739,CLE,Cleveland Cavaliers,21500499,2016-01-02T00:00:00,CLE vs. ORL,W,28.9,0.0,4.0,0.0,8.0,2.0,6.0,0.0,18.0,0.0,0.0,0.0,5.0,24.4,1,1,1,1,8485,12059,1596,9917,3109,2619,13237,1,13577,8004,1,1,1539,8867,1.0,28:51,2015,2016
2015-16,202695,Kawhi Leonard,Kawhi,1610612759,SAS,San Antonio Spurs,21500502,2016-01-02T00:00:00,SAS vs. HOU,W,34.2,5.0,0.0,2.0,10.0,8.0,0.0,17.0,26.0,0.0,0.0,3.0,4.0,29.2,1,1,1,1,4204,1603,10158,4675,1840,13914,1,24967,7214,8004,1,17641,2748,6243,1.0,34:11,2015,2016
2015-16,203496,Robert Covington,Robert,1610612755,PHI,Philadelphia 76ers,21500505,2016-01-02T00:00:00,PHI @ LAC,L,17.2,0.0,0.0,2.0,2.0,3.0,2.0,4.0,14.0,1.0,1.0,2.0,0.0,11.5,1,13074,13074,13074,18152,12059,10158,4675,12984,5109,3734,8806,17019,2692,17214,11390,18762,18079,1.0,17:11,2015,2016
2015-16,203110,Draymond Green,Draymond,1610612744,GSW,Golden State Warriors,21500504,2016-01-02T00:00:00,GSW vs. DEN,W,43.8,7.0,0.0,0.0,10.0,16.0,10.0,6.0,50.0,1.0,0.0,4.0,7.0,82.4,1,1,1,1,144,548,10158,9917,1840,23774,20509,13388,107,2692,1,22104,469,3,1.0,43:50,2015,2016
2015-16,201950,Jrue Holiday,Jrue,1610612740,NOP,New Orleans Pelicans,21500501,2016-01-02T00:00:00,NOP @ DAL,W,30.0,2.0,0.0,3.0,12.0,11.0,2.0,8.0,20.0,1.0,0.0,1.0,3.0,37.1,1,1,1,1,7525,6026,10158,3302,988,18886,3734,17194,11929,2692,1,4972,4736,3151,1.0,30:01,2015,2016
2015-16,101161,Amir Johnson,Amir,1610612738,BOS,Boston Celtics,21500495,2016-01-02T00:00:00,BOS vs. BKN,L,29.4,0.0,6.0,0.0,6.0,7.0,4.0,2.0,24.0,2.0,0.0,5.0,1.0,29.2,1,13074,13074,13074,8015,12059,481,9917,5299,12242,8458,4025,8723,932,1,24686,12373,6243,1.0,29:27,2015,2016
2015-16,1626161,Willie Cauley-Stein,Willie,1610612758,SAC,Sacramento Kings,21500496,2016-01-02T00:00:00,SAC vs. PHX,W,4.8,0.0,2.0,0.0,4.0,1.0,3.0,0.0,2.0,0.0,0.0,0.0,0.0,11.5,1,1,1,1,24418,12059,4731,9917,8599,2356,7138,1,24614,8004,1,1,18762,18079,1.0,4:50,2015,2016
2015-16,203487,Michael Carter-Williams,Michael,1610612749,MIL,Milwaukee Bucks,21500500,2016-01-02T00:00:00,MIL @ MIN,W,34.8,0.0,0.0,0.0,2.0,12.0,11.0,4.0,32.0,3.0,1.0,4.0,2.0,36.4,1,1,1,1,3666,12059,10158,9917,12984,20178,21814,8806,3535,347,17214,22104,7786,3353,1.0,34:50,2015,2016
2015-16,202691,Klay Thompson,Klay,1610612744,GSW,Golden State Warriors,21500504,2016-01-02T00:00:00,GSW vs. DEN,W,46.0,4.0,0.0,5.0,12.0,16.0,12.0,6.0,54.0,0.0,0.0,0.0,2.0,43.9,1,1,1,1,61,2460,10158,1277,988,23774,22832,13388,35,8004,1,1,7786,1573,1.0,45:58,2015,2016
2015-16,200765,Rajon Rondo,Rajon,1610612758,SAC,Sacramento Kings,21500496,2016-01-02T00:00:00,SAC vs. PHX,W,30.4,5.0,0.0,2.0,10.0,14.0,4.0,13.0,20.0,0.0,1.0,2.0,1.0,44.7,1,1,1,1,7224,1603,10158,4675,1840,22292,8458,23048,11929,8004,17214,11390,12373,1419,1.0,30:21,2015,2016
2015-16,203141,Mirza Teletovic,Mirza,1610612756,PHX,Phoenix Suns,21500496,2016-01-02T00:00:00,PHX @ SAC,L,26.8,5.0,0.0,2.0,4.0,10.0,6.0,6.0,32.0,2.0,0.0,2.0,1.0,24.4,1,13074,13074,13074,10220,1603,10158,4675,8599,17370,13237,13388,3535,932,1,11390,12373,8867,1.0,26:46,2015,2016
2015-16,201586,Serge Ibaka,Serge,1610612760,OKC,Oklahoma City Thunder,21500497,2016-01-02T00:00:00,OKC @ CHA,W,31.0,0.0,4.0,6.0,4.0,4.0,5.0,8.0,18.0,4.0,0.0,3.0,5.0,29.0,1,1,1,1,6727,12059,1596,740,8599,6141,11469,17194,13577,132,1,17641,1539,6346,1.0,30:59,2015,2016
2015-16,203092,Tyler Zeller,Tyler,1610612738,BOS,Boston Celtics,21500495,2016-01-02T00:00:00,BOS vs. BKN,L,6.6,0.0,2.0,0.0,0.0,4.0,0.0,2.0,6.0,1.0,0.0,1.0,2.0,7.4,1,13074,13074,13074,23703,12059,4731,9917,18861,6141,1,4025,22724,2692,1,4972,7786,20912,1.0,6:38,2015,2016
2015-16,201188,Marc Gasol,Marc,1610612763,MEM,Memphis Grizzlies,21500503,2016-01-02T00:00:00,MEM @ UTA,L,45.4,8.0,2.0,0.0,8.0,8.0,5.0,8.0,24.0,2.0,2.0,4.0,5.0,36.4,1,13074,13074,13074,73,308,4731,9917,3109,13914,11469,17194,8723,932,23588,22104,1539,3353,1.0,45:26,2015,2016
2015-16,201976,Patrick Beverley,Patrick,1610612745,HOU,Houston Rockets,21500502,2016-01-02T00:00:00,HOU @ SAS,L,31.0,1.0,1.0,6.0,2.0,20.0,2.0,13.0,28.0,0.0,1.0,3.0,3.0,29.5,1,13074,13074,13074,6740,11535,9709,740,12984,25338,3734,23048,5824,8004,17214,17641,4736,6103,1.0,30:58,2015,2016
2015-16,2730,Dwight Howard,Dwight,1610612745,HOU,Houston Rockets,21500502,2016-01-02T00:00:00,HOU @ SAS,L,37.3,2.0,0.0,4.0,12.0,19.0,2.0,15.0,36.0,0.0,0.0,1.0,11.0,37.4,1,13074,13074,13074,1897,6026,10158,1913,988,25074,3734,24242,1943,8004,1,4972,44,3073,1.0,37:17,2015,2016
2015-16,201158,Marco Belinelli,Marco,1610612758,SAC,Sacramento Kings,21500496,2016-01-02T00:00:00,SAC vs. PHX,W,24.6,4.0,0.0,0.0,0.0,14.0,2.0,12.0,20.0,0.0,0.0,2.0,3.0,24.4,1,1,1,1,12000,2460,10158,9917,18861,22292,3734,22259,11929,8004,1,11390,4736,8867,1.0,24:37,2015,2016
2015-16,201596,Mario Chalmers,Mario,1610612763,MEM,Memphis Grizzlies,21500503,2016-01-02T00:00:00,MEM @ UTA,L,12.1,0.0,0.0,0.0,0.0,3.0,9.0,1.0,6.0,0.0,0.0,3.0,2.0,7.5,1,13074,13074,13074,21490,12059,10158,9917,18861,5109,19144,3646,22724,8004,1,17641,7786,20874,1.0,12:04,2015,2016
2015-16,203956,Mitch McGary,Mitch,1610612760,OKC,Oklahoma City Thunder,21500497,2016-01-02T00:00:00,OKC @ CHA,W,2.6,0.0,0.0,0.0,0.0,2.0,0.0,0.0,2.0,0.0,1.0,0.0,0.0,1.2,1,1,1,1,25286,12059,10158,9917,18861,2619,1,1,24614,8004,17214,1,18762,24661,1.0,2:36,2015,2016
2015-16,203937,Kyle Anderson,Kyle,1610612759,SAS,San Antonio Spurs,21500502,2016-01-02T00:00:00,SAS vs. HOU,W,2.1,0.0,0.0,0.0,0.0,0.0,1.0,5.0,2.0,0.0,0.0,0.0,1.0,2.0,1,1,1,1,25476,12059,10158,9917,18861,1,3393,11593,24614,8004,1,1,12373,24216,1.0,2:07,2015,2016
2015-16,101112,Channing Frye,Channing,1610612753,ORL,Orlando Magic,21500499,2016-01-02T00:00:00,ORL @ CLE,L,13.5,0.0,0.0,0.0,0.0,8.0,7.0,7.0,14.0,0.0,0.0,4.0,0.0,5.4,1,13074,13074,13074,20709,12059,10158,9917,18861,13914,15642,15538,17019,8004,1,22104,18762,22242,1.0,13:29,2015,2016
2015-16,203210,JaMychal Green,JaMychal,1610612763,MEM,Memphis Grizzlies,21500503,2016-01-02T00:00:00,MEM @ UTA,L,5.8,0.0,0.0,0.0,0.0,0.0,2.0,0.0,4.0,0.0,0.0,1.0,0.0,1.2,1,13074,13074,13074,24041,12059,10158,9917,18861,1,3734,1,23698,8004,1,4972,18762,24661,1.0,5:50,2015,2016
2015-16,2570,Kendrick Perkins,Kendrick,1610612740,NOP,New Orleans Pelicans,21500501,2016-01-02T00:00:00,NOP @ DAL,W,4.2,0.0,0.0,0.0,0.0,4.0,0.0,4.0,8.0,0.0,0.0,1.0,0.0,1.7,1,1,1,1,24648,12059,10158,9917,18861,6141,1,8806,21543,8004,1,4972,18762,24436,1.0,4:10,2015,2016
2015-16,203955,Bryce Cotton,Bryce,1610612756,PHX,Phoenix Suns,21500496,2016-01-02T00:00:00,PHX @ SAC,L,5.9,0.0,0.0,0.0,2.0,4.0,4.0,4.0,12.0,0.0,0.0,1.0,0.0,1.5,1,13074,13074,13074,24010,12059,10158,9917,12984,6141,8458,8806,18637,8004,1,4972,18762,24473,1.0,5:53,2015,2016
2015-16,1626183,Branden Dawson,Branden,1610612746,LAC,LA Clippers,21500505,2016-01-02T00:00:00,LAC vs. PHI,W,9.4,0.0,0.0,0.0,2.0,7.0,0.0,9.0,12.0,0.0,1.0,0.0,0.0,5.6,1,1,1,1,22670,12059,10158,9917,12984,12242,1,18829,18637,8004,17214,1,18762,22133,1.0,9:24,2015,2016
2015-16,203148,Brian Roberts,Brian,1610612766,CHA,Charlotte Hornets,21500497,2016-01-02T00:00:00,CHA vs. OKC,L,3.8,0.0,0.0,0.0,0.0,0.0,0.0,0.0,4.0,0.0,0.0,0.0,0.0,1.5,1,13074,13074,13074,24784,12059,10158,9917,18861,1,1,1,23698,8004,1,1,18762,24473,1.0,3:49,2015,2016
2015-16,201946,Tyler Hansbrough,Tyler,1610612766,CHA,Charlotte Hornets,21500497,2016-01-02T00:00:00,CHA vs. OKC,L,14.7,0.0,2.0,0.0,2.0,3.0,4.0,0.0,6.0,1.0,0.0,3.0,3.0,10.6,1,13074,13074,13074,19947,12059,4731,9917,12984,5109,8458,1,22724,2692,1,17641,4736,18723,1.0,14:43,2015,2016
2015-16,201603,Sonny Weems,Sonny,1610612756,PHX,Phoenix Suns,21500496,2016-01-02T00:00:00,PHX @ SAC,L,8.3,0.0,3.0,0.0,0.0,4.0,4.0,4.0,18.0,0.0,0.0,1.0,0.0,6.5,1,13074,13074,13074,23076,12059,3104,9917,18861,6141,8458,8806,13577,8004,1,4972,18762,21519,1.0,8:20,2015,2016
2015-16,1626151,Aaron Harrison,Aaron,1610612766,CHA,Charlotte Hornets,21500497,2016-01-02T00:00:00,CHA vs. OKC,L,3.8,0.0,0.0,0.0,0.0,0.0,0.0,0.0,4.0,0.0,0.0,0.0,0.0,1.2,1,13074,13074,13074,24784,12059,10158,9917,18861,1,1,1,23698,8004,1,1,18762,24661,1.0,3:49,2015,2016
2015-16,202357,Nemanja Bjelica,Nemanja,1610612750,MIN,Minnesota Timberwolves,21500500,2016-01-02T00:00:00,MIN vs. MIL,L,7.9,0.0,3.0,0.0,2.0,5.0,0.0,5.0,8.0,0.0,0.0,0.0,1.0,5.7,1,13074,13074,13074,23248,12059,3104,9917,12984,8403,1,11593,21543,8004,1,1,12373,22054,1.0,7:51,2015,2016
2015-16,203088,Kendall Marshall,Kendall,1610612755,PHI,Philadelphia 76ers,21500505,2016-01-02T00:00:00,PHI @ LAC,L,17.2,0.0,0.0,0.0,0.0,7.0,4.0,10.0,10.0,0.0,0.0,0.0,0.0,5.5,1,13074,13074,13074,18127,12059,10158,9917,18861,12242,8458,20169,20209,8004,1,1,18762,22196,1.0,17:12,2015,2016
2015-16,203613,Jonathon Simmons,Jonathon,1610612759,SAS,San Antonio Spurs,21500502,2016-01-02T00:00:00,SAS vs. HOU,W,9.2,0.0,0.0,0.0,6.0,3.0,1.0,12.0,4.0,1.0,0.0,2.0,0.0,10.7,1,1,1,1,22744,12059,10158,9917,5299,5109,3393,22259,23698,2692,1,11390,18762,18636,1.0,9:14,2015,2016
2015-16,101135,David Lee,David,1610612738,BOS,Boston Celtics,21500495,2016-01-02T00:00:00,BOS vs. BKN,L,9.6,0.0,0.0,0.0,2.0,0.0,4.0,0.0,8.0,0.0,1.0,1.0,1.0,5.7,1,13074,13074,13074,22573,12059,10158,9917,12984,1,8458,1,21543,8004,17214,4972,12373,22054,1.0,9:38,2015,2016
2015-16,203552,Seth Curry,Seth,1610612758,SAC,Sacramento Kings,21500496,2016-01-02T00:00:00,SAC vs. PHX,W,5.7,0.0,0.0,2.0,2.0,1.0,3.0,0.0,4.0,0.0,0.0,0.0,0.0,5.7,1,1,1,1,24112,12059,10158,4675,12984,2356,7138,1,23698,8004,1,1,18762,22054,1.0,5:40,2015,2016
2015-16,203940,Adreian Payne,Adreian,1610612750,MIN,Minnesota Timberwolves,21500500,2016-01-02T00:00:00,MIN vs. MIL,L,5.7,0.0,0.0,0.0,0.0,4.0,2.0,2.0,4.0,1.0,0.0,1.0,0.0,2.0,1,13074,13074,13074,24090,12059,10158,9917,18861,6141,3734,4025,23698,2692,1,4972,18762,24216,1.0,5:43,2015,2016
2015-16,2210,Richard Jefferson,Richard,1610612739,CLE,Cleveland Cavaliers,21500499,2016-01-02T00:00:00,CLE vs. ORL,W,18.8,0.0,0.0,0.0,0.0,2.0,3.0,4.0,14.0,0.0,0.0,3.0,1.0,10.5,1,1,1,1,16885,12059,10158,9917,18861,2619,7138,8806,17019,8004,1,17641,12373,18808,1.0,18:47,2015,2016
2015-16,1891,Jason Terry,Jason,1610612745,HOU,Houston Rockets,21500502,2016-01-02T00:00:00,HOU @ SAS,L,16.2,0.0,0.0,6.0,0.0,5.0,2.0,2.0,14.0,0.0,0.0,1.0,0.0,11.4,1,13074,13074,13074,18857,12059,10158,740,18861,8403,3734,4025,17019,8004,1,4972,18762,18134,1.0,16:15,2015,2016
2015-16,203584,Troy Daniels,Troy,1610612766,CHA,Charlotte Hornets,21500497,2016-01-02T00:00:00,CHA vs. OKC,L,18.0,0.0,0.0,0.0,0.0,3.0,6.0,5.0,4.0,0.0,0.0,2.0,0.0,10.8,1,13074,13074,13074,17523,12059,10158,9917,18861,5109,13237,11593,23698,8004,1,11390,18762,18579,1.0,17:59,2015,2016
2015-16,2590,Mo Williams,Mo,1610612739,CLE,Cleveland Cavaliers,21500499,2016-01-02T00:00:00,CLE vs. ORL,W,7.8,6.0,0.0,0.0,0.0,2.0,3.0,2.0,4.0,0.0,0.0,1.0,1.0,10.7,1,1,1,1,23273,878,10158,9917,18861,2619,7138,4025,23698,8004,1,4972,12373,18636,1.0,7:48,2015,2016
2015-16,203923,James Young,James,1610612738,BOS,Boston Celtics,21500495,2016-01-02T00:00:00,BOS vs. BKN,L,8.2,0.0,0.0,0.0,0.0,2.0,4.0,0.0,8.0,0.0,0.0,0.0,0.0,1.2,1,13074,13074,13074,23119,12059,10158,9917,18861,2619,8458,1,21543,8004,1,1,18762,24661,1.0,8:11,2015,2016
2015-16,203458,Alex Len,Alex,1610612756,PHX,Phoenix Suns,21500496,2016-01-02T00:00:00,PHX @ SAC,L,6.5,0.0,0.0,0.0,0.0,2.0,2.0,2.0,10.0,0.0,1.0,3.0,0.0,-0.8,1,13074,13074,13074,23754,12059,10158,9917,18861,2619,3734,4025,20209,8004,17214,17641,18762,25914,1.0,6:29,2015,2016
2015-16,2746,Josh Smith,Josh,1610612746,LAC,LA Clippers,21500505,2016-01-02T00:00:00,LAC vs. PHI,W,6.5,0.0,0.0,0.0,0.0,4.0,0.0,6.0,10.0,0.0,0.0,1.0,0.0,0.0,1,1,1,1,23739,12059,10158,9917,18861,6141,1,13388,20209,8004,1,4972,18762,25170,1.0,6:31,2015,2016
2015-16,202697,Iman Shumpert,Iman,1610612739,CLE,Cleveland Cavaliers,21500499,2016-01-02T00:00:00,CLE vs. ORL,W,21.5,0.0,0.0,0.0,0.0,0.0,2.0,2.0,12.0,0.0,0.0,2.0,1.0,6.9,1,1,1,1,14643,12059,10158,9917,18861,1,3734,4025,18637,8004,1,11390,12373,21262,1.0,21:27,2015,2016
2015-16,1626246,Boban Marjanović,Boban,1610612759,SAS,San Antonio Spurs,21500502,2016-01-02T00:00:00,SAS vs. HOU,W,4.0,0.0,0.0,0.0,0.0,0.0,1.0,9.0,2.0,0.0,0.0,0.0,0.0,0.5,1,1,1,1,24725,12059,10158,9917,18861,1,3393,18829,24614,8004,1,1,18762,25056,1.0,3:57,2015,2016
2015-16,203506,Victor Oladipo,Victor,1610612753,ORL,Orlando Magic,21500499,2016-01-02T00:00:00,ORL @ CLE,L,13.9,0.0,0.0,0.0,2.0,0.0,5.0,3.0,4.0,0.0,0.0,0.0,2.0,9.0,1,13074,13074,13074,20491,12059,10158,9917,12984,1,11469,7328,23698,8004,1,1,7786,19835,1.0,13:52,2015,2016
2015-16,201580,JaVale McGee,JaVale,1610612742,DAL,Dallas Mavericks,21500501,2016-01-02T00:00:00,DAL vs. NOP,L,13.2,0.0,0.0,0.0,0.0,8.0,6.0,5.0,10.0,1.0,0.0,4.0,1.0,9.0,1,13074,13074,13074,20894,12059,10158,9917,18861,13914,13237,11593,20209,2692,1,22104,12373,19835,1.0,13:09,2015,2016
2015-16,203099,Jared Cunningham,Jared,1610612739,CLE,Cleveland Cavaliers,21500499,2016-01-02T00:00:00,CLE vs. ORL,W,6.9,0.0,2.0,0.0,2.0,2.0,3.0,2.0,4.0,0.0,1.0,1.0,0.0,3.4,1,1,1,1,23613,12059,4731,9917,12984,2619,7138,4025,23698,8004,17214,4972,18762,23417,1.0,6:51,2015,2016
2015-16,200797,Ryan Hollins,Ryan,1610612763,MEM,Memphis Grizzlies,21500503,2016-01-02T00:00:00,MEM @ UTA,L,6.0,0.0,0.0,0.0,0.0,3.0,7.0,1.0,6.0,1.0,0.0,0.0,1.0,5.4,1,13074,13074,13074,23959,12059,10158,9917,18861,5109,15642,3646,22724,2692,1,1,12373,22242,1.0,6:00,2015,2016
2015-16,203460,Andre Roberson,Andre,1610612760,OKC,Oklahoma City Thunder,21500497,2016-01-02T00:00:00,OKC @ CHA,W,14.7,0.0,0.0,0.0,0.0,0.0,0.0,7.0,6.0,1.0,0.0,4.0,1.0,9.3,1,1,1,1,19947,12059,10158,9917,18861,1,1,15538,22724,2692,1,22104,12373,19656,1.0,14:43,2015,2016
2015-16,202340,Avery Bradley,Avery,1610612738,BOS,Boston Celtics,21500495,2016-01-02T00:00:00,BOS vs. BKN,L,10.5,0.0,0.0,0.0,0.0,6.0,2.0,4.0,20.0,0.0,0.0,1.0,0.0,3.4,1,13074,13074,13074,22222,12059,10158,9917,18861,10028,3734,8806,11929,8004,1,4972,18762,23417,1.0,10:31,2015,2016
2015-16,203477,Isaiah Canaan,Isaiah,1610612755,PHI,Philadelphia 76ers,21500505,2016-01-02T00:00:00,PHI @ LAC,L,15.1,0.0,0.0,0.0,0.0,5.0,2.0,6.0,18.0,0.0,1.0,3.0,0.0,6.9,1,13074,13074,13074,19718,12059,10158,9917,18861,8403,3734,13388,13577,8004,17214,17641,18762,21262,1.0,15:03,2015,2016
2015-16,203187,Chris Johnson,Chris,1610612762,UTA,Utah Jazz,21500503,2016-01-02T00:00:00,UTA vs. MEM,W,8.4,0.0,3.0,0.0,0.0,2.0,0.0,0.0,2.0,0.0,0.0,1.0,0.0,6.9,1,1,1,1,23062,12059,3104,9917,18861,2619,1,1,24614,8004,1,4972,18762,21262,1.0,8:23,2015,2016
2015-16,203526,Raul Neto,Raul,1610612762,UTA,Utah Jazz,21500503,2016-01-02T00:00:00,UTA vs. MEM,W,19.5,0.0,0.0,0.0,2.0,10.0,3.0,6.0,20.0,0.0,0.0,1.0,1.0,5.2,1,1,1,1,16316,12059,10158,9917,12984,17370,7138,13388,11929,8004,1,4972,12373,22370,1.0,19:30,2015,2016
2015-16,203994,Jusuf Nurkić,Jusuf,1610612743,DEN,Denver Nuggets,21500504,2016-01-02T00:00:00,DEN @ GSW,L,4.8,1.0,0.0,0.0,0.0,2.0,0.0,2.0,8.0,0.0,2.0,0.0,2.0,4.4,1,13074,13074,13074,24436,11535,10158,9917,18861,2619,1,4025,21543,8004,23588,1,7786,22837,1.0,4:47,2015,2016
2015-16,203939,Dwight Powell,Dwight,1610612742,DAL,Dallas Mavericks,21500501,2016-01-02T00:00:00,DAL vs. NOP,L,8.8,0.0,0.0,0.0,2.0,7.0,2.0,4.0,10.0,0.0,0.0,1.0,0.0,3.2,1,13074,13074,13074,22924,12059,10158,9917,12984,12242,3734,8806,20209,8004,1,4972,18762,23473,1.0,8:47,2015,2016
2015-16,203897,Zach LaVine,Zach,1610612750,MIN,Minnesota Timberwolves,21500500,2016-01-02T00:00:00,MIN vs. MIL,L,21.2,0.0,0.0,0.0,6.0,14.0,6.0,6.0,24.0,0.0,1.0,4.0,0.0,9.1,1,13074,13074,13074,14931,12059,10158,9917,5299,22292,13237,13388,8723,8004,17214,22104,18762,19789,1.0,21:09,2015,2016
2015-16,203999,Nikola Jokić,Nikola,1610612743,DEN,Denver Nuggets,21500504,2016-01-02T00:00:00,DEN @ GSW,L,5.4,0.0,0.0,0.0,0.0,5.0,0.0,3.0,4.0,0.0,0.0,2.0,0.0,0.7,1,13074,13074,13074,24215,12059,10158,9917,18861,8403,1,7328,23698,8004,1,11390,18762,25042,1.0,5:24,2015,2016
2015-16,201160,Jason Smith,Jason,1610612753,ORL,Orlando Magic,21500499,2016-01-02T00:00:00,ORL @ CLE,L,13.3,0.0,2.0,0.0,2.0,6.0,7.0,6.0,6.0,0.0,0.0,4.0,1.0,9.6,1,13074,13074,13074,20777,12059,4731,9917,12984,10028,15642,13388,22724,8004,1,22104,12373,19434,1.0,13:20,2015,2016
2015-16,1495,Tim Duncan,Tim,1610612759,SAS,San Antonio Spurs,21500502,2016-01-02T00:00:00,SAS vs. HOU,W,13.8,0.0,0.0,0.0,0.0,6.0,0.0,7.0,12.0,0.0,1.0,1.0,0.0,6.8,1,1,1,1,20560,12059,10158,9917,18861,10028,1,15538,18637,8004,17214,4972,18762,21328,1.0,13:45,2015,2016
2015-16,101133,Ian Mahinmi,Ian,1610612754,IND,Indiana Pacers,21500498,2016-01-02T00:00:00,IND vs. DET,W,15.6,0.0,0.0,0.0,0.0,3.0,0.0,6.0,16.0,0.0,0.0,2.0,1.0,8.8,1,1,1,1,19343,12059,10158,9917,18861,5109,1,13388,15259,8004,1,11390,12373,19994,1.0,15:36,2015,2016
2015-16,201155,Rodney Stuckey,Rodney,1610612754,IND,Indiana Pacers,21500498,2016-01-02T00:00:00,IND vs. DET,W,25.4,0.0,1.0,0.0,0.0,8.0,11.0,4.0,26.0,0.0,0.0,3.0,1.0,9.6,1,1,1,1,11412,12059,9709,9917,18861,13914,21814,8806,7214,8004,1,17641,12373,19434,1.0,25:21,2015,2016
2015-16,203948,Johnny O'Bryant III,Johnny,1610612749,MIL,Milwaukee Bucks,21500500,2016-01-02T00:00:00,MIL @ MIN,W,5.2,0.0,0.0,0.0,0.0,0.0,3.0,0.0,4.0,0.0,0.0,2.0,0.0,5.0,1,1,1,1,24292,12059,10158,9917,18861,1,7138,1,23698,8004,1,11390,18762,22500,1.0,5:12,2015,2016
2015-16,2588,Matt Bonner,Matt,1610612759,SAS,San Antonio Spurs,21500502,2016-01-02T00:00:00,SAS vs. HOU,W,2.1,0.0,0.0,0.0,0.0,0.0,1.0,5.0,2.0,0.0,0.0,1.0,0.0,0.0,1,1,1,1,25476,12059,10158,9917,18861,1,3393,11593,24614,8004,1,4972,18762,25170,1.0,2:07,2015,2016
2015-16,203924,Jerami Grant,Jerami,1610612755,PHI,Philadelphia 76ers,21500505,2016-01-02T00:00:00,PHI @ LAC,L,25.6,0.0,0.0,0.0,4.0,20.0,2.0,14.0,26.0,0.0,1.0,2.0,3.0,9.2,1,13074,13074,13074,11208,12059,10158,9917,8599,25338,3734,23710,7214,8004,17214,11390,4736,19680,1.0,25:36,2015,2016
2015-16,202388,Donald Sloan,Donald,1610612751,BKN,Brooklyn Nets,21500495,2016-01-02T00:00:00,BKN @ BOS,W,7.9,0.0,0.0,0.0,2.0,4.0,2.0,2.0,14.0,0.0,0.0,1.0,0.0,3.5,1,1,1,1,23240,12059,10158,9917,12984,6141,3734,4025,17019,8004,1,4972,18762,23351,1.0,7:53,2015,2016
2015-16,204060,Joe Ingles,Joe,1610612762,UTA,Utah Jazz,21500503,2016-01-02T00:00:00,UTA vs. MEM,W,15.7,0.0,0.0,0.0,0.0,0.0,0.0,0.0,6.0,0.0,0.0,1.0,0.0,4.5,1,1,1,1,19291,12059,10158,9917,18861,1,1,1,22724,8004,1,4972,18762,22773,1.0,15:40,2015,2016
2015-16,2760,Anderson Varejao,Anderson,1610612739,CLE,Cleveland Cavaliers,21500499,2016-01-02T00:00:00,CLE vs. ORL,W,6.9,0.0,0.0,0.0,0.0,2.0,3.0,2.0,4.0,0.0,0.0,1.0,1.0,5.1,1,1,1,1,23613,12059,10158,9917,18861,2619,7138,4025,23698,8004,1,4972,12373,22478,1.0,6:51,2015,2016
2015-16,203112,Quincy Acy,Quincy,1610612758,SAC,Sacramento Kings,21500496,2016-01-02T00:00:00,SAC vs. PHX,W,4.3,2.0,0.0,2.0,2.0,1.0,3.0,0.0,2.0,0.0,0.0,1.0,0.0,5.0,1,1,1,1,24618,6026,10158,4675,12984,2356,7138,1,24614,8004,1,4972,18762,22500,1.0,4:17,2015,2016
2015-16,201229,Anthony Tolliver,Anthony,1610612765,DET,Detroit Pistons,21500498,2016-01-02T00:00:00,DET @ IND,L,16.1,0.0,0.0,0.0,0.0,6.0,3.0,2.0,10.0,0.0,0.0,0.0,0.0,4.7,1,13074,13074,13074,18997,12059,10158,9917,18861,10028,7138,4025,20209,8004,1,1,18762,22672,1.0,16:03,2015,2016
2015-16,2034,Mike Miller,Mike,1610612743,DEN,Denver Nuggets,21500504,2016-01-02T00:00:00,DEN @ GSW,L,11.8,0.0,0.0,0.0,0.0,2.0,0.0,0.0,8.0,0.0,0.0,4.0,1.0,5.1,1,13074,13074,13074,21671,12059,10158,9917,18861,2619,1,1,21543,8004,1,22104,12373,22478,1.0,11:50,2015,2016
2015-16,201564,O.J. Mayo,O.J.,1610612749,MIL,Milwaukee Bucks,21500500,2016-01-02T00:00:00,MIL @ MIN,W,2.8,0.0,0.0,0.0,0.0,0.0,0.0,0.0,2.0,0.0,1.0,2.0,0.0,0.0,1,1,1,1,25200,12059,10158,9917,18861,1,1,1,24614,8004,17214,11390,18762,25170,1.0,2:47,2015,2016
2015-16,201962,Toney Douglas,Toney,1610612740,NOP,New Orleans Pelicans,21500501,2016-01-02T00:00:00,NOP @ DAL,W,13.8,0.0,0.0,0.0,0.0,9.0,2.0,6.0,6.0,0.0,0.0,2.0,0.0,7.2,1,1,1,1,20512,12059,10158,9917,18861,15771,3734,13388,22724,8004,1,11390,18762,21035,1.0,13:50,2015,2016
2015-16,1626149,Montrezl Harrell,Montrezl,1610612745,HOU,Houston Rockets,21500502,2016-01-02T00:00:00,HOU @ SAS,L,5.3,0.0,0.0,0.0,0.0,0.0,0.0,0.0,8.0,0.0,0.0,0.0,1.0,3.2,1,13074,13074,13074,24249,12059,10158,9917,18861,1,1,1,21543,8004,1,1,12373,23473,1.0,5:18,2015,2016
2015-16,202730,Lavoy Allen,Lavoy,1610612754,IND,Indiana Pacers,21500498,2016-01-02T00:00:00,IND vs. DET,W,21.0,0.0,2.0,0.0,2.0,3.0,0.0,4.0,14.0,0.0,1.0,1.0,0.0,13.4,1,1,1,1,15021,12059,4731,9917,12984,5109,1,8806,17019,8004,17214,4972,18762,16614,1.0,21:02,2015,2016
2015-16,203463,Ben McLemore,Ben,1610612758,SAC,Sacramento Kings,21500496,2016-01-02T00:00:00,SAC vs. PHX,W,22.1,1.0,0.0,1.0,0.0,11.0,9.0,7.0,12.0,0.0,0.0,1.0,2.0,4.7,1,1,1,1,14074,11535,10158,9347,18861,18886,19144,15538,18637,8004,1,4972,7786,22672,1.0,22:07,2015,2016
2015-16,203079,Dion Waiters,Dion,1610612760,OKC,Oklahoma City Thunder,21500497,2016-01-02T00:00:00,OKC @ CHA,W,24.9,0.0,2.0,0.0,2.0,8.0,2.0,8.0,22.0,0.0,1.0,1.0,2.0,21.3,1,1,1,1,11748,12059,4731,9917,12984,13914,3734,17194,10265,8004,17214,4972,7786,10880,1.0,24:54,2015,2016
2015-16,202711,Bojan Bogdanović,Bojan,1610612751,BKN,Brooklyn Nets,21500495,2016-01-02T00:00:00,BKN @ BOS,W,32.4,0.0,2.0,2.0,6.0,8.0,8.0,16.0,32.0,0.0,1.0,2.0,3.0,20.7,1,1,1,1,5595,12059,4731,4675,5299,13914,17345,24641,3535,8004,17214,11390,4736,11252,1.0,32:22,2015,2016
2015-16,2555,Nick Collison,Nick,1610612760,OKC,Oklahoma City Thunder,21500497,2016-01-02T00:00:00,OKC @ CHA,W,6.6,0.0,0.0,0.0,0.0,2.0,2.0,2.0,4.0,0.0,0.0,1.0,0.0,2.4,1,1,1,1,23712,12059,10158,9917,18861,2619,3734,4025,23698,8004,1,4972,18762,24024,1.0,6:36,2015,2016
2015-16,202694,Marcus Morris Sr.,Marcus,1610612765,DET,Detroit Pistons,21500498,2016-01-02T00:00:00,DET @ IND,L,36.0,3.0,0.0,2.0,4.0,11.0,9.0,9.0,20.0,0.0,0.0,3.0,2.0,18.4,1,13074,13074,13074,2735,4307,10158,4675,8599,18886,19144,18829,11929,8004,1,17641,7786,12854,1.0,36:02,2015,2016
2015-16,203909,KJ McDaniels,KJ,1610612745,HOU,Houston Rockets,21500502,2016-01-02T00:00:00,HOU @ SAS,L,5.3,0.0,0.0,0.0,0.0,0.0,0.0,0.0,8.0,0.0,0.0,0.0,0.0,3.0,1,13074,13074,13074,24249,12059,10158,9917,18861,1,1,1,21543,8004,1,1,18762,23648,1.0,5:18,2015,2016
2015-16,1713,Vince Carter,Vince,1610612763,MEM,Memphis Grizzlies,21500503,2016-01-02T00:00:00,MEM @ UTA,L,8.7,0.0,0.0,0.0,0.0,3.0,9.0,1.0,8.0,0.0,0.0,1.0,0.0,2.7,1,13074,13074,13074,22958,12059,10158,9917,18861,5109,19144,3646,21543,8004,1,4972,18762,23884,1.0,8:42,2015,2016
2015-16,708,Kevin Garnett,Kevin,1610612750,MIN,Minnesota Timberwolves,21500500,2016-01-02T00:00:00,MIN vs. MIL,L,16.4,2.0,0.0,0.0,4.0,3.0,2.0,0.0,10.0,0.0,0.0,2.0,1.0,16.2,1,13074,13074,13074,18699,6026,10158,9917,8599,5109,3734,1,20209,8004,1,11390,12373,14436,1.0,16:26,2015,2016
2015-16,101111,Charlie Villanueva,Charlie,1610612742,DAL,Dallas Mavericks,21500501,2016-01-02T00:00:00,DAL vs. NOP,L,6.5,0.0,0.0,0.0,0.0,0.0,0.0,4.0,4.0,0.0,1.0,1.0,0.0,2.7,1,13074,13074,13074,23762,12059,10158,9917,18861,1,1,8806,23698,8004,17214,4972,18762,23884,1.0,6:28,2015,2016
2015-16,2772,Trevor Ariza,Trevor,1610612745,HOU,Houston Rockets,21500502,2016-01-02T00:00:00,HOU @ SAS,L,25.1,3.0,0.0,0.0,4.0,18.0,2.0,11.0,20.0,0.0,1.0,0.0,1.0,20.7,1,13074,13074,13074,11617,4307,10158,9917,8599,24749,3734,21342,11929,8004,17214,1,12373,11252,1.0,25:04,2015,2016
2015-16,201961,Wayne Ellington,Wayne,1610612751,BKN,Brooklyn Nets,21500495,2016-01-02T00:00:00,BKN @ BOS,W,22.9,2.0,0.0,0.0,0.0,3.0,6.0,2.0,18.0,0.0,0.0,2.0,1.0,18.2,1,1,1,1,13437,6026,10158,9917,18861,5109,13237,4025,13577,8004,1,11390,12373,13004,1.0,22:56,2015,2016
2015-16,201585,Kosta Koufos,Kosta,1610612758,SAC,Sacramento Kings,21500496,2016-01-02T00:00:00,SAC vs. PHX,W,15.1,0.0,0.0,0.0,6.0,12.0,2.0,10.0,12.0,1.0,0.0,2.0,5.0,18.4,1,1,1,1,19698,12059,10158,9917,5299,20178,3734,20169,18637,2692,1,11390,1539,12854,1.0,15:05,2015,2016
2015-16,200745,Andrea Bargnani,Andrea,1610612751,BKN,Brooklyn Nets,21500495,2016-01-02T00:00:00,BKN @ BOS,W,8.1,0.0,2.0,0.0,2.0,0.0,0.0,4.0,14.0,0.0,0.0,0.0,1.0,7.9,1,1,1,1,23164,12059,4731,9917,12984,1,1,8806,17019,8004,1,1,12373,20646,1.0,8:04,2015,2016
2015-16,201600,Omer Asik,Omer,1610612740,NOP,New Orleans Pelicans,21500501,2016-01-02T00:00:00,NOP @ DAL,W,19.8,0.0,0.0,0.0,0.0,6.0,2.0,2.0,10.0,0.0,0.0,3.0,1.0,2.1,1,1,1,1,16110,12059,10158,9917,18861,10028,3734,4025,20209,8004,1,17641,12373,24211,1.0,19:45,2015,2016
2015-16,201145,Jeff Green,Jeff,1610612763,MEM,Memphis Grizzlies,21500503,2016-01-02T00:00:00,MEM @ UTA,L,43.9,0.0,0.0,0.0,2.0,7.0,7.0,7.0,20.0,0.0,2.0,5.0,2.0,16.0,1,13074,13074,13074,140,12059,10158,9917,12984,12242,15642,15538,11929,8004,23588,24686,7786,14590,1.0,43:52,2015,2016
2015-16,2037,Jamal Crawford,Jamal,1610612746,LAC,LA Clippers,21500505,2016-01-02T00:00:00,LAC vs. PHI,W,17.9,2.0,0.0,2.0,4.0,11.0,4.0,8.0,16.0,0.0,0.0,0.0,3.0,16.2,1,1,1,1,17577,6026,10158,4675,8599,18886,8458,17194,15259,8004,1,1,4736,14436,1.0,17:56,2015,2016
2015-16,202397,Ish Smith,Ish,1610612755,PHI,Philadelphia 76ers,21500505,2016-01-02T00:00:00,PHI @ LAC,L,23.1,0.0,0.0,0.0,2.0,17.0,2.0,11.0,30.0,0.0,0.0,2.0,1.0,21.2,1,13074,13074,13074,13257,12059,10158,9917,12984,24337,3734,21342,4541,8004,1,11390,12373,10936,1.0,23:08,2015,2016
2015-16,101139,CJ Miles,CJ,1610612754,IND,Indiana Pacers,21500498,2016-01-02T00:00:00,IND vs. DET,W,25.6,3.0,0.0,0.0,2.0,8.0,11.0,4.0,26.0,2.0,0.0,1.0,3.0,16.0,1,1,1,1,11178,4307,10158,9917,12984,13914,21814,8806,7214,932,1,4972,4736,14590,1.0,25:38,2015,2016
2015-16,201943,Brandon Jennings,Brandon,1610612765,DET,Detroit Pistons,21500498,2016-01-02T00:00:00,DET @ IND,L,19.3,0.0,0.0,0.0,0.0,11.0,3.0,0.0,8.0,0.0,2.0,2.0,1.0,12.9,1,13074,13074,13074,16469,12059,10158,9917,18861,18886,7138,1,21543,8004,23588,11390,12373,17049,1.0,19:17,2015,2016
2015-16,203901,Elfrid Payton,Elfrid,1610612753,ORL,Orlando Magic,21500499,2016-01-02T00:00:00,ORL @ CLE,L,16.4,0.0,0.0,0.0,0.0,8.0,7.0,7.0,18.0,0.0,0.0,2.0,0.0,7.6,1,13074,13074,13074,18720,12059,10158,9917,18861,13914,15642,15538,13577,8004,1,11390,18762,20803,1.0,16:25,2015,2016
2015-16,202341,James Anderson,James,1610612758,SAC,Sacramento Kings,21500496,2016-01-02T00:00:00,SAC vs. PHX,W,14.5,2.0,0.0,2.0,2.0,3.0,3.0,2.0,10.0,0.0,0.0,2.0,0.0,7.6,1,1,1,1,20082,6026,10158,4675,12984,5109,7138,4025,20209,8004,1,11390,18762,20803,1.0,14:32,2015,2016
2015-16,2747,JR Smith,JR,1610612739,CLE,Cleveland Cavaliers,21500499,2016-01-02T00:00:00,CLE vs. ORL,W,19.7,0.0,0.0,0.0,0.0,2.0,6.0,0.0,16.0,1.0,0.0,2.0,1.0,12.9,1,1,1,1,16148,12059,10158,9917,18861,2619,13237,1,15259,2692,1,11390,12373,17049,1.0,19:42,2015,2016
2015-16,101107,Marvin Williams,Marvin,1610612766,CHA,Charlotte Hornets,21500497,2016-01-02T00:00:00,CHA vs. OKC,L,27.6,0.0,0.0,0.0,4.0,3.0,6.0,17.0,16.0,2.0,0.0,1.0,0.0,21.1,1,13074,13074,13074,9520,12059,10158,9917,8599,5109,13237,24967,15259,932,1,4972,18762,11012,1.0,27:37,2015,2016
2015-16,203932,Aaron Gordon,Aaron,1610612753,ORL,Orlando Magic,21500499,2016-01-02T00:00:00,ORL @ CLE,L,26.3,0.0,0.0,0.0,6.0,12.0,7.0,5.0,16.0,0.0,0.0,3.0,1.0,21.4,1,13074,13074,13074,10641,12059,10158,9917,5299,20178,15642,11593,15259,8004,1,17641,12373,10807,1.0,26:15,2015,2016
2015-16,1626145,Tyus Jones,Tyus,1610612750,MIN,Minnesota Timberwolves,21500500,2016-01-02T00:00:00,MIN vs. MIL,L,14.5,0.0,0.0,2.0,4.0,11.0,4.0,9.0,18.0,0.0,2.0,0.0,2.0,12.8,1,13074,13074,13074,20102,12059,10158,4675,8599,18886,8458,18829,13577,8004,23588,1,7786,17129,1.0,14:30,2015,2016
2015-16,202718,Chandler Parsons,Chandler,1610612742,DAL,Dallas Mavericks,21500501,2016-01-02T00:00:00,DAL vs. NOP,L,34.2,0.0,0.0,0.0,2.0,10.0,11.0,12.0,26.0,0.0,0.0,3.0,2.0,16.7,1,13074,13074,13074,4170,12059,10158,9917,12984,17370,21814,22259,7214,8004,1,17641,7786,14064,1.0,34:13,2015,2016
2015-16,1938,Manu Ginobili,Manu,1610612759,SAS,San Antonio Spurs,21500502,2016-01-02T00:00:00,SAS vs. HOU,W,16.0,4.0,2.0,0.0,4.0,3.0,0.0,5.0,22.0,0.0,1.0,3.0,3.0,20.9,1,1,1,1,19017,2460,4731,9917,8599,5109,1,11593,10265,8004,17214,17641,4736,11132,1.0,16:01,2015,2016
2015-16,203094,Andrew Nicholson,Andrew,1610612753,ORL,Orlando Magic,21500499,2016-01-02T00:00:00,ORL @ CLE,L,27.6,0.0,1.0,0.0,2.0,8.0,10.0,3.0,10.0,0.0,0.0,3.0,1.0,13.2,1,13074,13074,13074,9560,12059,9709,9917,12984,13914,20509,7328,20209,8004,1,17641,12373,16768,1.0,27:34,2015,2016
2015-16,202713,Kyle Singler,Kyle,1610612760,OKC,Oklahoma City Thunder,21500497,2016-01-02T00:00:00,OKC @ CHA,W,14.6,0.0,0.0,0.0,0.0,4.0,4.0,6.0,14.0,0.0,0.0,1.0,3.0,2.7,1,1,1,1,20026,12059,10158,9917,18861,6141,8458,13388,17019,8004,1,4972,4736,23884,1.0,14:37,2015,2016
2015-16,202696,Nikola Vučević,Nikola,1610612753,ORL,Orlando Magic,21500499,2016-01-02T00:00:00,ORL @ CLE,L,12.9,0.0,4.0,0.0,0.0,2.0,5.0,4.0,14.0,0.0,0.0,4.0,0.0,8.1,1,13074,13074,13074,21047,12059,1596,9917,18861,2619,11469,8806,17019,8004,1,22104,18762,20521,1.0,12:52,2015,2016
2015-16,201939,Stephen Curry,Stephen,1610612744,GSW,Golden State Warriors,21500504,2016-01-02T00:00:00,GSW vs. DEN,W,14.4,2.0,0.0,2.0,2.0,5.0,4.0,0.0,14.0,0.0,0.0,1.0,1.0,16.2,1,1,1,1,20176,6026,10158,4675,12984,8403,8458,1,17019,8004,1,4972,12373,14436,1.0,14:23,2015,2016
2015-16,101114,Deron Williams,Deron,1610612742,DAL,Dallas Mavericks,21500501,2016-01-02T00:00:00,DAL vs. NOP,L,21.1,0.0,0.0,2.0,2.0,15.0,9.0,11.0,24.0,0.0,1.0,0.0,1.0,12.7,1,13074,13074,13074,14974,12059,10158,4675,12984,23079,19144,21342,8723,8004,17214,1,12373,17201,1.0,21:06,2015,2016
2015-16,101109,Raymond Felton,Raymond,1610612742,DAL,Dallas Mavericks,21500501,2016-01-02T00:00:00,DAL vs. NOP,L,26.4,0.0,0.0,0.0,2.0,13.0,11.0,12.0,28.0,0.0,0.0,1.0,1.0,21.1,1,13074,13074,13074,10552,12059,10158,9917,12984,21300,21814,22259,5824,8004,1,4972,12373,11012,1.0,26:22,2015,2016
2015-16,2207,Joe Johnson,Joe,1610612751,BKN,Brooklyn Nets,21500495,2016-01-02T00:00:00,BKN @ BOS,W,38.5,3.0,0.0,0.0,2.0,13.0,16.0,16.0,36.0,0.0,0.0,2.0,1.0,21.2,1,1,1,1,1252,4307,10158,9917,12984,21300,25155,24641,1943,8004,1,11390,12373,10936,1.0,38:32,2015,2016
2015-16,203114,Khris Middleton,Khris,1610612749,MIL,Milwaukee Bucks,21500500,2016-01-02T00:00:00,MIL @ MIN,W,36.0,3.0,0.0,2.0,2.0,12.0,11.0,6.0,36.0,0.0,0.0,0.0,1.0,21.3,1,1,1,1,2773,4307,10158,4675,12984,20178,21814,13388,1943,8004,1,1,12373,10880,1.0,35:59,2015,2016
2015-16,202353,Tibor Pleiss,Tibor,1610612762,UTA,Utah Jazz,21500503,2016-01-02T00:00:00,UTA vs. MEM,W,17.1,2.0,2.0,0.0,2.0,1.0,0.0,0.0,2.0,0.0,0.0,5.0,0.0,12.7,1,1,1,1,18174,6026,4731,9917,12984,2356,1,1,24614,8004,1,24686,18762,17201,1.0,17:09,2015,2016
2015-16,203096,Jared Sullinger,Jared,1610612738,BOS,Boston Celtics,21500495,2016-01-02T00:00:00,BOS vs. BKN,L,18.3,0.0,2.0,0.0,2.0,11.0,8.0,4.0,24.0,1.0,1.0,3.0,1.0,12.8,1,13074,13074,13074,17303,12059,4731,9917,12984,18886,17345,8806,8723,2692,17214,17641,12373,17129,1.0,18:15,2015,2016
2015-16,201988,Patty Mills,Patty,1610612759,SAS,San Antonio Spurs,21500502,2016-01-02T00:00:00,SAS vs. HOU,W,21.5,0.0,0.0,0.0,0.0,3.0,0.0,11.0,28.0,0.0,0.0,0.0,2.0,16.5,1,1,1,1,14625,12059,10158,9917,18861,5109,1,21342,5824,8004,1,1,7786,14224,1.0,21:28,2015,2016
2015-16,203498,Shabazz Muhammad,Shabazz,1610612750,MIN,Minnesota Timberwolves,21500500,2016-01-02T00:00:00,MIN vs. MIL,L,26.4,0.0,2.0,2.0,6.0,11.0,5.0,5.0,22.0,0.0,0.0,2.0,3.0,21.3,1,13074,13074,13074,10517,12059,4731,4675,5299,18886,11469,11593,10265,8004,1,11390,4736,10880,1.0,26:25,2015,2016
2015-16,1626166,Cameron Payne,Cameron,1610612760,OKC,Oklahoma City Thunder,21500497,2016-01-02T00:00:00,OKC @ CHA,W,19.8,0.0,2.0,0.0,0.0,4.0,3.0,5.0,10.0,0.0,0.0,4.0,2.0,18.1,1,1,1,1,16100,12059,4731,9917,18861,6141,7138,11593,20209,8004,1,22104,7786,13090,1.0,19:46,2015,2016
2015-16,203991,Clint Capela,Clint,1610612745,HOU,Houston Rockets,21500502,2016-01-02T00:00:00,HOU @ SAS,L,25.8,0.0,0.0,0.0,8.0,17.0,4.0,5.0,14.0,4.0,0.0,2.0,1.0,31.4,1,13074,13074,13074,10976,12059,10158,9917,3109,24337,8458,11593,17019,132,1,11390,12373,5218,1.0,25:51,2015,2016
2015-16,200826,J.J. Barea,J.J.,1610612742,DAL,Dallas Mavericks,21500501,2016-01-02T00:00:00,DAL vs. NOP,L,27.0,3.0,0.0,2.0,4.0,2.0,2.0,9.0,18.0,0.0,0.0,1.0,3.0,30.9,1,13074,13074,13074,9996,4307,10158,4675,8599,2619,3734,18829,13577,8004,1,4972,4736,5452,1.0,27:01,2015,2016
2015-16,201568,Danilo Gallinari,Danilo,1610612743,DEN,Denver Nuggets,21500504,2016-01-02T00:00:00,DEN @ GSW,L,41.2,7.0,8.0,0.0,12.0,13.0,3.0,9.0,44.0,0.0,0.0,2.0,8.0,40.2,1,13074,13074,13074,453,548,137,9917,988,21300,7138,18829,454,8004,1,11390,254,2323,1.0,41:09,2015,2016
2015-16,203504,Trey Burke,Trey,1610612762,UTA,Utah Jazz,21500503,2016-01-02T00:00:00,UTA vs. MEM,W,32.2,1.0,0.0,1.0,4.0,13.0,2.0,7.0,16.0,0.0,2.0,0.0,4.0,15.4,1,1,1,1,5728,11535,10158,9347,8599,21300,3734,15538,15259,8004,23588,1,2748,15066,1.0,32:11,2015,2016
2015-16,2225,Tony Parker,Tony,1610612759,SAS,San Antonio Spurs,21500502,2016-01-02T00:00:00,SAS vs. HOU,W,26.9,0.0,2.0,0.0,0.0,8.0,0.0,11.0,22.0,0.0,1.0,1.0,2.0,19.8,1,1,1,1,10087,12059,4731,9917,18861,13914,1,21342,10265,8004,17214,4972,7786,11883,1.0,26:55,2015,2016
2015-16,1626173,Rashad Vaughn,Rashad,1610612749,MIL,Milwaukee Bucks,21500500,2016-01-02T00:00:00,MIL @ MIN,W,15.8,5.0,0.0,5.0,2.0,2.0,3.0,4.0,10.0,1.0,0.0,0.0,0.0,11.6,1,1,1,1,19178,1603,10158,1277,12984,2619,7138,8806,20209,2692,1,1,18762,17970,1.0,15:49,2015,2016
2015-16,203507,Giannis Antetokounmpo,Giannis,1610612749,MIL,Milwaukee Bucks,21500500,2016-01-02T00:00:00,MIL @ MIN,W,30.3,4.0,0.0,4.0,4.0,6.0,5.0,6.0,24.0,0.0,2.0,3.0,3.0,26.8,1,1,1,1,7262,2460,10158,1913,8599,10028,11469,13388,8723,8004,23588,17641,4736,7486,1.0,30:18,2015,2016
2015-16,2592,James Jones,James,1610612739,CLE,Cleveland Cavaliers,21500499,2016-01-02T00:00:00,CLE vs. ORL,W,18.4,2.0,3.0,0.0,2.0,2.0,5.0,4.0,12.0,0.0,0.0,0.0,2.0,15.1,1,1,1,1,17174,6026,3104,9917,12984,2619,11469,8806,18637,8004,1,1,7786,15328,1.0,18:25,2015,2016
2015-16,203457,Nerlens Noel,Nerlens,1610612755,PHI,Philadelphia 76ers,21500505,2016-01-02T00:00:00,PHI @ LAC,L,22.3,2.0,6.0,7.0,10.0,20.0,2.0,14.0,26.0,1.0,0.0,2.0,3.0,26.1,1,13074,13074,13074,13890,6026,481,454,1840,25338,3734,23710,7214,2692,1,11390,4736,7836,1.0,22:20,2015,2016
2015-16,201578,Marreese Speights,Marreese,1610612744,GSW,Golden State Warriors,21500504,2016-01-02T00:00:00,GSW vs. DEN,W,18.0,2.0,3.0,0.0,2.0,4.0,11.0,10.0,24.0,0.0,0.0,1.0,4.0,15.6,1,1,1,1,17497,6026,3104,9917,12984,6141,21814,20169,8723,8004,1,4972,2748,14916,1.0,18:02,2015,2016
2015-16,201954,Darren Collison,Darren,1610612758,SAC,Sacramento Kings,21500496,2016-01-02T00:00:00,SAC vs. PHX,W,28.9,4.0,2.0,0.0,6.0,12.0,2.0,10.0,20.0,0.0,1.0,5.0,2.0,31.4,1,1,1,1,8423,2460,4731,9917,5299,20178,3734,20169,11929,8004,17214,24686,7786,5218,1.0,28:56,2015,2016
2015-16,201599,DeAndre Jordan,DeAndre,1610612746,LAC,LA Clippers,21500505,2016-01-02T00:00:00,LAC vs. PHI,W,29.9,6.0,2.0,4.0,18.0,9.0,10.0,10.0,36.0,1.0,0.0,2.0,5.0,41.1,1,1,1,1,7650,878,4731,1913,131,15771,20509,20169,1943,2692,1,11390,1539,2123,1.0,29:52,2015,2016
2015-16,203917,Nik Stauskas,Nik,1610612755,PHI,Philadelphia 76ers,21500505,2016-01-02T00:00:00,PHI @ LAC,L,28.3,6.0,0.0,9.0,0.0,11.0,4.0,7.0,36.0,0.0,0.0,3.0,2.0,26.3,1,13074,13074,13074,9005,878,10158,184,18861,18886,8458,15538,1943,8004,1,17641,7786,7733,1.0,28:18,2015,2016
2015-16,201569,Eric Gordon,Eric,1610612740,NOP,New Orleans Pelicans,21500501,2016-01-02T00:00:00,NOP @ DAL,W,37.0,0.0,3.0,3.0,6.0,18.0,4.0,9.0,24.0,0.0,0.0,2.0,3.0,20.1,1,1,1,1,2089,12059,3104,3302,5299,24749,8458,18829,8723,8004,1,11390,4736,11685,1.0,36:59,2015,2016
2015-16,201941,Jordan Hill,Jordan,1610612754,IND,Indiana Pacers,21500498,2016-01-02T00:00:00,IND vs. DET,W,22.1,2.0,0.0,0.0,4.0,8.0,6.0,2.0,16.0,1.0,0.0,4.0,1.0,15.1,1,1,1,1,14099,6026,10158,9917,8599,13914,13237,4025,15259,2692,1,22104,12373,15328,1.0,22:05,2015,2016
2015-16,201144,Mike Conley,Mike,1610612763,MEM,Memphis Grizzlies,21500503,2016-01-02T00:00:00,MEM @ UTA,L,40.9,6.0,0.0,5.0,6.0,8.0,5.0,8.0,24.0,1.0,1.0,1.0,5.0,30.8,1,13074,13074,13074,502,878,10158,1277,5299,13914,11469,17194,8723,2692,17214,4972,1539,5493,1.0,40:56,2015,2016
2015-16,201152,Thaddeus Young,Thaddeus,1610612751,BKN,Brooklyn Nets,21500495,2016-01-02T00:00:00,BKN @ BOS,W,32.9,2.0,2.0,2.0,10.0,12.0,16.0,14.0,32.0,0.0,3.0,4.0,4.0,31.5,1,1,1,1,5241,6026,4731,4675,1840,20178,25155,23710,3535,8004,25441,22104,2748,5180,1.0,32:51,2015,2016
2015-16,203500,Steven Adams,Steven,1610612760,OKC,Oklahoma City Thunder,21500497,2016-01-02T00:00:00,OKC @ CHA,W,17.2,2.0,0.0,0.0,8.0,2.0,2.0,7.0,12.0,3.0,0.0,3.0,1.0,27.3,1,1,1,1,18127,6026,10158,9917,3109,2619,3734,15538,18637,347,1,17641,12373,7236,1.0,17:12,2015,2016
2015-16,200751,Randy Foye,Randy,1610612743,DEN,Denver Nuggets,21500504,2016-01-02T00:00:00,DEN @ GSW,L,20.9,0.0,0.0,0.0,2.0,4.0,3.0,2.0,20.0,0.0,0.0,0.0,0.0,12.2,1,13074,13074,13074,15109,12059,10158,9917,12984,6141,7138,4025,11929,8004,1,1,18762,17566,1.0,20:56,2015,2016
2015-16,202330,Gordon Hayward,Gordon,1610612762,UTA,Utah Jazz,21500503,2016-01-02T00:00:00,UTA vs. MEM,W,42.5,3.0,0.0,3.0,4.0,23.0,5.0,13.0,30.0,0.0,0.0,2.0,6.0,27.0,1,1,1,1,253,4307,10158,3302,8599,25803,11469,23048,4541,8004,1,11390,873,7385,1.0,42:28,2015,2016
2015-16,203083,Andre Drummond,Andre,1610612765,DET,Detroit Pistons,21500498,2016-01-02T00:00:00,DET @ IND,L,35.9,2.0,4.0,0.0,10.0,11.0,9.0,9.0,20.0,2.0,1.0,3.0,7.0,40.6,1,13074,13074,13074,2859,6026,1596,9917,1840,18886,19144,18829,11929,932,17214,17641,469,2230,1.0,35:51,2015,2016
2015-16,203798,PJ Hairston,PJ,1610612766,CHA,Charlotte Hornets,21500497,2016-01-02T00:00:00,CHA vs. OKC,L,21.5,0.0,0.0,0.0,0.0,2.0,4.0,8.0,14.0,0.0,1.0,4.0,1.0,15.7,1,13074,13074,13074,14625,12059,10158,9917,18861,2619,8458,17194,17019,8004,17214,22104,12373,14841,1.0,21:28,2015,2016
2015-16,101145,Monta Ellis,Monta,1610612754,IND,Indiana Pacers,21500498,2016-01-02T00:00:00,IND vs. DET,W,33.7,2.0,3.0,0.0,4.0,9.0,6.0,8.0,30.0,2.0,1.0,1.0,2.0,31.1,1,1,1,1,4629,6026,3104,9917,8599,15771,13237,17194,4541,932,17214,4972,7786,5354,1.0,33:39,2015,2016
2015-16,2216,Zach Randolph,Zach,1610612763,MEM,Memphis Grizzlies,21500503,2016-01-02T00:00:00,MEM @ UTA,L,24.5,2.0,0.0,0.0,6.0,8.0,10.0,6.0,12.0,0.0,0.0,2.0,3.0,20.5,1,13074,13074,13074,12157,6026,10158,9917,5299,13914,20509,13388,18637,8004,1,11390,4736,11401,1.0,24:27,2015,2016
2015-16,201584,Courtney Lee,Courtney,1610612763,MEM,Memphis Grizzlies,21500503,2016-01-02T00:00:00,MEM @ UTA,L,41.3,4.0,0.0,6.0,6.0,7.0,14.0,5.0,24.0,0.0,0.0,3.0,3.0,30.4,1,13074,13074,13074,422,2460,10158,740,5299,12242,24300,11593,8723,8004,1,17641,4736,5661,1.0,41:20,2015,2016
2015-16,201567,Kevin Love,Kevin,1610612739,CLE,Cleveland Cavaliers,21500499,2016-01-02T00:00:00,CLE vs. ORL,W,28.9,5.0,4.0,0.0,0.0,2.0,6.0,0.0,18.0,0.0,0.0,1.0,5.0,30.6,1,1,1,1,8421,1603,1596,9917,18861,2619,13237,1,13577,8004,1,4972,1539,5574,1.0,28:56,2015,2016
2015-16,203093,Terrence Jones,Terrence,1610612745,HOU,Houston Rockets,21500502,2016-01-02T00:00:00,HOU @ SAS,L,26.5,0.0,0.0,0.0,6.0,22.0,6.0,10.0,30.0,0.0,0.0,4.0,1.0,11.9,1,13074,13074,13074,10421,12059,10158,9917,5299,25683,13237,20169,4541,8004,1,22104,12373,17760,1.0,26:32,2015,2016
2015-16,201573,Jerryd Bayless,Jerryd,1610612749,MIL,Milwaukee Bucks,21500500,2016-01-02T00:00:00,MIL @ MIN,W,32.1,0.0,0.0,0.0,2.0,10.0,12.0,6.0,26.0,0.0,2.0,1.0,3.0,20.0,1,1,1,1,5811,12059,10158,9917,12984,17370,22832,13388,7214,8004,23588,4972,4736,11752,1.0,32:05,2015,2016
2015-16,203476,Gorgui Dieng,Gorgui,1610612750,MIN,Minnesota Timberwolves,21500500,2016-01-02T00:00:00,MIN vs. MIL,L,25.1,3.0,3.0,0.0,4.0,17.0,5.0,11.0,22.0,0.0,0.0,3.0,3.0,12.2,1,13074,13074,13074,11619,4307,3104,9917,8599,24337,11469,21342,10265,8004,1,17641,4736,17566,1.0,25:04,2015,2016
2015-16,201937,Ricky Rubio,Ricky,1610612750,MIN,Minnesota Timberwolves,21500500,2016-01-02T00:00:00,MIN vs. MIL,L,33.5,5.0,0.0,2.0,0.0,11.0,5.0,2.0,24.0,1.0,0.0,3.0,2.0,41.7,1,13074,13074,13074,4750,1603,10158,4675,18861,18886,11469,4025,8723,2692,1,17641,7786,2002,1.0,33:30,2015,2016
2015-16,201627,Anthony Morrow,Anthony,1610612760,OKC,Oklahoma City Thunder,21500497,2016-01-02T00:00:00,OKC @ CHA,W,18.4,3.0,0.0,0.0,0.0,6.0,4.0,6.0,16.0,0.0,0.0,3.0,0.0,15.6,1,1,1,1,17147,4307,10158,9917,18861,10028,8458,13388,15259,8004,1,17641,18762,14916,1.0,18:26,2015,2016
2015-16,101108,Chris Paul,Chris,1610612746,LAC,LA Clippers,21500505,2016-01-02T00:00:00,LAC vs. PHI,W,26.0,0.0,0.0,2.0,6.0,7.0,10.0,10.0,30.0,0.0,0.0,2.0,3.0,43.0,1,1,1,1,10813,12059,10158,4675,5299,12242,20509,20169,4541,8004,1,11390,4736,1733,1.0,26:02,2015,2016
2015-16,202328,Greg Monroe,Greg,1610612749,MIL,Milwaukee Bucks,21500500,2016-01-02T00:00:00,MIL @ MIN,W,27.0,6.0,6.0,0.0,10.0,8.0,10.0,4.0,34.0,0.0,0.0,1.0,4.0,41.5,1,1,1,1,10032,878,481,9917,1840,13914,20509,8806,2701,8004,1,4972,2748,2038,1.0,26:59,2015,2016
2015-16,201589,Darrell Arthur,Darrell,1610612743,DEN,Denver Nuggets,21500504,2016-01-02T00:00:00,DEN @ GSW,L,17.5,0.0,2.0,0.0,8.0,4.0,3.0,3.0,16.0,0.0,1.0,3.0,1.0,15.8,1,13074,13074,13074,17928,12059,4731,9917,3109,6141,7138,7328,15259,8004,17214,17641,12373,14754,1.0,17:28,2015,2016
2015-16,203914,Gary Harris,Gary,1610612743,DEN,Denver Nuggets,21500504,2016-01-02T00:00:00,DEN @ GSW,L,39.3,2.0,0.0,2.0,8.0,11.0,3.0,8.0,40.0,0.0,0.0,2.0,1.0,19.9,1,13074,13074,13074,954,6026,10158,4675,3109,18886,7138,17194,983,8004,1,11390,12373,11824,1.0,39:18,2015,2016
2015-16,202720,Jon Leuer,Jon,1610612756,PHX,Phoenix Suns,21500496,2016-01-02T00:00:00,PHX @ SAC,L,17.2,0.0,0.0,0.0,2.0,11.0,0.0,4.0,12.0,1.0,0.0,4.0,2.0,20.3,1,13074,13074,13074,18165,12059,10158,9917,12984,18886,1,8806,18637,2692,1,22104,7786,11534,1.0,17:09,2015,2016
2015-16,201574,Jason Thompson,Jason,1610612744,GSW,Golden State Warriors,21500504,2016-01-02T00:00:00,GSW vs. DEN,W,12.3,0.0,0.0,3.0,4.0,2.0,7.0,8.0,14.0,0.0,0.0,2.0,4.0,15.6,1,1,1,1,21400,12059,10158,3302,8599,2619,15642,17194,17019,8004,1,11390,2748,14916,1.0,12:16,2015,2016
2015-16,203503,Tony Snell,Tony,1610612741,CHI,Chicago Bulls,21500493,2016-01-01T00:00:00,CHI vs. NYK,W,20.2,0.0,2.0,0.0,2.0,2.0,2.0,2.0,10.0,1.0,0.0,2.0,0.0,11.8,1,1,1,1,15713,12059,4731,9917,12984,2619,3734,4025,20209,2692,1,11390,18762,17832,1.0,20:13,2015,2016
2015-16,203917,Nik Stauskas,Nik,1610612755,PHI,Philadelphia 76ers,21500494,2016-01-01T00:00:00,PHI @ LAL,L,29.0,0.0,0.0,0.0,4.0,12.0,1.0,16.0,22.0,0.0,0.0,2.0,0.0,11.8,1,13074,13074,13074,8411,12059,10158,9917,8599,20178,3393,24641,10265,8004,1,11390,18762,17832,1.0,28:57,2015,2016
2015-16,203944,Julius Randle,Julius,1610612747,LAL,Los Angeles Lakers,21500494,2016-01-01T00:00:00,LAL vs. PHI,W,23.6,6.0,1.0,8.0,10.0,6.0,2.0,6.0,22.0,0.0,2.0,2.0,2.0,30.8,1,1,1,1,12935,878,9709,280,1840,10028,3734,13388,10265,8004,23588,11390,7786,5493,1.0,23:33,2015,2016
2015-16,202685,Jonas Valančiūnas,Jonas,1610612761,TOR,Toronto Raptors,21500492,2016-01-01T00:00:00,TOR vs. CHA,W,24.1,2.0,6.0,0.0,4.0,7.0,4.0,7.0,22.0,0.0,0.0,2.0,3.0,26.4,1,1,1,1,12508,6026,481,9917,8599,12242,8458,15538,10265,8004,1,11390,4736,7672,1.0,24:03,2015,2016
2015-16,203082,Terrence Ross,Terrence,1610612761,TOR,Toronto Raptors,21500492,2016-01-01T00:00:00,TOR vs. CHA,W,21.8,0.0,6.0,0.0,2.0,7.0,2.0,2.0,10.0,0.0,0.0,4.0,1.0,15.2,1,1,1,1,14389,12059,481,9917,12984,12242,3734,4025,20209,8004,1,22104,12373,15219,1.0,21:45,2015,2016
2015-16,2736,Luol Deng,Luol,1610612748,MIA,Miami Heat,21500491,2016-01-01T00:00:00,MIA vs. DAL,W,29.5,2.0,0.0,5.0,2.0,0.0,2.0,0.0,26.0,0.0,0.0,2.0,1.0,15.3,1,1,1,1,7971,6026,10158,1277,12984,1,3734,1,7214,8004,1,11390,12373,15150,1.0,29:31,2015,2016
2015-16,202397,Ish Smith,Ish,1610612755,PHI,Philadelphia 76ers,21500494,2016-01-01T00:00:00,PHI @ LAL,L,25.5,0.0,0.0,4.0,4.0,2.0,6.0,9.0,18.0,0.0,2.0,5.0,2.0,15.3,1,13074,13074,13074,11335,12059,10158,1913,8599,2619,13237,18829,13577,8004,23588,24686,7786,15150,1.0,25:27,2015,2016
2015-16,201587,Nicolas Batum,Nicolas,1610612766,CHA,Charlotte Hornets,21500492,2016-01-01T00:00:00,CHA @ TOR,L,41.7,3.0,0.0,0.0,0.0,15.0,20.0,0.0,26.0,1.0,0.0,2.0,3.0,27.3,1,13074,13074,13074,360,4307,10158,9917,18861,23079,25875,1,7214,2692,1,11390,4736,7236,1.0,41:39,2015,2016
2015-16,202699,Tobias Harris,Tobias,1610612753,ORL,Orlando Magic,21500490,2016-01-01T00:00:00,ORL @ WAS,L,36.1,2.0,0.0,6.0,4.0,13.0,9.0,20.0,34.0,1.0,0.0,1.0,2.0,30.5,1,13074,13074,13074,2720,6026,10158,740,8599,21300,19144,25599,2701,2692,1,4972,7786,5620,1.0,36:03,2015,2016
2015-16,202066,Garrett Temple,Garrett,1610612764,WAS,Washington Wizards,21500490,2016-01-01T00:00:00,WAS vs. ORL,W,29.2,7.0,0.0,6.0,6.0,10.0,2.0,10.0,22.0,0.0,1.0,1.0,5.0,19.7,1,1,1,1,8241,548,10158,740,5299,17370,3734,20169,10265,8004,17214,4972,1539,11962,1.0,29:10,2015,2016
2015-16,202710,Jimmy Butler III,Jimmy,1610612741,CHI,Chicago Bulls,21500493,2016-01-01T00:00:00,CHI vs. NYK,W,34.2,4.0,6.0,2.0,12.0,8.0,6.0,3.0,24.0,1.0,3.0,1.0,5.0,42.8,1,1,1,1,4170,2460,481,4675,988,13914,13237,7328,8723,2692,25441,4972,1539,1776,1.0,34:13,2015,2016
2015-16,201942,DeMar DeRozan,DeMar,1610612761,TOR,Toronto Raptors,21500492,2016-01-01T00:00:00,TOR vs. CHA,W,36.7,2.0,0.0,0.0,6.0,12.0,6.0,7.0,28.0,0.0,2.0,2.0,3.0,26.5,1,1,1,1,2309,6026,10158,9917,5299,20178,13237,15538,5824,8004,23588,11390,4736,7627,1.0,36:39,2015,2016
2015-16,200768,Kyle Lowry,Kyle,1610612761,TOR,Toronto Raptors,21500492,2016-01-01T00:00:00,TOR vs. CHA,W,41.3,2.0,7.0,0.0,8.0,12.0,4.0,9.0,34.0,0.0,0.0,4.0,4.0,41.7,1,1,1,1,432,6026,292,9917,3109,20178,8458,18829,2701,8004,1,22104,2748,2002,1.0,41:17,2015,2016
2015-16,202689,Kemba Walker,Kemba,1610612766,CHA,Charlotte Hornets,21500492,2016-01-01T00:00:00,CHA @ TOR,L,36.4,0.0,4.0,3.0,8.0,12.0,22.0,0.0,22.0,1.0,1.0,1.0,2.0,40.3,1,13074,13074,13074,2439,12059,1596,3302,3109,20178,25991,1,10265,2692,17214,4972,7786,2302,1.0,36:26,2015,2016
2015-16,101109,Raymond Felton,Raymond,1610612742,DAL,Dallas Mavericks,21500491,2016-01-01T00:00:00,DAL @ MIA,L,21.9,0.0,0.0,0.0,2.0,0.0,2.0,3.0,18.0,0.0,0.0,0.0,2.0,15.1,1,13074,13074,13074,14234,12059,10158,9917,12984,1,3734,7328,13577,8004,1,1,7786,15328,1.0,21:56,2015,2016
2015-16,101181,Jose Calderon,Jose,1610612752,NYK,New York Knicks,21500493,2016-01-01T00:00:00,NYK @ CHI,L,34.6,0.0,0.0,0.0,4.0,15.0,12.0,12.0,24.0,0.0,0.0,4.0,1.0,30.8,1,13074,13074,13074,3878,12059,10158,9917,8599,23079,22832,22259,8723,8004,1,22104,12373,5493,1.0,34:35,2015,2016
2015-16,201959,Taj Gibson,Taj,1610612741,CHI,Chicago Bulls,21500493,2016-01-01T00:00:00,CHI vs. NYK,W,25.3,0.0,4.0,0.0,2.0,4.0,4.0,2.0,22.0,2.0,1.0,2.0,5.0,26.8,1,1,1,1,11457,12059,1596,9917,12984,6141,8458,4025,10265,932,17214,11390,1539,7486,1.0,25:17,2015,2016
2015-16,204456,T.J. McConnell,T.J.,1610612755,PHI,Philadelphia 76ers,21500494,2016-01-01T00:00:00,PHI @ LAL,L,22.5,4.0,0.0,0.0,6.0,12.0,1.0,20.0,22.0,1.0,0.0,1.0,1.0,26.3,1,13074,13074,13074,13735,2460,10158,9917,5299,20178,3393,25599,10265,2692,1,4972,12373,7733,1.0,22:33,2015,2016
2015-16,2449,Luis Scola,Luis,1610612761,TOR,Toronto Raptors,21500492,2016-01-01T00:00:00,TOR vs. CHA,W,21.3,3.0,0.0,0.0,2.0,7.0,4.0,7.0,22.0,0.0,3.0,2.0,1.0,15.8,1,1,1,1,14783,4307,10158,9917,12984,12242,8458,15538,10265,8004,25441,11390,12373,14754,1.0,21:18,2015,2016
2015-16,204001,Kristaps Porziņģis,Kristaps,1610612752,NYK,New York Knicks,21500493,2016-01-01T00:00:00,NYK @ CHI,L,28.3,0.0,0.0,0.0,6.0,12.0,14.0,6.0,22.0,1.0,0.0,2.0,3.0,26.3,1,13074,13074,13074,8992,12059,10158,9917,5299,20178,24300,13388,10265,2692,1,11390,4736,7733,1.0,28:19,2015,2016
2015-16,202734,E'Twaun Moore,E'Twaun,1610612741,CHI,Chicago Bulls,21500493,2016-01-01T00:00:00,CHI vs. NYK,W,18.2,0.0,0.0,0.0,2.0,2.0,4.0,0.0,8.0,1.0,0.0,0.0,1.0,13.5,1,1,1,1,17332,12059,10158,9917,12984,2619,8458,1,21543,2692,1,1,12373,16552,1.0,18:13,2015,2016
2015-16,101114,Deron Williams,Deron,1610612742,DAL,Dallas Mavericks,21500491,2016-01-01T00:00:00,DAL @ MIA,L,20.5,0.0,0.0,0.0,2.0,0.0,2.0,5.0,12.0,0.0,0.0,1.0,1.0,17.7,1,13074,13074,13074,15522,12059,10158,9917,12984,1,3734,11593,18637,8004,1,4972,12373,13380,1.0,20:28,2015,2016
2015-16,2546,Carmelo Anthony,Carmelo,1610612752,NYK,New York Knicks,21500493,2016-01-01T00:00:00,NYK @ CHI,L,36.8,6.0,2.0,2.0,8.0,15.0,16.0,12.0,28.0,0.0,4.0,1.0,2.0,31.9,1,13074,13074,13074,2249,878,4731,4675,3109,23079,25155,22259,5824,8004,25926,4972,7786,4984,1.0,36:46,2015,2016
2015-16,201609,Goran Dragic,Goran,1610612748,MIA,Miami Heat,21500491,2016-01-01T00:00:00,MIA vs. DAL,W,30.5,0.0,0.0,2.0,6.0,3.0,8.0,0.0,22.0,0.0,1.0,2.0,1.0,38.3,1,1,1,1,7085,12059,10158,4675,5299,5109,17345,1,10265,8004,17214,11390,12373,2826,1.0,30:32,2015,2016
2015-16,203926,Doug McDermott,Doug,1610612741,CHI,Chicago Bulls,21500493,2016-01-01T00:00:00,CHI vs. NYK,W,20.5,0.0,0.0,3.0,0.0,2.0,4.0,0.0,10.0,0.0,0.0,2.0,1.0,16.9,1,1,1,1,15508,12059,10158,3302,18861,2619,8458,1,20209,8004,1,11390,12373,13911,1.0,20:29,2015,2016
2015-16,2200,Pau Gasol,Pau,1610612741,CHI,Chicago Bulls,21500493,2016-01-01T00:00:00,CHI vs. NYK,W,28.9,0.0,0.0,0.0,4.0,6.0,6.0,3.0,22.0,2.0,1.0,0.0,5.0,37.6,1,1,1,1,8475,12059,10158,9917,8599,10028,13237,7328,10265,932,17214,1,1539,3018,1.0,28:52,2015,2016
2015-16,201960,DeMarre Carroll,DeMarre,1610612761,TOR,Toronto Raptors,21500492,2016-01-01T00:00:00,TOR vs. CHA,W,25.1,3.0,5.0,0.0,2.0,7.0,4.0,7.0,22.0,0.0,1.0,0.0,0.0,22.6,1,1,1,1,11573,4307,995,9917,12984,12242,8458,15538,10265,8004,17214,1,18762,10000,1.0,25:08,2015,2016
2015-16,203506,Victor Oladipo,Victor,1610612753,ORL,Orlando Magic,21500490,2016-01-01T00:00:00,ORL @ WAS,L,31.2,6.0,2.0,6.0,4.0,10.0,6.0,12.0,28.0,0.0,3.0,3.0,3.0,39.7,1,13074,13074,13074,6605,878,4731,740,8599,17370,13237,22259,5824,8004,25441,17641,4736,2451,1.0,31:09,2015,2016
2015-16,1626148,Anthony Brown,Anthony,1610612747,LAL,Los Angeles Lakers,21500494,2016-01-01T00:00:00,LAL vs. PHI,W,21.8,0.0,0.0,0.0,0.0,0.0,8.0,4.0,16.0,0.0,0.0,0.0,0.0,14.0,1,1,1,1,14316,12059,10158,9917,18861,1,17345,8806,15259,8004,1,1,18762,16166,1.0,21:49,2015,2016
2015-16,1626171,Bobby Portis,Bobby,1610612741,CHI,Chicago Bulls,21500493,2016-01-01T00:00:00,CHI vs. NYK,W,29.9,5.0,4.0,2.0,4.0,4.0,4.0,1.0,12.0,0.0,1.0,4.0,2.0,28.0,1,1,1,1,7672,1603,1596,4675,8599,6141,8458,3646,18637,8004,17214,22104,7786,6864,1.0,29:51,2015,2016
2015-16,203496,Robert Covington,Robert,1610612755,PHI,Philadelphia 76ers,21500494,2016-01-01T00:00:00,PHI @ LAL,L,22.5,2.0,0.0,5.0,2.0,4.0,1.0,8.0,16.0,1.0,1.0,3.0,1.0,27.7,1,13074,13074,13074,13771,6026,10158,1277,12984,6141,3393,17194,15259,2692,17214,17641,12373,7008,1.0,22:29,2015,2016
2015-16,202687,Bismack Biyombo,Bismack,1610612761,TOR,Toronto Raptors,21500492,2016-01-01T00:00:00,TOR vs. CHA,W,24.0,0.0,2.0,0.0,4.0,7.0,4.0,2.0,18.0,4.0,1.0,1.0,4.0,28.2,1,1,1,1,12611,12059,4731,9917,8599,12242,8458,4025,13577,132,17214,4972,2748,6778,1.0,23:57,2015,2016
2015-16,2743,Kris Humphries,Kris,1610612764,WAS,Washington Wizards,21500490,2016-01-01T00:00:00,WAS vs. ORL,W,12.7,2.0,0.0,2.0,2.0,2.0,0.0,4.0,10.0,1.0,0.0,2.0,2.0,17.6,1,1,1,1,21178,6026,10158,4675,12984,2619,1,8806,20209,2692,1,11390,7786,13443,1.0,12:39,2015,2016
2015-16,203469,Cody Zeller,Cody,1610612766,CHA,Charlotte Hornets,21500492,2016-01-01T00:00:00,CHA @ TOR,L,30.0,0.0,0.0,2.0,10.0,12.0,22.0,0.0,18.0,3.0,0.0,3.0,5.0,36.3,1,13074,13074,13074,7507,12059,10158,4675,1840,20178,25991,1,13577,347,1,17641,1539,3380,1.0,30:02,2015,2016
2015-16,202696,Nikola Vučević,Nikola,1610612753,ORL,Orlando Magic,21500490,2016-01-01T00:00:00,ORL @ WAS,L,31.8,4.0,0.0,0.0,6.0,9.0,9.0,12.0,28.0,1.0,0.0,1.0,0.0,29.4,1,13074,13074,13074,6061,2460,10158,9917,5299,15771,19144,22259,5824,2692,1,4972,18762,6143,1.0,31:49,2015,2016
2015-16,202498,Lance Thomas,Lance,1610612752,NYK,New York Knicks,21500493,2016-01-01T00:00:00,NYK @ CHI,L,26.5,2.0,2.0,0.0,4.0,8.0,4.0,7.0,22.0,0.0,2.0,3.0,4.0,11.5,1,13074,13074,13074,10451,6026,4731,9917,8599,13914,8458,15538,10265,8004,23588,17641,2748,18079,1.0,26:30,2015,2016
2015-16,203490,Otto Porter Jr.,Otto,1610612764,WAS,Washington Wizards,21500490,2016-01-01T00:00:00,WAS vs. ORL,W,38.5,0.0,5.0,4.0,6.0,12.0,8.0,10.0,30.0,1.0,1.0,1.0,0.0,51.7,1,1,1,1,1247,12059,995,1913,5299,20178,17345,20169,4541,2692,17214,4972,18762,595,1.0,38:33,2015,2016
2015-16,1626163,Frank Kaminsky,Frank,1610612766,CHA,Charlotte Hornets,21500492,2016-01-01T00:00:00,CHA @ TOR,L,27.2,4.0,0.0,2.0,8.0,9.0,14.0,0.0,20.0,0.0,0.0,4.0,2.0,28.8,1,13074,13074,13074,9833,2460,10158,4675,3109,15771,24300,1,11929,8004,1,22104,7786,6465,1.0,27:14,2015,2016
2015-16,202322,John Wall,John,1610612764,WAS,Washington Wizards,21500490,2016-01-01T00:00:00,WAS vs. ORL,W,39.0,2.0,2.0,6.0,12.0,12.0,8.0,10.0,32.0,1.0,0.0,1.0,4.0,49.9,1,1,1,1,1084,6026,4731,740,988,20178,17345,20169,3535,2692,1,4972,2748,765,1.0,38:58,2015,2016
2015-16,2548,Dwyane Wade,Dwyane,1610612748,MIA,Miami Heat,21500491,2016-01-01T00:00:00,MIA vs. DAL,W,18.8,0.0,0.0,0.0,4.0,0.0,0.0,0.0,18.0,0.0,0.0,1.0,0.0,23.9,1,1,1,1,16894,12059,10158,9917,8599,1,1,1,13577,8004,1,4972,18762,9184,1.0,18:47,2015,2016
2015-16,202355,Hassan Whiteside,Hassan,1610612748,MIA,Miami Heat,21500491,2016-01-01T00:00:00,MIA vs. DAL,W,32.3,0.0,6.0,0.0,16.0,1.0,5.0,0.0,24.0,1.0,0.0,4.0,1.0,46.8,1,1,1,1,5633,12059,481,9917,275,2356,11469,1,8723,2692,1,22104,12373,1102,1.0,32:19,2015,2016
2015-16,1626204,Larry Nance Jr.,Larry,1610612747,LAL,Los Angeles Lakers,21500494,2016-01-01T00:00:00,LAL vs. PHI,W,24.5,0.0,4.0,2.0,8.0,1.0,8.0,10.0,22.0,0.0,1.0,3.0,2.0,24.8,1,1,1,1,12162,12059,1596,4675,3109,2356,17345,20169,10265,8004,17214,17641,7786,8614,1.0,24:27,2015,2016
2015-16,101150,Lou Williams,Lou,1610612747,LAL,Los Angeles Lakers,21500494,2016-01-01T00:00:00,LAL vs. PHI,W,36.9,8.0,2.0,12.0,4.0,3.0,10.0,14.0,40.0,1.0,0.0,1.0,8.0,35.3,1,1,1,1,2154,308,4731,42,8599,5109,20509,23710,983,2692,1,4972,254,3719,1.0,36:53,2015,2016
2015-16,2547,Chris Bosh,Chris,1610612748,MIA,Miami Heat,21500491,2016-01-01T00:00:00,MIA vs. DAL,W,33.8,0.0,2.0,0.0,2.0,6.0,10.0,0.0,28.0,0.0,1.0,1.0,4.0,29.4,1,1,1,1,4521,12059,4731,9917,12984,10028,20509,1,5824,8004,17214,4972,2748,6143,1.0,33:47,2015,2016
2015-16,203924,Jerami Grant,Jerami,1610612755,PHI,Philadelphia 76ers,21500494,2016-01-01T00:00:00,PHI @ LAL,L,31.0,1.0,2.0,3.0,4.0,10.0,6.0,18.0,26.0,1.0,1.0,2.0,5.0,23.9,1,13074,13074,13074,6753,11535,4731,3302,8599,17370,13237,25228,7214,2692,17214,11390,1539,9184,1.0,30:58,2015,2016
2015-16,201156,Nick Young,Nick,1610612747,LAL,Los Angeles Lakers,21500494,2016-01-01T00:00:00,LAL vs. PHI,W,26.4,0.0,0.0,3.0,0.0,7.0,2.0,12.0,28.0,0.0,0.0,0.0,1.0,24.1,1,1,1,1,10527,12059,10158,3302,18861,12242,3734,22259,5824,8004,1,1,12373,9068,1.0,26:24,2015,2016
2015-16,200826,J.J. Barea,J.J.,1610612742,DAL,Dallas Mavericks,21500491,2016-01-01T00:00:00,DAL @ MIA,L,26.1,0.0,0.0,0.0,6.0,2.0,8.0,7.0,22.0,0.0,0.0,1.0,1.0,11.5,1,13074,13074,13074,10798,12059,10158,9917,5299,2619,17345,15538,10265,8004,1,4972,12373,18079,1.0,26:04,2015,2016
2015-16,203457,Nerlens Noel,Nerlens,1610612755,PHI,Philadelphia 76ers,21500494,2016-01-01T00:00:00,PHI @ LAL,L,27.6,0.0,4.0,4.0,12.0,2.0,6.0,15.0,20.0,3.0,0.0,2.0,4.0,50.9,1,13074,13074,13074,9509,12059,1596,1913,988,2619,13237,24242,11929,347,1,11390,2748,664,1.0,27:38,2015,2016
2015-16,101138,Brandon Bass,Brandon,1610612747,LAL,Los Angeles Lakers,21500494,2016-01-01T00:00:00,LAL vs. PHI,W,24.9,0.0,0.0,2.0,2.0,7.0,2.0,12.0,28.0,2.0,1.0,2.0,1.0,24.8,1,1,1,1,11722,12059,10158,4675,12984,12242,3734,22259,5824,932,17214,11390,12373,8614,1.0,24:56,2015,2016
2015-16,202703,Nikola Mirotic,Nikola,1610612741,CHI,Chicago Bulls,21500493,2016-01-01T00:00:00,CHI vs. NYK,W,30.9,6.0,0.0,3.0,4.0,6.0,6.0,1.0,20.0,2.0,0.0,4.0,3.0,45.5,1,1,1,1,6801,878,10158,3302,8599,10028,13237,3646,11929,932,1,22104,4736,1278,1.0,30:54,2015,2016
2015-16,202335,Patrick Patterson,Patrick,1610612761,TOR,Toronto Raptors,21500492,2016-01-01T00:00:00,TOR vs. CHA,W,22.7,3.0,0.0,0.0,2.0,7.0,4.0,2.0,18.0,0.0,0.0,3.0,0.0,24.7,1,1,1,1,13645,4307,10158,9917,12984,12242,8458,4025,13577,8004,1,17641,18762,8673,1.0,22:39,2015,2016
2015-16,202718,Chandler Parsons,Chandler,1610612742,DAL,Dallas Mavericks,21500491,2016-01-01T00:00:00,DAL @ MIA,L,27.1,0.0,2.0,0.0,4.0,2.0,8.0,7.0,26.0,1.0,0.0,1.0,2.0,19.0,1,13074,13074,13074,9932,12059,4731,9917,8599,2619,17345,15538,7214,2692,1,4972,7786,12440,1.0,27:05,2015,2016
2015-16,101162,Marcin Gortat,Marcin,1610612764,WAS,Washington Wizards,21500490,2016-01-01T00:00:00,WAS vs. ORL,W,35.4,0.0,2.0,0.0,6.0,12.0,8.0,10.0,30.0,1.0,0.0,1.0,0.0,34.8,1,1,1,1,3264,12059,4731,9917,5299,20178,17345,20169,4541,2692,1,4972,18762,3891,1.0,35:21,2015,2016
2015-16,1717,Dirk Nowitzki,Dirk,1610612742,DAL,Dallas Mavericks,21500491,2016-01-01T00:00:00,DAL @ MIA,L,26.9,2.0,4.0,0.0,0.0,2.0,8.0,7.0,24.0,0.0,0.0,1.0,1.0,19.1,1,13074,13074,13074,10131,6026,1596,9917,18861,2619,17345,15538,8723,8004,1,4972,12373,12372,1.0,26:52,2015,2016
2015-16,203903,Jordan Clarkson,Jordan,1610612747,LAL,Los Angeles Lakers,21500494,2016-01-01T00:00:00,LAL vs. PHI,W,33.4,0.0,0.0,0.0,10.0,5.0,8.0,14.0,26.0,0.0,3.0,3.0,5.0,25.9,1,1,1,1,4850,12059,10158,9917,1840,8403,17345,23710,7214,8004,25441,17641,1539,7960,1.0,33:21,2015,2016
2015-16,2585,Zaza Pachulia,Zaza,1610612742,DAL,Dallas Mavericks,21500491,2016-01-01T00:00:00,DAL @ MIA,L,25.0,0.0,2.0,0.0,10.0,2.0,8.0,8.0,22.0,1.0,0.0,1.0,4.0,35.1,1,13074,13074,13074,11654,12059,4731,9917,1840,2619,17345,17194,10265,2692,1,4972,2748,3777,1.0,25:02,2015,2016
2015-16,2550,Kirk Hinrich,Kirk,1610612741,CHI,Chicago Bulls,21500493,2016-01-01T00:00:00,CHI vs. NYK,W,16.5,0.0,0.0,2.0,2.0,4.0,2.0,2.0,16.0,0.0,0.0,0.0,2.0,10.0,1,1,1,1,18690,12059,10158,4675,12984,6141,3734,4025,15259,8004,1,1,7786,19178,1.0,16:27,2015,2016
2015-16,201166,Aaron Brooks,Aaron,1610612741,CHI,Chicago Bulls,21500493,2016-01-01T00:00:00,CHI vs. NYK,W,13.3,0.0,0.0,0.0,2.0,2.0,2.0,1.0,6.0,0.0,0.0,4.0,1.0,10.0,1,1,1,1,20778,12059,10158,9917,12984,2619,3734,3646,22724,8004,1,22104,12373,19178,1.0,13:20,2015,2016
2015-16,201160,Jason Smith,Jason,1610612753,ORL,Orlando Magic,21500490,2016-01-01T00:00:00,ORL @ WAS,L,15.2,0.0,0.0,0.0,4.0,6.0,2.0,12.0,14.0,2.0,0.0,1.0,0.0,19.6,1,13074,13074,13074,19653,12059,10158,9917,8599,10028,3734,22259,17019,932,1,4972,18762,12024,1.0,15:09,2015,2016
2015-16,1626143,Jahlil Okafor,Jahlil,1610612755,PHI,Philadelphia 76ers,21500494,2016-01-01T00:00:00,PHI @ LAL,L,23.3,0.0,2.0,0.0,6.0,12.0,1.0,19.0,20.0,1.0,0.0,1.0,1.0,18.8,1,13074,13074,13074,13149,12059,4731,9917,5299,20178,3393,25435,11929,2692,1,4972,12373,12588,1.0,23:15,2015,2016
2015-16,203901,Elfrid Payton,Elfrid,1610612753,ORL,Orlando Magic,21500490,2016-01-01T00:00:00,ORL @ WAS,L,24.1,0.0,0.0,0.0,0.0,13.0,7.0,16.0,26.0,0.0,0.0,2.0,0.0,14.7,1,13074,13074,13074,12453,12059,10158,9917,18861,21300,15642,24641,7214,8004,1,11390,18762,15631,1.0,24:06,2015,2016
2015-16,101107,Marvin Williams,Marvin,1610612766,CHA,Charlotte Hornets,21500492,2016-01-01T00:00:00,CHA @ TOR,L,26.4,4.0,0.0,2.0,6.0,8.0,14.0,0.0,14.0,1.0,0.0,2.0,3.0,25.3,1,13074,13074,13074,10529,2460,10158,4675,5299,13914,24300,1,17019,2692,1,11390,4736,8340,1.0,26:24,2015,2016
2015-16,203939,Dwight Powell,Dwight,1610612742,DAL,Dallas Mavericks,21500491,2016-01-01T00:00:00,DAL @ MIA,L,13.8,1.0,1.0,0.0,0.0,0.0,0.0,3.0,8.0,0.0,1.0,2.0,1.0,10.0,1,13074,13074,13074,20521,11535,9709,9917,18861,1,1,7328,21543,8004,17214,11390,12373,19178,1.0,13:48,2015,2016
2015-16,203148,Brian Roberts,Brian,1610612766,CHA,Charlotte Hornets,21500492,2016-01-01T00:00:00,CHA @ TOR,L,17.0,0.0,2.0,0.0,4.0,7.0,10.0,0.0,16.0,0.0,0.0,0.0,3.0,10.4,1,13074,13074,13074,18290,12059,4731,9917,8599,12242,20509,1,15259,8004,1,1,4736,18859,1.0,16:59,2015,2016
2015-16,201196,Ramon Sessions,Ramon,1610612764,WAS,Washington Wizards,21500490,2016-01-01T00:00:00,WAS vs. ORL,W,27.6,2.0,0.0,4.0,6.0,6.0,4.0,8.0,24.0,0.0,2.0,0.0,1.0,23.0,1,1,1,1,9534,6026,10158,1913,5299,10028,8458,17194,8723,8004,23588,1,12373,9760,1.0,27:36,2015,2016
2015-16,101112,Channing Frye,Channing,1610612753,ORL,Orlando Magic,21500490,2016-01-01T00:00:00,ORL @ WAS,L,21.7,0.0,0.0,0.0,2.0,9.0,7.0,16.0,20.0,0.0,0.0,0.0,1.0,14.2,1,13074,13074,13074,14406,12059,10158,9917,12984,15771,15642,24641,11929,8004,1,1,12373,16003,1.0,21:44,2015,2016
2015-16,101123,Gerald Green,Gerald,1610612748,MIA,Miami Heat,21500491,2016-01-01T00:00:00,MIA vs. DAL,W,33.1,0.0,0.0,3.0,6.0,6.0,12.0,0.0,24.0,0.0,1.0,3.0,1.0,25.6,1,1,1,1,5026,12059,10158,3302,5299,10028,22832,1,8723,8004,17214,17641,12373,8157,1.0,33:07,2015,2016
2015-16,203124,Kyle O'Quinn,Kyle,1610612752,NYK,New York Knicks,21500493,2016-01-01T00:00:00,NYK @ CHI,L,11.7,0.0,0.0,0.0,0.0,6.0,4.0,5.0,4.0,2.0,1.0,3.0,2.0,14.5,1,13074,13074,13074,21729,12059,10158,9917,18861,10028,8458,11593,23698,932,17214,17641,7786,15799,1.0,11:41,2015,2016
2015-16,201580,JaVale McGee,JaVale,1610612742,DAL,Dallas Mavericks,21500491,2016-01-01T00:00:00,DAL @ MIA,L,9.5,0.0,0.0,0.0,4.0,0.0,2.0,0.0,8.0,1.0,0.0,0.0,2.0,14.4,1,13074,13074,13074,22639,12059,10158,9917,8599,1,3734,1,21543,2692,1,1,7786,15857,1.0,9:29,2015,2016
2015-16,203477,Isaiah Canaan,Isaiah,1610612755,PHI,Philadelphia 76ers,21500494,2016-01-01T00:00:00,PHI @ LAL,L,31.0,0.0,0.0,0.0,2.0,12.0,6.0,25.0,32.0,0.0,1.0,1.0,1.0,10.3,1,13074,13074,13074,6743,12059,10158,9917,12984,20178,13237,25980,3535,8004,17214,4972,12373,18965,1.0,30:58,2015,2016
2015-16,1626156,D'Angelo Russell,D'Angelo,1610612747,LAL,Los Angeles Lakers,21500494,2016-01-01T00:00:00,LAL vs. PHI,W,25.8,0.0,0.0,2.0,4.0,6.0,2.0,4.0,22.0,1.0,1.0,2.0,1.0,23.3,1,1,1,1,11045,12059,10158,4675,8599,10028,3734,8806,10265,2692,17214,11390,12373,9567,1.0,25:46,2015,2016
2015-16,2365,Chris Andersen,Chris,1610612748,MIA,Miami Heat,21500491,2016-01-01T00:00:00,MIA vs. DAL,W,3.0,0.0,0.0,0.0,0.0,0.0,0.0,0.0,2.0,0.0,0.0,0.0,0.0,1.2,1,1,1,1,25136,12059,10158,9917,18861,1,1,1,24614,8004,1,1,18762,24661,1.0,2:58,2015,2016
2015-16,201946,Tyler Hansbrough,Tyler,1610612766,CHA,Charlotte Hornets,21500492,2016-01-01T00:00:00,CHA @ TOR,L,12.9,0.0,2.0,0.0,2.0,5.0,2.0,0.0,12.0,0.0,3.0,3.0,0.0,5.8,1,13074,13074,13074,21013,12059,4731,9917,12984,8403,3734,1,18637,8004,25441,17641,18762,22018,1.0,12:56,2015,2016
2015-16,2756,Sasha Vujacic,Sasha,1610612752,NYK,New York Knicks,21500493,2016-01-01T00:00:00,NYK @ CHI,L,3.6,0.0,0.0,0.0,0.0,0.0,0.0,0.0,0.0,0.0,0.0,0.0,0.0,1.2,1,13074,13074,13074,24895,12059,10158,9917,18861,1,1,1,25429,8004,1,1,18762,24661,1.0,3:33,2015,2016
2015-16,204038,Langston Galloway,Langston,1610612752,NYK,New York Knicks,21500493,2016-01-01T00:00:00,NYK @ CHI,L,15.2,0.0,0.0,0.0,0.0,2.0,6.0,2.0,18.0,0.0,0.0,3.0,1.0,5.9,1,13074,13074,13074,19602,12059,10158,9917,18861,2619,13237,4025,13577,8004,1,17641,12373,21953,1.0,15:14,2015,2016
2015-16,203932,Aaron Gordon,Aaron,1610612753,ORL,Orlando Magic,21500490,2016-01-01T00:00:00,ORL @ WAS,L,25.0,2.0,4.0,2.0,6.0,4.0,4.0,8.0,20.0,0.0,1.0,0.0,2.0,17.9,1,13074,13074,13074,11678,6026,1596,4675,5299,6141,8458,17194,11929,8004,17214,1,7786,13229,1.0,24:59,2015,2016
2015-16,1626209,Mario Hezonja,Mario,1610612753,ORL,Orlando Magic,21500490,2016-01-01T00:00:00,ORL @ WAS,L,15.1,0.0,0.0,0.0,0.0,2.0,2.0,8.0,10.0,0.0,0.0,1.0,2.0,3.2,1,13074,13074,13074,19706,12059,10158,9917,18861,2619,3734,17194,20209,8004,1,4972,7786,23473,1.0,15:04,2015,2016
2015-16,201162,Jared Dudley,Jared,1610612764,WAS,Washington Wizards,21500490,2016-01-01T00:00:00,WAS vs. ORL,W,32.7,0.0,0.0,2.0,0.0,10.0,4.0,8.0,24.0,0.0,0.0,0.0,1.0,17.8,1,1,1,1,5370,12059,10158,4675,18861,17370,8458,17194,8723,8004,1,1,12373,13309,1.0,32:40,2015,2016
2015-16,201579,Roy Hibbert,Roy,1610612747,LAL,Los Angeles Lakers,21500494,2016-01-01T00:00:00,LAL vs. PHI,W,22.8,0.0,0.0,0.0,2.0,0.0,8.0,4.0,16.0,2.0,2.0,4.0,1.0,16.5,1,1,1,1,13499,12059,10158,9917,12984,1,17345,8806,15259,932,23588,22104,12373,14224,1.0,22:51,2015,2016
2015-16,202083,Wesley Matthews,Wesley,1610612742,DAL,Dallas Mavericks,21500491,2016-01-01T00:00:00,DAL @ MIA,L,31.4,3.0,0.0,0.0,0.0,2.0,10.0,8.0,28.0,0.0,0.0,1.0,0.0,18.3,1,13074,13074,13074,6393,4307,10158,9917,18861,2619,20509,17194,5824,8004,1,4972,18762,12952,1.0,31:23,2015,2016
2015-16,203473,Dewayne Dedmon,Dewayne,1610612753,ORL,Orlando Magic,21500490,2016-01-01T00:00:00,ORL @ WAS,L,1.0,0.0,0.0,0.0,2.0,0.0,0.0,0.0,0.0,0.0,0.0,0.0,0.0,2.0,1,13074,13074,13074,25862,12059,10158,9917,12984,1,1,1,25429,8004,1,1,18762,24216,1.0,1:02,2015,2016
2015-16,203087,Jeremy Lamb,Jeremy,1610612766,CHA,Charlotte Hornets,21500492,2016-01-01T00:00:00,CHA @ TOR,L,27.8,3.0,0.0,0.0,2.0,5.0,10.0,0.0,18.0,1.0,0.0,1.0,1.0,16.7,1,13074,13074,13074,9395,4307,10158,9917,12984,8403,20509,1,13577,2692,1,4972,12373,14064,1.0,27:47,2015,2016
2015-16,203960,JaKarr Sampson,JaKarr,1610612755,PHI,Philadelphia 76ers,21500494,2016-01-01T00:00:00,PHI @ LAL,L,19.7,0.0,2.0,0.0,4.0,2.0,6.0,13.0,18.0,2.0,1.0,3.0,0.0,16.0,1,13074,13074,13074,16182,12059,4731,9917,8599,2619,13237,23048,13577,932,17214,17641,18762,14590,1.0,19:40,2015,2016
2015-16,202709,Cory Joseph,Cory,1610612761,TOR,Toronto Raptors,21500492,2016-01-01T00:00:00,TOR vs. CHA,W,18.1,2.0,0.0,0.0,2.0,4.0,6.0,2.0,18.0,0.0,0.0,1.0,0.0,16.2,1,1,1,1,17465,6026,10158,9917,12984,6141,13237,4025,13577,8004,1,4972,18762,14436,1.0,18:04,2015,2016
2015-16,2405,Amar'e Stoudemire,Amar'e,1610612748,MIA,Miami Heat,21500491,2016-01-01T00:00:00,MIA vs. DAL,W,9.3,0.0,0.0,0.0,0.0,5.0,7.0,0.0,8.0,0.0,0.0,1.0,0.0,2.9,1,1,1,1,22728,12059,10158,9917,18861,8403,15642,1,21543,8004,1,4972,18762,23852,1.0,9:16,2015,2016
2015-16,1626162,Kelly Oubre Jr.,Kelly,1610612764,WAS,Washington Wizards,21500490,2016-01-01T00:00:00,WAS vs. ORL,W,20.8,2.0,2.0,0.0,4.0,6.0,6.0,10.0,24.0,0.0,0.0,1.0,0.0,16.0,1,1,1,1,15197,6026,4731,9917,8599,10028,13237,20169,8723,8004,1,4972,18762,14590,1.0,20:50,2015,2016
2015-16,203098,John Jenkins,John,1610612742,DAL,Dallas Mavericks,21500491,2016-01-01T00:00:00,DAL @ MIA,L,8.2,0.0,0.0,0.0,4.0,0.0,0.0,0.0,8.0,0.0,0.0,0.0,2.0,8.2,1,13074,13074,13074,23129,12059,10158,9917,8599,1,1,1,21543,8004,1,1,7786,20416,1.0,8:09,2015,2016
2015-16,201577,Robin Lopez,Robin,1610612752,NYK,New York Knicks,21500493,2016-01-01T00:00:00,NYK @ CHI,L,21.6,0.0,2.0,0.0,4.0,7.0,6.0,5.0,12.0,2.0,0.0,4.0,1.0,18.2,1,13074,13074,13074,14530,12059,4731,9917,8599,12242,13237,11593,18637,932,1,22104,12373,13004,1.0,21:35,2015,2016
2015-16,203946,Cameron Bairstow,Cameron,1610612741,CHI,Chicago Bulls,21500493,2016-01-01T00:00:00,CHI vs. NYK,W,2.2,0.0,0.0,0.0,0.0,0.0,0.0,0.0,0.0,0.0,1.0,0.0,0.0,2.4,1,1,1,1,25453,12059,10158,9917,18861,1,1,1,25429,8004,17214,1,18762,24024,1.0,2:11,2015,2016
2015-16,202338,Kevin Seraphin,Kevin,1610612752,NYK,New York Knicks,21500493,2016-01-01T00:00:00,NYK @ CHI,L,12.2,0.0,2.0,0.0,2.0,0.0,2.0,3.0,10.0,1.0,0.0,3.0,1.0,16.3,1,13074,13074,13074,21436,12059,4731,9917,12984,1,3734,7328,20209,2692,1,17641,12373,14372,1.0,12:11,2015,2016
2015-16,203095,Evan Fournier,Evan,1610612753,ORL,Orlando Magic,21500490,2016-01-01T00:00:00,ORL @ WAS,L,27.6,0.0,2.0,0.0,6.0,7.0,7.0,12.0,24.0,0.0,1.0,4.0,0.0,15.9,1,13074,13074,13074,9520,12059,4731,9917,5299,12242,15642,22259,8723,8004,17214,22104,18762,14675,1.0,27:37,2015,2016
2015-16,2757,Beno Udrih,Beno,1610612748,MIA,Miami Heat,21500491,2016-01-01T00:00:00,MIA vs. DAL,W,21.3,0.0,0.0,0.0,2.0,5.0,9.0,0.0,16.0,0.0,0.0,1.0,0.0,7.6,1,1,1,1,14818,12059,10158,9917,12984,8403,19144,1,15259,8004,1,4972,18762,20803,1.0,21:16,2015,2016
2015-16,1626158,Richaun Holmes,Richaun,1610612755,PHI,Philadelphia 76ers,21500494,2016-01-01T00:00:00,PHI @ LAL,L,8.1,0.0,0.0,0.0,0.0,2.0,1.0,2.0,6.0,1.0,0.0,1.0,2.0,6.5,1,13074,13074,13074,23157,12059,10158,9917,18861,2619,3393,4025,22724,2692,1,4972,7786,21519,1.0,8:05,2015,2016
2015-16,101111,Charlie Villanueva,Charlie,1610612742,DAL,Dallas Mavericks,21500491,2016-01-01T00:00:00,DAL @ MIA,L,20.8,0.0,3.0,0.0,6.0,0.0,2.0,2.0,18.0,0.0,0.0,2.0,0.0,9.4,1,13074,13074,13074,15217,12059,3104,9917,5299,1,3734,4025,13577,8004,1,11390,18762,19568,1.0,20:49,2015,2016
2015-16,1626170,Jerian Grant,Jerian,1610612752,NYK,New York Knicks,21500493,2016-01-01T00:00:00,NYK @ CHI,L,3.6,0.0,0.0,0.0,0.0,0.0,0.0,0.0,0.0,1.0,0.0,0.0,0.0,5.4,1,13074,13074,13074,24895,12059,10158,9917,18861,1,1,1,25429,2692,1,1,18762,22242,1.0,3:33,2015,2016
2015-16,203094,Andrew Nicholson,Andrew,1610612753,ORL,Orlando Magic,21500490,2016-01-01T00:00:00,ORL @ WAS,L,10.3,0.0,0.0,0.0,6.0,2.0,2.0,4.0,6.0,0.0,0.0,0.0,1.0,9.2,1,13074,13074,13074,22326,12059,10158,9917,5299,2619,3734,8806,22724,8004,1,1,12373,19680,1.0,10:16,2015,2016
2015-16,2734,Devin Harris,Devin,1610612742,DAL,Dallas Mavericks,21500491,2016-01-01T00:00:00,DAL @ MIA,L,2.6,0.0,0.0,0.0,0.0,0.0,0.0,0.0,0.0,0.0,0.0,1.0,0.0,-1.0,1,13074,13074,13074,25290,12059,10158,9917,18861,1,1,1,25429,8004,1,4972,18762,25932,1.0,2:35,2015,2016
2015-16,204020,Tyler Johnson,Tyler,1610612748,MIA,Miami Heat,21500491,2016-01-01T00:00:00,MIA vs. DAL,W,25.5,0.0,2.0,0.0,0.0,4.0,7.0,0.0,20.0,0.0,0.0,1.0,3.0,9.6,1,1,1,1,11301,12059,4731,9917,18861,6141,15642,1,11929,8004,1,4972,4736,19434,1.0,25:29,2015,2016
2015-16,2400,Drew Gooden,Drew,1610612764,WAS,Washington Wizards,21500490,2016-01-01T00:00:00,WAS vs. ORL,W,4.2,0.0,0.0,0.0,0.0,0.0,0.0,0.0,4.0,1.0,0.0,4.0,0.0,4.2,1,1,1,1,24634,12059,10158,9917,18861,1,1,1,23698,2692,1,22104,18762,22976,1.0,4:13,2015,2016
2015-16,2617,Udonis Haslem,Udonis,1610612748,MIA,Miami Heat,21500491,2016-01-01T00:00:00,MIA vs. DAL,W,3.0,0.0,0.0,0.0,2.0,0.0,0.0,0.0,2.0,0.0,0.0,0.0,0.0,4.4,1,1,1,1,25136,12059,10158,9917,12984,1,1,1,24614,8004,1,1,18762,22837,1.0,2:58,2015,2016
2015-16,203894,Shabazz Napier,Shabazz,1610612753,ORL,Orlando Magic,21500490,2016-01-01T00:00:00,ORL @ WAS,L,1.0,0.0,0.0,0.0,0.0,0.0,0.0,0.0,0.0,0.0,0.0,0.0,0.0,0.0,1,13074,13074,13074,25862,12059,10158,9917,18861,1,1,1,25429,8004,1,1,18762,25170,1.0,1:02,2015,2016
2015-16,202682,Derrick Williams,Derrick,1610612752,NYK,New York Knicks,21500493,2016-01-01T00:00:00,NYK @ CHI,L,17.0,0.0,0.0,1.0,0.0,0.0,4.0,3.0,12.0,0.0,0.0,0.0,3.0,9.2,1,13074,13074,13074,18283,12059,10158,9347,18861,1,8458,7328,18637,8004,1,1,4736,19680,1.0,16:60,2015,2016
2015-16,202379,Jeremy Evans,Jeremy,1610612742,DAL,Dallas Mavericks,21500491,2016-01-01T00:00:00,DAL @ MIA,L,6.3,0.0,0.0,0.0,0.0,0.0,0.0,0.0,6.0,0.0,0.0,0.0,0.0,4.2,1,13074,13074,13074,23817,12059,10158,9917,18861,1,1,1,22724,8004,1,1,18762,22976,1.0,6:20,2015,2016
2015-16,201949,James Johnson,James,1610612761,TOR,Toronto Raptors,21500492,2016-01-01T00:00:00,TOR vs. CHA,W,5.2,0.0,0.0,0.0,0.0,0.0,2.0,0.0,8.0,0.0,0.0,0.0,0.0,0.0,1,1,1,1,24305,12059,10158,9917,18861,1,3734,1,21543,8004,1,1,18762,25170,1.0,5:10,2015,2016
2015-16,203798,PJ Hairston,PJ,1610612766,CHA,Charlotte Hornets,21500492,2016-01-01T00:00:00,CHA @ TOR,L,20.6,0.0,0.0,0.0,0.0,12.0,16.0,0.0,14.0,0.0,0.0,0.0,0.0,9.2,1,13074,13074,13074,15432,12059,10158,9917,18861,20178,25155,1,17019,8004,1,1,18762,19680,1.0,20:33,2015,2016
2015-16,201167,Arron Afflalo,Arron,1610612752,NYK,New York Knicks,21500493,2016-01-01T00:00:00,NYK @ CHI,L,29.0,0.0,0.0,0.0,2.0,10.0,12.0,5.0,18.0,0.0,2.0,2.0,1.0,3.2,1,13074,13074,13074,8343,12059,10158,9917,12984,17370,22832,11593,13577,8004,23588,11390,12373,23473,1.0,29:03,2015,2016
2015-16,1626173,Rashad Vaughn,Rashad,1610612749,MIL,Milwaukee Bucks,21500484,2015-12-31T00:00:00,MIL @ IND,W,6.9,0.0,0.0,0.0,0.0,0.0,2.0,0.0,8.0,0.0,0.0,1.0,0.0,0.2,1,1,1,1,23613,12059,10158,9917,18861,1,3734,1,21543,8004,1,4972,18762,25103,1.0,6:51,2015,2016
2015-16,203955,Bryce Cotton,Bryce,1610612756,PHX,Phoenix Suns,21500488,2015-12-31T00:00:00,PHX @ OKC,L,5.6,0.0,0.0,0.0,0.0,0.0,8.0,0.0,2.0,0.0,0.0,0.0,0.0,0.0,1,13074,13074,13074,24146,12059,10158,9917,18861,1,17345,1,24614,8004,1,1,18762,25170,1.0,5:34,2015,2016
2015-16,204014,Damjan Rudez,Damjan,1610612750,MIN,Minnesota Timberwolves,21500486,2015-12-31T00:00:00,MIN @ DET,L,9.3,3.0,0.0,0.0,0.0,2.0,4.0,10.0,10.0,0.0,2.0,3.0,0.0,3.5,1,13074,13074,13074,22703,4307,10158,9917,18861,2619,8458,20169,20209,8004,23588,17641,18762,23351,1.0,9:19,2015,2016
2015-16,2555,Nick Collison,Nick,1610612760,OKC,Oklahoma City Thunder,21500488,2015-12-31T00:00:00,OKC vs. PHX,W,7.5,0.0,0.0,0.0,0.0,3.0,3.0,0.0,6.0,0.0,0.0,1.0,0.0,3.9,1,1,1,1,23402,12059,10158,9917,18861,5109,7138,1,22724,8004,1,4972,18762,23225,1.0,7:28,2015,2016
2015-16,201582,Alexis Ajinca,Alexis,1610612740,NOP,New Orleans Pelicans,21500487,2015-12-31T00:00:00,NOP vs. LAC,L,3.3,0.0,0.0,0.0,2.0,0.0,0.0,0.0,2.0,0.0,0.0,1.0,0.0,4.0,1,13074,13074,13074,25028,12059,10158,9917,12984,1,1,1,24614,8004,1,4972,18762,23142,1.0,3:15,2015,2016
2015-16,203493,Reggie Bullock Jr.,Reggie,1610612765,DET,Detroit Pistons,21500486,2015-12-31T00:00:00,DET vs. MIN,W,3.2,0.0,0.0,0.0,0.0,3.0,0.0,0.0,0.0,0.0,0.0,0.0,0.0,0.0,1,1,1,1,25042,12059,10158,9917,18861,5109,1,1,25429,8004,1,1,18762,25170,1.0,3:13,2015,2016
2015-16,202357,Nemanja Bjelica,Nemanja,1610612750,MIN,Minnesota Timberwolves,21500486,2015-12-31T00:00:00,MIN @ DET,L,25.6,0.0,3.0,0.0,2.0,8.0,9.0,13.0,20.0,0.0,0.0,4.0,1.0,8.6,1,13074,13074,13074,11194,12059,3104,9917,12984,13914,19144,23048,11929,8004,1,22104,12373,20125,1.0,25:37,2015,2016
2015-16,203526,Raul Neto,Raul,1610612762,UTA,Utah Jazz,21500489,2015-12-31T00:00:00,UTA vs. POR,W,18.6,0.0,0.0,0.0,2.0,4.0,2.0,4.0,10.0,0.0,0.0,1.0,2.0,13.3,1,1,1,1,16991,12059,10158,9917,12984,6141,3734,8806,20209,8004,1,4972,7786,16712,1.0,18:38,2015,2016
2015-16,201578,Marreese Speights,Marreese,1610612744,GSW,Golden State Warriors,21500485,2015-12-31T00:00:00,GSW @ HOU,W,11.2,0.0,0.0,0.0,0.0,8.0,2.0,10.0,12.0,0.0,1.0,1.0,3.0,7.0,1,1,1,1,21965,12059,10158,9917,18861,13914,3734,20169,18637,8004,17214,4972,4736,21188,1.0,11:09,2015,2016
2015-16,202407,Elijah Millsap,Elijah,1610612762,UTA,Utah Jazz,21500489,2015-12-31T00:00:00,UTA vs. POR,W,2.1,0.0,0.0,0.0,0.0,2.0,2.0,0.0,2.0,0.0,0.0,0.0,0.0,0.0,1,1,1,1,25500,12059,10158,9917,18861,2619,3734,1,24614,8004,1,1,18762,25170,1.0,2:03,2015,2016
2015-16,203963,Shayne Whittington,Shayne,1610612754,IND,Indiana Pacers,21500484,2015-12-31T00:00:00,IND vs. MIL,L,4.7,0.0,0.0,0.0,2.0,4.0,2.0,2.0,4.0,1.0,0.0,1.0,0.0,9.2,1,13074,13074,13074,24453,12059,10158,9917,12984,6141,3734,4025,23698,2692,1,4972,18762,19680,1.0,4:44,2015,2016
2015-16,101106,Andrew Bogut,Andrew,1610612744,GSW,Golden State Warriors,21500485,2015-12-31T00:00:00,GSW @ HOU,W,36.3,0.0,0.0,0.0,8.0,17.0,4.0,11.0,22.0,1.0,0.0,5.0,2.0,21.7,1,1,1,1,2544,12059,10158,9917,3109,24337,8458,21342,10265,2692,1,24686,7786,10592,1.0,36:18,2015,2016
2015-16,1626199,Darrun Hilliard,Darrun,1610612765,DET,Detroit Pistons,21500486,2015-12-31T00:00:00,DET vs. MIN,W,3.4,2.0,0.0,4.0,0.0,3.0,0.0,0.0,0.0,0.0,0.0,0.0,2.0,7.0,1,1,1,1,24965,6026,10158,1913,18861,5109,1,1,25429,8004,1,1,7786,21188,1.0,3:23,2015,2016
2015-16,202353,Tibor Pleiss,Tibor,1610612762,UTA,Utah Jazz,21500489,2015-12-31T00:00:00,UTA vs. POR,W,2.1,0.0,0.0,0.0,0.0,2.0,2.0,0.0,2.0,0.0,0.0,1.0,0.0,-1.0,1,1,1,1,25500,12059,10158,9917,18861,2619,3734,1,24614,8004,1,4972,18762,25932,1.0,2:03,2015,2016
2015-16,201967,Dante Cunningham,Dante,1610612740,NOP,New Orleans Pelicans,21500487,2015-12-31T00:00:00,NOP vs. LAC,L,3.6,0.0,0.0,0.0,0.0,0.0,0.0,0.0,2.0,0.0,1.0,0.0,0.0,0.0,1,13074,13074,13074,24895,12059,10158,9917,18861,1,1,1,24614,8004,17214,1,18762,25170,1.0,3:33,2015,2016
2015-16,203086,Meyers Leonard,Meyers,1610612757,POR,Portland Trail Blazers,21500489,2015-12-31T00:00:00,POR @ UTA,L,33.2,3.0,3.0,0.0,0.0,13.0,9.0,0.0,16.0,0.0,1.0,1.0,1.0,21.6,1,13074,13074,13074,4985,4307,3104,9917,18861,21300,19144,1,15259,8004,17214,4972,12373,10666,1.0,33:10,2015,2016
2015-16,202334,Ed Davis,Ed,1610612757,POR,Portland Trail Blazers,21500489,2015-12-31T00:00:00,POR @ UTA,L,9.6,0.0,0.0,0.0,2.0,8.0,3.0,0.0,2.0,0.0,0.0,1.0,1.0,3.2,1,13074,13074,13074,22592,12059,10158,9917,12984,13914,7138,1,24614,8004,1,4972,12373,23473,1.0,9:35,2015,2016
2015-16,203382,Aron Baynes,Aron,1610612765,DET,Detroit Pistons,21500486,2015-12-31T00:00:00,DET vs. MIN,W,13.9,2.0,2.0,0.0,2.0,2.0,0.0,4.0,12.0,0.0,1.0,3.0,1.0,7.0,1,1,1,1,20480,6026,4731,9917,12984,2619,1,8806,18637,8004,17214,17641,12373,21188,1.0,13:53,2015,2016
2015-16,201978,Chase Budinger,Chase,1610612754,IND,Indiana Pacers,21500484,2015-12-31T00:00:00,IND vs. MIL,L,14.4,0.0,0.0,0.0,2.0,9.0,4.0,2.0,16.0,0.0,0.0,2.0,1.0,13.4,1,13074,13074,13074,20161,12059,10158,9917,12984,15771,8458,4025,15259,8004,1,11390,12373,16614,1.0,14:24,2015,2016
2015-16,201627,Anthony Morrow,Anthony,1610612760,OKC,Oklahoma City Thunder,21500488,2015-12-31T00:00:00,OKC vs. PHX,W,9.8,0.0,2.0,0.0,0.0,6.0,5.0,0.0,10.0,0.0,0.0,0.0,1.0,9.2,1,1,1,1,22534,12059,4731,9917,18861,10028,11469,1,20209,8004,1,1,12373,19680,1.0,9:47,2015,2016
2015-16,204025,Tim Frazier,Tim,1610612757,POR,Portland Trail Blazers,21500489,2015-12-31T00:00:00,POR @ UTA,L,23.2,0.0,0.0,0.0,0.0,5.0,4.0,3.0,16.0,0.0,1.0,3.0,2.0,4.7,1,13074,13074,13074,13196,12059,10158,9917,18861,8403,8458,7328,15259,8004,17214,17641,7786,22672,1.0,23:12,2015,2016
2015-16,1626242,Luis Montero,Luis,1610612757,POR,Portland Trail Blazers,21500489,2015-12-31T00:00:00,POR @ UTA,L,3.0,2.0,0.0,0.0,0.0,0.0,0.0,0.0,0.0,0.0,0.0,0.0,0.0,3.2,1,13074,13074,13074,25110,6026,10158,9917,18861,1,1,1,25429,8004,1,1,18762,23473,1.0,3:02,2015,2016
2015-16,201976,Patrick Beverley,Patrick,1610612745,HOU,Houston Rockets,21500485,2015-12-31T00:00:00,HOU vs. GSW,L,30.3,7.0,2.0,2.0,4.0,2.0,7.0,13.0,24.0,0.0,0.0,1.0,2.0,26.8,1,13074,13074,13074,7282,548,4731,4675,8599,2619,15642,23048,8723,8004,1,4972,7786,7486,1.0,30:16,2015,2016
2015-16,202332,Cole Aldrich,Cole,1610612746,LAC,LA Clippers,21500487,2015-12-31T00:00:00,LAC @ NOP,W,10.7,2.0,2.0,0.0,4.0,4.0,0.0,4.0,20.0,0.0,0.0,2.0,1.0,12.3,1,1,1,1,22166,6026,4731,9917,8599,6141,1,8806,11929,8004,1,11390,12373,17524,1.0,10:40,2015,2016
2015-16,203507,Giannis Antetokounmpo,Giannis,1610612749,MIL,Milwaukee Bucks,21500484,2015-12-31T00:00:00,MIL @ IND,W,37.3,5.0,0.0,7.0,8.0,13.0,9.0,19.0,38.0,4.0,1.0,2.0,7.0,40.2,1,1,1,1,1869,1603,10158,454,3109,21300,19144,25435,1422,132,17214,11390,469,2323,1.0,37:20,2015,2016
2015-16,203083,Andre Drummond,Andre,1610612765,DET,Detroit Pistons,21500486,2015-12-31T00:00:00,DET vs. MIN,W,30.7,4.0,8.0,6.0,22.0,11.0,8.0,6.0,28.0,0.0,0.0,1.0,5.0,42.1,1,1,1,1,6930,2460,137,740,25,18886,17345,13388,5824,8004,1,4972,1539,1910,1.0,30:44,2015,2016
2015-16,202688,Brandon Knight,Brandon,1610612756,PHX,Phoenix Suns,21500488,2015-12-31T00:00:00,PHX @ OKC,L,42.4,0.0,0.0,0.0,10.0,23.0,8.0,23.0,46.0,0.0,1.0,5.0,3.0,27.4,1,13074,13074,13074,255,12059,10158,9917,1840,25803,17345,25880,298,8004,17214,24686,4736,7179,1.0,42:26,2015,2016
2015-16,201943,Brandon Jennings,Brandon,1610612765,DET,Detroit Pistons,21500486,2015-12-31T00:00:00,DET vs. MIN,W,20.9,0.0,0.0,5.0,4.0,8.0,1.0,4.0,16.0,0.0,0.0,1.0,2.0,15.7,1,1,1,1,15158,12059,10158,1277,8599,13914,3393,8806,15259,8004,1,4972,7786,14841,1.0,20:53,2015,2016
2015-16,2037,Jamal Crawford,Jamal,1610612746,LAC,LA Clippers,21500487,2015-12-31T00:00:00,LAC @ NOP,W,22.0,0.0,2.0,0.0,4.0,8.0,4.0,9.0,26.0,0.0,0.0,1.0,3.0,19.7,1,1,1,1,14197,12059,4731,9917,8599,13914,8458,18829,7214,8004,1,4972,4736,11962,1.0,21:58,2015,2016
2015-16,101139,CJ Miles,CJ,1610612754,IND,Indiana Pacers,21500484,2015-12-31T00:00:00,IND vs. MIL,L,29.5,3.0,0.0,5.0,2.0,23.0,4.0,18.0,36.0,0.0,4.0,2.0,1.0,26.5,1,13074,13074,13074,7975,4307,10158,1277,12984,25803,8458,25228,1943,8004,25926,11390,12373,7627,1.0,29:30,2015,2016
2015-16,203484,Kentavious Caldwell-Pope,Kentavious,1610612765,DET,Detroit Pistons,21500486,2015-12-31T00:00:00,DET vs. MIN,W,37.0,3.0,0.0,3.0,6.0,10.0,7.0,8.0,32.0,0.0,1.0,2.0,5.0,40.3,1,1,1,1,2067,4307,10158,3302,5299,17370,15642,17194,3535,8004,17214,11390,1539,2302,1.0,37:01,2015,2016
2015-16,200755,JJ Redick,JJ,1610612746,LAC,LA Clippers,21500487,2015-12-31T00:00:00,LAC @ NOP,W,28.8,7.0,7.0,5.0,2.0,3.0,3.0,7.0,18.0,0.0,0.0,2.0,4.0,30.4,1,1,1,1,8534,548,292,1277,12984,5109,7138,15538,13577,8004,1,11390,2748,5661,1.0,28:48,2015,2016
2015-16,2772,Trevor Ariza,Trevor,1610612745,HOU,Houston Rockets,21500485,2015-12-31T00:00:00,HOU vs. GSW,L,37.2,3.0,0.0,3.0,0.0,6.0,9.0,13.0,34.0,0.0,0.0,1.0,1.0,15.6,1,13074,13074,13074,1947,4307,10158,3302,18861,10028,19144,23048,2701,8004,1,4972,12373,14916,1.0,37:14,2015,2016
2015-16,201142,Kevin Durant,Kevin,1610612760,OKC,Oklahoma City Thunder,21500488,2015-12-31T00:00:00,OKC vs. PHX,W,39.5,7.0,2.0,5.0,10.0,17.0,15.0,7.0,50.0,1.0,0.0,0.0,5.0,30.4,1,1,1,1,888,548,4731,1277,1840,24337,24781,15538,107,2692,1,1,1539,5661,1.0,39:30,2015,2016
2015-16,201950,Jrue Holiday,Jrue,1610612740,NOP,New Orleans Pelicans,21500487,2015-12-31T00:00:00,NOP vs. LAC,L,27.9,0.0,2.0,0.0,4.0,15.0,17.0,4.0,26.0,0.0,1.0,5.0,1.0,20.4,1,13074,13074,13074,9306,12059,4731,9917,8599,23079,25429,8806,7214,8004,17214,24686,12373,11453,1.0,27:54,2015,2016
2015-16,203459,Allen Crabbe,Allen,1610612757,POR,Portland Trail Blazers,21500489,2015-12-31T00:00:00,POR @ UTA,L,33.3,0.0,0.0,6.0,2.0,16.0,11.0,6.0,30.0,0.0,0.0,4.0,3.0,20.6,1,13074,13074,13074,4879,12059,10158,740,12984,23774,21814,13388,4541,8004,1,22104,4736,11314,1.0,33:19,2015,2016
2015-16,202328,Greg Monroe,Greg,1610612749,MIL,Milwaukee Bucks,21500484,2015-12-31T00:00:00,MIL @ IND,W,29.8,9.0,0.0,0.0,18.0,4.0,6.0,7.0,30.0,1.0,0.0,2.0,2.0,31.6,1,1,1,1,7761,171,10158,9917,131,6141,13237,15538,4541,2692,1,11390,7786,5130,1.0,29:45,2015,2016
2015-16,1626166,Cameron Payne,Cameron,1610612760,OKC,Oklahoma City Thunder,21500488,2015-12-31T00:00:00,OKC vs. PHX,W,13.5,2.0,3.0,2.0,2.0,6.0,5.0,0.0,12.0,0.0,0.0,1.0,1.0,12.0,1,1,1,1,20687,6026,3104,4675,12984,10028,11469,1,18637,8004,1,4972,12373,17703,1.0,13:32,2015,2016
2015-16,200782,P.J. Tucker,P.J.,1610612756,PHX,Phoenix Suns,21500488,2015-12-31T00:00:00,PHX @ OKC,L,41.5,2.0,9.0,2.0,14.0,21.0,16.0,19.0,40.0,0.0,0.0,4.0,1.0,42.9,1,13074,13074,13074,381,6026,77,4675,542,25535,25155,25435,983,8004,1,22104,12373,1754,1.0,41:32,2015,2016
2015-16,1626169,Stanley Johnson,Stanley,1610612765,DET,Detroit Pistons,21500486,2015-12-31T00:00:00,DET vs. MIN,W,21.5,0.0,0.0,2.0,2.0,8.0,1.0,4.0,18.0,0.0,0.0,1.0,0.0,15.8,1,1,1,1,14565,12059,10158,4675,12984,13914,3393,8806,13577,8004,1,4972,18762,14754,1.0,21:32,2015,2016
2015-16,2733,Shaun Livingston,Shaun,1610612744,GSW,Golden State Warriors,21500485,2015-12-31T00:00:00,GSW @ HOU,W,33.5,0.0,0.0,4.0,8.0,14.0,2.0,10.0,24.0,0.0,2.0,2.0,1.0,31.3,1,1,1,1,4777,12059,10158,1913,3109,22292,3734,20169,8723,8004,23588,11390,12373,5258,1.0,33:28,2015,2016
2015-16,203918,Rodney Hood,Rodney,1610612762,UTA,Utah Jazz,21500489,2015-12-31T00:00:00,UTA vs. POR,W,29.3,8.0,2.0,0.0,6.0,5.0,2.0,4.0,14.0,1.0,0.0,2.0,0.0,41.4,1,1,1,1,8109,308,4731,9917,5299,8403,3734,8806,17019,2692,1,11390,18762,2060,1.0,29:19,2015,2016
2015-16,203468,CJ McCollum,CJ,1610612757,POR,Portland Trail Blazers,21500489,2015-12-31T00:00:00,POR @ UTA,L,40.2,0.0,4.0,2.0,12.0,19.0,14.0,6.0,30.0,0.0,1.0,3.0,2.0,48.4,1,13074,13074,13074,672,12059,1596,4675,988,25074,24300,13388,4541,8004,17214,17641,7786,920,1.0,40:13,2015,2016
2015-16,203504,Trey Burke,Trey,1610612762,UTA,Utah Jazz,21500489,2015-12-31T00:00:00,UTA vs. POR,W,29.4,4.0,3.0,0.0,6.0,5.0,7.0,6.0,16.0,0.0,0.0,0.0,2.0,35.7,1,1,1,1,8078,2460,3104,9917,5299,8403,15642,13388,15259,8004,1,1,7786,3578,1.0,29:22,2015,2016
2015-16,201937,Ricky Rubio,Ricky,1610612750,MIN,Minnesota Timberwolves,21500486,2015-12-31T00:00:00,MIN @ DET,L,27.8,2.0,0.0,0.0,6.0,7.0,12.0,12.0,30.0,0.0,0.0,1.0,1.0,29.2,1,13074,13074,13074,9404,6026,10158,9917,5299,12242,22832,22259,4541,8004,1,4972,12373,6243,1.0,27:46,2015,2016
2015-16,101145,Monta Ellis,Monta,1610612754,IND,Indiana Pacers,21500484,2015-12-31T00:00:00,IND vs. MIL,L,32.7,0.0,2.0,2.0,8.0,29.0,4.0,20.0,40.0,2.0,0.0,5.0,3.0,24.5,1,13074,13074,13074,5364,12059,4731,4675,3109,26052,8458,25599,983,932,1,24686,4736,8801,1.0,32:41,2015,2016
2015-16,201599,DeAndre Jordan,DeAndre,1610612746,LAC,LA Clippers,21500487,2015-12-31T00:00:00,LAC @ NOP,W,36.1,5.0,4.0,0.0,10.0,6.0,7.0,12.0,24.0,3.0,0.0,4.0,3.0,49.0,1,1,1,1,2669,1603,1596,9917,1840,10028,15642,22259,8723,347,1,22104,4736,862,1.0,36:06,2015,2016
2015-16,2730,Dwight Howard,Dwight,1610612745,HOU,Houston Rockets,21500485,2015-12-31T00:00:00,HOU vs. GSW,L,35.1,2.0,2.0,2.0,16.0,10.0,9.0,9.0,34.0,3.0,0.0,4.0,4.0,56.1,1,13074,13074,13074,3489,6026,4731,4675,275,17370,19144,18829,2701,347,1,22104,2748,347,1.0,35:04,2015,2016
2015-16,202691,Klay Thompson,Klay,1610612744,GSW,Golden State Warriors,21500485,2015-12-31T00:00:00,GSW @ HOU,W,40.0,4.0,5.0,0.0,10.0,20.0,4.0,14.0,26.0,1.0,0.0,5.0,2.0,45.4,1,1,1,1,730,2460,995,9917,1840,25338,8458,23710,7214,2692,1,24686,7786,1291,1.0,40:00,2015,2016
2015-16,201566,Russell Westbrook,Russell,1610612760,OKC,Oklahoma City Thunder,21500488,2015-12-31T00:00:00,OKC vs. PHX,W,34.5,6.0,4.0,10.0,16.0,17.0,13.0,7.0,44.0,1.0,0.0,1.0,7.0,71.2,1,1,1,1,3975,878,1596,118,275,24337,23668,15538,454,2692,1,4972,469,39,1.0,34:28,2015,2016
2015-16,203481,Jeff Withey,Jeff,1610612762,UTA,Utah Jazz,21500489,2015-12-31T00:00:00,UTA vs. POR,W,34.8,0.0,0.0,0.0,8.0,5.0,5.0,10.0,18.0,4.0,0.0,3.0,4.0,29.1,1,1,1,1,3660,12059,10158,9917,3109,8403,11469,20169,13577,132,1,17641,2748,6285,1.0,34:51,2015,2016
2015-16,203487,Michael Carter-Williams,Michael,1610612749,MIL,Milwaukee Bucks,21500484,2015-12-31T00:00:00,MIL @ IND,W,38.2,2.0,2.0,0.0,8.0,14.0,13.0,20.0,36.0,3.0,0.0,3.0,6.0,45.4,1,1,1,1,1406,6026,4731,9917,3109,22292,23668,25599,1943,347,1,17641,873,1291,1.0,38:15,2015,2016
2015-16,101141,Ersan Ilyasova,Ersan,1610612765,DET,Detroit Pistons,21500486,2015-12-31T00:00:00,DET vs. MIN,W,28.5,0.0,0.0,0.0,0.0,11.0,5.0,6.0,28.0,2.0,0.0,3.0,3.0,24.0,1,1,1,1,8779,12059,10158,9917,18861,18886,11469,13388,5824,932,1,17641,4736,9121,1.0,28:32,2015,2016
2015-16,203933,T.J. Warren,T.J.,1610612756,PHX,Phoenix Suns,21500488,2015-12-31T00:00:00,PHX @ OKC,L,40.9,11.0,5.0,5.0,12.0,23.0,10.0,23.0,44.0,0.0,0.0,3.0,3.0,56.3,1,13074,13074,13074,508,55,995,1277,988,25803,20509,25880,454,8004,1,17641,4736,339,1.0,40:54,2015,2016
2015-16,202331,Paul George,Paul,1610612754,IND,Indiana Pacers,21500484,2015-12-31T00:00:00,IND vs. MIL,L,33.6,7.0,2.0,13.0,6.0,26.0,4.0,20.0,42.0,0.0,1.0,6.0,9.0,47.7,1,13074,13074,13074,4679,548,4731,26,5299,25979,8458,25599,670,8004,17214,25827,138,989,1.0,33:36,2015,2016
2015-16,203110,Draymond Green,Draymond,1610612744,GSW,Golden State Warriors,21500485,2015-12-31T00:00:00,GSW @ HOU,W,37.6,2.0,0.0,2.0,4.0,20.0,6.0,18.0,28.0,2.0,0.0,1.0,3.0,57.2,1,1,1,1,1681,6026,10158,4675,8599,25338,13237,25228,5824,932,1,4972,4736,306,1.0,37:39,2015,2016
2015-16,2199,Tyson Chandler,Tyson,1610612756,PHX,Phoenix Suns,21500488,2015-12-31T00:00:00,PHX @ OKC,L,30.6,3.0,4.0,0.0,12.0,19.0,10.0,17.0,34.0,0.0,1.0,4.0,3.0,29.0,1,13074,13074,13074,7035,4307,1596,9917,988,25074,20509,24967,2701,8004,17214,22104,4736,6346,1.0,30:35,2015,2016
2015-16,203114,Khris Middleton,Khris,1610612749,MIL,Milwaukee Bucks,21500484,2015-12-31T00:00:00,MIL @ IND,W,36.9,8.0,0.0,7.0,6.0,14.0,10.0,24.0,28.0,1.0,2.0,5.0,5.0,52.0,1,1,1,1,2180,308,10158,454,5299,22292,20509,25937,5824,2692,23588,24686,1539,571,1.0,36:51,2015,2016
2015-16,201935,James Harden,James,1610612745,HOU,Houston Rockets,21500485,2015-12-31T00:00:00,HOU vs. GSW,L,34.4,3.0,0.0,4.0,2.0,4.0,7.0,13.0,32.0,0.0,1.0,5.0,6.0,49.5,1,13074,13074,13074,4026,4307,10158,1913,12984,6141,15642,23048,3535,8004,17214,24686,873,811,1.0,34:25,2015,2016
2015-16,101108,Chris Paul,Chris,1610612746,LAC,LA Clippers,21500487,2015-12-31T00:00:00,LAC @ NOP,W,32.6,3.0,2.0,0.0,2.0,3.0,5.0,7.0,22.0,0.0,1.0,0.0,7.0,36.0,1,1,1,1,5424,4307,4731,9917,12984,5109,11469,15538,10265,8004,17214,1,469,3463,1.0,32:36,2015,2016
2015-16,201936,Tyreke Evans,Tyreke,1610612740,NOP,New Orleans Pelicans,21500487,2015-12-31T00:00:00,NOP vs. LAC,L,33.8,5.0,1.0,2.0,8.0,18.0,15.0,7.0,22.0,0.0,0.0,4.0,4.0,39.7,1,13074,13074,13074,4550,1603,9709,4675,3109,24749,24781,15538,10265,8004,1,22104,2748,2451,1.0,33:45,2015,2016
2015-16,202708,Norris Cole,Norris,1610612740,NOP,New Orleans Pelicans,21500487,2015-12-31T00:00:00,NOP vs. LAC,L,34.5,0.0,0.0,4.0,6.0,14.0,18.0,6.0,26.0,0.0,1.0,1.0,2.0,28.0,1,13074,13074,13074,3956,12059,10158,1913,5299,22292,25634,13388,7214,8004,17214,4972,7786,6864,1.0,34:29,2015,2016
2015-16,201588,George Hill,George,1610612754,IND,Indiana Pacers,21500484,2015-12-31T00:00:00,IND vs. MIL,L,38.4,2.0,5.0,2.0,6.0,22.0,6.0,18.0,44.0,1.0,0.0,3.0,4.0,27.7,1,13074,13074,13074,1338,6026,995,4675,5299,25683,13237,25228,454,2692,1,17641,2748,7008,1.0,38:22,2015,2016
2015-16,1626157,Karl-Anthony Towns,Karl-Anthony,1610612750,MIN,Minnesota Timberwolves,21500486,2015-12-31T00:00:00,MIN @ DET,L,35.1,4.0,2.0,2.0,8.0,9.0,14.0,15.0,34.0,1.0,0.0,2.0,2.0,38.3,1,13074,13074,13074,3496,2460,4731,4675,3109,15771,24300,24242,2701,2692,1,11390,7786,2826,1.0,35:03,2015,2016
2015-16,202730,Lavoy Allen,Lavoy,1610612754,IND,Indiana Pacers,21500484,2015-12-31T00:00:00,IND vs. MIL,L,26.2,2.0,0.0,0.0,8.0,22.0,2.0,18.0,32.0,1.0,0.0,2.0,1.0,28.3,1,13074,13074,13074,10709,6026,10158,9917,3109,25683,3734,25228,3535,2692,1,11390,12373,6720,1.0,26:11,2015,2016
2015-16,1626168,Trey Lyles,Trey,1610612762,UTA,Utah Jazz,21500489,2015-12-31T00:00:00,UTA vs. POR,W,31.9,3.0,2.0,0.0,2.0,4.0,9.0,6.0,20.0,0.0,0.0,3.0,1.0,22.6,1,1,1,1,5993,4307,4731,9917,12984,6141,19144,13388,11929,8004,1,17641,12373,10000,1.0,31:53,2015,2016
2015-16,202704,Reggie Jackson,Reggie,1610612765,DET,Detroit Pistons,21500486,2015-12-31T00:00:00,DET vs. MIN,W,27.1,0.0,5.0,0.0,8.0,8.0,7.0,6.0,24.0,0.0,1.0,3.0,1.0,33.1,1,1,1,1,9912,12059,995,9917,3109,13914,15642,13388,8723,8004,17214,17641,12373,4505,1.0,27:07,2015,2016
2015-16,203953,Jabari Parker,Jabari,1610612749,MIL,Milwaukee Bucks,21500484,2015-12-31T00:00:00,MIL @ IND,W,29.8,4.0,0.0,6.0,10.0,10.0,7.0,17.0,22.0,0.0,1.0,2.0,0.0,22.1,1,1,1,1,7691,2460,10158,740,1840,17370,15642,24967,10265,8004,17214,11390,18762,10332,1.0,29:50,2015,2016
2015-16,201583,Ryan Anderson,Ryan,1610612740,NOP,New Orleans Pelicans,21500487,2015-12-31T00:00:00,NOP vs. LAC,L,29.2,4.0,2.0,0.0,8.0,15.0,19.0,4.0,26.0,0.0,1.0,1.0,3.0,21.8,1,13074,13074,13074,8194,2460,4731,9917,3109,23079,25786,8806,7214,8004,17214,4972,4736,10526,1.0,29:14,2015,2016
2015-16,202694,Marcus Morris Sr.,Marcus,1610612765,DET,Detroit Pistons,21500486,2015-12-31T00:00:00,DET vs. MIN,W,34.2,0.0,4.0,0.0,0.0,11.0,8.0,8.0,30.0,0.0,0.0,1.0,4.0,13.9,1,1,1,1,4150,12059,1596,9917,18861,18886,17345,17194,4541,8004,1,4972,2748,16232,1.0,34:14,2015,2016
2015-16,201586,Serge Ibaka,Serge,1610612760,OKC,Oklahoma City Thunder,21500488,2015-12-31T00:00:00,OKC vs. PHX,W,29.7,2.0,0.0,2.0,4.0,12.0,11.0,5.0,36.0,2.0,0.0,1.0,2.0,22.0,1,1,1,1,7809,6026,10158,4675,8599,20178,21814,11593,1943,932,1,4972,7786,10388,1.0,29:42,2015,2016
2015-16,203943,Noah Vonleh,Noah,1610612757,POR,Portland Trail Blazers,21500489,2015-12-31T00:00:00,POR @ UTA,L,18.7,2.0,2.0,0.0,2.0,3.0,6.0,3.0,10.0,0.0,0.0,1.0,3.0,13.8,1,13074,13074,13074,16918,6026,4731,9917,12984,5109,13237,7328,20209,8004,1,4972,4736,16311,1.0,18:44,2015,2016
2015-16,203952,Andrew Wiggins,Andrew,1610612750,MIN,Minnesota Timberwolves,21500486,2015-12-31T00:00:00,MIN @ DET,L,34.9,0.0,0.0,2.0,8.0,7.0,15.0,14.0,36.0,0.0,0.0,2.0,4.0,33.1,1,13074,13074,13074,3649,12059,10158,4675,3109,12242,24781,23710,1943,8004,1,11390,2748,4505,1.0,34:51,2015,2016
2015-16,203076,Anthony Davis,Anthony,1610612740,NOP,New Orleans Pelicans,21500487,2015-12-31T00:00:00,NOP vs. LAC,L,38.2,0.0,2.0,2.0,12.0,18.0,18.0,7.0,20.0,2.0,2.0,3.0,1.0,38.5,1,13074,13074,13074,1416,12059,4731,4675,988,24749,25634,15538,11929,932,23588,17641,12373,2771,1.0,38:13,2015,2016
2015-16,202330,Gordon Hayward,Gordon,1610612762,UTA,Utah Jazz,21500489,2015-12-31T00:00:00,UTA vs. POR,W,33.4,6.0,6.0,3.0,4.0,4.0,7.0,10.0,20.0,0.0,0.0,2.0,5.0,39.5,1,1,1,1,4811,878,481,3302,8599,6141,15642,20169,11929,8004,1,11390,1539,2497,1.0,33:24,2015,2016
2015-16,1718,Paul Pierce,Paul,1610612746,LAC,LA Clippers,21500487,2015-12-31T00:00:00,LAC @ NOP,W,20.5,0.0,0.0,0.0,0.0,3.0,5.0,5.0,14.0,1.0,1.0,1.0,2.0,14.2,1,1,1,1,15446,12059,10158,9917,18861,5109,11469,11593,17019,2692,17214,4972,7786,16003,1.0,20:32,2015,2016
2015-16,203143,Pablo Prigioni,Pablo,1610612746,LAC,LA Clippers,21500487,2015-12-31T00:00:00,LAC @ NOP,W,15.4,2.0,0.0,2.0,2.0,8.0,2.0,9.0,22.0,0.0,0.0,1.0,0.0,10.2,1,1,1,1,19474,6026,10158,4675,12984,13914,3734,18829,10265,8004,1,4972,18762,19003,1.0,15:24,2015,2016
2015-16,203476,Gorgui Dieng,Gorgui,1610612750,MIN,Minnesota Timberwolves,21500486,2015-12-31T00:00:00,MIN @ DET,L,22.0,2.0,2.0,0.0,4.0,3.0,11.0,3.0,20.0,2.0,1.0,3.0,1.0,19.6,1,13074,13074,13074,14179,6026,4731,9917,8599,5109,21814,7328,11929,932,17214,17641,12373,12024,1.0,21:59,2015,2016
2015-16,201229,Anthony Tolliver,Anthony,1610612765,DET,Detroit Pistons,21500486,2015-12-31T00:00:00,DET vs. MIN,W,16.1,0.0,0.0,3.0,0.0,2.0,3.0,4.0,12.0,0.0,0.0,0.0,1.0,25.5,1,1,1,1,18971,12059,10158,3302,18861,2619,7138,8806,18637,8004,1,1,12373,8230,1.0,16:05,2015,2016
2015-16,203093,Terrence Jones,Terrence,1610612745,HOU,Houston Rockets,21500485,2015-12-31T00:00:00,HOU vs. GSW,L,14.6,2.0,0.0,2.0,2.0,8.0,8.0,4.0,20.0,1.0,1.0,3.0,0.0,10.4,1,13074,13074,13074,20058,6026,10158,4675,12984,13914,17345,8806,11929,2692,17214,17641,18762,18859,1.0,14:34,2015,2016
2015-16,201573,Jerryd Bayless,Jerryd,1610612749,MIL,Milwaukee Bucks,21500484,2015-12-31T00:00:00,MIL @ IND,W,25.0,3.0,2.0,0.0,2.0,13.0,7.0,19.0,30.0,0.0,2.0,4.0,1.0,14.9,1,1,1,1,11656,4307,4731,9917,12984,21300,15642,25435,4541,8004,23588,22104,12373,15463,1.0,25:01,2015,2016
2015-16,203460,Andre Roberson,Andre,1610612760,OKC,Oklahoma City Thunder,21500488,2015-12-31T00:00:00,OKC vs. PHX,W,25.2,0.0,0.0,0.0,2.0,12.0,9.0,5.0,28.0,0.0,0.0,3.0,1.0,19.3,1,1,1,1,11515,12059,10158,9917,12984,20178,19144,11593,5824,8004,1,17641,12373,12228,1.0,25:13,2015,2016
2015-16,202713,Kyle Singler,Kyle,1610612760,OKC,Oklahoma City Thunder,21500488,2015-12-31T00:00:00,OKC vs. PHX,W,12.8,0.0,0.0,0.0,0.0,8.0,6.0,2.0,18.0,0.0,2.0,1.0,1.0,14.8,1,1,1,1,21073,12059,10158,9917,18861,13914,13237,4025,13577,8004,23588,4972,12373,15561,1.0,12:50,2015,2016
2015-16,203141,Mirza Teletovic,Mirza,1610612756,PHX,Phoenix Suns,21500488,2015-12-31T00:00:00,PHX @ OKC,L,23.3,5.0,0.0,0.0,6.0,10.0,6.0,10.0,20.0,1.0,1.0,0.0,0.0,25.6,1,13074,13074,13074,13115,1603,10158,9917,5299,17370,13237,20169,11929,2692,17214,1,18762,8157,1.0,23:19,2015,2016
2015-16,203486,Mason Plumlee,Mason,1610612757,POR,Portland Trail Blazers,21500489,2015-12-31T00:00:00,POR @ UTA,L,20.2,0.0,0.0,0.0,2.0,16.0,7.0,6.0,18.0,0.0,2.0,0.0,4.0,14.8,1,13074,13074,13074,15778,12059,10158,9917,12984,23774,15642,13388,13577,8004,23588,1,2748,15561,1.0,20:09,2015,2016
2015-16,2738,Andre Iguodala,Andre,1610612744,GSW,Golden State Warriors,21500485,2015-12-31T00:00:00,GSW @ HOU,W,32.5,5.0,7.0,4.0,8.0,21.0,4.0,15.0,18.0,1.0,0.0,2.0,7.0,33.6,1,1,1,1,5503,1603,292,1913,3109,25535,8458,24242,13577,2692,1,11390,469,4305,1.0,32:30,2015,2016
2015-16,203897,Zach LaVine,Zach,1610612750,MIN,Minnesota Timberwolves,21500486,2015-12-31T00:00:00,MIN @ DET,L,24.8,0.0,0.0,2.0,2.0,4.0,5.0,16.0,20.0,0.0,0.0,5.0,2.0,9.8,1,13074,13074,13074,11828,12059,10158,4675,12984,6141,11469,24641,11929,8004,1,24686,7786,19331,1.0,24:48,2015,2016
2015-16,203498,Shabazz Muhammad,Shabazz,1610612750,MIN,Minnesota Timberwolves,21500486,2015-12-31T00:00:00,MIN @ DET,L,22.8,5.0,1.0,4.0,8.0,6.0,9.0,13.0,20.0,0.0,0.0,2.0,3.0,23.1,1,13074,13074,13074,13515,1603,9709,1913,3109,10028,19144,23048,11929,8004,1,11390,4736,9699,1.0,22:49,2015,2016
2015-16,203991,Clint Capela,Clint,1610612745,HOU,Houston Rockets,21500485,2015-12-31T00:00:00,HOU vs. GSW,L,23.6,0.0,2.0,0.0,4.0,6.0,7.0,11.0,24.0,1.0,2.0,3.0,1.0,14.2,1,13074,13074,13074,12896,12059,4731,9917,8599,10028,15642,21342,8723,2692,23588,17641,12373,16003,1.0,23:36,2015,2016
2015-16,203458,Alex Len,Alex,1610612756,PHX,Phoenix Suns,21500488,2015-12-31T00:00:00,PHX @ OKC,L,16.7,0.0,0.0,0.0,0.0,4.0,6.0,6.0,14.0,2.0,0.0,5.0,0.0,10.1,1,13074,13074,13074,18531,12059,10158,9917,18861,6141,13237,13388,17019,932,1,24686,18762,19105,1.0,16:39,2015,2016
2015-16,203079,Dion Waiters,Dion,1610612760,OKC,Oklahoma City Thunder,21500488,2015-12-31T00:00:00,OKC vs. PHX,W,28.2,4.0,0.0,4.0,6.0,13.0,12.0,2.0,36.0,1.0,0.0,4.0,1.0,23.7,1,1,1,1,9100,2460,10158,1913,5299,21300,22832,4025,1943,2692,1,22104,12373,9329,1.0,28:10,2015,2016
2015-16,1626192,Pat Connaughton,Pat,1610612757,POR,Portland Trail Blazers,21500489,2015-12-31T00:00:00,POR @ UTA,L,3.0,0.0,0.0,0.0,0.0,0.0,0.0,0.0,0.0,0.0,0.0,0.0,0.0,3.0,1,13074,13074,13074,25110,12059,10158,9917,18861,1,1,1,25429,8004,1,1,18762,23648,1.0,3:02,2015,2016
2015-16,201147,Corey Brewer,Corey,1610612745,HOU,Houston Rockets,21500485,2015-12-31T00:00:00,HOU vs. GSW,L,14.6,2.0,0.0,2.0,2.0,8.0,3.0,6.0,14.0,0.0,0.0,0.0,3.0,21.5,1,13074,13074,13074,20071,6026,10158,4675,12984,13914,7138,13388,17019,8004,1,1,4736,10755,1.0,14:34,2015,2016
2015-16,1626145,Tyus Jones,Tyus,1610612750,MIN,Minnesota Timberwolves,21500486,2015-12-31T00:00:00,MIN @ DET,L,13.2,0.0,0.0,0.0,2.0,4.0,4.0,9.0,8.0,0.0,0.0,1.0,2.0,16.0,1,13074,13074,13074,20894,12059,10158,9917,12984,6141,8458,18829,21543,8004,1,4972,7786,14590,1.0,13:09,2015,2016
2015-16,201202,Joel Anthony,Joel,1610612765,DET,Detroit Pistons,21500486,2015-12-31T00:00:00,DET vs. MIN,W,3.4,0.0,0.0,0.0,0.0,3.0,0.0,0.0,0.0,1.0,0.0,1.0,0.0,3.0,1,1,1,1,24965,12059,10158,9917,18861,5109,1,1,25429,2692,1,4972,18762,23648,1.0,3:23,2015,2016
2015-16,203089,John Henson,John,1610612749,MIL,Milwaukee Bucks,21500484,2015-12-31T00:00:00,MIL @ IND,W,13.6,0.0,2.0,0.0,4.0,3.0,8.0,5.0,6.0,1.0,0.0,2.0,1.0,13.1,1,1,1,1,20662,12059,4731,9917,8599,5109,17345,11593,22724,2692,1,11390,12373,16874,1.0,13:34,2015,2016
2015-16,203546,Ian Clark,Ian,1610612744,GSW,Golden State Warriors,21500485,2015-12-31T00:00:00,GSW @ HOU,W,25.7,0.0,0.0,3.0,4.0,15.0,4.0,13.0,22.0,0.0,0.0,4.0,1.0,18.6,1,1,1,1,11078,12059,10158,3302,8599,23079,8458,23048,10265,8004,1,22104,12373,12715,1.0,25:44,2015,2016
2015-16,203187,Chris Johnson,Chris,1610612762,UTA,Utah Jazz,21500489,2015-12-31T00:00:00,UTA vs. POR,W,15.3,0.0,0.0,3.0,2.0,4.0,4.0,4.0,8.0,0.0,0.0,2.0,1.0,12.9,1,1,1,1,19571,12059,10158,3302,12984,6141,8458,8806,21543,8004,1,11390,12373,17049,1.0,15:17,2015,2016
2015-16,204060,Joe Ingles,Joe,1610612762,UTA,Utah Jazz,21500489,2015-12-31T00:00:00,UTA vs. POR,W,17.5,3.0,0.0,0.0,0.0,5.0,3.0,2.0,8.0,0.0,0.0,3.0,0.0,12.6,1,1,1,1,17916,4307,10158,9917,18861,8403,7138,4025,21543,8004,1,17641,18762,17277,1.0,17:28,2015,2016
2015-16,201977,Marcus Thornton,Marcus,1610612745,HOU,Houston Rockets,21500485,2015-12-31T00:00:00,HOU vs. GSW,L,26.3,5.0,0.0,5.0,2.0,10.0,5.0,7.0,26.0,0.0,0.0,4.0,1.0,8.0,1,13074,13074,13074,10591,1603,10158,1277,12984,17370,11469,15538,7214,8004,1,22104,12373,20564,1.0,26:19,2015,2016
2015-16,201564,O.J. Mayo,O.J.,1610612749,MIL,Milwaukee Bucks,21500484,2015-12-31T00:00:00,MIL @ IND,W,22.6,4.0,2.0,2.0,2.0,9.0,8.0,9.0,22.0,0.0,0.0,4.0,3.0,18.3,1,1,1,1,13726,2460,4731,4675,12984,15771,17345,18829,10265,8004,1,22104,4736,12952,1.0,22:33,2015,2016
2015-16,201601,Luc Mbah a Moute,Luc,1610612746,LAC,LA Clippers,21500487,2015-12-31T00:00:00,LAC @ NOP,W,25.9,0.0,4.0,0.0,4.0,3.0,3.0,7.0,18.0,2.0,1.0,1.0,1.0,18.3,1,1,1,1,10905,12059,1596,9917,8599,5109,7138,15538,13577,932,17214,4972,12373,12952,1.0,25:56,2015,2016
2015-16,201155,Rodney Stuckey,Rodney,1610612754,IND,Indiana Pacers,21500484,2015-12-31T00:00:00,IND vs. MIL,L,25.0,2.0,0.0,2.0,4.0,19.0,6.0,6.0,32.0,0.0,3.0,1.0,2.0,18.2,1,13074,13074,13074,11712,6026,10158,4675,8599,25074,13237,13388,3535,8004,25441,4972,7786,13004,1.0,24:57,2015,2016
2015-16,201951,Ty Lawson,Ty,1610612745,HOU,Houston Rockets,21500485,2015-12-31T00:00:00,HOU vs. GSW,L,17.7,1.0,0.0,1.0,0.0,12.0,5.0,3.0,24.0,0.0,0.0,0.0,2.0,16.0,1,13074,13074,13074,17734,11535,10158,9347,18861,20178,11469,7328,8723,8004,1,1,7786,14590,1.0,17:44,2015,2016
2015-16,203949,James Michael McAdoo,James Michael,1610612744,GSW,Golden State Warriors,21500485,2015-12-31T00:00:00,GSW @ HOU,W,9.5,3.0,0.0,3.0,4.0,5.0,0.0,3.0,6.0,0.0,1.0,0.0,3.0,18.1,1,1,1,1,22654,4307,10158,3302,8599,8403,1,7328,22724,8004,17214,1,4736,13090,1.0,9:27,2015,2016
2015-16,201569,Eric Gordon,Eric,1610612740,NOP,New Orleans Pelicans,21500487,2015-12-31T00:00:00,NOP vs. LAC,L,35.4,0.0,0.0,8.0,0.0,22.0,22.0,7.0,20.0,1.0,0.0,4.0,1.0,16.4,1,13074,13074,13074,3208,12059,10158,280,18861,25683,25991,15538,11929,2692,1,22104,12373,14289,1.0,35:25,2015,2016
2015-16,1626164,Devin Booker,Devin,1610612756,PHX,Phoenix Suns,21500488,2015-12-31T00:00:00,PHX @ OKC,L,39.0,2.0,0.0,0.0,2.0,15.0,16.0,17.0,40.0,0.0,2.0,3.0,4.0,18.1,1,13074,13074,13074,1065,6026,10158,9917,12984,23079,25155,24967,983,8004,23588,17641,2748,13090,1.0,39:01,2015,2016
2015-16,201600,Omer Asik,Omer,1610612740,NOP,New Orleans Pelicans,21500487,2015-12-31T00:00:00,NOP vs. LAC,L,20.5,2.0,0.0,0.0,4.0,13.0,11.0,7.0,12.0,0.0,0.0,1.0,2.0,12.6,1,13074,13074,13074,15449,6026,10158,9917,8599,21300,21814,15538,18637,8004,1,4972,7786,17277,1.0,20:32,2015,2016
2015-16,202325,Wesley Johnson,Wesley,1610612746,LAC,LA Clippers,21500487,2015-12-31T00:00:00,LAC @ NOP,W,27.3,5.0,3.0,2.0,4.0,9.0,2.0,11.0,28.0,0.0,0.0,2.0,0.0,16.6,1,1,1,1,9804,1603,3104,4675,8599,15771,3734,21342,5824,8004,1,11390,18762,14125,1.0,27:15,2015,2016
2015-16,202344,Trevor Booker,Trevor,1610612762,UTA,Utah Jazz,21500489,2015-12-31T00:00:00,UTA vs. POR,W,25.7,0.0,1.0,0.0,2.0,5.0,2.0,4.0,12.0,0.0,0.0,1.0,1.0,12.8,1,1,1,1,11100,12059,9709,9917,12984,8403,3734,8806,18637,8004,1,4972,12373,17129,1.0,25:42,2015,2016
2015-16,203090,Maurice Harkless,Maurice,1610612757,POR,Portland Trail Blazers,21500489,2015-12-31T00:00:00,POR @ UTA,L,21.8,2.0,0.0,2.0,6.0,16.0,6.0,3.0,20.0,0.0,0.0,1.0,1.0,16.1,1,13074,13074,13074,14331,6026,10158,4675,5299,23774,13237,7328,11929,8004,1,4972,12373,14515,1.0,21:48,2015,2016
2015-16,1626167,Myles Turner,Myles,1610612754,IND,Indiana Pacers,21500484,2015-12-31T00:00:00,IND vs. MIL,L,17.1,0.0,5.0,0.0,4.0,13.0,6.0,4.0,24.0,0.0,0.0,2.0,3.0,17.8,1,13074,13074,13074,18175,12059,995,9917,8599,21300,13237,8806,8723,8004,1,11390,4736,13309,1.0,17:08,2015,2016
2015-16,202329,Al-Farouq Aminu,Al-Farouq,1610612757,POR,Portland Trail Blazers,21500489,2015-12-31T00:00:00,POR @ UTA,L,25.7,0.0,0.0,0.0,0.0,16.0,7.0,3.0,18.0,0.0,0.0,1.0,1.0,12.7,1,13074,13074,13074,11157,12059,10158,9917,18861,23774,15642,7328,13577,8004,1,4972,12373,17201,1.0,25:39,2015,2016
2015-16,203500,Steven Adams,Steven,1610612760,OKC,Oklahoma City Thunder,21500488,2015-12-31T00:00:00,OKC vs. PHX,W,25.0,0.0,2.0,0.0,4.0,15.0,4.0,7.0,26.0,0.0,1.0,2.0,3.0,18.1,1,1,1,1,11678,12059,4731,9917,8599,23079,8458,15538,7214,8004,17214,11390,4736,13090,1.0,24:59,2015,2016
2015-16,201945,Gerald Henderson,Gerald,1610612757,POR,Portland Trail Blazers,21500489,2015-12-31T00:00:00,POR @ UTA,L,8.1,0.0,0.0,0.0,0.0,8.0,3.0,0.0,0.0,0.0,0.0,1.0,0.0,2.2,1,13074,13074,13074,23143,12059,10158,9917,18861,13914,7138,1,25429,8004,1,4972,18762,24138,1.0,8:07,2015,2016
2015-16,202087,Alonzo Gee,Alonzo,1610612740,NOP,New Orleans Pelicans,21500487,2015-12-31T00:00:00,NOP vs. LAC,L,13.7,0.0,0.0,0.0,0.0,5.0,0.0,3.0,4.0,0.0,0.0,2.0,0.0,1.5,1,13074,13074,13074,20604,12059,10158,9917,18861,8403,1,7328,23698,8004,1,11390,18762,24473,1.0,13:40,2015,2016
2015-16,201575,Brandon Rush,Brandon,1610612744,GSW,Golden State Warriors,21500485,2015-12-31T00:00:00,GSW @ HOU,W,13.8,0.0,0.0,0.0,2.0,5.0,4.0,11.0,12.0,0.0,1.0,0.0,0.0,6.2,1,1,1,1,20557,12059,10158,9917,12984,8403,8458,21342,18637,8004,17214,1,18762,21696,1.0,13:45,2015,2016
2015-16,202700,Donatas Motiejunas,Donatas,1610612745,HOU,Houston Rockets,21500485,2015-12-31T00:00:00,HOU vs. GSW,L,6.3,0.0,0.0,0.0,2.0,4.0,0.0,1.0,8.0,0.0,1.0,1.0,0.0,2.0,1,13074,13074,13074,23858,12059,10158,9917,12984,6141,1,3646,21543,8004,17214,4972,18762,24216,1.0,6:15,2015,2016
2015-16,203524,Solomon Hill,Solomon,1610612754,IND,Indiana Pacers,21500484,2015-12-31T00:00:00,IND vs. MIL,L,18.5,0.0,0.0,0.0,2.0,8.0,2.0,2.0,20.0,1.0,2.0,1.0,1.0,11.2,1,13074,13074,13074,17124,12059,10158,9917,12984,13914,3734,4025,11929,2692,23588,4972,12373,18267,1.0,18:27,2015,2016
2015-16,2419,Tayshaun Prince,Tayshaun,1610612750,MIN,Minnesota Timberwolves,21500486,2015-12-31T00:00:00,MIN @ DET,L,24.7,0.0,0.0,0.0,0.0,5.0,12.0,10.0,22.0,0.0,0.0,1.0,0.0,6.0,1,13074,13074,13074,11970,12059,10158,9917,18861,8403,22832,20169,10265,8004,1,4972,18762,21878,1.0,24:39,2015,2016
2015-16,203085,Austin Rivers,Austin,1610612746,LAC,LA Clippers,21500487,2015-12-31T00:00:00,LAC @ NOP,W,20.7,0.0,0.0,0.0,0.0,8.0,4.0,9.0,28.0,0.0,0.0,0.0,1.0,10.7,1,1,1,1,15286,12059,10158,9917,18861,13914,8458,18829,5824,8004,1,1,12373,18636,1.0,20:45,2015,2016
2015-16,202683,Enes Freedom,Enes,1610612760,OKC,Oklahoma City Thunder,21500488,2015-12-31T00:00:00,OKC vs. PHX,W,14.4,2.0,3.0,0.0,4.0,6.0,7.0,0.0,14.0,0.0,0.0,0.0,2.0,11.3,1,1,1,1,20194,6026,3104,9917,8599,10028,15642,1,17019,8004,1,1,7786,18230,1.0,14:21,2015,2016
2015-16,1626145,Tyus Jones,Tyus,1610612750,MIN,Minnesota Timberwolves,21500479,2015-12-30T00:00:00,MIN vs. UTA,W,12.3,0.0,0.0,0.0,2.0,3.0,5.0,3.0,8.0,0.0,2.0,1.0,0.0,11.2,1,1,1,1,21410,12059,10158,9917,12984,5109,11469,7328,21543,8004,23588,4972,18762,18267,1.0,12:15,2015,2016
2015-16,203960,JaKarr Sampson,JaKarr,1610612755,PHI,Philadelphia 76ers,21500483,2015-12-30T00:00:00,PHI @ SAC,W,17.2,3.0,2.0,0.0,4.0,2.0,5.0,7.0,18.0,1.0,1.0,5.0,1.0,10.8,1,1,1,1,18121,4307,4731,9917,8599,2619,11469,15538,13577,2692,17214,24686,12373,18579,1.0,17:13,2015,2016
2015-16,203473,Dewayne Dedmon,Dewayne,1610612753,ORL,Orlando Magic,21500475,2015-12-30T00:00:00,ORL vs. BKN,W,6.3,0.0,0.0,0.0,2.0,4.0,2.0,0.0,10.0,0.0,1.0,0.0,0.0,5.6,1,1,1,1,23831,12059,10158,9917,12984,6141,3734,1,20209,8004,17214,1,18762,22133,1.0,6:18,2015,2016
2015-16,203492,Ray McCallum,Ray,1610612759,SAS,San Antonio Spurs,21500481,2015-12-30T00:00:00,SAS vs. PHX,W,8.3,0.0,0.0,0.0,0.0,4.0,4.0,2.0,4.0,0.0,0.0,0.0,0.0,5.5,1,1,1,1,23091,12059,10158,9917,18861,6141,8458,4025,23698,8004,1,1,18762,22196,1.0,8:17,2015,2016
2015-16,203949,James Michael McAdoo,James Michael,1610612744,GSW,Golden State Warriors,21500480,2015-12-30T00:00:00,GSW @ DAL,L,15.9,0.0,0.0,0.0,0.0,7.0,4.0,5.0,16.0,0.0,0.0,2.0,1.0,6.0,1,13074,13074,13074,19087,12059,10158,9917,18861,12242,8458,11593,15259,8004,1,11390,12373,21878,1.0,15:56,2015,2016
2015-16,203187,Chris Johnson,Chris,1610612762,UTA,Utah Jazz,21500479,2015-12-30T00:00:00,UTA @ MIN,L,17.1,0.0,0.0,0.0,0.0,5.0,6.0,7.0,14.0,0.0,0.0,0.0,0.0,6.2,1,13074,13074,13074,18196,12059,10158,9917,18861,8403,13237,15538,17019,8004,1,1,18762,21696,1.0,17:06,2015,2016
2015-16,202720,Jon Leuer,Jon,1610612756,PHX,Phoenix Suns,21500481,2015-12-30T00:00:00,PHX @ SAS,L,15.1,2.0,0.0,0.0,0.0,6.0,3.0,3.0,12.0,0.0,0.0,2.0,1.0,10.5,1,13074,13074,13074,19663,6026,10158,9917,18861,10028,7138,7328,18637,8004,1,11390,12373,18808,1.0,15:08,2015,2016
2015-16,203937,Kyle Anderson,Kyle,1610612759,SAS,San Antonio Spurs,21500481,2015-12-30T00:00:00,SAS vs. PHX,W,9.2,0.0,0.0,0.0,2.0,4.0,4.0,2.0,4.0,1.0,0.0,1.0,1.0,11.2,1,1,1,1,22781,12059,10158,9917,12984,6141,8458,4025,23698,2692,1,4972,12373,18267,1.0,9:09,2015,2016
2015-16,202066,Garrett Temple,Garrett,1610612764,WAS,Washington Wizards,21500477,2015-12-30T00:00:00,WAS @ TOR,L,31.6,0.0,0.0,1.0,0.0,14.0,15.0,6.0,26.0,0.0,0.0,6.0,2.0,10.8,1,13074,13074,13074,6245,12059,10158,9347,18861,22292,24781,13388,7214,8004,1,25827,7786,18579,1.0,31:35,2015,2016
2015-16,1626164,Devin Booker,Devin,1610612756,PHX,Phoenix Suns,21500481,2015-12-30T00:00:00,PHX @ SAS,L,23.9,2.0,0.0,2.0,4.0,9.0,5.0,5.0,18.0,0.0,1.0,2.0,1.0,10.6,1,13074,13074,13074,12630,6026,10158,4675,8599,15771,11469,11593,13577,8004,17214,11390,12373,18723,1.0,23:55,2015,2016
2015-16,203798,PJ Hairston,PJ,1610612766,CHA,Charlotte Hornets,21500474,2015-12-30T00:00:00,CHA vs. LAC,L,22.0,0.0,0.0,3.0,2.0,5.0,9.0,2.0,12.0,0.0,0.0,5.0,0.0,11.3,1,13074,13074,13074,14199,12059,10158,3302,12984,8403,19144,4025,18637,8004,1,24686,18762,18230,1.0,21:58,2015,2016
2015-16,203923,James Young,James,1610612738,BOS,Boston Celtics,21500476,2015-12-30T00:00:00,BOS vs. LAL,L,7.8,0.0,0.0,0.0,2.0,2.0,3.0,7.0,14.0,0.0,0.0,3.0,0.0,6.2,1,13074,13074,13074,23253,12059,10158,9917,12984,2619,7138,15538,17019,8004,1,17641,18762,21696,1.0,7:50,2015,2016
2015-16,203112,Quincy Acy,Quincy,1610612758,SAC,Sacramento Kings,21500483,2015-12-30T00:00:00,SAC vs. PHI,L,9.1,0.0,2.0,0.0,0.0,4.0,2.0,2.0,2.0,0.0,0.0,1.0,3.0,11.0,1,13074,13074,13074,22792,12059,4731,9917,18861,6141,3734,4025,24614,8004,1,4972,4736,18430,1.0,9:08,2015,2016
2015-16,203094,Andrew Nicholson,Andrew,1610612753,ORL,Orlando Magic,21500475,2015-12-30T00:00:00,ORL vs. BKN,W,7.3,0.0,2.0,0.0,4.0,2.0,4.0,5.0,8.0,0.0,0.0,0.0,0.0,6.2,1,1,1,1,23470,12059,4731,9917,8599,2619,8458,11593,21543,8004,1,1,18762,21696,1.0,7:17,2015,2016
2015-16,201978,Chase Budinger,Chase,1610612754,IND,Indiana Pacers,21500478,2015-12-30T00:00:00,IND @ CHI,L,11.0,0.0,0.0,0.0,0.0,0.0,13.0,0.0,16.0,0.0,0.0,2.0,1.0,5.6,1,13074,13074,13074,22027,12059,10158,9917,18861,1,23668,1,15259,8004,1,11390,12373,22133,1.0,11:00,2015,2016
2015-16,203462,Archie Goodwin,Archie,1610612756,PHX,Phoenix Suns,21500481,2015-12-30T00:00:00,PHX @ SAS,L,16.9,4.0,2.0,2.0,4.0,3.0,0.0,2.0,18.0,0.0,1.0,0.0,3.0,10.7,1,13074,13074,13074,18319,2460,4731,4675,8599,5109,1,4025,13577,8004,17214,1,4736,18636,1.0,16:56,2015,2016
2015-16,1626162,Kelly Oubre Jr.,Kelly,1610612764,WAS,Washington Wizards,21500477,2015-12-30T00:00:00,WAS @ TOR,L,13.8,0.0,0.0,0.0,2.0,8.0,6.0,4.0,12.0,0.0,0.0,3.0,0.0,1.5,1,13074,13074,13074,20504,12059,10158,9917,12984,13914,13237,8806,18637,8004,1,17641,18762,24473,1.0,13:50,2015,2016
2015-16,203955,Bryce Cotton,Bryce,1610612756,PHX,Phoenix Suns,21500481,2015-12-30T00:00:00,PHX @ SAS,L,21.3,0.0,0.0,0.0,0.0,10.0,2.0,6.0,26.0,0.0,0.0,1.0,0.0,11.0,1,13074,13074,13074,14833,12059,10158,9917,18861,17370,3734,13388,7214,8004,1,4972,18762,18430,1.0,21:15,2015,2016
2015-16,201603,Sonny Weems,Sonny,1610612756,PHX,Phoenix Suns,21500481,2015-12-30T00:00:00,PHX @ SAS,L,13.6,0.0,0.0,0.0,0.0,8.0,3.0,4.0,12.0,0.0,0.0,1.0,0.0,1.4,1,13074,13074,13074,20648,12059,10158,9917,18861,13914,7138,8806,18637,8004,1,4972,18762,24615,1.0,13:35,2015,2016
2015-16,1626209,Mario Hezonja,Mario,1610612753,ORL,Orlando Magic,21500475,2015-12-30T00:00:00,ORL vs. BKN,W,8.0,0.0,0.0,0.0,0.0,2.0,2.0,2.0,12.0,1.0,0.0,0.0,0.0,4.5,1,1,1,1,23183,12059,10158,9917,18861,2619,3734,4025,18637,2692,1,1,18762,22773,1.0,8:00,2015,2016
2015-16,201585,Kosta Koufos,Kosta,1610612758,SAC,Sacramento Kings,21500483,2015-12-30T00:00:00,SAC vs. PHI,L,11.8,0.0,0.0,0.0,4.0,3.0,4.0,0.0,14.0,0.0,0.0,2.0,1.0,5.0,1,13074,13074,13074,21668,12059,10158,9917,8599,5109,8458,1,17019,8004,1,11390,12373,22500,1.0,11:51,2015,2016
2015-16,203186,Willie Reed,Willie,1610612751,BKN,Brooklyn Nets,21500475,2015-12-30T00:00:00,BKN @ ORL,L,8.8,0.0,2.0,0.0,6.0,2.0,5.0,0.0,6.0,0.0,0.0,2.0,1.0,7.2,1,13074,13074,13074,22924,12059,4731,9917,5299,2619,11469,1,22724,8004,1,11390,12373,21035,1.0,8:47,2015,2016
2015-16,204456,T.J. McConnell,T.J.,1610612755,PHI,Philadelphia 76ers,21500483,2015-12-30T00:00:00,PHI @ SAC,W,15.4,0.0,0.0,0.0,0.0,2.0,2.0,8.0,16.0,0.0,1.0,2.0,0.0,6.7,1,1,1,1,19455,12059,10158,9917,18861,2619,3734,17194,15259,8004,17214,11390,18762,21376,1.0,15:26,2015,2016
2015-16,202357,Nemanja Bjelica,Nemanja,1610612750,MIN,Minnesota Timberwolves,21500479,2015-12-30T00:00:00,MIN vs. UTA,W,5.2,0.0,0.0,0.0,0.0,3.0,2.0,0.0,4.0,0.0,0.0,0.0,0.0,5.0,1,1,1,1,24285,12059,10158,9917,18861,5109,3734,1,23698,8004,1,1,18762,22500,1.0,5:14,2015,2016
2015-16,200745,Andrea Bargnani,Andrea,1610612751,BKN,Brooklyn Nets,21500475,2015-12-30T00:00:00,BKN @ ORL,L,14.2,0.0,0.0,0.0,0.0,2.0,1.0,0.0,6.0,0.0,0.0,0.0,0.0,5.0,1,13074,13074,13074,20260,12059,10158,9917,18861,2619,3393,1,22724,8004,1,1,18762,22500,1.0,14:14,2015,2016
2015-16,202362,Lance Stephenson,Lance,1610612746,LAC,LA Clippers,21500474,2015-12-30T00:00:00,LAC @ CHA,W,2.3,0.0,0.0,0.0,0.0,0.0,6.0,0.0,2.0,0.0,0.0,1.0,0.0,0.0,1,1,1,1,25417,12059,10158,9917,18861,1,13237,1,24614,8004,1,4972,18762,25170,1.0,2:18,2015,2016
2015-16,101161,Amir Johnson,Amir,1610612738,BOS,Boston Celtics,21500476,2015-12-30T00:00:00,BOS vs. LAL,L,18.4,0.0,0.0,0.0,0.0,7.0,7.0,8.0,20.0,0.0,0.0,0.0,1.0,5.0,1,13074,13074,13074,17213,12059,10158,9917,18861,12242,15642,17194,11929,8004,1,1,12373,22500,1.0,18:22,2015,2016
2015-16,203897,Zach LaVine,Zach,1610612750,MIN,Minnesota Timberwolves,21500479,2015-12-30T00:00:00,MIN vs. UTA,W,11.6,0.0,2.0,2.0,2.0,3.0,2.0,3.0,6.0,0.0,1.0,3.0,1.0,4.6,1,1,1,1,21772,12059,4731,4675,12984,5109,3734,7328,22724,8004,17214,17641,12373,22734,1.0,11:37,2015,2016
2015-16,203141,Mirza Teletovic,Mirza,1610612756,PHX,Phoenix Suns,21500481,2015-12-30T00:00:00,PHX @ SAS,L,10.1,0.0,2.0,0.0,2.0,4.0,2.0,4.0,16.0,0.0,0.0,4.0,1.0,13.4,1,13074,13074,13074,22409,12059,4731,9917,12984,6141,3734,8806,15259,8004,1,22104,12373,16614,1.0,10:04,2015,2016
2015-16,203928,Cory Jefferson,Cory,1610612756,PHX,Phoenix Suns,21500481,2015-12-30T00:00:00,PHX @ SAS,L,7.8,0.0,2.0,0.0,2.0,2.0,2.0,0.0,6.0,0.0,1.0,2.0,0.0,8.8,1,13074,13074,13074,23271,12059,4731,9917,12984,2619,3734,1,22724,8004,17214,11390,18762,19994,1.0,7:48,2015,2016
2015-16,201156,Nick Young,Nick,1610612747,LAL,Los Angeles Lakers,21500476,2015-12-30T00:00:00,LAL @ BOS,W,19.0,2.0,0.0,3.0,0.0,3.0,6.0,5.0,32.0,0.0,0.0,0.0,0.0,9.2,1,1,1,1,16712,6026,10158,3302,18861,5109,13237,11593,3535,8004,1,1,18762,19680,1.0,18:59,2015,2016
2015-16,203584,Troy Daniels,Troy,1610612766,CHA,Charlotte Hornets,21500474,2015-12-30T00:00:00,CHA vs. LAC,L,1.5,0.0,0.0,0.0,0.0,4.0,0.0,4.0,2.0,0.0,0.0,0.0,0.0,0.0,1,13074,13074,13074,25687,12059,10158,9917,18861,6141,1,8806,24614,8004,1,1,18762,25170,1.0,1:32,2015,2016
2015-16,201945,Gerald Henderson,Gerald,1610612757,POR,Portland Trail Blazers,21500482,2015-12-30T00:00:00,POR vs. DEN,W,18.9,0.0,0.0,0.0,0.0,9.0,10.0,2.0,12.0,0.0,1.0,0.0,1.0,9.3,1,1,1,1,16820,12059,10158,9917,18861,15771,20509,4025,18637,8004,17214,1,12373,19656,1.0,18:51,2015,2016
2015-16,202379,Jeremy Evans,Jeremy,1610612742,DAL,Dallas Mavericks,21500480,2015-12-30T00:00:00,DAL vs. GSW,W,5.4,2.0,0.0,2.0,0.0,2.0,5.0,0.0,0.0,0.0,0.0,0.0,2.0,5.4,1,1,1,1,24217,6026,10158,4675,18861,2619,11469,1,25429,8004,1,1,7786,22242,1.0,5:23,2015,2016
2015-16,2550,Kirk Hinrich,Kirk,1610612741,CHI,Chicago Bulls,21500478,2015-12-30T00:00:00,CHI vs. IND,W,12.6,3.0,0.0,0.0,0.0,5.0,5.0,0.0,14.0,1.0,0.0,1.0,0.0,4.0,1,1,1,1,21240,4307,10158,9917,18861,8403,11469,1,17019,2692,1,4972,18762,23142,1.0,12:34,2015,2016
2015-16,203123,Kostas Papanikolaou,Kostas,1610612743,DEN,Denver Nuggets,21500482,2015-12-30T00:00:00,DEN @ POR,L,11.9,0.0,0.0,0.0,0.0,10.0,2.0,4.0,8.0,0.0,0.0,0.0,1.0,0.4,1,13074,13074,13074,21628,12059,10158,9917,18861,17370,3734,8806,21543,8004,1,1,12373,25093,1.0,11:55,2015,2016
2015-16,203901,Elfrid Payton,Elfrid,1610612753,ORL,Orlando Magic,21500475,2015-12-30T00:00:00,ORL vs. BKN,W,4.8,0.0,0.0,0.0,0.0,2.0,2.0,0.0,4.0,0.0,0.0,0.0,0.0,0.5,1,1,1,1,24426,12059,10158,9917,18861,2619,3734,1,23698,8004,1,1,18762,25056,1.0,4:48,2015,2016
2015-16,2034,Mike Miller,Mike,1610612743,DEN,Denver Nuggets,21500482,2015-12-30T00:00:00,DEN @ POR,L,12.0,0.0,0.0,0.0,0.0,5.0,6.0,0.0,2.0,0.0,0.0,2.0,0.0,5.4,1,13074,13074,13074,21601,12059,10158,9917,18861,8403,13237,1,24614,8004,1,11390,18762,22242,1.0,11:59,2015,2016
2015-16,201946,Tyler Hansbrough,Tyler,1610612766,CHA,Charlotte Hornets,21500474,2015-12-30T00:00:00,CHA vs. LAC,L,15.0,0.0,3.0,0.0,2.0,3.0,3.0,5.0,16.0,0.0,0.0,1.0,6.0,9.0,1,13074,13074,13074,19752,12059,3104,9917,12984,5109,7138,11593,15259,8004,1,4972,873,19835,1.0,15:00,2015,2016
2015-16,203526,Raul Neto,Raul,1610612762,UTA,Utah Jazz,21500479,2015-12-30T00:00:00,UTA @ MIN,L,10.8,0.0,0.0,0.0,0.0,3.0,4.0,3.0,10.0,0.0,0.0,2.0,0.0,3.2,1,13074,13074,13074,22100,12059,10158,9917,18861,5109,8458,7328,20209,8004,1,11390,18762,23473,1.0,10:50,2015,2016
2015-16,203096,Jared Sullinger,Jared,1610612738,BOS,Boston Celtics,21500476,2015-12-30T00:00:00,BOS vs. LAL,L,23.8,0.0,0.0,0.0,4.0,8.0,9.0,8.0,26.0,1.0,0.0,1.0,1.0,21.6,1,13074,13074,13074,12769,12059,10158,9917,8599,13914,19144,17194,7214,2692,1,4972,12373,10666,1.0,23:46,2015,2016
2015-16,203098,John Jenkins,John,1610612742,DAL,Dallas Mavericks,21500480,2015-12-30T00:00:00,DAL vs. GSW,W,5.4,0.0,0.0,0.0,0.0,2.0,5.0,0.0,0.0,0.0,0.0,1.0,1.0,3.2,1,1,1,1,24217,12059,10158,9917,18861,2619,11469,1,25429,8004,1,4972,12373,23473,1.0,5:23,2015,2016
2015-16,1626158,Richaun Holmes,Richaun,1610612755,PHI,Philadelphia 76ers,21500483,2015-12-30T00:00:00,PHI @ SAC,W,5.1,0.0,0.0,0.0,2.0,2.0,0.0,2.0,4.0,0.0,0.0,0.0,0.0,4.4,1,1,1,1,24346,12059,10158,9917,12984,2619,1,4025,23698,8004,1,1,18762,22837,1.0,5:03,2015,2016
2015-16,202407,Elijah Millsap,Elijah,1610612762,UTA,Utah Jazz,21500479,2015-12-30T00:00:00,UTA @ MIN,L,6.0,0.0,2.0,0.0,2.0,2.0,2.0,0.0,2.0,0.0,0.0,0.0,0.0,5.4,1,13074,13074,13074,23966,12059,4731,9917,12984,2619,3734,1,24614,8004,1,1,18762,22242,1.0,5:59,2015,2016
2015-16,202335,Patrick Patterson,Patrick,1610612761,TOR,Toronto Raptors,21500477,2015-12-30T00:00:00,TOR vs. WAS,W,20.3,0.0,0.0,0.0,0.0,11.0,4.0,12.0,14.0,0.0,0.0,1.0,0.0,-0.6,1,1,1,1,15638,12059,10158,9917,18861,18886,8458,22259,17019,8004,1,4972,18762,25913,1.0,20:19,2015,2016
2015-16,203476,Gorgui Dieng,Gorgui,1610612750,MIN,Minnesota Timberwolves,21500479,2015-12-30T00:00:00,MIN vs. UTA,W,25.6,3.0,4.0,0.0,4.0,4.0,11.0,5.0,12.0,0.0,0.0,0.0,2.0,29.3,1,1,1,1,11208,4307,1596,9917,8599,6141,21814,11593,18637,8004,1,1,7786,6202,1.0,25:36,2015,2016
2015-16,201937,Ricky Rubio,Ricky,1610612750,MIN,Minnesota Timberwolves,21500479,2015-12-30T00:00:00,MIN vs. UTA,W,35.8,1.0,0.0,1.0,0.0,6.0,8.0,7.0,22.0,0.0,0.0,2.0,6.0,43.9,1,1,1,1,2932,11535,10158,9347,18861,10028,17345,15538,10265,8004,1,11390,873,1573,1.0,35:45,2015,2016
2015-16,202322,John Wall,John,1610612764,WAS,Washington Wizards,21500477,2015-12-30T00:00:00,WAS @ TOR,L,40.8,4.0,2.0,5.0,8.0,12.0,19.0,12.0,26.0,1.0,2.0,3.0,3.0,59.9,1,13074,13074,13074,526,2460,4731,1277,3109,20178,25786,22259,7214,2692,23588,17641,4736,210,1.0,40:48,2015,2016
2015-16,1626157,Karl-Anthony Towns,Karl-Anthony,1610612750,MIN,Minnesota Timberwolves,21500479,2015-12-30T00:00:00,MIN vs. UTA,W,31.5,7.0,6.0,5.0,10.0,8.0,4.0,10.0,24.0,2.0,1.0,2.0,6.0,44.5,1,1,1,1,6298,548,481,1277,1840,13914,8458,20169,8723,932,17214,11390,873,1459,1.0,31:31,2015,2016
2015-16,201196,Ramon Sessions,Ramon,1610612764,WAS,Washington Wizards,21500477,2015-12-30T00:00:00,WAS @ TOR,L,27.6,2.0,0.0,2.0,4.0,6.0,10.0,6.0,18.0,0.0,0.0,0.0,2.0,24.2,1,13074,13074,13074,9509,6026,10158,4675,8599,10028,20509,13388,13577,8004,1,1,7786,9009,1.0,27:38,2015,2016
2015-16,203457,Nerlens Noel,Nerlens,1610612755,PHI,Philadelphia 76ers,21500483,2015-12-30T00:00:00,PHI @ SAC,W,26.8,2.0,2.0,6.0,16.0,6.0,9.0,8.0,20.0,0.0,0.0,3.0,6.0,43.8,1,1,1,1,10177,6026,4731,740,275,10028,19144,17194,11929,8004,1,17641,873,1587,1.0,26:49,2015,2016
2015-16,203486,Mason Plumlee,Mason,1610612757,POR,Portland Trail Blazers,21500482,2015-12-30T00:00:00,POR vs. DEN,W,27.9,4.0,0.0,2.0,8.0,9.0,0.0,3.0,18.0,3.0,1.0,2.0,5.0,37.4,1,1,1,1,9306,2460,10158,4675,3109,15771,1,7328,13577,347,17214,11390,1539,3073,1.0,27:54,2015,2016
2015-16,203115,Will Barton,Will,1610612743,DEN,Denver Nuggets,21500482,2015-12-30T00:00:00,DEN @ POR,L,36.1,7.0,3.0,6.0,10.0,11.0,11.0,6.0,26.0,0.0,2.0,3.0,5.0,45.0,1,13074,13074,13074,2686,548,3104,740,1840,18886,21814,13388,7214,8004,23588,17641,1539,1357,1.0,36:05,2015,2016
2015-16,101127,Jarrett Jack,Jarrett,1610612751,BKN,Brooklyn Nets,21500475,2015-12-30T00:00:00,BKN @ ORL,L,33.0,0.0,0.0,0.0,2.0,13.0,6.0,5.0,36.0,0.0,0.0,2.0,2.0,29.0,1,13074,13074,13074,5097,12059,10158,9917,12984,21300,13237,11593,1943,8004,1,11390,7786,6346,1.0,33:02,2015,2016
2015-16,2225,Tony Parker,Tony,1610612759,SAS,San Antonio Spurs,21500481,2015-12-30T00:00:00,SAS vs. PHX,W,22.9,3.0,0.0,1.0,4.0,6.0,8.0,2.0,22.0,0.0,0.0,1.0,3.0,37.1,1,1,1,1,13484,4307,10158,9347,8599,10028,17345,4025,10265,8004,1,4972,4736,3151,1.0,22:52,2015,2016
2015-16,2199,Tyson Chandler,Tyson,1610612756,PHX,Phoenix Suns,21500481,2015-12-30T00:00:00,PHX @ SAS,L,25.9,2.0,8.0,0.0,10.0,12.0,6.0,7.0,16.0,2.0,0.0,1.0,3.0,29.5,1,13074,13074,13074,10965,6026,137,9917,1840,20178,13237,15538,15259,932,1,4972,4736,6103,1.0,25:52,2015,2016
2015-16,202710,Jimmy Butler III,Jimmy,1610612741,CHI,Chicago Bulls,21500478,2015-12-30T00:00:00,CHI vs. IND,W,43.7,7.0,3.0,2.0,12.0,27.0,22.0,10.0,34.0,1.0,0.0,3.0,8.0,45.8,1,1,1,1,151,548,3104,4675,988,26014,25991,20169,2701,2692,1,17641,254,1242,1.0,43:44,2015,2016
2015-16,203917,Nik Stauskas,Nik,1610612755,PHI,Philadelphia 76ers,21500483,2015-12-30T00:00:00,PHI @ SAC,W,19.3,0.0,0.0,0.0,0.0,5.0,4.0,8.0,14.0,1.0,0.0,2.0,0.0,11.6,1,1,1,1,16467,12059,10158,9917,18861,8403,8458,17194,17019,2692,1,11390,18762,17970,1.0,19:17,2015,2016
2015-16,201942,DeMar DeRozan,DeMar,1610612761,TOR,Toronto Raptors,21500477,2015-12-30T00:00:00,TOR vs. WAS,W,36.9,8.0,4.0,6.0,12.0,14.0,4.0,16.0,26.0,2.0,0.0,2.0,10.0,57.7,1,1,1,1,2117,308,1596,740,988,22292,8458,24641,7214,932,1,11390,76,281,1.0,36:56,2015,2016
2015-16,203924,Jerami Grant,Jerami,1610612755,PHI,Philadelphia 76ers,21500483,2015-12-30T00:00:00,PHI @ SAC,W,34.3,7.0,1.0,5.0,4.0,4.0,11.0,10.0,22.0,5.0,0.0,5.0,7.0,50.2,1,1,1,1,4122,548,9709,1277,8599,6141,21814,20169,10265,59,1,24686,469,733,1.0,34:16,2015,2016
2015-16,201572,Brook Lopez,Brook,1610612751,BKN,Brooklyn Nets,21500475,2015-12-30T00:00:00,BKN @ ORL,L,39.2,4.0,2.0,5.0,10.0,11.0,12.0,5.0,36.0,5.0,1.0,3.0,8.0,67.0,1,13074,13074,13074,987,2460,4731,1277,1840,18886,22832,11593,1943,59,17214,17641,254,74,1.0,39:13,2015,2016
2015-16,202397,Ish Smith,Ish,1610612755,PHI,Philadelphia 76ers,21500483,2015-12-30T00:00:00,PHI @ SAC,W,32.6,2.0,3.0,3.0,8.0,8.0,11.0,10.0,22.0,2.0,0.0,1.0,5.0,46.1,1,1,1,1,5447,6026,3104,3302,3109,13914,21814,20169,10265,932,1,4972,1539,1185,1.0,32:34,2015,2016
2015-16,1626143,Jahlil Okafor,Jahlil,1610612755,PHI,Philadelphia 76ers,21500483,2015-12-30T00:00:00,PHI @ SAC,W,19.9,0.0,4.0,0.0,8.0,4.0,4.0,8.0,16.0,0.0,2.0,4.0,3.0,24.5,1,1,1,1,16030,12059,1596,9917,3109,6141,8458,17194,15259,8004,23588,22104,4736,8801,1.0,19:51,2015,2016
2015-16,203498,Shabazz Muhammad,Shabazz,1610612750,MIN,Minnesota Timberwolves,21500479,2015-12-30T00:00:00,MIN vs. UTA,W,18.9,0.0,0.0,2.0,2.0,3.0,5.0,8.0,14.0,0.0,1.0,1.0,0.0,7.4,1,1,1,1,16760,12059,10158,4675,12984,5109,11469,17194,17019,8004,17214,4972,18762,20912,1.0,18:56,2015,2016
2015-16,101106,Andrew Bogut,Andrew,1610612744,GSW,Golden State Warriors,21500480,2015-12-30T00:00:00,GSW @ DAL,L,23.5,0.0,2.0,0.0,6.0,10.0,17.0,14.0,22.0,0.0,0.0,3.0,2.0,24.5,1,13074,13074,13074,12968,12059,4731,9917,5299,17370,25429,23710,10265,8004,1,17641,7786,8801,1.0,23:30,2015,2016
2015-16,202332,Cole Aldrich,Cole,1610612746,LAC,LA Clippers,21500474,2015-12-30T00:00:00,LAC @ CHA,W,14.4,0.0,0.0,0.0,6.0,4.0,10.0,5.0,12.0,2.0,0.0,4.0,2.0,24.6,1,1,1,1,20145,12059,10158,9917,5299,6141,20509,11593,18637,932,1,22104,7786,8724,1.0,14:27,2015,2016
2015-16,202689,Kemba Walker,Kemba,1610612766,CHA,Charlotte Hornets,21500474,2015-12-30T00:00:00,CHA vs. LAC,L,37.1,2.0,5.0,9.0,10.0,10.0,12.0,8.0,18.0,0.0,2.0,3.0,6.0,48.1,1,13074,13074,13074,2006,6026,995,184,1840,17370,22832,17194,13577,8004,23588,17641,873,952,1.0,37:08,2015,2016
2015-16,202323,Evan Turner,Evan,1610612738,BOS,Boston Celtics,21500476,2015-12-30T00:00:00,BOS vs. LAL,L,26.6,0.0,2.0,2.0,14.0,6.0,8.0,11.0,20.0,0.0,1.0,3.0,3.0,35.8,1,13074,13074,13074,10393,12059,4731,4675,542,10028,17345,21342,11929,8004,17214,17641,4736,3541,1.0,26:34,2015,2016
2015-16,203504,Trey Burke,Trey,1610612762,UTA,Utah Jazz,21500479,2015-12-30T00:00:00,UTA @ MIN,L,37.2,2.0,2.0,2.0,6.0,14.0,10.0,14.0,28.0,2.0,0.0,2.0,3.0,35.2,1,13074,13074,13074,1985,6026,4731,4675,5299,22292,20509,23710,5824,932,1,11390,4736,3745,1.0,37:10,2015,2016
2015-16,1626167,Myles Turner,Myles,1610612754,IND,Indiana Pacers,21500478,2015-12-30T00:00:00,IND @ CHI,L,21.5,0.0,1.0,0.0,0.0,6.0,20.0,0.0,26.0,3.0,3.0,4.0,4.0,24.5,1,13074,13074,13074,14591,12059,9709,9917,18861,10028,25875,1,7214,347,25441,22104,2748,8801,1.0,21:30,2015,2016
2015-16,202330,Gordon Hayward,Gordon,1610612762,UTA,Utah Jazz,21500479,2015-12-30T00:00:00,UTA @ MIN,L,35.6,4.0,3.0,3.0,4.0,10.0,8.0,12.0,28.0,1.0,0.0,3.0,4.0,30.0,1,13074,13074,13074,3095,2460,3104,3302,8599,17370,17345,22259,5824,2692,1,17641,2748,5840,1.0,35:33,2015,2016
2015-16,101145,Monta Ellis,Monta,1610612754,IND,Indiana Pacers,21500478,2015-12-30T00:00:00,IND @ CHI,L,35.4,7.0,5.0,0.0,6.0,16.0,17.0,0.0,26.0,0.0,1.0,3.0,2.0,24.7,1,13074,13074,13074,3208,548,995,9917,5299,23774,25429,1,7214,8004,17214,17641,7786,8673,1.0,35:25,2015,2016
2015-16,202340,Avery Bradley,Avery,1610612738,BOS,Boston Celtics,21500476,2015-12-30T00:00:00,BOS vs. LAL,L,35.4,2.0,2.0,2.0,6.0,9.0,7.0,12.0,36.0,0.0,0.0,0.0,1.0,24.3,1,13074,13074,13074,3261,6026,4731,4675,5299,15771,15642,22259,1943,8004,1,1,12373,8939,1.0,35:22,2015,2016
2015-16,203939,Dwight Powell,Dwight,1610612742,DAL,Dallas Mavericks,21500480,2015-12-30T00:00:00,DAL vs. GSW,W,25.4,2.0,0.0,2.0,8.0,14.0,4.0,9.0,16.0,0.0,0.0,4.0,1.0,15.3,1,1,1,1,11346,6026,10158,4675,3109,22292,8458,18829,15259,8004,1,22104,12373,15150,1.0,25:26,2015,2016
2015-16,101112,Channing Frye,Channing,1610612753,ORL,Orlando Magic,21500475,2015-12-30T00:00:00,ORL vs. BKN,W,22.3,0.0,0.0,0.0,2.0,12.0,4.0,4.0,22.0,0.0,0.0,1.0,2.0,15.7,1,1,1,1,13899,12059,10158,9917,12984,20178,8458,8806,10265,8004,1,4972,7786,14841,1.0,22:20,2015,2016
2015-16,203524,Solomon Hill,Solomon,1610612754,IND,Indiana Pacers,21500478,2015-12-30T00:00:00,IND @ CHI,L,20.2,2.0,2.0,0.0,6.0,7.0,15.0,2.0,26.0,2.0,0.0,2.0,1.0,26.3,1,13074,13074,13074,15712,6026,4731,9917,5299,12242,24781,4025,7214,932,1,11390,12373,7733,1.0,20:13,2015,2016
2015-16,202691,Klay Thompson,Klay,1610612744,GSW,Golden State Warriors,21500480,2015-12-30T00:00:00,GSW @ DAL,L,34.0,5.0,0.0,4.0,4.0,14.0,19.0,16.0,34.0,0.0,0.0,1.0,2.0,12.2,1,13074,13074,13074,4385,1603,10158,1913,8599,22292,25786,24641,2701,8004,1,4972,7786,17566,1.0,33:57,2015,2016
2015-16,203085,Austin Rivers,Austin,1610612746,LAC,LA Clippers,21500474,2015-12-30T00:00:00,LAC @ CHA,W,19.8,2.0,3.0,2.0,6.0,4.0,14.0,10.0,20.0,0.0,0.0,1.0,3.0,31.6,1,1,1,1,16049,6026,3104,4675,5299,6141,24300,20169,11929,8004,1,4972,4736,5130,1.0,19:50,2015,2016
2015-16,2564,Boris Diaw,Boris,1610612759,SAS,San Antonio Spurs,21500481,2015-12-30T00:00:00,SAS vs. PHX,W,19.6,0.0,0.0,0.0,10.0,9.0,4.0,7.0,14.0,0.0,0.0,1.0,3.0,19.8,1,1,1,1,16263,12059,10158,9917,1840,15771,8458,15538,17019,8004,1,4972,4736,11883,1.0,19:34,2015,2016
2015-16,202325,Wesley Johnson,Wesley,1610612746,LAC,LA Clippers,21500474,2015-12-30T00:00:00,LAC @ CHA,W,20.8,0.0,0.0,0.0,0.0,6.0,10.0,10.0,24.0,1.0,0.0,4.0,1.0,15.2,1,1,1,1,15269,12059,10158,9917,18861,10028,20509,20169,8723,2692,1,22104,12373,15219,1.0,20:46,2015,2016
2015-16,201588,George Hill,George,1610612754,IND,Indiana Pacers,21500478,2015-12-30T00:00:00,IND @ CHI,L,39.2,3.0,8.0,3.0,6.0,16.0,15.0,4.0,28.0,0.0,2.0,0.0,3.0,42.9,1,13074,13074,13074,990,4307,137,3302,5299,23774,24781,8806,5824,8004,23588,1,4736,1754,1.0,39:12,2015,2016
2015-16,202687,Bismack Biyombo,Bismack,1610612761,TOR,Toronto Raptors,21500477,2015-12-30T00:00:00,TOR vs. WAS,W,27.1,0.0,10.0,0.0,6.0,11.0,6.0,9.0,16.0,2.0,0.0,2.0,7.0,31.4,1,1,1,1,9919,12059,34,9917,5299,18886,13237,18829,15259,932,1,11390,469,5218,1.0,27:07,2015,2016
2015-16,2733,Shaun Livingston,Shaun,1610612744,GSW,Golden State Warriors,21500480,2015-12-30T00:00:00,GSW @ DAL,L,20.7,0.0,0.0,0.0,0.0,5.0,17.0,12.0,20.0,0.0,0.0,2.0,1.0,15.2,1,13074,13074,13074,15334,12059,10158,9917,18861,8403,25429,22259,11929,8004,1,11390,12373,15219,1.0,20:40,2015,2016
2015-16,202693,Markieff Morris,Markieff,1610612756,PHX,Phoenix Suns,21500481,2015-12-30T00:00:00,PHX @ SAS,L,20.1,0.0,0.0,2.0,4.0,12.0,3.0,6.0,12.0,0.0,0.0,4.0,1.0,12.1,1,13074,13074,13074,15794,12059,10158,4675,8599,20178,7138,13388,18637,8004,1,22104,12373,17639,1.0,20:08,2015,2016
2015-16,101108,Chris Paul,Chris,1610612746,LAC,LA Clippers,21500474,2015-12-30T00:00:00,LAC @ CHA,W,30.3,3.0,2.0,2.0,4.0,6.0,11.0,16.0,32.0,1.0,0.0,2.0,7.0,42.5,1,1,1,1,7284,4307,4731,4675,8599,10028,21814,24641,3535,2692,1,11390,469,1841,1.0,30:16,2015,2016
2015-16,202329,Al-Farouq Aminu,Al-Farouq,1610612757,POR,Portland Trail Blazers,21500482,2015-12-30T00:00:00,POR vs. DEN,W,33.1,2.0,2.0,0.0,6.0,9.0,5.0,5.0,24.0,0.0,0.0,2.0,2.0,30.8,1,1,1,1,5025,6026,4731,9917,5299,15771,11469,11593,8723,8004,1,11390,7786,5493,1.0,33:07,2015,2016
2015-16,202702,Kenneth Faried,Kenneth,1610612743,DEN,Denver Nuggets,21500482,2015-12-30T00:00:00,DEN @ POR,L,29.5,0.0,0.0,0.0,8.0,17.0,2.0,6.0,22.0,2.0,2.0,3.0,3.0,27.4,1,13074,13074,13074,7959,12059,10158,9917,3109,24337,3734,13388,10265,932,23588,17641,4736,7179,1.0,29:31,2015,2016
2015-16,201152,Thaddeus Young,Thaddeus,1610612751,BKN,Brooklyn Nets,21500475,2015-12-30T00:00:00,BKN @ ORL,L,27.1,4.0,4.0,2.0,6.0,13.0,11.0,5.0,32.0,0.0,0.0,2.0,4.0,27.3,1,13074,13074,13074,9926,2460,1596,4675,5299,21300,21814,11593,3535,8004,1,11390,2748,7236,1.0,27:06,2015,2016
2015-16,203086,Meyers Leonard,Meyers,1610612757,POR,Portland Trail Blazers,21500482,2015-12-30T00:00:00,POR vs. DEN,W,22.0,2.0,5.0,0.0,2.0,13.0,10.0,6.0,18.0,1.0,0.0,3.0,2.0,20.0,1,1,1,1,14179,6026,995,9917,12984,21300,20509,13388,13577,2692,1,17641,7786,11752,1.0,21:59,2015,2016
2015-16,1626246,Boban Marjanović,Boban,1610612759,SAS,San Antonio Spurs,21500481,2015-12-30T00:00:00,SAS vs. PHX,W,15.1,0.0,2.0,0.0,4.0,4.0,4.0,2.0,8.0,1.0,0.0,2.0,3.0,26.4,1,1,1,1,19663,12059,4731,9917,8599,6141,8458,4025,21543,2692,1,11390,4736,7672,1.0,15:08,2015,2016
2015-16,202711,Bojan Bogdanović,Bojan,1610612751,BKN,Brooklyn Nets,21500475,2015-12-30T00:00:00,BKN @ ORL,L,38.4,6.0,2.0,4.0,16.0,15.0,7.0,5.0,34.0,0.0,2.0,3.0,2.0,30.7,1,13074,13074,13074,1336,878,4731,1913,275,23079,15642,11593,2701,8004,23588,17641,7786,5539,1.0,38:22,2015,2016
2015-16,101109,Raymond Felton,Raymond,1610612742,DAL,Dallas Mavericks,21500480,2015-12-30T00:00:00,DAL vs. GSW,W,21.4,2.0,3.0,0.0,2.0,10.0,4.0,7.0,14.0,0.0,0.0,0.0,1.0,12.1,1,1,1,1,14657,6026,3104,9917,12984,17370,8458,15538,17019,8004,1,1,12373,17639,1.0,21:26,2015,2016
2015-16,2419,Tayshaun Prince,Tayshaun,1610612750,MIN,Minnesota Timberwolves,21500479,2015-12-30T00:00:00,MIN vs. UTA,W,24.6,0.0,0.0,2.0,4.0,3.0,8.0,2.0,16.0,0.0,0.0,0.0,0.0,20.3,1,1,1,1,11987,12059,10158,4675,8599,5109,17345,4025,15259,8004,1,1,18762,11534,1.0,24:38,2015,2016
2015-16,1626171,Bobby Portis,Bobby,1610612741,CHI,Chicago Bulls,21500478,2015-12-30T00:00:00,CHI vs. IND,W,26.0,2.0,6.0,2.0,10.0,9.0,10.0,8.0,22.0,1.0,0.0,2.0,2.0,27.4,1,1,1,1,10840,6026,481,4675,1840,15771,20509,17194,10265,2692,1,11390,7786,7179,1.0,26:00,2015,2016
2015-16,708,Kevin Garnett,Kevin,1610612750,MIN,Minnesota Timberwolves,21500479,2015-12-30T00:00:00,MIN vs. UTA,W,17.8,0.0,0.0,0.0,2.0,2.0,4.0,2.0,10.0,0.0,0.0,4.0,0.0,15.2,1,1,1,1,17644,12059,10158,9917,12984,2619,8458,4025,20209,8004,1,22104,18762,15219,1.0,17:50,2015,2016
2015-16,202730,Lavoy Allen,Lavoy,1610612754,IND,Indiana Pacers,21500478,2015-12-30T00:00:00,IND @ CHI,L,37.9,4.0,6.0,0.0,8.0,16.0,15.0,2.0,26.0,0.0,0.0,3.0,0.0,26.4,1,13074,13074,13074,1551,2460,481,9917,3109,23774,24781,4025,7214,8004,1,17641,18762,7672,1.0,37:55,2015,2016
2015-16,203503,Tony Snell,Tony,1610612741,CHI,Chicago Bulls,21500478,2015-12-30T00:00:00,CHI vs. IND,W,26.7,0.0,0.0,0.0,2.0,16.0,10.0,6.0,20.0,2.0,3.0,2.0,0.0,15.4,1,1,1,1,10248,12059,10158,9917,12984,23774,20509,13388,11929,932,25441,11390,18762,15066,1.0,26:45,2015,2016
2015-16,203148,Brian Roberts,Brian,1610612766,CHA,Charlotte Hornets,21500474,2015-12-30T00:00:00,CHA vs. LAC,L,18.5,0.0,2.0,0.0,2.0,5.0,3.0,5.0,18.0,0.0,0.0,3.0,2.0,12.0,1,13074,13074,13074,17099,12059,4731,9917,12984,8403,7138,11593,13577,8004,1,17641,7786,17703,1.0,18:29,2015,2016
2015-16,203943,Noah Vonleh,Noah,1610612757,POR,Portland Trail Blazers,21500482,2015-12-30T00:00:00,POR vs. DEN,W,16.1,0.0,0.0,0.0,0.0,3.0,0.0,1.0,8.0,0.0,0.0,1.0,0.0,15.8,1,1,1,1,18942,12059,10158,9917,18861,5109,1,3646,21543,8004,1,4972,18762,14754,1.0,16:08,2015,2016
2015-16,200755,JJ Redick,JJ,1610612746,LAC,LA Clippers,21500474,2015-12-30T00:00:00,LAC @ CHA,W,27.1,5.0,3.0,0.0,0.0,6.0,11.0,12.0,26.0,0.0,1.0,3.0,2.0,26.2,1,1,1,1,9922,1603,3104,9917,18861,10028,21814,22259,7214,8004,17214,17641,7786,7785,1.0,27:07,2015,2016
2015-16,204060,Joe Ingles,Joe,1610612762,UTA,Utah Jazz,21500479,2015-12-30T00:00:00,UTA @ MIN,L,17.7,0.0,0.0,2.0,2.0,11.0,6.0,10.0,16.0,2.0,0.0,2.0,0.0,12.2,1,13074,13074,13074,17765,12059,10158,4675,12984,18886,13237,20169,15259,932,1,11390,18762,17566,1.0,17:41,2015,2016
2015-16,203082,Terrence Ross,Terrence,1610612761,TOR,Toronto Raptors,21500477,2015-12-30T00:00:00,TOR vs. WAS,W,28.6,2.0,0.0,0.0,4.0,11.0,6.0,10.0,20.0,0.0,0.0,2.0,0.0,20.2,1,1,1,1,8768,6026,10158,9917,8599,18886,13237,20169,11929,8004,1,11390,18762,11610,1.0,28:33,2015,2016
2015-16,203459,Allen Crabbe,Allen,1610612757,POR,Portland Trail Blazers,21500482,2015-12-30T00:00:00,POR vs. DEN,W,32.3,6.0,0.0,2.0,2.0,11.0,0.0,5.0,20.0,0.0,0.0,4.0,0.0,31.5,1,1,1,1,5649,878,10158,4675,12984,18886,1,11593,11929,8004,1,22104,18762,5180,1.0,32:18,2015,2016
2015-16,203932,Aaron Gordon,Aaron,1610612753,ORL,Orlando Magic,21500475,2015-12-30T00:00:00,ORL vs. BKN,W,26.0,2.0,3.0,0.0,4.0,12.0,9.0,8.0,24.0,2.0,0.0,2.0,2.0,27.4,1,1,1,1,10812,6026,3104,9917,8599,20178,19144,17194,8723,932,1,11390,7786,7179,1.0,26:02,2015,2016
2015-16,2200,Pau Gasol,Pau,1610612741,CHI,Chicago Bulls,21500478,2015-12-30T00:00:00,CHI vs. IND,W,37.4,2.0,4.0,0.0,2.0,26.0,22.0,9.0,34.0,3.0,1.0,2.0,6.0,32.7,1,1,1,1,1797,6026,1596,9917,12984,25979,25991,18829,2701,347,17214,11390,873,4649,1.0,37:26,2015,2016
2015-16,101133,Ian Mahinmi,Ian,1610612754,IND,Indiana Pacers,21500478,2015-12-30T00:00:00,IND @ CHI,L,26.3,0.0,0.0,0.0,6.0,7.0,2.0,4.0,6.0,1.0,0.0,2.0,2.0,21.9,1,13074,13074,13074,10626,12059,10158,9917,5299,12242,3734,8806,22724,2692,1,11390,7786,10460,1.0,26:16,2015,2016
2015-16,201599,DeAndre Jordan,DeAndre,1610612746,LAC,LA Clippers,21500474,2015-12-30T00:00:00,LAC @ CHA,W,33.1,2.0,4.0,2.0,8.0,6.0,15.0,13.0,36.0,1.0,0.0,3.0,6.0,32.1,1,1,1,1,5043,6026,1596,4675,3109,10028,24781,23048,1943,2692,1,17641,873,4889,1.0,33:06,2015,2016
2015-16,202695,Kawhi Leonard,Kawhi,1610612759,SAS,San Antonio Spurs,21500481,2015-12-30T00:00:00,SAS vs. PHX,W,29.3,7.0,3.0,4.0,4.0,2.0,6.0,6.0,28.0,0.0,0.0,0.0,3.0,28.0,1,1,1,1,8133,548,3104,1913,8599,2619,13237,13388,5824,8004,1,1,4736,6864,1.0,29:17,2015,2016
2015-16,202344,Trevor Booker,Trevor,1610612762,UTA,Utah Jazz,21500479,2015-12-30T00:00:00,UTA @ MIN,L,34.6,0.0,2.0,0.0,4.0,14.0,12.0,13.0,28.0,0.0,1.0,4.0,3.0,27.5,1,13074,13074,13074,3878,12059,4731,9917,8599,22292,22832,23048,5824,8004,17214,22104,4736,7137,1.0,34:35,2015,2016
2015-16,200826,J.J. Barea,J.J.,1610612742,DAL,Dallas Mavericks,21500480,2015-12-30T00:00:00,DAL vs. GSW,W,31.2,8.0,9.0,2.0,6.0,10.0,9.0,13.0,18.0,0.0,0.0,0.0,2.0,38.6,1,1,1,1,6536,308,77,4675,5299,17370,19144,23048,13577,8004,1,1,7786,2744,1.0,31:13,2015,2016
2015-16,203952,Andrew Wiggins,Andrew,1610612750,MIN,Minnesota Timberwolves,21500479,2015-12-30T00:00:00,MIN vs. UTA,W,40.8,4.0,0.0,5.0,10.0,9.0,11.0,7.0,24.0,0.0,2.0,2.0,7.0,33.2,1,1,1,1,522,2460,10158,1277,1840,15771,21814,15538,8723,8004,23588,11390,469,4462,1.0,40:49,2015,2016
2015-16,201162,Jared Dudley,Jared,1610612764,WAS,Washington Wizards,21500477,2015-12-30T00:00:00,WAS @ TOR,L,36.3,3.0,0.0,6.0,2.0,10.0,17.0,10.0,24.0,0.0,0.0,4.0,3.0,33.1,1,13074,13074,13074,2566,4307,10158,740,12984,17370,25429,20169,8723,8004,1,22104,4736,4505,1.0,36:16,2015,2016
2015-16,200752,Rudy Gay,Rudy,1610612758,SAC,Sacramento Kings,21500483,2015-12-30T00:00:00,SAC vs. PHI,L,31.9,0.0,2.0,2.0,6.0,24.0,10.0,15.0,40.0,2.0,2.0,2.0,3.0,21.9,1,13074,13074,13074,6015,12059,4731,4675,5299,25890,20509,24242,983,932,23588,11390,4736,10460,1.0,31:52,2015,2016
2015-16,203903,Jordan Clarkson,Jordan,1610612747,LAL,Los Angeles Lakers,21500476,2015-12-30T00:00:00,LAL @ BOS,W,33.4,0.0,5.0,2.0,10.0,9.0,11.0,13.0,40.0,0.0,0.0,2.0,5.0,32.9,1,1,1,1,4787,12059,995,4675,1840,15771,21814,23048,983,8004,1,11390,1539,4566,1.0,33:26,2015,2016
2015-16,203109,Jae Crowder,Jae,1610612738,BOS,Boston Celtics,21500476,2015-12-30T00:00:00,BOS vs. LAL,L,36.4,4.0,2.0,3.0,4.0,7.0,14.0,13.0,34.0,0.0,0.0,2.0,5.0,32.5,1,13074,13074,13074,2509,2460,4731,3302,8599,12242,24300,23048,2701,8004,1,11390,1539,4726,1.0,36:21,2015,2016
2015-16,2449,Luis Scola,Luis,1610612761,TOR,Toronto Raptors,21500477,2015-12-30T00:00:00,TOR vs. WAS,W,21.0,0.0,0.0,2.0,2.0,7.0,2.0,5.0,14.0,0.0,0.0,1.0,1.0,13.9,1,1,1,1,15018,12059,10158,4675,12984,12242,3734,11593,17019,8004,1,4972,12373,16232,1.0,21:02,2015,2016
2015-16,203999,Nikola Jokić,Nikola,1610612743,DEN,Denver Nuggets,21500482,2015-12-30T00:00:00,DEN @ POR,L,18.4,2.0,4.0,0.0,6.0,4.0,11.0,2.0,14.0,2.0,0.0,0.0,2.0,22.7,1,13074,13074,13074,17213,6026,1596,9917,5299,6141,21814,4025,17019,932,1,1,7786,9938,1.0,18:22,2015,2016
2015-16,203935,Marcus Smart,Marcus,1610612738,BOS,Boston Celtics,21500476,2015-12-30T00:00:00,BOS vs. LAL,L,10.9,0.0,2.0,0.0,4.0,4.0,1.0,0.0,4.0,1.0,0.0,0.0,1.0,13.9,1,13074,13074,13074,22076,12059,4731,9917,8599,6141,3393,1,23698,2692,1,1,12373,16232,1.0,10:54,2015,2016
2015-16,2585,Zaza Pachulia,Zaza,1610612742,DAL,Dallas Mavericks,21500480,2015-12-30T00:00:00,DAL vs. GSW,W,24.5,2.0,8.0,2.0,10.0,9.0,5.0,12.0,14.0,0.0,0.0,3.0,5.0,33.0,1,1,1,1,12152,6026,137,4675,1840,15771,11469,22259,17019,8004,1,17641,1539,4537,1.0,24:28,2015,2016
2015-16,203499,Shane Larkin,Shane,1610612751,BKN,Brooklyn Nets,21500475,2015-12-30T00:00:00,BKN @ ORL,L,23.8,0.0,0.0,0.0,0.0,4.0,11.0,0.0,10.0,0.0,1.0,2.0,0.0,13.9,1,13074,13074,13074,12766,12059,10158,9917,18861,6141,21814,1,20209,8004,17214,11390,18762,16232,1.0,23:47,2015,2016
2015-16,203468,CJ McCollum,CJ,1610612757,POR,Portland Trail Blazers,21500482,2015-12-30T00:00:00,POR vs. DEN,W,36.4,5.0,0.0,4.0,8.0,13.0,8.0,7.0,28.0,0.0,1.0,2.0,4.0,38.6,1,1,1,1,2435,1603,10158,1913,3109,21300,17345,15538,5824,8004,17214,11390,2748,2744,1.0,36:27,2015,2016
2015-16,1626156,D'Angelo Russell,D'Angelo,1610612747,LAL,Los Angeles Lakers,21500476,2015-12-30T00:00:00,LAL @ BOS,W,27.8,0.0,0.0,0.0,6.0,3.0,6.0,3.0,34.0,1.0,1.0,1.0,1.0,31.7,1,1,1,1,9383,12059,10158,9917,5299,5109,13237,7328,2701,2692,17214,4972,12373,5088,1.0,27:48,2015,2016
2015-16,101150,Lou Williams,Lou,1610612747,LAL,Los Angeles Lakers,21500476,2015-12-30T00:00:00,LAL @ BOS,W,34.8,4.0,0.0,6.0,8.0,6.0,5.0,14.0,30.0,0.0,1.0,1.0,4.0,31.8,1,1,1,1,3724,2460,10158,740,3109,10028,11469,23710,4541,8004,17214,4972,2748,5041,1.0,34:46,2015,2016
2015-16,203087,Jeremy Lamb,Jeremy,1610612766,CHA,Charlotte Hornets,21500474,2015-12-30T00:00:00,CHA vs. LAC,L,22.5,4.0,2.0,3.0,10.0,6.0,3.0,7.0,18.0,0.0,1.0,6.0,4.0,28.0,1,13074,13074,13074,13750,2460,4731,3302,1840,10028,7138,15538,13577,8004,17214,25827,2748,6864,1.0,22:31,2015,2016
2015-16,201158,Marco Belinelli,Marco,1610612758,SAC,Sacramento Kings,21500483,2015-12-30T00:00:00,SAC vs. PHI,L,30.0,2.0,2.0,8.0,4.0,10.0,7.0,8.0,34.0,0.0,0.0,1.0,3.0,32.7,1,13074,13074,13074,7520,6026,4731,280,8599,17370,15642,17194,2701,8004,1,4972,4736,4649,1.0,30:01,2015,2016
2015-16,203490,Otto Porter Jr.,Otto,1610612764,WAS,Washington Wizards,21500477,2015-12-30T00:00:00,WAS @ TOR,L,36.3,5.0,0.0,2.0,4.0,14.0,15.0,8.0,28.0,0.0,0.0,3.0,1.0,31.8,1,13074,13074,13074,2557,1603,10158,4675,8599,22292,24781,17194,5824,8004,1,17641,12373,5041,1.0,36:17,2015,2016
2015-16,203546,Ian Clark,Ian,1610612744,GSW,Golden State Warriors,21500480,2015-12-30T00:00:00,GSW @ DAL,L,23.8,6.0,5.0,2.0,4.0,13.0,6.0,9.0,24.0,0.0,0.0,3.0,1.0,22.0,1,13074,13074,13074,12769,878,995,4675,8599,21300,13237,18829,8723,8004,1,17641,12373,10388,1.0,23:46,2015,2016
2015-16,201956,Omri Casspi,Omri,1610612758,SAC,Sacramento Kings,21500483,2015-12-30T00:00:00,SAC vs. PHI,L,36.1,0.0,0.0,0.0,2.0,22.0,10.0,13.0,32.0,0.0,1.0,6.0,1.0,22.7,1,13074,13074,13074,2695,12059,10158,9917,12984,25683,20509,23048,3535,8004,17214,25827,12373,9938,1.0,36:04,2015,2016
2015-16,1718,Paul Pierce,Paul,1610612746,LAC,LA Clippers,21500474,2015-12-30T00:00:00,LAC @ CHA,W,21.3,0.0,0.0,0.0,2.0,4.0,9.0,14.0,18.0,1.0,1.0,3.0,1.0,28.0,1,1,1,1,14762,12059,10158,9917,12984,6141,19144,23710,13577,2692,17214,17641,12373,6864,1.0,21:19,2015,2016
2015-16,203110,Draymond Green,Draymond,1610612744,GSW,Golden State Warriors,21500480,2015-12-30T00:00:00,GSW @ DAL,L,31.0,0.0,3.0,4.0,4.0,14.0,17.0,16.0,28.0,0.0,0.0,3.0,3.0,31.8,1,13074,13074,13074,6760,12059,3104,1913,8599,22292,25429,24641,5824,8004,1,17641,4736,5041,1.0,30:57,2015,2016
2015-16,203530,Joffrey Lauvergne,Joffrey,1610612743,DEN,Denver Nuggets,21500482,2015-12-30T00:00:00,DEN @ POR,L,22.6,0.0,0.0,0.0,4.0,12.0,2.0,8.0,20.0,0.0,1.0,2.0,3.0,27.7,1,13074,13074,13074,13679,12059,10158,9917,8599,20178,3734,17194,11929,8004,17214,11390,4736,7008,1.0,22:37,2015,2016
2015-16,200746,LaMarcus Aldridge,LaMarcus,1610612759,SAS,San Antonio Spurs,21500481,2015-12-30T00:00:00,SAS vs. PHX,W,29.2,2.0,0.0,0.0,4.0,8.0,8.0,6.0,28.0,1.0,1.0,2.0,6.0,39.4,1,1,1,1,8254,6026,10158,9917,8599,13914,17345,13388,5824,2692,17214,11390,873,2530,1.0,29:09,2015,2016
2015-16,202718,Chandler Parsons,Chandler,1610612742,DAL,Dallas Mavericks,21500480,2015-12-30T00:00:00,DAL vs. GSW,W,31.1,0.0,0.0,0.0,2.0,9.0,9.0,12.0,20.0,0.0,0.0,3.0,0.0,17.7,1,1,1,1,6650,12059,10158,9917,12984,15771,19144,22259,11929,8004,1,17641,18762,13380,1.0,31:05,2015,2016
2015-16,202083,Wesley Matthews,Wesley,1610612742,DAL,Dallas Mavericks,21500480,2015-12-30T00:00:00,DAL vs. GSW,W,25.6,0.0,2.0,3.0,2.0,11.0,5.0,14.0,16.0,0.0,0.0,0.0,1.0,22.6,1,1,1,1,11225,12059,4731,3302,12984,18886,11469,23710,15259,8004,1,1,12373,10000,1.0,25:35,2015,2016
2015-16,201587,Nicolas Batum,Nicolas,1610612766,CHA,Charlotte Hornets,21500474,2015-12-30T00:00:00,CHA vs. LAC,L,42.2,0.0,2.0,2.0,8.0,15.0,9.0,13.0,28.0,0.0,1.0,3.0,2.0,37.6,1,13074,13074,13074,286,12059,4731,4675,3109,23079,19144,23048,5824,8004,17214,17641,7786,3018,1.0,42:11,2015,2016
2015-16,203095,Evan Fournier,Evan,1610612753,ORL,Orlando Magic,21500475,2015-12-30T00:00:00,ORL vs. BKN,W,40.5,7.0,0.0,3.0,2.0,18.0,9.0,13.0,30.0,0.0,2.0,2.0,2.0,32.1,1,1,1,1,611,548,10158,3302,12984,24749,19144,23048,4541,8004,23588,11390,7786,4889,1.0,40:27,2015,2016
2015-16,202326,DeMarcus Cousins,DeMarcus,1610612758,SAC,Sacramento Kings,21500483,2015-12-30T00:00:00,SAC vs. PHI,L,34.4,1.0,2.0,0.0,6.0,22.0,6.0,19.0,36.0,3.0,2.0,6.0,13.0,39.7,1,13074,13074,13074,4049,11535,4731,9917,5299,25683,13237,25435,1943,347,23588,25827,14,2451,1.0,34:22,2015,2016
2015-16,203613,Jonathon Simmons,Jonathon,1610612759,SAS,San Antonio Spurs,21500481,2015-12-30T00:00:00,SAS vs. PHX,W,18.7,2.0,0.0,2.0,6.0,13.0,8.0,5.0,10.0,0.0,0.0,2.0,3.0,13.6,1,1,1,1,16930,6026,10158,4675,5299,21300,17345,11593,20209,8004,1,11390,4736,16460,1.0,18:43,2015,2016
2015-16,202331,Paul George,Paul,1610612754,IND,Indiana Pacers,21500478,2015-12-30T00:00:00,IND @ CHI,L,42.0,9.0,0.0,4.0,2.0,18.0,13.0,4.0,26.0,0.0,2.0,3.0,3.0,38.0,1,13074,13074,13074,312,171,10158,1913,12984,24749,23668,8806,7214,8004,23588,17641,4736,2903,1.0,42:01,2015,2016
2015-16,977,Kobe Bryant,Kobe,1610612747,LAL,Los Angeles Lakers,21500476,2015-12-30T00:00:00,LAL @ BOS,W,33.2,1.0,3.0,0.0,6.0,8.0,7.0,12.0,26.0,0.0,1.0,3.0,2.0,28.7,1,1,1,1,5003,11535,3104,9917,5299,13914,15642,22259,7214,8004,17214,17641,7786,6514,1.0,33:09,2015,2016
2015-16,203914,Gary Harris,Gary,1610612743,DEN,Denver Nuggets,21500482,2015-12-30T00:00:00,DEN @ POR,L,40.6,5.0,0.0,1.0,0.0,19.0,13.0,8.0,30.0,0.0,0.0,1.0,1.0,31.8,1,13074,13074,13074,582,1603,10158,9347,18861,25074,23668,17194,4541,8004,1,4972,12373,5041,1.0,40:35,2015,2016
2015-16,201575,Brandon Rush,Brandon,1610612744,GSW,Golden State Warriors,21500480,2015-12-30T00:00:00,GSW @ DAL,L,35.4,0.0,0.0,3.0,0.0,13.0,16.0,17.0,34.0,0.0,0.0,1.0,0.0,16.7,1,13074,13074,13074,3196,12059,10158,3302,18861,21300,25155,24967,2701,8004,1,4972,18762,14064,1.0,35:26,2015,2016
2015-16,203080,Thomas Robinson,Thomas,1610612751,BKN,Brooklyn Nets,21500475,2015-12-30T00:00:00,BKN @ ORL,L,4.2,2.0,0.0,2.0,2.0,0.0,5.0,0.0,2.0,1.0,0.0,2.0,0.0,13.0,1,13074,13074,13074,24644,6026,10158,4675,12984,1,11469,1,24614,2692,1,11390,18762,16969,1.0,4:11,2015,2016
2015-16,201160,Jason Smith,Jason,1610612753,ORL,Orlando Magic,21500475,2015-12-30T00:00:00,ORL vs. BKN,W,6.6,2.0,0.0,0.0,0.0,2.0,2.0,5.0,10.0,1.0,0.0,4.0,1.0,12.6,1,1,1,1,23729,6026,10158,9917,18861,2619,3734,11593,20209,2692,1,22104,12373,17277,1.0,6:33,2015,2016
2015-16,101135,David Lee,David,1610612738,BOS,Boston Celtics,21500476,2015-12-30T00:00:00,BOS vs. LAL,L,15.3,0.0,0.0,0.0,4.0,2.0,0.0,6.0,14.0,2.0,0.0,0.0,1.0,18.2,1,13074,13074,13074,19549,12059,10158,9917,8599,2619,1,13388,17019,932,1,1,12373,13004,1.0,15:19,2015,2016
2015-16,201988,Patty Mills,Patty,1610612759,SAS,San Antonio Spurs,21500481,2015-12-30T00:00:00,SAS vs. PHX,W,16.9,2.0,0.0,2.0,4.0,5.0,2.0,7.0,12.0,0.0,0.0,1.0,0.0,13.2,1,1,1,1,18383,6026,10158,4675,8599,8403,3734,15538,18637,8004,1,4972,18762,16768,1.0,16:51,2015,2016
2015-16,202334,Ed Davis,Ed,1610612757,POR,Portland Trail Blazers,21500482,2015-12-30T00:00:00,POR vs. DEN,W,15.7,0.0,0.0,0.0,2.0,5.0,10.0,2.0,10.0,2.0,0.0,3.0,1.0,12.6,1,1,1,1,19304,12059,10158,9917,12984,8403,20509,4025,20209,932,1,17641,12373,17277,1.0,15:39,2015,2016
2015-16,2037,Jamal Crawford,Jamal,1610612746,LAC,LA Clippers,21500474,2015-12-30T00:00:00,LAC @ CHA,W,24.6,3.0,0.0,5.0,0.0,4.0,14.0,9.0,28.0,1.0,0.0,1.0,4.0,21.1,1,1,1,1,12059,4307,10158,1277,18861,6141,24300,18829,5824,2692,1,4972,2748,11012,1.0,24:34,2015,2016
2015-16,201580,JaVale McGee,JaVale,1610612742,DAL,Dallas Mavericks,21500480,2015-12-30T00:00:00,DAL vs. GSW,W,3.9,0.0,1.0,0.0,0.0,2.0,5.0,0.0,0.0,0.0,0.0,0.0,1.0,2.4,1,1,1,1,24766,12059,9709,9917,18861,2619,11469,1,25429,8004,1,1,12373,24024,1.0,3:51,2015,2016
2015-16,202703,Nikola Mirotic,Nikola,1610612741,CHI,Chicago Bulls,21500478,2015-12-30T00:00:00,CHI vs. IND,W,19.9,0.0,0.0,0.0,0.0,5.0,6.0,2.0,22.0,1.0,0.0,0.0,2.0,8.3,1,1,1,1,15979,12059,10158,9917,18861,8403,13237,4025,10265,2692,1,1,7786,20376,1.0,19:55,2015,2016
2015-16,2588,Matt Bonner,Matt,1610612759,SAS,San Antonio Spurs,21500481,2015-12-30T00:00:00,SAS vs. PHX,W,12.0,0.0,0.0,0.0,0.0,7.0,6.0,5.0,6.0,0.0,0.0,1.0,0.0,2.4,1,1,1,1,21529,12059,10158,9917,18861,12242,13237,11593,22724,8004,1,4972,18762,24024,1.0,12:00,2015,2016
2015-16,201578,Marreese Speights,Marreese,1610612744,GSW,Golden State Warriors,21500480,2015-12-30T00:00:00,GSW @ DAL,L,21.2,2.0,4.0,0.0,4.0,8.0,3.0,7.0,20.0,0.0,2.0,1.0,3.0,18.0,1,13074,13074,13074,14897,6026,1596,9917,8599,13914,7138,15538,11929,8004,23588,4972,4736,13164,1.0,21:11,2015,2016
2015-16,203926,Doug McDermott,Doug,1610612741,CHI,Chicago Bulls,21500478,2015-12-30T00:00:00,CHI vs. IND,W,20.3,0.0,3.0,0.0,0.0,6.0,9.0,8.0,12.0,0.0,0.0,2.0,1.0,13.0,1,1,1,1,15651,12059,3104,9917,18861,10028,19144,17194,18637,8004,1,11390,12373,16969,1.0,20:17,2015,2016
2015-16,204067,Jarell Eddie,Jarell,1610612764,WAS,Washington Wizards,21500477,2015-12-30T00:00:00,WAS @ TOR,L,5.6,0.0,0.0,0.0,0.0,0.0,2.0,2.0,2.0,0.0,0.0,2.0,1.0,2.4,1,13074,13074,13074,24140,12059,10158,9917,18861,1,3734,4025,24614,8004,1,11390,12373,24024,1.0,5:36,2015,2016
2015-16,203458,Alex Len,Alex,1610612756,PHX,Phoenix Suns,21500481,2015-12-30T00:00:00,PHX @ SAS,L,11.7,0.0,0.0,0.0,0.0,4.0,0.0,2.0,12.0,0.0,0.0,4.0,0.0,2.4,1,13074,13074,13074,21745,12059,10158,9917,18861,6141,1,4025,18637,8004,1,22104,18762,24024,1.0,11:40,2015,2016
2015-16,201980,Danny Green,Danny,1610612759,SAS,San Antonio Spurs,21500481,2015-12-30T00:00:00,SAS vs. PHX,W,21.3,2.0,3.0,2.0,4.0,6.0,8.0,2.0,22.0,1.0,0.0,2.0,0.0,12.9,1,1,1,1,14763,6026,3104,4675,8599,10028,17345,4025,10265,2692,1,11390,18762,17049,1.0,21:19,2015,2016
2015-16,204025,Tim Frazier,Tim,1610612757,POR,Portland Trail Blazers,21500482,2015-12-30T00:00:00,POR vs. DEN,W,12.0,0.0,0.0,0.0,0.0,5.0,2.0,0.0,4.0,0.0,0.0,1.0,1.0,12.9,1,1,1,1,21520,12059,10158,9917,18861,8403,3734,1,23698,8004,1,4972,12373,17049,1.0,12:01,2015,2016
2015-16,201973,Jonas Jerebko,Jonas,1610612738,BOS,Boston Celtics,21500476,2015-12-30T00:00:00,BOS vs. LAL,L,10.0,1.0,0.0,1.0,2.0,1.0,4.0,3.0,8.0,0.0,0.0,4.0,1.0,7.8,1,13074,13074,13074,22428,11535,10158,9347,12984,2356,8458,7328,21543,8004,1,22104,12373,20696,1.0,10:01,2015,2016
2015-16,201589,Darrell Arthur,Darrell,1610612743,DEN,Denver Nuggets,21500482,2015-12-30T00:00:00,DEN @ POR,L,13.2,0.0,3.0,0.0,0.0,4.0,5.0,4.0,10.0,1.0,0.0,1.0,0.0,8.4,1,13074,13074,13074,20892,12059,3104,9917,18861,6141,11469,8806,20209,2692,1,4972,18762,20273,1.0,13:09,2015,2016
2015-16,201961,Wayne Ellington,Wayne,1610612751,BKN,Brooklyn Nets,21500475,2015-12-30T00:00:00,BKN @ ORL,L,17.0,2.0,0.0,2.0,0.0,2.0,13.0,0.0,12.0,0.0,0.0,1.0,1.0,8.2,1,13074,13074,13074,18272,6026,10158,4675,18861,2619,23668,1,18637,8004,1,4972,12373,20416,1.0,17:00,2015,2016
2015-16,201601,Luc Mbah a Moute,Luc,1610612746,LAC,LA Clippers,21500474,2015-12-30T00:00:00,LAC @ CHA,W,28.6,0.0,0.0,2.0,4.0,6.0,11.0,11.0,26.0,0.0,1.0,1.0,0.0,8.0,1,1,1,1,8762,12059,10158,4675,8599,10028,21814,21342,7214,8004,17214,4972,18762,20564,1.0,28:34,2015,2016
2015-16,203090,Maurice Harkless,Maurice,1610612757,POR,Portland Trail Blazers,21500482,2015-12-30T00:00:00,POR vs. DEN,W,25.6,2.0,6.0,2.0,6.0,13.0,5.0,4.0,18.0,0.0,2.0,0.0,0.0,18.5,1,1,1,1,11222,6026,481,4675,5299,21300,11469,8806,13577,8004,23588,1,18762,12794,1.0,25:36,2015,2016
2015-16,2207,Joe Johnson,Joe,1610612751,BKN,Brooklyn Nets,21500475,2015-12-30T00:00:00,BKN @ ORL,L,34.3,2.0,3.0,0.0,0.0,13.0,14.0,5.0,36.0,0.0,0.0,1.0,0.0,12.6,1,13074,13074,13074,4099,6026,3104,9917,18861,21300,24300,11593,1943,8004,1,4972,18762,17277,1.0,34:18,2015,2016
2015-16,200782,P.J. Tucker,P.J.,1610612756,PHX,Phoenix Suns,21500481,2015-12-30T00:00:00,PHX @ SAS,L,24.6,5.0,0.0,3.0,0.0,6.0,3.0,4.0,18.0,0.0,0.0,1.0,2.0,16.4,1,13074,13074,13074,12054,1603,10158,3302,18861,10028,7138,8806,13577,8004,1,4972,7786,14289,1.0,24:34,2015,2016
2015-16,203918,Rodney Hood,Rodney,1610612762,UTA,Utah Jazz,21500479,2015-12-30T00:00:00,UTA @ MIN,L,34.1,0.0,0.0,0.0,0.0,11.0,10.0,12.0,26.0,1.0,0.0,4.0,2.0,18.5,1,13074,13074,13074,4294,12059,10158,9917,18861,18886,20509,22259,7214,2692,1,22104,7786,12794,1.0,34:04,2015,2016
2015-16,1626147,Justin Anderson,Justin,1610612742,DAL,Dallas Mavericks,21500480,2015-12-30T00:00:00,DAL vs. GSW,W,5.2,0.0,0.0,1.0,0.0,2.0,5.0,0.0,0.0,1.0,0.0,1.0,1.0,3.0,1,1,1,1,24297,12059,10158,9347,18861,2619,11469,1,25429,2692,1,4972,12373,23648,1.0,5:11,2015,2016
2015-16,1626168,Trey Lyles,Trey,1610612762,UTA,Utah Jazz,21500479,2015-12-30T00:00:00,UTA @ MIN,L,18.2,3.0,0.0,3.0,2.0,5.0,6.0,4.0,14.0,0.0,0.0,2.0,1.0,12.8,1,13074,13074,13074,17366,4307,10158,3302,12984,8403,13237,8806,17019,8004,1,11390,12373,17129,1.0,18:11,2015,2016
2015-16,2743,Kris Humphries,Kris,1610612764,WAS,Washington Wizards,21500477,2015-12-30T00:00:00,WAS @ TOR,L,11.9,4.0,2.0,0.0,2.0,6.0,4.0,2.0,10.0,0.0,1.0,2.0,1.0,7.6,1,13074,13074,13074,21633,2460,4731,9917,12984,10028,8458,4025,20209,8004,17214,11390,12373,20803,1.0,11:55,2015,2016
2015-16,1938,Manu Ginobili,Manu,1610612759,SAS,San Antonio Spurs,21500481,2015-12-30T00:00:00,SAS vs. PHX,W,17.5,2.0,0.0,0.0,0.0,5.0,2.0,7.0,12.0,0.0,1.0,0.0,1.0,18.7,1,1,1,1,17872,6026,10158,9917,18861,8403,3734,15538,18637,8004,17214,1,12373,12648,1.0,17:32,2015,2016
2015-16,201960,DeMarre Carroll,DeMarre,1610612761,TOR,Toronto Raptors,21500477,2015-12-30T00:00:00,TOR vs. WAS,W,26.2,2.0,2.0,2.0,2.0,11.0,0.0,10.0,18.0,1.0,0.0,1.0,3.0,18.4,1,1,1,1,10666,6026,4731,4675,12984,18886,1,20169,13577,2692,1,4972,4736,12854,1.0,26:14,2015,2016
2015-16,101138,Brandon Bass,Brandon,1610612747,LAL,Los Angeles Lakers,21500476,2015-12-30T00:00:00,LAL @ BOS,W,24.5,0.0,3.0,2.0,4.0,3.0,6.0,5.0,32.0,0.0,0.0,4.0,3.0,20.7,1,1,1,1,12146,12059,3104,4675,8599,5109,13237,11593,3535,8004,1,22104,4736,11252,1.0,24:29,2015,2016
2015-16,101107,Marvin Williams,Marvin,1610612766,CHA,Charlotte Hornets,21500474,2015-12-30T00:00:00,CHA vs. LAC,L,24.3,0.0,3.0,0.0,0.0,9.0,7.0,6.0,10.0,2.0,0.0,1.0,0.0,16.0,1,13074,13074,13074,12282,12059,3104,9917,18861,15771,15642,13388,20209,932,1,4972,18762,14590,1.0,24:19,2015,2016
2015-16,203496,Robert Covington,Robert,1610612755,PHI,Philadelphia 76ers,21500483,2015-12-30T00:00:00,PHI @ SAC,W,25.5,4.0,0.0,0.0,0.0,7.0,8.0,10.0,22.0,0.0,0.0,4.0,3.0,16.5,1,1,1,1,11317,2460,10158,9917,18861,12242,17345,20169,10265,8004,1,22104,4736,14224,1.0,25:28,2015,2016
2015-16,201579,Roy Hibbert,Roy,1610612747,LAL,Los Angeles Lakers,21500476,2015-12-30T00:00:00,LAL @ BOS,W,23.5,0.0,0.0,0.0,0.0,6.0,5.0,10.0,20.0,1.0,1.0,4.0,1.0,9.8,1,1,1,1,12962,12059,10158,9917,18861,10028,11469,20169,11929,2692,17214,22104,12373,19331,1.0,23:31,2015,2016
2015-16,203940,Adreian Payne,Adreian,1610612750,MIN,Minnesota Timberwolves,21500479,2015-12-30T00:00:00,MIN vs. UTA,W,15.8,2.0,2.0,0.0,2.0,1.0,5.0,3.0,10.0,1.0,1.0,1.0,2.0,14.3,1,1,1,1,19190,6026,4731,9917,12984,2356,11469,7328,20209,2692,17214,4972,7786,15948,1.0,15:49,2015,2016
2015-16,203482,Kelly Olynyk,Kelly,1610612738,BOS,Boston Celtics,21500476,2015-12-30T00:00:00,BOS vs. LAL,L,20.6,0.0,3.0,0.0,2.0,5.0,7.0,7.0,22.0,1.0,0.0,4.0,1.0,19.1,1,13074,13074,13074,15379,12059,3104,9917,12984,8403,15642,15538,10265,2692,1,22104,12373,12372,1.0,20:37,2015,2016
2015-16,201166,Aaron Brooks,Aaron,1610612741,CHI,Chicago Bulls,21500478,2015-12-30T00:00:00,CHI vs. IND,W,40.9,4.0,4.0,0.0,10.0,22.0,18.0,13.0,30.0,0.0,3.0,3.0,2.0,34.7,1,1,1,1,505,2460,1596,9917,1840,25683,25634,23048,4541,8004,25441,17641,7786,3935,1.0,40:55,2015,2016
2015-16,2734,Devin Harris,Devin,1610612742,DAL,Dallas Mavericks,21500480,2015-12-30T00:00:00,DAL vs. GSW,W,20.3,3.0,0.0,6.0,6.0,8.0,0.0,8.0,10.0,0.0,0.0,3.0,1.0,14.7,1,1,1,1,15666,4307,10158,740,5299,13914,1,17194,20209,8004,1,17641,12373,15631,1.0,20:16,2015,2016
2015-16,203894,Shabazz Napier,Shabazz,1610612753,ORL,Orlando Magic,21500475,2015-12-30T00:00:00,ORL vs. BKN,W,17.2,0.0,3.0,0.0,0.0,8.0,4.0,9.0,16.0,0.0,0.0,3.0,1.0,19.1,1,1,1,1,18141,12059,3104,9917,18861,13914,8458,18829,15259,8004,1,17641,12373,12372,1.0,17:11,2015,2016
2015-16,203506,Victor Oladipo,Victor,1610612753,ORL,Orlando Magic,21500475,2015-12-30T00:00:00,ORL vs. BKN,W,29.4,0.0,3.0,0.0,2.0,12.0,9.0,8.0,28.0,0.0,1.0,2.0,3.0,22.9,1,1,1,1,8087,12059,3104,9917,12984,20178,19144,17194,5824,8004,17214,11390,4736,9811,1.0,29:21,2015,2016
2015-16,200765,Rajon Rondo,Rajon,1610612758,SAC,Sacramento Kings,21500483,2015-12-30T00:00:00,SAC vs. PHI,L,39.3,0.0,2.0,0.0,6.0,28.0,10.0,19.0,38.0,0.0,2.0,5.0,2.0,34.0,1,13074,13074,13074,949,12059,4731,9917,5299,26034,20509,25435,1422,8004,23588,24686,7786,4162,1.0,39:18,2015,2016
2015-16,201155,Rodney Stuckey,Rodney,1610612754,IND,Indiana Pacers,21500478,2015-12-30T00:00:00,IND @ CHI,L,31.5,2.0,1.0,6.0,8.0,4.0,20.0,4.0,30.0,1.0,2.0,2.0,3.0,22.9,1,13074,13074,13074,6345,6026,9709,740,3109,6141,25875,8806,4541,2692,23588,11390,4736,9811,1.0,31:28,2015,2016
2015-16,101162,Marcin Gortat,Marcin,1610612764,WAS,Washington Wizards,21500477,2015-12-30T00:00:00,WAS @ TOR,L,36.1,0.0,2.0,2.0,10.0,10.0,17.0,10.0,24.0,3.0,3.0,4.0,3.0,34.5,1,13074,13074,13074,2682,12059,4731,4675,1840,17370,25429,20169,8723,347,25441,22104,4736,3997,1.0,36:05,2015,2016
2015-16,2561,David West,David,1610612759,SAS,San Antonio Spurs,21500481,2015-12-30T00:00:00,SAS vs. PHX,W,20.2,0.0,0.0,0.0,0.0,2.0,6.0,2.0,20.0,1.0,1.0,3.0,0.0,19.0,1,1,1,1,15778,12059,10158,9917,18861,2619,13237,4025,11929,2692,17214,17641,18762,12440,1.0,20:09,2015,2016
2015-16,200751,Randy Foye,Randy,1610612743,DEN,Denver Nuggets,21500482,2015-12-30T00:00:00,DEN @ POR,L,15.3,0.0,0.0,0.0,2.0,4.0,5.0,2.0,10.0,0.0,1.0,1.0,2.0,10.4,1,13074,13074,13074,19578,12059,10158,9917,12984,6141,11469,4025,20209,8004,17214,4972,7786,18859,1.0,15:16,2015,2016
2015-16,203933,T.J. Warren,T.J.,1610612756,PHX,Phoenix Suns,21500481,2015-12-30T00:00:00,PHX @ SAS,L,22.3,0.0,0.0,0.0,6.0,14.0,5.0,7.0,28.0,1.0,1.0,0.0,1.0,19.4,1,13074,13074,13074,13890,12059,10158,9917,5299,22292,11469,15538,5824,2692,17214,1,12373,12154,1.0,22:20,2015,2016
2015-16,1717,Dirk Nowitzki,Dirk,1610612742,DAL,Dallas Mavericks,21500480,2015-12-30T00:00:00,DAL vs. GSW,W,28.3,2.0,0.0,3.0,8.0,7.0,9.0,12.0,18.0,1.0,0.0,2.0,2.0,34.6,1,1,1,1,8994,6026,10158,3302,3109,12242,19144,22259,13577,2692,1,11390,7786,3963,1.0,28:19,2015,2016
2015-16,101111,Charlie Villanueva,Charlie,1610612742,DAL,Dallas Mavericks,21500480,2015-12-30T00:00:00,DAL vs. GSW,W,12.4,0.0,0.0,0.0,2.0,4.0,5.0,3.0,4.0,2.0,0.0,2.0,0.0,18.8,1,1,1,1,21333,12059,10158,9917,12984,6141,11469,7328,23698,932,1,11390,18762,12588,1.0,12:24,2015,2016
2015-16,1626163,Frank Kaminsky,Frank,1610612766,CHA,Charlotte Hornets,21500474,2015-12-30T00:00:00,CHA vs. LAC,L,28.6,2.0,4.0,2.0,6.0,6.0,5.0,9.0,24.0,0.0,3.0,3.0,4.0,23.3,1,13074,13074,13074,8770,6026,1596,4675,5299,10028,11469,18829,8723,8004,25441,17641,2748,9567,1.0,28:33,2015,2016
2015-16,201954,Darren Collison,Darren,1610612758,SAC,Sacramento Kings,21500483,2015-12-30T00:00:00,SAC vs. PHI,L,28.7,7.0,0.0,6.0,8.0,10.0,5.0,10.0,28.0,0.0,2.0,1.0,1.0,26.0,1,13074,13074,13074,8664,548,10158,740,3109,17370,11469,20169,5824,8004,23588,4972,12373,7910,1.0,28:42,2015,2016
2015-16,2738,Andre Iguodala,Andre,1610612744,GSW,Golden State Warriors,21500480,2015-12-30T00:00:00,GSW @ DAL,L,24.5,5.0,0.0,5.0,4.0,16.0,12.0,6.0,28.0,0.0,0.0,0.0,3.0,23.7,1,13074,13074,13074,12138,1603,10158,1277,8599,23774,22832,13388,5824,8004,1,1,4736,9329,1.0,24:29,2015,2016
2015-16,202738,Isaiah Thomas,Isaiah,1610612738,BOS,Boston Celtics,21500476,2015-12-30T00:00:00,BOS vs. LAL,L,34.9,2.0,0.0,7.0,10.0,9.0,10.0,10.0,32.0,0.0,1.0,3.0,7.0,34.1,1,13074,13074,13074,3608,6026,10158,454,1840,15771,20509,20169,3535,8004,17214,17641,469,4124,1.0,34:55,2015,2016
2015-16,203944,Julius Randle,Julius,1610612747,LAL,Los Angeles Lakers,21500476,2015-12-30T00:00:00,LAL @ BOS,W,26.5,1.0,1.0,2.0,10.0,3.0,7.0,7.0,36.0,0.0,1.0,3.0,2.0,34.4,1,1,1,1,10439,11535,9709,4675,1840,5109,15642,15538,1943,8004,17214,17641,7786,4029,1.0,26:31,2015,2016
2015-16,201574,Jason Thompson,Jason,1610612744,GSW,Golden State Warriors,21500480,2015-12-30T00:00:00,GSW @ DAL,L,10.1,0.0,0.0,0.0,0.0,5.0,4.0,3.0,4.0,0.0,2.0,2.0,3.0,10.3,1,13074,13074,13074,22382,12059,10158,9917,18861,8403,8458,7328,23698,8004,23588,11390,4736,18965,1.0,10:08,2015,2016
2015-16,200768,Kyle Lowry,Kyle,1610612761,TOR,Toronto Raptors,21500477,2015-12-30T00:00:00,TOR vs. WAS,W,35.0,0.0,3.0,2.0,0.0,14.0,4.0,16.0,22.0,0.0,0.0,2.0,3.0,23.6,1,1,1,1,3571,12059,3104,4675,18861,22292,8458,24641,10265,8004,1,11390,4736,9377,1.0,34:57,2015,2016
2015-16,203469,Cody Zeller,Cody,1610612766,CHA,Charlotte Hornets,21500474,2015-12-30T00:00:00,CHA vs. LAC,L,28.3,2.0,4.0,2.0,8.0,12.0,9.0,6.0,14.0,1.0,0.0,1.0,2.0,34.1,1,13074,13074,13074,9001,6026,1596,4675,3109,20178,19144,13388,17019,2692,1,4972,7786,4124,1.0,28:19,2015,2016
2015-16,203143,Pablo Prigioni,Pablo,1610612746,LAC,LA Clippers,21500474,2015-12-30T00:00:00,LAC @ CHA,W,17.7,0.0,0.0,0.0,2.0,4.0,14.0,5.0,16.0,0.0,0.0,3.0,0.0,10.0,1,1,1,1,17723,12059,10158,9917,12984,6141,24300,11593,15259,8004,1,17641,18762,19178,1.0,17:44,2015,2016
2015-16,203463,Ben McLemore,Ben,1610612758,SAC,Sacramento Kings,21500483,2015-12-30T00:00:00,SAC vs. PHI,L,18.7,0.0,3.0,2.0,2.0,17.0,6.0,9.0,26.0,0.0,0.0,2.0,1.0,9.7,1,13074,13074,13074,16946,12059,3104,4675,12984,24337,13237,18829,7214,8004,1,11390,12373,19379,1.0,18:42,2015,2016
2015-16,202696,Nikola Vučević,Nikola,1610612753,ORL,Orlando Magic,21500475,2015-12-30T00:00:00,ORL vs. BKN,W,35.2,2.0,4.0,2.0,16.0,14.0,9.0,10.0,22.0,0.0,0.0,4.0,4.0,33.3,1,1,1,1,3430,6026,1596,4675,275,22292,19144,20169,10265,8004,1,22104,2748,4423,1.0,35:09,2015,2016
2015-16,203481,Jeff Withey,Jeff,1610612762,UTA,Utah Jazz,21500479,2015-12-30T00:00:00,UTA @ MIN,L,28.9,0.0,4.0,0.0,10.0,10.0,6.0,10.0,24.0,2.0,2.0,5.0,3.0,33.3,1,13074,13074,13074,8490,12059,1596,9917,1840,17370,13237,20169,8723,932,23588,24686,4736,4423,1.0,28:51,2015,2016
2015-16,201959,Taj Gibson,Taj,1610612741,CHI,Chicago Bulls,21500478,2015-12-30T00:00:00,CHI vs. IND,W,37.4,0.0,6.0,0.0,6.0,19.0,13.0,9.0,22.0,1.0,0.0,4.0,0.0,33.8,1,1,1,1,1826,12059,481,9917,5299,25074,23668,18829,10265,2692,1,22104,18762,4244,1.0,37:24,2015,2016
2015-16,203138,Hollis Thompson,Hollis,1610612755,PHI,Philadelphia 76ers,21500483,2015-12-30T00:00:00,PHI @ SAC,W,12.6,5.0,0.0,0.0,4.0,2.0,0.0,9.0,14.0,0.0,0.0,1.0,1.0,14.4,1,1,1,1,21244,1603,10158,9917,8599,2619,1,18829,17019,8004,1,4972,12373,15857,1.0,12:33,2015,2016
2015-16,202699,Tobias Harris,Tobias,1610612753,ORL,Orlando Magic,21500475,2015-12-30T00:00:00,ORL vs. BKN,W,36.6,2.0,2.0,0.0,10.0,12.0,9.0,11.0,24.0,0.0,2.0,0.0,3.0,25.6,1,1,1,1,2356,6026,4731,9917,1840,20178,19144,21342,8723,8004,23588,1,4736,8157,1.0,36:34,2015,2016
2015-16,2749,Jameer Nelson,Jameer,1610612743,DEN,Denver Nuggets,21500482,2015-12-30T00:00:00,DEN @ POR,L,40.5,4.0,0.0,0.0,2.0,19.0,8.0,10.0,28.0,0.0,0.0,3.0,1.0,34.6,1,13074,13074,13074,604,2460,10158,9917,12984,25074,17345,20169,5824,8004,1,17641,12373,3963,1.0,40:30,2015,2016
2015-16,202685,Jonas Valančiūnas,Jonas,1610612761,TOR,Toronto Raptors,21500477,2015-12-30T00:00:00,TOR vs. WAS,W,20.9,2.0,2.0,0.0,6.0,7.0,0.0,9.0,16.0,1.0,2.0,3.0,1.0,23.3,1,1,1,1,15157,6026,4731,9917,5299,12242,1,18829,15259,2692,23588,17641,12373,9567,1.0,20:53,2015,2016
2015-16,202709,Cory Joseph,Cory,1610612761,TOR,Toronto Raptors,21500477,2015-12-30T00:00:00,TOR vs. WAS,W,24.0,2.0,0.0,0.0,2.0,4.0,4.0,3.0,14.0,0.0,2.0,2.0,2.0,10.1,1,1,1,1,12584,6026,10158,9917,12984,6141,8458,7328,17019,8004,23588,11390,7786,19105,1.0,23:59,2015,2016
2015-16,202688,Brandon Knight,Brandon,1610612756,PHX,Phoenix Suns,21500481,2015-12-30T00:00:00,PHX @ SAS,L,26.8,0.0,0.0,2.0,6.0,10.0,6.0,5.0,16.0,0.0,1.0,1.0,3.0,15.0,1,13074,13074,13074,10237,12059,10158,4675,5299,17370,13237,11593,15259,8004,17214,4972,4736,15404,1.0,26:45,2015,2016
2015-16,203477,Isaiah Canaan,Isaiah,1610612755,PHI,Philadelphia 76ers,21500483,2015-12-30T00:00:00,PHI @ SAC,W,31.5,5.0,0.0,5.0,4.0,8.0,11.0,10.0,22.0,0.0,1.0,1.0,0.0,23.1,1,1,1,1,6315,1603,10158,1277,8599,13914,21814,20169,10265,8004,17214,4972,18762,9699,1.0,31:30,2015,2016
2015-16,1626204,Larry Nance Jr.,Larry,1610612747,LAL,Los Angeles Lakers,21500476,2015-12-30T00:00:00,LAL @ BOS,W,17.4,4.0,2.0,2.0,2.0,4.0,2.0,6.0,10.0,0.0,0.0,4.0,2.0,19.2,1,1,1,1,18004,2460,4731,4675,12984,6141,3734,13388,20209,8004,1,22104,7786,12284,1.0,17:21,2015,2016
2015-16,201609,Goran Dragic,Goran,1610612748,MIA,Miami Heat,21500471,2015-12-29T00:00:00,MIA @ MEM,L,41.3,6.0,0.0,4.0,8.0,13.0,13.0,2.0,38.0,0.0,1.0,2.0,2.0,26.1,1,13074,13074,13074,421,878,10158,1913,3109,21300,23668,4025,1422,8004,17214,11390,7786,7836,1.0,41:21,2015,2016
2015-16,203530,Joffrey Lauvergne,Joffrey,1610612743,DEN,Denver Nuggets,21500473,2015-12-29T00:00:00,DEN vs. CLE,L,24.3,0.0,2.0,0.0,12.0,16.0,8.0,10.0,30.0,0.0,0.0,1.0,0.0,25.9,1,13074,13074,13074,12282,12059,4731,9917,988,23774,17345,20169,4541,8004,1,4972,18762,7960,1.0,24:19,2015,2016
2015-16,203089,John Henson,John,1610612749,MIL,Milwaukee Bucks,21500472,2015-12-29T00:00:00,MIL @ OKC,L,25.1,0.0,2.0,0.0,8.0,7.0,10.0,5.0,28.0,5.0,0.0,3.0,0.0,33.7,1,13074,13074,13074,11573,12059,4731,9917,3109,12242,20509,11593,5824,59,1,17641,18762,4280,1.0,25:08,2015,2016
2015-16,201144,Mike Conley,Mike,1610612763,MEM,Memphis Grizzlies,21500471,2015-12-29T00:00:00,MEM vs. MIA,W,38.4,4.0,0.0,0.0,4.0,15.0,8.0,5.0,34.0,0.0,0.0,1.0,2.0,26.1,1,1,1,1,1328,2460,10158,9917,8599,23079,17345,11593,2701,8004,1,4972,7786,7836,1.0,38:23,2015,2016
2015-16,203118,Mike Scott,Mike,1610612737,ATL,Atlanta Hawks,21500470,2015-12-29T00:00:00,ATL @ HOU,W,14.6,0.0,0.0,0.0,2.0,9.0,0.0,2.0,12.0,0.0,0.0,2.0,0.0,14.9,1,1,1,1,20069,12059,10158,9917,12984,15771,1,4025,18637,8004,1,11390,18762,15463,1.0,14:34,2015,2016
2015-16,204001,Kristaps Porziņģis,Kristaps,1610612752,NYK,New York Knicks,21500469,2015-12-29T00:00:00,NYK vs. DET,W,18.6,0.0,6.0,2.0,6.0,4.0,6.0,0.0,24.0,2.0,0.0,2.0,1.0,18.9,1,1,1,1,17011,12059,481,4675,5299,6141,13237,1,8723,932,1,11390,12373,12513,1.0,18:37,2015,2016
2015-16,101181,Jose Calderon,Jose,1610612752,NYK,New York Knicks,21500469,2015-12-29T00:00:00,NYK vs. DET,W,33.3,0.0,2.0,3.0,0.0,6.0,10.0,2.0,32.0,0.0,0.0,2.0,2.0,23.4,1,1,1,1,4876,12059,4731,3302,18861,10028,20509,4025,3535,8004,1,11390,7786,9501,1.0,33:19,2015,2016
2015-16,2590,Mo Williams,Mo,1610612739,CLE,Cleveland Cavaliers,21500473,2015-12-29T00:00:00,CLE @ DEN,W,18.8,0.0,0.0,0.0,2.0,8.0,3.0,10.0,18.0,0.0,0.0,2.0,1.0,14.2,1,1,1,1,16907,12059,10158,9917,12984,13914,7138,20169,13577,8004,1,11390,12373,16003,1.0,18:45,2015,2016
2015-16,101123,Gerald Green,Gerald,1610612748,MIA,Miami Heat,21500471,2015-12-29T00:00:00,MIA @ MEM,L,20.1,0.0,3.0,0.0,0.0,4.0,9.0,0.0,24.0,0.0,0.0,2.0,0.0,9.8,1,13074,13074,13074,15816,12059,3104,9917,18861,6141,19144,1,8723,8004,1,11390,18762,19331,1.0,20:07,2015,2016
2015-16,2594,Kyle Korver,Kyle,1610612737,ATL,Atlanta Hawks,21500470,2015-12-29T00:00:00,ATL @ HOU,W,31.0,0.0,0.0,0.0,0.0,2.0,9.0,4.0,34.0,1.0,0.0,4.0,0.0,14.6,1,1,1,1,6755,12059,10158,9917,18861,2619,19144,8806,2701,2692,1,22104,18762,15699,1.0,30:58,2015,2016
2015-16,204002,Edy Tavares,Edy,1610612737,ATL,Atlanta Hawks,21500470,2015-12-29T00:00:00,ATL @ HOU,W,10.3,2.0,4.0,0.0,4.0,13.0,2.0,2.0,10.0,0.0,1.0,1.0,0.0,14.2,1,1,1,1,22332,6026,1596,9917,8599,21300,3734,4025,20209,8004,17214,4972,18762,16003,1.0,10:15,2015,2016
2015-16,203953,Jabari Parker,Jabari,1610612749,MIL,Milwaukee Bucks,21500472,2015-12-29T00:00:00,MIL @ OKC,L,17.9,0.0,2.0,0.0,2.0,8.0,7.0,8.0,22.0,0.0,3.0,1.0,1.0,9.8,1,13074,13074,13074,17617,12059,4731,9917,12984,13914,15642,17194,10265,8004,25441,4972,12373,19331,1.0,17:52,2015,2016
2015-16,2405,Amar'e Stoudemire,Amar'e,1610612748,MIA,Miami Heat,21500471,2015-12-29T00:00:00,MIA @ MEM,L,12.6,1.0,2.0,0.0,2.0,2.0,4.0,0.0,18.0,1.0,0.0,2.0,5.0,14.6,1,13074,13074,13074,21231,11535,4731,9917,12984,2619,8458,1,13577,2692,1,11390,1539,15699,1.0,12:34,2015,2016
2015-16,202704,Reggie Jackson,Reggie,1610612765,DET,Detroit Pistons,21500469,2015-12-29T00:00:00,DET @ NYK,L,31.3,2.0,4.0,2.0,6.0,8.0,8.0,10.0,34.0,0.0,1.0,2.0,2.0,33.5,1,13074,13074,13074,6498,6026,1596,4675,5299,13914,17345,20169,2701,8004,17214,11390,7786,4348,1.0,31:16,2015,2016
2015-16,201564,O.J. Mayo,O.J.,1610612749,MIL,Milwaukee Bucks,21500472,2015-12-29T00:00:00,MIL @ OKC,L,25.7,3.0,2.0,3.0,4.0,6.0,12.0,2.0,30.0,0.0,0.0,5.0,2.0,23.4,1,13074,13074,13074,11117,4307,4731,3302,8599,10028,22832,4025,4541,8004,1,24686,7786,9501,1.0,25:42,2015,2016
2015-16,204038,Langston Galloway,Langston,1610612752,NYK,New York Knicks,21500469,2015-12-29T00:00:00,NYK vs. DET,W,16.7,0.0,0.0,0.0,2.0,2.0,5.0,6.0,6.0,0.0,0.0,1.0,0.0,10.3,1,1,1,1,18516,12059,10158,9917,12984,2619,11469,13388,22724,8004,1,4972,18762,18965,1.0,16:41,2015,2016
2015-16,202684,Tristan Thompson,Tristan,1610612739,CLE,Cleveland Cavaliers,21500473,2015-12-29T00:00:00,CLE @ DEN,W,34.7,2.0,4.0,0.0,8.0,8.0,12.0,9.0,34.0,1.0,1.0,1.0,6.0,23.4,1,1,1,1,3826,6026,1596,9917,3109,13914,22832,18829,2701,2692,17214,4972,873,9501,1.0,34:39,2015,2016
2015-16,203124,Kyle O'Quinn,Kyle,1610612752,NYK,New York Knicks,21500469,2015-12-29T00:00:00,NYK vs. DET,W,11.2,4.0,2.0,0.0,8.0,0.0,2.0,4.0,6.0,0.0,1.0,1.0,0.0,18.9,1,1,1,1,21940,2460,4731,9917,3109,1,3734,8806,22724,8004,17214,4972,18762,12513,1.0,11:13,2015,2016
2015-16,201627,Anthony Morrow,Anthony,1610612760,OKC,Oklahoma City Thunder,21500472,2015-12-29T00:00:00,OKC vs. MIL,W,13.1,3.0,0.0,3.0,0.0,3.0,5.0,6.0,8.0,0.0,0.0,2.0,0.0,11.2,1,1,1,1,20904,4307,10158,3302,18861,5109,11469,13388,21543,8004,1,11390,18762,18267,1.0,13:09,2015,2016
2015-16,1626169,Stanley Johnson,Stanley,1610612765,DET,Detroit Pistons,21500469,2015-12-29T00:00:00,DET @ NYK,L,18.9,0.0,0.0,2.0,2.0,7.0,8.0,9.0,14.0,0.0,0.0,2.0,0.0,10.9,1,13074,13074,13074,16820,12059,10158,4675,12984,12242,17345,18829,17019,8004,1,11390,18762,18498,1.0,18:51,2015,2016
2015-16,203123,Kostas Papanikolaou,Kostas,1610612743,DEN,Denver Nuggets,21500473,2015-12-29T00:00:00,DEN vs. CLE,L,21.9,0.0,0.0,0.0,0.0,18.0,6.0,6.0,18.0,0.0,0.0,2.0,3.0,5.5,1,13074,13074,13074,14245,12059,10158,9917,18861,24749,13237,13388,13577,8004,1,11390,4736,22196,1.0,21:55,2015,2016
2015-16,203948,Johnny O'Bryant III,Johnny,1610612749,MIL,Milwaukee Bucks,21500472,2015-12-29T00:00:00,MIL @ OKC,L,16.8,0.0,0.0,0.0,2.0,7.0,8.0,7.0,16.0,0.0,0.0,2.0,1.0,6.1,1,13074,13074,13074,18417,12059,10158,9917,12984,12242,17345,15538,15259,8004,1,11390,12373,21845,1.0,16:48,2015,2016
2015-16,203934,Lamar Patterson,Lamar,1610612737,ATL,Atlanta Hawks,21500470,2015-12-29T00:00:00,ATL @ HOU,W,9.5,3.0,0.0,3.0,2.0,0.0,2.0,0.0,10.0,0.0,1.0,2.0,1.0,5.7,1,1,1,1,22634,4307,10158,3302,12984,1,3734,1,20209,8004,17214,11390,12373,22054,1.0,9:29,2015,2016
2015-16,201952,Jeff Teague,Jeff,1610612737,ATL,Atlanta Hawks,21500470,2015-12-29T00:00:00,ATL @ HOU,W,33.6,6.0,0.0,4.0,10.0,7.0,11.0,10.0,34.0,0.0,0.0,2.0,4.0,44.4,1,1,1,1,4694,878,10158,1913,1840,12242,21814,20169,2701,8004,1,11390,2748,1474,1.0,33:34,2015,2016
2015-16,2747,JR Smith,JR,1610612739,CLE,Cleveland Cavaliers,21500473,2015-12-29T00:00:00,CLE @ DEN,W,25.7,2.0,0.0,0.0,4.0,6.0,5.0,10.0,30.0,0.0,0.0,1.0,1.0,23.9,1,1,1,1,11135,6026,10158,9917,8599,10028,11469,20169,4541,8004,1,4972,12373,9184,1.0,25:40,2015,2016
2015-16,202694,Marcus Morris Sr.,Marcus,1610612765,DET,Detroit Pistons,21500469,2015-12-29T00:00:00,DET @ NYK,L,36.1,4.0,0.0,0.0,4.0,8.0,12.0,8.0,36.0,1.0,1.0,1.0,2.0,28.8,1,13074,13074,13074,2697,2460,10158,9917,8599,13914,22832,17194,1943,2692,17214,4972,7786,6465,1.0,36:04,2015,2016
2015-16,203500,Steven Adams,Steven,1610612760,OKC,Oklahoma City Thunder,21500472,2015-12-29T00:00:00,OKC vs. MIL,W,24.1,2.0,6.0,0.0,8.0,8.0,12.0,5.0,24.0,2.0,0.0,0.0,1.0,24.2,1,1,1,1,12453,6026,481,9917,3109,13914,22832,11593,8723,932,1,1,12373,9009,1.0,24:06,2015,2016
2015-16,201143,Al Horford,Al,1610612737,ATL,Atlanta Hawks,21500470,2015-12-29T00:00:00,ATL @ HOU,W,35.9,11.0,5.0,2.0,10.0,5.0,9.0,6.0,36.0,1.0,0.0,3.0,4.0,55.8,1,1,1,1,2819,55,995,4675,1840,8403,19144,13388,1943,2692,1,17641,2748,362,1.0,35:55,2015,2016
2015-16,101141,Ersan Ilyasova,Ersan,1610612765,DET,Detroit Pistons,21500469,2015-12-29T00:00:00,DET @ NYK,L,36.2,0.0,2.0,2.0,10.0,9.0,12.0,8.0,32.0,0.0,1.0,1.0,2.0,35.7,1,13074,13074,13074,2631,12059,4731,4675,1840,15771,22832,17194,3535,8004,17214,4972,7786,3578,1.0,36:10,2015,2016
2015-16,201145,Jeff Green,Jeff,1610612763,MEM,Memphis Grizzlies,21500471,2015-12-29T00:00:00,MEM vs. MIA,W,37.7,0.0,4.0,0.0,14.0,10.0,9.0,5.0,24.0,0.0,3.0,0.0,1.0,29.4,1,1,1,1,1646,12059,1596,9917,542,17370,19144,11593,8723,8004,25441,1,12373,6143,1.0,37:43,2015,2016
2015-16,2544,LeBron James,LeBron,1610612739,CLE,Cleveland Cavaliers,21500473,2015-12-29T00:00:00,CLE @ DEN,W,34.4,15.0,3.0,8.0,12.0,15.0,9.0,9.0,34.0,1.0,0.0,2.0,7.0,48.2,1,1,1,1,4036,4,3104,280,988,23079,19144,18829,2701,2692,1,11390,469,941,1.0,34:23,2015,2016
2015-16,201188,Marc Gasol,Marc,1610612763,MEM,Memphis Grizzlies,21500471,2015-12-29T00:00:00,MEM vs. MIA,W,44.3,7.0,0.0,0.0,12.0,15.0,9.0,5.0,32.0,4.0,0.0,3.0,7.0,51.6,1,1,1,1,111,548,10158,9917,988,23079,19144,11593,3535,132,1,17641,469,604,1.0,44:18,2015,2016
2015-16,203999,Nikola Jokić,Nikola,1610612743,DEN,Denver Nuggets,21500473,2015-12-29T00:00:00,DEN vs. CLE,L,22.4,3.0,0.0,2.0,6.0,8.0,1.0,4.0,12.0,1.0,1.0,6.0,4.0,23.9,1,13074,13074,13074,13822,4307,10158,4675,5299,13914,3393,8806,18637,2692,17214,25827,2748,9184,1.0,22:25,2015,2016
2015-16,203521,Matthew Dellavedova,Matthew,1610612739,CLE,Cleveland Cavaliers,21500473,2015-12-29T00:00:00,CLE @ DEN,W,29.3,0.0,0.0,0.0,0.0,7.0,9.0,4.0,30.0,0.0,0.0,2.0,2.0,23.9,1,1,1,1,8167,12059,10158,9917,18861,12242,19144,8806,4541,8004,1,11390,7786,9184,1.0,29:15,2015,2016
2015-16,2730,Dwight Howard,Dwight,1610612745,HOU,Houston Rockets,21500470,2015-12-29T00:00:00,HOU vs. ATL,L,38.4,0.0,0.0,2.0,20.0,32.0,13.0,11.0,46.0,1.0,2.0,3.0,10.0,56.7,1,13074,13074,13074,1338,12059,10158,4675,59,26072,23668,21342,298,2692,23588,17641,76,327,1.0,38:22,2015,2016
2015-16,203114,Khris Middleton,Khris,1610612749,MIL,Milwaukee Bucks,21500472,2015-12-29T00:00:00,MIL @ OKC,L,36.9,3.0,4.0,2.0,6.0,14.0,13.0,10.0,44.0,0.0,0.0,2.0,3.0,47.5,1,13074,13074,13074,2139,4307,1596,4675,5299,22292,23668,20169,454,8004,1,11390,4736,1015,1.0,36:54,2015,2016
2015-16,201935,James Harden,James,1610612745,HOU,Houston Rockets,21500470,2015-12-29T00:00:00,HOU vs. ATL,L,38.8,11.0,2.0,4.0,4.0,25.0,11.0,13.0,42.0,0.0,0.0,3.0,7.0,46.0,1,13074,13074,13074,1161,55,4731,1913,8599,25944,21814,23048,670,8004,1,17641,469,1198,1.0,38:45,2015,2016
2015-16,200794,Paul Millsap,Paul,1610612737,ATL,Atlanta Hawks,21500470,2015-12-29T00:00:00,ATL @ HOU,W,35.2,7.0,2.0,2.0,14.0,17.0,11.0,10.0,34.0,5.0,2.0,4.0,5.0,58.6,1,1,1,1,3357,548,4731,4675,542,24337,21814,20169,2701,59,23588,22104,1539,250,1.0,35:14,2015,2016
2015-16,201951,Ty Lawson,Ty,1610612745,HOU,Houston Rockets,21500470,2015-12-29T00:00:00,HOU vs. ATL,L,26.0,0.0,0.0,0.0,0.0,15.0,7.0,5.0,26.0,0.0,0.0,1.0,0.0,24.2,1,13074,13074,13074,10852,12059,10158,9917,18861,23079,15642,11593,7214,8004,1,4972,18762,9009,1.0,25:59,2015,2016
2015-16,203487,Michael Carter-Williams,Michael,1610612749,MIL,Milwaukee Bucks,21500472,2015-12-29T00:00:00,MIL @ OKC,L,31.7,2.0,2.0,2.0,8.0,12.0,11.0,8.0,40.0,0.0,1.0,4.0,5.0,47.3,1,13074,13074,13074,6156,6026,4731,4675,3109,20178,21814,17194,983,8004,17214,22104,1539,1036,1.0,31:41,2015,2016
2015-16,201566,Russell Westbrook,Russell,1610612760,OKC,Oklahoma City Thunder,21500472,2015-12-29T00:00:00,OKC vs. MIL,W,34.8,6.0,0.0,6.0,16.0,10.0,15.0,12.0,40.0,0.0,2.0,1.0,6.0,57.9,1,1,1,1,3703,878,10158,740,275,17370,24781,22259,983,8004,23588,4972,873,269,1.0,34:47,2015,2016
2015-16,202682,Derrick Williams,Derrick,1610612752,NYK,New York Knicks,21500469,2015-12-29T00:00:00,NYK vs. DET,W,18.2,0.0,2.0,1.0,6.0,0.0,5.0,4.0,4.0,0.0,0.0,0.0,5.0,24.3,1,1,1,1,17345,12059,4731,9347,5299,1,11469,8806,23698,8004,1,1,1539,8939,1.0,18:12,2015,2016
2015-16,201142,Kevin Durant,Kevin,1610612760,OKC,Oklahoma City Thunder,21500472,2015-12-29T00:00:00,OKC vs. MIL,W,38.6,2.0,2.0,4.0,8.0,10.0,14.0,14.0,50.0,1.0,0.0,2.0,8.0,47.2,1,1,1,1,1208,6026,4731,1913,3109,17370,24300,23710,107,2692,1,11390,254,1051,1.0,38:38,2015,2016
2015-16,201976,Patrick Beverley,Patrick,1610612745,HOU,Houston Rockets,21500470,2015-12-29T00:00:00,HOU vs. ATL,L,20.5,2.0,0.0,0.0,6.0,16.0,6.0,8.0,20.0,0.0,0.0,2.0,0.0,9.5,1,13074,13074,13074,15492,6026,10158,9917,5299,23774,13237,17194,11929,8004,1,11390,18762,19519,1.0,20:30,2015,2016
2015-16,1626173,Rashad Vaughn,Rashad,1610612749,MIL,Milwaukee Bucks,21500472,2015-12-29T00:00:00,MIL @ OKC,L,3.4,0.0,0.0,0.0,0.0,3.0,0.0,5.0,4.0,0.0,0.0,0.0,0.0,0.2,1,13074,13074,13074,24965,12059,10158,9917,18861,5109,1,11593,23698,8004,1,1,18762,25103,1.0,3:23,2015,2016
2015-16,200757,Thabo Sefolosha,Thabo,1610612737,ATL,Atlanta Hawks,21500470,2015-12-29T00:00:00,ATL @ HOU,W,20.9,0.0,0.0,0.0,0.0,22.0,2.0,6.0,14.0,0.0,0.0,1.0,0.0,0.2,1,1,1,1,15119,12059,10158,9917,18861,25683,3734,13388,17019,8004,1,4972,18762,25103,1.0,20:56,2015,2016
2015-16,203382,Aron Baynes,Aron,1610612765,DET,Detroit Pistons,21500469,2015-12-29T00:00:00,DET @ NYK,L,11.9,0.0,0.0,0.0,0.0,5.0,4.0,6.0,10.0,1.0,0.0,2.0,0.0,9.3,1,13074,13074,13074,21621,12059,10158,9917,18861,8403,8458,13388,20209,2692,1,11390,18762,19656,1.0,11:56,2015,2016
2015-16,203079,Dion Waiters,Dion,1610612760,OKC,Oklahoma City Thunder,21500472,2015-12-29T00:00:00,OKC vs. MIL,W,23.7,0.0,0.0,0.0,2.0,8.0,11.0,13.0,40.0,0.0,2.0,3.0,1.0,4.9,1,1,1,1,12863,12059,10158,9917,12984,13914,21814,23048,983,8004,23588,17641,12373,22621,1.0,23:39,2015,2016
2015-16,203210,JaMychal Green,JaMychal,1610612763,MEM,Memphis Grizzlies,21500471,2015-12-29T00:00:00,MEM vs. MIA,W,7.3,0.0,0.0,0.0,0.0,2.0,1.0,0.0,0.0,0.0,0.0,2.0,0.0,3.6,1,1,1,1,23456,12059,10158,9917,18861,2619,3393,1,25429,8004,1,11390,18762,23310,1.0,7:19,2015,2016
2015-16,2757,Beno Udrih,Beno,1610612748,MIA,Miami Heat,21500471,2015-12-29T00:00:00,MIA @ MEM,L,11.7,0.0,0.0,0.0,0.0,2.0,4.0,0.0,14.0,0.0,0.0,2.0,0.0,3.2,1,13074,13074,13074,21746,12059,10158,9917,18861,2619,8458,1,17019,8004,1,11390,18762,23473,1.0,11:39,2015,2016
2015-16,2592,James Jones,James,1610612739,CLE,Cleveland Cavaliers,21500473,2015-12-29T00:00:00,CLE @ DEN,W,0.2,0.0,0.0,0.0,0.0,0.0,0.0,0.0,0.0,0.0,0.0,0.0,0.0,0.0,1,1,1,1,26021,12059,10158,9917,18861,1,1,1,25429,8004,1,1,18762,25170,1.0,0:11,2015,2016
2015-16,203101,Miles Plumlee,Miles,1610612749,MIL,Milwaukee Bucks,21500472,2015-12-29T00:00:00,MIL @ OKC,L,3.0,0.0,0.0,0.0,0.0,2.0,0.0,0.0,4.0,0.0,0.0,0.0,0.0,0.0,1,13074,13074,13074,25129,12059,10158,9917,18861,2619,1,1,23698,8004,1,1,18762,25170,1.0,2:59,2015,2016
2015-16,201147,Corey Brewer,Corey,1610612745,HOU,Houston Rockets,21500470,2015-12-29T00:00:00,HOU vs. ATL,L,17.5,0.0,0.0,0.0,0.0,10.0,2.0,6.0,12.0,0.0,0.0,4.0,0.0,0.7,1,13074,13074,13074,17904,12059,10158,9917,18861,17370,3734,13388,18637,8004,1,22104,18762,25042,1.0,17:29,2015,2016
2015-16,1891,Jason Terry,Jason,1610612745,HOU,Houston Rockets,21500470,2015-12-29T00:00:00,HOU vs. ATL,L,6.3,0.0,0.0,0.0,0.0,2.0,2.0,0.0,4.0,0.0,0.0,0.0,0.0,4.5,1,13074,13074,13074,23816,12059,10158,9917,18861,2619,3734,1,23698,8004,1,1,18762,22773,1.0,6:21,2015,2016
2015-16,2034,Mike Miller,Mike,1610612743,DEN,Denver Nuggets,21500473,2015-12-29T00:00:00,DEN vs. CLE,L,7.2,0.0,0.0,0.0,0.0,4.0,1.0,2.0,4.0,0.0,0.0,0.0,0.0,-0.8,1,13074,13074,13074,23499,12059,10158,9917,18861,6141,3393,4025,23698,8004,1,1,18762,25914,1.0,7:11,2015,2016
2015-16,203099,Jared Cunningham,Jared,1610612739,CLE,Cleveland Cavaliers,21500473,2015-12-29T00:00:00,CLE @ DEN,W,1.9,0.0,0.0,0.0,0.0,0.0,0.0,0.0,2.0,0.0,0.0,0.0,0.0,0.0,1,1,1,1,25564,12059,10158,9917,18861,1,1,1,24614,8004,1,1,18762,25170,1.0,1:52,2015,2016
2015-16,203921,Cleanthony Early,Cleanthony,1610612752,NYK,New York Knicks,21500469,2015-12-29T00:00:00,NYK vs. DET,W,0.5,0.0,0.0,0.0,0.0,0.0,0.0,2.0,2.0,0.0,0.0,0.0,0.0,0.0,1,1,1,1,25979,12059,10158,9917,18861,1,1,4025,24614,8004,1,1,18762,25170,1.0,0:29,2015,2016
2015-16,2555,Nick Collison,Nick,1610612760,OKC,Oklahoma City Thunder,21500472,2015-12-29T00:00:00,OKC vs. MIL,W,11.9,0.0,0.0,0.0,2.0,3.0,4.0,6.0,16.0,0.0,0.0,1.0,1.0,5.0,1,1,1,1,21633,12059,10158,9917,12984,5109,8458,13388,15259,8004,1,4972,12373,22500,1.0,11:55,2015,2016
2015-16,200751,Randy Foye,Randy,1610612743,DEN,Denver Nuggets,21500473,2015-12-29T00:00:00,DEN vs. CLE,L,25.5,5.0,0.0,0.0,2.0,15.0,3.0,10.0,16.0,0.0,1.0,2.0,1.0,15.6,1,13074,13074,13074,11314,1603,10158,9917,12984,23079,7138,20169,15259,8004,17214,11390,12373,14916,1.0,25:28,2015,2016
2015-16,201584,Courtney Lee,Courtney,1610612763,MEM,Memphis Grizzlies,21500471,2015-12-29T00:00:00,MEM vs. MIA,W,26.7,0.0,2.0,0.0,2.0,9.0,9.0,2.0,22.0,0.0,0.0,0.0,1.0,15.3,1,1,1,1,10251,12059,4731,9917,12984,15771,19144,4025,10265,8004,1,1,12373,15150,1.0,26:44,2015,2016
2015-16,203115,Will Barton,Will,1610612743,DEN,Denver Nuggets,21500473,2015-12-29T00:00:00,DEN vs. CLE,L,34.3,2.0,5.0,6.0,10.0,17.0,5.0,14.0,32.0,2.0,0.0,0.0,2.0,41.9,1,13074,13074,13074,4106,6026,995,740,1840,24337,11469,23710,3535,932,1,1,7786,1958,1.0,34:17,2015,2016
2015-16,201577,Robin Lopez,Robin,1610612752,NYK,New York Knicks,21500469,2015-12-29T00:00:00,NYK vs. DET,W,36.4,3.0,2.0,0.0,10.0,8.0,11.0,4.0,30.0,6.0,1.0,5.0,3.0,40.4,1,1,1,1,2506,4307,4731,9917,1840,13914,21814,8806,4541,19,17214,24686,4736,2274,1.0,36:22,2015,2016
2015-16,201586,Serge Ibaka,Serge,1610612760,OKC,Oklahoma City Thunder,21500472,2015-12-29T00:00:00,OKC vs. MIL,W,36.1,0.0,4.0,0.0,2.0,10.0,15.0,14.0,42.0,4.0,0.0,2.0,2.0,27.3,1,1,1,1,2682,12059,1596,9917,12984,17370,24781,23710,670,132,1,11390,7786,7236,1.0,36:05,2015,2016
2015-16,2546,Carmelo Anthony,Carmelo,1610612752,NYK,New York Knicks,21500469,2015-12-29T00:00:00,NYK vs. DET,W,37.9,4.0,2.0,3.0,6.0,8.0,13.0,4.0,32.0,0.0,1.0,3.0,0.0,40.2,1,1,1,1,1557,2460,4731,3302,5299,13914,23668,8806,3535,8004,17214,17641,18762,2323,1.0,37:53,2015,2016
2015-16,203484,Kentavious Caldwell-Pope,Kentavious,1610612765,DET,Detroit Pistons,21500469,2015-12-29T00:00:00,DET @ NYK,L,38.5,0.0,0.0,0.0,2.0,10.0,12.0,11.0,42.0,0.0,0.0,1.0,2.0,20.7,1,13074,13074,13074,1281,12059,10158,9917,12984,17370,22832,21342,670,8004,1,4972,7786,11252,1.0,38:29,2015,2016
2015-16,1626166,Cameron Payne,Cameron,1610612760,OKC,Oklahoma City Thunder,21500472,2015-12-29T00:00:00,OKC vs. MIL,W,15.7,2.0,0.0,0.0,0.0,3.0,4.0,10.0,20.0,0.0,0.0,4.0,2.0,27.1,1,1,1,1,19241,6026,10158,9917,18861,5109,8458,20169,11929,8004,1,22104,7786,7339,1.0,15:44,2015,2016
2015-16,201596,Mario Chalmers,Mario,1610612763,MEM,Memphis Grizzlies,21500471,2015-12-29T00:00:00,MEM vs. MIA,W,22.8,2.0,5.0,0.0,4.0,2.0,10.0,0.0,12.0,0.0,0.0,4.0,3.0,27.0,1,1,1,1,13500,6026,995,9917,8599,2619,20509,1,18637,8004,1,22104,4736,7385,1.0,22:51,2015,2016
2015-16,201567,Kevin Love,Kevin,1610612739,CLE,Cleveland Cavaliers,21500473,2015-12-29T00:00:00,CLE @ DEN,W,36.3,0.0,2.0,2.0,8.0,7.0,10.0,7.0,34.0,0.0,2.0,2.0,1.0,31.3,1,1,1,1,2520,12059,4731,4675,3109,12242,20509,15538,2701,8004,23588,11390,12373,5258,1.0,36:20,2015,2016
2015-16,203914,Gary Harris,Gary,1610612743,DEN,Denver Nuggets,21500473,2015-12-29T00:00:00,DEN vs. CLE,L,32.6,3.0,0.0,6.0,6.0,15.0,6.0,10.0,34.0,0.0,0.0,2.0,3.0,27.4,1,13074,13074,13074,5459,4307,10158,740,5299,23079,13237,20169,2701,8004,1,11390,4736,7179,1.0,32:33,2015,2016
2015-16,201573,Jerryd Bayless,Jerryd,1610612749,MIL,Milwaukee Bucks,21500472,2015-12-29T00:00:00,MIL @ OKC,L,19.6,0.0,3.0,3.0,2.0,9.0,12.0,7.0,20.0,0.0,0.0,1.0,3.0,16.4,1,13074,13074,13074,16276,12059,3104,3302,12984,15771,22832,15538,11929,8004,1,4972,4736,14289,1.0,19:33,2015,2016
2015-16,202714,Shelvin Mack,Shelvin,1610612737,ATL,Atlanta Hawks,21500470,2015-12-29T00:00:00,ATL @ HOU,W,14.4,0.0,2.0,3.0,4.0,15.0,0.0,0.0,12.0,0.0,0.0,1.0,2.0,8.5,1,1,1,1,20147,12059,4731,3302,8599,23079,1,1,18637,8004,1,4972,7786,20215,1.0,14:26,2015,2016
2015-16,202702,Kenneth Faried,Kenneth,1610612743,DEN,Denver Nuggets,21500473,2015-12-29T00:00:00,DEN vs. CLE,L,27.9,0.0,3.0,0.0,8.0,15.0,6.0,12.0,30.0,0.0,0.0,3.0,2.0,21.6,1,13074,13074,13074,9306,12059,3104,9917,3109,23079,13237,22259,4541,8004,1,17641,7786,10666,1.0,27:54,2015,2016
2015-16,202389,Timofey Mozgov,Timofey,1610612739,CLE,Cleveland Cavaliers,21500473,2015-12-29T00:00:00,CLE @ DEN,W,15.3,2.0,0.0,0.0,2.0,7.0,2.0,5.0,14.0,0.0,0.0,4.0,1.0,7.8,1,1,1,1,19590,6026,10158,9917,12984,12242,3734,11593,17019,8004,1,22104,12373,20696,1.0,15:15,2015,2016
2015-16,202498,Lance Thomas,Lance,1610612752,NYK,New York Knicks,21500469,2015-12-29T00:00:00,NYK vs. DET,W,29.3,2.0,0.0,5.0,2.0,4.0,7.0,6.0,10.0,0.0,0.0,2.0,3.0,13.2,1,1,1,1,8097,6026,10158,1277,12984,6141,15642,13388,20209,8004,1,11390,4736,16768,1.0,29:20,2015,2016
2015-16,1626199,Darrun Hilliard,Darrun,1610612765,DET,Detroit Pistons,21500469,2015-12-29T00:00:00,DET @ NYK,L,2.6,0.0,0.0,0.0,0.0,1.0,0.0,0.0,0.0,0.0,0.0,0.0,0.0,2.0,1,13074,13074,13074,25286,12059,10158,9917,18861,2356,1,1,25429,8004,1,1,18762,24216,1.0,2:36,2015,2016
2015-16,202328,Greg Monroe,Greg,1610612749,MIL,Milwaukee Bucks,21500472,2015-12-29T00:00:00,MIL @ OKC,L,19.9,0.0,0.0,0.0,4.0,10.0,11.0,10.0,24.0,0.0,2.0,2.0,0.0,18.5,1,13074,13074,13074,16005,12059,10158,9917,8599,17370,21814,20169,8723,8004,23588,11390,18762,12794,1.0,19:53,2015,2016
2015-16,1626170,Jerian Grant,Jerian,1610612752,NYK,New York Knicks,21500469,2015-12-29T00:00:00,NYK vs. DET,W,6.7,0.0,0.0,0.0,0.0,0.0,0.0,2.0,2.0,0.0,1.0,1.0,0.0,2.9,1,1,1,1,23686,12059,10158,9917,18861,1,1,4025,24614,8004,17214,4972,18762,23852,1.0,6:41,2015,2016
2015-16,2210,Richard Jefferson,Richard,1610612739,CLE,Cleveland Cavaliers,21500473,2015-12-29T00:00:00,CLE @ DEN,W,12.6,0.0,0.0,0.0,0.0,5.0,0.0,7.0,16.0,1.0,0.0,1.0,0.0,3.0,1,1,1,1,21207,12059,10158,9917,18861,8403,1,15538,15259,2692,1,4972,18762,23648,1.0,12:36,2015,2016
2015-16,202700,Donatas Motiejunas,Donatas,1610612745,HOU,Houston Rockets,21500470,2015-12-29T00:00:00,HOU vs. ATL,L,27.4,6.0,0.0,0.0,0.0,21.0,6.0,10.0,36.0,1.0,0.0,2.0,2.0,21.4,1,13074,13074,13074,9659,878,10158,9917,18861,25535,13237,20169,1943,2692,1,11390,7786,10807,1.0,27:27,2015,2016
2015-16,201229,Anthony Tolliver,Anthony,1610612765,DET,Detroit Pistons,21500469,2015-12-29T00:00:00,DET @ NYK,L,11.8,0.0,3.0,0.0,0.0,4.0,4.0,6.0,14.0,1.0,0.0,1.0,1.0,12.4,1,13074,13074,13074,21671,12059,3104,9917,18861,6141,8458,13388,17019,2692,1,4972,12373,17418,1.0,11:50,2015,2016
2015-16,200797,Ryan Hollins,Ryan,1610612763,MEM,Memphis Grizzlies,21500471,2015-12-29T00:00:00,MEM vs. MIA,W,8.7,0.0,0.0,0.0,0.0,2.0,5.0,0.0,6.0,1.0,0.0,4.0,2.0,7.7,1,1,1,1,22967,12059,10158,9917,18861,2619,11469,1,22724,2692,1,22104,7786,20733,1.0,8:42,2015,2016
2015-16,1713,Vince Carter,Vince,1610612763,MEM,Memphis Grizzlies,21500471,2015-12-29T00:00:00,MEM vs. MIA,W,9.4,0.0,0.0,0.0,0.0,2.0,6.0,0.0,2.0,0.0,0.0,0.0,0.0,2.7,1,1,1,1,22670,12059,10158,9917,18861,2619,13237,1,24614,8004,1,1,18762,23884,1.0,9:24,2015,2016
2015-16,201943,Brandon Jennings,Brandon,1610612765,DET,Detroit Pistons,21500469,2015-12-29T00:00:00,DET @ NYK,L,16.7,0.0,0.0,2.0,2.0,5.0,8.0,4.0,12.0,0.0,0.0,1.0,3.0,13.2,1,13074,13074,13074,18473,12059,10158,4675,12984,8403,17345,8806,18637,8004,1,4972,4736,16768,1.0,16:44,2015,2016
2015-16,2736,Luol Deng,Luol,1610612748,MIA,Miami Heat,21500471,2015-12-29T00:00:00,MIA @ MEM,L,33.7,0.0,0.0,0.0,0.0,11.0,8.0,2.0,36.0,0.0,1.0,2.0,0.0,13.4,1,13074,13074,13074,4604,12059,10158,9917,18861,18886,17345,4025,1943,8004,17214,11390,18762,16614,1.0,33:42,2015,2016
2015-16,203145,Kent Bazemore,Kent,1610612737,ATL,Atlanta Hawks,21500470,2015-12-29T00:00:00,ATL @ HOU,W,34.7,4.0,0.0,2.0,4.0,20.0,9.0,10.0,34.0,0.0,0.0,4.0,5.0,37.6,1,1,1,1,3821,2460,10158,4675,8599,25338,19144,20169,2701,8004,1,22104,1539,3018,1.0,34:40,2015,2016
2015-16,202697,Iman Shumpert,Iman,1610612739,CLE,Cleveland Cavaliers,21500473,2015-12-29T00:00:00,CLE @ DEN,W,31.1,5.0,0.0,6.0,8.0,12.0,10.0,9.0,28.0,0.0,3.0,1.0,0.0,28.6,1,1,1,1,6656,1603,10158,740,3109,20178,20509,18829,5824,8004,25441,4972,18762,6560,1.0,31:04,2015,2016
2015-16,2216,Zach Randolph,Zach,1610612763,MEM,Memphis Grizzlies,21500471,2015-12-29T00:00:00,MEM vs. MIA,W,33.1,2.0,4.0,2.0,12.0,15.0,4.0,5.0,32.0,0.0,1.0,1.0,4.0,27.9,1,1,1,1,5014,6026,1596,4675,988,23079,8458,11593,3535,8004,17214,4972,2748,6914,1.0,33:08,2015,2016
2015-16,204020,Tyler Johnson,Tyler,1610612748,MIA,Miami Heat,21500471,2015-12-29T00:00:00,MIA @ MEM,L,30.5,5.0,0.0,0.0,0.0,11.0,13.0,0.0,30.0,0.0,0.0,2.0,1.0,22.3,1,13074,13074,13074,7070,1603,10158,9917,18861,18886,23668,1,4541,8004,1,11390,12373,10208,1.0,30:33,2015,2016
2015-16,201589,Darrell Arthur,Darrell,1610612743,DEN,Denver Nuggets,21500473,2015-12-29T00:00:00,DEN vs. CLE,L,20.1,2.0,2.0,0.0,4.0,11.0,3.0,4.0,14.0,2.0,0.0,1.0,0.0,17.6,1,13074,13074,13074,15834,6026,4731,9917,8599,18886,7138,8806,17019,932,1,4972,18762,13443,1.0,20:06,2015,2016
2015-16,2754,Tony Allen,Tony,1610612763,MEM,Memphis Grizzlies,21500471,2015-12-29T00:00:00,MEM vs. MIA,W,36.5,0.0,2.0,0.0,4.0,13.0,9.0,3.0,26.0,1.0,2.0,3.0,2.0,22.4,1,1,1,1,2424,12059,4731,9917,8599,21300,19144,7328,7214,2692,23588,17641,7786,10131,1.0,36:28,2015,2016
2015-16,2749,Jameer Nelson,Jameer,1610612743,DEN,Denver Nuggets,21500473,2015-12-29T00:00:00,DEN vs. CLE,L,23.9,0.0,0.0,0.0,0.0,11.0,6.0,8.0,30.0,1.0,1.0,2.0,1.0,21.8,1,13074,13074,13074,12696,12059,10158,9917,18861,18886,13237,17194,4541,2692,17214,11390,12373,10526,1.0,23:52,2015,2016
2015-16,2547,Chris Bosh,Chris,1610612748,MIA,Miami Heat,21500471,2015-12-29T00:00:00,MIA @ MEM,L,40.8,3.0,0.0,0.0,6.0,9.0,13.0,2.0,34.0,0.0,3.0,3.0,2.0,28.5,1,13074,13074,13074,523,4307,10158,9917,5299,15771,23668,4025,2701,8004,25441,17641,7786,6613,1.0,40:49,2015,2016
2015-16,202355,Hassan Whiteside,Hassan,1610612748,MIA,Miami Heat,21500471,2015-12-29T00:00:00,MIA @ MEM,L,36.8,0.0,3.0,0.0,4.0,10.0,11.0,2.0,30.0,5.0,0.0,6.0,2.0,31.7,1,13074,13074,13074,2188,12059,3104,9917,8599,17370,21814,4025,4541,59,1,25827,7786,5088,1.0,36:50,2015,2016
2015-16,203507,Giannis Antetokounmpo,Giannis,1610612749,MIL,Milwaukee Bucks,21500472,2015-12-29T00:00:00,MIL @ OKC,L,40.1,5.0,4.0,10.0,22.0,17.0,21.0,13.0,48.0,0.0,1.0,6.0,4.0,39.0,1,13074,13074,13074,701,1603,1596,118,25,24337,25962,23048,192,8004,17214,25827,2748,2642,1.0,40:07,2015,2016
2015-16,203991,Clint Capela,Clint,1610612745,HOU,Houston Rockets,21500470,2015-12-29T00:00:00,HOU vs. ATL,L,29.7,1.0,9.0,0.0,12.0,13.0,7.0,11.0,18.0,1.0,2.0,4.0,5.0,39.0,1,13074,13074,13074,7830,11535,77,9917,988,21300,15642,21342,13577,2692,23588,22104,1539,2642,1.0,29:40,2015,2016
2015-16,202683,Enes Freedom,Enes,1610612760,OKC,Oklahoma City Thunder,21500472,2015-12-29T00:00:00,OKC vs. MIL,W,21.9,4.0,8.0,2.0,18.0,3.0,7.0,10.0,30.0,0.0,1.0,2.0,3.0,39.1,1,1,1,1,14293,2460,137,4675,131,5109,15642,20169,4541,8004,17214,11390,4736,2616,1.0,21:51,2015,2016
2015-16,201167,Arron Afflalo,Arron,1610612752,NYK,New York Knicks,21500469,2015-12-29T00:00:00,NYK vs. DET,W,31.2,0.0,0.0,0.0,6.0,8.0,6.0,6.0,32.0,0.0,0.0,1.0,0.0,22.2,1,1,1,1,6527,12059,10158,9917,5299,13914,13237,13388,3535,8004,1,4972,18762,10263,1.0,31:14,2015,2016
2015-16,2548,Dwyane Wade,Dwyane,1610612748,MIA,Miami Heat,21500471,2015-12-29T00:00:00,MIA @ MEM,L,37.4,2.0,6.0,1.0,18.0,13.0,10.0,2.0,36.0,0.0,1.0,1.0,6.0,39.5,1,13074,13074,13074,1809,6026,481,9347,131,21300,20509,4025,1943,8004,17214,4972,873,2497,1.0,37:25,2015,2016
2015-16,203460,Andre Roberson,Andre,1610612760,OKC,Oklahoma City Thunder,21500472,2015-12-29T00:00:00,OKC vs. MIL,W,20.1,0.0,1.0,0.0,0.0,7.0,8.0,10.0,20.0,0.0,0.0,2.0,2.0,13.8,1,1,1,1,15832,12059,9709,9917,18861,12242,17345,20169,11929,8004,1,11390,7786,16311,1.0,20:07,2015,2016
2015-16,2772,Trevor Ariza,Trevor,1610612745,HOU,Houston Rockets,21500470,2015-12-29T00:00:00,HOU vs. ATL,L,35.5,2.0,0.0,4.0,4.0,31.0,11.0,16.0,46.0,1.0,3.0,2.0,0.0,13.7,1,13074,13074,13074,3179,6026,10158,1913,8599,26070,21814,24641,298,2692,25441,11390,18762,16393,1.0,35:28,2015,2016
2015-16,203083,Andre Drummond,Andre,1610612765,DET,Detroit Pistons,21500469,2015-12-29T00:00:00,DET @ NYK,L,36.1,2.0,4.0,0.0,10.0,8.0,12.0,8.0,36.0,1.0,5.0,3.0,6.0,27.8,1,13074,13074,13074,2697,6026,1596,9917,1840,13914,22832,17194,1943,2692,26042,17641,873,6950,1.0,36:04,2015,2016
2015-16,202681,Kyrie Irving,Kyrie,1610612739,CLE,Cleveland Cavaliers,21500466,2015-12-28T00:00:00,CLE @ PHX,W,24.2,11.0,2.0,4.0,8.0,3.0,5.0,6.0,22.0,0.0,1.0,0.0,4.0,28.2,1,1,1,1,12409,55,4731,1913,3109,5109,11469,13388,10265,8004,17214,1,2748,6778,1.0,24:10,2015,2016
2015-16,1626157,Karl-Anthony Towns,Karl-Anthony,1610612750,MIN,Minnesota Timberwolves,21500465,2015-12-28T00:00:00,MIN @ SAS,L,31.1,0.0,2.0,0.0,6.0,10.0,3.0,8.0,24.0,0.0,0.0,5.0,4.0,27.9,1,13074,13074,13074,6646,12059,4731,9917,5299,17370,7138,17194,8723,8004,1,24686,2748,6914,1.0,31:06,2015,2016
2015-16,2736,Luol Deng,Luol,1610612748,MIA,Miami Heat,21500462,2015-12-28T00:00:00,MIA vs. BKN,L,29.5,0.0,0.0,0.0,4.0,11.0,17.0,4.0,34.0,2.0,0.0,4.0,0.0,27.8,1,13074,13074,13074,8001,12059,10158,9917,8599,18886,25429,8806,2701,932,1,22104,18762,6950,1.0,29:28,2015,2016
2015-16,202688,Brandon Knight,Brandon,1610612756,PHX,Phoenix Suns,21500466,2015-12-28T00:00:00,PHX vs. CLE,L,37.6,0.0,0.0,0.0,6.0,20.0,9.0,5.0,22.0,0.0,1.0,4.0,3.0,27.6,1,13074,13074,13074,1715,12059,10158,9917,5299,25338,19144,11593,10265,8004,17214,22104,4736,7080,1.0,37:34,2015,2016
2015-16,200752,Rudy Gay,Rudy,1610612758,SAC,Sacramento Kings,21500468,2015-12-28T00:00:00,SAC @ GSW,L,31.6,7.0,0.0,7.0,2.0,12.0,7.0,21.0,26.0,1.0,0.0,0.0,2.0,33.1,1,13074,13074,13074,6238,548,10158,454,12984,20178,15642,25725,7214,2692,1,1,7786,4505,1.0,31:36,2015,2016
2015-16,202391,Jeremy Lin,Jeremy,1610612766,CHA,Charlotte Hornets,21500458,2015-12-28T00:00:00,CHA vs. LAL,W,34.6,0.0,3.0,1.0,6.0,8.0,6.0,15.0,36.0,2.0,1.0,2.0,4.0,32.2,1,1,1,1,3855,12059,3104,9347,5299,13914,13237,24242,1943,932,17214,11390,2748,4846,1.0,34:37,2015,2016
2015-16,202332,Cole Aldrich,Cole,1610612746,LAC,LA Clippers,21500461,2015-12-28T00:00:00,LAC @ WAS,W,19.9,0.0,0.0,0.0,6.0,3.0,8.0,8.0,20.0,1.0,1.0,3.0,5.0,38.7,1,1,1,1,15982,12059,10158,9917,5299,5109,17345,17194,11929,2692,17214,17641,1539,2717,1.0,19:55,2015,2016
2015-16,202695,Kawhi Leonard,Kawhi,1610612759,SAS,San Antonio Spurs,21500465,2015-12-28T00:00:00,SAS vs. MIN,W,37.4,2.0,0.0,3.0,6.0,12.0,7.0,6.0,36.0,0.0,0.0,5.0,6.0,37.7,1,1,1,1,1844,6026,10158,3302,5299,20178,15642,13388,1943,8004,1,24686,873,2990,1.0,37:23,2015,2016
2015-16,203506,Victor Oladipo,Victor,1610612753,ORL,Orlando Magic,21500460,2015-12-28T00:00:00,ORL vs. NOP,W,25.5,0.0,0.0,0.0,2.0,8.0,8.0,2.0,26.0,0.0,1.0,1.0,0.0,14.0,1,1,1,1,11293,12059,10158,9917,12984,13914,17345,4025,7214,8004,17214,4972,18762,16166,1.0,25:30,2015,2016
2015-16,202066,Garrett Temple,Garrett,1610612764,WAS,Washington Wizards,21500461,2015-12-28T00:00:00,WAS vs. LAC,L,39.2,1.0,0.0,3.0,2.0,12.0,7.0,7.0,30.0,0.0,0.0,4.0,3.0,13.6,1,13074,13074,13074,972,11535,10158,3302,12984,20178,15642,15538,4541,8004,1,22104,4736,16460,1.0,39:14,2015,2016
2015-16,203076,Anthony Davis,Anthony,1610612740,NOP,New Orleans Pelicans,21500460,2015-12-28T00:00:00,NOP @ ORL,L,28.1,4.0,4.0,2.0,8.0,7.0,2.0,0.0,36.0,1.0,0.0,1.0,5.0,38.1,1,13074,13074,13074,9126,2460,1596,4675,3109,12242,3734,1,1943,2692,1,4972,1539,2879,1.0,28:08,2015,2016
2015-16,203552,Seth Curry,Seth,1610612758,SAC,Sacramento Kings,21500468,2015-12-28T00:00:00,SAC @ GSW,L,20.2,0.0,0.0,0.0,0.0,7.0,7.0,19.0,20.0,0.0,0.0,0.0,3.0,16.9,1,13074,13074,13074,15778,12059,10158,9917,18861,12242,15642,25435,11929,8004,1,1,4736,13911,1.0,20:09,2015,2016
2015-16,203469,Cody Zeller,Cody,1610612766,CHA,Charlotte Hornets,21500458,2015-12-28T00:00:00,CHA vs. LAL,W,33.4,0.0,0.0,0.0,12.0,2.0,5.0,11.0,26.0,0.0,1.0,2.0,1.0,27.6,1,1,1,1,4811,12059,10158,9917,988,2619,11469,21342,7214,8004,17214,11390,12373,7080,1.0,33:24,2015,2016
2015-16,203526,Raul Neto,Raul,1610612762,UTA,Utah Jazz,21500467,2015-12-28T00:00:00,UTA vs. PHI,W,24.7,0.0,0.0,2.0,2.0,10.0,12.0,3.0,34.0,1.0,0.0,3.0,2.0,13.7,1,1,1,1,11892,12059,10158,4675,12984,17370,22832,7328,2701,2692,1,17641,7786,16393,1.0,24:45,2015,2016
2015-16,2037,Jamal Crawford,Jamal,1610612746,LAC,LA Clippers,21500461,2015-12-28T00:00:00,LAC @ WAS,W,27.1,7.0,0.0,2.0,2.0,13.0,15.0,10.0,22.0,0.0,0.0,1.0,1.0,22.0,1,1,1,1,9967,548,10158,4675,12984,21300,24781,20169,10265,8004,1,4972,12373,10388,1.0,27:03,2015,2016
2015-16,1717,Dirk Nowitzki,Dirk,1610612742,DAL,Dallas Mavericks,21500464,2015-12-28T00:00:00,DAL vs. MIL,W,28.6,0.0,2.0,0.0,2.0,0.0,8.0,7.0,24.0,1.0,0.0,0.0,3.0,22.8,1,1,1,1,8763,12059,4731,9917,12984,1,17345,15538,8723,2692,1,1,4736,9883,1.0,28:34,2015,2016
2015-16,201579,Roy Hibbert,Roy,1610612747,LAL,Los Angeles Lakers,21500458,2015-12-28T00:00:00,LAL @ CHA,L,28.9,0.0,0.0,0.0,8.0,11.0,8.0,9.0,26.0,3.0,0.0,2.0,0.0,28.6,1,13074,13074,13074,8434,12059,10158,9917,3109,18886,17345,18829,7214,347,1,11390,18762,6560,1.0,28:55,2015,2016
2015-16,101106,Andrew Bogut,Andrew,1610612744,GSW,Golden State Warriors,21500468,2015-12-28T00:00:00,GSW vs. SAC,W,14.4,0.0,0.0,0.0,4.0,5.0,0.0,2.0,12.0,2.0,0.0,3.0,1.0,22.0,1,1,1,1,20163,12059,10158,9917,8599,8403,1,4025,18637,932,1,17641,12373,10388,1.0,14:24,2015,2016
2015-16,201980,Danny Green,Danny,1610612759,SAS,San Antonio Spurs,21500465,2015-12-28T00:00:00,SAS vs. MIN,W,21.3,2.0,0.0,0.0,2.0,7.0,3.0,6.0,24.0,1.0,0.0,1.0,1.0,13.5,1,1,1,1,14781,6026,10158,9917,12984,12242,7138,13388,8723,2692,1,4972,12373,16552,1.0,21:18,2015,2016
2015-16,101162,Marcin Gortat,Marcin,1610612764,WAS,Washington Wizards,21500461,2015-12-28T00:00:00,WAS vs. LAC,L,34.2,0.0,2.0,0.0,8.0,12.0,5.0,7.0,30.0,0.0,0.0,2.0,1.0,33.2,1,13074,13074,13074,4190,12059,4731,9917,3109,20178,11469,15538,4541,8004,1,11390,12373,4462,1.0,34:12,2015,2016
2015-16,101133,Ian Mahinmi,Ian,1610612754,IND,Indiana Pacers,21500459,2015-12-28T00:00:00,IND vs. ATL,W,24.7,6.0,4.0,2.0,10.0,10.0,7.0,10.0,18.0,0.0,1.0,5.0,3.0,28.3,1,1,1,1,11937,878,1596,4675,1840,17370,15642,20169,13577,8004,17214,24686,4736,6720,1.0,24:41,2015,2016
2015-16,201961,Wayne Ellington,Wayne,1610612751,BKN,Brooklyn Nets,21500462,2015-12-28T00:00:00,BKN @ MIA,W,32.6,0.0,9.0,0.0,0.0,3.0,12.0,3.0,26.0,0.0,2.0,1.0,1.0,38.4,1,1,1,1,5456,12059,77,9917,18861,5109,22832,7328,7214,8004,23588,4972,12373,2802,1.0,32:33,2015,2016
2015-16,2210,Richard Jefferson,Richard,1610612739,CLE,Cleveland Cavaliers,21500466,2015-12-28T00:00:00,CLE @ PHX,W,19.0,0.0,0.0,0.0,0.0,11.0,11.0,0.0,12.0,4.0,0.0,1.0,1.0,22.2,1,1,1,1,16671,12059,10158,9917,18861,18886,21814,1,18637,132,1,4972,12373,10263,1.0,19:02,2015,2016
2015-16,101138,Brandon Bass,Brandon,1610612747,LAL,Los Angeles Lakers,21500458,2015-12-28T00:00:00,LAL @ CHA,L,20.8,0.0,0.0,0.0,10.0,6.0,4.0,14.0,30.0,0.0,0.0,2.0,1.0,22.1,1,13074,13074,13074,15206,12059,10158,9917,1840,10028,8458,23710,4541,8004,1,11390,12373,10332,1.0,20:49,2015,2016
2015-16,2733,Shaun Livingston,Shaun,1610612744,GSW,Golden State Warriors,21500468,2015-12-28T00:00:00,GSW vs. SAC,W,26.1,2.0,2.0,0.0,8.0,9.0,8.0,17.0,22.0,0.0,1.0,1.0,0.0,22.3,1,1,1,1,10772,6026,4731,9917,3109,15771,17345,24967,10265,8004,17214,4972,18762,10208,1.0,26:05,2015,2016
2015-16,203490,Otto Porter Jr.,Otto,1610612764,WAS,Washington Wizards,21500461,2015-12-28T00:00:00,WAS vs. LAC,L,32.8,1.0,6.0,3.0,8.0,12.0,5.0,6.0,24.0,0.0,0.0,3.0,2.0,38.6,1,13074,13074,13074,5286,11535,481,3302,3109,20178,11469,13388,8723,8004,1,17641,7786,2744,1.0,32:47,2015,2016
2015-16,101150,Lou Williams,Lou,1610612747,LAL,Los Angeles Lakers,21500458,2015-12-28T00:00:00,LAL @ CHA,L,37.5,2.0,0.0,2.0,4.0,15.0,2.0,17.0,40.0,0.0,0.0,2.0,2.0,28.3,1,13074,13074,13074,1730,6026,10158,4675,8599,23079,3734,24967,983,8004,1,11390,7786,6720,1.0,37:32,2015,2016
2015-16,203101,Miles Plumlee,Miles,1610612749,MIL,Milwaukee Bucks,21500464,2015-12-28T00:00:00,MIL @ DAL,L,15.1,0.0,2.0,0.0,6.0,4.0,6.0,6.0,24.0,2.0,0.0,0.0,1.0,22.5,1,13074,13074,13074,19661,12059,4731,9917,5299,6141,13237,13388,8723,932,1,1,12373,10082,1.0,15:08,2015,2016
2015-16,203187,Chris Johnson,Chris,1610612762,UTA,Utah Jazz,21500467,2015-12-28T00:00:00,UTA vs. PHI,W,15.9,3.0,0.0,3.0,2.0,10.0,8.0,0.0,18.0,0.0,0.0,0.0,1.0,17.3,1,1,1,1,19137,4307,10158,3302,12984,17370,17345,1,13577,8004,1,1,12373,13671,1.0,15:53,2015,2016
2015-16,2225,Tony Parker,Tony,1610612759,SAS,San Antonio Spurs,21500465,2015-12-28T00:00:00,SAS vs. MIN,W,31.0,4.0,0.0,3.0,4.0,9.0,5.0,8.0,34.0,1.0,0.0,1.0,7.0,28.3,1,1,1,1,6727,2460,10158,3302,8599,15771,11469,17194,2701,2692,1,4972,469,6720,1.0,30:59,2015,2016
2015-16,200757,Thabo Sefolosha,Thabo,1610612737,ATL,Atlanta Hawks,21500459,2015-12-28T00:00:00,ATL @ IND,L,27.7,2.0,4.0,2.0,12.0,16.0,11.0,4.0,38.0,0.0,0.0,0.0,2.0,31.9,1,13074,13074,13074,9469,6026,1596,4675,988,23774,21814,8806,1422,8004,1,1,7786,4984,1.0,27:41,2015,2016
2015-16,203897,Zach LaVine,Zach,1610612750,MIN,Minnesota Timberwolves,21500465,2015-12-28T00:00:00,MIN @ SAS,L,24.7,3.0,0.0,2.0,10.0,17.0,6.0,2.0,34.0,0.0,2.0,1.0,3.0,17.0,1,13074,13074,13074,11955,4307,10158,4675,1840,24337,13237,4025,2701,8004,23588,4972,4736,13855,1.0,24:41,2015,2016
2015-16,201959,Taj Gibson,Taj,1610612741,CHI,Chicago Bulls,21500463,2015-12-28T00:00:00,CHI vs. TOR,W,37.8,0.0,2.0,0.0,4.0,10.0,7.0,16.0,34.0,2.0,0.0,4.0,2.0,28.2,1,1,1,1,1579,12059,4731,9917,8599,17370,15642,24641,2701,932,1,22104,7786,6778,1.0,37:51,2015,2016
2015-16,203145,Kent Bazemore,Kent,1610612737,ATL,Atlanta Hawks,21500459,2015-12-28T00:00:00,ATL @ IND,L,31.7,0.0,0.0,3.0,0.0,17.0,12.0,4.0,34.0,2.0,0.0,1.0,2.0,31.8,1,13074,13074,13074,6130,12059,10158,3302,18861,24337,22832,8806,2701,932,1,4972,7786,5041,1.0,31:43,2015,2016
2015-16,101108,Chris Paul,Chris,1610612746,LAC,LA Clippers,21500461,2015-12-28T00:00:00,LAC @ WAS,W,27.5,2.0,0.0,2.0,10.0,14.0,6.0,6.0,14.0,0.0,1.0,1.0,2.0,37.5,1,1,1,1,9648,6026,10158,4675,1840,22292,13237,13388,17019,8004,17214,4972,7786,3050,1.0,27:27,2015,2016
2015-16,201936,Tyreke Evans,Tyreke,1610612740,NOP,New Orleans Pelicans,21500460,2015-12-28T00:00:00,NOP @ ORL,L,29.9,2.0,2.0,2.0,8.0,7.0,2.0,0.0,36.0,0.0,0.0,3.0,2.0,31.8,1,13074,13074,13074,7636,6026,4731,4675,3109,12242,3734,1,1943,8004,1,17641,7786,5041,1.0,29:53,2015,2016
2015-16,201601,Luc Mbah a Moute,Luc,1610612746,LAC,LA Clippers,21500461,2015-12-28T00:00:00,LAC @ WAS,W,18.7,0.0,0.0,0.0,0.0,5.0,4.0,6.0,14.0,1.0,0.0,2.0,0.0,13.4,1,1,1,1,16975,12059,10158,9917,18861,8403,8458,13388,17019,2692,1,11390,18762,16614,1.0,18:40,2015,2016
2015-16,101145,Monta Ellis,Monta,1610612754,IND,Indiana Pacers,21500459,2015-12-28T00:00:00,IND vs. ATL,W,36.3,2.0,2.0,2.0,12.0,10.0,11.0,10.0,34.0,1.0,0.0,0.0,3.0,38.6,1,1,1,1,2579,6026,4731,4675,988,17370,21814,20169,2701,2692,1,1,4736,2744,1.0,36:15,2015,2016
2015-16,203186,Willie Reed,Willie,1610612751,BKN,Brooklyn Nets,21500462,2015-12-28T00:00:00,BKN @ MIA,W,12.2,0.0,2.0,0.0,4.0,4.0,3.0,2.0,16.0,2.0,0.0,2.0,1.0,14.1,1,1,1,1,21416,12059,4731,9917,8599,6141,7138,4025,15259,932,1,11390,12373,16094,1.0,12:14,2015,2016
2015-16,203933,T.J. Warren,T.J.,1610612756,PHX,Phoenix Suns,21500466,2015-12-28T00:00:00,PHX vs. CLE,L,27.5,3.0,9.0,0.0,8.0,10.0,3.0,2.0,8.0,0.0,1.0,2.0,1.0,32.0,1,13074,13074,13074,9616,4307,77,9917,3109,17370,7138,4025,21543,8004,17214,11390,12373,4945,1.0,27:29,2015,2016
2015-16,1718,Paul Pierce,Paul,1610612746,LAC,LA Clippers,21500461,2015-12-28T00:00:00,LAC @ WAS,W,17.3,4.0,3.0,0.0,0.0,6.0,2.0,2.0,6.0,0.0,0.0,1.0,0.0,17.3,1,1,1,1,18024,2460,3104,9917,18861,10028,3734,4025,22724,8004,1,4972,18762,13671,1.0,17:20,2015,2016
2015-16,201587,Nicolas Batum,Nicolas,1610612766,CHA,Charlotte Hornets,21500458,2015-12-28T00:00:00,CHA vs. LAL,W,36.1,4.0,2.0,6.0,8.0,6.0,5.0,13.0,32.0,0.0,0.0,1.0,1.0,38.5,1,1,1,1,2658,2460,4731,740,3109,10028,11469,23048,3535,8004,1,4972,12373,2771,1.0,36:07,2015,2016
2015-16,201196,Ramon Sessions,Ramon,1610612764,WAS,Washington Wizards,21500461,2015-12-28T00:00:00,WAS vs. LAC,L,27.1,1.0,0.0,4.0,8.0,6.0,2.0,6.0,18.0,0.0,1.0,1.0,7.0,25.6,1,13074,13074,13074,9894,11535,10158,1913,3109,10028,3734,13388,13577,8004,17214,4972,469,8157,1.0,27:09,2015,2016
2015-16,204060,Joe Ingles,Joe,1610612762,UTA,Utah Jazz,21500467,2015-12-28T00:00:00,UTA vs. PHI,W,19.8,2.0,0.0,2.0,2.0,14.0,0.0,3.0,32.0,0.0,1.0,0.0,0.0,9.9,1,1,1,1,16094,6026,10158,4675,12984,22292,1,7328,3535,8004,17214,1,18762,19247,1.0,19:47,2015,2016
2015-16,203095,Evan Fournier,Evan,1610612753,ORL,Orlando Magic,21500460,2015-12-28T00:00:00,ORL vs. NOP,W,32.9,5.0,0.0,0.0,6.0,12.0,6.0,6.0,24.0,0.0,1.0,0.0,3.0,33.4,1,1,1,1,5218,1603,10158,9917,5299,20178,13237,13388,8723,8004,17214,1,4736,4384,1.0,32:53,2015,2016
2015-16,203546,Ian Clark,Ian,1610612744,GSW,Golden State Warriors,21500468,2015-12-28T00:00:00,GSW vs. SAC,W,22.1,5.0,0.0,4.0,6.0,3.0,8.0,15.0,14.0,1.0,0.0,2.0,0.0,25.8,1,1,1,1,14094,1603,10158,1913,5299,5109,17345,24242,17019,2692,1,11390,18762,8022,1.0,22:06,2015,2016
2015-16,203798,PJ Hairston,PJ,1610612766,CHA,Charlotte Hornets,21500458,2015-12-28T00:00:00,CHA vs. LAL,W,19.3,3.0,0.0,5.0,4.0,6.0,2.0,8.0,16.0,0.0,0.0,4.0,2.0,14.5,1,1,1,1,16469,4307,10158,1277,8599,10028,3734,17194,15259,8004,1,22104,7786,15799,1.0,19:17,2015,2016
2015-16,101109,Raymond Felton,Raymond,1610612742,DAL,Dallas Mavericks,21500464,2015-12-28T00:00:00,DAL vs. MIL,W,28.6,4.0,0.0,2.0,6.0,0.0,8.0,6.0,24.0,0.0,0.0,2.0,4.0,25.4,1,1,1,1,8713,2460,10158,4675,5299,1,17345,13388,8723,8004,1,11390,2748,8273,1.0,28:38,2015,2016
2015-16,204020,Tyler Johnson,Tyler,1610612748,MIA,Miami Heat,21500462,2015-12-28T00:00:00,MIA vs. BKN,L,17.7,0.0,0.0,0.0,2.0,0.0,10.0,0.0,6.0,1.0,1.0,3.0,0.0,14.3,1,13074,13074,13074,17752,12059,10158,9917,12984,1,20509,1,22724,2692,17214,17641,18762,15948,1.0,17:42,2015,2016
2015-16,101107,Marvin Williams,Marvin,1610612766,CHA,Charlotte Hornets,21500458,2015-12-28T00:00:00,CHA vs. LAL,W,27.7,2.0,0.0,0.0,2.0,2.0,5.0,4.0,20.0,0.0,0.0,1.0,1.0,19.7,1,1,1,1,9485,6026,10158,9917,12984,2619,11469,8806,11929,8004,1,4972,12373,11962,1.0,27:40,2015,2016
2015-16,203524,Solomon Hill,Solomon,1610612754,IND,Indiana Pacers,21500459,2015-12-28T00:00:00,IND vs. ATL,W,25.8,6.0,0.0,4.0,10.0,2.0,8.0,3.0,26.0,0.0,0.0,1.0,0.0,19.1,1,1,1,1,10977,878,10158,1913,1840,2619,17345,7328,7214,8004,1,4972,18762,12372,1.0,25:51,2015,2016
2015-16,1626246,Boban Marjanović,Boban,1610612759,SAS,San Antonio Spurs,21500465,2015-12-28T00:00:00,SAS vs. MIN,W,14.5,5.0,7.0,0.0,14.0,5.0,2.0,0.0,8.0,1.0,0.0,2.0,3.0,25.8,1,1,1,1,20082,1603,292,9917,542,8403,3734,1,21543,2692,1,11390,4736,8022,1.0,14:32,2015,2016
2015-16,203953,Jabari Parker,Jabari,1610612749,MIL,Milwaukee Bucks,21500464,2015-12-28T00:00:00,MIL @ DAL,L,18.4,0.0,2.0,2.0,4.0,13.0,7.0,4.0,16.0,0.0,1.0,1.0,1.0,9.8,1,13074,13074,13074,17220,12059,4731,4675,8599,21300,15642,8806,15259,8004,17214,4972,12373,19331,1.0,18:21,2015,2016
2015-16,203937,Kyle Anderson,Kyle,1610612759,SAS,San Antonio Spurs,21500465,2015-12-28T00:00:00,SAS vs. MIN,W,10.3,0.0,0.0,0.0,4.0,4.0,0.0,4.0,10.0,1.0,0.0,0.0,1.0,10.4,1,1,1,1,22333,12059,10158,9917,8599,6141,1,8806,20209,2692,1,1,12373,18859,1.0,10:15,2015,2016
2015-16,201988,Patty Mills,Patty,1610612759,SAS,San Antonio Spurs,21500465,2015-12-28T00:00:00,SAS vs. MIN,W,19.2,5.0,0.0,2.0,4.0,7.0,2.0,2.0,14.0,0.0,0.0,0.0,3.0,19.0,1,1,1,1,16540,1603,10158,4675,8599,12242,3734,4025,17019,8004,1,1,4736,12440,1.0,19:11,2015,2016
2015-16,203939,Dwight Powell,Dwight,1610612742,DAL,Dallas Mavericks,21500464,2015-12-28T00:00:00,DAL vs. MIL,W,15.5,2.0,2.0,4.0,6.0,0.0,4.0,3.0,10.0,0.0,0.0,1.0,4.0,14.9,1,1,1,1,19406,6026,4731,1913,5299,1,8458,7328,20209,8004,1,4972,2748,15463,1.0,15:30,2015,2016
2015-16,201152,Thaddeus Young,Thaddeus,1610612751,BKN,Brooklyn Nets,21500462,2015-12-28T00:00:00,BKN @ MIA,W,33.5,0.0,1.0,2.0,6.0,13.0,8.0,7.0,38.0,0.0,1.0,6.0,2.0,25.2,1,1,1,1,4769,12059,9709,4675,5299,21300,17345,15538,1422,8004,17214,25827,7786,8383,1.0,33:28,2015,2016
2015-16,202685,Jonas Valančiūnas,Jonas,1610612761,TOR,Toronto Raptors,21500463,2015-12-28T00:00:00,TOR @ CHI,L,20.9,0.0,2.0,0.0,6.0,9.0,9.0,2.0,14.0,2.0,1.0,2.0,1.0,19.3,1,13074,13074,13074,15123,12059,4731,9917,5299,15771,19144,4025,17019,932,17214,11390,12373,12228,1.0,20:55,2015,2016
2015-16,203085,Austin Rivers,Austin,1610612746,LAC,LA Clippers,21500461,2015-12-28T00:00:00,LAC @ WAS,W,18.6,1.0,0.0,1.0,2.0,4.0,11.0,3.0,16.0,0.0,0.0,1.0,2.0,10.0,1,1,1,1,17014,11535,10158,9347,12984,6141,21814,7328,15259,8004,1,4972,7786,19178,1.0,18:36,2015,2016
2015-16,202407,Elijah Millsap,Elijah,1610612762,UTA,Utah Jazz,21500467,2015-12-28T00:00:00,UTA vs. PHI,W,16.8,4.0,0.0,0.0,2.0,6.0,4.0,0.0,20.0,1.0,0.0,3.0,2.0,19.3,1,1,1,1,18410,2460,10158,9917,12984,10028,8458,1,11929,2692,1,17641,7786,12228,1.0,16:49,2015,2016
2015-16,201599,DeAndre Jordan,DeAndre,1610612746,LAC,LA Clippers,21500461,2015-12-28T00:00:00,LAC @ WAS,W,28.1,0.0,2.0,2.0,12.0,13.0,11.0,7.0,16.0,1.0,0.0,1.0,3.0,33.6,1,1,1,1,9167,12059,4731,4675,988,21300,21814,15538,15259,2692,1,4972,4736,4305,1.0,28:05,2015,2016
2015-16,202335,Patrick Patterson,Patrick,1610612761,TOR,Toronto Raptors,21500463,2015-12-28T00:00:00,TOR @ CHI,L,21.8,0.0,0.0,0.0,2.0,3.0,5.0,6.0,22.0,0.0,1.0,0.0,0.0,14.8,1,13074,13074,13074,14365,12059,10158,9917,12984,5109,11469,13388,10265,8004,17214,1,18762,15561,1.0,21:46,2015,2016
2015-16,201609,Goran Dragic,Goran,1610612748,MIA,Miami Heat,21500462,2015-12-28T00:00:00,MIA vs. BKN,L,34.3,4.0,0.0,4.0,6.0,11.0,20.0,2.0,36.0,0.0,0.0,3.0,1.0,23.1,1,13074,13074,13074,4122,2460,10158,1913,5299,18886,25875,4025,1943,8004,1,17641,12373,9699,1.0,34:16,2015,2016
2015-16,1626171,Bobby Portis,Bobby,1610612741,CHI,Chicago Bulls,21500463,2015-12-28T00:00:00,CHI vs. TOR,W,27.0,0.0,0.0,0.0,8.0,3.0,2.0,12.0,20.0,0.0,0.0,1.0,1.0,23.8,1,1,1,1,9996,12059,10158,9917,3109,5109,3734,22259,11929,8004,1,4972,12373,9261,1.0,27:01,2015,2016
2015-16,203477,Isaiah Canaan,Isaiah,1610612755,PHI,Philadelphia 76ers,21500467,2015-12-28T00:00:00,PHI @ UTA,L,17.4,1.0,2.0,0.0,2.0,12.0,7.0,6.0,20.0,0.0,0.0,2.0,5.0,10.3,1,13074,13074,13074,18001,11535,4731,9917,12984,20178,15642,13388,11929,8004,1,11390,1539,18965,1.0,17:22,2015,2016
2015-16,203112,Quincy Acy,Quincy,1610612758,SAC,Sacramento Kings,21500468,2015-12-28T00:00:00,SAC @ GSW,L,24.7,0.0,2.0,3.0,4.0,18.0,4.0,11.0,24.0,3.0,0.0,4.0,3.0,34.5,1,13074,13074,13074,11924,12059,4731,3302,8599,24749,8458,21342,8723,347,1,22104,4736,3997,1.0,24:42,2015,2016
2015-16,101179,Ronnie Price,Ronnie,1610612756,PHX,Phoenix Suns,21500466,2015-12-28T00:00:00,PHX vs. CLE,L,13.8,0.0,0.0,0.0,0.0,5.0,0.0,2.0,4.0,0.0,1.0,1.0,1.0,9.9,1,13074,13074,13074,20533,12059,10158,9917,18861,8403,1,4025,23698,8004,17214,4972,12373,19247,1.0,13:47,2015,2016
2015-16,202344,Trevor Booker,Trevor,1610612762,UTA,Utah Jazz,21500467,2015-12-28T00:00:00,UTA vs. PHI,W,27.2,0.0,0.0,0.0,0.0,10.0,15.0,3.0,42.0,2.0,2.0,3.0,3.0,23.8,1,1,1,1,9881,12059,10158,9917,18861,17370,24781,7328,670,932,23588,17641,4736,9261,1.0,27:09,2015,2016
2015-16,1938,Manu Ginobili,Manu,1610612759,SAS,San Antonio Spurs,21500465,2015-12-28T00:00:00,SAS vs. MIN,W,24.0,0.0,5.0,3.0,2.0,11.0,5.0,4.0,20.0,0.0,0.0,1.0,2.0,23.0,1,1,1,1,12549,12059,995,3302,12984,18886,11469,8806,11929,8004,1,4972,7786,9760,1.0,24:00,2015,2016
2015-16,203094,Andrew Nicholson,Andrew,1610612753,ORL,Orlando Magic,21500460,2015-12-28T00:00:00,ORL vs. NOP,W,20.6,0.0,0.0,0.0,10.0,12.0,4.0,6.0,26.0,0.0,1.0,2.0,3.0,23.5,1,1,1,1,15435,12059,10158,9917,1840,20178,8458,13388,7214,8004,17214,11390,4736,9452,1.0,20:33,2015,2016
2015-16,2747,JR Smith,JR,1610612739,CLE,Cleveland Cavaliers,21500466,2015-12-28T00:00:00,CLE @ PHX,W,30.3,3.0,3.0,0.0,0.0,8.0,3.0,10.0,28.0,0.0,0.0,1.0,2.0,23.1,1,1,1,1,7235,4307,3104,9917,18861,13914,7138,20169,5824,8004,1,4972,7786,9699,1.0,30:21,2015,2016
2015-16,101112,Channing Frye,Channing,1610612753,ORL,Orlando Magic,21500460,2015-12-28T00:00:00,ORL vs. NOP,W,23.4,0.0,0.0,0.0,0.0,2.0,6.0,2.0,14.0,1.0,0.0,2.0,1.0,23.1,1,1,1,1,13075,12059,10158,9917,18861,2619,13237,4025,17019,2692,1,11390,12373,9699,1.0,23:21,2015,2016
2015-16,203503,Tony Snell,Tony,1610612741,CHI,Chicago Bulls,21500463,2015-12-28T00:00:00,CHI vs. TOR,W,27.4,0.0,3.0,3.0,4.0,5.0,3.0,10.0,26.0,1.0,1.0,0.0,1.0,34.9,1,1,1,1,9674,12059,3104,3302,8599,8403,7138,20169,7214,2692,17214,1,12373,3845,1.0,27:26,2015,2016
2015-16,1626156,D'Angelo Russell,D'Angelo,1610612747,LAL,Los Angeles Lakers,21500458,2015-12-28T00:00:00,LAL @ CHA,L,23.4,0.0,0.0,2.0,4.0,6.0,8.0,16.0,30.0,0.0,0.0,0.0,1.0,19.4,1,13074,13074,13074,13018,12059,10158,4675,8599,10028,17345,24641,4541,8004,1,1,12373,12154,1.0,23:26,2015,2016
2015-16,101127,Jarrett Jack,Jarrett,1610612751,BKN,Brooklyn Nets,21500462,2015-12-28T00:00:00,BKN @ MIA,W,30.3,4.0,7.0,0.0,4.0,13.0,8.0,7.0,40.0,0.0,1.0,2.0,4.0,34.8,1,1,1,1,7257,2460,292,9917,8599,21300,17345,15538,983,8004,17214,11390,2748,3891,1.0,30:19,2015,2016
2015-16,202331,Paul George,Paul,1610612754,IND,Indiana Pacers,21500459,2015-12-28T00:00:00,IND vs. ATL,W,33.1,3.0,3.0,0.0,0.0,10.0,11.0,10.0,30.0,0.0,0.0,5.0,3.0,23.5,1,1,1,1,5044,4307,3104,9917,18861,17370,21814,20169,4541,8004,1,24686,4736,9452,1.0,33:06,2015,2016
2015-16,201939,Stephen Curry,Stephen,1610612744,GSW,Golden State Warriors,21500468,2015-12-28T00:00:00,GSW vs. SAC,W,30.4,0.0,3.0,12.0,2.0,18.0,2.0,22.0,24.0,0.0,0.0,3.0,6.0,58.8,1,1,1,1,7208,12059,3104,42,12984,24749,3734,25811,8723,8004,1,17641,873,243,1.0,30:22,2015,2016
2015-16,202083,Wesley Matthews,Wesley,1610612742,DAL,Dallas Mavericks,21500464,2015-12-28T00:00:00,DAL vs. MIL,W,32.4,4.0,3.0,0.0,2.0,0.0,10.0,7.0,30.0,0.0,0.0,2.0,3.0,28.8,1,1,1,1,5574,2460,3104,9917,12984,1,20509,15538,4541,8004,1,11390,4736,6465,1.0,32:25,2015,2016
2015-16,203952,Andrew Wiggins,Andrew,1610612750,MIN,Minnesota Timberwolves,21500465,2015-12-28T00:00:00,MIN @ SAS,L,37.4,7.0,2.0,2.0,12.0,13.0,10.0,11.0,36.0,0.0,0.0,3.0,6.0,29.7,1,13074,13074,13074,1858,548,4731,4675,988,21300,20509,21342,1943,8004,1,17641,873,6006,1.0,37:22,2015,2016
2015-16,200794,Paul Millsap,Paul,1610612737,ATL,Atlanta Hawks,21500459,2015-12-28T00:00:00,ATL @ IND,L,38.3,2.0,2.0,2.0,14.0,19.0,14.0,8.0,42.0,1.0,1.0,3.0,3.0,47.4,1,13074,13074,13074,1372,6026,4731,4675,542,25074,24300,17194,670,2692,17214,17641,4736,1024,1.0,38:18,2015,2016
2015-16,203949,James Michael McAdoo,James Michael,1610612744,GSW,Golden State Warriors,21500468,2015-12-28T00:00:00,GSW vs. SAC,W,16.8,1.0,0.0,3.0,6.0,3.0,8.0,9.0,12.0,3.0,1.0,0.0,2.0,24.7,1,1,1,1,18435,11535,10158,3302,5299,5109,17345,18829,18637,347,17214,1,7786,8673,1.0,16:47,2015,2016
2015-16,201583,Ryan Anderson,Ryan,1610612740,NOP,New Orleans Pelicans,21500460,2015-12-28T00:00:00,NOP @ ORL,L,22.6,0.0,0.0,0.0,0.0,6.0,0.0,0.0,26.0,0.0,0.0,0.0,0.0,11.6,1,13074,13074,13074,13679,12059,10158,9917,18861,10028,1,1,7214,8004,1,1,18762,17970,1.0,22:37,2015,2016
2015-16,201572,Brook Lopez,Brook,1610612751,BKN,Brooklyn Nets,21500462,2015-12-28T00:00:00,BKN @ MIA,W,35.2,2.0,4.0,0.0,20.0,11.0,12.0,7.0,30.0,1.0,1.0,4.0,6.0,47.4,1,1,1,1,3357,6026,1596,9917,59,18886,22832,15538,4541,2692,17214,22104,873,1024,1.0,35:14,2015,2016
2015-16,202330,Gordon Hayward,Gordon,1610612762,UTA,Utah Jazz,21500467,2015-12-28T00:00:00,UTA vs. PHI,W,37.4,4.0,4.0,4.0,6.0,14.0,15.0,3.0,38.0,1.0,1.0,1.0,9.0,45.2,1,1,1,1,1808,2460,1596,1913,5299,22292,24781,7328,1422,2692,17214,4972,138,1324,1.0,37:25,2015,2016
2015-16,202689,Kemba Walker,Kemba,1610612766,CHA,Charlotte Hornets,21500458,2015-12-28T00:00:00,CHA vs. LAL,W,42.1,4.0,5.0,9.0,16.0,6.0,8.0,11.0,36.0,2.0,2.0,1.0,4.0,65.7,1,1,1,1,299,2460,995,184,275,10028,17345,21342,1943,932,23588,4972,2748,86,1.0,42:06,2015,2016
2015-16,1626168,Trey Lyles,Trey,1610612762,UTA,Utah Jazz,21500467,2015-12-28T00:00:00,UTA vs. PHI,W,23.3,2.0,2.0,0.0,0.0,12.0,9.0,0.0,8.0,0.0,2.0,1.0,3.0,11.4,1,1,1,1,13108,6026,4731,9917,18861,20178,19144,1,21543,8004,23588,4972,4736,18134,1.0,23:19,2015,2016
2015-16,202708,Norris Cole,Norris,1610612740,NOP,New Orleans Pelicans,21500460,2015-12-28T00:00:00,NOP @ ORL,L,30.0,6.0,2.0,2.0,8.0,8.0,5.0,0.0,38.0,0.0,0.0,1.0,1.0,30.1,1,13074,13074,13074,7547,878,4731,4675,3109,13914,11469,1,1422,8004,1,4972,12373,5794,1.0,30:00,2015,2016
2015-16,2200,Pau Gasol,Pau,1610612741,CHI,Chicago Bulls,21500463,2015-12-28T00:00:00,CHI vs. TOR,W,30.0,0.0,4.0,0.0,8.0,9.0,9.0,14.0,32.0,3.0,0.0,2.0,6.0,44.9,1,1,1,1,7519,12059,1596,9917,3109,15771,19144,23710,3535,347,1,11390,873,1380,1.0,30:02,2015,2016
2015-16,201143,Al Horford,Al,1610612737,ATL,Atlanta Hawks,21500459,2015-12-28T00:00:00,ATL @ IND,L,30.8,2.0,4.0,0.0,8.0,17.0,7.0,10.0,30.0,1.0,0.0,1.0,1.0,24.0,1,13074,13074,13074,6881,6026,1596,9917,3109,24337,15642,20169,4541,2692,1,4972,12373,9121,1.0,30:49,2015,2016
2015-16,203481,Jeff Withey,Jeff,1610612762,UTA,Utah Jazz,21500467,2015-12-28T00:00:00,UTA vs. PHI,W,23.6,2.0,4.0,0.0,8.0,8.0,10.0,0.0,20.0,2.0,0.0,2.0,2.0,35.9,1,1,1,1,12870,6026,1596,9917,3109,13914,20509,1,11929,932,1,11390,7786,3505,1.0,23:38,2015,2016
2015-16,201588,George Hill,George,1610612754,IND,Indiana Pacers,21500459,2015-12-28T00:00:00,IND vs. ATL,W,34.7,3.0,3.0,0.0,2.0,10.0,11.0,9.0,26.0,1.0,2.0,1.0,3.0,24.4,1,1,1,1,3744,4307,3104,9917,12984,17370,21814,18829,7214,2692,23588,4972,4736,8867,1.0,34:44,2015,2016
2015-16,201950,Jrue Holiday,Jrue,1610612740,NOP,New Orleans Pelicans,21500460,2015-12-28T00:00:00,NOP @ ORL,L,25.8,2.0,0.0,0.0,4.0,6.0,0.0,0.0,28.0,1.0,0.0,0.0,2.0,24.4,1,13074,13074,13074,11011,6026,10158,9917,8599,10028,1,1,5824,2692,1,1,7786,8867,1.0,25:48,2015,2016
2015-16,201567,Kevin Love,Kevin,1610612739,CLE,Cleveland Cavaliers,21500466,2015-12-28T00:00:00,CLE @ PHX,W,25.1,0.0,3.0,0.0,6.0,5.0,5.0,8.0,24.0,0.0,0.0,4.0,2.0,29.4,1,1,1,1,11585,12059,3104,9917,5299,8403,11469,17194,8723,8004,1,22104,7786,6143,1.0,25:07,2015,2016
2015-16,202355,Hassan Whiteside,Hassan,1610612748,MIA,Miami Heat,21500462,2015-12-28T00:00:00,MIA vs. BKN,L,33.2,2.0,7.0,0.0,14.0,9.0,20.0,4.0,38.0,5.0,1.0,4.0,6.0,46.2,1,13074,13074,13074,4983,6026,292,9917,542,15771,25875,8806,1422,59,17214,22104,873,1175,1.0,33:11,2015,2016
2015-16,2548,Dwyane Wade,Dwyane,1610612748,MIA,Miami Heat,21500462,2015-12-28T00:00:00,MIA vs. BKN,L,30.3,5.0,0.0,5.0,14.0,11.0,17.0,4.0,36.0,0.0,0.0,4.0,7.0,35.4,1,13074,13074,13074,7257,1603,10158,1277,542,18886,25429,8806,1943,8004,1,22104,469,3684,1.0,30:19,2015,2016
2015-16,201573,Jerryd Bayless,Jerryd,1610612749,MIL,Milwaukee Bucks,21500464,2015-12-28T00:00:00,MIL @ DAL,L,26.8,0.0,0.0,0.0,4.0,13.0,4.0,12.0,28.0,0.0,0.0,4.0,1.0,29.9,1,13074,13074,13074,10204,12059,10158,9917,8599,21300,8458,22259,5824,8004,1,22104,12373,5884,1.0,26:47,2015,2016
2015-16,2547,Chris Bosh,Chris,1610612748,MIA,Miami Heat,21500462,2015-12-28T00:00:00,MIA vs. BKN,L,34.1,4.0,6.0,0.0,4.0,8.0,19.0,2.0,30.0,0.0,0.0,2.0,5.0,43.9,1,13074,13074,13074,4281,2460,481,9917,8599,13914,25786,4025,4541,8004,1,11390,1539,1573,1.0,34:05,2015,2016
2015-16,202328,Greg Monroe,Greg,1610612749,MIL,Milwaukee Bucks,21500464,2015-12-28T00:00:00,MIL @ DAL,L,32.9,0.0,4.0,0.0,6.0,22.0,5.0,13.0,22.0,2.0,0.0,2.0,2.0,29.2,1,13074,13074,13074,5236,12059,1596,9917,5299,25683,11469,23048,10265,932,1,11390,7786,6243,1.0,32:52,2015,2016
2015-16,2544,LeBron James,LeBron,1610612739,CLE,Cleveland Cavaliers,21500466,2015-12-28T00:00:00,CLE @ PHX,W,35.4,6.0,0.0,3.0,4.0,14.0,8.0,10.0,30.0,1.0,0.0,3.0,6.0,36.3,1,1,1,1,3237,878,10158,3302,8599,22292,17345,20169,4541,2692,1,17641,873,3380,1.0,35:23,2015,2016
2015-16,200768,Kyle Lowry,Kyle,1610612761,TOR,Toronto Raptors,21500463,2015-12-28T00:00:00,TOR @ CHI,L,40.1,0.0,1.0,10.0,10.0,6.0,8.0,9.0,28.0,0.0,2.0,0.0,6.0,54.7,1,13074,13074,13074,705,12059,9709,118,1840,10028,17345,18829,5824,8004,23588,1,873,406,1.0,40:06,2015,2016
2015-16,977,Kobe Bryant,Kobe,1610612747,LAL,Los Angeles Lakers,21500458,2015-12-28T00:00:00,LAL @ CHA,L,32.1,2.0,3.0,2.0,4.0,13.0,5.0,13.0,36.0,0.0,0.0,2.0,4.0,24.8,1,13074,13074,13074,5830,6026,3104,4675,8599,21300,11469,23048,1943,8004,1,11390,2748,8614,1.0,32:04,2015,2016
2015-16,2585,Zaza Pachulia,Zaza,1610612742,DAL,Dallas Mavericks,21500464,2015-12-28T00:00:00,DAL vs. MIL,W,35.8,2.0,2.0,2.0,8.0,0.0,10.0,7.0,30.0,0.0,2.0,2.0,4.0,35.6,1,1,1,1,2927,6026,4731,4675,3109,1,20509,15538,4541,8004,23588,11390,2748,3615,1.0,35:46,2015,2016
2015-16,201565,Derrick Rose,Derrick,1610612741,CHI,Chicago Bulls,21500463,2015-12-28T00:00:00,CHI vs. TOR,W,28.8,5.0,2.0,4.0,4.0,9.0,8.0,11.0,32.0,1.0,1.0,1.0,2.0,29.2,1,1,1,1,8534,1603,4731,1913,8599,15771,17345,21342,3535,2692,17214,4972,7786,6243,1.0,28:48,2015,2016
2015-16,203457,Nerlens Noel,Nerlens,1610612755,PHI,Philadelphia 76ers,21500467,2015-12-28T00:00:00,PHI @ UTA,L,30.2,2.0,6.0,0.0,12.0,14.0,9.0,6.0,20.0,5.0,0.0,1.0,2.0,43.7,1,13074,13074,13074,7315,6026,481,9917,988,22292,19144,13388,11929,59,1,4972,7786,1610,1.0,30:15,2015,2016
2015-16,202696,Nikola Vučević,Nikola,1610612753,ORL,Orlando Magic,21500460,2015-12-28T00:00:00,ORL vs. NOP,W,37.2,4.0,0.0,0.0,18.0,10.0,8.0,6.0,26.0,0.0,1.0,2.0,3.0,46.1,1,1,1,1,1959,2460,10158,9917,131,17370,17345,13388,7214,8004,17214,11390,4736,1185,1.0,37:13,2015,2016
2015-16,202322,John Wall,John,1610612764,WAS,Washington Wizards,21500461,2015-12-28T00:00:00,WAS vs. LAC,L,36.1,13.0,4.0,5.0,6.0,12.0,5.0,7.0,30.0,1.0,0.0,1.0,3.0,45.5,1,13074,13074,13074,2669,13,1596,1277,5299,20178,11469,15538,4541,2692,1,4972,4736,1278,1.0,36:06,2015,2016
2015-16,202357,Nemanja Bjelica,Nemanja,1610612750,MIN,Minnesota Timberwolves,21500465,2015-12-28T00:00:00,MIN @ SAS,L,4.6,0.0,0.0,0.0,0.0,5.0,0.0,0.0,6.0,0.0,0.0,0.0,0.0,1.5,1,13074,13074,13074,24509,12059,10158,9917,18861,8403,1,1,22724,8004,1,1,18762,24473,1.0,4:36,2015,2016
2015-16,202687,Bismack Biyombo,Bismack,1610612761,TOR,Toronto Raptors,21500463,2015-12-28T00:00:00,TOR @ CHI,L,18.5,0.0,0.0,0.0,0.0,0.0,2.0,7.0,20.0,0.0,1.0,4.0,1.0,10.8,1,13074,13074,13074,17124,12059,10158,9917,18861,1,3734,15538,11929,8004,17214,22104,12373,18579,1.0,18:27,2015,2016
2015-16,2550,Kirk Hinrich,Kirk,1610612741,CHI,Chicago Bulls,21500463,2015-12-28T00:00:00,CHI vs. TOR,W,9.5,0.0,0.0,0.0,0.0,1.0,0.0,0.0,6.0,0.0,0.0,0.0,0.0,1.5,1,1,1,1,22641,12059,10158,9917,18861,2356,1,1,22724,8004,1,1,18762,24473,1.0,9:28,2015,2016
2015-16,201962,Toney Douglas,Toney,1610612740,NOP,New Orleans Pelicans,21500460,2015-12-28T00:00:00,NOP @ ORL,L,2.0,0.0,0.0,0.0,0.0,0.0,5.0,0.0,4.0,0.0,0.0,0.0,0.0,6.0,1,13074,13074,13074,25506,12059,10158,9917,18861,1,11469,1,23698,8004,1,1,18762,21878,1.0,2:02,2015,2016
2015-16,1626145,Tyus Jones,Tyus,1610612750,MIN,Minnesota Timberwolves,21500465,2015-12-28T00:00:00,MIN @ SAS,L,11.4,0.0,0.0,0.0,0.0,9.0,2.0,0.0,14.0,0.0,0.0,2.0,0.0,2.0,1,13074,13074,13074,21860,12059,10158,9917,18861,15771,3734,1,17019,8004,1,11390,18762,24216,1.0,11:26,2015,2016
2015-16,2744,Al Jefferson,Al,1610612766,CHA,Charlotte Hornets,21500458,2015-12-28T00:00:00,CHA vs. LAL,W,14.6,0.0,0.0,0.0,2.0,8.0,3.0,6.0,18.0,0.0,0.0,1.0,1.0,5.8,1,1,1,1,20038,12059,10158,9917,12984,13914,7138,13388,13577,8004,1,4972,12373,22018,1.0,14:36,2015,2016
2015-16,101111,Charlie Villanueva,Charlie,1610612742,DAL,Dallas Mavericks,21500464,2015-12-28T00:00:00,DAL vs. MIL,W,6.9,2.0,2.0,0.0,2.0,0.0,0.0,0.0,8.0,0.0,1.0,1.0,0.0,10.6,1,1,1,1,23596,6026,4731,9917,12984,1,1,1,21543,8004,17214,4972,18762,18723,1.0,6:54,2015,2016
2015-16,203613,Jonathon Simmons,Jonathon,1610612759,SAS,San Antonio Spurs,21500465,2015-12-28T00:00:00,SAS vs. MIN,W,2.8,0.0,0.0,0.0,0.0,0.0,0.0,0.0,2.0,0.0,2.0,0.0,0.0,1.5,1,1,1,1,25189,12059,10158,9917,18861,1,1,1,24614,8004,23588,1,18762,24473,1.0,2:49,2015,2016
2015-16,2405,Amar'e Stoudemire,Amar'e,1610612748,MIA,Miami Heat,21500462,2015-12-28T00:00:00,MIA vs. BKN,L,14.0,0.0,2.0,0.0,2.0,0.0,7.0,0.0,4.0,0.0,1.0,2.0,2.0,11.1,1,13074,13074,13074,20389,12059,4731,9917,12984,1,15642,1,23698,8004,17214,11390,7786,18370,1.0,14:02,2015,2016
2015-16,203082,Terrence Ross,Terrence,1610612761,TOR,Toronto Raptors,21500463,2015-12-28T00:00:00,TOR @ CHI,L,30.0,2.0,2.0,0.0,2.0,5.0,7.0,6.0,30.0,1.0,0.0,2.0,0.0,11.4,1,13074,13074,13074,7525,6026,4731,9917,12984,8403,15642,13388,4541,2692,1,11390,18762,18134,1.0,30:01,2015,2016
2015-16,203463,Ben McLemore,Ben,1610612758,SAC,Sacramento Kings,21500468,2015-12-28T00:00:00,SAC @ GSW,L,21.0,0.0,0.0,2.0,2.0,7.0,5.0,15.0,18.0,0.0,1.0,3.0,2.0,5.6,1,13074,13074,13074,15021,12059,10158,4675,12984,12242,11469,24242,13577,8004,17214,17641,7786,22133,1.0,21:02,2015,2016
2015-16,201160,Jason Smith,Jason,1610612753,ORL,Orlando Magic,21500460,2015-12-28T00:00:00,ORL vs. NOP,W,12.8,0.0,0.0,0.0,0.0,6.0,4.0,0.0,18.0,0.0,0.0,3.0,0.0,10.9,1,1,1,1,21061,12059,10158,9917,18861,10028,8458,1,13577,8004,1,17641,18762,18498,1.0,12:51,2015,2016
2015-16,203906,Devyn Marble,Devyn,1610612753,ORL,Orlando Magic,21500460,2015-12-28T00:00:00,ORL vs. NOP,W,2.0,0.0,0.0,0.0,0.0,2.0,2.0,2.0,4.0,0.0,0.0,0.0,0.0,1.2,1,1,1,1,25506,12059,10158,9917,18861,2619,3734,4025,23698,8004,1,1,18762,24661,1.0,2:02,2015,2016
2015-16,203917,Nik Stauskas,Nik,1610612755,PHI,Philadelphia 76ers,21500467,2015-12-28T00:00:00,PHI @ UTA,L,25.4,0.0,0.0,0.0,0.0,8.0,6.0,6.0,8.0,1.0,1.0,1.0,0.0,6.4,1,13074,13074,13074,11383,12059,10158,9917,18861,13914,13237,13388,21543,2692,17214,4972,18762,21589,1.0,25:23,2015,2016
2015-16,202362,Lance Stephenson,Lance,1610612746,LAC,LA Clippers,21500461,2015-12-28T00:00:00,LAC @ WAS,W,3.9,0.0,0.0,0.0,0.0,1.0,2.0,6.0,6.0,0.0,0.0,0.0,0.0,1.5,1,1,1,1,24730,12059,10158,9917,18861,2356,3734,13388,22724,8004,1,1,18762,24473,1.0,3:56,2015,2016
2015-16,2734,Devin Harris,Devin,1610612742,DAL,Dallas Mavericks,21500464,2015-12-28T00:00:00,DAL vs. MIL,W,21.7,2.0,0.0,3.0,2.0,0.0,4.0,3.0,16.0,0.0,0.0,1.0,1.0,15.9,1,1,1,1,14445,6026,10158,3302,12984,1,8458,7328,15259,8004,1,4972,12373,14675,1.0,21:41,2015,2016
2015-16,201949,James Johnson,James,1610612761,TOR,Toronto Raptors,21500463,2015-12-28T00:00:00,TOR @ CHI,L,7.2,0.0,0.0,0.0,2.0,0.0,0.0,3.0,12.0,0.0,2.0,0.0,0.0,3.5,1,13074,13074,13074,23503,12059,10158,9917,12984,1,1,7328,18637,8004,23588,1,18762,23351,1.0,7:10,2015,2016
2015-16,200755,JJ Redick,JJ,1610612746,LAC,LA Clippers,21500461,2015-12-28T00:00:00,LAC @ WAS,W,24.4,0.0,0.0,0.0,2.0,8.0,4.0,2.0,10.0,0.0,0.0,0.0,2.0,13.2,1,1,1,1,12258,12059,10158,9917,12984,13914,8458,4025,20209,8004,1,1,7786,16768,1.0,24:22,2015,2016
2015-16,200745,Andrea Bargnani,Andrea,1610612751,BKN,Brooklyn Nets,21500462,2015-12-28T00:00:00,BKN @ MIA,W,5.6,0.0,0.0,0.0,0.0,0.0,2.0,0.0,6.0,0.0,0.0,1.0,0.0,0.0,1,1,1,1,24132,12059,10158,9917,18861,1,3734,1,22724,8004,1,4972,18762,25170,1.0,5:37,2015,2016
2015-16,202709,Cory Joseph,Cory,1610612761,TOR,Toronto Raptors,21500463,2015-12-28T00:00:00,TOR @ CHI,L,13.0,1.0,0.0,0.0,0.0,3.0,3.0,6.0,16.0,0.0,0.0,2.0,1.0,4.2,1,13074,13074,13074,20960,11535,10158,9917,18861,5109,7138,13388,15259,8004,1,11390,12373,22976,1.0,13:02,2015,2016
2015-16,201158,Marco Belinelli,Marco,1610612758,SAC,Sacramento Kings,21500468,2015-12-28T00:00:00,SAC @ GSW,L,21.8,0.0,0.0,0.0,2.0,7.0,2.0,10.0,22.0,0.0,1.0,0.0,3.0,4.9,1,13074,13074,13074,14331,12059,10158,9917,12984,12242,3734,20169,10265,8004,17214,1,4736,22621,1.0,21:48,2015,2016
2015-16,203934,Lamar Patterson,Lamar,1610612737,ATL,Atlanta Hawks,21500459,2015-12-28T00:00:00,ATL @ IND,L,10.7,0.0,0.0,0.0,2.0,8.0,0.0,8.0,14.0,0.0,0.0,2.0,1.0,7.2,1,13074,13074,13074,22166,12059,10158,9917,12984,13914,1,17194,17019,8004,1,11390,12373,21035,1.0,10:40,2015,2016
2015-16,203488,Mike Muscala,Mike,1610612737,ATL,Atlanta Hawks,21500459,2015-12-28T00:00:00,ATL @ IND,L,8.0,0.0,0.0,0.0,0.0,5.0,3.0,0.0,8.0,0.0,0.0,1.0,0.0,0.0,1,13074,13074,13074,23183,12059,10158,9917,18861,8403,7138,1,21543,8004,1,4972,18762,25170,1.0,8:00,2015,2016
2015-16,203471,Dennis Schröder,Dennis,1610612737,ATL,Atlanta Hawks,21500459,2015-12-28T00:00:00,ATL @ IND,L,11.7,0.0,2.0,0.0,2.0,11.0,2.0,10.0,14.0,0.0,0.0,1.0,0.0,4.7,1,13074,13074,13074,21713,12059,4731,9917,12984,18886,3734,20169,17019,8004,1,4972,18762,22672,1.0,11:44,2015,2016
2015-16,2592,James Jones,James,1610612739,CLE,Cleveland Cavaliers,21500466,2015-12-28T00:00:00,CLE @ PHX,W,12.9,0.0,0.0,0.0,0.0,7.0,6.0,2.0,10.0,0.0,0.0,2.0,0.0,9.1,1,1,1,1,21013,12059,10158,9917,18861,12242,13237,4025,20209,8004,1,11390,18762,19789,1.0,12:56,2015,2016
2015-16,203473,Dewayne Dedmon,Dewayne,1610612753,ORL,Orlando Magic,21500460,2015-12-28T00:00:00,ORL vs. NOP,W,2.0,0.0,0.0,0.0,0.0,2.0,2.0,2.0,4.0,0.0,0.0,1.0,0.0,0.0,1,1,1,1,25506,12059,10158,9917,18861,2619,3734,4025,23698,8004,1,4972,18762,25170,1.0,2:02,2015,2016
2015-16,1626173,Rashad Vaughn,Rashad,1610612749,MIL,Milwaukee Bucks,21500464,2015-12-28T00:00:00,MIL @ DAL,L,14.6,0.0,0.0,0.0,0.0,8.0,4.0,6.0,18.0,0.0,0.0,0.0,0.0,5.1,1,13074,13074,13074,20008,12059,10158,9917,18861,13914,8458,13388,13577,8004,1,1,18762,22478,1.0,14:38,2015,2016
2015-16,201600,Omer Asik,Omer,1610612740,NOP,New Orleans Pelicans,21500460,2015-12-28T00:00:00,NOP @ ORL,L,15.1,0.0,2.0,0.0,2.0,5.0,2.0,0.0,18.0,0.0,0.0,2.0,1.0,7.0,1,13074,13074,13074,19680,12059,4731,9917,12984,8403,3734,1,13577,8004,1,11390,12373,21188,1.0,15:07,2015,2016
2015-16,2757,Beno Udrih,Beno,1610612748,MIA,Miami Heat,21500462,2015-12-28T00:00:00,MIA vs. BKN,L,13.7,0.0,0.0,0.0,0.0,0.0,7.0,2.0,6.0,0.0,0.0,0.0,2.0,5.0,1,13074,13074,13074,20569,12059,10158,9917,18861,1,15642,4025,22724,8004,1,1,7786,22500,1.0,13:44,2015,2016
2015-16,1626209,Mario Hezonja,Mario,1610612753,ORL,Orlando Magic,21500460,2015-12-28T00:00:00,ORL vs. NOP,W,11.6,0.0,0.0,0.0,2.0,0.0,4.0,0.0,12.0,0.0,0.0,2.0,1.0,4.0,1,1,1,1,21775,12059,10158,9917,12984,1,8458,1,18637,8004,1,11390,12373,23142,1.0,11:36,2015,2016
2015-16,2570,Kendrick Perkins,Kendrick,1610612740,NOP,New Orleans Pelicans,21500460,2015-12-28T00:00:00,NOP @ ORL,L,15.4,0.0,2.0,0.0,4.0,8.0,0.0,0.0,16.0,0.0,0.0,2.0,0.0,9.3,1,13074,13074,13074,19454,12059,4731,9917,8599,13914,1,1,15259,8004,1,11390,18762,19656,1.0,15:26,2015,2016
2015-16,203118,Mike Scott,Mike,1610612737,ATL,Atlanta Hawks,21500459,2015-12-28T00:00:00,ATL @ IND,L,17.3,2.0,0.0,2.0,2.0,11.0,4.0,10.0,20.0,0.0,0.0,3.0,2.0,5.4,1,13074,13074,13074,18084,6026,10158,4675,12984,18886,8458,20169,11929,8004,1,17641,7786,22242,1.0,17:15,2015,2016
2015-16,201569,Eric Gordon,Eric,1610612740,NOP,New Orleans Pelicans,21500460,2015-12-28T00:00:00,NOP @ ORL,L,24.4,0.0,0.0,0.0,0.0,7.0,2.0,0.0,30.0,1.0,0.0,0.0,0.0,4.0,1,13074,13074,13074,12241,12059,10158,9917,18861,12242,3734,1,4541,2692,1,1,18762,23142,1.0,24:22,2015,2016
2015-16,203088,Kendall Marshall,Kendall,1610612755,PHI,Philadelphia 76ers,21500467,2015-12-28T00:00:00,PHI @ UTA,L,4.1,0.0,0.0,0.0,2.0,2.0,2.0,2.0,0.0,0.0,0.0,1.0,0.0,1.0,1,13074,13074,13074,24672,12059,10158,9917,12984,2619,3734,4025,25429,8004,1,4972,18762,24960,1.0,4:07,2015,2016
2015-16,203141,Mirza Teletovic,Mirza,1610612756,PHX,Phoenix Suns,21500466,2015-12-28T00:00:00,PHX vs. CLE,L,11.9,5.0,0.0,2.0,2.0,3.0,0.0,0.0,4.0,0.0,1.0,1.0,0.0,6.7,1,13074,13074,13074,21653,1603,10158,4675,12984,5109,1,1,23698,8004,17214,4972,18762,21376,1.0,11:52,2015,2016
2015-16,201171,Carl Landry,Carl,1610612755,PHI,Philadelphia 76ers,21500467,2015-12-28T00:00:00,PHI @ UTA,L,8.4,0.0,0.0,0.0,0.0,4.0,4.0,0.0,12.0,0.0,0.0,0.0,0.0,0.0,1,13074,13074,13074,23060,12059,10158,9917,18861,6141,8458,1,18637,8004,1,1,18762,25170,1.0,8:23,2015,2016
2015-16,201580,JaVale McGee,JaVale,1610612742,DAL,Dallas Mavericks,21500464,2015-12-28T00:00:00,DAL vs. MIL,W,8.9,2.0,0.0,2.0,4.0,0.0,2.0,3.0,8.0,0.0,0.0,0.0,0.0,8.8,1,1,1,1,22877,6026,10158,4675,8599,1,3734,7328,21543,8004,1,1,18762,19994,1.0,8:54,2015,2016
2015-16,201971,DeJuan Blair,DeJuan,1610612764,WAS,Washington Wizards,21500461,2015-12-28T00:00:00,WAS vs. LAC,L,3.9,0.0,0.0,0.0,0.0,0.0,0.0,0.0,2.0,1.0,0.0,1.0,0.0,4.4,1,13074,13074,13074,24730,12059,10158,9917,18861,1,1,1,24614,2692,1,4972,18762,22837,1.0,3:56,2015,2016
2015-16,202341,James Anderson,James,1610612758,SAC,Sacramento Kings,21500468,2015-12-28T00:00:00,SAC @ GSW,L,22.3,0.0,3.0,0.0,4.0,10.0,4.0,13.0,20.0,0.0,3.0,2.0,1.0,13.3,1,13074,13074,13074,13954,12059,3104,9917,8599,17370,8458,23048,11929,8004,25441,11390,12373,16712,1.0,22:15,2015,2016
2015-16,202087,Alonzo Gee,Alonzo,1610612740,NOP,New Orleans Pelicans,21500460,2015-12-28T00:00:00,NOP @ ORL,L,15.6,2.0,0.0,2.0,2.0,5.0,7.0,0.0,20.0,0.0,1.0,2.0,0.0,4.4,1,13074,13074,13074,19340,6026,10158,4675,12984,8403,15642,1,11929,8004,17214,11390,18762,22837,1.0,15:37,2015,2016
2015-16,202697,Iman Shumpert,Iman,1610612739,CLE,Cleveland Cavaliers,21500466,2015-12-28T00:00:00,CLE @ PHX,W,21.5,0.0,0.0,0.0,0.0,12.0,13.0,0.0,14.0,0.0,0.0,4.0,3.0,7.1,1,1,1,1,14624,12059,10158,9917,18861,20178,23668,1,17019,8004,1,22104,4736,21141,1.0,21:28,2015,2016
2015-16,203080,Thomas Robinson,Thomas,1610612751,BKN,Brooklyn Nets,21500462,2015-12-28T00:00:00,BKN @ MIA,W,8.7,0.0,2.0,0.0,4.0,2.0,5.0,2.0,4.0,0.0,0.0,1.0,2.0,8.6,1,1,1,1,22980,12059,4731,9917,8599,2619,11469,4025,23698,8004,1,4972,7786,20125,1.0,8:40,2015,2016
2015-16,2594,Kyle Korver,Kyle,1610612737,ATL,Atlanta Hawks,21500459,2015-12-28T00:00:00,ATL @ IND,L,28.7,0.0,0.0,0.0,0.0,13.0,5.0,12.0,24.0,2.0,0.0,1.0,1.0,9.4,1,13074,13074,13074,8640,12059,10158,9917,18861,21300,11469,22259,8723,932,1,4972,12373,19568,1.0,28:43,2015,2016
2015-16,201574,Jason Thompson,Jason,1610612744,GSW,Golden State Warriors,21500468,2015-12-28T00:00:00,GSW vs. SAC,W,8.2,0.0,2.0,0.0,2.0,3.0,5.0,5.0,8.0,0.0,0.0,4.0,2.0,8.9,1,1,1,1,23129,12059,4731,9917,12984,5109,11469,11593,21543,8004,1,22104,7786,19914,1.0,8:09,2015,2016
2015-16,201162,Jared Dudley,Jared,1610612764,WAS,Washington Wizards,21500461,2015-12-28T00:00:00,WAS vs. LAC,L,13.3,0.0,0.0,0.0,0.0,6.0,2.0,6.0,14.0,0.0,0.0,0.0,0.0,-1.0,1,13074,13074,13074,20838,12059,10158,9917,18861,10028,3734,13388,17019,8004,1,1,18762,25932,1.0,13:15,2015,2016
2015-16,2743,Kris Humphries,Kris,1610612764,WAS,Washington Wizards,21500461,2015-12-28T00:00:00,WAS vs. LAC,L,9.8,0.0,2.0,0.0,2.0,4.0,2.0,3.0,6.0,0.0,0.0,3.0,1.0,3.2,1,13074,13074,13074,22525,12059,4731,9917,12984,6141,3734,7328,22724,8004,1,17641,12373,23473,1.0,9:49,2015,2016
2015-16,203894,Shabazz Napier,Shabazz,1610612753,ORL,Orlando Magic,21500460,2015-12-28T00:00:00,ORL vs. NOP,W,2.0,0.0,0.0,0.0,0.0,2.0,2.0,2.0,4.0,0.0,1.0,0.0,0.0,-1.0,1,1,1,1,25506,12059,10158,9917,18861,2619,3734,4025,23698,8004,17214,1,18762,25932,1.0,2:02,2015,2016
2015-16,204067,Jarell Eddie,Jarell,1610612764,WAS,Washington Wizards,21500461,2015-12-28T00:00:00,WAS vs. LAC,L,18.3,0.0,3.0,0.0,0.0,8.0,2.0,3.0,12.0,1.0,0.0,1.0,1.0,20.9,1,13074,13074,13074,17271,12059,3104,9917,18861,13914,3734,7328,18637,2692,1,4972,12373,11132,1.0,18:18,2015,2016
2015-16,1626162,Kelly Oubre Jr.,Kelly,1610612764,WAS,Washington Wizards,21500461,2015-12-28T00:00:00,WAS vs. LAC,L,25.2,0.0,2.0,0.0,2.0,8.0,5.0,5.0,24.0,0.0,3.0,2.0,0.0,12.5,1,13074,13074,13074,11491,12059,4731,9917,12984,13914,11469,11593,8723,8004,25441,11390,18762,17372,1.0,25:15,2015,2016
2015-16,201575,Brandon Rush,Brandon,1610612744,GSW,Golden State Warriors,21500468,2015-12-28T00:00:00,GSW vs. SAC,W,13.3,0.0,0.0,3.0,0.0,5.0,3.0,4.0,14.0,1.0,0.0,6.0,0.0,13.1,1,1,1,1,20817,12059,10158,3302,18861,8403,7138,8806,17019,2692,1,25827,18762,16874,1.0,13:17,2015,2016
2015-16,201960,DeMarre Carroll,DeMarre,1610612761,TOR,Toronto Raptors,21500463,2015-12-28T00:00:00,TOR @ CHI,L,24.9,0.0,0.0,0.0,4.0,4.0,4.0,6.0,14.0,0.0,2.0,4.0,1.0,17.8,1,13074,13074,13074,11737,12059,10158,9917,8599,6141,8458,13388,17019,8004,23588,22104,12373,13309,1.0,24:55,2015,2016
2015-16,202325,Wesley Johnson,Wesley,1610612746,LAC,LA Clippers,21500461,2015-12-28T00:00:00,LAC @ WAS,W,30.7,0.0,2.0,3.0,2.0,10.0,17.0,13.0,30.0,0.0,0.0,4.0,2.0,17.8,1,1,1,1,6970,12059,4731,3302,12984,17370,25429,23048,4541,8004,1,22104,7786,13309,1.0,30:40,2015,2016
2015-16,201582,Alexis Ajinca,Alexis,1610612740,NOP,New Orleans Pelicans,21500460,2015-12-28T00:00:00,NOP @ ORL,L,12.7,0.0,0.0,0.0,4.0,0.0,5.0,0.0,16.0,2.0,0.0,2.0,3.0,16.6,1,13074,13074,13074,21153,12059,10158,9917,8599,1,11469,1,15259,932,1,11390,4736,14125,1.0,12:41,2015,2016
2015-16,201156,Nick Young,Nick,1610612747,LAL,Los Angeles Lakers,21500458,2015-12-28T00:00:00,LAL @ CHA,L,15.9,0.0,0.0,3.0,0.0,4.0,5.0,10.0,18.0,0.0,0.0,0.0,2.0,13.2,1,13074,13074,13074,19087,12059,10158,3302,18861,6141,11469,20169,13577,8004,1,1,7786,16768,1.0,15:56,2015,2016
2015-16,200826,J.J. Barea,J.J.,1610612742,DAL,Dallas Mavericks,21500464,2015-12-28T00:00:00,DAL vs. MIL,W,24.8,3.0,0.0,0.0,4.0,0.0,6.0,7.0,18.0,0.0,0.0,2.0,1.0,16.7,1,1,1,1,11840,4307,10158,9917,8599,1,13237,15538,13577,8004,1,11390,12373,14064,1.0,24:47,2015,2016
2015-16,200765,Rajon Rondo,Rajon,1610612758,SAC,Sacramento Kings,21500468,2015-12-28T00:00:00,SAC @ GSW,L,17.6,0.0,0.0,0.0,4.0,8.0,4.0,9.0,16.0,0.0,0.0,3.0,3.0,12.6,1,13074,13074,13074,17824,12059,10158,9917,8599,13914,8458,18829,15259,8004,1,17641,4736,17277,1.0,17:36,2015,2016
2015-16,2199,Tyson Chandler,Tyson,1610612756,PHX,Phoenix Suns,21500466,2015-12-28T00:00:00,PHX vs. CLE,L,22.0,2.0,2.0,0.0,2.0,12.0,3.0,3.0,8.0,0.0,1.0,1.0,7.0,16.6,1,13074,13074,13074,14164,6026,4731,9917,12984,20178,7138,7328,21543,8004,17214,4972,469,14125,1.0,22:00,2015,2016
2015-16,203901,Elfrid Payton,Elfrid,1610612753,ORL,Orlando Magic,21500460,2015-12-28T00:00:00,ORL vs. NOP,W,22.0,2.0,0.0,0.0,6.0,8.0,2.0,4.0,18.0,0.0,0.0,0.0,1.0,7.6,1,1,1,1,14221,6026,10158,9917,5299,13914,3734,8806,13577,8004,1,1,12373,20803,1.0,21:57,2015,2016
2015-16,2564,Boris Diaw,Boris,1610612759,SAS,San Antonio Spurs,21500465,2015-12-28T00:00:00,SAS vs. MIN,W,25.6,0.0,0.0,0.0,4.0,10.0,4.0,4.0,22.0,1.0,0.0,2.0,1.0,12.4,1,1,1,1,11189,12059,10158,9917,8599,17370,8458,8806,10265,2692,1,11390,12373,17418,1.0,25:38,2015,2016
2015-16,203476,Gorgui Dieng,Gorgui,1610612750,MIN,Minnesota Timberwolves,21500465,2015-12-28T00:00:00,MIN @ SAS,L,22.8,2.0,2.0,0.0,6.0,12.0,12.0,8.0,28.0,0.0,1.0,5.0,3.0,21.0,1,13074,13074,13074,13551,6026,4731,9917,5299,20178,22832,17194,5824,8004,17214,24686,4736,11077,1.0,22:46,2015,2016
2015-16,202711,Bojan Bogdanović,Bojan,1610612751,BKN,Brooklyn Nets,21500462,2015-12-28T00:00:00,BKN @ MIA,W,28.0,0.0,0.0,0.0,2.0,11.0,5.0,6.0,30.0,0.0,2.0,2.0,2.0,16.2,1,1,1,1,9201,12059,10158,9917,12984,18886,11469,13388,4541,8004,23588,11390,7786,14436,1.0,28:02,2015,2016
2015-16,203498,Shabazz Muhammad,Shabazz,1610612750,MIN,Minnesota Timberwolves,21500465,2015-12-28T00:00:00,MIN @ SAS,L,11.5,2.0,0.0,2.0,2.0,9.0,2.0,0.0,12.0,0.0,1.0,0.0,0.0,8.0,1,13074,13074,13074,21823,6026,10158,4675,12984,15771,3734,1,18637,8004,17214,1,18762,20564,1.0,11:31,2015,2016
2015-16,202684,Tristan Thompson,Tristan,1610612739,CLE,Cleveland Cavaliers,21500466,2015-12-28T00:00:00,CLE @ PHX,W,31.6,0.0,1.0,0.0,4.0,10.0,10.0,8.0,26.0,0.0,0.0,1.0,4.0,16.0,1,1,1,1,6238,12059,9709,9917,8599,17370,20509,17194,7214,8004,1,4972,2748,14590,1.0,31:36,2015,2016
2015-16,202730,Lavoy Allen,Lavoy,1610612754,IND,Indiana Pacers,21500459,2015-12-28T00:00:00,IND vs. ATL,W,20.2,0.0,2.0,0.0,2.0,8.0,2.0,7.0,14.0,0.0,1.0,3.0,0.0,8.2,1,1,1,1,15729,12059,4731,9917,12984,13914,3734,15538,17019,8004,17214,17641,18762,20416,1.0,20:12,2015,2016
2015-16,203114,Khris Middleton,Khris,1610612749,MIL,Milwaukee Bucks,21500464,2015-12-28T00:00:00,MIL @ DAL,L,35.6,0.0,0.0,2.0,4.0,20.0,7.0,13.0,28.0,0.0,0.0,5.0,3.0,18.7,1,13074,13074,13074,3089,12059,10158,4675,8599,25338,15642,23048,5824,8004,1,24686,4736,12648,1.0,35:34,2015,2016
2015-16,2419,Tayshaun Prince,Tayshaun,1610612750,MIN,Minnesota Timberwolves,21500465,2015-12-28T00:00:00,MIN @ SAS,L,29.9,0.0,0.0,2.0,2.0,9.0,6.0,11.0,22.0,2.0,0.0,3.0,0.0,18.4,1,13074,13074,13074,7599,12059,10158,4675,12984,15771,13237,21342,10265,932,1,17641,18762,12854,1.0,29:56,2015,2016
2015-16,203499,Shane Larkin,Shane,1610612751,BKN,Brooklyn Nets,21500462,2015-12-28T00:00:00,BKN @ MIA,W,18.6,2.0,2.0,2.0,2.0,3.0,8.0,2.0,12.0,0.0,1.0,2.0,2.0,21.1,1,1,1,1,17054,6026,4731,4675,12984,5109,17345,4025,18637,8004,17214,11390,7786,11012,1.0,18:33,2015,2016
2015-16,203105,Festus Ezeli,Festus,1610612744,GSW,Golden State Warriors,21500468,2015-12-28T00:00:00,GSW vs. SAC,W,11.7,2.0,0.0,2.0,4.0,9.0,2.0,14.0,6.0,0.0,0.0,0.0,1.0,7.9,1,1,1,1,21737,6026,10158,4675,8599,15771,3734,23710,22724,8004,1,1,12373,20646,1.0,11:40,2015,2016
2015-16,203143,Pablo Prigioni,Pablo,1610612746,LAC,LA Clippers,21500461,2015-12-28T00:00:00,LAC @ WAS,W,20.7,2.0,0.0,0.0,2.0,2.0,13.0,9.0,22.0,0.0,0.0,2.0,1.0,7.9,1,1,1,1,15290,6026,10158,9917,12984,2619,23668,18829,10265,8004,1,11390,12373,20646,1.0,20:44,2015,2016
2015-16,201978,Chase Budinger,Chase,1610612754,IND,Indiana Pacers,21500459,2015-12-28T00:00:00,IND vs. ATL,W,14.3,4.0,0.0,2.0,8.0,0.0,4.0,0.0,10.0,0.0,0.0,1.0,0.0,18.4,1,1,1,1,20215,2460,10158,4675,3109,1,8458,1,20209,8004,1,4972,18762,12854,1.0,14:19,2015,2016
2015-16,201155,Rodney Stuckey,Rodney,1610612754,IND,Indiana Pacers,21500459,2015-12-28T00:00:00,IND vs. ATL,W,25.2,0.0,0.0,4.0,2.0,0.0,8.0,1.0,24.0,0.0,1.0,2.0,1.0,16.5,1,1,1,1,11525,12059,10158,1913,12984,1,17345,3646,8723,8004,17214,11390,12373,14224,1.0,25:13,2015,2016
2015-16,1626163,Frank Kaminsky,Frank,1610612766,CHA,Charlotte Hornets,21500458,2015-12-28T00:00:00,CHA vs. LAL,W,20.3,2.0,0.0,0.0,2.0,8.0,3.0,13.0,24.0,2.0,0.0,2.0,2.0,18.3,1,1,1,1,15617,6026,10158,9917,12984,13914,7138,23048,8723,932,1,11390,7786,12952,1.0,20:20,2015,2016
2015-16,1626183,Branden Dawson,Branden,1610612746,LAC,LA Clippers,21500461,2015-12-28T00:00:00,LAC @ WAS,W,3.2,0.0,0.0,0.0,0.0,1.0,2.0,3.0,4.0,1.0,1.0,2.0,0.0,3.0,1,1,1,1,25050,12059,10158,9917,18861,2356,3734,7328,23698,2692,17214,11390,18762,23648,1.0,3:12,2015,2016
2015-16,203944,Julius Randle,Julius,1610612747,LAL,Los Angeles Lakers,21500458,2015-12-28T00:00:00,LAL @ CHA,L,19.1,6.0,3.0,6.0,6.0,6.0,2.0,14.0,28.0,0.0,2.0,2.0,1.0,18.2,1,13074,13074,13074,16628,878,3104,740,5299,10028,3734,23710,5824,8004,23588,11390,12373,13004,1.0,19:05,2015,2016
2015-16,203458,Alex Len,Alex,1610612756,PHX,Phoenix Suns,21500466,2015-12-28T00:00:00,PHX vs. CLE,L,24.1,2.0,3.0,0.0,2.0,11.0,6.0,4.0,18.0,0.0,1.0,4.0,2.0,12.9,1,13074,13074,13074,12470,6026,3104,9917,12984,18886,13237,8806,13577,8004,17214,22104,7786,17049,1.0,24:05,2015,2016
2015-16,202326,DeMarcus Cousins,DeMarcus,1610612758,SAC,Sacramento Kings,21500468,2015-12-28T00:00:00,SAC @ GSW,L,12.4,2.0,2.0,0.0,6.0,2.0,0.0,6.0,8.0,0.0,1.0,5.0,4.0,20.8,1,13074,13074,13074,21322,6026,4731,9917,5299,2619,1,13388,21543,8004,17214,24686,2748,11195,1.0,12:25,2015,2016
2015-16,201603,Sonny Weems,Sonny,1610612756,PHX,Phoenix Suns,21500466,2015-12-28T00:00:00,PHX vs. CLE,L,10.8,0.0,0.0,0.0,2.0,3.0,0.0,5.0,6.0,0.0,1.0,1.0,0.0,7.6,1,13074,13074,13074,22134,12059,10158,9917,12984,5109,1,11593,22724,8004,17214,4972,18762,20803,1.0,10:45,2015,2016
2015-16,201967,Dante Cunningham,Dante,1610612740,NOP,New Orleans Pelicans,21500460,2015-12-28T00:00:00,NOP @ ORL,L,18.3,0.0,0.0,0.0,4.0,6.0,5.0,0.0,22.0,0.0,0.0,2.0,0.0,7.6,1,13074,13074,13074,17251,12059,10158,9917,8599,10028,11469,1,10265,8004,1,11390,18762,20803,1.0,18:19,2015,2016
2015-16,202389,Timofey Mozgov,Timofey,1610612739,CLE,Cleveland Cavaliers,21500466,2015-12-28T00:00:00,CLE @ PHX,W,15.9,0.0,0.0,0.0,4.0,9.0,6.0,2.0,14.0,3.0,0.0,1.0,0.0,20.8,1,1,1,1,19087,12059,10158,9917,8599,15771,13237,4025,17019,347,1,4972,18762,11195,1.0,15:56,2015,2016
2015-16,203903,Jordan Clarkson,Jordan,1610612747,LAL,Los Angeles Lakers,21500458,2015-12-28T00:00:00,LAL @ CHA,L,35.0,0.0,0.0,0.0,2.0,13.0,10.0,13.0,38.0,1.0,4.0,4.0,3.0,30.2,1,13074,13074,13074,3509,12059,10158,9917,12984,21300,20509,23048,1422,2692,25926,22104,4736,5751,1.0,35:02,2015,2016
2015-16,201954,Darren Collison,Darren,1610612758,SAC,Sacramento Kings,21500468,2015-12-28T00:00:00,SAC @ GSW,L,33.3,3.0,0.0,4.0,4.0,22.0,7.0,23.0,30.0,0.0,0.0,0.0,1.0,40.7,1,13074,13074,13074,4899,4307,10158,1913,8599,25683,15642,25880,4541,8004,1,1,12373,2199,1.0,33:17,2015,2016
2015-16,203960,JaKarr Sampson,JaKarr,1610612755,PHI,Philadelphia 76ers,21500467,2015-12-28T00:00:00,PHI @ UTA,L,18.9,0.0,0.0,0.0,6.0,5.0,4.0,1.0,10.0,0.0,0.0,2.0,0.0,15.5,1,13074,13074,13074,16743,12059,10158,9917,5299,8403,8458,3646,20209,8004,1,11390,18762,15004,1.0,18:57,2015,2016
2015-16,202703,Nikola Mirotic,Nikola,1610612741,CHI,Chicago Bulls,21500463,2015-12-28T00:00:00,CHI vs. TOR,W,16.7,2.0,0.0,2.0,2.0,7.0,4.0,11.0,16.0,1.0,1.0,2.0,0.0,12.4,1,1,1,1,18488,6026,10158,4675,12984,12242,8458,21342,15259,2692,17214,11390,18762,17418,1.0,16:43,2015,2016
2015-16,201941,Jordan Hill,Jordan,1610612754,IND,Indiana Pacers,21500459,2015-12-28T00:00:00,IND vs. ATL,W,25.7,2.0,0.0,0.0,6.0,0.0,13.0,0.0,28.0,1.0,1.0,2.0,3.0,20.5,1,1,1,1,11153,6026,10158,9917,5299,1,23668,1,5824,2692,17214,11390,4736,11401,1.0,25:40,2015,2016
2015-16,203918,Rodney Hood,Rodney,1610612762,UTA,Utah Jazz,21500467,2015-12-28T00:00:00,UTA vs. PHI,W,27.3,0.0,5.0,0.0,2.0,14.0,11.0,3.0,26.0,0.0,2.0,4.0,4.0,20.3,1,1,1,1,9801,12059,995,9917,12984,22292,21814,7328,7214,8004,23588,22104,2748,11534,1.0,27:16,2015,2016
2015-16,201952,Jeff Teague,Jeff,1610612737,ATL,Atlanta Hawks,21500459,2015-12-28T00:00:00,ATL @ IND,L,35.1,2.0,3.0,1.0,2.0,13.0,12.0,4.0,36.0,0.0,2.0,3.0,8.0,27.0,1,13074,13074,13074,3459,6026,3104,9347,12984,21300,22832,8806,1943,8004,23588,17641,254,7385,1.0,35:07,2015,2016
2015-16,1626158,Richaun Holmes,Richaun,1610612755,PHI,Philadelphia 76ers,21500467,2015-12-28T00:00:00,PHI @ UTA,L,21.7,0.0,4.0,0.0,14.0,7.0,13.0,9.0,8.0,3.0,1.0,4.0,2.0,30.6,1,13074,13074,13074,14458,12059,1596,9917,542,12242,23668,18829,21543,347,17214,22104,7786,5574,1.0,21:40,2015,2016
2015-16,203521,Matthew Dellavedova,Matthew,1610612739,CLE,Cleveland Cavaliers,21500466,2015-12-28T00:00:00,CLE @ PHX,W,24.0,3.0,0.0,0.0,0.0,16.0,13.0,4.0,20.0,0.0,0.0,1.0,1.0,15.7,1,1,1,1,12536,4307,10158,9917,18861,23774,23668,8806,11929,8004,1,4972,12373,14841,1.0,24:01,2015,2016
2015-16,203087,Jeremy Lamb,Jeremy,1610612766,CHA,Charlotte Hornets,21500458,2015-12-28T00:00:00,CHA vs. LAL,W,11.9,2.0,0.0,2.0,2.0,4.0,3.0,4.0,12.0,0.0,0.0,2.0,1.0,11.9,1,1,1,1,21644,6026,10158,4675,12984,6141,7138,8806,18637,8004,1,11390,12373,17760,1.0,11:53,2015,2016
2015-16,201564,O.J. Mayo,O.J.,1610612749,MIL,Milwaukee Bucks,21500464,2015-12-28T00:00:00,MIL @ DAL,L,31.4,0.0,0.0,6.0,0.0,13.0,6.0,15.0,34.0,0.0,0.0,2.0,0.0,19.8,1,13074,13074,13074,6407,12059,10158,740,18861,21300,13237,24242,2701,8004,1,11390,18762,11883,1.0,31:22,2015,2016
2015-16,1626164,Devin Booker,Devin,1610612756,PHX,Phoenix Suns,21500466,2015-12-28T00:00:00,PHX vs. CLE,L,29.0,0.0,0.0,4.0,6.0,17.0,8.0,2.0,20.0,0.0,0.0,2.0,1.0,15.1,1,13074,13074,13074,8355,12059,10158,1913,5299,24337,17345,4025,11929,8004,1,11390,12373,15328,1.0,29:01,2015,2016
2015-16,708,Kevin Garnett,Kevin,1610612750,MIN,Minnesota Timberwolves,21500465,2015-12-28T00:00:00,MIN @ SAS,L,15.6,0.0,0.0,0.0,4.0,4.0,0.0,1.0,10.0,0.0,0.0,2.0,0.0,15.6,1,13074,13074,13074,19356,12059,10158,9917,8599,6141,1,3646,20209,8004,1,11390,18762,14916,1.0,15:35,2015,2016
2015-16,2449,Luis Scola,Luis,1610612761,TOR,Toronto Raptors,21500463,2015-12-28T00:00:00,TOR @ CHI,L,27.9,2.0,2.0,4.0,8.0,6.0,6.0,9.0,20.0,2.0,0.0,4.0,1.0,30.6,1,13074,13074,13074,9328,6026,4731,1913,3109,10028,13237,18829,11929,932,1,22104,12373,5574,1.0,27:52,2015,2016
2015-16,201956,Omri Casspi,Omri,1610612758,SAC,Sacramento Kings,21500468,2015-12-28T00:00:00,SAC @ GSW,L,35.2,9.0,3.0,15.0,8.0,17.0,5.0,23.0,26.0,0.0,2.0,4.0,3.0,40.7,1,13074,13074,13074,3413,171,3104,9,3109,24337,11469,25880,7214,8004,23588,22104,4736,2199,1.0,35:10,2015,2016
2015-16,203110,Draymond Green,Draymond,1610612744,GSW,Golden State Warriors,21500468,2015-12-28T00:00:00,GSW vs. SAC,W,31.2,2.0,2.0,2.0,4.0,18.0,2.0,22.0,24.0,0.0,1.0,2.0,4.0,40.6,1,1,1,1,6536,6026,4731,4675,8599,24749,3734,25811,8723,8004,17214,11390,2748,2230,1.0,31:13,2015,2016
2015-16,2207,Joe Johnson,Joe,1610612751,BKN,Brooklyn Nets,21500462,2015-12-28T00:00:00,BKN @ MIA,W,35.3,3.0,0.0,0.0,0.0,15.0,12.0,9.0,38.0,0.0,0.0,3.0,3.0,15.2,1,1,1,1,3308,4307,10158,9917,18861,23079,22832,18829,1422,8004,1,17641,4736,15219,1.0,35:19,2015,2016
2015-16,203507,Giannis Antetokounmpo,Giannis,1610612749,MIL,Milwaukee Bucks,21500464,2015-12-28T00:00:00,MIL @ DAL,L,28.1,0.0,4.0,0.0,6.0,18.0,5.0,11.0,20.0,1.0,0.0,5.0,3.0,27.3,1,13074,13074,13074,9126,12059,1596,9917,5299,24749,11469,21342,11929,2692,1,24686,4736,7236,1.0,28:08,2015,2016
2015-16,203932,Aaron Gordon,Aaron,1610612753,ORL,Orlando Magic,21500460,2015-12-28T00:00:00,ORL vs. NOP,W,10.6,0.0,5.0,0.0,6.0,8.0,4.0,4.0,16.0,0.0,0.0,0.0,1.0,11.8,1,1,1,1,22199,12059,995,9917,5299,13914,8458,8806,15259,8004,1,1,12373,17832,1.0,10:35,2015,2016
2015-16,202397,Ish Smith,Ish,1610612755,PHI,Philadelphia 76ers,21500467,2015-12-28T00:00:00,PHI @ UTA,L,32.1,14.0,5.0,3.0,10.0,12.0,13.0,8.0,22.0,0.0,3.0,2.0,3.0,42.1,1,13074,13074,13074,5771,6,995,3302,1840,20178,23668,17194,10265,8004,25441,11390,4736,1910,1.0,32:08,2015,2016
2015-16,1626204,Larry Nance Jr.,Larry,1610612747,LAL,Los Angeles Lakers,21500458,2015-12-28T00:00:00,LAL @ CHA,L,27.2,0.0,2.0,2.0,6.0,11.0,6.0,9.0,24.0,0.0,0.0,3.0,2.0,20.4,1,13074,13074,13074,9862,12059,4731,4675,5299,18886,13237,18829,8723,8004,1,17641,7786,11453,1.0,27:11,2015,2016
2015-16,201166,Aaron Brooks,Aaron,1610612741,CHI,Chicago Bulls,21500463,2015-12-28T00:00:00,CHI vs. TOR,W,26.9,0.0,0.0,3.0,8.0,5.0,3.0,12.0,26.0,0.0,2.0,3.0,5.0,27.1,1,1,1,1,10065,12059,10158,3302,3109,8403,7138,22259,7214,8004,23588,17641,1539,7339,1.0,26:56,2015,2016
2015-16,202720,Jon Leuer,Jon,1610612756,PHX,Phoenix Suns,21500466,2015-12-28T00:00:00,PHX vs. CLE,L,25.2,5.0,0.0,0.0,4.0,13.0,7.0,5.0,18.0,1.0,0.0,4.0,2.0,31.2,1,13074,13074,13074,11557,1603,10158,9917,8599,21300,15642,11593,13577,2692,1,22104,7786,5304,1.0,25:09,2015,2016
2015-16,203924,Jerami Grant,Jerami,1610612755,PHI,Philadelphia 76ers,21500467,2015-12-28T00:00:00,PHI @ UTA,L,10.5,3.0,0.0,0.0,2.0,5.0,5.0,5.0,4.0,0.0,0.0,5.0,1.0,12.1,1,13074,13074,13074,22228,4307,10158,9917,12984,8403,11469,11593,23698,8004,1,24686,12373,17639,1.0,10:30,2015,2016
2015-16,101123,Gerald Green,Gerald,1610612748,MIA,Miami Heat,21500462,2015-12-28T00:00:00,MIA vs. BKN,L,33.2,0.0,0.0,0.0,2.0,5.0,18.0,2.0,20.0,0.0,0.0,1.0,1.0,15.6,1,13074,13074,13074,4957,12059,10158,9917,12984,8403,25634,4025,11929,8004,1,4972,12373,14916,1.0,33:13,2015,2016
2015-16,200782,P.J. Tucker,P.J.,1610612756,PHX,Phoenix Suns,21500466,2015-12-28T00:00:00,PHX vs. CLE,L,38.3,2.0,2.0,4.0,8.0,21.0,9.0,7.0,22.0,0.0,1.0,3.0,1.0,31.2,1,13074,13074,13074,1372,6026,4731,1913,3109,25535,19144,15538,10265,8004,17214,17641,12373,5304,1.0,38:18,2015,2016
2015-16,201942,DeMar DeRozan,DeMar,1610612761,TOR,Toronto Raptors,21500463,2015-12-28T00:00:00,TOR @ CHI,L,35.8,7.0,2.0,7.0,12.0,9.0,11.0,6.0,24.0,0.0,1.0,1.0,4.0,42.6,1,13074,13074,13074,2919,548,4731,454,988,15771,21814,13388,8723,8004,17214,4972,2748,1822,1.0,35:46,2015,2016
2015-16,204456,T.J. McConnell,T.J.,1610612755,PHI,Philadelphia 76ers,21500467,2015-12-28T00:00:00,PHI @ UTA,L,11.8,0.0,0.0,0.0,0.0,5.0,2.0,1.0,2.0,0.0,2.0,0.0,1.0,12.4,1,13074,13074,13074,21701,12059,10158,9917,18861,8403,3734,3646,24614,8004,23588,1,12373,17418,1.0,11:45,2015,2016
2015-16,202718,Chandler Parsons,Chandler,1610612742,DAL,Dallas Mavericks,21500464,2015-12-28T00:00:00,DAL vs. MIL,W,36.9,5.0,0.0,6.0,10.0,0.0,8.0,7.0,32.0,1.0,2.0,4.0,2.0,30.8,1,1,1,1,2177,1603,10158,740,1840,1,17345,15538,3535,2692,23588,22104,7786,5493,1.0,36:51,2015,2016
2015-16,202699,Tobias Harris,Tobias,1610612753,ORL,Orlando Magic,21500460,2015-12-28T00:00:00,ORL vs. NOP,W,37.4,2.0,2.0,0.0,8.0,8.0,8.0,4.0,28.0,0.0,0.0,1.0,2.0,30.8,1,1,1,1,1819,6026,4731,9917,3109,13914,17345,8806,5824,8004,1,4972,7786,5493,1.0,37:25,2015,2016
2015-16,203940,Adreian Payne,Adreian,1610612750,MIN,Minnesota Timberwolves,21500465,2015-12-28T00:00:00,MIN @ SAS,L,14.5,0.0,0.0,0.0,2.0,9.0,9.0,3.0,20.0,2.0,0.0,3.0,0.0,20.2,1,13074,13074,13074,20126,12059,10158,9917,12984,15771,19144,7328,11929,932,1,17641,18762,11610,1.0,14:28,2015,2016
2015-16,202710,Jimmy Butler III,Jimmy,1610612741,CHI,Chicago Bulls,21500463,2015-12-28T00:00:00,CHI vs. TOR,W,35.8,2.0,0.0,0.0,2.0,11.0,9.0,19.0,38.0,2.0,0.0,2.0,2.0,27.3,1,1,1,1,2928,6026,10158,9917,12984,18886,19144,25435,1422,932,1,11390,7786,7236,1.0,35:46,2015,2016
2015-16,203487,Michael Carter-Williams,Michael,1610612749,MIL,Milwaukee Bucks,21500464,2015-12-28T00:00:00,MIL @ DAL,L,21.2,0.0,0.0,0.0,8.0,13.0,7.0,7.0,18.0,0.0,0.0,1.0,3.0,12.0,1,13074,13074,13074,14862,12059,10158,9917,3109,21300,15642,15538,13577,8004,1,4972,4736,17703,1.0,21:13,2015,2016
2015-16,2738,Andre Iguodala,Andre,1610612744,GSW,Golden State Warriors,21500468,2015-12-28T00:00:00,GSW vs. SAC,W,29.0,0.0,0.0,0.0,0.0,13.0,5.0,24.0,14.0,0.0,0.0,1.0,1.0,20.2,1,1,1,1,8400,12059,10158,9917,18861,21300,11469,25937,17019,8004,1,4972,12373,11610,1.0,28:58,2015,2016
2015-16,203948,Johnny O'Bryant III,Johnny,1610612749,MIL,Milwaukee Bucks,21500464,2015-12-28T00:00:00,MIL @ DAL,L,16.0,0.0,0.0,0.0,2.0,6.0,4.0,8.0,22.0,0.0,1.0,2.0,1.0,12.1,1,13074,13074,13074,19075,12059,10158,9917,12984,10028,8458,17194,10265,8004,17214,11390,12373,17639,1.0,15:57,2015,2016
2015-16,201937,Ricky Rubio,Ricky,1610612750,MIN,Minnesota Timberwolves,21500465,2015-12-28T00:00:00,MIN @ SAS,L,36.6,2.0,1.0,2.0,2.0,13.0,10.0,11.0,34.0,0.0,1.0,5.0,2.0,42.6,1,13074,13074,13074,2356,6026,9709,4675,12984,21300,20509,21342,2701,8004,17214,24686,7786,1822,1.0,36:34,2015,2016
2015-16,202691,Klay Thompson,Klay,1610612744,GSW,Golden State Warriors,21500468,2015-12-28T00:00:00,GSW vs. SAC,W,37.0,10.0,0.0,4.0,6.0,19.0,7.0,21.0,30.0,1.0,1.0,3.0,4.0,40.0,1,1,1,1,2089,99,10158,1913,5299,25074,15642,25725,4541,2692,17214,17641,2748,2364,1.0,36:59,2015,2016
2015-16,203138,Hollis Thompson,Hollis,1610612755,PHI,Philadelphia 76ers,21500467,2015-12-28T00:00:00,PHI @ UTA,L,33.3,0.0,0.0,0.0,0.0,13.0,14.0,9.0,8.0,0.0,0.0,6.0,3.0,12.3,1,13074,13074,13074,4878,12059,10158,9917,18861,21300,24300,18829,21543,8004,1,25827,4736,17524,1.0,33:19,2015,2016
2015-16,203504,Trey Burke,Trey,1610612762,UTA,Utah Jazz,21500467,2015-12-28T00:00:00,UTA vs. PHI,W,24.0,2.0,2.0,0.0,0.0,12.0,11.0,0.0,22.0,2.0,1.0,1.0,1.0,26.3,1,1,1,1,12583,6026,4731,9917,18861,20178,21814,1,10265,932,17214,4972,12373,7733,1.0,23:59,2015,2016
2015-16,2561,David West,David,1610612759,SAS,San Antonio Spurs,21500465,2015-12-28T00:00:00,SAS vs. MIN,W,26.9,2.0,0.0,0.0,4.0,7.0,4.0,6.0,28.0,0.0,1.0,1.0,4.0,12.4,1,1,1,1,10099,6026,10158,9917,8599,12242,8458,13388,5824,8004,17214,4972,2748,17418,1.0,26:54,2015,2016
2015-16,203496,Robert Covington,Robert,1610612755,PHI,Philadelphia 76ers,21500467,2015-12-28T00:00:00,PHI @ UTA,L,26.2,2.0,2.0,0.0,4.0,8.0,6.0,2.0,6.0,0.0,2.0,3.0,1.0,12.0,1,13074,13074,13074,10685,6026,4731,9917,8599,13914,13237,4025,22724,8004,23588,17641,12373,17703,1.0,26:12,2015,2016
2015-16,200746,LaMarcus Aldridge,LaMarcus,1610612759,SAS,San Antonio Spurs,21500465,2015-12-28T00:00:00,SAS vs. MIN,W,27.0,2.0,0.0,0.0,4.0,8.0,3.0,10.0,32.0,0.0,1.0,5.0,1.0,11.7,1,1,1,1,9996,6026,10158,9917,8599,13914,7138,20169,3535,8004,17214,24686,12373,17903,1.0,27:01,2015,2016
2015-16,2546,Carmelo Anthony,Carmelo,1610612752,NYK,New York Knicks,21500454,2015-12-27T00:00:00,NYK @ BOS,L,35.4,0.0,6.0,5.0,14.0,11.0,8.0,11.0,32.0,0.0,2.0,3.0,4.0,42.0,1,13074,13074,13074,3208,12059,481,1277,542,18886,17345,21342,3535,8004,23588,17641,2748,1936,1.0,35:25,2015,2016
2015-16,203210,JaMychal Green,JaMychal,1610612763,MEM,Memphis Grizzlies,21500455,2015-12-27T00:00:00,MEM vs. LAL,W,27.4,2.0,0.0,2.0,2.0,11.0,12.0,5.0,14.0,2.0,2.0,3.0,1.0,26.1,1,1,1,1,9720,6026,10158,4675,12984,18886,22832,11593,17019,932,23588,17641,12373,7836,1.0,27:22,2015,2016
2015-16,203109,Jae Crowder,Jae,1610612738,BOS,Boston Celtics,21500454,2015-12-27T00:00:00,BOS vs. NYK,W,34.3,7.0,0.0,4.0,4.0,2.0,14.0,5.0,26.0,0.0,0.0,2.0,5.0,30.2,1,1,1,1,4069,548,10158,1913,8599,2619,24300,11593,7214,8004,1,11390,1539,5751,1.0,34:20,2015,2016
2015-16,2216,Zach Randolph,Zach,1610612763,MEM,Memphis Grizzlies,21500455,2015-12-27T00:00:00,MEM vs. LAL,W,20.5,4.0,0.0,2.0,6.0,2.0,5.0,10.0,14.0,0.0,0.0,2.0,3.0,20.6,1,1,1,1,15494,2460,10158,4675,5299,2619,11469,20169,17019,8004,1,11390,4736,11314,1.0,20:29,2015,2016
2015-16,203943,Noah Vonleh,Noah,1610612757,POR,Portland Trail Blazers,21500457,2015-12-27T00:00:00,POR @ SAC,W,13.8,0.0,2.0,0.0,2.0,8.0,2.0,5.0,16.0,0.0,1.0,0.0,0.0,11.6,1,1,1,1,20533,12059,4731,9917,12984,13914,3734,11593,15259,8004,17214,1,18762,17970,1.0,13:47,2015,2016
2015-16,202498,Lance Thomas,Lance,1610612752,NYK,New York Knicks,21500454,2015-12-27T00:00:00,NYK @ BOS,L,17.1,0.0,0.0,0.0,2.0,7.0,2.0,7.0,14.0,0.0,1.0,0.0,3.0,19.9,1,13074,13074,13074,18176,12059,10158,9917,12984,12242,3734,15538,17019,8004,17214,1,4736,11824,1.0,17:08,2015,2016
2015-16,200752,Rudy Gay,Rudy,1610612758,SAC,Sacramento Kings,21500457,2015-12-27T00:00:00,SAC vs. POR,L,33.8,2.0,2.0,2.0,4.0,22.0,13.0,5.0,24.0,1.0,1.0,4.0,2.0,26.3,1,13074,13074,13074,4537,6026,4731,4675,8599,25683,23668,11593,8723,2692,17214,22104,7786,7733,1.0,33:46,2015,2016
2015-16,201579,Roy Hibbert,Roy,1610612747,LAL,Los Angeles Lakers,21500455,2015-12-27T00:00:00,LAL @ MEM,L,25.8,0.0,2.0,0.0,0.0,13.0,4.0,7.0,24.0,0.0,0.0,4.0,3.0,11.8,1,13074,13074,13074,11011,12059,4731,9917,18861,21300,8458,15538,8723,8004,1,22104,4736,17832,1.0,25:48,2015,2016
2015-16,201156,Nick Young,Nick,1610612747,LAL,Los Angeles Lakers,21500455,2015-12-27T00:00:00,LAL @ MEM,L,17.2,0.0,3.0,0.0,0.0,9.0,0.0,2.0,16.0,1.0,1.0,0.0,1.0,15.4,1,13074,13074,13074,18165,12059,3104,9917,18861,15771,1,4025,15259,2692,17214,1,12373,15066,1.0,17:09,2015,2016
2015-16,204038,Langston Galloway,Langston,1610612752,NYK,New York Knicks,21500454,2015-12-27T00:00:00,NYK @ BOS,L,26.4,0.0,0.0,0.0,4.0,7.0,2.0,7.0,26.0,0.0,0.0,6.0,0.0,15.1,1,13074,13074,13074,10528,12059,10158,9917,8599,12242,3734,15538,7214,8004,1,25827,18762,15328,1.0,26:24,2015,2016
2015-16,203115,Will Barton,Will,1610612743,DEN,Denver Nuggets,21500456,2015-12-27T00:00:00,DEN @ OKC,L,34.7,11.0,4.0,0.0,12.0,8.0,8.0,18.0,48.0,0.0,1.0,2.0,3.0,32.5,1,13074,13074,13074,3808,55,1596,9917,988,13914,17345,25228,192,8004,17214,11390,4736,4726,1.0,34:40,2015,2016
2015-16,203914,Gary Harris,Gary,1610612743,DEN,Denver Nuggets,21500456,2015-12-27T00:00:00,DEN @ OKC,L,30.8,6.0,0.0,6.0,8.0,5.0,11.0,17.0,52.0,0.0,1.0,2.0,3.0,27.9,1,13074,13074,13074,6906,878,10158,740,3109,8403,21814,24967,59,8004,17214,11390,4736,6914,1.0,30:47,2015,2016
2015-16,200765,Rajon Rondo,Rajon,1610612758,SAC,Sacramento Kings,21500457,2015-12-27T00:00:00,SAC vs. POR,L,38.7,0.0,0.0,3.0,2.0,22.0,16.0,9.0,30.0,0.0,1.0,2.0,4.0,38.5,1,13074,13074,13074,1169,12059,10158,3302,12984,25683,25155,18829,4541,8004,17214,11390,2748,2771,1.0,38:44,2015,2016
2015-16,203482,Kelly Olynyk,Kelly,1610612738,BOS,Boston Celtics,21500454,2015-12-27T00:00:00,BOS vs. NYK,W,21.3,0.0,2.0,3.0,4.0,4.0,8.0,0.0,20.0,1.0,1.0,5.0,2.0,32.8,1,1,1,1,14743,12059,4731,3302,8599,6141,17345,1,11929,2692,17214,24686,7786,4609,1.0,21:20,2015,2016
2015-16,201954,Darren Collison,Darren,1610612758,SAC,Sacramento Kings,21500457,2015-12-27T00:00:00,SAC vs. POR,L,28.3,4.0,0.0,8.0,4.0,14.0,9.0,4.0,22.0,0.0,2.0,3.0,3.0,22.4,1,13074,13074,13074,9005,2460,10158,280,8599,22292,19144,8806,10265,8004,23588,17641,4736,10131,1.0,28:18,2015,2016
2015-16,201973,Jonas Jerebko,Jonas,1610612738,BOS,Boston Celtics,21500454,2015-12-27T00:00:00,BOS vs. NYK,W,19.2,2.0,2.0,0.0,2.0,2.0,8.0,4.0,22.0,0.0,0.0,6.0,2.0,13.6,1,1,1,1,16540,6026,4731,9917,12984,2619,17345,8806,10265,8004,1,25827,7786,16460,1.0,19:11,2015,2016
2015-16,201596,Mario Chalmers,Mario,1610612763,MEM,Memphis Grizzlies,21500455,2015-12-27T00:00:00,MEM vs. LAL,W,28.9,2.0,0.0,4.0,6.0,9.0,10.0,10.0,18.0,0.0,1.0,3.0,1.0,28.5,1,1,1,1,8490,6026,10158,1913,5299,15771,20509,20169,13577,8004,17214,17641,12373,6613,1.0,28:51,2015,2016
2015-16,204025,Tim Frazier,Tim,1610612757,POR,Portland Trail Blazers,21500457,2015-12-27T00:00:00,POR @ SAC,W,24.9,2.0,0.0,0.0,6.0,7.0,9.0,9.0,12.0,0.0,1.0,2.0,1.0,17.0,1,1,1,1,11784,6026,10158,9917,5299,12242,19144,18829,18637,8004,17214,11390,12373,13855,1.0,24:51,2015,2016
2015-16,201188,Marc Gasol,Marc,1610612763,MEM,Memphis Grizzlies,21500455,2015-12-27T00:00:00,MEM vs. LAL,W,23.3,2.0,0.0,0.0,8.0,2.0,8.0,5.0,12.0,0.0,0.0,2.0,4.0,31.6,1,1,1,1,13126,6026,10158,9917,3109,2619,17345,11593,18637,8004,1,11390,2748,5130,1.0,23:17,2015,2016
2015-16,203086,Meyers Leonard,Meyers,1610612757,POR,Portland Trail Blazers,21500457,2015-12-27T00:00:00,POR @ SAC,W,30.4,2.0,0.0,3.0,0.0,10.0,11.0,11.0,16.0,0.0,0.0,4.0,4.0,29.2,1,1,1,1,7208,6026,10158,3302,18861,17370,21814,21342,15259,8004,1,22104,2748,6243,1.0,30:22,2015,2016
2015-16,201566,Russell Westbrook,Russell,1610612760,OKC,Oklahoma City Thunder,21500456,2015-12-27T00:00:00,OKC vs. DEN,W,38.1,2.0,0.0,4.0,18.0,13.0,20.0,9.0,48.0,0.0,1.0,0.0,6.0,57.8,1,1,1,1,1464,6026,10158,1913,131,21300,25875,18829,192,8004,17214,1,873,275,1.0,38:06,2015,2016
2015-16,2749,Jameer Nelson,Jameer,1610612743,DEN,Denver Nuggets,21500456,2015-12-27T00:00:00,DEN @ OKC,L,42.5,0.0,5.0,3.0,2.0,9.0,11.0,22.0,62.0,0.0,0.0,4.0,1.0,30.1,1,13074,13074,13074,245,12059,995,3302,12984,15771,21814,25811,5,8004,1,22104,12373,5794,1.0,42:32,2015,2016
2015-16,202702,Kenneth Faried,Kenneth,1610612743,DEN,Denver Nuggets,21500456,2015-12-27T00:00:00,DEN @ OKC,L,28.8,2.0,10.0,0.0,22.0,4.0,7.0,13.0,46.0,2.0,1.0,2.0,2.0,44.7,1,13074,13074,13074,8534,6026,34,9917,25,6141,15642,23048,298,932,17214,11390,7786,1419,1.0,28:48,2015,2016
2015-16,201956,Omri Casspi,Omri,1610612758,SAC,Sacramento Kings,21500457,2015-12-27T00:00:00,SAC vs. POR,L,36.6,7.0,0.0,6.0,4.0,19.0,16.0,6.0,28.0,2.0,0.0,4.0,1.0,35.5,1,13074,13074,13074,2342,548,10158,740,8599,25074,25155,13388,5824,932,1,22104,12373,3657,1.0,36:36,2015,2016
2015-16,201142,Kevin Durant,Kevin,1610612760,OKC,Oklahoma City Thunder,21500456,2015-12-27T00:00:00,OKC vs. DEN,W,38.9,0.0,3.0,2.0,10.0,15.0,21.0,11.0,58.0,1.0,1.0,3.0,0.0,46.8,1,1,1,1,1095,12059,3104,4675,1840,23079,25962,21342,14,2692,17214,17641,18762,1102,1.0,38:56,2015,2016
2015-16,201145,Jeff Green,Jeff,1610612763,MEM,Memphis Grizzlies,21500455,2015-12-27T00:00:00,MEM vs. LAL,W,24.5,0.0,2.0,1.0,6.0,2.0,11.0,4.0,16.0,1.0,0.0,2.0,3.0,29.8,1,1,1,1,12102,12059,4731,9347,5299,2619,21814,8806,15259,2692,1,11390,4736,5948,1.0,24:31,2015,2016
2015-16,203123,Kostas Papanikolaou,Kostas,1610612743,DEN,Denver Nuggets,21500456,2015-12-27T00:00:00,DEN @ OKC,L,13.3,3.0,0.0,0.0,0.0,2.0,7.0,4.0,20.0,0.0,0.0,0.0,1.0,11.5,1,13074,13074,13074,20778,4307,10158,9917,18861,2619,15642,8806,11929,8004,1,1,12373,18079,1.0,13:20,2015,2016
2015-16,202683,Enes Freedom,Enes,1610612760,OKC,Oklahoma City Thunder,21500456,2015-12-27T00:00:00,OKC vs. DEN,W,25.1,1.0,6.0,3.0,12.0,15.0,17.0,4.0,36.0,1.0,0.0,0.0,6.0,35.6,1,1,1,1,11616,11535,481,3302,988,23079,25429,8806,1943,2692,1,1,873,3615,1.0,25:05,2015,2016
2015-16,203468,CJ McCollum,CJ,1610612757,POR,Portland Trail Blazers,21500457,2015-12-27T00:00:00,POR @ SAC,W,41.6,10.0,7.0,0.0,10.0,21.0,13.0,15.0,32.0,1.0,0.0,2.0,6.0,74.7,1,1,1,1,363,99,292,9917,1840,25535,23668,24242,3535,2692,1,11390,873,22,1.0,41:38,2015,2016
2015-16,201144,Mike Conley,Mike,1610612763,MEM,Memphis Grizzlies,21500455,2015-12-27T00:00:00,MEM vs. LAL,W,24.3,7.0,0.0,0.0,6.0,2.0,10.0,2.0,14.0,0.0,0.0,0.0,4.0,43.3,1,1,1,1,12301,548,10158,9917,5299,2619,20509,4025,17019,8004,1,1,2748,1678,1.0,24:18,2015,2016
2015-16,203090,Maurice Harkless,Maurice,1610612757,POR,Portland Trail Blazers,21500457,2015-12-27T00:00:00,POR @ SAC,W,33.0,4.0,4.0,2.0,12.0,13.0,11.0,12.0,16.0,2.0,0.0,2.0,3.0,35.7,1,1,1,1,5135,2460,1596,4675,988,21300,21814,22259,15259,932,1,11390,4736,3578,1.0,32:60,2015,2016
2015-16,203530,Joffrey Lauvergne,Joffrey,1610612743,DEN,Denver Nuggets,21500456,2015-12-27T00:00:00,DEN @ OKC,L,30.7,0.0,2.0,2.0,14.0,4.0,9.0,17.0,50.0,0.0,2.0,1.0,1.0,24.3,1,13074,13074,13074,6988,12059,4731,4675,542,6141,19144,24967,107,8004,23588,4972,12373,8939,1.0,30:39,2015,2016
2015-16,202326,DeMarcus Cousins,DeMarcus,1610612758,SAC,Sacramento Kings,21500457,2015-12-27T00:00:00,SAC vs. POR,L,37.5,7.0,11.0,0.0,16.0,22.0,13.0,9.0,28.0,2.0,1.0,3.0,9.0,50.2,1,13074,13074,13074,1776,548,19,9917,275,25683,23668,18829,5824,932,17214,17641,138,733,1.0,37:29,2015,2016
2015-16,1626204,Larry Nance Jr.,Larry,1610612747,LAL,Los Angeles Lakers,21500455,2015-12-27T00:00:00,LAL @ MEM,L,24.6,0.0,2.0,0.0,6.0,13.0,4.0,7.0,24.0,0.0,0.0,1.0,2.0,36.7,1,13074,13074,13074,11990,12059,4731,9917,5299,21300,8458,15538,8723,8004,1,4972,7786,3269,1.0,24:38,2015,2016
2015-16,204001,Kristaps Porziņģis,Kristaps,1610612752,NYK,New York Knicks,21500454,2015-12-27T00:00:00,NYK @ BOS,L,28.0,2.0,2.0,0.0,2.0,7.0,6.0,7.0,24.0,3.0,0.0,4.0,5.0,43.4,1,13074,13074,13074,9203,6026,4731,9917,12984,12242,13237,15538,8723,347,1,22104,1539,1662,1.0,28:02,2015,2016
2015-16,202738,Isaiah Thomas,Isaiah,1610612738,BOS,Boston Celtics,21500454,2015-12-27T00:00:00,BOS vs. NYK,W,32.7,0.0,2.0,5.0,8.0,2.0,12.0,6.0,32.0,0.0,0.0,1.0,8.0,36.6,1,1,1,1,5366,12059,4731,1277,3109,2619,22832,13388,3535,8004,1,4972,254,3288,1.0,32:41,2015,2016
2015-16,201167,Arron Afflalo,Arron,1610612752,NYK,New York Knicks,21500454,2015-12-27T00:00:00,NYK @ BOS,L,33.3,0.0,0.0,0.0,2.0,7.0,8.0,9.0,30.0,0.0,1.0,2.0,0.0,10.3,1,13074,13074,13074,4899,12059,10158,9917,12984,12242,17345,18829,4541,8004,17214,11390,18762,18965,1.0,33:17,2015,2016
2015-16,203944,Julius Randle,Julius,1610612747,LAL,Los Angeles Lakers,21500455,2015-12-27T00:00:00,LAL @ MEM,L,23.4,3.0,2.0,0.0,4.0,8.0,0.0,10.0,20.0,0.0,0.0,3.0,4.0,25.1,1,13074,13074,13074,13065,4307,4731,9917,8599,13914,1,20169,11929,8004,1,17641,2748,8429,1.0,23:22,2015,2016
2015-16,201586,Serge Ibaka,Serge,1610612760,OKC,Oklahoma City Thunder,21500456,2015-12-27T00:00:00,OKC vs. DEN,W,31.5,0.0,2.0,9.0,18.0,7.0,18.0,5.0,36.0,3.0,0.0,2.0,1.0,34.3,1,1,1,1,6352,12059,4731,184,131,12242,25634,11593,1943,347,1,11390,12373,4063,1.0,31:27,2015,2016
2015-16,200751,Randy Foye,Randy,1610612743,DEN,Denver Nuggets,21500456,2015-12-27T00:00:00,DEN @ OKC,L,22.7,2.0,0.0,0.0,4.0,6.0,8.0,5.0,22.0,0.0,0.0,2.0,1.0,9.9,1,13074,13074,13074,13622,6026,10158,9917,8599,10028,17345,11593,10265,8004,1,11390,12373,19247,1.0,22:41,2015,2016
2015-16,201945,Gerald Henderson,Gerald,1610612757,POR,Portland Trail Blazers,21500457,2015-12-27T00:00:00,POR @ SAC,W,20.4,3.0,0.0,0.0,2.0,6.0,0.0,8.0,10.0,1.0,2.0,1.0,1.0,9.9,1,1,1,1,15535,4307,10158,9917,12984,10028,1,17194,20209,2692,23588,4972,12373,19247,1.0,20:26,2015,2016
2015-16,202323,Evan Turner,Evan,1610612738,BOS,Boston Celtics,21500454,2015-12-27T00:00:00,BOS vs. NYK,W,30.5,2.0,0.0,0.0,12.0,6.0,10.0,1.0,28.0,0.0,0.0,1.0,1.0,26.0,1,1,1,1,7115,6026,10158,9917,988,10028,20509,3646,5824,8004,1,4972,12373,7910,1.0,30:29,2015,2016
2015-16,201158,Marco Belinelli,Marco,1610612758,SAC,Sacramento Kings,21500457,2015-12-27T00:00:00,SAC vs. POR,L,22.3,0.0,0.0,0.0,0.0,13.0,7.0,3.0,22.0,0.0,0.0,0.0,1.0,14.9,1,13074,13074,13074,13936,12059,10158,9917,18861,21300,15642,7328,10265,8004,1,1,12373,15463,1.0,22:16,2015,2016
2015-16,101161,Amir Johnson,Amir,1610612738,BOS,Boston Celtics,21500454,2015-12-27T00:00:00,BOS vs. NYK,W,22.4,0.0,4.0,2.0,8.0,2.0,8.0,6.0,20.0,2.0,1.0,2.0,0.0,25.9,1,1,1,1,13822,12059,1596,4675,3109,2619,17345,13388,11929,932,17214,11390,18762,7960,1.0,22:25,2015,2016
2015-16,203486,Mason Plumlee,Mason,1610612757,POR,Portland Trail Blazers,21500457,2015-12-27T00:00:00,POR @ SAC,W,22.0,1.0,0.0,1.0,2.0,13.0,2.0,12.0,24.0,1.0,0.0,5.0,5.0,19.7,1,1,1,1,14173,11535,10158,9347,12984,21300,3734,22259,8723,2692,1,24686,1539,11962,1.0,21:60,2015,2016
2015-16,201577,Robin Lopez,Robin,1610612752,NYK,New York Knicks,21500454,2015-12-27T00:00:00,NYK @ BOS,L,29.5,0.0,6.0,0.0,6.0,7.0,6.0,7.0,28.0,1.0,0.0,2.0,2.0,19.2,1,13074,13074,13074,7934,12059,481,9917,5299,12242,13237,15538,5824,2692,1,11390,7786,12284,1.0,29:33,2015,2016
2015-16,977,Kobe Bryant,Kobe,1610612747,LAL,Los Angeles Lakers,21500455,2015-12-27T00:00:00,LAL @ MEM,L,24.0,0.0,0.0,3.0,6.0,12.0,4.0,15.0,26.0,0.0,0.0,2.0,4.0,22.9,1,13074,13074,13074,12549,12059,10158,3302,5299,20178,8458,24242,7214,8004,1,11390,2748,9811,1.0,24:00,2015,2016
2015-16,201584,Courtney Lee,Courtney,1610612763,MEM,Memphis Grizzlies,21500455,2015-12-27T00:00:00,MEM vs. LAL,W,24.0,2.0,2.0,4.0,2.0,2.0,6.0,9.0,18.0,0.0,1.0,1.0,1.0,22.9,1,1,1,1,12549,6026,4731,1913,12984,2619,13237,18829,13577,8004,17214,4972,12373,9811,1.0,24:00,2015,2016
2015-16,203999,Nikola Jokić,Nikola,1610612743,DEN,Denver Nuggets,21500456,2015-12-27T00:00:00,DEN @ OKC,L,17.4,0.0,2.0,0.0,4.0,6.0,6.0,5.0,18.0,0.0,0.0,4.0,3.0,14.6,1,13074,13074,13074,18004,12059,4731,9917,8599,10028,13237,11593,13577,8004,1,22104,4736,15699,1.0,17:21,2015,2016
2015-16,1626148,Anthony Brown,Anthony,1610612747,LAL,Los Angeles Lakers,21500455,2015-12-27T00:00:00,LAL @ MEM,L,7.3,2.0,0.0,0.0,0.0,0.0,0.0,0.0,2.0,0.0,0.0,0.0,1.0,10.3,1,13074,13074,13074,23464,6026,10158,9917,18861,1,1,1,24614,8004,1,1,12373,18965,1.0,7:18,2015,2016
2015-16,1626156,D'Angelo Russell,D'Angelo,1610612747,LAL,Los Angeles Lakers,21500455,2015-12-27T00:00:00,LAL @ MEM,L,24.5,0.0,0.0,5.0,2.0,19.0,2.0,14.0,24.0,0.0,0.0,2.0,2.0,14.5,1,13074,13074,13074,12125,12059,10158,1277,12984,25074,3734,23710,8723,8004,1,11390,7786,15799,1.0,24:30,2015,2016
2015-16,201571,D.J. Augustin,D.J.,1610612760,OKC,Oklahoma City Thunder,21500456,2015-12-27T00:00:00,OKC vs. DEN,W,5.8,0.0,0.0,0.0,0.0,8.0,2.0,2.0,12.0,0.0,0.0,0.0,0.0,1.5,1,1,1,1,24055,12059,10158,9917,18861,13914,3734,4025,18637,8004,1,1,18762,24473,1.0,5:48,2015,2016
2015-16,201627,Anthony Morrow,Anthony,1610612760,OKC,Oklahoma City Thunder,21500456,2015-12-27T00:00:00,OKC vs. DEN,W,5.6,0.0,0.0,0.0,0.0,5.0,4.0,2.0,8.0,0.0,0.0,1.0,0.0,5.5,1,1,1,1,24125,12059,10158,9917,18861,8403,8458,4025,21543,8004,1,4972,18762,22196,1.0,5:38,2015,2016
2015-16,203092,Tyler Zeller,Tyler,1610612738,BOS,Boston Celtics,21500454,2015-12-27T00:00:00,BOS vs. NYK,W,4.6,0.0,0.0,0.0,0.0,2.0,0.0,0.0,4.0,0.0,0.0,0.0,1.0,1.2,1,1,1,1,24503,12059,10158,9917,18861,2619,1,1,23698,8004,1,1,12373,24661,1.0,4:37,2015,2016
2015-16,202329,Al-Farouq Aminu,Al-Farouq,1610612757,POR,Portland Trail Blazers,21500457,2015-12-27T00:00:00,POR @ SAC,W,22.6,1.0,2.0,0.0,4.0,15.0,4.0,11.0,20.0,0.0,1.0,2.0,1.0,10.6,1,1,1,1,13679,11535,4731,9917,8599,23079,8458,21342,11929,8004,17214,11390,12373,18723,1.0,22:37,2015,2016
2015-16,203935,Marcus Smart,Marcus,1610612738,BOS,Boston Celtics,21500454,2015-12-27T00:00:00,BOS vs. NYK,W,13.1,3.0,0.0,0.0,2.0,4.0,4.0,0.0,18.0,0.0,0.0,2.0,1.0,11.1,1,1,1,1,20932,4307,10158,9917,12984,6141,8458,1,13577,8004,1,11390,12373,18370,1.0,13:05,2015,2016
2015-16,201589,Darrell Arthur,Darrell,1610612743,DEN,Denver Nuggets,21500456,2015-12-27T00:00:00,DEN @ OKC,L,19.2,0.0,3.0,0.0,0.0,6.0,8.0,9.0,22.0,0.0,0.0,1.0,2.0,10.9,1,13074,13074,13074,16525,12059,3104,9917,18861,10028,17345,18829,10265,8004,1,4972,7786,18498,1.0,19:12,2015,2016
2015-16,203135,Robert Sacre,Robert,1610612747,LAL,Los Angeles Lakers,21500455,2015-12-27T00:00:00,LAL @ MEM,L,6.9,0.0,1.0,0.0,0.0,0.0,0.0,0.0,2.0,1.0,1.0,0.0,1.0,6.4,1,13074,13074,13074,23613,12059,9709,9917,18861,1,1,1,24614,2692,17214,1,12373,21589,1.0,6:51,2015,2016
2015-16,101150,Lou Williams,Lou,1610612747,LAL,Los Angeles Lakers,21500455,2015-12-27T00:00:00,LAL @ MEM,L,30.2,2.0,0.0,2.0,2.0,11.0,4.0,9.0,30.0,1.0,2.0,1.0,1.0,8.5,1,13074,13074,13074,7318,6026,10158,4675,12984,18886,8458,18829,4541,2692,23588,4972,12373,20215,1.0,30:14,2015,2016
2015-16,1626166,Cameron Payne,Cameron,1610612760,OKC,Oklahoma City Thunder,21500456,2015-12-27T00:00:00,OKC vs. DEN,W,12.1,3.0,0.0,0.0,0.0,7.0,7.0,0.0,12.0,0.0,0.0,3.0,0.0,12.8,1,1,1,1,21462,4307,10158,9917,18861,12242,15642,1,18637,8004,1,17641,18762,17129,1.0,12:08,2015,2016
2015-16,203460,Andre Roberson,Andre,1610612760,OKC,Oklahoma City Thunder,21500456,2015-12-27T00:00:00,OKC vs. DEN,W,27.4,2.0,2.0,2.0,6.0,11.0,15.0,7.0,40.0,0.0,0.0,1.0,2.0,21.2,1,1,1,1,9664,6026,4731,4675,5299,18886,24781,15538,983,8004,1,4972,7786,10936,1.0,27:26,2015,2016
2015-16,1626185,Jarell Martin,Jarell,1610612763,MEM,Memphis Grizzlies,21500455,2015-12-27T00:00:00,MEM vs. LAL,W,5.8,0.0,0.0,0.0,0.0,4.0,5.0,0.0,2.0,0.0,1.0,2.0,0.0,2.0,1,1,1,1,24049,12059,10158,9917,18861,6141,11469,1,24614,8004,17214,11390,18762,24216,1.0,5:49,2015,2016
2015-16,1626273,Marcelo Huertas,Marcelo,1610612747,LAL,Los Angeles Lakers,21500455,2015-12-27T00:00:00,LAL @ MEM,L,7.3,0.0,0.0,0.0,0.0,0.0,0.0,0.0,2.0,0.0,0.0,1.0,0.0,2.7,1,13074,13074,13074,23464,12059,10158,9917,18861,1,1,1,24614,8004,1,4972,18762,23884,1.0,7:18,2015,2016
2015-16,203124,Kyle O'Quinn,Kyle,1610612752,NYK,New York Knicks,21500454,2015-12-27T00:00:00,NYK @ BOS,L,10.8,2.0,2.0,0.0,4.0,7.0,2.0,5.0,10.0,0.0,0.0,1.0,2.0,7.6,1,13074,13074,13074,22134,6026,4731,9917,8599,12242,3734,11593,20209,8004,1,4972,7786,20803,1.0,10:45,2015,2016
2015-16,203903,Jordan Clarkson,Jordan,1610612747,LAL,Los Angeles Lakers,21500455,2015-12-27T00:00:00,LAL @ MEM,L,26.7,2.0,4.0,2.0,6.0,12.0,2.0,11.0,30.0,0.0,0.0,4.0,1.0,17.9,1,13074,13074,13074,10300,6026,1596,4675,5299,20178,3734,21342,4541,8004,1,22104,12373,13229,1.0,26:40,2015,2016
2015-16,2440,Matt Barnes,Matt,1610612763,MEM,Memphis Grizzlies,21500455,2015-12-27T00:00:00,MEM vs. LAL,W,21.7,0.0,0.0,2.0,2.0,2.0,8.0,2.0,12.0,0.0,0.0,2.0,0.0,16.6,1,1,1,1,14406,12059,10158,4675,12984,2619,17345,4025,18637,8004,1,11390,18762,14125,1.0,21:44,2015,2016
2015-16,203096,Jared Sullinger,Jared,1610612738,BOS,Boston Celtics,21500454,2015-12-27T00:00:00,BOS vs. NYK,W,23.5,0.0,0.0,0.0,2.0,2.0,10.0,2.0,18.0,0.0,2.0,4.0,2.0,8.2,1,1,1,1,12943,12059,10158,9917,12984,2619,20509,4025,13577,8004,23588,22104,7786,20416,1.0,23:33,2015,2016
2015-16,202340,Avery Bradley,Avery,1610612738,BOS,Boston Celtics,21500454,2015-12-27T00:00:00,BOS vs. NYK,W,31.2,0.0,0.0,0.0,2.0,2.0,14.0,5.0,24.0,1.0,0.0,1.0,0.0,16.2,1,1,1,1,6553,12059,10158,9917,12984,2619,24300,11593,8723,2692,1,4972,18762,14436,1.0,31:12,2015,2016
2015-16,203079,Dion Waiters,Dion,1610612760,OKC,Oklahoma City Thunder,21500456,2015-12-27T00:00:00,OKC vs. DEN,W,18.9,2.0,2.0,2.0,4.0,13.0,9.0,2.0,22.0,0.0,0.0,2.0,0.0,13.0,1,1,1,1,16764,6026,4731,4675,8599,21300,19144,4025,10265,8004,1,11390,18762,16969,1.0,18:55,2015,2016
2015-16,202682,Derrick Williams,Derrick,1610612752,NYK,New York Knicks,21500454,2015-12-27T00:00:00,NYK @ BOS,L,23.0,2.0,2.0,1.0,8.0,3.0,6.0,5.0,24.0,0.0,0.0,3.0,4.0,18.3,1,13074,13074,13074,13361,6026,4731,9347,3109,5109,13237,11593,8723,8004,1,17641,2748,12952,1.0,23:01,2015,2016
2015-16,101181,Jose Calderon,Jose,1610612752,NYK,New York Knicks,21500454,2015-12-27T00:00:00,NYK @ BOS,L,21.6,0.0,0.0,0.0,0.0,7.0,8.0,7.0,18.0,0.0,0.0,0.0,2.0,7.9,1,13074,13074,13074,14527,12059,10158,9917,18861,12242,17345,15538,13577,8004,1,1,7786,20646,1.0,21:36,2015,2016
2015-16,203459,Allen Crabbe,Allen,1610612757,POR,Portland Trail Blazers,21500457,2015-12-27T00:00:00,POR @ SAC,W,31.3,5.0,3.0,3.0,0.0,12.0,13.0,12.0,24.0,0.0,0.0,5.0,1.0,16.5,1,1,1,1,6455,1603,3104,3302,18861,20178,23668,22259,8723,8004,1,24686,12373,14224,1.0,31:19,2015,2016
2015-16,203552,Seth Curry,Seth,1610612758,SAC,Sacramento Kings,21500457,2015-12-27T00:00:00,SAC vs. POR,L,8.9,1.0,0.0,0.0,0.0,4.0,0.0,1.0,6.0,0.0,0.0,1.0,1.0,4.2,1,13074,13074,13074,22891,11535,10158,9917,18861,6141,1,3646,22724,8004,1,4972,12373,22976,1.0,8:52,2015,2016
2015-16,101138,Brandon Bass,Brandon,1610612747,LAL,Los Angeles Lakers,21500455,2015-12-27T00:00:00,LAL @ MEM,L,15.4,0.0,2.0,0.0,2.0,8.0,0.0,10.0,18.0,2.0,0.0,0.0,1.0,13.4,1,13074,13074,13074,19514,12059,4731,9917,12984,13914,1,20169,13577,932,1,1,12373,16614,1.0,15:21,2015,2016
2015-16,203500,Steven Adams,Steven,1610612760,OKC,Oklahoma City Thunder,21500456,2015-12-27T00:00:00,OKC vs. DEN,W,21.9,0.0,0.0,0.0,0.0,9.0,9.0,7.0,28.0,0.0,0.0,3.0,1.0,3.6,1,1,1,1,14232,12059,10158,9917,18861,15771,19144,15538,5824,8004,1,17641,12373,23310,1.0,21:57,2015,2016
2015-16,203463,Ben McLemore,Ben,1610612758,SAC,Sacramento Kings,21500457,2015-12-27T00:00:00,SAC vs. POR,L,19.2,0.0,0.0,0.0,0.0,15.0,11.0,5.0,16.0,0.0,0.0,1.0,2.0,5.4,1,13074,13074,13074,16540,12059,10158,9917,18861,23079,21814,11593,15259,8004,1,4972,7786,22242,1.0,19:11,2015,2016
2015-16,1626154,RJ Hunter,RJ,1610612738,BOS,Boston Celtics,21500454,2015-12-27T00:00:00,BOS vs. NYK,W,7.1,0.0,0.0,0.0,0.0,2.0,2.0,1.0,8.0,0.0,0.0,0.0,1.0,3.4,1,1,1,1,23509,12059,10158,9917,18861,2619,3734,3646,21543,8004,1,1,12373,23417,1.0,7:08,2015,2016
2015-16,203921,Cleanthony Early,Cleanthony,1610612752,NYK,New York Knicks,21500454,2015-12-27T00:00:00,NYK @ BOS,L,0.1,0.0,0.0,0.0,0.0,0.0,0.0,0.0,0.0,0.0,0.0,0.0,0.0,0.0,1,13074,13074,13074,26043,12059,10158,9917,18861,1,1,1,25429,8004,1,1,18762,25170,1.0,0:06,2015,2016
2015-16,203527,Ryan Kelly,Ryan,1610612747,LAL,Los Angeles Lakers,21500455,2015-12-27T00:00:00,LAL @ MEM,L,6.9,2.0,2.0,0.0,0.0,0.0,0.0,0.0,2.0,0.0,0.0,0.0,1.0,9.6,1,13074,13074,13074,23613,6026,4731,9917,18861,1,1,1,24614,8004,1,1,12373,19434,1.0,6:51,2015,2016
2015-16,201585,Kosta Koufos,Kosta,1610612758,SAC,Sacramento Kings,21500457,2015-12-27T00:00:00,SAC vs. POR,L,14.8,0.0,0.0,0.0,4.0,9.0,5.0,3.0,14.0,0.0,0.0,4.0,0.0,4.2,1,13074,13074,13074,19884,12059,10158,9917,8599,15771,11469,7328,17019,8004,1,22104,18762,22976,1.0,14:49,2015,2016
2015-16,2555,Nick Collison,Nick,1610612760,OKC,Oklahoma City Thunder,21500456,2015-12-27T00:00:00,OKC vs. DEN,W,14.6,0.0,0.0,0.0,0.0,17.0,8.0,6.0,30.0,0.0,0.0,2.0,2.0,-2.0,1,1,1,1,20048,12059,10158,9917,18861,24337,17345,13388,4541,8004,1,11390,7786,26061,1.0,14:35,2015,2016
2015-16,2754,Tony Allen,Tony,1610612763,MEM,Memphis Grizzlies,21500455,2015-12-27T00:00:00,MEM vs. LAL,W,19.1,2.0,0.0,2.0,4.0,5.0,2.0,10.0,12.0,0.0,0.0,3.0,0.0,5.4,1,1,1,1,16589,6026,10158,4675,8599,8403,3734,20169,18637,8004,1,17641,18762,22242,1.0,19:09,2015,2016
2015-16,203893,Russ Smith,Russ,1610612763,MEM,Memphis Grizzlies,21500455,2015-12-27T00:00:00,MEM vs. LAL,W,6.9,0.0,0.0,0.0,0.0,7.0,5.0,0.0,2.0,1.0,0.0,0.0,1.0,9.4,1,1,1,1,23613,12059,10158,9917,18861,12242,11469,1,24614,2692,1,1,12373,19568,1.0,6:51,2015,2016
2015-16,2756,Sasha Vujacic,Sasha,1610612752,NYK,New York Knicks,21500454,2015-12-27T00:00:00,NYK @ BOS,L,14.7,0.0,0.0,0.0,2.0,7.0,2.0,5.0,14.0,0.0,0.0,2.0,2.0,4.4,1,13074,13074,13074,19947,12059,10158,9917,12984,12242,3734,11593,17019,8004,1,11390,7786,22837,1.0,14:43,2015,2016
2015-16,1713,Vince Carter,Vince,1610612763,MEM,Memphis Grizzlies,21500455,2015-12-27T00:00:00,MEM vs. LAL,W,13.7,0.0,0.0,0.0,2.0,7.0,8.0,3.0,6.0,0.0,0.0,2.0,0.0,5.0,1,1,1,1,20611,12059,10158,9917,12984,12242,17345,7328,22724,8004,1,11390,18762,22500,1.0,13:40,2015,2016
2015-16,201147,Corey Brewer,Corey,1610612745,HOU,Houston Rockets,21500445,2015-12-26T00:00:00,HOU @ NOP,L,8.3,2.0,2.0,0.0,2.0,5.0,5.0,2.0,8.0,0.0,0.0,0.0,1.0,4.2,1,13074,13074,13074,23083,6026,4731,9917,12984,8403,11469,4025,21543,8004,1,1,12373,22976,1.0,8:19,2015,2016
2015-16,2736,Luol Deng,Luol,1610612748,MIA,Miami Heat,21500444,2015-12-26T00:00:00,MIA @ ORL,W,29.8,0.0,0.0,0.0,2.0,9.0,3.0,5.0,28.0,0.0,1.0,1.0,1.0,13.4,1,1,1,1,7691,12059,10158,9917,12984,15771,7138,11593,5824,8004,17214,4972,12373,16614,1.0,29:50,2015,2016
2015-16,203900,Markel Brown,Markel,1610612751,BKN,Brooklyn Nets,21500447,2015-12-26T00:00:00,BKN vs. WAS,L,2.9,0.0,0.0,0.0,0.0,4.0,0.0,0.0,2.0,0.0,0.0,1.0,0.0,3.2,1,13074,13074,13074,25179,12059,10158,9917,18861,6141,1,1,24614,8004,1,4972,18762,23473,1.0,2:51,2015,2016
2015-16,201961,Wayne Ellington,Wayne,1610612751,BKN,Brooklyn Nets,21500447,2015-12-26T00:00:00,BKN vs. WAS,L,16.3,0.0,0.0,2.0,0.0,9.0,2.0,8.0,10.0,0.0,1.0,1.0,0.0,8.6,1,13074,13074,13074,18835,12059,10158,4675,18861,15771,3734,17194,20209,8004,17214,4972,18762,20125,1.0,16:17,2015,2016
2015-16,204456,T.J. McConnell,T.J.,1610612755,PHI,Philadelphia 76ers,21500451,2015-12-26T00:00:00,PHI @ PHX,W,2.0,0.0,0.0,0.0,0.0,2.0,3.0,2.0,2.0,0.0,0.0,0.0,0.0,0.0,1,1,1,1,25516,12059,10158,9917,18861,2619,7138,4025,24614,8004,1,1,18762,25170,1.0,2:01,2015,2016
2015-16,201619,Sasha Kaun,Sasha,1610612739,CLE,Cleveland Cavaliers,21500453,2015-12-26T00:00:00,CLE @ POR,L,6.0,0.0,0.0,0.0,0.0,2.0,2.0,0.0,2.0,1.0,0.0,0.0,0.0,4.9,1,13074,13074,13074,23978,12059,10158,9917,18861,2619,3734,1,24614,2692,1,1,18762,22621,1.0,5:58,2015,2016
2015-16,2549,Chris Kaman,Chris,1610612757,POR,Portland Trail Blazers,21500453,2015-12-26T00:00:00,POR vs. CLE,W,6.0,0.0,0.0,0.0,0.0,3.0,0.0,2.0,2.0,0.0,0.0,1.0,0.0,4.2,1,1,1,1,23978,12059,10158,9917,18861,5109,1,4025,24614,8004,1,4972,18762,22976,1.0,5:58,2015,2016
2015-16,2757,Beno Udrih,Beno,1610612748,MIA,Miami Heat,21500444,2015-12-26T00:00:00,MIA @ ORL,W,12.7,0.0,0.0,0.0,0.0,0.0,4.0,0.0,6.0,0.0,0.0,0.0,1.0,9.0,1,1,1,1,21178,12059,10158,9917,18861,1,8458,1,22724,8004,1,1,12373,19835,1.0,12:39,2015,2016
2015-16,203496,Robert Covington,Robert,1610612755,PHI,Philadelphia 76ers,21500451,2015-12-26T00:00:00,PHI @ PHX,W,12.9,0.0,0.0,0.0,0.0,4.0,4.0,4.0,10.0,0.0,0.0,0.0,0.0,7.3,1,1,1,1,21028,12059,10158,9917,18861,6141,8458,8806,20209,8004,1,1,18762,21024,1.0,12:54,2015,2016
2015-16,2594,Kyle Korver,Kyle,1610612737,ATL,Atlanta Hawks,21500442,2015-12-26T00:00:00,ATL vs. NYK,W,24.6,0.0,0.0,0.0,0.0,3.0,11.0,3.0,14.0,0.0,0.0,4.0,0.0,3.2,1,1,1,1,12062,12059,10158,9917,18861,5109,21814,7328,17019,8004,1,22104,18762,23473,1.0,24:34,2015,2016
2015-16,2588,Matt Bonner,Matt,1610612759,SAS,San Antonio Spurs,21500450,2015-12-26T00:00:00,SAS vs. DEN,W,0.2,0.0,0.0,0.0,0.0,2.0,0.0,0.0,2.0,0.0,0.0,0.0,0.0,0.0,1,1,1,1,26027,12059,10158,9917,18861,2619,1,1,24614,8004,1,1,18762,25170,1.0,0:09,2015,2016
2015-16,201603,Sonny Weems,Sonny,1610612756,PHX,Phoenix Suns,21500451,2015-12-26T00:00:00,PHX vs. PHI,L,17.2,0.0,3.0,0.0,0.0,7.0,2.0,0.0,12.0,0.0,2.0,2.0,0.0,9.5,1,13074,13074,13074,18109,12059,3104,9917,18861,12242,3734,1,18637,8004,23588,11390,18762,19519,1.0,17:14,2015,2016
2015-16,201971,DeJuan Blair,DeJuan,1610612764,WAS,Washington Wizards,21500447,2015-12-26T00:00:00,WAS @ BKN,W,6.4,2.0,0.0,0.0,2.0,0.0,2.0,3.0,6.0,0.0,0.0,3.0,0.0,3.2,1,1,1,1,23776,6026,10158,9917,12984,1,3734,7328,22724,8004,1,17641,18762,23473,1.0,6:25,2015,2016
2015-16,203143,Pablo Prigioni,Pablo,1610612746,LAC,LA Clippers,21500452,2015-12-26T00:00:00,LAC @ UTA,W,12.5,0.0,0.0,0.0,0.0,2.0,3.0,0.0,6.0,0.0,0.0,0.0,0.0,7.2,1,1,1,1,21300,12059,10158,9917,18861,2619,7138,1,22724,8004,1,1,18762,21035,1.0,12:27,2015,2016
2015-16,203512,Lucas Nogueira,Lucas,1610612761,TOR,Toronto Raptors,21500441,2015-12-26T00:00:00,TOR @ MIL,W,3.5,0.0,0.0,0.0,0.0,2.0,0.0,2.0,8.0,0.0,0.0,2.0,0.0,0.0,1,1,1,1,24915,12059,10158,9917,18861,2619,1,4025,21543,8004,1,11390,18762,25170,1.0,3:31,2015,2016
2015-16,203200,Justin Holiday,Justin,1610612737,ATL,Atlanta Hawks,21500442,2015-12-26T00:00:00,ATL vs. NYK,W,2.4,0.0,0.0,0.0,0.0,3.0,0.0,0.0,0.0,0.0,0.0,0.0,0.0,0.2,1,1,1,1,25377,12059,10158,9917,18861,5109,1,1,25429,8004,1,1,18762,25103,1.0,2:24,2015,2016
2015-16,1626170,Jerian Grant,Jerian,1610612752,NYK,New York Knicks,21500442,2015-12-26T00:00:00,NYK @ ATL,L,15.3,0.0,0.0,0.0,0.0,6.0,4.0,4.0,28.0,0.0,0.0,1.0,1.0,6.5,1,13074,13074,13074,19578,12059,10158,9917,18861,10028,8458,8806,5824,8004,1,4972,12373,21519,1.0,15:16,2015,2016
2015-16,202362,Lance Stephenson,Lance,1610612746,LAC,LA Clippers,21500452,2015-12-26T00:00:00,LAC @ UTA,W,9.0,0.0,0.0,0.0,0.0,4.0,0.0,2.0,8.0,0.0,0.0,2.0,0.0,4.7,1,1,1,1,22830,12059,10158,9917,18861,6141,1,4025,21543,8004,1,11390,18762,22672,1.0,9:01,2015,2016
2015-16,203187,Chris Johnson,Chris,1610612762,UTA,Utah Jazz,21500452,2015-12-26T00:00:00,UTA vs. LAC,L,10.0,0.0,2.0,0.0,0.0,1.0,0.0,0.0,4.0,0.0,0.0,1.0,1.0,4.6,1,13074,13074,13074,22419,12059,4731,9917,18861,2356,1,1,23698,8004,1,4972,12373,22734,1.0,10:03,2015,2016
2015-16,203946,Cameron Bairstow,Cameron,1610612741,CHI,Chicago Bulls,21500449,2015-12-26T00:00:00,CHI @ DAL,L,1.6,0.0,0.0,0.0,0.0,6.0,0.0,0.0,0.0,0.0,0.0,0.0,0.0,0.0,1,13074,13074,13074,25677,12059,10158,9917,18861,10028,1,1,25429,8004,1,1,18762,25170,1.0,1:33,2015,2016
2015-16,2590,Mo Williams,Mo,1610612739,CLE,Cleveland Cavaliers,21500453,2015-12-26T00:00:00,CLE @ POR,L,10.4,0.0,0.0,0.0,0.0,11.0,0.0,5.0,18.0,0.0,1.0,1.0,0.0,4.4,1,13074,13074,13074,22264,12059,10158,9917,18861,18886,1,11593,13577,8004,17214,4972,18762,22837,1.0,10:25,2015,2016
2015-16,201973,Jonas Jerebko,Jonas,1610612738,BOS,Boston Celtics,21500446,2015-12-26T00:00:00,BOS @ DET,W,10.3,0.0,0.0,0.0,0.0,9.0,9.0,2.0,12.0,0.0,0.0,1.0,2.0,3.2,1,1,1,1,22303,12059,10158,9917,18861,15771,19144,4025,18637,8004,1,4972,7786,23473,1.0,10:21,2015,2016
2015-16,2756,Sasha Vujacic,Sasha,1610612752,NYK,New York Knicks,21500442,2015-12-26T00:00:00,NYK @ ATL,L,2.4,0.0,0.0,0.0,0.0,4.0,0.0,0.0,4.0,0.0,0.0,0.0,0.0,0.0,1,13074,13074,13074,25377,12059,10158,9917,18861,6141,1,1,23698,8004,1,1,18762,25170,1.0,2:24,2015,2016
2015-16,2760,Anderson Varejao,Anderson,1610612739,CLE,Cleveland Cavaliers,21500453,2015-12-26T00:00:00,CLE @ POR,L,14.1,0.0,0.0,0.0,2.0,7.0,6.0,3.0,12.0,0.0,0.0,2.0,0.0,9.5,1,13074,13074,13074,20346,12059,10158,9917,12984,12242,13237,7328,18637,8004,1,11390,18762,19519,1.0,14:06,2015,2016
2015-16,203080,Thomas Robinson,Thomas,1610612751,BKN,Brooklyn Nets,21500447,2015-12-26T00:00:00,BKN vs. WAS,L,2.9,0.0,0.0,0.0,0.0,4.0,0.0,0.0,2.0,0.0,0.0,0.0,0.0,0.0,1,13074,13074,13074,25179,12059,10158,9917,18861,6141,1,1,24614,8004,1,1,18762,25170,1.0,2:51,2015,2016
2015-16,203498,Shabazz Muhammad,Shabazz,1610612750,MIN,Minnesota Timberwolves,21500448,2015-12-26T00:00:00,MIN vs. IND,L,10.3,2.0,0.0,2.0,0.0,9.0,2.0,8.0,16.0,0.0,0.0,1.0,1.0,5.2,1,13074,13074,13074,22305,6026,10158,4675,18861,15771,3734,17194,15259,8004,1,4972,12373,22370,1.0,10:20,2015,2016
2015-16,203937,Kyle Anderson,Kyle,1610612759,SAS,San Antonio Spurs,21500450,2015-12-26T00:00:00,SAS vs. DEN,W,14.8,0.0,2.0,0.0,4.0,6.0,2.0,2.0,16.0,0.0,2.0,0.0,0.0,6.6,1,1,1,1,19895,12059,4731,9917,8599,10028,3734,4025,15259,8004,23588,1,18762,21445,1.0,14:48,2015,2016
2015-16,1626242,Luis Montero,Luis,1610612757,POR,Portland Trail Blazers,21500453,2015-12-26T00:00:00,POR vs. CLE,W,4.2,2.0,0.0,0.0,0.0,3.0,0.0,2.0,2.0,0.0,1.0,0.0,0.0,1.0,1,1,1,1,24657,6026,10158,9917,18861,5109,1,4025,24614,8004,17214,1,18762,24960,1.0,4:09,2015,2016
2015-16,1626158,Richaun Holmes,Richaun,1610612755,PHI,Philadelphia 76ers,21500451,2015-12-26T00:00:00,PHI @ PHX,W,6.7,0.0,0.0,0.0,4.0,2.0,6.0,2.0,6.0,1.0,0.0,1.0,0.0,7.2,1,1,1,1,23688,12059,10158,9917,8599,2619,13237,4025,22724,2692,1,4972,18762,21035,1.0,6:40,2015,2016
2015-16,202087,Alonzo Gee,Alonzo,1610612740,NOP,New Orleans Pelicans,21500445,2015-12-26T00:00:00,NOP vs. HOU,W,20.6,0.0,0.0,0.0,2.0,6.0,11.0,7.0,16.0,0.0,0.0,0.0,1.0,6.5,1,1,1,1,15380,12059,10158,9917,12984,10028,21814,15538,15259,8004,1,1,12373,21519,1.0,20:37,2015,2016
2015-16,101139,CJ Miles,CJ,1610612754,IND,Indiana Pacers,21500448,2015-12-26T00:00:00,IND @ MIN,W,17.0,2.0,0.0,3.0,2.0,10.0,4.0,2.0,16.0,0.0,0.0,2.0,2.0,9.0,1,1,1,1,18273,6026,10158,3302,12984,17370,8458,4025,15259,8004,1,11390,7786,19835,1.0,17:00,2015,2016
2015-16,2034,Mike Miller,Mike,1610612743,DEN,Denver Nuggets,21500450,2015-12-26T00:00:00,DEN @ SAS,L,13.3,0.0,0.0,0.0,0.0,4.0,6.0,0.0,14.0,0.0,0.0,0.0,0.0,3.6,1,13074,13074,13074,20838,12059,10158,9917,18861,6141,13237,1,17019,8004,1,1,18762,23310,1.0,13:15,2015,2016
2015-16,2405,Amar'e Stoudemire,Amar'e,1610612748,MIA,Miami Heat,21500444,2015-12-26T00:00:00,MIA @ ORL,W,9.2,0.0,2.0,0.0,2.0,2.0,0.0,2.0,4.0,0.0,0.0,0.0,1.0,7.1,1,1,1,1,22744,12059,4731,9917,12984,2619,1,4025,23698,8004,1,1,12373,21141,1.0,9:14,2015,2016
2015-16,2037,Jamal Crawford,Jamal,1610612746,LAC,LA Clippers,21500452,2015-12-26T00:00:00,LAC @ UTA,W,24.3,5.0,0.0,0.0,0.0,5.0,7.0,3.0,18.0,0.0,1.0,4.0,2.0,8.9,1,1,1,1,12292,1603,10158,9917,18861,8403,15642,7328,13577,8004,17214,22104,7786,19914,1.0,24:19,2015,2016
2015-16,203508,Sergey Karasev,Sergey,1610612751,BKN,Brooklyn Nets,21500447,2015-12-26T00:00:00,BKN vs. WAS,L,2.9,0.0,0.0,0.0,0.0,4.0,0.0,0.0,2.0,0.0,0.0,0.0,0.0,4.4,1,13074,13074,13074,25179,12059,10158,9917,18861,6141,1,1,24614,8004,1,1,18762,22837,1.0,2:51,2015,2016
2015-16,203488,Mike Muscala,Mike,1610612737,ATL,Atlanta Hawks,21500442,2015-12-26T00:00:00,ATL vs. NYK,W,3.6,2.0,0.0,0.0,2.0,5.0,3.0,0.0,2.0,0.0,0.0,0.0,0.0,4.7,1,1,1,1,24884,6026,10158,9917,12984,8403,7138,1,24614,8004,1,1,18762,22672,1.0,3:34,2015,2016
2015-16,203493,Reggie Bullock Jr.,Reggie,1610612765,DET,Detroit Pistons,21500446,2015-12-26T00:00:00,DET vs. BOS,L,1.3,0.0,0.0,0.0,0.0,0.0,2.0,0.0,2.0,0.0,0.0,1.0,0.0,0.0,1,13074,13074,13074,25763,12059,10158,9917,18861,1,3734,1,24614,8004,1,4972,18762,25170,1.0,1:19,2015,2016
2015-16,201168,Tiago Splitter,Tiago,1610612737,ATL,Atlanta Hawks,21500442,2015-12-26T00:00:00,ATL vs. NYK,W,4.2,0.0,2.0,0.0,2.0,2.0,0.0,2.0,2.0,0.0,0.0,1.0,0.0,3.2,1,1,1,1,24648,12059,4731,9917,12984,2619,1,4025,24614,8004,1,4972,18762,23473,1.0,4:10,2015,2016
2015-16,201967,Dante Cunningham,Dante,1610612740,NOP,New Orleans Pelicans,21500445,2015-12-26T00:00:00,NOP vs. HOU,W,4.6,0.0,0.0,0.0,0.0,2.0,2.0,0.0,6.0,0.0,0.0,0.0,0.0,3.6,1,1,1,1,24494,12059,10158,9917,18861,2619,3734,1,22724,8004,1,1,18762,23310,1.0,4:38,2015,2016
2015-16,202407,Elijah Millsap,Elijah,1610612762,UTA,Utah Jazz,21500452,2015-12-26T00:00:00,UTA vs. LAC,L,10.5,0.0,0.0,0.0,2.0,5.0,4.0,3.0,8.0,1.0,1.0,2.0,0.0,5.0,1,13074,13074,13074,22250,12059,10158,9917,12984,8403,8458,7328,21543,2692,17214,11390,18762,22500,1.0,10:27,2015,2016
2015-16,202339,Eric Bledsoe,Eric,1610612756,PHX,Phoenix Suns,21500451,2015-12-26T00:00:00,PHX vs. PHI,L,8.2,2.0,0.0,2.0,4.0,3.0,2.0,2.0,6.0,0.0,0.0,2.0,0.0,4.4,1,13074,13074,13074,23129,6026,10158,4675,8599,5109,3734,4025,22724,8004,1,11390,18762,22837,1.0,8:09,2015,2016
2015-16,202389,Timofey Mozgov,Timofey,1610612739,CLE,Cleveland Cavaliers,21500453,2015-12-26T00:00:00,CLE @ POR,L,14.1,0.0,0.0,0.0,2.0,2.0,2.0,2.0,8.0,1.0,1.0,2.0,2.0,8.8,1,13074,13074,13074,20346,12059,10158,9917,12984,2619,3734,4025,21543,2692,17214,11390,7786,19994,1.0,14:06,2015,2016
2015-16,2592,James Jones,James,1610612739,CLE,Cleveland Cavaliers,21500453,2015-12-26T00:00:00,CLE @ POR,L,18.1,0.0,2.0,0.0,4.0,9.0,7.0,0.0,12.0,0.0,1.0,2.0,1.0,9.4,1,13074,13074,13074,17440,12059,4731,9917,8599,15771,15642,1,18637,8004,17214,11390,12373,19568,1.0,18:06,2015,2016
2015-16,203492,Ray McCallum,Ray,1610612759,SAS,San Antonio Spurs,21500450,2015-12-26T00:00:00,SAS vs. DEN,W,1.2,0.0,0.0,0.0,0.0,2.0,0.0,0.0,4.0,0.0,0.0,0.0,0.0,0.0,1,1,1,1,25786,12059,10158,9917,18861,2619,1,1,23698,8004,1,1,18762,25170,1.0,1:14,2015,2016
2015-16,200745,Andrea Bargnani,Andrea,1610612751,BKN,Brooklyn Nets,21500447,2015-12-26T00:00:00,BKN vs. WAS,L,12.5,0.0,0.0,0.0,0.0,6.0,2.0,6.0,8.0,0.0,0.0,0.0,0.0,7.1,1,13074,13074,13074,21266,12059,10158,9917,18861,10028,3734,13388,21543,8004,1,1,18762,21141,1.0,12:32,2015,2016
2015-16,200768,Kyle Lowry,Kyle,1610612761,TOR,Toronto Raptors,21500441,2015-12-26T00:00:00,TOR @ MIL,W,31.7,6.0,3.0,2.0,8.0,8.0,8.0,6.0,36.0,0.0,0.0,1.0,3.0,30.9,1,1,1,1,6156,878,3104,4675,3109,13914,17345,13388,1943,8004,1,4972,4736,5452,1.0,31:41,2015,2016
2015-16,203082,Terrence Ross,Terrence,1610612761,TOR,Toronto Raptors,21500441,2015-12-26T00:00:00,TOR @ MIL,W,29.3,0.0,0.0,0.0,2.0,6.0,9.0,6.0,26.0,0.0,1.0,1.0,0.0,30.9,1,1,1,1,8099,12059,10158,9917,12984,10028,19144,13388,7214,8004,17214,4972,18762,5452,1.0,29:20,2015,2016
2015-16,201950,Jrue Holiday,Jrue,1610612740,NOP,New Orleans Pelicans,21500445,2015-12-26T00:00:00,NOP vs. HOU,W,27.2,0.0,0.0,2.0,4.0,15.0,13.0,5.0,16.0,1.0,0.0,3.0,2.0,19.9,1,1,1,1,9862,12059,10158,4675,8599,23079,23668,11593,15259,2692,1,17641,7786,11824,1.0,27:11,2015,2016
2015-16,203898,Tyler Ennis,Tyler,1610612749,MIL,Milwaukee Bucks,21500441,2015-12-26T00:00:00,MIL vs. TOR,L,7.6,0.0,0.0,0.0,4.0,2.0,2.0,2.0,8.0,0.0,0.0,1.0,0.0,11.7,1,13074,13074,13074,23372,12059,10158,9917,8599,2619,3734,4025,21543,8004,1,4972,18762,17903,1.0,7:33,2015,2016
2015-16,2581,Steve Blake,Steve,1610612765,DET,Detroit Pistons,21500446,2015-12-26T00:00:00,DET vs. BOS,L,21.3,0.0,0.0,2.0,2.0,5.0,2.0,0.0,16.0,0.0,0.0,1.0,2.0,20.4,1,13074,13074,13074,14760,12059,10158,4675,12984,8403,3734,1,15259,8004,1,4972,7786,11453,1.0,21:20,2015,2016
2015-16,201935,James Harden,James,1610612745,HOU,Houston Rockets,21500445,2015-12-26T00:00:00,HOU @ NOP,L,33.9,5.0,0.0,2.0,2.0,6.0,6.0,5.0,24.0,0.0,2.0,4.0,3.0,40.7,1,13074,13074,13074,4429,1603,10158,4675,12984,10028,13237,11593,8723,8004,23588,22104,4736,2199,1.0,33:54,2015,2016
2015-16,201952,Jeff Teague,Jeff,1610612737,ATL,Atlanta Hawks,21500442,2015-12-26T00:00:00,ATL vs. NYK,W,25.8,4.0,2.0,0.0,8.0,7.0,12.0,0.0,20.0,0.0,2.0,2.0,3.0,30.4,1,1,1,1,11045,2460,4731,9917,3109,12242,22832,1,11929,8004,23588,11390,4736,5661,1.0,25:46,2015,2016
2015-16,203459,Allen Crabbe,Allen,1610612757,POR,Portland Trail Blazers,21500453,2015-12-26T00:00:00,POR vs. CLE,W,31.1,7.0,0.0,3.0,4.0,2.0,6.0,12.0,18.0,0.0,1.0,2.0,2.0,31.1,1,1,1,1,6616,548,10158,3302,8599,2619,13237,22259,13577,8004,17214,11390,7786,5354,1.0,31:08,2015,2016
2015-16,201572,Brook Lopez,Brook,1610612751,BKN,Brooklyn Nets,21500447,2015-12-26T00:00:00,BKN vs. WAS,L,30.0,4.0,3.0,0.0,16.0,12.0,5.0,13.0,34.0,2.0,2.0,3.0,3.0,41.7,1,13074,13074,13074,7507,2460,3104,9917,275,20178,11469,23048,2701,932,23588,17641,4736,2002,1.0,30:02,2015,2016
2015-16,203918,Rodney Hood,Rodney,1610612762,UTA,Utah Jazz,21500452,2015-12-26T00:00:00,UTA vs. LAC,L,25.9,0.0,3.0,0.0,8.0,13.0,2.0,0.0,16.0,0.0,0.0,2.0,2.0,15.5,1,13074,13074,13074,10910,12059,3104,9917,3109,21300,3734,1,15259,8004,1,11390,7786,15004,1.0,25:55,2015,2016
2015-16,203089,John Henson,John,1610612749,MIL,Milwaukee Bucks,21500441,2015-12-26T00:00:00,MIL vs. TOR,L,14.9,2.0,0.0,2.0,10.0,10.0,3.0,4.0,18.0,3.0,0.0,0.0,3.0,20.2,1,13074,13074,13074,19800,6026,10158,4675,1840,17370,7138,8806,13577,347,1,1,4736,11610,1.0,14:56,2015,2016
2015-16,201171,Carl Landry,Carl,1610612755,PHI,Philadelphia 76ers,21500451,2015-12-26T00:00:00,PHI @ PHX,W,22.9,2.0,2.0,0.0,4.0,10.0,13.0,4.0,16.0,0.0,0.0,3.0,1.0,26.6,1,1,1,1,13484,6026,4731,9917,8599,17370,23668,8806,15259,8004,1,17641,12373,7566,1.0,22:52,2015,2016
2015-16,202391,Jeremy Lin,Jeremy,1610612766,CHA,Charlotte Hornets,21500443,2015-12-26T00:00:00,CHA vs. MEM,W,27.8,0.0,0.0,6.0,0.0,12.0,9.0,3.0,22.0,1.0,1.0,1.0,7.0,26.5,1,1,1,1,9352,12059,10158,740,18861,20178,19144,7328,10265,2692,17214,4972,469,7627,1.0,27:50,2015,2016
2015-16,203952,Andrew Wiggins,Andrew,1610612750,MIN,Minnesota Timberwolves,21500448,2015-12-26T00:00:00,MIN vs. IND,L,37.7,7.0,4.0,2.0,16.0,19.0,14.0,10.0,26.0,0.0,2.0,1.0,2.0,26.1,1,13074,13074,13074,1669,548,1596,4675,275,25074,24300,20169,7214,8004,23588,4972,7786,7836,1.0,37:40,2015,2016
2015-16,1626164,Devin Booker,Devin,1610612756,PHX,Phoenix Suns,21500451,2015-12-26T00:00:00,PHX vs. PHI,L,19.8,5.0,6.0,3.0,6.0,5.0,6.0,0.0,8.0,0.0,2.0,4.0,5.0,20.2,1,13074,13074,13074,16097,1603,481,3302,5299,8403,13237,1,21543,8004,23588,22104,1539,11610,1.0,19:46,2015,2016
2015-16,203118,Mike Scott,Mike,1610612737,ATL,Atlanta Hawks,21500442,2015-12-26T00:00:00,ATL vs. NYK,W,20.6,2.0,5.0,4.0,8.0,3.0,4.0,3.0,14.0,1.0,0.0,0.0,1.0,26.9,1,1,1,1,15401,6026,995,1913,3109,5109,8458,7328,17019,2692,1,1,12373,7438,1.0,20:35,2015,2016
2015-16,2730,Dwight Howard,Dwight,1610612745,HOU,Houston Rockets,21500445,2015-12-26T00:00:00,HOU @ NOP,L,31.2,0.0,3.0,0.0,4.0,11.0,13.0,2.0,22.0,1.0,0.0,4.0,2.0,19.8,1,13074,13074,13074,6553,12059,3104,9917,8599,18886,23668,4025,10265,2692,1,22104,7786,11883,1.0,31:12,2015,2016
2015-16,2207,Joe Johnson,Joe,1610612751,BKN,Brooklyn Nets,21500447,2015-12-26T00:00:00,BKN vs. WAS,L,36.8,0.0,3.0,0.0,2.0,12.0,7.0,12.0,34.0,0.0,0.0,1.0,3.0,12.1,1,13074,13074,13074,2238,12059,3104,9917,12984,20178,15642,22259,2701,8004,1,4972,4736,17639,1.0,36:47,2015,2016
2015-16,1626246,Boban Marjanović,Boban,1610612759,SAS,San Antonio Spurs,21500450,2015-12-26T00:00:00,SAS vs. DEN,W,14.9,4.0,4.0,0.0,2.0,8.0,4.0,2.0,20.0,4.0,0.0,2.0,5.0,31.4,1,1,1,1,19852,2460,1596,9917,12984,13914,8458,4025,11929,132,1,11390,1539,5218,1.0,14:52,2015,2016
2015-16,203999,Nikola Jokić,Nikola,1610612743,DEN,Denver Nuggets,21500450,2015-12-26T00:00:00,DEN @ SAS,L,26.2,8.0,2.0,0.0,18.0,6.0,10.0,4.0,20.0,1.0,2.0,4.0,4.0,40.9,1,13074,13074,13074,10726,308,4731,9917,131,10028,20509,8806,11929,2692,23588,22104,2748,2166,1.0,26:09,2015,2016
2015-16,203901,Elfrid Payton,Elfrid,1610612753,ORL,Orlando Magic,21500444,2015-12-26T00:00:00,ORL vs. MIA,L,33.5,2.0,2.0,0.0,16.0,9.0,5.0,11.0,30.0,0.0,1.0,2.0,3.0,30.9,1,13074,13074,13074,4781,6026,4731,9917,275,15771,11469,21342,4541,8004,17214,11390,4736,5452,1.0,33:27,2015,2016
2015-16,202397,Ish Smith,Ish,1610612755,PHI,Philadelphia 76ers,21500451,2015-12-26T00:00:00,PHI @ PHX,W,31.4,2.0,4.0,0.0,4.0,20.0,17.0,9.0,28.0,1.0,1.0,1.0,4.0,26.9,1,1,1,1,6377,6026,1596,9917,8599,25338,25429,18829,5824,2692,17214,4972,2748,7438,1.0,31:25,2015,2016
2015-16,202329,Al-Farouq Aminu,Al-Farouq,1610612757,POR,Portland Trail Blazers,21500453,2015-12-26T00:00:00,POR vs. CLE,W,22.1,0.0,0.0,2.0,4.0,2.0,2.0,10.0,12.0,0.0,0.0,1.0,2.0,26.7,1,1,1,1,14074,12059,10158,4675,8599,2619,3734,20169,18637,8004,1,4972,7786,7525,1.0,22:07,2015,2016
2015-16,203145,Kent Bazemore,Kent,1610612737,ATL,Atlanta Hawks,21500442,2015-12-26T00:00:00,ATL vs. NYK,W,27.1,3.0,3.0,0.0,0.0,9.0,10.0,2.0,18.0,0.0,1.0,2.0,1.0,19.8,1,1,1,1,9971,4307,3104,9917,18861,15771,20509,4025,13577,8004,17214,11390,12373,11883,1.0,27:03,2015,2016
2015-16,202083,Wesley Matthews,Wesley,1610612742,DAL,Dallas Mavericks,21500449,2015-12-26T00:00:00,DAL vs. CHI,W,35.8,2.0,3.0,2.0,4.0,8.0,19.0,3.0,28.0,0.0,1.0,2.0,0.0,19.8,1,1,1,1,2919,6026,3104,4675,8599,13914,25786,7328,5824,8004,17214,11390,18762,11883,1.0,35:46,2015,2016
2015-16,202704,Reggie Jackson,Reggie,1610612765,DET,Detroit Pistons,21500446,2015-12-26T00:00:00,DET vs. BOS,L,27.3,3.0,4.0,3.0,6.0,11.0,9.0,4.0,34.0,0.0,0.0,5.0,7.0,20.6,1,13074,13074,13074,9763,4307,1596,3302,5299,18886,19144,8806,2701,8004,1,24686,469,11314,1.0,27:18,2015,2016
2015-16,101161,Amir Johnson,Amir,1610612738,BOS,Boston Celtics,21500446,2015-12-26T00:00:00,BOS @ DET,W,28.3,2.0,4.0,0.0,12.0,7.0,11.0,7.0,26.0,0.0,1.0,3.0,2.0,20.6,1,1,1,1,9039,6026,1596,9917,988,12242,21814,15538,7214,8004,17214,17641,7786,11314,1.0,28:15,2015,2016
2015-16,202334,Ed Davis,Ed,1610612757,POR,Portland Trail Blazers,21500453,2015-12-26T00:00:00,POR vs. CLE,W,13.2,0.0,4.0,0.0,8.0,0.0,4.0,5.0,8.0,0.0,0.0,1.0,1.0,15.8,1,1,1,1,20888,12059,1596,9917,3109,1,8458,11593,21543,8004,1,4972,12373,14754,1.0,13:10,2015,2016
2015-16,203099,Jared Cunningham,Jared,1610612739,CLE,Cleveland Cavaliers,21500453,2015-12-26T00:00:00,CLE @ POR,L,12.0,3.0,0.0,2.0,2.0,4.0,6.0,0.0,6.0,0.0,0.0,0.0,2.0,12.0,1,13074,13074,13074,21529,4307,10158,4675,12984,6141,13237,1,22724,8004,1,1,7786,17703,1.0,12:00,2015,2016
2015-16,201145,Jeff Green,Jeff,1610612763,MEM,Memphis Grizzlies,21500443,2015-12-26T00:00:00,MEM @ CHA,L,23.8,3.0,2.0,1.0,4.0,14.0,2.0,17.0,12.0,0.0,1.0,1.0,3.0,20.3,1,13074,13074,13074,12728,4307,4731,9347,8599,22292,3734,24967,18637,8004,17214,4972,4736,11534,1.0,23:49,2015,2016
2015-16,200746,LaMarcus Aldridge,LaMarcus,1610612759,SAS,San Antonio Spurs,21500450,2015-12-26T00:00:00,SAS vs. DEN,W,30.2,2.0,2.0,2.0,8.0,4.0,2.0,2.0,26.0,3.0,0.0,2.0,0.0,30.8,1,1,1,1,7332,6026,4731,4675,3109,6141,3734,4025,7214,347,1,11390,18762,5493,1.0,30:14,2015,2016
2015-16,201978,Chase Budinger,Chase,1610612754,IND,Indiana Pacers,21500448,2015-12-26T00:00:00,IND @ MIN,W,15.8,0.0,0.0,2.0,4.0,11.0,0.0,4.0,8.0,0.0,0.0,1.0,1.0,20.1,1,1,1,1,19202,12059,10158,4675,8599,18886,1,8806,21543,8004,1,4972,12373,11685,1.0,15:48,2015,2016
2015-16,201588,George Hill,George,1610612754,IND,Indiana Pacers,21500448,2015-12-26T00:00:00,IND @ MIN,W,31.8,5.0,0.0,4.0,4.0,22.0,8.0,6.0,24.0,0.0,0.0,2.0,2.0,27.0,1,1,1,1,6074,1603,10158,1913,8599,25683,17345,13388,8723,8004,1,11390,7786,7385,1.0,31:48,2015,2016
2015-16,201936,Tyreke Evans,Tyreke,1610612740,NOP,New Orleans Pelicans,21500445,2015-12-26T00:00:00,NOP vs. HOU,W,40.5,0.0,0.0,2.0,4.0,15.0,14.0,12.0,24.0,1.0,2.0,2.0,2.0,40.3,1,1,1,1,605,12059,10158,4675,8599,23079,24300,22259,8723,2692,23588,11390,7786,2302,1.0,40:30,2015,2016
2015-16,203124,Kyle O'Quinn,Kyle,1610612752,NYK,New York Knicks,21500442,2015-12-26T00:00:00,NYK @ ATL,L,22.0,0.0,3.0,0.0,2.0,13.0,11.0,10.0,28.0,0.0,0.0,3.0,2.0,15.8,1,13074,13074,13074,14154,12059,3104,9917,12984,21300,21814,20169,5824,8004,1,17641,7786,14754,1.0,22:01,2015,2016
2015-16,2744,Al Jefferson,Al,1610612766,CHA,Charlotte Hornets,21500443,2015-12-26T00:00:00,CHA vs. MEM,W,17.6,0.0,0.0,0.0,0.0,11.0,5.0,2.0,16.0,2.0,0.0,6.0,1.0,15.8,1,1,1,1,17860,12059,10158,9917,18861,18886,11469,4025,15259,932,1,25827,12373,14754,1.0,17:33,2015,2016
2015-16,203476,Gorgui Dieng,Gorgui,1610612750,MIN,Minnesota Timberwolves,21500448,2015-12-26T00:00:00,MIN vs. IND,L,34.5,6.0,2.0,0.0,2.0,19.0,13.0,10.0,30.0,0.0,0.0,2.0,4.0,15.4,1,13074,13074,13074,3938,878,4731,9917,12984,25074,23668,20169,4541,8004,1,11390,2748,15066,1.0,34:31,2015,2016
2015-16,101162,Marcin Gortat,Marcin,1610612764,WAS,Washington Wizards,21500447,2015-12-26T00:00:00,WAS @ BKN,W,30.1,0.0,0.0,3.0,16.0,6.0,10.0,2.0,36.0,1.0,1.0,4.0,4.0,41.9,1,1,1,1,7476,12059,10158,3302,275,10028,20509,4025,1943,2692,17214,22104,2748,1958,1.0,30:05,2015,2016
2015-16,201577,Robin Lopez,Robin,1610612752,NYK,New York Knicks,21500442,2015-12-26T00:00:00,NYK @ ATL,L,20.2,2.0,2.0,0.0,6.0,13.0,9.0,6.0,26.0,1.0,0.0,0.0,1.0,19.8,1,13074,13074,13074,15775,6026,4731,9917,5299,21300,19144,13388,7214,2692,1,1,12373,11883,1.0,20:09,2015,2016
2015-16,101141,Ersan Ilyasova,Ersan,1610612765,DET,Detroit Pistons,21500446,2015-12-26T00:00:00,DET vs. BOS,L,28.6,5.0,2.0,2.0,4.0,15.0,8.0,4.0,32.0,0.0,0.0,3.0,1.0,26.4,1,13074,13074,13074,8761,1603,4731,4675,8599,23079,17345,8806,3535,8004,1,17641,12373,7672,1.0,28:34,2015,2016
2015-16,101109,Raymond Felton,Raymond,1610612742,DAL,Dallas Mavericks,21500449,2015-12-26T00:00:00,DAL vs. CHI,W,22.5,5.0,0.0,2.0,2.0,5.0,7.0,8.0,12.0,0.0,0.0,0.0,6.0,27.3,1,1,1,1,13793,1603,10158,4675,12984,8403,15642,17194,18637,8004,1,1,873,7236,1.0,22:27,2015,2016
2015-16,202699,Tobias Harris,Tobias,1610612753,ORL,Orlando Magic,21500444,2015-12-26T00:00:00,ORL vs. MIA,L,39.1,0.0,3.0,0.0,4.0,6.0,5.0,8.0,30.0,0.0,0.0,2.0,3.0,26.7,1,13074,13074,13074,1046,12059,3104,9917,8599,10028,11469,17194,4541,8004,1,11390,4736,7525,1.0,39:04,2015,2016
2015-16,203095,Evan Fournier,Evan,1610612753,ORL,Orlando Magic,21500444,2015-12-26T00:00:00,ORL vs. MIA,L,36.4,7.0,0.0,5.0,4.0,6.0,5.0,8.0,28.0,0.0,2.0,3.0,2.0,26.7,1,13074,13074,13074,2434,548,10158,1277,8599,10028,11469,17194,5824,8004,23588,17641,7786,7525,1.0,36:27,2015,2016
2015-16,202687,Bismack Biyombo,Bismack,1610612761,TOR,Toronto Raptors,21500441,2015-12-26T00:00:00,TOR @ MIL,W,27.1,1.0,2.0,3.0,8.0,4.0,11.0,8.0,26.0,4.0,1.0,2.0,4.0,41.9,1,1,1,1,9954,11535,4731,3302,3109,6141,21814,17194,7214,132,17214,11390,2748,1958,1.0,27:04,2015,2016
2015-16,202498,Lance Thomas,Lance,1610612752,NYK,New York Knicks,21500442,2015-12-26T00:00:00,NYK @ ATL,L,25.0,2.0,2.0,2.0,6.0,12.0,15.0,8.0,32.0,1.0,1.0,3.0,0.0,19.8,1,13074,13074,13074,11644,6026,4731,4675,5299,20178,24781,17194,3535,2692,17214,17641,18762,11883,1.0,25:02,2015,2016
2015-16,201584,Courtney Lee,Courtney,1610612763,MEM,Memphis Grizzlies,21500443,2015-12-26T00:00:00,MEM @ CHA,L,27.2,3.0,0.0,0.0,2.0,16.0,6.0,21.0,16.0,1.0,0.0,2.0,1.0,11.9,1,13074,13074,13074,9836,4307,10158,9917,12984,23774,13237,25725,15259,2692,1,11390,12373,17760,1.0,27:13,2015,2016
2015-16,202689,Kemba Walker,Kemba,1610612766,CHA,Charlotte Hornets,21500443,2015-12-26T00:00:00,CHA vs. MEM,W,39.6,5.0,2.0,7.0,4.0,17.0,13.0,6.0,40.0,0.0,2.0,1.0,3.0,41.2,1,1,1,1,867,1603,4731,454,8599,24337,23668,13388,983,8004,23588,4972,4736,2099,1.0,39:34,2015,2016
2015-16,203469,Cody Zeller,Cody,1610612766,CHA,Charlotte Hornets,21500443,2015-12-26T00:00:00,CHA vs. MEM,W,27.6,5.0,0.0,5.0,6.0,11.0,10.0,4.0,24.0,2.0,1.0,3.0,2.0,26.2,1,1,1,1,9571,1603,10158,1277,5299,18886,20509,8806,8723,932,17214,17641,7786,7785,1.0,27:33,2015,2016
2015-16,2564,Boris Diaw,Boris,1610612759,SAS,San Antonio Spurs,21500450,2015-12-26T00:00:00,SAS vs. DEN,W,24.6,0.0,0.0,2.0,8.0,8.0,6.0,2.0,26.0,0.0,0.0,0.0,2.0,20.6,1,1,1,1,12054,12059,10158,4675,3109,13914,13237,4025,7214,8004,1,1,7786,11314,1.0,24:34,2015,2016
2015-16,101108,Chris Paul,Chris,1610612746,LAC,LA Clippers,21500452,2015-12-26T00:00:00,LAC @ UTA,W,35.6,4.0,5.0,0.0,6.0,10.0,12.0,6.0,38.0,0.0,0.0,4.0,7.0,42.9,1,1,1,1,3095,2460,995,9917,5299,17370,22832,13388,1422,8004,1,22104,469,1754,1.0,35:33,2015,2016
2015-16,203088,Kendall Marshall,Kendall,1610612755,PHI,Philadelphia 76ers,21500451,2015-12-26T00:00:00,PHI @ PHX,W,14.6,0.0,0.0,0.0,0.0,2.0,6.0,2.0,8.0,0.0,0.0,2.0,1.0,12.1,1,1,1,1,20061,12059,10158,9917,18861,2619,13237,4025,21543,8004,1,11390,12373,17639,1.0,14:34,2015,2016
2015-16,204025,Tim Frazier,Tim,1610612757,POR,Portland Trail Blazers,21500453,2015-12-26T00:00:00,POR vs. CLE,W,18.1,2.0,0.0,0.0,2.0,3.0,4.0,7.0,12.0,0.0,0.0,0.0,1.0,11.6,1,1,1,1,17461,6026,10158,9917,12984,5109,8458,15538,18637,8004,1,1,12373,17970,1.0,18:05,2015,2016
2015-16,101145,Monta Ellis,Monta,1610612754,IND,Indiana Pacers,21500448,2015-12-26T00:00:00,IND @ MIN,W,36.0,6.0,6.0,4.0,6.0,23.0,14.0,4.0,34.0,0.0,0.0,0.0,3.0,30.7,1,1,1,1,2748,878,481,1913,5299,25803,24300,8806,2701,8004,1,1,4736,5539,1.0,36:01,2015,2016
2015-16,203484,Kentavious Caldwell-Pope,Kentavious,1610612765,DET,Detroit Pistons,21500446,2015-12-26T00:00:00,DET vs. BOS,L,35.4,0.0,0.0,0.0,4.0,16.0,9.0,4.0,38.0,0.0,0.0,3.0,1.0,11.8,1,13074,13074,13074,3237,12059,10158,9917,8599,23774,19144,8806,1422,8004,1,17641,12373,17832,1.0,35:23,2015,2016
2015-16,202703,Nikola Mirotic,Nikola,1610612741,CHI,Chicago Bulls,21500449,2015-12-26T00:00:00,CHI @ DAL,L,40.1,5.0,1.0,1.0,2.0,15.0,29.0,11.0,36.0,3.0,0.0,4.0,6.0,47.9,1,13074,13074,13074,712,1603,9709,9347,12984,23079,26071,21342,1943,347,1,22104,873,970,1.0,40:04,2015,2016
2015-16,202330,Gordon Hayward,Gordon,1610612762,UTA,Utah Jazz,21500452,2015-12-26T00:00:00,UTA vs. LAC,L,36.8,5.0,3.0,4.0,10.0,19.0,7.0,3.0,20.0,0.0,1.0,3.0,9.0,44.7,1,13074,13074,13074,2247,1603,3104,1913,1840,25074,15642,7328,11929,8004,17214,17641,138,1419,1.0,36:47,2015,2016
2015-16,200826,J.J. Barea,J.J.,1610612742,DAL,Dallas Mavericks,21500449,2015-12-26T00:00:00,DAL vs. CHI,W,32.8,3.0,3.0,2.0,4.0,11.0,17.0,0.0,28.0,1.0,0.0,1.0,3.0,35.5,1,1,1,1,5260,4307,3104,4675,8599,18886,25429,1,5824,2692,1,4972,4736,3657,1.0,32:49,2015,2016
2015-16,2546,Carmelo Anthony,Carmelo,1610612752,NYK,New York Knicks,21500442,2015-12-26T00:00:00,NYK @ ATL,L,30.4,0.0,7.0,0.0,6.0,15.0,16.0,11.0,32.0,1.0,1.0,2.0,8.0,37.4,1,13074,13074,13074,7177,12059,292,9917,5299,23079,25155,21342,3535,2692,17214,11390,254,3073,1.0,30:24,2015,2016
2015-16,2225,Tony Parker,Tony,1610612759,SAS,San Antonio Spurs,21500450,2015-12-26T00:00:00,SAS vs. DEN,W,25.5,4.0,0.0,2.0,6.0,4.0,2.0,2.0,26.0,0.0,0.0,0.0,0.0,29.8,1,1,1,1,11317,2460,10158,4675,5299,6141,3734,4025,7214,8004,1,1,18762,5948,1.0,25:28,2015,2016
2015-16,203917,Nik Stauskas,Nik,1610612755,PHI,Philadelphia 76ers,21500451,2015-12-26T00:00:00,PHI @ PHX,W,23.3,6.0,2.0,2.0,6.0,9.0,9.0,7.0,14.0,1.0,1.0,0.0,2.0,29.8,1,1,1,1,13105,878,4731,4675,5299,15771,19144,15538,17019,2692,17214,1,7786,5948,1.0,23:20,2015,2016
2015-16,1718,Paul Pierce,Paul,1610612746,LAC,LA Clippers,21500452,2015-12-26T00:00:00,LAC @ UTA,W,27.1,9.0,0.0,0.0,2.0,4.0,10.0,3.0,26.0,0.0,1.0,2.0,2.0,29.0,1,1,1,1,9954,171,10158,9917,12984,6141,20509,7328,7214,8004,17214,11390,7786,6346,1.0,27:04,2015,2016
2015-16,2200,Pau Gasol,Pau,1610612741,CHI,Chicago Bulls,21500449,2015-12-26T00:00:00,CHI @ DAL,L,38.1,2.0,6.0,0.0,10.0,15.0,28.0,11.0,32.0,3.0,0.0,5.0,5.0,45.3,1,13074,13074,13074,1472,6026,481,9917,1840,23079,26070,21342,3535,347,1,24686,1539,1310,1.0,38:05,2015,2016
2015-16,2743,Kris Humphries,Kris,1610612764,WAS,Washington Wizards,21500447,2015-12-26T00:00:00,WAS @ BKN,W,19.8,4.0,0.0,1.0,4.0,3.0,2.0,5.0,16.0,0.0,1.0,1.0,2.0,24.1,1,1,1,1,16085,2460,10158,9347,8599,5109,3734,11593,15259,8004,17214,4972,7786,9068,1.0,19:47,2015,2016
2015-16,201599,DeAndre Jordan,DeAndre,1610612746,LAC,LA Clippers,21500452,2015-12-26T00:00:00,LAC @ UTA,W,34.7,1.0,2.0,0.0,12.0,10.0,13.0,6.0,36.0,4.0,0.0,2.0,4.0,44.6,1,1,1,1,3772,11535,4731,9917,988,17370,23668,13388,1943,132,1,11390,2748,1438,1.0,34:43,2015,2016
2015-16,201583,Ryan Anderson,Ryan,1610612740,NOP,New Orleans Pelicans,21500445,2015-12-26T00:00:00,NOP vs. HOU,W,22.7,2.0,5.0,0.0,6.0,10.0,10.0,2.0,16.0,1.0,0.0,2.0,2.0,24.5,1,1,1,1,13582,6026,995,9917,5299,17370,20509,4025,15259,2692,1,11390,7786,8801,1.0,22:44,2015,2016
2015-16,201951,Ty Lawson,Ty,1610612745,HOU,Houston Rockets,21500445,2015-12-26T00:00:00,HOU @ NOP,L,30.1,0.0,0.0,0.0,0.0,7.0,8.0,7.0,24.0,0.0,2.0,2.0,2.0,23.9,1,13074,13074,13074,7424,12059,10158,9917,18861,12242,17345,15538,8723,8004,23588,11390,7786,9184,1.0,30:07,2015,2016
2015-16,201609,Goran Dragic,Goran,1610612748,MIA,Miami Heat,21500444,2015-12-26T00:00:00,MIA @ ORL,W,35.4,4.0,3.0,4.0,10.0,11.0,5.0,7.0,34.0,0.0,0.0,3.0,2.0,35.2,1,1,1,1,3264,2460,3104,1913,1840,18886,11469,15538,2701,8004,1,17641,7786,3745,1.0,35:21,2015,2016
2015-16,201587,Nicolas Batum,Nicolas,1610612766,CHA,Charlotte Hornets,21500443,2015-12-26T00:00:00,CHA vs. MEM,W,40.1,7.0,0.0,7.0,8.0,20.0,13.0,4.0,36.0,2.0,1.0,0.0,3.0,50.2,1,1,1,1,712,548,10158,454,3109,25338,23668,8806,1943,932,17214,1,4736,733,1.0,40:04,2015,2016
2015-16,203076,Anthony Davis,Anthony,1610612740,NOP,New Orleans Pelicans,21500445,2015-12-26T00:00:00,NOP vs. HOU,W,37.8,5.0,3.0,0.0,12.0,19.0,18.0,12.0,22.0,3.0,0.0,3.0,7.0,47.6,1,1,1,1,1602,1603,3104,9917,988,25074,25634,22259,10265,347,1,17641,469,1003,1.0,37:49,2015,2016
2015-16,201937,Ricky Rubio,Ricky,1610612750,MIN,Minnesota Timberwolves,21500448,2015-12-26T00:00:00,MIN vs. IND,L,36.6,4.0,2.0,2.0,4.0,17.0,14.0,12.0,26.0,0.0,0.0,1.0,1.0,44.5,1,13074,13074,13074,2336,2460,4731,4675,8599,24337,24300,22259,7214,8004,1,4972,12373,1459,1.0,36:36,2015,2016
2015-16,201188,Marc Gasol,Marc,1610612763,MEM,Memphis Grizzlies,21500443,2015-12-26T00:00:00,MEM @ CHA,L,33.2,6.0,0.0,0.0,10.0,18.0,10.0,22.0,16.0,1.0,2.0,3.0,5.0,29.0,1,13074,13074,13074,4953,878,10158,9917,1840,24749,20509,25811,15259,2692,23588,17641,1539,6346,1.0,33:14,2015,2016
2015-16,203083,Andre Drummond,Andre,1610612765,DET,Detroit Pistons,21500446,2015-12-26T00:00:00,DET vs. BOS,L,35.9,5.0,8.0,0.0,18.0,13.0,9.0,4.0,40.0,2.0,0.0,1.0,7.0,59.9,1,13074,13074,13074,2830,1603,137,9917,131,21300,19144,8806,983,932,1,4972,469,210,1.0,35:55,2015,2016
2015-16,2548,Dwyane Wade,Dwyane,1610612748,MIA,Miami Heat,21500444,2015-12-26T00:00:00,MIA @ ORL,W,29.9,0.0,2.0,2.0,6.0,9.0,5.0,5.0,30.0,1.0,1.0,1.0,6.0,43.4,1,1,1,1,7636,12059,4731,4675,5299,15771,11469,11593,4541,2692,17214,4972,873,1662,1.0,29:53,2015,2016
2015-16,2216,Zach Randolph,Zach,1610612763,MEM,Memphis Grizzlies,21500443,2015-12-26T00:00:00,MEM @ CHA,L,32.9,2.0,2.0,0.0,12.0,11.0,8.0,15.0,12.0,0.0,3.0,2.0,5.0,35.9,1,13074,13074,13074,5183,6026,4731,9917,988,18886,17345,24242,18637,8004,25441,11390,1539,3505,1.0,32:56,2015,2016
2015-16,202335,Patrick Patterson,Patrick,1610612761,TOR,Toronto Raptors,21500441,2015-12-26T00:00:00,TOR @ MIL,W,28.5,3.0,0.0,0.0,4.0,6.0,9.0,6.0,24.0,2.0,0.0,2.0,1.0,28.9,1,1,1,1,8853,4307,10158,9917,8599,10028,19144,13388,8723,932,1,11390,12373,6414,1.0,28:28,2015,2016
2015-16,202322,John Wall,John,1610612764,WAS,Washington Wizards,21500447,2015-12-26T00:00:00,WAS @ BKN,W,34.2,6.0,2.0,6.0,8.0,9.0,10.0,4.0,40.0,2.0,1.0,1.0,4.0,52.3,1,1,1,1,4150,878,4731,740,3109,15771,20509,8806,983,932,17214,4972,2748,559,1.0,34:14,2015,2016
2015-16,203471,Dennis Schröder,Dennis,1610612737,ATL,Atlanta Hawks,21500442,2015-12-26T00:00:00,ATL vs. NYK,W,21.4,0.0,0.0,0.0,6.0,2.0,6.0,5.0,14.0,0.0,2.0,0.0,1.0,29.8,1,1,1,1,14735,12059,10158,9917,5299,2619,13237,11593,17019,8004,23588,1,12373,5948,1.0,21:21,2015,2016
2015-16,202718,Chandler Parsons,Chandler,1610612742,DAL,Dallas Mavericks,21500449,2015-12-26T00:00:00,DAL vs. CHI,W,35.5,9.0,8.0,4.0,12.0,7.0,7.0,8.0,26.0,0.0,1.0,1.0,1.0,36.5,1,1,1,1,3124,171,137,1913,988,12242,15642,17194,7214,8004,17214,4972,12373,3326,1.0,35:31,2015,2016
2015-16,2747,JR Smith,JR,1610612739,CLE,Cleveland Cavaliers,21500453,2015-12-26T00:00:00,CLE @ POR,L,20.9,0.0,0.0,3.0,0.0,9.0,5.0,6.0,22.0,0.0,0.0,2.0,1.0,7.5,1,13074,13074,13074,15158,12059,10158,3302,18861,15771,11469,13388,10265,8004,1,11390,12373,20874,1.0,20:53,2015,2016
2015-16,2547,Chris Bosh,Chris,1610612748,MIA,Miami Heat,21500444,2015-12-26T00:00:00,MIA @ ORL,W,34.8,5.0,0.0,2.0,10.0,9.0,6.0,7.0,30.0,0.0,0.0,2.0,1.0,45.5,1,1,1,1,3724,1603,10158,4675,1840,15771,13237,15538,4541,8004,1,11390,12373,1278,1.0,34:46,2015,2016
2015-16,201144,Mike Conley,Mike,1610612763,MEM,Memphis Grizzlies,21500443,2015-12-26T00:00:00,MEM @ CHA,L,30.9,6.0,5.0,1.0,4.0,16.0,6.0,19.0,14.0,1.0,2.0,2.0,3.0,43.3,1,13074,13074,13074,6818,878,995,9347,8599,23774,13237,25435,17019,2692,23588,11390,4736,1678,1.0,30:53,2015,2016
2015-16,201143,Al Horford,Al,1610612737,ATL,Atlanta Hawks,21500442,2015-12-26T00:00:00,ATL vs. NYK,W,31.4,0.0,4.0,0.0,12.0,5.0,13.0,3.0,20.0,2.0,1.0,1.0,1.0,47.7,1,1,1,1,6389,12059,1596,9917,988,8403,23668,7328,11929,932,17214,4972,12373,989,1.0,31:23,2015,2016
2015-16,201152,Thaddeus Young,Thaddeus,1610612751,BKN,Brooklyn Nets,21500447,2015-12-26T00:00:00,BKN vs. WAS,L,36.7,0.0,4.0,0.0,16.0,13.0,5.0,14.0,36.0,1.0,0.0,3.0,4.0,45.8,1,13074,13074,13074,2285,12059,1596,9917,275,21300,11469,23710,1943,2692,1,17641,2748,1242,1.0,36:42,2015,2016
2015-16,200794,Paul Millsap,Paul,1610612737,ATL,Atlanta Hawks,21500442,2015-12-26T00:00:00,ATL vs. NYK,W,33.3,4.0,4.0,4.0,12.0,9.0,12.0,2.0,20.0,1.0,2.0,3.0,6.0,51.9,1,1,1,1,4912,2460,1596,1913,988,15771,22832,4025,11929,2692,23588,17641,873,576,1.0,33:17,2015,2016
2015-16,201600,Omer Asik,Omer,1610612740,NOP,New Orleans Pelicans,21500445,2015-12-26T00:00:00,NOP vs. HOU,W,22.5,0.0,2.0,0.0,4.0,8.0,9.0,9.0,12.0,2.0,0.0,2.0,3.0,24.6,1,1,1,1,13752,12059,4731,9917,8599,13914,19144,18829,18637,932,1,11390,4736,8724,1.0,22:31,2015,2016
2015-16,202696,Nikola Vučević,Nikola,1610612753,ORL,Orlando Magic,21500444,2015-12-26T00:00:00,ORL vs. MIA,L,36.2,0.0,0.0,0.0,10.0,6.0,5.0,8.0,30.0,1.0,0.0,3.0,1.0,53.0,1,13074,13074,13074,2591,12059,10158,9917,1840,10028,11469,17194,4541,2692,1,17641,12373,521,1.0,36:15,2015,2016
2015-16,201942,DeMar DeRozan,DeMar,1610612761,TOR,Toronto Raptors,21500441,2015-12-26T00:00:00,TOR @ MIL,W,33.3,3.0,3.0,1.0,8.0,6.0,13.0,8.0,30.0,0.0,1.0,3.0,6.0,37.6,1,1,1,1,4899,4307,3104,9347,3109,10028,23668,17194,4541,8004,17214,17641,873,3018,1.0,33:17,2015,2016
2015-16,203897,Zach LaVine,Zach,1610612750,MIN,Minnesota Timberwolves,21500448,2015-12-26T00:00:00,MIN vs. IND,L,26.3,0.0,0.0,0.0,0.0,17.0,10.0,10.0,28.0,0.0,0.0,0.0,1.0,17.0,1,13074,13074,13074,10597,12059,10158,9917,18861,24337,20509,20169,5824,8004,1,1,12373,13855,1.0,26:18,2015,2016
2015-16,204038,Langston Galloway,Langston,1610612752,NYK,New York Knicks,21500442,2015-12-26T00:00:00,NYK @ ATL,L,25.9,5.0,0.0,0.0,0.0,11.0,8.0,10.0,34.0,3.0,0.0,2.0,1.0,27.8,1,13074,13074,13074,10908,1603,10158,9917,18861,18886,17345,20169,2701,347,1,11390,12373,6950,1.0,25:55,2015,2016
2015-16,202344,Trevor Booker,Trevor,1610612762,UTA,Utah Jazz,21500452,2015-12-26T00:00:00,UTA vs. LAC,L,27.5,0.0,2.0,0.0,6.0,15.0,9.0,3.0,18.0,0.0,1.0,3.0,1.0,13.7,1,13074,13074,13074,9606,12059,4731,9917,5299,23079,19144,7328,13577,8004,17214,17641,12373,16393,1.0,27:30,2015,2016
2015-16,203943,Noah Vonleh,Noah,1610612757,POR,Portland Trail Blazers,21500453,2015-12-26T00:00:00,POR vs. CLE,W,21.4,0.0,0.0,0.0,0.0,2.0,2.0,10.0,10.0,0.0,0.0,3.0,0.0,22.7,1,1,1,1,14657,12059,10158,9917,18861,2619,3734,20169,20209,8004,1,17641,18762,9938,1.0,21:26,2015,2016
2015-16,2199,Tyson Chandler,Tyson,1610612756,PHX,Phoenix Suns,21500451,2015-12-26T00:00:00,PHX vs. PHI,L,14.9,0.0,6.0,0.0,6.0,4.0,4.0,5.0,6.0,0.0,0.0,2.0,5.0,22.0,1,13074,13074,13074,19837,12059,481,9917,5299,6141,8458,11593,22724,8004,1,11390,1539,10388,1.0,14:54,2015,2016
2015-16,202684,Tristan Thompson,Tristan,1610612739,CLE,Cleveland Cavaliers,21500453,2015-12-26T00:00:00,CLE @ POR,L,21.9,0.0,4.0,0.0,4.0,19.0,4.0,7.0,30.0,0.0,0.0,3.0,0.0,17.7,1,13074,13074,13074,14258,12059,1596,9917,8599,25074,8458,15538,4541,8004,1,17641,18762,13380,1.0,21:54,2015,2016
2015-16,202332,Cole Aldrich,Cole,1610612746,LAC,LA Clippers,21500452,2015-12-26T00:00:00,LAC @ UTA,W,13.2,0.0,2.0,0.0,8.0,2.0,2.0,0.0,8.0,1.0,1.0,3.0,2.0,17.6,1,1,1,1,20852,12059,4731,9917,3109,2619,3734,1,21543,2692,17214,17641,7786,13443,1.0,13:14,2015,2016
2015-16,201162,Jared Dudley,Jared,1610612764,WAS,Washington Wizards,21500447,2015-12-26T00:00:00,WAS @ BKN,W,28.6,0.0,0.0,0.0,0.0,7.0,10.0,2.0,32.0,0.0,0.0,4.0,2.0,14.1,1,1,1,1,8699,12059,10158,9917,18861,12242,20509,4025,3535,8004,1,22104,7786,16094,1.0,28:38,2015,2016
2015-16,2772,Trevor Ariza,Trevor,1610612745,HOU,Houston Rockets,21500445,2015-12-26T00:00:00,HOU @ NOP,L,35.7,6.0,0.0,7.0,6.0,11.0,8.0,2.0,30.0,0.0,0.0,1.0,4.0,28.4,1,13074,13074,13074,2988,878,10158,454,5299,18886,17345,4025,4541,8004,1,4972,2748,6663,1.0,35:41,2015,2016
2015-16,201567,Kevin Love,Kevin,1610612739,CLE,Cleveland Cavaliers,21500453,2015-12-26T00:00:00,CLE @ POR,L,19.8,0.0,0.0,0.0,0.0,9.0,3.0,6.0,18.0,0.0,0.0,0.0,2.0,17.0,1,13074,13074,13074,16085,12059,10158,9917,18861,15771,7138,13388,13577,8004,1,1,7786,13855,1.0,19:47,2015,2016
2015-16,2561,David West,David,1610612759,SAS,San Antonio Spurs,21500450,2015-12-26T00:00:00,SAS vs. DEN,W,26.2,0.0,0.0,0.0,4.0,2.0,0.0,2.0,22.0,4.0,0.0,1.0,1.0,38.8,1,1,1,1,10697,12059,10158,9917,8599,2619,1,4025,10265,132,1,4972,12373,2692,1.0,26:11,2015,2016
2015-16,2585,Zaza Pachulia,Zaza,1610612742,DAL,Dallas Mavericks,21500449,2015-12-26T00:00:00,DAL vs. CHI,W,29.4,0.0,6.0,3.0,10.0,6.0,12.0,1.0,16.0,0.0,1.0,5.0,5.0,31.9,1,1,1,1,8018,12059,481,3302,1840,10028,22832,3646,15259,8004,17214,24686,1539,4984,1.0,29:26,2015,2016
2015-16,201988,Patty Mills,Patty,1610612759,SAS,San Antonio Spurs,21500450,2015-12-26T00:00:00,SAS vs. DEN,W,22.5,6.0,2.0,3.0,0.0,8.0,4.0,2.0,22.0,0.0,0.0,1.0,1.0,16.9,1,1,1,1,13737,878,4731,3302,18861,13914,8458,4025,10265,8004,1,4972,12373,13911,1.0,22:32,2015,2016
2015-16,202328,Greg Monroe,Greg,1610612749,MIL,Milwaukee Bucks,21500441,2015-12-26T00:00:00,MIL vs. TOR,L,33.1,2.0,4.0,0.0,12.0,12.0,10.0,6.0,24.0,1.0,1.0,1.0,4.0,37.7,1,13074,13074,13074,5064,6026,1596,9917,988,20178,20509,13388,8723,2692,17214,4972,2748,2990,1.0,33:04,2015,2016
2015-16,101133,Ian Mahinmi,Ian,1610612754,IND,Indiana Pacers,21500448,2015-12-26T00:00:00,IND @ MIN,W,22.6,4.0,0.0,3.0,6.0,16.0,8.0,2.0,24.0,0.0,0.0,3.0,2.0,22.2,1,1,1,1,13670,2460,10158,3302,5299,23774,17345,4025,8723,8004,1,17641,7786,10263,1.0,22:38,2015,2016
2015-16,202738,Isaiah Thomas,Isaiah,1610612738,BOS,Boston Celtics,21500446,2015-12-26T00:00:00,BOS @ DET,W,33.0,6.0,1.0,0.0,8.0,11.0,20.0,7.0,34.0,0.0,0.0,3.0,7.0,27.7,1,1,1,1,5103,878,9709,9917,3109,18886,25875,15538,2701,8004,1,17641,469,7008,1.0,33:01,2015,2016
2015-16,202695,Kawhi Leonard,Kawhi,1610612759,SAS,San Antonio Spurs,21500450,2015-12-26T00:00:00,SAS vs. DEN,W,32.0,0.0,2.0,0.0,4.0,4.0,4.0,2.0,28.0,0.0,1.0,1.0,4.0,37.5,1,1,1,1,5927,12059,4731,9917,8599,6141,8458,4025,5824,8004,17214,4972,2748,3050,1.0,31:58,2015,2016
2015-16,202340,Avery Bradley,Avery,1610612738,BOS,Boston Celtics,21500446,2015-12-26T00:00:00,BOS @ DET,W,31.5,3.0,0.0,0.0,0.0,11.0,16.0,7.0,28.0,0.0,0.0,2.0,1.0,33.3,1,1,1,1,6352,4307,10158,9917,18861,18886,25155,15538,5824,8004,1,11390,12373,4423,1.0,31:27,2015,2016
2015-16,203457,Nerlens Noel,Nerlens,1610612755,PHI,Philadelphia 76ers,21500451,2015-12-26T00:00:00,PHI @ PHX,W,30.8,0.0,7.0,0.0,10.0,20.0,19.0,5.0,24.0,2.0,0.0,5.0,4.0,38.2,1,1,1,1,6878,12059,292,9917,1840,25338,25786,11593,8723,932,1,24686,2748,2854,1.0,30:50,2015,2016
2015-16,203468,CJ McCollum,CJ,1610612757,POR,Portland Trail Blazers,21500453,2015-12-26T00:00:00,POR vs. CLE,W,34.2,7.0,2.0,2.0,8.0,2.0,2.0,10.0,14.0,0.0,0.0,0.0,2.0,31.8,1,1,1,1,4147,548,4731,4675,3109,2619,3734,20169,17019,8004,1,1,7786,5041,1.0,34:14,2015,2016
2015-16,203477,Isaiah Canaan,Isaiah,1610612755,PHI,Philadelphia 76ers,21500451,2015-12-26T00:00:00,PHI @ PHX,W,27.6,6.0,0.0,2.0,4.0,18.0,17.0,7.0,26.0,0.0,0.0,1.0,4.0,32.3,1,1,1,1,9504,878,10158,4675,8599,24749,25429,15538,7214,8004,1,4972,2748,4807,1.0,27:39,2015,2016
2015-16,202720,Jon Leuer,Jon,1610612756,PHX,Phoenix Suns,21500451,2015-12-26T00:00:00,PHX vs. PHI,L,36.3,2.0,2.0,2.0,6.0,14.0,13.0,4.0,26.0,1.0,1.0,3.0,1.0,32.3,1,13074,13074,13074,2576,6026,4731,4675,5299,22292,23668,8806,7214,2692,17214,17641,12373,4807,1.0,36:16,2015,2016
2015-16,203934,Lamar Patterson,Lamar,1610612737,ATL,Atlanta Hawks,21500442,2015-12-26T00:00:00,ATL vs. NYK,W,15.8,3.0,0.0,3.0,4.0,3.0,8.0,3.0,14.0,0.0,0.0,1.0,0.0,13.6,1,1,1,1,19214,4307,10158,3302,8599,5109,17345,7328,17019,8004,1,4972,18762,16460,1.0,15:46,2015,2016
2015-16,1717,Dirk Nowitzki,Dirk,1610612742,DAL,Dallas Mavericks,21500449,2015-12-26T00:00:00,DAL vs. CHI,W,33.4,3.0,5.0,0.0,2.0,6.0,15.0,4.0,24.0,0.0,0.0,3.0,4.0,28.2,1,1,1,1,4823,4307,995,9917,12984,10028,24781,8806,8723,8004,1,17641,2748,6778,1.0,33:24,2015,2016
2015-16,201959,Taj Gibson,Taj,1610612741,CHI,Chicago Bulls,21500449,2015-12-26T00:00:00,CHI @ DAL,L,32.7,2.0,2.0,0.0,4.0,16.0,23.0,15.0,30.0,0.0,0.0,4.0,3.0,22.1,1,13074,13074,13074,5334,6026,4731,9917,8599,23774,26017,24242,4541,8004,1,22104,4736,10332,1.0,32:43,2015,2016
2015-16,101107,Marvin Williams,Marvin,1610612766,CHA,Charlotte Hornets,21500443,2015-12-26T00:00:00,CHA vs. MEM,W,23.8,2.0,4.0,0.0,2.0,19.0,4.0,1.0,26.0,3.0,0.0,2.0,3.0,21.8,1,1,1,1,12715,6026,1596,9917,12984,25074,8458,3646,7214,347,1,11390,4736,10526,1.0,23:50,2015,2016
2015-16,202709,Cory Joseph,Cory,1610612761,TOR,Toronto Raptors,21500441,2015-12-26T00:00:00,TOR @ MIL,W,16.3,0.0,0.0,0.0,0.0,0.0,5.0,4.0,8.0,0.0,1.0,2.0,1.0,13.6,1,1,1,1,18804,12059,10158,9917,18861,1,11469,8806,21543,8004,17214,11390,12373,16460,1.0,16:19,2015,2016
2015-16,203114,Khris Middleton,Khris,1610612749,MIL,Milwaukee Bucks,21500441,2015-12-26T00:00:00,MIL vs. TOR,L,37.3,2.0,5.0,0.0,2.0,12.0,10.0,6.0,30.0,0.0,1.0,3.0,2.0,32.1,1,13074,13074,13074,1925,6026,995,9917,12984,20178,20509,13388,4541,8004,17214,17641,7786,4889,1.0,37:15,2015,2016
2015-16,201960,DeMarre Carroll,DeMarre,1610612761,TOR,Toronto Raptors,21500441,2015-12-26T00:00:00,TOR @ MIL,W,17.9,7.0,0.0,2.0,2.0,2.0,0.0,2.0,18.0,0.0,0.0,0.0,1.0,13.9,1,1,1,1,17596,548,10158,4675,12984,2619,1,4025,13577,8004,1,1,12373,16232,1.0,17:54,2015,2016
2015-16,202325,Wesley Johnson,Wesley,1610612746,LAC,LA Clippers,21500452,2015-12-26T00:00:00,LAC @ UTA,W,15.5,0.0,0.0,0.0,2.0,3.0,5.0,1.0,6.0,0.0,0.0,2.0,0.0,13.9,1,1,1,1,19429,12059,10158,9917,12984,5109,11469,3646,22724,8004,1,11390,18762,16232,1.0,15:29,2015,2016
2015-16,1626157,Karl-Anthony Towns,Karl-Anthony,1610612750,MIN,Minnesota Timberwolves,21500448,2015-12-26T00:00:00,MIN vs. IND,L,40.0,12.0,4.0,2.0,12.0,22.0,11.0,16.0,32.0,1.0,0.0,4.0,4.0,39.1,1,13074,13074,13074,737,27,1596,4675,988,25683,21814,24641,3535,2692,1,22104,2748,2616,1.0,39:58,2015,2016
2015-16,203530,Joffrey Lauvergne,Joffrey,1610612743,DEN,Denver Nuggets,21500450,2015-12-26T00:00:00,DEN @ SAS,L,21.9,0.0,0.0,0.0,4.0,12.0,4.0,7.0,22.0,0.0,1.0,0.0,1.0,17.7,1,13074,13074,13074,14293,12059,10158,9917,8599,20178,8458,15538,10265,8004,17214,1,12373,13380,1.0,21:51,2015,2016
2015-16,201949,James Johnson,James,1610612761,TOR,Toronto Raptors,21500441,2015-12-26T00:00:00,TOR @ MIL,W,15.5,2.0,2.0,2.0,6.0,2.0,4.0,4.0,14.0,2.0,0.0,2.0,0.0,17.4,1,1,1,1,19414,6026,4731,4675,5299,2619,8458,8806,17019,932,1,11390,18762,13595,1.0,15:29,2015,2016
2015-16,201569,Eric Gordon,Eric,1610612740,NOP,New Orleans Pelicans,21500445,2015-12-26T00:00:00,NOP vs. HOU,W,39.6,6.0,3.0,3.0,2.0,21.0,20.0,12.0,28.0,0.0,0.0,3.0,1.0,37.9,1,1,1,1,843,878,3104,3302,12984,25535,25875,22259,5824,8004,1,17641,12373,2931,1.0,39:37,2015,2016
2015-16,203486,Mason Plumlee,Mason,1610612757,POR,Portland Trail Blazers,21500453,2015-12-26T00:00:00,POR vs. CLE,W,28.4,3.0,1.0,2.0,8.0,2.0,2.0,10.0,14.0,1.0,0.0,2.0,5.0,37.8,1,1,1,1,8932,4307,9709,4675,3109,2619,3734,20169,17019,2692,1,11390,1539,2956,1.0,28:23,2015,2016
2015-16,203526,Raul Neto,Raul,1610612762,UTA,Utah Jazz,21500452,2015-12-26T00:00:00,UTA vs. LAC,L,29.8,5.0,0.0,2.0,6.0,17.0,9.0,0.0,22.0,0.0,0.0,4.0,1.0,22.2,1,13074,13074,13074,7738,1603,10158,4675,5299,24337,19144,1,10265,8004,1,22104,12373,10263,1.0,29:47,2015,2016
2015-16,203115,Will Barton,Will,1610612743,DEN,Denver Nuggets,21500450,2015-12-26T00:00:00,DEN @ SAS,L,28.0,0.0,0.0,0.0,8.0,8.0,10.0,4.0,26.0,0.0,2.0,1.0,2.0,28.5,1,13074,13074,13074,9223,12059,10158,9917,3109,13914,20509,8806,7214,8004,23588,4972,7786,6613,1.0,28:00,2015,2016
2015-16,202710,Jimmy Butler III,Jimmy,1610612741,CHI,Chicago Bulls,21500449,2015-12-26T00:00:00,CHI @ DAL,L,37.1,0.0,3.0,4.0,4.0,21.0,26.0,13.0,32.0,0.0,0.0,2.0,5.0,37.8,1,13074,13074,13074,2034,12059,3104,1913,8599,25535,26061,23048,3535,8004,1,11390,1539,2956,1.0,37:05,2015,2016
2015-16,202688,Brandon Knight,Brandon,1610612756,PHX,Phoenix Suns,21500451,2015-12-26T00:00:00,PHX vs. PHI,L,38.2,9.0,2.0,2.0,6.0,14.0,15.0,5.0,28.0,0.0,1.0,4.0,4.0,39.1,1,13074,13074,13074,1447,171,4731,4675,5299,22292,24781,11593,5824,8004,17214,22104,2748,2616,1.0,38:09,2015,2016
2015-16,204001,Kristaps Porziņģis,Kristaps,1610612752,NYK,New York Knicks,21500442,2015-12-26T00:00:00,NYK @ ATL,L,21.0,0.0,2.0,0.0,2.0,10.0,5.0,9.0,26.0,1.0,0.0,1.0,1.0,13.9,1,13074,13074,13074,15051,12059,4731,9917,12984,17370,11469,18829,7214,2692,1,4972,12373,16232,1.0,21:01,2015,2016
2015-16,201941,Jordan Hill,Jordan,1610612754,IND,Indiana Pacers,21500448,2015-12-26T00:00:00,IND @ MIN,W,27.5,2.0,0.0,0.0,6.0,15.0,6.0,6.0,16.0,0.0,1.0,3.0,2.0,17.5,1,1,1,1,9604,6026,10158,9917,5299,23079,13237,13388,15259,8004,17214,17641,7786,13528,1.0,27:30,2015,2016
2015-16,202066,Garrett Temple,Garrett,1610612764,WAS,Washington Wizards,21500447,2015-12-26T00:00:00,WAS @ BKN,W,33.6,2.0,2.0,4.0,4.0,5.0,12.0,2.0,36.0,1.0,0.0,2.0,1.0,22.7,1,1,1,1,4708,6026,4731,1913,8599,8403,22832,4025,1943,2692,1,11390,12373,9938,1.0,33:33,2015,2016
2015-16,2449,Luis Scola,Luis,1610612761,TOR,Toronto Raptors,21500441,2015-12-26T00:00:00,TOR @ MIL,W,37.0,0.0,3.0,0.0,4.0,4.0,6.0,4.0,30.0,2.0,1.0,2.0,1.0,38.2,1,1,1,1,2109,12059,3104,9917,8599,6141,13237,8806,4541,932,17214,11390,12373,2854,1.0,36:57,2015,2016
2015-16,101127,Jarrett Jack,Jarrett,1610612751,BKN,Brooklyn Nets,21500447,2015-12-26T00:00:00,BKN vs. WAS,L,32.5,0.0,0.0,2.0,0.0,14.0,5.0,13.0,34.0,0.0,1.0,4.0,1.0,38.9,1,13074,13074,13074,5538,12059,10158,4675,18861,22292,11469,23048,2701,8004,17214,22104,12373,2667,1.0,32:27,2015,2016
2015-16,204060,Joe Ingles,Joe,1610612762,UTA,Utah Jazz,21500452,2015-12-26T00:00:00,UTA vs. LAC,L,25.7,0.0,0.0,0.0,0.0,9.0,6.0,0.0,20.0,0.0,1.0,3.0,3.0,17.1,1,13074,13074,13074,11134,12059,10158,9917,18861,15771,13237,1,11929,8004,17214,17641,4736,13791,1.0,25:40,2015,2016
2015-16,203096,Jared Sullinger,Jared,1610612738,BOS,Boston Celtics,21500446,2015-12-26T00:00:00,BOS @ DET,W,21.1,2.0,4.0,0.0,10.0,2.0,9.0,2.0,24.0,0.0,0.0,3.0,1.0,22.6,1,1,1,1,14943,6026,1596,9917,1840,2619,19144,4025,8723,8004,1,17641,12373,10000,1.0,21:08,2015,2016
2015-16,200755,JJ Redick,JJ,1610612746,LAC,LA Clippers,21500452,2015-12-26T00:00:00,LAC @ UTA,W,32.6,0.0,2.0,3.0,0.0,9.0,10.0,5.0,38.0,0.0,0.0,1.0,4.0,34.4,1,1,1,1,5434,12059,4731,3302,18861,15771,20509,11593,1422,8004,1,4972,2748,4029,1.0,32:35,2015,2016
2015-16,101112,Channing Frye,Channing,1610612753,ORL,Orlando Magic,21500444,2015-12-26T00:00:00,ORL vs. MIA,L,26.2,0.0,0.0,0.0,2.0,6.0,5.0,6.0,24.0,0.0,0.0,1.0,0.0,14.3,1,13074,13074,13074,10685,12059,10158,9917,12984,10028,11469,13388,8723,8004,1,4972,18762,15948,1.0,26:12,2015,2016
2015-16,203093,Terrence Jones,Terrence,1610612745,HOU,Houston Rockets,21500445,2015-12-26T00:00:00,HOU @ NOP,L,21.7,6.0,5.0,3.0,6.0,0.0,0.0,5.0,18.0,0.0,3.0,2.0,3.0,25.5,1,13074,13074,13074,14458,878,995,3302,5299,1,1,11593,13577,8004,25441,11390,4736,8230,1.0,21:40,2015,2016
2015-16,203123,Kostas Papanikolaou,Kostas,1610612743,DEN,Denver Nuggets,21500450,2015-12-26T00:00:00,DEN @ SAS,L,25.4,2.0,0.0,2.0,2.0,10.0,6.0,9.0,24.0,1.0,1.0,1.0,0.0,18.8,1,13074,13074,13074,11380,6026,10158,4675,12984,17370,13237,18829,8723,2692,17214,4972,18762,12588,1.0,25:24,2015,2016
2015-16,203481,Jeff Withey,Jeff,1610612762,UTA,Utah Jazz,21500452,2015-12-26T00:00:00,UTA vs. LAC,L,18.5,0.0,2.0,0.0,4.0,6.0,2.0,0.0,10.0,2.0,2.0,1.0,1.0,23.4,1,13074,13074,13074,17069,12059,4731,9917,8599,10028,3734,1,20209,932,23588,4972,12373,9501,1.0,18:32,2015,2016
2015-16,203109,Jae Crowder,Jae,1610612738,BOS,Boston Celtics,21500446,2015-12-26T00:00:00,BOS @ DET,W,35.7,2.0,0.0,4.0,8.0,11.0,19.0,7.0,32.0,0.0,0.0,3.0,3.0,23.4,1,1,1,1,2963,6026,10158,1913,3109,18886,25786,15538,3535,8004,1,17641,4736,9501,1.0,35:43,2015,2016
2015-16,2210,Richard Jefferson,Richard,1610612739,CLE,Cleveland Cavaliers,21500453,2015-12-26T00:00:00,CLE @ POR,L,25.8,0.0,0.0,2.0,0.0,13.0,7.0,3.0,22.0,0.0,0.0,3.0,1.0,14.4,1,13074,13074,13074,11045,12059,10158,4675,18861,21300,15642,7328,10265,8004,1,17641,12373,15857,1.0,25:46,2015,2016
2015-16,2734,Devin Harris,Devin,1610612742,DAL,Dallas Mavericks,21500449,2015-12-26T00:00:00,DAL vs. CHI,W,17.7,4.0,2.0,2.0,2.0,2.0,7.0,5.0,20.0,0.0,2.0,3.0,1.0,23.6,1,1,1,1,17751,2460,4731,4675,12984,2619,15642,11593,11929,8004,23588,17641,12373,9377,1.0,17:43,2015,2016
2015-16,203186,Willie Reed,Willie,1610612751,BKN,Brooklyn Nets,21500447,2015-12-26T00:00:00,BKN vs. WAS,L,10.3,0.0,2.0,0.0,6.0,4.0,2.0,3.0,6.0,2.0,0.0,3.0,4.0,14.6,1,13074,13074,13074,22319,12059,4731,9917,5299,6141,3734,7328,22724,932,1,17641,2748,15699,1.0,10:18,2015,2016
2015-16,201980,Danny Green,Danny,1610612759,SAS,San Antonio Spurs,21500450,2015-12-26T00:00:00,SAS vs. DEN,W,32.2,2.0,2.0,2.0,6.0,6.0,4.0,2.0,32.0,1.0,0.0,1.0,3.0,19.3,1,1,1,1,5692,6026,4731,4675,5299,10028,8458,4025,3535,2692,1,4972,4736,12228,1.0,32:14,2015,2016
2015-16,203933,T.J. Warren,T.J.,1610612756,PHX,Phoenix Suns,21500451,2015-12-26T00:00:00,PHX vs. PHI,L,10.5,0.0,0.0,0.0,0.0,4.0,4.0,0.0,10.0,1.0,0.0,1.0,0.0,10.2,1,13074,13074,13074,22237,12059,10158,9917,18861,6141,8458,1,20209,2692,1,4972,18762,19003,1.0,10:29,2015,2016
2015-16,203138,Hollis Thompson,Hollis,1610612755,PHI,Philadelphia 76ers,21500451,2015-12-26T00:00:00,PHI @ PHX,W,35.2,0.0,0.0,3.0,0.0,22.0,25.0,11.0,32.0,1.0,0.0,4.0,2.0,23.3,1,1,1,1,3357,12059,10158,3302,18861,25683,26050,21342,3535,2692,1,22104,7786,9567,1.0,35:14,2015,2016
2015-16,1626162,Kelly Oubre Jr.,Kelly,1610612764,WAS,Washington Wizards,21500447,2015-12-26T00:00:00,WAS @ BKN,W,31.6,0.0,0.0,0.0,4.0,5.0,8.0,3.0,36.0,1.0,0.0,2.0,1.0,25.7,1,1,1,1,6207,12059,10158,9917,8599,8403,17345,7328,1943,2692,1,11390,12373,8088,1.0,31:37,2015,2016
2015-16,201166,Aaron Brooks,Aaron,1610612741,CHI,Chicago Bulls,21500449,2015-12-26T00:00:00,CHI @ DAL,L,15.4,2.0,3.0,0.0,4.0,9.0,5.0,6.0,18.0,0.0,1.0,2.0,0.0,10.1,1,13074,13074,13074,19467,6026,3104,9917,8599,15771,11469,13388,13577,8004,17214,11390,18762,19105,1.0,15:25,2015,2016
2015-16,201601,Luc Mbah a Moute,Luc,1610612746,LAC,LA Clippers,21500452,2015-12-26T00:00:00,LAC @ UTA,W,30.7,2.0,0.0,0.0,0.0,8.0,13.0,4.0,32.0,1.0,0.0,3.0,1.0,14.2,1,1,1,1,6959,6026,10158,9917,18861,13914,23668,8806,3535,2692,1,17641,12373,16003,1.0,30:41,2015,2016
2015-16,1626163,Frank Kaminsky,Frank,1610612766,CHA,Charlotte Hornets,21500443,2015-12-26T00:00:00,CHA vs. MEM,W,26.0,4.0,4.0,2.0,2.0,7.0,10.0,5.0,24.0,2.0,0.0,3.0,5.0,23.4,1,1,1,1,10863,2460,1596,4675,12984,12242,20509,11593,8723,932,1,17641,1539,9501,1.0,25:59,2015,2016
2015-16,203458,Alex Len,Alex,1610612756,PHX,Phoenix Suns,21500451,2015-12-26T00:00:00,PHX vs. PHI,L,18.8,4.0,2.0,0.0,4.0,3.0,4.0,2.0,12.0,1.0,0.0,2.0,1.0,19.2,1,13074,13074,13074,16874,2460,4731,9917,8599,5109,8458,4025,18637,2692,1,11390,12373,12284,1.0,18:48,2015,2016
2015-16,202711,Bojan Bogdanović,Bojan,1610612751,BKN,Brooklyn Nets,21500447,2015-12-26T00:00:00,BKN vs. WAS,L,35.3,3.0,0.0,0.0,8.0,13.0,5.0,14.0,34.0,0.0,1.0,2.0,1.0,19.0,1,13074,13074,13074,3334,4307,10158,9917,3109,21300,11469,23710,2701,8004,17214,11390,12373,12440,1.0,35:16,2015,2016
2015-16,200782,P.J. Tucker,P.J.,1610612756,PHX,Phoenix Suns,21500451,2015-12-26T00:00:00,PHX vs. PHI,L,37.5,2.0,2.0,2.0,4.0,12.0,11.0,7.0,22.0,0.0,0.0,1.0,3.0,25.9,1,13074,13074,13074,1740,6026,4731,4675,8599,20178,21814,15538,10265,8004,1,4972,4736,7960,1.0,37:31,2015,2016
2015-16,101181,Jose Calderon,Jose,1610612752,NYK,New York Knicks,21500442,2015-12-26T00:00:00,NYK @ ATL,L,24.0,0.0,0.0,0.0,2.0,18.0,12.0,11.0,30.0,1.0,1.0,1.0,0.0,33.8,1,13074,13074,13074,12524,12059,10158,9917,12984,24749,22832,21342,4541,2692,17214,4972,18762,4244,1.0,24:03,2015,2016
2015-16,203953,Jabari Parker,Jabari,1610612749,MIL,Milwaukee Bucks,21500441,2015-12-26T00:00:00,MIL vs. TOR,L,32.9,2.0,4.0,2.0,4.0,15.0,13.0,6.0,22.0,0.0,3.0,2.0,3.0,14.8,1,13074,13074,13074,5218,6026,1596,4675,8599,23079,23668,13388,10265,8004,25441,11390,4736,15561,1.0,32:53,2015,2016
2015-16,203487,Michael Carter-Williams,Michael,1610612749,MIL,Milwaukee Bucks,21500441,2015-12-26T00:00:00,MIL vs. TOR,L,32.5,0.0,0.0,2.0,6.0,15.0,11.0,6.0,22.0,0.0,4.0,3.0,2.0,26.1,1,13074,13074,13074,5528,12059,10158,4675,5299,23079,21814,13388,10265,8004,25926,17641,7786,7836,1.0,32:28,2015,2016
2015-16,1626169,Stanley Johnson,Stanley,1610612765,DET,Detroit Pistons,21500446,2015-12-26T00:00:00,DET vs. BOS,L,25.5,2.0,5.0,2.0,4.0,3.0,5.0,0.0,20.0,0.0,0.0,4.0,1.0,19.1,1,13074,13074,13074,11264,6026,995,4675,8599,5109,11469,1,11929,8004,1,22104,12373,12372,1.0,25:33,2015,2016
2015-16,202694,Marcus Morris Sr.,Marcus,1610612765,DET,Detroit Pistons,21500446,2015-12-26T00:00:00,DET vs. BOS,L,37.0,2.0,3.0,0.0,6.0,15.0,7.0,4.0,42.0,0.0,1.0,4.0,3.0,23.5,1,13074,13074,13074,2073,6026,3104,9917,5299,23079,15642,8806,670,8004,17214,22104,4736,9452,1.0,37:01,2015,2016
2015-16,202331,Paul George,Paul,1610612754,IND,Indiana Pacers,21500448,2015-12-26T00:00:00,IND @ MIN,W,32.2,5.0,8.0,0.0,4.0,20.0,14.0,4.0,30.0,0.0,0.0,1.0,0.0,25.3,1,1,1,1,5715,1603,137,9917,8599,25338,24300,8806,4541,8004,1,4972,18762,8340,1.0,32:12,2015,2016
2015-16,201564,O.J. Mayo,O.J.,1610612749,MIL,Milwaukee Bucks,21500441,2015-12-26T00:00:00,MIL vs. TOR,L,21.9,0.0,0.0,2.0,0.0,5.0,0.0,4.0,24.0,1.0,0.0,2.0,2.0,14.2,1,13074,13074,13074,14235,12059,10158,4675,18861,8403,1,8806,8723,2692,1,11390,7786,16003,1.0,21:56,2015,2016
2015-16,203960,JaKarr Sampson,JaKarr,1610612755,PHI,Philadelphia 76ers,21500451,2015-12-26T00:00:00,PHI @ PHX,W,10.5,0.0,0.0,0.0,0.0,0.0,4.0,4.0,8.0,2.0,0.0,4.0,5.0,18.8,1,1,1,1,22249,12059,10158,9917,18861,1,8458,8806,21543,932,1,22104,1539,12588,1.0,10:27,2015,2016
2015-16,200757,Thabo Sefolosha,Thabo,1610612737,ATL,Atlanta Hawks,21500442,2015-12-26T00:00:00,ATL vs. NYK,W,27.7,6.0,0.0,7.0,6.0,6.0,11.0,2.0,22.0,0.0,0.0,3.0,2.0,19.5,1,1,1,1,9457,878,10158,454,5299,10028,21814,4025,10265,8004,1,17641,7786,12096,1.0,27:43,2015,2016
2015-16,203086,Meyers Leonard,Meyers,1610612757,POR,Portland Trail Blazers,21500453,2015-12-26T00:00:00,POR vs. CLE,W,22.9,2.0,2.0,0.0,4.0,0.0,4.0,5.0,12.0,0.0,0.0,2.0,3.0,25.0,1,1,1,1,13455,6026,4731,9917,8599,1,8458,11593,18637,8004,1,11390,4736,8485,1.0,22:54,2015,2016
2015-16,201565,Derrick Rose,Derrick,1610612741,CHI,Chicago Bulls,21500449,2015-12-26T00:00:00,CHI @ DAL,L,36.6,0.0,0.0,0.0,10.0,15.0,29.0,11.0,34.0,0.0,0.0,1.0,3.0,34.0,1,13074,13074,13074,2356,12059,10158,9917,1840,23079,26071,21342,2701,8004,1,4972,4736,4162,1.0,36:34,2015,2016
2015-16,101179,Ronnie Price,Ronnie,1610612756,PHX,Phoenix Suns,21500451,2015-12-26T00:00:00,PHX vs. PHI,L,23.0,0.0,3.0,0.0,0.0,8.0,9.0,7.0,16.0,0.0,1.0,3.0,2.0,10.0,1,13074,13074,13074,13411,12059,3104,9917,18861,13914,19144,15538,15259,8004,17214,17641,7786,19178,1.0,22:57,2015,2016
2015-16,203506,Victor Oladipo,Victor,1610612753,ORL,Orlando Magic,21500444,2015-12-26T00:00:00,ORL vs. MIA,L,18.0,0.0,2.0,0.0,0.0,3.0,5.0,3.0,10.0,0.0,1.0,1.0,1.0,14.4,1,13074,13074,13074,17499,12059,4731,9917,18861,5109,11469,7328,20209,8004,17214,4972,12373,15857,1.0,18:01,2015,2016
2015-16,201155,Rodney Stuckey,Rodney,1610612754,IND,Indiana Pacers,21500448,2015-12-26T00:00:00,IND @ MIN,W,23.7,2.0,0.0,2.0,2.0,17.0,6.0,6.0,16.0,0.0,1.0,0.0,3.0,26.0,1,1,1,1,12822,6026,10158,4675,12984,24337,13237,13388,15259,8004,17214,1,4736,7910,1.0,23:42,2015,2016
2015-16,203092,Tyler Zeller,Tyler,1610612738,BOS,Boston Celtics,21500446,2015-12-26T00:00:00,BOS @ DET,W,14.8,1.0,0.0,0.0,0.0,6.0,5.0,4.0,12.0,0.0,1.0,2.0,3.0,9.8,1,1,1,1,19914,11535,10158,9917,18861,10028,11469,8806,18637,8004,17214,11390,4736,19331,1.0,14:46,2015,2016
2015-16,203926,Doug McDermott,Doug,1610612741,CHI,Chicago Bulls,21500449,2015-12-26T00:00:00,CHI @ DAL,L,18.3,0.0,2.0,3.0,2.0,17.0,10.0,8.0,20.0,1.0,0.0,0.0,0.0,10.5,1,13074,13074,13074,17288,12059,4731,3302,12984,24337,20509,17194,11929,2692,1,1,18762,18808,1.0,18:17,2015,2016
2015-16,202355,Hassan Whiteside,Hassan,1610612748,MIA,Miami Heat,21500444,2015-12-26T00:00:00,MIA @ ORL,W,37.2,0.0,3.0,0.0,4.0,4.0,9.0,2.0,34.0,3.0,0.0,3.0,3.0,23.2,1,1,1,1,1936,12059,3104,9917,8599,6141,19144,4025,2701,347,1,17641,4736,9630,1.0,37:14,2015,2016
2015-16,203521,Matthew Dellavedova,Matthew,1610612739,CLE,Cleveland Cavaliers,21500453,2015-12-26T00:00:00,CLE @ POR,L,25.6,0.0,0.0,3.0,2.0,10.0,6.0,4.0,20.0,0.0,0.0,2.0,0.0,19.2,1,13074,13074,13074,11225,12059,10158,3302,12984,17370,13237,8806,11929,8004,1,11390,18762,12284,1.0,25:35,2015,2016
2015-16,203382,Aron Baynes,Aron,1610612765,DET,Detroit Pistons,21500446,2015-12-26T00:00:00,DET vs. BOS,L,11.5,0.0,0.0,0.0,2.0,1.0,2.0,0.0,10.0,0.0,0.0,0.0,1.0,9.8,1,13074,13074,13074,21825,12059,10158,9917,12984,2356,3734,1,20209,8004,1,1,12373,19331,1.0,11:30,2015,2016
2015-16,203991,Clint Capela,Clint,1610612745,HOU,Houston Rockets,21500445,2015-12-26T00:00:00,HOU @ NOP,L,28.7,0.0,2.0,0.0,2.0,7.0,4.0,5.0,26.0,2.0,1.0,4.0,0.0,25.4,1,13074,13074,13074,8624,12059,4731,9917,12984,12242,8458,11593,7214,932,17214,22104,18762,8273,1.0,28:43,2015,2016
2015-16,203482,Kelly Olynyk,Kelly,1610612738,BOS,Boston Celtics,21500446,2015-12-26T00:00:00,BOS @ DET,W,24.3,0.0,2.0,0.0,6.0,12.0,13.0,2.0,24.0,0.0,0.0,3.0,1.0,18.9,1,1,1,1,12312,12059,4731,9917,5299,20178,23668,4025,8723,8004,1,17641,12373,12513,1.0,24:18,2015,2016
2015-16,1713,Vince Carter,Vince,1610612763,MEM,Memphis Grizzlies,21500443,2015-12-26T00:00:00,MEM @ CHA,L,4.3,0.0,0.0,0.0,0.0,3.0,0.0,4.0,2.0,0.0,0.0,2.0,1.0,2.7,1,13074,13074,13074,24621,12059,10158,9917,18861,5109,1,8806,24614,8004,1,11390,12373,23884,1.0,4:16,2015,2016
2015-16,201977,Marcus Thornton,Marcus,1610612745,HOU,Houston Rockets,21500445,2015-12-26T00:00:00,HOU @ NOP,L,10.9,0.0,2.0,0.0,2.0,2.0,0.0,5.0,2.0,0.0,0.0,1.0,1.0,12.6,1,13074,13074,13074,22075,12059,4731,9917,12984,2619,1,11593,24614,8004,1,4972,12373,17277,1.0,10:54,2015,2016
2015-16,202323,Evan Turner,Evan,1610612738,BOS,Boston Celtics,21500446,2015-12-26T00:00:00,BOS @ DET,W,23.4,0.0,0.0,0.0,6.0,10.0,14.0,5.0,18.0,1.0,0.0,1.0,2.0,21.5,1,1,1,1,13052,12059,10158,9917,5299,17370,24300,11593,13577,2692,1,4972,7786,10755,1.0,23:23,2015,2016
2015-16,1626159,Justise Winslow,Justise,1610612748,MIA,Miami Heat,21500444,2015-12-26T00:00:00,MIA @ ORL,W,21.1,0.0,0.0,0.0,0.0,7.0,4.0,5.0,8.0,0.0,0.0,0.0,2.0,12.6,1,1,1,1,14971,12059,10158,9917,18861,12242,8458,11593,21543,8004,1,1,7786,17277,1.0,21:07,2015,2016
2015-16,708,Kevin Garnett,Kevin,1610612750,MIN,Minnesota Timberwolves,21500448,2015-12-26T00:00:00,MIN vs. IND,L,10.9,0.0,0.0,0.0,2.0,4.0,3.0,4.0,6.0,0.0,0.0,3.0,0.0,13.1,1,13074,13074,13074,22086,12059,10158,9917,12984,6141,7138,8806,22724,8004,1,17641,18762,16874,1.0,10:52,2015,2016
2015-16,202730,Lavoy Allen,Lavoy,1610612754,IND,Indiana Pacers,21500448,2015-12-26T00:00:00,IND @ MIN,W,28.9,2.0,2.0,0.0,8.0,21.0,10.0,6.0,20.0,2.0,0.0,1.0,0.0,21.1,1,1,1,1,8475,6026,4731,9917,3109,25535,20509,13388,11929,932,1,4972,18762,11012,1.0,28:52,2015,2016
2015-16,201589,Darrell Arthur,Darrell,1610612743,DEN,Denver Nuggets,21500450,2015-12-26T00:00:00,DEN @ SAS,L,20.1,0.0,2.0,0.0,0.0,4.0,6.0,2.0,12.0,0.0,0.0,5.0,0.0,7.7,1,13074,13074,13074,15834,12059,4731,9917,18861,6141,13237,4025,18637,8004,1,24686,18762,20733,1.0,20:06,2015,2016
2015-16,2419,Tayshaun Prince,Tayshaun,1610612750,MIN,Minnesota Timberwolves,21500448,2015-12-26T00:00:00,MIN vs. IND,L,22.2,0.0,2.0,0.0,2.0,11.0,6.0,8.0,14.0,0.0,0.0,2.0,0.0,12.9,1,13074,13074,13074,14051,12059,4731,9917,12984,18886,13237,17194,17019,8004,1,11390,18762,17049,1.0,22:09,2015,2016
2015-16,202692,Alec Burks,Alec,1610612762,UTA,Utah Jazz,21500452,2015-12-26T00:00:00,UTA vs. LAC,L,18.1,2.0,0.0,0.0,6.0,7.0,9.0,0.0,16.0,0.0,0.0,1.0,2.0,16.1,1,13074,13074,13074,17453,6026,10158,9917,5299,12242,19144,1,15259,8004,1,4972,7786,14515,1.0,18:06,2015,2016
2015-16,201167,Arron Afflalo,Arron,1610612752,NYK,New York Knicks,21500442,2015-12-26T00:00:00,NYK @ ATL,L,32.2,3.0,0.0,0.0,0.0,17.0,16.0,11.0,38.0,0.0,0.0,1.0,2.0,13.1,1,13074,13074,13074,5747,4307,10158,9917,18861,24337,25155,21342,1422,8004,1,4972,7786,16874,1.0,32:10,2015,2016
2015-16,203613,Jonathon Simmons,Jonathon,1610612759,SAS,San Antonio Spurs,21500450,2015-12-26T00:00:00,SAS vs. DEN,W,15.8,0.0,0.0,0.0,0.0,6.0,2.0,2.0,16.0,0.0,0.0,2.0,0.0,8.0,1,1,1,1,19214,12059,10158,9917,18861,10028,3734,4025,15259,8004,1,11390,18762,20564,1.0,15:46,2015,2016
2015-16,201945,Gerald Henderson,Gerald,1610612757,POR,Portland Trail Blazers,21500453,2015-12-26T00:00:00,POR vs. CLE,W,19.9,2.0,1.0,0.0,2.0,0.0,4.0,5.0,10.0,1.0,0.0,0.0,4.0,13.1,1,1,1,1,15982,6026,9709,9917,12984,1,8458,11593,20209,2692,1,1,2748,16874,1.0,19:55,2015,2016
2015-16,1626145,Tyus Jones,Tyus,1610612750,MIN,Minnesota Timberwolves,21500448,2015-12-26T00:00:00,MIN vs. IND,L,11.4,0.0,0.0,0.0,0.0,11.0,2.0,6.0,16.0,1.0,0.0,1.0,0.0,8.1,1,13074,13074,13074,21876,12059,10158,9917,18861,18886,3734,13388,15259,2692,1,4972,18762,20521,1.0,11:24,2015,2016
2015-16,200751,Randy Foye,Randy,1610612743,DEN,Denver Nuggets,21500450,2015-12-26T00:00:00,DEN @ SAS,L,27.3,2.0,0.0,2.0,2.0,6.0,10.0,4.0,26.0,0.0,2.0,0.0,1.0,18.7,1,13074,13074,13074,9804,6026,10158,4675,12984,10028,20509,8806,7214,8004,23588,1,12373,12648,1.0,27:15,2015,2016
2015-16,1626209,Mario Hezonja,Mario,1610612753,ORL,Orlando Magic,21500444,2015-12-26T00:00:00,ORL vs. MIA,L,19.7,2.0,0.0,2.0,2.0,3.0,5.0,5.0,14.0,0.0,0.0,2.0,0.0,16.4,1,13074,13074,13074,16121,6026,10158,4675,12984,5109,11469,11593,17019,8004,1,11390,18762,14289,1.0,19:44,2015,2016
2015-16,2754,Tony Allen,Tony,1610612763,MEM,Memphis Grizzlies,21500443,2015-12-26T00:00:00,MEM @ CHA,L,27.8,0.0,2.0,0.0,2.0,9.0,8.0,13.0,10.0,0.0,2.0,5.0,0.0,16.3,1,13074,13074,13074,9351,12059,4731,9917,12984,15771,17345,23048,20209,8004,23588,24686,18762,14372,1.0,27:50,2015,2016
2015-16,202700,Donatas Motiejunas,Donatas,1610612745,HOU,Houston Rockets,21500445,2015-12-26T00:00:00,HOU @ NOP,L,6.6,0.0,2.0,0.0,4.0,5.0,8.0,0.0,6.0,0.0,0.0,0.0,0.0,3.0,1,13074,13074,13074,23708,12059,4731,9917,8599,8403,17345,1,22724,8004,1,1,18762,23648,1.0,6:37,2015,2016
2015-16,1891,Jason Terry,Jason,1610612745,HOU,Houston Rockets,21500445,2015-12-26T00:00:00,HOU @ NOP,L,11.7,0.0,0.0,0.0,0.0,4.0,7.0,2.0,14.0,0.0,0.0,0.0,0.0,3.0,1,13074,13074,13074,21729,12059,10158,9917,18861,6141,15642,4025,17019,8004,1,1,18762,23648,1.0,11:41,2015,2016
2015-16,204067,Jarell Eddie,Jarell,1610612764,WAS,Washington Wizards,21500447,2015-12-26T00:00:00,WAS @ BKN,W,14.4,6.0,3.0,0.0,0.0,4.0,0.0,5.0,8.0,0.0,0.0,0.0,0.0,18.3,1,1,1,1,20142,878,3104,9917,18861,6141,1,11593,21543,8004,1,1,18762,12952,1.0,14:27,2015,2016
2015-16,202708,Norris Cole,Norris,1610612740,NOP,New Orleans Pelicans,21500445,2015-12-26T00:00:00,NOP vs. HOU,W,16.1,0.0,0.0,0.0,0.0,6.0,8.0,0.0,12.0,0.0,1.0,2.0,1.0,8.2,1,1,1,1,18950,12059,10158,9917,18861,10028,17345,1,18637,8004,17214,11390,12373,20416,1.0,16:07,2015,2016
2015-16,1626168,Trey Lyles,Trey,1610612762,UTA,Utah Jazz,21500452,2015-12-26T00:00:00,UTA vs. LAC,L,18.9,0.0,0.0,0.0,0.0,9.0,5.0,3.0,8.0,1.0,0.0,1.0,3.0,18.2,1,13074,13074,13074,16790,12059,10158,9917,18861,15771,11469,7328,21543,2692,1,4972,4736,13004,1.0,18:53,2015,2016
2015-16,203922,Glenn Robinson III,Glenn,1610612754,IND,Indiana Pacers,21500448,2015-12-26T00:00:00,IND @ MIN,W,4.5,0.0,0.0,0.0,0.0,0.0,0.0,0.0,2.0,0.0,0.0,0.0,1.0,2.4,1,1,1,1,24553,12059,10158,9917,18861,1,1,1,24614,8004,1,1,12373,24024,1.0,4:29,2015,2016
2015-16,202682,Derrick Williams,Derrick,1610612752,NYK,New York Knicks,21500442,2015-12-26T00:00:00,NYK @ ATL,L,21.6,0.0,2.0,3.0,8.0,11.0,4.0,10.0,32.0,0.0,1.0,1.0,1.0,18.0,1,13074,13074,13074,14530,12059,4731,3302,3109,18886,8458,20169,3535,8004,17214,4972,12373,13164,1.0,21:35,2015,2016
2015-16,2544,LeBron James,LeBron,1610612739,CLE,Cleveland Cavaliers,21500453,2015-12-26T00:00:00,CLE @ POR,L,26.5,2.0,0.0,4.0,8.0,14.0,5.0,6.0,26.0,0.0,0.0,2.0,3.0,21.3,1,13074,13074,13074,10488,6026,10158,1913,3109,22292,11469,13388,7214,8004,1,11390,4736,10880,1.0,26:27,2015,2016
2015-16,202697,Iman Shumpert,Iman,1610612739,CLE,Cleveland Cavaliers,21500453,2015-12-26T00:00:00,CLE @ POR,L,25.0,0.0,0.0,3.0,0.0,16.0,7.0,3.0,24.0,0.0,0.0,1.0,0.0,12.8,1,13074,13074,13074,11713,12059,10158,3302,18861,23774,15642,7328,8723,8004,1,4972,18762,17129,1.0,24:57,2015,2016
2015-16,201976,Patrick Beverley,Patrick,1610612745,HOU,Houston Rockets,21500445,2015-12-26T00:00:00,HOU @ NOP,L,21.2,2.0,6.0,0.0,4.0,7.0,6.0,0.0,16.0,0.0,0.0,2.0,1.0,18.0,1,13074,13074,13074,14879,6026,481,9917,8599,12242,13237,1,15259,8004,1,11390,12373,13164,1.0,21:12,2015,2016
2015-16,201196,Ramon Sessions,Ramon,1610612764,WAS,Washington Wizards,21500447,2015-12-26T00:00:00,WAS @ BKN,W,22.4,2.0,0.0,5.0,6.0,4.0,2.0,5.0,20.0,0.0,1.0,2.0,7.0,20.9,1,1,1,1,13857,6026,10158,1277,5299,6141,3734,11593,11929,8004,17214,11390,469,11132,1.0,22:22,2015,2016
2015-16,1626192,Pat Connaughton,Pat,1610612757,POR,Portland Trail Blazers,21500453,2015-12-26T00:00:00,POR vs. CLE,W,6.0,0.0,0.0,0.0,0.0,3.0,0.0,2.0,2.0,0.0,0.0,0.0,0.0,2.4,1,1,1,1,23978,12059,10158,9917,18861,5109,1,4025,24614,8004,1,1,18762,24024,1.0,5:58,2015,2016
2015-16,1626173,Rashad Vaughn,Rashad,1610612749,MIL,Milwaukee Bucks,21500441,2015-12-26T00:00:00,MIL vs. TOR,L,10.0,0.0,0.0,0.0,0.0,10.0,3.0,4.0,12.0,0.0,1.0,0.0,0.0,8.4,1,13074,13074,13074,22447,12059,10158,9917,18861,17370,7138,8806,18637,8004,17214,1,18762,20273,1.0,9:59,2015,2016
2015-16,203914,Gary Harris,Gary,1610612743,DEN,Denver Nuggets,21500450,2015-12-26T00:00:00,DEN @ SAS,L,33.7,0.0,0.0,0.0,4.0,14.0,6.0,11.0,26.0,0.0,1.0,1.0,1.0,17.9,1,13074,13074,13074,4617,12059,10158,9917,8599,22292,13237,21342,7214,8004,17214,4972,12373,13229,1.0,33:40,2015,2016
2015-16,203507,Giannis Antetokounmpo,Giannis,1610612749,MIL,Milwaukee Bucks,21500441,2015-12-26T00:00:00,MIL vs. TOR,L,34.8,0.0,0.0,0.0,4.0,22.0,13.0,8.0,30.0,0.0,0.0,2.0,1.0,8.4,1,13074,13074,13074,3686,12059,10158,9917,8599,25683,23668,17194,4541,8004,1,11390,12373,20273,1.0,34:49,2015,2016
2015-16,203490,Otto Porter Jr.,Otto,1610612764,WAS,Washington Wizards,21500447,2015-12-26T00:00:00,WAS @ BKN,W,18.9,0.0,0.0,0.0,0.0,2.0,4.0,4.0,20.0,0.0,1.0,1.0,1.0,16.6,1,1,1,1,16806,12059,10158,9917,18861,2619,8458,8806,11929,8004,17214,4972,12373,14125,1.0,18:52,2015,2016
2015-16,203210,JaMychal Green,JaMychal,1610612763,MEM,Memphis Grizzlies,21500443,2015-12-26T00:00:00,MEM @ CHA,L,14.4,2.0,4.0,0.0,4.0,5.0,0.0,8.0,6.0,0.0,1.0,1.0,4.0,16.6,1,13074,13074,13074,20184,6026,1596,9917,8599,8403,1,17194,22724,8004,17214,4972,2748,14125,1.0,14:22,2015,2016
2015-16,2440,Matt Barnes,Matt,1610612763,MEM,Memphis Grizzlies,21500443,2015-12-26T00:00:00,MEM @ CHA,L,28.3,2.0,0.0,2.0,4.0,16.0,6.0,20.0,14.0,2.0,2.0,3.0,0.0,20.9,1,13074,13074,13074,9039,6026,10158,4675,8599,23774,13237,25599,17019,932,23588,17641,18762,11132,1.0,28:15,2015,2016
2015-16,203939,Dwight Powell,Dwight,1610612742,DAL,Dallas Mavericks,21500449,2015-12-26T00:00:00,DAL vs. CHI,W,20.8,2.0,3.0,2.0,8.0,5.0,7.0,4.0,22.0,0.0,1.0,6.0,3.0,21.2,1,1,1,1,15197,6026,3104,4675,3109,8403,15642,8806,10265,8004,17214,25827,4736,10936,1.0,20:50,2015,2016
2015-16,203798,PJ Hairston,PJ,1610612766,CHA,Charlotte Hornets,21500443,2015-12-26T00:00:00,CHA vs. MEM,W,17.9,0.0,0.0,3.0,0.0,10.0,8.0,5.0,20.0,0.0,0.0,4.0,0.0,21.5,1,1,1,1,17564,12059,10158,3302,18861,17370,17345,11593,11929,8004,1,22104,18762,10755,1.0,17:56,2015,2016
2015-16,201596,Mario Chalmers,Mario,1610612763,MEM,Memphis Grizzlies,21500443,2015-12-26T00:00:00,MEM @ CHA,L,17.2,0.0,0.0,2.0,4.0,7.0,4.0,11.0,8.0,0.0,0.0,3.0,2.0,13.2,1,13074,13074,13074,18127,12059,10158,4675,8599,12242,8458,21342,21543,8004,1,17641,7786,16768,1.0,17:12,2015,2016
2015-16,101123,Gerald Green,Gerald,1610612748,MIA,Miami Heat,21500444,2015-12-26T00:00:00,MIA @ ORL,W,29.9,0.0,0.0,3.0,4.0,4.0,9.0,2.0,26.0,0.0,0.0,0.0,1.0,16.2,1,1,1,1,7599,12059,10158,3302,8599,6141,19144,4025,7214,8004,1,1,12373,14436,1.0,29:56,2015,2016
2015-16,202702,Kenneth Faried,Kenneth,1610612743,DEN,Denver Nuggets,21500450,2015-12-26T00:00:00,DEN @ SAS,L,23.6,0.0,2.0,0.0,8.0,14.0,8.0,7.0,24.0,1.0,2.0,2.0,1.0,12.4,1,13074,13074,13074,12908,12059,4731,9917,3109,22292,17345,15538,8723,2692,23588,11390,12373,17418,1.0,23:35,2015,2016
2015-16,2749,Jameer Nelson,Jameer,1610612743,DEN,Denver Nuggets,21500450,2015-12-26T00:00:00,DEN @ SAS,L,20.8,0.0,0.0,0.0,2.0,12.0,4.0,7.0,16.0,0.0,1.0,2.0,0.0,12.5,1,13074,13074,13074,15274,12059,10158,9917,12984,20178,8458,15538,15259,8004,17214,11390,18762,17372,1.0,20:45,2015,2016
2015-16,101111,Charlie Villanueva,Charlie,1610612742,DAL,Dallas Mavericks,21500449,2015-12-26T00:00:00,DAL vs. CHI,W,3.5,0.0,0.0,0.0,0.0,3.0,2.0,0.0,4.0,0.0,0.0,3.0,0.0,1.2,1,1,1,1,24915,12059,10158,9917,18861,5109,3734,1,23698,8004,1,17641,18762,24661,1.0,3:31,2015,2016
2015-16,201946,Tyler Hansbrough,Tyler,1610612766,CHA,Charlotte Hornets,21500443,2015-12-26T00:00:00,CHA vs. MEM,W,4.4,0.0,0.0,0.0,0.0,2.0,1.0,0.0,6.0,0.0,0.0,3.0,0.0,1.7,1,1,1,1,24575,12059,10158,9917,18861,2619,3393,1,22724,8004,1,17641,18762,24436,1.0,4:25,2015,2016
2015-16,203948,Johnny O'Bryant III,Johnny,1610612749,MIL,Milwaukee Bucks,21500441,2015-12-26T00:00:00,MIL vs. TOR,L,15.1,0.0,0.0,2.0,2.0,7.0,0.0,4.0,20.0,0.0,0.0,3.0,0.0,10.5,1,13074,13074,13074,19680,12059,10158,4675,12984,12242,1,8806,11929,8004,1,17641,18762,18808,1.0,15:07,2015,2016
2015-16,203504,Trey Burke,Trey,1610612762,UTA,Utah Jazz,21500452,2015-12-26T00:00:00,UTA vs. LAC,L,18.3,0.0,3.0,0.0,2.0,4.0,2.0,3.0,8.0,0.0,0.0,1.0,0.0,10.7,1,13074,13074,13074,17229,12059,3104,9917,12984,6141,3734,7328,21543,8004,1,4972,18762,18636,1.0,18:21,2015,2016
2015-16,203090,Maurice Harkless,Maurice,1610612757,POR,Portland Trail Blazers,21500453,2015-12-26T00:00:00,POR vs. CLE,W,12.6,0.0,2.0,0.0,4.0,3.0,0.0,5.0,4.0,1.0,0.0,0.0,0.0,10.6,1,1,1,1,21244,12059,4731,9917,8599,5109,1,11593,23698,2692,1,1,18762,18723,1.0,12:33,2015,2016
2015-16,202714,Shelvin Mack,Shelvin,1610612737,ATL,Atlanta Hawks,21500442,2015-12-26T00:00:00,ATL vs. NYK,W,2.4,2.0,0.0,0.0,2.0,3.0,0.0,0.0,0.0,0.0,0.0,0.0,0.0,2.0,1,1,1,1,25377,6026,10158,9917,12984,5109,1,1,25429,8004,1,1,18762,24216,1.0,2:24,2015,2016
2015-16,203940,Adreian Payne,Adreian,1610612750,MIN,Minnesota Timberwolves,21500448,2015-12-26T00:00:00,MIN vs. IND,L,10.2,0.0,0.0,0.0,0.0,11.0,5.0,6.0,16.0,0.0,0.0,1.0,0.0,6.2,1,13074,13074,13074,22348,12059,10158,9917,18861,18886,11469,13388,15259,8004,1,4972,18762,21696,1.0,10:12,2015,2016
2015-16,203499,Shane Larkin,Shane,1610612751,BKN,Brooklyn Nets,21500447,2015-12-26T00:00:00,BKN vs. WAS,L,14.9,2.0,0.0,2.0,2.0,11.0,2.0,10.0,12.0,0.0,0.0,3.0,1.0,10.9,1,13074,13074,13074,19841,6026,10158,4675,12984,18886,3734,20169,18637,8004,1,17641,12373,18498,1.0,14:53,2015,2016
2015-16,2550,Kirk Hinrich,Kirk,1610612741,CHI,Chicago Bulls,21500449,2015-12-26T00:00:00,CHI @ DAL,L,10.2,0.0,0.0,0.0,0.0,13.0,0.0,4.0,8.0,0.0,0.0,2.0,2.0,1.7,1,13074,13074,13074,22348,12059,10158,9917,18861,21300,1,8806,21543,8004,1,11390,7786,24436,1.0,10:12,2015,2016
2015-16,203087,Jeremy Lamb,Jeremy,1610612766,CHA,Charlotte Hornets,21500443,2015-12-26T00:00:00,CHA vs. MEM,W,15.3,0.0,0.0,0.0,0.0,11.0,2.0,0.0,16.0,1.0,0.0,1.0,0.0,5.8,1,1,1,1,19575,12059,10158,9917,18861,18886,3734,1,15259,2692,1,4972,18762,22018,1.0,15:17,2015,2016
2015-16,203932,Aaron Gordon,Aaron,1610612753,ORL,Orlando Magic,21500444,2015-12-26T00:00:00,ORL vs. MIA,L,11.2,0.0,0.0,0.0,0.0,3.0,5.0,3.0,10.0,1.0,0.0,0.0,0.0,11.3,1,13074,13074,13074,21955,12059,10158,9917,18861,5109,11469,7328,20209,2692,1,1,18762,18230,1.0,11:10,2015,2016
2015-16,201229,Anthony Tolliver,Anthony,1610612765,DET,Detroit Pistons,21500446,2015-12-26T00:00:00,DET vs. BOS,L,16.1,0.0,3.0,0.0,0.0,1.0,2.0,0.0,16.0,0.0,0.0,2.0,1.0,10.7,1,13074,13074,13074,18942,12059,3104,9917,18861,2356,3734,1,15259,8004,1,11390,12373,18636,1.0,16:08,2015,2016
2015-16,2570,Kendrick Perkins,Kendrick,1610612740,NOP,New Orleans Pelicans,21500445,2015-12-26T00:00:00,NOP vs. HOU,W,8.3,0.0,0.0,0.0,4.0,3.0,5.0,1.0,8.0,0.0,0.0,0.0,1.0,6.4,1,1,1,1,23097,12059,10158,9917,8599,5109,11469,3646,21543,8004,1,1,12373,21589,1.0,8:16,2015,2016
2015-16,202388,Donald Sloan,Donald,1610612751,BKN,Brooklyn Nets,21500447,2015-12-26T00:00:00,BKN vs. WAS,L,6.2,0.0,0.0,1.0,0.0,4.0,0.0,2.0,6.0,0.0,0.0,1.0,3.0,5.7,1,13074,13074,13074,23868,12059,10158,9347,18861,6141,1,4025,22724,8004,1,4972,4736,22054,1.0,6:13,2015,2016
2015-16,201580,JaVale McGee,JaVale,1610612742,DAL,Dallas Mavericks,21500449,2015-12-26T00:00:00,DAL vs. CHI,W,8.6,0.0,0.0,0.0,0.0,2.0,2.0,7.0,10.0,0.0,1.0,1.0,0.0,1.2,1,1,1,1,23011,12059,10158,9917,18861,2619,3734,15538,20209,8004,17214,4972,18762,24661,1.0,8:33,2015,2016
2015-16,203094,Andrew Nicholson,Andrew,1610612753,ORL,Orlando Magic,21500444,2015-12-26T00:00:00,ORL vs. MIA,L,7.9,0.0,0.0,0.0,0.0,0.0,5.0,0.0,6.0,0.0,0.0,1.0,0.0,1.2,1,13074,13074,13074,23217,12059,10158,9917,18861,1,11469,1,22724,8004,1,4972,18762,24661,1.0,7:55,2015,2016
2015-16,1626154,RJ Hunter,RJ,1610612738,BOS,Boston Celtics,21500446,2015-12-26T00:00:00,BOS @ DET,W,17.6,0.0,0.0,0.0,0.0,6.0,9.0,2.0,20.0,0.0,0.0,3.0,2.0,11.4,1,1,1,1,17807,12059,10158,9917,18861,10028,19144,4025,11929,8004,1,17641,7786,18134,1.0,17:38,2015,2016
2015-16,1626171,Bobby Portis,Bobby,1610612741,CHI,Chicago Bulls,21500449,2015-12-26T00:00:00,CHI @ DAL,L,10.1,0.0,2.0,0.0,2.0,13.0,0.0,6.0,10.0,0.0,0.0,3.0,1.0,5.8,1,13074,13074,13074,22415,12059,4731,9917,12984,21300,1,13388,20209,8004,1,17641,12373,22018,1.0,10:03,2015,2016
2015-16,2746,Josh Smith,Josh,1610612746,LAC,LA Clippers,21500452,2015-12-26T00:00:00,LAC @ UTA,W,4.9,0.0,0.0,0.0,0.0,3.0,0.0,0.0,4.0,0.0,1.0,0.0,0.0,1.4,1,1,1,1,24394,12059,10158,9917,18861,5109,1,1,23698,8004,17214,1,18762,24615,1.0,4:55,2015,2016
2015-16,203141,Mirza Teletovic,Mirza,1610612756,PHX,Phoenix Suns,21500451,2015-12-26T00:00:00,PHX vs. PHI,L,15.8,0.0,0.0,2.0,2.0,6.0,5.0,3.0,14.0,0.0,1.0,2.0,5.0,10.9,1,13074,13074,13074,19193,12059,10158,4675,12984,10028,11469,7328,17019,8004,17214,11390,1539,18498,1.0,15:48,2015,2016
2015-16,203924,Jerami Grant,Jerami,1610612755,PHI,Philadelphia 76ers,21500451,2015-12-26T00:00:00,PHI @ PHX,W,22.1,0.0,0.0,0.0,0.0,11.0,7.0,8.0,16.0,0.0,1.0,5.0,3.0,6.1,1,1,1,1,14099,12059,10158,9917,18861,18886,15642,17194,15259,8004,17214,24686,4736,21845,1.0,22:05,2015,2016
2015-16,201160,Jason Smith,Jason,1610612753,ORL,Orlando Magic,21500444,2015-12-26T00:00:00,ORL vs. MIA,L,11.8,0.0,2.0,0.0,2.0,3.0,5.0,3.0,8.0,0.0,0.0,3.0,0.0,11.4,1,13074,13074,13074,21700,12059,4731,9917,12984,5109,11469,7328,21543,8004,1,17641,18762,18134,1.0,11:45,2015,2016
2015-16,201147,Corey Brewer,Corey,1610612745,HOU,Houston Rockets,21500439,2015-12-25T00:00:00,HOU vs. SAS,W,19.9,0.0,0.0,0.0,2.0,5.0,2.0,7.0,16.0,0.0,1.0,3.0,1.0,10.5,1,1,1,1,16015,12059,10158,9917,12984,8403,3734,15538,15259,8004,17214,17641,12373,18808,1.0,19:53,2015,2016
2015-16,201980,Danny Green,Danny,1610612759,SAS,San Antonio Spurs,21500439,2015-12-25T00:00:00,SAS @ HOU,L,22.4,0.0,0.0,0.0,2.0,8.0,5.0,4.0,20.0,1.0,1.0,1.0,0.0,11.2,1,13074,13074,13074,13873,12059,10158,9917,12984,13914,11469,8806,11929,2692,17214,4972,18762,18267,1.0,22:21,2015,2016
2015-16,201600,Omer Asik,Omer,1610612740,NOP,New Orleans Pelicans,21500436,2015-12-25T00:00:00,NOP @ MIA,L,18.2,0.0,0.0,0.0,2.0,2.0,2.0,2.0,4.0,0.0,0.0,0.0,4.0,6.1,1,13074,13074,13074,17359,12059,10158,9917,12984,2619,3734,4025,23698,8004,1,1,2748,21845,1.0,18:11,2015,2016
2015-16,101150,Lou Williams,Lou,1610612747,LAL,Los Angeles Lakers,21500440,2015-12-25T00:00:00,LAL vs. LAC,L,25.7,0.0,0.0,0.0,0.0,10.0,9.0,6.0,24.0,0.0,0.0,1.0,5.0,11.2,1,13074,13074,13074,11100,12059,10158,9917,18861,17370,19144,13388,8723,8004,1,4972,1539,18267,1.0,25:42,2015,2016
2015-16,202362,Lance Stephenson,Lance,1610612746,LAC,LA Clippers,21500440,2015-12-25T00:00:00,LAC @ LAL,W,14.9,0.0,3.0,0.0,0.0,6.0,5.0,6.0,10.0,0.0,0.0,1.0,0.0,5.7,1,1,1,1,19841,12059,3104,9917,18861,10028,11469,13388,20209,8004,1,4972,18762,22054,1.0,14:53,2015,2016
2015-16,201575,Brandon Rush,Brandon,1610612744,GSW,Golden State Warriors,21500438,2015-12-25T00:00:00,GSW vs. CLE,W,17.7,0.0,0.0,0.0,0.0,7.0,6.0,0.0,14.0,0.0,0.0,1.0,0.0,5.6,1,1,1,1,17777,12059,10158,9917,18861,12242,13237,1,17019,8004,1,4972,18762,22133,1.0,17:40,2015,2016
2015-16,2561,David West,David,1610612759,SAS,San Antonio Spurs,21500439,2015-12-25T00:00:00,SAS @ HOU,L,12.5,0.0,0.0,2.0,2.0,4.0,0.0,3.0,12.0,0.0,0.0,0.0,1.0,11.3,1,13074,13074,13074,21289,12059,10158,4675,12984,6141,1,7328,18637,8004,1,1,12373,18230,1.0,12:28,2015,2016
2015-16,201156,Nick Young,Nick,1610612747,LAL,Los Angeles Lakers,21500440,2015-12-25T00:00:00,LAL vs. LAC,L,21.9,0.0,0.0,0.0,0.0,3.0,8.0,2.0,4.0,0.0,0.0,0.0,1.0,6.0,1,13074,13074,13074,14235,12059,10158,9917,18861,5109,17345,4025,23698,8004,1,1,12373,21878,1.0,21:56,2015,2016
2015-16,202325,Wesley Johnson,Wesley,1610612746,LAC,LA Clippers,21500440,2015-12-25T00:00:00,LAC @ LAL,W,10.7,0.0,0.0,0.0,0.0,4.0,0.0,0.0,4.0,1.0,0.0,1.0,0.0,11.2,1,1,1,1,22138,12059,10158,9917,18861,6141,1,1,23698,2692,1,4972,18762,18267,1.0,10:44,2015,2016
2015-16,201967,Dante Cunningham,Dante,1610612740,NOP,New Orleans Pelicans,21500436,2015-12-25T00:00:00,NOP @ MIA,L,5.6,0.0,0.0,0.0,0.0,0.0,0.0,0.0,2.0,0.0,0.0,0.0,0.0,1.2,1,13074,13074,13074,24140,12059,10158,9917,18861,1,1,1,24614,8004,1,1,18762,24661,1.0,5:36,2015,2016
2015-16,203949,James Michael McAdoo,James Michael,1610612744,GSW,Golden State Warriors,21500438,2015-12-25T00:00:00,GSW vs. CLE,W,3.0,0.0,0.0,0.0,0.0,2.0,2.0,0.0,4.0,0.0,0.0,0.0,0.0,1.2,1,1,1,1,25129,12059,10158,9917,18861,2619,3734,1,23698,8004,1,1,18762,24661,1.0,2:59,2015,2016
2015-16,2571,Leandro Barbosa,Leandro,1610612744,GSW,Golden State Warriors,21500438,2015-12-25T00:00:00,GSW vs. CLE,W,5.2,0.0,0.0,0.0,0.0,2.0,0.0,2.0,8.0,0.0,0.0,2.0,0.0,1.2,1,1,1,1,24286,12059,10158,9917,18861,2619,1,4025,21543,8004,1,11390,18762,24661,1.0,5:13,2015,2016
2015-16,2590,Mo Williams,Mo,1610612739,CLE,Cleveland Cavaliers,21500438,2015-12-25T00:00:00,CLE @ GSW,L,4.7,0.0,0.0,0.0,0.0,0.0,2.0,0.0,2.0,0.0,0.0,0.0,1.0,4.5,1,13074,13074,13074,24489,12059,10158,9917,18861,1,3734,1,24614,8004,1,1,12373,22773,1.0,4:39,2015,2016
2015-16,203613,Jonathon Simmons,Jonathon,1610612759,SAS,San Antonio Spurs,21500439,2015-12-25T00:00:00,SAS @ HOU,L,9.0,0.0,0.0,2.0,2.0,4.0,0.0,3.0,10.0,0.0,0.0,2.0,1.0,6.7,1,13074,13074,13074,22844,12059,10158,4675,12984,6141,1,7328,20209,8004,1,11390,12373,21376,1.0,8:58,2015,2016
2015-16,203079,Dion Waiters,Dion,1610612760,OKC,Oklahoma City Thunder,21500437,2015-12-25T00:00:00,OKC vs. CHI,L,18.8,0.0,0.0,2.0,2.0,8.0,7.0,9.0,16.0,0.0,0.0,0.0,0.0,7.0,1,13074,13074,13074,16840,12059,10158,4675,12984,13914,15642,18829,15259,8004,1,1,18762,21188,1.0,18:50,2015,2016
2015-16,2225,Tony Parker,Tony,1610612759,SAS,San Antonio Spurs,21500439,2015-12-25T00:00:00,SAS @ HOU,L,29.0,2.0,0.0,0.0,0.0,10.0,5.0,4.0,20.0,0.0,0.0,1.0,2.0,8.9,1,13074,13074,13074,8373,6026,10158,9917,18861,17370,11469,8806,11929,8004,1,4972,7786,19914,1.0,29:00,2015,2016
2015-16,202697,Iman Shumpert,Iman,1610612739,CLE,Cleveland Cavaliers,21500438,2015-12-25T00:00:00,CLE @ GSW,L,29.3,0.0,0.0,0.0,0.0,6.0,2.0,8.0,30.0,0.0,1.0,4.0,1.0,9.3,1,13074,13074,13074,8094,12059,10158,9917,18861,10028,3734,17194,4541,8004,17214,22104,12373,19656,1.0,29:21,2015,2016
2015-16,201571,D.J. Augustin,D.J.,1610612760,OKC,Oklahoma City Thunder,21500437,2015-12-25T00:00:00,OKC vs. CHI,L,13.2,3.0,0.0,0.0,0.0,6.0,4.0,9.0,18.0,0.0,1.0,1.0,3.0,6.7,1,13074,13074,13074,20874,4307,10158,9917,18861,10028,8458,18829,13577,8004,17214,4972,4736,21376,1.0,13:11,2015,2016
2015-16,203503,Tony Snell,Tony,1610612741,CHI,Chicago Bulls,21500437,2015-12-25T00:00:00,CHI @ OKC,W,9.2,0.0,3.0,0.0,0.0,7.0,4.0,8.0,16.0,0.0,1.0,0.0,0.0,3.2,1,1,1,1,22759,12059,3104,9917,18861,12242,8458,17194,15259,8004,17214,1,18762,23473,1.0,9:12,2015,2016
2015-16,202087,Alonzo Gee,Alonzo,1610612740,NOP,New Orleans Pelicans,21500436,2015-12-25T00:00:00,NOP @ MIA,L,17.5,0.0,0.0,0.0,0.0,5.0,7.0,5.0,8.0,0.0,0.0,2.0,0.0,5.1,1,13074,13074,13074,17934,12059,10158,9917,18861,8403,15642,11593,21543,8004,1,11390,18762,22478,1.0,17:27,2015,2016
2015-16,2555,Nick Collison,Nick,1610612760,OKC,Oklahoma City Thunder,21500437,2015-12-25T00:00:00,OKC vs. CHI,L,11.3,0.0,2.0,0.0,2.0,2.0,2.0,5.0,8.0,0.0,0.0,1.0,0.0,4.4,1,13074,13074,13074,21907,12059,4731,9917,12984,2619,3734,11593,21543,8004,1,4972,18762,22837,1.0,11:18,2015,2016
2015-16,202700,Donatas Motiejunas,Donatas,1610612745,HOU,Houston Rockets,21500439,2015-12-25T00:00:00,HOU vs. SAS,W,6.0,0.0,0.0,0.0,4.0,2.0,0.0,6.0,8.0,0.0,0.0,0.0,1.0,4.0,1,1,1,1,23959,12059,10158,9917,8599,2619,1,13388,21543,8004,1,1,12373,23142,1.0,6:00,2015,2016
2015-16,2550,Kirk Hinrich,Kirk,1610612741,CHI,Chicago Bulls,21500437,2015-12-25T00:00:00,CHI @ OKC,W,17.3,2.0,2.0,0.0,2.0,9.0,5.0,7.0,16.0,0.0,0.0,2.0,0.0,5.0,1,1,1,1,18067,6026,4731,9917,12984,15771,11469,15538,15259,8004,1,11390,18762,22500,1.0,17:17,2015,2016
2015-16,202332,Cole Aldrich,Cole,1610612746,LAC,LA Clippers,21500440,2015-12-25T00:00:00,LAC @ LAL,W,11.3,0.0,0.0,0.0,0.0,6.0,5.0,6.0,10.0,0.0,0.0,3.0,0.0,3.5,1,1,1,1,21903,12059,10158,9917,18861,10028,11469,13388,20209,8004,1,17641,18762,23351,1.0,11:18,2015,2016
2015-16,2757,Beno Udrih,Beno,1610612748,MIA,Miami Heat,21500436,2015-12-25T00:00:00,MIA vs. NOP,W,12.9,0.0,2.0,0.0,2.0,0.0,2.0,0.0,6.0,0.0,0.0,0.0,2.0,13.4,1,1,1,1,21046,12059,4731,9917,12984,1,3734,1,22724,8004,1,1,7786,16614,1.0,12:52,2015,2016
2015-16,2617,Udonis Haslem,Udonis,1610612748,MIA,Miami Heat,21500436,2015-12-25T00:00:00,MIA vs. NOP,W,8.1,0.0,0.0,0.0,0.0,0.0,2.0,0.0,2.0,0.0,0.0,0.0,0.0,4.4,1,1,1,1,23150,12059,10158,9917,18861,1,3734,1,24614,8004,1,1,18762,22837,1.0,8:06,2015,2016
2015-16,1718,Paul Pierce,Paul,1610612746,LAC,LA Clippers,21500440,2015-12-25T00:00:00,LAC @ LAL,W,11.6,0.0,2.0,0.0,0.0,6.0,5.0,6.0,10.0,0.0,1.0,1.0,0.0,4.2,1,1,1,1,21766,12059,4731,9917,18861,10028,11469,13388,20209,8004,17214,4972,18762,22976,1.0,11:38,2015,2016
2015-16,201601,Luc Mbah a Moute,Luc,1610612746,LAC,LA Clippers,21500440,2015-12-25T00:00:00,LAC @ LAL,W,22.4,0.0,0.0,0.0,0.0,6.0,0.0,2.0,8.0,0.0,0.0,0.0,0.0,9.2,1,1,1,1,13841,12059,10158,9917,18861,10028,1,4025,21543,8004,1,1,18762,19680,1.0,22:23,2015,2016
2015-16,203944,Julius Randle,Julius,1610612747,LAL,Los Angeles Lakers,21500440,2015-12-25T00:00:00,LAL vs. LAC,L,27.1,4.0,5.0,2.0,4.0,6.0,8.0,6.0,12.0,0.0,1.0,2.0,4.0,29.6,1,13074,13074,13074,9897,2460,995,4675,8599,10028,17345,13388,18637,8004,17214,11390,2748,6050,1.0,27:08,2015,2016
2015-16,201586,Serge Ibaka,Serge,1610612760,OKC,Oklahoma City Thunder,21500437,2015-12-25T00:00:00,OKC vs. CHI,L,34.8,4.0,2.0,0.0,2.0,10.0,18.0,4.0,42.0,2.0,0.0,4.0,0.0,24.4,1,13074,13074,13074,3688,2460,4731,9917,12984,17370,25634,8806,670,932,1,22104,18762,8867,1.0,34:48,2015,2016
2015-16,203093,Terrence Jones,Terrence,1610612745,HOU,Houston Rockets,21500439,2015-12-25T00:00:00,HOU vs. SAS,W,22.1,6.0,0.0,0.0,12.0,5.0,2.0,5.0,22.0,0.0,0.0,0.0,2.0,24.2,1,1,1,1,14084,878,10158,9917,988,8403,3734,11593,10265,8004,1,1,7786,9009,1.0,22:06,2015,2016
2015-16,201935,James Harden,James,1610612745,HOU,Houston Rockets,21500439,2015-12-25T00:00:00,HOU vs. SAS,W,38.0,4.0,0.0,4.0,6.0,12.0,12.0,7.0,36.0,1.0,2.0,3.0,5.0,37.3,1,1,1,1,1502,2460,10158,1913,5299,20178,22832,15538,1943,2692,23588,17641,1539,3105,1.0,38:00,2015,2016
2015-16,203076,Anthony Davis,Anthony,1610612740,NOP,New Orleans Pelicans,21500436,2015-12-25T00:00:00,NOP @ MIA,L,50.2,2.0,4.0,0.0,12.0,13.0,10.0,12.0,24.0,3.0,1.0,2.0,2.0,70.0,1,13074,13074,13074,11,6026,1596,9917,988,21300,20509,22259,8723,347,17214,11390,7786,45,1.0,50:11,2015,2016
2015-16,202684,Tristan Thompson,Tristan,1610612739,CLE,Cleveland Cavaliers,21500438,2015-12-25T00:00:00,CLE @ GSW,L,26.8,0.0,2.0,0.0,6.0,4.0,0.0,2.0,20.0,0.0,0.0,5.0,3.0,24.5,1,13074,13074,13074,10153,12059,4731,9917,5299,6141,1,4025,11929,8004,1,24686,4736,8801,1.0,26:50,2015,2016
2015-16,2547,Chris Bosh,Chris,1610612748,MIA,Miami Heat,21500436,2015-12-25T00:00:00,MIA vs. NOP,W,42.4,3.0,0.0,0.0,6.0,2.0,6.0,0.0,32.0,0.0,2.0,2.0,5.0,50.0,1,1,1,1,261,4307,10158,9917,5299,2619,13237,1,3535,8004,23588,11390,1539,756,1.0,42:24,2015,2016
2015-16,201566,Russell Westbrook,Russell,1610612760,OKC,Oklahoma City Thunder,21500437,2015-12-25T00:00:00,OKC vs. CHI,L,40.0,5.0,1.0,8.0,12.0,12.0,18.0,6.0,48.0,0.0,1.0,3.0,10.0,58.4,1,13074,13074,13074,744,1603,9709,280,988,20178,25634,13388,192,8004,17214,17641,76,257,1.0,39:57,2015,2016
2015-16,202695,Kawhi Leonard,Kawhi,1610612759,SAS,San Antonio Spurs,21500439,2015-12-25T00:00:00,SAS @ HOU,L,39.0,5.0,2.0,4.0,8.0,12.0,8.0,4.0,32.0,3.0,0.0,4.0,3.0,58.6,1,13074,13074,13074,1056,1603,4731,1913,3109,20178,17345,8806,3535,347,1,22104,4736,250,1.0,39:02,2015,2016
2015-16,2544,LeBron James,LeBron,1610612739,CLE,Cleveland Cavaliers,21500438,2015-12-25T00:00:00,CLE @ GSW,L,38.5,3.0,5.0,0.0,18.0,9.0,11.0,14.0,40.0,2.0,3.0,0.0,5.0,43.8,1,13074,13074,13074,1246,4307,995,9917,131,15771,21814,23710,983,932,25441,1,1539,1587,1.0,38:33,2015,2016
2015-16,203110,Draymond Green,Draymond,1610612744,GSW,Golden State Warriors,21500438,2015-12-25T00:00:00,GSW vs. CLE,W,38.7,5.0,2.0,6.0,12.0,10.0,12.0,2.0,34.0,2.0,2.0,2.0,5.0,52.5,1,1,1,1,1178,1603,4731,740,988,17370,22832,4025,2701,932,23588,11390,1539,544,1.0,38:43,2015,2016
2015-16,202355,Hassan Whiteside,Hassan,1610612748,MIA,Miami Heat,21500436,2015-12-25T00:00:00,MIA vs. NOP,W,24.5,0.0,4.0,0.0,4.0,0.0,2.0,2.0,16.0,4.0,1.0,4.0,3.0,37.4,1,1,1,1,12099,12059,1596,9917,8599,1,3734,4025,15259,132,17214,22104,4736,3073,1.0,24:31,2015,2016
2015-16,201142,Kevin Durant,Kevin,1610612760,OKC,Oklahoma City Thunder,21500437,2015-12-25T00:00:00,OKC vs. CHI,L,42.3,7.0,0.0,7.0,14.0,12.0,18.0,13.0,52.0,1.0,0.0,1.0,4.0,54.3,1,13074,13074,13074,276,548,10158,454,542,20178,25634,23048,59,2692,1,4972,2748,428,1.0,42:18,2015,2016
2015-16,101108,Chris Paul,Chris,1610612746,LAC,LA Clippers,21500440,2015-12-25T00:00:00,LAC @ LAL,W,34.9,4.0,3.0,2.0,10.0,10.0,0.0,2.0,12.0,0.0,0.0,2.0,2.0,46.0,1,1,1,1,3595,2460,3104,4675,1840,17370,1,4025,18637,8004,1,11390,7786,1198,1.0,34:55,2015,2016
2015-16,202710,Jimmy Butler III,Jimmy,1610612741,CHI,Chicago Bulls,21500437,2015-12-25T00:00:00,CHI @ OKC,W,43.0,4.0,2.0,5.0,16.0,23.0,14.0,17.0,46.0,0.0,0.0,2.0,2.0,45.2,1,1,1,1,203,2460,4731,1277,275,25803,24300,24967,298,8004,1,11390,7786,1324,1.0,42:58,2015,2016
2015-16,2200,Pau Gasol,Pau,1610612741,CHI,Chicago Bulls,21500437,2015-12-25T00:00:00,CHI @ OKC,W,37.5,4.0,6.0,0.0,10.0,20.0,12.0,14.0,36.0,2.0,0.0,2.0,5.0,47.6,1,1,1,1,1730,2460,481,9917,1840,25338,22832,23710,1943,932,1,11390,1539,1003,1.0,37:32,2015,2016
2015-16,201939,Stephen Curry,Stephen,1610612744,GSW,Golden State Warriors,21500438,2015-12-25T00:00:00,GSW vs. CLE,W,36.6,2.0,3.0,2.0,10.0,10.0,12.0,2.0,30.0,0.0,0.0,3.0,4.0,40.9,1,1,1,1,2347,6026,3104,4675,1840,17370,22832,4025,4541,8004,1,17641,2748,2166,1.0,36:35,2015,2016
2015-16,203105,Festus Ezeli,Festus,1610612744,GSW,Golden State Warriors,21500438,2015-12-25T00:00:00,GSW vs. CLE,W,17.5,0.0,0.0,0.0,2.0,4.0,4.0,2.0,22.0,2.0,0.0,1.0,4.0,11.8,1,1,1,1,17902,12059,10158,9917,12984,6141,8458,4025,10265,932,1,4972,2748,17832,1.0,17:29,2015,2016
2015-16,202681,Kyrie Irving,Kyrie,1610612739,CLE,Cleveland Cavaliers,21500438,2015-12-25T00:00:00,CLE @ GSW,L,26.2,4.0,0.0,2.0,4.0,4.0,7.0,10.0,24.0,0.0,2.0,1.0,2.0,20.6,1,13074,13074,13074,10655,2460,10158,4675,8599,6141,15642,20169,8723,8004,23588,4972,7786,11314,1.0,26:14,2015,2016
2015-16,1626156,D'Angelo Russell,D'Angelo,1610612747,LAL,Los Angeles Lakers,21500440,2015-12-25T00:00:00,LAL vs. LAC,L,27.7,0.0,0.0,2.0,2.0,6.0,8.0,6.0,12.0,1.0,1.0,2.0,1.0,30.9,1,13074,13074,13074,9441,12059,10158,4675,12984,10028,17345,13388,18637,2692,17214,11390,12373,5452,1.0,27:43,2015,2016
2015-16,203926,Doug McDermott,Doug,1610612741,CHI,Chicago Bulls,21500437,2015-12-25T00:00:00,CHI @ OKC,W,23.1,0.0,3.0,2.0,2.0,9.0,5.0,6.0,18.0,0.0,0.0,0.0,0.0,12.1,1,1,1,1,13285,12059,3104,4675,12984,15771,11469,13388,13577,8004,1,1,18762,17639,1.0,23:06,2015,2016
2015-16,201583,Ryan Anderson,Ryan,1610612740,NOP,New Orleans Pelicans,21500436,2015-12-25T00:00:00,NOP @ MIA,L,37.3,0.0,4.0,0.0,4.0,11.0,12.0,10.0,20.0,0.0,0.0,3.0,0.0,31.1,1,13074,13074,13074,1890,12059,1596,9917,8599,18886,22832,20169,11929,8004,1,17641,18762,5354,1.0,37:18,2015,2016
2015-16,2738,Andre Iguodala,Andre,1610612744,GSW,Golden State Warriors,21500438,2015-12-25T00:00:00,GSW vs. CLE,W,30.2,2.0,0.0,2.0,0.0,5.0,6.0,4.0,30.0,1.0,0.0,1.0,3.0,19.9,1,1,1,1,7350,6026,10158,4675,18861,8403,13237,8806,4541,2692,1,4972,4736,11824,1.0,30:12,2015,2016
2015-16,2730,Dwight Howard,Dwight,1610612745,HOU,Houston Rockets,21500439,2015-12-25T00:00:00,HOU vs. SAS,W,35.9,2.0,0.0,0.0,8.0,9.0,10.0,9.0,32.0,0.0,1.0,2.0,5.0,31.4,1,1,1,1,2819,6026,10158,9917,3109,15771,20509,18829,3535,8004,17214,11390,1539,5218,1.0,35:55,2015,2016
2015-16,201567,Kevin Love,Kevin,1610612739,CLE,Cleveland Cavaliers,21500438,2015-12-25T00:00:00,CLE @ GSW,L,39.3,2.0,4.0,0.0,10.0,9.0,11.0,12.0,36.0,2.0,1.0,2.0,2.0,42.6,1,13074,13074,13074,956,6026,1596,9917,1840,15771,21814,22259,1943,932,17214,11390,7786,1822,1.0,39:17,2015,2016
2015-16,200746,LaMarcus Aldridge,LaMarcus,1610612759,SAS,San Antonio Spurs,21500439,2015-12-25T00:00:00,SAS @ HOU,L,35.5,2.0,4.0,0.0,12.0,12.0,8.0,4.0,30.0,0.0,0.0,3.0,1.0,30.8,1,13074,13074,13074,3109,6026,1596,9917,988,20178,17345,8806,4541,8004,1,17641,12373,5493,1.0,35:32,2015,2016
2015-16,201166,Aaron Brooks,Aaron,1610612741,CHI,Chicago Bulls,21500437,2015-12-25T00:00:00,CHI @ OKC,W,9.7,0.0,0.0,0.0,0.0,3.0,4.0,2.0,12.0,1.0,0.0,1.0,0.0,15.3,1,1,1,1,22553,12059,10158,9917,18861,5109,8458,4025,18637,2692,1,4972,18762,15150,1.0,9:43,2015,2016
2015-16,1938,Manu Ginobili,Manu,1610612759,SAS,San Antonio Spurs,21500439,2015-12-25T00:00:00,SAS @ HOU,L,25.7,2.0,2.0,0.0,4.0,8.0,3.0,3.0,22.0,0.0,0.0,3.0,5.0,20.7,1,13074,13074,13074,11157,6026,4731,9917,8599,13914,7138,7328,10265,8004,1,17641,1539,11252,1.0,25:39,2015,2016
2015-16,202683,Enes Freedom,Enes,1610612760,OKC,Oklahoma City Thunder,21500437,2015-12-25T00:00:00,OKC vs. CHI,L,25.9,2.0,8.0,0.0,12.0,8.0,9.0,9.0,24.0,0.0,2.0,1.0,1.0,31.1,1,13074,13074,13074,10939,6026,137,9917,988,13914,19144,18829,8723,8004,23588,4972,12373,5354,1.0,25:53,2015,2016
2015-16,1495,Tim Duncan,Tim,1610612759,SAS,San Antonio Spurs,21500439,2015-12-25T00:00:00,SAS @ HOU,L,32.0,1.0,4.0,0.0,8.0,10.0,5.0,4.0,24.0,0.0,1.0,4.0,2.0,27.7,1,13074,13074,13074,5851,11535,1596,9917,3109,17370,11469,8806,8723,8004,17214,22104,7786,7008,1.0,32:02,2015,2016
2015-16,201933,Blake Griffin,Blake,1610612746,LAC,LA Clippers,21500440,2015-12-25T00:00:00,LAC @ LAL,W,36.4,3.0,2.0,2.0,8.0,10.0,0.0,2.0,12.0,1.0,0.0,4.0,1.0,37.9,1,1,1,1,2496,4307,4731,4675,3109,17370,1,4025,18637,2692,1,22104,12373,2931,1.0,36:22,2015,2016
2015-16,201609,Goran Dragic,Goran,1610612748,MIA,Miami Heat,21500436,2015-12-25T00:00:00,MIA vs. NOP,W,40.1,3.0,0.0,1.0,0.0,2.0,4.0,2.0,30.0,0.0,0.0,0.0,1.0,17.6,1,1,1,1,716,4307,10158,9347,18861,2619,8458,4025,4541,8004,1,1,12373,13443,1.0,40:04,2015,2016
2015-16,202691,Klay Thompson,Klay,1610612744,GSW,Golden State Warriors,21500438,2015-12-25T00:00:00,GSW vs. CLE,W,36.0,0.0,6.0,0.0,8.0,14.0,12.0,4.0,34.0,1.0,1.0,1.0,5.0,28.7,1,1,1,1,2773,12059,481,9917,3109,22292,22832,8806,2701,2692,17214,4972,1539,6514,1.0,35:59,2015,2016
2015-16,201950,Jrue Holiday,Jrue,1610612740,NOP,New Orleans Pelicans,21500436,2015-12-25T00:00:00,NOP @ MIA,L,26.8,0.0,0.0,0.0,4.0,7.0,9.0,8.0,12.0,0.0,0.0,2.0,0.0,13.6,1,13074,13074,13074,10204,12059,10158,9917,8599,12242,19144,17194,18637,8004,1,11390,18762,16460,1.0,26:47,2015,2016
2015-16,1626204,Larry Nance Jr.,Larry,1610612747,LAL,Los Angeles Lakers,21500440,2015-12-25T00:00:00,LAL vs. LAC,L,20.9,2.0,0.0,0.0,0.0,6.0,9.0,4.0,18.0,0.0,0.0,1.0,1.0,14.0,1,13074,13074,13074,15170,6026,10158,9917,18861,10028,19144,8806,13577,8004,1,4972,12373,16166,1.0,20:52,2015,2016
2015-16,2548,Dwyane Wade,Dwyane,1610612748,MIA,Miami Heat,21500436,2015-12-25T00:00:00,MIA vs. NOP,W,36.8,3.0,1.0,4.0,8.0,2.0,6.0,2.0,30.0,0.0,0.0,2.0,5.0,32.2,1,1,1,1,2225,4307,9709,1913,3109,2619,13237,4025,4541,8004,1,11390,1539,4846,1.0,36:48,2015,2016
2015-16,201599,DeAndre Jordan,DeAndre,1610612746,LAC,LA Clippers,21500440,2015-12-25T00:00:00,LAC @ LAL,W,36.7,0.0,4.0,2.0,8.0,10.0,0.0,2.0,12.0,1.0,0.0,3.0,3.0,32.3,1,1,1,1,2285,12059,1596,4675,3109,17370,1,4025,18637,2692,1,17641,4736,4807,1.0,36:42,2015,2016
2015-16,200755,JJ Redick,JJ,1610612746,LAC,LA Clippers,21500440,2015-12-25T00:00:00,LAC @ LAL,W,28.3,0.0,0.0,0.0,0.0,10.0,0.0,2.0,10.0,0.0,0.0,2.0,3.0,22.6,1,1,1,1,9037,12059,10158,9917,18861,17370,1,4025,20209,8004,1,11390,4736,10000,1.0,28:15,2015,2016
2015-16,2564,Boris Diaw,Boris,1610612759,SAS,San Antonio Spurs,21500439,2015-12-25T00:00:00,SAS @ HOU,L,16.0,2.0,0.0,0.0,8.0,6.0,3.0,3.0,18.0,0.0,0.0,2.0,0.0,14.0,1,13074,13074,13074,19060,6026,10158,9917,3109,10028,7138,7328,13577,8004,1,11390,18762,16166,1.0,15:58,2015,2016
2015-16,201959,Taj Gibson,Taj,1610612741,CHI,Chicago Bulls,21500437,2015-12-25T00:00:00,CHI @ OKC,W,34.3,2.0,2.0,2.0,10.0,19.0,9.0,12.0,34.0,1.0,0.0,2.0,2.0,33.0,1,1,1,1,4069,6026,4731,4675,1840,25074,19144,22259,2701,2692,1,11390,7786,4537,1.0,34:20,2015,2016
2015-16,1891,Jason Terry,Jason,1610612745,HOU,Houston Rockets,21500439,2015-12-25T00:00:00,HOU vs. SAS,W,17.2,4.0,0.0,3.0,0.0,2.0,6.0,4.0,22.0,0.0,0.0,0.0,2.0,22.7,1,1,1,1,18122,2460,10158,3302,18861,2619,13237,8806,10265,8004,1,1,7786,9938,1.0,17:13,2015,2016
2015-16,201951,Ty Lawson,Ty,1610612745,HOU,Houston Rockets,21500439,2015-12-25T00:00:00,HOU vs. SAS,W,18.7,0.0,3.0,0.0,4.0,5.0,2.0,7.0,18.0,0.0,0.0,2.0,0.0,17.1,1,1,1,1,16946,12059,3104,9917,8599,8403,3734,15538,13577,8004,1,11390,18762,13791,1.0,18:42,2015,2016
2015-16,203991,Clint Capela,Clint,1610612745,HOU,Houston Rockets,21500439,2015-12-25T00:00:00,HOU vs. SAS,W,32.0,0.0,2.0,0.0,4.0,12.0,12.0,2.0,30.0,1.0,0.0,1.0,2.0,13.5,1,1,1,1,5899,12059,4731,9917,8599,20178,22832,4025,4541,2692,1,4972,7786,16552,1.0,31:59,2015,2016
2015-16,2733,Shaun Livingston,Shaun,1610612744,GSW,Golden State Warriors,21500438,2015-12-25T00:00:00,GSW vs. CLE,W,22.0,2.0,0.0,4.0,10.0,4.0,6.0,2.0,26.0,0.0,0.0,5.0,0.0,21.6,1,1,1,1,14143,6026,10158,1913,1840,6141,13237,4025,7214,8004,1,24686,18762,10666,1.0,22:02,2015,2016
2015-16,201579,Roy Hibbert,Roy,1610612747,LAL,Los Angeles Lakers,21500440,2015-12-25T00:00:00,LAL vs. LAC,L,27.2,0.0,0.0,0.0,4.0,7.0,9.0,6.0,26.0,0.0,0.0,1.0,1.0,13.1,1,13074,13074,13074,9851,12059,10158,9917,8599,12242,19144,13388,7214,8004,1,4972,12373,16874,1.0,27:12,2015,2016
2015-16,203546,Ian Clark,Ian,1610612744,GSW,Golden State Warriors,21500438,2015-12-25T00:00:00,GSW vs. CLE,W,4.9,0.0,0.0,0.0,0.0,2.0,2.0,0.0,6.0,0.0,1.0,0.0,0.0,3.0,1,1,1,1,24407,12059,10158,9917,18861,2619,3734,1,22724,8004,17214,1,18762,23648,1.0,4:53,2015,2016
2015-16,101138,Brandon Bass,Brandon,1610612747,LAL,Los Angeles Lakers,21500440,2015-12-25T00:00:00,LAL vs. LAC,L,20.8,4.0,0.0,0.0,4.0,5.0,8.0,4.0,4.0,1.0,0.0,1.0,2.0,18.1,1,13074,13074,13074,15223,2460,10158,9917,8599,8403,17345,8806,23698,2692,1,4972,7786,13090,1.0,20:48,2015,2016
2015-16,202708,Norris Cole,Norris,1610612740,NOP,New Orleans Pelicans,21500436,2015-12-25T00:00:00,NOP @ MIA,L,31.0,0.0,0.0,2.0,4.0,7.0,12.0,8.0,16.0,0.0,0.0,3.0,2.0,21.1,1,13074,13074,13074,6692,12059,10158,4675,8599,12242,22832,17194,15259,8004,1,17641,7786,11012,1.0,31:02,2015,2016
2015-16,203903,Jordan Clarkson,Jordan,1610612747,LAL,Los Angeles Lakers,21500440,2015-12-25T00:00:00,LAL vs. LAC,L,30.6,4.0,0.0,2.0,4.0,8.0,15.0,8.0,24.0,0.0,1.0,3.0,4.0,18.1,1,13074,13074,13074,7036,2460,10158,4675,8599,13914,24781,17194,8723,8004,17214,17641,2748,13090,1.0,30:35,2015,2016
2015-16,201988,Patty Mills,Patty,1610612759,SAS,San Antonio Spurs,21500439,2015-12-25T00:00:00,SAS @ HOU,L,19.0,0.0,0.0,3.0,0.0,6.0,3.0,3.0,22.0,0.0,0.0,0.0,2.0,16.5,1,13074,13074,13074,16698,12059,10158,3302,18861,10028,7138,7328,10265,8004,1,1,7786,14224,1.0,19:00,2015,2016
2015-16,2736,Luol Deng,Luol,1610612748,MIA,Miami Heat,21500436,2015-12-25T00:00:00,MIA vs. NOP,W,44.0,0.0,3.0,3.0,0.0,2.0,6.0,2.0,34.0,0.0,0.0,1.0,2.0,21.5,1,1,1,1,132,12059,3104,3302,18861,2619,13237,4025,2701,8004,1,4972,7786,10755,1.0,44:00,2015,2016
2015-16,201627,Anthony Morrow,Anthony,1610612760,OKC,Oklahoma City Thunder,21500437,2015-12-25T00:00:00,OKC vs. CHI,L,20.8,3.0,0.0,0.0,0.0,8.0,7.0,6.0,24.0,0.0,0.0,0.0,0.0,13.2,1,13074,13074,13074,15245,4307,10158,9917,18861,13914,15642,13388,8723,8004,1,1,18762,16768,1.0,20:47,2015,2016
2015-16,2747,JR Smith,JR,1610612739,CLE,Cleveland Cavaliers,21500438,2015-12-25T00:00:00,CLE @ GSW,L,28.6,3.0,3.0,2.0,0.0,9.0,7.0,8.0,32.0,0.0,0.0,3.0,2.0,16.2,1,13074,13074,13074,8699,4307,3104,4675,18861,15771,15642,17194,3535,8004,1,17641,7786,14436,1.0,28:38,2015,2016
2015-16,201936,Tyreke Evans,Tyreke,1610612740,NOP,New Orleans Pelicans,21500436,2015-12-25T00:00:00,NOP @ MIA,L,35.4,0.0,0.0,0.0,4.0,10.0,3.0,6.0,16.0,0.0,2.0,3.0,2.0,18.7,1,13074,13074,13074,3249,12059,10158,9917,8599,17370,7138,13388,15259,8004,23588,17641,7786,12648,1.0,35:22,2015,2016
2015-16,2037,Jamal Crawford,Jamal,1610612746,LAC,LA Clippers,21500440,2015-12-25T00:00:00,LAC @ LAL,W,19.7,2.0,3.0,4.0,4.0,6.0,5.0,6.0,12.0,0.0,1.0,1.0,3.0,18.6,1,1,1,1,16120,6026,3104,1913,8599,10028,11469,13388,18637,8004,17214,4972,4736,12715,1.0,19:45,2015,2016
2015-16,201578,Marreese Speights,Marreese,1610612744,GSW,Golden State Warriors,21500438,2015-12-25T00:00:00,GSW vs. CLE,W,4.4,0.0,0.0,0.0,0.0,2.0,0.0,2.0,6.0,0.0,0.0,2.0,0.0,2.0,1,1,1,1,24581,12059,10158,9917,18861,2619,1,4025,22724,8004,1,11390,18762,24216,1.0,4:24,2015,2016
2015-16,203500,Steven Adams,Steven,1610612760,OKC,Oklahoma City Thunder,21500437,2015-12-25T00:00:00,OKC vs. CHI,L,12.8,0.0,1.0,0.0,2.0,6.0,8.0,0.0,20.0,0.0,2.0,2.0,1.0,7.8,1,13074,13074,13074,21103,12059,9709,9917,12984,10028,17345,1,11929,8004,23588,11390,12373,20696,1.0,12:45,2015,2016
2015-16,203143,Pablo Prigioni,Pablo,1610612746,LAC,LA Clippers,21500440,2015-12-25T00:00:00,LAC @ LAL,W,13.1,3.0,0.0,0.0,0.0,6.0,5.0,6.0,10.0,0.0,0.0,2.0,1.0,12.8,1,1,1,1,20924,4307,10158,9917,18861,10028,11469,13388,20209,8004,1,11390,12373,17129,1.0,13:05,2015,2016
2015-16,201565,Derrick Rose,Derrick,1610612741,CHI,Chicago Bulls,21500437,2015-12-25T00:00:00,CHI @ OKC,W,30.1,4.0,2.0,2.0,12.0,20.0,7.0,10.0,30.0,0.0,2.0,6.0,5.0,21.3,1,1,1,1,7493,2460,4731,4675,988,25338,15642,20169,4541,8004,23588,25827,1539,10880,1.0,30:04,2015,2016
2015-16,203460,Andre Roberson,Andre,1610612760,OKC,Oklahoma City Thunder,21500437,2015-12-25T00:00:00,OKC vs. CHI,L,20.2,2.0,0.0,0.0,2.0,8.0,9.0,4.0,28.0,0.0,0.0,2.0,0.0,8.3,1,13074,13074,13074,15713,6026,10158,9917,12984,13914,19144,8806,5824,8004,1,11390,18762,20376,1.0,20:13,2015,2016
2015-16,101123,Gerald Green,Gerald,1610612748,MIA,Miami Heat,21500436,2015-12-25T00:00:00,MIA vs. NOP,W,26.3,2.0,0.0,2.0,2.0,0.0,6.0,0.0,22.0,0.0,0.0,3.0,0.0,21.2,1,1,1,1,10595,6026,10158,4675,12984,1,13237,1,10265,8004,1,17641,18762,10936,1.0,26:18,2015,2016
2015-16,1626159,Justise Winslow,Justise,1610612748,MIA,Miami Heat,21500436,2015-12-25T00:00:00,MIA vs. NOP,W,29.9,2.0,2.0,2.0,2.0,2.0,6.0,2.0,18.0,1.0,0.0,3.0,2.0,21.2,1,1,1,1,7595,6026,4731,4675,12984,2619,13237,4025,13577,2692,1,17641,7786,10936,1.0,29:57,2015,2016
2015-16,202389,Timofey Mozgov,Timofey,1610612739,CLE,Cleveland Cavaliers,21500438,2015-12-25T00:00:00,CLE @ GSW,L,14.4,0.0,0.0,0.0,0.0,5.0,11.0,6.0,16.0,0.0,3.0,3.0,1.0,2.6,1,13074,13074,13074,20176,12059,10158,9917,18861,8403,21814,13388,15259,8004,25441,17641,12373,23982,1.0,14:23,2015,2016
2015-16,2592,James Jones,James,1610612739,CLE,Cleveland Cavaliers,21500438,2015-12-25T00:00:00,CLE @ GSW,L,1.6,0.0,0.0,0.0,0.0,0.0,0.0,0.0,0.0,0.0,0.0,0.0,0.0,2.4,1,13074,13074,13074,25669,12059,10158,9917,18861,1,1,1,25429,8004,1,1,18762,24024,1.0,1:34,2015,2016
2015-16,201569,Eric Gordon,Eric,1610612740,NOP,New Orleans Pelicans,21500436,2015-12-25T00:00:00,NOP @ MIA,L,43.1,0.0,0.0,0.0,8.0,10.0,5.0,9.0,18.0,0.0,2.0,5.0,5.0,25.6,1,13074,13074,13074,199,12059,10158,9917,3109,17370,11469,18829,13577,8004,23588,24686,1539,8157,1.0,43:06,2015,2016
2015-16,201976,Patrick Beverley,Patrick,1610612745,HOU,Houston Rockets,21500439,2015-12-25T00:00:00,HOU vs. SAS,W,22.1,0.0,0.0,0.0,0.0,9.0,4.0,4.0,16.0,0.0,0.0,2.0,1.0,14.9,1,1,1,1,14095,12059,10158,9917,18861,15771,8458,8806,15259,8004,1,11390,12373,15463,1.0,22:06,2015,2016
2015-16,977,Kobe Bryant,Kobe,1610612747,LAL,Los Angeles Lakers,21500440,2015-12-25T00:00:00,LAL vs. LAC,L,26.1,0.0,0.0,0.0,0.0,9.0,9.0,8.0,26.0,0.0,0.0,0.0,1.0,23.1,1,13074,13074,13074,10786,12059,10158,9917,18861,15771,19144,17194,7214,8004,1,1,12373,9699,1.0,26:04,2015,2016
2015-16,101106,Andrew Bogut,Andrew,1610612744,GSW,Golden State Warriors,21500438,2015-12-25T00:00:00,GSW vs. CLE,W,23.8,0.0,0.0,0.0,4.0,8.0,8.0,0.0,16.0,4.0,0.0,1.0,1.0,25.9,1,1,1,1,12712,12059,10158,9917,8599,13914,17345,1,15259,132,1,4972,12373,7960,1.0,23:51,2015,2016
2015-16,202703,Nikola Mirotic,Nikola,1610612741,CHI,Chicago Bulls,21500437,2015-12-25T00:00:00,CHI @ OKC,W,15.9,0.0,0.0,0.0,0.0,11.0,5.0,3.0,12.0,2.0,0.0,2.0,1.0,25.4,1,1,1,1,19087,12059,10158,9917,18861,18886,11469,7328,18637,932,1,11390,12373,8273,1.0,15:56,2015,2016
2015-16,203521,Matthew Dellavedova,Matthew,1610612739,CLE,Cleveland Cavaliers,21500438,2015-12-25T00:00:00,CLE @ GSW,L,30.5,2.0,0.0,0.0,8.0,9.0,4.0,10.0,30.0,0.0,0.0,4.0,2.0,19.5,1,13074,13074,13074,7090,6026,10158,9917,3109,15771,8458,20169,4541,8004,1,22104,7786,12096,1.0,30:31,2015,2016
2015-16,2772,Trevor Ariza,Trevor,1610612745,HOU,Houston Rockets,21500439,2015-12-25T00:00:00,HOU vs. SAS,W,28.1,0.0,3.0,0.0,2.0,9.0,10.0,4.0,30.0,0.0,0.0,4.0,1.0,10.3,1,1,1,1,9137,12059,3104,9917,12984,15771,20509,8806,4541,8004,1,22104,12373,18965,1.0,28:08,2015,2016
2015-16,1626273,Marcelo Huertas,Marcelo,1610612747,LAL,Los Angeles Lakers,21500440,2015-12-25T00:00:00,LAL vs. LAC,L,12.0,2.0,0.0,2.0,4.0,0.0,2.0,0.0,0.0,0.0,0.0,2.0,0.0,14.4,1,13074,13074,13074,21529,6026,10158,4675,8599,1,3734,1,25429,8004,1,11390,18762,15857,1.0,12:00,2015,2016
2015-16,1626171,Bobby Portis,Bobby,1610612741,CHI,Chicago Bulls,21500437,2015-12-25T00:00:00,CHI @ OKC,W,19.9,0.0,0.0,2.0,4.0,9.0,5.0,6.0,20.0,0.0,0.0,2.0,0.0,19.5,1,1,1,1,16005,12059,10158,4675,8599,15771,11469,13388,11929,8004,1,11390,18762,12096,1.0,19:53,2015,2016
2015-16,201980,Danny Green,Danny,1610612759,SAS,San Antonio Spurs,21500431,2015-12-23T00:00:00,SAS @ MIN,W,21.6,0.0,0.0,0.0,0.0,6.0,2.0,0.0,8.0,0.0,0.0,0.0,1.0,19.4,1,1,1,1,14488,12059,10158,9917,18861,10028,3734,1,21543,8004,1,1,12373,12154,1.0,21:38,2015,2016
2015-16,202694,Marcus Morris Sr.,Marcus,1610612765,DET,Detroit Pistons,21500429,2015-12-23T00:00:00,DET @ ATL,L,37.8,2.0,2.0,2.0,10.0,12.0,12.0,6.0,50.0,0.0,1.0,0.0,2.0,33.9,1,13074,13074,13074,1620,6026,4731,4675,1840,20178,22832,13388,107,8004,17214,1,7786,4208,1.0,37:46,2015,2016
2015-16,202498,Lance Thomas,Lance,1610612752,NYK,New York Knicks,21500424,2015-12-23T00:00:00,NYK @ CLE,L,34.2,2.0,0.0,0.0,2.0,10.0,9.0,10.0,26.0,0.0,0.0,6.0,2.0,19.3,1,13074,13074,13074,4162,6026,10158,9917,12984,17370,19144,20169,7214,8004,1,25827,7786,12228,1.0,34:14,2015,2016
2015-16,977,Kobe Bryant,Kobe,1610612747,LAL,Los Angeles Lakers,21500435,2015-12-23T00:00:00,LAL vs. OKC,L,27.9,7.0,6.0,2.0,6.0,12.0,12.0,23.0,52.0,0.0,3.0,3.0,4.0,25.7,1,13074,13074,13074,9277,548,481,4675,5299,20178,22832,25880,59,8004,25441,17641,2748,8088,1.0,27:56,2015,2016
2015-16,203499,Shane Larkin,Shane,1610612751,BKN,Brooklyn Nets,21500428,2015-12-23T00:00:00,BKN vs. DAL,L,24.1,0.0,2.0,3.0,2.0,0.0,0.0,4.0,18.0,0.0,0.0,0.0,0.0,14.2,1,13074,13074,13074,12501,12059,4731,3302,12984,1,1,8806,13577,8004,1,1,18762,16003,1.0,24:04,2015,2016
2015-16,1938,Manu Ginobili,Manu,1610612759,SAS,San Antonio Spurs,21500431,2015-12-23T00:00:00,SAS @ MIN,W,16.0,0.0,3.0,0.0,0.0,2.0,6.0,4.0,8.0,0.0,0.0,2.0,4.0,14.4,1,1,1,1,19056,12059,3104,9917,18861,2619,13237,8806,21543,8004,1,11390,2748,15857,1.0,15:59,2015,2016
2015-16,201575,Brandon Rush,Brandon,1610612744,GSW,Golden State Warriors,21500434,2015-12-23T00:00:00,GSW vs. UTA,W,13.9,0.0,0.0,3.0,0.0,2.0,6.0,0.0,10.0,1.0,0.0,0.0,0.0,10.4,1,1,1,1,20442,12059,10158,3302,18861,2619,13237,1,20209,2692,1,1,18762,18859,1.0,13:56,2015,2016
2015-16,202704,Reggie Jackson,Reggie,1610612765,DET,Detroit Pistons,21500429,2015-12-23T00:00:00,DET @ ATL,L,33.4,0.0,0.0,0.0,12.0,10.0,6.0,2.0,44.0,0.0,1.0,4.0,5.0,34.5,1,13074,13074,13074,4798,12059,10158,9917,988,17370,13237,4025,454,8004,17214,22104,1539,3997,1.0,33:25,2015,2016
2015-16,202711,Bojan Bogdanović,Bojan,1610612751,BKN,Brooklyn Nets,21500428,2015-12-23T00:00:00,BKN vs. DAL,L,26.4,6.0,5.0,6.0,0.0,8.0,0.0,7.0,20.0,0.0,1.0,1.0,0.0,23.8,1,13074,13074,13074,10557,878,995,740,18861,13914,1,15538,11929,8004,17214,4972,18762,9261,1.0,26:21,2015,2016
2015-16,203086,Meyers Leonard,Meyers,1610612757,POR,Portland Trail Blazers,21500432,2015-12-23T00:00:00,POR @ NOP,L,27.1,2.0,3.0,0.0,0.0,10.0,4.0,4.0,18.0,1.0,0.0,3.0,2.0,23.0,1,13074,13074,13074,9952,6026,3104,9917,18861,17370,8458,8806,13577,2692,1,17641,7786,9760,1.0,27:04,2015,2016
2015-16,202691,Klay Thompson,Klay,1610612744,GSW,Golden State Warriors,21500434,2015-12-23T00:00:00,GSW vs. UTA,W,34.4,7.0,0.0,7.0,2.0,2.0,15.0,2.0,26.0,0.0,1.0,0.0,4.0,22.9,1,1,1,1,4001,548,10158,454,12984,2619,24781,4025,7214,8004,17214,1,2748,9811,1.0,34:26,2015,2016
2015-16,201168,Tiago Splitter,Tiago,1610612737,ATL,Atlanta Hawks,21500429,2015-12-23T00:00:00,ATL vs. DET,W,19.5,4.0,8.0,0.0,8.0,7.0,0.0,8.0,22.0,1.0,0.0,5.0,2.0,19.3,1,1,1,1,16349,2460,137,9917,3109,12242,1,17194,10265,2692,1,24686,7786,12228,1.0,19:28,2015,2016
2015-16,101139,CJ Miles,CJ,1610612754,IND,Indiana Pacers,21500425,2015-12-23T00:00:00,IND vs. SAC,L,30.9,5.0,0.0,0.0,6.0,4.0,9.0,11.0,44.0,1.0,1.0,1.0,3.0,34.1,1,13074,13074,13074,6838,1603,10158,9917,5299,6141,19144,21342,454,2692,17214,4972,4736,4124,1.0,30:52,2015,2016
2015-16,203898,Tyler Ennis,Tyler,1610612749,MIL,Milwaukee Bucks,21500430,2015-12-23T00:00:00,MIL vs. PHI,W,7.9,4.0,0.0,4.0,4.0,6.0,4.0,7.0,4.0,0.0,0.0,1.0,1.0,10.5,1,1,1,1,23242,2460,10158,1913,8599,10028,8458,15538,23698,8004,1,4972,12373,18808,1.0,7:52,2015,2016
2015-16,203484,Kentavious Caldwell-Pope,Kentavious,1610612765,DET,Detroit Pistons,21500429,2015-12-23T00:00:00,DET @ ATL,L,28.1,7.0,2.0,4.0,4.0,15.0,8.0,4.0,38.0,2.0,1.0,1.0,1.0,23.8,1,13074,13074,13074,9190,548,4731,1913,8599,23079,17345,8806,1422,932,17214,4972,12373,9261,1.0,28:03,2015,2016
2015-16,202697,Iman Shumpert,Iman,1610612739,CLE,Cleveland Cavaliers,21500424,2015-12-23T00:00:00,CLE vs. NYK,W,26.5,0.0,0.0,0.0,0.0,2.0,5.0,2.0,10.0,2.0,0.0,2.0,1.0,23.3,1,1,1,1,10451,12059,10158,9917,18861,2619,11469,4025,20209,932,1,11390,12373,9567,1.0,26:30,2015,2016
2015-16,101112,Channing Frye,Channing,1610612753,ORL,Orlando Magic,21500426,2015-12-23T00:00:00,ORL vs. HOU,W,18.9,0.0,0.0,0.0,2.0,2.0,6.0,0.0,16.0,0.0,0.0,2.0,2.0,19.0,1,1,1,1,16790,12059,10158,9917,12984,2619,13237,1,15259,8004,1,11390,7786,12440,1.0,18:53,2015,2016
2015-16,202718,Chandler Parsons,Chandler,1610612742,DAL,Dallas Mavericks,21500428,2015-12-23T00:00:00,DAL @ BKN,W,34.5,0.0,0.0,2.0,8.0,18.0,22.0,16.0,40.0,1.0,0.0,4.0,2.0,33.4,1,1,1,1,3961,12059,10158,4675,3109,24749,25991,24641,983,2692,1,22104,7786,4384,1.0,34:29,2015,2016
2015-16,2772,Trevor Ariza,Trevor,1610612745,HOU,Houston Rockets,21500426,2015-12-23T00:00:00,HOU @ ORL,L,38.8,0.0,4.0,0.0,4.0,10.0,6.0,6.0,42.0,1.0,0.0,3.0,0.0,25.1,1,13074,13074,13074,1138,12059,1596,9917,8599,17370,13237,13388,670,2692,1,17641,18762,8429,1.0,38:49,2015,2016
2015-16,2733,Shaun Livingston,Shaun,1610612744,GSW,Golden State Warriors,21500434,2015-12-23T00:00:00,GSW vs. UTA,W,18.3,0.0,0.0,0.0,6.0,5.0,9.0,2.0,16.0,1.0,1.0,2.0,2.0,19.2,1,1,1,1,17292,12059,10158,9917,5299,8403,19144,4025,15259,2692,17214,11390,7786,12284,1.0,18:16,2015,2016
2015-16,203932,Aaron Gordon,Aaron,1610612753,ORL,Orlando Magic,21500426,2015-12-23T00:00:00,ORL vs. HOU,W,11.8,4.0,4.0,4.0,10.0,2.0,7.0,2.0,14.0,0.0,0.0,1.0,1.0,23.6,1,1,1,1,21684,2460,1596,1913,1840,2619,15642,4025,17019,8004,1,4972,12373,9377,1.0,11:48,2015,2016
2015-16,101179,Ronnie Price,Ronnie,1610612756,PHX,Phoenix Suns,21500433,2015-12-23T00:00:00,PHX vs. DEN,L,30.1,5.0,5.0,3.0,2.0,16.0,6.0,3.0,28.0,0.0,2.0,4.0,2.0,25.3,1,13074,13074,13074,7466,1603,995,3302,12984,23774,13237,7328,5824,8004,23588,22104,7786,8340,1.0,30:05,2015,2016
2015-16,203903,Jordan Clarkson,Jordan,1610612747,LAL,Los Angeles Lakers,21500435,2015-12-23T00:00:00,LAL vs. OKC,L,30.7,0.0,2.0,0.0,4.0,9.0,14.0,22.0,52.0,0.0,1.0,0.0,2.0,25.2,1,13074,13074,13074,6988,12059,4731,9917,8599,15771,24300,25811,59,8004,17214,1,7786,8383,1.0,30:39,2015,2016
2015-16,2561,David West,David,1610612759,SAS,San Antonio Spurs,21500431,2015-12-23T00:00:00,SAS @ MIN,W,22.8,2.0,2.0,0.0,12.0,7.0,8.0,7.0,16.0,1.0,1.0,1.0,2.0,23.5,1,1,1,1,13537,6026,4731,9917,988,12242,17345,15538,15259,2692,17214,4972,7786,9452,1.0,22:47,2015,2016
2015-16,201961,Wayne Ellington,Wayne,1610612751,BKN,Brooklyn Nets,21500428,2015-12-23T00:00:00,BKN vs. DAL,L,17.5,3.0,2.0,3.0,2.0,3.0,0.0,6.0,12.0,0.0,0.0,0.0,1.0,14.2,1,13074,13074,13074,17914,4307,4731,3302,12984,5109,1,13388,18637,8004,1,1,12373,16003,1.0,17:28,2015,2016
2015-16,2225,Tony Parker,Tony,1610612759,SAS,San Antonio Spurs,21500431,2015-12-23T00:00:00,SAS @ MIN,W,24.3,0.0,5.0,0.0,6.0,8.0,6.0,2.0,14.0,0.0,1.0,2.0,1.0,23.4,1,1,1,1,12268,12059,995,9917,5299,13914,13237,4025,17019,8004,17214,11390,12373,9501,1.0,24:20,2015,2016
2015-16,203500,Steven Adams,Steven,1610612760,OKC,Oklahoma City Thunder,21500435,2015-12-23T00:00:00,OKC @ LAL,W,24.6,0.0,0.0,0.0,6.0,5.0,12.0,0.0,8.0,2.0,1.0,2.0,4.0,22.9,1,1,1,1,12017,12059,10158,9917,5299,8403,22832,1,21543,932,17214,11390,2748,9811,1.0,24:36,2015,2016
2015-16,203105,Festus Ezeli,Festus,1610612744,GSW,Golden State Warriors,21500434,2015-12-23T00:00:00,GSW vs. UTA,W,15.1,2.0,0.0,0.0,4.0,5.0,9.0,2.0,14.0,4.0,0.0,2.0,1.0,25.3,1,1,1,1,19706,6026,10158,9917,8599,8403,19144,4025,17019,132,1,11390,12373,8340,1.0,15:04,2015,2016
2015-16,101106,Andrew Bogut,Andrew,1610612744,GSW,Golden State Warriors,21500434,2015-12-23T00:00:00,GSW vs. UTA,W,26.9,2.0,4.0,2.0,8.0,2.0,8.0,0.0,18.0,1.0,0.0,2.0,1.0,33.6,1,1,1,1,10099,6026,1596,4675,3109,2619,17345,1,13577,2692,1,11390,12373,4305,1.0,26:54,2015,2016
2015-16,202681,Kyrie Irving,Kyrie,1610612739,CLE,Cleveland Cavaliers,21500424,2015-12-23T00:00:00,CLE vs. NYK,W,19.0,0.0,2.0,0.0,0.0,4.0,4.0,2.0,10.0,0.0,1.0,2.0,1.0,10.2,1,1,1,1,16734,12059,4731,9917,18861,6141,8458,4025,20209,8004,17214,11390,12373,19003,1.0,18:57,2015,2016
2015-16,203991,Clint Capela,Clint,1610612745,HOU,Houston Rockets,21500426,2015-12-23T00:00:00,HOU @ ORL,L,19.3,0.0,4.0,0.0,10.0,4.0,4.0,0.0,24.0,1.0,0.0,2.0,2.0,19.5,1,13074,13074,13074,16494,12059,1596,9917,1840,6141,8458,1,8723,2692,1,11390,7786,12096,1.0,19:15,2015,2016
2015-16,203924,Jerami Grant,Jerami,1610612755,PHI,Philadelphia 76ers,21500430,2015-12-23T00:00:00,PHI @ MIL,L,19.3,0.0,2.0,4.0,6.0,10.0,4.0,6.0,22.0,1.0,0.0,1.0,2.0,19.1,1,13074,13074,13074,16480,12059,4731,1913,5299,17370,8458,13388,10265,2692,1,4972,7786,12372,1.0,19:16,2015,2016
2015-16,200782,P.J. Tucker,P.J.,1610612756,PHX,Phoenix Suns,21500433,2015-12-23T00:00:00,PHX vs. DEN,L,27.6,0.0,3.0,2.0,4.0,12.0,9.0,3.0,24.0,0.0,0.0,3.0,1.0,25.6,1,13074,13074,13074,9567,12059,3104,4675,8599,20178,19144,7328,8723,8004,1,17641,12373,8157,1.0,27:34,2015,2016
2015-16,201587,Nicolas Batum,Nicolas,1610612766,CHA,Charlotte Hornets,21500423,2015-12-23T00:00:00,CHA vs. BOS,L,39.2,8.0,0.0,2.0,4.0,13.0,13.0,13.0,36.0,0.0,0.0,3.0,3.0,33.7,1,13074,13074,13074,1011,308,10158,4675,8599,21300,23668,23048,1943,8004,1,17641,4736,4280,1.0,39:10,2015,2016
2015-16,202339,Eric Bledsoe,Eric,1610612756,PHX,Phoenix Suns,21500433,2015-12-23T00:00:00,PHX vs. DEN,L,39.6,4.0,2.0,1.0,2.0,22.0,9.0,5.0,28.0,0.0,1.0,3.0,3.0,33.5,1,13074,13074,13074,851,2460,4731,9347,12984,25683,19144,11593,5824,8004,17214,17641,4736,4348,1.0,39:36,2015,2016
2015-16,202696,Nikola Vučević,Nikola,1610612753,ORL,Orlando Magic,21500426,2015-12-23T00:00:00,ORL vs. HOU,W,35.0,2.0,4.0,0.0,12.0,13.0,11.0,4.0,34.0,1.0,1.0,2.0,2.0,34.7,1,1,1,1,3548,6026,1596,9917,988,21300,21814,8806,2701,2692,17214,11390,7786,3935,1.0,34:60,2015,2016
2015-16,200746,LaMarcus Aldridge,LaMarcus,1610612759,SAS,San Antonio Spurs,21500431,2015-12-23T00:00:00,SAS @ MIN,W,29.0,0.0,2.0,0.0,8.0,9.0,8.0,3.0,12.0,1.0,0.0,2.0,3.0,25.6,1,1,1,1,8348,12059,4731,9917,3109,15771,17345,7328,18637,2692,1,11390,4736,8157,1.0,29:02,2015,2016
2015-16,203937,Kyle Anderson,Kyle,1610612759,SAS,San Antonio Spurs,21500431,2015-12-23T00:00:00,SAS @ MIN,W,20.0,0.0,2.0,0.0,10.0,4.0,4.0,2.0,8.0,1.0,0.0,0.0,0.0,25.5,1,1,1,1,15887,12059,4731,9917,1840,6141,8458,4025,21543,2692,1,1,18762,8230,1.0,20:02,2015,2016
2015-16,203521,Matthew Dellavedova,Matthew,1610612739,CLE,Cleveland Cavaliers,21500424,2015-12-23T00:00:00,CLE vs. NYK,W,30.8,0.0,0.0,0.0,4.0,0.0,5.0,2.0,14.0,0.0,0.0,2.0,1.0,19.5,1,1,1,1,6863,12059,10158,9917,8599,1,11469,4025,17019,8004,1,11390,12373,12096,1.0,30:50,2015,2016
2015-16,203096,Jared Sullinger,Jared,1610612738,BOS,Boston Celtics,21500423,2015-12-23T00:00:00,BOS @ CHA,W,24.1,0.0,4.0,0.0,8.0,6.0,4.0,0.0,10.0,1.0,2.0,4.0,1.0,34.5,1,1,1,1,12508,12059,1596,9917,3109,10028,8458,1,20209,2692,23588,22104,12373,3997,1.0,24:03,2015,2016
2015-16,203496,Robert Covington,Robert,1610612755,PHI,Philadelphia 76ers,21500430,2015-12-23T00:00:00,PHI @ MIL,L,24.8,3.0,2.0,4.0,2.0,14.0,6.0,13.0,36.0,0.0,1.0,3.0,1.0,25.0,1,13074,13074,13074,11828,4307,4731,1913,12984,22292,13237,23048,1943,8004,17214,17641,12373,8485,1.0,24:48,2015,2016
2015-16,203098,John Jenkins,John,1610612742,DAL,Dallas Mavericks,21500428,2015-12-23T00:00:00,DAL @ BKN,W,13.3,0.0,0.0,0.0,2.0,7.0,11.0,10.0,10.0,0.0,0.0,0.0,0.0,6.2,1,1,1,1,20838,12059,10158,9917,12984,12242,21814,20169,20209,8004,1,1,18762,21696,1.0,13:15,2015,2016
2015-16,202390,Gary Neal,Gary,1610612764,WAS,Washington Wizards,21500427,2015-12-23T00:00:00,WAS vs. MEM,W,16.1,0.0,0.0,0.0,2.0,5.0,6.0,4.0,18.0,0.0,1.0,2.0,1.0,6.0,1,1,1,1,18971,12059,10158,9917,12984,8403,13237,8806,13577,8004,17214,11390,12373,21878,1.0,16:05,2015,2016
2015-16,203458,Alex Len,Alex,1610612756,PHX,Phoenix Suns,21500433,2015-12-23T00:00:00,PHX vs. DEN,L,9.2,0.0,0.0,0.0,0.0,8.0,4.0,2.0,8.0,0.0,0.0,2.0,1.0,5.9,1,13074,13074,13074,22752,12059,10158,9917,18861,13914,8458,4025,21543,8004,1,11390,12373,21953,1.0,9:13,2015,2016
2015-16,2199,Tyson Chandler,Tyson,1610612756,PHX,Phoenix Suns,21500433,2015-12-23T00:00:00,PHX vs. DEN,L,10.2,0.0,0.0,0.0,0.0,4.0,7.0,7.0,10.0,1.0,0.0,0.0,1.0,6.4,1,13074,13074,13074,22353,12059,10158,9917,18861,6141,15642,15538,20209,2692,1,1,12373,21589,1.0,10:11,2015,2016
2015-16,203949,James Michael McAdoo,James Michael,1610612744,GSW,Golden State Warriors,21500434,2015-12-23T00:00:00,GSW vs. UTA,W,7.0,0.0,0.0,0.0,0.0,3.0,2.0,0.0,6.0,0.0,0.0,0.0,1.0,1.2,1,1,1,1,23579,12059,10158,9917,18861,5109,3734,1,22724,8004,1,1,12373,24661,1.0,6:57,2015,2016
2015-16,201229,Anthony Tolliver,Anthony,1610612765,DET,Detroit Pistons,21500429,2015-12-23T00:00:00,DET @ ATL,L,15.0,2.0,2.0,0.0,2.0,8.0,5.0,2.0,16.0,1.0,0.0,1.0,1.0,10.9,1,13074,13074,13074,19763,6026,4731,9917,12984,13914,11469,4025,15259,2692,1,4972,12373,18498,1.0,14:59,2015,2016
2015-16,201585,Kosta Koufos,Kosta,1610612758,SAC,Sacramento Kings,21500425,2015-12-23T00:00:00,SAC @ IND,W,18.6,2.0,0.0,0.0,4.0,2.0,4.0,0.0,22.0,0.0,0.0,3.0,0.0,10.6,1,1,1,1,17025,6026,10158,9917,8599,2619,8458,1,10265,8004,1,17641,18762,18723,1.0,18:35,2015,2016
2015-16,203210,JaMychal Green,JaMychal,1610612763,MEM,Memphis Grizzlies,21500427,2015-12-23T00:00:00,MEM @ WAS,L,15.9,2.0,0.0,0.0,4.0,9.0,2.0,1.0,14.0,0.0,1.0,3.0,2.0,10.7,1,13074,13074,13074,19139,6026,10158,9917,8599,15771,3734,3646,17019,8004,17214,17641,7786,18636,1.0,15:52,2015,2016
2015-16,2210,Richard Jefferson,Richard,1610612739,CLE,Cleveland Cavaliers,21500424,2015-12-23T00:00:00,CLE vs. NYK,W,4.4,0.0,0.0,0.0,0.0,0.0,0.0,2.0,2.0,0.0,0.0,0.0,0.0,1.2,1,1,1,1,24591,12059,10158,9917,18861,1,1,4025,24614,8004,1,1,18762,24661,1.0,4:23,2015,2016
2015-16,201988,Patty Mills,Patty,1610612759,SAS,San Antonio Spurs,21500431,2015-12-23T00:00:00,SAS @ MIN,W,20.1,2.0,2.0,0.0,2.0,3.0,6.0,5.0,6.0,0.0,0.0,1.0,1.0,11.1,1,1,1,1,15851,6026,4731,9917,12984,5109,13237,11593,22724,8004,1,4972,12373,18370,1.0,20:05,2015,2016
2015-16,201973,Jonas Jerebko,Jonas,1610612738,BOS,Boston Celtics,21500423,2015-12-23T00:00:00,BOS @ CHA,W,9.4,0.0,0.0,0.0,0.0,0.0,2.0,0.0,10.0,0.0,1.0,2.0,0.0,1.5,1,1,1,1,22680,12059,10158,9917,18861,1,3734,1,20209,8004,17214,11390,18762,24473,1.0,9:23,2015,2016
2015-16,201962,Toney Douglas,Toney,1610612740,NOP,New Orleans Pelicans,21500432,2015-12-23T00:00:00,NOP vs. POR,W,2.6,0.0,0.0,0.0,0.0,0.0,2.0,0.0,2.0,0.0,0.0,1.0,0.0,1.5,1,1,1,1,25298,12059,10158,9917,18861,1,3734,1,24614,8004,1,4972,18762,24473,1.0,2:34,2015,2016
2015-16,201155,Rodney Stuckey,Rodney,1610612754,IND,Indiana Pacers,21500425,2015-12-23T00:00:00,IND vs. SAC,L,19.9,0.0,2.0,0.0,2.0,11.0,6.0,12.0,28.0,0.0,0.0,1.0,1.0,5.8,1,13074,13074,13074,16030,12059,4731,9917,12984,18886,13237,22259,5824,8004,1,4972,12373,22018,1.0,19:51,2015,2016
2015-16,202337,Luke Babbitt,Luke,1610612740,NOP,New Orleans Pelicans,21500432,2015-12-23T00:00:00,NOP vs. POR,W,2.6,0.0,0.0,0.0,2.0,0.0,2.0,0.0,2.0,0.0,0.0,1.0,0.0,2.0,1,1,1,1,25298,12059,10158,9917,12984,1,3734,1,24614,8004,1,4972,18762,24216,1.0,2:34,2015,2016
2015-16,202397,Ish Smith,Ish,1610612740,NOP,New Orleans Pelicans,21500432,2015-12-23T00:00:00,NOP vs. POR,W,3.8,0.0,0.0,0.0,0.0,2.0,2.0,0.0,2.0,0.0,0.0,0.0,0.0,1.2,1,1,1,1,24809,12059,10158,9917,18861,2619,3734,1,24614,8004,1,1,18762,24661,1.0,3:46,2015,2016
2015-16,203141,Mirza Teletovic,Mirza,1610612756,PHX,Phoenix Suns,21500433,2015-12-23T00:00:00,PHX vs. DEN,L,9.9,0.0,0.0,0.0,0.0,8.0,2.0,7.0,10.0,0.0,1.0,1.0,1.0,1.0,1,13074,13074,13074,22498,12059,10158,9917,18861,13914,3734,15538,20209,8004,17214,4972,12373,24960,1.0,9:53,2015,2016
2015-16,203613,Jonathon Simmons,Jonathon,1610612759,SAS,San Antonio Spurs,21500431,2015-12-23T00:00:00,SAS @ MIN,W,7.7,0.0,0.0,1.0,2.0,5.0,4.0,3.0,8.0,0.0,0.0,0.0,2.0,6.0,1,1,1,1,23303,12059,10158,9347,12984,8403,8458,7328,21543,8004,1,1,7786,21878,1.0,7:44,2015,2016
2015-16,202338,Kevin Seraphin,Kevin,1610612752,NYK,New York Knicks,21500424,2015-12-23T00:00:00,NYK @ CLE,L,4.8,0.0,0.0,0.0,0.0,2.0,4.0,0.0,2.0,0.0,0.0,1.0,0.0,1.5,1,13074,13074,13074,24426,12059,10158,9917,18861,2619,8458,1,24614,8004,1,4972,18762,24473,1.0,4:48,2015,2016
2015-16,203142,Chris Copeland,Chris,1610612749,MIL,Milwaukee Bucks,21500430,2015-12-23T00:00:00,MIL vs. PHI,W,2.0,0.0,0.0,0.0,0.0,5.0,2.0,3.0,2.0,0.0,0.0,1.0,0.0,1.5,1,1,1,1,25516,12059,10158,9917,18861,8403,3734,7328,24614,8004,1,4972,18762,24473,1.0,2:01,2015,2016
2015-16,203546,Ian Clark,Ian,1610612744,GSW,Golden State Warriors,21500434,2015-12-23T00:00:00,GSW vs. UTA,W,7.6,2.0,2.0,0.0,0.0,0.0,2.0,0.0,8.0,0.0,0.0,0.0,1.0,6.0,1,1,1,1,23364,6026,4731,9917,18861,1,3734,1,21543,8004,1,1,12373,21878,1.0,7:34,2015,2016
2015-16,201152,Thaddeus Young,Thaddeus,1610612751,BKN,Brooklyn Nets,21500428,2015-12-23T00:00:00,BKN vs. DAL,L,43.2,4.0,10.0,2.0,24.0,8.0,0.0,11.0,34.0,1.0,1.0,1.0,6.0,57.0,1,13074,13074,13074,187,2460,34,4675,14,13914,1,21342,2701,2692,17214,4972,873,313,1.0,43:12,2015,2016
2015-16,2216,Zach Randolph,Zach,1610612763,MEM,Memphis Grizzlies,21500427,2015-12-23T00:00:00,MEM @ WAS,L,25.8,0.0,4.0,0.0,10.0,14.0,6.0,1.0,22.0,1.0,0.0,1.0,4.0,24.0,1,13074,13074,13074,10980,12059,1596,9917,1840,22292,13237,3646,10265,2692,1,4972,2748,9121,1.0,25:50,2015,2016
2015-16,201196,Ramon Sessions,Ramon,1610612764,WAS,Washington Wizards,21500427,2015-12-23T00:00:00,WAS vs. MEM,W,30.4,3.0,4.0,1.0,4.0,11.0,5.0,4.0,24.0,0.0,1.0,1.0,4.0,24.3,1,1,1,1,7196,4307,1596,9347,8599,18886,11469,8806,8723,8004,17214,4972,2748,8939,1.0,30:23,2015,2016
2015-16,201952,Jeff Teague,Jeff,1610612737,ATL,Atlanta Hawks,21500429,2015-12-23T00:00:00,ATL vs. DET,W,31.9,6.0,4.0,2.0,18.0,13.0,8.0,6.0,30.0,0.0,2.0,3.0,5.0,53.7,1,1,1,1,6030,878,1596,4675,131,21300,17345,13388,4541,8004,23588,17641,1539,479,1.0,31:52,2015,2016
2015-16,201566,Russell Westbrook,Russell,1610612760,OKC,Oklahoma City Thunder,21500435,2015-12-23T00:00:00,OKC @ LAL,W,29.6,5.0,4.0,6.0,16.0,7.0,12.0,5.0,16.0,0.0,1.0,2.0,4.0,48.6,1,1,1,1,7923,1603,1596,740,275,12242,22832,11593,15259,8004,17214,11390,2748,900,1.0,29:33,2015,2016
2015-16,2564,Boris Diaw,Boris,1610612759,SAS,San Antonio Spurs,21500431,2015-12-23T00:00:00,SAS @ MIN,W,16.4,0.0,0.0,2.0,6.0,2.0,6.0,4.0,8.0,0.0,0.0,3.0,0.0,11.6,1,1,1,1,18734,12059,10158,4675,5299,2619,13237,8806,21543,8004,1,17641,18762,17970,1.0,16:24,2015,2016
2015-16,203457,Nerlens Noel,Nerlens,1610612755,PHI,Philadelphia 76ers,21500430,2015-12-23T00:00:00,PHI @ MIL,L,27.4,0.0,2.0,0.0,10.0,20.0,2.0,11.0,36.0,1.0,1.0,0.0,2.0,29.0,1,13074,13074,13074,9720,12059,4731,9917,1840,25338,3734,21342,1943,2692,17214,1,7786,6346,1.0,27:22,2015,2016
2015-16,2594,Kyle Korver,Kyle,1610612737,ATL,Atlanta Hawks,21500429,2015-12-23T00:00:00,ATL vs. DET,W,28.9,0.0,0.0,0.0,2.0,6.0,15.0,4.0,30.0,2.0,1.0,1.0,2.0,24.5,1,1,1,1,8488,12059,10158,9917,12984,10028,24781,8806,4541,932,17214,4972,7786,8801,1.0,28:51,2015,2016
2015-16,101181,Jose Calderon,Jose,1610612752,NYK,New York Knicks,21500424,2015-12-23T00:00:00,NYK @ CLE,L,34.8,0.0,0.0,0.0,2.0,12.0,9.0,10.0,34.0,0.0,0.0,1.0,0.0,24.6,1,13074,13074,13074,3735,12059,10158,9917,12984,20178,19144,20169,2701,8004,1,4972,18762,8724,1.0,34:45,2015,2016
2015-16,203486,Mason Plumlee,Mason,1610612757,POR,Portland Trail Blazers,21500432,2015-12-23T00:00:00,POR @ NOP,L,22.9,0.0,4.0,4.0,8.0,17.0,4.0,8.0,22.0,2.0,2.0,3.0,1.0,29.4,1,13074,13074,13074,13466,12059,1596,1913,3109,24337,8458,17194,10265,932,23588,17641,12373,6143,1.0,22:54,2015,2016
2015-16,201577,Robin Lopez,Robin,1610612752,NYK,New York Knicks,21500424,2015-12-23T00:00:00,NYK @ CLE,L,19.6,0.0,2.0,0.0,2.0,8.0,5.0,6.0,18.0,3.0,0.0,1.0,0.0,24.0,1,13074,13074,13074,16211,12059,4731,9917,12984,13914,11469,13388,13577,347,1,4972,18762,9121,1.0,19:37,2015,2016
2015-16,203076,Anthony Davis,Anthony,1610612740,NOP,New Orleans Pelicans,21500432,2015-12-23T00:00:00,NOP vs. POR,W,35.7,4.0,4.0,2.0,16.0,4.0,16.0,8.0,24.0,3.0,1.0,1.0,6.0,53.9,1,1,1,1,2962,2460,1596,4675,275,6141,25155,17194,8723,347,17214,4972,873,459,1.0,35:43,2015,2016
2015-16,200826,J.J. Barea,J.J.,1610612742,DAL,Dallas Mavericks,21500428,2015-12-23T00:00:00,DAL @ BKN,W,41.4,5.0,0.0,7.0,12.0,10.0,20.0,8.0,38.0,0.0,2.0,0.0,2.0,47.7,1,1,1,1,395,1603,10158,454,988,17370,25875,17194,1422,8004,23588,1,7786,989,1.0,41:27,2015,2016
2015-16,202688,Brandon Knight,Brandon,1610612756,PHX,Phoenix Suns,21500433,2015-12-23T00:00:00,PHX vs. DEN,L,40.8,6.0,2.0,2.0,10.0,22.0,10.0,12.0,36.0,0.0,1.0,1.0,9.0,35.8,1,13074,13074,13074,541,878,4731,4675,1840,25683,20509,22259,1943,8004,17214,4972,138,3541,1.0,40:46,2015,2016
2015-16,201586,Serge Ibaka,Serge,1610612760,OKC,Oklahoma City Thunder,21500435,2015-12-23T00:00:00,OKC @ LAL,W,26.2,4.0,3.0,5.0,8.0,5.0,12.0,0.0,8.0,2.0,0.0,2.0,2.0,29.4,1,1,1,1,10726,2460,3104,1277,3109,8403,22832,1,21543,932,1,11390,7786,6143,1.0,26:09,2015,2016
2015-16,203093,Terrence Jones,Terrence,1610612745,HOU,Houston Rockets,21500426,2015-12-23T00:00:00,HOU @ ORL,L,11.8,0.0,0.0,0.0,4.0,2.0,6.0,0.0,12.0,0.0,0.0,0.0,1.0,11.6,1,13074,13074,13074,21701,12059,10158,9917,8599,2619,13237,1,18637,8004,1,1,12373,17970,1.0,11:45,2015,2016
2015-16,203083,Andre Drummond,Andre,1610612765,DET,Detroit Pistons,21500429,2015-12-23T00:00:00,DET @ ATL,L,36.1,4.0,8.0,4.0,16.0,12.0,5.0,2.0,40.0,3.0,0.0,5.0,10.0,52.4,1,13074,13074,13074,2697,2460,137,1913,275,20178,11469,4025,983,347,1,24686,76,549,1.0,36:04,2015,2016
2015-16,203115,Will Barton,Will,1610612743,DEN,Denver Nuggets,21500433,2015-12-23T00:00:00,DEN @ PHX,W,34.6,3.0,4.0,5.0,6.0,18.0,12.0,6.0,18.0,0.0,0.0,3.0,4.0,35.3,1,1,1,1,3903,4307,1596,1277,5299,24749,22832,13388,13577,8004,1,17641,2748,3719,1.0,34:33,2015,2016
2015-16,201627,Anthony Morrow,Anthony,1610612760,OKC,Oklahoma City Thunder,21500435,2015-12-23T00:00:00,OKC @ LAL,W,19.4,0.0,0.0,0.0,2.0,9.0,5.0,2.0,16.0,0.0,0.0,1.0,0.0,7.4,1,1,1,1,16387,12059,10158,9917,12984,15771,11469,4025,15259,8004,1,4972,18762,20912,1.0,19:24,2015,2016
2015-16,2207,Joe Johnson,Joe,1610612751,BKN,Brooklyn Nets,21500428,2015-12-23T00:00:00,BKN vs. DAL,L,37.0,0.0,3.0,0.0,6.0,5.0,0.0,9.0,30.0,0.0,1.0,3.0,1.0,29.0,1,13074,13074,13074,2095,12059,3104,9917,5299,8403,1,18829,4541,8004,17214,17641,12373,6346,1.0,36:59,2015,2016
2015-16,202329,Al-Farouq Aminu,Al-Farouq,1610612757,POR,Portland Trail Blazers,21500432,2015-12-23T00:00:00,POR @ NOP,L,21.7,0.0,0.0,1.0,4.0,14.0,4.0,8.0,22.0,0.0,1.0,3.0,3.0,24.1,1,13074,13074,13074,14406,12059,10158,9347,8599,22292,8458,17194,10265,8004,17214,17641,4736,9068,1.0,21:44,2015,2016
2015-16,1626156,D'Angelo Russell,D'Angelo,1610612747,LAL,Los Angeles Lakers,21500435,2015-12-23T00:00:00,LAL vs. OKC,L,28.2,0.0,0.0,3.0,2.0,9.0,13.0,7.0,34.0,0.0,4.0,2.0,4.0,24.6,1,13074,13074,13074,9053,12059,10158,3302,12984,15771,23668,15538,2701,8004,25926,11390,2748,8724,1.0,28:14,2015,2016
2015-16,203504,Trey Burke,Trey,1610612762,UTA,Utah Jazz,21500434,2015-12-23T00:00:00,UTA @ GSW,L,27.6,2.0,0.0,0.0,4.0,19.0,12.0,14.0,22.0,1.0,1.0,1.0,0.0,24.5,1,13074,13074,13074,9534,6026,10158,9917,8599,25074,22832,23710,10265,2692,17214,4972,18762,8801,1.0,27:36,2015,2016
2015-16,201950,Jrue Holiday,Jrue,1610612740,NOP,New Orleans Pelicans,21500432,2015-12-23T00:00:00,NOP vs. POR,W,20.9,6.0,0.0,0.0,6.0,3.0,14.0,2.0,10.0,0.0,1.0,1.0,3.0,28.9,1,1,1,1,15170,878,10158,9917,5299,5109,24300,4025,20209,8004,17214,4972,4736,6414,1.0,20:52,2015,2016
2015-16,201162,Jared Dudley,Jared,1610612764,WAS,Washington Wizards,21500427,2015-12-23T00:00:00,WAS vs. MEM,W,31.0,2.0,4.0,0.0,2.0,6.0,7.0,2.0,16.0,0.0,0.0,4.0,0.0,24.7,1,1,1,1,6727,6026,1596,9917,12984,10028,15642,4025,15259,8004,1,22104,18762,8673,1.0,30:59,2015,2016
2015-16,201935,James Harden,James,1610612745,HOU,Houston Rockets,21500426,2015-12-23T00:00:00,HOU @ ORL,L,40.3,9.0,3.0,4.0,14.0,10.0,8.0,6.0,42.0,0.0,2.0,2.0,7.0,45.1,1,13074,13074,13074,664,171,3104,1913,542,17370,17345,13388,670,8004,23588,11390,469,1338,1.0,40:15,2015,2016
2015-16,203095,Evan Fournier,Evan,1610612753,ORL,Orlando Magic,21500426,2015-12-23T00:00:00,ORL vs. HOU,W,35.1,4.0,0.0,2.0,8.0,12.0,6.0,4.0,32.0,0.0,0.0,5.0,3.0,30.0,1,1,1,1,3464,2460,10158,4675,3109,20178,13237,8806,3535,8004,1,24686,4736,5840,1.0,35:06,2015,2016
2015-16,2590,Mo Williams,Mo,1610612739,CLE,Cleveland Cavaliers,21500424,2015-12-23T00:00:00,CLE vs. NYK,W,14.9,2.0,2.0,0.0,0.0,2.0,3.0,2.0,6.0,1.0,1.0,2.0,2.0,11.4,1,1,1,1,19841,6026,4731,9917,18861,2619,7138,4025,22724,2692,17214,11390,7786,18134,1.0,14:53,2015,2016
2015-16,201936,Tyreke Evans,Tyreke,1610612740,NOP,New Orleans Pelicans,21500432,2015-12-23T00:00:00,NOP vs. POR,W,35.4,4.0,2.0,6.0,8.0,1.0,18.0,8.0,22.0,0.0,1.0,1.0,6.0,50.1,1,1,1,1,3264,2460,4731,740,3109,2356,25634,17194,10265,8004,17214,4972,873,743,1.0,35:21,2015,2016
2015-16,203918,Rodney Hood,Rodney,1610612762,UTA,Utah Jazz,21500434,2015-12-23T00:00:00,UTA @ GSW,L,37.4,0.0,7.0,0.0,6.0,24.0,10.0,20.0,36.0,0.0,0.0,3.0,0.0,24.3,1,13074,13074,13074,1809,12059,292,9917,5299,25890,20509,25599,1943,8004,1,17641,18762,8939,1.0,37:25,2015,2016
2015-16,101135,David Lee,David,1610612738,BOS,Boston Celtics,21500423,2015-12-23T00:00:00,BOS @ CHA,W,18.0,2.0,0.0,0.0,8.0,4.0,2.0,4.0,16.0,2.0,1.0,2.0,1.0,28.9,1,1,1,1,17540,6026,10158,9917,3109,6141,3734,8806,15259,932,17214,11390,12373,6414,1.0,17:58,2015,2016
2015-16,203186,Willie Reed,Willie,1610612751,BKN,Brooklyn Nets,21500428,2015-12-23T00:00:00,BKN vs. DAL,L,6.6,3.0,2.0,0.0,4.0,0.0,0.0,0.0,2.0,0.0,0.0,2.0,2.0,7.4,1,13074,13074,13074,23708,4307,4731,9917,8599,1,1,1,24614,8004,1,11390,7786,20912,1.0,6:37,2015,2016
2015-16,201145,Jeff Green,Jeff,1610612763,MEM,Memphis Grizzlies,21500427,2015-12-23T00:00:00,MEM @ WAS,L,37.7,4.0,4.0,0.0,8.0,12.0,12.0,11.0,26.0,1.0,0.0,2.0,4.0,50.4,1,13074,13074,13074,1637,2460,1596,9917,3109,20178,22832,21342,7214,2692,1,11390,2748,714,1.0,37:44,2015,2016
2015-16,201143,Al Horford,Al,1610612737,ATL,Atlanta Hawks,21500429,2015-12-23T00:00:00,ATL vs. DET,W,30.1,3.0,0.0,0.0,2.0,12.0,15.0,4.0,32.0,1.0,1.0,3.0,0.0,24.8,1,1,1,1,7426,4307,10158,9917,12984,20178,24781,8806,3535,2692,17214,17641,18762,8614,1.0,30:07,2015,2016
2015-16,202326,DeMarcus Cousins,DeMarcus,1610612758,SAC,Sacramento Kings,21500425,2015-12-23T00:00:00,SAC @ IND,W,35.1,2.0,6.0,2.0,16.0,24.0,6.0,10.0,32.0,3.0,1.0,2.0,9.0,49.7,1,1,1,1,3464,6026,481,4675,275,25890,13237,20169,3535,347,17214,11390,138,789,1.0,35:06,2015,2016
2015-16,204001,Kristaps Porziņģis,Kristaps,1610612752,NYK,New York Knicks,21500424,2015-12-23T00:00:00,NYK @ CLE,L,38.3,0.0,3.0,0.0,4.0,14.0,11.0,10.0,32.0,1.0,1.0,1.0,2.0,49.6,1,13074,13074,13074,1383,12059,3104,9917,8599,22292,21814,20169,3535,2692,17214,4972,7786,798,1.0,38:17,2015,2016
2015-16,203460,Andre Roberson,Andre,1610612760,OKC,Oklahoma City Thunder,21500435,2015-12-23T00:00:00,OKC @ LAL,W,26.5,0.0,5.0,4.0,14.0,2.0,9.0,3.0,12.0,4.0,1.0,1.0,1.0,44.9,1,1,1,1,10462,12059,995,1913,542,2619,19144,7328,18637,132,17214,4972,12373,1380,1.0,26:29,2015,2016
2015-16,203469,Cody Zeller,Cody,1610612766,CHA,Charlotte Hornets,21500423,2015-12-23T00:00:00,CHA vs. BOS,L,33.9,0.0,3.0,0.0,6.0,11.0,15.0,16.0,30.0,1.0,1.0,2.0,1.0,30.0,1,13074,13074,13074,4471,12059,3104,9917,5299,18886,24781,24641,4541,2692,17214,11390,12373,5840,1.0,33:51,2015,2016
2015-16,1626209,Mario Hezonja,Mario,1610612753,ORL,Orlando Magic,21500426,2015-12-23T00:00:00,ORL vs. HOU,W,16.3,2.0,0.0,2.0,2.0,6.0,7.0,2.0,20.0,0.0,0.0,0.0,0.0,11.5,1,1,1,1,18783,6026,10158,4675,12984,10028,15642,4025,11929,8004,1,1,18762,18079,1.0,16:21,2015,2016
2015-16,101162,Marcin Gortat,Marcin,1610612764,WAS,Washington Wizards,21500427,2015-12-23T00:00:00,WAS vs. MEM,W,39.5,4.0,2.0,0.0,10.0,10.0,9.0,4.0,24.0,0.0,1.0,5.0,1.0,28.9,1,1,1,1,885,2460,4731,9917,1840,17370,19144,8806,8723,8004,17214,24686,12373,6414,1.0,39:30,2015,2016
2015-16,203109,Jae Crowder,Jae,1610612738,BOS,Boston Celtics,21500423,2015-12-23T00:00:00,BOS @ CHA,W,37.3,3.0,6.0,2.0,2.0,10.0,8.0,4.0,24.0,1.0,0.0,3.0,4.0,36.4,1,1,1,1,1922,4307,481,4675,12984,17370,17345,8806,8723,2692,1,17641,2748,3353,1.0,37:16,2015,2016
2015-16,203507,Giannis Antetokounmpo,Giannis,1610612749,MIL,Milwaukee Bucks,21500430,2015-12-23T00:00:00,MIL vs. PHI,W,33.4,6.0,4.0,2.0,20.0,9.0,10.0,9.0,36.0,2.0,1.0,3.0,0.0,47.0,1,1,1,1,4835,878,1596,4675,59,15771,20509,18829,1943,932,17214,17641,18762,1078,1.0,33:23,2015,2016
2015-16,1626163,Frank Kaminsky,Frank,1610612766,CHA,Charlotte Hornets,21500423,2015-12-23T00:00:00,CHA vs. BOS,L,31.0,0.0,3.0,0.0,14.0,12.0,9.0,11.0,24.0,1.0,1.0,3.0,4.0,36.4,1,13074,13074,13074,6692,12059,3104,9917,542,20178,19144,21342,8723,2692,17214,17641,2748,3353,1.0,31:02,2015,2016
2015-16,203996,Damien Inglis,Damien,1610612749,MIL,Milwaukee Bucks,21500430,2015-12-23T00:00:00,MIL vs. PHI,W,2.0,0.0,0.0,0.0,0.0,5.0,2.0,3.0,2.0,0.0,0.0,0.0,0.0,-1.0,1,1,1,1,25516,12059,10158,9917,18861,8403,3734,7328,24614,8004,1,1,18762,25932,1.0,2:01,2015,2016
2015-16,203088,Kendall Marshall,Kendall,1610612755,PHI,Philadelphia 76ers,21500430,2015-12-23T00:00:00,PHI @ MIL,L,24.1,0.0,0.0,0.0,2.0,26.0,2.0,15.0,38.0,0.0,1.0,2.0,2.0,9.5,1,13074,13074,13074,12429,12059,10158,9917,12984,25979,3734,24242,1422,8004,17214,11390,7786,19519,1.0,24:08,2015,2016
2015-16,203488,Mike Muscala,Mike,1610612737,ATL,Atlanta Hawks,21500429,2015-12-23T00:00:00,ATL vs. DET,W,0.0,0.0,0.0,0.0,0.0,0.0,0.0,0.0,0.0,0.0,0.0,1.0,0.0,0.0,1,1,1,1,26075,12059,10158,9917,18861,1,1,1,25429,8004,1,4972,18762,25170,1.0,0:00,2015,2016
2015-16,1626168,Trey Lyles,Trey,1610612762,UTA,Utah Jazz,21500434,2015-12-23T00:00:00,UTA @ GSW,L,14.9,0.0,0.0,0.0,2.0,7.0,2.0,10.0,10.0,0.0,0.0,1.0,0.0,3.4,1,13074,13074,13074,19841,12059,10158,9917,12984,12242,3734,20169,20209,8004,1,4972,18762,23417,1.0,14:53,2015,2016
2015-16,1626199,Darrun Hilliard,Darrun,1610612765,DET,Detroit Pistons,21500429,2015-12-23T00:00:00,DET @ ATL,L,4.5,0.0,0.0,0.0,0.0,3.0,1.0,0.0,2.0,0.0,0.0,0.0,0.0,0.0,1,13074,13074,13074,24544,12059,10158,9917,18861,5109,3393,1,24614,8004,1,1,18762,25170,1.0,4:30,2015,2016
2015-16,203092,Tyler Zeller,Tyler,1610612738,BOS,Boston Celtics,21500423,2015-12-23T00:00:00,BOS @ CHA,W,11.7,0.0,0.0,2.0,2.0,4.0,5.0,4.0,10.0,0.0,1.0,0.0,1.0,3.2,1,1,1,1,21737,12059,10158,4675,12984,6141,11469,8806,20209,8004,17214,1,12373,23473,1.0,11:40,2015,2016
2015-16,202713,Kyle Singler,Kyle,1610612760,OKC,Oklahoma City Thunder,21500435,2015-12-23T00:00:00,OKC @ LAL,W,5.8,2.0,0.0,2.0,2.0,2.0,0.0,2.0,10.0,0.0,1.0,0.0,0.0,4.4,1,1,1,1,24066,6026,10158,4675,12984,2619,1,4025,20209,8004,17214,1,18762,22837,1.0,5:46,2015,2016
2015-16,203934,Lamar Patterson,Lamar,1610612737,ATL,Atlanta Hawks,21500429,2015-12-23T00:00:00,ATL vs. DET,W,10.0,0.0,0.0,0.0,0.0,4.0,6.0,2.0,16.0,0.0,1.0,3.0,0.0,4.8,1,1,1,1,22449,12059,10158,9917,18861,6141,13237,4025,15259,8004,17214,17641,18762,22657,1.0,9:59,2015,2016
2015-16,1626170,Jerian Grant,Jerian,1610612752,NYK,New York Knicks,21500424,2015-12-23T00:00:00,NYK @ CLE,L,10.7,0.0,0.0,0.0,0.0,2.0,2.0,0.0,2.0,0.0,1.0,1.0,1.0,4.7,1,13074,13074,13074,22147,12059,10158,9917,18861,2619,3734,1,24614,8004,17214,4972,12373,22672,1.0,10:43,2015,2016
2015-16,202357,Nemanja Bjelica,Nemanja,1610612750,MIN,Minnesota Timberwolves,21500431,2015-12-23T00:00:00,MIN vs. SAS,L,16.8,0.0,0.0,0.0,0.0,4.0,6.0,0.0,20.0,1.0,0.0,2.0,1.0,7.2,1,13074,13074,13074,18417,12059,10158,9917,18861,6141,13237,1,11929,2692,1,11390,12373,21035,1.0,16:48,2015,2016
2015-16,1626246,Boban Marjanović,Boban,1610612759,SAS,San Antonio Spurs,21500431,2015-12-23T00:00:00,SAS @ MIN,W,3.6,0.0,2.0,0.0,2.0,2.0,0.0,0.0,4.0,0.0,0.0,0.0,1.0,4.2,1,1,1,1,24872,12059,4731,9917,12984,2619,1,1,23698,8004,1,1,12373,22976,1.0,3:35,2015,2016
2015-16,202379,Jeremy Evans,Jeremy,1610612742,DAL,Dallas Mavericks,21500428,2015-12-23T00:00:00,DAL @ BKN,W,0.1,0.0,0.0,0.0,0.0,0.0,0.0,0.0,0.0,0.0,0.0,0.0,0.0,0.0,1,1,1,1,26033,12059,10158,9917,18861,1,1,1,25429,8004,1,1,18762,25170,1.0,0:08,2015,2016
2015-16,203463,Ben McLemore,Ben,1610612758,SAC,Sacramento Kings,21500425,2015-12-23T00:00:00,SAC @ IND,W,12.8,0.0,0.0,2.0,2.0,13.0,4.0,9.0,8.0,0.0,0.0,1.0,0.0,4.4,1,1,1,1,21083,12059,10158,4675,12984,21300,8458,18829,21543,8004,1,4972,18762,22837,1.0,12:48,2015,2016
2015-16,1626173,Rashad Vaughn,Rashad,1610612749,MIL,Milwaukee Bucks,21500430,2015-12-23T00:00:00,MIL vs. PHI,W,15.1,0.0,0.0,0.0,0.0,8.0,6.0,9.0,12.0,0.0,0.0,1.0,1.0,5.4,1,1,1,1,19680,12059,10158,9917,18861,13914,13237,18829,18637,8004,1,4972,12373,22242,1.0,15:07,2015,2016
2015-16,202344,Trevor Booker,Trevor,1610612762,UTA,Utah Jazz,21500434,2015-12-23T00:00:00,UTA @ GSW,L,18.7,0.0,0.0,0.0,0.0,10.0,8.0,2.0,20.0,0.0,0.0,3.0,0.0,4.0,1,13074,13074,13074,16918,12059,10158,9917,18861,17370,17345,4025,11929,8004,1,17641,18762,23142,1.0,18:44,2015,2016
2015-16,203939,Dwight Powell,Dwight,1610612742,DAL,Dallas Mavericks,21500428,2015-12-23T00:00:00,DAL @ BKN,W,8.2,0.0,0.0,0.0,0.0,5.0,4.0,8.0,6.0,0.0,0.0,2.0,1.0,4.4,1,1,1,1,23113,12059,10158,9917,18861,8403,8458,17194,22724,8004,1,11390,12373,22837,1.0,8:13,2015,2016
2015-16,201150,Spencer Hawes,Spencer,1610612766,CHA,Charlotte Hornets,21500423,2015-12-23T00:00:00,CHA vs. BOS,L,5.9,0.0,0.0,0.0,0.0,5.0,3.0,0.0,4.0,0.0,0.0,1.0,0.0,-0.8,1,13074,13074,13074,24010,12059,10158,9917,18861,8403,7138,1,23698,8004,1,4972,18762,25914,1.0,5:53,2015,2016
2015-16,201580,JaVale McGee,JaVale,1610612742,DAL,Dallas Mavericks,21500428,2015-12-23T00:00:00,DAL @ BKN,W,9.5,0.0,0.0,0.0,4.0,3.0,2.0,5.0,10.0,0.0,1.0,2.0,1.0,4.4,1,1,1,1,22634,12059,10158,9917,8599,5109,3734,11593,20209,8004,17214,11390,12373,22837,1.0,9:29,2015,2016
2015-16,203921,Cleanthony Early,Cleanthony,1610612752,NYK,New York Knicks,21500424,2015-12-23T00:00:00,NYK @ CLE,L,6.0,0.0,0.0,0.0,0.0,0.0,0.0,0.0,0.0,0.0,0.0,1.0,0.0,-1.0,1,13074,13074,13074,23978,12059,10158,9917,18861,1,1,1,25429,8004,1,4972,18762,25932,1.0,5:58,2015,2016
2015-16,200811,Lou Amundson,Lou,1610612752,NYK,New York Knicks,21500424,2015-12-23T00:00:00,NYK @ CLE,L,8.8,0.0,2.0,0.0,2.0,0.0,0.0,0.0,2.0,0.0,0.0,1.0,1.0,7.0,1,13074,13074,13074,22923,12059,4731,9917,12984,1,1,1,24614,8004,1,4972,12373,21188,1.0,8:47,2015,2016
2015-16,2592,James Jones,James,1610612739,CLE,Cleveland Cavaliers,21500424,2015-12-23T00:00:00,CLE vs. NYK,W,4.5,0.0,0.0,0.0,0.0,0.0,2.0,0.0,2.0,0.0,0.0,0.0,0.0,0.0,1,1,1,1,24538,12059,10158,9917,18861,1,3734,1,24614,8004,1,1,18762,25170,1.0,4:32,2015,2016
2015-16,1626273,Marcelo Huertas,Marcelo,1610612747,LAL,Los Angeles Lakers,21500435,2015-12-23T00:00:00,LAL vs. OKC,L,12.0,0.0,0.0,0.0,0.0,4.0,8.0,2.0,18.0,0.0,0.0,1.0,0.0,5.0,1,13074,13074,13074,21529,12059,10158,9917,18861,6141,17345,4025,13577,8004,1,4972,18762,22500,1.0,12:00,2015,2016
2015-16,2446,Rasual Butler,Rasual,1610612759,SAS,San Antonio Spurs,21500431,2015-12-23T00:00:00,SAS @ MIN,W,3.6,0.0,0.0,0.0,0.0,2.0,0.0,0.0,4.0,0.0,0.0,0.0,0.0,0.0,1,1,1,1,24872,12059,10158,9917,18861,2619,1,1,23698,8004,1,1,18762,25170,1.0,3:35,2015,2016
2015-16,201946,Tyler Hansbrough,Tyler,1610612766,CHA,Charlotte Hornets,21500423,2015-12-23T00:00:00,CHA vs. BOS,L,8.3,0.0,0.0,0.0,0.0,2.0,0.0,0.0,6.0,0.0,0.0,1.0,0.0,3.6,1,13074,13074,13074,23097,12059,10158,9917,18861,2619,1,1,22724,8004,1,4972,18762,23310,1.0,8:16,2015,2016
2015-16,1626192,Pat Connaughton,Pat,1610612757,POR,Portland Trail Blazers,21500432,2015-12-23T00:00:00,POR @ NOP,L,6.3,0.0,0.0,0.0,0.0,0.0,2.0,0.0,4.0,0.0,0.0,0.0,0.0,0.0,1,13074,13074,13074,23851,12059,10158,9917,18861,1,3734,1,23698,8004,1,1,18762,25170,1.0,6:16,2015,2016
2015-16,201976,Patrick Beverley,Patrick,1610612745,HOU,Houston Rockets,21500426,2015-12-23T00:00:00,HOU @ ORL,L,29.8,0.0,2.0,0.0,0.0,8.0,6.0,4.0,34.0,1.0,0.0,2.0,2.0,13.2,1,13074,13074,13074,7691,12059,4731,9917,18861,13914,13237,8806,2701,2692,1,11390,7786,16768,1.0,29:50,2015,2016
2015-16,203462,Archie Goodwin,Archie,1610612756,PHX,Phoenix Suns,21500433,2015-12-23T00:00:00,PHX vs. DEN,L,7.5,2.0,0.0,4.0,4.0,4.0,7.0,7.0,8.0,0.0,0.0,0.0,1.0,5.0,1,13074,13074,13074,23391,6026,10158,1913,8599,6141,15642,15538,21543,8004,1,1,12373,22500,1.0,7:30,2015,2016
2015-16,202693,Markieff Morris,Markieff,1610612756,PHX,Phoenix Suns,21500433,2015-12-23T00:00:00,PHX vs. DEN,L,12.3,0.0,0.0,0.0,0.0,4.0,5.0,3.0,10.0,0.0,0.0,0.0,0.0,9.2,1,13074,13074,13074,21393,12059,10158,9917,18861,6141,11469,7328,20209,8004,1,1,18762,19680,1.0,12:17,2015,2016
2015-16,2440,Matt Barnes,Matt,1610612763,MEM,Memphis Grizzlies,21500427,2015-12-23T00:00:00,MEM @ WAS,L,23.1,2.0,0.0,2.0,2.0,6.0,8.0,11.0,14.0,2.0,1.0,1.0,1.0,13.2,1,13074,13074,13074,13334,6026,10158,4675,12984,10028,17345,21342,17019,932,17214,4972,12373,16768,1.0,23:03,2015,2016
2015-16,1626242,Luis Montero,Luis,1610612757,POR,Portland Trail Blazers,21500432,2015-12-23T00:00:00,POR @ NOP,L,6.3,0.0,0.0,0.0,0.0,0.0,2.0,0.0,4.0,0.0,0.0,1.0,1.0,3.5,1,13074,13074,13074,23851,12059,10158,9917,18861,1,3734,1,23698,8004,1,4972,12373,23351,1.0,6:16,2015,2016
2015-16,201978,Chase Budinger,Chase,1610612754,IND,Indiana Pacers,21500425,2015-12-23T00:00:00,IND vs. SAC,L,14.0,0.0,0.0,0.0,0.0,11.0,4.0,8.0,18.0,0.0,0.0,0.0,0.0,4.5,1,13074,13074,13074,20399,12059,10158,9917,18861,18886,8458,17194,13577,8004,1,1,18762,22773,1.0,14:01,2015,2016
2015-16,201564,O.J. Mayo,O.J.,1610612749,MIL,Milwaukee Bucks,21500430,2015-12-23T00:00:00,MIL vs. PHI,W,22.4,0.0,0.0,0.0,2.0,8.0,8.0,9.0,22.0,0.0,1.0,0.0,0.0,7.2,1,1,1,1,13807,12059,10158,9917,12984,13914,17345,18829,10265,8004,17214,1,18762,21035,1.0,22:26,2015,2016
2015-16,101150,Lou Williams,Lou,1610612747,LAL,Los Angeles Lakers,21500435,2015-12-23T00:00:00,LAL vs. OKC,L,25.1,1.0,0.0,0.0,0.0,14.0,9.0,23.0,48.0,0.0,1.0,2.0,3.0,9.2,1,13074,13074,13074,11586,11535,10158,9917,18861,22292,19144,25880,192,8004,17214,11390,4736,19680,1.0,25:07,2015,2016
2015-16,1626204,Larry Nance Jr.,Larry,1610612747,LAL,Los Angeles Lakers,21500435,2015-12-23T00:00:00,LAL vs. OKC,L,19.7,0.0,4.0,0.0,2.0,9.0,7.0,20.0,40.0,0.0,2.0,3.0,0.0,9.5,1,13074,13074,13074,16138,12059,1596,9917,12984,15771,15642,25599,983,8004,23588,17641,18762,19519,1.0,19:43,2015,2016
2015-16,203940,Adreian Payne,Adreian,1610612750,MIN,Minnesota Timberwolves,21500431,2015-12-23T00:00:00,MIN vs. SAS,L,7.9,0.0,0.0,0.0,0.0,2.0,5.0,2.0,10.0,0.0,0.0,2.0,0.0,0.0,1,13074,13074,13074,23233,12059,10158,9917,18861,2619,11469,4025,20209,8004,1,11390,18762,25170,1.0,7:53,2015,2016
2015-16,200757,Thabo Sefolosha,Thabo,1610612737,ATL,Atlanta Hawks,21500429,2015-12-23T00:00:00,ATL vs. DET,W,23.8,0.0,0.0,0.0,0.0,11.0,3.0,8.0,26.0,0.0,0.0,0.0,0.0,6.6,1,1,1,1,12743,12059,10158,9917,18861,18886,7138,17194,7214,8004,1,1,18762,21445,1.0,23:48,2015,2016
2015-16,201596,Mario Chalmers,Mario,1610612763,MEM,Memphis Grizzlies,21500427,2015-12-23T00:00:00,MEM @ WAS,L,4.8,0.0,0.0,0.0,0.0,6.0,2.0,1.0,2.0,0.0,0.0,3.0,0.0,4.2,1,13074,13074,13074,24426,12059,10158,9917,18861,10028,3734,3646,24614,8004,1,17641,18762,22976,1.0,4:48,2015,2016
2015-16,202323,Evan Turner,Evan,1610612738,BOS,Boston Celtics,21500423,2015-12-23T00:00:00,BOS @ CHA,W,21.9,0.0,0.0,0.0,0.0,4.0,4.0,4.0,20.0,0.0,0.0,1.0,0.0,12.1,1,1,1,1,14290,12059,10158,9917,18861,6141,8458,8806,11929,8004,1,4972,18762,17639,1.0,21:52,2015,2016
2015-16,201188,Marc Gasol,Marc,1610612763,MEM,Memphis Grizzlies,21500427,2015-12-23T00:00:00,MEM @ WAS,L,32.1,0.0,2.0,0.0,2.0,11.0,12.0,11.0,22.0,2.0,0.0,1.0,4.0,27.2,1,13074,13074,13074,5771,12059,4731,9917,12984,18886,22832,21342,10265,932,1,4972,2748,7289,1.0,32:08,2015,2016
2015-16,203914,Gary Harris,Gary,1610612743,DEN,Denver Nuggets,21500433,2015-12-23T00:00:00,DEN @ PHX,W,37.7,0.0,0.0,2.0,4.0,26.0,14.0,16.0,32.0,0.0,1.0,3.0,2.0,12.1,1,1,1,1,1673,12059,10158,4675,8599,25979,24300,24641,3535,8004,17214,17641,7786,17639,1.0,37:39,2015,2016
2015-16,202684,Tristan Thompson,Tristan,1610612739,CLE,Cleveland Cavaliers,21500424,2015-12-23T00:00:00,CLE vs. NYK,W,29.5,0.0,4.0,0.0,4.0,2.0,2.0,4.0,12.0,0.0,1.0,1.0,4.0,26.8,1,1,1,1,7999,12059,1596,9917,8599,2619,3734,8806,18637,8004,17214,4972,2748,7486,1.0,29:28,2015,2016
2015-16,202066,Garrett Temple,Garrett,1610612764,WAS,Washington Wizards,21500427,2015-12-23T00:00:00,WAS vs. MEM,W,40.1,3.0,2.0,9.0,10.0,12.0,11.0,4.0,28.0,0.0,1.0,4.0,2.0,26.7,1,1,1,1,706,4307,4731,184,1840,20178,21814,8806,5824,8004,17214,22104,7786,7525,1.0,40:05,2015,2016
2015-16,202738,Isaiah Thomas,Isaiah,1610612738,BOS,Boston Celtics,21500423,2015-12-23T00:00:00,BOS @ CHA,W,34.2,0.0,0.0,6.0,0.0,6.0,8.0,0.0,20.0,0.0,1.0,3.0,5.0,31.3,1,1,1,1,4205,12059,10158,740,18861,10028,17345,1,11929,8004,17214,17641,1539,5258,1.0,34:11,2015,2016
2015-16,202324,Derrick Favors,Derrick,1610612762,UTA,Utah Jazz,21500434,2015-12-23T00:00:00,UTA @ GSW,L,33.2,0.0,5.0,0.0,10.0,24.0,8.0,22.0,28.0,2.0,2.0,5.0,3.0,31.3,1,13074,13074,13074,4985,12059,995,9917,1840,25890,17345,25811,5824,932,23588,24686,4736,5258,1.0,33:10,2015,2016
2015-16,201956,Omri Casspi,Omri,1610612758,SAC,Sacramento Kings,21500425,2015-12-23T00:00:00,SAC @ IND,W,41.3,5.0,3.0,5.0,8.0,24.0,8.0,10.0,38.0,0.0,1.0,4.0,1.0,30.2,1,1,1,1,428,1603,3104,1277,3109,25890,17345,20169,1422,8004,17214,22104,12373,5751,1.0,41:18,2015,2016
2015-16,203798,PJ Hairston,PJ,1610612766,CHA,Charlotte Hornets,21500423,2015-12-23T00:00:00,CHA vs. BOS,L,12.7,2.0,0.0,2.0,0.0,9.0,12.0,7.0,16.0,0.0,0.0,1.0,2.0,12.2,1,13074,13074,13074,21161,6026,10158,4675,18861,15771,22832,15538,15259,8004,1,4972,7786,17566,1.0,12:40,2015,2016
2015-16,101145,Monta Ellis,Monta,1610612754,IND,Indiana Pacers,21500425,2015-12-23T00:00:00,IND vs. SAC,L,37.3,9.0,2.0,5.0,8.0,8.0,9.0,14.0,52.0,0.0,1.0,2.0,4.0,40.4,1,13074,13074,13074,1890,171,4731,1277,3109,13914,19144,23710,59,8004,17214,11390,2748,2274,1.0,37:18,2015,2016
2015-16,201589,Darrell Arthur,Darrell,1610612743,DEN,Denver Nuggets,21500433,2015-12-23T00:00:00,DEN @ PHX,W,28.4,4.0,2.0,5.0,4.0,18.0,10.0,10.0,18.0,2.0,0.0,3.0,0.0,41.5,1,1,1,1,8915,2460,4731,1277,8599,24749,20509,20169,13577,932,1,17641,18762,2038,1.0,28:24,2015,2016
2015-16,202331,Paul George,Paul,1610612754,IND,Indiana Pacers,21500425,2015-12-23T00:00:00,IND vs. SAC,L,40.3,0.0,0.0,0.0,2.0,4.0,9.0,15.0,54.0,0.0,1.0,3.0,2.0,40.5,1,13074,13074,13074,660,12059,10158,9917,12984,6141,19144,24242,35,8004,17214,17641,7786,2257,1.0,40:16,2015,2016
2015-16,203933,T.J. Warren,T.J.,1610612756,PHX,Phoenix Suns,21500433,2015-12-23T00:00:00,PHX vs. DEN,L,24.3,3.0,0.0,0.0,2.0,12.0,8.0,9.0,24.0,0.0,1.0,2.0,0.0,20.0,1,13074,13074,13074,12301,4307,10158,9917,12984,20178,17345,18829,8723,8004,17214,11390,18762,11752,1.0,24:18,2015,2016
2015-16,201142,Kevin Durant,Kevin,1610612760,OKC,Oklahoma City Thunder,21500435,2015-12-23T00:00:00,OKC @ LAL,W,27.7,3.0,0.0,8.0,8.0,7.0,12.0,2.0,12.0,3.0,0.0,4.0,4.0,42.9,1,1,1,1,9485,4307,10158,280,3109,12242,22832,4025,18637,347,1,22104,2748,1754,1.0,27:40,2015,2016
2015-16,201939,Stephen Curry,Stephen,1610612744,GSW,Golden State Warriors,21500434,2015-12-23T00:00:00,GSW vs. UTA,W,34.2,4.0,2.0,2.0,2.0,4.0,10.0,0.0,22.0,0.0,1.0,2.0,2.0,41.5,1,1,1,1,4170,2460,4731,4675,12984,6141,20509,1,10265,8004,17214,11390,7786,2038,1.0,34:13,2015,2016
2015-16,200752,Rudy Gay,Rudy,1610612758,SAC,Sacramento Kings,21500425,2015-12-23T00:00:00,SAC @ IND,W,34.5,2.0,2.0,2.0,12.0,26.0,4.0,10.0,28.0,1.0,0.0,1.0,3.0,31.6,1,1,1,1,3944,6026,4731,4675,988,25979,8458,20169,5824,2692,1,4972,4736,5130,1.0,34:30,2015,2016
2015-16,203487,Michael Carter-Williams,Michael,1610612749,MIL,Milwaukee Bucks,21500430,2015-12-23T00:00:00,MIL vs. PHI,W,32.7,8.0,2.0,4.0,14.0,8.0,8.0,11.0,38.0,0.0,1.0,1.0,3.0,42.5,1,1,1,1,5384,308,4731,1913,542,13914,17345,21342,1422,8004,17214,4972,4736,1841,1.0,32:39,2015,2016
2015-16,203498,Shabazz Muhammad,Shabazz,1610612750,MIN,Minnesota Timberwolves,21500431,2015-12-23T00:00:00,MIN vs. SAS,L,21.1,0.0,8.0,0.0,8.0,6.0,7.0,5.0,26.0,0.0,0.0,0.0,2.0,20.1,1,13074,13074,13074,14972,12059,137,9917,3109,10028,15642,11593,7214,8004,1,1,7786,11685,1.0,21:06,2015,2016
2015-16,201588,George Hill,George,1610612754,IND,Indiana Pacers,21500425,2015-12-23T00:00:00,IND vs. SAC,L,38.9,8.0,0.0,5.0,4.0,7.0,11.0,16.0,48.0,0.0,0.0,2.0,1.0,41.3,1,13074,13074,13074,1125,308,10158,1277,8599,12242,21814,24641,192,8004,1,11390,12373,2074,1.0,38:51,2015,2016
2015-16,201567,Kevin Love,Kevin,1610612739,CLE,Cleveland Cavaliers,21500424,2015-12-23T00:00:00,CLE vs. NYK,W,34.1,4.0,5.0,6.0,6.0,4.0,7.0,2.0,14.0,0.0,1.0,1.0,4.0,40.6,1,1,1,1,4253,2460,995,740,5299,6141,15642,4025,17019,8004,17214,4972,2748,2230,1.0,34:07,2015,2016
2015-16,202730,Lavoy Allen,Lavoy,1610612754,IND,Indiana Pacers,21500425,2015-12-23T00:00:00,IND vs. SAC,L,10.9,0.0,2.0,0.0,6.0,7.0,4.0,8.0,12.0,1.0,1.0,1.0,1.0,15.8,1,13074,13074,13074,22091,12059,4731,9917,5299,12242,8458,17194,18637,2692,17214,4972,12373,14754,1.0,10:51,2015,2016
2015-16,202699,Tobias Harris,Tobias,1610612753,ORL,Orlando Magic,21500426,2015-12-23T00:00:00,ORL vs. HOU,W,36.2,0.0,4.0,2.0,12.0,15.0,11.0,8.0,40.0,1.0,0.0,1.0,5.0,31.1,1,1,1,1,2613,12059,1596,4675,988,23079,21814,17194,983,2692,1,4972,1539,5354,1.0,36:12,2015,2016
2015-16,202322,John Wall,John,1610612764,WAS,Washington Wizards,21500427,2015-12-23T00:00:00,WAS vs. MEM,W,37.4,2.0,0.0,2.0,2.0,10.0,9.0,2.0,22.0,1.0,1.0,1.0,4.0,43.0,1,1,1,1,1844,6026,10158,4675,12984,17370,19144,4025,10265,2692,17214,4972,2748,1733,1.0,37:23,2015,2016
2015-16,201569,Eric Gordon,Eric,1610612740,NOP,New Orleans Pelicans,21500432,2015-12-23T00:00:00,NOP vs. POR,W,34.3,2.0,0.0,2.0,0.0,6.0,16.0,6.0,24.0,0.0,0.0,0.0,1.0,26.8,1,1,1,1,4135,6026,10158,4675,18861,10028,25155,13388,8723,8004,1,1,12373,7486,1.0,34:15,2015,2016
2015-16,203123,Kostas Papanikolaou,Kostas,1610612743,DEN,Denver Nuggets,21500433,2015-12-23T00:00:00,DEN @ PHX,W,32.6,2.0,0.0,0.0,0.0,20.0,11.0,14.0,28.0,2.0,1.0,2.0,3.0,30.5,1,1,1,1,5418,6026,10158,9917,18861,25338,21814,23710,5824,932,17214,11390,4736,5620,1.0,32:37,2015,2016
2015-16,202682,Derrick Williams,Derrick,1610612752,NYK,New York Knicks,21500424,2015-12-23T00:00:00,NYK @ CLE,L,20.8,2.0,2.0,2.0,2.0,4.0,8.0,2.0,14.0,2.0,0.0,1.0,5.0,20.1,1,13074,13074,13074,15269,6026,4731,4675,12984,6141,17345,4025,17019,932,1,4972,1539,11685,1.0,20:46,2015,2016
2015-16,1626154,RJ Hunter,RJ,1610612738,BOS,Boston Celtics,21500423,2015-12-23T00:00:00,BOS @ CHA,W,18.0,3.0,3.0,0.0,2.0,4.0,3.0,4.0,14.0,0.0,0.0,3.0,1.0,15.7,1,1,1,1,17540,4307,3104,9917,12984,6141,7138,8806,17019,8004,1,17641,12373,14841,1.0,17:58,2015,2016
2015-16,201147,Corey Brewer,Corey,1610612745,HOU,Houston Rockets,21500426,2015-12-23T00:00:00,HOU @ ORL,L,11.9,2.0,0.0,4.0,4.0,4.0,6.0,4.0,24.0,0.0,0.0,1.0,0.0,11.8,1,13074,13074,13074,21644,6026,10158,1913,8599,6141,13237,8806,8723,8004,1,4972,18762,17832,1.0,11:53,2015,2016
2015-16,1717,Dirk Nowitzki,Dirk,1610612742,DAL,Dallas Mavericks,21500428,2015-12-23T00:00:00,DAL @ BKN,W,36.8,3.0,0.0,0.0,2.0,15.0,18.0,11.0,34.0,0.0,0.0,2.0,3.0,31.5,1,1,1,1,2217,4307,10158,9917,12984,23079,25634,21342,2701,8004,1,11390,4736,5180,1.0,36:49,2015,2016
2015-16,1626148,Anthony Brown,Anthony,1610612747,LAL,Los Angeles Lakers,21500435,2015-12-23T00:00:00,LAL vs. OKC,L,20.1,0.0,0.0,2.0,2.0,6.0,10.0,4.0,24.0,0.0,1.0,0.0,0.0,12.1,1,13074,13074,13074,15865,12059,10158,4675,12984,10028,20509,8806,8723,8004,17214,1,18762,17639,1.0,20:04,2015,2016
2015-16,200765,Rajon Rondo,Rajon,1610612758,SAC,Sacramento Kings,21500425,2015-12-23T00:00:00,SAC @ IND,W,37.1,0.0,2.0,3.0,10.0,26.0,6.0,10.0,28.0,0.0,1.0,3.0,2.0,42.1,1,1,1,1,2021,12059,4731,3302,1840,25979,13237,20169,5824,8004,17214,17641,7786,1910,1.0,37:06,2015,2016
2015-16,203118,Mike Scott,Mike,1610612737,ATL,Atlanta Hawks,21500429,2015-12-23T00:00:00,ATL vs. DET,W,14.2,0.0,0.0,0.0,4.0,6.0,9.0,4.0,18.0,0.0,1.0,4.0,1.0,11.9,1,1,1,1,20300,12059,10158,9917,8599,10028,19144,8806,13577,8004,17214,22104,12373,17760,1.0,14:11,2015,2016
2015-16,203481,Jeff Withey,Jeff,1610612762,UTA,Utah Jazz,21500434,2015-12-23T00:00:00,UTA @ GSW,L,13.2,0.0,2.0,0.0,6.0,0.0,4.0,2.0,10.0,0.0,0.0,1.0,2.0,19.8,1,13074,13074,13074,20862,12059,4731,9917,5299,1,8458,4025,20209,8004,1,4972,7786,11883,1.0,13:13,2015,2016
2015-16,203110,Draymond Green,Draymond,1610612744,GSW,Golden State Warriors,21500434,2015-12-23T00:00:00,GSW vs. UTA,W,37.8,5.0,2.0,4.0,12.0,4.0,12.0,2.0,26.0,2.0,0.0,1.0,4.0,40.8,1,1,1,1,1629,1603,4731,1913,988,6141,22832,4025,7214,932,1,4972,2748,2181,1.0,37:45,2015,2016
2015-16,202702,Kenneth Faried,Kenneth,1610612743,DEN,Denver Nuggets,21500433,2015-12-23T00:00:00,DEN @ PHX,W,27.2,4.0,4.0,0.0,10.0,12.0,6.0,8.0,24.0,3.0,0.0,2.0,4.0,26.2,1,1,1,1,9836,2460,1596,9917,1840,20178,13237,17194,8723,347,1,11390,2748,7785,1.0,27:13,2015,2016
2015-16,2544,LeBron James,LeBron,1610612739,CLE,Cleveland Cavaliers,21500424,2015-12-23T00:00:00,CLE vs. NYK,W,37.7,4.0,0.0,4.0,18.0,2.0,7.0,2.0,16.0,0.0,2.0,2.0,4.0,41.3,1,1,1,1,1646,2460,10158,1913,131,2619,15642,4025,15259,8004,23588,11390,2748,2074,1.0,37:43,2015,2016
2015-16,202389,Timofey Mozgov,Timofey,1610612739,CLE,Cleveland Cavaliers,21500424,2015-12-23T00:00:00,CLE vs. NYK,W,13.7,4.0,0.0,0.0,4.0,2.0,4.0,0.0,6.0,1.0,1.0,0.0,0.0,15.3,1,1,1,1,20597,2460,10158,9917,8599,2619,8458,1,22724,2692,17214,1,18762,15150,1.0,13:41,2015,2016
2015-16,202695,Kawhi Leonard,Kawhi,1610612759,SAS,San Antonio Spurs,21500431,2015-12-23T00:00:00,SAS @ MIN,W,30.6,2.0,0.0,2.0,6.0,9.0,8.0,5.0,16.0,2.0,0.0,1.0,2.0,40.2,1,1,1,1,7016,6026,10158,4675,5299,15771,17345,11593,15259,932,1,4972,7786,2323,1.0,30:37,2015,2016
2015-16,203114,Khris Middleton,Khris,1610612749,MIL,Milwaukee Bucks,21500430,2015-12-23T00:00:00,MIL vs. PHI,W,30.8,10.0,0.0,5.0,4.0,8.0,10.0,9.0,38.0,0.0,0.0,2.0,4.0,42.0,1,1,1,1,6924,99,10158,1277,8599,13914,20509,18829,1422,8004,1,11390,2748,1936,1.0,30:45,2015,2016
2015-16,1626145,Tyus Jones,Tyus,1610612750,MIN,Minnesota Timberwolves,21500431,2015-12-23T00:00:00,MIN vs. SAS,L,19.8,2.0,0.0,2.0,6.0,6.0,7.0,2.0,24.0,0.0,0.0,0.0,0.0,15.2,1,13074,13074,13074,16064,6026,10158,4675,5299,10028,15642,4025,8723,8004,1,1,18762,15219,1.0,19:49,2015,2016
2015-16,201937,Ricky Rubio,Ricky,1610612750,MIN,Minnesota Timberwolves,21500431,2015-12-23T00:00:00,MIN vs. SAS,L,25.3,2.0,0.0,0.0,0.0,0.0,11.0,0.0,24.0,0.0,1.0,2.0,1.0,15.8,1,13074,13074,13074,11484,6026,10158,9917,18861,1,21814,1,8723,8004,17214,11390,12373,14754,1.0,25:15,2015,2016
2015-16,203960,JaKarr Sampson,JaKarr,1610612755,PHI,Philadelphia 76ers,21500430,2015-12-23T00:00:00,PHI @ MIL,L,14.2,4.0,2.0,0.0,8.0,14.0,0.0,9.0,20.0,0.0,1.0,1.0,1.0,12.4,1,13074,13074,13074,20319,2460,4731,9917,3109,22292,1,18829,11929,8004,17214,4972,12373,17418,1.0,14:09,2015,2016
2015-16,203948,Johnny O'Bryant III,Johnny,1610612749,MIL,Milwaukee Bucks,21500430,2015-12-23T00:00:00,MIL vs. PHI,W,15.3,2.0,0.0,0.0,0.0,6.0,4.0,2.0,14.0,0.0,1.0,4.0,1.0,12.6,1,1,1,1,19590,6026,10158,9917,18861,10028,8458,4025,17019,8004,17214,22104,12373,17277,1.0,15:15,2015,2016
2015-16,2419,Tayshaun Prince,Tayshaun,1610612750,MIN,Minnesota Timberwolves,21500431,2015-12-23T00:00:00,MIN vs. SAS,L,19.6,0.0,0.0,0.0,0.0,0.0,9.0,0.0,18.0,0.0,0.0,0.0,0.0,2.9,1,13074,13074,13074,16263,12059,10158,9917,18861,1,19144,1,13577,8004,1,1,18762,23852,1.0,19:34,2015,2016
2015-16,201967,Dante Cunningham,Dante,1610612740,NOP,New Orleans Pelicans,21500432,2015-12-23T00:00:00,NOP vs. POR,W,5.9,0.0,0.0,0.0,0.0,5.0,2.0,0.0,4.0,0.0,1.0,1.0,0.0,2.7,1,1,1,1,24029,12059,10158,9917,18861,8403,3734,1,23698,8004,17214,4972,18762,23884,1.0,5:51,2015,2016
2015-16,203943,Noah Vonleh,Noah,1610612757,POR,Portland Trail Blazers,21500432,2015-12-23T00:00:00,POR @ NOP,L,21.4,0.0,4.0,0.0,4.0,9.0,6.0,2.0,14.0,0.0,0.0,1.0,2.0,16.2,1,13074,13074,13074,14727,12059,1596,9917,8599,15771,13237,4025,17019,8004,1,4972,7786,14436,1.0,21:22,2015,2016
2015-16,101133,Ian Mahinmi,Ian,1610612754,IND,Indiana Pacers,21500425,2015-12-23T00:00:00,IND vs. SAC,L,27.8,2.0,2.0,0.0,6.0,2.0,9.0,9.0,40.0,1.0,0.0,5.0,4.0,21.2,1,13074,13074,13074,9420,6026,4731,9917,5299,2619,19144,18829,983,2692,1,24686,2748,10936,1.0,27:45,2015,2016
2015-16,202083,Wesley Matthews,Wesley,1610612742,DAL,Dallas Mavericks,21500428,2015-12-23T00:00:00,DAL @ BKN,W,45.3,0.0,0.0,0.0,0.0,17.0,21.0,16.0,52.0,2.0,1.0,1.0,2.0,21.4,1,1,1,1,74,12059,10158,9917,18861,24337,25962,24641,59,932,17214,4972,7786,10807,1.0,45:19,2015,2016
2015-16,2585,Zaza Pachulia,Zaza,1610612742,DAL,Dallas Mavericks,21500428,2015-12-23T00:00:00,DAL @ BKN,W,26.6,0.0,0.0,2.0,4.0,12.0,16.0,8.0,34.0,0.0,0.0,2.0,5.0,16.7,1,1,1,1,10375,12059,10158,4675,8599,20178,25155,17194,2701,8004,1,11390,1539,14064,1.0,26:36,2015,2016
2015-16,201584,Courtney Lee,Courtney,1610612763,MEM,Memphis Grizzlies,21500427,2015-12-23T00:00:00,MEM @ WAS,L,26.5,0.0,0.0,0.0,0.0,10.0,6.0,11.0,22.0,0.0,0.0,1.0,1.0,16.7,1,13074,13074,13074,10448,12059,10158,9917,18861,17370,13237,21342,10265,8004,1,4972,12373,14064,1.0,26:31,2015,2016
2015-16,203382,Aron Baynes,Aron,1610612765,DET,Detroit Pistons,21500429,2015-12-23T00:00:00,DET @ ATL,L,11.9,0.0,1.0,0.0,2.0,6.0,8.0,4.0,16.0,2.0,0.0,1.0,3.0,16.7,1,13074,13074,13074,21621,12059,9709,9917,12984,10028,17345,8806,15259,932,1,4972,4736,14064,1.0,11:56,2015,2016
2015-16,2034,Mike Miller,Mike,1610612743,DEN,Denver Nuggets,21500433,2015-12-23T00:00:00,DEN @ PHX,W,17.7,0.0,0.0,0.0,0.0,14.0,4.0,6.0,16.0,0.0,0.0,1.0,0.0,13.2,1,1,1,1,17737,12059,10158,9917,18861,22292,8458,13388,15259,8004,1,4972,18762,16768,1.0,17:43,2015,2016
2015-16,2738,Andre Iguodala,Andre,1610612744,GSW,Golden State Warriors,21500434,2015-12-23T00:00:00,GSW vs. UTA,W,29.3,2.0,2.0,4.0,2.0,5.0,13.0,2.0,28.0,0.0,0.0,1.0,2.0,13.2,1,1,1,1,8167,6026,4731,1913,12984,8403,23668,4025,5824,8004,1,4972,7786,16768,1.0,29:15,2015,2016
2015-16,203079,Dion Waiters,Dion,1610612760,OKC,Oklahoma City Thunder,21500435,2015-12-23T00:00:00,OKC @ LAL,W,16.4,2.0,0.0,0.0,2.0,6.0,2.0,5.0,14.0,0.0,0.0,2.0,0.0,2.7,1,1,1,1,18734,6026,10158,9917,12984,10028,3734,11593,17019,8004,1,11390,18762,23884,1.0,16:24,2015,2016
2015-16,101107,Marvin Williams,Marvin,1610612766,CHA,Charlotte Hornets,21500423,2015-12-23T00:00:00,CHA vs. BOS,L,17.0,0.0,0.0,0.0,0.0,6.0,9.0,5.0,16.0,0.0,1.0,2.0,0.0,7.5,1,13074,13074,13074,18297,12059,10158,9917,18861,10028,19144,11593,15259,8004,17214,11390,18762,20874,1.0,16:58,2015,2016
2015-16,204025,Tim Frazier,Tim,1610612757,POR,Portland Trail Blazers,21500432,2015-12-23T00:00:00,POR @ NOP,L,18.3,0.0,0.0,1.0,0.0,6.0,2.0,2.0,16.0,0.0,1.0,2.0,4.0,8.1,1,13074,13074,13074,17247,12059,10158,9347,18861,10028,3734,4025,15259,8004,17214,11390,2748,20521,1.0,18:20,2015,2016
2015-16,203101,Miles Plumlee,Miles,1610612749,MIL,Milwaukee Bucks,21500430,2015-12-23T00:00:00,MIL vs. PHI,W,2.0,0.0,0.0,0.0,0.0,5.0,2.0,3.0,2.0,0.0,0.0,0.0,0.0,2.4,1,1,1,1,25516,12059,10158,9917,18861,8403,3734,7328,24614,8004,1,1,18762,24024,1.0,2:01,2015,2016
2015-16,202708,Norris Cole,Norris,1610612740,NOP,New Orleans Pelicans,21500432,2015-12-23T00:00:00,NOP vs. POR,W,18.8,4.0,0.0,2.0,0.0,5.0,12.0,3.0,8.0,1.0,1.0,4.0,2.0,18.5,1,1,1,1,16907,2460,10158,4675,18861,8403,22832,7328,21543,2692,17214,22104,7786,12794,1.0,18:45,2015,2016
2015-16,1713,Vince Carter,Vince,1610612763,MEM,Memphis Grizzlies,21500427,2015-12-23T00:00:00,MEM @ WAS,L,12.6,1.0,0.0,0.0,0.0,10.0,2.0,1.0,10.0,0.0,0.0,2.0,1.0,8.4,1,13074,13074,13074,21184,11535,10158,9917,18861,17370,3734,3646,20209,8004,1,11390,12373,20273,1.0,12:39,2015,2016
2015-16,203477,Isaiah Canaan,Isaiah,1610612755,PHI,Philadelphia 76ers,21500430,2015-12-23T00:00:00,PHI @ MIL,L,20.0,5.0,0.0,6.0,2.0,14.0,2.0,8.0,18.0,0.0,0.0,2.0,3.0,17.8,1,13074,13074,13074,15937,1603,10158,740,12984,22292,3734,17194,13577,8004,1,11390,4736,13309,1.0,19:58,2015,2016
2015-16,200779,Steve Novak,Steve,1610612760,OKC,Oklahoma City Thunder,21500435,2015-12-23T00:00:00,OKC @ LAL,W,5.8,0.0,0.0,0.0,0.0,2.0,0.0,2.0,10.0,0.0,0.0,0.0,0.0,2.0,1,1,1,1,24066,12059,10158,9917,18861,2619,1,4025,20209,8004,1,1,18762,24216,1.0,5:46,2015,2016
2015-16,203526,Raul Neto,Raul,1610612762,UTA,Utah Jazz,21500434,2015-12-23T00:00:00,UTA @ GSW,L,15.5,2.0,0.0,0.0,0.0,7.0,4.0,8.0,12.0,0.0,1.0,1.0,0.0,8.4,1,13074,13074,13074,19414,6026,10158,9917,18861,12242,8458,17194,18637,8004,17214,4972,18762,20273,1.0,15:29,2015,2016
2015-16,2571,Leandro Barbosa,Leandro,1610612744,GSW,Golden State Warriors,21500434,2015-12-23T00:00:00,GSW vs. UTA,W,15.7,2.0,2.0,4.0,6.0,3.0,9.0,0.0,16.0,0.0,0.0,1.0,0.0,17.9,1,1,1,1,19292,6026,4731,1913,5299,5109,19144,1,15259,8004,1,4972,18762,13229,1.0,15:40,2015,2016
2015-16,203087,Jeremy Lamb,Jeremy,1610612766,CHA,Charlotte Hornets,21500423,2015-12-23T00:00:00,CHA vs. BOS,L,19.0,0.0,0.0,0.0,2.0,8.0,5.0,3.0,8.0,1.0,0.0,2.0,4.0,18.0,1,13074,13074,13074,16734,12059,10158,9917,12984,13914,11469,7328,21543,2692,1,11390,2748,13164,1.0,18:57,2015,2016
2015-16,202330,Gordon Hayward,Gordon,1610612762,UTA,Utah Jazz,21500434,2015-12-23T00:00:00,UTA @ GSW,L,32.3,0.0,2.0,0.0,2.0,16.0,8.0,22.0,34.0,0.0,1.0,1.0,2.0,18.1,1,13074,13074,13074,5633,12059,4731,9917,12984,23774,17345,25811,2701,8004,17214,4972,7786,13090,1.0,32:19,2015,2016
2015-16,200745,Andrea Bargnani,Andrea,1610612751,BKN,Brooklyn Nets,21500428,2015-12-23T00:00:00,BKN vs. DAL,L,20.0,0.0,2.0,2.0,4.0,3.0,0.0,4.0,16.0,1.0,0.0,5.0,0.0,18.2,1,13074,13074,13074,15922,12059,4731,4675,8599,5109,1,8806,15259,2692,1,24686,18762,13004,1.0,19:59,2015,2016
2015-16,202700,Donatas Motiejunas,Donatas,1610612745,HOU,Houston Rockets,21500426,2015-12-23T00:00:00,HOU @ ORL,L,7.7,0.0,0.0,0.0,2.0,6.0,4.0,6.0,14.0,0.0,0.0,0.0,0.0,2.7,1,13074,13074,13074,23322,12059,10158,9917,12984,10028,8458,13388,17019,8004,1,1,18762,23884,1.0,7:41,2015,2016
2015-16,201977,Marcus Thornton,Marcus,1610612745,HOU,Houston Rockets,21500426,2015-12-23T00:00:00,HOU @ ORL,L,18.2,0.0,3.0,0.0,0.0,6.0,6.0,8.0,30.0,0.0,0.0,1.0,1.0,16.4,1,13074,13074,13074,17358,12059,3104,9917,18861,10028,13237,17194,4541,8004,1,4972,12373,14289,1.0,18:11,2015,2016
2015-16,2747,JR Smith,JR,1610612739,CLE,Cleveland Cavaliers,21500424,2015-12-23T00:00:00,CLE vs. NYK,W,24.9,0.0,0.0,0.0,0.0,2.0,6.0,2.0,8.0,0.0,0.0,3.0,0.0,16.5,1,1,1,1,11722,12059,10158,9917,18861,2619,13237,4025,21543,8004,1,17641,18762,14224,1.0,24:56,2015,2016
2015-16,708,Kevin Garnett,Kevin,1610612750,MIN,Minnesota Timberwolves,21500431,2015-12-23T00:00:00,MIN vs. SAS,L,11.5,0.0,0.0,0.0,0.0,0.0,4.0,0.0,12.0,0.0,0.0,1.0,1.0,8.2,1,13074,13074,13074,21852,12059,10158,9917,18861,1,8458,1,18637,8004,1,4972,12373,20416,1.0,11:27,2015,2016
2015-16,203552,Seth Curry,Seth,1610612758,SAC,Sacramento Kings,21500425,2015-12-23T00:00:00,SAC @ IND,W,4.6,0.0,0.0,0.0,0.0,0.0,0.0,0.0,6.0,0.0,0.0,0.0,0.0,3.0,1,1,1,1,24512,12059,10158,9917,18861,1,1,1,22724,8004,1,1,18762,23648,1.0,4:35,2015,2016
2015-16,204456,T.J. McConnell,T.J.,1610612755,PHI,Philadelphia 76ers,21500430,2015-12-23T00:00:00,PHI @ MIL,L,15.4,0.0,0.0,0.0,0.0,10.0,6.0,8.0,20.0,0.0,0.0,0.0,0.0,7.9,1,13074,13074,13074,19485,12059,10158,9917,18861,17370,13237,17194,11929,8004,1,1,18762,20646,1.0,15:23,2015,2016
2015-16,201945,Gerald Henderson,Gerald,1610612757,POR,Portland Trail Blazers,21500432,2015-12-23T00:00:00,POR @ NOP,L,20.5,0.0,2.0,0.0,6.0,15.0,2.0,8.0,18.0,0.0,1.0,3.0,0.0,16.5,1,13074,13074,13074,15449,12059,4731,9917,5299,23079,3734,17194,13577,8004,17214,17641,18762,14224,1.0,20:32,2015,2016
2015-16,201971,DeJuan Blair,DeJuan,1610612764,WAS,Washington Wizards,21500427,2015-12-23T00:00:00,WAS vs. MEM,W,8.5,0.0,0.0,0.0,4.0,5.0,2.0,2.0,12.0,0.0,0.0,2.0,0.0,8.2,1,1,1,1,23027,12059,10158,9917,8599,8403,3734,4025,18637,8004,1,11390,18762,20416,1.0,8:30,2015,2016
2015-16,1626162,Kelly Oubre Jr.,Kelly,1610612764,WAS,Washington Wizards,21500427,2015-12-23T00:00:00,WAS vs. MEM,W,20.1,0.0,2.0,0.0,2.0,7.0,2.0,4.0,16.0,0.0,1.0,4.0,1.0,18.4,1,1,1,1,15865,12059,4731,9917,12984,12242,3734,8806,15259,8004,17214,22104,12373,12854,1.0,20:04,2015,2016
2015-16,202689,Kemba Walker,Kemba,1610612766,CHA,Charlotte Hornets,21500423,2015-12-23T00:00:00,CHA vs. BOS,L,41.1,0.0,0.0,0.0,4.0,15.0,15.0,14.0,38.0,1.0,0.0,2.0,4.0,21.6,1,13074,13074,13074,475,12059,10158,9917,8599,23079,24781,23710,1422,2692,1,11390,2748,10666,1.0,41:03,2015,2016
2015-16,2743,Kris Humphries,Kris,1610612764,WAS,Washington Wizards,21500427,2015-12-23T00:00:00,WAS vs. MEM,W,17.0,6.0,0.0,0.0,0.0,9.0,4.0,4.0,20.0,1.0,1.0,0.0,4.0,12.6,1,1,1,1,18254,878,10158,9917,18861,15771,8458,8806,11929,2692,17214,1,2748,17277,1.0,17:01,2015,2016
2015-16,203527,Ryan Kelly,Ryan,1610612747,LAL,Los Angeles Lakers,21500435,2015-12-23T00:00:00,LAL vs. OKC,L,12.0,3.0,0.0,0.0,8.0,4.0,8.0,2.0,18.0,1.0,0.0,0.0,1.0,18.6,1,13074,13074,13074,21529,4307,10158,9917,3109,6141,17345,4025,13577,2692,1,1,12373,12715,1.0,12:00,2015,2016
2015-16,2754,Tony Allen,Tony,1610612763,MEM,Memphis Grizzlies,21500427,2015-12-23T00:00:00,MEM @ WAS,L,21.6,4.0,1.0,2.0,2.0,11.0,8.0,1.0,18.0,1.0,0.0,3.0,6.0,16.1,1,13074,13074,13074,14537,2460,9709,4675,12984,18886,17345,3646,13577,2692,1,17641,873,14515,1.0,21:34,2015,2016
2015-16,204060,Joe Ingles,Joe,1610612762,UTA,Utah Jazz,21500434,2015-12-23T00:00:00,UTA @ GSW,L,20.2,3.0,3.0,0.0,0.0,8.0,8.0,12.0,14.0,0.0,0.0,1.0,1.0,21.1,1,13074,13074,13074,15747,4307,3104,9917,18861,13914,17345,22259,17019,8004,1,4972,12373,11012,1.0,20:11,2015,2016
2015-16,202692,Alec Burks,Alec,1610612762,UTA,Utah Jazz,21500434,2015-12-23T00:00:00,UTA @ GSW,L,27.0,0.0,0.0,2.0,8.0,15.0,6.0,18.0,24.0,0.0,4.0,1.0,3.0,16.1,1,13074,13074,13074,10015,12059,10158,4675,3109,23079,13237,25228,8723,8004,25926,4972,4736,14515,1.0,27:00,2015,2016
2015-16,201158,Marco Belinelli,Marco,1610612758,SAC,Sacramento Kings,21500425,2015-12-23T00:00:00,SAC @ IND,W,20.8,0.0,0.0,0.0,0.0,2.0,4.0,0.0,22.0,0.0,0.0,1.0,0.0,12.9,1,1,1,1,15197,12059,10158,9917,18861,2619,8458,1,10265,8004,1,4972,18762,17049,1.0,20:50,2015,2016
2015-16,201571,D.J. Augustin,D.J.,1610612760,OKC,Oklahoma City Thunder,21500435,2015-12-23T00:00:00,OKC @ LAL,W,10.2,0.0,0.0,0.0,0.0,1.0,2.0,0.0,4.0,0.0,0.0,0.0,2.0,8.0,1,1,1,1,22361,12059,10158,9917,18861,2356,3734,1,23698,8004,1,1,7786,20564,1.0,10:10,2015,2016
2015-16,201160,Jason Smith,Jason,1610612753,ORL,Orlando Magic,21500426,2015-12-23T00:00:00,ORL vs. HOU,W,15.4,0.0,0.0,0.0,4.0,7.0,12.0,6.0,24.0,1.0,1.0,2.0,0.0,8.2,1,1,1,1,19453,12059,10158,9917,8599,12242,22832,13388,8723,2692,17214,11390,18762,20416,1.0,15:27,2015,2016
2015-16,203090,Maurice Harkless,Maurice,1610612757,POR,Portland Trail Blazers,21500432,2015-12-23T00:00:00,POR @ NOP,L,11.1,0.0,0.0,0.0,0.0,8.0,2.0,6.0,10.0,1.0,0.0,0.0,0.0,12.9,1,13074,13074,13074,22005,12059,10158,9917,18861,13914,3734,13388,20209,2692,1,1,18762,17049,1.0,11:03,2015,2016
2015-16,203094,Andrew Nicholson,Andrew,1610612753,ORL,Orlando Magic,21500426,2015-12-23T00:00:00,ORL vs. HOU,W,8.2,0.0,0.0,0.0,0.0,2.0,5.0,6.0,16.0,0.0,0.0,0.0,0.0,2.0,1,1,1,1,23126,12059,10158,9917,18861,2619,11469,13388,15259,8004,1,1,18762,24216,1.0,8:10,2015,2016
2015-16,2555,Nick Collison,Nick,1610612760,OKC,Oklahoma City Thunder,21500435,2015-12-23T00:00:00,OKC @ LAL,W,17.8,2.0,2.0,0.0,4.0,6.0,2.0,5.0,14.0,0.0,0.0,1.0,0.0,12.6,1,1,1,1,17652,6026,4731,9917,8599,10028,3734,11593,17019,8004,1,4972,18762,17277,1.0,17:49,2015,2016
2015-16,101138,Brandon Bass,Brandon,1610612747,LAL,Los Angeles Lakers,21500435,2015-12-23T00:00:00,LAL vs. OKC,L,16.3,0.0,0.0,0.0,2.0,5.0,7.0,5.0,18.0,2.0,0.0,1.0,0.0,18.7,1,13074,13074,13074,18835,12059,10158,9917,12984,8403,15642,11593,13577,932,1,4972,18762,12648,1.0,16:17,2015,2016
2015-16,201941,Jordan Hill,Jordan,1610612754,IND,Indiana Pacers,21500425,2015-12-23T00:00:00,IND vs. SAC,L,20.3,2.0,0.0,0.0,10.0,11.0,4.0,12.0,24.0,1.0,0.0,1.0,0.0,21.0,1,13074,13074,13074,15679,6026,10158,9917,1840,18886,8458,22259,8723,2692,1,4972,18762,11077,1.0,20:15,2015,2016
2015-16,204038,Langston Galloway,Langston,1610612752,NYK,New York Knicks,21500424,2015-12-23T00:00:00,NYK @ CLE,L,25.7,0.0,0.0,2.0,0.0,6.0,10.0,2.0,16.0,1.0,0.0,1.0,1.0,13.0,1,13074,13074,13074,11072,12059,10158,4675,18861,10028,20509,4025,15259,2692,1,4972,12373,16969,1.0,25:45,2015,2016
2015-16,201579,Roy Hibbert,Roy,1610612747,LAL,Los Angeles Lakers,21500435,2015-12-23T00:00:00,LAL vs. OKC,L,21.5,0.0,0.0,0.0,0.0,6.0,6.0,18.0,40.0,1.0,1.0,4.0,1.0,7.7,1,13074,13074,13074,14591,12059,10158,9917,18861,10028,13237,25228,983,2692,17214,22104,12373,20733,1.0,21:30,2015,2016
2015-16,203506,Victor Oladipo,Victor,1610612753,ORL,Orlando Magic,21500426,2015-12-23T00:00:00,ORL vs. HOU,W,31.4,0.0,0.0,0.0,0.0,11.0,14.0,10.0,36.0,0.0,0.0,1.0,3.0,17.4,1,1,1,1,6418,12059,10158,9917,18861,18886,24300,20169,1943,8004,1,4972,4736,13595,1.0,31:21,2015,2016
2015-16,101141,Ersan Ilyasova,Ersan,1610612765,DET,Detroit Pistons,21500429,2015-12-23T00:00:00,DET @ ATL,L,33.0,0.0,0.0,0.0,2.0,10.0,8.0,4.0,40.0,0.0,0.0,3.0,2.0,16.9,1,13074,13074,13074,5104,12059,10158,9917,12984,17370,17345,8806,983,8004,1,17641,7786,13911,1.0,33:01,2015,2016
2015-16,203138,Hollis Thompson,Hollis,1610612755,PHI,Philadelphia 76ers,21500430,2015-12-23T00:00:00,PHI @ MIL,L,31.7,0.0,0.0,0.0,4.0,22.0,6.0,12.0,38.0,0.0,0.0,3.0,0.0,22.5,1,13074,13074,13074,6142,12059,10158,9917,8599,25683,13237,22259,1422,8004,1,17641,18762,10082,1.0,31:42,2015,2016
2015-16,203468,CJ McCollum,CJ,1610612757,POR,Portland Trail Blazers,21500432,2015-12-23T00:00:00,POR @ NOP,L,35.4,0.0,4.0,2.0,4.0,21.0,6.0,10.0,28.0,0.0,1.0,2.0,1.0,32.5,1,13074,13074,13074,3222,12059,1596,4675,8599,25535,13237,20169,5824,8004,17214,11390,12373,4726,1.0,35:24,2015,2016
2015-16,201951,Ty Lawson,Ty,1610612745,HOU,Houston Rockets,21500426,2015-12-23T00:00:00,HOU @ ORL,L,26.6,4.0,0.0,0.0,4.0,8.0,6.0,6.0,34.0,0.0,0.0,4.0,1.0,16.9,1,13074,13074,13074,10375,2460,10158,9917,8599,13914,13237,13388,2701,8004,1,22104,12373,13911,1.0,26:36,2015,2016
2015-16,202334,Ed Davis,Ed,1610612757,POR,Portland Trail Blazers,21500432,2015-12-23T00:00:00,POR @ NOP,L,18.0,1.0,5.0,0.0,2.0,8.0,2.0,4.0,12.0,3.0,2.0,2.0,2.0,31.9,1,13074,13074,13074,17489,11535,995,9917,12984,13914,3734,8806,18637,347,23588,11390,7786,4984,1.0,18:02,2015,2016
2015-16,202391,Jeremy Lin,Jeremy,1610612766,CHA,Charlotte Hornets,21500423,2015-12-23T00:00:00,CHA vs. BOS,L,32.2,0.0,4.0,0.0,4.0,9.0,9.0,11.0,22.0,2.0,1.0,1.0,5.0,28.1,1,13074,13074,13074,5747,12059,1596,9917,8599,15771,19144,21342,10265,932,17214,4972,1539,6818,1.0,32:10,2015,2016
2015-16,1626143,Jahlil Okafor,Jahlil,1610612755,PHI,Philadelphia 76ers,21500430,2015-12-23T00:00:00,PHI @ MIL,L,31.8,4.0,4.0,2.0,10.0,28.0,8.0,17.0,50.0,2.0,6.0,1.0,4.0,37.6,1,13074,13074,13074,6074,2460,1596,4675,1840,26034,17345,24967,107,932,26070,4972,2748,3018,1.0,31:48,2015,2016
2015-16,200794,Paul Millsap,Paul,1610612737,ATL,Atlanta Hawks,21500429,2015-12-23T00:00:00,ATL vs. DET,W,31.8,2.0,0.0,2.0,12.0,13.0,6.0,8.0,32.0,0.0,0.0,0.0,1.0,28.0,1,1,1,1,6085,6026,10158,4675,988,21300,13237,17194,3535,8004,1,1,12373,6864,1.0,31:47,2015,2016
2015-16,203482,Kelly Olynyk,Kelly,1610612738,BOS,Boston Celtics,21500423,2015-12-23T00:00:00,BOS @ CHA,W,30.0,4.0,2.0,6.0,12.0,6.0,7.0,0.0,20.0,0.0,0.0,4.0,4.0,38.3,1,1,1,1,7507,2460,4731,740,988,10028,15642,1,11929,8004,1,22104,2748,2826,1.0,30:02,2015,2016
2015-16,200751,Randy Foye,Randy,1610612743,DEN,Denver Nuggets,21500433,2015-12-23T00:00:00,DEN @ PHX,W,40.3,9.0,0.0,0.0,10.0,16.0,7.0,13.0,32.0,0.0,0.0,3.0,4.0,38.4,1,1,1,1,647,171,10158,9917,1840,23774,15642,23048,3535,8004,1,17641,2748,2802,1.0,40:19,2015,2016
2015-16,201954,Darren Collison,Darren,1610612758,SAC,Sacramento Kings,21500425,2015-12-23T00:00:00,SAC @ IND,W,35.2,2.0,0.0,7.0,12.0,13.0,4.0,1.0,36.0,0.0,1.0,1.0,1.0,38.3,1,1,1,1,3388,6026,10158,454,988,21300,8458,3646,1943,8004,17214,4972,12373,2826,1.0,35:12,2015,2016
2015-16,202388,Donald Sloan,Donald,1610612751,BKN,Brooklyn Nets,21500428,2015-12-23T00:00:00,BKN vs. DAL,L,10.2,2.0,0.0,2.0,2.0,3.0,0.0,2.0,10.0,0.0,0.0,1.0,1.0,17.6,1,13074,13074,13074,22342,6026,10158,4675,12984,5109,1,4025,20209,8004,1,4972,12373,13443,1.0,10:13,2015,2016
2015-16,201144,Mike Conley,Mike,1610612763,MEM,Memphis Grizzlies,21500427,2015-12-23T00:00:00,MEM @ WAS,L,39.9,2.0,0.0,2.0,8.0,11.0,12.0,11.0,30.0,0.0,0.0,0.0,0.0,32.1,1,13074,13074,13074,770,6026,10158,4675,3109,18886,22832,21342,4541,8004,1,1,18762,4889,1.0,39:51,2015,2016
2015-16,201583,Ryan Anderson,Ryan,1610612740,NOP,New Orleans Pelicans,21500432,2015-12-23T00:00:00,NOP vs. POR,W,26.7,3.0,0.0,0.0,0.0,2.0,16.0,1.0,10.0,1.0,1.0,0.0,3.0,21.7,1,1,1,1,10300,4307,10158,9917,18861,2619,25155,3646,20209,2692,17214,1,4736,10592,1.0,26:40,2015,2016
2015-16,202683,Enes Freedom,Enes,1610612760,OKC,Oklahoma City Thunder,21500435,2015-12-23T00:00:00,OKC @ LAL,W,21.7,0.0,8.0,2.0,12.0,8.0,2.0,7.0,24.0,2.0,1.0,2.0,1.0,33.2,1,1,1,1,14458,12059,137,4675,988,13914,3734,15538,8723,932,17214,11390,12373,4462,1.0,21:40,2015,2016
2015-16,101111,Charlie Villanueva,Charlie,1610612742,DAL,Dallas Mavericks,21500428,2015-12-23T00:00:00,DAL @ BKN,W,24.8,0.0,0.0,2.0,4.0,9.0,16.0,10.0,32.0,0.0,0.0,4.0,1.0,21.8,1,1,1,1,11839,12059,10158,4675,8599,15771,25155,20169,3535,8004,1,22104,12373,10526,1.0,24:48,2015,2016
2015-16,201171,Carl Landry,Carl,1610612755,PHI,Philadelphia 76ers,21500430,2015-12-23T00:00:00,PHI @ MIL,L,13.0,2.0,2.0,2.0,4.0,8.0,2.0,8.0,16.0,1.0,2.0,1.0,5.0,22.5,1,13074,13074,13074,20989,6026,4731,4675,8599,13914,3734,17194,15259,2692,23588,4972,1539,10082,1.0,12:59,2015,2016
2015-16,202087,Alonzo Gee,Alonzo,1610612740,NOP,New Orleans Pelicans,21500432,2015-12-23T00:00:00,NOP vs. POR,W,28.4,2.0,2.0,0.0,2.0,1.0,11.0,5.0,22.0,1.0,1.0,2.0,0.0,17.5,1,1,1,1,8873,6026,4731,9917,12984,2356,21814,11593,10265,2692,17214,11390,18762,13528,1.0,28:27,2015,2016
2015-16,201600,Omer Asik,Omer,1610612740,NOP,New Orleans Pelicans,21500432,2015-12-23T00:00:00,NOP vs. POR,W,25.2,0.0,0.0,0.0,4.0,1.0,14.0,7.0,20.0,2.0,0.0,5.0,1.0,17.5,1,1,1,1,11539,12059,10158,9917,8599,2356,24300,15538,11929,932,1,24686,12373,13528,1.0,25:12,2015,2016
2015-16,203459,Allen Crabbe,Allen,1610612757,POR,Portland Trail Blazers,21500432,2015-12-23T00:00:00,POR @ NOP,L,31.1,3.0,3.0,0.0,2.0,17.0,4.0,8.0,22.0,0.0,0.0,2.0,1.0,13.5,1,13074,13074,13074,6670,4307,3104,9917,12984,24337,8458,17194,10265,8004,1,11390,12373,16552,1.0,31:03,2015,2016
2015-16,101127,Jarrett Jack,Jarrett,1610612751,BKN,Brooklyn Nets,21500428,2015-12-23T00:00:00,BKN vs. DAL,L,45.1,2.0,0.0,2.0,4.0,5.0,0.0,11.0,34.0,0.0,1.0,1.0,1.0,32.0,1,13074,13074,13074,80,6026,10158,4675,8599,8403,1,21342,2701,8004,17214,4972,12373,4945,1.0,45:05,2015,2016
2015-16,201167,Arron Afflalo,Arron,1610612752,NYK,New York Knicks,21500424,2015-12-23T00:00:00,NYK @ CLE,L,36.4,0.0,0.0,0.0,6.0,12.0,7.0,10.0,34.0,0.0,2.0,2.0,3.0,27.5,1,13074,13074,13074,2509,12059,10158,9917,5299,20178,15642,20169,2701,8004,23588,11390,4736,7137,1.0,36:21,2015,2016
2015-16,203897,Zach LaVine,Zach,1610612750,MIN,Minnesota Timberwolves,21500431,2015-12-23T00:00:00,MIN vs. SAS,L,24.3,3.0,2.0,5.0,4.0,6.0,7.0,5.0,32.0,0.0,0.0,2.0,2.0,28.4,1,13074,13074,13074,12282,4307,4731,1277,8599,10028,15642,11593,3535,8004,1,11390,7786,6663,1.0,24:19,2015,2016
2015-16,203471,Dennis Schröder,Dennis,1610612737,ATL,Atlanta Hawks,21500429,2015-12-23T00:00:00,ATL vs. DET,W,20.3,0.0,1.0,2.0,6.0,9.0,7.0,10.0,26.0,0.0,3.0,3.0,6.0,22.1,1,1,1,1,15617,12059,9709,4675,5299,15771,15642,20169,7214,8004,25441,17641,873,10332,1.0,20:20,2015,2016
2015-16,202720,Jon Leuer,Jon,1610612756,PHX,Phoenix Suns,21500433,2015-12-23T00:00:00,PHX vs. DEN,L,28.6,6.0,2.0,4.0,12.0,18.0,8.0,2.0,24.0,1.0,1.0,3.0,1.0,32.0,1,13074,13074,13074,8718,878,4731,1913,988,24749,17345,4025,8723,2692,17214,17641,12373,4945,1.0,28:37,2015,2016
2015-16,1626169,Stanley Johnson,Stanley,1610612765,DET,Detroit Pistons,21500429,2015-12-23T00:00:00,DET @ ATL,L,25.7,2.0,0.0,2.0,4.0,6.0,5.0,2.0,22.0,0.0,1.0,2.0,0.0,13.4,1,13074,13074,13074,11123,6026,10158,4675,8599,10028,11469,4025,10265,8004,17214,11390,18762,16614,1.0,25:41,2015,2016
2015-16,2730,Dwight Howard,Dwight,1610612745,HOU,Houston Rockets,21500426,2015-12-23T00:00:00,HOU @ ORL,L,35.8,2.0,2.0,2.0,12.0,12.0,8.0,10.0,44.0,3.0,1.0,3.0,1.0,32.4,1,13074,13074,13074,2932,6026,4731,4675,988,20178,17345,20169,454,347,17214,17641,12373,4768,1.0,35:45,2015,2016
2015-16,202328,Greg Monroe,Greg,1610612749,MIL,Milwaukee Bucks,21500430,2015-12-23T00:00:00,MIL vs. PHI,W,24.9,0.0,2.0,0.0,4.0,5.0,8.0,6.0,34.0,2.0,1.0,3.0,3.0,31.7,1,1,1,1,11785,12059,4731,9917,8599,8403,17345,13388,2701,932,17214,17641,4736,5088,1.0,24:51,2015,2016
2015-16,201572,Brook Lopez,Brook,1610612751,BKN,Brooklyn Nets,21500428,2015-12-23T00:00:00,BKN vs. DAL,L,35.0,2.0,2.0,1.0,10.0,5.0,0.0,11.0,24.0,2.0,0.0,3.0,6.0,32.2,1,13074,13074,13074,3518,6026,4731,9347,1840,8403,1,21342,8723,932,1,17641,873,4846,1.0,35:02,2015,2016
2015-16,203952,Andrew Wiggins,Andrew,1610612750,MIN,Minnesota Timberwolves,21500431,2015-12-23T00:00:00,MIN vs. SAS,L,31.1,2.0,2.0,0.0,2.0,0.0,11.0,3.0,34.0,0.0,6.0,1.0,5.0,14.0,1,13074,13074,13074,6665,6026,4731,9917,12984,1,21814,7328,2701,8004,26070,4972,1539,16166,1.0,31:04,2015,2016
2015-16,203901,Elfrid Payton,Elfrid,1610612753,ORL,Orlando Magic,21500426,2015-12-23T00:00:00,ORL vs. HOU,W,31.7,2.0,0.0,0.0,10.0,15.0,11.0,8.0,38.0,0.0,4.0,1.0,2.0,27.9,1,1,1,1,6129,6026,10158,9917,1840,23079,21814,17194,1422,8004,25926,4972,7786,6914,1.0,31:44,2015,2016
2015-16,203953,Jabari Parker,Jabari,1610612749,MIL,Milwaukee Bucks,21500430,2015-12-23T00:00:00,MIL vs. PHI,W,30.5,6.0,0.0,6.0,12.0,9.0,10.0,10.0,40.0,2.0,2.0,2.0,1.0,32.7,1,1,1,1,7088,878,10158,740,988,15771,20509,20169,983,932,23588,11390,12373,4649,1.0,30:31,2015,2016
2015-16,1626157,Karl-Anthony Towns,Karl-Anthony,1610612750,MIN,Minnesota Timberwolves,21500431,2015-12-23T00:00:00,MIN vs. SAS,L,34.0,2.0,0.0,0.0,2.0,2.0,11.0,3.0,36.0,0.0,1.0,3.0,1.0,22.7,1,13074,13074,13074,4357,6026,10158,9917,12984,2619,21814,7328,1943,8004,17214,17641,12373,9938,1.0,33:60,2015,2016
2015-16,1626158,Richaun Holmes,Richaun,1610612755,PHI,Philadelphia 76ers,21500430,2015-12-23T00:00:00,PHI @ MIL,L,18.5,0.0,2.0,0.0,4.0,14.0,2.0,8.0,16.0,2.0,0.0,0.0,2.0,16.9,1,13074,13074,13074,17124,12059,4731,9917,8599,22292,3734,17194,15259,932,1,1,7786,13911,1.0,18:27,2015,2016
2015-16,202340,Avery Bradley,Avery,1610612738,BOS,Boston Celtics,21500423,2015-12-23T00:00:00,BOS @ CHA,W,35.6,6.0,3.0,0.0,6.0,6.0,7.0,0.0,26.0,0.0,0.0,1.0,1.0,22.4,1,1,1,1,3031,878,3104,9917,5299,10028,15642,1,7214,8004,1,4972,12373,10131,1.0,35:38,2015,2016
2015-16,203476,Gorgui Dieng,Gorgui,1610612750,MIN,Minnesota Timberwolves,21500431,2015-12-23T00:00:00,MIN vs. SAS,L,28.8,2.0,0.0,0.0,2.0,4.0,12.0,5.0,34.0,1.0,1.0,4.0,1.0,22.2,1,13074,13074,13074,8589,6026,10158,9917,12984,6141,22832,11593,2701,2692,17214,22104,12373,10263,1.0,28:45,2015,2016
2015-16,203135,Robert Sacre,Robert,1610612747,LAL,Los Angeles Lakers,21500435,2015-12-23T00:00:00,LAL vs. OKC,L,26.5,2.0,2.0,0.0,6.0,12.0,16.0,9.0,36.0,1.0,0.0,2.0,2.0,22.2,1,13074,13074,13074,10451,6026,4731,9917,5299,20178,25155,18829,1943,2692,1,11390,7786,10263,1.0,26:30,2015,2016
2015-16,101109,Raymond Felton,Raymond,1610612742,DAL,Dallas Mavericks,21500428,2015-12-23T00:00:00,DAL @ BKN,W,24.5,0.0,0.0,0.0,4.0,14.0,10.0,13.0,34.0,1.0,0.0,1.0,0.0,16.8,1,1,1,1,12159,12059,10158,9917,8599,22292,20509,23048,2701,2692,1,4972,18762,13996,1.0,24:27,2015,2016
2015-16,203999,Nikola Jokić,Nikola,1610612743,DEN,Denver Nuggets,21500433,2015-12-23T00:00:00,DEN @ PHX,W,21.5,4.0,5.0,0.0,8.0,6.0,6.0,7.0,12.0,0.0,0.0,3.0,2.0,27.8,1,1,1,1,14564,2460,995,9917,3109,10028,13237,15538,18637,8004,1,17641,7786,6950,1.0,21:32,2015,2016
2015-16,203145,Kent Bazemore,Kent,1610612737,ATL,Atlanta Hawks,21500429,2015-12-23T00:00:00,ATL vs. DET,W,29.6,3.0,0.0,0.0,4.0,14.0,6.0,6.0,28.0,0.0,0.0,2.0,3.0,22.2,1,1,1,1,7865,4307,10158,9917,8599,22292,13237,13388,5824,8004,1,11390,4736,10263,1.0,29:37,2015,2016
2015-16,1495,Tim Duncan,Tim,1610612759,SAS,San Antonio Spurs,21500431,2015-12-23T00:00:00,SAS @ MIN,W,24.2,0.0,0.0,0.0,0.0,6.0,2.0,0.0,8.0,4.0,0.0,2.0,0.0,28.5,1,1,1,1,12379,12059,10158,9917,18861,10028,3734,1,21543,132,1,11390,18762,6613,1.0,24:12,2015,2016
2015-16,203089,John Henson,John,1610612749,MIL,Milwaukee Bucks,21500430,2015-12-23T00:00:00,MIL vs. PHI,W,21.1,0.0,0.0,2.0,2.0,8.0,6.0,9.0,16.0,6.0,0.0,4.0,0.0,32.3,1,1,1,1,14945,12059,10158,4675,12984,13914,13237,18829,15259,19,1,22104,18762,4807,1.0,21:08,2015,2016
2015-16,2581,Steve Blake,Steve,1610612765,DET,Detroit Pistons,21500429,2015-12-23T00:00:00,DET @ ATL,L,14.6,2.0,0.0,0.0,0.0,8.0,7.0,4.0,12.0,1.0,0.0,3.0,1.0,13.7,1,13074,13074,13074,20048,6026,10158,9917,18861,13914,15642,8806,18637,2692,1,17641,12373,16393,1.0,14:35,2015,2016
2015-16,1626166,Cameron Payne,Cameron,1610612760,OKC,Oklahoma City Thunder,21500435,2015-12-23T00:00:00,OKC @ LAL,W,8.6,0.0,0.0,0.0,2.0,5.0,0.0,2.0,12.0,0.0,0.0,0.0,0.0,13.7,1,1,1,1,23004,12059,10158,9917,12984,8403,1,4025,18637,8004,1,1,18762,16393,1.0,8:34,2015,2016
2015-16,201589,Darrell Arthur,Darrell,1610612743,DEN,Denver Nuggets,21500422,2015-12-22T00:00:00,DEN vs. LAL,L,20.3,2.0,0.0,0.0,0.0,6.0,9.0,2.0,12.0,0.0,0.0,4.0,0.0,14.1,1,13074,13074,13074,15631,6026,10158,9917,18861,10028,19144,4025,18637,8004,1,22104,18762,16094,1.0,20:19,2015,2016
2015-16,201942,DeMar DeRozan,DeMar,1610612761,TOR,Toronto Raptors,21500421,2015-12-22T00:00:00,TOR vs. DAL,W,39.9,0.0,2.0,0.0,8.0,25.0,7.0,6.0,26.0,0.0,1.0,5.0,4.0,31.8,1,1,1,1,754,12059,4731,9917,3109,25944,15642,13388,7214,8004,17214,24686,2748,5041,1.0,39:55,2015,2016
2015-16,101138,Brandon Bass,Brandon,1610612747,LAL,Los Angeles Lakers,21500422,2015-12-22T00:00:00,LAL @ DEN,W,30.7,4.0,2.0,0.0,8.0,10.0,10.0,6.0,44.0,4.0,1.0,1.0,2.0,32.2,1,1,1,1,6970,2460,4731,9917,3109,17370,20509,13388,454,132,17214,4972,7786,4846,1.0,30:40,2015,2016
2015-16,203496,Robert Covington,Robert,1610612755,PHI,Philadelphia 76ers,21500419,2015-12-22T00:00:00,PHI vs. MEM,L,23.0,2.0,2.0,4.0,6.0,15.0,5.0,6.0,14.0,0.0,1.0,3.0,2.0,22.1,1,13074,13074,13074,13383,6026,4731,1913,5299,23079,11469,13388,17019,8004,17214,17641,7786,10332,1.0,22:59,2015,2016
2015-16,203115,Will Barton,Will,1610612743,DEN,Denver Nuggets,21500422,2015-12-22T00:00:00,DEN vs. LAL,L,38.3,0.0,2.0,5.0,16.0,11.0,13.0,9.0,28.0,1.0,1.0,3.0,4.0,39.6,1,13074,13074,13074,1390,12059,4731,1277,275,18886,23668,18829,5824,2692,17214,17641,2748,2474,1.0,38:16,2015,2016
2015-16,1713,Vince Carter,Vince,1610612763,MEM,Memphis Grizzlies,21500419,2015-12-22T00:00:00,MEM @ PHI,W,16.9,5.0,0.0,0.0,0.0,7.0,1.0,5.0,12.0,0.0,0.0,3.0,2.0,13.7,1,1,1,1,18358,1603,10158,9917,18861,12242,3393,11593,18637,8004,1,17641,7786,16393,1.0,16:53,2015,2016
2015-16,200826,J.J. Barea,J.J.,1610612742,DAL,Dallas Mavericks,21500421,2015-12-22T00:00:00,DAL @ TOR,L,22.2,2.0,0.0,0.0,2.0,5.0,0.0,6.0,12.0,0.0,0.0,4.0,2.0,17.5,1,13074,13074,13074,13979,6026,10158,9917,12984,8403,1,13388,18637,8004,1,22104,7786,13528,1.0,22:14,2015,2016
2015-16,203903,Jordan Clarkson,Jordan,1610612747,LAL,Los Angeles Lakers,21500422,2015-12-22T00:00:00,LAL @ DEN,W,37.7,2.0,3.0,6.0,8.0,14.0,10.0,4.0,42.0,0.0,2.0,3.0,5.0,38.6,1,1,1,1,1637,6026,3104,740,3109,22292,20509,8806,670,8004,23588,17641,1539,2744,1.0,37:44,2015,2016
2015-16,202694,Marcus Morris Sr.,Marcus,1610612765,DET,Detroit Pistons,21500420,2015-12-22T00:00:00,DET @ MIA,W,33.1,2.0,0.0,0.0,2.0,19.0,6.0,7.0,40.0,0.0,0.0,1.0,2.0,13.5,1,1,1,1,5044,6026,10158,9917,12984,25074,13237,15538,983,8004,1,4972,7786,16552,1.0,33:06,2015,2016
2015-16,101111,Charlie Villanueva,Charlie,1610612742,DAL,Dallas Mavericks,21500421,2015-12-22T00:00:00,DAL @ TOR,L,11.9,7.0,0.0,2.0,6.0,0.0,0.0,2.0,10.0,0.0,0.0,2.0,0.0,21.9,1,13074,13074,13074,21637,548,10158,4675,5299,1,1,4025,20209,8004,1,11390,18762,10460,1.0,11:54,2015,2016
2015-16,202083,Wesley Matthews,Wesley,1610612742,DAL,Dallas Mavericks,21500421,2015-12-22T00:00:00,DAL @ TOR,L,27.1,7.0,3.0,0.0,4.0,2.0,8.0,5.0,14.0,0.0,0.0,3.0,0.0,17.7,1,13074,13074,13074,9897,548,3104,9917,8599,2619,17345,11593,17019,8004,1,17641,18762,13380,1.0,27:08,2015,2016
2015-16,203083,Andre Drummond,Andre,1610612765,DET,Detroit Pistons,21500420,2015-12-22T00:00:00,DET @ MIA,W,34.3,0.0,4.0,0.0,8.0,15.0,6.0,7.0,36.0,2.0,1.0,3.0,4.0,31.9,1,1,1,1,4122,12059,1596,9917,3109,23079,13237,15538,1943,932,17214,17641,2748,4984,1.0,34:16,2015,2016
2015-16,202704,Reggie Jackson,Reggie,1610612765,DET,Detroit Pistons,21500420,2015-12-22T00:00:00,DET @ MIA,W,30.8,5.0,2.0,0.0,10.0,11.0,8.0,5.0,36.0,0.0,3.0,1.0,2.0,28.5,1,1,1,1,6863,1603,4731,9917,1840,18886,17345,11593,1943,8004,25441,4972,7786,6613,1.0,30:50,2015,2016
2015-16,203924,Jerami Grant,Jerami,1610612755,PHI,Philadelphia 76ers,21500419,2015-12-22T00:00:00,PHI vs. MEM,L,26.7,2.0,0.0,2.0,4.0,18.0,7.0,6.0,22.0,1.0,0.0,2.0,2.0,19.2,1,13074,13074,13074,10300,6026,10158,4675,8599,24749,15642,13388,10265,2692,1,11390,7786,12284,1.0,26:40,2015,2016
2015-16,1626156,D'Angelo Russell,D'Angelo,1610612747,LAL,Los Angeles Lakers,21500422,2015-12-22T00:00:00,LAL @ DEN,W,21.2,0.0,0.0,0.0,0.0,10.0,10.0,7.0,28.0,0.0,0.0,1.0,1.0,9.7,1,1,1,1,14862,12059,10158,9917,18861,17370,20509,15538,5824,8004,1,4972,12373,19379,1.0,21:13,2015,2016
2015-16,1626143,Jahlil Okafor,Jahlil,1610612755,PHI,Philadelphia 76ers,21500419,2015-12-22T00:00:00,PHI vs. MEM,L,32.6,7.0,4.0,0.0,16.0,17.0,11.0,8.0,24.0,0.0,0.0,4.0,4.0,23.0,1,13074,13074,13074,5408,548,1596,9917,275,24337,21814,17194,8723,8004,1,22104,2748,9760,1.0,32:37,2015,2016
2015-16,101141,Ersan Ilyasova,Ersan,1610612765,DET,Detroit Pistons,21500420,2015-12-22T00:00:00,DET @ MIA,W,24.0,0.0,4.0,0.0,6.0,19.0,6.0,7.0,34.0,1.0,1.0,0.0,0.0,19.6,1,1,1,1,12549,12059,1596,9917,5299,25074,13237,15538,2701,2692,17214,1,18762,12024,1.0,24:00,2015,2016
2015-16,1626158,Richaun Holmes,Richaun,1610612755,PHI,Philadelphia 76ers,21500419,2015-12-22T00:00:00,PHI vs. MEM,L,8.8,0.0,1.0,0.0,0.0,10.0,4.0,7.0,12.0,0.0,0.0,3.0,1.0,10.1,1,13074,13074,13074,22905,12059,9709,9917,18861,17370,8458,15538,18637,8004,1,17641,12373,19105,1.0,8:50,2015,2016
2015-16,2585,Zaza Pachulia,Zaza,1610612742,DAL,Dallas Mavericks,21500421,2015-12-22T00:00:00,DAL @ TOR,L,18.4,2.0,0.0,0.0,6.0,4.0,9.0,0.0,10.0,1.0,0.0,3.0,1.0,19.6,1,13074,13074,13074,17181,6026,10158,9917,5299,6141,19144,1,20209,2692,1,17641,12373,12024,1.0,18:24,2015,2016
2015-16,201145,Jeff Green,Jeff,1610612763,MEM,Memphis Grizzlies,21500419,2015-12-22T00:00:00,MEM @ PHI,W,18.9,0.0,2.0,0.0,2.0,11.0,6.0,6.0,28.0,0.0,0.0,1.0,2.0,14.6,1,1,1,1,16745,12059,4731,9917,12984,18886,13237,13388,5824,8004,1,4972,7786,15699,1.0,18:56,2015,2016
2015-16,203944,Julius Randle,Julius,1610612747,LAL,Los Angeles Lakers,21500422,2015-12-22T00:00:00,LAL @ DEN,W,28.2,2.0,2.0,0.0,6.0,10.0,10.0,9.0,34.0,0.0,0.0,1.0,2.0,19.5,1,1,1,1,9099,6026,4731,9917,5299,17370,20509,18829,2701,8004,1,4972,7786,12096,1.0,28:11,2015,2016
2015-16,2547,Chris Bosh,Chris,1610612748,MIA,Miami Heat,21500420,2015-12-22T00:00:00,MIA vs. DET,L,33.6,6.0,0.0,0.0,8.0,2.0,10.0,0.0,12.0,0.0,0.0,3.0,0.0,25.6,1,13074,13074,13074,4682,878,10158,9917,3109,2619,20509,1,18637,8004,1,17641,18762,8157,1.0,33:35,2015,2016
2015-16,1717,Dirk Nowitzki,Dirk,1610612742,DAL,Dallas Mavericks,21500421,2015-12-22T00:00:00,DAL @ TOR,L,28.1,5.0,2.0,0.0,0.0,7.0,9.0,3.0,14.0,2.0,0.0,1.0,7.0,33.4,1,13074,13074,13074,9140,1603,4731,9917,18861,12242,19144,7328,17019,932,1,4972,469,4384,1.0,28:07,2015,2016
2015-16,101109,Raymond Felton,Raymond,1610612742,DAL,Dallas Mavericks,21500421,2015-12-22T00:00:00,DAL @ TOR,L,31.3,2.0,0.0,2.0,0.0,5.0,10.0,6.0,18.0,0.0,1.0,1.0,0.0,23.3,1,13074,13074,13074,6439,6026,10158,4675,18861,8403,20509,13388,13577,8004,17214,4972,18762,9567,1.0,31:20,2015,2016
2015-16,101123,Gerald Green,Gerald,1610612748,MIA,Miami Heat,21500420,2015-12-22T00:00:00,MIA vs. DET,L,29.2,0.0,3.0,0.0,0.0,3.0,12.0,3.0,12.0,3.0,0.0,0.0,0.0,23.3,1,13074,13074,13074,8208,12059,3104,9917,18861,5109,22832,7328,18637,347,1,1,18762,9567,1.0,29:12,2015,2016
2015-16,201229,Anthony Tolliver,Anthony,1610612765,DET,Detroit Pistons,21500420,2015-12-22T00:00:00,DET @ MIA,W,23.9,0.0,3.0,0.0,0.0,0.0,5.0,2.0,16.0,0.0,0.0,1.0,2.0,19.5,1,1,1,1,12677,12059,3104,9917,18861,1,11469,4025,15259,8004,1,4972,7786,12096,1.0,23:53,2015,2016
2015-16,203530,Joffrey Lauvergne,Joffrey,1610612743,DEN,Denver Nuggets,21500422,2015-12-22T00:00:00,DEN vs. LAL,L,16.1,0.0,0.0,0.0,0.0,2.0,4.0,0.0,16.0,1.0,1.0,4.0,0.0,9.8,1,13074,13074,13074,18971,12059,10158,9917,18861,2619,8458,1,15259,2692,17214,22104,18762,19331,1.0,16:05,2015,2016
2015-16,201596,Mario Chalmers,Mario,1610612763,MEM,Memphis Grizzlies,21500419,2015-12-22T00:00:00,MEM @ PHI,W,23.0,2.0,0.0,2.0,2.0,9.0,7.0,3.0,22.0,0.0,0.0,1.0,0.0,23.9,1,1,1,1,13411,6026,10158,4675,12984,15771,15642,7328,10265,8004,1,4972,18762,9184,1.0,22:57,2015,2016
2015-16,203960,JaKarr Sampson,JaKarr,1610612755,PHI,Philadelphia 76ers,21500419,2015-12-22T00:00:00,PHI vs. MEM,L,14.6,0.0,0.0,3.0,2.0,21.0,10.0,14.0,22.0,0.0,0.0,0.0,3.0,7.4,1,13074,13074,13074,20006,12059,10158,3302,12984,25535,20509,23710,10265,8004,1,1,4736,20912,1.0,14:38,2015,2016
2015-16,203082,Terrence Ross,Terrence,1610612761,TOR,Toronto Raptors,21500421,2015-12-22T00:00:00,TOR vs. DAL,W,33.0,3.0,0.0,6.0,0.0,18.0,3.0,2.0,20.0,0.0,0.0,1.0,1.0,24.1,1,1,1,1,5145,4307,10158,740,18861,24749,7138,4025,11929,8004,1,4972,12373,9068,1.0,32:59,2015,2016
2015-16,202709,Cory Joseph,Cory,1610612761,TOR,Toronto Raptors,21500421,2015-12-22T00:00:00,TOR vs. DAL,W,26.8,0.0,0.0,0.0,2.0,21.0,4.0,4.0,26.0,0.0,0.0,1.0,2.0,24.3,1,1,1,1,10237,12059,10158,9917,12984,25535,8458,8806,7214,8004,1,4972,7786,8939,1.0,26:45,2015,2016
2015-16,203461,Anthony Bennett,Anthony,1610612761,TOR,Toronto Raptors,21500421,2015-12-22T00:00:00,TOR vs. DAL,W,9.8,0.0,0.0,0.0,2.0,7.0,0.0,2.0,8.0,0.0,1.0,1.0,0.0,7.4,1,1,1,1,22519,12059,10158,9917,12984,12242,1,4025,21543,8004,17214,4972,18762,20912,1.0,9:49,2015,2016
2015-16,977,Kobe Bryant,Kobe,1610612747,LAL,Los Angeles Lakers,21500422,2015-12-22T00:00:00,LAL @ DEN,W,32.2,3.0,4.0,0.0,6.0,2.0,4.0,7.0,28.0,1.0,0.0,2.0,7.0,47.1,1,1,1,1,5730,4307,1596,9917,5299,2619,8458,15538,5824,2692,1,11390,469,1066,1.0,32:11,2015,2016
2015-16,2440,Matt Barnes,Matt,1610612763,MEM,Memphis Grizzlies,21500419,2015-12-22T00:00:00,MEM @ PHI,W,29.3,5.0,2.0,4.0,4.0,15.0,7.0,11.0,24.0,2.0,1.0,5.0,1.0,36.0,1,1,1,1,8099,1603,4731,1913,8599,23079,15642,21342,8723,932,17214,24686,12373,3463,1.0,29:20,2015,2016
2015-16,2548,Dwyane Wade,Dwyane,1610612748,MIA,Miami Heat,21500420,2015-12-22T00:00:00,MIA vs. DET,L,28.9,0.0,4.0,0.0,14.0,7.0,10.0,3.0,26.0,0.0,1.0,0.0,4.0,29.5,1,13074,13074,13074,8463,12059,1596,9917,542,12242,20509,7328,7214,8004,17214,1,2748,6103,1.0,28:53,2015,2016
2015-16,202355,Hassan Whiteside,Hassan,1610612748,MIA,Miami Heat,21500420,2015-12-22T00:00:00,MIA vs. DET,L,35.3,2.0,2.0,0.0,14.0,7.0,10.0,3.0,24.0,4.0,1.0,2.0,3.0,45.2,1,13074,13074,13074,3331,6026,4731,9917,542,12242,20509,7328,8723,132,17214,11390,4736,1324,1.0,35:17,2015,2016
2015-16,2449,Luis Scola,Luis,1610612761,TOR,Toronto Raptors,21500421,2015-12-22T00:00:00,TOR vs. DAL,W,31.7,4.0,2.0,0.0,4.0,20.0,7.0,4.0,18.0,1.0,1.0,5.0,4.0,29.8,1,1,1,1,6128,2460,4731,9917,8599,25338,15642,8806,13577,2692,17214,24686,2748,5948,1.0,31:44,2015,2016
2015-16,2736,Luol Deng,Luol,1610612748,MIA,Miami Heat,21500420,2015-12-22T00:00:00,MIA vs. DET,L,33.5,3.0,0.0,5.0,4.0,7.0,10.0,3.0,28.0,0.0,1.0,1.0,2.0,29.3,1,13074,13074,13074,4754,4307,10158,1277,8599,12242,20509,7328,5824,8004,17214,4972,7786,6202,1.0,33:29,2015,2016
2015-16,201584,Courtney Lee,Courtney,1610612763,MEM,Memphis Grizzlies,21500419,2015-12-22T00:00:00,MEM @ PHI,W,34.1,8.0,0.0,6.0,10.0,8.0,2.0,6.0,26.0,0.0,1.0,1.0,2.0,24.2,1,1,1,1,4246,308,10158,740,1840,13914,3734,13388,7214,8004,17214,4972,7786,9009,1.0,34:08,2015,2016
2015-16,201144,Mike Conley,Mike,1610612763,MEM,Memphis Grizzlies,21500419,2015-12-22T00:00:00,MEM @ PHI,W,32.3,4.0,3.0,3.0,8.0,16.0,7.0,8.0,34.0,0.0,0.0,2.0,3.0,29.2,1,1,1,1,5663,2460,3104,3302,3109,23774,15642,17194,2701,8004,1,11390,4736,6243,1.0,32:17,2015,2016
2015-16,200751,Randy Foye,Randy,1610612743,DEN,Denver Nuggets,21500422,2015-12-22T00:00:00,DEN vs. LAL,L,29.3,4.0,2.0,0.0,6.0,9.0,10.0,9.0,30.0,1.0,2.0,3.0,0.0,24.2,1,13074,13074,13074,8150,2460,4731,9917,5299,15771,20509,18829,4541,2692,23588,17641,18762,9009,1.0,29:16,2015,2016
2015-16,201188,Marc Gasol,Marc,1610612763,MEM,Memphis Grizzlies,21500419,2015-12-22T00:00:00,MEM @ PHI,W,34.7,6.0,2.0,2.0,4.0,16.0,7.0,8.0,34.0,1.0,0.0,4.0,5.0,44.7,1,1,1,1,3763,878,4731,4675,8599,23774,15642,17194,2701,2692,1,22104,1539,1419,1.0,34:43,2015,2016
2015-16,1626159,Justise Winslow,Justise,1610612748,MIA,Miami Heat,21500420,2015-12-22T00:00:00,MIA vs. DET,L,24.8,2.0,0.0,2.0,2.0,2.0,6.0,0.0,10.0,0.0,0.0,1.0,0.0,11.2,1,13074,13074,13074,11811,6026,10158,4675,12984,2619,13237,1,20209,8004,1,4972,18762,18267,1.0,24:49,2015,2016
2015-16,203382,Aron Baynes,Aron,1610612765,DET,Detroit Pistons,21500420,2015-12-22T00:00:00,DET @ MIA,W,13.7,0.0,0.0,0.0,0.0,4.0,5.0,2.0,14.0,0.0,1.0,0.0,1.0,1.2,1,1,1,1,20569,12059,10158,9917,18861,6141,11469,4025,17019,8004,17214,1,12373,24661,1.0,13:44,2015,2016
2015-16,204456,T.J. McConnell,T.J.,1610612755,PHI,Philadelphia 76ers,21500419,2015-12-22T00:00:00,PHI vs. MEM,L,17.6,0.0,0.0,0.0,2.0,16.0,6.0,13.0,22.0,0.0,0.0,2.0,0.0,5.9,1,13074,13074,13074,17807,12059,10158,9917,12984,23774,13237,23048,10265,8004,1,11390,18762,21953,1.0,17:38,2015,2016
2015-16,202335,Patrick Patterson,Patrick,1610612761,TOR,Toronto Raptors,21500421,2015-12-22T00:00:00,TOR vs. DAL,W,8.3,0.0,0.0,0.0,0.0,4.0,4.0,0.0,6.0,0.0,0.0,0.0,0.0,2.0,1,1,1,1,23091,12059,10158,9917,18861,6141,8458,1,22724,8004,1,1,18762,24216,1.0,8:17,2015,2016
2015-16,2754,Tony Allen,Tony,1610612763,MEM,Memphis Grizzlies,21500419,2015-12-22T00:00:00,MEM @ PHI,W,16.6,0.0,0.0,0.0,0.0,2.0,3.0,3.0,14.0,0.0,0.0,1.0,3.0,6.6,1,1,1,1,18605,12059,10158,9917,18861,2619,7138,7328,17019,8004,1,4972,4736,21445,1.0,16:34,2015,2016
2015-16,201156,Nick Young,Nick,1610612747,LAL,Los Angeles Lakers,21500422,2015-12-22T00:00:00,LAL @ DEN,W,16.2,0.0,0.0,0.0,2.0,12.0,10.0,2.0,28.0,0.0,0.0,0.0,0.0,4.0,1,1,1,1,18879,12059,10158,9917,12984,20178,20509,4025,5824,8004,1,1,18762,23142,1.0,16:12,2015,2016
2015-16,202379,Jeremy Evans,Jeremy,1610612742,DAL,Dallas Mavericks,21500421,2015-12-22T00:00:00,DAL @ TOR,L,5.9,2.0,0.0,0.0,4.0,0.0,0.0,0.0,4.0,1.0,0.0,1.0,2.0,9.0,1,13074,13074,13074,24029,6026,10158,9917,8599,1,1,1,23698,2692,1,4972,7786,19835,1.0,5:51,2015,2016
2015-16,203917,Nik Stauskas,Nik,1610612755,PHI,Philadelphia 76ers,21500419,2015-12-22T00:00:00,PHI vs. MEM,L,3.7,0.0,0.0,0.0,0.0,0.0,0.0,0.0,4.0,0.0,0.0,0.0,0.0,0.2,1,13074,13074,13074,24848,12059,10158,9917,18861,1,1,1,23698,8004,1,1,18762,25103,1.0,3:41,2015,2016
2015-16,203512,Lucas Nogueira,Lucas,1610612761,TOR,Toronto Raptors,21500421,2015-12-22T00:00:00,TOR vs. DAL,W,7.9,0.0,0.0,0.0,0.0,6.0,0.0,0.0,8.0,0.0,0.0,2.0,1.0,1.0,1,1,1,1,23223,12059,10158,9917,18861,10028,1,1,21543,8004,1,11390,12373,24960,1.0,7:54,2015,2016
2015-16,1626196,Josh Richardson,Josh,1610612748,MIA,Miami Heat,21500420,2015-12-22T00:00:00,MIA vs. DET,L,14.0,0.0,0.0,0.0,0.0,0.0,8.0,0.0,4.0,0.0,0.0,1.0,1.0,9.4,1,13074,13074,13074,20396,12059,10158,9917,18861,1,17345,1,23698,8004,1,4972,12373,19568,1.0,14:02,2015,2016
2015-16,203939,Dwight Powell,Dwight,1610612742,DAL,Dallas Mavericks,21500421,2015-12-22T00:00:00,DAL @ TOR,L,14.6,0.0,0.0,0.0,2.0,3.0,1.0,6.0,8.0,0.0,0.0,3.0,2.0,6.8,1,13074,13074,13074,20048,12059,10158,9917,12984,5109,3393,13388,21543,8004,1,17641,7786,21328,1.0,14:35,2015,2016
2015-16,203098,John Jenkins,John,1610612742,DAL,Dallas Mavericks,21500421,2015-12-22T00:00:00,DAL @ TOR,L,9.4,0.0,0.0,0.0,0.0,0.0,0.0,0.0,6.0,0.0,0.0,2.0,0.0,7.1,1,13074,13074,13074,22676,12059,10158,9917,18861,1,1,1,22724,8004,1,11390,18762,21141,1.0,9:23,2015,2016
2015-16,203210,JaMychal Green,JaMychal,1610612763,MEM,Memphis Grizzlies,21500419,2015-12-22T00:00:00,MEM @ PHI,W,9.6,2.0,2.0,2.0,6.0,4.0,3.0,3.0,10.0,0.0,0.0,3.0,1.0,7.2,1,1,1,1,22607,6026,4731,4675,5299,6141,7138,7328,20209,8004,1,17641,12373,21035,1.0,9:33,2015,2016
2015-16,203135,Robert Sacre,Robert,1610612747,LAL,Los Angeles Lakers,21500422,2015-12-22T00:00:00,LAL @ DEN,W,2.1,0.0,0.0,0.0,0.0,0.0,0.0,3.0,2.0,0.0,0.0,2.0,0.0,0.0,1,1,1,1,25471,12059,10158,9917,18861,1,1,7328,24614,8004,1,11390,18762,25170,1.0,2:08,2015,2016
2015-16,1626147,Justin Anderson,Justin,1610612742,DAL,Dallas Mavericks,21500421,2015-12-22T00:00:00,DAL @ TOR,L,5.3,2.0,0.0,2.0,2.0,0.0,0.0,0.0,4.0,0.0,0.0,2.0,0.0,5.2,1,13074,13074,13074,24241,6026,10158,4675,12984,1,1,1,23698,8004,1,11390,18762,22370,1.0,5:20,2015,2016
2015-16,1626153,Delon Wright,Delon,1610612761,TOR,Toronto Raptors,21500421,2015-12-22T00:00:00,TOR vs. DAL,W,6.7,0.0,0.0,0.0,0.0,2.0,0.0,0.0,4.0,0.0,0.0,0.0,0.0,2.7,1,1,1,1,23694,12059,10158,9917,18861,2619,1,1,23698,8004,1,1,18762,23884,1.0,6:39,2015,2016
2015-16,2581,Steve Blake,Steve,1610612765,DET,Detroit Pistons,21500420,2015-12-22T00:00:00,DET @ MIA,W,17.2,0.0,3.0,0.0,0.0,8.0,3.0,4.0,14.0,0.0,0.0,1.0,0.0,16.4,1,1,1,1,18153,12059,3104,9917,18861,13914,7138,8806,17019,8004,1,4972,18762,14289,1.0,17:10,2015,2016
2015-16,101114,Deron Williams,Deron,1610612742,DAL,Dallas Mavericks,21500421,2015-12-22T00:00:00,DAL @ TOR,L,23.3,2.0,2.0,0.0,2.0,4.0,9.0,2.0,14.0,0.0,0.0,0.0,1.0,18.4,1,13074,13074,13074,13092,6026,4731,9917,12984,6141,19144,4025,17019,8004,1,1,12373,12854,1.0,23:20,2015,2016
2015-16,2749,Jameer Nelson,Jameer,1610612743,DEN,Denver Nuggets,21500422,2015-12-22T00:00:00,DEN vs. LAL,L,29.8,2.0,0.0,0.0,4.0,7.0,15.0,0.0,22.0,0.0,1.0,2.0,1.0,18.6,1,13074,13074,13074,7707,6026,10158,9917,8599,12242,24781,1,10265,8004,17214,11390,12373,12715,1.0,29:49,2015,2016
2015-16,203457,Nerlens Noel,Nerlens,1610612755,PHI,Philadelphia 76ers,21500419,2015-12-22T00:00:00,PHI vs. MEM,L,26.6,2.0,0.0,2.0,2.0,25.0,12.0,19.0,28.0,1.0,0.0,1.0,3.0,21.6,1,13074,13074,13074,10412,6026,10158,4675,12984,25944,22832,25435,5824,2692,1,4972,4736,10666,1.0,26:33,2015,2016
2015-16,203100,Tony Wroten,Tony,1610612755,PHI,Philadelphia 76ers,21500419,2015-12-22T00:00:00,PHI vs. MEM,L,28.8,1.0,3.0,0.0,4.0,18.0,11.0,6.0,20.0,0.0,2.0,3.0,5.0,18.5,1,13074,13074,13074,8572,11535,3104,9917,8599,24749,21814,13388,11929,8004,23588,17641,1539,12794,1.0,28:46,2015,2016
2015-16,202718,Chandler Parsons,Chandler,1610612742,DAL,Dallas Mavericks,21500421,2015-12-22T00:00:00,DAL @ TOR,L,25.3,0.0,0.0,0.0,4.0,5.0,3.0,5.0,16.0,0.0,1.0,1.0,1.0,12.9,1,13074,13074,13074,11485,12059,10158,9917,8599,8403,7138,11593,15259,8004,17214,4972,12373,17049,1.0,25:15,2015,2016
2015-16,203484,Kentavious Caldwell-Pope,Kentavious,1610612765,DET,Detroit Pistons,21500420,2015-12-22T00:00:00,DET @ MIA,W,40.1,0.0,0.0,3.0,0.0,9.0,11.0,5.0,38.0,0.0,0.0,4.0,1.0,18.7,1,1,1,1,706,12059,10158,3302,18861,15771,21814,11593,1422,8004,1,22104,12373,12648,1.0,40:05,2015,2016
2015-16,1626169,Stanley Johnson,Stanley,1610612765,DET,Detroit Pistons,21500420,2015-12-22T00:00:00,DET @ MIA,W,22.9,0.0,0.0,0.0,2.0,10.0,5.0,6.0,22.0,0.0,1.0,0.0,0.0,21.3,1,1,1,1,13435,12059,10158,9917,12984,17370,11469,13388,10265,8004,17214,1,18762,10880,1.0,22:56,2015,2016
2015-16,2617,Udonis Haslem,Udonis,1610612748,MIA,Miami Heat,21500420,2015-12-22T00:00:00,MIA vs. DET,L,6.8,0.0,0.0,0.0,0.0,0.0,6.0,0.0,0.0,0.0,0.0,0.0,1.0,2.4,1,13074,13074,13074,23644,12059,10158,9917,18861,1,13237,1,25429,8004,1,1,12373,24024,1.0,6:46,2015,2016
2015-16,202687,Bismack Biyombo,Bismack,1610612761,TOR,Toronto Raptors,21500421,2015-12-22T00:00:00,TOR vs. DAL,W,38.0,0.0,3.0,0.0,6.0,25.0,3.0,6.0,26.0,2.0,3.0,2.0,2.0,40.0,1,1,1,1,1494,12059,3104,9917,5299,25944,7138,13388,7214,932,25441,11390,7786,2364,1.0,38:02,2015,2016
2015-16,1626204,Larry Nance Jr.,Larry,1610612747,LAL,Los Angeles Lakers,21500422,2015-12-22T00:00:00,LAL @ DEN,W,19.4,2.0,2.0,0.0,8.0,4.0,4.0,0.0,18.0,1.0,1.0,4.0,0.0,15.4,1,1,1,1,16363,6026,4731,9917,3109,6141,8458,1,13577,2692,17214,22104,18762,15066,1.0,19:26,2015,2016
2015-16,2216,Zach Randolph,Zach,1610612763,MEM,Memphis Grizzlies,21500419,2015-12-22T00:00:00,MEM @ PHI,W,24.7,4.0,6.0,2.0,8.0,12.0,7.0,2.0,26.0,0.0,1.0,2.0,2.0,31.1,1,1,1,1,11970,2460,481,4675,3109,20178,15642,4025,7214,8004,17214,11390,7786,5354,1.0,24:39,2015,2016
2015-16,203123,Kostas Papanikolaou,Kostas,1610612743,DEN,Denver Nuggets,21500422,2015-12-22T00:00:00,DEN vs. LAL,L,11.2,0.0,0.0,0.0,0.0,2.0,2.0,0.0,12.0,0.0,0.0,2.0,1.0,12.0,1,13074,13074,13074,21925,12059,10158,9917,18861,2619,3734,1,18637,8004,1,11390,12373,17703,1.0,11:14,2015,2016
2015-16,203914,Gary Harris,Gary,1610612743,DEN,Denver Nuggets,21500422,2015-12-22T00:00:00,DEN vs. LAL,L,35.4,4.0,0.0,4.0,10.0,10.0,11.0,9.0,34.0,1.0,0.0,4.0,2.0,26.7,1,13074,13074,13074,3208,2460,10158,1913,1840,17370,21814,18829,2701,2692,1,22104,7786,7525,1.0,35:25,2015,2016
2015-16,200768,Kyle Lowry,Kyle,1610612761,TOR,Toronto Raptors,21500421,2015-12-22T00:00:00,TOR vs. DAL,W,38.0,0.0,3.0,2.0,6.0,27.0,7.0,6.0,28.0,1.0,1.0,2.0,11.0,40.5,1,1,1,1,1529,12059,3104,4675,5299,26014,15642,13388,5824,2692,17214,11390,44,2257,1.0,37:57,2015,2016
2015-16,2757,Beno Udrih,Beno,1610612748,MIA,Miami Heat,21500420,2015-12-22T00:00:00,MIA vs. DET,L,34.0,6.0,2.0,2.0,8.0,7.0,8.0,3.0,24.0,0.0,0.0,4.0,0.0,26.6,1,13074,13074,13074,4381,878,4731,4675,3109,12242,17345,7328,8723,8004,1,22104,18762,7566,1.0,33:58,2015,2016
2015-16,203477,Isaiah Canaan,Isaiah,1610612755,PHI,Philadelphia 76ers,21500419,2015-12-22T00:00:00,PHI vs. MEM,L,30.1,1.0,0.0,0.0,6.0,15.0,7.0,7.0,20.0,1.0,0.0,1.0,3.0,26.7,1,13074,13074,13074,7448,11535,10158,9917,5299,23079,15642,15538,11929,2692,1,4972,4736,7525,1.0,30:06,2015,2016
2015-16,201580,JaVale McGee,JaVale,1610612742,DAL,Dallas Mavericks,21500421,2015-12-22T00:00:00,DAL @ TOR,L,17.2,0.0,0.0,0.0,2.0,0.0,1.0,5.0,10.0,3.0,2.0,2.0,3.0,20.5,1,13074,13074,13074,18165,12059,10158,9917,12984,1,3393,11593,20209,347,23588,11390,4736,11401,1.0,17:09,2015,2016
2015-16,203138,Hollis Thompson,Hollis,1610612755,PHI,Philadelphia 76ers,21500419,2015-12-22T00:00:00,PHI vs. MEM,L,27.5,5.0,0.0,0.0,4.0,25.0,12.0,19.0,32.0,0.0,0.0,2.0,0.0,15.2,1,13074,13074,13074,9578,1603,10158,9917,8599,25944,22832,25435,3535,8004,1,11390,18762,15219,1.0,27:32,2015,2016
2015-16,202702,Kenneth Faried,Kenneth,1610612743,DEN,Denver Nuggets,21500422,2015-12-22T00:00:00,DEN vs. LAL,L,29.6,0.0,4.0,0.0,8.0,7.0,11.0,7.0,30.0,1.0,1.0,1.0,7.0,31.3,1,13074,13074,13074,7866,12059,1596,9917,3109,12242,21814,15538,4541,2692,17214,4972,469,5258,1.0,29:37,2015,2016
2015-16,101150,Lou Williams,Lou,1610612747,LAL,Los Angeles Lakers,21500422,2015-12-22T00:00:00,LAL @ DEN,W,37.1,0.0,4.0,3.0,0.0,4.0,8.0,7.0,38.0,0.0,1.0,2.0,3.0,31.3,1,1,1,1,2046,12059,1596,3302,18861,6141,17345,15538,1422,8004,17214,11390,4736,5258,1.0,37:03,2015,2016
2015-16,203999,Nikola Jokić,Nikola,1610612743,DEN,Denver Nuggets,21500422,2015-12-22T00:00:00,DEN vs. LAL,L,30.0,2.0,6.0,0.0,10.0,11.0,10.0,9.0,26.0,0.0,0.0,1.0,6.0,31.5,1,13074,13074,13074,7555,6026,481,9917,1840,18886,20509,18829,7214,8004,1,4972,873,5180,1.0,29:59,2015,2016
2015-16,201579,Roy Hibbert,Roy,1610612747,LAL,Los Angeles Lakers,21500422,2015-12-22T00:00:00,LAL @ DEN,W,15.2,0.0,0.0,0.0,4.0,4.0,4.0,0.0,8.0,0.0,0.0,5.0,4.0,11.7,1,1,1,1,19618,12059,10158,9917,8599,6141,8458,1,21543,8004,1,24686,2748,17903,1.0,15:12,2015,2016
2015-16,202696,Nikola Vučević,Nikola,1610612753,ORL,Orlando Magic,21500412,2015-12-21T00:00:00,ORL @ NYK,W,35.6,0.0,4.0,0.0,16.0,8.0,9.0,6.0,28.0,1.0,1.0,2.0,0.0,41.8,1,1,1,1,3081,12059,1596,9917,275,13914,19144,13388,5824,2692,17214,11390,18762,1981,1.0,35:34,2015,2016
2015-16,101139,CJ Miles,CJ,1610612754,IND,Indiana Pacers,21500416,2015-12-21T00:00:00,IND @ SAS,L,17.9,0.0,0.0,0.0,6.0,5.0,4.0,12.0,34.0,0.0,0.0,3.0,0.0,11.9,1,13074,13074,13074,17632,12059,10158,9917,5299,8403,8458,22259,2701,8004,1,17641,18762,17760,1.0,17:51,2015,2016
2015-16,202330,Gordon Hayward,Gordon,1610612762,UTA,Utah Jazz,21500417,2015-12-21T00:00:00,UTA vs. PHX,W,36.0,9.0,0.0,3.0,12.0,3.0,6.0,2.0,26.0,1.0,0.0,1.0,3.0,41.6,1,1,1,1,2759,171,10158,3302,988,5109,13237,4025,7214,2692,1,4972,4736,2021,1.0,36:00,2015,2016
2015-16,101135,David Lee,David,1610612738,BOS,Boston Celtics,21500411,2015-12-21T00:00:00,BOS vs. MIN,W,22.4,2.0,5.0,0.0,8.0,7.0,0.0,8.0,28.0,1.0,1.0,3.0,3.0,27.1,1,1,1,1,13807,6026,995,9917,3109,12242,1,17194,5824,2692,17214,17641,4736,7339,1.0,22:26,2015,2016
2015-16,101133,Ian Mahinmi,Ian,1610612754,IND,Indiana Pacers,21500416,2015-12-21T00:00:00,IND @ SAS,L,24.0,0.0,4.0,1.0,6.0,10.0,2.0,2.0,24.0,1.0,2.0,2.0,2.0,27.2,1,13074,13074,13074,12528,12059,1596,9347,5299,17370,3734,4025,8723,2692,23588,11390,7786,7289,1.0,24:02,2015,2016
2015-16,201941,Jordan Hill,Jordan,1610612754,IND,Indiana Pacers,21500416,2015-12-21T00:00:00,IND @ SAS,L,25.1,0.0,5.0,0.0,8.0,6.0,4.0,16.0,44.0,0.0,0.0,1.0,1.0,27.3,1,13074,13074,13074,11594,12059,995,9917,3109,10028,8458,24641,454,8004,1,4972,12373,7236,1.0,25:06,2015,2016
2015-16,202700,Donatas Motiejunas,Donatas,1610612745,HOU,Houston Rockets,21500415,2015-12-21T00:00:00,HOU vs. CHA,W,22.7,2.0,0.0,0.0,4.0,7.0,5.0,2.0,10.0,0.0,0.0,1.0,2.0,15.8,1,1,1,1,13592,6026,10158,9917,8599,12242,11469,4025,20209,8004,1,4972,7786,14754,1.0,22:43,2015,2016
2015-16,201158,Marco Belinelli,Marco,1610612758,SAC,Sacramento Kings,21500410,2015-12-21T00:00:00,SAC @ WAS,L,23.1,0.0,0.0,0.0,2.0,9.0,0.0,12.0,14.0,0.0,0.0,1.0,2.0,15.5,1,13074,13074,13074,13285,12059,10158,9917,12984,15771,1,22259,17019,8004,1,4972,7786,15004,1.0,23:06,2015,2016
2015-16,201152,Thaddeus Young,Thaddeus,1610612751,BKN,Brooklyn Nets,21500414,2015-12-21T00:00:00,BKN @ CHI,W,31.2,4.0,4.0,2.0,14.0,15.0,6.0,10.0,26.0,0.0,2.0,1.0,0.0,40.6,1,1,1,1,6584,2460,1596,4675,542,23079,13237,20169,7214,8004,23588,4972,18762,2230,1.0,31:11,2015,2016
2015-16,201952,Jeff Teague,Jeff,1610612737,ATL,Atlanta Hawks,21500413,2015-12-21T00:00:00,ATL vs. POR,W,31.0,0.0,0.0,0.0,6.0,8.0,9.0,5.0,32.0,0.0,1.0,2.0,3.0,31.4,1,1,1,1,6686,12059,10158,9917,5299,13914,19144,11593,3535,8004,17214,11390,4736,5218,1.0,31:03,2015,2016
2015-16,201587,Nicolas Batum,Nicolas,1610612766,CHA,Charlotte Hornets,21500415,2015-12-21T00:00:00,CHA @ HOU,L,33.7,2.0,0.0,2.0,4.0,10.0,5.0,13.0,30.0,0.0,0.0,2.0,2.0,20.5,1,13074,13074,13074,4617,6026,10158,4675,8599,17370,11469,23048,4541,8004,1,11390,7786,11401,1.0,33:40,2015,2016
2015-16,201577,Robin Lopez,Robin,1610612752,NYK,New York Knicks,21500412,2015-12-21T00:00:00,NYK vs. ORL,L,34.5,2.0,4.0,0.0,12.0,13.0,12.0,5.0,40.0,2.0,0.0,0.0,0.0,30.6,1,13074,13074,13074,3990,6026,1596,9917,988,21300,22832,11593,983,932,1,1,18762,5574,1.0,34:27,2015,2016
2015-16,203506,Victor Oladipo,Victor,1610612753,ORL,Orlando Magic,21500412,2015-12-21T00:00:00,ORL @ NYK,W,23.8,2.0,2.0,4.0,8.0,10.0,5.0,2.0,20.0,0.0,1.0,1.0,4.0,15.4,1,1,1,1,12778,6026,4731,1913,3109,17370,11469,4025,11929,8004,17214,4972,2748,15066,1.0,23:45,2015,2016
2015-16,201976,Patrick Beverley,Patrick,1610612745,HOU,Houston Rockets,21500415,2015-12-21T00:00:00,HOU vs. CHA,W,27.4,0.0,3.0,3.0,2.0,2.0,5.0,4.0,10.0,0.0,1.0,5.0,3.0,19.9,1,1,1,1,9728,12059,3104,3302,12984,2619,11469,8806,20209,8004,17214,24686,4736,11824,1.0,27:21,2015,2016
2015-16,203090,Maurice Harkless,Maurice,1610612757,POR,Portland Trail Blazers,21500413,2015-12-21T00:00:00,POR @ ATL,L,23.5,0.0,0.0,0.0,8.0,10.0,5.0,1.0,24.0,0.0,0.0,1.0,0.0,20.1,1,13074,13074,13074,12976,12059,10158,9917,3109,17370,11469,3646,8723,8004,1,4972,18762,11685,1.0,23:29,2015,2016
2015-16,201149,Joakim Noah,Joakim,1610612741,CHI,Chicago Bulls,21500414,2015-12-21T00:00:00,CHI vs. BKN,L,15.9,2.0,0.0,0.0,4.0,7.0,4.0,0.0,12.0,2.0,1.0,3.0,1.0,31.6,1,13074,13074,13074,19098,6026,10158,9917,8599,12242,8458,1,18637,932,17214,17641,12373,5130,1.0,15:56,2015,2016
2015-16,203952,Andrew Wiggins,Andrew,1610612750,MIN,Minnesota Timberwolves,21500411,2015-12-21T00:00:00,MIN @ BOS,L,33.9,0.0,0.0,3.0,10.0,13.0,13.0,7.0,26.0,0.0,1.0,4.0,7.0,26.6,1,13074,13074,13074,4442,12059,10158,3302,1840,21300,23668,15538,7214,8004,17214,22104,469,7566,1.0,33:53,2015,2016
2015-16,203093,Terrence Jones,Terrence,1610612745,HOU,Houston Rockets,21500415,2015-12-21T00:00:00,HOU vs. CHA,W,24.1,2.0,2.0,4.0,14.0,7.0,6.0,8.0,18.0,2.0,1.0,2.0,3.0,30.2,1,1,1,1,12489,6026,4731,1913,542,12242,13237,17194,13577,932,17214,11390,4736,5751,1.0,24:05,2015,2016
2015-16,201954,Darren Collison,Darren,1610612758,SAC,Sacramento Kings,21500410,2015-12-21T00:00:00,SAC @ WAS,L,30.9,2.0,2.0,7.0,4.0,6.0,7.0,16.0,24.0,0.0,0.0,3.0,3.0,26.6,1,13074,13074,13074,6818,6026,4731,454,8599,10028,15642,24641,8723,8004,1,17641,4736,7566,1.0,30:53,2015,2016
2015-16,202693,Markieff Morris,Markieff,1610612756,PHX,Phoenix Suns,21500417,2015-12-21T00:00:00,PHX @ UTA,L,21.0,0.0,0.0,2.0,4.0,7.0,5.0,2.0,18.0,0.0,1.0,3.0,1.0,15.2,1,13074,13074,13074,15069,12059,10158,4675,8599,12242,11469,4025,13577,8004,17214,17641,12373,15219,1.0,20:59,2015,2016
2015-16,202344,Trevor Booker,Trevor,1610612762,UTA,Utah Jazz,21500417,2015-12-21T00:00:00,UTA vs. PHX,W,26.4,5.0,2.0,2.0,6.0,1.0,2.0,6.0,16.0,0.0,0.0,4.0,1.0,26.6,1,1,1,1,10542,1603,4731,4675,5299,2356,3734,13388,15259,8004,1,22104,12373,7566,1.0,26:23,2015,2016
2015-16,201588,George Hill,George,1610612754,IND,Indiana Pacers,21500416,2015-12-21T00:00:00,IND @ SAS,L,35.6,2.0,0.0,0.0,6.0,12.0,4.0,7.0,44.0,0.0,0.0,3.0,4.0,19.9,1,13074,13074,13074,3047,6026,10158,9917,5299,20178,8458,15538,454,8004,1,17641,2748,11824,1.0,35:37,2015,2016
2015-16,203991,Clint Capela,Clint,1610612745,HOU,Houston Rockets,21500415,2015-12-21T00:00:00,HOU vs. CHA,W,19.6,0.0,0.0,1.0,2.0,3.0,10.0,6.0,8.0,0.0,0.0,5.0,3.0,11.6,1,1,1,1,16233,12059,10158,9347,12984,5109,20509,13388,21543,8004,1,24686,4736,17970,1.0,19:36,2015,2016
2015-16,204001,Kristaps Porziņģis,Kristaps,1610612752,NYK,New York Knicks,21500412,2015-12-21T00:00:00,NYK vs. ORL,L,25.3,0.0,0.0,0.0,2.0,11.0,8.0,2.0,24.0,4.0,1.0,1.0,1.0,30.1,1,13074,13074,13074,11471,12059,10158,9917,12984,18886,17345,4025,8723,132,17214,4972,12373,5794,1.0,25:17,2015,2016
2015-16,201168,Tiago Splitter,Tiago,1610612737,ATL,Atlanta Hawks,21500413,2015-12-21T00:00:00,ATL vs. POR,W,19.3,0.0,2.0,0.0,4.0,0.0,3.0,0.0,10.0,0.0,0.0,1.0,1.0,20.6,1,1,1,1,16456,12059,4731,9917,8599,1,7138,1,20209,8004,1,4972,12373,11314,1.0,19:18,2015,2016
2015-16,203613,Jonathon Simmons,Jonathon,1610612759,SAS,San Antonio Spurs,21500416,2015-12-21T00:00:00,SAS vs. IND,W,11.2,0.0,0.0,0.0,4.0,6.0,5.0,2.0,10.0,0.0,0.0,1.0,0.0,11.6,1,1,1,1,21937,12059,10158,9917,8599,10028,11469,4025,20209,8004,1,4972,18762,17970,1.0,11:13,2015,2016
2015-16,202362,Lance Stephenson,Lance,1610612746,LAC,LA Clippers,21500418,2015-12-21T00:00:00,LAC vs. OKC,L,19.6,2.0,0.0,4.0,8.0,2.0,8.0,4.0,18.0,0.0,0.0,3.0,0.0,15.3,1,13074,13074,13074,16226,6026,10158,1913,3109,2619,17345,8806,13577,8004,1,17641,18762,15150,1.0,19:36,2015,2016
2015-16,1626162,Kelly Oubre Jr.,Kelly,1610612764,WAS,Washington Wizards,21500410,2015-12-21T00:00:00,WAS vs. SAC,W,32.5,0.0,0.0,0.0,0.0,4.0,10.0,15.0,34.0,0.0,0.0,4.0,3.0,20.2,1,1,1,1,5517,12059,10158,9917,18861,6141,20509,24242,2701,8004,1,22104,4736,11610,1.0,32:30,2015,2016
2015-16,203933,T.J. Warren,T.J.,1610612756,PHX,Phoenix Suns,21500417,2015-12-21T00:00:00,PHX @ UTA,L,21.3,0.0,4.0,0.0,4.0,13.0,5.0,11.0,28.0,0.0,0.0,1.0,1.0,11.6,1,13074,13074,13074,14743,12059,1596,9917,8599,21300,11469,21342,5824,8004,1,4972,12373,17970,1.0,21:20,2015,2016
2015-16,203079,Dion Waiters,Dion,1610612760,OKC,Oklahoma City Thunder,21500418,2015-12-21T00:00:00,OKC @ LAC,W,34.6,0.0,0.0,0.0,4.0,15.0,3.0,8.0,34.0,0.0,0.0,1.0,1.0,13.9,1,1,1,1,3855,12059,10158,9917,8599,23079,7138,17194,2701,8004,1,4972,12373,16232,1.0,34:37,2015,2016
2015-16,201956,Omri Casspi,Omri,1610612758,SAC,Sacramento Kings,21500410,2015-12-21T00:00:00,SAC @ WAS,L,25.6,0.0,2.0,4.0,4.0,9.0,7.0,8.0,16.0,0.0,1.0,3.0,1.0,17.2,1,13074,13074,13074,11225,12059,4731,1913,8599,15771,15642,17194,15259,8004,17214,17641,12373,13725,1.0,25:35,2015,2016
2015-16,203482,Kelly Olynyk,Kelly,1610612738,BOS,Boston Celtics,21500411,2015-12-21T00:00:00,BOS vs. MIN,W,28.8,0.0,4.0,3.0,4.0,9.0,2.0,10.0,36.0,1.0,2.0,3.0,2.0,28.5,1,1,1,1,8553,12059,1596,3302,8599,15771,3734,20169,1943,2692,23588,17641,7786,6613,1.0,28:47,2015,2016
2015-16,202323,Evan Turner,Evan,1610612738,BOS,Boston Celtics,21500411,2015-12-21T00:00:00,BOS vs. MIN,W,23.2,0.0,0.0,2.0,2.0,3.0,5.0,13.0,30.0,0.0,0.0,3.0,1.0,17.2,1,1,1,1,13231,12059,10158,4675,12984,5109,11469,23048,4541,8004,1,17641,12373,13725,1.0,23:10,2015,2016
2015-16,2546,Carmelo Anthony,Carmelo,1610612752,NYK,New York Knicks,21500412,2015-12-21T00:00:00,NYK vs. ORL,L,39.6,0.0,2.0,0.0,4.0,18.0,12.0,7.0,46.0,0.0,1.0,3.0,3.0,31.8,1,13074,13074,13074,849,12059,4731,9917,8599,24749,22832,15538,298,8004,17214,17641,4736,5041,1.0,39:37,2015,2016
2015-16,202730,Lavoy Allen,Lavoy,1610612754,IND,Indiana Pacers,21500416,2015-12-21T00:00:00,IND @ SAS,L,28.3,2.0,2.0,0.0,6.0,14.0,2.0,6.0,22.0,1.0,0.0,3.0,2.0,22.1,1,13074,13074,13074,9005,6026,4731,9917,5299,22292,3734,13388,10265,2692,1,17641,7786,10332,1.0,28:18,2015,2016
2015-16,201937,Ricky Rubio,Ricky,1610612750,MIN,Minnesota Timberwolves,21500411,2015-12-21T00:00:00,MIN @ BOS,L,33.1,0.0,0.0,0.0,0.0,13.0,15.0,7.0,26.0,0.0,1.0,2.0,3.0,28.4,1,13074,13074,13074,5079,12059,10158,9917,18861,21300,24781,15538,7214,8004,17214,11390,4736,6663,1.0,33:03,2015,2016
2015-16,202340,Avery Bradley,Avery,1610612738,BOS,Boston Celtics,21500411,2015-12-21T00:00:00,BOS vs. MIN,W,30.4,5.0,2.0,0.0,0.0,8.0,2.0,4.0,28.0,1.0,1.0,0.0,1.0,22.1,1,1,1,1,7177,1603,4731,9917,18861,13914,3734,8806,5824,2692,17214,1,12373,10332,1.0,30:24,2015,2016
2015-16,203918,Rodney Hood,Rodney,1610612762,UTA,Utah Jazz,21500417,2015-12-21T00:00:00,UTA vs. PHX,W,34.7,2.0,0.0,0.0,2.0,3.0,6.0,4.0,22.0,1.0,0.0,2.0,4.0,32.3,1,1,1,1,3744,6026,10158,9917,12984,5109,13237,8806,10265,2692,1,11390,2748,4807,1.0,34:44,2015,2016
2015-16,1495,Tim Duncan,Tim,1610612759,SAS,San Antonio Spurs,21500416,2015-12-21T00:00:00,SAS vs. IND,W,22.9,2.0,0.0,2.0,6.0,3.0,7.0,3.0,14.0,2.0,1.0,3.0,2.0,28.5,1,1,1,1,13484,6026,10158,4675,5299,5109,15642,7328,17019,932,17214,17641,7786,6613,1.0,22:52,2015,2016
2015-16,200794,Paul Millsap,Paul,1610612737,ATL,Atlanta Hawks,21500413,2015-12-21T00:00:00,ATL vs. POR,W,24.6,6.0,0.0,2.0,4.0,13.0,6.0,5.0,24.0,0.0,0.0,2.0,5.0,21.7,1,1,1,1,12068,878,10158,4675,8599,21300,13237,11593,8723,8004,1,11390,1539,10592,1.0,24:33,2015,2016
2015-16,101107,Marvin Williams,Marvin,1610612766,CHA,Charlotte Hornets,21500415,2015-12-21T00:00:00,CHA @ HOU,L,25.6,0.0,2.0,2.0,0.0,6.0,2.0,11.0,24.0,1.0,0.0,3.0,3.0,22.2,1,13074,13074,13074,11208,12059,4731,4675,18861,10028,3734,21342,8723,2692,1,17641,4736,10263,1.0,25:36,2015,2016
2015-16,200757,Thabo Sefolosha,Thabo,1610612737,ATL,Atlanta Hawks,21500413,2015-12-21T00:00:00,ATL vs. POR,W,25.9,3.0,3.0,1.0,8.0,11.0,5.0,5.0,22.0,0.0,0.0,1.0,4.0,22.7,1,1,1,1,10916,4307,3104,9347,3109,18886,11469,11593,10265,8004,1,4972,2748,9938,1.0,25:54,2015,2016
2015-16,202066,Garrett Temple,Garrett,1610612764,WAS,Washington Wizards,21500410,2015-12-21T00:00:00,WAS vs. SAC,W,41.8,2.0,5.0,4.0,2.0,4.0,10.0,15.0,40.0,0.0,0.0,4.0,2.0,39.5,1,1,1,1,338,6026,995,1913,12984,6141,20509,24242,983,8004,1,22104,7786,2497,1.0,41:49,2015,2016
2015-16,2225,Tony Parker,Tony,1610612759,SAS,San Antonio Spurs,21500416,2015-12-21T00:00:00,SAS vs. IND,W,27.9,7.0,0.0,0.0,8.0,7.0,9.0,3.0,20.0,0.0,0.0,2.0,1.0,22.2,1,1,1,1,9341,548,10158,9917,3109,12242,19144,7328,11929,8004,1,11390,12373,10263,1.0,27:51,2015,2016
2015-16,203109,Jae Crowder,Jae,1610612738,BOS,Boston Celtics,21500411,2015-12-21T00:00:00,BOS vs. MIN,W,30.2,0.0,2.0,4.0,6.0,8.0,2.0,4.0,28.0,2.0,0.0,1.0,2.0,38.0,1,1,1,1,7318,12059,4731,1913,5299,13914,3734,8806,5824,932,1,4972,7786,2903,1.0,30:14,2015,2016
2015-16,201167,Arron Afflalo,Arron,1610612752,NYK,New York Knicks,21500412,2015-12-21T00:00:00,NYK vs. ORL,L,32.6,0.0,0.0,2.0,2.0,18.0,12.0,5.0,40.0,0.0,0.0,2.0,2.0,13.5,1,13074,13074,13074,5394,12059,10158,4675,12984,24749,22832,11593,983,8004,1,11390,7786,16552,1.0,32:39,2015,2016
2015-16,203894,Shabazz Napier,Shabazz,1610612753,ORL,Orlando Magic,21500412,2015-12-21T00:00:00,ORL @ NYK,W,11.6,0.0,0.0,0.0,0.0,0.0,2.0,2.0,6.0,0.0,0.0,1.0,0.0,13.4,1,1,1,1,21797,12059,10158,9917,18861,1,3734,4025,22724,8004,1,4972,18762,16614,1.0,11:33,2015,2016
2015-16,203459,Allen Crabbe,Allen,1610612757,POR,Portland Trail Blazers,21500413,2015-12-21T00:00:00,POR @ ATL,L,31.8,0.0,3.0,2.0,8.0,11.0,4.0,6.0,26.0,1.0,0.0,1.0,3.0,27.8,1,13074,13074,13074,6094,12059,3104,4675,3109,18886,8458,13388,7214,2692,1,4972,4736,6950,1.0,31:46,2015,2016
2015-16,203095,Evan Fournier,Evan,1610612753,ORL,Orlando Magic,21500412,2015-12-21T00:00:00,ORL @ NYK,W,31.6,2.0,0.0,0.0,6.0,5.0,6.0,6.0,26.0,0.0,3.0,3.0,3.0,32.7,1,1,1,1,6210,6026,10158,9917,5299,8403,13237,13388,7214,8004,25441,17641,4736,4649,1.0,31:37,2015,2016
2015-16,1626209,Mario Hezonja,Mario,1610612753,ORL,Orlando Magic,21500412,2015-12-21T00:00:00,ORL @ NYK,W,19.2,7.0,2.0,2.0,4.0,7.0,3.0,4.0,18.0,1.0,0.0,2.0,2.0,17.7,1,1,1,1,16501,548,4731,4675,8599,12242,7138,8806,13577,2692,1,11390,7786,13380,1.0,19:14,2015,2016
2015-16,202710,Jimmy Butler III,Jimmy,1610612741,CHI,Chicago Bulls,21500414,2015-12-21T00:00:00,CHI vs. BKN,L,38.5,7.0,0.0,5.0,8.0,13.0,9.0,4.0,28.0,1.0,1.0,1.0,5.0,37.6,1,13074,13074,13074,1281,548,10158,1277,3109,21300,19144,8806,5824,2692,17214,4972,1539,3018,1.0,38:29,2015,2016
2015-16,2200,Pau Gasol,Pau,1610612741,CHI,Chicago Bulls,21500414,2015-12-21T00:00:00,CHI vs. BKN,L,33.0,2.0,2.0,2.0,4.0,8.0,9.0,4.0,30.0,2.0,0.0,2.0,4.0,38.3,1,13074,13074,13074,5146,6026,4731,4675,8599,13914,19144,8806,4541,932,1,11390,2748,2826,1.0,32:59,2015,2016
2015-16,201980,Danny Green,Danny,1610612759,SAS,San Antonio Spurs,21500416,2015-12-21T00:00:00,SAS vs. IND,W,25.7,0.0,0.0,3.0,0.0,2.0,12.0,4.0,18.0,1.0,1.0,1.0,0.0,14.0,1,1,1,1,11078,12059,10158,3302,18861,2619,22832,8806,13577,2692,17214,4972,18762,16166,1.0,25:44,2015,2016
2015-16,202703,Nikola Mirotic,Nikola,1610612741,CHI,Chicago Bulls,21500414,2015-12-21T00:00:00,CHI vs. BKN,L,21.6,1.0,0.0,3.0,4.0,6.0,8.0,4.0,24.0,2.0,0.0,0.0,1.0,28.3,1,13074,13074,13074,14549,11535,10158,3302,8599,10028,17345,8806,8723,932,1,1,12373,6720,1.0,21:34,2015,2016
2015-16,203087,Jeremy Lamb,Jeremy,1610612766,CHA,Charlotte Hornets,21500415,2015-12-21T00:00:00,CHA @ HOU,L,19.5,2.0,2.0,2.0,4.0,6.0,8.0,9.0,20.0,0.0,0.0,0.0,2.0,16.9,1,13074,13074,13074,16350,6026,4731,4675,8599,10028,17345,18829,11929,8004,1,1,7786,13911,1.0,19:27,2015,2016
2015-16,201586,Serge Ibaka,Serge,1610612760,OKC,Oklahoma City Thunder,21500418,2015-12-21T00:00:00,OKC @ LAC,W,35.7,0.0,4.0,1.0,6.0,9.0,3.0,4.0,24.0,0.0,0.0,1.0,2.0,33.1,1,1,1,1,2957,12059,1596,9347,5299,15771,7138,8806,8723,8004,1,4972,7786,4505,1.0,35:44,2015,2016
2015-16,201585,Kosta Koufos,Kosta,1610612758,SAC,Sacramento Kings,21500410,2015-12-21T00:00:00,SAC @ WAS,L,18.9,2.0,0.0,0.0,4.0,9.0,0.0,6.0,8.0,1.0,0.0,2.0,0.0,14.0,1,13074,13074,13074,16787,6026,10158,9917,8599,15771,1,13388,21543,2692,1,11390,18762,16166,1.0,18:53,2015,2016
2015-16,201599,DeAndre Jordan,DeAndre,1610612746,LAC,LA Clippers,21500418,2015-12-21T00:00:00,LAC vs. OKC,L,33.7,0.0,1.0,0.0,6.0,9.0,5.0,13.0,34.0,1.0,0.0,1.0,4.0,22.0,1,13074,13074,13074,4590,12059,9709,9917,5299,15771,11469,23048,2701,2692,1,4972,2748,10388,1.0,33:42,2015,2016
2015-16,202688,Brandon Knight,Brandon,1610612756,PHX,Phoenix Suns,21500417,2015-12-21T00:00:00,PHX @ UTA,L,35.3,0.0,2.0,4.0,4.0,15.0,10.0,11.0,32.0,0.0,2.0,4.0,4.0,28.4,1,13074,13074,13074,3310,12059,4731,1913,8599,23079,20509,21342,3535,8004,23588,22104,2748,6663,1.0,35:18,2015,2016
2015-16,201973,Jonas Jerebko,Jonas,1610612738,BOS,Boston Celtics,21500411,2015-12-21T00:00:00,BOS vs. MIN,W,25.0,0.0,0.0,0.0,2.0,7.0,7.0,14.0,32.0,0.0,1.0,0.0,1.0,23.9,1,1,1,1,11644,12059,10158,9917,12984,12242,15642,23710,3535,8004,17214,1,12373,9184,1.0,25:02,2015,2016
2015-16,202498,Lance Thomas,Lance,1610612752,NYK,New York Knicks,21500412,2015-12-21T00:00:00,NYK vs. ORL,L,26.6,6.0,3.0,2.0,6.0,19.0,6.0,7.0,28.0,0.0,0.0,0.0,5.0,29.4,1,13074,13074,13074,10409,878,3104,4675,5299,25074,13237,15538,5824,8004,1,1,1539,6143,1.0,26:33,2015,2016
2015-16,201959,Taj Gibson,Taj,1610612741,CHI,Chicago Bulls,21500414,2015-12-21T00:00:00,CHI vs. BKN,L,32.8,2.0,4.0,2.0,8.0,11.0,11.0,6.0,28.0,1.0,0.0,2.0,0.0,28.8,1,13074,13074,13074,5260,6026,1596,4675,3109,18886,21814,13388,5824,2692,1,11390,18762,6465,1.0,32:49,2015,2016
2015-16,200765,Rajon Rondo,Rajon,1610612758,SAC,Sacramento Kings,21500410,2015-12-21T00:00:00,SAC @ WAS,L,34.3,0.0,0.0,0.0,0.0,13.0,4.0,14.0,28.0,0.0,1.0,3.0,2.0,24.1,1,13074,13074,13074,4069,12059,10158,9917,18861,21300,8458,23710,5824,8004,17214,17641,7786,9068,1.0,34:20,2015,2016
2015-16,203141,Mirza Teletovic,Mirza,1610612756,PHX,Phoenix Suns,21500417,2015-12-21T00:00:00,PHX @ UTA,L,20.6,0.0,0.0,0.0,4.0,6.0,6.0,9.0,16.0,0.0,0.0,3.0,2.0,24.4,1,13074,13074,13074,15404,12059,10158,9917,8599,10028,13237,18829,15259,8004,1,17641,7786,8867,1.0,20:35,2015,2016
2015-16,101108,Chris Paul,Chris,1610612746,LAC,LA Clippers,21500418,2015-12-21T00:00:00,LAC vs. OKC,L,36.0,6.0,0.0,4.0,10.0,11.0,3.0,17.0,40.0,0.0,1.0,3.0,4.0,57.0,1,13074,13074,13074,2786,878,10158,1913,1840,18886,7138,24967,983,8004,17214,17641,2748,313,1.0,35:58,2015,2016
2015-16,202738,Isaiah Thomas,Isaiah,1610612738,BOS,Boston Celtics,21500411,2015-12-21T00:00:00,BOS vs. MIN,W,34.8,6.0,2.0,0.0,6.0,11.0,7.0,10.0,38.0,0.0,0.0,1.0,6.0,45.4,1,1,1,1,3724,878,4731,9917,5299,18886,15642,20169,1422,8004,1,4972,873,1291,1.0,34:46,2015,2016
2015-16,202326,DeMarcus Cousins,DeMarcus,1610612758,SAC,Sacramento Kings,21500410,2015-12-21T00:00:00,SAC @ WAS,L,31.8,0.0,4.0,0.0,14.0,8.0,7.0,14.0,26.0,1.0,2.0,2.0,7.0,45.1,1,13074,13074,13074,6073,12059,1596,9917,542,13914,15642,23710,7214,2692,23588,11390,469,1338,1.0,31:49,2015,2016
2015-16,202331,Paul George,Paul,1610612754,IND,Indiana Pacers,21500416,2015-12-21T00:00:00,IND @ SAS,L,34.7,0.0,2.0,0.0,0.0,12.0,4.0,15.0,44.0,0.0,2.0,1.0,2.0,24.4,1,13074,13074,13074,3778,12059,4731,9917,18861,20178,8458,24242,454,8004,23588,4972,7786,8867,1.0,34:42,2015,2016
2015-16,1626157,Karl-Anthony Towns,Karl-Anthony,1610612750,MIN,Minnesota Timberwolves,21500411,2015-12-21T00:00:00,MIN @ BOS,L,35.1,3.0,5.0,3.0,14.0,13.0,15.0,7.0,26.0,3.0,0.0,4.0,6.0,57.2,1,13074,13074,13074,3464,4307,995,3302,542,21300,24781,15538,7214,347,1,22104,873,306,1.0,35:06,2015,2016
2015-16,2207,Joe Johnson,Joe,1610612751,BKN,Brooklyn Nets,21500414,2015-12-21T00:00:00,BKN @ CHI,W,37.4,0.0,0.0,0.0,2.0,15.0,6.0,12.0,30.0,0.0,0.0,3.0,1.0,29.1,1,1,1,1,1830,12059,10158,9917,12984,23079,13237,22259,4541,8004,1,17641,12373,6285,1.0,37:24,2015,2016
2015-16,203476,Gorgui Dieng,Gorgui,1610612750,MIN,Minnesota Timberwolves,21500411,2015-12-21T00:00:00,MIN @ BOS,L,29.6,2.0,0.0,0.0,10.0,6.0,9.0,9.0,28.0,2.0,3.0,3.0,1.0,29.5,1,13074,13074,13074,7858,6026,10158,9917,1840,10028,19144,18829,5824,932,25441,17641,12373,6103,1.0,29:38,2015,2016
2015-16,201933,Blake Griffin,Blake,1610612746,LAC,LA Clippers,21500418,2015-12-21T00:00:00,LAC vs. OKC,L,36.3,2.0,0.0,0.0,8.0,9.0,5.0,15.0,40.0,0.0,1.0,3.0,4.0,29.9,1,13074,13074,13074,2520,6026,10158,9917,3109,15771,11469,24242,983,8004,17214,17641,2748,5884,1.0,36:20,2015,2016
2015-16,201566,Russell Westbrook,Russell,1610612760,OKC,Oklahoma City Thunder,21500418,2015-12-21T00:00:00,OKC @ LAC,W,37.3,7.0,1.0,10.0,12.0,6.0,6.0,2.0,34.0,0.0,1.0,4.0,8.0,57.5,1,1,1,1,1882,548,9709,118,988,10028,13237,4025,2701,8004,17214,22104,254,290,1.0,37:19,2015,2016
2015-16,201572,Brook Lopez,Brook,1610612751,BKN,Brooklyn Nets,21500414,2015-12-21T00:00:00,BKN @ CHI,W,35.2,2.0,5.0,0.0,8.0,15.0,6.0,10.0,28.0,3.0,2.0,3.0,5.0,50.4,1,1,1,1,3413,6026,995,9917,3109,23079,13237,20169,5824,347,23588,17641,1539,714,1.0,35:10,2015,2016
2015-16,201935,James Harden,James,1610612745,HOU,Houston Rockets,21500415,2015-12-21T00:00:00,HOU vs. CHA,W,35.0,8.0,0.0,7.0,8.0,14.0,10.0,12.0,22.0,1.0,1.0,4.0,11.0,51.5,1,1,1,1,3560,308,10158,454,3109,22292,20509,22259,10265,2692,17214,22104,44,614,1.0,34:58,2015,2016
2015-16,202682,Derrick Williams,Derrick,1610612752,NYK,New York Knicks,21500412,2015-12-21T00:00:00,NYK vs. ORL,L,10.3,2.0,0.0,0.0,4.0,7.0,2.0,4.0,8.0,0.0,0.0,2.0,1.0,7.4,1,13074,13074,13074,22319,6026,10158,9917,8599,12242,3734,8806,21543,8004,1,11390,12373,20912,1.0,10:18,2015,2016
2015-16,203486,Mason Plumlee,Mason,1610612757,POR,Portland Trail Blazers,21500413,2015-12-21T00:00:00,POR @ ATL,L,26.7,1.0,2.0,3.0,4.0,10.0,4.0,2.0,22.0,1.0,0.0,2.0,5.0,36.0,1,13074,13074,13074,10299,11535,4731,3302,8599,17370,8458,4025,10265,2692,1,11390,1539,3463,1.0,26:41,2015,2016
2015-16,201142,Kevin Durant,Kevin,1610612760,OKC,Oklahoma City Thunder,21500418,2015-12-21T00:00:00,OKC @ LAC,W,38.5,2.0,0.0,4.0,14.0,13.0,3.0,8.0,34.0,2.0,0.0,1.0,3.0,55.3,1,1,1,1,1289,6026,10158,1913,542,21300,7138,17194,2701,932,1,4972,4736,384,1.0,38:28,2015,2016
2015-16,101162,Marcin Gortat,Marcin,1610612764,WAS,Washington Wizards,21500410,2015-12-21T00:00:00,WAS vs. SAC,W,36.7,4.0,0.0,4.0,14.0,4.0,14.0,14.0,32.0,4.0,2.0,2.0,4.0,61.2,1,1,1,1,2283,2460,10158,1913,542,6141,24300,23710,3535,132,23588,11390,2748,175,1.0,36:43,2015,2016
2015-16,203145,Kent Bazemore,Kent,1610612737,ATL,Atlanta Hawks,21500413,2015-12-21T00:00:00,ATL vs. POR,W,29.3,0.0,0.0,2.0,4.0,2.0,4.0,4.0,22.0,0.0,1.0,2.0,1.0,24.9,1,1,1,1,8129,12059,10158,4675,8599,2619,8458,8806,10265,8004,17214,11390,12373,8553,1.0,29:18,2015,2016
2015-16,202695,Kawhi Leonard,Kawhi,1610612759,SAS,San Antonio Spurs,21500416,2015-12-21T00:00:00,SAS vs. IND,W,34.7,0.0,0.0,2.0,12.0,5.0,13.0,2.0,24.0,0.0,0.0,2.0,3.0,47.7,1,1,1,1,3744,12059,10158,4675,988,8403,23668,4025,8723,8004,1,11390,4736,989,1.0,34:44,2015,2016
2015-16,202322,John Wall,John,1610612764,WAS,Washington Wizards,21500410,2015-12-21T00:00:00,WAS vs. SAC,W,39.3,2.0,0.0,4.0,6.0,2.0,14.0,10.0,32.0,0.0,0.0,3.0,3.0,49.9,1,1,1,1,942,6026,10158,1913,5299,2619,24300,20169,3535,8004,1,17641,4736,765,1.0,39:20,2015,2016
2015-16,201155,Rodney Stuckey,Rodney,1610612754,IND,Indiana Pacers,21500416,2015-12-21T00:00:00,IND @ SAS,L,26.5,3.0,3.0,3.0,2.0,11.0,4.0,16.0,40.0,0.0,0.0,0.0,2.0,23.8,1,13074,13074,13074,10451,4307,3104,3302,12984,18886,8458,24641,983,8004,1,1,7786,9261,1.0,26:30,2015,2016
2015-16,200745,Andrea Bargnani,Andrea,1610612751,BKN,Brooklyn Nets,21500414,2015-12-21T00:00:00,BKN @ CHI,W,19.1,0.0,0.0,0.0,2.0,6.0,5.0,6.0,16.0,0.0,1.0,1.0,2.0,14.5,1,1,1,1,16613,12059,10158,9917,12984,10028,11469,13388,15259,8004,17214,4972,7786,15799,1.0,19:06,2015,2016
2015-16,2561,David West,David,1610612759,SAS,San Antonio Spurs,21500416,2015-12-21T00:00:00,SAS vs. IND,W,16.7,0.0,0.0,2.0,4.0,4.0,8.0,3.0,16.0,2.0,0.0,1.0,2.0,19.5,1,1,1,1,18508,12059,10158,4675,8599,6141,17345,7328,15259,932,1,4972,7786,12096,1.0,16:41,2015,2016
2015-16,202334,Ed Davis,Ed,1610612757,POR,Portland Trail Blazers,21500413,2015-12-21T00:00:00,POR @ ATL,L,20.0,0.0,6.0,0.0,8.0,9.0,3.0,5.0,18.0,0.0,0.0,1.0,0.0,19.6,1,13074,13074,13074,15922,12059,481,9917,3109,15771,7138,11593,13577,8004,1,4972,18762,12024,1.0,19:59,2015,2016
2015-16,201162,Jared Dudley,Jared,1610612764,WAS,Washington Wizards,21500410,2015-12-21T00:00:00,WAS vs. SAC,W,41.5,0.0,0.0,2.0,2.0,2.0,10.0,11.0,38.0,0.0,0.0,2.0,0.0,23.3,1,1,1,1,389,12059,10158,4675,12984,2619,20509,21342,1422,8004,1,11390,18762,9567,1.0,41:29,2015,2016
2015-16,204025,Tim Frazier,Tim,1610612757,POR,Portland Trail Blazers,21500413,2015-12-21T00:00:00,POR @ ATL,L,47.6,5.0,1.0,4.0,8.0,19.0,7.0,7.0,40.0,1.0,1.0,5.0,3.0,34.9,1,13074,13074,13074,29,1603,9709,1913,3109,25074,15642,15538,983,2692,17214,24686,4736,3845,1.0,47:35,2015,2016
2015-16,200746,LaMarcus Aldridge,LaMarcus,1610612759,SAS,San Antonio Spurs,21500416,2015-12-21T00:00:00,SAS vs. IND,W,27.1,0.0,2.0,0.0,6.0,3.0,8.0,1.0,18.0,1.0,1.0,2.0,3.0,34.3,1,1,1,1,9954,12059,4731,9917,5299,5109,17345,3646,13577,2692,17214,11390,4736,4063,1.0,27:04,2015,2016
2015-16,201565,Derrick Rose,Derrick,1610612741,CHI,Chicago Bulls,21500414,2015-12-21T00:00:00,CHI vs. BKN,L,32.5,3.0,0.0,0.0,4.0,8.0,9.0,4.0,30.0,0.0,2.0,1.0,1.0,23.3,1,13074,13074,13074,5483,4307,10158,9917,8599,13914,19144,8806,4541,8004,23588,4972,12373,9567,1.0,32:31,2015,2016
2015-16,101181,Jose Calderon,Jose,1610612752,NYK,New York Knicks,21500412,2015-12-21T00:00:00,NYK vs. ORL,L,17.9,0.0,0.0,0.0,0.0,9.0,8.0,3.0,22.0,0.0,0.0,2.0,2.0,10.4,1,13074,13074,13074,17604,12059,10158,9917,18861,15771,17345,7328,10265,8004,1,11390,7786,18859,1.0,17:53,2015,2016
2015-16,202339,Eric Bledsoe,Eric,1610612756,PHX,Phoenix Suns,21500417,2015-12-21T00:00:00,PHX @ UTA,L,26.3,0.0,0.0,0.0,2.0,21.0,9.0,13.0,28.0,0.0,0.0,2.0,5.0,14.9,1,13074,13074,13074,10568,12059,10158,9917,12984,25535,19144,23048,5824,8004,1,11390,1539,15463,1.0,26:20,2015,2016
2015-16,201196,Ramon Sessions,Ramon,1610612764,WAS,Washington Wizards,21500410,2015-12-21T00:00:00,WAS vs. SAC,W,30.7,4.0,2.0,4.0,10.0,2.0,8.0,11.0,26.0,0.0,0.0,2.0,1.0,22.8,1,1,1,1,6988,2460,4731,1913,1840,2619,17345,21342,7214,8004,1,11390,12373,9883,1.0,30:39,2015,2016
2015-16,200752,Rudy Gay,Rudy,1610612758,SAC,Sacramento Kings,21500410,2015-12-21T00:00:00,SAC @ WAS,L,34.1,0.0,6.0,4.0,10.0,8.0,7.0,14.0,30.0,1.0,1.0,0.0,2.0,33.4,1,13074,13074,13074,4295,12059,481,1913,1840,13914,15642,23710,4541,2692,17214,1,7786,4384,1.0,34:04,2015,2016
2015-16,202332,Cole Aldrich,Cole,1610612746,LAC,LA Clippers,21500418,2015-12-21T00:00:00,LAC vs. OKC,L,13.8,0.0,0.0,0.0,4.0,2.0,4.0,6.0,14.0,2.0,0.0,0.0,1.0,23.8,1,13074,13074,13074,20533,12059,10158,9917,8599,2619,8458,13388,17019,932,1,1,12373,9261,1.0,13:47,2015,2016
2015-16,2743,Kris Humphries,Kris,1610612764,WAS,Washington Wizards,21500410,2015-12-21T00:00:00,WAS vs. SAC,W,16.9,3.0,0.0,2.0,0.0,2.0,4.0,9.0,16.0,1.0,1.0,2.0,3.0,19.2,1,1,1,1,18353,4307,10158,4675,18861,2619,8458,18829,15259,2692,17214,11390,4736,12284,1.0,16:54,2015,2016
2015-16,101179,Ronnie Price,Ronnie,1610612756,PHX,Phoenix Suns,21500417,2015-12-21T00:00:00,PHX @ UTA,L,17.1,3.0,0.0,0.0,0.0,6.0,7.0,2.0,10.0,0.0,0.0,3.0,0.0,10.4,1,13074,13074,13074,18196,4307,10158,9917,18861,10028,15642,4025,20209,8004,1,17641,18762,18859,1.0,17:06,2015,2016
2015-16,203092,Tyler Zeller,Tyler,1610612738,BOS,Boston Celtics,21500411,2015-12-21T00:00:00,BOS vs. MIN,W,16.9,2.0,2.0,2.0,10.0,1.0,5.0,1.0,12.0,1.0,0.0,6.0,0.0,23.6,1,1,1,1,18358,6026,4731,4675,1840,2356,11469,3646,18637,2692,1,25827,18762,9377,1.0,16:53,2015,2016
2015-16,203932,Aaron Gordon,Aaron,1610612753,ORL,Orlando Magic,21500412,2015-12-21T00:00:00,ORL @ NYK,W,11.0,0.0,0.0,0.0,0.0,2.0,0.0,0.0,10.0,0.0,0.0,1.0,0.0,9.9,1,1,1,1,22013,12059,10158,9917,18861,2619,1,1,20209,8004,1,4972,18762,19247,1.0,11:02,2015,2016
2015-16,203897,Zach LaVine,Zach,1610612750,MIN,Minnesota Timberwolves,21500411,2015-12-21T00:00:00,MIN @ BOS,L,25.8,5.0,0.0,11.0,14.0,9.0,6.0,6.0,28.0,0.0,1.0,1.0,4.0,25.6,1,13074,13074,13074,11011,1603,10158,69,542,15771,13237,13388,5824,8004,17214,4972,2748,8157,1.0,25:48,2015,2016
2015-16,202711,Bojan Bogdanović,Bojan,1610612751,BKN,Brooklyn Nets,21500414,2015-12-21T00:00:00,BKN @ CHI,W,26.9,0.0,2.0,0.0,4.0,11.0,9.0,8.0,26.0,0.0,1.0,1.0,1.0,14.4,1,1,1,1,10120,12059,4731,9917,8599,18886,19144,17194,7214,8004,17214,4972,12373,15857,1.0,26:53,2015,2016
2015-16,203118,Mike Scott,Mike,1610612737,ATL,Atlanta Hawks,21500413,2015-12-21T00:00:00,ATL vs. POR,W,22.9,2.0,0.0,0.0,6.0,0.0,10.0,6.0,26.0,1.0,0.0,1.0,1.0,18.7,1,1,1,1,13448,6026,10158,9917,5299,1,20509,13388,7214,2692,1,4972,12373,12648,1.0,22:55,2015,2016
2015-16,203471,Dennis Schröder,Dennis,1610612737,ATL,Atlanta Hawks,21500413,2015-12-21T00:00:00,ATL vs. POR,W,17.4,6.0,0.0,0.0,6.0,5.0,7.0,6.0,18.0,0.0,1.0,1.0,1.0,25.7,1,1,1,1,18004,878,10158,9917,5299,8403,15642,13388,13577,8004,17214,4972,12373,8088,1.0,17:21,2015,2016
2015-16,203526,Raul Neto,Raul,1610612762,UTA,Utah Jazz,21500417,2015-12-21T00:00:00,UTA vs. PHX,W,19.9,2.0,0.0,2.0,2.0,3.0,2.0,2.0,10.0,0.0,0.0,1.0,3.0,19.3,1,1,1,1,15982,6026,10158,4675,12984,5109,3734,4025,20209,8004,1,4972,4736,12228,1.0,19:55,2015,2016
2015-16,201147,Corey Brewer,Corey,1610612745,HOU,Houston Rockets,21500415,2015-12-21T00:00:00,HOU vs. CHA,W,19.2,0.0,0.0,0.0,0.0,0.0,6.0,2.0,10.0,0.0,0.0,3.0,0.0,10.1,1,1,1,1,16573,12059,10158,9917,18861,1,13237,4025,20209,8004,1,17641,18762,19105,1.0,19:09,2015,2016
2015-16,201945,Gerald Henderson,Gerald,1610612757,POR,Portland Trail Blazers,21500413,2015-12-21T00:00:00,POR @ ATL,L,26.1,0.0,0.0,2.0,0.0,11.0,5.0,5.0,22.0,0.0,0.0,2.0,5.0,19.6,1,13074,13074,13074,10785,12059,10158,4675,18861,18886,11469,11593,10265,8004,1,11390,1539,12024,1.0,26:04,2015,2016
2015-16,202324,Derrick Favors,Derrick,1610612762,UTA,Utah Jazz,21500417,2015-12-21T00:00:00,UTA vs. PHX,W,32.6,1.0,10.0,2.0,10.0,3.0,6.0,2.0,22.0,2.0,0.0,3.0,6.0,34.8,1,1,1,1,5408,11535,34,4675,1840,5109,13237,4025,10265,932,1,17641,873,3891,1.0,32:37,2015,2016
2015-16,203469,Cody Zeller,Cody,1610612766,CHA,Charlotte Hornets,21500415,2015-12-21T00:00:00,CHA @ HOU,L,26.4,0.0,2.0,2.0,8.0,4.0,2.0,9.0,20.0,0.0,1.0,6.0,3.0,23.4,1,13074,13074,13074,10503,12059,4731,4675,3109,6141,3734,18829,11929,8004,17214,25827,4736,9501,1.0,26:26,2015,2016
2015-16,2594,Kyle Korver,Kyle,1610612737,ATL,Atlanta Hawks,21500413,2015-12-21T00:00:00,ATL vs. POR,W,29.3,0.0,0.0,0.0,0.0,13.0,16.0,7.0,38.0,0.0,0.0,1.0,1.0,10.4,1,1,1,1,8164,12059,10158,9917,18861,21300,25155,15538,1422,8004,1,4972,12373,18859,1.0,29:16,2015,2016
2015-16,202689,Kemba Walker,Kemba,1610612766,CHA,Charlotte Hornets,21500415,2015-12-21T00:00:00,CHA @ HOU,L,41.1,2.0,3.0,2.0,0.0,10.0,10.0,16.0,36.0,0.0,2.0,5.0,10.0,25.0,1,13074,13074,13074,466,6026,3104,4675,18861,17370,20509,24641,1943,8004,23588,24686,76,8485,1.0,41:07,2015,2016
2015-16,202699,Tobias Harris,Tobias,1610612753,ORL,Orlando Magic,21500412,2015-12-21T00:00:00,ORL @ NYK,W,37.0,5.0,4.0,3.0,6.0,10.0,9.0,8.0,30.0,0.0,1.0,4.0,3.0,34.1,1,1,1,1,2097,1603,1596,3302,5299,17370,19144,17194,4541,8004,17214,22104,4736,4124,1.0,36:58,2015,2016
2015-16,101127,Jarrett Jack,Jarrett,1610612751,BKN,Brooklyn Nets,21500414,2015-12-21T00:00:00,BKN @ CHI,W,32.0,2.0,0.0,2.0,2.0,14.0,6.0,9.0,26.0,1.0,0.0,0.0,1.0,23.6,1,1,1,1,5883,6026,10158,4675,12984,22292,13237,18829,7214,2692,1,1,12373,9377,1.0,32:00,2015,2016
2015-16,201961,Wayne Ellington,Wayne,1610612751,BKN,Brooklyn Nets,21500414,2015-12-21T00:00:00,BKN @ CHI,W,28.0,5.0,0.0,0.0,2.0,10.0,7.0,12.0,22.0,0.0,1.0,1.0,1.0,23.8,1,1,1,1,9226,1603,10158,9917,12984,17370,15642,22259,10265,8004,17214,4972,12373,9261,1.0,28:00,2015,2016
2015-16,2419,Tayshaun Prince,Tayshaun,1610612750,MIN,Minnesota Timberwolves,21500411,2015-12-21T00:00:00,MIN @ BOS,L,22.0,2.0,2.0,0.0,2.0,8.0,13.0,7.0,22.0,0.0,0.0,0.0,0.0,10.8,1,13074,13074,13074,14154,6026,4731,9917,12984,13914,23668,15538,10265,8004,1,1,18762,18579,1.0,22:01,2015,2016
2015-16,203524,Solomon Hill,Solomon,1610612754,IND,Indiana Pacers,21500416,2015-12-21T00:00:00,IND @ SAS,L,2.0,0.0,0.0,0.0,0.0,0.0,0.0,0.0,0.0,0.0,0.0,0.0,0.0,1.2,1,13074,13074,13074,25534,12059,10158,9917,18861,1,1,1,25429,8004,1,1,18762,24661,1.0,1:57,2015,2016
2015-16,203552,Seth Curry,Seth,1610612758,SAC,Sacramento Kings,21500410,2015-12-21T00:00:00,SAC @ WAS,L,10.5,0.0,0.0,0.0,2.0,5.0,0.0,2.0,8.0,0.0,0.0,0.0,1.0,6.2,1,13074,13074,13074,22213,12059,10158,9917,12984,8403,1,4025,21543,8004,1,1,12373,21696,1.0,10:32,2015,2016
2015-16,1889,Andre Miller,Andre,1610612750,MIN,Minnesota Timberwolves,21500411,2015-12-21T00:00:00,MIN @ BOS,L,3.1,0.0,0.0,0.0,0.0,0.0,0.0,0.0,2.0,0.0,1.0,1.0,0.0,1.5,1,13074,13074,13074,25102,12059,10158,9917,18861,1,1,1,24614,8004,17214,4972,18762,24473,1.0,3:04,2015,2016
2015-16,1626170,Jerian Grant,Jerian,1610612752,NYK,New York Knicks,21500412,2015-12-21T00:00:00,NYK vs. ORL,L,14.5,2.0,0.0,2.0,4.0,9.0,4.0,4.0,16.0,0.0,0.0,1.0,1.0,15.9,1,13074,13074,13074,20112,6026,10158,4675,8599,15771,8458,8806,15259,8004,1,4972,12373,14675,1.0,14:29,2015,2016
2015-16,101112,Channing Frye,Channing,1610612753,ORL,Orlando Magic,21500412,2015-12-21T00:00:00,ORL @ NYK,W,20.8,2.0,2.0,0.0,4.0,0.0,4.0,6.0,14.0,1.0,0.0,1.0,0.0,11.2,1,1,1,1,15257,6026,4731,9917,8599,1,8458,13388,17019,2692,1,4972,18762,18267,1.0,20:46,2015,2016
2015-16,203488,Mike Muscala,Mike,1610612737,ATL,Atlanta Hawks,21500413,2015-12-21T00:00:00,ATL vs. POR,W,4.7,0.0,0.0,0.0,0.0,3.0,0.0,2.0,8.0,0.0,0.0,1.0,1.0,1.2,1,1,1,1,24488,12059,10158,9917,18861,5109,1,4025,21543,8004,1,4972,12373,24661,1.0,4:40,2015,2016
2015-16,203937,Kyle Anderson,Kyle,1610612759,SAS,San Antonio Spurs,21500416,2015-12-21T00:00:00,SAS vs. IND,W,4.0,0.0,0.0,0.0,0.0,4.0,2.0,0.0,6.0,0.0,0.0,0.0,0.0,1.2,1,1,1,1,24705,12059,10158,9917,18861,6141,3734,1,22724,8004,1,1,18762,24661,1.0,4:00,2015,2016
2015-16,203943,Noah Vonleh,Noah,1610612757,POR,Portland Trail Blazers,21500413,2015-12-21T00:00:00,POR @ ATL,L,13.0,2.0,0.0,0.0,4.0,4.0,0.0,2.0,8.0,0.0,0.0,1.0,1.0,10.6,1,13074,13074,13074,20997,6026,10158,9917,8599,6141,1,4025,21543,8004,1,4972,12373,18723,1.0,12:58,2015,2016
2015-16,204060,Joe Ingles,Joe,1610612762,UTA,Utah Jazz,21500417,2015-12-21T00:00:00,UTA vs. PHX,W,1.2,0.0,0.0,0.0,0.0,0.0,0.0,4.0,4.0,0.0,0.0,0.0,0.0,1.2,1,1,1,1,25821,12059,10158,9917,18861,1,1,8806,23698,8004,1,1,18762,24661,1.0,1:10,2015,2016
2015-16,202683,Enes Freedom,Enes,1610612760,OKC,Oklahoma City Thunder,21500418,2015-12-21T00:00:00,OKC @ LAC,W,15.3,0.0,0.0,0.0,4.0,6.0,0.0,6.0,16.0,0.0,0.0,1.0,0.0,5.6,1,1,1,1,19577,12059,10158,9917,8599,10028,1,13388,15259,8004,1,4972,18762,22133,1.0,15:16,2015,2016
2015-16,1626179,Terry Rozier,Terry,1610612738,BOS,Boston Celtics,21500411,2015-12-21T00:00:00,BOS vs. MIN,W,1.0,0.0,0.0,0.0,0.0,0.0,0.0,1.0,2.0,0.0,0.0,1.0,0.0,1.5,1,1,1,1,25862,12059,10158,9917,18861,1,1,3646,24614,8004,1,4972,18762,24473,1.0,1:02,2015,2016
2015-16,203481,Jeff Withey,Jeff,1610612762,UTA,Utah Jazz,21500417,2015-12-21T00:00:00,UTA vs. PHX,W,10.5,0.0,0.0,0.0,0.0,1.0,0.0,2.0,4.0,2.0,0.0,1.0,0.0,10.8,1,1,1,1,22213,12059,10158,9917,18861,2356,1,4025,23698,932,1,4972,18762,18579,1.0,10:32,2015,2016
2015-16,201143,Al Horford,Al,1610612737,ATL,Atlanta Hawks,21500413,2015-12-21T00:00:00,ATL vs. POR,W,24.2,0.0,2.0,2.0,2.0,10.0,13.0,9.0,32.0,0.0,1.0,4.0,0.0,10.9,1,1,1,1,12420,12059,4731,4675,12984,17370,23668,18829,3535,8004,17214,22104,18762,18498,1.0,24:09,2015,2016
2015-16,203094,Andrew Nicholson,Andrew,1610612753,ORL,Orlando Magic,21500412,2015-12-21T00:00:00,ORL @ NYK,W,12.4,5.0,0.0,0.0,2.0,4.0,0.0,2.0,12.0,0.0,0.0,1.0,0.0,6.2,1,1,1,1,21307,1603,10158,9917,12984,6141,1,4025,18637,8004,1,4972,18762,21696,1.0,12:26,2015,2016
2015-16,1626168,Trey Lyles,Trey,1610612762,UTA,Utah Jazz,21500417,2015-12-21T00:00:00,UTA vs. PHX,W,24.7,2.0,0.0,2.0,4.0,3.0,4.0,8.0,20.0,0.0,0.0,0.0,1.0,15.9,1,1,1,1,11941,6026,10158,4675,8599,5109,8458,17194,11929,8004,1,1,12373,14675,1.0,24:41,2015,2016
2015-16,2555,Nick Collison,Nick,1610612760,OKC,Oklahoma City Thunder,21500418,2015-12-21T00:00:00,OKC @ LAC,W,8.5,0.0,0.0,0.0,2.0,4.0,3.0,4.0,12.0,0.0,0.0,3.0,0.0,11.2,1,1,1,1,23014,12059,10158,9917,12984,6141,7138,8806,18637,8004,1,17641,18762,18267,1.0,8:33,2015,2016
2015-16,1626175,Jordan Mickey,Jordan,1610612738,BOS,Boston Celtics,21500411,2015-12-21T00:00:00,BOS vs. MIN,W,1.0,0.0,0.0,0.0,2.0,0.0,0.0,1.0,2.0,0.0,0.0,0.0,0.0,2.0,1,1,1,1,25862,12059,10158,9917,12984,1,1,3646,24614,8004,1,1,18762,24216,1.0,1:02,2015,2016
2015-16,202720,Jon Leuer,Jon,1610612756,PHX,Phoenix Suns,21500417,2015-12-21T00:00:00,PHX @ UTA,L,15.6,0.0,0.0,0.0,6.0,10.0,6.0,6.0,16.0,0.0,0.0,1.0,0.0,11.0,1,13074,13074,13074,19343,12059,10158,9917,5299,17370,13237,13388,15259,8004,1,4972,18762,18430,1.0,15:36,2015,2016
2015-16,201150,Spencer Hawes,Spencer,1610612766,CHA,Charlotte Hornets,21500415,2015-12-21T00:00:00,CHA @ HOU,L,21.4,0.0,0.0,0.0,0.0,8.0,8.0,11.0,22.0,1.0,1.0,3.0,1.0,18.2,1,13074,13074,13074,14679,12059,10158,9917,18861,13914,17345,21342,10265,2692,17214,17641,12373,13004,1.0,21:25,2015,2016
2015-16,203187,Chris Johnson,Chris,1610612762,UTA,Utah Jazz,21500417,2015-12-21T00:00:00,UTA vs. PHX,W,1.8,0.0,0.0,0.0,0.0,0.0,0.0,6.0,6.0,0.0,0.0,0.0,0.0,3.0,1,1,1,1,25594,12059,10158,9917,18861,1,1,13388,22724,8004,1,1,18762,23648,1.0,1:47,2015,2016
2015-16,2730,Dwight Howard,Dwight,1610612745,HOU,Houston Rockets,21500415,2015-12-21T00:00:00,HOU vs. CHA,W,26.6,0.0,2.0,0.0,8.0,11.0,5.0,8.0,14.0,1.0,0.0,6.0,3.0,17.8,1,1,1,1,10360,12059,4731,9917,3109,18886,11469,17194,17019,2692,1,25827,4736,13309,1.0,26:37,2015,2016
2015-16,202388,Donald Sloan,Donald,1610612751,BKN,Brooklyn Nets,21500414,2015-12-21T00:00:00,BKN @ CHI,W,17.4,2.0,0.0,2.0,4.0,5.0,5.0,7.0,14.0,0.0,0.0,1.0,1.0,17.8,1,1,1,1,17951,6026,10158,4675,8599,8403,11469,15538,17019,8004,1,4972,12373,13309,1.0,17:26,2015,2016
2015-16,201166,Aaron Brooks,Aaron,1610612741,CHI,Chicago Bulls,21500414,2015-12-21T00:00:00,CHI vs. BKN,L,14.1,2.0,0.0,2.0,2.0,5.0,8.0,2.0,14.0,0.0,0.0,1.0,0.0,13.0,1,13074,13074,13074,20379,6026,10158,4675,12984,8403,17345,4025,17019,8004,1,4972,18762,16969,1.0,14:03,2015,2016
2015-16,1891,Jason Terry,Jason,1610612745,HOU,Houston Rockets,21500415,2015-12-21T00:00:00,HOU vs. CHA,W,21.0,0.0,0.0,0.0,2.0,12.0,8.0,12.0,20.0,0.0,0.0,3.0,1.0,7.6,1,1,1,1,15039,12059,10158,9917,12984,20178,17345,22259,11929,8004,1,17641,12373,20803,1.0,21:01,2015,2016
2015-16,2406,Caron Butler,Caron,1610612758,SAC,Sacramento Kings,21500410,2015-12-21T00:00:00,SAC @ WAS,L,6.3,0.0,0.0,0.0,0.0,2.0,0.0,4.0,4.0,0.0,0.0,2.0,0.0,7.9,1,13074,13074,13074,23826,12059,10158,9917,18861,2619,1,8806,23698,8004,1,11390,18762,20646,1.0,6:19,2015,2016
2015-16,203463,Ben McLemore,Ben,1610612758,SAC,Sacramento Kings,21500410,2015-12-21T00:00:00,SAC @ WAS,L,24.5,0.0,0.0,2.0,4.0,6.0,3.0,10.0,12.0,0.0,0.0,0.0,1.0,18.2,1,13074,13074,13074,12138,12059,10158,4675,8599,10028,7138,20169,18637,8004,1,1,12373,13004,1.0,24:29,2015,2016
2015-16,203923,James Young,James,1610612738,BOS,Boston Celtics,21500411,2015-12-21T00:00:00,BOS vs. MIN,W,7.0,0.0,0.0,0.0,0.0,2.0,0.0,6.0,14.0,0.0,0.0,2.0,0.0,3.0,1,1,1,1,23576,12059,10158,9917,18861,2619,1,13388,17019,8004,1,11390,18762,23648,1.0,6:58,2015,2016
2015-16,203086,Meyers Leonard,Meyers,1610612757,POR,Portland Trail Blazers,21500413,2015-12-21T00:00:00,POR @ ATL,L,22.6,0.0,0.0,0.0,2.0,11.0,3.0,5.0,18.0,1.0,0.0,3.0,0.0,13.1,1,13074,13074,13074,13673,12059,10158,9917,12984,18886,7138,11593,13577,2692,1,17641,18762,16874,1.0,22:38,2015,2016
2015-16,203504,Trey Burke,Trey,1610612762,UTA,Utah Jazz,21500417,2015-12-21T00:00:00,UTA vs. PHX,W,22.3,2.0,0.0,2.0,2.0,1.0,4.0,10.0,20.0,0.0,0.0,1.0,2.0,16.6,1,1,1,1,13920,6026,10158,4675,12984,2356,8458,20169,11929,8004,1,4972,7786,14125,1.0,22:18,2015,2016
2015-16,2772,Trevor Ariza,Trevor,1610612745,HOU,Houston Rockets,21500415,2015-12-21T00:00:00,HOU vs. CHA,W,30.7,0.0,0.0,2.0,2.0,14.0,7.0,12.0,20.0,0.0,0.0,2.0,0.0,8.6,1,1,1,1,6947,12059,10158,4675,12984,22292,15642,22259,11929,8004,1,11390,18762,20125,1.0,30:43,2015,2016
2015-16,2564,Boris Diaw,Boris,1610612759,SAS,San Antonio Spurs,21500416,2015-12-21T00:00:00,SAS vs. IND,W,25.5,2.0,4.0,2.0,12.0,4.0,9.0,1.0,24.0,0.0,0.0,1.0,0.0,21.1,1,1,1,1,11302,6026,1596,4675,988,6141,19144,3646,8723,8004,1,4972,18762,11012,1.0,25:29,2015,2016
2015-16,203798,PJ Hairston,PJ,1610612766,CHA,Charlotte Hornets,21500415,2015-12-21T00:00:00,CHA @ HOU,L,19.7,0.0,0.0,0.0,0.0,2.0,4.0,8.0,14.0,0.0,0.0,3.0,4.0,12.4,1,13074,13074,13074,16122,12059,10158,9917,18861,2619,8458,17194,17019,8004,1,17641,2748,17418,1.0,19:44,2015,2016
2015-16,204038,Langston Galloway,Langston,1610612752,NYK,New York Knicks,21500412,2015-12-21T00:00:00,NYK vs. ORL,L,25.7,0.0,0.0,2.0,4.0,12.0,2.0,4.0,20.0,0.0,0.0,2.0,2.0,18.3,1,13074,13074,13074,11100,12059,10158,4675,8599,20178,3734,8806,11929,8004,1,11390,7786,12952,1.0,25:42,2015,2016
2015-16,201977,Marcus Thornton,Marcus,1610612745,HOU,Houston Rockets,21500415,2015-12-21T00:00:00,HOU vs. CHA,W,13.8,0.0,3.0,3.0,0.0,0.0,3.0,4.0,8.0,0.0,0.0,2.0,1.0,16.7,1,1,1,1,20531,12059,3104,3302,18861,1,7138,8806,21543,8004,1,11390,12373,14064,1.0,13:47,2015,2016
2015-16,203584,Troy Daniels,Troy,1610612766,CHA,Charlotte Hornets,21500415,2015-12-21T00:00:00,CHA @ HOU,L,2.5,3.0,0.0,0.0,0.0,2.0,0.0,2.0,4.0,0.0,0.0,0.0,0.0,2.0,1,13074,13074,13074,25332,4307,10158,9917,18861,2619,1,4025,23698,8004,1,1,18762,24216,1.0,2:29,2015,2016
2015-16,1626154,RJ Hunter,RJ,1610612738,BOS,Boston Celtics,21500411,2015-12-21T00:00:00,BOS vs. MIN,W,19.3,0.0,0.0,0.0,4.0,4.0,5.0,13.0,30.0,3.0,1.0,2.0,3.0,20.7,1,1,1,1,16480,12059,10158,9917,8599,6141,11469,23048,4541,347,17214,11390,4736,11252,1.0,19:16,2015,2016
2015-16,202329,Al-Farouq Aminu,Al-Farouq,1610612757,POR,Portland Trail Blazers,21500413,2015-12-21T00:00:00,POR @ ATL,L,25.9,5.0,4.0,0.0,4.0,10.0,4.0,2.0,22.0,0.0,0.0,3.0,0.0,16.3,1,13074,13074,13074,10894,1603,1596,9917,8599,17370,8458,4025,10265,8004,1,17641,18762,14372,1.0,25:56,2015,2016
2015-16,203926,Doug McDermott,Doug,1610612741,CHI,Chicago Bulls,21500414,2015-12-21T00:00:00,CHI vs. BKN,L,25.3,0.0,5.0,0.0,0.0,9.0,7.0,2.0,20.0,0.0,0.0,1.0,0.0,18.0,1,13074,13074,13074,11417,12059,995,9917,18861,15771,15642,4025,11929,8004,1,4972,18762,13164,1.0,25:21,2015,2016
2015-16,201988,Patty Mills,Patty,1610612759,SAS,San Antonio Spurs,21500416,2015-12-21T00:00:00,SAS vs. IND,W,20.2,2.0,0.0,5.0,6.0,4.0,9.0,1.0,18.0,0.0,0.0,1.0,2.0,16.0,1,1,1,1,15778,6026,10158,1277,5299,6141,19144,3646,13577,8004,1,4972,7786,14590,1.0,20:09,2015,2016
2015-16,203186,Willie Reed,Willie,1610612751,BKN,Brooklyn Nets,21500414,2015-12-21T00:00:00,BKN @ CHI,W,12.8,0.0,5.0,0.0,6.0,4.0,5.0,6.0,12.0,0.0,1.0,2.0,3.0,16.0,1,1,1,1,21062,12059,995,9917,5299,6141,11469,13388,18637,8004,17214,11390,4736,14590,1.0,12:50,2015,2016
2015-16,203500,Steven Adams,Steven,1610612760,OKC,Oklahoma City Thunder,21500418,2015-12-21T00:00:00,OKC @ LAC,W,25.7,0.0,2.0,2.0,4.0,5.0,3.0,0.0,20.0,1.0,0.0,3.0,1.0,21.2,1,1,1,1,11071,12059,4731,4675,8599,8403,7138,1,11929,2692,1,17641,12373,10936,1.0,25:45,2015,2016
2015-16,1938,Manu Ginobili,Manu,1610612759,SAS,San Antonio Spurs,21500416,2015-12-21T00:00:00,SAS vs. IND,W,20.3,3.0,0.0,2.0,4.0,5.0,4.0,0.0,18.0,0.0,0.0,0.0,2.0,13.0,1,1,1,1,15631,4307,10158,4675,8599,8403,8458,1,13577,8004,1,1,7786,16969,1.0,20:19,2015,2016
2015-16,1626171,Bobby Portis,Bobby,1610612741,CHI,Chicago Bulls,21500414,2015-12-21T00:00:00,CHI vs. BKN,L,14.1,0.0,0.0,2.0,6.0,4.0,8.0,2.0,18.0,0.0,0.0,1.0,0.0,12.9,1,13074,13074,13074,20360,12059,10158,4675,5299,6141,17345,4025,13577,8004,1,4972,18762,17049,1.0,14:06,2015,2016
2015-16,201627,Anthony Morrow,Anthony,1610612760,OKC,Oklahoma City Thunder,21500418,2015-12-21T00:00:00,OKC @ LAC,W,5.3,0.0,0.0,0.0,0.0,2.0,0.0,0.0,8.0,0.0,0.0,1.0,0.0,3.0,1,1,1,1,24269,12059,10158,9917,18861,2619,1,1,21543,8004,1,4972,18762,23648,1.0,5:16,2015,2016
2015-16,203462,Archie Goodwin,Archie,1610612756,PHX,Phoenix Suns,21500417,2015-12-21T00:00:00,PHX @ UTA,L,10.4,0.0,0.0,2.0,2.0,2.0,2.0,0.0,8.0,0.0,1.0,1.0,0.0,7.9,1,13074,13074,13074,22277,12059,10158,4675,12984,2619,3734,1,21543,8004,17214,4972,18762,20646,1.0,10:24,2015,2016
2015-16,1626163,Frank Kaminsky,Frank,1610612766,CHA,Charlotte Hornets,21500415,2015-12-21T00:00:00,CHA @ HOU,L,22.5,0.0,3.0,0.0,4.0,6.0,8.0,9.0,18.0,1.0,0.0,0.0,2.0,21.0,1,13074,13074,13074,13734,12059,3104,9917,8599,10028,17345,18829,13577,2692,1,1,7786,11077,1.0,22:33,2015,2016
2015-16,200755,JJ Redick,JJ,1610612746,LAC,LA Clippers,21500418,2015-12-21T00:00:00,LAC vs. OKC,L,25.5,3.0,3.0,0.0,0.0,9.0,1.0,13.0,28.0,0.0,0.0,1.0,1.0,20.8,1,13074,13074,13074,11312,4307,3104,9917,18861,15771,3393,23048,5824,8004,1,4972,12373,11195,1.0,25:29,2015,2016
2015-16,202391,Jeremy Lin,Jeremy,1610612766,CHA,Charlotte Hornets,21500415,2015-12-21T00:00:00,CHA @ HOU,L,21.8,3.0,1.0,2.0,6.0,4.0,3.0,10.0,18.0,0.0,0.0,5.0,6.0,20.7,1,13074,13074,13074,14365,4307,9709,4675,5299,6141,7138,20169,13577,8004,1,24686,873,11252,1.0,21:46,2015,2016
2015-16,1626202,Joe Young,Joe,1610612754,IND,Indiana Pacers,21500416,2015-12-21T00:00:00,IND @ SAS,L,2.0,2.0,0.0,0.0,0.0,0.0,0.0,0.0,0.0,0.0,1.0,0.0,0.0,5.0,1,13074,13074,13074,25534,6026,10158,9917,18861,1,1,1,25429,8004,17214,1,18762,22500,1.0,1:57,2015,2016
2015-16,203148,Brian Roberts,Brian,1610612766,CHA,Charlotte Hornets,21500415,2015-12-21T00:00:00,CHA @ HOU,L,5.8,2.0,0.0,2.0,2.0,2.0,0.0,2.0,4.0,0.0,0.0,0.0,0.0,6.7,1,13074,13074,13074,24062,6026,10158,4675,12984,2619,1,4025,23698,8004,1,1,18762,21376,1.0,5:47,2015,2016
2015-16,2755,Kevin Martin,Kevin,1610612750,MIN,Minnesota Timberwolves,21500411,2015-12-21T00:00:00,MIN @ BOS,L,18.6,0.0,0.0,0.0,0.0,2.0,4.0,4.0,18.0,1.0,2.0,2.0,0.0,9.0,1,13074,13074,13074,17015,12059,10158,9917,18861,2619,8458,8806,13577,2692,23588,11390,18762,19835,1.0,18:36,2015,2016
2015-16,1626146,Cliff Alexander,Cliff,1610612757,POR,Portland Trail Blazers,21500413,2015-12-21T00:00:00,POR @ ATL,L,0.8,0.0,0.0,0.0,0.0,0.0,0.0,0.0,0.0,0.0,0.0,0.0,0.0,0.0,1,13074,13074,13074,25913,12059,10158,9917,18861,1,1,1,25429,8004,1,1,18762,25170,1.0,0:50,2015,2016
2015-16,202713,Kyle Singler,Kyle,1610612760,OKC,Oklahoma City Thunder,21500418,2015-12-21T00:00:00,OKC @ LAC,W,10.1,0.0,2.0,0.0,0.0,4.0,3.0,2.0,14.0,0.0,0.0,0.0,0.0,5.0,1,1,1,1,22390,12059,4731,9917,18861,6141,7138,4025,17019,8004,1,1,18762,22500,1.0,10:07,2015,2016
2015-16,1626246,Boban Marjanović,Boban,1610612759,SAS,San Antonio Spurs,21500416,2015-12-21T00:00:00,SAS vs. IND,W,2.0,0.0,0.0,0.0,0.0,4.0,2.0,0.0,2.0,1.0,0.0,0.0,0.0,7.4,1,1,1,1,25534,12059,10158,9917,18861,6141,3734,1,24614,2692,1,1,18762,20912,1.0,1:57,2015,2016
2015-16,201978,Chase Budinger,Chase,1610612754,IND,Indiana Pacers,21500416,2015-12-21T00:00:00,IND @ SAS,L,13.3,2.0,2.0,0.0,4.0,4.0,2.0,3.0,18.0,0.0,1.0,0.0,0.0,6.7,1,13074,13074,13074,20805,6026,4731,9917,8599,6141,3734,7328,13577,8004,17214,1,18762,21376,1.0,13:18,2015,2016
2015-16,202357,Nemanja Bjelica,Nemanja,1610612750,MIN,Minnesota Timberwolves,21500411,2015-12-21T00:00:00,MIN @ BOS,L,4.5,0.0,0.0,0.0,0.0,2.0,4.0,0.0,6.0,0.0,0.0,0.0,0.0,0.5,1,13074,13074,13074,24544,12059,10158,9917,18861,2619,8458,1,22724,8004,1,1,18762,25056,1.0,4:30,2015,2016
2015-16,203498,Shabazz Muhammad,Shabazz,1610612750,MIN,Minnesota Timberwolves,21500411,2015-12-21T00:00:00,MIN @ BOS,L,16.2,0.0,0.0,0.0,6.0,7.0,4.0,6.0,22.0,0.0,0.0,0.0,1.0,9.2,1,13074,13074,13074,18898,12059,10158,9917,5299,12242,8458,13388,10265,8004,1,1,12373,19680,1.0,16:11,2015,2016
2015-16,203460,Andre Roberson,Andre,1610612760,OKC,Oklahoma City Thunder,21500418,2015-12-21T00:00:00,OKC @ LAC,W,15.3,2.0,0.0,2.0,2.0,0.0,3.0,0.0,10.0,0.0,0.0,0.0,0.0,5.0,1,1,1,1,19543,6026,10158,4675,12984,1,7138,1,20209,8004,1,1,18762,22500,1.0,15:20,2015,2016
2015-16,203901,Elfrid Payton,Elfrid,1610612753,ORL,Orlando Magic,21500412,2015-12-21T00:00:00,ORL @ NYK,W,9.9,2.0,0.0,0.0,4.0,2.0,2.0,2.0,10.0,0.0,0.0,0.0,1.0,9.5,1,1,1,1,22507,6026,10158,9917,8599,2619,3734,4025,20209,8004,1,1,12373,19519,1.0,9:51,2015,2016
2015-16,2037,Jamal Crawford,Jamal,1610612746,LAC,LA Clippers,21500418,2015-12-21T00:00:00,LAC vs. OKC,L,24.3,0.0,2.0,0.0,4.0,2.0,8.0,6.0,22.0,0.0,1.0,3.0,0.0,9.2,1,13074,13074,13074,12343,12059,4731,9917,8599,2619,17345,13388,10265,8004,17214,17641,18762,19680,1.0,24:16,2015,2016
2015-16,1626242,Luis Montero,Luis,1610612757,POR,Portland Trail Blazers,21500413,2015-12-21T00:00:00,POR @ ATL,L,0.8,0.0,0.0,0.0,4.0,0.0,0.0,0.0,0.0,0.0,0.0,0.0,0.0,4.0,1,13074,13074,13074,25913,12059,10158,9917,8599,1,1,1,25429,8004,1,1,18762,23142,1.0,0:50,2015,2016
2015-16,2446,Rasual Butler,Rasual,1610612759,SAS,San Antonio Spurs,21500416,2015-12-21T00:00:00,SAS vs. IND,W,2.0,0.0,0.0,0.0,0.0,4.0,2.0,0.0,2.0,0.0,0.0,0.0,0.0,0.0,1,1,1,1,25534,12059,10158,9917,18861,6141,3734,1,24614,8004,1,1,18762,25170,1.0,1:57,2015,2016
2015-16,202338,Kevin Seraphin,Kevin,1610612752,NYK,New York Knicks,21500412,2015-12-21T00:00:00,NYK vs. ORL,L,7.8,0.0,0.0,0.0,2.0,7.0,2.0,2.0,10.0,0.0,0.0,1.0,0.0,3.2,1,13074,13074,13074,23273,12059,10158,9917,12984,12242,3734,4025,20209,8004,1,4972,18762,23473,1.0,7:48,2015,2016
2015-16,1626192,Pat Connaughton,Pat,1610612757,POR,Portland Trail Blazers,21500413,2015-12-21T00:00:00,POR @ ATL,L,1.2,0.0,0.0,0.0,0.0,0.0,0.0,0.0,0.0,0.0,0.0,1.0,0.0,0.0,1,13074,13074,13074,25785,12059,10158,9917,18861,1,1,1,25429,8004,1,4972,18762,25170,1.0,1:14,2015,2016
2015-16,203922,Glenn Robinson III,Glenn,1610612754,IND,Indiana Pacers,21500416,2015-12-21T00:00:00,IND @ SAS,L,2.0,0.0,0.0,0.0,0.0,0.0,0.0,0.0,0.0,0.0,0.0,0.0,0.0,0.0,1,13074,13074,13074,25534,12059,10158,9917,18861,1,1,1,25429,8004,1,1,18762,25170,1.0,1:57,2015,2016
2015-16,101145,Monta Ellis,Monta,1610612754,IND,Indiana Pacers,21500416,2015-12-21T00:00:00,IND @ SAS,L,28.8,0.0,0.0,0.0,0.0,6.0,4.0,13.0,40.0,1.0,1.0,2.0,1.0,21.6,1,13074,13074,13074,8589,12059,10158,9917,18861,10028,8458,23048,983,2692,17214,11390,12373,10666,1.0,28:45,2015,2016
2015-16,201571,D.J. Augustin,D.J.,1610612760,OKC,Oklahoma City Thunder,21500418,2015-12-21T00:00:00,OKC @ LAC,W,13.6,0.0,0.0,0.0,0.0,11.0,3.0,6.0,14.0,1.0,2.0,1.0,0.0,4.5,1,1,1,1,20638,12059,10158,9917,18861,18886,7138,13388,17019,2692,23588,4972,18762,22773,1.0,13:36,2015,2016
2015-16,2756,Sasha Vujacic,Sasha,1610612752,NYK,New York Knicks,21500412,2015-12-21T00:00:00,NYK vs. ORL,L,5.3,0.0,0.0,0.0,0.0,2.0,2.0,2.0,6.0,0.0,1.0,0.0,0.0,4.7,1,13074,13074,13074,24262,12059,10158,9917,18861,2619,3734,4025,22724,8004,17214,1,18762,22672,1.0,5:17,2015,2016
2015-16,204014,Damjan Rudez,Damjan,1610612750,MIN,Minnesota Timberwolves,21500411,2015-12-21T00:00:00,MIN @ BOS,L,10.0,0.0,0.0,0.0,0.0,2.0,2.0,0.0,8.0,0.0,0.0,1.0,0.0,0.0,1,13074,13074,13074,22449,12059,10158,9917,18861,2619,3734,1,21543,8004,1,4972,18762,25170,1.0,9:59,2015,2016
2015-16,202325,Wesley Johnson,Wesley,1610612746,LAC,LA Clippers,21500418,2015-12-21T00:00:00,LAC vs. OKC,L,12.2,2.0,0.0,0.0,0.0,2.0,4.0,4.0,8.0,0.0,1.0,0.0,0.0,4.7,1,13074,13074,13074,21434,6026,10158,9917,18861,2619,8458,8806,21543,8004,17214,1,18762,22672,1.0,12:12,2015,2016
2015-16,201971,DeJuan Blair,DeJuan,1610612764,WAS,Washington Wizards,21500410,2015-12-21T00:00:00,WAS vs. SAC,W,0.6,0.0,0.0,0.0,0.0,0.0,0.0,0.0,2.0,0.0,0.0,0.0,0.0,0.0,1,1,1,1,25949,12059,10158,9917,18861,1,1,1,24614,8004,1,1,18762,25170,1.0,0:39,2015,2016
2015-16,1626164,Devin Booker,Devin,1610612756,PHX,Phoenix Suns,21500417,2015-12-21T00:00:00,PHX @ UTA,L,12.6,0.0,0.0,4.0,4.0,8.0,6.0,4.0,14.0,0.0,1.0,2.0,1.0,5.0,1,13074,13074,13074,21218,12059,10158,1913,8599,13914,13237,8806,17019,8004,17214,11390,12373,22500,1.0,12:35,2015,2016
2015-16,202407,Elijah Millsap,Elijah,1610612762,UTA,Utah Jazz,21500417,2015-12-21T00:00:00,UTA vs. PHX,W,9.8,0.0,0.0,0.0,2.0,1.0,0.0,8.0,8.0,0.0,0.0,0.0,1.0,6.9,1,1,1,1,22537,12059,10158,9917,12984,2356,1,17194,21543,8004,1,1,12373,21262,1.0,9:46,2015,2016
2015-16,201601,Luc Mbah a Moute,Luc,1610612746,LAC,LA Clippers,21500418,2015-12-21T00:00:00,LAC vs. OKC,L,26.6,0.0,0.0,0.0,2.0,9.0,1.0,15.0,28.0,0.0,0.0,1.0,0.0,9.6,1,13074,13074,13074,10350,12059,10158,9917,12984,15771,3393,24242,5824,8004,1,4972,18762,19434,1.0,26:38,2015,2016
2015-16,202692,Alec Burks,Alec,1610612762,UTA,Utah Jazz,21500417,2015-12-21T00:00:00,UTA vs. PHX,W,20.1,0.0,2.0,2.0,4.0,1.0,0.0,6.0,12.0,0.0,0.0,3.0,5.0,13.4,1,1,1,1,15816,12059,4731,4675,8599,2356,1,13388,18637,8004,1,17641,1539,16614,1.0,20:07,2015,2016
2015-16,203458,Alex Len,Alex,1610612756,PHX,Phoenix Suns,21500417,2015-12-21T00:00:00,PHX @ UTA,L,16.8,1.0,0.0,0.0,4.0,8.0,1.0,2.0,10.0,0.0,0.0,3.0,1.0,6.6,1,13074,13074,13074,18459,11535,10158,9917,8599,13914,3393,4025,20209,8004,1,17641,12373,21445,1.0,16:45,2015,2016
2015-16,201160,Jason Smith,Jason,1610612753,ORL,Orlando Magic,21500412,2015-12-21T00:00:00,ORL @ NYK,W,27.2,0.0,0.0,0.0,2.0,12.0,5.0,2.0,26.0,0.0,0.0,1.0,1.0,7.2,1,1,1,1,9822,12059,10158,9917,12984,20178,11469,4025,7214,8004,1,4972,12373,21035,1.0,27:14,2015,2016
2015-16,203934,Lamar Patterson,Lamar,1610612737,ATL,Atlanta Hawks,21500413,2015-12-21T00:00:00,ATL vs. POR,W,11.6,2.0,0.0,0.0,0.0,0.0,7.0,6.0,18.0,0.0,0.0,1.0,2.0,3.5,1,1,1,1,21794,6026,10158,9917,18861,1,15642,13388,13577,8004,1,4972,7786,23351,1.0,11:34,2015,2016
2015-16,2199,Tyson Chandler,Tyson,1610612756,PHX,Phoenix Suns,21500417,2015-12-21T00:00:00,PHX @ UTA,L,17.8,0.0,0.0,0.0,0.0,13.0,6.0,9.0,22.0,0.0,0.0,0.0,1.0,6.6,1,13074,13074,13074,17694,12059,10158,9917,18861,21300,13237,18829,10265,8004,1,1,12373,21445,1.0,17:46,2015,2016
2015-16,203143,Pablo Prigioni,Pablo,1610612746,LAC,LA Clippers,21500418,2015-12-21T00:00:00,LAC vs. OKC,L,12.0,0.0,0.0,0.0,2.0,0.0,6.0,2.0,8.0,0.0,0.0,0.0,2.0,9.2,1,13074,13074,13074,21510,12059,10158,9917,12984,1,13237,4025,21543,8004,1,1,7786,19680,1.0,12:02,2015,2016
2015-16,2550,Kirk Hinrich,Kirk,1610612741,CHI,Chicago Bulls,21500414,2015-12-21T00:00:00,CHI vs. BKN,L,12.2,0.0,0.0,0.0,0.0,4.0,7.0,2.0,16.0,0.0,0.0,3.0,1.0,7.2,1,13074,13074,13074,21424,12059,10158,9917,18861,6141,15642,4025,15259,8004,1,17641,12373,21035,1.0,12:13,2015,2016
2015-16,203940,Adreian Payne,Adreian,1610612750,MIN,Minnesota Timberwolves,21500411,2015-12-21T00:00:00,MIN @ BOS,L,8.2,0.0,0.0,0.0,0.0,0.0,0.0,2.0,8.0,0.0,0.0,1.0,0.0,6.9,1,13074,13074,13074,23119,12059,10158,9917,18861,1,1,4025,21543,8004,1,4972,18762,21262,1.0,8:11,2015,2016
2015-16,200782,P.J. Tucker,P.J.,1610612756,PHX,Phoenix Suns,21500417,2015-12-21T00:00:00,PHX @ UTA,L,25.3,0.0,0.0,0.0,0.0,6.0,7.0,6.0,18.0,0.0,1.0,3.0,0.0,9.0,1,13074,13074,13074,11473,12059,10158,9917,18861,10028,15642,13388,13577,8004,17214,17641,18762,19835,1.0,25:16,2015,2016
2015-16,203898,Tyler Ennis,Tyler,1610612749,MIL,Milwaukee Bucks,21500406,2015-12-20T00:00:00,MIL @ PHX,W,5.3,0.0,0.0,0.0,0.0,2.0,2.0,4.0,10.0,0.0,0.0,0.0,1.0,3.2,1,1,1,1,24274,12059,10158,9917,18861,2619,3734,8806,20209,8004,1,1,12373,23473,1.0,5:15,2015,2016
2015-16,203123,Kostas Papanikolaou,Kostas,1610612743,DEN,Denver Nuggets,21500409,2015-12-20T00:00:00,DEN vs. NOP,L,20.4,0.0,0.0,0.0,0.0,5.0,5.0,2.0,14.0,0.0,1.0,2.0,0.0,5.4,1,13074,13074,13074,15590,12059,10158,9917,18861,8403,11469,4025,17019,8004,17214,11390,18762,22242,1.0,20:22,2015,2016
2015-16,203088,Kendall Marshall,Kendall,1610612755,PHI,Philadelphia 76ers,21500405,2015-12-20T00:00:00,PHI @ CLE,L,18.0,0.0,0.0,0.0,4.0,7.0,0.0,13.0,18.0,0.0,0.0,1.0,1.0,13.4,1,13074,13074,13074,17523,12059,10158,9917,8599,12242,1,23048,13577,8004,1,4972,12373,16614,1.0,17:59,2015,2016
2015-16,203917,Nik Stauskas,Nik,1610612755,PHI,Philadelphia 76ers,21500405,2015-12-20T00:00:00,PHI @ CLE,L,12.0,0.0,0.0,0.0,0.0,5.0,2.0,3.0,8.0,0.0,0.0,0.0,0.0,3.2,1,13074,13074,13074,21529,12059,10158,9917,18861,8403,3734,7328,21543,8004,1,1,18762,23473,1.0,12:00,2015,2016
2015-16,2570,Kendrick Perkins,Kendrick,1610612740,NOP,New Orleans Pelicans,21500409,2015-12-20T00:00:00,NOP @ DEN,W,16.8,0.0,0.0,0.0,0.0,5.0,9.0,3.0,24.0,1.0,0.0,2.0,1.0,4.9,1,1,1,1,18446,12059,10158,9917,18861,8403,19144,7328,8723,2692,1,11390,12373,22621,1.0,16:46,2015,2016
2015-16,2419,Tayshaun Prince,Tayshaun,1610612750,MIN,Minnesota Timberwolves,21500403,2015-12-20T00:00:00,MIN @ BKN,W,24.4,2.0,0.0,0.0,0.0,6.0,4.0,0.0,14.0,0.0,0.0,1.0,0.0,4.2,1,1,1,1,12199,6026,10158,9917,18861,10028,8458,1,17019,8004,1,4972,18762,22976,1.0,24:25,2015,2016
2015-16,201619,Sasha Kaun,Sasha,1610612739,CLE,Cleveland Cavaliers,21500405,2015-12-20T00:00:00,CLE vs. PHI,W,5.9,0.0,2.0,0.0,4.0,2.0,2.0,6.0,8.0,0.0,0.0,1.0,0.0,5.4,1,1,1,1,23993,12059,4731,9917,8599,2619,3734,13388,21543,8004,1,4972,18762,22242,1.0,5:56,2015,2016
2015-16,2449,Luis Scola,Luis,1610612761,TOR,Toronto Raptors,21500408,2015-12-20T00:00:00,TOR vs. SAC,L,25.8,2.0,0.0,0.0,2.0,9.0,2.0,10.0,26.0,0.0,2.0,3.0,5.0,7.2,1,13074,13074,13074,11011,6026,10158,9917,12984,15771,3734,20169,7214,8004,23588,17641,1539,21035,1.0,25:48,2015,2016
2015-16,2617,Udonis Haslem,Udonis,1610612748,MIA,Miami Heat,21500404,2015-12-20T00:00:00,MIA vs. POR,W,7.3,0.0,0.0,0.0,0.0,0.0,0.0,0.0,6.0,0.0,0.0,0.0,1.0,3.9,1,1,1,1,23481,12059,10158,9917,18861,1,1,1,22724,8004,1,1,12373,23225,1.0,7:15,2015,2016
2015-16,2757,Beno Udrih,Beno,1610612748,MIA,Miami Heat,21500404,2015-12-20T00:00:00,MIA vs. POR,W,20.3,0.0,0.0,2.0,0.0,0.0,4.0,0.0,16.0,0.0,0.0,0.0,2.0,5.2,1,1,1,1,15679,12059,10158,4675,18861,1,8458,1,15259,8004,1,1,7786,22370,1.0,20:15,2015,2016
2015-16,203943,Noah Vonleh,Noah,1610612757,POR,Portland Trail Blazers,21500404,2015-12-20T00:00:00,POR @ MIA,L,11.0,0.0,0.0,2.0,2.0,12.0,0.0,2.0,8.0,0.0,1.0,3.0,0.0,4.6,1,13074,13074,13074,22028,12059,10158,4675,12984,20178,1,4025,21543,8004,17214,17641,18762,22734,1.0,11:00,2015,2016
2015-16,1626173,Rashad Vaughn,Rashad,1610612749,MIL,Milwaukee Bucks,21500406,2015-12-20T00:00:00,MIL @ PHX,W,17.2,0.0,0.0,0.0,0.0,7.0,4.0,6.0,14.0,0.0,1.0,1.0,0.0,5.0,1,1,1,1,18165,12059,10158,9917,18861,12242,8458,13388,17019,8004,17214,4972,18762,22500,1.0,17:09,2015,2016
2015-16,201945,Gerald Henderson,Gerald,1610612757,POR,Portland Trail Blazers,21500404,2015-12-20T00:00:00,POR @ MIA,L,8.8,0.0,0.0,0.0,2.0,5.0,0.0,5.0,6.0,0.0,0.0,0.0,0.0,3.4,1,13074,13074,13074,22924,12059,10158,9917,12984,8403,1,11593,22724,8004,1,1,18762,23417,1.0,8:47,2015,2016
2015-16,201961,Wayne Ellington,Wayne,1610612751,BKN,Brooklyn Nets,21500403,2015-12-20T00:00:00,BKN vs. MIN,L,20.4,0.0,0.0,2.0,4.0,7.0,2.0,7.0,26.0,0.0,0.0,1.0,1.0,13.2,1,13074,13074,13074,15591,12059,10158,4675,8599,12242,3734,15538,7214,8004,1,4972,12373,16768,1.0,20:22,2015,2016
2015-16,203932,Aaron Gordon,Aaron,1610612753,ORL,Orlando Magic,21500407,2015-12-20T00:00:00,ORL vs. ATL,L,16.8,0.0,2.0,0.0,2.0,6.0,6.0,0.0,24.0,0.0,0.0,0.0,0.0,7.3,1,13074,13074,13074,18435,12059,4731,9917,12984,10028,13237,1,8723,8004,1,1,18762,21024,1.0,16:47,2015,2016
2015-16,202397,Ish Smith,Ish,1610612740,NOP,New Orleans Pelicans,21500409,2015-12-20T00:00:00,NOP @ DEN,W,2.6,0.0,0.0,0.0,0.0,0.0,0.0,0.0,0.0,0.0,0.0,0.0,0.0,0.0,1,1,1,1,25276,12059,10158,9917,18861,1,1,1,25429,8004,1,1,18762,25170,1.0,2:38,2015,2016
2015-16,202357,Nemanja Bjelica,Nemanja,1610612750,MIN,Minnesota Timberwolves,21500403,2015-12-20T00:00:00,MIN @ BKN,W,3.1,0.0,0.0,0.0,0.0,0.0,2.0,6.0,8.0,0.0,0.0,2.0,0.0,0.0,1,1,1,1,25087,12059,10158,9917,18861,1,3734,13388,21543,8004,1,11390,18762,25170,1.0,3:06,2015,2016
2015-16,204025,Tim Frazier,Tim,1610612757,POR,Portland Trail Blazers,21500404,2015-12-20T00:00:00,POR @ MIA,L,0.0,0.0,0.0,0.0,0.0,0.0,0.0,0.0,0.0,0.0,0.0,0.0,0.0,0.0,1,13074,13074,13074,26065,12059,10158,9917,18861,1,1,1,25429,8004,1,1,18762,25170,1.0,0:02,2015,2016
2015-16,202334,Ed Davis,Ed,1610612757,POR,Portland Trail Blazers,21500404,2015-12-20T00:00:00,POR @ MIA,L,16.9,0.0,2.0,0.0,4.0,10.0,2.0,5.0,14.0,0.0,1.0,5.0,1.0,12.3,1,13074,13074,13074,18383,12059,4731,9917,8599,17370,3734,11593,17019,8004,17214,24686,12373,17524,1.0,16:51,2015,2016
2015-16,202687,Bismack Biyombo,Bismack,1610612761,TOR,Toronto Raptors,21500408,2015-12-20T00:00:00,TOR vs. SAC,L,25.9,0.0,2.0,0.0,0.0,9.0,7.0,18.0,34.0,1.0,2.0,2.0,1.0,20.6,1,13074,13074,13074,10910,12059,4731,9917,18861,15771,15642,25228,2701,2692,23588,11390,12373,11314,1.0,25:55,2015,2016
2015-16,200768,Kyle Lowry,Kyle,1610612761,TOR,Toronto Raptors,21500408,2015-12-20T00:00:00,TOR vs. SAC,L,24.7,4.0,0.0,3.0,4.0,9.0,7.0,16.0,28.0,0.0,1.0,2.0,4.0,27.0,1,13074,13074,13074,11927,2460,10158,3302,8599,15771,15642,24641,5824,8004,17214,11390,2748,7385,1.0,24:42,2015,2016
2015-16,203521,Matthew Dellavedova,Matthew,1610612739,CLE,Cleveland Cavaliers,21500405,2015-12-20T00:00:00,CLE vs. PHI,W,22.8,5.0,3.0,2.0,4.0,6.0,16.0,4.0,22.0,2.0,0.0,1.0,2.0,31.0,1,1,1,1,13526,1603,3104,4675,8599,10028,25155,8806,10265,932,1,4972,7786,5406,1.0,22:48,2015,2016
2015-16,201160,Jason Smith,Jason,1610612753,ORL,Orlando Magic,21500407,2015-12-20T00:00:00,ORL vs. ATL,L,14.2,4.0,2.0,0.0,2.0,5.0,2.0,0.0,14.0,0.0,0.0,1.0,0.0,11.7,1,13074,13074,13074,20269,2460,4731,9917,12984,8403,3734,1,17019,8004,1,4972,18762,17903,1.0,14:13,2015,2016
2015-16,101123,Gerald Green,Gerald,1610612748,MIA,Miami Heat,21500404,2015-12-20T00:00:00,MIA vs. POR,W,32.2,6.0,0.0,3.0,2.0,4.0,11.0,4.0,24.0,0.0,0.0,1.0,3.0,19.7,1,1,1,1,5692,878,10158,3302,12984,6141,21814,8806,8723,8004,1,4972,4736,11962,1.0,32:14,2015,2016
2015-16,1626159,Justise Winslow,Justise,1610612748,MIA,Miami Heat,21500404,2015-12-20T00:00:00,MIA vs. POR,W,24.7,3.0,0.0,3.0,2.0,4.0,10.0,2.0,16.0,1.0,0.0,0.0,1.0,20.1,1,1,1,1,11937,4307,10158,3302,12984,6141,20509,4025,15259,2692,1,1,12373,11685,1.0,24:41,2015,2016
2015-16,202329,Al-Farouq Aminu,Al-Farouq,1610612757,POR,Portland Trail Blazers,21500404,2015-12-20T00:00:00,POR @ MIA,L,32.2,2.0,6.0,2.0,2.0,22.0,9.0,7.0,28.0,0.0,0.0,3.0,0.0,30.8,1,13074,13074,13074,5706,6026,481,4675,12984,25683,19144,15538,5824,8004,1,17641,18762,5493,1.0,32:13,2015,2016
2015-16,203476,Gorgui Dieng,Gorgui,1610612750,MIN,Minnesota Timberwolves,21500403,2015-12-20T00:00:00,MIN @ BKN,W,36.3,2.0,0.0,0.0,12.0,6.0,6.0,10.0,38.0,1.0,0.0,4.0,2.0,41.5,1,1,1,1,2545,6026,10158,9917,988,10028,13237,20169,1422,2692,1,22104,7786,2038,1.0,36:18,2015,2016
2015-16,201950,Jrue Holiday,Jrue,1610612740,NOP,New Orleans Pelicans,21500409,2015-12-20T00:00:00,NOP @ DEN,W,24.7,4.0,2.0,4.0,8.0,7.0,7.0,8.0,28.0,1.0,1.0,3.0,4.0,40.1,1,1,1,1,11898,2460,4731,1913,3109,12242,15642,17194,5824,2692,17214,17641,2748,2345,1.0,24:44,2015,2016
2015-16,2210,Richard Jefferson,Richard,1610612739,CLE,Cleveland Cavaliers,21500405,2015-12-20T00:00:00,CLE vs. PHI,W,22.7,3.0,0.0,3.0,0.0,6.0,10.0,10.0,20.0,0.0,0.0,3.0,1.0,11.7,1,1,1,1,13622,4307,10158,3302,18861,10028,20509,20169,11929,8004,1,17641,12373,17903,1.0,22:41,2015,2016
2015-16,202720,Jon Leuer,Jon,1610612756,PHX,Phoenix Suns,21500406,2015-12-20T00:00:00,PHX vs. MIL,L,21.8,3.0,0.0,0.0,6.0,16.0,2.0,6.0,26.0,0.0,0.0,3.0,3.0,15.2,1,13074,13074,13074,14351,4307,10158,9917,5299,23774,3734,13388,7214,8004,1,17641,4736,15219,1.0,21:47,2015,2016
2015-16,201937,Ricky Rubio,Ricky,1610612750,MIN,Minnesota Timberwolves,21500403,2015-12-20T00:00:00,MIN @ BKN,W,28.0,5.0,0.0,7.0,2.0,8.0,4.0,4.0,18.0,0.0,0.0,1.0,5.0,42.9,1,1,1,1,9262,1603,10158,454,12984,13914,8458,8806,13577,8004,1,4972,1539,1754,1.0,27:57,2015,2016
2015-16,202696,Nikola Vučević,Nikola,1610612753,ORL,Orlando Magic,21500407,2015-12-20T00:00:00,ORL vs. ATL,L,33.8,6.0,4.0,0.0,12.0,8.0,10.0,6.0,26.0,0.0,1.0,2.0,3.0,41.2,1,13074,13074,13074,4521,878,1596,9917,988,13914,20509,13388,7214,8004,17214,11390,4736,2099,1.0,33:47,2015,2016
2015-16,203086,Meyers Leonard,Meyers,1610612757,POR,Portland Trail Blazers,21500404,2015-12-20T00:00:00,POR @ MIA,L,25.4,0.0,0.0,0.0,2.0,10.0,6.0,10.0,20.0,0.0,0.0,3.0,0.0,20.3,1,13074,13074,13074,11358,12059,10158,9917,12984,17370,13237,20169,11929,8004,1,17641,18762,11534,1.0,25:25,2015,2016
2015-16,203145,Kent Bazemore,Kent,1610612737,ATL,Atlanta Hawks,21500407,2015-12-20T00:00:00,ATL @ ORL,W,32.9,2.0,0.0,4.0,6.0,16.0,15.0,9.0,30.0,0.0,1.0,1.0,3.0,27.2,1,1,1,1,5202,6026,10158,1913,5299,23774,24781,18829,4541,8004,17214,4972,4736,7289,1.0,32:55,2015,2016
2015-16,2594,Kyle Korver,Kyle,1610612737,ATL,Atlanta Hawks,21500407,2015-12-20T00:00:00,ATL @ ORL,W,34.9,3.0,0.0,0.0,0.0,20.0,6.0,10.0,34.0,0.0,0.0,2.0,2.0,30.9,1,1,1,1,3620,4307,10158,9917,18861,25338,13237,20169,2701,8004,1,11390,7786,5452,1.0,34:53,2015,2016
2015-16,203487,Michael Carter-Williams,Michael,1610612749,MIL,Milwaukee Bucks,21500406,2015-12-20T00:00:00,MIL @ PHX,W,35.6,0.0,0.0,2.0,12.0,8.0,4.0,6.0,30.0,1.0,0.0,3.0,4.0,42.8,1,1,1,1,3031,12059,10158,4675,988,13914,8458,13388,4541,2692,1,17641,2748,1776,1.0,35:38,2015,2016
2015-16,2207,Joe Johnson,Joe,1610612751,BKN,Brooklyn Nets,21500403,2015-12-20T00:00:00,BKN vs. MIN,L,31.0,2.0,0.0,2.0,4.0,13.0,0.0,13.0,32.0,0.0,1.0,3.0,2.0,20.2,1,13074,13074,13074,6760,6026,10158,4675,8599,21300,1,23048,3535,8004,17214,17641,7786,11610,1.0,30:57,2015,2016
2015-16,201168,Tiago Splitter,Tiago,1610612737,ATL,Atlanta Hawks,21500407,2015-12-20T00:00:00,ATL @ ORL,W,14.1,2.0,2.0,0.0,6.0,4.0,11.0,3.0,8.0,1.0,0.0,1.0,1.0,11.6,1,1,1,1,20362,6026,4731,9917,5299,6141,21814,7328,21543,2692,1,4972,12373,17970,1.0,14:05,2015,2016
2015-16,200765,Rajon Rondo,Rajon,1610612758,SAC,Sacramento Kings,21500408,2015-12-20T00:00:00,SAC @ TOR,W,38.7,0.0,5.0,4.0,12.0,16.0,16.0,10.0,30.0,1.0,0.0,1.0,1.0,41.9,1,1,1,1,1169,12059,995,1913,988,23774,25155,20169,4541,2692,1,4972,12373,1958,1.0,38:44,2015,2016
2015-16,203530,Joffrey Lauvergne,Joffrey,1610612743,DEN,Denver Nuggets,21500409,2015-12-20T00:00:00,DEN vs. NOP,L,12.6,0.0,0.0,0.0,2.0,2.0,6.0,0.0,16.0,1.0,0.0,2.0,1.0,11.9,1,13074,13074,13074,21244,12059,10158,9917,12984,2619,13237,1,15259,2692,1,11390,12373,17760,1.0,12:33,2015,2016
2015-16,2547,Chris Bosh,Chris,1610612748,MIA,Miami Heat,21500404,2015-12-20T00:00:00,MIA vs. POR,W,30.9,7.0,0.0,0.0,4.0,7.0,11.0,9.0,26.0,0.0,0.0,2.0,5.0,43.2,1,1,1,1,6832,548,10158,9917,8599,12242,21814,18829,7214,8004,1,11390,1539,1699,1.0,30:53,2015,2016
2015-16,203948,Johnny O'Bryant III,Johnny,1610612749,MIL,Milwaukee Bucks,21500406,2015-12-20T00:00:00,MIL @ PHX,W,17.8,2.0,2.0,2.0,4.0,6.0,2.0,6.0,18.0,0.0,0.0,4.0,0.0,11.8,1,1,1,1,17712,6026,4731,4675,8599,10028,3734,13388,13577,8004,1,22104,18762,17832,1.0,17:46,2015,2016
2015-16,200752,Rudy Gay,Rudy,1610612758,SAC,Sacramento Kings,21500408,2015-12-20T00:00:00,SAC @ TOR,W,40.5,2.0,0.0,4.0,8.0,18.0,14.0,12.0,36.0,1.0,0.0,2.0,3.0,41.3,1,1,1,1,597,6026,10158,1913,3109,24749,24300,22259,1943,2692,1,11390,4736,2074,1.0,40:31,2015,2016
2015-16,203897,Zach LaVine,Zach,1610612750,MIN,Minnesota Timberwolves,21500403,2015-12-20T00:00:00,MIN @ BKN,W,22.4,2.0,2.0,0.0,4.0,4.0,2.0,10.0,30.0,0.0,1.0,1.0,2.0,19.8,1,1,1,1,13834,6026,4731,9917,8599,6141,3734,20169,4541,8004,17214,4972,7786,11883,1.0,22:24,2015,2016
2015-16,201609,Goran Dragic,Goran,1610612748,MIA,Miami Heat,21500404,2015-12-20T00:00:00,MIA vs. POR,W,27.1,2.0,2.0,0.0,6.0,13.0,16.0,13.0,18.0,1.0,0.0,2.0,0.0,31.4,1,1,1,1,9897,6026,4731,9917,5299,21300,25155,23048,13577,2692,1,11390,18762,5218,1.0,27:08,2015,2016
2015-16,202328,Greg Monroe,Greg,1610612749,MIL,Milwaukee Bucks,21500406,2015-12-20T00:00:00,MIL @ PHX,W,26.0,4.0,2.0,2.0,12.0,6.0,4.0,2.0,26.0,0.0,0.0,4.0,2.0,20.4,1,1,1,1,10865,2460,4731,4675,988,10028,8458,4025,7214,8004,1,22104,7786,11453,1.0,25:58,2015,2016
2015-16,200794,Paul Millsap,Paul,1610612737,ATL,Atlanta Hawks,21500407,2015-12-20T00:00:00,ATL @ ORL,W,34.8,2.0,6.0,0.0,6.0,16.0,15.0,9.0,30.0,2.0,1.0,4.0,4.0,43.1,1,1,1,1,3665,6026,481,9917,5299,23774,24781,18829,4541,932,17214,22104,2748,1713,1.0,34:50,2015,2016
2015-16,203901,Elfrid Payton,Elfrid,1610612753,ORL,Orlando Magic,21500407,2015-12-20T00:00:00,ORL vs. ATL,L,30.7,0.0,3.0,0.0,10.0,11.0,8.0,4.0,18.0,1.0,2.0,2.0,4.0,41.4,1,13074,13074,13074,6988,12059,3104,9917,1840,18886,17345,8806,13577,2692,23588,11390,2748,2060,1.0,30:39,2015,2016
2015-16,2736,Luol Deng,Luol,1610612748,MIA,Miami Heat,21500404,2015-12-20T00:00:00,MIA vs. POR,W,32.6,3.0,3.0,0.0,0.0,13.0,16.0,13.0,22.0,0.0,0.0,3.0,1.0,19.9,1,1,1,1,5447,4307,3104,9917,18861,21300,25155,23048,10265,8004,1,17641,12373,11824,1.0,32:34,2015,2016
2015-16,201942,DeMar DeRozan,DeMar,1610612761,TOR,Toronto Raptors,21500408,2015-12-20T00:00:00,TOR vs. SAC,L,35.4,6.0,6.0,0.0,14.0,10.0,5.0,21.0,40.0,0.0,2.0,4.0,7.0,40.9,1,13074,13074,13074,3264,878,481,9917,542,17370,11469,25725,983,8004,23588,22104,469,2166,1.0,35:21,2015,2016
2015-16,203960,JaKarr Sampson,JaKarr,1610612755,PHI,Philadelphia 76ers,21500405,2015-12-20T00:00:00,PHI @ CLE,L,23.7,0.0,1.0,2.0,8.0,13.0,0.0,14.0,20.0,0.0,0.0,1.0,2.0,20.4,1,13074,13074,13074,12800,12059,9709,4675,3109,21300,1,23710,11929,8004,1,4972,7786,11453,1.0,23:43,2015,2016
2015-16,203459,Allen Crabbe,Allen,1610612757,POR,Portland Trail Blazers,21500404,2015-12-20T00:00:00,POR @ MIA,L,30.3,2.0,2.0,2.0,6.0,15.0,9.0,5.0,26.0,0.0,0.0,2.0,1.0,20.3,1,13074,13074,13074,7305,6026,4731,4675,5299,23079,19144,11593,7214,8004,1,11390,12373,11534,1.0,30:15,2015,2016
2015-16,202693,Markieff Morris,Markieff,1610612756,PHX,Phoenix Suns,21500406,2015-12-20T00:00:00,PHX vs. MIL,L,15.3,0.0,0.0,0.0,2.0,2.0,8.0,4.0,20.0,0.0,0.0,1.0,2.0,15.6,1,13074,13074,13074,19549,12059,10158,9917,12984,2619,17345,8806,11929,8004,1,4972,7786,14916,1.0,15:19,2015,2016
2015-16,1626164,Devin Booker,Devin,1610612756,PHX,Phoenix Suns,21500406,2015-12-20T00:00:00,PHX vs. MIL,L,18.0,0.0,2.0,0.0,2.0,4.0,10.0,0.0,20.0,0.0,0.0,1.0,2.0,20.4,1,13074,13074,13074,17506,12059,4731,9917,12984,6141,20509,1,11929,8004,1,4972,7786,11453,1.0,18:01,2015,2016
2015-16,204456,T.J. McConnell,T.J.,1610612755,PHI,Philadelphia 76ers,21500405,2015-12-20T00:00:00,PHI @ CLE,L,15.0,2.0,2.0,2.0,2.0,6.0,2.0,6.0,10.0,0.0,0.0,1.0,2.0,20.5,1,13074,13074,13074,19728,6026,4731,4675,12984,10028,3734,13388,20209,8004,1,4972,7786,11401,1.0,15:02,2015,2016
2015-16,203114,Khris Middleton,Khris,1610612749,MIL,Milwaukee Bucks,21500406,2015-12-20T00:00:00,MIL @ PHX,W,39.7,12.0,2.0,4.0,6.0,11.0,6.0,6.0,30.0,0.0,1.0,4.0,3.0,43.1,1,1,1,1,824,27,4731,1913,5299,18886,13237,13388,4541,8004,17214,22104,4736,1713,1.0,39:41,2015,2016
2015-16,2749,Jameer Nelson,Jameer,1610612743,DEN,Denver Nuggets,21500409,2015-12-20T00:00:00,DEN vs. NOP,L,36.6,0.0,0.0,0.0,6.0,11.0,11.0,4.0,38.0,0.0,1.0,4.0,2.0,24.4,1,13074,13074,13074,2356,12059,10158,9917,5299,18886,21814,8806,1422,8004,17214,22104,7786,8867,1.0,36:34,2015,2016
2015-16,201569,Eric Gordon,Eric,1610612740,NOP,New Orleans Pelicans,21500409,2015-12-20T00:00:00,NOP @ DEN,W,31.7,0.0,3.0,0.0,4.0,7.0,13.0,3.0,38.0,1.0,0.0,1.0,3.0,30.1,1,1,1,1,6142,12059,3104,9917,8599,12242,23668,7328,1422,2692,1,4972,4736,5794,1.0,31:42,2015,2016
2015-16,202326,DeMarcus Cousins,DeMarcus,1610612758,SAC,Sacramento Kings,21500408,2015-12-20T00:00:00,SAC @ TOR,W,31.6,6.0,0.0,5.0,8.0,6.0,10.0,2.0,16.0,4.0,1.0,3.0,7.0,49.3,1,1,1,1,6238,878,10158,1277,3109,10028,20509,4025,15259,132,17214,17641,469,827,1.0,31:36,2015,2016
2015-16,202708,Norris Cole,Norris,1610612740,NOP,New Orleans Pelicans,21500409,2015-12-20T00:00:00,NOP @ DEN,W,20.3,0.0,0.0,0.0,2.0,4.0,4.0,8.0,28.0,0.0,0.0,2.0,2.0,11.5,1,1,1,1,15677,12059,10158,9917,12984,6141,8458,17194,5824,8004,1,11390,7786,18079,1.0,20:16,2015,2016
2015-16,202681,Kyrie Irving,Kyrie,1610612739,CLE,Cleveland Cavaliers,21500405,2015-12-20T00:00:00,CLE vs. PHI,W,17.1,4.0,0.0,2.0,6.0,3.0,3.0,3.0,8.0,0.0,1.0,1.0,0.0,24.2,1,1,1,1,18222,2460,10158,4675,5299,5109,7138,7328,21543,8004,17214,4972,18762,9009,1.0,17:04,2015,2016
2015-16,201583,Ryan Anderson,Ryan,1610612740,NOP,New Orleans Pelicans,21500409,2015-12-20T00:00:00,NOP @ DEN,W,31.8,3.0,0.0,0.0,6.0,7.0,7.0,6.0,32.0,1.0,1.0,1.0,2.0,24.5,1,1,1,1,6048,4307,10158,9917,5299,12242,15642,13388,3535,2692,17214,4972,7786,8801,1.0,31:50,2015,2016
2015-16,201568,Danilo Gallinari,Danilo,1610612743,DEN,Denver Nuggets,21500409,2015-12-20T00:00:00,DEN vs. NOP,L,22.9,2.0,0.0,0.0,2.0,0.0,8.0,0.0,22.0,0.0,1.0,0.0,6.0,24.9,1,13074,13074,13074,13455,6026,10158,9917,12984,1,17345,1,10265,8004,17214,1,873,8553,1.0,22:54,2015,2016
2015-16,2755,Kevin Martin,Kevin,1610612750,MIN,Minnesota Timberwolves,21500403,2015-12-20T00:00:00,MIN @ BKN,W,17.8,2.0,0.0,0.0,2.0,0.0,2.0,6.0,22.0,0.0,0.0,2.0,1.0,24.5,1,1,1,1,17684,6026,10158,9917,12984,1,3734,13388,10265,8004,1,11390,12373,8801,1.0,17:47,2015,2016
2015-16,202702,Kenneth Faried,Kenneth,1610612743,DEN,Denver Nuggets,21500409,2015-12-20T00:00:00,DEN vs. NOP,L,24.2,4.0,11.0,0.0,16.0,6.0,6.0,2.0,28.0,0.0,2.0,5.0,5.0,35.6,1,13074,13074,13074,12360,2460,19,9917,275,10028,13237,4025,5824,8004,23588,24686,1539,3615,1.0,24:14,2015,2016
2015-16,202355,Hassan Whiteside,Hassan,1610612748,MIA,Miami Heat,21500404,2015-12-20T00:00:00,MIA vs. POR,W,37.6,4.0,6.0,0.0,20.0,11.0,18.0,11.0,28.0,5.0,0.0,3.0,4.0,55.7,1,1,1,1,1688,2460,481,9917,59,18886,25634,21342,5824,59,1,17641,2748,365,1.0,37:38,2015,2016
2015-16,201572,Brook Lopez,Brook,1610612751,BKN,Brooklyn Nets,21500403,2015-12-20T00:00:00,BKN vs. MIN,L,39.6,2.0,4.0,0.0,10.0,15.0,2.0,17.0,36.0,2.0,0.0,3.0,4.0,46.9,1,13074,13074,13074,851,6026,1596,9917,1840,23079,3734,24967,1943,932,1,17641,2748,1095,1.0,39:36,2015,2016
2015-16,203115,Will Barton,Will,1610612743,DEN,Denver Nuggets,21500409,2015-12-20T00:00:00,DEN vs. NOP,L,36.2,5.0,0.0,8.0,10.0,11.0,7.0,4.0,32.0,0.0,3.0,2.0,3.0,52.0,1,13074,13074,13074,2623,1603,10158,280,1840,18886,15642,8806,3535,8004,25441,11390,4736,571,1.0,36:11,2015,2016
2015-16,201152,Thaddeus Young,Thaddeus,1610612751,BKN,Brooklyn Nets,21500403,2015-12-20T00:00:00,BKN vs. MIN,L,33.2,2.0,0.0,2.0,6.0,17.0,0.0,17.0,44.0,0.0,1.0,1.0,5.0,24.6,1,13074,13074,13074,4944,6026,10158,4675,5299,24337,1,24967,454,8004,17214,4972,1539,8724,1.0,33:14,2015,2016
2015-16,2544,LeBron James,LeBron,1610612739,CLE,Cleveland Cavaliers,21500405,2015-12-20T00:00:00,CLE vs. PHI,W,25.3,7.0,0.0,15.0,18.0,5.0,11.0,3.0,18.0,1.0,0.0,0.0,2.0,45.0,1,1,1,1,11430,548,10158,9,131,8403,21814,7328,13577,2692,1,1,7786,1357,1.0,25:19,2015,2016
2015-16,203081,Damian Lillard,Damian,1610612757,POR,Portland Trail Blazers,21500404,2015-12-20T00:00:00,POR @ MIA,L,37.4,4.0,6.0,2.0,8.0,22.0,9.0,7.0,28.0,0.0,2.0,3.0,5.0,44.9,1,13074,13074,13074,1826,2460,481,4675,3109,25683,19144,15538,5824,8004,23588,17641,1539,1380,1.0,37:24,2015,2016
2015-16,201949,James Johnson,James,1610612761,TOR,Toronto Raptors,21500408,2015-12-20T00:00:00,TOR vs. SAC,L,32.5,6.0,2.0,4.0,12.0,12.0,4.0,18.0,38.0,1.0,0.0,1.0,0.0,29.7,1,13074,13074,13074,5519,878,4731,1913,988,20178,8458,25228,1422,2692,1,4972,18762,6006,1.0,32:29,2015,2016
2015-16,1626157,Karl-Anthony Towns,Karl-Anthony,1610612750,MIN,Minnesota Timberwolves,21500403,2015-12-20T00:00:00,MIN @ BKN,W,28.1,4.0,0.0,2.0,14.0,8.0,4.0,4.0,24.0,2.0,1.0,3.0,4.0,44.5,1,1,1,1,9140,2460,10158,4675,542,13914,8458,8806,8723,932,17214,17641,2748,1459,1.0,28:07,2015,2016
2015-16,101112,Channing Frye,Channing,1610612753,ORL,Orlando Magic,21500407,2015-12-20T00:00:00,ORL vs. ATL,L,26.7,0.0,0.0,0.0,2.0,7.0,6.0,4.0,14.0,2.0,0.0,3.0,3.0,29.4,1,13074,13074,13074,10272,12059,10158,9917,12984,12242,13237,8806,17019,932,1,17641,4736,6143,1.0,26:42,2015,2016
2015-16,202335,Patrick Patterson,Patrick,1610612761,TOR,Toronto Raptors,21500408,2015-12-20T00:00:00,TOR vs. SAC,L,33.4,2.0,5.0,2.0,4.0,5.0,6.0,14.0,32.0,0.0,0.0,4.0,1.0,37.1,1,13074,13074,13074,4825,6026,995,4675,8599,8403,13237,23710,3535,8004,1,22104,12373,3151,1.0,33:23,2015,2016
2015-16,203457,Nerlens Noel,Nerlens,1610612755,PHI,Philadelphia 76ers,21500405,2015-12-20T00:00:00,PHI @ CLE,L,31.3,2.0,5.0,0.0,6.0,13.0,5.0,24.0,32.0,1.0,0.0,3.0,6.0,35.9,1,13074,13074,13074,6498,6026,995,9917,5299,21300,11469,25937,3535,2692,1,17641,873,3505,1.0,31:16,2015,2016
2015-16,201936,Tyreke Evans,Tyreke,1610612740,NOP,New Orleans Pelicans,21500409,2015-12-20T00:00:00,NOP @ DEN,W,32.8,4.0,3.0,0.0,12.0,9.0,11.0,6.0,38.0,1.0,1.0,3.0,5.0,49.6,1,1,1,1,5273,2460,3104,9917,988,15771,21814,13388,1422,2692,17214,17641,1539,798,1.0,32:48,2015,2016
2015-16,203076,Anthony Davis,Anthony,1610612740,NOP,New Orleans Pelicans,21500409,2015-12-20T00:00:00,NOP @ DEN,W,19.7,0.0,2.0,0.0,10.0,2.0,4.0,3.0,18.0,4.0,0.0,1.0,4.0,46.7,1,1,1,1,16134,12059,4731,9917,1840,2619,8458,7328,13577,132,1,4972,2748,1112,1.0,19:43,2015,2016
2015-16,201143,Al Horford,Al,1610612737,ATL,Atlanta Hawks,21500407,2015-12-20T00:00:00,ATL @ ORL,W,29.7,2.0,2.0,2.0,10.0,20.0,6.0,10.0,30.0,1.0,1.0,3.0,0.0,32.7,1,1,1,1,7827,6026,4731,4675,1840,25338,13237,20169,4541,2692,17214,17641,18762,4649,1.0,29:41,2015,2016
2015-16,1626143,Jahlil Okafor,Jahlil,1610612755,PHI,Philadelphia 76ers,21500405,2015-12-20T00:00:00,PHI @ CLE,L,25.3,0.0,4.0,0.0,6.0,8.0,0.0,16.0,22.0,0.0,0.0,2.0,2.0,17.6,1,13074,13074,13074,11430,12059,1596,9917,5299,13914,1,24641,10265,8004,1,11390,7786,13443,1.0,25:19,2015,2016
2015-16,203463,Ben McLemore,Ben,1610612758,SAC,Sacramento Kings,21500408,2015-12-20T00:00:00,SAC @ TOR,W,19.1,2.0,0.0,5.0,6.0,4.0,8.0,0.0,14.0,1.0,0.0,3.0,1.0,17.6,1,1,1,1,16614,6026,10158,1277,5299,6141,17345,1,17019,2692,1,17641,12373,13443,1.0,19:06,2015,2016
2015-16,202684,Tristan Thompson,Tristan,1610612739,CLE,Cleveland Cavaliers,21500405,2015-12-20T00:00:00,CLE vs. PHI,W,21.7,4.0,0.0,2.0,4.0,2.0,8.0,0.0,14.0,1.0,0.0,2.0,2.0,17.7,1,1,1,1,14433,2460,10158,4675,8599,2619,17345,1,17019,2692,1,11390,7786,13380,1.0,21:43,2015,2016
2015-16,203094,Andrew Nicholson,Andrew,1610612753,ORL,Orlando Magic,21500407,2015-12-20T00:00:00,ORL vs. ATL,L,17.3,0.0,4.0,3.0,2.0,6.0,6.0,2.0,24.0,1.0,0.0,3.0,5.0,22.2,1,13074,13074,13074,18071,12059,1596,3302,12984,10028,13237,4025,8723,2692,1,17641,1539,10263,1.0,17:16,2015,2016
2015-16,708,Kevin Garnett,Kevin,1610612750,MIN,Minnesota Timberwolves,21500403,2015-12-20T00:00:00,MIN @ BKN,W,10.0,0.0,0.0,0.0,0.0,4.0,0.0,0.0,4.0,0.0,0.0,2.0,0.0,17.4,1,1,1,1,22441,12059,10158,9917,18861,6141,1,1,23698,8004,1,11390,18762,13595,1.0,10:00,2015,2016
2015-16,203095,Evan Fournier,Evan,1610612753,ORL,Orlando Magic,21500407,2015-12-20T00:00:00,ORL vs. ATL,L,35.1,10.0,2.0,4.0,4.0,8.0,8.0,6.0,30.0,0.0,0.0,1.0,4.0,32.6,1,13074,13074,13074,3496,99,4731,1913,8599,13914,17345,13388,4541,8004,1,4972,2748,4687,1.0,35:03,2015,2016
2015-16,202711,Bojan Bogdanović,Bojan,1610612751,BKN,Brooklyn Nets,21500403,2015-12-20T00:00:00,BKN vs. MIN,L,37.1,0.0,0.0,2.0,4.0,12.0,2.0,14.0,32.0,0.0,0.0,3.0,2.0,22.6,1,13074,13074,13074,2046,12059,10158,4675,8599,20178,3734,23710,3535,8004,1,17641,7786,10000,1.0,37:03,2015,2016
2015-16,203999,Nikola Jokić,Nikola,1610612743,DEN,Denver Nuggets,21500409,2015-12-20T00:00:00,DEN vs. NOP,L,22.9,0.0,2.0,0.0,12.0,5.0,7.0,2.0,20.0,1.0,0.0,2.0,4.0,22.6,1,13074,13074,13074,13470,12059,4731,9917,988,8403,15642,4025,11929,2692,1,11390,2748,10000,1.0,22:53,2015,2016
2015-16,203486,Mason Plumlee,Mason,1610612757,POR,Portland Trail Blazers,21500404,2015-12-20T00:00:00,POR @ MIA,L,31.0,2.0,2.0,2.0,6.0,21.0,9.0,7.0,28.0,0.0,1.0,4.0,6.0,17.4,1,13074,13074,13074,6740,6026,4731,4675,5299,25535,19144,15538,5824,8004,17214,22104,873,13595,1.0,30:58,2015,2016
2015-16,201956,Omri Casspi,Omri,1610612758,SAC,Sacramento Kings,21500408,2015-12-20T00:00:00,SAC @ TOR,W,34.2,0.0,0.0,0.0,6.0,13.0,11.0,7.0,22.0,0.0,0.0,2.0,2.0,32.7,1,1,1,1,4170,12059,10158,9917,5299,21300,21814,15538,10265,8004,1,11390,7786,4649,1.0,34:13,2015,2016
2015-16,202699,Tobias Harris,Tobias,1610612753,ORL,Orlando Magic,21500407,2015-12-20T00:00:00,ORL vs. ATL,L,30.8,2.0,0.0,2.0,2.0,7.0,6.0,4.0,12.0,1.0,1.0,5.0,0.0,21.7,1,13074,13074,13074,6863,6026,10158,4675,12984,12242,13237,8806,18637,2692,17214,24686,18762,10592,1.0,30:50,2015,2016
2015-16,201564,O.J. Mayo,O.J.,1610612749,MIL,Milwaukee Bucks,21500406,2015-12-20T00:00:00,MIL @ PHX,W,41.0,0.0,0.0,2.0,6.0,15.0,6.0,10.0,38.0,1.0,0.0,2.0,6.0,32.5,1,1,1,1,479,12059,10158,4675,5299,23079,13237,20169,1422,2692,1,11390,873,4726,1.0,41:02,2015,2016
2015-16,203458,Alex Len,Alex,1610612756,PHX,Phoenix Suns,21500406,2015-12-20T00:00:00,PHX vs. MIL,L,19.7,0.0,2.0,0.0,2.0,2.0,8.0,6.0,22.0,1.0,1.0,1.0,0.0,13.9,1,13074,13074,13074,16171,12059,4731,9917,12984,2619,17345,13388,10265,2692,17214,4972,18762,16232,1.0,19:41,2015,2016
2015-16,203952,Andrew Wiggins,Andrew,1610612750,MIN,Minnesota Timberwolves,21500403,2015-12-20T00:00:00,MIN @ BKN,W,31.6,0.0,0.0,6.0,12.0,10.0,4.0,4.0,24.0,1.0,0.0,3.0,5.0,22.6,1,1,1,1,6194,12059,10158,740,988,17370,8458,8806,8723,2692,1,17641,1539,10000,1.0,31:38,2015,2016
2015-16,201954,Darren Collison,Darren,1610612758,SAC,Sacramento Kings,21500408,2015-12-20T00:00:00,SAC @ TOR,W,26.4,0.0,0.0,2.0,4.0,16.0,9.0,10.0,28.0,0.0,2.0,5.0,1.0,17.2,1,1,1,1,10529,12059,10158,4675,8599,23774,19144,20169,5824,8004,23588,24686,12373,13725,1.0,26:24,2015,2016
2015-16,203089,John Henson,John,1610612749,MIL,Milwaukee Bucks,21500406,2015-12-20T00:00:00,MIL @ PHX,W,22.0,0.0,4.0,0.0,6.0,9.0,4.0,10.0,18.0,4.0,0.0,2.0,3.0,33.2,1,1,1,1,14152,12059,1596,9917,5299,15771,8458,20169,13577,132,1,11390,4736,4462,1.0,22:02,2015,2016
2015-16,203118,Mike Scott,Mike,1610612737,ATL,Atlanta Hawks,21500407,2015-12-20T00:00:00,ATL @ ORL,W,17.4,0.0,2.0,0.0,2.0,8.0,2.0,4.0,16.0,0.0,1.0,2.0,3.0,18.9,1,1,1,1,17970,12059,4731,9917,12984,13914,3734,8806,15259,8004,17214,11390,4736,12513,1.0,17:24,2015,2016
2015-16,203953,Jabari Parker,Jabari,1610612749,MIL,Milwaukee Bucks,21500406,2015-12-20T00:00:00,MIL @ PHX,W,27.5,3.0,0.0,5.0,4.0,9.0,6.0,6.0,24.0,0.0,0.0,2.0,3.0,18.7,1,1,1,1,9614,4307,10158,1277,8599,15771,13237,13388,8723,8004,1,11390,4736,12648,1.0,27:29,2015,2016
2015-16,203468,CJ McCollum,CJ,1610612757,POR,Portland Trail Blazers,21500404,2015-12-20T00:00:00,POR @ MIA,L,33.4,3.0,2.0,3.0,2.0,24.0,6.0,12.0,30.0,0.0,2.0,1.0,1.0,33.6,1,13074,13074,13074,4807,4307,4731,3302,12984,25890,13237,22259,4541,8004,23588,4972,12373,4305,1.0,33:25,2015,2016
2015-16,2034,Mike Miller,Mike,1610612743,DEN,Denver Nuggets,21500409,2015-12-20T00:00:00,DEN vs. NOP,L,11.2,0.0,0.0,0.0,0.0,4.0,0.0,2.0,14.0,1.0,1.0,3.0,1.0,10.2,1,13074,13074,13074,21952,12059,10158,9917,18861,6141,1,4025,17019,2692,17214,17641,12373,19003,1.0,11:11,2015,2016
2015-16,203477,Isaiah Canaan,Isaiah,1610612755,PHI,Philadelphia 76ers,21500405,2015-12-20T00:00:00,PHI @ CLE,L,21.2,3.0,0.0,3.0,0.0,13.0,3.0,19.0,24.0,0.0,1.0,3.0,0.0,10.4,1,13074,13074,13074,14890,4307,10158,3302,18861,21300,7138,25435,8723,8004,17214,17641,18762,18859,1.0,21:12,2015,2016
2015-16,2548,Dwyane Wade,Dwyane,1610612748,MIA,Miami Heat,21500404,2015-12-20T00:00:00,MIA vs. POR,W,27.4,4.0,0.0,4.0,6.0,13.0,14.0,13.0,24.0,0.0,0.0,3.0,7.0,34.9,1,1,1,1,9718,2460,10158,1913,5299,21300,24300,23048,8723,8004,1,17641,469,3845,1.0,27:23,2015,2016
2015-16,202697,Iman Shumpert,Iman,1610612739,CLE,Cleveland Cavaliers,21500405,2015-12-20T00:00:00,CLE vs. PHI,W,15.7,2.0,0.0,0.0,2.0,6.0,10.0,4.0,14.0,0.0,0.0,0.0,2.0,14.4,1,1,1,1,19292,6026,10158,9917,12984,10028,20509,8806,17019,8004,1,1,7786,15857,1.0,15:40,2015,2016
2015-16,1626158,Richaun Holmes,Richaun,1610612755,PHI,Philadelphia 76ers,21500405,2015-12-20T00:00:00,PHI @ CLE,L,13.9,2.0,2.0,0.0,2.0,17.0,5.0,10.0,20.0,0.0,0.0,1.0,1.0,9.9,1,13074,13074,13074,20442,6026,4731,9917,12984,24337,11469,20169,11929,8004,1,4972,12373,19247,1.0,13:56,2015,2016
2015-16,2747,JR Smith,JR,1610612739,CLE,Cleveland Cavaliers,21500405,2015-12-20T00:00:00,CLE vs. PHI,W,21.9,3.0,0.0,5.0,2.0,3.0,7.0,3.0,14.0,0.0,0.0,1.0,1.0,19.4,1,1,1,1,14293,4307,10158,1277,12984,5109,15642,7328,17019,8004,1,4972,12373,12154,1.0,21:51,2015,2016
2015-16,2199,Tyson Chandler,Tyson,1610612756,PHX,Phoenix Suns,21500406,2015-12-20T00:00:00,PHX vs. MIL,L,28.0,0.0,0.0,0.0,4.0,17.0,2.0,11.0,28.0,1.0,1.0,3.0,1.0,10.0,1,13074,13074,13074,9248,12059,10158,9917,8599,24337,3734,21342,5824,2692,17214,17641,12373,19178,1.0,27:58,2015,2016
2015-16,202339,Eric Bledsoe,Eric,1610612756,PHX,Phoenix Suns,21500406,2015-12-20T00:00:00,PHX vs. MIL,L,33.9,2.0,0.0,0.0,8.0,18.0,8.0,16.0,38.0,0.0,2.0,2.0,7.0,25.7,1,13074,13074,13074,4393,6026,10158,9917,3109,24749,17345,24641,1422,8004,23588,11390,469,8088,1.0,33:56,2015,2016
2015-16,203940,Adreian Payne,Adreian,1610612750,MIN,Minnesota Timberwolves,21500403,2015-12-20T00:00:00,MIN @ BKN,W,16.9,0.0,0.0,0.0,0.0,2.0,0.0,0.0,10.0,1.0,0.0,1.0,1.0,10.4,1,1,1,1,18342,12059,10158,9917,18861,2619,1,1,20209,2692,1,4972,12373,18859,1.0,16:54,2015,2016
2015-16,201600,Omer Asik,Omer,1610612740,NOP,New Orleans Pelicans,21500409,2015-12-20T00:00:00,NOP @ DEN,W,17.2,0.0,3.0,0.0,4.0,4.0,6.0,5.0,16.0,0.0,0.0,3.0,4.0,10.3,1,1,1,1,18127,12059,3104,9917,8599,6141,13237,11593,15259,8004,1,17641,2748,18965,1.0,17:12,2015,2016
2015-16,201952,Jeff Teague,Jeff,1610612737,ATL,Atlanta Hawks,21500407,2015-12-20T00:00:00,ATL @ ORL,W,27.4,0.0,0.0,0.0,6.0,12.0,8.0,9.0,28.0,0.0,1.0,3.0,4.0,14.9,1,1,1,1,9711,12059,10158,9917,5299,20178,17345,18829,5824,8004,17214,17641,2748,15463,1.0,27:23,2015,2016
2015-16,203933,T.J. Warren,T.J.,1610612756,PHX,Phoenix Suns,21500406,2015-12-20T00:00:00,PHX vs. MIL,L,24.1,8.0,2.0,8.0,10.0,3.0,8.0,3.0,18.0,0.0,0.0,2.0,3.0,19.2,1,13074,13074,13074,12429,308,4731,280,1840,5109,17345,7328,13577,8004,1,11390,4736,12284,1.0,24:08,2015,2016
2015-16,200751,Randy Foye,Randy,1610612743,DEN,Denver Nuggets,21500409,2015-12-20T00:00:00,DEN vs. NOP,L,21.1,0.0,2.0,3.0,2.0,5.0,4.0,2.0,16.0,0.0,1.0,3.0,0.0,25.9,1,13074,13074,13074,14945,12059,4731,3302,12984,8403,8458,4025,15259,8004,17214,17641,18762,7960,1.0,21:08,2015,2016
2015-16,203506,Victor Oladipo,Victor,1610612753,ORL,Orlando Magic,21500407,2015-12-20T00:00:00,ORL vs. ATL,L,27.8,0.0,0.0,2.0,2.0,7.0,8.0,2.0,26.0,0.0,3.0,3.0,2.0,18.0,1,13074,13074,13074,9366,12059,10158,4675,12984,12242,17345,4025,7214,8004,25441,17641,7786,13164,1.0,27:49,2015,2016
2015-16,203082,Terrence Ross,Terrence,1610612761,TOR,Toronto Raptors,21500408,2015-12-20T00:00:00,TOR vs. SAC,L,32.8,0.0,3.0,3.0,2.0,3.0,7.0,10.0,32.0,0.0,0.0,2.0,0.0,16.6,1,13074,13074,13074,5286,12059,3104,3302,12984,5109,15642,20169,3535,8004,1,11390,18762,14125,1.0,32:47,2015,2016
2015-16,202337,Luke Babbitt,Luke,1610612740,NOP,New Orleans Pelicans,21500409,2015-12-20T00:00:00,NOP @ DEN,W,6.5,0.0,0.0,0.0,0.0,2.0,2.0,5.0,6.0,0.0,1.0,0.0,0.0,3.0,1,1,1,1,23734,12059,10158,9917,18861,2619,3734,11593,22724,8004,17214,1,18762,23648,1.0,6:32,2015,2016
2015-16,201158,Marco Belinelli,Marco,1610612758,SAC,Sacramento Kings,21500408,2015-12-20T00:00:00,SAC @ TOR,W,25.6,2.0,0.0,2.0,2.0,11.0,10.0,9.0,26.0,0.0,0.0,0.0,1.0,8.0,1,1,1,1,11252,6026,10158,4675,12984,18886,20509,18829,7214,8004,1,1,12373,20564,1.0,25:33,2015,2016
2015-16,201589,Darrell Arthur,Darrell,1610612743,DEN,Denver Nuggets,21500409,2015-12-20T00:00:00,DEN vs. NOP,L,5.7,0.0,0.0,0.0,2.0,0.0,2.0,0.0,8.0,0.0,0.0,0.0,0.0,2.0,1,13074,13074,13074,24116,12059,10158,9917,12984,1,3734,1,21543,8004,1,1,18762,24216,1.0,5:40,2015,2016
2015-16,201585,Kosta Koufos,Kosta,1610612758,SAC,Sacramento Kings,21500408,2015-12-20T00:00:00,SAC @ TOR,W,23.9,0.0,4.0,1.0,6.0,16.0,12.0,10.0,28.0,1.0,0.0,3.0,2.0,18.4,1,1,1,1,12665,12059,1596,9347,5299,23774,22832,20169,5824,2692,1,17641,7786,12854,1.0,23:53,2015,2016
2015-16,203090,Maurice Harkless,Maurice,1610612757,POR,Portland Trail Blazers,21500404,2015-12-20T00:00:00,POR @ MIA,L,13.7,0.0,0.0,0.0,2.0,4.0,5.0,0.0,12.0,0.0,0.0,0.0,0.0,8.3,1,13074,13074,13074,20604,12059,10158,9917,12984,6141,11469,1,18637,8004,1,1,18762,20376,1.0,13:40,2015,2016
2015-16,203914,Gary Harris,Gary,1610612743,DEN,Denver Nuggets,21500409,2015-12-20T00:00:00,DEN vs. NOP,L,26.3,0.0,0.0,0.0,2.0,6.0,9.0,2.0,32.0,1.0,1.0,2.0,0.0,17.9,1,13074,13074,13074,10567,12059,10158,9917,12984,10028,19144,4025,3535,2692,17214,11390,18762,13229,1.0,26:20,2015,2016
2015-16,202709,Cory Joseph,Cory,1610612761,TOR,Toronto Raptors,21500408,2015-12-20T00:00:00,TOR vs. SAC,L,29.6,0.0,0.0,0.0,2.0,3.0,7.0,8.0,30.0,1.0,1.0,0.0,1.0,12.7,1,13074,13074,13074,7891,12059,10158,9917,12984,5109,15642,17194,4541,2692,17214,1,12373,17201,1.0,29:35,2015,2016
2015-16,203924,Jerami Grant,Jerami,1610612755,PHI,Philadelphia 76ers,21500405,2015-12-20T00:00:00,PHI @ CLE,L,22.1,0.0,0.0,2.0,4.0,15.0,2.0,9.0,20.0,1.0,4.0,4.0,3.0,12.9,1,13074,13074,13074,14064,12059,10158,4675,8599,23079,3734,18829,11929,2692,25926,22104,4736,17049,1.0,22:08,2015,2016
2015-16,203141,Mirza Teletovic,Mirza,1610612756,PHX,Phoenix Suns,21500406,2015-12-20T00:00:00,PHX vs. MIL,L,10.2,0.0,0.0,0.0,0.0,5.0,0.0,7.0,4.0,0.0,1.0,1.0,0.0,8.3,1,13074,13074,13074,22337,12059,10158,9917,18861,8403,1,15538,23698,8004,17214,4972,18762,20376,1.0,10:15,2015,2016
2015-16,200745,Andrea Bargnani,Andrea,1610612751,BKN,Brooklyn Nets,21500403,2015-12-20T00:00:00,BKN vs. MIN,L,19.0,2.0,2.0,2.0,6.0,4.0,2.0,0.0,14.0,0.0,0.0,0.0,4.0,18.1,1,13074,13074,13074,16671,6026,4731,4675,5299,6141,3734,1,17019,8004,1,1,2748,13090,1.0,19:02,2015,2016
2015-16,101127,Jarrett Jack,Jarrett,1610612751,BKN,Brooklyn Nets,21500403,2015-12-20T00:00:00,BKN vs. MIN,L,29.6,0.0,0.0,0.0,0.0,13.0,0.0,15.0,36.0,0.0,0.0,5.0,1.0,16.6,1,13074,13074,13074,7858,12059,10158,9917,18861,21300,1,24242,1943,8004,1,24686,12373,14125,1.0,29:38,2015,2016
2015-16,202389,Timofey Mozgov,Timofey,1610612739,CLE,Cleveland Cavaliers,21500405,2015-12-20T00:00:00,CLE vs. PHI,W,24.0,0.0,0.0,2.0,4.0,5.0,14.0,3.0,18.0,1.0,0.0,2.0,1.0,20.9,1,1,1,1,12584,12059,10158,4675,8599,8403,24300,7328,13577,2692,1,11390,12373,11132,1.0,23:59,2015,2016
2015-16,202388,Donald Sloan,Donald,1610612751,BKN,Brooklyn Nets,21500403,2015-12-20T00:00:00,BKN vs. MIN,L,19.8,0.0,0.0,0.0,6.0,8.0,2.0,2.0,14.0,0.0,2.0,1.0,0.0,18.6,1,13074,13074,13074,16113,12059,10158,9917,5299,13914,3734,4025,17019,8004,23588,4972,18762,12715,1.0,19:45,2015,2016
2015-16,2592,James Jones,James,1610612739,CLE,Cleveland Cavaliers,21500405,2015-12-20T00:00:00,CLE vs. PHI,W,15.8,0.0,0.0,0.0,0.0,6.0,6.0,10.0,18.0,1.0,0.0,1.0,0.0,12.5,1,1,1,1,19178,12059,10158,9917,18861,10028,13237,20169,13577,2692,1,4972,18762,17372,1.0,15:49,2015,2016
2015-16,201967,Dante Cunningham,Dante,1610612740,NOP,New Orleans Pelicans,21500409,2015-12-20T00:00:00,NOP @ DEN,W,19.1,0.0,0.0,0.0,0.0,4.0,2.0,8.0,20.0,2.0,0.0,3.0,0.0,12.6,1,1,1,1,16642,12059,10158,9917,18861,6141,3734,17194,11929,932,1,17641,18762,17277,1.0,19:04,2015,2016
2015-16,201567,Kevin Love,Kevin,1610612739,CLE,Cleveland Cavaliers,21500405,2015-12-20T00:00:00,CLE vs. PHI,W,21.6,0.0,0.0,0.0,0.0,5.0,9.0,3.0,14.0,0.0,1.0,4.0,7.0,18.5,1,1,1,1,14518,12059,10158,9917,18861,8403,19144,7328,17019,8004,17214,22104,469,12794,1.0,21:36,2015,2016
2015-16,203471,Dennis Schröder,Dennis,1610612737,ATL,Atlanta Hawks,21500407,2015-12-20T00:00:00,ATL @ ORL,W,20.4,2.0,0.0,0.0,2.0,12.0,9.0,4.0,14.0,1.0,0.0,3.0,1.0,7.7,1,1,1,1,15600,6026,10158,9917,12984,20178,19144,8806,17019,2692,1,17641,12373,20733,1.0,20:21,2015,2016
2015-16,1626209,Mario Hezonja,Mario,1610612753,ORL,Orlando Magic,21500407,2015-12-20T00:00:00,ORL vs. ATL,L,6.9,2.0,0.0,2.0,4.0,0.0,0.0,2.0,12.0,0.0,0.0,2.0,0.0,8.2,1,13074,13074,13074,23596,6026,10158,4675,8599,1,1,4025,18637,8004,1,11390,18762,20416,1.0,6:54,2015,2016
2015-16,200782,P.J. Tucker,P.J.,1610612756,PHX,Phoenix Suns,21500406,2015-12-20T00:00:00,PHX vs. MIL,L,24.8,0.0,2.0,0.0,4.0,16.0,2.0,14.0,32.0,0.0,0.0,0.0,1.0,21.4,1,13074,13074,13074,11841,12059,4731,9917,8599,23774,3734,23710,3535,8004,1,1,12373,10807,1.0,24:47,2015,2016
2015-16,2760,Anderson Varejao,Anderson,1610612739,CLE,Cleveland Cavaliers,21500405,2015-12-20T00:00:00,CLE vs. PHI,W,12.9,0.0,0.0,0.0,0.0,4.0,5.0,10.0,12.0,0.0,0.0,3.0,2.0,8.1,1,1,1,1,21037,12059,10158,9917,18861,6141,11469,20169,18637,8004,1,17641,7786,20521,1.0,12:53,2015,2016
2015-16,202688,Brandon Knight,Brandon,1610612756,PHX,Phoenix Suns,21500406,2015-12-20T00:00:00,PHX vs. MIL,L,28.5,2.0,0.0,2.0,4.0,19.0,0.0,17.0,30.0,0.0,0.0,4.0,3.0,18.4,1,13074,13074,13074,8804,6026,10158,4675,8599,25074,1,24967,4541,8004,1,22104,4736,12854,1.0,28:31,2015,2016
2015-16,203900,Markel Brown,Markel,1610612751,BKN,Brooklyn Nets,21500403,2015-12-20T00:00:00,BKN vs. MIN,L,6.3,0.0,0.0,0.0,0.0,4.0,0.0,0.0,4.0,0.0,0.0,2.0,2.0,1.0,1,13074,13074,13074,23858,12059,10158,9917,18861,6141,1,1,23698,8004,1,11390,7786,24960,1.0,6:15,2015,2016
2015-16,203186,Willie Reed,Willie,1610612751,BKN,Brooklyn Nets,21500403,2015-12-20T00:00:00,BKN vs. MIN,L,4.1,2.0,0.0,0.0,2.0,2.0,0.0,0.0,2.0,0.0,1.0,1.0,0.0,2.0,1,13074,13074,13074,24668,6026,10158,9917,12984,2619,1,1,24614,8004,17214,4972,18762,24216,1.0,4:08,2015,2016
2015-16,101179,Ronnie Price,Ronnie,1610612756,PHX,Phoenix Suns,21500406,2015-12-20T00:00:00,PHX vs. MIL,L,15.6,0.0,0.0,2.0,2.0,3.0,2.0,1.0,12.0,0.0,1.0,4.0,1.0,10.7,1,13074,13074,13074,19334,12059,10158,4675,12984,5109,3734,3646,18637,8004,17214,22104,12373,18636,1.0,15:37,2015,2016
2015-16,1889,Andre Miller,Andre,1610612750,MIN,Minnesota Timberwolves,21500403,2015-12-20T00:00:00,MIN @ BKN,W,9.7,2.0,0.0,2.0,2.0,0.0,0.0,0.0,4.0,0.0,0.0,1.0,0.0,6.5,1,1,1,1,22569,6026,10158,4675,12984,1,1,1,23698,8004,1,4972,18762,21519,1.0,9:39,2015,2016
2015-16,203100,Tony Wroten,Tony,1610612755,PHI,Philadelphia 76ers,21500405,2015-12-20T00:00:00,PHI @ CLE,L,15.0,2.0,2.0,4.0,4.0,15.0,3.0,12.0,18.0,0.0,1.0,1.0,2.0,11.1,1,13074,13074,13074,19763,6026,4731,1913,8599,23079,7138,22259,13577,8004,17214,4972,7786,18370,1.0,14:59,2015,2016
2015-16,203496,Robert Covington,Robert,1610612755,PHI,Philadelphia 76ers,21500405,2015-12-20T00:00:00,PHI @ CLE,L,20.5,0.0,2.0,0.0,2.0,8.0,0.0,12.0,14.0,0.0,0.0,3.0,0.0,10.6,1,13074,13074,13074,15477,12059,4731,9917,12984,13914,1,22259,17019,8004,1,17641,18762,18723,1.0,20:30,2015,2016
2015-16,203498,Shabazz Muhammad,Shabazz,1610612750,MIN,Minnesota Timberwolves,21500403,2015-12-20T00:00:00,MIN @ BKN,W,10.2,0.0,0.0,0.0,0.0,2.0,2.0,6.0,14.0,0.0,0.0,0.0,0.0,1.2,1,1,1,1,22361,12059,10158,9917,18861,2619,3734,13388,17019,8004,1,1,18762,24661,1.0,10:10,2015,2016
2015-16,204014,Damjan Rudez,Damjan,1610612750,MIN,Minnesota Timberwolves,21500403,2015-12-20T00:00:00,MIN @ BKN,W,1.6,0.0,0.0,0.0,0.0,0.0,0.0,0.0,0.0,0.0,0.0,0.0,0.0,1.2,1,1,1,1,25666,12059,10158,9917,18861,1,1,1,25429,8004,1,1,18762,24661,1.0,1:35,2015,2016
2015-16,202087,Alonzo Gee,Alonzo,1610612740,NOP,New Orleans Pelicans,21500409,2015-12-20T00:00:00,NOP @ DEN,W,16.8,0.0,0.0,0.0,2.0,4.0,10.0,0.0,22.0,0.0,0.0,3.0,0.0,10.9,1,1,1,1,18459,12059,10158,9917,12984,6141,20509,1,10265,8004,1,17641,18762,18498,1.0,16:45,2015,2016
2015-16,203138,Hollis Thompson,Hollis,1610612755,PHI,Philadelphia 76ers,21500405,2015-12-20T00:00:00,PHI @ CLE,L,21.9,0.0,3.0,0.0,0.0,20.0,3.0,17.0,24.0,0.0,0.0,2.0,0.0,6.4,1,13074,13074,13074,14235,12059,3104,9917,18861,25338,7138,24967,8723,8004,1,11390,18762,21589,1.0,21:56,2015,2016
2015-16,203142,Chris Copeland,Chris,1610612749,MIL,Milwaukee Bucks,21500406,2015-12-20T00:00:00,MIL @ PHX,W,8.0,0.0,0.0,0.0,0.0,2.0,2.0,4.0,12.0,0.0,0.0,1.0,0.0,1.2,1,1,1,1,23183,12059,10158,9917,18861,2619,3734,8806,18637,8004,1,4972,18762,24661,1.0,8:00,2015,2016
2015-16,200757,Thabo Sefolosha,Thabo,1610612737,ATL,Atlanta Hawks,21500407,2015-12-20T00:00:00,ATL @ ORL,W,15.5,0.0,0.0,0.0,2.0,8.0,11.0,7.0,12.0,1.0,0.0,2.0,3.0,11.4,1,1,1,1,19383,12059,10158,9917,12984,13914,21814,15538,18637,2692,1,11390,4736,18134,1.0,15:33,2015,2016
2015-16,203099,Jared Cunningham,Jared,1610612739,CLE,Cleveland Cavaliers,21500405,2015-12-20T00:00:00,CLE vs. PHI,W,12.7,0.0,0.0,0.0,2.0,2.0,4.0,6.0,10.0,0.0,0.0,0.0,2.0,5.7,1,1,1,1,21154,12059,10158,9917,12984,2619,8458,13388,20209,8004,1,1,7786,22054,1.0,12:41,2015,2016
2015-16,203934,Lamar Patterson,Lamar,1610612737,ATL,Atlanta Hawks,21500407,2015-12-20T00:00:00,ATL @ ORL,W,12.9,0.0,0.0,0.0,0.0,4.0,2.0,0.0,8.0,1.0,0.0,0.0,1.0,11.3,1,1,1,1,21020,12059,10158,9917,18861,6141,3734,1,21543,2692,1,1,12373,18230,1.0,12:55,2015,2016
2015-16,1626170,Jerian Grant,Jerian,1610612752,NYK,New York Knicks,21500400,2015-12-19T00:00:00,NYK vs. CHI,W,13.9,2.0,2.0,0.0,4.0,2.0,4.0,2.0,14.0,0.0,0.0,0.0,1.0,6.2,1,1,1,1,20466,6026,4731,9917,8599,2619,8458,4025,17019,8004,1,1,12373,21696,1.0,13:54,2015,2016
2015-16,203944,Julius Randle,Julius,1610612747,LAL,Los Angeles Lakers,21500398,2015-12-19T00:00:00,LAL @ OKC,L,25.9,0.0,2.0,0.0,2.0,10.0,4.0,9.0,30.0,0.0,0.0,3.0,1.0,5.4,1,13074,13074,13074,10918,12059,4731,9917,12984,17370,8458,18829,4541,8004,1,17641,12373,22242,1.0,25:54,2015,2016
2015-16,1626148,Anthony Brown,Anthony,1610612747,LAL,Los Angeles Lakers,21500398,2015-12-19T00:00:00,LAL @ OKC,L,27.4,0.0,0.0,2.0,2.0,4.0,11.0,6.0,22.0,0.0,2.0,4.0,0.0,10.7,1,13074,13074,13074,9712,12059,10158,4675,12984,6141,21814,13388,10265,8004,23588,22104,18762,18636,1.0,27:23,2015,2016
2015-16,201959,Taj Gibson,Taj,1610612741,CHI,Chicago Bulls,21500400,2015-12-19T00:00:00,CHI @ NYK,L,20.0,0.0,0.0,0.0,4.0,4.0,7.0,11.0,20.0,0.0,0.0,0.0,3.0,11.4,1,13074,13074,13074,15922,12059,10158,9917,8599,6141,15642,21342,11929,8004,1,1,4736,18134,1.0,19:59,2015,2016
2015-16,1626273,Marcelo Huertas,Marcelo,1610612747,LAL,Los Angeles Lakers,21500398,2015-12-19T00:00:00,LAL @ OKC,L,12.0,0.0,0.0,0.0,0.0,4.0,0.0,2.0,16.0,0.0,0.0,0.0,0.0,6.0,1,13074,13074,13074,21529,12059,10158,9917,18861,6141,1,4025,15259,8004,1,1,18762,21878,1.0,12:00,2015,2016
2015-16,202703,Nikola Mirotic,Nikola,1610612741,CHI,Chicago Bulls,21500400,2015-12-19T00:00:00,CHI @ NYK,L,24.7,2.0,0.0,0.0,2.0,8.0,4.0,9.0,26.0,0.0,0.0,4.0,0.0,5.6,1,13074,13074,13074,11912,6026,10158,9917,12984,13914,8458,18829,7214,8004,1,22104,18762,22133,1.0,24:43,2015,2016
2015-16,203143,Pablo Prigioni,Pablo,1610612746,LAC,LA Clippers,21500401,2015-12-19T00:00:00,LAC @ HOU,L,6.1,3.0,3.0,3.0,0.0,0.0,0.0,0.0,2.0,0.0,0.0,3.0,0.0,11.4,1,13074,13074,13074,23923,4307,3104,3302,18861,1,1,1,24614,8004,1,17641,18762,18134,1.0,6:05,2015,2016
2015-16,203946,Cameron Bairstow,Cameron,1610612741,CHI,Chicago Bulls,21500400,2015-12-19T00:00:00,CHI @ NYK,L,5.5,0.0,0.0,0.0,2.0,3.0,0.0,5.0,2.0,0.0,0.0,1.0,0.0,5.6,1,13074,13074,13074,24156,12059,10158,9917,12984,5109,1,11593,24614,8004,1,4972,18762,22133,1.0,5:31,2015,2016
2015-16,202713,Kyle Singler,Kyle,1610612760,OKC,Oklahoma City Thunder,21500398,2015-12-19T00:00:00,OKC vs. LAL,W,6.7,0.0,0.0,0.0,0.0,0.0,2.0,3.0,6.0,0.0,0.0,0.0,0.0,1.4,1,1,1,1,23659,12059,10158,9917,18861,1,3734,7328,22724,8004,1,1,18762,24615,1.0,6:44,2015,2016
2015-16,203085,Austin Rivers,Austin,1610612746,LAC,LA Clippers,21500401,2015-12-19T00:00:00,LAC @ HOU,L,16.2,2.0,0.0,0.0,2.0,5.0,7.0,4.0,16.0,0.0,1.0,4.0,0.0,6.7,1,13074,13074,13074,18932,6026,10158,9917,12984,8403,15642,8806,15259,8004,17214,22104,18762,21376,1.0,16:09,2015,2016
2015-16,201584,Courtney Lee,Courtney,1610612763,MEM,Memphis Grizzlies,21500402,2015-12-19T00:00:00,MEM vs. IND,W,30.5,0.0,0.0,0.0,0.0,8.0,4.0,6.0,22.0,1.0,1.0,1.0,0.0,6.8,1,1,1,1,7117,12059,10158,9917,18861,13914,8458,13388,10265,2692,17214,4972,18762,21328,1.0,30:29,2015,2016
2015-16,202325,Wesley Johnson,Wesley,1610612746,LAC,LA Clippers,21500401,2015-12-19T00:00:00,LAC @ HOU,L,9.1,0.0,0.0,0.0,2.0,2.0,0.0,2.0,10.0,1.0,0.0,0.0,0.0,7.0,1,13074,13074,13074,22820,12059,10158,9917,12984,2619,1,4025,20209,2692,1,1,18762,21188,1.0,9:03,2015,2016
2015-16,203460,Andre Roberson,Andre,1610612760,OKC,Oklahoma City Thunder,21500398,2015-12-19T00:00:00,OKC vs. LAL,W,17.7,0.0,0.0,0.0,4.0,2.0,2.0,2.0,6.0,1.0,1.0,2.0,1.0,13.3,1,1,1,1,17765,12059,10158,9917,8599,2619,3734,4025,22724,2692,17214,11390,12373,16712,1.0,17:41,2015,2016
2015-16,201946,Tyler Hansbrough,Tyler,1610612766,CHA,Charlotte Hornets,21500399,2015-12-19T00:00:00,CHA @ WAS,L,3.6,0.0,0.0,0.0,0.0,5.0,2.0,3.0,4.0,0.0,0.0,1.0,0.0,-0.8,1,13074,13074,13074,24862,12059,10158,9917,18861,8403,3734,7328,23698,8004,1,4972,18762,25914,1.0,3:37,2015,2016
2015-16,203135,Robert Sacre,Robert,1610612747,LAL,Los Angeles Lakers,21500398,2015-12-19T00:00:00,LAL @ OKC,L,15.0,0.0,0.0,0.0,0.0,3.0,4.0,6.0,18.0,0.0,0.0,4.0,1.0,5.1,1,13074,13074,13074,19728,12059,10158,9917,18861,5109,8458,13388,13577,8004,1,22104,12373,22478,1.0,15:02,2015,2016
2015-16,101138,Brandon Bass,Brandon,1610612747,LAL,Los Angeles Lakers,21500398,2015-12-19T00:00:00,LAL @ OKC,L,10.4,0.0,0.0,0.0,4.0,4.0,0.0,2.0,14.0,0.0,1.0,1.0,0.0,5.2,1,13074,13074,13074,22277,12059,10158,9917,8599,6141,1,4025,17019,8004,17214,4972,18762,22370,1.0,10:24,2015,2016
2015-16,1626166,Cameron Payne,Cameron,1610612760,OKC,Oklahoma City Thunder,21500398,2015-12-19T00:00:00,OKC vs. LAL,W,9.5,2.0,0.0,2.0,6.0,0.0,2.0,3.0,6.0,1.0,0.0,0.0,0.0,21.7,1,1,1,1,22628,6026,10158,4675,5299,1,3734,7328,22724,2692,1,1,18762,10592,1.0,9:30,2015,2016
2015-16,203922,Glenn Robinson III,Glenn,1610612754,IND,Indiana Pacers,21500402,2015-12-19T00:00:00,IND @ MEM,L,1.8,0.0,0.0,0.0,0.0,2.0,0.0,0.0,2.0,0.0,0.0,0.0,0.0,3.2,1,13074,13074,13074,25577,12059,10158,9917,18861,2619,1,1,24614,8004,1,1,18762,23473,1.0,1:49,2015,2016
2015-16,203524,Solomon Hill,Solomon,1610612754,IND,Indiana Pacers,21500402,2015-12-19T00:00:00,IND @ MEM,L,1.0,0.0,0.0,0.0,0.0,2.0,0.0,0.0,2.0,0.0,0.0,0.0,0.0,0.0,1,13074,13074,13074,25870,12059,10158,9917,18861,2619,1,1,24614,8004,1,1,18762,25170,1.0,1:01,2015,2016
2015-16,200779,Steve Novak,Steve,1610612760,OKC,Oklahoma City Thunder,21500398,2015-12-19T00:00:00,OKC vs. LAL,W,6.0,0.0,0.0,0.0,0.0,0.0,2.0,3.0,6.0,0.0,0.0,0.0,0.0,4.2,1,1,1,1,23959,12059,10158,9917,18861,1,3734,7328,22724,8004,1,1,18762,22976,1.0,6:00,2015,2016
2015-16,2037,Jamal Crawford,Jamal,1610612746,LAC,LA Clippers,21500401,2015-12-19T00:00:00,LAC @ HOU,L,31.4,0.0,0.0,0.0,0.0,6.0,5.0,7.0,24.0,1.0,2.0,4.0,0.0,8.7,1,13074,13074,13074,6365,12059,10158,9917,18861,10028,11469,15538,8723,2692,23588,22104,18762,20045,1.0,31:26,2015,2016
2015-16,203926,Doug McDermott,Doug,1610612741,CHI,Chicago Bulls,21500400,2015-12-19T00:00:00,CHI @ NYK,L,9.9,0.0,0.0,0.0,0.0,3.0,2.0,2.0,12.0,0.0,0.0,1.0,0.0,0.0,1,13074,13074,13074,22492,12059,10158,9917,18861,5109,3734,4025,18637,8004,1,4972,18762,25170,1.0,9:54,2015,2016
2015-16,1718,Paul Pierce,Paul,1610612746,LAC,LA Clippers,21500401,2015-12-19T00:00:00,LAC @ HOU,L,15.6,0.0,0.0,3.0,0.0,5.0,7.0,4.0,18.0,0.0,0.0,4.0,1.0,4.2,1,13074,13074,13074,19343,12059,10158,3302,18861,8403,15642,8806,13577,8004,1,22104,12373,22976,1.0,15:36,2015,2016
2015-16,202332,Cole Aldrich,Cole,1610612746,LAC,LA Clippers,21500401,2015-12-19T00:00:00,LAC @ HOU,L,6.1,0.0,2.0,0.0,2.0,0.0,0.0,0.0,2.0,0.0,0.0,0.0,0.0,9.7,1,13074,13074,13074,23923,12059,4731,9917,12984,1,1,1,24614,8004,1,1,18762,19379,1.0,6:05,2015,2016
2015-16,2550,Kirk Hinrich,Kirk,1610612741,CHI,Chicago Bulls,21500400,2015-12-19T00:00:00,CHI @ NYK,L,20.3,0.0,0.0,0.0,0.0,7.0,6.0,4.0,22.0,0.0,0.0,3.0,0.0,5.3,1,13074,13074,13074,15642,12059,10158,9917,18861,12242,13237,8806,10265,8004,1,17641,18762,22358,1.0,20:18,2015,2016
2015-16,201601,Luc Mbah a Moute,Luc,1610612746,LAC,LA Clippers,21500401,2015-12-19T00:00:00,LAC @ HOU,L,5.3,0.0,0.0,0.0,0.0,0.0,3.0,0.0,10.0,0.0,0.0,3.0,0.0,0.0,1,13074,13074,13074,24248,12059,10158,9917,18861,1,7138,1,20209,8004,1,17641,18762,25170,1.0,5:18,2015,2016
2015-16,2555,Nick Collison,Nick,1610612760,OKC,Oklahoma City Thunder,21500398,2015-12-19T00:00:00,OKC vs. LAL,W,15.7,0.0,2.0,0.0,2.0,3.0,2.0,0.0,8.0,0.0,0.0,1.0,3.0,13.3,1,1,1,1,19253,12059,4731,9917,12984,5109,3734,1,21543,8004,1,4972,4736,16712,1.0,15:43,2015,2016
2015-16,202362,Lance Stephenson,Lance,1610612746,LAC,LA Clippers,21500401,2015-12-19T00:00:00,LAC @ HOU,L,20.1,0.0,0.0,0.0,0.0,5.0,7.0,4.0,18.0,0.0,0.0,6.0,0.0,0.6,1,13074,13074,13074,15848,12059,10158,9917,18861,8403,15642,8806,13577,8004,1,25827,18762,25053,1.0,20:06,2015,2016
2015-16,101139,CJ Miles,CJ,1610612754,IND,Indiana Pacers,21500402,2015-12-19T00:00:00,IND @ MEM,L,24.3,0.0,0.0,0.0,0.0,15.0,5.0,2.0,18.0,0.0,0.0,2.0,0.0,0.6,1,13074,13074,13074,12268,12059,10158,9917,18861,23079,11469,4025,13577,8004,1,11390,18762,25053,1.0,24:20,2015,2016
2015-16,201978,Chase Budinger,Chase,1610612754,IND,Indiana Pacers,21500402,2015-12-19T00:00:00,IND @ MEM,L,8.0,0.0,0.0,0.0,2.0,4.0,0.0,3.0,6.0,0.0,1.0,1.0,0.0,3.5,1,13074,13074,13074,23202,12059,10158,9917,12984,6141,1,7328,22724,8004,17214,4972,18762,23351,1.0,7:58,2015,2016
2015-16,201577,Robin Lopez,Robin,1610612752,NYK,New York Knicks,21500400,2015-12-19T00:00:00,NYK vs. CHI,W,18.5,0.0,2.0,2.0,4.0,11.0,13.0,0.0,20.0,0.0,0.0,1.0,1.0,9.6,1,1,1,1,17080,12059,4731,4675,8599,18886,23668,1,11929,8004,1,4972,12373,19434,1.0,18:31,2015,2016
2015-16,1626202,Joe Young,Joe,1610612754,IND,Indiana Pacers,21500402,2015-12-19T00:00:00,IND @ MEM,L,1.0,0.0,0.0,0.0,0.0,2.0,0.0,0.0,2.0,0.0,0.0,0.0,0.0,0.0,1,13074,13074,13074,25870,12059,10158,9917,18861,2619,1,1,24614,8004,1,1,18762,25170,1.0,1:01,2015,2016
2015-16,203469,Cody Zeller,Cody,1610612766,CHA,Charlotte Hornets,21500399,2015-12-19T00:00:00,CHA @ WAS,L,26.1,4.0,4.0,2.0,10.0,17.0,4.0,11.0,24.0,1.0,1.0,3.0,1.0,24.4,1,13074,13074,13074,10769,2460,1596,4675,1840,24337,8458,21342,8723,2692,17214,17641,12373,8867,1.0,26:06,2015,2016
2015-16,202322,John Wall,John,1610612764,WAS,Washington Wizards,21500399,2015-12-19T00:00:00,WAS vs. CHA,W,41.7,2.0,0.0,4.0,8.0,14.0,19.0,8.0,46.0,1.0,0.0,1.0,4.0,53.8,1,1,1,1,350,6026,10158,1913,3109,22292,25786,17194,298,2692,1,4972,2748,472,1.0,41:44,2015,2016
2015-16,202710,Jimmy Butler III,Jimmy,1610612741,CHI,Chicago Bulls,21500400,2015-12-19T00:00:00,CHI @ NYK,L,33.2,2.0,0.0,0.0,2.0,7.0,7.0,13.0,32.0,0.0,0.0,3.0,2.0,23.9,1,13074,13074,13074,4966,6026,10158,9917,12984,12242,15642,23048,3535,8004,1,17641,7786,9184,1.0,33:12,2015,2016
2015-16,201147,Corey Brewer,Corey,1610612745,HOU,Houston Rockets,21500401,2015-12-19T00:00:00,HOU vs. LAC,W,16.1,0.0,0.0,0.0,0.0,5.0,11.0,3.0,12.0,1.0,0.0,2.0,0.0,11.4,1,1,1,1,18959,12059,10158,9917,18861,8403,21814,7328,18637,2692,1,11390,18762,18134,1.0,16:06,2015,2016
2015-16,1626156,D'Angelo Russell,D'Angelo,1610612747,LAL,Los Angeles Lakers,21500398,2015-12-19T00:00:00,LAL @ OKC,L,27.3,0.0,2.0,3.0,6.0,10.0,4.0,11.0,34.0,0.0,0.0,0.0,2.0,28.9,1,13074,13074,13074,9741,12059,4731,3302,5299,17370,8458,21342,2701,8004,1,1,7786,6414,1.0,27:20,2015,2016
2015-16,201627,Anthony Morrow,Anthony,1610612760,OKC,Oklahoma City Thunder,21500398,2015-12-19T00:00:00,OKC vs. LAL,W,18.8,0.0,0.0,0.0,2.0,3.0,4.0,3.0,14.0,0.0,0.0,0.0,0.0,11.5,1,1,1,1,16860,12059,10158,9917,12984,5109,8458,7328,17019,8004,1,1,18762,18079,1.0,18:49,2015,2016
2015-16,202689,Kemba Walker,Kemba,1610612766,CHA,Charlotte Hornets,21500399,2015-12-19T00:00:00,CHA @ WAS,L,40.9,2.0,2.0,4.0,8.0,27.0,6.0,14.0,36.0,0.0,1.0,3.0,4.0,29.6,1,13074,13074,13074,510,6026,4731,1913,3109,26014,13237,23710,1943,8004,17214,17641,2748,6050,1.0,40:52,2015,2016
2015-16,201566,Russell Westbrook,Russell,1610612760,OKC,Oklahoma City Thunder,21500398,2015-12-19T00:00:00,OKC vs. LAL,W,27.7,2.0,2.0,5.0,4.0,2.0,2.0,4.0,12.0,0.0,0.0,2.0,3.0,29.7,1,1,1,1,9441,6026,4731,1277,8599,2619,3734,8806,18637,8004,1,11390,4736,6006,1.0,27:43,2015,2016
2015-16,201144,Mike Conley,Mike,1610612763,MEM,Memphis Grizzlies,21500402,2015-12-19T00:00:00,MEM vs. IND,W,33.3,6.0,0.0,2.0,8.0,8.0,6.0,6.0,22.0,0.0,1.0,1.0,4.0,47.8,1,1,1,1,4914,878,10158,4675,3109,13914,13237,13388,10265,8004,17214,4972,2748,979,1.0,33:16,2015,2016
2015-16,200755,JJ Redick,JJ,1610612746,LAC,LA Clippers,21500401,2015-12-19T00:00:00,LAC @ HOU,L,26.9,0.0,0.0,5.0,0.0,3.0,6.0,9.0,30.0,0.0,1.0,2.0,4.0,24.4,1,13074,13074,13074,10141,12059,10158,1277,18861,5109,13237,18829,4541,8004,17214,11390,2748,8867,1.0,26:51,2015,2016
2015-16,202391,Jeremy Lin,Jeremy,1610612766,CHA,Charlotte Hornets,21500399,2015-12-19T00:00:00,CHA @ WAS,L,36.1,0.0,0.0,0.0,6.0,21.0,4.0,14.0,32.0,0.0,2.0,2.0,2.0,29.7,1,13074,13074,13074,2658,12059,10158,9917,5299,25535,8458,23710,3535,8004,23588,11390,7786,6006,1.0,36:07,2015,2016
2015-16,204001,Kristaps Porziņģis,Kristaps,1610612752,NYK,New York Knicks,21500400,2015-12-19T00:00:00,NYK vs. CHI,W,29.5,2.0,0.0,0.0,0.0,11.0,17.0,2.0,30.0,1.0,0.0,5.0,4.0,28.9,1,1,1,1,7988,6026,10158,9917,18861,18886,25429,4025,4541,2692,1,24686,2748,6414,1.0,29:29,2015,2016
2015-16,2440,Matt Barnes,Matt,1610612763,MEM,Memphis Grizzlies,21500402,2015-12-19T00:00:00,MEM vs. IND,W,39.1,5.0,3.0,5.0,4.0,6.0,6.0,6.0,30.0,1.0,0.0,5.0,2.0,36.0,1,1,1,1,1033,1603,3104,1277,8599,10028,13237,13388,4541,2692,1,24686,7786,3463,1.0,39:06,2015,2016
2015-16,201188,Marc Gasol,Marc,1610612763,MEM,Memphis Grizzlies,21500402,2015-12-19T00:00:00,MEM vs. IND,W,39.6,2.0,2.0,0.0,12.0,6.0,8.0,7.0,24.0,1.0,0.0,3.0,4.0,51.4,1,1,1,1,857,6026,4731,9917,988,10028,17345,15538,8723,2692,1,17641,2748,620,1.0,39:35,2015,2016
2015-16,101108,Chris Paul,Chris,1610612746,LAC,LA Clippers,21500401,2015-12-19T00:00:00,LAC @ HOU,L,31.4,3.0,0.0,0.0,2.0,3.0,11.0,9.0,34.0,0.0,1.0,2.0,6.0,47.2,1,13074,13074,13074,6407,4307,10158,9917,12984,5109,21814,18829,2701,8004,17214,11390,873,1051,1.0,31:22,2015,2016
2015-16,202066,Garrett Temple,Garrett,1610612764,WAS,Washington Wizards,21500399,2015-12-19T00:00:00,WAS vs. CHA,W,35.4,7.0,0.0,12.0,8.0,10.0,11.0,8.0,34.0,0.0,1.0,2.0,5.0,36.5,1,1,1,1,3208,548,10158,42,3109,17370,21814,17194,2701,8004,17214,11390,1539,3326,1.0,35:25,2015,2016
2015-16,202682,Derrick Williams,Derrick,1610612752,NYK,New York Knicks,21500400,2015-12-19T00:00:00,NYK vs. CHI,W,16.2,0.0,0.0,2.0,4.0,4.0,10.0,4.0,22.0,0.0,0.0,0.0,4.0,15.2,1,1,1,1,18898,12059,10158,4675,8599,6141,20509,8806,10265,8004,1,1,2748,15219,1.0,16:11,2015,2016
2015-16,2730,Dwight Howard,Dwight,1610612745,HOU,Houston Rockets,21500401,2015-12-19T00:00:00,HOU vs. LAC,W,26.4,1.0,3.0,2.0,16.0,8.0,2.0,7.0,22.0,2.0,2.0,5.0,12.0,42.8,1,1,1,1,10542,11535,3104,4675,275,13914,3734,15538,10265,932,23588,24686,27,1776,1.0,26:23,2015,2016
2015-16,201150,Spencer Hawes,Spencer,1610612766,CHA,Charlotte Hornets,21500399,2015-12-19T00:00:00,CHA @ WAS,L,18.3,2.0,4.0,0.0,6.0,8.0,0.0,4.0,12.0,0.0,0.0,1.0,0.0,15.8,1,13074,13074,13074,17276,6026,1596,9917,5299,13914,1,8806,18637,8004,1,4972,18762,14754,1.0,18:17,2015,2016
2015-16,201571,D.J. Augustin,D.J.,1610612760,OKC,Oklahoma City Thunder,21500398,2015-12-19T00:00:00,OKC vs. LAL,W,16.8,0.0,0.0,3.0,0.0,3.0,2.0,0.0,10.0,0.0,0.0,3.0,0.0,11.7,1,1,1,1,18447,12059,10158,3302,18861,5109,3734,1,20209,8004,1,17641,18762,17903,1.0,16:46,2015,2016
2015-16,201599,DeAndre Jordan,DeAndre,1610612746,LAC,LA Clippers,21500401,2015-12-19T00:00:00,LAC @ HOU,L,30.0,4.0,2.0,2.0,12.0,3.0,9.0,11.0,34.0,4.0,0.0,3.0,8.0,40.2,1,13074,13074,13074,7546,2460,4731,4675,988,5109,19144,21342,2701,132,1,17641,254,2323,1.0,30:00,2015,2016
2015-16,202683,Enes Freedom,Enes,1610612760,OKC,Oklahoma City Thunder,21500398,2015-12-19T00:00:00,OKC vs. LAL,W,23.4,2.0,2.0,0.0,8.0,3.0,4.0,3.0,16.0,1.0,0.0,0.0,3.0,40.8,1,1,1,1,13030,6026,4731,9917,3109,5109,8458,7328,15259,2692,1,1,4736,2181,1.0,23:25,2015,2016
2015-16,201162,Jared Dudley,Jared,1610612764,WAS,Washington Wizards,21500399,2015-12-19T00:00:00,WAS vs. CHA,W,41.4,10.0,0.0,0.0,4.0,14.0,19.0,8.0,48.0,0.0,0.0,3.0,1.0,41.8,1,1,1,1,396,99,10158,9917,8599,22292,25786,17194,192,8004,1,17641,12373,1981,1.0,41:27,2015,2016
2015-16,201167,Arron Afflalo,Arron,1610612752,NYK,New York Knicks,21500400,2015-12-19T00:00:00,NYK vs. CHI,W,34.1,0.0,0.0,7.0,8.0,15.0,19.0,2.0,34.0,0.0,1.0,2.0,3.0,26.3,1,1,1,1,4265,12059,10158,454,3109,23079,25786,4025,2701,8004,17214,11390,4736,7733,1.0,34:06,2015,2016
2015-16,201933,Blake Griffin,Blake,1610612746,LAC,LA Clippers,21500401,2015-12-19T00:00:00,LAC @ HOU,L,36.4,2.0,2.0,0.0,12.0,3.0,8.0,13.0,46.0,0.0,0.0,5.0,9.0,41.6,1,13074,13074,13074,2509,6026,4731,9917,988,5109,17345,23048,298,8004,1,24686,138,2021,1.0,36:21,2015,2016
2015-16,201587,Nicolas Batum,Nicolas,1610612766,CHA,Charlotte Hornets,21500399,2015-12-19T00:00:00,CHA @ WAS,L,31.7,1.0,3.0,0.0,4.0,25.0,4.0,12.0,22.0,1.0,0.0,1.0,4.0,41.2,1,13074,13074,13074,6156,11535,3104,9917,8599,25944,8458,22259,10265,2692,1,4972,2748,2099,1.0,31:41,2015,2016
2015-16,101107,Marvin Williams,Marvin,1610612766,CHA,Charlotte Hornets,21500399,2015-12-19T00:00:00,CHA @ WAS,L,34.4,2.0,2.0,2.0,6.0,22.0,4.0,16.0,24.0,1.0,0.0,3.0,1.0,26.3,1,13074,13074,13074,4038,6026,4731,4675,5299,25683,8458,24641,8723,2692,1,17641,12373,7733,1.0,34:23,2015,2016
2015-16,2546,Carmelo Anthony,Carmelo,1610612752,NYK,New York Knicks,21500400,2015-12-19T00:00:00,NYK vs. CHI,W,35.2,2.0,2.0,4.0,14.0,15.0,19.0,2.0,34.0,0.0,0.0,1.0,1.0,40.9,1,1,1,1,3357,6026,4731,1913,542,23079,25786,4025,2701,8004,1,4972,12373,2166,1.0,35:14,2015,2016
2015-16,201149,Joakim Noah,Joakim,1610612741,CHI,Chicago Bulls,21500400,2015-12-19T00:00:00,CHI @ NYK,L,28.5,4.0,10.0,2.0,16.0,7.0,7.0,13.0,26.0,0.0,1.0,1.0,3.0,38.0,1,13074,13074,13074,8779,2460,34,4675,275,12242,15642,23048,7214,8004,17214,4972,4736,2903,1.0,28:32,2015,2016
2015-16,203503,Tony Snell,Tony,1610612741,CHI,Chicago Bulls,21500400,2015-12-19T00:00:00,CHI @ NYK,L,20.9,3.0,3.0,0.0,0.0,4.0,7.0,11.0,18.0,0.0,0.0,1.0,1.0,17.2,1,13074,13074,13074,15125,4307,3104,9917,18861,6141,15642,21342,13577,8004,1,4972,12373,13725,1.0,20:55,2015,2016
2015-16,201941,Jordan Hill,Jordan,1610612754,IND,Indiana Pacers,21500402,2015-12-19T00:00:00,IND @ MEM,L,26.6,0.0,4.0,0.0,8.0,15.0,4.0,7.0,26.0,0.0,0.0,4.0,1.0,32.1,1,13074,13074,13074,10406,12059,1596,9917,3109,23079,8458,15538,7214,8004,1,22104,12373,4889,1.0,26:34,2015,2016
2015-16,202730,Lavoy Allen,Lavoy,1610612754,IND,Indiana Pacers,21500402,2015-12-19T00:00:00,IND @ MEM,L,25.8,0.0,2.0,0.0,0.0,11.0,4.0,7.0,30.0,0.0,0.0,2.0,0.0,13.4,1,13074,13074,13074,11030,12059,4731,9917,18861,18886,8458,15538,4541,8004,1,11390,18762,16614,1.0,25:47,2015,2016
2015-16,1626162,Kelly Oubre Jr.,Kelly,1610612764,WAS,Washington Wizards,21500399,2015-12-19T00:00:00,WAS vs. CHA,W,22.3,6.0,2.0,0.0,2.0,10.0,11.0,6.0,26.0,1.0,0.0,4.0,1.0,17.0,1,1,1,1,13934,878,4731,9917,12984,17370,21814,13388,7214,2692,1,22104,12373,13855,1.0,22:16,2015,2016
2015-16,202331,Paul George,Paul,1610612754,IND,Indiana Pacers,21500402,2015-12-19T00:00:00,IND @ MEM,L,39.2,2.0,2.0,2.0,4.0,21.0,9.0,6.0,38.0,0.0,1.0,0.0,7.0,38.2,1,13074,13074,13074,975,6026,4731,4675,8599,25535,19144,13388,1422,8004,17214,1,469,2854,1.0,39:14,2015,2016
2015-16,2772,Trevor Ariza,Trevor,1610612745,HOU,Houston Rockets,21500401,2015-12-19T00:00:00,HOU vs. LAC,W,33.6,0.0,0.0,2.0,8.0,11.0,2.0,10.0,24.0,0.0,0.0,3.0,0.0,31.7,1,1,1,1,4682,12059,10158,4675,3109,18886,3734,20169,8723,8004,1,17641,18762,5088,1.0,33:35,2015,2016
2015-16,1626171,Bobby Portis,Bobby,1610612741,CHI,Chicago Bulls,21500400,2015-12-19T00:00:00,CHI @ NYK,L,22.8,4.0,6.0,0.0,10.0,5.0,4.0,7.0,20.0,0.0,0.0,2.0,2.0,37.7,1,13074,13074,13074,13553,2460,481,9917,1840,8403,8458,15538,11929,8004,1,11390,7786,2990,1.0,22:46,2015,2016
2015-16,201142,Kevin Durant,Kevin,1610612760,OKC,Oklahoma City Thunder,21500398,2015-12-19T00:00:00,OKC vs. LAL,W,29.7,3.0,5.0,1.0,6.0,2.0,2.0,4.0,12.0,0.0,0.0,1.0,3.0,32.6,1,1,1,1,7809,4307,995,9347,5299,2619,3734,8806,18637,8004,1,4972,4736,4687,1.0,29:42,2015,2016
2015-16,204038,Langston Galloway,Langston,1610612752,NYK,New York Knicks,21500400,2015-12-19T00:00:00,NYK vs. CHI,W,25.3,3.0,0.0,5.0,6.0,6.0,8.0,2.0,24.0,0.0,0.0,0.0,1.0,17.1,1,1,1,1,11420,4307,10158,1277,5299,10028,17345,4025,8723,8004,1,1,12373,13791,1.0,25:20,2015,2016
2015-16,201586,Serge Ibaka,Serge,1610612760,OKC,Oklahoma City Thunder,21500398,2015-12-19T00:00:00,OKC vs. LAL,W,26.3,0.0,3.0,0.0,2.0,2.0,2.0,4.0,12.0,0.0,1.0,1.0,0.0,17.4,1,1,1,1,10613,12059,3104,9917,12984,2619,3734,8806,18637,8004,17214,4972,18762,13595,1.0,26:17,2015,2016
2015-16,101150,Lou Williams,Lou,1610612747,LAL,Los Angeles Lakers,21500398,2015-12-19T00:00:00,LAL @ OKC,L,26.9,0.0,0.0,0.0,0.0,5.0,13.0,6.0,26.0,0.0,0.0,2.0,4.0,31.9,1,13074,13074,13074,10141,12059,10158,9917,18861,8403,23668,13388,7214,8004,1,11390,2748,4984,1.0,26:51,2015,2016
2015-16,203087,Jeremy Lamb,Jeremy,1610612766,CHA,Charlotte Hornets,21500399,2015-12-19T00:00:00,CHA @ WAS,L,11.7,0.0,2.0,0.0,6.0,5.0,0.0,4.0,8.0,0.0,0.0,3.0,0.0,13.8,1,13074,13074,13074,21724,12059,4731,9917,5299,8403,1,8806,21543,8004,1,17641,18762,16311,1.0,11:42,2015,2016
2015-16,202700,Donatas Motiejunas,Donatas,1610612745,HOU,Houston Rockets,21500401,2015-12-19T00:00:00,HOU vs. LAC,W,20.1,2.0,0.0,2.0,8.0,7.0,9.0,3.0,14.0,0.0,0.0,5.0,3.0,17.1,1,1,1,1,15834,6026,10158,4675,3109,12242,19144,7328,17019,8004,1,24686,4736,13791,1.0,20:06,2015,2016
2015-16,101162,Marcin Gortat,Marcin,1610612764,WAS,Washington Wizards,21500399,2015-12-19T00:00:00,WAS vs. CHA,W,37.8,2.0,4.0,0.0,12.0,12.0,11.0,8.0,34.0,2.0,2.0,1.0,5.0,31.7,1,1,1,1,1614,6026,1596,9917,988,20178,21814,17194,2701,932,23588,4972,1539,5088,1.0,37:47,2015,2016
2015-16,203991,Clint Capela,Clint,1610612745,HOU,Houston Rockets,21500401,2015-12-19T00:00:00,HOU vs. LAC,W,21.5,0.0,2.0,0.0,4.0,6.0,4.0,5.0,12.0,2.0,1.0,1.0,7.0,27.5,1,1,1,1,14625,12059,4731,9917,8599,10028,8458,11593,18637,932,17214,4972,469,7137,1.0,21:28,2015,2016
2015-16,202498,Lance Thomas,Lance,1610612752,NYK,New York Knicks,21500400,2015-12-19T00:00:00,NYK vs. CHI,W,24.2,3.0,0.0,0.0,4.0,4.0,4.0,2.0,20.0,0.0,0.0,1.0,3.0,22.0,1,1,1,1,12411,4307,10158,9917,8599,6141,8458,4025,11929,8004,1,4972,4736,10388,1.0,24:10,2015,2016
2015-16,201935,James Harden,James,1610612745,HOU,Houston Rockets,21500401,2015-12-19T00:00:00,HOU vs. LAC,W,33.7,0.0,3.0,2.0,8.0,9.0,4.0,10.0,24.0,1.0,1.0,4.0,5.0,38.5,1,1,1,1,4583,12059,3104,4675,3109,15771,8458,20169,8723,2692,17214,22104,1539,2771,1.0,33:43,2015,2016
2015-16,1626163,Frank Kaminsky,Frank,1610612766,CHA,Charlotte Hornets,21500399,2015-12-19T00:00:00,CHA @ WAS,L,18.6,0.0,0.0,0.0,2.0,11.0,2.0,6.0,18.0,1.0,0.0,2.0,1.0,16.5,1,13074,13074,13074,17025,12059,10158,9917,12984,18886,3734,13388,13577,2692,1,11390,12373,14224,1.0,18:35,2015,2016
2015-16,2216,Zach Randolph,Zach,1610612763,MEM,Memphis Grizzlies,21500402,2015-12-19T00:00:00,MEM vs. IND,W,14.4,0.0,0.0,0.0,2.0,4.0,2.0,7.0,12.0,0.0,0.0,1.0,1.0,8.4,1,1,1,1,20176,12059,10158,9917,12984,6141,3734,15538,18637,8004,1,4972,12373,20273,1.0,14:23,2015,2016
2015-16,202734,E'Twaun Moore,E'Twaun,1610612741,CHI,Chicago Bulls,21500400,2015-12-19T00:00:00,CHI @ NYK,L,12.0,0.0,2.0,2.0,4.0,5.0,2.0,7.0,12.0,1.0,1.0,1.0,0.0,12.6,1,13074,13074,13074,21529,12059,4731,4675,8599,8403,3734,15538,18637,2692,17214,4972,18762,17277,1.0,12:00,2015,2016
2015-16,201156,Nick Young,Nick,1610612747,LAL,Los Angeles Lakers,21500398,2015-12-19T00:00:00,LAL @ OKC,L,20.6,3.0,0.0,0.0,2.0,8.0,4.0,8.0,28.0,0.0,0.0,0.0,1.0,13.0,1,13074,13074,13074,15371,4307,10158,9917,12984,13914,8458,17194,5824,8004,1,1,12373,16969,1.0,20:37,2015,2016
2015-16,201596,Mario Chalmers,Mario,1610612763,MEM,Memphis Grizzlies,21500402,2015-12-19T00:00:00,MEM vs. IND,W,18.3,1.0,0.0,0.0,4.0,4.0,2.0,7.0,14.0,0.0,0.0,4.0,5.0,18.1,1,1,1,1,17234,11535,10158,9917,8599,6141,3734,15538,17019,8004,1,22104,1539,13090,1.0,18:20,2015,2016
2015-16,201976,Patrick Beverley,Patrick,1610612745,HOU,Houston Rockets,21500401,2015-12-19T00:00:00,HOU vs. LAC,W,30.7,0.0,0.0,3.0,0.0,16.0,9.0,10.0,26.0,1.0,1.0,4.0,3.0,16.5,1,1,1,1,6950,12059,10158,3302,18861,23774,19144,20169,7214,2692,17214,22104,4736,14224,1.0,30:42,2015,2016
2015-16,2746,Josh Smith,Josh,1610612746,LAC,LA Clippers,21500401,2015-12-19T00:00:00,LAC @ HOU,L,5.6,2.0,4.0,0.0,4.0,5.0,2.0,2.0,6.0,0.0,2.0,0.0,1.0,8.4,1,13074,13074,13074,24130,6026,1596,9917,8599,8403,3734,4025,22724,8004,23588,1,12373,20273,1.0,5:38,2015,2016
2015-16,201155,Rodney Stuckey,Rodney,1610612754,IND,Indiana Pacers,21500402,2015-12-19T00:00:00,IND @ MEM,L,27.6,2.0,0.0,2.0,0.0,11.0,6.0,5.0,30.0,1.0,2.0,3.0,3.0,16.4,1,13074,13074,13074,9509,6026,10158,4675,18861,18886,13237,11593,4541,2692,23588,17641,4736,14289,1.0,27:38,2015,2016
2015-16,201565,Derrick Rose,Derrick,1610612741,CHI,Chicago Bulls,21500400,2015-12-19T00:00:00,CHI @ NYK,L,21.0,2.0,2.0,0.0,6.0,2.0,5.0,11.0,22.0,0.0,0.0,0.0,1.0,7.9,1,13074,13074,13074,15021,6026,4731,9917,5299,2619,11469,21342,10265,8004,1,1,12373,20646,1.0,21:02,2015,2016
2015-16,203500,Steven Adams,Steven,1610612760,OKC,Oklahoma City Thunder,21500398,2015-12-19T00:00:00,OKC vs. LAL,W,24.6,0.0,1.0,0.0,8.0,2.0,2.0,4.0,10.0,0.0,0.0,3.0,4.0,18.4,1,1,1,1,12034,12059,9709,9917,3109,2619,3734,8806,20209,8004,1,17641,2748,12854,1.0,24:35,2015,2016
2015-16,201145,Jeff Green,Jeff,1610612763,MEM,Memphis Grizzlies,21500402,2015-12-19T00:00:00,MEM vs. IND,W,34.0,6.0,0.0,2.0,10.0,4.0,8.0,5.0,20.0,1.0,0.0,3.0,2.0,21.2,1,1,1,1,4319,878,10158,4675,1840,6141,17345,11593,11929,2692,1,17641,7786,10936,1.0,34:02,2015,2016
2015-16,202390,Gary Neal,Gary,1610612764,WAS,Washington Wizards,21500399,2015-12-19T00:00:00,WAS vs. CHA,W,22.0,0.0,0.0,0.0,2.0,2.0,6.0,2.0,18.0,0.0,0.0,1.0,1.0,16.5,1,1,1,1,14164,12059,10158,9917,12984,2619,13237,4025,13577,8004,1,4972,12373,14224,1.0,22:00,2015,2016
2015-16,101133,Ian Mahinmi,Ian,1610612754,IND,Indiana Pacers,21500402,2015-12-19T00:00:00,IND @ MEM,L,18.3,0.0,0.0,0.0,4.0,7.0,5.0,2.0,12.0,0.0,2.0,5.0,2.0,16.7,1,13074,13074,13074,17263,12059,10158,9917,8599,12242,11469,4025,18637,8004,23588,24686,7786,14064,1.0,18:18,2015,2016
2015-16,203903,Jordan Clarkson,Jordan,1610612747,LAL,Los Angeles Lakers,21500398,2015-12-19T00:00:00,LAL @ OKC,L,29.8,2.0,0.0,2.0,8.0,5.0,13.0,9.0,24.0,0.0,0.0,0.0,2.0,23.3,1,13074,13074,13074,7707,6026,10158,4675,3109,8403,23668,18829,8723,8004,1,1,7786,9567,1.0,29:49,2015,2016
2015-16,201166,Aaron Brooks,Aaron,1610612741,CHI,Chicago Bulls,21500400,2015-12-19T00:00:00,CHI @ NYK,L,21.1,0.0,0.0,0.0,2.0,5.0,4.0,7.0,18.0,0.0,0.0,3.0,3.0,18.7,1,13074,13074,13074,14945,12059,10158,9917,12984,8403,8458,15538,13577,8004,1,17641,4736,12648,1.0,21:08,2015,2016
2015-16,101145,Monta Ellis,Monta,1610612754,IND,Indiana Pacers,21500402,2015-12-19T00:00:00,IND @ MEM,L,36.8,4.0,0.0,7.0,10.0,18.0,7.0,6.0,32.0,1.0,0.0,0.0,3.0,25.9,1,13074,13074,13074,2225,2460,10158,454,1840,24749,15642,13388,3535,2692,1,1,4736,7960,1.0,36:48,2015,2016
2015-16,203798,PJ Hairston,PJ,1610612766,CHA,Charlotte Hornets,21500399,2015-12-19T00:00:00,CHA @ WAS,L,18.7,3.0,2.0,0.0,2.0,9.0,4.0,6.0,20.0,0.0,0.0,1.0,1.0,19.2,1,13074,13074,13074,16971,4307,4731,9917,12984,15771,8458,13388,11929,8004,1,4972,12373,12284,1.0,18:40,2015,2016
2015-16,2743,Kris Humphries,Kris,1610612764,WAS,Washington Wizards,21500399,2015-12-19T00:00:00,WAS vs. CHA,W,16.3,3.0,0.0,0.0,2.0,2.0,6.0,0.0,16.0,0.0,0.0,1.0,1.0,9.8,1,1,1,1,18785,4307,10158,9917,12984,2619,13237,1,15259,8004,1,4972,12373,19331,1.0,16:20,2015,2016
2015-16,203093,Terrence Jones,Terrence,1610612745,HOU,Houston Rockets,21500401,2015-12-19T00:00:00,HOU vs. LAC,W,21.2,3.0,0.0,0.0,2.0,10.0,9.0,8.0,18.0,0.0,0.0,1.0,0.0,14.2,1,1,1,1,14862,4307,10158,9917,12984,17370,19144,17194,13577,8004,1,4972,18762,16003,1.0,21:13,2015,2016
2015-16,201977,Marcus Thornton,Marcus,1610612745,HOU,Houston Rockets,21500401,2015-12-19T00:00:00,HOU vs. LAC,W,19.4,2.0,2.0,2.0,4.0,8.0,11.0,6.0,18.0,0.0,1.0,2.0,5.0,19.1,1,1,1,1,16363,6026,4731,4675,8599,13914,21814,13388,13577,8004,17214,11390,1539,12372,1.0,19:26,2015,2016
2015-16,1626204,Larry Nance Jr.,Larry,1610612747,LAL,Los Angeles Lakers,21500398,2015-12-19T00:00:00,LAL @ OKC,L,22.1,0.0,0.0,0.0,0.0,2.0,11.0,5.0,20.0,0.0,0.0,1.0,1.0,10.3,1,13074,13074,13074,14084,12059,10158,9917,18861,2619,21814,11593,11929,8004,1,4972,12373,18965,1.0,22:06,2015,2016
2015-16,203210,JaMychal Green,JaMychal,1610612763,MEM,Memphis Grizzlies,21500402,2015-12-19T00:00:00,MEM vs. IND,W,8.4,0.0,0.0,0.0,0.0,4.0,0.0,4.0,10.0,1.0,0.0,1.0,0.0,9.8,1,1,1,1,23053,12059,10158,9917,18861,6141,1,8806,20209,2692,1,4972,18762,19331,1.0,8:25,2015,2016
2015-16,101181,Jose Calderon,Jose,1610612752,NYK,New York Knicks,21500400,2015-12-19T00:00:00,NYK vs. CHI,W,22.7,0.0,3.0,0.0,0.0,11.0,15.0,2.0,24.0,0.0,0.0,2.0,1.0,14.9,1,1,1,1,13631,12059,3104,9917,18861,18886,24781,4025,8723,8004,1,11390,12373,15463,1.0,22:40,2015,2016
2015-16,201588,George Hill,George,1610612754,IND,Indiana Pacers,21500402,2015-12-19T00:00:00,IND @ MEM,L,29.5,2.0,0.0,0.0,6.0,17.0,5.0,7.0,22.0,0.0,0.0,3.0,4.0,19.0,1,13074,13074,13074,7944,6026,10158,9917,5299,24337,11469,15538,10265,8004,1,17641,2748,12440,1.0,29:32,2015,2016
2015-16,203124,Kyle O'Quinn,Kyle,1610612752,NYK,New York Knicks,21500400,2015-12-19T00:00:00,NYK vs. CHI,W,20.4,0.0,2.0,0.0,2.0,6.0,6.0,2.0,18.0,1.0,0.0,3.0,1.0,19.0,1,1,1,1,15547,12059,4731,9917,12984,10028,13237,4025,13577,2692,1,17641,12373,12440,1.0,20:25,2015,2016
2015-16,201196,Ramon Sessions,Ramon,1610612764,WAS,Washington Wizards,21500399,2015-12-19T00:00:00,WAS vs. CHA,W,23.0,0.0,0.0,2.0,2.0,6.0,12.0,0.0,28.0,0.0,1.0,1.0,2.0,14.5,1,1,1,1,13361,12059,10158,4675,12984,10028,22832,1,5824,8004,17214,4972,7786,15799,1.0,23:01,2015,2016
2015-16,201579,Roy Hibbert,Roy,1610612747,LAL,Los Angeles Lakers,21500398,2015-12-19T00:00:00,LAL @ OKC,L,22.6,0.0,2.0,0.0,2.0,5.0,11.0,6.0,18.0,2.0,0.0,5.0,2.0,19.6,1,13074,13074,13074,13716,12059,4731,9917,12984,8403,21814,13388,13577,932,1,24686,7786,12024,1.0,22:34,2015,2016
2015-16,1891,Jason Terry,Jason,1610612745,HOU,Houston Rockets,21500401,2015-12-19T00:00:00,HOU vs. LAC,W,17.3,0.0,3.0,0.0,0.0,0.0,4.0,3.0,10.0,0.0,0.0,2.0,1.0,14.2,1,1,1,1,18046,12059,3104,9917,18861,1,8458,7328,20209,8004,1,11390,12373,16003,1.0,17:18,2015,2016
2015-16,203079,Dion Waiters,Dion,1610612760,OKC,Oklahoma City Thunder,21500398,2015-12-19T00:00:00,OKC vs. LAL,W,17.1,3.0,0.0,3.0,8.0,3.0,2.0,2.0,12.0,0.0,0.0,1.0,3.0,23.2,1,1,1,1,18210,4307,10158,3302,3109,5109,3734,4025,18637,8004,1,4972,4736,9630,1.0,17:05,2015,2016
2015-16,1713,Vince Carter,Vince,1610612763,MEM,Memphis Grizzlies,21500402,2015-12-19T00:00:00,MEM vs. IND,W,22.4,5.0,4.0,0.0,4.0,6.0,4.0,7.0,16.0,1.0,0.0,1.0,2.0,19.2,1,1,1,1,13834,1603,1596,9917,8599,10028,8458,15538,15259,2692,1,4972,7786,12284,1.0,22:24,2015,2016
2015-16,101114,Deron Williams,Deron,1610612742,DAL,Dallas Mavericks,21500394,2015-12-18T00:00:00,DAL vs. MEM,W,30.9,2.0,0.0,0.0,4.0,14.0,4.0,11.0,18.0,0.0,1.0,3.0,2.0,23.7,1,1,1,1,6851,6026,10158,9917,8599,22292,8458,21342,13577,8004,17214,17641,7786,9329,1.0,30:51,2015,2016
2015-16,203124,Kyle O'Quinn,Kyle,1610612752,NYK,New York Knicks,21500388,2015-12-18T00:00:00,NYK @ PHI,W,21.0,3.0,2.0,3.0,6.0,17.0,4.0,2.0,30.0,0.0,1.0,3.0,4.0,25.9,1,1,1,1,15053,4307,4731,3302,5299,24337,8458,4025,4541,8004,17214,17641,2748,7960,1.0,21:00,2015,2016
2015-16,203457,Nerlens Noel,Nerlens,1610612755,PHI,Philadelphia 76ers,21500388,2015-12-18T00:00:00,PHI vs. NYK,L,27.2,2.0,2.0,0.0,8.0,10.0,16.0,6.0,28.0,3.0,0.0,2.0,1.0,23.0,1,13074,13074,13074,9851,6026,4731,9917,3109,17370,25155,13388,5824,347,1,11390,12373,9760,1.0,27:12,2015,2016
2015-16,203105,Festus Ezeli,Festus,1610612744,GSW,Golden State Warriors,21500397,2015-12-18T00:00:00,GSW vs. MIL,W,26.9,0.0,6.0,2.0,12.0,12.0,9.0,7.0,34.0,0.0,0.0,3.0,4.0,34.0,1,1,1,1,10099,12059,481,4675,988,20178,19144,15538,2701,8004,1,17641,2748,4162,1.0,26:54,2015,2016
2015-16,201580,JaVale McGee,JaVale,1610612742,DAL,Dallas Mavericks,21500394,2015-12-18T00:00:00,DAL vs. MEM,W,17.7,0.0,2.0,0.0,10.0,7.0,2.0,3.0,10.0,3.0,0.0,0.0,3.0,23.0,1,1,1,1,17749,12059,4731,9917,1840,12242,3734,7328,20209,347,1,1,4736,9760,1.0,17:43,2015,2016
2015-16,202692,Alec Burks,Alec,1610612762,UTA,Utah Jazz,21500395,2015-12-18T00:00:00,UTA vs. DEN,W,17.3,1.0,0.0,0.0,4.0,4.0,2.0,3.0,12.0,0.0,0.0,1.0,2.0,14.8,1,1,1,1,18046,11535,10158,9917,8599,6141,3734,7328,18637,8004,1,4972,7786,15561,1.0,17:18,2015,2016
2015-16,2585,Zaza Pachulia,Zaza,1610612742,DAL,Dallas Mavericks,21500394,2015-12-18T00:00:00,DAL vs. MEM,W,28.8,2.0,4.0,2.0,4.0,12.0,5.0,9.0,16.0,0.0,1.0,3.0,4.0,34.1,1,1,1,1,8589,6026,1596,4675,8599,20178,11469,18829,15259,8004,17214,17641,2748,4124,1.0,28:45,2015,2016
2015-16,1938,Manu Ginobili,Manu,1610612759,SAS,San Antonio Spurs,21500393,2015-12-18T00:00:00,SAS vs. LAC,W,20.8,0.0,0.0,0.0,0.0,1.0,7.0,10.0,12.0,0.0,2.0,3.0,3.0,19.7,1,1,1,1,15268,12059,10158,9917,18861,2356,15642,20169,18637,8004,23588,17641,4736,11962,1.0,20:46,2015,2016
2015-16,2749,Jameer Nelson,Jameer,1610612743,DEN,Denver Nuggets,21500395,2015-12-18T00:00:00,DEN @ UTA,L,33.3,0.0,7.0,0.0,6.0,8.0,6.0,4.0,26.0,1.0,0.0,4.0,2.0,34.0,1,13074,13074,13074,4862,12059,292,9917,5299,13914,13237,8806,7214,2692,1,22104,7786,4162,1.0,33:20,2015,2016
2015-16,204060,Joe Ingles,Joe,1610612762,UTA,Utah Jazz,21500395,2015-12-18T00:00:00,UTA vs. DEN,W,17.3,0.0,0.0,0.0,2.0,5.0,2.0,2.0,10.0,0.0,1.0,1.0,0.0,14.5,1,1,1,1,18080,12059,10158,9917,12984,8403,3734,4025,20209,8004,17214,4972,18762,15799,1.0,17:15,2015,2016
2015-16,201188,Marc Gasol,Marc,1610612763,MEM,Memphis Grizzlies,21500394,2015-12-18T00:00:00,MEM @ DAL,L,33.6,2.0,0.0,0.0,6.0,13.0,8.0,11.0,20.0,0.0,0.0,2.0,4.0,34.1,1,13074,13074,13074,4682,6026,10158,9917,5299,21300,17345,21342,11929,8004,1,11390,2748,4124,1.0,33:35,2015,2016
2015-16,202702,Kenneth Faried,Kenneth,1610612743,DEN,Denver Nuggets,21500395,2015-12-18T00:00:00,DEN @ UTA,L,28.8,2.0,4.0,0.0,8.0,6.0,6.0,4.0,18.0,0.0,0.0,4.0,2.0,14.4,1,13074,13074,13074,8553,6026,1596,9917,3109,10028,13237,8806,13577,8004,1,22104,7786,15857,1.0,28:47,2015,2016
2015-16,1626157,Karl-Anthony Towns,Karl-Anthony,1610612750,MIN,Minnesota Timberwolves,21500392,2015-12-18T00:00:00,MIN vs. SAC,W,23.9,4.0,2.0,2.0,6.0,12.0,7.0,8.0,32.0,1.0,0.0,5.0,4.0,23.6,1,1,1,1,12697,2460,4731,4675,5299,20178,15642,17194,3535,2692,1,24686,2748,9377,1.0,23:51,2015,2016
2015-16,202687,Bismack Biyombo,Bismack,1610612761,TOR,Toronto Raptors,21500390,2015-12-18T00:00:00,TOR @ MIA,W,34.5,0.0,1.0,0.0,4.0,8.0,7.0,10.0,24.0,1.0,2.0,1.0,2.0,25.0,1,1,1,1,3975,12059,9709,9917,8599,13914,15642,20169,8723,2692,23588,4972,7786,8485,1.0,34:28,2015,2016
2015-16,203115,Will Barton,Will,1610612743,DEN,Denver Nuggets,21500395,2015-12-18T00:00:00,DEN @ UTA,L,23.3,5.0,0.0,3.0,8.0,8.0,2.0,4.0,16.0,0.0,0.0,2.0,3.0,23.6,1,13074,13074,13074,13109,1603,10158,3302,3109,13914,3734,8806,15259,8004,1,11390,4736,9377,1.0,23:19,2015,2016
2015-16,202693,Markieff Morris,Markieff,1610612756,PHX,Phoenix Suns,21500396,2015-12-18T00:00:00,PHX vs. NOP,W,16.7,0.0,4.0,0.0,2.0,0.0,2.0,5.0,4.0,0.0,3.0,4.0,2.0,19.4,1,1,1,1,18508,12059,1596,9917,12984,1,3734,11593,23698,8004,25441,22104,7786,12154,1.0,16:41,2015,2016
2015-16,201600,Omer Asik,Omer,1610612740,NOP,New Orleans Pelicans,21500396,2015-12-18T00:00:00,NOP @ PHX,L,21.2,0.0,2.0,4.0,4.0,4.0,11.0,8.0,32.0,0.0,0.0,3.0,1.0,14.7,1,13074,13074,13074,14877,12059,4731,1913,8599,6141,21814,17194,3535,8004,1,17641,12373,15631,1.0,21:13,2015,2016
2015-16,203484,Kentavious Caldwell-Pope,Kentavious,1610612765,DET,Detroit Pistons,21500391,2015-12-18T00:00:00,DET @ CHI,W,48.7,2.0,2.0,0.0,8.0,10.0,10.0,15.0,48.0,1.0,0.0,5.0,4.0,34.9,1,1,1,1,19,6026,4731,9917,3109,17370,20509,24242,192,2692,1,24686,2748,3845,1.0,48:45,2015,2016
2015-16,2207,Joe Johnson,Joe,1610612751,BKN,Brooklyn Nets,21500386,2015-12-18T00:00:00,BKN @ IND,L,32.8,0.0,0.0,3.0,0.0,18.0,9.0,9.0,28.0,0.0,0.0,2.0,2.0,23.5,1,13074,13074,13074,5271,12059,10158,3302,18861,24749,19144,18829,5824,8004,1,11390,7786,9452,1.0,32:48,2015,2016
2015-16,201589,Darrell Arthur,Darrell,1610612743,DEN,Denver Nuggets,21500395,2015-12-18T00:00:00,DEN @ UTA,L,17.7,2.0,0.0,2.0,2.0,6.0,2.0,4.0,12.0,2.0,1.0,0.0,0.0,19.2,1,13074,13074,13074,17777,6026,10158,4675,12984,10028,3734,8806,18637,932,17214,1,18762,12284,1.0,17:40,2015,2016
2015-16,201145,Jeff Green,Jeff,1610612763,MEM,Memphis Grizzlies,21500394,2015-12-18T00:00:00,MEM @ DAL,L,34.6,0.0,0.0,0.0,0.0,13.0,8.0,14.0,26.0,0.0,0.0,3.0,1.0,14.9,1,13074,13074,13074,3855,12059,10158,9917,18861,21300,17345,23710,7214,8004,1,17641,12373,15463,1.0,34:37,2015,2016
2015-16,201149,Joakim Noah,Joakim,1610612741,CHI,Chicago Bulls,21500391,2015-12-18T00:00:00,CHI vs. DET,L,25.7,0.0,0.0,4.0,6.0,6.0,10.0,2.0,22.0,0.0,0.0,1.0,1.0,25.2,1,13074,13074,13074,11151,12059,10158,1913,5299,10028,20509,4025,10265,8004,1,4972,12373,8383,1.0,25:40,2015,2016
2015-16,203506,Victor Oladipo,Victor,1610612753,ORL,Orlando Magic,21500387,2015-12-18T00:00:00,ORL vs. POR,W,34.9,6.0,4.0,2.0,6.0,10.0,9.0,7.0,12.0,1.0,0.0,4.0,0.0,34.8,1,1,1,1,3649,878,1596,4675,5299,17370,19144,15538,18637,2692,1,22104,18762,3891,1.0,34:51,2015,2016
2015-16,203100,Tony Wroten,Tony,1610612755,PHI,Philadelphia 76ers,21500388,2015-12-18T00:00:00,PHI vs. NYK,L,23.3,2.0,2.0,4.0,10.0,11.0,6.0,8.0,22.0,0.0,3.0,2.0,5.0,19.1,1,13074,13074,13074,13149,6026,4731,1913,1840,18886,13237,17194,10265,8004,25441,11390,1539,12372,1.0,23:15,2015,2016
2015-16,101123,Gerald Green,Gerald,1610612748,MIA,Miami Heat,21500390,2015-12-18T00:00:00,MIA vs. TOR,L,31.2,7.0,0.0,7.0,0.0,12.0,9.0,10.0,30.0,0.0,1.0,2.0,1.0,23.5,1,13074,13074,13074,6605,548,10158,454,18861,20178,19144,20169,4541,8004,17214,11390,12373,9452,1.0,31:09,2015,2016
2015-16,201575,Brandon Rush,Brandon,1610612744,GSW,Golden State Warriors,21500397,2015-12-18T00:00:00,GSW vs. MIL,W,24.8,0.0,0.0,2.0,2.0,8.0,7.0,8.0,30.0,0.0,0.0,0.0,0.0,19.0,1,1,1,1,11811,12059,10158,4675,12984,13914,15642,17194,4541,8004,1,1,18762,12440,1.0,24:49,2015,2016
2015-16,708,Kevin Garnett,Kevin,1610612750,MIN,Minnesota Timberwolves,21500392,2015-12-18T00:00:00,MIN vs. SAC,W,20.8,0.0,0.0,0.0,0.0,4.0,2.0,2.0,24.0,2.0,0.0,0.0,0.0,14.9,1,1,1,1,15240,12059,10158,9917,18861,6141,3734,4025,8723,932,1,1,18762,15463,1.0,20:48,2015,2016
2015-16,202087,Alonzo Gee,Alonzo,1610612740,NOP,New Orleans Pelicans,21500396,2015-12-18T00:00:00,NOP @ PHX,L,20.7,2.0,0.0,0.0,2.0,6.0,8.0,10.0,28.0,1.0,0.0,2.0,1.0,14.5,1,13074,13074,13074,15345,6026,10158,9917,12984,10028,17345,20169,5824,2692,1,11390,12373,15799,1.0,20:39,2015,2016
2015-16,203498,Shabazz Muhammad,Shabazz,1610612750,MIN,Minnesota Timberwolves,21500392,2015-12-18T00:00:00,MIN vs. SAC,W,27.0,0.0,6.0,0.0,6.0,11.0,5.0,11.0,26.0,0.0,1.0,2.0,1.0,25.9,1,1,1,1,9984,12059,481,9917,5299,18886,11469,21342,7214,8004,17214,11390,12373,7960,1.0,27:02,2015,2016
2015-16,203085,Austin Rivers,Austin,1610612746,LAC,LA Clippers,21500393,2015-12-18T00:00:00,LAC @ SAS,L,13.7,0.0,0.0,0.0,2.0,10.0,10.0,4.0,12.0,0.0,0.0,0.0,1.0,9.9,1,13074,13074,13074,20587,12059,10158,9917,12984,17370,20509,8806,18637,8004,1,1,12373,19247,1.0,13:42,2015,2016
2015-16,203081,Damian Lillard,Damian,1610612757,POR,Portland Trail Blazers,21500387,2015-12-18T00:00:00,POR @ ORL,L,36.1,3.0,0.0,3.0,2.0,23.0,15.0,15.0,50.0,0.0,0.0,4.0,7.0,34.6,1,13074,13074,13074,2720,4307,10158,3302,12984,25803,24781,24242,107,8004,1,22104,469,3963,1.0,36:03,2015,2016
2015-16,204038,Langston Galloway,Langston,1610612752,NYK,New York Knicks,21500388,2015-12-18T00:00:00,NYK @ PHI,W,16.5,0.0,0.0,0.0,2.0,13.0,2.0,2.0,22.0,0.0,0.0,2.0,2.0,14.9,1,1,1,1,18675,12059,10158,9917,12984,21300,3734,4025,10265,8004,1,11390,7786,15463,1.0,16:28,2015,2016
2015-16,202344,Trevor Booker,Trevor,1610612762,UTA,Utah Jazz,21500395,2015-12-18T00:00:00,UTA vs. DEN,W,25.4,1.0,0.0,1.0,4.0,8.0,4.0,5.0,24.0,0.0,1.0,2.0,2.0,25.7,1,1,1,1,11407,11535,10158,9347,8599,13914,8458,11593,8723,8004,17214,11390,7786,8088,1.0,25:22,2015,2016
2015-16,101112,Channing Frye,Channing,1610612753,ORL,Orlando Magic,21500387,2015-12-18T00:00:00,ORL vs. POR,W,22.5,2.0,2.0,0.0,0.0,1.0,4.0,0.0,8.0,0.0,0.0,3.0,0.0,10.3,1,1,1,1,13737,6026,4731,9917,18861,2356,8458,1,21543,8004,1,17641,18762,18965,1.0,22:32,2015,2016
2015-16,201564,O.J. Mayo,O.J.,1610612749,MIL,Milwaukee Bucks,21500397,2015-12-18T00:00:00,MIL @ GSW,L,21.9,3.0,4.0,2.0,4.0,10.0,10.0,12.0,20.0,0.0,1.0,4.0,4.0,19.6,1,13074,13074,13074,14245,4307,1596,4675,8599,17370,20509,22259,11929,8004,17214,22104,2748,12024,1.0,21:55,2015,2016
2015-16,202720,Jon Leuer,Jon,1610612756,PHX,Phoenix Suns,21500396,2015-12-18T00:00:00,PHX vs. NOP,W,27.0,2.0,4.0,4.0,10.0,14.0,4.0,7.0,22.0,0.0,1.0,1.0,2.0,26.0,1,1,1,1,9996,6026,1596,1913,1840,22292,8458,15538,10265,8004,17214,4972,7786,7910,1.0,27:01,2015,2016
2015-16,203086,Meyers Leonard,Meyers,1610612757,POR,Portland Trail Blazers,21500387,2015-12-18T00:00:00,POR @ ORL,L,21.7,0.0,2.0,0.0,2.0,10.0,8.0,2.0,12.0,0.0,0.0,2.0,1.0,10.4,1,13074,13074,13074,14473,12059,4731,9917,12984,17370,17345,4025,18637,8004,1,11390,12373,18859,1.0,21:40,2015,2016
2015-16,2594,Kyle Korver,Kyle,1610612737,ATL,Atlanta Hawks,21500389,2015-12-18T00:00:00,ATL @ BOS,W,35.2,0.0,0.0,3.0,4.0,14.0,7.0,5.0,30.0,0.0,0.0,4.0,2.0,26.0,1,1,1,1,3376,12059,10158,3302,8599,22292,15642,11593,4541,8004,1,22104,7786,7910,1.0,35:13,2015,2016
2015-16,202718,Chandler Parsons,Chandler,1610612742,DAL,Dallas Mavericks,21500394,2015-12-18T00:00:00,DAL vs. MEM,W,31.5,3.0,2.0,3.0,4.0,13.0,7.0,9.0,22.0,0.0,0.0,0.0,3.0,34.4,1,1,1,1,6315,4307,4731,3302,8599,21300,15642,18829,10265,8004,1,1,4736,4029,1.0,31:30,2015,2016
2015-16,201166,Aaron Brooks,Aaron,1610612741,CHI,Chicago Bulls,21500391,2015-12-18T00:00:00,CHI vs. DET,L,11.5,0.0,0.0,0.0,0.0,4.0,2.0,2.0,8.0,0.0,0.0,2.0,0.0,6.4,1,13074,13074,13074,21825,12059,10158,9917,18861,6141,3734,4025,21543,8004,1,11390,18762,21589,1.0,11:30,2015,2016
2015-16,201202,Joel Anthony,Joel,1610612765,DET,Detroit Pistons,21500391,2015-12-18T00:00:00,DET @ CHI,W,13.6,0.0,0.0,0.0,0.0,3.0,4.0,0.0,10.0,0.0,0.0,2.0,2.0,5.6,1,1,1,1,20659,12059,10158,9917,18861,5109,8458,1,20209,8004,1,11390,7786,22133,1.0,13:35,2015,2016
2015-16,202407,Elijah Millsap,Elijah,1610612762,UTA,Utah Jazz,21500395,2015-12-18T00:00:00,UTA vs. DEN,W,3.4,0.0,0.0,0.0,0.0,4.0,0.0,2.0,4.0,0.0,0.0,1.0,0.0,1.7,1,1,1,1,24965,12059,10158,9917,18861,6141,1,4025,23698,8004,1,4972,18762,24436,1.0,3:23,2015,2016
2015-16,202708,Norris Cole,Norris,1610612740,NOP,New Orleans Pelicans,21500396,2015-12-18T00:00:00,NOP @ PHX,L,24.0,0.0,0.0,2.0,0.0,9.0,13.0,3.0,24.0,0.0,0.0,1.0,2.0,5.9,1,13074,13074,13074,12528,12059,10158,4675,18861,15771,23668,7328,8723,8004,1,4972,7786,21953,1.0,24:02,2015,2016
2015-16,203893,Russ Smith,Russ,1610612763,MEM,Memphis Grizzlies,21500394,2015-12-18T00:00:00,MEM @ DAL,L,1.2,0.0,0.0,0.0,0.0,0.0,0.0,0.0,0.0,0.0,0.0,0.0,0.0,1.5,1,13074,13074,13074,25793,12059,10158,9917,18861,1,1,1,25429,8004,1,1,18762,24473,1.0,1:12,2015,2016
2015-16,203186,Willie Reed,Willie,1610612751,BKN,Brooklyn Nets,21500386,2015-12-18T00:00:00,BKN @ IND,L,8.7,0.0,0.0,0.0,0.0,4.0,4.0,6.0,12.0,1.0,0.0,2.0,3.0,2.0,1,13074,13074,13074,22982,12059,10158,9917,18861,6141,8458,13388,18637,2692,1,11390,4736,24216,1.0,8:39,2015,2016
2015-16,201574,Jason Thompson,Jason,1610612744,GSW,Golden State Warriors,21500397,2015-12-18T00:00:00,GSW vs. MIL,W,3.7,0.0,0.0,0.0,2.0,0.0,0.0,2.0,4.0,0.0,0.0,2.0,0.0,2.0,1,1,1,1,24854,12059,10158,9917,12984,1,1,4025,23698,8004,1,11390,18762,24216,1.0,3:39,2015,2016
2015-16,2756,Sasha Vujacic,Sasha,1610612752,NYK,New York Knicks,21500388,2015-12-18T00:00:00,NYK @ PHI,W,7.1,0.0,0.0,0.0,0.0,2.0,2.0,7.0,8.0,0.0,0.0,0.0,0.0,1.2,1,1,1,1,23542,12059,10158,9917,18861,2619,3734,15538,21543,8004,1,1,18762,24661,1.0,7:03,2015,2016
2015-16,202703,Nikola Mirotic,Nikola,1610612741,CHI,Chicago Bulls,21500391,2015-12-18T00:00:00,CHI vs. DET,L,23.9,0.0,0.0,0.0,0.0,8.0,8.0,2.0,20.0,0.0,0.0,3.0,2.0,11.0,1,13074,13074,13074,12620,12059,10158,9917,18861,13914,17345,4025,11929,8004,1,17641,7786,18430,1.0,23:56,2015,2016
2015-16,2419,Tayshaun Prince,Tayshaun,1610612750,MIN,Minnesota Timberwolves,21500392,2015-12-18T00:00:00,MIN vs. SAC,W,20.7,4.0,0.0,2.0,2.0,5.0,2.0,2.0,30.0,0.0,0.0,0.0,0.0,6.0,1,1,1,1,15316,2460,10158,4675,12984,8403,3734,4025,4541,8004,1,1,18762,21878,1.0,20:42,2015,2016
2015-16,2757,Beno Udrih,Beno,1610612748,MIA,Miami Heat,21500390,2015-12-18T00:00:00,MIA vs. TOR,L,21.7,0.0,0.0,0.0,2.0,7.0,4.0,5.0,20.0,0.0,0.0,2.0,1.0,10.6,1,13074,13074,13074,14406,12059,10158,9917,12984,12242,8458,11593,11929,8004,1,11390,12373,18723,1.0,21:44,2015,2016
2015-16,203897,Zach LaVine,Zach,1610612750,MIN,Minnesota Timberwolves,21500392,2015-12-18T00:00:00,MIN vs. SAC,W,17.8,0.0,0.0,4.0,6.0,6.0,0.0,9.0,12.0,0.0,0.0,2.0,2.0,6.4,1,1,1,1,17680,12059,10158,1913,5299,10028,1,18829,18637,8004,1,11390,7786,21589,1.0,17:48,2015,2016
2015-16,200751,Randy Foye,Randy,1610612743,DEN,Denver Nuggets,21500395,2015-12-18T00:00:00,DEN @ UTA,L,14.7,0.0,0.0,0.0,0.0,6.0,2.0,4.0,6.0,0.0,0.0,2.0,1.0,11.0,1,13074,13074,13074,19982,12059,10158,9917,18861,10028,3734,8806,22724,8004,1,11390,12373,18430,1.0,14:40,2015,2016
2015-16,101106,Andrew Bogut,Andrew,1610612744,GSW,Golden State Warriors,21500397,2015-12-18T00:00:00,GSW vs. MIL,W,5.3,0.0,0.0,0.0,0.0,4.0,1.0,4.0,6.0,0.0,0.0,2.0,0.0,1.7,1,1,1,1,24241,12059,10158,9917,18861,6141,3393,8806,22724,8004,1,11390,18762,24436,1.0,5:20,2015,2016
2015-16,203948,Johnny O'Bryant III,Johnny,1610612749,MIL,Milwaukee Bucks,21500397,2015-12-18T00:00:00,MIL @ GSW,L,14.8,0.0,0.0,0.0,0.0,4.0,10.0,2.0,20.0,0.0,0.0,2.0,0.0,5.6,1,13074,13074,13074,19873,12059,10158,9917,18861,6141,20509,4025,11929,8004,1,11390,18762,22133,1.0,14:50,2015,2016
2015-16,201158,Marco Belinelli,Marco,1610612758,SAC,Sacramento Kings,21500392,2015-12-18T00:00:00,SAC @ MIN,L,18.0,0.0,0.0,0.0,0.0,4.0,2.0,4.0,16.0,0.0,0.0,0.0,0.0,6.2,1,13074,13074,13074,17523,12059,10158,9917,18861,6141,3734,8806,15259,8004,1,1,18762,21696,1.0,17:59,2015,2016
2015-16,203960,JaKarr Sampson,JaKarr,1610612755,PHI,Philadelphia 76ers,21500388,2015-12-18T00:00:00,PHI vs. NYK,L,12.2,0.0,2.0,0.0,2.0,4.0,0.0,1.0,8.0,1.0,0.0,2.0,1.0,6.4,1,13074,13074,13074,21445,12059,4731,9917,12984,6141,1,3646,21543,2692,1,11390,12373,21589,1.0,12:10,2015,2016
2015-16,203516,James Ennis III,James,1610612763,MEM,Memphis Grizzlies,21500394,2015-12-18T00:00:00,MEM @ DAL,L,7.9,1.0,0.0,1.0,0.0,3.0,0.0,0.0,6.0,0.0,0.0,1.0,1.0,6.0,1,13074,13074,13074,23242,11535,10158,9347,18861,5109,1,1,22724,8004,1,4972,12373,21878,1.0,7:52,2015,2016
2015-16,203943,Noah Vonleh,Noah,1610612757,POR,Portland Trail Blazers,21500387,2015-12-18T00:00:00,POR @ ORL,L,12.4,0.0,0.0,0.0,2.0,4.0,4.0,6.0,24.0,0.0,0.0,1.0,0.0,5.5,1,13074,13074,13074,21322,12059,10158,9917,12984,6141,8458,13388,8723,8004,1,4972,18762,22196,1.0,12:25,2015,2016
2015-16,202326,DeMarcus Cousins,DeMarcus,1610612758,SAC,Sacramento Kings,21500392,2015-12-18T00:00:00,SAC @ MIN,L,36.9,7.0,5.0,0.0,22.0,10.0,14.0,10.0,36.0,1.0,2.0,4.0,5.0,54.4,1,13074,13074,13074,2117,548,995,9917,25,17370,24300,20169,1943,2692,23588,22104,1539,426,1.0,36:56,2015,2016
2015-16,1626143,Jahlil Okafor,Jahlil,1610612755,PHI,Philadelphia 76ers,21500388,2015-12-18T00:00:00,PHI vs. NYK,L,30.0,2.0,2.0,0.0,14.0,10.0,13.0,9.0,34.0,0.0,1.0,1.0,2.0,29.0,1,13074,13074,13074,7525,6026,4731,9917,542,17370,23668,18829,2701,8004,17214,4972,7786,6346,1.0,30:01,2015,2016
2015-16,203083,Andre Drummond,Andre,1610612765,DET,Detroit Pistons,21500391,2015-12-18T00:00:00,DET @ CHI,W,54.2,4.0,9.0,1.0,26.0,10.0,13.0,17.0,54.0,2.0,4.0,6.0,5.0,75.7,1,1,1,1,4,2460,77,9347,7,17370,23668,24967,35,932,25926,25827,1539,15,1.0,54:12,2015,2016
2015-16,101127,Jarrett Jack,Jarrett,1610612751,BKN,Brooklyn Nets,21500386,2015-12-18T00:00:00,BKN @ IND,L,38.9,2.0,0.0,0.0,4.0,18.0,13.0,10.0,36.0,2.0,0.0,2.0,3.0,57.8,1,13074,13074,13074,1104,6026,10158,9917,8599,24749,23668,20169,1943,932,1,11390,4736,275,1.0,38:55,2015,2016
2015-16,203458,Alex Len,Alex,1610612756,PHX,Phoenix Suns,21500396,2015-12-18T00:00:00,PHX vs. NOP,W,28.6,3.0,7.0,2.0,12.0,9.0,2.0,10.0,18.0,1.0,1.0,5.0,4.0,45.6,1,1,1,1,8767,4307,292,4675,988,15771,3734,20169,13577,2692,17214,24686,2748,1263,1.0,28:33,2015,2016
2015-16,203110,Draymond Green,Draymond,1610612744,GSW,Golden State Warriors,21500397,2015-12-18T00:00:00,GSW vs. MIL,W,40.3,4.0,2.0,4.0,10.0,16.0,10.0,15.0,48.0,0.0,3.0,4.0,8.0,44.8,1,1,1,1,653,2460,4731,1913,1840,23774,20509,24242,192,8004,25441,22104,254,1406,1.0,40:17,2015,2016
2015-16,201942,DeMar DeRozan,DeMar,1610612761,TOR,Toronto Raptors,21500390,2015-12-18T00:00:00,TOR @ MIA,W,39.7,4.0,4.0,0.0,6.0,13.0,9.0,13.0,26.0,0.0,1.0,0.0,8.0,43.8,1,1,1,1,807,2460,1596,9917,5299,21300,19144,23048,7214,8004,17214,1,254,1587,1.0,39:44,2015,2016
2015-16,203952,Andrew Wiggins,Andrew,1610612750,MIN,Minnesota Timberwolves,21500392,2015-12-18T00:00:00,MIN vs. SAC,W,36.4,2.0,8.0,4.0,18.0,15.0,7.0,8.0,50.0,0.0,0.0,2.0,7.0,49.0,1,1,1,1,2451,6026,137,1913,131,23079,15642,17194,107,8004,1,11390,469,862,1.0,36:25,2015,2016
2015-16,201143,Al Horford,Al,1610612737,ATL,Atlanta Hawks,21500389,2015-12-18T00:00:00,ATL @ BOS,W,36.0,0.0,4.0,2.0,18.0,11.0,5.0,5.0,28.0,3.0,0.0,4.0,1.0,45.0,1,1,1,1,2773,12059,1596,4675,131,18886,11469,11593,5824,347,1,22104,12373,1357,1.0,35:59,2015,2016
2015-16,201155,Rodney Stuckey,Rodney,1610612754,IND,Indiana Pacers,21500386,2015-12-18T00:00:00,IND vs. BKN,W,25.7,2.0,2.0,5.0,4.0,4.0,0.0,7.0,22.0,0.0,1.0,0.0,3.0,24.9,1,1,1,1,11078,6026,4731,1277,8599,6141,1,15538,10265,8004,17214,1,4736,8553,1.0,25:44,2015,2016
2015-16,202331,Paul George,Paul,1610612754,IND,Indiana Pacers,21500386,2015-12-18T00:00:00,IND vs. BKN,W,35.7,7.0,0.0,7.0,10.0,6.0,4.0,9.0,20.0,0.0,0.0,4.0,7.0,35.5,1,1,1,1,2945,548,10158,454,1840,10028,8458,18829,11929,8004,1,22104,469,3657,1.0,35:44,2015,2016
2015-16,1717,Dirk Nowitzki,Dirk,1610612742,DAL,Dallas Mavericks,21500394,2015-12-18T00:00:00,DAL vs. MEM,W,28.3,4.0,2.0,5.0,2.0,11.0,2.0,8.0,16.0,1.0,0.0,1.0,2.0,29.5,1,1,1,1,9034,2460,4731,1277,12984,18886,3734,17194,15259,2692,1,4972,7786,6103,1.0,28:16,2015,2016
2015-16,203530,Joffrey Lauvergne,Joffrey,1610612743,DEN,Denver Nuggets,21500395,2015-12-18T00:00:00,DEN @ UTA,L,27.0,2.0,2.0,0.0,6.0,7.0,6.0,4.0,18.0,0.0,0.0,1.0,0.0,29.1,1,13074,13074,13074,10032,6026,4731,9917,5299,12242,13237,8806,13577,8004,1,4972,18762,6285,1.0,26:59,2015,2016
2015-16,2570,Kendrick Perkins,Kendrick,1610612740,NOP,New Orleans Pelicans,21500396,2015-12-18T00:00:00,NOP @ PHX,L,10.0,0.0,0.0,0.0,2.0,7.0,2.0,0.0,8.0,1.0,0.0,2.0,1.0,7.4,1,13074,13074,13074,22471,12059,10158,9917,12984,12242,3734,1,21543,2692,1,11390,12373,20912,1.0,9:57,2015,2016
2015-16,202339,Eric Bledsoe,Eric,1610612756,PHX,Phoenix Suns,21500396,2015-12-18T00:00:00,PHX vs. NOP,W,35.3,8.0,2.0,5.0,16.0,16.0,4.0,12.0,24.0,0.0,0.0,4.0,4.0,47.3,1,1,1,1,3298,308,4731,1277,275,23774,8458,22259,8723,8004,1,22104,2748,1036,1.0,35:19,2015,2016
2015-16,204001,Kristaps Porziņģis,Kristaps,1610612752,NYK,New York Knicks,21500388,2015-12-18T00:00:00,NYK @ PHI,W,26.3,4.0,2.0,4.0,4.0,4.0,6.0,5.0,26.0,3.0,0.0,1.0,3.0,24.3,1,1,1,1,10613,2460,4731,1913,8599,6141,13237,11593,7214,347,1,4972,4736,8939,1.0,26:17,2015,2016
2015-16,203901,Elfrid Payton,Elfrid,1610612753,ORL,Orlando Magic,21500387,2015-12-18T00:00:00,ORL vs. POR,W,35.8,2.0,5.0,2.0,8.0,8.0,6.0,3.0,14.0,1.0,0.0,5.0,9.0,35.7,1,1,1,1,2907,6026,995,4675,3109,13914,13237,7328,17019,2692,1,24686,138,3578,1.0,35:47,2015,2016
2015-16,201144,Mike Conley,Mike,1610612763,MEM,Memphis Grizzlies,21500394,2015-12-18T00:00:00,MEM @ DAL,L,34.9,6.0,0.0,2.0,4.0,14.0,8.0,14.0,20.0,0.0,0.0,2.0,3.0,28.8,1,13074,13074,13074,3581,878,10158,4675,8599,22292,17345,23710,11929,8004,1,11390,4736,6465,1.0,34:56,2015,2016
2015-16,201565,Derrick Rose,Derrick,1610612741,CHI,Chicago Bulls,21500391,2015-12-18T00:00:00,CHI vs. DET,L,54.2,2.0,2.0,4.0,18.0,7.0,14.0,5.0,58.0,0.0,2.0,5.0,2.0,49.8,1,13074,13074,13074,3,6026,4731,1913,131,12242,24300,11593,14,8004,23588,24686,7786,775,1.0,54:13,2015,2016
2015-16,201609,Goran Dragic,Goran,1610612748,MIA,Miami Heat,21500390,2015-12-18T00:00:00,MIA vs. TOR,L,33.4,2.0,0.0,6.0,10.0,16.0,9.0,12.0,34.0,0.0,2.0,2.0,3.0,28.9,1,13074,13074,13074,4811,6026,10158,740,1840,23774,19144,22259,2701,8004,23588,11390,4736,6414,1.0,33:24,2015,2016
2015-16,201936,Tyreke Evans,Tyreke,1610612740,NOP,New Orleans Pelicans,21500396,2015-12-18T00:00:00,NOP @ PHX,L,24.4,2.0,0.0,2.0,8.0,11.0,9.0,3.0,28.0,1.0,2.0,4.0,2.0,24.3,1,13074,13074,13074,12177,6026,10158,4675,3109,18886,19144,7328,5824,2692,23588,22104,7786,8939,1.0,24:26,2015,2016
2015-16,201961,Wayne Ellington,Wayne,1610612751,BKN,Brooklyn Nets,21500386,2015-12-18T00:00:00,BKN @ IND,L,14.8,0.0,0.0,2.0,2.0,0.0,10.0,5.0,16.0,0.0,0.0,2.0,0.0,7.4,1,13074,13074,13074,19873,12059,10158,4675,12984,1,20509,11593,15259,8004,1,11390,18762,20912,1.0,14:50,2015,2016
2015-16,201937,Ricky Rubio,Ricky,1610612750,MIN,Minnesota Timberwolves,21500392,2015-12-18T00:00:00,MIN vs. SAC,W,32.4,0.0,0.0,0.0,2.0,9.0,5.0,4.0,42.0,0.0,0.0,3.0,4.0,35.4,1,1,1,1,5582,12059,10158,9917,12984,15771,11469,8806,670,8004,1,17641,2748,3684,1.0,32:23,2015,2016
2015-16,202696,Nikola Vučević,Nikola,1610612753,ORL,Orlando Magic,21500387,2015-12-18T00:00:00,ORL vs. POR,W,34.7,2.0,0.0,0.0,14.0,8.0,6.0,3.0,14.0,2.0,1.0,2.0,2.0,47.7,1,1,1,1,3763,6026,10158,9917,542,13914,13237,7328,17019,932,17214,11390,7786,989,1.0,34:43,2015,2016
2015-16,201939,Stephen Curry,Stephen,1610612744,GSW,Golden State Warriors,21500397,2015-12-18T00:00:00,GSW vs. MIL,W,39.3,4.0,2.0,3.0,8.0,16.0,10.0,15.0,48.0,0.0,2.0,2.0,7.0,51.5,1,1,1,1,936,2460,4731,3302,3109,23774,20509,24242,192,8004,23588,11390,469,614,1.0,39:20,2015,2016
2015-16,202710,Jimmy Butler III,Jimmy,1610612741,CHI,Chicago Bulls,21500391,2015-12-18T00:00:00,CHI vs. DET,L,55.5,5.0,3.0,6.0,18.0,4.0,19.0,5.0,62.0,2.0,2.0,5.0,11.0,64.6,1,13074,13074,13074,2,1603,3104,740,131,6141,25786,11593,5,932,23588,24686,44,94,1.0,55:33,2015,2016
2015-16,203076,Anthony Davis,Anthony,1610612740,NOP,New Orleans Pelicans,21500396,2015-12-18T00:00:00,NOP @ PHX,L,41.8,2.0,4.0,0.0,8.0,20.0,19.0,13.0,46.0,3.0,0.0,3.0,5.0,44.4,1,13074,13074,13074,339,6026,1596,9917,3109,25338,25786,23048,298,347,1,17641,1539,1474,1.0,41:49,2015,2016
2015-16,200746,LaMarcus Aldridge,LaMarcus,1610612759,SAS,San Antonio Spurs,21500393,2015-12-18T00:00:00,SAS vs. LAC,W,32.3,0.0,4.0,0.0,10.0,7.0,6.0,9.0,16.0,1.0,0.0,4.0,5.0,49.1,1,1,1,1,5674,12059,1596,9917,1840,12242,13237,18829,15259,2692,1,22104,1539,850,1.0,32:17,2015,2016
2015-16,201569,Eric Gordon,Eric,1610612740,NOP,New Orleans Pelicans,21500396,2015-12-18T00:00:00,NOP @ PHX,L,29.2,7.0,0.0,1.0,0.0,11.0,14.0,11.0,32.0,1.0,0.0,3.0,6.0,24.7,1,13074,13074,13074,8230,548,10158,9347,18861,18886,24300,21342,3535,2692,1,17641,873,8673,1.0,29:11,2015,2016
2015-16,200752,Rudy Gay,Rudy,1610612758,SAC,Sacramento Kings,21500392,2015-12-18T00:00:00,SAC @ MIN,L,37.6,2.0,2.0,2.0,12.0,10.0,14.0,12.0,42.0,1.0,2.0,2.0,1.0,29.0,1,13074,13074,13074,1710,6026,4731,4675,988,17370,24300,22259,670,2692,23588,11390,12373,6346,1.0,37:35,2015,2016
2015-16,202330,Gordon Hayward,Gordon,1610612762,UTA,Utah Jazz,21500395,2015-12-18T00:00:00,UTA vs. DEN,W,35.7,5.0,3.0,2.0,6.0,4.0,11.0,1.0,32.0,0.0,0.0,1.0,3.0,36.0,1,1,1,1,2946,1603,3104,4675,5299,6141,21814,3646,3535,8004,1,4972,4736,3463,1.0,35:44,2015,2016
2015-16,2200,Pau Gasol,Pau,1610612741,CHI,Chicago Bulls,21500391,2015-12-18T00:00:00,CHI vs. DET,L,48.1,4.0,3.0,3.0,12.0,5.0,12.0,5.0,50.0,5.0,0.0,5.0,8.0,69.5,1,13074,13074,13074,23,2460,3104,3302,988,8403,22832,11593,107,59,1,24686,254,49,1.0,48:03,2015,2016
2015-16,202691,Klay Thompson,Klay,1610612744,GSW,Golden State Warriors,21500397,2015-12-18T00:00:00,GSW vs. MIL,W,36.8,3.0,2.0,8.0,10.0,10.0,9.0,10.0,38.0,3.0,0.0,2.0,6.0,44.6,1,1,1,1,2238,4307,4731,280,1840,17370,19144,20169,1422,347,1,11390,873,1438,1.0,36:47,2015,2016
2015-16,202704,Reggie Jackson,Reggie,1610612765,DET,Detroit Pistons,21500391,2015-12-18T00:00:00,DET @ CHI,W,49.5,0.0,2.0,2.0,16.0,10.0,10.0,13.0,46.0,0.0,3.0,4.0,5.0,58.7,1,1,1,1,14,12059,4731,4675,275,17370,20509,23048,298,8004,25441,22104,1539,246,1.0,49:30,2015,2016
2015-16,101108,Chris Paul,Chris,1610612746,LAC,LA Clippers,21500393,2015-12-18T00:00:00,LAC @ SAS,L,34.4,2.0,2.0,4.0,0.0,2.0,7.0,4.0,28.0,0.0,2.0,5.0,4.0,51.4,1,13074,13074,13074,4053,6026,4731,1913,18861,2619,15642,8806,5824,8004,23588,24686,2748,620,1.0,34:22,2015,2016
2015-16,202699,Tobias Harris,Tobias,1610612753,ORL,Orlando Magic,21500387,2015-12-18T00:00:00,ORL vs. POR,W,36.4,9.0,6.0,11.0,16.0,10.0,4.0,5.0,12.0,0.0,0.0,0.0,5.0,51.4,1,1,1,1,2439,171,481,69,275,17370,8458,11593,18637,8004,1,1,1539,620,1.0,36:26,2015,2016
2015-16,202338,Kevin Seraphin,Kevin,1610612752,NYK,New York Knicks,21500388,2015-12-18T00:00:00,NYK @ PHI,W,5.0,0.0,0.0,0.0,2.0,0.0,2.0,7.0,4.0,1.0,0.0,1.0,0.0,7.4,1,1,1,1,24354,12059,10158,9917,12984,1,3734,15538,23698,2692,1,4972,18762,20912,1.0,5:02,2015,2016
2015-16,203900,Markel Brown,Markel,1610612751,BKN,Brooklyn Nets,21500386,2015-12-18T00:00:00,BKN @ IND,L,2.5,0.0,0.0,0.0,0.0,0.0,0.0,0.0,4.0,0.0,0.0,0.0,0.0,0.0,1,13074,13074,13074,25320,12059,10158,9917,18861,1,1,1,23698,8004,1,1,18762,25170,1.0,2:30,2015,2016
2015-16,2738,Andre Iguodala,Andre,1610612744,GSW,Golden State Warriors,21500397,2015-12-18T00:00:00,GSW vs. MIL,W,19.5,3.0,0.0,0.0,0.0,11.0,5.0,7.0,24.0,0.0,1.0,1.0,0.0,5.0,1,1,1,1,16348,4307,10158,9917,18861,18886,11469,15538,8723,8004,17214,4972,18762,22500,1.0,19:28,2015,2016
2015-16,2037,Jamal Crawford,Jamal,1610612746,LAC,LA Clippers,21500393,2015-12-18T00:00:00,LAC @ SAS,L,16.5,0.0,0.0,0.0,0.0,10.0,10.0,6.0,12.0,1.0,0.0,2.0,2.0,8.7,1,13074,13074,13074,18630,12059,10158,9917,18861,17370,20509,13388,18637,2692,1,11390,7786,20045,1.0,16:32,2015,2016
2015-16,203098,John Jenkins,John,1610612742,DAL,Dallas Mavericks,21500394,2015-12-18T00:00:00,DAL vs. MEM,W,1.2,0.0,0.0,0.0,0.0,2.0,2.0,2.0,4.0,0.0,0.0,0.0,0.0,0.0,1,1,1,1,25793,12059,10158,9917,18861,2619,3734,4025,23698,8004,1,1,18762,25170,1.0,1:12,2015,2016
2015-16,201585,Kosta Koufos,Kosta,1610612758,SAC,Sacramento Kings,21500392,2015-12-18T00:00:00,SAC @ MIN,L,21.7,0.0,0.0,0.0,2.0,6.0,4.0,2.0,12.0,0.0,0.0,0.0,1.0,8.8,1,13074,13074,13074,14396,12059,10158,9917,12984,10028,8458,4025,18637,8004,1,1,12373,19994,1.0,21:45,2015,2016
2015-16,203613,Jonathon Simmons,Jonathon,1610612759,SAS,San Antonio Spurs,21500393,2015-12-18T00:00:00,SAS vs. LAC,W,8.5,2.0,0.0,2.0,2.0,0.0,2.0,3.0,6.0,0.0,0.0,3.0,0.0,9.2,1,1,1,1,23037,6026,10158,4675,12984,1,3734,7328,22724,8004,1,17641,18762,19680,1.0,8:27,2015,2016
2015-16,203503,Tony Snell,Tony,1610612741,CHI,Chicago Bulls,21500391,2015-12-18T00:00:00,CHI vs. DET,L,38.2,0.0,0.0,0.0,0.0,3.0,10.0,5.0,42.0,0.0,0.0,5.0,1.0,8.8,1,13074,13074,13074,1436,12059,10158,9917,18861,5109,20509,11593,670,8004,1,24686,12373,19994,1.0,38:11,2015,2016
2015-16,2571,Leandro Barbosa,Leandro,1610612744,GSW,Golden State Warriors,21500397,2015-12-18T00:00:00,GSW vs. MIL,W,8.7,2.0,2.0,2.0,4.0,3.0,4.0,0.0,10.0,0.0,0.0,2.0,1.0,4.0,1,1,1,1,22975,6026,4731,4675,8599,5109,8458,1,20209,8004,1,11390,12373,23142,1.0,8:40,2015,2016
2015-16,203934,Lamar Patterson,Lamar,1610612737,ATL,Atlanta Hawks,21500389,2015-12-18T00:00:00,ATL @ BOS,W,5.2,0.0,0.0,0.0,0.0,2.0,0.0,0.0,4.0,0.0,0.0,0.0,0.0,-0.8,1,1,1,1,24292,12059,10158,9917,18861,2619,1,1,23698,8004,1,1,18762,25914,1.0,5:12,2015,2016
2015-16,203926,Doug McDermott,Doug,1610612741,CHI,Chicago Bulls,21500391,2015-12-18T00:00:00,CHI vs. DET,L,22.3,0.0,0.0,0.0,2.0,6.0,10.0,2.0,16.0,0.0,0.0,3.0,0.0,3.2,1,13074,13074,13074,13903,12059,10158,9917,12984,10028,20509,4025,15259,8004,1,17641,18762,23473,1.0,22:19,2015,2016
2015-16,202362,Lance Stephenson,Lance,1610612746,LAC,LA Clippers,21500393,2015-12-18T00:00:00,LAC @ SAS,L,10.3,0.0,0.0,0.0,0.0,8.0,7.0,2.0,8.0,0.0,0.0,1.0,0.0,-1.0,1,13074,13074,13074,22308,12059,10158,9917,18861,13914,15642,4025,21543,8004,1,4972,18762,25932,1.0,10:19,2015,2016
2015-16,101179,Ronnie Price,Ronnie,1610612756,PHX,Phoenix Suns,21500396,2015-12-18T00:00:00,PHX vs. NOP,W,17.8,0.0,0.0,0.0,0.0,0.0,4.0,8.0,10.0,0.0,0.0,4.0,2.0,6.5,1,1,1,1,17694,12059,10158,9917,18861,1,8458,17194,20209,8004,1,22104,7786,21519,1.0,17:46,2015,2016
2015-16,201229,Anthony Tolliver,Anthony,1610612765,DET,Detroit Pistons,21500391,2015-12-18T00:00:00,DET @ CHI,W,13.0,0.0,0.0,0.0,2.0,3.0,3.0,2.0,10.0,0.0,0.0,1.0,0.0,3.2,1,1,1,1,20995,12059,10158,9917,12984,5109,7138,4025,20209,8004,1,4972,18762,23473,1.0,12:58,2015,2016
2015-16,201967,Dante Cunningham,Dante,1610612740,NOP,New Orleans Pelicans,21500396,2015-12-18T00:00:00,NOP @ PHX,L,4.7,0.0,0.0,0.0,0.0,0.0,2.0,0.0,4.0,0.0,0.0,1.0,0.0,0.0,1,13074,13074,13074,24463,12059,10158,9917,18861,1,3734,1,23698,8004,1,4972,18762,25170,1.0,4:43,2015,2016
2015-16,202734,E'Twaun Moore,E'Twaun,1610612741,CHI,Chicago Bulls,21500391,2015-12-18T00:00:00,CHI vs. DET,L,3.4,0.0,3.0,0.0,0.0,4.0,0.0,0.0,0.0,0.0,0.0,1.0,1.0,5.0,1,13074,13074,13074,24986,12059,3104,9917,18861,6141,1,1,25429,8004,1,4972,12373,22500,1.0,3:21,2015,2016
2015-16,202711,Bojan Bogdanović,Bojan,1610612751,BKN,Brooklyn Nets,21500386,2015-12-18T00:00:00,BKN @ IND,L,31.0,2.0,0.0,2.0,2.0,12.0,13.0,12.0,30.0,0.0,1.0,1.0,0.0,7.2,1,13074,13074,13074,6755,6026,10158,4675,12984,20178,23668,22259,4541,8004,17214,4972,18762,21035,1.0,30:58,2015,2016
2015-16,203939,Dwight Powell,Dwight,1610612742,DAL,Dallas Mavericks,21500394,2015-12-18T00:00:00,DAL vs. MEM,W,9.5,0.0,0.0,0.0,0.0,6.0,3.0,6.0,8.0,0.0,0.0,3.0,2.0,4.2,1,1,1,1,22653,12059,10158,9917,18861,10028,7138,13388,21543,8004,1,17641,7786,22976,1.0,9:27,2015,2016
2015-16,202379,Jeremy Evans,Jeremy,1610612742,DAL,Dallas Mavericks,21500394,2015-12-18T00:00:00,DAL vs. MEM,W,1.3,0.0,0.0,0.0,0.0,2.0,2.0,4.0,6.0,0.0,0.0,0.0,0.0,0.0,1,1,1,1,25760,12059,10158,9917,18861,2619,3734,8806,22724,8004,1,1,18762,25170,1.0,1:20,2015,2016
2015-16,1626173,Rashad Vaughn,Rashad,1610612749,MIL,Milwaukee Bucks,21500397,2015-12-18T00:00:00,MIL @ GSW,L,11.0,0.0,0.0,0.0,0.0,4.0,8.0,4.0,16.0,0.0,0.0,0.0,1.0,3.5,1,13074,13074,13074,22049,12059,10158,9917,18861,6141,17345,8806,15259,8004,1,1,12373,23351,1.0,10:58,2015,2016
2015-16,203940,Adreian Payne,Adreian,1610612750,MIN,Minnesota Timberwolves,21500392,2015-12-18T00:00:00,MIN vs. SAC,W,7.4,0.0,0.0,0.0,0.0,0.0,0.0,2.0,6.0,1.0,0.0,1.0,0.0,3.5,1,1,1,1,23421,12059,10158,9917,18861,1,1,4025,22724,2692,1,4972,18762,23351,1.0,7:24,2015,2016
2015-16,1626185,Jarell Martin,Jarell,1610612763,MEM,Memphis Grizzlies,21500394,2015-12-18T00:00:00,MEM @ DAL,L,3.5,0.0,0.0,0.0,0.0,0.0,2.0,0.0,2.0,0.0,0.0,0.0,0.0,0.0,1,13074,13074,13074,24935,12059,10158,9917,18861,1,3734,1,24614,8004,1,1,18762,25170,1.0,3:28,2015,2016
2015-16,203089,John Henson,John,1610612749,MIL,Milwaukee Bucks,21500397,2015-12-18T00:00:00,MIL @ GSW,L,2.1,0.0,0.0,0.0,0.0,0.0,2.0,0.0,4.0,0.0,0.0,3.0,0.0,0.0,1,13074,13074,13074,25482,12059,10158,9917,18861,1,3734,1,23698,8004,1,17641,18762,25170,1.0,2:06,2015,2016
2015-16,1889,Andre Miller,Andre,1610612750,MIN,Minnesota Timberwolves,21500392,2015-12-18T00:00:00,MIN vs. SAC,W,5.0,0.0,0.0,0.0,2.0,4.0,2.0,7.0,6.0,0.0,0.0,1.0,0.0,3.5,1,1,1,1,24366,12059,10158,9917,12984,6141,3734,15538,22724,8004,1,4972,18762,23351,1.0,5:01,2015,2016
2015-16,201973,Jonas Jerebko,Jonas,1610612738,BOS,Boston Celtics,21500389,2015-12-18T00:00:00,BOS vs. ATL,L,15.6,0.0,0.0,0.0,0.0,7.0,12.0,0.0,14.0,0.0,0.0,3.0,2.0,8.7,1,13074,13074,13074,19363,12059,10158,9917,18861,12242,22832,1,17019,8004,1,17641,7786,20045,1.0,15:34,2015,2016
2015-16,2755,Kevin Martin,Kevin,1610612750,MIN,Minnesota Timberwolves,21500392,2015-12-18T00:00:00,MIN vs. SAC,W,15.8,0.0,0.0,0.0,2.0,10.0,3.0,13.0,14.0,0.0,0.0,0.0,0.0,3.4,1,1,1,1,19204,12059,10158,9917,12984,17370,7138,23048,17019,8004,1,1,18762,23417,1.0,15:47,2015,2016
2015-16,203123,Kostas Papanikolaou,Kostas,1610612743,DEN,Denver Nuggets,21500395,2015-12-18T00:00:00,DEN @ UTA,L,11.5,0.0,0.0,0.0,0.0,6.0,2.0,4.0,8.0,0.0,0.0,0.0,1.0,4.4,1,13074,13074,13074,21847,12059,10158,9917,18861,10028,3734,8806,21543,8004,1,1,12373,22837,1.0,11:28,2015,2016
2015-16,2550,Kirk Hinrich,Kirk,1610612741,CHI,Chicago Bulls,21500391,2015-12-18T00:00:00,CHI vs. DET,L,13.1,0.0,0.0,0.0,0.0,3.0,5.0,0.0,14.0,0.0,0.0,3.0,2.0,0.0,1,13074,13074,13074,20906,12059,10158,9917,18861,5109,11469,1,17019,8004,1,17641,7786,25170,1.0,13:08,2015,2016
2015-16,1626159,Justise Winslow,Justise,1610612748,MIA,Miami Heat,21500390,2015-12-18T00:00:00,MIA vs. TOR,L,18.4,0.0,0.0,0.0,0.0,7.0,6.0,5.0,18.0,0.0,0.0,3.0,1.0,4.4,1,13074,13074,13074,17220,12059,10158,9917,18861,12242,13237,11593,13577,8004,1,17641,12373,22837,1.0,18:21,2015,2016
2015-16,200768,Kyle Lowry,Kyle,1610612761,TOR,Toronto Raptors,21500390,2015-12-18T00:00:00,TOR @ MIA,W,37.9,4.0,0.0,4.0,14.0,8.0,9.0,4.0,32.0,0.0,2.0,2.0,6.0,41.6,1,1,1,1,1552,2460,10158,1913,542,13914,19144,8806,3535,8004,23588,11390,873,2021,1.0,37:54,2015,2016
2015-16,203953,Jabari Parker,Jabari,1610612749,MIL,Milwaukee Bucks,21500397,2015-12-18T00:00:00,MIL @ GSW,L,30.8,2.0,0.0,4.0,4.0,11.0,8.0,17.0,36.0,1.0,1.0,5.0,2.0,20.4,1,13074,13074,13074,6876,6026,10158,1913,8599,18886,17345,24967,1943,2692,17214,24686,7786,11453,1.0,30:50,2015,2016
2015-16,203914,Gary Harris,Gary,1610612743,DEN,Denver Nuggets,21500395,2015-12-18T00:00:00,DEN @ UTA,L,29.1,0.0,0.0,0.0,8.0,8.0,6.0,4.0,18.0,1.0,0.0,3.0,2.0,20.4,1,13074,13074,13074,8328,12059,10158,9917,3109,13914,13237,8806,13577,2692,1,17641,7786,11453,1.0,29:03,2015,2016
2015-16,201568,Danilo Gallinari,Danilo,1610612743,DEN,Denver Nuggets,21500395,2015-12-18T00:00:00,DEN @ UTA,L,33.7,2.0,0.0,0.0,2.0,8.0,6.0,4.0,24.0,0.0,0.0,1.0,4.0,15.2,1,13074,13074,13074,4583,6026,10158,9917,12984,13914,13237,8806,8723,8004,1,4972,2748,15219,1.0,33:43,2015,2016
2015-16,1495,Tim Duncan,Tim,1610612759,SAS,San Antonio Spurs,21500393,2015-12-18T00:00:00,SAS vs. LAC,W,29.4,2.0,5.0,2.0,10.0,6.0,6.0,5.0,14.0,0.0,1.0,2.0,4.0,27.0,1,1,1,1,8040,6026,995,4675,1840,10028,13237,11593,17019,8004,17214,11390,2748,7385,1.0,29:25,2015,2016
2015-16,200826,J.J. Barea,J.J.,1610612742,DAL,Dallas Mavericks,21500394,2015-12-18T00:00:00,DAL vs. MEM,W,22.4,0.0,0.0,0.0,4.0,13.0,8.0,7.0,20.0,0.0,0.0,5.0,1.0,15.1,1,1,1,1,13873,12059,10158,9917,8599,21300,17345,15538,11929,8004,1,24686,12373,15328,1.0,22:21,2015,2016
2015-16,201950,Jrue Holiday,Jrue,1610612740,NOP,New Orleans Pelicans,21500396,2015-12-18T00:00:00,NOP @ PHX,L,26.8,0.0,2.0,2.0,6.0,16.0,14.0,10.0,26.0,0.0,0.0,2.0,4.0,20.4,1,13074,13074,13074,10155,12059,4731,4675,5299,23774,24300,20169,7214,8004,1,11390,2748,11453,1.0,26:50,2015,2016
2015-16,203487,Michael Carter-Williams,Michael,1610612749,MIL,Milwaukee Bucks,21500397,2015-12-18T00:00:00,MIL @ GSW,L,38.9,2.0,5.0,0.0,12.0,16.0,10.0,21.0,46.0,1.0,1.0,3.0,4.0,40.0,1,13074,13074,13074,1095,6026,995,9917,988,23774,20509,25725,298,2692,17214,17641,2748,2364,1.0,38:56,2015,2016
2015-16,203924,Jerami Grant,Jerami,1610612755,PHI,Philadelphia 76ers,21500388,2015-12-18T00:00:00,PHI vs. NYK,L,26.5,2.0,0.0,4.0,4.0,11.0,4.0,8.0,22.0,1.0,1.0,2.0,3.0,15.2,1,13074,13074,13074,10419,6026,10158,1913,8599,18886,8458,17194,10265,2692,17214,11390,4736,15219,1.0,26:33,2015,2016
2015-16,1626154,RJ Hunter,RJ,1610612738,BOS,Boston Celtics,21500389,2015-12-18T00:00:00,BOS vs. ATL,L,17.7,0.0,0.0,0.0,2.0,10.0,7.0,4.0,20.0,0.0,0.0,1.0,0.0,11.6,1,13074,13074,13074,17763,12059,10158,9917,12984,17370,15642,8806,11929,8004,1,4972,18762,17970,1.0,17:42,2015,2016
2015-16,203918,Rodney Hood,Rodney,1610612762,UTA,Utah Jazz,21500395,2015-12-18T00:00:00,UTA vs. DEN,W,32.7,2.0,0.0,2.0,2.0,9.0,11.0,2.0,30.0,0.0,1.0,2.0,4.0,27.3,1,1,1,1,5323,6026,10158,4675,12984,15771,21814,4025,4541,8004,17214,11390,2748,7236,1.0,32:43,2015,2016
2015-16,203096,Jared Sullinger,Jared,1610612738,BOS,Boston Celtics,21500389,2015-12-18T00:00:00,BOS vs. ATL,L,24.4,2.0,3.0,0.0,4.0,6.0,4.0,7.0,40.0,0.0,0.0,0.0,4.0,27.1,1,13074,13074,13074,12196,6026,3104,9917,8599,10028,8458,15538,983,8004,1,1,2748,7339,1.0,24:25,2015,2016
2015-16,202709,Cory Joseph,Cory,1610612761,TOR,Toronto Raptors,21500390,2015-12-18T00:00:00,TOR @ MIA,W,19.5,0.0,0.0,0.0,0.0,5.0,0.0,9.0,10.0,0.0,0.0,2.0,1.0,11.6,1,1,1,1,16316,12059,10158,9917,18861,8403,1,18829,20209,8004,1,11390,12373,17970,1.0,19:30,2015,2016
2015-16,203095,Evan Fournier,Evan,1610612753,ORL,Orlando Magic,21500387,2015-12-18T00:00:00,ORL vs. POR,W,25.4,2.0,0.0,0.0,2.0,2.0,7.0,4.0,10.0,0.0,0.0,0.0,1.0,15.2,1,1,1,1,11408,6026,10158,9917,12984,2619,15642,8806,20209,8004,1,1,12373,15219,1.0,25:22,2015,2016
2015-16,2546,Carmelo Anthony,Carmelo,1610612752,NYK,New York Knicks,21500388,2015-12-18T00:00:00,NYK @ PHI,W,28.3,0.0,2.0,0.0,4.0,6.0,10.0,7.0,36.0,0.0,1.0,1.0,4.0,31.0,1,1,1,1,8986,12059,4731,9917,8599,10028,20509,15538,1943,8004,17214,4972,2748,5406,1.0,28:20,2015,2016
2015-16,203471,Dennis Schröder,Dennis,1610612737,ATL,Atlanta Hawks,21500389,2015-12-18T00:00:00,ATL @ BOS,W,28.3,9.0,6.0,2.0,12.0,3.0,2.0,5.0,12.0,0.0,0.0,3.0,4.0,41.5,1,1,1,1,8994,171,481,4675,988,5109,3734,11593,18637,8004,1,17641,2748,2038,1.0,28:19,2015,2016
2015-16,1626169,Stanley Johnson,Stanley,1610612765,DET,Detroit Pistons,21500391,2015-12-18T00:00:00,DET @ CHI,W,30.4,0.0,4.0,0.0,4.0,5.0,10.0,6.0,30.0,0.0,0.0,6.0,2.0,26.9,1,1,1,1,7176,12059,1596,9917,8599,8403,20509,13388,4541,8004,1,25827,7786,7438,1.0,30:24,2015,2016
2015-16,202388,Donald Sloan,Donald,1610612751,BKN,Brooklyn Nets,21500386,2015-12-18T00:00:00,BKN @ IND,L,24.0,2.0,0.0,2.0,6.0,6.0,12.0,6.0,24.0,0.0,1.0,2.0,0.0,15.7,1,13074,13074,13074,12582,6026,10158,4675,5299,10028,22832,13388,8723,8004,17214,11390,18762,14841,1.0,23:59,2015,2016
2015-16,1626158,Richaun Holmes,Richaun,1610612755,PHI,Philadelphia 76ers,21500388,2015-12-18T00:00:00,PHI vs. NYK,L,18.4,2.0,0.0,0.0,10.0,8.0,3.0,8.0,16.0,0.0,1.0,1.0,0.0,15.6,1,13074,13074,13074,17163,6026,10158,9917,1840,13914,7138,17194,15259,8004,17214,4972,18762,14916,1.0,18:25,2015,2016
2015-16,201980,Danny Green,Danny,1610612759,SAS,San Antonio Spurs,21500393,2015-12-18T00:00:00,SAS vs. LAC,W,24.6,5.0,5.0,2.0,4.0,6.0,9.0,3.0,12.0,2.0,0.0,2.0,1.0,19.8,1,1,1,1,12013,1603,995,4675,8599,10028,19144,7328,18637,932,1,11390,12373,11883,1.0,24:37,2015,2016
2015-16,203476,Gorgui Dieng,Gorgui,1610612750,MIN,Minnesota Timberwolves,21500392,2015-12-18T00:00:00,MIN vs. SAC,W,28.9,2.0,0.0,0.0,2.0,9.0,2.0,9.0,28.0,1.0,1.0,1.0,1.0,26.7,1,1,1,1,8482,6026,10158,9917,12984,15771,3734,18829,5824,2692,17214,4972,12373,7525,1.0,28:52,2015,2016
2015-16,203094,Andrew Nicholson,Andrew,1610612753,ORL,Orlando Magic,21500387,2015-12-18T00:00:00,ORL vs. POR,W,24.9,0.0,0.0,0.0,6.0,9.0,7.0,7.0,10.0,0.0,1.0,2.0,3.0,11.8,1,1,1,1,11774,12059,10158,9917,5299,15771,15642,15538,20209,8004,17214,11390,4736,17832,1.0,24:53,2015,2016
2015-16,201978,Chase Budinger,Chase,1610612754,IND,Indiana Pacers,21500386,2015-12-18T00:00:00,IND vs. BKN,W,13.3,0.0,4.0,0.0,6.0,6.0,0.0,4.0,18.0,0.0,1.0,1.0,1.0,11.9,1,1,1,1,20837,12059,1596,9917,5299,10028,1,8806,13577,8004,17214,4972,12373,17760,1.0,13:16,2015,2016
2015-16,101135,David Lee,David,1610612738,BOS,Boston Celtics,21500389,2015-12-18T00:00:00,BOS vs. ATL,L,18.1,0.0,0.0,0.0,4.0,7.0,7.0,7.0,20.0,2.0,0.0,0.0,1.0,19.9,1,13074,13074,13074,17465,12059,10158,9917,8599,12242,15642,15538,11929,932,1,1,12373,11824,1.0,18:04,2015,2016
2015-16,200782,P.J. Tucker,P.J.,1610612756,PHX,Phoenix Suns,21500396,2015-12-18T00:00:00,PHX vs. NOP,W,24.2,1.0,0.0,1.0,2.0,16.0,4.0,7.0,22.0,0.0,0.0,1.0,1.0,15.6,1,1,1,1,12370,11535,10158,9347,12984,23774,8458,15538,10265,8004,1,4972,12373,14916,1.0,24:13,2015,2016
2015-16,202325,Wesley Johnson,Wesley,1610612746,LAC,LA Clippers,21500393,2015-12-18T00:00:00,LAC @ SAS,L,14.8,0.0,0.0,0.0,2.0,2.0,5.0,2.0,14.0,2.0,0.0,1.0,1.0,15.6,1,13074,13074,13074,19901,12059,10158,9917,12984,2619,11469,4025,17019,932,1,4972,12373,14916,1.0,14:47,2015,2016
2015-16,101133,Ian Mahinmi,Ian,1610612754,IND,Indiana Pacers,21500386,2015-12-18T00:00:00,IND vs. BKN,W,25.5,0.0,4.0,0.0,10.0,4.0,2.0,4.0,24.0,1.0,2.0,1.0,0.0,26.8,1,1,1,1,11317,12059,1596,9917,1840,6141,3734,8806,8723,2692,23588,4972,18762,7486,1.0,25:28,2015,2016
2015-16,203101,Miles Plumlee,Miles,1610612749,MIL,Milwaukee Bucks,21500397,2015-12-18T00:00:00,MIL @ GSW,L,19.2,0.0,0.0,2.0,6.0,2.0,8.0,4.0,20.0,3.0,0.0,1.0,4.0,30.4,1,13074,13074,13074,16501,12059,10158,4675,5299,2619,17345,8806,11929,347,1,4972,2748,5661,1.0,19:14,2015,2016
2015-16,203999,Nikola Jokić,Nikola,1610612743,DEN,Denver Nuggets,21500395,2015-12-18T00:00:00,DEN @ UTA,L,21.0,0.0,0.0,0.0,2.0,7.0,2.0,4.0,14.0,0.0,0.0,3.0,4.0,20.0,1,13074,13074,13074,15039,12059,10158,9917,12984,12242,3734,8806,17019,8004,1,17641,2748,11752,1.0,21:01,2015,2016
2015-16,202688,Brandon Knight,Brandon,1610612756,PHX,Phoenix Suns,21500396,2015-12-18T00:00:00,PHX vs. NOP,W,40.6,2.0,0.0,1.0,2.0,16.0,6.0,12.0,32.0,0.0,0.0,4.0,3.0,11.9,1,1,1,1,583,6026,10158,9347,12984,23774,13237,22259,3535,8004,1,22104,4736,17760,1.0,40:35,2015,2016
2015-16,201572,Brook Lopez,Brook,1610612751,BKN,Brooklyn Nets,21500386,2015-12-18T00:00:00,BKN @ IND,L,32.6,0.0,0.0,0.0,8.0,14.0,13.0,7.0,30.0,1.0,0.0,5.0,3.0,26.5,1,13074,13074,13074,5434,12059,10158,9917,3109,22292,23668,15538,4541,2692,1,24686,4736,7627,1.0,32:35,2015,2016
2015-16,202328,Greg Monroe,Greg,1610612749,MIL,Milwaukee Bucks,21500397,2015-12-18T00:00:00,MIL @ GSW,L,26.7,0.0,2.0,0.0,10.0,16.0,8.0,19.0,34.0,1.0,0.0,5.0,1.0,40.6,1,13074,13074,13074,10300,12059,4731,9917,1840,23774,17345,25435,2701,2692,1,24686,12373,2230,1.0,26:40,2015,2016
2015-16,201584,Courtney Lee,Courtney,1610612763,MEM,Memphis Grizzlies,21500394,2015-12-18T00:00:00,MEM @ DAL,L,28.8,0.0,0.0,3.0,0.0,13.0,8.0,14.0,16.0,0.0,1.0,1.0,0.0,12.0,1,13074,13074,13074,8553,12059,10158,3302,18861,21300,17345,23710,15259,8004,17214,4972,18762,17703,1.0,28:47,2015,2016
2015-16,101145,Monta Ellis,Monta,1610612754,IND,Indiana Pacers,21500386,2015-12-18T00:00:00,IND vs. BKN,W,34.1,0.0,0.0,0.0,2.0,8.0,4.0,11.0,22.0,0.0,0.0,3.0,0.0,15.7,1,1,1,1,4281,12059,10158,9917,12984,13914,8458,21342,10265,8004,1,17641,18762,14841,1.0,34:05,2015,2016
2015-16,203504,Trey Burke,Trey,1610612762,UTA,Utah Jazz,21500395,2015-12-18T00:00:00,UTA vs. DEN,W,23.3,3.0,3.0,3.0,6.0,2.0,4.0,3.0,22.0,0.0,0.0,1.0,3.0,15.4,1,1,1,1,13116,4307,3104,3302,5299,2619,8458,7328,10265,8004,1,4972,4736,15066,1.0,23:18,2015,2016
2015-16,201933,Blake Griffin,Blake,1610612746,LAC,LA Clippers,21500393,2015-12-18T00:00:00,LAC @ SAS,L,40.0,0.0,3.0,2.0,8.0,2.0,7.0,4.0,28.0,0.0,0.0,3.0,6.0,40.5,1,13074,13074,13074,741,12059,3104,4675,3109,2619,15642,8806,5824,8004,1,17641,873,2257,1.0,39:58,2015,2016
2015-16,200765,Rajon Rondo,Rajon,1610612758,SAC,Sacramento Kings,21500392,2015-12-18T00:00:00,SAC @ MIN,L,35.9,0.0,0.0,0.0,6.0,12.0,16.0,10.0,38.0,0.0,0.0,5.0,6.0,42.3,1,13074,13074,13074,2803,12059,10158,9917,5299,20178,25155,20169,1422,8004,1,24686,873,1877,1.0,35:57,2015,2016
2015-16,203088,Kendall Marshall,Kendall,1610612755,PHI,Philadelphia 76ers,21500388,2015-12-18T00:00:00,PHI vs. NYK,L,15.7,0.0,0.0,0.0,2.0,7.0,10.0,5.0,18.0,0.0,0.0,1.0,2.0,11.7,1,13074,13074,13074,19241,12059,10158,9917,12984,12242,20509,11593,13577,8004,1,4972,7786,17903,1.0,15:44,2015,2016
2015-16,201988,Patty Mills,Patty,1610612759,SAS,San Antonio Spurs,21500393,2015-12-18T00:00:00,SAS vs. LAC,W,23.9,0.0,3.0,0.0,2.0,1.0,3.0,8.0,16.0,1.0,1.0,2.0,0.0,15.4,1,1,1,1,12681,12059,3104,9917,12984,2356,7138,17194,15259,2692,17214,11390,18762,15066,1.0,23:52,2015,2016
2015-16,201945,Gerald Henderson,Gerald,1610612757,POR,Portland Trail Blazers,21500387,2015-12-18T00:00:00,POR @ ORL,L,16.5,0.0,2.0,0.0,0.0,13.0,5.0,7.0,16.0,1.0,1.0,0.0,1.0,12.3,1,13074,13074,13074,18690,12059,4731,9917,18861,21300,11469,15538,15259,2692,17214,1,12373,17524,1.0,16:27,2015,2016
2015-16,202738,Isaiah Thomas,Isaiah,1610612738,BOS,Boston Celtics,21500389,2015-12-18T00:00:00,BOS vs. ATL,L,33.3,0.0,0.0,1.0,6.0,8.0,6.0,12.0,52.0,0.0,2.0,4.0,10.0,40.2,1,13074,13074,13074,4875,12059,10158,9347,5299,13914,13237,22259,59,8004,23588,22104,76,2323,1.0,33:20,2015,2016
2015-16,203210,JaMychal Green,JaMychal,1610612763,MEM,Memphis Grizzlies,21500394,2015-12-18T00:00:00,MEM @ DAL,L,12.5,2.0,6.0,2.0,8.0,3.0,2.0,8.0,12.0,0.0,0.0,2.0,0.0,15.4,1,13074,13074,13074,21259,6026,481,4675,3109,5109,3734,17194,18637,8004,1,11390,18762,15066,1.0,12:32,2015,2016
2015-16,201952,Jeff Teague,Jeff,1610612737,ATL,Atlanta Hawks,21500389,2015-12-18T00:00:00,ATL @ BOS,W,19.9,2.0,0.0,2.0,2.0,11.0,7.0,5.0,24.0,0.0,0.0,2.0,2.0,15.4,1,1,1,1,15982,6026,10158,4675,12984,18886,15642,11593,8723,8004,1,11390,7786,15066,1.0,19:55,2015,2016
2015-16,202324,Derrick Favors,Derrick,1610612762,UTA,Utah Jazz,21500395,2015-12-18T00:00:00,UTA vs. DEN,W,35.5,0.0,0.0,0.0,2.0,9.0,11.0,2.0,30.0,0.0,1.0,4.0,4.0,19.8,1,1,1,1,3184,12059,10158,9917,12984,15771,21814,4025,4541,8004,17214,22104,2748,11883,1.0,35:27,2015,2016
2015-16,2561,David West,David,1610612759,SAS,San Antonio Spurs,21500393,2015-12-18T00:00:00,SAS vs. LAC,W,14.3,0.0,0.0,0.0,2.0,0.0,1.0,3.0,8.0,0.0,2.0,5.0,0.0,12.3,1,1,1,1,20211,12059,10158,9917,12984,1,3393,7328,21543,8004,23588,24686,18762,17524,1.0,14:19,2015,2016
2015-16,201599,DeAndre Jordan,DeAndre,1610612746,LAC,LA Clippers,21500393,2015-12-18T00:00:00,LAC @ SAS,L,35.1,1.0,6.0,4.0,8.0,5.0,12.0,4.0,28.0,2.0,0.0,3.0,12.0,42.4,1,13074,13074,13074,3474,11535,481,1913,3109,8403,22832,8806,5824,932,1,17641,27,1860,1.0,35:05,2015,2016
2015-16,203468,CJ McCollum,CJ,1610612757,POR,Portland Trail Blazers,21500387,2015-12-18T00:00:00,POR @ ORL,L,39.2,4.0,3.0,2.0,6.0,12.0,12.0,8.0,40.0,0.0,2.0,3.0,2.0,42.4,1,13074,13074,13074,972,2460,3104,4675,5299,20178,22832,17194,983,8004,23588,17641,7786,1860,1.0,39:14,2015,2016
2015-16,101181,Jose Calderon,Jose,1610612752,NYK,New York Knicks,21500388,2015-12-18T00:00:00,NYK @ PHI,W,24.2,0.0,0.0,0.0,0.0,6.0,8.0,5.0,26.0,0.0,0.0,2.0,3.0,16.0,1,1,1,1,12379,12059,10158,9917,18861,10028,17345,11593,7214,8004,1,11390,4736,14590,1.0,24:12,2015,2016
2015-16,203486,Mason Plumlee,Mason,1610612757,POR,Portland Trail Blazers,21500387,2015-12-18T00:00:00,POR @ ORL,L,30.4,0.0,0.0,2.0,4.0,21.0,13.0,15.0,48.0,1.0,2.0,6.0,0.0,16.5,1,13074,13074,13074,7191,12059,10158,4675,8599,25535,23668,24242,192,2692,23588,25827,18762,14224,1.0,30:23,2015,2016
2015-16,202340,Avery Bradley,Avery,1610612738,BOS,Boston Celtics,21500389,2015-12-18T00:00:00,BOS vs. ATL,L,35.5,0.0,2.0,0.0,2.0,16.0,14.0,16.0,56.0,0.0,0.0,2.0,1.0,7.7,1,13074,13074,13074,3162,12059,4731,9917,12984,23774,24300,24641,21,8004,1,11390,12373,20733,1.0,35:28,2015,2016
2015-16,203496,Robert Covington,Robert,1610612755,PHI,Philadelphia 76ers,21500388,2015-12-18T00:00:00,PHI vs. NYK,L,15.7,0.0,0.0,3.0,0.0,4.0,7.0,2.0,12.0,0.0,0.0,4.0,0.0,8.3,1,13074,13074,13074,19265,12059,10158,3302,18861,6141,15642,4025,18637,8004,1,22104,18762,20376,1.0,15:42,2015,2016
2015-16,201160,Jason Smith,Jason,1610612753,ORL,Orlando Magic,21500387,2015-12-18T00:00:00,ORL vs. POR,W,13.3,0.0,0.0,0.0,0.0,2.0,5.0,4.0,4.0,1.0,0.0,1.0,2.0,8.2,1,1,1,1,20817,12059,10158,9917,18861,2619,11469,8806,23698,2692,1,4972,7786,20416,1.0,13:17,2015,2016
2015-16,203459,Allen Crabbe,Allen,1610612757,POR,Portland Trail Blazers,21500387,2015-12-18T00:00:00,POR @ ORL,L,23.6,0.0,0.0,0.0,0.0,6.0,6.0,2.0,14.0,0.0,0.0,1.0,1.0,18.3,1,13074,13074,13074,12894,12059,10158,9917,18861,10028,13237,4025,17019,8004,1,4972,12373,12952,1.0,23:37,2015,2016
2015-16,2564,Boris Diaw,Boris,1610612759,SAS,San Antonio Spurs,21500393,2015-12-18T00:00:00,SAS vs. LAC,W,19.2,3.0,0.0,0.0,2.0,1.0,4.0,6.0,14.0,0.0,1.0,4.0,1.0,16.3,1,1,1,1,16540,4307,10158,9917,12984,2356,8458,13388,17019,8004,17214,22104,12373,14372,1.0,19:11,2015,2016
2015-16,201583,Ryan Anderson,Ryan,1610612740,NOP,New Orleans Pelicans,21500396,2015-12-18T00:00:00,NOP @ PHX,L,21.3,0.0,0.0,0.0,0.0,9.0,10.0,5.0,16.0,0.0,0.0,1.0,2.0,2.4,1,13074,13074,13074,14780,12059,10158,9917,18861,15771,20509,11593,15259,8004,1,4972,7786,24024,1.0,21:19,2015,2016
2015-16,201956,Omri Casspi,Omri,1610612758,SAC,Sacramento Kings,21500392,2015-12-18T00:00:00,SAC @ MIN,L,35.5,0.0,0.0,0.0,0.0,8.0,10.0,8.0,32.0,0.0,2.0,2.0,2.0,16.8,1,13074,13074,13074,3147,12059,10158,9917,18861,13914,20509,17194,3535,8004,23588,11390,7786,13996,1.0,35:29,2015,2016
2015-16,2736,Luol Deng,Luol,1610612748,MIA,Miami Heat,21500390,2015-12-18T00:00:00,MIA vs. TOR,L,34.2,0.0,3.0,0.0,0.0,17.0,9.0,13.0,36.0,0.0,1.0,2.0,2.0,18.6,1,13074,13074,13074,4170,12059,3104,9917,18861,24337,19144,23048,1943,8004,17214,11390,7786,12715,1.0,34:13,2015,2016
2015-16,203477,Isaiah Canaan,Isaiah,1610612755,PHI,Philadelphia 76ers,21500388,2015-12-18T00:00:00,PHI vs. NYK,L,28.7,3.0,2.0,0.0,2.0,11.0,18.0,9.0,32.0,0.0,0.0,3.0,1.0,16.5,1,13074,13074,13074,8620,4307,4731,9917,12984,18886,25634,18829,3535,8004,1,17641,12373,14224,1.0,28:43,2015,2016
2015-16,201601,Luc Mbah a Moute,Luc,1610612746,LAC,LA Clippers,21500393,2015-12-18T00:00:00,LAC @ SAS,L,21.9,2.0,0.0,2.0,0.0,2.0,5.0,2.0,18.0,0.0,1.0,2.0,1.0,8.2,1,13074,13074,13074,14270,6026,10158,4675,18861,2619,11469,4025,13577,8004,17214,11390,12373,20416,1.0,21:54,2015,2016
2015-16,201577,Robin Lopez,Robin,1610612752,NYK,New York Knicks,21500388,2015-12-18T00:00:00,NYK @ PHI,W,16.3,2.0,6.0,0.0,8.0,0.0,4.0,5.0,14.0,1.0,1.0,3.0,0.0,18.2,1,1,1,1,18829,6026,481,9917,3109,1,8458,11593,17019,2692,17214,17641,18762,13004,1.0,16:18,2015,2016
2015-16,201954,Darren Collison,Darren,1610612758,SAC,Sacramento Kings,21500392,2015-12-18T00:00:00,SAC @ MIN,L,26.8,4.0,0.0,9.0,6.0,4.0,8.0,4.0,24.0,0.0,0.0,3.0,2.0,16.5,1,13074,13074,13074,10183,2460,10158,184,5299,6141,17345,8806,8723,8004,1,17641,7786,14224,1.0,26:48,2015,2016
2015-16,202083,Wesley Matthews,Wesley,1610612742,DAL,Dallas Mavericks,21500394,2015-12-18T00:00:00,DAL vs. MEM,W,29.1,2.0,0.0,2.0,0.0,10.0,1.0,9.0,12.0,0.0,0.0,0.0,1.0,12.7,1,1,1,1,8269,6026,10158,4675,18861,17370,3393,18829,18637,8004,1,1,12373,17201,1.0,29:08,2015,2016
2015-16,203526,Raul Neto,Raul,1610612762,UTA,Utah Jazz,21500395,2015-12-18T00:00:00,UTA vs. DEN,W,14.6,0.0,0.0,0.0,4.0,11.0,9.0,2.0,16.0,0.0,0.0,2.0,1.0,8.2,1,1,1,1,20038,12059,10158,9917,8599,18886,19144,4025,15259,8004,1,11390,12373,20416,1.0,14:36,2015,2016
2015-16,202498,Lance Thomas,Lance,1610612752,NYK,New York Knicks,21500388,2015-12-18T00:00:00,NYK @ PHI,W,19.5,2.0,3.0,0.0,2.0,15.0,4.0,2.0,26.0,0.0,1.0,1.0,2.0,18.1,1,1,1,1,16294,6026,3104,9917,12984,23079,8458,4025,7214,8004,17214,4972,7786,13090,1.0,19:32,2015,2016
2015-16,201578,Marreese Speights,Marreese,1610612744,GSW,Golden State Warriors,21500397,2015-12-18T00:00:00,GSW vs. MIL,W,11.0,0.0,2.0,0.0,4.0,3.0,6.0,0.0,14.0,0.0,0.0,1.0,2.0,7.6,1,1,1,1,22013,12059,4731,9917,8599,5109,13237,1,17019,8004,1,4972,7786,20803,1.0,11:02,2015,2016
2015-16,203481,Jeff Withey,Jeff,1610612762,UTA,Utah Jazz,21500395,2015-12-18T00:00:00,UTA vs. DEN,W,8.8,0.0,0.0,0.0,0.0,0.0,0.0,1.0,6.0,1.0,0.0,3.0,0.0,2.2,1,1,1,1,22916,12059,10158,9917,18861,1,1,3646,22724,2692,1,17641,18762,24138,1.0,8:48,2015,2016
2015-16,2617,Udonis Haslem,Udonis,1610612748,MIA,Miami Heat,21500390,2015-12-18T00:00:00,MIA vs. TOR,L,5.9,0.0,0.0,0.0,0.0,2.0,0.0,0.0,4.0,0.0,0.0,0.0,0.0,2.7,1,13074,13074,13074,23993,12059,10158,9917,18861,2619,1,1,23698,8004,1,1,18762,23884,1.0,5:56,2015,2016
2015-16,203463,Ben McLemore,Ben,1610612758,SAC,Sacramento Kings,21500392,2015-12-18T00:00:00,SAC @ MIN,L,20.6,4.0,0.0,4.0,6.0,6.0,12.0,8.0,24.0,0.0,0.0,3.0,1.0,12.5,1,13074,13074,13074,15417,2460,10158,1913,5299,10028,22832,17194,8723,8004,1,17641,12373,17372,1.0,20:35,2015,2016
2015-16,201596,Mario Chalmers,Mario,1610612763,MEM,Memphis Grizzlies,21500394,2015-12-18T00:00:00,MEM @ DAL,L,25.2,2.0,0.0,2.0,4.0,5.0,4.0,8.0,24.0,0.0,0.0,2.0,5.0,16.0,1,13074,13074,13074,11557,6026,10158,4675,8599,8403,8458,17194,8723,8004,1,11390,1539,14590,1.0,25:09,2015,2016
2015-16,200811,Lou Amundson,Lou,1610612752,NYK,New York Knicks,21500388,2015-12-18T00:00:00,NYK @ PHI,W,5.0,0.0,0.0,0.0,0.0,0.0,2.0,7.0,4.0,0.0,0.0,0.0,0.0,2.9,1,1,1,1,24354,12059,10158,9917,18861,1,3734,15538,23698,8004,1,1,18762,23852,1.0,5:02,2015,2016
2015-16,203552,Seth Curry,Seth,1610612758,SAC,Sacramento Kings,21500392,2015-12-18T00:00:00,SAC @ MIN,L,6.9,0.0,0.0,0.0,0.0,0.0,0.0,2.0,6.0,0.0,0.0,0.0,1.0,2.7,1,13074,13074,13074,23583,12059,10158,9917,18861,1,1,4025,22724,8004,1,1,12373,23884,1.0,6:56,2015,2016
2015-16,203090,Maurice Harkless,Maurice,1610612757,POR,Portland Trail Blazers,21500387,2015-12-18T00:00:00,POR @ ORL,L,9.6,0.0,0.0,0.0,0.0,2.0,4.0,2.0,4.0,0.0,0.0,2.0,1.0,2.2,1,13074,13074,13074,22607,12059,10158,9917,18861,2619,8458,4025,23698,8004,1,11390,12373,24138,1.0,9:33,2015,2016
2015-16,101111,Charlie Villanueva,Charlie,1610612742,DAL,Dallas Mavericks,21500394,2015-12-18T00:00:00,DAL vs. MEM,W,11.7,0.0,0.0,7.0,4.0,6.0,6.0,4.0,12.0,0.0,0.0,0.0,0.0,13.2,1,1,1,1,21729,12059,10158,454,8599,10028,13237,8806,18637,8004,1,1,18762,16768,1.0,11:41,2015,2016
2015-16,2199,Tyson Chandler,Tyson,1610612756,PHX,Phoenix Suns,21500396,2015-12-18T00:00:00,PHX vs. NOP,W,19.4,0.0,2.0,0.0,2.0,7.0,6.0,6.0,16.0,1.0,1.0,2.0,4.0,12.4,1,1,1,1,16356,12059,4731,9917,12984,12242,13237,13388,15259,2692,17214,11390,2748,17418,1.0,19:27,2015,2016
2015-16,101161,Amir Johnson,Amir,1610612738,BOS,Boston Celtics,21500389,2015-12-18T00:00:00,BOS vs. ATL,L,15.9,0.0,0.0,2.0,4.0,4.0,2.0,7.0,24.0,0.0,0.0,3.0,1.0,8.1,1,13074,13074,13074,19098,12059,10158,4675,8599,6141,3734,15538,8723,8004,1,17641,12373,20521,1.0,15:56,2015,2016
2015-16,202357,Nemanja Bjelica,Nemanja,1610612750,MIN,Minnesota Timberwolves,21500392,2015-12-18T00:00:00,MIN vs. SAC,W,3.9,0.0,0.0,0.0,0.0,0.0,0.0,0.0,0.0,1.0,0.0,2.0,0.0,3.0,1,1,1,1,24730,12059,10158,9917,18861,1,1,1,25429,2692,1,11390,18762,23648,1.0,3:56,2015,2016
2015-16,202335,Patrick Patterson,Patrick,1610612761,TOR,Toronto Raptors,21500390,2015-12-18T00:00:00,TOR @ MIA,W,23.9,2.0,2.0,0.0,0.0,9.0,0.0,5.0,12.0,0.0,1.0,2.0,0.0,16.1,1,1,1,1,12650,6026,4731,9917,18861,15771,1,11593,18637,8004,17214,11390,18762,14515,1.0,23:54,2015,2016
2015-16,204456,T.J. McConnell,T.J.,1610612755,PHI,Philadelphia 76ers,21500388,2015-12-18T00:00:00,PHI vs. NYK,L,13.6,2.0,2.0,3.0,2.0,0.0,2.0,0.0,10.0,0.0,0.0,0.0,1.0,18.5,1,13074,13074,13074,20638,6026,4731,3302,12984,1,3734,1,20209,8004,1,1,12373,12794,1.0,13:36,2015,2016
2015-16,203949,James Michael McAdoo,James Michael,1610612744,GSW,Golden State Warriors,21500397,2015-12-18T00:00:00,GSW vs. MIL,W,7.3,0.0,2.0,2.0,4.0,3.0,2.0,2.0,10.0,1.0,0.0,2.0,0.0,12.6,1,1,1,1,23470,12059,4731,4675,8599,5109,3734,4025,20209,2692,1,11390,18762,17277,1.0,7:17,2015,2016
2015-16,203933,T.J. Warren,T.J.,1610612756,PHX,Phoenix Suns,21500396,2015-12-18T00:00:00,PHX vs. NOP,W,27.5,4.0,2.0,0.0,4.0,0.0,6.0,9.0,16.0,0.0,1.0,2.0,1.0,21.3,1,1,1,1,9578,2460,4731,9917,8599,1,13237,18829,15259,8004,17214,11390,12373,10880,1.0,27:32,2015,2016
2015-16,1718,Paul Pierce,Paul,1610612746,LAC,LA Clippers,21500393,2015-12-18T00:00:00,LAC @ SAS,L,8.5,0.0,0.0,0.0,0.0,10.0,10.0,4.0,12.0,1.0,0.0,2.0,0.0,8.4,1,13074,13074,13074,23036,12059,10158,9917,18861,17370,20509,8806,18637,2692,1,11390,18762,20273,1.0,8:28,2015,2016
2015-16,202334,Ed Davis,Ed,1610612757,POR,Portland Trail Blazers,21500387,2015-12-18T00:00:00,POR @ ORL,L,22.1,1.0,0.0,0.0,0.0,7.0,5.0,5.0,8.0,0.0,0.0,2.0,4.0,8.4,1,13074,13074,13074,14127,11535,10158,9917,18861,12242,11469,11593,21543,8004,1,11390,2748,20273,1.0,22:03,2015,2016
2015-16,203917,Nik Stauskas,Nik,1610612755,PHI,Philadelphia 76ers,21500388,2015-12-18T00:00:00,PHI vs. NYK,L,7.5,0.0,0.0,0.0,0.0,4.0,0.0,5.0,10.0,0.0,0.0,0.0,1.0,3.0,1,13074,13074,13074,23402,12059,10158,9917,18861,6141,1,11593,20209,8004,1,1,12373,23648,1.0,7:28,2015,2016
2015-16,101109,Raymond Felton,Raymond,1610612742,DAL,Dallas Mavericks,21500394,2015-12-18T00:00:00,DAL vs. MEM,W,27.8,3.0,0.0,0.0,2.0,9.0,3.0,8.0,16.0,0.0,1.0,2.0,1.0,21.6,1,1,1,1,9404,4307,10158,9917,12984,15771,7138,17194,15259,8004,17214,11390,12373,10666,1.0,27:46,2015,2016
2015-16,1626170,Jerian Grant,Jerian,1610612752,NYK,New York Knicks,21500388,2015-12-18T00:00:00,NYK @ PHI,W,22.4,2.0,0.0,0.0,4.0,11.0,4.0,7.0,26.0,0.0,1.0,1.0,0.0,8.4,1,1,1,1,13857,6026,10158,9917,8599,18886,8458,15538,7214,8004,17214,4972,18762,20273,1.0,22:22,2015,2016
2015-16,1626196,Josh Richardson,Josh,1610612748,MIA,Miami Heat,21500390,2015-12-18T00:00:00,MIA vs. TOR,L,3.4,0.0,0.0,0.0,0.0,2.0,0.0,0.0,4.0,1.0,0.0,2.0,0.0,3.0,1,13074,13074,13074,24957,12059,10158,9917,18861,2619,1,1,23698,2692,1,11390,18762,23648,1.0,3:26,2015,2016
2015-16,202329,Al-Farouq Aminu,Al-Farouq,1610612757,POR,Portland Trail Blazers,21500387,2015-12-18T00:00:00,POR @ ORL,L,28.6,2.0,4.0,0.0,2.0,17.0,13.0,13.0,44.0,0.0,0.0,2.0,1.0,21.3,1,13074,13074,13074,8755,6026,1596,9917,12984,24337,23668,23048,454,8004,1,11390,12373,10880,1.0,28:35,2015,2016
2015-16,203482,Kelly Olynyk,Kelly,1610612738,BOS,Boston Celtics,21500389,2015-12-18T00:00:00,BOS vs. ATL,L,15.1,0.0,0.0,2.0,4.0,10.0,5.0,6.0,20.0,0.0,1.0,4.0,3.0,7.9,1,13074,13074,13074,19679,12059,10158,4675,8599,17370,11469,13388,11929,8004,17214,22104,4736,20646,1.0,15:07,2015,2016
2015-16,203141,Mirza Teletovic,Mirza,1610612756,PHX,Phoenix Suns,21500396,2015-12-18T00:00:00,PHX vs. NOP,W,2.9,0.0,0.0,0.0,2.0,2.0,2.0,4.0,6.0,0.0,0.0,0.0,0.0,2.0,1,1,1,1,25172,12059,10158,9917,12984,2619,3734,8806,22724,8004,1,1,18762,24216,1.0,2:53,2015,2016
2015-16,202397,Ish Smith,Ish,1610612740,NOP,New Orleans Pelicans,21500396,2015-12-18T00:00:00,NOP @ PHX,L,15.9,3.0,0.0,5.0,4.0,7.0,3.0,2.0,16.0,0.0,0.0,1.0,3.0,16.0,1,13074,13074,13074,19125,4307,10158,1277,8599,12242,7138,4025,15259,8004,1,4972,4736,14590,1.0,15:53,2015,2016
2015-16,203118,Mike Scott,Mike,1610612737,ATL,Atlanta Hawks,21500389,2015-12-18T00:00:00,ATL @ BOS,W,8.6,0.0,0.0,0.0,0.0,2.0,0.0,3.0,6.0,0.0,0.0,2.0,0.0,2.4,1,1,1,1,23010,12059,10158,9917,18861,2619,1,7328,22724,8004,1,11390,18762,24024,1.0,8:33,2015,2016
2015-16,200755,JJ Redick,JJ,1610612746,LAC,LA Clippers,21500393,2015-12-18T00:00:00,LAC @ SAS,L,32.6,2.0,0.0,0.0,0.0,2.0,7.0,4.0,28.0,0.0,1.0,1.0,3.0,17.9,1,13074,13074,13074,5444,6026,10158,9917,18861,2619,15642,8806,5824,8004,17214,4972,4736,13229,1.0,32:35,2015,2016
2015-16,2746,Josh Smith,Josh,1610612746,LAC,LA Clippers,21500393,2015-12-18T00:00:00,LAC @ SAS,L,12.3,0.0,0.0,0.0,6.0,7.0,5.0,4.0,12.0,2.0,0.0,2.0,0.0,15.9,1,13074,13074,13074,21383,12059,10158,9917,5299,12242,11469,8806,18637,932,1,11390,18762,14675,1.0,12:19,2015,2016
2015-16,203932,Aaron Gordon,Aaron,1610612753,ORL,Orlando Magic,21500387,2015-12-18T00:00:00,ORL vs. POR,W,12.2,0.0,0.0,0.0,0.0,0.0,7.0,2.0,6.0,0.0,0.0,1.0,1.0,8.0,1,1,1,1,21454,12059,10158,9917,18861,1,15642,4025,22724,8004,1,4972,12373,20564,1.0,12:09,2015,2016
2015-16,1626168,Trey Lyles,Trey,1610612762,UTA,Utah Jazz,21500395,2015-12-18T00:00:00,UTA vs. DEN,W,26.1,2.0,2.0,0.0,2.0,9.0,11.0,2.0,24.0,0.0,0.0,1.0,1.0,13.7,1,1,1,1,10755,6026,4731,9917,12984,15771,21814,4025,8723,8004,1,4972,12373,16393,1.0,26:06,2015,2016
2015-16,200757,Thabo Sefolosha,Thabo,1610612737,ATL,Atlanta Hawks,21500389,2015-12-18T00:00:00,ATL @ BOS,W,18.8,4.0,2.0,2.0,8.0,3.0,5.0,8.0,12.0,0.0,0.0,1.0,0.0,22.1,1,1,1,1,16836,2460,4731,4675,3109,5109,11469,17194,18637,8004,1,4972,18762,10332,1.0,18:50,2015,2016
2015-16,203507,Giannis Antetokounmpo,Giannis,1610612749,MIL,Milwaukee Bucks,21500397,2015-12-18T00:00:00,MIL @ GSW,L,36.4,7.0,3.0,2.0,18.0,13.0,16.0,15.0,50.0,1.0,0.0,6.0,5.0,33.2,1,13074,13074,13074,2508,548,3104,4675,131,21300,25155,24242,107,2692,1,25827,1539,4462,1.0,36:21,2015,2016
2015-16,203114,Khris Middleton,Khris,1610612749,MIL,Milwaukee Bucks,21500397,2015-12-18T00:00:00,MIL @ GSW,L,38.2,5.0,0.0,5.0,4.0,14.0,10.0,21.0,44.0,0.0,1.0,0.0,1.0,28.4,1,13074,13074,13074,1437,1603,10158,1277,8599,22292,20509,25725,454,8004,17214,1,12373,6663,1.0,38:10,2015,2016
2015-16,203138,Hollis Thompson,Hollis,1610612755,PHI,Philadelphia 76ers,21500388,2015-12-18T00:00:00,PHI vs. NYK,L,21.2,2.0,0.0,0.0,2.0,10.0,11.0,4.0,18.0,0.0,0.0,4.0,2.0,17.4,1,13074,13074,13074,14897,6026,10158,9917,12984,17370,21814,8806,13577,8004,1,22104,7786,13595,1.0,21:11,2015,2016
2015-16,202730,Lavoy Allen,Lavoy,1610612754,IND,Indiana Pacers,21500386,2015-12-18T00:00:00,IND vs. BKN,W,21.5,0.0,2.0,0.0,4.0,4.0,0.0,7.0,20.0,1.0,1.0,0.0,1.0,17.0,1,1,1,1,14643,12059,4731,9917,8599,6141,1,15538,11929,2692,17214,1,12373,13855,1.0,21:27,2015,2016
2015-16,2225,Tony Parker,Tony,1610612759,SAS,San Antonio Spurs,21500393,2015-12-18T00:00:00,SAS vs. LAC,W,31.2,0.0,0.0,0.0,6.0,6.0,8.0,4.0,14.0,0.0,0.0,2.0,3.0,28.7,1,1,1,1,6547,12059,10158,9917,5299,10028,17345,8806,17019,8004,1,11390,4736,6514,1.0,31:13,2015,2016
2015-16,201167,Arron Afflalo,Arron,1610612752,NYK,New York Knicks,21500388,2015-12-18T00:00:00,NYK @ PHI,W,25.9,0.0,0.0,0.0,8.0,2.0,8.0,7.0,30.0,1.0,0.0,0.0,1.0,37.9,1,1,1,1,10910,12059,10158,9917,3109,2619,17345,15538,4541,2692,1,1,12373,2931,1.0,25:55,2015,2016
2015-16,101141,Ersan Ilyasova,Ersan,1610612765,DET,Detroit Pistons,21500391,2015-12-18T00:00:00,DET @ CHI,W,53.9,0.0,3.0,2.0,6.0,10.0,14.0,15.0,52.0,0.0,1.0,5.0,7.0,32.8,1,1,1,1,5,12059,3104,4675,5299,17370,24300,24242,59,8004,17214,24686,469,4609,1.0,53:57,2015,2016
2015-16,201949,James Johnson,James,1610612761,TOR,Toronto Raptors,21500390,2015-12-18T00:00:00,TOR @ MIA,W,32.2,0.0,0.0,0.0,8.0,9.0,5.0,11.0,24.0,1.0,0.0,1.0,1.0,27.7,1,1,1,1,5730,12059,10158,9917,3109,15771,11469,21342,8723,2692,1,4972,12373,7008,1.0,32:11,2015,2016
2015-16,201941,Jordan Hill,Jordan,1610612754,IND,Indiana Pacers,21500386,2015-12-18T00:00:00,IND vs. BKN,W,22.5,4.0,4.0,0.0,8.0,6.0,2.0,9.0,14.0,0.0,0.0,3.0,3.0,27.7,1,1,1,1,13737,2460,1596,9917,3109,10028,3734,18829,17019,8004,1,17641,4736,7008,1.0,22:32,2015,2016
2015-16,201959,Taj Gibson,Taj,1610612741,CHI,Chicago Bulls,21500391,2015-12-18T00:00:00,CHI vs. DET,L,44.1,2.0,6.0,0.0,8.0,5.0,10.0,7.0,48.0,2.0,0.0,2.0,7.0,32.4,1,13074,13074,13074,124,6026,481,9917,3109,8403,20509,15538,192,932,1,11390,469,4768,1.0,44:06,2015,2016
2015-16,2449,Luis Scola,Luis,1610612761,TOR,Toronto Raptors,21500390,2015-12-18T00:00:00,TOR @ MIA,W,26.9,5.0,4.0,5.0,16.0,4.0,9.0,8.0,24.0,1.0,0.0,3.0,1.0,28.1,1,1,1,1,10065,1603,1596,1277,275,6141,19144,17194,8723,2692,1,17641,12373,6818,1.0,26:56,2015,2016
2015-16,101139,CJ Miles,CJ,1610612754,IND,Indiana Pacers,21500386,2015-12-18T00:00:00,IND vs. BKN,W,26.6,2.0,0.0,2.0,2.0,6.0,4.0,6.0,18.0,2.0,0.0,3.0,4.0,28.1,1,1,1,1,10412,6026,10158,4675,12984,10028,8458,13388,13577,932,1,17641,2748,6818,1.0,26:33,2015,2016
2015-16,202695,Kawhi Leonard,Kawhi,1610612759,SAS,San Antonio Spurs,21500393,2015-12-18T00:00:00,SAS vs. LAC,W,35.9,0.0,0.0,2.0,2.0,7.0,9.0,9.0,18.0,0.0,1.0,3.0,5.0,32.8,1,1,1,1,2833,12059,10158,4675,12984,12242,19144,18829,13577,8004,17214,17641,1539,4609,1.0,35:54,2015,2016
2015-16,200794,Paul Millsap,Paul,1610612737,ATL,Atlanta Hawks,21500389,2015-12-18T00:00:00,ATL @ BOS,W,33.5,0.0,2.0,0.0,10.0,9.0,8.0,9.0,28.0,0.0,1.0,4.0,8.0,38.6,1,1,1,1,4755,12059,4731,9917,1840,15771,17345,18829,5824,8004,17214,22104,254,2744,1.0,33:29,2015,2016
2015-16,2547,Chris Bosh,Chris,1610612748,MIA,Miami Heat,21500390,2015-12-18T00:00:00,MIA vs. TOR,L,28.9,0.0,0.0,0.0,4.0,16.0,7.0,10.0,32.0,0.0,0.0,4.0,2.0,22.3,1,13074,13074,13074,8442,12059,10158,9917,8599,23774,15642,20169,3535,8004,1,22104,7786,10208,1.0,28:55,2015,2016
2015-16,203109,Jae Crowder,Jae,1610612738,BOS,Boston Celtics,21500389,2015-12-18T00:00:00,BOS vs. ATL,L,36.8,10.0,4.0,5.0,8.0,8.0,11.0,12.0,54.0,0.0,0.0,6.0,4.0,33.0,1,13074,13074,13074,2199,99,1596,1277,3109,13914,21814,22259,35,8004,1,25827,2748,4537,1.0,36:50,2015,2016
2015-16,2581,Steve Blake,Steve,1610612765,DET,Detroit Pistons,21500391,2015-12-18T00:00:00,DET @ CHI,W,19.4,5.0,0.0,0.0,0.0,3.0,7.0,4.0,18.0,0.0,0.0,0.0,3.0,17.6,1,1,1,1,16408,1603,10158,9917,18861,5109,15642,8806,13577,8004,1,1,4736,13443,1.0,19:22,2015,2016
2015-16,2548,Dwyane Wade,Dwyane,1610612748,MIA,Miami Heat,21500390,2015-12-18T00:00:00,MIA vs. TOR,L,31.5,2.0,4.0,0.0,10.0,14.0,5.0,10.0,34.0,0.0,1.0,0.0,2.0,27.7,1,13074,13074,13074,6335,6026,1596,9917,1840,22292,11469,20169,2701,8004,17214,1,7786,7008,1.0,31:28,2015,2016
2015-16,200745,Andrea Bargnani,Andrea,1610612751,BKN,Brooklyn Nets,21500386,2015-12-18T00:00:00,BKN @ IND,L,21.8,2.0,0.0,0.0,6.0,2.0,12.0,5.0,22.0,1.0,0.0,2.0,1.0,22.5,1,13074,13074,13074,14329,6026,10158,9917,5299,2619,22832,11593,10265,2692,1,11390,12373,10082,1.0,21:49,2015,2016
2015-16,202323,Evan Turner,Evan,1610612738,BOS,Boston Celtics,21500389,2015-12-18T00:00:00,BOS vs. ATL,L,27.6,2.0,0.0,0.0,2.0,14.0,12.0,9.0,40.0,0.0,1.0,2.0,2.0,16.9,1,13074,13074,13074,9558,6026,10158,9917,12984,22292,22832,18829,983,8004,17214,11390,7786,13911,1.0,27:34,2015,2016
2015-16,203082,Terrence Ross,Terrence,1610612761,TOR,Toronto Raptors,21500390,2015-12-18T00:00:00,TOR @ MIA,W,25.4,6.0,0.0,6.0,0.0,9.0,6.0,5.0,18.0,2.0,0.0,1.0,0.0,27.7,1,1,1,1,11384,878,10158,740,18861,15771,13237,11593,13577,932,1,4972,18762,7008,1.0,25:23,2015,2016
2015-16,202355,Hassan Whiteside,Hassan,1610612748,MIA,Miami Heat,21500390,2015-12-18T00:00:00,MIA vs. TOR,L,31.4,2.0,2.0,0.0,8.0,12.0,6.0,10.0,28.0,5.0,0.0,2.0,0.0,38.6,1,13074,13074,13074,6384,6026,4731,9917,3109,20178,13237,20169,5824,59,1,11390,18762,2744,1.0,31:24,2015,2016
2015-16,202682,Derrick Williams,Derrick,1610612752,NYK,New York Knicks,21500388,2015-12-18T00:00:00,NYK @ PHI,W,22.5,5.0,3.0,6.0,6.0,9.0,4.0,7.0,28.0,0.0,0.0,4.0,3.0,22.6,1,1,1,1,13771,1603,3104,740,5299,15771,8458,15538,5824,8004,1,22104,4736,10000,1.0,22:29,2015,2016
2015-16,2440,Matt Barnes,Matt,1610612763,MEM,Memphis Grizzlies,21500394,2015-12-18T00:00:00,MEM @ DAL,L,31.5,6.0,0.0,6.0,4.0,10.0,8.0,13.0,22.0,3.0,0.0,2.0,2.0,38.5,1,13074,13074,13074,6282,878,10158,740,8599,17370,17345,23048,10265,347,1,11390,7786,2771,1.0,31:32,2015,2016
2015-16,201152,Thaddeus Young,Thaddeus,1610612751,BKN,Brooklyn Nets,21500386,2015-12-18T00:00:00,BKN @ IND,L,33.0,2.0,4.0,4.0,10.0,16.0,9.0,10.0,28.0,1.0,2.0,3.0,3.0,38.8,1,13074,13074,13074,5165,6026,1596,1913,1840,23774,19144,20169,5824,2692,23588,17641,4736,2692,1.0,32:57,2015,2016
2015-16,202694,Marcus Morris Sr.,Marcus,1610612765,DET,Detroit Pistons,21500391,2015-12-18T00:00:00,DET @ CHI,W,57.3,0.0,0.0,2.0,6.0,11.0,14.0,13.0,52.0,1.0,1.0,6.0,7.0,32.4,1,1,1,1,1,12059,10158,4675,5299,18886,24300,23048,59,2692,17214,25827,469,4768,1.0,57:17,2015,2016
2015-16,201168,Tiago Splitter,Tiago,1610612737,ATL,Atlanta Hawks,21500389,2015-12-18T00:00:00,ATL @ BOS,W,17.8,1.0,0.0,0.0,2.0,6.0,5.0,3.0,10.0,1.0,1.0,4.0,2.0,14.1,1,1,1,1,17683,11535,10158,9917,12984,10028,11469,7328,20209,2692,17214,22104,7786,16094,1.0,17:48,2015,2016
2015-16,201588,George Hill,George,1610612754,IND,Indiana Pacers,21500386,2015-12-18T00:00:00,IND vs. BKN,W,35.2,3.0,3.0,0.0,0.0,6.0,4.0,8.0,32.0,0.0,1.0,0.0,2.0,17.3,1,1,1,1,3398,4307,3104,9917,18861,10028,8458,17194,3535,8004,17214,1,7786,13671,1.0,35:11,2015,2016
2015-16,2733,Shaun Livingston,Shaun,1610612744,GSW,Golden State Warriors,21500397,2015-12-18T00:00:00,GSW vs. MIL,W,16.5,2.0,0.0,0.0,2.0,9.0,7.0,5.0,24.0,0.0,1.0,1.0,1.0,13.9,1,1,1,1,18690,6026,10158,9917,12984,15771,15642,11593,8723,8004,17214,4972,12373,16232,1.0,16:27,2015,2016
2015-16,203145,Kent Bazemore,Kent,1610612737,ATL,Atlanta Hawks,21500389,2015-12-18T00:00:00,ATL @ BOS,W,36.7,2.0,2.0,5.0,12.0,9.0,6.0,7.0,26.0,0.0,0.0,4.0,6.0,22.6,1,1,1,1,2285,6026,4731,1277,988,15771,13237,15538,7214,8004,1,22104,873,10000,1.0,36:42,2015,2016
2015-16,2216,Zach Randolph,Zach,1610612763,MEM,Memphis Grizzlies,21500394,2015-12-18T00:00:00,MEM @ DAL,L,26.3,2.0,3.0,0.0,6.0,6.0,2.0,13.0,22.0,0.0,3.0,4.0,1.0,17.1,1,13074,13074,13074,10568,6026,3104,9917,5299,10028,3734,23048,10265,8004,25441,22104,12373,13791,1.0,26:20,2015,2016
2015-16,2747,JR Smith,JR,1610612739,CLE,Cleveland Cavaliers,21500384,2015-12-17T00:00:00,CLE vs. OKC,W,24.8,4.0,3.0,0.0,4.0,13.0,10.0,6.0,20.0,0.0,1.0,4.0,2.0,17.6,1,1,1,1,11841,2460,3104,9917,8599,21300,20509,13388,11929,8004,17214,22104,7786,13443,1.0,24:47,2015,2016
2015-16,1626163,Frank Kaminsky,Frank,1610612766,CHA,Charlotte Hornets,21500383,2015-12-17T00:00:00,CHA vs. TOR,W,27.3,1.0,0.0,0.0,2.0,3.0,5.0,2.0,18.0,3.0,0.0,1.0,4.0,22.7,1,1,1,1,9763,11535,10158,9917,12984,5109,11469,4025,13577,347,1,4972,2748,9938,1.0,27:18,2015,2016
2015-16,203082,Terrence Ross,Terrence,1610612761,TOR,Toronto Raptors,21500383,2015-12-17T00:00:00,TOR @ CHA,L,37.6,3.0,3.0,0.0,0.0,8.0,6.0,6.0,30.0,0.0,0.0,0.0,0.0,22.7,1,13074,13074,13074,1700,4307,3104,9917,18861,13914,13237,13388,4541,8004,1,1,18762,9938,1.0,37:36,2015,2016
2015-16,200768,Kyle Lowry,Kyle,1610612761,TOR,Toronto Raptors,21500383,2015-12-17T00:00:00,TOR @ CHA,L,42.4,3.0,0.0,4.0,4.0,6.0,4.0,2.0,28.0,0.0,4.0,3.0,6.0,38.3,1,13074,13074,13074,263,4307,10158,1913,8599,10028,8458,4025,5824,8004,25926,17641,873,2826,1.0,42:23,2015,2016
2015-16,203798,PJ Hairston,PJ,1610612766,CHA,Charlotte Hornets,21500383,2015-12-17T00:00:00,CHA vs. TOR,W,34.1,0.0,2.0,0.0,2.0,11.0,5.0,4.0,24.0,0.0,0.0,4.0,0.0,16.8,1,1,1,1,4278,12059,4731,9917,12984,18886,11469,8806,8723,8004,1,22104,18762,13996,1.0,34:06,2015,2016
2015-16,101107,Marvin Williams,Marvin,1610612766,CHA,Charlotte Hornets,21500383,2015-12-17T00:00:00,CHA vs. TOR,W,32.0,4.0,0.0,0.0,0.0,11.0,3.0,4.0,18.0,1.0,1.0,0.0,2.0,32.5,1,1,1,1,5933,2460,10158,9917,18861,18886,7138,8806,13577,2692,17214,1,7786,4726,1.0,31:57,2015,2016
2015-16,201142,Kevin Durant,Kevin,1610612760,OKC,Oklahoma City Thunder,21500384,2015-12-17T00:00:00,OKC @ CLE,L,40.5,3.0,2.0,2.0,6.0,11.0,12.0,5.0,44.0,2.0,0.0,0.0,5.0,38.1,1,13074,13074,13074,595,4307,4731,4675,5299,18886,22832,11593,454,932,1,1,1539,2879,1.0,40:32,2015,2016
2015-16,1626204,Larry Nance Jr.,Larry,1610612747,LAL,Los Angeles Lakers,21500385,2015-12-17T00:00:00,LAL vs. HOU,L,28.4,1.0,2.0,0.0,10.0,6.0,20.0,10.0,22.0,1.0,1.0,5.0,1.0,22.0,1,13074,13074,13074,8934,11535,4731,9917,1840,10028,25875,20169,10265,2692,17214,24686,12373,10388,1.0,28:23,2015,2016
2015-16,201150,Spencer Hawes,Spencer,1610612766,CHA,Charlotte Hornets,21500383,2015-12-17T00:00:00,CHA vs. TOR,W,23.2,0.0,0.0,0.0,2.0,3.0,3.0,2.0,16.0,1.0,0.0,5.0,0.0,34.0,1,1,1,1,13180,12059,10158,9917,12984,5109,7138,4025,15259,2692,1,24686,18762,4162,1.0,23:13,2015,2016
2015-16,2772,Trevor Ariza,Trevor,1610612745,HOU,Houston Rockets,21500385,2015-12-17T00:00:00,HOU @ LAL,W,35.6,2.0,2.0,7.0,4.0,11.0,6.0,6.0,40.0,0.0,0.0,2.0,1.0,34.0,1,1,1,1,3031,6026,4731,454,8599,18886,13237,13388,983,8004,1,11390,12373,4162,1.0,35:38,2015,2016
2015-16,101150,Lou Williams,Lou,1610612747,LAL,Los Angeles Lakers,21500385,2015-12-17T00:00:00,LAL vs. HOU,L,31.1,0.0,2.0,0.0,4.0,8.0,19.0,17.0,26.0,1.0,0.0,2.0,3.0,25.5,1,13074,13074,13074,6630,12059,4731,9917,8599,13914,25786,24967,7214,2692,1,11390,4736,8230,1.0,31:07,2015,2016
2015-16,203944,Julius Randle,Julius,1610612747,LAL,Los Angeles Lakers,21500385,2015-12-17T00:00:00,LAL vs. HOU,L,23.4,10.0,2.0,5.0,10.0,8.0,12.0,14.0,20.0,0.0,1.0,5.0,4.0,35.0,1,13074,13074,13074,13042,99,4731,1277,1840,13914,22832,23710,11929,8004,17214,24686,2748,3813,1.0,23:24,2015,2016
2015-16,203460,Andre Roberson,Andre,1610612760,OKC,Oklahoma City Thunder,21500384,2015-12-17T00:00:00,OKC @ CLE,L,21.0,0.0,2.0,0.0,2.0,9.0,8.0,0.0,22.0,3.0,0.0,0.0,0.0,23.8,1,13074,13074,13074,15090,12059,4731,9917,12984,15771,17345,1,10265,347,1,1,18762,9261,1.0,20:58,2015,2016
2015-16,203093,Terrence Jones,Terrence,1610612745,HOU,Houston Rockets,21500385,2015-12-17T00:00:00,HOU @ LAL,W,20.6,5.0,1.0,7.0,8.0,4.0,6.0,1.0,26.0,1.0,1.0,0.0,4.0,25.8,1,1,1,1,15399,1603,9709,454,3109,6141,13237,3646,7214,2692,17214,1,2748,8022,1.0,20:35,2015,2016
2015-16,202709,Cory Joseph,Cory,1610612761,TOR,Toronto Raptors,21500383,2015-12-17T00:00:00,TOR @ CHA,L,33.7,2.0,0.0,0.0,2.0,7.0,6.0,6.0,30.0,1.0,0.0,4.0,0.0,19.3,1,13074,13074,13074,4609,6026,10158,9917,12984,12242,13237,13388,4541,2692,1,22104,18762,12228,1.0,33:41,2015,2016
2015-16,203135,Robert Sacre,Robert,1610612747,LAL,Los Angeles Lakers,21500385,2015-12-17T00:00:00,LAL vs. HOU,L,22.5,0.0,0.0,0.0,2.0,3.0,8.0,12.0,14.0,1.0,1.0,1.0,1.0,14.2,1,13074,13074,13074,13791,12059,10158,9917,12984,5109,17345,22259,17019,2692,17214,4972,12373,16003,1.0,22:27,2015,2016
2015-16,201976,Patrick Beverley,Patrick,1610612745,HOU,Houston Rockets,21500385,2015-12-17T00:00:00,HOU @ LAL,W,29.3,2.0,3.0,2.0,2.0,3.0,6.0,2.0,30.0,0.0,0.0,2.0,0.0,24.3,1,1,1,1,8122,6026,3104,4675,12984,5109,13237,4025,4541,8004,1,11390,18762,8939,1.0,29:18,2015,2016
2015-16,201566,Russell Westbrook,Russell,1610612760,OKC,Oklahoma City Thunder,21500384,2015-12-17T00:00:00,OKC @ CLE,L,34.5,12.0,2.0,8.0,8.0,11.0,10.0,5.0,34.0,0.0,0.0,4.0,6.0,50.6,1,13074,13074,13074,3975,27,4731,280,3109,18886,20509,11593,2701,8004,1,22104,873,691,1.0,34:28,2015,2016
2015-16,2544,LeBron James,LeBron,1610612739,CLE,Cleveland Cavaliers,21500384,2015-12-17T00:00:00,CLE vs. OKC,W,39.6,0.0,2.0,8.0,18.0,24.0,10.0,10.0,28.0,0.0,3.0,2.0,6.0,59.3,1,1,1,1,843,12059,4731,280,131,25890,20509,20169,5824,8004,25441,11390,873,230,1.0,39:37,2015,2016
2015-16,202689,Kemba Walker,Kemba,1610612766,CHA,Charlotte Hornets,21500383,2015-12-17T00:00:00,CHA vs. TOR,W,44.2,0.0,4.0,4.0,16.0,14.0,6.0,4.0,28.0,2.0,3.0,0.0,6.0,50.7,1,1,1,1,120,12059,1596,1913,275,22292,13237,8806,5824,932,25441,1,873,677,1.0,44:12,2015,2016
2015-16,202684,Tristan Thompson,Tristan,1610612739,CLE,Cleveland Cavaliers,21500384,2015-12-17T00:00:00,CLE vs. OKC,W,34.9,2.0,4.0,0.0,14.0,15.0,8.0,8.0,26.0,1.0,1.0,3.0,4.0,35.5,1,1,1,1,3649,6026,1596,9917,542,23079,17345,17194,7214,2692,17214,17641,2748,3657,1.0,34:51,2015,2016
2015-16,202391,Jeremy Lin,Jeremy,1610612766,CHA,Charlotte Hornets,21500383,2015-12-17T00:00:00,CHA vs. TOR,W,47.5,6.0,2.0,4.0,14.0,11.0,7.0,6.0,30.0,2.0,3.0,4.0,6.0,50.0,1,1,1,1,33,878,4731,1913,542,18886,15642,13388,4541,932,25441,22104,873,756,1.0,47:27,2015,2016
2015-16,2449,Luis Scola,Luis,1610612761,TOR,Toronto Raptors,21500383,2015-12-17T00:00:00,TOR @ CHA,L,20.6,0.0,0.0,0.0,2.0,8.0,4.0,6.0,18.0,1.0,1.0,3.0,1.0,11.5,1,13074,13074,13074,15380,12059,10158,9917,12984,13914,8458,13388,13577,2692,17214,17641,12373,18079,1.0,20:37,2015,2016
2015-16,201942,DeMar DeRozan,DeMar,1610612761,TOR,Toronto Raptors,21500383,2015-12-17T00:00:00,TOR @ CHA,L,44.1,4.0,0.0,0.0,16.0,9.0,8.0,8.0,36.0,1.0,1.0,2.0,6.0,48.3,1,13074,13074,13074,122,2460,10158,9917,275,15771,17345,17194,1943,2692,17214,11390,873,932,1.0,44:08,2015,2016
2015-16,202687,Bismack Biyombo,Bismack,1610612761,TOR,Toronto Raptors,21500383,2015-12-17T00:00:00,TOR @ CHA,L,39.9,2.0,3.0,0.0,4.0,5.0,6.0,2.0,28.0,7.0,2.0,6.0,5.0,53.6,1,13074,13074,13074,753,6026,3104,9917,8599,8403,13237,4025,5824,8,23588,25827,1539,483,1.0,39:55,2015,2016
2015-16,201935,James Harden,James,1610612745,HOU,Houston Rockets,21500385,2015-12-17T00:00:00,HOU @ LAL,W,36.1,2.0,8.0,4.0,4.0,5.0,6.0,3.0,40.0,1.0,2.0,2.0,5.0,44.2,1,1,1,1,2650,6026,137,1913,8599,8403,13237,7328,983,2692,23588,11390,1539,1515,1.0,36:08,2015,2016
2015-16,201586,Serge Ibaka,Serge,1610612760,OKC,Oklahoma City Thunder,21500384,2015-12-17T00:00:00,OKC @ CLE,L,38.2,9.0,6.0,0.0,8.0,6.0,10.0,5.0,38.0,1.0,1.0,0.0,4.0,37.3,1,13074,13074,13074,1416,171,481,9917,3109,10028,20509,11593,1422,2692,17214,1,2748,3105,1.0,38:13,2015,2016
2015-16,201567,Kevin Love,Kevin,1610612739,CLE,Cleveland Cavaliers,21500384,2015-12-17T00:00:00,CLE vs. OKC,W,32.5,0.0,4.0,0.0,4.0,22.0,10.0,8.0,28.0,0.0,2.0,2.0,1.0,29.9,1,1,1,1,5519,12059,1596,9917,8599,25683,20509,17194,5824,8004,23588,11390,12373,5884,1.0,32:29,2015,2016
2015-16,977,Kobe Bryant,Kobe,1610612747,LAL,Los Angeles Lakers,21500385,2015-12-17T00:00:00,LAL vs. HOU,L,32.0,4.0,2.0,0.0,12.0,14.0,18.0,19.0,26.0,1.0,0.0,2.0,4.0,37.1,1,13074,13074,13074,5851,2460,4731,9917,988,22292,25634,25435,7214,2692,1,11390,2748,3151,1.0,32:02,2015,2016
2015-16,202389,Timofey Mozgov,Timofey,1610612739,CLE,Cleveland Cavaliers,21500384,2015-12-17T00:00:00,CLE vs. OKC,W,20.9,0.0,0.0,0.0,4.0,13.0,6.0,2.0,12.0,0.0,0.0,2.0,3.0,6.5,1,1,1,1,15180,12059,10158,9917,8599,21300,13237,4025,18637,8004,1,11390,4736,21519,1.0,20:51,2015,2016
2015-16,1626149,Montrezl Harrell,Montrezl,1610612745,HOU,Houston Rockets,21500385,2015-12-17T00:00:00,HOU @ LAL,W,2.4,0.0,0.0,0.0,0.0,0.0,0.0,0.0,2.0,0.0,0.0,0.0,0.0,1.5,1,1,1,1,25371,12059,10158,9917,18861,1,1,1,24614,8004,1,1,18762,24473,1.0,2:25,2015,2016
2015-16,1626181,Norman Powell,Norman,1610612761,TOR,Toronto Raptors,21500383,2015-12-17T00:00:00,TOR @ CHA,L,3.3,0.0,0.0,0.0,0.0,2.0,0.0,0.0,0.0,0.0,0.0,0.0,0.0,1.2,1,13074,13074,13074,24992,12059,10158,9917,18861,2619,1,1,25429,8004,1,1,18762,24661,1.0,3:20,2015,2016
2015-16,2555,Nick Collison,Nick,1610612760,OKC,Oklahoma City Thunder,21500384,2015-12-17T00:00:00,OKC @ CLE,L,7.9,0.0,0.0,0.0,4.0,0.0,8.0,3.0,8.0,0.0,0.0,4.0,1.0,6.4,1,13074,13074,13074,23235,12059,10158,9917,8599,1,17345,7328,21543,8004,1,22104,12373,21589,1.0,7:53,2015,2016
2015-16,203909,KJ McDaniels,KJ,1610612745,HOU,Houston Rockets,21500385,2015-12-17T00:00:00,HOU @ LAL,W,2.4,0.0,0.0,0.0,0.0,0.0,0.0,0.0,2.0,0.0,0.0,0.0,0.0,1.2,1,1,1,1,25371,12059,10158,9917,18861,1,1,1,24614,8004,1,1,18762,24661,1.0,2:25,2015,2016
2015-16,203500,Steven Adams,Steven,1610612760,OKC,Oklahoma City Thunder,21500384,2015-12-17T00:00:00,OKC @ CLE,L,27.3,0.0,0.0,0.0,4.0,7.0,10.0,5.0,28.0,1.0,0.0,6.0,2.0,11.0,1,13074,13074,13074,9793,12059,10158,9917,8599,12242,20509,11593,5824,2692,1,25827,7786,18430,1.0,27:16,2015,2016
2015-16,201951,Ty Lawson,Ty,1610612745,HOU,Houston Rockets,21500385,2015-12-17T00:00:00,HOU @ LAL,W,18.7,0.0,0.0,0.0,0.0,14.0,6.0,5.0,24.0,0.0,0.0,1.0,0.0,6.7,1,1,1,1,16946,12059,10158,9917,18861,22292,13237,11593,8723,8004,1,4972,18762,21376,1.0,18:42,2015,2016
2015-16,201949,James Johnson,James,1610612761,TOR,Toronto Raptors,21500383,2015-12-17T00:00:00,TOR @ CHA,L,12.5,0.0,2.0,2.0,6.0,3.0,2.0,2.0,10.0,0.0,1.0,3.0,4.0,9.6,1,13074,13074,13074,21259,12059,4731,4675,5299,5109,3734,4025,20209,8004,17214,17641,2748,19434,1.0,12:32,2015,2016
2015-16,203079,Dion Waiters,Dion,1610612760,OKC,Oklahoma City Thunder,21500384,2015-12-17T00:00:00,OKC @ CLE,L,21.0,0.0,0.0,0.0,2.0,2.0,8.0,8.0,26.0,0.0,0.0,4.0,2.0,9.4,1,13074,13074,13074,15054,12059,10158,9917,12984,2619,17345,17194,7214,8004,1,22104,7786,19568,1.0,21:00,2015,2016
2015-16,2760,Anderson Varejao,Anderson,1610612739,CLE,Cleveland Cavaliers,21500384,2015-12-17T00:00:00,CLE vs. OKC,W,3.6,0.0,0.0,0.0,0.0,2.0,0.0,0.0,2.0,0.0,0.0,0.0,0.0,0.0,1,1,1,1,24884,12059,10158,9917,18861,2619,1,1,24614,8004,1,1,18762,25170,1.0,3:34,2015,2016
2015-16,201571,D.J. Augustin,D.J.,1610612760,OKC,Oklahoma City Thunder,21500384,2015-12-17T00:00:00,OKC @ CLE,L,14.5,0.0,0.0,0.0,2.0,0.0,8.0,3.0,16.0,0.0,0.0,1.0,0.0,8.9,1,13074,13074,13074,20112,12059,10158,9917,12984,1,17345,7328,15259,8004,1,4972,18762,19914,1.0,14:29,2015,2016
2015-16,201147,Corey Brewer,Corey,1610612745,HOU,Houston Rockets,21500385,2015-12-17T00:00:00,HOU @ LAL,W,16.0,0.0,3.0,0.0,0.0,12.0,6.0,5.0,18.0,0.0,0.0,1.0,0.0,8.9,1,1,1,1,19017,12059,3104,9917,18861,20178,13237,11593,13577,8004,1,4972,18762,19914,1.0,16:01,2015,2016
2015-16,203512,Lucas Nogueira,Lucas,1610612761,TOR,Toronto Raptors,21500383,2015-12-17T00:00:00,TOR @ CHA,L,5.5,0.0,0.0,0.0,2.0,0.0,0.0,0.0,6.0,0.0,0.0,0.0,1.0,6.6,1,13074,13074,13074,24193,12059,10158,9917,12984,1,1,1,22724,8004,1,1,12373,21445,1.0,5:28,2015,2016
2015-16,1891,Jason Terry,Jason,1610612745,HOU,Houston Rockets,21500385,2015-12-17T00:00:00,HOU @ LAL,W,5.8,0.0,0.0,0.0,0.0,6.0,6.0,0.0,8.0,0.0,1.0,1.0,0.0,0.0,1,1,1,1,24055,12059,10158,9917,18861,10028,13237,1,21543,8004,17214,4972,18762,25170,1.0,5:48,2015,2016
2015-16,202713,Kyle Singler,Kyle,1610612760,OKC,Oklahoma City Thunder,21500384,2015-12-17T00:00:00,OKC @ CLE,L,16.7,0.0,0.0,0.0,0.0,5.0,8.0,3.0,14.0,0.0,0.0,0.0,1.0,9.0,1,13074,13074,13074,18473,12059,10158,9917,18861,8403,17345,7328,17019,8004,1,1,12373,19835,1.0,16:44,2015,2016
2015-16,201579,Roy Hibbert,Roy,1610612747,LAL,Los Angeles Lakers,21500385,2015-12-17T00:00:00,LAL vs. HOU,L,21.8,0.0,2.0,0.0,4.0,11.0,16.0,12.0,16.0,1.0,2.0,6.0,1.0,13.3,1,13074,13074,13074,14385,12059,4731,9917,8599,18886,25155,22259,15259,2692,23588,25827,12373,16712,1.0,21:46,2015,2016
2015-16,203099,Jared Cunningham,Jared,1610612739,CLE,Cleveland Cavaliers,21500384,2015-12-17T00:00:00,CLE vs. OKC,W,13.4,3.0,0.0,0.0,2.0,2.0,2.0,2.0,10.0,0.0,0.0,4.0,1.0,7.2,1,1,1,1,20731,4307,10158,9917,12984,2619,3734,4025,20209,8004,1,22104,12373,21035,1.0,13:25,2015,2016
2015-16,203584,Troy Daniels,Troy,1610612766,CHA,Charlotte Hornets,21500383,2015-12-17T00:00:00,CHA vs. TOR,W,12.0,0.0,0.0,0.0,0.0,3.0,3.0,2.0,12.0,0.0,1.0,1.0,0.0,0.5,1,1,1,1,21509,12059,10158,9917,18861,5109,7138,4025,18637,8004,17214,4972,18762,25056,1.0,12:02,2015,2016
2015-16,202335,Patrick Patterson,Patrick,1610612761,TOR,Toronto Raptors,21500383,2015-12-17T00:00:00,TOR @ CHA,L,25.3,0.0,0.0,0.0,0.0,7.0,4.0,8.0,24.0,0.0,0.0,1.0,0.0,13.1,1,13074,13074,13074,11420,12059,10158,9917,18861,12242,8458,17194,8723,8004,1,4972,18762,16874,1.0,25:20,2015,2016
2015-16,203087,Jeremy Lamb,Jeremy,1610612766,CHA,Charlotte Hornets,21500383,2015-12-17T00:00:00,CHA vs. TOR,W,15.0,0.0,0.0,0.0,2.0,3.0,3.0,2.0,14.0,0.0,0.0,2.0,2.0,8.4,1,1,1,1,19780,12059,10158,9917,12984,5109,7138,4025,17019,8004,1,11390,7786,20273,1.0,14:58,2015,2016
2015-16,202700,Donatas Motiejunas,Donatas,1610612745,HOU,Houston Rockets,21500385,2015-12-17T00:00:00,HOU @ LAL,W,19.1,0.0,2.0,0.0,4.0,10.0,4.0,3.0,24.0,0.0,0.0,2.0,3.0,12.8,1,1,1,1,16588,12059,4731,9917,8599,17370,8458,7328,8723,8004,1,11390,4736,17129,1.0,19:09,2015,2016
2015-16,2210,Richard Jefferson,Richard,1610612739,CLE,Cleveland Cavaliers,21500384,2015-12-17T00:00:00,CLE vs. OKC,W,31.7,0.0,5.0,0.0,4.0,15.0,2.0,4.0,24.0,0.0,0.0,2.0,0.0,15.9,1,1,1,1,6156,12059,995,9917,8599,23079,3734,8806,8723,8004,1,11390,18762,14675,1.0,31:41,2015,2016
2015-16,201946,Tyler Hansbrough,Tyler,1610612766,CHA,Charlotte Hornets,21500383,2015-12-17T00:00:00,CHA vs. TOR,W,8.3,0.0,0.0,0.0,0.0,0.0,2.0,0.0,4.0,0.0,0.0,0.0,1.0,2.4,1,1,1,1,23076,12059,10158,9917,18861,1,3734,1,23698,8004,1,1,12373,24024,1.0,8:20,2015,2016
2015-16,202683,Enes Freedom,Enes,1610612760,OKC,Oklahoma City Thunder,21500384,2015-12-17T00:00:00,OKC @ CLE,L,18.5,2.0,0.0,0.0,0.0,4.0,8.0,3.0,20.0,0.0,0.0,1.0,1.0,13.2,1,13074,13074,13074,17124,6026,10158,9917,18861,6141,17345,7328,11929,8004,1,4972,12373,16768,1.0,18:27,2015,2016
2015-16,201156,Nick Young,Nick,1610612747,LAL,Los Angeles Lakers,21500385,2015-12-17T00:00:00,LAL vs. HOU,L,16.0,0.0,0.0,0.0,0.0,0.0,10.0,5.0,10.0,0.0,0.0,1.0,0.0,2.2,1,13074,13074,13074,19060,12059,10158,9917,18861,1,20509,11593,20209,8004,1,4972,18762,24138,1.0,15:58,2015,2016
2015-16,203991,Clint Capela,Clint,1610612745,HOU,Houston Rockets,21500385,2015-12-17T00:00:00,HOU @ LAL,W,28.2,1.0,4.0,2.0,8.0,11.0,6.0,4.0,32.0,4.0,0.0,1.0,2.0,42.9,1,1,1,1,9111,11535,1596,4675,3109,18886,13237,8806,3535,132,1,4972,7786,1754,1.0,28:09,2015,2016
2015-16,2730,Dwight Howard,Dwight,1610612745,HOU,Houston Rockets,21500385,2015-12-17T00:00:00,HOU @ LAL,W,25.7,2.0,5.0,2.0,6.0,9.0,8.0,6.0,24.0,2.0,1.0,5.0,12.0,40.5,1,1,1,1,11116,6026,995,4675,5299,15771,17345,13388,8723,932,17214,24686,27,2257,1.0,25:42,2015,2016
2015-16,1626156,D'Angelo Russell,D'Angelo,1610612747,LAL,Los Angeles Lakers,21500385,2015-12-17T00:00:00,LAL vs. HOU,L,26.4,0.0,0.0,0.0,2.0,9.0,14.0,12.0,18.0,0.0,1.0,2.0,0.0,15.1,1,13074,13074,13074,10552,12059,10158,9917,12984,15771,24300,22259,13577,8004,17214,11390,18762,15328,1.0,26:22,2015,2016
2015-16,203469,Cody Zeller,Cody,1610612766,CHA,Charlotte Hornets,21500383,2015-12-17T00:00:00,CHA vs. TOR,W,21.5,0.0,0.0,0.0,4.0,11.0,3.0,4.0,16.0,0.0,2.0,6.0,1.0,15.7,1,1,1,1,14643,12059,10158,9917,8599,18886,7138,8806,15259,8004,23588,25827,12373,14841,1.0,21:27,2015,2016
2015-16,203903,Jordan Clarkson,Jordan,1610612747,LAL,Los Angeles Lakers,21500385,2015-12-17T00:00:00,LAL vs. HOU,L,38.5,2.0,2.0,2.0,10.0,11.0,23.0,19.0,28.0,0.0,2.0,3.0,3.0,26.8,1,13074,13074,13074,1266,6026,4731,4675,1840,18886,26017,25435,5824,8004,23588,17641,4736,7486,1.0,38:31,2015,2016
2015-16,203521,Matthew Dellavedova,Matthew,1610612739,CLE,Cleveland Cavaliers,21500384,2015-12-17T00:00:00,CLE vs. OKC,W,38.8,2.0,0.0,0.0,0.0,24.0,12.0,10.0,30.0,0.0,0.0,3.0,3.0,31.0,1,1,1,1,1161,6026,10158,9917,18861,25890,22832,20169,4541,8004,1,17641,4736,5406,1.0,38:45,2015,2016
2015-16,203933,T.J. Warren,T.J.,1610612756,PHX,Phoenix Suns,21500381,2015-12-16T00:00:00,PHX @ GSW,L,35.7,2.0,6.0,2.0,8.0,13.0,4.0,24.0,40.0,2.0,0.0,3.0,1.0,41.1,1,13074,13074,13074,3003,6026,481,4675,3109,21300,8458,25937,983,932,1,17641,12373,2123,1.0,35:40,2015,2016
2015-16,201152,Thaddeus Young,Thaddeus,1610612751,BKN,Brooklyn Nets,21500373,2015-12-16T00:00:00,BKN vs. MIA,L,29.8,0.0,2.0,0.0,6.0,8.0,12.0,8.0,36.0,1.0,1.0,1.0,0.0,27.4,1,13074,13074,13074,7718,12059,4731,9917,5299,13914,22832,17194,1943,2692,17214,4972,18762,7179,1.0,29:49,2015,2016
2015-16,203092,Tyler Zeller,Tyler,1610612738,BOS,Boston Celtics,21500374,2015-12-16T00:00:00,BOS @ DET,L,9.5,0.0,6.0,0.0,10.0,7.0,2.0,3.0,8.0,0.0,0.0,4.0,3.0,15.1,1,13074,13074,13074,22628,12059,481,9917,1840,12242,3734,7328,21543,8004,1,22104,4736,15328,1.0,9:30,2015,2016
2015-16,203901,Elfrid Payton,Elfrid,1610612753,ORL,Orlando Magic,21500372,2015-12-16T00:00:00,ORL vs. CHA,W,30.3,2.0,2.0,0.0,6.0,8.0,3.0,3.0,18.0,0.0,2.0,1.0,2.0,30.1,1,1,1,1,7284,6026,4731,9917,5299,13914,7138,7328,13577,8004,23588,4972,7786,5794,1.0,30:16,2015,2016
2015-16,1626169,Stanley Johnson,Stanley,1610612765,DET,Detroit Pistons,21500374,2015-12-16T00:00:00,DET vs. BOS,W,21.2,0.0,2.0,2.0,6.0,0.0,4.0,5.0,22.0,0.0,0.0,1.0,3.0,15.4,1,1,1,1,14897,12059,4731,4675,5299,1,8458,11593,10265,8004,1,4972,4736,15066,1.0,21:11,2015,2016
2015-16,202330,Gordon Hayward,Gordon,1610612762,UTA,Utah Jazz,21500380,2015-12-16T00:00:00,UTA vs. NOP,L,39.6,3.0,1.0,1.0,2.0,13.0,2.0,8.0,28.0,0.0,0.0,1.0,10.0,27.2,1,13074,13074,13074,873,4307,9709,9347,12984,21300,3734,17194,5824,8004,1,4972,76,7289,1.0,39:33,2015,2016
2015-16,2733,Shaun Livingston,Shaun,1610612744,GSW,Golden State Warriors,21500381,2015-12-16T00:00:00,GSW vs. PHX,W,17.4,0.0,0.0,0.0,0.0,2.0,6.0,2.0,14.0,1.0,0.0,0.0,1.0,15.4,1,1,1,1,17986,12059,10158,9917,18861,2619,13237,4025,17019,2692,1,1,12373,15066,1.0,17:22,2015,2016
2015-16,202689,Kemba Walker,Kemba,1610612766,CHA,Charlotte Hornets,21500372,2015-12-16T00:00:00,CHA @ ORL,L,27.4,2.0,0.0,0.0,6.0,17.0,4.0,9.0,22.0,0.0,1.0,1.0,2.0,30.3,1,13074,13074,13074,9660,6026,10158,9917,5299,24337,8458,18829,10265,8004,17214,4972,7786,5702,1.0,27:26,2015,2016
2015-16,202696,Nikola Vučević,Nikola,1610612753,ORL,Orlando Magic,21500372,2015-12-16T00:00:00,ORL vs. CHA,W,27.4,2.0,2.0,2.0,6.0,10.0,3.0,5.0,18.0,0.0,1.0,1.0,5.0,31.6,1,1,1,1,9660,6026,4731,4675,5299,17370,7138,11593,13577,8004,17214,4972,1539,5130,1.0,27:26,2015,2016
2015-16,203487,Michael Carter-Williams,Michael,1610612749,MIL,Milwaukee Bucks,21500382,2015-12-16T00:00:00,MIL @ LAC,L,39.2,5.0,2.0,5.0,16.0,9.0,14.0,5.0,28.0,0.0,2.0,2.0,3.0,30.7,1,13074,13074,13074,975,1603,4731,1277,275,15771,24300,11593,5824,8004,23588,11390,4736,5539,1.0,39:14,2015,2016
2015-16,204001,Kristaps Porziņģis,Kristaps,1610612752,NYK,New York Knicks,21500375,2015-12-16T00:00:00,NYK vs. MIN,W,29.2,0.0,2.0,0.0,2.0,6.0,18.0,6.0,30.0,7.0,0.0,2.0,1.0,40.7,1,1,1,1,8181,12059,4731,9917,12984,10028,25634,13388,4541,8,1,11390,12373,2199,1.0,29:14,2015,2016
2015-16,202087,Alonzo Gee,Alonzo,1610612740,NOP,New Orleans Pelicans,21500380,2015-12-16T00:00:00,NOP @ UTA,W,23.3,4.0,0.0,4.0,4.0,11.0,5.0,6.0,14.0,0.0,0.0,4.0,1.0,15.2,1,1,1,1,13126,2460,10158,1913,8599,18886,11469,13388,17019,8004,1,22104,12373,15219,1.0,23:17,2015,2016
2015-16,200794,Paul Millsap,Paul,1610612737,ATL,Atlanta Hawks,21500376,2015-12-16T00:00:00,ATL vs. PHI,W,24.6,2.0,2.0,2.0,10.0,7.0,9.0,9.0,22.0,2.0,0.0,3.0,6.0,30.5,1,1,1,1,12017,6026,4731,4675,1840,12242,19144,18829,10265,932,1,17641,873,5620,1.0,24:36,2015,2016
2015-16,201988,Patty Mills,Patty,1610612759,SAS,San Antonio Spurs,21500379,2015-12-16T00:00:00,SAS vs. WAS,W,19.1,0.0,0.0,2.0,6.0,7.0,4.0,4.0,18.0,0.0,1.0,1.0,2.0,15.5,1,1,1,1,16586,12059,10158,4675,5299,12242,8458,8806,13577,8004,17214,4972,7786,15004,1.0,19:09,2015,2016
2015-16,202362,Lance Stephenson,Lance,1610612746,LAC,LA Clippers,21500382,2015-12-16T00:00:00,LAC vs. MIL,W,18.5,4.0,2.0,2.0,4.0,4.0,12.0,5.0,24.0,0.0,0.0,3.0,0.0,15.4,1,1,1,1,17111,2460,4731,4675,8599,6141,22832,11593,8723,8004,1,17641,18762,15066,1.0,18:28,2015,2016
2015-16,201584,Courtney Lee,Courtney,1610612763,MEM,Memphis Grizzlies,21500377,2015-12-16T00:00:00,MEM @ CHI,L,36.7,4.0,0.0,5.0,8.0,17.0,11.0,10.0,44.0,0.0,0.0,2.0,0.0,40.4,1,13074,13074,13074,2301,2460,10158,1277,3109,24337,21814,20169,454,8004,1,11390,18762,2274,1.0,36:40,2015,2016
2015-16,203500,Steven Adams,Steven,1610612760,OKC,Oklahoma City Thunder,21500378,2015-12-16T00:00:00,OKC vs. POR,W,21.7,2.0,6.0,0.0,10.0,2.0,12.0,0.0,12.0,1.0,0.0,3.0,1.0,27.4,1,1,1,1,14446,6026,481,9917,1840,2619,22832,1,18637,2692,1,17641,12373,7179,1.0,21:41,2015,2016
2015-16,203937,Kyle Anderson,Kyle,1610612759,SAS,San Antonio Spurs,21500379,2015-12-16T00:00:00,SAS vs. WAS,W,16.8,0.0,0.0,0.0,2.0,4.0,4.0,0.0,16.0,2.0,0.0,2.0,2.0,15.2,1,1,1,1,18413,12059,10158,9917,12984,6141,8458,1,15259,932,1,11390,7786,15219,1.0,16:48,2015,2016
2015-16,202322,John Wall,John,1610612764,WAS,Washington Wizards,21500379,2015-12-16T00:00:00,WAS @ SAS,L,38.1,4.0,2.0,6.0,6.0,6.0,12.0,9.0,30.0,0.0,3.0,1.0,6.0,40.5,1,13074,13074,13074,1469,2460,4731,740,5299,10028,22832,18829,4541,8004,25441,4972,873,2257,1.0,38:05,2015,2016
2015-16,201155,Rodney Stuckey,Rodney,1610612754,IND,Indiana Pacers,21500371,2015-12-16T00:00:00,IND vs. DAL,W,26.3,3.0,0.0,3.0,8.0,2.0,6.0,0.0,22.0,0.0,0.0,3.0,3.0,31.1,1,1,1,1,10626,4307,10158,3302,3109,2619,13237,1,10265,8004,1,17641,4736,5354,1.0,26:16,2015,2016
2015-16,2561,David West,David,1610612759,SAS,San Antonio Spurs,21500379,2015-12-16T00:00:00,SAS vs. WAS,W,24.6,0.0,5.0,0.0,6.0,5.0,2.0,15.0,18.0,2.0,1.0,3.0,3.0,31.5,1,1,1,1,12034,12059,995,9917,5299,8403,3734,24242,13577,932,17214,17641,4736,5180,1.0,24:35,2015,2016
2015-16,204038,Langston Galloway,Langston,1610612752,NYK,New York Knicks,21500375,2015-12-16T00:00:00,NYK vs. MIN,W,31.6,2.0,0.0,0.0,4.0,10.0,17.0,10.0,32.0,1.0,0.0,1.0,1.0,30.6,1,1,1,1,6254,6026,10158,9917,8599,17370,25429,20169,3535,2692,1,4972,12373,5574,1.0,31:34,2015,2016
2015-16,202391,Jeremy Lin,Jeremy,1610612766,CHA,Charlotte Hornets,21500372,2015-12-16T00:00:00,CHA @ ORL,L,29.4,0.0,0.0,0.0,2.0,13.0,6.0,5.0,18.0,0.0,0.0,3.0,4.0,15.4,1,13074,13074,13074,8055,12059,10158,9917,12984,21300,13237,11593,13577,8004,1,17641,2748,15066,1.0,29:25,2015,2016
2015-16,203105,Festus Ezeli,Festus,1610612744,GSW,Golden State Warriors,21500381,2015-12-16T00:00:00,GSW vs. PHX,W,14.6,1.0,0.0,0.0,6.0,2.0,0.0,8.0,12.0,0.0,1.0,1.0,3.0,12.0,1,1,1,1,20073,11535,10158,9917,5299,2619,1,17194,18637,8004,17214,4972,4736,17703,1.0,14:33,2015,2016
2015-16,201936,Tyreke Evans,Tyreke,1610612740,NOP,New Orleans Pelicans,21500380,2015-12-16T00:00:00,NOP @ UTA,W,35.4,3.0,2.0,2.0,6.0,11.0,3.0,5.0,20.0,0.0,1.0,3.0,1.0,26.3,1,1,1,1,3237,4307,4731,4675,5299,18886,7138,11593,11929,8004,17214,17641,12373,7733,1.0,35:23,2015,2016
2015-16,203926,Doug McDermott,Doug,1610612741,CHI,Chicago Bulls,21500377,2015-12-16T00:00:00,CHI vs. MEM,W,23.1,6.0,6.0,0.0,4.0,9.0,0.0,8.0,18.0,1.0,1.0,2.0,2.0,20.2,1,1,1,1,13268,878,481,9917,8599,15771,1,17194,13577,2692,17214,11390,7786,11610,1.0,23:07,2015,2016
2015-16,1626143,Jahlil Okafor,Jahlil,1610612755,PHI,Philadelphia 76ers,21500376,2015-12-16T00:00:00,PHI @ ATL,L,30.2,3.0,2.0,0.0,12.0,17.0,6.0,12.0,40.0,0.0,1.0,3.0,3.0,26.4,1,13074,13074,13074,7363,4307,4731,9917,988,24337,13237,22259,983,8004,17214,17641,4736,7672,1.0,30:11,2015,2016
2015-16,202718,Chandler Parsons,Chandler,1610612742,DAL,Dallas Mavericks,21500371,2015-12-16T00:00:00,DAL @ IND,L,28.9,0.0,2.0,0.0,4.0,13.0,4.0,17.0,34.0,0.0,1.0,2.0,1.0,11.8,1,13074,13074,13074,8490,12059,4731,9917,8599,21300,8458,24967,2701,8004,17214,11390,12373,17832,1.0,28:51,2015,2016
2015-16,101108,Chris Paul,Chris,1610612746,LAC,LA Clippers,21500382,2015-12-16T00:00:00,LAC vs. MIL,W,33.2,4.0,8.0,0.0,4.0,16.0,8.0,9.0,36.0,0.0,2.0,1.0,1.0,42.2,1,1,1,1,4978,2460,137,9917,8599,23774,17345,18829,1943,8004,23588,4972,12373,1892,1.0,33:12,2015,2016
2015-16,201168,Tiago Splitter,Tiago,1610612737,ATL,Atlanta Hawks,21500376,2015-12-16T00:00:00,ATL vs. PHI,W,13.6,4.0,2.0,0.0,8.0,0.0,6.0,0.0,8.0,1.0,0.0,1.0,1.0,20.2,1,1,1,1,20632,2460,4731,9917,3109,1,13237,1,21543,2692,1,4972,12373,11610,1.0,13:38,2015,2016
2015-16,201973,Jonas Jerebko,Jonas,1610612738,BOS,Boston Celtics,21500374,2015-12-16T00:00:00,BOS @ DET,L,16.0,3.0,0.0,0.0,0.0,9.0,5.0,3.0,12.0,0.0,0.0,3.0,0.0,11.6,1,13074,13074,13074,19050,4307,10158,9917,18861,15771,11469,7328,18637,8004,1,17641,18762,17970,1.0,15:59,2015,2016
2015-16,202699,Tobias Harris,Tobias,1610612753,ORL,Orlando Magic,21500372,2015-12-16T00:00:00,ORL vs. CHA,W,23.2,5.0,0.0,5.0,6.0,8.0,3.0,3.0,8.0,1.0,0.0,1.0,1.0,26.5,1,1,1,1,13196,1603,10158,1277,5299,13914,7138,7328,21543,2692,1,4972,12373,7627,1.0,23:12,2015,2016
2015-16,203484,Kentavious Caldwell-Pope,Kentavious,1610612765,DET,Detroit Pistons,21500374,2015-12-16T00:00:00,DET vs. BOS,W,43.9,7.0,0.0,4.0,4.0,13.0,20.0,8.0,48.0,1.0,0.0,3.0,9.0,42.9,1,1,1,1,141,548,10158,1913,8599,21300,25875,17194,192,2692,1,17641,138,1754,1.0,43:51,2015,2016
2015-16,1938,Manu Ginobili,Manu,1610612759,SAS,San Antonio Spurs,21500379,2015-12-16T00:00:00,SAS vs. WAS,W,18.4,2.0,0.0,5.0,6.0,5.0,2.0,4.0,12.0,0.0,0.0,3.0,1.0,26.6,1,1,1,1,17161,6026,10158,1277,5299,8403,3734,8806,18637,8004,1,17641,12373,7566,1.0,18:25,2015,2016
2015-16,203079,Dion Waiters,Dion,1610612760,OKC,Oklahoma City Thunder,21500378,2015-12-16T00:00:00,OKC vs. POR,W,28.0,4.0,0.0,7.0,6.0,18.0,8.0,8.0,24.0,0.0,0.0,2.0,6.0,26.7,1,1,1,1,9262,2460,10158,454,5299,24749,17345,17194,8723,8004,1,11390,873,7525,1.0,27:57,2015,2016
2015-16,203095,Evan Fournier,Evan,1610612753,ORL,Orlando Magic,21500372,2015-12-16T00:00:00,ORL vs. CHA,W,24.5,0.0,0.0,0.0,2.0,11.0,0.0,3.0,6.0,0.0,0.0,0.0,3.0,27.1,1,1,1,1,12138,12059,10158,9917,12984,18886,1,7328,22724,8004,1,1,4736,7339,1.0,24:29,2015,2016
2015-16,101133,Ian Mahinmi,Ian,1610612754,IND,Indiana Pacers,21500371,2015-12-16T00:00:00,IND vs. DAL,W,22.1,0.0,2.0,0.0,4.0,5.0,4.0,3.0,6.0,0.0,0.0,2.0,3.0,20.5,1,1,1,1,14132,12059,4731,9917,8599,8403,8458,7328,22724,8004,1,11390,4736,11401,1.0,22:03,2015,2016
2015-16,2548,Dwyane Wade,Dwyane,1610612748,MIA,Miami Heat,21500373,2015-12-16T00:00:00,MIA @ BKN,W,30.2,6.0,4.0,3.0,12.0,3.0,9.0,0.0,26.0,3.0,1.0,0.0,3.0,43.0,1,1,1,1,7399,878,1596,3302,988,5109,19144,1,7214,347,17214,1,4736,1733,1.0,30:09,2015,2016
2015-16,201569,Eric Gordon,Eric,1610612740,NOP,New Orleans Pelicans,21500380,2015-12-16T00:00:00,NOP @ UTA,W,27.6,0.0,0.0,0.0,2.0,13.0,4.0,6.0,14.0,0.0,0.0,4.0,4.0,20.5,1,1,1,1,9558,12059,10158,9917,12984,21300,8458,13388,17019,8004,1,22104,2748,11401,1.0,27:34,2015,2016
2015-16,203081,Damian Lillard,Damian,1610612757,POR,Portland Trail Blazers,21500378,2015-12-16T00:00:00,POR @ OKC,L,30.2,10.0,0.0,0.0,4.0,18.0,10.0,11.0,40.0,1.0,3.0,3.0,6.0,33.0,1,13074,13074,13074,7350,99,10158,9917,8599,24749,20509,21342,983,2692,25441,17641,873,4537,1.0,30:12,2015,2016
2015-16,203462,Archie Goodwin,Archie,1610612756,PHX,Phoenix Suns,21500381,2015-12-16T00:00:00,PHX @ GSW,L,12.0,2.0,0.0,3.0,4.0,5.0,4.0,4.0,14.0,0.0,0.0,1.0,2.0,22.0,1,13074,13074,13074,21529,6026,10158,3302,8599,8403,8458,8806,17019,8004,1,4972,7786,10388,1.0,12:00,2015,2016
2015-16,2571,Leandro Barbosa,Leandro,1610612744,GSW,Golden State Warriors,21500381,2015-12-16T00:00:00,GSW vs. PHX,W,13.4,2.0,0.0,4.0,4.0,2.0,6.0,2.0,12.0,1.0,0.0,0.0,0.0,17.5,1,1,1,1,20761,6026,10158,1913,8599,2619,13237,4025,18637,2692,1,1,18762,13528,1.0,13:22,2015,2016
2015-16,101107,Marvin Williams,Marvin,1610612766,CHA,Charlotte Hornets,21500372,2015-12-16T00:00:00,CHA @ ORL,L,26.3,0.0,0.0,0.0,0.0,17.0,8.0,8.0,24.0,3.0,1.0,1.0,0.0,22.0,1,13074,13074,13074,10643,12059,10158,9917,18861,24337,17345,17194,8723,347,17214,4972,18762,10388,1.0,26:15,2015,2016
2015-16,201566,Russell Westbrook,Russell,1610612760,OKC,Oklahoma City Thunder,21500378,2015-12-16T00:00:00,OKC vs. POR,W,26.9,2.0,0.0,4.0,8.0,5.0,14.0,0.0,16.0,2.0,2.0,2.0,2.0,33.1,1,1,1,1,10120,6026,10158,1913,3109,8403,24300,1,15259,932,23588,11390,7786,4505,1.0,26:53,2015,2016
2015-16,203506,Victor Oladipo,Victor,1610612753,ORL,Orlando Magic,21500372,2015-12-16T00:00:00,ORL vs. CHA,W,25.2,2.0,0.0,2.0,6.0,7.0,3.0,2.0,22.0,0.0,0.0,2.0,2.0,21.8,1,1,1,1,11557,6026,10158,4675,5299,12242,7138,4025,10265,8004,1,11390,7786,10526,1.0,25:09,2015,2016
2015-16,202710,Jimmy Butler III,Jimmy,1610612741,CHI,Chicago Bulls,21500377,2015-12-16T00:00:00,CHI vs. MEM,W,38.2,6.0,0.0,6.0,14.0,14.0,7.0,10.0,28.0,1.0,1.0,1.0,5.0,39.8,1,1,1,1,1447,878,10158,740,542,22292,15642,20169,5824,2692,17214,4972,1539,2422,1.0,38:09,2015,2016
2015-16,2225,Tony Parker,Tony,1610612759,SAS,San Antonio Spurs,21500379,2015-12-16T00:00:00,SAS vs. WAS,W,25.8,2.0,0.0,2.0,6.0,5.0,2.0,15.0,20.0,1.0,2.0,2.0,0.0,32.8,1,1,1,1,11028,6026,10158,4675,5299,8403,3734,24242,11929,2692,23588,11390,18762,4609,1.0,25:47,2015,2016
2015-16,203089,John Henson,John,1610612749,MIL,Milwaukee Bucks,21500382,2015-12-16T00:00:00,MIL @ LAC,L,20.9,2.0,6.0,0.0,10.0,6.0,4.0,0.0,14.0,3.0,1.0,0.0,0.0,27.6,1,13074,13074,13074,15125,6026,481,9917,1840,10028,8458,1,17019,347,17214,1,18762,7080,1.0,20:55,2015,2016
2015-16,202730,Lavoy Allen,Lavoy,1610612754,IND,Indiana Pacers,21500371,2015-12-16T00:00:00,IND vs. DAL,W,18.4,2.0,2.0,0.0,8.0,0.0,3.0,3.0,6.0,1.0,1.0,0.0,1.0,17.3,1,1,1,1,17193,6026,4731,9917,3109,1,7138,7328,22724,2692,17214,1,12373,13671,1.0,18:24,2015,2016
2015-16,201572,Brook Lopez,Brook,1610612751,BKN,Brooklyn Nets,21500373,2015-12-16T00:00:00,BKN vs. MIA,L,28.1,3.0,4.0,0.0,16.0,8.0,12.0,6.0,32.0,0.0,1.0,4.0,4.0,32.2,1,13074,13074,13074,9121,4307,1596,9917,275,13914,22832,13388,3535,8004,17214,22104,2748,4846,1.0,28:09,2015,2016
2015-16,201167,Arron Afflalo,Arron,1610612752,NYK,New York Knicks,21500375,2015-12-16T00:00:00,NYK vs. MIN,W,33.8,3.0,8.0,1.0,4.0,8.0,18.0,10.0,32.0,0.0,0.0,1.0,6.0,33.1,1,1,1,1,4509,4307,137,9347,8599,13914,25634,20169,3535,8004,1,4972,873,4505,1.0,33:48,2015,2016
2015-16,203498,Shabazz Muhammad,Shabazz,1610612750,MIN,Minnesota Timberwolves,21500375,2015-12-16T00:00:00,MIN @ NYK,L,17.8,2.0,2.0,0.0,4.0,3.0,7.0,0.0,14.0,0.0,1.0,1.0,2.0,21.8,1,13074,13074,13074,17681,6026,4731,9917,8599,5109,15642,1,17019,8004,17214,4972,7786,10526,1.0,17:48,2015,2016
2015-16,101112,Channing Frye,Channing,1610612753,ORL,Orlando Magic,21500372,2015-12-16T00:00:00,ORL vs. CHA,W,30.4,9.0,0.0,3.0,0.0,11.0,0.0,3.0,12.0,0.0,0.0,0.0,1.0,28.6,1,1,1,1,7166,171,10158,3302,18861,18886,1,7328,18637,8004,1,1,12373,6560,1.0,30:25,2015,2016
2015-16,203210,JaMychal Green,JaMychal,1610612763,MEM,Memphis Grizzlies,21500377,2015-12-16T00:00:00,MEM @ CHI,L,14.1,4.0,0.0,0.0,4.0,8.0,6.0,3.0,8.0,0.0,0.0,1.0,3.0,13.4,1,13074,13074,13074,20379,2460,10158,9917,8599,13914,13237,7328,21543,8004,1,4972,4736,16614,1.0,14:03,2015,2016
2015-16,201941,Jordan Hill,Jordan,1610612754,IND,Indiana Pacers,21500371,2015-12-16T00:00:00,IND vs. DAL,W,22.8,0.0,0.0,0.0,4.0,0.0,6.0,0.0,22.0,1.0,0.0,3.0,0.0,22.2,1,1,1,1,13537,12059,10158,9917,8599,1,13237,1,10265,2692,1,17641,18762,10263,1.0,22:47,2015,2016
2015-16,202694,Marcus Morris Sr.,Marcus,1610612765,DET,Detroit Pistons,21500374,2015-12-16T00:00:00,DET vs. BOS,W,33.1,3.0,0.0,0.0,2.0,13.0,16.0,6.0,38.0,0.0,0.0,3.0,2.0,17.2,1,1,1,1,5016,4307,10158,9917,12984,21300,25155,13388,1422,8004,1,17641,7786,13725,1.0,33:08,2015,2016
2015-16,201160,Jason Smith,Jason,1610612753,ORL,Orlando Magic,21500372,2015-12-16T00:00:00,ORL vs. CHA,W,16.8,0.0,2.0,0.0,2.0,5.0,0.0,0.0,10.0,2.0,0.0,2.0,0.0,21.9,1,1,1,1,18399,12059,4731,9917,12984,8403,1,1,20209,932,1,11390,18762,10460,1.0,16:50,2015,2016
2015-16,1626158,Richaun Holmes,Richaun,1610612755,PHI,Philadelphia 76ers,21500376,2015-12-16T00:00:00,PHI @ ATL,L,27.2,5.0,5.0,0.0,8.0,15.0,2.0,6.0,26.0,2.0,1.0,2.0,2.0,32.9,1,13074,13074,13074,9822,1603,995,9917,3109,23079,3734,13388,7214,932,17214,11390,7786,4566,1.0,27:14,2015,2016
2015-16,202334,Ed Davis,Ed,1610612757,POR,Portland Trail Blazers,21500378,2015-12-16T00:00:00,POR @ OKC,L,18.2,0.0,2.0,2.0,8.0,6.0,4.0,7.0,18.0,1.0,0.0,4.0,2.0,21.8,1,13074,13074,13074,17370,12059,4731,4675,3109,10028,8458,15538,13577,2692,1,22104,7786,10526,1.0,18:10,2015,2016
2015-16,201564,O.J. Mayo,O.J.,1610612749,MIL,Milwaukee Bucks,21500382,2015-12-16T00:00:00,MIL @ LAC,L,38.3,10.0,3.0,4.0,4.0,11.0,16.0,5.0,30.0,0.0,1.0,5.0,0.0,38.8,1,13074,13074,13074,1356,99,3104,1913,8599,18886,25155,11593,4541,8004,17214,24686,18762,2692,1.0,38:21,2015,2016
2015-16,204456,T.J. McConnell,T.J.,1610612755,PHI,Philadelphia 76ers,21500376,2015-12-16T00:00:00,PHI @ ATL,L,16.8,0.0,0.0,0.0,0.0,9.0,2.0,0.0,16.0,0.0,0.0,1.0,0.0,13.4,1,13074,13074,13074,18447,12059,10158,9917,18861,15771,3734,1,15259,8004,1,4972,18762,16614,1.0,16:46,2015,2016
2015-16,201939,Stephen Curry,Stephen,1610612744,GSW,Golden State Warriors,21500381,2015-12-16T00:00:00,GSW vs. PHX,W,29.6,13.0,0.0,10.0,12.0,7.0,8.0,11.0,24.0,0.0,0.0,4.0,3.0,37.9,1,1,1,1,7891,13,10158,118,988,12242,17345,21342,8723,8004,1,22104,4736,2931,1.0,29:35,2015,2016
2015-16,203798,PJ Hairston,PJ,1610612766,CHA,Charlotte Hornets,21500372,2015-12-16T00:00:00,CHA @ ORL,L,22.0,3.0,3.0,3.0,2.0,17.0,4.0,9.0,18.0,0.0,0.0,1.0,1.0,17.4,1,13074,13074,13074,14221,4307,3104,3302,12984,24337,8458,18829,13577,8004,1,4972,12373,13595,1.0,21:57,2015,2016
2015-16,203507,Giannis Antetokounmpo,Giannis,1610612749,MIL,Milwaukee Bucks,21500382,2015-12-16T00:00:00,MIL @ LAC,L,33.9,0.0,2.0,0.0,6.0,11.0,9.0,0.0,22.0,0.0,0.0,4.0,2.0,22.2,1,13074,13074,13074,4469,12059,4731,9917,5299,18886,19144,1,10265,8004,1,22104,7786,10263,1.0,33:52,2015,2016
2015-16,201580,JaVale McGee,JaVale,1610612742,DAL,Dallas Mavericks,21500371,2015-12-16T00:00:00,DAL @ IND,L,10.6,0.0,4.0,0.0,4.0,4.0,2.0,6.0,16.0,0.0,0.0,1.0,1.0,13.9,1,13074,13074,13074,22189,12059,1596,9917,8599,6141,3734,13388,15259,8004,1,4972,12373,16232,1.0,10:36,2015,2016
2015-16,201952,Jeff Teague,Jeff,1610612737,ATL,Atlanta Hawks,21500376,2015-12-16T00:00:00,ATL vs. PHI,W,23.2,7.0,0.0,2.0,8.0,7.0,7.0,9.0,22.0,2.0,0.0,1.0,2.0,38.6,1,1,1,1,13231,548,10158,4675,3109,12242,15642,18829,10265,932,1,4972,7786,2744,1.0,23:10,2015,2016
2015-16,203481,Jeff Withey,Jeff,1610612762,UTA,Utah Jazz,21500380,2015-12-16T00:00:00,UTA vs. NOP,L,17.4,2.0,2.0,0.0,2.0,6.0,0.0,4.0,12.0,1.0,0.0,3.0,2.0,13.6,1,13074,13074,13074,17986,6026,4731,9917,12984,10028,1,8806,18637,2692,1,17641,7786,16460,1.0,17:22,2015,2016
2015-16,201229,Anthony Tolliver,Anthony,1610612765,DET,Detroit Pistons,21500374,2015-12-16T00:00:00,DET vs. BOS,W,14.9,0.0,0.0,0.0,0.0,0.0,4.0,5.0,12.0,1.0,0.0,3.0,0.0,17.4,1,1,1,1,19836,12059,10158,9917,18861,1,8458,11593,18637,2692,1,17641,18762,13595,1.0,14:54,2015,2016
2015-16,203087,Jeremy Lamb,Jeremy,1610612766,CHA,Charlotte Hornets,21500372,2015-12-16T00:00:00,CHA @ ORL,L,24.0,6.0,0.0,4.0,10.0,7.0,6.0,5.0,16.0,0.0,0.0,1.0,2.0,38.0,1,13074,13074,13074,12536,878,10158,1913,1840,12242,13237,11593,15259,8004,1,4972,7786,2903,1.0,24:01,2015,2016
2015-16,202323,Evan Turner,Evan,1610612738,BOS,Boston Celtics,21500374,2015-12-16T00:00:00,BOS @ DET,L,27.5,0.0,0.0,0.0,6.0,14.0,6.0,5.0,22.0,0.0,1.0,4.0,3.0,22.3,1,13074,13074,13074,9615,12059,10158,9917,5299,22292,13237,11593,10265,8004,17214,22104,4736,10208,1.0,27:29,2015,2016
2015-16,2547,Chris Bosh,Chris,1610612748,MIA,Miami Heat,21500373,2015-12-16T00:00:00,MIA @ BKN,W,30.3,0.0,0.0,0.0,2.0,6.0,9.0,2.0,28.0,0.0,0.0,0.0,3.0,17.4,1,1,1,1,7300,12059,10158,9917,12984,10028,19144,4025,5824,8004,1,1,4736,13595,1.0,30:16,2015,2016
2015-16,101106,Andrew Bogut,Andrew,1610612744,GSW,Golden State Warriors,21500381,2015-12-16T00:00:00,GSW vs. PHX,W,21.4,0.0,0.0,0.0,0.0,5.0,8.0,5.0,16.0,1.0,0.0,4.0,1.0,21.9,1,1,1,1,14657,12059,10158,9917,18861,8403,17345,11593,15259,2692,1,22104,12373,10460,1.0,21:26,2015,2016
2015-16,203471,Dennis Schröder,Dennis,1610612737,ATL,Atlanta Hawks,21500376,2015-12-16T00:00:00,ATL vs. PHI,W,23.1,5.0,0.0,0.0,4.0,6.0,3.0,1.0,16.0,0.0,1.0,2.0,3.0,35.5,1,1,1,1,13285,1603,10158,9917,8599,10028,7138,3646,15259,8004,17214,11390,4736,3657,1.0,23:06,2015,2016
2015-16,101179,Ronnie Price,Ronnie,1610612756,PHX,Phoenix Suns,21500381,2015-12-16T00:00:00,PHX @ GSW,L,15.1,2.0,0.0,2.0,0.0,6.0,2.0,6.0,20.0,0.0,0.0,2.0,4.0,24.6,1,13074,13074,13074,19680,6026,10158,4675,18861,10028,3734,13388,11929,8004,1,11390,2748,8724,1.0,15:07,2015,2016
2015-16,201144,Mike Conley,Mike,1610612763,MEM,Memphis Grizzlies,21500377,2015-12-16T00:00:00,MEM @ CHI,L,34.1,0.0,2.0,0.0,4.0,9.0,8.0,11.0,32.0,1.0,0.0,2.0,1.0,24.4,1,13074,13074,13074,4239,12059,4731,9917,8599,15771,17345,21342,3535,2692,1,11390,12373,8867,1.0,34:08,2015,2016
2015-16,2546,Carmelo Anthony,Carmelo,1610612752,NYK,New York Knicks,21500375,2015-12-16T00:00:00,NYK vs. MIN,W,34.9,0.0,4.0,0.0,2.0,12.0,20.0,12.0,34.0,1.0,2.0,1.0,4.0,53.5,1,1,1,1,3649,12059,1596,9917,12984,20178,25875,22259,2701,2692,23588,4972,2748,495,1.0,34:51,2015,2016
2015-16,203109,Jae Crowder,Jae,1610612738,BOS,Boston Celtics,21500374,2015-12-16T00:00:00,BOS @ DET,L,31.5,0.0,2.0,0.0,4.0,14.0,9.0,6.0,22.0,0.0,0.0,6.0,2.0,24.9,1,13074,13074,13074,6313,12059,4731,9917,8599,22292,19144,13388,10265,8004,1,25827,7786,8553,1.0,31:30,2015,2016
2015-16,202695,Kawhi Leonard,Kawhi,1610612759,SAS,San Antonio Spurs,21500379,2015-12-16T00:00:00,SAS vs. WAS,W,38.2,4.0,0.0,2.0,4.0,10.0,6.0,19.0,36.0,0.0,0.0,2.0,3.0,47.6,1,1,1,1,1446,2460,10158,4675,8599,17370,13237,25435,1943,8004,1,11390,4736,1003,1.0,38:09,2015,2016
2015-16,101162,Marcin Gortat,Marcin,1610612764,WAS,Washington Wizards,21500379,2015-12-16T00:00:00,WAS @ SAS,L,39.6,0.0,0.0,2.0,14.0,6.0,14.0,11.0,38.0,3.0,1.0,0.0,3.0,46.0,1,13074,13074,13074,873,12059,10158,4675,542,10028,24300,21342,1422,347,17214,1,4736,1198,1.0,39:33,2015,2016
2015-16,202738,Isaiah Thomas,Isaiah,1610612738,BOS,Boston Celtics,21500374,2015-12-16T00:00:00,BOS @ DET,L,37.9,5.0,4.0,6.0,12.0,15.0,11.0,5.0,26.0,0.0,1.0,5.0,7.0,48.1,1,13074,13074,13074,1535,1603,1596,740,988,23079,21814,11593,7214,8004,17214,24686,469,952,1.0,37:56,2015,2016
2015-16,201143,Al Horford,Al,1610612737,ATL,Atlanta Hawks,21500376,2015-12-16T00:00:00,ATL vs. PHI,W,28.1,6.0,0.0,2.0,8.0,10.0,5.0,10.0,30.0,0.0,1.0,0.0,1.0,24.3,1,1,1,1,9126,878,10158,4675,3109,17370,11469,20169,4541,8004,17214,1,12373,8939,1.0,28:08,2015,2016
2015-16,203932,Aaron Gordon,Aaron,1610612753,ORL,Orlando Magic,21500372,2015-12-16T00:00:00,ORL vs. CHA,W,24.8,0.0,2.0,0.0,2.0,12.0,0.0,7.0,22.0,0.0,0.0,0.0,2.0,24.9,1,1,1,1,11828,12059,4731,9917,12984,20178,1,15538,10265,8004,1,1,7786,8553,1.0,24:48,2015,2016
2015-16,202691,Klay Thompson,Klay,1610612744,GSW,Golden State Warriors,21500381,2015-12-16T00:00:00,GSW vs. PHX,W,30.5,4.0,0.0,12.0,12.0,7.0,8.0,11.0,24.0,0.0,0.0,0.0,3.0,51.6,1,1,1,1,7077,2460,10158,42,988,12242,17345,21342,8723,8004,1,1,4736,604,1.0,30:32,2015,2016
2015-16,202498,Lance Thomas,Lance,1610612752,NYK,New York Knicks,21500375,2015-12-16T00:00:00,NYK vs. MIN,W,22.5,0.0,2.0,0.0,4.0,8.0,9.0,6.0,28.0,0.0,0.0,1.0,3.0,24.4,1,1,1,1,13751,12059,4731,9917,8599,13914,19144,13388,5824,8004,1,4972,4736,8867,1.0,22:31,2015,2016
2015-16,201565,Derrick Rose,Derrick,1610612741,CHI,Chicago Bulls,21500377,2015-12-16T00:00:00,CHI vs. MEM,W,33.1,2.0,2.0,4.0,16.0,9.0,7.0,4.0,24.0,0.0,0.0,1.0,2.0,28.9,1,1,1,1,5044,6026,4731,1913,275,15771,15642,8806,8723,8004,1,4972,7786,6414,1.0,33:06,2015,2016
2015-16,202324,Derrick Favors,Derrick,1610612762,UTA,Utah Jazz,21500380,2015-12-16T00:00:00,UTA vs. NOP,L,35.3,4.0,2.0,0.0,12.0,11.0,2.0,8.0,26.0,1.0,0.0,1.0,3.0,43.9,1,13074,13074,13074,3285,2460,4731,9917,988,18886,3734,17194,7214,2692,1,4972,4736,1573,1.0,35:20,2015,2016
2015-16,203145,Kent Bazemore,Kent,1610612737,ATL,Atlanta Hawks,21500376,2015-12-16T00:00:00,ATL vs. PHI,W,24.5,2.0,0.0,4.0,4.0,7.0,9.0,10.0,22.0,2.0,0.0,0.0,4.0,29.9,1,1,1,1,12125,6026,10158,1913,8599,12242,19144,20169,10265,932,1,1,2748,5884,1.0,24:30,2015,2016
2015-16,201937,Ricky Rubio,Ricky,1610612750,MIN,Minnesota Timberwolves,21500375,2015-12-16T00:00:00,MIN @ NYK,L,34.3,2.0,5.0,0.0,0.0,9.0,12.0,3.0,12.0,0.0,1.0,1.0,1.0,62.0,1,13074,13074,13074,4069,6026,995,9917,18861,15771,22832,7328,18637,8004,17214,4972,12373,141,1.0,34:20,2015,2016
2015-16,203141,Mirza Teletovic,Mirza,1610612756,PHX,Phoenix Suns,21500381,2015-12-16T00:00:00,PHX @ GSW,L,24.1,2.0,2.0,4.0,8.0,11.0,2.0,19.0,34.0,0.0,0.0,2.0,2.0,29.8,1,13074,13074,13074,12470,6026,4731,1913,3109,18886,3734,25435,2701,8004,1,11390,7786,5948,1.0,24:05,2015,2016
2015-16,202355,Hassan Whiteside,Hassan,1610612748,MIA,Miami Heat,21500373,2015-12-16T00:00:00,MIA @ BKN,W,29.5,2.0,6.0,0.0,14.0,5.0,8.0,0.0,24.0,1.0,0.0,4.0,6.0,36.6,1,1,1,1,7973,6026,481,9917,542,8403,17345,1,8723,2692,1,22104,873,3288,1.0,29:31,2015,2016
2015-16,1626157,Karl-Anthony Towns,Karl-Anthony,1610612750,MIN,Minnesota Timberwolves,21500375,2015-12-16T00:00:00,MIN @ NYK,L,32.4,2.0,5.0,0.0,10.0,9.0,14.0,3.0,16.0,0.0,2.0,4.0,4.0,36.2,1,13074,13074,13074,5552,6026,995,9917,1840,15771,24300,7328,15259,8004,23588,22104,2748,3407,1.0,32:26,2015,2016
2015-16,203110,Draymond Green,Draymond,1610612744,GSW,Golden State Warriors,21500381,2015-12-16T00:00:00,GSW vs. PHX,W,31.0,2.0,0.0,4.0,6.0,7.0,8.0,11.0,24.0,1.0,1.0,1.0,2.0,60.2,1,1,1,1,6692,6026,10158,1913,5299,12242,17345,21342,8723,2692,17214,4972,7786,203,1.0,31:02,2015,2016
2015-16,2216,Zach Randolph,Zach,1610612763,MEM,Memphis Grizzlies,21500377,2015-12-16T00:00:00,MEM @ CHI,L,29.8,0.0,0.0,0.0,8.0,15.0,8.0,9.0,28.0,0.0,1.0,3.0,2.0,29.7,1,13074,13074,13074,7682,12059,10158,9917,3109,23079,17345,18829,5824,8004,17214,17641,7786,6006,1.0,29:51,2015,2016
2015-16,203096,Jared Sullinger,Jared,1610612738,BOS,Boston Celtics,21500374,2015-12-16T00:00:00,BOS @ DET,L,26.9,3.0,6.0,0.0,10.0,14.0,11.0,4.0,20.0,0.0,0.0,3.0,5.0,30.0,1,13074,13074,13074,10116,4307,481,9917,1840,22292,21814,8806,11929,8004,1,17641,1539,5840,1.0,26:54,2015,2016
2015-16,1626202,Joe Young,Joe,1610612754,IND,Indiana Pacers,21500371,2015-12-16T00:00:00,IND vs. DAL,W,3.2,0.0,0.0,0.0,0.0,0.0,2.0,0.0,4.0,0.0,0.0,0.0,0.0,7.4,1,1,1,1,25064,12059,10158,9917,18861,1,3734,1,23698,8004,1,1,18762,20912,1.0,3:10,2015,2016
2015-16,202714,Shelvin Mack,Shelvin,1610612737,ATL,Atlanta Hawks,21500376,2015-12-16T00:00:00,ATL vs. PHI,W,8.0,4.0,0.0,2.0,6.0,10.0,2.0,0.0,6.0,0.0,0.0,0.0,0.0,11.5,1,1,1,1,23196,2460,10158,4675,5299,17370,3734,1,22724,8004,1,1,18762,18079,1.0,7:59,2015,2016
2015-16,201142,Kevin Durant,Kevin,1610612760,OKC,Oklahoma City Thunder,21500378,2015-12-16T00:00:00,OKC vs. POR,W,29.2,4.0,0.0,0.0,6.0,9.0,12.0,0.0,16.0,1.0,0.0,2.0,7.0,37.2,1,1,1,1,8181,2460,10158,9917,5299,15771,22832,1,15259,2692,1,11390,469,3130,1.0,29:14,2015,2016
2015-16,1718,Paul Pierce,Paul,1610612746,LAC,LA Clippers,21500382,2015-12-16T00:00:00,LAC vs. MIL,W,19.5,4.0,0.0,0.0,4.0,11.0,12.0,6.0,24.0,0.0,0.0,0.0,0.0,11.6,1,1,1,1,16329,2460,10158,9917,8599,18886,22832,13388,8723,8004,1,1,18762,17970,1.0,19:29,2015,2016
2015-16,203083,Andre Drummond,Andre,1610612765,DET,Detroit Pistons,21500374,2015-12-16T00:00:00,DET vs. BOS,W,34.6,4.0,6.0,0.0,10.0,13.0,14.0,3.0,34.0,0.0,0.0,3.0,6.0,35.9,1,1,1,1,3903,2460,481,9917,1840,21300,24300,7328,2701,8004,1,17641,873,3505,1.0,34:33,2015,2016
2015-16,203468,CJ McCollum,CJ,1610612757,POR,Portland Trail Blazers,21500378,2015-12-16T00:00:00,POR @ OKC,L,35.7,4.0,0.0,4.0,2.0,16.0,12.0,8.0,34.0,0.0,0.0,2.0,2.0,35.8,1,13074,13074,13074,2988,2460,10158,1913,12984,23774,22832,17194,2701,8004,1,11390,7786,3541,1.0,35:41,2015,2016
2015-16,201583,Ryan Anderson,Ryan,1610612740,NOP,New Orleans Pelicans,21500380,2015-12-16T00:00:00,NOP @ UTA,W,34.2,0.0,2.0,2.0,4.0,8.0,5.0,1.0,30.0,0.0,0.0,1.0,8.0,35.3,1,1,1,1,4216,12059,4731,4675,8599,13914,11469,3646,4541,8004,1,4972,254,3719,1.0,34:10,2015,2016
2015-16,201188,Marc Gasol,Marc,1610612763,MEM,Memphis Grizzlies,21500377,2015-12-16T00:00:00,MEM @ CHI,L,34.0,4.0,0.0,0.0,2.0,9.0,8.0,10.0,38.0,0.0,1.0,4.0,0.0,23.9,1,13074,13074,13074,4385,2460,10158,9917,12984,15771,17345,20169,1422,8004,17214,22104,18762,9184,1.0,33:57,2015,2016
2015-16,101127,Jarrett Jack,Jarrett,1610612751,BKN,Brooklyn Nets,21500373,2015-12-16T00:00:00,BKN vs. MIA,L,35.7,0.0,3.0,0.0,4.0,10.0,12.0,8.0,38.0,0.0,1.0,2.0,4.0,43.4,1,13074,13074,13074,3014,12059,3104,9917,8599,17370,22832,17194,1422,8004,17214,11390,2748,1662,1.0,35:39,2015,2016
2015-16,200757,Thabo Sefolosha,Thabo,1610612737,ATL,Atlanta Hawks,21500376,2015-12-16T00:00:00,ATL vs. PHI,W,22.1,0.0,0.0,0.0,2.0,9.0,10.0,4.0,18.0,0.0,0.0,5.0,1.0,7.4,1,1,1,1,14071,12059,10158,9917,12984,15771,20509,8806,13577,8004,1,24686,12373,20912,1.0,22:08,2015,2016
2015-16,201586,Serge Ibaka,Serge,1610612760,OKC,Oklahoma City Thunder,21500378,2015-12-16T00:00:00,OKC vs. POR,W,24.1,4.0,4.0,0.0,6.0,5.0,12.0,0.0,12.0,4.0,0.0,3.0,3.0,29.3,1,1,1,1,12442,2460,1596,9917,5299,8403,22832,1,18637,132,1,17641,4736,6202,1.0,24:07,2015,2016
2015-16,203076,Anthony Davis,Anthony,1610612740,NOP,New Orleans Pelicans,21500380,2015-12-16T00:00:00,NOP @ UTA,W,38.1,4.0,0.0,0.0,8.0,11.0,5.0,6.0,24.0,1.0,0.0,3.0,4.0,35.6,1,1,1,1,1454,2460,10158,9917,3109,18886,11469,13388,8723,2692,1,17641,2748,3615,1.0,38:08,2015,2016
2015-16,203476,Gorgui Dieng,Gorgui,1610612750,MIN,Minnesota Timberwolves,21500375,2015-12-16T00:00:00,MIN @ NYK,L,36.2,0.0,4.0,0.0,6.0,6.0,8.0,1.0,22.0,1.0,0.0,4.0,3.0,35.5,1,13074,13074,13074,2602,12059,1596,9917,5299,10028,17345,3646,10265,2692,1,22104,4736,3657,1.0,36:14,2015,2016
2015-16,203496,Robert Covington,Robert,1610612755,PHI,Philadelphia 76ers,21500376,2015-12-16T00:00:00,PHI @ ATL,L,27.4,4.0,2.0,2.0,6.0,20.0,4.0,8.0,40.0,0.0,1.0,3.0,3.0,25.8,1,13074,13074,13074,9693,2460,4731,4675,5299,25338,8458,17194,983,8004,17214,17641,4736,8022,1.0,27:24,2015,2016
2015-16,101141,Ersan Ilyasova,Ersan,1610612765,DET,Detroit Pistons,21500374,2015-12-16T00:00:00,DET vs. BOS,W,31.4,3.0,2.0,2.0,0.0,13.0,16.0,3.0,38.0,2.0,1.0,3.0,5.0,25.0,1,1,1,1,6407,4307,4731,4675,18861,21300,25155,7328,1422,932,17214,17641,1539,8485,1.0,31:22,2015,2016
2015-16,2746,Josh Smith,Josh,1610612746,LAC,LA Clippers,21500382,2015-12-16T00:00:00,LAC vs. MIL,W,17.7,0.0,2.0,0.0,4.0,11.0,10.0,6.0,20.0,0.0,1.0,0.0,1.0,22.8,1,1,1,1,17755,12059,4731,9917,8599,18886,20509,13388,11929,8004,17214,1,12373,9883,1.0,17:42,2015,2016
2015-16,101114,Deron Williams,Deron,1610612742,DAL,Dallas Mavericks,21500371,2015-12-16T00:00:00,DAL @ IND,L,26.8,2.0,0.0,3.0,0.0,8.0,6.0,7.0,20.0,0.0,0.0,0.0,3.0,15.0,1,13074,13074,13074,10237,6026,10158,3302,18861,13914,13237,15538,11929,8004,1,1,4736,15404,1.0,26:45,2015,2016
2015-16,201980,Danny Green,Danny,1610612759,SAS,San Antonio Spurs,21500379,2015-12-16T00:00:00,SAS vs. WAS,W,18.5,0.0,5.0,2.0,2.0,5.0,0.0,13.0,14.0,1.0,0.0,1.0,2.0,14.8,1,1,1,1,17093,12059,995,4675,12984,8403,1,23048,17019,2692,1,4972,7786,15561,1.0,18:30,2015,2016
2015-16,203897,Zach LaVine,Zach,1610612750,MIN,Minnesota Timberwolves,21500375,2015-12-16T00:00:00,MIN @ NYK,L,29.1,8.0,2.0,6.0,10.0,2.0,11.0,1.0,20.0,0.0,1.0,3.0,0.0,23.4,1,13074,13074,13074,8283,308,4731,740,1840,2619,21814,3646,11929,8004,17214,17641,18762,9501,1.0,29:07,2015,2016
2015-16,202390,Gary Neal,Gary,1610612764,WAS,Washington Wizards,21500379,2015-12-16T00:00:00,WAS @ SAS,L,22.1,0.0,0.0,2.0,0.0,4.0,12.0,9.0,26.0,0.0,2.0,3.0,1.0,14.6,1,13074,13074,13074,14118,12059,10158,4675,18861,6141,22832,18829,7214,8004,23588,17641,12373,15699,1.0,22:04,2015,2016
2015-16,101123,Gerald Green,Gerald,1610612748,MIA,Miami Heat,21500373,2015-12-16T00:00:00,MIA @ BKN,W,20.7,3.0,0.0,3.0,4.0,6.0,4.0,2.0,16.0,0.0,0.0,1.0,2.0,15.0,1,1,1,1,15288,4307,10158,3302,8599,10028,8458,4025,15259,8004,1,4972,7786,15404,1.0,20:45,2015,2016
2015-16,1626159,Justise Winslow,Justise,1610612748,MIA,Miami Heat,21500373,2015-12-16T00:00:00,MIA @ BKN,W,33.3,0.0,2.0,0.0,2.0,7.0,9.0,2.0,20.0,1.0,0.0,1.0,1.0,23.6,1,1,1,1,4860,12059,4731,9917,12984,12242,19144,4025,11929,2692,1,4972,12373,9377,1.0,33:21,2015,2016
2015-16,201933,Blake Griffin,Blake,1610612746,LAC,LA Clippers,21500382,2015-12-16T00:00:00,LAC vs. MIL,W,33.9,0.0,0.0,0.0,6.0,12.0,12.0,9.0,38.0,1.0,0.0,0.0,8.0,35.1,1,1,1,1,4454,12059,10158,9917,5299,20178,22832,18829,1422,2692,1,1,254,3777,1.0,33:52,2015,2016
2015-16,203124,Kyle O'Quinn,Kyle,1610612752,NYK,New York Knicks,21500375,2015-12-16T00:00:00,NYK vs. MIN,W,17.3,2.0,0.0,0.0,2.0,6.0,8.0,6.0,14.0,0.0,0.0,5.0,1.0,10.3,1,1,1,1,18032,6026,10158,9917,12984,10028,17345,13388,17019,8004,1,24686,12373,18965,1.0,17:19,2015,2016
2015-16,2200,Pau Gasol,Pau,1610612741,CHI,Chicago Bulls,21500377,2015-12-16T00:00:00,CHI vs. MEM,W,33.4,3.0,2.0,0.0,4.0,12.0,7.0,7.0,24.0,2.0,0.0,1.0,6.0,33.8,1,1,1,1,4798,4307,4731,9917,8599,20178,15642,15538,8723,932,1,4972,873,4244,1.0,33:25,2015,2016
2015-16,203114,Khris Middleton,Khris,1610612749,MIL,Milwaukee Bucks,21500382,2015-12-16T00:00:00,MIL @ LAC,L,41.5,2.0,5.0,2.0,2.0,11.0,14.0,5.0,30.0,1.0,0.0,3.0,3.0,35.0,1,13074,13074,13074,390,6026,995,4675,12984,18886,24300,11593,4541,2692,1,17641,4736,3813,1.0,41:28,2015,2016
2015-16,203490,Otto Porter Jr.,Otto,1610612764,WAS,Washington Wizards,21500379,2015-12-16T00:00:00,WAS @ SAS,L,22.9,0.0,0.0,2.0,0.0,7.0,6.0,6.0,24.0,0.0,0.0,2.0,0.0,14.9,1,13074,13074,13074,13429,12059,10158,4675,18861,12242,13237,13388,8723,8004,1,11390,18762,15463,1.0,22:57,2015,2016
2015-16,203085,Austin Rivers,Austin,1610612746,LAC,LA Clippers,21500382,2015-12-16T00:00:00,LAC vs. MIL,W,19.0,0.0,0.0,0.0,2.0,5.0,12.0,4.0,22.0,0.0,2.0,1.0,1.0,9.9,1,1,1,1,16665,12059,10158,9917,12984,8403,22832,8806,10265,8004,23588,4972,12373,19247,1.0,19:03,2015,2016
2015-16,201601,Luc Mbah a Moute,Luc,1610612746,LAC,LA Clippers,21500382,2015-12-16T00:00:00,LAC vs. MIL,W,18.5,0.0,0.0,0.0,4.0,4.0,3.0,2.0,20.0,0.0,1.0,0.0,0.0,14.7,1,1,1,1,17091,12059,10158,9917,8599,6141,7138,4025,11929,8004,17214,1,18762,15631,1.0,18:31,2015,2016
2015-16,202692,Alec Burks,Alec,1610612762,UTA,Utah Jazz,21500380,2015-12-16T00:00:00,UTA vs. NOP,L,32.8,0.0,0.0,1.0,2.0,6.0,0.0,6.0,24.0,0.0,0.0,5.0,3.0,15.0,1,13074,13074,13074,5252,12059,10158,9347,12984,10028,1,13388,8723,8004,1,24686,4736,15404,1.0,32:50,2015,2016
2015-16,2617,Udonis Haslem,Udonis,1610612748,MIA,Miami Heat,21500373,2015-12-16T00:00:00,MIA @ BKN,W,12.1,0.0,0.0,0.0,0.0,2.0,2.0,2.0,10.0,0.0,0.0,2.0,0.0,10.1,1,1,1,1,21481,12059,10158,9917,18861,2619,3734,4025,20209,8004,1,11390,18762,19105,1.0,12:05,2015,2016
2015-16,1626246,Boban Marjanović,Boban,1610612759,SAS,San Antonio Spurs,21500379,2015-12-16T00:00:00,SAS vs. WAS,W,15.0,1.0,3.0,0.0,4.0,4.0,0.0,0.0,12.0,2.0,0.0,1.0,3.0,19.2,1,1,1,1,19751,11535,3104,9917,8599,6141,1,1,18637,932,1,4972,4736,12284,1.0,15:00,2015,2016
2015-16,203584,Troy Daniels,Troy,1610612766,CHA,Charlotte Hornets,21500372,2015-12-16T00:00:00,CHA @ ORL,L,6.7,3.0,0.0,3.0,0.0,0.0,2.0,0.0,4.0,0.0,0.0,1.0,0.0,10.2,1,13074,13074,13074,23688,4307,10158,3302,18861,1,3734,1,23698,8004,1,4972,18762,19003,1.0,6:40,2015,2016
2015-16,201609,Goran Dragic,Goran,1610612748,MIA,Miami Heat,21500373,2015-12-16T00:00:00,MIA @ BKN,W,36.4,2.0,0.0,4.0,8.0,7.0,11.0,0.0,28.0,1.0,1.0,4.0,2.0,35.1,1,1,1,1,2469,6026,10158,1913,3109,12242,21814,1,5824,2692,17214,22104,7786,3777,1.0,36:24,2015,2016
2015-16,203948,Johnny O'Bryant III,Johnny,1610612749,MIL,Milwaukee Bucks,21500382,2015-12-16T00:00:00,MIL @ LAC,L,11.0,0.0,2.0,2.0,4.0,4.0,4.0,0.0,6.0,0.0,0.0,2.0,1.0,18.9,1,13074,13074,13074,22018,12059,4731,4675,8599,6141,8458,1,22724,8004,1,11390,12373,12513,1.0,11:01,2015,2016
2015-16,202703,Nikola Mirotic,Nikola,1610612741,CHI,Chicago Bulls,21500377,2015-12-16T00:00:00,CHI vs. MEM,W,14.6,0.0,0.0,0.0,0.0,4.0,0.0,5.0,12.0,0.0,0.0,1.0,1.0,14.4,1,1,1,1,20048,12059,10158,9917,18861,6141,1,11593,18637,8004,1,4972,12373,15857,1.0,14:35,2015,2016
2015-16,200746,LaMarcus Aldridge,LaMarcus,1610612759,SAS,San Antonio Spurs,21500379,2015-12-16T00:00:00,SAS vs. WAS,W,33.4,0.0,4.0,0.0,6.0,8.0,4.0,19.0,26.0,0.0,0.0,2.0,1.0,25.7,1,1,1,1,4822,12059,1596,9917,5299,13914,8458,25435,7214,8004,1,11390,12373,8088,1.0,33:24,2015,2016
2015-16,202683,Enes Freedom,Enes,1610612760,OKC,Oklahoma City Thunder,21500378,2015-12-16T00:00:00,OKC vs. POR,W,25.0,4.0,2.0,2.0,4.0,15.0,4.0,8.0,22.0,0.0,0.0,2.0,4.0,25.6,1,1,1,1,11694,2460,4731,4675,8599,23079,8458,17194,10265,8004,1,11390,2748,8157,1.0,24:58,2015,2016
2015-16,2555,Nick Collison,Nick,1610612760,OKC,Oklahoma City Thunder,21500378,2015-12-16T00:00:00,OKC vs. POR,W,21.7,0.0,2.0,0.0,4.0,11.0,4.0,8.0,20.0,0.0,1.0,3.0,1.0,10.1,1,1,1,1,14458,12059,4731,9917,8599,18886,8458,17194,11929,8004,17214,17641,12373,19105,1.0,21:40,2015,2016
2015-16,203186,Willie Reed,Willie,1610612751,BKN,Brooklyn Nets,21500373,2015-12-16T00:00:00,BKN vs. MIA,L,8.1,0.0,2.0,0.0,2.0,0.0,0.0,0.0,0.0,2.0,0.0,0.0,0.0,14.3,1,13074,13074,13074,23136,12059,4731,9917,12984,1,1,1,25429,932,1,1,18762,15948,1.0,8:08,2015,2016
2015-16,203477,Isaiah Canaan,Isaiah,1610612755,PHI,Philadelphia 76ers,21500376,2015-12-16T00:00:00,PHI @ ATL,L,30.5,6.0,0.0,6.0,0.0,16.0,6.0,6.0,30.0,0.0,1.0,3.0,2.0,25.2,1,13074,13074,13074,7090,878,10158,740,18861,23774,13237,13388,4541,8004,17214,17641,7786,8383,1.0,30:31,2015,2016
2015-16,201950,Jrue Holiday,Jrue,1610612740,NOP,New Orleans Pelicans,21500380,2015-12-16T00:00:00,NOP @ UTA,W,23.6,2.0,0.0,0.0,6.0,6.0,5.0,1.0,18.0,1.0,0.0,2.0,1.0,33.6,1,1,1,1,12935,6026,10158,9917,5299,10028,11469,3646,13577,2692,1,11390,12373,4305,1.0,23:33,2015,2016
2015-16,202339,Eric Bledsoe,Eric,1610612756,PHX,Phoenix Suns,21500381,2015-12-16T00:00:00,PHX @ GSW,L,31.6,0.0,2.0,0.0,2.0,23.0,2.0,24.0,30.0,0.0,1.0,2.0,2.0,25.0,1,13074,13074,13074,6194,12059,4731,9917,12984,25803,3734,25937,4541,8004,17214,11390,7786,8485,1.0,31:38,2015,2016
2015-16,101145,Monta Ellis,Monta,1610612754,IND,Indiana Pacers,21500371,2015-12-16T00:00:00,IND vs. DAL,W,32.8,4.0,0.0,6.0,6.0,5.0,8.0,3.0,14.0,1.0,1.0,2.0,2.0,34.9,1,1,1,1,5262,2460,10158,740,5299,8403,17345,7328,17019,2692,17214,11390,7786,3845,1.0,32:49,2015,2016
2015-16,201959,Taj Gibson,Taj,1610612741,CHI,Chicago Bulls,21500377,2015-12-16T00:00:00,CHI vs. MEM,W,18.6,0.0,4.0,0.0,4.0,1.0,7.0,2.0,14.0,0.0,1.0,1.0,1.0,18.7,1,1,1,1,17042,12059,1596,9917,8599,2356,15642,4025,17019,8004,17214,4972,12373,12648,1.0,18:34,2015,2016
2015-16,203952,Andrew Wiggins,Andrew,1610612750,MIN,Minnesota Timberwolves,21500375,2015-12-16T00:00:00,MIN @ NYK,L,37.5,0.0,4.0,6.0,12.0,9.0,12.0,3.0,20.0,1.0,5.0,3.0,6.0,34.5,1,13074,13074,13074,1778,12059,1596,740,988,15771,22832,7328,11929,2692,26042,17641,873,3997,1.0,37:28,2015,2016
2015-16,1717,Dirk Nowitzki,Dirk,1610612742,DAL,Dallas Mavericks,21500371,2015-12-16T00:00:00,DAL @ IND,L,25.6,0.0,0.0,0.0,0.0,11.0,6.0,18.0,30.0,2.0,0.0,0.0,2.0,25.4,1,13074,13074,13074,11252,12059,10158,9917,18861,18886,13237,25228,4541,932,1,1,7786,8273,1.0,25:33,2015,2016
2015-16,203094,Andrew Nicholson,Andrew,1610612753,ORL,Orlando Magic,21500372,2015-12-16T00:00:00,ORL vs. CHA,W,17.6,0.0,0.0,0.0,2.0,9.0,3.0,7.0,18.0,1.0,0.0,3.0,1.0,10.2,1,1,1,1,17834,12059,10158,9917,12984,15771,7138,15538,13577,2692,1,17641,12373,19003,1.0,17:35,2015,2016
2015-16,203469,Cody Zeller,Cody,1610612766,CHA,Charlotte Hornets,21500372,2015-12-16T00:00:00,CHA @ ORL,L,23.0,0.0,0.0,0.0,4.0,15.0,4.0,7.0,18.0,0.0,0.0,2.0,3.0,25.4,1,13074,13074,13074,13349,12059,10158,9917,8599,23079,8458,15538,13577,8004,1,11390,4736,8273,1.0,23:02,2015,2016
2015-16,203118,Mike Scott,Mike,1610612737,ATL,Atlanta Hawks,21500376,2015-12-16T00:00:00,ATL vs. PHI,W,18.9,0.0,2.0,0.0,4.0,8.0,0.0,1.0,14.0,0.0,0.0,1.0,2.0,10.4,1,1,1,1,16805,12059,4731,9917,8599,13914,1,3646,17019,8004,1,4972,7786,18859,1.0,18:52,2015,2016
2015-16,202704,Reggie Jackson,Reggie,1610612765,DET,Detroit Pistons,21500374,2015-12-16T00:00:00,DET vs. BOS,W,27.6,4.0,3.0,0.0,8.0,13.0,16.0,6.0,34.0,0.0,0.0,3.0,7.0,25.9,1,1,1,1,9534,2460,3104,9917,3109,21300,25155,13388,2701,8004,1,17641,469,7960,1.0,27:36,2015,2016
2015-16,203100,Tony Wroten,Tony,1610612755,PHI,Philadelphia 76ers,21500376,2015-12-16T00:00:00,PHI @ ATL,L,15.9,0.0,0.0,1.0,4.0,10.0,4.0,10.0,20.0,0.0,2.0,1.0,3.0,10.4,1,13074,13074,13074,19139,12059,10158,9347,8599,17370,8458,20169,11929,8004,23588,4972,4736,18859,1.0,15:52,2015,2016
2015-16,2585,Zaza Pachulia,Zaza,1610612742,DAL,Dallas Mavericks,21500371,2015-12-16T00:00:00,DAL @ IND,L,26.0,0.0,1.0,0.0,4.0,10.0,6.0,9.0,22.0,0.0,2.0,2.0,3.0,23.8,1,13074,13074,13074,10854,12059,9709,9917,8599,17370,13237,18829,10265,8004,23588,11390,4736,9261,1.0,25:59,2015,2016
2015-16,203918,Rodney Hood,Rodney,1610612762,UTA,Utah Jazz,21500380,2015-12-16T00:00:00,UTA vs. NOP,L,20.7,2.0,0.0,2.0,4.0,5.0,4.0,4.0,16.0,0.0,0.0,5.0,1.0,10.4,1,13074,13074,13074,15334,6026,10158,4675,8599,8403,8458,8806,15259,8004,1,24686,12373,18859,1.0,20:40,2015,2016
2015-16,1626163,Frank Kaminsky,Frank,1610612766,CHA,Charlotte Hornets,21500372,2015-12-16T00:00:00,CHA @ ORL,L,26.1,0.0,0.0,0.0,4.0,13.0,4.0,7.0,14.0,0.0,0.0,2.0,1.0,19.0,1,13074,13074,13074,10743,12059,10158,9917,8599,21300,8458,15538,17019,8004,1,11390,12373,12440,1.0,26:07,2015,2016
2015-16,202331,Paul George,Paul,1610612754,IND,Indiana Pacers,21500371,2015-12-16T00:00:00,IND vs. DAL,W,32.1,0.0,0.0,3.0,2.0,5.0,8.0,3.0,16.0,1.0,1.0,2.0,3.0,34.9,1,1,1,1,5771,12059,10158,3302,12984,8403,17345,7328,15259,2692,17214,11390,4736,3845,1.0,32:08,2015,2016
2015-16,203953,Jabari Parker,Jabari,1610612749,MIL,Milwaukee Bucks,21500382,2015-12-16T00:00:00,MIL @ LAC,L,24.8,0.0,0.0,0.0,10.0,11.0,14.0,5.0,28.0,1.0,0.0,3.0,1.0,23.9,1,13074,13074,13074,11797,12059,10158,9917,1840,18886,24300,11593,5824,2692,1,17641,12373,9184,1.0,24:50,2015,2016
2015-16,203504,Trey Burke,Trey,1610612762,UTA,Utah Jazz,21500380,2015-12-16T00:00:00,UTA vs. NOP,L,27.9,2.0,0.0,2.0,2.0,7.0,2.0,4.0,12.0,0.0,1.0,0.0,2.0,23.3,1,13074,13074,13074,9341,6026,10158,4675,12984,12242,3734,8806,18637,8004,17214,1,7786,9567,1.0,27:51,2015,2016
2015-16,201196,Ramon Sessions,Ramon,1610612764,WAS,Washington Wizards,21500379,2015-12-16T00:00:00,WAS @ SAS,L,25.0,2.0,0.0,0.0,6.0,5.0,9.0,8.0,30.0,0.0,0.0,1.0,5.0,19.4,1,13074,13074,13074,11656,6026,10158,9917,5299,8403,19144,17194,4541,8004,1,4972,1539,12154,1.0,25:01,2015,2016
2015-16,201961,Wayne Ellington,Wayne,1610612751,BKN,Brooklyn Nets,21500373,2015-12-16T00:00:00,BKN vs. MIA,L,26.6,4.0,0.0,2.0,2.0,9.0,2.0,8.0,20.0,0.0,0.0,2.0,0.0,24.9,1,13074,13074,13074,10391,2460,10158,4675,12984,15771,3734,17194,11929,8004,1,11390,18762,8553,1.0,26:35,2015,2016
2015-16,200755,JJ Redick,JJ,1610612746,LAC,LA Clippers,21500382,2015-12-16T00:00:00,LAC vs. MIL,W,27.4,3.0,2.0,0.0,2.0,8.0,6.0,5.0,28.0,0.0,0.0,0.0,7.0,25.5,1,1,1,1,9690,4307,4731,9917,12984,13914,13237,11593,5824,8004,1,1,469,8230,1.0,27:25,2015,2016
2015-16,203516,James Ennis III,James,1610612763,MEM,Memphis Grizzlies,21500377,2015-12-16T00:00:00,MEM @ CHI,L,9.2,0.0,0.0,0.0,0.0,6.0,6.0,0.0,2.0,1.0,0.0,0.0,1.0,9.9,1,13074,13074,13074,22744,12059,10158,9917,18861,10028,13237,1,24614,2692,1,1,12373,19247,1.0,9:14,2015,2016
2015-16,203486,Mason Plumlee,Mason,1610612757,POR,Portland Trail Blazers,21500378,2015-12-16T00:00:00,POR @ OKC,L,25.9,2.0,12.0,0.0,8.0,18.0,10.0,8.0,30.0,0.0,2.0,2.0,6.0,25.5,1,13074,13074,13074,10896,6026,6,9917,3109,24749,20509,17194,4541,8004,23588,11390,873,8230,1.0,25:56,2015,2016
2015-16,2594,Kyle Korver,Kyle,1610612737,ATL,Atlanta Hawks,21500376,2015-12-16T00:00:00,ATL vs. PHI,W,26.9,0.0,0.0,0.0,0.0,11.0,3.0,6.0,26.0,0.0,0.0,3.0,0.0,23.1,1,1,1,1,10094,12059,10158,9917,18861,18886,7138,13388,7214,8004,1,17641,18762,9699,1.0,26:55,2015,2016
2015-16,203943,Noah Vonleh,Noah,1610612757,POR,Portland Trail Blazers,21500378,2015-12-16T00:00:00,POR @ OKC,L,26.1,0.0,2.0,0.0,0.0,17.0,10.0,7.0,26.0,0.0,0.0,3.0,1.0,10.4,1,13074,13074,13074,10754,12059,4731,9917,18861,24337,20509,15538,7214,8004,1,17641,12373,18859,1.0,26:06,2015,2016
2015-16,202711,Bojan Bogdanović,Bojan,1610612751,BKN,Brooklyn Nets,21500373,2015-12-16T00:00:00,BKN vs. MIA,L,39.8,0.0,0.0,0.0,0.0,8.0,14.0,6.0,36.0,0.0,0.0,4.0,1.0,14.5,1,13074,13074,13074,798,12059,10158,9917,18861,13914,24300,13388,1943,8004,1,22104,12373,15799,1.0,39:46,2015,2016
2015-16,2199,Tyson Chandler,Tyson,1610612756,PHX,Phoenix Suns,21500381,2015-12-16T00:00:00,PHX @ GSW,L,20.1,0.0,0.0,0.0,2.0,18.0,0.0,20.0,20.0,0.0,0.0,1.0,1.0,14.5,1,13074,13074,13074,15834,12059,10158,9917,12984,24749,1,25599,11929,8004,1,4972,12373,15799,1.0,20:06,2015,2016
2015-16,101139,CJ Miles,CJ,1610612754,IND,Indiana Pacers,21500371,2015-12-16T00:00:00,IND vs. DAL,W,28.7,2.0,2.0,4.0,8.0,3.0,9.0,0.0,26.0,0.0,0.0,3.0,2.0,33.4,1,1,1,1,8667,6026,4731,1913,3109,5109,19144,1,7214,8004,1,17641,7786,4384,1.0,28:41,2015,2016
2015-16,101135,David Lee,David,1610612738,BOS,Boston Celtics,21500374,2015-12-16T00:00:00,BOS @ DET,L,7.7,0.0,0.0,2.0,2.0,2.0,0.0,2.0,6.0,0.0,1.0,1.0,1.0,6.2,1,13074,13074,13074,23322,12059,10158,4675,12984,2619,1,4025,22724,8004,17214,4972,12373,21696,1.0,7:41,2015,2016
2015-16,1626168,Trey Lyles,Trey,1610612762,UTA,Utah Jazz,21500380,2015-12-16T00:00:00,UTA vs. NOP,L,14.5,0.0,0.0,0.0,2.0,3.0,2.0,0.0,4.0,0.0,0.0,2.0,0.0,6.1,1,13074,13074,13074,20112,12059,10158,9917,12984,5109,3734,1,23698,8004,1,11390,18762,21845,1.0,14:29,2015,2016
2015-16,202388,Donald Sloan,Donald,1610612751,BKN,Brooklyn Nets,21500373,2015-12-16T00:00:00,BKN vs. MIA,L,12.4,0.0,0.0,0.0,4.0,3.0,2.0,3.0,8.0,0.0,0.0,0.0,2.0,10.7,1,13074,13074,13074,21358,12059,10158,9917,8599,5109,3734,7328,21543,8004,1,1,7786,18636,1.0,12:21,2015,2016
2015-16,2207,Joe Johnson,Joe,1610612751,BKN,Brooklyn Nets,21500373,2015-12-16T00:00:00,BKN vs. MIA,L,32.7,0.0,0.0,0.0,0.0,9.0,14.0,8.0,36.0,0.0,2.0,2.0,0.0,11.4,1,13074,13074,13074,5315,12059,10158,9917,18861,15771,24300,17194,1943,8004,23588,11390,18762,18134,1.0,32:44,2015,2016
2015-16,2757,Beno Udrih,Beno,1610612748,MIA,Miami Heat,21500373,2015-12-16T00:00:00,MIA @ BKN,W,6.4,0.0,0.0,0.0,0.0,0.0,2.0,0.0,8.0,0.0,0.0,1.0,0.0,2.0,1,1,1,1,23794,12059,10158,9917,18861,1,3734,1,21543,8004,1,4972,18762,24216,1.0,6:22,2015,2016
2015-16,1626174,Christian Wood,Christian,1610612755,PHI,Philadelphia 76ers,21500376,2015-12-16T00:00:00,PHI @ ATL,L,2.5,0.0,0.0,0.0,0.0,0.0,0.0,0.0,2.0,0.0,0.0,0.0,0.0,1.2,1,13074,13074,13074,25332,12059,10158,9917,18861,1,1,1,24614,8004,1,1,18762,24661,1.0,2:29,2015,2016
2015-16,203148,Brian Roberts,Brian,1610612766,CHA,Charlotte Hornets,21500372,2015-12-16T00:00:00,CHA @ ORL,L,6.7,3.0,0.0,0.0,0.0,0.0,2.0,0.0,4.0,0.0,0.0,0.0,0.0,6.2,1,13074,13074,13074,23688,4307,10158,9917,18861,1,3734,1,23698,8004,1,1,18762,21696,1.0,6:40,2015,2016
2015-16,203526,Raul Neto,Raul,1610612762,UTA,Utah Jazz,21500380,2015-12-16T00:00:00,UTA vs. NOP,L,10.1,0.0,0.0,0.0,2.0,4.0,2.0,0.0,10.0,0.0,0.0,0.0,0.0,11.0,1,13074,13074,13074,22392,12059,10158,9917,12984,6141,3734,1,20209,8004,1,1,18762,18430,1.0,10:06,2015,2016
2015-16,201945,Gerald Henderson,Gerald,1610612757,POR,Portland Trail Blazers,21500378,2015-12-16T00:00:00,POR @ OKC,L,16.7,2.0,0.0,2.0,2.0,12.0,4.0,7.0,14.0,0.0,0.0,0.0,0.0,6.1,1,13074,13074,13074,18498,6026,10158,4675,12984,20178,8458,15538,17019,8004,1,1,18762,21845,1.0,16:42,2015,2016
2015-16,2419,Tayshaun Prince,Tayshaun,1610612750,MIN,Minnesota Timberwolves,21500375,2015-12-16T00:00:00,MIN @ NYK,L,21.2,0.0,0.0,0.0,2.0,7.0,10.0,2.0,14.0,0.0,0.0,3.0,1.0,6.2,1,13074,13074,13074,14861,12059,10158,9917,12984,12242,20509,4025,17019,8004,1,17641,12373,21696,1.0,21:14,2015,2016
2015-16,201571,D.J. Augustin,D.J.,1610612760,OKC,Oklahoma City Thunder,21500378,2015-12-16T00:00:00,OKC vs. POR,W,18.0,0.0,0.0,2.0,0.0,13.0,2.0,8.0,14.0,0.0,0.0,1.0,2.0,1.0,1,1,1,1,17499,12059,10158,4675,18861,21300,3734,17194,17019,8004,1,4972,7786,24960,1.0,18:01,2015,2016
2015-16,2756,Sasha Vujacic,Sasha,1610612752,NYK,New York Knicks,21500375,2015-12-16T00:00:00,NYK vs. MIN,W,10.0,0.0,0.0,0.0,0.0,2.0,4.0,0.0,12.0,0.0,0.0,1.0,2.0,2.0,1,1,1,1,22459,12059,10158,9917,18861,2619,8458,1,18637,8004,1,4972,7786,24216,1.0,9:58,2015,2016
2015-16,202340,Avery Bradley,Avery,1610612738,BOS,Boston Celtics,21500374,2015-12-16T00:00:00,BOS @ DET,L,37.8,0.0,0.0,0.0,0.0,21.0,13.0,6.0,28.0,0.0,0.0,3.0,0.0,10.9,1,13074,13074,13074,1581,12059,10158,9917,18861,25535,23668,13388,5824,8004,1,17641,18762,18498,1.0,37:50,2015,2016
2015-16,201603,Sonny Weems,Sonny,1610612756,PHX,Phoenix Suns,21500381,2015-12-16T00:00:00,PHX @ GSW,L,6.3,0.0,0.0,0.0,0.0,0.0,2.0,0.0,4.0,0.0,0.0,1.0,0.0,1.5,1,13074,13074,13074,23817,12059,10158,9917,18861,1,3734,1,23698,8004,1,4972,18762,24473,1.0,6:20,2015,2016
2015-16,203934,Lamar Patterson,Lamar,1610612737,ATL,Atlanta Hawks,21500376,2015-12-16T00:00:00,ATL vs. PHI,W,12.6,0.0,0.0,2.0,4.0,8.0,2.0,0.0,14.0,0.0,0.0,1.0,1.0,10.9,1,1,1,1,21215,12059,10158,4675,8599,13914,3734,1,17019,8004,1,4972,12373,18498,1.0,12:35,2015,2016
2015-16,201578,Marreese Speights,Marreese,1610612744,GSW,Golden State Warriors,21500381,2015-12-16T00:00:00,GSW vs. PHX,W,12.0,2.0,2.0,0.0,6.0,8.0,6.0,9.0,16.0,0.0,1.0,5.0,4.0,11.4,1,1,1,1,21529,6026,4731,9917,5299,13914,13237,18829,15259,8004,17214,24686,2748,18134,1.0,12:00,2015,2016
2015-16,201587,Nicolas Batum,Nicolas,1610612766,CHA,Charlotte Hornets,21500372,2015-12-16T00:00:00,CHA @ ORL,L,19.8,3.0,0.0,0.0,0.0,16.0,4.0,5.0,16.0,0.0,0.0,4.0,1.0,11.4,1,13074,13074,13074,16113,4307,10158,9917,18861,23774,8458,11593,15259,8004,1,22104,12373,18134,1.0,19:45,2015,2016
2015-16,202682,Derrick Williams,Derrick,1610612752,NYK,New York Knicks,21500375,2015-12-16T00:00:00,NYK vs. MIN,W,11.1,0.0,0.0,0.0,2.0,4.0,0.0,0.0,6.0,0.0,0.0,0.0,1.0,5.7,1,1,1,1,21972,12059,10158,9917,12984,6141,1,1,22724,8004,1,1,12373,22054,1.0,11:08,2015,2016
2015-16,201978,Chase Budinger,Chase,1610612754,IND,Indiana Pacers,21500371,2015-12-16T00:00:00,IND vs. DAL,W,16.9,0.0,0.0,0.0,0.0,2.0,4.0,0.0,16.0,0.0,0.0,2.0,1.0,5.5,1,1,1,1,18332,12059,10158,9917,18861,2619,8458,1,15259,8004,1,11390,12373,22196,1.0,16:55,2015,2016
2015-16,2037,Jamal Crawford,Jamal,1610612746,LAC,LA Clippers,21500382,2015-12-16T00:00:00,LAC vs. MIL,W,20.8,0.0,0.0,0.0,0.0,13.0,14.0,8.0,26.0,0.0,0.0,1.0,2.0,5.5,1,1,1,1,15205,12059,10158,9917,18861,21300,24300,17194,7214,8004,1,4972,7786,22196,1.0,20:50,2015,2016
2015-16,201582,Alexis Ajinca,Alexis,1610612740,NOP,New Orleans Pelicans,21500380,2015-12-16T00:00:00,NOP @ UTA,W,3.7,0.0,0.0,0.0,0.0,0.0,0.0,1.0,4.0,0.0,0.0,1.0,0.0,1.2,1,1,1,1,24831,12059,10158,9917,18861,1,1,3646,23698,8004,1,4972,18762,24661,1.0,3:43,2015,2016
2015-16,1889,Andre Miller,Andre,1610612750,MIN,Minnesota Timberwolves,21500375,2015-12-16T00:00:00,MIN @ NYK,L,9.4,0.0,0.0,0.0,0.0,0.0,4.0,0.0,8.0,0.0,0.0,1.0,0.0,1.5,1,13074,13074,13074,22687,12059,10158,9917,18861,1,8458,1,21543,8004,1,4972,18762,24473,1.0,9:21,2015,2016
2015-16,203458,Alex Len,Alex,1610612756,PHX,Phoenix Suns,21500381,2015-12-16T00:00:00,PHX @ GSW,L,22.2,2.0,0.0,0.0,2.0,6.0,2.0,8.0,22.0,1.0,0.0,1.0,0.0,18.5,1,13074,13074,13074,13979,6026,10158,9917,12984,10028,3734,17194,10265,2692,1,4972,18762,12794,1.0,22:14,2015,2016
2015-16,202344,Trevor Booker,Trevor,1610612762,UTA,Utah Jazz,21500380,2015-12-16T00:00:00,UTA vs. NOP,L,28.8,2.0,2.0,0.0,6.0,6.0,4.0,4.0,22.0,1.0,1.0,1.0,3.0,18.6,1,13074,13074,13074,8521,6026,4731,9917,5299,10028,8458,8806,10265,2692,17214,4972,4736,12715,1.0,28:49,2015,2016
2015-16,201600,Omer Asik,Omer,1610612740,NOP,New Orleans Pelicans,21500380,2015-12-16T00:00:00,NOP @ UTA,W,19.9,0.0,0.0,0.0,2.0,11.0,4.0,4.0,10.0,0.0,1.0,2.0,0.0,8.0,1,1,1,1,16030,12059,10158,9917,12984,18886,8458,8806,20209,8004,17214,11390,18762,20564,1.0,19:51,2015,2016
2015-16,202083,Wesley Matthews,Wesley,1610612742,DAL,Dallas Mavericks,21500371,2015-12-16T00:00:00,DAL @ IND,L,29.2,0.0,0.0,0.0,4.0,8.0,6.0,5.0,18.0,1.0,0.0,3.0,0.0,16.3,1,13074,13074,13074,8209,12059,10158,9917,8599,13914,13237,11593,13577,2692,1,17641,18762,14372,1.0,29:12,2015,2016
2015-16,203503,Tony Snell,Tony,1610612741,CHI,Chicago Bulls,21500377,2015-12-16T00:00:00,CHI vs. MEM,W,22.1,0.0,0.0,0.0,0.0,4.0,4.0,2.0,18.0,0.0,1.0,0.0,0.0,8.2,1,1,1,1,14064,12059,10158,9917,18861,6141,8458,4025,13577,8004,17214,1,18762,20416,1.0,22:08,2015,2016
2015-16,201149,Joakim Noah,Joakim,1610612741,CHI,Chicago Bulls,21500377,2015-12-16T00:00:00,CHI vs. MEM,W,29.4,0.0,0.0,0.0,2.0,15.0,0.0,10.0,22.0,1.0,1.0,4.0,2.0,18.7,1,1,1,1,8021,12059,10158,9917,12984,23079,1,20169,10265,2692,17214,22104,7786,12648,1.0,29:26,2015,2016
2015-16,2550,Kirk Hinrich,Kirk,1610612741,CHI,Chicago Bulls,21500377,2015-12-16T00:00:00,CHI vs. MEM,W,10.7,0.0,0.0,0.0,2.0,3.0,0.0,8.0,8.0,0.0,0.0,2.0,0.0,8.2,1,1,1,1,22160,12059,10158,9917,12984,5109,1,17194,21543,8004,1,11390,18762,20416,1.0,10:41,2015,2016
2015-16,201596,Mario Chalmers,Mario,1610612763,MEM,Memphis Grizzlies,21500377,2015-12-16T00:00:00,MEM @ CHI,L,26.5,4.0,0.0,7.0,4.0,8.0,8.0,5.0,16.0,1.0,2.0,3.0,6.0,18.6,1,13074,13074,13074,10437,2460,10158,454,8599,13914,17345,11593,15259,2692,23588,17641,873,12715,1.0,26:31,2015,2016
2015-16,203524,Solomon Hill,Solomon,1610612754,IND,Indiana Pacers,21500371,2015-12-16T00:00:00,IND vs. DAL,W,3.2,0.0,0.0,0.0,0.0,0.0,2.0,0.0,4.0,0.0,0.0,0.0,0.0,3.0,1,1,1,1,25064,12059,10158,9917,18861,1,3734,1,23698,8004,1,1,18762,23648,1.0,3:10,2015,2016
2015-16,2564,Boris Diaw,Boris,1610612759,SAS,San Antonio Spurs,21500379,2015-12-16T00:00:00,SAS vs. WAS,W,21.1,0.0,0.0,2.0,6.0,7.0,6.0,4.0,22.0,1.0,0.0,1.0,1.0,18.5,1,1,1,1,14960,12059,10158,4675,5299,12242,13237,8806,10265,2692,1,4972,12373,12794,1.0,21:07,2015,2016
2015-16,202720,Jon Leuer,Jon,1610612756,PHX,Phoenix Suns,21500381,2015-12-16T00:00:00,PHX @ GSW,L,14.1,0.0,2.0,0.0,4.0,16.0,0.0,8.0,12.0,0.0,1.0,0.0,1.0,18.5,1,13074,13074,13074,20379,12059,4731,9917,8599,23774,1,17194,18637,8004,17214,1,12373,12794,1.0,14:03,2015,2016
2015-16,200745,Andrea Bargnani,Andrea,1610612751,BKN,Brooklyn Nets,21500373,2015-12-16T00:00:00,BKN vs. MIA,L,21.0,2.0,2.0,0.0,4.0,5.0,2.0,3.0,12.0,0.0,1.0,2.0,1.0,16.0,1,13074,13074,13074,15017,6026,4731,9917,8599,8403,3734,7328,18637,8004,17214,11390,12373,14590,1.0,21:03,2015,2016
2015-16,2743,Kris Humphries,Kris,1610612764,WAS,Washington Wizards,21500379,2015-12-16T00:00:00,WAS @ SAS,L,28.8,2.0,2.0,4.0,4.0,6.0,8.0,6.0,22.0,0.0,0.0,2.0,1.0,18.3,1,13074,13074,13074,8534,6026,4731,1913,8599,10028,17345,13388,10265,8004,1,11390,12373,12952,1.0,28:48,2015,2016
2015-16,201150,Spencer Hawes,Spencer,1610612766,CHA,Charlotte Hornets,21500372,2015-12-16T00:00:00,CHA @ ORL,L,18.1,0.0,0.0,0.0,2.0,7.0,4.0,5.0,12.0,0.0,1.0,1.0,0.0,2.2,1,13074,13074,13074,17402,12059,10158,9917,12984,12242,8458,11593,18637,8004,17214,4972,18762,24138,1.0,18:08,2015,2016
2015-16,2440,Matt Barnes,Matt,1610612763,MEM,Memphis Grizzlies,21500377,2015-12-16T00:00:00,MEM @ CHI,L,22.2,0.0,0.0,0.0,2.0,2.0,7.0,7.0,22.0,1.0,0.0,4.0,2.0,13.2,1,13074,13074,13074,14020,12059,10158,9917,12984,2619,15642,15538,10265,2692,1,22104,7786,16768,1.0,22:11,2015,2016
2015-16,203080,Thomas Robinson,Thomas,1610612751,BKN,Brooklyn Nets,21500373,2015-12-16T00:00:00,BKN vs. MIA,L,1.9,0.0,0.0,0.0,0.0,2.0,0.0,2.0,4.0,0.0,0.0,1.0,1.0,2.2,1,13074,13074,13074,25552,12059,10158,9917,18861,2619,1,4025,23698,8004,1,4972,12373,24138,1.0,1:55,2015,2016
2015-16,203086,Meyers Leonard,Meyers,1610612757,POR,Portland Trail Blazers,21500378,2015-12-16T00:00:00,POR @ OKC,L,25.8,0.0,0.0,0.0,4.0,9.0,4.0,10.0,22.0,0.0,0.0,4.0,2.0,13.2,1,13074,13074,13074,11024,12059,10158,9917,8599,15771,8458,20169,10265,8004,1,22104,7786,16768,1.0,25:48,2015,2016
2015-16,203960,JaKarr Sampson,JaKarr,1610612755,PHI,Philadelphia 76ers,21500376,2015-12-16T00:00:00,PHI @ ATL,L,17.0,2.0,0.0,0.0,6.0,11.0,2.0,2.0,12.0,0.0,0.0,4.0,2.0,13.1,1,13074,13074,13074,18241,6026,10158,9917,5299,18886,3734,4025,18637,8004,1,22104,7786,16874,1.0,17:02,2015,2016
2015-16,201967,Dante Cunningham,Dante,1610612740,NOP,New Orleans Pelicans,21500380,2015-12-16T00:00:00,NOP @ UTA,W,13.9,0.0,0.0,0.0,0.0,2.0,2.0,0.0,16.0,0.0,1.0,1.0,1.0,2.2,1,1,1,1,20453,12059,10158,9917,18861,2619,3734,1,15259,8004,17214,4972,12373,24138,1.0,13:55,2015,2016
2015-16,201145,Jeff Green,Jeff,1610612763,MEM,Memphis Grizzlies,21500377,2015-12-16T00:00:00,MEM @ CHI,L,33.4,0.0,5.0,0.0,4.0,11.0,8.0,10.0,40.0,1.0,2.0,1.0,2.0,21.2,1,13074,13074,13074,4798,12059,995,9917,8599,18886,17345,20169,983,2692,23588,4972,7786,10936,1.0,33:25,2015,2016
2015-16,2736,Luol Deng,Luol,1610612748,MIA,Miami Heat,21500373,2015-12-16T00:00:00,MIA @ BKN,W,35.9,0.0,2.0,1.0,4.0,7.0,11.0,0.0,28.0,0.0,1.0,0.0,1.0,16.7,1,1,1,1,2819,12059,4731,9347,8599,12242,21814,1,5824,8004,17214,1,12373,14064,1.0,35:55,2015,2016
2015-16,203382,Aron Baynes,Aron,1610612765,DET,Detroit Pistons,21500374,2015-12-16T00:00:00,DET vs. BOS,W,12.5,2.0,0.0,0.0,6.0,0.0,6.0,2.0,14.0,0.0,0.0,1.0,2.0,12.6,1,1,1,1,21269,6026,10158,9917,5299,1,13237,4025,17019,8004,1,4972,7786,17277,1.0,12:31,2015,2016
2015-16,101181,Jose Calderon,Jose,1610612752,NYK,New York Knicks,21500375,2015-12-16T00:00:00,NYK vs. MIN,W,24.6,0.0,0.0,0.0,0.0,8.0,7.0,4.0,20.0,0.0,0.0,0.0,1.0,13.1,1,1,1,1,11986,12059,10158,9917,18861,13914,15642,8806,11929,8004,1,1,12373,16874,1.0,24:39,2015,2016
2015-16,101161,Amir Johnson,Amir,1610612738,BOS,Boston Celtics,21500374,2015-12-16T00:00:00,BOS @ DET,L,20.8,2.0,2.0,0.0,8.0,9.0,4.0,4.0,16.0,1.0,1.0,3.0,0.0,16.6,1,13074,13074,13074,15223,6026,4731,9917,3109,15771,8458,8806,15259,2692,17214,17641,18762,14125,1.0,20:48,2015,2016
2015-16,201166,Aaron Brooks,Aaron,1610612741,CHI,Chicago Bulls,21500377,2015-12-16T00:00:00,CHI vs. MEM,W,16.8,0.0,0.0,3.0,0.0,9.0,3.0,4.0,12.0,1.0,0.0,4.0,1.0,13.1,1,1,1,1,18404,12059,10158,3302,18861,15771,7138,8806,18637,2692,1,22104,12373,16874,1.0,16:49,2015,2016
2015-16,201575,Brandon Rush,Brandon,1610612744,GSW,Golden State Warriors,21500381,2015-12-16T00:00:00,GSW vs. PHX,W,30.4,3.0,0.0,0.0,0.0,13.0,10.0,12.0,28.0,0.0,0.0,2.0,0.0,16.6,1,1,1,1,7208,4307,10158,9917,18861,21300,20509,22259,5824,8004,1,11390,18762,14125,1.0,30:22,2015,2016
2015-16,202066,Garrett Temple,Garrett,1610612764,WAS,Washington Wizards,21500379,2015-12-16T00:00:00,WAS @ SAS,L,11.2,0.0,0.0,0.0,2.0,3.0,1.0,4.0,10.0,1.0,0.0,1.0,2.0,7.5,1,13074,13074,13074,21955,12059,10158,9917,12984,5109,3393,8806,20209,2692,1,4972,7786,20874,1.0,11:10,2015,2016
2015-16,200826,J.J. Barea,J.J.,1610612742,DAL,Dallas Mavericks,21500371,2015-12-16T00:00:00,DAL @ IND,L,21.3,0.0,0.0,0.0,6.0,9.0,2.0,13.0,26.0,0.0,0.0,2.0,3.0,16.6,1,13074,13074,13074,14833,12059,10158,9917,5299,15771,3734,23048,7214,8004,1,11390,4736,14125,1.0,21:15,2015,2016
2015-16,203482,Kelly Olynyk,Kelly,1610612738,BOS,Boston Celtics,21500374,2015-12-16T00:00:00,BOS @ DET,L,16.4,0.0,0.0,0.0,0.0,8.0,4.0,5.0,14.0,1.0,0.0,1.0,1.0,8.4,1,13074,13074,13074,18759,12059,10158,9917,18861,13914,8458,11593,17019,2692,1,4972,12373,20273,1.0,16:23,2015,2016
2015-16,202329,Al-Farouq Aminu,Al-Farouq,1610612757,POR,Portland Trail Blazers,21500378,2015-12-16T00:00:00,POR @ OKC,L,20.5,0.0,0.0,0.0,2.0,16.0,10.0,6.0,32.0,1.0,2.0,2.0,1.0,16.0,1,13074,13074,13074,15465,12059,10158,9917,12984,23774,20509,13388,3535,2692,23588,11390,12373,14590,1.0,20:31,2015,2016
2015-16,2738,Andre Iguodala,Andre,1610612744,GSW,Golden State Warriors,21500381,2015-12-16T00:00:00,GSW vs. PHX,W,25.2,2.0,0.0,2.0,4.0,4.0,6.0,8.0,20.0,0.0,1.0,0.0,2.0,13.0,1,1,1,1,11499,6026,10158,4675,8599,6141,13237,17194,11929,8004,17214,1,7786,16969,1.0,25:14,2015,2016
2015-16,201599,DeAndre Jordan,DeAndre,1610612746,LAC,LA Clippers,21500382,2015-12-16T00:00:00,LAC vs. MIL,W,18.4,0.0,4.0,3.0,8.0,8.0,6.0,5.0,18.0,2.0,0.0,2.0,1.0,21.6,1,1,1,1,17163,12059,1596,3302,3109,13914,13237,11593,13577,932,1,11390,12373,10666,1.0,18:25,2015,2016
2015-16,201588,George Hill,George,1610612754,IND,Indiana Pacers,21500371,2015-12-16T00:00:00,IND vs. DAL,W,30.2,6.0,2.0,4.0,6.0,3.0,6.0,3.0,20.0,0.0,0.0,0.0,1.0,21.5,1,1,1,1,7363,878,4731,1913,5299,5109,13237,7328,11929,8004,1,1,12373,10755,1.0,30:11,2015,2016
2015-16,203546,Ian Clark,Ian,1610612744,GSW,Golden State Warriors,21500381,2015-12-16T00:00:00,GSW vs. PHX,W,6.3,0.0,0.0,0.0,0.0,6.0,4.0,7.0,8.0,0.0,0.0,0.0,0.0,2.7,1,1,1,1,23817,12059,10158,9917,18861,10028,8458,15538,21543,8004,1,1,18762,23884,1.0,6:20,2015,2016
2015-16,203187,Chris Johnson,Chris,1610612762,UTA,Utah Jazz,21500380,2015-12-16T00:00:00,UTA vs. NOP,L,9.9,0.0,0.0,0.0,0.0,2.0,0.0,2.0,4.0,1.0,0.0,2.0,0.0,3.0,1,13074,13074,13074,22480,12059,10158,9917,18861,2619,1,4025,23698,2692,1,11390,18762,23648,1.0,9:56,2015,2016
2015-16,203949,James Michael McAdoo,James Michael,1610612744,GSW,Golden State Warriors,21500381,2015-12-16T00:00:00,GSW vs. PHX,W,4.1,0.0,2.0,0.0,2.0,6.0,0.0,7.0,6.0,0.0,0.0,0.0,0.0,2.0,1,1,1,1,24675,12059,4731,9917,12984,10028,1,15538,22724,8004,1,1,18762,24216,1.0,4:06,2015,2016
2015-16,201577,Robin Lopez,Robin,1610612752,NYK,New York Knicks,21500375,2015-12-16T00:00:00,NYK vs. MIN,W,18.2,2.0,0.0,2.0,6.0,4.0,7.0,6.0,18.0,1.0,0.0,5.0,2.0,12.9,1,1,1,1,17342,6026,10158,4675,5299,6141,15642,13388,13577,2692,1,24686,7786,17049,1.0,18:12,2015,2016
2015-16,202688,Brandon Knight,Brandon,1610612756,PHX,Phoenix Suns,21500381,2015-12-16T00:00:00,PHX @ GSW,L,29.3,5.0,2.0,9.0,12.0,23.0,2.0,26.0,32.0,0.0,1.0,3.0,4.0,18.2,1,13074,13074,13074,8150,1603,4731,184,988,25803,3734,26007,3535,8004,17214,17641,2748,13004,1.0,29:16,2015,2016
2015-16,101111,Charlie Villanueva,Charlie,1610612742,DAL,Dallas Mavericks,21500371,2015-12-16T00:00:00,DAL @ IND,L,15.1,0.0,2.0,0.0,4.0,6.0,2.0,2.0,14.0,0.0,0.0,1.0,0.0,12.8,1,13074,13074,13074,19718,12059,4731,9917,8599,10028,3734,4025,17019,8004,1,4972,18762,17129,1.0,15:03,2015,2016
2015-16,203940,Adreian Payne,Adreian,1610612750,MIN,Minnesota Timberwolves,21500375,2015-12-16T00:00:00,MIN @ NYK,L,5.6,0.0,0.0,0.0,0.0,0.0,0.0,0.0,8.0,0.0,0.0,1.0,0.0,2.4,1,13074,13074,13074,24125,12059,10158,9917,18861,1,1,1,21543,8004,1,4972,18762,24024,1.0,5:38,2015,2016
2015-16,202708,Norris Cole,Norris,1610612740,NOP,New Orleans Pelicans,21500380,2015-12-16T00:00:00,NOP @ UTA,W,17.9,0.0,0.0,0.0,0.0,2.0,2.0,0.0,18.0,0.0,1.0,2.0,0.0,13.1,1,1,1,1,17560,12059,10158,9917,18861,2619,3734,1,13577,8004,17214,11390,18762,16874,1.0,17:57,2015,2016
2015-16,201627,Anthony Morrow,Anthony,1610612760,OKC,Oklahoma City Thunder,21500378,2015-12-16T00:00:00,OKC vs. POR,W,14.8,0.0,0.0,0.0,0.0,13.0,0.0,8.0,12.0,0.0,0.0,0.0,1.0,4.4,1,1,1,1,19927,12059,10158,9917,18861,21300,1,17194,18637,8004,1,1,12373,22837,1.0,14:45,2015,2016
2015-16,203459,Allen Crabbe,Allen,1610612757,POR,Portland Trail Blazers,21500378,2015-12-16T00:00:00,POR @ OKC,L,15.8,0.0,0.0,0.0,0.0,4.0,2.0,9.0,16.0,0.0,1.0,4.0,0.0,5.0,1,13074,13074,13074,19205,12059,10158,9917,18861,6141,3734,18829,15259,8004,17214,22104,18762,22500,1.0,15:47,2015,2016
2015-16,203488,Mike Muscala,Mike,1610612737,ATL,Atlanta Hawks,21500376,2015-12-16T00:00:00,ATL vs. PHI,W,8.8,0.0,0.0,0.0,0.0,10.0,2.0,0.0,6.0,0.0,0.0,3.0,0.0,4.7,1,1,1,1,22905,12059,10158,9917,18861,17370,3734,1,22724,8004,1,17641,18762,22672,1.0,8:50,2015,2016
2015-16,2734,Devin Harris,Devin,1610612742,DAL,Dallas Mavericks,21500371,2015-12-16T00:00:00,DAL @ IND,L,6.2,0.0,3.0,0.0,0.0,3.0,0.0,3.0,2.0,0.0,0.0,1.0,1.0,5.0,1,13074,13074,13074,23888,12059,3104,9917,18861,5109,1,7328,24614,8004,1,4972,12373,22500,1.0,6:10,2015,2016
2015-16,200782,P.J. Tucker,P.J.,1610612756,PHX,Phoenix Suns,21500381,2015-12-16T00:00:00,PHX @ GSW,L,19.5,0.0,0.0,0.0,0.0,18.0,0.0,13.0,14.0,1.0,0.0,2.0,0.0,4.5,1,13074,13074,13074,16329,12059,10158,9917,18861,24749,1,23048,17019,2692,1,11390,18762,22773,1.0,19:29,2015,2016
2015-16,203138,Hollis Thompson,Hollis,1610612755,PHI,Philadelphia 76ers,21500376,2015-12-16T00:00:00,PHI @ ATL,L,14.4,0.0,3.0,0.0,0.0,8.0,2.0,10.0,22.0,0.0,0.0,1.0,2.0,8.9,1,13074,13074,13074,20175,12059,3104,9917,18861,13914,3734,20169,10265,8004,1,4972,7786,19914,1.0,14:23,2015,2016
2015-16,1626164,Devin Booker,Devin,1610612756,PHX,Phoenix Suns,21500381,2015-12-16T00:00:00,PHX @ GSW,L,10.0,0.0,0.0,0.0,0.0,6.0,0.0,8.0,18.0,0.0,1.0,2.0,0.0,1.0,1,13074,13074,13074,22421,12059,10158,9917,18861,10028,1,17194,13577,8004,17214,11390,18762,24960,1.0,10:02,2015,2016
2015-16,203101,Miles Plumlee,Miles,1610612749,MIL,Milwaukee Bucks,21500382,2015-12-16T00:00:00,MIL @ LAC,L,21.6,2.0,0.0,0.0,2.0,6.0,11.0,5.0,22.0,1.0,0.0,2.0,0.0,8.6,1,13074,13074,13074,14537,6026,10158,9917,12984,10028,21814,11593,10265,2692,1,11390,18762,20125,1.0,21:34,2015,2016
2015-16,202338,Kevin Seraphin,Kevin,1610612752,NYK,New York Knicks,21500375,2015-12-16T00:00:00,NYK vs. MIN,W,6.8,0.0,0.0,0.0,2.0,2.0,2.0,0.0,4.0,0.0,0.0,0.0,1.0,4.7,1,1,1,1,23644,12059,10158,9917,12984,2619,3734,1,23698,8004,1,1,12373,22672,1.0,6:46,2015,2016
2015-16,203088,Kendall Marshall,Kendall,1610612755,PHI,Philadelphia 76ers,21500376,2015-12-16T00:00:00,PHI @ ATL,L,15.4,0.0,0.0,0.0,2.0,11.0,0.0,4.0,22.0,0.0,0.0,0.0,1.0,9.0,1,13074,13074,13074,19497,12059,10158,9917,12984,18886,1,8806,10265,8004,1,1,12373,19835,1.0,15:22,2015,2016
2015-16,203460,Andre Roberson,Andre,1610612760,OKC,Oklahoma City Thunder,21500378,2015-12-16T00:00:00,OKC vs. POR,W,21.6,4.0,0.0,0.0,4.0,3.0,12.0,0.0,10.0,0.0,0.0,2.0,0.0,8.7,1,1,1,1,14529,2460,10158,9917,8599,5109,22832,1,20209,8004,1,11390,18762,20045,1.0,21:36,2015,2016
2015-16,201971,DeJuan Blair,DeJuan,1610612764,WAS,Washington Wizards,21500379,2015-12-16T00:00:00,WAS @ SAS,L,8.5,0.0,0.0,0.0,0.0,3.0,3.0,4.0,10.0,0.0,0.0,4.0,1.0,4.4,1,13074,13074,13074,23037,12059,10158,9917,18861,5109,7138,8806,20209,8004,1,22104,12373,22837,1.0,8:27,2015,2016
2015-16,202357,Nemanja Bjelica,Nemanja,1610612750,MIN,Minnesota Timberwolves,21500375,2015-12-16T00:00:00,MIN @ NYK,L,9.7,0.0,0.0,0.0,2.0,0.0,2.0,2.0,4.0,0.0,0.0,1.0,0.0,5.0,1,13074,13074,13074,22557,12059,10158,9917,12984,1,3734,4025,23698,8004,1,4972,18762,22500,1.0,9:42,2015,2016
2015-16,204025,Tim Frazier,Tim,1610612757,POR,Portland Trail Blazers,21500378,2015-12-16T00:00:00,POR @ OKC,L,10.9,2.0,0.0,0.0,2.0,3.0,2.0,1.0,4.0,0.0,0.0,2.0,0.0,4.5,1,13074,13074,13074,22091,6026,10158,9917,12984,5109,3734,3646,23698,8004,1,11390,18762,22773,1.0,10:51,2015,2016
2015-16,203922,Glenn Robinson III,Glenn,1610612754,IND,Indiana Pacers,21500371,2015-12-16T00:00:00,IND vs. DAL,W,3.4,0.0,0.0,0.0,0.0,0.0,2.0,0.0,4.0,0.0,0.0,0.0,0.0,4.7,1,1,1,1,24957,12059,10158,9917,18861,1,3734,1,23698,8004,1,1,18762,22672,1.0,3:26,2015,2016
2015-16,2588,Matt Bonner,Matt,1610612759,SAS,San Antonio Spurs,21500379,2015-12-16T00:00:00,SAS vs. WAS,W,1.9,0.0,0.0,0.0,0.0,0.0,0.0,0.0,2.0,0.0,0.0,1.0,0.0,4.2,1,1,1,1,25553,12059,10158,9917,18861,1,1,1,24614,8004,1,4972,18762,22976,1.0,1:54,2015,2016
2015-16,203923,James Young,James,1610612738,BOS,Boston Celtics,21500374,2015-12-16T00:00:00,BOS @ DET,L,8.0,0.0,0.0,0.0,0.0,2.0,0.0,2.0,6.0,0.0,0.0,2.0,0.0,0.2,1,13074,13074,13074,23183,12059,10158,9917,18861,2619,1,4025,22724,8004,1,11390,18762,25103,1.0,8:00,2015,2016
2015-16,202379,Jeremy Evans,Jeremy,1610612742,DAL,Dallas Mavericks,21500371,2015-12-16T00:00:00,DAL @ IND,L,5.7,0.0,0.0,0.0,0.0,0.0,0.0,0.0,4.0,0.0,0.0,0.0,0.0,0.0,1,13074,13074,13074,24081,12059,10158,9917,18861,1,1,1,23698,8004,1,1,18762,25170,1.0,5:44,2015,2016
2015-16,204014,Damjan Rudez,Damjan,1610612750,MIN,Minnesota Timberwolves,21500375,2015-12-16T00:00:00,MIN @ NYK,L,6.7,0.0,0.0,0.0,0.0,0.0,0.0,0.0,2.0,0.0,0.0,1.0,0.0,0.0,1,13074,13074,13074,23671,12059,10158,9917,18861,1,1,1,24614,8004,1,4972,18762,25170,1.0,6:43,2015,2016
2015-16,202407,Elijah Millsap,Elijah,1610612762,UTA,Utah Jazz,21500380,2015-12-16T00:00:00,UTA vs. NOP,L,3.1,0.0,0.0,0.0,0.0,2.0,2.0,0.0,2.0,0.0,0.0,0.0,0.0,0.2,1,13074,13074,13074,25102,12059,10158,9917,18861,2619,3734,1,24614,8004,1,1,18762,25103,1.0,3:04,2015,2016
2015-16,1626209,Mario Hezonja,Mario,1610612753,ORL,Orlando Magic,21500372,2015-12-16T00:00:00,ORL vs. CHA,W,12.5,5.0,2.0,0.0,2.0,9.0,0.0,7.0,12.0,0.0,0.0,1.0,0.0,13.3,1,1,1,1,21270,1603,4731,9917,12984,15771,1,15538,18637,8004,1,4972,18762,16712,1.0,12:31,2015,2016
2015-16,1626147,Justin Anderson,Justin,1610612742,DAL,Dallas Mavericks,21500371,2015-12-16T00:00:00,DAL @ IND,L,5.7,0.0,0.0,0.0,0.0,0.0,0.0,0.0,4.0,0.0,0.0,0.0,0.0,0.0,1,13074,13074,13074,24081,12059,10158,9917,18861,1,1,1,23698,8004,1,1,18762,25170,1.0,5:44,2015,2016
2015-16,202713,Kyle Singler,Kyle,1610612760,OKC,Oklahoma City Thunder,21500378,2015-12-16T00:00:00,OKC vs. POR,W,3.1,1.0,0.0,1.0,0.0,2.0,0.0,0.0,4.0,0.0,0.0,0.0,1.0,4.0,1,1,1,1,25087,11535,10158,9347,18861,2619,1,1,23698,8004,1,1,12373,23142,1.0,3:06,2015,2016
2015-16,202397,Ish Smith,Ish,1610612740,NOP,New Orleans Pelicans,21500380,2015-12-16T00:00:00,NOP @ UTA,W,2.5,0.0,0.0,0.0,0.0,0.0,0.0,0.0,2.0,0.0,0.0,1.0,0.0,0.2,1,1,1,1,25332,12059,10158,9917,18861,1,1,1,24614,8004,1,4972,18762,25103,1.0,2:29,2015,2016
2015-16,203898,Tyler Ennis,Tyler,1610612749,MIL,Milwaukee Bucks,21500382,2015-12-16T00:00:00,MIL @ LAC,L,8.8,0.0,0.0,0.0,0.0,6.0,4.0,0.0,10.0,0.0,0.0,0.0,0.0,-1.0,1,13074,13074,13074,22932,12059,10158,9917,18861,10028,8458,1,20209,8004,1,1,18762,25932,1.0,8:46,2015,2016
2015-16,1626192,Pat Connaughton,Pat,1610612757,POR,Portland Trail Blazers,21500378,2015-12-16T00:00:00,POR @ OKC,L,3.9,0.0,0.0,0.0,0.0,1.0,0.0,1.0,0.0,0.0,0.0,0.0,0.0,0.2,1,13074,13074,13074,24747,12059,10158,9917,18861,2356,1,3646,25429,8004,1,1,18762,25103,1.0,3:54,2015,2016
2015-16,203894,Shabazz Napier,Shabazz,1610612753,ORL,Orlando Magic,21500372,2015-12-16T00:00:00,ORL vs. CHA,W,3.6,0.0,0.0,0.0,0.0,5.0,0.0,5.0,2.0,0.0,0.0,0.0,1.0,-1.0,1,1,1,1,24872,12059,10158,9917,18861,8403,1,11593,24614,8004,1,1,12373,25932,1.0,3:35,2015,2016
2015-16,203473,Dewayne Dedmon,Dewayne,1610612753,ORL,Orlando Magic,21500372,2015-12-16T00:00:00,ORL vs. CHA,W,3.7,0.0,0.0,0.0,0.0,5.0,0.0,5.0,2.0,0.0,0.0,4.0,1.0,-1.0,1,1,1,1,24814,12059,10158,9917,18861,8403,1,11593,24614,8004,1,22104,12373,25932,1.0,3:44,2015,2016
2015-16,203200,Justin Holiday,Justin,1610612737,ATL,Atlanta Hawks,21500376,2015-12-16T00:00:00,ATL vs. PHI,W,5.6,0.0,0.0,0.0,0.0,7.0,2.0,0.0,6.0,0.0,0.0,1.0,0.0,0.0,1,1,1,1,24149,12059,10158,9917,18861,12242,3734,1,22724,8004,1,4972,18762,25170,1.0,5:33,2015,2016
2015-16,201946,Tyler Hansbrough,Tyler,1610612766,CHA,Charlotte Hornets,21500372,2015-12-16T00:00:00,CHA @ ORL,L,10.6,0.0,0.0,0.0,0.0,3.0,2.0,0.0,4.0,0.0,1.0,2.0,1.0,3.6,1,13074,13074,13074,22201,12059,10158,9917,18861,5109,3734,1,23698,8004,17214,11390,12373,23310,1.0,10:34,2015,2016
2015-16,204020,Tyler Johnson,Tyler,1610612748,MIA,Miami Heat,21500373,2015-12-16T00:00:00,MIA @ BKN,W,5.2,0.0,0.0,0.0,0.0,2.0,0.0,2.0,2.0,0.0,0.0,0.0,0.0,0.5,1,1,1,1,24278,12059,10158,9917,18861,2619,1,4025,24614,8004,1,1,18762,25056,1.0,5:14,2015,2016
2015-16,201574,Jason Thompson,Jason,1610612744,GSW,Golden State Warriors,21500381,2015-12-16T00:00:00,GSW vs. PHX,W,4.1,0.0,0.0,0.0,0.0,6.0,0.0,7.0,6.0,0.0,0.0,0.0,1.0,3.6,1,1,1,1,24675,12059,10158,9917,18861,10028,1,15538,22724,8004,1,1,12373,23310,1.0,4:06,2015,2016
2015-16,2581,Steve Blake,Steve,1610612765,DET,Detroit Pistons,21500374,2015-12-16T00:00:00,DET vs. BOS,W,20.4,0.0,0.0,0.0,0.0,0.0,4.0,2.0,18.0,0.0,1.0,2.0,0.0,4.4,1,1,1,1,15562,12059,10158,9917,18861,1,8458,4025,13577,8004,17214,11390,18762,22837,1.0,20:24,2015,2016
2015-16,200779,Steve Novak,Steve,1610612760,OKC,Oklahoma City Thunder,21500378,2015-12-16T00:00:00,OKC vs. POR,W,2.9,0.0,0.0,0.0,0.0,2.0,0.0,0.0,4.0,0.0,0.0,0.0,0.0,0.0,1,1,1,1,25151,12059,10158,9917,18861,2619,1,1,23698,8004,1,1,18762,25170,1.0,2:56,2015,2016
2015-16,201162,Jared Dudley,Jared,1610612764,WAS,Washington Wizards,21500379,2015-12-16T00:00:00,WAS @ SAS,L,19.2,2.0,0.0,0.0,0.0,3.0,9.0,9.0,26.0,0.0,0.0,1.0,0.0,4.4,1,13074,13074,13074,16525,6026,10158,9917,18861,5109,19144,18829,7214,8004,1,4972,18762,22837,1.0,19:12,2015,2016
2015-16,203900,Markel Brown,Markel,1610612751,BKN,Brooklyn Nets,21500373,2015-12-16T00:00:00,BKN vs. MIA,L,3.9,0.0,0.0,0.0,0.0,3.0,0.0,3.0,8.0,0.0,0.0,0.0,0.0,0.0,1,13074,13074,13074,24759,12059,10158,9917,18861,5109,1,7328,21543,8004,1,1,18762,25170,1.0,3:52,2015,2016
2015-16,202325,Wesley Johnson,Wesley,1610612746,LAC,LA Clippers,21500382,2015-12-16T00:00:00,LAC vs. MIL,W,13.1,0.0,0.0,0.0,0.0,13.0,5.0,6.0,14.0,1.0,0.0,2.0,0.0,3.2,1,1,1,1,20931,12059,10158,9917,18861,21300,11469,13388,17019,2692,1,11390,18762,23473,1.0,13:05,2015,2016
2015-16,201202,Joel Anthony,Joel,1610612765,DET,Detroit Pistons,21500374,2015-12-16T00:00:00,DET vs. BOS,W,0.5,0.0,0.0,1.0,0.0,0.0,0.0,0.0,2.0,0.0,0.0,0.0,1.0,1.0,1,1,1,1,25974,12059,10158,9347,18861,1,1,1,24614,8004,1,1,12373,24960,1.0,0:30,2015,2016
2015-16,1626162,Kelly Oubre Jr.,Kelly,1610612764,WAS,Washington Wizards,21500379,2015-12-16T00:00:00,WAS @ SAS,L,24.7,2.0,2.0,3.0,8.0,2.0,11.0,9.0,24.0,0.0,3.0,3.0,2.0,21.6,1,13074,13074,13074,11911,6026,4731,3302,3109,2619,21814,18829,8723,8004,25441,17641,7786,10666,1.0,24:43,2015,2016
2015-16,101109,Raymond Felton,Raymond,1610612742,DAL,Dallas Mavericks,21500371,2015-12-16T00:00:00,DAL @ IND,L,31.7,3.0,0.0,0.0,4.0,10.0,6.0,15.0,34.0,0.0,1.0,1.0,1.0,21.6,1,13074,13074,13074,6169,4307,10158,9917,8599,17370,13237,24242,2701,8004,17214,4972,12373,10666,1.0,31:40,2015,2016
2015-16,203939,Dwight Powell,Dwight,1610612742,DAL,Dallas Mavericks,21500371,2015-12-16T00:00:00,DAL @ IND,L,7.5,0.0,0.0,0.0,2.0,3.0,0.0,5.0,6.0,0.0,0.0,3.0,2.0,3.2,1,13074,13074,13074,23402,12059,10158,9917,12984,5109,1,11593,22724,8004,1,17641,7786,23473,1.0,7:28,2015,2016
2015-16,1626166,Cameron Payne,Cameron,1610612760,OKC,Oklahoma City Thunder,21500378,2015-12-16T00:00:00,OKC vs. POR,W,3.1,0.0,0.0,0.0,0.0,2.0,0.0,0.0,4.0,0.0,0.0,0.0,0.0,3.2,1,1,1,1,25087,12059,10158,9917,18861,2619,1,1,23698,8004,1,1,18762,23473,1.0,3:06,2015,2016
2015-16,203090,Maurice Harkless,Maurice,1610612757,POR,Portland Trail Blazers,21500378,2015-12-16T00:00:00,POR @ OKC,L,10.4,0.0,0.0,0.0,2.0,5.0,2.0,5.0,4.0,0.0,0.0,2.0,0.0,3.4,1,13074,13074,13074,22291,12059,10158,9917,12984,8403,3734,11593,23698,8004,1,11390,18762,23417,1.0,10:22,2015,2016
2015-16,203917,Nik Stauskas,Nik,1610612755,PHI,Philadelphia 76ers,21500376,2015-12-16T00:00:00,PHI @ ATL,L,13.3,0.0,0.0,0.0,0.0,10.0,0.0,6.0,22.0,0.0,0.0,0.0,1.0,0.2,1,13074,13074,13074,20825,12059,10158,9917,18861,17370,1,13388,10265,8004,1,1,12373,25103,1.0,13:16,2015,2016
2015-16,2446,Rasual Butler,Rasual,1610612759,SAS,San Antonio Spurs,21500379,2015-12-16T00:00:00,SAS vs. WAS,W,3.1,0.0,0.0,0.0,0.0,0.0,0.0,0.0,2.0,0.0,0.0,0.0,0.0,0.0,1,1,1,1,25102,12059,10158,9917,18861,1,1,1,24614,8004,1,1,18762,25170,1.0,3:04,2015,2016
2015-16,203613,Jonathon Simmons,Jonathon,1610612759,SAS,San Antonio Spurs,21500379,2015-12-16T00:00:00,SAS vs. WAS,W,4.1,0.0,0.0,0.0,0.0,0.0,0.0,2.0,2.0,0.0,0.0,2.0,0.0,3.5,1,1,1,1,24672,12059,10158,9917,18861,1,1,4025,24614,8004,1,11390,18762,23351,1.0,4:07,2015,2016
2015-16,203924,Jerami Grant,Jerami,1610612755,PHI,Philadelphia 76ers,21500376,2015-12-16T00:00:00,PHI @ ATL,L,29.5,0.0,0.0,1.0,4.0,23.0,2.0,6.0,38.0,0.0,1.0,3.0,2.0,6.9,1,13074,13074,13074,7988,12059,10158,9347,8599,25803,3734,13388,1422,8004,17214,17641,7786,21262,1.0,29:29,2015,2016
2015-16,2419,Tayshaun Prince,Tayshaun,1610612750,MIN,Minnesota Timberwolves,21500368,2015-12-15T00:00:00,MIN vs. DEN,L,11.7,0.0,0.0,0.0,2.0,12.0,0.0,2.0,12.0,0.0,0.0,0.0,0.0,5.0,1,13074,13074,13074,21722,12059,10158,9917,12984,20178,1,4025,18637,8004,1,1,18762,22500,1.0,11:42,2015,2016
2015-16,203112,Quincy Acy,Quincy,1610612758,SAC,Sacramento Kings,21500369,2015-12-15T00:00:00,SAC vs. HOU,W,0.9,0.0,0.0,0.0,0.0,0.0,0.0,0.0,2.0,0.0,0.0,0.0,0.0,0.0,1,1,1,1,25888,12059,10158,9917,18861,1,1,1,24614,8004,1,1,18762,25170,1.0,0:55,2015,2016
2015-16,201951,Ty Lawson,Ty,1610612745,HOU,Houston Rockets,21500369,2015-12-15T00:00:00,HOU @ SAC,L,7.1,0.0,0.0,0.0,0.0,5.0,2.0,5.0,12.0,0.0,0.0,1.0,0.0,3.5,1,13074,13074,13074,23542,12059,10158,9917,18861,8403,3734,11593,18637,8004,1,4972,18762,23351,1.0,7:03,2015,2016
2015-16,203498,Shabazz Muhammad,Shabazz,1610612750,MIN,Minnesota Timberwolves,21500368,2015-12-15T00:00:00,MIN vs. DEN,L,14.1,0.0,1.0,0.0,0.0,7.0,2.0,2.0,12.0,0.0,0.0,0.0,2.0,1.0,1,13074,13074,13074,20328,12059,9709,9917,18861,12242,3734,4025,18637,8004,1,1,7786,24960,1.0,14:08,2015,2016
2015-16,203092,Tyler Zeller,Tyler,1610612738,BOS,Boston Celtics,21500367,2015-12-15T00:00:00,BOS vs. CLE,L,3.1,0.0,0.0,0.0,0.0,0.0,0.0,0.0,0.0,0.0,0.0,0.0,0.0,0.0,1,13074,13074,13074,25079,12059,10158,9917,18861,1,1,1,25429,8004,1,1,18762,25170,1.0,3:08,2015,2016
2015-16,1626149,Montrezl Harrell,Montrezl,1610612745,HOU,Houston Rockets,21500369,2015-12-15T00:00:00,HOU @ SAC,L,1.5,0.0,0.0,0.0,0.0,0.0,0.0,0.0,0.0,0.0,0.0,0.0,0.0,0.0,1,13074,13074,13074,25699,12059,10158,9917,18861,1,1,1,25429,8004,1,1,18762,25170,1.0,1:29,2015,2016
2015-16,203099,Jared Cunningham,Jared,1610612739,CLE,Cleveland Cavaliers,21500367,2015-12-15T00:00:00,CLE @ BOS,W,0.3,0.0,0.0,0.0,0.0,2.0,0.0,0.0,2.0,0.0,0.0,0.0,0.0,0.0,1,1,1,1,26009,12059,10158,9917,18861,2619,1,1,24614,8004,1,1,18762,25170,1.0,0:16,2015,2016
2015-16,203101,Miles Plumlee,Miles,1610612749,MIL,Milwaukee Bucks,21500370,2015-12-15T00:00:00,MIL @ LAL,L,24.3,0.0,8.0,0.0,8.0,4.0,14.0,7.0,22.0,1.0,0.0,3.0,3.0,21.6,1,13074,13074,13074,12350,12059,137,9917,3109,6141,24300,15538,10265,2692,1,17641,4736,10666,1.0,24:15,2015,2016
2015-16,1626273,Marcelo Huertas,Marcelo,1610612747,LAL,Los Angeles Lakers,21500370,2015-12-15T00:00:00,LAL vs. MIL,W,1.8,0.0,0.0,0.0,0.0,2.0,0.0,2.0,2.0,0.0,0.0,0.0,0.0,-1.0,1,1,1,1,25577,12059,10158,9917,18861,2619,1,4025,24614,8004,1,1,18762,25932,1.0,1:49,2015,2016
2015-16,201973,Jonas Jerebko,Jonas,1610612738,BOS,Boston Celtics,21500367,2015-12-15T00:00:00,BOS vs. CLE,L,13.9,0.0,0.0,0.0,2.0,4.0,1.0,2.0,12.0,0.0,0.0,2.0,1.0,5.0,1,13074,13074,13074,20489,12059,10158,9917,12984,6141,3393,4025,18637,8004,1,11390,12373,22500,1.0,13:53,2015,2016
2015-16,201977,Marcus Thornton,Marcus,1610612745,HOU,Houston Rockets,21500369,2015-12-15T00:00:00,HOU @ SAC,L,6.2,0.0,0.0,0.0,0.0,0.0,2.0,0.0,2.0,0.0,0.0,1.0,0.0,4.5,1,13074,13074,13074,23876,12059,10158,9917,18861,1,3734,1,24614,8004,1,4972,18762,22773,1.0,6:12,2015,2016
2015-16,203093,Terrence Jones,Terrence,1610612745,HOU,Houston Rockets,21500369,2015-12-15T00:00:00,HOU @ SAC,L,12.7,0.0,1.0,0.0,0.0,15.0,5.0,9.0,22.0,0.0,0.0,3.0,1.0,4.8,1,13074,13074,13074,21161,12059,9709,9917,18861,23079,11469,18829,10265,8004,1,17641,12373,22657,1.0,12:40,2015,2016
2015-16,2755,Kevin Martin,Kevin,1610612750,MIN,Minnesota Timberwolves,21500368,2015-12-15T00:00:00,MIN vs. DEN,L,22.1,0.0,0.0,0.0,0.0,4.0,6.0,5.0,24.0,0.0,0.0,2.0,0.0,6.5,1,13074,13074,13074,14099,12059,10158,9917,18861,6141,13237,11593,8723,8004,1,11390,18762,21519,1.0,22:05,2015,2016
2015-16,203142,Chris Copeland,Chris,1610612749,MIL,Milwaukee Bucks,21500370,2015-12-15T00:00:00,MIL @ LAL,L,6.9,0.0,0.0,0.0,0.0,2.0,0.0,4.0,2.0,0.0,0.0,1.0,1.0,-1.0,1,13074,13074,13074,23609,12059,10158,9917,18861,2619,1,8806,24614,8004,1,4972,12373,25932,1.0,6:52,2015,2016
2015-16,1626154,RJ Hunter,RJ,1610612738,BOS,Boston Celtics,21500367,2015-12-15T00:00:00,BOS vs. CLE,L,2.7,0.0,0.0,0.0,0.0,0.0,0.0,0.0,0.0,0.0,0.0,0.0,0.0,0.0,1,13074,13074,13074,25260,12059,10158,9917,18861,1,1,1,25429,8004,1,1,18762,25170,1.0,2:40,2015,2016
2015-16,202341,James Anderson,James,1610612758,SAC,Sacramento Kings,21500369,2015-12-15T00:00:00,SAC vs. HOU,W,1.5,0.0,0.0,0.0,0.0,0.0,0.0,0.0,2.0,0.0,0.0,0.0,0.0,0.0,1,1,1,1,25699,12059,10158,9917,18861,1,1,1,24614,8004,1,1,18762,25170,1.0,1:29,2015,2016
2015-16,203914,Gary Harris,Gary,1610612743,DEN,Denver Nuggets,21500368,2015-12-15T00:00:00,DEN @ MIN,W,23.6,2.0,0.0,0.0,2.0,2.0,4.0,2.0,16.0,0.0,1.0,1.0,1.0,5.4,1,1,1,1,12920,6026,10158,9917,12984,2619,8458,4025,15259,8004,17214,4972,12373,22242,1.0,23:34,2015,2016
2015-16,204014,Damjan Rudez,Damjan,1610612750,MIN,Minnesota Timberwolves,21500368,2015-12-15T00:00:00,MIN vs. DEN,L,10.6,0.0,0.0,0.0,0.0,5.0,0.0,2.0,12.0,0.0,0.0,1.0,0.0,0.0,1,13074,13074,13074,22189,12059,10158,9917,18861,8403,1,4025,18637,8004,1,4972,18762,25170,1.0,10:36,2015,2016
2015-16,203996,Damien Inglis,Damien,1610612749,MIL,Milwaukee Bucks,21500370,2015-12-15T00:00:00,MIL @ LAL,L,1.8,0.0,0.0,0.0,0.0,0.0,0.0,0.0,0.0,0.0,0.0,0.0,0.0,0.0,1,13074,13074,13074,25577,12059,10158,9917,18861,1,1,1,25429,8004,1,1,18762,25170,1.0,1:49,2015,2016
2015-16,1889,Andre Miller,Andre,1610612750,MIN,Minnesota Timberwolves,21500368,2015-12-15T00:00:00,MIN vs. DEN,L,8.7,0.0,0.0,0.0,2.0,2.0,2.0,0.0,4.0,0.0,1.0,2.0,1.0,3.5,1,13074,13074,13074,22975,12059,10158,9917,12984,2619,3734,1,23698,8004,17214,11390,12373,23351,1.0,8:40,2015,2016
2015-16,2210,Richard Jefferson,Richard,1610612739,CLE,Cleveland Cavaliers,21500367,2015-12-15T00:00:00,CLE @ BOS,W,20.6,0.0,0.0,0.0,0.0,5.0,4.0,3.0,12.0,0.0,0.0,0.0,0.0,6.7,1,1,1,1,15422,12059,10158,9917,18861,8403,8458,7328,18637,8004,1,1,18762,21376,1.0,20:34,2015,2016
2015-16,1626156,D'Angelo Russell,D'Angelo,1610612747,LAL,Los Angeles Lakers,21500370,2015-12-15T00:00:00,LAL vs. MIL,W,29.5,4.0,5.0,2.0,10.0,13.0,10.0,10.0,38.0,0.0,1.0,2.0,3.0,42.3,1,1,1,1,7975,2460,995,4675,1840,21300,20509,20169,1422,8004,17214,11390,4736,1877,1.0,29:30,2015,2016
2015-16,101135,David Lee,David,1610612738,BOS,Boston Celtics,21500367,2015-12-15T00:00:00,BOS vs. CLE,L,18.3,0.0,0.0,2.0,8.0,5.0,0.0,0.0,12.0,0.0,2.0,0.0,1.0,15.3,1,13074,13074,13074,17272,12059,10158,4675,3109,8403,1,1,18637,8004,23588,1,12373,15150,1.0,18:18,2015,2016
2015-16,203487,Michael Carter-Williams,Michael,1610612749,MIL,Milwaukee Bucks,21500370,2015-12-15T00:00:00,MIL @ LAL,L,31.7,4.0,2.0,1.0,18.0,6.0,16.0,7.0,32.0,1.0,1.0,3.0,2.0,40.5,1,13074,13074,13074,6120,2460,4731,9347,131,10028,25155,15538,3535,2692,17214,17641,7786,2257,1.0,31:44,2015,2016
2015-16,202738,Isaiah Thomas,Isaiah,1610612738,BOS,Boston Celtics,21500367,2015-12-15T00:00:00,BOS vs. CLE,L,27.3,4.0,2.0,2.0,4.0,7.0,2.0,2.0,26.0,0.0,3.0,0.0,6.0,20.6,1,13074,13074,13074,9763,2460,4731,4675,8599,12242,3734,4025,7214,8004,25441,1,873,11314,1.0,27:18,2015,2016
2015-16,101150,Lou Williams,Lou,1610612747,LAL,Los Angeles Lakers,21500370,2015-12-15T00:00:00,LAL vs. MIL,W,31.8,2.0,5.0,2.0,2.0,13.0,14.0,4.0,24.0,0.0,0.0,1.0,3.0,26.6,1,1,1,1,6061,6026,995,4675,12984,21300,24300,8806,8723,8004,1,4972,4736,7566,1.0,31:49,2015,2016
2015-16,1891,Jason Terry,Jason,1610612745,HOU,Houston Rockets,21500369,2015-12-15T00:00:00,HOU @ SAC,L,26.5,12.0,0.0,6.0,6.0,15.0,10.0,11.0,28.0,0.0,0.0,2.0,1.0,26.2,1,13074,13074,13074,10460,27,10158,740,5299,23079,20509,21342,5824,8004,1,11390,12373,7785,1.0,26:30,2015,2016
2015-16,201937,Ricky Rubio,Ricky,1610612750,MIN,Minnesota Timberwolves,21500368,2015-12-15T00:00:00,MIN vs. DEN,L,29.7,2.0,0.0,0.0,2.0,7.0,6.0,5.0,26.0,0.0,2.0,1.0,5.0,30.3,1,13074,13074,13074,7776,6026,10158,9917,12984,12242,13237,11593,7214,8004,23588,4972,1539,5702,1.0,29:44,2015,2016
2015-16,201147,Corey Brewer,Corey,1610612745,HOU,Houston Rockets,21500369,2015-12-15T00:00:00,HOU @ SAC,L,23.9,2.0,0.0,4.0,2.0,15.0,4.0,11.0,28.0,0.0,0.0,1.0,3.0,19.9,1,13074,13074,13074,12663,6026,10158,1913,12984,23079,8458,21342,5824,8004,1,4972,4736,11824,1.0,23:53,2015,2016
2015-16,201579,Roy Hibbert,Roy,1610612747,LAL,Los Angeles Lakers,21500370,2015-12-15T00:00:00,LAL vs. MIL,W,23.9,0.0,5.0,0.0,8.0,9.0,10.0,1.0,14.0,1.0,1.0,2.0,4.0,31.2,1,1,1,1,12682,12059,995,9917,3109,15771,20509,3646,17019,2692,17214,11390,2748,5304,1.0,23:52,2015,2016
2015-16,203115,Will Barton,Will,1610612743,DEN,Denver Nuggets,21500368,2015-12-15T00:00:00,DEN @ MIN,W,30.5,4.0,4.0,2.0,8.0,10.0,9.0,4.0,28.0,0.0,1.0,3.0,3.0,26.9,1,1,1,1,7090,2460,1596,4675,3109,17370,19144,8806,5824,8004,17214,17641,4736,7438,1.0,30:31,2015,2016
2015-16,202702,Kenneth Faried,Kenneth,1610612743,DEN,Denver Nuggets,21500368,2015-12-15T00:00:00,DEN @ MIN,W,28.3,0.0,2.0,2.0,10.0,4.0,5.0,2.0,26.0,3.0,1.0,5.0,5.0,41.5,1,1,1,1,9028,12059,4731,4675,1840,6141,11469,4025,7214,347,17214,24686,1539,2038,1.0,28:16,2015,2016
2015-16,2730,Dwight Howard,Dwight,1610612745,HOU,Houston Rockets,21500369,2015-12-15T00:00:00,HOU @ SAC,L,27.8,0.0,0.0,0.0,2.0,12.0,10.0,14.0,30.0,1.0,0.0,5.0,3.0,15.8,1,13074,13074,13074,9383,12059,10158,9917,12984,20178,20509,23710,4541,2692,1,24686,4736,14754,1.0,27:48,2015,2016
2015-16,201954,Darren Collison,Darren,1610612758,SAC,Sacramento Kings,21500369,2015-12-15T00:00:00,SAC vs. HOU,W,41.0,6.0,0.0,2.0,8.0,29.0,8.0,20.0,36.0,0.0,0.0,3.0,1.0,36.9,1,1,1,1,493,878,10158,4675,3109,26052,17345,25599,1943,8004,1,17641,12373,3210,1.0,40:58,2015,2016
2015-16,200751,Randy Foye,Randy,1610612743,DEN,Denver Nuggets,21500368,2015-12-15T00:00:00,DEN @ MIN,W,25.1,8.0,0.0,0.0,2.0,6.0,5.0,4.0,20.0,0.0,0.0,1.0,0.0,29.4,1,1,1,1,11594,308,10158,9917,12984,10028,11469,8806,11929,8004,1,4972,18762,6143,1.0,25:06,2015,2016
2015-16,203903,Jordan Clarkson,Jordan,1610612747,LAL,Los Angeles Lakers,21500370,2015-12-15T00:00:00,LAL vs. MIL,W,32.9,3.0,3.0,2.0,4.0,10.0,12.0,6.0,32.0,0.0,3.0,1.0,1.0,29.7,1,1,1,1,5229,4307,3104,4675,8599,17370,22832,13388,3535,8004,25441,4972,12373,6006,1.0,32:52,2015,2016
2015-16,202389,Timofey Mozgov,Timofey,1610612739,CLE,Cleveland Cavaliers,21500367,2015-12-15T00:00:00,CLE @ BOS,W,24.1,0.0,0.0,0.0,8.0,4.0,7.0,2.0,10.0,3.0,1.0,1.0,1.0,30.0,1,1,1,1,12429,12059,10158,9917,3109,6141,15642,4025,20209,347,17214,4972,12373,5840,1.0,24:08,2015,2016
2015-16,201567,Kevin Love,Kevin,1610612739,CLE,Cleveland Cavaliers,21500367,2015-12-15T00:00:00,CLE @ BOS,W,34.0,3.0,3.0,0.0,8.0,8.0,7.0,7.0,12.0,2.0,2.0,0.0,2.0,44.1,1,1,1,1,4336,4307,3104,9917,3109,13914,15642,15538,18637,932,23588,1,7786,1542,1.0,34:01,2015,2016
2015-16,203476,Gorgui Dieng,Gorgui,1610612750,MIN,Minnesota Timberwolves,21500368,2015-12-15T00:00:00,MIN vs. DEN,L,23.1,0.0,0.0,0.0,0.0,11.0,2.0,2.0,16.0,1.0,1.0,4.0,1.0,24.3,1,13074,13074,13074,13334,12059,10158,9917,18861,18886,3734,4025,15259,2692,17214,22104,12373,8939,1.0,23:03,2015,2016
2015-16,203897,Zach LaVine,Zach,1610612750,MIN,Minnesota Timberwolves,21500368,2015-12-15T00:00:00,MIN vs. DEN,L,24.6,6.0,4.0,5.0,8.0,13.0,4.0,2.0,18.0,1.0,2.0,1.0,3.0,36.3,1,13074,13074,13074,12034,878,1596,1277,3109,21300,8458,4025,13577,2692,23588,4972,4736,3380,1.0,24:35,2015,2016
2015-16,1626157,Karl-Anthony Towns,Karl-Anthony,1610612750,MIN,Minnesota Timberwolves,21500368,2015-12-15T00:00:00,MIN vs. DEN,L,28.1,2.0,6.0,0.0,10.0,7.0,8.0,5.0,28.0,2.0,0.0,4.0,5.0,35.7,1,13074,13074,13074,9190,6026,481,9917,1840,12242,17345,11593,5824,932,1,22104,1539,3578,1.0,28:03,2015,2016
2015-16,202340,Avery Bradley,Avery,1610612738,BOS,Boston Celtics,21500367,2015-12-15T00:00:00,BOS vs. CLE,L,34.0,2.0,0.0,3.0,2.0,12.0,3.0,4.0,36.0,2.0,0.0,1.0,2.0,36.6,1,13074,13074,13074,4362,6026,10158,3302,12984,20178,7138,8806,1943,932,1,4972,7786,3288,1.0,33:59,2015,2016
2015-16,201935,James Harden,James,1610612745,HOU,Houston Rockets,21500369,2015-12-15T00:00:00,HOU @ SAC,L,36.5,6.0,5.0,8.0,12.0,20.0,8.0,16.0,36.0,0.0,1.0,2.0,6.0,46.4,1,13074,13074,13074,2427,878,995,280,988,25338,17345,24641,1943,8004,17214,11390,873,1149,1.0,36:27,2015,2016
2015-16,201956,Omri Casspi,Omri,1610612758,SAC,Sacramento Kings,21500369,2015-12-15T00:00:00,SAC vs. HOU,W,37.9,8.0,5.0,6.0,10.0,26.0,8.0,19.0,30.0,0.0,2.0,1.0,2.0,36.2,1,1,1,1,1535,308,995,740,1840,25979,17345,25435,4541,8004,23588,4972,7786,3407,1.0,37:56,2015,2016
2015-16,200752,Rudy Gay,Rudy,1610612758,SAC,Sacramento Kings,21500369,2015-12-15T00:00:00,SAC vs. HOU,W,35.1,5.0,3.0,5.0,8.0,21.0,5.0,11.0,28.0,1.0,0.0,5.0,3.0,53.1,1,1,1,1,3440,1603,3104,1277,3109,25535,11469,21342,5824,2692,1,24686,4736,513,1.0,35:08,2015,2016
2015-16,203114,Khris Middleton,Khris,1610612749,MIL,Milwaukee Bucks,21500370,2015-12-15T00:00:00,MIL @ LAL,L,33.6,5.0,0.0,4.0,6.0,13.0,22.0,11.0,30.0,0.0,0.0,0.0,1.0,29.4,1,13074,13074,13074,4668,1603,10158,1913,5299,21300,25991,21342,4541,8004,1,1,12373,6143,1.0,33:36,2015,2016
2015-16,202326,DeMarcus Cousins,DeMarcus,1610612758,SAC,Sacramento Kings,21500369,2015-12-15T00:00:00,SAC vs. HOU,W,33.1,4.0,2.0,2.0,8.0,23.0,7.0,16.0,30.0,1.0,1.0,4.0,13.0,45.4,1,1,1,1,5077,2460,4731,4675,3109,25803,15642,24641,4541,2692,17214,22104,14,1291,1.0,33:03,2015,2016
2015-16,202357,Nemanja Bjelica,Nemanja,1610612750,MIN,Minnesota Timberwolves,21500368,2015-12-15T00:00:00,MIN vs. DEN,L,17.0,0.0,0.0,0.0,2.0,9.0,0.0,0.0,4.0,1.0,0.0,3.0,2.0,7.4,1,13074,13074,13074,18273,12059,10158,9917,12984,15771,1,1,23698,2692,1,17641,7786,20912,1.0,17:00,2015,2016
2015-16,2772,Trevor Ariza,Trevor,1610612745,HOU,Houston Rockets,21500369,2015-12-15T00:00:00,HOU @ SAC,L,33.3,2.0,0.0,2.0,2.0,16.0,8.0,14.0,32.0,0.0,0.0,2.0,1.0,29.2,1,13074,13074,13074,4862,6026,10158,4675,12984,23774,17345,23710,3535,8004,1,11390,12373,6243,1.0,33:20,2015,2016
2015-16,203089,John Henson,John,1610612749,MIL,Milwaukee Bucks,21500370,2015-12-15T00:00:00,MIL @ LAL,L,23.8,0.0,0.0,0.0,2.0,9.0,15.0,8.0,22.0,4.0,0.0,3.0,1.0,22.3,1,13074,13074,13074,12778,12059,10158,9917,12984,15771,24781,17194,10265,132,1,17641,12373,10208,1.0,23:45,2015,2016
2015-16,203135,Robert Sacre,Robert,1610612747,LAL,Los Angeles Lakers,21500370,2015-12-15T00:00:00,LAL vs. MIL,W,22.3,0.0,0.0,0.0,2.0,8.0,8.0,8.0,32.0,2.0,1.0,4.0,1.0,14.1,1,1,1,1,13905,12059,10158,9917,12984,13914,17345,17194,3535,932,17214,22104,12373,16094,1.0,22:19,2015,2016
2015-16,203463,Ben McLemore,Ben,1610612758,SAC,Sacramento Kings,21500369,2015-12-15T00:00:00,SAC vs. HOU,W,23.7,2.0,0.0,6.0,6.0,16.0,5.0,10.0,18.0,0.0,0.0,3.0,4.0,14.0,1,1,1,1,12822,6026,10158,740,5299,23774,11469,20169,13577,8004,1,17641,2748,16166,1.0,23:42,2015,2016
2015-16,203999,Nikola Jokić,Nikola,1610612743,DEN,Denver Nuggets,21500368,2015-12-15T00:00:00,DEN @ MIN,W,20.6,0.0,0.0,0.0,6.0,8.0,5.0,4.0,14.0,2.0,0.0,3.0,3.0,22.6,1,1,1,1,15436,12059,10158,9917,5299,13914,11469,8806,17019,932,1,17641,4736,10000,1.0,20:33,2015,2016
2015-16,202323,Evan Turner,Evan,1610612738,BOS,Boston Celtics,21500367,2015-12-15T00:00:00,BOS vs. CLE,L,27.4,4.0,0.0,0.0,0.0,9.0,1.0,2.0,22.0,1.0,0.0,0.0,1.0,22.6,1,13074,13074,13074,9727,2460,10158,9917,18861,15771,3393,4025,10265,2692,1,1,12373,10000,1.0,27:21,2015,2016
2015-16,203507,Giannis Antetokounmpo,Giannis,1610612749,MIL,Milwaukee Bucks,21500370,2015-12-15T00:00:00,MIL @ LAL,L,35.5,0.0,0.0,1.0,0.0,9.0,21.0,12.0,34.0,0.0,1.0,2.0,5.0,28.7,1,13074,13074,13074,3165,12059,10158,9347,18861,15771,25962,22259,2701,8004,17214,11390,1539,6514,1.0,35:28,2015,2016
2015-16,201589,Darrell Arthur,Darrell,1610612743,DEN,Denver Nuggets,21500368,2015-12-15T00:00:00,DEN @ MIN,W,15.5,2.0,0.0,0.0,2.0,4.0,4.0,3.0,12.0,1.0,0.0,1.0,1.0,14.0,1,1,1,1,19433,6026,10158,9917,12984,6141,8458,7328,18637,2692,1,4972,12373,16166,1.0,15:28,2015,2016
2015-16,203944,Julius Randle,Julius,1610612747,LAL,Los Angeles Lakers,21500370,2015-12-15T00:00:00,LAL vs. MIL,W,24.8,0.0,6.0,2.0,12.0,10.0,8.0,10.0,36.0,0.0,1.0,4.0,5.0,28.3,1,1,1,1,11828,12059,481,4675,988,17370,17345,20169,1943,8004,17214,22104,1539,6720,1.0,24:48,2015,2016
2015-16,977,Kobe Bryant,Kobe,1610612747,LAL,Los Angeles Lakers,21500370,2015-12-15T00:00:00,LAL vs. MIL,W,27.4,2.0,2.0,4.0,2.0,11.0,10.0,4.0,20.0,0.0,0.0,2.0,2.0,32.6,1,1,1,1,9664,6026,4731,1913,12984,18886,20509,8806,11929,8004,1,11390,7786,4687,1.0,27:26,2015,2016
2015-16,708,Kevin Garnett,Kevin,1610612750,MIN,Minnesota Timberwolves,21500368,2015-12-15T00:00:00,MIN vs. DEN,L,12.7,0.0,0.0,0.0,0.0,2.0,2.0,5.0,12.0,0.0,0.0,2.0,2.0,13.8,1,13074,13074,13074,21121,12059,10158,9917,18861,2619,3734,11593,18637,8004,1,11390,7786,16311,1.0,12:43,2015,2016
2015-16,2544,LeBron James,LeBron,1610612739,CLE,Cleveland Cavaliers,21500367,2015-12-15T00:00:00,CLE @ BOS,W,35.7,8.0,0.0,4.0,20.0,9.0,11.0,6.0,16.0,1.0,2.0,3.0,5.0,39.9,1,1,1,1,2974,308,10158,1913,59,15771,21814,13388,15259,2692,23588,17641,1539,2396,1.0,35:42,2015,2016
2015-16,203530,Joffrey Lauvergne,Joffrey,1610612743,DEN,Denver Nuggets,21500368,2015-12-15T00:00:00,DEN @ MIN,W,16.0,0.0,2.0,3.0,4.0,0.0,4.0,1.0,12.0,0.0,0.0,2.0,3.0,18.9,1,1,1,1,19035,12059,4731,3302,8599,1,8458,3646,18637,8004,1,11390,4736,12513,1.0,16:00,2015,2016
2015-16,2749,Jameer Nelson,Jameer,1610612743,DEN,Denver Nuggets,21500368,2015-12-15T00:00:00,DEN @ MIN,W,22.9,2.0,0.0,0.0,2.0,4.0,6.0,2.0,20.0,0.0,1.0,4.0,1.0,23.6,1,1,1,1,13455,6026,10158,9917,12984,6141,13237,4025,11929,8004,17214,22104,12373,9377,1.0,22:54,2015,2016
2015-16,201568,Danilo Gallinari,Danilo,1610612743,DEN,Denver Nuggets,21500368,2015-12-15T00:00:00,DEN @ MIN,W,28.2,0.0,0.0,0.0,0.0,4.0,8.0,2.0,26.0,0.0,1.0,2.0,6.0,25.1,1,1,1,1,9089,12059,10158,9917,18861,6141,17345,4025,7214,8004,17214,11390,873,8429,1.0,28:11,2015,2016
2015-16,201976,Patrick Beverley,Patrick,1610612745,HOU,Houston Rockets,21500369,2015-12-15T00:00:00,HOU @ SAC,L,35.3,5.0,0.0,0.0,6.0,12.0,7.0,10.0,32.0,0.0,1.0,4.0,2.0,23.5,1,13074,13074,13074,3347,1603,10158,9917,5299,20178,15642,20169,3535,8004,17214,22104,7786,9452,1.0,35:15,2015,2016
2015-16,203482,Kelly Olynyk,Kelly,1610612738,BOS,Boston Celtics,21500367,2015-12-15T00:00:00,BOS vs. CLE,L,21.7,0.0,0.0,0.0,2.0,7.0,0.0,2.0,16.0,0.0,0.0,0.0,0.0,10.4,1,13074,13074,13074,14474,12059,10158,9917,12984,12242,1,4025,15259,8004,1,1,18762,18859,1.0,21:39,2015,2016
2015-16,203948,Johnny O'Bryant III,Johnny,1610612749,MIL,Milwaukee Bucks,21500370,2015-12-15T00:00:00,MIL @ LAL,L,20.0,0.0,2.0,0.0,4.0,6.0,14.0,3.0,22.0,1.0,1.0,3.0,0.0,19.4,1,13074,13074,13074,15906,12059,4731,9917,8599,10028,24300,7328,10265,2692,17214,17641,18762,12154,1.0,20:00,2015,2016
2015-16,203952,Andrew Wiggins,Andrew,1610612750,MIN,Minnesota Timberwolves,21500368,2015-12-15T00:00:00,MIN vs. DEN,L,33.9,0.0,0.0,1.0,12.0,11.0,6.0,5.0,28.0,1.0,0.0,3.0,4.0,25.7,1,13074,13074,13074,4454,12059,10158,9347,988,18886,13237,11593,5824,2692,1,17641,2748,8088,1.0,33:52,2015,2016
2015-16,203991,Clint Capela,Clint,1610612745,HOU,Houston Rockets,21500369,2015-12-15T00:00:00,HOU @ SAC,L,13.4,2.0,2.0,0.0,4.0,9.0,4.0,9.0,14.0,1.0,0.0,5.0,1.0,18.8,1,13074,13074,13074,20730,6026,4731,9917,8599,15771,8458,18829,17019,2692,1,24686,12373,12588,1.0,13:26,2015,2016
2015-16,2747,JR Smith,JR,1610612739,CLE,Cleveland Cavaliers,21500367,2015-12-15T00:00:00,CLE @ BOS,W,35.8,0.0,0.0,0.0,0.0,9.0,11.0,9.0,12.0,0.0,0.0,4.0,1.0,19.2,1,1,1,1,2926,12059,10158,9917,18861,15771,21814,18829,18637,8004,1,22104,12373,12284,1.0,35:46,2015,2016
2015-16,203109,Jae Crowder,Jae,1610612738,BOS,Boston Celtics,21500367,2015-12-15T00:00:00,BOS vs. CLE,L,27.6,0.0,6.0,0.0,0.0,7.0,3.0,2.0,30.0,2.0,0.0,3.0,2.0,25.6,1,13074,13074,13074,9545,12059,481,9917,18861,12242,7138,4025,4541,932,1,17641,7786,8157,1.0,27:35,2015,2016
2015-16,1626204,Larry Nance Jr.,Larry,1610612747,LAL,Los Angeles Lakers,21500370,2015-12-15T00:00:00,LAL vs. MIL,W,23.2,2.0,0.0,2.0,4.0,9.0,10.0,1.0,12.0,0.0,0.0,1.0,0.0,13.0,1,1,1,1,13196,6026,10158,4675,8599,15771,20509,3646,18637,8004,1,4972,18762,16969,1.0,23:12,2015,2016
2015-16,203096,Jared Sullinger,Jared,1610612738,BOS,Boston Celtics,21500367,2015-12-15T00:00:00,BOS vs. CLE,L,22.6,0.0,0.0,0.0,2.0,5.0,2.0,4.0,30.0,0.0,2.0,2.0,2.0,13.0,1,13074,13074,13074,13658,12059,10158,9917,12984,8403,3734,8806,4541,8004,23588,11390,7786,16969,1.0,22:38,2015,2016
2015-16,2590,Mo Williams,Mo,1610612739,CLE,Cleveland Cavaliers,21500367,2015-12-15T00:00:00,CLE @ BOS,W,18.9,3.0,0.0,0.0,2.0,5.0,1.0,7.0,12.0,0.0,0.0,2.0,0.0,12.7,1,1,1,1,16741,4307,10158,9917,12984,8403,3393,15538,18637,8004,1,11390,18762,17201,1.0,18:57,2015,2016
2015-16,201564,O.J. Mayo,O.J.,1610612749,MIL,Milwaukee Bucks,21500370,2015-12-15T00:00:00,MIL @ LAL,L,27.1,0.0,2.0,0.0,0.0,9.0,21.0,13.0,20.0,0.0,0.0,4.0,2.0,16.2,1,13074,13074,13074,9934,12059,4731,9917,18861,15771,25962,23048,11929,8004,1,22104,7786,14436,1.0,27:05,2015,2016
2015-16,203123,Kostas Papanikolaou,Kostas,1610612743,DEN,Denver Nuggets,21500368,2015-12-15T00:00:00,DEN @ MIN,W,19.8,0.0,0.0,0.0,4.0,6.0,3.0,4.0,14.0,0.0,1.0,3.0,1.0,12.4,1,1,1,1,16056,12059,10158,9917,8599,10028,7138,8806,17019,8004,17214,17641,12373,17418,1.0,19:49,2015,2016
2015-16,101138,Brandon Bass,Brandon,1610612747,LAL,Los Angeles Lakers,21500370,2015-12-15T00:00:00,LAL vs. MIL,W,1.8,0.0,0.0,0.0,0.0,2.0,0.0,2.0,2.0,0.0,0.0,0.0,0.0,2.4,1,1,1,1,25577,12059,10158,9917,18861,2619,1,4025,24614,8004,1,1,18762,24024,1.0,1:49,2015,2016
2015-16,203909,KJ McDaniels,KJ,1610612745,HOU,Houston Rockets,21500369,2015-12-15T00:00:00,HOU @ SAC,L,1.5,0.0,0.0,0.0,2.0,0.0,0.0,0.0,0.0,0.0,0.0,0.0,0.0,3.0,1,13074,13074,13074,25699,12059,10158,9917,12984,1,1,1,25429,8004,1,1,18762,23648,1.0,1:29,2015,2016
2015-16,202700,Donatas Motiejunas,Donatas,1610612745,HOU,Houston Rockets,21500369,2015-12-15T00:00:00,HOU @ SAC,L,14.5,0.0,0.0,2.0,4.0,6.0,0.0,6.0,14.0,1.0,1.0,2.0,1.0,16.6,1,13074,13074,13074,20123,12059,10158,4675,8599,10028,1,13388,17019,2692,17214,11390,12373,14125,1.0,14:29,2015,2016
2015-16,201585,Kosta Koufos,Kosta,1610612758,SAC,Sacramento Kings,21500369,2015-12-15T00:00:00,SAC vs. HOU,W,18.7,0.0,2.0,0.0,8.0,8.0,1.0,8.0,12.0,1.0,0.0,1.0,2.0,18.2,1,1,1,1,16925,12059,4731,9917,3109,13914,3393,17194,18637,2692,1,4972,7786,13004,1.0,18:44,2015,2016
2015-16,101161,Amir Johnson,Amir,1610612738,BOS,Boston Celtics,21500367,2015-12-15T00:00:00,BOS vs. CLE,L,24.3,1.0,3.0,2.0,4.0,9.0,3.0,2.0,26.0,1.0,0.0,2.0,2.0,18.4,1,13074,13074,13074,12279,11535,3104,4675,8599,15771,7138,4025,7214,2692,1,11390,7786,12854,1.0,24:19,2015,2016
2015-16,203953,Jabari Parker,Jabari,1610612749,MIL,Milwaukee Bucks,21500370,2015-12-15T00:00:00,MIL @ LAL,L,25.7,8.0,4.0,3.0,8.0,7.0,18.0,8.0,26.0,0.0,0.0,0.0,3.0,21.3,1,13074,13074,13074,11123,308,1596,3302,3109,12242,25634,17194,7214,8004,1,1,4736,10880,1.0,25:41,2015,2016
2015-16,1626173,Rashad Vaughn,Rashad,1610612749,MIL,Milwaukee Bucks,21500370,2015-12-15T00:00:00,MIL @ LAL,L,6.0,0.0,0.0,0.0,0.0,0.0,4.0,0.0,6.0,0.0,0.0,0.0,0.0,1.5,1,13074,13074,13074,23952,12059,10158,9917,18861,1,8458,1,22724,8004,1,1,18762,24473,1.0,6:01,2015,2016
2015-16,203940,Adreian Payne,Adreian,1610612750,MIN,Minnesota Timberwolves,21500368,2015-12-15T00:00:00,MIN vs. DEN,L,3.8,0.0,0.0,0.0,2.0,0.0,2.0,0.0,4.0,0.0,0.0,1.0,1.0,6.2,1,13074,13074,13074,24797,12059,10158,9917,12984,1,3734,1,23698,8004,1,4972,12373,21696,1.0,3:49,2015,2016
2015-16,201158,Marco Belinelli,Marco,1610612758,SAC,Sacramento Kings,21500369,2015-12-15T00:00:00,SAC vs. HOU,W,26.8,0.0,0.0,0.0,0.0,13.0,3.0,14.0,22.0,0.0,0.0,2.0,1.0,10.9,1,1,1,1,10184,12059,10158,9917,18861,21300,7138,23710,10265,8004,1,11390,12373,18498,1.0,26:48,2015,2016
2015-16,2034,Mike Miller,Mike,1610612743,DEN,Denver Nuggets,21500368,2015-12-15T00:00:00,DEN @ MIN,W,9.6,0.0,0.0,0.0,0.0,2.0,2.0,2.0,12.0,0.0,0.0,1.0,0.0,6.0,1,1,1,1,22573,12059,10158,9917,18861,2619,3734,4025,18637,8004,1,4972,18762,21878,1.0,9:38,2015,2016
2015-16,203898,Tyler Ennis,Tyler,1610612749,MIL,Milwaukee Bucks,21500370,2015-12-15T00:00:00,MIL @ LAL,L,3.7,2.0,0.0,2.0,2.0,0.0,0.0,2.0,4.0,0.0,0.0,1.0,0.0,6.2,1,13074,13074,13074,24814,6026,10158,4675,12984,1,1,4025,23698,8004,1,4972,18762,21696,1.0,3:44,2015,2016
2015-16,203552,Seth Curry,Seth,1610612758,SAC,Sacramento Kings,21500369,2015-12-15T00:00:00,SAC vs. HOU,W,21.3,0.0,0.0,0.0,2.0,9.0,3.0,12.0,20.0,0.0,0.0,0.0,2.0,6.2,1,1,1,1,14801,12059,10158,9917,12984,15771,7138,22259,11929,8004,1,1,7786,21696,1.0,21:17,2015,2016
2015-16,203521,Matthew Dellavedova,Matthew,1610612739,CLE,Cleveland Cavaliers,21500367,2015-12-15T00:00:00,CLE @ BOS,W,27.5,0.0,0.0,0.0,2.0,4.0,10.0,2.0,10.0,0.0,0.0,4.0,0.0,11.2,1,1,1,1,9606,12059,10158,9917,12984,6141,20509,4025,20209,8004,1,22104,18762,18267,1.0,27:30,2015,2016
2015-16,2760,Anderson Varejao,Anderson,1610612739,CLE,Cleveland Cavaliers,21500367,2015-12-15T00:00:00,CLE @ BOS,W,7.1,0.0,0.0,0.0,4.0,0.0,0.0,2.0,8.0,0.0,0.0,2.0,0.0,6.4,1,1,1,1,23509,12059,10158,9917,8599,1,1,4025,21543,8004,1,11390,18762,21589,1.0,7:08,2015,2016
2015-16,203923,James Young,James,1610612738,BOS,Boston Celtics,21500367,2015-12-15T00:00:00,BOS vs. CLE,L,15.8,0.0,0.0,0.0,0.0,5.0,0.0,0.0,10.0,0.0,0.0,1.0,0.0,10.5,1,13074,13074,13074,19234,12059,10158,9917,18861,8403,1,1,20209,8004,1,4972,18762,18808,1.0,15:45,2015,2016
2015-16,1626179,Terry Rozier,Terry,1610612738,BOS,Boston Celtics,21500367,2015-12-15T00:00:00,BOS vs. CLE,L,1.4,0.0,0.0,0.0,0.0,0.0,0.0,0.0,0.0,0.0,0.0,0.0,0.0,1.2,1,13074,13074,13074,25723,12059,10158,9917,18861,1,1,1,25429,8004,1,1,18762,24661,1.0,1:26,2015,2016
2015-16,202684,Tristan Thompson,Tristan,1610612739,CLE,Cleveland Cavaliers,21500367,2015-12-15T00:00:00,CLE @ BOS,W,22.4,0.0,0.0,0.0,0.0,7.0,4.0,7.0,14.0,0.0,1.0,0.0,1.0,10.8,1,1,1,1,13805,12059,10158,9917,18861,12242,8458,15538,17019,8004,17214,1,12373,18579,1.0,22:27,2015,2016
2015-16,202697,Iman Shumpert,Iman,1610612739,CLE,Cleveland Cavaliers,21500367,2015-12-15T00:00:00,CLE @ BOS,W,13.5,0.0,0.0,0.0,0.0,2.0,0.0,0.0,12.0,1.0,0.0,1.0,1.0,10.7,1,1,1,1,20687,12059,10158,9917,18861,2619,1,1,18637,2692,1,4972,12373,18636,1.0,13:32,2015,2016
2015-16,201156,Nick Young,Nick,1610612747,LAL,Los Angeles Lakers,21500370,2015-12-15T00:00:00,LAL vs. MIL,W,20.6,0.0,3.0,1.0,0.0,8.0,8.0,7.0,28.0,0.0,0.0,1.0,1.0,11.2,1,1,1,1,15422,12059,3104,9347,18861,13914,17345,15538,5824,8004,1,4972,12373,18267,1.0,20:34,2015,2016
2015-16,2757,Beno Udrih,Beno,1610612748,MIA,Miami Heat,21500360,2015-12-14T00:00:00,MIA @ ATL,W,19.2,0.0,2.0,0.0,2.0,6.0,0.0,0.0,16.0,0.0,0.0,2.0,1.0,10.9,1,1,1,1,16514,12059,4731,9917,12984,10028,1,1,15259,8004,1,11390,12373,18498,1.0,19:13,2015,2016
2015-16,101179,Ronnie Price,Ronnie,1610612756,PHX,Phoenix Suns,21500363,2015-12-14T00:00:00,PHX @ DAL,L,17.0,0.0,0.0,3.0,0.0,8.0,2.0,6.0,22.0,0.0,0.0,2.0,1.0,6.2,1,13074,13074,13074,18243,12059,10158,3302,18861,13914,3734,13388,10265,8004,1,11390,12373,21696,1.0,17:02,2015,2016
2015-16,201166,Aaron Brooks,Aaron,1610612741,CHI,Chicago Bulls,21500361,2015-12-14T00:00:00,CHI vs. PHI,W,7.3,0.0,0.0,0.0,0.0,2.0,0.0,2.0,16.0,0.0,0.0,0.0,1.0,5.5,1,1,1,1,23464,12059,10158,9917,18861,2619,1,4025,15259,8004,1,1,12373,22196,1.0,7:18,2015,2016
2015-16,1718,Paul Pierce,Paul,1610612746,LAC,LA Clippers,21500359,2015-12-14T00:00:00,LAC @ DET,W,11.3,2.0,0.0,0.0,0.0,2.0,6.0,2.0,14.0,0.0,0.0,2.0,1.0,6.2,1,1,1,1,21914,6026,10158,9917,18861,2619,13237,4025,17019,8004,1,11390,12373,21696,1.0,11:16,2015,2016
2015-16,1938,Manu Ginobili,Manu,1610612759,SAS,San Antonio Spurs,21500364,2015-12-14T00:00:00,SAS vs. UTA,W,11.7,2.0,0.0,0.0,0.0,2.0,1.0,2.0,10.0,0.0,0.0,2.0,2.0,6.2,1,1,1,1,21729,6026,10158,9917,18861,2619,3393,4025,20209,8004,1,11390,7786,21696,1.0,11:41,2015,2016
2015-16,201565,Derrick Rose,Derrick,1610612741,CHI,Chicago Bulls,21500361,2015-12-14T00:00:00,CHI vs. PHI,W,26.4,0.0,0.0,0.0,2.0,6.0,11.0,0.0,24.0,0.0,0.0,1.0,1.0,11.2,1,1,1,1,10505,12059,10158,9917,12984,10028,21814,1,8723,8004,1,4972,12373,18267,1.0,26:26,2015,2016
2015-16,2561,David West,David,1610612759,SAS,San Antonio Spurs,21500364,2015-12-14T00:00:00,SAS vs. UTA,W,15.8,0.0,3.0,0.0,2.0,6.0,3.0,6.0,14.0,0.0,0.0,2.0,3.0,11.1,1,1,1,1,19214,12059,3104,9917,12984,10028,7138,13388,17019,8004,1,11390,4736,18370,1.0,15:46,2015,2016
2015-16,203086,Meyers Leonard,Meyers,1610612757,POR,Portland Trail Blazers,21500366,2015-12-14T00:00:00,POR vs. NOP,W,17.2,2.0,0.0,0.0,2.0,4.0,0.0,2.0,16.0,0.0,0.0,1.0,1.0,10.8,1,1,1,1,18141,6026,10158,9917,12984,6141,1,4025,15259,8004,1,4972,12373,18579,1.0,17:11,2015,2016
2015-16,201160,Jason Smith,Jason,1610612753,ORL,Orlando Magic,21500358,2015-12-14T00:00:00,ORL @ BKN,W,16.2,2.0,0.0,0.0,0.0,13.0,0.0,5.0,16.0,0.0,0.0,2.0,1.0,5.6,1,1,1,1,18930,6026,10158,9917,18861,21300,1,11593,15259,8004,1,11390,12373,22133,1.0,16:09,2015,2016
2015-16,2034,Mike Miller,Mike,1610612743,DEN,Denver Nuggets,21500365,2015-12-14T00:00:00,DEN vs. HOU,W,8.8,0.0,0.0,3.0,0.0,7.0,2.0,4.0,10.0,0.0,0.0,1.0,1.0,6.0,1,1,1,1,22939,12059,10158,3302,18861,12242,3734,8806,20209,8004,1,4972,12373,21878,1.0,8:45,2015,2016
2015-16,203893,Russ Smith,Russ,1610612763,MEM,Memphis Grizzlies,21500362,2015-12-14T00:00:00,MEM vs. WAS,W,1.4,0.0,0.0,0.0,0.0,2.0,0.0,2.0,4.0,0.0,0.0,0.0,0.0,1.5,1,1,1,1,25739,12059,10158,9917,18861,2619,1,4025,23698,8004,1,1,18762,24473,1.0,1:24,2015,2016
2015-16,203090,Maurice Harkless,Maurice,1610612757,POR,Portland Trail Blazers,21500366,2015-12-14T00:00:00,POR vs. NOP,W,7.0,0.0,0.0,0.0,0.0,2.0,0.0,2.0,2.0,0.0,0.0,1.0,0.0,1.7,1,1,1,1,23558,12059,10158,9917,18861,2619,1,4025,24614,8004,1,4972,18762,24436,1.0,7:01,2015,2016
2015-16,202397,Ish Smith,Ish,1610612740,NOP,New Orleans Pelicans,21500366,2015-12-14T00:00:00,NOP @ POR,L,5.4,0.0,0.0,0.0,0.0,0.0,0.0,0.0,8.0,0.0,0.0,0.0,0.0,1.5,1,13074,13074,13074,24200,12059,10158,9917,18861,1,1,1,21543,8004,1,1,18762,24473,1.0,5:26,2015,2016
2015-16,2564,Boris Diaw,Boris,1610612759,SAS,San Antonio Spurs,21500364,2015-12-14T00:00:00,SAS vs. UTA,W,20.0,0.0,0.0,0.0,4.0,4.0,2.0,6.0,18.0,1.0,0.0,0.0,1.0,10.9,1,1,1,1,15922,12059,10158,9917,8599,6141,3734,13388,13577,2692,1,1,12373,18498,1.0,19:59,2015,2016
2015-16,1626164,Devin Booker,Devin,1610612756,PHX,Phoenix Suns,21500363,2015-12-14T00:00:00,PHX @ DAL,L,4.8,0.0,0.0,0.0,0.0,2.0,0.0,2.0,4.0,0.0,0.0,0.0,0.0,1.7,1,13074,13074,13074,24435,12059,10158,9917,18861,2619,1,4025,23698,8004,1,1,18762,24436,1.0,4:47,2015,2016
2015-16,203900,Markel Brown,Markel,1610612751,BKN,Brooklyn Nets,21500358,2015-12-14T00:00:00,BKN vs. ORL,L,10.0,3.0,0.0,3.0,2.0,4.0,2.0,1.0,6.0,0.0,0.0,2.0,2.0,6.0,1,13074,13074,13074,22421,4307,10158,3302,12984,6141,3734,3646,22724,8004,1,11390,7786,21878,1.0,10:02,2015,2016
2015-16,201229,Anthony Tolliver,Anthony,1610612765,DET,Detroit Pistons,21500359,2015-12-14T00:00:00,DET vs. LAC,L,32.9,0.0,0.0,0.0,0.0,4.0,5.0,0.0,18.0,0.0,0.0,2.0,0.0,10.7,1,13074,13074,13074,5207,12059,10158,9917,18861,6141,11469,1,13577,8004,1,11390,18762,18636,1.0,32:54,2015,2016
2015-16,203461,Anthony Bennett,Anthony,1610612761,TOR,Toronto Raptors,21500357,2015-12-14T00:00:00,TOR @ IND,L,3.5,0.0,2.0,0.0,2.0,0.0,0.0,0.0,2.0,0.0,0.0,0.0,0.0,5.6,1,13074,13074,13074,24946,12059,4731,9917,12984,1,1,1,24614,8004,1,1,18762,22133,1.0,3:27,2015,2016
2015-16,202087,Alonzo Gee,Alonzo,1610612740,NOP,New Orleans Pelicans,21500366,2015-12-14T00:00:00,NOP @ POR,L,10.3,0.0,0.0,0.0,0.0,4.0,2.0,4.0,10.0,0.0,0.0,2.0,0.0,1.5,1,13074,13074,13074,22308,12059,10158,9917,18861,6141,3734,8806,20209,8004,1,11390,18762,24473,1.0,10:19,2015,2016
2015-16,203946,Cameron Bairstow,Cameron,1610612741,CHI,Chicago Bulls,21500361,2015-12-14T00:00:00,CHI vs. PHI,W,3.1,0.0,0.0,0.0,2.0,0.0,0.0,0.0,2.0,0.0,0.0,0.0,0.0,2.0,1,1,1,1,25093,12059,10158,9917,12984,1,1,1,24614,8004,1,1,18762,24216,1.0,3:05,2015,2016
2015-16,203095,Evan Fournier,Evan,1610612753,ORL,Orlando Magic,21500358,2015-12-14T00:00:00,ORL @ BKN,W,23.6,0.0,0.0,0.0,0.0,6.0,4.0,6.0,20.0,0.0,0.0,1.0,1.0,6.2,1,1,1,1,12920,12059,10158,9917,18861,10028,8458,13388,11929,8004,1,4972,12373,21696,1.0,23:34,2015,2016
2015-16,203210,JaMychal Green,JaMychal,1610612763,MEM,Memphis Grizzlies,21500362,2015-12-14T00:00:00,MEM vs. WAS,W,11.3,0.0,0.0,0.0,0.0,1.0,0.0,4.0,14.0,0.0,0.0,0.0,0.0,1.6,1,1,1,1,21908,12059,10158,9917,18861,2356,1,8806,17019,8004,1,1,18762,24470,1.0,11:17,2015,2016
2015-16,201582,Alexis Ajinca,Alexis,1610612740,NOP,New Orleans Pelicans,21500366,2015-12-14T00:00:00,NOP @ POR,L,11.5,0.0,0.0,0.0,0.0,7.0,3.0,2.0,8.0,0.0,0.0,3.0,0.0,1.0,1,13074,13074,13074,21839,12059,10158,9917,18861,12242,7138,4025,21543,8004,1,17641,18762,24960,1.0,11:29,2015,2016
2015-16,201600,Omer Asik,Omer,1610612740,NOP,New Orleans Pelicans,21500366,2015-12-14T00:00:00,NOP @ POR,L,8.7,0.0,0.0,0.0,0.0,2.0,0.0,0.0,4.0,1.0,0.0,3.0,2.0,8.6,1,13074,13074,13074,22950,12059,10158,9917,18861,2619,1,1,23698,2692,1,17641,7786,20125,1.0,8:43,2015,2016
2015-16,203186,Willie Reed,Willie,1610612751,BKN,Brooklyn Nets,21500358,2015-12-14T00:00:00,BKN vs. ORL,L,4.9,0.0,0.0,0.0,2.0,3.0,0.0,2.0,2.0,0.0,0.0,0.0,1.0,6.8,1,13074,13074,13074,24389,12059,10158,9917,12984,5109,1,4025,24614,8004,1,1,12373,21328,1.0,4:56,2015,2016
2015-16,200751,Randy Foye,Randy,1610612743,DEN,Denver Nuggets,21500365,2015-12-14T00:00:00,DEN vs. HOU,W,12.3,2.0,2.0,3.0,0.0,9.0,0.0,6.0,10.0,0.0,0.0,0.0,2.0,9.1,1,1,1,1,21393,6026,4731,3302,18861,15771,1,13388,20209,8004,1,1,7786,19789,1.0,12:17,2015,2016
2015-16,203488,Mike Muscala,Mike,1610612737,ATL,Atlanta Hawks,21500360,2015-12-14T00:00:00,ATL vs. MIA,L,10.4,0.0,0.0,0.0,0.0,5.0,7.0,0.0,8.0,0.0,0.0,1.0,0.0,3.9,1,13074,13074,13074,22282,12059,10158,9917,18861,8403,15642,1,21543,8004,1,4972,18762,23225,1.0,10:24,2015,2016
2015-16,203917,Nik Stauskas,Nik,1610612755,PHI,Philadelphia 76ers,21500361,2015-12-14T00:00:00,PHI @ CHI,L,20.2,0.0,0.0,0.0,2.0,13.0,7.0,7.0,30.0,0.0,0.0,4.0,0.0,8.7,1,13074,13074,13074,15764,12059,10158,9917,12984,21300,15642,15538,4541,8004,1,22104,18762,20045,1.0,20:10,2015,2016
2015-16,203894,Shabazz Napier,Shabazz,1610612753,ORL,Orlando Magic,21500358,2015-12-14T00:00:00,ORL @ BKN,W,4.1,0.0,0.0,0.0,0.0,3.0,0.0,0.0,2.0,0.0,0.0,0.0,0.0,7.0,1,1,1,1,24681,12059,10158,9917,18861,5109,1,1,24614,8004,1,1,18762,21188,1.0,4:05,2015,2016
2015-16,203085,Austin Rivers,Austin,1610612746,LAC,LA Clippers,21500359,2015-12-14T00:00:00,LAC @ DET,W,15.0,0.0,0.0,0.0,2.0,2.0,6.0,4.0,16.0,1.0,0.0,2.0,0.0,5.0,1,1,1,1,19726,12059,10158,9917,12984,2619,13237,8806,15259,2692,1,11390,18762,22500,1.0,15:03,2015,2016
2015-16,203477,Isaiah Canaan,Isaiah,1610612755,PHI,Philadelphia 76ers,21500361,2015-12-14T00:00:00,PHI @ CHI,L,29.8,0.0,0.0,3.0,0.0,5.0,3.0,4.0,16.0,0.0,0.0,2.0,1.0,8.7,1,13074,13074,13074,7707,12059,10158,3302,18861,8403,7138,8806,15259,8004,1,11390,12373,20045,1.0,29:49,2015,2016
2015-16,202388,Donald Sloan,Donald,1610612751,BKN,Brooklyn Nets,21500358,2015-12-14T00:00:00,BKN vs. ORL,L,4.1,0.0,0.0,0.0,0.0,2.0,0.0,2.0,2.0,0.0,0.0,0.0,0.0,-0.5,1,13074,13074,13074,24681,12059,10158,9917,18861,2619,1,4025,24614,8004,1,1,18762,25908,1.0,4:05,2015,2016
2015-16,201951,Ty Lawson,Ty,1610612745,HOU,Houston Rockets,21500365,2015-12-14T00:00:00,HOU @ DEN,L,13.0,0.0,0.0,0.0,0.0,9.0,4.0,11.0,22.0,0.0,0.0,0.0,2.0,5.0,1,13074,13074,13074,20952,12059,10158,9917,18861,15771,8458,21342,10265,8004,1,1,7786,22500,1.0,13:02,2015,2016
2015-16,203141,Mirza Teletovic,Mirza,1610612756,PHX,Phoenix Suns,21500363,2015-12-14T00:00:00,PHX @ DAL,L,15.5,0.0,0.0,0.0,0.0,6.0,2.0,6.0,18.0,0.0,0.0,1.0,0.0,3.8,1,13074,13074,13074,19414,12059,10158,9917,18861,10028,3734,13388,13577,8004,1,4972,18762,23270,1.0,15:29,2015,2016
2015-16,203932,Aaron Gordon,Aaron,1610612753,ORL,Orlando Magic,21500358,2015-12-14T00:00:00,ORL @ BKN,W,22.5,1.0,0.0,0.0,2.0,14.0,2.0,5.0,14.0,0.0,0.0,2.0,2.0,7.0,1,1,1,1,13793,11535,10158,9917,12984,22292,3734,11593,17019,8004,1,11390,7786,21188,1.0,22:27,2015,2016
2015-16,203922,Glenn Robinson III,Glenn,1610612754,IND,Indiana Pacers,21500357,2015-12-14T00:00:00,IND vs. TOR,W,3.5,0.0,0.0,0.0,2.0,5.0,2.0,0.0,6.0,0.0,0.0,0.0,0.0,3.2,1,1,1,1,24946,12059,10158,9917,12984,8403,3734,1,22724,8004,1,1,18762,23473,1.0,3:27,2015,2016
2015-16,202709,Cory Joseph,Cory,1610612761,TOR,Toronto Raptors,21500357,2015-12-14T00:00:00,TOR @ IND,L,28.1,0.0,0.0,0.0,0.0,13.0,7.0,8.0,34.0,0.0,0.0,3.0,3.0,3.6,1,13074,13074,13074,9190,12059,10158,9917,18861,21300,15642,17194,2701,8004,1,17641,4736,23310,1.0,28:03,2015,2016
2015-16,200757,Thabo Sefolosha,Thabo,1610612737,ATL,Atlanta Hawks,21500360,2015-12-14T00:00:00,ATL vs. MIA,L,9.4,0.0,0.0,0.0,0.0,5.0,7.0,2.0,8.0,0.0,0.0,1.0,0.0,-2.8,1,13074,13074,13074,22669,12059,10158,9917,18861,8403,15642,4025,21543,8004,1,4972,18762,26077,1.0,9:24,2015,2016
2015-16,2746,Josh Smith,Josh,1610612746,LAC,LA Clippers,21500359,2015-12-14T00:00:00,LAC @ DET,W,9.3,0.0,0.0,0.0,2.0,0.0,4.0,4.0,8.0,0.0,0.0,2.0,0.0,9.2,1,1,1,1,22728,12059,10158,9917,12984,1,8458,8806,21543,8004,1,11390,18762,19680,1.0,9:16,2015,2016
2015-16,1626158,Richaun Holmes,Richaun,1610612755,PHI,Philadelphia 76ers,21500361,2015-12-14T00:00:00,PHI @ CHI,L,13.5,0.0,0.0,0.0,4.0,3.0,2.0,0.0,22.0,0.0,0.0,4.0,0.0,9.7,1,13074,13074,13074,20693,12059,10158,9917,8599,5109,3734,1,10265,8004,1,22104,18762,19379,1.0,13:31,2015,2016
2015-16,203093,Terrence Jones,Terrence,1610612745,HOU,Houston Rockets,21500365,2015-12-14T00:00:00,HOU @ DEN,L,12.6,0.0,0.0,0.0,0.0,6.0,6.0,6.0,26.0,0.0,1.0,1.0,0.0,6.9,1,13074,13074,13074,21218,12059,10158,9917,18861,10028,13237,13388,7214,8004,17214,4972,18762,21262,1.0,12:35,2015,2016
2015-16,203934,Lamar Patterson,Lamar,1610612737,ATL,Atlanta Hawks,21500360,2015-12-14T00:00:00,ATL vs. MIA,L,7.8,0.0,0.0,0.0,2.0,2.0,4.0,0.0,4.0,0.0,0.0,0.0,0.0,4.7,1,13074,13074,13074,23253,12059,10158,9917,12984,2619,8458,1,23698,8004,1,1,18762,22672,1.0,7:50,2015,2016
2015-16,2550,Kirk Hinrich,Kirk,1610612741,CHI,Chicago Bulls,21500361,2015-12-14T00:00:00,CHI vs. PHI,W,13.4,0.0,0.0,0.0,0.0,2.0,0.0,2.0,8.0,0.0,0.0,2.0,0.0,5.0,1,1,1,1,20731,12059,10158,9917,18861,2619,1,4025,21543,8004,1,11390,18762,22500,1.0,13:25,2015,2016
2015-16,203524,Solomon Hill,Solomon,1610612754,IND,Indiana Pacers,21500357,2015-12-14T00:00:00,IND vs. TOR,W,3.5,0.0,0.0,0.0,0.0,5.0,2.0,0.0,6.0,0.0,0.0,1.0,0.0,0.0,1,1,1,1,24946,12059,10158,9917,18861,8403,3734,1,22724,8004,1,4972,18762,25170,1.0,3:27,2015,2016
2015-16,1626169,Stanley Johnson,Stanley,1610612765,DET,Detroit Pistons,21500359,2015-12-14T00:00:00,DET vs. LAC,L,19.2,0.0,0.0,0.0,0.0,4.0,0.0,0.0,12.0,0.0,0.0,0.0,0.0,5.3,1,13074,13074,13074,16573,12059,10158,9917,18861,6141,1,1,18637,8004,1,1,18762,22358,1.0,19:09,2015,2016
2015-16,101133,Ian Mahinmi,Ian,1610612754,IND,Indiana Pacers,21500357,2015-12-14T00:00:00,IND vs. TOR,W,13.7,0.0,0.0,0.0,2.0,13.0,0.0,3.0,6.0,0.0,1.0,4.0,0.0,4.4,1,1,1,1,20614,12059,10158,9917,12984,21300,1,7328,22724,8004,17214,22104,18762,22837,1.0,13:39,2015,2016
2015-16,1891,Jason Terry,Jason,1610612745,HOU,Houston Rockets,21500365,2015-12-14T00:00:00,HOU @ DEN,L,12.7,0.0,0.0,0.0,0.0,2.0,8.0,7.0,14.0,0.0,0.0,1.0,0.0,8.6,1,13074,13074,13074,21121,12059,10158,9917,18861,2619,17345,15538,17019,8004,1,4972,18762,20125,1.0,12:43,2015,2016
2015-16,2581,Steve Blake,Steve,1610612765,DET,Detroit Pistons,21500359,2015-12-14T00:00:00,DET vs. LAC,L,13.9,0.0,0.0,0.0,2.0,2.0,0.0,0.0,6.0,0.0,1.0,2.0,1.0,4.4,1,13074,13074,13074,20497,12059,10158,9917,12984,2619,1,1,22724,8004,17214,11390,12373,22837,1.0,13:52,2015,2016
2015-16,203508,Sergey Karasev,Sergey,1610612751,BKN,Brooklyn Nets,21500358,2015-12-14T00:00:00,BKN vs. ORL,L,4.1,0.0,0.0,0.0,0.0,2.0,0.0,2.0,2.0,0.0,0.0,0.0,0.0,0.5,1,13074,13074,13074,24681,12059,10158,9917,18861,2619,1,4025,24614,8004,1,1,18762,25056,1.0,4:05,2015,2016
2015-16,202734,E'Twaun Moore,E'Twaun,1610612741,CHI,Chicago Bulls,21500361,2015-12-14T00:00:00,CHI vs. PHI,W,8.2,0.0,0.0,0.0,0.0,5.0,2.0,3.0,8.0,0.0,0.0,2.0,0.0,0.5,1,1,1,1,23129,12059,10158,9917,18861,8403,3734,7328,21543,8004,1,11390,18762,25056,1.0,8:09,2015,2016
2015-16,1626202,Joe Young,Joe,1610612754,IND,Indiana Pacers,21500357,2015-12-14T00:00:00,IND vs. TOR,W,1.5,0.0,0.0,0.0,0.0,5.0,2.0,0.0,6.0,0.0,0.0,2.0,0.0,1.0,1,1,1,1,25694,12059,10158,9917,18861,8403,3734,1,22724,8004,1,11390,18762,24960,1.0,1:30,2015,2016
2015-16,2446,Rasual Butler,Rasual,1610612759,SAS,San Antonio Spurs,21500364,2015-12-14T00:00:00,SAS vs. UTA,W,12.0,0.0,0.0,0.0,0.0,2.0,2.0,6.0,14.0,1.0,0.0,1.0,1.0,4.2,1,1,1,1,21529,12059,10158,9917,18861,2619,3734,13388,17019,2692,1,4972,12373,22976,1.0,12:00,2015,2016
2015-16,203080,Thomas Robinson,Thomas,1610612751,BKN,Brooklyn Nets,21500358,2015-12-14T00:00:00,BKN vs. ORL,L,4.1,0.0,0.0,0.0,0.0,2.0,0.0,2.0,2.0,0.0,1.0,0.0,0.0,5.4,1,13074,13074,13074,24681,12059,10158,9917,18861,2619,1,4025,24614,8004,17214,1,18762,22242,1.0,4:05,2015,2016
2015-16,1626168,Trey Lyles,Trey,1610612762,UTA,Utah Jazz,21500364,2015-12-14T00:00:00,UTA @ SAS,L,19.4,0.0,0.0,2.0,0.0,2.0,10.0,9.0,18.0,0.0,0.0,3.0,0.0,4.4,1,13074,13074,13074,16420,12059,10158,4675,18861,2619,20509,18829,13577,8004,1,17641,18762,22837,1.0,19:21,2015,2016
2015-16,201967,Dante Cunningham,Dante,1610612740,NOP,New Orleans Pelicans,21500366,2015-12-14T00:00:00,NOP @ POR,L,14.2,0.0,0.0,0.0,0.0,2.0,5.0,2.0,6.0,1.0,0.0,1.0,0.0,5.4,1,13074,13074,13074,20255,12059,10158,9917,18861,2619,11469,4025,22724,2692,1,4972,18762,22242,1.0,14:15,2015,2016
2015-16,203473,Dewayne Dedmon,Dewayne,1610612753,ORL,Orlando Magic,21500358,2015-12-14T00:00:00,ORL @ BKN,W,4.1,0.0,0.0,0.0,0.0,3.0,0.0,0.0,2.0,1.0,0.0,1.0,0.0,5.4,1,1,1,1,24681,12059,10158,9917,18861,5109,1,1,24614,2692,1,4972,18762,22242,1.0,4:05,2015,2016
2015-16,204025,Tim Frazier,Tim,1610612757,POR,Portland Trail Blazers,21500366,2015-12-14T00:00:00,POR vs. NOP,W,3.6,0.0,0.0,0.0,0.0,0.0,0.0,0.0,2.0,0.0,0.0,1.0,1.0,0.5,1,1,1,1,24858,12059,10158,9917,18861,1,1,1,24614,8004,1,4972,12373,25056,1.0,3:38,2015,2016
2015-16,2200,Pau Gasol,Pau,1610612741,CHI,Chicago Bulls,21500361,2015-12-14T00:00:00,CHI vs. PHI,W,25.5,3.0,0.0,2.0,8.0,6.0,11.0,0.0,18.0,2.0,0.0,1.0,2.0,35.4,1,1,1,1,11302,4307,10158,4675,3109,10028,21814,1,13577,932,1,4972,7786,3684,1.0,25:29,2015,2016
2015-16,203918,Rodney Hood,Rodney,1610612762,UTA,Utah Jazz,21500364,2015-12-14T00:00:00,UTA @ SAS,L,23.2,0.0,0.0,2.0,2.0,10.0,7.0,17.0,28.0,0.0,0.0,1.0,0.0,7.4,1,13074,13074,13074,13180,12059,10158,4675,12984,17370,15642,24967,5824,8004,1,4972,18762,20912,1.0,23:13,2015,2016
2015-16,201936,Tyreke Evans,Tyreke,1610612740,NOP,New Orleans Pelicans,21500366,2015-12-14T00:00:00,NOP @ POR,L,38.4,0.0,2.0,5.0,10.0,11.0,8.0,6.0,22.0,1.0,3.0,4.0,3.0,52.9,1,13074,13074,13074,1328,12059,4731,1277,1840,18886,17345,13388,10265,2692,25441,22104,4736,529,1.0,38:23,2015,2016
2015-16,2037,Jamal Crawford,Jamal,1610612746,LAC,LA Clippers,21500359,2015-12-14T00:00:00,LAC @ DET,W,26.2,0.0,0.0,0.0,0.0,6.0,10.0,6.0,22.0,0.0,0.0,0.0,3.0,24.4,1,1,1,1,10683,12059,10158,9917,18861,10028,20509,13388,10265,8004,1,1,4736,8867,1.0,26:13,2015,2016
2015-16,201942,DeMar DeRozan,DeMar,1610612761,TOR,Toronto Raptors,21500357,2015-12-14T00:00:00,TOR @ IND,L,37.6,0.0,0.0,0.0,2.0,20.0,8.0,8.0,34.0,1.0,1.0,2.0,6.0,36.0,1,13074,13074,13074,1722,12059,10158,9917,12984,25338,17345,17194,2701,2692,17214,11390,873,3463,1.0,37:33,2015,2016
2015-16,1626143,Jahlil Okafor,Jahlil,1610612755,PHI,Philadelphia 76ers,21500361,2015-12-14T00:00:00,PHI @ CHI,L,34.0,8.0,6.0,0.0,14.0,17.0,7.0,11.0,24.0,1.0,0.0,2.0,3.0,37.1,1,13074,13074,13074,4385,308,481,9917,542,24337,15642,21342,8723,2692,1,11390,4736,3151,1.0,33:57,2015,2016
2015-16,203076,Anthony Davis,Anthony,1610612740,NOP,New Orleans Pelicans,21500366,2015-12-14T00:00:00,NOP @ POR,L,42.2,6.0,2.0,2.0,20.0,6.0,8.0,6.0,28.0,5.0,1.0,2.0,8.0,54.5,1,13074,13074,13074,291,878,4731,4675,59,10028,17345,13388,5824,59,17214,11390,254,422,1.0,42:10,2015,2016
2015-16,2225,Tony Parker,Tony,1610612759,SAS,San Antonio Spurs,21500364,2015-12-14T00:00:00,SAS vs. UTA,W,21.1,2.0,3.0,9.0,10.0,0.0,1.0,2.0,12.0,0.0,0.0,1.0,2.0,29.7,1,1,1,1,14986,6026,3104,184,1840,1,3393,4025,18637,8004,1,4972,7786,6006,1.0,21:05,2015,2016
2015-16,202708,Norris Cole,Norris,1610612740,NOP,New Orleans Pelicans,21500366,2015-12-14T00:00:00,NOP @ POR,L,15.4,0.0,0.0,0.0,0.0,2.0,3.0,0.0,4.0,0.0,0.0,1.0,1.0,11.4,1,13074,13074,13074,19497,12059,10158,9917,18861,2619,7138,1,23698,8004,1,4972,12373,18134,1.0,15:22,2015,2016
2015-16,201568,Danilo Gallinari,Danilo,1610612743,DEN,Denver Nuggets,21500365,2015-12-14T00:00:00,DEN vs. HOU,W,32.1,0.0,2.0,4.0,6.0,19.0,11.0,8.0,22.0,0.0,0.0,0.0,4.0,35.5,1,1,1,1,5844,12059,4731,1913,5299,25074,21814,17194,10265,8004,1,1,2748,3657,1.0,32:03,2015,2016
2015-16,202390,Gary Neal,Gary,1610612764,WAS,Washington Wizards,21500362,2015-12-14T00:00:00,WAS @ MEM,L,31.0,2.0,0.0,0.0,2.0,6.0,4.0,10.0,38.0,0.0,0.0,1.0,4.0,29.4,1,13074,13074,13074,6760,6026,10158,9917,12984,10028,8458,20169,1422,8004,1,4972,2748,6143,1.0,30:57,2015,2016
2015-16,203115,Will Barton,Will,1610612743,DEN,Denver Nuggets,21500365,2015-12-14T00:00:00,DEN vs. HOU,W,33.1,2.0,2.0,7.0,8.0,19.0,7.0,11.0,22.0,0.0,0.0,1.0,4.0,45.3,1,1,1,1,5027,6026,4731,454,3109,25074,15642,21342,10265,8004,1,4972,2748,1310,1.0,33:07,2015,2016
2015-16,202720,Jon Leuer,Jon,1610612756,PHX,Phoenix Suns,21500363,2015-12-14T00:00:00,PHX @ DAL,L,32.5,6.0,4.0,2.0,2.0,8.0,2.0,8.0,20.0,0.0,0.0,4.0,2.0,36.1,1,13074,13074,13074,5483,878,1596,4675,12984,13914,3734,17194,11929,8004,1,22104,7786,3432,1.0,32:31,2015,2016
2015-16,101112,Channing Frye,Channing,1610612753,ORL,Orlando Magic,21500358,2015-12-14T00:00:00,ORL @ BKN,W,23.3,0.0,0.0,0.0,0.0,6.0,2.0,10.0,22.0,0.0,0.0,1.0,1.0,29.3,1,1,1,1,13092,12059,10158,9917,18861,10028,3734,20169,10265,8004,1,4972,12373,6202,1.0,23:20,2015,2016
2015-16,202329,Al-Farouq Aminu,Al-Farouq,1610612757,POR,Portland Trail Blazers,21500366,2015-12-14T00:00:00,POR vs. NOP,W,27.7,4.0,0.0,2.0,4.0,4.0,4.0,7.0,30.0,1.0,1.0,0.0,0.0,24.3,1,1,1,1,9485,2460,10158,4675,8599,6141,8458,15538,4541,2692,17214,1,18762,8939,1.0,27:40,2015,2016
2015-16,203083,Andre Drummond,Andre,1610612765,DET,Detroit Pistons,21500359,2015-12-14T00:00:00,DET vs. LAC,L,40.3,6.0,6.0,2.0,16.0,9.0,9.0,9.0,32.0,0.0,1.0,3.0,4.0,43.5,1,13074,13074,13074,645,878,481,4675,275,15771,19144,18829,3535,8004,17214,17641,2748,1646,1.0,40:20,2015,2016
2015-16,200755,JJ Redick,JJ,1610612746,LAC,LA Clippers,21500359,2015-12-14T00:00:00,LAC @ DET,W,31.8,5.0,3.0,0.0,2.0,9.0,11.0,2.0,26.0,0.0,0.0,2.0,1.0,30.1,1,1,1,1,6104,1603,3104,9917,12984,15771,21814,4025,7214,8004,1,11390,12373,5794,1.0,31:45,2015,2016
2015-16,202704,Reggie Jackson,Reggie,1610612765,DET,Detroit Pistons,21500359,2015-12-14T00:00:00,DET vs. LAC,L,39.1,0.0,3.0,0.0,4.0,9.0,9.0,9.0,30.0,0.0,0.0,3.0,9.0,56.7,1,13074,13074,13074,1019,12059,3104,9917,8599,15771,19144,18829,4541,8004,1,17641,138,327,1.0,39:08,2015,2016
2015-16,200794,Paul Millsap,Paul,1610612737,ATL,Atlanta Hawks,21500360,2015-12-14T00:00:00,ATL vs. MIA,L,37.0,0.0,2.0,0.0,10.0,9.0,8.0,12.0,36.0,0.0,1.0,3.0,6.0,29.8,1,13074,13074,13074,2058,12059,4731,9917,1840,15771,17345,22259,1943,8004,17214,17641,873,5948,1.0,37:02,2015,2016
2015-16,201935,James Harden,James,1610612745,HOU,Houston Rockets,21500365,2015-12-14T00:00:00,HOU @ DEN,L,34.4,5.0,3.0,2.0,8.0,6.0,15.0,12.0,42.0,0.0,3.0,1.0,2.0,43.6,1,13074,13074,13074,4038,1603,3104,4675,3109,10028,24781,22259,670,8004,25441,4972,7786,1627,1.0,34:23,2015,2016
2015-16,201188,Marc Gasol,Marc,1610612763,MEM,Memphis Grizzlies,21500362,2015-12-14T00:00:00,MEM vs. WAS,W,39.0,0.0,2.0,0.0,4.0,9.0,7.0,10.0,24.0,3.0,0.0,4.0,6.0,56.4,1,1,1,1,1061,12059,4731,9917,8599,15771,15642,20169,8723,347,1,22104,873,337,1.0,39:02,2015,2016
2015-16,202718,Chandler Parsons,Chandler,1610612742,DAL,Dallas Mavericks,21500363,2015-12-14T00:00:00,DAL vs. PHX,W,28.2,2.0,0.0,2.0,6.0,12.0,4.0,12.0,16.0,1.0,2.0,2.0,3.0,24.4,1,1,1,1,9113,6026,10158,4675,5299,20178,8458,22259,15259,2692,23588,11390,4736,8867,1.0,28:09,2015,2016
2015-16,202339,Eric Bledsoe,Eric,1610612756,PHX,Phoenix Suns,21500363,2015-12-14T00:00:00,PHX @ DAL,L,37.0,2.0,3.0,9.0,4.0,8.0,2.0,10.0,20.0,2.0,0.0,3.0,6.0,52.5,1,13074,13074,13074,2097,6026,3104,184,8599,13914,3734,20169,11929,932,1,17641,873,544,1.0,36:58,2015,2016
2015-16,201144,Mike Conley,Mike,1610612763,MEM,Memphis Grizzlies,21500362,2015-12-14T00:00:00,MEM vs. WAS,W,37.4,2.0,2.0,2.0,8.0,7.0,7.0,8.0,22.0,0.0,0.0,1.0,1.0,43.3,1,1,1,1,1809,6026,4731,4675,3109,12242,15642,17194,10265,8004,1,4972,12373,1678,1.0,37:25,2015,2016
2015-16,201162,Jared Dudley,Jared,1610612764,WAS,Washington Wizards,21500362,2015-12-14T00:00:00,WAS @ MEM,L,27.4,0.0,0.0,0.0,2.0,16.0,4.0,7.0,28.0,0.0,0.0,1.0,1.0,24.7,1,13074,13074,13074,9708,12059,10158,9917,12984,23774,8458,15538,5824,8004,1,4972,12373,8673,1.0,27:24,2015,2016
2015-16,202730,Lavoy Allen,Lavoy,1610612754,IND,Indiana Pacers,21500357,2015-12-14T00:00:00,IND vs. TOR,W,29.7,0.0,4.0,2.0,6.0,7.0,8.0,0.0,12.0,0.0,1.0,0.0,1.0,24.0,1,1,1,1,7820,12059,1596,4675,5299,12242,17345,1,18637,8004,17214,1,12373,9121,1.0,29:41,2015,2016
2015-16,202324,Derrick Favors,Derrick,1610612762,UTA,Utah Jazz,21500364,2015-12-14T00:00:00,UTA @ SAS,L,24.1,0.0,3.0,0.0,10.0,8.0,7.0,17.0,26.0,1.0,0.0,2.0,4.0,24.6,1,13074,13074,13074,12508,12059,3104,9917,1840,13914,15642,24967,7214,2692,1,11390,2748,8724,1.0,24:03,2015,2016
2015-16,2440,Matt Barnes,Matt,1610612763,MEM,Memphis Grizzlies,21500362,2015-12-14T00:00:00,MEM vs. WAS,W,33.0,4.0,2.0,4.0,6.0,7.0,7.0,6.0,20.0,1.0,0.0,3.0,1.0,35.2,1,1,1,1,5127,2460,4731,1913,5299,12242,15642,13388,11929,2692,1,17641,12373,3745,1.0,33:00,2015,2016
2015-16,201933,Blake Griffin,Blake,1610612746,LAC,LA Clippers,21500359,2015-12-14T00:00:00,LAC @ DET,W,42.8,0.0,4.0,7.0,16.0,11.0,15.0,4.0,36.0,0.0,0.0,2.0,7.0,48.5,1,1,1,1,222,12059,1596,454,275,18886,24781,8806,1943,8004,1,11390,469,909,1.0,42:47,2015,2016
2015-16,201143,Al Horford,Al,1610612737,ATL,Atlanta Hawks,21500360,2015-12-14T00:00:00,ATL vs. MIA,L,35.5,8.0,0.0,2.0,6.0,4.0,7.0,10.0,30.0,2.0,0.0,3.0,1.0,35.3,1,13074,13074,13074,3165,308,10158,4675,5299,6141,15642,20169,4541,932,1,17641,12373,3719,1.0,35:28,2015,2016
2015-16,201149,Joakim Noah,Joakim,1610612741,CHI,Chicago Bulls,21500361,2015-12-14T00:00:00,CHI vs. PHI,W,22.0,2.0,4.0,0.0,4.0,7.0,2.0,5.0,22.0,2.0,2.0,3.0,1.0,43.0,1,1,1,1,14179,6026,1596,9917,8599,12242,3734,11593,10265,932,23588,17641,12373,1733,1.0,21:59,2015,2016
2015-16,203138,Hollis Thompson,Hollis,1610612755,PHI,Philadelphia 76ers,21500361,2015-12-14T00:00:00,PHI @ CHI,L,26.7,0.0,3.0,0.0,0.0,8.0,8.0,5.0,40.0,0.0,1.0,3.0,1.0,12.2,1,13074,13074,13074,10318,12059,3104,9917,18861,13914,17345,11593,983,8004,17214,17641,12373,17566,1.0,26:40,2015,2016
2015-16,101108,Chris Paul,Chris,1610612746,LAC,LA Clippers,21500359,2015-12-14T00:00:00,LAC @ DET,W,38.0,0.0,0.0,0.0,4.0,11.0,13.0,4.0,28.0,0.0,0.0,5.0,3.0,40.0,1,1,1,1,1527,12059,10158,9917,8599,18886,23668,8806,5824,8004,1,24686,4736,2364,1.0,37:58,2015,2016
2015-16,203939,Dwight Powell,Dwight,1610612742,DAL,Dallas Mavericks,21500363,2015-12-14T00:00:00,DAL vs. PHX,W,16.3,0.0,0.0,0.0,4.0,2.0,6.0,15.0,12.0,0.0,0.0,3.0,4.0,15.2,1,1,1,1,18835,12059,10158,9917,8599,2619,13237,24242,18637,8004,1,17641,2748,15219,1.0,16:17,2015,2016
2015-16,201155,Rodney Stuckey,Rodney,1610612754,IND,Indiana Pacers,21500357,2015-12-14T00:00:00,IND vs. TOR,W,27.0,2.0,0.0,2.0,4.0,2.0,6.0,0.0,6.0,0.0,0.0,1.0,1.0,19.8,1,1,1,1,10052,6026,10158,4675,8599,2619,13237,1,22724,8004,1,4972,12373,11883,1.0,26:57,2015,2016
2015-16,202710,Jimmy Butler III,Jimmy,1610612741,CHI,Chicago Bulls,21500361,2015-12-14T00:00:00,CHI vs. PHI,W,28.5,2.0,0.0,0.0,12.0,6.0,11.0,0.0,20.0,1.0,1.0,0.0,5.0,40.1,1,1,1,1,8824,6026,10158,9917,988,10028,21814,1,11929,2692,17214,1,1539,2345,1.0,28:30,2015,2016
2015-16,1626174,Christian Wood,Christian,1610612755,PHI,Philadelphia 76ers,21500361,2015-12-14T00:00:00,PHI @ CHI,L,8.0,3.0,0.0,0.0,4.0,0.0,2.0,2.0,8.0,0.0,1.0,0.0,0.0,12.4,1,13074,13074,13074,23174,4307,10158,9917,8599,1,3734,4025,21543,8004,17214,1,18762,17418,1.0,8:01,2015,2016
2015-16,201949,James Johnson,James,1610612761,TOR,Toronto Raptors,21500357,2015-12-14T00:00:00,TOR @ IND,L,19.0,0.0,2.0,0.0,4.0,5.0,5.0,9.0,20.0,1.0,0.0,1.0,2.0,15.2,1,13074,13074,13074,16722,12059,4731,9917,8599,8403,11469,18829,11929,2692,1,4972,7786,15219,1.0,18:58,2015,2016
2015-16,202344,Trevor Booker,Trevor,1610612762,UTA,Utah Jazz,21500364,2015-12-14T00:00:00,UTA @ SAS,L,21.3,0.0,0.0,0.0,4.0,10.0,11.0,8.0,18.0,0.0,0.0,1.0,0.0,15.4,1,13074,13074,13074,14763,12059,10158,9917,8599,17370,21814,17194,13577,8004,1,4972,18762,15066,1.0,21:19,2015,2016
2015-16,201145,Jeff Green,Jeff,1610612763,MEM,Memphis Grizzlies,21500362,2015-12-14T00:00:00,MEM vs. WAS,W,39.9,2.0,0.0,4.0,10.0,10.0,7.0,10.0,34.0,1.0,1.0,3.0,3.0,31.2,1,1,1,1,748,6026,10158,1913,1840,17370,15642,20169,2701,2692,17214,17641,4736,5304,1.0,39:56,2015,2016
2015-16,201976,Patrick Beverley,Patrick,1610612745,HOU,Houston Rockets,21500365,2015-12-14T00:00:00,HOU @ DEN,L,34.0,6.0,3.0,6.0,6.0,4.0,17.0,13.0,40.0,0.0,0.0,4.0,0.0,27.2,1,13074,13074,13074,4346,878,3104,740,5299,6141,25429,23048,983,8004,1,22104,18762,7289,1.0,34:01,2015,2016
2015-16,2207,Joe Johnson,Joe,1610612751,BKN,Brooklyn Nets,21500358,2015-12-14T00:00:00,BKN vs. ORL,L,26.4,0.0,0.0,0.0,0.0,9.0,4.0,5.0,22.0,0.0,0.0,3.0,0.0,15.1,1,13074,13074,13074,10529,12059,10158,9917,18861,15771,8458,11593,10265,8004,1,17641,18762,15328,1.0,26:24,2015,2016
2015-16,201609,Goran Dragic,Goran,1610612748,MIA,Miami Heat,21500360,2015-12-14T00:00:00,MIA @ ATL,W,34.7,0.0,0.0,6.0,10.0,11.0,6.0,9.0,28.0,2.0,0.0,3.0,2.0,42.4,1,1,1,1,3791,12059,10158,740,1840,18886,13237,18829,5824,932,1,17641,7786,1860,1.0,34:41,2015,2016
2015-16,203943,Noah Vonleh,Noah,1610612757,POR,Portland Trail Blazers,21500366,2015-12-14T00:00:00,POR vs. NOP,W,17.2,0.0,0.0,0.0,2.0,2.0,2.0,2.0,16.0,1.0,2.0,3.0,0.0,15.5,1,1,1,1,18153,12059,10158,9917,12984,2619,3734,4025,15259,2692,23588,17641,18762,15004,1.0,17:10,2015,2016
2015-16,2199,Tyson Chandler,Tyson,1610612756,PHX,Phoenix Suns,21500363,2015-12-14T00:00:00,PHX @ DAL,L,14.1,0.0,2.0,2.0,4.0,6.0,2.0,4.0,20.0,1.0,0.0,1.0,1.0,11.6,1,13074,13074,13074,20371,12059,4731,4675,8599,10028,3734,8806,11929,2692,1,4972,12373,17970,1.0,14:05,2015,2016
2015-16,202699,Tobias Harris,Tobias,1610612753,ORL,Orlando Magic,21500358,2015-12-14T00:00:00,ORL @ BKN,W,25.6,2.0,0.0,2.0,12.0,8.0,4.0,10.0,24.0,0.0,0.0,0.0,2.0,30.3,1,1,1,1,11252,6026,10158,4675,988,13914,8458,20169,8723,8004,1,1,7786,5702,1.0,25:33,2015,2016
2015-16,2216,Zach Randolph,Zach,1610612763,MEM,Memphis Grizzlies,21500362,2015-12-14T00:00:00,MEM vs. WAS,W,20.8,2.0,2.0,0.0,6.0,3.0,0.0,6.0,16.0,0.0,1.0,2.0,1.0,15.3,1,1,1,1,15274,6026,4731,9917,5299,5109,1,13388,15259,8004,17214,11390,12373,15150,1.0,20:45,2015,2016
2015-16,1717,Dirk Nowitzki,Dirk,1610612742,DAL,Dallas Mavericks,21500363,2015-12-14T00:00:00,DAL vs. PHX,W,29.3,4.0,0.0,4.0,6.0,14.0,13.0,13.0,16.0,0.0,0.0,4.0,5.0,26.4,1,1,1,1,8131,2460,10158,1913,5299,22292,23668,23048,15259,8004,1,22104,1539,7672,1.0,29:17,2015,2016
2015-16,201980,Danny Green,Danny,1610612759,SAS,San Antonio Spurs,21500364,2015-12-14T00:00:00,SAS vs. UTA,W,20.5,0.0,0.0,0.0,2.0,0.0,2.0,0.0,8.0,0.0,0.0,2.0,0.0,19.9,1,1,1,1,15511,12059,10158,9917,12984,1,3734,1,21543,8004,1,11390,18762,11824,1.0,20:28,2015,2016
2015-16,200782,P.J. Tucker,P.J.,1610612756,PHX,Phoenix Suns,21500363,2015-12-14T00:00:00,PHX @ DAL,L,24.0,2.0,2.0,0.0,6.0,8.0,4.0,4.0,24.0,0.0,1.0,2.0,2.0,19.7,1,13074,13074,13074,12578,6026,4731,9917,5299,13914,8458,8806,8723,8004,17214,11390,7786,11962,1.0,23:60,2015,2016
2015-16,201588,George Hill,George,1610612754,IND,Indiana Pacers,21500357,2015-12-14T00:00:00,IND vs. TOR,W,35.3,0.0,2.0,0.0,4.0,13.0,8.0,3.0,12.0,2.0,1.0,1.0,4.0,19.7,1,1,1,1,3347,12059,4731,9917,8599,21300,17345,7328,18637,932,17214,4972,2748,11962,1.0,35:15,2015,2016
2015-16,203486,Mason Plumlee,Mason,1610612757,POR,Portland Trail Blazers,21500366,2015-12-14T00:00:00,POR vs. NOP,W,30.0,0.0,3.0,0.0,10.0,4.0,4.0,7.0,32.0,2.0,3.0,4.0,4.0,41.6,1,1,1,1,7544,12059,3104,9917,1840,6141,8458,15538,3535,932,25441,22104,2748,2021,1.0,30:01,2015,2016
2015-16,200746,LaMarcus Aldridge,LaMarcus,1610612759,SAS,San Antonio Spurs,21500364,2015-12-14T00:00:00,SAS vs. UTA,W,24.4,4.0,2.0,2.0,6.0,0.0,1.0,2.0,14.0,0.0,1.0,1.0,3.0,26.6,1,1,1,1,12221,2460,4731,4675,5299,1,3393,4025,17019,8004,17214,4972,4736,7566,1.0,24:23,2015,2016
2015-16,202687,Bismack Biyombo,Bismack,1610612761,TOR,Toronto Raptors,21500357,2015-12-14T00:00:00,TOR @ IND,L,31.5,0.0,6.0,0.0,2.0,15.0,6.0,8.0,30.0,2.0,0.0,3.0,4.0,30.6,1,13074,13074,13074,6335,12059,481,9917,12984,23079,13237,17194,4541,932,1,17641,2748,5574,1.0,31:28,2015,2016
2015-16,200768,Kyle Lowry,Kyle,1610612761,TOR,Toronto Raptors,21500357,2015-12-14T00:00:00,TOR @ IND,L,34.1,9.0,2.0,3.0,2.0,15.0,9.0,10.0,32.0,0.0,1.0,5.0,4.0,26.4,1,13074,13074,13074,4239,171,4731,3302,12984,23079,19144,20169,3535,8004,17214,24686,2748,7672,1.0,34:08,2015,2016
2015-16,203530,Joffrey Lauvergne,Joffrey,1610612743,DEN,Denver Nuggets,21500365,2015-12-14T00:00:00,DEN vs. HOU,W,21.1,2.0,2.0,0.0,12.0,18.0,8.0,9.0,18.0,0.0,1.0,4.0,0.0,26.7,1,1,1,1,14986,6026,4731,9917,988,24749,17345,18829,13577,8004,17214,22104,18762,7525,1.0,21:05,2015,2016
2015-16,203506,Victor Oladipo,Victor,1610612753,ORL,Orlando Magic,21500358,2015-12-14T00:00:00,ORL @ BKN,W,20.4,1.0,0.0,1.0,2.0,13.0,2.0,9.0,16.0,1.0,0.0,4.0,5.0,26.4,1,1,1,1,15600,11535,10158,9347,12984,21300,3734,18829,15259,2692,1,22104,1539,7672,1.0,20:21,2015,2016
2015-16,203145,Kent Bazemore,Kent,1610612737,ATL,Atlanta Hawks,21500360,2015-12-14T00:00:00,ATL vs. MIA,L,39.6,5.0,4.0,5.0,14.0,9.0,11.0,12.0,34.0,1.0,0.0,4.0,3.0,41.0,1,13074,13074,13074,864,1603,1596,1277,542,15771,21814,22259,2701,2692,1,22104,4736,2143,1.0,39:35,2015,2016
2015-16,203468,CJ McCollum,CJ,1610612757,POR,Portland Trail Blazers,21500366,2015-12-14T00:00:00,POR vs. NOP,W,32.5,0.0,0.0,0.0,0.0,4.0,4.0,7.0,34.0,1.0,1.0,2.0,2.0,30.4,1,1,1,1,5527,12059,10158,9917,18861,6141,8458,15538,2701,2692,17214,11390,7786,5661,1.0,32:29,2015,2016
2015-16,202355,Hassan Whiteside,Hassan,1610612748,MIA,Miami Heat,21500360,2015-12-14T00:00:00,MIA @ ATL,W,26.0,0.0,2.0,0.0,8.0,8.0,4.0,2.0,18.0,3.0,2.0,4.0,2.0,30.6,1,1,1,1,10879,12059,4731,9917,3109,13914,8458,4025,13577,347,23588,22104,7786,5574,1.0,25:57,2015,2016
2015-16,201572,Brook Lopez,Brook,1610612751,BKN,Brooklyn Nets,21500358,2015-12-14T00:00:00,BKN vs. ORL,L,32.3,4.0,2.0,1.0,8.0,11.0,8.0,5.0,30.0,0.0,1.0,2.0,3.0,17.2,1,13074,13074,13074,5629,2460,4731,9347,3109,18886,17345,11593,4541,8004,17214,11390,4736,13725,1.0,32:20,2015,2016
2015-16,101141,Ersan Ilyasova,Ersan,1610612765,DET,Detroit Pistons,21500359,2015-12-14T00:00:00,DET vs. LAC,L,20.1,2.0,2.0,0.0,6.0,7.0,4.0,9.0,18.0,0.0,0.0,1.0,1.0,14.1,1,13074,13074,13074,15834,6026,4731,9917,5299,12242,8458,18829,13577,8004,1,4972,12373,16094,1.0,20:06,2015,2016
2015-16,203081,Damian Lillard,Damian,1610612757,POR,Portland Trail Blazers,21500366,2015-12-14T00:00:00,POR vs. NOP,W,35.3,5.0,2.0,2.0,6.0,8.0,4.0,9.0,40.0,0.0,1.0,2.0,8.0,39.1,1,1,1,1,3282,1603,4731,4675,5299,13914,8458,18829,983,8004,17214,11390,254,2616,1.0,35:20,2015,2016
2015-16,203496,Robert Covington,Robert,1610612755,PHI,Philadelphia 76ers,21500361,2015-12-14T00:00:00,PHI @ CHI,L,26.3,0.0,2.0,0.0,2.0,15.0,2.0,9.0,26.0,2.0,1.0,0.0,0.0,27.7,1,13074,13074,13074,10566,12059,4731,9917,12984,23079,3734,18829,7214,932,17214,1,18762,7008,1.0,26:20,2015,2016
2015-16,202702,Kenneth Faried,Kenneth,1610612743,DEN,Denver Nuggets,21500365,2015-12-14T00:00:00,DEN vs. HOU,W,19.8,0.0,7.0,0.0,10.0,14.0,8.0,6.0,18.0,2.0,0.0,1.0,4.0,28.3,1,1,1,1,16071,12059,292,9917,1840,22292,17345,13388,13577,932,1,4972,2748,6720,1.0,19:48,2015,2016
2015-16,203484,Kentavious Caldwell-Pope,Kentavious,1610612765,DET,Detroit Pistons,21500359,2015-12-14T00:00:00,DET vs. LAC,L,45.1,3.0,2.0,2.0,2.0,9.0,9.0,9.0,30.0,0.0,1.0,5.0,3.0,27.6,1,13074,13074,13074,81,4307,4731,4675,12984,15771,19144,18829,4541,8004,17214,24686,4736,7080,1.0,45:03,2015,2016
2015-16,1626209,Mario Hezonja,Mario,1610612753,ORL,Orlando Magic,21500358,2015-12-14T00:00:00,ORL @ BKN,W,18.2,4.0,2.0,2.0,6.0,14.0,2.0,5.0,14.0,0.0,0.0,1.0,0.0,14.1,1,1,1,1,17357,2460,4731,4675,5299,22292,3734,11593,17019,8004,1,4972,18762,16094,1.0,18:11,2015,2016
2015-16,2547,Chris Bosh,Chris,1610612748,MIA,Miami Heat,21500360,2015-12-14T00:00:00,MIA @ ATL,W,36.2,2.0,3.0,2.0,4.0,15.0,4.0,9.0,28.0,0.0,0.0,1.0,4.0,38.5,1,1,1,1,2623,6026,3104,4675,8599,23079,8458,18829,5824,8004,1,4972,2748,2771,1.0,36:11,2015,2016
2015-16,203471,Dennis Schröder,Dennis,1610612737,ATL,Atlanta Hawks,21500360,2015-12-14T00:00:00,ATL vs. MIA,L,26.2,2.0,0.0,0.0,4.0,9.0,9.0,4.0,16.0,0.0,0.0,3.0,5.0,38.3,1,13074,13074,13074,10673,6026,10158,9917,8599,15771,19144,8806,15259,8004,1,17641,1539,2826,1.0,26:13,2015,2016
2015-16,2749,Jameer Nelson,Jameer,1610612743,DEN,Denver Nuggets,21500365,2015-12-14T00:00:00,DEN vs. HOU,W,37.2,3.0,2.0,0.0,4.0,22.0,13.0,11.0,26.0,0.0,0.0,3.0,1.0,22.5,1,1,1,1,1950,4307,4731,9917,8599,25683,23668,21342,7214,8004,1,17641,12373,10082,1.0,37:13,2015,2016
2015-16,203613,Jonathon Simmons,Jonathon,1610612759,SAS,San Antonio Spurs,21500364,2015-12-14T00:00:00,SAS vs. UTA,W,22.9,0.0,0.0,2.0,2.0,8.0,2.0,10.0,24.0,0.0,2.0,1.0,1.0,22.8,1,1,1,1,13455,12059,10158,4675,12984,13914,3734,20169,8723,8004,23588,4972,12373,9883,1.0,22:54,2015,2016
2015-16,2743,Kris Humphries,Kris,1610612764,WAS,Washington Wizards,21500362,2015-12-14T00:00:00,WAS @ MEM,L,18.2,1.0,3.0,0.0,4.0,2.0,4.0,6.0,14.0,1.0,0.0,2.0,1.0,17.0,1,13074,13074,13074,17331,11535,3104,9917,8599,2619,8458,13388,17019,2692,1,11390,12373,13855,1.0,18:14,2015,2016
2015-16,201152,Thaddeus Young,Thaddeus,1610612751,BKN,Brooklyn Nets,21500358,2015-12-14T00:00:00,BKN vs. ORL,L,34.3,2.0,2.0,2.0,10.0,12.0,4.0,5.0,34.0,0.0,0.0,3.0,2.0,28.2,1,13074,13074,13074,4106,6026,4731,4675,1840,20178,8458,11593,2701,8004,1,17641,7786,6778,1.0,34:17,2015,2016
2015-16,200745,Andrea Bargnani,Andrea,1610612751,BKN,Brooklyn Nets,21500358,2015-12-14T00:00:00,BKN vs. ORL,L,20.4,0.0,0.0,0.0,4.0,6.0,4.0,2.0,16.0,0.0,0.0,1.0,2.0,13.6,1,13074,13074,13074,15591,12059,10158,9917,8599,10028,8458,4025,15259,8004,1,4972,7786,16460,1.0,20:22,2015,2016
2015-16,101123,Gerald Green,Gerald,1610612748,MIA,Miami Heat,21500360,2015-12-14T00:00:00,MIA @ ATL,W,31.4,5.0,2.0,0.0,4.0,11.0,4.0,7.0,32.0,0.0,0.0,2.0,2.0,27.6,1,1,1,1,6363,1603,4731,9917,8599,18886,8458,15538,3535,8004,1,11390,7786,7080,1.0,31:26,2015,2016
2015-16,202695,Kawhi Leonard,Kawhi,1610612759,SAS,San Antonio Spurs,21500364,2015-12-14T00:00:00,SAS vs. UTA,W,24.7,2.0,0.0,6.0,6.0,0.0,3.0,2.0,14.0,0.0,0.0,1.0,5.0,39.4,1,1,1,1,11912,6026,10158,740,5299,1,7138,4025,17019,8004,1,4972,1539,2530,1.0,24:43,2015,2016
2015-16,101109,Raymond Felton,Raymond,1610612742,DAL,Dallas Mavericks,21500363,2015-12-14T00:00:00,DAL vs. PHX,W,33.6,2.0,2.0,4.0,6.0,16.0,13.0,19.0,22.0,0.0,0.0,3.0,2.0,31.8,1,1,1,1,4682,6026,4731,1913,5299,23774,23668,25435,10265,8004,1,17641,7786,5041,1.0,33:35,2015,2016
2015-16,201941,Jordan Hill,Jordan,1610612754,IND,Indiana Pacers,21500357,2015-12-14T00:00:00,IND vs. TOR,W,31.0,4.0,5.0,0.0,12.0,2.0,10.0,0.0,8.0,0.0,0.0,4.0,3.0,38.1,1,1,1,1,6718,2460,995,9917,988,2619,20509,1,21543,8004,1,22104,4736,2879,1.0,31:00,2015,2016
2015-16,202334,Ed Davis,Ed,1610612757,POR,Portland Trail Blazers,21500366,2015-12-14T00:00:00,POR vs. NOP,W,19.3,0.0,0.0,2.0,4.0,4.0,0.0,2.0,16.0,0.0,0.0,2.0,1.0,17.2,1,1,1,1,16489,12059,10158,4675,8599,6141,1,4025,15259,8004,1,11390,12373,13725,1.0,19:16,2015,2016
2015-16,203094,Andrew Nicholson,Andrew,1610612753,ORL,Orlando Magic,21500358,2015-12-14T00:00:00,ORL @ BKN,W,24.7,3.0,0.0,0.0,6.0,16.0,4.0,5.0,16.0,0.0,0.0,2.0,1.0,22.6,1,1,1,1,11959,4307,10158,9917,5299,23774,8458,11593,15259,8004,1,11390,12373,10000,1.0,24:40,2015,2016
2015-16,202692,Alec Burks,Alec,1610612762,UTA,Utah Jazz,21500364,2015-12-14T00:00:00,UTA @ SAS,L,17.8,0.0,0.0,2.0,2.0,10.0,8.0,10.0,14.0,0.0,0.0,1.0,4.0,13.7,1,13074,13074,13074,17666,12059,10158,4675,12984,17370,17345,20169,17019,8004,1,4972,2748,16393,1.0,17:49,2015,2016
2015-16,101127,Jarrett Jack,Jarrett,1610612751,BKN,Brooklyn Nets,21500358,2015-12-14T00:00:00,BKN vs. ORL,L,26.3,4.0,0.0,0.0,6.0,10.0,2.0,5.0,28.0,0.0,0.0,1.0,3.0,28.5,1,13074,13074,13074,10608,2460,10158,9917,5299,17370,3734,11593,5824,8004,1,4972,4736,6613,1.0,26:18,2015,2016
2015-16,2736,Luol Deng,Luol,1610612748,MIA,Miami Heat,21500360,2015-12-14T00:00:00,MIA @ ATL,W,35.9,0.0,2.0,4.0,10.0,13.0,6.0,5.0,30.0,0.0,2.0,2.0,7.0,39.8,1,1,1,1,2833,12059,4731,1913,1840,21300,13237,11593,4541,8004,23588,11390,469,2422,1.0,35:54,2015,2016
2015-16,2548,Dwyane Wade,Dwyane,1610612748,MIA,Miami Heat,21500360,2015-12-14T00:00:00,MIA @ ATL,W,29.1,2.0,2.0,0.0,2.0,13.0,6.0,9.0,26.0,0.0,0.0,0.0,1.0,22.2,1,1,1,1,8328,6026,4731,9917,12984,21300,13237,18829,7214,8004,1,1,12373,10263,1.0,29:03,2015,2016
2015-16,201959,Taj Gibson,Taj,1610612741,CHI,Chicago Bulls,21500361,2015-12-14T00:00:00,CHI vs. PHI,W,22.4,0.0,2.0,0.0,6.0,6.0,8.0,0.0,10.0,2.0,1.0,0.0,1.0,22.0,1,1,1,1,13841,12059,4731,9917,5299,10028,17345,1,20209,932,17214,1,12373,10388,1.0,22:23,2015,2016
2015-16,101139,CJ Miles,CJ,1610612754,IND,Indiana Pacers,21500357,2015-12-14T00:00:00,IND vs. TOR,W,22.6,0.0,0.0,0.0,2.0,13.0,6.0,3.0,10.0,1.0,1.0,2.0,0.0,27.8,1,1,1,1,13726,12059,10158,9917,12984,21300,13237,7328,20209,2692,17214,11390,18762,6950,1.0,22:33,2015,2016
2015-16,201569,Eric Gordon,Eric,1610612740,NOP,New Orleans Pelicans,21500366,2015-12-14T00:00:00,NOP @ POR,L,34.2,2.0,0.0,2.0,6.0,9.0,5.0,6.0,26.0,0.0,0.0,2.0,3.0,22.1,1,13074,13074,13074,4216,6026,10158,4675,5299,15771,11469,13388,7214,8004,1,11390,4736,10332,1.0,34:10,2015,2016
2015-16,203914,Gary Harris,Gary,1610612743,DEN,Denver Nuggets,21500365,2015-12-14T00:00:00,DEN vs. HOU,W,39.8,4.0,2.0,7.0,14.0,24.0,13.0,13.0,30.0,2.0,0.0,1.0,2.0,31.9,1,1,1,1,779,2460,4731,454,542,25890,23668,23048,4541,932,1,4972,7786,4984,1.0,39:49,2015,2016
2015-16,202688,Brandon Knight,Brandon,1610612756,PHX,Phoenix Suns,21500363,2015-12-14T00:00:00,PHX @ DAL,L,31.2,2.0,0.0,4.0,2.0,10.0,4.0,8.0,30.0,0.0,0.0,1.0,2.0,22.3,1,13074,13074,13074,6536,6026,10158,1913,12984,17370,8458,17194,4541,8004,1,4972,7786,10208,1.0,31:13,2015,2016
2015-16,202696,Nikola Vučević,Nikola,1610612753,ORL,Orlando Magic,21500358,2015-12-14T00:00:00,ORL @ BKN,W,27.8,2.0,2.0,0.0,6.0,6.0,6.0,10.0,20.0,1.0,0.0,3.0,2.0,33.2,1,1,1,1,9415,6026,4731,9917,5299,10028,13237,20169,11929,2692,1,17641,7786,4462,1.0,27:46,2015,2016
2015-16,203082,Terrence Ross,Terrence,1610612761,TOR,Toronto Raptors,21500357,2015-12-14T00:00:00,TOR @ IND,L,30.7,8.0,0.0,0.0,2.0,13.0,4.0,7.0,28.0,1.0,0.0,0.0,0.0,22.3,1,13074,13074,13074,6961,308,10158,9917,12984,21300,8458,15538,5824,2692,1,1,18762,10208,1.0,30:41,2015,2016
2015-16,203481,Jeff Withey,Jeff,1610612762,UTA,Utah Jazz,21500364,2015-12-14T00:00:00,UTA @ SAS,L,20.3,4.0,2.0,4.0,6.0,10.0,8.0,4.0,12.0,2.0,1.0,3.0,2.0,22.0,1,13074,13074,13074,15642,2460,4731,1913,5299,17370,17345,8806,18637,932,17214,17641,7786,10388,1.0,20:18,2015,2016
2015-16,101145,Monta Ellis,Monta,1610612754,IND,Indiana Pacers,21500357,2015-12-14T00:00:00,IND vs. TOR,W,30.5,7.0,0.0,8.0,12.0,15.0,6.0,3.0,10.0,0.0,0.0,1.0,7.0,27.9,1,1,1,1,7126,548,10158,280,988,23079,13237,7328,20209,8004,1,4972,469,6914,1.0,30:28,2015,2016
2015-16,2585,Zaza Pachulia,Zaza,1610612742,DAL,Dallas Mavericks,21500363,2015-12-14T00:00:00,DAL vs. PHX,W,28.4,2.0,2.0,0.0,4.0,13.0,11.0,9.0,20.0,0.0,0.0,2.0,1.0,22.4,1,1,1,1,8908,6026,4731,9917,8599,21300,21814,18829,11929,8004,1,11390,12373,10131,1.0,28:25,2015,2016
2015-16,203512,Lucas Nogueira,Lucas,1610612761,TOR,Toronto Raptors,21500357,2015-12-14T00:00:00,TOR @ IND,L,8.0,0.0,0.0,0.0,0.0,2.0,5.0,4.0,10.0,1.0,0.0,3.0,0.0,2.2,1,13074,13074,13074,23205,12059,10158,9917,18861,2619,11469,8806,20209,2692,1,17641,18762,24138,1.0,7:57,2015,2016
2015-16,2594,Kyle Korver,Kyle,1610612737,ATL,Atlanta Hawks,21500360,2015-12-14T00:00:00,ATL vs. MIA,L,33.1,0.0,0.0,0.0,0.0,4.0,2.0,8.0,28.0,0.0,0.0,0.0,0.0,16.6,1,13074,13074,13074,5027,12059,10158,9917,18861,6141,3734,17194,5824,8004,1,1,18762,14125,1.0,33:07,2015,2016
2015-16,201596,Mario Chalmers,Mario,1610612763,MEM,Memphis Grizzlies,21500362,2015-12-14T00:00:00,MEM vs. WAS,W,18.6,3.0,0.0,0.0,8.0,5.0,0.0,4.0,16.0,0.0,0.0,2.0,1.0,16.7,1,1,1,1,17042,4307,10158,9917,3109,8403,1,8806,15259,8004,1,11390,12373,14064,1.0,18:34,2015,2016
2015-16,2449,Luis Scola,Luis,1610612761,TOR,Toronto Raptors,21500357,2015-12-14T00:00:00,TOR @ IND,L,18.5,0.0,0.0,0.0,4.0,8.0,0.0,9.0,18.0,0.0,1.0,1.0,0.0,16.0,1,13074,13074,13074,17124,12059,10158,9917,8599,13914,1,18829,13577,8004,17214,4972,18762,14590,1.0,18:27,2015,2016
2015-16,203100,Tony Wroten,Tony,1610612755,PHI,Philadelphia 76ers,21500361,2015-12-14T00:00:00,PHI @ CHI,L,17.7,2.0,0.0,2.0,4.0,14.0,6.0,6.0,14.0,0.0,3.0,0.0,3.0,16.6,1,13074,13074,13074,17723,6026,10158,4675,8599,22292,13237,13388,17019,8004,25441,1,4736,14125,1.0,17:44,2015,2016
2015-16,2588,Matt Bonner,Matt,1610612759,SAS,San Antonio Spurs,21500364,2015-12-14T00:00:00,SAS vs. UTA,W,17.6,0.0,3.0,0.0,2.0,6.0,4.0,10.0,22.0,0.0,0.0,1.0,1.0,16.0,1,1,1,1,17847,12059,3104,9917,12984,10028,8458,20169,10265,8004,1,4972,12373,14590,1.0,17:34,2015,2016
2015-16,1626159,Justise Winslow,Justise,1610612748,MIA,Miami Heat,21500360,2015-12-14T00:00:00,MIA @ ATL,W,12.7,0.0,0.0,0.0,0.0,4.0,0.0,0.0,10.0,0.0,0.0,2.0,0.0,2.1,1,1,1,1,21121,12059,10158,9917,18861,6141,1,1,20209,8004,1,11390,18762,24211,1.0,12:43,2015,2016
2015-16,200826,J.J. Barea,J.J.,1610612742,DAL,Dallas Mavericks,21500363,2015-12-14T00:00:00,DAL vs. PHX,W,14.3,0.0,0.0,0.0,0.0,0.0,4.0,14.0,10.0,0.0,1.0,0.0,2.0,2.5,1,1,1,1,20199,12059,10158,9917,18861,1,8458,23710,20209,8004,17214,1,7786,24003,1.0,14:21,2015,2016
2015-16,201977,Marcus Thornton,Marcus,1610612745,HOU,Houston Rockets,21500365,2015-12-14T00:00:00,HOU @ DEN,L,20.8,7.0,0.0,4.0,2.0,9.0,8.0,24.0,28.0,0.0,0.0,3.0,1.0,16.2,1,13074,13074,13074,15257,548,10158,1913,12984,15771,17345,25937,5824,8004,1,17641,12373,14436,1.0,20:46,2015,2016
2015-16,203999,Nikola Jokić,Nikola,1610612743,DEN,Denver Nuggets,21500365,2015-12-14T00:00:00,DEN vs. HOU,W,22.1,0.0,0.0,0.0,6.0,11.0,3.0,8.0,14.0,0.0,0.0,1.0,3.0,20.9,1,1,1,1,14099,12059,10158,9917,5299,18886,7138,17194,17019,8004,1,4972,4736,11132,1.0,22:05,2015,2016
2015-16,201971,DeJuan Blair,DeJuan,1610612764,WAS,Washington Wizards,21500362,2015-12-14T00:00:00,WAS @ MEM,L,22.1,0.0,0.0,4.0,6.0,4.0,6.0,6.0,20.0,1.0,1.0,5.0,0.0,18.3,1,13074,13074,13074,14118,12059,10158,1913,5299,6141,13237,13388,11929,2692,17214,24686,18762,12952,1.0,22:04,2015,2016
2015-16,202322,John Wall,John,1610612764,WAS,Washington Wizards,21500362,2015-12-14T00:00:00,WAS @ MEM,L,28.5,0.0,0.0,0.0,0.0,16.0,4.0,7.0,26.0,0.0,0.0,0.0,0.0,17.9,1,13074,13074,13074,8853,12059,10158,9917,18861,23774,8458,15538,7214,8004,1,1,18762,13229,1.0,28:28,2015,2016
2015-16,201168,Tiago Splitter,Tiago,1610612737,ATL,Atlanta Hawks,21500360,2015-12-14T00:00:00,ATL vs. MIA,L,12.6,2.0,0.0,0.0,2.0,4.0,4.0,2.0,6.0,1.0,0.0,2.0,0.0,7.9,1,13074,13074,13074,21207,6026,10158,9917,12984,6141,8458,4025,22724,2692,1,11390,18762,20646,1.0,12:36,2015,2016
2015-16,201147,Corey Brewer,Corey,1610612745,HOU,Houston Rockets,21500365,2015-12-14T00:00:00,HOU @ DEN,L,16.0,0.0,0.0,2.0,0.0,7.0,4.0,10.0,22.0,0.0,0.0,1.0,1.0,12.7,1,13074,13074,13074,19035,12059,10158,4675,18861,12242,8458,20169,10265,8004,1,4972,12373,17201,1.0,16:00,2015,2016
2015-16,203526,Raul Neto,Raul,1610612762,UTA,Utah Jazz,21500364,2015-12-14T00:00:00,UTA @ SAS,L,21.4,0.0,0.0,0.0,4.0,4.0,10.0,5.0,20.0,0.0,0.0,1.0,2.0,18.1,1,13074,13074,13074,14657,12059,10158,9917,8599,6141,20509,11593,11929,8004,1,4972,7786,13090,1.0,21:26,2015,2016
2015-16,202066,Garrett Temple,Garrett,1610612764,WAS,Washington Wizards,21500362,2015-12-14T00:00:00,WAS @ MEM,L,17.1,2.0,0.0,2.0,2.0,12.0,4.0,3.0,8.0,1.0,0.0,0.0,2.0,8.5,1,13074,13074,13074,18230,6026,10158,4675,12984,20178,8458,7328,21543,2692,1,1,7786,20215,1.0,17:03,2015,2016
2015-16,203499,Shane Larkin,Shane,1610612751,BKN,Brooklyn Nets,21500358,2015-12-14T00:00:00,BKN vs. ORL,L,19.0,2.0,0.0,0.0,2.0,6.0,6.0,2.0,16.0,0.0,1.0,5.0,3.0,17.8,1,13074,13074,13074,16711,6026,10158,9917,12984,10028,13237,4025,15259,8004,17214,24686,4736,13309,1.0,18:59,2015,2016
2015-16,201603,Sonny Weems,Sonny,1610612756,PHX,Phoenix Suns,21500363,2015-12-14T00:00:00,PHX @ DAL,L,12.5,3.0,0.0,0.0,0.0,4.0,0.0,6.0,6.0,0.0,0.0,3.0,2.0,8.5,1,13074,13074,13074,21278,4307,10158,9917,18861,6141,1,13388,22724,8004,1,17641,7786,20215,1.0,12:30,2015,2016
2015-16,203937,Kyle Anderson,Kyle,1610612759,SAS,San Antonio Spurs,21500364,2015-12-14T00:00:00,SAS vs. UTA,W,16.6,6.0,0.0,2.0,0.0,6.0,2.0,10.0,20.0,0.0,0.0,2.0,1.0,7.7,1,1,1,1,18605,878,10158,4675,18861,10028,3734,20169,11929,8004,1,11390,12373,20733,1.0,16:34,2015,2016
2015-16,202325,Wesley Johnson,Wesley,1610612746,LAC,LA Clippers,21500359,2015-12-14T00:00:00,LAC @ DET,W,29.7,2.0,0.0,0.0,2.0,7.0,11.0,8.0,24.0,0.0,0.0,3.0,1.0,17.8,1,1,1,1,7789,6026,10158,9917,12984,12242,21814,17194,8723,8004,1,17641,12373,13309,1.0,29:44,2015,2016
2015-16,1626171,Bobby Portis,Bobby,1610612741,CHI,Chicago Bulls,21500361,2015-12-14T00:00:00,CHI vs. PHI,W,4.4,0.0,0.0,0.0,0.0,0.0,0.0,0.0,4.0,0.0,0.0,0.0,1.0,8.2,1,1,1,1,24575,12059,10158,9917,18861,1,1,1,23698,8004,1,1,12373,20416,1.0,4:25,2015,2016
2015-16,204456,T.J. McConnell,T.J.,1610612755,PHI,Philadelphia 76ers,21500361,2015-12-14T00:00:00,PHI @ CHI,L,21.7,0.0,0.0,0.0,2.0,6.0,2.0,5.0,30.0,0.0,0.0,1.0,3.0,20.7,1,13074,13074,13074,14479,12059,10158,9917,12984,10028,3734,11593,4541,8004,1,4972,4736,11252,1.0,21:39,2015,2016
2015-16,203933,T.J. Warren,T.J.,1610612756,PHX,Phoenix Suns,21500363,2015-12-14T00:00:00,PHX @ DAL,L,19.2,3.0,4.0,4.0,4.0,4.0,0.0,8.0,10.0,1.0,0.0,2.0,3.0,18.4,1,13074,13074,13074,16522,4307,1596,1913,8599,6141,1,17194,20209,2692,1,11390,4736,12854,1.0,19:13,2015,2016
2015-16,202711,Bojan Bogdanović,Bojan,1610612751,BKN,Brooklyn Nets,21500358,2015-12-14T00:00:00,BKN vs. ORL,L,33.9,2.0,0.0,7.0,4.0,11.0,6.0,5.0,34.0,0.0,0.0,2.0,1.0,8.5,1,13074,13074,13074,4442,6026,10158,454,8599,18886,13237,11593,2701,8004,1,11390,12373,20215,1.0,33:53,2015,2016
2015-16,2617,Udonis Haslem,Udonis,1610612748,MIA,Miami Heat,21500360,2015-12-14T00:00:00,MIA @ ATL,W,14.9,2.0,0.0,0.0,0.0,4.0,0.0,4.0,12.0,0.0,0.0,0.0,2.0,7.7,1,1,1,1,19864,6026,10158,9917,18861,6141,1,8806,18637,8004,1,1,7786,20733,1.0,14:51,2015,2016
2015-16,201945,Gerald Henderson,Gerald,1610612757,POR,Portland Trail Blazers,21500366,2015-12-14T00:00:00,POR vs. NOP,W,21.5,0.0,3.0,0.0,2.0,4.0,0.0,2.0,18.0,0.0,1.0,1.0,4.0,21.4,1,1,1,1,14601,12059,3104,9917,12984,6141,1,4025,13577,8004,17214,4972,2748,10807,1.0,21:29,2015,2016
2015-16,1626181,Norman Powell,Norman,1610612761,TOR,Toronto Raptors,21500357,2015-12-14T00:00:00,TOR @ IND,L,6.5,0.0,0.0,0.0,2.0,3.0,0.0,3.0,4.0,0.0,0.0,2.0,2.0,13.1,1,13074,13074,13074,23739,12059,10158,9917,12984,5109,1,7328,23698,8004,1,11390,7786,16874,1.0,6:31,2015,2016
2015-16,203382,Aron Baynes,Aron,1610612765,DET,Detroit Pistons,21500359,2015-12-14T00:00:00,DET vs. LAC,L,12.7,0.0,6.0,2.0,10.0,2.0,0.0,0.0,4.0,0.0,0.0,2.0,1.0,18.2,1,13074,13074,13074,21173,12059,481,4675,1840,2619,1,1,23698,8004,1,11390,12373,13004,1.0,12:40,2015,2016
2015-16,204060,Joe Ingles,Joe,1610612762,UTA,Utah Jazz,21500364,2015-12-14T00:00:00,UTA @ SAS,L,22.0,0.0,0.0,0.0,4.0,6.0,6.0,4.0,10.0,0.0,0.0,1.0,2.0,18.4,1,13074,13074,13074,14221,12059,10158,9917,8599,10028,13237,8806,20209,8004,1,4972,7786,12854,1.0,21:57,2015,2016
2015-16,201584,Courtney Lee,Courtney,1610612763,MEM,Memphis Grizzlies,21500362,2015-12-14T00:00:00,MEM vs. WAS,W,38.6,5.0,0.0,3.0,4.0,6.0,7.0,10.0,30.0,0.0,1.0,3.0,0.0,18.6,1,1,1,1,1213,1603,10158,3302,8599,10028,15642,20169,4541,8004,17214,17641,18762,12715,1.0,38:37,2015,2016
2015-16,203458,Alex Len,Alex,1610612756,PHX,Phoenix Suns,21500363,2015-12-14T00:00:00,PHX @ DAL,L,21.4,0.0,2.0,0.0,2.0,4.0,2.0,4.0,12.0,1.0,0.0,3.0,0.0,9.8,1,13074,13074,13074,14679,12059,4731,9917,12984,6141,3734,8806,18637,2692,1,17641,18762,19331,1.0,21:25,2015,2016
2015-16,201978,Chase Budinger,Chase,1610612754,IND,Indiana Pacers,21500357,2015-12-14T00:00:00,IND vs. TOR,W,18.2,0.0,0.0,2.0,2.0,7.0,8.0,0.0,10.0,0.0,1.0,0.0,2.0,9.8,1,1,1,1,17332,12059,10158,4675,12984,12242,17345,1,20209,8004,17214,1,7786,19331,1.0,18:13,2015,2016
2015-16,202407,Elijah Millsap,Elijah,1610612762,UTA,Utah Jazz,21500364,2015-12-14T00:00:00,UTA @ SAS,L,16.0,0.0,0.0,0.0,4.0,6.0,3.0,2.0,8.0,0.0,0.0,5.0,0.0,9.9,1,13074,13074,13074,19033,12059,10158,9917,8599,10028,7138,4025,21543,8004,1,24686,18762,19247,1.0,16:01,2015,2016
2015-16,2772,Trevor Ariza,Trevor,1610612745,HOU,Houston Rockets,21500365,2015-12-14T00:00:00,HOU @ DEN,L,42.1,9.0,0.0,3.0,2.0,11.0,19.0,17.0,48.0,0.0,1.0,2.0,1.0,35.0,1,13074,13074,13074,307,171,10158,3302,12984,18886,25786,24967,192,8004,17214,11390,12373,3813,1.0,42:04,2015,2016
2015-16,203503,Tony Snell,Tony,1610612741,CHI,Chicago Bulls,21500361,2015-12-14T00:00:00,CHI vs. PHI,W,36.6,10.0,0.0,7.0,8.0,11.0,13.0,3.0,20.0,0.0,1.0,2.0,5.0,34.7,1,1,1,1,2316,99,10158,454,3109,18886,23668,7328,11929,8004,17214,11390,1539,3935,1.0,36:38,2015,2016
2015-16,101114,Deron Williams,Deron,1610612742,DAL,Dallas Mavericks,21500363,2015-12-14T00:00:00,DAL vs. PHX,W,34.7,2.0,0.0,2.0,6.0,18.0,13.0,12.0,20.0,0.0,1.0,2.0,1.0,25.3,1,1,1,1,3760,6026,10158,4675,5299,24749,23668,22259,11929,8004,17214,11390,12373,8340,1.0,34:43,2015,2016
2015-16,203459,Allen Crabbe,Allen,1610612757,POR,Portland Trail Blazers,21500366,2015-12-14T00:00:00,POR vs. NOP,W,28.8,0.0,0.0,0.0,0.0,4.0,2.0,5.0,34.0,0.0,0.0,4.0,1.0,25.5,1,1,1,1,8572,12059,10158,9917,18861,6141,3734,11593,2701,8004,1,22104,12373,8230,1.0,28:46,2015,2016
2015-16,203924,Jerami Grant,Jerami,1610612755,PHI,Philadelphia 76ers,21500361,2015-12-14T00:00:00,PHI @ CHI,L,27.7,0.0,2.0,0.0,4.0,17.0,9.0,6.0,22.0,5.0,2.0,1.0,4.0,34.7,1,13074,13074,13074,9496,12059,4731,9917,8599,24337,19144,13388,10265,59,23588,4972,2748,3935,1.0,27:39,2015,2016
2015-16,2734,Devin Harris,Devin,1610612742,DAL,Dallas Mavericks,21500363,2015-12-14T00:00:00,DAL vs. PHX,W,23.2,2.0,0.0,2.0,6.0,7.0,6.0,17.0,14.0,0.0,1.0,3.0,2.0,34.2,1,1,1,1,13160,6026,10158,4675,5299,12242,13237,24967,17019,8004,17214,17641,7786,4092,1.0,23:14,2015,2016
2015-16,203187,Chris Johnson,Chris,1610612762,UTA,Utah Jazz,21500364,2015-12-14T00:00:00,UTA @ SAS,L,9.0,2.0,0.0,2.0,2.0,2.0,0.0,0.0,4.0,0.0,1.0,0.0,0.0,9.9,1,13074,13074,13074,22844,6026,10158,4675,12984,2619,1,1,23698,8004,17214,1,18762,19247,1.0,8:58,2015,2016
2015-16,203926,Doug McDermott,Doug,1610612741,CHI,Chicago Bulls,21500361,2015-12-14T00:00:00,CHI vs. PHI,W,23.6,0.0,2.0,2.0,4.0,7.0,2.0,5.0,24.0,0.0,3.0,1.0,0.0,25.6,1,1,1,1,12920,12059,4731,4675,8599,12242,3734,11593,8723,8004,25441,4972,18762,8157,1.0,23:34,2015,2016
2015-16,101162,Marcin Gortat,Marcin,1610612764,WAS,Washington Wizards,21500362,2015-12-14T00:00:00,WAS @ MEM,L,25.9,0.0,2.0,0.0,8.0,14.0,2.0,7.0,26.0,0.0,1.0,1.0,5.0,23.8,1,13074,13074,13074,10896,12059,4731,9917,3109,22292,3734,15538,7214,8004,17214,4972,1539,9261,1.0,25:56,2015,2016
2015-16,202694,Marcus Morris Sr.,Marcus,1610612765,DET,Detroit Pistons,21500359,2015-12-14T00:00:00,DET vs. LAC,L,41.8,2.0,0.0,2.0,4.0,9.0,9.0,9.0,30.0,0.0,1.0,3.0,3.0,18.8,1,13074,13074,13074,340,6026,10158,4675,8599,15771,19144,18829,4541,8004,17214,17641,4736,12588,1.0,41:48,2015,2016
2015-16,202330,Gordon Hayward,Gordon,1610612762,UTA,Utah Jazz,21500364,2015-12-14T00:00:00,UTA @ SAS,L,22.1,0.0,0.0,0.0,0.0,8.0,15.0,15.0,24.0,0.0,0.0,4.0,3.0,10.0,1,13074,13074,13074,14099,12059,10158,9917,18861,13914,24781,24242,8723,8004,1,22104,4736,19178,1.0,22:05,2015,2016
2015-16,201601,Luc Mbah a Moute,Luc,1610612746,LAC,LA Clippers,21500359,2015-12-14T00:00:00,LAC @ DET,W,18.5,2.0,0.0,2.0,2.0,4.0,6.0,0.0,16.0,0.0,0.0,0.0,0.0,9.8,1,1,1,1,17123,6026,10158,4675,12984,6141,13237,1,15259,8004,1,1,18762,19331,1.0,18:27,2015,2016
2015-16,201583,Ryan Anderson,Ryan,1610612740,NOP,New Orleans Pelicans,21500366,2015-12-14T00:00:00,NOP @ POR,L,31.0,0.0,0.0,0.0,6.0,7.0,5.0,4.0,20.0,0.0,0.0,1.0,3.0,23.8,1,13074,13074,13074,6692,12059,10158,9917,5299,12242,11469,8806,11929,8004,1,4972,4736,9261,1.0,31:02,2015,2016
2015-16,1626162,Kelly Oubre Jr.,Kelly,1610612764,WAS,Washington Wizards,21500362,2015-12-14T00:00:00,WAS @ MEM,L,17.3,0.0,0.0,0.0,2.0,2.0,6.0,6.0,18.0,0.0,2.0,2.0,1.0,19.3,1,13074,13074,13074,18032,12059,10158,9917,12984,2619,13237,13388,13577,8004,23588,11390,12373,12228,1.0,17:19,2015,2016
2015-16,201961,Wayne Ellington,Wayne,1610612751,BKN,Brooklyn Nets,21500358,2015-12-14T00:00:00,BKN vs. ORL,L,20.2,5.0,2.0,2.0,0.0,7.0,4.0,2.0,16.0,0.0,0.0,0.0,1.0,14.2,1,13074,13074,13074,15694,1603,4731,4675,18861,12242,8458,4025,15259,8004,1,1,12373,16003,1.0,20:14,2015,2016
2015-16,1495,Tim Duncan,Tim,1610612759,SAS,San Antonio Spurs,21500364,2015-12-14T00:00:00,SAS vs. UTA,W,18.0,2.0,2.0,0.0,4.0,0.0,0.0,0.0,8.0,0.0,0.0,2.0,1.0,10.5,1,1,1,1,17540,6026,4731,9917,8599,1,1,1,21543,8004,1,11390,12373,18808,1.0,17:58,2015,2016
2015-16,203490,Otto Porter Jr.,Otto,1610612764,WAS,Washington Wizards,21500362,2015-12-14T00:00:00,WAS @ MEM,L,26.9,0.0,0.0,0.0,2.0,14.0,2.0,5.0,20.0,0.0,1.0,1.0,0.0,14.6,1,13074,13074,13074,10097,12059,10158,9917,12984,22292,3734,11593,11929,8004,17214,4972,18762,15699,1.0,26:54,2015,2016
2015-16,201196,Ramon Sessions,Ramon,1610612764,WAS,Washington Wizards,21500362,2015-12-14T00:00:00,WAS @ MEM,L,25.7,5.0,2.0,6.0,8.0,4.0,4.0,8.0,32.0,0.0,0.0,0.0,4.0,19.7,1,13074,13074,13074,11121,1603,4731,740,3109,6141,8458,17194,3535,8004,1,1,2748,11962,1.0,25:41,2015,2016
2015-16,201952,Jeff Teague,Jeff,1610612737,ATL,Atlanta Hawks,21500360,2015-12-14T00:00:00,ATL vs. MIA,L,28.4,0.0,0.0,2.0,2.0,4.0,6.0,10.0,30.0,0.0,4.0,4.0,1.0,14.2,1,13074,13074,13074,8969,12059,10158,4675,12984,6141,13237,20169,4541,8004,25926,22104,12373,16003,1.0,28:21,2015,2016
2015-16,202703,Nikola Mirotic,Nikola,1610612741,CHI,Chicago Bulls,21500361,2015-12-14T00:00:00,CHI vs. PHI,W,18.7,3.0,3.0,0.0,2.0,7.0,5.0,5.0,24.0,1.0,0.0,3.0,0.0,19.4,1,1,1,1,16976,4307,3104,9917,12984,12242,11469,11593,8723,2692,1,17641,18762,12154,1.0,18:39,2015,2016
2015-16,203960,JaKarr Sampson,JaKarr,1610612755,PHI,Philadelphia 76ers,21500361,2015-12-14T00:00:00,PHI @ CHI,L,14.5,0.0,0.0,0.0,4.0,2.0,7.0,0.0,8.0,0.0,0.0,0.0,0.0,10.2,1,13074,13074,13074,20104,12059,10158,9917,8599,2619,15642,1,21543,8004,1,1,18762,19003,1.0,14:30,2015,2016
2015-16,202335,Patrick Patterson,Patrick,1610612761,TOR,Toronto Raptors,21500357,2015-12-14T00:00:00,TOR @ IND,L,22.8,3.0,0.0,0.0,0.0,16.0,11.0,4.0,28.0,0.0,0.0,1.0,0.0,15.0,1,13074,13074,13074,13537,4307,10158,9917,18861,23774,21814,8806,5824,8004,1,4972,18762,15404,1.0,22:47,2015,2016
2015-16,203123,Kostas Papanikolaou,Kostas,1610612743,DEN,Denver Nuggets,21500365,2015-12-14T00:00:00,DEN vs. HOU,W,13.8,0.0,2.0,0.0,2.0,12.0,0.0,9.0,10.0,1.0,0.0,3.0,1.0,10.2,1,1,1,1,20523,12059,4731,9917,12984,20178,1,18829,20209,2692,1,17641,12373,19003,1.0,13:48,2015,2016
2015-16,203504,Trey Burke,Trey,1610612762,UTA,Utah Jazz,21500364,2015-12-14T00:00:00,UTA @ SAS,L,23.5,2.0,0.0,0.0,0.0,14.0,5.0,14.0,18.0,0.0,0.0,1.0,0.0,14.6,1,13074,13074,13074,12963,6026,10158,9917,18861,22292,11469,23710,13577,8004,1,4972,18762,15699,1.0,23:31,2015,2016
2015-16,202331,Paul George,Paul,1610612754,IND,Indiana Pacers,21500357,2015-12-14T00:00:00,IND vs. TOR,W,23.8,9.0,0.0,0.0,2.0,13.0,2.0,3.0,8.0,0.0,1.0,5.0,3.0,23.1,1,1,1,1,12715,171,10158,9917,12984,21300,3734,7328,21543,8004,17214,24686,4736,9699,1.0,23:50,2015,2016
2015-16,201950,Jrue Holiday,Jrue,1610612740,NOP,New Orleans Pelicans,21500366,2015-12-14T00:00:00,NOP @ POR,L,28.7,0.0,0.0,0.0,6.0,5.0,1.0,0.0,14.0,1.0,1.0,3.0,1.0,35.0,1,13074,13074,13074,8667,12059,10158,9917,5299,8403,3393,1,17019,2692,17214,17641,12373,3813,1.0,28:41,2015,2016
2015-16,201599,DeAndre Jordan,DeAndre,1610612746,LAC,LA Clippers,21500359,2015-12-14T00:00:00,LAC @ DET,W,42.5,0.0,2.0,0.0,6.0,13.0,13.0,6.0,30.0,3.0,0.0,4.0,5.0,33.3,1,1,1,1,246,12059,4731,9917,5299,21300,23668,13388,4541,347,1,22104,1539,4423,1.0,42:31,2015,2016
2015-16,202700,Donatas Motiejunas,Donatas,1610612745,HOU,Houston Rockets,21500365,2015-12-14T00:00:00,HOU @ DEN,L,21.8,0.0,5.0,0.0,6.0,4.0,17.0,11.0,38.0,0.0,0.0,5.0,2.0,23.4,1,13074,13074,13074,14386,12059,995,9917,5299,6141,25429,21342,1422,8004,1,24686,7786,9501,1.0,21:46,2015,2016
2015-16,203901,Elfrid Payton,Elfrid,1610612753,ORL,Orlando Magic,21500358,2015-12-14T00:00:00,ORL @ BKN,W,29.8,2.0,4.0,3.0,8.0,8.0,4.0,10.0,24.0,0.0,0.0,1.0,4.0,34.5,1,1,1,1,7716,6026,1596,3302,3109,13914,8458,20169,8723,8004,1,4972,2748,3997,1.0,29:49,2015,2016
2015-16,201988,Patty Mills,Patty,1610612759,SAS,San Antonio Spurs,21500364,2015-12-14T00:00:00,SAS vs. UTA,W,14.9,0.0,5.0,0.0,2.0,6.0,2.0,4.0,12.0,0.0,0.0,1.0,2.0,19.6,1,1,1,1,19816,12059,995,9917,12984,10028,3734,8806,18637,8004,1,4972,7786,12024,1.0,14:55,2015,2016
2015-16,202083,Wesley Matthews,Wesley,1610612742,DAL,Dallas Mavericks,21500363,2015-12-14T00:00:00,DAL vs. PHX,W,32.0,0.0,0.0,0.0,0.0,8.0,15.0,19.0,20.0,0.0,0.0,3.0,3.0,19.5,1,1,1,1,5910,12059,10158,9917,18861,13914,24781,25435,11929,8004,1,17641,4736,12096,1.0,31:59,2015,2016
2015-16,2730,Dwight Howard,Dwight,1610612745,HOU,Houston Rockets,21500365,2015-12-14T00:00:00,HOU @ DEN,L,32.7,4.0,2.0,0.0,12.0,7.0,7.0,9.0,30.0,1.0,0.0,4.0,6.0,33.6,1,13074,13074,13074,5350,2460,4731,9917,988,12242,15642,18829,4541,2692,1,22104,873,4305,1.0,32:41,2015,2016
2015-16,203462,Archie Goodwin,Archie,1610612756,PHX,Phoenix Suns,21500363,2015-12-14T00:00:00,PHX @ DAL,L,10.8,0.0,0.0,2.0,6.0,2.0,0.0,4.0,4.0,0.0,0.0,1.0,3.0,14.3,1,13074,13074,13074,22122,12059,10158,4675,5299,2619,1,8806,23698,8004,1,4972,4736,15948,1.0,10:47,2015,2016
2015-16,202683,Enes Freedom,Enes,1610612760,OKC,Oklahoma City Thunder,21500356,2015-12-13T00:00:00,OKC vs. UTA,W,15.9,0.0,2.0,0.0,2.0,6.0,6.0,3.0,12.0,1.0,0.0,1.0,4.0,19.2,1,1,1,1,19151,12059,4731,9917,12984,10028,13237,7328,18637,2692,1,4972,2748,12284,1.0,15:51,2015,2016
2015-16,203458,Alex Len,Alex,1610612756,PHX,Phoenix Suns,21500353,2015-12-13T00:00:00,PHX vs. MIN,W,24.6,0.0,2.0,0.0,10.0,8.0,8.0,9.0,26.0,1.0,2.0,4.0,4.0,33.9,1,1,1,1,12017,12059,4731,9917,1840,13914,17345,18829,7214,2692,23588,22104,2748,4208,1.0,24:36,2015,2016
2015-16,2216,Zach Randolph,Zach,1610612763,MEM,Memphis Grizzlies,21500354,2015-12-13T00:00:00,MEM @ MIA,L,26.3,0.0,2.0,0.0,10.0,16.0,10.0,4.0,32.0,0.0,0.0,1.0,3.0,25.2,1,13074,13074,13074,10607,12059,4731,9917,1840,23774,20509,8806,3535,8004,1,4972,4736,8383,1.0,26:18,2015,2016
2015-16,204456,T.J. McConnell,T.J.,1610612755,PHI,Philadelphia 76ers,21500355,2015-12-13T00:00:00,PHI @ TOR,L,12.4,0.0,2.0,0.0,2.0,10.0,2.0,5.0,12.0,0.0,1.0,2.0,1.0,10.5,1,13074,13074,13074,21322,12059,4731,9917,12984,17370,3734,11593,18637,8004,17214,11390,12373,18808,1.0,12:25,2015,2016
2015-16,201584,Courtney Lee,Courtney,1610612763,MEM,Memphis Grizzlies,21500354,2015-12-13T00:00:00,MEM @ MIA,L,38.5,2.0,0.0,2.0,0.0,12.0,12.0,4.0,32.0,0.0,0.0,4.0,0.0,25.2,1,13074,13074,13074,1304,6026,10158,4675,18861,20178,22832,8806,3535,8004,1,22104,18762,8383,1.0,38:27,2015,2016
2015-16,1889,Andre Miller,Andre,1610612750,MIN,Minnesota Timberwolves,21500353,2015-12-13T00:00:00,MIN @ PHX,L,13.1,0.0,0.0,0.0,0.0,7.0,0.0,2.0,4.0,0.0,0.0,1.0,0.0,10.1,1,13074,13074,13074,20924,12059,10158,9917,18861,12242,1,4025,23698,8004,1,4972,18762,19105,1.0,13:05,2015,2016
2015-16,1626159,Justise Winslow,Justise,1610612748,MIA,Miami Heat,21500354,2015-12-13T00:00:00,MIA vs. MEM,W,25.7,2.0,0.0,0.0,0.0,7.0,8.0,4.0,32.0,1.0,0.0,1.0,2.0,22.9,1,1,1,1,11149,6026,10158,9917,18861,12242,17345,8806,3535,2692,1,4972,7786,9811,1.0,25:40,2015,2016
2015-16,2755,Kevin Martin,Kevin,1610612750,MIN,Minnesota Timberwolves,21500353,2015-12-13T00:00:00,MIN @ PHX,L,24.8,2.0,3.0,7.0,6.0,18.0,2.0,10.0,30.0,0.0,0.0,1.0,4.0,26.1,1,13074,13074,13074,11841,6026,3104,454,5299,24749,3734,20169,4541,8004,1,4972,2748,7836,1.0,24:47,2015,2016
2015-16,201937,Ricky Rubio,Ricky,1610612750,MIN,Minnesota Timberwolves,21500353,2015-12-13T00:00:00,MIN @ PHX,L,22.5,1.0,0.0,0.0,0.0,16.0,2.0,8.0,28.0,0.0,2.0,1.0,2.0,18.9,1,13074,13074,13074,13752,11535,10158,9917,18861,23774,3734,17194,5824,8004,23588,4972,7786,12513,1.0,22:31,2015,2016
2015-16,202692,Alec Burks,Alec,1610612762,UTA,Utah Jazz,21500356,2015-12-13T00:00:00,UTA @ OKC,L,37.0,2.0,3.0,0.0,6.0,18.0,2.0,25.0,26.0,0.0,5.0,2.0,4.0,33.5,1,13074,13074,13074,2056,6026,3104,9917,5299,24749,3734,25980,7214,8004,26042,11390,2748,4348,1.0,37:02,2015,2016
2015-16,203457,Nerlens Noel,Nerlens,1610612755,PHI,Philadelphia 76ers,21500355,2015-12-13T00:00:00,PHI @ TOR,L,18.2,0.0,2.0,0.0,2.0,11.0,2.0,0.0,12.0,1.0,0.0,3.0,2.0,15.0,1,13074,13074,13074,17370,12059,4731,9917,12984,18886,3734,1,18637,2692,1,17641,7786,15404,1.0,18:10,2015,2016
2015-16,203897,Zach LaVine,Zach,1610612750,MIN,Minnesota Timberwolves,21500353,2015-12-13T00:00:00,MIN @ PHX,L,25.5,2.0,3.0,4.0,14.0,27.0,4.0,6.0,18.0,0.0,2.0,4.0,6.0,34.4,1,13074,13074,13074,11262,6026,3104,1913,542,26014,8458,13388,13577,8004,23588,22104,873,4029,1.0,25:33,2015,2016
2015-16,202324,Derrick Favors,Derrick,1610612762,UTA,Utah Jazz,21500356,2015-12-13T00:00:00,UTA @ OKC,L,41.6,4.0,6.0,0.0,10.0,19.0,2.0,25.0,26.0,0.0,4.0,3.0,1.0,26.0,1,13074,13074,13074,376,2460,481,9917,1840,25074,3734,25980,7214,8004,25926,17641,12373,7910,1.0,41:33,2015,2016
2015-16,201949,James Johnson,James,1610612761,TOR,Toronto Raptors,21500355,2015-12-13T00:00:00,TOR vs. PHI,W,15.1,4.0,2.0,2.0,4.0,2.0,0.0,3.0,10.0,1.0,0.0,2.0,2.0,18.8,1,1,1,1,19691,2460,4731,4675,8599,2619,1,7328,20209,2692,1,11390,7786,12588,1.0,15:06,2015,2016
2015-16,1626158,Richaun Holmes,Richaun,1610612755,PHI,Philadelphia 76ers,21500355,2015-12-13T00:00:00,PHI @ TOR,L,5.8,0.0,0.0,0.0,2.0,8.0,2.0,2.0,8.0,0.0,0.0,1.0,0.0,2.0,1,13074,13074,13074,24049,12059,10158,9917,12984,13914,3734,4025,21543,8004,1,4972,18762,24216,1.0,5:49,2015,2016
2015-16,203924,Jerami Grant,Jerami,1610612755,PHI,Philadelphia 76ers,21500355,2015-12-13T00:00:00,PHI @ TOR,L,24.6,2.0,0.0,0.0,4.0,21.0,6.0,7.0,16.0,0.0,2.0,2.0,4.0,15.9,1,13074,13074,13074,12062,6026,10158,9917,8599,25535,13237,15538,15259,8004,23588,11390,2748,14675,1.0,24:34,2015,2016
2015-16,203138,Hollis Thompson,Hollis,1610612755,PHI,Philadelphia 76ers,21500355,2015-12-13T00:00:00,PHI @ TOR,L,15.3,0.0,2.0,0.0,2.0,13.0,2.0,6.0,12.0,1.0,1.0,0.0,0.0,5.6,1,13074,13074,13074,19571,12059,4731,9917,12984,21300,3734,13388,18637,2692,17214,1,18762,22133,1.0,15:17,2015,2016
2015-16,204060,Joe Ingles,Joe,1610612762,UTA,Utah Jazz,21500356,2015-12-13T00:00:00,UTA @ OKC,L,6.6,0.0,0.0,0.0,0.0,3.0,2.0,3.0,6.0,0.0,0.0,1.0,0.0,1.5,1,13074,13074,13074,23729,12059,10158,9917,18861,5109,3734,7328,22724,8004,1,4972,18762,24473,1.0,6:33,2015,2016
2015-16,203082,Terrence Ross,Terrence,1610612761,TOR,Toronto Raptors,21500355,2015-12-13T00:00:00,TOR vs. PHI,W,28.7,0.0,0.0,0.0,0.0,9.0,8.0,0.0,22.0,1.0,1.0,0.0,0.0,11.1,1,1,1,1,8624,12059,10158,9917,18861,15771,17345,1,10265,2692,17214,1,18762,18370,1.0,28:43,2015,2016
2015-16,1626164,Devin Booker,Devin,1610612756,PHX,Phoenix Suns,21500353,2015-12-13T00:00:00,PHX vs. MIN,W,14.4,2.0,0.0,0.0,0.0,0.0,4.0,4.0,14.0,0.0,0.0,3.0,3.0,5.7,1,1,1,1,20172,6026,10158,9917,18861,1,8458,8806,17019,8004,1,17641,4736,22054,1.0,14:24,2015,2016
2015-16,202335,Patrick Patterson,Patrick,1610612761,TOR,Toronto Raptors,21500355,2015-12-13T00:00:00,TOR vs. PHI,W,25.9,0.0,0.0,2.0,0.0,4.0,5.0,0.0,18.0,1.0,0.0,1.0,0.0,10.7,1,1,1,1,10967,12059,10158,4675,18861,6141,11469,1,13577,2692,1,4972,18762,18636,1.0,25:51,2015,2016
2015-16,203460,Andre Roberson,Andre,1610612760,OKC,Oklahoma City Thunder,21500356,2015-12-13T00:00:00,OKC vs. UTA,W,15.5,2.0,0.0,2.0,2.0,6.0,0.0,4.0,10.0,0.0,1.0,4.0,1.0,11.2,1,1,1,1,19433,6026,10158,4675,12984,10028,1,8806,20209,8004,17214,22104,12373,18267,1.0,15:28,2015,2016
2015-16,2419,Tayshaun Prince,Tayshaun,1610612750,MIN,Minnesota Timberwolves,21500353,2015-12-13T00:00:00,MIN @ PHX,L,8.4,0.0,0.0,0.0,0.0,14.0,2.0,0.0,4.0,0.0,0.0,0.0,0.0,1.2,1,13074,13074,13074,23064,12059,10158,9917,18861,22292,3734,1,23698,8004,1,1,18762,24661,1.0,8:23,2015,2016
2015-16,1626143,Jahlil Okafor,Jahlil,1610612755,PHI,Philadelphia 76ers,21500355,2015-12-13T00:00:00,PHI @ TOR,L,35.4,4.0,4.0,0.0,16.0,12.0,2.0,12.0,24.0,1.0,4.0,2.0,4.0,43.3,1,13074,13074,13074,3264,2460,1596,9917,275,20178,3734,22259,8723,2692,25926,11390,2748,1678,1.0,35:21,2015,2016
2015-16,201144,Mike Conley,Mike,1610612763,MEM,Memphis Grizzlies,21500354,2015-12-13T00:00:00,MEM @ MIA,L,26.0,2.0,0.0,5.0,6.0,6.0,6.0,2.0,22.0,1.0,1.0,4.0,0.0,29.2,1,13074,13074,13074,10840,6026,10158,1277,5299,10028,13237,4025,10265,2692,17214,22104,18762,6243,1.0,26:00,2015,2016
2015-16,201566,Russell Westbrook,Russell,1610612760,OKC,Oklahoma City Thunder,21500356,2015-12-13T00:00:00,OKC vs. UTA,W,40.4,6.0,0.0,15.0,10.0,14.0,11.0,6.0,30.0,2.0,1.0,2.0,7.0,56.7,1,1,1,1,634,878,10158,9,1840,22292,21814,13388,4541,932,17214,11390,469,327,1.0,40:22,2015,2016
2015-16,201188,Marc Gasol,Marc,1610612763,MEM,Memphis Grizzlies,21500354,2015-12-13T00:00:00,MEM @ MIA,L,36.9,2.0,0.0,0.0,2.0,8.0,12.0,4.0,32.0,0.0,0.0,1.0,3.0,24.4,1,13074,13074,13074,2176,6026,10158,9917,12984,13914,22832,8806,3535,8004,1,4972,4736,8867,1.0,36:52,2015,2016
2015-16,202339,Eric Bledsoe,Eric,1610612756,PHX,Phoenix Suns,21500353,2015-12-13T00:00:00,PHX vs. MIN,W,35.9,9.0,0.0,2.0,8.0,10.0,10.0,11.0,38.0,4.0,0.0,0.0,8.0,60.5,1,1,1,1,2816,171,10158,4675,3109,17370,20509,21342,1422,132,1,1,254,195,1.0,35:56,2015,2016
2015-16,201142,Kevin Durant,Kevin,1610612760,OKC,Oklahoma City Thunder,21500356,2015-12-13T00:00:00,OKC vs. UTA,W,42.6,4.0,2.0,6.0,6.0,10.0,13.0,7.0,30.0,1.0,0.0,3.0,6.0,48.0,1,1,1,1,239,2460,4731,740,5299,17370,23668,15538,4541,2692,1,17641,873,960,1.0,42:37,2015,2016
2015-16,201586,Serge Ibaka,Serge,1610612760,OKC,Oklahoma City Thunder,21500356,2015-12-13T00:00:00,OKC vs. UTA,W,40.0,0.0,0.0,0.0,0.0,14.0,11.0,6.0,30.0,6.0,0.0,1.0,1.0,36.9,1,1,1,1,731,12059,10158,9917,18861,22292,21814,13388,4541,19,1,4972,12373,3210,1.0,40:00,2015,2016
2015-16,202688,Brandon Knight,Brandon,1610612756,PHX,Phoenix Suns,21500353,2015-12-13T00:00:00,PHX vs. MIN,W,34.7,8.0,0.0,2.0,4.0,10.0,9.0,13.0,36.0,2.0,1.0,3.0,2.0,50.6,1,1,1,1,3826,308,10158,4675,8599,17370,19144,23048,1943,932,17214,17641,7786,691,1.0,34:39,2015,2016
2015-16,200768,Kyle Lowry,Kyle,1610612761,TOR,Toronto Raptors,21500355,2015-12-13T00:00:00,TOR vs. PHI,W,35.0,6.0,0.0,1.0,2.0,9.0,11.0,3.0,22.0,3.0,1.0,1.0,4.0,36.5,1,1,1,1,3549,878,10158,9347,12984,15771,21814,7328,10265,347,17214,4972,2748,3326,1.0,34:59,2015,2016
2015-16,203960,JaKarr Sampson,JaKarr,1610612755,PHI,Philadelphia 76ers,21500355,2015-12-13T00:00:00,PHI @ TOR,L,5.8,0.0,0.0,0.0,0.0,8.0,0.0,4.0,6.0,0.0,1.0,1.0,0.0,-1.0,1,13074,13074,13074,24066,12059,10158,9917,18861,13914,1,8806,22724,8004,17214,4972,18762,25932,1.0,5:46,2015,2016
2015-16,201627,Anthony Morrow,Anthony,1610612760,OKC,Oklahoma City Thunder,21500356,2015-12-13T00:00:00,OKC vs. UTA,W,13.4,2.0,0.0,2.0,0.0,6.0,2.0,2.0,8.0,1.0,0.0,0.0,1.0,13.4,1,1,1,1,20769,6026,10158,4675,18861,10028,3734,4025,21543,2692,1,1,12373,16614,1.0,13:21,2015,2016
2015-16,1626181,Norman Powell,Norman,1610612761,TOR,Toronto Raptors,21500355,2015-12-13T00:00:00,TOR vs. PHI,W,1.5,2.0,0.0,2.0,2.0,0.0,0.0,0.0,0.0,0.0,0.0,0.0,0.0,9.5,1,1,1,1,25694,6026,10158,4675,12984,1,1,1,25429,8004,1,1,18762,19519,1.0,1:30,2015,2016
2015-16,2617,Udonis Haslem,Udonis,1610612748,MIA,Miami Heat,21500354,2015-12-13T00:00:00,MIA vs. MEM,W,6.9,0.0,0.0,0.0,2.0,2.0,2.0,2.0,10.0,0.0,0.0,2.0,0.0,3.5,1,1,1,1,23613,12059,10158,9917,12984,2619,3734,4025,20209,8004,1,11390,18762,23351,1.0,6:51,2015,2016
2015-16,203141,Mirza Teletovic,Mirza,1610612756,PHX,Phoenix Suns,21500353,2015-12-13T00:00:00,PHX vs. MIN,W,20.2,6.0,2.0,2.0,8.0,0.0,6.0,4.0,20.0,0.0,0.0,1.0,1.0,9.4,1,1,1,1,15725,878,4731,4675,3109,1,13237,8806,11929,8004,1,4972,12373,19568,1.0,20:13,2015,2016
2015-16,203940,Adreian Payne,Adreian,1610612750,MIN,Minnesota Timberwolves,21500353,2015-12-13T00:00:00,MIN @ PHX,L,0.7,0.0,0.0,0.0,0.0,0.0,0.0,0.0,0.0,0.0,0.0,0.0,0.0,0.0,1,13074,13074,13074,25930,12059,10158,9917,18861,1,1,1,25429,8004,1,1,18762,25170,1.0,0:43,2015,2016
2015-16,203481,Jeff Withey,Jeff,1610612762,UTA,Utah Jazz,21500356,2015-12-13T00:00:00,UTA @ OKC,L,10.4,0.0,0.0,0.0,0.0,2.0,2.0,0.0,2.0,0.0,0.0,3.0,0.0,6.8,1,13074,13074,13074,22272,12059,10158,9917,18861,2619,3734,1,24614,8004,1,17641,18762,21328,1.0,10:25,2015,2016
2015-16,204014,Damjan Rudez,Damjan,1610612750,MIN,Minnesota Timberwolves,21500353,2015-12-13T00:00:00,MIN @ PHX,L,21.9,3.0,0.0,0.0,2.0,21.0,2.0,6.0,18.0,0.0,0.0,2.0,0.0,9.5,1,13074,13074,13074,14293,4307,10158,9917,12984,25535,3734,13388,13577,8004,1,11390,18762,19519,1.0,21:51,2015,2016
2015-16,201571,D.J. Augustin,D.J.,1610612760,OKC,Oklahoma City Thunder,21500356,2015-12-13T00:00:00,OKC vs. UTA,W,12.6,0.0,0.0,0.0,0.0,2.0,4.0,3.0,8.0,0.0,0.0,1.0,0.0,0.0,1,1,1,1,21190,12059,10158,9917,18861,2619,8458,7328,21543,8004,1,4972,18762,25170,1.0,12:38,2015,2016
2015-16,1626168,Trey Lyles,Trey,1610612762,UTA,Utah Jazz,21500356,2015-12-13T00:00:00,UTA @ OKC,L,20.5,0.0,0.0,0.0,0.0,11.0,0.0,14.0,14.0,1.0,0.0,4.0,0.0,11.9,1,13074,13074,13074,15511,12059,10158,9917,18861,18886,1,23710,17019,2692,1,22104,18762,17760,1.0,20:28,2015,2016
2015-16,708,Kevin Garnett,Kevin,1610612750,MIN,Minnesota Timberwolves,21500353,2015-12-13T00:00:00,MIN @ PHX,L,11.4,0.0,0.0,0.0,0.0,2.0,2.0,2.0,12.0,0.0,0.0,1.0,1.0,11.6,1,13074,13074,13074,21862,12059,10158,9917,18861,2619,3734,4025,18637,8004,1,4972,12373,17970,1.0,11:25,2015,2016
2015-16,1626157,Karl-Anthony Towns,Karl-Anthony,1610612750,MIN,Minnesota Timberwolves,21500353,2015-12-13T00:00:00,MIN @ PHX,L,18.4,0.0,2.0,0.0,8.0,18.0,2.0,8.0,24.0,1.0,0.0,3.0,2.0,20.2,1,13074,13074,13074,17177,12059,4731,9917,3109,24749,3734,17194,8723,2692,1,17641,7786,11610,1.0,18:24,2015,2016
2015-16,202330,Gordon Hayward,Gordon,1610612762,UTA,Utah Jazz,21500356,2015-12-13T00:00:00,UTA @ OKC,L,41.2,4.0,2.0,4.0,8.0,18.0,2.0,22.0,24.0,1.0,2.0,3.0,6.0,30.3,1,13074,13074,13074,445,2460,4731,1913,3109,24749,3734,25811,8723,2692,23588,17641,873,5702,1.0,41:12,2015,2016
2015-16,202355,Hassan Whiteside,Hassan,1610612748,MIA,Miami Heat,21500354,2015-12-13T00:00:00,MIA vs. MEM,W,28.0,0.0,5.0,0.0,6.0,11.0,4.0,12.0,26.0,0.0,1.0,3.0,3.0,27.2,1,1,1,1,9228,12059,995,9917,5299,18886,8458,22259,7214,8004,17214,17641,4736,7289,1.0,28:00,2015,2016
2015-16,202720,Jon Leuer,Jon,1610612756,PHX,Phoenix Suns,21500353,2015-12-13T00:00:00,PHX vs. MIN,W,27.8,8.0,0.0,6.0,8.0,10.0,8.0,11.0,28.0,0.0,0.0,3.0,2.0,26.6,1,1,1,1,9394,308,10158,740,3109,17370,17345,21342,5824,8004,1,17641,7786,7566,1.0,27:47,2015,2016
2015-16,2548,Dwyane Wade,Dwyane,1610612748,MIA,Miami Heat,21500354,2015-12-13T00:00:00,MIA vs. MEM,W,30.2,2.0,2.0,2.0,10.0,11.0,4.0,12.0,28.0,0.0,0.0,3.0,0.0,19.8,1,1,1,1,7336,6026,4731,4675,1840,18886,8458,22259,5824,8004,1,17641,18762,11883,1.0,30:13,2015,2016
2015-16,2440,Matt Barnes,Matt,1610612763,MEM,Memphis Grizzlies,21500354,2015-12-13T00:00:00,MEM @ MIA,L,36.7,2.0,2.0,2.0,4.0,14.0,10.0,6.0,42.0,1.0,0.0,3.0,1.0,40.6,1,13074,13074,13074,2300,6026,4731,4675,8599,22292,20509,13388,670,2692,1,17641,12373,2230,1.0,36:40,2015,2016
2015-16,101123,Gerald Green,Gerald,1610612748,MIA,Miami Heat,21500354,2015-12-13T00:00:00,MIA vs. MEM,W,33.3,0.0,0.0,0.0,6.0,5.0,6.0,5.0,40.0,0.0,0.0,0.0,3.0,20.2,1,1,1,1,4914,12059,10158,9917,5299,8403,13237,11593,983,8004,1,1,4736,11610,1.0,33:16,2015,2016
2015-16,203088,Kendall Marshall,Kendall,1610612755,PHI,Philadelphia 76ers,21500355,2015-12-13T00:00:00,PHI @ TOR,L,20.1,0.0,0.0,0.0,0.0,9.0,2.0,6.0,14.0,0.0,0.0,0.0,0.0,13.1,1,13074,13074,13074,15816,12059,10158,9917,18861,15771,3734,13388,17019,8004,1,1,18762,16874,1.0,20:07,2015,2016
2015-16,203461,Anthony Bennett,Anthony,1610612761,TOR,Toronto Raptors,21500355,2015-12-13T00:00:00,TOR vs. PHI,W,1.5,3.0,0.0,0.0,0.0,0.0,0.0,0.0,0.0,0.0,0.0,1.0,0.0,3.0,1,1,1,1,25694,4307,10158,9917,18861,1,1,1,25429,8004,1,4972,18762,23648,1.0,1:30,2015,2016
2015-16,203210,JaMychal Green,JaMychal,1610612763,MEM,Memphis Grizzlies,21500354,2015-12-13T00:00:00,MEM @ MIA,L,9.1,0.0,2.0,0.0,4.0,6.0,2.0,2.0,14.0,0.0,0.0,1.0,0.0,7.6,1,13074,13074,13074,22819,12059,4731,9917,8599,10028,3734,4025,17019,8004,1,4972,18762,20803,1.0,9:03,2015,2016
2015-16,203476,Gorgui Dieng,Gorgui,1610612750,MIN,Minnesota Timberwolves,21500353,2015-12-13T00:00:00,MIN @ PHX,L,28.8,0.0,3.0,0.0,8.0,25.0,4.0,6.0,22.0,2.0,1.0,5.0,2.0,18.5,1,13074,13074,13074,8521,12059,3104,9917,3109,25944,8458,13388,10265,932,17214,24686,7786,12794,1.0,28:49,2015,2016
2015-16,101179,Ronnie Price,Ronnie,1610612756,PHX,Phoenix Suns,21500353,2015-12-13T00:00:00,PHX vs. MIN,W,10.8,5.0,0.0,2.0,2.0,0.0,5.0,2.0,8.0,0.0,0.0,3.0,0.0,16.7,1,1,1,1,22108,1603,10158,4675,12984,1,11469,4025,21543,8004,1,17641,18762,14064,1.0,10:49,2015,2016
2015-16,203498,Shabazz Muhammad,Shabazz,1610612750,MIN,Minnesota Timberwolves,21500353,2015-12-13T00:00:00,MIN @ PHX,L,22.3,0.0,0.0,2.0,4.0,23.0,4.0,4.0,16.0,0.0,0.0,3.0,3.0,16.0,1,13074,13074,13074,13920,12059,10158,4675,8599,25803,8458,8806,15259,8004,1,17641,4736,14590,1.0,22:18,2015,2016
2015-16,202407,Elijah Millsap,Elijah,1610612762,UTA,Utah Jazz,21500356,2015-12-13T00:00:00,UTA @ OKC,L,22.8,2.0,0.0,2.0,2.0,11.0,0.0,9.0,8.0,0.0,1.0,2.0,1.0,16.0,1,13074,13074,13074,13570,6026,10158,4675,12984,18886,1,18829,21543,8004,17214,11390,12373,14590,1.0,22:45,2015,2016
2015-16,201609,Goran Dragic,Goran,1610612748,MIA,Miami Heat,21500354,2015-12-13T00:00:00,MIA vs. MEM,W,34.9,4.0,0.0,0.0,6.0,8.0,4.0,12.0,22.0,0.0,1.0,2.0,4.0,21.6,1,1,1,1,3623,2460,10158,9917,5299,13914,8458,22259,10265,8004,17214,11390,2748,10666,1.0,34:53,2015,2016
2015-16,2555,Nick Collison,Nick,1610612760,OKC,Oklahoma City Thunder,21500356,2015-12-13T00:00:00,OKC vs. UTA,W,13.0,2.0,0.0,0.0,0.0,2.0,4.0,3.0,8.0,0.0,0.0,2.0,2.0,2.0,1,1,1,1,20974,6026,10158,9917,18861,2619,8458,7328,21543,8004,1,11390,7786,24216,1.0,13:00,2015,2016
2015-16,201596,Mario Chalmers,Mario,1610612763,MEM,Memphis Grizzlies,21500354,2015-12-13T00:00:00,MEM @ MIA,L,22.0,3.0,0.0,0.0,8.0,12.0,8.0,4.0,26.0,0.0,0.0,4.0,4.0,13.0,1,13074,13074,13074,14164,4307,10158,9917,3109,20178,17345,8806,7214,8004,1,22104,2748,16969,1.0,22:00,2015,2016
2015-16,203079,Dion Waiters,Dion,1610612760,OKC,Oklahoma City Thunder,21500356,2015-12-13T00:00:00,OKC vs. UTA,W,39.3,0.0,0.0,0.0,4.0,10.0,15.0,7.0,32.0,0.0,0.0,1.0,1.0,21.6,1,1,1,1,956,12059,10158,9917,8599,17370,24781,15538,3535,8004,1,4972,12373,10666,1.0,39:17,2015,2016
2015-16,202357,Nemanja Bjelica,Nemanja,1610612750,MIN,Minnesota Timberwolves,21500353,2015-12-13T00:00:00,MIN @ PHX,L,14.7,0.0,0.0,0.0,0.0,20.0,2.0,6.0,16.0,1.0,2.0,3.0,1.0,8.2,1,13074,13074,13074,19938,12059,10158,9917,18861,25338,3734,13388,15259,2692,23588,17641,12373,20416,1.0,14:44,2015,2016
2015-16,203933,T.J. Warren,T.J.,1610612756,PHX,Phoenix Suns,21500353,2015-12-13T00:00:00,PHX vs. MIN,W,14.4,5.0,2.0,0.0,4.0,0.0,6.0,4.0,18.0,0.0,1.0,2.0,1.0,16.0,1,1,1,1,20147,1603,4731,9917,8599,1,13237,8806,13577,8004,17214,11390,12373,14590,1.0,14:26,2015,2016
2015-16,203917,Nik Stauskas,Nik,1610612755,PHI,Philadelphia 76ers,21500355,2015-12-13T00:00:00,PHI @ TOR,L,34.6,0.0,1.0,0.0,2.0,23.0,4.0,14.0,26.0,3.0,0.0,2.0,1.0,22.5,1,13074,13074,13074,3855,12059,9709,9917,12984,25803,8458,23710,7214,347,1,11390,12373,10082,1.0,34:37,2015,2016
2015-16,2736,Luol Deng,Luol,1610612748,MIA,Miami Heat,21500354,2015-12-13T00:00:00,MIA vs. MEM,W,35.9,0.0,2.0,0.0,8.0,8.0,6.0,12.0,28.0,0.0,1.0,2.0,2.0,27.9,1,1,1,1,2806,12059,4731,9917,3109,13914,13237,22259,5824,8004,17214,11390,7786,6914,1.0,35:56,2015,2016
2015-16,201145,Jeff Green,Jeff,1610612763,MEM,Memphis Grizzlies,21500354,2015-12-13T00:00:00,MEM @ MIA,L,44.7,2.0,2.0,5.0,12.0,16.0,10.0,4.0,40.0,1.0,0.0,3.0,4.0,31.9,1,13074,13074,13074,95,6026,4731,1277,988,23774,20509,8806,983,2692,1,17641,2748,4984,1.0,44:40,2015,2016
2015-16,202709,Cory Joseph,Cory,1610612761,TOR,Toronto Raptors,21500355,2015-12-13T00:00:00,TOR vs. PHI,W,30.0,1.0,0.0,1.0,4.0,2.0,7.0,0.0,18.0,1.0,3.0,0.0,2.0,21.8,1,1,1,1,7571,11535,10158,9347,8599,2619,15642,1,13577,2692,25441,1,7786,10526,1.0,29:58,2015,2016
2015-16,200782,P.J. Tucker,P.J.,1610612756,PHX,Phoenix Suns,21500353,2015-12-13T00:00:00,PHX vs. MIN,W,33.8,0.0,0.0,0.0,0.0,10.0,8.0,11.0,30.0,0.0,0.0,5.0,3.0,17.4,1,1,1,1,4481,12059,10158,9917,18861,17370,17345,21342,4541,8004,1,24686,4736,13595,1.0,33:50,2015,2016
2015-16,2757,Beno Udrih,Beno,1610612748,MIA,Miami Heat,21500354,2015-12-13T00:00:00,MIA vs. MEM,W,10.5,2.0,0.0,0.0,4.0,5.0,2.0,2.0,20.0,0.0,0.0,2.0,2.0,14.1,1,1,1,1,22221,6026,10158,9917,8599,8403,3734,4025,11929,8004,1,11390,7786,16094,1.0,10:31,2015,2016
2015-16,2547,Chris Bosh,Chris,1610612748,MIA,Miami Heat,21500354,2015-12-13T00:00:00,MIA vs. MEM,W,34.7,8.0,5.0,4.0,6.0,8.0,4.0,9.0,24.0,0.0,0.0,0.0,5.0,31.8,1,1,1,1,3808,308,995,1913,5299,13914,8458,18829,8723,8004,1,1,1539,5041,1.0,34:40,2015,2016
2015-16,203477,Isaiah Canaan,Isaiah,1610612755,PHI,Philadelphia 76ers,21500355,2015-12-13T00:00:00,PHI @ TOR,L,36.0,3.0,0.0,3.0,0.0,16.0,4.0,5.0,20.0,0.0,0.0,2.0,2.0,13.7,1,13074,13074,13074,2735,4307,10158,3302,18861,23774,8458,11593,11929,8004,1,11390,7786,16393,1.0,36:02,2015,2016
2015-16,203496,Robert Covington,Robert,1610612755,PHI,Philadelphia 76ers,21500355,2015-12-13T00:00:00,PHI @ TOR,L,31.9,0.0,0.0,0.0,0.0,9.0,4.0,9.0,20.0,3.0,0.0,5.0,1.0,32.8,1,13074,13074,13074,6013,12059,10158,9917,18861,15771,8458,18829,11929,347,1,24686,12373,4609,1.0,31:52,2015,2016
2015-16,202344,Trevor Booker,Trevor,1610612762,UTA,Utah Jazz,21500356,2015-12-13T00:00:00,UTA @ OKC,L,30.0,2.0,0.0,0.0,2.0,8.0,4.0,7.0,18.0,0.0,0.0,4.0,1.0,13.5,1,13074,13074,13074,7507,6026,10158,9917,12984,13914,8458,15538,13577,8004,1,22104,12373,16552,1.0,30:02,2015,2016
2015-16,201942,DeMar DeRozan,DeMar,1610612761,TOR,Toronto Raptors,21500355,2015-12-13T00:00:00,TOR vs. PHI,W,33.7,8.0,0.0,2.0,6.0,5.0,7.0,3.0,18.0,0.0,3.0,0.0,7.0,39.6,1,1,1,1,4569,308,10158,4675,5299,8403,15642,7328,13577,8004,25441,1,469,2474,1.0,33:44,2015,2016
2015-16,203512,Lucas Nogueira,Lucas,1610612761,TOR,Toronto Raptors,21500355,2015-12-13T00:00:00,TOR vs. PHI,W,14.9,0.0,0.0,0.0,2.0,4.0,4.0,0.0,12.0,1.0,1.0,4.0,1.0,13.4,1,1,1,1,19816,12059,10158,9917,12984,6141,8458,1,18637,2692,17214,22104,12373,16614,1.0,14:55,2015,2016
2015-16,203504,Trey Burke,Trey,1610612762,UTA,Utah Jazz,21500356,2015-12-13T00:00:00,UTA @ OKC,L,17.4,0.0,2.0,0.0,4.0,3.0,2.0,3.0,6.0,0.0,1.0,1.0,2.0,17.2,1,13074,13074,13074,17960,12059,4731,9917,8599,5109,3734,7328,22724,8004,17214,4972,7786,13725,1.0,17:24,2015,2016
2015-16,2449,Luis Scola,Luis,1610612761,TOR,Toronto Raptors,21500355,2015-12-13T00:00:00,TOR vs. PHI,W,27.2,4.0,2.0,4.0,12.0,5.0,6.0,3.0,16.0,0.0,0.0,3.0,2.0,32.0,1,1,1,1,9883,2460,4731,1913,988,8403,13237,7328,15259,8004,1,17641,7786,4945,1.0,27:09,2015,2016
2015-16,203500,Steven Adams,Steven,1610612760,OKC,Oklahoma City Thunder,21500356,2015-12-13T00:00:00,OKC vs. UTA,W,32.4,5.0,0.0,0.0,6.0,10.0,9.0,4.0,22.0,2.0,0.0,3.0,1.0,22.4,1,1,1,1,5552,1603,10158,9917,5299,17370,19144,8806,10265,932,1,17641,12373,10131,1.0,32:26,2015,2016
2015-16,202687,Bismack Biyombo,Bismack,1610612761,TOR,Toronto Raptors,21500355,2015-12-13T00:00:00,TOR vs. PHI,W,26.6,0.0,2.0,0.0,2.0,5.0,7.0,3.0,14.0,1.0,0.0,3.0,2.0,21.8,1,1,1,1,10379,12059,4731,9917,12984,8403,15642,7328,17019,2692,1,17641,7786,10526,1.0,26:35,2015,2016
2015-16,203952,Andrew Wiggins,Andrew,1610612750,MIN,Minnesota Timberwolves,21500353,2015-12-13T00:00:00,MIN @ PHX,L,27.5,2.0,3.0,2.0,6.0,24.0,4.0,12.0,38.0,0.0,1.0,2.0,5.0,13.9,1,13074,13074,13074,9646,6026,3104,4675,5299,25890,8458,22259,1422,8004,17214,11390,1539,16232,1.0,27:27,2015,2016
2015-16,203918,Rodney Hood,Rodney,1610612762,UTA,Utah Jazz,21500356,2015-12-13T00:00:00,UTA @ OKC,L,37.6,2.0,2.0,3.0,6.0,12.0,4.0,17.0,20.0,0.0,0.0,1.0,3.0,28.1,1,13074,13074,13074,1701,6026,4731,3302,5299,20178,8458,24967,11929,8004,1,4972,4736,6818,1.0,37:36,2015,2016
2015-16,2199,Tyson Chandler,Tyson,1610612756,PHX,Phoenix Suns,21500353,2015-12-13T00:00:00,PHX vs. MIN,W,23.3,0.0,0.0,0.0,2.0,2.0,6.0,6.0,22.0,1.0,0.0,2.0,2.0,16.8,1,1,1,1,13090,12059,10158,9917,12984,2619,13237,13388,10265,2692,1,11390,7786,13996,1.0,23:20,2015,2016
2015-16,202711,Bojan Bogdanović,Bojan,1610612751,BKN,Brooklyn Nets,21500344,2015-12-12T00:00:00,BKN vs. LAC,L,38.7,9.0,0.0,2.0,2.0,18.0,10.0,8.0,44.0,1.0,0.0,3.0,4.0,28.7,1,13074,13074,13074,1177,171,10158,4675,12984,24749,20509,17194,454,2692,1,17641,2748,6514,1.0,38:43,2015,2016
2015-16,203382,Aron Baynes,Aron,1610612765,DET,Detroit Pistons,21500346,2015-12-12T00:00:00,DET vs. IND,W,16.3,0.0,0.0,3.0,2.0,7.0,2.0,7.0,12.0,1.0,0.0,2.0,3.0,16.9,1,1,1,1,18785,12059,10158,3302,12984,12242,3734,15538,18637,2692,1,11390,4736,13911,1.0,16:20,2015,2016
2015-16,202689,Kemba Walker,Kemba,1610612766,CHA,Charlotte Hornets,21500345,2015-12-12T00:00:00,CHA vs. BOS,L,33.8,0.0,0.0,0.0,2.0,5.0,11.0,6.0,28.0,0.0,1.0,2.0,3.0,28.2,1,13074,13074,13074,4495,12059,10158,9917,12984,8403,21814,13388,5824,8004,17214,11390,4736,6778,1.0,33:49,2015,2016
2015-16,101145,Monta Ellis,Monta,1610612754,IND,Indiana Pacers,21500346,2015-12-12T00:00:00,IND @ DET,L,24.4,0.0,0.0,0.0,4.0,17.0,6.0,18.0,22.0,1.0,1.0,3.0,3.0,22.7,1,13074,13074,13074,12241,12059,10158,9917,8599,24337,13237,25228,10265,2692,17214,17641,4736,9938,1.0,24:22,2015,2016
2015-16,202329,Al-Farouq Aminu,Al-Farouq,1610612757,POR,Portland Trail Blazers,21500352,2015-12-12T00:00:00,POR vs. NYK,L,32.1,4.0,4.0,2.0,6.0,6.0,8.0,3.0,24.0,0.0,2.0,0.0,1.0,17.5,1,13074,13074,13074,5781,2460,1596,4675,5299,10028,17345,7328,8723,8004,23588,1,12373,13528,1.0,32:08,2015,2016
2015-16,203486,Mason Plumlee,Mason,1610612757,POR,Portland Trail Blazers,21500352,2015-12-12T00:00:00,POR vs. NYK,L,27.5,0.0,2.0,0.0,6.0,2.0,6.0,3.0,14.0,0.0,0.0,6.0,2.0,16.9,1,13074,13074,13074,9575,12059,4731,9917,5299,2619,13237,7328,17019,8004,1,25827,7786,13911,1.0,27:33,2015,2016
2015-16,202087,Alonzo Gee,Alonzo,1610612740,NOP,New Orleans Pelicans,21500348,2015-12-12T00:00:00,NOP @ CHI,L,37.4,2.0,0.0,4.0,6.0,5.0,9.0,4.0,34.0,0.0,0.0,5.0,0.0,32.0,1,13074,13074,13074,1795,6026,10158,1913,5299,8403,19144,8806,2701,8004,1,24686,18762,4945,1.0,37:26,2015,2016
2015-16,200745,Andrea Bargnani,Andrea,1610612751,BKN,Brooklyn Nets,21500344,2015-12-12T00:00:00,BKN vs. LAC,L,13.8,2.0,0.0,0.0,2.0,0.0,4.0,0.0,10.0,0.0,0.0,4.0,4.0,17.5,1,13074,13074,13074,20560,6026,10158,9917,12984,1,8458,1,20209,8004,1,22104,2748,13528,1.0,13:45,2015,2016
2015-16,203085,Austin Rivers,Austin,1610612746,LAC,LA Clippers,21500344,2015-12-12T00:00:00,LAC @ BKN,W,17.2,0.0,0.0,2.0,6.0,6.0,2.0,0.0,10.0,0.0,0.0,3.0,1.0,17.1,1,1,1,1,18108,12059,10158,4675,5299,10028,3734,1,20209,8004,1,17641,12373,13791,1.0,17:14,2015,2016
2015-16,2594,Kyle Korver,Kyle,1610612737,ATL,Atlanta Hawks,21500347,2015-12-12T00:00:00,ATL vs. SAS,L,25.2,3.0,0.0,3.0,2.0,7.0,2.0,7.0,16.0,0.0,0.0,2.0,0.0,16.9,1,13074,13074,13074,11543,4307,10158,3302,12984,12242,3734,15538,15259,8004,1,11390,18762,13911,1.0,25:11,2015,2016
2015-16,203939,Dwight Powell,Dwight,1610612742,DAL,Dallas Mavericks,21500350,2015-12-12T00:00:00,DAL vs. WAS,L,20.7,5.0,1.0,0.0,6.0,4.0,0.0,5.0,10.0,0.0,0.0,0.0,2.0,13.8,1,13074,13074,13074,15318,1603,9709,9917,5299,6141,1,11593,20209,8004,1,1,7786,16311,1.0,20:42,2015,2016
2015-16,201951,Ty Lawson,Ty,1610612745,HOU,Houston Rockets,21500349,2015-12-12T00:00:00,HOU vs. LAL,W,25.8,0.0,0.0,2.0,0.0,5.0,10.0,6.0,14.0,0.0,0.0,0.0,3.0,22.4,1,1,1,1,10993,12059,10158,4675,18861,8403,20509,13388,17019,8004,1,1,4736,10131,1.0,25:49,2015,2016
2015-16,201600,Omer Asik,Omer,1610612740,NOP,New Orleans Pelicans,21500348,2015-12-12T00:00:00,NOP @ CHI,L,12.5,0.0,2.0,0.0,6.0,0.0,0.0,0.0,8.0,0.0,0.0,4.0,0.0,16.8,1,13074,13074,13074,21259,12059,4731,9917,5299,1,1,1,21543,8004,1,22104,18762,13996,1.0,12:32,2015,2016
2015-16,203798,PJ Hairston,PJ,1610612766,CHA,Charlotte Hornets,21500345,2015-12-12T00:00:00,CHA vs. BOS,L,21.6,0.0,0.0,0.0,0.0,3.0,5.0,4.0,14.0,1.0,1.0,0.0,1.0,13.8,1,13074,13074,13074,14530,12059,10158,9917,18861,5109,11469,8806,17019,2692,17214,1,12373,16311,1.0,21:35,2015,2016
2015-16,2225,Tony Parker,Tony,1610612759,SAS,San Antonio Spurs,21500347,2015-12-12T00:00:00,SAS @ ATL,W,24.1,0.0,0.0,0.0,0.0,7.0,0.0,12.0,16.0,1.0,0.0,3.0,1.0,22.6,1,1,1,1,12453,12059,10158,9917,18861,12242,1,22259,15259,2692,1,17641,12373,10000,1.0,24:06,2015,2016
2015-16,203944,Julius Randle,Julius,1610612747,LAL,Los Angeles Lakers,21500349,2015-12-12T00:00:00,LAL @ HOU,L,23.0,2.0,3.0,4.0,6.0,14.0,6.0,18.0,30.0,0.0,2.0,5.0,2.0,22.0,1,13074,13074,13074,13411,6026,3104,1913,5299,22292,13237,25228,4541,8004,23588,24686,7786,10388,1.0,22:57,2015,2016
2015-16,203087,Jeremy Lamb,Jeremy,1610612766,CHA,Charlotte Hornets,21500345,2015-12-12T00:00:00,CHA vs. BOS,L,15.4,0.0,0.0,0.0,2.0,2.0,0.0,4.0,14.0,0.0,1.0,0.0,1.0,17.6,1,13074,13074,13074,19474,12059,10158,9917,12984,2619,1,8806,17019,8004,17214,1,12373,13443,1.0,15:24,2015,2016
2015-16,203124,Kyle O'Quinn,Kyle,1610612752,NYK,New York Knicks,21500352,2015-12-12T00:00:00,NYK @ POR,W,18.9,0.0,2.0,2.0,10.0,2.0,11.0,7.0,12.0,1.0,0.0,2.0,2.0,27.4,1,1,1,1,16789,12059,4731,4675,1840,2619,21814,15538,18637,2692,1,11390,7786,7179,1.0,18:53,2015,2016
2015-16,101107,Marvin Williams,Marvin,1610612766,CHA,Charlotte Hornets,21500345,2015-12-12T00:00:00,CHA vs. BOS,L,28.8,0.0,2.0,0.0,2.0,5.0,9.0,6.0,20.0,1.0,0.0,1.0,1.0,13.9,1,13074,13074,13074,8572,12059,4731,9917,12984,8403,19144,13388,11929,2692,1,4972,12373,16232,1.0,28:46,2015,2016
2015-16,2581,Steve Blake,Steve,1610612765,DET,Detroit Pistons,21500346,2015-12-12T00:00:00,DET vs. IND,W,19.0,3.0,0.0,3.0,2.0,7.0,2.0,9.0,16.0,0.0,1.0,2.0,0.0,17.4,1,1,1,1,16712,4307,10158,3302,12984,12242,3734,18829,15259,8004,17214,11390,18762,13595,1.0,18:59,2015,2016
2015-16,201933,Blake Griffin,Blake,1610612746,LAC,LA Clippers,21500344,2015-12-12T00:00:00,LAC @ BKN,W,34.6,2.0,0.0,2.0,10.0,17.0,6.0,7.0,36.0,0.0,0.0,0.0,3.0,37.8,1,1,1,1,3878,6026,10158,4675,1840,24337,13237,15538,1943,8004,1,1,4736,2956,1.0,34:35,2015,2016
2015-16,2746,Josh Smith,Josh,1610612746,LAC,LA Clippers,21500344,2015-12-12T00:00:00,LAC @ BKN,W,12.2,4.0,2.0,0.0,4.0,4.0,0.0,0.0,6.0,0.0,1.0,2.0,2.0,17.0,1,1,1,1,21436,2460,4731,9917,8599,6141,1,1,22724,8004,17214,11390,7786,13855,1.0,12:11,2015,2016
2015-16,101127,Jarrett Jack,Jarrett,1610612751,BKN,Brooklyn Nets,21500344,2015-12-12T00:00:00,BKN vs. LAC,L,37.2,2.0,0.0,0.0,2.0,19.0,10.0,10.0,44.0,0.0,0.0,3.0,4.0,38.5,1,13074,13074,13074,1950,6026,10158,9917,12984,25074,20509,20169,454,8004,1,17641,2748,2771,1.0,37:13,2015,2016
2015-16,202391,Jeremy Lin,Jeremy,1610612766,CHA,Charlotte Hornets,21500345,2015-12-12T00:00:00,CHA vs. BOS,L,31.9,0.0,0.0,0.0,6.0,4.0,6.0,10.0,36.0,2.0,0.0,3.0,4.0,28.0,1,13074,13074,13074,5965,12059,10158,9917,5299,6141,13237,20169,1943,932,1,17641,2748,6864,1.0,31:55,2015,2016
2015-16,203114,Khris Middleton,Khris,1610612749,MIL,Milwaukee Bucks,21500351,2015-12-12T00:00:00,MIL vs. GSW,W,38.4,0.0,0.0,0.0,2.0,12.0,15.0,13.0,46.0,1.0,1.0,2.0,3.0,28.7,1,1,1,1,1307,12059,10158,9917,12984,20178,24781,23048,298,2692,17214,11390,4736,6514,1.0,38:26,2015,2016
2015-16,2207,Joe Johnson,Joe,1610612751,BKN,Brooklyn Nets,21500344,2015-12-12T00:00:00,BKN vs. LAC,L,35.6,2.0,2.0,0.0,8.0,14.0,10.0,6.0,34.0,0.0,0.0,1.0,1.0,22.3,1,13074,13074,13074,3031,6026,4731,9917,3109,22292,20509,13388,2701,8004,1,4972,12373,10208,1.0,35:38,2015,2016
2015-16,201976,Patrick Beverley,Patrick,1610612745,HOU,Houston Rockets,21500349,2015-12-12T00:00:00,HOU vs. LAL,W,22.2,0.0,2.0,0.0,4.0,12.0,2.0,10.0,14.0,0.0,0.0,3.0,0.0,17.5,1,1,1,1,14020,12059,4731,9917,8599,20178,3734,20169,17019,8004,1,17641,18762,13528,1.0,22:11,2015,2016
2015-16,201588,George Hill,George,1610612754,IND,Indiana Pacers,21500346,2015-12-12T00:00:00,IND @ DET,L,32.2,4.0,0.0,2.0,10.0,17.0,12.0,18.0,36.0,0.0,0.0,2.0,1.0,28.1,1,13074,13074,13074,5692,2460,10158,4675,1840,24337,22832,25228,1943,8004,1,11390,12373,6818,1.0,32:14,2015,2016
2015-16,101150,Lou Williams,Lou,1610612747,LAL,Los Angeles Lakers,21500349,2015-12-12T00:00:00,LAL @ HOU,L,28.5,2.0,0.0,0.0,2.0,15.0,11.0,23.0,32.0,0.0,0.0,3.0,5.0,27.5,1,13074,13074,13074,8779,6026,10158,9917,12984,23079,21814,25880,3535,8004,1,17641,1539,7137,1.0,28:32,2015,2016
2015-16,101162,Marcin Gortat,Marcin,1610612764,WAS,Washington Wizards,21500350,2015-12-12T00:00:00,WAS @ DAL,W,32.0,2.0,0.0,2.0,10.0,9.0,9.0,6.0,22.0,1.0,0.0,1.0,1.0,34.4,1,1,1,1,5849,6026,10158,4675,1840,15771,19144,13388,10265,2692,1,4972,12373,4029,1.0,32:03,2015,2016
2015-16,203089,John Henson,John,1610612749,MIL,Milwaukee Bucks,21500351,2015-12-12T00:00:00,MIL vs. GSW,W,12.5,4.0,0.0,2.0,6.0,6.0,2.0,10.0,14.0,0.0,0.0,5.0,2.0,10.4,1,1,1,1,21289,2460,10158,4675,5299,10028,3734,20169,17019,8004,1,24686,7786,18859,1.0,12:28,2015,2016
2015-16,2446,Rasual Butler,Rasual,1610612759,SAS,San Antonio Spurs,21500347,2015-12-12T00:00:00,SAS @ ATL,W,7.3,3.0,0.0,0.0,0.0,3.0,2.0,4.0,8.0,0.0,0.0,0.0,0.0,10.2,1,1,1,1,23481,4307,10158,9917,18861,5109,3734,8806,21543,8004,1,1,18762,19003,1.0,7:15,2015,2016
2015-16,201575,Brandon Rush,Brandon,1610612744,GSW,Golden State Warriors,21500351,2015-12-12T00:00:00,GSW @ MIL,L,18.1,0.0,0.0,1.0,2.0,11.0,11.0,8.0,22.0,1.0,0.0,2.0,1.0,10.4,1,13074,13074,13074,17402,12059,10158,9347,12984,18886,21814,17194,10265,2692,1,11390,12373,18859,1.0,18:08,2015,2016
2015-16,203096,Jared Sullinger,Jared,1610612738,BOS,Boston Celtics,21500345,2015-12-12T00:00:00,BOS @ CHA,W,17.1,0.0,0.0,0.0,2.0,2.0,2.0,0.0,12.0,0.0,0.0,1.0,0.0,14.4,1,1,1,1,18194,12059,10158,9917,12984,2619,3734,1,18637,8004,1,4972,18762,15857,1.0,17:07,2015,2016
2015-16,203109,Jae Crowder,Jae,1610612738,BOS,Boston Celtics,21500345,2015-12-12T00:00:00,BOS @ CHA,W,31.7,3.0,3.0,0.0,2.0,2.0,4.0,0.0,14.0,0.0,0.0,1.0,3.0,25.9,1,1,1,1,6115,4307,3104,9917,12984,2619,8458,1,17019,8004,1,4972,4736,7960,1.0,31:44,2015,2016
2015-16,201150,Spencer Hawes,Spencer,1610612766,CHA,Charlotte Hornets,21500345,2015-12-12T00:00:00,CHA vs. BOS,L,20.6,0.0,2.0,0.0,4.0,2.0,2.0,4.0,20.0,0.0,0.0,1.0,0.0,23.1,1,13074,13074,13074,15383,12059,4731,9917,8599,2619,3734,8806,11929,8004,1,4972,18762,9699,1.0,20:36,2015,2016
2015-16,2733,Shaun Livingston,Shaun,1610612744,GSW,Golden State Warriors,21500351,2015-12-12T00:00:00,GSW @ MIL,L,24.4,0.0,0.0,2.0,4.0,10.0,2.0,8.0,32.0,0.0,0.0,0.0,2.0,14.2,1,13074,13074,13074,12199,12059,10158,4675,8599,17370,3734,17194,3535,8004,1,1,7786,16003,1.0,24:25,2015,2016
2015-16,201599,DeAndre Jordan,DeAndre,1610612746,LAC,LA Clippers,21500344,2015-12-12T00:00:00,LAC @ BKN,W,33.6,3.0,4.0,0.0,10.0,17.0,4.0,7.0,30.0,0.0,0.0,2.0,6.0,33.9,1,1,1,1,4667,4307,1596,9917,1840,24337,8458,15538,4541,8004,1,11390,873,4208,1.0,33:36,2015,2016
2015-16,1626156,D'Angelo Russell,D'Angelo,1610612747,LAL,Los Angeles Lakers,21500349,2015-12-12T00:00:00,LAL @ HOU,L,37.1,0.0,0.0,2.0,2.0,14.0,21.0,19.0,48.0,0.0,0.0,3.0,0.0,23.0,1,13074,13074,13074,2015,12059,10158,4675,12984,22292,25962,25435,192,8004,1,17641,18762,9760,1.0,37:07,2015,2016
2015-16,2738,Andre Iguodala,Andre,1610612744,GSW,Golden State Warriors,21500351,2015-12-12T00:00:00,GSW @ MIL,L,27.6,2.0,0.0,0.0,2.0,11.0,5.0,12.0,38.0,0.0,1.0,2.0,2.0,25.3,1,13074,13074,13074,9571,6026,10158,9917,12984,18886,11469,22259,1422,8004,17214,11390,7786,8340,1.0,27:33,2015,2016
2015-16,202708,Norris Cole,Norris,1610612740,NOP,New Orleans Pelicans,21500348,2015-12-12T00:00:00,NOP @ CHI,L,20.7,4.0,0.0,2.0,6.0,0.0,5.0,3.0,12.0,0.0,0.0,0.0,1.0,25.2,1,13074,13074,13074,15331,2460,10158,4675,5299,1,11469,7328,18637,8004,1,1,12373,8383,1.0,20:41,2015,2016
2015-16,201162,Jared Dudley,Jared,1610612764,WAS,Washington Wizards,21500350,2015-12-12T00:00:00,WAS @ DAL,W,33.2,5.0,2.0,8.0,4.0,13.0,7.0,14.0,34.0,0.0,1.0,5.0,0.0,23.4,1,1,1,1,4942,1603,4731,280,8599,21300,15642,23710,2701,8004,17214,24686,18762,9501,1.0,33:15,2015,2016
2015-16,201569,Eric Gordon,Eric,1610612740,NOP,New Orleans Pelicans,21500348,2015-12-12T00:00:00,NOP @ CHI,L,34.3,2.0,0.0,8.0,2.0,5.0,7.0,4.0,28.0,0.0,1.0,2.0,1.0,19.0,1,13074,13074,13074,4106,6026,10158,280,12984,8403,15642,8806,5824,8004,17214,11390,12373,12440,1.0,34:17,2015,2016
2015-16,201155,Rodney Stuckey,Rodney,1610612754,IND,Indiana Pacers,21500346,2015-12-12T00:00:00,IND @ DET,L,23.1,0.0,0.0,2.0,6.0,11.0,6.0,16.0,26.0,0.0,0.0,2.0,0.0,14.6,1,13074,13074,13074,13305,12059,10158,4675,5299,18886,13237,24641,7214,8004,1,11390,18762,15699,1.0,23:05,2015,2016
2015-16,201167,Arron Afflalo,Arron,1610612752,NYK,New York Knicks,21500352,2015-12-12T00:00:00,NYK @ POR,W,40.2,0.0,0.0,0.0,4.0,14.0,16.0,6.0,34.0,0.0,0.0,3.0,2.0,14.2,1,1,1,1,689,12059,10158,9917,8599,22292,25155,13388,2701,8004,1,17641,7786,16003,1.0,40:10,2015,2016
2015-16,201168,Tiago Splitter,Tiago,1610612737,ATL,Atlanta Hawks,21500347,2015-12-12T00:00:00,ATL vs. SAS,L,14.1,2.0,2.0,0.0,4.0,6.0,0.0,4.0,6.0,0.0,0.0,0.0,1.0,14.8,1,13074,13074,13074,20337,6026,4731,9917,8599,10028,1,8806,22724,8004,1,1,12373,15561,1.0,14:07,2015,2016
2015-16,202083,Wesley Matthews,Wesley,1610612742,DAL,Dallas Mavericks,21500350,2015-12-12T00:00:00,DAL vs. WAS,L,35.0,2.0,3.0,2.0,4.0,11.0,4.0,24.0,26.0,0.0,2.0,1.0,1.0,34.2,1,13074,13074,13074,3522,6026,3104,4675,8599,18886,8458,25937,7214,8004,23588,4972,12373,4092,1.0,35:01,2015,2016
2015-16,201577,Robin Lopez,Robin,1610612752,NYK,New York Knicks,21500352,2015-12-12T00:00:00,NYK @ POR,W,28.7,2.0,4.0,0.0,10.0,11.0,11.0,4.0,24.0,0.0,0.0,3.0,3.0,23.9,1,1,1,1,8624,6026,1596,9917,1840,18886,21814,8806,8723,8004,1,17641,4736,9184,1.0,28:43,2015,2016
2015-16,201565,Derrick Rose,Derrick,1610612741,CHI,Chicago Bulls,21500348,2015-12-12T00:00:00,CHI vs. NOP,W,28.7,0.0,0.0,0.0,4.0,8.0,6.0,11.0,24.0,0.0,0.0,0.0,3.0,19.1,1,1,1,1,8624,12059,10158,9917,8599,13914,13237,21342,8723,8004,1,1,4736,12372,1.0,28:43,2015,2016
2015-16,101141,Ersan Ilyasova,Ersan,1610612765,DET,Detroit Pistons,21500346,2015-12-12T00:00:00,DET vs. IND,W,28.8,8.0,0.0,4.0,12.0,8.0,2.0,12.0,42.0,2.0,0.0,2.0,4.0,33.5,1,1,1,1,8553,308,10158,1913,988,13914,3734,22259,670,932,1,11390,2748,4348,1.0,28:47,2015,2016
2015-16,1626169,Stanley Johnson,Stanley,1610612765,DET,Detroit Pistons,21500346,2015-12-12T00:00:00,DET vs. IND,W,25.5,0.0,2.0,4.0,6.0,10.0,4.0,9.0,20.0,0.0,0.0,4.0,1.0,23.8,1,1,1,1,11317,12059,4731,1913,5299,17370,8458,18829,11929,8004,1,22104,12373,9261,1.0,25:28,2015,2016
2015-16,2734,Devin Harris,Devin,1610612742,DAL,Dallas Mavericks,21500350,2015-12-12T00:00:00,DAL vs. WAS,L,34.0,2.0,1.0,4.0,4.0,6.0,7.0,15.0,18.0,1.0,1.0,3.0,5.0,22.8,1,13074,13074,13074,4352,6026,9709,1913,8599,10028,15642,24242,13577,2692,17214,17641,1539,9883,1.0,34:00,2015,2016
2015-16,201152,Thaddeus Young,Thaddeus,1610612751,BKN,Brooklyn Nets,21500344,2015-12-12T00:00:00,BKN vs. LAC,L,35.7,4.0,0.0,4.0,10.0,15.0,10.0,8.0,42.0,0.0,0.0,3.0,1.0,26.0,1,13074,13074,13074,2963,2460,10158,1913,1840,23079,20509,17194,670,8004,1,17641,12373,7910,1.0,35:43,2015,2016
2015-16,202703,Nikola Mirotic,Nikola,1610612741,CHI,Chicago Bulls,21500348,2015-12-12T00:00:00,CHI vs. NOP,W,18.1,0.0,2.0,0.0,2.0,2.0,0.0,9.0,20.0,0.0,0.0,1.0,2.0,25.0,1,1,1,1,17439,12059,4731,9917,12984,2619,1,18829,11929,8004,1,4972,7786,8485,1.0,18:06,2015,2016
2015-16,202331,Paul George,Paul,1610612754,IND,Indiana Pacers,21500346,2015-12-12T00:00:00,IND @ DET,L,34.3,2.0,0.0,3.0,6.0,17.0,12.0,23.0,40.0,0.0,3.0,2.0,8.0,23.7,1,13074,13074,13074,4106,6026,10158,3302,5299,24337,22832,25880,983,8004,25441,11390,254,9329,1.0,34:17,2015,2016
2015-16,203086,Meyers Leonard,Meyers,1610612757,POR,Portland Trail Blazers,21500352,2015-12-12T00:00:00,POR vs. NYK,L,19.3,0.0,0.0,2.0,4.0,2.0,5.0,9.0,20.0,0.0,0.0,3.0,3.0,18.9,1,13074,13074,13074,16435,12059,10158,4675,8599,2619,11469,18829,11929,8004,1,17641,4736,12513,1.0,19:20,2015,2016
2015-16,201587,Nicolas Batum,Nicolas,1610612766,CHA,Charlotte Hornets,21500345,2015-12-12T00:00:00,CHA vs. BOS,L,37.9,0.0,0.0,0.0,2.0,5.0,11.0,6.0,32.0,0.0,1.0,2.0,2.0,29.6,1,13074,13074,13074,1568,12059,10158,9917,12984,8403,21814,13388,3535,8004,17214,11390,7786,6050,1.0,37:52,2015,2016
2015-16,201149,Joakim Noah,Joakim,1610612741,CHI,Chicago Bulls,21500348,2015-12-12T00:00:00,CHI vs. NOP,W,29.6,0.0,2.0,0.0,6.0,8.0,4.0,16.0,34.0,4.0,0.0,4.0,4.0,35.8,1,1,1,1,7923,12059,4731,9917,5299,13914,8458,24641,2701,132,1,22104,2748,3541,1.0,29:33,2015,2016
2015-16,202738,Isaiah Thomas,Isaiah,1610612738,BOS,Boston Celtics,21500345,2015-12-12T00:00:00,BOS @ CHA,W,38.5,0.0,2.0,4.0,6.0,2.0,6.0,0.0,22.0,0.0,3.0,2.0,3.0,44.5,1,1,1,1,1266,12059,4731,1913,5299,2619,13237,1,10265,8004,25441,11390,4736,1459,1.0,38:31,2015,2016
2015-16,201572,Brook Lopez,Brook,1610612751,BKN,Brooklyn Nets,21500344,2015-12-12T00:00:00,BKN vs. LAC,L,31.6,2.0,4.0,0.0,10.0,18.0,6.0,8.0,34.0,1.0,0.0,2.0,4.0,29.4,1,13074,13074,13074,6243,6026,1596,9917,1840,24749,13237,17194,2701,2692,1,11390,2748,6143,1.0,31:35,2015,2016
2015-16,202328,Greg Monroe,Greg,1610612749,MIL,Milwaukee Bucks,21500351,2015-12-12T00:00:00,MIL vs. GSW,W,35.5,2.0,10.0,2.0,22.0,13.0,16.0,11.0,42.0,0.0,3.0,4.0,4.0,45.7,1,1,1,1,3109,6026,34,4675,25,21300,25155,21342,670,8004,25441,22104,2748,1251,1.0,35:32,2015,2016
2015-16,2546,Carmelo Anthony,Carmelo,1610612752,NYK,New York Knicks,21500352,2015-12-12T00:00:00,NYK @ POR,W,38.5,4.0,2.0,3.0,8.0,14.0,19.0,9.0,32.0,2.0,0.0,0.0,7.0,52.2,1,1,1,1,1289,2460,4731,3302,3109,22292,25786,18829,3535,932,1,1,469,564,1.0,38:28,2015,2016
2015-16,203953,Jabari Parker,Jabari,1610612749,MIL,Milwaukee Bucks,21500351,2015-12-12T00:00:00,MIL vs. GSW,W,28.5,7.0,0.0,8.0,12.0,9.0,13.0,12.0,36.0,1.0,1.0,3.0,4.0,35.9,1,1,1,1,8853,548,10158,280,988,15771,23668,22259,1943,2692,17214,17641,2748,3505,1.0,28:28,2015,2016
2015-16,201229,Anthony Tolliver,Anthony,1610612765,DET,Detroit Pistons,21500346,2015-12-12T00:00:00,DET vs. IND,W,15.8,5.0,0.0,2.0,2.0,7.0,2.0,7.0,10.0,0.0,0.0,0.0,1.0,11.6,1,1,1,1,19160,1603,10158,4675,12984,12242,3734,15538,20209,8004,1,1,12373,17970,1.0,15:50,2015,2016
2015-16,203484,Kentavious Caldwell-Pope,Kentavious,1610612765,DET,Detroit Pistons,21500346,2015-12-12T00:00:00,DET vs. IND,W,37.4,7.0,2.0,9.0,4.0,10.0,4.0,14.0,48.0,1.0,0.0,2.0,4.0,52.4,1,1,1,1,1830,548,4731,184,8599,17370,8458,23710,192,2692,1,11390,2748,549,1.0,37:24,2015,2016
2015-16,203110,Draymond Green,Draymond,1610612744,GSW,Golden State Warriors,21500351,2015-12-12T00:00:00,GSW @ MIL,L,36.4,4.0,6.0,5.0,16.0,16.0,13.0,14.0,44.0,1.0,1.0,4.0,4.0,44.7,1,13074,13074,13074,2452,2460,481,1277,275,23774,23668,23710,454,2692,17214,22104,2748,1419,1.0,36:25,2015,2016
2015-16,202397,Ish Smith,Ish,1610612740,NOP,New Orleans Pelicans,21500348,2015-12-12T00:00:00,NOP @ CHI,L,13.2,0.0,0.0,0.0,2.0,0.0,0.0,0.0,4.0,0.0,0.0,0.0,1.0,11.6,1,13074,13074,13074,20862,12059,10158,9917,12984,1,1,1,23698,8004,1,1,12373,17970,1.0,13:13,2015,2016
2015-16,201939,Stephen Curry,Stephen,1610612744,GSW,Golden State Warriors,21500351,2015-12-12T00:00:00,GSW @ MIL,L,35.2,4.0,2.0,5.0,12.0,16.0,13.0,14.0,44.0,0.0,1.0,2.0,8.0,44.9,1,13074,13074,13074,3371,2460,4731,1277,988,23774,23668,23710,454,8004,17214,11390,254,1380,1.0,35:14,2015,2016
2015-16,101106,Andrew Bogut,Andrew,1610612744,GSW,Golden State Warriors,21500351,2015-12-12T00:00:00,GSW @ MIL,L,22.0,0.0,2.0,0.0,2.0,12.0,13.0,8.0,24.0,5.0,0.0,1.0,0.0,29.9,1,13074,13074,13074,14199,12059,4731,9917,12984,20178,23668,17194,8723,59,1,4972,18762,5884,1.0,21:58,2015,2016
2015-16,202695,Kawhi Leonard,Kawhi,1610612759,SAS,San Antonio Spurs,21500347,2015-12-12T00:00:00,SAS @ ATL,W,32.4,5.0,4.0,4.0,4.0,9.0,5.0,12.0,20.0,0.0,1.0,2.0,4.0,50.6,1,1,1,1,5551,1603,1596,1913,8599,15771,11469,22259,11929,8004,17214,11390,2748,691,1.0,32:26,2015,2016
2015-16,203093,Terrence Jones,Terrence,1610612745,HOU,Houston Rockets,21500349,2015-12-12T00:00:00,HOU vs. LAL,W,23.4,0.0,0.0,6.0,6.0,5.0,9.0,8.0,18.0,3.0,2.0,1.0,0.0,29.3,1,1,1,1,13018,12059,10158,740,5299,8403,19144,17194,13577,347,23588,4972,18762,6202,1.0,23:26,2015,2016
2015-16,202322,John Wall,John,1610612764,WAS,Washington Wizards,21500350,2015-12-12T00:00:00,WAS @ DAL,W,38.4,4.0,3.0,6.0,8.0,15.0,10.0,12.0,30.0,2.0,1.0,2.0,2.0,62.0,1,1,1,1,1318,2460,3104,740,3109,23079,20509,22259,4541,932,17214,11390,7786,141,1.0,38:25,2015,2016
2015-16,201936,Tyreke Evans,Tyreke,1610612740,NOP,New Orleans Pelicans,21500348,2015-12-12T00:00:00,NOP @ CHI,L,36.0,4.0,4.0,4.0,12.0,5.0,6.0,1.0,36.0,0.0,2.0,3.0,0.0,36.6,1,13074,13074,13074,2735,2460,1596,1913,988,8403,13237,3646,1943,8004,23588,17641,18762,3288,1.0,36:02,2015,2016
2015-16,203081,Damian Lillard,Damian,1610612757,POR,Portland Trail Blazers,21500352,2015-12-12T00:00:00,POR vs. NYK,L,38.4,4.0,2.0,7.0,12.0,6.0,8.0,7.0,32.0,0.0,1.0,2.0,2.0,43.6,1,13074,13074,13074,1307,2460,4731,454,988,10028,17345,15538,3535,8004,17214,11390,7786,1627,1.0,38:26,2015,2016
2015-16,203490,Otto Porter Jr.,Otto,1610612764,WAS,Washington Wizards,21500350,2015-12-12T00:00:00,WAS @ DAL,W,39.5,2.0,2.0,5.0,2.0,15.0,10.0,12.0,32.0,1.0,0.0,2.0,1.0,44.7,1,1,1,1,892,6026,4731,1277,12984,23079,20509,22259,3535,2692,1,11390,12373,1419,1.0,39:29,2015,2016
2015-16,977,Kobe Bryant,Kobe,1610612747,LAL,Los Angeles Lakers,21500349,2015-12-12T00:00:00,LAL @ HOU,L,31.2,8.0,3.0,6.0,6.0,9.0,17.0,22.0,38.0,0.0,1.0,0.0,4.0,51.4,1,13074,13074,13074,6605,308,3104,740,5299,15771,25429,25811,1422,8004,17214,1,2748,620,1.0,31:09,2015,2016
2015-16,201935,James Harden,James,1610612745,HOU,Houston Rockets,21500349,2015-12-12T00:00:00,HOU vs. LAL,W,31.7,4.0,5.0,11.0,16.0,14.0,9.0,14.0,26.0,0.0,2.0,2.0,6.0,45.1,1,1,1,1,6182,2460,995,69,275,22292,19144,23710,7214,8004,23588,11390,873,1338,1.0,31:39,2015,2016
2015-16,101161,Amir Johnson,Amir,1610612738,BOS,Boston Celtics,21500345,2015-12-12T00:00:00,BOS @ CHA,W,29.8,0.0,0.0,2.0,6.0,2.0,4.0,0.0,18.0,3.0,0.0,1.0,3.0,29.7,1,1,1,1,7738,12059,10158,4675,5299,2619,8458,1,13577,347,1,4972,4736,6006,1.0,29:47,2015,2016
2015-16,203487,Michael Carter-Williams,Michael,1610612749,MIL,Milwaukee Bucks,21500351,2015-12-12T00:00:00,MIL vs. GSW,W,30.0,2.0,0.0,4.0,14.0,12.0,7.0,13.0,28.0,0.0,1.0,4.0,2.0,45.1,1,1,1,1,7525,6026,10158,1913,542,20178,15642,23048,5824,8004,17214,22104,7786,1338,1.0,30:01,2015,2016
2015-16,203076,Anthony Davis,Anthony,1610612740,NOP,New Orleans Pelicans,21500348,2015-12-12T00:00:00,NOP @ CHI,L,41.6,2.0,2.0,4.0,10.0,5.0,9.0,4.0,36.0,4.0,2.0,1.0,6.0,51.6,1,13074,13074,13074,369,6026,4731,1913,1840,8403,19144,8806,1943,132,23588,4972,873,604,1.0,41:36,2015,2016
2015-16,101108,Chris Paul,Chris,1610612746,LAC,LA Clippers,21500344,2015-12-12T00:00:00,LAC @ BKN,W,31.3,2.0,0.0,2.0,6.0,15.0,6.0,7.0,32.0,0.0,1.0,2.0,1.0,44.4,1,1,1,1,6514,6026,10158,4675,5299,23079,13237,15538,3535,8004,17214,11390,12373,1474,1.0,31:15,2015,2016
2015-16,203083,Andre Drummond,Andre,1610612765,DET,Detroit Pistons,21500346,2015-12-12T00:00:00,DET vs. IND,W,28.3,0.0,4.0,2.0,8.0,8.0,2.0,12.0,40.0,2.0,0.0,3.0,1.0,29.7,1,1,1,1,9017,12059,1596,4675,3109,13914,3734,22259,983,932,1,17641,12373,6006,1.0,28:17,2015,2016
2015-16,1717,Dirk Nowitzki,Dirk,1610612742,DAL,Dallas Mavericks,21500350,2015-12-12T00:00:00,DAL vs. WAS,L,31.3,0.0,2.0,0.0,4.0,11.0,7.0,24.0,28.0,2.0,0.0,1.0,4.0,29.2,1,13074,13074,13074,6511,12059,4731,9917,8599,18886,15642,25937,5824,932,1,4972,2748,6243,1.0,31:16,2015,2016
2015-16,202325,Wesley Johnson,Wesley,1610612746,LAC,LA Clippers,21500344,2015-12-12T00:00:00,LAC @ BKN,W,18.0,2.0,0.0,2.0,2.0,4.0,4.0,5.0,14.0,0.0,0.0,1.0,2.0,6.2,1,1,1,1,17499,6026,10158,4675,12984,6141,8458,11593,17019,8004,1,4972,7786,21696,1.0,18:01,2015,2016
2015-16,203135,Robert Sacre,Robert,1610612747,LAL,Los Angeles Lakers,21500349,2015-12-12T00:00:00,LAL @ HOU,L,22.8,0.0,0.0,2.0,2.0,14.0,6.0,18.0,30.0,1.0,1.0,1.0,2.0,11.4,1,13074,13074,13074,13537,12059,10158,4675,12984,22292,13237,25228,4541,2692,17214,4972,7786,18134,1.0,22:47,2015,2016
2015-16,201978,Chase Budinger,Chase,1610612754,IND,Indiana Pacers,21500346,2015-12-12T00:00:00,IND @ DET,L,14.8,4.0,0.0,3.0,4.0,12.0,0.0,6.0,6.0,0.0,0.0,0.0,4.0,11.0,1,13074,13074,13074,19873,2460,10158,3302,8599,20178,1,13388,22724,8004,1,1,2748,18430,1.0,14:50,2015,2016
2015-16,200757,Thabo Sefolosha,Thabo,1610612737,ATL,Atlanta Hawks,21500347,2015-12-12T00:00:00,ATL vs. SAS,L,19.9,2.0,0.0,3.0,2.0,7.0,4.0,7.0,16.0,1.0,0.0,1.0,0.0,11.2,1,13074,13074,13074,16019,6026,10158,3302,12984,12242,8458,15538,15259,2692,1,4972,18762,18267,1.0,19:52,2015,2016
2015-16,101181,Jose Calderon,Jose,1610612752,NYK,New York Knicks,21500352,2015-12-12T00:00:00,NYK @ POR,W,19.7,0.0,0.0,0.0,0.0,9.0,7.0,4.0,16.0,0.0,0.0,2.0,1.0,5.7,1,1,1,1,16148,12059,10158,9917,18861,15771,15642,8806,15259,8004,1,11390,12373,22054,1.0,19:42,2015,2016
2015-16,202718,Chandler Parsons,Chandler,1610612742,DAL,Dallas Mavericks,21500350,2015-12-12T00:00:00,DAL vs. WAS,L,23.0,0.0,2.0,0.0,4.0,13.0,3.0,20.0,20.0,0.0,0.0,2.0,3.0,10.6,1,13074,13074,13074,13369,12059,4731,9917,8599,21300,7138,25599,11929,8004,1,11390,4736,18723,1.0,23:00,2015,2016
2015-16,202714,Shelvin Mack,Shelvin,1610612737,ATL,Atlanta Hawks,21500347,2015-12-12T00:00:00,ATL vs. SAS,L,7.2,0.0,0.0,2.0,4.0,3.0,0.0,0.0,0.0,0.0,0.0,0.0,0.0,5.5,1,13074,13074,13074,23507,12059,10158,4675,8599,5109,1,1,25429,8004,1,1,18762,22196,1.0,7:09,2015,2016
2015-16,203090,Maurice Harkless,Maurice,1610612757,POR,Portland Trail Blazers,21500352,2015-12-12T00:00:00,POR vs. NYK,L,15.1,0.0,0.0,0.0,0.0,2.0,5.0,5.0,10.0,0.0,0.0,2.0,1.0,1.0,1,13074,13074,13074,19663,12059,10158,9917,18861,2619,11469,11593,20209,8004,1,11390,12373,24960,1.0,15:08,2015,2016
2015-16,203200,Justin Holiday,Justin,1610612737,ATL,Atlanta Hawks,21500347,2015-12-12T00:00:00,ATL vs. SAS,L,7.3,0.0,0.0,0.0,0.0,3.0,0.0,0.0,0.0,0.0,0.0,0.0,0.0,1.2,1,13074,13074,13074,23481,12059,10158,9917,18861,5109,1,1,25429,8004,1,1,18762,24661,1.0,7:15,2015,2016
2015-16,101139,CJ Miles,CJ,1610612754,IND,Indiana Pacers,21500346,2015-12-12T00:00:00,IND @ DET,L,23.7,2.0,0.0,4.0,4.0,15.0,10.0,17.0,30.0,0.0,0.0,2.0,0.0,11.2,1,13074,13074,13074,12788,6026,10158,1913,8599,23079,20509,24967,4541,8004,1,11390,18762,18267,1.0,23:44,2015,2016
2015-16,201961,Wayne Ellington,Wayne,1610612751,BKN,Brooklyn Nets,21500344,2015-12-12T00:00:00,BKN vs. LAC,L,10.0,0.0,0.0,0.0,0.0,4.0,0.0,2.0,6.0,0.0,0.0,0.0,0.0,1.2,1,13074,13074,13074,22459,12059,10158,9917,18861,6141,1,4025,22724,8004,1,1,18762,24661,1.0,9:58,2015,2016
2015-16,202388,Donald Sloan,Donald,1610612751,BKN,Brooklyn Nets,21500344,2015-12-12T00:00:00,BKN vs. LAC,L,6.4,0.0,0.0,0.0,0.0,1.0,0.0,0.0,4.0,0.0,0.0,1.0,0.0,-1.0,1,13074,13074,13074,23776,12059,10158,9917,18861,2356,1,1,23698,8004,1,4972,18762,25932,1.0,6:25,2015,2016
2015-16,2756,Sasha Vujacic,Sasha,1610612752,NYK,New York Knicks,21500352,2015-12-12T00:00:00,NYK @ POR,W,6.0,0.0,0.0,0.0,2.0,2.0,4.0,5.0,4.0,0.0,0.0,3.0,0.0,4.0,1,1,1,1,23978,12059,10158,9917,12984,2619,8458,11593,23698,8004,1,17641,18762,23142,1.0,5:58,2015,2016
2015-16,202334,Ed Davis,Ed,1610612757,POR,Portland Trail Blazers,21500352,2015-12-12T00:00:00,POR vs. NYK,L,20.2,0.0,2.0,0.0,2.0,4.0,5.0,9.0,24.0,0.0,0.0,1.0,1.0,9.2,1,13074,13074,13074,15762,12059,4731,9917,12984,6141,11469,18829,8723,8004,1,4972,12373,19680,1.0,20:10,2015,2016
2015-16,2571,Leandro Barbosa,Leandro,1610612744,GSW,Golden State Warriors,21500351,2015-12-12T00:00:00,GSW @ MIL,L,12.8,0.0,0.0,0.0,2.0,8.0,2.0,6.0,16.0,0.0,0.0,1.0,0.0,0.0,1,13074,13074,13074,21093,12059,10158,9917,12984,13914,3734,13388,15259,8004,1,4972,18762,25170,1.0,12:46,2015,2016
2015-16,201564,O.J. Mayo,O.J.,1610612749,MIL,Milwaukee Bucks,21500351,2015-12-12T00:00:00,MIL vs. GSW,W,28.6,7.0,5.0,2.0,2.0,10.0,13.0,11.0,38.0,0.0,1.0,2.0,1.0,21.7,1,1,1,1,8770,548,995,4675,12984,17370,23668,21342,1422,8004,17214,11390,12373,10592,1.0,28:33,2015,2016
2015-16,202390,Gary Neal,Gary,1610612764,WAS,Washington Wizards,21500350,2015-12-12T00:00:00,WAS @ DAL,W,21.7,2.0,0.0,0.0,2.0,12.0,3.0,8.0,26.0,0.0,0.0,1.0,0.0,7.0,1,1,1,1,14401,6026,10158,9917,12984,20178,7138,17194,7214,8004,1,4972,18762,21188,1.0,21:45,2015,2016
2015-16,202362,Lance Stephenson,Lance,1610612746,LAC,LA Clippers,21500344,2015-12-12T00:00:00,LAC @ BKN,W,11.6,0.0,0.0,0.0,0.0,8.0,0.0,0.0,6.0,0.0,0.0,2.0,0.0,3.2,1,1,1,1,21797,12059,10158,9917,18861,13914,1,1,22724,8004,1,11390,18762,23473,1.0,11:33,2015,2016
2015-16,1626173,Rashad Vaughn,Rashad,1610612749,MIL,Milwaukee Bucks,21500351,2015-12-12T00:00:00,MIL vs. GSW,W,9.2,0.0,0.0,0.0,0.0,7.0,3.0,8.0,10.0,0.0,0.0,1.0,0.0,4.2,1,1,1,1,22752,12059,10158,9917,18861,12242,7138,17194,20209,8004,1,4972,18762,22976,1.0,9:13,2015,2016
2015-16,201202,Joel Anthony,Joel,1610612765,DET,Detroit Pistons,21500346,2015-12-12T00:00:00,DET vs. IND,W,3.4,0.0,0.0,0.0,0.0,1.0,0.0,0.0,0.0,0.0,0.0,1.0,0.0,4.2,1,1,1,1,24965,12059,10158,9917,18861,2356,1,1,25429,8004,1,4972,18762,22976,1.0,3:23,2015,2016
2015-16,201973,Jonas Jerebko,Jonas,1610612738,BOS,Boston Celtics,21500345,2015-12-12T00:00:00,BOS @ CHA,W,5.4,0.0,0.0,0.0,0.0,0.0,0.0,0.0,2.0,0.0,0.0,2.0,0.0,0.2,1,1,1,1,24212,12059,10158,9917,18861,1,1,1,24614,8004,1,11390,18762,25103,1.0,5:24,2015,2016
2015-16,2588,Matt Bonner,Matt,1610612759,SAS,San Antonio Spurs,21500347,2015-12-12T00:00:00,SAS @ ATL,W,5.0,0.0,0.0,0.0,0.0,0.0,2.0,2.0,6.0,0.0,0.0,0.0,0.0,4.2,1,1,1,1,24370,12059,10158,9917,18861,1,3734,4025,22724,8004,1,1,18762,22976,1.0,5:00,2015,2016
2015-16,203909,KJ McDaniels,KJ,1610612745,HOU,Houston Rockets,21500349,2015-12-12T00:00:00,HOU vs. LAL,W,2.8,0.0,0.0,2.0,2.0,0.0,1.0,0.0,0.0,0.0,0.0,0.0,0.0,5.0,1,1,1,1,25223,12059,10158,4675,12984,1,3393,1,25429,8004,1,1,18762,22500,1.0,2:45,2015,2016
2015-16,1718,Paul Pierce,Paul,1610612746,LAC,LA Clippers,21500344,2015-12-12T00:00:00,LAC @ BKN,W,12.7,2.0,0.0,2.0,4.0,4.0,0.0,0.0,4.0,0.0,0.0,2.0,0.0,9.0,1,1,1,1,21121,6026,10158,4675,8599,6141,1,1,23698,8004,1,11390,18762,19835,1.0,12:43,2015,2016
2015-16,203948,Johnny O'Bryant III,Johnny,1610612749,MIL,Milwaukee Bucks,21500351,2015-12-12T00:00:00,MIL vs. GSW,W,14.4,0.0,0.0,0.0,0.0,9.0,3.0,8.0,14.0,0.0,0.0,1.0,0.0,5.2,1,1,1,1,20194,12059,10158,9917,18861,15771,7138,17194,17019,8004,1,4972,18762,22370,1.0,14:21,2015,2016
2015-16,201971,DeJuan Blair,DeJuan,1610612764,WAS,Washington Wizards,21500350,2015-12-12T00:00:00,WAS @ DAL,W,8.1,0.0,0.0,0.0,0.0,2.0,0.0,2.0,10.0,0.0,0.0,1.0,1.0,6.6,1,1,1,1,23142,12059,10158,9917,18861,2619,1,4025,20209,8004,1,4972,12373,21445,1.0,8:08,2015,2016
2015-16,1626148,Anthony Brown,Anthony,1610612747,LAL,Los Angeles Lakers,21500349,2015-12-12T00:00:00,LAL @ HOU,L,2.8,0.0,0.0,0.0,0.0,2.0,2.0,2.0,4.0,0.0,0.0,0.0,0.0,0.0,1,13074,13074,13074,25223,12059,10158,9917,18861,2619,3734,4025,23698,8004,1,1,18762,25170,1.0,2:45,2015,2016
2015-16,203949,James Michael McAdoo,James Michael,1610612744,GSW,Golden State Warriors,21500351,2015-12-12T00:00:00,GSW @ MIL,L,1.0,0.0,0.0,0.0,0.0,2.0,0.0,2.0,2.0,0.0,0.0,0.0,0.0,0.0,1,13074,13074,13074,25862,12059,10158,9917,18861,2619,1,4025,24614,8004,1,1,18762,25170,1.0,1:02,2015,2016
2015-16,2550,Kirk Hinrich,Kirk,1610612741,CHI,Chicago Bulls,21500348,2015-12-12T00:00:00,CHI vs. NOP,W,14.5,0.0,0.0,0.0,0.0,6.0,2.0,7.0,12.0,0.0,0.0,0.0,0.0,9.4,1,1,1,1,20080,12059,10158,9917,18861,10028,3734,15538,18637,8004,1,1,18762,19568,1.0,14:32,2015,2016
2015-16,203503,Tony Snell,Tony,1610612741,CHI,Chicago Bulls,21500348,2015-12-12T00:00:00,CHI vs. NOP,W,16.0,0.0,0.0,0.0,0.0,6.0,4.0,4.0,12.0,1.0,0.0,0.0,0.0,6.7,1,1,1,1,19035,12059,10158,9917,18861,10028,8458,8806,18637,2692,1,1,18762,21376,1.0,16:00,2015,2016
2015-16,203499,Shane Larkin,Shane,1610612751,BKN,Brooklyn Nets,21500344,2015-12-12T00:00:00,BKN vs. LAC,L,6.1,0.0,0.0,0.0,2.0,0.0,0.0,0.0,0.0,0.0,0.0,2.0,1.0,6.7,1,13074,13074,13074,23933,12059,10158,9917,12984,1,1,1,25429,8004,1,11390,12373,21376,1.0,6:04,2015,2016
2015-16,203080,Thomas Robinson,Thomas,1610612751,BKN,Brooklyn Nets,21500344,2015-12-12T00:00:00,BKN vs. LAC,L,0.1,0.0,0.0,0.0,0.0,0.0,0.0,0.0,0.0,0.0,0.0,0.0,0.0,0.0,1,13074,13074,13074,26047,12059,10158,9917,18861,1,1,1,25429,8004,1,1,18762,25170,1.0,0:05,2015,2016
2015-16,2561,David West,David,1610612759,SAS,San Antonio Spurs,21500347,2015-12-12T00:00:00,SAS @ ATL,W,11.5,0.0,0.0,0.0,2.0,8.0,10.0,4.0,14.0,0.0,0.0,1.0,0.0,9.1,1,1,1,1,21804,12059,10158,9917,12984,13914,20509,8806,17019,8004,1,4972,18762,19789,1.0,11:32,2015,2016
2015-16,2564,Boris Diaw,Boris,1610612759,SAS,San Antonio Spurs,21500347,2015-12-12T00:00:00,SAS @ ATL,W,13.9,0.0,0.0,0.0,0.0,10.0,10.0,4.0,14.0,0.0,0.0,1.0,0.0,5.4,1,1,1,1,20453,12059,10158,9917,18861,17370,20509,8806,17019,8004,1,4972,18762,22242,1.0,13:55,2015,2016
2015-16,201578,Marreese Speights,Marreese,1610612744,GSW,Golden State Warriors,21500351,2015-12-12T00:00:00,GSW @ MIL,L,5.5,0.0,0.0,0.0,2.0,6.0,0.0,4.0,6.0,0.0,0.0,0.0,0.0,4.4,1,13074,13074,13074,24160,12059,10158,9917,12984,10028,1,8806,22724,8004,1,1,18762,22837,1.0,5:30,2015,2016
2015-16,203915,Spencer Dinwiddie,Spencer,1610612765,DET,Detroit Pistons,21500346,2015-12-12T00:00:00,DET vs. IND,W,3.4,0.0,0.0,0.0,0.0,1.0,0.0,0.0,0.0,0.0,0.0,0.0,0.0,0.0,1,1,1,1,24965,12059,10158,9917,18861,2356,1,1,25429,8004,1,1,18762,25170,1.0,3:23,2015,2016
2015-16,203546,Ian Clark,Ian,1610612744,GSW,Golden State Warriors,21500351,2015-12-12T00:00:00,GSW @ MIL,L,1.0,0.0,0.0,0.0,0.0,2.0,0.0,2.0,2.0,0.0,0.0,0.0,0.0,0.0,1,13074,13074,13074,25862,12059,10158,9917,18861,2619,1,4025,24614,8004,1,1,18762,25170,1.0,1:02,2015,2016
2015-16,203493,Reggie Bullock Jr.,Reggie,1610612765,DET,Detroit Pistons,21500346,2015-12-12T00:00:00,DET vs. IND,W,3.4,0.0,0.0,0.0,0.0,1.0,0.0,0.0,0.0,0.0,0.0,0.0,0.0,0.0,1,1,1,1,24965,12059,10158,9917,18861,2356,1,1,25429,8004,1,1,18762,25170,1.0,3:23,2015,2016
2015-16,203488,Mike Muscala,Mike,1610612737,ATL,Atlanta Hawks,21500347,2015-12-12T00:00:00,ATL vs. SAS,L,19.5,0.0,2.0,0.0,2.0,3.0,4.0,2.0,12.0,0.0,0.0,5.0,0.0,9.6,1,13074,13074,13074,16306,12059,4731,9917,12984,5109,8458,4025,18637,8004,1,24686,18762,19434,1.0,19:31,2015,2016
2015-16,203524,Solomon Hill,Solomon,1610612754,IND,Indiana Pacers,21500346,2015-12-12T00:00:00,IND @ DET,L,5.5,0.0,0.0,0.0,0.0,2.0,0.0,2.0,4.0,0.0,0.0,0.0,0.0,4.0,1,13074,13074,13074,24160,12059,10158,9917,18861,2619,1,4025,23698,8004,1,1,18762,23142,1.0,5:30,2015,2016
2015-16,201945,Gerald Henderson,Gerald,1610612757,POR,Portland Trail Blazers,21500352,2015-12-12T00:00:00,POR vs. NYK,L,7.3,1.0,0.0,0.0,0.0,2.0,2.0,0.0,6.0,0.0,0.0,1.0,2.0,9.7,1,13074,13074,13074,23448,11535,10158,9917,18861,2619,3734,1,22724,8004,1,4972,7786,19379,1.0,7:20,2015,2016
2015-16,201166,Aaron Brooks,Aaron,1610612741,CHI,Chicago Bulls,21500348,2015-12-12T00:00:00,CHI vs. NOP,W,18.9,0.0,0.0,0.0,6.0,4.0,0.0,12.0,24.0,0.0,1.0,1.0,1.0,21.7,1,1,1,1,16818,12059,10158,9917,5299,6141,1,22259,8723,8004,17214,4972,12373,10592,1.0,18:52,2015,2016
2015-16,101111,Charlie Villanueva,Charlie,1610612742,DAL,Dallas Mavericks,21500350,2015-12-12T00:00:00,DAL vs. WAS,L,6.1,0.0,0.0,0.0,2.0,4.0,0.0,7.0,4.0,0.0,1.0,0.0,0.0,3.4,1,13074,13074,13074,23923,12059,10158,9917,12984,6141,1,15538,23698,8004,17214,1,18762,23417,1.0,6:05,2015,2016
2015-16,2570,Kendrick Perkins,Kendrick,1610612740,NOP,New Orleans Pelicans,21500348,2015-12-12T00:00:00,NOP @ CHI,L,0.8,0.0,0.0,0.0,0.0,0.0,0.0,3.0,0.0,0.0,0.0,0.0,0.0,-1.0,1,13074,13074,13074,25919,12059,10158,9917,18861,1,1,7328,25429,8004,1,1,18762,25932,1.0,0:47,2015,2016
2015-16,200746,LaMarcus Aldridge,LaMarcus,1610612759,SAS,San Antonio Spurs,21500347,2015-12-12T00:00:00,SAS @ ATL,W,27.4,3.0,0.0,3.0,10.0,11.0,0.0,15.0,18.0,1.0,0.0,2.0,3.0,21.7,1,1,1,1,9710,4307,10158,3302,1840,18886,1,24242,13577,2692,1,11390,4736,10592,1.0,27:24,2015,2016
2015-16,203186,Willie Reed,Willie,1610612751,BKN,Brooklyn Nets,21500344,2015-12-12T00:00:00,BKN vs. LAC,L,7.3,0.0,0.0,0.0,2.0,2.0,0.0,2.0,4.0,0.0,0.0,1.0,0.0,3.4,1,13074,13074,13074,23458,12059,10158,9917,12984,2619,1,4025,23698,8004,1,4972,18762,23417,1.0,7:19,2015,2016
2015-16,203922,Glenn Robinson III,Glenn,1610612754,IND,Indiana Pacers,21500346,2015-12-12T00:00:00,IND @ DET,L,11.8,2.0,0.0,2.0,4.0,7.0,0.0,6.0,6.0,0.0,1.0,1.0,1.0,9.4,1,13074,13074,13074,21677,6026,10158,4675,8599,12242,1,13388,22724,8004,17214,4972,12373,19568,1.0,11:49,2015,2016
2015-16,201967,Dante Cunningham,Dante,1610612740,NOP,New Orleans Pelicans,21500348,2015-12-12T00:00:00,NOP @ CHI,L,17.4,0.0,0.0,0.0,0.0,2.0,2.0,0.0,12.0,0.0,0.0,4.0,0.0,4.2,1,13074,13074,13074,17983,12059,10158,9917,18861,2619,3734,1,18637,8004,1,22104,18762,22976,1.0,17:22,2015,2016
2015-16,201952,Jeff Teague,Jeff,1610612737,ATL,Atlanta Hawks,21500347,2015-12-12T00:00:00,ATL vs. SAS,L,23.7,0.0,0.0,2.0,0.0,9.0,4.0,7.0,22.0,0.0,1.0,2.0,2.0,4.7,1,13074,13074,13074,12822,12059,10158,4675,18861,15771,8458,15538,10265,8004,17214,11390,7786,22672,1.0,23:42,2015,2016
2015-16,1626199,Darrun Hilliard,Darrun,1610612765,DET,Detroit Pistons,21500346,2015-12-12T00:00:00,DET vs. IND,W,3.4,0.0,0.0,0.0,2.0,1.0,0.0,0.0,0.0,0.0,0.0,0.0,0.0,1.0,1,1,1,1,24965,12059,10158,9917,12984,2356,1,1,25429,8004,1,1,18762,24960,1.0,3:23,2015,2016
2015-16,1495,Tim Duncan,Tim,1610612759,SAS,San Antonio Spurs,21500347,2015-12-12T00:00:00,SAS @ ATL,W,30.8,2.0,0.0,0.0,4.0,12.0,0.0,17.0,20.0,0.0,2.0,2.0,0.0,21.0,1,1,1,1,6881,6026,10158,9917,8599,20178,1,24967,11929,8004,23588,11390,18762,11077,1.0,30:49,2015,2016
2015-16,203923,James Young,James,1610612738,BOS,Boston Celtics,21500345,2015-12-12T00:00:00,BOS @ CHA,W,13.4,0.0,0.0,0.0,0.0,0.0,2.0,0.0,8.0,1.0,0.0,0.0,0.0,8.4,1,1,1,1,20756,12059,10158,9917,18861,1,3734,1,21543,2692,1,1,18762,20273,1.0,13:23,2015,2016
2015-16,203900,Markel Brown,Markel,1610612751,BKN,Brooklyn Nets,21500344,2015-12-12T00:00:00,BKN vs. LAC,L,17.5,0.0,0.0,1.0,2.0,9.0,0.0,6.0,18.0,0.0,0.0,2.0,2.0,13.0,1,13074,13074,13074,17875,12059,10158,9347,12984,15771,1,13388,13577,8004,1,11390,7786,16969,1.0,17:32,2015,2016
2015-16,203943,Noah Vonleh,Noah,1610612757,POR,Portland Trail Blazers,21500352,2015-12-12T00:00:00,POR vs. NYK,L,17.4,2.0,4.0,0.0,2.0,2.0,2.0,3.0,12.0,0.0,0.0,2.0,2.0,21.0,1,13074,13074,13074,17954,6026,1596,9917,12984,2619,3734,7328,18637,8004,1,11390,7786,11077,1.0,17:25,2015,2016
2015-16,2037,Jamal Crawford,Jamal,1610612746,LAC,LA Clippers,21500344,2015-12-12T00:00:00,LAC @ BKN,W,25.4,2.0,4.0,0.0,6.0,8.0,2.0,3.0,16.0,0.0,0.0,3.0,2.0,21.1,1,1,1,1,11384,6026,1596,9917,5299,13914,3734,7328,15259,8004,1,17641,7786,11012,1.0,25:23,2015,2016
2015-16,204001,Kristaps Porziņģis,Kristaps,1610612752,NYK,New York Knicks,21500352,2015-12-12T00:00:00,NYK @ POR,W,19.2,0.0,0.0,0.0,0.0,10.0,8.0,2.0,20.0,0.0,0.0,3.0,1.0,7.6,1,1,1,1,16525,12059,10158,9917,18861,17370,17345,4025,11929,8004,1,17641,12373,20803,1.0,19:12,2015,2016
2015-16,203469,Cody Zeller,Cody,1610612766,CHA,Charlotte Hornets,21500345,2015-12-12T00:00:00,CHA vs. BOS,L,27.4,2.0,2.0,0.0,10.0,5.0,9.0,6.0,22.0,0.0,1.0,3.0,1.0,18.5,1,13074,13074,13074,9709,6026,4731,9917,1840,8403,19144,13388,10265,8004,17214,17641,12373,12794,1.0,27:24,2015,2016
2015-16,201601,Luc Mbah a Moute,Luc,1610612746,LAC,LA Clippers,21500344,2015-12-12T00:00:00,LAC @ BKN,W,16.2,0.0,0.0,0.0,0.0,9.0,2.0,2.0,18.0,0.0,0.0,1.0,0.0,2.4,1,1,1,1,18913,12059,10158,9917,18861,15771,3734,4025,13577,8004,1,4972,18762,24024,1.0,16:10,2015,2016
2015-16,1626162,Kelly Oubre Jr.,Kelly,1610612764,WAS,Washington Wizards,21500350,2015-12-12T00:00:00,WAS @ DAL,W,9.0,0.0,0.0,2.0,2.0,5.0,1.0,2.0,10.0,0.0,0.0,3.0,1.0,7.6,1,1,1,1,22851,12059,10158,4675,12984,8403,3393,4025,20209,8004,1,17641,12373,20803,1.0,8:58,2015,2016
2015-16,201959,Taj Gibson,Taj,1610612741,CHI,Chicago Bulls,21500348,2015-12-12T00:00:00,CHI vs. NOP,W,17.2,2.0,2.0,0.0,2.0,6.0,4.0,6.0,12.0,0.0,2.0,1.0,1.0,13.2,1,1,1,1,18162,6026,4731,9917,12984,10028,8458,13388,18637,8004,23588,4972,12373,16768,1.0,17:10,2015,2016
2015-16,202694,Marcus Morris Sr.,Marcus,1610612765,DET,Detroit Pistons,21500346,2015-12-12T00:00:00,DET vs. IND,W,29.8,2.0,0.0,2.0,2.0,11.0,0.0,15.0,36.0,0.0,0.0,1.0,1.0,18.6,1,1,1,1,7761,6026,10158,4675,12984,18886,1,24242,1943,8004,1,4972,12373,12715,1.0,29:45,2015,2016
2015-16,202682,Derrick Williams,Derrick,1610612752,NYK,New York Knicks,21500352,2015-12-12T00:00:00,NYK @ POR,W,13.5,0.0,3.0,1.0,0.0,1.0,4.0,2.0,8.0,0.0,0.0,1.0,1.0,20.8,1,1,1,1,20716,12059,3104,9347,18861,2356,8458,4025,21543,8004,1,4972,12373,11195,1.0,13:28,2015,2016
2015-16,201980,Danny Green,Danny,1610612759,SAS,San Antonio Spurs,21500347,2015-12-12T00:00:00,SAS @ ATL,W,21.1,2.0,2.0,2.0,2.0,12.0,0.0,12.0,14.0,0.0,0.0,1.0,0.0,13.2,1,1,1,1,15006,6026,4731,4675,12984,20178,1,22259,17019,8004,1,4972,18762,16768,1.0,21:04,2015,2016
2015-16,202498,Lance Thomas,Lance,1610612752,NYK,New York Knicks,21500352,2015-12-12T00:00:00,NYK @ POR,W,25.0,0.0,0.0,2.0,2.0,2.0,8.0,7.0,16.0,0.0,0.0,3.0,4.0,13.2,1,1,1,1,11656,12059,10158,4675,12984,2619,17345,15538,15259,8004,1,17641,2748,16768,1.0,25:01,2015,2016
2015-16,201941,Jordan Hill,Jordan,1610612754,IND,Indiana Pacers,21500346,2015-12-12T00:00:00,IND @ DET,L,25.8,0.0,0.0,2.0,2.0,12.0,2.0,16.0,20.0,0.0,0.0,2.0,0.0,17.9,1,13074,13074,13074,11062,12059,10158,4675,12984,20178,3734,24641,11929,8004,1,11390,18762,13229,1.0,25:45,2015,2016
2015-16,204038,Langston Galloway,Langston,1610612752,NYK,New York Knicks,21500352,2015-12-12T00:00:00,NYK @ POR,W,30.4,0.0,0.0,4.0,2.0,5.0,17.0,9.0,24.0,0.0,0.0,2.0,1.0,16.3,1,1,1,1,7175,12059,10158,1913,12984,8403,25429,18829,8723,8004,1,11390,12373,14372,1.0,30:25,2015,2016
2015-16,1626204,Larry Nance Jr.,Larry,1610612747,LAL,Los Angeles Lakers,21500349,2015-12-12T00:00:00,LAL @ HOU,L,25.1,2.0,0.0,2.0,4.0,9.0,17.0,17.0,32.0,0.0,1.0,2.0,1.0,18.7,1,13074,13074,13074,11631,6026,10158,4675,8599,15771,25429,24967,3535,8004,17214,11390,12373,12648,1.0,25:03,2015,2016
2015-16,101133,Ian Mahinmi,Ian,1610612754,IND,Indiana Pacers,21500346,2015-12-12T00:00:00,IND @ DET,L,22.3,0.0,2.0,1.0,8.0,15.0,10.0,13.0,26.0,1.0,0.0,1.0,1.0,12.9,1,13074,13074,13074,13954,12059,4731,9347,3109,23079,20509,23048,7214,2692,1,4972,12373,17049,1.0,22:15,2015,2016
2015-16,202730,Lavoy Allen,Lavoy,1610612754,IND,Indiana Pacers,21500346,2015-12-12T00:00:00,IND @ DET,L,22.2,2.0,2.0,0.0,4.0,10.0,2.0,10.0,14.0,0.0,1.0,1.0,0.0,16.6,1,13074,13074,13074,14051,6026,4731,9917,8599,17370,3734,20169,17019,8004,17214,4972,18762,14125,1.0,22:09,2015,2016
2015-16,201582,Alexis Ajinca,Alexis,1610612740,NOP,New Orleans Pelicans,21500348,2015-12-12T00:00:00,NOP @ CHI,L,26.1,0.0,0.0,0.0,2.0,3.0,7.0,1.0,20.0,2.0,1.0,3.0,1.0,21.2,1,13074,13074,13074,10786,12059,10158,9917,12984,5109,15642,3646,11929,932,17214,17641,12373,10936,1.0,26:04,2015,2016
2015-16,1626273,Marcelo Huertas,Marcelo,1610612747,LAL,Los Angeles Lakers,21500349,2015-12-12T00:00:00,LAL @ HOU,L,17.1,0.0,0.0,0.0,0.0,11.0,6.0,18.0,24.0,0.0,0.0,4.0,0.0,3.0,1,13074,13074,13074,18196,12059,10158,9917,18861,18886,13237,25228,8723,8004,1,22104,18762,23648,1.0,17:06,2015,2016
2015-16,204002,Edy Tavares,Edy,1610612737,ATL,Atlanta Hawks,21500347,2015-12-12T00:00:00,ATL vs. SAS,L,7.3,3.0,0.0,0.0,2.0,3.0,0.0,0.0,0.0,0.0,0.0,0.0,1.0,3.0,1,13074,13074,13074,23481,4307,10158,9917,12984,5109,1,1,25429,8004,1,1,12373,23648,1.0,7:15,2015,2016
2015-16,201574,Jason Thompson,Jason,1610612744,GSW,Golden State Warriors,21500351,2015-12-12T00:00:00,GSW @ MIL,L,5.1,0.0,0.0,0.0,0.0,0.0,2.0,0.0,8.0,1.0,0.0,1.0,0.0,3.0,1,13074,13074,13074,24346,12059,10158,9917,18861,1,3734,1,21543,2692,1,4972,18762,23648,1.0,5:03,2015,2016
2015-16,202700,Donatas Motiejunas,Donatas,1610612745,HOU,Houston Rockets,21500349,2015-12-12T00:00:00,HOU vs. LAL,W,14.7,2.0,2.0,0.0,6.0,10.0,3.0,8.0,4.0,0.0,0.0,1.0,3.0,12.7,1,1,1,1,19960,6026,4731,9917,5299,17370,7138,17194,23698,8004,1,4972,4736,17201,1.0,14:42,2015,2016
2015-16,203613,Jonathon Simmons,Jonathon,1610612759,SAS,San Antonio Spurs,21500347,2015-12-12T00:00:00,SAS @ ATL,W,19.0,0.0,0.0,0.0,2.0,11.0,7.0,11.0,20.0,0.0,0.0,2.0,2.0,18.4,1,1,1,1,16695,12059,10158,9917,12984,18886,15642,21342,11929,8004,1,11390,7786,12854,1.0,19:01,2015,2016
2015-16,1938,Manu Ginobili,Manu,1610612759,SAS,San Antonio Spurs,21500347,2015-12-12T00:00:00,SAS @ ATL,W,18.6,0.0,0.0,0.0,4.0,12.0,10.0,9.0,20.0,0.0,0.0,1.0,3.0,18.1,1,1,1,1,17025,12059,10158,9917,8599,20178,20509,18829,11929,8004,1,4972,4736,13090,1.0,18:35,2015,2016
2015-16,203937,Kyle Anderson,Kyle,1610612759,SAS,San Antonio Spurs,21500347,2015-12-12T00:00:00,SAS @ ATL,W,5.0,0.0,0.0,0.0,0.0,0.0,2.0,2.0,6.0,0.0,0.0,0.0,0.0,2.2,1,1,1,1,24370,12059,10158,9917,18861,1,3734,4025,22724,8004,1,1,18762,24138,1.0,5:00,2015,2016
2015-16,201156,Nick Young,Nick,1610612747,LAL,Los Angeles Lakers,21500349,2015-12-12T00:00:00,LAL @ HOU,L,27.4,3.0,2.0,0.0,0.0,18.0,12.0,21.0,40.0,0.0,0.0,1.0,1.0,18.1,1,13074,13074,13074,9730,4307,4731,9917,18861,24749,22832,25725,983,8004,1,4972,12373,13090,1.0,27:21,2015,2016
2015-16,202340,Avery Bradley,Avery,1610612738,BOS,Boston Celtics,21500345,2015-12-12T00:00:00,BOS @ CHA,W,34.9,0.0,2.0,0.0,4.0,2.0,4.0,0.0,22.0,0.0,1.0,2.0,0.0,31.1,1,1,1,1,3623,12059,4731,9917,8599,2619,8458,1,10265,8004,17214,11390,18762,5354,1.0,34:53,2015,2016
2015-16,203105,Festus Ezeli,Festus,1610612744,GSW,Golden State Warriors,21500351,2015-12-12T00:00:00,GSW @ MIL,L,20.5,5.0,5.0,5.0,10.0,10.0,2.0,10.0,24.0,0.0,1.0,3.0,5.0,26.6,1,13074,13074,13074,15526,1603,995,1277,1840,17370,3734,20169,8723,8004,17214,17641,1539,7566,1.0,20:27,2015,2016
2015-16,203145,Kent Bazemore,Kent,1610612737,ATL,Atlanta Hawks,21500347,2015-12-12T00:00:00,ATL vs. SAS,L,24.6,2.0,3.0,4.0,8.0,7.0,6.0,4.0,18.0,0.0,0.0,0.0,4.0,20.1,1,13074,13074,13074,12000,6026,3104,1913,3109,12242,13237,8806,13577,8004,1,1,2748,11685,1.0,24:37,2015,2016
2015-16,2730,Dwight Howard,Dwight,1610612745,HOU,Houston Rockets,21500349,2015-12-12T00:00:00,HOU vs. LAL,W,33.3,3.0,8.0,4.0,14.0,12.0,9.0,12.0,24.0,2.0,0.0,0.0,6.0,42.4,1,1,1,1,4930,4307,137,1913,542,20178,19144,22259,8723,932,1,1,873,1860,1.0,33:15,2015,2016
2015-16,202323,Evan Turner,Evan,1610612738,BOS,Boston Celtics,21500345,2015-12-12T00:00:00,BOS @ CHA,W,28.3,0.0,2.0,0.0,6.0,0.0,2.0,0.0,18.0,0.0,0.0,2.0,2.0,19.9,1,1,1,1,9039,12059,4731,9917,5299,1,3734,1,13577,8004,1,11390,7786,11824,1.0,28:15,2015,2016
2015-16,202710,Jimmy Butler III,Jimmy,1610612741,CHI,Chicago Bulls,21500348,2015-12-12T00:00:00,CHI vs. NOP,W,38.4,1.0,0.0,1.0,8.0,12.0,8.0,19.0,38.0,1.0,1.0,1.0,6.0,26.6,1,1,1,1,1349,11535,10158,9347,3109,20178,17345,25435,1422,2692,17214,4972,873,7566,1.0,38:21,2015,2016
2015-16,200755,JJ Redick,JJ,1610612746,LAC,LA Clippers,21500344,2015-12-12T00:00:00,LAC @ BKN,W,27.3,3.0,0.0,0.0,0.0,13.0,4.0,4.0,28.0,0.0,0.0,3.0,5.0,26.9,1,1,1,1,9752,4307,10158,9917,18861,21300,8458,8806,5824,8004,1,17641,1539,7438,1.0,27:19,2015,2016
2015-16,200826,J.J. Barea,J.J.,1610612742,DAL,Dallas Mavericks,21500350,2015-12-12T00:00:00,DAL vs. WAS,L,28.6,5.0,0.0,0.0,4.0,2.0,7.0,11.0,16.0,0.0,1.0,2.0,2.0,31.1,1,13074,13074,13074,8748,1603,10158,9917,8599,2619,15642,21342,15259,8004,17214,11390,7786,5354,1.0,28:35,2015,2016
2015-16,101135,David Lee,David,1610612738,BOS,Boston Celtics,21500345,2015-12-12T00:00:00,BOS @ CHA,W,17.9,2.0,2.0,2.0,8.0,0.0,2.0,0.0,10.0,1.0,1.0,1.0,1.0,26.5,1,1,1,1,17604,6026,4731,4675,3109,1,3734,1,20209,2692,17214,4972,12373,7627,1.0,17:53,2015,2016
2015-16,2585,Zaza Pachulia,Zaza,1610612742,DAL,Dallas Mavericks,21500350,2015-12-12T00:00:00,DAL vs. WAS,L,23.1,4.0,2.0,2.0,8.0,11.0,2.0,23.0,24.0,0.0,1.0,1.0,1.0,26.9,1,13074,13074,13074,13324,2460,4731,4675,3109,18886,3734,25880,8723,8004,17214,4972,12373,7438,1.0,23:04,2015,2016
2015-16,202066,Garrett Temple,Garrett,1610612764,WAS,Washington Wizards,21500350,2015-12-12T00:00:00,WAS @ DAL,W,28.1,0.0,0.0,2.0,2.0,7.0,9.0,4.0,18.0,1.0,0.0,3.0,1.0,20.4,1,1,1,1,9152,12059,10158,4675,12984,12242,19144,8806,13577,2692,1,17641,12373,11453,1.0,28:07,2015,2016
2015-16,203482,Kelly Olynyk,Kelly,1610612738,BOS,Boston Celtics,21500345,2015-12-12T00:00:00,BOS @ CHA,W,23.1,2.0,0.0,2.0,8.0,0.0,4.0,0.0,14.0,0.0,0.0,1.0,0.0,11.8,1,1,1,1,13334,6026,10158,4675,3109,1,8458,1,17019,8004,1,4972,18762,17832,1.0,23:03,2015,2016
2015-16,2200,Pau Gasol,Pau,1610612741,CHI,Chicago Bulls,21500348,2015-12-12T00:00:00,CHI vs. NOP,W,31.2,2.0,3.0,0.0,6.0,12.0,8.0,13.0,26.0,0.0,2.0,2.0,5.0,31.2,1,1,1,1,6567,6026,3104,9917,5299,20178,17345,23048,7214,8004,23588,11390,1539,5304,1.0,31:11,2015,2016
2015-16,203507,Giannis Antetokounmpo,Giannis,1610612749,MIL,Milwaukee Bucks,21500351,2015-12-12T00:00:00,MIL vs. GSW,W,43.0,2.0,0.0,2.0,2.0,17.0,18.0,19.0,52.0,2.0,1.0,2.0,4.0,42.4,1,1,1,1,203,6026,10158,4675,12984,24337,25634,25435,59,932,17214,11390,2748,1860,1.0,42:58,2015,2016
2015-16,101109,Raymond Felton,Raymond,1610612742,DAL,Dallas Mavericks,21500350,2015-12-12T00:00:00,DAL vs. WAS,L,38.3,0.0,0.0,6.0,6.0,13.0,5.0,26.0,24.0,0.0,0.0,2.0,4.0,40.7,1,13074,13074,13074,1383,12059,10158,740,5299,21300,11469,26007,8723,8004,1,11390,2748,2199,1.0,38:17,2015,2016
2015-16,201143,Al Horford,Al,1610612737,ATL,Atlanta Hawks,21500347,2015-12-12T00:00:00,ATL vs. SAS,L,25.9,2.0,2.0,1.0,2.0,9.0,2.0,9.0,16.0,0.0,1.0,0.0,2.0,26.9,1,13074,13074,13074,10956,6026,4731,9347,12984,15771,3734,18829,15259,8004,17214,1,7786,7438,1.0,25:52,2015,2016
2015-16,201196,Ramon Sessions,Ramon,1610612764,WAS,Washington Wizards,21500350,2015-12-12T00:00:00,WAS @ DAL,W,29.9,0.0,0.0,6.0,4.0,12.0,6.0,10.0,28.0,1.0,1.0,4.0,5.0,27.2,1,1,1,1,7654,12059,10158,740,8599,20178,13237,20169,5824,2692,17214,22104,1539,7289,1.0,29:52,2015,2016
2015-16,201147,Corey Brewer,Corey,1610612745,HOU,Houston Rockets,21500349,2015-12-12T00:00:00,HOU vs. LAL,W,17.1,1.0,0.0,4.0,0.0,5.0,5.0,4.0,8.0,1.0,0.0,3.0,2.0,30.4,1,1,1,1,18185,11535,10158,1913,18861,8403,11469,8806,21543,2692,1,17641,7786,5661,1.0,17:07,2015,2016
2015-16,202691,Klay Thompson,Klay,1610612744,GSW,Golden State Warriors,21500351,2015-12-12T00:00:00,GSW @ MIL,L,30.5,4.0,3.0,3.0,4.0,16.0,12.0,12.0,38.0,0.0,0.0,4.0,2.0,19.9,1,13074,13074,13074,7141,2460,3104,3302,8599,23774,22832,22259,1422,8004,1,22104,7786,11824,1.0,30:27,2015,2016
2015-16,203926,Doug McDermott,Doug,1610612741,CHI,Chicago Bulls,21500348,2015-12-12T00:00:00,CHI vs. NOP,W,27.5,0.0,0.0,3.0,4.0,6.0,4.0,13.0,28.0,0.0,0.0,0.0,0.0,15.4,1,1,1,1,9578,12059,10158,3302,8599,10028,8458,23048,5824,8004,1,1,18762,15066,1.0,27:32,2015,2016
2015-16,201977,Marcus Thornton,Marcus,1610612745,HOU,Houston Rockets,21500349,2015-12-12T00:00:00,HOU vs. LAL,W,16.5,7.0,0.0,2.0,4.0,3.0,3.0,2.0,2.0,0.0,0.0,0.0,0.0,26.1,1,1,1,1,18663,548,10158,4675,8599,5109,7138,4025,24614,8004,1,1,18762,7836,1.0,16:29,2015,2016
2015-16,203459,Allen Crabbe,Allen,1610612757,POR,Portland Trail Blazers,21500352,2015-12-12T00:00:00,POR vs. NYK,L,27.2,0.0,7.0,0.0,4.0,4.0,7.0,9.0,28.0,0.0,0.0,2.0,5.0,20.4,1,13074,13074,13074,9879,12059,292,9917,8599,6141,15642,18829,5824,8004,1,11390,1539,11453,1.0,27:10,2015,2016
2015-16,203991,Clint Capela,Clint,1610612745,HOU,Houston Rockets,21500349,2015-12-12T00:00:00,HOU vs. LAL,W,24.5,4.0,6.0,2.0,10.0,7.0,3.0,4.0,10.0,1.0,0.0,3.0,2.0,31.5,1,1,1,1,12147,2460,481,4675,1840,12242,7138,8806,20209,2692,1,17641,7786,5180,1.0,24:29,2015,2016
2015-16,201988,Patty Mills,Patty,1610612759,SAS,San Antonio Spurs,21500347,2015-12-12T00:00:00,SAS @ ATL,W,23.9,0.0,0.0,2.0,2.0,15.0,12.0,11.0,24.0,0.0,0.0,1.0,2.0,20.1,1,1,1,1,12650,12059,10158,4675,12984,23079,22832,21342,8723,8004,1,4972,7786,11685,1.0,23:54,2015,2016
2015-16,1626163,Frank Kaminsky,Frank,1610612766,CHA,Charlotte Hornets,21500345,2015-12-12T00:00:00,CHA vs. BOS,L,22.7,0.0,0.0,0.0,0.0,4.0,2.0,4.0,24.0,1.0,0.0,0.0,0.0,15.2,1,13074,13074,13074,13645,12059,10158,9917,18861,6141,3734,8806,8723,2692,1,1,18762,15219,1.0,22:39,2015,2016
2015-16,201579,Roy Hibbert,Roy,1610612747,LAL,Los Angeles Lakers,21500349,2015-12-12T00:00:00,LAL @ HOU,L,25.2,0.0,4.0,0.0,6.0,9.0,17.0,17.0,32.0,3.0,2.0,4.0,0.0,27.4,1,13074,13074,13074,11515,12059,1596,9917,5299,15771,25429,24967,3535,347,23588,22104,18762,7179,1.0,25:13,2015,2016
2015-16,203934,Lamar Patterson,Lamar,1610612737,ATL,Atlanta Hawks,21500347,2015-12-12T00:00:00,ATL vs. SAS,L,16.9,2.0,0.0,2.0,2.0,3.0,0.0,4.0,10.0,0.0,0.0,0.0,0.0,12.1,1,13074,13074,13074,18319,6026,10158,4675,12984,5109,1,8806,20209,8004,1,1,18762,17639,1.0,16:56,2015,2016
2015-16,200794,Paul Millsap,Paul,1610612737,ATL,Atlanta Hawks,21500347,2015-12-12T00:00:00,ATL vs. SAS,L,29.3,6.0,3.0,4.0,12.0,9.0,6.0,7.0,26.0,2.0,0.0,4.0,4.0,40.0,1,13074,13074,13074,8167,878,3104,1913,988,15771,13237,15538,7214,932,1,22104,2748,2364,1.0,29:15,2015,2016
2015-16,2772,Trevor Ariza,Trevor,1610612745,HOU,Houston Rockets,21500349,2015-12-12T00:00:00,HOU vs. LAL,W,28.1,2.0,0.0,2.0,0.0,12.0,6.0,12.0,20.0,0.0,0.0,2.0,1.0,27.0,1,1,1,1,9126,6026,10158,4675,18861,20178,13237,22259,11929,8004,1,11390,12373,7385,1.0,28:08,2015,2016
2015-16,202704,Reggie Jackson,Reggie,1610612765,DET,Detroit Pistons,21500346,2015-12-12T00:00:00,DET vs. IND,W,25.6,2.0,4.0,0.0,6.0,8.0,2.0,10.0,36.0,0.0,1.0,1.0,1.0,40.1,1,1,1,1,11178,6026,1596,9917,5299,13914,3734,20169,1943,8004,17214,4972,12373,2345,1.0,25:38,2015,2016
2015-16,203471,Dennis Schröder,Dennis,1610612737,ATL,Atlanta Hawks,21500347,2015-12-12T00:00:00,ATL vs. SAS,L,19.3,0.0,0.0,2.0,0.0,6.0,2.0,4.0,8.0,0.0,0.0,1.0,2.0,20.1,1,13074,13074,13074,16457,12059,10158,4675,18861,10028,3734,8806,21543,8004,1,4972,7786,11685,1.0,19:18,2015,2016
2015-16,203468,CJ McCollum,CJ,1610612757,POR,Portland Trail Blazers,21500352,2015-12-12T00:00:00,POR vs. NYK,L,35.3,3.0,0.0,0.0,2.0,0.0,7.0,12.0,20.0,0.0,0.0,3.0,3.0,26.1,1,13074,13074,13074,3280,4307,10158,9917,12984,1,15642,22259,11929,8004,1,17641,4736,7836,1.0,35:20,2015,2016
2015-16,201144,Mike Conley,Mike,1610612763,MEM,Memphis Grizzlies,21500338,2015-12-11T00:00:00,MEM vs. CHA,L,30.4,2.0,0.0,2.0,4.0,13.0,13.0,7.0,18.0,2.0,0.0,2.0,4.0,31.6,1,13074,13074,13074,7155,6026,10158,4675,8599,21300,23668,15538,13577,932,1,11390,2748,5130,1.0,30:26,2015,2016
2015-16,203079,Dion Waiters,Dion,1610612760,OKC,Oklahoma City Thunder,21500341,2015-12-11T00:00:00,OKC @ UTA,W,29.7,2.0,2.0,2.0,6.0,3.0,11.0,5.0,26.0,0.0,0.0,1.0,2.0,15.3,1,1,1,1,7847,6026,4731,4675,5299,5109,21814,11593,7214,8004,1,4972,7786,15150,1.0,29:39,2015,2016
2015-16,203081,Damian Lillard,Damian,1610612757,POR,Portland Trail Blazers,21500343,2015-12-11T00:00:00,POR @ PHX,W,35.4,3.0,0.0,0.0,8.0,9.0,5.0,5.0,32.0,0.0,3.0,2.0,2.0,31.5,1,1,1,1,3196,4307,10158,9917,3109,15771,11469,11593,3535,8004,25441,11390,7786,5180,1.0,35:26,2015,2016
2015-16,2547,Chris Bosh,Chris,1610612748,MIA,Miami Heat,21500333,2015-12-11T00:00:00,MIA @ IND,L,36.1,6.0,2.0,0.0,2.0,15.0,7.0,7.0,30.0,3.0,2.0,2.0,6.0,43.0,1,13074,13074,13074,2720,878,4731,9917,12984,23079,15642,15538,4541,347,23588,11390,873,1733,1.0,36:03,2015,2016
2015-16,202709,Cory Joseph,Cory,1610612761,TOR,Toronto Raptors,21500337,2015-12-11T00:00:00,TOR vs. MIL,W,32.3,0.0,2.0,2.0,6.0,13.0,8.0,7.0,24.0,1.0,1.0,2.0,5.0,31.1,1,1,1,1,5633,12059,4731,4675,5299,21300,17345,15538,8723,2692,17214,11390,1539,5354,1.0,32:19,2015,2016
2015-16,201568,Danilo Gallinari,Danilo,1610612743,DEN,Denver Nuggets,21500340,2015-12-11T00:00:00,DEN vs. MIN,W,42.4,6.0,0.0,4.0,2.0,8.0,6.0,9.0,32.0,0.0,1.0,1.0,7.0,40.4,1,1,1,1,263,878,10158,1913,12984,13914,13237,18829,3535,8004,17214,4972,469,2274,1.0,42:23,2015,2016
2015-16,201188,Marc Gasol,Marc,1610612763,MEM,Memphis Grizzlies,21500338,2015-12-11T00:00:00,MEM vs. CHA,L,37.3,2.0,0.0,0.0,8.0,17.0,13.0,7.0,26.0,1.0,0.0,2.0,4.0,40.3,1,13074,13074,13074,1887,6026,10158,9917,3109,24337,23668,15538,7214,2692,1,11390,2748,2302,1.0,37:18,2015,2016
2015-16,1626163,Frank Kaminsky,Frank,1610612766,CHA,Charlotte Hornets,21500338,2015-12-11T00:00:00,CHA @ MEM,W,27.2,0.0,2.0,2.0,6.0,9.0,7.0,11.0,16.0,0.0,0.0,3.0,3.0,26.7,1,1,1,1,9883,12059,4731,4675,5299,15771,15642,21342,15259,8004,1,17641,4736,7525,1.0,27:09,2015,2016
2015-16,201229,Anthony Tolliver,Anthony,1610612765,DET,Detroit Pistons,21500335,2015-12-11T00:00:00,DET @ PHI,W,22.4,0.0,0.0,0.0,0.0,11.0,5.0,2.0,32.0,0.0,0.0,1.0,1.0,15.5,1,1,1,1,13873,12059,10158,9917,18861,18886,11469,4025,3535,8004,1,4972,12373,15004,1.0,22:21,2015,2016
2015-16,201162,Jared Dudley,Jared,1610612764,WAS,Washington Wizards,21500339,2015-12-11T00:00:00,WAS @ NOP,L,37.9,0.0,0.0,0.0,2.0,12.0,11.0,12.0,18.0,0.0,0.0,4.0,2.0,27.1,1,13074,13074,13074,1534,12059,10158,9917,12984,20178,21814,22259,13577,8004,1,22104,7786,7339,1.0,37:56,2015,2016
2015-16,1626143,Jahlil Okafor,Jahlil,1610612755,PHI,Philadelphia 76ers,21500335,2015-12-11T00:00:00,PHI vs. DET,L,30.1,2.0,3.0,0.0,14.0,20.0,14.0,17.0,34.0,1.0,1.0,2.0,3.0,30.2,1,13074,13074,13074,7484,6026,3104,9917,542,25338,24300,24967,2701,2692,17214,11390,4736,5751,1.0,30:04,2015,2016
2015-16,101150,Lou Williams,Lou,1610612747,LAL,Los Angeles Lakers,21500342,2015-12-11T00:00:00,LAL @ SAS,L,33.8,2.0,5.0,2.0,6.0,16.0,12.0,13.0,36.0,1.0,1.0,2.0,2.0,31.1,1,13074,13074,13074,4509,6026,995,4675,5299,23774,22832,23048,1943,2692,17214,11390,7786,5354,1.0,33:48,2015,2016
2015-16,202323,Evan Turner,Evan,1610612738,BOS,Boston Celtics,21500336,2015-12-11T00:00:00,BOS vs. GSW,L,36.4,2.0,0.0,4.0,12.0,10.0,12.0,15.0,42.0,2.0,1.0,2.0,1.0,41.8,1,13074,13074,13074,2449,6026,10158,1913,988,17370,22832,24242,670,932,17214,11390,12373,1981,1.0,36:25,2015,2016
2015-16,2755,Kevin Martin,Kevin,1610612750,MIN,Minnesota Timberwolves,21500340,2015-12-11T00:00:00,MIN @ DEN,L,40.7,2.0,0.0,7.0,6.0,8.0,4.0,8.0,34.0,0.0,0.0,1.0,2.0,31.3,1,13074,13074,13074,566,6026,10158,454,5299,13914,8458,17194,2701,8004,1,4972,7786,5258,1.0,40:40,2015,2016
2015-16,101139,CJ Miles,CJ,1610612754,IND,Indiana Pacers,21500333,2015-12-11T00:00:00,IND vs. MIA,W,34.2,6.0,2.0,3.0,6.0,9.0,8.0,2.0,22.0,2.0,2.0,2.0,1.0,30.6,1,1,1,1,4226,878,4731,3302,5299,15771,17345,4025,10265,932,23588,11390,12373,5574,1.0,34:09,2015,2016
2015-16,203521,Matthew Dellavedova,Matthew,1610612739,CLE,Cleveland Cavaliers,21500334,2015-12-11T00:00:00,CLE @ ORL,W,24.1,5.0,0.0,0.0,2.0,2.0,2.0,3.0,14.0,0.0,0.0,3.0,2.0,20.2,1,1,1,1,12429,1603,10158,9917,12984,2619,3734,7328,17019,8004,1,17641,7786,11610,1.0,24:08,2015,2016
2015-16,203099,Jared Cunningham,Jared,1610612739,CLE,Cleveland Cavaliers,21500334,2015-12-11T00:00:00,CLE @ ORL,W,23.2,1.0,1.0,1.0,0.0,9.0,3.0,2.0,12.0,0.0,1.0,3.0,3.0,11.6,1,1,1,1,13196,11535,9709,9347,18861,15771,7138,4025,18637,8004,17214,17641,4736,17970,1.0,23:12,2015,2016
2015-16,203530,Joffrey Lauvergne,Joffrey,1610612743,DEN,Denver Nuggets,21500340,2015-12-11T00:00:00,DEN vs. MIN,W,13.7,0.0,0.0,0.0,6.0,2.0,4.0,4.0,20.0,0.0,0.0,2.0,0.0,11.6,1,1,1,1,20597,12059,10158,9917,5299,2619,8458,8806,11929,8004,1,11390,18762,17970,1.0,13:41,2015,2016
2015-16,203484,Kentavious Caldwell-Pope,Kentavious,1610612765,DET,Detroit Pistons,21500335,2015-12-11T00:00:00,DET @ PHI,W,35.8,6.0,1.0,5.0,4.0,11.0,5.0,11.0,30.0,0.0,0.0,1.0,1.0,26.4,1,1,1,1,2919,878,9709,1277,8599,18886,11469,21342,4541,8004,1,4972,12373,7672,1.0,35:46,2015,2016
2015-16,2736,Luol Deng,Luol,1610612748,MIA,Miami Heat,21500333,2015-12-11T00:00:00,MIA @ IND,L,34.0,0.0,2.0,0.0,4.0,16.0,9.0,8.0,28.0,0.0,0.0,2.0,1.0,15.1,1,13074,13074,13074,4358,12059,4731,9917,8599,23774,19144,17194,5824,8004,1,11390,12373,15328,1.0,33:60,2015,2016
2015-16,203490,Otto Porter Jr.,Otto,1610612764,WAS,Washington Wizards,21500339,2015-12-11T00:00:00,WAS @ NOP,L,33.8,3.0,2.0,6.0,2.0,10.0,9.0,5.0,12.0,0.0,0.0,3.0,2.0,31.4,1,13074,13074,13074,4484,4307,4731,740,12984,17370,19144,11593,18637,8004,1,17641,7786,5218,1.0,33:50,2015,2016
2015-16,203458,Alex Len,Alex,1610612756,PHX,Phoenix Suns,21500343,2015-12-11T00:00:00,PHX vs. POR,L,27.5,0.0,1.0,0.0,2.0,9.0,12.0,6.0,22.0,1.0,1.0,0.0,4.0,27.1,1,13074,13074,13074,9578,12059,9709,9917,12984,15771,22832,13388,10265,2692,17214,1,2748,7339,1.0,27:32,2015,2016
2015-16,201588,George Hill,George,1610612754,IND,Indiana Pacers,21500333,2015-12-11T00:00:00,IND vs. MIA,W,31.3,2.0,0.0,2.0,6.0,13.0,6.0,4.0,24.0,0.0,1.0,0.0,1.0,20.0,1,1,1,1,6439,6026,10158,4675,5299,21300,13237,8806,8723,8004,17214,1,12373,11752,1.0,31:20,2015,2016
2015-16,201142,Kevin Durant,Kevin,1610612760,OKC,Oklahoma City Thunder,21500341,2015-12-11T00:00:00,OKC @ UTA,W,37.4,0.0,2.0,0.0,6.0,6.0,17.0,5.0,24.0,1.0,0.0,2.0,4.0,42.1,1,1,1,1,1844,12059,4731,9917,5299,10028,25429,11593,8723,2692,1,11390,2748,1910,1.0,37:23,2015,2016
2015-16,203105,Festus Ezeli,Festus,1610612744,GSW,Golden State Warriors,21500336,2015-12-11T00:00:00,GSW @ BOS,W,27.5,0.0,2.0,3.0,6.0,13.0,0.0,4.0,26.0,1.0,1.0,1.0,7.0,30.4,1,1,1,1,9612,12059,4731,3302,5299,21300,1,8806,7214,2692,17214,4972,469,5661,1.0,27:30,2015,2016
2015-16,202684,Tristan Thompson,Tristan,1610612739,CLE,Cleveland Cavaliers,21500334,2015-12-11T00:00:00,CLE @ ORL,W,19.7,2.0,2.0,0.0,2.0,5.0,5.0,0.0,14.0,0.0,0.0,0.0,1.0,12.2,1,1,1,1,16189,6026,4731,9917,12984,8403,11469,1,17019,8004,1,1,12373,17566,1.0,19:39,2015,2016
2015-16,2548,Dwyane Wade,Dwyane,1610612748,MIA,Miami Heat,21500333,2015-12-11T00:00:00,MIA @ IND,L,34.1,2.0,0.0,2.0,10.0,19.0,9.0,8.0,28.0,0.0,1.0,0.0,1.0,31.5,1,13074,13074,13074,4265,6026,10158,4675,1840,25074,19144,17194,5824,8004,17214,1,12373,5180,1.0,34:06,2015,2016
2015-16,203923,James Young,James,1610612738,BOS,Boston Celtics,21500336,2015-12-11T00:00:00,BOS vs. GSW,L,19.9,2.0,0.0,0.0,0.0,8.0,5.0,10.0,28.0,0.0,0.0,0.0,0.0,11.8,1,13074,13074,13074,15993,6026,10158,9917,18861,13914,11469,20169,5824,8004,1,1,18762,17832,1.0,19:55,2015,2016
2015-16,201942,DeMar DeRozan,DeMar,1610612761,TOR,Toronto Raptors,21500337,2015-12-11T00:00:00,TOR vs. MIL,W,34.8,2.0,4.0,2.0,12.0,13.0,2.0,5.0,26.0,1.0,1.0,3.0,7.0,41.1,1,1,1,1,3666,6026,1596,4675,988,21300,3734,11593,7214,2692,17214,17641,469,2123,1.0,34:50,2015,2016
2015-16,202329,Al-Farouq Aminu,Al-Farouq,1610612757,POR,Portland Trail Blazers,21500343,2015-12-11T00:00:00,POR @ PHX,W,30.2,0.0,3.0,2.0,4.0,6.0,5.0,2.0,26.0,1.0,1.0,1.0,1.0,40.1,1,1,1,1,7363,12059,3104,4675,8599,10028,11469,4025,7214,2692,17214,4972,12373,2345,1.0,30:11,2015,2016
2015-16,200782,P.J. Tucker,P.J.,1610612756,PHX,Phoenix Suns,21500343,2015-12-11T00:00:00,PHX vs. POR,L,22.3,0.0,2.0,0.0,2.0,10.0,10.0,2.0,18.0,1.0,0.0,1.0,1.0,15.8,1,13074,13074,13074,13920,12059,4731,9917,12984,17370,20509,4025,13577,2692,1,4972,12373,14754,1.0,22:18,2015,2016
2015-16,201586,Serge Ibaka,Serge,1610612760,OKC,Oklahoma City Thunder,21500341,2015-12-11T00:00:00,OKC @ UTA,W,30.4,4.0,0.0,0.0,4.0,4.0,12.0,2.0,22.0,1.0,1.0,3.0,0.0,20.1,1,1,1,1,7177,2460,10158,9917,8599,6141,22832,4025,10265,2692,17214,17641,18762,11685,1.0,30:24,2015,2016
2015-16,2749,Jameer Nelson,Jameer,1610612743,DEN,Denver Nuggets,21500340,2015-12-11T00:00:00,DEN vs. MIN,W,37.8,2.0,0.0,2.0,4.0,8.0,2.0,9.0,18.0,0.0,0.0,5.0,1.0,40.7,1,1,1,1,1617,6026,10158,4675,8599,13914,3734,18829,13577,8004,1,24686,12373,2199,1.0,37:47,2015,2016
2015-16,202334,Ed Davis,Ed,1610612757,POR,Portland Trail Blazers,21500343,2015-12-11T00:00:00,POR @ PHX,W,21.4,0.0,2.0,0.0,8.0,6.0,3.0,7.0,10.0,0.0,1.0,1.0,3.0,19.8,1,1,1,1,14735,12059,4731,9917,3109,10028,7138,15538,20209,8004,17214,4972,4736,11883,1.0,21:21,2015,2016
2015-16,203498,Shabazz Muhammad,Shabazz,1610612750,MIN,Minnesota Timberwolves,21500340,2015-12-11T00:00:00,MIN @ DEN,L,16.1,0.0,0.0,0.0,4.0,4.0,4.0,4.0,10.0,1.0,0.0,0.0,2.0,12.4,1,13074,13074,13074,18984,12059,10158,9917,8599,6141,8458,8806,20209,2692,1,1,7786,17418,1.0,16:05,2015,2016
2015-16,203468,CJ McCollum,CJ,1610612757,POR,Portland Trail Blazers,21500343,2015-12-11T00:00:00,POR @ PHX,W,34.1,9.0,0.0,0.0,2.0,7.0,7.0,6.0,22.0,0.0,1.0,2.0,2.0,42.4,1,1,1,1,4291,171,10158,9917,12984,12242,15642,13388,10265,8004,17214,11390,7786,1860,1.0,34:05,2015,2016
2015-16,203094,Andrew Nicholson,Andrew,1610612753,ORL,Orlando Magic,21500334,2015-12-11T00:00:00,ORL vs. CLE,L,23.2,0.0,0.0,0.0,6.0,18.0,6.0,6.0,20.0,1.0,0.0,2.0,0.0,17.2,1,13074,13074,13074,13241,12059,10158,9917,5299,24749,13237,13388,11929,2692,1,11390,18762,13725,1.0,23:09,2015,2016
2015-16,1626164,Devin Booker,Devin,1610612756,PHX,Phoenix Suns,21500343,2015-12-11T00:00:00,PHX vs. POR,L,22.1,3.0,0.0,3.0,2.0,8.0,9.0,2.0,18.0,1.0,0.0,1.0,1.0,13.7,1,13074,13074,13074,14074,4307,10158,3302,12984,13914,19144,4025,13577,2692,1,4972,12373,16393,1.0,22:07,2015,2016
2015-16,200746,LaMarcus Aldridge,LaMarcus,1610612759,SAS,San Antonio Spurs,21500342,2015-12-11T00:00:00,SAS vs. LAL,W,27.0,6.0,10.0,2.0,14.0,6.0,7.0,2.0,12.0,0.0,2.0,0.0,4.0,39.7,1,1,1,1,10015,878,34,4675,542,10028,15642,4025,18637,8004,23588,1,2748,2451,1.0,27:00,2015,2016
2015-16,202683,Enes Freedom,Enes,1610612760,OKC,Oklahoma City Thunder,21500341,2015-12-11T00:00:00,OKC @ UTA,W,23.7,0.0,2.0,0.0,8.0,2.0,7.0,3.0,20.0,0.0,0.0,1.0,3.0,17.7,1,1,1,1,12837,12059,4731,9917,3109,2619,15642,7328,11929,8004,1,4972,4736,13380,1.0,23:41,2015,2016
2015-16,202328,Greg Monroe,Greg,1610612749,MIL,Milwaukee Bucks,21500337,2015-12-11T00:00:00,MIL @ TOR,L,33.0,3.0,0.0,0.0,12.0,4.0,4.0,8.0,36.0,0.0,0.0,0.0,3.0,32.4,1,13074,13074,13074,5137,4307,10158,9917,988,6141,8458,17194,1943,8004,1,1,4736,4768,1.0,32:59,2015,2016
2015-16,203924,Jerami Grant,Jerami,1610612755,PHI,Philadelphia 76ers,21500335,2015-12-11T00:00:00,PHI vs. DET,L,17.7,2.0,0.0,0.0,8.0,17.0,10.0,14.0,24.0,2.0,1.0,2.0,1.0,17.5,1,13074,13074,13074,17720,6026,10158,9917,3109,24337,20509,23710,8723,932,17214,11390,12373,13528,1.0,17:45,2015,2016
2015-16,1495,Tim Duncan,Tim,1610612759,SAS,San Antonio Spurs,21500342,2015-12-11T00:00:00,SAS vs. LAL,W,20.3,0.0,0.0,0.0,4.0,4.0,7.0,0.0,10.0,1.0,0.0,0.0,2.0,16.8,1,1,1,1,15631,12059,10158,9917,8599,6141,15642,1,20209,2692,1,1,7786,13996,1.0,20:19,2015,2016
2015-16,101141,Ersan Ilyasova,Ersan,1610612765,DET,Detroit Pistons,21500335,2015-12-11T00:00:00,DET @ PHI,W,25.7,7.0,2.0,0.0,4.0,7.0,2.0,9.0,18.0,2.0,2.0,3.0,3.0,39.6,1,1,1,1,11157,548,4731,9917,8599,12242,3734,18829,13577,932,23588,17641,4736,2474,1.0,25:39,2015,2016
2015-16,202066,Garrett Temple,Garrett,1610612764,WAS,Washington Wizards,21500339,2015-12-11T00:00:00,WAS @ NOP,L,28.4,0.0,2.0,0.0,0.0,8.0,9.0,5.0,12.0,0.0,0.0,2.0,0.0,22.5,1,13074,13074,13074,8908,12059,4731,9917,18861,13914,19144,11593,18637,8004,1,11390,18762,10082,1.0,28:25,2015,2016
2015-16,203115,Will Barton,Will,1610612743,DEN,Denver Nuggets,21500340,2015-12-11T00:00:00,DEN vs. MIN,W,34.6,0.0,0.0,0.0,8.0,7.0,2.0,8.0,20.0,0.0,1.0,2.0,1.0,32.3,1,1,1,1,3890,12059,10158,9917,3109,12242,3734,17194,11929,8004,17214,11390,12373,4807,1.0,34:34,2015,2016
2015-16,201587,Nicolas Batum,Nicolas,1610612766,CHA,Charlotte Hornets,21500338,2015-12-11T00:00:00,CHA @ MEM,W,30.3,0.0,0.0,0.0,2.0,12.0,2.0,9.0,30.0,0.0,0.0,1.0,0.0,27.8,1,1,1,1,7284,12059,10158,9917,12984,20178,3734,18829,4541,8004,1,4972,18762,6950,1.0,30:16,2015,2016
2015-16,203109,Jae Crowder,Jae,1610612738,BOS,Boston Celtics,21500336,2015-12-11T00:00:00,BOS vs. GSW,L,47.8,5.0,4.0,5.0,4.0,9.0,10.0,15.0,46.0,2.0,1.0,3.0,3.0,32.5,1,13074,13074,13074,27,1603,1596,1277,8599,15771,20509,24242,298,932,17214,17641,4736,4726,1.0,47:47,2015,2016
2015-16,101106,Andrew Bogut,Andrew,1610612744,GSW,Golden State Warriors,21500336,2015-12-11T00:00:00,GSW @ BOS,W,23.3,0.0,0.0,0.0,2.0,3.0,7.0,8.0,20.0,3.0,0.0,4.0,2.0,22.3,1,1,1,1,13132,12059,10158,9917,12984,5109,15642,17194,11929,347,1,22104,7786,10208,1.0,23:17,2015,2016
2015-16,200768,Kyle Lowry,Kyle,1610612761,TOR,Toronto Raptors,21500337,2015-12-11T00:00:00,TOR vs. MIL,W,35.3,5.0,0.0,4.0,6.0,12.0,4.0,5.0,30.0,2.0,1.0,3.0,2.0,31.9,1,1,1,1,3323,1603,10158,1913,5299,20178,8458,11593,4541,932,17214,17641,7786,4984,1.0,35:17,2015,2016
2015-16,203457,Nerlens Noel,Nerlens,1610612755,PHI,Philadelphia 76ers,21500335,2015-12-11T00:00:00,PHI vs. DET,L,29.1,2.0,2.0,0.0,4.0,19.0,14.0,15.0,28.0,2.0,1.0,2.0,5.0,28.5,1,13074,13074,13074,8269,6026,4731,9917,8599,25074,24300,24242,5824,932,17214,11390,1539,6613,1.0,29:08,2015,2016
2015-16,203914,Gary Harris,Gary,1610612743,DEN,Denver Nuggets,21500340,2015-12-11T00:00:00,DEN vs. MIN,W,44.4,0.0,0.0,0.0,6.0,7.0,6.0,12.0,40.0,0.0,3.0,3.0,0.0,13.9,1,1,1,1,107,12059,10158,9917,5299,12242,13237,22259,983,8004,25441,17641,18762,16232,1.0,44:22,2015,2016
2015-16,201564,O.J. Mayo,O.J.,1610612749,MIL,Milwaukee Bucks,21500337,2015-12-11T00:00:00,MIL @ TOR,L,34.7,5.0,0.0,3.0,2.0,4.0,8.0,6.0,30.0,1.0,2.0,1.0,1.0,27.6,1,13074,13074,13074,3826,1603,10158,3302,12984,6141,17345,13388,4541,2692,23588,4972,12373,7080,1.0,34:39,2015,2016
2015-16,203999,Nikola Jokić,Nikola,1610612743,DEN,Denver Nuggets,21500340,2015-12-11T00:00:00,DEN vs. MIN,W,24.5,0.0,8.0,0.0,8.0,3.0,0.0,3.0,14.0,0.0,1.0,5.0,6.0,33.2,1,1,1,1,12099,12059,137,9917,3109,5109,1,7328,17019,8004,17214,24686,873,4462,1.0,24:31,2015,2016
2015-16,203944,Julius Randle,Julius,1610612747,LAL,Los Angeles Lakers,21500342,2015-12-11T00:00:00,LAL @ SAS,L,20.4,0.0,0.0,0.0,4.0,11.0,6.0,9.0,14.0,1.0,1.0,4.0,2.0,13.4,1,13074,13074,13074,15535,12059,10158,9917,8599,18886,13237,18829,17019,2692,17214,22104,7786,16614,1.0,20:26,2015,2016
2015-16,201937,Ricky Rubio,Ricky,1610612750,MIN,Minnesota Timberwolves,21500340,2015-12-11T00:00:00,MIN @ DEN,L,30.1,0.0,0.0,0.0,2.0,4.0,2.0,4.0,28.0,0.0,0.0,6.0,2.0,28.5,1,13074,13074,13074,7445,12059,10158,9917,12984,6141,3734,8806,5824,8004,1,25827,7786,6613,1.0,30:06,2015,2016
2015-16,201569,Eric Gordon,Eric,1610612740,NOP,New Orleans Pelicans,21500339,2015-12-11T00:00:00,NOP vs. WAS,W,36.4,3.0,0.0,3.0,2.0,16.0,4.0,9.0,20.0,0.0,0.0,2.0,1.0,22.3,1,1,1,1,2437,4307,10158,3302,12984,23774,8458,18829,11929,8004,1,11390,12373,10208,1.0,36:26,2015,2016
2015-16,2590,Mo Williams,Mo,1610612739,CLE,Cleveland Cavaliers,21500334,2015-12-11T00:00:00,CLE @ ORL,W,23.9,3.0,0.0,3.0,2.0,14.0,6.0,0.0,14.0,0.0,0.0,2.0,1.0,14.0,1,1,1,1,12682,4307,10158,3302,12984,22292,13237,1,17019,8004,1,11390,12373,16166,1.0,23:52,2015,2016
2015-16,203504,Trey Burke,Trey,1610612762,UTA,Utah Jazz,21500341,2015-12-11T00:00:00,UTA vs. OKC,L,29.9,0.0,0.0,0.0,2.0,4.0,6.0,4.0,28.0,0.0,0.0,1.0,2.0,27.6,1,13074,13074,13074,7603,12059,10158,9917,12984,6141,13237,8806,5824,8004,1,4972,7786,7080,1.0,29:56,2015,2016
2015-16,1626157,Karl-Anthony Towns,Karl-Anthony,1610612750,MIN,Minnesota Timberwolves,21500340,2015-12-11T00:00:00,MIN @ DEN,L,31.5,0.0,4.0,0.0,12.0,4.0,2.0,4.0,26.0,3.0,0.0,4.0,6.0,39.3,1,13074,13074,13074,6351,12059,1596,9917,988,6141,3734,8806,7214,347,1,22104,873,2563,1.0,31:27,2015,2016
2015-16,201967,Dante Cunningham,Dante,1610612740,NOP,New Orleans Pelicans,21500339,2015-12-11T00:00:00,NOP vs. WAS,W,18.9,0.0,0.0,0.0,0.0,11.0,3.0,4.0,18.0,0.0,0.0,2.0,1.0,14.0,1,1,1,1,16762,12059,10158,9917,18861,18886,7138,8806,13577,8004,1,11390,12373,16166,1.0,18:55,2015,2016
2015-16,203114,Khris Middleton,Khris,1610612749,MIL,Milwaukee Bucks,21500337,2015-12-11T00:00:00,MIL @ TOR,L,42.8,6.0,2.0,2.0,2.0,4.0,8.0,8.0,42.0,0.0,1.0,3.0,8.0,33.1,1,13074,13074,13074,216,878,4731,4675,12984,6141,17345,17194,670,8004,17214,17641,254,4505,1.0,42:49,2015,2016
2015-16,202344,Trevor Booker,Trevor,1610612762,UTA,Utah Jazz,21500341,2015-12-11T00:00:00,UTA vs. OKC,L,24.1,3.0,5.0,2.0,8.0,4.0,6.0,4.0,24.0,0.0,0.0,4.0,1.0,22.4,1,13074,13074,13074,12503,4307,995,4675,3109,6141,13237,8806,8723,8004,1,22104,12373,10131,1.0,24:03,2015,2016
2015-16,1626209,Mario Hezonja,Mario,1610612753,ORL,Orlando Magic,21500334,2015-12-11T00:00:00,ORL vs. CLE,L,20.6,5.0,3.0,0.0,0.0,19.0,5.0,5.0,22.0,0.0,0.0,6.0,3.0,13.5,1,13074,13074,13074,15404,1603,3104,9917,18861,25074,11469,11593,10265,8004,1,25827,4736,16552,1.0,20:35,2015,2016
2015-16,201596,Mario Chalmers,Mario,1610612763,MEM,Memphis Grizzlies,21500338,2015-12-11T00:00:00,MEM vs. CHA,L,12.5,2.0,1.0,1.0,0.0,6.0,0.0,2.0,10.0,0.0,0.0,5.0,4.0,17.6,1,13074,13074,13074,21270,6026,9709,9347,18861,10028,1,4025,20209,8004,1,24686,2748,13443,1.0,12:31,2015,2016
2015-16,203089,John Henson,John,1610612749,MIL,Milwaukee Bucks,21500337,2015-12-11T00:00:00,MIL @ TOR,L,15.0,2.0,4.0,0.0,6.0,5.0,4.0,0.0,10.0,1.0,0.0,1.0,0.0,14.0,1,13074,13074,13074,19742,6026,1596,9917,5299,8403,8458,1,20209,2692,1,4972,18762,16166,1.0,15:01,2015,2016
2015-16,202697,Iman Shumpert,Iman,1610612739,CLE,Cleveland Cavaliers,21500334,2015-12-11T00:00:00,CLE @ ORL,W,24.6,5.0,2.0,3.0,6.0,7.0,5.0,1.0,16.0,0.0,0.0,2.0,3.0,17.6,1,1,1,1,12017,1603,4731,3302,5299,12242,11469,3646,15259,8004,1,11390,4736,13443,1.0,24:36,2015,2016
2015-16,203507,Giannis Antetokounmpo,Giannis,1610612749,MIL,Milwaukee Bucks,21500337,2015-12-11T00:00:00,MIL @ TOR,L,42.8,2.0,2.0,2.0,12.0,9.0,6.0,8.0,36.0,1.0,1.0,3.0,4.0,32.9,1,13074,13074,13074,216,6026,4731,4675,988,15771,13237,17194,1943,2692,17214,17641,2748,4566,1.0,42:49,2015,2016
2015-16,201567,Kevin Love,Kevin,1610612739,CLE,Cleveland Cavaliers,21500334,2015-12-11T00:00:00,CLE @ ORL,W,27.9,0.0,0.0,0.0,2.0,7.0,5.0,3.0,20.0,0.0,0.0,0.0,4.0,38.6,1,1,1,1,9336,12059,10158,9917,12984,12242,11469,7328,11929,8004,1,1,2748,2744,1.0,27:52,2015,2016
2015-16,201950,Jrue Holiday,Jrue,1610612740,NOP,New Orleans Pelicans,21500339,2015-12-11T00:00:00,NOP vs. WAS,W,26.7,3.0,0.0,3.0,2.0,10.0,3.0,3.0,20.0,0.0,1.0,3.0,1.0,33.0,1,1,1,1,10255,4307,10158,3302,12984,17370,7138,7328,11929,8004,17214,17641,12373,4537,1.0,26:44,2015,2016
2015-16,201988,Patty Mills,Patty,1610612759,SAS,San Antonio Spurs,21500342,2015-12-11T00:00:00,SAS vs. LAL,W,21.7,6.0,0.0,1.0,2.0,0.0,6.0,0.0,14.0,0.0,0.0,0.0,1.0,32.1,1,1,1,1,14406,878,10158,9347,12984,1,13237,1,17019,8004,1,1,12373,4889,1.0,21:44,2015,2016
2015-16,203469,Cody Zeller,Cody,1610612766,CHA,Charlotte Hornets,21500338,2015-12-11T00:00:00,CHA @ MEM,W,21.8,2.0,0.0,2.0,2.0,9.0,2.0,5.0,24.0,0.0,2.0,5.0,0.0,16.9,1,1,1,1,14351,6026,10158,4675,12984,15771,3734,11593,8723,8004,23588,24686,18762,13911,1.0,21:47,2015,2016
2015-16,202694,Marcus Morris Sr.,Marcus,1610612765,DET,Detroit Pistons,21500335,2015-12-11T00:00:00,DET @ PHI,W,34.0,0.0,3.0,7.0,0.0,10.0,7.0,8.0,30.0,1.0,0.0,2.0,3.0,38.6,1,1,1,1,4319,12059,3104,454,18861,17370,15642,17194,4541,2692,1,11390,4736,2744,1.0,34:02,2015,2016
2015-16,202331,Paul George,Paul,1610612754,IND,Indiana Pacers,21500333,2015-12-11T00:00:00,IND vs. MIA,W,37.0,6.0,3.0,4.0,8.0,4.0,12.0,4.0,30.0,0.0,1.0,2.0,6.0,37.1,1,1,1,1,2066,878,3104,1913,3109,6141,22832,8806,4541,8004,17214,11390,873,3151,1.0,37:01,2015,2016
2015-16,1626273,Marcelo Huertas,Marcelo,1610612747,LAL,Los Angeles Lakers,21500342,2015-12-11T00:00:00,LAL @ SAS,L,20.4,0.0,2.0,0.0,4.0,11.0,6.0,7.0,12.0,0.0,0.0,3.0,0.0,11.5,1,13074,13074,13074,15547,12059,4731,9917,8599,18886,13237,15538,18637,8004,1,17641,18762,18079,1.0,20:25,2015,2016
2015-16,203476,Gorgui Dieng,Gorgui,1610612750,MIN,Minnesota Timberwolves,21500340,2015-12-11T00:00:00,MIN @ DEN,L,23.0,0.0,0.0,0.0,2.0,4.0,6.0,4.0,18.0,3.0,0.0,3.0,3.0,29.7,1,13074,13074,13074,13411,12059,10158,9917,12984,6141,13237,8806,13577,347,1,17641,4736,6006,1.0,22:57,2015,2016
2015-16,202330,Gordon Hayward,Gordon,1610612762,UTA,Utah Jazz,21500341,2015-12-11T00:00:00,UTA vs. OKC,L,36.2,3.0,3.0,0.0,2.0,9.0,6.0,2.0,24.0,0.0,0.0,3.0,4.0,37.1,1,13074,13074,13074,2613,4307,3104,9917,12984,15771,13237,4025,8723,8004,1,17641,2748,3151,1.0,36:12,2015,2016
2015-16,202704,Reggie Jackson,Reggie,1610612765,DET,Detroit Pistons,21500335,2015-12-11T00:00:00,DET @ PHI,W,30.5,10.0,2.0,7.0,14.0,6.0,7.0,6.0,24.0,0.0,0.0,1.0,1.0,30.0,1,1,1,1,7077,99,4731,454,542,10028,15642,13388,8723,8004,1,4972,12373,5840,1.0,30:32,2015,2016
2015-16,202720,Jon Leuer,Jon,1610612756,PHX,Phoenix Suns,21500343,2015-12-11T00:00:00,PHX vs. POR,L,27.9,2.0,2.0,0.0,10.0,12.0,11.0,6.0,28.0,0.0,0.0,2.0,1.0,24.6,1,13074,13074,13074,9328,6026,4731,9917,1840,20178,21814,13388,5824,8004,1,11390,12373,8724,1.0,27:52,2015,2016
2015-16,203952,Andrew Wiggins,Andrew,1610612750,MIN,Minnesota Timberwolves,21500340,2015-12-11T00:00:00,MIN @ DEN,L,34.6,4.0,0.0,0.0,10.0,6.0,0.0,6.0,32.0,1.0,1.0,4.0,6.0,30.1,1,13074,13074,13074,3853,2460,10158,9917,1840,10028,1,13388,3535,2692,17214,22104,873,5794,1.0,34:37,2015,2016
2015-16,2440,Matt Barnes,Matt,1610612763,MEM,Memphis Grizzlies,21500338,2015-12-11T00:00:00,MEM vs. CHA,L,24.8,5.0,0.0,8.0,2.0,9.0,5.0,4.0,18.0,1.0,1.0,2.0,0.0,24.9,1,13074,13074,13074,11797,1603,10158,280,12984,15771,11469,8806,13577,2692,17214,11390,18762,8553,1.0,24:50,2015,2016
2015-16,203459,Allen Crabbe,Allen,1610612757,POR,Portland Trail Blazers,21500343,2015-12-11T00:00:00,POR @ PHX,W,28.4,2.0,7.0,2.0,6.0,8.0,3.0,7.0,18.0,1.0,0.0,2.0,0.0,29.5,1,1,1,1,8915,6026,292,4675,5299,13914,7138,15538,13577,2692,1,11390,18762,6103,1.0,28:24,2015,2016
2015-16,202339,Eric Bledsoe,Eric,1610612756,PHX,Phoenix Suns,21500343,2015-12-11T00:00:00,PHX vs. POR,L,35.4,6.0,0.0,4.0,12.0,12.0,12.0,6.0,32.0,1.0,0.0,0.0,4.0,51.3,1,13074,13074,13074,3196,878,10158,1913,988,20178,22832,13388,3535,2692,1,1,2748,631,1.0,35:26,2015,2016
2015-16,202324,Derrick Favors,Derrick,1610612762,UTA,Utah Jazz,21500341,2015-12-11T00:00:00,UTA vs. OKC,L,36.5,0.0,4.0,0.0,8.0,11.0,6.0,4.0,28.0,3.0,1.0,2.0,2.0,36.9,1,13074,13074,13074,2427,12059,1596,9917,3109,18886,13237,8806,5824,347,17214,11390,7786,3210,1.0,36:27,2015,2016
2015-16,202692,Alec Burks,Alec,1610612762,UTA,Utah Jazz,21500341,2015-12-11T00:00:00,UTA vs. OKC,L,26.8,0.0,0.0,1.0,4.0,6.0,6.0,6.0,24.0,0.0,1.0,1.0,8.0,24.1,1,13074,13074,13074,10204,12059,10158,9347,8599,10028,13237,13388,8723,8004,17214,4972,254,9068,1.0,26:47,2015,2016
2015-16,2544,LeBron James,LeBron,1610612739,CLE,Cleveland Cavaliers,21500334,2015-12-11T00:00:00,CLE @ ORL,W,29.4,6.0,0.0,7.0,18.0,7.0,3.0,3.0,18.0,0.0,2.0,0.0,7.0,48.6,1,1,1,1,8043,878,10158,454,131,12242,7138,7328,13577,8004,23588,1,469,900,1.0,29:25,2015,2016
2015-16,2738,Andre Iguodala,Andre,1610612744,GSW,Golden State Warriors,21500336,2015-12-11T00:00:00,GSW @ BOS,W,43.9,2.0,2.0,4.0,8.0,19.0,7.0,6.0,40.0,0.0,0.0,1.0,1.0,36.5,1,1,1,1,141,6026,4731,1913,3109,25074,15642,13388,983,8004,1,4972,12373,3326,1.0,43:51,2015,2016
2015-16,201566,Russell Westbrook,Russell,1610612760,OKC,Oklahoma City Thunder,21500341,2015-12-11T00:00:00,OKC @ UTA,W,35.0,2.0,0.0,2.0,6.0,4.0,12.0,3.0,24.0,0.0,1.0,2.0,4.0,45.9,1,1,1,1,3509,6026,10158,4675,5299,6141,22832,7328,8723,8004,17214,11390,2748,1224,1.0,35:02,2015,2016
2015-16,202322,John Wall,John,1610612764,WAS,Washington Wizards,21500339,2015-12-11T00:00:00,WAS @ NOP,L,36.6,6.0,0.0,1.0,8.0,13.0,9.0,7.0,16.0,0.0,0.0,2.0,4.0,50.4,1,13074,13074,13074,2324,878,10158,9347,3109,21300,19144,15538,15259,8004,1,11390,2748,714,1.0,36:37,2015,2016
2015-16,203798,PJ Hairston,PJ,1610612766,CHA,Charlotte Hornets,21500338,2015-12-11T00:00:00,CHA @ MEM,W,17.6,2.0,0.0,2.0,2.0,6.0,0.0,3.0,22.0,0.0,0.0,4.0,1.0,11.5,1,1,1,1,17824,6026,10158,4675,12984,10028,1,7328,10265,8004,1,22104,12373,18079,1.0,17:36,2015,2016
2015-16,202689,Kemba Walker,Kemba,1610612766,CHA,Charlotte Hornets,21500338,2015-12-11T00:00:00,CHA @ MEM,W,35.3,6.0,3.0,3.0,10.0,15.0,5.0,7.0,30.0,0.0,2.0,2.0,5.0,45.0,1,1,1,1,3347,878,3104,3302,1840,23079,11469,15538,4541,8004,23588,11390,1539,1357,1.0,35:15,2015,2016
2015-16,203076,Anthony Davis,Anthony,1610612740,NOP,New Orleans Pelicans,21500339,2015-12-11T00:00:00,NOP vs. WAS,W,39.3,2.0,6.0,0.0,8.0,17.0,3.0,8.0,18.0,0.0,0.0,1.0,3.0,35.2,1,1,1,1,936,6026,481,9917,3109,24337,7138,17194,13577,8004,1,4972,4736,3745,1.0,39:20,2015,2016
2015-16,101162,Marcin Gortat,Marcin,1610612764,WAS,Washington Wizards,21500339,2015-12-11T00:00:00,WAS @ NOP,L,31.3,4.0,0.0,2.0,6.0,8.0,9.0,5.0,14.0,1.0,0.0,1.0,2.0,24.6,1,13074,13074,13074,6495,2460,10158,4675,5299,13914,19144,11593,17019,2692,1,4972,7786,8724,1.0,31:16,2015,2016
2015-16,201939,Stephen Curry,Stephen,1610612744,GSW,Golden State Warriors,21500336,2015-12-11T00:00:00,GSW @ BOS,W,46.9,2.0,2.0,4.0,6.0,18.0,8.0,10.0,36.0,0.0,3.0,4.0,9.0,61.2,1,1,1,1,40,6026,4731,1913,5299,24749,17345,20169,1943,8004,25441,22104,138,175,1.0,46:55,2015,2016
2015-16,203482,Kelly Olynyk,Kelly,1610612738,BOS,Boston Celtics,21500336,2015-12-11T00:00:00,BOS vs. GSW,L,37.1,5.0,0.0,2.0,12.0,6.0,12.0,15.0,36.0,1.0,2.0,3.0,3.0,51.7,1,13074,13074,13074,2013,1603,10158,4675,988,10028,22832,24242,1943,2692,23588,17641,4736,595,1.0,37:07,2015,2016
2015-16,203083,Andre Drummond,Andre,1610612765,DET,Detroit Pistons,21500335,2015-12-11T00:00:00,DET @ PHI,W,32.9,6.0,11.0,5.0,16.0,7.0,6.0,9.0,28.0,4.0,3.0,3.0,6.0,54.2,1,1,1,1,5228,878,19,1277,275,12242,13237,18829,5824,132,25441,17641,873,432,1.0,32:52,2015,2016
2015-16,1626156,D'Angelo Russell,D'Angelo,1610612747,LAL,Los Angeles Lakers,21500342,2015-12-11T00:00:00,LAL @ SAS,L,36.3,2.0,0.0,0.0,4.0,21.0,12.0,8.0,34.0,0.0,1.0,1.0,3.0,43.2,1,13074,13074,13074,2545,6026,10158,9917,8599,25535,22832,17194,2701,8004,17214,4972,4736,1699,1.0,36:18,2015,2016
2015-16,101145,Monta Ellis,Monta,1610612754,IND,Indiana Pacers,21500333,2015-12-11T00:00:00,IND vs. MIA,W,36.1,0.0,0.0,2.0,4.0,4.0,12.0,4.0,30.0,0.0,0.0,4.0,0.0,53.8,1,1,1,1,2697,12059,10158,4675,8599,6141,22832,8806,4541,8004,1,22104,18762,472,1.0,36:04,2015,2016
2015-16,201936,Tyreke Evans,Tyreke,1610612740,NOP,New Orleans Pelicans,21500339,2015-12-11T00:00:00,NOP vs. WAS,W,33.6,3.0,5.0,2.0,4.0,12.0,2.0,8.0,18.0,0.0,0.0,2.0,5.0,44.4,1,1,1,1,4657,4307,995,4675,8599,20178,3734,17194,13577,8004,1,11390,1539,1474,1.0,33:37,2015,2016
2015-16,101133,Ian Mahinmi,Ian,1610612754,IND,Indiana Pacers,21500333,2015-12-11T00:00:00,IND vs. MIA,W,36.0,8.0,4.0,0.0,12.0,4.0,8.0,4.0,28.0,1.0,0.0,1.0,3.0,44.4,1,1,1,1,2786,308,1596,9917,988,6141,17345,8806,5824,2692,1,4972,4736,1474,1.0,35:58,2015,2016
2015-16,202695,Kawhi Leonard,Kawhi,1610612759,SAS,San Antonio Spurs,21500342,2015-12-11T00:00:00,SAS vs. LAL,W,25.0,7.0,0.0,5.0,6.0,6.0,7.0,2.0,12.0,1.0,1.0,0.0,4.0,44.2,1,1,1,1,11678,548,10158,1277,5299,10028,15642,4025,18637,2692,17214,1,2748,1515,1.0,24:59,2015,2016
2015-16,203110,Draymond Green,Draymond,1610612744,GSW,Golden State Warriors,21500336,2015-12-11T00:00:00,GSW @ BOS,W,49.6,3.0,2.0,2.0,12.0,21.0,11.0,10.0,36.0,5.0,1.0,5.0,7.0,77.2,1,1,1,1,13,4307,4731,4675,988,25535,21814,20169,1943,59,17214,24686,469,12,1.0,49:38,2015,2016
2015-16,203135,Robert Sacre,Robert,1610612747,LAL,Los Angeles Lakers,21500342,2015-12-11T00:00:00,LAL @ SAS,L,12.4,0.0,0.0,0.0,2.0,2.0,0.0,5.0,4.0,1.0,0.0,1.0,3.0,11.6,1,13074,13074,13074,21342,12059,10158,9917,12984,2619,1,11593,23698,2692,1,4972,4736,17970,1.0,12:23,2015,2016
2015-16,203096,Jared Sullinger,Jared,1610612738,BOS,Boston Celtics,21500336,2015-12-11T00:00:00,BOS vs. GSW,L,31.7,1.0,2.0,0.0,6.0,9.0,6.0,6.0,24.0,1.0,1.0,4.0,3.0,29.1,1,13074,13074,13074,6179,11535,4731,9917,5299,15771,13237,13388,8723,2692,17214,22104,4736,6285,1.0,31:40,2015,2016
2015-16,203496,Robert Covington,Robert,1610612755,PHI,Philadelphia 76ers,21500335,2015-12-11T00:00:00,PHI vs. DET,L,33.7,5.0,0.0,5.0,4.0,16.0,11.0,20.0,26.0,0.0,2.0,3.0,4.0,34.8,1,13074,13074,13074,4569,1603,10158,1277,8599,23774,21814,25599,7214,8004,23588,17641,2748,3891,1.0,33:44,2015,2016
2015-16,203918,Rodney Hood,Rodney,1610612762,UTA,Utah Jazz,21500341,2015-12-11T00:00:00,UTA vs. OKC,L,33.2,0.0,5.0,2.0,4.0,11.0,6.0,6.0,32.0,0.0,0.0,2.0,1.0,14.5,1,13074,13074,13074,4939,12059,995,4675,8599,18886,13237,13388,3535,8004,1,11390,12373,15799,1.0,33:15,2015,2016
2015-16,203487,Michael Carter-Williams,Michael,1610612749,MIL,Milwaukee Bucks,21500337,2015-12-11T00:00:00,MIL @ TOR,L,27.5,0.0,0.0,0.0,2.0,5.0,4.0,2.0,28.0,1.0,2.0,3.0,3.0,14.6,1,13074,13074,13074,9616,12059,10158,9917,12984,8403,8458,4025,5824,2692,23588,17641,4736,15699,1.0,27:29,2015,2016
2015-16,201945,Gerald Henderson,Gerald,1610612757,POR,Portland Trail Blazers,21500343,2015-12-11T00:00:00,POR @ PHX,W,24.2,0.0,2.0,0.0,2.0,6.0,4.0,7.0,14.0,1.0,0.0,1.0,1.0,18.8,1,1,1,1,12379,12059,4731,9917,12984,10028,8458,15538,17019,2692,1,4972,12373,12588,1.0,24:12,2015,2016
2015-16,201609,Goran Dragic,Goran,1610612748,MIA,Miami Heat,21500333,2015-12-11T00:00:00,MIA @ IND,L,31.5,0.0,2.0,0.0,2.0,12.0,5.0,8.0,30.0,0.0,1.0,2.0,2.0,19.5,1,13074,13074,13074,6335,12059,4731,9917,12984,20178,11469,17194,4541,8004,17214,11390,7786,12096,1.0,31:28,2015,2016
2015-16,203948,Johnny O'Bryant III,Johnny,1610612749,MIL,Milwaukee Bucks,21500337,2015-12-11T00:00:00,MIL @ TOR,L,14.3,0.0,0.0,0.0,0.0,0.0,0.0,2.0,18.0,0.0,1.0,3.0,0.0,10.2,1,13074,13074,13074,20234,12059,10158,9917,18861,1,1,4025,13577,8004,17214,17641,18762,19003,1.0,14:16,2015,2016
2015-16,202391,Jeremy Lin,Jeremy,1610612766,CHA,Charlotte Hornets,21500338,2015-12-11T00:00:00,CHA @ MEM,W,26.9,4.0,0.0,0.0,4.0,11.0,7.0,6.0,14.0,3.0,1.0,2.0,6.0,33.8,1,1,1,1,10120,2460,10158,9917,8599,18886,15642,13388,17019,347,17214,11390,873,4244,1.0,26:53,2015,2016
2015-16,977,Kobe Bryant,Kobe,1610612747,LAL,Los Angeles Lakers,21500342,2015-12-11T00:00:00,LAL @ SAS,L,29.0,0.0,0.0,0.0,0.0,18.0,12.0,7.0,28.0,0.0,2.0,1.0,2.0,23.2,1,13074,13074,13074,8390,12059,10158,9917,18861,24749,22832,15538,5824,8004,23588,4972,7786,9630,1.0,28:59,2015,2016
2015-16,101179,Ronnie Price,Ronnie,1610612756,PHX,Phoenix Suns,21500343,2015-12-11T00:00:00,PHX vs. POR,L,21.3,0.0,0.0,0.0,0.0,8.0,2.0,4.0,18.0,1.0,1.0,1.0,0.0,14.2,1,13074,13074,13074,14763,12059,10158,9917,18861,13914,3734,8806,13577,2692,17214,4972,18762,16003,1.0,21:19,2015,2016
2015-16,2733,Shaun Livingston,Shaun,1610612744,GSW,Golden State Warriors,21500336,2015-12-11T00:00:00,GSW @ BOS,W,34.8,4.0,4.0,0.0,4.0,13.0,5.0,6.0,38.0,2.0,0.0,2.0,2.0,25.1,1,1,1,1,3713,2460,1596,9917,8599,21300,11469,13388,1422,932,1,11390,7786,8429,1.0,34:47,2015,2016
2015-16,204456,T.J. McConnell,T.J.,1610612755,PHI,Philadelphia 76ers,21500335,2015-12-11T00:00:00,PHI vs. DET,L,24.9,0.0,0.0,2.0,4.0,17.0,14.0,8.0,24.0,0.0,0.0,2.0,1.0,26.1,1,13074,13074,13074,11722,12059,10158,4675,8599,24337,24300,17194,8723,8004,1,11390,12373,7836,1.0,24:56,2015,2016
2015-16,202355,Hassan Whiteside,Hassan,1610612748,MIA,Miami Heat,21500333,2015-12-11T00:00:00,MIA @ IND,L,17.5,2.0,4.0,0.0,8.0,9.0,3.0,6.0,16.0,2.0,0.0,3.0,1.0,25.0,1,13074,13074,13074,17904,6026,1596,9917,3109,15771,7138,13388,15259,932,1,17641,12373,8485,1.0,17:29,2015,2016
2015-16,201160,Jason Smith,Jason,1610612753,ORL,Orlando Magic,21500334,2015-12-11T00:00:00,ORL vs. CLE,L,18.9,2.0,2.0,0.0,2.0,10.0,5.0,3.0,12.0,1.0,0.0,0.0,2.0,18.9,1,13074,13074,13074,16758,6026,4731,9917,12984,17370,11469,7328,18637,2692,1,1,7786,12513,1.0,18:56,2015,2016
2015-16,202688,Brandon Knight,Brandon,1610612756,PHX,Phoenix Suns,21500343,2015-12-11T00:00:00,PHX vs. POR,L,32.8,0.0,0.0,0.0,0.0,12.0,13.0,8.0,34.0,0.0,1.0,2.0,1.0,25.0,1,13074,13074,13074,5264,12059,10158,9917,18861,20178,23668,17194,2701,8004,17214,11390,12373,8485,1.0,32:49,2015,2016
2015-16,203141,Mirza Teletovic,Mirza,1610612756,PHX,Phoenix Suns,21500343,2015-12-11T00:00:00,PHX vs. POR,L,24.9,1.0,3.0,1.0,2.0,9.0,9.0,2.0,22.0,0.0,0.0,1.0,1.0,23.2,1,13074,13074,13074,11722,11535,3104,9347,12984,15771,19144,4025,10265,8004,1,4972,12373,9630,1.0,24:56,2015,2016
2015-16,201941,Jordan Hill,Jordan,1610612754,IND,Indiana Pacers,21500333,2015-12-11T00:00:00,IND vs. MIA,W,12.0,0.0,0.0,0.0,2.0,9.0,4.0,0.0,6.0,1.0,1.0,2.0,1.0,14.4,1,1,1,1,21510,12059,10158,9917,12984,15771,8458,1,22724,2692,17214,11390,12373,15857,1.0,12:02,2015,2016
2015-16,1938,Manu Ginobili,Manu,1610612759,SAS,San Antonio Spurs,21500342,2015-12-11T00:00:00,SAS vs. LAL,W,5.4,0.0,2.0,0.0,2.0,0.0,2.0,0.0,8.0,0.0,0.0,0.0,0.0,10.4,1,1,1,1,24208,12059,4731,9917,12984,1,3734,1,21543,8004,1,1,18762,18859,1.0,5:25,2015,2016
2015-16,202390,Gary Neal,Gary,1610612764,WAS,Washington Wizards,21500339,2015-12-11T00:00:00,WAS @ NOP,L,26.2,6.0,0.0,0.0,2.0,8.0,6.0,7.0,12.0,0.0,0.0,2.0,1.0,22.8,1,13074,13074,13074,10667,878,10158,9917,12984,13914,13237,15538,18637,8004,1,11390,12373,9883,1.0,26:14,2015,2016
2015-16,203894,Shabazz Napier,Shabazz,1610612753,ORL,Orlando Magic,21500334,2015-12-11T00:00:00,ORL vs. CLE,L,19.4,0.0,0.0,0.0,2.0,12.0,5.0,3.0,14.0,0.0,0.0,1.0,2.0,10.5,1,13074,13074,13074,16360,12059,10158,9917,12984,20178,11469,7328,17019,8004,1,4972,7786,18808,1.0,19:27,2015,2016
2015-16,202696,Nikola Vučević,Nikola,1610612753,ORL,Orlando Magic,21500334,2015-12-11T00:00:00,ORL vs. CLE,L,21.8,0.0,2.0,1.0,6.0,13.0,4.0,11.0,32.0,0.0,0.0,1.0,2.0,23.1,1,13074,13074,13074,14389,12059,4731,9347,5299,21300,8458,21342,3535,8004,1,4972,7786,9699,1.0,21:45,2015,2016
2015-16,101123,Gerald Green,Gerald,1610612748,MIA,Miami Heat,21500333,2015-12-11T00:00:00,MIA @ IND,L,27.9,3.0,0.0,0.0,2.0,16.0,4.0,7.0,26.0,1.0,1.0,3.0,0.0,25.6,1,13074,13074,13074,9325,4307,10158,9917,12984,23774,8458,15538,7214,2692,17214,17641,18762,8157,1.0,27:52,2015,2016
2015-16,2449,Luis Scola,Luis,1610612761,TOR,Toronto Raptors,21500337,2015-12-11T00:00:00,TOR vs. MIL,W,29.9,0.0,2.0,0.0,12.0,13.0,6.0,4.0,32.0,1.0,1.0,3.0,0.0,25.6,1,1,1,1,7604,12059,4731,9917,988,21300,13237,8806,3535,2692,17214,17641,18762,8157,1.0,29:56,2015,2016
2015-16,2216,Zach Randolph,Zach,1610612763,MEM,Memphis Grizzlies,21500338,2015-12-11T00:00:00,MEM vs. CHA,L,29.2,0.0,4.0,0.0,8.0,10.0,12.0,7.0,16.0,0.0,0.0,0.0,4.0,25.9,1,13074,13074,13074,8241,12059,1596,9917,3109,17370,22832,15538,15259,8004,1,1,2748,7960,1.0,29:10,2015,2016
2015-16,1626168,Trey Lyles,Trey,1610612762,UTA,Utah Jazz,21500341,2015-12-11T00:00:00,UTA vs. OKC,L,24.0,0.0,0.0,0.0,0.0,7.0,2.0,2.0,16.0,1.0,0.0,1.0,0.0,9.9,1,13074,13074,13074,12601,12059,10158,9917,18861,12242,3734,4025,15259,2692,1,4972,18762,19247,1.0,23:58,2015,2016
2015-16,202738,Isaiah Thomas,Isaiah,1610612738,BOS,Boston Celtics,21500336,2015-12-11T00:00:00,BOS vs. GSW,L,46.0,6.0,2.0,0.0,6.0,11.0,11.0,15.0,46.0,0.0,3.0,3.0,5.0,34.2,1,13074,13074,13074,57,878,4731,9917,5299,18886,21814,24242,298,8004,25441,17641,1539,4092,1.0,46:01,2015,2016
2015-16,2754,Tony Allen,Tony,1610612763,MEM,Memphis Grizzlies,21500338,2015-12-11T00:00:00,MEM vs. CHA,L,29.9,2.0,0.0,2.0,8.0,8.0,13.0,7.0,14.0,1.0,2.0,4.0,1.0,19.1,1,13074,13074,13074,7604,6026,10158,4675,3109,13914,23668,15538,17019,2692,23588,22104,12373,12372,1.0,29:56,2015,2016
2015-16,202702,Kenneth Faried,Kenneth,1610612743,DEN,Denver Nuggets,21500340,2015-12-11T00:00:00,DEN vs. MIN,W,37.5,0.0,0.0,0.0,8.0,8.0,6.0,9.0,32.0,1.0,2.0,3.0,11.0,33.4,1,1,1,1,1728,12059,10158,9917,3109,13914,13237,18829,3535,2692,23588,17641,44,4384,1.0,37:33,2015,2016
2015-16,101135,David Lee,David,1610612738,BOS,Boston Celtics,21500336,2015-12-11T00:00:00,BOS vs. GSW,L,15.7,0.0,0.0,0.0,8.0,6.0,3.0,8.0,18.0,0.0,1.0,3.0,4.0,18.8,1,13074,13074,13074,19265,12059,10158,9917,3109,10028,7138,17194,13577,8004,17214,17641,2748,12588,1.0,15:42,2015,2016
2015-16,202340,Avery Bradley,Avery,1610612738,BOS,Boston Celtics,21500336,2015-12-11T00:00:00,BOS vs. GSW,L,34.4,0.0,3.0,3.0,2.0,9.0,4.0,11.0,26.0,0.0,1.0,6.0,1.0,23.5,1,13074,13074,13074,4001,12059,3104,3302,12984,15771,8458,21342,7214,8004,17214,25827,12373,9452,1.0,34:26,2015,2016
2015-16,203897,Zach LaVine,Zach,1610612750,MIN,Minnesota Timberwolves,21500340,2015-12-11T00:00:00,MIN @ DEN,L,24.9,3.0,0.0,5.0,4.0,4.0,6.0,4.0,20.0,0.0,0.0,0.0,2.0,23.5,1,13074,13074,13074,11759,4307,10158,1277,8599,6141,13237,8806,11929,8004,1,1,7786,9452,1.0,24:54,2015,2016
2015-16,203477,Isaiah Canaan,Isaiah,1610612755,PHI,Philadelphia 76ers,21500335,2015-12-11T00:00:00,PHI vs. DET,L,22.8,0.0,0.0,0.0,0.0,10.0,10.0,11.0,22.0,0.0,1.0,1.0,2.0,10.2,1,13074,13074,13074,13514,12059,10158,9917,18861,17370,20509,21342,10265,8004,17214,4972,7786,19003,1.0,22:49,2015,2016
2015-16,203473,Dewayne Dedmon,Dewayne,1610612753,ORL,Orlando Magic,21500334,2015-12-11T00:00:00,ORL vs. CLE,L,20.1,4.0,1.0,0.0,2.0,16.0,5.0,3.0,16.0,1.0,0.0,4.0,3.0,15.0,1,13074,13074,13074,15851,2460,9709,9917,12984,23774,11469,7328,15259,2692,1,22104,4736,15404,1.0,20:05,2015,2016
2015-16,203088,Kendall Marshall,Kendall,1610612755,PHI,Philadelphia 76ers,21500335,2015-12-11T00:00:00,PHI vs. DET,L,16.4,0.0,0.0,0.0,2.0,10.0,7.0,12.0,16.0,0.0,1.0,0.0,2.0,14.2,1,13074,13074,13074,18762,12059,10158,9917,12984,17370,15642,22259,15259,8004,17214,1,7786,16003,1.0,16:22,2015,2016
2015-16,203087,Jeremy Lamb,Jeremy,1610612766,CHA,Charlotte Hornets,21500338,2015-12-11T00:00:00,CHA @ MEM,W,16.9,3.0,3.0,0.0,4.0,7.0,5.0,2.0,10.0,0.0,0.0,3.0,3.0,14.8,1,1,1,1,18332,4307,3104,9917,8599,12242,11469,4025,20209,8004,1,17641,4736,15561,1.0,16:55,2015,2016
2015-16,203613,Jonathon Simmons,Jonathon,1610612759,SAS,San Antonio Spurs,21500342,2015-12-11T00:00:00,SAS vs. LAL,W,18.9,2.0,2.0,5.0,4.0,6.0,0.0,2.0,10.0,0.0,1.0,3.0,4.0,10.9,1,1,1,1,16747,6026,4731,1277,8599,10028,1,4025,20209,8004,17214,17641,2748,18498,1.0,18:56,2015,2016
2015-16,201946,Tyler Hansbrough,Tyler,1610612766,CHA,Charlotte Hornets,21500338,2015-12-11T00:00:00,CHA @ MEM,W,6.3,0.0,0.0,0.0,0.0,5.0,0.0,6.0,2.0,1.0,0.0,1.0,1.0,10.9,1,1,1,1,23858,12059,10158,9917,18861,8403,1,13388,24614,2692,1,4972,12373,18498,1.0,6:15,2015,2016
2015-16,201600,Omer Asik,Omer,1610612740,NOP,New Orleans Pelicans,21500339,2015-12-11T00:00:00,NOP vs. WAS,W,8.8,0.0,0.0,0.0,0.0,2.0,0.0,5.0,4.0,0.0,0.0,0.0,0.0,1.4,1,1,1,1,22905,12059,10158,9917,18861,2619,1,11593,23698,8004,1,1,18762,24615,1.0,8:50,2015,2016
2015-16,2760,Anderson Varejao,Anderson,1610612739,CLE,Cleveland Cavaliers,21500334,2015-12-11T00:00:00,CLE @ ORL,W,10.4,2.0,2.0,0.0,2.0,7.0,3.0,0.0,4.0,0.0,0.0,1.0,1.0,11.1,1,1,1,1,22264,6026,4731,9917,12984,12242,7138,1,23698,8004,1,4972,12373,18370,1.0,10:25,2015,2016
2015-16,203382,Aron Baynes,Aron,1610612765,DET,Detroit Pistons,21500335,2015-12-11T00:00:00,DET @ PHI,W,15.1,2.0,0.0,0.0,6.0,11.0,1.0,2.0,22.0,1.0,0.0,5.0,0.0,10.9,1,1,1,1,19676,6026,10158,9917,5299,18886,3393,4025,10265,2692,1,24686,18762,18498,1.0,15:08,2015,2016
2015-16,203506,Victor Oladipo,Victor,1610612753,ORL,Orlando Magic,21500334,2015-12-11T00:00:00,ORL vs. CLE,L,19.1,0.0,0.0,0.0,2.0,13.0,4.0,2.0,16.0,0.0,0.0,1.0,1.0,6.3,1,13074,13074,13074,16600,12059,10158,9917,12984,21300,8458,4025,15259,8004,1,4972,12373,21682,1.0,19:07,2015,2016
2015-16,203949,James Michael McAdoo,James Michael,1610612744,GSW,Golden State Warriors,21500336,2015-12-11T00:00:00,GSW @ BOS,W,5.4,0.0,2.0,0.0,4.0,3.0,4.0,0.0,2.0,0.0,0.0,2.0,0.0,6.4,1,1,1,1,24200,12059,4731,9917,8599,5109,8458,1,24614,8004,1,11390,18762,21589,1.0,5:26,2015,2016
2015-16,203932,Aaron Gordon,Aaron,1610612753,ORL,Orlando Magic,21500334,2015-12-11T00:00:00,ORL vs. CLE,L,31.4,3.0,0.0,0.0,0.0,23.0,5.0,11.0,30.0,0.0,0.0,3.0,0.0,10.8,1,13074,13074,13074,6407,4307,10158,9917,18861,25803,11469,21342,4541,8004,1,17641,18762,18579,1.0,31:22,2015,2016
2015-16,202357,Nemanja Bjelica,Nemanja,1610612750,MIN,Minnesota Timberwolves,21500340,2015-12-11T00:00:00,MIN @ DEN,L,12.6,0.0,0.0,0.0,0.0,0.0,6.0,0.0,10.0,0.0,0.0,5.0,1.0,6.0,1,13074,13074,13074,21198,12059,10158,9917,18861,1,13237,1,20209,8004,1,24686,12373,21878,1.0,12:37,2015,2016
2015-16,201156,Nick Young,Nick,1610612747,LAL,Los Angeles Lakers,21500342,2015-12-11T00:00:00,LAL @ SAS,L,19.0,0.0,0.0,0.0,0.0,8.0,4.0,7.0,16.0,0.0,0.0,1.0,0.0,6.0,1,13074,13074,13074,16684,12059,10158,9917,18861,13914,8458,15538,15259,8004,1,4972,18762,21878,1.0,19:01,2015,2016
2015-16,1626169,Stanley Johnson,Stanley,1610612765,DET,Detroit Pistons,21500335,2015-12-11T00:00:00,DET @ PHI,W,15.5,0.0,0.0,2.0,4.0,12.0,2.0,3.0,22.0,1.0,0.0,1.0,1.0,6.2,1,1,1,1,19446,12059,10158,4675,8599,20178,3734,7328,10265,2692,1,4972,12373,21696,1.0,15:27,2015,2016
2015-16,1626162,Kelly Oubre Jr.,Kelly,1610612764,WAS,Washington Wizards,21500339,2015-12-11T00:00:00,WAS @ NOP,L,7.7,0.0,0.0,0.0,0.0,1.0,4.0,5.0,4.0,0.0,0.0,2.0,0.0,1.5,1,13074,13074,13074,23302,12059,10158,9917,18861,2356,8458,11593,23698,8004,1,11390,18762,24473,1.0,7:45,2015,2016
2015-16,201949,James Johnson,James,1610612761,TOR,Toronto Raptors,21500337,2015-12-11T00:00:00,TOR vs. MIL,W,10.7,0.0,0.0,0.0,4.0,6.0,4.0,2.0,10.0,0.0,0.0,4.0,3.0,11.4,1,1,1,1,22163,12059,10158,9917,8599,10028,8458,4025,20209,8004,1,22104,4736,18134,1.0,10:41,2015,2016
2015-16,203460,Andre Roberson,Andre,1610612760,OKC,Oklahoma City Thunder,21500341,2015-12-11T00:00:00,OKC @ UTA,W,22.7,3.0,0.0,2.0,4.0,3.0,6.0,0.0,16.0,0.0,1.0,1.0,0.0,10.8,1,1,1,1,13641,4307,10158,4675,8599,5109,13237,1,15259,8004,17214,4972,18762,18579,1.0,22:40,2015,2016
2015-16,2405,Amar'e Stoudemire,Amar'e,1610612748,MIA,Miami Heat,21500333,2015-12-11T00:00:00,MIA @ IND,L,7.1,0.0,0.0,0.0,0.0,4.0,4.0,0.0,8.0,1.0,1.0,0.0,1.0,6.4,1,13074,13074,13074,23536,12059,10158,9917,18861,6141,8458,1,21543,2692,17214,1,12373,21589,1.0,7:04,2015,2016
2015-16,200751,Randy Foye,Randy,1610612743,DEN,Denver Nuggets,21500340,2015-12-11T00:00:00,DEN vs. MIN,W,3.1,0.0,0.0,0.0,0.0,1.0,0.0,1.0,6.0,0.0,0.0,1.0,0.0,1.5,1,1,1,1,25107,12059,10158,9917,18861,2356,1,3646,22724,8004,1,4972,18762,24473,1.0,3:03,2015,2016
2015-16,1626158,Richaun Holmes,Richaun,1610612755,PHI,Philadelphia 76ers,21500335,2015-12-11T00:00:00,PHI vs. DET,L,3.3,0.0,0.0,0.0,0.0,2.0,2.0,2.0,2.0,0.0,0.0,0.0,0.0,5.7,1,13074,13074,13074,25003,12059,10158,9917,18861,2619,3734,4025,24614,8004,1,1,18762,22054,1.0,3:18,2015,2016
2015-16,202087,Alonzo Gee,Alonzo,1610612740,NOP,New Orleans Pelicans,21500339,2015-12-11T00:00:00,NOP vs. WAS,W,17.4,0.0,0.0,0.0,0.0,9.0,2.0,7.0,8.0,0.0,0.0,2.0,0.0,5.6,1,1,1,1,17999,12059,10158,9917,18861,15771,3734,15538,21543,8004,1,11390,18762,22133,1.0,17:22,2015,2016
2015-16,201978,Chase Budinger,Chase,1610612754,IND,Indiana Pacers,21500333,2015-12-11T00:00:00,IND vs. MIA,W,13.2,0.0,0.0,0.0,0.0,9.0,0.0,0.0,6.0,1.0,0.0,0.0,2.0,10.7,1,1,1,1,20884,12059,10158,9917,18861,15771,1,1,22724,2692,1,1,7786,18636,1.0,13:11,2015,2016
2015-16,203960,JaKarr Sampson,JaKarr,1610612755,PHI,Philadelphia 76ers,21500335,2015-12-11T00:00:00,PHI vs. DET,L,11.7,2.0,0.0,2.0,4.0,4.0,2.0,2.0,10.0,0.0,0.0,3.0,2.0,10.5,1,13074,13074,13074,21728,6026,10158,4675,8599,6141,3734,4025,20209,8004,1,17641,7786,18808,1.0,11:41,2015,2016
2015-16,203481,Jeff Withey,Jeff,1610612762,UTA,Utah Jazz,21500341,2015-12-11T00:00:00,UTA vs. OKC,L,11.4,0.0,0.0,0.0,6.0,0.0,2.0,2.0,12.0,0.0,0.0,0.0,0.0,6.2,1,13074,13074,13074,21887,12059,10158,9917,5299,1,3734,4025,18637,8004,1,1,18762,21696,1.0,11:21,2015,2016
2015-16,203584,Troy Daniels,Troy,1610612766,CHA,Charlotte Hornets,21500338,2015-12-11T00:00:00,CHA @ MEM,W,3.5,0.0,0.0,0.0,0.0,3.0,0.0,6.0,2.0,0.0,0.0,0.0,0.0,2.0,1,1,1,1,24915,12059,10158,9917,18861,5109,1,13388,24614,8004,1,1,18762,24216,1.0,3:31,2015,2016
2015-16,2446,Rasual Butler,Rasual,1610612759,SAS,San Antonio Spurs,21500342,2015-12-11T00:00:00,SAS vs. LAL,W,10.4,3.0,0.0,1.0,0.0,2.0,2.0,2.0,10.0,0.0,0.0,0.0,1.0,6.2,1,1,1,1,22297,4307,10158,9347,18861,2619,3734,4025,20209,8004,1,1,12373,21696,1.0,10:21,2015,2016
2015-16,201584,Courtney Lee,Courtney,1610612763,MEM,Memphis Grizzlies,21500338,2015-12-11T00:00:00,MEM vs. CHA,L,25.7,5.0,0.0,0.0,0.0,7.0,5.0,2.0,16.0,0.0,0.0,1.0,1.0,15.9,1,13074,13074,13074,11078,1603,10158,9917,18861,12242,11469,4025,15259,8004,1,4972,12373,14675,1.0,25:44,2015,2016
2015-16,203546,Ian Clark,Ian,1610612744,GSW,Golden State Warriors,21500336,2015-12-11T00:00:00,GSW @ BOS,W,19.2,0.0,0.0,0.0,6.0,8.0,9.0,8.0,8.0,0.0,2.0,1.0,0.0,8.6,1,1,1,1,16525,12059,10158,9917,5299,13914,19144,17194,21543,8004,23588,4972,18762,20125,1.0,19:12,2015,2016
2015-16,101161,Amir Johnson,Amir,1610612738,BOS,Boston Celtics,21500336,2015-12-11T00:00:00,BOS vs. GSW,L,19.1,0.0,0.0,0.0,2.0,7.0,5.0,8.0,20.0,3.0,1.0,5.0,2.0,17.8,1,13074,13074,13074,16590,12059,10158,9917,12984,12242,11469,17194,11929,347,17214,24686,7786,13309,1.0,19:08,2015,2016
2015-16,2571,Leandro Barbosa,Leandro,1610612744,GSW,Golden State Warriors,21500336,2015-12-11T00:00:00,GSW @ BOS,W,16.7,0.0,0.0,4.0,6.0,4.0,0.0,6.0,24.0,0.0,1.0,2.0,1.0,7.7,1,1,1,1,18506,12059,10158,1913,5299,6141,1,13388,8723,8004,17214,11390,12373,20733,1.0,16:41,2015,2016
2015-16,201196,Ramon Sessions,Ramon,1610612764,WAS,Washington Wizards,21500339,2015-12-11T00:00:00,WAS @ NOP,L,25.7,1.0,0.0,2.0,6.0,6.0,4.0,9.0,14.0,0.0,0.0,1.0,5.0,18.2,1,13074,13074,13074,11157,11535,10158,4675,5299,10028,8458,18829,17019,8004,1,4972,1539,13004,1.0,25:39,2015,2016
2015-16,2561,David West,David,1610612759,SAS,San Antonio Spurs,21500342,2015-12-11T00:00:00,SAS vs. LAL,W,17.7,0.0,0.0,0.0,2.0,4.0,4.0,2.0,16.0,0.0,0.0,3.0,1.0,12.6,1,1,1,1,17723,12059,10158,9917,12984,6141,8458,4025,15259,8004,1,17641,12373,17277,1.0,17:44,2015,2016
2015-16,1626151,Aaron Harrison,Aaron,1610612766,CHA,Charlotte Hornets,21500338,2015-12-11T00:00:00,CHA @ MEM,W,3.5,0.0,0.0,0.0,0.0,3.0,0.0,6.0,2.0,0.0,0.0,0.0,0.0,3.0,1,1,1,1,24915,12059,10158,9917,18861,5109,1,13388,24614,8004,1,1,18762,23648,1.0,3:31,2015,2016
2015-16,201980,Danny Green,Danny,1610612759,SAS,San Antonio Spurs,21500342,2015-12-11T00:00:00,SAS vs. LAL,W,18.2,0.0,0.0,0.0,0.0,2.0,9.0,0.0,8.0,1.0,0.0,0.0,0.0,13.2,1,1,1,1,17370,12059,10158,9917,18861,2619,19144,1,21543,2692,1,1,18762,16768,1.0,18:10,2015,2016
2015-16,2564,Boris Diaw,Boris,1610612759,SAS,San Antonio Spurs,21500342,2015-12-11T00:00:00,SAS vs. LAL,W,25.5,0.0,0.0,0.0,4.0,2.0,6.0,2.0,22.0,1.0,0.0,2.0,2.0,18.3,1,1,1,1,11317,12059,10158,9917,8599,2619,13237,4025,10265,2692,1,11390,7786,12952,1.0,25:28,2015,2016
2015-16,203082,Terrence Ross,Terrence,1610612761,TOR,Toronto Raptors,21500337,2015-12-11T00:00:00,TOR vs. MIL,W,30.9,0.0,0.0,0.0,2.0,10.0,6.0,2.0,30.0,1.0,0.0,2.0,0.0,16.7,1,1,1,1,6816,12059,10158,9917,12984,17370,13237,4025,4541,2692,1,11390,18762,14064,1.0,30:53,2015,2016
2015-16,101107,Marvin Williams,Marvin,1610612766,CHA,Charlotte Hornets,21500338,2015-12-11T00:00:00,CHA @ MEM,W,30.7,0.0,5.0,0.0,0.0,13.0,4.0,4.0,28.0,1.0,0.0,1.0,0.0,18.2,1,1,1,1,6961,12059,995,9917,18861,21300,8458,8806,5824,2692,1,4972,18762,13004,1.0,30:41,2015,2016
2015-16,2592,James Jones,James,1610612739,CLE,Cleveland Cavaliers,21500334,2015-12-11T00:00:00,CLE @ ORL,W,18.4,0.0,0.0,0.0,0.0,9.0,3.0,0.0,6.0,0.0,0.0,4.0,1.0,18.2,1,1,1,1,17212,12059,10158,9917,18861,15771,7138,1,22724,8004,1,22104,12373,13004,1.0,18:22,2015,2016
2015-16,2581,Steve Blake,Steve,1610612765,DET,Detroit Pistons,21500335,2015-12-11T00:00:00,DET @ PHI,W,17.5,0.0,0.0,0.0,0.0,12.0,0.0,5.0,26.0,0.0,0.0,4.0,0.0,8.2,1,1,1,1,17916,12059,10158,9917,18861,20178,1,11593,7214,8004,1,22104,18762,20416,1.0,17:28,2015,2016
2015-16,202708,Norris Cole,Norris,1610612740,NOP,New Orleans Pelicans,21500339,2015-12-11T00:00:00,NOP vs. WAS,W,20.9,0.0,0.0,2.0,0.0,9.0,3.0,4.0,18.0,0.0,0.0,3.0,3.0,8.2,1,1,1,1,15180,12059,10158,4675,18861,15771,7138,8806,13577,8004,1,17641,4736,20416,1.0,20:51,2015,2016
2015-16,201579,Roy Hibbert,Roy,1610612747,LAL,Los Angeles Lakers,21500342,2015-12-11T00:00:00,LAL @ SAS,L,30.1,2.0,4.0,0.0,4.0,20.0,14.0,9.0,34.0,2.0,0.0,3.0,0.0,16.7,1,13074,13074,13074,7414,6026,1596,9917,8599,25338,24300,18829,2701,932,1,17641,18762,14064,1.0,30:08,2015,2016
2015-16,203901,Elfrid Payton,Elfrid,1610612753,ORL,Orlando Magic,21500334,2015-12-11T00:00:00,ORL vs. CLE,L,20.1,0.0,0.0,2.0,6.0,8.0,4.0,9.0,24.0,0.0,0.0,2.0,2.0,18.6,1,13074,13074,13074,15811,12059,10158,4675,5299,13914,8458,18829,8723,8004,1,11390,7786,12715,1.0,20:07,2015,2016
2015-16,202730,Lavoy Allen,Lavoy,1610612754,IND,Indiana Pacers,21500333,2015-12-11T00:00:00,IND vs. MIA,W,11.7,0.0,0.0,0.0,0.0,4.0,4.0,2.0,10.0,1.0,1.0,1.0,0.0,7.6,1,1,1,1,21749,12059,10158,9917,18861,6141,8458,4025,20209,2692,17214,4972,18762,20803,1.0,11:39,2015,2016
2015-16,203953,Jabari Parker,Jabari,1610612749,MIL,Milwaukee Bucks,21500337,2015-12-11T00:00:00,MIL @ TOR,L,24.8,0.0,0.0,0.0,4.0,9.0,6.0,6.0,26.0,0.0,1.0,3.0,3.0,16.7,1,13074,13074,13074,11841,12059,10158,9917,8599,15771,13237,13388,7214,8004,17214,17641,4736,14064,1.0,24:47,2015,2016
2015-16,203527,Ryan Kelly,Ryan,1610612747,LAL,Los Angeles Lakers,21500342,2015-12-11T00:00:00,LAL @ SAS,L,9.0,0.0,0.0,2.0,2.0,4.0,2.0,0.0,8.0,0.0,0.0,0.0,0.0,8.3,1,13074,13074,13074,22835,12059,10158,4675,12984,6141,3734,1,21543,8004,1,1,18762,20376,1.0,9:00,2015,2016
2015-16,202407,Elijah Millsap,Elijah,1610612762,UTA,Utah Jazz,21500341,2015-12-11T00:00:00,UTA vs. OKC,L,7.8,0.0,0.0,0.0,0.0,0.0,0.0,0.0,4.0,0.0,0.0,2.0,1.0,2.2,1,13074,13074,13074,23288,12059,10158,9917,18861,1,1,1,23698,8004,1,11390,12373,24138,1.0,7:45,2015,2016
2015-16,1626199,Darrun Hilliard,Darrun,1610612765,DET,Detroit Pistons,21500335,2015-12-11T00:00:00,DET @ PHI,W,8.9,0.0,2.0,0.0,0.0,3.0,0.0,0.0,14.0,0.0,0.0,0.0,0.0,2.0,1,1,1,1,22877,12059,4731,9917,18861,5109,1,1,17019,8004,1,1,18762,24216,1.0,8:54,2015,2016
2015-16,1626159,Justise Winslow,Justise,1610612748,MIA,Miami Heat,21500333,2015-12-11T00:00:00,MIA @ IND,L,29.0,0.0,2.0,2.0,4.0,16.0,2.0,13.0,26.0,1.0,0.0,1.0,0.0,7.8,1,13074,13074,13074,8355,12059,4731,4675,8599,23774,3734,23048,7214,2692,1,4972,18762,20696,1.0,29:01,2015,2016
2015-16,201971,DeJuan Blair,DeJuan,1610612764,WAS,Washington Wizards,21500339,2015-12-11T00:00:00,WAS @ NOP,L,7.1,0.0,1.0,0.0,4.0,3.0,0.0,0.0,4.0,0.0,0.0,0.0,2.0,7.6,1,13074,13074,13074,23534,12059,9709,9917,8599,5109,1,1,23698,8004,1,1,7786,20803,1.0,7:05,2015,2016
2015-16,202389,Timofey Mozgov,Timofey,1610612739,CLE,Cleveland Cavaliers,21500334,2015-12-11T00:00:00,CLE @ ORL,W,19.7,7.0,4.0,0.0,16.0,4.0,0.0,3.0,12.0,0.0,0.0,3.0,1.0,21.3,1,1,1,1,16148,548,1596,9917,275,6141,1,7328,18637,8004,1,17641,12373,10880,1.0,19:42,2015,2016
2015-16,203095,Evan Fournier,Evan,1610612753,ORL,Orlando Magic,21500334,2015-12-11T00:00:00,ORL vs. CLE,L,17.2,2.0,0.0,0.0,2.0,13.0,4.0,11.0,30.0,0.0,0.0,2.0,4.0,12.7,1,13074,13074,13074,18096,6026,10158,9917,12984,21300,8458,21342,4541,8004,1,11390,2748,17201,1.0,17:14,2015,2016
2015-16,202687,Bismack Biyombo,Bismack,1610612761,TOR,Toronto Raptors,21500337,2015-12-11T00:00:00,TOR vs. MIL,W,33.9,2.0,0.0,0.0,4.0,12.0,4.0,5.0,26.0,1.0,0.0,4.0,1.0,16.8,1,1,1,1,4442,6026,10158,9917,8599,20178,8458,11593,7214,2692,1,22104,12373,13996,1.0,33:53,2015,2016
2015-16,1626173,Rashad Vaughn,Rashad,1610612749,MIL,Milwaukee Bucks,21500337,2015-12-11T00:00:00,MIL @ TOR,L,5.2,0.0,0.0,0.0,0.0,5.0,0.0,0.0,4.0,0.0,0.0,2.0,1.0,2.0,1,13074,13074,13074,24297,12059,10158,9917,18861,8403,1,1,23698,8004,1,11390,12373,24216,1.0,5:11,2015,2016
2015-16,203486,Mason Plumlee,Mason,1610612757,POR,Portland Trail Blazers,21500343,2015-12-11T00:00:00,POR @ PHX,W,26.7,4.0,2.0,2.0,8.0,6.0,5.0,2.0,26.0,0.0,0.0,2.0,0.0,16.8,1,1,1,1,10321,2460,4731,4675,3109,10028,11469,4025,7214,8004,1,11390,18762,13996,1.0,26:39,2015,2016
2015-16,201627,Anthony Morrow,Anthony,1610612760,OKC,Oklahoma City Thunder,21500341,2015-12-11T00:00:00,OKC @ UTA,W,9.1,0.0,0.0,0.0,0.0,0.0,0.0,0.0,8.0,0.0,0.0,2.0,0.0,2.0,1,1,1,1,22799,12059,10158,9917,18861,1,1,1,21543,8004,1,11390,18762,24216,1.0,9:06,2015,2016
2015-16,203138,Hollis Thompson,Hollis,1610612755,PHI,Philadelphia 76ers,21500335,2015-12-11T00:00:00,PHI vs. DET,L,28.1,3.0,0.0,0.0,4.0,19.0,12.0,16.0,32.0,0.0,1.0,0.0,1.0,7.6,1,13074,13074,13074,9152,4307,10158,9917,8599,25074,22832,24641,3535,8004,17214,1,12373,20803,1.0,28:07,2015,2016
2015-16,201582,Alexis Ajinca,Alexis,1610612740,NOP,New Orleans Pelicans,21500339,2015-12-11T00:00:00,NOP vs. WAS,W,22.5,1.0,2.0,0.0,2.0,10.0,4.0,5.0,16.0,0.0,0.0,2.0,1.0,18.0,1,1,1,1,13760,11535,4731,9917,12984,17370,8458,11593,15259,8004,1,11390,12373,13164,1.0,22:30,2015,2016
2015-16,2419,Tayshaun Prince,Tayshaun,1610612750,MIN,Minnesota Timberwolves,21500340,2015-12-11T00:00:00,MIN @ DEN,L,33.6,0.0,0.0,0.0,0.0,4.0,8.0,4.0,26.0,0.0,0.0,1.0,0.0,7.8,1,13074,13074,13074,4656,12059,10158,9917,18861,6141,17345,8806,7214,8004,1,4972,18762,20696,1.0,33:37,2015,2016
2015-16,202397,Ish Smith,Ish,1610612740,NOP,New Orleans Pelicans,21500339,2015-12-11T00:00:00,NOP vs. WAS,W,15.4,2.0,0.0,2.0,4.0,4.0,1.0,2.0,10.0,0.0,0.0,1.0,2.0,16.6,1,1,1,1,19473,6026,10158,4675,8599,6141,3393,4025,20209,8004,1,4972,7786,14125,1.0,15:24,2015,2016
2015-16,201619,Sasha Kaun,Sasha,1610612739,CLE,Cleveland Cavaliers,21500334,2015-12-11T00:00:00,CLE @ ORL,W,6.1,0.0,0.0,0.0,0.0,3.0,1.0,0.0,0.0,0.0,0.0,0.0,0.0,2.0,1,1,1,1,23923,12059,10158,9917,18861,5109,3393,1,25429,8004,1,1,18762,24216,1.0,6:05,2015,2016
2015-16,203492,Ray McCallum,Ray,1610612759,SAS,San Antonio Spurs,21500342,2015-12-11T00:00:00,SAS vs. LAL,W,23.5,0.0,0.0,0.0,2.0,6.0,7.0,2.0,18.0,2.0,1.0,3.0,0.0,21.1,1,1,1,1,12992,12059,10158,9917,12984,10028,15642,4025,13577,932,17214,17641,18762,11012,1.0,23:28,2015,2016
2015-16,708,Kevin Garnett,Kevin,1610612750,MIN,Minnesota Timberwolves,21500340,2015-12-11T00:00:00,MIN @ DEN,L,11.5,0.0,2.0,0.0,2.0,2.0,0.0,2.0,8.0,0.0,0.0,3.0,0.0,8.0,1,13074,13074,13074,21804,12059,4731,9917,12984,2619,1,4025,21543,8004,1,17641,18762,20564,1.0,11:32,2015,2016
2015-16,202335,Patrick Patterson,Patrick,1610612761,TOR,Toronto Raptors,21500337,2015-12-11T00:00:00,TOR vs. MIL,W,32.2,0.0,0.0,0.0,0.0,11.0,6.0,5.0,22.0,1.0,0.0,2.0,1.0,21.2,1,1,1,1,5730,12059,10158,9917,18861,18886,13237,11593,10265,2692,1,11390,12373,10936,1.0,32:11,2015,2016
2015-16,200797,Ryan Hollins,Ryan,1610612764,WAS,Washington Wizards,21500339,2015-12-11T00:00:00,WAS @ NOP,L,5.2,0.0,0.0,0.0,0.0,1.0,4.0,5.0,4.0,0.0,0.0,0.0,0.0,2.0,1,13074,13074,13074,24286,12059,10158,9917,18861,2356,8458,11593,23698,8004,1,1,18762,24216,1.0,5:13,2015,2016
2015-16,2555,Nick Collison,Nick,1610612760,OKC,Oklahoma City Thunder,21500341,2015-12-11T00:00:00,OKC @ UTA,W,15.0,0.0,0.0,0.0,0.0,2.0,5.0,3.0,12.0,0.0,0.0,3.0,2.0,4.6,1,1,1,1,19752,12059,10158,9917,18861,2619,11469,7328,18637,8004,1,17641,7786,22734,1.0,15:00,2015,2016
2015-16,203928,Cory Jefferson,Cory,1610612756,PHX,Phoenix Suns,21500343,2015-12-11T00:00:00,PHX vs. POR,L,11.0,0.0,0.0,0.0,4.0,4.0,4.0,2.0,14.0,1.0,0.0,1.0,0.0,9.4,1,13074,13074,13074,22037,12059,10158,9917,8599,6141,8458,4025,17019,2692,1,4972,18762,19568,1.0,10:59,2015,2016
2015-16,201145,Jeff Green,Jeff,1610612763,MEM,Memphis Grizzlies,21500338,2015-12-11T00:00:00,MEM vs. CHA,L,25.7,0.0,0.0,0.0,2.0,11.0,12.0,5.0,18.0,0.0,1.0,1.0,3.0,9.1,1,13074,13074,13074,11100,12059,10158,9917,12984,18886,22832,11593,13577,8004,17214,4972,4736,19789,1.0,25:42,2015,2016
2015-16,201150,Spencer Hawes,Spencer,1610612766,CHA,Charlotte Hornets,21500338,2015-12-11T00:00:00,CHA @ MEM,W,16.7,0.0,2.0,0.0,0.0,4.0,3.0,4.0,8.0,0.0,0.0,2.0,5.0,8.9,1,1,1,1,18521,12059,4731,9917,18861,6141,7138,8806,21543,8004,1,11390,1539,19914,1.0,16:40,2015,2016
2015-16,203210,JaMychal Green,JaMychal,1610612763,MEM,Memphis Grizzlies,21500338,2015-12-11T00:00:00,MEM vs. CHA,L,17.0,2.0,2.0,2.0,4.0,4.0,0.0,2.0,10.0,0.0,0.0,5.0,3.0,8.6,1,13074,13074,13074,18290,6026,4731,4675,8599,6141,1,4025,20209,8004,1,24686,4736,20125,1.0,16:59,2015,2016
2015-16,201155,Rodney Stuckey,Rodney,1610612754,IND,Indiana Pacers,21500333,2015-12-11T00:00:00,IND vs. MIA,W,28.6,2.0,0.0,2.0,4.0,9.0,6.0,0.0,14.0,0.0,2.0,1.0,2.0,9.4,1,1,1,1,8733,6026,10158,4675,8599,15771,13237,1,17019,8004,23588,4972,7786,19568,1.0,28:36,2015,2016
2015-16,201571,D.J. Augustin,D.J.,1610612760,OKC,Oklahoma City Thunder,21500341,2015-12-11T00:00:00,OKC @ UTA,W,13.0,0.0,0.0,0.0,2.0,2.0,5.0,2.0,12.0,0.0,0.0,1.0,1.0,6.7,1,1,1,1,20997,12059,10158,9917,12984,2619,11469,4025,18637,8004,1,4972,12373,21376,1.0,12:58,2015,2016
2015-16,2034,Mike Miller,Mike,1610612743,DEN,Denver Nuggets,21500340,2015-12-11T00:00:00,DEN vs. MIN,W,14.9,0.0,0.0,0.0,0.0,1.0,0.0,3.0,10.0,0.0,0.0,1.0,0.0,3.6,1,1,1,1,19809,12059,10158,9917,18861,2356,1,7328,20209,8004,1,4972,18762,23310,1.0,14:56,2015,2016
2015-16,203943,Noah Vonleh,Noah,1610612757,POR,Portland Trail Blazers,21500343,2015-12-11T00:00:00,POR @ PHX,W,16.9,0.0,2.0,0.0,2.0,4.0,4.0,2.0,20.0,0.0,0.0,1.0,0.0,9.5,1,1,1,1,18369,12059,4731,9917,12984,6141,8458,4025,11929,8004,1,4972,18762,19519,1.0,16:52,2015,2016
2015-16,2210,Richard Jefferson,Richard,1610612739,CLE,Cleveland Cavaliers,21500334,2015-12-11T00:00:00,CLE @ ORL,W,12.7,0.0,0.0,0.0,0.0,6.0,4.0,0.0,10.0,0.0,0.0,1.0,0.0,9.6,1,1,1,1,21142,12059,10158,9917,18861,10028,8458,1,20209,8004,1,4972,18762,19434,1.0,12:42,2015,2016
2015-16,204014,Damjan Rudez,Damjan,1610612750,MIN,Minnesota Timberwolves,21500340,2015-12-11T00:00:00,MIN @ DEN,L,6.5,0.0,0.0,0.0,0.0,0.0,2.0,0.0,8.0,0.0,0.0,0.0,1.0,5.0,1,13074,13074,13074,23757,12059,10158,9917,18861,1,3734,1,21543,8004,1,1,12373,22500,1.0,6:28,2015,2016
2015-16,203937,Kyle Anderson,Kyle,1610612759,SAS,San Antonio Spurs,21500342,2015-12-11T00:00:00,SAS vs. LAL,W,21.0,0.0,0.0,0.0,0.0,2.0,6.0,4.0,22.0,0.0,0.0,1.0,1.0,3.7,1,1,1,1,15093,12059,10158,9917,18861,2619,13237,8806,10265,8004,1,4972,12373,23278,1.0,20:57,2015,2016
2015-16,203917,Nik Stauskas,Nik,1610612755,PHI,Philadelphia 76ers,21500335,2015-12-11T00:00:00,PHI vs. DET,L,22.1,2.0,2.0,2.0,6.0,21.0,9.0,13.0,22.0,0.0,1.0,1.0,0.0,4.5,1,13074,13074,13074,14084,6026,4731,4675,5299,25535,19144,23048,10265,8004,17214,4972,18762,22773,1.0,22:06,2015,2016
2015-16,101138,Brandon Bass,Brandon,1610612747,LAL,Los Angeles Lakers,21500342,2015-12-11T00:00:00,LAL @ SAS,L,5.5,0.0,2.0,0.0,6.0,4.0,2.0,0.0,6.0,0.0,0.0,1.0,0.0,7.2,1,13074,13074,13074,24165,12059,4731,9917,5299,6141,3734,1,22724,8004,1,4972,18762,21035,1.0,5:29,2015,2016
2015-16,203493,Reggie Bullock Jr.,Reggie,1610612765,DET,Detroit Pistons,21500335,2015-12-11T00:00:00,DET @ PHI,W,1.9,0.0,0.0,0.0,0.0,0.0,0.0,0.0,4.0,0.0,0.0,0.0,0.0,0.0,1,1,1,1,25565,12059,10158,9917,18861,1,1,1,23698,8004,1,1,18762,25170,1.0,1:51,2015,2016
2015-16,1626144,Emmanuel Mudiay,Emmanuel,1610612743,DEN,Denver Nuggets,21500340,2015-12-11T00:00:00,DEN vs. MIN,W,12.2,0.0,0.0,2.0,2.0,0.0,4.0,2.0,18.0,0.0,0.0,2.0,1.0,3.9,1,1,1,1,21444,12059,10158,4675,12984,1,8458,4025,13577,8004,1,11390,12373,23225,1.0,12:10,2015,2016
2015-16,1626148,Anthony Brown,Anthony,1610612747,LAL,Los Angeles Lakers,21500342,2015-12-11T00:00:00,LAL @ SAS,L,5.5,0.0,0.0,0.0,0.0,4.0,2.0,0.0,6.0,0.0,0.0,1.0,0.0,0.0,1,13074,13074,13074,24165,12059,10158,9917,18861,6141,3734,1,22724,8004,1,4972,18762,25170,1.0,5:29,2015,2016
2015-16,203086,Meyers Leonard,Meyers,1610612757,POR,Portland Trail Blazers,21500343,2015-12-11T00:00:00,POR @ PHX,W,17.0,0.0,0.0,0.0,2.0,6.0,3.0,7.0,8.0,0.0,0.0,2.0,0.0,6.6,1,1,1,1,18254,12059,10158,9917,12984,10028,7138,15538,21543,8004,1,11390,18762,21445,1.0,17:01,2015,2016
2015-16,202699,Tobias Harris,Tobias,1610612753,ORL,Orlando Magic,21500334,2015-12-11T00:00:00,ORL vs. CLE,L,16.6,0.0,0.0,0.0,0.0,8.0,6.0,3.0,20.0,0.0,0.0,1.0,0.0,3.4,1,13074,13074,13074,18545,12059,10158,9917,18861,13914,13237,7328,11929,8004,1,4972,18762,23417,1.0,16:38,2015,2016
2015-16,203148,Brian Roberts,Brian,1610612766,CHA,Charlotte Hornets,21500338,2015-12-11T00:00:00,CHA @ MEM,W,3.5,0.0,0.0,0.0,0.0,3.0,0.0,6.0,2.0,0.0,0.0,0.0,0.0,4.2,1,1,1,1,24915,12059,10158,9917,18861,5109,1,13388,24614,8004,1,1,18762,22976,1.0,3:31,2015,2016
2015-16,203933,T.J. Warren,T.J.,1610612756,PHX,Phoenix Suns,21500343,2015-12-11T00:00:00,PHX vs. POR,L,14.7,0.0,0.0,1.0,2.0,6.0,8.0,2.0,14.0,1.0,0.0,0.0,1.0,7.2,1,13074,13074,13074,19960,12059,10158,9347,12984,10028,17345,4025,17019,2692,1,1,12373,21035,1.0,14:42,2015,2016
2015-16,1626246,Boban Marjanović,Boban,1610612759,SAS,San Antonio Spurs,21500342,2015-12-11T00:00:00,SAS vs. LAL,W,5.5,2.0,2.0,0.0,4.0,0.0,2.0,2.0,8.0,0.0,0.0,1.0,1.0,9.6,1,1,1,1,24165,6026,4731,9917,8599,1,3734,4025,21543,8004,1,4972,12373,19434,1.0,5:29,2015,2016
2015-16,203893,Russ Smith,Russ,1610612763,MEM,Memphis Grizzlies,21500338,2015-12-11T00:00:00,MEM vs. CHA,L,7.4,0.0,0.0,0.0,2.0,0.0,2.0,2.0,4.0,0.0,1.0,2.0,0.0,9.5,1,13074,13074,13074,23425,12059,10158,9917,12984,1,3734,4025,23698,8004,17214,11390,18762,19519,1.0,7:24,2015,2016
2015-16,201973,Jonas Jerebko,Jonas,1610612738,BOS,Boston Celtics,21500336,2015-12-11T00:00:00,BOS vs. GSW,L,1.8,0.0,0.0,0.0,0.0,0.0,2.0,2.0,4.0,0.0,0.0,1.0,0.0,0.0,1,13074,13074,13074,25588,12059,10158,9917,18861,1,3734,4025,23698,8004,1,4972,18762,25170,1.0,1:49,2015,2016
2015-16,101112,Channing Frye,Channing,1610612753,ORL,Orlando Magic,21500334,2015-12-11T00:00:00,ORL vs. CLE,L,11.6,0.0,0.0,0.0,0.0,2.0,2.0,3.0,14.0,0.0,0.0,1.0,0.0,0.0,1,13074,13074,13074,21785,12059,10158,9917,18861,2619,3734,7328,17019,8004,1,4972,18762,25170,1.0,11:35,2015,2016
2015-16,2757,Beno Udrih,Beno,1610612748,MIA,Miami Heat,21500333,2015-12-11T00:00:00,MIA @ IND,L,14.2,0.0,0.0,0.0,2.0,10.0,2.0,5.0,8.0,0.0,0.0,0.0,1.0,6.9,1,13074,13074,13074,20287,12059,10158,9917,12984,17370,3734,11593,21543,8004,1,1,12373,21262,1.0,14:12,2015,2016
2015-16,204060,Joe Ingles,Joe,1610612762,UTA,Utah Jazz,21500341,2015-12-11T00:00:00,UTA vs. OKC,L,0.2,0.0,0.0,0.0,0.0,0.0,0.0,0.0,0.0,0.0,0.0,0.0,0.0,0.0,1,13074,13074,13074,26022,12059,10158,9917,18861,1,1,1,25429,8004,1,1,18762,25170,1.0,0:11,2015,2016
2015-16,203500,Steven Adams,Steven,1610612760,OKC,Oklahoma City Thunder,21500341,2015-12-11T00:00:00,OKC @ UTA,W,24.1,0.0,2.0,0.0,4.0,4.0,10.0,2.0,16.0,0.0,1.0,3.0,0.0,8.8,1,1,1,1,12440,12059,4731,9917,8599,6141,20509,4025,15259,8004,17214,17641,18762,19994,1.0,24:07,2015,2016
2015-16,203090,Maurice Harkless,Maurice,1610612757,POR,Portland Trail Blazers,21500343,2015-12-11T00:00:00,POR @ PHX,W,5.8,0.0,0.0,2.0,2.0,2.0,1.0,0.0,4.0,0.0,1.0,0.0,0.0,4.7,1,1,1,1,24048,12059,10158,4675,12984,2619,3393,1,23698,8004,17214,1,18762,22672,1.0,5:49,2015,2016
2015-16,201575,Brandon Rush,Brandon,1610612744,GSW,Golden State Warriors,21500336,2015-12-11T00:00:00,GSW @ BOS,W,16.1,4.0,0.0,4.0,4.0,3.0,4.0,8.0,14.0,0.0,0.0,0.0,0.0,8.8,1,1,1,1,18959,2460,10158,1913,8599,5109,8458,17194,17019,8004,1,1,18762,19994,1.0,16:06,2015,2016
2015-16,1626196,Josh Richardson,Josh,1610612748,MIA,Miami Heat,21500333,2015-12-11T00:00:00,MIA @ IND,L,8.8,0.0,0.0,0.0,0.0,3.0,0.0,3.0,10.0,0.0,0.0,3.0,0.0,0.2,1,13074,13074,13074,22939,12059,10158,9917,18861,5109,1,7328,20209,8004,1,17641,18762,25103,1.0,8:45,2015,2016
2015-16,201578,Marreese Speights,Marreese,1610612744,GSW,Golden State Warriors,21500336,2015-12-11T00:00:00,GSW @ BOS,W,6.6,0.0,0.0,0.0,0.0,0.0,0.0,4.0,16.0,0.0,1.0,0.0,1.0,7.2,1,1,1,1,23703,12059,10158,9917,18861,1,1,8806,15259,8004,17214,1,12373,21035,1.0,6:38,2015,2016
2015-16,1626204,Larry Nance Jr.,Larry,1610612747,LAL,Los Angeles Lakers,21500342,2015-12-11T00:00:00,LAL @ SAS,L,18.6,2.0,0.0,0.0,2.0,11.0,8.0,5.0,22.0,0.0,1.0,3.0,1.0,9.0,1,13074,13074,13074,17042,6026,10158,9917,12984,18886,17345,11593,10265,8004,17214,17641,12373,19835,1.0,18:34,2015,2016
2015-16,203526,Raul Neto,Raul,1610612762,UTA,Utah Jazz,21500341,2015-12-11T00:00:00,UTA vs. OKC,L,10.1,0.0,0.0,0.0,2.0,3.0,0.0,0.0,8.0,0.0,0.0,0.0,0.0,3.4,1,13074,13074,13074,22402,12059,10158,9917,12984,5109,1,1,21543,8004,1,1,18762,23417,1.0,10:05,2015,2016
2015-16,2037,Jamal Crawford,Jamal,1610612746,LAC,LA Clippers,21500330,2015-12-10T00:00:00,LAC @ CHI,L,22.1,0.0,0.0,0.0,0.0,11.0,2.0,4.0,14.0,0.0,1.0,0.0,0.0,4.0,1,13074,13074,13074,14097,12059,10158,9917,18861,18886,3734,8806,17019,8004,17214,1,18762,23142,1.0,22:05,2015,2016
2015-16,1718,Paul Pierce,Paul,1610612746,LAC,LA Clippers,21500330,2015-12-10T00:00:00,LAC @ CHI,L,5.3,0.0,0.0,0.0,0.0,0.0,0.0,0.0,6.0,0.0,0.0,0.0,0.0,0.0,1,13074,13074,13074,24272,12059,10158,9917,18861,1,1,1,22724,8004,1,1,18762,25170,1.0,5:16,2015,2016
2015-16,203085,Austin Rivers,Austin,1610612746,LAC,LA Clippers,21500330,2015-12-10T00:00:00,LAC @ CHI,L,17.2,0.0,3.0,0.0,0.0,9.0,0.0,2.0,10.0,0.0,1.0,1.0,0.0,9.5,1,13074,13074,13074,18141,12059,3104,9917,18861,15771,1,4025,20209,8004,17214,4972,18762,19519,1.0,17:11,2015,2016
2015-16,203926,Doug McDermott,Doug,1610612741,CHI,Chicago Bulls,21500330,2015-12-10T00:00:00,CHI vs. LAC,W,16.3,0.0,0.0,0.0,0.0,2.0,3.0,0.0,2.0,0.0,0.0,1.0,0.0,0.0,1,1,1,1,18785,12059,10158,9917,18861,2619,7138,1,24614,8004,1,4972,18762,25170,1.0,16:20,2015,2016
2015-16,203460,Andre Roberson,Andre,1610612760,OKC,Oklahoma City Thunder,21500331,2015-12-10T00:00:00,OKC vs. ATL,W,20.8,0.0,0.0,0.0,0.0,9.0,0.0,0.0,16.0,0.0,0.0,0.0,1.0,4.1,1,1,1,1,15217,12059,10158,9917,18861,15771,1,1,15259,8004,1,1,12373,23131,1.0,20:49,2015,2016
2015-16,2207,Joe Johnson,Joe,1610612751,BKN,Brooklyn Nets,21500329,2015-12-10T00:00:00,BKN vs. PHI,W,33.3,0.0,0.0,0.0,2.0,10.0,14.0,9.0,36.0,0.0,0.0,1.0,1.0,9.0,1,1,1,1,4914,12059,10158,9917,12984,17370,24300,18829,1943,8004,1,4972,12373,19835,1.0,33:16,2015,2016
2015-16,1626170,Jerian Grant,Jerian,1610612752,NYK,New York Knicks,21500332,2015-12-10T00:00:00,NYK @ SAC,L,3.2,0.0,0.0,0.0,0.0,2.0,0.0,2.0,2.0,0.0,0.0,0.0,0.0,-0.8,1,13074,13074,13074,25036,12059,10158,9917,18861,2619,1,4025,24614,8004,1,1,18762,25914,1.0,3:14,2015,2016
2015-16,201627,Anthony Morrow,Anthony,1610612760,OKC,Oklahoma City Thunder,21500331,2015-12-10T00:00:00,OKC vs. ATL,W,14.5,3.0,0.0,3.0,2.0,6.0,2.0,5.0,12.0,0.0,1.0,1.0,1.0,9.2,1,1,1,1,20112,4307,10158,3302,12984,10028,3734,11593,18637,8004,17214,4972,12373,19680,1.0,14:29,2015,2016
2015-16,203503,Tony Snell,Tony,1610612741,CHI,Chicago Bulls,21500330,2015-12-10T00:00:00,CHI vs. LAC,W,22.2,0.0,0.0,0.0,2.0,3.0,12.0,4.0,14.0,0.0,0.0,3.0,0.0,4.8,1,1,1,1,14051,12059,10158,9917,12984,5109,22832,8806,17019,8004,1,17641,18762,22657,1.0,22:09,2015,2016
2015-16,201158,Marco Belinelli,Marco,1610612758,SAC,Sacramento Kings,21500332,2015-12-10T00:00:00,SAC vs. NYK,W,19.9,4.0,0.0,0.0,2.0,2.0,5.0,9.0,8.0,0.0,1.0,2.0,1.0,9.2,1,1,1,1,15994,2460,10158,9917,12984,2619,11469,18829,21543,8004,17214,11390,12373,19680,1.0,19:55,2015,2016
2015-16,202683,Enes Freedom,Enes,1610612760,OKC,Oklahoma City Thunder,21500331,2015-12-10T00:00:00,OKC vs. ATL,W,10.5,0.0,2.0,0.0,4.0,2.0,0.0,5.0,8.0,0.0,3.0,0.0,2.0,9.0,1,1,1,1,22222,12059,4731,9917,8599,2619,1,11593,21543,8004,25441,1,7786,19835,1.0,10:31,2015,2016
2015-16,203200,Justin Holiday,Justin,1610612737,ATL,Atlanta Hawks,21500331,2015-12-10T00:00:00,ATL @ OKC,L,1.7,0.0,0.0,0.0,0.0,0.0,0.0,0.0,0.0,0.0,0.0,0.0,0.0,0.0,1,13074,13074,13074,25633,12059,10158,9917,18861,1,1,1,25429,8004,1,1,18762,25170,1.0,1:40,2015,2016
2015-16,201571,D.J. Augustin,D.J.,1610612760,OKC,Oklahoma City Thunder,21500331,2015-12-10T00:00:00,OKC vs. ATL,W,8.9,0.0,2.0,0.0,0.0,4.0,0.0,2.0,10.0,0.0,0.0,0.0,2.0,4.2,1,1,1,1,22898,12059,4731,9917,18861,6141,1,4025,20209,8004,1,1,7786,22976,1.0,8:51,2015,2016
2015-16,1626166,Cameron Payne,Cameron,1610612760,OKC,Oklahoma City Thunder,21500331,2015-12-10T00:00:00,OKC vs. ATL,W,0.7,0.0,0.0,0.0,0.0,0.0,0.0,0.0,0.0,0.0,0.0,0.0,0.0,0.0,1,1,1,1,25940,12059,10158,9917,18861,1,1,1,25429,8004,1,1,18762,25170,1.0,0:41,2015,2016
2015-16,203934,Lamar Patterson,Lamar,1610612737,ATL,Atlanta Hawks,21500331,2015-12-10T00:00:00,ATL @ OKC,L,3.8,0.0,0.0,0.0,0.0,0.0,2.0,3.0,2.0,0.0,0.0,0.0,0.0,0.0,1,13074,13074,13074,24784,12059,10158,9917,18861,1,3734,7328,24614,8004,1,1,18762,25170,1.0,3:49,2015,2016
2015-16,200752,Rudy Gay,Rudy,1610612758,SAC,Sacramento Kings,21500332,2015-12-10T00:00:00,SAC vs. NYK,W,39.5,2.0,0.0,0.0,6.0,6.0,7.0,11.0,22.0,3.0,1.0,3.0,2.0,31.6,1,1,1,1,876,6026,10158,9917,5299,10028,15642,21342,10265,347,17214,17641,7786,5130,1.0,39:32,2015,2016
2015-16,200757,Thabo Sefolosha,Thabo,1610612737,ATL,Atlanta Hawks,21500331,2015-12-10T00:00:00,ATL @ OKC,L,34.9,2.0,0.0,0.0,6.0,15.0,8.0,13.0,24.0,0.0,0.0,1.0,2.0,26.1,1,13074,13074,13074,3649,6026,10158,9917,5299,23079,17345,23048,8723,8004,1,4972,7786,7836,1.0,34:51,2015,2016
2015-16,203917,Nik Stauskas,Nik,1610612755,PHI,Philadelphia 76ers,21500329,2015-12-10T00:00:00,PHI @ BKN,L,28.2,0.0,0.0,0.0,2.0,8.0,9.0,1.0,22.0,0.0,0.0,2.0,2.0,11.9,1,13074,13074,13074,9100,12059,10158,9917,12984,13914,19144,3646,10265,8004,1,11390,7786,17760,1.0,28:10,2015,2016
2015-16,204038,Langston Galloway,Langston,1610612752,NYK,New York Knicks,21500332,2015-12-10T00:00:00,NYK @ SAC,L,18.1,2.0,0.0,4.0,2.0,13.0,0.0,10.0,26.0,0.0,0.0,2.0,2.0,15.8,1,13074,13074,13074,17449,6026,10158,1913,12984,21300,1,20169,7214,8004,1,11390,7786,14754,1.0,18:06,2015,2016
2015-16,1626143,Jahlil Okafor,Jahlil,1610612755,PHI,Philadelphia 76ers,21500329,2015-12-10T00:00:00,PHI @ BKN,L,31.3,0.0,8.0,2.0,14.0,7.0,12.0,2.0,16.0,2.0,0.0,2.0,5.0,40.0,1,13074,13074,13074,6495,12059,137,4675,542,12242,22832,4025,15259,932,1,11390,1539,2364,1.0,31:16,2015,2016
2015-16,200794,Paul Millsap,Paul,1610612737,ATL,Atlanta Hawks,21500331,2015-12-10T00:00:00,ATL @ OKC,L,33.5,2.0,1.0,0.0,4.0,14.0,10.0,15.0,28.0,2.0,1.0,3.0,4.0,31.6,1,13074,13074,13074,4768,6026,9709,9917,8599,22292,20509,24242,5824,932,17214,17641,2748,5130,1.0,33:29,2015,2016
2015-16,202498,Lance Thomas,Lance,1610612752,NYK,New York Knicks,21500332,2015-12-10T00:00:00,NYK @ SAC,L,23.9,0.0,3.0,0.0,0.0,15.0,2.0,12.0,38.0,0.0,0.0,1.0,1.0,27.2,1,13074,13074,13074,12646,12059,3104,9917,18861,23079,3734,22259,1422,8004,1,4972,12373,7289,1.0,23:55,2015,2016
2015-16,2550,Kirk Hinrich,Kirk,1610612741,CHI,Chicago Bulls,21500330,2015-12-10T00:00:00,CHI vs. LAC,W,19.8,3.0,0.0,0.0,0.0,4.0,6.0,2.0,8.0,0.0,0.0,1.0,0.0,11.9,1,1,1,1,16052,4307,10158,9917,18861,6141,13237,4025,21543,8004,1,4972,18762,17760,1.0,19:49,2015,2016
2015-16,201586,Serge Ibaka,Serge,1610612760,OKC,Oklahoma City Thunder,21500331,2015-12-10T00:00:00,OKC vs. ATL,W,36.0,2.0,6.0,0.0,6.0,15.0,4.0,2.0,28.0,2.0,0.0,4.0,2.0,42.0,1,1,1,1,2747,6026,481,9917,5299,23079,8458,4025,5824,932,1,22104,7786,1936,1.0,36:01,2015,2016
2015-16,201149,Joakim Noah,Joakim,1610612741,CHI,Chicago Bulls,21500330,2015-12-10T00:00:00,CHI vs. LAC,W,20.1,0.0,0.0,0.0,2.0,3.0,8.0,0.0,6.0,2.0,1.0,3.0,0.0,26.6,1,1,1,1,15797,12059,10158,9917,12984,5109,17345,1,22724,932,17214,17641,18762,7566,1.0,20:08,2015,2016
2015-16,2200,Pau Gasol,Pau,1610612741,CHI,Chicago Bulls,21500330,2015-12-10T00:00:00,CHI vs. LAC,W,32.8,2.0,0.0,0.0,4.0,2.0,14.0,9.0,14.0,2.0,1.0,2.0,2.0,42.2,1,1,1,1,5264,6026,10158,9917,8599,2619,24300,18829,17019,932,17214,11390,7786,1892,1.0,32:49,2015,2016
2015-16,203463,Ben McLemore,Ben,1610612758,SAC,Sacramento Kings,21500332,2015-12-10T00:00:00,SAC vs. NYK,W,23.5,0.0,0.0,3.0,2.0,2.0,2.0,2.0,16.0,0.0,0.0,0.0,1.0,12.4,1,1,1,1,12948,12059,10158,3302,12984,2619,3734,4025,15259,8004,1,1,12373,17418,1.0,23:33,2015,2016
2015-16,203145,Kent Bazemore,Kent,1610612737,ATL,Atlanta Hawks,21500331,2015-12-10T00:00:00,ATL @ OKC,L,27.6,2.0,3.0,2.0,4.0,7.0,8.0,14.0,16.0,0.0,1.0,2.0,5.0,30.4,1,13074,13074,13074,9534,6026,3104,4675,8599,12242,17345,23710,15259,8004,17214,11390,1539,5661,1.0,27:36,2015,2016
2015-16,204456,T.J. McConnell,T.J.,1610612755,PHI,Philadelphia 76ers,21500329,2015-12-10T00:00:00,PHI @ BKN,L,24.2,5.0,0.0,0.0,2.0,8.0,5.0,1.0,22.0,0.0,0.0,1.0,2.0,26.7,1,13074,13074,13074,12411,1603,10158,9917,12984,13914,11469,3646,10265,8004,1,4972,7786,7525,1.0,24:10,2015,2016
2015-16,202710,Jimmy Butler III,Jimmy,1610612741,CHI,Chicago Bulls,21500330,2015-12-10T00:00:00,CHI vs. LAC,W,37.5,2.0,0.0,0.0,0.0,3.0,15.0,9.0,18.0,2.0,0.0,0.0,5.0,44.0,1,1,1,1,1786,6026,10158,9917,18861,5109,24781,18829,13577,932,1,1,1539,1559,1.0,37:27,2015,2016
2015-16,201142,Kevin Durant,Kevin,1610612760,OKC,Oklahoma City Thunder,21500331,2015-12-10T00:00:00,OKC vs. ATL,W,36.8,5.0,0.0,5.0,6.0,17.0,6.0,2.0,28.0,0.0,1.0,2.0,5.0,52.4,1,1,1,1,2203,1603,10158,1277,5299,24337,13237,4025,5824,8004,17214,11390,1539,549,1.0,36:49,2015,2016
2015-16,203500,Steven Adams,Steven,1610612760,OKC,Oklahoma City Thunder,21500331,2015-12-10T00:00:00,OKC vs. ATL,W,30.8,2.0,2.0,0.0,10.0,11.0,4.0,2.0,22.0,0.0,0.0,1.0,3.0,23.9,1,1,1,1,6906,6026,4731,9917,1840,18886,8458,4025,10265,8004,1,4972,4736,9184,1.0,30:47,2015,2016
2015-16,201143,Al Horford,Al,1610612737,ATL,Atlanta Hawks,21500331,2015-12-10T00:00:00,ATL @ OKC,L,32.6,2.0,2.0,0.0,2.0,10.0,10.0,3.0,22.0,1.0,0.0,2.0,2.0,23.9,1,13074,13074,13074,5395,6026,4731,9917,12984,17370,20509,7328,10265,2692,1,11390,7786,9184,1.0,32:39,2015,2016
2015-16,202326,DeMarcus Cousins,DeMarcus,1610612758,SAC,Sacramento Kings,21500332,2015-12-10T00:00:00,SAC vs. NYK,W,36.7,6.0,7.0,0.0,16.0,6.0,6.0,6.0,26.0,0.0,2.0,5.0,9.0,46.2,1,1,1,1,2309,878,292,9917,275,10028,13237,13388,7214,8004,23588,24686,138,1175,1.0,36:39,2015,2016
2015-16,201599,DeAndre Jordan,DeAndre,1610612746,LAC,LA Clippers,21500330,2015-12-10T00:00:00,LAC @ CHI,L,36.5,0.0,1.0,2.0,8.0,11.0,0.0,2.0,18.0,1.0,1.0,2.0,2.0,35.8,1,13074,13074,13074,2396,12059,9709,4675,3109,18886,1,4025,13577,2692,17214,11390,7786,3541,1.0,36:31,2015,2016
2015-16,201959,Taj Gibson,Taj,1610612741,CHI,Chicago Bulls,21500330,2015-12-10T00:00:00,CHI vs. LAC,W,28.6,4.0,2.0,2.0,6.0,3.0,11.0,9.0,12.0,0.0,0.0,0.0,3.0,24.6,1,1,1,1,8733,2460,4731,4675,5299,5109,21814,18829,18637,8004,1,1,4736,8724,1.0,28:36,2015,2016
2015-16,204001,Kristaps Porziņģis,Kristaps,1610612752,NYK,New York Knicks,21500332,2015-12-10T00:00:00,NYK @ SAC,L,33.9,0.0,2.0,0.0,4.0,12.0,7.0,13.0,42.0,3.0,0.0,4.0,5.0,36.4,1,13074,13074,13074,4411,12059,4731,9917,8599,20178,15642,23048,670,347,1,22104,1539,3353,1.0,33:55,2015,2016
2015-16,203457,Nerlens Noel,Nerlens,1610612755,PHI,Philadelphia 76ers,21500329,2015-12-10T00:00:00,PHI @ BKN,L,20.9,0.0,0.0,2.0,6.0,5.0,9.0,7.0,16.0,0.0,1.0,3.0,0.0,24.5,1,13074,13074,13074,15104,12059,10158,4675,5299,8403,19144,15538,15259,8004,17214,17641,18762,8801,1.0,20:57,2015,2016
2015-16,2546,Carmelo Anthony,Carmelo,1610612752,NYK,New York Knicks,21500332,2015-12-10T00:00:00,NYK @ SAC,L,39.4,4.0,3.0,0.0,8.0,19.0,7.0,13.0,48.0,1.0,2.0,3.0,6.0,46.8,1,13074,13074,13074,930,2460,3104,9917,3109,25074,15642,23048,192,2692,23588,17641,873,1102,1.0,39:22,2015,2016
2015-16,200765,Rajon Rondo,Rajon,1610612758,SAC,Sacramento Kings,21500332,2015-12-10T00:00:00,SAC vs. NYK,W,40.3,5.0,0.0,0.0,10.0,6.0,9.0,11.0,18.0,0.0,0.0,3.0,1.0,47.8,1,1,1,1,664,1603,10158,9917,1840,10028,19144,21342,13577,8004,1,17641,12373,979,1.0,40:15,2015,2016
2015-16,201566,Russell Westbrook,Russell,1610612760,OKC,Oklahoma City Thunder,21500331,2015-12-10T00:00:00,OKC vs. ATL,W,38.5,6.0,0.0,10.0,2.0,15.0,6.0,5.0,26.0,0.0,0.0,2.0,3.0,52.2,1,1,1,1,1288,878,10158,118,12984,23079,13237,11593,7214,8004,1,11390,4736,564,1.0,38:28,2015,2016
2015-16,202325,Wesley Johnson,Wesley,1610612746,LAC,LA Clippers,21500330,2015-12-10T00:00:00,LAC @ CHI,L,15.4,0.0,3.0,0.0,0.0,9.0,2.0,2.0,10.0,0.0,0.0,0.0,0.0,13.8,1,13074,13074,13074,19511,12059,3104,9917,18861,15771,3734,4025,20209,8004,1,1,18762,16311,1.0,15:21,2015,2016
2015-16,201933,Blake Griffin,Blake,1610612746,LAC,LA Clippers,21500330,2015-12-10T00:00:00,LAC @ CHI,L,24.8,0.0,2.0,2.0,6.0,9.0,0.0,0.0,12.0,2.0,0.0,3.0,4.0,38.2,1,13074,13074,13074,11878,12059,4731,4675,5299,15771,1,1,18637,932,1,17641,2748,2854,1.0,24:45,2015,2016
2015-16,203499,Shane Larkin,Shane,1610612751,BKN,Brooklyn Nets,21500329,2015-12-10T00:00:00,BKN vs. PHI,W,26.7,3.0,3.0,5.0,6.0,9.0,6.0,6.0,28.0,0.0,1.0,1.0,4.0,28.8,1,1,1,1,10261,4307,3104,1277,5299,15771,13237,13388,5824,8004,17214,4972,2748,6465,1.0,26:43,2015,2016
2015-16,203496,Robert Covington,Robert,1610612755,PHI,Philadelphia 76ers,21500329,2015-12-10T00:00:00,PHI @ BKN,L,26.9,2.0,2.0,0.0,2.0,7.0,11.0,5.0,20.0,1.0,0.0,6.0,2.0,17.4,1,13074,13074,13074,10133,6026,4731,9917,12984,12242,21814,11593,11929,2692,1,25827,7786,13595,1.0,26:52,2015,2016
2015-16,200745,Andrea Bargnani,Andrea,1610612751,BKN,Brooklyn Nets,21500329,2015-12-10T00:00:00,BKN vs. PHI,W,23.3,0.0,7.0,0.0,8.0,8.0,6.0,6.0,26.0,0.0,4.0,0.0,6.0,31.7,1,1,1,1,13147,12059,292,9917,3109,13914,13237,13388,7214,8004,25926,1,873,5088,1.0,23:15,2015,2016
2015-16,201577,Robin Lopez,Robin,1610612752,NYK,New York Knicks,21500332,2015-12-10T00:00:00,NYK @ SAC,L,20.0,0.0,0.0,2.0,0.0,13.0,3.0,7.0,22.0,0.0,0.0,4.0,2.0,13.9,1,13074,13074,13074,15937,12059,10158,4675,18861,21300,7138,15538,10265,8004,1,22104,7786,16232,1.0,19:58,2015,2016
2015-16,203100,Tony Wroten,Tony,1610612755,PHI,Philadelphia 76ers,21500329,2015-12-10T00:00:00,PHI @ BKN,L,16.9,4.0,0.0,3.0,6.0,3.0,9.0,7.0,16.0,0.0,0.0,0.0,3.0,17.8,1,13074,13074,13074,18342,2460,10158,3302,5299,5109,19144,15538,15259,8004,1,1,4736,13309,1.0,16:54,2015,2016
2015-16,203488,Mike Muscala,Mike,1610612737,ATL,Atlanta Hawks,21500331,2015-12-10T00:00:00,ATL @ OKC,L,20.4,0.0,0.0,0.0,6.0,11.0,6.0,17.0,14.0,2.0,0.0,3.0,0.0,16.9,1,13074,13074,13074,15587,12059,10158,9917,5299,18886,13237,24967,17019,932,1,17641,18762,13911,1.0,20:23,2015,2016
2015-16,101181,Jose Calderon,Jose,1610612752,NYK,New York Knicks,21500332,2015-12-10T00:00:00,NYK @ SAC,L,31.8,0.0,0.0,0.0,2.0,10.0,7.0,11.0,40.0,0.0,1.0,1.0,0.0,16.9,1,13074,13074,13074,6084,12059,10158,9917,12984,17370,15642,21342,983,8004,17214,4972,18762,13911,1.0,31:47,2015,2016
2015-16,203924,Jerami Grant,Jerami,1610612755,PHI,Philadelphia 76ers,21500329,2015-12-10T00:00:00,PHI @ BKN,L,24.3,2.0,2.0,4.0,6.0,6.0,6.0,3.0,18.0,2.0,0.0,2.0,1.0,27.6,1,13074,13074,13074,12281,6026,4731,1913,5299,10028,13237,7328,13577,932,1,11390,12373,7080,1.0,24:19,2015,2016
2015-16,203477,Isaiah Canaan,Isaiah,1610612755,PHI,Philadelphia 76ers,21500329,2015-12-10T00:00:00,PHI @ BKN,L,25.3,0.0,2.0,0.0,4.0,5.0,13.0,7.0,16.0,1.0,0.0,2.0,1.0,17.1,1,13074,13074,13074,11457,12059,4731,9917,8599,8403,23668,15538,15259,2692,1,11390,12373,13791,1.0,25:17,2015,2016
2015-16,201152,Thaddeus Young,Thaddeus,1610612751,BKN,Brooklyn Nets,21500329,2015-12-10T00:00:00,BKN vs. PHI,W,32.9,5.0,2.0,1.0,12.0,11.0,14.0,9.0,34.0,0.0,1.0,2.0,6.0,33.2,1,1,1,1,5216,1603,4731,9347,988,18886,24300,18829,2701,8004,17214,11390,873,4462,1.0,32:54,2015,2016
2015-16,202703,Nikola Mirotic,Nikola,1610612741,CHI,Chicago Bulls,21500330,2015-12-10T00:00:00,CHI vs. LAC,W,14.5,2.0,0.0,2.0,2.0,2.0,3.0,0.0,4.0,0.0,0.0,1.0,0.0,22.7,1,1,1,1,20133,6026,10158,4675,12984,2619,7138,1,23698,8004,1,4972,18762,9938,1.0,14:27,2015,2016
2015-16,201565,Derrick Rose,Derrick,1610612741,CHI,Chicago Bulls,21500330,2015-12-10T00:00:00,CHI vs. LAC,W,27.5,2.0,0.0,0.0,6.0,1.0,11.0,7.0,8.0,0.0,1.0,0.0,0.0,17.6,1,1,1,1,9578,6026,10158,9917,5299,2356,21814,15538,21543,8004,17214,1,18762,13443,1.0,27:32,2015,2016
2015-16,202711,Bojan Bogdanović,Bojan,1610612751,BKN,Brooklyn Nets,21500329,2015-12-10T00:00:00,BKN vs. PHI,W,32.6,3.0,3.0,0.0,0.0,13.0,12.0,11.0,36.0,0.0,0.0,1.0,0.0,17.1,1,1,1,1,5408,4307,3104,9917,18861,21300,22832,21342,1943,8004,1,4972,18762,13791,1.0,32:37,2015,2016
2015-16,201954,Darren Collison,Darren,1610612758,SAC,Sacramento Kings,21500332,2015-12-10T00:00:00,SAC vs. NYK,W,24.9,6.0,0.0,10.0,12.0,6.0,8.0,11.0,12.0,0.0,0.0,0.0,3.0,19.7,1,1,1,1,11737,878,10158,118,988,10028,17345,21342,18637,8004,1,1,4736,11962,1.0,24:55,2015,2016
2015-16,1626158,Richaun Holmes,Richaun,1610612755,PHI,Philadelphia 76ers,21500329,2015-12-10T00:00:00,PHI @ BKN,L,17.0,4.0,4.0,2.0,10.0,6.0,9.0,4.0,24.0,0.0,0.0,3.0,3.0,18.7,1,13074,13074,13074,18290,2460,1596,4675,1840,10028,19144,8806,8723,8004,1,17641,4736,12648,1.0,16:59,2015,2016
2015-16,2756,Sasha Vujacic,Sasha,1610612752,NYK,New York Knicks,21500332,2015-12-10T00:00:00,NYK @ SAC,L,18.4,0.0,0.0,3.0,0.0,11.0,4.0,10.0,24.0,0.0,0.0,2.0,1.0,10.4,1,13074,13074,13074,17181,12059,10158,3302,18861,18886,8458,20169,8723,8004,1,11390,12373,18859,1.0,18:24,2015,2016
2015-16,201166,Aaron Brooks,Aaron,1610612741,CHI,Chicago Bulls,21500330,2015-12-10T00:00:00,CHI vs. LAC,W,20.7,0.0,0.0,0.0,4.0,2.0,7.0,5.0,4.0,0.0,1.0,1.0,5.0,14.4,1,1,1,1,15314,12059,10158,9917,8599,2619,15642,11593,23698,8004,17214,4972,1539,15857,1.0,20:43,2015,2016
2015-16,2594,Kyle Korver,Kyle,1610612737,ATL,Atlanta Hawks,21500331,2015-12-10T00:00:00,ATL @ OKC,L,34.5,3.0,0.0,3.0,0.0,13.0,10.0,3.0,22.0,1.0,0.0,3.0,0.0,23.6,1,13074,13074,13074,3925,4307,10158,3302,18861,21300,20509,7328,10265,2692,1,17641,18762,9377,1.0,34:32,2015,2016
2015-16,201956,Omri Casspi,Omri,1610612758,SAC,Sacramento Kings,21500332,2015-12-10T00:00:00,SAC vs. NYK,W,40.3,0.0,0.0,6.0,8.0,8.0,9.0,8.0,26.0,0.0,2.0,4.0,5.0,25.1,1,1,1,1,657,12059,10158,740,3109,13914,19144,17194,7214,8004,23588,22104,1539,8429,1.0,40:16,2015,2016
2015-16,203138,Hollis Thompson,Hollis,1610612755,PHI,Philadelphia 76ers,21500329,2015-12-10T00:00:00,PHI @ BKN,L,25.1,0.0,0.0,0.0,0.0,10.0,7.0,3.0,20.0,0.0,0.0,1.0,1.0,10.4,1,13074,13074,13074,11607,12059,10158,9917,18861,17370,15642,7328,11929,8004,1,4972,12373,18859,1.0,25:05,2015,2016
2015-16,201572,Brook Lopez,Brook,1610612751,BKN,Brooklyn Nets,21500329,2015-12-10T00:00:00,BKN vs. PHI,W,19.0,0.0,3.0,2.0,2.0,5.0,4.0,1.0,16.0,1.0,0.0,5.0,4.0,14.9,1,1,1,1,16665,12059,3104,4675,12984,8403,8458,3646,15259,2692,1,24686,2748,15463,1.0,19:03,2015,2016
2015-16,201167,Arron Afflalo,Arron,1610612752,NYK,New York Knicks,21500332,2015-12-10T00:00:00,NYK @ SAC,L,32.7,2.0,0.0,2.0,8.0,10.0,5.0,11.0,40.0,1.0,0.0,5.0,1.0,25.8,1,13074,13074,13074,5363,6026,10158,4675,3109,17370,11469,21342,983,2692,1,24686,12373,8022,1.0,32:41,2015,2016
2015-16,201952,Jeff Teague,Jeff,1610612737,ATL,Atlanta Hawks,21500331,2015-12-10T00:00:00,ATL @ OKC,L,32.3,6.0,0.0,2.0,10.0,12.0,8.0,8.0,26.0,0.0,0.0,2.0,0.0,35.0,1,13074,13074,13074,5617,878,10158,4675,1840,20178,17345,17194,7214,8004,1,11390,18762,3813,1.0,32:20,2015,2016
2015-16,2746,Josh Smith,Josh,1610612746,LAC,LA Clippers,21500330,2015-12-10T00:00:00,LAC @ CHI,L,18.7,0.0,0.0,2.0,2.0,6.0,2.0,4.0,12.0,1.0,1.0,2.0,0.0,20.9,1,13074,13074,13074,16927,12059,10158,4675,12984,10028,3734,8806,18637,2692,17214,11390,18762,11132,1.0,18:44,2015,2016
2015-16,101108,Chris Paul,Chris,1610612746,LAC,LA Clippers,21500330,2015-12-10T00:00:00,LAC @ CHI,L,30.8,0.0,2.0,3.0,0.0,6.0,2.0,2.0,16.0,0.0,0.0,3.0,0.0,18.5,1,13074,13074,13074,6881,12059,4731,3302,18861,10028,3734,4025,15259,8004,1,17641,18762,12794,1.0,30:49,2015,2016
2015-16,200755,JJ Redick,JJ,1610612746,LAC,LA Clippers,21500330,2015-12-10T00:00:00,LAC @ CHI,L,29.4,3.0,2.0,0.0,0.0,4.0,0.0,0.0,12.0,0.0,0.0,0.0,5.0,16.4,1,13074,13074,13074,8057,4307,4731,9917,18861,6141,1,1,18637,8004,1,1,1539,14289,1.0,29:24,2015,2016
2015-16,201961,Wayne Ellington,Wayne,1610612751,BKN,Brooklyn Nets,21500329,2015-12-10T00:00:00,BKN vs. PHI,W,9.5,0.0,0.0,0.0,0.0,2.0,4.0,4.0,10.0,0.0,0.0,1.0,1.0,8.4,1,1,1,1,22654,12059,10158,9917,18861,2619,8458,8806,20209,8004,1,4972,12373,20273,1.0,9:27,2015,2016
2015-16,203080,Thomas Robinson,Thomas,1610612751,BKN,Brooklyn Nets,21500329,2015-12-10T00:00:00,BKN vs. PHI,W,6.7,0.0,0.0,0.0,0.0,4.0,4.0,6.0,10.0,0.0,0.0,2.0,0.0,2.2,1,1,1,1,23671,12059,10158,9917,18861,6141,8458,13388,20209,8004,1,11390,18762,24138,1.0,6:43,2015,2016
2015-16,201601,Luc Mbah a Moute,Luc,1610612746,LAC,LA Clippers,21500330,2015-12-10T00:00:00,LAC @ CHI,L,21.5,0.0,5.0,0.0,2.0,4.0,0.0,0.0,12.0,0.0,2.0,2.0,1.0,12.7,1,13074,13074,13074,14638,12059,995,9917,12984,6141,1,1,18637,8004,23588,11390,12373,17201,1.0,21:28,2015,2016
2015-16,101127,Jarrett Jack,Jarrett,1610612751,BKN,Brooklyn Nets,21500329,2015-12-10T00:00:00,BKN vs. PHI,W,27.1,0.0,0.0,0.0,2.0,8.0,12.0,9.0,32.0,0.0,0.0,2.0,0.0,21.2,1,1,1,1,9934,12059,10158,9917,12984,13914,22832,18829,3535,8004,1,11390,18762,10936,1.0,27:05,2015,2016
2015-16,202362,Lance Stephenson,Lance,1610612746,LAC,LA Clippers,21500330,2015-12-10T00:00:00,LAC @ CHI,L,18.4,2.0,0.0,0.0,0.0,6.0,2.0,4.0,8.0,0.0,0.0,2.0,0.0,16.6,1,13074,13074,13074,17159,6026,10158,9917,18861,10028,3734,8806,21543,8004,1,11390,18762,14125,1.0,18:26,2015,2016
2015-16,203900,Markel Brown,Markel,1610612751,BKN,Brooklyn Nets,21500329,2015-12-10T00:00:00,BKN vs. PHI,W,16.3,0.0,0.0,0.0,0.0,9.0,8.0,0.0,16.0,0.0,0.0,4.0,0.0,8.5,1,1,1,1,18815,12059,10158,9917,18861,15771,17345,1,15259,8004,1,22104,18762,20215,1.0,16:19,2015,2016
2015-16,203471,Dennis Schröder,Dennis,1610612737,ATL,Atlanta Hawks,21500331,2015-12-10T00:00:00,ATL @ OKC,L,18.7,2.0,0.0,0.0,4.0,8.0,8.0,14.0,16.0,1.0,0.0,3.0,3.0,17.8,1,13074,13074,13074,16930,6026,10158,9917,8599,13914,17345,23710,15259,2692,1,17641,4736,13309,1.0,18:43,2015,2016
2015-16,203186,Willie Reed,Willie,1610612751,BKN,Brooklyn Nets,21500329,2015-12-10T00:00:00,BKN vs. PHI,W,12.6,2.0,0.0,0.0,6.0,6.0,6.0,4.0,16.0,0.0,0.0,1.0,0.0,8.6,1,1,1,1,21186,6026,10158,9917,5299,10028,13237,8806,15259,8004,1,4972,18762,20125,1.0,12:39,2015,2016
2015-16,203124,Kyle O'Quinn,Kyle,1610612752,NYK,New York Knicks,21500332,2015-12-10T00:00:00,NYK @ SAC,L,12.5,0.0,2.0,2.0,2.0,6.0,0.0,8.0,18.0,1.0,0.0,0.0,1.0,20.7,1,13074,13074,13074,21282,12059,4731,4675,12984,10028,1,17194,13577,2692,1,1,12373,11252,1.0,12:30,2015,2016
2015-16,2555,Nick Collison,Nick,1610612760,OKC,Oklahoma City Thunder,21500331,2015-12-10T00:00:00,OKC vs. ATL,W,11.3,0.0,0.0,0.0,0.0,4.0,2.0,5.0,8.0,0.0,0.0,3.0,0.0,6.5,1,1,1,1,21903,12059,10158,9917,18861,6141,3734,11593,21543,8004,1,17641,18762,21519,1.0,11:18,2015,2016
2015-16,202713,Kyle Singler,Kyle,1610612760,OKC,Oklahoma City Thunder,21500331,2015-12-10T00:00:00,OKC vs. ATL,W,0.7,0.0,0.0,0.0,0.0,0.0,0.0,0.0,0.0,0.0,0.0,0.0,0.0,1.2,1,1,1,1,25940,12059,10158,9917,18861,1,1,1,25429,8004,1,1,18762,24661,1.0,0:41,2015,2016
2015-16,203079,Dion Waiters,Dion,1610612760,OKC,Oklahoma City Thunder,21500331,2015-12-10T00:00:00,OKC vs. ATL,W,30.6,0.0,2.0,0.0,4.0,12.0,6.0,7.0,22.0,0.0,2.0,3.0,0.0,10.7,1,1,1,1,7036,12059,4731,9917,8599,20178,13237,15538,10265,8004,23588,17641,18762,18636,1.0,30:35,2015,2016
2015-16,202682,Derrick Williams,Derrick,1610612752,NYK,New York Knicks,21500332,2015-12-10T00:00:00,NYK @ SAC,L,6.2,0.0,0.0,0.0,0.0,4.0,0.0,8.0,10.0,0.0,0.0,0.0,1.0,1.2,1,13074,13074,13074,23898,12059,10158,9917,18861,6141,1,17194,20209,8004,1,1,12373,24661,1.0,6:09,2015,2016
2015-16,201585,Kosta Koufos,Kosta,1610612758,SAC,Sacramento Kings,21500332,2015-12-10T00:00:00,SAC vs. NYK,W,14.9,0.0,0.0,2.0,6.0,4.0,4.0,7.0,2.0,0.0,0.0,3.0,0.0,10.8,1,1,1,1,19810,12059,10158,4675,5299,6141,8458,15538,24614,8004,1,17641,18762,18579,1.0,14:56,2015,2016
2015-16,202682,Derrick Williams,Derrick,1610612752,NYK,New York Knicks,21500327,2015-12-09T00:00:00,NYK @ UTA,L,19.6,4.0,0.0,0.0,2.0,2.0,3.0,6.0,16.0,0.0,0.0,3.0,1.0,10.9,1,13074,13074,13074,16211,2460,10158,9917,12984,2619,7138,13388,15259,8004,1,17641,12373,18498,1.0,19:37,2015,2016
2015-16,203471,Dennis Schröder,Dennis,1610612737,ATL,Atlanta Hawks,21500328,2015-12-09T00:00:00,ATL @ DAL,W,18.4,2.0,0.0,0.0,0.0,7.0,4.0,3.0,14.0,0.0,0.0,2.0,2.0,10.9,1,1,1,1,17147,6026,10158,9917,18861,12242,8458,7328,17019,8004,1,11390,7786,18498,1.0,18:26,2015,2016
2015-16,201601,Luc Mbah a Moute,Luc,1610612746,LAC,LA Clippers,21500324,2015-12-09T00:00:00,LAC @ MIL,W,15.3,0.0,0.0,0.0,2.0,4.0,2.0,4.0,26.0,0.0,1.0,0.0,1.0,6.4,1,1,1,1,19586,12059,10158,9917,12984,6141,3734,8806,7214,8004,17214,1,12373,21589,1.0,15:16,2015,2016
2015-16,203940,Adreian Payne,Adreian,1610612750,MIN,Minnesota Timberwolves,21500325,2015-12-09T00:00:00,MIN vs. LAL,W,4.8,0.0,0.0,0.0,0.0,3.0,0.0,3.0,6.0,0.0,0.0,0.0,0.0,1.5,1,1,1,1,24426,12059,10158,9917,18861,5109,1,7328,22724,8004,1,1,18762,24473,1.0,4:48,2015,2016
2015-16,1626173,Rashad Vaughn,Rashad,1610612749,MIL,Milwaukee Bucks,21500324,2015-12-09T00:00:00,MIL vs. LAC,L,17.5,0.0,0.0,0.0,0.0,10.0,2.0,7.0,10.0,0.0,1.0,1.0,0.0,10.5,1,13074,13074,13074,17934,12059,10158,9917,18861,17370,3734,15538,20209,8004,17214,4972,18762,18808,1.0,17:27,2015,2016
2015-16,1626199,Darrun Hilliard,Darrun,1610612765,DET,Detroit Pistons,21500322,2015-12-09T00:00:00,DET vs. MEM,L,6.9,0.0,0.0,0.0,0.0,0.0,5.0,0.0,4.0,0.0,0.0,0.0,0.0,5.7,1,13074,13074,13074,23613,12059,10158,9917,18861,1,11469,1,23698,8004,1,1,18762,22054,1.0,6:51,2015,2016
2015-16,2419,Tayshaun Prince,Tayshaun,1610612750,MIN,Minnesota Timberwolves,21500325,2015-12-09T00:00:00,MIN vs. LAL,W,14.7,0.0,0.0,0.0,0.0,5.0,4.0,0.0,10.0,0.0,0.0,0.0,0.0,1.7,1,1,1,1,19937,12059,10158,9917,18861,8403,8458,1,20209,8004,1,1,18762,24436,1.0,14:44,2015,2016
2015-16,203933,T.J. Warren,T.J.,1610612756,PHX,Phoenix Suns,21500326,2015-12-09T00:00:00,PHX vs. ORL,W,13.3,0.0,0.0,0.0,2.0,6.0,7.0,6.0,12.0,0.0,0.0,0.0,0.0,5.9,1,1,1,1,20838,12059,10158,9917,12984,10028,15642,13388,18637,8004,1,1,18762,21953,1.0,13:15,2015,2016
2015-16,1626151,Aaron Harrison,Aaron,1610612766,CHA,Charlotte Hornets,21500320,2015-12-09T00:00:00,CHA vs. MIA,W,6.5,1.0,0.0,0.0,0.0,4.0,0.0,8.0,6.0,0.0,0.0,0.0,3.0,6.2,1,1,1,1,23749,11535,10158,9917,18861,6141,1,17194,22724,8004,1,1,4736,21696,1.0,6:30,2015,2016
2015-16,202734,E'Twaun Moore,E'Twaun,1610612741,CHI,Chicago Bulls,21500319,2015-12-09T00:00:00,CHI @ BOS,L,9.7,0.0,0.0,0.0,0.0,6.0,6.0,4.0,18.0,0.0,0.0,0.0,0.0,1.2,1,13074,13074,13074,22567,12059,10158,9917,18861,10028,13237,8806,13577,8004,1,1,18762,24661,1.0,9:40,2015,2016
2015-16,201229,Anthony Tolliver,Anthony,1610612765,DET,Detroit Pistons,21500322,2015-12-09T00:00:00,DET vs. MEM,L,13.4,0.0,0.0,0.0,0.0,0.0,5.0,0.0,10.0,0.0,0.0,0.0,0.0,1.5,1,13074,13074,13074,20768,12059,10158,9917,18861,1,11469,1,20209,8004,1,1,18762,24473,1.0,13:22,2015,2016
2015-16,201177,Josh McRoberts,Josh,1610612748,MIA,Miami Heat,21500320,2015-12-09T00:00:00,MIA @ CHA,L,3.6,0.0,0.0,0.0,0.0,0.0,3.0,0.0,2.0,0.0,0.0,1.0,0.0,1.2,1,13074,13074,13074,24872,12059,10158,9917,18861,1,7138,1,24614,8004,1,4972,18762,24661,1.0,3:35,2015,2016
2015-16,203923,James Young,James,1610612738,BOS,Boston Celtics,21500319,2015-12-09T00:00:00,BOS vs. CHI,W,16.1,0.0,0.0,0.0,0.0,0.0,5.0,0.0,8.0,0.0,1.0,0.0,0.0,1.2,1,1,1,1,18987,12059,10158,9917,18861,1,11469,1,21543,8004,17214,1,18762,24661,1.0,16:04,2015,2016
2015-16,201167,Arron Afflalo,Arron,1610612752,NYK,New York Knicks,21500327,2015-12-09T00:00:00,NYK @ UTA,L,21.6,0.0,0.0,0.0,2.0,4.0,4.0,2.0,22.0,0.0,0.0,2.0,0.0,10.6,1,13074,13074,13074,14490,12059,10158,9917,12984,6141,8458,4025,10265,8004,1,11390,18762,18723,1.0,21:38,2015,2016
2015-16,1626209,Mario Hezonja,Mario,1610612753,ORL,Orlando Magic,21500326,2015-12-09T00:00:00,ORL @ PHX,L,8.3,0.0,0.0,3.0,0.0,4.0,4.0,4.0,6.0,0.0,0.0,0.0,0.0,5.9,1,13074,13074,13074,23089,12059,10158,3302,18861,6141,8458,8806,22724,8004,1,1,18762,21953,1.0,8:18,2015,2016
2015-16,203897,Zach LaVine,Zach,1610612750,MIN,Minnesota Timberwolves,21500325,2015-12-09T00:00:00,MIN vs. LAL,W,19.8,0.0,0.0,0.0,2.0,14.0,6.0,10.0,22.0,0.0,0.0,1.0,1.0,7.4,1,1,1,1,16055,12059,10158,9917,12984,22292,13237,20169,10265,8004,1,4972,12373,20912,1.0,19:49,2015,2016
2015-16,101179,Ronnie Price,Ronnie,1610612756,PHX,Phoenix Suns,21500326,2015-12-09T00:00:00,PHX vs. ORL,W,11.1,0.0,0.0,0.0,0.0,0.0,5.0,2.0,6.0,0.0,0.0,1.0,2.0,0.5,1,1,1,1,21991,12059,10158,9917,18861,1,11469,4025,22724,8004,1,4972,7786,25056,1.0,11:06,2015,2016
2015-16,203584,Troy Daniels,Troy,1610612766,CHA,Charlotte Hornets,21500320,2015-12-09T00:00:00,CHA vs. MIA,W,8.9,0.0,0.0,0.0,0.0,6.0,0.0,10.0,8.0,0.0,0.0,1.0,0.0,9.5,1,1,1,1,22891,12059,10158,9917,18861,10028,1,20169,21543,8004,1,4972,18762,19519,1.0,8:52,2015,2016
2015-16,203148,Brian Roberts,Brian,1610612766,CHA,Charlotte Hornets,21500320,2015-12-09T00:00:00,CHA vs. MIA,W,7.8,0.0,0.0,0.0,0.0,6.0,0.0,10.0,6.0,0.0,0.0,1.0,0.0,-1.0,1,1,1,1,23261,12059,10158,9917,18861,10028,1,20169,22724,8004,1,4972,18762,25932,1.0,7:49,2015,2016
2015-16,203504,Trey Burke,Trey,1610612762,UTA,Utah Jazz,21500327,2015-12-09T00:00:00,UTA vs. NYK,W,23.3,0.0,3.0,2.0,6.0,8.0,6.0,2.0,22.0,0.0,1.0,2.0,0.0,21.7,1,1,1,1,13092,12059,3104,4675,5299,13914,13237,4025,10265,8004,17214,11390,18762,10592,1.0,23:20,2015,2016
2015-16,203937,Kyle Anderson,Kyle,1610612759,SAS,San Antonio Spurs,21500323,2015-12-09T00:00:00,SAS @ TOR,L,12.0,0.0,0.0,0.0,2.0,6.0,0.0,2.0,12.0,0.0,0.0,0.0,1.0,9.2,1,13074,13074,13074,21529,12059,10158,9917,12984,10028,1,4025,18637,8004,1,1,12373,19680,1.0,12:00,2015,2016
2015-16,2734,Devin Harris,Devin,1610612742,DAL,Dallas Mavericks,21500328,2015-12-09T00:00:00,DAL vs. ATL,L,11.1,0.0,0.0,3.0,2.0,6.0,0.0,4.0,8.0,0.0,0.0,1.0,3.0,4.0,1,13074,13074,13074,21992,12059,10158,3302,12984,10028,1,8806,21543,8004,1,4972,4736,23142,1.0,11:05,2015,2016
2015-16,204038,Langston Galloway,Langston,1610612752,NYK,New York Knicks,21500327,2015-12-09T00:00:00,NYK @ UTA,L,22.1,0.0,0.0,0.0,0.0,7.0,0.0,8.0,20.0,0.0,0.0,0.0,2.0,5.0,1,13074,13074,13074,14099,12059,10158,9917,18861,12242,1,17194,11929,8004,1,1,7786,22500,1.0,22:05,2015,2016
2015-16,1626169,Stanley Johnson,Stanley,1610612765,DET,Detroit Pistons,21500322,2015-12-09T00:00:00,DET vs. MEM,L,17.4,0.0,0.0,0.0,2.0,1.0,7.0,1.0,10.0,0.0,0.0,2.0,0.0,6.6,1,13074,13074,13074,17953,12059,10158,9917,12984,2356,15642,3646,20209,8004,1,11390,18762,21445,1.0,17:25,2015,2016
2015-16,203082,Terrence Ross,Terrence,1610612761,TOR,Toronto Raptors,21500323,2015-12-09T00:00:00,TOR vs. SAS,W,26.9,0.0,0.0,4.0,4.0,7.0,2.0,0.0,16.0,1.0,0.0,3.0,0.0,9.6,1,1,1,1,10099,12059,10158,1913,8599,12242,3734,1,15259,2692,1,17641,18762,19434,1.0,26:54,2015,2016
2015-16,202703,Nikola Mirotic,Nikola,1610612741,CHI,Chicago Bulls,21500319,2015-12-09T00:00:00,CHI @ BOS,L,22.1,2.0,0.0,2.0,4.0,11.0,6.0,4.0,26.0,1.0,0.0,3.0,1.0,21.6,1,13074,13074,13074,14063,6026,10158,4675,8599,18886,13237,8806,7214,2692,1,17641,12373,10666,1.0,22:09,2015,2016
2015-16,201577,Robin Lopez,Robin,1610612752,NYK,New York Knicks,21500327,2015-12-09T00:00:00,NYK @ UTA,L,18.8,0.0,0.0,2.0,2.0,4.0,4.0,2.0,18.0,1.0,0.0,2.0,1.0,5.0,1,13074,13074,13074,16907,12059,10158,4675,12984,6141,8458,4025,13577,2692,1,11390,12373,22500,1.0,18:45,2015,2016
2015-16,1626164,Devin Booker,Devin,1610612756,PHX,Phoenix Suns,21500326,2015-12-09T00:00:00,PHX vs. ORL,W,18.8,0.0,0.0,0.0,0.0,7.0,9.0,9.0,16.0,0.0,1.0,3.0,2.0,3.5,1,1,1,1,16874,12059,10158,9917,18861,12242,19144,18829,15259,8004,17214,17641,7786,23351,1.0,18:48,2015,2016
2015-16,203187,Chris Johnson,Chris,1610612762,UTA,Utah Jazz,21500327,2015-12-09T00:00:00,UTA vs. NYK,W,3.0,0.0,0.0,0.0,0.0,2.0,2.0,0.0,0.0,0.0,0.0,0.0,0.0,0.0,1,1,1,1,25119,12059,10158,9917,18861,2619,3734,1,25429,8004,1,1,18762,25170,1.0,3:01,2015,2016
2015-16,203093,Terrence Jones,Terrence,1610612745,HOU,Houston Rockets,21500321,2015-12-09T00:00:00,HOU @ WAS,W,20.0,2.0,0.0,2.0,2.0,10.0,12.0,10.0,20.0,1.0,0.0,1.0,1.0,9.6,1,1,1,1,15888,6026,10158,4675,12984,17370,22832,20169,11929,2692,1,4972,12373,19434,1.0,20:02,2015,2016
2015-16,202362,Lance Stephenson,Lance,1610612746,LAC,LA Clippers,21500324,2015-12-09T00:00:00,LAC @ MIL,W,7.2,0.0,0.0,0.0,0.0,4.0,0.0,0.0,8.0,0.0,0.0,1.0,0.0,-1.0,1,1,1,1,23492,12059,10158,9917,18861,6141,1,1,21543,8004,1,4972,18762,25932,1.0,7:12,2015,2016
2015-16,203934,Lamar Patterson,Lamar,1610612737,ATL,Atlanta Hawks,21500328,2015-12-09T00:00:00,ATL @ DAL,W,12.4,0.0,0.0,0.0,0.0,5.0,0.0,3.0,4.0,0.0,0.0,2.0,1.0,0.7,1,1,1,1,21347,12059,10158,9917,18861,8403,1,7328,23698,8004,1,11390,12373,25042,1.0,12:22,2015,2016
2015-16,2564,Boris Diaw,Boris,1610612759,SAS,San Antonio Spurs,21500323,2015-12-09T00:00:00,SAS @ TOR,L,17.9,0.0,0.0,0.0,6.0,9.0,0.0,2.0,12.0,0.0,0.0,2.0,2.0,9.4,1,13074,13074,13074,17604,12059,10158,9917,5299,15771,1,4025,18637,8004,1,11390,7786,19568,1.0,17:53,2015,2016
2015-16,204060,Joe Ingles,Joe,1610612762,UTA,Utah Jazz,21500327,2015-12-09T00:00:00,UTA vs. NYK,W,5.4,1.0,0.0,0.0,0.0,6.0,2.0,3.0,4.0,0.0,0.0,1.0,1.0,4.2,1,1,1,1,24231,11535,10158,9917,18861,10028,3734,7328,23698,8004,1,4972,12373,22976,1.0,5:21,2015,2016
2015-16,203085,Austin Rivers,Austin,1610612746,LAC,LA Clippers,21500324,2015-12-09T00:00:00,LAC @ MIL,W,10.2,3.0,0.0,0.0,2.0,5.0,0.0,3.0,14.0,0.0,0.0,3.0,1.0,4.7,1,1,1,1,22348,4307,10158,9917,12984,8403,1,7328,17019,8004,1,17641,12373,22672,1.0,10:12,2015,2016
2015-16,203613,Jonathon Simmons,Jonathon,1610612759,SAS,San Antonio Spurs,21500323,2015-12-09T00:00:00,SAS @ TOR,L,14.7,0.0,0.0,0.0,0.0,5.0,0.0,2.0,10.0,0.0,0.0,4.0,3.0,9.0,1,13074,13074,13074,19993,12059,10158,9917,18861,8403,1,4025,20209,8004,1,22104,4736,19835,1.0,14:39,2015,2016
2015-16,203948,Johnny O'Bryant III,Johnny,1610612749,MIL,Milwaukee Bucks,21500324,2015-12-09T00:00:00,MIL vs. LAC,L,8.3,0.0,0.0,0.0,0.0,2.0,0.0,0.0,0.0,0.0,0.0,1.0,0.0,4.2,1,13074,13074,13074,23104,12059,10158,9917,18861,2619,1,1,25429,8004,1,4972,18762,22976,1.0,8:16,2015,2016
2015-16,201973,Jonas Jerebko,Jonas,1610612738,BOS,Boston Celtics,21500319,2015-12-09T00:00:00,BOS vs. CHI,W,0.6,0.0,0.0,0.0,0.0,0.0,2.0,0.0,2.0,0.0,0.0,0.0,0.0,0.0,1,1,1,1,25958,12059,10158,9917,18861,1,3734,1,24614,8004,1,1,18762,25170,1.0,0:36,2015,2016
2015-16,2757,Beno Udrih,Beno,1610612748,MIA,Miami Heat,21500320,2015-12-09T00:00:00,MIA @ CHA,L,7.3,1.0,0.0,1.0,0.0,3.0,2.0,2.0,4.0,0.0,0.0,1.0,1.0,3.7,1,13074,13074,13074,23448,11535,10158,9347,18861,5109,3734,4025,23698,8004,1,4972,12373,23278,1.0,7:20,2015,2016
2015-16,201946,Tyler Hansbrough,Tyler,1610612766,CHA,Charlotte Hornets,21500320,2015-12-09T00:00:00,CHA vs. MIA,W,10.2,2.0,2.0,2.0,4.0,6.0,0.0,12.0,8.0,0.0,1.0,3.0,0.0,4.2,1,1,1,1,22361,6026,4731,4675,8599,10028,1,22259,21543,8004,17214,17641,18762,22976,1.0,10:10,2015,2016
2015-16,204001,Kristaps Porziņģis,Kristaps,1610612752,NYK,New York Knicks,21500327,2015-12-09T00:00:00,NYK @ UTA,L,13.3,0.0,2.0,0.0,4.0,4.0,4.0,2.0,14.0,0.0,0.0,2.0,1.0,6.6,1,13074,13074,13074,20825,12059,4731,9917,8599,6141,8458,4025,17019,8004,1,11390,12373,21445,1.0,13:16,2015,2016
2015-16,1626170,Jerian Grant,Jerian,1610612752,NYK,New York Knicks,21500327,2015-12-09T00:00:00,NYK @ UTA,L,14.2,0.0,0.0,0.0,0.0,5.0,3.0,4.0,14.0,0.0,1.0,1.0,1.0,6.5,1,13074,13074,13074,20304,12059,10158,9917,18861,8403,7138,8806,17019,8004,17214,4972,12373,21519,1.0,14:11,2015,2016
2015-16,201951,Ty Lawson,Ty,1610612745,HOU,Houston Rockets,21500321,2015-12-09T00:00:00,HOU @ WAS,W,20.9,2.0,0.0,0.0,0.0,10.0,11.0,6.0,34.0,0.0,2.0,2.0,0.0,9.2,1,1,1,1,15180,6026,10158,9917,18861,17370,21814,13388,2701,8004,23588,11390,18762,19680,1.0,20:51,2015,2016
2015-16,101112,Channing Frye,Channing,1610612753,ORL,Orlando Magic,21500326,2015-12-09T00:00:00,ORL @ PHX,L,16.5,0.0,0.0,0.0,0.0,8.0,1.0,10.0,18.0,0.0,0.0,2.0,2.0,4.9,1,13074,13074,13074,18627,12059,10158,9917,18861,13914,3393,20169,13577,8004,1,11390,7786,22621,1.0,16:33,2015,2016
2015-16,202379,Jeremy Evans,Jeremy,1610612742,DAL,Dallas Mavericks,21500328,2015-12-09T00:00:00,DAL vs. ATL,L,0.0,0.0,0.0,0.0,0.0,0.0,0.0,0.0,0.0,0.0,0.0,0.0,0.0,0.0,1,13074,13074,13074,26061,12059,10158,9917,18861,1,1,1,25429,8004,1,1,18762,25170,1.0,0:02,2015,2016
2015-16,203083,Andre Drummond,Andre,1610612765,DET,Detroit Pistons,21500322,2015-12-09T00:00:00,DET vs. MEM,L,36.5,2.0,9.0,1.0,16.0,13.0,16.0,3.0,32.0,2.0,1.0,2.0,3.0,52.8,1,13074,13074,13074,2397,6026,77,9347,275,21300,25155,7328,3535,932,17214,11390,4736,534,1.0,36:30,2015,2016
2015-16,202324,Derrick Favors,Derrick,1610612762,UTA,Utah Jazz,21500327,2015-12-09T00:00:00,UTA vs. NYK,W,28.1,0.0,2.0,0.0,12.0,8.0,6.0,4.0,16.0,0.0,0.0,3.0,5.0,29.6,1,1,1,1,9140,12059,4731,9917,988,13914,13237,8806,15259,8004,1,17641,1539,6050,1.0,28:07,2015,2016
2015-16,200768,Kyle Lowry,Kyle,1610612761,TOR,Toronto Raptors,21500323,2015-12-09T00:00:00,TOR vs. SAS,W,37.2,3.0,0.0,0.0,6.0,10.0,9.0,2.0,30.0,0.0,0.0,2.0,3.0,36.0,1,1,1,1,1962,4307,10158,9917,5299,17370,19144,4025,4541,8004,1,11390,4736,3463,1.0,37:12,2015,2016
2015-16,202688,Brandon Knight,Brandon,1610612756,PHX,Phoenix Suns,21500326,2015-12-09T00:00:00,PHX vs. ORL,W,38.5,8.0,2.0,6.0,10.0,13.0,13.0,11.0,24.0,0.0,0.0,1.0,7.0,48.7,1,1,1,1,1272,308,4731,740,1840,21300,23668,21342,8723,8004,1,4972,469,890,1.0,38:30,2015,2016
2015-16,1626157,Karl-Anthony Towns,Karl-Anthony,1610612750,MIN,Minnesota Timberwolves,21500325,2015-12-09T00:00:00,MIN vs. LAL,W,35.0,0.0,6.0,1.0,16.0,7.0,9.0,6.0,20.0,3.0,0.0,5.0,3.0,51.3,1,1,1,1,3568,12059,481,9347,275,12242,19144,13388,11929,347,1,24686,4736,631,1.0,34:58,2015,2016
2015-16,202704,Reggie Jackson,Reggie,1610612765,DET,Detroit Pistons,21500322,2015-12-09T00:00:00,DET vs. MEM,L,32.3,0.0,2.0,2.0,8.0,12.0,14.0,2.0,32.0,0.0,2.0,3.0,5.0,36.1,1,13074,13074,13074,5660,12059,4731,4675,3109,20178,24300,4025,3535,8004,23588,17641,1539,3432,1.0,32:17,2015,2016
2015-16,200794,Paul Millsap,Paul,1610612737,ATL,Atlanta Hawks,21500328,2015-12-09T00:00:00,ATL @ DAL,W,35.8,0.0,5.0,2.0,12.0,11.0,15.0,4.0,32.0,1.0,1.0,3.0,5.0,51.7,1,1,1,1,2879,12059,995,4675,988,18886,24781,8806,3535,2692,17214,17641,1539,595,1.0,35:49,2015,2016
2015-16,202696,Nikola Vučević,Nikola,1610612753,ORL,Orlando Magic,21500326,2015-12-09T00:00:00,ORL @ PHX,L,37.9,4.0,8.0,2.0,8.0,15.0,10.0,17.0,38.0,0.0,1.0,4.0,3.0,36.2,1,13074,13074,13074,1566,2460,137,4675,3109,23079,20509,24967,1422,8004,17214,22104,4736,3407,1.0,37:52,2015,2016
2015-16,202689,Kemba Walker,Kemba,1610612766,CHA,Charlotte Hornets,21500320,2015-12-09T00:00:00,CHA vs. MIA,W,31.3,9.0,3.0,6.0,12.0,2.0,6.0,5.0,20.0,0.0,1.0,2.0,1.0,45.0,1,1,1,1,6457,171,3104,740,988,2619,13237,11593,11929,8004,17214,11390,12373,1357,1.0,31:19,2015,2016
2015-16,101135,David Lee,David,1610612738,BOS,Boston Celtics,21500319,2015-12-09T00:00:00,BOS vs. CHI,W,18.4,2.0,2.0,0.0,10.0,2.0,6.0,5.0,10.0,0.0,1.0,2.0,1.0,24.2,1,1,1,1,17145,6026,4731,9917,1840,2619,13237,11593,20209,8004,17214,11390,12373,9009,1.0,18:26,2015,2016
2015-16,202322,John Wall,John,1610612764,WAS,Washington Wizards,21500321,2015-12-09T00:00:00,WAS vs. HOU,L,39.5,8.0,0.0,12.0,16.0,13.0,4.0,15.0,32.0,1.0,0.0,3.0,5.0,62.8,1,13074,13074,13074,902,308,10158,42,275,21300,8458,24242,3535,2692,1,17641,1539,126,1.0,39:27,2015,2016
2015-16,2200,Pau Gasol,Pau,1610612741,CHI,Chicago Bulls,21500319,2015-12-09T00:00:00,CHI @ BOS,L,33.2,0.0,9.0,0.0,8.0,14.0,11.0,7.0,30.0,2.0,2.0,3.0,6.0,45.0,1,13074,13074,13074,4943,12059,77,9917,3109,22292,21814,15538,4541,932,23588,17641,873,1357,1.0,33:15,2015,2016
2015-16,203458,Alex Len,Alex,1610612756,PHX,Phoenix Suns,21500326,2015-12-09T00:00:00,PHX vs. ORL,W,36.3,2.0,5.0,2.0,12.0,13.0,15.0,11.0,24.0,3.0,0.0,3.0,7.0,44.3,1,1,1,1,2541,6026,995,4675,988,21300,24781,21342,8723,347,1,17641,469,1499,1.0,36:19,2015,2016
2015-16,101150,Lou Williams,Lou,1610612747,LAL,Los Angeles Lakers,21500325,2015-12-09T00:00:00,LAL @ MIN,L,33.5,4.0,2.0,2.0,2.0,8.0,11.0,8.0,36.0,0.0,1.0,0.0,5.0,36.9,1,13074,13074,13074,4728,2460,4731,4675,12984,13914,21814,17194,1943,8004,17214,1,1539,3210,1.0,33:31,2015,2016
2015-16,201980,Danny Green,Danny,1610612759,SAS,San Antonio Spurs,21500323,2015-12-09T00:00:00,SAS @ TOR,L,21.3,2.0,2.0,0.0,4.0,8.0,2.0,8.0,22.0,0.0,0.0,1.0,1.0,24.3,1,13074,13074,13074,14743,6026,4731,9917,8599,13914,3734,17194,10265,8004,1,4972,12373,8939,1.0,21:20,2015,2016
2015-16,101108,Chris Paul,Chris,1610612746,LAC,LA Clippers,21500324,2015-12-09T00:00:00,LAC @ MIL,W,37.8,5.0,4.0,4.0,6.0,6.0,6.0,5.0,46.0,0.0,0.0,4.0,3.0,46.6,1,1,1,1,1607,1603,1596,1913,5299,10028,13237,11593,298,8004,1,22104,4736,1122,1.0,37:48,2015,2016
2015-16,201933,Blake Griffin,Blake,1610612746,LAC,LA Clippers,21500324,2015-12-09T00:00:00,LAC @ MIL,W,39.6,3.0,3.0,7.0,8.0,8.0,6.0,5.0,48.0,1.0,0.0,2.0,5.0,49.8,1,1,1,1,866,4307,3104,454,3109,13914,13237,11593,192,2692,1,11390,1539,775,1.0,39:34,2015,2016
2015-16,101162,Marcin Gortat,Marcin,1610612764,WAS,Washington Wizards,21500321,2015-12-09T00:00:00,WAS vs. HOU,L,35.9,2.0,8.0,0.0,14.0,17.0,4.0,18.0,32.0,1.0,0.0,5.0,3.0,37.1,1,13074,13074,13074,2845,6026,137,9917,542,24337,8458,25228,3535,2692,1,24686,4736,3151,1.0,35:53,2015,2016
2015-16,202710,Jimmy Butler III,Jimmy,1610612741,CHI,Chicago Bulls,21500319,2015-12-09T00:00:00,CHI @ BOS,L,38.8,7.0,2.0,4.0,14.0,19.0,11.0,7.0,38.0,0.0,0.0,3.0,10.0,46.4,1,13074,13074,13074,1150,548,4731,1913,542,25074,21814,15538,1422,8004,1,17641,76,1149,1.0,38:48,2015,2016
2015-16,202330,Gordon Hayward,Gordon,1610612762,UTA,Utah Jazz,21500327,2015-12-09T00:00:00,UTA vs. NYK,W,27.3,6.0,2.0,4.0,6.0,6.0,4.0,4.0,12.0,0.0,1.0,3.0,4.0,37.3,1,1,1,1,9804,878,4731,1913,5299,10028,8458,8806,18637,8004,17214,17641,2748,3105,1.0,27:15,2015,2016
2015-16,200755,JJ Redick,JJ,1610612746,LAC,LA Clippers,21500324,2015-12-09T00:00:00,LAC @ MIL,W,33.4,0.0,3.0,0.0,4.0,6.0,6.0,5.0,40.0,0.0,0.0,1.0,3.0,35.6,1,1,1,1,4787,12059,3104,9917,8599,10028,13237,11593,983,8004,1,4972,4736,3615,1.0,33:26,2015,2016
2015-16,1626163,Frank Kaminsky,Frank,1610612766,CHA,Charlotte Hornets,21500320,2015-12-09T00:00:00,CHA vs. MIA,W,28.8,0.0,0.0,0.0,2.0,6.0,4.0,12.0,14.0,0.0,0.0,3.0,1.0,24.4,1,1,1,1,8534,12059,10158,9917,12984,10028,8458,22259,17019,8004,1,17641,12373,8867,1.0,28:48,2015,2016
2015-16,201147,Corey Brewer,Corey,1610612745,HOU,Houston Rockets,21500321,2015-12-09T00:00:00,HOU @ WAS,W,27.8,2.0,0.0,4.0,8.0,13.0,7.0,12.0,22.0,0.0,0.0,4.0,2.0,29.9,1,1,1,1,9350,6026,10158,1913,3109,21300,15642,22259,10265,8004,1,22104,7786,5884,1.0,27:51,2015,2016
2015-16,201935,James Harden,James,1610612745,HOU,Houston Rockets,21500321,2015-12-09T00:00:00,HOU @ WAS,W,40.0,5.0,2.0,6.0,6.0,18.0,11.0,18.0,42.0,2.0,1.0,4.0,12.0,68.3,1,1,1,1,724,1603,4731,740,5299,24749,21814,25228,670,932,17214,22104,27,63,1.0,40:02,2015,2016
2015-16,2755,Kevin Martin,Kevin,1610612750,MIN,Minnesota Timberwolves,21500325,2015-12-09T00:00:00,MIN vs. LAL,W,40.2,4.0,3.0,4.0,6.0,14.0,10.0,13.0,34.0,0.0,0.0,3.0,2.0,44.7,1,1,1,1,679,2460,3104,1913,5299,22292,20509,23048,2701,8004,1,17641,7786,1419,1.0,40:12,2015,2016
2015-16,203094,Andrew Nicholson,Andrew,1610612753,ORL,Orlando Magic,21500326,2015-12-09T00:00:00,ORL @ PHX,L,13.5,4.0,0.0,0.0,2.0,4.0,5.0,2.0,12.0,0.0,0.0,5.0,2.0,11.6,1,13074,13074,13074,20703,2460,10158,9917,12984,6141,11469,4025,18637,8004,1,24686,7786,17970,1.0,13:30,2015,2016
2015-16,202699,Tobias Harris,Tobias,1610612753,ORL,Orlando Magic,21500326,2015-12-09T00:00:00,ORL @ PHX,L,33.2,2.0,5.0,2.0,4.0,14.0,3.0,17.0,34.0,0.0,1.0,2.0,3.0,30.1,1,13074,13074,13074,4966,6026,995,4675,8599,22292,7138,24967,2701,8004,17214,11390,4736,5794,1.0,33:12,2015,2016
2015-16,1717,Dirk Nowitzki,Dirk,1610612742,DAL,Dallas Mavericks,21500328,2015-12-09T00:00:00,DAL vs. ATL,L,31.0,0.0,4.0,0.0,0.0,17.0,3.0,16.0,20.0,1.0,1.0,1.0,1.0,35.6,1,13074,13074,13074,6685,12059,1596,9917,18861,24337,7138,24641,11929,2692,17214,4972,12373,3615,1.0,31:03,2015,2016
2015-16,203109,Jae Crowder,Jae,1610612738,BOS,Boston Celtics,21500319,2015-12-09T00:00:00,BOS vs. CHI,W,32.5,6.0,4.0,0.0,8.0,11.0,12.0,6.0,36.0,0.0,0.0,5.0,1.0,24.6,1,1,1,1,5480,878,1596,9917,3109,18886,22832,13388,1943,8004,1,24686,12373,8724,1.0,32:32,2015,2016
2015-16,201162,Jared Dudley,Jared,1610612764,WAS,Washington Wizards,21500321,2015-12-09T00:00:00,WAS vs. HOU,L,24.2,3.0,3.0,0.0,0.0,7.0,4.0,7.0,24.0,0.0,1.0,3.0,1.0,19.9,1,13074,13074,13074,12395,4307,3104,9917,18861,12242,8458,15538,8723,8004,17214,17641,12373,11824,1.0,24:11,2015,2016
2015-16,2547,Chris Bosh,Chris,1610612748,MIA,Miami Heat,21500320,2015-12-09T00:00:00,MIA @ CHA,L,21.5,0.0,2.0,0.0,2.0,12.0,9.0,2.0,16.0,0.0,0.0,1.0,1.0,12.4,1,13074,13074,13074,14578,12059,4731,9917,12984,20178,19144,4025,15259,8004,1,4972,12373,17418,1.0,21:31,2015,2016
2015-16,202738,Isaiah Thomas,Isaiah,1610612738,BOS,Boston Celtics,21500319,2015-12-09T00:00:00,BOS vs. CHI,W,31.3,0.0,0.0,3.0,4.0,13.0,13.0,11.0,36.0,0.0,1.0,0.0,6.0,31.5,1,1,1,1,6494,12059,10158,3302,8599,21300,23668,21342,1943,8004,17214,1,873,5180,1.0,31:17,2015,2016
2015-16,101141,Ersan Ilyasova,Ersan,1610612765,DET,Detroit Pistons,21500322,2015-12-09T00:00:00,DET vs. MEM,L,34.2,2.0,2.0,0.0,2.0,13.0,16.0,3.0,32.0,3.0,0.0,5.0,2.0,30.9,1,13074,13074,13074,4185,6026,4731,9917,12984,21300,25155,7328,3535,347,1,24686,7786,5452,1.0,34:13,2015,2016
2015-16,202323,Evan Turner,Evan,1610612738,BOS,Boston Celtics,21500319,2015-12-09T00:00:00,BOS vs. CHI,W,28.7,2.0,2.0,2.0,6.0,7.0,11.0,7.0,26.0,0.0,1.0,1.0,4.0,31.1,1,1,1,1,8618,6026,4731,4675,5299,12242,21814,15538,7214,8004,17214,4972,2748,5354,1.0,28:43,2015,2016
2015-16,2216,Zach Randolph,Zach,1610612763,MEM,Memphis Grizzlies,21500322,2015-12-09T00:00:00,MEM @ DET,W,35.1,2.0,9.0,2.0,10.0,7.0,12.0,7.0,30.0,0.0,1.0,3.0,4.0,40.7,1,1,1,1,3449,6026,77,4675,1840,12242,22832,15538,4541,8004,17214,17641,2748,2199,1.0,35:07,2015,2016
2015-16,203145,Kent Bazemore,Kent,1610612737,ATL,Atlanta Hawks,21500328,2015-12-09T00:00:00,ATL @ DAL,W,22.8,3.0,0.0,5.0,4.0,7.0,4.0,5.0,14.0,1.0,0.0,2.0,1.0,26.6,1,1,1,1,13528,4307,10158,1277,8599,12242,8458,11593,17019,2692,1,11390,12373,7566,1.0,22:48,2015,2016
2015-16,200757,Thabo Sefolosha,Thabo,1610612737,ATL,Atlanta Hawks,21500328,2015-12-09T00:00:00,ATL @ DAL,W,25.6,2.0,0.0,2.0,2.0,9.0,13.0,2.0,26.0,1.0,0.0,1.0,1.0,20.2,1,1,1,1,11191,6026,10158,4675,12984,15771,23668,4025,7214,2692,1,4972,12373,11610,1.0,25:37,2015,2016
2015-16,203901,Elfrid Payton,Elfrid,1610612753,ORL,Orlando Magic,21500326,2015-12-09T00:00:00,ORL @ PHX,L,33.4,2.0,0.0,2.0,8.0,9.0,6.0,12.0,28.0,0.0,0.0,2.0,2.0,42.6,1,13074,13074,13074,4842,6026,10158,4675,3109,15771,13237,22259,5824,8004,1,11390,7786,1822,1.0,33:22,2015,2016
2015-16,201587,Nicolas Batum,Nicolas,1610612766,CHA,Charlotte Hornets,21500320,2015-12-09T00:00:00,CHA vs. MIA,W,27.9,0.0,0.0,2.0,4.0,2.0,4.0,5.0,20.0,1.0,0.0,1.0,3.0,42.7,1,1,1,1,9320,12059,10158,4675,8599,2619,8458,11593,11929,2692,1,4972,4736,1800,1.0,27:53,2015,2016
2015-16,201149,Joakim Noah,Joakim,1610612741,CHI,Chicago Bulls,21500319,2015-12-09T00:00:00,CHI @ BOS,L,20.8,2.0,3.0,0.0,4.0,17.0,8.0,6.0,34.0,1.0,0.0,2.0,1.0,27.0,1,13074,13074,13074,15221,6026,3104,9917,8599,24337,17345,13388,2701,2692,1,11390,12373,7385,1.0,20:49,2015,2016
2015-16,202357,Nemanja Bjelica,Nemanja,1610612750,MIN,Minnesota Timberwolves,21500325,2015-12-09T00:00:00,MIN vs. LAL,W,20.8,0.0,4.0,2.0,6.0,12.0,6.0,8.0,20.0,1.0,0.0,4.0,1.0,15.8,1,1,1,1,15244,12059,1596,4675,5299,20178,13237,17194,11929,2692,1,22104,12373,14754,1.0,20:47,2015,2016
2015-16,201143,Al Horford,Al,1610612737,ATL,Atlanta Hawks,21500328,2015-12-09T00:00:00,ATL @ DAL,W,37.0,4.0,2.0,2.0,10.0,16.0,12.0,7.0,28.0,2.0,1.0,2.0,0.0,40.6,1,1,1,1,2109,2460,4731,4675,1840,23774,22832,15538,5824,932,17214,11390,18762,2230,1.0,36:57,2015,2016
2015-16,203096,Jared Sullinger,Jared,1610612738,BOS,Boston Celtics,21500319,2015-12-09T00:00:00,BOS vs. CHI,W,27.4,2.0,3.0,0.0,2.0,8.0,9.0,9.0,26.0,3.0,0.0,1.0,3.0,41.7,1,1,1,1,9677,6026,3104,9917,12984,13914,19144,18829,7214,347,1,4972,4736,2002,1.0,27:25,2015,2016
2015-16,202339,Eric Bledsoe,Eric,1610612756,PHX,Phoenix Suns,21500326,2015-12-09T00:00:00,PHX vs. ORL,W,34.8,5.0,0.0,4.0,12.0,10.0,11.0,10.0,14.0,1.0,0.0,3.0,4.0,43.1,1,1,1,1,3735,1603,10158,1913,988,17370,21814,20169,17019,2692,1,17641,2748,1713,1.0,34:45,2015,2016
2015-16,202720,Jon Leuer,Jon,1610612756,PHX,Phoenix Suns,21500326,2015-12-09T00:00:00,PHX vs. ORL,W,27.1,0.0,0.0,2.0,8.0,6.0,7.0,9.0,12.0,1.0,0.0,0.0,3.0,26.2,1,1,1,1,9953,12059,10158,4675,3109,10028,15642,18829,18637,2692,1,1,4736,7785,1.0,27:04,2015,2016
2015-16,201156,Nick Young,Nick,1610612747,LAL,Los Angeles Lakers,21500325,2015-12-09T00:00:00,LAL @ MIN,L,28.5,6.0,0.0,3.0,0.0,2.0,11.0,0.0,20.0,0.0,1.0,0.0,0.0,20.2,1,13074,13074,13074,8824,878,10158,3302,18861,2619,21814,1,11929,8004,17214,1,18762,11610,1.0,28:30,2015,2016
2015-16,203506,Victor Oladipo,Victor,1610612753,ORL,Orlando Magic,21500326,2015-12-09T00:00:00,ORL @ PHX,L,28.5,0.0,2.0,3.0,2.0,12.0,11.0,9.0,32.0,0.0,1.0,5.0,1.0,27.3,1,13074,13074,13074,8801,12059,4731,3302,12984,20178,21814,18829,3535,8004,17214,24686,12373,7236,1.0,28:31,2015,2016
2015-16,2617,Udonis Haslem,Udonis,1610612748,MIA,Miami Heat,21500320,2015-12-09T00:00:00,MIA @ CHA,L,16.2,0.0,0.0,0.0,0.0,5.0,2.0,8.0,12.0,1.0,0.0,2.0,2.0,11.7,1,13074,13074,13074,18913,12059,10158,9917,18861,8403,3734,17194,18637,2692,1,11390,7786,17903,1.0,16:10,2015,2016
2015-16,2746,Josh Smith,Josh,1610612746,LAC,LA Clippers,21500324,2015-12-09T00:00:00,LAC @ MIL,W,11.5,2.0,0.0,0.0,0.0,5.0,0.0,3.0,18.0,2.0,0.0,0.0,2.0,19.8,1,1,1,1,21825,6026,10158,9917,18861,8403,1,7328,13577,932,1,1,7786,11883,1.0,11:30,2015,2016
2015-16,201599,DeAndre Jordan,DeAndre,1610612746,LAC,LA Clippers,21500324,2015-12-09T00:00:00,LAC @ MIL,W,38.9,2.0,0.0,4.0,4.0,6.0,6.0,5.0,42.0,3.0,0.0,4.0,9.0,40.8,1,1,1,1,1120,6026,10158,1913,8599,10028,13237,11593,670,347,1,22104,138,2181,1.0,38:52,2015,2016
2015-16,203089,John Henson,John,1610612749,MIL,Milwaukee Bucks,21500324,2015-12-09T00:00:00,MIL vs. LAC,L,11.7,2.0,0.0,0.0,8.0,5.0,0.0,4.0,4.0,0.0,0.0,5.0,0.0,11.9,1,13074,13074,13074,21737,6026,10158,9917,3109,8403,1,8806,23698,8004,1,24686,18762,17760,1.0,11:40,2015,2016
2015-16,201976,Patrick Beverley,Patrick,1610612745,HOU,Houston Rockets,21500321,2015-12-09T00:00:00,HOU @ WAS,W,37.4,6.0,0.0,3.0,2.0,18.0,10.0,22.0,42.0,0.0,0.0,2.0,2.0,19.8,1,1,1,1,1821,878,10158,3302,12984,24749,20509,25811,670,8004,1,11390,7786,11883,1.0,37:25,2015,2016
2015-16,203932,Aaron Gordon,Aaron,1610612753,ORL,Orlando Magic,21500326,2015-12-09T00:00:00,ORL @ PHX,L,12.3,0.0,0.0,2.0,2.0,7.0,6.0,2.0,14.0,0.0,0.0,1.0,0.0,11.9,1,13074,13074,13074,21374,12059,10158,4675,12984,12242,13237,4025,17019,8004,1,4972,18762,17760,1.0,12:20,2015,2016
2015-16,708,Kevin Garnett,Kevin,1610612750,MIN,Minnesota Timberwolves,21500325,2015-12-09T00:00:00,MIN vs. LAL,W,14.7,0.0,0.0,0.0,2.0,3.0,2.0,5.0,8.0,0.0,0.0,2.0,0.0,19.8,1,1,1,1,19977,12059,10158,9917,12984,5109,3734,11593,21543,8004,1,11390,18762,11883,1.0,14:41,2015,2016
2015-16,2594,Kyle Korver,Kyle,1610612737,ATL,Atlanta Hawks,21500328,2015-12-09T00:00:00,ATL @ DAL,W,33.2,3.0,0.0,3.0,2.0,11.0,15.0,4.0,32.0,1.0,0.0,1.0,1.0,15.2,1,1,1,1,4966,4307,10158,3302,12984,18886,24781,8806,3535,2692,1,4972,12373,15219,1.0,33:12,2015,2016
2015-16,1626156,D'Angelo Russell,D'Angelo,1610612747,LAL,Los Angeles Lakers,21500325,2015-12-09T00:00:00,LAL @ MIN,L,32.1,6.0,0.0,5.0,6.0,2.0,11.0,7.0,26.0,0.0,0.0,4.0,3.0,26.7,1,13074,13074,13074,5785,878,10158,1277,5299,2619,21814,15538,7214,8004,1,22104,4736,7525,1.0,32:07,2015,2016
2015-16,1938,Manu Ginobili,Manu,1610612759,SAS,San Antonio Spurs,21500323,2015-12-09T00:00:00,SAS @ TOR,L,24.6,3.0,4.0,0.0,8.0,12.0,0.0,4.0,18.0,0.0,0.0,5.0,4.0,30.3,1,13074,13074,13074,12064,4307,1596,9917,3109,20178,1,8806,13577,8004,1,24686,2748,5702,1.0,24:34,2015,2016
2015-16,201942,DeMar DeRozan,DeMar,1610612761,TOR,Toronto Raptors,21500323,2015-12-09T00:00:00,TOR vs. SAS,W,37.5,2.0,0.0,2.0,6.0,13.0,8.0,0.0,34.0,1.0,0.0,3.0,6.0,41.8,1,1,1,1,1778,6026,10158,4675,5299,21300,17345,1,2701,2692,1,17641,873,1981,1.0,37:28,2015,2016
2015-16,203918,Rodney Hood,Rodney,1610612762,UTA,Utah Jazz,21500327,2015-12-09T00:00:00,UTA vs. NYK,W,29.1,0.0,0.0,0.0,2.0,5.0,6.0,7.0,18.0,0.0,0.0,4.0,2.0,15.3,1,1,1,1,8328,12059,10158,9917,12984,8403,13237,15538,13577,8004,1,22104,7786,15150,1.0,29:03,2015,2016
2015-16,203498,Shabazz Muhammad,Shabazz,1610612750,MIN,Minnesota Timberwolves,21500325,2015-12-09T00:00:00,MIN vs. LAL,W,15.3,0.0,4.0,2.0,10.0,10.0,1.0,6.0,12.0,0.0,0.0,1.0,2.0,20.5,1,1,1,1,19590,12059,1596,4675,1840,17370,3393,13388,18637,8004,1,4972,7786,11401,1.0,15:15,2015,2016
2015-16,1626273,Marcelo Huertas,Marcelo,1610612747,LAL,Los Angeles Lakers,21500325,2015-12-09T00:00:00,LAL @ MIN,L,17.2,0.0,0.0,0.0,0.0,0.0,5.0,4.0,12.0,0.0,0.0,1.0,1.0,15.2,1,13074,13074,13074,18153,12059,10158,9917,18861,1,11469,8806,18637,8004,1,4972,12373,15219,1.0,17:10,2015,2016
2015-16,202355,Hassan Whiteside,Hassan,1610612748,MIA,Miami Heat,21500320,2015-12-09T00:00:00,MIA @ CHA,L,22.9,0.0,2.0,0.0,6.0,16.0,8.0,8.0,24.0,3.0,0.0,2.0,3.0,20.1,1,13074,13074,13074,13439,12059,4731,9917,5299,23774,17345,17194,8723,347,1,11390,4736,11685,1.0,22:56,2015,2016
2015-16,203382,Aron Baynes,Aron,1610612765,DET,Detroit Pistons,21500322,2015-12-09T00:00:00,DET vs. MEM,L,11.5,2.0,2.0,0.0,2.0,0.0,5.0,0.0,10.0,1.0,1.0,1.0,1.0,15.8,1,13074,13074,13074,21825,6026,4731,9917,12984,1,11469,1,20209,2692,17214,4972,12373,14754,1.0,11:30,2015,2016
2015-16,2546,Carmelo Anthony,Carmelo,1610612752,NYK,New York Knicks,21500327,2015-12-09T00:00:00,NYK @ UTA,L,25.8,0.0,0.0,2.0,2.0,6.0,4.0,4.0,26.0,0.0,0.0,2.0,5.0,20.0,1,13074,13074,13074,10980,12059,10158,4675,12984,10028,8458,8806,7214,8004,1,11390,1539,11752,1.0,25:50,2015,2016
2015-16,201188,Marc Gasol,Marc,1610612763,MEM,Memphis Grizzlies,21500322,2015-12-09T00:00:00,MEM @ DET,W,35.6,4.0,6.0,0.0,8.0,13.0,5.0,5.0,30.0,2.0,0.0,2.0,3.0,42.4,1,1,1,1,3090,2460,481,9917,3109,21300,11469,11593,4541,932,1,11390,4736,1860,1.0,35:34,2015,2016
2015-16,2756,Sasha Vujacic,Sasha,1610612752,NYK,New York Knicks,21500327,2015-12-09T00:00:00,NYK @ UTA,L,26.7,4.0,0.0,1.0,0.0,5.0,3.0,2.0,20.0,0.0,0.0,3.0,5.0,28.7,1,13074,13074,13074,10286,2460,10158,9347,18861,8403,7138,4025,11929,8004,1,17641,1539,6514,1.0,26:41,2015,2016
2015-16,202692,Alec Burks,Alec,1610612762,UTA,Utah Jazz,21500327,2015-12-09T00:00:00,UTA vs. NYK,W,18.9,0.0,0.0,2.0,0.0,7.0,2.0,2.0,12.0,0.0,0.0,2.0,6.0,13.5,1,1,1,1,16747,12059,10158,4675,18861,12242,3734,4025,18637,8004,1,11390,873,16552,1.0,18:56,2015,2016
2015-16,203476,Gorgui Dieng,Gorgui,1610612750,MIN,Minnesota Timberwolves,21500325,2015-12-09T00:00:00,MIN vs. LAL,W,30.4,0.0,1.0,0.0,0.0,17.0,9.0,10.0,26.0,0.0,0.0,2.0,4.0,16.9,1,1,1,1,7165,12059,9709,9917,18861,24337,19144,20169,7214,8004,1,11390,2748,13911,1.0,30:25,2015,2016
2015-16,203481,Jeff Withey,Jeff,1610612762,UTA,Utah Jazz,21500327,2015-12-09T00:00:00,UTA vs. NYK,W,19.9,2.0,0.0,2.0,6.0,6.0,4.0,3.0,12.0,1.0,1.0,1.0,1.0,21.8,1,1,1,1,16005,6026,10158,4675,5299,10028,8458,7328,18637,2692,17214,4972,12373,10526,1.0,19:53,2015,2016
2015-16,203991,Clint Capela,Clint,1610612745,HOU,Houston Rockets,21500321,2015-12-09T00:00:00,HOU @ WAS,W,21.2,2.0,4.0,0.0,10.0,9.0,7.0,14.0,24.0,0.0,0.0,0.0,2.0,22.0,1,1,1,1,14930,6026,1596,9917,1840,15771,15642,23710,8723,8004,1,1,7786,10388,1.0,21:10,2015,2016
2015-16,202344,Trevor Booker,Trevor,1610612762,UTA,Utah Jazz,21500327,2015-12-09T00:00:00,UTA vs. NYK,W,17.6,0.0,0.0,0.0,6.0,7.0,2.0,0.0,10.0,1.0,0.0,3.0,1.0,17.5,1,1,1,1,17807,12059,10158,9917,5299,12242,3734,1,20209,2692,1,17641,12373,13528,1.0,17:38,2015,2016
2015-16,201584,Courtney Lee,Courtney,1610612763,MEM,Memphis Grizzlies,21500322,2015-12-09T00:00:00,MEM @ DET,W,29.1,2.0,2.0,0.0,4.0,10.0,11.0,4.0,22.0,0.0,1.0,2.0,1.0,16.9,1,1,1,1,8325,6026,4731,9917,8599,17370,21814,8806,10265,8004,17214,11390,12373,13911,1.0,29:04,2015,2016
2015-16,2730,Dwight Howard,Dwight,1610612745,HOU,Houston Rockets,21500321,2015-12-09T00:00:00,HOU @ WAS,W,27.5,1.0,0.0,0.0,2.0,14.0,11.0,10.0,28.0,1.0,0.0,3.0,5.0,28.3,1,1,1,1,9606,11535,10158,9917,12984,22292,21814,20169,5824,2692,1,17641,1539,6720,1.0,27:30,2015,2016
2015-16,202325,Wesley Johnson,Wesley,1610612746,LAC,LA Clippers,21500324,2015-12-09T00:00:00,LAC @ MIL,W,18.5,2.0,0.0,4.0,6.0,3.0,2.0,3.0,20.0,2.0,0.0,0.0,2.0,28.6,1,1,1,1,17069,6026,10158,1913,5299,5109,3734,7328,11929,932,1,1,7786,6560,1.0,18:32,2015,2016
2015-16,203944,Julius Randle,Julius,1610612747,LAL,Los Angeles Lakers,21500325,2015-12-09T00:00:00,LAL @ MIN,L,33.0,3.0,7.0,1.0,12.0,2.0,13.0,4.0,26.0,0.0,0.0,3.0,6.0,38.9,1,13074,13074,13074,5126,4307,292,9347,988,2619,23668,8806,7214,8004,1,17641,873,2667,1.0,33:00,2015,2016
2015-16,101109,Raymond Felton,Raymond,1610612742,DAL,Dallas Mavericks,21500328,2015-12-09T00:00:00,DAL vs. ATL,L,30.2,2.0,2.0,0.0,4.0,8.0,8.0,5.0,30.0,0.0,0.0,0.0,1.0,27.7,1,13074,13074,13074,7360,6026,4731,9917,8599,13914,17345,11593,4541,8004,1,1,12373,7008,1.0,30:12,2015,2016
2015-16,203124,Kyle O'Quinn,Kyle,1610612752,NYK,New York Knicks,21500327,2015-12-09T00:00:00,NYK @ UTA,L,16.2,3.0,4.0,0.0,2.0,3.0,3.0,4.0,8.0,1.0,0.0,4.0,3.0,28.2,1,13074,13074,13074,18898,4307,1596,9917,12984,5109,7138,8806,21543,2692,1,22104,4736,6778,1.0,16:11,2015,2016
2015-16,201168,Tiago Splitter,Tiago,1610612737,ATL,Atlanta Hawks,21500328,2015-12-09T00:00:00,ATL @ DAL,W,12.0,0.0,0.0,0.0,4.0,5.0,2.0,3.0,8.0,0.0,0.0,2.0,0.0,13.6,1,1,1,1,21611,12059,10158,9917,8599,8403,3734,7328,21543,8004,1,11390,18762,16460,1.0,11:57,2015,2016
2015-16,202328,Greg Monroe,Greg,1610612749,MIL,Milwaukee Bucks,21500324,2015-12-09T00:00:00,MIL vs. LAC,L,36.3,0.0,4.0,0.0,16.0,12.0,10.0,15.0,30.0,0.0,3.0,1.0,0.0,33.0,1,13074,13074,13074,2520,12059,1596,9917,275,20178,20509,24242,4541,8004,25441,4972,18762,4537,1.0,36:20,2015,2016
2015-16,203482,Kelly Olynyk,Kelly,1610612738,BOS,Boston Celtics,21500319,2015-12-09T00:00:00,BOS vs. CHI,W,19.9,3.0,0.0,0.0,4.0,4.0,7.0,4.0,16.0,1.0,0.0,5.0,3.0,27.8,1,1,1,1,15996,4307,10158,9917,8599,6141,15642,8806,15259,2692,1,24686,4736,6950,1.0,19:54,2015,2016
2015-16,2449,Luis Scola,Luis,1610612761,TOR,Toronto Raptors,21500323,2015-12-09T00:00:00,TOR vs. SAS,W,33.5,6.0,0.0,4.0,14.0,8.0,5.0,2.0,22.0,0.0,1.0,4.0,2.0,28.1,1,1,1,1,4779,878,10158,1913,542,13914,11469,4025,10265,8004,17214,22104,7786,6818,1.0,33:27,2015,2016
2015-16,202340,Avery Bradley,Avery,1610612738,BOS,Boston Celtics,21500319,2015-12-09T00:00:00,BOS vs. CHI,W,38.8,6.0,2.0,6.0,10.0,11.0,15.0,9.0,34.0,0.0,0.0,2.0,0.0,16.9,1,1,1,1,1138,878,4731,740,1840,18886,24781,18829,2701,8004,1,11390,18762,13911,1.0,38:49,2015,2016
2015-16,202083,Wesley Matthews,Wesley,1610612742,DAL,Dallas Mavericks,21500328,2015-12-09T00:00:00,DAL vs. ATL,L,35.6,2.0,5.0,0.0,6.0,11.0,7.0,14.0,32.0,2.0,1.0,4.0,1.0,32.3,1,13074,13074,13074,3031,6026,995,9917,5299,18886,15642,23710,3535,932,17214,22104,12373,4807,1.0,35:38,2015,2016
2015-16,203487,Michael Carter-Williams,Michael,1610612749,MIL,Milwaukee Bucks,21500324,2015-12-09T00:00:00,MIL vs. LAC,L,32.1,3.0,0.0,3.0,16.0,15.0,5.0,13.0,16.0,0.0,1.0,4.0,4.0,38.7,1,13074,13074,13074,5785,4307,10158,3302,275,23079,11469,23048,15259,8004,17214,22104,2748,2717,1.0,32:07,2015,2016
2015-16,1626196,Josh Richardson,Josh,1610612748,MIA,Miami Heat,21500320,2015-12-09T00:00:00,MIA @ CHA,L,15.4,0.0,0.0,2.0,0.0,5.0,2.0,6.0,10.0,0.0,0.0,2.0,2.0,13.4,1,13074,13074,13074,19455,12059,10158,4675,18861,8403,3734,13388,20209,8004,1,11390,7786,16614,1.0,15:26,2015,2016
2015-16,203903,Jordan Clarkson,Jordan,1610612747,LAL,Los Angeles Lakers,21500325,2015-12-09T00:00:00,LAL @ MIN,L,23.2,0.0,0.0,2.0,10.0,6.0,13.0,5.0,30.0,0.0,0.0,3.0,2.0,17.3,1,13074,13074,13074,13196,12059,10158,4675,1840,10028,23668,11593,4541,8004,1,17641,7786,13671,1.0,23:12,2015,2016
2015-16,203469,Cody Zeller,Cody,1610612766,CHA,Charlotte Hornets,21500320,2015-12-09T00:00:00,CHA vs. MIA,W,23.7,4.0,2.0,4.0,6.0,2.0,4.0,5.0,20.0,1.0,2.0,3.0,1.0,17.4,1,1,1,1,12850,2460,4731,1913,5299,2619,8458,11593,11929,2692,23588,17641,12373,13595,1.0,23:40,2015,2016
2015-16,201144,Mike Conley,Mike,1610612763,MEM,Memphis Grizzlies,21500322,2015-12-09T00:00:00,MEM @ DET,W,29.2,0.0,4.0,0.0,4.0,10.0,6.0,6.0,26.0,0.0,1.0,1.0,2.0,22.2,1,1,1,1,8238,12059,1596,9917,8599,17370,13237,13388,7214,8004,17214,4972,7786,10263,1.0,29:11,2015,2016
2015-16,204020,Tyler Johnson,Tyler,1610612748,MIA,Miami Heat,21500320,2015-12-09T00:00:00,MIA @ CHA,L,29.1,5.0,0.0,7.0,10.0,9.0,4.0,12.0,24.0,1.0,2.0,2.0,5.0,28.4,1,13074,13074,13074,8315,1603,10158,454,1840,15771,8458,22259,8723,2692,23588,11390,1539,6663,1.0,29:04,2015,2016
2015-16,203926,Doug McDermott,Doug,1610612741,CHI,Chicago Bulls,21500319,2015-12-09T00:00:00,CHI @ BOS,L,26.3,0.0,0.0,3.0,2.0,15.0,8.0,6.0,30.0,0.0,0.0,2.0,0.0,18.4,1,13074,13074,13074,10613,12059,10158,3302,12984,23079,17345,13388,4541,8004,1,11390,18762,12854,1.0,26:17,2015,2016
2015-16,201988,Patty Mills,Patty,1610612759,SAS,San Antonio Spurs,21500323,2015-12-09T00:00:00,SAS @ TOR,L,21.9,0.0,3.0,0.0,0.0,9.0,0.0,4.0,16.0,0.0,0.0,0.0,0.0,16.4,1,13074,13074,13074,14293,12059,3104,9917,18861,15771,1,8806,15259,8004,1,1,18762,14289,1.0,21:51,2015,2016
2015-16,202718,Chandler Parsons,Chandler,1610612742,DAL,Dallas Mavericks,21500328,2015-12-09T00:00:00,DAL vs. ATL,L,20.6,2.0,0.0,2.0,2.0,9.0,3.0,13.0,14.0,0.0,1.0,1.0,0.0,7.9,1,13074,13074,13074,15404,6026,10158,4675,12984,15771,7138,23048,17019,8004,17214,4972,18762,20646,1.0,20:35,2015,2016
2015-16,203526,Raul Neto,Raul,1610612762,UTA,Utah Jazz,21500327,2015-12-09T00:00:00,UTA vs. NYK,W,23.0,0.0,0.0,0.0,0.0,6.0,4.0,5.0,6.0,0.0,0.0,0.0,1.0,18.4,1,1,1,1,13383,12059,10158,9917,18861,10028,8458,11593,22724,8004,1,1,12373,12854,1.0,22:59,2015,2016
2015-16,202700,Donatas Motiejunas,Donatas,1610612745,HOU,Houston Rockets,21500321,2015-12-09T00:00:00,HOU @ WAS,W,8.5,0.0,0.0,0.0,2.0,4.0,2.0,4.0,12.0,0.0,0.0,5.0,0.0,2.6,1,1,1,1,23015,12059,10158,9917,12984,6141,3734,8806,18637,8004,1,24686,18762,23982,1.0,8:32,2015,2016
2015-16,203210,JaMychal Green,JaMychal,1610612763,MEM,Memphis Grizzlies,21500322,2015-12-09T00:00:00,MEM @ DET,W,14.7,0.0,0.0,0.0,2.0,4.0,6.0,1.0,10.0,0.0,0.0,0.0,1.0,8.1,1,1,1,1,19980,12059,10158,9917,12984,6141,13237,3646,20209,8004,1,1,12373,20521,1.0,14:40,2015,2016
2015-16,1626168,Trey Lyles,Trey,1610612762,UTA,Utah Jazz,21500327,2015-12-09T00:00:00,UTA vs. NYK,W,29.1,2.0,0.0,0.0,2.0,7.0,8.0,5.0,16.0,0.0,0.0,4.0,2.0,18.5,1,1,1,1,8328,6026,10158,9917,12984,12242,17345,11593,15259,8004,1,22104,7786,12794,1.0,29:03,2015,2016
2015-16,203114,Khris Middleton,Khris,1610612749,MIL,Milwaukee Bucks,21500324,2015-12-09T00:00:00,MIL vs. LAC,L,38.8,4.0,0.0,1.0,2.0,12.0,8.0,14.0,30.0,0.0,0.0,5.0,2.0,18.2,1,13074,13074,13074,1132,2460,10158,9347,12984,20178,17345,23710,4541,8004,1,24686,7786,13004,1.0,38:50,2015,2016
2015-16,202407,Elijah Millsap,Elijah,1610612762,UTA,Utah Jazz,21500327,2015-12-09T00:00:00,UTA vs. NYK,W,15.4,0.0,0.0,0.0,2.0,2.0,4.0,0.0,12.0,0.0,0.0,3.0,1.0,18.4,1,1,1,1,19474,12059,10158,9917,12984,2619,8458,1,18637,8004,1,17641,12373,12854,1.0,15:24,2015,2016
2015-16,202709,Cory Joseph,Cory,1610612761,TOR,Toronto Raptors,21500323,2015-12-09T00:00:00,TOR vs. SAS,W,29.6,2.0,0.0,2.0,2.0,9.0,9.0,2.0,24.0,0.0,0.0,4.0,4.0,18.0,1,1,1,1,7923,6026,10158,4675,12984,15771,19144,4025,8723,8004,1,22104,2748,13164,1.0,29:33,2015,2016
2015-16,101181,Jose Calderon,Jose,1610612752,NYK,New York Knicks,21500327,2015-12-09T00:00:00,NYK @ UTA,L,21.2,0.0,0.0,0.0,0.0,6.0,4.0,4.0,20.0,1.0,0.0,1.0,0.0,18.6,1,13074,13074,13074,14931,12059,10158,9917,18861,10028,8458,8806,11929,2692,1,4972,18762,12715,1.0,21:09,2015,2016
2015-16,202694,Marcus Morris Sr.,Marcus,1610612765,DET,Detroit Pistons,21500322,2015-12-09T00:00:00,DET vs. MEM,L,36.9,4.0,0.0,2.0,2.0,12.0,14.0,2.0,38.0,0.0,0.0,0.0,2.0,18.4,1,13074,13074,13074,2167,2460,10158,4675,12984,20178,24300,4025,1422,8004,1,1,7786,12854,1.0,36:52,2015,2016
2015-16,203488,Mike Muscala,Mike,1610612737,ATL,Atlanta Hawks,21500328,2015-12-09T00:00:00,ATL @ DAL,W,11.3,0.0,2.0,0.0,6.0,0.0,5.0,0.0,12.0,1.0,0.0,0.0,0.0,18.5,1,1,1,1,21909,12059,4731,9917,5299,1,11469,1,18637,2692,1,1,18762,12794,1.0,11:17,2015,2016
2015-16,202687,Bismack Biyombo,Bismack,1610612761,TOR,Toronto Raptors,21500323,2015-12-09T00:00:00,TOR vs. SAS,W,25.5,4.0,2.0,0.0,10.0,8.0,4.0,0.0,28.0,0.0,1.0,4.0,1.0,18.4,1,1,1,1,11275,2460,4731,9917,1840,13914,8458,1,5824,8004,17214,22104,12373,12854,1.0,25:32,2015,2016
2015-16,201959,Taj Gibson,Taj,1610612741,CHI,Chicago Bulls,21500319,2015-12-09T00:00:00,CHI @ BOS,L,19.8,2.0,2.0,0.0,6.0,8.0,9.0,5.0,18.0,0.0,1.0,1.0,0.0,17.9,1,13074,13074,13074,16067,6026,4731,9917,5299,13914,19144,11593,13577,8004,17214,4972,18762,13229,1.0,19:48,2015,2016
2015-16,201160,Jason Smith,Jason,1610612753,ORL,Orlando Magic,21500326,2015-12-09T00:00:00,ORL @ PHX,L,6.8,0.0,0.0,0.0,0.0,0.0,0.0,0.0,10.0,1.0,0.0,2.0,0.0,3.0,1,13074,13074,13074,23631,12059,10158,9917,18861,1,1,1,20209,2692,1,11390,18762,23648,1.0,6:48,2015,2016
2015-16,1495,Tim Duncan,Tim,1610612759,SAS,San Antonio Spurs,21500323,2015-12-09T00:00:00,SAS @ TOR,L,20.2,2.0,0.0,0.0,6.0,13.0,2.0,10.0,22.0,0.0,1.0,1.0,3.0,12.4,1,13074,13074,13074,15778,6026,10158,9917,5299,21300,3734,20169,10265,8004,17214,4972,4736,17418,1.0,20:09,2015,2016
2015-16,1718,Paul Pierce,Paul,1610612746,LAC,LA Clippers,21500324,2015-12-09T00:00:00,LAC @ MIL,W,5.9,0.0,0.0,0.0,0.0,3.0,0.0,3.0,10.0,0.0,0.0,1.0,1.0,2.2,1,1,1,1,24017,12059,10158,9917,18861,5109,1,7328,20209,8004,1,4972,12373,24138,1.0,5:52,2015,2016
2015-16,2550,Kirk Hinrich,Kirk,1610612741,CHI,Chicago Bulls,21500319,2015-12-09T00:00:00,CHI @ BOS,L,11.0,0.0,0.0,0.0,2.0,9.0,2.0,0.0,14.0,0.0,0.0,2.0,0.0,2.2,1,13074,13074,13074,22011,12059,10158,9917,12984,15771,3734,1,17019,8004,1,11390,18762,24138,1.0,11:02,2015,2016
2015-16,1891,Jason Terry,Jason,1610612745,HOU,Houston Rockets,21500321,2015-12-09T00:00:00,HOU @ WAS,W,16.8,0.0,0.0,3.0,4.0,5.0,0.0,4.0,18.0,0.0,0.0,1.0,0.0,8.5,1,1,1,1,18417,12059,10158,3302,8599,8403,1,8806,13577,8004,1,4972,18762,20215,1.0,16:48,2015,2016
2015-16,203135,Robert Sacre,Robert,1610612747,LAL,Los Angeles Lakers,21500325,2015-12-09T00:00:00,LAL @ MIN,L,18.8,0.0,2.0,0.0,6.0,2.0,7.0,4.0,14.0,0.0,0.0,6.0,1.0,12.6,1,13074,13074,13074,16885,12059,4731,9917,5299,2619,15642,8806,17019,8004,1,25827,12373,17277,1.0,18:47,2015,2016
2015-16,2548,Dwyane Wade,Dwyane,1610612748,MIA,Miami Heat,21500320,2015-12-09T00:00:00,MIA @ CHA,L,24.8,0.0,0.0,5.0,6.0,16.0,8.0,10.0,26.0,1.0,1.0,0.0,2.0,21.4,1,13074,13074,13074,11859,12059,10158,1277,5299,23774,17345,20169,7214,2692,17214,1,7786,10807,1.0,24:46,2015,2016
2015-16,2736,Luol Deng,Luol,1610612748,MIA,Miami Heat,21500320,2015-12-09T00:00:00,MIA @ CHA,L,24.5,0.0,0.0,2.0,0.0,6.0,2.0,12.0,22.0,0.0,1.0,0.0,2.0,12.7,1,13074,13074,13074,12152,12059,10158,4675,18861,10028,3734,22259,10265,8004,17214,1,7786,17201,1.0,24:28,2015,2016
2015-16,202695,Kawhi Leonard,Kawhi,1610612759,SAS,San Antonio Spurs,21500323,2015-12-09T00:00:00,SAS @ TOR,L,26.7,2.0,0.0,2.0,0.0,13.0,2.0,12.0,30.0,1.0,1.0,1.0,3.0,21.2,1,13074,13074,13074,10287,6026,10158,4675,18861,21300,3734,22259,4541,2692,17214,4972,4736,10936,1.0,26:41,2015,2016
2015-16,201977,Marcus Thornton,Marcus,1610612745,HOU,Houston Rockets,21500321,2015-12-09T00:00:00,HOU @ WAS,W,19.8,0.0,0.0,0.0,2.0,4.0,9.0,10.0,28.0,0.0,0.0,1.0,1.0,12.7,1,1,1,1,16040,12059,10158,9917,12984,6141,19144,20169,5824,8004,1,4972,12373,17201,1.0,19:50,2015,2016
2015-16,203078,Bradley Beal,Bradley,1610612764,WAS,Washington Wizards,21500321,2015-12-09T00:00:00,WAS vs. HOU,L,39.2,0.0,0.0,2.0,4.0,18.0,6.0,15.0,34.0,1.0,1.0,3.0,3.0,21.2,1,13074,13074,13074,983,12059,10158,4675,8599,24749,13237,24242,2701,2692,17214,17641,4736,10936,1.0,39:13,2015,2016
2015-16,101111,Charlie Villanueva,Charlie,1610612742,DAL,Dallas Mavericks,21500328,2015-12-09T00:00:00,DAL vs. ATL,L,4.6,0.0,0.0,0.0,2.0,0.0,2.0,0.0,8.0,0.0,0.0,0.0,0.0,2.0,1,13074,13074,13074,24519,12059,10158,9917,12984,1,3734,1,21543,8004,1,1,18762,24216,1.0,4:34,2015,2016
2015-16,2588,Matt Bonner,Matt,1610612759,SAS,San Antonio Spurs,21500323,2015-12-09T00:00:00,SAS @ TOR,L,0.3,0.0,0.0,0.0,0.0,0.0,0.0,0.0,0.0,0.0,0.0,0.0,0.0,3.0,1,13074,13074,13074,26011,12059,10158,9917,18861,1,1,1,25429,8004,1,1,18762,23648,1.0,0:15,2015,2016
2015-16,1626159,Justise Winslow,Justise,1610612748,MIA,Miami Heat,21500320,2015-12-09T00:00:00,MIA @ CHA,L,26.0,0.0,4.0,0.0,2.0,5.0,5.0,6.0,14.0,0.0,0.0,2.0,2.0,21.1,1,13074,13074,13074,10854,12059,1596,9917,12984,8403,11469,13388,17019,8004,1,11390,7786,11012,1.0,25:59,2015,2016
2015-16,203798,PJ Hairston,PJ,1610612766,CHA,Charlotte Hornets,21500320,2015-12-09T00:00:00,CHA vs. MIA,W,16.4,3.0,0.0,0.0,0.0,2.0,4.0,1.0,14.0,0.0,1.0,1.0,0.0,8.4,1,1,1,1,18720,4307,10158,9917,18861,2619,8458,3646,17019,8004,17214,4972,18762,20273,1.0,16:25,2015,2016
2015-16,2225,Tony Parker,Tony,1610612759,SAS,San Antonio Spurs,21500323,2015-12-09T00:00:00,SAS @ TOR,L,30.1,2.0,0.0,0.0,2.0,13.0,2.0,12.0,32.0,0.0,0.0,1.0,1.0,18.3,1,13074,13074,13074,7426,6026,10158,9917,12984,21300,3734,22259,3535,8004,1,4972,12373,12952,1.0,30:07,2015,2016
2015-16,200826,J.J. Barea,J.J.,1610612742,DAL,Dallas Mavericks,21500328,2015-12-09T00:00:00,DAL vs. ATL,L,10.1,0.0,0.0,0.0,0.0,6.0,0.0,4.0,8.0,0.0,0.0,0.0,2.0,3.2,1,13074,13074,13074,22409,12059,10158,9917,18861,10028,1,8806,21543,8004,1,1,7786,23473,1.0,10:04,2015,2016
2015-16,201609,Goran Dragic,Goran,1610612748,MIA,Miami Heat,21500320,2015-12-09T00:00:00,MIA @ CHA,L,24.4,0.0,0.0,0.0,2.0,12.0,9.0,4.0,18.0,0.0,0.0,0.0,0.0,8.4,1,13074,13074,13074,12199,12059,10158,9917,12984,20178,19144,8806,13577,8004,1,1,18762,20273,1.0,24:25,2015,2016
2015-16,202338,Kevin Seraphin,Kevin,1610612752,NYK,New York Knicks,21500327,2015-12-09T00:00:00,NYK @ UTA,L,8.8,0.0,2.0,0.0,2.0,2.0,0.0,4.0,6.0,0.0,1.0,0.0,0.0,7.5,1,13074,13074,13074,22905,12059,4731,9917,12984,2619,1,8806,22724,8004,17214,1,18762,20874,1.0,8:50,2015,2016
2015-16,203952,Andrew Wiggins,Andrew,1610612750,MIN,Minnesota Timberwolves,21500325,2015-12-09T00:00:00,MIN vs. LAL,W,36.1,2.0,2.0,3.0,10.0,13.0,11.0,13.0,26.0,0.0,1.0,0.0,4.0,21.0,1,1,1,1,2658,6026,4731,3302,1840,21300,21814,23048,7214,8004,17214,1,2748,11077,1.0,36:07,2015,2016
2015-16,203894,Shabazz Napier,Shabazz,1610612753,ORL,Orlando Magic,21500326,2015-12-09T00:00:00,ORL @ PHX,L,14.6,0.0,0.0,1.0,0.0,11.0,6.0,7.0,22.0,0.0,0.0,2.0,1.0,13.0,1,13074,13074,13074,20010,12059,10158,9347,18861,18886,13237,15538,10265,8004,1,11390,12373,16969,1.0,14:38,2015,2016
2015-16,202390,Gary Neal,Gary,1610612764,WAS,Washington Wizards,21500321,2015-12-09T00:00:00,WAS vs. HOU,L,26.4,0.0,0.0,0.0,2.0,13.0,2.0,14.0,18.0,0.0,1.0,0.0,2.0,8.4,1,13074,13074,13074,10539,12059,10158,9917,12984,21300,3734,23710,13577,8004,17214,1,7786,20273,1.0,26:24,2015,2016
2015-16,203095,Evan Fournier,Evan,1610612753,ORL,Orlando Magic,21500326,2015-12-09T00:00:00,ORL @ PHX,L,34.9,3.0,3.0,0.0,2.0,16.0,8.0,15.0,36.0,0.0,3.0,1.0,2.0,17.9,1,13074,13074,13074,3593,4307,3104,9917,12984,23774,17345,24242,1943,8004,25441,4972,7786,13229,1.0,34:56,2015,2016
2015-16,2037,Jamal Crawford,Jamal,1610612746,LAC,LA Clippers,21500324,2015-12-09T00:00:00,LAC @ MIL,W,21.8,0.0,0.0,0.0,2.0,5.0,2.0,4.0,28.0,0.0,0.0,0.0,2.0,8.2,1,1,1,1,14384,12059,10158,9917,12984,8403,3734,8806,5824,8004,1,1,7786,20416,1.0,21:46,2015,2016
2015-16,2561,David West,David,1610612759,SAS,San Antonio Spurs,21500323,2015-12-09T00:00:00,SAS @ TOR,L,16.9,4.0,0.0,0.0,6.0,4.0,0.0,2.0,12.0,0.0,0.0,2.0,2.0,13.1,1,13074,13074,13074,18338,2460,10158,9917,5299,6141,1,4025,18637,8004,1,11390,7786,16874,1.0,16:55,2015,2016
2015-16,1626204,Larry Nance Jr.,Larry,1610612747,LAL,Los Angeles Lakers,21500325,2015-12-09T00:00:00,LAL @ MIN,L,22.3,0.0,0.0,0.0,0.0,6.0,9.0,8.0,28.0,0.0,2.0,2.0,0.0,13.1,1,13074,13074,13074,13887,12059,10158,9917,18861,10028,19144,17194,5824,8004,23588,11390,18762,16874,1.0,22:20,2015,2016
2015-16,201949,James Johnson,James,1610612761,TOR,Toronto Raptors,21500323,2015-12-09T00:00:00,TOR vs. SAS,W,15.6,2.0,0.0,2.0,0.0,9.0,7.0,2.0,18.0,0.0,0.0,2.0,1.0,13.1,1,1,1,1,19365,6026,10158,4675,18861,15771,15642,4025,13577,8004,1,11390,12373,16874,1.0,15:34,2015,2016
2015-16,201150,Spencer Hawes,Spencer,1610612766,CHA,Charlotte Hornets,21500320,2015-12-09T00:00:00,CHA vs. MIA,W,17.2,0.0,3.0,0.0,0.0,0.0,4.0,2.0,6.0,0.0,1.0,4.0,2.0,7.6,1,1,1,1,18127,12059,3104,9917,18861,1,8458,4025,22724,8004,17214,22104,7786,20803,1.0,17:12,2015,2016
2015-16,201971,DeJuan Blair,DeJuan,1610612764,WAS,Washington Wizards,21500321,2015-12-09T00:00:00,WAS vs. HOU,L,12.1,0.0,0.0,0.0,0.0,3.0,2.0,0.0,6.0,0.0,0.0,3.0,1.0,2.9,1,13074,13074,13074,21480,12059,10158,9917,18861,5109,3734,1,22724,8004,1,17641,12373,23852,1.0,12:06,2015,2016
2015-16,101161,Amir Johnson,Amir,1610612738,BOS,Boston Celtics,21500319,2015-12-09T00:00:00,BOS vs. CHI,W,26.2,4.0,4.0,0.0,10.0,9.0,10.0,4.0,26.0,0.0,1.0,6.0,0.0,23.0,1,1,1,1,10670,2460,1596,9917,1840,15771,20509,8806,7214,8004,17214,25827,18762,9760,1.0,26:14,2015,2016
2015-16,203087,Jeremy Lamb,Jeremy,1610612766,CHA,Charlotte Hornets,21500320,2015-12-09T00:00:00,CHA vs. MIA,W,18.7,0.0,0.0,2.0,8.0,2.0,4.0,6.0,10.0,1.0,0.0,1.0,1.0,19.3,1,1,1,1,16971,12059,10158,4675,3109,2619,8458,13388,20209,2692,1,4972,12373,12228,1.0,18:40,2015,2016
2015-16,201579,Roy Hibbert,Roy,1610612747,LAL,Los Angeles Lakers,21500325,2015-12-09T00:00:00,LAL @ MIN,L,31.9,0.0,2.0,0.0,4.0,6.0,11.0,8.0,36.0,1.0,0.0,2.0,2.0,23.9,1,13074,13074,13074,6008,12059,4731,9917,8599,10028,21814,17194,1943,2692,1,11390,7786,9184,1.0,31:53,2015,2016
2015-16,201596,Mario Chalmers,Mario,1610612763,MEM,Memphis Grizzlies,21500322,2015-12-09T00:00:00,MEM @ DET,W,19.2,1.0,0.0,1.0,2.0,4.0,9.0,4.0,14.0,2.0,1.0,2.0,5.0,15.0,1,1,1,1,16513,11535,10158,9347,12984,6141,19144,8806,17019,932,17214,11390,1539,15404,1.0,19:14,2015,2016
2015-16,101107,Marvin Williams,Marvin,1610612766,CHA,Charlotte Hornets,21500320,2015-12-09T00:00:00,CHA vs. MIA,W,22.9,2.0,3.0,0.0,4.0,2.0,6.0,5.0,20.0,1.0,1.0,0.0,0.0,25.8,1,1,1,1,13484,6026,3104,9917,8599,2619,13237,11593,11929,2692,17214,1,18762,8022,1.0,22:52,2015,2016
2015-16,202391,Jeremy Lin,Jeremy,1610612766,CHA,Charlotte Hornets,21500320,2015-12-09T00:00:00,CHA vs. MIA,W,19.8,0.0,0.0,0.0,0.0,0.0,4.0,4.0,8.0,1.0,1.0,1.0,2.0,10.0,1,1,1,1,16041,12059,10158,9917,18861,1,8458,8806,21543,2692,17214,4972,7786,19178,1.0,19:50,2015,2016
2015-16,201196,Ramon Sessions,Ramon,1610612764,WAS,Washington Wizards,21500321,2015-12-09T00:00:00,WAS vs. HOU,L,15.9,2.0,0.0,2.0,6.0,7.0,2.0,6.0,8.0,0.0,0.0,1.0,4.0,14.3,1,13074,13074,13074,19150,6026,10158,4675,5299,12242,3734,13388,21543,8004,1,4972,2748,15948,1.0,15:52,2015,2016
2015-16,203503,Tony Snell,Tony,1610612741,CHI,Chicago Bulls,21500319,2015-12-09T00:00:00,CHI @ BOS,L,21.7,0.0,0.0,0.0,0.0,10.0,9.0,5.0,24.0,0.0,0.0,2.0,0.0,9.9,1,13074,13074,13074,14424,12059,10158,9917,18861,17370,19144,11593,8723,8004,1,11390,18762,19247,1.0,21:43,2015,2016
2015-16,2440,Matt Barnes,Matt,1610612763,MEM,Memphis Grizzlies,21500322,2015-12-09T00:00:00,MEM @ DET,W,30.2,0.0,0.0,0.0,2.0,10.0,11.0,4.0,28.0,0.0,1.0,2.0,0.0,23.7,1,1,1,1,7349,12059,10158,9917,12984,17370,21814,8806,5824,8004,17214,11390,18762,9329,1.0,30:12,2015,2016
2015-16,977,Kobe Bryant,Kobe,1610612747,LAL,Los Angeles Lakers,21500325,2015-12-09T00:00:00,LAL @ MIN,L,24.5,2.0,0.0,3.0,0.0,6.0,9.0,12.0,32.0,0.0,0.0,2.0,0.0,14.7,1,13074,13074,13074,12125,6026,10158,3302,18861,10028,19144,22259,3535,8004,1,11390,18762,15631,1.0,24:30,2015,2016
2015-16,2585,Zaza Pachulia,Zaza,1610612742,DAL,Dallas Mavericks,21500328,2015-12-09T00:00:00,DAL vs. ATL,L,37.8,0.0,4.0,0.0,8.0,11.0,9.0,14.0,36.0,0.0,1.0,1.0,4.0,33.9,1,13074,13074,13074,1581,12059,1596,9917,3109,18886,19144,23710,1943,8004,17214,4972,2748,4208,1.0,37:50,2015,2016
2015-16,2754,Tony Allen,Tony,1610612763,MEM,Memphis Grizzlies,21500322,2015-12-09T00:00:00,MEM @ DET,W,22.1,0.0,0.0,0.0,4.0,7.0,7.0,4.0,22.0,0.0,1.0,2.0,0.0,14.7,1,1,1,1,14073,12059,10158,9917,8599,12242,15642,8806,10265,8004,17214,11390,18762,15631,1.0,22:07,2015,2016
2015-16,203490,Otto Porter Jr.,Otto,1610612764,WAS,Washington Wizards,21500321,2015-12-09T00:00:00,WAS vs. HOU,L,29.5,6.0,5.0,2.0,8.0,12.0,6.0,9.0,30.0,0.0,1.0,5.0,2.0,23.5,1,13074,13074,13074,8009,878,995,4675,3109,20178,13237,18829,4541,8004,17214,24686,7786,9452,1.0,29:28,2015,2016
2015-16,203939,Dwight Powell,Dwight,1610612742,DAL,Dallas Mavericks,21500328,2015-12-09T00:00:00,DAL vs. ATL,L,22.5,5.0,2.0,0.0,8.0,6.0,4.0,6.0,20.0,0.0,0.0,4.0,4.0,23.2,1,13074,13074,13074,13752,1603,4731,9917,3109,10028,8458,13388,11929,8004,1,22104,2748,9630,1.0,22:31,2015,2016
2015-16,200811,Lou Amundson,Lou,1610612752,NYK,New York Knicks,21500327,2015-12-09T00:00:00,NYK @ UTA,L,10.0,3.0,2.0,2.0,8.0,3.0,3.0,0.0,2.0,0.0,0.0,2.0,4.0,25.3,1,13074,13074,13074,22471,4307,4731,4675,3109,5109,7138,1,24614,8004,1,11390,2748,8340,1.0,9:57,2015,2016
2015-16,203953,Jabari Parker,Jabari,1610612749,MIL,Milwaukee Bucks,21500324,2015-12-09T00:00:00,MIL vs. LAC,L,30.9,2.0,0.0,4.0,8.0,10.0,10.0,15.0,28.0,0.0,3.0,2.0,3.0,19.0,1,13074,13074,13074,6838,6026,10158,1913,3109,17370,20509,24242,5824,8004,25441,11390,4736,12440,1.0,30:52,2015,2016
2015-16,200782,P.J. Tucker,P.J.,1610612756,PHX,Phoenix Suns,21500326,2015-12-09T00:00:00,PHX vs. ORL,W,31.7,2.0,2.0,2.0,4.0,9.0,9.0,7.0,12.0,1.0,0.0,2.0,0.0,25.6,1,1,1,1,6120,6026,4731,4675,8599,15771,19144,15538,18637,2692,1,11390,18762,8157,1.0,31:44,2015,2016
2015-16,101114,Deron Williams,Deron,1610612742,DAL,Dallas Mavericks,21500328,2015-12-09T00:00:00,DAL vs. ATL,L,36.4,5.0,0.0,2.0,8.0,11.0,9.0,14.0,34.0,0.0,3.0,3.0,3.0,34.4,1,13074,13074,13074,2436,1603,10158,4675,3109,18886,19144,23710,2701,8004,25441,17641,4736,4029,1.0,36:26,2015,2016
2015-16,2581,Steve Blake,Steve,1610612765,DET,Detroit Pistons,21500322,2015-12-09T00:00:00,DET vs. MEM,L,15.7,2.0,0.0,1.0,4.0,1.0,7.0,1.0,10.0,0.0,0.0,2.0,1.0,14.9,1,13074,13074,13074,19250,6026,10158,9347,8599,2356,15642,3646,20209,8004,1,11390,12373,15463,1.0,15:44,2015,2016
2015-16,201952,Jeff Teague,Jeff,1610612737,ATL,Atlanta Hawks,21500328,2015-12-09T00:00:00,ATL @ DAL,W,31.6,3.0,0.0,4.0,2.0,9.0,15.0,4.0,30.0,0.0,1.0,4.0,4.0,23.4,1,1,1,1,6251,4307,10158,1913,12984,15771,24781,8806,4541,8004,17214,22104,2748,9501,1.0,31:35,2015,2016
2015-16,201565,Derrick Rose,Derrick,1610612741,CHI,Chicago Bulls,21500319,2015-12-09T00:00:00,CHI @ BOS,L,36.5,0.0,2.0,2.0,4.0,16.0,15.0,11.0,38.0,1.0,1.0,0.0,4.0,23.4,1,13074,13074,13074,2397,12059,4731,4675,8599,23774,24781,21342,1422,2692,17214,1,2748,9501,1.0,36:30,2015,2016
2015-16,203507,Giannis Antetokounmpo,Giannis,1610612749,MIL,Milwaukee Bucks,21500324,2015-12-09T00:00:00,MIL vs. LAC,L,28.4,0.0,2.0,0.0,6.0,10.0,7.0,13.0,26.0,1.0,0.0,5.0,5.0,25.7,1,13074,13074,13074,8931,12059,4731,9917,5299,17370,15642,23048,7214,2692,1,24686,1539,8088,1.0,28:23,2015,2016
2015-16,201145,Jeff Green,Jeff,1610612763,MEM,Memphis Grizzlies,21500322,2015-12-09T00:00:00,MEM @ DET,W,24.9,4.0,0.0,0.0,6.0,5.0,8.0,5.0,18.0,0.0,0.0,1.0,0.0,14.4,1,1,1,1,11785,2460,10158,9917,5299,8403,17345,11593,13577,8004,1,4972,18762,15857,1.0,24:51,2015,2016
2015-16,201937,Ricky Rubio,Ricky,1610612750,MIN,Minnesota Timberwolves,21500325,2015-12-09T00:00:00,MIN vs. LAL,W,33.2,2.0,0.0,0.0,0.0,7.0,7.0,6.0,16.0,0.0,0.0,2.0,6.0,33.8,1,1,1,1,4953,6026,10158,9917,18861,12242,15642,13388,15259,8004,1,11390,873,4244,1.0,33:14,2015,2016
2015-16,202066,Garrett Temple,Garrett,1610612764,WAS,Washington Wizards,21500321,2015-12-09T00:00:00,WAS vs. HOU,L,17.5,0.0,0.0,4.0,4.0,10.0,0.0,6.0,6.0,0.0,0.0,2.0,2.0,14.3,1,13074,13074,13074,17930,12059,10158,1913,8599,17370,1,13388,22724,8004,1,11390,7786,15948,1.0,17:27,2015,2016
2015-16,200746,LaMarcus Aldridge,LaMarcus,1610612759,SAS,San Antonio Spurs,21500323,2015-12-09T00:00:00,SAS @ TOR,L,33.6,0.0,2.0,0.0,6.0,18.0,2.0,12.0,34.0,1.0,0.0,2.0,4.0,22.9,1,13074,13074,13074,4668,12059,4731,9917,5299,24749,3734,22259,2701,2692,1,11390,2748,9811,1.0,33:36,2015,2016
2015-16,101123,Gerald Green,Gerald,1610612748,MIA,Miami Heat,21500320,2015-12-09T00:00:00,MIA @ CHA,L,24.3,2.0,0.0,0.0,4.0,16.0,11.0,10.0,28.0,2.0,1.0,1.0,1.0,19.6,1,13074,13074,13074,12268,6026,10158,9917,8599,23774,21814,20169,5824,932,17214,4972,12373,12024,1.0,24:20,2015,2016
2015-16,201564,O.J. Mayo,O.J.,1610612749,MIL,Milwaukee Bucks,21500324,2015-12-09T00:00:00,MIL vs. LAC,L,36.1,0.0,0.0,0.0,4.0,9.0,8.0,14.0,26.0,0.0,0.0,5.0,2.0,33.8,1,13074,13074,13074,2686,12059,10158,9917,8599,15771,17345,23710,7214,8004,1,24686,7786,4244,1.0,36:05,2015,2016
2015-16,203484,Kentavious Caldwell-Pope,Kentavious,1610612765,DET,Detroit Pistons,21500322,2015-12-09T00:00:00,DET vs. MEM,L,35.3,2.0,0.0,2.0,4.0,13.0,16.0,3.0,32.0,0.0,0.0,1.0,1.0,19.4,1,13074,13074,13074,3332,6026,10158,4675,8599,21300,25155,7328,3535,8004,1,4972,12373,12154,1.0,35:16,2015,2016
2015-16,202498,Lance Thomas,Lance,1610612752,NYK,New York Knicks,21500327,2015-12-09T00:00:00,NYK @ UTA,L,21.8,0.0,0.0,0.0,4.0,4.0,0.0,8.0,24.0,0.0,0.0,2.0,3.0,14.3,1,13074,13074,13074,14302,12059,10158,9917,8599,6141,1,17194,8723,8004,1,11390,4736,15948,1.0,21:50,2015,2016
2015-16,203141,Mirza Teletovic,Mirza,1610612756,PHX,Phoenix Suns,21500326,2015-12-09T00:00:00,PHX vs. ORL,W,28.5,3.0,3.0,3.0,2.0,11.0,14.0,10.0,20.0,0.0,0.0,3.0,1.0,23.5,1,1,1,1,8839,4307,3104,3302,12984,18886,24300,20169,11929,8004,1,17641,12373,9452,1.0,28:29,2015,2016
2015-16,202335,Patrick Patterson,Patrick,1610612761,TOR,Toronto Raptors,21500323,2015-12-09T00:00:00,TOR vs. SAS,W,34.3,3.0,0.0,0.0,2.0,11.0,11.0,2.0,28.0,0.0,0.0,2.0,2.0,23.3,1,1,1,1,4069,4307,10158,9917,12984,18886,21814,4025,5824,8004,1,11390,7786,9567,1.0,34:20,2015,2016
2015-16,201627,Anthony Morrow,Anthony,1610612760,OKC,Oklahoma City Thunder,21500316,2015-12-08T00:00:00,OKC @ MEM,W,18.8,5.0,0.0,0.0,4.0,8.0,4.0,4.0,24.0,0.0,0.0,2.0,1.0,14.6,1,1,1,1,16860,1603,10158,9917,8599,13914,8458,8806,8723,8004,1,11390,12373,15699,1.0,18:49,2015,2016
2015-16,2747,JR Smith,JR,1610612739,CLE,Cleveland Cavaliers,21500313,2015-12-08T00:00:00,CLE vs. POR,W,25.1,0.0,0.0,0.0,0.0,1.0,1.0,2.0,20.0,0.0,0.0,2.0,1.0,19.4,1,1,1,1,11586,12059,10158,9917,18861,2356,3393,4025,11929,8004,1,11390,12373,12154,1.0,25:07,2015,2016
2015-16,203460,Andre Roberson,Andre,1610612760,OKC,Oklahoma City Thunder,21500316,2015-12-08T00:00:00,OKC @ MEM,W,22.0,5.0,2.0,7.0,8.0,6.0,4.0,7.0,14.0,1.0,1.0,1.0,3.0,23.8,1,1,1,1,14221,1603,4731,454,3109,10028,8458,15538,17019,2692,17214,4972,4736,9261,1.0,21:57,2015,2016
2015-16,2733,Shaun Livingston,Shaun,1610612744,GSW,Golden State Warriors,21500314,2015-12-08T00:00:00,GSW @ IND,W,22.4,0.0,0.0,0.0,0.0,10.0,16.0,10.0,30.0,0.0,0.0,2.0,1.0,10.4,1,1,1,1,13839,12059,10158,9917,18861,17370,25155,20169,4541,8004,1,11390,12373,18859,1.0,22:24,2015,2016
2015-16,101127,Jarrett Jack,Jarrett,1610612751,BKN,Brooklyn Nets,21500315,2015-12-08T00:00:00,BKN vs. HOU,W,37.4,4.0,2.0,0.0,0.0,19.0,9.0,11.0,30.0,0.0,1.0,2.0,4.0,33.5,1,1,1,1,1797,2460,4731,9917,18861,25074,19144,21342,4541,8004,17214,11390,2748,4348,1.0,37:26,2015,2016
2015-16,203999,Nikola Jokić,Nikola,1610612743,DEN,Denver Nuggets,21500317,2015-12-08T00:00:00,DEN vs. ORL,L,17.1,2.0,2.0,0.0,2.0,4.0,4.0,0.0,12.0,0.0,0.0,1.0,1.0,10.3,1,13074,13074,13074,18222,6026,4731,9917,12984,6141,8458,1,18637,8004,1,4972,12373,18965,1.0,17:04,2015,2016
2015-16,101145,Monta Ellis,Monta,1610612754,IND,Indiana Pacers,21500314,2015-12-08T00:00:00,IND vs. GSW,L,38.1,0.0,0.0,0.0,4.0,13.0,9.0,11.0,36.0,1.0,0.0,2.0,3.0,18.9,1,13074,13074,13074,1454,12059,10158,9917,8599,21300,19144,21342,1943,2692,1,11390,4736,12513,1.0,38:08,2015,2016
2015-16,202334,Ed Davis,Ed,1610612757,POR,Portland Trail Blazers,21500313,2015-12-08T00:00:00,POR @ CLE,L,24.8,2.0,0.0,0.0,6.0,11.0,2.0,6.0,18.0,0.0,0.0,3.0,2.0,14.8,1,13074,13074,13074,11791,6026,10158,9917,5299,18886,3734,13388,13577,8004,1,17641,7786,15561,1.0,24:51,2015,2016
2015-16,203093,Terrence Jones,Terrence,1610612745,HOU,Houston Rockets,21500315,2015-12-08T00:00:00,HOU @ BKN,L,16.2,0.0,3.0,0.0,0.0,8.0,9.0,4.0,22.0,0.0,1.0,2.0,0.0,14.6,1,13074,13074,13074,18898,12059,3104,9917,18861,13914,19144,8806,10265,8004,17214,11390,18762,15699,1.0,16:11,2015,2016
2015-16,203918,Rodney Hood,Rodney,1610612762,UTA,Utah Jazz,21500318,2015-12-08T00:00:00,UTA @ SAC,L,33.9,0.0,3.0,0.0,2.0,12.0,11.0,12.0,46.0,0.0,0.0,2.0,0.0,24.9,1,13074,13074,13074,4396,12059,3104,9917,12984,20178,21814,22259,298,8004,1,11390,18762,8553,1.0,33:56,2015,2016
2015-16,201147,Corey Brewer,Corey,1610612745,HOU,Houston Rockets,21500315,2015-12-08T00:00:00,HOU @ BKN,L,34.1,11.0,2.0,6.0,8.0,16.0,20.0,10.0,44.0,0.0,0.0,3.0,1.0,33.6,1,13074,13074,13074,4239,55,4731,740,3109,23774,25875,20169,454,8004,1,17641,12373,4305,1.0,34:08,2015,2016
2015-16,201158,Marco Belinelli,Marco,1610612758,SAC,Sacramento Kings,21500318,2015-12-08T00:00:00,SAC vs. UTA,W,20.4,2.0,0.0,0.0,0.0,13.0,11.0,9.0,14.0,0.0,0.0,2.0,1.0,14.2,1,1,1,1,15535,6026,10158,9917,18861,21300,21814,18829,17019,8004,1,11390,12373,16003,1.0,20:26,2015,2016
2015-16,203210,JaMychal Green,JaMychal,1610612763,MEM,Memphis Grizzlies,21500316,2015-12-08T00:00:00,MEM vs. OKC,L,19.0,4.0,4.0,0.0,6.0,13.0,5.0,16.0,14.0,0.0,1.0,2.0,2.0,18.8,1,13074,13074,13074,16684,2460,1596,9917,5299,21300,11469,24641,17019,8004,17214,11390,7786,12588,1.0,19:01,2015,2016
2015-16,101133,Ian Mahinmi,Ian,1610612754,IND,Indiana Pacers,21500314,2015-12-08T00:00:00,IND vs. GSW,L,20.7,2.0,0.0,2.0,6.0,10.0,2.0,7.0,24.0,0.0,1.0,2.0,2.0,25.9,1,13074,13074,13074,15343,6026,10158,4675,5299,17370,3734,15538,8723,8004,17214,11390,7786,7960,1.0,20:39,2015,2016
2015-16,2210,Richard Jefferson,Richard,1610612739,CLE,Cleveland Cavaliers,21500313,2015-12-08T00:00:00,CLE vs. POR,W,19.7,0.0,0.0,0.0,2.0,7.0,0.0,0.0,14.0,0.0,0.0,2.0,0.0,10.0,1,1,1,1,16182,12059,10158,9917,12984,12242,1,1,17019,8004,1,11390,18762,19178,1.0,19:40,2015,2016
2015-16,2738,Andre Iguodala,Andre,1610612744,GSW,Golden State Warriors,21500314,2015-12-08T00:00:00,GSW @ IND,W,32.8,2.0,0.0,2.0,4.0,11.0,16.0,10.0,28.0,1.0,1.0,1.0,1.0,35.1,1,1,1,1,5296,6026,10158,4675,8599,18886,25155,20169,5824,2692,17214,4972,12373,3777,1.0,32:46,2015,2016
2015-16,2749,Jameer Nelson,Jameer,1610612743,DEN,Denver Nuggets,21500317,2015-12-08T00:00:00,DEN vs. ORL,L,26.0,0.0,0.0,0.0,0.0,4.0,8.0,3.0,18.0,1.0,1.0,2.0,1.0,25.1,1,13074,13074,13074,10827,12059,10158,9917,18861,6141,17345,7328,13577,2692,17214,11390,12373,8429,1.0,26:01,2015,2016
2015-16,203086,Meyers Leonard,Meyers,1610612757,POR,Portland Trail Blazers,21500313,2015-12-08T00:00:00,POR @ CLE,L,16.4,2.0,0.0,0.0,2.0,9.0,2.0,6.0,14.0,0.0,0.0,2.0,0.0,10.1,1,13074,13074,13074,18715,6026,10158,9917,12984,15771,3734,13388,17019,8004,1,11390,18762,19105,1.0,16:26,2015,2016
2015-16,203524,Solomon Hill,Solomon,1610612754,IND,Indiana Pacers,21500314,2015-12-08T00:00:00,IND vs. GSW,L,21.1,0.0,2.0,2.0,6.0,5.0,6.0,8.0,22.0,1.0,0.0,4.0,1.0,25.8,1,13074,13074,13074,14956,12059,4731,4675,5299,8403,13237,17194,10265,2692,1,22104,12373,8022,1.0,21:08,2015,2016
2015-16,203099,Jared Cunningham,Jared,1610612739,CLE,Cleveland Cavaliers,21500313,2015-12-08T00:00:00,CLE vs. POR,W,34.5,1.0,0.0,3.0,2.0,18.0,7.0,2.0,30.0,0.0,0.0,3.0,2.0,11.2,1,1,1,1,3925,11535,10158,3302,12984,24749,15642,4025,4541,8004,1,17641,7786,18267,1.0,34:32,2015,2016
2015-16,204060,Joe Ingles,Joe,1610612762,UTA,Utah Jazz,21500318,2015-12-08T00:00:00,UTA @ SAC,L,14.2,0.0,0.0,0.0,0.0,4.0,4.0,0.0,8.0,0.0,0.0,1.0,0.0,6.0,1,13074,13074,13074,20317,12059,10158,9917,18861,6141,8458,1,21543,8004,1,4972,18762,21878,1.0,14:10,2015,2016
2015-16,201160,Jason Smith,Jason,1610612753,ORL,Orlando Magic,21500317,2015-12-08T00:00:00,ORL @ DEN,W,14.1,0.0,2.0,0.0,0.0,7.0,2.0,4.0,10.0,0.0,1.0,1.0,3.0,6.1,1,1,1,1,20346,12059,4731,9917,18861,12242,3734,8806,20209,8004,17214,4972,4736,21845,1.0,14:06,2015,2016
2015-16,203481,Jeff Withey,Jeff,1610612762,UTA,Utah Jazz,21500318,2015-12-08T00:00:00,UTA @ SAC,L,13.2,0.0,0.0,0.0,0.0,2.0,4.0,0.0,8.0,0.0,1.0,1.0,1.0,6.0,1,13074,13074,13074,20850,12059,10158,9917,18861,2619,8458,1,21543,8004,17214,4972,12373,21878,1.0,13:15,2015,2016
2015-16,203900,Markel Brown,Markel,1610612751,BKN,Brooklyn Nets,21500315,2015-12-08T00:00:00,BKN vs. HOU,W,5.9,0.0,0.0,0.0,0.0,4.0,3.0,1.0,2.0,0.0,0.0,1.0,0.0,5.7,1,1,1,1,24002,12059,10158,9917,18861,6141,7138,3646,24614,8004,1,4972,18762,22054,1.0,5:54,2015,2016
2015-16,201144,Mike Conley,Mike,1610612763,MEM,Memphis Grizzlies,21500316,2015-12-08T00:00:00,MEM vs. OKC,L,21.8,0.0,0.0,0.0,0.0,8.0,2.0,5.0,28.0,0.0,0.0,1.0,2.0,11.0,1,13074,13074,13074,14331,12059,10158,9917,18861,13914,3734,11593,5824,8004,1,4972,7786,18430,1.0,21:48,2015,2016
2015-16,1626168,Trey Lyles,Trey,1610612762,UTA,Utah Jazz,21500318,2015-12-08T00:00:00,UTA @ SAC,L,17.9,2.0,0.0,0.0,0.0,8.0,3.0,10.0,30.0,0.0,0.0,2.0,0.0,10.6,1,13074,13074,13074,17625,6026,10158,9917,18861,13914,7138,20169,4541,8004,1,11390,18762,18723,1.0,17:52,2015,2016
2015-16,203095,Evan Fournier,Evan,1610612753,ORL,Orlando Magic,21500317,2015-12-08T00:00:00,ORL @ DEN,W,26.0,0.0,0.0,0.0,0.0,5.0,4.0,6.0,10.0,0.0,1.0,5.0,0.0,5.9,1,1,1,1,10869,12059,10158,9917,18861,8403,8458,13388,20209,8004,17214,24686,18762,21953,1.0,25:58,2015,2016
2015-16,2772,Trevor Ariza,Trevor,1610612745,HOU,Houston Rockets,21500315,2015-12-08T00:00:00,HOU @ BKN,L,3.8,0.0,2.0,0.0,2.0,2.0,2.0,2.0,4.0,0.0,1.0,0.0,0.0,2.0,1,13074,13074,13074,24775,12059,4731,9917,12984,2619,3734,4025,23698,8004,17214,1,18762,24216,1.0,3:50,2015,2016
2015-16,201939,Stephen Curry,Stephen,1610612744,GSW,Golden State Warriors,21500314,2015-12-08T00:00:00,GSW @ IND,W,35.7,3.0,0.0,8.0,12.0,15.0,12.0,20.0,38.0,0.0,0.0,1.0,5.0,57.4,1,1,1,1,3014,4307,10158,280,988,23079,22832,25599,1422,8004,1,4972,1539,296,1.0,35:39,2015,2016
2015-16,202326,DeMarcus Cousins,DeMarcus,1610612758,SAC,Sacramento Kings,21500318,2015-12-08T00:00:00,SAC vs. UTA,W,37.1,4.0,6.0,0.0,12.0,13.0,20.0,11.0,26.0,0.0,0.0,6.0,6.0,44.4,1,1,1,1,2039,2460,481,9917,988,21300,25875,21342,7214,8004,1,25827,873,1474,1.0,37:04,2015,2016
2015-16,201935,James Harden,James,1610612745,HOU,Houston Rockets,21500315,2015-12-08T00:00:00,HOU @ BKN,L,35.4,4.0,3.0,1.0,0.0,18.0,14.0,13.0,36.0,0.0,0.0,2.0,5.0,29.1,1,13074,13074,13074,3264,2460,3104,9347,18861,24749,24300,23048,1943,8004,1,11390,1539,6285,1.0,35:21,2015,2016
2015-16,201977,Marcus Thornton,Marcus,1610612745,HOU,Houston Rockets,21500315,2015-12-08T00:00:00,HOU @ BKN,L,26.0,2.0,6.0,5.0,10.0,8.0,10.0,3.0,28.0,0.0,1.0,0.0,1.0,51.7,1,13074,13074,13074,10827,6026,481,1277,1840,13914,20509,7328,5824,8004,17214,1,12373,595,1.0,26:01,2015,2016
2015-16,2034,Mike Miller,Mike,1610612743,DEN,Denver Nuggets,21500317,2015-12-08T00:00:00,DEN vs. ORL,L,10.4,0.0,0.0,0.0,0.0,2.0,4.0,0.0,6.0,0.0,0.0,2.0,0.0,7.4,1,13074,13074,13074,22264,12059,10158,9917,18861,2619,8458,1,22724,8004,1,11390,18762,20912,1.0,10:25,2015,2016
2015-16,201572,Brook Lopez,Brook,1610612751,BKN,Brooklyn Nets,21500315,2015-12-08T00:00:00,BKN vs. HOU,W,38.7,2.0,6.0,2.0,16.0,21.0,16.0,14.0,24.0,5.0,0.0,3.0,4.0,45.6,1,1,1,1,1189,6026,481,4675,275,25535,25155,23710,8723,59,1,17641,2748,1263,1.0,38:41,2015,2016
2015-16,203115,Will Barton,Will,1610612743,DEN,Denver Nuggets,21500317,2015-12-08T00:00:00,DEN vs. ORL,L,37.5,6.0,3.0,9.0,12.0,8.0,12.0,3.0,34.0,1.0,2.0,3.0,3.0,43.3,1,13074,13074,13074,1730,878,3104,184,988,13914,22832,7328,2701,2692,23588,17641,4736,1678,1.0,37:32,2015,2016
2015-16,201142,Kevin Durant,Kevin,1610612760,OKC,Oklahoma City Thunder,21500316,2015-12-08T00:00:00,OKC @ MEM,W,30.8,2.0,0.0,9.0,12.0,10.0,8.0,7.0,24.0,0.0,0.0,1.0,6.0,59.0,1,1,1,1,6863,6026,10158,184,988,17370,17345,15538,8723,8004,1,4972,873,238,1.0,30:50,2015,2016
2015-16,203468,CJ McCollum,CJ,1610612757,POR,Portland Trail Blazers,21500313,2015-12-08T00:00:00,POR @ CLE,L,36.3,5.0,0.0,0.0,6.0,10.0,8.0,3.0,32.0,0.0,1.0,0.0,2.0,37.1,1,13074,13074,13074,2534,1603,10158,9917,5299,17370,17345,7328,3535,8004,17214,1,7786,3151,1.0,36:19,2015,2016
2015-16,200765,Rajon Rondo,Rajon,1610612758,SAC,Sacramento Kings,21500318,2015-12-08T00:00:00,SAC vs. UTA,W,37.5,0.0,0.0,0.0,8.0,19.0,23.0,11.0,26.0,0.0,0.0,0.0,4.0,45.9,1,1,1,1,1778,12059,10158,9917,3109,25074,26017,21342,7214,8004,1,1,2748,1224,1.0,37:28,2015,2016
2015-16,201596,Mario Chalmers,Mario,1610612763,MEM,Memphis Grizzlies,21500316,2015-12-08T00:00:00,MEM vs. OKC,L,21.2,6.0,0.0,8.0,12.0,13.0,7.0,19.0,18.0,1.0,0.0,2.0,4.0,28.9,1,13074,13074,13074,14849,878,10158,280,988,21300,15642,25435,13577,2692,1,11390,2748,6414,1.0,21:14,2015,2016
2015-16,101106,Andrew Bogut,Andrew,1610612744,GSW,Golden State Warriors,21500314,2015-12-08T00:00:00,GSW @ IND,W,23.4,0.0,2.0,0.0,14.0,8.0,2.0,13.0,16.0,2.0,0.0,3.0,2.0,35.5,1,1,1,1,13064,12059,4731,9917,542,13914,3734,23048,15259,932,1,17641,7786,3657,1.0,23:22,2015,2016
2015-16,2730,Dwight Howard,Dwight,1610612745,HOU,Houston Rockets,21500315,2015-12-08T00:00:00,HOU @ BKN,L,28.6,2.0,2.0,2.0,8.0,12.0,15.0,4.0,24.0,2.0,0.0,1.0,6.0,28.8,1,13074,13074,13074,8770,6026,4731,4675,3109,20178,24781,8806,8723,932,1,4972,873,6465,1.0,28:33,2015,2016
2015-16,101139,CJ Miles,CJ,1610612754,IND,Indiana Pacers,21500314,2015-12-08T00:00:00,IND vs. GSW,L,34.2,5.0,3.0,5.0,4.0,13.0,7.0,7.0,36.0,0.0,1.0,3.0,1.0,29.3,1,13074,13074,13074,4187,1603,3104,1277,8599,21300,15642,15538,1943,8004,17214,17641,12373,6202,1.0,34:12,2015,2016
2015-16,2544,LeBron James,LeBron,1610612739,CLE,Cleveland Cavaliers,21500313,2015-12-08T00:00:00,CLE vs. POR,W,40.3,4.0,4.0,3.0,24.0,14.0,8.0,2.0,30.0,3.0,1.0,3.0,8.0,62.5,1,1,1,1,646,2460,1596,3302,14,22292,17345,4025,4541,347,17214,17641,254,132,1.0,40:20,2015,2016
2015-16,201566,Russell Westbrook,Russell,1610612760,OKC,Oklahoma City Thunder,21500316,2015-12-08T00:00:00,OKC @ MEM,W,24.9,0.0,3.0,0.0,8.0,8.0,4.0,5.0,16.0,0.0,0.0,1.0,1.0,46.0,1,1,1,1,11722,12059,3104,9917,3109,13914,8458,11593,15259,8004,1,4972,12373,1198,1.0,24:56,2015,2016
2015-16,202331,Paul George,Paul,1610612754,IND,Indiana Pacers,21500314,2015-12-08T00:00:00,IND vs. GSW,L,35.7,9.0,4.0,11.0,10.0,15.0,7.0,13.0,42.0,1.0,1.0,3.0,4.0,60.6,1,13074,13074,13074,3014,171,1596,69,1840,23079,15642,23048,670,2692,17214,17641,2748,191,1.0,35:39,2015,2016
2015-16,202691,Klay Thompson,Klay,1610612744,GSW,Golden State Warriors,21500314,2015-12-08T00:00:00,GSW @ IND,W,34.5,10.0,3.0,5.0,2.0,15.0,8.0,17.0,36.0,1.0,1.0,2.0,2.0,55.4,1,1,1,1,3986,99,3104,1277,12984,23079,17345,24967,1943,2692,17214,11390,7786,379,1.0,34:28,2015,2016
2015-16,203081,Damian Lillard,Damian,1610612757,POR,Portland Trail Blazers,21500313,2015-12-08T00:00:00,POR @ CLE,L,39.2,2.0,5.0,0.0,12.0,10.0,6.0,10.0,42.0,0.0,2.0,2.0,3.0,45.2,1,13074,13074,13074,1002,6026,995,9917,988,17370,13237,20169,670,8004,23588,11390,4736,1324,1.0,39:10,2015,2016
2015-16,2207,Joe Johnson,Joe,1610612751,BKN,Brooklyn Nets,21500315,2015-12-08T00:00:00,BKN vs. HOU,W,43.4,2.0,3.0,3.0,8.0,18.0,13.0,16.0,32.0,0.0,1.0,3.0,2.0,47.0,1,1,1,1,176,6026,3104,3302,3109,24749,23668,24641,3535,8004,17214,17641,7786,1078,1.0,43:23,2015,2016
2015-16,2760,Anderson Varejao,Anderson,1610612739,CLE,Cleveland Cavaliers,21500313,2015-12-08T00:00:00,CLE vs. POR,W,6.0,0.0,0.0,0.0,0.0,3.0,1.0,0.0,2.0,1.0,0.0,1.0,0.0,7.4,1,1,1,1,23948,12059,10158,9917,18861,5109,3393,1,24614,2692,1,4972,18762,20912,1.0,6:02,2015,2016
2015-16,202696,Nikola Vučević,Nikola,1610612753,ORL,Orlando Magic,21500317,2015-12-08T00:00:00,ORL @ DEN,W,33.9,0.0,8.0,0.0,14.0,5.0,9.0,11.0,24.0,2.0,1.0,1.0,3.0,47.1,1,1,1,1,4429,12059,137,9917,542,8403,19144,21342,8723,932,17214,4972,4736,1066,1.0,33:54,2015,2016
2015-16,201152,Thaddeus Young,Thaddeus,1610612751,BKN,Brooklyn Nets,21500315,2015-12-08T00:00:00,BKN vs. HOU,W,33.8,4.0,4.0,2.0,16.0,17.0,6.0,12.0,30.0,0.0,0.0,2.0,1.0,45.9,1,1,1,1,4504,2460,1596,4675,275,24337,13237,22259,4541,8004,1,11390,12373,1224,1.0,33:49,2015,2016
2015-16,203943,Noah Vonleh,Noah,1610612757,POR,Portland Trail Blazers,21500313,2015-12-08T00:00:00,POR @ CLE,L,11.1,0.0,0.0,0.0,2.0,2.0,4.0,0.0,12.0,0.0,0.0,2.0,0.0,6.8,1,13074,13074,13074,21972,12059,10158,9917,12984,2619,8458,1,18637,8004,1,11390,18762,21328,1.0,11:08,2015,2016
2015-16,201578,Marreese Speights,Marreese,1610612744,GSW,Golden State Warriors,21500314,2015-12-08T00:00:00,GSW @ IND,W,0.6,0.0,0.0,0.0,0.0,2.0,0.0,2.0,2.0,0.0,0.0,0.0,0.0,0.0,1,1,1,1,25953,12059,10158,9917,18861,2619,1,4025,24614,8004,1,1,18762,25170,1.0,0:37,2015,2016
2015-16,202700,Donatas Motiejunas,Donatas,1610612745,HOU,Houston Rockets,21500315,2015-12-08T00:00:00,HOU @ BKN,L,6.8,0.0,0.0,0.0,0.0,4.0,5.0,4.0,10.0,0.0,0.0,0.0,0.0,0.7,1,13074,13074,13074,23653,12059,10158,9917,18861,6141,11469,8806,20209,8004,1,1,18762,25042,1.0,6:45,2015,2016
2015-16,201571,D.J. Augustin,D.J.,1610612760,OKC,Oklahoma City Thunder,21500316,2015-12-08T00:00:00,OKC @ MEM,W,23.1,2.0,2.0,0.0,2.0,8.0,6.0,6.0,30.0,0.0,0.0,3.0,1.0,21.7,1,1,1,1,13324,6026,4731,9917,12984,13914,13237,13388,4541,8004,1,17641,12373,10592,1.0,23:04,2015,2016
2015-16,2754,Tony Allen,Tony,1610612763,MEM,Memphis Grizzlies,21500316,2015-12-08T00:00:00,MEM vs. OKC,L,14.3,0.0,2.0,0.0,4.0,4.0,2.0,0.0,18.0,0.0,0.0,2.0,0.0,6.9,1,13074,13074,13074,20234,12059,4731,9917,8599,6141,3734,1,13577,8004,1,11390,18762,21262,1.0,14:16,2015,2016
2015-16,203090,Maurice Harkless,Maurice,1610612757,POR,Portland Trail Blazers,21500313,2015-12-08T00:00:00,POR @ CLE,L,20.1,0.0,0.0,0.0,0.0,12.0,2.0,10.0,22.0,0.0,0.0,2.0,0.0,5.3,1,13074,13074,13074,15796,12059,10158,9917,18861,20178,3734,20169,10265,8004,1,11390,18762,22358,1.0,20:08,2015,2016
2015-16,200751,Randy Foye,Randy,1610612743,DEN,Denver Nuggets,21500317,2015-12-08T00:00:00,DEN vs. ORL,L,17.3,0.0,0.0,0.0,2.0,9.0,4.0,12.0,32.0,0.0,0.0,2.0,0.0,6.9,1,13074,13074,13074,18071,12059,10158,9917,12984,15771,8458,22259,3535,8004,1,11390,18762,21262,1.0,17:16,2015,2016
2015-16,1626209,Mario Hezonja,Mario,1610612753,ORL,Orlando Magic,21500317,2015-12-08T00:00:00,ORL @ DEN,W,10.4,0.0,0.0,0.0,2.0,5.0,2.0,2.0,8.0,0.0,0.0,1.0,0.0,4.6,1,1,1,1,22277,12059,10158,9917,12984,8403,3734,4025,21543,8004,1,4972,18762,22734,1.0,10:24,2015,2016
2015-16,202730,Lavoy Allen,Lavoy,1610612754,IND,Indiana Pacers,21500314,2015-12-08T00:00:00,IND vs. GSW,L,5.6,2.0,0.0,0.0,2.0,2.0,2.0,2.0,10.0,0.0,0.0,0.0,0.0,4.2,1,13074,13074,13074,24125,6026,10158,9917,12984,2619,3734,4025,20209,8004,1,1,18762,22976,1.0,5:38,2015,2016
2015-16,204025,Tim Frazier,Tim,1610612757,POR,Portland Trail Blazers,21500313,2015-12-08T00:00:00,POR @ CLE,L,4.7,0.0,0.0,0.0,0.0,0.0,2.0,0.0,8.0,0.0,0.0,0.0,1.0,0.5,1,13074,13074,13074,24453,12059,10158,9917,18861,1,3734,1,21543,8004,1,1,12373,25056,1.0,4:44,2015,2016
2015-16,202389,Timofey Mozgov,Timofey,1610612739,CLE,Cleveland Cavaliers,21500313,2015-12-08T00:00:00,CLE vs. POR,W,7.0,0.0,0.0,0.0,0.0,0.0,0.0,0.0,6.0,0.0,0.0,0.0,1.0,0.0,1,1,1,1,23558,12059,10158,9917,18861,1,1,1,22724,8004,1,1,12373,25170,1.0,7:01,2015,2016
2015-16,201589,Darrell Arthur,Darrell,1610612743,DEN,Denver Nuggets,21500317,2015-12-08T00:00:00,DEN vs. ORL,L,7.4,0.0,0.0,0.0,0.0,2.0,4.0,0.0,6.0,0.0,0.0,0.0,1.0,4.2,1,13074,13074,13074,23438,12059,10158,9917,18861,2619,8458,1,22724,8004,1,1,12373,22976,1.0,7:21,2015,2016
2015-16,200779,Steve Novak,Steve,1610612760,OKC,Oklahoma City Thunder,21500316,2015-12-08T00:00:00,OKC @ MEM,W,5.2,0.0,0.0,0.0,0.0,0.0,0.0,0.0,4.0,0.0,0.0,1.0,0.0,4.2,1,1,1,1,24297,12059,10158,9917,18861,1,1,1,23698,8004,1,4972,18762,22976,1.0,5:11,2015,2016
2015-16,203526,Raul Neto,Raul,1610612762,UTA,Utah Jazz,21500318,2015-12-08T00:00:00,UTA @ SAC,L,11.0,3.0,0.0,0.0,2.0,8.0,0.0,7.0,16.0,0.0,0.0,1.0,0.0,4.5,1,13074,13074,13074,22047,4307,10158,9917,12984,13914,1,15538,15259,8004,1,4972,18762,22773,1.0,10:58,2015,2016
2015-16,2440,Matt Barnes,Matt,1610612763,MEM,Memphis Grizzlies,21500316,2015-12-08T00:00:00,MEM vs. OKC,L,18.9,0.0,0.0,0.0,2.0,11.0,11.0,20.0,24.0,1.0,0.0,4.0,0.0,5.0,1,13074,13074,13074,16747,12059,10158,9917,12984,18886,21814,25599,8723,2692,1,22104,18762,22500,1.0,18:56,2015,2016
2015-16,203546,Ian Clark,Ian,1610612744,GSW,Golden State Warriors,21500314,2015-12-08T00:00:00,GSW @ IND,W,12.4,0.0,0.0,0.0,2.0,5.0,6.0,3.0,10.0,0.0,0.0,3.0,0.0,5.0,1,1,1,1,21358,12059,10158,9917,12984,8403,13237,7328,20209,8004,1,17641,18762,22500,1.0,12:21,2015,2016
2015-16,201954,Darren Collison,Darren,1610612758,SAC,Sacramento Kings,21500318,2015-12-08T00:00:00,SAC vs. UTA,W,24.9,0.0,0.0,0.0,2.0,6.0,16.0,2.0,14.0,0.0,0.0,1.0,1.0,6.5,1,1,1,1,11722,12059,10158,9917,12984,10028,25155,4025,17019,8004,1,4972,12373,21519,1.0,24:56,2015,2016
2015-16,203506,Victor Oladipo,Victor,1610612753,ORL,Orlando Magic,21500317,2015-12-08T00:00:00,ORL @ DEN,W,33.1,4.0,0.0,0.0,6.0,10.0,8.0,9.0,26.0,4.0,0.0,2.0,3.0,30.1,1,1,1,1,5027,2460,10158,9917,5299,17370,17345,18829,7214,132,1,11390,4736,5794,1.0,33:07,2015,2016
2015-16,203521,Matthew Dellavedova,Matthew,1610612739,CLE,Cleveland Cavaliers,21500313,2015-12-08T00:00:00,CLE vs. POR,W,36.7,0.0,2.0,0.0,6.0,12.0,8.0,2.0,28.0,0.0,0.0,4.0,2.0,27.1,1,1,1,1,2283,12059,4731,9917,5299,20178,17345,4025,5824,8004,1,22104,7786,7339,1.0,36:43,2015,2016
2015-16,201978,Chase Budinger,Chase,1610612754,IND,Indiana Pacers,21500314,2015-12-08T00:00:00,IND vs. GSW,L,18.2,2.0,2.0,3.0,6.0,3.0,6.0,2.0,18.0,0.0,0.0,0.0,2.0,20.4,1,13074,13074,13074,17370,6026,4731,3302,5299,5109,13237,4025,13577,8004,1,1,7786,11453,1.0,18:10,2015,2016
2015-16,200752,Rudy Gay,Rudy,1610612758,SAC,Sacramento Kings,21500318,2015-12-08T00:00:00,SAC vs. UTA,W,35.0,4.0,0.0,12.0,18.0,14.0,20.0,9.0,22.0,1.0,0.0,3.0,4.0,31.3,1,1,1,1,3570,2460,10158,42,131,22292,25875,18829,10265,2692,1,17641,2748,5258,1.0,34:57,2015,2016
2015-16,202329,Al-Farouq Aminu,Al-Farouq,1610612757,POR,Portland Trail Blazers,21500313,2015-12-08T00:00:00,POR @ CLE,L,31.0,3.0,0.0,0.0,0.0,7.0,6.0,4.0,34.0,1.0,0.0,5.0,2.0,12.0,1,13074,13074,13074,6726,4307,10158,9917,18861,12242,13237,8806,2701,2692,1,24686,7786,17703,1.0,30:59,2015,2016
2015-16,202330,Gordon Hayward,Gordon,1610612762,UTA,Utah Jazz,21500318,2015-12-08T00:00:00,UTA @ SAC,L,36.5,3.0,2.0,5.0,4.0,10.0,9.0,14.0,52.0,0.0,0.0,2.0,4.0,42.6,1,13074,13074,13074,2376,4307,4731,1277,8599,17370,19144,23710,59,8004,1,11390,2748,1822,1.0,36:32,2015,2016
2015-16,203500,Steven Adams,Steven,1610612760,OKC,Oklahoma City Thunder,21500316,2015-12-08T00:00:00,OKC @ MEM,W,14.4,1.0,2.0,0.0,2.0,4.0,0.0,5.0,6.0,0.0,1.0,2.0,3.0,12.0,1,1,1,1,20156,11535,4731,9917,12984,6141,1,11593,22724,8004,17214,11390,4736,17703,1.0,14:25,2015,2016
2015-16,203463,Ben McLemore,Ben,1610612758,SAC,Sacramento Kings,21500318,2015-12-08T00:00:00,SAC vs. UTA,W,26.3,0.0,2.0,0.0,4.0,8.0,15.0,2.0,12.0,0.0,0.0,2.0,1.0,20.4,1,1,1,1,10626,12059,4731,9917,8599,13914,24781,4025,18637,8004,1,11390,12373,11453,1.0,26:16,2015,2016
2015-16,203893,Russ Smith,Russ,1610612763,MEM,Memphis Grizzlies,21500316,2015-12-08T00:00:00,MEM vs. OKC,L,9.0,0.0,0.0,0.0,0.0,3.0,4.0,2.0,12.0,0.0,0.0,0.0,2.0,12.1,1,13074,13074,13074,22840,12059,10158,9917,18861,5109,8458,4025,18637,8004,1,1,7786,17639,1.0,8:59,2015,2016
2015-16,202692,Alec Burks,Alec,1610612762,UTA,Utah Jazz,21500318,2015-12-08T00:00:00,UTA @ SAC,L,30.2,4.0,7.0,0.0,4.0,4.0,10.0,2.0,28.0,0.0,1.0,4.0,3.0,26.3,1,13074,13074,13074,7379,2460,292,9917,8599,6141,20509,4025,5824,8004,17214,22104,4736,7733,1.0,30:10,2015,2016
2015-16,2555,Nick Collison,Nick,1610612760,OKC,Oklahoma City Thunder,21500316,2015-12-08T00:00:00,OKC @ MEM,W,15.2,0.0,0.0,0.0,0.0,4.0,6.0,6.0,22.0,2.0,0.0,1.0,0.0,15.3,1,1,1,1,19627,12059,10158,9917,18861,6141,13237,13388,10265,932,1,4972,18762,15150,1.0,15:11,2015,2016
2015-16,203504,Trey Burke,Trey,1610612762,UTA,Utah Jazz,21500318,2015-12-08T00:00:00,UTA @ SAC,L,20.9,5.0,5.0,2.0,4.0,4.0,5.0,7.0,26.0,0.0,0.0,3.0,1.0,19.9,1,13074,13074,13074,15121,1603,995,4675,8599,6141,11469,15538,7214,8004,1,17641,12373,11824,1.0,20:55,2015,2016
2015-16,1713,Vince Carter,Vince,1610612763,MEM,Memphis Grizzlies,21500316,2015-12-08T00:00:00,MEM vs. OKC,L,21.6,0.0,2.0,0.0,4.0,13.0,6.0,15.0,22.0,0.0,0.0,0.0,1.0,12.1,1,13074,13074,13074,14518,12059,4731,9917,8599,21300,13237,24242,10265,8004,1,1,12373,17639,1.0,21:36,2015,2016
2015-16,201155,Rodney Stuckey,Rodney,1610612754,IND,Indiana Pacers,21500314,2015-12-08T00:00:00,IND vs. GSW,L,20.2,0.0,0.0,0.0,2.0,8.0,4.0,10.0,28.0,0.0,0.0,0.0,2.0,11.7,1,13074,13074,13074,15729,12059,10158,9917,12984,13914,8458,20169,5824,8004,1,1,7786,17903,1.0,20:12,2015,2016
2015-16,203901,Elfrid Payton,Elfrid,1610612753,ORL,Orlando Magic,21500317,2015-12-08T00:00:00,ORL @ DEN,W,32.2,2.0,0.0,7.0,14.0,7.0,5.0,11.0,26.0,0.0,4.0,1.0,2.0,31.0,1,1,1,1,5719,6026,10158,454,542,12242,11469,21342,7214,8004,25926,4972,7786,5406,1.0,32:12,2015,2016
2015-16,201575,Brandon Rush,Brandon,1610612744,GSW,Golden State Warriors,21500314,2015-12-08T00:00:00,GSW @ IND,W,24.5,0.0,2.0,0.0,2.0,11.0,10.0,14.0,26.0,1.0,1.0,1.0,0.0,20.1,1,1,1,1,12077,12059,4731,9917,12984,18886,20509,23710,7214,2692,17214,4972,18762,11685,1.0,24:33,2015,2016
2015-16,1626166,Cameron Payne,Cameron,1610612760,OKC,Oklahoma City Thunder,21500316,2015-12-08T00:00:00,OKC @ MEM,W,6.3,0.0,0.0,0.0,2.0,2.0,0.0,0.0,6.0,0.0,0.0,0.0,0.0,11.6,1,1,1,1,23834,12059,10158,9917,12984,2619,1,1,22724,8004,1,1,18762,17970,1.0,6:17,2015,2016
2015-16,201584,Courtney Lee,Courtney,1610612763,MEM,Memphis Grizzlies,21500316,2015-12-08T00:00:00,MEM vs. OKC,L,29.8,0.0,0.0,0.0,4.0,17.0,11.0,23.0,36.0,1.0,1.0,1.0,0.0,15.4,1,13074,13074,13074,7707,12059,10158,9917,8599,24337,21814,25880,1943,2692,17214,4972,18762,15066,1.0,29:49,2015,2016
2015-16,202683,Enes Freedom,Enes,1610612760,OKC,Oklahoma City Thunder,21500316,2015-12-08T00:00:00,OKC @ MEM,W,14.8,0.0,4.0,0.0,6.0,8.0,4.0,2.0,18.0,0.0,1.0,2.0,1.0,12.0,1,1,1,1,19896,12059,1596,9917,5299,13914,8458,4025,13577,8004,17214,11390,12373,17703,1.0,14:48,2015,2016
2015-16,203110,Draymond Green,Draymond,1610612744,GSW,Golden State Warriors,21500314,2015-12-08T00:00:00,GSW @ IND,W,35.7,0.0,2.0,0.0,8.0,15.0,12.0,20.0,38.0,1.0,0.0,4.0,3.0,26.8,1,1,1,1,3014,12059,4731,9917,3109,23079,22832,25599,1422,2692,1,22104,4736,7486,1.0,35:39,2015,2016
2015-16,2216,Zach Randolph,Zach,1610612763,MEM,Memphis Grizzlies,21500316,2015-12-08T00:00:00,MEM vs. OKC,L,31.3,2.0,0.0,0.0,2.0,16.0,5.0,6.0,34.0,0.0,0.0,3.0,3.0,20.0,1,13074,13074,13074,6457,6026,10158,9917,12984,23774,11469,13388,2701,8004,1,17641,4736,11752,1.0,31:19,2015,2016
2015-16,201145,Jeff Green,Jeff,1610612763,MEM,Memphis Grizzlies,21500316,2015-12-08T00:00:00,MEM vs. OKC,L,29.8,0.0,2.0,3.0,8.0,11.0,8.0,4.0,42.0,0.0,1.0,0.0,1.0,16.1,1,13074,13074,13074,7691,12059,4731,3302,3109,18886,17345,8806,670,8004,17214,1,12373,14515,1.0,29:50,2015,2016
2015-16,2590,Mo Williams,Mo,1610612739,CLE,Cleveland Cavaliers,21500313,2015-12-08T00:00:00,CLE vs. POR,W,21.4,0.0,0.0,2.0,4.0,18.0,7.0,0.0,14.0,0.0,0.0,1.0,2.0,16.4,1,1,1,1,14657,12059,10158,4675,8599,24749,15642,1,17019,8004,1,4972,7786,14289,1.0,21:26,2015,2016
2015-16,201961,Wayne Ellington,Wayne,1610612751,BKN,Brooklyn Nets,21500315,2015-12-08T00:00:00,BKN vs. HOU,W,16.2,4.0,2.0,0.0,2.0,9.0,11.0,5.0,16.0,0.0,0.0,1.0,0.0,8.4,1,1,1,1,18859,2460,4731,9917,12984,15771,21814,11593,15259,8004,1,4972,18762,20273,1.0,16:14,2015,2016
2015-16,203894,Shabazz Napier,Shabazz,1610612753,ORL,Orlando Magic,21500317,2015-12-08T00:00:00,ORL @ DEN,W,14.2,0.0,0.0,0.0,4.0,4.0,6.0,4.0,8.0,0.0,0.0,0.0,0.0,8.0,1,1,1,1,20306,12059,10158,9917,8599,6141,13237,8806,21543,8004,1,1,18762,20564,1.0,14:10,2015,2016
2015-16,203080,Thomas Robinson,Thomas,1610612751,BKN,Brooklyn Nets,21500315,2015-12-08T00:00:00,BKN vs. HOU,W,10.8,0.0,0.0,0.0,2.0,0.0,8.0,0.0,10.0,2.0,0.0,4.0,1.0,12.8,1,1,1,1,22122,12059,10158,9917,12984,1,17345,1,20209,932,1,22104,12373,17129,1.0,10:47,2015,2016
2015-16,101112,Channing Frye,Channing,1610612753,ORL,Orlando Magic,21500317,2015-12-08T00:00:00,ORL @ DEN,W,23.6,0.0,0.0,0.0,0.0,5.0,5.0,11.0,22.0,0.0,0.0,2.0,2.0,7.9,1,1,1,1,12908,12059,10158,9917,18861,8403,11469,21342,10265,8004,1,11390,7786,20646,1.0,23:35,2015,2016
2015-16,201941,Jordan Hill,Jordan,1610612754,IND,Indiana Pacers,21500314,2015-12-08T00:00:00,IND vs. GSW,L,17.4,0.0,4.0,0.0,8.0,4.0,5.0,6.0,16.0,0.0,1.0,2.0,2.0,16.6,1,13074,13074,13074,17944,12059,1596,9917,3109,6141,11469,13388,15259,8004,17214,11390,7786,14125,1.0,17:27,2015,2016
2015-16,203459,Allen Crabbe,Allen,1610612757,POR,Portland Trail Blazers,21500313,2015-12-08T00:00:00,POR @ CLE,L,34.0,2.0,0.0,0.0,4.0,16.0,4.0,7.0,30.0,0.0,1.0,3.0,2.0,18.1,1,13074,13074,13074,4331,6026,10158,9917,8599,23774,8458,15538,4541,8004,17214,17641,7786,13090,1.0,34:02,2015,2016
2015-16,201586,Serge Ibaka,Serge,1610612760,OKC,Oklahoma City Thunder,21500316,2015-12-08T00:00:00,OKC @ MEM,W,28.9,5.0,0.0,0.0,8.0,10.0,6.0,7.0,24.0,0.0,0.0,2.0,0.0,20.8,1,1,1,1,8463,1603,10158,9917,3109,17370,13237,15538,8723,8004,1,11390,18762,11195,1.0,28:53,2015,2016
2015-16,203499,Shane Larkin,Shane,1610612751,BKN,Brooklyn Nets,21500315,2015-12-08T00:00:00,BKN vs. HOU,W,15.7,0.0,0.0,0.0,0.0,11.0,11.0,7.0,10.0,0.0,1.0,0.0,2.0,8.5,1,1,1,1,19253,12059,10158,9917,18861,18886,21814,15538,20209,8004,17214,1,7786,20215,1.0,15:43,2015,2016
2015-16,202713,Kyle Singler,Kyle,1610612760,OKC,Oklahoma City Thunder,21500316,2015-12-08T00:00:00,OKC @ MEM,W,9.8,0.0,0.0,2.0,2.0,4.0,0.0,0.0,10.0,0.0,0.0,1.0,0.0,2.2,1,1,1,1,22543,12059,10158,4675,12984,6141,1,1,20209,8004,1,4972,18762,24138,1.0,9:45,2015,2016
2015-16,202684,Tristan Thompson,Tristan,1610612739,CLE,Cleveland Cavaliers,21500313,2015-12-08T00:00:00,CLE vs. POR,W,19.3,0.0,0.0,0.0,2.0,13.0,4.0,0.0,12.0,0.0,0.0,2.0,1.0,8.2,1,1,1,1,16478,12059,10158,9917,12984,21300,8458,1,18637,8004,1,11390,12373,20416,1.0,19:16,2015,2016
2015-16,1626144,Emmanuel Mudiay,Emmanuel,1610612743,DEN,Denver Nuggets,21500317,2015-12-08T00:00:00,DEN vs. ORL,L,22.0,0.0,2.0,4.0,4.0,11.0,6.0,9.0,36.0,1.0,1.0,1.0,1.0,16.6,1,13074,13074,13074,14179,12059,4731,1913,8599,18886,13237,18829,1943,2692,17214,4972,12373,14125,1.0,21:59,2015,2016
2015-16,1891,Jason Terry,Jason,1610612745,HOU,Houston Rockets,21500315,2015-12-08T00:00:00,HOU @ BKN,L,14.7,0.0,0.0,0.0,0.0,6.0,4.0,1.0,14.0,0.0,0.0,1.0,2.0,17.9,1,13074,13074,13074,19977,12059,10158,9917,18861,10028,8458,3646,17019,8004,1,4972,7786,13229,1.0,14:41,2015,2016
2015-16,203105,Festus Ezeli,Festus,1610612744,GSW,Golden State Warriors,21500314,2015-12-08T00:00:00,GSW @ IND,W,18.2,2.0,2.0,0.0,10.0,8.0,8.0,6.0,16.0,0.0,0.0,2.0,4.0,17.0,1,1,1,1,17345,6026,4731,9917,1840,13914,17345,13388,15259,8004,1,11390,2748,13855,1.0,18:12,2015,2016
2015-16,202702,Kenneth Faried,Kenneth,1610612743,DEN,Denver Nuggets,21500317,2015-12-08T00:00:00,DEN vs. ORL,L,35.7,2.0,0.0,0.0,4.0,11.0,8.0,12.0,44.0,2.0,1.0,3.0,5.0,31.7,1,13074,13074,13074,2974,6026,10158,9917,8599,18886,17345,22259,454,932,17214,17641,1539,5088,1.0,35:42,2015,2016
2015-16,201956,Omri Casspi,Omri,1610612758,SAC,Sacramento Kings,21500318,2015-12-08T00:00:00,SAC vs. UTA,W,41.1,2.0,3.0,2.0,8.0,14.0,29.0,2.0,24.0,0.0,0.0,4.0,3.0,38.0,1,1,1,1,467,6026,3104,4675,3109,22292,26071,4025,8723,8004,1,22104,4736,2903,1.0,41:07,2015,2016
2015-16,201188,Marc Gasol,Marc,1610612763,MEM,Memphis Grizzlies,21500316,2015-12-08T00:00:00,MEM vs. OKC,L,23.2,4.0,0.0,0.0,4.0,11.0,4.0,5.0,32.0,1.0,0.0,2.0,2.0,17.3,1,13074,13074,13074,13196,2460,10158,9917,8599,18886,8458,11593,3535,2692,1,11390,7786,13671,1.0,23:12,2015,2016
2015-16,201567,Kevin Love,Kevin,1610612739,CLE,Cleveland Cavaliers,21500313,2015-12-08T00:00:00,CLE vs. POR,W,29.9,11.0,2.0,2.0,8.0,9.0,4.0,2.0,24.0,0.0,1.0,0.0,8.0,39.8,1,1,1,1,7631,55,4731,4675,3109,15771,8458,4025,8723,8004,17214,1,254,2422,1.0,29:54,2015,2016
2015-16,201951,Ty Lawson,Ty,1610612745,HOU,Houston Rockets,21500315,2015-12-08T00:00:00,HOU @ BKN,L,19.3,0.0,0.0,0.0,0.0,8.0,13.0,3.0,28.0,1.0,1.0,0.0,0.0,13.5,1,13074,13074,13074,16469,12059,10158,9917,18861,13914,23668,7328,5824,2692,17214,1,18762,16552,1.0,19:17,2015,2016
2015-16,203079,Dion Waiters,Dion,1610612760,OKC,Oklahoma City Thunder,21500316,2015-12-08T00:00:00,OKC @ MEM,W,25.9,4.0,0.0,5.0,2.0,8.0,8.0,6.0,32.0,0.0,1.0,0.0,1.0,13.5,1,1,1,1,10918,2460,10158,1277,12984,13914,17345,13388,3535,8004,17214,1,12373,16552,1.0,25:54,2015,2016
2015-16,202699,Tobias Harris,Tobias,1610612753,ORL,Orlando Magic,21500317,2015-12-08T00:00:00,ORL @ DEN,W,31.7,9.0,2.0,5.0,8.0,5.0,8.0,13.0,26.0,2.0,0.0,4.0,3.0,39.3,1,1,1,1,6169,171,4731,1277,3109,8403,17345,23048,7214,932,1,22104,4736,2563,1.0,31:40,2015,2016
2015-16,203094,Andrew Nicholson,Andrew,1610612753,ORL,Orlando Magic,21500317,2015-12-08T00:00:00,ORL @ DEN,W,20.9,0.0,2.0,0.0,6.0,7.0,6.0,4.0,10.0,0.0,0.0,2.0,0.0,21.8,1,1,1,1,15140,12059,4731,9917,5299,12242,13237,8806,20209,8004,1,11390,18762,10526,1.0,20:54,2015,2016
2015-16,203486,Mason Plumlee,Mason,1610612757,POR,Portland Trail Blazers,21500313,2015-12-08T00:00:00,POR @ CLE,L,22.2,3.0,3.0,2.0,4.0,3.0,4.0,4.0,28.0,1.0,0.0,6.0,6.0,21.8,1,13074,13074,13074,13990,4307,3104,4675,8599,5109,8458,8806,5824,2692,1,25827,873,10526,1.0,22:13,2015,2016
2015-16,201585,Kosta Koufos,Kosta,1610612758,SAC,Sacramento Kings,21500318,2015-12-08T00:00:00,SAC vs. UTA,W,17.8,2.0,2.0,0.0,6.0,8.0,11.0,9.0,12.0,1.0,0.0,0.0,2.0,13.8,1,1,1,1,17710,6026,4731,9917,5299,13914,21814,18829,18637,2692,1,1,7786,16311,1.0,17:46,2015,2016
2015-16,201976,Patrick Beverley,Patrick,1610612745,HOU,Houston Rockets,21500315,2015-12-08T00:00:00,HOU @ BKN,L,28.4,2.0,0.0,2.0,4.0,14.0,9.0,10.0,26.0,0.0,1.0,4.0,0.0,27.5,1,13074,13074,13074,8913,6026,10158,4675,8599,22292,19144,20169,7214,8004,17214,22104,18762,7137,1.0,28:24,2015,2016
2015-16,201568,Danilo Gallinari,Danilo,1610612743,DEN,Denver Nuggets,21500317,2015-12-08T00:00:00,DEN vs. ORL,L,38.0,2.0,0.0,2.0,2.0,13.0,12.0,12.0,44.0,1.0,1.0,0.0,3.0,28.2,1,13074,13074,13074,1519,6026,10158,4675,12984,21300,22832,22259,454,2692,17214,1,4736,6778,1.0,37:58,2015,2016
2015-16,202324,Derrick Favors,Derrick,1610612762,UTA,Utah Jazz,21500318,2015-12-08T00:00:00,UTA @ SAC,L,34.8,0.0,8.0,0.0,6.0,12.0,9.0,14.0,50.0,0.0,0.0,4.0,5.0,33.0,1,13074,13074,13074,3733,12059,137,9917,5299,20178,19144,23710,107,8004,1,22104,1539,4537,1.0,34:45,2015,2016
2015-16,201588,George Hill,George,1610612754,IND,Indiana Pacers,21500314,2015-12-08T00:00:00,IND vs. GSW,L,28.8,0.0,3.0,0.0,0.0,12.0,7.0,9.0,38.0,0.0,2.0,2.0,2.0,13.9,1,13074,13074,13074,8553,12059,3104,9917,18861,20178,15642,18829,1422,8004,23588,11390,7786,16232,1.0,28:47,2015,2016
2015-16,201581,JJ Hickson,JJ,1610612743,DEN,Denver Nuggets,21500317,2015-12-08T00:00:00,DEN vs. ORL,L,28.7,0.0,4.0,0.0,8.0,11.0,8.0,9.0,38.0,1.0,2.0,2.0,4.0,22.2,1,13074,13074,13074,8647,12059,1596,9917,3109,18886,17345,18829,1422,2692,23588,11390,2748,10263,1.0,28:42,2015,2016
2015-16,203991,Clint Capela,Clint,1610612745,HOU,Houston Rockets,21500315,2015-12-08T00:00:00,HOU @ BKN,L,26.8,2.0,0.0,0.0,4.0,14.0,9.0,11.0,34.0,0.0,2.0,2.0,2.0,13.8,1,13074,13074,13074,10168,6026,10158,9917,8599,22292,19144,21342,2701,8004,23588,11390,7786,16311,1.0,26:49,2015,2016
2015-16,202711,Bojan Bogdanović,Bojan,1610612751,BKN,Brooklyn Nets,21500315,2015-12-08T00:00:00,BKN vs. HOU,W,38.1,6.0,5.0,6.0,10.0,16.0,13.0,14.0,26.0,0.0,0.0,1.0,1.0,32.5,1,1,1,1,1486,878,995,740,1840,23774,23668,23710,7214,8004,1,4972,12373,4726,1.0,38:03,2015,2016
2015-16,202344,Trevor Booker,Trevor,1610612762,UTA,Utah Jazz,21500318,2015-12-08T00:00:00,UTA @ SAC,L,27.4,2.0,4.0,4.0,8.0,6.0,10.0,4.0,26.0,0.0,0.0,2.0,4.0,28.5,1,13074,13074,13074,9664,6026,1596,1913,3109,10028,20509,8806,7214,8004,1,11390,2748,6613,1.0,27:26,2015,2016
2015-16,203482,Kelly Olynyk,Kelly,1610612738,BOS,Boston Celtics,21500312,2015-12-07T00:00:00,BOS @ NOP,W,27.0,5.0,2.0,3.0,12.0,15.0,10.0,11.0,30.0,2.0,0.0,2.0,2.0,39.1,1,1,1,1,9996,1603,4731,3302,988,23079,20509,21342,4541,932,1,11390,7786,2616,1.0,27:01,2015,2016
2015-16,203459,Allen Crabbe,Allen,1610612757,POR,Portland Trail Blazers,21500310,2015-12-07T00:00:00,POR @ MIL,L,24.6,0.0,3.0,0.0,0.0,9.0,6.0,5.0,22.0,0.0,0.0,2.0,2.0,22.1,1,13074,13074,13074,12046,12059,3104,9917,18861,15771,13237,11593,10265,8004,1,11390,7786,10332,1.0,24:35,2015,2016
2015-16,202689,Kemba Walker,Kemba,1610612766,CHA,Charlotte Hornets,21500304,2015-12-07T00:00:00,CHA vs. DET,W,24.9,1.0,3.0,4.0,4.0,2.0,9.0,2.0,20.0,1.0,0.0,1.0,4.0,31.8,1,1,1,1,11762,11535,3104,1913,8599,2619,19144,4025,11929,2692,1,4972,2748,5041,1.0,24:53,2015,2016
2015-16,203897,Zach LaVine,Zach,1610612750,MIN,Minnesota Timberwolves,21500311,2015-12-07T00:00:00,MIN vs. LAC,L,25.4,6.0,2.0,4.0,8.0,12.0,6.0,4.0,20.0,0.0,3.0,2.0,3.0,28.6,1,13074,13074,13074,11411,878,4731,1913,3109,20178,13237,8806,11929,8004,25441,11390,4736,6560,1.0,25:21,2015,2016
2015-16,202720,Jon Leuer,Jon,1610612756,PHX,Phoenix Suns,21500309,2015-12-07T00:00:00,PHX @ CHI,W,30.3,2.0,4.0,2.0,10.0,11.0,9.0,14.0,34.0,1.0,1.0,2.0,0.0,28.6,1,1,1,1,7302,6026,1596,4675,1840,18886,19144,23710,2701,2692,17214,11390,18762,6560,1.0,30:15,2015,2016
2015-16,203498,Shabazz Muhammad,Shabazz,1610612750,MIN,Minnesota Timberwolves,21500311,2015-12-07T00:00:00,MIN vs. LAC,L,26.3,5.0,4.0,5.0,6.0,7.0,6.0,4.0,18.0,0.0,1.0,0.0,6.0,22.8,1,13074,13074,13074,10592,1603,1596,1277,5299,12242,13237,8806,13577,8004,17214,1,873,9883,1.0,26:18,2015,2016
2015-16,201937,Ricky Rubio,Ricky,1610612750,MIN,Minnesota Timberwolves,21500311,2015-12-07T00:00:00,MIN vs. LAC,L,28.6,2.0,2.0,0.0,2.0,15.0,12.0,5.0,30.0,0.0,0.0,2.0,5.0,38.5,1,13074,13074,13074,8714,6026,4731,9917,12984,23079,22832,11593,4541,8004,1,11390,1539,2771,1.0,28:38,2015,2016
2015-16,101150,Lou Williams,Lou,1610612747,LAL,Los Angeles Lakers,21500308,2015-12-07T00:00:00,LAL @ TOR,L,31.0,2.0,3.0,2.0,4.0,14.0,5.0,6.0,18.0,0.0,0.0,3.0,2.0,17.6,1,13074,13074,13074,6718,6026,3104,4675,8599,22292,11469,13388,13577,8004,1,17641,7786,13443,1.0,31:00,2015,2016
2015-16,203096,Jared Sullinger,Jared,1610612738,BOS,Boston Celtics,21500312,2015-12-07T00:00:00,BOS @ NOP,W,34.0,0.0,4.0,0.0,4.0,14.0,8.0,6.0,22.0,0.0,3.0,4.0,1.0,37.5,1,1,1,1,4372,12059,1596,9917,8599,22292,17345,13388,10265,8004,25441,22104,12373,3050,1.0,33:58,2015,2016
2015-16,203076,Anthony Davis,Anthony,1610612740,NOP,New Orleans Pelicans,21500312,2015-12-07T00:00:00,NOP vs. BOS,L,30.3,0.0,6.0,0.0,6.0,12.0,8.0,12.0,32.0,3.0,0.0,3.0,4.0,38.2,1,13074,13074,13074,7249,12059,481,9917,5299,20178,17345,22259,3535,347,1,17641,2748,2854,1.0,30:19,2015,2016
2015-16,203503,Tony Snell,Tony,1610612741,CHI,Chicago Bulls,21500309,2015-12-07T00:00:00,CHI vs. PHX,L,23.0,0.0,0.0,5.0,4.0,7.0,13.0,2.0,26.0,0.0,0.0,1.0,1.0,13.9,1,13074,13074,13074,13361,12059,10158,1277,8599,12242,23668,4025,7214,8004,1,4972,12373,16232,1.0,23:01,2015,2016
2015-16,1626246,Boban Marjanović,Boban,1610612759,SAS,San Antonio Spurs,21500305,2015-12-07T00:00:00,SAS @ PHI,W,17.2,5.0,5.0,0.0,10.0,5.0,4.0,6.0,12.0,0.0,0.0,4.0,2.0,28.3,1,1,1,1,18112,1603,995,9917,1840,8403,8458,13388,18637,8004,1,22104,7786,6720,1.0,17:13,2015,2016
2015-16,203469,Cody Zeller,Cody,1610612766,CHA,Charlotte Hornets,21500304,2015-12-07T00:00:00,CHA vs. DET,W,28.4,3.0,1.0,3.0,8.0,2.0,9.0,3.0,20.0,2.0,0.0,3.0,8.0,31.7,1,1,1,1,8934,4307,9709,3302,3109,2619,19144,7328,11929,932,1,17641,254,5088,1.0,28:23,2015,2016
2015-16,202340,Avery Bradley,Avery,1610612738,BOS,Boston Celtics,21500312,2015-12-07T00:00:00,BOS @ NOP,W,28.6,0.0,0.0,3.0,0.0,14.0,10.0,0.0,14.0,0.0,0.0,2.0,1.0,22.6,1,1,1,1,8699,12059,10158,3302,18861,22292,20509,1,17019,8004,1,11390,12373,10000,1.0,28:38,2015,2016
2015-16,203114,Khris Middleton,Khris,1610612749,MIL,Milwaukee Bucks,21500310,2015-12-07T00:00:00,MIL vs. POR,W,40.8,4.0,0.0,4.0,2.0,11.0,15.0,4.0,34.0,1.0,2.0,5.0,4.0,27.7,1,1,1,1,543,2460,10158,1913,12984,18886,24781,8806,2701,2692,23588,24686,2748,7008,1.0,40:45,2015,2016
2015-16,200746,LaMarcus Aldridge,LaMarcus,1610612759,SAS,San Antonio Spurs,21500305,2015-12-07T00:00:00,SAS @ PHI,W,21.6,2.0,2.0,0.0,12.0,0.0,6.0,0.0,18.0,0.0,0.0,2.0,5.0,38.3,1,1,1,1,14490,6026,4731,9917,988,1,13237,1,13577,8004,1,11390,1539,2826,1.0,21:38,2015,2016
2015-16,202322,John Wall,John,1610612764,WAS,Washington Wizards,21500306,2015-12-07T00:00:00,WAS @ MIA,W,38.3,8.0,0.0,4.0,12.0,12.0,0.0,11.0,46.0,0.0,2.0,0.0,7.0,38.7,1,1,1,1,1360,308,10158,1913,988,20178,1,21342,298,8004,23588,1,469,2717,1.0,38:20,2015,2016
2015-16,202694,Marcus Morris Sr.,Marcus,1610612765,DET,Detroit Pistons,21500304,2015-12-07T00:00:00,DET @ CHA,L,30.4,0.0,0.0,1.0,2.0,8.0,11.0,9.0,30.0,1.0,2.0,2.0,3.0,17.1,1,13074,13074,13074,7224,12059,10158,9347,12984,13914,21814,18829,4541,2692,23588,11390,4736,13791,1.0,30:21,2015,2016
2015-16,203468,CJ McCollum,CJ,1610612757,POR,Portland Trail Blazers,21500310,2015-12-07T00:00:00,POR @ MIL,L,36.1,2.0,4.0,2.0,4.0,12.0,4.0,9.0,30.0,0.0,2.0,5.0,4.0,38.4,1,13074,13074,13074,2682,6026,1596,4675,8599,20178,8458,18829,4541,8004,23588,24686,2748,2802,1.0,36:05,2015,2016
2015-16,2037,Jamal Crawford,Jamal,1610612746,LAC,LA Clippers,21500311,2015-12-07T00:00:00,LAC @ MIN,W,27.2,3.0,0.0,0.0,0.0,15.0,11.0,7.0,26.0,0.0,0.0,2.0,2.0,33.1,1,1,1,1,9883,4307,10158,9917,18861,23079,21814,15538,7214,8004,1,11390,7786,4505,1.0,27:09,2015,2016
2015-16,101181,Jose Calderon,Jose,1610612752,NYK,New York Knicks,21500307,2015-12-07T00:00:00,NYK vs. DAL,L,35.3,3.0,0.0,0.0,4.0,8.0,8.0,5.0,20.0,0.0,0.0,3.0,3.0,31.9,1,13074,13074,13074,3323,4307,10158,9917,8599,13914,17345,11593,11929,8004,1,17641,4736,4984,1.0,35:17,2015,2016
2015-16,202355,Hassan Whiteside,Hassan,1610612748,MIA,Miami Heat,21500306,2015-12-07T00:00:00,MIA vs. WAS,L,23.0,2.0,0.0,0.0,12.0,12.0,10.0,13.0,28.0,3.0,0.0,1.0,3.0,27.8,1,13074,13074,13074,13360,6026,10158,9917,988,20178,20509,23048,5824,347,1,4972,4736,6950,1.0,23:02,2015,2016
2015-16,977,Kobe Bryant,Kobe,1610612747,LAL,Los Angeles Lakers,21500308,2015-12-07T00:00:00,LAL @ TOR,L,31.8,2.0,0.0,4.0,6.0,16.0,5.0,8.0,22.0,0.0,0.0,3.0,2.0,38.6,1,13074,13074,13074,6059,6026,10158,1913,5299,23774,11469,17194,10265,8004,1,17641,7786,2744,1.0,31:49,2015,2016
2015-16,708,Kevin Garnett,Kevin,1610612750,MIN,Minnesota Timberwolves,21500311,2015-12-07T00:00:00,MIN vs. LAC,L,18.6,4.0,0.0,4.0,4.0,13.0,12.0,3.0,24.0,0.0,0.0,5.0,2.0,13.6,1,13074,13074,13074,17011,2460,10158,1913,8599,21300,22832,7328,8723,8004,1,24686,7786,16460,1.0,18:37,2015,2016
2015-16,1626156,D'Angelo Russell,D'Angelo,1610612747,LAL,Los Angeles Lakers,21500308,2015-12-07T00:00:00,LAL @ TOR,L,21.3,0.0,0.0,2.0,6.0,16.0,2.0,8.0,22.0,0.0,0.0,0.0,1.0,13.6,1,13074,13074,13074,14795,12059,10158,4675,5299,23774,3734,17194,10265,8004,1,1,12373,16460,1.0,21:18,2015,2016
2015-16,203923,James Young,James,1610612738,BOS,Boston Celtics,21500312,2015-12-07T00:00:00,BOS @ NOP,W,20.4,0.0,0.0,2.0,4.0,13.0,2.0,8.0,20.0,0.0,0.0,1.0,1.0,13.6,1,1,1,1,15600,12059,10158,4675,8599,21300,3734,17194,11929,8004,1,4972,12373,16460,1.0,20:21,2015,2016
2015-16,202709,Cory Joseph,Cory,1610612761,TOR,Toronto Raptors,21500308,2015-12-07T00:00:00,TOR vs. LAL,W,31.0,2.0,0.0,2.0,4.0,0.0,13.0,2.0,26.0,0.0,0.0,0.0,6.0,22.4,1,1,1,1,6718,6026,10158,4675,8599,1,23668,4025,7214,8004,1,1,873,10131,1.0,31:00,2015,2016
2015-16,204001,Kristaps Porziņģis,Kristaps,1610612752,NYK,New York Knicks,21500307,2015-12-07T00:00:00,NYK vs. DAL,L,35.3,0.0,0.0,0.0,14.0,8.0,8.0,5.0,20.0,2.0,0.0,1.0,4.0,38.9,1,13074,13074,13074,3323,12059,10158,9917,542,13914,17345,11593,11929,932,1,4972,2748,2667,1.0,35:17,2015,2016
2015-16,203933,T.J. Warren,T.J.,1610612756,PHX,Phoenix Suns,21500309,2015-12-07T00:00:00,PHX @ CHI,W,24.7,0.0,0.0,3.0,4.0,10.0,6.0,6.0,28.0,0.0,1.0,3.0,3.0,17.1,1,1,1,1,11941,12059,10158,3302,8599,17370,13237,13388,5824,8004,17214,17641,4736,13791,1.0,24:41,2015,2016
2015-16,202339,Eric Bledsoe,Eric,1610612756,PHX,Phoenix Suns,21500309,2015-12-07T00:00:00,PHX @ CHI,W,32.7,4.0,4.0,2.0,10.0,17.0,17.0,16.0,46.0,0.0,0.0,2.0,2.0,38.3,1,1,1,1,5323,2460,1596,4675,1840,24337,25429,24641,298,8004,1,11390,7786,2826,1.0,32:43,2015,2016
2015-16,202323,Evan Turner,Evan,1610612738,BOS,Boston Celtics,21500312,2015-12-07T00:00:00,BOS @ NOP,W,23.0,4.0,0.0,4.0,4.0,16.0,6.0,11.0,24.0,0.0,1.0,0.0,2.0,21.8,1,1,1,1,13399,2460,10158,1913,8599,23774,13237,21342,8723,8004,17214,1,7786,10526,1.0,22:58,2015,2016
2015-16,203141,Mirza Teletovic,Mirza,1610612756,PHX,Phoenix Suns,21500309,2015-12-07T00:00:00,PHX @ CHI,W,31.4,6.0,9.0,0.0,6.0,14.0,6.0,8.0,32.0,2.0,1.0,0.0,3.0,32.8,1,1,1,1,6365,878,77,9917,5299,22292,13237,17194,3535,932,17214,1,4736,4609,1.0,31:26,2015,2016
2015-16,101107,Marvin Williams,Marvin,1610612766,CHA,Charlotte Hornets,21500304,2015-12-07T00:00:00,CHA vs. DET,W,27.7,3.0,9.0,0.0,8.0,2.0,6.0,5.0,20.0,0.0,0.0,1.0,0.0,28.4,1,1,1,1,9441,4307,77,9917,3109,2619,13237,11593,11929,8004,1,4972,18762,6663,1.0,27:43,2015,2016
2015-16,201196,Ramon Sessions,Ramon,1610612764,WAS,Washington Wizards,21500306,2015-12-07T00:00:00,WAS @ MIA,W,14.0,0.0,0.0,0.0,6.0,2.0,4.0,4.0,14.0,0.0,0.0,2.0,1.0,14.1,1,1,1,1,20436,12059,10158,9917,5299,2619,8458,8806,17019,8004,1,11390,12373,16094,1.0,13:57,2015,2016
2015-16,202391,Jeremy Lin,Jeremy,1610612766,CHA,Charlotte Hornets,21500304,2015-12-07T00:00:00,CHA vs. DET,W,26.2,0.0,0.0,0.0,6.0,2.0,8.0,5.0,22.0,0.0,0.0,2.0,2.0,27.6,1,1,1,1,10667,12059,10158,9917,5299,2619,17345,11593,10265,8004,1,11390,7786,7080,1.0,26:14,2015,2016
2015-16,202328,Greg Monroe,Greg,1610612749,MIL,Milwaukee Bucks,21500310,2015-12-07T00:00:00,MIL vs. POR,W,27.2,6.0,2.0,0.0,12.0,7.0,10.0,4.0,26.0,0.0,1.0,1.0,2.0,32.9,1,1,1,1,9883,878,4731,9917,988,12242,20509,8806,7214,8004,17214,4972,7786,4566,1.0,27:09,2015,2016
2015-16,202390,Gary Neal,Gary,1610612764,WAS,Washington Wizards,21500306,2015-12-07T00:00:00,WAS @ MIA,W,36.4,9.0,0.0,0.0,6.0,10.0,4.0,11.0,40.0,0.0,0.0,4.0,1.0,34.4,1,1,1,1,2497,171,10158,9917,5299,17370,8458,21342,983,8004,1,22104,12373,4029,1.0,36:22,2015,2016
2015-16,201565,Derrick Rose,Derrick,1610612741,CHI,Chicago Bulls,21500309,2015-12-07T00:00:00,CHI vs. PHX,L,34.2,4.0,2.0,2.0,12.0,15.0,20.0,4.0,40.0,1.0,1.0,3.0,2.0,34.2,1,13074,13074,13074,4190,2460,4731,4675,988,23079,25875,8806,983,2692,17214,17641,7786,4092,1.0,34:12,2015,2016
2015-16,2419,Tayshaun Prince,Tayshaun,1610612750,MIN,Minnesota Timberwolves,21500311,2015-12-07T00:00:00,MIN vs. LAC,L,19.6,2.0,0.0,0.0,0.0,8.0,6.0,2.0,14.0,0.0,0.0,1.0,0.0,14.6,1,13074,13074,13074,16258,6026,10158,9917,18861,13914,13237,4025,17019,8004,1,4972,18762,15699,1.0,19:34,2015,2016
2015-16,200755,JJ Redick,JJ,1610612746,LAC,LA Clippers,21500311,2015-12-07T00:00:00,LAC @ MIN,W,21.7,2.0,0.0,2.0,0.0,9.0,2.0,9.0,14.0,0.0,0.0,0.0,6.0,14.6,1,1,1,1,14444,6026,10158,4675,18861,15771,3734,18829,17019,8004,1,1,873,15699,1.0,21:42,2015,2016
2015-16,101141,Ersan Ilyasova,Ersan,1610612765,DET,Detroit Pistons,21500304,2015-12-07T00:00:00,DET @ CHA,L,28.0,0.0,5.0,2.0,2.0,9.0,11.0,9.0,28.0,1.0,1.0,2.0,5.0,35.1,1,13074,13074,13074,9239,12059,995,4675,12984,15771,21814,18829,5824,2692,17214,11390,1539,3777,1.0,27:59,2015,2016
2015-16,2588,Matt Bonner,Matt,1610612759,SAS,San Antonio Spurs,21500305,2015-12-07T00:00:00,SAS @ PHI,W,24.2,2.0,0.0,0.0,2.0,5.0,8.0,3.0,20.0,0.0,0.0,0.0,1.0,14.7,1,1,1,1,12423,6026,10158,9917,12984,8403,17345,7328,11929,8004,1,1,12373,15631,1.0,24:09,2015,2016
2015-16,203937,Kyle Anderson,Kyle,1610612759,SAS,San Antonio Spurs,21500305,2015-12-07T00:00:00,SAS @ PHI,W,29.9,0.0,0.0,0.0,4.0,2.0,8.0,3.0,22.0,0.0,0.0,3.0,4.0,14.5,1,1,1,1,7667,12059,10158,9917,8599,2619,17345,7328,10265,8004,1,17641,2748,15799,1.0,29:52,2015,2016
2015-16,101123,Gerald Green,Gerald,1610612748,MIA,Miami Heat,21500306,2015-12-07T00:00:00,MIA vs. WAS,L,36.3,0.0,0.0,3.0,6.0,21.0,10.0,15.0,42.0,1.0,0.0,4.0,0.0,14.7,1,13074,13074,13074,2566,12059,10158,3302,5299,25535,20509,24242,670,2692,1,22104,18762,15631,1.0,36:16,2015,2016
2015-16,203943,Noah Vonleh,Noah,1610612757,POR,Portland Trail Blazers,21500310,2015-12-07T00:00:00,POR @ MIL,L,14.2,2.0,6.0,0.0,6.0,4.0,0.0,2.0,14.0,0.0,1.0,2.0,0.0,14.9,1,13074,13074,13074,20306,6026,481,9917,5299,6141,1,4025,17019,8004,17214,11390,18762,15463,1.0,14:10,2015,2016
2015-16,202357,Nemanja Bjelica,Nemanja,1610612750,MIN,Minnesota Timberwolves,21500311,2015-12-07T00:00:00,MIN vs. LAC,L,17.1,0.0,3.0,0.0,2.0,2.0,6.0,2.0,12.0,0.0,0.0,3.0,1.0,14.3,1,13074,13074,13074,18220,12059,3104,9917,12984,2619,13237,4025,18637,8004,1,17641,12373,15948,1.0,17:05,2015,2016
2015-16,1626163,Frank Kaminsky,Frank,1610612766,CHA,Charlotte Hornets,21500304,2015-12-07T00:00:00,CHA vs. DET,W,30.9,2.0,0.0,0.0,2.0,4.0,6.0,4.0,24.0,1.0,0.0,4.0,0.0,14.3,1,1,1,1,6851,6026,10158,9917,12984,6141,13237,8806,8723,2692,1,22104,18762,15948,1.0,30:51,2015,2016
2015-16,203924,Jerami Grant,Jerami,1610612755,PHI,Philadelphia 76ers,21500305,2015-12-07T00:00:00,PHI vs. SAS,L,20.6,0.0,2.0,0.0,4.0,4.0,2.0,4.0,22.0,0.0,0.0,1.0,1.0,10.3,1,13074,13074,13074,15422,12059,4731,9917,8599,6141,3734,8806,10265,8004,1,4972,12373,18965,1.0,20:34,2015,2016
2015-16,2446,Rasual Butler,Rasual,1610612759,SAS,San Antonio Spurs,21500305,2015-12-07T00:00:00,SAS @ PHI,W,26.9,2.0,0.0,3.0,2.0,7.0,4.0,6.0,16.0,1.0,0.0,1.0,0.0,19.0,1,1,1,1,10120,6026,10158,3302,12984,12242,8458,13388,15259,2692,1,4972,18762,12440,1.0,26:53,2015,2016
2015-16,203939,Dwight Powell,Dwight,1610612742,DAL,Dallas Mavericks,21500307,2015-12-07T00:00:00,DAL @ NYK,W,19.0,0.0,2.0,2.0,4.0,10.0,2.0,4.0,20.0,0.0,1.0,2.0,2.0,14.2,1,1,1,1,16694,12059,4731,4675,8599,17370,3734,8806,11929,8004,17214,11390,7786,16003,1.0,19:01,2015,2016
2015-16,203953,Jabari Parker,Jabari,1610612749,MIL,Milwaukee Bucks,21500310,2015-12-07T00:00:00,MIL vs. POR,W,32.3,0.0,0.0,2.0,8.0,7.0,11.0,4.0,28.0,0.0,1.0,1.0,4.0,23.2,1,1,1,1,5646,12059,10158,4675,3109,12242,21814,8806,5824,8004,17214,4972,2748,9630,1.0,32:19,2015,2016
2015-16,202334,Ed Davis,Ed,1610612757,POR,Portland Trail Blazers,21500310,2015-12-07T00:00:00,POR @ MIL,L,28.3,0.0,0.0,0.0,8.0,11.0,6.0,7.0,22.0,2.0,0.0,3.0,1.0,33.6,1,13074,13074,13074,9015,12059,10158,9917,3109,18886,13237,15538,10265,932,1,17641,12373,4305,1.0,28:18,2015,2016
2015-16,202335,Patrick Patterson,Patrick,1610612761,TOR,Toronto Raptors,21500308,2015-12-07T00:00:00,TOR vs. LAL,W,29.5,0.0,2.0,0.0,2.0,0.0,13.0,2.0,28.0,0.0,0.0,1.0,0.0,10.4,1,1,1,1,7988,12059,4731,9917,12984,1,23668,4025,5824,8004,1,4972,18762,18859,1.0,29:29,2015,2016
2015-16,201177,Josh McRoberts,Josh,1610612748,MIA,Miami Heat,21500306,2015-12-07T00:00:00,MIA vs. WAS,L,14.6,0.0,0.0,0.0,4.0,3.0,0.0,0.0,12.0,0.0,0.0,1.0,2.0,14.9,1,13074,13074,13074,20073,12059,10158,9917,8599,5109,1,1,18637,8004,1,4972,7786,15463,1.0,14:33,2015,2016
2015-16,201967,Dante Cunningham,Dante,1610612740,NOP,New Orleans Pelicans,21500312,2015-12-07T00:00:00,NOP vs. BOS,L,30.1,3.0,0.0,0.0,2.0,14.0,4.0,12.0,34.0,0.0,1.0,2.0,1.0,19.0,1,13074,13074,13074,7426,4307,10158,9917,12984,22292,8458,22259,2701,8004,17214,11390,12373,12440,1.0,30:07,2015,2016
2015-16,1626173,Rashad Vaughn,Rashad,1610612749,MIL,Milwaukee Bucks,21500310,2015-12-07T00:00:00,MIL vs. POR,W,8.6,0.0,0.0,0.0,0.0,4.0,2.0,0.0,6.0,0.0,0.0,1.0,0.0,10.1,1,1,1,1,22987,12059,10158,9917,18861,6141,3734,1,22724,8004,1,4972,18762,19105,1.0,8:38,2015,2016
2015-16,1626143,Jahlil Okafor,Jahlil,1610612755,PHI,Philadelphia 76ers,21500305,2015-12-07T00:00:00,PHI vs. SAS,L,28.9,0.0,2.0,0.0,4.0,10.0,4.0,7.0,28.0,0.0,0.0,2.0,4.0,14.3,1,13074,13074,13074,8448,12059,4731,9917,8599,17370,8458,15538,5824,8004,1,11390,2748,15948,1.0,28:54,2015,2016
2015-16,203382,Aron Baynes,Aron,1610612765,DET,Detroit Pistons,21500304,2015-12-07T00:00:00,DET @ CHA,L,20.5,0.0,0.0,2.0,6.0,7.0,10.0,2.0,20.0,0.0,1.0,3.0,1.0,25.1,1,13074,13074,13074,15465,12059,10158,4675,5299,12242,20509,4025,11929,8004,17214,17641,12373,8429,1.0,20:31,2015,2016
2015-16,202397,Ish Smith,Ish,1610612740,NOP,New Orleans Pelicans,21500312,2015-12-07T00:00:00,NOP vs. BOS,L,15.9,0.0,0.0,4.0,4.0,7.0,4.0,7.0,20.0,0.0,0.0,0.0,1.0,14.8,1,13074,13074,13074,19102,12059,10158,1913,8599,12242,8458,15538,11929,8004,1,1,12373,15561,1.0,15:55,2015,2016
2015-16,201167,Arron Afflalo,Arron,1610612752,NYK,New York Knicks,21500307,2015-12-07T00:00:00,NYK vs. DAL,L,29.9,0.0,0.0,2.0,2.0,8.0,8.0,3.0,18.0,0.0,0.0,4.0,1.0,19.2,1,13074,13074,13074,7597,12059,10158,4675,12984,13914,17345,7328,13577,8004,1,22104,12373,12284,1.0,29:57,2015,2016
2015-16,2581,Steve Blake,Steve,1610612765,DET,Detroit Pistons,21500304,2015-12-07T00:00:00,DET @ CHA,L,20.0,0.0,3.0,0.0,0.0,5.0,9.0,0.0,20.0,0.0,0.0,0.0,0.0,19.7,1,13074,13074,13074,15906,12059,3104,9917,18861,8403,19144,1,11929,8004,1,1,18762,11962,1.0,20:00,2015,2016
2015-16,202738,Isaiah Thomas,Isaiah,1610612738,BOS,Boston Celtics,21500312,2015-12-07T00:00:00,BOS @ NOP,W,30.1,3.0,0.0,6.0,6.0,12.0,12.0,2.0,20.0,0.0,2.0,2.0,3.0,33.9,1,1,1,1,7496,4307,10158,740,5299,20178,22832,4025,11929,8004,23588,11390,4736,4208,1.0,30:03,2015,2016
2015-16,201949,James Johnson,James,1610612761,TOR,Toronto Raptors,21500308,2015-12-07T00:00:00,TOR vs. LAL,W,16.9,0.0,0.0,0.0,4.0,0.0,10.0,2.0,18.0,0.0,0.0,2.0,0.0,10.0,1,1,1,1,18383,12059,10158,9917,8599,1,20509,4025,13577,8004,1,11390,18762,19178,1.0,16:51,2015,2016
2015-16,101161,Amir Johnson,Amir,1610612738,BOS,Boston Celtics,21500312,2015-12-07T00:00:00,BOS @ NOP,W,23.7,2.0,2.0,3.0,6.0,9.0,8.0,0.0,10.0,3.0,0.0,2.0,3.0,26.0,1,1,1,1,12788,6026,4731,3302,5299,15771,17345,1,20209,347,1,11390,4736,7910,1.0,23:44,2015,2016
2015-16,2585,Zaza Pachulia,Zaza,1610612742,DAL,Dallas Mavericks,21500307,2015-12-07T00:00:00,DAL @ NYK,W,31.5,0.0,4.0,0.0,6.0,0.0,4.0,2.0,26.0,0.0,1.0,2.0,4.0,23.6,1,1,1,1,6301,12059,1596,9917,5299,1,8458,4025,7214,8004,17214,11390,2748,9377,1.0,31:31,2015,2016
2015-16,202325,Wesley Johnson,Wesley,1610612746,LAC,LA Clippers,21500311,2015-12-07T00:00:00,LAC @ MIN,W,22.1,0.0,0.0,0.0,0.0,10.0,9.0,6.0,24.0,2.0,0.0,2.0,0.0,22.9,1,1,1,1,14129,12059,10158,9917,18861,17370,19144,13388,8723,932,1,11390,18762,9811,1.0,22:03,2015,2016
2015-16,2225,Tony Parker,Tony,1610612759,SAS,San Antonio Spurs,21500305,2015-12-07T00:00:00,SAS @ PHI,W,16.5,0.0,0.0,2.0,8.0,2.0,4.0,0.0,10.0,0.0,0.0,0.0,2.0,25.8,1,1,1,1,18631,12059,10158,4675,3109,2619,8458,1,20209,8004,1,1,7786,8022,1.0,16:32,2015,2016
2015-16,203903,Jordan Clarkson,Jordan,1610612747,LAL,Los Angeles Lakers,21500308,2015-12-07T00:00:00,LAL @ TOR,L,32.0,2.0,0.0,0.0,6.0,11.0,5.0,4.0,26.0,0.0,2.0,2.0,1.0,19.5,1,13074,13074,13074,5914,6026,10158,9917,5299,18886,11469,8806,7214,8004,23588,11390,12373,12096,1.0,31:58,2015,2016
2015-16,201587,Nicolas Batum,Nicolas,1610612766,CHA,Charlotte Hornets,21500304,2015-12-07T00:00:00,CHA vs. DET,W,33.7,5.0,0.0,2.0,4.0,2.0,12.0,5.0,24.0,0.0,1.0,0.0,2.0,35.4,1,1,1,1,4594,1603,10158,4675,8599,2619,22832,11593,8723,8004,17214,1,7786,3684,1.0,33:42,2015,2016
2015-16,201933,Blake Griffin,Blake,1610612746,LAC,LA Clippers,21500311,2015-12-07T00:00:00,LAC @ MIN,W,36.9,2.0,2.0,2.0,12.0,13.0,11.0,13.0,28.0,0.0,1.0,4.0,5.0,36.7,1,1,1,1,2139,6026,4731,4675,988,21300,21814,23048,5824,8004,17214,22104,1539,3269,1.0,36:54,2015,2016
2015-16,101108,Chris Paul,Chris,1610612746,LAC,LA Clippers,21500311,2015-12-07T00:00:00,LAC @ MIN,W,31.6,7.0,0.0,0.0,4.0,9.0,7.0,13.0,26.0,0.0,0.0,4.0,4.0,29.7,1,1,1,1,6194,548,10158,9917,8599,15771,15642,23048,7214,8004,1,22104,2748,6006,1.0,31:38,2015,2016
2015-16,201609,Goran Dragic,Goran,1610612748,MIA,Miami Heat,21500306,2015-12-07T00:00:00,MIA vs. WAS,L,34.0,2.0,0.0,6.0,10.0,20.0,10.0,9.0,32.0,0.0,0.0,3.0,5.0,36.1,1,13074,13074,13074,4346,6026,10158,740,1840,25338,20509,18829,3535,8004,1,17641,1539,3432,1.0,34:01,2015,2016
2015-16,1717,Dirk Nowitzki,Dirk,1610612742,DAL,Dallas Mavericks,21500307,2015-12-07T00:00:00,DAL @ NYK,W,32.8,1.0,0.0,3.0,6.0,4.0,8.0,6.0,28.0,0.0,0.0,0.0,5.0,35.2,1,1,1,1,5293,11535,10158,3302,5299,6141,17345,13388,5824,8004,1,1,1539,3745,1.0,32:46,2015,2016
2015-16,201599,DeAndre Jordan,DeAndre,1610612746,LAC,LA Clippers,21500311,2015-12-07T00:00:00,LAC @ MIN,W,34.2,4.0,10.0,0.0,16.0,11.0,7.0,13.0,30.0,4.0,1.0,4.0,6.0,51.4,1,1,1,1,4167,2460,34,9917,275,18886,15642,23048,4541,132,17214,22104,873,620,1.0,34:13,2015,2016
2015-16,201942,DeMar DeRozan,DeMar,1610612761,TOR,Toronto Raptors,21500308,2015-12-07T00:00:00,TOR vs. LAL,W,35.1,5.0,2.0,2.0,10.0,6.0,19.0,6.0,28.0,0.0,0.0,0.0,3.0,29.0,1,1,1,1,3496,1603,4731,4675,1840,10028,25786,13388,5824,8004,1,1,4736,6346,1.0,35:03,2015,2016
2015-16,203457,Nerlens Noel,Nerlens,1610612755,PHI,Philadelphia 76ers,21500305,2015-12-07T00:00:00,PHI vs. SAS,L,24.1,0.0,2.0,0.0,10.0,14.0,3.0,6.0,28.0,1.0,0.0,4.0,2.0,29.7,1,13074,13074,13074,12508,12059,4731,9917,1840,22292,7138,13388,5824,2692,1,22104,7786,6006,1.0,24:03,2015,2016
2015-16,201582,Alexis Ajinca,Alexis,1610612740,NOP,New Orleans Pelicans,21500312,2015-12-07T00:00:00,NOP vs. BOS,L,19.3,2.0,4.0,0.0,10.0,2.0,2.0,9.0,16.0,0.0,0.0,1.0,0.0,24.3,1,13074,13074,13074,16436,6026,1596,9917,1840,2619,3734,18829,15259,8004,1,4972,18762,8939,1.0,19:20,2015,2016
2015-16,202083,Wesley Matthews,Wesley,1610612742,DAL,Dallas Mavericks,21500307,2015-12-07T00:00:00,DAL @ NYK,W,34.1,0.0,2.0,0.0,0.0,10.0,4.0,4.0,30.0,0.0,1.0,3.0,3.0,29.0,1,1,1,1,4265,12059,4731,9917,18861,17370,8458,8806,4541,8004,17214,17641,4736,6346,1.0,34:06,2015,2016
2015-16,203082,Terrence Ross,Terrence,1610612761,TOR,Toronto Raptors,21500308,2015-12-07T00:00:00,TOR vs. LAL,W,38.8,7.0,0.0,4.0,4.0,6.0,17.0,8.0,34.0,0.0,1.0,1.0,2.0,35.2,1,1,1,1,1153,548,10158,1913,8599,10028,25429,17194,2701,8004,17214,4972,7786,3745,1.0,38:46,2015,2016
2015-16,203490,Otto Porter Jr.,Otto,1610612764,WAS,Washington Wizards,21500306,2015-12-07T00:00:00,WAS @ MIA,W,35.8,0.0,3.0,0.0,4.0,8.0,4.0,4.0,42.0,1.0,2.0,2.0,5.0,43.8,1,1,1,1,2905,12059,3104,9917,8599,13914,8458,8806,670,2692,23588,11390,1539,1587,1.0,35:48,2015,2016
2015-16,2200,Pau Gasol,Pau,1610612741,CHI,Chicago Bulls,21500309,2015-12-07T00:00:00,CHI vs. PHX,L,25.5,2.0,8.0,0.0,10.0,8.0,20.0,4.0,34.0,3.0,2.0,2.0,5.0,55.0,1,13074,13074,13074,11336,6026,137,9917,1840,13914,25875,8806,2701,347,23588,11390,1539,395,1.0,25:27,2015,2016
2015-16,202688,Brandon Knight,Brandon,1610612756,PHX,Phoenix Suns,21500309,2015-12-07T00:00:00,PHX @ CHI,W,36.1,4.0,1.0,0.0,4.0,15.0,13.0,16.0,38.0,0.0,1.0,1.0,6.0,29.1,1,1,1,1,2720,2460,9709,9917,8599,23079,23668,24641,1422,8004,17214,4972,873,6285,1.0,36:03,2015,2016
2015-16,203458,Alex Len,Alex,1610612756,PHX,Phoenix Suns,21500309,2015-12-07T00:00:00,PHX @ CHI,W,22.5,0.0,7.0,0.0,12.0,13.0,14.0,14.0,30.0,1.0,2.0,6.0,3.0,29.2,1,1,1,1,13789,12059,292,9917,988,21300,24300,23710,4541,2692,23588,25827,4736,6243,1.0,22:28,2015,2016
2015-16,2548,Dwyane Wade,Dwyane,1610612748,MIA,Miami Heat,21500306,2015-12-07T00:00:00,MIA vs. WAS,L,31.6,4.0,0.0,2.0,16.0,21.0,10.0,15.0,34.0,0.0,1.0,3.0,2.0,45.9,1,13074,13074,13074,6225,2460,10158,4675,275,25535,20509,24242,2701,8004,17214,17641,7786,1224,1.0,31:36,2015,2016
2015-16,203081,Damian Lillard,Damian,1610612757,POR,Portland Trail Blazers,21500310,2015-12-07T00:00:00,POR @ MIL,L,38.1,2.0,0.0,0.0,6.0,12.0,7.0,9.0,34.0,0.0,2.0,2.0,7.0,35.5,1,13074,13074,13074,1480,6026,10158,9917,5299,20178,15642,18829,2701,8004,23588,11390,469,3657,1.0,38:04,2015,2016
2015-16,203507,Giannis Antetokounmpo,Giannis,1610612749,MIL,Milwaukee Bucks,21500310,2015-12-07T00:00:00,MIL vs. POR,W,30.7,3.0,2.0,2.0,10.0,9.0,10.0,4.0,28.0,2.0,0.0,1.0,7.0,35.3,1,1,1,1,6988,4307,4731,4675,1840,15771,20509,8806,5824,932,1,4972,469,3719,1.0,30:39,2015,2016
2015-16,203083,Andre Drummond,Andre,1610612765,DET,Detroit Pistons,21500304,2015-12-07T00:00:00,DET @ CHA,L,23.6,2.0,4.0,0.0,8.0,9.0,7.0,7.0,24.0,0.0,0.0,5.0,3.0,29.3,1,13074,13074,13074,12920,6026,1596,9917,3109,15771,15642,15538,8723,8004,1,24686,4736,6202,1.0,23:34,2015,2016
2015-16,202687,Bismack Biyombo,Bismack,1610612761,TOR,Toronto Raptors,21500308,2015-12-07T00:00:00,TOR vs. LAL,W,29.4,2.0,1.0,0.0,8.0,6.0,12.0,6.0,22.0,2.0,3.0,4.0,7.0,36.6,1,1,1,1,8044,6026,9709,9917,3109,10028,22832,13388,10265,932,25441,22104,469,3288,1.0,29:25,2015,2016
2015-16,201149,Joakim Noah,Joakim,1610612741,CHI,Chicago Bulls,21500309,2015-12-07T00:00:00,CHI vs. PHX,L,20.8,0.0,1.0,0.0,2.0,7.0,8.0,3.0,18.0,0.0,0.0,0.0,2.0,24.8,1,13074,13074,13074,15240,12059,9709,9917,12984,12242,17345,7328,13577,8004,1,1,7786,8614,1.0,20:48,2015,2016
2015-16,203089,John Henson,John,1610612749,MIL,Milwaukee Bucks,21500310,2015-12-07T00:00:00,MIL vs. POR,W,20.9,2.0,4.0,0.0,6.0,6.0,5.0,2.0,14.0,4.0,0.0,0.0,2.0,29.9,1,1,1,1,15180,6026,1596,9917,5299,10028,11469,4025,17019,132,1,1,7786,5884,1.0,20:51,2015,2016
2015-16,201988,Patty Mills,Patty,1610612759,SAS,San Antonio Spurs,21500305,2015-12-07T00:00:00,SAS @ PHI,W,11.7,0.0,0.0,0.0,0.0,0.0,2.0,0.0,10.0,0.0,0.0,0.0,0.0,11.2,1,1,1,1,21717,12059,10158,9917,18861,1,3734,1,20209,8004,1,1,18762,18267,1.0,11:43,2015,2016
2015-16,202362,Lance Stephenson,Lance,1610612746,LAC,LA Clippers,21500311,2015-12-07T00:00:00,LAC @ MIN,W,13.1,0.0,0.0,0.0,0.0,11.0,6.0,3.0,8.0,0.0,0.0,3.0,0.0,6.2,1,1,1,1,20916,12059,10158,9917,18861,18886,13237,7328,21543,8004,1,17641,18762,21696,1.0,13:07,2015,2016
2015-16,202087,Alonzo Gee,Alonzo,1610612740,NOP,New Orleans Pelicans,21500312,2015-12-07T00:00:00,NOP vs. BOS,L,12.7,8.0,0.0,2.0,2.0,0.0,6.0,5.0,12.0,0.0,0.0,0.0,1.0,10.7,1,13074,13074,13074,21121,308,10158,4675,12984,1,13237,11593,18637,8004,1,1,12373,18636,1.0,12:43,2015,2016
2015-16,202498,Lance Thomas,Lance,1610612752,NYK,New York Knicks,21500307,2015-12-07T00:00:00,NYK vs. DAL,L,27.3,3.0,0.0,0.0,2.0,6.0,6.0,4.0,20.0,0.0,0.0,3.0,1.0,11.4,1,13074,13074,13074,9784,4307,10158,9917,12984,10028,13237,8806,11929,8004,1,17641,12373,18134,1.0,27:17,2015,2016
2015-16,201971,DeJuan Blair,DeJuan,1610612764,WAS,Washington Wizards,21500306,2015-12-07T00:00:00,WAS @ MIA,W,1.4,0.0,0.0,0.0,0.0,0.0,0.0,2.0,4.0,0.0,1.0,0.0,0.0,1.2,1,1,1,1,25747,12059,10158,9917,18861,1,1,4025,23698,8004,17214,1,18762,24661,1.0,1:23,2015,2016
2015-16,203948,Johnny O'Bryant III,Johnny,1610612749,MIL,Milwaukee Bucks,21500310,2015-12-07T00:00:00,MIL vs. POR,W,12.1,0.0,0.0,0.0,0.0,4.0,2.0,0.0,10.0,0.0,1.0,2.0,0.0,1.2,1,1,1,1,21481,12059,10158,9917,18861,6141,3734,1,20209,8004,17214,11390,18762,24661,1.0,12:05,2015,2016
2015-16,101111,Charlie Villanueva,Charlie,1610612742,DAL,Dallas Mavericks,21500307,2015-12-07T00:00:00,DAL @ NYK,W,4.0,0.0,0.0,0.0,0.0,0.0,0.0,0.0,4.0,0.0,0.0,0.0,0.0,6.0,1,1,1,1,24694,12059,10158,9917,18861,1,1,1,23698,8004,1,1,18762,21878,1.0,4:02,2015,2016
2015-16,201946,Tyler Hansbrough,Tyler,1610612766,CHA,Charlotte Hornets,21500304,2015-12-07T00:00:00,CHA vs. DET,W,3.7,0.0,0.0,0.0,2.0,0.0,0.0,0.0,0.0,0.0,0.0,0.0,2.0,5.4,1,1,1,1,24814,12059,10158,9917,12984,1,1,1,25429,8004,1,1,7786,22242,1.0,3:44,2015,2016
2015-16,203915,Spencer Dinwiddie,Spencer,1610612765,DET,Detroit Pistons,21500304,2015-12-07T00:00:00,DET @ CHA,L,3.9,0.0,0.0,0.0,0.0,0.0,0.0,0.0,2.0,0.0,0.0,0.0,0.0,1.5,1,13074,13074,13074,24734,12059,10158,9917,18861,1,1,1,24614,8004,1,1,18762,24473,1.0,3:55,2015,2016
2015-16,1626179,Terry Rozier,Terry,1610612738,BOS,Boston Celtics,21500312,2015-12-07T00:00:00,BOS @ NOP,W,2.6,0.0,2.0,0.0,2.0,2.0,0.0,6.0,6.0,0.0,0.0,0.0,0.0,5.6,1,1,1,1,25290,12059,4731,9917,12984,2619,1,13388,22724,8004,1,1,18762,22133,1.0,2:35,2015,2016
2015-16,203135,Robert Sacre,Robert,1610612747,LAL,Los Angeles Lakers,21500308,2015-12-07T00:00:00,LAL @ TOR,L,16.6,0.0,2.0,0.0,0.0,14.0,2.0,6.0,16.0,0.0,0.0,4.0,2.0,6.4,1,13074,13074,13074,18558,12059,4731,9917,18861,22292,3734,13388,15259,8004,1,22104,7786,21589,1.0,16:37,2015,2016
2015-16,1626196,Josh Richardson,Josh,1610612748,MIA,Miami Heat,21500306,2015-12-07T00:00:00,MIA vs. WAS,L,8.2,0.0,0.0,0.0,0.0,0.0,0.0,0.0,8.0,0.0,0.0,2.0,0.0,1.2,1,13074,13074,13074,23107,12059,10158,9917,18861,1,1,1,21543,8004,1,11390,18762,24661,1.0,8:15,2015,2016
2015-16,201569,Eric Gordon,Eric,1610612740,NOP,New Orleans Pelicans,21500312,2015-12-07T00:00:00,NOP vs. BOS,L,15.6,0.0,0.0,0.0,0.0,5.0,4.0,9.0,14.0,1.0,0.0,2.0,1.0,5.9,1,13074,13074,13074,19365,12059,10158,9917,18861,8403,8458,18829,17019,2692,1,11390,12373,21953,1.0,15:34,2015,2016
2015-16,204456,T.J. McConnell,T.J.,1610612755,PHI,Philadelphia 76ers,21500305,2015-12-07T00:00:00,PHI vs. SAS,L,18.0,0.0,0.0,0.0,0.0,5.0,2.0,2.0,16.0,0.0,0.0,1.0,0.0,6.4,1,13074,13074,13074,17510,12059,10158,9917,18861,8403,3734,4025,15259,8004,1,4972,18762,21589,1.0,18:00,2015,2016
2015-16,2743,Kris Humphries,Kris,1610612764,WAS,Washington Wizards,21500306,2015-12-07T00:00:00,WAS @ MIA,W,17.5,0.0,0.0,0.0,2.0,6.0,0.0,7.0,24.0,0.0,0.0,3.0,0.0,5.9,1,1,1,1,17913,12059,10158,9917,12984,10028,1,15538,8723,8004,1,17641,18762,21953,1.0,17:29,2015,2016
2015-16,1626181,Norman Powell,Norman,1610612761,TOR,Toronto Raptors,21500308,2015-12-07T00:00:00,TOR vs. LAL,W,4.9,0.0,0.0,0.0,0.0,0.0,5.0,0.0,4.0,0.0,0.0,1.0,0.0,1.4,1,1,1,1,24393,12059,10158,9917,18861,1,11469,1,23698,8004,1,4972,18762,24615,1.0,4:56,2015,2016
2015-16,203798,PJ Hairston,PJ,1610612766,CHA,Charlotte Hornets,21500304,2015-12-07T00:00:00,CHA vs. DET,W,16.1,0.0,0.0,0.0,2.0,0.0,4.0,3.0,8.0,0.0,1.0,5.0,1.0,11.1,1,1,1,1,18971,12059,10158,9917,12984,1,8458,7328,21543,8004,17214,24686,12373,18370,1.0,16:05,2015,2016
2015-16,201980,Danny Green,Danny,1610612759,SAS,San Antonio Spurs,21500305,2015-12-07T00:00:00,SAS @ PHI,W,18.6,3.0,0.0,0.0,0.0,0.0,4.0,0.0,14.0,0.0,0.0,2.0,2.0,5.9,1,1,1,1,16988,4307,10158,9917,18861,1,8458,1,17019,8004,1,11390,7786,21953,1.0,18:38,2015,2016
2015-16,1626170,Jerian Grant,Jerian,1610612752,NYK,New York Knicks,21500307,2015-12-07T00:00:00,NYK vs. DAL,L,10.9,0.0,2.0,0.0,2.0,5.0,2.0,2.0,12.0,0.0,0.0,2.0,0.0,4.2,1,13074,13074,13074,22090,12059,4731,9917,12984,8403,3734,4025,18637,8004,1,11390,18762,22976,1.0,10:52,2015,2016
2015-16,2550,Kirk Hinrich,Kirk,1610612741,CHI,Chicago Bulls,21500309,2015-12-07T00:00:00,CHI vs. PHX,L,13.8,0.0,0.0,0.0,0.0,3.0,8.0,3.0,12.0,0.0,0.0,2.0,1.0,0.2,1,13074,13074,13074,20523,12059,10158,9917,18861,5109,17345,7328,18637,8004,1,11390,12373,25103,1.0,13:48,2015,2016
2015-16,202379,Jeremy Evans,Jeremy,1610612742,DAL,Dallas Mavericks,21500307,2015-12-07T00:00:00,DAL @ NYK,W,7.3,0.0,0.0,0.0,0.0,8.0,0.0,0.0,4.0,1.0,0.0,1.0,1.0,9.6,1,1,1,1,23448,12059,10158,9917,18861,13914,1,1,23698,2692,1,4972,12373,19434,1.0,7:20,2015,2016
2015-16,203477,Isaiah Canaan,Isaiah,1610612755,PHI,Philadelphia 76ers,21500305,2015-12-07T00:00:00,PHI vs. SAS,L,27.5,0.0,0.0,0.0,0.0,10.0,4.0,6.0,30.0,0.0,0.0,0.0,1.0,8.7,1,13074,13074,13074,9578,12059,10158,9917,18861,17370,8458,13388,4541,8004,1,1,12373,20045,1.0,27:32,2015,2016
2015-16,200782,P.J. Tucker,P.J.,1610612756,PHX,Phoenix Suns,21500309,2015-12-07T00:00:00,PHX @ CHI,W,17.9,0.0,0.0,0.0,0.0,9.0,12.0,14.0,24.0,0.0,0.0,1.0,1.0,3.2,1,1,1,1,17575,12059,10158,9917,18861,15771,22832,23710,8723,8004,1,4972,12373,23473,1.0,17:56,2015,2016
2015-16,203138,Hollis Thompson,Hollis,1610612755,PHI,Philadelphia 76ers,21500305,2015-12-07T00:00:00,PHI vs. SAS,L,19.0,0.0,0.0,0.0,0.0,10.0,5.0,5.0,20.0,0.0,0.0,1.0,2.0,4.2,1,13074,13074,13074,16698,12059,10158,9917,18861,17370,11469,11593,11929,8004,1,4972,7786,22976,1.0,19:00,2015,2016
2015-16,203092,Tyler Zeller,Tyler,1610612738,BOS,Boston Celtics,21500312,2015-12-07T00:00:00,BOS @ NOP,W,7.4,0.0,0.0,0.0,4.0,5.0,0.0,3.0,6.0,0.0,0.0,0.0,0.0,4.2,1,1,1,1,23411,12059,10158,9917,8599,8403,1,7328,22724,8004,1,1,18762,22976,1.0,7:26,2015,2016
2015-16,203928,Cory Jefferson,Cory,1610612756,PHX,Phoenix Suns,21500309,2015-12-07T00:00:00,PHX @ CHI,W,0.0,0.0,0.0,0.0,0.0,0.0,0.0,0.0,0.0,0.0,0.0,0.0,0.0,0.0,1,1,1,1,26073,12059,10158,9917,18861,1,1,1,25429,8004,1,1,18762,25170,1.0,0:00,2015,2016
2015-16,1718,Paul Pierce,Paul,1610612746,LAC,LA Clippers,21500311,2015-12-07T00:00:00,LAC @ MIN,W,5.6,0.0,0.0,0.0,0.0,5.0,2.0,3.0,6.0,0.0,0.0,0.0,0.0,-2.0,1,1,1,1,24144,12059,10158,9917,18861,8403,3734,7328,22724,8004,1,1,18762,26061,1.0,5:35,2015,2016
2015-16,202337,Luke Babbitt,Luke,1610612740,NOP,New Orleans Pelicans,21500312,2015-12-07T00:00:00,NOP vs. BOS,L,4.0,0.0,0.0,0.0,0.0,0.0,2.0,0.0,6.0,0.0,1.0,0.0,0.0,0.0,1,13074,13074,13074,24720,12059,10158,9917,18861,1,3734,1,22724,8004,17214,1,18762,25170,1.0,3:58,2015,2016
2015-16,203960,JaKarr Sampson,JaKarr,1610612755,PHI,Philadelphia 76ers,21500305,2015-12-07T00:00:00,PHI vs. SAS,L,12.1,0.0,0.0,3.0,4.0,7.0,5.0,0.0,16.0,0.0,0.0,3.0,2.0,5.2,1,13074,13074,13074,21481,12059,10158,3302,8599,12242,11469,1,15259,8004,1,17641,7786,22370,1.0,12:05,2015,2016
2015-16,2449,Luis Scola,Luis,1610612761,TOR,Toronto Raptors,21500308,2015-12-07T00:00:00,TOR vs. LAL,W,16.5,0.0,0.0,0.0,0.0,6.0,6.0,6.0,16.0,0.0,0.0,3.0,2.0,7.2,1,1,1,1,18631,12059,10158,9917,18861,10028,13237,13388,15259,8004,1,17641,7786,21035,1.0,16:32,2015,2016
2015-16,201936,Tyreke Evans,Tyreke,1610612740,NOP,New Orleans Pelicans,21500312,2015-12-07T00:00:00,NOP vs. BOS,L,17.6,0.0,0.0,0.0,0.0,5.0,6.0,9.0,16.0,0.0,2.0,2.0,0.0,4.9,1,13074,13074,13074,17860,12059,10158,9917,18861,8403,13237,18829,15259,8004,23588,11390,18762,22621,1.0,17:33,2015,2016
2015-16,201601,Luc Mbah a Moute,Luc,1610612746,LAC,LA Clippers,21500311,2015-12-07T00:00:00,LAC @ MIN,W,16.2,0.0,0.0,1.0,0.0,7.0,2.0,7.0,10.0,0.0,1.0,2.0,1.0,4.6,1,1,1,1,18910,12059,10158,9347,18861,12242,3734,15538,20209,8004,17214,11390,12373,22734,1.0,16:11,2015,2016
2015-16,1626151,Aaron Harrison,Aaron,1610612766,CHA,Charlotte Hornets,21500304,2015-12-07T00:00:00,CHA vs. DET,W,3.7,0.0,0.0,0.0,0.0,0.0,0.0,0.0,0.0,0.0,0.0,0.0,0.0,0.2,1,1,1,1,24814,12059,10158,9917,18861,1,1,1,25429,8004,1,1,18762,25103,1.0,3:44,2015,2016
2015-16,203100,Tony Wroten,Tony,1610612755,PHI,Philadelphia 76ers,21500305,2015-12-07T00:00:00,PHI vs. SAS,L,13.8,2.0,0.0,0.0,0.0,7.0,3.0,8.0,20.0,0.0,0.0,2.0,3.0,5.2,1,13074,13074,13074,20547,6026,10158,9917,18861,12242,7138,17194,11929,8004,1,11390,4736,22370,1.0,13:46,2015,2016
2015-16,201945,Gerald Henderson,Gerald,1610612757,POR,Portland Trail Blazers,21500310,2015-12-07T00:00:00,POR @ MIL,L,15.2,2.0,0.0,2.0,2.0,3.0,3.0,4.0,8.0,1.0,0.0,1.0,2.0,9.0,1,13074,13074,13074,19606,6026,10158,4675,12984,5109,7138,8806,21543,2692,1,4972,7786,19835,1.0,15:14,2015,2016
2015-16,1626159,Justise Winslow,Justise,1610612748,MIA,Miami Heat,21500306,2015-12-07T00:00:00,MIA vs. WAS,L,33.2,2.0,0.0,2.0,2.0,20.0,0.0,11.0,38.0,0.0,1.0,3.0,1.0,9.2,1,13074,13074,13074,4951,6026,10158,4675,12984,25338,1,21342,1422,8004,17214,17641,12373,19680,1.0,33:14,2015,2016
2015-16,202066,Garrett Temple,Garrett,1610612764,WAS,Washington Wizards,21500306,2015-12-07T00:00:00,WAS @ MIA,W,8.0,0.0,0.0,0.0,0.0,2.0,2.0,0.0,6.0,0.0,0.0,2.0,0.0,6.9,1,1,1,1,23201,12059,10158,9917,18861,2619,3734,1,22724,8004,1,11390,18762,21262,1.0,7:58,2015,2016
2015-16,101179,Ronnie Price,Ronnie,1610612756,PHX,Phoenix Suns,21500309,2015-12-07T00:00:00,PHX @ CHI,W,4.5,0.0,0.0,0.0,0.0,0.0,0.0,0.0,0.0,0.0,0.0,0.0,0.0,0.0,1,1,1,1,24544,12059,10158,9917,18861,1,1,1,25429,8004,1,1,18762,25170,1.0,4:30,2015,2016
2015-16,1626169,Stanley Johnson,Stanley,1610612765,DET,Detroit Pistons,21500304,2015-12-07T00:00:00,DET @ CHA,L,20.3,2.0,0.0,2.0,4.0,8.0,9.0,0.0,18.0,0.0,1.0,1.0,0.0,9.1,1,13074,13074,13074,15642,6026,10158,4675,8599,13914,19144,1,13577,8004,17214,4972,18762,19789,1.0,20:18,2015,2016
2015-16,204020,Tyler Johnson,Tyler,1610612748,MIA,Miami Heat,21500306,2015-12-07T00:00:00,MIA vs. WAS,L,22.7,0.0,0.0,0.0,0.0,9.0,0.0,6.0,30.0,0.0,0.0,0.0,1.0,6.7,1,13074,13074,13074,13592,12059,10158,9917,18861,15771,1,13388,4541,8004,1,1,12373,21376,1.0,22:43,2015,2016
2015-16,202734,E'Twaun Moore,E'Twaun,1610612741,CHI,Chicago Bulls,21500309,2015-12-07T00:00:00,CHI vs. PHX,L,14.3,2.0,0.0,2.0,2.0,10.0,3.0,5.0,18.0,0.0,0.0,0.0,0.0,7.2,1,13074,13074,13074,20246,6026,10158,4675,12984,17370,7138,11593,13577,8004,1,1,18762,21035,1.0,14:16,2015,2016
2015-16,2755,Kevin Martin,Kevin,1610612750,MIN,Minnesota Timberwolves,21500311,2015-12-07T00:00:00,MIN vs. LAC,L,14.1,0.0,0.0,0.0,0.0,6.0,12.0,1.0,20.0,0.0,0.0,1.0,1.0,4.4,1,13074,13074,13074,20363,12059,10158,9917,18861,10028,22832,3646,11929,8004,1,4972,12373,22837,1.0,14:05,2015,2016
2015-16,203493,Reggie Bullock Jr.,Reggie,1610612765,DET,Detroit Pistons,21500304,2015-12-07T00:00:00,DET @ CHA,L,3.9,0.0,0.0,0.0,0.0,0.0,0.0,0.0,2.0,0.0,0.0,0.0,0.0,0.0,1,13074,13074,13074,24734,12059,10158,9917,18861,1,1,1,24614,8004,1,1,18762,25170,1.0,3:55,2015,2016
2015-16,202704,Reggie Jackson,Reggie,1610612765,DET,Detroit Pistons,21500304,2015-12-07T00:00:00,DET @ CHA,L,24.1,0.0,0.0,0.0,4.0,11.0,8.0,9.0,24.0,0.0,0.0,3.0,1.0,3.7,1,13074,13074,13074,12470,12059,10158,9917,8599,18886,17345,18829,8723,8004,1,17641,12373,23278,1.0,24:05,2015,2016
2015-16,1626158,Richaun Holmes,Richaun,1610612755,PHI,Philadelphia 76ers,21500305,2015-12-07T00:00:00,PHI vs. SAS,L,20.6,0.0,2.0,0.0,2.0,11.0,6.0,2.0,18.0,0.0,0.0,4.0,0.0,3.8,1,13074,13074,13074,15401,12059,4731,9917,12984,18886,13237,4025,13577,8004,1,22104,18762,23270,1.0,20:35,2015,2016
2015-16,203148,Brian Roberts,Brian,1610612766,CHA,Charlotte Hornets,21500304,2015-12-07T00:00:00,CHA vs. DET,W,3.7,0.0,0.0,0.0,0.0,0.0,0.0,0.0,0.0,0.0,0.0,0.0,0.0,0.0,1,1,1,1,24814,12059,10158,9917,18861,1,1,1,25429,8004,1,1,18762,25170,1.0,3:44,2015,2016
2015-16,203584,Troy Daniels,Troy,1610612766,CHA,Charlotte Hornets,21500304,2015-12-07T00:00:00,CHA vs. DET,W,3.7,0.0,0.0,0.0,0.0,0.0,0.0,0.0,0.0,0.0,0.0,1.0,0.0,0.0,1,1,1,1,24814,12059,10158,9917,18861,1,1,1,25429,8004,1,4972,18762,25170,1.0,3:44,2015,2016
2015-16,1897,Metta World Peace,Metta,1610612747,LAL,Los Angeles Lakers,21500308,2015-12-07T00:00:00,LAL @ TOR,L,15.8,0.0,0.0,0.0,0.0,7.0,2.0,2.0,16.0,0.0,0.0,1.0,0.0,6.6,1,13074,13074,13074,19214,12059,10158,9917,18861,12242,3734,4025,15259,8004,1,4972,18762,21445,1.0,15:46,2015,2016
2015-16,201202,Joel Anthony,Joel,1610612765,DET,Detroit Pistons,21500304,2015-12-07T00:00:00,DET @ CHA,L,3.9,0.0,0.0,0.0,0.0,0.0,0.0,0.0,2.0,0.0,0.0,1.0,0.0,0.0,1,13074,13074,13074,24734,12059,10158,9917,18861,1,1,1,24614,8004,1,4972,18762,25170,1.0,3:55,2015,2016
2015-16,202682,Derrick Williams,Derrick,1610612752,NYK,New York Knicks,21500307,2015-12-07T00:00:00,NYK vs. DAL,L,10.0,4.0,0.0,2.0,2.0,5.0,0.0,4.0,8.0,0.0,1.0,1.0,0.0,9.4,1,13074,13074,13074,22421,2460,10158,4675,12984,8403,1,8806,21543,8004,17214,4972,18762,19568,1.0,10:02,2015,2016
2015-16,200797,Ryan Hollins,Ryan,1610612764,WAS,Washington Wizards,21500306,2015-12-07T00:00:00,WAS @ MIA,W,14.4,0.0,4.0,0.0,4.0,8.0,0.0,2.0,20.0,1.0,0.0,1.0,1.0,13.0,1,1,1,1,20156,12059,1596,9917,8599,13914,1,4025,11929,2692,1,4972,12373,16969,1.0,14:25,2015,2016
2015-16,201577,Robin Lopez,Robin,1610612752,NYK,New York Knicks,21500307,2015-12-07T00:00:00,NYK vs. DAL,L,15.7,0.0,0.0,0.0,6.0,5.0,4.0,3.0,10.0,1.0,0.0,3.0,0.0,12.9,1,13074,13074,13074,19279,12059,10158,9917,5299,8403,8458,7328,20209,2692,1,17641,18762,17049,1.0,15:41,2015,2016
2015-16,202693,Markieff Morris,Markieff,1610612756,PHX,Phoenix Suns,21500309,2015-12-07T00:00:00,PHX @ CHI,W,7.1,0.0,0.0,0.0,0.0,2.0,2.0,0.0,6.0,0.0,1.0,1.0,1.0,2.6,1,1,1,1,23542,12059,10158,9917,18861,2619,3734,1,22724,8004,17214,4972,12373,23982,1.0,7:03,2015,2016
2015-16,201229,Anthony Tolliver,Anthony,1610612765,DET,Detroit Pistons,21500304,2015-12-07T00:00:00,DET @ CHA,L,20.0,0.0,0.0,0.0,0.0,7.0,6.0,0.0,18.0,0.0,0.0,0.0,0.0,12.8,1,13074,13074,13074,15899,12059,10158,9917,18861,12242,13237,1,13577,8004,1,1,18762,17129,1.0,20:01,2015,2016
2015-16,1626199,Darrun Hilliard,Darrun,1610612765,DET,Detroit Pistons,21500304,2015-12-07T00:00:00,DET @ CHA,L,3.9,0.0,0.0,0.0,0.0,0.0,0.0,0.0,2.0,0.0,0.0,0.0,2.0,2.0,1,13074,13074,13074,24734,12059,10158,9917,18861,1,1,1,24614,8004,1,1,7786,24216,1.0,3:55,2015,2016
2015-16,201150,Spencer Hawes,Spencer,1610612766,CHA,Charlotte Hornets,21500304,2015-12-07T00:00:00,CHA vs. DET,W,15.9,2.0,2.0,0.0,6.0,2.0,3.0,4.0,14.0,0.0,0.0,0.0,0.0,13.1,1,1,1,1,19125,6026,4731,9917,5299,2619,7138,8806,17019,8004,1,1,18762,16874,1.0,15:53,2015,2016
2015-16,202718,Chandler Parsons,Chandler,1610612742,DAL,Dallas Mavericks,21500307,2015-12-07T00:00:00,DAL @ NYK,W,25.0,2.0,0.0,0.0,2.0,9.0,4.0,4.0,26.0,2.0,0.0,3.0,2.0,17.9,1,1,1,1,11656,6026,10158,9917,12984,15771,8458,8806,7214,932,1,17641,7786,13229,1.0,25:01,2015,2016
2015-16,203098,John Jenkins,John,1610612742,DAL,Dallas Mavericks,21500307,2015-12-07T00:00:00,DAL @ NYK,W,11.6,5.0,0.0,2.0,4.0,2.0,4.0,2.0,10.0,0.0,0.0,0.0,0.0,8.2,1,1,1,1,21759,1603,10158,4675,8599,2619,8458,4025,20209,8004,1,1,18762,20416,1.0,11:38,2015,2016
2015-16,203926,Doug McDermott,Doug,1610612741,CHI,Chicago Bulls,21500309,2015-12-07T00:00:00,CHI vs. PHX,L,23.0,2.0,0.0,0.0,4.0,9.0,15.0,3.0,22.0,0.0,0.0,2.0,0.0,8.5,1,13074,13074,13074,13398,6026,10158,9917,8599,15771,24781,7328,10265,8004,1,11390,18762,20215,1.0,22:58,2015,2016
2015-16,203090,Maurice Harkless,Maurice,1610612757,POR,Portland Trail Blazers,21500310,2015-12-07T00:00:00,POR @ MIL,L,10.0,0.0,0.0,0.0,0.0,4.0,4.0,2.0,10.0,0.0,0.0,0.0,0.0,2.4,1,13074,13074,13074,22471,12059,10158,9917,18861,6141,8458,4025,20209,8004,1,1,18762,24024,1.0,9:57,2015,2016
2015-16,201973,Jonas Jerebko,Jonas,1610612738,BOS,Boston Celtics,21500312,2015-12-07T00:00:00,BOS @ NOP,W,8.4,0.0,0.0,0.0,2.0,7.0,2.0,5.0,8.0,0.0,0.0,4.0,1.0,2.2,1,1,1,1,23056,12059,10158,9917,12984,12242,3734,11593,21543,8004,1,22104,12373,24138,1.0,8:24,2015,2016
2015-16,201600,Omer Asik,Omer,1610612740,NOP,New Orleans Pelicans,21500312,2015-12-07T00:00:00,NOP vs. BOS,L,10.1,0.0,2.0,0.0,0.0,0.0,4.0,5.0,6.0,0.0,1.0,0.0,2.0,8.4,1,13074,13074,13074,22382,12059,4731,9917,18861,1,8458,11593,22724,8004,17214,1,7786,20273,1.0,10:08,2015,2016
2015-16,202708,Norris Cole,Norris,1610612740,NOP,New Orleans Pelicans,21500312,2015-12-07T00:00:00,NOP vs. BOS,L,28.5,2.0,0.0,2.0,2.0,9.0,4.0,12.0,28.0,1.0,0.0,4.0,1.0,17.9,1,13074,13074,13074,8779,6026,10158,4675,12984,15771,8458,22259,5824,2692,1,22104,12373,13229,1.0,28:32,2015,2016
2015-16,203486,Mason Plumlee,Mason,1610612757,POR,Portland Trail Blazers,21500310,2015-12-07T00:00:00,POR @ MIL,L,20.0,1.0,0.0,0.0,2.0,5.0,3.0,4.0,20.0,3.0,0.0,3.0,1.0,16.3,1,13074,13074,13074,15897,11535,10158,9917,12984,8403,7138,8806,11929,347,1,17641,12373,14372,1.0,20:01,2015,2016
2015-16,203487,Michael Carter-Williams,Michael,1610612749,MIL,Milwaukee Bucks,21500310,2015-12-07T00:00:00,MIL vs. POR,W,31.2,1.0,1.0,0.0,2.0,8.0,7.0,6.0,22.0,0.0,2.0,3.0,5.0,18.5,1,1,1,1,6605,11535,9709,9917,12984,13914,15642,13388,10265,8004,23588,17641,1539,12794,1.0,31:09,2015,2016
2015-16,203917,Nik Stauskas,Nik,1610612755,PHI,Philadelphia 76ers,21500305,2015-12-07T00:00:00,PHI vs. SAS,L,24.7,3.0,0.0,3.0,2.0,14.0,7.0,2.0,30.0,0.0,1.0,4.0,1.0,16.2,1,13074,13074,13074,11959,4307,10158,3302,12984,22292,15642,4025,4541,8004,17214,22104,12373,14436,1.0,24:40,2015,2016
2015-16,203476,Gorgui Dieng,Gorgui,1610612750,MIN,Minnesota Timberwolves,21500311,2015-12-07T00:00:00,MIN vs. LAC,L,30.2,0.0,2.0,0.0,6.0,7.0,6.0,4.0,20.0,0.0,3.0,5.0,3.0,21.0,1,13074,13074,13074,7317,12059,4731,9917,5299,12242,13237,8806,11929,8004,25441,24686,4736,11077,1.0,30:14,2015,2016
2015-16,203087,Jeremy Lamb,Jeremy,1610612766,CHA,Charlotte Hornets,21500304,2015-12-07T00:00:00,CHA vs. DET,W,21.3,0.0,2.0,0.0,4.0,4.0,3.0,4.0,18.0,1.0,0.0,3.0,1.0,20.9,1,1,1,1,14742,12059,4731,9917,8599,6141,7138,8806,13577,2692,1,17641,12373,11132,1.0,21:20,2015,2016
2015-16,202329,Al-Farouq Aminu,Al-Farouq,1610612757,POR,Portland Trail Blazers,21500310,2015-12-07T00:00:00,POR @ MIL,L,30.3,2.0,0.0,2.0,6.0,10.0,5.0,7.0,30.0,0.0,1.0,4.0,2.0,21.5,1,13074,13074,13074,7243,6026,10158,4675,5299,17370,11469,15538,4541,8004,17214,22104,7786,10755,1.0,30:20,2015,2016
2015-16,203613,Jonathon Simmons,Jonathon,1610612759,SAS,San Antonio Spurs,21500305,2015-12-07T00:00:00,SAS @ PHI,W,24.3,4.0,2.0,3.0,8.0,5.0,2.0,6.0,12.0,0.0,1.0,4.0,5.0,20.8,1,1,1,1,12335,2460,4731,3302,3109,8403,3734,13388,18637,8004,17214,22104,1539,11195,1.0,24:16,2015,2016
2015-16,201580,JaVale McGee,JaVale,1610612742,DAL,Dallas Mavericks,21500307,2015-12-07T00:00:00,DAL @ NYK,W,6.8,0.0,0.0,0.0,0.0,2.0,2.0,0.0,2.0,0.0,0.0,1.0,0.0,2.8,1,1,1,1,23644,12059,10158,9917,18861,2619,3734,1,24614,8004,1,4972,18762,23879,1.0,6:46,2015,2016
2015-16,2561,David West,David,1610612759,SAS,San Antonio Spurs,21500305,2015-12-07T00:00:00,SAS @ PHI,W,9.0,2.0,0.0,0.0,2.0,2.0,0.0,0.0,2.0,0.0,0.0,1.0,0.0,21.3,1,1,1,1,22840,6026,10158,9917,12984,2619,1,1,24614,8004,1,4972,18762,10880,1.0,8:59,2015,2016
2015-16,1626204,Larry Nance Jr.,Larry,1610612747,LAL,Los Angeles Lakers,21500308,2015-12-07T00:00:00,LAL @ TOR,L,29.0,0.0,4.0,0.0,6.0,9.0,5.0,2.0,20.0,3.0,0.0,4.0,0.0,21.2,1,13074,13074,13074,8390,12059,1596,9917,5299,15771,11469,4025,11929,347,1,22104,18762,10936,1.0,28:59,2015,2016
2015-16,203496,Robert Covington,Robert,1610612755,PHI,Philadelphia 76ers,21500305,2015-12-07T00:00:00,PHI vs. SAS,L,30.8,2.0,2.0,0.0,6.0,8.0,4.0,8.0,32.0,0.0,0.0,3.0,1.0,21.2,1,13074,13074,13074,6858,6026,4731,9917,5299,13914,8458,17194,3535,8004,1,17641,12373,10936,1.0,30:51,2015,2016
2015-16,2564,Boris Diaw,Boris,1610612759,SAS,San Antonio Spurs,21500305,2015-12-07T00:00:00,SAS @ PHI,W,15.6,0.0,0.0,0.0,4.0,2.0,2.0,0.0,8.0,0.0,0.0,0.0,0.0,16.1,1,1,1,1,19343,12059,10158,9917,8599,2619,3734,1,21543,8004,1,1,18762,14515,1.0,15:36,2015,2016
2015-16,201579,Roy Hibbert,Roy,1610612747,LAL,Los Angeles Lakers,21500308,2015-12-07T00:00:00,LAL @ TOR,L,29.7,0.0,2.0,0.0,2.0,9.0,5.0,4.0,22.0,1.0,0.0,5.0,1.0,20.8,1,13074,13074,13074,7847,12059,4731,9917,12984,15771,11469,8806,10265,2692,1,24686,12373,11195,1.0,29:39,2015,2016
2015-16,1626273,Marcelo Huertas,Marcelo,1610612747,LAL,Los Angeles Lakers,21500308,2015-12-07T00:00:00,LAL @ TOR,L,12.2,0.0,0.0,0.0,0.0,5.0,2.0,2.0,10.0,0.0,0.0,0.0,1.0,7.9,1,13074,13074,13074,21457,12059,10158,9917,18861,8403,3734,4025,20209,8004,1,1,12373,20646,1.0,12:09,2015,2016
2015-16,201950,Jrue Holiday,Jrue,1610612740,NOP,New Orleans Pelicans,21500312,2015-12-07T00:00:00,NOP vs. BOS,L,22.2,5.0,0.0,3.0,2.0,2.0,2.0,9.0,20.0,1.0,1.0,1.0,3.0,30.4,1,13074,13074,13074,13991,1603,10158,3302,12984,2619,3734,18829,11929,2692,17214,4972,4736,5661,1.0,22:13,2015,2016
2015-16,202703,Nikola Mirotic,Nikola,1610612741,CHI,Chicago Bulls,21500309,2015-12-07T00:00:00,CHI vs. PHX,L,28.0,0.0,4.0,2.0,6.0,7.0,18.0,2.0,34.0,1.0,0.0,1.0,1.0,31.4,1,13074,13074,13074,9224,12059,1596,4675,5299,12242,25634,4025,2701,2692,1,4972,12373,5218,1.0,28:00,2015,2016
2015-16,2746,Josh Smith,Josh,1610612746,LAC,LA Clippers,21500311,2015-12-07T00:00:00,LAC @ MIN,W,14.7,2.0,2.0,2.0,6.0,15.0,8.0,3.0,14.0,3.0,0.0,3.0,3.0,20.6,1,1,1,1,19982,6026,4731,4675,5299,23079,17345,7328,17019,347,1,17641,4736,11314,1.0,14:40,2015,2016
2015-16,1626164,Devin Booker,Devin,1610612756,PHX,Phoenix Suns,21500309,2015-12-07T00:00:00,PHX @ CHI,W,32.9,2.0,3.0,0.0,6.0,14.0,11.0,12.0,32.0,0.0,1.0,1.0,0.0,27.1,1,1,1,1,5197,6026,3104,9917,5299,22292,21814,22259,3535,8004,17214,4972,18762,7339,1.0,32:55,2015,2016
2015-16,203492,Ray McCallum,Ray,1610612759,SAS,San Antonio Spurs,21500305,2015-12-07T00:00:00,SAS @ PHI,W,24.5,0.0,0.0,2.0,0.0,5.0,6.0,6.0,16.0,0.0,0.0,0.0,4.0,15.5,1,1,1,1,12102,12059,10158,4675,18861,8403,13237,13388,15259,8004,1,1,2748,15004,1.0,24:31,2015,2016
2015-16,203078,Bradley Beal,Bradley,1610612764,WAS,Washington Wizards,21500306,2015-12-07T00:00:00,WAS @ MIA,W,39.6,7.0,2.0,11.0,16.0,14.0,2.0,13.0,50.0,0.0,1.0,2.0,0.0,31.6,1,1,1,1,836,548,4731,69,275,22292,3734,23048,107,8004,17214,11390,18762,5130,1.0,39:38,2015,2016
2015-16,203952,Andrew Wiggins,Andrew,1610612750,MIN,Minnesota Timberwolves,21500311,2015-12-07T00:00:00,MIN vs. LAC,L,30.7,3.0,2.0,3.0,4.0,15.0,12.0,5.0,30.0,1.0,2.0,4.0,3.0,20.4,1,13074,13074,13074,6930,4307,4731,3302,8599,23079,22832,11593,4541,2692,23588,22104,4736,11453,1.0,30:44,2015,2016
2015-16,101109,Raymond Felton,Raymond,1610612742,DAL,Dallas Mavericks,21500307,2015-12-07T00:00:00,DAL @ NYK,W,33.6,0.0,2.0,0.0,6.0,5.0,8.0,4.0,24.0,0.0,0.0,0.0,1.0,30.5,1,1,1,1,4694,12059,4731,9917,5299,8403,17345,8806,8723,8004,1,1,12373,5620,1.0,33:34,2015,2016
2015-16,1626157,Karl-Anthony Towns,Karl-Anthony,1610612750,MIN,Minnesota Timberwolves,21500311,2015-12-07T00:00:00,MIN vs. LAC,L,29.4,2.0,0.0,0.0,8.0,15.0,12.0,5.0,32.0,2.0,0.0,6.0,2.0,31.0,1,13074,13074,13074,8058,6026,10158,9917,3109,23079,22832,11593,3535,932,1,25827,7786,5406,1.0,29:24,2015,2016
2015-16,2547,Chris Bosh,Chris,1610612748,MIA,Miami Heat,21500306,2015-12-07T00:00:00,MIA vs. WAS,L,36.3,4.0,4.0,0.0,6.0,14.0,10.0,6.0,36.0,2.0,0.0,1.0,5.0,41.8,1,13074,13074,13074,2518,2460,1596,9917,5299,22292,20509,13388,1943,932,1,4972,1539,1981,1.0,36:21,2015,2016
2015-16,202710,Jimmy Butler III,Jimmy,1610612741,CHI,Chicago Bulls,21500309,2015-12-07T00:00:00,CHI vs. PHX,L,35.8,7.0,3.0,7.0,8.0,10.0,25.0,4.0,38.0,1.0,0.0,4.0,5.0,31.3,1,13074,13074,13074,2932,548,3104,454,3109,17370,26050,8806,1422,2692,1,22104,1539,5258,1.0,35:45,2015,2016
2015-16,2546,Carmelo Anthony,Carmelo,1610612752,NYK,New York Knicks,21500307,2015-12-07T00:00:00,NYK vs. DAL,L,38.0,2.0,4.0,0.0,4.0,8.0,10.0,3.0,24.0,0.0,1.0,4.0,5.0,31.2,1,13074,13074,13074,1519,6026,1596,9917,8599,13914,20509,7328,8723,8004,17214,22104,1539,5304,1.0,37:58,2015,2016
2015-16,203109,Jae Crowder,Jae,1610612738,BOS,Boston Celtics,21500312,2015-12-07T00:00:00,BOS @ NOP,W,34.9,0.0,0.0,0.0,4.0,13.0,12.0,3.0,20.0,3.0,0.0,1.0,3.0,26.7,1,1,1,1,3640,12059,10158,9917,8599,21300,22832,7328,11929,347,1,4972,4736,7525,1.0,34:52,2015,2016
2015-16,201959,Taj Gibson,Taj,1610612741,CHI,Chicago Bulls,21500309,2015-12-07T00:00:00,CHI vs. PHX,L,21.7,4.0,0.0,2.0,6.0,14.0,10.0,5.0,18.0,2.0,1.0,4.0,0.0,31.1,1,13074,13074,13074,14399,2460,10158,4675,5299,22292,20509,11593,13577,932,17214,22104,18762,5354,1.0,21:45,2015,2016
2015-16,202338,Kevin Seraphin,Kevin,1610612752,NYK,New York Knicks,21500307,2015-12-07T00:00:00,NYK vs. DAL,L,15.6,0.0,2.0,2.0,4.0,5.0,2.0,2.0,12.0,1.0,0.0,0.0,0.0,15.0,1,13074,13074,13074,19322,12059,4731,4675,8599,8403,3734,4025,18637,2692,1,1,18762,15404,1.0,15:38,2015,2016
2015-16,201583,Ryan Anderson,Ryan,1610612740,NOP,New Orleans Pelicans,21500312,2015-12-07T00:00:00,NOP vs. BOS,L,33.6,4.0,2.0,0.0,8.0,14.0,4.0,16.0,36.0,0.0,2.0,2.0,4.0,30.8,1,13074,13074,13074,4644,2460,4731,9917,3109,22292,8458,24641,1943,8004,23588,11390,2748,5493,1.0,33:38,2015,2016
2015-16,203086,Meyers Leonard,Meyers,1610612757,POR,Portland Trail Blazers,21500310,2015-12-07T00:00:00,POR @ MIL,L,23.3,2.0,2.0,0.0,6.0,10.0,7.0,6.0,20.0,1.0,1.0,3.0,0.0,15.0,1,13074,13074,13074,13126,6026,4731,9917,5299,17370,15642,13388,11929,2692,17214,17641,18762,15404,1.0,23:17,2015,2016
2015-16,201564,O.J. Mayo,O.J.,1610612749,MIL,Milwaukee Bucks,21500310,2015-12-07T00:00:00,MIL vs. POR,W,36.4,0.0,0.0,3.0,2.0,9.0,13.0,6.0,32.0,0.0,0.0,5.0,1.0,27.2,1,1,1,1,2452,12059,10158,3302,12984,15771,23668,13388,3535,8004,1,24686,12373,7289,1.0,36:25,2015,2016
2015-16,101114,Deron Williams,Deron,1610612742,DAL,Dallas Mavericks,21500307,2015-12-07T00:00:00,DAL @ NYK,W,34.3,5.0,0.0,0.0,4.0,10.0,4.0,4.0,26.0,0.0,1.0,2.0,3.0,31.1,1,1,1,1,4138,1603,10158,9917,8599,17370,8458,8806,7214,8004,17214,11390,4736,5354,1.0,34:15,2015,2016
2015-16,200768,Kyle Lowry,Kyle,1610612761,TOR,Toronto Raptors,21500308,2015-12-07T00:00:00,TOR vs. LAL,W,38.0,7.0,2.0,2.0,6.0,6.0,15.0,8.0,34.0,0.0,0.0,1.0,3.0,42.4,1,1,1,1,1517,548,4731,4675,5299,10028,24781,17194,2701,8004,1,4972,4736,1860,1.0,37:58,2015,2016
2015-16,201162,Jared Dudley,Jared,1610612764,WAS,Washington Wizards,21500306,2015-12-07T00:00:00,WAS @ MIA,W,34.7,0.0,1.0,0.0,2.0,8.0,4.0,11.0,34.0,0.0,0.0,3.0,3.0,20.3,1,1,1,1,3804,12059,9709,9917,12984,13914,8458,21342,2701,8004,1,17641,4736,11534,1.0,34:41,2015,2016
2015-16,203944,Julius Randle,Julius,1610612747,LAL,Los Angeles Lakers,21500308,2015-12-07T00:00:00,LAL @ TOR,L,20.8,0.0,11.0,0.0,12.0,14.0,2.0,8.0,18.0,0.0,0.0,1.0,3.0,27.2,1,13074,13074,13074,15274,12059,19,9917,988,22292,3734,17194,13577,8004,1,4972,4736,7289,1.0,20:45,2015,2016
2015-16,203085,Austin Rivers,Austin,1610612746,LAC,LA Clippers,21500311,2015-12-07T00:00:00,LAC @ MIN,W,16.8,0.0,4.0,0.0,6.0,15.0,10.0,3.0,14.0,0.0,0.0,2.0,2.0,15.3,1,1,1,1,18413,12059,1596,9917,5299,23079,20509,7328,17019,8004,1,11390,7786,15150,1.0,16:48,2015,2016
2015-16,204038,Langston Galloway,Langston,1610612752,NYK,New York Knicks,21500307,2015-12-07T00:00:00,NYK vs. DAL,L,22.0,0.0,0.0,0.0,0.0,7.0,2.0,4.0,16.0,0.0,1.0,0.0,0.0,15.8,1,13074,13074,13074,14143,12059,10158,9917,18861,12242,3734,8806,15259,8004,17214,1,18762,14754,1.0,22:02,2015,2016
2015-16,203484,Kentavious Caldwell-Pope,Kentavious,1610612765,DET,Detroit Pistons,21500304,2015-12-07T00:00:00,DET @ CHA,L,37.5,0.0,0.0,0.0,8.0,16.0,14.0,9.0,40.0,0.0,0.0,3.0,5.0,30.3,1,13074,13074,13074,1740,12059,10158,9917,3109,23774,24300,18829,983,8004,1,17641,1539,5702,1.0,37:31,2015,2016
2015-16,2738,Andre Iguodala,Andre,1610612744,GSW,Golden State Warriors,21500300,2015-12-06T00:00:00,GSW @ BKN,W,24.6,2.0,2.0,0.0,2.0,6.0,5.0,6.0,18.0,0.0,0.0,3.0,0.0,30.3,1,1,1,1,12050,6026,4731,9917,12984,10028,11469,13388,13577,8004,1,17641,18762,5702,1.0,24:34,2015,2016
2015-16,201158,Marco Belinelli,Marco,1610612758,SAC,Sacramento Kings,21500303,2015-12-06T00:00:00,SAC @ OKC,L,25.8,4.0,5.0,2.0,4.0,6.0,6.0,9.0,18.0,0.0,0.0,1.0,2.0,19.8,1,13074,13074,13074,10992,2460,995,4675,8599,10028,13237,18829,13577,8004,1,4972,7786,11883,1.0,25:49,2015,2016
2015-16,200782,P.J. Tucker,P.J.,1610612756,PHX,Phoenix Suns,21500299,2015-12-06T00:00:00,PHX @ MEM,L,27.5,0.0,4.0,0.0,6.0,10.0,8.0,3.0,28.0,0.0,0.0,0.0,1.0,19.8,1,13074,13074,13074,9645,12059,1596,9917,5299,17370,17345,7328,5824,8004,1,1,12373,11883,1.0,27:28,2015,2016
2015-16,201142,Kevin Durant,Kevin,1610612760,OKC,Oklahoma City Thunder,21500303,2015-12-06T00:00:00,OKC vs. SAC,W,38.7,2.0,2.0,1.0,6.0,16.0,15.0,14.0,32.0,0.0,0.0,1.0,4.0,31.0,1,1,1,1,1189,6026,4731,9347,5299,23774,24781,23710,3535,8004,1,4972,2748,5406,1.0,38:41,2015,2016
2015-16,2581,Steve Blake,Steve,1610612765,DET,Detroit Pistons,21500301,2015-12-06T00:00:00,DET vs. LAL,W,18.4,0.0,2.0,0.0,2.0,7.0,4.0,6.0,18.0,0.0,0.0,0.0,1.0,20.3,1,1,1,1,17163,12059,4731,9917,12984,12242,8458,13388,13577,8004,1,1,12373,11534,1.0,18:25,2015,2016
2015-16,202688,Brandon Knight,Brandon,1610612756,PHX,Phoenix Suns,21500299,2015-12-06T00:00:00,PHX @ MEM,L,37.3,3.0,3.0,2.0,6.0,13.0,17.0,6.0,40.0,0.0,1.0,3.0,3.0,27.3,1,13074,13074,13074,1905,4307,3104,4675,5299,21300,25429,13388,983,8004,17214,17641,4736,7236,1.0,37:17,2015,2016
2015-16,203484,Kentavious Caldwell-Pope,Kentavious,1610612765,DET,Detroit Pistons,21500301,2015-12-06T00:00:00,DET vs. LAL,W,30.9,6.0,6.0,9.0,16.0,12.0,10.0,12.0,30.0,0.0,0.0,3.0,4.0,40.8,1,1,1,1,6838,878,481,184,275,20178,20509,22259,4541,8004,1,17641,2748,2181,1.0,30:52,2015,2016
2015-16,203903,Jordan Clarkson,Jordan,1610612747,LAL,Los Angeles Lakers,21500301,2015-12-06T00:00:00,LAL @ DET,L,30.0,0.0,0.0,2.0,2.0,15.0,19.0,14.0,40.0,0.0,0.0,2.0,2.0,12.1,1,13074,13074,13074,7507,12059,10158,4675,12984,23079,25786,23710,983,8004,1,11390,7786,17639,1.0,30:02,2015,2016
2015-16,101150,Lou Williams,Lou,1610612747,LAL,Los Angeles Lakers,21500301,2015-12-06T00:00:00,LAL @ DET,L,31.9,1.0,0.0,0.0,6.0,12.0,16.0,10.0,34.0,0.0,0.0,2.0,4.0,20.0,1,13074,13074,13074,6033,11535,10158,9917,5299,20178,25155,20169,2701,8004,1,11390,2748,11752,1.0,31:51,2015,2016
2015-16,203105,Festus Ezeli,Festus,1610612744,GSW,Golden State Warriors,21500300,2015-12-06T00:00:00,GSW @ BKN,W,19.6,1.0,0.0,3.0,10.0,6.0,5.0,6.0,18.0,4.0,0.0,1.0,5.0,31.5,1,1,1,1,16236,11535,10158,3302,1840,10028,11469,13388,13577,132,1,4972,1539,5180,1.0,19:35,2015,2016
2015-16,200765,Rajon Rondo,Rajon,1610612758,SAC,Sacramento Kings,21500303,2015-12-06T00:00:00,SAC @ OKC,L,35.8,0.0,2.0,0.0,6.0,11.0,19.0,4.0,34.0,0.0,1.0,3.0,1.0,40.8,1,13074,13074,13074,2932,12059,4731,9917,5299,18886,25786,8806,2701,8004,17214,17641,12373,2181,1.0,35:45,2015,2016
2015-16,101138,Brandon Bass,Brandon,1610612747,LAL,Los Angeles Lakers,21500301,2015-12-06T00:00:00,LAL @ DET,L,11.3,2.0,2.0,0.0,4.0,7.0,2.0,7.0,14.0,0.0,0.0,1.0,0.0,12.0,1,13074,13074,13074,21921,6026,4731,9917,8599,12242,3734,15538,17019,8004,1,4972,18762,17703,1.0,11:15,2015,2016
2015-16,203900,Markel Brown,Markel,1610612751,BKN,Brooklyn Nets,21500300,2015-12-06T00:00:00,BKN vs. GSW,L,25.8,4.0,0.0,4.0,4.0,8.0,9.0,7.0,20.0,0.0,0.0,1.0,0.0,15.3,1,13074,13074,13074,10993,2460,10158,1913,8599,13914,19144,15538,11929,8004,1,4972,18762,15150,1.0,25:49,2015,2016
2015-16,202390,Gary Neal,Gary,1610612764,WAS,Washington Wizards,21500302,2015-12-06T00:00:00,WAS vs. DAL,L,34.1,5.0,3.0,2.0,4.0,2.0,9.0,4.0,16.0,0.0,0.0,1.0,2.0,26.1,1,13074,13074,13074,4281,1603,3104,4675,8599,2619,19144,8806,15259,8004,1,4972,7786,7836,1.0,34:05,2015,2016
2015-16,1626273,Marcelo Huertas,Marcelo,1610612747,LAL,Los Angeles Lakers,21500301,2015-12-06T00:00:00,LAL @ DET,L,12.0,3.0,0.0,0.0,4.0,0.0,5.0,0.0,4.0,0.0,1.0,0.0,1.0,15.2,1,13074,13074,13074,21529,4307,10158,9917,8599,1,11469,1,23698,8004,17214,1,12373,15219,1.0,12:00,2015,2016
2015-16,101111,Charlie Villanueva,Charlie,1610612742,DAL,Dallas Mavericks,21500302,2015-12-06T00:00:00,DAL @ WAS,W,14.4,0.0,0.0,0.0,4.0,8.0,6.0,13.0,20.0,1.0,0.0,3.0,1.0,15.8,1,1,1,1,20184,12059,10158,9917,8599,13914,13237,23048,11929,2692,1,17641,12373,14754,1.0,14:22,2015,2016
2015-16,203944,Julius Randle,Julius,1610612747,LAL,Los Angeles Lakers,21500301,2015-12-06T00:00:00,LAL @ DET,L,24.4,3.0,2.0,2.0,10.0,16.0,15.0,14.0,32.0,0.0,0.0,2.0,4.0,28.2,1,13074,13074,13074,12210,4307,4731,4675,1840,23774,24781,23710,3535,8004,1,11390,2748,6778,1.0,24:24,2015,2016
2015-16,203490,Otto Porter Jr.,Otto,1610612764,WAS,Washington Wizards,21500302,2015-12-06T00:00:00,WAS vs. DAL,L,36.2,5.0,4.0,0.0,8.0,6.0,11.0,6.0,22.0,0.0,0.0,2.0,0.0,33.2,1,13074,13074,13074,2623,1603,1596,9917,3109,10028,21814,13388,10265,8004,1,11390,18762,4462,1.0,36:11,2015,2016
2015-16,2207,Joe Johnson,Joe,1610612751,BKN,Brooklyn Nets,21500300,2015-12-06T00:00:00,BKN vs. GSW,L,36.4,2.0,0.0,0.0,2.0,15.0,7.0,19.0,36.0,0.0,1.0,2.0,0.0,17.5,1,13074,13074,13074,2452,6026,10158,9917,12984,23079,15642,25435,1943,8004,17214,11390,18762,13528,1.0,36:25,2015,2016
2015-16,201152,Thaddeus Young,Thaddeus,1610612751,BKN,Brooklyn Nets,21500300,2015-12-06T00:00:00,BKN vs. GSW,L,35.4,2.0,4.0,2.0,20.0,16.0,6.0,23.0,38.0,0.0,2.0,3.0,3.0,39.8,1,13074,13074,13074,3249,6026,1596,4675,59,23774,13237,25880,1422,8004,23588,17641,4736,2422,1.0,35:22,2015,2016
2015-16,202704,Reggie Jackson,Reggie,1610612765,DET,Detroit Pistons,21500301,2015-12-06T00:00:00,DET vs. LAL,W,24.9,6.0,3.0,4.0,6.0,9.0,6.0,12.0,24.0,0.0,0.0,0.0,3.0,39.6,1,1,1,1,11778,878,3104,1913,5299,15771,13237,22259,8723,8004,1,1,4736,2474,1.0,24:52,2015,2016
2015-16,200752,Rudy Gay,Rudy,1610612758,SAC,Sacramento Kings,21500303,2015-12-06T00:00:00,SAC @ OKC,L,36.2,4.0,2.0,9.0,8.0,13.0,19.0,6.0,34.0,0.0,0.0,2.0,3.0,38.9,1,13074,13074,13074,2613,2460,4731,184,3109,21300,25786,13388,2701,8004,1,11390,4736,2667,1.0,36:12,2015,2016
2015-16,203500,Steven Adams,Steven,1610612760,OKC,Oklahoma City Thunder,21500303,2015-12-06T00:00:00,OKC vs. SAC,W,28.5,0.0,2.0,0.0,6.0,10.0,11.0,10.0,22.0,1.0,0.0,3.0,0.0,27.9,1,1,1,1,8803,12059,4731,9917,5299,17370,21814,20169,10265,2692,1,17641,18762,6914,1.0,28:31,2015,2016
2015-16,201144,Mike Conley,Mike,1610612763,MEM,Memphis Grizzlies,21500299,2015-12-06T00:00:00,MEM vs. PHX,W,34.5,1.0,0.0,2.0,4.0,8.0,13.0,11.0,24.0,1.0,4.0,3.0,2.0,33.2,1,1,1,1,3973,11535,10158,4675,8599,13914,23668,21342,8723,2692,25926,17641,7786,4462,1.0,34:28,2015,2016
2015-16,201585,Kosta Koufos,Kosta,1610612758,SAC,Sacramento Kings,21500303,2015-12-06T00:00:00,SAC @ OKC,L,15.1,2.0,5.0,1.0,8.0,10.0,4.0,4.0,10.0,3.0,0.0,3.0,3.0,22.6,1,13074,13074,13074,19715,6026,995,9347,3109,17370,8458,8806,20209,347,1,17641,4736,10000,1.0,15:04,2015,2016
2015-16,201584,Courtney Lee,Courtney,1610612763,MEM,Memphis Grizzlies,21500299,2015-12-06T00:00:00,MEM vs. PHX,W,28.5,8.0,3.0,2.0,6.0,9.0,8.0,14.0,22.0,1.0,0.0,0.0,3.0,32.8,1,1,1,1,8852,308,3104,4675,5299,15771,17345,23710,10265,2692,1,1,4736,4609,1.0,28:29,2015,2016
2015-16,101109,Raymond Felton,Raymond,1610612742,DAL,Dallas Mavericks,21500302,2015-12-06T00:00:00,DAL @ WAS,W,38.5,0.0,0.0,0.0,6.0,17.0,12.0,14.0,30.0,0.0,0.0,3.0,1.0,33.0,1,1,1,1,1302,12059,10158,9917,5299,24337,22832,23710,4541,8004,1,17641,12373,4537,1.0,38:27,2015,2016
2015-16,201145,Jeff Green,Jeff,1610612763,MEM,Memphis Grizzlies,21500299,2015-12-06T00:00:00,MEM vs. PHX,W,25.9,4.0,2.0,2.0,10.0,8.0,13.0,7.0,20.0,0.0,0.0,1.0,3.0,17.0,1,1,1,1,10967,2460,4731,4675,1840,13914,23668,15538,11929,8004,1,4972,4736,13855,1.0,25:51,2015,2016
2015-16,203460,Andre Roberson,Andre,1610612760,OKC,Oklahoma City Thunder,21500303,2015-12-06T00:00:00,OKC vs. SAC,W,30.1,1.0,2.0,0.0,2.0,10.0,6.0,14.0,22.0,1.0,1.0,3.0,1.0,13.5,1,1,1,1,7426,11535,4731,9917,12984,17370,13237,23710,10265,2692,17214,17641,12373,16552,1.0,30:07,2015,2016
2015-16,203083,Andre Drummond,Andre,1610612765,DET,Detroit Pistons,21500301,2015-12-06T00:00:00,DET vs. LAL,W,24.2,0.0,8.0,0.0,16.0,9.0,6.0,10.0,22.0,0.0,1.0,3.0,3.0,39.0,1,1,1,1,12395,12059,137,9917,275,15771,13237,20169,10265,8004,17214,17641,4736,2642,1.0,24:11,2015,2016
2015-16,202683,Enes Freedom,Enes,1610612760,OKC,Oklahoma City Thunder,21500303,2015-12-06T00:00:00,OKC vs. SAC,W,19.7,4.0,0.0,2.0,6.0,8.0,7.0,6.0,18.0,1.0,3.0,2.0,5.0,28.0,1,1,1,1,16122,2460,10158,4675,5299,13914,15642,13388,13577,2692,25441,11390,1539,6864,1.0,19:44,2015,2016
2015-16,202339,Eric Bledsoe,Eric,1610612756,PHX,Phoenix Suns,21500299,2015-12-06T00:00:00,PHX @ MEM,L,40.2,9.0,2.0,9.0,2.0,15.0,16.0,10.0,40.0,0.0,0.0,2.0,4.0,39.4,1,13074,13074,13074,683,171,4731,184,12984,23079,25155,20169,983,8004,1,11390,2748,2530,1.0,40:11,2015,2016
2015-16,202083,Wesley Matthews,Wesley,1610612742,DAL,Dallas Mavericks,21500302,2015-12-06T00:00:00,DAL @ WAS,W,41.1,3.0,6.0,0.0,2.0,16.0,14.0,15.0,36.0,1.0,0.0,2.0,2.0,55.7,1,1,1,1,463,4307,481,9917,12984,23774,24300,24242,1943,2692,1,11390,7786,365,1.0,41:07,2015,2016
2015-16,203110,Draymond Green,Draymond,1610612744,GSW,Golden State Warriors,21500300,2015-12-06T00:00:00,GSW @ BKN,W,34.4,6.0,1.0,7.0,10.0,10.0,5.0,7.0,40.0,0.0,1.0,1.0,5.0,45.3,1,1,1,1,4053,878,9709,454,1840,17370,11469,15538,983,8004,17214,4972,1539,1310,1.0,34:22,2015,2016
2015-16,201954,Darren Collison,Darren,1610612758,SAC,Sacramento Kings,21500303,2015-12-06T00:00:00,SAC @ OKC,L,33.3,2.0,0.0,0.0,4.0,8.0,9.0,9.0,18.0,0.0,0.0,2.0,3.0,29.9,1,13074,13074,13074,4930,6026,10158,9917,8599,13914,19144,18829,13577,8004,1,11390,4736,5884,1.0,33:15,2015,2016
2015-16,202322,John Wall,John,1610612764,WAS,Washington Wizards,21500302,2015-12-06T00:00:00,WAS vs. DAL,L,40.1,4.0,4.0,12.0,16.0,8.0,7.0,6.0,24.0,0.0,2.0,2.0,5.0,60.8,1,13074,13074,13074,699,2460,1596,42,275,13914,15642,13388,8723,8004,23588,11390,1539,188,1.0,40:08,2015,2016
2015-16,2216,Zach Randolph,Zach,1610612763,MEM,Memphis Grizzlies,21500299,2015-12-06T00:00:00,MEM vs. PHX,W,36.7,0.0,4.0,0.0,6.0,10.0,15.0,11.0,30.0,0.0,0.0,2.0,1.0,24.3,1,1,1,1,2279,12059,1596,9917,5299,17370,24781,21342,4541,8004,1,11390,12373,8939,1.0,36:43,2015,2016
2015-16,203141,Mirza Teletovic,Mirza,1610612756,PHX,Phoenix Suns,21500299,2015-12-06T00:00:00,PHX @ MEM,L,24.4,0.0,0.0,0.0,4.0,9.0,17.0,6.0,26.0,0.0,0.0,3.0,1.0,24.2,1,13074,13074,13074,12195,12059,10158,9917,8599,15771,25429,13388,7214,8004,1,17641,12373,9009,1.0,24:26,2015,2016
2015-16,201188,Marc Gasol,Marc,1610612763,MEM,Memphis Grizzlies,21500299,2015-12-06T00:00:00,MEM vs. PHX,W,36.5,4.0,3.0,3.0,12.0,15.0,13.0,18.0,26.0,2.0,1.0,2.0,4.0,36.6,1,1,1,1,2397,2460,3104,3302,988,23079,23668,25228,7214,932,17214,11390,2748,3288,1.0,36:30,2015,2016
2015-16,203458,Alex Len,Alex,1610612756,PHX,Phoenix Suns,21500299,2015-12-06T00:00:00,PHX @ MEM,L,32.1,0.0,4.0,2.0,10.0,12.0,7.0,9.0,28.0,2.0,0.0,4.0,1.0,29.9,1,13074,13074,13074,5802,12059,1596,4675,1840,20178,15642,18829,5824,932,1,22104,12373,5884,1.0,32:06,2015,2016
2015-16,201566,Russell Westbrook,Russell,1610612760,OKC,Oklahoma City Thunder,21500303,2015-12-06T00:00:00,OKC vs. SAC,W,37.9,2.0,2.0,3.0,12.0,14.0,13.0,14.0,30.0,0.0,0.0,2.0,5.0,53.2,1,1,1,1,1568,6026,4731,3302,988,22292,23668,23710,4541,8004,1,11390,1539,508,1.0,37:52,2015,2016
2015-16,202326,DeMarcus Cousins,DeMarcus,1610612758,SAC,Sacramento Kings,21500303,2015-12-06T00:00:00,SAC @ OKC,L,36.5,4.0,4.0,0.0,4.0,9.0,21.0,8.0,38.0,1.0,5.0,2.0,8.0,36.0,1,13074,13074,13074,2426,2460,1596,9917,8599,15771,25962,17194,1422,2692,26042,11390,254,3463,1.0,36:27,2015,2016
2015-16,201939,Stephen Curry,Stephen,1610612744,GSW,Golden State Warriors,21500300,2015-12-06T00:00:00,GSW @ BKN,W,32.2,7.0,0.0,7.0,10.0,10.0,2.0,7.0,34.0,0.0,0.0,2.0,3.0,36.0,1,1,1,1,5692,548,10158,454,1840,17370,3734,15538,2701,8004,1,11390,4736,3463,1.0,32:14,2015,2016
2015-16,203078,Bradley Beal,Bradley,1610612764,WAS,Washington Wizards,21500302,2015-12-06T00:00:00,WAS vs. DAL,L,40.7,5.0,3.0,2.0,4.0,8.0,12.0,6.0,26.0,0.0,1.0,3.0,4.0,29.5,1,13074,13074,13074,566,1603,3104,4675,8599,13914,22832,13388,7214,8004,17214,17641,2748,6103,1.0,40:40,2015,2016
2015-16,201586,Serge Ibaka,Serge,1610612760,OKC,Oklahoma City Thunder,21500303,2015-12-06T00:00:00,OKC vs. SAC,W,19.4,6.0,8.0,0.0,8.0,4.0,9.0,6.0,10.0,3.0,0.0,5.0,0.0,29.4,1,1,1,1,16387,878,137,9917,3109,6141,19144,13388,20209,347,1,24686,18762,6143,1.0,19:24,2015,2016
2015-16,202691,Klay Thompson,Klay,1610612744,GSW,Golden State Warriors,21500300,2015-12-06T00:00:00,GSW @ BKN,W,32.2,0.0,0.0,5.0,10.0,10.0,5.0,7.0,38.0,2.0,0.0,1.0,1.0,37.1,1,1,1,1,5730,12059,10158,1277,1840,17370,11469,15538,1422,932,1,4972,12373,3151,1.0,32:11,2015,2016
2015-16,202711,Bojan Bogdanović,Bojan,1610612751,BKN,Brooklyn Nets,21500300,2015-12-06T00:00:00,BKN vs. GSW,L,20.1,0.0,0.0,0.0,2.0,8.0,2.0,14.0,22.0,0.0,2.0,1.0,1.0,14.3,1,13074,13074,13074,15797,12059,10158,9917,12984,13914,3734,23710,10265,8004,23588,4972,12373,15948,1.0,20:08,2015,2016
2015-16,201229,Anthony Tolliver,Anthony,1610612765,DET,Detroit Pistons,21500301,2015-12-06T00:00:00,DET vs. LAL,W,33.7,5.0,2.0,0.0,2.0,7.0,6.0,10.0,28.0,0.0,1.0,4.0,2.0,25.6,1,1,1,1,4629,1603,4731,9917,12984,12242,13237,20169,5824,8004,17214,22104,7786,8157,1.0,33:39,2015,2016
2015-16,101127,Jarrett Jack,Jarrett,1610612751,BKN,Brooklyn Nets,21500300,2015-12-06T00:00:00,BKN vs. GSW,L,37.4,0.0,0.0,1.0,4.0,15.0,4.0,17.0,44.0,0.0,1.0,2.0,2.0,23.3,1,13074,13074,13074,1844,12059,10158,9347,8599,23079,8458,24967,454,8004,17214,11390,7786,9567,1.0,37:23,2015,2016
2015-16,101114,Deron Williams,Deron,1610612742,DAL,Dallas Mavericks,21500302,2015-12-06T00:00:00,DAL @ WAS,W,38.9,0.0,0.0,2.0,2.0,14.0,14.0,17.0,36.0,0.0,0.0,2.0,5.0,34.9,1,1,1,1,1109,12059,10158,4675,12984,22292,24300,24967,1943,8004,1,11390,1539,3845,1.0,38:54,2015,2016
2015-16,2585,Zaza Pachulia,Zaza,1610612742,DAL,Dallas Mavericks,21500302,2015-12-06T00:00:00,DAL @ WAS,W,24.5,3.0,1.0,2.0,4.0,14.0,9.0,15.0,28.0,0.0,0.0,1.0,5.0,18.9,1,1,1,1,12138,4307,9709,4675,8599,22292,19144,24242,5824,8004,1,4972,1539,12513,1.0,24:29,2015,2016
2015-16,201572,Brook Lopez,Brook,1610612751,BKN,Brooklyn Nets,21500300,2015-12-06T00:00:00,BKN vs. GSW,L,27.7,2.0,0.0,0.0,10.0,6.0,9.0,15.0,26.0,1.0,1.0,3.0,3.0,35.1,1,13074,13074,13074,9430,6026,10158,9917,1840,10028,19144,24242,7214,2692,17214,17641,4736,3777,1.0,27:44,2015,2016
2015-16,201596,Mario Chalmers,Mario,1610612763,MEM,Memphis Grizzlies,21500299,2015-12-06T00:00:00,MEM vs. PHX,W,21.1,0.0,3.0,2.0,4.0,9.0,2.0,11.0,12.0,0.0,0.0,2.0,4.0,25.8,1,1,1,1,14945,12059,3104,4675,8599,15771,3734,21342,18637,8004,1,11390,2748,8022,1.0,21:08,2015,2016
2015-16,2733,Shaun Livingston,Shaun,1610612744,GSW,Golden State Warriors,21500300,2015-12-06T00:00:00,GSW @ BKN,W,19.9,0.0,0.0,0.0,2.0,8.0,5.0,7.0,20.0,0.0,0.0,1.0,0.0,14.4,1,1,1,1,16019,12059,10158,9917,12984,13914,11469,15538,11929,8004,1,4972,18762,15857,1.0,19:52,2015,2016
2015-16,977,Kobe Bryant,Kobe,1610612747,LAL,Los Angeles Lakers,21500301,2015-12-06T00:00:00,LAL @ DET,L,25.6,2.0,0.0,2.0,2.0,18.0,14.0,13.0,40.0,0.0,0.0,2.0,1.0,10.1,1,13074,13074,13074,11225,6026,10158,4675,12984,24749,24300,23048,983,8004,1,11390,12373,19105,1.0,25:35,2015,2016
2015-16,203499,Shane Larkin,Shane,1610612751,BKN,Brooklyn Nets,21500300,2015-12-06T00:00:00,BKN vs. GSW,L,27.8,4.0,2.0,2.0,6.0,10.0,8.0,15.0,30.0,0.0,1.0,2.0,5.0,35.2,1,13074,13074,13074,9404,2460,4731,4675,5299,17370,17345,24242,4541,8004,17214,11390,1539,3745,1.0,27:46,2015,2016
2015-16,1717,Dirk Nowitzki,Dirk,1610612742,DAL,Dallas Mavericks,21500302,2015-12-06T00:00:00,DAL @ WAS,W,28.2,0.0,2.0,0.0,2.0,14.0,5.0,9.0,20.0,1.0,0.0,0.0,5.0,34.2,1,1,1,1,9088,12059,4731,9917,12984,22292,11469,18829,11929,2692,1,1,1539,4092,1.0,28:11,2015,2016
2015-16,202720,Jon Leuer,Jon,1610612756,PHX,Phoenix Suns,21500299,2015-12-06T00:00:00,PHX @ MEM,L,40.7,0.0,0.0,0.0,4.0,15.0,15.0,9.0,42.0,3.0,3.0,4.0,4.0,35.2,1,13074,13074,13074,553,12059,10158,9917,8599,23079,24781,18829,670,347,25441,22104,2748,3745,1.0,40:42,2015,2016
2015-16,200797,Ryan Hollins,Ryan,1610612764,WAS,Washington Wizards,21500302,2015-12-06T00:00:00,WAS vs. DAL,L,4.6,0.0,0.0,0.0,0.0,0.0,0.0,0.0,0.0,0.0,1.0,0.0,0.0,1.2,1,13074,13074,13074,24519,12059,10158,9917,18861,1,1,1,25429,8004,17214,1,18762,24661,1.0,4:34,2015,2016
2015-16,203098,John Jenkins,John,1610612742,DAL,Dallas Mavericks,21500302,2015-12-06T00:00:00,DAL @ WAS,W,20.0,2.0,0.0,0.0,0.0,6.0,5.0,7.0,14.0,0.0,0.0,3.0,0.0,6.2,1,1,1,1,15922,6026,10158,9917,18861,10028,11469,15538,17019,8004,1,17641,18762,21696,1.0,19:59,2015,2016
2015-16,1897,Metta World Peace,Metta,1610612747,LAL,Los Angeles Lakers,21500301,2015-12-06T00:00:00,LAL @ DET,L,13.8,0.0,0.0,0.0,0.0,2.0,7.0,2.0,8.0,2.0,0.0,3.0,0.0,6.2,1,13074,13074,13074,20523,12059,10158,9917,18861,2619,15642,4025,21543,932,1,17641,18762,21696,1.0,13:48,2015,2016
2015-16,1626199,Darrun Hilliard,Darrun,1610612765,DET,Detroit Pistons,21500301,2015-12-06T00:00:00,DET vs. LAL,W,6.7,0.0,3.0,0.0,0.0,3.0,0.0,2.0,6.0,0.0,0.0,2.0,1.0,6.2,1,1,1,1,23681,12059,3104,9917,18861,5109,1,4025,22724,8004,1,11390,12373,21696,1.0,6:42,2015,2016
2015-16,202713,Kyle Singler,Kyle,1610612760,OKC,Oklahoma City Thunder,21500303,2015-12-06T00:00:00,OKC vs. SAC,W,13.8,0.0,2.0,0.0,2.0,6.0,3.0,2.0,12.0,0.0,1.0,4.0,1.0,10.6,1,1,1,1,20547,12059,4731,9917,12984,10028,7138,4025,18637,8004,17214,22104,12373,18723,1.0,13:46,2015,2016
2015-16,2754,Tony Allen,Tony,1610612763,MEM,Memphis Grizzlies,21500299,2015-12-06T00:00:00,MEM vs. PHX,W,8.0,0.0,0.0,0.0,0.0,8.0,7.0,2.0,10.0,0.0,0.0,0.0,0.0,2.0,1,1,1,1,23183,12059,10158,9917,18861,13914,15642,4025,20209,8004,1,1,18762,24216,1.0,8:00,2015,2016
2015-16,1626166,Cameron Payne,Cameron,1610612760,OKC,Oklahoma City Thunder,21500303,2015-12-06T00:00:00,OKC vs. SAC,W,4.5,0.0,0.0,0.0,0.0,0.0,2.0,2.0,4.0,0.0,0.0,0.0,0.0,5.6,1,1,1,1,24553,12059,10158,9917,18861,1,3734,4025,23698,8004,1,1,18762,22133,1.0,4:29,2015,2016
2015-16,203210,JaMychal Green,JaMychal,1610612763,MEM,Memphis Grizzlies,21500299,2015-12-06T00:00:00,MEM vs. PHX,W,17.9,0.0,2.0,0.0,4.0,2.0,2.0,2.0,8.0,0.0,0.0,1.0,4.0,18.3,1,1,1,1,17579,12059,4731,9917,8599,2619,3734,4025,21543,8004,1,4972,2748,12952,1.0,17:55,2015,2016
2015-16,201578,Marreese Speights,Marreese,1610612744,GSW,Golden State Warriors,21500300,2015-12-06T00:00:00,GSW @ BKN,W,12.6,0.0,0.0,3.0,2.0,0.0,2.0,0.0,6.0,0.0,0.0,3.0,1.0,8.4,1,1,1,1,21233,12059,10158,3302,12984,1,3734,1,22724,8004,1,17641,12373,20273,1.0,12:34,2015,2016
2015-16,201579,Roy Hibbert,Roy,1610612747,LAL,Los Angeles Lakers,21500301,2015-12-06T00:00:00,LAL @ DET,L,24.8,2.0,4.0,0.0,4.0,15.0,19.0,11.0,36.0,1.0,0.0,2.0,3.0,18.0,1,13074,13074,13074,11878,6026,1596,9917,8599,23079,25786,21342,1943,2692,1,11390,4736,13164,1.0,24:45,2015,2016
2015-16,203135,Robert Sacre,Robert,1610612747,LAL,Los Angeles Lakers,21500301,2015-12-06T00:00:00,LAL @ DET,L,12.0,0.0,0.0,2.0,2.0,0.0,5.0,0.0,4.0,1.0,0.0,2.0,0.0,13.1,1,13074,13074,13074,21529,12059,10158,4675,12984,1,11469,1,23698,2692,1,11390,18762,16874,1.0,12:00,2015,2016
2015-16,201196,Ramon Sessions,Ramon,1610612764,WAS,Washington Wizards,21500302,2015-12-06T00:00:00,WAS vs. DAL,L,24.1,2.0,0.0,3.0,2.0,2.0,9.0,0.0,12.0,0.0,0.0,3.0,3.0,16.2,1,13074,13074,13074,12442,6026,10158,3302,12984,2619,19144,1,18637,8004,1,17641,4736,14436,1.0,24:07,2015,2016
2015-16,202694,Marcus Morris Sr.,Marcus,1610612765,DET,Detroit Pistons,21500301,2015-12-06T00:00:00,DET vs. LAL,W,30.5,3.0,0.0,3.0,4.0,10.0,6.0,16.0,30.0,0.0,0.0,2.0,2.0,16.1,1,1,1,1,7105,4307,10158,3302,8599,17370,13237,24641,4541,8004,1,11390,7786,14515,1.0,30:30,2015,2016
2015-16,2571,Leandro Barbosa,Leandro,1610612744,GSW,Golden State Warriors,21500300,2015-12-06T00:00:00,GSW @ BKN,W,14.7,2.0,6.0,0.0,2.0,8.0,2.0,5.0,14.0,1.0,0.0,1.0,2.0,21.1,1,1,1,1,19960,6026,481,9917,12984,13914,3734,11593,17019,2692,1,4972,7786,11012,1.0,14:42,2015,2016
2015-16,203079,Dion Waiters,Dion,1610612760,OKC,Oklahoma City Thunder,21500303,2015-12-06T00:00:00,OKC vs. SAC,W,26.8,0.0,0.0,2.0,0.0,10.0,14.0,4.0,28.0,0.0,0.0,1.0,2.0,13.2,1,1,1,1,10204,12059,10158,4675,18861,17370,24300,8806,5824,8004,1,4972,7786,16768,1.0,26:47,2015,2016
2015-16,203527,Ryan Kelly,Ryan,1610612747,LAL,Los Angeles Lakers,21500301,2015-12-06T00:00:00,LAL @ DET,L,12.0,0.0,0.0,2.0,2.0,0.0,5.0,0.0,4.0,0.0,0.0,0.0,2.0,12.8,1,13074,13074,13074,21529,12059,10158,4675,12984,1,11469,1,23698,8004,1,1,7786,17129,1.0,12:00,2015,2016
2015-16,202066,Garrett Temple,Garrett,1610612764,WAS,Washington Wizards,21500302,2015-12-06T00:00:00,WAS vs. DAL,L,12.9,0.0,0.0,0.0,0.0,0.0,5.0,0.0,8.0,0.0,0.0,4.0,0.0,2.7,1,13074,13074,13074,21033,12059,10158,9917,18861,1,11469,1,21543,8004,1,22104,18762,23884,1.0,12:54,2015,2016
2015-16,101106,Andrew Bogut,Andrew,1610612744,GSW,Golden State Warriors,21500300,2015-12-06T00:00:00,GSW @ BKN,W,15.9,0.0,0.0,0.0,0.0,2.0,2.0,0.0,16.0,2.0,0.0,2.0,1.0,12.8,1,1,1,1,19139,12059,10158,9917,18861,2619,3734,1,15259,932,1,11390,12373,17129,1.0,15:52,2015,2016
2015-16,201162,Jared Dudley,Jared,1610612764,WAS,Washington Wizards,21500302,2015-12-06T00:00:00,WAS vs. DAL,L,33.8,0.0,0.0,0.0,2.0,8.0,4.0,4.0,20.0,0.0,0.0,3.0,1.0,16.1,1,13074,13074,13074,4501,12059,10158,9917,12984,13914,8458,8806,11929,8004,1,17641,12373,14515,1.0,33:49,2015,2016
2015-16,202379,Jeremy Evans,Jeremy,1610612742,DAL,Dallas Mavericks,21500302,2015-12-06T00:00:00,DAL @ WAS,W,20.5,0.0,3.0,0.0,2.0,6.0,5.0,7.0,14.0,1.0,0.0,0.0,1.0,18.4,1,1,1,1,15526,12059,3104,9917,12984,10028,11469,15538,17019,2692,1,1,12373,12854,1.0,20:27,2015,2016
2015-16,203382,Aron Baynes,Aron,1610612765,DET,Detroit Pistons,21500301,2015-12-06T00:00:00,DET vs. LAL,W,21.4,0.0,0.0,0.0,2.0,7.0,4.0,8.0,22.0,0.0,2.0,2.0,3.0,12.6,1,1,1,1,14735,12059,10158,9917,12984,12242,8458,17194,10265,8004,23588,11390,4736,17277,1.0,21:21,2015,2016
2015-16,1626204,Larry Nance Jr.,Larry,1610612747,LAL,Los Angeles Lakers,21500301,2015-12-06T00:00:00,LAL @ DET,L,12.8,2.0,0.0,2.0,0.0,6.0,6.0,4.0,20.0,0.0,0.0,0.0,0.0,2.2,1,13074,13074,13074,21083,6026,10158,4675,18861,10028,13237,8806,11929,8004,1,1,18762,24138,1.0,12:48,2015,2016
2015-16,1626169,Stanley Johnson,Stanley,1610612765,DET,Detroit Pistons,21500301,2015-12-06T00:00:00,DET vs. LAL,W,27.2,2.0,0.0,2.0,4.0,7.0,4.0,6.0,22.0,0.0,0.0,1.0,1.0,18.2,1,1,1,1,9836,6026,10158,4675,8599,12242,8458,13388,10265,8004,1,4972,12373,13004,1.0,27:13,2015,2016
2015-16,203463,Ben McLemore,Ben,1610612758,SAC,Sacramento Kings,21500303,2015-12-06T00:00:00,SAC @ OKC,L,19.8,0.0,0.0,2.0,2.0,9.0,15.0,1.0,26.0,0.0,0.0,2.0,0.0,2.2,1,13074,13074,13074,16079,12059,10158,4675,12984,15771,24781,3646,7214,8004,1,11390,18762,24138,1.0,19:48,2015,2016
2015-16,201956,Omri Casspi,Omri,1610612758,SAC,Sacramento Kings,21500303,2015-12-06T00:00:00,SAC @ OKC,L,27.5,2.0,0.0,2.0,4.0,7.0,10.0,5.0,34.0,1.0,0.0,3.0,2.0,17.8,1,13074,13074,13074,9594,6026,10158,4675,8599,12242,20509,11593,2701,2692,1,17641,7786,13309,1.0,27:31,2015,2016
2015-16,201961,Wayne Ellington,Wayne,1610612751,BKN,Brooklyn Nets,21500300,2015-12-06T00:00:00,BKN vs. GSW,L,7.7,0.0,0.0,0.0,0.0,5.0,0.0,5.0,6.0,0.0,1.0,0.0,0.0,3.0,1,13074,13074,13074,23307,12059,10158,9917,18861,8403,1,11593,22724,8004,17214,1,18762,23648,1.0,7:43,2015,2016
2015-16,1626156,D'Angelo Russell,D'Angelo,1610612747,LAL,Los Angeles Lakers,21500301,2015-12-06T00:00:00,LAL @ DET,L,22.1,2.0,2.0,6.0,8.0,17.0,12.0,12.0,30.0,0.0,0.0,3.0,3.0,20.9,1,13074,13074,13074,14074,6026,4731,740,3109,24337,22832,22259,4541,8004,1,17641,4736,11132,1.0,22:07,2015,2016
2015-16,202388,Donald Sloan,Donald,1610612751,BKN,Brooklyn Nets,21500300,2015-12-06T00:00:00,BKN vs. GSW,L,4.2,0.0,0.0,0.0,2.0,0.0,0.0,0.0,0.0,0.0,0.0,0.0,0.0,5.0,1,13074,13074,13074,24657,12059,10158,9917,12984,1,1,1,25429,8004,1,1,18762,22500,1.0,4:09,2015,2016
2015-16,201627,Anthony Morrow,Anthony,1610612760,OKC,Oklahoma City Thunder,21500303,2015-12-06T00:00:00,OKC vs. SAC,W,10.5,0.0,3.0,2.0,2.0,8.0,5.0,6.0,12.0,0.0,0.0,0.0,2.0,9.0,1,1,1,1,22224,12059,3104,4675,12984,13914,11469,13388,18637,8004,1,1,7786,19835,1.0,10:31,2015,2016
2015-16,203186,Willie Reed,Willie,1610612751,BKN,Brooklyn Nets,21500300,2015-12-06T00:00:00,BKN vs. GSW,L,9.8,2.0,0.0,2.0,4.0,2.0,0.0,5.0,12.0,1.0,0.0,2.0,3.0,9.6,1,13074,13074,13074,22527,6026,10158,4675,8599,2619,1,11593,18637,2692,1,11390,4736,19434,1.0,9:48,2015,2016
2015-16,101141,Ersan Ilyasova,Ersan,1610612765,DET,Detroit Pistons,21500301,2015-12-06T00:00:00,DET vs. LAL,W,12.6,0.0,2.0,0.0,2.0,9.0,4.0,8.0,16.0,0.0,0.0,4.0,0.0,5.2,1,1,1,1,21207,12059,4731,9917,12984,15771,8458,17194,15259,8004,1,22104,18762,22370,1.0,12:36,2015,2016
2015-16,201202,Joel Anthony,Joel,1610612765,DET,Detroit Pistons,21500301,2015-12-06T00:00:00,DET vs. LAL,W,2.5,0.0,0.0,0.0,0.0,0.0,0.0,0.0,0.0,1.0,0.0,0.0,0.0,4.2,1,1,1,1,25345,12059,10158,9917,18861,1,1,1,25429,2692,1,1,18762,22976,1.0,2:28,2015,2016
2015-16,203080,Thomas Robinson,Thomas,1610612751,BKN,Brooklyn Nets,21500300,2015-12-06T00:00:00,BKN vs. GSW,L,7.7,0.0,1.0,0.0,0.0,5.0,0.0,5.0,6.0,0.0,0.0,2.0,1.0,3.6,1,13074,13074,13074,23307,12059,9709,9917,18861,8403,1,11593,22724,8004,1,11390,12373,23310,1.0,7:43,2015,2016
2015-16,1626147,Justin Anderson,Justin,1610612742,DAL,Dallas Mavericks,21500302,2015-12-06T00:00:00,DAL @ WAS,W,5.1,0.0,0.0,0.0,0.0,5.0,0.0,5.0,4.0,0.0,0.0,2.0,0.0,0.2,1,1,1,1,24326,12059,10158,9917,18861,8403,1,11593,23698,8004,1,11390,18762,25103,1.0,5:06,2015,2016
2015-16,201156,Nick Young,Nick,1610612747,LAL,Los Angeles Lakers,21500301,2015-12-06T00:00:00,LAL @ DET,L,7.4,0.0,0.0,0.0,0.0,2.0,5.0,3.0,4.0,0.0,0.0,2.0,1.0,0.0,1,13074,13074,13074,23415,12059,10158,9917,18861,2619,11469,7328,23698,8004,1,11390,12373,25170,1.0,7:25,2015,2016
2015-16,203493,Reggie Bullock Jr.,Reggie,1610612765,DET,Detroit Pistons,21500301,2015-12-06T00:00:00,DET vs. LAL,W,2.5,0.0,0.0,0.0,0.0,0.0,0.0,0.0,0.0,0.0,0.0,0.0,1.0,3.2,1,1,1,1,25345,12059,10158,9917,18861,1,1,1,25429,8004,1,1,12373,23473,1.0,2:28,2015,2016
2015-16,201971,DeJuan Blair,DeJuan,1610612764,WAS,Washington Wizards,21500302,2015-12-06T00:00:00,WAS vs. DAL,L,12.2,0.0,0.0,3.0,6.0,6.0,3.0,4.0,12.0,0.0,0.0,4.0,2.0,9.4,1,13074,13074,13074,21418,12059,10158,3302,5299,10028,7138,8806,18637,8004,1,22104,7786,19568,1.0,12:14,2015,2016
2015-16,101179,Ronnie Price,Ronnie,1610612756,PHX,Phoenix Suns,21500299,2015-12-06T00:00:00,PHX @ MEM,L,8.7,0.0,0.0,0.0,0.0,0.0,2.0,3.0,4.0,0.0,0.0,3.0,1.0,8.7,1,13074,13074,13074,22958,12059,10158,9917,18861,1,3734,7328,23698,8004,1,17641,12373,20045,1.0,8:42,2015,2016
2015-16,1713,Vince Carter,Vince,1610612763,MEM,Memphis Grizzlies,21500299,2015-12-06T00:00:00,MEM vs. PHX,W,4.8,0.0,0.0,0.0,0.0,7.0,0.0,9.0,4.0,0.0,0.0,0.0,1.0,0.0,1,1,1,1,24418,12059,10158,9917,18861,12242,1,18829,23698,8004,1,1,12373,25170,1.0,4:50,2015,2016
2015-16,1626162,Kelly Oubre Jr.,Kelly,1610612764,WAS,Washington Wizards,21500302,2015-12-06T00:00:00,WAS vs. DAL,L,1.3,0.0,0.0,0.0,0.0,0.0,0.0,0.0,0.0,0.0,0.0,0.0,0.0,0.0,1,13074,13074,13074,25767,12059,10158,9917,18861,1,1,1,25429,8004,1,1,18762,25170,1.0,1:18,2015,2016
2015-16,203933,T.J. Warren,T.J.,1610612756,PHX,Phoenix Suns,21500299,2015-12-06T00:00:00,PHX @ MEM,L,13.8,2.0,2.0,2.0,2.0,6.0,8.0,6.0,14.0,0.0,0.0,3.0,1.0,7.0,1,13074,13074,13074,20533,6026,4731,4675,12984,10028,17345,13388,17019,8004,1,17641,12373,21188,1.0,13:47,2015,2016
2015-16,203915,Spencer Dinwiddie,Spencer,1610612765,DET,Detroit Pistons,21500301,2015-12-06T00:00:00,DET vs. LAL,W,4.7,0.0,0.0,0.0,0.0,0.0,0.0,0.0,2.0,0.0,0.0,0.0,0.0,3.2,1,1,1,1,24460,12059,10158,9917,18861,1,1,1,24614,8004,1,1,18762,23473,1.0,4:43,2015,2016
2015-16,2440,Matt Barnes,Matt,1610612763,MEM,Memphis Grizzlies,21500299,2015-12-06T00:00:00,MEM vs. PHX,W,26.1,1.0,2.0,1.0,2.0,9.0,2.0,15.0,14.0,1.0,0.0,5.0,2.0,21.7,1,1,1,1,10769,11535,4731,9347,12984,15771,3734,24242,17019,2692,1,24686,7786,10592,1.0,26:06,2015,2016
2015-16,203949,James Michael McAdoo,James Michael,1610612744,GSW,Golden State Warriors,21500300,2015-12-06T00:00:00,GSW @ BKN,W,2.2,0.0,0.0,0.0,0.0,2.0,0.0,0.0,4.0,0.0,0.0,0.0,0.0,0.0,1,1,1,1,25453,12059,10158,9917,18861,2619,1,1,23698,8004,1,1,18762,25170,1.0,2:11,2015,2016
2015-16,203928,Cory Jefferson,Cory,1610612756,PHX,Phoenix Suns,21500299,2015-12-06T00:00:00,PHX @ MEM,L,0.0,0.0,0.0,0.0,0.0,2.0,0.0,0.0,2.0,0.0,0.0,0.0,0.0,0.0,1,13074,13074,13074,26073,12059,10158,9917,18861,2619,1,1,24614,8004,1,1,18762,25170,1.0,0:00,2015,2016
2015-16,203546,Ian Clark,Ian,1610612744,GSW,Golden State Warriors,21500300,2015-12-06T00:00:00,GSW @ BKN,W,8.6,0.0,0.0,0.0,0.0,6.0,0.0,4.0,18.0,0.0,1.0,2.0,0.0,-1.0,1,1,1,1,23001,12059,10158,9917,18861,10028,1,8806,13577,8004,17214,11390,18762,25932,1.0,8:35,2015,2016
2015-16,2734,Devin Harris,Devin,1610612742,DAL,Dallas Mavericks,21500302,2015-12-06T00:00:00,DAL @ WAS,W,9.0,0.0,0.0,2.0,6.0,5.0,0.0,8.0,8.0,0.0,0.0,1.0,2.0,7.2,1,1,1,1,22857,12059,10158,4675,5299,8403,1,17194,21543,8004,1,4972,7786,21035,1.0,8:57,2015,2016
2015-16,1626164,Devin Booker,Devin,1610612756,PHX,Phoenix Suns,21500299,2015-12-06T00:00:00,PHX @ MEM,L,15.4,3.0,0.0,5.0,0.0,8.0,5.0,8.0,16.0,0.0,1.0,2.0,0.0,8.9,1,13074,13074,13074,19497,4307,10158,1277,18861,13914,11469,17194,15259,8004,17214,11390,18762,19914,1.0,15:22,2015,2016
2015-16,201574,Jason Thompson,Jason,1610612744,GSW,Golden State Warriors,21500300,2015-12-06T00:00:00,GSW @ BKN,W,2.2,0.0,0.0,0.0,0.0,2.0,0.0,0.0,4.0,0.0,0.0,0.0,0.0,3.2,1,1,1,1,25453,12059,10158,9917,18861,2619,1,1,23698,8004,1,1,18762,23473,1.0,2:11,2015,2016
2015-16,202341,James Anderson,James,1610612758,SAC,Sacramento Kings,21500303,2015-12-06T00:00:00,SAC @ OKC,L,10.2,0.0,0.0,0.0,0.0,2.0,2.0,4.0,8.0,0.0,0.0,2.0,0.0,0.2,1,13074,13074,13074,22370,12059,10158,9917,18861,2619,3734,8806,21543,8004,1,11390,18762,25103,1.0,10:09,2015,2016
2015-16,201571,D.J. Augustin,D.J.,1610612760,OKC,Oklahoma City Thunder,21500303,2015-12-06T00:00:00,OKC vs. SAC,W,10.1,0.0,0.0,0.0,0.0,4.0,5.0,2.0,10.0,0.0,0.0,1.0,0.0,-1.0,1,1,1,1,22382,12059,10158,9917,18861,6141,11469,4025,20209,8004,1,4972,18762,25932,1.0,10:08,2015,2016
2015-16,201575,Brandon Rush,Brandon,1610612744,GSW,Golden State Warriors,21500300,2015-12-06T00:00:00,GSW @ BKN,W,21.1,0.0,0.0,0.0,0.0,10.0,2.0,6.0,40.0,0.0,0.0,1.0,0.0,9.6,1,1,1,1,14970,12059,10158,9917,18861,17370,3734,13388,983,8004,1,4972,18762,19434,1.0,21:07,2015,2016
2015-16,2617,Udonis Haslem,Udonis,1610612748,MIA,Miami Heat,21500291,2015-12-05T00:00:00,MIA vs. CLE,W,20.0,0.0,0.0,0.0,0.0,10.0,15.0,3.0,14.0,0.0,0.0,1.0,0.0,6.5,1,1,1,1,15952,12059,10158,9917,18861,17370,24781,7328,17019,8004,1,4972,18762,21519,1.0,19:57,2015,2016
2015-16,1626173,Rashad Vaughn,Rashad,1610612749,MIL,Milwaukee Bucks,21500295,2015-12-05T00:00:00,MIL vs. NYK,W,4.0,0.0,0.0,0.0,0.0,2.0,0.0,0.0,4.0,0.0,0.0,1.0,0.0,0.0,1,1,1,1,24723,12059,10158,9917,18861,2619,1,1,23698,8004,1,4972,18762,25170,1.0,3:58,2015,2016
2015-16,202357,Nemanja Bjelica,Nemanja,1610612750,MIN,Minnesota Timberwolves,21500294,2015-12-05T00:00:00,MIN vs. POR,L,13.4,0.0,0.0,0.0,2.0,7.0,0.0,0.0,10.0,0.0,0.0,0.0,1.0,7.0,1,13074,13074,13074,20740,12059,10158,9917,12984,12242,1,1,20209,8004,1,1,12373,21188,1.0,13:25,2015,2016
2015-16,203090,Maurice Harkless,Maurice,1610612757,POR,Portland Trail Blazers,21500294,2015-12-05T00:00:00,POR @ MIN,W,10.2,0.0,1.0,0.0,0.0,4.0,4.0,6.0,12.0,0.0,0.0,0.0,3.0,4.6,1,1,1,1,22353,12059,9709,9917,18861,6141,8458,13388,18637,8004,1,1,4736,22734,1.0,10:11,2015,2016
2015-16,201578,Marreese Speights,Marreese,1610612744,GSW,Golden State Warriors,21500290,2015-12-05T00:00:00,GSW @ TOR,W,11.9,0.0,0.0,0.0,0.0,7.0,13.0,3.0,16.0,1.0,0.0,2.0,2.0,9.4,1,1,1,1,21628,12059,10158,9917,18861,12242,23668,7328,15259,2692,1,11390,7786,19568,1.0,11:55,2015,2016
2015-16,201951,Ty Lawson,Ty,1610612745,HOU,Houston Rockets,21500293,2015-12-05T00:00:00,HOU vs. SAC,W,12.4,0.0,0.0,0.0,0.0,6.0,6.0,4.0,12.0,0.0,0.0,1.0,1.0,7.0,1,1,1,1,21341,12059,10158,9917,18861,10028,13237,8806,18637,8004,1,4972,12373,21188,1.0,12:24,2015,2016
2015-16,1626154,RJ Hunter,RJ,1610612738,BOS,Boston Celtics,21500296,2015-12-05T00:00:00,BOS @ SAS,L,13.9,3.0,3.0,0.0,0.0,4.0,4.0,0.0,12.0,0.0,0.0,0.0,1.0,9.5,1,13074,13074,13074,20480,4307,3104,9917,18861,6141,8458,1,18637,8004,1,1,12373,19519,1.0,13:53,2015,2016
2015-16,203937,Kyle Anderson,Kyle,1610612759,SAS,San Antonio Spurs,21500296,2015-12-05T00:00:00,SAS vs. BOS,W,8.1,2.0,0.0,0.0,2.0,2.0,3.0,5.0,2.0,0.0,0.0,1.0,0.0,9.4,1,1,1,1,23143,6026,10158,9917,12984,2619,7138,11593,24614,8004,1,4972,18762,19568,1.0,8:07,2015,2016
2015-16,203960,JaKarr Sampson,JaKarr,1610612755,PHI,Philadelphia 76ers,21500289,2015-12-05T00:00:00,PHI vs. DEN,L,17.4,1.0,5.0,1.0,4.0,10.0,7.0,6.0,20.0,0.0,1.0,3.0,4.0,21.7,1,13074,13074,13074,17975,11535,995,9347,8599,17370,15642,13388,11929,8004,17214,17641,2748,10592,1.0,17:23,2015,2016
2015-16,1626196,Josh Richardson,Josh,1610612748,MIA,Miami Heat,21500291,2015-12-05T00:00:00,MIA vs. CLE,W,7.6,0.0,0.0,0.0,0.0,6.0,10.0,3.0,2.0,0.0,0.0,2.0,1.0,0.2,1,1,1,1,23370,12059,10158,9917,18861,10028,20509,7328,24614,8004,1,11390,12373,25103,1.0,7:34,2015,2016
2015-16,203498,Shabazz Muhammad,Shabazz,1610612750,MIN,Minnesota Timberwolves,21500294,2015-12-05T00:00:00,MIN vs. POR,L,11.4,2.0,0.0,2.0,2.0,7.0,1.0,0.0,6.0,0.0,0.0,1.0,2.0,7.2,1,13074,13074,13074,21887,6026,10158,4675,12984,12242,3393,1,22724,8004,1,4972,7786,21035,1.0,11:21,2015,2016
2015-16,203096,Jared Sullinger,Jared,1610612738,BOS,Boston Celtics,21500296,2015-12-05T00:00:00,BOS @ SAS,L,26.7,0.0,2.0,0.0,2.0,8.0,3.0,3.0,26.0,1.0,0.0,2.0,3.0,21.6,1,13074,13074,13074,10249,12059,4731,9917,12984,13914,7138,7328,7214,2692,1,11390,4736,10666,1.0,26:45,2015,2016
2015-16,201619,Sasha Kaun,Sasha,1610612739,CLE,Cleveland Cavaliers,21500291,2015-12-05T00:00:00,CLE @ MIA,L,8.5,2.0,0.0,2.0,2.0,2.0,0.0,0.0,4.0,0.0,1.0,1.0,1.0,6.6,1,13074,13074,13074,23037,6026,10158,4675,12984,2619,1,1,23698,8004,17214,4972,12373,21445,1.0,8:27,2015,2016
2015-16,204060,Joe Ingles,Joe,1610612762,UTA,Utah Jazz,21500297,2015-12-05T00:00:00,UTA vs. IND,W,2.5,0.0,0.0,0.0,0.0,0.0,0.0,3.0,6.0,0.0,0.0,0.0,0.0,0.0,1,1,1,1,25320,12059,10158,9917,18861,1,1,7328,22724,8004,1,1,18762,25170,1.0,2:30,2015,2016
2015-16,204025,Tim Frazier,Tim,1610612757,POR,Portland Trail Blazers,21500294,2015-12-05T00:00:00,POR @ MIN,W,0.1,0.0,0.0,0.0,0.0,0.0,0.0,0.0,2.0,0.0,0.0,0.0,0.0,0.0,1,1,1,1,26036,12059,10158,9917,18861,1,1,1,24614,8004,1,1,18762,25170,1.0,0:08,2015,2016
2015-16,203112,Quincy Acy,Quincy,1610612758,SAC,Sacramento Kings,21500293,2015-12-05T00:00:00,SAC @ HOU,L,3.7,2.0,0.0,2.0,2.0,5.0,7.0,0.0,4.0,0.0,0.0,2.0,0.0,3.2,1,13074,13074,13074,24841,6026,10158,4675,12984,8403,15642,1,23698,8004,1,11390,18762,23473,1.0,3:42,2015,2016
2015-16,101112,Channing Frye,Channing,1610612753,ORL,Orlando Magic,21500298,2015-12-05T00:00:00,ORL @ LAC,L,17.3,0.0,0.0,3.0,0.0,2.0,6.0,3.0,16.0,0.0,0.0,1.0,0.0,3.2,1,13074,13074,13074,18061,12059,10158,3302,18861,2619,13237,7328,15259,8004,1,4972,18762,23473,1.0,17:17,2015,2016
2015-16,203100,Tony Wroten,Tony,1610612755,PHI,Philadelphia 76ers,21500289,2015-12-05T00:00:00,PHI vs. DEN,L,13.0,0.0,0.0,2.0,4.0,6.0,4.0,4.0,12.0,0.0,0.0,2.0,0.0,3.5,1,13074,13074,13074,20952,12059,10158,4675,8599,10028,8458,8806,18637,8004,1,11390,18762,23351,1.0,13:02,2015,2016
2015-16,202700,Donatas Motiejunas,Donatas,1610612745,HOU,Houston Rockets,21500293,2015-12-05T00:00:00,HOU vs. SAC,W,6.2,0.0,0.0,0.0,0.0,2.0,2.0,2.0,8.0,0.0,0.0,1.0,1.0,-0.8,1,1,1,1,23888,12059,10158,9917,18861,2619,3734,4025,21543,8004,1,4972,12373,25914,1.0,6:10,2015,2016
2015-16,201601,Luc Mbah a Moute,Luc,1610612746,LAC,LA Clippers,21500298,2015-12-05T00:00:00,LAC vs. ORL,W,11.0,0.0,0.0,0.0,0.0,6.0,6.0,9.0,14.0,0.0,0.0,1.0,0.0,-1.0,1,1,1,1,22025,12059,10158,9917,18861,10028,13237,18829,17019,8004,1,4972,18762,25932,1.0,11:00,2015,2016
2015-16,203092,Tyler Zeller,Tyler,1610612738,BOS,Boston Celtics,21500296,2015-12-05T00:00:00,BOS @ SAS,L,6.4,2.0,0.0,0.0,2.0,2.0,2.0,0.0,12.0,0.0,0.0,1.0,1.0,4.2,1,13074,13074,13074,23783,6026,10158,9917,12984,2619,3734,1,18637,8004,1,4972,12373,22976,1.0,6:23,2015,2016
2015-16,2571,Leandro Barbosa,Leandro,1610612744,GSW,Golden State Warriors,21500290,2015-12-05T00:00:00,GSW @ TOR,W,11.2,0.0,0.0,0.0,2.0,5.0,9.0,3.0,14.0,0.0,0.0,2.0,0.0,4.2,1,1,1,1,21945,12059,10158,9917,12984,8403,19144,7328,17019,8004,1,11390,18762,22976,1.0,11:12,2015,2016
2015-16,201158,Marco Belinelli,Marco,1610612758,SAC,Sacramento Kings,21500293,2015-12-05T00:00:00,SAC @ HOU,L,15.6,0.0,0.0,0.0,0.0,10.0,5.0,3.0,14.0,0.0,0.0,2.0,1.0,8.6,1,13074,13074,13074,19334,12059,10158,9917,18861,17370,11469,7328,17019,8004,1,11390,12373,20125,1.0,15:37,2015,2016
2015-16,2746,Josh Smith,Josh,1610612746,LAC,LA Clippers,21500298,2015-12-05T00:00:00,LAC vs. ORL,W,10.9,0.0,0.0,0.0,2.0,2.0,2.0,2.0,12.0,0.0,0.0,2.0,0.0,5.2,1,1,1,1,22069,12059,10158,9917,12984,2619,3734,4025,18637,8004,1,11390,18762,22370,1.0,10:55,2015,2016
2015-16,202687,Bismack Biyombo,Bismack,1610612761,TOR,Toronto Raptors,21500290,2015-12-05T00:00:00,TOR vs. GSW,L,14.4,0.0,0.0,0.0,0.0,5.0,3.0,10.0,8.0,0.0,0.0,4.0,1.0,5.0,1,13074,13074,13074,20171,12059,10158,9917,18861,8403,7138,20169,21543,8004,1,22104,12373,22500,1.0,14:24,2015,2016
2015-16,203894,Shabazz Napier,Shabazz,1610612753,ORL,Orlando Magic,21500298,2015-12-05T00:00:00,ORL @ LAC,L,11.2,0.0,0.0,0.0,0.0,4.0,2.0,4.0,6.0,0.0,0.0,1.0,1.0,5.0,1,13074,13074,13074,21955,12059,10158,9917,18861,6141,3734,8806,22724,8004,1,4972,12373,22500,1.0,11:10,2015,2016
2015-16,202703,Nikola Mirotic,Nikola,1610612741,CHI,Chicago Bulls,21500292,2015-12-05T00:00:00,CHI vs. CHA,L,27.1,0.0,5.0,0.0,2.0,5.0,6.0,4.0,22.0,0.0,0.0,2.0,2.0,20.4,1,13074,13074,13074,9923,12059,995,9917,12984,8403,13237,8806,10265,8004,1,11390,7786,11453,1.0,27:06,2015,2016
2015-16,202710,Jimmy Butler III,Jimmy,1610612741,CHI,Chicago Bulls,21500292,2015-12-05T00:00:00,CHI vs. CHA,L,38.1,2.0,2.0,4.0,10.0,9.0,8.0,6.0,34.0,0.0,1.0,4.0,7.0,40.6,1,13074,13074,13074,1458,6026,4731,1913,1840,15771,17345,13388,2701,8004,17214,22104,469,2230,1.0,38:07,2015,2016
2015-16,202323,Evan Turner,Evan,1610612738,BOS,Boston Celtics,21500296,2015-12-05T00:00:00,BOS @ SAS,L,30.1,1.0,2.0,1.0,6.0,8.0,7.0,0.0,28.0,0.0,1.0,2.0,1.0,27.3,1,13074,13074,13074,7421,11535,4731,9347,5299,13914,15642,1,5824,8004,17214,11390,12373,7236,1.0,30:08,2015,2016
2015-16,201177,Josh McRoberts,Josh,1610612748,MIA,Miami Heat,21500291,2015-12-05T00:00:00,MIA vs. CLE,W,19.1,0.0,2.0,0.0,4.0,6.0,10.0,0.0,20.0,0.0,0.0,1.0,3.0,15.8,1,1,1,1,16628,12059,4731,9917,8599,10028,20509,1,11929,8004,1,4972,4736,14754,1.0,19:05,2015,2016
2015-16,204038,Langston Galloway,Langston,1610612752,NYK,New York Knicks,21500295,2015-12-05T00:00:00,NYK @ MIL,L,26.9,2.0,0.0,2.0,0.0,8.0,8.0,1.0,28.0,0.0,0.0,3.0,1.0,26.2,1,13074,13074,13074,10141,6026,10158,4675,18861,13914,17345,3646,5824,8004,1,17641,12373,7785,1.0,26:51,2015,2016
2015-16,203482,Kelly Olynyk,Kelly,1610612738,BOS,Boston Celtics,21500296,2015-12-05T00:00:00,BOS @ SAS,L,12.2,0.0,0.0,0.0,4.0,4.0,6.0,3.0,18.0,1.0,0.0,5.0,1.0,11.9,1,13074,13074,13074,21445,12059,10158,9917,8599,6141,13237,7328,13577,2692,1,24686,12373,17760,1.0,12:10,2015,2016
2015-16,203924,Jerami Grant,Jerami,1610612755,PHI,Philadelphia 76ers,21500289,2015-12-05T00:00:00,PHI vs. DEN,L,28.7,0.0,0.0,0.0,6.0,11.0,18.0,4.0,24.0,2.0,2.0,3.0,2.0,31.2,1,13074,13074,13074,8615,12059,10158,9917,5299,18886,25634,8806,8723,932,23588,17641,7786,5304,1.0,28:44,2015,2016
2015-16,203507,Giannis Antetokounmpo,Giannis,1610612749,MIL,Milwaukee Bucks,21500295,2015-12-05T00:00:00,MIL vs. NYK,W,34.7,2.0,2.0,4.0,10.0,9.0,7.0,6.0,20.0,2.0,2.0,3.0,6.0,40.2,1,1,1,1,3808,6026,4731,1913,1840,15771,15642,13388,11929,932,23588,17641,873,2323,1.0,34:40,2015,2016
2015-16,203948,Johnny O'Bryant III,Johnny,1610612749,MIL,Milwaukee Bucks,21500295,2015-12-05T00:00:00,MIL vs. NYK,W,22.3,2.0,0.0,0.0,2.0,10.0,3.0,4.0,14.0,0.0,0.0,2.0,2.0,12.0,1,1,1,1,13905,6026,10158,9917,12984,17370,7138,8806,17019,8004,1,11390,7786,17703,1.0,22:19,2015,2016
2015-16,203082,Terrence Ross,Terrence,1610612761,TOR,Toronto Raptors,21500290,2015-12-05T00:00:00,TOR vs. GSW,L,12.6,5.0,0.0,2.0,2.0,0.0,7.0,0.0,14.0,0.0,0.0,0.0,0.0,11.6,1,13074,13074,13074,21232,1603,10158,4675,12984,1,15642,1,17019,8004,1,1,18762,17970,1.0,12:34,2015,2016
2015-16,202689,Kemba Walker,Kemba,1610612766,CHA,Charlotte Hornets,21500292,2015-12-05T00:00:00,CHA @ CHI,W,38.0,5.0,0.0,4.0,8.0,10.0,13.0,8.0,26.0,1.0,0.0,4.0,2.0,40.7,1,1,1,1,1516,1603,10158,1913,3109,17370,23668,17194,7214,2692,1,22104,7786,2199,1.0,37:59,2015,2016
2015-16,2755,Kevin Martin,Kevin,1610612750,MIN,Minnesota Timberwolves,21500294,2015-12-05T00:00:00,MIN vs. POR,L,24.3,0.0,2.0,0.0,0.0,8.0,13.0,6.0,28.0,0.0,0.0,1.0,2.0,15.2,1,13074,13074,13074,12268,12059,4731,9917,18861,13914,23668,13388,5824,8004,1,4972,7786,15219,1.0,24:20,2015,2016
2015-16,2747,JR Smith,JR,1610612739,CLE,Cleveland Cavaliers,21500291,2015-12-05T00:00:00,CLE @ MIA,L,26.7,2.0,2.0,0.0,4.0,9.0,4.0,2.0,32.0,0.0,2.0,4.0,2.0,15.4,1,13074,13074,13074,10255,6026,4731,9917,8599,15771,8458,4025,3535,8004,23588,22104,7786,15066,1.0,26:44,2015,2016
2015-16,201954,Darren Collison,Darren,1610612758,SAC,Sacramento Kings,21500293,2015-12-05T00:00:00,SAC @ HOU,L,21.7,5.0,5.0,5.0,4.0,10.0,1.0,3.0,18.0,0.0,2.0,2.0,0.0,31.2,1,13074,13074,13074,14457,1603,995,1277,8599,17370,3393,7328,13577,8004,23588,11390,18762,5304,1.0,21:41,2015,2016
2015-16,708,Kevin Garnett,Kevin,1610612750,MIN,Minnesota Timberwolves,21500294,2015-12-05T00:00:00,MIN vs. POR,L,15.5,0.0,0.0,0.0,0.0,9.0,7.0,5.0,16.0,1.0,0.0,1.0,1.0,12.4,1,13074,13074,13074,19405,12059,10158,9917,18861,15771,15642,11593,15259,2692,1,4972,12373,17418,1.0,15:30,2015,2016
2015-16,203468,CJ McCollum,CJ,1610612757,POR,Portland Trail Blazers,21500294,2015-12-05T00:00:00,POR @ MIN,W,35.1,4.0,0.0,2.0,4.0,6.0,13.0,8.0,30.0,1.0,0.0,2.0,1.0,40.0,1,1,1,1,3476,2460,10158,4675,8599,10028,23668,17194,4541,2692,1,11390,12373,2364,1.0,35:05,2015,2016
2015-16,203086,Meyers Leonard,Meyers,1610612757,POR,Portland Trail Blazers,21500294,2015-12-05T00:00:00,POR @ MIN,W,23.6,3.0,0.0,0.0,4.0,5.0,11.0,6.0,20.0,0.0,0.0,5.0,0.0,15.0,1,1,1,1,12883,4307,10158,9917,8599,8403,21814,13388,11929,8004,1,24686,18762,15404,1.0,23:37,2015,2016
2015-16,203138,Hollis Thompson,Hollis,1610612755,PHI,Philadelphia 76ers,21500289,2015-12-05T00:00:00,PHI vs. DEN,L,23.2,0.0,0.0,0.0,0.0,12.0,15.0,6.0,18.0,1.0,0.0,5.0,0.0,15.4,1,13074,13074,13074,13176,12059,10158,9917,18861,20178,24781,13388,13577,2692,1,24686,18762,15066,1.0,23:13,2015,2016
2015-16,200746,LaMarcus Aldridge,LaMarcus,1610612759,SAS,San Antonio Spurs,21500296,2015-12-05T00:00:00,SAS vs. BOS,W,27.5,4.0,3.0,0.0,8.0,11.0,7.0,20.0,20.0,1.0,0.0,4.0,2.0,30.1,1,1,1,1,9616,2460,3104,9917,3109,18886,15642,25599,11929,2692,1,22104,7786,5794,1.0,27:29,2015,2016
2015-16,202334,Ed Davis,Ed,1610612757,POR,Portland Trail Blazers,21500294,2015-12-05T00:00:00,POR @ MIN,W,27.4,0.0,6.0,0.0,10.0,5.0,15.0,4.0,22.0,2.0,1.0,2.0,5.0,30.1,1,1,1,1,9726,12059,481,9917,1840,8403,24781,8806,10265,932,17214,11390,1539,5794,1.0,27:22,2015,2016
2015-16,202325,Wesley Johnson,Wesley,1610612746,LAC,LA Clippers,21500298,2015-12-05T00:00:00,LAC vs. ORL,W,35.7,2.0,0.0,2.0,0.0,6.0,12.0,10.0,34.0,1.0,0.0,2.0,3.0,40.4,1,1,1,1,3014,6026,10158,4675,18861,10028,22832,20169,2701,2692,1,11390,4736,2274,1.0,35:39,2015,2016
2015-16,101139,CJ Miles,CJ,1610612754,IND,Indiana Pacers,21500297,2015-12-05T00:00:00,IND @ UTA,L,34.6,7.0,2.0,7.0,2.0,12.0,16.0,9.0,40.0,0.0,2.0,3.0,3.0,15.6,1,13074,13074,13074,3849,548,4731,454,12984,20178,25155,18829,983,8004,23588,17641,4736,14916,1.0,34:38,2015,2016
2015-16,200752,Rudy Gay,Rudy,1610612758,SAC,Sacramento Kings,21500293,2015-12-05T00:00:00,SAC @ HOU,L,30.8,2.0,4.0,4.0,8.0,8.0,0.0,4.0,28.0,0.0,0.0,5.0,3.0,30.2,1,13074,13074,13074,6863,6026,1596,1913,3109,13914,1,8806,5824,8004,1,24686,4736,5751,1.0,30:50,2015,2016
2015-16,1495,Tim Duncan,Tim,1610612759,SAS,San Antonio Spurs,21500296,2015-12-05T00:00:00,SAS vs. BOS,W,24.1,2.0,0.0,0.0,2.0,8.0,5.0,15.0,12.0,1.0,0.0,1.0,1.0,20.0,1,1,1,1,12470,6026,10158,9917,12984,13914,11469,24242,18637,2692,1,4972,12373,11752,1.0,24:05,2015,2016
2015-16,202730,Lavoy Allen,Lavoy,1610612754,IND,Indiana Pacers,21500297,2015-12-05T00:00:00,IND @ UTA,L,22.7,2.0,0.0,0.0,2.0,6.0,11.0,13.0,18.0,0.0,0.0,6.0,1.0,12.1,1,13074,13074,13074,13618,6026,10158,9917,12984,10028,21814,23048,13577,8004,1,25827,12373,17639,1.0,22:41,2015,2016
2015-16,202329,Al-Farouq Aminu,Al-Farouq,1610612757,POR,Portland Trail Blazers,21500294,2015-12-05T00:00:00,POR @ MIN,W,27.3,2.0,0.0,2.0,6.0,10.0,14.0,4.0,26.0,0.0,1.0,2.0,3.0,27.1,1,1,1,1,9794,6026,10158,4675,5299,17370,24300,8806,7214,8004,17214,11390,4736,7339,1.0,27:16,2015,2016
2015-16,203085,Austin Rivers,Austin,1610612746,LAC,LA Clippers,21500298,2015-12-05T00:00:00,LAC vs. ORL,W,28.9,2.0,0.0,0.0,4.0,12.0,14.0,13.0,30.0,0.0,2.0,2.0,4.0,11.8,1,1,1,1,8423,6026,10158,9917,8599,20178,24300,23048,4541,8004,23588,11390,2748,17832,1.0,28:56,2015,2016
2015-16,202691,Klay Thompson,Klay,1610612744,GSW,Golden State Warriors,21500290,2015-12-05T00:00:00,GSW @ TOR,W,35.4,0.0,3.0,8.0,0.0,13.0,15.0,9.0,42.0,0.0,1.0,4.0,4.0,30.3,1,1,1,1,3196,12059,3104,280,18861,21300,24781,18829,670,8004,17214,22104,2748,5702,1.0,35:26,2015,2016
2015-16,201150,Spencer Hawes,Spencer,1610612766,CHA,Charlotte Hornets,21500292,2015-12-05T00:00:00,CHA @ CHI,W,22.6,0.0,7.0,0.0,2.0,7.0,7.0,4.0,16.0,0.0,0.0,2.0,2.0,26.4,1,1,1,1,13704,12059,292,9917,12984,12242,15642,8806,15259,8004,1,11390,7786,7672,1.0,22:35,2015,2016
2015-16,202338,Kevin Seraphin,Kevin,1610612752,NYK,New York Knicks,21500295,2015-12-05T00:00:00,NYK @ MIL,L,23.5,2.0,0.0,3.0,0.0,6.0,6.0,0.0,22.0,2.0,0.0,3.0,3.0,20.3,1,13074,13074,13074,12961,6026,10158,3302,18861,10028,13237,1,10265,932,1,17641,4736,11534,1.0,23:31,2015,2016
2015-16,203991,Clint Capela,Clint,1610612745,HOU,Houston Rockets,21500293,2015-12-05T00:00:00,HOU vs. SAC,W,20.7,2.0,0.0,0.0,8.0,5.0,9.0,9.0,26.0,0.0,2.0,2.0,1.0,20.6,1,1,1,1,15290,6026,10158,9917,3109,8403,19144,18829,7214,8004,23588,11390,12373,11314,1.0,20:44,2015,2016
2015-16,200751,Randy Foye,Randy,1610612743,DEN,Denver Nuggets,21500289,2015-12-05T00:00:00,DEN @ PHI,W,35.5,2.0,3.0,0.0,4.0,10.0,6.0,16.0,18.0,0.0,1.0,4.0,3.0,20.5,1,1,1,1,3137,6026,3104,9917,8599,17370,13237,24641,13577,8004,17214,22104,4736,11401,1.0,35:30,2015,2016
2015-16,201587,Nicolas Batum,Nicolas,1610612766,CHA,Charlotte Hornets,21500292,2015-12-05T00:00:00,CHA @ CHI,W,35.3,2.0,2.0,0.0,4.0,8.0,14.0,6.0,26.0,1.0,1.0,1.0,4.0,44.7,1,1,1,1,3298,6026,4731,9917,8599,13914,24300,13388,7214,2692,17214,4972,2748,1419,1.0,35:19,2015,2016
2015-16,1626157,Karl-Anthony Towns,Karl-Anthony,1610612750,MIN,Minnesota Timberwolves,21500294,2015-12-05T00:00:00,MIN vs. POR,L,31.8,2.0,8.0,0.0,14.0,15.0,15.0,11.0,32.0,2.0,0.0,4.0,1.0,47.4,1,13074,13074,13074,6042,6026,137,9917,542,23079,24781,21342,3535,932,1,22104,12373,1024,1.0,31:51,2015,2016
2015-16,203115,Will Barton,Will,1610612743,DEN,Denver Nuggets,21500289,2015-12-05T00:00:00,DEN @ PHI,W,33.4,0.0,0.0,8.0,8.0,9.0,8.0,14.0,28.0,0.0,1.0,0.0,3.0,29.3,1,1,1,1,4811,12059,10158,280,3109,15771,17345,23710,5824,8004,17214,1,4736,6202,1.0,33:24,2015,2016
2015-16,201956,Omri Casspi,Omri,1610612758,SAC,Sacramento Kings,21500293,2015-12-05T00:00:00,SAC @ HOU,L,33.0,2.0,5.0,2.0,10.0,17.0,9.0,3.0,24.0,2.0,0.0,4.0,2.0,24.6,1,13074,13074,13074,5104,6026,995,4675,1840,24337,19144,7328,8723,932,1,22104,7786,8724,1.0,33:01,2015,2016
2015-16,2730,Dwight Howard,Dwight,1610612745,HOU,Houston Rockets,21500293,2015-12-05T00:00:00,HOU vs. SAC,W,36.4,3.0,5.0,3.0,14.0,6.0,15.0,10.0,42.0,2.0,0.0,1.0,10.0,52.6,1,1,1,1,2485,4307,995,3302,542,10028,24781,20169,670,932,1,4972,76,542,1.0,36:23,2015,2016
2015-16,202344,Trevor Booker,Trevor,1610612762,UTA,Utah Jazz,21500297,2015-12-05T00:00:00,UTA vs. IND,W,23.5,1.0,7.0,1.0,4.0,13.0,8.0,8.0,18.0,1.0,1.0,4.0,4.0,29.8,1,1,1,1,12988,11535,292,9347,8599,21300,17345,17194,13577,2692,17214,22104,2748,5948,1.0,23:29,2015,2016
2015-16,201564,O.J. Mayo,O.J.,1610612749,MIL,Milwaukee Bucks,21500295,2015-12-05T00:00:00,MIL vs. NYK,W,35.2,2.0,4.0,0.0,4.0,9.0,10.0,9.0,22.0,0.0,0.0,4.0,0.0,30.1,1,1,1,1,3430,6026,1596,9917,8599,15771,20509,18829,10265,8004,1,22104,18762,5794,1.0,35:09,2015,2016
2015-16,2210,Richard Jefferson,Richard,1610612739,CLE,Cleveland Cavaliers,21500291,2015-12-05T00:00:00,CLE @ MIA,L,38.4,8.0,2.0,1.0,8.0,12.0,6.0,3.0,38.0,0.0,3.0,2.0,6.0,24.6,1,13074,13074,13074,1328,308,4731,9347,3109,20178,13237,7328,1422,8004,25441,11390,873,8724,1.0,38:23,2015,2016
2015-16,203463,Ben McLemore,Ben,1610612758,SAC,Sacramento Kings,21500293,2015-12-05T00:00:00,SAC @ HOU,L,41.6,2.0,2.0,4.0,10.0,17.0,6.0,6.0,28.0,1.0,0.0,3.0,3.0,43.8,1,13074,13074,13074,376,6026,4731,1913,1840,24337,13237,13388,5824,2692,1,17641,4736,1587,1.0,41:33,2015,2016
2015-16,202738,Isaiah Thomas,Isaiah,1610612738,BOS,Boston Celtics,21500296,2015-12-05T00:00:00,BOS @ SAS,L,35.6,2.0,0.0,13.0,6.0,8.0,6.0,3.0,34.0,0.0,0.0,1.0,8.0,43.8,1,13074,13074,13074,3029,6026,10158,26,5299,13914,13237,7328,2701,8004,1,4972,254,1587,1.0,35:39,2015,2016
2015-16,202355,Hassan Whiteside,Hassan,1610612748,MIA,Miami Heat,21500291,2015-12-05T00:00:00,MIA vs. CLE,W,21.2,0.0,2.0,0.0,4.0,4.0,4.0,2.0,16.0,5.0,0.0,2.0,6.0,35.8,1,1,1,1,14862,12059,4731,9917,8599,6141,8458,4025,15259,59,1,11390,873,3541,1.0,21:13,2015,2016
2015-16,201935,James Harden,James,1610612745,HOU,Houston Rockets,21500293,2015-12-05T00:00:00,HOU vs. SAC,W,35.7,5.0,2.0,0.0,0.0,11.0,17.0,13.0,48.0,1.0,0.0,4.0,8.0,44.9,1,1,1,1,2963,1603,4731,9917,18861,18886,25429,23048,192,2692,1,22104,254,1380,1.0,35:43,2015,2016
2015-16,203506,Victor Oladipo,Victor,1610612753,ORL,Orlando Magic,21500298,2015-12-05T00:00:00,ORL @ LAC,L,34.5,0.0,0.0,4.0,12.0,7.0,8.0,12.0,16.0,3.0,0.0,3.0,6.0,44.9,1,13074,13074,13074,3990,12059,10158,1913,988,12242,17345,22259,15259,347,1,17641,873,1380,1.0,34:27,2015,2016
2015-16,2200,Pau Gasol,Pau,1610612741,CHI,Chicago Bulls,21500292,2015-12-05T00:00:00,CHI vs. CHA,L,25.9,3.0,4.0,0.0,10.0,3.0,4.0,0.0,22.0,4.0,0.0,4.0,3.0,43.2,1,13074,13074,13074,10910,4307,1596,9917,1840,5109,8458,1,10265,132,1,22104,4736,1699,1.0,25:55,2015,2016
2015-16,200768,Kyle Lowry,Kyle,1610612761,TOR,Toronto Raptors,21500290,2015-12-05T00:00:00,TOR vs. GSW,L,38.5,7.0,13.0,2.0,14.0,9.0,9.0,15.0,20.0,1.0,1.0,2.0,9.0,69.1,1,13074,13074,13074,1281,548,1,4675,542,15771,19144,24242,11929,2692,17214,11390,138,52,1.0,38:29,2015,2016
2015-16,1626168,Trey Lyles,Trey,1610612762,UTA,Utah Jazz,21500297,2015-12-05T00:00:00,UTA vs. IND,W,19.9,4.0,2.0,0.0,2.0,7.0,2.0,4.0,14.0,0.0,0.0,1.0,0.0,11.5,1,1,1,1,16030,2460,4731,9917,12984,12242,3734,8806,17019,8004,1,4972,18762,18079,1.0,19:51,2015,2016
2015-16,203901,Elfrid Payton,Elfrid,1610612753,ORL,Orlando Magic,21500298,2015-12-05T00:00:00,ORL @ LAC,L,36.8,2.0,6.0,2.0,12.0,12.0,13.0,8.0,26.0,0.0,0.0,4.0,3.0,48.8,1,13074,13074,13074,2190,6026,481,4675,988,20178,23668,17194,7214,8004,1,22104,4736,881,1.0,36:50,2015,2016
2015-16,203469,Cody Zeller,Cody,1610612766,CHA,Charlotte Hornets,21500292,2015-12-05T00:00:00,CHA @ CHI,W,31.9,0.0,2.0,0.0,6.0,6.0,9.0,6.0,24.0,1.0,2.0,4.0,5.0,35.6,1,1,1,1,6018,12059,4731,9917,5299,10028,19144,13388,8723,2692,23588,22104,1539,3615,1.0,31:52,2015,2016
2015-16,203093,Terrence Jones,Terrence,1610612745,HOU,Houston Rockets,21500293,2015-12-05T00:00:00,HOU vs. SAC,W,25.7,4.0,2.0,2.0,8.0,7.0,11.0,7.0,24.0,1.0,1.0,2.0,2.0,24.5,1,1,1,1,11135,2460,4731,4675,3109,12242,21814,15538,8723,2692,17214,11390,7786,8801,1.0,25:40,2015,2016
2015-16,201155,Rodney Stuckey,Rodney,1610612754,IND,Indiana Pacers,21500297,2015-12-05T00:00:00,IND @ UTA,L,32.4,7.0,2.0,6.0,10.0,12.0,16.0,12.0,30.0,0.0,0.0,3.0,4.0,29.1,1,13074,13074,13074,5594,548,4731,740,1840,20178,25155,22259,4541,8004,1,17641,2748,6285,1.0,32:22,2015,2016
2015-16,202331,Paul George,Paul,1610612754,IND,Indiana Pacers,21500297,2015-12-05T00:00:00,IND @ UTA,L,42.1,2.0,5.0,2.0,6.0,14.0,22.0,17.0,48.0,0.0,1.0,4.0,12.0,69.1,1,13074,13074,13074,303,6026,995,4675,5299,22292,25991,24967,192,8004,17214,22104,27,52,1.0,42:05,2015,2016
2015-16,201939,Stephen Curry,Stephen,1610612744,GSW,Golden State Warriors,21500290,2015-12-05T00:00:00,GSW @ TOR,W,37.8,3.0,9.0,6.0,10.0,11.0,12.0,9.0,48.0,0.0,1.0,4.0,4.0,53.9,1,1,1,1,1578,4307,77,740,1840,18886,22832,18829,192,8004,17214,22104,2748,459,1.0,37:51,2015,2016
2015-16,201149,Joakim Noah,Joakim,1610612741,CHI,Chicago Bulls,21500292,2015-12-05T00:00:00,CHI vs. CHA,L,22.1,0.0,2.0,0.0,0.0,10.0,13.0,6.0,14.0,1.0,0.0,1.0,1.0,24.0,1,13074,13074,13074,14099,12059,4731,9917,18861,17370,23668,13388,17019,2692,1,4972,12373,9121,1.0,22:05,2015,2016
2015-16,101161,Amir Johnson,Amir,1610612738,BOS,Boston Celtics,21500296,2015-12-05T00:00:00,BOS @ SAS,L,32.4,2.0,0.0,4.0,8.0,6.0,4.0,0.0,22.0,1.0,0.0,4.0,4.0,29.7,1,13074,13074,13074,5571,6026,10158,1913,3109,10028,8458,1,10265,2692,1,22104,2748,6006,1.0,32:25,2015,2016
2015-16,202699,Tobias Harris,Tobias,1610612753,ORL,Orlando Magic,21500298,2015-12-05T00:00:00,ORL @ LAC,L,27.0,4.0,4.0,6.0,6.0,13.0,11.0,7.0,22.0,0.0,1.0,2.0,2.0,24.0,1,13074,13074,13074,10015,2460,1596,740,5299,21300,21814,15538,10265,8004,17214,11390,7786,9121,1.0,27:00,2015,2016
2015-16,201937,Ricky Rubio,Ricky,1610612750,MIN,Minnesota Timberwolves,21500294,2015-12-05T00:00:00,MIN vs. POR,L,33.8,0.0,0.0,4.0,0.0,15.0,15.0,11.0,36.0,0.0,0.0,3.0,5.0,35.7,1,13074,13074,13074,4521,12059,10158,1913,18861,23079,24781,21342,1943,8004,1,17641,1539,3578,1.0,33:47,2015,2016
2015-16,202696,Nikola Vučević,Nikola,1610612753,ORL,Orlando Magic,21500298,2015-12-05T00:00:00,ORL @ LAC,L,30.0,2.0,8.0,2.0,8.0,15.0,13.0,7.0,26.0,0.0,0.0,2.0,1.0,24.5,1,13074,13074,13074,7555,6026,137,4675,3109,23079,23668,15538,7214,8004,1,11390,12373,8801,1.0,29:59,2015,2016
2015-16,204456,T.J. McConnell,T.J.,1610612755,PHI,Philadelphia 76ers,21500289,2015-12-05T00:00:00,PHI vs. DEN,L,29.9,2.0,0.0,2.0,4.0,13.0,12.0,10.0,26.0,0.0,1.0,1.0,1.0,35.6,1,13074,13074,13074,7654,6026,10158,4675,8599,21300,22832,20169,7214,8004,17214,4972,12373,3615,1.0,29:52,2015,2016
2015-16,202702,Kenneth Faried,Kenneth,1610612743,DEN,Denver Nuggets,21500289,2015-12-05T00:00:00,DEN @ PHI,W,21.7,6.0,6.0,0.0,8.0,0.0,7.0,7.0,20.0,2.0,3.0,1.0,5.0,28.8,1,1,1,1,14479,878,481,9917,3109,1,15642,15538,11929,932,25441,4972,1539,6465,1.0,21:39,2015,2016
2015-16,202324,Derrick Favors,Derrick,1610612762,UTA,Utah Jazz,21500297,2015-12-05T00:00:00,UTA vs. IND,W,43.5,6.0,7.0,3.0,26.0,21.0,11.0,13.0,34.0,1.0,1.0,3.0,7.0,56.1,1,1,1,1,159,878,292,3302,7,25535,21814,23048,2701,2692,17214,17641,469,347,1.0,43:32,2015,2016
2015-16,201933,Blake Griffin,Blake,1610612746,LAC,LA Clippers,21500298,2015-12-05T00:00:00,LAC vs. ORL,W,39.0,5.0,2.0,3.0,10.0,10.0,18.0,17.0,44.0,0.0,1.0,0.0,6.0,50.1,1,1,1,1,1065,1603,4731,3302,1840,17370,25634,24967,454,8004,17214,1,873,743,1.0,39:01,2015,2016
2015-16,203953,Jabari Parker,Jabari,1610612749,MIL,Milwaukee Bucks,21500295,2015-12-05T00:00:00,MIL vs. NYK,W,35.9,6.0,4.0,2.0,14.0,13.0,10.0,8.0,30.0,1.0,0.0,2.0,2.0,35.4,1,1,1,1,2806,878,1596,4675,542,21300,20509,17194,4541,2692,1,11390,7786,3684,1.0,35:56,2015,2016
2015-16,200765,Rajon Rondo,Rajon,1610612758,SAC,Sacramento Kings,21500293,2015-12-05T00:00:00,SAC @ HOU,L,36.1,0.0,0.0,0.0,8.0,17.0,9.0,3.0,26.0,0.0,0.0,0.0,2.0,53.1,1,13074,13074,13074,2720,12059,10158,9917,3109,24337,19144,7328,7214,8004,1,1,7786,513,1.0,36:03,2015,2016
2015-16,202330,Gordon Hayward,Gordon,1610612762,UTA,Utah Jazz,21500297,2015-12-05T00:00:00,UTA vs. IND,W,43.5,5.0,3.0,4.0,4.0,23.0,11.0,15.0,36.0,0.0,0.0,3.0,10.0,37.5,1,1,1,1,169,1603,3104,1913,8599,25803,21814,24242,1943,8004,1,17641,76,3050,1.0,43:28,2015,2016
2015-16,202692,Alec Burks,Alec,1610612762,UTA,Utah Jazz,21500297,2015-12-05T00:00:00,UTA vs. IND,W,32.9,0.0,1.0,0.0,4.0,14.0,13.0,6.0,20.0,0.0,0.0,4.0,7.0,17.0,1,1,1,1,5183,12059,9709,9917,8599,22292,23668,13388,11929,8004,1,22104,469,13855,1.0,32:56,2015,2016
2015-16,2034,Mike Miller,Mike,1610612743,DEN,Denver Nuggets,21500289,2015-12-05T00:00:00,DEN @ PHI,W,16.0,0.0,5.0,0.0,2.0,0.0,4.0,4.0,18.0,0.0,0.0,2.0,0.0,17.2,1,1,1,1,19017,12059,995,9917,12984,1,8458,8806,13577,8004,1,11390,18762,13725,1.0,16:01,2015,2016
2015-16,203504,Trey Burke,Trey,1610612762,UTA,Utah Jazz,21500297,2015-12-05T00:00:00,UTA vs. IND,W,33.6,2.0,0.0,5.0,6.0,10.0,8.0,10.0,26.0,0.0,0.0,1.0,1.0,33.1,1,1,1,1,4680,6026,10158,1277,5299,17370,17345,20169,7214,8004,1,4972,12373,4505,1.0,33:35,2015,2016
2015-16,2548,Dwyane Wade,Dwyane,1610612748,MIA,Miami Heat,21500291,2015-12-05T00:00:00,MIA vs. CLE,W,28.9,7.0,0.0,2.0,12.0,6.0,13.0,2.0,26.0,0.0,0.0,2.0,3.0,33.0,1,1,1,1,8463,548,10158,4675,988,10028,23668,4025,7214,8004,1,11390,4736,4537,1.0,28:53,2015,2016
2015-16,201988,Patty Mills,Patty,1610612759,SAS,San Antonio Spurs,21500296,2015-12-05T00:00:00,SAS vs. BOS,W,25.8,2.0,2.0,3.0,2.0,11.0,5.0,13.0,20.0,0.0,0.0,1.0,0.0,16.8,1,1,1,1,11011,6026,4731,3302,12984,18886,11469,23048,11929,8004,1,4972,18762,13996,1.0,25:48,2015,2016
2015-16,201609,Goran Dragic,Goran,1610612748,MIA,Miami Heat,21500291,2015-12-05T00:00:00,MIA vs. CLE,W,30.5,0.0,0.0,0.0,8.0,10.0,7.0,3.0,20.0,0.0,0.0,3.0,1.0,27.4,1,1,1,1,7090,12059,10158,9917,3109,17370,15642,7328,11929,8004,1,17641,12373,7179,1.0,30:31,2015,2016
2015-16,202328,Greg Monroe,Greg,1610612749,MIL,Milwaukee Bucks,21500295,2015-12-05T00:00:00,MIL vs. NYK,W,33.2,4.0,2.0,0.0,10.0,9.0,7.0,6.0,18.0,1.0,0.0,3.0,3.0,38.8,1,1,1,1,4944,2460,4731,9917,1840,15771,15642,13388,13577,2692,1,17641,4736,2692,1.0,33:14,2015,2016
2015-16,2546,Carmelo Anthony,Carmelo,1610612752,NYK,New York Knicks,21500295,2015-12-05T00:00:00,NYK @ MIL,L,31.9,2.0,3.0,0.0,6.0,18.0,10.0,7.0,46.0,1.0,2.0,5.0,3.0,32.5,1,13074,13074,13074,5945,6026,3104,9917,5299,24749,20509,15538,298,2692,23588,24686,4736,4726,1.0,31:57,2015,2016
2015-16,204001,Kristaps Porziņģis,Kristaps,1610612752,NYK,New York Knicks,21500295,2015-12-05T00:00:00,NYK @ MIL,L,21.7,0.0,4.0,0.0,8.0,12.0,10.0,7.0,32.0,0.0,0.0,5.0,3.0,16.9,1,13074,13074,13074,14406,12059,1596,9917,3109,20178,20509,15538,3535,8004,1,24686,4736,13911,1.0,21:44,2015,2016
2015-16,201585,Kosta Koufos,Kosta,1610612758,SAC,Sacramento Kings,21500293,2015-12-05T00:00:00,SAC @ HOU,L,30.7,0.0,2.0,0.0,8.0,11.0,7.0,2.0,16.0,2.0,0.0,3.0,3.0,38.9,1,13074,13074,13074,6935,12059,4731,9917,3109,18886,15642,4025,15259,932,1,17641,4736,2667,1.0,30:44,2015,2016
2015-16,1938,Manu Ginobili,Manu,1610612759,SAS,San Antonio Spurs,21500296,2015-12-05T00:00:00,SAS vs. BOS,W,25.7,2.0,1.0,0.0,6.0,9.0,5.0,8.0,20.0,0.0,0.0,1.0,4.0,28.4,1,1,1,1,11123,6026,9709,9917,5299,15771,11469,17194,11929,8004,1,4972,2748,6663,1.0,25:41,2015,2016
2015-16,204020,Tyler Johnson,Tyler,1610612748,MIA,Miami Heat,21500291,2015-12-05T00:00:00,MIA vs. CLE,W,29.5,2.0,0.0,0.0,2.0,9.0,18.0,3.0,20.0,1.0,0.0,2.0,5.0,32.0,1,1,1,1,7944,6026,10158,9917,12984,15771,25634,7328,11929,2692,1,11390,1539,4945,1.0,29:32,2015,2016
2015-16,203496,Robert Covington,Robert,1610612755,PHI,Philadelphia 76ers,21500289,2015-12-05T00:00:00,PHI vs. DEN,L,30.0,4.0,0.0,7.0,0.0,14.0,10.0,12.0,28.0,1.0,0.0,5.0,4.0,39.0,1,13074,13074,13074,7507,2460,10158,454,18861,22292,20509,22259,5824,2692,1,24686,2748,2642,1.0,30:02,2015,2016
2015-16,101107,Marvin Williams,Marvin,1610612766,CHA,Charlotte Hornets,21500292,2015-12-05T00:00:00,CHA @ CHI,W,30.8,0.0,0.0,0.0,2.0,7.0,10.0,2.0,22.0,0.0,0.0,2.0,0.0,28.3,1,1,1,1,6896,12059,10158,9917,12984,12242,20509,4025,10265,8004,1,11390,18762,6720,1.0,30:48,2015,2016
2015-16,202695,Kawhi Leonard,Kawhi,1610612759,SAS,San Antonio Spurs,21500296,2015-12-05T00:00:00,SAS vs. BOS,W,34.1,0.0,0.0,0.0,2.0,11.0,7.0,25.0,18.0,0.0,1.0,4.0,5.0,32.4,1,1,1,1,4263,12059,10158,9917,12984,18886,15642,25980,13577,8004,17214,22104,1539,4768,1.0,34:06,2015,2016
2015-16,2772,Trevor Ariza,Trevor,1610612745,HOU,Houston Rockets,21500293,2015-12-05T00:00:00,HOU vs. SAC,W,36.9,2.0,0.0,0.0,2.0,11.0,20.0,15.0,50.0,0.0,3.0,1.0,1.0,32.7,1,1,1,1,2139,6026,10158,9917,12984,18886,25875,24242,107,8004,25441,4972,12373,4649,1.0,36:54,2015,2016
2015-16,201575,Brandon Rush,Brandon,1610612744,GSW,Golden State Warriors,21500290,2015-12-05T00:00:00,GSW @ TOR,W,13.7,0.0,0.0,0.0,0.0,7.0,2.0,2.0,6.0,0.0,0.0,0.0,0.0,13.5,1,1,1,1,20589,12059,10158,9917,18861,12242,3734,4025,22724,8004,1,1,18762,16552,1.0,13:42,2015,2016
2015-16,203110,Draymond Green,Draymond,1610612744,GSW,Golden State Warriors,21500290,2015-12-05T00:00:00,GSW @ TOR,W,39.3,2.0,2.0,4.0,10.0,13.0,14.0,9.0,50.0,1.0,0.0,4.0,8.0,37.8,1,1,1,1,954,6026,4731,1913,1840,21300,24300,18829,107,2692,1,22104,254,2956,1.0,39:18,2015,2016
2015-16,1626158,Richaun Holmes,Richaun,1610612755,PHI,Philadelphia 76ers,21500289,2015-12-05T00:00:00,PHI vs. DEN,L,14.3,3.0,2.0,0.0,6.0,7.0,2.0,10.0,12.0,1.0,0.0,3.0,3.0,17.8,1,13074,13074,13074,20231,4307,4731,9917,5299,12242,3734,20169,18637,2692,1,17641,4736,13309,1.0,14:17,2015,2016
2015-16,2449,Luis Scola,Luis,1610612761,TOR,Toronto Raptors,21500290,2015-12-05T00:00:00,TOR vs. GSW,L,20.4,0.0,2.0,0.0,2.0,5.0,2.0,11.0,10.0,0.0,1.0,5.0,5.0,17.8,1,13074,13074,13074,15544,12059,4731,9917,12984,8403,3734,21342,20209,8004,17214,24686,1539,13309,1.0,20:26,2015,2016
2015-16,203089,John Henson,John,1610612749,MIL,Milwaukee Bucks,21500295,2015-12-05T00:00:00,MIL vs. NYK,W,14.8,0.0,2.0,1.0,2.0,7.0,3.0,4.0,14.0,1.0,0.0,4.0,4.0,17.4,1,1,1,1,19916,12059,4731,9347,12984,12242,7138,8806,17019,2692,1,22104,2748,13595,1.0,14:46,2015,2016
2015-16,201589,Darrell Arthur,Darrell,1610612743,DEN,Denver Nuggets,21500289,2015-12-05T00:00:00,DEN @ PHI,W,20.8,3.0,3.0,0.0,2.0,10.0,3.0,13.0,10.0,1.0,0.0,6.0,0.0,22.6,1,1,1,1,15242,4307,3104,9917,12984,17370,7138,23048,20209,2692,1,25827,18762,10000,1.0,20:48,2015,2016
2015-16,202389,Timofey Mozgov,Timofey,1610612739,CLE,Cleveland Cavaliers,21500291,2015-12-05T00:00:00,CLE @ MIA,L,21.3,0.0,0.0,0.0,6.0,10.0,4.0,5.0,26.0,0.0,0.0,1.0,2.0,17.8,1,13074,13074,13074,14819,12059,10158,9917,5299,17370,8458,11593,7214,8004,1,4972,7786,13309,1.0,21:16,2015,2016
2015-16,201941,Jordan Hill,Jordan,1610612754,IND,Indiana Pacers,21500297,2015-12-05T00:00:00,IND @ UTA,L,22.9,0.0,4.0,0.0,8.0,10.0,9.0,13.0,24.0,0.0,0.0,5.0,1.0,17.6,1,13074,13074,13074,13469,12059,1596,9917,3109,17370,19144,23048,8723,8004,1,24686,12373,13443,1.0,22:53,2015,2016
2015-16,203918,Rodney Hood,Rodney,1610612762,UTA,Utah Jazz,21500297,2015-12-05T00:00:00,UTA vs. IND,W,20.7,0.0,2.0,0.0,0.0,9.0,0.0,3.0,18.0,0.0,0.0,6.0,1.0,13.8,1,1,1,1,15311,12059,4731,9917,18861,15771,1,7328,13577,8004,1,25827,12373,16311,1.0,20:43,2015,2016
2015-16,202498,Lance Thomas,Lance,1610612752,NYK,New York Knicks,21500295,2015-12-05T00:00:00,NYK @ MIL,L,24.7,6.0,3.0,3.0,6.0,6.0,8.0,1.0,24.0,0.0,1.0,1.0,4.0,17.5,1,13074,13074,13074,11937,878,3104,3302,5299,10028,17345,3646,8723,8004,17214,4972,2748,13528,1.0,24:41,2015,2016
2015-16,203926,Doug McDermott,Doug,1610612741,CHI,Chicago Bulls,21500292,2015-12-05T00:00:00,CHI vs. CHA,L,33.2,3.0,3.0,0.0,2.0,13.0,15.0,6.0,20.0,0.0,0.0,1.0,0.0,13.7,1,13074,13074,13074,4966,4307,3104,9917,12984,21300,24781,13388,11929,8004,1,4972,18762,16393,1.0,33:12,2015,2016
2015-16,202326,DeMarcus Cousins,DeMarcus,1610612758,SAC,Sacramento Kings,21500293,2015-12-05T00:00:00,SAC @ HOU,L,26.8,0.0,4.0,0.0,6.0,15.0,6.0,6.0,22.0,2.0,3.0,6.0,4.0,32.3,1,13074,13074,13074,10155,12059,1596,9917,5299,23079,13237,13388,10265,932,25441,25827,2748,4807,1.0,26:50,2015,2016
2015-16,203487,Michael Carter-Williams,Michael,1610612749,MIL,Milwaukee Bucks,21500295,2015-12-05T00:00:00,MIL vs. NYK,W,28.4,2.0,2.0,0.0,18.0,13.0,3.0,8.0,16.0,1.0,1.0,2.0,5.0,32.1,1,1,1,1,8894,6026,4731,9917,131,21300,7138,17194,15259,2692,17214,11390,1539,4889,1.0,28:25,2015,2016
2015-16,201568,Danilo Gallinari,Danilo,1610612743,DEN,Denver Nuggets,21500289,2015-12-05T00:00:00,DEN @ PHI,W,39.3,2.0,5.0,4.0,8.0,10.0,10.0,20.0,28.0,1.0,0.0,4.0,9.0,39.9,1,1,1,1,967,6026,995,1913,3109,17370,20509,25599,5824,2692,1,22104,138,2396,1.0,39:15,2015,2016
2015-16,101123,Gerald Green,Gerald,1610612748,MIA,Miami Heat,21500291,2015-12-05T00:00:00,MIA vs. CLE,W,26.3,3.0,2.0,3.0,6.0,9.0,4.0,2.0,24.0,1.0,0.0,6.0,3.0,22.1,1,1,1,1,10613,4307,4731,3302,5299,15771,8458,4025,8723,2692,1,25827,4736,10332,1.0,26:17,2015,2016
2015-16,2037,Jamal Crawford,Jamal,1610612746,LAC,LA Clippers,21500298,2015-12-05T00:00:00,LAC vs. ORL,W,31.4,5.0,5.0,5.0,2.0,6.0,20.0,15.0,36.0,0.0,2.0,3.0,5.0,39.7,1,1,1,1,6406,1603,995,1277,12984,10028,25875,24242,1943,8004,23588,17641,1539,2451,1.0,31:22,2015,2016
2015-16,203932,Aaron Gordon,Aaron,1610612753,ORL,Orlando Magic,21500298,2015-12-05T00:00:00,ORL @ LAC,L,21.0,4.0,2.0,2.0,8.0,3.0,4.0,5.0,10.0,0.0,1.0,1.0,0.0,21.9,1,13074,13074,13074,15039,2460,4731,4675,3109,5109,8458,11593,20209,8004,17214,4972,18762,10460,1.0,21:01,2015,2016
2015-16,202391,Jeremy Lin,Jeremy,1610612766,CHA,Charlotte Hornets,21500292,2015-12-05T00:00:00,CHA @ CHI,W,26.7,2.0,2.0,2.0,4.0,9.0,9.0,4.0,22.0,0.0,1.0,3.0,5.0,28.5,1,1,1,1,10300,6026,4731,4675,8599,15771,19144,8806,10265,8004,17214,17641,1539,6613,1.0,26:40,2015,2016
2015-16,2547,Chris Bosh,Chris,1610612748,MIA,Miami Heat,21500291,2015-12-05T00:00:00,MIA vs. CLE,W,35.8,2.0,0.0,0.0,4.0,12.0,17.0,5.0,22.0,2.0,0.0,1.0,3.0,28.7,1,1,1,1,2932,6026,10158,9917,8599,20178,25429,11593,10265,932,1,4972,4736,6514,1.0,35:45,2015,2016
2015-16,201565,Derrick Rose,Derrick,1610612741,CHI,Chicago Bulls,21500292,2015-12-05T00:00:00,CHI vs. CHA,L,34.2,3.0,0.0,0.0,8.0,7.0,6.0,4.0,30.0,0.0,2.0,2.0,2.0,32.9,1,13074,13074,13074,4150,4307,10158,9917,3109,12242,13237,8806,4541,8004,23588,11390,7786,4566,1.0,34:14,2015,2016
2015-16,203094,Andrew Nicholson,Andrew,1610612753,ORL,Orlando Magic,21500298,2015-12-05T00:00:00,ORL @ LAC,L,22.9,0.0,0.0,0.0,0.0,5.0,4.0,7.0,10.0,0.0,0.0,0.0,0.0,14.9,1,13074,13074,13074,13439,12059,10158,9917,18861,8403,8458,15538,20209,8004,1,1,18762,15463,1.0,22:56,2015,2016
2015-16,203943,Noah Vonleh,Noah,1610612757,POR,Portland Trail Blazers,21500294,2015-12-05T00:00:00,POR @ MIN,W,15.1,2.0,0.0,0.0,2.0,4.0,2.0,2.0,12.0,0.0,0.0,0.0,0.0,10.1,1,1,1,1,19695,6026,10158,9917,12984,6141,3734,4025,18637,8004,1,1,18762,19105,1.0,15:05,2015,2016
2015-16,201976,Patrick Beverley,Patrick,1610612745,HOU,Houston Rockets,21500293,2015-12-05T00:00:00,HOU vs. SAC,W,30.2,2.0,1.0,0.0,2.0,2.0,14.0,8.0,38.0,0.0,0.0,3.0,2.0,23.6,1,1,1,1,7315,6026,9709,9917,12984,2619,24300,17194,1422,8004,1,17641,7786,9377,1.0,30:15,2015,2016
2015-16,201599,DeAndre Jordan,DeAndre,1610612746,LAC,LA Clippers,21500298,2015-12-05T00:00:00,LAC vs. ORL,W,36.7,2.0,8.0,2.0,14.0,10.0,20.0,17.0,40.0,1.0,0.0,0.0,3.0,34.8,1,1,1,1,2275,6026,137,4675,542,17370,25875,24967,983,2692,1,1,4736,3891,1.0,36:44,2015,2016
2015-16,201980,Danny Green,Danny,1610612759,SAS,San Antonio Spurs,21500296,2015-12-05T00:00:00,SAS vs. BOS,W,28.9,0.0,0.0,0.0,2.0,12.0,5.0,20.0,20.0,0.0,0.0,4.0,2.0,9.8,1,1,1,1,8472,12059,10158,9917,12984,20178,11469,25599,11929,8004,1,22104,7786,19331,1.0,28:52,2015,2016
2015-16,201167,Arron Afflalo,Arron,1610612752,NYK,New York Knicks,21500295,2015-12-05T00:00:00,NYK @ MIL,L,32.3,2.0,0.0,2.0,6.0,14.0,12.0,6.0,48.0,0.0,1.0,3.0,2.0,14.4,1,13074,13074,13074,5686,6026,10158,4675,5299,22292,22832,13388,192,8004,17214,17641,7786,15857,1.0,32:15,2015,2016
2015-16,101181,Jose Calderon,Jose,1610612752,NYK,New York Knicks,21500295,2015-12-05T00:00:00,NYK @ MIL,L,25.9,0.0,0.0,0.0,2.0,12.0,10.0,7.0,36.0,0.0,0.0,0.0,2.0,18.7,1,13074,13074,13074,10967,12059,10158,9917,12984,20178,20509,15538,1943,8004,1,1,7786,12648,1.0,25:51,2015,2016
2015-16,202340,Avery Bradley,Avery,1610612738,BOS,Boston Celtics,21500296,2015-12-05T00:00:00,BOS @ SAS,L,36.5,3.0,0.0,6.0,0.0,10.0,8.0,3.0,30.0,0.0,1.0,1.0,0.0,25.9,1,13074,13074,13074,2378,4307,10158,740,18861,17370,17345,7328,4541,8004,17214,4972,18762,7960,1.0,36:32,2015,2016
2015-16,201160,Jason Smith,Jason,1610612753,ORL,Orlando Magic,21500298,2015-12-05T00:00:00,ORL @ LAC,L,22.8,0.0,2.0,0.0,4.0,8.0,5.0,5.0,10.0,2.0,0.0,3.0,0.0,26.0,1,13074,13074,13074,13537,12059,4731,9917,8599,13914,11469,11593,20209,932,1,17641,18762,7910,1.0,22:47,2015,2016
2015-16,1891,Jason Terry,Jason,1610612745,HOU,Houston Rockets,21500293,2015-12-05T00:00:00,HOU vs. SAC,W,17.7,3.0,0.0,0.0,0.0,7.0,7.0,9.0,14.0,1.0,0.0,0.0,0.0,10.0,1,1,1,1,17790,4307,10158,9917,18861,12242,15642,18829,17019,2692,1,1,18762,19178,1.0,17:39,2015,2016
2015-16,203105,Festus Ezeli,Festus,1610612744,GSW,Golden State Warriors,21500290,2015-12-05T00:00:00,GSW @ TOR,W,27.1,2.0,1.0,0.0,4.0,11.0,6.0,9.0,20.0,1.0,1.0,4.0,8.0,26.0,1,1,1,1,9927,6026,9709,9917,8599,18886,13237,18829,11929,2692,17214,22104,254,7910,1.0,27:06,2015,2016
2015-16,201588,George Hill,George,1610612754,IND,Indiana Pacers,21500297,2015-12-05T00:00:00,IND @ UTA,L,41.6,3.0,0.0,0.0,2.0,16.0,23.0,15.0,50.0,1.0,0.0,0.0,3.0,33.9,1,13074,13074,13074,376,4307,10158,9917,12984,23774,26017,24242,107,2692,1,1,4736,4208,1.0,41:33,2015,2016
2015-16,203081,Damian Lillard,Damian,1610612757,POR,Portland Trail Blazers,21500294,2015-12-05T00:00:00,POR @ MIN,W,37.0,2.0,2.0,0.0,10.0,13.0,17.0,6.0,28.0,0.0,0.0,3.0,5.0,34.1,1,1,1,1,2073,6026,4731,9917,1840,21300,25429,13388,5824,8004,1,17641,1539,4124,1.0,37:01,2015,2016
2015-16,203109,Jae Crowder,Jae,1610612738,BOS,Boston Celtics,21500296,2015-12-05T00:00:00,BOS @ SAS,L,35.1,4.0,3.0,4.0,2.0,6.0,6.0,3.0,30.0,0.0,0.0,4.0,3.0,23.1,1,13074,13074,13074,3485,2460,3104,1913,12984,10028,13237,7328,4541,8004,1,22104,4736,9699,1.0,35:04,2015,2016
2015-16,202407,Elijah Millsap,Elijah,1610612762,UTA,Utah Jazz,21500297,2015-12-05T00:00:00,UTA vs. IND,W,11.0,0.0,0.0,2.0,2.0,0.0,4.0,6.0,6.0,0.0,0.0,4.0,2.0,9.7,1,1,1,1,22011,12059,10158,4675,12984,1,8458,13388,22724,8004,1,22104,7786,19379,1.0,11:02,2015,2016
2015-16,201942,DeMar DeRozan,DeMar,1610612761,TOR,Toronto Raptors,21500290,2015-12-05T00:00:00,TOR vs. GSW,L,36.8,0.0,0.0,2.0,8.0,7.0,15.0,18.0,26.0,0.0,1.0,2.0,3.0,25.1,1,13074,13074,13074,2238,12059,10158,4675,3109,12242,24781,25228,7214,8004,17214,11390,4736,8429,1.0,36:47,2015,2016
2015-16,2733,Shaun Livingston,Shaun,1610612744,GSW,Golden State Warriors,21500290,2015-12-05T00:00:00,GSW @ TOR,W,26.4,2.0,2.0,0.0,4.0,11.0,19.0,9.0,44.0,1.0,0.0,2.0,0.0,9.9,1,1,1,1,10518,6026,4731,9917,8599,18886,25786,18829,454,2692,1,11390,18762,19247,1.0,26:25,2015,2016
2015-16,203952,Andrew Wiggins,Andrew,1610612750,MIN,Minnesota Timberwolves,21500294,2015-12-05T00:00:00,MIN vs. POR,L,40.2,6.0,2.0,0.0,8.0,15.0,16.0,11.0,40.0,1.0,0.0,3.0,5.0,25.0,1,13074,13074,13074,682,878,4731,9917,3109,23079,25155,21342,983,2692,1,17641,1539,8485,1.0,40:12,2015,2016
2015-16,202362,Lance Stephenson,Lance,1610612746,LAC,LA Clippers,21500298,2015-12-05T00:00:00,LAC vs. ORL,W,18.2,0.0,0.0,0.0,0.0,6.0,6.0,4.0,20.0,0.0,0.0,2.0,0.0,9.9,1,1,1,1,17382,12059,10158,9917,18861,10028,13237,8806,11929,8004,1,11390,18762,19247,1.0,18:10,2015,2016
2015-16,201567,Kevin Love,Kevin,1610612739,CLE,Cleveland Cavaliers,21500291,2015-12-05T00:00:00,CLE @ MIA,L,22.3,0.0,0.0,0.0,2.0,13.0,2.0,5.0,22.0,0.0,1.0,2.0,1.0,14.6,1,13074,13074,13074,13936,12059,10158,9917,12984,21300,3734,11593,10265,8004,17214,11390,12373,15699,1.0,22:16,2015,2016
2015-16,2564,Boris Diaw,Boris,1610612759,SAS,San Antonio Spurs,21500296,2015-12-05T00:00:00,SAS vs. BOS,W,24.8,0.0,0.0,0.0,8.0,7.0,5.0,11.0,16.0,0.0,1.0,0.0,5.0,23.6,1,1,1,1,11826,12059,10158,9917,3109,12242,11469,21342,15259,8004,17214,1,1539,9377,1.0,24:48,2015,2016
2015-16,203917,Nik Stauskas,Nik,1610612755,PHI,Philadelphia 76ers,21500289,2015-12-05T00:00:00,PHI vs. DEN,L,27.9,0.0,2.0,0.0,0.0,9.0,16.0,10.0,28.0,1.0,0.0,2.0,1.0,19.1,1,13074,13074,13074,9296,12059,4731,9917,18861,15771,25155,20169,5824,2692,1,11390,12373,12372,1.0,27:55,2015,2016
2015-16,201960,DeMarre Carroll,DeMarre,1610612761,TOR,Toronto Raptors,21500290,2015-12-05T00:00:00,TOR vs. GSW,L,26.0,4.0,0.0,4.0,6.0,7.0,8.0,12.0,20.0,0.0,1.0,4.0,0.0,23.7,1,13074,13074,13074,10838,2460,10158,1913,5299,12242,17345,22259,11929,8004,17214,22104,18762,9329,1.0,26:00,2015,2016
2015-16,2760,Anderson Varejao,Anderson,1610612739,CLE,Cleveland Cavaliers,21500291,2015-12-05T00:00:00,CLE @ MIA,L,14.1,0.0,0.0,0.0,0.0,2.0,0.0,0.0,6.0,0.0,0.0,1.0,2.0,10.2,1,13074,13074,13074,20337,12059,10158,9917,18861,2619,1,1,22724,8004,1,4972,7786,19003,1.0,14:07,2015,2016
2015-16,203512,Lucas Nogueira,Lucas,1610612761,TOR,Toronto Raptors,21500290,2015-12-05T00:00:00,TOR vs. GSW,L,24.8,0.0,4.0,0.0,14.0,4.0,12.0,4.0,22.0,0.0,1.0,2.0,0.0,25.3,1,13074,13074,13074,11808,12059,1596,9917,542,6141,22832,8806,10265,8004,17214,11390,18762,8340,1.0,24:50,2015,2016
2015-16,201973,Jonas Jerebko,Jonas,1610612738,BOS,Boston Celtics,21500296,2015-12-05T00:00:00,BOS @ SAS,L,11.0,0.0,0.0,0.0,0.0,4.0,4.0,0.0,8.0,0.0,1.0,2.0,0.0,9.8,1,13074,13074,13074,22013,12059,10158,9917,18861,6141,8458,1,21543,8004,17214,11390,18762,19331,1.0,11:02,2015,2016
2015-16,202335,Patrick Patterson,Patrick,1610612761,TOR,Toronto Raptors,21500290,2015-12-05T00:00:00,TOR vs. GSW,L,31.3,2.0,4.0,0.0,4.0,4.0,14.0,9.0,18.0,1.0,0.0,3.0,0.0,23.5,1,13074,13074,13074,6485,6026,1596,9917,8599,6141,24300,18829,13577,2692,1,17641,18762,9452,1.0,31:17,2015,2016
2015-16,201978,Chase Budinger,Chase,1610612754,IND,Indiana Pacers,21500297,2015-12-05T00:00:00,IND @ UTA,L,14.8,0.0,0.0,0.0,2.0,4.0,3.0,5.0,10.0,0.0,0.0,3.0,2.0,8.2,1,13074,13074,13074,19914,12059,10158,9917,12984,6141,7138,11593,20209,8004,1,17641,7786,20416,1.0,14:46,2015,2016
2015-16,202684,Tristan Thompson,Tristan,1610612739,CLE,Cleveland Cavaliers,21500291,2015-12-05T00:00:00,CLE @ MIA,L,22.3,0.0,4.0,0.0,6.0,3.0,4.0,0.0,22.0,0.0,0.0,4.0,2.0,16.2,1,13074,13074,13074,13890,12059,1596,9917,5299,5109,8458,1,10265,8004,1,22104,7786,14436,1.0,22:20,2015,2016
2015-16,203949,James Michael McAdoo,James Michael,1610612744,GSW,Golden State Warriors,21500290,2015-12-05T00:00:00,GSW @ TOR,W,3.3,0.0,0.0,0.0,0.0,0.0,0.0,1.0,2.0,0.0,0.0,1.0,1.0,2.4,1,1,1,1,24999,12059,10158,9917,18861,1,1,3646,24614,8004,1,4972,12373,24024,1.0,3:19,2015,2016
2015-16,101145,Monta Ellis,Monta,1610612754,IND,Indiana Pacers,21500297,2015-12-05T00:00:00,IND @ UTA,L,30.7,0.0,0.0,0.0,2.0,8.0,11.0,17.0,32.0,1.0,0.0,4.0,1.0,16.2,1,13074,13074,13074,6950,12059,10158,9917,12984,13914,21814,24967,3535,2692,1,22104,12373,14436,1.0,30:42,2015,2016
2015-16,203521,Matthew Dellavedova,Matthew,1610612739,CLE,Cleveland Cavaliers,21500291,2015-12-05T00:00:00,CLE @ MIA,L,28.3,2.0,2.0,0.0,4.0,12.0,6.0,5.0,34.0,1.0,0.0,2.0,4.0,20.9,1,13074,13074,13074,9017,6026,4731,9917,8599,20178,13237,11593,2701,2692,1,11390,2748,11132,1.0,28:17,2015,2016
2015-16,101133,Ian Mahinmi,Ian,1610612754,IND,Indiana Pacers,21500297,2015-12-05T00:00:00,IND @ UTA,L,23.3,2.0,0.0,0.0,6.0,8.0,14.0,9.0,28.0,0.0,0.0,6.0,3.0,16.5,1,13074,13074,13074,13113,6026,10158,9917,5299,13914,24300,18829,5824,8004,1,25827,4736,14224,1.0,23:19,2015,2016
2015-16,2561,David West,David,1610612759,SAS,San Antonio Spurs,21500296,2015-12-05T00:00:00,SAS vs. BOS,W,14.4,0.0,4.0,0.0,4.0,4.0,3.0,4.0,6.0,1.0,0.0,2.0,3.0,20.7,1,1,1,1,20147,12059,1596,9917,8599,6141,7138,8806,22724,2692,1,11390,4736,11252,1.0,14:26,2015,2016
2015-16,201581,JJ Hickson,JJ,1610612743,DEN,Denver Nuggets,21500289,2015-12-05T00:00:00,DEN @ PHI,W,7.3,1.0,1.0,0.0,4.0,0.0,0.0,0.0,4.0,0.0,0.0,1.0,5.0,17.8,1,1,1,1,23462,11535,9709,9917,8599,1,1,1,23698,8004,1,4972,1539,13309,1.0,7:19,2015,2016
2015-16,2738,Andre Iguodala,Andre,1610612744,GSW,Golden State Warriors,21500290,2015-12-05T00:00:00,GSW @ TOR,W,28.8,0.0,0.0,0.0,0.0,7.0,19.0,4.0,46.0,1.0,0.0,1.0,0.0,16.2,1,1,1,1,8553,12059,10158,9917,18861,12242,25786,8806,298,2692,1,4972,18762,14436,1.0,28:47,2015,2016
2015-16,2225,Tony Parker,Tony,1610612759,SAS,San Antonio Spurs,21500296,2015-12-05T00:00:00,SAS vs. BOS,W,26.6,0.0,0.0,0.0,8.0,10.0,5.0,19.0,16.0,0.0,1.0,4.0,0.0,16.2,1,1,1,1,10360,12059,10158,9917,3109,17370,11469,25435,15259,8004,17214,22104,18762,14436,1.0,26:37,2015,2016
2015-16,203457,Nerlens Noel,Nerlens,1610612755,PHI,Philadelphia 76ers,21500289,2015-12-05T00:00:00,PHI vs. DEN,L,31.2,0.0,1.0,5.0,10.0,15.0,20.0,4.0,28.0,2.0,0.0,2.0,6.0,21.0,1,13074,13074,13074,6547,12059,9709,1277,1840,23079,25875,8806,5824,932,1,11390,873,11077,1.0,31:13,2015,2016
2015-16,203459,Allen Crabbe,Allen,1610612757,POR,Portland Trail Blazers,21500294,2015-12-05T00:00:00,POR @ MIN,W,23.1,3.0,0.0,7.0,4.0,9.0,6.0,4.0,16.0,0.0,0.0,4.0,1.0,16.1,1,1,1,1,13334,4307,10158,454,8599,15771,13237,8806,15259,8004,1,22104,12373,14515,1.0,23:03,2015,2016
2015-16,1626159,Justise Winslow,Justise,1610612748,MIA,Miami Heat,21500291,2015-12-05T00:00:00,MIA vs. CLE,W,17.5,1.0,0.0,0.0,2.0,6.0,11.0,0.0,14.0,0.0,1.0,5.0,1.0,3.2,1,1,1,1,17892,11535,10158,9917,12984,10028,21814,1,17019,8004,17214,24686,12373,23473,1.0,17:31,2015,2016
2015-16,201977,Marcus Thornton,Marcus,1610612745,HOU,Houston Rockets,21500293,2015-12-05T00:00:00,HOU vs. SAC,W,5.0,0.0,0.0,0.0,0.0,2.0,3.0,4.0,6.0,0.0,1.0,0.0,0.0,8.4,1,1,1,1,24378,12059,10158,9917,18861,2619,7138,8806,22724,8004,17214,1,18762,20273,1.0,4:58,2015,2016
2015-16,1626144,Emmanuel Mudiay,Emmanuel,1610612743,DEN,Denver Nuggets,21500289,2015-12-05T00:00:00,DEN @ PHI,W,31.5,0.0,1.0,2.0,6.0,10.0,2.0,13.0,20.0,0.0,1.0,1.0,1.0,21.0,1,1,1,1,6352,12059,9709,4675,5299,17370,3734,23048,11929,8004,17214,4972,12373,11077,1.0,31:27,2015,2016
2015-16,2592,James Jones,James,1610612739,CLE,Cleveland Cavaliers,21500291,2015-12-05T00:00:00,CLE @ MIA,L,14.5,0.0,6.0,0.0,0.0,0.0,2.0,0.0,10.0,0.0,0.0,2.0,1.0,12.9,1,13074,13074,13074,20133,12059,481,9917,18861,1,3734,1,20209,8004,1,11390,12373,17049,1.0,14:27,2015,2016
2015-16,2419,Tayshaun Prince,Tayshaun,1610612750,MIN,Minnesota Timberwolves,21500294,2015-12-05T00:00:00,MIN vs. POR,L,11.9,0.0,0.0,0.0,0.0,12.0,0.0,3.0,10.0,0.0,0.0,1.0,0.0,2.4,1,13074,13074,13074,21641,12059,10158,9917,18861,20178,1,7328,20209,8004,1,4972,18762,24024,1.0,11:54,2015,2016
2015-16,203143,Pablo Prigioni,Pablo,1610612746,LAC,LA Clippers,21500298,2015-12-05T00:00:00,LAC vs. ORL,W,19.1,0.0,0.0,0.0,0.0,0.0,8.0,6.0,22.0,0.0,0.0,1.0,0.0,8.4,1,1,1,1,16642,12059,10158,9917,18861,1,17345,13388,10265,8004,1,4972,18762,20273,1.0,19:04,2015,2016
2015-16,203087,Jeremy Lamb,Jeremy,1610612766,CHA,Charlotte Hornets,21500292,2015-12-05T00:00:00,CHA @ CHI,W,22.4,4.0,2.0,0.0,6.0,5.0,5.0,4.0,14.0,0.0,1.0,1.0,1.0,12.7,1,1,1,1,13834,2460,4731,9917,5299,8403,11469,8806,17019,8004,17214,4972,12373,17201,1.0,22:24,2015,2016
2015-16,203546,Ian Clark,Ian,1610612744,GSW,Golden State Warriors,21500290,2015-12-05T00:00:00,GSW @ TOR,W,5.0,0.0,0.0,0.0,2.0,5.0,6.0,2.0,2.0,0.0,0.0,0.0,0.0,2.0,1,1,1,1,24375,12059,10158,9917,12984,8403,13237,4025,24614,8004,1,1,18762,24216,1.0,4:59,2015,2016
2015-16,2550,Kirk Hinrich,Kirk,1610612741,CHI,Chicago Bulls,21500292,2015-12-05T00:00:00,CHI vs. CHA,L,13.8,2.0,0.0,4.0,0.0,6.0,11.0,2.0,6.0,0.0,0.0,2.0,2.0,12.6,1,13074,13074,13074,20547,6026,10158,1913,18861,10028,21814,4025,22724,8004,1,11390,7786,17277,1.0,13:46,2015,2016
2015-16,201945,Gerald Henderson,Gerald,1610612757,POR,Portland Trail Blazers,21500294,2015-12-05T00:00:00,POR @ MIN,W,17.4,4.0,3.0,0.0,0.0,9.0,7.0,4.0,14.0,0.0,0.0,1.0,4.0,12.6,1,1,1,1,17986,2460,3104,9917,18861,15771,15642,8806,17019,8004,1,4972,2748,17277,1.0,17:22,2015,2016
2015-16,203476,Gorgui Dieng,Gorgui,1610612750,MIN,Minnesota Timberwolves,21500294,2015-12-05T00:00:00,MIN vs. POR,L,24.4,2.0,7.0,2.0,8.0,9.0,3.0,2.0,16.0,0.0,0.0,4.0,3.0,21.5,1,13074,13074,13074,12221,6026,292,4675,3109,15771,7138,4025,15259,8004,1,22104,4736,10755,1.0,24:23,2015,2016
2015-16,1626170,Jerian Grant,Jerian,1610612752,NYK,New York Knicks,21500295,2015-12-05T00:00:00,NYK @ MIL,L,19.9,0.0,0.0,0.0,0.0,4.0,4.0,0.0,20.0,0.0,2.0,2.0,2.0,12.6,1,13074,13074,13074,16005,12059,10158,9917,18861,6141,8458,1,11929,8004,23588,11390,7786,17277,1.0,19:53,2015,2016
2015-16,2749,Jameer Nelson,Jameer,1610612743,DEN,Denver Nuggets,21500289,2015-12-05T00:00:00,DEN @ PHI,W,25.6,8.0,0.0,0.0,2.0,0.0,10.0,9.0,20.0,0.0,0.0,1.0,2.0,15.9,1,1,1,1,11225,308,10158,9917,12984,1,20509,18829,11929,8004,1,4972,7786,14675,1.0,25:35,2015,2016
2015-16,1718,Paul Pierce,Paul,1610612746,LAC,LA Clippers,21500298,2015-12-05T00:00:00,LAC vs. ORL,W,9.1,0.0,0.0,0.0,0.0,2.0,4.0,2.0,8.0,0.0,1.0,2.0,0.0,2.2,1,1,1,1,22784,12059,10158,9917,18861,2619,8458,4025,21543,8004,17214,11390,18762,24138,1.0,9:09,2015,2016
2015-16,202709,Cory Joseph,Cory,1610612761,TOR,Toronto Raptors,21500290,2015-12-05T00:00:00,TOR vs. GSW,L,29.7,0.0,0.0,1.0,8.0,2.0,15.0,11.0,20.0,1.0,0.0,4.0,3.0,12.5,1,13074,13074,13074,7776,12059,10158,9347,3109,2619,24781,21342,11929,2692,1,22104,4736,17372,1.0,29:44,2015,2016
2015-16,203486,Mason Plumlee,Mason,1610612757,POR,Portland Trail Blazers,21500294,2015-12-05T00:00:00,POR @ MIN,W,23.8,2.0,4.0,0.0,4.0,10.0,6.0,6.0,18.0,0.0,2.0,2.0,2.0,17.8,1,1,1,1,12714,6026,1596,9917,8599,17370,13237,13388,13577,8004,23588,11390,7786,13309,1.0,23:51,2015,2016
2015-16,203940,Adreian Payne,Adreian,1610612750,MIN,Minnesota Timberwolves,21500294,2015-12-05T00:00:00,MIN vs. POR,L,10.6,0.0,0.0,0.0,2.0,4.0,7.0,4.0,12.0,0.0,0.0,2.0,0.0,8.0,1,13074,13074,13074,22208,12059,10158,9917,12984,6141,15642,8806,18637,8004,1,11390,18762,20564,1.0,10:33,2015,2016
2015-16,203530,Joffrey Lauvergne,Joffrey,1610612743,DEN,Denver Nuggets,21500289,2015-12-05T00:00:00,DEN @ PHI,W,9.1,0.0,0.0,0.0,0.0,1.0,0.0,4.0,4.0,0.0,2.0,1.0,0.0,7.9,1,1,1,1,22820,12059,10158,9917,18861,2356,1,8806,23698,8004,23588,4972,18762,20646,1.0,9:03,2015,2016
2015-16,203477,Isaiah Canaan,Isaiah,1610612755,PHI,Philadelphia 76ers,21500289,2015-12-05T00:00:00,PHI vs. DEN,L,24.3,0.0,0.0,3.0,0.0,13.0,16.0,4.0,24.0,0.0,0.0,2.0,0.0,18.7,1,13074,13074,13074,12279,12059,10158,3302,18861,21300,25155,8806,8723,8004,1,11390,18762,12648,1.0,24:19,2015,2016
2015-16,203114,Khris Middleton,Khris,1610612749,MIL,Milwaukee Bucks,21500295,2015-12-05T00:00:00,MIL vs. NYK,W,31.6,0.0,0.0,0.0,0.0,8.0,7.0,5.0,22.0,0.0,1.0,1.0,2.0,16.3,1,1,1,1,6269,12059,10158,9917,18861,13914,15642,11593,10265,8004,17214,4972,7786,14372,1.0,31:33,2015,2016
2015-16,203526,Raul Neto,Raul,1610612762,UTA,Utah Jazz,21500297,2015-12-05T00:00:00,UTA vs. IND,W,18.4,0.0,3.0,5.0,6.0,13.0,3.0,5.0,14.0,0.0,0.0,2.0,1.0,17.9,1,1,1,1,17181,12059,3104,1277,5299,21300,7138,11593,17019,8004,1,11390,12373,13229,1.0,18:24,2015,2016
2015-16,201959,Taj Gibson,Taj,1610612741,CHI,Chicago Bulls,21500292,2015-12-05T00:00:00,CHI vs. CHA,L,20.9,0.0,0.0,0.0,2.0,8.0,11.0,2.0,14.0,0.0,0.0,3.0,1.0,18.3,1,13074,13074,13074,15153,12059,10158,9917,12984,13914,21814,4025,17019,8004,1,17641,12373,12952,1.0,20:54,2015,2016
2015-16,203099,Jared Cunningham,Jared,1610612739,CLE,Cleveland Cavaliers,21500291,2015-12-05T00:00:00,CLE @ MIA,L,32.0,2.0,7.0,2.0,4.0,9.0,2.0,5.0,20.0,0.0,1.0,3.0,3.0,16.5,1,13074,13074,13074,5851,6026,292,4675,8599,15771,3734,11593,11929,8004,17214,17641,4736,14224,1.0,32:02,2015,2016
2015-16,203897,Zach LaVine,Zach,1610612750,MIN,Minnesota Timberwolves,21500294,2015-12-05T00:00:00,MIN vs. POR,L,22.8,3.0,0.0,2.0,4.0,9.0,3.0,2.0,14.0,0.0,3.0,4.0,1.0,18.2,1,13074,13074,13074,13570,4307,10158,4675,8599,15771,7138,4025,17019,8004,25441,22104,12373,13004,1.0,22:45,2015,2016
2015-16,201577,Robin Lopez,Robin,1610612752,NYK,New York Knicks,21500295,2015-12-05T00:00:00,NYK @ MIL,L,20.7,2.0,0.0,0.0,4.0,10.0,8.0,6.0,36.0,1.0,0.0,1.0,2.0,7.7,1,13074,13074,13074,15334,6026,10158,9917,8599,17370,17345,13388,1943,2692,1,4972,7786,20733,1.0,20:40,2015,2016
2015-16,201949,James Johnson,James,1610612761,TOR,Toronto Raptors,21500290,2015-12-05T00:00:00,TOR vs. GSW,L,5.5,0.0,0.0,1.0,0.0,2.0,0.0,0.0,2.0,0.0,0.0,1.0,3.0,2.5,1,13074,13074,13074,24165,12059,10158,9347,18861,2619,1,1,24614,8004,1,4972,4736,24003,1.0,5:29,2015,2016
2015-16,1626163,Frank Kaminsky,Frank,1610612766,CHA,Charlotte Hornets,21500292,2015-12-05T00:00:00,CHA @ CHI,W,10.8,0.0,2.0,0.0,2.0,7.0,4.0,4.0,8.0,0.0,0.0,1.0,0.0,5.6,1,1,1,1,22099,12059,4731,9917,12984,12242,8458,8806,21543,8004,1,4972,18762,22133,1.0,10:51,2015,2016
2015-16,2757,Beno Udrih,Beno,1610612748,MIA,Miami Heat,21500291,2015-12-05T00:00:00,MIA vs. CLE,W,3.7,0.0,0.0,0.0,2.0,2.0,6.0,2.0,2.0,0.0,0.0,0.0,0.0,2.0,1,1,1,1,24831,12059,10158,9917,12984,2619,13237,4025,24614,8004,1,1,18762,24216,1.0,3:43,2015,2016
2015-16,203481,Jeff Withey,Jeff,1610612762,UTA,Utah Jazz,21500297,2015-12-05T00:00:00,UTA vs. IND,W,9.5,0.0,0.0,2.0,2.0,2.0,2.0,2.0,6.0,1.0,0.0,1.0,1.0,5.4,1,1,1,1,22652,12059,10158,4675,12984,2619,3734,4025,22724,2692,1,4972,12373,22242,1.0,9:28,2015,2016
2015-16,202682,Derrick Williams,Derrick,1610612752,NYK,New York Knicks,21500295,2015-12-05T00:00:00,NYK @ MIL,L,12.6,0.0,0.0,0.0,0.0,0.0,4.0,0.0,8.0,0.0,0.0,1.0,0.0,10.6,1,13074,13074,13074,21204,12059,10158,9917,18861,1,8458,1,21543,8004,1,4972,18762,18723,1.0,12:37,2015,2016
2015-16,202734,E'Twaun Moore,E'Twaun,1610612741,CHI,Chicago Bulls,21500292,2015-12-05T00:00:00,CHI vs. CHA,L,12.6,0.0,0.0,0.0,2.0,4.0,11.0,0.0,8.0,0.0,0.0,0.0,0.0,10.7,1,13074,13074,13074,21244,12059,10158,9917,12984,6141,21814,1,21543,8004,1,1,18762,18636,1.0,12:33,2015,2016
2015-16,201946,Tyler Hansbrough,Tyler,1610612766,CHA,Charlotte Hornets,21500292,2015-12-05T00:00:00,CHA @ CHI,W,2.7,0.0,0.0,0.0,2.0,2.0,2.0,0.0,4.0,0.0,0.0,0.0,0.0,2.0,1,1,1,1,25260,12059,10158,9917,12984,2619,3734,1,23698,8004,1,1,18762,24216,1.0,2:40,2015,2016
2015-16,203187,Chris Johnson,Chris,1610612762,UTA,Utah Jazz,21500297,2015-12-05T00:00:00,UTA vs. IND,W,6.0,0.0,0.0,0.0,0.0,3.0,3.0,0.0,2.0,0.0,0.0,1.0,0.0,1.5,1,1,1,1,23945,12059,10158,9917,18861,5109,7138,1,24614,8004,1,4972,18762,24473,1.0,6:03,2015,2016
2015-16,203503,Tony Snell,Tony,1610612741,CHI,Chicago Bulls,21500292,2015-12-05T00:00:00,CHI vs. CHA,L,12.1,0.0,0.0,0.0,0.0,0.0,0.0,0.0,10.0,0.0,0.0,0.0,0.0,1.5,1,13074,13074,13074,21462,12059,10158,9917,18861,1,1,1,20209,8004,1,1,18762,24473,1.0,12:08,2015,2016
2015-16,201147,Corey Brewer,Corey,1610612745,HOU,Houston Rockets,21500293,2015-12-05T00:00:00,HOU vs. SAC,W,13.2,1.0,0.0,1.0,2.0,6.0,6.0,4.0,12.0,0.0,0.0,3.0,1.0,10.6,1,1,1,1,20874,11535,10158,9347,12984,10028,13237,8806,18637,8004,1,17641,12373,18723,1.0,13:11,2015,2016
2015-16,203095,Evan Fournier,Evan,1610612753,ORL,Orlando Magic,21500298,2015-12-05T00:00:00,ORL @ LAC,L,16.6,0.0,0.0,0.0,2.0,11.0,9.0,2.0,18.0,1.0,0.0,4.0,2.0,11.0,1,13074,13074,13074,18617,12059,10158,9917,12984,18886,19144,4025,13577,2692,1,22104,7786,18430,1.0,16:33,2015,2016
2015-16,203798,PJ Hairston,PJ,1610612766,CHA,Charlotte Hornets,21500292,2015-12-05T00:00:00,CHA @ CHI,W,18.9,0.0,0.0,0.0,0.0,4.0,7.0,2.0,18.0,0.0,0.0,0.0,0.0,2.0,1,1,1,1,16804,12059,10158,9917,18861,6141,15642,4025,13577,8004,1,1,18762,24216,1.0,18:52,2015,2016
2015-16,2590,Mo Williams,Mo,1610612739,CLE,Cleveland Cavaliers,21500291,2015-12-05T00:00:00,CLE @ MIA,L,11.7,0.0,0.0,0.0,0.0,3.0,0.0,0.0,6.0,0.0,1.0,4.0,1.0,5.5,1,13074,13074,13074,21729,12059,10158,9917,18861,5109,1,1,22724,8004,17214,22104,12373,22196,1.0,11:41,2015,2016
2015-16,101127,Jarrett Jack,Jarrett,1610612751,BKN,Brooklyn Nets,21500283,2015-12-04T00:00:00,BKN @ NYK,L,23.6,0.0,0.0,3.0,2.0,11.0,11.0,7.0,22.0,0.0,1.0,2.0,1.0,11.1,1,13074,13074,13074,12870,12059,10158,3302,12984,18886,21814,15538,10265,8004,17214,11390,12373,18370,1.0,23:38,2015,2016
2015-16,2760,Anderson Varejao,Anderson,1610612739,CLE,Cleveland Cavaliers,21500288,2015-12-04T00:00:00,CLE @ NOP,L,3.8,0.0,0.0,0.0,0.0,0.0,0.0,9.0,6.0,0.0,0.0,0.0,1.0,2.0,1,13074,13074,13074,24774,12059,10158,9917,18861,1,1,18829,22724,8004,1,1,12373,24216,1.0,3:51,2015,2016
2015-16,203900,Markel Brown,Markel,1610612751,BKN,Brooklyn Nets,21500283,2015-12-04T00:00:00,BKN @ NYK,L,8.6,0.0,0.0,0.0,0.0,5.0,2.0,2.0,8.0,0.0,0.0,0.0,0.0,5.7,1,13074,13074,13074,22987,12059,10158,9917,18861,8403,3734,4025,21543,8004,1,1,18762,22054,1.0,8:38,2015,2016
2015-16,2210,Richard Jefferson,Richard,1610612739,CLE,Cleveland Cavaliers,21500288,2015-12-04T00:00:00,CLE @ NOP,L,14.2,0.0,0.0,0.0,0.0,13.0,4.0,0.0,14.0,0.0,0.0,4.0,0.0,10.8,1,13074,13074,13074,20267,12059,10158,9917,18861,21300,8458,1,17019,8004,1,22104,18762,18579,1.0,14:13,2015,2016
2015-16,202682,Derrick Williams,Derrick,1610612752,NYK,New York Knicks,21500283,2015-12-04T00:00:00,NYK vs. BKN,W,16.6,2.0,0.0,2.0,4.0,4.0,6.0,4.0,22.0,0.0,0.0,1.0,1.0,11.0,1,1,1,1,18576,6026,10158,4675,8599,6141,13237,8806,10265,8004,1,4972,12373,18430,1.0,16:36,2015,2016
2015-16,1626164,Devin Booker,Devin,1610612756,PHX,Phoenix Suns,21500284,2015-12-04T00:00:00,PHX @ WAS,L,16.1,4.0,0.0,2.0,8.0,10.0,4.0,0.0,22.0,0.0,0.0,1.0,0.0,11.2,1,13074,13074,13074,18995,2460,10158,4675,3109,17370,8458,1,10265,8004,1,4972,18762,18267,1.0,16:03,2015,2016
2015-16,202389,Timofey Mozgov,Timofey,1610612739,CLE,Cleveland Cavaliers,21500288,2015-12-04T00:00:00,CLE @ NOP,L,16.6,0.0,2.0,0.0,8.0,1.0,3.0,7.0,12.0,0.0,0.0,2.0,3.0,10.6,1,13074,13074,13074,18558,12059,4731,9917,3109,2356,7138,15538,18637,8004,1,11390,4736,18723,1.0,16:37,2015,2016
2015-16,201162,Jared Dudley,Jared,1610612764,WAS,Washington Wizards,21500284,2015-12-04T00:00:00,WAS vs. PHX,W,23.1,2.0,0.0,0.0,0.0,6.0,2.0,6.0,20.0,0.0,1.0,2.0,4.0,10.7,1,1,1,1,13322,6026,10158,9917,18861,10028,3734,13388,11929,8004,17214,11390,2748,18636,1.0,23:04,2015,2016
2015-16,1626178,Rondae Hollis-Jefferson,Rondae,1610612751,BKN,Brooklyn Nets,21500283,2015-12-04T00:00:00,BKN @ NYK,L,17.8,2.0,0.0,2.0,2.0,8.0,6.0,5.0,16.0,0.0,0.0,2.0,0.0,7.1,1,13074,13074,13074,17694,6026,10158,4675,12984,13914,13237,11593,15259,8004,1,11390,18762,21141,1.0,17:46,2015,2016
2015-16,203939,Dwight Powell,Dwight,1610612742,DAL,Dallas Mavericks,21500287,2015-12-04T00:00:00,DAL vs. HOU,L,16.0,0.0,0.0,2.0,6.0,6.0,0.0,5.0,14.0,1.0,1.0,0.0,3.0,21.7,1,13074,13074,13074,19035,12059,10158,4675,5299,10028,1,11593,17019,2692,17214,1,4736,10592,1.0,16:00,2015,2016
2015-16,202708,Norris Cole,Norris,1610612740,NOP,New Orleans Pelicans,21500288,2015-12-04T00:00:00,NOP vs. CLE,W,15.7,2.0,2.0,0.0,4.0,0.0,4.0,5.0,16.0,0.0,0.0,1.0,1.0,7.0,1,1,1,1,19301,6026,4731,9917,8599,1,8458,11593,15259,8004,1,4972,12373,21188,1.0,15:40,2015,2016
2015-16,203508,Sergey Karasev,Sergey,1610612751,BKN,Brooklyn Nets,21500283,2015-12-04T00:00:00,BKN @ NYK,L,8.5,0.0,0.0,0.0,0.0,2.0,2.0,4.0,6.0,0.0,0.0,0.0,0.0,0.0,1,13074,13074,13074,23032,12059,10158,9917,18861,2619,3734,8806,22724,8004,1,1,18762,25170,1.0,8:28,2015,2016
2015-16,202337,Luke Babbitt,Luke,1610612740,NOP,New Orleans Pelicans,21500288,2015-12-04T00:00:00,NOP vs. CLE,W,5.4,0.0,0.0,0.0,0.0,2.0,2.0,3.0,8.0,0.0,0.0,2.0,0.0,0.0,1,1,1,1,24231,12059,10158,9917,18861,2619,3734,7328,21543,8004,1,11390,18762,25170,1.0,5:21,2015,2016
2015-16,201580,JaVale McGee,JaVale,1610612742,DAL,Dallas Mavericks,21500287,2015-12-04T00:00:00,DAL vs. HOU,L,3.4,0.0,0.0,0.0,0.0,0.0,0.0,3.0,4.0,0.0,0.0,2.0,0.0,0.0,1,13074,13074,13074,24976,12059,10158,9917,18861,1,1,7328,23698,8004,1,11390,18762,25170,1.0,3:22,2015,2016
2015-16,203948,Johnny O'Bryant III,Johnny,1610612749,MIL,Milwaukee Bucks,21500285,2015-12-04T00:00:00,MIL @ DET,L,8.6,0.0,0.0,0.0,0.0,7.0,0.0,0.0,8.0,0.0,0.0,1.0,0.0,6.7,1,13074,13074,13074,22987,12059,10158,9917,18861,12242,1,1,21543,8004,1,4972,18762,21376,1.0,8:38,2015,2016
2015-16,1626162,Kelly Oubre Jr.,Kelly,1610612764,WAS,Washington Wizards,21500284,2015-12-04T00:00:00,WAS vs. PHX,W,3.1,0.0,0.0,0.0,0.0,0.0,0.0,0.0,4.0,0.0,0.0,1.0,0.0,0.0,1,1,1,1,25092,12059,10158,9917,18861,1,1,1,23698,8004,1,4972,18762,25170,1.0,3:05,2015,2016
2015-16,203934,Lamar Patterson,Lamar,1610612737,ATL,Atlanta Hawks,21500286,2015-12-04T00:00:00,ATL vs. LAL,W,6.4,0.0,0.0,0.0,0.0,0.0,0.0,2.0,4.0,0.0,0.0,2.0,0.0,-1.0,1,1,1,1,23789,12059,10158,9917,18861,1,1,4025,23698,8004,1,11390,18762,25932,1.0,6:23,2015,2016
2015-16,202388,Donald Sloan,Donald,1610612751,BKN,Brooklyn Nets,21500283,2015-12-04T00:00:00,BKN @ NYK,L,3.6,0.0,0.0,0.0,0.0,2.0,2.0,2.0,4.0,0.0,0.0,0.0,0.0,-1.0,1,13074,13074,13074,24884,12059,10158,9917,18861,2619,3734,4025,23698,8004,1,1,18762,25932,1.0,3:34,2015,2016
2015-16,202087,Alonzo Gee,Alonzo,1610612740,NOP,New Orleans Pelicans,21500288,2015-12-04T00:00:00,NOP vs. CLE,W,12.5,1.0,0.0,1.0,2.0,7.0,0.0,2.0,12.0,0.0,0.0,4.0,1.0,4.7,1,1,1,1,21258,11535,10158,9347,12984,12242,1,4025,18637,8004,1,22104,12373,22672,1.0,12:32,2015,2016
2015-16,201977,Marcus Thornton,Marcus,1610612745,HOU,Houston Rockets,21500287,2015-12-04T00:00:00,HOU @ DAL,W,6.0,2.0,2.0,0.0,2.0,4.0,0.0,4.0,8.0,0.0,0.0,0.0,0.0,4.4,1,1,1,1,23978,6026,4731,9917,12984,6141,1,8806,21543,8004,1,1,18762,22837,1.0,5:58,2015,2016
2015-16,200811,Lou Amundson,Lou,1610612752,NYK,New York Knicks,21500283,2015-12-04T00:00:00,NYK vs. BKN,W,3.6,0.0,2.0,0.0,2.0,0.0,0.0,2.0,8.0,0.0,0.0,0.0,0.0,4.4,1,1,1,1,24884,12059,4731,9917,12984,1,1,4025,21543,8004,1,1,18762,22837,1.0,3:34,2015,2016
2015-16,203141,Mirza Teletovic,Mirza,1610612756,PHX,Phoenix Suns,21500284,2015-12-04T00:00:00,PHX @ WAS,L,7.5,0.0,0.0,0.0,0.0,6.0,2.0,4.0,16.0,0.0,0.0,0.0,1.0,4.9,1,13074,13074,13074,23401,12059,10158,9917,18861,10028,3734,8806,15259,8004,1,1,12373,22621,1.0,7:28,2015,2016
2015-16,200797,Ryan Hollins,Ryan,1610612764,WAS,Washington Wizards,21500284,2015-12-04T00:00:00,WAS vs. PHX,W,12.8,0.0,0.0,0.0,2.0,0.0,2.0,2.0,6.0,0.0,0.0,2.0,1.0,4.8,1,1,1,1,21075,12059,10158,9917,12984,1,3734,4025,22724,8004,1,11390,12373,22657,1.0,12:49,2015,2016
2015-16,1626156,D'Angelo Russell,D'Angelo,1610612747,LAL,Los Angeles Lakers,21500286,2015-12-04T00:00:00,LAL @ ATL,L,36.4,0.0,0.0,0.0,4.0,20.0,9.0,13.0,32.0,0.0,1.0,2.0,1.0,30.0,1,13074,13074,13074,2452,12059,10158,9917,8599,25338,19144,23048,3535,8004,17214,11390,12373,5840,1.0,36:25,2015,2016
2015-16,203499,Shane Larkin,Shane,1610612751,BKN,Brooklyn Nets,21500283,2015-12-04T00:00:00,BKN @ NYK,L,22.6,2.0,0.0,2.0,4.0,5.0,0.0,6.0,14.0,1.0,0.0,1.0,0.0,23.9,1,13074,13074,13074,13689,6026,10158,4675,8599,8403,1,13388,17019,2692,1,4972,18762,9184,1.0,22:36,2015,2016
2015-16,203083,Andre Drummond,Andre,1610612765,DET,Detroit Pistons,21500285,2015-12-04T00:00:00,DET vs. MIL,W,35.9,0.0,2.0,1.0,14.0,10.0,6.0,7.0,34.0,2.0,2.0,2.0,9.0,59.1,1,1,1,1,2851,12059,4731,9347,542,17370,13237,15538,2701,932,23588,11390,138,233,1.0,35:52,2015,2016
2015-16,201143,Al Horford,Al,1610612737,ATL,Atlanta Hawks,21500286,2015-12-04T00:00:00,ATL vs. LAL,W,33.3,6.0,0.0,0.0,6.0,6.0,11.0,2.0,22.0,1.0,0.0,0.0,2.0,37.3,1,1,1,1,4910,878,10158,9917,5299,10028,21814,4025,10265,2692,1,1,7786,3105,1.0,33:17,2015,2016
2015-16,203076,Anthony Davis,Anthony,1610612740,NOP,New Orleans Pelicans,21500288,2015-12-04T00:00:00,NOP vs. CLE,W,46.3,4.0,3.0,3.0,10.0,19.0,8.0,11.0,32.0,1.0,0.0,2.0,7.0,60.9,1,1,1,1,51,2460,3104,3302,1840,25074,17345,21342,3535,2692,1,11390,469,186,1.0,46:16,2015,2016
2015-16,2594,Kyle Korver,Kyle,1610612737,ATL,Atlanta Hawks,21500286,2015-12-04T00:00:00,ATL vs. LAL,W,32.6,2.0,0.0,2.0,2.0,15.0,12.0,6.0,18.0,3.0,0.0,1.0,0.0,29.2,1,1,1,1,5452,6026,10158,4675,12984,23079,22832,13388,13577,347,1,4972,18762,6243,1.0,32:34,2015,2016
2015-16,201229,Anthony Tolliver,Anthony,1610612765,DET,Detroit Pistons,21500285,2015-12-04T00:00:00,DET vs. MIL,W,23.1,3.0,0.0,0.0,0.0,4.0,6.0,6.0,26.0,2.0,1.0,0.0,2.0,24.5,1,1,1,1,13268,4307,10158,9917,18861,6141,13237,13388,7214,932,17214,1,7786,8801,1.0,23:07,2015,2016
2015-16,203078,Bradley Beal,Bradley,1610612764,WAS,Washington Wizards,21500284,2015-12-04T00:00:00,WAS vs. PHX,W,38.3,8.0,4.0,2.0,8.0,13.0,8.0,8.0,28.0,0.0,1.0,3.0,3.0,55.1,1,1,1,1,1398,308,1596,4675,3109,21300,17345,17194,5824,8004,17214,17641,4736,391,1.0,38:15,2015,2016
2015-16,201583,Ryan Anderson,Ryan,1610612740,NOP,New Orleans Pelicans,21500288,2015-12-04T00:00:00,NOP vs. CLE,W,31.6,5.0,6.0,0.0,4.0,8.0,4.0,10.0,26.0,0.0,0.0,3.0,5.0,24.0,1,1,1,1,6236,1603,481,9917,8599,13914,8458,20169,7214,8004,1,17641,1539,9121,1.0,31:36,2015,2016
2015-16,201935,James Harden,James,1610612745,HOU,Houston Rockets,21500287,2015-12-04T00:00:00,HOU @ DAL,W,36.1,10.0,2.0,8.0,10.0,16.0,10.0,15.0,26.0,2.0,1.0,1.0,5.0,53.1,1,1,1,1,2649,99,4731,280,1840,23774,20509,24242,7214,932,17214,4972,1539,513,1.0,36:08,2015,2016
2015-16,2544,LeBron James,LeBron,1610612739,CLE,Cleveland Cavaliers,21500288,2015-12-04T00:00:00,CLE @ NOP,L,44.8,9.0,4.0,9.0,22.0,8.0,14.0,18.0,38.0,1.0,0.0,4.0,8.0,58.4,1,13074,13074,13074,89,171,1596,184,25,13914,24300,25228,1422,2692,1,22104,254,257,1.0,44:47,2015,2016
2015-16,203507,Giannis Antetokounmpo,Giannis,1610612749,MIL,Milwaukee Bucks,21500285,2015-12-04T00:00:00,MIL @ DET,L,33.7,0.0,2.0,0.0,6.0,15.0,5.0,6.0,26.0,1.0,0.0,5.0,2.0,24.8,1,13074,13074,13074,4617,12059,4731,9917,5299,23079,11469,13388,7214,2692,1,24686,7786,8614,1.0,33:40,2015,2016
2015-16,2546,Carmelo Anthony,Carmelo,1610612752,NYK,New York Knicks,21500283,2015-12-04T00:00:00,NYK vs. BKN,W,31.4,9.0,0.0,7.0,4.0,14.0,8.0,9.0,38.0,0.0,0.0,1.0,4.0,44.9,1,1,1,1,6386,171,10158,454,8599,22292,17345,18829,1422,8004,1,4972,2748,1380,1.0,31:24,2015,2016
2015-16,202322,John Wall,John,1610612764,WAS,Washington Wizards,21500284,2015-12-04T00:00:00,WAS vs. PHX,W,37.0,6.0,0.0,2.0,4.0,11.0,8.0,8.0,26.0,0.0,1.0,3.0,6.0,36.7,1,1,1,1,2055,878,10158,4675,8599,18886,17345,17194,7214,8004,17214,17641,873,3269,1.0,37:03,2015,2016
2015-16,203093,Terrence Jones,Terrence,1610612745,HOU,Houston Rockets,21500287,2015-12-04T00:00:00,HOU @ DAL,W,32.3,2.0,6.0,2.0,14.0,16.0,7.0,10.0,26.0,0.0,0.0,4.0,2.0,24.3,1,1,1,1,5650,6026,481,4675,542,23774,15642,20169,7214,8004,1,22104,7786,8939,1.0,32:18,2015,2016
2015-16,201951,Ty Lawson,Ty,1610612745,HOU,Houston Rockets,21500287,2015-12-04T00:00:00,HOU @ DAL,W,19.8,3.0,0.0,5.0,4.0,9.0,7.0,8.0,26.0,0.0,1.0,2.0,3.0,11.7,1,1,1,1,16047,4307,10158,1277,8599,15771,15642,17194,7214,8004,17214,11390,4736,17903,1.0,19:50,2015,2016
2015-16,204038,Langston Galloway,Langston,1610612752,NYK,New York Knicks,21500283,2015-12-04T00:00:00,NYK vs. BKN,W,20.2,2.0,0.0,2.0,2.0,4.0,8.0,4.0,26.0,0.0,1.0,0.0,0.0,20.0,1,1,1,1,15694,6026,10158,4675,12984,6141,17345,8806,7214,8004,17214,1,18762,11752,1.0,20:14,2015,2016
2015-16,1717,Dirk Nowitzki,Dirk,1610612742,DAL,Dallas Mavericks,21500287,2015-12-04T00:00:00,DAL vs. HOU,L,31.3,4.0,2.0,0.0,6.0,18.0,11.0,10.0,28.0,0.0,0.0,2.0,5.0,40.0,1,13074,13074,13074,6437,2460,4731,9917,5299,24749,21814,20169,5824,8004,1,11390,1539,2364,1.0,31:20,2015,2016
2015-16,201573,Jerryd Bayless,Jerryd,1610612749,MIL,Milwaukee Bucks,21500285,2015-12-04T00:00:00,MIL @ DET,L,26.1,0.0,0.0,2.0,6.0,18.0,2.0,4.0,26.0,0.0,0.0,1.0,2.0,20.1,1,13074,13074,13074,10803,12059,10158,4675,5299,24749,3734,8806,7214,8004,1,4972,7786,11685,1.0,26:03,2015,2016
2015-16,2734,Devin Harris,Devin,1610612742,DAL,Dallas Mavericks,21500287,2015-12-04T00:00:00,DAL vs. HOU,L,19.6,2.0,0.0,2.0,6.0,11.0,4.0,7.0,22.0,0.0,0.0,2.0,2.0,15.2,1,13074,13074,13074,16198,6026,10158,4675,5299,18886,8458,15538,10265,8004,1,11390,7786,15219,1.0,19:39,2015,2016
2015-16,202339,Eric Bledsoe,Eric,1610612756,PHX,Phoenix Suns,21500284,2015-12-04T00:00:00,PHX @ WAS,L,35.2,4.0,2.0,2.0,10.0,22.0,13.0,11.0,30.0,0.0,0.0,2.0,3.0,41.3,1,13074,13074,13074,3355,2460,4731,4675,1840,25683,23668,21342,4541,8004,1,11390,4736,2074,1.0,35:15,2015,2016
2015-16,203114,Khris Middleton,Khris,1610612749,MIL,Milwaukee Bucks,21500285,2015-12-04T00:00:00,MIL @ DET,L,33.9,0.0,0.0,3.0,6.0,11.0,5.0,7.0,24.0,0.0,1.0,3.0,2.0,30.5,1,13074,13074,13074,4471,12059,10158,3302,5299,18886,11469,15538,8723,8004,17214,17641,7786,5620,1.0,33:51,2015,2016
2015-16,201147,Corey Brewer,Corey,1610612745,HOU,Houston Rockets,21500287,2015-12-04T00:00:00,HOU @ DAL,W,26.1,0.0,0.0,0.0,4.0,10.0,7.0,8.0,28.0,0.0,0.0,3.0,1.0,15.9,1,1,1,1,10802,12059,10158,9917,8599,17370,15642,17194,5824,8004,1,17641,12373,14675,1.0,26:03,2015,2016
2015-16,201971,DeJuan Blair,DeJuan,1610612764,WAS,Washington Wizards,21500284,2015-12-04T00:00:00,WAS vs. PHX,W,10.4,2.0,2.0,0.0,4.0,6.0,2.0,4.0,12.0,0.0,0.0,2.0,2.0,11.8,1,1,1,1,22289,6026,4731,9917,8599,10028,3734,8806,18637,8004,1,11390,7786,17832,1.0,10:23,2015,2016
2015-16,101150,Lou Williams,Lou,1610612747,LAL,Los Angeles Lakers,21500286,2015-12-04T00:00:00,LAL @ ATL,L,30.9,4.0,0.0,5.0,4.0,11.0,6.0,13.0,32.0,1.0,3.0,3.0,3.0,27.2,1,13074,13074,13074,6851,2460,10158,1277,8599,18886,13237,23048,3535,2692,25441,17641,4736,7289,1.0,30:51,2015,2016
2015-16,203488,Mike Muscala,Mike,1610612737,ATL,Atlanta Hawks,21500286,2015-12-04T00:00:00,ATL vs. LAL,W,12.2,0.0,0.0,0.0,2.0,11.0,0.0,5.0,8.0,1.0,1.0,0.0,1.0,11.6,1,1,1,1,21417,12059,10158,9917,12984,18886,1,11593,21543,2692,17214,1,12373,17970,1.0,12:14,2015,2016
2015-16,101114,Deron Williams,Deron,1610612742,DAL,Dallas Mavericks,21500287,2015-12-04T00:00:00,DAL vs. HOU,L,38.4,10.0,3.0,10.0,6.0,21.0,16.0,16.0,32.0,0.0,1.0,4.0,2.0,30.2,1,13074,13074,13074,1349,99,3104,118,5299,25535,25155,24641,3535,8004,17214,22104,7786,5751,1.0,38:21,2015,2016
2015-16,203186,Willie Reed,Willie,1610612751,BKN,Brooklyn Nets,21500283,2015-12-04T00:00:00,BKN @ NYK,L,10.7,2.0,2.0,0.0,6.0,2.0,2.0,4.0,10.0,1.0,0.0,0.0,4.0,15.8,1,13074,13074,13074,22138,6026,4731,9917,5299,2619,3734,8806,20209,2692,1,1,2748,14754,1.0,10:44,2015,2016
2015-16,201952,Jeff Teague,Jeff,1610612737,ATL,Atlanta Hawks,21500286,2015-12-04T00:00:00,ATL vs. LAL,W,31.5,2.0,0.0,2.0,4.0,16.0,12.0,3.0,20.0,0.0,1.0,0.0,3.0,26.7,1,1,1,1,6323,6026,10158,4675,8599,23774,22832,7328,11929,8004,17214,1,4736,7525,1.0,31:29,2015,2016
2015-16,1626169,Stanley Johnson,Stanley,1610612765,DET,Detroit Pistons,21500285,2015-12-04T00:00:00,DET vs. MIL,W,23.3,5.0,0.0,2.0,2.0,6.0,4.0,6.0,28.0,0.0,0.0,2.0,0.0,15.7,1,1,1,1,13092,1603,10158,4675,12984,10028,8458,13388,5824,8004,1,11390,18762,14841,1.0,23:20,2015,2016
2015-16,202328,Greg Monroe,Greg,1610612749,MIL,Milwaukee Bucks,21500285,2015-12-04T00:00:00,MIL @ DET,L,33.3,2.0,4.0,2.0,12.0,13.0,5.0,6.0,28.0,2.0,1.0,2.0,0.0,42.1,1,13074,13074,13074,4911,6026,1596,4675,988,21300,11469,13388,5824,932,17214,11390,18762,1910,1.0,33:17,2015,2016
2015-16,202711,Bojan Bogdanović,Bojan,1610612751,BKN,Brooklyn Nets,21500283,2015-12-04T00:00:00,BKN @ NYK,L,18.9,0.0,0.0,0.0,4.0,6.0,7.0,6.0,14.0,0.0,0.0,1.0,0.0,20.4,1,13074,13074,13074,16777,12059,10158,9917,8599,10028,15642,13388,17019,8004,1,4972,18762,11453,1.0,18:54,2015,2016
2015-16,203903,Jordan Clarkson,Jordan,1610612747,LAL,Los Angeles Lakers,21500286,2015-12-04T00:00:00,LAL @ ATL,L,28.7,6.0,3.0,0.0,0.0,9.0,3.0,0.0,16.0,0.0,1.0,2.0,0.0,20.6,1,13074,13074,13074,8603,878,3104,9917,18861,15771,7138,1,15259,8004,17214,11390,18762,11314,1.0,28:44,2015,2016
2015-16,202684,Tristan Thompson,Tristan,1610612739,CLE,Cleveland Cavaliers,21500288,2015-12-04T00:00:00,CLE @ NOP,L,32.0,0.0,2.0,0.0,4.0,16.0,11.0,2.0,24.0,0.0,0.0,3.0,1.0,20.5,1,13074,13074,13074,5849,12059,4731,9917,8599,23774,21814,4025,8723,8004,1,17641,12373,11401,1.0,32:03,2015,2016
2015-16,1626170,Jerian Grant,Jerian,1610612752,NYK,New York Knicks,21500283,2015-12-04T00:00:00,NYK vs. BKN,W,17.9,0.0,0.0,2.0,2.0,4.0,6.0,4.0,24.0,0.0,1.0,1.0,0.0,12.1,1,1,1,1,17579,12059,10158,4675,12984,6141,13237,8806,8723,8004,17214,4972,18762,17639,1.0,17:55,2015,2016
2015-16,201152,Thaddeus Young,Thaddeus,1610612751,BKN,Brooklyn Nets,21500283,2015-12-04T00:00:00,BKN @ NYK,L,32.8,2.0,6.0,2.0,12.0,13.0,9.0,11.0,30.0,0.0,3.0,0.0,3.0,32.7,1,13074,13074,13074,5284,6026,481,4675,988,21300,19144,21342,4541,8004,25441,1,4736,4649,1.0,32:47,2015,2016
2015-16,202694,Marcus Morris Sr.,Marcus,1610612765,DET,Detroit Pistons,21500285,2015-12-04T00:00:00,DET vs. MIL,W,39.4,4.0,0.0,0.0,6.0,4.0,10.0,5.0,40.0,0.0,3.0,1.0,6.0,33.3,1,1,1,1,933,2460,10158,9917,5299,6141,20509,11593,983,8004,25441,4972,873,4423,1.0,39:21,2015,2016
2015-16,2747,JR Smith,JR,1610612739,CLE,Cleveland Cavaliers,21500288,2015-12-04T00:00:00,CLE @ NOP,L,36.9,3.0,0.0,0.0,0.0,9.0,10.0,11.0,26.0,0.0,0.0,5.0,4.0,21.8,1,13074,13074,13074,2130,4307,10158,9917,18861,15771,20509,21342,7214,8004,1,24686,2748,10526,1.0,36:55,2015,2016
2015-16,202066,Garrett Temple,Garrett,1610612764,WAS,Washington Wizards,21500284,2015-12-04T00:00:00,WAS vs. PHX,W,34.9,0.0,0.0,3.0,2.0,15.0,6.0,6.0,32.0,0.0,0.0,2.0,3.0,14.1,1,1,1,1,3623,12059,10158,3302,12984,23079,13237,13388,3535,8004,1,11390,4736,16094,1.0,34:53,2015,2016
2015-16,201167,Arron Afflalo,Arron,1610612752,NYK,New York Knicks,21500283,2015-12-04T00:00:00,NYK vs. BKN,W,29.3,2.0,0.0,0.0,6.0,14.0,8.0,9.0,36.0,0.0,0.0,2.0,2.0,22.1,1,1,1,1,8109,6026,10158,9917,5299,22292,17345,18829,1943,8004,1,11390,7786,10332,1.0,29:19,2015,2016
2015-16,1626204,Larry Nance Jr.,Larry,1610612747,LAL,Los Angeles Lakers,21500286,2015-12-04T00:00:00,LAL @ ATL,L,20.2,0.0,2.0,0.0,6.0,4.0,2.0,1.0,14.0,0.0,1.0,0.0,0.0,17.4,1,13074,13074,13074,15713,12059,4731,9917,5299,6141,3734,3646,17019,8004,17214,1,18762,13595,1.0,20:13,2015,2016
2015-16,2585,Zaza Pachulia,Zaza,1610612742,DAL,Dallas Mavericks,21500287,2015-12-04T00:00:00,DAL vs. HOU,L,29.3,0.0,7.0,0.0,6.0,15.0,14.0,14.0,24.0,0.0,1.0,0.0,3.0,22.2,1,13074,13074,13074,8094,12059,292,9917,5299,23079,24300,23710,8723,8004,17214,1,4736,10263,1.0,29:21,2015,2016
2015-16,101179,Ronnie Price,Ronnie,1610612756,PHX,Phoenix Suns,21500284,2015-12-04T00:00:00,PHX @ WAS,L,19.0,0.0,0.0,0.0,0.0,8.0,5.0,4.0,24.0,0.0,0.0,3.0,4.0,17.0,1,13074,13074,13074,16693,12059,10158,9917,18861,13914,11469,8806,8723,8004,1,17641,2748,13855,1.0,19:01,2015,2016
2015-16,204001,Kristaps Porziņģis,Kristaps,1610612752,NYK,New York Knicks,21500283,2015-12-04T00:00:00,NYK vs. BKN,W,26.3,2.0,7.0,0.0,6.0,6.0,8.0,5.0,26.0,2.0,0.0,3.0,1.0,39.0,1,1,1,1,10626,6026,292,9917,5299,10028,17345,11593,7214,932,1,17641,12373,2642,1.0,26:16,2015,2016
2015-16,200794,Paul Millsap,Paul,1610612737,ATL,Atlanta Hawks,21500286,2015-12-04T00:00:00,ATL vs. LAL,W,33.8,0.0,0.0,0.0,12.0,19.0,12.0,6.0,20.0,2.0,2.0,3.0,3.0,37.6,1,1,1,1,4494,12059,10158,9917,988,25074,22832,13388,11929,932,23588,17641,4736,3018,1.0,33:49,2015,2016
2015-16,101141,Ersan Ilyasova,Ersan,1610612765,DET,Detroit Pistons,21500285,2015-12-04T00:00:00,DET vs. MIL,W,24.9,0.0,3.0,0.0,0.0,6.0,4.0,3.0,24.0,0.0,0.0,1.0,3.0,22.6,1,1,1,1,11762,12059,3104,9917,18861,10028,8458,7328,8723,8004,1,4972,4736,10000,1.0,24:53,2015,2016
2015-16,202704,Reggie Jackson,Reggie,1610612765,DET,Detroit Pistons,21500285,2015-12-04T00:00:00,DET vs. MIL,W,33.1,7.0,0.0,2.0,10.0,8.0,6.0,5.0,32.0,0.0,0.0,1.0,5.0,32.7,1,1,1,1,5055,548,10158,4675,1840,13914,13237,11593,3535,8004,1,4972,1539,4649,1.0,33:05,2015,2016
2015-16,2207,Joe Johnson,Joe,1610612751,BKN,Brooklyn Nets,21500283,2015-12-04T00:00:00,BKN @ NYK,L,31.7,0.0,0.0,0.0,2.0,10.0,9.0,9.0,24.0,0.0,0.0,3.0,1.0,21.8,1,13074,13074,13074,6138,12059,10158,9917,12984,17370,19144,18829,8723,8004,1,17641,12373,10526,1.0,31:43,2015,2016
2015-16,201950,Jrue Holiday,Jrue,1610612740,NOP,New Orleans Pelicans,21500288,2015-12-04T00:00:00,NOP vs. CLE,W,25.0,3.0,0.0,0.0,6.0,6.0,4.0,5.0,16.0,0.0,0.0,3.0,3.0,32.9,1,1,1,1,11656,4307,10158,9917,5299,10028,8458,11593,15259,8004,1,17641,4736,4566,1.0,25:01,2015,2016
2015-16,2772,Trevor Ariza,Trevor,1610612745,HOU,Houston Rockets,21500287,2015-12-04T00:00:00,HOU @ DAL,W,38.7,4.0,3.0,4.0,6.0,15.0,9.0,11.0,30.0,1.0,0.0,2.0,3.0,38.7,1,1,1,1,1205,2460,3104,1913,5299,23079,19144,21342,4541,2692,1,11390,4736,2717,1.0,38:39,2015,2016
2015-16,203484,Kentavious Caldwell-Pope,Kentavious,1610612765,DET,Detroit Pistons,21500285,2015-12-04T00:00:00,DET vs. MIL,W,33.3,6.0,0.0,4.0,2.0,10.0,6.0,7.0,32.0,0.0,0.0,2.0,5.0,12.9,1,1,1,1,4879,878,10158,1913,12984,17370,13237,15538,3535,8004,1,11390,1539,17049,1.0,33:19,2015,2016
2015-16,200757,Thabo Sefolosha,Thabo,1610612737,ATL,Atlanta Hawks,21500286,2015-12-04T00:00:00,ATL vs. LAL,W,31.7,5.0,3.0,0.0,0.0,19.0,12.0,6.0,20.0,1.0,2.0,1.0,0.0,18.5,1,1,1,1,6131,1603,3104,9917,18861,25074,22832,13388,11929,2692,23588,4972,18762,12794,1.0,31:43,2015,2016
2015-16,203521,Matthew Dellavedova,Matthew,1610612739,CLE,Cleveland Cavaliers,21500288,2015-12-04T00:00:00,CLE @ NOP,L,42.0,3.0,0.0,0.0,0.0,11.0,14.0,13.0,32.0,0.0,0.0,3.0,0.0,16.4,1,13074,13074,13074,310,4307,10158,9917,18861,18886,24300,23048,3535,8004,1,17641,18762,14289,1.0,42:02,2015,2016
2015-16,2590,Mo Williams,Mo,1610612739,CLE,Cleveland Cavaliers,21500288,2015-12-04T00:00:00,CLE @ NOP,L,22.6,2.0,0.0,2.0,2.0,12.0,2.0,12.0,20.0,0.0,1.0,2.0,1.0,12.7,1,13074,13074,13074,13704,6026,10158,4675,12984,20178,3734,22259,11929,8004,17214,11390,12373,17201,1.0,22:35,2015,2016
2015-16,201579,Roy Hibbert,Roy,1610612747,LAL,Los Angeles Lakers,21500286,2015-12-04T00:00:00,LAL @ ATL,L,23.2,0.0,3.0,0.0,4.0,7.0,5.0,6.0,16.0,1.0,0.0,1.0,1.0,18.5,1,13074,13074,13074,13180,12059,3104,9917,8599,12242,11469,13388,15259,2692,1,4972,12373,12794,1.0,23:13,2015,2016
2015-16,1897,Metta World Peace,Metta,1610612747,LAL,Los Angeles Lakers,21500286,2015-12-04T00:00:00,LAL @ ATL,L,12.7,0.0,0.0,0.0,0.0,3.0,0.0,0.0,6.0,0.0,0.0,1.0,0.0,8.1,1,13074,13074,13074,21172,12059,10158,9917,18861,5109,1,1,22724,8004,1,4972,18762,20521,1.0,12:40,2015,2016
2015-16,1626173,Rashad Vaughn,Rashad,1610612749,MIL,Milwaukee Bucks,21500285,2015-12-04T00:00:00,MIL @ DET,L,10.6,0.0,0.0,0.0,0.0,7.0,2.0,0.0,10.0,0.0,1.0,3.0,0.0,3.0,1,13074,13074,13074,22201,12059,10158,9917,18861,12242,3734,1,20209,8004,17214,17641,18762,23648,1.0,10:34,2015,2016
2015-16,201961,Wayne Ellington,Wayne,1610612751,BKN,Brooklyn Nets,21500283,2015-12-04T00:00:00,BKN @ NYK,L,13.2,4.0,2.0,2.0,4.0,5.0,0.0,6.0,8.0,0.0,1.0,0.0,1.0,7.9,1,13074,13074,13074,20894,2460,4731,4675,8599,8403,1,13388,21543,8004,17214,1,12373,20646,1.0,13:09,2015,2016
2015-16,201569,Eric Gordon,Eric,1610612740,NOP,New Orleans Pelicans,21500288,2015-12-04T00:00:00,NOP vs. CLE,W,30.9,0.0,0.0,6.0,2.0,15.0,2.0,9.0,24.0,0.0,0.0,0.0,2.0,21.2,1,1,1,1,6849,12059,10158,740,12984,23079,3734,18829,8723,8004,1,1,7786,10936,1.0,30:51,2015,2016
2015-16,1626149,Montrezl Harrell,Montrezl,1610612745,HOU,Houston Rockets,21500287,2015-12-04T00:00:00,HOU @ DAL,W,12.6,0.0,0.0,0.0,0.0,7.0,3.0,10.0,18.0,0.0,1.0,2.0,0.0,8.1,1,1,1,1,21184,12059,10158,9917,18861,12242,7138,20169,13577,8004,17214,11390,18762,20521,1.0,12:39,2015,2016
2015-16,1891,Jason Terry,Jason,1610612745,HOU,Houston Rockets,21500287,2015-12-04T00:00:00,HOU @ DAL,W,11.8,0.0,2.0,0.0,4.0,6.0,2.0,3.0,16.0,0.0,0.0,2.0,0.0,12.7,1,1,1,1,21669,12059,4731,9917,8599,10028,3734,7328,15259,8004,1,11390,18762,17201,1.0,11:51,2015,2016
2015-16,203933,T.J. Warren,T.J.,1610612756,PHX,Phoenix Suns,21500284,2015-12-04T00:00:00,PHX @ WAS,L,21.8,2.0,0.0,2.0,4.0,18.0,4.0,6.0,36.0,0.0,1.0,4.0,0.0,13.0,1,13074,13074,13074,14330,6026,10158,4675,8599,24749,8458,13388,1943,8004,17214,22104,18762,16969,1.0,21:49,2015,2016
2015-16,201600,Omer Asik,Omer,1610612740,NOP,New Orleans Pelicans,21500288,2015-12-04T00:00:00,NOP vs. CLE,W,25.0,0.0,3.0,0.0,2.0,9.0,4.0,4.0,22.0,0.0,1.0,3.0,3.0,18.5,1,1,1,1,11656,12059,3104,9917,12984,15771,8458,8806,10265,8004,17214,17641,4736,12794,1.0,25:01,2015,2016
2015-16,202338,Kevin Seraphin,Kevin,1610612752,NYK,New York Knicks,21500283,2015-12-04T00:00:00,NYK vs. BKN,W,14.1,0.0,0.0,2.0,2.0,6.0,6.0,4.0,20.0,1.0,1.0,3.0,1.0,12.6,1,1,1,1,20328,12059,10158,4675,12984,10028,13237,8806,11929,2692,17214,17641,12373,17277,1.0,14:08,2015,2016
2015-16,203953,Jabari Parker,Jabari,1610612749,MIL,Milwaukee Bucks,21500285,2015-12-04T00:00:00,MIL @ DET,L,19.1,2.0,2.0,0.0,6.0,10.0,3.0,5.0,6.0,0.0,1.0,5.0,1.0,16.0,1,13074,13074,13074,16628,6026,4731,9917,5299,17370,7138,11593,22724,8004,17214,24686,12373,14590,1.0,19:05,2015,2016
2015-16,201196,Ramon Sessions,Ramon,1610612764,WAS,Washington Wizards,21500284,2015-12-04T00:00:00,WAS vs. PHX,W,23.8,6.0,2.0,4.0,16.0,12.0,4.0,6.0,24.0,0.0,0.0,2.0,2.0,21.4,1,1,1,1,12756,878,4731,1913,275,20178,8458,13388,8723,8004,1,11390,7786,10807,1.0,23:48,2015,2016
2015-16,203382,Aron Baynes,Aron,1610612765,DET,Detroit Pistons,21500285,2015-12-04T00:00:00,DET vs. MIL,W,12.1,0.0,0.0,0.0,0.0,0.0,4.0,2.0,16.0,0.0,0.0,1.0,1.0,2.7,1,1,1,1,21467,12059,10158,9917,18861,1,8458,4025,15259,8004,1,4972,12373,23884,1.0,12:08,2015,2016
2015-16,203080,Thomas Robinson,Thomas,1610612751,BKN,Brooklyn Nets,21500283,2015-12-04T00:00:00,BKN @ NYK,L,13.5,0.0,2.0,2.0,10.0,5.0,4.0,2.0,6.0,0.0,0.0,1.0,1.0,18.6,1,13074,13074,13074,20687,12059,4731,4675,1840,8403,8458,4025,22724,8004,1,4972,12373,12715,1.0,13:32,2015,2016
2015-16,202498,Lance Thomas,Lance,1610612752,NYK,New York Knicks,21500283,2015-12-04T00:00:00,NYK vs. BKN,W,21.7,0.0,2.0,0.0,4.0,12.0,6.0,8.0,34.0,0.0,1.0,2.0,1.0,12.4,1,1,1,1,14406,12059,4731,9917,8599,20178,13237,17194,2701,8004,17214,11390,12373,17418,1.0,21:44,2015,2016
2015-16,2581,Steve Blake,Steve,1610612765,DET,Detroit Pistons,21500285,2015-12-04T00:00:00,DET vs. MIL,W,14.9,0.0,0.0,0.0,0.0,2.0,4.0,4.0,18.0,0.0,0.0,1.0,2.0,7.7,1,1,1,1,19816,12059,10158,9917,18861,2619,8458,8806,13577,8004,1,4972,7786,20733,1.0,14:55,2015,2016
2015-16,203458,Alex Len,Alex,1610612756,PHX,Phoenix Suns,21500284,2015-12-04T00:00:00,PHX @ WAS,L,15.1,0.0,2.0,0.0,2.0,6.0,6.0,5.0,6.0,2.0,0.0,1.0,0.0,16.3,1,13074,13074,13074,19663,12059,4731,9917,12984,10028,13237,11593,22724,932,1,4972,18762,14372,1.0,15:08,2015,2016
2015-16,202693,Markieff Morris,Markieff,1610612756,PHX,Phoenix Suns,21500284,2015-12-04T00:00:00,PHX @ WAS,L,27.7,2.0,0.0,0.0,0.0,16.0,7.0,6.0,36.0,1.0,0.0,4.0,1.0,16.3,1,13074,13074,13074,9463,6026,10158,9917,18861,23774,15642,13388,1943,2692,1,22104,12373,14372,1.0,27:42,2015,2016
2015-16,101111,Charlie Villanueva,Charlie,1610612742,DAL,Dallas Mavericks,21500287,2015-12-04T00:00:00,DAL vs. HOU,L,7.3,0.0,0.0,0.0,2.0,5.0,9.0,4.0,8.0,2.0,0.0,0.0,0.0,8.2,1,13074,13074,13074,23477,12059,10158,9917,12984,8403,19144,8806,21543,932,1,1,18762,20416,1.0,7:16,2015,2016
2015-16,203118,Mike Scott,Mike,1610612737,ATL,Atlanta Hawks,21500286,2015-12-04T00:00:00,ATL vs. LAL,W,16.7,1.0,4.0,6.0,6.0,4.0,5.0,3.0,10.0,0.0,0.0,2.0,2.0,21.1,1,1,1,1,18530,11535,1596,740,5299,6141,11469,7328,20209,8004,1,11390,7786,11012,1.0,16:40,2015,2016
2015-16,203089,John Henson,John,1610612749,MIL,Milwaukee Bucks,21500285,2015-12-04T00:00:00,MIL @ DET,L,14.6,2.0,2.0,0.0,8.0,12.0,0.0,3.0,6.0,3.0,0.0,3.0,0.0,21.6,1,13074,13074,13074,20037,6026,4731,9917,3109,20178,1,7328,22724,347,1,17641,18762,10666,1.0,14:37,2015,2016
2015-16,202720,Jon Leuer,Jon,1610612756,PHX,Phoenix Suns,21500284,2015-12-04T00:00:00,PHX @ WAS,L,22.7,0.0,2.0,4.0,10.0,12.0,8.0,5.0,12.0,0.0,0.0,0.0,3.0,15.9,1,13074,13074,13074,13622,12059,4731,1913,1840,20178,17345,11593,18637,8004,1,1,4736,14675,1.0,22:41,2015,2016
2015-16,202083,Wesley Matthews,Wesley,1610612742,DAL,Dallas Mavericks,21500287,2015-12-04T00:00:00,DAL vs. HOU,L,34.1,1.0,0.0,1.0,0.0,15.0,16.0,13.0,34.0,1.0,0.0,2.0,4.0,21.5,1,13074,13074,13074,4265,11535,10158,9347,18861,23079,25155,23048,2701,2692,1,11390,2748,10755,1.0,34:06,2015,2016
2015-16,203471,Dennis Schröder,Dennis,1610612737,ATL,Atlanta Hawks,21500286,2015-12-04T00:00:00,ATL vs. LAL,W,16.5,0.0,0.0,0.0,2.0,4.0,2.0,5.0,10.0,1.0,0.0,0.0,1.0,16.0,1,1,1,1,18649,12059,10158,9917,12984,6141,3734,11593,20209,2692,1,1,12373,14590,1.0,16:31,2015,2016
2015-16,2592,James Jones,James,1610612739,CLE,Cleveland Cavaliers,21500288,2015-12-04T00:00:00,CLE @ NOP,L,14.7,0.0,0.0,0.0,0.0,8.0,7.0,0.0,10.0,0.0,0.0,2.0,3.0,12.9,1,13074,13074,13074,19947,12059,10158,9917,18861,13914,15642,1,20209,8004,1,11390,4736,17049,1.0,14:43,2015,2016
2015-16,101109,Raymond Felton,Raymond,1610612742,DAL,Dallas Mavericks,21500287,2015-12-04T00:00:00,DAL vs. HOU,L,34.1,5.0,0.0,0.0,6.0,18.0,16.0,17.0,34.0,1.0,0.0,2.0,2.0,25.1,1,13074,13074,13074,4295,1603,10158,9917,5299,24749,25155,24967,2701,2692,1,11390,7786,8429,1.0,34:04,2015,2016
2015-16,201577,Robin Lopez,Robin,1610612752,NYK,New York Knicks,21500283,2015-12-04T00:00:00,NYK vs. BKN,W,30.3,0.0,2.0,0.0,6.0,12.0,8.0,7.0,32.0,3.0,0.0,0.0,1.0,25.5,1,1,1,1,7262,12059,4731,9917,5299,20178,17345,15538,3535,347,1,1,12373,8230,1.0,30:18,2015,2016
2015-16,203991,Clint Capela,Clint,1610612745,HOU,Houston Rockets,21500287,2015-12-04T00:00:00,HOU @ DAL,W,28.3,0.0,0.0,0.0,0.0,14.0,10.0,11.0,22.0,2.0,2.0,3.0,3.0,25.0,1,1,1,1,9025,12059,10158,9917,18861,22292,20509,21342,10265,932,23588,17641,4736,8485,1.0,28:17,2015,2016
2015-16,203487,Michael Carter-Williams,Michael,1610612749,MIL,Milwaukee Bucks,21500285,2015-12-04T00:00:00,MIL @ DET,L,26.5,0.0,0.0,0.0,4.0,14.0,0.0,5.0,12.0,0.0,0.0,4.0,3.0,18.9,1,13074,13074,13074,10420,12059,10158,9917,8599,22292,1,11593,18637,8004,1,22104,4736,12513,1.0,26:33,2015,2016
2015-16,201967,Dante Cunningham,Dante,1610612740,NOP,New Orleans Pelicans,21500288,2015-12-04T00:00:00,NOP vs. CLE,W,37.5,2.0,0.0,2.0,2.0,12.0,6.0,12.0,32.0,1.0,0.0,3.0,0.0,25.1,1,1,1,1,1775,6026,10158,4675,12984,20178,13237,22259,3535,2692,1,17641,18762,8429,1.0,37:29,2015,2016
2015-16,101138,Brandon Bass,Brandon,1610612747,LAL,Los Angeles Lakers,21500286,2015-12-04T00:00:00,LAL @ ATL,L,24.8,0.0,2.0,0.0,4.0,13.0,4.0,7.0,24.0,2.0,0.0,1.0,1.0,19.0,1,13074,13074,13074,11841,12059,4731,9917,8599,21300,8458,15538,8723,932,1,4972,12373,12440,1.0,24:47,2015,2016
2015-16,203490,Otto Porter Jr.,Otto,1610612764,WAS,Washington Wizards,21500284,2015-12-04T00:00:00,WAS vs. PHX,W,36.2,4.0,7.0,2.0,10.0,13.0,6.0,8.0,24.0,2.0,1.0,2.0,1.0,25.4,1,1,1,1,2608,2460,292,4675,1840,21300,13237,17194,8723,932,17214,11390,12373,8273,1.0,36:13,2015,2016
2015-16,203944,Julius Randle,Julius,1610612747,LAL,Los Angeles Lakers,21500286,2015-12-04T00:00:00,LAL @ ATL,L,27.8,4.0,4.0,0.0,6.0,16.0,7.0,12.0,26.0,1.0,2.0,2.0,3.0,25.0,1,13074,13074,13074,9395,2460,1596,9917,5299,23774,15642,22259,7214,2692,23588,11390,4736,8485,1.0,27:47,2015,2016
2015-16,201976,Patrick Beverley,Patrick,1610612745,HOU,Houston Rockets,21500287,2015-12-04T00:00:00,HOU @ DAL,W,28.3,3.0,3.0,0.0,0.0,13.0,5.0,10.0,20.0,0.0,0.0,3.0,0.0,23.1,1,1,1,1,9016,4307,3104,9917,18861,21300,11469,20169,11929,8004,1,17641,18762,9699,1.0,28:17,2015,2016
2015-16,203145,Kent Bazemore,Kent,1610612737,ATL,Atlanta Hawks,21500286,2015-12-04T00:00:00,ATL vs. LAL,W,25.3,4.0,2.0,3.0,6.0,6.0,4.0,2.0,18.0,0.0,1.0,2.0,2.0,33.6,1,1,1,1,11420,2460,4731,3302,5299,10028,8458,4025,13577,8004,17214,11390,7786,4305,1.0,25:20,2015,2016
2015-16,202688,Brandon Knight,Brandon,1610612756,PHX,Phoenix Suns,21500284,2015-12-04T00:00:00,PHX @ WAS,L,37.6,3.0,0.0,0.0,2.0,22.0,13.0,13.0,38.0,1.0,0.0,2.0,5.0,33.5,1,13074,13074,13074,1722,4307,10158,9917,12984,25683,23668,23048,1422,2692,1,11390,1539,4348,1.0,37:33,2015,2016
2015-16,201567,Kevin Love,Kevin,1610612739,CLE,Cleveland Cavaliers,21500288,2015-12-04T00:00:00,CLE @ NOP,L,37.2,2.0,0.0,3.0,8.0,7.0,5.0,18.0,28.0,0.0,1.0,1.0,4.0,33.5,1,13074,13074,13074,1935,6026,10158,3302,3109,12242,11469,25228,5824,8004,17214,4972,2748,4348,1.0,37:15,2015,2016
2015-16,202718,Chandler Parsons,Chandler,1610612742,DAL,Dallas Mavericks,21500287,2015-12-04T00:00:00,DAL vs. HOU,L,26.5,0.0,0.0,3.0,6.0,11.0,4.0,6.0,20.0,0.0,2.0,3.0,1.0,18.8,1,13074,13074,13074,10439,12059,10158,3302,5299,18886,8458,13388,11929,8004,23588,17641,12373,12588,1.0,26:31,2015,2016
2015-16,202390,Gary Neal,Gary,1610612764,WAS,Washington Wizards,21500284,2015-12-04T00:00:00,WAS vs. PHX,W,20.5,0.0,0.0,0.0,4.0,9.0,2.0,2.0,24.0,0.0,0.0,2.0,1.0,18.7,1,1,1,1,15511,12059,10158,9917,8599,15771,3734,4025,8723,8004,1,11390,12373,12648,1.0,20:28,2015,2016
2015-16,977,Kobe Bryant,Kobe,1610612747,LAL,Los Angeles Lakers,21500286,2015-12-04T00:00:00,LAL @ ATL,L,35.3,6.0,0.0,3.0,2.0,17.0,9.0,13.0,34.0,2.0,1.0,2.0,2.0,35.1,1,13074,13074,13074,3282,878,10158,3302,12984,24337,19144,23048,2701,932,17214,11390,7786,3777,1.0,35:20,2015,2016
2015-16,201572,Brook Lopez,Brook,1610612751,BKN,Brooklyn Nets,21500283,2015-12-04T00:00:00,BKN @ NYK,L,34.5,6.0,2.0,0.0,14.0,16.0,11.0,11.0,28.0,2.0,1.0,3.0,3.0,34.3,1,13074,13074,13074,3929,878,4731,9917,542,23774,21814,21342,5824,932,17214,17641,4736,4063,1.0,34:31,2015,2016
2015-16,201564,O.J. Mayo,O.J.,1610612749,MIL,Milwaukee Bucks,21500285,2015-12-04T00:00:00,MIL @ DET,L,33.7,4.0,0.0,2.0,2.0,18.0,3.0,9.0,24.0,0.0,0.0,6.0,1.0,26.0,1,13074,13074,13074,4581,2460,10158,4675,12984,24749,7138,18829,8723,8004,1,25827,12373,7910,1.0,33:43,2015,2016
2015-16,201936,Tyreke Evans,Tyreke,1610612740,NOP,New Orleans Pelicans,21500288,2015-12-04T00:00:00,NOP vs. CLE,W,35.2,0.0,0.0,6.0,10.0,17.0,6.0,9.0,32.0,0.0,0.0,4.0,4.0,33.4,1,1,1,1,3376,12059,10158,740,1840,24337,13237,18829,3535,8004,1,22104,2748,4384,1.0,35:13,2015,2016
2015-16,101181,Jose Calderon,Jose,1610612752,NYK,New York Knicks,21500283,2015-12-04T00:00:00,NYK vs. BKN,W,28.5,1.0,0.0,0.0,0.0,14.0,6.0,9.0,34.0,0.0,0.0,1.0,2.0,23.3,1,1,1,1,8779,11535,10158,9917,18861,22292,13237,18829,2701,8004,1,4972,7786,9567,1.0,28:32,2015,2016
2015-16,200782,P.J. Tucker,P.J.,1610612756,PHX,Phoenix Suns,21500284,2015-12-04T00:00:00,PHX @ WAS,L,37.3,2.0,2.0,0.0,4.0,20.0,13.0,11.0,30.0,0.0,1.0,6.0,4.0,26.1,1,13074,13074,13074,1867,6026,4731,9917,8599,25338,23668,21342,4541,8004,17214,25827,2748,7836,1.0,37:21,2015,2016
2015-16,204060,Joe Ingles,Joe,1610612762,UTA,Utah Jazz,21500279,2015-12-03T00:00:00,UTA vs. ORL,L,21.2,5.0,0.0,0.0,2.0,4.0,6.0,4.0,16.0,0.0,0.0,2.0,0.0,9.9,1,13074,13074,13074,14849,1603,10158,9917,12984,6141,13237,8806,15259,8004,1,11390,18762,19247,1.0,21:14,2015,2016
2015-16,203932,Aaron Gordon,Aaron,1610612753,ORL,Orlando Magic,21500279,2015-12-03T00:00:00,ORL @ UTA,W,6.4,0.0,2.0,0.0,2.0,0.0,3.0,0.0,4.0,0.0,0.0,3.0,1.0,10.4,1,1,1,1,23793,12059,4731,9917,12984,1,7138,1,23698,8004,1,17641,12373,18859,1.0,6:22,2015,2016
2015-16,202323,Evan Turner,Evan,1610612738,BOS,Boston Celtics,21500282,2015-12-03T00:00:00,BOS @ SAC,W,27.0,0.0,0.0,0.0,2.0,12.0,2.0,9.0,24.0,0.0,0.0,1.0,2.0,14.2,1,1,1,1,10052,12059,10158,9917,12984,20178,3734,18829,8723,8004,1,4972,7786,16003,1.0,26:57,2015,2016
2015-16,203115,Will Barton,Will,1610612743,DEN,Denver Nuggets,21500278,2015-12-03T00:00:00,DEN @ TOR,W,31.3,2.0,0.0,0.0,2.0,9.0,2.0,6.0,40.0,1.0,0.0,4.0,3.0,33.8,1,1,1,1,6470,6026,10158,9917,12984,15771,3734,13388,983,2692,1,22104,4736,4244,1.0,31:18,2015,2016
2015-16,202334,Ed Davis,Ed,1610612757,POR,Portland Trail Blazers,21500281,2015-12-03T00:00:00,POR vs. IND,W,21.9,0.0,4.0,0.0,6.0,14.0,11.0,9.0,14.0,1.0,0.0,1.0,0.0,35.1,1,1,1,1,14280,12059,1596,9917,5299,22292,21814,18829,17019,2692,1,4972,18762,3777,1.0,21:52,2015,2016
2015-16,1626144,Emmanuel Mudiay,Emmanuel,1610612743,DEN,Denver Nuggets,21500278,2015-12-03T00:00:00,DEN @ TOR,W,31.6,0.0,0.0,0.0,0.0,12.0,2.0,15.0,30.0,0.0,1.0,2.0,0.0,19.1,1,1,1,1,6245,12059,10158,9917,18861,20178,3734,24242,4541,8004,17214,11390,18762,12372,1.0,31:35,2015,2016
2015-16,202699,Tobias Harris,Tobias,1610612753,ORL,Orlando Magic,21500279,2015-12-03T00:00:00,ORL @ UTA,W,40.0,8.0,0.0,4.0,6.0,13.0,6.0,8.0,18.0,1.0,3.0,0.0,4.0,34.9,1,1,1,1,728,308,10158,1913,5299,21300,13237,17194,13577,2692,25441,1,2748,3845,1.0,40:01,2015,2016
2015-16,101112,Channing Frye,Channing,1610612753,ORL,Orlando Magic,21500279,2015-12-03T00:00:00,ORL @ UTA,W,18.2,3.0,0.0,0.0,0.0,6.0,2.0,3.0,8.0,0.0,0.0,2.0,1.0,19.1,1,1,1,1,17359,4307,10158,9917,18861,10028,3734,7328,21543,8004,1,11390,12373,12372,1.0,18:11,2015,2016
2015-16,203918,Rodney Hood,Rodney,1610612762,UTA,Utah Jazz,21500279,2015-12-03T00:00:00,UTA vs. ORL,L,24.8,0.0,0.0,0.0,0.0,12.0,6.0,8.0,16.0,1.0,1.0,3.0,0.0,10.3,1,13074,13074,13074,11797,12059,10158,9917,18861,20178,13237,17194,15259,2692,17214,17641,18762,18965,1.0,24:50,2015,2016
2015-16,203460,Andre Roberson,Andre,1610612760,OKC,Oklahoma City Thunder,21500277,2015-12-03T00:00:00,OKC @ MIA,L,30.2,0.0,2.0,0.0,2.0,6.0,3.0,9.0,36.0,1.0,1.0,2.0,0.0,18.8,1,13074,13074,13074,7330,12059,4731,9917,12984,10028,7138,18829,1943,2692,17214,11390,18762,12588,1.0,30:14,2015,2016
2015-16,203459,Allen Crabbe,Allen,1610612757,POR,Portland Trail Blazers,21500281,2015-12-03T00:00:00,POR vs. IND,W,24.9,3.0,6.0,3.0,0.0,13.0,10.0,9.0,18.0,0.0,0.0,4.0,0.0,19.0,1,1,1,1,11785,4307,481,3302,18861,21300,20509,18829,13577,8004,1,22104,18762,12440,1.0,24:51,2015,2016
2015-16,200752,Rudy Gay,Rudy,1610612758,SAC,Sacramento Kings,21500282,2015-12-03T00:00:00,SAC vs. BOS,L,30.6,6.0,0.0,0.0,8.0,17.0,6.0,16.0,20.0,0.0,0.0,2.0,3.0,25.4,1,13074,13074,13074,7053,878,10158,9917,3109,24337,13237,24641,11929,8004,1,11390,4736,8273,1.0,30:34,2015,2016
2015-16,204020,Tyler Johnson,Tyler,1610612748,MIA,Miami Heat,21500277,2015-12-03T00:00:00,MIA vs. OKC,W,17.9,3.0,1.0,2.0,6.0,4.0,6.0,2.0,22.0,0.0,0.0,3.0,2.0,19.7,1,1,1,1,17604,4307,9709,4675,5299,6141,13237,4025,10265,8004,1,17641,7786,11962,1.0,17:53,2015,2016
2015-16,101161,Amir Johnson,Amir,1610612738,BOS,Boston Celtics,21500282,2015-12-03T00:00:00,BOS @ SAC,W,23.4,4.0,0.0,2.0,2.0,3.0,9.0,4.0,16.0,2.0,0.0,3.0,2.0,25.9,1,1,1,1,13016,2460,10158,4675,12984,5109,19144,8806,15259,932,1,17641,7786,7960,1.0,23:27,2015,2016
2015-16,203943,Noah Vonleh,Noah,1610612757,POR,Portland Trail Blazers,21500281,2015-12-03T00:00:00,POR vs. IND,W,17.5,0.0,4.0,0.0,6.0,13.0,7.0,6.0,22.0,0.0,0.0,1.0,0.0,9.8,1,1,1,1,17880,12059,1596,9917,5299,21300,15642,13388,10265,8004,1,4972,18762,19331,1.0,17:31,2015,2016
2015-16,2547,Chris Bosh,Chris,1610612748,MIA,Miami Heat,21500277,2015-12-03T00:00:00,MIA vs. OKC,W,34.9,0.0,2.0,0.0,8.0,4.0,13.0,7.0,30.0,0.0,0.0,1.0,1.0,34.6,1,1,1,1,3595,12059,4731,9917,3109,6141,23668,15538,4541,8004,1,4972,12373,3963,1.0,34:55,2015,2016
2015-16,202331,Paul George,Paul,1610612754,IND,Indiana Pacers,21500281,2015-12-03T00:00:00,IND @ POR,L,34.2,4.0,0.0,0.0,4.0,9.0,14.0,5.0,24.0,0.0,1.0,2.0,4.0,18.9,1,13074,13074,13074,4170,2460,10158,9917,8599,15771,24300,11593,8723,8004,17214,11390,2748,12513,1.0,34:13,2015,2016
2015-16,203512,Lucas Nogueira,Lucas,1610612761,TOR,Toronto Raptors,21500278,2015-12-03T00:00:00,TOR vs. DEN,L,15.8,0.0,0.0,0.0,6.0,0.0,4.0,0.0,12.0,0.0,0.0,1.0,0.0,10.2,1,13074,13074,13074,19178,12059,10158,9917,5299,1,8458,1,18637,8004,1,4972,18762,19003,1.0,15:49,2015,2016
2015-16,203112,Quincy Acy,Quincy,1610612758,SAC,Sacramento Kings,21500282,2015-12-03T00:00:00,SAC vs. BOS,L,6.8,0.0,0.0,0.0,2.0,4.0,2.0,0.0,6.0,0.0,1.0,0.0,0.0,6.2,1,13074,13074,13074,23640,12059,10158,9917,12984,6141,3734,1,22724,8004,17214,1,18762,21696,1.0,6:47,2015,2016
2015-16,1626246,Boban Marjanović,Boban,1610612759,SAS,San Antonio Spurs,21500280,2015-12-03T00:00:00,SAS @ MEM,W,3.8,0.0,0.0,0.0,0.0,2.0,0.0,3.0,4.0,0.0,0.0,1.0,0.0,1.2,1,1,1,1,24813,12059,10158,9917,18861,2619,1,7328,23698,8004,1,4972,18762,24661,2.0,3:45,2015,2016
2015-16,1713,Vince Carter,Vince,1610612763,MEM,Memphis Grizzlies,21500280,2015-12-03T00:00:00,MEM vs. SAS,L,10.7,0.0,0.0,0.0,0.0,0.0,3.0,0.0,8.0,0.0,0.0,2.0,0.0,5.7,1,13074,13074,13074,22154,12059,10158,9917,18861,1,7138,1,21543,8004,1,11390,18762,22054,2.0,10:42,2015,2016
2015-16,202730,Lavoy Allen,Lavoy,1610612754,IND,Indiana Pacers,21500281,2015-12-03T00:00:00,IND @ POR,L,16.1,0.0,4.0,0.0,4.0,2.0,15.0,0.0,12.0,0.0,0.0,0.0,1.0,11.0,1,13074,13074,13074,18997,12059,1596,9917,8599,2619,24781,1,18637,8004,1,1,12373,18430,1.0,16:03,2015,2016
2015-16,203937,Kyle Anderson,Kyle,1610612759,SAS,San Antonio Spurs,21500280,2015-12-03T00:00:00,SAS @ MEM,W,15.3,0.0,0.0,0.0,0.0,4.0,4.0,5.0,14.0,1.0,0.0,1.0,0.0,11.4,1,1,1,1,19568,12059,10158,9917,18861,6141,8458,11593,17019,2692,1,4972,18762,18134,2.0,15:17,2015,2016
2015-16,201158,Marco Belinelli,Marco,1610612758,SAC,Sacramento Kings,21500282,2015-12-03T00:00:00,SAC vs. BOS,L,25.9,2.0,0.0,0.0,2.0,5.0,8.0,3.0,16.0,0.0,0.0,0.0,2.0,10.6,1,13074,13074,13074,10918,6026,10158,9917,12984,8403,17345,7328,15259,8004,1,1,7786,18723,1.0,25:54,2015,2016
2015-16,1495,Tim Duncan,Tim,1610612759,SAS,San Antonio Spurs,21500280,2015-12-03T00:00:00,SAS @ MEM,W,31.3,2.0,0.0,0.0,4.0,2.0,6.0,8.0,30.0,3.0,1.0,3.0,2.0,36.5,1,1,1,1,6491,6026,10158,9917,8599,2619,13237,17194,4541,347,17214,17641,7786,3326,2.0,31:17,2015,2016
2015-16,202330,Gordon Hayward,Gordon,1610612762,UTA,Utah Jazz,21500279,2015-12-03T00:00:00,UTA vs. ORL,L,38.6,4.0,3.0,5.0,4.0,18.0,12.0,15.0,40.0,0.0,0.0,4.0,7.0,36.0,1,13074,13074,13074,1238,2460,3104,1277,8599,24749,22832,24242,983,8004,1,22104,469,3463,1.0,38:33,2015,2016
2015-16,203081,Damian Lillard,Damian,1610612757,POR,Portland Trail Blazers,21500281,2015-12-03T00:00:00,POR vs. IND,W,35.1,2.0,0.0,0.0,0.0,24.0,13.0,9.0,30.0,1.0,1.0,2.0,4.0,44.1,1,1,1,1,3437,6026,10158,9917,18861,25890,23668,18829,4541,2692,17214,11390,2748,1542,1.0,35:08,2015,2016
2015-16,201942,DeMar DeRozan,DeMar,1610612761,TOR,Toronto Raptors,21500278,2015-12-03T00:00:00,TOR vs. DEN,L,38.2,4.0,0.0,0.0,18.0,9.0,9.0,4.0,28.0,0.0,2.0,2.0,5.0,47.5,1,13074,13074,13074,1424,2460,10158,9917,131,15771,19144,8806,5824,8004,23588,11390,1539,1015,1.0,38:12,2015,2016
2015-16,202696,Nikola Vučević,Nikola,1610612753,ORL,Orlando Magic,21500279,2015-12-03T00:00:00,ORL @ UTA,W,32.2,0.0,6.0,0.0,10.0,11.0,2.0,8.0,14.0,1.0,1.0,1.0,0.0,36.1,1,1,1,1,5719,12059,481,9917,1840,18886,3734,17194,17019,2692,17214,4972,18762,3432,1.0,32:12,2015,2016
2015-16,202355,Hassan Whiteside,Hassan,1610612748,MIA,Miami Heat,21500277,2015-12-03T00:00:00,MIA vs. OKC,W,28.7,2.0,0.0,1.0,8.0,8.0,8.0,11.0,36.0,2.0,0.0,3.0,4.0,24.6,1,1,1,1,8612,6026,10158,9347,3109,13914,17345,21342,1943,932,1,17641,2748,8724,1.0,28:44,2015,2016
2015-16,201566,Russell Westbrook,Russell,1610612760,OKC,Oklahoma City Thunder,21500277,2015-12-03T00:00:00,OKC @ MIA,L,34.5,2.0,4.0,8.0,12.0,7.0,4.0,9.0,38.0,0.0,1.0,1.0,5.0,36.0,1,13074,13074,13074,3990,6026,1596,280,988,12242,8458,18829,1422,8004,17214,4972,1539,3463,1.0,34:27,2015,2016
2015-16,202738,Isaiah Thomas,Isaiah,1610612738,BOS,Boston Celtics,21500282,2015-12-03T00:00:00,BOS @ SAC,W,34.2,4.0,6.0,7.0,4.0,3.0,10.0,4.0,18.0,0.0,1.0,2.0,2.0,52.7,1,1,1,1,4226,2460,481,454,8599,5109,20509,8806,13577,8004,17214,11390,7786,536,1.0,34:09,2015,2016
2015-16,202695,Kawhi Leonard,Kawhi,1610612759,SAS,San Antonio Spurs,21500280,2015-12-03T00:00:00,SAS @ MEM,W,33.0,0.0,0.0,6.0,2.0,4.0,6.0,8.0,32.0,1.0,1.0,2.0,1.0,49.1,1,1,1,1,5151,12059,10158,740,12984,6141,13237,17194,3535,2692,17214,11390,12373,850,2.0,32:58,2015,2016
2015-16,202692,Alec Burks,Alec,1610612762,UTA,Utah Jazz,21500279,2015-12-03T00:00:00,UTA vs. ORL,L,29.4,4.0,0.0,3.0,4.0,6.0,10.0,11.0,24.0,2.0,1.0,2.0,4.0,36.5,1,13074,13074,13074,8021,2460,10158,3302,8599,10028,20509,21342,8723,932,17214,11390,2748,3326,1.0,29:26,2015,2016
2015-16,200768,Kyle Lowry,Kyle,1610612761,TOR,Toronto Raptors,21500278,2015-12-03T00:00:00,TOR vs. DEN,L,36.7,0.0,0.0,5.0,2.0,9.0,5.0,4.0,22.0,2.0,0.0,2.0,5.0,50.2,1,13074,13074,13074,2309,12059,10158,1277,12984,15771,11469,8806,10265,932,1,11390,1539,733,1.0,36:39,2015,2016
2015-16,202326,DeMarcus Cousins,DeMarcus,1610612758,SAC,Sacramento Kings,21500282,2015-12-03T00:00:00,SAC vs. BOS,L,24.6,0.0,4.0,0.0,2.0,15.0,3.0,14.0,14.0,1.0,3.0,5.0,7.0,29.4,1,13074,13074,13074,12034,12059,1596,9917,12984,23079,7138,23710,17019,2692,25441,24686,469,6143,1.0,24:35,2015,2016
2015-16,203486,Mason Plumlee,Mason,1610612757,POR,Portland Trail Blazers,21500281,2015-12-03T00:00:00,POR vs. IND,W,26.1,0.0,2.0,0.0,10.0,15.0,9.0,4.0,24.0,1.0,0.0,3.0,6.0,30.0,1,1,1,1,10736,12059,4731,9917,1840,23079,19144,8806,8723,2692,1,17641,873,5840,1.0,26:08,2015,2016
2015-16,203109,Jae Crowder,Jae,1610612738,BOS,Boston Celtics,21500282,2015-12-03T00:00:00,BOS @ SAC,W,30.6,4.0,0.0,0.0,2.0,8.0,12.0,9.0,22.0,0.0,0.0,1.0,4.0,36.6,1,1,1,1,7058,2460,10158,9917,12984,13914,22832,18829,10265,8004,1,4972,2748,3288,1.0,30:33,2015,2016
2015-16,201596,Mario Chalmers,Mario,1610612763,MEM,Memphis Grizzlies,21500280,2015-12-03T00:00:00,MEM vs. SAS,L,19.9,2.0,0.0,0.0,4.0,7.0,5.0,4.0,20.0,0.0,0.0,3.0,8.0,29.0,1,13074,13074,13074,15996,6026,10158,9917,8599,12242,11469,8806,11929,8004,1,17641,254,6346,2.0,19:54,2015,2016
2015-16,201627,Anthony Morrow,Anthony,1610612760,OKC,Oklahoma City Thunder,21500277,2015-12-03T00:00:00,OKC @ MIA,L,15.4,0.0,0.0,0.0,0.0,7.0,1.0,6.0,16.0,0.0,0.0,1.0,0.0,0.0,1,13074,13074,13074,19496,12059,10158,9917,18861,12242,3393,13388,15259,8004,1,4972,18762,25170,1.0,15:22,2015,2016
2015-16,202344,Trevor Booker,Trevor,1610612762,UTA,Utah Jazz,21500279,2015-12-03T00:00:00,UTA vs. ORL,L,15.1,0.0,0.0,0.0,2.0,10.0,4.0,6.0,14.0,1.0,0.0,0.0,0.0,9.4,1,13074,13074,13074,19680,12059,10158,9917,12984,17370,8458,13388,17019,2692,1,1,18762,19568,1.0,15:07,2015,2016
2015-16,203187,Chris Johnson,Chris,1610612762,UTA,Utah Jazz,21500279,2015-12-03T00:00:00,UTA vs. ORL,L,7.5,0.0,0.0,0.0,0.0,0.0,0.0,0.0,6.0,0.0,0.0,0.0,0.0,0.0,1,13074,13074,13074,23384,12059,10158,9917,18861,1,1,1,22724,8004,1,1,18762,25170,1.0,7:31,2015,2016
2015-16,2555,Nick Collison,Nick,1610612760,OKC,Oklahoma City Thunder,21500277,2015-12-03T00:00:00,OKC @ MIA,L,10.3,0.0,0.0,0.0,2.0,3.0,1.0,0.0,10.0,0.0,0.0,1.0,0.0,1.0,1,13074,13074,13074,22331,12059,10158,9917,12984,5109,3393,1,20209,8004,1,4972,18762,24960,1.0,10:16,2015,2016
2015-16,203526,Raul Neto,Raul,1610612762,UTA,Utah Jazz,21500279,2015-12-03T00:00:00,UTA vs. ORL,L,11.6,0.0,0.0,0.0,0.0,7.0,4.0,6.0,12.0,0.0,0.0,2.0,2.0,7.1,1,13074,13074,13074,21789,12059,10158,9917,18861,12242,8458,13388,18637,8004,1,11390,7786,21141,1.0,11:34,2015,2016
2015-16,202713,Kyle Singler,Kyle,1610612760,OKC,Oklahoma City Thunder,21500277,2015-12-03T00:00:00,OKC @ MIA,L,0.3,0.0,0.0,0.0,0.0,0.0,0.0,0.0,0.0,0.0,0.0,0.0,0.0,0.0,1,13074,13074,13074,26006,12059,10158,9917,18861,1,1,1,25429,8004,1,1,18762,25170,1.0,0:16,2015,2016
2015-16,1626179,Terry Rozier,Terry,1610612738,BOS,Boston Celtics,21500282,2015-12-03T00:00:00,BOS @ SAC,W,3.0,2.0,0.0,0.0,0.0,0.0,0.0,0.0,0.0,0.0,0.0,0.0,0.0,1.0,1,1,1,1,25136,6026,10158,9917,18861,1,1,1,25429,8004,1,1,18762,24960,1.0,2:58,2015,2016
2015-16,201571,D.J. Augustin,D.J.,1610612760,OKC,Oklahoma City Thunder,21500277,2015-12-03T00:00:00,OKC @ MIA,L,13.6,0.0,0.0,0.0,0.0,6.0,0.0,6.0,14.0,0.0,0.0,0.0,0.0,0.5,1,13074,13074,13074,20671,12059,10158,9917,18861,10028,1,13388,17019,8004,1,1,18762,25056,1.0,13:33,2015,2016
2015-16,1626168,Trey Lyles,Trey,1610612762,UTA,Utah Jazz,21500279,2015-12-03T00:00:00,UTA vs. ORL,L,10.1,0.0,0.0,0.0,0.0,4.0,4.0,7.0,16.0,0.0,0.0,0.0,1.0,4.4,1,13074,13074,13074,22415,12059,10158,9917,18861,6141,8458,15538,15259,8004,1,1,12373,22837,1.0,10:03,2015,2016
2015-16,201980,Danny Green,Danny,1610612759,SAS,San Antonio Spurs,21500280,2015-12-03T00:00:00,SAS @ MEM,W,24.7,0.0,0.0,0.0,0.0,4.0,3.0,11.0,20.0,0.0,0.0,2.0,2.0,5.4,1,1,1,1,11957,12059,10158,9917,18861,6141,7138,21342,11929,8004,1,11390,7786,22242,2.0,24:41,2015,2016
2015-16,2564,Boris Diaw,Boris,1610612759,SAS,San Antonio Spurs,21500280,2015-12-03T00:00:00,SAS @ MEM,W,13.7,0.0,0.0,0.0,2.0,2.0,4.0,2.0,14.0,0.0,0.0,0.0,2.0,4.6,1,1,1,1,20583,12059,10158,9917,12984,2619,8458,4025,17019,8004,1,1,7786,22734,2.0,13:42,2015,2016
2015-16,2034,Mike Miller,Mike,1610612743,DEN,Denver Nuggets,21500278,2015-12-03T00:00:00,DEN @ TOR,W,11.8,0.0,0.0,0.0,0.0,2.0,0.0,2.0,14.0,0.0,0.0,1.0,0.0,4.2,1,1,1,1,21682,12059,10158,9917,18861,2619,1,4025,17019,8004,1,4972,18762,22976,1.0,11:49,2015,2016
2015-16,203082,Terrence Ross,Terrence,1610612761,TOR,Toronto Raptors,21500278,2015-12-03T00:00:00,TOR vs. DEN,L,17.0,0.0,0.0,0.0,0.0,0.0,4.0,0.0,12.0,0.0,0.0,0.0,0.0,6.9,1,13074,13074,13074,18254,12059,10158,9917,18861,1,8458,1,18637,8004,1,1,18762,21262,1.0,17:01,2015,2016
2015-16,203613,Jonathon Simmons,Jonathon,1610612759,SAS,San Antonio Spurs,21500280,2015-12-03T00:00:00,SAS @ MEM,W,8.0,0.0,0.0,0.0,2.0,2.0,2.0,5.0,10.0,0.0,0.0,2.0,1.0,8.6,1,1,1,1,23202,12059,10158,9917,12984,2619,3734,11593,20209,8004,1,11390,12373,20125,2.0,7:58,2015,2016
2015-16,203210,JaMychal Green,JaMychal,1610612763,MEM,Memphis Grizzlies,21500280,2015-12-03T00:00:00,MEM vs. SAS,L,13.4,0.0,2.0,0.0,2.0,7.0,5.0,4.0,18.0,0.0,0.0,4.0,0.0,9.1,1,13074,13074,13074,20753,12059,4731,9917,12984,12242,11469,8806,13577,8004,1,22104,18762,19789,2.0,13:23,2015,2016
2015-16,1626196,Josh Richardson,Josh,1610612748,MIA,Miami Heat,21500277,2015-12-03T00:00:00,MIA vs. OKC,W,8.3,0.0,0.0,0.0,0.0,2.0,4.0,2.0,6.0,0.0,0.0,0.0,1.0,3.4,1,1,1,1,23075,12059,10158,9917,18861,2619,8458,4025,22724,8004,1,1,12373,23417,1.0,8:20,2015,2016
2015-16,2588,Matt Bonner,Matt,1610612759,SAS,San Antonio Spurs,21500280,2015-12-03T00:00:00,SAS @ MEM,W,4.4,3.0,0.0,0.0,2.0,2.0,0.0,5.0,4.0,0.0,1.0,1.0,0.0,9.4,1,1,1,1,24581,4307,10158,9917,12984,2619,1,11593,23698,8004,17214,4972,18762,19568,2.0,4:24,2015,2016
2015-16,201584,Courtney Lee,Courtney,1610612763,MEM,Memphis Grizzlies,21500280,2015-12-03T00:00:00,MEM vs. SAS,L,31.3,0.0,2.0,0.0,6.0,11.0,7.0,6.0,30.0,0.0,2.0,0.0,0.0,9.2,1,13074,13074,13074,6470,12059,4731,9917,5299,18886,15642,13388,4541,8004,23588,1,18762,19680,2.0,31:18,2015,2016
2015-16,203524,Solomon Hill,Solomon,1610612754,IND,Indiana Pacers,21500281,2015-12-03T00:00:00,IND @ POR,L,1.2,0.0,0.0,0.0,0.0,0.0,0.0,0.0,0.0,0.0,0.0,0.0,0.0,0.0,1,13074,13074,13074,25828,12059,10158,9917,18861,1,1,1,25429,8004,1,1,18762,25170,1.0,1:09,2015,2016
2015-16,1626209,Mario Hezonja,Mario,1610612753,ORL,Orlando Magic,21500279,2015-12-03T00:00:00,ORL @ UTA,W,1.8,0.0,0.0,0.0,0.0,3.0,0.0,0.0,0.0,0.0,0.0,0.0,0.0,0.0,1,1,1,1,25594,12059,10158,9917,18861,5109,1,1,25429,8004,1,1,18762,25170,1.0,1:47,2015,2016
2015-16,201960,DeMarre Carroll,DeMarre,1610612761,TOR,Toronto Raptors,21500278,2015-12-03T00:00:00,TOR vs. DEN,L,31.0,4.0,0.0,4.0,2.0,7.0,2.0,4.0,18.0,0.0,0.0,3.0,1.0,21.7,1,13074,13074,13074,6727,2460,10158,1913,12984,12242,3734,8806,13577,8004,1,17641,12373,10592,1.0,30:59,2015,2016
2015-16,202341,James Anderson,James,1610612758,SAC,Sacramento Kings,21500282,2015-12-03T00:00:00,SAC vs. BOS,L,4.3,0.0,0.0,0.0,0.0,2.0,1.0,0.0,4.0,0.0,0.0,0.0,1.0,5.2,1,13074,13074,13074,24612,12059,10158,9917,18861,2619,3393,1,23698,8004,1,1,12373,22370,1.0,4:18,2015,2016
2015-16,203894,Shabazz Napier,Shabazz,1610612753,ORL,Orlando Magic,21500279,2015-12-03T00:00:00,ORL @ UTA,W,15.3,0.0,0.0,0.0,0.0,3.0,4.0,1.0,12.0,0.0,0.0,0.0,0.0,7.2,1,1,1,1,19549,12059,10158,9917,18861,5109,8458,3646,18637,8004,1,1,18762,21035,1.0,15:19,2015,2016
2015-16,1626202,Joe Young,Joe,1610612754,IND,Indiana Pacers,21500281,2015-12-03T00:00:00,IND @ POR,L,1.2,0.0,0.0,0.0,0.0,0.0,0.0,0.0,0.0,0.0,0.0,0.0,0.0,0.0,1,13074,13074,13074,25828,12059,10158,9917,18861,1,1,1,25429,8004,1,1,18762,25170,1.0,1:09,2015,2016
2015-16,201954,Darren Collison,Darren,1610612758,SAC,Sacramento Kings,21500282,2015-12-03T00:00:00,SAC vs. BOS,L,26.4,3.0,0.0,7.0,4.0,7.0,8.0,5.0,18.0,1.0,0.0,0.0,5.0,21.7,1,13074,13074,13074,10505,4307,10158,454,8599,12242,17345,11593,13577,2692,1,1,1539,10592,1.0,26:26,2015,2016
2015-16,201945,Gerald Henderson,Gerald,1610612757,POR,Portland Trail Blazers,21500281,2015-12-03T00:00:00,POR vs. IND,W,8.9,0.0,0.0,0.0,2.0,8.0,5.0,2.0,4.0,0.0,0.0,1.0,1.0,7.0,1,1,1,1,22864,12059,10158,9917,12984,13914,11469,4025,23698,8004,1,4972,12373,21188,1.0,8:56,2015,2016
2015-16,1626154,RJ Hunter,RJ,1610612738,BOS,Boston Celtics,21500282,2015-12-03T00:00:00,BOS @ SAC,W,7.9,0.0,0.0,0.0,0.0,3.0,1.0,4.0,2.0,0.0,0.0,3.0,0.0,3.2,1,1,1,1,23248,12059,10158,9917,18861,5109,3393,8806,24614,8004,1,17641,18762,23473,1.0,7:51,2015,2016
2015-16,201988,Patty Mills,Patty,1610612759,SAS,San Antonio Spurs,21500280,2015-12-03T00:00:00,SAS @ MEM,W,20.3,0.0,0.0,0.0,0.0,2.0,4.0,2.0,22.0,0.0,0.0,2.0,1.0,13.4,1,1,1,1,15665,12059,10158,9917,18861,2619,8458,4025,10265,8004,1,11390,12373,16614,2.0,20:16,2015,2016
2015-16,203923,James Young,James,1610612738,BOS,Boston Celtics,21500282,2015-12-03T00:00:00,BOS @ SAC,W,3.0,0.0,0.0,0.0,0.0,0.0,0.0,0.0,0.0,0.0,0.0,1.0,0.0,0.0,1,1,1,1,25136,12059,10158,9917,18861,1,1,1,25429,8004,1,4972,18762,25170,1.0,2:58,2015,2016
2015-16,2561,David West,David,1610612759,SAS,San Antonio Spurs,21500280,2015-12-03T00:00:00,SAS @ MEM,W,7.4,2.0,2.0,2.0,6.0,0.0,2.0,2.0,4.0,0.0,0.0,2.0,0.0,9.2,1,1,1,1,23436,6026,4731,4675,5299,1,3734,4025,23698,8004,1,11390,18762,19680,2.0,7:21,2015,2016
2015-16,101145,Monta Ellis,Monta,1610612754,IND,Indiana Pacers,21500281,2015-12-03T00:00:00,IND @ POR,L,18.0,0.0,0.0,0.0,0.0,4.0,7.0,0.0,8.0,0.0,0.0,1.0,0.0,5.0,1,13074,13074,13074,17523,12059,10158,9917,18861,6141,15642,1,21543,8004,1,4972,18762,22500,1.0,17:59,2015,2016
2015-16,200746,LaMarcus Aldridge,LaMarcus,1610612759,SAS,San Antonio Spurs,21500280,2015-12-03T00:00:00,SAS @ MEM,W,32.5,0.0,5.0,3.0,12.0,2.0,8.0,4.0,34.0,3.0,0.0,1.0,4.0,30.8,1,1,1,1,5468,12059,995,3302,988,2619,17345,8806,2701,347,1,4972,2748,5493,2.0,32:32,2015,2016
2015-16,201177,Josh McRoberts,Josh,1610612748,MIA,Miami Heat,21500277,2015-12-03T00:00:00,MIA vs. OKC,W,18.9,4.0,0.0,2.0,6.0,2.0,4.0,2.0,22.0,1.0,0.0,0.0,2.0,26.6,1,1,1,1,16790,2460,10158,4675,5299,2619,8458,4025,10265,2692,1,1,7786,7566,1.0,18:53,2015,2016
2015-16,201142,Kevin Durant,Kevin,1610612760,OKC,Oklahoma City Thunder,21500277,2015-12-03T00:00:00,OKC @ MIA,L,34.3,2.0,1.0,3.0,10.0,10.0,3.0,15.0,36.0,0.0,0.0,2.0,4.0,42.8,1,13074,13074,13074,4105,6026,9709,3302,1840,17370,7138,24242,1943,8004,1,11390,2748,1776,1.0,34:17,2015,2016
2015-16,203999,Nikola Jokić,Nikola,1610612743,DEN,Denver Nuggets,21500278,2015-12-03T00:00:00,DEN @ TOR,W,13.9,0.0,2.0,0.0,8.0,0.0,0.0,2.0,16.0,0.0,1.0,0.0,0.0,15.2,1,1,1,1,20466,12059,4731,9917,3109,1,1,4025,15259,8004,17214,1,18762,15219,1.0,13:54,2015,2016
2015-16,201586,Serge Ibaka,Serge,1610612760,OKC,Oklahoma City Thunder,21500277,2015-12-03T00:00:00,OKC @ MIA,L,33.3,0.0,0.0,0.0,4.0,6.0,3.0,9.0,36.0,0.0,0.0,5.0,0.0,20.4,1,13074,13074,13074,4895,12059,10158,9917,8599,10028,7138,18829,1943,8004,1,24686,18762,11453,1.0,33:17,2015,2016
2015-16,201145,Jeff Green,Jeff,1610612763,MEM,Memphis Grizzlies,21500280,2015-12-03T00:00:00,MEM vs. SAS,L,26.8,0.0,0.0,3.0,6.0,4.0,4.0,10.0,22.0,0.0,2.0,0.0,1.0,15.4,1,13074,13074,13074,10236,12059,10158,3302,5299,6141,8458,20169,10265,8004,23588,1,12373,15066,2.0,26:45,2015,2016
2015-16,201568,Danilo Gallinari,Danilo,1610612743,DEN,Denver Nuggets,21500278,2015-12-03T00:00:00,DEN @ TOR,W,35.5,2.0,2.0,0.0,2.0,13.0,4.0,13.0,36.0,0.0,0.0,4.0,6.0,31.5,1,1,1,1,3165,6026,4731,9917,12984,21300,8458,23048,1943,8004,1,22104,873,5180,1.0,35:28,2015,2016
2015-16,101135,David Lee,David,1610612738,BOS,Boston Celtics,21500282,2015-12-03T00:00:00,BOS @ SAC,W,14.6,0.0,0.0,0.0,2.0,7.0,0.0,5.0,10.0,1.0,2.0,4.0,1.0,15.6,1,1,1,1,20073,12059,10158,9917,12984,12242,1,11593,20209,2692,23588,22104,12373,14916,1.0,14:33,2015,2016
2015-16,202335,Patrick Patterson,Patrick,1610612761,TOR,Toronto Raptors,21500278,2015-12-03T00:00:00,TOR vs. DEN,L,22.4,0.0,0.0,0.0,0.0,0.0,6.0,2.0,16.0,0.0,0.0,0.0,0.0,12.3,1,13074,13074,13074,13852,12059,10158,9917,18861,1,13237,4025,15259,8004,1,1,18762,17524,1.0,22:23,2015,2016
2015-16,201589,Darrell Arthur,Darrell,1610612743,DEN,Denver Nuggets,21500278,2015-12-03T00:00:00,DEN @ TOR,W,27.0,5.0,0.0,2.0,2.0,15.0,4.0,13.0,26.0,2.0,1.0,3.0,0.0,41.2,1,1,1,1,10042,1603,10158,4675,12984,23079,8458,23048,7214,932,17214,17641,18762,2099,1.0,26:58,2015,2016
2015-16,203530,Joffrey Lauvergne,Joffrey,1610612743,DEN,Denver Nuggets,21500278,2015-12-03T00:00:00,DEN @ TOR,W,24.6,0.0,2.0,2.0,12.0,12.0,2.0,15.0,24.0,1.0,0.0,2.0,2.0,30.5,1,1,1,1,12068,12059,4731,4675,988,20178,3734,24242,8723,2692,1,11390,7786,5620,1.0,24:33,2015,2016
2015-16,201585,Kosta Koufos,Kosta,1610612758,SAC,Sacramento Kings,21500282,2015-12-03T00:00:00,SAC vs. BOS,L,19.5,0.0,3.0,0.0,4.0,11.0,2.0,12.0,14.0,1.0,0.0,0.0,2.0,27.0,1,13074,13074,13074,16329,12059,3104,9917,8599,18886,3734,22259,17019,2692,1,1,7786,7385,1.0,19:29,2015,2016
2015-16,203506,Victor Oladipo,Victor,1610612753,ORL,Orlando Magic,21500279,2015-12-03T00:00:00,ORL @ UTA,W,24.0,2.0,0.0,5.0,4.0,10.0,5.0,5.0,16.0,1.0,2.0,3.0,2.0,26.4,1,1,1,1,12547,6026,10158,1277,8599,17370,11469,11593,15259,2692,23588,17641,7786,7672,1.0,24:00,2015,2016
2015-16,202340,Avery Bradley,Avery,1610612738,BOS,Boston Celtics,21500282,2015-12-03T00:00:00,BOS @ SAC,W,29.4,5.0,0.0,5.0,4.0,11.0,11.0,7.0,24.0,0.0,0.0,5.0,2.0,31.1,1,1,1,1,8021,1603,10158,1277,8599,18886,21814,15538,8723,8004,1,24686,7786,5354,1.0,29:26,2015,2016
2015-16,201155,Rodney Stuckey,Rodney,1610612754,IND,Indiana Pacers,21500281,2015-12-03T00:00:00,IND @ POR,L,31.2,6.0,0.0,10.0,4.0,9.0,14.0,5.0,26.0,0.0,0.0,0.0,6.0,40.0,1,13074,13074,13074,6588,878,10158,118,8599,15771,24300,11593,7214,8004,1,1,873,2364,1.0,31:10,2015,2016
2015-16,200751,Randy Foye,Randy,1610612743,DEN,Denver Nuggets,21500278,2015-12-03T00:00:00,DEN @ TOR,W,36.3,0.0,3.0,0.0,4.0,15.0,4.0,15.0,38.0,0.0,0.0,2.0,4.0,16.4,1,1,1,1,2579,12059,3104,9917,8599,23079,8458,24242,1422,8004,1,11390,2748,14289,1.0,36:15,2015,2016
2015-16,2754,Tony Allen,Tony,1610612763,MEM,Memphis Grizzlies,21500280,2015-12-03T00:00:00,MEM vs. SAS,L,16.7,0.0,0.0,0.0,0.0,0.0,4.0,9.0,10.0,0.0,2.0,1.0,0.0,2.4,1,13074,13074,13074,18498,12059,10158,9917,18861,1,8458,18829,20209,8004,23588,4972,18762,24024,2.0,16:42,2015,2016
2015-16,201160,Jason Smith,Jason,1610612753,ORL,Orlando Magic,21500279,2015-12-03T00:00:00,ORL @ UTA,W,15.8,0.0,2.0,0.0,0.0,2.0,7.0,0.0,8.0,1.0,0.0,2.0,3.0,8.2,1,1,1,1,19193,12059,4731,9917,18861,2619,15642,1,21543,2692,1,11390,4736,20416,1.0,15:48,2015,2016
2015-16,203481,Jeff Withey,Jeff,1610612762,UTA,Utah Jazz,21500279,2015-12-03T00:00:00,UTA vs. ORL,L,10.0,0.0,2.0,0.0,4.0,0.0,6.0,2.0,8.0,3.0,1.0,1.0,1.0,16.6,1,13074,13074,13074,22441,12059,4731,9917,8599,1,13237,4025,21543,347,17214,4972,12373,14125,1.0,10:00,2015,2016
2015-16,2216,Zach Randolph,Zach,1610612763,MEM,Memphis Grizzlies,21500280,2015-12-03T00:00:00,MEM vs. SAS,L,28.7,0.0,2.0,2.0,8.0,4.0,6.0,11.0,18.0,0.0,1.0,2.0,2.0,16.7,1,13074,13074,13074,8612,12059,4731,4675,3109,6141,13237,21342,13577,8004,17214,11390,7786,14064,2.0,28:44,2015,2016
2015-16,203922,Glenn Robinson III,Glenn,1610612754,IND,Indiana Pacers,21500281,2015-12-03T00:00:00,IND @ POR,L,8.5,0.0,0.0,0.0,0.0,0.0,6.0,0.0,0.0,1.0,0.0,0.0,0.0,3.0,1,13074,13074,13074,23025,12059,10158,9917,18861,1,13237,1,25429,2692,1,1,18762,23648,1.0,8:30,2015,2016
2015-16,203092,Tyler Zeller,Tyler,1610612738,BOS,Boston Celtics,21500282,2015-12-03T00:00:00,BOS @ SAC,W,11.6,0.0,1.0,0.0,2.0,0.0,3.0,4.0,4.0,0.0,0.0,4.0,2.0,7.6,1,1,1,1,21759,12059,9709,9917,12984,1,7138,8806,23698,8004,1,22104,7786,20803,1.0,11:38,2015,2016
2015-16,203090,Maurice Harkless,Maurice,1610612757,POR,Portland Trail Blazers,21500281,2015-12-03T00:00:00,POR vs. IND,W,16.1,0.0,3.0,0.0,2.0,7.0,7.0,3.0,2.0,0.0,1.0,2.0,0.0,16.5,1,1,1,1,18959,12059,3104,9917,12984,12242,15642,7328,24614,8004,17214,11390,18762,14224,1.0,16:06,2015,2016
2015-16,203552,Seth Curry,Seth,1610612758,SAC,Sacramento Kings,21500282,2015-12-03T00:00:00,SAC vs. BOS,L,23.2,2.0,0.0,4.0,0.0,5.0,6.0,3.0,18.0,0.0,0.0,2.0,3.0,12.4,1,13074,13074,13074,13226,6026,10158,1913,18861,8403,13237,7328,13577,8004,1,11390,4736,17418,1.0,23:11,2015,2016
2015-16,203961,Eric Moreland,Eric,1610612758,SAC,Sacramento Kings,21500282,2015-12-03T00:00:00,SAC vs. BOS,L,4.3,0.0,0.0,0.0,0.0,2.0,1.0,0.0,4.0,0.0,0.0,2.0,0.0,2.4,1,13074,13074,13074,24612,12059,10158,9917,18861,2619,3393,1,23698,8004,1,11390,18762,24024,1.0,4:18,2015,2016
2015-16,203086,Meyers Leonard,Meyers,1610612757,POR,Portland Trail Blazers,21500281,2015-12-03T00:00:00,POR vs. IND,W,24.7,0.0,0.0,0.0,2.0,12.0,11.0,7.0,10.0,0.0,0.0,3.0,1.0,17.9,1,1,1,1,11959,12059,10158,9917,12984,20178,21814,15538,20209,8004,1,17641,12373,13229,1.0,24:40,2015,2016
2015-16,101123,Gerald Green,Gerald,1610612748,MIA,Miami Heat,21500277,2015-12-03T00:00:00,MIA vs. OKC,W,28.1,0.0,1.0,0.0,4.0,4.0,9.0,9.0,26.0,0.0,1.0,1.0,1.0,8.4,1,1,1,1,9156,12059,9709,9917,8599,6141,19144,18829,7214,8004,17214,4972,12373,20273,1.0,28:06,2015,2016
2015-16,203893,Russ Smith,Russ,1610612763,MEM,Memphis Grizzlies,21500280,2015-12-03T00:00:00,MEM vs. SAS,L,4.4,2.0,0.0,2.0,2.0,3.0,0.0,0.0,4.0,0.0,0.0,0.0,0.0,2.5,1,13074,13074,13074,24581,6026,10158,4675,12984,5109,1,1,23698,8004,1,1,18762,24003,2.0,4:24,2015,2016
2015-16,201949,James Johnson,James,1610612761,TOR,Toronto Raptors,21500278,2015-12-03T00:00:00,TOR vs. DEN,L,4.1,0.0,0.0,0.0,4.0,0.0,0.0,0.0,2.0,0.0,0.0,0.0,1.0,7.6,1,13074,13074,13074,24668,12059,10158,9917,8599,1,1,1,24614,8004,1,1,12373,20803,1.0,4:08,2015,2016
2015-16,2406,Caron Butler,Caron,1610612758,SAC,Sacramento Kings,21500282,2015-12-03T00:00:00,SAC vs. BOS,L,8.1,0.0,0.0,0.0,0.0,7.0,0.0,5.0,2.0,0.0,0.0,1.0,0.0,3.0,1,13074,13074,13074,23155,12059,10158,9917,18861,12242,1,11593,24614,8004,1,4972,18762,23648,1.0,8:06,2015,2016
2015-16,203094,Andrew Nicholson,Andrew,1610612753,ORL,Orlando Magic,21500279,2015-12-03T00:00:00,ORL @ UTA,W,24.0,3.0,2.0,0.0,8.0,3.0,7.0,1.0,12.0,0.0,0.0,1.0,1.0,18.4,1,1,1,1,12601,4307,4731,9917,3109,5109,15642,3646,18637,8004,1,4972,12373,12854,1.0,23:58,2015,2016
2015-16,2440,Matt Barnes,Matt,1610612763,MEM,Memphis Grizzlies,21500280,2015-12-03T00:00:00,MEM vs. SAS,L,20.4,0.0,0.0,2.0,2.0,4.0,7.0,5.0,16.0,0.0,0.0,1.0,1.0,8.4,1,13074,13074,13074,15598,12059,10158,4675,12984,6141,15642,11593,15259,8004,1,4972,12373,20273,2.0,20:22,2015,2016
2015-16,1626159,Justise Winslow,Justise,1610612748,MIA,Miami Heat,21500277,2015-12-03T00:00:00,MIA vs. OKC,W,33.5,0.0,0.0,0.0,0.0,6.0,5.0,4.0,36.0,0.0,0.0,3.0,1.0,16.3,1,1,1,1,4719,12059,10158,9917,18861,10028,11469,8806,1943,8004,1,17641,12373,14372,1.0,33:32,2015,2016
2015-16,201973,Jonas Jerebko,Jonas,1610612738,BOS,Boston Celtics,21500282,2015-12-03T00:00:00,BOS @ SAC,W,16.7,3.0,0.0,3.0,2.0,5.0,2.0,2.0,14.0,1.0,1.0,1.0,1.0,16.7,1,1,1,1,18473,4307,10158,3302,12984,8403,3734,4025,17019,2692,17214,4972,12373,14064,1.0,16:44,2015,2016
2015-16,2749,Jameer Nelson,Jameer,1610612743,DEN,Denver Nuggets,21500278,2015-12-03T00:00:00,DEN @ TOR,W,28.2,0.0,0.0,0.0,2.0,7.0,2.0,4.0,36.0,0.0,0.0,1.0,1.0,16.5,1,1,1,1,9105,12059,10158,9917,12984,12242,3734,8806,1943,8004,1,4972,12373,14224,1.0,28:10,2015,2016
2015-16,203516,James Ennis III,James,1610612763,MEM,Memphis Grizzlies,21500280,2015-12-03T00:00:00,MEM vs. SAS,L,6.0,0.0,0.0,3.0,0.0,3.0,0.0,0.0,6.0,1.0,0.0,0.0,2.0,12.9,1,13074,13074,13074,23978,12059,10158,3302,18861,5109,1,1,22724,2692,1,1,7786,17049,2.0,5:58,2015,2016
2015-16,202687,Bismack Biyombo,Bismack,1610612761,TOR,Toronto Raptors,21500278,2015-12-03T00:00:00,TOR vs. DEN,L,25.1,2.0,2.0,0.0,4.0,7.0,5.0,4.0,18.0,1.0,1.0,4.0,2.0,17.4,1,13074,13074,13074,11615,6026,4731,9917,8599,12242,11469,8806,13577,2692,17214,22104,7786,13595,1.0,25:05,2015,2016
2015-16,202329,Al-Farouq Aminu,Al-Farouq,1610612757,POR,Portland Trail Blazers,21500281,2015-12-03T00:00:00,POR vs. IND,W,31.9,0.0,0.0,0.0,2.0,22.0,13.0,10.0,36.0,0.0,0.0,1.0,3.0,28.7,1,1,1,1,5973,12059,10158,9917,12984,25683,23668,20169,1943,8004,1,4972,4736,6514,1.0,31:54,2015,2016
2015-16,203079,Dion Waiters,Dion,1610612760,OKC,Oklahoma City Thunder,21500277,2015-12-03T00:00:00,OKC @ MIA,L,26.7,0.0,0.0,0.0,8.0,11.0,2.0,10.0,28.0,0.0,0.0,1.0,0.0,22.6,1,13074,13074,13074,10284,12059,10158,9917,3109,18886,3734,20169,5824,8004,1,4972,18762,10000,1.0,26:42,2015,2016
2015-16,1938,Manu Ginobili,Manu,1610612759,SAS,San Antonio Spurs,21500280,2015-12-03T00:00:00,SAS @ MEM,W,22.2,2.0,0.0,2.0,4.0,2.0,5.0,4.0,22.0,0.0,1.0,2.0,3.0,22.6,1,1,1,1,13999,6026,10158,4675,8599,2619,11469,8806,10265,8004,17214,11390,4736,10000,2.0,22:13,2015,2016
2015-16,203901,Elfrid Payton,Elfrid,1610612753,ORL,Orlando Magic,21500279,2015-12-03T00:00:00,ORL @ UTA,W,32.7,2.0,0.0,8.0,12.0,10.0,5.0,7.0,10.0,0.0,2.0,3.0,2.0,32.1,1,1,1,1,5350,6026,10158,280,988,17370,11469,15538,20209,8004,23588,17641,7786,4889,1.0,32:41,2015,2016
2015-16,202683,Enes Freedom,Enes,1610612760,OKC,Oklahoma City Thunder,21500277,2015-12-03T00:00:00,OKC @ MIA,L,21.4,2.0,2.0,0.0,6.0,7.0,3.0,8.0,22.0,0.0,1.0,3.0,3.0,13.6,1,13074,13074,13074,14708,6026,4731,9917,5299,12242,7138,17194,10265,8004,17214,17641,4736,16460,1.0,21:23,2015,2016
2015-16,201941,Jordan Hill,Jordan,1610612754,IND,Indiana Pacers,21500281,2015-12-03T00:00:00,IND @ POR,L,20.7,0.0,2.0,2.0,6.0,9.0,13.0,5.0,14.0,1.0,1.0,2.0,1.0,17.1,1,13074,13074,13074,15290,12059,4731,4675,5299,15771,23668,11593,17019,2692,17214,11390,12373,13791,1.0,20:44,2015,2016
2015-16,2548,Dwyane Wade,Dwyane,1610612748,MIA,Miami Heat,21500277,2015-12-03T00:00:00,MIA vs. OKC,W,33.1,4.0,0.0,6.0,18.0,6.0,9.0,9.0,32.0,0.0,0.0,1.0,5.0,39.8,1,1,1,1,5016,2460,10158,740,131,10028,19144,18829,3535,8004,1,4972,1539,2422,1.0,33:08,2015,2016
2015-16,203096,Jared Sullinger,Jared,1610612738,BOS,Boston Celtics,21500282,2015-12-03T00:00:00,BOS @ SAC,W,14.2,0.0,0.0,0.0,0.0,3.0,7.0,0.0,10.0,1.0,0.0,4.0,3.0,17.6,1,1,1,1,20269,12059,10158,9917,18861,5109,15642,1,20209,2692,1,22104,4736,13443,1.0,14:13,2015,2016
2015-16,201609,Goran Dragic,Goran,1610612748,MIA,Miami Heat,21500277,2015-12-03T00:00:00,MIA vs. OKC,W,36.5,0.0,0.0,4.0,2.0,4.0,7.0,9.0,40.0,0.0,0.0,2.0,1.0,33.1,1,1,1,1,2417,12059,10158,1913,12984,6141,15642,18829,983,8004,1,11390,12373,4505,1.0,36:29,2015,2016
2015-16,200765,Rajon Rondo,Rajon,1610612758,SAC,Sacramento Kings,21500282,2015-12-03T00:00:00,SAC vs. BOS,L,24.0,0.0,0.0,0.0,2.0,19.0,3.0,16.0,12.0,0.0,1.0,1.0,3.0,22.6,1,13074,13074,13074,12601,12059,10158,9917,12984,25074,7138,24641,18637,8004,17214,4972,4736,10000,1.0,23:58,2015,2016
2015-16,203482,Kelly Olynyk,Kelly,1610612738,BOS,Boston Celtics,21500282,2015-12-03T00:00:00,BOS @ SAC,W,24.6,2.0,2.0,2.0,10.0,10.0,3.0,7.0,16.0,0.0,0.0,3.0,1.0,31.8,1,1,1,1,12065,6026,4731,4675,1840,17370,7138,15538,15259,8004,1,17641,12373,5041,1.0,24:33,2015,2016
2015-16,203463,Ben McLemore,Ben,1610612758,SAC,Sacramento Kings,21500282,2015-12-03T00:00:00,SAC vs. BOS,L,24.8,0.0,2.0,0.0,4.0,19.0,1.0,16.0,14.0,0.0,0.0,4.0,3.0,17.3,1,13074,13074,13074,11878,12059,4731,9917,8599,25074,3393,24641,17019,8004,1,22104,4736,13671,1.0,24:45,2015,2016
2015-16,2225,Tony Parker,Tony,1610612759,SAS,San Antonio Spurs,21500280,2015-12-03T00:00:00,SAS @ MEM,W,23.6,2.0,4.0,2.0,6.0,2.0,6.0,6.0,20.0,0.0,2.0,2.0,1.0,31.9,1,1,1,1,12908,6026,1596,4675,5299,2619,13237,13388,11929,8004,23588,11390,12373,4984,2.0,23:35,2015,2016
2015-16,203500,Steven Adams,Steven,1610612760,OKC,Oklahoma City Thunder,21500277,2015-12-03T00:00:00,OKC @ MIA,L,20.2,2.0,4.0,0.0,6.0,2.0,0.0,3.0,24.0,0.0,0.0,2.0,2.0,17.6,1,13074,13074,13074,15713,6026,1596,9917,5299,2619,1,7328,8723,8004,1,11390,7786,13443,1.0,20:13,2015,2016
2015-16,101139,CJ Miles,CJ,1610612754,IND,Indiana Pacers,21500281,2015-12-03T00:00:00,IND @ POR,L,32.0,6.0,3.0,1.0,2.0,7.0,9.0,5.0,22.0,1.0,0.0,3.0,1.0,38.2,1,13074,13074,13074,5933,878,3104,9347,12984,12242,19144,11593,10265,2692,1,17641,12373,2854,1.0,31:57,2015,2016
2015-16,201978,Chase Budinger,Chase,1610612754,IND,Indiana Pacers,21500281,2015-12-03T00:00:00,IND @ POR,L,23.0,3.0,5.0,0.0,2.0,5.0,12.0,5.0,18.0,0.0,0.0,0.0,2.0,13.6,1,13074,13074,13074,13411,4307,995,9917,12984,8403,22832,11593,13577,8004,1,1,7786,16460,1.0,22:57,2015,2016
2015-16,203095,Evan Fournier,Evan,1610612753,ORL,Orlando Magic,21500279,2015-12-03T00:00:00,ORL @ UTA,W,29.7,0.0,2.0,0.0,2.0,4.0,4.0,7.0,8.0,0.0,0.0,5.0,2.0,27.7,1,1,1,1,7827,12059,4731,9917,12984,6141,8458,15538,21543,8004,1,24686,7786,7008,1.0,29:41,2015,2016
2015-16,203504,Trey Burke,Trey,1610612762,UTA,Utah Jazz,21500279,2015-12-03T00:00:00,UTA vs. ORL,L,33.7,0.0,0.0,0.0,0.0,11.0,10.0,11.0,32.0,0.0,1.0,2.0,1.0,22.6,1,13074,13074,13074,4594,12059,10158,9917,18861,18886,20509,21342,3535,8004,17214,11390,12373,10000,1.0,33:42,2015,2016
2015-16,202709,Cory Joseph,Cory,1610612761,TOR,Toronto Raptors,21500278,2015-12-03T00:00:00,TOR vs. DEN,L,28.2,5.0,0.0,4.0,10.0,4.0,7.0,0.0,18.0,0.0,0.0,1.0,2.0,27.8,1,13074,13074,13074,9053,1603,10158,1913,1840,6141,15642,1,13577,8004,1,4972,7786,6950,1.0,28:14,2015,2016
2015-16,202324,Derrick Favors,Derrick,1610612762,UTA,Utah Jazz,21500279,2015-12-03T00:00:00,UTA vs. ORL,L,38.0,0.0,4.0,0.0,6.0,18.0,8.0,15.0,36.0,1.0,0.0,0.0,4.0,32.0,1,13074,13074,13074,1502,12059,1596,9917,5299,24749,17345,24242,1943,2692,1,1,2748,4945,1.0,38:00,2015,2016
2015-16,1626161,Willie Cauley-Stein,Willie,1610612758,SAC,Sacramento Kings,21500282,2015-12-03T00:00:00,SAC vs. BOS,L,17.7,0.0,3.0,0.0,4.0,7.0,4.0,5.0,8.0,1.0,0.0,3.0,3.0,17.5,1,13074,13074,13074,17776,12059,3104,9917,8599,12242,8458,11593,21543,2692,1,17641,4736,13528,1.0,17:40,2015,2016
2015-16,201588,George Hill,George,1610612754,IND,Indiana Pacers,21500281,2015-12-03T00:00:00,IND @ POR,L,28.0,6.0,2.0,0.0,8.0,0.0,19.0,0.0,26.0,0.0,1.0,4.0,3.0,21.7,1,13074,13074,13074,9203,878,4731,9917,3109,1,25786,1,7214,8004,17214,22104,4736,10592,1.0,28:02,2015,2016
2015-16,203468,CJ McCollum,CJ,1610612757,POR,Portland Trail Blazers,21500281,2015-12-03T00:00:00,POR vs. IND,W,32.9,4.0,5.0,2.0,4.0,17.0,14.0,6.0,30.0,0.0,1.0,2.0,2.0,38.5,1,1,1,1,5216,2460,995,4675,8599,24337,24300,13388,4541,8004,17214,11390,7786,2771,1.0,32:54,2015,2016
2015-16,201144,Mike Conley,Mike,1610612763,MEM,Memphis Grizzlies,21500280,2015-12-03T00:00:00,MEM vs. SAS,L,28.2,0.0,3.0,0.0,6.0,4.0,6.0,11.0,20.0,2.0,1.0,1.0,4.0,32.0,1,13074,13074,13074,9047,12059,3104,9917,5299,6141,13237,21342,11929,932,17214,4972,2748,4945,2.0,28:15,2015,2016
2015-16,2449,Luis Scola,Luis,1610612761,TOR,Toronto Raptors,21500278,2015-12-03T00:00:00,TOR vs. DEN,L,21.5,2.0,2.0,4.0,6.0,9.0,3.0,2.0,14.0,0.0,1.0,3.0,3.0,13.7,1,13074,13074,13074,14589,6026,4731,1913,5299,15771,7138,4025,17019,8004,17214,17641,4736,16393,1.0,21:31,2015,2016
2015-16,101133,Ian Mahinmi,Ian,1610612754,IND,Indiana Pacers,21500281,2015-12-03T00:00:00,IND @ POR,L,26.1,4.0,4.0,0.0,8.0,0.0,11.0,0.0,20.0,0.0,0.0,5.0,2.0,27.7,1,13074,13074,13074,10743,2460,1596,9917,3109,1,21814,1,11929,8004,1,24686,7786,7008,1.0,26:07,2015,2016
2015-16,201188,Marc Gasol,Marc,1610612763,MEM,Memphis Grizzlies,21500280,2015-12-03T00:00:00,MEM vs. SAS,L,33.6,2.0,1.0,1.0,10.0,8.0,8.0,15.0,28.0,3.0,0.0,3.0,3.0,37.6,1,13074,13074,13074,4710,6026,9709,9347,1840,13914,17345,24242,5824,347,1,17641,4736,3018,2.0,33:33,2015,2016
2015-16,101141,Ersan Ilyasova,Ersan,1610612765,DET,Detroit Pistons,21500270,2015-12-02T00:00:00,DET vs. PHX,W,34.7,4.0,2.0,7.0,10.0,6.0,0.0,4.0,26.0,0.0,0.0,4.0,5.0,28.3,1,1,1,1,3744,2460,4731,454,1840,10028,1,8806,7214,8004,1,22104,1539,6720,1.0,34:44,2015,2016
2015-16,977,Kobe Bryant,Kobe,1610612747,LAL,Los Angeles Lakers,21500269,2015-12-02T00:00:00,LAL @ WAS,W,35.6,6.0,0.0,0.0,4.0,15.0,7.0,23.0,32.0,0.0,0.0,1.0,3.0,38.9,1,1,1,1,3081,878,10158,9917,8599,23079,15642,25880,3535,8004,1,4972,4736,2667,1.0,35:34,2015,2016
2015-16,201162,Jared Dudley,Jared,1610612764,WAS,Washington Wizards,21500269,2015-12-02T00:00:00,WAS vs. LAL,L,31.7,0.0,0.0,0.0,0.0,24.0,10.0,12.0,34.0,0.0,0.0,3.0,1.0,14.1,1,13074,13074,13074,6163,12059,10158,9917,18861,25890,20509,22259,2701,8004,1,17641,12373,16094,1.0,31:41,2015,2016
2015-16,203490,Otto Porter Jr.,Otto,1610612764,WAS,Washington Wizards,21500269,2015-12-02T00:00:00,WAS vs. LAL,L,30.3,0.0,2.0,3.0,2.0,24.0,10.0,14.0,30.0,0.0,0.0,1.0,3.0,13.7,1,13074,13074,13074,7284,12059,4731,3302,12984,25890,20509,23710,4541,8004,1,4972,4736,16393,1.0,30:16,2015,2016
2015-16,201577,Robin Lopez,Robin,1610612752,NYK,New York Knicks,21500271,2015-12-02T00:00:00,NYK vs. PHI,W,22.1,0.0,0.0,0.0,6.0,14.0,0.0,5.0,12.0,1.0,0.0,2.0,0.0,17.5,1,1,1,1,14099,12059,10158,9917,5299,22292,1,11593,18637,2692,1,11390,18762,13528,1.0,22:05,2015,2016
2015-16,203477,Isaiah Canaan,Isaiah,1610612755,PHI,Philadelphia 76ers,21500271,2015-12-02T00:00:00,PHI @ NYK,L,30.1,5.0,3.0,2.0,4.0,9.0,6.0,8.0,32.0,0.0,2.0,1.0,2.0,22.5,1,13074,13074,13074,7414,1603,3104,4675,8599,15771,13237,17194,3535,8004,23588,4972,7786,10082,1.0,30:08,2015,2016
2015-16,202691,Klay Thompson,Klay,1610612744,GSW,Golden State Warriors,21500268,2015-12-02T00:00:00,GSW @ CHA,W,29.1,0.0,6.0,4.0,4.0,17.0,6.0,12.0,28.0,1.0,3.0,3.0,2.0,28.6,1,1,1,1,8295,12059,481,1913,8599,24337,13237,22259,5824,2692,25441,17641,7786,6560,1.0,29:06,2015,2016
2015-16,202702,Kenneth Faried,Kenneth,1610612743,DEN,Denver Nuggets,21500273,2015-12-02T00:00:00,DEN @ CHI,L,28.6,2.0,2.0,0.0,12.0,8.0,17.0,6.0,18.0,1.0,3.0,3.0,3.0,28.3,1,13074,13074,13074,8744,6026,4731,9917,988,13914,25429,13388,13577,2692,25441,17641,4736,6720,1.0,28:36,2015,2016
2015-16,200757,Thabo Sefolosha,Thabo,1610612737,ATL,Atlanta Hawks,21500272,2015-12-02T00:00:00,ATL vs. TOR,L,33.3,4.0,0.0,2.0,10.0,4.0,3.0,7.0,40.0,2.0,1.0,0.0,3.0,32.5,1,13074,13074,13074,4879,2460,10158,4675,1840,6141,7138,15538,983,932,17214,1,4736,4726,1.0,33:19,2015,2016
2015-16,203999,Nikola Jokić,Nikola,1610612743,DEN,Denver Nuggets,21500273,2015-12-02T00:00:00,DEN @ CHI,L,10.1,0.0,2.0,2.0,4.0,2.0,6.0,4.0,14.0,1.0,0.0,1.0,0.0,13.6,1,13074,13074,13074,22382,12059,4731,4675,8599,2619,13237,8806,17019,2692,1,4972,18762,16460,1.0,10:08,2015,2016
2015-16,201936,Tyreke Evans,Tyreke,1610612740,NOP,New Orleans Pelicans,21500274,2015-12-02T00:00:00,NOP @ HOU,L,32.1,0.0,0.0,2.0,4.0,19.0,11.0,10.0,38.0,1.0,1.0,1.0,4.0,32.2,1,13074,13074,13074,5771,12059,10158,4675,8599,25074,21814,20169,1422,2692,17214,4972,2748,4846,1.0,32:08,2015,2016
2015-16,201564,O.J. Mayo,O.J.,1610612749,MIL,Milwaukee Bucks,21500275,2015-12-02T00:00:00,MIL @ SAS,L,24.1,0.0,0.0,0.0,0.0,4.0,8.0,5.0,26.0,0.0,0.0,2.0,0.0,13.7,1,13074,13074,13074,12508,12059,10158,9917,18861,6141,17345,11593,7214,8004,1,11390,18762,16393,1.0,24:03,2015,2016
2015-16,2561,David West,David,1610612759,SAS,San Antonio Spurs,21500275,2015-12-02T00:00:00,SAS vs. MIL,W,18.2,0.0,0.0,0.0,2.0,0.0,2.0,3.0,14.0,2.0,1.0,0.0,1.0,28.6,1,1,1,1,17388,12059,10158,9917,12984,1,3734,7328,17019,932,17214,1,12373,6560,1.0,18:09,2015,2016
2015-16,203114,Khris Middleton,Khris,1610612749,MIL,Milwaukee Bucks,21500275,2015-12-02T00:00:00,MIL @ SAS,L,30.4,0.0,0.0,0.0,8.0,12.0,8.0,12.0,36.0,0.0,0.0,2.0,2.0,22.1,1,13074,13074,13074,7208,12059,10158,9917,3109,20178,17345,22259,1943,8004,1,11390,7786,10332,1.0,30:22,2015,2016
2015-16,201149,Joakim Noah,Joakim,1610612741,CHI,Chicago Bulls,21500273,2015-12-02T00:00:00,CHI vs. DEN,W,34.9,2.0,6.0,0.0,6.0,15.0,11.0,15.0,32.0,4.0,1.0,3.0,3.0,32.7,1,1,1,1,3607,6026,481,9917,5299,23079,21814,24242,3535,132,17214,17641,4736,4649,1.0,34:55,2015,2016
2015-16,203953,Jabari Parker,Jabari,1610612749,MIL,Milwaukee Bucks,21500275,2015-12-02T00:00:00,MIL @ SAS,L,26.4,0.0,4.0,1.0,2.0,8.0,6.0,8.0,24.0,0.0,0.0,2.0,4.0,17.4,1,13074,13074,13074,10518,12059,1596,9347,12984,13914,13237,17194,8723,8004,1,11390,2748,13595,1.0,26:25,2015,2016
2015-16,202695,Kawhi Leonard,Kawhi,1610612759,SAS,San Antonio Spurs,21500275,2015-12-02T00:00:00,SAS vs. MIL,W,25.1,8.0,0.0,1.0,6.0,0.0,4.0,0.0,20.0,0.0,1.0,1.0,5.0,22.6,1,1,1,1,11594,308,10158,9347,5299,1,8458,1,11929,8004,17214,4972,1539,10000,1.0,25:06,2015,2016
2015-16,201578,Marreese Speights,Marreese,1610612744,GSW,Golden State Warriors,21500268,2015-12-02T00:00:00,GSW @ CHA,W,11.2,0.0,0.0,0.0,0.0,2.0,3.0,3.0,8.0,0.0,1.0,2.0,1.0,14.1,1,1,1,1,21925,12059,10158,9917,18861,2619,7138,7328,21543,8004,17214,11390,12373,16094,1.0,11:14,2015,2016
2015-16,101150,Lou Williams,Lou,1610612747,LAL,Los Angeles Lakers,21500269,2015-12-02T00:00:00,LAL @ WAS,W,32.6,6.0,2.0,6.0,0.0,6.0,7.0,13.0,26.0,0.0,1.0,3.0,2.0,39.4,1,1,1,1,5434,878,4731,740,18861,10028,15642,23048,7214,8004,17214,17641,7786,2530,1.0,32:35,2015,2016
2015-16,203471,Dennis Schröder,Dennis,1610612737,ATL,Atlanta Hawks,21500272,2015-12-02T00:00:00,ATL vs. TOR,L,14.4,0.0,2.0,0.0,6.0,10.0,2.0,8.0,16.0,0.0,2.0,0.0,1.0,17.4,1,13074,13074,13074,20156,12059,4731,9917,5299,17370,3734,17194,15259,8004,23588,1,12373,13595,1.0,14:25,2015,2016
2015-16,203145,Kent Bazemore,Kent,1610612737,ATL,Atlanta Hawks,21500272,2015-12-02T00:00:00,ATL vs. TOR,L,25.8,0.0,4.0,0.0,2.0,10.0,2.0,10.0,28.0,1.0,0.0,4.0,4.0,17.6,1,13074,13074,13074,11011,12059,1596,9917,12984,17370,3734,20169,5824,2692,1,22104,2748,13443,1.0,25:48,2015,2016
2015-16,201569,Eric Gordon,Eric,1610612740,NOP,New Orleans Pelicans,21500274,2015-12-02T00:00:00,NOP @ HOU,L,33.3,0.0,0.0,0.0,4.0,21.0,11.0,10.0,40.0,0.0,1.0,3.0,1.0,13.4,1,13074,13074,13074,4879,12059,10158,9917,8599,25535,21814,20169,983,8004,17214,17641,12373,16614,1.0,33:19,2015,2016
2015-16,2564,Boris Diaw,Boris,1610612759,SAS,San Antonio Spurs,21500275,2015-12-02T00:00:00,SAS vs. MIL,W,25.2,3.0,7.0,0.0,6.0,2.0,4.0,4.0,20.0,0.0,0.0,1.0,4.0,21.9,1,1,1,1,11515,4307,292,9917,5299,2619,8458,8806,11929,8004,1,4972,2748,10460,1.0,25:13,2015,2016
2015-16,101162,Marcin Gortat,Marcin,1610612764,WAS,Washington Wizards,21500269,2015-12-02T00:00:00,WAS vs. LAL,L,37.2,2.0,0.0,2.0,16.0,22.0,10.0,12.0,34.0,1.0,2.0,3.0,1.0,37.5,1,13074,13074,13074,1985,6026,10158,4675,275,25683,20509,22259,2701,2692,23588,17641,12373,3050,1.0,37:10,2015,2016
2015-16,2738,Andre Iguodala,Andre,1610612744,GSW,Golden State Warriors,21500268,2015-12-02T00:00:00,GSW @ CHA,W,19.1,3.0,3.0,0.0,0.0,5.0,5.0,5.0,12.0,1.0,0.0,2.0,0.0,22.1,1,1,1,1,16614,4307,3104,9917,18861,8403,11469,11593,18637,2692,1,11390,18762,10332,1.0,19:06,2015,2016
2015-16,202362,Lance Stephenson,Lance,1610612746,LAC,LA Clippers,21500276,2015-12-02T00:00:00,LAC vs. IND,L,28.2,0.0,0.0,2.0,8.0,11.0,6.0,18.0,22.0,0.0,1.0,5.0,1.0,28.1,1,13074,13074,13074,9113,12059,10158,4675,3109,18886,13237,25228,10265,8004,17214,24686,12373,6818,,28:09,2015,2016
2015-16,202339,Eric Bledsoe,Eric,1610612756,PHX,Phoenix Suns,21500270,2015-12-02T00:00:00,PHX @ DET,L,40.8,4.0,0.0,0.0,10.0,23.0,19.0,22.0,48.0,0.0,0.0,5.0,6.0,39.3,1,13074,13074,13074,520,2460,10158,9917,1840,25803,25786,25811,192,8004,1,24686,873,2563,1.0,40:50,2015,2016
2015-16,2730,Dwight Howard,Dwight,1610612745,HOU,Houston Rockets,21500274,2015-12-02T00:00:00,HOU vs. NOP,W,37.4,0.0,2.0,0.0,4.0,8.0,17.0,2.0,30.0,3.0,0.0,6.0,6.0,33.2,1,1,1,1,1820,12059,4731,9917,8599,13914,25429,4025,4541,347,1,25827,873,4462,1.0,37:25,2015,2016
2015-16,203115,Will Barton,Will,1610612743,DEN,Denver Nuggets,21500273,2015-12-02T00:00:00,DEN @ CHI,L,26.9,4.0,2.0,5.0,6.0,8.0,19.0,8.0,20.0,0.0,1.0,2.0,3.0,28.6,1,13074,13074,13074,10065,2460,4731,1277,5299,13914,25786,17194,11929,8004,17214,11390,4736,6560,1.0,26:56,2015,2016
2015-16,201568,Danilo Gallinari,Danilo,1610612743,DEN,Denver Nuggets,21500273,2015-12-02T00:00:00,DEN @ CHI,L,35.0,3.0,0.0,4.0,2.0,4.0,19.0,4.0,22.0,0.0,2.0,1.0,3.0,28.0,1,13074,13074,13074,3549,4307,10158,1913,12984,6141,25786,8806,10265,8004,23588,4972,4736,6864,1.0,34:59,2015,2016
2015-16,2772,Trevor Ariza,Trevor,1610612745,HOU,Houston Rockets,21500274,2015-12-02T00:00:00,HOU vs. NOP,W,32.0,3.0,3.0,2.0,6.0,5.0,10.0,7.0,34.0,0.0,2.0,1.0,1.0,19.4,1,1,1,1,5868,4307,3104,4675,5299,8403,20509,15538,2701,8004,23588,4972,12373,12154,1.0,32:01,2015,2016
2015-16,201952,Jeff Teague,Jeff,1610612737,ATL,Atlanta Hawks,21500272,2015-12-02T00:00:00,ATL vs. TOR,L,33.6,0.0,3.0,2.0,6.0,2.0,3.0,5.0,36.0,1.0,0.0,1.0,1.0,34.0,1,13074,13074,13074,4682,12059,3104,4675,5299,2619,7138,11593,1943,2692,1,4972,12373,4162,1.0,33:35,2015,2016
2015-16,201575,Brandon Rush,Brandon,1610612744,GSW,Golden State Warriors,21500268,2015-12-02T00:00:00,GSW @ CHA,W,20.5,0.0,0.0,3.0,2.0,15.0,4.0,12.0,18.0,1.0,0.0,0.0,0.0,14.8,1,1,1,1,15511,12059,10158,3302,12984,23079,8458,22259,13577,2692,1,1,18762,15561,1.0,20:28,2015,2016
2015-16,203507,Giannis Antetokounmpo,Giannis,1610612749,MIL,Milwaukee Bucks,21500275,2015-12-02T00:00:00,MIL @ SAS,L,25.7,0.0,0.0,0.0,2.0,14.0,8.0,10.0,26.0,2.0,2.0,2.0,2.0,18.8,1,13074,13074,13074,11135,12059,10158,9917,12984,22292,17345,20169,7214,932,23588,11390,7786,12588,1.0,25:40,2015,2016
2015-16,201942,DeMar DeRozan,DeMar,1610612761,TOR,Toronto Raptors,21500272,2015-12-02T00:00:00,TOR @ ATL,W,35.6,2.0,0.0,0.0,12.0,11.0,16.0,9.0,30.0,1.0,3.0,2.0,2.0,25.8,1,1,1,1,3064,6026,10158,9917,988,18886,25155,18829,4541,2692,25441,11390,7786,8022,1.0,35:36,2015,2016
2015-16,203089,John Henson,John,1610612749,MIL,Milwaukee Bucks,21500275,2015-12-02T00:00:00,MIL @ SAS,L,13.2,0.0,0.0,2.0,4.0,2.0,6.0,0.0,12.0,2.0,0.0,2.0,1.0,14.4,1,13074,13074,13074,20874,12059,10158,4675,8599,2619,13237,1,18637,932,1,11390,12373,15857,1.0,13:11,2015,2016
2015-16,1626144,Emmanuel Mudiay,Emmanuel,1610612743,DEN,Denver Nuggets,21500273,2015-12-02T00:00:00,DEN @ CHI,L,30.3,2.0,0.0,0.0,4.0,6.0,15.0,6.0,18.0,1.0,2.0,1.0,1.0,25.1,1,13074,13074,13074,7272,6026,10158,9917,8599,10028,24781,13388,13577,2692,23588,4972,12373,8429,1.0,30:17,2015,2016
2015-16,202498,Lance Thomas,Lance,1610612752,NYK,New York Knicks,21500271,2015-12-02T00:00:00,NYK vs. PHI,W,21.5,4.0,2.0,0.0,8.0,11.0,5.0,3.0,12.0,1.0,0.0,1.0,3.0,14.4,1,1,1,1,14565,2460,4731,9917,3109,18886,11469,7328,18637,2692,1,4972,4736,15857,1.0,21:32,2015,2016
2015-16,200794,Paul Millsap,Paul,1610612737,ATL,Atlanta Hawks,21500272,2015-12-02T00:00:00,ATL vs. TOR,L,34.0,4.0,4.0,4.0,6.0,4.0,3.0,5.0,38.0,0.0,1.0,5.0,4.0,34.8,1,13074,13074,13074,4319,2460,1596,1913,5299,6141,7138,11593,1422,8004,17214,24686,2748,3891,1.0,34:02,2015,2016
2015-16,2594,Kyle Korver,Kyle,1610612737,ATL,Atlanta Hawks,21500272,2015-12-02T00:00:00,ATL vs. TOR,L,30.5,3.0,3.0,0.0,0.0,7.0,3.0,6.0,30.0,0.0,1.0,1.0,3.0,18.9,1,13074,13074,13074,7105,4307,3104,9917,18861,12242,7138,13388,4541,8004,17214,4972,4736,12513,1.0,30:30,2015,2016
2015-16,101138,Brandon Bass,Brandon,1610612747,LAL,Los Angeles Lakers,21500269,2015-12-02T00:00:00,LAL @ WAS,W,16.7,4.0,4.0,2.0,10.0,3.0,2.0,9.0,14.0,0.0,0.0,0.0,1.0,19.5,1,1,1,1,18521,2460,1596,4675,1840,5109,3734,18829,17019,8004,1,1,12373,12096,1.0,16:40,2015,2016
2015-16,203496,Robert Covington,Robert,1610612755,PHI,Philadelphia 76ers,21500271,2015-12-02T00:00:00,PHI @ NYK,L,27.4,5.0,0.0,0.0,0.0,9.0,4.0,6.0,30.0,0.0,0.0,4.0,1.0,19.3,1,13074,13074,13074,9730,1603,10158,9917,18861,15771,8458,13388,4541,8004,1,22104,12373,12228,1.0,27:21,2015,2016
2015-16,203898,Tyler Ennis,Tyler,1610612749,MIL,Milwaukee Bucks,21500275,2015-12-02T00:00:00,MIL @ SAS,L,23.9,2.0,0.0,2.0,4.0,11.0,11.0,4.0,26.0,1.0,0.0,2.0,1.0,10.1,1,13074,13074,13074,12665,6026,10158,4675,8599,18886,21814,8806,7214,2692,1,11390,12373,19105,1.0,23:53,2015,2016
2015-16,203141,Mirza Teletovic,Mirza,1610612756,PHX,Phoenix Suns,21500270,2015-12-02T00:00:00,PHX @ DET,L,39.1,0.0,0.0,0.0,6.0,14.0,17.0,18.0,42.0,0.0,0.0,3.0,1.0,25.3,1,13074,13074,13074,1045,12059,10158,9917,5299,22292,25429,25228,670,8004,1,17641,12373,8340,1.0,39:05,2015,2016
2015-16,101106,Andrew Bogut,Andrew,1610612744,GSW,Golden State Warriors,21500268,2015-12-02T00:00:00,GSW @ CHA,W,22.8,0.0,2.0,0.0,4.0,13.0,6.0,8.0,18.0,1.0,0.0,0.0,1.0,23.2,1,1,1,1,13503,12059,4731,9917,8599,21300,13237,17194,13577,2692,1,1,12373,9630,1.0,22:50,2015,2016
2015-16,201600,Omer Asik,Omer,1610612740,NOP,New Orleans Pelicans,21500274,2015-12-02T00:00:00,NOP @ HOU,L,21.6,0.0,0.0,0.0,6.0,9.0,2.0,6.0,22.0,0.0,0.0,4.0,2.0,10.3,1,13074,13074,13074,14518,12059,10158,9917,5299,15771,3734,13388,10265,8004,1,22104,7786,18965,1.0,21:36,2015,2016
2015-16,203110,Draymond Green,Draymond,1610612744,GSW,Golden State Warriors,21500268,2015-12-02T00:00:00,GSW @ CHA,W,30.8,2.0,0.0,2.0,4.0,16.0,8.0,10.0,26.0,3.0,0.0,2.0,3.0,34.7,1,1,1,1,6881,6026,10158,4675,8599,23774,17345,20169,7214,347,1,11390,4736,3935,1.0,30:49,2015,2016
2015-16,202335,Patrick Patterson,Patrick,1610612761,TOR,Toronto Raptors,21500272,2015-12-02T00:00:00,TOR @ ATL,W,22.8,3.0,0.0,3.0,0.0,2.0,10.0,2.0,14.0,1.0,0.0,2.0,1.0,19.4,1,1,1,1,13503,4307,10158,3302,18861,2619,20509,4025,17019,2692,1,11390,12373,12154,1.0,22:50,2015,2016
2015-16,2037,Jamal Crawford,Jamal,1610612746,LAC,LA Clippers,21500276,2015-12-02T00:00:00,LAC vs. IND,L,37.1,0.0,2.0,0.0,2.0,17.0,4.0,14.0,26.0,0.0,0.0,5.0,6.0,23.7,1,13074,13074,13074,2027,12059,4731,9917,12984,24337,8458,23710,7214,8004,1,24686,873,9329,,37:05,2015,2016
2015-16,201959,Taj Gibson,Taj,1610612741,CHI,Chicago Bulls,21500273,2015-12-02T00:00:00,CHI vs. DEN,W,19.6,0.0,4.0,0.0,6.0,6.0,6.0,3.0,10.0,0.0,1.0,3.0,0.0,23.2,1,1,1,1,16278,12059,1596,9917,5299,10028,13237,7328,20209,8004,17214,17641,18762,9630,1.0,19:33,2015,2016
2015-16,201565,Derrick Rose,Derrick,1610612741,CHI,Chicago Bulls,21500273,2015-12-02T00:00:00,CHI vs. DEN,W,37.0,0.0,2.0,1.0,4.0,12.0,13.0,11.0,30.0,0.0,1.0,2.0,5.0,25.9,1,1,1,1,2077,12059,4731,9347,8599,20178,23668,21342,4541,8004,17214,11390,1539,7960,1.0,37:00,2015,2016
2015-16,201967,Dante Cunningham,Dante,1610612740,NOP,New Orleans Pelicans,21500274,2015-12-02T00:00:00,NOP @ HOU,L,12.4,0.0,0.0,0.0,2.0,4.0,2.0,2.0,12.0,0.0,1.0,1.0,0.0,10.1,1,13074,13074,13074,21345,12059,10158,9917,12984,6141,3734,4025,18637,8004,17214,4972,18762,19105,1.0,12:22,2015,2016
2015-16,203143,Pablo Prigioni,Pablo,1610612746,LAC,LA Clippers,21500276,2015-12-02T00:00:00,LAC vs. IND,L,13.2,0.0,2.0,2.0,2.0,0.0,6.0,8.0,10.0,0.0,0.0,1.0,1.0,9.7,1,13074,13074,13074,20862,12059,4731,4675,12984,1,13237,17194,20209,8004,1,4972,12373,19379,,13:13,2015,2016
2015-16,202709,Cory Joseph,Cory,1610612761,TOR,Toronto Raptors,21500272,2015-12-02T00:00:00,TOR @ ATL,W,33.5,0.0,2.0,0.0,4.0,8.0,12.0,6.0,24.0,0.0,2.0,2.0,3.0,23.2,1,1,1,1,4740,12059,4731,9917,8599,13914,22832,13388,8723,8004,23588,11390,4736,9630,1.0,33:30,2015,2016
2015-16,202708,Norris Cole,Norris,1610612740,NOP,New Orleans Pelicans,21500274,2015-12-02T00:00:00,NOP @ HOU,L,24.3,2.0,0.0,0.0,4.0,14.0,3.0,4.0,24.0,0.0,1.0,4.0,3.0,10.1,1,13074,13074,13074,12315,6026,10158,9917,8599,22292,7138,8806,8723,8004,17214,22104,4736,19105,1.0,24:17,2015,2016
2015-16,203530,Joffrey Lauvergne,Joffrey,1610612743,DEN,Denver Nuggets,21500273,2015-12-02T00:00:00,DEN @ CHI,L,21.4,0.0,2.0,0.0,4.0,2.0,15.0,4.0,16.0,1.0,1.0,2.0,3.0,25.4,1,13074,13074,13074,14735,12059,4731,9917,8599,2619,24781,8806,15259,2692,17214,11390,4736,8273,1.0,21:21,2015,2016
2015-16,101133,Ian Mahinmi,Ian,1610612754,IND,Indiana Pacers,21500276,2015-12-02T00:00:00,IND @ LAC,W,26.7,2.0,0.0,2.0,6.0,6.0,3.0,6.0,18.0,4.0,0.0,4.0,4.0,33.4,1,1,1,1,10321,6026,10158,4675,5299,10028,7138,13388,13577,132,1,22104,2748,4384,,26:39,2015,2016
2015-16,202338,Kevin Seraphin,Kevin,1610612752,NYK,New York Knicks,21500271,2015-12-02T00:00:00,NYK vs. PHI,W,16.6,2.0,0.0,0.0,4.0,8.0,2.0,3.0,10.0,1.0,1.0,3.0,2.0,23.7,1,1,1,1,18558,6026,10158,9917,8599,13914,3734,7328,20209,2692,17214,17641,7786,9329,1.0,16:37,2015,2016
2015-16,203148,Brian Roberts,Brian,1610612766,CHA,Charlotte Hornets,21500268,2015-12-02T00:00:00,CHA vs. GSW,L,19.9,0.0,0.0,0.0,0.0,2.0,2.0,11.0,18.0,0.0,2.0,1.0,1.0,25.7,1,13074,13074,13074,16019,12059,10158,9917,18861,2619,3734,21342,13577,8004,23588,4972,12373,8088,1.0,19:52,2015,2016
2015-16,203917,Nik Stauskas,Nik,1610612755,PHI,Philadelphia 76ers,21500271,2015-12-02T00:00:00,PHI @ NYK,L,23.8,3.0,0.0,3.0,0.0,10.0,7.0,5.0,24.0,0.0,0.0,1.0,1.0,14.4,1,13074,13074,13074,12769,4307,10158,3302,18861,17370,15642,11593,8723,8004,1,4972,12373,15857,1.0,23:46,2015,2016
2015-16,203924,Jerami Grant,Jerami,1610612755,PHI,Philadelphia 76ers,21500271,2015-12-02T00:00:00,PHI @ NYK,L,20.3,3.0,0.0,3.0,4.0,4.0,3.0,5.0,14.0,3.0,2.0,1.0,2.0,22.8,1,13074,13074,13074,15679,4307,10158,3302,8599,6141,7138,11593,17019,347,23588,4972,7786,9883,1.0,20:15,2015,2016
2015-16,202391,Jeremy Lin,Jeremy,1610612766,CHA,Charlotte Hornets,21500268,2015-12-02T00:00:00,CHA vs. GSW,L,13.4,1.0,3.0,0.0,0.0,8.0,5.0,6.0,12.0,1.0,0.0,2.0,2.0,14.5,1,13074,13074,13074,20741,11535,3104,9917,18861,13914,11469,13388,18637,2692,1,11390,7786,15799,1.0,13:24,2015,2016
2015-16,1626169,Stanley Johnson,Stanley,1610612765,DET,Detroit Pistons,21500270,2015-12-02T00:00:00,DET vs. PHX,W,21.2,0.0,0.0,0.0,2.0,16.0,6.0,2.0,32.0,0.0,2.0,1.0,2.0,9.9,1,1,1,1,14879,12059,10158,9917,12984,23774,13237,4025,3535,8004,23588,4972,7786,19247,1.0,21:12,2015,2016
2015-16,200782,P.J. Tucker,P.J.,1610612756,PHX,Phoenix Suns,21500270,2015-12-02T00:00:00,PHX @ DET,L,39.0,0.0,0.0,0.0,0.0,23.0,19.0,21.0,48.0,1.0,0.0,4.0,1.0,19.7,1,13074,13074,13074,1071,12059,10158,9917,18861,25803,25786,25725,192,2692,1,22104,12373,11962,1.0,39:01,2015,2016
2015-16,202694,Marcus Morris Sr.,Marcus,1610612765,DET,Detroit Pistons,21500270,2015-12-02T00:00:00,DET vs. PHX,W,42.0,5.0,10.0,3.0,6.0,10.0,0.0,4.0,32.0,0.0,0.0,2.0,8.0,49.3,1,1,1,1,316,1603,34,3302,5299,17370,1,8806,3535,8004,1,11390,254,827,1.0,41:58,2015,2016
2015-16,101145,Monta Ellis,Monta,1610612754,IND,Indiana Pacers,21500276,2015-12-02T00:00:00,IND @ LAC,W,34.0,4.0,2.0,4.0,4.0,6.0,2.0,12.0,22.0,1.0,0.0,1.0,1.0,24.3,1,1,1,1,4319,2460,4731,1913,8599,10028,3734,22259,10265,2692,1,4972,12373,8939,,34:02,2015,2016
2015-16,201941,Jordan Hill,Jordan,1610612754,IND,Indiana Pacers,21500276,2015-12-02T00:00:00,IND @ LAC,W,20.4,0.0,2.0,0.0,8.0,5.0,3.0,9.0,12.0,0.0,0.0,4.0,3.0,24.6,1,1,1,1,15557,12059,4731,9917,3109,8403,7138,18829,18637,8004,1,22104,4736,8724,,20:25,2015,2016
2015-16,2200,Pau Gasol,Pau,1610612741,CHI,Chicago Bulls,21500273,2015-12-02T00:00:00,CHI vs. DEN,W,36.4,2.0,6.0,0.0,10.0,13.0,15.0,12.0,32.0,4.0,0.0,2.0,4.0,62.3,1,1,1,1,2480,6026,481,9917,1840,21300,24781,22259,3535,132,1,11390,2748,137,1.0,36:24,2015,2016
2015-16,201167,Arron Afflalo,Arron,1610612752,NYK,New York Knicks,21500271,2015-12-02T00:00:00,NYK vs. PHI,W,23.1,0.0,0.0,2.0,6.0,12.0,2.0,3.0,14.0,0.0,0.0,3.0,0.0,24.6,1,1,1,1,13305,12059,10158,4675,5299,20178,3734,7328,17019,8004,1,17641,18762,8724,1.0,23:05,2015,2016
2015-16,200768,Kyle Lowry,Kyle,1610612761,TOR,Toronto Raptors,21500272,2015-12-02T00:00:00,TOR @ ATL,W,37.3,2.0,0.0,6.0,14.0,11.0,13.0,9.0,30.0,0.0,1.0,5.0,9.0,48.5,1,1,1,1,1925,6026,10158,740,542,18886,23668,18829,4541,8004,17214,24686,138,909,1.0,37:15,2015,2016
2015-16,201939,Stephen Curry,Stephen,1610612744,GSW,Golden State Warriors,21500268,2015-12-02T00:00:00,GSW @ CHA,W,30.8,7.0,3.0,8.0,12.0,16.0,8.0,10.0,26.0,0.0,0.0,2.0,3.0,46.1,1,1,1,1,6881,548,3104,280,988,23774,17345,20169,7214,8004,1,11390,4736,1185,1.0,30:49,2015,2016
2015-16,201155,Rodney Stuckey,Rodney,1610612754,IND,Indiana Pacers,21500276,2015-12-02T00:00:00,IND @ LAC,W,32.3,4.0,2.0,8.0,10.0,9.0,6.0,13.0,26.0,0.0,0.0,2.0,3.0,30.0,1,1,1,1,5683,2460,4731,280,1840,15771,13237,23048,7214,8004,1,11390,4736,5840,,32:15,2015,2016
2015-16,202704,Reggie Jackson,Reggie,1610612765,DET,Detroit Pistons,21500270,2015-12-02T00:00:00,DET vs. PHX,W,39.9,7.0,2.0,7.0,16.0,6.0,2.0,2.0,30.0,0.0,1.0,3.0,3.0,61.6,1,1,1,1,748,548,4731,454,275,10028,3734,4025,4541,8004,17214,17641,4736,159,1.0,39:56,2015,2016
2015-16,202710,Jimmy Butler III,Jimmy,1610612741,CHI,Chicago Bulls,21500273,2015-12-02T00:00:00,CHI vs. DEN,W,39.4,2.0,2.0,7.0,4.0,15.0,15.0,15.0,38.0,1.0,3.0,2.0,8.0,35.7,1,1,1,1,908,6026,4731,454,8599,23079,24781,24242,1422,2692,25441,11390,254,3578,1.0,39:26,2015,2016
2015-16,2746,Josh Smith,Josh,1610612746,LAC,LA Clippers,21500276,2015-12-02T00:00:00,LAC vs. IND,L,17.1,0.0,0.0,2.0,4.0,4.0,6.0,8.0,20.0,2.0,0.0,2.0,3.0,29.0,1,13074,13074,13074,18229,12059,10158,4675,8599,6141,13237,17194,11929,932,1,11390,4736,6346,,17:04,2015,2016
2015-16,203076,Anthony Davis,Anthony,1610612740,NOP,New Orleans Pelicans,21500274,2015-12-02T00:00:00,NOP @ HOU,L,34.8,3.0,2.0,0.0,8.0,23.0,11.0,10.0,40.0,2.0,1.0,2.0,9.0,56.1,1,13074,13074,13074,3685,4307,4731,9917,3109,25803,21814,20169,983,932,17214,11390,138,347,1.0,34:49,2015,2016
2015-16,202720,Jon Leuer,Jon,1610612756,PHX,Phoenix Suns,21500270,2015-12-02T00:00:00,PHX @ DET,L,38.6,4.0,2.0,0.0,12.0,18.0,13.0,17.0,50.0,1.0,0.0,4.0,3.0,43.7,1,13074,13074,13074,1221,2460,4731,9917,988,24749,23668,24967,107,2692,1,22104,4736,1610,1.0,38:36,2015,2016
2015-16,201935,James Harden,James,1610612745,HOU,Houston Rockets,21500274,2015-12-02T00:00:00,HOU vs. NOP,W,37.7,8.0,1.0,2.0,8.0,8.0,15.0,7.0,30.0,1.0,0.0,1.0,7.0,51.0,1,1,1,1,1671,308,9709,4675,3109,13914,24781,15538,4541,2692,1,4972,469,656,1.0,37:40,2015,2016
2015-16,201976,Patrick Beverley,Patrick,1610612745,HOU,Houston Rockets,21500274,2015-12-02T00:00:00,HOU vs. NOP,W,26.2,2.0,3.0,2.0,4.0,8.0,13.0,2.0,20.0,1.0,0.0,5.0,1.0,28.9,1,1,1,1,10673,6026,3104,4675,8599,13914,23668,4025,11929,2692,1,24686,12373,6414,1.0,26:13,2015,2016
2015-16,1938,Manu Ginobili,Manu,1610612759,SAS,San Antonio Spurs,21500275,2015-12-02T00:00:00,SAS vs. MIL,W,11.5,0.0,0.0,0.0,2.0,0.0,4.0,0.0,10.0,0.0,1.0,1.0,0.0,11.5,1,1,1,1,21812,12059,10158,9917,12984,1,8458,1,20209,8004,17214,4972,18762,18079,1.0,11:31,2015,2016
2015-16,203083,Andre Drummond,Andre,1610612765,DET,Detroit Pistons,21500270,2015-12-02T00:00:00,DET vs. PHX,W,42.1,6.0,5.0,6.0,16.0,10.0,2.0,4.0,38.0,1.0,0.0,3.0,10.0,43.4,1,1,1,1,295,878,995,740,275,17370,3734,8806,1422,2692,1,17641,76,1662,1.0,42:07,2015,2016
2015-16,201587,Nicolas Batum,Nicolas,1610612766,CHA,Charlotte Hornets,21500268,2015-12-02T00:00:00,CHA vs. GSW,L,30.2,4.0,2.0,6.0,6.0,9.0,11.0,19.0,28.0,2.0,1.0,2.0,3.0,44.1,1,13074,13074,13074,7350,2460,4731,740,5299,15771,21814,25435,5824,932,17214,11390,4736,1542,1.0,30:12,2015,2016
2015-16,201933,Blake Griffin,Blake,1610612746,LAC,LA Clippers,21500276,2015-12-02T00:00:00,LAC vs. IND,L,36.4,6.0,0.0,2.0,6.0,19.0,2.0,22.0,24.0,0.0,3.0,4.0,9.0,28.8,1,13074,13074,13074,2494,878,10158,4675,5299,25074,3734,25811,8723,8004,25441,22104,138,6465,,36:23,2015,2016
2015-16,202331,Paul George,Paul,1610612754,IND,Indiana Pacers,21500276,2015-12-02T00:00:00,IND @ LAC,W,40.6,7.0,0.0,5.0,4.0,8.0,5.0,12.0,26.0,1.0,0.0,3.0,10.0,61.0,1,1,1,1,573,548,10158,1277,8599,13914,11469,22259,7214,2692,1,17641,76,182,,40:38,2015,2016
2015-16,202688,Brandon Knight,Brandon,1610612756,PHX,Phoenix Suns,21500270,2015-12-02T00:00:00,PHX @ DET,L,38.0,2.0,0.0,2.0,2.0,21.0,16.0,20.0,50.0,0.0,0.0,2.0,4.0,29.4,1,13074,13074,13074,1496,6026,10158,4675,12984,25535,25155,25599,107,8004,1,11390,2748,6143,1.0,38:01,2015,2016
2015-16,202322,John Wall,John,1610612764,WAS,Washington Wizards,21500269,2015-12-02T00:00:00,WAS vs. LAL,L,36.3,3.0,3.0,10.0,10.0,22.0,10.0,12.0,32.0,0.0,1.0,1.0,8.0,59.9,1,13074,13074,13074,2533,4307,3104,118,1840,25683,20509,22259,3535,8004,17214,4972,254,210,1.0,36:19,2015,2016
2015-16,203944,Julius Randle,Julius,1610612747,LAL,Los Angeles Lakers,21500269,2015-12-02T00:00:00,LAL @ WAS,W,31.2,4.0,4.0,4.0,14.0,12.0,7.0,23.0,28.0,0.0,1.0,2.0,5.0,43.3,1,1,1,1,6527,2460,1596,1913,542,20178,15642,25880,5824,8004,17214,11390,1539,1678,1.0,31:14,2015,2016
2015-16,203488,Mike Muscala,Mike,1610612737,ATL,Atlanta Hawks,21500272,2015-12-02T00:00:00,ATL vs. TOR,L,19.2,2.0,2.0,0.0,2.0,7.0,2.0,6.0,22.0,1.0,0.0,4.0,0.0,11.3,1,13074,13074,13074,16559,6026,4731,9917,12984,12242,3734,13388,10265,2692,1,22104,18762,18230,1.0,19:10,2015,2016
2015-16,201588,George Hill,George,1610612754,IND,Indiana Pacers,21500276,2015-12-02T00:00:00,IND @ LAC,W,32.7,0.0,2.0,0.0,0.0,11.0,4.0,7.0,18.0,0.0,1.0,3.0,7.0,11.3,1,1,1,1,5379,12059,4731,9917,18861,18886,8458,15538,13577,8004,17214,17641,469,18230,,32:40,2015,2016
2015-16,201582,Alexis Ajinca,Alexis,1610612740,NOP,New Orleans Pelicans,21500274,2015-12-02T00:00:00,NOP @ HOU,L,9.5,0.0,2.0,0.0,4.0,6.0,0.0,0.0,12.0,1.0,0.0,4.0,0.0,10.6,1,13074,13074,13074,22634,12059,4731,9917,8599,10028,1,1,18637,2692,1,22104,18762,18723,1.0,9:29,2015,2016
2015-16,201962,Toney Douglas,Toney,1610612740,NOP,New Orleans Pelicans,21500274,2015-12-02T00:00:00,NOP @ HOU,L,8.3,3.0,3.0,0.0,0.0,6.0,2.0,0.0,4.0,0.0,0.0,3.0,0.0,6.2,1,13074,13074,13074,23091,4307,3104,9917,18861,10028,3734,1,23698,8004,1,17641,18762,21696,1.0,8:17,2015,2016
2015-16,203515,Phil Pressey,Phil,1610612755,PHI,Philadelphia 76ers,21500271,2015-12-02T00:00:00,PHI @ NYK,L,10.4,0.0,0.0,0.0,2.0,8.0,2.0,2.0,12.0,0.0,2.0,2.0,1.0,10.5,1,13074,13074,13074,22291,12059,10158,9917,12984,13914,3734,4025,18637,8004,23588,11390,12373,18808,1.0,10:22,2015,2016
2015-16,203085,Austin Rivers,Austin,1610612746,LAC,LA Clippers,21500276,2015-12-02T00:00:00,LAC vs. IND,L,34.8,2.0,0.0,2.0,6.0,19.0,2.0,14.0,24.0,0.0,2.0,3.0,0.0,10.9,1,13074,13074,13074,3703,6026,10158,4675,5299,25074,3734,23710,8723,8004,23588,17641,18762,18498,,34:47,2015,2016
2015-16,203948,Johnny O'Bryant III,Johnny,1610612749,MIL,Milwaukee Bucks,21500275,2015-12-02T00:00:00,MIL @ SAS,L,7.1,0.0,2.0,0.0,2.0,3.0,3.0,0.0,6.0,0.0,1.0,0.0,1.0,6.4,1,13074,13074,13074,23526,12059,4731,9917,12984,5109,7138,1,22724,8004,17214,1,12373,21589,1.0,7:05,2015,2016
2015-16,2588,Matt Bonner,Matt,1610612759,SAS,San Antonio Spurs,21500275,2015-12-02T00:00:00,SAS vs. MIL,W,7.1,0.0,0.0,0.0,0.0,2.0,2.0,2.0,6.0,0.0,0.0,0.0,0.0,1.7,1,1,1,1,23526,12059,10158,9917,18861,2619,3734,4025,22724,8004,1,1,18762,24436,1.0,7:05,2015,2016
2015-16,201166,Aaron Brooks,Aaron,1610612741,CHI,Chicago Bulls,21500273,2015-12-02T00:00:00,CHI vs. DEN,W,9.1,0.0,0.0,0.0,0.0,3.0,4.0,4.0,8.0,1.0,1.0,3.0,2.0,10.9,1,1,1,1,22815,12059,10158,9917,18861,5109,8458,8806,21543,2692,17214,17641,7786,18498,1.0,9:04,2015,2016
2015-16,201579,Roy Hibbert,Roy,1610612747,LAL,Los Angeles Lakers,21500269,2015-12-02T00:00:00,LAL @ WAS,W,31.3,0.0,0.0,0.0,2.0,12.0,7.0,21.0,26.0,2.0,0.0,3.0,0.0,11.1,1,1,1,1,6439,12059,10158,9917,12984,20178,15642,25725,7214,932,1,17641,18762,18370,1.0,31:20,2015,2016
2015-16,1626204,Larry Nance Jr.,Larry,1610612747,LAL,Los Angeles Lakers,21500269,2015-12-02T00:00:00,LAL @ WAS,W,16.8,0.0,0.0,0.0,0.0,3.0,2.0,7.0,12.0,0.0,0.0,3.0,1.0,5.6,1,1,1,1,18447,12059,10158,9917,18861,5109,3734,15538,18637,8004,1,17641,12373,22133,1.0,16:46,2015,2016
2015-16,1626162,Kelly Oubre Jr.,Kelly,1610612764,WAS,Washington Wizards,21500269,2015-12-02T00:00:00,WAS vs. LAL,L,5.4,0.0,0.0,2.0,2.0,2.0,2.0,0.0,2.0,0.0,0.0,1.0,0.0,2.0,1,13074,13074,13074,24223,12059,10158,4675,12984,2619,3734,1,24614,8004,1,4972,18762,24216,1.0,5:22,2015,2016
2015-16,202689,Kemba Walker,Kemba,1610612766,CHA,Charlotte Hornets,21500268,2015-12-02T00:00:00,CHA vs. GSW,L,30.8,0.0,0.0,0.0,2.0,9.0,13.0,19.0,32.0,0.0,2.0,2.0,1.0,10.6,1,13074,13074,13074,6881,12059,10158,9917,12984,15771,23668,25435,3535,8004,23588,11390,12373,18723,1.0,30:49,2015,2016
2015-16,203991,Clint Capela,Clint,1610612745,HOU,Houston Rockets,21500274,2015-12-02T00:00:00,HOU vs. NOP,W,15.6,0.0,2.0,0.0,4.0,5.0,0.0,0.0,18.0,0.0,2.0,4.0,2.0,10.8,1,1,1,1,19364,12059,4731,9917,8599,8403,1,1,13577,8004,23588,22104,7786,18579,1.0,15:34,2015,2016
2015-16,203613,Jonathon Simmons,Jonathon,1610612759,SAS,San Antonio Spurs,21500275,2015-12-02T00:00:00,SAS vs. MIL,W,20.1,2.0,0.0,6.0,8.0,2.0,4.0,2.0,20.0,0.0,0.0,0.0,3.0,11.2,1,1,1,1,15789,6026,10158,740,3109,2619,8458,4025,11929,8004,1,1,4736,18267,1.0,20:09,2015,2016
2015-16,203934,Lamar Patterson,Lamar,1610612737,ATL,Atlanta Hawks,21500272,2015-12-02T00:00:00,ATL vs. TOR,L,6.4,0.0,0.0,0.0,0.0,3.0,2.0,3.0,6.0,0.0,0.0,1.0,0.0,0.0,1,13074,13074,13074,23783,12059,10158,9917,18861,5109,3734,7328,22724,8004,1,4972,18762,25170,1.0,6:23,2015,2016
2015-16,1626173,Rashad Vaughn,Rashad,1610612749,MIL,Milwaukee Bucks,21500275,2015-12-02T00:00:00,MIL @ SAS,L,17.3,0.0,0.0,0.0,0.0,3.0,7.0,0.0,16.0,0.0,2.0,3.0,0.0,13.3,1,13074,13074,13074,18024,12059,10158,9917,18861,5109,15642,1,15259,8004,23588,17641,18762,16712,1.0,17:20,2015,2016
2015-16,202087,Alonzo Gee,Alonzo,1610612740,NOP,New Orleans Pelicans,21500274,2015-12-02T00:00:00,NOP @ HOU,L,23.0,0.0,4.0,2.0,2.0,11.0,10.0,4.0,24.0,0.0,0.0,4.0,1.0,9.6,1,13074,13074,13074,13349,12059,1596,4675,12984,18886,20509,8806,8723,8004,1,22104,12373,19434,1.0,23:02,2015,2016
2015-16,202703,Nikola Mirotic,Nikola,1610612741,CHI,Chicago Bulls,21500273,2015-12-02T00:00:00,CHI vs. DEN,W,4.7,0.0,0.0,0.0,0.0,0.0,2.0,0.0,6.0,0.0,0.0,0.0,0.0,9.6,1,1,1,1,24490,12059,10158,9917,18861,1,3734,1,22724,8004,1,1,18762,19434,1.0,4:39,2015,2016
2015-16,200797,Ryan Hollins,Ryan,1610612764,WAS,Washington Wizards,21500269,2015-12-02T00:00:00,WAS vs. LAL,L,10.8,0.0,0.0,0.0,0.0,11.0,4.0,4.0,10.0,0.0,0.0,1.0,0.0,0.2,1,13074,13074,13074,22100,12059,10158,9917,18861,18886,8458,8806,20209,8004,1,4972,18762,25103,1.0,10:50,2015,2016
2015-16,2571,Leandro Barbosa,Leandro,1610612744,GSW,Golden State Warriors,21500268,2015-12-02T00:00:00,GSW @ CHA,W,11.2,0.0,0.0,0.0,0.0,2.0,3.0,3.0,8.0,0.0,0.0,2.0,1.0,5.0,1,1,1,1,21925,12059,10158,9917,18861,2619,7138,7328,21543,8004,1,11390,12373,22500,1.0,11:14,2015,2016
2015-16,1718,Paul Pierce,Paul,1610612746,LAC,LA Clippers,21500276,2015-12-02T00:00:00,LAC vs. IND,L,14.1,3.0,0.0,3.0,0.0,0.0,6.0,8.0,12.0,0.0,0.0,1.0,1.0,8.9,1,13074,13074,13074,20337,4307,10158,3302,18861,1,13237,17194,18637,8004,1,4972,12373,19914,,14:07,2015,2016
2015-16,203382,Aron Baynes,Aron,1610612765,DET,Detroit Pistons,21500270,2015-12-02T00:00:00,DET vs. PHX,W,10.7,0.0,0.0,0.0,0.0,10.0,4.0,0.0,14.0,0.0,0.0,3.0,1.0,4.0,1,1,1,1,22144,12059,10158,9917,18861,17370,8458,1,17019,8004,1,17641,12373,23142,1.0,10:44,2015,2016
2015-16,201978,Chase Budinger,Chase,1610612754,IND,Indiana Pacers,21500276,2015-12-02T00:00:00,IND @ LAC,W,8.3,0.0,0.0,0.0,0.0,7.0,1.0,3.0,8.0,0.0,0.0,1.0,0.0,5.3,1,1,1,1,23088,12059,10158,9917,18861,12242,3393,7328,21543,8004,1,4972,18762,22358,,8:18,2015,2016
2015-16,203142,Chris Copeland,Chris,1610612749,MIL,Milwaukee Bucks,21500275,2015-12-02T00:00:00,MIL @ SAS,L,7.1,0.0,0.0,0.0,0.0,3.0,3.0,0.0,6.0,0.0,0.0,1.0,0.0,3.5,1,13074,13074,13074,23526,12059,10158,9917,18861,5109,7138,1,22724,8004,1,4972,18762,23351,1.0,7:05,2015,2016
2015-16,204038,Langston Galloway,Langston,1610612752,NYK,New York Knicks,21500271,2015-12-02T00:00:00,NYK vs. PHI,W,22.0,2.0,0.0,0.0,0.0,13.0,3.0,5.0,16.0,0.0,0.0,1.0,1.0,8.6,1,1,1,1,14154,6026,10158,9917,18861,21300,7138,11593,15259,8004,1,4972,12373,20125,1.0,22:01,2015,2016
2015-16,201574,Jason Thompson,Jason,1610612744,GSW,Golden State Warriors,21500268,2015-12-02T00:00:00,GSW @ CHA,W,6.0,0.0,0.0,0.0,0.0,8.0,0.0,6.0,6.0,1.0,0.0,1.0,0.0,6.8,1,1,1,1,23989,12059,10158,9917,18861,13914,1,13388,22724,2692,1,4972,18762,21328,1.0,5:57,2015,2016
2015-16,203118,Mike Scott,Mike,1610612737,ATL,Atlanta Hawks,21500272,2015-12-02T00:00:00,ATL vs. TOR,L,11.1,0.0,0.0,0.0,2.0,5.0,0.0,5.0,12.0,0.0,0.0,0.0,0.0,6.8,1,13074,13074,13074,21992,12059,10158,9917,12984,8403,1,11593,18637,8004,1,1,18762,21328,1.0,11:05,2015,2016
2015-16,202390,Gary Neal,Gary,1610612764,WAS,Washington Wizards,21500269,2015-12-02T00:00:00,WAS vs. LAL,L,12.6,0.0,0.0,0.0,0.0,9.0,4.0,4.0,12.0,0.0,0.0,0.0,1.0,8.6,1,13074,13074,13074,21233,12059,10158,9917,18861,15771,8458,8806,18637,8004,1,1,12373,20125,1.0,12:34,2015,2016
2015-16,203928,Cory Jefferson,Cory,1610612756,PHX,Phoenix Suns,21500270,2015-12-02T00:00:00,PHX @ DET,L,3.7,0.0,0.0,0.0,2.0,0.0,3.0,4.0,2.0,0.0,0.0,2.0,0.0,4.4,1,13074,13074,13074,24844,12059,10158,9917,12984,1,7138,8806,24614,8004,1,11390,18762,22837,1.0,3:41,2015,2016
2015-16,2749,Jameer Nelson,Jameer,1610612743,DEN,Denver Nuggets,21500273,2015-12-02T00:00:00,DEN @ CHI,L,17.7,0.0,0.0,0.0,0.0,2.0,15.0,4.0,16.0,0.0,0.0,3.0,1.0,6.9,1,13074,13074,13074,17737,12059,10158,9917,18861,2619,24781,8806,15259,8004,1,17641,12373,21262,1.0,17:43,2015,2016
2015-16,203469,Cody Zeller,Cody,1610612766,CHA,Charlotte Hornets,21500268,2015-12-02T00:00:00,CHA vs. GSW,L,17.2,0.0,0.0,2.0,2.0,2.0,11.0,6.0,14.0,0.0,2.0,1.0,1.0,8.6,1,13074,13074,13074,18165,12059,10158,4675,12984,2619,21814,13388,17019,8004,23588,4972,12373,20125,1.0,17:09,2015,2016
2015-16,203798,PJ Hairston,PJ,1610612766,CHA,Charlotte Hornets,21500268,2015-12-02T00:00:00,CHA vs. GSW,L,4.8,0.0,0.0,0.0,0.0,0.0,6.0,6.0,2.0,1.0,0.0,0.0,0.0,4.5,1,13074,13074,13074,24447,12059,10158,9917,18861,1,13237,13388,24614,2692,1,1,18762,22773,1.0,4:45,2015,2016
2015-16,203949,James Michael McAdoo,James Michael,1610612744,GSW,Golden State Warriors,21500268,2015-12-02T00:00:00,GSW @ CHA,W,9.0,0.0,0.0,0.0,6.0,8.0,0.0,6.0,10.0,1.0,2.0,3.0,0.0,7.0,1,1,1,1,22835,12059,10158,9917,5299,13914,1,13388,20209,2692,23588,17641,18762,21188,1.0,9:00,2015,2016
2015-16,203546,Ian Clark,Ian,1610612744,GSW,Golden State Warriors,21500268,2015-12-02T00:00:00,GSW @ CHA,W,8.3,0.0,0.0,2.0,2.0,8.0,2.0,4.0,6.0,0.0,0.0,0.0,0.0,3.4,1,1,1,1,23083,12059,10158,4675,12984,13914,3734,8806,22724,8004,1,1,18762,23417,1.0,8:19,2015,2016
2015-16,203912,C.J. Wilcox,C.J.,1610612746,LAC,LA Clippers,21500276,2015-12-02T00:00:00,LAC vs. IND,L,0.0,0.0,0.0,0.0,0.0,0.0,0.0,0.0,0.0,0.0,0.0,1.0,0.0,0.0,1,13074,13074,13074,26068,12059,10158,9917,18861,1,1,1,25429,8004,1,4972,18762,25170,,0:01,2015,2016
2015-16,2034,Mike Miller,Mike,1610612743,DEN,Denver Nuggets,21500273,2015-12-02T00:00:00,DEN @ CHI,L,13.9,0.0,0.0,0.0,0.0,4.0,11.0,6.0,12.0,1.0,0.0,1.0,0.0,8.6,1,13074,13074,13074,20490,12059,10158,9917,18861,6141,21814,13388,18637,2692,1,4972,18762,20125,1.0,13:52,2015,2016
2015-16,1626163,Frank Kaminsky,Frank,1610612766,CHA,Charlotte Hornets,21500268,2015-12-02T00:00:00,CHA vs. GSW,L,26.7,2.0,0.0,5.0,4.0,10.0,10.0,8.0,20.0,1.0,0.0,4.0,5.0,21.7,1,13074,13074,13074,10300,6026,10158,1277,8599,17370,20509,17194,11929,2692,1,22104,1539,10592,1.0,26:40,2015,2016
2015-16,203584,Troy Daniels,Troy,1610612766,CHA,Charlotte Hornets,21500268,2015-12-02T00:00:00,CHA vs. GSW,L,8.4,5.0,0.0,0.0,0.0,0.0,2.0,0.0,4.0,0.0,0.0,0.0,1.0,9.2,1,13074,13074,13074,23065,1603,10158,9917,18861,1,3734,1,23698,8004,1,1,12373,19680,1.0,8:22,2015,2016
2015-16,201581,JJ Hickson,JJ,1610612743,DEN,Denver Nuggets,21500273,2015-12-02T00:00:00,DEN @ CHI,L,15.7,1.0,2.0,0.0,4.0,4.0,9.0,2.0,4.0,0.0,0.0,4.0,1.0,21.7,1,13074,13074,13074,19301,11535,4731,9917,8599,6141,19144,4025,23698,8004,1,22104,12373,10592,1.0,15:40,2015,2016
2015-16,201601,Luc Mbah a Moute,Luc,1610612746,LAC,LA Clippers,21500276,2015-12-02T00:00:00,LAC vs. IND,L,21.4,0.0,0.0,2.0,2.0,10.0,2.0,4.0,12.0,0.0,0.0,4.0,0.0,3.2,1,13074,13074,13074,14733,12059,10158,4675,12984,17370,3734,8806,18637,8004,1,22104,18762,23473,,21:21,2015,2016
2015-16,203101,Miles Plumlee,Miles,1610612749,MIL,Milwaukee Bucks,21500275,2015-12-02T00:00:00,MIL @ SAS,L,7.1,0.0,0.0,0.0,0.0,3.0,3.0,0.0,6.0,0.0,0.0,1.0,0.0,3.2,1,13074,13074,13074,23526,12059,10158,9917,18861,5109,7138,1,22724,8004,1,4972,18762,23473,1.0,7:05,2015,2016
2015-16,1626151,Aaron Harrison,Aaron,1610612766,CHA,Charlotte Hornets,21500268,2015-12-02T00:00:00,CHA vs. GSW,L,6.5,0.0,0.0,2.0,2.0,0.0,2.0,0.0,4.0,0.0,0.0,0.0,1.0,3.2,1,13074,13074,13074,23739,12059,10158,4675,12984,1,3734,1,23698,8004,1,1,12373,23473,1.0,6:31,2015,2016
2015-16,1626170,Jerian Grant,Jerian,1610612752,NYK,New York Knicks,21500271,2015-12-02T00:00:00,NYK vs. PHI,W,20.9,2.0,0.0,2.0,6.0,14.0,4.0,5.0,12.0,1.0,4.0,1.0,4.0,16.4,1,1,1,1,15158,6026,10158,4675,5299,22292,8458,11593,18637,2692,25926,4972,2748,14289,1.0,20:53,2015,2016
2015-16,203124,Kyle O'Quinn,Kyle,1610612752,NYK,New York Knicks,21500271,2015-12-02T00:00:00,NYK vs. PHI,W,2.9,0.0,0.0,0.0,0.0,1.0,1.0,0.0,2.0,0.0,0.0,2.0,0.0,2.4,1,1,1,1,25151,12059,10158,9917,18861,2356,3393,1,24614,8004,1,11390,18762,24024,1.0,2:56,2015,2016
2015-16,200751,Randy Foye,Randy,1610612743,DEN,Denver Nuggets,21500273,2015-12-02T00:00:00,DEN @ CHI,L,21.1,3.0,3.0,2.0,0.0,0.0,11.0,2.0,14.0,2.0,1.0,2.0,2.0,21.2,1,13074,13074,13074,14996,4307,3104,4675,18861,1,21814,4025,17019,932,17214,11390,7786,10936,1.0,21:04,2015,2016
2015-16,203921,Cleanthony Early,Cleanthony,1610612752,NYK,New York Knicks,21500271,2015-12-02T00:00:00,NYK vs. PHI,W,2.9,0.0,0.0,0.0,0.0,1.0,1.0,0.0,2.0,1.0,0.0,0.0,0.0,3.0,1,1,1,1,25151,12059,10158,9917,18861,2356,3393,1,24614,2692,1,1,18762,23648,1.0,2:56,2015,2016
2015-16,101179,Ronnie Price,Ronnie,1610612756,PHX,Phoenix Suns,21500270,2015-12-02T00:00:00,PHX @ DET,L,6.8,0.0,0.0,0.0,0.0,0.0,0.0,0.0,2.0,0.0,0.0,1.0,0.0,3.0,1,13074,13074,13074,23639,12059,10158,9917,18861,1,1,1,24614,8004,1,4972,18762,23648,1.0,6:48,2015,2016
2015-16,2546,Carmelo Anthony,Carmelo,1610612752,NYK,New York Knicks,21500271,2015-12-02T00:00:00,NYK vs. PHI,W,26.4,0.0,2.0,0.0,6.0,14.0,2.0,5.0,16.0,0.0,0.0,2.0,2.0,18.2,1,1,1,1,10505,12059,4731,9917,5299,22292,3734,11593,15259,8004,1,11390,7786,13004,1.0,26:26,2015,2016
2015-16,2581,Steve Blake,Steve,1610612765,DET,Detroit Pistons,21500270,2015-12-02T00:00:00,DET vs. PHX,W,13.1,0.0,0.0,0.0,0.0,14.0,4.0,2.0,22.0,0.0,0.0,0.0,0.0,2.7,1,1,1,1,20934,12059,10158,9917,18861,22292,8458,4025,10265,8004,1,1,18762,23884,1.0,13:04,2015,2016
2015-16,101107,Marvin Williams,Marvin,1610612766,CHA,Charlotte Hornets,21500268,2015-12-02T00:00:00,CHA vs. GSW,L,30.2,2.0,2.0,0.0,4.0,9.0,11.0,17.0,28.0,1.0,1.0,0.0,1.0,20.7,1,13074,13074,13074,7399,6026,4731,9917,8599,15771,21814,24967,5824,2692,17214,1,12373,11252,1.0,30:09,2015,2016
2015-16,201589,Darrell Arthur,Darrell,1610612743,DEN,Denver Nuggets,21500273,2015-12-02T00:00:00,DEN @ CHI,L,19.4,2.0,4.0,2.0,4.0,0.0,13.0,4.0,16.0,1.0,0.0,2.0,0.0,21.4,1,13074,13074,13074,16384,6026,1596,4675,8599,1,23668,8806,15259,2692,1,11390,18762,10807,1.0,19:24,2015,2016
2015-16,201960,DeMarre Carroll,DeMarre,1610612761,TOR,Toronto Raptors,21500272,2015-12-02T00:00:00,TOR @ ATL,W,23.1,0.0,0.0,1.0,4.0,11.0,8.0,7.0,24.0,0.0,1.0,1.0,1.0,18.2,1,1,1,1,13305,12059,10158,9347,8599,18886,17345,15538,8723,8004,17214,4972,12373,13004,1.0,23:05,2015,2016
2015-16,202734,E'Twaun Moore,E'Twaun,1610612741,CHI,Chicago Bulls,21500273,2015-12-02T00:00:00,CHI vs. DEN,W,10.5,0.0,0.0,0.0,0.0,4.0,2.0,0.0,4.0,0.0,0.0,0.0,0.0,2.2,1,1,1,1,22229,12059,10158,9917,18861,6141,3734,1,23698,8004,1,1,18762,24138,1.0,10:30,2015,2016
2015-16,1626174,Christian Wood,Christian,1610612755,PHI,Philadelphia 76ers,21500271,2015-12-02T00:00:00,PHI @ NYK,L,2.2,1.0,1.0,0.0,0.0,2.0,0.0,0.0,0.0,0.0,0.0,0.0,1.0,2.2,1,13074,13074,13074,25453,11535,9709,9917,18861,2619,1,1,25429,8004,1,1,12373,24138,1.0,2:11,2015,2016
2015-16,203933,T.J. Warren,T.J.,1610612756,PHX,Phoenix Suns,21500270,2015-12-02T00:00:00,PHX @ DET,L,21.5,4.0,2.0,2.0,12.0,2.0,3.0,6.0,12.0,0.0,0.0,3.0,2.0,21.3,1,13074,13074,13074,14641,2460,4731,4675,988,2619,7138,13388,18637,8004,1,17641,7786,10880,1.0,21:28,2015,2016
2015-16,201946,Tyler Hansbrough,Tyler,1610612766,CHA,Charlotte Hornets,21500268,2015-12-02T00:00:00,CHA vs. GSW,L,10.7,5.0,2.0,2.0,6.0,0.0,0.0,5.0,12.0,1.0,0.0,0.0,2.0,21.1,1,13074,13074,13074,22166,1603,4731,4675,5299,1,1,11593,18637,2692,1,1,7786,11012,1.0,10:40,2015,2016
2015-16,1626164,Devin Booker,Devin,1610612756,PHX,Phoenix Suns,21500270,2015-12-02T00:00:00,PHX @ DET,L,22.8,6.0,0.0,0.0,4.0,6.0,3.0,7.0,14.0,0.0,0.0,5.0,3.0,20.7,1,13074,13074,13074,13509,878,10158,9917,8599,10028,7138,15538,17019,8004,1,24686,4736,11252,1.0,22:50,2015,2016
2015-16,2225,Tony Parker,Tony,1610612759,SAS,San Antonio Spurs,21500275,2015-12-02T00:00:00,SAS vs. MIL,W,18.5,2.0,2.0,1.0,0.0,0.0,2.0,1.0,6.0,0.0,1.0,1.0,3.0,18.7,1,1,1,1,17124,6026,4731,9347,18861,1,3734,3646,22724,8004,17214,4972,4736,12648,1.0,18:27,2015,2016
2015-16,202397,Ish Smith,Ish,1610612740,NOP,New Orleans Pelicans,21500274,2015-12-02T00:00:00,NOP @ HOU,L,13.5,0.0,0.0,0.0,4.0,6.0,2.0,0.0,8.0,0.0,1.0,1.0,2.0,18.6,1,13074,13074,13074,20724,12059,10158,9917,8599,10028,3734,1,21543,8004,17214,4972,7786,12715,1.0,13:27,2015,2016
2015-16,2449,Luis Scola,Luis,1610612761,TOR,Toronto Raptors,21500272,2015-12-02T00:00:00,TOR @ ATL,W,19.8,2.0,0.0,0.0,6.0,9.0,11.0,7.0,18.0,0.0,0.0,2.0,1.0,20.8,1,1,1,1,16100,6026,10158,9917,5299,15771,21814,15538,13577,8004,1,11390,12373,11195,1.0,19:46,2015,2016
2015-16,204456,T.J. McConnell,T.J.,1610612755,PHI,Philadelphia 76ers,21500271,2015-12-02T00:00:00,PHI @ NYK,L,26.1,4.0,0.0,0.0,2.0,11.0,5.0,5.0,30.0,0.0,1.0,0.0,1.0,18.6,1,13074,13074,13074,10786,2460,10158,9917,12984,18886,11469,11593,4541,8004,17214,1,12373,12715,1.0,26:04,2015,2016
2015-16,201599,DeAndre Jordan,DeAndre,1610612746,LAC,LA Clippers,21500276,2015-12-02T00:00:00,LAC vs. IND,L,28.1,0.0,2.0,0.0,0.0,13.0,2.0,12.0,10.0,0.0,0.0,4.0,4.0,18.0,1,13074,13074,13074,9157,12059,4731,9917,18861,21300,3734,22259,20209,8004,1,22104,2748,13164,,28:06,2015,2016
2015-16,201977,Marcus Thornton,Marcus,1610612745,HOU,Houston Rockets,21500274,2015-12-02T00:00:00,HOU vs. NOP,W,11.5,4.0,2.0,0.0,4.0,7.0,5.0,0.0,14.0,0.0,0.0,2.0,0.0,7.6,1,1,1,1,21847,2460,4731,9917,8599,12242,11469,1,17019,8004,1,11390,18762,20803,1.0,11:28,2015,2016
2015-16,202325,Wesley Johnson,Wesley,1610612746,LAC,LA Clippers,21500276,2015-12-02T00:00:00,LAC vs. IND,L,9.4,2.0,0.0,0.0,2.0,2.0,4.0,2.0,10.0,0.0,0.0,1.0,0.0,8.2,1,13074,13074,13074,22660,6026,10158,9917,12984,2619,8458,4025,20209,8004,1,4972,18762,20416,,9:26,2015,2016
2015-16,2756,Sasha Vujacic,Sasha,1610612752,NYK,New York Knicks,21500271,2015-12-02T00:00:00,NYK vs. PHI,W,6.3,0.0,0.0,0.0,0.0,3.0,3.0,0.0,8.0,0.0,0.0,0.0,0.0,2.9,1,1,1,1,23834,12059,10158,9917,18861,5109,7138,1,21543,8004,1,1,18762,23852,1.0,6:17,2015,2016
2015-16,202730,Lavoy Allen,Lavoy,1610612754,IND,Indiana Pacers,21500276,2015-12-02T00:00:00,IND @ LAC,W,20.6,0.0,0.0,0.0,0.0,6.0,3.0,2.0,12.0,0.0,0.0,3.0,1.0,2.9,1,1,1,1,15360,12059,10158,9917,18861,10028,7138,4025,18637,8004,1,17641,12373,23852,,20:38,2015,2016
2015-16,200755,JJ Redick,JJ,1610612746,LAC,LA Clippers,21500276,2015-12-02T00:00:00,LAC vs. IND,L,0.3,0.0,0.0,0.0,0.0,0.0,0.0,0.0,0.0,0.0,0.0,0.0,1.0,2.0,1,13074,13074,13074,26001,12059,10158,9917,18861,1,1,1,25429,8004,1,1,12373,24216,,0:18,2015,2016
2015-16,201951,Ty Lawson,Ty,1610612745,HOU,Houston Rockets,21500274,2015-12-02T00:00:00,HOU vs. NOP,W,29.4,2.0,0.0,0.0,6.0,2.0,6.0,5.0,22.0,0.0,1.0,2.0,5.0,18.0,1,1,1,1,8044,6026,10158,9917,5299,2619,13237,11593,10265,8004,17214,11390,1539,13164,1.0,29:25,2015,2016
2015-16,201988,Patty Mills,Patty,1610612759,SAS,San Antonio Spurs,21500275,2015-12-02T00:00:00,SAS vs. MIL,W,22.5,0.0,0.0,0.0,2.0,0.0,4.0,2.0,22.0,0.0,0.0,0.0,0.0,21.1,1,1,1,1,13781,12059,10158,9917,12984,1,8458,4025,10265,8004,1,1,18762,11012,1.0,22:28,2015,2016
2015-16,203926,Doug McDermott,Doug,1610612741,CHI,Chicago Bulls,21500273,2015-12-02T00:00:00,CHI vs. DEN,W,29.4,2.0,7.0,2.0,4.0,6.0,10.0,7.0,22.0,0.0,0.0,1.0,0.0,16.6,1,1,1,1,8044,6026,292,4675,8599,10028,20509,15538,10265,8004,1,4972,18762,14125,1.0,29:25,2015,2016
2015-16,203487,Michael Carter-Williams,Michael,1610612749,MIL,Milwaukee Bucks,21500275,2015-12-02T00:00:00,MIL @ SAS,L,30.1,0.0,0.0,0.0,2.0,10.0,6.0,9.0,26.0,0.0,2.0,1.0,0.0,21.0,1,13074,13074,13074,7426,12059,10158,9917,12984,17370,13237,18829,7214,8004,23588,4972,18762,11077,1.0,30:07,2015,2016
2015-16,201196,Ramon Sessions,Ramon,1610612764,WAS,Washington Wizards,21500269,2015-12-02T00:00:00,WAS vs. LAL,L,11.8,0.0,0.0,2.0,4.0,11.0,4.0,4.0,12.0,0.0,0.0,0.0,1.0,11.7,1,13074,13074,13074,21701,12059,10158,4675,8599,18886,8458,8806,18637,8004,1,1,12373,17903,1.0,11:45,2015,2016
2015-16,203138,Hollis Thompson,Hollis,1610612755,PHI,Philadelphia 76ers,21500271,2015-12-02T00:00:00,PHI @ NYK,L,26.7,0.0,0.0,0.0,0.0,11.0,5.0,7.0,38.0,1.0,1.0,4.0,1.0,19.8,1,13074,13074,13074,10300,12059,10158,9917,18861,18886,11469,15538,1422,2692,17214,22104,12373,11883,1.0,26:40,2015,2016
2015-16,203458,Alex Len,Alex,1610612756,PHX,Phoenix Suns,21500270,2015-12-02T00:00:00,PHX @ DET,L,14.7,0.0,2.0,0.0,4.0,8.0,2.0,5.0,12.0,1.0,1.0,4.0,0.0,15.4,1,13074,13074,13074,19960,12059,4731,9917,8599,13914,3734,11593,18637,2692,17214,22104,18762,15066,1.0,14:42,2015,2016
2015-16,201147,Corey Brewer,Corey,1610612745,HOU,Houston Rockets,21500274,2015-12-02T00:00:00,HOU vs. NOP,W,25.5,4.0,0.0,0.0,4.0,7.0,11.0,5.0,20.0,0.0,0.0,2.0,8.0,27.2,1,1,1,1,11267,2460,10158,9917,8599,12242,21814,11593,11929,8004,1,11390,254,7289,1.0,25:32,2015,2016
2015-16,202682,Derrick Williams,Derrick,1610612752,NYK,New York Knicks,21500271,2015-12-02T00:00:00,NYK vs. PHI,W,18.6,1.0,3.0,1.0,6.0,13.0,5.0,3.0,14.0,0.0,0.0,1.0,2.0,11.9,1,1,1,1,16991,11535,3104,9347,5299,21300,11469,7328,17019,8004,1,4972,7786,17760,1.0,18:38,2015,2016
2015-16,203512,Lucas Nogueira,Lucas,1610612761,TOR,Toronto Raptors,21500272,2015-12-02T00:00:00,TOR @ ATL,W,16.5,0.0,0.0,0.0,4.0,2.0,5.0,2.0,12.0,1.0,0.0,0.0,0.0,15.4,1,1,1,1,18675,12059,10158,9917,8599,2619,11469,4025,18637,2692,1,1,18762,15066,1.0,16:28,2015,2016
2015-16,203503,Tony Snell,Tony,1610612741,CHI,Chicago Bulls,21500273,2015-12-02T00:00:00,CHI vs. DEN,W,19.1,0.0,3.0,0.0,0.0,11.0,7.0,8.0,18.0,0.0,1.0,1.0,0.0,12.3,1,1,1,1,16640,12059,3104,9917,18861,18886,15642,17194,13577,8004,17214,4972,18762,17524,1.0,19:04,2015,2016
2015-16,202328,Greg Monroe,Greg,1610612749,MIL,Milwaukee Bucks,21500275,2015-12-02T00:00:00,MIL @ SAS,L,27.7,0.0,2.0,0.0,10.0,12.0,6.0,12.0,30.0,1.0,2.0,2.0,1.0,27.4,1,13074,13074,13074,9430,12059,4731,9917,1840,20178,13237,22259,4541,2692,23588,11390,12373,7179,1.0,27:44,2015,2016
2015-16,2446,Rasual Butler,Rasual,1610612759,SAS,San Antonio Spurs,21500275,2015-12-02T00:00:00,SAS vs. MIL,W,10.1,0.0,0.0,0.0,2.0,2.0,2.0,2.0,8.0,1.0,0.0,0.0,0.0,11.9,1,1,1,1,22382,12059,10158,9917,12984,2619,3734,4025,21543,2692,1,1,18762,17760,1.0,10:08,2015,2016
2015-16,203078,Bradley Beal,Bradley,1610612764,WAS,Washington Wizards,21500269,2015-12-02T00:00:00,WAS vs. LAL,L,37.7,7.0,0.0,7.0,2.0,27.0,10.0,12.0,34.0,1.0,0.0,3.0,2.0,26.4,1,13074,13074,13074,1646,548,10158,454,12984,26014,20509,22259,2701,2692,1,17641,7786,7672,1.0,37:43,2015,2016
2015-16,1897,Metta World Peace,Metta,1610612747,LAL,Los Angeles Lakers,21500269,2015-12-02T00:00:00,LAL @ WAS,W,12.4,2.0,2.0,0.0,2.0,0.0,2.0,7.0,8.0,1.0,0.0,2.0,0.0,15.1,1,1,1,1,21307,6026,4731,9917,12984,1,3734,15538,21543,2692,1,11390,18762,15328,1.0,12:26,2015,2016
2015-16,101181,Jose Calderon,Jose,1610612752,NYK,New York Knicks,21500271,2015-12-02T00:00:00,NYK vs. PHI,W,26.8,6.0,0.0,2.0,4.0,17.0,5.0,3.0,18.0,0.0,1.0,0.0,3.0,26.9,1,1,1,1,10168,878,10158,4675,8599,24337,11469,7328,13577,8004,17214,1,4736,7438,1.0,26:49,2015,2016
2015-16,203082,Terrence Ross,Terrence,1610612761,TOR,Toronto Raptors,21500272,2015-12-02T00:00:00,TOR @ ATL,W,24.7,3.0,0.0,3.0,2.0,8.0,7.0,4.0,22.0,0.0,0.0,3.0,1.0,15.1,1,1,1,1,11941,4307,10158,3302,12984,13914,15642,8806,10265,8004,1,17641,12373,15328,1.0,24:41,2015,2016
2015-16,203087,Jeremy Lamb,Jeremy,1610612766,CHA,Charlotte Hornets,21500268,2015-12-02T00:00:00,CHA vs. GSW,L,21.3,5.0,0.0,2.0,4.0,9.0,10.0,2.0,20.0,0.0,1.0,0.0,3.0,15.8,1,13074,13074,13074,14819,1603,10158,4675,8599,15771,20509,4025,11929,8004,17214,1,4736,14754,1.0,21:16,2015,2016
2015-16,200746,LaMarcus Aldridge,LaMarcus,1610612759,SAS,San Antonio Spurs,21500275,2015-12-02T00:00:00,SAS vs. MIL,W,22.8,2.0,2.0,2.0,2.0,0.0,4.0,0.0,14.0,5.0,1.0,2.0,1.0,30.8,1,1,1,1,13553,6026,4731,4675,12984,1,8458,1,17019,59,17214,11390,12373,5493,1.0,22:46,2015,2016
2015-16,201980,Danny Green,Danny,1610612759,SAS,San Antonio Spurs,21500275,2015-12-02T00:00:00,SAS vs. MIL,W,20.6,0.0,0.0,0.0,2.0,0.0,2.0,3.0,10.0,0.0,0.0,3.0,0.0,15.8,1,1,1,1,15386,12059,10158,9917,12984,1,3734,7328,20209,8004,1,17641,18762,14754,1.0,20:36,2015,2016
2015-16,201229,Anthony Tolliver,Anthony,1610612765,DET,Detroit Pistons,21500270,2015-12-02T00:00:00,DET vs. PHX,W,15.1,0.0,0.0,0.0,0.0,14.0,6.0,0.0,24.0,0.0,0.0,0.0,0.0,11.6,1,1,1,1,19690,12059,10158,9917,18861,22292,13237,1,8723,8004,1,1,18762,17970,1.0,15:06,2015,2016
2015-16,101139,CJ Miles,CJ,1610612754,IND,Indiana Pacers,21500276,2015-12-02T00:00:00,IND @ LAC,W,24.4,2.0,0.0,3.0,2.0,7.0,3.0,11.0,18.0,0.0,1.0,5.0,2.0,15.6,1,1,1,1,12199,6026,10158,3302,12984,12242,7138,21342,13577,8004,17214,24686,7786,14916,,24:25,2015,2016
2015-16,203960,JaKarr Sampson,JaKarr,1610612755,PHI,Philadelphia 76ers,21500271,2015-12-02T00:00:00,PHI @ NYK,L,22.8,5.0,0.0,0.0,8.0,10.0,2.0,2.0,28.0,1.0,0.0,2.0,3.0,20.0,1,13074,13074,13074,13553,1603,10158,9917,3109,17370,3734,4025,5824,2692,1,11390,4736,11752,1.0,22:46,2015,2016
2015-16,203937,Kyle Anderson,Kyle,1610612759,SAS,San Antonio Spurs,21500275,2015-12-02T00:00:00,SAS vs. MIL,W,18.6,0.0,0.0,0.0,2.0,2.0,2.0,5.0,8.0,1.0,0.0,2.0,2.0,20.0,1,1,1,1,16990,12059,10158,9917,12984,2619,3734,11593,21543,2692,1,11390,7786,11752,1.0,18:38,2015,2016
2015-16,202066,Garrett Temple,Garrett,1610612764,WAS,Washington Wizards,21500269,2015-12-02T00:00:00,WAS vs. LAL,L,15.2,1.0,2.0,2.0,0.0,8.0,4.0,4.0,14.0,0.0,0.0,0.0,4.0,15.8,1,13074,13074,13074,19615,11535,4731,4675,18861,13914,8458,8806,17019,8004,1,1,2748,14754,1.0,15:13,2015,2016
2015-16,203457,Nerlens Noel,Nerlens,1610612755,PHI,Philadelphia 76ers,21500271,2015-12-02T00:00:00,PHI @ NYK,L,32.3,0.0,0.0,0.0,4.0,13.0,8.0,10.0,36.0,0.0,1.0,0.0,2.0,15.2,1,13074,13074,13074,5617,12059,10158,9917,8599,21300,17345,20169,1943,8004,17214,1,7786,15219,1.0,32:20,2015,2016
2015-16,1495,Tim Duncan,Tim,1610612759,SAS,San Antonio Spurs,21500275,2015-12-02T00:00:00,SAS vs. MIL,W,19.7,0.0,4.0,2.0,14.0,0.0,4.0,1.0,12.0,0.0,1.0,1.0,1.0,30.5,1,1,1,1,16122,12059,1596,4675,542,1,8458,3646,18637,8004,17214,4972,12373,5620,1.0,19:44,2015,2016
2015-16,201583,Ryan Anderson,Ryan,1610612740,NOP,New Orleans Pelicans,21500274,2015-12-02T00:00:00,NOP @ HOU,L,27.2,2.0,6.0,3.0,4.0,16.0,11.0,4.0,26.0,2.0,1.0,5.0,1.0,31.0,1,13074,13074,13074,9822,6026,481,3302,8599,23774,21814,8806,7214,932,17214,24686,12373,5406,1.0,27:14,2015,2016
2015-16,201150,Spencer Hawes,Spencer,1610612766,CHA,Charlotte Hornets,21500268,2015-12-02T00:00:00,CHA vs. GSW,L,20.2,2.0,2.0,0.0,10.0,12.0,7.0,11.0,16.0,0.0,0.0,1.0,2.0,20.0,1,13074,13074,13074,15747,6026,4731,9917,1840,20178,15642,21342,15259,8004,1,4972,7786,11752,1.0,20:11,2015,2016
2015-16,1626158,Richaun Holmes,Richaun,1610612755,PHI,Philadelphia 76ers,21500271,2015-12-02T00:00:00,PHI @ NYK,L,18.1,2.0,4.0,0.0,8.0,8.0,3.0,0.0,16.0,2.0,0.0,4.0,2.0,20.6,1,13074,13074,13074,17425,6026,1596,9917,3109,13914,7138,1,15259,932,1,22104,7786,11314,1.0,18:07,2015,2016
2015-16,203093,Terrence Jones,Terrence,1610612745,HOU,Houston Rockets,21500274,2015-12-02T00:00:00,HOU vs. NOP,W,24.7,4.0,0.0,4.0,10.0,0.0,8.0,7.0,22.0,2.0,1.0,0.0,2.0,30.3,1,1,1,1,11924,2460,10158,1913,1840,1,17345,15538,10265,932,17214,1,7786,5702,1.0,24:42,2015,2016
2015-16,203903,Jordan Clarkson,Jordan,1610612747,LAL,Los Angeles Lakers,21500269,2015-12-02T00:00:00,LAL @ WAS,W,36.0,8.0,2.0,4.0,4.0,12.0,9.0,21.0,28.0,0.0,0.0,5.0,2.0,31.3,1,1,1,1,2796,308,4731,1913,8599,20178,19144,25725,5824,8004,1,24686,7786,5258,1.0,35:57,2015,2016
2015-16,201143,Al Horford,Al,1610612737,ATL,Atlanta Hawks,21500272,2015-12-02T00:00:00,ATL vs. TOR,L,31.7,2.0,0.0,3.0,6.0,8.0,5.0,10.0,32.0,2.0,0.0,4.0,2.0,30.3,1,13074,13074,13074,6132,6026,10158,3302,5299,13914,11469,20169,3535,932,1,22104,7786,5702,1.0,31:43,2015,2016
2015-16,203105,Festus Ezeli,Festus,1610612744,GSW,Golden State Warriors,21500268,2015-12-02T00:00:00,GSW @ CHA,W,16.2,0.0,4.0,3.0,6.0,5.0,5.0,5.0,12.0,0.0,1.0,3.0,2.0,15.2,1,1,1,1,18913,12059,1596,3302,5299,8403,11469,11593,18637,8004,17214,17641,7786,15219,1.0,16:10,2015,2016
2015-16,2743,Kris Humphries,Kris,1610612764,WAS,Washington Wizards,21500269,2015-12-02T00:00:00,WAS vs. LAL,L,11.1,2.0,2.0,2.0,4.0,5.0,2.0,2.0,6.0,0.0,0.0,2.0,1.0,15.3,1,13074,13074,13074,21978,6026,4731,4675,8599,8403,3734,4025,22724,8004,1,11390,12373,15150,1.0,11:07,2015,2016
2015-16,204001,Kristaps Porziņģis,Kristaps,1610612752,NYK,New York Knicks,21500271,2015-12-02T00:00:00,NYK vs. PHI,W,29.8,2.0,2.0,3.0,6.0,19.0,7.0,5.0,24.0,4.0,1.0,1.0,2.0,42.0,1,1,1,1,7761,6026,4731,3302,5299,25074,15642,11593,8723,132,17214,4972,7786,1936,1.0,29:45,2015,2016
2015-16,202687,Bismack Biyombo,Bismack,1610612761,TOR,Toronto Raptors,21500272,2015-12-02T00:00:00,TOR @ ATL,W,26.8,0.0,3.0,0.0,6.0,13.0,8.0,9.0,26.0,2.0,0.0,1.0,2.0,20.6,1,1,1,1,10168,12059,3104,9917,5299,21300,17345,18829,7214,932,1,4972,7786,11314,1.0,26:49,2015,2016
2015-16,1626156,D'Angelo Russell,D'Angelo,1610612747,LAL,Los Angeles Lakers,21500269,2015-12-02T00:00:00,LAL @ WAS,W,27.5,3.0,0.0,0.0,8.0,12.0,2.0,26.0,26.0,0.0,0.0,3.0,1.0,30.3,1,1,1,1,9629,4307,10158,9917,3109,20178,3734,26007,7214,8004,1,17641,12373,5702,1.0,27:28,2015,2016
2015-16,203484,Kentavious Caldwell-Pope,Kentavious,1610612765,DET,Detroit Pistons,21500270,2015-12-02T00:00:00,DET vs. PHX,W,46.2,1.0,0.0,1.0,6.0,14.0,6.0,2.0,42.0,0.0,0.0,4.0,4.0,27.2,1,1,1,1,55,11535,10158,9347,5299,22292,13237,4025,670,8004,1,22104,2748,7289,1.0,46:09,2015,2016
2015-16,2733,Shaun Livingston,Shaun,1610612744,GSW,Golden State Warriors,21500268,2015-12-02T00:00:00,GSW @ CHA,W,25.0,2.0,0.0,0.0,2.0,15.0,5.0,11.0,22.0,0.0,0.0,3.0,0.0,20.1,1,1,1,1,11698,6026,10158,9917,12984,23079,11469,21342,10265,8004,1,17641,18762,11685,1.0,24:58,2015,2016
2015-16,2747,JR Smith,JR,1610612739,CLE,Cleveland Cavaliers,21500262,2015-12-01T00:00:00,CLE vs. WAS,L,36.2,0.0,0.0,0.0,0.0,18.0,3.0,8.0,34.0,1.0,0.0,4.0,3.0,30.3,1,13074,13074,13074,2613,12059,10158,9917,18861,24749,7138,17194,2701,2692,1,22104,4736,5702,1.0,36:12,2015,2016
2015-16,203080,Thomas Robinson,Thomas,1610612751,BKN,Brooklyn Nets,21500264,2015-12-01T00:00:00,BKN vs. PHX,W,11.1,0.0,2.0,0.0,6.0,5.0,0.0,2.0,8.0,2.0,0.0,1.0,0.0,15.6,1,1,1,1,21985,12059,4731,9917,5299,8403,1,4025,21543,932,1,4972,18762,14916,1.0,11:06,2015,2016
2015-16,203944,Julius Randle,Julius,1610612747,LAL,Los Angeles Lakers,21500263,2015-12-01T00:00:00,LAL @ PHI,L,28.4,4.0,2.0,0.0,10.0,2.0,9.0,3.0,24.0,0.0,4.0,4.0,2.0,31.2,1,13074,13074,13074,8954,2460,4731,9917,1840,2619,19144,7328,8723,8004,25926,22104,7786,5304,1.0,28:22,2015,2016
2015-16,201937,Ricky Rubio,Ricky,1610612750,MIN,Minnesota Timberwolves,21500265,2015-12-01T00:00:00,MIN vs. ORL,L,26.6,2.0,0.0,0.0,0.0,16.0,6.0,1.0,18.0,0.0,0.0,2.0,7.0,20.5,1,13074,13074,13074,10334,6026,10158,9917,18861,23774,13237,3646,13577,8004,1,11390,469,11401,1.0,26:39,2015,2016
2015-16,203476,Gorgui Dieng,Gorgui,1610612750,MIN,Minnesota Timberwolves,21500265,2015-12-01T00:00:00,MIN vs. ORL,L,29.0,2.0,3.0,2.0,6.0,10.0,9.0,1.0,34.0,3.0,1.0,2.0,4.0,30.9,1,13074,13074,13074,8386,6026,3104,4675,5299,17370,19144,3646,2701,347,17214,11390,2748,5452,1.0,28:60,2015,2016
2015-16,203095,Evan Fournier,Evan,1610612753,ORL,Orlando Magic,21500265,2015-12-01T00:00:00,ORL @ MIN,W,27.9,4.0,0.0,0.0,4.0,8.0,8.0,4.0,18.0,0.0,2.0,3.0,3.0,19.7,1,1,1,1,9276,2460,10158,9917,8599,13914,17345,8806,13577,8004,23588,17641,4736,11962,1.0,27:56,2015,2016
2015-16,201936,Tyreke Evans,Tyreke,1610612740,NOP,New Orleans Pelicans,21500266,2015-12-01T00:00:00,NOP vs. MEM,L,31.3,0.0,4.0,0.0,10.0,6.0,6.0,2.0,22.0,1.0,0.0,0.0,4.0,43.0,1,13074,13074,13074,6468,12059,1596,9917,1840,10028,13237,4025,10265,2692,1,1,2748,1733,1.0,31:19,2015,2016
2015-16,202699,Tobias Harris,Tobias,1610612753,ORL,Orlando Magic,21500265,2015-12-01T00:00:00,ORL @ MIN,W,34.9,0.0,5.0,1.0,0.0,10.0,13.0,3.0,20.0,0.0,5.0,2.0,3.0,20.3,1,1,1,1,3649,12059,995,9347,18861,17370,23668,7328,11929,8004,26042,11390,4736,11534,1.0,34:51,2015,2016
2015-16,101162,Marcin Gortat,Marcin,1610612764,WAS,Washington Wizards,21500262,2015-12-01T00:00:00,WAS @ CLE,W,32.7,4.0,0.0,0.0,12.0,6.0,4.0,4.0,8.0,4.0,0.0,5.0,2.0,40.2,1,1,1,1,5323,2460,10158,9917,988,10028,8458,8806,21543,132,1,24686,7786,2323,1.0,32:43,2015,2016
2015-16,201945,Gerald Henderson,Gerald,1610612757,POR,Portland Trail Blazers,21500267,2015-12-01T00:00:00,POR vs. DAL,L,23.5,2.0,0.0,0.0,4.0,16.0,4.0,2.0,22.0,0.0,0.0,2.0,4.0,26.3,1,13074,13074,13074,12959,6026,10158,9917,8599,23774,8458,4025,10265,8004,1,11390,2748,7733,1.0,23:32,2015,2016
2015-16,203939,Dwight Powell,Dwight,1610612742,DAL,Dallas Mavericks,21500267,2015-12-01T00:00:00,DAL @ POR,W,13.1,2.0,0.0,2.0,2.0,10.0,5.0,2.0,18.0,1.0,0.0,2.0,1.0,15.1,1,1,1,1,20917,6026,10158,4675,12984,17370,11469,4025,13577,2692,1,11390,12373,15328,1.0,13:07,2015,2016
2015-16,708,Kevin Garnett,Kevin,1610612750,MIN,Minnesota Timberwolves,21500265,2015-12-01T00:00:00,MIN vs. ORL,L,20.4,0.0,2.0,0.0,2.0,12.0,3.0,0.0,12.0,3.0,0.0,1.0,1.0,20.6,1,13074,13074,13074,15546,12059,4731,9917,12984,20178,7138,1,18637,347,1,4972,12373,11314,1.0,20:25,2015,2016
2015-16,203932,Aaron Gordon,Aaron,1610612753,ORL,Orlando Magic,21500265,2015-12-01T00:00:00,ORL @ MIN,W,13.3,0.0,0.0,0.0,2.0,2.0,6.0,4.0,12.0,2.0,0.0,3.0,0.0,15.4,1,1,1,1,20789,12059,10158,9917,12984,2619,13237,8806,18637,932,1,17641,18762,15066,1.0,13:20,2015,2016
2015-16,202711,Bojan Bogdanović,Bojan,1610612751,BKN,Brooklyn Nets,21500264,2015-12-01T00:00:00,BKN vs. PHX,W,18.2,2.0,0.0,2.0,2.0,5.0,3.0,2.0,10.0,0.0,0.0,1.0,1.0,15.4,1,1,1,1,17388,6026,10158,4675,12984,8403,7138,4025,20209,8004,1,4972,12373,15066,1.0,18:09,2015,2016
2015-16,203477,Isaiah Canaan,Isaiah,1610612755,PHI,Philadelphia 76ers,21500263,2015-12-01T00:00:00,PHI vs. LAL,W,30.3,0.0,3.0,0.0,0.0,8.0,13.0,0.0,20.0,0.0,0.0,1.0,3.0,26.1,1,1,1,1,7249,12059,3104,9917,18861,13914,23668,1,11929,8004,1,4972,4736,7836,1.0,30:19,2015,2016
2015-16,203933,T.J. Warren,T.J.,1610612756,PHX,Phoenix Suns,21500264,2015-12-01T00:00:00,PHX @ BKN,L,18.9,2.0,0.0,0.0,2.0,2.0,2.0,2.0,24.0,0.0,1.0,1.0,1.0,15.6,1,13074,13074,13074,16806,6026,10158,9917,12984,2619,3734,4025,8723,8004,17214,4972,12373,14916,1.0,18:52,2015,2016
2015-16,201950,Jrue Holiday,Jrue,1610612740,NOP,New Orleans Pelicans,21500266,2015-12-01T00:00:00,NOP vs. MEM,L,26.0,0.0,0.0,2.0,4.0,4.0,6.0,0.0,16.0,0.0,0.0,1.0,1.0,20.2,1,13074,13074,13074,10863,12059,10158,4675,8599,6141,13237,1,15259,8004,1,4972,12373,11610,1.0,25:59,2015,2016
2015-16,204456,T.J. McConnell,T.J.,1610612755,PHI,Philadelphia 76ers,21500263,2015-12-01T00:00:00,PHI vs. LAL,W,20.6,2.0,0.0,0.0,2.0,11.0,4.0,2.0,20.0,0.0,0.0,0.0,0.0,27.0,1,1,1,1,15436,6026,10158,9917,12984,18886,8458,4025,11929,8004,1,1,18762,7385,1.0,20:33,2015,2016
2015-16,2544,LeBron James,LeBron,1610612739,CLE,Cleveland Cavaliers,21500262,2015-12-01T00:00:00,CLE vs. WAS,L,37.4,6.0,6.0,4.0,16.0,21.0,4.0,6.0,34.0,1.0,1.0,3.0,7.0,42.6,1,13074,13074,13074,1842,878,481,1913,275,25535,8458,13388,2701,2692,17214,17641,469,1822,1.0,37:23,2015,2016
2015-16,201145,Jeff Green,Jeff,1610612763,MEM,Memphis Grizzlies,21500266,2015-12-01T00:00:00,MEM @ NOP,W,31.0,2.0,0.0,0.0,4.0,6.0,8.0,5.0,36.0,0.0,2.0,3.0,1.0,15.3,1,1,1,1,6707,6026,10158,9917,8599,10028,17345,11593,1943,8004,23588,17641,12373,15150,1.0,31:01,2015,2016
2015-16,202083,Wesley Matthews,Wesley,1610612742,DAL,Dallas Mavericks,21500267,2015-12-01T00:00:00,DAL @ POR,W,40.4,7.0,4.0,2.0,2.0,14.0,12.0,9.0,34.0,0.0,0.0,1.0,3.0,30.5,1,1,1,1,615,548,1596,4675,12984,22292,22832,18829,2701,8004,1,4972,4736,5620,1.0,40:26,2015,2016
2015-16,201567,Kevin Love,Kevin,1610612739,CLE,Cleveland Cavaliers,21500262,2015-12-01T00:00:00,CLE vs. WAS,L,32.7,0.0,0.0,2.0,0.0,23.0,6.0,8.0,38.0,0.0,0.0,0.0,5.0,20.6,1,13074,13074,13074,5315,12059,10158,4675,18861,25803,13237,17194,1422,8004,1,1,1539,11314,1.0,32:44,2015,2016
2015-16,201583,Ryan Anderson,Ryan,1610612740,NOP,New Orleans Pelicans,21500266,2015-12-01T00:00:00,NOP vs. MEM,L,33.5,2.0,2.0,0.0,8.0,6.0,9.0,12.0,46.0,0.0,1.0,2.0,2.0,28.6,1,13074,13074,13074,4781,6026,4731,9917,3109,10028,19144,22259,298,8004,17214,11390,7786,6560,1.0,33:27,2015,2016
2015-16,201961,Wayne Ellington,Wayne,1610612751,BKN,Brooklyn Nets,21500264,2015-12-01T00:00:00,BKN vs. PHX,W,20.4,2.0,0.0,2.0,6.0,5.0,1.0,2.0,10.0,0.0,0.0,1.0,0.0,17.4,1,1,1,1,15600,6026,10158,4675,5299,8403,3393,4025,20209,8004,1,4972,18762,13595,1.0,20:21,2015,2016
2015-16,201582,Alexis Ajinca,Alexis,1610612740,NOP,New Orleans Pelicans,21500266,2015-12-01T00:00:00,NOP vs. MEM,L,12.6,0.0,4.0,0.0,6.0,0.0,4.0,0.0,2.0,0.0,0.0,4.0,0.0,13.6,1,13074,13074,13074,21205,12059,1596,9917,5299,1,8458,1,24614,8004,1,22104,18762,16460,1.0,12:37,2015,2016
2015-16,203499,Shane Larkin,Shane,1610612751,BKN,Brooklyn Nets,21500264,2015-12-01T00:00:00,BKN vs. PHX,W,30.3,3.0,0.0,0.0,2.0,5.0,3.0,4.0,14.0,1.0,0.0,3.0,3.0,38.0,1,1,1,1,7271,4307,10158,9917,12984,8403,7138,8806,17019,2692,1,17641,4736,2903,1.0,30:17,2015,2016
2015-16,201152,Thaddeus Young,Thaddeus,1610612751,BKN,Brooklyn Nets,21500264,2015-12-01T00:00:00,BKN vs. PHX,W,35.6,2.0,0.0,0.0,2.0,23.0,2.0,8.0,30.0,0.0,3.0,1.0,3.0,13.8,1,1,1,1,3047,6026,10158,9917,12984,25803,3734,17194,4541,8004,25441,4972,4736,16311,1.0,35:37,2015,2016
2015-16,202334,Ed Davis,Ed,1610612757,POR,Portland Trail Blazers,21500267,2015-12-01T00:00:00,POR vs. DAL,L,31.6,0.0,2.0,0.0,8.0,19.0,6.0,6.0,26.0,0.0,0.0,2.0,3.0,22.7,1,13074,13074,13074,6209,12059,4731,9917,3109,25074,13237,13388,7214,8004,1,11390,4736,9938,1.0,31:37,2015,2016
2015-16,1626143,Jahlil Okafor,Jahlil,1610612755,PHI,Philadelphia 76ers,21500263,2015-12-01T00:00:00,PHI vs. LAL,W,29.8,2.0,2.0,2.0,12.0,8.0,13.0,1.0,22.0,1.0,1.0,1.0,1.0,22.0,1,1,1,1,7681,6026,4731,4675,988,13914,23668,3646,10265,2692,17214,4972,12373,10388,1.0,29:51,2015,2016
2015-16,203521,Matthew Dellavedova,Matthew,1610612739,CLE,Cleveland Cavaliers,21500262,2015-12-01T00:00:00,CLE vs. WAS,L,27.4,2.0,0.0,0.0,0.0,11.0,4.0,0.0,20.0,1.0,2.0,3.0,2.0,27.9,1,13074,13074,13074,9660,6026,10158,9917,18861,18886,8458,1,11929,2692,23588,17641,7786,6914,1.0,27:26,2015,2016
2015-16,201569,Eric Gordon,Eric,1610612740,NOP,New Orleans Pelicans,21500266,2015-12-01T00:00:00,NOP vs. MEM,L,19.5,0.0,0.0,0.0,2.0,2.0,9.0,10.0,32.0,1.0,0.0,2.0,2.0,17.2,1,13074,13074,13074,16316,12059,10158,9917,12984,2619,19144,20169,3535,2692,1,11390,7786,13725,1.0,19:30,2015,2016
2015-16,203490,Otto Porter Jr.,Otto,1610612764,WAS,Washington Wizards,21500262,2015-12-01T00:00:00,WAS @ CLE,W,41.8,2.0,0.0,2.0,4.0,8.0,8.0,8.0,20.0,1.0,0.0,4.0,2.0,17.0,1,1,1,1,343,6026,10158,4675,8599,13914,17345,17194,11929,2692,1,22104,7786,13855,1.0,41:48,2015,2016
2015-16,203903,Jordan Clarkson,Jordan,1610612747,LAL,Los Angeles Lakers,21500263,2015-12-01T00:00:00,LAL @ PHI,L,37.7,4.0,3.0,0.0,8.0,11.0,7.0,11.0,34.0,0.0,1.0,1.0,1.0,28.0,1,13074,13074,13074,1637,2460,3104,9917,3109,18886,15642,21342,2701,8004,17214,4972,12373,6864,1.0,37:44,2015,2016
2015-16,202684,Tristan Thompson,Tristan,1610612739,CLE,Cleveland Cavaliers,21500262,2015-12-01T00:00:00,CLE vs. WAS,L,27.3,2.0,2.0,2.0,4.0,9.0,4.0,0.0,18.0,0.0,0.0,2.0,2.0,17.2,1,13074,13074,13074,9763,6026,4731,4675,8599,15771,8458,1,13577,8004,1,11390,7786,13725,1.0,27:18,2015,2016
2015-16,203496,Robert Covington,Robert,1610612755,PHI,Philadelphia 76ers,21500263,2015-12-01T00:00:00,PHI vs. LAL,W,34.5,0.0,2.0,0.0,6.0,11.0,9.0,2.0,16.0,2.0,0.0,3.0,4.0,38.0,1,1,1,1,3975,12059,4731,9917,5299,18886,19144,4025,15259,932,1,17641,2748,2903,1.0,34:28,2015,2016
2015-16,201162,Jared Dudley,Jared,1610612764,WAS,Washington Wizards,21500262,2015-12-01T00:00:00,WAS @ CLE,W,31.6,2.0,3.0,0.0,4.0,6.0,4.0,2.0,8.0,0.0,0.0,2.0,1.0,16.9,1,1,1,1,6192,6026,3104,9917,8599,10028,8458,4025,21543,8004,1,11390,12373,13911,1.0,31:38,2015,2016
2015-16,203078,Bradley Beal,Bradley,1610612764,WAS,Washington Wizards,21500262,2015-12-01T00:00:00,WAS @ CLE,W,41.5,2.0,1.0,0.0,4.0,8.0,6.0,6.0,12.0,0.0,0.0,2.0,4.0,39.8,1,1,1,1,383,6026,9709,9917,8599,13914,13237,13388,18637,8004,1,11390,2748,2422,1.0,41:30,2015,2016
2015-16,201596,Mario Chalmers,Mario,1610612763,MEM,Memphis Grizzlies,21500266,2015-12-01T00:00:00,MEM @ NOP,W,23.6,2.0,0.0,0.0,6.0,2.0,9.0,1.0,12.0,0.0,0.0,4.0,5.0,21.8,1,1,1,1,12884,6026,10158,9917,5299,2619,19144,3646,18637,8004,1,22104,1539,10526,1.0,23:37,2015,2016
2015-16,202339,Eric Bledsoe,Eric,1610612756,PHX,Phoenix Suns,21500264,2015-12-01T00:00:00,PHX @ BKN,L,37.5,0.0,2.0,0.0,4.0,12.0,6.0,8.0,38.0,0.0,1.0,2.0,5.0,37.9,1,13074,13074,13074,1740,12059,4731,9917,8599,20178,13237,17194,1422,8004,17214,11390,1539,2931,1.0,37:31,2015,2016
2015-16,203901,Elfrid Payton,Elfrid,1610612753,ORL,Orlando Magic,21500265,2015-12-01T00:00:00,ORL @ MIN,W,34.3,4.0,2.0,0.0,10.0,12.0,15.0,5.0,20.0,0.0,2.0,5.0,5.0,29.1,1,1,1,1,4122,2460,4731,9917,1840,20178,24781,11593,11929,8004,23588,24686,1539,6285,1.0,34:16,2015,2016
2015-16,977,Kobe Bryant,Kobe,1610612747,LAL,Los Angeles Lakers,21500263,2015-12-01T00:00:00,LAL @ PHI,L,31.7,0.0,5.0,1.0,4.0,7.0,9.0,8.0,28.0,0.0,2.0,3.0,2.0,29.0,1,13074,13074,13074,6142,12059,995,9347,8599,12242,19144,17194,5824,8004,23588,17641,7786,6346,1.0,31:42,2015,2016
2015-16,2585,Zaza Pachulia,Zaza,1610612742,DAL,Dallas Mavericks,21500267,2015-12-01T00:00:00,DAL @ POR,W,38.1,4.0,4.0,0.0,12.0,12.0,5.0,7.0,26.0,1.0,1.0,4.0,2.0,44.7,1,1,1,1,1484,2460,1596,9917,988,20178,11469,15538,7214,2692,17214,22104,7786,1419,1.0,38:03,2015,2016
2015-16,203457,Nerlens Noel,Nerlens,1610612755,PHI,Philadelphia 76ers,21500263,2015-12-01T00:00:00,PHI vs. LAL,W,26.3,4.0,2.0,0.0,10.0,11.0,4.0,2.0,18.0,0.0,1.0,1.0,4.0,29.3,1,1,1,1,10581,2460,4731,9917,1840,18886,8458,4025,13577,8004,17214,4972,2748,6202,1.0,26:19,2015,2016
2015-16,201579,Roy Hibbert,Roy,1610612747,LAL,Los Angeles Lakers,21500263,2015-12-01T00:00:00,LAL @ PHI,L,33.0,2.0,0.0,0.0,4.0,7.0,9.0,10.0,28.0,2.0,0.0,4.0,3.0,30.0,1,13074,13074,13074,5152,6026,10158,9917,8599,12242,19144,20169,5824,932,1,22104,4736,5840,1.0,32:58,2015,2016
2015-16,1717,Dirk Nowitzki,Dirk,1610612742,DAL,Dallas Mavericks,21500267,2015-12-01T00:00:00,DAL @ POR,W,36.5,7.0,2.0,0.0,4.0,12.0,13.0,9.0,22.0,1.0,0.0,1.0,7.0,45.4,1,1,1,1,2386,548,4731,9917,8599,20178,23668,18829,10265,2692,1,4972,469,1291,1.0,36:31,2015,2016
2015-16,202688,Brandon Knight,Brandon,1610612756,PHX,Phoenix Suns,21500264,2015-12-01T00:00:00,PHX @ BKN,L,37.7,12.0,1.0,6.0,10.0,19.0,4.0,12.0,36.0,0.0,0.0,0.0,6.0,37.4,1,13074,13074,13074,1669,27,9709,740,1840,25074,8458,22259,1943,8004,1,1,873,3073,1.0,37:40,2015,2016
2015-16,203897,Zach LaVine,Zach,1610612750,MIN,Minnesota Timberwolves,21500265,2015-12-01T00:00:00,MIN vs. ORL,L,28.5,0.0,2.0,2.0,6.0,10.0,9.0,0.0,34.0,1.0,0.0,1.0,4.0,29.5,1,13074,13074,13074,8824,12059,4731,4675,5299,17370,19144,1,2701,2692,1,4972,2748,6103,1.0,28:30,2015,2016
2015-16,202696,Nikola Vučević,Nikola,1610612753,ORL,Orlando Magic,21500265,2015-12-01T00:00:00,ORL @ MIN,W,37.4,4.0,2.0,0.0,12.0,12.0,15.0,5.0,22.0,1.0,1.0,5.0,2.0,43.4,1,1,1,1,1853,2460,4731,9917,988,20178,24781,11593,10265,2692,17214,24686,7786,1662,1.0,37:23,2015,2016
2015-16,101114,Deron Williams,Deron,1610612742,DAL,Dallas Mavericks,21500267,2015-12-01T00:00:00,DAL @ POR,W,44.8,5.0,0.0,2.0,16.0,14.0,8.0,7.0,32.0,2.0,0.0,4.0,7.0,54.2,1,1,1,1,91,1603,10158,4675,275,22292,17345,15538,3535,932,1,22104,469,432,1.0,44:45,2015,2016
2015-16,203081,Damian Lillard,Damian,1610612757,POR,Portland Trail Blazers,21500267,2015-12-01T00:00:00,POR vs. DAL,L,41.3,4.0,3.0,0.0,12.0,28.0,8.0,4.0,42.0,0.0,2.0,5.0,3.0,48.6,1,13074,13074,13074,437,2460,3104,9917,988,26034,17345,8806,670,8004,23588,24686,4736,900,1.0,41:15,2015,2016
2015-16,2440,Matt Barnes,Matt,1610612763,MEM,Memphis Grizzlies,21500266,2015-12-01T00:00:00,MEM @ NOP,W,27.2,2.0,2.0,6.0,8.0,2.0,7.0,4.0,18.0,0.0,4.0,3.0,1.0,24.7,1,1,1,1,9862,6026,4731,740,3109,2619,15642,8806,13577,8004,25926,17641,12373,8673,1.0,27:11,2015,2016
2015-16,203086,Meyers Leonard,Meyers,1610612757,POR,Portland Trail Blazers,21500267,2015-12-01T00:00:00,POR vs. DAL,L,31.9,0.0,0.0,4.0,8.0,17.0,10.0,6.0,24.0,0.0,0.0,6.0,3.0,35.9,1,13074,13074,13074,5991,12059,10158,1913,3109,24337,20509,13388,8723,8004,1,25827,4736,3505,1.0,31:53,2015,2016
2015-16,203458,Alex Len,Alex,1610612756,PHX,Phoenix Suns,21500264,2015-12-01T00:00:00,PHX @ BKN,L,35.0,2.0,0.0,2.0,6.0,19.0,4.0,10.0,30.0,3.0,0.0,3.0,4.0,43.8,1,13074,13074,13074,3571,6026,10158,4675,5299,25074,8458,20169,4541,347,1,17641,2748,1587,1.0,34:57,2015,2016
2015-16,203952,Andrew Wiggins,Andrew,1610612750,MIN,Minnesota Timberwolves,21500265,2015-12-01T00:00:00,MIN vs. ORL,L,36.2,6.0,4.0,1.0,8.0,18.0,6.0,1.0,34.0,1.0,2.0,3.0,6.0,35.8,1,13074,13074,13074,2592,878,1596,9347,3109,24749,13237,3646,2701,2692,23588,17641,873,3541,1.0,36:15,2015,2016
2015-16,203506,Victor Oladipo,Victor,1610612753,ORL,Orlando Magic,21500265,2015-12-01T00:00:00,ORL @ MIN,W,27.6,6.0,2.0,0.0,6.0,4.0,11.0,5.0,20.0,2.0,1.0,4.0,2.0,36.8,1,1,1,1,9560,878,4731,9917,5299,6141,21814,11593,11929,932,17214,22104,7786,3241,1.0,27:34,2015,2016
2015-16,203076,Anthony Davis,Anthony,1610612740,NOP,New Orleans Pelicans,21500266,2015-12-01T00:00:00,NOP vs. MEM,L,41.1,2.0,1.0,0.0,4.0,8.0,13.0,8.0,42.0,9.0,1.0,1.0,9.0,68.8,1,13074,13074,13074,468,6026,9709,9917,8599,13914,23668,17194,670,4,17214,4972,138,58,1.0,41:06,2015,2016
2015-16,201188,Marc Gasol,Marc,1610612763,MEM,Memphis Grizzlies,21500266,2015-12-01T00:00:00,MEM @ NOP,W,42.2,2.0,2.0,6.0,6.0,4.0,13.0,8.0,36.0,4.0,2.0,1.0,10.0,71.6,1,1,1,1,286,6026,4731,740,5299,6141,23668,17194,1943,132,23588,4972,76,35,1.0,42:11,2015,2016
2015-16,202322,John Wall,John,1610612764,WAS,Washington Wizards,21500262,2015-12-01T00:00:00,WAS @ CLE,W,40.9,13.0,3.0,6.0,16.0,8.0,6.0,8.0,18.0,0.0,1.0,3.0,5.0,64.8,1,1,1,1,501,13,3104,740,275,13914,13237,17194,13577,8004,17214,17641,1539,92,1.0,40:56,2015,2016
2015-16,203924,Jerami Grant,Jerami,1610612755,PHI,Philadelphia 76ers,21500263,2015-12-01T00:00:00,PHI vs. LAL,W,30.8,2.0,0.0,4.0,12.0,12.0,15.0,1.0,24.0,4.0,0.0,3.0,2.0,43.4,1,1,1,1,6881,6026,10158,1913,988,20178,24781,3646,8723,132,1,17641,7786,1662,1.0,30:49,2015,2016
2015-16,101111,Charlie Villanueva,Charlie,1610612742,DAL,Dallas Mavericks,21500267,2015-12-01T00:00:00,DAL @ POR,W,17.5,3.0,0.0,0.0,4.0,4.0,7.0,0.0,6.0,0.0,0.0,1.0,0.0,19.6,1,1,1,1,17872,4307,10158,9917,8599,6141,15642,1,22724,8004,1,4972,18762,12024,1.0,17:32,2015,2016
2015-16,203498,Shabazz Muhammad,Shabazz,1610612750,MIN,Minnesota Timberwolves,21500265,2015-12-01T00:00:00,MIN vs. ORL,L,16.6,0.0,0.0,0.0,8.0,6.0,8.0,0.0,24.0,0.0,1.0,2.0,2.0,10.4,1,13074,13074,13074,18588,12059,10158,9917,3109,10028,17345,1,8723,8004,17214,11390,7786,18859,1.0,16:36,2015,2016
2015-16,203459,Allen Crabbe,Allen,1610612757,POR,Portland Trail Blazers,21500267,2015-12-01T00:00:00,POR vs. DAL,L,34.7,10.0,8.0,2.0,2.0,19.0,8.0,6.0,26.0,0.0,0.0,0.0,1.0,22.9,1,13074,13074,13074,3760,99,137,4675,12984,25074,17345,13388,7214,8004,1,1,12373,9811,1.0,34:43,2015,2016
2015-16,203138,Hollis Thompson,Hollis,1610612755,PHI,Philadelphia 76ers,21500263,2015-12-01T00:00:00,PHI vs. LAL,W,28.6,0.0,0.0,2.0,2.0,13.0,12.0,1.0,20.0,1.0,0.0,3.0,2.0,19.5,1,1,1,1,8699,12059,10158,4675,12984,21300,22832,3646,11929,2692,1,17641,7786,12096,1.0,28:38,2015,2016
2015-16,203917,Nik Stauskas,Nik,1610612755,PHI,Philadelphia 76ers,21500263,2015-12-01T00:00:00,PHI vs. LAL,W,14.5,3.0,0.0,3.0,0.0,7.0,2.0,1.0,12.0,0.0,0.0,3.0,0.0,10.2,1,1,1,1,20100,4307,10158,3302,18861,12242,3734,3646,18637,8004,1,17641,18762,19003,1.0,14:31,2015,2016
2015-16,203468,CJ McCollum,CJ,1610612757,POR,Portland Trail Blazers,21500267,2015-12-01T00:00:00,POR vs. DAL,L,39.7,0.0,0.0,0.0,2.0,23.0,10.0,4.0,36.0,0.0,2.0,4.0,0.0,23.3,1,13074,13074,13074,817,12059,10158,9917,12984,25803,20509,8806,1943,8004,23588,22104,18762,9567,1.0,39:42,2015,2016
2015-16,2207,Joe Johnson,Joe,1610612751,BKN,Brooklyn Nets,21500264,2015-12-01T00:00:00,BKN vs. PHX,W,35.3,4.0,0.0,0.0,4.0,18.0,5.0,10.0,28.0,0.0,0.0,1.0,0.0,19.4,1,1,1,1,3334,2460,10158,9917,8599,24749,11469,20169,5824,8004,1,4972,18762,12154,1.0,35:16,2015,2016
2015-16,2210,Richard Jefferson,Richard,1610612739,CLE,Cleveland Cavaliers,21500262,2015-12-01T00:00:00,CLE vs. WAS,L,17.8,0.0,0.0,2.0,2.0,6.0,4.0,2.0,14.0,0.0,0.0,1.0,1.0,14.9,1,13074,13074,13074,17643,12059,10158,4675,12984,10028,8458,4025,17019,8004,1,4972,12373,15463,1.0,17:51,2015,2016
2015-16,203090,Maurice Harkless,Maurice,1610612757,POR,Portland Trail Blazers,21500267,2015-12-01T00:00:00,POR vs. DAL,L,17.4,0.0,2.0,0.0,2.0,10.0,0.0,2.0,8.0,0.0,0.0,2.0,0.0,9.9,1,13074,13074,13074,17976,12059,4731,9917,12984,17370,1,4025,21543,8004,1,11390,18762,19247,1.0,17:23,2015,2016
2015-16,101127,Jarrett Jack,Jarrett,1610612751,BKN,Brooklyn Nets,21500264,2015-12-01T00:00:00,BKN vs. PHX,W,29.6,0.0,0.0,0.0,6.0,18.0,4.0,8.0,24.0,0.0,0.0,3.0,1.0,33.8,1,1,1,1,7890,12059,10158,9917,5299,24749,8458,17194,8723,8004,1,17641,12373,4244,1.0,29:35,2015,2016
2015-16,2590,Mo Williams,Mo,1610612739,CLE,Cleveland Cavaliers,21500262,2015-12-01T00:00:00,CLE vs. WAS,L,27.9,0.0,0.0,0.0,0.0,21.0,7.0,8.0,32.0,0.0,0.0,1.0,1.0,19.1,1,13074,13074,13074,9328,12059,10158,9917,18861,25535,15642,17194,3535,8004,1,4972,12373,12372,1.0,27:52,2015,2016
2015-16,201572,Brook Lopez,Brook,1610612751,BKN,Brooklyn Nets,21500264,2015-12-01T00:00:00,BKN vs. PHX,W,36.8,4.0,0.0,4.0,14.0,18.0,5.0,8.0,26.0,1.0,0.0,3.0,5.0,34.2,1,1,1,1,2190,2460,10158,1913,542,24749,11469,17194,7214,2692,1,17641,1539,4092,1.0,36:50,2015,2016
2015-16,1897,Metta World Peace,Metta,1610612747,LAL,Los Angeles Lakers,21500263,2015-12-01T00:00:00,LAL @ PHI,L,18.8,4.0,0.0,1.0,0.0,9.0,2.0,9.0,18.0,0.0,1.0,1.0,3.0,10.5,1,13074,13074,13074,16895,2460,10158,9347,18861,15771,3734,18829,13577,8004,17214,4972,4736,18808,1.0,18:46,2015,2016
2015-16,202087,Alonzo Gee,Alonzo,1610612740,NOP,New Orleans Pelicans,21500266,2015-12-01T00:00:00,NOP vs. MEM,L,28.3,2.0,0.0,2.0,6.0,6.0,13.0,6.0,30.0,0.0,0.0,2.0,0.0,6.2,1,13074,13074,13074,9035,6026,10158,4675,5299,10028,23668,13388,4541,8004,1,11390,18762,21696,1.0,28:16,2015,2016
2015-16,201967,Dante Cunningham,Dante,1610612740,NOP,New Orleans Pelicans,21500266,2015-12-01T00:00:00,NOP vs. MEM,L,5.6,0.0,0.0,0.0,0.0,0.0,2.0,4.0,10.0,0.0,1.0,2.0,0.0,1.2,1,13074,13074,13074,24134,12059,10158,9917,18861,1,3734,8806,20209,8004,17214,11390,18762,24661,1.0,5:37,2015,2016
2015-16,2760,Anderson Varejao,Anderson,1610612739,CLE,Cleveland Cavaliers,21500262,2015-12-01T00:00:00,CLE vs. WAS,L,9.3,0.0,0.0,0.0,0.0,0.0,0.0,0.0,6.0,0.0,0.0,1.0,1.0,5.9,1,13074,13074,13074,22692,12059,10158,9917,18861,1,1,1,22724,8004,1,4972,12373,21953,1.0,9:20,2015,2016
2015-16,2734,Devin Harris,Devin,1610612742,DAL,Dallas Mavericks,21500267,2015-12-01T00:00:00,DAL @ POR,W,23.5,0.0,0.0,0.0,2.0,15.0,12.0,3.0,20.0,0.0,0.0,2.0,0.0,1.9,1,1,1,1,12947,12059,10158,9917,12984,23079,22832,7328,11929,8004,1,11390,18762,24429,1.0,23:33,2015,2016
2015-16,2592,James Jones,James,1610612739,CLE,Cleveland Cavaliers,21500262,2015-12-01T00:00:00,CLE vs. WAS,L,13.8,0.0,0.0,0.0,0.0,4.0,3.0,2.0,6.0,0.0,0.0,1.0,0.0,2.0,1,13074,13074,13074,20504,12059,10158,9917,18861,6141,7138,4025,22724,8004,1,4972,18762,24216,1.0,13:50,2015,2016
2015-16,201144,Mike Conley,Mike,1610612763,MEM,Memphis Grizzlies,21500266,2015-12-01T00:00:00,MEM @ NOP,W,24.4,0.0,0.0,0.0,4.0,4.0,4.0,7.0,30.0,0.0,0.0,0.0,0.0,15.9,1,1,1,1,12221,12059,10158,9917,8599,6141,8458,15538,4541,8004,1,1,18762,14675,1.0,24:23,2015,2016
2015-16,203943,Noah Vonleh,Noah,1610612757,POR,Portland Trail Blazers,21500267,2015-12-01T00:00:00,POR vs. DAL,L,5.8,0.0,0.0,0.0,0.0,4.0,0.0,0.0,4.0,0.0,0.0,1.0,0.0,1.2,1,13074,13074,13074,24075,12059,10158,9917,18861,6141,1,1,23698,8004,1,4972,18762,24661,1.0,5:45,2015,2016
2015-16,2755,Kevin Martin,Kevin,1610612750,MIN,Minnesota Timberwolves,21500265,2015-12-01T00:00:00,MIN vs. ORL,L,23.1,0.0,2.0,0.0,0.0,12.0,5.0,1.0,14.0,0.0,0.0,2.0,4.0,16.2,1,13074,13074,13074,13267,12059,4731,9917,18861,20178,11469,3646,17019,8004,1,11390,2748,14436,1.0,23:07,2015,2016
2015-16,203141,Mirza Teletovic,Mirza,1610612756,PHX,Phoenix Suns,21500264,2015-12-01T00:00:00,PHX @ BKN,L,19.1,3.0,0.0,0.0,0.0,2.0,2.0,2.0,22.0,0.0,0.0,3.0,1.0,18.0,1,13074,13074,13074,16600,4307,10158,9917,18861,2619,3734,4025,10265,8004,1,17641,12373,13164,1.0,19:07,2015,2016
2015-16,2216,Zach Randolph,Zach,1610612763,MEM,Memphis Grizzlies,21500266,2015-12-01T00:00:00,MEM @ NOP,W,26.2,0.0,7.0,0.0,10.0,6.0,6.0,7.0,26.0,0.0,3.0,2.0,3.0,21.2,1,1,1,1,10697,12059,292,9917,1840,10028,13237,15538,7214,8004,25441,11390,4736,10936,1.0,26:11,2015,2016
2015-16,202708,Norris Cole,Norris,1610612740,NOP,New Orleans Pelicans,21500266,2015-12-01T00:00:00,NOP vs. MEM,L,22.7,0.0,0.0,4.0,0.0,4.0,4.0,8.0,28.0,0.0,0.0,4.0,4.0,16.4,1,13074,13074,13074,13594,12059,10158,1913,18861,6141,8458,17194,5824,8004,1,22104,2748,14289,1.0,22:43,2015,2016
2015-16,202066,Garrett Temple,Garrett,1610612764,WAS,Washington Wizards,21500262,2015-12-01T00:00:00,WAS @ CLE,W,27.6,2.0,0.0,0.0,2.0,8.0,4.0,10.0,16.0,0.0,1.0,4.0,3.0,13.0,1,1,1,1,9556,6026,10158,9917,12984,13914,8458,20169,15259,8004,17214,22104,4736,16969,1.0,27:35,2015,2016
2015-16,200782,P.J. Tucker,P.J.,1610612756,PHX,Phoenix Suns,21500264,2015-12-01T00:00:00,PHX @ BKN,L,31.3,0.0,2.0,0.0,6.0,17.0,4.0,12.0,32.0,0.0,0.0,0.0,2.0,16.1,1,13074,13074,13074,6514,12059,4731,9917,5299,24337,8458,22259,3535,8004,1,1,7786,14515,1.0,31:15,2015,2016
2015-16,201584,Courtney Lee,Courtney,1610612763,MEM,Memphis Grizzlies,21500266,2015-12-01T00:00:00,MEM @ NOP,W,33.7,0.0,0.0,0.0,8.0,2.0,7.0,4.0,24.0,0.0,0.0,3.0,0.0,21.3,1,1,1,1,4629,12059,10158,9917,3109,2619,15642,8806,8723,8004,1,17641,18762,10880,1.0,33:39,2015,2016
2015-16,1626157,Karl-Anthony Towns,Karl-Anthony,1610612750,MIN,Minnesota Timberwolves,21500265,2015-12-01T00:00:00,MIN vs. ORL,L,22.2,2.0,4.0,2.0,2.0,14.0,5.0,0.0,18.0,2.0,1.0,3.0,2.0,21.2,1,13074,13074,13074,14007,6026,1596,4675,12984,22292,11469,1,13577,932,17214,17641,7786,10936,1.0,22:12,2015,2016
2015-16,203094,Andrew Nicholson,Andrew,1610612753,ORL,Orlando Magic,21500265,2015-12-01T00:00:00,ORL @ MIN,W,31.0,4.0,1.0,0.0,10.0,10.0,9.0,7.0,28.0,0.0,0.0,0.0,3.0,21.2,1,1,1,1,6717,2460,9709,9917,1840,17370,19144,15538,5824,8004,1,1,4736,10936,1.0,31:00,2015,2016
2015-16,1626204,Larry Nance Jr.,Larry,1610612747,LAL,Los Angeles Lakers,21500263,2015-12-01T00:00:00,LAL @ PHI,L,5.2,0.0,0.0,0.0,0.0,4.0,0.0,2.0,6.0,0.0,0.0,0.0,0.0,2.9,1,13074,13074,13074,24286,12059,10158,9917,18861,6141,1,4025,22724,8004,1,1,18762,23852,1.0,5:13,2015,2016
2015-16,202357,Nemanja Bjelica,Nemanja,1610612750,MIN,Minnesota Timberwolves,21500265,2015-12-01T00:00:00,MIN vs. ORL,L,24.3,0.0,0.0,0.0,0.0,8.0,11.0,1.0,28.0,1.0,0.0,3.0,0.0,21.6,1,13074,13074,13074,12277,12059,10158,9917,18861,13914,21814,3646,5824,2692,1,17641,18762,10666,1.0,24:20,2015,2016
2015-16,1626178,Rondae Hollis-Jefferson,Rondae,1610612751,BKN,Brooklyn Nets,21500264,2015-12-01T00:00:00,BKN vs. PHX,W,22.8,2.0,4.0,4.0,8.0,18.0,2.0,6.0,20.0,0.0,0.0,5.0,0.0,18.3,1,1,1,1,13553,6026,1596,1913,3109,24749,3734,13388,11929,8004,1,24686,18762,12952,1.0,22:46,2015,2016
2015-16,2754,Tony Allen,Tony,1610612763,MEM,Memphis Grizzlies,21500266,2015-12-01T00:00:00,MEM @ NOP,W,14.9,0.0,0.0,0.0,2.0,4.0,6.0,4.0,18.0,0.0,0.0,3.0,1.0,12.6,1,1,1,1,19839,12059,10158,9917,12984,6141,13237,8806,13577,8004,1,17641,12373,17277,1.0,14:53,2015,2016
2015-16,2743,Kris Humphries,Kris,1610612764,WAS,Washington Wizards,21500262,2015-12-01T00:00:00,WAS @ CLE,W,9.1,0.0,0.0,0.0,0.0,2.0,4.0,6.0,14.0,0.0,0.0,2.0,0.0,2.4,1,1,1,1,22813,12059,10158,9917,18861,2619,8458,13388,17019,8004,1,11390,18762,24024,1.0,9:05,2015,2016
2015-16,203894,Shabazz Napier,Shabazz,1610612753,ORL,Orlando Magic,21500265,2015-12-01T00:00:00,ORL @ MIN,W,6.3,0.0,0.0,0.0,0.0,0.0,0.0,0.0,6.0,0.0,0.0,1.0,0.0,2.7,1,1,1,1,23834,12059,10158,9917,18861,1,1,1,22724,8004,1,4972,18762,23884,1.0,6:17,2015,2016
2015-16,101109,Raymond Felton,Raymond,1610612742,DAL,Dallas Mavericks,21500267,2015-12-01T00:00:00,DAL @ POR,W,39.7,4.0,0.0,0.0,4.0,9.0,13.0,6.0,30.0,0.0,0.0,1.0,3.0,20.9,1,1,1,1,807,2460,10158,9917,8599,15771,23668,13388,4541,8004,1,4972,4736,11132,1.0,39:44,2015,2016
2015-16,101150,Lou Williams,Lou,1610612747,LAL,Los Angeles Lakers,21500263,2015-12-01T00:00:00,LAL @ PHI,L,21.3,0.0,0.0,0.0,0.0,6.0,6.0,3.0,22.0,0.0,0.0,1.0,4.0,12.5,1,13074,13074,13074,14743,12059,10158,9917,18861,10028,13237,7328,10265,8004,1,4972,2748,17372,1.0,21:20,2015,2016
2015-16,203486,Mason Plumlee,Mason,1610612757,POR,Portland Trail Blazers,21500267,2015-12-01T00:00:00,POR vs. DAL,L,20.9,3.0,0.0,3.0,2.0,13.0,2.0,0.0,20.0,0.0,1.0,1.0,3.0,16.5,1,13074,13074,13074,15158,4307,10158,3302,12984,21300,3734,1,11929,8004,17214,4972,4736,14224,1.0,20:53,2015,2016
2015-16,1626156,D'Angelo Russell,D'Angelo,1610612747,LAL,Los Angeles Lakers,21500263,2015-12-01T00:00:00,LAL @ PHI,L,36.9,0.0,3.0,0.0,8.0,9.0,9.0,10.0,32.0,0.0,0.0,2.0,2.0,20.8,1,13074,13074,13074,2117,12059,3104,9917,3109,15771,19144,20169,3535,8004,1,11390,7786,11195,1.0,36:56,2015,2016
2015-16,201196,Ramon Sessions,Ramon,1610612764,WAS,Washington Wizards,21500262,2015-12-01T00:00:00,WAS @ CLE,W,14.1,0.0,0.0,0.0,2.0,4.0,4.0,6.0,14.0,0.0,1.0,1.0,1.0,8.2,1,1,1,1,20346,12059,10158,9917,12984,6141,8458,13388,17019,8004,17214,4972,12373,20416,1.0,14:06,2015,2016
2015-16,201156,Nick Young,Nick,1610612747,LAL,Los Angeles Lakers,21500263,2015-12-01T00:00:00,LAL @ PHI,L,12.0,1.0,0.0,0.0,0.0,4.0,2.0,2.0,12.0,0.0,0.0,0.0,1.0,4.2,1,13074,13074,13074,21611,11535,10158,9917,18861,6141,3734,4025,18637,8004,1,1,12373,22976,1.0,11:57,2015,2016
2015-16,202389,Timofey Mozgov,Timofey,1610612739,CLE,Cleveland Cavaliers,21500262,2015-12-01T00:00:00,CLE vs. WAS,L,8.9,0.0,0.0,0.0,0.0,12.0,0.0,6.0,18.0,0.0,2.0,2.0,1.0,-1.6,1,13074,13074,13074,22870,12059,10158,9917,18861,20178,1,13388,13577,8004,23588,11390,12373,26058,1.0,8:55,2015,2016
2015-16,203099,Jared Cunningham,Jared,1610612739,CLE,Cleveland Cavaliers,21500262,2015-12-01T00:00:00,CLE vs. WAS,L,1.1,0.0,0.0,0.0,0.0,0.0,0.0,0.0,0.0,0.0,0.0,0.0,0.0,0.0,1,13074,13074,13074,25833,12059,10158,9917,18861,1,1,1,25429,8004,1,1,18762,25170,1.0,1:09,2015,2016
2015-16,202720,Jon Leuer,Jon,1610612756,PHX,Phoenix Suns,21500264,2015-12-01T00:00:00,PHX @ BKN,L,11.7,0.0,0.0,2.0,2.0,0.0,2.0,0.0,16.0,0.0,1.0,0.0,0.0,4.4,1,13074,13074,13074,21713,12059,10158,4675,12984,1,3734,1,15259,8004,17214,1,18762,22837,1.0,11:44,2015,2016
2015-16,203515,Phil Pressey,Phil,1610612755,PHI,Philadelphia 76ers,21500263,2015-12-01T00:00:00,PHI vs. LAL,W,5.9,0.0,0.0,1.0,0.0,0.0,0.0,0.0,4.0,0.0,0.0,2.0,1.0,4.0,1,1,1,1,24029,12059,10158,9347,18861,1,1,1,23698,8004,1,11390,12373,23142,1.0,5:51,2015,2016
2015-16,201160,Jason Smith,Jason,1610612753,ORL,Orlando Magic,21500265,2015-12-01T00:00:00,ORL @ MIN,W,10.6,0.0,2.0,0.0,2.0,0.0,2.0,2.0,10.0,0.0,0.0,5.0,1.0,5.2,1,1,1,1,22201,12059,4731,9917,12984,1,3734,4025,20209,8004,1,24686,12373,22370,1.0,10:34,2015,2016
2015-16,202693,Markieff Morris,Markieff,1610612756,PHX,Phoenix Suns,21500264,2015-12-01T00:00:00,PHX @ BKN,L,28.1,4.0,0.0,0.0,4.0,17.0,4.0,10.0,26.0,0.0,0.0,3.0,0.0,8.7,1,13074,13074,13074,9167,2460,10158,9917,8599,24337,8458,20169,7214,8004,1,17641,18762,20045,1.0,28:05,2015,2016
2015-16,101112,Channing Frye,Channing,1610612753,ORL,Orlando Magic,21500265,2015-12-01T00:00:00,ORL @ MIN,W,16.8,0.0,0.0,0.0,0.0,2.0,6.0,0.0,4.0,0.0,0.0,2.0,1.0,6.5,1,1,1,1,18404,12059,10158,9917,18861,2619,13237,1,23698,8004,1,11390,12373,21519,1.0,16:49,2015,2016
2015-16,1713,Vince Carter,Vince,1610612763,MEM,Memphis Grizzlies,21500266,2015-12-01T00:00:00,MEM @ NOP,W,7.9,0.0,2.0,0.0,2.0,0.0,3.0,0.0,6.0,0.0,0.0,3.0,0.0,7.1,1,1,1,1,23233,12059,4731,9917,12984,1,7138,1,22724,8004,1,17641,18762,21141,1.0,7:53,2015,2016
2015-16,1626164,Devin Booker,Devin,1610612756,PHX,Phoenix Suns,21500264,2015-12-01T00:00:00,PHX @ BKN,L,7.6,0.0,0.0,0.0,0.0,0.0,2.0,0.0,8.0,0.0,1.0,0.0,0.0,-1.0,1,13074,13074,13074,23345,12059,10158,9917,18861,1,3734,1,21543,8004,17214,1,18762,25932,1.0,7:38,2015,2016
2015-16,101138,Brandon Bass,Brandon,1610612747,LAL,Los Angeles Lakers,21500263,2015-12-01T00:00:00,LAL @ PHI,L,15.0,2.0,2.0,0.0,0.0,6.0,2.0,2.0,16.0,0.0,0.0,3.0,0.0,6.6,1,13074,13074,13074,19728,6026,4731,9917,18861,10028,3734,4025,15259,8004,1,17641,18762,21445,1.0,15:02,2015,2016
2015-16,202397,Ish Smith,Ish,1610612740,NOP,New Orleans Pelicans,21500266,2015-12-01T00:00:00,NOP vs. MEM,L,14.2,0.0,2.0,0.0,2.0,2.0,7.0,10.0,24.0,0.0,1.0,1.0,1.0,4.7,1,13074,13074,13074,20265,12059,4731,9917,12984,2619,15642,20169,8723,8004,17214,4972,12373,22672,1.0,14:14,2015,2016
2015-16,1626147,Justin Anderson,Justin,1610612742,DAL,Dallas Mavericks,21500267,2015-12-01T00:00:00,DAL @ POR,W,2.8,0.0,0.0,0.0,0.0,3.0,0.0,0.0,2.0,0.0,0.0,0.0,0.0,0.0,1,1,1,1,25223,12059,10158,9917,18861,5109,1,1,24614,8004,1,1,18762,25170,1.0,2:45,2015,2016
2015-16,203098,John Jenkins,John,1610612742,DAL,Dallas Mavericks,21500267,2015-12-01T00:00:00,DAL @ POR,W,8.6,0.0,0.0,0.0,0.0,2.0,0.0,2.0,10.0,0.0,0.0,1.0,0.0,0.0,1,1,1,1,23004,12059,10158,9917,18861,2619,1,4025,20209,8004,1,4972,18762,25170,1.0,8:34,2015,2016
2015-16,203960,JaKarr Sampson,JaKarr,1610612755,PHI,Philadelphia 76ers,21500263,2015-12-01T00:00:00,PHI vs. LAL,W,18.7,0.0,2.0,0.0,0.0,4.0,3.0,0.0,14.0,0.0,0.0,1.0,2.0,8.9,1,1,1,1,16957,12059,4731,9917,18861,6141,7138,1,17019,8004,1,4972,7786,19914,1.0,18:42,2015,2016
2015-16,1626162,Kelly Oubre Jr.,Kelly,1610612764,WAS,Washington Wizards,21500262,2015-12-01T00:00:00,WAS @ CLE,W,0.7,0.0,0.0,0.0,0.0,0.0,0.0,0.0,0.0,0.0,0.0,0.0,0.0,0.0,1,1,1,1,25946,12059,10158,9917,18861,1,1,1,25429,8004,1,1,18762,25170,1.0,0:39,2015,2016
2015-16,101179,Ronnie Price,Ronnie,1610612756,PHX,Phoenix Suns,21500264,2015-12-01T00:00:00,PHX @ BKN,L,13.2,0.0,0.0,0.0,0.0,7.0,0.0,4.0,18.0,0.0,0.0,1.0,0.0,6.9,1,13074,13074,13074,20874,12059,10158,9917,18861,12242,1,8806,13577,8004,1,4972,18762,21262,1.0,13:11,2015,2016
2015-16,2419,Tayshaun Prince,Tayshaun,1610612750,MIN,Minnesota Timberwolves,21500265,2015-12-01T00:00:00,MIN vs. ORL,L,12.9,0.0,0.0,0.0,0.0,4.0,8.0,0.0,14.0,0.0,0.0,1.0,0.0,3.5,1,13074,13074,13074,21011,12059,10158,9917,18861,6141,17345,1,17019,8004,1,4972,18762,23351,1.0,12:57,2015,2016
2015-16,201600,Omer Asik,Omer,1610612740,NOP,New Orleans Pelicans,21500266,2015-12-01T00:00:00,NOP vs. MEM,L,5.2,0.0,0.0,0.0,0.0,2.0,2.0,0.0,8.0,0.0,0.0,2.0,0.0,0.0,1,13074,13074,13074,24278,12059,10158,9917,18861,2619,3734,1,21543,8004,1,11390,18762,25170,1.0,5:14,2015,2016
2015-16,203210,JaMychal Green,JaMychal,1610612763,MEM,Memphis Grizzlies,21500266,2015-12-01T00:00:00,MEM @ NOP,W,9.0,0.0,2.0,0.0,2.0,0.0,2.0,0.0,4.0,0.0,0.0,1.0,0.0,6.8,1,1,1,1,22833,12059,4731,9917,12984,1,3734,1,23698,8004,1,4972,18762,21328,1.0,9:01,2015,2016
2015-16,203900,Markel Brown,Markel,1610612751,BKN,Brooklyn Nets,21500264,2015-12-01T00:00:00,BKN vs. PHX,W,0.0,0.0,0.0,0.0,0.0,0.0,0.0,0.0,0.0,0.0,0.0,0.0,0.0,0.0,1,1,1,1,26059,12059,10158,9917,18861,1,1,1,25429,8004,1,1,18762,25170,1.0,0:03,2015,2016
2015-16,202329,Al-Farouq Aminu,Al-Farouq,1610612757,POR,Portland Trail Blazers,21500267,2015-12-01T00:00:00,POR vs. DAL,L,18.3,0.0,0.0,0.0,0.0,11.0,2.0,0.0,22.0,1.0,0.0,0.0,0.0,6.7,1,13074,13074,13074,17288,12059,10158,9917,18861,18886,3734,1,10265,2692,1,1,18762,21376,1.0,18:17,2015,2016
2015-16,1626179,Terry Rozier,Terry,1610612738,BOS,Boston Celtics,21500255,2015-11-30T00:00:00,BOS @ MIA,W,5.3,0.0,0.0,0.0,0.0,3.0,2.0,0.0,8.0,0.0,0.0,0.0,1.0,-1.0,1,1,1,1,24274,12059,10158,9917,18861,5109,3734,1,21543,8004,1,1,12373,25932,1.0,5:15,2015,2016
2015-16,202734,E'Twaun Moore,E'Twaun,1610612741,CHI,Chicago Bulls,21500257,2015-11-30T00:00:00,CHI vs. SAS,W,16.9,0.0,0.0,0.0,2.0,2.0,3.0,0.0,12.0,0.0,0.0,2.0,2.0,8.9,1,1,1,1,18383,12059,10158,9917,12984,2619,7138,1,18637,8004,1,11390,7786,19914,1.0,16:51,2015,2016
2015-16,203526,Raul Neto,Raul,1610612762,UTA,Utah Jazz,21500259,2015-11-30T00:00:00,UTA vs. GSW,L,14.7,0.0,0.0,0.0,0.0,5.0,7.0,0.0,10.0,0.0,0.0,1.0,1.0,3.2,1,13074,13074,13074,19982,12059,10158,9917,18861,8403,15642,1,20209,8004,1,4972,12373,23473,1.0,14:40,2015,2016
2015-16,203943,Noah Vonleh,Noah,1610612757,POR,Portland Trail Blazers,21500261,2015-11-30T00:00:00,POR @ LAC,L,12.9,2.0,0.0,0.0,0.0,7.0,13.0,2.0,16.0,0.0,0.0,4.0,0.0,3.2,1,13074,13074,13074,21020,6026,10158,9917,18861,12242,23668,4025,15259,8004,1,22104,18762,23473,1.0,12:55,2015,2016
2015-16,203949,James Michael McAdoo,James Michael,1610612744,GSW,Golden State Warriors,21500259,2015-11-30T00:00:00,GSW @ UTA,W,3.3,0.0,0.0,0.0,0.0,0.0,0.0,2.0,6.0,0.0,0.0,0.0,0.0,0.0,1,1,1,1,24999,12059,10158,9917,18861,1,1,4025,22724,8004,1,1,18762,25170,1.0,3:19,2015,2016
2015-16,204025,Tim Frazier,Tim,1610612757,POR,Portland Trail Blazers,21500261,2015-11-30T00:00:00,POR @ LAC,L,9.2,2.0,0.0,0.0,0.0,0.0,2.0,0.0,4.0,0.0,0.0,3.0,0.0,6.8,1,13074,13074,13074,22752,6026,10158,9917,18861,1,3734,1,23698,8004,1,17641,18762,21328,1.0,9:13,2015,2016
2015-16,203101,Miles Plumlee,Miles,1610612749,MIL,Milwaukee Bucks,21500258,2015-11-30T00:00:00,MIL vs. DEN,W,3.6,0.0,0.0,0.0,0.0,0.0,5.0,0.0,4.0,0.0,0.0,0.0,0.0,0.0,1,1,1,1,24895,12059,10158,9917,18861,1,11469,1,23698,8004,1,1,18762,25170,1.0,3:33,2015,2016
2015-16,203142,Chris Copeland,Chris,1610612749,MIL,Milwaukee Bucks,21500258,2015-11-30T00:00:00,MIL vs. DEN,W,3.6,0.0,0.0,0.0,0.0,0.0,5.0,0.0,4.0,0.0,0.0,0.0,0.0,0.0,1,1,1,1,24895,12059,10158,9917,18861,1,11469,1,23698,8004,1,1,18762,25170,1.0,3:33,2015,2016
2015-16,203459,Allen Crabbe,Allen,1610612757,POR,Portland Trail Blazers,21500261,2015-11-30T00:00:00,POR @ LAC,L,17.1,0.0,0.0,2.0,0.0,5.0,11.0,4.0,12.0,0.0,0.0,1.0,0.0,5.0,1,13074,13074,13074,18196,12059,10158,4675,18861,8403,21814,8806,18637,8004,1,4972,18762,22500,1.0,17:06,2015,2016
2015-16,1626146,Cliff Alexander,Cliff,1610612757,POR,Portland Trail Blazers,21500261,2015-11-30T00:00:00,POR @ LAC,L,2.3,0.0,0.0,0.0,0.0,0.0,0.0,0.0,2.0,0.0,0.0,0.0,0.0,5.0,1,13074,13074,13074,25407,12059,10158,9917,18861,1,1,1,24614,8004,1,1,18762,22500,1.0,2:19,2015,2016
2015-16,201575,Brandon Rush,Brandon,1610612744,GSW,Golden State Warriors,21500259,2015-11-30T00:00:00,GSW @ UTA,W,12.4,0.0,3.0,0.0,0.0,7.0,5.0,0.0,8.0,0.0,0.0,1.0,0.0,4.4,1,1,1,1,21347,12059,3104,9917,18861,12242,11469,1,21543,8004,1,4972,18762,22837,1.0,12:22,2015,2016
2015-16,203118,Mike Scott,Mike,1610612737,ATL,Atlanta Hawks,21500256,2015-11-30T00:00:00,ATL vs. OKC,W,9.3,2.0,0.0,5.0,2.0,0.0,0.0,4.0,4.0,0.0,0.0,0.0,2.0,8.9,1,1,1,1,22735,6026,10158,1277,12984,1,1,8806,23698,8004,1,1,7786,19914,1.0,9:15,2015,2016
2015-16,1718,Paul Pierce,Paul,1610612746,LAC,LA Clippers,21500261,2015-11-30T00:00:00,LAC vs. POR,W,13.7,0.0,0.0,0.0,0.0,6.0,9.0,4.0,12.0,0.0,1.0,2.0,0.0,4.2,1,1,1,1,20597,12059,10158,9917,18861,10028,19144,8806,18637,8004,17214,11390,18762,22976,1.0,13:41,2015,2016
2015-16,201585,Kosta Koufos,Kosta,1610612758,SAC,Sacramento Kings,21500260,2015-11-30T00:00:00,SAC vs. DAL,W,11.9,0.0,0.0,0.0,0.0,10.0,1.0,5.0,8.0,0.0,0.0,3.0,3.0,6.5,1,1,1,1,21637,12059,10158,9917,18861,17370,3393,11593,21543,8004,1,17641,4736,21519,1.0,11:54,2015,2016
2015-16,203098,John Jenkins,John,1610612742,DAL,Dallas Mavericks,21500260,2015-11-30T00:00:00,DAL @ SAC,L,3.5,0.0,0.0,0.0,4.0,0.0,2.0,0.0,6.0,0.0,0.0,0.0,0.0,4.0,1,13074,13074,13074,24946,12059,10158,9917,8599,1,3734,1,22724,8004,1,1,18762,23142,1.0,3:27,2015,2016
2015-16,1626192,Pat Connaughton,Pat,1610612757,POR,Portland Trail Blazers,21500261,2015-11-30T00:00:00,POR @ LAC,L,2.3,0.0,0.0,0.0,0.0,0.0,0.0,0.0,2.0,0.0,0.0,0.0,0.0,0.0,1,13074,13074,13074,25407,12059,10158,9917,18861,1,1,1,24614,8004,1,1,18762,25170,1.0,2:19,2015,2016
2015-16,1626173,Rashad Vaughn,Rashad,1610612749,MIL,Milwaukee Bucks,21500258,2015-11-30T00:00:00,MIL vs. DEN,W,7.4,0.0,0.0,0.0,0.0,0.0,7.0,2.0,6.0,1.0,0.0,0.0,0.0,4.2,1,1,1,1,23426,12059,10158,9917,18861,1,15642,4025,22724,2692,1,1,18762,22976,1.0,7:23,2015,2016
2015-16,201177,Josh McRoberts,Josh,1610612748,MIA,Miami Heat,21500255,2015-11-30T00:00:00,MIA vs. BOS,L,24.0,0.0,0.0,0.0,0.0,15.0,8.0,10.0,22.0,1.0,0.0,4.0,2.0,13.4,1,13074,13074,13074,12584,12059,10158,9917,18861,23079,17345,20169,10265,2692,1,22104,7786,16614,1.0,23:59,2015,2016
2015-16,1626147,Justin Anderson,Justin,1610612742,DAL,Dallas Mavericks,21500260,2015-11-30T00:00:00,DAL @ SAC,L,1.2,0.0,0.0,0.0,0.0,0.0,0.0,0.0,0.0,0.0,0.0,0.0,0.0,0.0,1,13074,13074,13074,25805,12059,10158,9917,18861,1,1,1,25429,8004,1,1,18762,25170,1.0,1:11,2015,2016
2015-16,2555,Nick Collison,Nick,1610612760,OKC,Oklahoma City Thunder,21500256,2015-11-30T00:00:00,OKC @ ATL,L,13.0,0.0,0.0,0.0,0.0,7.0,5.0,7.0,12.0,0.0,1.0,4.0,0.0,4.1,1,13074,13074,13074,20997,12059,10158,9917,18861,12242,11469,15538,18637,8004,17214,22104,18762,23131,1.0,12:58,2015,2016
2015-16,203093,Terrence Jones,Terrence,1610612745,HOU,Houston Rockets,21500254,2015-11-30T00:00:00,HOU @ DET,L,15.1,0.0,2.0,0.0,2.0,6.0,10.0,9.0,28.0,0.0,1.0,0.0,1.0,6.6,1,13074,13074,13074,19691,12059,4731,9917,12984,10028,20509,18829,5824,8004,17214,1,12373,21445,1.0,15:06,2015,2016
2015-16,201973,Jonas Jerebko,Jonas,1610612738,BOS,Boston Celtics,21500255,2015-11-30T00:00:00,BOS @ MIA,W,9.5,0.0,0.0,0.0,0.0,4.0,0.0,2.0,8.0,0.0,1.0,2.0,0.0,6.6,1,1,1,1,22626,12059,10158,9917,18861,6141,1,4025,21543,8004,17214,11390,18762,21445,1.0,9:31,2015,2016
2015-16,202379,Jeremy Evans,Jeremy,1610612742,DAL,Dallas Mavericks,21500260,2015-11-30T00:00:00,DAL @ SAC,L,1.2,0.0,0.0,0.0,0.0,0.0,0.0,0.0,0.0,0.0,0.0,0.0,0.0,0.0,1,13074,13074,13074,25805,12059,10158,9917,18861,1,1,1,25429,8004,1,1,18762,25170,1.0,1:11,2015,2016
2015-16,203909,KJ McDaniels,KJ,1610612745,HOU,Houston Rockets,21500254,2015-11-30T00:00:00,HOU @ DET,L,0.8,0.0,0.0,0.0,0.0,0.0,0.0,2.0,0.0,0.0,0.0,1.0,0.0,0.0,1,13074,13074,13074,25917,12059,10158,9917,18861,1,1,4025,25429,8004,1,4972,18762,25170,1.0,0:47,2015,2016
2015-16,201959,Taj Gibson,Taj,1610612741,CHI,Chicago Bulls,21500257,2015-11-30T00:00:00,CHI vs. SAS,W,19.2,2.0,2.0,0.0,4.0,0.0,5.0,0.0,12.0,0.0,1.0,2.0,0.0,13.3,1,1,1,1,16537,6026,4731,9917,8599,1,11469,1,18637,8004,17214,11390,18762,16712,1.0,19:12,2015,2016
2015-16,203937,Kyle Anderson,Kyle,1610612759,SAS,San Antonio Spurs,21500257,2015-11-30T00:00:00,SAS @ CHI,L,4.9,0.0,0.0,0.0,0.0,0.0,0.0,2.0,6.0,0.0,0.0,1.0,0.0,0.0,1,13074,13074,13074,24394,12059,10158,9917,18861,1,1,4025,22724,8004,1,4972,18762,25170,1.0,4:55,2015,2016
2015-16,201589,Darrell Arthur,Darrell,1610612743,DEN,Denver Nuggets,21500258,2015-11-30T00:00:00,DEN @ MIL,L,20.9,0.0,0.0,0.0,2.0,9.0,6.0,4.0,14.0,0.0,0.0,2.0,1.0,11.6,1,13074,13074,13074,15158,12059,10158,9917,12984,15771,13237,8806,17019,8004,1,11390,12373,17970,1.0,20:53,2015,2016
2015-16,200755,JJ Redick,JJ,1610612746,LAC,LA Clippers,21500261,2015-11-30T00:00:00,LAC vs. POR,W,30.0,3.0,3.0,3.0,0.0,9.0,2.0,5.0,18.0,0.0,0.0,2.0,2.0,20.5,1,1,1,1,7507,4307,3104,3302,18861,15771,3734,11593,13577,8004,1,11390,7786,11401,1.0,30:02,2015,2016
2015-16,203105,Festus Ezeli,Festus,1610612744,GSW,Golden State Warriors,21500259,2015-11-30T00:00:00,GSW @ UTA,W,23.7,2.0,2.0,0.0,6.0,4.0,6.0,2.0,24.0,0.0,0.0,3.0,1.0,15.2,1,1,1,1,12804,6026,4731,9917,5299,6141,13237,4025,8723,8004,1,17641,12373,15219,1.0,23:43,2015,2016
2015-16,202695,Kawhi Leonard,Kawhi,1610612759,SAS,San Antonio Spurs,21500257,2015-11-30T00:00:00,SAS @ CHI,L,40.2,2.0,7.0,4.0,16.0,13.0,12.0,8.0,32.0,0.0,1.0,4.0,7.0,43.1,1,13074,13074,13074,672,6026,292,1913,275,21300,22832,17194,3535,8004,17214,22104,469,1713,1.0,40:13,2015,2016
2015-16,1626144,Emmanuel Mudiay,Emmanuel,1610612743,DEN,Denver Nuggets,21500258,2015-11-30T00:00:00,DEN @ MIL,L,28.5,2.0,2.0,2.0,4.0,26.0,3.0,14.0,36.0,0.0,2.0,2.0,3.0,15.2,1,13074,13074,13074,8804,6026,4731,4675,8599,25979,7138,23710,1943,8004,23588,11390,4736,15219,1.0,28:31,2015,2016
2015-16,203468,CJ McCollum,CJ,1610612757,POR,Portland Trail Blazers,21500261,2015-11-30T00:00:00,POR @ LAC,L,37.0,5.0,2.0,2.0,6.0,18.0,21.0,11.0,26.0,0.0,2.0,4.0,6.0,30.8,1,13074,13074,13074,2077,1603,4731,4675,5299,24749,25962,21342,7214,8004,23588,22104,873,5493,1.0,37:00,2015,2016
2015-16,202710,Jimmy Butler III,Jimmy,1610612741,CHI,Chicago Bulls,21500257,2015-11-30T00:00:00,CHI vs. SAS,W,39.8,6.0,4.0,6.0,10.0,8.0,8.0,4.0,40.0,2.0,0.0,3.0,3.0,26.1,1,1,1,1,800,878,1596,740,1840,13914,17345,8806,983,932,1,17641,4736,7836,1.0,39:45,2015,2016
2015-16,203090,Maurice Harkless,Maurice,1610612757,POR,Portland Trail Blazers,21500261,2015-11-30T00:00:00,POR @ LAC,L,26.0,5.0,0.0,3.0,8.0,4.0,7.0,4.0,10.0,1.0,1.0,4.0,3.0,27.3,1,13074,13074,13074,10854,1603,10158,3302,3109,6141,15642,8806,20209,2692,17214,22104,4736,7236,1.0,25:59,2015,2016
2015-16,203530,Joffrey Lauvergne,Joffrey,1610612743,DEN,Denver Nuggets,21500258,2015-11-30T00:00:00,DEN @ MIL,L,19.1,3.0,4.0,1.0,6.0,12.0,7.0,4.0,14.0,0.0,2.0,1.0,2.0,15.7,1,13074,13074,13074,16628,4307,1596,9347,5299,20178,15642,8806,17019,8004,23588,4972,7786,14841,1.0,19:05,2015,2016
2015-16,202340,Avery Bradley,Avery,1610612738,BOS,Boston Celtics,21500255,2015-11-30T00:00:00,BOS @ MIA,W,39.3,2.0,0.0,2.0,4.0,14.0,17.0,11.0,44.0,1.0,0.0,1.0,2.0,41.9,1,1,1,1,967,6026,10158,4675,8599,22292,25429,21342,454,2692,1,4972,7786,1958,1.0,39:15,2015,2016
2015-16,203926,Doug McDermott,Doug,1610612741,CHI,Chicago Bulls,21500257,2015-11-30T00:00:00,CHI vs. SAS,W,30.0,0.0,0.0,2.0,4.0,2.0,5.0,0.0,22.0,0.0,0.0,2.0,2.0,15.6,1,1,1,1,7505,12059,10158,4675,8599,2619,11469,1,10265,8004,1,11390,7786,14916,1.0,30:03,2015,2016
2015-16,202355,Hassan Whiteside,Hassan,1610612748,MIA,Miami Heat,21500255,2015-11-30T00:00:00,MIA vs. BOS,L,25.8,2.0,4.0,0.0,4.0,17.0,11.0,6.0,22.0,3.0,0.0,3.0,2.0,26.6,1,13074,13074,13074,11058,6026,1596,9917,8599,24337,21814,13388,10265,347,1,17641,7786,7566,1.0,25:46,2015,2016
2015-16,1626169,Stanley Johnson,Stanley,1610612765,DET,Detroit Pistons,21500254,2015-11-30T00:00:00,DET vs. HOU,W,29.7,0.0,3.0,0.0,4.0,14.0,7.0,11.0,18.0,2.0,0.0,5.0,2.0,40.5,1,1,1,1,7808,12059,3104,9917,8599,22292,15642,21342,13577,932,1,24686,7786,2257,1.0,29:42,2015,2016
2015-16,2037,Jamal Crawford,Jamal,1610612746,LAC,LA Clippers,21500261,2015-11-30T00:00:00,LAC vs. POR,W,22.8,2.0,4.0,0.0,6.0,8.0,11.0,6.0,20.0,0.0,0.0,2.0,4.0,20.0,1,1,1,1,13570,6026,1596,9917,5299,13914,21814,13388,11929,8004,1,11390,2748,11752,1.0,22:45,2015,2016
2015-16,203089,John Henson,John,1610612749,MIL,Milwaukee Bucks,21500258,2015-11-30T00:00:00,MIL vs. DEN,W,23.3,4.0,0.0,0.0,8.0,5.0,5.0,5.0,12.0,3.0,0.0,2.0,5.0,30.4,1,1,1,1,13116,2460,10158,9917,3109,8403,11469,11593,18637,347,1,11390,1539,5661,1.0,23:18,2015,2016
2015-16,202083,Wesley Matthews,Wesley,1610612742,DAL,Dallas Mavericks,21500260,2015-11-30T00:00:00,DAL @ SAC,L,36.0,0.0,2.0,0.0,0.0,11.0,10.0,13.0,32.0,0.0,0.0,4.0,0.0,20.0,1,13074,13074,13074,2748,12059,4731,9917,18861,18886,20509,23048,3535,8004,1,22104,18762,11752,1.0,36:01,2015,2016
2015-16,203460,Andre Roberson,Andre,1610612760,OKC,Oklahoma City Thunder,21500256,2015-11-30T00:00:00,OKC @ ATL,L,16.4,0.0,0.0,0.0,2.0,2.0,6.0,4.0,24.0,0.0,1.0,3.0,0.0,12.2,1,13074,13074,13074,18716,12059,10158,9917,12984,2619,13237,8806,8723,8004,17214,17641,18762,17566,1.0,16:26,2015,2016
2015-16,203085,Austin Rivers,Austin,1610612746,LAC,LA Clippers,21500261,2015-11-30T00:00:00,LAC vs. POR,W,24.5,0.0,2.0,0.0,2.0,11.0,11.0,6.0,20.0,1.0,0.0,3.0,2.0,12.2,1,1,1,1,12102,12059,4731,9917,12984,18886,21814,13388,11929,2692,1,17641,7786,17566,1.0,24:31,2015,2016
2015-16,203109,Jae Crowder,Jae,1610612738,BOS,Boston Celtics,21500255,2015-11-30T00:00:00,BOS @ MIA,W,31.7,9.0,2.0,2.0,4.0,10.0,11.0,11.0,34.0,0.0,1.0,5.0,2.0,30.5,1,1,1,1,6118,171,4731,4675,8599,17370,21814,21342,2701,8004,17214,24686,7786,5620,1.0,31:44,2015,2016
2015-16,203110,Draymond Green,Draymond,1610612744,GSW,Golden State Warriors,21500259,2015-11-30T00:00:00,GSW @ UTA,W,38.3,2.0,6.0,0.0,16.0,9.0,14.0,2.0,32.0,0.0,1.0,2.0,5.0,41.4,1,1,1,1,1366,6026,481,9917,275,15771,24300,4025,3535,8004,17214,11390,1539,2060,1.0,38:19,2015,2016
2015-16,201977,Marcus Thornton,Marcus,1610612745,HOU,Houston Rockets,21500254,2015-11-30T00:00:00,HOU @ DET,L,21.7,0.0,2.0,0.0,0.0,4.0,15.0,2.0,28.0,0.0,0.0,2.0,2.0,30.7,1,13074,13074,13074,14406,12059,4731,9917,18861,6141,24781,4025,5824,8004,1,11390,7786,5539,1.0,21:44,2015,2016
2015-16,201601,Luc Mbah a Moute,Luc,1610612746,LAC,LA Clippers,21500261,2015-11-30T00:00:00,LAC vs. POR,W,24.3,0.0,2.0,0.0,4.0,12.0,2.0,5.0,10.0,0.0,0.0,0.0,0.0,11.5,1,1,1,1,12282,12059,4731,9917,8599,20178,3734,11593,20209,8004,1,1,18762,18079,1.0,24:19,2015,2016
2015-16,200794,Paul Millsap,Paul,1610612737,ATL,Atlanta Hawks,21500256,2015-11-30T00:00:00,ATL vs. OKC,W,35.2,5.0,2.0,4.0,12.0,10.0,6.0,18.0,32.0,4.0,3.0,2.0,7.0,58.7,1,1,1,1,3413,1603,4731,1913,988,17370,13237,25228,3535,132,25441,11390,469,246,1.0,35:10,2015,2016
2015-16,2548,Dwyane Wade,Dwyane,1610612748,MIA,Miami Heat,21500255,2015-11-30T00:00:00,MIA vs. BOS,L,31.5,4.0,6.0,6.0,22.0,13.0,12.0,6.0,26.0,0.0,1.0,3.0,4.0,49.8,1,13074,13074,13074,6282,2460,481,740,25,21300,22832,13388,7214,8004,17214,17641,2748,775,1.0,31:32,2015,2016
2015-16,203083,Andre Drummond,Andre,1610612765,DET,Detroit Pistons,21500254,2015-11-30T00:00:00,DET vs. HOU,W,27.2,8.0,10.0,0.0,20.0,11.0,7.0,12.0,22.0,3.0,2.0,3.0,11.0,59.6,1,1,1,1,9820,308,34,9917,59,18886,15642,22259,10265,347,23588,17641,44,225,1.0,27:15,2015,2016
2015-16,203096,Jared Sullinger,Jared,1610612738,BOS,Boston Celtics,21500255,2015-11-30T00:00:00,BOS @ MIA,W,33.8,0.0,9.0,0.0,8.0,10.0,15.0,9.0,38.0,0.0,0.0,3.0,6.0,29.7,1,1,1,1,4518,12059,77,9917,3109,17370,24781,18829,1422,8004,1,17641,873,6006,1.0,33:47,2015,2016
2015-16,201142,Kevin Durant,Kevin,1610612760,OKC,Oklahoma City Thunder,21500256,2015-11-30T00:00:00,OKC @ ATL,L,39.7,4.0,0.0,4.0,12.0,12.0,16.0,8.0,42.0,4.0,0.0,0.0,5.0,54.2,1,13074,13074,13074,832,2460,10158,1913,988,20178,25155,17194,670,132,1,1,1539,432,1.0,39:39,2015,2016
2015-16,2738,Andre Iguodala,Andre,1610612744,GSW,Golden State Warriors,21500259,2015-11-30T00:00:00,GSW @ UTA,W,26.5,0.0,0.0,0.0,0.0,7.0,10.0,6.0,32.0,1.0,0.0,2.0,2.0,7.4,1,1,1,1,10448,12059,10158,9917,18861,12242,20509,13388,3535,2692,1,11390,7786,20912,1.0,26:31,2015,2016
2015-16,202328,Greg Monroe,Greg,1610612749,MIL,Milwaukee Bucks,21500258,2015-11-30T00:00:00,MIL vs. DEN,W,25.0,4.0,4.0,2.0,16.0,4.0,9.0,6.0,24.0,2.0,2.0,1.0,1.0,36.0,1,1,1,1,11698,2460,1596,4675,275,6141,19144,13388,8723,932,23588,4972,12373,3463,1.0,24:58,2015,2016
2015-16,200752,Rudy Gay,Rudy,1610612758,SAC,Sacramento Kings,21500260,2015-11-30T00:00:00,SAC vs. DAL,W,34.9,4.0,2.0,2.0,8.0,8.0,6.0,8.0,16.0,0.0,0.0,1.0,3.0,28.9,1,1,1,1,3578,2460,4731,4675,3109,13914,13237,17194,15259,8004,1,4972,4736,6414,1.0,34:57,2015,2016
2015-16,202326,DeMarcus Cousins,DeMarcus,1610612758,SAC,Sacramento Kings,21500260,2015-11-30T00:00:00,SAC vs. DAL,W,37.9,0.0,2.0,0.0,18.0,9.0,6.0,6.0,12.0,1.0,2.0,2.0,9.0,51.8,1,1,1,1,1558,12059,4731,9917,131,15771,13237,13388,18637,2692,23588,11390,138,586,1.0,37:53,2015,2016
2015-16,2585,Zaza Pachulia,Zaza,1610612742,DAL,Dallas Mavericks,21500260,2015-11-30T00:00:00,DAL @ SAC,L,28.5,0.0,2.0,4.0,4.0,13.0,8.0,9.0,22.0,0.0,0.0,3.0,4.0,24.5,1,13074,13074,13074,8804,12059,4731,1913,8599,21300,17345,18829,10265,8004,1,17641,2748,8801,1.0,28:31,2015,2016
2015-16,200765,Rajon Rondo,Rajon,1610612758,SAC,Sacramento Kings,21500260,2015-11-30T00:00:00,SAC vs. DAL,W,29.8,7.0,3.0,2.0,4.0,10.0,7.0,7.0,14.0,0.0,1.0,0.0,7.0,30.1,1,1,1,1,7761,548,3104,4675,8599,17370,15642,15538,17019,8004,17214,1,469,5794,1.0,29:45,2015,2016
2015-16,201143,Al Horford,Al,1610612737,ATL,Atlanta Hawks,21500256,2015-11-30T00:00:00,ATL vs. OKC,W,34.8,0.0,5.0,0.0,6.0,7.0,3.0,19.0,26.0,2.0,3.0,2.0,2.0,47.1,1,1,1,1,3703,12059,995,9917,5299,12242,7138,25435,7214,932,25441,11390,7786,1066,1.0,34:47,2015,2016
2015-16,201566,Russell Westbrook,Russell,1610612760,OKC,Oklahoma City Thunder,21500256,2015-11-30T00:00:00,OKC @ ATL,L,36.0,4.0,2.0,15.0,12.0,9.0,14.0,8.0,40.0,0.0,1.0,3.0,7.0,57.7,1,13074,13074,13074,2796,2460,4731,9,988,15771,24300,17194,983,8004,17214,17641,469,281,1.0,35:57,2015,2016
2015-16,201952,Jeff Teague,Jeff,1610612737,ATL,Atlanta Hawks,21500256,2015-11-30T00:00:00,ATL vs. OKC,W,31.0,7.0,3.0,4.0,16.0,10.0,2.0,16.0,24.0,0.0,0.0,4.0,1.0,30.1,1,1,1,1,6690,548,3104,1913,275,17370,3734,24641,8723,8004,1,22104,12373,5794,1.0,31:02,2015,2016
2015-16,200757,Thabo Sefolosha,Thabo,1610612737,ATL,Atlanta Hawks,21500256,2015-11-30T00:00:00,ATL vs. OKC,W,38.5,0.0,0.0,0.0,0.0,11.0,6.0,17.0,34.0,0.0,1.0,3.0,0.0,29.6,1,1,1,1,1249,12059,10158,9917,18861,18886,13237,24967,2701,8004,17214,17641,18762,6050,1.0,38:32,2015,2016
2015-16,201954,Darren Collison,Darren,1610612758,SAC,Sacramento Kings,21500260,2015-11-30T00:00:00,SAC vs. DAL,W,27.9,2.0,0.0,6.0,2.0,7.0,3.0,7.0,18.0,0.0,0.0,3.0,4.0,24.5,1,1,1,1,9320,6026,10158,740,12984,12242,7138,15538,13577,8004,1,17641,2748,8801,1.0,27:53,2015,2016
2015-16,201599,DeAndre Jordan,DeAndre,1610612746,LAC,LA Clippers,21500261,2015-11-30T00:00:00,LAC vs. POR,W,33.0,3.0,4.0,0.0,6.0,12.0,4.0,5.0,20.0,2.0,0.0,4.0,19.0,57.3,1,1,1,1,5104,4307,1596,9917,5299,20178,8458,11593,11929,932,1,22104,2,301,1.0,33:01,2015,2016
2015-16,101109,Raymond Felton,Raymond,1610612742,DAL,Dallas Mavericks,21500260,2015-11-30T00:00:00,DAL @ SAC,L,25.8,2.0,0.0,0.0,2.0,14.0,7.0,10.0,24.0,0.0,1.0,4.0,1.0,29.5,1,13074,13074,13074,10990,6026,10158,9917,12984,22292,15642,20169,8723,8004,17214,22104,12373,6103,1.0,25:50,2015,2016
2015-16,201580,JaVale McGee,JaVale,1610612742,DAL,Dallas Mavericks,21500260,2015-11-30T00:00:00,DAL @ SAC,L,9.7,0.0,0.0,0.0,4.0,4.0,3.0,4.0,6.0,0.0,0.0,3.0,0.0,7.4,1,13074,13074,13074,22563,12059,10158,9917,8599,6141,7138,8806,22724,8004,1,17641,18762,20912,1.0,9:41,2015,2016
2015-16,202334,Ed Davis,Ed,1610612757,POR,Portland Trail Blazers,21500261,2015-11-30T00:00:00,POR @ LAC,L,24.4,0.0,8.0,2.0,10.0,5.0,9.0,7.0,20.0,1.0,0.0,5.0,3.0,29.5,1,13074,13074,13074,12177,12059,137,4675,1840,8403,19144,15538,11929,2692,1,24686,4736,6103,1.0,24:26,2015,2016
2015-16,201939,Stephen Curry,Stephen,1610612744,GSW,Golden State Warriors,21500259,2015-11-30T00:00:00,GSW @ UTA,W,37.3,2.0,2.0,3.0,6.0,9.0,14.0,2.0,32.0,0.0,0.0,2.0,3.0,44.7,1,1,1,1,1910,6026,4731,3302,5299,15771,24300,4025,3535,8004,1,11390,4736,1419,1.0,37:16,2015,2016
2015-16,101108,Chris Paul,Chris,1610612746,LAC,LA Clippers,21500261,2015-11-30T00:00:00,LAC vs. POR,W,24.1,4.0,0.0,2.0,2.0,12.0,2.0,5.0,14.0,0.0,0.0,1.0,2.0,24.6,1,1,1,1,12470,2460,10158,4675,12984,20178,3734,11593,17019,8004,1,4972,7786,8724,1.0,24:05,2015,2016
2015-16,2547,Chris Bosh,Chris,1610612748,MIA,Miami Heat,21500255,2015-11-30T00:00:00,MIA vs. BOS,L,39.3,3.0,7.0,0.0,12.0,16.0,10.0,8.0,36.0,1.0,1.0,2.0,7.0,44.5,1,13074,13074,13074,935,4307,292,9917,988,23774,20509,17194,1943,2692,17214,11390,469,1459,1.0,39:20,2015,2016
2015-16,202324,Derrick Favors,Derrick,1610612762,UTA,Utah Jazz,21500259,2015-11-30T00:00:00,UTA vs. GSW,L,34.1,4.0,6.0,0.0,10.0,7.0,13.0,3.0,30.0,0.0,1.0,3.0,3.0,44.0,1,13074,13074,13074,4239,2460,481,9917,1840,12242,23668,7328,4541,8004,17214,17641,4736,1559,1.0,34:08,2015,2016
2015-16,202704,Reggie Jackson,Reggie,1610612765,DET,Detroit Pistons,21500254,2015-11-30T00:00:00,DET vs. HOU,W,36.6,5.0,1.0,6.0,12.0,14.0,11.0,11.0,34.0,0.0,3.0,3.0,7.0,53.0,1,1,1,1,2316,1603,9709,740,988,22292,21814,21342,2701,8004,25441,17641,469,521,1.0,36:38,2015,2016
2015-16,201565,Derrick Rose,Derrick,1610612741,CHI,Chicago Bulls,21500257,2015-11-30T00:00:00,CHI vs. SAS,W,34.1,3.0,0.0,2.0,4.0,8.0,8.0,4.0,34.0,1.0,2.0,1.0,3.0,29.8,1,1,1,1,4239,4307,10158,4675,8599,13914,17345,8806,2701,2692,23588,4972,4736,5948,1.0,34:08,2015,2016
2015-16,202330,Gordon Hayward,Gordon,1610612762,UTA,Utah Jazz,21500259,2015-11-30T00:00:00,UTA vs. GSW,L,37.8,2.0,5.0,2.0,8.0,10.0,20.0,3.0,26.0,0.0,2.0,1.0,5.0,36.2,1,13074,13074,13074,1581,6026,995,4675,3109,17370,25875,7328,7214,8004,23588,4972,1539,3407,1.0,37:50,2015,2016
2015-16,201568,Danilo Gallinari,Danilo,1610612743,DEN,Denver Nuggets,21500258,2015-11-30T00:00:00,DEN @ MIL,L,34.4,0.0,5.0,2.0,2.0,27.0,2.0,16.0,44.0,1.0,1.0,2.0,4.0,24.3,1,13074,13074,13074,4009,12059,995,4675,12984,26014,3734,24641,454,2692,17214,11390,2748,8939,1.0,34:25,2015,2016
2015-16,203497,Rudy Gobert,Rudy,1610612762,UTA,Utah Jazz,21500259,2015-11-30T00:00:00,UTA vs. GSW,L,37.3,1.0,2.0,0.0,8.0,12.0,18.0,5.0,26.0,1.0,0.0,2.0,5.0,36.7,1,13074,13074,13074,1872,11535,4731,9917,3109,20178,25634,11593,7214,2692,1,11390,1539,3269,1.0,37:20,2015,2016
2015-16,201933,Blake Griffin,Blake,1610612746,LAC,LA Clippers,21500261,2015-11-30T00:00:00,LAC vs. POR,W,32.0,6.0,9.0,4.0,10.0,12.0,4.0,7.0,22.0,1.0,0.0,4.0,8.0,45.6,1,1,1,1,5883,878,77,1913,1840,20178,8458,15538,10265,2692,1,22104,254,1263,1.0,32:00,2015,2016
2015-16,203487,Michael Carter-Williams,Michael,1610612749,MIL,Milwaukee Bucks,21500258,2015-11-30T00:00:00,MIL vs. DEN,W,30.2,2.0,0.0,4.0,8.0,5.0,7.0,5.0,14.0,3.0,0.0,4.0,4.0,48.7,1,1,1,1,7383,6026,10158,1913,3109,8403,15642,11593,17019,347,1,22104,2748,890,1.0,30:10,2015,2016
2015-16,201935,James Harden,James,1610612745,HOU,Houston Rockets,21500254,2015-11-30T00:00:00,HOU @ DET,L,42.4,7.0,0.0,4.0,8.0,21.0,23.0,11.0,42.0,0.0,0.0,4.0,9.0,51.3,1,13074,13074,13074,269,548,10158,1913,3109,25535,26017,21342,670,8004,1,22104,138,631,1.0,42:22,2015,2016
2015-16,2200,Pau Gasol,Pau,1610612741,CHI,Chicago Bulls,21500257,2015-11-30T00:00:00,CHI vs. SAS,W,29.6,2.0,4.0,0.0,8.0,8.0,6.0,4.0,34.0,3.0,1.0,2.0,4.0,50.6,1,1,1,1,7880,6026,1596,9917,3109,13914,13237,8806,2701,347,17214,11390,2748,691,1.0,29:36,2015,2016
2015-16,200746,LaMarcus Aldridge,LaMarcus,1610612759,SAS,San Antonio Spurs,21500257,2015-11-30T00:00:00,SAS @ CHI,L,32.9,2.0,4.0,0.0,6.0,13.0,10.0,6.0,26.0,1.0,2.0,1.0,4.0,36.4,1,13074,13074,13074,5207,6026,1596,9917,5299,21300,20509,13388,7214,2692,23588,4972,2748,3353,1.0,32:54,2015,2016
2015-16,201956,Omri Casspi,Omri,1610612758,SAC,Sacramento Kings,21500260,2015-11-30T00:00:00,SAC vs. DAL,W,32.7,0.0,0.0,3.0,4.0,12.0,3.0,9.0,22.0,0.0,0.0,4.0,1.0,22.5,1,1,1,1,5311,12059,10158,3302,8599,20178,7138,18829,10265,8004,1,22104,12373,10082,1.0,32:45,2015,2016
2015-16,203145,Kent Bazemore,Kent,1610612737,ATL,Atlanta Hawks,21500256,2015-11-30T00:00:00,ATL vs. OKC,W,22.3,0.0,2.0,0.0,4.0,5.0,9.0,15.0,22.0,2.0,0.0,1.0,2.0,16.9,1,1,1,1,13952,12059,4731,9917,8599,8403,19144,24242,10265,932,1,4972,7786,13911,1.0,22:15,2015,2016
2015-16,202323,Evan Turner,Evan,1610612738,BOS,Boston Celtics,21500255,2015-11-30T00:00:00,BOS @ MIA,W,32.1,2.0,4.0,2.0,8.0,10.0,8.0,2.0,32.0,0.0,2.0,1.0,2.0,32.7,1,1,1,1,5844,6026,1596,4675,3109,17370,17345,4025,3535,8004,23588,4972,7786,4649,1.0,32:03,2015,2016
2015-16,2225,Tony Parker,Tony,1610612759,SAS,San Antonio Spurs,21500257,2015-11-30T00:00:00,SAS @ CHI,L,31.3,2.0,0.0,0.0,8.0,11.0,10.0,6.0,24.0,0.0,1.0,1.0,2.0,27.7,1,13074,13074,13074,6457,6026,10158,9917,3109,18886,20509,13388,8723,8004,17214,4972,7786,7008,1.0,31:19,2015,2016
2015-16,203991,Clint Capela,Clint,1610612745,HOU,Houston Rockets,21500254,2015-11-30T00:00:00,HOU @ DET,L,22.3,0.0,6.0,2.0,10.0,11.0,14.0,3.0,30.0,0.0,0.0,3.0,1.0,28.5,1,13074,13074,13074,13928,12059,481,4675,1840,18886,24300,7328,4541,8004,1,17641,12373,6613,1.0,22:17,2015,2016
2015-16,2746,Josh Smith,Josh,1610612746,LAC,LA Clippers,21500261,2015-11-30T00:00:00,LAC vs. POR,W,13.6,0.0,0.0,2.0,2.0,6.0,9.0,6.0,14.0,1.0,1.0,3.0,1.0,17.6,1,1,1,1,20671,12059,10158,4675,12984,10028,19144,13388,17019,2692,17214,17641,12373,13443,1.0,13:33,2015,2016
2015-16,1717,Dirk Nowitzki,Dirk,1610612742,DAL,Dallas Mavericks,21500260,2015-11-30T00:00:00,DAL @ SAC,L,28.8,0.0,2.0,0.0,0.0,7.0,11.0,8.0,10.0,2.0,0.0,3.0,4.0,27.4,1,13074,13074,13074,8582,12059,4731,9917,18861,12242,21814,17194,20209,932,1,17641,2748,7179,1.0,28:46,2015,2016
2015-16,101123,Gerald Green,Gerald,1610612748,MIA,Miami Heat,21500255,2015-11-30T00:00:00,MIA vs. BOS,L,35.8,5.0,0.0,0.0,2.0,14.0,12.0,8.0,28.0,1.0,0.0,2.0,1.0,17.1,1,13074,13074,13074,2878,1603,10158,9917,12984,22292,22832,17194,5824,2692,1,11390,12373,13791,1.0,35:49,2015,2016
2015-16,201627,Anthony Morrow,Anthony,1610612760,OKC,Oklahoma City Thunder,21500256,2015-11-30T00:00:00,OKC @ ATL,L,22.7,0.0,3.0,3.0,0.0,4.0,8.0,7.0,14.0,0.0,2.0,1.0,0.0,13.6,1,13074,13074,13074,13630,12059,3104,3302,18861,6141,17345,15538,17019,8004,23588,4972,18762,16460,1.0,22:40,2015,2016
2015-16,201586,Serge Ibaka,Serge,1610612760,OKC,Oklahoma City Thunder,21500256,2015-11-30T00:00:00,OKC @ ATL,L,35.0,2.0,0.0,0.0,6.0,7.0,14.0,6.0,36.0,4.0,1.0,2.0,1.0,39.5,1,13074,13074,13074,3509,6026,10158,9917,5299,12242,24300,13388,1943,132,17214,11390,12373,2497,1.0,35:02,2015,2016
2015-16,203486,Mason Plumlee,Mason,1610612757,POR,Portland Trail Blazers,21500261,2015-11-30T00:00:00,POR @ LAC,L,24.2,2.0,3.0,0.0,6.0,18.0,17.0,4.0,12.0,0.0,1.0,4.0,4.0,28.1,1,13074,13074,13074,12370,6026,3104,9917,5299,24749,25429,8806,18637,8004,17214,22104,2748,6818,1.0,24:13,2015,2016
2015-16,2749,Jameer Nelson,Jameer,1610612743,DEN,Denver Nuggets,21500258,2015-11-30T00:00:00,DEN @ MIL,L,24.7,0.0,0.0,0.0,4.0,9.0,6.0,4.0,24.0,0.0,0.0,5.0,2.0,17.2,1,13074,13074,13074,11898,12059,10158,9917,8599,15771,13237,8806,8723,8004,1,24686,7786,13725,1.0,24:44,2015,2016
2015-16,203484,Kentavious Caldwell-Pope,Kentavious,1610612765,DET,Detroit Pistons,21500254,2015-11-30T00:00:00,DET vs. HOU,W,43.8,0.0,2.0,0.0,0.0,16.0,15.0,13.0,44.0,0.0,1.0,2.0,0.0,17.3,1,1,1,1,147,12059,4731,9917,18861,23774,24781,23048,454,8004,17214,11390,18762,13671,1.0,43:47,2015,2016
2015-16,101114,Deron Williams,Deron,1610612742,DAL,Dallas Mavericks,21500260,2015-11-30T00:00:00,DAL @ SAC,L,34.7,5.0,0.0,0.0,0.0,11.0,10.0,9.0,28.0,0.0,0.0,1.0,0.0,27.9,1,13074,13074,13074,3808,1603,10158,9917,18861,18886,20509,18829,5824,8004,1,4972,18762,6914,1.0,34:40,2015,2016
2015-16,201976,Patrick Beverley,Patrick,1610612745,HOU,Houston Rockets,21500254,2015-11-30T00:00:00,HOU @ DET,L,28.2,3.0,0.0,3.0,4.0,15.0,16.0,3.0,28.0,2.0,3.0,6.0,0.0,22.5,1,13074,13074,13074,9071,4307,10158,3302,8599,23079,25155,7328,5824,932,25441,25827,18762,10082,1.0,28:13,2015,2016
2015-16,203507,Giannis Antetokounmpo,Giannis,1610612749,MIL,Milwaukee Bucks,21500258,2015-11-30T00:00:00,MIL vs. DEN,W,19.8,5.0,3.0,4.0,6.0,3.0,4.0,1.0,16.0,1.0,1.0,3.0,3.0,17.2,1,1,1,1,16039,1603,3104,1913,5299,5109,8458,3646,15259,2692,17214,17641,4736,13725,1.0,19:51,2015,2016
2015-16,201149,Joakim Noah,Joakim,1610612741,CHI,Chicago Bulls,21500257,2015-11-30T00:00:00,CHI vs. SAS,W,23.1,0.0,2.0,0.0,8.0,0.0,5.0,0.0,12.0,0.0,0.0,5.0,3.0,31.7,1,1,1,1,13284,12059,4731,9917,3109,1,11469,1,18637,8004,1,24686,4736,5088,1.0,23:06,2015,2016
2015-16,202702,Kenneth Faried,Kenneth,1610612743,DEN,Denver Nuggets,21500258,2015-11-30T00:00:00,DEN @ MIL,L,22.7,0.0,0.0,2.0,10.0,24.0,2.0,12.0,26.0,0.0,3.0,2.0,3.0,18.9,1,13074,13074,13074,13631,12059,10158,4675,1840,25890,3734,22259,7214,8004,25441,11390,4736,12513,1.0,22:40,2015,2016
2015-16,202691,Klay Thompson,Klay,1610612744,GSW,Golden State Warriors,21500259,2015-11-30T00:00:00,GSW @ UTA,W,35.8,3.0,2.0,0.0,2.0,9.0,16.0,2.0,36.0,2.0,0.0,1.0,1.0,35.0,1,1,1,1,2892,4307,4731,9917,12984,15771,25155,4025,1943,932,1,4972,12373,3813,1.0,35:48,2015,2016
2015-16,101141,Ersan Ilyasova,Ersan,1610612765,DET,Detroit Pistons,21500254,2015-11-30T00:00:00,DET vs. HOU,W,24.5,4.0,2.0,2.0,2.0,7.0,12.0,5.0,40.0,1.0,0.0,1.0,2.0,19.6,1,1,1,1,12125,2460,4731,4675,12984,12242,22832,11593,983,2692,1,4972,7786,12024,1.0,24:30,2015,2016
2015-16,1495,Tim Duncan,Tim,1610612759,SAS,San Antonio Spurs,21500257,2015-11-30T00:00:00,SAS @ CHI,L,30.2,2.0,0.0,0.0,6.0,11.0,10.0,4.0,24.0,1.0,1.0,3.0,0.0,25.9,1,13074,13074,13074,7383,6026,10158,9917,5299,18886,20509,8806,8723,2692,17214,17641,18762,7960,1.0,30:10,2015,2016
2015-16,202718,Chandler Parsons,Chandler,1610612742,DAL,Dallas Mavericks,21500260,2015-11-30T00:00:00,DAL @ SAC,L,24.1,5.0,1.0,5.0,4.0,9.0,9.0,4.0,6.0,0.0,0.0,4.0,4.0,14.5,1,13074,13074,13074,12452,1603,9709,1277,8599,15771,19144,8806,22724,8004,1,22104,2748,15799,1.0,24:07,2015,2016
2015-16,101106,Andrew Bogut,Andrew,1610612744,GSW,Golden State Warriors,21500259,2015-11-30T00:00:00,GSW @ UTA,W,21.8,0.0,4.0,0.0,4.0,10.0,12.0,2.0,18.0,1.0,0.0,6.0,1.0,14.3,1,1,1,1,14302,12059,1596,9917,8599,17370,22832,4025,13577,2692,1,25827,12373,15948,1.0,21:50,2015,2016
2015-16,203953,Jabari Parker,Jabari,1610612749,MIL,Milwaukee Bucks,21500258,2015-11-30T00:00:00,MIL vs. DEN,W,25.8,6.0,0.0,6.0,10.0,7.0,4.0,7.0,14.0,2.0,0.0,1.0,2.0,34.3,1,1,1,1,10993,878,10158,740,1840,12242,8458,15538,17019,932,1,4972,7786,4063,1.0,25:49,2015,2016
2015-16,200751,Randy Foye,Randy,1610612743,DEN,Denver Nuggets,21500258,2015-11-30T00:00:00,DEN @ MIL,L,24.1,2.0,0.0,2.0,0.0,25.0,0.0,18.0,28.0,1.0,1.0,1.0,2.0,14.9,1,13074,13074,13074,12442,6026,10158,4675,18861,25944,1,25228,5824,2692,17214,4972,7786,15463,1.0,24:07,2015,2016
2015-16,2561,David West,David,1610612759,SAS,San Antonio Spurs,21500257,2015-11-30T00:00:00,SAS @ CHI,L,15.4,0.0,0.0,0.0,0.0,2.0,5.0,6.0,18.0,1.0,0.0,3.0,1.0,10.1,1,13074,13074,13074,19467,12059,10158,9917,18861,2619,11469,13388,13577,2692,1,17641,12373,19105,1.0,15:25,2015,2016
2015-16,203482,Kelly Olynyk,Kelly,1610612738,BOS,Boston Celtics,21500255,2015-11-30T00:00:00,BOS @ MIA,W,9.5,2.0,2.0,2.0,2.0,5.0,2.0,0.0,12.0,0.0,0.0,1.0,1.0,10.4,1,1,1,1,22621,6026,4731,4675,12984,8403,3734,1,18637,8004,1,4972,12373,18859,1.0,9:31,2015,2016
2015-16,201980,Danny Green,Danny,1610612759,SAS,San Antonio Spurs,21500257,2015-11-30T00:00:00,SAS @ CHI,L,33.2,0.0,0.0,0.0,4.0,9.0,11.0,6.0,32.0,1.0,0.0,2.0,2.0,23.3,1,13074,13074,13074,4985,12059,10158,9917,8599,15771,21814,13388,3535,2692,1,11390,7786,9567,1.0,33:10,2015,2016
2015-16,203999,Nikola Jokić,Nikola,1610612743,DEN,Denver Nuggets,21500258,2015-11-30T00:00:00,DEN @ MIL,L,25.4,2.0,2.0,0.0,6.0,23.0,0.0,14.0,36.0,2.0,0.0,1.0,1.0,23.2,1,13074,13074,13074,11397,6026,4731,9917,5299,25803,1,23710,1943,932,1,4972,12373,9630,1.0,25:22,2015,2016
2015-16,1938,Manu Ginobili,Manu,1610612759,SAS,San Antonio Spurs,21500257,2015-11-30T00:00:00,SAS @ CHI,L,17.7,0.0,0.0,0.0,2.0,4.0,7.0,4.0,18.0,0.0,0.0,1.0,2.0,10.2,1,13074,13074,13074,17755,12059,10158,9917,12984,6141,15642,8806,13577,8004,1,4972,7786,19003,1.0,17:42,2015,2016
2015-16,203079,Dion Waiters,Dion,1610612760,OKC,Oklahoma City Thunder,21500256,2015-11-30T00:00:00,OKC @ ATL,L,31.3,1.0,0.0,1.0,0.0,14.0,13.0,7.0,28.0,0.0,1.0,4.0,1.0,18.7,1,13074,13074,13074,6484,11535,10158,9347,18861,22292,23668,15538,5824,8004,17214,22104,12373,12648,1.0,31:18,2015,2016
2015-16,202738,Isaiah Thomas,Isaiah,1610612738,BOS,Boston Celtics,21500255,2015-11-30T00:00:00,BOS @ MIA,W,32.0,5.0,0.0,2.0,6.0,12.0,13.0,9.0,40.0,0.0,0.0,1.0,4.0,33.7,1,1,1,1,5867,1603,10158,4675,5299,20178,23668,18829,983,8004,1,4972,2748,4280,1.0,32:01,2015,2016
2015-16,201564,O.J. Mayo,O.J.,1610612749,MIL,Milwaukee Bucks,21500258,2015-11-30T00:00:00,MIL vs. DEN,W,31.0,3.0,0.0,0.0,2.0,8.0,11.0,8.0,24.0,0.0,1.0,4.0,1.0,19.3,1,1,1,1,6760,4307,10158,9917,12984,13914,21814,17194,8723,8004,17214,22104,12373,12228,1.0,30:57,2015,2016
2015-16,202703,Nikola Mirotic,Nikola,1610612741,CHI,Chicago Bulls,21500257,2015-11-30T00:00:00,CHI vs. SAS,W,24.1,0.0,0.0,0.0,2.0,8.0,6.0,4.0,30.0,0.0,0.0,3.0,0.0,15.0,1,1,1,1,12467,12059,10158,9917,12984,13914,13237,8806,4541,8004,1,17641,18762,15404,1.0,24:06,2015,2016
2015-16,203503,Tony Snell,Tony,1610612741,CHI,Chicago Bulls,21500257,2015-11-30T00:00:00,CHI vs. SAS,W,23.2,0.0,3.0,0.0,2.0,4.0,9.0,4.0,24.0,0.0,0.0,1.0,0.0,19.7,1,1,1,1,13178,12059,3104,9917,12984,6141,19144,8806,8723,8004,1,4972,18762,11962,1.0,23:13,2015,2016
2015-16,101161,Amir Johnson,Amir,1610612738,BOS,Boston Celtics,21500255,2015-11-30T00:00:00,BOS @ MIA,W,33.1,4.0,1.0,0.0,6.0,8.0,15.0,9.0,36.0,2.0,1.0,4.0,1.0,34.0,1,1,1,1,5054,2460,9709,9917,5299,13914,24781,18829,1943,932,17214,22104,12373,4162,1.0,33:06,2015,2016
2015-16,202694,Marcus Morris Sr.,Marcus,1610612765,DET,Detroit Pistons,21500254,2015-11-30T00:00:00,DET vs. HOU,W,34.0,0.0,3.0,3.0,6.0,15.0,15.0,14.0,30.0,0.0,0.0,1.0,2.0,22.8,1,1,1,1,4385,12059,3104,3302,5299,23079,24781,23710,4541,8004,1,4972,7786,9883,1.0,33:57,2015,2016
2015-16,201573,Jerryd Bayless,Jerryd,1610612749,MIL,Milwaukee Bucks,21500258,2015-11-30T00:00:00,MIL vs. DEN,W,32.5,5.0,0.0,2.0,0.0,7.0,4.0,7.0,26.0,0.0,0.0,2.0,2.0,14.2,1,1,1,1,5503,1603,10158,4675,18861,12242,8458,15538,7214,8004,1,11390,7786,16003,1.0,32:30,2015,2016
2015-16,2730,Dwight Howard,Dwight,1610612745,HOU,Houston Rockets,21500254,2015-11-30T00:00:00,HOU @ DET,L,31.2,2.0,4.0,0.0,8.0,17.0,14.0,6.0,30.0,4.0,1.0,5.0,2.0,35.0,1,13074,13074,13074,6562,6026,1596,9917,3109,24337,24300,13388,4541,132,17214,24686,7786,3813,1.0,31:12,2015,2016
2015-16,202329,Al-Farouq Aminu,Al-Farouq,1610612757,POR,Portland Trail Blazers,21500261,2015-11-30T00:00:00,POR @ LAC,L,33.6,2.0,0.0,0.0,4.0,18.0,19.0,9.0,22.0,0.0,0.0,4.0,2.0,16.4,1,13074,13074,13074,4682,6026,10158,9917,8599,24749,25786,18829,10265,8004,1,22104,7786,14289,1.0,33:35,2015,2016
2015-16,202362,Lance Stephenson,Lance,1610612746,LAC,LA Clippers,21500261,2015-11-30T00:00:00,LAC vs. POR,W,17.4,0.0,0.0,0.0,0.0,8.0,11.0,6.0,16.0,0.0,0.0,0.0,0.0,16.5,1,1,1,1,17986,12059,10158,9917,18861,13914,21814,13388,15259,8004,1,1,18762,14224,1.0,17:22,2015,2016
2015-16,203918,Rodney Hood,Rodney,1610612762,UTA,Utah Jazz,21500259,2015-11-30T00:00:00,UTA vs. GSW,L,34.3,3.0,0.0,0.0,4.0,7.0,13.0,3.0,24.0,0.0,0.0,2.0,2.0,18.5,1,13074,13074,13074,4069,4307,10158,9917,8599,12242,23668,7328,8723,8004,1,11390,7786,12794,1.0,34:20,2015,2016
2015-16,1626159,Justise Winslow,Justise,1610612748,MIA,Miami Heat,21500255,2015-11-30T00:00:00,MIA vs. BOS,L,29.5,1.0,0.0,0.0,2.0,17.0,13.0,8.0,26.0,0.0,0.0,2.0,2.0,13.2,1,13074,13074,13074,8002,11535,10158,9917,12984,24337,23668,17194,7214,8004,1,11390,7786,16768,1.0,29:28,2015,2016
2015-16,203382,Aron Baynes,Aron,1610612765,DET,Detroit Pistons,21500254,2015-11-30T00:00:00,DET vs. HOU,W,20.5,4.0,6.0,0.0,10.0,8.0,10.0,4.0,24.0,1.0,0.0,3.0,1.0,20.8,1,1,1,1,15449,2460,481,9917,1840,13914,20509,8806,8723,2692,1,17641,12373,11195,1.0,20:32,2015,2016
2015-16,201578,Marreese Speights,Marreese,1610612744,GSW,Golden State Warriors,21500259,2015-11-30T00:00:00,GSW @ UTA,W,4.4,0.0,0.0,0.0,0.0,5.0,2.0,2.0,4.0,0.0,0.0,0.0,0.0,2.2,1,1,1,1,24596,12059,10158,9917,18861,8403,3734,4025,23698,8004,1,1,18762,24138,1.0,4:21,2015,2016
2015-16,201609,Goran Dragic,Goran,1610612748,MIA,Miami Heat,21500255,2015-11-30T00:00:00,MIA vs. BOS,L,34.4,0.0,0.0,3.0,8.0,15.0,15.0,8.0,30.0,0.0,1.0,2.0,2.0,18.3,1,13074,13074,13074,4007,12059,10158,3302,3109,23079,24781,17194,4541,8004,17214,11390,7786,12952,1.0,34:26,2015,2016
2015-16,203115,Will Barton,Will,1610612743,DEN,Denver Nuggets,21500258,2015-11-30T00:00:00,DEN @ MIL,L,29.5,0.0,3.0,0.0,2.0,16.0,7.0,4.0,32.0,0.0,0.0,2.0,0.0,16.7,1,13074,13074,13074,7944,12059,3104,9917,12984,23774,15642,8806,3535,8004,1,11390,18762,14064,1.0,29:32,2015,2016
2015-16,202344,Trevor Booker,Trevor,1610612762,UTA,Utah Jazz,21500259,2015-11-30T00:00:00,UTA vs. GSW,L,18.8,4.0,2.0,2.0,6.0,5.0,9.0,2.0,16.0,1.0,0.0,2.0,1.0,18.6,1,13074,13074,13074,16860,2460,4731,4675,5299,8403,19144,4025,15259,2692,1,11390,12373,12715,1.0,18:49,2015,2016
2015-16,204020,Tyler Johnson,Tyler,1610612748,MIA,Miami Heat,21500255,2015-11-30T00:00:00,MIA vs. BOS,L,19.7,2.0,0.0,2.0,4.0,13.0,9.0,6.0,20.0,0.0,0.0,1.0,1.0,16.2,1,13074,13074,13074,16182,6026,10158,4675,8599,21300,19144,13388,11929,8004,1,4972,12373,14436,1.0,19:40,2015,2016
2015-16,202683,Enes Freedom,Enes,1610612760,OKC,Oklahoma City Thunder,21500256,2015-11-30T00:00:00,OKC @ ATL,L,15.7,0.0,4.0,0.0,6.0,10.0,8.0,7.0,14.0,0.0,0.0,0.0,0.0,18.0,1,13074,13074,13074,19241,12059,1596,9917,5299,17370,17345,15538,17019,8004,1,1,18762,13164,1.0,15:44,2015,2016
2015-16,203488,Mike Muscala,Mike,1610612737,ATL,Atlanta Hawks,21500256,2015-11-30T00:00:00,ATL vs. OKC,W,16.7,0.0,4.0,0.0,6.0,5.0,9.0,5.0,14.0,0.0,0.0,2.0,0.0,18.2,1,1,1,1,18497,12059,1596,9917,5299,8403,19144,11593,17019,8004,1,11390,18762,13004,1.0,16:42,2015,2016
2015-16,202692,Alec Burks,Alec,1610612762,UTA,Utah Jazz,21500259,2015-11-30T00:00:00,UTA vs. GSW,L,28.6,0.0,3.0,2.0,6.0,7.0,13.0,5.0,24.0,0.0,1.0,2.0,1.0,21.4,1,13074,13074,13074,8748,12059,3104,4675,5299,12242,23668,11593,8723,8004,17214,11390,12373,10807,1.0,28:35,2015,2016
2015-16,2734,Devin Harris,Devin,1610612742,DAL,Dallas Mavericks,21500260,2015-11-30T00:00:00,DAL @ SAC,L,24.9,2.0,0.0,2.0,4.0,6.0,5.0,11.0,30.0,0.0,0.0,5.0,2.0,18.2,1,13074,13074,13074,11748,6026,10158,4675,8599,10028,11469,21342,4541,8004,1,24686,7786,13004,1.0,24:54,2015,2016
2015-16,201945,Gerald Henderson,Gerald,1610612757,POR,Portland Trail Blazers,21500261,2015-11-30T00:00:00,POR @ LAC,L,15.7,0.0,0.0,0.0,0.0,9.0,4.0,2.0,4.0,0.0,0.0,5.0,2.0,13.1,1,13074,13074,13074,19253,12059,10158,9917,18861,15771,8458,4025,23698,8004,1,24686,7786,16874,1.0,15:43,2015,2016
2015-16,201951,Ty Lawson,Ty,1610612745,HOU,Houston Rockets,21500254,2015-11-30T00:00:00,HOU @ DET,L,18.7,2.0,3.0,0.0,2.0,6.0,11.0,6.0,26.0,0.0,1.0,0.0,1.0,21.1,1,13074,13074,13074,16956,6026,3104,9917,12984,10028,21814,13388,7214,8004,17214,1,12373,11012,1.0,18:42,2015,2016
2015-16,2594,Kyle Korver,Kyle,1610612737,ATL,Atlanta Hawks,21500256,2015-11-30T00:00:00,ATL vs. OKC,W,34.1,0.0,3.0,0.0,0.0,6.0,0.0,16.0,24.0,0.0,0.0,0.0,1.0,18.5,1,1,1,1,4278,12059,3104,9917,18861,10028,1,24641,8723,8004,1,1,12373,12794,1.0,34:06,2015,2016
2015-16,201147,Corey Brewer,Corey,1610612745,HOU,Houston Rockets,21500254,2015-11-30T00:00:00,HOU @ DET,L,15.9,5.0,0.0,7.0,6.0,4.0,14.0,2.0,20.0,0.0,1.0,0.0,2.0,12.6,1,13074,13074,13074,19138,1603,10158,454,5299,6141,24300,4025,11929,8004,17214,1,7786,17277,1.0,15:53,2015,2016
2015-16,203546,Ian Clark,Ian,1610612744,GSW,Golden State Warriors,21500259,2015-11-30T00:00:00,GSW @ UTA,W,6.1,3.0,3.0,0.0,0.0,0.0,0.0,2.0,8.0,1.0,0.0,1.0,0.0,16.2,1,1,1,1,23906,4307,3104,9917,18861,1,1,4025,21543,2692,1,4972,18762,14436,1.0,6:08,2015,2016
2015-16,203114,Khris Middleton,Khris,1610612749,MIL,Milwaukee Bucks,21500258,2015-11-30T00:00:00,MIL vs. DEN,W,30.9,6.0,0.0,0.0,0.0,6.0,9.0,4.0,28.0,0.0,0.0,2.0,1.0,16.7,1,1,1,1,6833,878,10158,9917,18861,10028,19144,8806,5824,8004,1,11390,12373,14064,1.0,30:52,2015,2016
2015-16,101135,David Lee,David,1610612738,BOS,Boston Celtics,21500255,2015-11-30T00:00:00,BOS @ MIA,W,13.8,0.0,0.0,2.0,4.0,9.0,2.0,2.0,18.0,0.0,1.0,3.0,0.0,8.0,1,1,1,1,20543,12059,10158,4675,8599,15771,3734,4025,13577,8004,17214,17641,18762,20564,1.0,13:47,2015,2016
2015-16,201158,Marco Belinelli,Marco,1610612758,SAC,Sacramento Kings,21500260,2015-11-30T00:00:00,SAC vs. DAL,W,15.4,2.0,0.0,0.0,0.0,11.0,1.0,7.0,8.0,0.0,0.0,1.0,0.0,3.0,1,1,1,1,19474,6026,10158,9917,18861,18886,3393,15538,21543,8004,1,4972,18762,23648,1.0,15:24,2015,2016
2015-16,203081,Damian Lillard,Damian,1610612757,POR,Portland Trail Blazers,21500261,2015-11-30T00:00:00,POR @ LAC,L,17.0,2.0,0.0,0.0,0.0,4.0,10.0,5.0,18.0,0.0,1.0,1.0,0.0,8.4,1,13074,13074,13074,18297,6026,10158,9917,18861,6141,20509,11593,13577,8004,17214,4972,18762,20273,1.0,16:58,2015,2016
2015-16,203500,Steven Adams,Steven,1610612760,OKC,Oklahoma City Thunder,21500256,2015-11-30T00:00:00,OKC @ ATL,L,14.1,0.0,0.0,0.0,0.0,0.0,4.0,4.0,18.0,0.0,1.0,1.0,1.0,2.4,1,13074,13074,13074,20363,12059,10158,9917,18861,1,8458,8806,13577,8004,17214,4972,12373,24024,1.0,14:05,2015,2016
2015-16,201571,D.J. Augustin,D.J.,1610612760,OKC,Oklahoma City Thunder,21500256,2015-11-30T00:00:00,OKC @ ATL,L,16.2,0.0,0.0,0.0,0.0,5.0,7.0,7.0,12.0,0.0,0.0,1.0,0.0,2.7,1,13074,13074,13074,18897,12059,10158,9917,18861,8403,15642,15538,18637,8004,1,4972,18762,23884,1.0,16:11,2015,2016
2015-16,202325,Wesley Johnson,Wesley,1610612746,LAC,LA Clippers,21500261,2015-11-30T00:00:00,LAC vs. POR,W,4.7,0.0,0.0,0.0,0.0,4.0,0.0,0.0,4.0,0.0,0.0,1.0,0.0,3.0,1,1,1,1,24471,12059,10158,9917,18861,6141,1,1,23698,8004,1,4972,18762,23648,1.0,4:41,2015,2016
2015-16,203123,Kostas Papanikolaou,Kostas,1610612743,DEN,Denver Nuggets,21500258,2015-11-30T00:00:00,DEN @ MIL,L,9.6,0.0,0.0,0.0,0.0,4.0,6.0,0.0,6.0,0.0,3.0,2.0,1.0,2.9,1,13074,13074,13074,22598,12059,10158,9917,18861,6141,13237,1,22724,8004,25441,11390,12373,23852,1.0,9:35,2015,2016
2015-16,203939,Dwight Powell,Dwight,1610612742,DAL,Dallas Mavericks,21500260,2015-11-30T00:00:00,DAL @ SAC,L,12.2,0.0,0.0,0.0,0.0,6.0,0.0,0.0,10.0,1.0,0.0,2.0,3.0,11.2,1,13074,13074,13074,21423,12059,10158,9917,18861,10028,1,1,20209,2692,1,11390,4736,18267,1.0,12:14,2015,2016
2015-16,203086,Meyers Leonard,Meyers,1610612757,POR,Portland Trail Blazers,21500261,2015-11-30T00:00:00,POR @ LAC,L,18.2,0.0,0.0,2.0,0.0,2.0,7.0,7.0,12.0,0.0,0.0,3.0,2.0,11.2,1,13074,13074,13074,17321,12059,10158,4675,18861,2619,15642,15538,18637,8004,1,17641,7786,18267,1.0,18:14,2015,2016
2015-16,203948,Johnny O'Bryant III,Johnny,1610612749,MIL,Milwaukee Bucks,21500258,2015-11-30T00:00:00,MIL vs. DEN,W,3.6,0.0,0.0,0.0,2.0,0.0,5.0,0.0,4.0,0.0,0.0,0.0,0.0,1.0,1,1,1,1,24895,12059,10158,9917,12984,1,11469,1,23698,8004,1,1,18762,24960,1.0,3:33,2015,2016
2015-16,2772,Trevor Ariza,Trevor,1610612745,HOU,Houston Rockets,21500254,2015-11-30T00:00:00,HOU @ DET,L,35.9,0.0,0.0,0.0,2.0,19.0,18.0,11.0,38.0,1.0,1.0,3.0,0.0,10.8,1,13074,13074,13074,2819,12059,10158,9917,12984,25074,25634,21342,1422,2692,17214,17641,18762,18579,1.0,35:55,2015,2016
2015-16,2581,Steve Blake,Steve,1610612765,DET,Detroit Pistons,21500254,2015-11-30T00:00:00,DET vs. HOU,W,12.2,0.0,0.0,0.0,0.0,5.0,6.0,5.0,12.0,1.0,1.0,0.0,2.0,2.0,1,1,1,1,21455,12059,10158,9917,18861,8403,13237,11593,18637,2692,17214,1,7786,24216,1.0,12:09,2015,2016
2015-16,203463,Ben McLemore,Ben,1610612758,SAC,Sacramento Kings,21500260,2015-11-30T00:00:00,SAC vs. DAL,W,17.6,2.0,0.0,2.0,2.0,0.0,4.0,4.0,8.0,0.0,0.0,0.0,0.0,6.4,1,1,1,1,17855,6026,10158,4675,12984,1,8458,8806,21543,8004,1,1,18762,21589,1.0,17:33,2015,2016
2015-16,2034,Mike Miller,Mike,1610612743,DEN,Denver Nuggets,21500258,2015-11-30T00:00:00,DEN @ MIL,L,1.1,0.0,0.0,0.0,0.0,0.0,1.0,0.0,0.0,0.0,0.0,0.0,0.0,1.5,1,13074,13074,13074,25849,12059,10158,9917,18861,1,3393,1,25429,8004,1,1,18762,24473,1.0,1:06,2015,2016
2015-16,1626161,Willie Cauley-Stein,Willie,1610612758,SAC,Sacramento Kings,21500260,2015-11-30T00:00:00,SAC vs. DAL,W,12.3,0.0,1.0,0.0,0.0,0.0,2.0,2.0,4.0,0.0,0.0,3.0,1.0,6.0,1,1,1,1,21375,12059,9709,9917,18861,1,3734,4025,23698,8004,1,17641,12373,21878,1.0,12:19,2015,2016
2015-16,201229,Anthony Tolliver,Anthony,1610612765,DET,Detroit Pistons,21500254,2015-11-30T00:00:00,DET vs. HOU,W,11.5,0.0,0.0,0.0,0.0,5.0,2.0,5.0,6.0,0.0,0.0,1.0,0.0,5.6,1,1,1,1,21825,12059,10158,9917,18861,8403,3734,11593,22724,8004,1,4972,18762,22133,1.0,11:30,2015,2016
2015-16,2564,Boris Diaw,Boris,1610612759,SAS,San Antonio Spurs,21500257,2015-11-30T00:00:00,SAS @ CHI,L,17.5,0.0,0.0,0.0,2.0,0.0,5.0,4.0,20.0,0.0,1.0,1.0,2.0,11.2,1,13074,13074,13074,17880,12059,10158,9917,12984,1,11469,8806,11929,8004,17214,4972,7786,18267,1.0,17:31,2015,2016
2015-16,204060,Joe Ingles,Joe,1610612762,UTA,Utah Jazz,21500259,2015-11-30T00:00:00,UTA vs. GSW,L,10.8,0.0,0.0,0.0,0.0,2.0,6.0,2.0,14.0,0.0,0.0,1.0,0.0,6.2,1,13074,13074,13074,22108,12059,10158,9917,18861,2619,13237,4025,17019,8004,1,4972,18762,21696,1.0,10:49,2015,2016
2015-16,201988,Patty Mills,Patty,1610612759,SAS,San Antonio Spurs,21500257,2015-11-30T00:00:00,SAS @ CHI,L,16.7,0.0,0.0,0.0,0.0,2.0,5.0,4.0,20.0,0.0,0.0,0.0,1.0,5.5,1,13074,13074,13074,18508,12059,10158,9917,18861,2619,11469,8806,11929,8004,1,1,12373,22196,1.0,16:41,2015,2016
2015-16,2733,Shaun Livingston,Shaun,1610612744,GSW,Golden State Warriors,21500259,2015-11-30T00:00:00,GSW @ UTA,W,19.3,0.0,0.0,2.0,2.0,5.0,4.0,4.0,16.0,0.0,1.0,1.0,2.0,10.6,1,1,1,1,16444,12059,10158,4675,12984,8403,8458,8806,15259,8004,17214,4972,7786,18723,1.0,19:19,2015,2016
2015-16,203504,Trey Burke,Trey,1610612762,UTA,Utah Jazz,21500259,2015-11-30T00:00:00,UTA vs. GSW,L,22.1,0.0,0.0,0.0,4.0,5.0,11.0,2.0,20.0,0.0,1.0,2.0,1.0,11.0,1,13074,13074,13074,14118,12059,10158,9917,8599,8403,21814,4025,11929,8004,17214,11390,12373,18430,1.0,22:04,2015,2016
2015-16,1626168,Trey Lyles,Trey,1610612762,UTA,Utah Jazz,21500259,2015-11-30T00:00:00,UTA vs. GSW,L,1.4,0.0,0.0,0.0,0.0,0.0,0.0,0.0,0.0,0.0,0.0,0.0,0.0,1.2,1,13074,13074,13074,25733,12059,10158,9917,18861,1,1,1,25429,8004,1,1,18762,24661,1.0,1:25,2015,2016
2015-16,203898,Tyler Ennis,Tyler,1610612749,MIL,Milwaukee Bucks,21500258,2015-11-30T00:00:00,MIL vs. DEN,W,3.6,0.0,1.0,0.0,0.0,0.0,5.0,0.0,4.0,0.0,0.0,0.0,1.0,6.1,1,1,1,1,24895,12059,9709,9917,18861,1,11469,1,23698,8004,1,1,12373,21845,1.0,3:33,2015,2016
2015-16,203552,Seth Curry,Seth,1610612758,SAC,Sacramento Kings,21500260,2015-11-30T00:00:00,SAC vs. DAL,W,19.6,0.0,5.0,0.0,0.0,3.0,2.0,0.0,10.0,0.0,0.0,1.0,2.0,10.7,1,1,1,1,16211,12059,995,9917,18861,5109,3734,1,20209,8004,1,4972,7786,18636,1.0,19:37,2015,2016
2015-16,2571,Leandro Barbosa,Leandro,1610612744,GSW,Golden State Warriors,21500259,2015-11-30T00:00:00,GSW @ UTA,W,11.1,0.0,0.0,0.0,2.0,5.0,7.0,4.0,14.0,0.0,0.0,0.0,1.0,6.1,1,1,1,1,22001,12059,10158,9917,12984,8403,15642,8806,17019,8004,1,1,12373,21845,1.0,11:04,2015,2016
2015-16,203471,Dennis Schröder,Dennis,1610612737,ATL,Atlanta Hawks,21500256,2015-11-30T00:00:00,ATL vs. OKC,W,16.5,0.0,0.0,0.0,2.0,1.0,7.0,5.0,10.0,0.0,1.0,1.0,4.0,11.2,1,1,1,1,18652,12059,10158,9917,12984,2356,15642,11593,20209,8004,17214,4972,2748,18267,1.0,16:30,2015,2016
2015-16,1626149,Montrezl Harrell,Montrezl,1610612745,HOU,Houston Rockets,21500254,2015-11-30T00:00:00,HOU @ DET,L,7.8,0.0,0.0,0.0,4.0,2.0,0.0,0.0,0.0,0.0,0.0,3.0,1.0,6.4,1,13074,13074,13074,23260,12059,10158,9917,8599,2619,1,1,25429,8004,1,17641,12373,21589,1.0,7:50,2015,2016
2015-16,101111,Charlie Villanueva,Charlie,1610612742,DAL,Dallas Mavericks,21500260,2015-11-30T00:00:00,DAL @ SAC,L,9.5,0.0,0.0,0.0,2.0,4.0,0.0,7.0,16.0,0.0,0.0,1.0,0.0,11.4,1,13074,13074,13074,22643,12059,10158,9917,12984,6141,1,15538,15259,8004,1,4972,18762,18134,1.0,9:28,2015,2016
2015-16,203934,Lamar Patterson,Lamar,1610612737,ATL,Atlanta Hawks,21500256,2015-11-30T00:00:00,ATL vs. OKC,W,1.7,0.0,0.0,0.0,0.0,0.0,3.0,0.0,0.0,0.0,0.0,0.0,0.0,1.5,1,1,1,1,25633,12059,10158,9917,18861,1,7138,1,25429,8004,1,1,18762,24473,1.0,1:40,2015,2016
2015-16,203085,Austin Rivers,Austin,1610612746,LAC,LA Clippers,21500247,2015-11-29T00:00:00,LAC vs. MIN,W,16.5,2.0,0.0,0.0,4.0,4.0,0.0,2.0,18.0,0.0,0.0,2.0,1.0,6.4,1,1,1,1,18688,6026,10158,9917,8599,6141,1,4025,13577,8004,1,11390,12373,21589,1.0,16:27,2015,2016
2015-16,203508,Sergey Karasev,Sergey,1610612751,BKN,Brooklyn Nets,21500248,2015-11-29T00:00:00,BKN vs. DET,W,5.7,0.0,0.0,0.0,0.0,2.0,2.0,4.0,10.0,0.0,0.0,0.0,0.0,1.2,1,1,1,1,24095,12059,10158,9917,18861,2619,3734,8806,20209,8004,1,1,18762,24661,1.0,5:42,2015,2016
2015-16,203923,James Young,James,1610612738,BOS,Boston Celtics,21500249,2015-11-29T00:00:00,BOS @ ORL,L,2.4,0.0,0.0,0.0,0.0,0.0,0.0,0.0,2.0,0.0,0.0,0.0,1.0,1.0,1,13074,13074,13074,25388,12059,10158,9917,18861,1,1,1,24614,8004,1,1,12373,24960,1.0,2:22,2015,2016
2015-16,203210,JaMychal Green,JaMychal,1610612763,MEM,Memphis Grizzlies,21500251,2015-11-29T00:00:00,MEM vs. PHI,W,17.0,0.0,2.0,0.0,0.0,10.0,1.0,14.0,16.0,0.0,0.0,2.0,0.0,6.1,1,1,1,1,18289,12059,4731,9917,18861,17370,3393,23710,15259,8004,1,11390,18762,21845,1.0,16:59,2015,2016
2015-16,201229,Anthony Tolliver,Anthony,1610612765,DET,Detroit Pistons,21500248,2015-11-29T00:00:00,DET @ BKN,L,22.0,0.0,0.0,0.0,0.0,4.0,2.0,7.0,22.0,0.0,0.0,0.0,0.0,10.5,1,13074,13074,13074,14221,12059,10158,9917,18861,6141,3734,15538,10265,8004,1,1,18762,18808,1.0,21:57,2015,2016
2015-16,202711,Bojan Bogdanović,Bojan,1610612751,BKN,Brooklyn Nets,21500248,2015-11-29T00:00:00,BKN vs. DET,W,21.1,2.0,0.0,2.0,4.0,6.0,14.0,2.0,12.0,0.0,0.0,0.0,0.0,6.4,1,1,1,1,14996,6026,10158,4675,8599,10028,24300,4025,18637,8004,1,1,18762,21589,1.0,21:04,2015,2016
2015-16,1713,Vince Carter,Vince,1610612763,MEM,Memphis Grizzlies,21500251,2015-11-29T00:00:00,MEM vs. PHI,W,8.9,2.0,0.0,0.0,2.0,7.0,0.0,0.0,0.0,0.0,1.0,4.0,0.0,1.2,1,1,1,1,22884,6026,10158,9917,12984,12242,1,1,25429,8004,17214,22104,18762,24661,1.0,8:54,2015,2016
2015-16,1718,Paul Pierce,Paul,1610612746,LAC,LA Clippers,21500247,2015-11-29T00:00:00,LAC vs. MIN,W,10.0,0.0,0.0,3.0,0.0,2.0,0.0,2.0,14.0,0.0,0.0,2.0,0.0,11.2,1,1,1,1,22470,12059,10158,3302,18861,2619,1,4025,17019,8004,1,11390,18762,18267,1.0,9:57,2015,2016
2015-16,203894,Shabazz Napier,Shabazz,1610612753,ORL,Orlando Magic,21500249,2015-11-29T00:00:00,ORL vs. BOS,W,9.4,0.0,0.0,0.0,0.0,4.0,4.0,2.0,8.0,0.0,0.0,0.0,0.0,11.2,1,1,1,1,22666,12059,10158,9917,18861,6141,8458,4025,21543,8004,1,1,18762,18267,1.0,9:25,2015,2016
2015-16,202325,Wesley Johnson,Wesley,1610612746,LAC,LA Clippers,21500247,2015-11-29T00:00:00,LAC vs. MIN,W,4.2,0.0,0.0,0.0,0.0,0.0,0.0,0.0,0.0,0.0,0.0,0.0,0.0,1.2,1,1,1,1,24643,12059,10158,9917,18861,1,1,1,25429,8004,1,1,18762,24661,1.0,4:12,2015,2016
2015-16,203909,KJ McDaniels,KJ,1610612745,HOU,Houston Rockets,21500252,2015-11-29T00:00:00,HOU @ NYK,W,5.2,0.0,0.0,0.0,0.0,0.0,0.0,0.0,8.0,0.0,0.0,2.0,0.0,1.2,1,1,1,1,24278,12059,10158,9917,18861,1,1,1,21543,8004,1,11390,18762,24661,1.0,5:14,2015,2016
2015-16,201978,Chase Budinger,Chase,1610612754,IND,Indiana Pacers,21500253,2015-11-29T00:00:00,IND @ LAL,W,11.2,0.0,0.0,0.0,0.0,4.0,2.0,4.0,10.0,0.0,0.0,1.0,0.0,1.0,1,1,1,1,21943,12059,10158,9917,18861,6141,3734,8806,20209,8004,1,4972,18762,24960,1.0,11:13,2015,2016
2015-16,1626158,Richaun Holmes,Richaun,1610612755,PHI,Philadelphia 76ers,21500251,2015-11-29T00:00:00,PHI @ MEM,L,15.0,0.0,0.0,0.0,0.0,6.0,5.0,7.0,10.0,2.0,0.0,1.0,0.0,6.4,1,13074,13074,13074,19763,12059,10158,9917,18861,10028,11469,15538,20209,932,1,4972,18762,21589,1.0,14:59,2015,2016
2015-16,203469,Cody Zeller,Cody,1610612766,CHA,Charlotte Hornets,21500246,2015-11-29T00:00:00,CHA vs. MIL,W,15.8,0.0,0.0,0.0,2.0,6.0,2.0,0.0,18.0,0.0,0.0,4.0,2.0,4.7,1,1,1,1,19160,12059,10158,9917,12984,10028,3734,1,13577,8004,1,22104,7786,22672,1.0,15:50,2015,2016
2015-16,201584,Courtney Lee,Courtney,1610612763,MEM,Memphis Grizzlies,21500251,2015-11-29T00:00:00,MEM vs. PHI,W,16.6,2.0,0.0,0.0,2.0,12.0,2.0,12.0,14.0,0.0,0.0,0.0,1.0,4.7,1,1,1,1,18617,6026,10158,9917,12984,20178,3734,22259,17019,8004,1,1,12373,22672,1.0,16:33,2015,2016
2015-16,203082,Terrence Ross,Terrence,1610612761,TOR,Toronto Raptors,21500250,2015-11-29T00:00:00,TOR vs. PHX,L,14.5,0.0,0.0,0.0,0.0,2.0,4.0,2.0,10.0,0.0,1.0,1.0,0.0,3.9,1,13074,13074,13074,20112,12059,10158,9917,18861,2619,8458,4025,20209,8004,17214,4972,18762,23225,1.0,14:29,2015,2016
2015-16,203906,Devyn Marble,Devyn,1610612753,ORL,Orlando Magic,21500249,2015-11-29T00:00:00,ORL vs. BOS,W,1.3,0.0,0.0,0.0,0.0,0.0,2.0,0.0,2.0,0.0,0.0,0.0,0.0,0.0,1,1,1,1,25777,12059,10158,9917,18861,1,3734,1,24614,8004,1,1,18762,25170,1.0,1:15,2015,2016
2015-16,201147,Corey Brewer,Corey,1610612745,HOU,Houston Rockets,21500252,2015-11-29T00:00:00,HOU @ NYK,W,6.7,2.0,0.0,2.0,2.0,0.0,0.0,0.0,4.0,0.0,0.0,0.0,0.0,0.0,1,1,1,1,23671,6026,10158,4675,12984,1,1,1,23698,8004,1,1,18762,25170,1.0,6:43,2015,2016
2015-16,203921,Cleanthony Early,Cleanthony,1610612752,NYK,New York Knicks,21500252,2015-11-29T00:00:00,NYK vs. HOU,L,5.7,0.0,0.0,0.0,0.0,1.0,0.0,0.0,4.0,0.0,0.0,0.0,0.0,0.0,1,13074,13074,13074,24089,12059,10158,9917,18861,2356,1,1,23698,8004,1,1,18762,25170,1.0,5:43,2015,2016
2015-16,203124,Kyle O'Quinn,Kyle,1610612752,NYK,New York Knicks,21500252,2015-11-29T00:00:00,NYK vs. HOU,L,3.7,0.0,0.0,0.0,0.0,2.0,2.0,2.0,2.0,0.0,0.0,1.0,2.0,1.0,1,13074,13074,13074,24814,12059,10158,9917,18861,2619,3734,4025,24614,8004,1,4972,7786,24960,1.0,3:44,2015,2016
2015-16,201577,Robin Lopez,Robin,1610612752,NYK,New York Knicks,21500252,2015-11-29T00:00:00,NYK vs. HOU,L,14.6,0.0,0.0,0.0,0.0,6.0,4.0,7.0,20.0,1.0,0.0,3.0,0.0,8.6,1,13074,13074,13074,20073,12059,10158,9917,18861,10028,8458,15538,11929,2692,1,17641,18762,20125,1.0,14:33,2015,2016
2015-16,203898,Tyler Ennis,Tyler,1610612749,MIL,Milwaukee Bucks,21500246,2015-11-29T00:00:00,MIL @ CHA,L,3.6,0.0,0.0,0.0,0.0,2.0,0.0,2.0,0.0,0.0,0.0,0.0,0.0,0.0,1,13074,13074,13074,24867,12059,10158,9917,18861,2619,1,4025,25429,8004,1,1,18762,25170,1.0,3:36,2015,2016
2015-16,203498,Shabazz Muhammad,Shabazz,1610612750,MIN,Minnesota Timberwolves,21500247,2015-11-29T00:00:00,MIN @ LAC,L,18.7,2.0,0.0,0.0,2.0,7.0,4.0,5.0,14.0,0.0,0.0,1.0,3.0,8.6,1,13074,13074,13074,16918,6026,10158,9917,12984,12242,8458,11593,17019,8004,1,4972,4736,20125,1.0,18:44,2015,2016
2015-16,2755,Kevin Martin,Kevin,1610612750,MIN,Minnesota Timberwolves,21500247,2015-11-29T00:00:00,MIN @ LAC,L,23.5,0.0,2.0,0.0,0.0,4.0,5.0,4.0,16.0,0.0,0.0,3.0,2.0,8.6,1,13074,13074,13074,12992,12059,4731,9917,18861,6141,11469,8806,15259,8004,1,17641,7786,20125,1.0,23:28,2015,2016
2015-16,200745,Andrea Bargnani,Andrea,1610612751,BKN,Brooklyn Nets,21500248,2015-11-29T00:00:00,BKN vs. DET,W,2.5,0.0,0.0,0.0,0.0,2.0,4.0,0.0,2.0,0.0,0.0,1.0,0.0,0.0,1,1,1,1,25315,12059,10158,9917,18861,2619,8458,1,24614,8004,1,4972,18762,25170,1.0,2:31,2015,2016
2015-16,2037,Jamal Crawford,Jamal,1610612746,LAC,LA Clippers,21500247,2015-11-29T00:00:00,LAC vs. MIN,W,15.4,0.0,0.0,0.0,0.0,4.0,0.0,2.0,18.0,0.0,0.0,1.0,0.0,0.0,1,1,1,1,19455,12059,10158,9917,18861,6141,1,4025,13577,8004,1,4972,18762,25170,1.0,15:26,2015,2016
2015-16,203940,Adreian Payne,Adreian,1610612750,MIN,Minnesota Timberwolves,21500247,2015-11-29T00:00:00,MIN @ LAC,L,8.1,0.0,0.0,0.0,0.0,4.0,3.0,2.0,10.0,0.0,1.0,2.0,2.0,0.2,1,13074,13074,13074,23143,12059,10158,9917,18861,6141,7138,4025,20209,8004,17214,11390,7786,25103,1.0,8:07,2015,2016
2015-16,202335,Patrick Patterson,Patrick,1610612761,TOR,Toronto Raptors,21500250,2015-11-29T00:00:00,TOR vs. PHX,L,16.5,0.0,0.0,0.0,0.0,0.0,4.0,5.0,14.0,0.0,0.0,0.0,0.0,9.6,1,13074,13074,13074,18663,12059,10158,9917,18861,1,8458,11593,17019,8004,1,1,18762,19434,1.0,16:29,2015,2016
2015-16,1626209,Mario Hezonja,Mario,1610612753,ORL,Orlando Magic,21500249,2015-11-29T00:00:00,ORL vs. BOS,W,1.3,0.0,0.0,0.0,0.0,0.0,2.0,0.0,2.0,0.0,0.0,0.0,0.0,0.0,1,1,1,1,25777,12059,10158,9917,18861,1,3734,1,24614,8004,1,1,18762,25170,1.0,1:15,2015,2016
2015-16,203798,PJ Hairston,PJ,1610612766,CHA,Charlotte Hornets,21500246,2015-11-29T00:00:00,CHA vs. MIL,W,14.7,0.0,0.0,0.0,0.0,13.0,2.0,10.0,18.0,0.0,0.0,0.0,0.0,4.2,1,1,1,1,19960,12059,10158,9917,18861,21300,3734,20169,13577,8004,1,1,18762,22976,1.0,14:42,2015,2016
2015-16,2419,Tayshaun Prince,Tayshaun,1610612750,MIN,Minnesota Timberwolves,21500247,2015-11-29T00:00:00,MIN @ LAC,L,10.0,0.0,0.0,0.0,0.0,2.0,3.0,0.0,6.0,0.0,0.0,0.0,0.0,0.0,1,13074,13074,13074,22427,12059,10158,9917,18861,2619,7138,1,22724,8004,1,1,18762,25170,1.0,10:02,2015,2016
2015-16,1626154,RJ Hunter,RJ,1610612738,BOS,Boston Celtics,21500249,2015-11-29T00:00:00,BOS @ ORL,L,5.7,0.0,0.0,0.0,0.0,2.0,2.0,0.0,10.0,0.0,0.0,1.0,0.0,0.0,1,13074,13074,13074,24081,12059,10158,9917,18861,2619,3734,1,20209,8004,1,4972,18762,25170,1.0,5:44,2015,2016
2015-16,1626179,Terry Rozier,Terry,1610612738,BOS,Boston Celtics,21500249,2015-11-29T00:00:00,BOS @ ORL,L,12.0,2.0,2.0,0.0,2.0,0.0,2.0,0.0,8.0,0.0,0.0,3.0,0.0,9.4,1,13074,13074,13074,21529,6026,4731,9917,12984,1,3734,1,21543,8004,1,17641,18762,19568,1.0,12:00,2015,2016
2015-16,203487,Michael Carter-Williams,Michael,1610612749,MIL,Milwaukee Bucks,21500246,2015-11-29T00:00:00,MIL @ CHA,L,15.6,0.0,2.0,0.0,2.0,13.0,5.0,1.0,10.0,0.0,0.0,2.0,1.0,8.8,1,13074,13074,13074,19343,12059,4731,9917,12984,21300,11469,3646,20209,8004,1,11390,12373,19994,1.0,15:36,2015,2016
2015-16,201160,Jason Smith,Jason,1610612753,ORL,Orlando Magic,21500249,2015-11-29T00:00:00,ORL vs. BOS,W,15.5,0.0,0.0,0.0,0.0,6.0,9.0,2.0,16.0,0.0,0.0,2.0,0.0,9.1,1,1,1,1,19428,12059,10158,9917,18861,10028,19144,4025,15259,8004,1,11390,18762,19789,1.0,15:29,2015,2016
2015-16,203094,Andrew Nicholson,Andrew,1610612753,ORL,Orlando Magic,21500249,2015-11-29T00:00:00,ORL vs. BOS,W,23.5,4.0,4.0,3.0,4.0,6.0,7.0,2.0,18.0,2.0,0.0,0.0,1.0,29.6,1,1,1,1,12976,2460,1596,3302,8599,10028,15642,4025,13577,932,1,1,12373,6050,1.0,23:29,2015,2016
2015-16,203903,Jordan Clarkson,Jordan,1610612747,LAL,Los Angeles Lakers,21500253,2015-11-29T00:00:00,LAL vs. IND,L,39.2,0.0,0.0,4.0,8.0,12.0,5.0,8.0,30.0,0.0,1.0,3.0,2.0,46.0,1,13074,13074,13074,990,12059,10158,1913,3109,20178,11469,17194,4541,8004,17214,17641,7786,1198,1.0,39:12,2015,2016
2015-16,201564,O.J. Mayo,O.J.,1610612749,MIL,Milwaukee Bucks,21500246,2015-11-29T00:00:00,MIL @ CHA,L,44.3,3.0,0.0,3.0,2.0,18.0,8.0,3.0,16.0,0.0,1.0,4.0,2.0,29.3,1,13074,13074,13074,115,4307,10158,3302,12984,24749,17345,7328,15259,8004,17214,22104,7786,6202,1.0,44:16,2015,2016
2015-16,203506,Victor Oladipo,Victor,1610612753,ORL,Orlando Magic,21500249,2015-11-29T00:00:00,ORL vs. BOS,W,30.1,3.0,0.0,2.0,4.0,10.0,9.0,2.0,22.0,1.0,1.0,4.0,5.0,45.6,1,1,1,1,7426,4307,10158,4675,8599,17370,19144,4025,10265,2692,17214,22104,1539,1263,1.0,30:07,2015,2016
2015-16,201167,Arron Afflalo,Arron,1610612752,NYK,New York Knicks,21500252,2015-11-29T00:00:00,NYK vs. HOU,L,41.5,0.0,3.0,0.0,4.0,21.0,15.0,12.0,44.0,0.0,0.0,1.0,3.0,45.9,1,13074,13074,13074,386,12059,3104,9917,8599,25535,24781,22259,454,8004,1,4972,4736,1224,1.0,41:29,2015,2016
2015-16,201572,Brook Lopez,Brook,1610612751,BKN,Brooklyn Nets,21500248,2015-11-29T00:00:00,BKN vs. DET,W,35.6,3.0,2.0,0.0,12.0,16.0,14.0,13.0,36.0,6.0,0.0,6.0,4.0,60.3,1,1,1,1,3080,4307,4731,9917,988,23774,24300,23048,1943,19,1,25827,2748,201,1.0,35:34,2015,2016
2015-16,202331,Paul George,Paul,1610612754,IND,Indiana Pacers,21500253,2015-11-29T00:00:00,IND @ LAL,W,36.8,10.0,2.0,5.0,8.0,15.0,16.0,4.0,28.0,1.0,1.0,1.0,10.0,50.3,1,1,1,1,2204,99,4731,1277,3109,23079,25155,8806,5824,2692,17214,4972,76,722,1.0,36:49,2015,2016
2015-16,204001,Kristaps Porziņģis,Kristaps,1610612752,NYK,New York Knicks,21500252,2015-11-29T00:00:00,NYK vs. HOU,L,40.7,4.0,6.0,0.0,12.0,17.0,11.0,12.0,36.0,2.0,1.0,5.0,4.0,44.1,1,13074,13074,13074,559,2460,481,9917,988,24337,21814,22259,1943,932,17214,24686,2748,1542,1.0,40:42,2015,2016
2015-16,201942,DeMar DeRozan,DeMar,1610612761,TOR,Toronto Raptors,21500250,2015-11-29T00:00:00,TOR vs. PHX,L,37.0,3.0,2.0,0.0,10.0,15.0,12.0,10.0,38.0,1.0,1.0,4.0,5.0,45.1,1,13074,13074,13074,2058,4307,4731,9917,1840,23079,22832,20169,1422,2692,17214,22104,1539,1338,1.0,37:02,2015,2016
2015-16,203507,Giannis Antetokounmpo,Giannis,1610612749,MIL,Milwaukee Bucks,21500246,2015-11-29T00:00:00,MIL @ CHA,L,31.0,2.0,0.0,2.0,8.0,5.0,3.0,0.0,8.0,1.0,0.0,2.0,1.0,24.5,1,13074,13074,13074,6743,6026,10158,4675,3109,8403,7138,1,21543,2692,1,11390,12373,8801,1.0,30:58,2015,2016
2015-16,202339,Eric Bledsoe,Eric,1610612756,PHX,Phoenix Suns,21500250,2015-11-29T00:00:00,PHX @ TOR,W,38.1,4.0,2.0,4.0,6.0,12.0,7.0,10.0,34.0,3.0,5.0,3.0,7.0,48.5,1,1,1,1,1486,2460,4731,1913,5299,20178,15642,20169,2701,347,26042,17641,469,909,1.0,38:03,2015,2016
2015-16,203096,Jared Sullinger,Jared,1610612738,BOS,Boston Celtics,21500249,2015-11-29T00:00:00,BOS @ ORL,L,26.7,0.0,3.0,0.0,2.0,9.0,18.0,4.0,24.0,3.0,1.0,1.0,4.0,35.2,1,13074,13074,13074,10272,12059,3104,9917,12984,15771,25634,8806,8723,347,17214,4972,2748,3745,1.0,26:42,2015,2016
2015-16,977,Kobe Bryant,Kobe,1610612747,LAL,Los Angeles Lakers,21500253,2015-11-29T00:00:00,LAL vs. IND,L,33.5,2.0,0.0,0.0,2.0,9.0,6.0,5.0,32.0,0.0,1.0,1.0,4.0,24.3,1,13074,13074,13074,4755,6026,10158,9917,12984,15771,13237,11593,3535,8004,17214,4972,2748,8939,1.0,33:29,2015,2016
2015-16,203512,Lucas Nogueira,Lucas,1610612761,TOR,Toronto Raptors,21500250,2015-11-29T00:00:00,TOR vs. PHX,L,6.0,0.0,0.0,0.0,2.0,0.0,0.0,0.0,2.0,0.0,0.0,0.0,0.0,7.4,1,13074,13074,13074,23966,12059,10158,9917,12984,1,1,1,24614,8004,1,1,18762,20912,1.0,5:59,2015,2016
2015-16,201596,Mario Chalmers,Mario,1610612763,MEM,Memphis Grizzlies,21500251,2015-11-29T00:00:00,MEM vs. PHI,W,14.8,0.0,2.0,3.0,2.0,8.0,1.0,0.0,2.0,0.0,0.0,4.0,2.0,11.6,1,1,1,1,19927,12059,4731,3302,12984,13914,3393,1,24614,8004,1,22104,7786,17970,1.0,14:45,2015,2016
2015-16,201935,James Harden,James,1610612745,HOU,Houston Rockets,21500252,2015-11-29T00:00:00,HOU @ NYK,W,45.3,4.0,0.0,5.0,12.0,8.0,13.0,0.0,32.0,0.0,1.0,2.0,7.0,51.9,1,1,1,1,75,2460,10158,1277,988,13914,23668,1,3535,8004,17214,11390,469,576,1.0,45:18,2015,2016
2015-16,201144,Mike Conley,Mike,1610612763,MEM,Memphis Grizzlies,21500251,2015-11-29T00:00:00,MEM vs. PHI,W,36.8,2.0,1.0,4.0,6.0,23.0,5.0,19.0,32.0,2.0,1.0,2.0,9.0,36.3,1,1,1,1,2204,6026,9709,1913,5299,25803,11469,25435,3535,932,17214,11390,138,3380,1.0,36:49,2015,2016
2015-16,202699,Tobias Harris,Tobias,1610612753,ORL,Orlando Magic,21500249,2015-11-29T00:00:00,ORL vs. BOS,W,32.6,2.0,6.0,2.0,14.0,10.0,6.0,4.0,22.0,1.0,0.0,1.0,2.0,35.2,1,1,1,1,5446,6026,481,4675,542,17370,13237,8806,10265,2692,1,4972,7786,3745,1.0,32:34,2015,2016
2015-16,203932,Aaron Gordon,Aaron,1610612753,ORL,Orlando Magic,21500249,2015-11-29T00:00:00,ORL vs. BOS,W,21.8,0.0,2.0,0.0,4.0,6.0,7.0,2.0,20.0,1.0,0.0,2.0,0.0,24.0,1,1,1,1,14348,12059,4731,9917,8599,10028,15642,4025,11929,2692,1,11390,18762,9121,1.0,21:47,2015,2016
2015-16,201933,Blake Griffin,Blake,1610612746,LAC,LA Clippers,21500247,2015-11-29T00:00:00,LAC vs. MIN,W,37.0,5.0,0.0,4.0,10.0,10.0,9.0,2.0,20.0,2.0,0.0,3.0,8.0,50.6,1,1,1,1,2062,1603,10158,1913,1840,17370,19144,4025,11929,932,1,17641,254,691,1.0,37:02,2015,2016
2015-16,203083,Andre Drummond,Andre,1610612765,DET,Detroit Pistons,21500248,2015-11-29T00:00:00,DET @ BKN,L,36.7,5.0,7.0,7.0,18.0,11.0,4.0,13.0,38.0,1.0,1.0,1.0,8.0,50.6,1,13074,13074,13074,2267,1603,292,454,131,18886,8458,23048,1422,2692,17214,4972,254,691,1.0,36:44,2015,2016
2015-16,203141,Mirza Teletovic,Mirza,1610612756,PHX,Phoenix Suns,21500250,2015-11-29T00:00:00,PHX @ TOR,W,18.3,2.0,0.0,0.0,0.0,9.0,7.0,7.0,26.0,0.0,0.0,0.0,1.0,23.9,1,1,1,1,17251,6026,10158,9917,18861,15771,15642,15538,7214,8004,1,1,12373,9184,1.0,18:19,2015,2016
2015-16,2730,Dwight Howard,Dwight,1610612745,HOU,Houston Rockets,21500252,2015-11-29T00:00:00,HOU @ NYK,W,30.4,0.0,2.0,0.0,12.0,2.0,7.0,0.0,22.0,0.0,2.0,1.0,3.0,24.2,1,1,1,1,7208,12059,4731,9917,988,2619,15642,1,10265,8004,23588,4972,4736,9009,1.0,30:22,2015,2016
2015-16,101135,David Lee,David,1610612738,BOS,Boston Celtics,21500249,2015-11-29T00:00:00,BOS @ ORL,L,21.3,2.0,2.0,0.0,8.0,7.0,8.0,5.0,28.0,0.0,0.0,0.0,2.0,20.3,1,13074,13074,13074,14783,6026,4731,9917,3109,12242,17345,11593,5824,8004,1,1,7786,11534,1.0,21:18,2015,2016
2015-16,201599,DeAndre Jordan,DeAndre,1610612746,LAC,LA Clippers,21500247,2015-11-29T00:00:00,LAC vs. MIN,W,32.7,0.0,1.0,0.0,6.0,8.0,9.0,2.0,20.0,1.0,0.0,4.0,7.0,27.3,1,1,1,1,5337,12059,9709,9917,5299,13914,19144,4025,11929,2692,1,22104,469,7236,1.0,32:42,2015,2016
2015-16,2216,Zach Randolph,Zach,1610612763,MEM,Memphis Grizzlies,21500251,2015-11-29T00:00:00,MEM vs. PHI,W,32.0,4.0,9.0,2.0,6.0,17.0,4.0,11.0,28.0,0.0,4.0,1.0,4.0,31.2,1,1,1,1,5883,2460,77,4675,5299,24337,8458,21342,5824,8004,25926,4972,2748,5304,1.0,32:00,2015,2016
2015-16,2581,Steve Blake,Steve,1610612765,DET,Detroit Pistons,21500248,2015-11-29T00:00:00,DET @ BKN,L,17.7,0.0,2.0,0.0,0.0,2.0,2.0,5.0,12.0,0.0,0.0,1.0,0.0,12.2,1,13074,13074,13074,17765,12059,4731,9917,18861,2619,3734,11593,18637,8004,1,4972,18762,17566,1.0,17:41,2015,2016
2015-16,201155,Rodney Stuckey,Rodney,1610612754,IND,Indiana Pacers,21500253,2015-11-29T00:00:00,IND @ LAL,W,27.2,0.0,0.0,3.0,4.0,12.0,9.0,6.0,24.0,0.0,1.0,1.0,6.0,20.4,1,1,1,1,9880,12059,10158,3302,8599,20178,19144,13388,8723,8004,17214,4972,873,11453,1.0,27:09,2015,2016
2015-16,202696,Nikola Vučević,Nikola,1610612753,ORL,Orlando Magic,21500249,2015-11-29T00:00:00,ORL vs. BOS,W,32.4,2.0,6.0,0.0,14.0,6.0,2.0,4.0,22.0,0.0,2.0,6.0,2.0,31.0,1,1,1,1,5571,6026,481,9917,542,10028,3734,8806,10265,8004,23588,25827,7786,5406,1.0,32:25,2015,2016
2015-16,200782,P.J. Tucker,P.J.,1610612756,PHX,Phoenix Suns,21500250,2015-11-29T00:00:00,PHX @ TOR,W,22.2,2.0,2.0,0.0,4.0,5.0,3.0,8.0,12.0,0.0,0.0,3.0,3.0,12.0,1,1,1,1,14017,6026,4731,9917,8599,8403,7138,17194,18637,8004,1,17641,4736,17703,1.0,22:12,2015,2016
2015-16,203114,Khris Middleton,Khris,1610612749,MIL,Milwaukee Bucks,21500246,2015-11-29T00:00:00,MIL @ CHA,L,37.4,11.0,2.0,2.0,6.0,10.0,3.0,0.0,12.0,0.0,0.0,3.0,1.0,40.0,1,13074,13074,13074,1830,55,4731,4675,5299,17370,7138,1,18637,8004,1,17641,12373,2364,1.0,37:24,2015,2016
2015-16,203933,T.J. Warren,T.J.,1610612756,PHX,Phoenix Suns,21500250,2015-11-29T00:00:00,PHX @ TOR,W,29.7,0.0,4.0,1.0,14.0,7.0,4.0,5.0,26.0,3.0,1.0,2.0,1.0,40.2,1,1,1,1,7776,12059,1596,9347,542,12242,8458,11593,7214,347,17214,11390,12373,2323,1.0,29:44,2015,2016
2015-16,202720,Jon Leuer,Jon,1610612756,PHX,Phoenix Suns,21500250,2015-11-29T00:00:00,PHX @ TOR,W,22.7,4.0,0.0,0.0,6.0,10.0,2.0,5.0,20.0,1.0,0.0,1.0,1.0,26.8,1,1,1,1,13621,2460,10158,9917,5299,17370,3734,11593,11929,2692,1,4972,12373,7486,1.0,22:41,2015,2016
2015-16,201946,Tyler Hansbrough,Tyler,1610612766,CHA,Charlotte Hornets,21500246,2015-11-29T00:00:00,CHA vs. MIL,W,8.9,0.0,2.0,0.0,2.0,2.0,4.0,2.0,8.0,2.0,0.0,3.0,0.0,11.9,1,1,1,1,22870,12059,4731,9917,12984,2619,8458,4025,21543,932,1,17641,18762,17760,1.0,8:55,2015,2016
2015-16,203991,Clint Capela,Clint,1610612745,HOU,Houston Rockets,21500252,2015-11-29T00:00:00,HOU @ NYK,W,36.4,4.0,4.0,2.0,14.0,8.0,9.0,0.0,30.0,1.0,2.0,2.0,6.0,42.2,1,1,1,1,2481,2460,1596,4675,542,13914,19144,1,4541,2692,23588,11390,873,1892,1.0,36:24,2015,2016
2015-16,203897,Zach LaVine,Zach,1610612750,MIN,Minnesota Timberwolves,21500247,2015-11-29T00:00:00,MIN @ LAC,L,32.5,2.0,3.0,2.0,4.0,6.0,6.0,4.0,18.0,0.0,2.0,5.0,1.0,31.1,1,13074,13074,13074,5503,6026,3104,4675,8599,10028,13237,8806,13577,8004,23588,24686,12373,5354,1.0,32:30,2015,2016
2015-16,101133,Ian Mahinmi,Ian,1610612754,IND,Indiana Pacers,21500253,2015-11-29T00:00:00,IND @ LAL,W,28.0,2.0,0.0,0.0,4.0,15.0,13.0,6.0,24.0,2.0,0.0,4.0,4.0,27.0,1,1,1,1,9247,6026,10158,9917,8599,23079,23668,13388,8723,932,1,22104,2748,7385,1.0,27:59,2015,2016
2015-16,101107,Marvin Williams,Marvin,1610612766,CHA,Charlotte Hornets,21500246,2015-11-29T00:00:00,CHA vs. MIL,W,37.2,0.0,3.0,0.0,2.0,18.0,6.0,12.0,40.0,1.0,0.0,0.0,1.0,26.4,1,1,1,1,1950,12059,3104,9917,12984,24749,13237,22259,983,2692,1,1,12373,7672,1.0,37:13,2015,2016
2015-16,203138,Hollis Thompson,Hollis,1610612755,PHI,Philadelphia 76ers,21500251,2015-11-29T00:00:00,PHI @ MEM,L,27.7,2.0,2.0,3.0,4.0,23.0,12.0,10.0,20.0,1.0,0.0,3.0,0.0,31.5,1,13074,13074,13074,9463,6026,4731,3302,8599,25803,22832,20169,11929,2692,1,17641,18762,5180,1.0,27:42,2015,2016
2015-16,203496,Robert Covington,Robert,1610612755,PHI,Philadelphia 76ers,21500251,2015-11-29T00:00:00,PHI @ MEM,L,37.4,4.0,0.0,7.0,6.0,19.0,15.0,10.0,34.0,1.0,2.0,5.0,3.0,42.4,1,13074,13074,13074,1809,2460,10158,454,5299,25074,24781,20169,2701,2692,23588,24686,4736,1860,1.0,37:25,2015,2016
2015-16,2746,Josh Smith,Josh,1610612746,LAC,LA Clippers,21500247,2015-11-29T00:00:00,LAC vs. MIN,W,16.3,0.0,0.0,0.0,4.0,4.0,0.0,2.0,18.0,1.0,0.0,2.0,2.0,12.0,1,1,1,1,18804,12059,10158,9917,8599,6141,1,4025,13577,2692,1,11390,7786,17703,1.0,16:19,2015,2016
2015-16,2449,Luis Scola,Luis,1610612761,TOR,Toronto Raptors,21500250,2015-11-29T00:00:00,TOR vs. PHX,L,17.7,3.0,0.0,0.0,0.0,2.0,6.0,3.0,20.0,0.0,1.0,0.0,3.0,15.3,1,13074,13074,13074,17786,4307,10158,9917,18861,2619,13237,7328,11929,8004,17214,1,4736,15150,1.0,17:40,2015,2016
2015-16,202694,Marcus Morris Sr.,Marcus,1610612765,DET,Detroit Pistons,21500248,2015-11-29T00:00:00,DET @ BKN,L,35.4,0.0,2.0,0.0,4.0,9.0,6.0,10.0,36.0,0.0,0.0,3.0,0.0,20.6,1,13074,13074,13074,3196,12059,4731,9917,8599,15771,13237,20169,1943,8004,1,17641,18762,11314,1.0,35:26,2015,2016
2015-16,201588,George Hill,George,1610612754,IND,Indiana Pacers,21500253,2015-11-29T00:00:00,IND @ LAL,W,33.2,0.0,0.0,0.0,6.0,17.0,11.0,6.0,22.0,0.0,0.0,3.0,2.0,26.7,1,1,1,1,4985,12059,10158,9917,5299,24337,21814,13388,10265,8004,1,17641,7786,7525,1.0,33:10,2015,2016
2015-16,101145,Monta Ellis,Monta,1610612754,IND,Indiana Pacers,21500253,2015-11-29T00:00:00,IND @ LAL,W,36.4,0.0,0.0,0.0,6.0,12.0,16.0,4.0,30.0,1.0,0.0,1.0,3.0,26.6,1,1,1,1,2469,12059,10158,9917,5299,20178,25155,8806,4541,2692,1,4972,4736,7566,1.0,36:24,2015,2016
2015-16,202338,Kevin Seraphin,Kevin,1610612752,NYK,New York Knicks,21500252,2015-11-29T00:00:00,NYK vs. HOU,L,31.7,2.0,0.0,0.0,10.0,16.0,11.0,2.0,30.0,4.0,0.0,3.0,1.0,38.4,1,13074,13074,13074,6115,6026,10158,9917,1840,23774,21814,4025,4541,132,1,17641,12373,2802,1.0,31:44,2015,2016
2015-16,2772,Trevor Ariza,Trevor,1610612745,HOU,Houston Rockets,21500252,2015-11-29T00:00:00,HOU @ NYK,W,41.1,2.0,2.0,2.0,6.0,10.0,13.0,0.0,30.0,0.0,1.0,2.0,0.0,31.9,1,1,1,1,463,6026,4731,4675,5299,17370,23668,1,4541,8004,17214,11390,18762,4984,1.0,41:07,2015,2016
2015-16,203087,Jeremy Lamb,Jeremy,1610612766,CHA,Charlotte Hornets,21500246,2015-11-29T00:00:00,CHA vs. MIL,W,27.3,5.0,0.0,1.0,0.0,5.0,6.0,2.0,24.0,0.0,0.0,0.0,2.0,27.8,1,1,1,1,9794,1603,10158,9347,18861,8403,13237,4025,8723,8004,1,1,7786,6950,1.0,27:16,2015,2016
2015-16,1626157,Karl-Anthony Towns,Karl-Anthony,1610612750,MIN,Minnesota Timberwolves,21500247,2015-11-29T00:00:00,MIN @ LAC,L,26.2,2.0,0.0,0.0,2.0,4.0,6.0,4.0,16.0,1.0,0.0,3.0,1.0,37.6,1,13074,13074,13074,10714,6026,10158,9917,12984,6141,13237,8806,15259,2692,1,17641,12373,3018,1.0,26:10,2015,2016
2015-16,201976,Patrick Beverley,Patrick,1610612745,HOU,Houston Rockets,21500252,2015-11-29T00:00:00,HOU @ NYK,W,34.1,0.0,0.0,3.0,4.0,4.0,9.0,0.0,28.0,0.0,0.0,5.0,3.0,27.6,1,1,1,1,4306,12059,10158,3302,8599,6141,19144,1,5824,8004,1,24686,4736,7080,1.0,34:04,2015,2016
2015-16,202693,Markieff Morris,Markieff,1610612756,PHX,Phoenix Suns,21500250,2015-11-29T00:00:00,PHX @ TOR,W,22.6,3.0,2.0,0.0,4.0,0.0,0.0,6.0,8.0,0.0,0.0,4.0,1.0,17.6,1,1,1,1,13654,4307,4731,9917,8599,1,1,13388,21543,8004,1,22104,12373,13443,1.0,22:39,2015,2016
2015-16,201188,Marc Gasol,Marc,1610612763,MEM,Memphis Grizzlies,21500251,2015-11-29T00:00:00,MEM vs. PHI,W,39.0,2.0,0.0,0.0,2.0,22.0,5.0,13.0,22.0,4.0,0.0,3.0,4.0,39.9,1,1,1,1,1065,6026,10158,9917,12984,25683,11469,23048,10265,132,1,17641,2748,2396,1.0,39:01,2015,2016
2015-16,201960,DeMarre Carroll,DeMarre,1610612761,TOR,Toronto Raptors,21500250,2015-11-29T00:00:00,TOR vs. PHX,L,37.3,2.0,0.0,8.0,8.0,13.0,12.0,5.0,40.0,0.0,2.0,3.0,3.0,38.9,1,13074,13074,13074,1925,6026,10158,280,3109,21300,22832,11593,983,8004,23588,17641,4736,2667,1.0,37:15,2015,2016
2015-16,203953,Jabari Parker,Jabari,1610612749,MIL,Milwaukee Bucks,21500246,2015-11-29T00:00:00,MIL @ CHA,L,17.0,2.0,0.0,2.0,6.0,13.0,5.0,3.0,10.0,0.0,2.0,3.0,1.0,17.4,1,13074,13074,13074,18243,6026,10158,4675,5299,21300,11469,7328,20209,8004,23588,17641,12373,13595,1.0,17:02,2015,2016
2015-16,203952,Andrew Wiggins,Andrew,1610612750,MIN,Minnesota Timberwolves,21500247,2015-11-29T00:00:00,MIN @ LAC,L,38.0,4.0,0.0,0.0,8.0,11.0,6.0,9.0,26.0,1.0,1.0,3.0,4.0,28.4,1,13074,13074,13074,1517,2460,10158,9917,3109,18886,13237,18829,7214,2692,17214,17641,2748,6663,1.0,37:58,2015,2016
2015-16,101112,Channing Frye,Channing,1610612753,ORL,Orlando Magic,21500249,2015-11-29T00:00:00,ORL vs. BOS,W,17.0,0.0,6.0,0.0,0.0,2.0,0.0,4.0,14.0,1.0,0.0,3.0,1.0,13.9,1,1,1,1,18254,12059,481,9917,18861,2619,1,8806,17019,2692,1,17641,12373,16232,1.0,17:01,2015,2016
2015-16,2440,Matt Barnes,Matt,1610612763,MEM,Memphis Grizzlies,21500251,2015-11-29T00:00:00,MEM vs. PHI,W,27.1,5.0,5.0,5.0,8.0,13.0,3.0,8.0,10.0,1.0,0.0,0.0,5.0,39.1,1,1,1,1,9912,1603,995,1277,3109,21300,7138,17194,20209,2692,1,1,1539,2616,1.0,27:07,2015,2016
2015-16,101108,Chris Paul,Chris,1610612746,LAC,LA Clippers,21500247,2015-11-29T00:00:00,LAC vs. MIN,W,31.5,6.0,0.0,2.0,4.0,8.0,9.0,2.0,18.0,0.0,0.0,2.0,4.0,31.9,1,1,1,1,6278,878,10158,4675,8599,13914,19144,4025,13577,8004,1,11390,2748,4984,1.0,31:33,2015,2016
2015-16,202704,Reggie Jackson,Reggie,1610612765,DET,Detroit Pistons,21500248,2015-11-29T00:00:00,DET @ BKN,L,30.3,2.0,2.0,0.0,6.0,11.0,4.0,11.0,34.0,0.0,4.0,4.0,1.0,28.7,1,13074,13074,13074,7249,6026,4731,9917,5299,18886,8458,21342,2701,8004,25926,22104,12373,6514,1.0,30:19,2015,2016
2015-16,202328,Greg Monroe,Greg,1610612749,MIL,Milwaukee Bucks,21500246,2015-11-29T00:00:00,MIL @ CHA,L,30.2,0.0,2.0,0.0,14.0,9.0,3.0,2.0,10.0,0.0,2.0,5.0,6.0,37.5,1,13074,13074,13074,7333,12059,4731,9917,542,15771,7138,4025,20209,8004,23588,24686,873,3050,1.0,30:14,2015,2016
2015-16,203093,Terrence Jones,Terrence,1610612745,HOU,Houston Rockets,21500252,2015-11-29T00:00:00,HOU @ NYK,W,25.0,0.0,4.0,0.0,2.0,6.0,8.0,0.0,24.0,1.0,1.0,2.0,2.0,17.3,1,1,1,1,11678,12059,1596,9917,12984,10028,17345,1,8723,2692,17214,11390,7786,13671,1.0,24:59,2015,2016
2015-16,201587,Nicolas Batum,Nicolas,1610612766,CHA,Charlotte Hornets,21500246,2015-11-29T00:00:00,CHA vs. MIL,W,33.7,3.0,0.0,0.0,0.0,21.0,4.0,12.0,34.0,1.0,1.0,1.0,3.0,28.5,1,1,1,1,4629,4307,10158,9917,18861,25535,8458,22259,2701,2692,17214,4972,4736,6613,1.0,33:39,2015,2016
2015-16,202357,Nemanja Bjelica,Nemanja,1610612750,MIN,Minnesota Timberwolves,21500247,2015-11-29T00:00:00,MIN @ LAC,L,21.8,2.0,0.0,2.0,4.0,9.0,0.0,5.0,16.0,0.0,0.0,2.0,0.0,13.9,1,13074,13074,13074,14331,6026,10158,4675,8599,15771,1,11593,15259,8004,1,11390,18762,16232,1.0,21:48,2015,2016
2015-16,202682,Derrick Williams,Derrick,1610612752,NYK,New York Knicks,21500252,2015-11-29T00:00:00,NYK vs. HOU,L,15.0,0.0,0.0,0.0,4.0,5.0,4.0,2.0,16.0,0.0,0.0,2.0,3.0,17.3,1,13074,13074,13074,19739,12059,10158,9917,8599,8403,8458,4025,15259,8004,1,11390,4736,13671,1.0,15:02,2015,2016
2015-16,201579,Roy Hibbert,Roy,1610612747,LAL,Los Angeles Lakers,21500253,2015-11-29T00:00:00,LAL vs. IND,L,26.7,2.0,5.0,0.0,4.0,9.0,2.0,8.0,28.0,2.0,0.0,3.0,5.0,28.3,1,13074,13074,13074,10300,6026,995,9917,8599,15771,3734,17194,5824,932,1,17641,1539,6720,1.0,26:40,2015,2016
2015-16,201573,Jerryd Bayless,Jerryd,1610612749,MIL,Milwaukee Bucks,21500246,2015-11-29T00:00:00,MIL @ CHA,L,43.1,3.0,0.0,3.0,4.0,11.0,8.0,3.0,16.0,0.0,1.0,3.0,3.0,28.2,1,13074,13074,13074,195,4307,10158,3302,8599,18886,17345,7328,15259,8004,17214,17641,4736,6778,1.0,43:08,2015,2016
2015-16,201152,Thaddeus Young,Thaddeus,1610612751,BKN,Brooklyn Nets,21500248,2015-11-29T00:00:00,BKN vs. DET,W,31.0,4.0,2.0,2.0,14.0,14.0,15.0,15.0,24.0,1.0,0.0,3.0,2.0,39.5,1,1,1,1,6716,2460,4731,4675,542,22292,24781,24242,8723,2692,1,17641,7786,2497,1.0,31:01,2015,2016
2015-16,203080,Thomas Robinson,Thomas,1610612751,BKN,Brooklyn Nets,21500248,2015-11-29T00:00:00,BKN vs. DET,W,12.4,0.0,0.0,2.0,2.0,2.0,10.0,2.0,4.0,2.0,0.0,1.0,0.0,17.4,1,1,1,1,21315,12059,10158,4675,12984,2619,20509,4025,23698,932,1,4972,18762,13595,1.0,12:26,2015,2016
2015-16,708,Kevin Garnett,Kevin,1610612750,MIN,Minnesota Timberwolves,21500247,2015-11-29T00:00:00,MIN @ LAC,L,15.4,0.0,0.0,0.0,0.0,0.0,5.0,2.0,6.0,0.0,1.0,4.0,1.0,13.7,1,13074,13074,13074,19485,12059,10158,9917,18861,1,11469,4025,22724,8004,17214,22104,12373,16393,1.0,15:23,2015,2016
2015-16,202689,Kemba Walker,Kemba,1610612766,CHA,Charlotte Hornets,21500246,2015-11-29T00:00:00,CHA vs. MIL,W,39.6,7.0,0.0,0.0,8.0,19.0,4.0,10.0,34.0,1.0,0.0,1.0,6.0,38.9,1,1,1,1,836,548,10158,9917,3109,25074,8458,20169,2701,2692,1,4972,873,2667,1.0,39:38,2015,2016
2015-16,2207,Joe Johnson,Joe,1610612751,BKN,Brooklyn Nets,21500248,2015-11-29T00:00:00,BKN vs. DET,W,38.8,4.0,2.0,5.0,6.0,11.0,11.0,10.0,34.0,0.0,0.0,1.0,3.0,17.5,1,1,1,1,1161,2460,4731,1277,5299,18886,21814,20169,2701,8004,1,4972,4736,13528,1.0,38:45,2015,2016
2015-16,201973,Jonas Jerebko,Jonas,1610612738,BOS,Boston Celtics,21500249,2015-11-29T00:00:00,BOS @ ORL,L,17.5,0.0,2.0,0.0,2.0,7.0,10.0,5.0,20.0,0.0,0.0,0.0,0.0,14.1,1,13074,13074,13074,17895,12059,4731,9917,12984,12242,20509,11593,11929,8004,1,1,18762,16094,1.0,17:30,2015,2016
2015-16,202688,Brandon Knight,Brandon,1610612756,PHX,Phoenix Suns,21500250,2015-11-29T00:00:00,PHX @ TOR,W,36.8,0.0,4.0,5.0,4.0,3.0,7.0,9.0,20.0,1.0,1.0,1.0,2.0,38.2,1,1,1,1,2251,12059,1596,1277,8599,5109,15642,18829,11929,2692,17214,4972,7786,2854,1.0,36:46,2015,2016
2015-16,101179,Ronnie Price,Ronnie,1610612756,PHX,Phoenix Suns,21500250,2015-11-29T00:00:00,PHX @ TOR,W,21.7,0.0,0.0,0.0,0.0,9.0,0.0,7.0,18.0,1.0,0.0,1.0,1.0,7.9,1,1,1,1,14437,12059,10158,9917,18861,15771,1,15538,13577,2692,1,4972,12373,20646,1.0,21:42,2015,2016
2015-16,200755,JJ Redick,JJ,1610612746,LAC,LA Clippers,21500247,2015-11-29T00:00:00,LAC vs. MIN,W,33.2,0.0,0.0,0.0,0.0,8.0,9.0,2.0,20.0,0.0,0.0,1.0,3.0,18.4,1,1,1,1,4941,12059,10158,9917,18861,13914,19144,4025,11929,8004,1,4972,4736,12854,1.0,33:15,2015,2016
2015-16,201150,Spencer Hawes,Spencer,1610612766,CHA,Charlotte Hornets,21500246,2015-11-29T00:00:00,CHA vs. MIL,W,16.4,0.0,0.0,0.0,0.0,6.0,2.0,6.0,6.0,0.0,1.0,2.0,2.0,12.6,1,1,1,1,18734,12059,10158,9917,18861,10028,3734,13388,22724,8004,17214,11390,7786,17277,1.0,16:24,2015,2016
2015-16,201145,Jeff Green,Jeff,1610612763,MEM,Memphis Grizzlies,21500251,2015-11-29T00:00:00,MEM vs. PHI,W,28.4,8.0,0.0,2.0,6.0,17.0,4.0,11.0,28.0,0.0,1.0,0.0,3.0,18.4,1,1,1,1,8894,308,10158,4675,5299,24337,8458,21342,5824,8004,17214,1,4736,12854,1.0,28:25,2015,2016
2015-16,203089,John Henson,John,1610612749,MIL,Milwaukee Bucks,21500246,2015-11-29T00:00:00,MIL @ CHA,L,17.8,0.0,2.0,0.0,2.0,9.0,5.0,1.0,8.0,1.0,0.0,2.0,1.0,8.0,1,13074,13074,13074,17693,12059,4731,9917,12984,15771,11469,3646,21543,2692,1,11390,12373,20564,1.0,17:47,2015,2016
2015-16,101181,Jose Calderon,Jose,1610612752,NYK,New York Knicks,21500252,2015-11-29T00:00:00,NYK vs. HOU,L,38.0,2.0,0.0,0.0,0.0,21.0,11.0,12.0,40.0,0.0,0.0,4.0,2.0,18.5,1,13074,13074,13074,1525,6026,10158,9917,18861,25535,21814,22259,983,8004,1,22104,7786,12794,1.0,37:58,2015,2016
2015-16,203499,Shane Larkin,Shane,1610612751,BKN,Brooklyn Nets,21500248,2015-11-29T00:00:00,BKN vs. DET,W,21.4,0.0,0.0,3.0,6.0,9.0,4.0,6.0,18.0,0.0,0.0,1.0,1.0,16.4,1,1,1,1,14702,12059,10158,3302,5299,15771,8458,13388,13577,8004,1,4972,12373,14289,1.0,21:23,2015,2016
2015-16,202340,Avery Bradley,Avery,1610612738,BOS,Boston Celtics,21500249,2015-11-29T00:00:00,BOS @ ORL,L,31.7,0.0,0.0,0.0,2.0,14.0,24.0,4.0,38.0,1.0,2.0,2.0,2.0,18.5,1,13074,13074,13074,6142,12059,10158,9917,12984,22292,26041,8806,1422,2692,23588,11390,7786,12794,1.0,31:42,2015,2016
2015-16,203482,Kelly Olynyk,Kelly,1610612738,BOS,Boston Celtics,21500249,2015-11-29T00:00:00,BOS @ ORL,L,17.2,0.0,0.0,0.0,0.0,4.0,6.0,5.0,20.0,0.0,0.0,1.0,0.0,7.8,1,13074,13074,13074,18096,12059,10158,9917,18861,6141,13237,11593,11929,8004,1,4972,18762,20696,1.0,17:14,2015,2016
2015-16,101139,CJ Miles,CJ,1610612754,IND,Indiana Pacers,21500253,2015-11-29T00:00:00,IND @ LAL,W,30.3,0.0,1.0,0.0,2.0,9.0,16.0,4.0,28.0,1.0,2.0,3.0,2.0,18.6,1,1,1,1,7245,12059,9709,9917,12984,15771,25155,8806,5824,2692,23588,17641,7786,12715,1.0,30:20,2015,2016
2015-16,101161,Amir Johnson,Amir,1610612738,BOS,Boston Celtics,21500249,2015-11-29T00:00:00,BOS @ ORL,L,19.3,0.0,0.0,2.0,6.0,7.0,12.0,4.0,18.0,1.0,0.0,5.0,2.0,18.3,1,13074,13074,13074,16476,12059,10158,4675,5299,12242,22832,8806,13577,2692,1,24686,7786,12952,1.0,19:17,2015,2016
2015-16,203382,Aron Baynes,Aron,1610612765,DET,Detroit Pistons,21500248,2015-11-29T00:00:00,DET @ BKN,L,11.3,0.0,0.0,0.0,2.0,2.0,2.0,3.0,8.0,0.0,2.0,1.0,0.0,2.7,1,13074,13074,13074,21915,12059,10158,9917,12984,2619,3734,7328,21543,8004,23588,4972,18762,23884,1.0,11:16,2015,2016
2015-16,202391,Jeremy Lin,Jeremy,1610612766,CHA,Charlotte Hornets,21500246,2015-11-29T00:00:00,CHA vs. MIL,W,22.4,3.0,3.0,2.0,0.0,5.0,6.0,2.0,16.0,0.0,0.0,3.0,7.0,16.6,1,1,1,1,13873,4307,3104,4675,18861,8403,13237,4025,15259,8004,1,17641,469,14125,1.0,22:21,2015,2016
2015-16,1889,Andre Miller,Andre,1610612750,MIN,Minnesota Timberwolves,21500247,2015-11-29T00:00:00,MIN @ LAC,L,21.3,0.0,0.0,0.0,8.0,9.0,3.0,5.0,16.0,0.0,0.0,1.0,3.0,18.2,1,13074,13074,13074,14783,12059,10158,9917,3109,15771,7138,11593,15259,8004,1,4972,4736,13004,1.0,21:18,2015,2016
2015-16,101127,Jarrett Jack,Jarrett,1610612751,BKN,Brooklyn Nets,21500248,2015-11-29T00:00:00,BKN vs. DET,W,26.7,0.0,0.0,0.0,0.0,9.0,20.0,9.0,22.0,0.0,0.0,2.0,2.0,21.0,1,1,1,1,10272,12059,10158,9917,18861,15771,25875,18829,10265,8004,1,11390,7786,11077,1.0,26:42,2015,2016
2015-16,203901,Elfrid Payton,Elfrid,1610612753,ORL,Orlando Magic,21500249,2015-11-29T00:00:00,ORL vs. BOS,W,35.2,2.0,0.0,2.0,4.0,8.0,7.0,4.0,26.0,1.0,3.0,1.0,3.0,21.1,1,1,1,1,3374,6026,10158,4675,8599,13914,15642,8806,7214,2692,25441,4972,4736,11012,1.0,35:13,2015,2016
2015-16,2744,Al Jefferson,Al,1610612766,CHA,Charlotte Hornets,21500246,2015-11-29T00:00:00,CHA vs. MIL,W,6.9,0.0,0.0,0.0,0.0,7.0,0.0,4.0,12.0,0.0,0.0,1.0,1.0,2.2,1,1,1,1,23613,12059,10158,9917,18861,12242,1,8806,18637,8004,1,4972,12373,24138,1.0,6:51,2015,2016
2015-16,203458,Alex Len,Alex,1610612756,PHX,Phoenix Suns,21500250,2015-11-29T00:00:00,PHX @ TOR,W,27.9,0.0,0.0,0.0,8.0,5.0,5.0,8.0,16.0,0.0,0.0,0.0,0.0,17.9,1,1,1,1,9317,12059,10158,9917,3109,8403,11469,17194,15259,8004,1,1,18762,13229,1.0,27:54,2015,2016
2015-16,203095,Evan Fournier,Evan,1610612753,ORL,Orlando Magic,21500249,2015-11-29T00:00:00,ORL vs. BOS,W,20.0,3.0,2.0,0.0,8.0,2.0,0.0,4.0,18.0,0.0,0.0,1.0,2.0,16.1,1,1,1,1,15906,4307,4731,9917,3109,2619,1,8806,13577,8004,1,4972,7786,14515,1.0,20:00,2015,2016
2015-16,202498,Lance Thomas,Lance,1610612752,NYK,New York Knicks,21500252,2015-11-29T00:00:00,NYK vs. HOU,L,36.4,2.0,4.0,0.0,6.0,18.0,17.0,14.0,42.0,0.0,1.0,2.0,1.0,16.6,1,13074,13074,13074,2497,6026,1596,9917,5299,24749,25429,23710,670,8004,17214,11390,12373,14125,1.0,36:22,2015,2016
2015-16,1897,Metta World Peace,Metta,1610612747,LAL,Los Angeles Lakers,21500253,2015-11-29T00:00:00,LAL vs. IND,L,27.0,3.0,0.0,0.0,2.0,7.0,7.0,5.0,28.0,0.0,1.0,6.0,2.0,18.1,1,13074,13074,13074,9980,4307,10158,9917,12984,12242,15642,11593,5824,8004,17214,25827,7786,13090,1.0,27:03,2015,2016
2015-16,201601,Luc Mbah a Moute,Luc,1610612746,LAC,LA Clippers,21500247,2015-11-29T00:00:00,LAC vs. MIN,W,23.4,0.0,1.0,0.0,0.0,4.0,6.0,2.0,12.0,1.0,2.0,2.0,1.0,18.1,1,1,1,1,13038,12059,9709,9917,18861,6141,13237,4025,18637,2692,23588,11390,12373,13090,1.0,23:24,2015,2016
2015-16,203917,Nik Stauskas,Nik,1610612755,PHI,Philadelphia 76ers,21500251,2015-11-29T00:00:00,PHI @ MEM,L,13.0,2.0,0.0,2.0,2.0,7.0,6.0,5.0,12.0,1.0,0.0,2.0,0.0,12.7,1,13074,13074,13074,20989,6026,10158,4675,12984,12242,13237,11593,18637,2692,1,11390,18762,17201,1.0,12:59,2015,2016
2015-16,101141,Ersan Ilyasova,Ersan,1610612765,DET,Detroit Pistons,21500248,2015-11-29T00:00:00,DET @ BKN,L,26.1,4.0,4.0,2.0,4.0,9.0,4.0,9.0,24.0,0.0,1.0,2.0,2.0,16.0,1,13074,13074,13074,10803,2460,1596,4675,8599,15771,8458,18829,8723,8004,17214,11390,7786,14590,1.0,26:03,2015,2016
2015-16,201977,Marcus Thornton,Marcus,1610612745,HOU,Houston Rockets,21500252,2015-11-29T00:00:00,HOU @ NYK,W,20.6,8.0,5.0,0.0,2.0,4.0,2.0,0.0,14.0,0.0,0.0,0.0,2.0,21.5,1,1,1,1,15369,308,995,9917,12984,6141,3734,1,17019,8004,1,1,7786,10755,1.0,20:37,2015,2016
2015-16,201949,James Johnson,James,1610612761,TOR,Toronto Raptors,21500250,2015-11-29T00:00:00,TOR vs. PHX,L,11.6,4.0,2.0,2.0,8.0,2.0,4.0,2.0,10.0,0.0,0.0,0.0,1.0,12.7,1,13074,13074,13074,21775,2460,4731,4675,3109,2619,8458,4025,20209,8004,1,1,12373,17201,1.0,11:36,2015,2016
2015-16,204456,T.J. McConnell,T.J.,1610612755,PHI,Philadelphia 76ers,21500251,2015-11-29T00:00:00,PHI @ MEM,L,21.9,2.0,0.0,0.0,4.0,12.0,13.0,6.0,16.0,0.0,0.0,4.0,1.0,16.6,1,13074,13074,13074,14280,6026,10158,9917,8599,20178,23668,13388,15259,8004,1,22104,12373,14125,1.0,21:52,2015,2016
2015-16,1626163,Frank Kaminsky,Frank,1610612766,CHA,Charlotte Hornets,21500246,2015-11-29T00:00:00,CHA vs. MIL,W,17.2,0.0,0.0,0.0,4.0,3.0,4.0,0.0,10.0,1.0,0.0,1.0,0.0,17.8,1,1,1,1,18141,12059,10158,9917,8599,5109,8458,1,20209,2692,1,4972,18762,13309,1.0,17:11,2015,2016
2015-16,1891,Jason Terry,Jason,1610612745,HOU,Houston Rockets,21500252,2015-11-29T00:00:00,HOU @ NYK,W,20.2,4.0,0.0,0.0,0.0,8.0,4.0,0.0,18.0,0.0,0.0,3.0,1.0,15.0,1,1,1,1,15729,2460,10158,9917,18861,13914,8458,1,13577,8004,1,17641,12373,15404,1.0,20:12,2015,2016
2015-16,202687,Bismack Biyombo,Bismack,1610612761,TOR,Toronto Raptors,21500250,2015-11-29T00:00:00,TOR vs. PHX,L,33.5,0.0,0.0,0.0,2.0,15.0,10.0,5.0,34.0,4.0,1.0,3.0,0.0,19.6,1,13074,13074,13074,4752,12059,10158,9917,12984,23079,20509,11593,2701,132,17214,17641,18762,12024,1.0,33:29,2015,2016
2015-16,203515,Phil Pressey,Phil,1610612755,PHI,Philadelphia 76ers,21500251,2015-11-29T00:00:00,PHI @ MEM,L,15.7,3.0,1.0,0.0,0.0,11.0,5.0,8.0,14.0,0.0,1.0,2.0,3.0,9.9,1,13074,13074,13074,19292,4307,9709,9917,18861,18886,11469,17194,17019,8004,17214,11390,4736,19247,1.0,15:40,2015,2016
2015-16,202323,Evan Turner,Evan,1610612738,BOS,Boston Celtics,21500249,2015-11-29T00:00:00,BOS @ ORL,L,21.0,0.0,2.0,0.0,2.0,9.0,6.0,7.0,26.0,0.0,2.0,1.0,1.0,18.8,1,13074,13074,13074,15092,12059,4731,9917,12984,15771,13237,15538,7214,8004,23588,4972,12373,12588,1.0,20:57,2015,2016
2015-16,1626143,Jahlil Okafor,Jahlil,1610612755,PHI,Philadelphia 76ers,21500251,2015-11-29T00:00:00,PHI @ MEM,L,32.0,0.0,2.0,0.0,6.0,16.0,13.0,11.0,30.0,0.0,3.0,4.0,3.0,26.1,1,13074,13074,13074,5899,12059,4731,9917,5299,23774,23668,21342,4541,8004,25441,22104,4736,7836,1.0,31:59,2015,2016
2015-16,101138,Brandon Bass,Brandon,1610612747,LAL,Los Angeles Lakers,21500253,2015-11-29T00:00:00,LAL vs. IND,L,18.1,4.0,4.0,0.0,4.0,3.0,9.0,0.0,12.0,0.0,0.0,4.0,0.0,14.3,1,13074,13074,13074,17423,2460,1596,9917,8599,5109,19144,1,18637,8004,1,22104,18762,15948,1.0,18:07,2015,2016
2015-16,1626170,Jerian Grant,Jerian,1610612752,NYK,New York Knicks,21500252,2015-11-29T00:00:00,NYK vs. HOU,L,11.5,0.0,0.0,0.0,4.0,3.0,2.0,2.0,10.0,0.0,0.0,0.0,2.0,10.2,1,13074,13074,13074,21812,12059,10158,9917,8599,5109,3734,4025,20209,8004,1,1,7786,19003,1.0,11:31,2015,2016
2015-16,203944,Julius Randle,Julius,1610612747,LAL,Los Angeles Lakers,21500253,2015-11-29T00:00:00,LAL vs. IND,L,27.1,0.0,2.0,2.0,8.0,5.0,3.0,3.0,16.0,1.0,2.0,5.0,3.0,25.9,1,13074,13074,13074,9934,12059,4731,4675,3109,8403,7138,7328,15259,2692,23588,24686,4736,7960,1.0,27:05,2015,2016
2015-16,202709,Cory Joseph,Cory,1610612761,TOR,Toronto Raptors,21500250,2015-11-29T00:00:00,TOR vs. PHX,L,32.5,0.0,0.0,0.0,4.0,13.0,8.0,10.0,26.0,2.0,1.0,2.0,0.0,23.5,1,13074,13074,13074,5503,12059,10158,9917,8599,21300,17345,20169,7214,932,17214,11390,18762,9452,1.0,32:30,2015,2016
2015-16,1626169,Stanley Johnson,Stanley,1610612765,DET,Detroit Pistons,21500248,2015-11-29T00:00:00,DET @ BKN,L,26.6,2.0,0.0,2.0,4.0,6.0,2.0,9.0,22.0,0.0,1.0,3.0,0.0,19.5,1,13074,13074,13074,10338,6026,10158,4675,8599,10028,3734,18829,10265,8004,17214,17641,18762,12096,1.0,26:38,2015,2016
2015-16,201941,Jordan Hill,Jordan,1610612754,IND,Indiana Pacers,21500253,2015-11-29T00:00:00,IND @ LAL,W,20.0,0.0,6.0,0.0,6.0,4.0,5.0,2.0,14.0,0.0,0.0,4.0,0.0,19.5,1,1,1,1,15906,12059,481,9917,5299,6141,11469,4025,17019,8004,1,22104,18762,12096,1.0,20:00,2015,2016
2015-16,2754,Tony Allen,Tony,1610612763,MEM,Memphis Grizzlies,21500251,2015-11-29T00:00:00,MEM vs. PHI,W,19.5,0.0,2.0,2.0,8.0,11.0,0.0,7.0,18.0,0.0,2.0,2.0,1.0,18.8,1,1,1,1,16350,12059,4731,4675,3109,18886,1,15538,13577,8004,23588,11390,12373,12588,1.0,19:27,2015,2016
2015-16,203960,JaKarr Sampson,JaKarr,1610612755,PHI,Philadelphia 76ers,21500251,2015-11-29T00:00:00,PHI @ MEM,L,11.6,5.0,0.0,0.0,6.0,0.0,3.0,2.0,12.0,1.0,0.0,1.0,1.0,19.5,1,13074,13074,13074,21789,1603,10158,9917,5299,1,7138,4025,18637,2692,1,4972,12373,12096,1.0,11:34,2015,2016
2015-16,1626204,Larry Nance Jr.,Larry,1610612747,LAL,Los Angeles Lakers,21500253,2015-11-29T00:00:00,LAL vs. IND,L,14.7,2.0,2.0,0.0,4.0,3.0,8.0,3.0,16.0,2.0,0.0,1.0,1.0,14.6,1,13074,13074,13074,19995,6026,4731,9917,8599,5109,17345,7328,15259,932,1,4972,12373,15699,1.0,14:39,2015,2016
2015-16,201156,Nick Young,Nick,1610612747,LAL,Los Angeles Lakers,21500253,2015-11-29T00:00:00,LAL vs. IND,L,27.5,6.0,3.0,0.0,0.0,8.0,7.0,6.0,22.0,0.0,0.0,4.0,1.0,25.9,1,13074,13074,13074,9578,878,3104,9917,18861,13914,15642,13388,10265,8004,1,22104,12373,7960,1.0,27:32,2015,2016
2015-16,204038,Langston Galloway,Langston,1610612752,NYK,New York Knicks,21500252,2015-11-29T00:00:00,NYK vs. HOU,L,26.2,0.0,0.0,0.0,2.0,10.0,8.0,5.0,26.0,0.0,0.0,3.0,1.0,10.0,1,13074,13074,13074,10685,12059,10158,9917,12984,17370,17345,11593,7214,8004,1,17641,12373,19178,1.0,26:12,2015,2016
2015-16,1626156,D'Angelo Russell,D'Angelo,1610612747,LAL,Los Angeles Lakers,21500253,2015-11-29T00:00:00,LAL vs. IND,L,26.2,0.0,2.0,2.0,6.0,4.0,8.0,2.0,26.0,0.0,0.0,0.0,0.0,18.9,1,13074,13074,13074,10673,12059,4731,4675,5299,6141,17345,4025,7214,8004,1,1,18762,12513,1.0,26:13,2015,2016
2015-16,1626178,Rondae Hollis-Jefferson,Rondae,1610612751,BKN,Brooklyn Nets,21500248,2015-11-29T00:00:00,BKN vs. DET,W,21.3,0.0,0.0,2.0,0.0,12.0,15.0,9.0,24.0,1.0,1.0,1.0,2.0,9.8,1,1,1,1,14759,12059,10158,4675,18861,20178,24781,18829,8723,2692,17214,4972,7786,19331,1.0,21:20,2015,2016
2015-16,202730,Lavoy Allen,Lavoy,1610612754,IND,Indiana Pacers,21500253,2015-11-29T00:00:00,IND @ LAL,W,16.9,0.0,2.0,0.0,6.0,7.0,2.0,4.0,10.0,0.0,1.0,0.0,0.0,14.4,1,1,1,1,18316,12059,4731,9917,5299,12242,3734,8806,20209,8004,17214,1,18762,15857,1.0,16:57,2015,2016
2015-16,202362,Lance Stephenson,Lance,1610612746,LAC,LA Clippers,21500247,2015-11-29T00:00:00,LAC vs. MIN,W,19.7,0.0,7.0,0.0,4.0,8.0,3.0,2.0,22.0,0.0,1.0,2.0,1.0,23.7,1,1,1,1,16137,12059,292,9917,8599,13914,7138,4025,10265,8004,17214,11390,12373,9329,1.0,19:43,2015,2016
2015-16,203477,Isaiah Canaan,Isaiah,1610612755,PHI,Philadelphia 76ers,21500251,2015-11-29T00:00:00,PHI @ MEM,L,35.4,7.0,0.0,2.0,2.0,18.0,15.0,16.0,34.0,0.0,1.0,3.0,2.0,23.7,1,13074,13074,13074,3264,548,10158,4675,12984,24749,24781,24641,2701,8004,17214,17641,7786,9329,1.0,35:21,2015,2016
2015-16,203109,Jae Crowder,Jae,1610612738,BOS,Boston Celtics,21500249,2015-11-29T00:00:00,BOS @ ORL,L,33.0,4.0,0.0,2.0,6.0,12.0,22.0,4.0,36.0,1.0,0.0,0.0,3.0,23.7,1,13074,13074,13074,5167,2460,10158,4675,5299,20178,25991,8806,1943,2692,1,1,4736,9329,1.0,32:57,2015,2016
2015-16,202738,Isaiah Thomas,Isaiah,1610612738,BOS,Boston Celtics,21500249,2015-11-29T00:00:00,BOS @ ORL,L,32.3,4.0,0.0,2.0,8.0,9.0,20.0,7.0,30.0,0.0,2.0,2.0,5.0,34.7,1,13074,13074,13074,5669,2460,10158,4675,3109,15771,25875,15538,4541,8004,23588,11390,1539,3935,1.0,32:17,2015,2016
2015-16,200768,Kyle Lowry,Kyle,1610612761,TOR,Toronto Raptors,21500250,2015-11-29T00:00:00,TOR vs. PHX,L,33.5,0.0,3.0,3.0,2.0,13.0,10.0,8.0,36.0,0.0,2.0,4.0,3.0,34.1,1,13074,13074,13074,4728,12059,3104,3302,12984,21300,20509,17194,1943,8004,23588,22104,4736,4124,1.0,33:31,2015,2016
2015-16,203924,Jerami Grant,Jerami,1610612755,PHI,Philadelphia 76ers,21500251,2015-11-29T00:00:00,PHI @ MEM,L,30.5,3.0,0.0,5.0,4.0,13.0,18.0,15.0,28.0,3.0,0.0,4.0,5.0,34.9,1,13074,13074,13074,7117,4307,10158,1277,8599,21300,25634,24242,5824,347,1,22104,1539,3845,1.0,30:29,2015,2016
2015-16,203484,Kentavious Caldwell-Pope,Kentavious,1610612765,DET,Detroit Pistons,21500248,2015-11-29T00:00:00,DET @ BKN,L,33.9,5.0,7.0,4.0,2.0,11.0,4.0,13.0,34.0,0.0,2.0,0.0,5.0,33.9,1,13074,13074,13074,4396,1603,292,1913,12984,18886,8458,23048,2701,8004,23588,1,1539,4208,1.0,33:56,2015,2016
2015-16,201961,Wayne Ellington,Wayne,1610612751,BKN,Brooklyn Nets,21500248,2015-11-29T00:00:00,BKN vs. DET,W,23.5,0.0,0.0,0.0,2.0,7.0,11.0,5.0,14.0,1.0,0.0,0.0,1.0,19.2,1,1,1,1,12950,12059,10158,9917,12984,12242,21814,11593,17019,2692,1,1,12373,12284,1.0,23:32,2015,2016
2015-16,203476,Gorgui Dieng,Gorgui,1610612750,MIN,Minnesota Timberwolves,21500247,2015-11-29T00:00:00,MIN @ LAC,L,24.5,0.0,4.0,0.0,8.0,9.0,4.0,5.0,16.0,1.0,0.0,3.0,4.0,34.0,1,13074,13074,13074,12083,12059,1596,9917,3109,15771,8458,11593,15259,2692,1,17641,2748,4162,1.0,24:32,2015,2016
2015-16,201945,Gerald Henderson,Gerald,1610612757,POR,Portland Trail Blazers,21500244,2015-11-28T00:00:00,POR vs. LAL,W,8.1,2.0,0.0,2.0,2.0,0.0,3.0,0.0,10.0,0.0,0.0,0.0,3.0,14.4,1,1,1,1,23150,6026,10158,4675,12984,1,7138,1,20209,8004,1,1,4736,15857,1.0,8:06,2015,2016
2015-16,2749,Jameer Nelson,Jameer,1610612743,DEN,Denver Nuggets,21500241,2015-11-28T00:00:00,DEN @ DAL,L,17.2,0.0,0.0,0.0,0.0,7.0,6.0,0.0,18.0,0.0,0.0,1.0,0.0,9.9,1,13074,13074,13074,18112,12059,10158,9917,18861,12242,13237,1,13577,8004,1,4972,18762,19247,1.0,17:13,2015,2016
2015-16,101162,Marcin Gortat,Marcin,1610612764,WAS,Washington Wizards,21500239,2015-11-28T00:00:00,WAS vs. TOR,L,33.9,2.0,2.0,0.0,12.0,7.0,2.0,12.0,14.0,1.0,1.0,4.0,3.0,33.5,1,13074,13074,13074,4454,6026,4731,9917,988,12242,3734,22259,17019,2692,17214,22104,4736,4348,1.0,33:52,2015,2016
2015-16,201196,Ramon Sessions,Ramon,1610612764,WAS,Washington Wizards,21500239,2015-11-28T00:00:00,WAS vs. TOR,L,24.8,0.0,0.0,0.0,0.0,7.0,0.0,8.0,10.0,0.0,0.0,2.0,3.0,14.4,1,13074,13074,13074,11792,12059,10158,9917,18861,12242,1,17194,20209,8004,1,11390,4736,15857,1.0,24:51,2015,2016
2015-16,203504,Trey Burke,Trey,1610612762,UTA,Utah Jazz,21500243,2015-11-28T00:00:00,UTA vs. NOP,W,15.4,6.0,0.0,3.0,0.0,8.0,5.0,5.0,10.0,0.0,0.0,1.0,1.0,9.9,1,1,1,1,19514,878,10158,3302,18861,13914,11469,11593,20209,8004,1,4972,12373,19247,1.0,15:21,2015,2016
2015-16,203468,CJ McCollum,CJ,1610612757,POR,Portland Trail Blazers,21500244,2015-11-28T00:00:00,POR vs. LAL,W,33.7,2.0,2.0,0.0,6.0,13.0,5.0,10.0,24.0,0.0,1.0,2.0,0.0,33.9,1,1,1,1,4606,6026,4731,9917,5299,21300,11469,20169,8723,8004,17214,11390,18762,4208,1.0,33:42,2015,2016
2015-16,201583,Ryan Anderson,Ryan,1610612740,NOP,New Orleans Pelicans,21500243,2015-11-28T00:00:00,NOP @ UTA,L,38.2,2.0,0.0,0.0,0.0,18.0,3.0,10.0,30.0,1.0,0.0,2.0,3.0,22.9,1,13074,13074,13074,1424,6026,10158,9917,18861,24749,7138,20169,4541,2692,1,11390,4736,9811,1.0,38:12,2015,2016
2015-16,201152,Thaddeus Young,Thaddeus,1610612751,BKN,Brooklyn Nets,21500240,2015-11-28T00:00:00,BKN @ CLE,L,35.9,2.0,2.0,4.0,14.0,13.0,8.0,8.0,30.0,0.0,3.0,3.0,2.0,33.4,1,13074,13074,13074,2845,6026,4731,1913,542,21300,17345,17194,4541,8004,25441,17641,7786,4384,2.0,35:53,2015,2016
2015-16,201980,Danny Green,Danny,1610612759,SAS,San Antonio Spurs,21500242,2015-11-28T00:00:00,SAS vs. ATL,W,28.7,3.0,0.0,3.0,0.0,8.0,9.0,12.0,20.0,1.0,1.0,2.0,0.0,14.9,1,1,1,1,8624,4307,10158,3302,18861,13914,19144,22259,11929,2692,17214,11390,18762,15463,1.0,28:43,2015,2016
2015-16,1717,Dirk Nowitzki,Dirk,1610612742,DAL,Dallas Mavericks,21500241,2015-11-28T00:00:00,DAL vs. DEN,W,30.6,5.0,5.0,0.0,2.0,3.0,8.0,2.0,14.0,0.0,0.0,1.0,4.0,33.4,1,1,1,1,7022,1603,995,9917,12984,5109,17345,4025,17019,8004,1,4972,2748,4384,1.0,30:36,2015,2016
2015-16,203939,Dwight Powell,Dwight,1610612742,DAL,Dallas Mavericks,21500241,2015-11-28T00:00:00,DAL vs. DEN,W,20.8,4.0,0.0,0.0,4.0,16.0,15.0,6.0,12.0,1.0,0.0,2.0,1.0,23.3,1,1,1,1,15206,2460,10158,9917,8599,23774,24781,13388,18637,2692,1,11390,12373,9567,1.0,20:49,2015,2016
2015-16,202322,John Wall,John,1610612764,WAS,Washington Wizards,21500239,2015-11-28T00:00:00,WAS vs. TOR,L,39.2,0.0,2.0,0.0,6.0,12.0,2.0,12.0,22.0,0.0,4.0,2.0,4.0,35.1,1,13074,13074,13074,1012,12059,4731,9917,5299,20178,3734,22259,10265,8004,25926,11390,2748,3777,1.0,39:09,2015,2016
2015-16,2592,James Jones,James,1610612739,CLE,Cleveland Cavaliers,21500240,2015-11-28T00:00:00,CLE vs. BKN,W,6.0,0.0,0.0,0.0,0.0,2.0,4.0,0.0,4.0,2.0,0.0,0.0,0.0,10.2,1,1,1,1,23952,12059,10158,9917,18861,2619,8458,1,23698,932,1,1,18762,19003,2.0,6:01,2015,2016
2015-16,203145,Kent Bazemore,Kent,1610612737,ATL,Atlanta Hawks,21500242,2015-11-28T00:00:00,ATL @ SAS,L,19.8,2.0,2.0,2.0,8.0,9.0,2.0,7.0,18.0,1.0,0.0,3.0,3.0,23.4,1,13074,13074,13074,16056,6026,4731,4675,3109,15771,3734,15538,13577,2692,1,17641,4736,9501,1.0,19:49,2015,2016
2015-16,101138,Brandon Bass,Brandon,1610612747,LAL,Los Angeles Lakers,21500244,2015-11-28T00:00:00,LAL @ POR,L,17.5,3.0,1.0,2.0,0.0,2.0,2.0,6.0,12.0,1.0,1.0,2.0,3.0,14.6,1,13074,13074,13074,17875,4307,9709,4675,18861,2619,3734,13388,18637,2692,17214,11390,4736,15699,1.0,17:32,2015,2016
2015-16,977,Kobe Bryant,Kobe,1610612747,LAL,Los Angeles Lakers,21500244,2015-11-28T00:00:00,LAL @ POR,L,34.1,0.0,0.0,0.0,6.0,8.0,7.0,10.0,26.0,0.0,0.0,1.0,4.0,25.4,1,13074,13074,13074,4238,12059,10158,9917,5299,13914,15642,20169,7214,8004,1,4972,2748,8273,1.0,34:08,2015,2016
2015-16,200746,LaMarcus Aldridge,LaMarcus,1610612759,SAS,San Antonio Spurs,21500242,2015-11-28T00:00:00,SAS vs. ATL,W,24.6,2.0,4.0,0.0,4.0,14.0,11.0,12.0,14.0,2.0,0.0,1.0,2.0,34.7,1,1,1,1,12034,6026,1596,9917,8599,22292,21814,22259,17019,932,1,4972,7786,3935,1.0,24:35,2015,2016
2015-16,202691,Klay Thompson,Klay,1610612744,GSW,Golden State Warriors,21500245,2015-11-28T00:00:00,GSW vs. SAC,W,26.0,3.0,0.0,8.0,4.0,9.0,13.0,8.0,28.0,0.0,0.0,1.0,0.0,19.0,1,1,1,1,10840,4307,10158,280,8599,15771,23668,17194,5824,8004,1,4972,18762,12440,1.0,26:00,2015,2016
2015-16,201575,Brandon Rush,Brandon,1610612744,GSW,Golden State Warriors,21500245,2015-11-28T00:00:00,GSW vs. SAC,W,19.5,8.0,2.0,0.0,2.0,11.0,9.0,15.0,20.0,0.0,1.0,1.0,1.0,19.1,1,1,1,1,16350,308,4731,9917,12984,18886,19144,24242,11929,8004,17214,4972,12373,12372,1.0,19:27,2015,2016
2015-16,202329,Al-Farouq Aminu,Al-Farouq,1610612757,POR,Portland Trail Blazers,21500244,2015-11-28T00:00:00,POR vs. LAL,W,28.4,2.0,2.0,1.0,2.0,7.0,8.0,6.0,24.0,0.0,0.0,1.0,2.0,19.3,1,1,1,1,8932,6026,4731,9347,12984,12242,17345,13388,8723,8004,1,4972,7786,12228,1.0,28:23,2015,2016
2015-16,201143,Al Horford,Al,1610612737,ATL,Atlanta Hawks,21500242,2015-11-28T00:00:00,ATL @ SAS,L,21.9,0.0,4.0,2.0,4.0,6.0,2.0,4.0,18.0,0.0,1.0,1.0,1.0,19.3,1,13074,13074,13074,14245,12059,1596,4675,8599,10028,3734,8806,13577,8004,17214,4972,12373,12228,1.0,21:55,2015,2016
2015-16,201156,Nick Young,Nick,1610612747,LAL,Los Angeles Lakers,21500244,2015-11-28T00:00:00,LAL @ POR,L,15.3,0.0,0.0,0.0,0.0,4.0,6.0,6.0,10.0,0.0,0.0,1.0,0.0,10.2,1,13074,13074,13074,19532,12059,10158,9917,18861,6141,13237,13388,20209,8004,1,4972,18762,19003,1.0,15:20,2015,2016
2015-16,200765,Rajon Rondo,Rajon,1610612758,SAC,Sacramento Kings,21500245,2015-11-28T00:00:00,SAC @ GSW,L,24.8,0.0,2.0,0.0,0.0,15.0,7.0,11.0,28.0,0.0,1.0,4.0,0.0,19.3,1,13074,13074,13074,11841,12059,4731,9917,18861,23079,15642,21342,5824,8004,17214,22104,18762,12228,1.0,24:47,2015,2016
2015-16,201949,James Johnson,James,1610612761,TOR,Toronto Raptors,21500239,2015-11-28T00:00:00,TOR @ WAS,W,4.8,0.0,0.0,0.0,4.0,2.0,4.0,0.0,0.0,0.0,0.0,0.0,2.0,9.7,1,1,1,1,24418,12059,10158,9917,8599,2619,8458,1,25429,8004,1,1,7786,19379,1.0,4:50,2015,2016
2015-16,1626144,Emmanuel Mudiay,Emmanuel,1610612743,DEN,Denver Nuggets,21500241,2015-11-28T00:00:00,DEN @ DAL,L,34.3,0.0,0.0,0.0,4.0,14.0,6.0,9.0,24.0,0.0,2.0,4.0,2.0,25.0,1,13074,13074,13074,4106,12059,10158,9917,8599,22292,13237,18829,8723,8004,23588,22104,7786,8485,1.0,34:17,2015,2016
2015-16,202687,Bismack Biyombo,Bismack,1610612761,TOR,Toronto Raptors,21500239,2015-11-28T00:00:00,TOR @ WAS,W,34.7,0.0,0.0,0.0,0.0,8.0,6.0,4.0,10.0,4.0,0.0,4.0,3.0,35.2,1,1,1,1,3794,12059,10158,9917,18861,13914,13237,8806,20209,132,1,22104,4736,3745,1.0,34:41,2015,2016
2015-16,201960,DeMarre Carroll,DeMarre,1610612761,TOR,Toronto Raptors,21500239,2015-11-28T00:00:00,TOR @ WAS,W,27.6,0.0,0.0,2.0,2.0,8.0,8.0,2.0,14.0,0.0,0.0,4.0,1.0,11.3,1,1,1,1,9530,12059,10158,4675,12984,13914,17345,4025,17019,8004,1,22104,12373,18230,1.0,27:37,2015,2016
2015-16,2594,Kyle Korver,Kyle,1610612737,ATL,Atlanta Hawks,21500242,2015-11-28T00:00:00,ATL @ SAS,L,25.5,2.0,0.0,4.0,2.0,15.0,4.0,7.0,22.0,1.0,0.0,0.0,0.0,11.2,1,13074,13074,13074,11337,6026,10158,1913,12984,23079,8458,15538,10265,2692,1,1,18762,18267,1.0,25:27,2015,2016
2015-16,203499,Shane Larkin,Shane,1610612751,BKN,Brooklyn Nets,21500240,2015-11-28T00:00:00,BKN @ CLE,L,12.6,0.0,0.0,0.0,4.0,7.0,0.0,2.0,10.0,0.0,0.0,0.0,3.0,10.7,1,13074,13074,13074,21212,12059,10158,9917,8599,12242,1,4025,20209,8004,1,1,4736,18636,2.0,12:36,2015,2016
2015-16,203082,Terrence Ross,Terrence,1610612761,TOR,Toronto Raptors,21500239,2015-11-28T00:00:00,TOR @ WAS,W,19.9,2.0,0.0,2.0,2.0,5.0,2.0,5.0,6.0,1.0,0.0,2.0,1.0,10.9,1,1,1,1,15982,6026,10158,4675,12984,8403,3734,11593,22724,2692,1,11390,12373,18498,1.0,19:55,2015,2016
2015-16,203501,Tim Hardaway Jr.,Tim,1610612737,ATL,Atlanta Hawks,21500242,2015-11-28T00:00:00,ATL @ SAS,L,12.0,0.0,0.0,0.0,2.0,4.0,1.0,7.0,10.0,0.0,1.0,1.0,0.0,6.1,1,13074,13074,13074,21529,12059,10158,9917,12984,6141,3393,15538,20209,8004,17214,4972,18762,21845,1.0,12:00,2015,2016
2015-16,203530,Joffrey Lauvergne,Joffrey,1610612743,DEN,Denver Nuggets,21500241,2015-11-28T00:00:00,DEN @ DAL,L,8.3,0.0,0.0,0.0,0.0,6.0,0.0,4.0,8.0,0.0,0.0,2.0,0.0,1.4,1,13074,13074,13074,23083,12059,10158,9917,18861,10028,1,8806,21543,8004,1,11390,18762,24615,1.0,8:19,2015,2016
2015-16,201600,Omer Asik,Omer,1610612740,NOP,New Orleans Pelicans,21500243,2015-11-28T00:00:00,NOP @ UTA,L,7.9,0.0,0.0,0.0,0.0,4.0,7.0,4.0,16.0,0.0,1.0,0.0,0.0,1.4,1,13074,13074,13074,23217,12059,10158,9917,18861,6141,15642,8806,15259,8004,17214,1,18762,24615,1.0,7:55,2015,2016
2015-16,203552,Seth Curry,Seth,1610612758,SAC,Sacramento Kings,21500245,2015-11-28T00:00:00,SAC @ GSW,L,9.4,0.0,0.0,6.0,0.0,2.0,5.0,4.0,4.0,0.0,0.0,1.0,0.0,11.2,1,13074,13074,13074,22676,12059,10158,740,18861,2619,11469,8806,23698,8004,1,4972,18762,18267,1.0,9:23,2015,2016
2015-16,202711,Bojan Bogdanović,Bojan,1610612751,BKN,Brooklyn Nets,21500240,2015-11-28T00:00:00,BKN @ CLE,L,13.8,0.0,0.0,0.0,2.0,7.0,2.0,2.0,8.0,0.0,2.0,1.0,0.0,5.8,1,13074,13074,13074,20519,12059,10158,9917,12984,12242,3734,4025,21543,8004,23588,4972,18762,22018,2.0,13:49,2015,2016
2015-16,201582,Alexis Ajinca,Alexis,1610612740,NOP,New Orleans Pelicans,21500243,2015-11-28T00:00:00,NOP @ UTA,L,4.4,0.0,0.0,0.0,0.0,0.0,2.0,0.0,2.0,0.0,0.0,1.0,0.0,2.0,1,13074,13074,13074,24596,12059,10158,9917,18861,1,3734,1,24614,8004,1,4972,18762,24216,1.0,4:21,2015,2016
2015-16,201158,Marco Belinelli,Marco,1610612758,SAC,Sacramento Kings,21500245,2015-11-28T00:00:00,SAC @ GSW,L,22.5,0.0,0.0,0.0,2.0,5.0,6.0,4.0,24.0,0.0,0.0,2.0,2.0,6.2,1,13074,13074,13074,13793,12059,10158,9917,12984,8403,13237,8806,8723,8004,1,11390,7786,21696,1.0,22:27,2015,2016
2015-16,203200,Justin Holiday,Justin,1610612737,ATL,Atlanta Hawks,21500242,2015-11-28T00:00:00,ATL @ SAS,L,8.3,0.0,0.0,2.0,2.0,0.0,1.0,3.0,2.0,0.0,0.0,0.0,1.0,6.2,1,13074,13074,13074,23097,12059,10158,4675,12984,1,3393,7328,24614,8004,1,1,12373,21696,1.0,8:16,2015,2016
2015-16,1626168,Trey Lyles,Trey,1610612762,UTA,Utah Jazz,21500243,2015-11-28T00:00:00,UTA vs. NOP,W,18.3,0.0,0.0,0.0,0.0,13.0,3.0,8.0,16.0,1.0,0.0,2.0,0.0,10.8,1,1,1,1,17292,12059,10158,9917,18861,21300,7138,17194,15259,2692,1,11390,18762,18579,1.0,18:16,2015,2016
2015-16,2561,David West,David,1610612759,SAS,San Antonio Spurs,21500242,2015-11-28T00:00:00,SAS vs. ATL,W,8.0,0.0,0.0,0.0,0.0,0.0,0.0,2.0,2.0,0.0,0.0,0.0,0.0,2.0,1,1,1,1,23183,12059,10158,9917,18861,1,1,4025,24614,8004,1,1,18762,24216,1.0,8:00,2015,2016
2015-16,2449,Luis Scola,Luis,1610612761,TOR,Toronto Raptors,21500239,2015-11-28T00:00:00,TOR @ WAS,W,25.9,2.0,2.0,0.0,6.0,11.0,6.0,1.0,18.0,0.0,0.0,3.0,0.0,11.2,1,1,1,1,10963,6026,4731,9917,5299,18886,13237,3646,13577,8004,1,17641,18762,18267,1.0,25:52,2015,2016
2015-16,203459,Allen Crabbe,Allen,1610612757,POR,Portland Trail Blazers,21500244,2015-11-28T00:00:00,POR vs. LAL,W,17.1,2.0,2.0,2.0,2.0,9.0,1.0,4.0,8.0,0.0,0.0,1.0,1.0,10.9,1,1,1,1,18230,6026,4731,4675,12984,15771,3393,8806,21543,8004,1,4972,12373,18498,1.0,17:03,2015,2016
2015-16,203123,Kostas Papanikolaou,Kostas,1610612743,DEN,Denver Nuggets,21500241,2015-11-28T00:00:00,DEN @ DAL,L,2.4,2.0,2.0,0.0,0.0,0.0,0.0,0.0,0.0,0.0,0.0,0.0,1.0,2.0,1,13074,13074,13074,25365,6026,4731,9917,18861,1,1,1,25429,8004,1,1,12373,24216,1.0,2:26,2015,2016
2015-16,202330,Gordon Hayward,Gordon,1610612762,UTA,Utah Jazz,21500243,2015-11-28T00:00:00,UTA vs. NOP,W,35.6,0.0,0.0,2.0,10.0,16.0,0.0,12.0,24.0,0.0,1.0,0.0,5.0,24.2,1,1,1,1,3046,12059,10158,4675,1840,23774,1,22259,8723,8004,17214,1,1539,9009,1.0,35:37,2015,2016
2015-16,201952,Jeff Teague,Jeff,1610612737,ATL,Atlanta Hawks,21500242,2015-11-28T00:00:00,ATL @ SAS,L,22.5,0.0,0.0,0.0,2.0,11.0,2.0,7.0,18.0,0.0,2.0,3.0,2.0,11.6,1,13074,13074,13074,13764,12059,10158,9917,12984,18886,3734,15538,13577,8004,23588,17641,7786,17970,1.0,22:30,2015,2016
2015-16,203110,Draymond Green,Draymond,1610612744,GSW,Golden State Warriors,21500245,2015-11-28T00:00:00,GSW vs. SAC,W,35.7,0.0,2.0,1.0,8.0,9.0,19.0,12.0,42.0,4.0,0.0,4.0,7.0,56.2,1,1,1,1,2963,12059,4731,9347,3109,15771,25786,22259,670,132,1,22104,469,342,1.0,35:43,2015,2016
2015-16,202344,Trevor Booker,Trevor,1610612762,UTA,Utah Jazz,21500243,2015-11-28T00:00:00,UTA vs. NOP,W,38.1,6.0,0.0,7.0,10.0,13.0,2.0,12.0,28.0,3.0,0.0,2.0,2.0,48.5,1,1,1,1,1478,878,10158,454,1840,21300,3734,22259,5824,347,1,11390,7786,909,1.0,38:04,2015,2016
2015-16,203918,Rodney Hood,Rodney,1610612762,UTA,Utah Jazz,21500243,2015-11-28T00:00:00,UTA vs. NOP,W,33.5,2.0,4.0,0.0,6.0,15.0,0.0,14.0,26.0,0.0,1.0,3.0,2.0,29.4,1,1,1,1,4740,6026,1596,9917,5299,23079,1,23710,7214,8004,17214,17641,7786,6143,1.0,33:30,2015,2016
2015-16,203076,Anthony Davis,Anthony,1610612740,NOP,New Orleans Pelicans,21500243,2015-11-28T00:00:00,NOP @ UTA,L,44.3,8.0,2.0,11.0,16.0,17.0,12.0,9.0,40.0,3.0,1.0,4.0,9.0,63.7,1,13074,13074,13074,110,308,4731,69,275,24337,22832,18829,983,347,17214,22104,138,108,1.0,44:20,2015,2016
2015-16,203105,Festus Ezeli,Festus,1610612744,GSW,Golden State Warriors,21500245,2015-11-28T00:00:00,GSW vs. SAC,W,18.0,0.0,3.0,2.0,8.0,2.0,8.0,4.0,18.0,0.0,1.0,2.0,3.0,24.7,1,1,1,1,17523,12059,3104,4675,3109,2619,17345,8806,13577,8004,17214,11390,4736,8673,1.0,17:59,2015,2016
2015-16,202684,Tristan Thompson,Tristan,1610612739,CLE,Cleveland Cavaliers,21500240,2015-11-28T00:00:00,CLE vs. BKN,W,31.6,2.0,2.0,0.0,8.0,11.0,8.0,4.0,28.0,0.0,1.0,3.0,3.0,24.2,1,1,1,1,6210,6026,4731,9917,3109,18886,17345,8806,5824,8004,17214,17641,4736,9009,2.0,31:37,2015,2016
2015-16,1495,Tim Duncan,Tim,1610612759,SAS,San Antonio Spurs,21500242,2015-11-28T00:00:00,SAS vs. ATL,W,28.5,2.0,0.0,0.0,10.0,15.0,9.0,12.0,14.0,2.0,0.0,3.0,1.0,45.6,1,1,1,1,8840,6026,10158,9917,1840,23079,19144,22259,17019,932,1,17641,12373,1263,1.0,28:29,2015,2016
2015-16,2590,Mo Williams,Mo,1610612739,CLE,Cleveland Cavaliers,21500240,2015-11-28T00:00:00,CLE vs. BKN,W,28.4,4.0,2.0,2.0,4.0,6.0,8.0,7.0,30.0,1.0,1.0,3.0,0.0,23.9,1,1,1,1,8879,2460,4731,4675,8599,10028,17345,15538,4541,2692,17214,17641,18762,9184,2.0,28:26,2015,2016
2015-16,202709,Cory Joseph,Cory,1610612761,TOR,Toronto Raptors,21500239,2015-11-28T00:00:00,TOR @ WAS,W,34.3,0.0,0.0,0.0,0.0,7.0,8.0,5.0,12.0,1.0,0.0,1.0,1.0,24.0,1,1,1,1,4068,12059,10158,9917,18861,12242,17345,11593,18637,2692,1,4972,12373,9121,1.0,34:20,2015,2016
2015-16,101127,Jarrett Jack,Jarrett,1610612751,BKN,Brooklyn Nets,21500240,2015-11-28T00:00:00,BKN @ CLE,L,35.4,5.0,0.0,0.0,2.0,11.0,8.0,8.0,28.0,0.0,2.0,2.0,3.0,36.0,1,13074,13074,13074,3223,1603,10158,9917,12984,18886,17345,17194,5824,8004,23588,11390,4736,3463,2.0,35:24,2015,2016
2015-16,2544,LeBron James,LeBron,1610612739,CLE,Cleveland Cavaliers,21500240,2015-11-28T00:00:00,CLE vs. BKN,W,35.7,0.0,4.0,2.0,16.0,13.0,8.0,9.0,36.0,0.0,0.0,0.0,5.0,45.3,1,1,1,1,2963,12059,1596,4675,275,21300,17345,18829,1943,8004,1,1,1539,1310,2.0,35:43,2015,2016
2015-16,202379,Jeremy Evans,Jeremy,1610612742,DAL,Dallas Mavericks,21500241,2015-11-28T00:00:00,DAL vs. DEN,W,4.0,0.0,2.0,0.0,0.0,7.0,7.0,4.0,6.0,0.0,0.0,1.0,1.0,3.2,1,1,1,1,24701,12059,4731,9917,18861,12242,15642,8806,22724,8004,1,4972,12373,23473,1.0,4:01,2015,2016
2015-16,201574,Jason Thompson,Jason,1610612744,GSW,Golden State Warriors,21500245,2015-11-28T00:00:00,GSW vs. SAC,W,5.9,0.0,0.0,0.0,0.0,4.0,0.0,11.0,4.0,0.0,1.0,0.0,0.0,3.9,1,1,1,1,24010,12059,10158,9917,18861,6141,1,21342,23698,8004,17214,1,18762,23225,1.0,5:53,2015,2016
2015-16,203080,Thomas Robinson,Thomas,1610612751,BKN,Brooklyn Nets,21500240,2015-11-28T00:00:00,BKN @ CLE,L,6.1,0.0,0.0,0.0,0.0,0.0,0.0,0.0,4.0,1.0,0.0,0.0,0.0,4.2,1,13074,13074,13074,23906,12059,10158,9917,18861,1,1,1,23698,2692,1,1,18762,22976,2.0,6:08,2015,2016
2015-16,1626147,Justin Anderson,Justin,1610612742,DAL,Dallas Mavericks,21500241,2015-11-28T00:00:00,DAL vs. DEN,W,9.5,0.0,0.0,0.0,0.0,7.0,9.0,5.0,8.0,0.0,0.0,1.0,2.0,0.2,1,1,1,1,22643,12059,10158,9917,18861,12242,19144,11593,21543,8004,1,4972,7786,25103,1.0,9:28,2015,2016
2015-16,201569,Eric Gordon,Eric,1610612740,NOP,New Orleans Pelicans,21500243,2015-11-28T00:00:00,NOP @ UTA,L,32.3,0.0,0.0,1.0,0.0,14.0,10.0,9.0,34.0,0.0,2.0,1.0,2.0,6.5,1,13074,13074,13074,5686,12059,10158,9347,18861,22292,20509,18829,2701,8004,23588,4972,7786,21519,1.0,32:15,2015,2016
2015-16,203613,Jonathon Simmons,Jonathon,1610612759,SAS,San Antonio Spurs,21500242,2015-11-28T00:00:00,SAS vs. ATL,W,8.3,0.0,0.0,0.0,2.0,0.0,0.0,2.0,14.0,0.0,0.0,1.0,1.0,6.5,1,1,1,1,23097,12059,10158,9917,12984,1,1,4025,17019,8004,1,4972,12373,21519,1.0,8:16,2015,2016
2015-16,101111,Charlie Villanueva,Charlie,1610612742,DAL,Dallas Mavericks,21500241,2015-11-28T00:00:00,DAL vs. DEN,W,6.7,0.0,0.0,0.0,0.0,4.0,2.0,7.0,6.0,0.0,0.0,1.0,0.0,3.9,1,1,1,1,23659,12059,10158,9917,18861,6141,3734,15538,22724,8004,1,4972,18762,23225,1.0,6:44,2015,2016
2015-16,200745,Andrea Bargnani,Andrea,1610612751,BKN,Brooklyn Nets,21500240,2015-11-28T00:00:00,BKN @ CLE,L,16.5,0.0,2.0,0.0,0.0,7.0,0.0,2.0,12.0,0.0,1.0,1.0,1.0,5.2,1,13074,13074,13074,18663,12059,4731,9917,18861,12242,1,4025,18637,8004,17214,4972,12373,22370,2.0,16:29,2015,2016
2015-16,1626246,Boban Marjanović,Boban,1610612759,SAS,San Antonio Spurs,21500242,2015-11-28T00:00:00,SAS vs. ATL,W,6.3,0.0,1.0,0.0,0.0,0.0,0.0,2.0,10.0,0.0,2.0,0.0,1.0,3.4,1,1,1,1,23851,12059,9709,9917,18861,1,1,4025,20209,8004,23588,1,12373,23417,1.0,6:16,2015,2016
2015-16,204060,Joe Ingles,Joe,1610612762,UTA,Utah Jazz,21500243,2015-11-28T00:00:00,UTA vs. NOP,W,10.8,0.0,3.0,0.0,0.0,3.0,5.0,3.0,8.0,0.0,0.0,4.0,1.0,9.2,1,1,1,1,22131,12059,3104,9917,18861,5109,11469,7328,21543,8004,1,22104,12373,19680,1.0,10:46,2015,2016
2015-16,203098,John Jenkins,John,1610612742,DAL,Dallas Mavericks,21500241,2015-11-28T00:00:00,DAL vs. DEN,W,2.4,0.0,0.0,0.0,0.0,4.0,2.0,4.0,2.0,0.0,0.0,0.0,0.0,-1.0,1,1,1,1,25365,12059,10158,9917,18861,6141,3734,8806,24614,8004,1,1,18762,25932,1.0,2:26,2015,2016
2015-16,203099,Jared Cunningham,Jared,1610612739,CLE,Cleveland Cavaliers,21500240,2015-11-28T00:00:00,CLE vs. BKN,W,1.0,0.0,0.0,0.0,0.0,0.0,0.0,0.0,0.0,0.0,0.0,0.0,0.0,0.0,1,1,1,1,25875,12059,10158,9917,18861,1,1,1,25429,8004,1,1,18762,25170,2.0,0:59,2015,2016
2015-16,200751,Randy Foye,Randy,1610612743,DEN,Denver Nuggets,21500241,2015-11-28T00:00:00,DEN @ DAL,L,36.7,0.0,0.0,0.0,2.0,17.0,12.0,6.0,30.0,0.0,1.0,2.0,0.0,9.7,1,13074,13074,13074,2277,12059,10158,9917,12984,24337,22832,13388,4541,8004,17214,11390,18762,19379,1.0,36:44,2015,2016
2015-16,1626162,Kelly Oubre Jr.,Kelly,1610612764,WAS,Washington Wizards,21500239,2015-11-28T00:00:00,WAS vs. TOR,L,1.3,0.0,0.0,0.0,0.0,4.0,0.0,3.0,2.0,0.0,1.0,1.0,0.0,0.0,1,13074,13074,13074,25763,12059,10158,9917,18861,6141,1,7328,24614,8004,17214,4972,18762,25170,1.0,1:19,2015,2016
2015-16,2034,Mike Miller,Mike,1610612743,DEN,Denver Nuggets,21500241,2015-11-28T00:00:00,DEN @ DAL,L,12.9,0.0,0.0,0.0,0.0,5.0,8.0,0.0,10.0,0.0,0.0,2.0,0.0,5.4,1,13074,13074,13074,21020,12059,10158,9917,18861,8403,17345,1,20209,8004,1,11390,18762,22242,1.0,12:55,2015,2016
2015-16,1626192,Pat Connaughton,Pat,1610612757,POR,Portland Trail Blazers,21500244,2015-11-28T00:00:00,POR vs. LAL,W,0.9,0.0,0.0,0.0,0.0,2.0,0.0,2.0,2.0,0.0,0.0,0.0,0.0,0.0,1,1,1,1,25903,12059,10158,9917,18861,2619,1,4025,24614,8004,1,1,18762,25170,1.0,0:52,2015,2016
2015-16,203546,Ian Clark,Ian,1610612744,GSW,Golden State Warriors,21500245,2015-11-28T00:00:00,GSW vs. SAC,W,8.7,0.0,3.0,2.0,0.0,4.0,0.0,11.0,4.0,0.0,1.0,0.0,1.0,9.7,1,1,1,1,22975,12059,3104,4675,18861,6141,1,21342,23698,8004,17214,1,12373,19379,1.0,8:40,2015,2016
2015-16,1626146,Cliff Alexander,Cliff,1610612757,POR,Portland Trail Blazers,21500244,2015-11-28T00:00:00,POR vs. LAL,W,0.9,0.0,0.0,0.0,0.0,2.0,0.0,2.0,2.0,0.0,0.0,0.0,0.0,-1.0,1,1,1,1,25903,12059,10158,9917,18861,2619,1,4025,24614,8004,1,1,18762,25932,1.0,0:52,2015,2016
2015-16,203934,Lamar Patterson,Lamar,1610612737,ATL,Atlanta Hawks,21500242,2015-11-28T00:00:00,ATL @ SAS,L,16.2,0.0,0.0,0.0,0.0,2.0,1.0,2.0,10.0,0.0,0.0,2.0,1.0,6.9,1,13074,13074,13074,18870,12059,10158,9917,18861,2619,3393,4025,20209,8004,1,11390,12373,21262,1.0,16:13,2015,2016
2015-16,201961,Wayne Ellington,Wayne,1610612751,BKN,Brooklyn Nets,21500240,2015-11-28T00:00:00,BKN @ CLE,L,10.4,0.0,0.0,0.0,0.0,0.0,0.0,0.0,4.0,0.0,0.0,0.0,0.0,0.0,1,13074,13074,13074,22259,12059,10158,9917,18861,1,1,1,23698,8004,1,1,18762,25170,2.0,10:26,2015,2016
2015-16,2734,Devin Harris,Devin,1610612742,DAL,Dallas Mavericks,21500241,2015-11-28T00:00:00,DAL vs. DEN,W,19.8,0.0,0.0,0.0,6.0,6.0,13.0,1.0,10.0,0.0,2.0,0.0,1.0,8.9,1,1,1,1,16056,12059,10158,9917,5299,10028,23668,3646,20209,8004,23588,1,12373,19914,1.0,19:49,2015,2016
2015-16,201950,Jrue Holiday,Jrue,1610612740,NOP,New Orleans Pelicans,21500243,2015-11-28T00:00:00,NOP @ UTA,L,14.4,0.0,0.0,0.0,0.0,11.0,4.0,7.0,22.0,0.0,1.0,1.0,1.0,3.4,1,13074,13074,13074,20184,12059,10158,9917,18861,18886,8458,15538,10265,8004,17214,4972,12373,23417,1.0,14:22,2015,2016
2015-16,204025,Tim Frazier,Tim,1610612757,POR,Portland Trail Blazers,21500244,2015-11-28T00:00:00,POR vs. LAL,W,0.9,0.0,0.0,0.0,0.0,2.0,0.0,2.0,2.0,0.0,0.0,0.0,0.0,0.0,1,1,1,1,25903,12059,10158,9917,18861,2619,1,4025,24614,8004,1,1,18762,25170,1.0,0:52,2015,2016
2015-16,203508,Sergey Karasev,Sergey,1610612751,BKN,Brooklyn Nets,21500240,2015-11-28T00:00:00,BKN @ CLE,L,2.5,0.0,0.0,0.0,0.0,2.0,0.0,0.0,4.0,0.0,0.0,0.0,0.0,0.0,1,13074,13074,13074,25308,12059,10158,9917,18861,2619,1,1,23698,8004,1,1,18762,25170,2.0,2:32,2015,2016
2015-16,203187,Chris Johnson,Chris,1610612762,UTA,Utah Jazz,21500243,2015-11-28T00:00:00,UTA vs. NOP,W,0.1,0.0,0.0,0.0,0.0,0.0,0.0,0.0,0.0,0.0,0.0,0.0,0.0,0.0,1,1,1,1,26054,12059,10158,9917,18861,1,1,1,25429,8004,1,1,18762,25170,1.0,0:03,2015,2016
2015-16,2446,Rasual Butler,Rasual,1610612759,SAS,San Antonio Spurs,21500242,2015-11-28T00:00:00,SAS vs. ATL,W,8.3,0.0,0.0,0.0,0.0,0.0,0.0,2.0,14.0,2.0,0.0,0.0,0.0,7.2,1,1,1,1,23097,12059,10158,9917,18861,1,1,4025,17019,932,1,1,18762,21035,1.0,8:16,2015,2016
2015-16,203999,Nikola Jokić,Nikola,1610612743,DEN,Denver Nuggets,21500241,2015-11-28T00:00:00,DEN @ DAL,L,18.6,2.0,2.0,1.0,2.0,8.0,1.0,5.0,14.0,0.0,0.0,3.0,3.0,15.2,1,13074,13074,13074,17042,6026,4731,9347,12984,13914,3393,11593,17019,8004,1,17641,4736,15219,1.0,18:34,2015,2016
2015-16,203081,Damian Lillard,Damian,1610612757,POR,Portland Trail Blazers,21500244,2015-11-28T00:00:00,POR vs. LAL,W,35.8,0.0,3.0,3.0,8.0,10.0,9.0,6.0,30.0,1.0,0.0,2.0,5.0,42.3,1,1,1,1,2918,12059,3104,3302,3109,17370,19144,13388,4541,2692,1,11390,1539,1877,1.0,35:46,2015,2016
2015-16,201568,Danilo Gallinari,Danilo,1610612743,DEN,Denver Nuggets,21500241,2015-11-28T00:00:00,DEN @ DAL,L,33.7,2.0,8.0,2.0,4.0,14.0,2.0,9.0,26.0,1.0,0.0,0.0,5.0,27.3,1,13074,13074,13074,4592,6026,137,4675,8599,22292,3734,18829,7214,2692,1,1,1539,7236,1.0,33:42,2015,2016
2015-16,203463,Ben McLemore,Ben,1610612758,SAC,Sacramento Kings,21500245,2015-11-28T00:00:00,SAC @ GSW,L,27.4,7.0,3.0,5.0,2.0,14.0,7.0,13.0,20.0,1.0,0.0,0.0,2.0,31.1,1,13074,13074,13074,9678,548,3104,1277,12984,22292,15642,23048,11929,2692,1,1,7786,5354,1.0,27:25,2015,2016
2015-16,203961,Eric Moreland,Eric,1610612758,SAC,Sacramento Kings,21500245,2015-11-28T00:00:00,SAC @ GSW,L,8.9,0.0,0.0,0.0,2.0,2.0,5.0,4.0,4.0,3.0,0.0,0.0,0.0,12.2,1,13074,13074,13074,22891,12059,10158,9917,12984,2619,11469,8806,23698,347,1,1,18762,17566,1.0,8:52,2015,2016
2015-16,2585,Zaza Pachulia,Zaza,1610612742,DAL,Dallas Mavericks,21500241,2015-11-28T00:00:00,DAL vs. DEN,W,30.6,0.0,2.0,0.0,8.0,6.0,2.0,4.0,14.0,1.0,1.0,2.0,6.0,40.4,1,1,1,1,7022,12059,4731,9917,3109,10028,3734,8806,17019,2692,17214,11390,873,2274,1.0,30:36,2015,2016
2015-16,203937,Kyle Anderson,Kyle,1610612759,SAS,San Antonio Spurs,21500242,2015-11-28T00:00:00,SAS vs. ATL,W,21.0,0.0,0.0,0.0,0.0,11.0,2.0,8.0,30.0,0.0,0.0,0.0,1.0,15.7,1,1,1,1,15069,12059,10158,9917,18861,18886,3734,17194,4541,8004,1,1,12373,14841,1.0,20:59,2015,2016
2015-16,1626156,D'Angelo Russell,D'Angelo,1610612747,LAL,Los Angeles Lakers,21500244,2015-11-28T00:00:00,LAL @ POR,L,37.7,5.0,3.0,4.0,6.0,10.0,11.0,12.0,32.0,0.0,1.0,4.0,2.0,26.3,1,13074,13074,13074,1654,1603,3104,1913,5299,17370,21814,22259,3535,8004,17214,22104,7786,7733,1.0,37:42,2015,2016
2015-16,203090,Maurice Harkless,Maurice,1610612757,POR,Portland Trail Blazers,21500244,2015-11-28T00:00:00,POR vs. LAL,W,26.0,0.0,0.0,3.0,4.0,16.0,6.0,6.0,20.0,0.0,0.0,1.0,2.0,20.1,1,1,1,1,10869,12059,10158,3302,8599,23774,13237,13388,11929,8004,1,4972,7786,11685,1.0,25:58,2015,2016
2015-16,201578,Marreese Speights,Marreese,1610612744,GSW,Golden State Warriors,21500245,2015-11-28T00:00:00,GSW vs. SAC,W,16.7,2.0,0.0,2.0,10.0,4.0,8.0,15.0,14.0,0.0,3.0,0.0,3.0,20.5,1,1,1,1,18521,6026,10158,4675,1840,6141,17345,24242,17019,8004,25441,1,4736,11401,1.0,16:40,2015,2016
2015-16,201572,Brook Lopez,Brook,1610612751,BKN,Brooklyn Nets,21500240,2015-11-28T00:00:00,BKN @ CLE,L,37.5,4.0,4.0,3.0,16.0,16.0,8.0,10.0,30.0,2.0,1.0,5.0,3.0,42.8,1,13074,13074,13074,1749,2460,1596,3302,275,23774,17345,20169,4541,932,17214,24686,4736,1776,2.0,37:30,2015,2016
2015-16,201579,Roy Hibbert,Roy,1610612747,LAL,Los Angeles Lakers,21500244,2015-11-28T00:00:00,LAL @ POR,L,30.5,0.0,1.0,0.0,2.0,10.0,11.0,9.0,24.0,0.0,0.0,4.0,4.0,15.2,1,13074,13074,13074,7125,12059,9709,9917,12984,17370,21814,18829,8723,8004,1,22104,2748,15219,1.0,30:28,2015,2016
2015-16,203086,Meyers Leonard,Meyers,1610612757,POR,Portland Trail Blazers,21500244,2015-11-28T00:00:00,POR vs. LAL,W,21.8,0.0,0.0,0.0,2.0,9.0,4.0,4.0,14.0,1.0,0.0,1.0,0.0,20.2,1,1,1,1,14365,12059,10158,9917,12984,15771,8458,8806,17019,2692,1,4972,18762,11610,1.0,21:46,2015,2016
2015-16,200768,Kyle Lowry,Kyle,1610612761,TOR,Toronto Raptors,21500239,2015-11-28T00:00:00,TOR @ WAS,W,33.9,5.0,0.0,8.0,4.0,10.0,8.0,2.0,16.0,1.0,1.0,5.0,4.0,42.9,1,1,1,1,4396,1603,10158,280,8599,17370,17345,4025,15259,2692,17214,24686,2748,1754,1.0,33:56,2015,2016
2015-16,202714,Shelvin Mack,Shelvin,1610612737,ATL,Atlanta Hawks,21500242,2015-11-28T00:00:00,ATL @ SAS,L,8.3,0.0,0.0,0.0,2.0,0.0,1.0,3.0,2.0,0.0,1.0,0.0,0.0,11.9,1,13074,13074,13074,23097,12059,10158,9917,12984,1,3393,7328,24614,8004,17214,1,18762,17760,1.0,8:16,2015,2016
2015-16,201939,Stephen Curry,Stephen,1610612744,GSW,Golden State Warriors,21500245,2015-11-28T00:00:00,GSW vs. SAC,W,29.8,4.0,0.0,2.0,2.0,9.0,16.0,6.0,32.0,0.0,0.0,1.0,6.0,40.8,1,1,1,1,7723,2460,10158,4675,12984,15771,25155,13388,3535,8004,1,4972,873,2181,1.0,29:48,2015,2016
2015-16,1626204,Larry Nance Jr.,Larry,1610612747,LAL,Los Angeles Lakers,21500244,2015-11-28T00:00:00,LAL @ POR,L,18.1,0.0,0.0,0.0,2.0,6.0,4.0,6.0,8.0,0.0,0.0,2.0,1.0,11.6,1,13074,13074,13074,17402,12059,10158,9917,12984,10028,8458,13388,21543,8004,1,11390,12373,17970,1.0,18:08,2015,2016
2015-16,203944,Julius Randle,Julius,1610612747,LAL,Los Angeles Lakers,21500244,2015-11-28T00:00:00,LAL @ POR,L,29.9,4.0,4.0,0.0,10.0,6.0,9.0,9.0,28.0,1.0,0.0,3.0,1.0,40.2,1,13074,13074,13074,7654,2460,1596,9917,1840,10028,19144,18829,5824,2692,1,17641,12373,2323,1.0,29:52,2015,2016
2015-16,203078,Bradley Beal,Bradley,1610612764,WAS,Washington Wizards,21500239,2015-11-28T00:00:00,WAS vs. TOR,L,40.7,2.0,4.0,4.0,0.0,13.0,2.0,15.0,16.0,0.0,0.0,3.0,4.0,41.2,1,13074,13074,13074,548,6026,1596,1913,18861,21300,3734,24242,15259,8004,1,17641,2748,2099,1.0,40:44,2015,2016
2015-16,201954,Darren Collison,Darren,1610612758,SAC,Sacramento Kings,21500245,2015-11-28T00:00:00,SAC @ GSW,L,27.0,2.0,0.0,4.0,10.0,9.0,10.0,6.0,34.0,0.0,0.0,1.0,2.0,27.3,1,13074,13074,13074,10032,6026,10158,1913,1840,15771,20509,13388,2701,8004,1,4972,7786,7236,1.0,26:59,2015,2016
2015-16,201585,Kosta Koufos,Kosta,1610612758,SAC,Sacramento Kings,21500245,2015-11-28T00:00:00,SAC @ GSW,L,23.0,0.0,4.0,2.0,14.0,15.0,6.0,10.0,24.0,1.0,2.0,4.0,1.0,30.4,1,13074,13074,13074,13383,12059,1596,4675,542,23079,13237,20169,8723,2692,23588,22104,12373,5661,1.0,22:59,2015,2016
2015-16,202692,Alec Burks,Alec,1610612762,UTA,Utah Jazz,21500243,2015-11-28T00:00:00,UTA vs. NOP,W,32.0,4.0,0.0,0.0,12.0,14.0,5.0,9.0,18.0,0.0,1.0,3.0,2.0,31.0,1,1,1,1,5930,2460,10158,9917,988,22292,11469,18829,13577,8004,17214,17641,7786,5406,1.0,31:57,2015,2016
2015-16,2210,Richard Jefferson,Richard,1610612739,CLE,Cleveland Cavaliers,21500240,2015-11-28T00:00:00,CLE vs. BKN,W,17.5,0.0,0.0,0.0,0.0,4.0,4.0,2.0,18.0,2.0,0.0,0.0,2.0,11.7,1,1,1,1,17879,12059,10158,9917,18861,6141,8458,4025,13577,932,1,1,7786,17903,2.0,17:32,2015,2016
2015-16,202389,Timofey Mozgov,Timofey,1610612739,CLE,Cleveland Cavaliers,21500240,2015-11-28T00:00:00,CLE vs. BKN,W,17.3,0.0,0.0,0.0,2.0,4.0,2.0,7.0,14.0,1.0,1.0,3.0,3.0,18.2,1,1,1,1,18071,12059,10158,9917,12984,6141,3734,15538,17019,2692,17214,17641,4736,13004,2.0,17:16,2015,2016
2015-16,203112,Quincy Acy,Quincy,1610612758,SAC,Sacramento Kings,21500245,2015-11-28T00:00:00,SAC @ GSW,L,15.1,0.0,5.0,2.0,4.0,4.0,5.0,6.0,14.0,0.0,1.0,3.0,2.0,17.9,1,13074,13074,13074,19663,12059,995,4675,8599,6141,11469,13388,17019,8004,17214,17641,7786,13229,1.0,15:08,2015,2016
2015-16,1626161,Willie Cauley-Stein,Willie,1610612758,SAC,Sacramento Kings,21500245,2015-11-28T00:00:00,SAC @ GSW,L,20.1,0.0,1.0,0.0,2.0,2.0,7.0,7.0,12.0,2.0,0.0,5.0,1.0,18.3,1,13074,13074,13074,15851,12059,9709,9917,12984,2619,15642,15538,18637,932,1,24686,12373,12952,1.0,20:05,2015,2016
2015-16,1897,Metta World Peace,Metta,1610612747,LAL,Los Angeles Lakers,21500244,2015-11-28T00:00:00,LAL @ POR,L,20.4,4.0,0.0,0.0,2.0,6.0,6.0,8.0,14.0,0.0,0.0,1.0,0.0,16.5,1,13074,13074,13074,15573,2460,10158,9917,12984,10028,13237,17194,17019,8004,1,4972,18762,14224,1.0,20:24,2015,2016
2015-16,2564,Boris Diaw,Boris,1610612759,SAS,San Antonio Spurs,21500242,2015-11-28T00:00:00,SAS vs. ATL,W,16.7,0.0,0.0,0.0,6.0,11.0,2.0,6.0,20.0,0.0,0.0,2.0,0.0,17.9,1,1,1,1,18521,12059,10158,9917,5299,18886,3734,13388,11929,8004,1,11390,18762,13229,1.0,16:40,2015,2016
2015-16,202087,Alonzo Gee,Alonzo,1610612740,NOP,New Orleans Pelicans,21500243,2015-11-28T00:00:00,NOP @ UTA,L,26.0,4.0,0.0,2.0,8.0,13.0,7.0,11.0,28.0,0.0,0.0,3.0,1.0,18.4,1,13074,13074,13074,10823,2460,10158,4675,3109,21300,15642,21342,5824,8004,1,17641,12373,12854,1.0,26:02,2015,2016
2015-16,202341,James Anderson,James,1610612758,SAC,Sacramento Kings,21500245,2015-11-28T00:00:00,SAC @ GSW,L,5.9,0.0,0.0,0.0,0.0,0.0,3.0,2.0,0.0,0.0,0.0,0.0,0.0,2.4,1,13074,13074,13074,24010,12059,10158,9917,18861,1,7138,4025,25429,8004,1,1,18762,24024,1.0,5:53,2015,2016
2015-16,201580,JaVale McGee,JaVale,1610612742,DAL,Dallas Mavericks,21500241,2015-11-28T00:00:00,DAL vs. DEN,W,5.5,0.0,0.0,0.0,2.0,2.0,4.0,3.0,6.0,0.0,0.0,1.0,1.0,7.8,1,1,1,1,24180,12059,10158,9917,12984,2619,8458,7328,22724,8004,1,4972,12373,20696,1.0,5:28,2015,2016
2015-16,201988,Patty Mills,Patty,1610612759,SAS,San Antonio Spurs,21500242,2015-11-28T00:00:00,SAS vs. ATL,W,19.7,2.0,0.0,5.0,4.0,13.0,2.0,6.0,20.0,0.0,0.0,3.0,0.0,18.7,1,1,1,1,16171,6026,10158,1277,8599,21300,3734,13388,11929,8004,1,17641,18762,12648,1.0,19:41,2015,2016
2015-16,1938,Manu Ginobili,Manu,1610612759,SAS,San Antonio Spurs,21500242,2015-11-28T00:00:00,SAS vs. ATL,W,18.8,4.0,0.0,2.0,4.0,13.0,2.0,6.0,16.0,0.0,0.0,2.0,4.0,16.7,1,1,1,1,16874,2460,10158,4675,8599,21300,3734,13388,15259,8004,1,11390,2748,14064,1.0,18:48,2015,2016
2015-16,203488,Mike Muscala,Mike,1610612737,ATL,Atlanta Hawks,21500242,2015-11-28T00:00:00,ATL @ SAS,L,23.2,4.0,2.0,0.0,2.0,9.0,2.0,6.0,16.0,1.0,1.0,1.0,1.0,16.3,1,13074,13074,13074,13231,2460,4731,9917,12984,15771,3734,13388,15259,2692,17214,4972,12373,14372,1.0,23:10,2015,2016
2015-16,202718,Chandler Parsons,Chandler,1610612742,DAL,Dallas Mavericks,21500241,2015-11-28T00:00:00,DAL vs. DEN,W,23.0,2.0,0.0,0.0,2.0,8.0,4.0,6.0,16.0,1.0,1.0,0.0,0.0,13.2,1,1,1,1,13369,6026,10158,9917,12984,13914,8458,13388,15259,2692,17214,1,18762,16768,1.0,23:00,2015,2016
2015-16,203481,Jeff Withey,Jeff,1610612762,UTA,Utah Jazz,21500243,2015-11-28T00:00:00,UTA vs. NOP,W,7.1,0.0,0.0,0.0,0.0,0.0,0.0,0.0,2.0,1.0,1.0,3.0,1.0,13.1,1,1,1,1,23517,12059,10158,9917,18861,1,1,1,24614,2692,17214,17641,12373,16874,1.0,7:07,2015,2016
2015-16,201956,Omri Casspi,Omri,1610612758,SAC,Sacramento Kings,21500245,2015-11-28T00:00:00,SAC @ GSW,L,28.6,0.0,0.0,0.0,0.0,12.0,6.0,13.0,26.0,0.0,1.0,3.0,5.0,20.9,1,13074,13074,13074,8699,12059,10158,9917,18861,20178,13237,23048,7214,8004,17214,17641,1539,11132,1.0,28:38,2015,2016
2015-16,203486,Mason Plumlee,Mason,1610612757,POR,Portland Trail Blazers,21500244,2015-11-28T00:00:00,POR vs. LAL,W,23.6,2.0,2.0,1.0,4.0,8.0,6.0,6.0,18.0,0.0,0.0,5.0,4.0,16.8,1,1,1,1,12934,6026,4731,9347,8599,13914,13237,13388,13577,8004,1,24686,2748,13996,1.0,23:33,2015,2016
2015-16,201962,Toney Douglas,Toney,1610612740,NOP,New Orleans Pelicans,21500243,2015-11-28T00:00:00,NOP @ UTA,L,15.8,3.0,0.0,0.0,2.0,8.0,2.0,5.0,12.0,0.0,0.0,3.0,3.0,12.4,1,13074,13074,13074,19234,4307,10158,9917,12984,13914,3734,11593,18637,8004,1,17641,4736,17418,1.0,15:45,2015,2016
2015-16,203526,Raul Neto,Raul,1610612762,UTA,Utah Jazz,21500243,2015-11-28T00:00:00,UTA vs. NOP,W,17.5,2.0,0.0,2.0,2.0,7.0,0.0,8.0,16.0,0.0,0.0,3.0,0.0,15.9,1,1,1,1,17869,6026,10158,4675,12984,12242,1,17194,15259,8004,1,17641,18762,14675,1.0,17:33,2015,2016
2015-16,2760,Anderson Varejao,Anderson,1610612739,CLE,Cleveland Cavaliers,21500240,2015-11-28T00:00:00,CLE vs. BKN,W,4.3,0.0,0.0,0.0,0.0,5.0,0.0,2.0,0.0,0.0,0.0,0.0,0.0,2.6,1,1,1,1,24621,12059,10158,9917,18861,8403,1,4025,25429,8004,1,1,18762,23982,2.0,4:16,2015,2016
2015-16,203903,Jordan Clarkson,Jordan,1610612747,LAL,Los Angeles Lakers,21500244,2015-11-28T00:00:00,LAL @ POR,L,36.4,2.0,0.0,6.0,10.0,8.0,9.0,9.0,26.0,0.0,0.0,1.0,1.0,38.6,1,13074,13074,13074,2439,6026,10158,740,1840,13914,19144,18829,7214,8004,1,4972,12373,2744,1.0,36:26,2015,2016
2015-16,2225,Tony Parker,Tony,1610612759,SAS,San Antonio Spurs,21500242,2015-11-28T00:00:00,SAS vs. ATL,W,22.1,4.0,0.0,2.0,6.0,8.0,9.0,10.0,10.0,1.0,2.0,0.0,3.0,27.6,1,1,1,1,14132,2460,10158,4675,5299,13914,19144,20169,20209,2692,23588,1,4736,7080,1.0,22:03,2015,2016
2015-16,101109,Raymond Felton,Raymond,1610612742,DAL,Dallas Mavericks,21500241,2015-11-28T00:00:00,DAL vs. DEN,W,28.1,2.0,3.0,0.0,6.0,14.0,17.0,2.0,14.0,0.0,1.0,0.0,2.0,22.1,1,1,1,1,9126,6026,3104,9917,5299,22292,25429,4025,17019,8004,17214,1,7786,10332,1.0,28:08,2015,2016
2015-16,202695,Kawhi Leonard,Kawhi,1610612759,SAS,San Antonio Spurs,21500242,2015-11-28T00:00:00,SAS vs. ATL,W,29.2,2.0,0.0,2.0,4.0,12.0,9.0,10.0,16.0,1.0,0.0,0.0,4.0,37.4,1,1,1,1,8181,6026,10158,4675,8599,20178,19144,20169,15259,2692,1,1,2748,3073,1.0,29:14,2015,2016
2015-16,203471,Dennis Schröder,Dennis,1610612737,ATL,Atlanta Hawks,21500242,2015-11-28T00:00:00,ATL @ SAS,L,17.2,2.0,0.0,2.0,6.0,8.0,2.0,4.0,20.0,0.0,1.0,0.0,0.0,28.4,1,13074,13074,13074,18096,6026,10158,4675,5299,13914,3734,8806,11929,8004,17214,1,18762,6663,1.0,17:14,2015,2016
2015-16,1626178,Rondae Hollis-Jefferson,Rondae,1610612751,BKN,Brooklyn Nets,21500240,2015-11-28T00:00:00,BKN @ CLE,L,29.8,2.0,2.0,4.0,2.0,11.0,6.0,8.0,26.0,1.0,2.0,3.0,3.0,37.5,1,13074,13074,13074,7761,6026,4731,1913,12984,18886,13237,17194,7214,2692,23588,17641,4736,3050,2.0,29:45,2015,2016
2015-16,203118,Mike Scott,Mike,1610612737,ATL,Atlanta Hawks,21500242,2015-11-28T00:00:00,ATL @ SAS,L,14.2,3.0,0.0,0.0,6.0,4.0,1.0,4.0,16.0,1.0,1.0,0.0,1.0,21.9,1,13074,13074,13074,20319,4307,10158,9917,5299,6141,3393,8806,15259,2692,17214,1,12373,10460,1.0,14:09,2015,2016
2015-16,101114,Deron Williams,Deron,1610612742,DAL,Dallas Mavericks,21500241,2015-11-28T00:00:00,DAL vs. DEN,W,31.0,2.0,0.0,4.0,4.0,8.0,4.0,7.0,16.0,0.0,0.0,2.0,3.0,31.8,1,1,1,1,6760,6026,10158,1913,8599,13914,8458,15538,15259,8004,1,11390,4736,5041,1.0,30:57,2015,2016
2015-16,200757,Thabo Sefolosha,Thabo,1610612737,ATL,Atlanta Hawks,21500242,2015-11-28T00:00:00,ATL @ SAS,L,24.7,4.0,3.0,2.0,2.0,12.0,2.0,9.0,26.0,0.0,0.0,4.0,1.0,13.8,1,13074,13074,13074,11927,2460,3104,4675,12984,20178,3734,18829,7214,8004,1,22104,12373,16311,1.0,24:42,2015,2016
2015-16,202066,Garrett Temple,Garrett,1610612764,WAS,Washington Wizards,21500239,2015-11-28T00:00:00,WAS vs. TOR,L,17.2,0.0,0.0,1.0,0.0,2.0,0.0,0.0,6.0,1.0,0.0,1.0,1.0,16.9,1,13074,13074,13074,18123,12059,10158,9347,18861,2619,1,1,22724,2692,1,4972,12373,13911,1.0,17:12,2015,2016
2015-16,203490,Otto Porter Jr.,Otto,1610612764,WAS,Washington Wizards,21500239,2015-11-28T00:00:00,WAS vs. TOR,L,38.8,5.0,2.0,0.0,0.0,15.0,2.0,15.0,20.0,0.0,1.0,1.0,3.0,22.0,1,13074,13074,13074,1142,1603,4731,9917,18861,23079,3734,24242,11929,8004,17214,4972,4736,10388,1.0,38:48,2015,2016
2015-16,200752,Rudy Gay,Rudy,1610612758,SAC,Sacramento Kings,21500245,2015-11-28T00:00:00,SAC @ GSW,L,27.4,4.0,8.0,4.0,12.0,15.0,8.0,15.0,30.0,0.0,2.0,1.0,4.0,28.4,1,13074,13074,13074,9695,2460,137,1913,988,23079,17345,24242,4541,8004,23588,4972,2748,6663,1.0,27:24,2015,2016
2015-16,101106,Andrew Bogut,Andrew,1610612744,GSW,Golden State Warriors,21500245,2015-11-28T00:00:00,GSW vs. SAC,W,19.5,0.0,0.0,0.0,4.0,7.0,11.0,4.0,18.0,2.0,0.0,3.0,1.0,17.8,1,1,1,1,16294,12059,10158,9917,8599,12242,21814,8806,13577,932,1,17641,12373,13309,1.0,19:32,2015,2016
2015-16,202334,Ed Davis,Ed,1610612757,POR,Portland Trail Blazers,21500244,2015-11-28T00:00:00,POR vs. LAL,W,23.6,0.0,2.0,1.0,2.0,8.0,3.0,4.0,18.0,0.0,1.0,2.0,2.0,13.8,1,1,1,1,12908,12059,4731,9347,12984,13914,7138,8806,13577,8004,17214,11390,7786,16311,1.0,23:35,2015,2016
2015-16,201162,Jared Dudley,Jared,1610612764,WAS,Washington Wizards,21500239,2015-11-28T00:00:00,WAS vs. TOR,L,30.0,2.0,0.0,0.0,0.0,7.0,2.0,7.0,12.0,0.0,0.0,2.0,1.0,13.8,1,13074,13074,13074,7547,6026,10158,9917,18861,12242,3734,15538,18637,8004,1,11390,12373,16311,1.0,30:00,2015,2016
2015-16,202335,Patrick Patterson,Patrick,1610612761,TOR,Toronto Raptors,21500239,2015-11-28T00:00:00,TOR @ WAS,W,20.5,0.0,0.0,0.0,0.0,5.0,2.0,3.0,8.0,0.0,0.0,0.0,2.0,22.3,1,1,1,1,15524,12059,10158,9917,18861,8403,3734,7328,21543,8004,1,1,7786,10208,1.0,20:27,2015,2016
2015-16,2733,Shaun Livingston,Shaun,1610612744,GSW,Golden State Warriors,21500245,2015-11-28T00:00:00,GSW vs. SAC,W,17.0,0.0,2.0,0.0,6.0,0.0,10.0,6.0,18.0,0.0,0.0,0.0,1.0,13.9,1,1,1,1,18273,12059,4731,9917,5299,1,20509,13388,13577,8004,1,1,12373,16232,1.0,17:00,2015,2016
2015-16,200794,Paul Millsap,Paul,1610612737,ATL,Atlanta Hawks,21500242,2015-11-28T00:00:00,ATL @ SAS,L,26.3,4.0,0.0,4.0,2.0,15.0,4.0,7.0,22.0,1.0,1.0,2.0,3.0,28.6,1,13074,13074,13074,10581,2460,10158,1913,12984,23079,8458,15538,10265,2692,17214,11390,4736,6560,1.0,26:19,2015,2016
2015-16,201942,DeMar DeRozan,DeMar,1610612761,TOR,Toronto Raptors,21500239,2015-11-28T00:00:00,TOR @ WAS,W,38.4,6.0,0.0,3.0,4.0,9.0,6.0,3.0,16.0,0.0,2.0,2.0,2.0,22.6,1,1,1,1,1338,878,10158,3302,8599,15771,13237,7328,15259,8004,23588,11390,7786,10000,1.0,38:22,2015,2016
2015-16,2571,Leandro Barbosa,Leandro,1610612744,GSW,Golden State Warriors,21500245,2015-11-28T00:00:00,GSW vs. SAC,W,21.2,2.0,3.0,2.0,0.0,4.0,9.0,17.0,18.0,0.0,0.0,5.0,1.0,16.9,1,1,1,1,14862,6026,3104,4675,18861,6141,19144,24967,13577,8004,1,24686,12373,13911,1.0,21:13,2015,2016
2015-16,2743,Kris Humphries,Kris,1610612764,WAS,Washington Wizards,21500239,2015-11-28T00:00:00,WAS vs. TOR,L,14.1,2.0,0.0,0.0,2.0,8.0,0.0,3.0,8.0,1.0,0.0,0.0,2.0,13.5,1,13074,13074,13074,20363,6026,10158,9917,12984,13914,1,7328,21543,2692,1,1,7786,16552,1.0,14:05,2015,2016
2015-16,203115,Will Barton,Will,1610612743,DEN,Denver Nuggets,21500241,2015-11-28T00:00:00,DEN @ DAL,L,30.3,8.0,3.0,0.0,0.0,7.0,11.0,3.0,22.0,1.0,0.0,1.0,1.0,32.1,1,13074,13074,13074,7305,308,3104,9917,18861,12242,21814,7328,10265,2692,1,4972,12373,4889,1.0,30:15,2015,2016
2015-16,201589,Darrell Arthur,Darrell,1610612743,DEN,Denver Nuggets,21500241,2015-11-28T00:00:00,DEN @ DAL,L,31.5,0.0,4.0,2.0,8.0,17.0,12.0,9.0,26.0,2.0,0.0,3.0,0.0,32.5,1,13074,13074,13074,6350,12059,1596,4675,3109,24337,22832,18829,7214,932,1,17641,18762,4726,1.0,31:27,2015,2016
2015-16,202397,Ish Smith,Ish,1610612740,NOP,New Orleans Pelicans,21500243,2015-11-28T00:00:00,NOP @ UTA,L,36.5,2.0,0.0,3.0,6.0,15.0,8.0,7.0,28.0,0.0,4.0,1.0,4.0,33.2,1,13074,13074,13074,2378,6026,10158,3302,5299,23079,17345,15538,5824,8004,25926,4972,2748,4462,1.0,36:32,2015,2016
2015-16,201967,Dante Cunningham,Dante,1610612740,NOP,New Orleans Pelicans,21500243,2015-11-28T00:00:00,NOP @ UTA,L,20.3,2.0,3.0,0.0,2.0,10.0,5.0,8.0,18.0,0.0,0.0,3.0,2.0,13.6,1,13074,13074,13074,15664,6026,3104,9917,12984,17370,11469,17194,13577,8004,1,17641,7786,16460,1.0,20:16,2015,2016
2015-16,202083,Wesley Matthews,Wesley,1610612742,DAL,Dallas Mavericks,21500241,2015-11-28T00:00:00,DAL vs. DEN,W,28.0,4.0,0.0,5.0,4.0,5.0,8.0,4.0,16.0,0.0,0.0,3.0,1.0,17.2,1,1,1,1,9249,2460,10158,1277,8599,8403,17345,8806,15259,8004,1,17641,12373,13725,1.0,27:58,2015,2016
2015-16,2747,JR Smith,JR,1610612739,CLE,Cleveland Cavaliers,21500240,2015-11-28T00:00:00,CLE vs. BKN,W,38.8,2.0,0.0,2.0,4.0,15.0,10.0,11.0,28.0,4.0,1.0,5.0,3.0,32.5,1,1,1,1,1151,6026,10158,4675,8599,23079,20509,21342,5824,132,17214,24686,4736,4726,2.0,38:48,2015,2016
2015-16,2738,Andre Iguodala,Andre,1610612744,GSW,Golden State Warriors,21500245,2015-11-28T00:00:00,GSW vs. SAC,W,22.1,0.0,0.0,0.0,0.0,2.0,12.0,6.0,24.0,1.0,0.0,2.0,0.0,14.1,1,1,1,1,14099,12059,10158,9917,18861,2619,22832,13388,8723,2692,1,11390,18762,16094,1.0,22:05,2015,2016
2015-16,2207,Joe Johnson,Joe,1610612751,BKN,Brooklyn Nets,21500240,2015-11-28T00:00:00,BKN @ CLE,L,39.5,2.0,0.0,0.0,2.0,16.0,8.0,10.0,34.0,0.0,0.0,3.0,4.0,22.1,1,13074,13074,13074,897,6026,10158,9917,12984,23774,17345,20169,2701,8004,1,17641,2748,10332,2.0,39:28,2015,2016
2015-16,203497,Rudy Gobert,Rudy,1610612762,UTA,Utah Jazz,21500243,2015-11-28T00:00:00,UTA vs. NOP,W,31.8,2.0,5.0,0.0,6.0,16.0,5.0,14.0,22.0,4.0,0.0,4.0,5.0,39.8,1,1,1,1,6096,6026,995,9917,5299,23774,11469,23710,10265,132,1,22104,1539,2422,1.0,31:46,2015,2016
2015-16,203943,Noah Vonleh,Noah,1610612757,POR,Portland Trail Blazers,21500244,2015-11-28T00:00:00,POR vs. LAL,W,19.5,2.0,0.0,2.0,4.0,4.0,0.0,8.0,18.0,0.0,0.0,1.0,0.0,13.5,1,1,1,1,16289,6026,10158,4675,8599,6141,1,17194,13577,8004,1,4972,18762,16552,1.0,19:33,2015,2016
2015-16,202702,Kenneth Faried,Kenneth,1610612743,DEN,Denver Nuggets,21500241,2015-11-28T00:00:00,DEN @ DAL,L,14.1,4.0,0.0,6.0,8.0,0.0,2.0,0.0,12.0,1.0,0.0,4.0,2.0,22.0,1,13074,13074,13074,20335,2460,10158,740,3109,1,3734,1,18637,2692,1,22104,7786,10388,1.0,14:08,2015,2016
2015-16,201567,Kevin Love,Kevin,1610612739,CLE,Cleveland Cavaliers,21500240,2015-11-28T00:00:00,CLE vs. BKN,W,34.0,10.0,0.0,4.0,4.0,6.0,4.0,9.0,32.0,1.0,0.0,4.0,2.0,37.4,1,1,1,1,4360,99,10158,1913,8599,10028,8458,18829,3535,2692,1,22104,7786,3073,2.0,33:60,2015,2016
2015-16,203521,Matthew Dellavedova,Matthew,1610612739,CLE,Cleveland Cavaliers,21500240,2015-11-28T00:00:00,CLE vs. BKN,W,25.4,0.0,0.0,0.0,0.0,9.0,2.0,4.0,20.0,0.0,0.0,1.0,0.0,13.8,1,1,1,1,11384,12059,10158,9917,18861,15771,3734,8806,11929,8004,1,4972,18762,16311,2.0,25:23,2015,2016
2015-16,202355,Hassan Whiteside,Hassan,1610612748,MIA,Miami Heat,21500230,2015-11-27T00:00:00,MIA @ NYK,W,31.4,0.0,4.0,0.0,2.0,9.0,8.0,5.0,24.0,6.0,1.0,1.0,5.0,39.8,1,1,1,1,6416,12059,1596,9917,12984,15771,17345,11593,8723,19,17214,4972,1539,2422,1.0,31:21,2015,2016
2015-16,203546,Ian Clark,Ian,1610612744,GSW,Golden State Warriors,21500236,2015-11-27T00:00:00,GSW @ PHX,W,13.1,2.0,0.0,2.0,4.0,10.0,0.0,13.0,16.0,0.0,0.0,3.0,0.0,13.4,1,1,1,1,20910,6026,10158,4675,8599,17370,1,23048,15259,8004,1,17641,18762,16614,1.0,13:07,2015,2016
2015-16,203506,Victor Oladipo,Victor,1610612753,ORL,Orlando Magic,21500228,2015-11-27T00:00:00,ORL vs. MIL,W,24.3,12.0,0.0,2.0,10.0,6.0,0.0,6.0,16.0,0.0,0.0,0.0,5.0,38.7,1,1,1,1,12301,27,10158,4675,1840,10028,1,13388,15259,8004,1,1,1539,2717,1.0,24:18,2015,2016
2015-16,201144,Mike Conley,Mike,1610612763,MEM,Memphis Grizzlies,21500233,2015-11-27T00:00:00,MEM vs. ATL,L,38.1,0.0,0.0,0.0,4.0,12.0,12.0,5.0,24.0,0.0,0.0,1.0,7.0,27.7,1,13074,13074,13074,1464,12059,10158,9917,8599,20178,22832,11593,8723,8004,1,4972,469,7008,1.0,38:06,2015,2016
2015-16,203924,Jerami Grant,Jerami,1610612755,PHI,Philadelphia 76ers,21500232,2015-11-27T00:00:00,PHI @ HOU,L,31.6,4.0,0.0,2.0,6.0,12.0,12.0,13.0,28.0,1.0,0.0,3.0,3.0,28.1,1,13074,13074,13074,6189,2460,10158,4675,5299,20178,22832,23048,5824,2692,1,17641,4736,6818,1.0,31:39,2015,2016
2015-16,2564,Boris Diaw,Boris,1610612759,SAS,San Antonio Spurs,21500235,2015-11-27T00:00:00,SAS @ DEN,W,22.7,2.0,0.0,0.0,6.0,9.0,3.0,5.0,14.0,0.0,0.0,4.0,1.0,14.0,1,1,1,1,13629,6026,10158,9917,5299,15771,7138,11593,17019,8004,1,22104,12373,16166,1.0,22:40,2015,2016
2015-16,1889,Andre Miller,Andre,1610612750,MIN,Minnesota Timberwolves,21500237,2015-11-27T00:00:00,MIN @ SAC,W,18.8,2.0,0.0,0.0,4.0,8.0,4.0,5.0,16.0,0.0,0.0,3.0,1.0,22.2,1,1,1,1,16895,6026,10158,9917,8599,13914,8458,11593,15259,8004,1,17641,12373,10263,1.0,18:46,2015,2016
2015-16,203210,JaMychal Green,JaMychal,1610612763,MEM,Memphis Grizzlies,21500233,2015-11-27T00:00:00,MEM vs. ATL,L,26.6,0.0,2.0,0.0,6.0,11.0,4.0,5.0,16.0,0.0,0.0,3.0,1.0,22.4,1,13074,13074,13074,10338,12059,4731,9917,5299,18886,8458,11593,15259,8004,1,17641,12373,10131,1.0,26:38,2015,2016
2015-16,203477,Isaiah Canaan,Isaiah,1610612755,PHI,Philadelphia 76ers,21500232,2015-11-27T00:00:00,PHI @ HOU,L,32.4,0.0,0.0,0.0,8.0,11.0,13.0,14.0,26.0,1.0,1.0,5.0,2.0,28.4,1,13074,13074,13074,5592,12059,10158,9917,3109,18886,23668,23710,7214,2692,17214,24686,7786,6663,1.0,32:23,2015,2016
2015-16,202337,Luke Babbitt,Luke,1610612740,NOP,New Orleans Pelicans,21500238,2015-11-27T00:00:00,NOP @ LAC,L,14.7,3.0,0.0,3.0,0.0,2.0,4.0,6.0,14.0,0.0,2.0,1.0,1.0,14.0,1,13074,13074,13074,19938,4307,10158,3302,18861,2619,8458,13388,17019,8004,23588,4972,12373,16166,1.0,14:44,2015,2016
2015-16,201967,Dante Cunningham,Dante,1610612740,NOP,New Orleans Pelicans,21500238,2015-11-27T00:00:00,NOP @ LAC,L,19.8,2.0,0.0,0.0,2.0,2.0,2.0,8.0,20.0,0.0,0.0,0.0,0.0,13.5,1,13074,13074,13074,16056,6026,10158,9917,12984,2619,3734,17194,11929,8004,1,1,18762,16552,1.0,19:49,2015,2016
2015-16,203105,Festus Ezeli,Festus,1610612744,GSW,Golden State Warriors,21500236,2015-11-27T00:00:00,GSW @ PHX,W,16.6,0.0,2.0,0.0,4.0,9.0,2.0,10.0,24.0,3.0,1.0,3.0,1.0,27.8,1,1,1,1,18605,12059,4731,9917,8599,15771,3734,20169,8723,347,17214,17641,12373,6950,1.0,16:34,2015,2016
2015-16,203490,Otto Porter Jr.,Otto,1610612764,WAS,Washington Wizards,21500229,2015-11-27T00:00:00,WAS @ BOS,L,21.7,4.0,4.0,0.0,4.0,13.0,12.0,2.0,24.0,0.0,0.0,3.0,0.0,17.0,1,13074,13074,13074,14458,2460,1596,9917,8599,21300,22832,4025,8723,8004,1,17641,18762,13855,1.0,21:40,2015,2016
2015-16,201973,Jonas Jerebko,Jonas,1610612738,BOS,Boston Celtics,21500229,2015-11-27T00:00:00,BOS vs. WAS,W,24.5,0.0,0.0,0.0,2.0,12.0,7.0,8.0,14.0,1.0,1.0,1.0,3.0,22.4,1,1,1,1,12102,12059,10158,9917,12984,20178,15642,17194,17019,2692,17214,4972,4736,10131,1.0,24:31,2015,2016
2015-16,201565,Derrick Rose,Derrick,1610612741,CHI,Chicago Bulls,21500231,2015-11-27T00:00:00,CHI @ IND,L,31.3,5.0,0.0,0.0,2.0,15.0,16.0,14.0,30.0,1.0,2.0,1.0,1.0,27.7,1,13074,13074,13074,6514,1603,10158,9917,12984,23079,25155,23710,4541,2692,23588,4972,12373,7008,1.0,31:15,2015,2016
2015-16,101123,Gerald Green,Gerald,1610612748,MIA,Miami Heat,21500230,2015-11-27T00:00:00,MIA @ NYK,W,26.5,2.0,0.0,0.0,8.0,6.0,6.0,2.0,10.0,0.0,1.0,3.0,3.0,28.4,1,1,1,1,10437,6026,10158,9917,3109,10028,13237,4025,20209,8004,17214,17641,4736,6663,1.0,26:31,2015,2016
2015-16,202704,Reggie Jackson,Reggie,1610612765,DET,Detroit Pistons,21500234,2015-11-27T00:00:00,DET @ OKC,L,26.9,4.0,3.0,2.0,4.0,5.0,12.0,9.0,24.0,0.0,2.0,5.0,4.0,33.0,1,13074,13074,13074,10141,2460,3104,4675,8599,8403,22832,18829,8723,8004,23588,24686,2748,4537,1.0,26:51,2015,2016
2015-16,101135,David Lee,David,1610612738,BOS,Boston Celtics,21500229,2015-11-27T00:00:00,BOS vs. WAS,W,16.7,0.0,4.0,0.0,10.0,6.0,5.0,4.0,12.0,0.0,0.0,1.0,1.0,22.2,1,1,1,1,18521,12059,1596,9917,1840,10028,11469,8806,18637,8004,1,4972,12373,10263,1.0,16:40,2015,2016
2015-16,201564,O.J. Mayo,O.J.,1610612749,MIL,Milwaukee Bucks,21500228,2015-11-27T00:00:00,MIL @ ORL,L,25.3,0.0,0.0,0.0,2.0,15.0,2.0,5.0,22.0,0.0,0.0,4.0,2.0,13.8,1,13074,13074,13074,11430,12059,10158,9917,12984,23079,3734,11593,10265,8004,1,22104,7786,16311,1.0,25:19,2015,2016
2015-16,201162,Jared Dudley,Jared,1610612764,WAS,Washington Wizards,21500229,2015-11-27T00:00:00,WAS @ BOS,L,30.3,3.0,0.0,2.0,0.0,9.0,19.0,2.0,20.0,2.0,1.0,2.0,4.0,28.5,1,13074,13074,13074,7284,4307,10158,4675,18861,15771,25786,4025,11929,932,17214,11390,2748,6613,1.0,30:16,2015,2016
2015-16,203917,Nik Stauskas,Nik,1610612755,PHI,Philadelphia 76ers,21500232,2015-11-27T00:00:00,PHI @ HOU,L,14.5,1.0,0.0,1.0,0.0,3.0,2.0,5.0,8.0,0.0,0.0,0.0,4.0,16.9,1,13074,13074,13074,20079,11535,10158,9347,18861,5109,3734,11593,21543,8004,1,1,2748,13911,1.0,14:33,2015,2016
2015-16,202688,Brandon Knight,Brandon,1610612756,PHX,Phoenix Suns,21500236,2015-11-27T00:00:00,PHX vs. GSW,L,34.7,8.0,0.0,2.0,14.0,16.0,16.0,10.0,32.0,0.0,0.0,3.0,6.0,32.7,1,13074,13074,13074,3744,308,10158,4675,542,23774,25155,20169,3535,8004,1,17641,873,4649,1.0,34:44,2015,2016
2015-16,202397,Ish Smith,Ish,1610612740,NOP,New Orleans Pelicans,21500238,2015-11-27T00:00:00,NOP @ LAC,L,38.0,2.0,0.0,5.0,8.0,10.0,7.0,24.0,40.0,0.0,3.0,1.0,2.0,39.8,1,13074,13074,13074,1509,6026,10158,1277,3109,17370,15642,25937,983,8004,25441,4972,7786,2422,1.0,37:59,2015,2016
2015-16,1626159,Justise Winslow,Justise,1610612748,MIA,Miami Heat,21500230,2015-11-27T00:00:00,MIA @ NYK,W,34.6,2.0,2.0,2.0,2.0,7.0,2.0,7.0,28.0,0.0,1.0,3.0,1.0,21.9,1,1,1,1,3842,6026,4731,4675,12984,12242,3734,15538,5824,8004,17214,17641,12373,10460,1.0,34:38,2015,2016
2015-16,2225,Tony Parker,Tony,1610612759,SAS,San Antonio Spurs,21500235,2015-11-27T00:00:00,SAS @ DEN,W,24.7,4.0,0.0,0.0,2.0,3.0,4.0,7.0,22.0,1.0,0.0,2.0,3.0,22.7,1,1,1,1,11898,2460,10158,9917,12984,5109,8458,15538,10265,2692,1,11390,4736,9938,1.0,24:44,2015,2016
2015-16,203952,Andrew Wiggins,Andrew,1610612750,MIN,Minnesota Timberwolves,21500237,2015-11-27T00:00:00,MIN @ SAC,W,36.2,2.0,8.0,0.0,8.0,14.0,9.0,18.0,30.0,1.0,1.0,4.0,3.0,32.7,1,1,1,1,2634,6026,137,9917,3109,22292,19144,25228,4541,2692,17214,22104,4736,4649,1.0,36:10,2015,2016
2015-16,203613,Jonathon Simmons,Jonathon,1610612759,SAS,San Antonio Spurs,21500235,2015-11-27T00:00:00,SAS @ DEN,W,26.6,2.0,0.0,3.0,6.0,15.0,5.0,8.0,22.0,0.0,1.0,2.0,4.0,16.9,1,1,1,1,10393,6026,10158,3302,5299,23079,11469,17194,10265,8004,17214,11390,2748,13911,1.0,26:34,2015,2016
2015-16,201588,George Hill,George,1610612754,IND,Indiana Pacers,21500231,2015-11-27T00:00:00,IND vs. CHI,W,31.8,4.0,0.0,4.0,4.0,7.0,7.0,2.0,24.0,1.0,1.0,1.0,1.0,27.5,1,1,1,1,6106,2460,10158,1913,8599,12242,15642,4025,8723,2692,17214,4972,12373,7137,1.0,31:45,2015,2016
2015-16,203094,Andrew Nicholson,Andrew,1610612753,ORL,Orlando Magic,21500228,2015-11-27T00:00:00,ORL vs. MIL,W,25.2,0.0,0.0,0.0,0.0,8.0,0.0,6.0,20.0,2.0,0.0,1.0,2.0,16.9,1,1,1,1,11499,12059,10158,9917,18861,13914,1,13388,11929,932,1,4972,7786,13911,1.0,25:14,2015,2016
2015-16,2571,Leandro Barbosa,Leandro,1610612744,GSW,Golden State Warriors,21500236,2015-11-27T00:00:00,GSW @ PHX,W,23.2,0.0,3.0,2.0,6.0,14.0,3.0,11.0,28.0,1.0,0.0,1.0,1.0,27.6,1,1,1,1,13244,12059,3104,4675,5299,22292,7138,21342,5824,2692,1,4972,12373,7080,1.0,23:09,2015,2016
2015-16,202339,Eric Bledsoe,Eric,1610612756,PHX,Phoenix Suns,21500236,2015-11-27T00:00:00,PHX vs. GSW,L,34.1,5.0,5.0,6.0,8.0,14.0,11.0,15.0,32.0,0.0,1.0,2.0,4.0,37.7,1,13074,13074,13074,4253,1603,995,740,3109,22292,21814,24242,3535,8004,17214,11390,2748,2990,1.0,34:07,2015,2016
2015-16,203897,Zach LaVine,Zach,1610612750,MIN,Minnesota Timberwolves,21500237,2015-11-27T00:00:00,MIN @ SAC,W,29.2,2.0,2.0,0.0,8.0,11.0,5.0,15.0,26.0,0.0,0.0,2.0,3.0,32.6,1,1,1,1,8181,6026,4731,9917,3109,18886,11469,24242,7214,8004,1,11390,4736,4687,1.0,29:14,2015,2016
2015-16,203114,Khris Middleton,Khris,1610612749,MIL,Milwaukee Bucks,21500228,2015-11-27T00:00:00,MIL @ ORL,L,33.9,3.0,0.0,0.0,0.0,28.0,7.0,15.0,28.0,0.0,0.0,1.0,3.0,32.6,1,13074,13074,13074,4454,4307,10158,9917,18861,26034,15642,24242,5824,8004,1,4972,4736,4687,1.0,33:52,2015,2016
2015-16,203145,Kent Bazemore,Kent,1610612737,ATL,Atlanta Hawks,21500233,2015-11-27T00:00:00,ATL @ MEM,W,26.4,0.0,2.0,0.0,6.0,4.0,2.0,2.0,20.0,0.0,0.0,3.0,1.0,22.6,1,1,1,1,10559,12059,4731,9917,5299,6141,3734,4025,11929,8004,1,17641,12373,10000,1.0,26:21,2015,2016
2015-16,2440,Matt Barnes,Matt,1610612763,MEM,Memphis Grizzlies,21500233,2015-11-27T00:00:00,MEM vs. ATL,L,27.3,2.0,2.0,5.0,6.0,8.0,7.0,3.0,20.0,0.0,0.0,5.0,0.0,17.4,1,13074,13074,13074,9784,6026,4731,1277,5299,13914,15642,7328,11929,8004,1,24686,18762,13595,1.0,27:17,2015,2016
2015-16,202710,Jimmy Butler III,Jimmy,1610612741,CHI,Chicago Bulls,21500231,2015-11-27T00:00:00,CHI @ IND,L,39.8,2.0,2.0,0.0,2.0,18.0,11.0,15.0,38.0,2.0,0.0,2.0,4.0,37.5,1,13074,13074,13074,779,6026,4731,9917,12984,24749,21814,24242,1422,932,1,11390,2748,3050,1.0,39:49,2015,2016
2015-16,203901,Elfrid Payton,Elfrid,1610612753,ORL,Orlando Magic,21500228,2015-11-27T00:00:00,ORL vs. MIL,W,30.8,9.0,0.0,7.0,14.0,14.0,0.0,9.0,30.0,0.0,0.0,3.0,3.0,38.4,1,1,1,1,6914,171,10158,454,542,22292,1,18829,4541,8004,1,17641,4736,2802,1.0,30:47,2015,2016
2015-16,203500,Steven Adams,Steven,1610612760,OKC,Oklahoma City Thunder,21500234,2015-11-27T00:00:00,OKC vs. DET,W,27.9,0.0,4.0,0.0,8.0,11.0,8.0,5.0,18.0,1.0,0.0,2.0,1.0,28.1,1,1,1,1,9296,12059,1596,9917,3109,18886,17345,11593,13577,2692,1,11390,12373,6818,1.0,27:55,2015,2016
2015-16,201587,Nicolas Batum,Nicolas,1610612766,CHA,Charlotte Hornets,21500227,2015-11-27T00:00:00,CHA vs. CLE,L,38.7,1.0,4.0,4.0,6.0,6.0,7.0,4.0,32.0,0.0,0.0,2.0,4.0,32.6,1,13074,13074,13074,1197,11535,1596,1913,5299,10028,15642,8806,3535,8004,1,11390,2748,4687,1.0,38:40,2015,2016
2015-16,2547,Chris Bosh,Chris,1610612748,MIA,Miami Heat,21500230,2015-11-27T00:00:00,MIA @ NYK,W,31.2,0.0,2.0,0.0,4.0,10.0,6.0,6.0,22.0,1.0,0.0,1.0,4.0,32.5,1,1,1,1,6536,12059,4731,9917,8599,17370,13237,13388,10265,2692,1,4972,2748,4726,1.0,31:13,2015,2016
2015-16,202328,Greg Monroe,Greg,1610612749,MIL,Milwaukee Bucks,21500228,2015-11-27T00:00:00,MIL @ ORL,L,19.2,0.0,0.0,2.0,6.0,16.0,7.0,7.0,14.0,0.0,3.0,1.0,4.0,17.6,1,13074,13074,13074,16573,12059,10158,4675,5299,23774,15642,15538,17019,8004,25441,4972,2748,13443,1.0,19:09,2015,2016
2015-16,2730,Dwight Howard,Dwight,1610612745,HOU,Houston Rockets,21500232,2015-11-27T00:00:00,HOU vs. PHI,W,36.1,0.0,2.0,5.0,8.0,21.0,5.0,4.0,22.0,0.0,2.0,4.0,7.0,37.6,1,1,1,1,2720,12059,4731,1277,3109,25535,11469,8806,10265,8004,23588,22104,469,3018,1.0,36:03,2015,2016
2015-16,101106,Andrew Bogut,Andrew,1610612744,GSW,Golden State Warriors,21500236,2015-11-27T00:00:00,GSW @ PHX,W,13.0,0.0,0.0,3.0,6.0,4.0,5.0,3.0,4.0,2.0,0.0,4.0,1.0,17.4,1,1,1,1,20962,12059,10158,3302,5299,6141,11469,7328,23698,932,1,22104,12373,13595,1.0,13:01,2015,2016
2015-16,201573,Jerryd Bayless,Jerryd,1610612749,MIL,Milwaukee Bucks,21500228,2015-11-27T00:00:00,MIL @ ORL,L,33.0,2.0,0.0,2.0,2.0,23.0,0.0,13.0,32.0,0.0,0.0,2.0,0.0,28.3,1,13074,13074,13074,5104,6026,10158,4675,12984,25803,1,23048,3535,8004,1,11390,18762,6720,1.0,33:01,2015,2016
2015-16,203087,Jeremy Lamb,Jeremy,1610612766,CHA,Charlotte Hornets,21500227,2015-11-27T00:00:00,CHA vs. CLE,L,23.8,4.0,2.0,0.0,6.0,5.0,7.0,6.0,16.0,1.0,0.0,2.0,2.0,22.6,1,13074,13074,13074,12769,2460,4731,9917,5299,8403,15642,13388,15259,2692,1,11390,7786,10000,1.0,23:46,2015,2016
2015-16,101162,Marcin Gortat,Marcin,1610612764,WAS,Washington Wizards,21500229,2015-11-27T00:00:00,WAS @ BOS,L,29.2,0.0,2.0,0.0,2.0,11.0,19.0,5.0,28.0,0.0,0.0,3.0,1.0,17.8,1,13074,13074,13074,8178,12059,4731,9917,12984,18886,25786,11593,5824,8004,1,17641,12373,13309,1.0,29:15,2015,2016
2015-16,204001,Kristaps Porziņģis,Kristaps,1610612752,NYK,New York Knicks,21500230,2015-11-27T00:00:00,NYK vs. MIA,L,23.7,3.0,0.0,3.0,2.0,6.0,9.0,4.0,18.0,3.0,0.0,5.0,1.0,32.6,1,13074,13074,13074,12788,4307,10158,3302,12984,10028,19144,8806,13577,347,1,24686,12373,4687,1.0,23:44,2015,2016
2015-16,201177,Josh McRoberts,Josh,1610612748,MIA,Miami Heat,21500230,2015-11-27T00:00:00,MIA @ NYK,W,23.9,0.0,0.0,0.0,2.0,5.0,2.0,3.0,16.0,0.0,0.0,2.0,2.0,10.3,1,1,1,1,12679,12059,10158,9917,12984,8403,3734,7328,15259,8004,1,11390,7786,18965,1.0,23:53,2015,2016
2015-16,203894,Shabazz Napier,Shabazz,1610612753,ORL,Orlando Magic,21500228,2015-11-27T00:00:00,ORL vs. MIL,W,11.9,0.0,0.0,0.0,2.0,2.0,0.0,2.0,10.0,0.0,0.0,0.0,1.0,9.9,1,1,1,1,21662,12059,10158,9917,12984,2619,1,4025,20209,8004,1,1,12373,19247,1.0,11:51,2015,2016
2015-16,203960,JaKarr Sampson,JaKarr,1610612755,PHI,Philadelphia 76ers,21500232,2015-11-27T00:00:00,PHI @ HOU,L,18.7,2.0,2.0,0.0,6.0,9.0,5.0,6.0,16.0,1.0,0.0,1.0,0.0,10.4,1,13074,13074,13074,16976,6026,4731,9917,5299,15771,11469,13388,15259,2692,1,4972,18762,18859,1.0,18:39,2015,2016
2015-16,204020,Tyler Johnson,Tyler,1610612748,MIA,Miami Heat,21500230,2015-11-27T00:00:00,MIA @ NYK,W,20.4,0.0,2.0,0.0,2.0,4.0,2.0,6.0,16.0,0.0,0.0,1.0,2.0,10.0,1,1,1,1,15591,12059,4731,9917,12984,6141,3734,13388,15259,8004,1,4972,7786,19178,1.0,20:22,2015,2016
2015-16,2550,Kirk Hinrich,Kirk,1610612741,CHI,Chicago Bulls,21500231,2015-11-27T00:00:00,CHI @ IND,L,21.6,0.0,0.0,3.0,0.0,7.0,2.0,9.0,16.0,0.0,0.0,3.0,3.0,14.2,1,13074,13074,13074,14490,12059,10158,3302,18861,12242,3734,18829,15259,8004,1,17641,4736,16003,1.0,21:38,2015,2016
2015-16,201149,Joakim Noah,Joakim,1610612741,CHI,Chicago Bulls,21500231,2015-11-27T00:00:00,CHI @ IND,L,18.8,0.0,0.0,0.0,0.0,7.0,5.0,13.0,10.0,2.0,0.0,2.0,0.0,10.0,1,13074,13074,13074,16885,12059,10158,9917,18861,12242,11469,23048,20209,932,1,11390,18762,19178,1.0,18:47,2015,2016
2015-16,202682,Derrick Williams,Derrick,1610612752,NYK,New York Knicks,21500230,2015-11-27T00:00:00,NYK vs. MIA,L,17.7,0.0,0.0,4.0,2.0,2.0,0.0,2.0,12.0,0.0,1.0,1.0,1.0,10.4,1,13074,13074,13074,17765,12059,10158,1913,12984,2619,1,4025,18637,8004,17214,4972,12373,18859,1.0,17:41,2015,2016
2015-16,2743,Kris Humphries,Kris,1610612764,WAS,Washington Wizards,21500229,2015-11-27T00:00:00,WAS @ BOS,L,12.9,0.0,0.0,0.0,0.0,4.0,10.0,5.0,14.0,1.0,1.0,2.0,0.0,9.8,1,13074,13074,13074,21055,12059,10158,9917,18861,6141,20509,11593,17019,2692,17214,11390,18762,19331,1.0,12:51,2015,2016
2015-16,203458,Alex Len,Alex,1610612756,PHX,Phoenix Suns,21500236,2015-11-27T00:00:00,PHX vs. GSW,L,9.4,0.0,0.0,0.0,0.0,5.0,2.0,7.0,8.0,0.0,0.0,0.0,2.0,9.8,1,13074,13074,13074,22657,12059,10158,9917,18861,8403,3734,15538,21543,8004,1,1,7786,19331,1.0,9:26,2015,2016
2015-16,203487,Michael Carter-Williams,Michael,1610612749,MIL,Milwaukee Bucks,21500228,2015-11-27T00:00:00,MIL @ ORL,L,24.1,2.0,0.0,0.0,2.0,23.0,7.0,10.0,20.0,1.0,0.0,2.0,3.0,10.3,1,13074,13074,13074,12491,6026,10158,9917,12984,25803,15642,20169,11929,2692,1,11390,4736,18965,1.0,24:04,2015,2016
2015-16,203498,Shabazz Muhammad,Shabazz,1610612750,MIN,Minnesota Timberwolves,21500237,2015-11-27T00:00:00,MIN @ SAC,W,15.7,3.0,0.0,0.0,4.0,8.0,2.0,3.0,12.0,0.0,0.0,2.0,1.0,14.2,1,1,1,1,19265,4307,10158,9917,8599,13914,3734,7328,18637,8004,1,11390,12373,16003,1.0,15:42,2015,2016
2015-16,2419,Tayshaun Prince,Tayshaun,1610612750,MIN,Minnesota Timberwolves,21500237,2015-11-27T00:00:00,MIN @ SAC,W,21.5,0.0,4.0,0.0,6.0,5.0,2.0,10.0,18.0,0.0,2.0,0.0,2.0,10.1,1,1,1,1,14577,12059,1596,9917,5299,8403,3734,20169,13577,8004,23588,1,7786,19105,1.0,21:31,2015,2016
2015-16,202684,Tristan Thompson,Tristan,1610612739,CLE,Cleveland Cavaliers,21500227,2015-11-27T00:00:00,CLE @ CHA,W,29.6,0.0,3.0,0.0,6.0,12.0,6.0,2.0,20.0,0.0,2.0,5.0,3.0,22.9,1,1,1,1,7891,12059,3104,9917,5299,20178,13237,4025,11929,8004,23588,24686,4736,9811,1.0,29:35,2015,2016
2015-16,201599,DeAndre Jordan,DeAndre,1610612746,LAC,LA Clippers,21500238,2015-11-27T00:00:00,LAC vs. NOP,W,24.6,2.0,2.0,2.0,8.0,2.0,5.0,2.0,26.0,1.0,0.0,4.0,0.0,25.7,1,1,1,1,12017,6026,4731,4675,3109,2619,11469,4025,7214,2692,1,22104,18762,8088,1.0,24:36,2015,2016
2015-16,202683,Enes Freedom,Enes,1610612760,OKC,Oklahoma City Thunder,21500234,2015-11-27T00:00:00,OKC vs. DET,W,18.4,0.0,6.0,1.0,6.0,4.0,2.0,7.0,16.0,1.0,0.0,2.0,5.0,23.5,1,1,1,1,17181,12059,481,9347,5299,6141,3734,15538,15259,2692,1,11390,1539,9452,1.0,18:24,2015,2016
2015-16,2744,Al Jefferson,Al,1610612766,CHA,Charlotte Hornets,21500227,2015-11-27T00:00:00,CHA vs. CLE,L,30.9,6.0,0.0,0.0,2.0,4.0,6.0,2.0,22.0,1.0,0.0,1.0,1.0,25.7,1,13074,13074,13074,6774,878,10158,9917,12984,6141,13237,4025,10265,2692,1,4972,12373,8088,1.0,30:56,2015,2016
2015-16,203515,Phil Pressey,Phil,1610612755,PHI,Philadelphia 76ers,21500232,2015-11-27T00:00:00,PHI @ HOU,L,16.4,4.0,0.0,4.0,4.0,6.0,6.0,10.0,14.0,1.0,2.0,0.0,2.0,19.5,1,13074,13074,13074,18720,2460,10158,1913,8599,10028,13237,20169,17019,2692,23588,1,7786,12096,1.0,16:25,2015,2016
2015-16,708,Kevin Garnett,Kevin,1610612750,MIN,Minnesota Timberwolves,21500237,2015-11-27T00:00:00,MIN @ SAC,W,16.8,0.0,0.0,0.0,0.0,6.0,2.0,4.0,18.0,0.0,0.0,3.0,2.0,15.0,1,1,1,1,18447,12059,10158,9917,18861,10028,3734,8806,13577,8004,1,17641,7786,15404,1.0,16:46,2015,2016
2015-16,201600,Omer Asik,Omer,1610612740,NOP,New Orleans Pelicans,21500238,2015-11-27T00:00:00,NOP @ LAC,L,16.1,0.0,1.0,0.0,2.0,6.0,2.0,9.0,16.0,0.0,0.0,2.0,3.0,15.0,1,13074,13074,13074,18997,12059,9709,9917,12984,10028,3734,18829,15259,8004,1,11390,4736,15404,1.0,16:03,2015,2016
2015-16,204456,T.J. McConnell,T.J.,1610612755,PHI,Philadelphia 76ers,21500232,2015-11-27T00:00:00,PHI @ HOU,L,25.7,2.0,0.0,0.0,4.0,11.0,7.0,5.0,16.0,0.0,0.0,3.0,1.0,26.0,1,13074,13074,13074,11120,6026,10158,9917,8599,18886,15642,11593,15259,8004,1,17641,12373,7910,1.0,25:41,2015,2016
2015-16,201188,Marc Gasol,Marc,1610612763,MEM,Memphis Grizzlies,21500233,2015-11-27T00:00:00,MEM vs. ATL,L,36.6,0.0,0.0,0.0,8.0,15.0,10.0,5.0,24.0,0.0,2.0,2.0,5.0,23.6,1,13074,13074,13074,2366,12059,10158,9917,3109,23079,20509,11593,8723,8004,23588,11390,1539,9377,1.0,36:33,2015,2016
2015-16,203124,Kyle O'Quinn,Kyle,1610612752,NYK,New York Knicks,21500230,2015-11-27T00:00:00,NYK vs. MIA,L,19.5,0.0,2.0,0.0,2.0,8.0,7.0,6.0,16.0,0.0,0.0,2.0,2.0,26.1,1,13074,13074,13074,16340,12059,4731,9917,12984,13914,15642,13388,15259,8004,1,11390,7786,7836,1.0,19:28,2015,2016
2015-16,201980,Danny Green,Danny,1610612759,SAS,San Antonio Spurs,21500235,2015-11-27T00:00:00,SAS @ DEN,W,27.1,3.0,0.0,0.0,0.0,11.0,4.0,11.0,24.0,0.0,0.0,0.0,0.0,14.8,1,1,1,1,9963,4307,10158,9917,18861,18886,8458,21342,8723,8004,1,1,18762,15561,1.0,27:04,2015,2016
2015-16,1626143,Jahlil Okafor,Jahlil,1610612755,PHI,Philadelphia 76ers,21500232,2015-11-27T00:00:00,PHI @ HOU,L,26.7,3.0,2.0,0.0,2.0,10.0,13.0,9.0,30.0,0.0,2.0,2.0,2.0,23.2,1,13074,13074,13074,10269,4307,4731,9917,12984,17370,23668,18829,4541,8004,23588,11390,7786,9630,1.0,26:43,2015,2016
2015-16,2210,Richard Jefferson,Richard,1610612739,CLE,Cleveland Cavaliers,21500227,2015-11-27T00:00:00,CLE @ CHA,W,30.2,5.0,0.0,4.0,4.0,10.0,6.0,2.0,22.0,0.0,0.0,2.0,4.0,14.7,1,1,1,1,7350,1603,10158,1913,8599,17370,13237,4025,10265,8004,1,11390,2748,15631,1.0,30:12,2015,2016
2015-16,2561,David West,David,1610612759,SAS,San Antonio Spurs,21500235,2015-11-27T00:00:00,SAS @ DEN,W,19.2,0.0,0.0,0.0,0.0,11.0,5.0,5.0,12.0,0.0,1.0,0.0,4.0,14.7,1,1,1,1,16525,12059,10158,9917,18861,18886,11469,11593,18637,8004,17214,1,2748,15631,1.0,19:12,2015,2016
2015-16,2772,Trevor Ariza,Trevor,1610612745,HOU,Houston Rockets,21500232,2015-11-27T00:00:00,HOU vs. PHI,W,36.0,5.0,2.0,2.0,4.0,19.0,2.0,8.0,30.0,0.0,0.0,1.0,2.0,19.3,1,1,1,1,2796,1603,4731,4675,8599,25074,3734,17194,4541,8004,1,4972,7786,12228,1.0,35:57,2015,2016
2015-16,203085,Austin Rivers,Austin,1610612746,LAC,LA Clippers,21500238,2015-11-27T00:00:00,LAC vs. NOP,W,23.6,2.0,0.0,2.0,10.0,14.0,7.0,12.0,18.0,0.0,0.0,1.0,2.0,23.2,1,1,1,1,12870,6026,10158,4675,1840,22292,15642,22259,13577,8004,1,4972,7786,9630,1.0,23:38,2015,2016
2015-16,201959,Taj Gibson,Taj,1610612741,CHI,Chicago Bulls,21500231,2015-11-27T00:00:00,CHI @ IND,L,18.9,0.0,0.0,0.0,4.0,6.0,7.0,12.0,10.0,1.0,1.0,2.0,0.0,14.7,1,13074,13074,13074,16820,12059,10158,9917,8599,10028,15642,22259,20209,2692,17214,11390,18762,15631,1.0,18:51,2015,2016
2015-16,203484,Kentavious Caldwell-Pope,Kentavious,1610612765,DET,Detroit Pistons,21500234,2015-11-27T00:00:00,DET @ OKC,L,40.0,2.0,0.0,2.0,6.0,7.0,19.0,12.0,38.0,0.0,2.0,2.0,6.0,23.8,1,13074,13074,13074,724,6026,10158,4675,5299,12242,25786,22259,1422,8004,23588,11390,873,9261,1.0,40:02,2015,2016
2015-16,203089,John Henson,John,1610612749,MIL,Milwaukee Bucks,21500228,2015-11-27T00:00:00,MIL @ ORL,L,19.9,4.0,0.0,0.0,2.0,8.0,0.0,4.0,14.0,1.0,1.0,2.0,3.0,14.6,1,13074,13074,13074,15962,2460,10158,9917,12984,13914,1,8806,17019,2692,17214,11390,4736,15699,1.0,19:56,2015,2016
2015-16,202738,Isaiah Thomas,Isaiah,1610612738,BOS,Boston Celtics,21500229,2015-11-27T00:00:00,BOS vs. WAS,W,31.3,2.0,5.0,0.0,6.0,6.0,7.0,8.0,22.0,0.0,0.0,1.0,1.0,34.3,1,1,1,1,6497,6026,995,9917,5299,10028,15642,17194,10265,8004,1,4972,12373,4063,1.0,31:16,2015,2016
2015-16,201155,Rodney Stuckey,Rodney,1610612754,IND,Indiana Pacers,21500231,2015-11-27T00:00:00,IND vs. CHI,W,28.3,2.0,0.0,4.0,2.0,10.0,2.0,0.0,10.0,0.0,1.0,4.0,5.0,14.6,1,1,1,1,9039,6026,10158,1913,12984,17370,3734,1,20209,8004,17214,22104,1539,15699,1.0,28:15,2015,2016
2015-16,101161,Amir Johnson,Amir,1610612738,BOS,Boston Celtics,21500229,2015-11-27T00:00:00,BOS vs. WAS,W,18.5,2.0,2.0,0.0,4.0,0.0,4.0,4.0,10.0,1.0,0.0,2.0,1.0,23.1,1,1,1,1,17121,6026,4731,9917,8599,1,8458,8806,20209,2692,1,11390,12373,9699,1.0,18:28,2015,2016
2015-16,203141,Mirza Teletovic,Mirza,1610612756,PHX,Phoenix Suns,21500236,2015-11-27T00:00:00,PHX vs. GSW,L,21.0,0.0,3.0,0.0,2.0,4.0,13.0,4.0,16.0,2.0,0.0,1.0,2.0,22.9,1,13074,13074,13074,15039,12059,3104,9917,12984,6141,23668,8806,15259,932,1,4972,7786,9811,1.0,21:01,2015,2016
2015-16,201952,Jeff Teague,Jeff,1610612737,ATL,Atlanta Hawks,21500233,2015-11-27T00:00:00,ATL @ MEM,W,29.2,2.0,3.0,3.0,0.0,10.0,4.0,8.0,22.0,0.0,0.0,2.0,3.0,34.9,1,1,1,1,8196,6026,3104,3302,18861,17370,8458,17194,10265,8004,1,11390,4736,3845,1.0,29:13,2015,2016
2015-16,201143,Al Horford,Al,1610612737,ATL,Atlanta Hawks,21500233,2015-11-27T00:00:00,ATL @ MEM,W,29.8,4.0,0.0,0.0,4.0,12.0,2.0,5.0,22.0,0.0,0.0,5.0,2.0,23.8,1,1,1,1,7723,2460,10158,9917,8599,20178,3734,11593,10265,8004,1,24686,7786,9261,1.0,29:48,2015,2016
2015-16,101107,Marvin Williams,Marvin,1610612766,CHA,Charlotte Hornets,21500227,2015-11-27T00:00:00,CHA vs. CLE,L,33.4,3.0,0.0,0.0,2.0,9.0,8.0,4.0,24.0,2.0,0.0,5.0,3.0,22.9,1,13074,13074,13074,4825,4307,10158,9917,12984,15771,17345,8806,8723,932,1,24686,4736,9811,1.0,33:23,2015,2016
2015-16,203476,Gorgui Dieng,Gorgui,1610612750,MIN,Minnesota Timberwolves,21500237,2015-11-27T00:00:00,MIN @ SAC,W,26.7,4.0,0.0,0.0,0.0,8.0,4.0,11.0,20.0,0.0,0.0,1.0,3.0,24.6,1,1,1,1,10300,2460,10158,9917,18861,13914,8458,21342,11929,8004,1,4972,4736,8724,1.0,26:40,2015,2016
2015-16,201586,Serge Ibaka,Serge,1610612760,OKC,Oklahoma City Thunder,21500234,2015-11-27T00:00:00,OKC vs. DET,W,31.8,0.0,2.0,0.0,4.0,12.0,8.0,6.0,26.0,4.0,0.0,2.0,1.0,29.8,1,1,1,1,6085,12059,4731,9917,8599,20178,17345,13388,7214,132,1,11390,12373,5948,1.0,31:47,2015,2016
2015-16,201142,Kevin Durant,Kevin,1610612760,OKC,Oklahoma City Thunder,21500234,2015-11-27T00:00:00,OKC vs. DET,W,37.9,3.0,5.0,4.0,8.0,17.0,10.0,9.0,30.0,3.0,0.0,0.0,5.0,63.1,1,1,1,1,1575,4307,995,1913,3109,24337,20509,18829,4541,347,1,1,1539,119,1.0,37:51,2015,2016
2015-16,201933,Blake Griffin,Blake,1610612746,LAC,LA Clippers,21500238,2015-11-27T00:00:00,LAC vs. NOP,W,28.6,1.0,3.0,4.0,14.0,7.0,5.0,4.0,26.0,0.0,0.0,3.0,8.0,37.2,1,1,1,1,8733,11535,3104,1913,542,12242,11469,8806,7214,8004,1,17641,254,3130,1.0,28:36,2015,2016
2015-16,203991,Clint Capela,Clint,1610612745,HOU,Houston Rockets,21500232,2015-11-27T00:00:00,HOU vs. PHI,W,24.9,2.0,6.0,2.0,12.0,16.0,7.0,10.0,22.0,2.0,2.0,1.0,1.0,29.0,1,1,1,1,11716,6026,481,4675,988,23774,15642,20169,10265,932,23588,4972,12373,6346,1.0,24:57,2015,2016
2015-16,203496,Robert Covington,Robert,1610612755,PHI,Philadelphia 76ers,21500232,2015-11-27T00:00:00,PHI @ HOU,L,37.8,11.0,0.0,5.0,2.0,17.0,13.0,13.0,28.0,1.0,1.0,4.0,6.0,66.9,1,13074,13074,13074,1607,55,10158,1277,12984,24337,23668,23048,5824,2692,17214,22104,873,75,1.0,37:48,2015,2016
2015-16,203096,Jared Sullinger,Jared,1610612738,BOS,Boston Celtics,21500229,2015-11-27T00:00:00,BOS vs. WAS,W,23.7,3.0,7.0,0.0,10.0,5.0,4.0,4.0,12.0,2.0,0.0,1.0,4.0,44.5,1,1,1,1,12822,4307,292,9917,1840,8403,8458,8806,18637,932,1,4972,2748,1459,1.0,23:42,2015,2016
2015-16,1626169,Stanley Johnson,Stanley,1610612765,DET,Detroit Pistons,21500234,2015-11-27T00:00:00,DET @ OKC,L,16.3,0.0,0.0,3.0,2.0,0.0,10.0,3.0,12.0,0.0,1.0,2.0,0.0,7.4,1,13074,13074,13074,18785,12059,10158,3302,12984,1,20509,7328,18637,8004,17214,11390,18762,20912,1.0,16:20,2015,2016
2015-16,101145,Monta Ellis,Monta,1610612754,IND,Indiana Pacers,21500231,2015-11-27T00:00:00,IND vs. CHI,W,30.1,2.0,2.0,5.0,8.0,3.0,7.0,5.0,20.0,0.0,1.0,0.0,5.0,36.5,1,1,1,1,7467,6026,4731,1277,3109,5109,15642,11593,11929,8004,17214,1,1539,3326,1.0,30:05,2015,2016
2015-16,200765,Rajon Rondo,Rajon,1610612758,SAC,Sacramento Kings,21500237,2015-11-27T00:00:00,SAC vs. MIN,L,36.0,4.0,0.0,3.0,8.0,8.0,12.0,0.0,24.0,0.0,2.0,3.0,3.0,44.8,1,13074,13074,13074,2735,2460,10158,3302,3109,13914,22832,1,8723,8004,23588,17641,4736,1406,1.0,36:02,2015,2016
2015-16,202694,Marcus Morris Sr.,Marcus,1610612765,DET,Detroit Pistons,21500234,2015-11-27T00:00:00,DET @ OKC,L,39.6,4.0,0.0,2.0,6.0,7.0,15.0,11.0,38.0,0.0,0.0,1.0,5.0,24.8,1,13074,13074,13074,836,2460,10158,4675,5299,12242,24781,21342,1422,8004,1,4972,1539,8614,1.0,39:38,2015,2016
2015-16,202695,Kawhi Leonard,Kawhi,1610612759,SAS,San Antonio Spurs,21500235,2015-11-27T00:00:00,SAS @ DEN,W,31.9,2.0,0.0,3.0,4.0,3.0,6.0,8.0,26.0,5.0,0.0,1.0,2.0,67.4,1,1,1,1,6018,6026,10158,3302,8599,5109,13237,17194,7214,59,1,4972,7786,71,1.0,31:52,2015,2016
2015-16,202703,Nikola Mirotic,Nikola,1610612741,CHI,Chicago Bulls,21500231,2015-11-27T00:00:00,CHI @ IND,L,29.2,2.0,2.0,2.0,10.0,14.0,9.0,9.0,32.0,1.0,0.0,4.0,5.0,37.4,1,13074,13074,13074,8254,6026,4731,4675,1840,22292,19144,18829,3535,2692,1,22104,1539,3073,1.0,29:09,2015,2016
2015-16,202730,Lavoy Allen,Lavoy,1610612754,IND,Indiana Pacers,21500231,2015-11-27T00:00:00,IND vs. CHI,W,27.3,2.0,2.0,0.0,8.0,3.0,4.0,5.0,16.0,2.0,1.0,1.0,1.0,29.0,1,1,1,1,9794,6026,4731,9917,3109,5109,8458,11593,15259,932,17214,4972,12373,6346,1.0,27:16,2015,2016
2015-16,203078,Bradley Beal,Bradley,1610612764,WAS,Washington Wizards,21500229,2015-11-27T00:00:00,WAS @ BOS,L,33.4,2.0,0.0,0.0,8.0,13.0,20.0,7.0,30.0,1.0,1.0,3.0,1.0,24.6,1,13074,13074,13074,4849,6026,10158,9917,3109,21300,25875,15538,4541,2692,17214,17641,12373,8724,1.0,33:21,2015,2016
2015-16,201977,Marcus Thornton,Marcus,1610612745,HOU,Houston Rockets,21500232,2015-11-27T00:00:00,HOU vs. PHI,W,8.6,2.0,0.0,0.0,2.0,10.0,5.0,4.0,6.0,0.0,0.0,1.0,0.0,7.4,1,1,1,1,22986,6026,10158,9917,12984,17370,11469,8806,22724,8004,1,4972,18762,20912,1.0,8:38,2015,2016
2015-16,101133,Ian Mahinmi,Ian,1610612754,IND,Indiana Pacers,21500231,2015-11-27T00:00:00,IND vs. CHI,W,26.6,0.0,4.0,0.0,8.0,7.0,5.0,0.0,18.0,1.0,1.0,4.0,7.0,35.8,1,1,1,1,10379,12059,1596,9917,3109,12242,11469,1,13577,2692,17214,22104,469,3541,1.0,26:35,2015,2016
2015-16,1713,Vince Carter,Vince,1610612763,MEM,Memphis Grizzlies,21500233,2015-11-27T00:00:00,MEM vs. ATL,L,22.5,6.0,0.0,3.0,0.0,6.0,9.0,8.0,14.0,1.0,0.0,3.0,2.0,24.5,1,13074,13074,13074,13781,878,10158,3302,18861,10028,19144,17194,17019,2692,1,17641,7786,8801,1.0,22:28,2015,2016
2015-16,101112,Channing Frye,Channing,1610612753,ORL,Orlando Magic,21500228,2015-11-27T00:00:00,ORL vs. MIL,W,18.8,3.0,0.0,0.0,0.0,10.0,0.0,5.0,20.0,1.0,0.0,2.0,0.0,24.3,1,1,1,1,16895,4307,10158,9917,18861,17370,1,11593,11929,2692,1,11390,18762,8939,1.0,18:46,2015,2016
2015-16,2544,LeBron James,LeBron,1610612739,CLE,Cleveland Cavaliers,21500227,2015-11-27T00:00:00,CLE @ CHA,W,38.2,2.0,6.0,0.0,12.0,13.0,8.0,5.0,28.0,0.0,4.0,2.0,7.0,45.1,1,1,1,1,1414,6026,481,9917,988,21300,17345,11593,5824,8004,25926,11390,469,1338,1.0,38:13,2015,2016
2015-16,201585,Kosta Koufos,Kosta,1610612758,SAC,Sacramento Kings,21500237,2015-11-27T00:00:00,SAC vs. MIN,L,29.6,2.0,4.0,2.0,10.0,8.0,12.0,0.0,18.0,1.0,0.0,3.0,5.0,35.6,1,13074,13074,13074,7882,6026,1596,4675,1840,13914,22832,1,13577,2692,1,17641,1539,3615,1.0,29:36,2015,2016
2015-16,2548,Dwyane Wade,Dwyane,1610612748,MIA,Miami Heat,21500230,2015-11-27T00:00:00,MIA @ NYK,W,28.9,6.0,3.0,2.0,10.0,9.0,6.0,5.0,22.0,0.0,1.0,0.0,3.0,24.5,1,1,1,1,8423,878,3104,4675,1840,15771,13237,11593,10265,8004,17214,1,4736,8801,1.0,28:56,2015,2016
2015-16,201976,Patrick Beverley,Patrick,1610612745,HOU,Houston Rockets,21500232,2015-11-27T00:00:00,HOU vs. PHI,W,32.1,0.0,0.0,0.0,0.0,22.0,5.0,8.0,22.0,3.0,1.0,2.0,0.0,24.4,1,1,1,1,5811,12059,10158,9917,18861,25683,11469,17194,10265,347,17214,11390,18762,8867,1.0,32:05,2015,2016
2015-16,203110,Draymond Green,Draymond,1610612744,GSW,Golden State Warriors,21500236,2015-11-27T00:00:00,GSW @ PHX,W,33.2,0.0,2.0,0.0,4.0,21.0,7.0,18.0,40.0,2.0,0.0,4.0,4.0,46.0,1,1,1,1,4959,12059,4731,9917,8599,25535,15642,25228,983,932,1,22104,2748,1198,1.0,33:13,2015,2016
2015-16,202720,Jon Leuer,Jon,1610612756,PHX,Phoenix Suns,21500236,2015-11-27T00:00:00,PHX vs. GSW,L,10.5,0.0,0.0,0.0,0.0,5.0,3.0,5.0,8.0,0.0,1.0,2.0,1.0,11.5,1,13074,13074,13074,22229,12059,10158,9917,18861,8403,7138,11593,21543,8004,17214,11390,12373,18079,1.0,10:30,2015,2016
2015-16,201935,James Harden,James,1610612745,HOU,Houston Rockets,21500232,2015-11-27T00:00:00,HOU vs. PHI,W,40.1,7.0,3.0,4.0,8.0,20.0,5.0,8.0,32.0,0.0,0.0,2.0,11.0,63.8,1,1,1,1,698,548,3104,1913,3109,25338,11469,17194,3535,8004,1,11390,44,106,1.0,40:09,2015,2016
2015-16,203482,Kelly Olynyk,Kelly,1610612738,BOS,Boston Celtics,21500229,2015-11-27T00:00:00,BOS vs. WAS,W,20.9,0.0,3.0,3.0,0.0,5.0,4.0,8.0,14.0,1.0,0.0,1.0,0.0,28.8,1,1,1,1,15121,12059,3104,3302,18861,8403,8458,17194,17019,2692,1,4972,18762,6465,1.0,20:55,2015,2016
2015-16,201939,Stephen Curry,Stephen,1610612744,GSW,Golden State Warriors,21500236,2015-11-27T00:00:00,GSW @ PHX,W,30.7,12.0,12.0,6.0,4.0,18.0,7.0,15.0,34.0,0.0,0.0,2.0,13.0,60.2,1,1,1,1,6988,27,6,740,8599,24749,15642,24242,2701,8004,1,11390,14,203,1.0,30:39,2015,2016
2015-16,202340,Avery Bradley,Avery,1610612738,BOS,Boston Celtics,21500229,2015-11-27T00:00:00,BOS vs. WAS,W,31.1,8.0,5.0,4.0,6.0,7.0,9.0,4.0,14.0,0.0,1.0,3.0,3.0,29.9,1,1,1,1,6630,308,995,1913,5299,12242,19144,8806,17019,8004,17214,17641,4736,5884,1.0,31:07,2015,2016
2015-16,201567,Kevin Love,Kevin,1610612739,CLE,Cleveland Cavaliers,21500227,2015-11-27T00:00:00,CLE @ CHA,W,30.3,2.0,2.0,0.0,10.0,13.0,6.0,5.0,24.0,0.0,0.0,0.0,3.0,36.7,1,1,1,1,7262,6026,4731,9917,1840,21300,13237,11593,8723,8004,1,1,4736,3269,1.0,30:18,2015,2016
2015-16,2746,Josh Smith,Josh,1610612746,LAC,LA Clippers,21500238,2015-11-27T00:00:00,LAC vs. NOP,W,21.9,0.0,2.0,0.0,4.0,12.0,7.0,12.0,16.0,1.0,1.0,2.0,1.0,24.4,1,1,1,1,14258,12059,4731,9917,8599,20178,15642,22259,15259,2692,17214,11390,12373,8867,1.0,21:54,2015,2016
2015-16,203382,Aron Baynes,Aron,1610612765,DET,Detroit Pistons,21500234,2015-11-27T00:00:00,DET @ OKC,L,15.6,0.0,2.0,0.0,2.0,0.0,7.0,0.0,18.0,0.0,1.0,4.0,0.0,11.2,1,13074,13074,13074,19376,12059,4731,9917,12984,1,15642,1,13577,8004,17214,22104,18762,18267,1.0,15:34,2015,2016
2015-16,1626158,Richaun Holmes,Richaun,1610612755,PHI,Philadelphia 76ers,21500232,2015-11-27T00:00:00,PHI @ HOU,L,9.9,0.0,0.0,0.0,4.0,5.0,0.0,2.0,8.0,0.0,0.0,1.0,0.0,6.4,1,13074,13074,13074,22480,12059,10158,9917,8599,8403,1,4025,21543,8004,1,4972,18762,21589,1.0,9:56,2015,2016
2015-16,203524,Solomon Hill,Solomon,1610612754,IND,Indiana Pacers,21500231,2015-11-27T00:00:00,IND vs. CHI,W,11.8,0.0,0.0,0.0,0.0,7.0,0.0,0.0,2.0,0.0,0.0,0.0,0.0,11.1,1,1,1,1,21693,12059,10158,9917,18861,12242,1,1,24614,8004,1,1,18762,18370,1.0,11:47,2015,2016
2015-16,202390,Gary Neal,Gary,1610612764,WAS,Washington Wizards,21500229,2015-11-27T00:00:00,WAS @ BOS,L,18.2,0.0,0.0,0.0,4.0,6.0,12.0,5.0,18.0,0.0,0.0,0.0,0.0,6.4,1,13074,13074,13074,17370,12059,10158,9917,8599,10028,22832,11593,13577,8004,1,1,18762,21589,1.0,18:10,2015,2016
2015-16,200752,Rudy Gay,Rudy,1610612758,SAC,Sacramento Kings,21500237,2015-11-27T00:00:00,SAC vs. MIN,L,26.8,0.0,0.0,0.0,0.0,6.0,10.0,0.0,16.0,0.0,1.0,1.0,2.0,5.8,1,13074,13074,13074,10168,12059,10158,9917,18861,10028,20509,1,15259,8004,17214,4972,7786,22018,1.0,26:49,2015,2016
2015-16,202332,Cole Aldrich,Cole,1610612746,LAC,LA Clippers,21500238,2015-11-27T00:00:00,LAC vs. NOP,W,1.5,0.0,0.0,0.0,0.0,2.0,0.0,0.0,2.0,0.0,0.0,0.0,1.0,1.2,1,1,1,1,25694,12059,10158,9917,18861,2619,1,1,24614,8004,1,1,12373,24661,1.0,1:30,2015,2016
2015-16,1626163,Frank Kaminsky,Frank,1610612766,CHA,Charlotte Hornets,21500227,2015-11-27T00:00:00,CHA vs. CLE,L,18.6,0.0,2.0,1.0,2.0,7.0,7.0,4.0,20.0,0.0,0.0,3.0,1.0,5.9,1,13074,13074,13074,16991,12059,4731,9347,12984,12242,15642,8806,11929,8004,1,17641,12373,21953,1.0,18:38,2015,2016
2015-16,203118,Mike Scott,Mike,1610612737,ATL,Atlanta Hawks,21500233,2015-11-27T00:00:00,ATL @ MEM,W,7.9,2.0,0.0,2.0,2.0,0.0,0.0,0.0,4.0,0.0,0.0,1.0,0.0,6.1,1,1,1,1,23211,6026,10158,4675,12984,1,1,1,23698,8004,1,4972,18762,21845,1.0,7:56,2015,2016
2015-16,203142,Chris Copeland,Chris,1610612749,MIL,Milwaukee Bucks,21500228,2015-11-27T00:00:00,MIL @ ORL,L,3.0,0.0,0.0,0.0,0.0,0.0,0.0,0.0,4.0,0.0,0.0,0.0,0.0,1.2,1,13074,13074,13074,25136,12059,10158,9917,18861,1,1,1,23698,8004,1,1,18762,24661,1.0,2:58,2015,2016
2015-16,1626209,Mario Hezonja,Mario,1610612753,ORL,Orlando Magic,21500228,2015-11-27T00:00:00,ORL vs. MIL,W,4.9,0.0,0.0,0.0,0.0,0.0,0.0,0.0,6.0,0.0,0.0,0.0,1.0,2.0,1,1,1,1,24394,12059,10158,9917,18861,1,1,1,22724,8004,1,1,12373,24216,1.0,4:55,2015,2016
2015-16,203123,Kostas Papanikolaou,Kostas,1610612743,DEN,Denver Nuggets,21500235,2015-11-27T00:00:00,DEN vs. SAS,L,3.5,0.0,0.0,0.0,0.0,0.0,0.0,0.0,0.0,0.0,0.0,0.0,0.0,1.2,1,13074,13074,13074,24905,12059,10158,9917,18861,1,1,1,25429,8004,1,1,18762,24661,1.0,3:32,2015,2016
2015-16,1718,Paul Pierce,Paul,1610612746,LAC,LA Clippers,21500238,2015-11-27T00:00:00,LAC vs. NOP,W,13.0,0.0,0.0,0.0,0.0,4.0,7.0,5.0,12.0,3.0,0.0,1.0,0.0,11.4,1,1,1,1,20974,12059,10158,9917,18861,6141,15642,11593,18637,347,1,4972,18762,18134,1.0,13:00,2015,2016
2015-16,1626162,Kelly Oubre Jr.,Kelly,1610612764,WAS,Washington Wizards,21500229,2015-11-27T00:00:00,WAS @ BOS,L,13.0,0.0,0.0,4.0,0.0,4.0,9.0,0.0,10.0,0.0,2.0,1.0,2.0,11.2,1,13074,13074,13074,20974,12059,10158,1913,18861,6141,19144,1,20209,8004,23588,4972,7786,18267,1.0,13:00,2015,2016
2015-16,203999,Nikola Jokić,Nikola,1610612743,DEN,Denver Nuggets,21500235,2015-11-27T00:00:00,DEN vs. SAS,L,12.4,4.0,0.0,0.0,6.0,2.0,2.0,0.0,4.0,0.0,0.0,4.0,1.0,5.4,1,13074,13074,13074,21333,2460,10158,9917,5299,2619,3734,1,23698,8004,1,22104,12373,22242,1.0,12:24,2015,2016
2015-16,203552,Seth Curry,Seth,1610612758,SAC,Sacramento Kings,21500237,2015-11-27T00:00:00,SAC vs. MIN,L,1.3,0.0,0.0,0.0,0.0,0.0,0.0,0.0,2.0,0.0,0.0,0.0,0.0,1.0,1,13074,13074,13074,25777,12059,10158,9917,18861,1,1,1,24614,8004,1,1,18762,24960,1.0,1:15,2015,2016
2015-16,201150,Spencer Hawes,Spencer,1610612766,CHA,Charlotte Hornets,21500227,2015-11-27T00:00:00,CHA vs. CLE,L,5.4,0.0,0.0,0.0,4.0,0.0,6.0,0.0,6.0,0.0,0.0,2.0,0.0,5.5,1,13074,13074,13074,24216,12059,10158,9917,8599,1,13237,1,22724,8004,1,11390,18762,22196,1.0,5:24,2015,2016
2015-16,201589,Darrell Arthur,Darrell,1610612743,DEN,Denver Nuggets,21500235,2015-11-27T00:00:00,DEN vs. SAS,L,25.5,0.0,0.0,0.0,2.0,6.0,2.0,3.0,10.0,0.0,1.0,2.0,1.0,11.0,1,13074,13074,13074,11302,12059,10158,9917,12984,10028,3734,7328,20209,8004,17214,11390,12373,18430,1.0,25:29,2015,2016
2015-16,2733,Shaun Livingston,Shaun,1610612744,GSW,Golden State Warriors,21500236,2015-11-27T00:00:00,GSW @ PHX,W,20.6,0.0,0.0,0.0,0.0,15.0,3.0,10.0,32.0,0.0,0.0,2.0,2.0,10.9,1,1,1,1,15386,12059,10158,9917,18861,23079,7138,20169,3535,8004,1,11390,7786,18498,1.0,20:36,2015,2016
2015-16,203932,Aaron Gordon,Aaron,1610612753,ORL,Orlando Magic,21500228,2015-11-27T00:00:00,ORL vs. MIL,W,18.4,0.0,0.0,0.0,2.0,2.0,0.0,2.0,12.0,0.0,0.0,2.0,0.0,10.5,1,1,1,1,17193,12059,10158,9917,12984,2619,1,4025,18637,8004,1,11390,18762,18808,1.0,18:24,2015,2016
2015-16,203926,Doug McDermott,Doug,1610612741,CHI,Chicago Bulls,21500231,2015-11-27T00:00:00,CHI @ IND,L,6.0,0.0,0.0,0.0,0.0,2.0,5.0,6.0,2.0,0.0,0.0,0.0,0.0,1.2,1,13074,13074,13074,23952,12059,10158,9917,18861,2619,11469,13388,24614,8004,1,1,18762,24661,1.0,6:01,2015,2016
2015-16,201603,Sonny Weems,Sonny,1610612756,PHX,Phoenix Suns,21500236,2015-11-27T00:00:00,PHX vs. GSW,L,11.0,0.0,0.0,0.0,0.0,0.0,5.0,0.0,10.0,0.0,1.0,1.0,0.0,3.9,1,13074,13074,13074,22056,12059,10158,9917,18861,1,11469,1,20209,8004,17214,4972,18762,23225,1.0,10:57,2015,2016
2015-16,203948,Johnny O'Bryant III,Johnny,1610612749,MIL,Milwaukee Bucks,21500228,2015-11-27T00:00:00,MIL @ ORL,L,8.9,0.0,0.0,0.0,2.0,8.0,0.0,4.0,12.0,0.0,0.0,0.0,0.0,3.9,1,13074,13074,13074,22870,12059,10158,9917,12984,13914,1,8806,18637,8004,1,1,18762,23225,1.0,8:55,2015,2016
2015-16,201627,Anthony Morrow,Anthony,1610612760,OKC,Oklahoma City Thunder,21500234,2015-11-27T00:00:00,OKC vs. DET,W,7.7,0.0,0.0,0.0,0.0,4.0,0.0,5.0,12.0,0.0,0.0,1.0,0.0,4.5,1,1,1,1,23303,12059,10158,9917,18861,6141,1,11593,18637,8004,1,4972,18762,22773,1.0,7:44,2015,2016
2015-16,202696,Nikola Vučević,Nikola,1610612753,ORL,Orlando Magic,21500228,2015-11-27T00:00:00,ORL vs. MIL,W,21.5,0.0,0.0,0.0,2.0,14.0,0.0,5.0,24.0,1.0,0.0,3.0,2.0,21.7,1,1,1,1,14625,12059,10158,9917,12984,22292,1,11593,8723,2692,1,17641,7786,10592,1.0,21:28,2015,2016
2015-16,2446,Rasual Butler,Rasual,1610612759,SAS,San Antonio Spurs,21500235,2015-11-27T00:00:00,SAS @ DEN,W,3.5,0.0,0.0,0.0,0.0,4.0,0.0,0.0,4.0,0.0,0.0,0.0,0.0,0.0,1,1,1,1,24905,12059,10158,9917,18861,6141,1,1,23698,8004,1,1,18762,25170,1.0,3:32,2015,2016
2015-16,204014,Damjan Rudez,Damjan,1610612750,MIN,Minnesota Timberwolves,21500237,2015-11-27T00:00:00,MIN @ SAC,W,17.7,3.0,0.0,0.0,0.0,8.0,2.0,10.0,12.0,0.0,0.0,3.0,0.0,6.7,1,1,1,1,17765,4307,10158,9917,18861,13914,3734,20169,18637,8004,1,17641,18762,21376,1.0,17:41,2015,2016
2015-16,202325,Wesley Johnson,Wesley,1610612746,LAC,LA Clippers,21500238,2015-11-27T00:00:00,LAC vs. NOP,W,14.2,0.0,0.0,2.0,2.0,2.0,3.0,0.0,14.0,0.0,0.0,4.0,0.0,4.4,1,1,1,1,20287,12059,10158,4675,12984,2619,7138,1,17019,8004,1,22104,18762,22837,1.0,14:12,2015,2016
2015-16,202349,Greivis Vasquez,Greivis,1610612749,MIL,Milwaukee Bucks,21500228,2015-11-27T00:00:00,MIL @ ORL,L,13.3,0.0,0.0,0.0,2.0,0.0,0.0,0.0,8.0,0.0,0.0,2.0,0.0,3.2,1,13074,13074,13074,20825,12059,10158,9917,12984,1,1,1,21543,8004,1,11390,18762,23473,1.0,13:16,2015,2016
2015-16,201978,Chase Budinger,Chase,1610612754,IND,Indiana Pacers,21500231,2015-11-27T00:00:00,IND vs. CHI,W,10.6,0.0,0.0,0.0,0.0,0.0,4.0,3.0,8.0,0.0,0.0,0.0,0.0,-1.0,1,1,1,1,22186,12059,10158,9917,18861,1,8458,7328,21543,8004,1,1,18762,25932,1.0,10:37,2015,2016
2015-16,1626171,Bobby Portis,Bobby,1610612741,CHI,Chicago Bulls,21500231,2015-11-27T00:00:00,CHI @ IND,L,2.1,0.0,0.0,0.0,0.0,0.0,0.0,0.0,0.0,0.0,1.0,0.0,1.0,3.2,1,13074,13074,13074,25471,12059,10158,9917,18861,1,1,1,25429,8004,17214,1,12373,23473,1.0,2:08,2015,2016
2015-16,202341,James Anderson,James,1610612758,SAC,Sacramento Kings,21500237,2015-11-27T00:00:00,SAC vs. MIN,L,1.3,0.0,0.0,0.0,0.0,0.0,0.0,0.0,2.0,0.0,0.0,0.0,0.0,0.0,1,13074,13074,13074,25777,12059,10158,9917,18861,1,1,1,24614,8004,1,1,18762,25170,1.0,1:15,2015,2016
2015-16,201147,Corey Brewer,Corey,1610612745,HOU,Houston Rockets,21500232,2015-11-27T00:00:00,HOU vs. PHI,W,22.1,1.0,0.0,4.0,0.0,19.0,8.0,6.0,16.0,0.0,0.0,6.0,2.0,9.2,1,1,1,1,14071,11535,10158,1913,18861,25074,17345,13388,15259,8004,1,25827,7786,19680,1.0,22:08,2015,2016
2015-16,2617,Udonis Haslem,Udonis,1610612748,MIA,Miami Heat,21500230,2015-11-27T00:00:00,MIA @ NYK,W,7.3,0.0,0.0,0.0,0.0,2.0,0.0,0.0,4.0,0.0,0.0,1.0,2.0,0.0,1,1,1,1,23463,12059,10158,9917,18861,2619,1,1,23698,8004,1,4972,7786,25170,1.0,7:18,2015,2016
2015-16,203922,Glenn Robinson III,Glenn,1610612754,IND,Indiana Pacers,21500231,2015-11-27T00:00:00,IND vs. CHI,W,1.6,0.0,0.0,0.0,0.0,0.0,0.0,0.0,0.0,0.0,0.0,0.0,0.0,0.0,1,1,1,1,25660,12059,10158,9917,18861,1,1,1,25429,8004,1,1,18762,25170,1.0,1:36,2015,2016
2015-16,2403,Nene,ene,1610612764,WAS,Washington Wizards,21500229,2015-11-27T00:00:00,WAS @ BOS,L,1.7,0.0,0.0,0.0,0.0,2.0,0.0,2.0,2.0,0.0,1.0,1.0,0.0,0.2,1,13074,13074,13074,25616,12059,10158,9917,18861,2619,1,4025,24614,8004,17214,4972,18762,25103,1.0,1:44,2015,2016
2015-16,2757,Beno Udrih,Beno,1610612748,MIA,Miami Heat,21500230,2015-11-27T00:00:00,MIA @ NYK,W,4.2,0.0,0.0,0.0,0.0,2.0,0.0,0.0,4.0,0.0,0.0,1.0,0.0,0.5,1,1,1,1,24644,12059,10158,9917,18861,2619,1,1,23698,8004,1,4972,18762,25056,1.0,4:11,2015,2016
2015-16,201971,DeJuan Blair,DeJuan,1610612764,WAS,Washington Wizards,21500229,2015-11-27T00:00:00,WAS @ BOS,L,15.0,0.0,0.0,0.0,0.0,4.0,6.0,0.0,10.0,0.0,0.0,2.0,1.0,7.0,1,13074,13074,13074,19790,12059,10158,9917,18861,6141,13237,1,20209,8004,1,11390,12373,21188,1.0,14:57,2015,2016
2015-16,203906,Devyn Marble,Devyn,1610612753,ORL,Orlando Magic,21500228,2015-11-27T00:00:00,ORL vs. MIL,W,3.0,0.0,0.0,0.0,2.0,0.0,0.0,0.0,4.0,0.0,0.0,0.0,1.0,1.0,1,1,1,1,25136,12059,10158,9917,12984,1,1,1,23698,8004,1,1,12373,24960,1.0,2:58,2015,2016
2015-16,2555,Nick Collison,Nick,1610612760,OKC,Oklahoma City Thunder,21500234,2015-11-27T00:00:00,OKC vs. DET,W,8.2,0.0,0.0,0.0,0.0,3.0,0.0,6.0,10.0,0.0,0.0,0.0,1.0,5.1,1,1,1,1,23119,12059,10158,9917,18861,5109,1,13388,20209,8004,1,1,12373,22478,1.0,8:11,2015,2016
2015-16,201574,Jason Thompson,Jason,1610612744,GSW,Golden State Warriors,21500236,2015-11-27T00:00:00,GSW @ PHX,W,4.2,0.0,0.0,0.0,0.0,3.0,0.0,7.0,6.0,0.0,0.0,1.0,1.0,3.9,1,1,1,1,24632,12059,10158,9917,18861,5109,1,15538,22724,8004,1,4972,12373,23225,1.0,4:14,2015,2016
2015-16,203099,Jared Cunningham,Jared,1610612739,CLE,Cleveland Cavaliers,21500227,2015-11-27T00:00:00,CLE @ CHA,W,0.1,0.0,0.0,0.0,0.0,0.0,0.0,0.0,0.0,0.0,0.0,0.0,0.0,0.0,1,1,1,1,26036,12059,10158,9917,18861,1,1,1,25429,8004,1,1,18762,25170,1.0,0:08,2015,2016
2015-16,200811,Lou Amundson,Lou,1610612752,NYK,New York Knicks,21500230,2015-11-27T00:00:00,NYK vs. MIA,L,5.0,0.0,0.0,0.0,2.0,0.0,0.0,0.0,4.0,0.0,0.0,1.0,0.0,3.2,1,13074,13074,13074,24354,12059,10158,9917,12984,1,1,1,23698,8004,1,4972,18762,23473,1.0,5:02,2015,2016
2015-16,2755,Kevin Martin,Kevin,1610612750,MIN,Minnesota Timberwolves,21500237,2015-11-27T00:00:00,MIN @ SAC,W,28.7,0.0,0.0,0.0,0.0,11.0,5.0,12.0,26.0,0.0,0.0,1.0,1.0,3.4,1,1,1,1,8647,12059,10158,9917,18861,18886,11469,22259,7214,8004,1,4972,12373,23417,1.0,28:42,2015,2016
2015-16,201575,Brandon Rush,Brandon,1610612744,GSW,Golden State Warriors,21500236,2015-11-27T00:00:00,GSW @ PHX,W,14.5,1.0,0.0,0.0,0.0,9.0,3.0,9.0,16.0,0.0,0.0,2.0,1.0,9.6,1,1,1,1,20126,11535,10158,9917,18861,15771,7138,18829,15259,8004,1,11390,12373,19434,1.0,14:28,2015,2016
2015-16,1626173,Rashad Vaughn,Rashad,1610612749,MIL,Milwaukee Bucks,21500228,2015-11-27T00:00:00,MIL @ ORL,L,3.0,0.0,0.0,0.0,2.0,0.0,0.0,0.0,4.0,0.0,0.0,1.0,1.0,3.2,1,13074,13074,13074,25136,12059,10158,9917,12984,1,1,1,23698,8004,1,4972,12373,23473,1.0,2:58,2015,2016
2015-16,203937,Kyle Anderson,Kyle,1610612759,SAS,San Antonio Spurs,21500235,2015-11-27T00:00:00,SAS @ DEN,W,28.6,0.0,0.0,0.0,2.0,10.0,9.0,3.0,24.0,0.0,0.0,3.0,4.0,13.3,1,1,1,1,8699,12059,10158,9917,12984,17370,19144,7328,8723,8004,1,17641,2748,16712,1.0,28:38,2015,2016
2015-16,203893,Russ Smith,Russ,1610612763,MEM,Memphis Grizzlies,21500233,2015-11-27T00:00:00,MEM vs. ATL,L,1.2,0.0,0.0,0.0,0.0,0.0,0.0,0.0,0.0,0.0,0.0,0.0,0.0,0.0,1,13074,13074,13074,25828,12059,10158,9917,18861,1,1,1,25429,8004,1,1,18762,25170,1.0,1:09,2015,2016
2015-16,203473,Dewayne Dedmon,Dewayne,1610612753,ORL,Orlando Magic,21500228,2015-11-27T00:00:00,ORL vs. MIL,W,3.6,0.0,0.0,0.0,0.0,0.0,0.0,4.0,4.0,0.0,0.0,2.0,0.0,3.2,1,1,1,1,24862,12059,10158,9917,18861,1,1,8806,23698,8004,1,11390,18762,23473,1.0,3:37,2015,2016
2015-16,203092,Tyler Zeller,Tyler,1610612738,BOS,Boston Celtics,21500229,2015-11-27T00:00:00,BOS vs. WAS,W,5.9,0.0,1.0,0.0,0.0,1.0,0.0,4.0,4.0,0.0,1.0,1.0,1.0,4.2,1,1,1,1,23993,12059,9709,9917,18861,2356,1,8806,23698,8004,17214,4972,12373,22976,1.0,5:56,2015,2016
2015-16,1626196,Josh Richardson,Josh,1610612748,MIA,Miami Heat,21500230,2015-11-27T00:00:00,MIA @ NYK,W,1.8,0.0,0.0,0.0,0.0,0.0,0.0,0.0,2.0,0.0,0.0,0.0,0.0,4.2,1,1,1,1,25589,12059,10158,9917,18861,1,1,1,24614,8004,1,1,18762,22976,1.0,1:48,2015,2016
2015-16,1626202,Joe Young,Joe,1610612754,IND,Indiana Pacers,21500231,2015-11-27T00:00:00,IND vs. CHI,W,1.6,0.0,0.0,0.0,0.0,0.0,0.0,0.0,0.0,0.0,0.0,0.0,0.0,0.0,1,1,1,1,25660,12059,10158,9917,18861,1,1,1,25429,8004,1,1,18762,25170,1.0,1:36,2015,2016
2015-16,1891,Jason Terry,Jason,1610612745,HOU,Houston Rockets,21500232,2015-11-27T00:00:00,HOU vs. PHI,W,0.1,0.0,0.0,0.0,0.0,0.0,0.0,0.0,0.0,0.0,0.0,1.0,0.0,0.0,1,1,1,1,26053,12059,10158,9917,18861,1,1,1,25429,8004,1,4972,18762,25170,1.0,0:03,2015,2016
2015-16,1626154,RJ Hunter,RJ,1610612738,BOS,Boston Celtics,21500229,2015-11-27T00:00:00,BOS vs. WAS,W,5.9,0.0,0.0,0.0,0.0,1.0,0.0,4.0,4.0,0.0,0.0,1.0,0.0,5.1,1,1,1,1,23993,12059,10158,9917,18861,2356,1,8806,23698,8004,1,4972,18762,22478,1.0,5:56,2015,2016
2015-16,2592,James Jones,James,1610612739,CLE,Cleveland Cavaliers,21500227,2015-11-27T00:00:00,CLE @ CHA,W,7.8,0.0,0.0,0.0,0.0,2.0,2.0,1.0,10.0,0.0,0.0,1.0,1.0,0.0,1,1,1,1,23261,12059,10158,9917,18861,2619,3734,3646,20209,8004,1,4972,12373,25170,1.0,7:49,2015,2016
2015-16,203798,PJ Hairston,PJ,1610612766,CHA,Charlotte Hornets,21500227,2015-11-27T00:00:00,CHA vs. CLE,L,19.5,0.0,0.0,0.0,2.0,4.0,6.0,0.0,16.0,0.0,0.0,4.0,0.0,8.9,1,13074,13074,13074,16340,12059,10158,9917,12984,6141,13237,1,15259,8004,1,22104,18762,19914,1.0,19:28,2015,2016
2015-16,202498,Lance Thomas,Lance,1610612752,NYK,New York Knicks,21500230,2015-11-27T00:00:00,NYK vs. MIA,L,13.6,2.0,0.0,0.0,0.0,0.0,2.0,4.0,10.0,0.0,1.0,1.0,2.0,6.7,1,13074,13074,13074,20660,6026,10158,9917,18861,1,3734,8806,20209,8004,17214,4972,7786,21376,1.0,13:35,2015,2016
2015-16,200782,P.J. Tucker,P.J.,1610612756,PHX,Phoenix Suns,21500236,2015-11-27T00:00:00,PHX vs. GSW,L,15.7,0.0,2.0,0.0,2.0,7.0,3.0,8.0,14.0,0.0,0.0,2.0,0.0,3.4,1,13074,13074,13074,19253,12059,4731,9917,12984,12242,7138,17194,17019,8004,1,11390,18762,23417,1.0,15:43,2015,2016
2015-16,101181,Jose Calderon,Jose,1610612752,NYK,New York Knicks,21500230,2015-11-27T00:00:00,NYK vs. MIA,L,25.0,4.0,0.0,0.0,0.0,10.0,11.0,8.0,18.0,0.0,0.0,1.0,0.0,5.2,1,13074,13074,13074,11698,2460,10158,9917,18861,17370,21814,17194,13577,8004,1,4972,18762,22370,1.0,24:58,2015,2016
2015-16,201577,Robin Lopez,Robin,1610612752,NYK,New York Knicks,21500230,2015-11-27T00:00:00,NYK vs. MIA,L,13.7,0.0,2.0,0.0,2.0,2.0,8.0,0.0,8.0,0.0,2.0,5.0,0.0,7.3,1,13074,13074,13074,20589,12059,4731,9917,12984,2619,17345,1,21543,8004,23588,24686,18762,21024,1.0,13:42,2015,2016
2015-16,2588,Matt Bonner,Matt,1610612759,SAS,San Antonio Spurs,21500235,2015-11-27T00:00:00,SAS @ DEN,W,3.5,0.0,0.0,0.0,0.0,4.0,0.0,0.0,4.0,0.0,0.0,0.0,0.0,4.2,1,1,1,1,24905,12059,10158,9917,18861,6141,1,1,23698,8004,1,1,18762,22976,1.0,3:32,2015,2016
2015-16,203934,Lamar Patterson,Lamar,1610612737,ATL,Atlanta Hawks,21500233,2015-11-27T00:00:00,ATL @ MEM,W,26.2,0.0,0.0,1.0,4.0,8.0,2.0,6.0,20.0,1.0,0.0,2.0,2.0,13.2,1,1,1,1,10697,12059,10158,9347,8599,13914,3734,13388,11929,2692,1,11390,7786,16768,1.0,26:11,2015,2016
2015-16,202066,Garrett Temple,Garrett,1610612764,WAS,Washington Wizards,21500229,2015-11-27T00:00:00,WAS @ BOS,L,11.2,3.0,0.0,4.0,4.0,0.0,6.0,0.0,8.0,0.0,0.0,0.0,2.0,8.2,1,13074,13074,13074,21936,4307,10158,1913,8599,1,13237,1,21543,8004,1,1,7786,20416,1.0,11:14,2015,2016
2015-16,1626246,Boban Marjanović,Boban,1610612759,SAS,San Antonio Spurs,21500235,2015-11-27T00:00:00,SAS @ DEN,W,6.3,0.0,2.0,0.0,0.0,2.0,0.0,5.0,6.0,0.0,0.0,2.0,1.0,8.3,1,1,1,1,23858,12059,4731,9917,18861,2619,1,11593,22724,8004,1,11390,12373,20376,1.0,6:15,2015,2016
2015-16,201196,Ramon Sessions,Ramon,1610612764,WAS,Washington Wizards,21500229,2015-11-27T00:00:00,WAS @ BOS,L,24.3,0.0,2.0,0.0,2.0,6.0,12.0,0.0,16.0,0.0,0.0,1.0,1.0,16.7,1,13074,13074,13074,12335,12059,4731,9917,12984,10028,22832,1,15259,8004,1,4972,12373,14064,1.0,24:16,2015,2016
2015-16,203953,Jabari Parker,Jabari,1610612749,MIL,Milwaukee Bucks,21500228,2015-11-27T00:00:00,MIL @ ORL,L,22.0,0.0,0.0,0.0,8.0,15.0,5.0,4.0,12.0,0.0,1.0,1.0,0.0,13.1,1,13074,13074,13074,14199,12059,10158,9917,3109,23079,11469,8806,18637,8004,17214,4972,18762,16874,1.0,21:58,2015,2016
2015-16,202338,Kevin Seraphin,Kevin,1610612752,NYK,New York Knicks,21500230,2015-11-27T00:00:00,NYK vs. MIA,L,16.9,2.0,2.0,0.0,6.0,6.0,0.0,4.0,10.0,0.0,1.0,2.0,0.0,13.1,1,13074,13074,13074,18357,6026,4731,9917,5299,10028,1,8806,20209,8004,17214,11390,18762,16874,1.0,16:53,2015,2016
2015-16,201566,Russell Westbrook,Russell,1610612760,OKC,Oklahoma City Thunder,21500234,2015-11-27T00:00:00,OKC vs. DET,W,28.6,2.0,0.0,8.0,8.0,12.0,8.0,6.0,24.0,0.0,0.0,6.0,5.0,16.8,1,1,1,1,8718,6026,10158,280,3109,20178,17345,13388,8723,8004,1,25827,1539,13996,1.0,28:37,2015,2016
2015-16,202323,Evan Turner,Evan,1610612738,BOS,Boston Celtics,21500229,2015-11-27T00:00:00,BOS vs. WAS,W,21.5,2.0,0.0,0.0,2.0,11.0,7.0,2.0,10.0,2.0,1.0,2.0,2.0,17.9,1,1,1,1,14640,6026,10158,9917,12984,18886,15642,4025,20209,932,17214,11390,7786,13229,1.0,21:28,2015,2016
2015-16,101141,Ersan Ilyasova,Ersan,1610612765,DET,Detroit Pistons,21500234,2015-11-27T00:00:00,DET @ OKC,L,28.4,0.0,2.0,0.0,2.0,5.0,10.0,8.0,24.0,0.0,0.0,1.0,1.0,12.8,1,13074,13074,13074,8954,12059,4731,9917,12984,8403,20509,17194,8723,8004,1,4972,12373,17129,1.0,28:22,2015,2016
2015-16,201160,Jason Smith,Jason,1610612753,ORL,Orlando Magic,21500228,2015-11-27T00:00:00,ORL vs. MIL,W,20.0,0.0,0.0,0.0,0.0,4.0,0.0,4.0,12.0,0.0,0.0,1.0,0.0,8.2,1,1,1,1,15952,12059,10158,9917,18861,6141,1,8806,18637,8004,1,4972,18762,20416,1.0,19:57,2015,2016
2015-16,203940,Adreian Payne,Adreian,1610612750,MIN,Minnesota Timberwolves,21500237,2015-11-27T00:00:00,MIN @ SAC,W,7.5,0.0,2.0,0.0,4.0,5.0,5.0,3.0,10.0,0.0,0.0,0.0,0.0,8.1,1,1,1,1,23402,12059,4731,9917,8599,8403,11469,7328,20209,8004,1,1,18762,20521,1.0,7:28,2015,2016
2015-16,2747,JR Smith,JR,1610612739,CLE,Cleveland Cavaliers,21500227,2015-11-27T00:00:00,CLE @ CHA,W,31.1,0.0,0.0,2.0,0.0,16.0,6.0,5.0,18.0,0.0,0.0,4.0,2.0,18.1,1,1,1,1,6670,12059,10158,4675,18861,23774,13237,11593,13577,8004,1,22104,7786,13090,1.0,31:03,2015,2016
2015-16,203093,Terrence Jones,Terrence,1610612745,HOU,Houston Rockets,21500232,2015-11-27T00:00:00,HOU vs. PHI,W,24.1,2.0,2.0,0.0,2.0,15.0,8.0,8.0,24.0,1.0,0.0,3.0,1.0,18.1,1,1,1,1,12469,6026,4731,9917,12984,23079,17345,17194,8723,2692,1,17641,12373,13090,1.0,24:05,2015,2016
2015-16,201601,Luc Mbah a Moute,Luc,1610612746,LAC,LA Clippers,21500238,2015-11-27T00:00:00,LAC vs. NOP,W,6.4,0.0,0.0,2.0,2.0,5.0,0.0,5.0,6.0,2.0,0.0,0.0,0.0,8.0,1,1,1,1,23780,12059,10158,4675,12984,8403,1,11593,22724,932,1,1,18762,20564,1.0,6:24,2015,2016
2015-16,1626164,Devin Booker,Devin,1610612756,PHX,Phoenix Suns,21500236,2015-11-27T00:00:00,PHX vs. GSW,L,24.7,0.0,0.0,1.0,4.0,11.0,12.0,9.0,22.0,0.0,1.0,3.0,3.0,8.0,1,13074,13074,13074,11912,12059,10158,9347,8599,18886,22832,18829,10265,8004,17214,17641,4736,20564,1.0,24:43,2015,2016
2015-16,1626179,Terry Rozier,Terry,1610612738,BOS,Boston Celtics,21500229,2015-11-27T00:00:00,BOS vs. WAS,W,10.4,0.0,0.0,0.0,0.0,1.0,2.0,6.0,8.0,0.0,0.0,1.0,0.0,2.7,1,1,1,1,22297,12059,10158,9917,18861,2356,3734,13388,21543,8004,1,4972,18762,23884,1.0,10:21,2015,2016
2015-16,203079,Dion Waiters,Dion,1610612760,OKC,Oklahoma City Thunder,21500234,2015-11-27T00:00:00,OKC vs. DET,W,27.1,2.0,2.0,0.0,6.0,7.0,2.0,8.0,16.0,0.0,1.0,2.0,1.0,18.3,1,1,1,1,9954,6026,4731,9917,5299,12242,3734,17194,15259,8004,17214,11390,12373,12952,1.0,27:04,2015,2016
2015-16,203463,Ben McLemore,Ben,1610612758,SAC,Sacramento Kings,21500237,2015-11-27T00:00:00,SAC vs. MIN,L,26.1,2.0,0.0,2.0,6.0,6.0,6.0,0.0,16.0,0.0,0.0,0.0,1.0,12.4,1,13074,13074,13074,10774,6026,10158,4675,5299,10028,13237,1,15259,8004,1,1,12373,17418,1.0,26:05,2015,2016
2015-16,203462,Archie Goodwin,Archie,1610612756,PHX,Phoenix Suns,21500236,2015-11-27T00:00:00,PHX vs. GSW,L,12.0,3.0,0.0,8.0,6.0,2.0,5.0,2.0,12.0,0.0,1.0,2.0,4.0,16.4,1,13074,13074,13074,21529,4307,10158,280,5299,2619,11469,4025,18637,8004,17214,11390,2748,14289,1.0,12:00,2015,2016
2015-16,2754,Tony Allen,Tony,1610612763,MEM,Memphis Grizzlies,21500233,2015-11-27T00:00:00,MEM vs. ATL,L,20.5,2.0,0.0,0.0,6.0,6.0,7.0,3.0,12.0,0.0,0.0,2.0,0.0,16.4,1,13074,13074,13074,15511,6026,10158,9917,5299,10028,15642,7328,18637,8004,1,11390,18762,14289,1.0,20:28,2015,2016
2015-16,202691,Klay Thompson,Klay,1610612744,GSW,Golden State Warriors,21500236,2015-11-27T00:00:00,GSW @ PHX,W,26.8,3.0,0.0,2.0,2.0,21.0,7.0,17.0,32.0,1.0,0.0,4.0,0.0,18.4,1,1,1,1,10220,4307,10158,4675,12984,25535,15642,24967,3535,2692,1,22104,18762,12854,1.0,26:46,2015,2016
2015-16,203492,Ray McCallum,Ray,1610612759,SAS,San Antonio Spurs,21500235,2015-11-27T00:00:00,SAS @ DEN,W,6.3,0.0,0.0,0.0,0.0,4.0,0.0,0.0,4.0,0.0,0.0,0.0,0.0,2.7,1,1,1,1,23858,12059,10158,9917,18861,6141,1,1,23698,8004,1,1,18762,23884,1.0,6:15,2015,2016
2015-16,200746,LaMarcus Aldridge,LaMarcus,1610612759,SAS,San Antonio Spurs,21500235,2015-11-27T00:00:00,SAS @ DEN,W,18.5,0.0,2.0,0.0,4.0,3.0,4.0,5.0,18.0,1.0,0.0,0.0,0.0,16.3,1,1,1,1,17124,12059,4731,9917,8599,5109,8458,11593,13577,2692,1,1,18762,14372,1.0,18:27,2015,2016
2015-16,203521,Matthew Dellavedova,Matthew,1610612739,CLE,Cleveland Cavaliers,21500227,2015-11-27T00:00:00,CLE @ CHA,W,33.5,0.0,0.0,0.0,2.0,9.0,6.0,1.0,24.0,1.0,0.0,3.0,2.0,18.7,1,1,1,1,4755,12059,10158,9917,12984,15771,13237,3646,8723,2692,1,17641,7786,12648,1.0,33:29,2015,2016
2015-16,201581,JJ Hickson,JJ,1610612743,DEN,Denver Nuggets,21500235,2015-11-27T00:00:00,DEN vs. SAS,L,16.5,1.0,2.0,0.0,4.0,5.0,5.0,3.0,12.0,2.0,1.0,2.0,4.0,16.2,1,13074,13074,13074,18658,11535,4731,9917,8599,8403,11469,7328,18637,932,17214,11390,2748,14436,1.0,16:30,2015,2016
2015-16,202322,John Wall,John,1610612764,WAS,Washington Wizards,21500229,2015-11-27T00:00:00,WAS @ BOS,L,29.3,0.0,3.0,2.0,4.0,13.0,20.0,7.0,30.0,0.0,1.0,1.0,3.0,20.8,1,13074,13074,13074,8150,12059,3104,4675,8599,21300,25875,15538,4541,8004,17214,4972,4736,11195,1.0,29:16,2015,2016
2015-16,203138,Hollis Thompson,Hollis,1610612755,PHI,Philadelphia 76ers,21500232,2015-11-27T00:00:00,PHI @ HOU,L,26.2,3.0,6.0,0.0,2.0,11.0,4.0,8.0,16.0,0.0,0.0,5.0,1.0,20.8,1,13074,13074,13074,10655,4307,481,9917,12984,18886,8458,17194,15259,8004,1,24686,12373,11195,1.0,26:14,2015,2016
2015-16,101139,CJ Miles,CJ,1610612754,IND,Indiana Pacers,21500231,2015-11-27T00:00:00,IND vs. CHI,W,32.0,5.0,6.0,6.0,4.0,3.0,9.0,5.0,20.0,0.0,0.0,4.0,1.0,21.1,1,1,1,1,5914,1603,481,740,8599,5109,19144,11593,11929,8004,1,22104,12373,11012,1.0,31:58,2015,2016
2015-16,2546,Carmelo Anthony,Carmelo,1610612752,NYK,New York Knicks,21500230,2015-11-27T00:00:00,NYK vs. MIA,L,33.9,0.0,0.0,0.0,4.0,12.0,13.0,10.0,30.0,1.0,0.0,3.0,3.0,21.1,1,13074,13074,13074,4411,12059,10158,9917,8599,20178,23668,20169,4541,2692,1,17641,4736,11012,1.0,33:55,2015,2016
2015-16,203076,Anthony Davis,Anthony,1610612740,NOP,New Orleans Pelicans,21500238,2015-11-27T00:00:00,NOP @ LAC,L,28.2,2.0,4.0,2.0,10.0,11.0,7.0,20.0,28.0,0.0,0.0,3.0,4.0,21.2,1,13074,13074,13074,9089,6026,1596,4675,1840,18886,15642,25599,5824,8004,1,17641,2748,10936,1.0,28:11,2015,2016
2015-16,1626170,Jerian Grant,Jerian,1610612752,NYK,New York Knicks,21500230,2015-11-27T00:00:00,NYK vs. MIA,L,23.0,2.0,0.0,0.0,8.0,2.0,2.0,2.0,18.0,0.0,0.0,0.0,3.0,21.2,1,13074,13074,13074,13349,6026,10158,9917,3109,2619,3734,4025,13577,8004,1,1,4736,10936,1.0,23:02,2015,2016
2015-16,2738,Andre Iguodala,Andre,1610612744,GSW,Golden State Warriors,21500236,2015-11-27T00:00:00,GSW @ PHX,W,23.3,0.0,0.0,2.0,6.0,16.0,8.0,7.0,32.0,0.0,0.0,0.0,0.0,16.0,1,1,1,1,13116,12059,10158,4675,5299,23774,17345,15538,3535,8004,1,1,18762,14590,1.0,23:18,2015,2016
2015-16,201158,Marco Belinelli,Marco,1610612758,SAC,Sacramento Kings,21500237,2015-11-27T00:00:00,SAC vs. MIN,L,33.9,0.0,2.0,6.0,0.0,14.0,14.0,0.0,26.0,1.0,0.0,2.0,4.0,21.4,1,13074,13074,13074,4454,12059,4731,740,18861,22292,24300,1,7214,2692,1,11390,2748,10807,1.0,33:52,2015,2016
2015-16,203469,Cody Zeller,Cody,1610612766,CHA,Charlotte Hornets,21500227,2015-11-27T00:00:00,CHA vs. CLE,L,15.1,3.0,0.0,1.0,2.0,7.0,1.0,4.0,14.0,1.0,0.0,4.0,3.0,15.9,1,13074,13074,13074,19697,4307,10158,9347,12984,12242,3393,8806,17019,2692,1,22104,4736,14675,1.0,15:05,2015,2016
2015-16,203501,Tim Hardaway Jr.,Tim,1610612737,ATL,Atlanta Hawks,21500233,2015-11-27T00:00:00,ATL @ MEM,W,8.2,0.0,0.0,0.0,0.0,2.0,0.0,0.0,4.0,0.0,0.0,0.0,0.0,3.0,1,1,1,1,23115,12059,10158,9917,18861,2619,1,1,23698,8004,1,1,18762,23648,1.0,8:12,2015,2016
2015-16,2199,Tyson Chandler,Tyson,1610612756,PHX,Phoenix Suns,21500236,2015-11-27T00:00:00,PHX vs. GSW,L,4.2,0.0,0.0,0.0,0.0,3.0,3.0,1.0,4.0,0.0,0.0,1.0,0.0,2.4,1,13074,13074,13074,24657,12059,10158,9917,18861,5109,7138,3646,23698,8004,1,4972,18762,24024,1.0,4:09,2015,2016
2015-16,203112,Quincy Acy,Quincy,1610612758,SAC,Sacramento Kings,21500237,2015-11-27T00:00:00,SAC vs. MIN,L,9.4,0.0,0.0,1.0,0.0,8.0,2.0,0.0,2.0,0.0,0.0,3.0,1.0,2.2,1,13074,13074,13074,22687,12059,10158,9347,18861,13914,3734,1,24614,8004,1,17641,12373,24138,1.0,9:21,2015,2016
2015-16,101179,Ronnie Price,Ronnie,1610612756,PHX,Phoenix Suns,21500236,2015-11-27T00:00:00,PHX vs. GSW,L,10.5,0.0,0.0,0.0,4.0,5.0,5.0,5.0,6.0,0.0,0.0,5.0,1.0,8.5,1,13074,13074,13074,22250,12059,10158,9917,8599,8403,11469,11593,22724,8004,1,24686,12373,20215,1.0,10:27,2015,2016
2015-16,201596,Mario Chalmers,Mario,1610612763,MEM,Memphis Grizzlies,21500233,2015-11-27T00:00:00,MEM vs. ATL,L,10.8,0.0,0.0,0.0,0.0,7.0,0.0,3.0,6.0,0.0,0.0,4.0,3.0,2.2,1,13074,13074,13074,22127,12059,10158,9917,18861,12242,1,7328,22724,8004,1,22104,4736,24138,1.0,10:46,2015,2016
2015-16,2037,Jamal Crawford,Jamal,1610612746,LAC,LA Clippers,21500238,2015-11-27T00:00:00,LAC vs. NOP,W,26.8,0.0,0.0,7.0,0.0,14.0,9.0,14.0,22.0,0.0,0.0,0.0,1.0,12.6,1,1,1,1,10168,12059,10158,454,18861,22292,19144,23710,10265,8004,1,1,12373,17277,1.0,26:49,2015,2016
2015-16,1626161,Willie Cauley-Stein,Willie,1610612758,SAC,Sacramento Kings,21500237,2015-11-27T00:00:00,SAC vs. MIN,L,24.8,0.0,0.0,2.0,6.0,8.0,4.0,0.0,18.0,1.0,0.0,0.0,2.0,12.6,1,13074,13074,13074,11841,12059,10158,4675,5299,13914,8458,1,13577,2692,1,1,7786,17277,1.0,24:47,2015,2016
2015-16,201951,Ty Lawson,Ty,1610612745,HOU,Houston Rockets,21500232,2015-11-27T00:00:00,HOU vs. PHI,W,15.9,0.0,0.0,0.0,2.0,8.0,5.0,4.0,16.0,0.0,0.0,0.0,0.0,8.5,1,1,1,1,19102,12059,10158,9917,12984,13914,11469,8806,15259,8004,1,1,18762,20215,1.0,15:55,2015,2016
2015-16,2034,Mike Miller,Mike,1610612743,DEN,Denver Nuggets,21500235,2015-11-27T00:00:00,DEN vs. SAS,L,20.3,3.0,0.0,0.0,0.0,7.0,3.0,3.0,10.0,0.0,0.0,4.0,0.0,12.6,1,13074,13074,13074,15617,4307,10158,9917,18861,12242,7138,7328,20209,8004,1,22104,18762,17277,1.0,20:20,2015,2016
2015-16,201229,Anthony Tolliver,Anthony,1610612765,DET,Detroit Pistons,21500234,2015-11-27T00:00:00,DET @ OKC,L,19.6,0.0,0.0,0.0,0.0,2.0,12.0,5.0,20.0,1.0,1.0,1.0,0.0,12.6,1,13074,13074,13074,16202,12059,10158,9917,18861,2619,22832,11593,11929,2692,17214,4972,18762,17277,1.0,19:38,2015,2016
2015-16,203101,Miles Plumlee,Miles,1610612749,MIL,Milwaukee Bucks,21500228,2015-11-27T00:00:00,MIL @ ORL,L,3.0,0.0,0.0,0.0,2.0,0.0,0.0,0.0,4.0,0.0,0.0,0.0,0.0,2.0,1,13074,13074,13074,25136,12059,10158,9917,12984,1,1,1,23698,8004,1,1,18762,24216,1.0,2:58,2015,2016
2015-16,1626245,Cristiano Felicio,Cristiano,1610612741,CHI,Chicago Bulls,21500231,2015-11-27T00:00:00,CHI @ IND,L,2.1,0.0,0.0,0.0,0.0,0.0,0.0,0.0,0.0,0.0,0.0,0.0,0.0,2.0,1,13074,13074,13074,25471,12059,10158,9917,18861,1,1,1,25429,8004,1,1,18762,24216,1.0,2:08,2015,2016
2015-16,201569,Eric Gordon,Eric,1610612740,NOP,New Orleans Pelicans,21500238,2015-11-27T00:00:00,NOP @ LAC,L,30.2,3.0,0.0,0.0,8.0,11.0,5.0,20.0,30.0,0.0,1.0,2.0,6.0,20.6,1,13074,13074,13074,7399,4307,10158,9917,3109,18886,11469,25599,4541,8004,17214,11390,873,11314,1.0,30:09,2015,2016
2015-16,201583,Ryan Anderson,Ryan,1610612740,NOP,New Orleans Pelicans,21500238,2015-11-27T00:00:00,NOP @ LAC,L,23.1,2.0,4.0,0.0,2.0,5.0,5.0,17.0,26.0,1.0,1.0,4.0,1.0,26.6,1,13074,13074,13074,13324,6026,1596,9917,12984,8403,11469,24967,7214,2692,17214,22104,12373,7566,1.0,23:04,2015,2016
2015-16,201950,Jrue Holiday,Jrue,1610612740,NOP,New Orleans Pelicans,21500238,2015-11-27T00:00:00,NOP @ LAC,L,13.0,0.0,0.0,0.0,6.0,5.0,2.0,8.0,12.0,0.0,0.0,4.0,1.0,11.9,1,13074,13074,13074,20974,12059,10158,9917,5299,8403,3734,17194,18637,8004,1,22104,12373,17760,1.0,13:00,2015,2016
2015-16,203460,Andre Roberson,Andre,1610612760,OKC,Oklahoma City Thunder,21500234,2015-11-27T00:00:00,OKC vs. DET,W,30.9,0.0,0.0,0.0,2.0,10.0,10.0,2.0,24.0,0.0,0.0,3.0,0.0,11.6,1,1,1,1,6775,12059,10158,9917,12984,17370,20509,4025,8723,8004,1,17641,18762,17970,1.0,30:56,2015,2016
2015-16,202389,Timofey Mozgov,Timofey,1610612739,CLE,Cleveland Cavaliers,21500227,2015-11-27T00:00:00,CLE @ CHA,W,18.4,2.0,2.0,0.0,4.0,7.0,4.0,4.0,16.0,0.0,0.0,1.0,2.0,11.6,1,1,1,1,17163,6026,4731,9917,8599,12242,8458,8806,15259,8004,1,4972,7786,17970,1.0,18:25,2015,2016
2015-16,203471,Dennis Schröder,Dennis,1610612737,ATL,Atlanta Hawks,21500233,2015-11-27T00:00:00,ATL @ MEM,W,18.8,2.0,0.0,0.0,0.0,2.0,0.0,0.0,14.0,0.0,0.0,2.0,4.0,19.8,1,1,1,1,16885,6026,10158,9917,18861,2619,1,1,17019,8004,1,11390,2748,11883,1.0,18:47,2015,2016
2015-16,203095,Evan Fournier,Evan,1610612753,ORL,Orlando Magic,21500228,2015-11-27T00:00:00,ORL vs. MIL,W,28.1,6.0,2.0,4.0,4.0,14.0,0.0,11.0,30.0,0.0,2.0,3.0,4.0,26.5,1,1,1,1,9140,878,4731,1913,8599,22292,1,21342,4541,8004,23588,17641,2748,7627,1.0,28:07,2015,2016
2015-16,201609,Goran Dragic,Goran,1610612748,MIA,Miami Heat,21500230,2015-11-27T00:00:00,MIA @ NYK,W,29.8,2.0,0.0,6.0,6.0,11.0,8.0,1.0,22.0,0.0,1.0,0.0,2.0,20.3,1,1,1,1,7718,6026,10158,740,5299,18886,17345,3646,10265,8004,17214,1,7786,11534,1.0,29:49,2015,2016
2015-16,101108,Chris Paul,Chris,1610612746,LAC,LA Clippers,21500238,2015-11-27T00:00:00,LAC vs. NOP,W,28.6,3.0,2.0,2.0,2.0,7.0,5.0,4.0,26.0,0.0,0.0,1.0,6.0,41.0,1,1,1,1,8733,4307,4731,4675,12984,12242,11469,8806,7214,8004,1,4972,873,2143,1.0,28:36,2015,2016
2015-16,201584,Courtney Lee,Courtney,1610612763,MEM,Memphis Grizzlies,21500233,2015-11-27T00:00:00,MEM vs. ATL,L,25.5,2.0,0.0,0.0,4.0,9.0,5.0,5.0,18.0,0.0,0.0,0.0,0.0,20.3,1,13074,13074,13074,11280,6026,10158,9917,8599,15771,11469,11593,13577,8004,1,1,18762,11534,1.0,25:31,2015,2016
2015-16,200751,Randy Foye,Randy,1610612743,DEN,Denver Nuggets,21500235,2015-11-27T00:00:00,DEN vs. SAS,L,21.6,4.0,0.0,2.0,4.0,5.0,3.0,5.0,10.0,0.0,0.0,0.0,0.0,15.7,1,13074,13074,13074,14487,2460,10158,4675,8599,8403,7138,11593,20209,8004,1,1,18762,14841,1.0,21:38,2015,2016
2015-16,203083,Andre Drummond,Andre,1610612765,DET,Detroit Pistons,21500234,2015-11-27T00:00:00,DET @ OKC,L,32.4,4.0,3.0,0.0,14.0,7.0,15.0,13.0,26.0,0.0,1.0,4.0,2.0,27.4,1,13074,13074,13074,5546,2460,3104,9917,542,12242,24781,23048,7214,8004,17214,22104,7786,7179,1.0,32:26,2015,2016
2015-16,202689,Kemba Walker,Kemba,1610612766,CHA,Charlotte Hornets,21500227,2015-11-27T00:00:00,CHA vs. CLE,L,34.8,2.0,2.0,0.0,6.0,6.0,6.0,2.0,28.0,2.0,0.0,0.0,5.0,40.8,1,13074,13074,13074,3703,6026,4731,9917,5299,10028,13237,4025,5824,932,1,1,1539,2181,1.0,34:47,2015,2016
2015-16,203115,Will Barton,Will,1610612743,DEN,Denver Nuggets,21500235,2015-11-27T00:00:00,DEN vs. SAS,L,29.5,3.0,5.0,1.0,4.0,9.0,5.0,6.0,18.0,0.0,0.0,0.0,3.0,26.8,1,13074,13074,13074,8002,4307,995,9347,8599,15771,11469,13388,13577,8004,1,1,4736,7486,1.0,29:28,2015,2016
2015-16,201145,Jeff Green,Jeff,1610612763,MEM,Memphis Grizzlies,21500233,2015-11-27T00:00:00,MEM vs. ATL,L,31.1,0.0,0.0,0.0,2.0,11.0,6.0,3.0,16.0,0.0,1.0,5.0,3.0,19.9,1,13074,13074,13074,6656,12059,10158,9917,12984,18886,13237,7328,15259,8004,17214,24686,4736,11824,1.0,31:04,2015,2016
2015-16,201954,Darren Collison,Darren,1610612758,SAC,Sacramento Kings,21500237,2015-11-27T00:00:00,SAC vs. MIN,L,23.2,3.0,0.0,2.0,4.0,12.0,10.0,0.0,20.0,0.0,0.0,2.0,0.0,15.7,1,13074,13074,13074,13160,4307,10158,4675,8599,20178,20509,1,11929,8004,1,11390,18762,14841,1.0,23:14,2015,2016
2015-16,2749,Jameer Nelson,Jameer,1610612743,DEN,Denver Nuggets,21500235,2015-11-27T00:00:00,DEN vs. SAS,L,21.6,3.0,0.0,5.0,6.0,9.0,3.0,5.0,14.0,0.0,0.0,3.0,1.0,15.2,1,13074,13074,13074,14504,4307,10158,1277,5299,15771,7138,11593,17019,8004,1,17641,12373,15219,1.0,21:37,2015,2016
2015-16,201167,Arron Afflalo,Arron,1610612752,NYK,New York Knicks,21500230,2015-11-27T00:00:00,NYK vs. MIA,L,19.2,0.0,2.0,0.0,4.0,8.0,7.0,8.0,18.0,1.0,1.0,2.0,0.0,12.1,1,13074,13074,13074,16514,12059,4731,9917,8599,13914,15642,17194,13577,2692,17214,11390,18762,17639,1.0,19:13,2015,2016
2015-16,1626157,Karl-Anthony Towns,Karl-Anthony,1610612750,MIN,Minnesota Timberwolves,21500237,2015-11-27T00:00:00,MIN @ SAC,W,21.3,0.0,0.0,0.0,0.0,11.0,5.0,9.0,22.0,2.0,0.0,0.0,0.0,20.6,1,1,1,1,14743,12059,10158,9917,18861,18886,11469,18829,10265,932,1,1,18762,11314,1.0,21:20,2015,2016
2015-16,2590,Mo Williams,Mo,1610612739,CLE,Cleveland Cavaliers,21500227,2015-11-27T00:00:00,CLE @ CHA,W,20.8,0.0,0.0,0.0,2.0,13.0,6.0,5.0,18.0,1.0,1.0,4.0,1.0,11.7,1,1,1,1,15223,12059,10158,9917,12984,21300,13237,11593,13577,2692,17214,22104,12373,17903,1.0,20:48,2015,2016
2015-16,2594,Kyle Korver,Kyle,1610612737,ATL,Atlanta Hawks,21500233,2015-11-27T00:00:00,ATL @ MEM,W,34.4,0.0,3.0,0.0,0.0,10.0,4.0,8.0,26.0,0.0,0.0,2.0,2.0,20.1,1,1,1,1,4001,12059,3104,9917,18861,17370,8458,17194,7214,8004,1,11390,7786,11685,1.0,34:26,2015,2016
2015-16,2581,Steve Blake,Steve,1610612765,DET,Detroit Pistons,21500234,2015-11-27T00:00:00,DET @ OKC,L,21.2,3.0,0.0,3.0,2.0,2.0,10.0,4.0,20.0,0.0,1.0,1.0,1.0,27.1,1,13074,13074,13074,14931,4307,10158,3302,12984,2619,20509,8806,11929,8004,17214,4972,12373,7339,1.0,21:09,2015,2016
2015-16,200794,Paul Millsap,Paul,1610612737,ATL,Atlanta Hawks,21500233,2015-11-27T00:00:00,ATL @ MEM,W,35.3,4.0,2.0,2.0,8.0,10.0,4.0,8.0,28.0,0.0,1.0,2.0,11.0,42.8,1,1,1,1,3334,2460,4731,4675,3109,17370,8458,17194,5824,8004,17214,11390,44,1776,1.0,35:16,2015,2016
2015-16,203507,Giannis Antetokounmpo,Giannis,1610612749,MIL,Milwaukee Bucks,21500228,2015-11-27T00:00:00,MIL @ ORL,L,31.6,7.0,0.0,9.0,14.0,24.0,7.0,13.0,26.0,0.0,0.0,4.0,2.0,30.8,1,13074,13074,13074,6228,548,10158,184,542,25890,15642,23048,7214,8004,1,22104,7786,5493,1.0,31:36,2015,2016
2015-16,202087,Alonzo Gee,Alonzo,1610612740,NOP,New Orleans Pelicans,21500238,2015-11-27T00:00:00,NOP @ LAC,L,33.3,0.0,0.0,0.0,2.0,11.0,4.0,18.0,32.0,0.0,0.0,2.0,1.0,12.2,1,13074,13074,13074,4891,12059,10158,9917,12984,18886,8458,25228,3535,8004,1,11390,12373,17566,1.0,33:18,2015,2016
2015-16,200755,JJ Redick,JJ,1610612746,LAC,LA Clippers,21500238,2015-11-27T00:00:00,LAC vs. NOP,W,24.6,5.0,0.0,3.0,2.0,2.0,5.0,2.0,26.0,0.0,0.0,3.0,2.0,27.2,1,1,1,1,12017,1603,10158,3302,12984,2619,11469,4025,7214,8004,1,17641,7786,7289,1.0,24:36,2015,2016
2015-16,202699,Tobias Harris,Tobias,1610612753,ORL,Orlando Magic,21500228,2015-11-27T00:00:00,ORL vs. MIL,W,29.6,2.0,5.0,2.0,4.0,16.0,0.0,11.0,32.0,1.0,0.0,1.0,1.0,30.9,1,1,1,1,7855,6026,995,4675,8599,23774,1,21342,3535,2692,1,4972,12373,5452,1.0,29:38,2015,2016
2015-16,202734,E'Twaun Moore,E'Twaun,1610612741,CHI,Chicago Bulls,21500231,2015-11-27T00:00:00,CHI @ IND,L,27.2,1.0,0.0,0.0,4.0,9.0,5.0,15.0,20.0,0.0,0.0,3.0,1.0,20.2,1,13074,13074,13074,9872,11535,10158,9917,8599,15771,11469,24242,11929,8004,1,17641,12373,11610,1.0,27:10,2015,2016
2015-16,202693,Markieff Morris,Markieff,1610612756,PHX,Phoenix Suns,21500236,2015-11-27T00:00:00,PHX vs. GSW,L,17.1,1.0,0.0,1.0,2.0,7.0,9.0,10.0,18.0,0.0,4.0,2.0,1.0,15.1,1,13074,13074,13074,18185,11535,10158,9347,12984,12242,19144,20169,13577,8004,25926,11390,12373,15328,1.0,17:07,2015,2016
2015-16,1626144,Emmanuel Mudiay,Emmanuel,1610612743,DEN,Denver Nuggets,21500235,2015-11-27T00:00:00,DEN vs. SAS,L,28.8,0.0,0.0,0.0,6.0,10.0,4.0,5.0,20.0,0.0,2.0,3.0,2.0,15.1,1,13074,13074,13074,8504,12059,10158,9917,5299,17370,8458,11593,11929,8004,23588,17641,7786,15328,1.0,28:51,2015,2016
2015-16,201571,D.J. Augustin,D.J.,1610612760,OKC,Oklahoma City Thunder,21500234,2015-11-27T00:00:00,OKC vs. DET,W,21.5,0.0,3.0,0.0,2.0,5.0,2.0,6.0,14.0,0.0,0.0,1.0,2.0,15.3,1,1,1,1,14578,12059,3104,9917,12984,8403,3734,13388,17019,8004,1,4972,7786,15150,1.0,21:31,2015,2016
2015-16,203084,Harrison Barnes,Harrison,1610612744,GSW,Golden State Warriors,21500236,2015-11-27T00:00:00,GSW @ PHX,W,20.9,0.0,2.0,0.0,6.0,10.0,5.0,10.0,26.0,0.0,1.0,0.0,2.0,20.4,1,1,1,1,15125,12059,4731,9917,5299,17370,11469,20169,7214,8004,17214,1,7786,11453,1.0,20:55,2015,2016
2015-16,201962,Toney Douglas,Toney,1610612740,NOP,New Orleans Pelicans,21500238,2015-11-27T00:00:00,NOP @ LAC,L,23.7,2.0,3.0,4.0,4.0,2.0,7.0,10.0,22.0,0.0,0.0,4.0,1.0,20.2,1,13074,13074,13074,12804,6026,3104,1913,8599,2619,15642,20169,10265,8004,1,22104,12373,11610,1.0,23:43,2015,2016
2015-16,203933,T.J. Warren,T.J.,1610612756,PHX,Phoenix Suns,21500236,2015-11-27T00:00:00,PHX vs. GSW,L,35.1,13.0,0.0,8.0,16.0,11.0,18.0,9.0,28.0,0.0,0.0,2.0,2.0,42.2,1,13074,13074,13074,3464,13,10158,280,275,18886,25634,18829,5824,8004,1,11390,7786,1892,1.0,35:06,2015,2016
2015-16,203503,Tony Snell,Tony,1610612741,CHI,Chicago Bulls,21500231,2015-11-27T00:00:00,CHI @ IND,L,16.0,0.0,0.0,0.0,0.0,9.0,9.0,4.0,20.0,0.0,0.0,2.0,0.0,11.6,1,13074,13074,13074,19050,12059,10158,9917,18861,15771,19144,8806,11929,8004,1,11390,18762,17970,1.0,15:59,2015,2016
2015-16,202391,Jeremy Lin,Jeremy,1610612766,CHA,Charlotte Hornets,21500227,2015-11-27T00:00:00,CHA vs. CLE,L,19.9,0.0,0.0,0.0,4.0,7.0,11.0,4.0,22.0,0.0,2.0,2.0,3.0,15.8,1,13074,13074,13074,16005,12059,10158,9917,8599,12242,21814,8806,10265,8004,23588,11390,4736,14754,1.0,19:53,2015,2016
2015-16,204038,Langston Galloway,Langston,1610612752,NYK,New York Knicks,21500230,2015-11-27T00:00:00,NYK vs. MIA,L,28.8,0.0,0.0,0.0,2.0,4.0,6.0,2.0,18.0,0.0,1.0,1.0,1.0,15.8,1,13074,13074,13074,8553,12059,10158,9917,12984,6141,13237,4025,13577,8004,17214,4972,12373,14754,1.0,28:47,2015,2016
2015-16,201956,Omri Casspi,Omri,1610612758,SAC,Sacramento Kings,21500237,2015-11-27T00:00:00,SAC vs. MIN,L,27.7,8.0,3.0,2.0,8.0,10.0,10.0,0.0,26.0,0.0,0.0,2.0,1.0,20.2,1,13074,13074,13074,9430,308,3104,4675,3109,17370,20509,1,7214,8004,1,11390,12373,11610,1.0,27:44,2015,2016
2015-16,2200,Pau Gasol,Pau,1610612741,CHI,Chicago Bulls,21500231,2015-11-27T00:00:00,CHI @ IND,L,27.1,0.0,5.0,0.0,6.0,13.0,11.0,8.0,32.0,0.0,0.0,4.0,3.0,27.2,1,13074,13074,13074,9934,12059,995,9917,5299,21300,21814,17194,3535,8004,1,22104,4736,7289,1.0,27:05,2015,2016
2015-16,202362,Lance Stephenson,Lance,1610612746,LAC,LA Clippers,21500238,2015-11-27T00:00:00,LAC vs. NOP,W,26.2,0.0,0.0,4.0,4.0,9.0,7.0,10.0,26.0,0.0,0.0,1.0,2.0,20.0,1,1,1,1,10726,12059,10158,1913,8599,15771,15642,20169,7214,8004,1,4972,7786,11752,1.0,26:09,2015,2016
2015-16,202331,Paul George,Paul,1610612754,IND,Indiana Pacers,21500231,2015-11-27T00:00:00,IND vs. CHI,W,38.5,5.0,2.0,2.0,8.0,10.0,7.0,5.0,22.0,0.0,2.0,4.0,3.0,40.6,1,1,1,1,1272,1603,4731,4675,3109,17370,15642,11593,10265,8004,23588,22104,4736,2230,1.0,38:30,2015,2016
2015-16,203109,Jae Crowder,Jae,1610612738,BOS,Boston Celtics,21500229,2015-11-27T00:00:00,BOS vs. WAS,W,29.7,0.0,2.0,0.0,2.0,5.0,6.0,4.0,16.0,0.0,0.0,0.0,3.0,26.5,1,1,1,1,7834,12059,4731,9917,12984,8403,13237,8806,15259,8004,1,1,4736,7627,1.0,29:40,2015,2016
2015-16,201568,Danilo Gallinari,Danilo,1610612743,DEN,Denver Nuggets,21500235,2015-11-27T00:00:00,DEN vs. SAS,L,35.1,0.0,2.0,3.0,6.0,12.0,4.0,8.0,24.0,0.0,3.0,0.0,5.0,31.0,1,13074,13074,13074,3451,12059,4731,3302,5299,20178,8458,17194,8723,8004,25441,1,1539,5406,1.0,35:07,2015,2016
2015-16,203488,Mike Muscala,Mike,1610612737,ATL,Atlanta Hawks,21500233,2015-11-27T00:00:00,ATL @ MEM,W,23.8,3.0,2.0,0.0,6.0,2.0,2.0,3.0,20.0,2.0,0.0,2.0,0.0,26.2,1,1,1,1,12715,4307,4731,9917,5299,2619,3734,7328,11929,932,1,11390,18762,7785,1.0,23:50,2015,2016
2015-16,201988,Patty Mills,Patty,1610612759,SAS,San Antonio Spurs,21500235,2015-11-27T00:00:00,SAS @ DEN,W,21.3,2.0,3.0,2.0,4.0,11.0,5.0,8.0,20.0,0.0,0.0,3.0,0.0,15.1,1,1,1,1,14833,6026,3104,4675,8599,18886,11469,17194,11929,8004,1,17641,18762,15328,1.0,21:15,2015,2016
2015-16,203914,Gary Harris,Gary,1610612743,DEN,Denver Nuggets,21500235,2015-11-27T00:00:00,DEN vs. SAS,L,25.1,0.0,0.0,2.0,2.0,10.0,4.0,2.0,18.0,0.0,0.0,1.0,0.0,11.7,1,13074,13074,13074,11617,12059,10158,4675,12984,17370,8458,4025,13577,8004,1,4972,18762,17903,1.0,25:04,2015,2016
2015-16,201584,Courtney Lee,Courtney,1610612763,MEM,Memphis Grizzlies,21500220,2015-11-25T00:00:00,MEM @ HOU,W,26.7,5.0,2.0,0.0,6.0,12.0,3.0,12.0,22.0,0.0,1.0,3.0,2.0,27.2,1,1,1,1,10261,1603,4731,9917,5299,20178,7138,22259,10265,8004,17214,17641,7786,7289,1.0,26:43,2015,2016
2015-16,204001,Kristaps Porziņģis,Kristaps,1610612752,NYK,New York Knicks,21500216,2015-11-25T00:00:00,NYK @ ORL,L,36.3,3.0,2.0,0.0,4.0,6.0,14.0,3.0,26.0,6.0,1.0,1.0,7.0,41.3,1,13074,13074,13074,2531,4307,4731,9917,8599,10028,24300,7328,7214,19,17214,4972,469,2074,1.0,36:20,2015,2016
2015-16,201586,Serge Ibaka,Serge,1610612760,OKC,Oklahoma City Thunder,21500223,2015-11-25T00:00:00,OKC vs. BKN,W,33.0,4.0,0.0,0.0,4.0,17.0,12.0,12.0,44.0,2.0,1.0,1.0,2.0,31.1,1,1,1,1,5167,2460,10158,9917,8599,24337,22832,22259,454,932,17214,4972,7786,5354,1.0,32:57,2015,2016
2015-16,203082,Terrence Ross,Terrence,1610612761,TOR,Toronto Raptors,21500219,2015-11-25T00:00:00,TOR vs. CLE,W,10.0,3.0,0.0,0.0,0.0,3.0,3.0,3.0,4.0,2.0,0.0,0.0,0.0,15.6,1,1,1,1,22440,4307,10158,9917,18861,5109,7138,7328,23698,932,1,1,18762,14916,1.0,10:00,2015,2016
2015-16,201162,Jared Dudley,Jared,1610612764,WAS,Washington Wizards,21500215,2015-11-25T00:00:00,WAS @ CHA,L,24.4,2.0,0.0,2.0,0.0,10.0,4.0,6.0,22.0,0.0,0.0,2.0,3.0,15.1,1,13074,13074,13074,12238,6026,10158,4675,18861,17370,8458,13388,10265,8004,1,11390,4736,15328,1.0,24:22,2015,2016
2015-16,202323,Evan Turner,Evan,1610612738,BOS,Boston Celtics,21500217,2015-11-25T00:00:00,BOS vs. PHI,W,36.0,0.0,2.0,0.0,6.0,10.0,2.0,13.0,26.0,1.0,2.0,0.0,2.0,31.3,1,1,1,1,2772,12059,4731,9917,5299,17370,3734,23048,7214,2692,23588,1,7786,5258,1.0,35:59,2015,2016
2015-16,2419,Tayshaun Prince,Tayshaun,1610612750,MIN,Minnesota Timberwolves,21500222,2015-11-25T00:00:00,MIN vs. ATL,W,21.1,2.0,2.0,0.0,0.0,4.0,1.0,7.0,20.0,0.0,0.0,0.0,1.0,12.1,1,1,1,1,14974,6026,4731,9917,18861,6141,3393,15538,11929,8004,1,1,12373,17639,1.0,21:06,2015,2016
2015-16,201596,Mario Chalmers,Mario,1610612763,MEM,Memphis Grizzlies,21500220,2015-11-25T00:00:00,MEM @ HOU,W,23.3,2.0,2.0,2.0,4.0,8.0,3.0,6.0,16.0,0.0,1.0,3.0,2.0,15.1,1,1,1,1,13106,6026,4731,4675,8599,13914,7138,13388,15259,8004,17214,17641,7786,15328,1.0,23:20,2015,2016
2015-16,202692,Alec Burks,Alec,1610612762,UTA,Utah Jazz,21500226,2015-11-25T00:00:00,UTA @ LAC,W,28.5,0.0,0.0,0.0,2.0,8.0,4.0,9.0,20.0,0.0,2.0,1.0,3.0,15.7,1,1,1,1,8779,12059,10158,9917,12984,13914,8458,18829,11929,8004,23588,4972,4736,14841,1.0,28:32,2015,2016
2015-16,203138,Hollis Thompson,Hollis,1610612755,PHI,Philadelphia 76ers,21500217,2015-11-25T00:00:00,PHI @ BOS,L,32.9,0.0,0.0,3.0,6.0,12.0,11.0,5.0,14.0,1.0,0.0,2.0,1.0,20.4,1,13074,13074,13074,5180,12059,10158,3302,5299,20178,21814,11593,17019,2692,1,11390,12373,11453,1.0,32:57,2015,2016
2015-16,2207,Joe Johnson,Joe,1610612751,BKN,Brooklyn Nets,21500223,2015-11-25T00:00:00,BKN @ OKC,L,31.6,3.0,0.0,0.0,4.0,12.0,4.0,14.0,30.0,0.0,0.0,2.0,1.0,15.2,1,13074,13074,13074,6228,4307,10158,9917,8599,20178,8458,23710,4541,8004,1,11390,12373,15219,1.0,31:36,2015,2016
2015-16,203952,Andrew Wiggins,Andrew,1610612750,MIN,Minnesota Timberwolves,21500222,2015-11-25T00:00:00,MIN vs. ATL,W,35.7,5.0,2.0,2.0,10.0,11.0,12.0,11.0,28.0,0.0,2.0,0.0,6.0,27.3,1,1,1,1,2946,1603,4731,4675,1840,18886,22832,21342,5824,8004,23588,1,873,7236,1.0,35:44,2015,2016
2015-16,203463,Ben McLemore,Ben,1610612758,SAC,Sacramento Kings,21500221,2015-11-25T00:00:00,SAC @ MIL,W,27.2,2.0,0.0,6.0,4.0,8.0,6.0,19.0,30.0,0.0,1.0,4.0,2.0,20.3,1,1,1,1,9822,6026,10158,740,8599,13914,13237,25435,4541,8004,17214,22104,7786,11534,1.0,27:14,2015,2016
2015-16,203484,Kentavious Caldwell-Pope,Kentavious,1610612765,DET,Detroit Pistons,21500218,2015-11-25T00:00:00,DET vs. MIA,W,34.2,0.0,0.0,0.0,2.0,3.0,8.0,12.0,26.0,0.0,2.0,3.0,1.0,20.4,1,1,1,1,4216,12059,10158,9917,12984,5109,17345,22259,7214,8004,23588,17641,12373,11453,1.0,34:10,2015,2016
2015-16,2594,Kyle Korver,Kyle,1610612737,ATL,Atlanta Hawks,21500222,2015-11-25T00:00:00,ATL @ MIN,L,36.0,5.0,3.0,0.0,0.0,12.0,10.0,6.0,32.0,0.0,0.0,3.0,3.0,27.3,1,13074,13074,13074,2759,1603,3104,9917,18861,20178,20509,13388,3535,8004,1,17641,4736,7236,1.0,36:00,2015,2016
2015-16,202689,Kemba Walker,Kemba,1610612766,CHA,Charlotte Hornets,21500215,2015-11-25T00:00:00,CHA vs. WAS,W,41.0,6.0,2.0,2.0,12.0,14.0,10.0,16.0,22.0,2.0,3.0,1.0,6.0,26.9,1,1,1,1,499,878,4731,4675,988,22292,20509,24641,10265,932,25441,4972,873,7438,1.0,40:57,2015,2016
2015-16,2544,LeBron James,LeBron,1610612739,CLE,Cleveland Cavaliers,21500219,2015-11-25T00:00:00,CLE @ TOR,L,39.8,2.0,0.0,2.0,6.0,14.0,4.0,9.0,34.0,0.0,0.0,1.0,7.0,41.2,1,13074,13074,13074,796,6026,10158,4675,5299,22292,8458,18829,2701,8004,1,4972,469,2099,1.0,39:46,2015,2016
2015-16,201980,Danny Green,Danny,1610612759,SAS,San Antonio Spurs,21500224,2015-11-25T00:00:00,SAS vs. DAL,W,25.5,0.0,0.0,6.0,0.0,10.0,3.0,4.0,24.0,1.0,0.0,1.0,1.0,19.7,1,1,1,1,11278,12059,10158,740,18861,17370,7138,8806,8723,2692,1,4972,12373,11962,1.0,25:31,2015,2016
2015-16,101107,Marvin Williams,Marvin,1610612766,CHA,Charlotte Hornets,21500215,2015-11-25T00:00:00,CHA vs. WAS,W,33.0,0.0,6.0,0.0,6.0,8.0,8.0,6.0,12.0,1.0,0.0,0.0,3.0,31.2,1,1,1,1,5167,12059,481,9917,5299,13914,17345,13388,18637,2692,1,1,4736,5304,1.0,32:57,2015,2016
2015-16,1891,Jason Terry,Jason,1610612745,HOU,Houston Rockets,21500220,2015-11-25T00:00:00,HOU vs. MEM,L,29.1,0.0,0.0,2.0,2.0,14.0,4.0,15.0,24.0,1.0,0.0,4.0,1.0,26.9,1,13074,13074,13074,8269,12059,10158,4675,12984,22292,8458,24242,8723,2692,1,22104,12373,7438,1.0,29:08,2015,2016
2015-16,201967,Dante Cunningham,Dante,1610612740,NOP,New Orleans Pelicans,21500225,2015-11-25T00:00:00,NOP @ PHX,W,27.8,0.0,0.0,3.0,2.0,7.0,2.0,18.0,32.0,1.0,1.0,2.0,1.0,15.4,1,1,1,1,9391,12059,10158,3302,12984,12242,3734,25228,3535,2692,17214,11390,12373,15066,1.0,27:48,2015,2016
2015-16,1626169,Stanley Johnson,Stanley,1610612765,DET,Detroit Pistons,21500218,2015-11-25T00:00:00,DET vs. MIA,W,20.2,2.0,2.0,0.0,6.0,4.0,2.0,7.0,16.0,1.0,1.0,5.0,1.0,20.0,1,1,1,1,15694,6026,4731,9917,5299,6141,3734,15538,15259,2692,17214,24686,12373,11752,1.0,20:14,2015,2016
2015-16,203476,Gorgui Dieng,Gorgui,1610612750,MIN,Minnesota Timberwolves,21500222,2015-11-25T00:00:00,MIN vs. ATL,W,25.5,0.0,0.0,2.0,4.0,9.0,3.0,7.0,24.0,3.0,2.0,3.0,2.0,40.7,1,1,1,1,11291,12059,10158,4675,8599,15771,7138,15538,8723,347,23588,17641,7786,2199,1.0,25:30,2015,2016
2015-16,203897,Zach LaVine,Zach,1610612750,MIN,Minnesota Timberwolves,21500222,2015-11-25T00:00:00,MIN vs. ATL,W,26.9,0.0,2.0,0.0,8.0,9.0,1.0,11.0,24.0,0.0,1.0,4.0,2.0,31.0,1,1,1,1,10120,12059,4731,9917,3109,15771,3393,21342,8723,8004,17214,22104,7786,5406,1.0,26:53,2015,2016
2015-16,202390,Gary Neal,Gary,1610612764,WAS,Washington Wizards,21500215,2015-11-25T00:00:00,WAS @ CHA,L,27.8,4.0,0.0,6.0,0.0,11.0,9.0,2.0,26.0,0.0,1.0,3.0,2.0,26.1,1,13074,13074,13074,9392,2460,10158,740,18861,18886,19144,4025,7214,8004,17214,17641,7786,7836,1.0,27:48,2015,2016
2015-16,2449,Luis Scola,Luis,1610612761,TOR,Toronto Raptors,21500219,2015-11-25T00:00:00,TOR vs. CLE,W,30.0,4.0,0.0,0.0,8.0,6.0,8.0,5.0,22.0,0.0,0.0,1.0,0.0,26.4,1,1,1,1,7567,2460,10158,9917,3109,10028,17345,11593,10265,8004,1,4972,18762,7672,1.0,29:59,2015,2016
2015-16,203124,Kyle O'Quinn,Kyle,1610612752,NYK,New York Knicks,21500216,2015-11-25T00:00:00,NYK @ ORL,L,12.1,0.0,2.0,0.0,4.0,4.0,1.0,2.0,6.0,1.0,1.0,1.0,0.0,11.8,1,13074,13074,13074,21498,12059,4731,9917,8599,6141,3393,4025,22724,2692,17214,4972,18762,17832,1.0,12:03,2015,2016
2015-16,201609,Goran Dragic,Goran,1610612748,MIA,Miami Heat,21500218,2015-11-25T00:00:00,MIA @ DET,L,30.1,0.0,0.0,5.0,8.0,12.0,11.0,3.0,28.0,1.0,1.0,2.0,2.0,20.0,1,13074,13074,13074,7467,12059,10158,1277,3109,20178,21814,7328,5824,2692,17214,11390,7786,11752,1.0,30:05,2015,2016
2015-16,202684,Tristan Thompson,Tristan,1610612739,CLE,Cleveland Cavaliers,21500219,2015-11-25T00:00:00,CLE @ TOR,L,37.4,0.0,2.0,0.0,8.0,18.0,6.0,11.0,44.0,1.0,0.0,4.0,0.0,30.2,1,13074,13074,13074,1824,12059,4731,9917,3109,24749,13237,21342,454,2692,1,22104,18762,5751,1.0,37:24,2015,2016
2015-16,203458,Alex Len,Alex,1610612756,PHX,Phoenix Suns,21500225,2015-11-25T00:00:00,PHX vs. NOP,L,15.7,0.0,2.0,0.0,2.0,1.0,0.0,6.0,10.0,2.0,1.0,3.0,1.0,20.6,1,13074,13074,13074,19279,12059,4731,9917,12984,2356,1,13388,20209,932,17214,17641,12373,11314,1.0,15:41,2015,2016
2015-16,201167,Arron Afflalo,Arron,1610612752,NYK,New York Knicks,21500216,2015-11-25T00:00:00,NYK @ ORL,L,31.5,0.0,0.0,0.0,2.0,4.0,14.0,2.0,22.0,0.0,1.0,3.0,0.0,11.7,1,13074,13074,13074,6333,12059,10158,9917,12984,6141,24300,4025,10265,8004,17214,17641,18762,17903,1.0,31:28,2015,2016
2015-16,201580,JaVale McGee,JaVale,1610612742,DAL,Dallas Mavericks,21500224,2015-11-25T00:00:00,DAL @ SAS,L,15.8,2.0,1.0,0.0,6.0,7.0,2.0,3.0,4.0,0.0,1.0,1.0,2.0,15.2,1,13074,13074,13074,19160,6026,9709,9917,5299,12242,3734,7328,23698,8004,17214,4972,7786,15219,1.0,15:50,2015,2016
2015-16,203089,John Henson,John,1610612749,MIL,Milwaukee Bucks,21500221,2015-11-25T00:00:00,MIL vs. SAC,L,19.3,0.0,6.0,0.0,12.0,6.0,2.0,5.0,20.0,1.0,0.0,1.0,3.0,30.2,1,13074,13074,13074,16469,12059,481,9917,988,10028,3734,11593,11929,2692,1,4972,4736,5751,1.0,19:17,2015,2016
2015-16,1713,Vince Carter,Vince,1610612763,MEM,Memphis Grizzlies,21500220,2015-11-25T00:00:00,MEM @ HOU,W,14.7,0.0,0.0,0.0,0.0,6.0,1.0,6.0,8.0,0.0,0.0,2.0,0.0,12.2,1,1,1,1,19995,12059,10158,9917,18861,10028,3393,13388,21543,8004,1,11390,18762,17566,1.0,14:39,2015,2016
2015-16,2403,Nene,ene,1610612764,WAS,Washington Wizards,21500215,2015-11-25T00:00:00,WAS @ CHA,L,17.1,0.0,0.0,0.0,2.0,2.0,2.0,6.0,18.0,0.0,2.0,4.0,4.0,11.6,1,13074,13074,13074,18185,12059,10158,9917,12984,2619,3734,13388,13577,8004,23588,22104,2748,17970,1.0,17:07,2015,2016
2015-16,202322,John Wall,John,1610612764,WAS,Washington Wizards,21500215,2015-11-25T00:00:00,WAS @ CHA,L,35.6,4.0,0.0,6.0,6.0,14.0,13.0,2.0,28.0,0.0,2.0,2.0,1.0,42.0,1,13074,13074,13074,3095,2460,10158,740,5299,22292,23668,4025,5824,8004,23588,11390,12373,1936,1.0,35:33,2015,2016
2015-16,1626143,Jahlil Okafor,Jahlil,1610612755,PHI,Philadelphia 76ers,21500217,2015-11-25T00:00:00,PHI @ BOS,L,35.9,2.0,0.0,2.0,10.0,13.0,13.0,8.0,22.0,4.0,0.0,4.0,4.0,40.3,1,13074,13074,13074,2831,6026,10158,4675,1840,21300,23668,17194,10265,132,1,22104,2748,2302,1.0,35:55,2015,2016
2015-16,203488,Mike Muscala,Mike,1610612737,ATL,Atlanta Hawks,21500222,2015-11-25T00:00:00,ATL @ MIN,L,17.7,0.0,2.0,2.0,2.0,10.0,4.0,4.0,18.0,2.0,0.0,3.0,2.0,13.6,1,13074,13074,13074,17790,12059,4731,4675,12984,17370,8458,8806,13577,932,1,17641,7786,16460,1.0,17:39,2015,2016
2015-16,201577,Robin Lopez,Robin,1610612752,NYK,New York Knicks,21500216,2015-11-25T00:00:00,NYK @ ORL,L,23.4,2.0,2.0,0.0,6.0,4.0,7.0,2.0,18.0,2.0,0.0,1.0,0.0,32.9,1,13074,13074,13074,13028,6026,4731,9917,5299,6141,15642,4025,13577,932,1,4972,18762,4566,1.0,23:25,2015,2016
2015-16,202683,Enes Freedom,Enes,1610612760,OKC,Oklahoma City Thunder,21500223,2015-11-25T00:00:00,OKC vs. BKN,W,15.1,0.0,2.0,0.0,4.0,7.0,2.0,2.0,18.0,0.0,1.0,0.0,2.0,13.8,1,1,1,1,19717,12059,4731,9917,8599,12242,3734,4025,13577,8004,17214,1,7786,16311,1.0,15:03,2015,2016
2015-16,203924,Jerami Grant,Jerami,1610612755,PHI,Philadelphia 76ers,21500217,2015-11-25T00:00:00,PHI @ BOS,L,21.9,0.0,4.0,0.0,4.0,3.0,5.0,3.0,8.0,2.0,0.0,2.0,1.0,22.0,1,13074,13074,13074,14279,12059,1596,9917,8599,5109,11469,7328,21543,932,1,11390,12373,10388,1.0,21:52,2015,2016
2015-16,203506,Victor Oladipo,Victor,1610612753,ORL,Orlando Magic,21500216,2015-11-25T00:00:00,ORL vs. NYK,W,26.2,4.0,0.0,3.0,4.0,7.0,11.0,0.0,12.0,0.0,2.0,1.0,12.0,31.8,1,1,1,1,10706,2460,10158,3302,8599,12242,21814,1,18637,8004,23588,4972,27,5041,1.0,26:11,2015,2016
2015-16,201599,DeAndre Jordan,DeAndre,1610612746,LAC,LA Clippers,21500226,2015-11-25T00:00:00,LAC vs. UTA,L,31.8,0.0,2.0,0.0,6.0,20.0,8.0,6.0,30.0,4.0,2.0,3.0,7.0,39.2,1,13074,13074,13074,6048,12059,4731,9917,5299,25338,17345,13388,4541,132,23588,17641,469,2590,1.0,31:50,2015,2016
2015-16,101162,Marcin Gortat,Marcin,1610612764,WAS,Washington Wizards,21500215,2015-11-25T00:00:00,WAS @ CHA,L,30.9,4.0,2.0,2.0,10.0,14.0,13.0,2.0,28.0,2.0,0.0,3.0,3.0,38.4,1,13074,13074,13074,6818,2460,4731,4675,1840,22292,23668,4025,5824,932,1,17641,4736,2802,1.0,30:53,2015,2016
2015-16,203109,Jae Crowder,Jae,1610612738,BOS,Boston Celtics,21500217,2015-11-25T00:00:00,BOS vs. PHI,W,27.5,3.0,0.0,0.0,2.0,7.0,6.0,11.0,24.0,1.0,3.0,0.0,1.0,27.6,1,1,1,1,9648,4307,10158,9917,12984,12242,13237,21342,8723,2692,25441,1,12373,7080,1.0,27:27,2015,2016
2015-16,201152,Thaddeus Young,Thaddeus,1610612751,BKN,Brooklyn Nets,21500223,2015-11-25T00:00:00,BKN @ OKC,L,37.0,8.0,0.0,4.0,18.0,18.0,6.0,16.0,34.0,0.0,3.0,1.0,1.0,38.1,1,13074,13074,13074,2062,308,10158,1913,131,24749,13237,24641,2701,8004,25441,4972,12373,2879,1.0,37:02,2015,2016
2015-16,2730,Dwight Howard,Dwight,1610612745,HOU,Houston Rockets,21500220,2015-11-25T00:00:00,HOU vs. MEM,L,39.8,6.0,1.0,2.0,8.0,21.0,10.0,18.0,38.0,1.0,2.0,5.0,7.0,28.5,1,13074,13074,13074,779,878,9709,4675,3109,25535,20509,25228,1422,2692,23588,24686,469,6613,1.0,39:49,2015,2016
2015-16,201145,Jeff Green,Jeff,1610612763,MEM,Memphis Grizzlies,21500220,2015-11-25T00:00:00,MEM @ HOU,W,32.1,6.0,4.0,2.0,10.0,14.0,3.0,13.0,22.0,0.0,1.0,0.0,7.0,32.9,1,1,1,1,5844,878,1596,4675,1840,22292,7138,23048,10265,8004,17214,1,469,4566,1.0,32:03,2015,2016
2015-16,201569,Eric Gordon,Eric,1610612740,NOP,New Orleans Pelicans,21500225,2015-11-25T00:00:00,NOP @ PHX,W,34.7,5.0,0.0,3.0,4.0,9.0,9.0,12.0,38.0,0.0,0.0,2.0,4.0,27.7,1,1,1,1,3763,1603,10158,3302,8599,15771,19144,22259,1422,8004,1,11390,2748,7008,1.0,34:43,2015,2016
2015-16,202339,Eric Bledsoe,Eric,1610612756,PHX,Phoenix Suns,21500225,2015-11-25T00:00:00,PHX vs. NOP,L,37.4,4.0,2.0,4.0,6.0,11.0,9.0,8.0,32.0,2.0,1.0,3.0,5.0,32.9,1,13074,13074,13074,1830,2460,4731,1913,5299,18886,19144,17194,3535,932,17214,17641,1539,4566,1.0,37:24,2015,2016
2015-16,202704,Reggie Jackson,Reggie,1610612765,DET,Detroit Pistons,21500218,2015-11-25T00:00:00,DET vs. MIA,W,26.2,5.0,3.0,3.0,6.0,3.0,8.0,8.0,20.0,0.0,0.0,1.0,2.0,32.3,1,1,1,1,10655,1603,3104,3302,5299,5109,17345,17194,11929,8004,1,4972,7786,4807,1.0,26:14,2015,2016
2015-16,201188,Marc Gasol,Marc,1610612763,MEM,Memphis Grizzlies,21500220,2015-11-25T00:00:00,MEM @ HOU,W,38.6,2.0,2.0,2.0,4.0,16.0,4.0,17.0,24.0,1.0,1.0,2.0,4.0,22.4,1,1,1,1,1229,6026,4731,4675,8599,23774,8458,24967,8723,2692,17214,11390,2748,10131,1.0,38:35,2015,2016
2015-16,201583,Ryan Anderson,Ryan,1610612740,NOP,New Orleans Pelicans,21500225,2015-11-25T00:00:00,NOP @ PHX,W,37.2,2.0,7.0,2.0,8.0,7.0,4.0,18.0,42.0,0.0,0.0,1.0,6.0,27.7,1,1,1,1,1970,6026,292,4675,3109,12242,8458,25228,670,8004,1,4972,873,7008,1.0,37:11,2015,2016
2015-16,203940,Adreian Payne,Adreian,1610612750,MIN,Minnesota Timberwolves,21500222,2015-11-25T00:00:00,MIN vs. ATL,W,16.0,3.0,0.0,0.0,0.0,7.0,2.0,2.0,12.0,0.0,0.0,5.0,2.0,17.3,1,1,1,1,19007,4307,10158,9917,18861,12242,3734,4025,18637,8004,1,24686,7786,13671,1.0,16:02,2015,2016
2015-16,203471,Dennis Schröder,Dennis,1610612737,ATL,Atlanta Hawks,21500222,2015-11-25T00:00:00,ATL @ MIN,L,14.5,2.0,0.0,0.0,2.0,3.0,0.0,2.0,6.0,0.0,3.0,0.0,0.0,13.6,1,13074,13074,13074,20126,6026,10158,9917,12984,5109,1,4025,22724,8004,25441,1,18762,16460,1.0,14:28,2015,2016
2015-16,708,Kevin Garnett,Kevin,1610612750,MIN,Minnesota Timberwolves,21500222,2015-11-25T00:00:00,MIN vs. ATL,W,15.0,2.0,0.0,0.0,2.0,4.0,10.0,3.0,12.0,0.0,0.0,3.0,0.0,13.6,1,1,1,1,19760,6026,10158,9917,12984,6141,20509,7328,18637,8004,1,17641,18762,16460,1.0,14:59,2015,2016
2015-16,203477,Isaiah Canaan,Isaiah,1610612755,PHI,Philadelphia 76ers,21500217,2015-11-25T00:00:00,PHI @ BOS,L,32.4,2.0,0.0,2.0,2.0,13.0,11.0,8.0,24.0,2.0,0.0,2.0,2.0,28.0,1,13074,13074,13074,5600,6026,10158,4675,12984,21300,21814,17194,8723,932,1,11390,7786,6864,1.0,32:22,2015,2016
2015-16,2744,Al Jefferson,Al,1610612766,CHA,Charlotte Hornets,21500215,2015-11-25T00:00:00,CHA vs. WAS,W,29.9,2.0,2.0,0.0,8.0,6.0,10.0,4.0,14.0,0.0,0.0,2.0,1.0,31.7,1,1,1,1,7633,6026,4731,9917,3109,10028,20509,8806,17019,8004,1,11390,12373,5088,1.0,29:54,2015,2016
2015-16,203094,Andrew Nicholson,Andrew,1610612753,ORL,Orlando Magic,21500216,2015-11-25T00:00:00,ORL vs. NYK,W,24.9,0.0,0.0,0.0,4.0,7.0,11.0,0.0,12.0,1.0,1.0,1.0,1.0,13.9,1,1,1,1,11721,12059,10158,9917,8599,12242,21814,1,18637,2692,17214,4972,12373,16232,1.0,24:56,2015,2016
2015-16,203932,Aaron Gordon,Aaron,1610612753,ORL,Orlando Magic,21500216,2015-11-25T00:00:00,ORL vs. NYK,W,17.1,0.0,2.0,0.0,0.0,5.0,6.0,0.0,6.0,2.0,1.0,3.0,2.0,17.0,1,1,1,1,18210,12059,4731,9917,18861,8403,13237,1,22724,932,17214,17641,7786,13855,1.0,17:05,2015,2016
2015-16,1626161,Willie Cauley-Stein,Willie,1610612758,SAC,Sacramento Kings,21500221,2015-11-25T00:00:00,SAC @ MIL,W,23.4,0.0,2.0,1.0,6.0,6.0,6.0,11.0,30.0,3.0,1.0,2.0,1.0,22.0,1,1,1,1,13052,12059,4731,9347,5299,10028,13237,21342,4541,347,17214,11390,12373,10388,1.0,23:23,2015,2016
2015-16,200765,Rajon Rondo,Rajon,1610612758,SAC,Sacramento Kings,21500221,2015-11-25T00:00:00,SAC @ MIL,W,38.5,2.0,2.0,0.0,8.0,11.0,8.0,25.0,40.0,1.0,2.0,2.0,2.0,39.3,1,1,1,1,1252,6026,4731,9917,3109,18886,17345,25980,983,2692,23588,11390,7786,2563,1.0,38:32,2015,2016
2015-16,2772,Trevor Ariza,Trevor,1610612745,HOU,Houston Rockets,21500220,2015-11-25T00:00:00,HOU vs. MEM,L,39.5,2.0,0.0,0.0,4.0,21.0,10.0,18.0,38.0,0.0,0.0,4.0,2.0,27.9,1,13074,13074,13074,898,6026,10158,9917,8599,25535,20509,25228,1422,8004,1,22104,7786,6914,1.0,39:28,2015,2016
2015-16,203457,Nerlens Noel,Nerlens,1610612755,PHI,Philadelphia 76ers,21500217,2015-11-25T00:00:00,PHI @ BOS,L,34.1,0.0,2.0,1.0,2.0,16.0,12.0,5.0,22.0,1.0,1.0,3.0,2.0,17.6,1,13074,13074,13074,4292,12059,4731,9347,12984,23774,22832,11593,10265,2692,17214,17641,7786,13443,1.0,34:04,2015,2016
2015-16,203497,Rudy Gobert,Rudy,1610612762,UTA,Utah Jazz,21500226,2015-11-25T00:00:00,UTA @ LAC,W,38.0,3.0,7.0,0.0,8.0,10.0,8.0,9.0,30.0,2.0,0.0,2.0,5.0,32.7,1,1,1,1,1529,4307,292,9917,3109,17370,17345,18829,4541,932,1,11390,1539,4649,1.0,37:57,2015,2016
2015-16,202340,Avery Bradley,Avery,1610612738,BOS,Boston Celtics,21500217,2015-11-25T00:00:00,BOS vs. PHI,W,37.0,0.0,0.0,3.0,2.0,7.0,8.0,13.0,24.0,0.0,1.0,2.0,2.0,17.7,1,1,1,1,2097,12059,10158,3302,12984,12242,17345,23048,8723,8004,17214,11390,7786,13380,1.0,36:58,2015,2016
2015-16,203526,Raul Neto,Raul,1610612762,UTA,Utah Jazz,21500226,2015-11-25T00:00:00,UTA @ LAC,W,25.9,4.0,0.0,4.0,4.0,2.0,8.0,4.0,26.0,0.0,1.0,3.0,3.0,28.2,1,1,1,1,10918,2460,10158,1913,8599,2619,17345,8806,7214,8004,17214,17641,4736,6778,1.0,25:54,2015,2016
2015-16,2440,Matt Barnes,Matt,1610612763,MEM,Memphis Grizzlies,21500220,2015-11-25T00:00:00,MEM @ HOU,W,30.8,2.0,0.0,5.0,4.0,14.0,5.0,15.0,30.0,0.0,0.0,3.0,1.0,28.1,1,1,1,1,6857,6026,10158,1277,8599,22292,11469,24242,4541,8004,1,17641,12373,6818,1.0,30:51,2015,2016
2015-16,203099,Jared Cunningham,Jared,1610612739,CLE,Cleveland Cavaliers,21500219,2015-11-25T00:00:00,CLE @ TOR,L,20.7,3.0,3.0,0.0,0.0,9.0,4.0,5.0,26.0,0.0,2.0,2.0,0.0,13.6,1,13074,13074,13074,15302,4307,3104,9917,18861,15771,8458,11593,7214,8004,23588,11390,18762,16460,1.0,20:43,2015,2016
2015-16,201952,Jeff Teague,Jeff,1610612737,ATL,Atlanta Hawks,21500222,2015-11-25T00:00:00,ATL @ MIN,L,33.8,0.0,0.0,3.0,12.0,11.0,10.0,4.0,30.0,0.0,0.0,2.0,5.0,39.5,1,13074,13074,13074,4537,12059,10158,3302,988,18886,20509,8806,4541,8004,1,11390,1539,2497,1.0,33:46,2015,2016
2015-16,2746,Josh Smith,Josh,1610612746,LAC,LA Clippers,21500226,2015-11-25T00:00:00,LAC vs. UTA,L,16.7,1.0,0.0,3.0,6.0,9.0,13.0,0.0,14.0,1.0,0.0,2.0,2.0,17.5,1,13074,13074,13074,18521,11535,10158,3302,5299,15771,23668,1,17019,2692,1,11390,7786,13528,1.0,16:40,2015,2016
2015-16,201956,Omri Casspi,Omri,1610612758,SAC,Sacramento Kings,21500221,2015-11-25T00:00:00,SAC @ MIL,W,30.6,0.0,0.0,1.0,6.0,5.0,10.0,15.0,28.0,0.0,1.0,3.0,3.0,37.9,1,1,1,1,7053,12059,10158,9347,5299,8403,20509,24242,5824,8004,17214,17641,4736,2931,1.0,30:34,2015,2016
2015-16,101114,Deron Williams,Deron,1610612742,DAL,Dallas Mavericks,21500224,2015-11-25T00:00:00,DAL @ SAS,L,36.4,0.0,0.0,2.0,8.0,9.0,8.0,7.0,24.0,1.0,1.0,0.0,0.0,38.5,1,13074,13074,13074,2452,12059,10158,4675,3109,15771,17345,15538,8723,2692,17214,1,18762,2771,1.0,36:25,2015,2016
2015-16,203118,Mike Scott,Mike,1610612737,ATL,Atlanta Hawks,21500222,2015-11-25T00:00:00,ATL @ MIN,L,13.1,0.0,0.0,0.0,2.0,0.0,0.0,0.0,8.0,1.0,0.0,0.0,1.0,7.5,1,13074,13074,13074,20918,12059,10158,9917,12984,1,1,1,21543,2692,1,1,12373,20874,1.0,13:06,2015,2016
2015-16,201572,Brook Lopez,Brook,1610612751,BKN,Brooklyn Nets,21500223,2015-11-25T00:00:00,BKN @ OKC,L,33.8,2.0,10.0,0.0,16.0,16.0,4.0,18.0,34.0,2.0,1.0,3.0,2.0,47.6,1,13074,13074,13074,4483,6026,34,9917,275,23774,8458,25228,2701,932,17214,17641,7786,1003,1.0,33:50,2015,2016
2015-16,202720,Jon Leuer,Jon,1610612756,PHX,Phoenix Suns,21500225,2015-11-25T00:00:00,PHX vs. NOP,L,25.0,0.0,2.0,0.0,8.0,5.0,9.0,7.0,24.0,0.0,0.0,4.0,0.0,35.9,1,13074,13074,13074,11640,12059,4731,9917,3109,8403,19144,15538,8723,8004,1,22104,18762,3505,1.0,25:03,2015,2016
2015-16,203501,Tim Hardaway Jr.,Tim,1610612737,ATL,Atlanta Hawks,21500222,2015-11-25T00:00:00,ATL @ MIN,L,11.8,2.0,0.0,2.0,0.0,2.0,0.0,0.0,4.0,1.0,0.0,0.0,1.0,7.4,1,13074,13074,13074,21677,6026,10158,4675,18861,2619,1,1,23698,2692,1,1,12373,20912,1.0,11:49,2015,2016
2015-16,203487,Michael Carter-Williams,Michael,1610612749,MIL,Milwaukee Bucks,21500221,2015-11-25T00:00:00,MIL vs. SAC,L,27.6,2.0,0.0,2.0,0.0,12.0,8.0,14.0,38.0,0.0,0.0,1.0,2.0,7.5,1,13074,13074,13074,9529,6026,10158,4675,18861,20178,17345,23710,1422,8004,1,4972,7786,20874,1.0,27:37,2015,2016
2015-16,202696,Nikola Vučević,Nikola,1610612753,ORL,Orlando Magic,21500216,2015-11-25T00:00:00,ORL vs. NYK,W,31.8,4.0,4.0,0.0,14.0,6.0,13.0,0.0,18.0,2.0,2.0,4.0,1.0,46.4,1,1,1,1,6058,2460,1596,9917,542,10028,23668,1,13577,932,23588,22104,12373,1149,1.0,31:50,2015,2016
2015-16,202688,Brandon Knight,Brandon,1610612756,PHX,Phoenix Suns,21500225,2015-11-25T00:00:00,PHX vs. NOP,L,42.4,5.0,3.0,6.0,10.0,9.0,2.0,11.0,38.0,0.0,0.0,1.0,8.0,59.8,1,13074,13074,13074,263,1603,3104,740,1840,15771,3734,21342,1422,8004,1,4972,254,219,1.0,42:23,2015,2016
2015-16,200746,LaMarcus Aldridge,LaMarcus,1610612759,SAS,San Antonio Spurs,21500224,2015-11-25T00:00:00,SAS vs. DAL,W,34.6,0.0,6.0,0.0,8.0,13.0,0.0,9.0,24.0,1.0,1.0,1.0,3.0,29.9,1,1,1,1,3837,12059,481,9917,3109,21300,1,18829,8723,2692,17214,4972,4736,5884,1.0,34:39,2015,2016
2015-16,200768,Kyle Lowry,Kyle,1610612761,TOR,Toronto Raptors,21500219,2015-11-25T00:00:00,TOR vs. CLE,W,37.6,5.0,0.0,9.0,16.0,5.0,7.0,5.0,26.0,1.0,0.0,2.0,9.0,54.6,1,1,1,1,1709,1603,10158,184,275,8403,15642,11593,7214,2692,1,11390,138,413,1.0,37:35,2015,2016
2015-16,201935,James Harden,James,1610612745,HOU,Houston Rockets,21500220,2015-11-25T00:00:00,HOU vs. MEM,L,40.9,12.0,3.0,15.0,12.0,17.0,8.0,20.0,36.0,1.0,1.0,2.0,10.0,61.5,1,13074,13074,13074,507,27,3104,9,988,24337,17345,25599,1943,2692,17214,11390,76,163,1.0,40:54,2015,2016
2015-16,201933,Blake Griffin,Blake,1610612746,LAC,LA Clippers,21500226,2015-11-25T00:00:00,LAC vs. UTA,L,38.7,8.0,3.0,6.0,18.0,19.0,14.0,6.0,36.0,2.0,0.0,2.0,6.0,61.9,1,13074,13074,13074,1195,308,3104,740,131,25074,24300,13388,1943,932,1,11390,873,148,1.0,38:41,2015,2016
2015-16,201950,Jrue Holiday,Jrue,1610612740,NOP,New Orleans Pelicans,21500225,2015-11-25T00:00:00,NOP @ PHX,W,25.0,0.0,0.0,3.0,10.0,9.0,7.0,13.0,22.0,1.0,2.0,4.0,4.0,29.9,1,1,1,1,11656,12059,10158,3302,1840,15771,15642,23048,10265,2692,23588,22104,2748,5884,1.0,25:01,2015,2016
2015-16,202738,Isaiah Thomas,Isaiah,1610612738,BOS,Boston Celtics,21500217,2015-11-25T00:00:00,BOS vs. PHI,W,38.5,10.0,6.0,5.0,6.0,9.0,8.0,10.0,28.0,0.0,3.0,1.0,7.0,43.8,1,1,1,1,1279,99,481,1277,5299,15771,17345,20169,5824,8004,25441,4972,469,1587,1.0,38:30,2015,2016
2015-16,203499,Shane Larkin,Shane,1610612751,BKN,Brooklyn Nets,21500223,2015-11-25T00:00:00,BKN @ OKC,L,25.5,0.0,0.0,2.0,2.0,9.0,2.0,8.0,22.0,0.0,0.0,2.0,1.0,24.8,1,13074,13074,13074,11302,12059,10158,4675,12984,15771,3734,17194,10265,8004,1,11390,12373,8614,1.0,25:29,2015,2016
2015-16,202330,Gordon Hayward,Gordon,1610612762,UTA,Utah Jazz,21500226,2015-11-25T00:00:00,UTA @ LAC,W,40.1,7.0,6.0,0.0,8.0,7.0,8.0,10.0,28.0,0.0,2.0,2.0,6.0,49.4,1,1,1,1,719,548,481,9917,3109,12242,17345,20169,5824,8004,23588,11390,873,819,1.0,40:03,2015,2016
2015-16,203496,Robert Covington,Robert,1610612755,PHI,Philadelphia 76ers,21500217,2015-11-25T00:00:00,PHI @ BOS,L,35.5,7.0,2.0,3.0,4.0,13.0,14.0,5.0,20.0,2.0,3.0,5.0,1.0,47.8,1,13074,13074,13074,3183,548,4731,3302,8599,21300,24300,11593,11929,932,25441,24686,12373,979,1.0,35:27,2015,2016
2015-16,202695,Kawhi Leonard,Kawhi,1610612759,SAS,San Antonio Spurs,21500224,2015-11-25T00:00:00,SAS vs. DAL,W,40.4,5.0,2.0,0.0,2.0,15.0,1.0,11.0,36.0,0.0,0.0,0.0,5.0,47.1,1,1,1,1,619,1603,4731,9917,12984,23079,3393,21342,1943,8004,1,1,1539,1066,1.0,40:26,2015,2016
2015-16,2754,Tony Allen,Tony,1610612763,MEM,Memphis Grizzlies,21500220,2015-11-25T00:00:00,MEM @ HOU,W,28.4,4.0,2.0,4.0,10.0,10.0,4.0,9.0,10.0,1.0,1.0,3.0,0.0,24.5,1,1,1,1,8875,2460,4731,1913,1840,17370,8458,18829,20209,2692,17214,17641,18762,8801,1.0,28:27,2015,2016
2015-16,201573,Jerryd Bayless,Jerryd,1610612749,MIL,Milwaukee Bucks,21500221,2015-11-25T00:00:00,MIL vs. SAC,L,35.9,3.0,0.0,5.0,2.0,12.0,4.0,8.0,22.0,0.0,1.0,2.0,2.0,35.8,1,13074,13074,13074,2819,4307,10158,1277,12984,20178,8458,17194,10265,8004,17214,11390,7786,3541,1.0,35:55,2015,2016
2015-16,202397,Ish Smith,Ish,1610612740,NOP,New Orleans Pelicans,21500225,2015-11-25T00:00:00,NOP @ PHX,W,35.5,3.0,0.0,0.0,6.0,7.0,8.0,20.0,44.0,0.0,2.0,4.0,1.0,43.5,1,1,1,1,3109,4307,10158,9917,5299,12242,17345,25599,454,8004,23588,22104,12373,1646,1.0,35:32,2015,2016
2015-16,201587,Nicolas Batum,Nicolas,1610612766,CHA,Charlotte Hornets,21500215,2015-11-25T00:00:00,CHA vs. WAS,W,33.7,6.0,3.0,2.0,2.0,10.0,10.0,10.0,22.0,0.0,1.0,1.0,1.0,44.9,1,1,1,1,4577,878,3104,4675,12984,17370,20509,20169,10265,8004,17214,4972,12373,1380,1.0,33:43,2015,2016
2015-16,101108,Chris Paul,Chris,1610612746,LAC,LA Clippers,21500226,2015-11-25T00:00:00,LAC vs. UTA,L,34.9,2.0,5.0,3.0,6.0,19.0,10.0,6.0,34.0,0.0,1.0,3.0,2.0,49.0,1,13074,13074,13074,3592,6026,995,3302,5299,25074,20509,13388,2701,8004,17214,17641,7786,862,1.0,34:56,2015,2016
2015-16,202355,Hassan Whiteside,Hassan,1610612748,MIA,Miami Heat,21500218,2015-11-25T00:00:00,MIA @ DET,L,29.6,1.0,6.0,1.0,12.0,12.0,11.0,3.0,28.0,3.0,1.0,2.0,1.0,36.6,1,13074,13074,13074,7866,11535,481,9347,988,20178,21814,7328,5824,347,17214,11390,12373,3288,1.0,29:37,2015,2016
2015-16,201954,Darren Collison,Darren,1610612758,SAC,Sacramento Kings,21500221,2015-11-25T00:00:00,SAC @ MIL,W,26.1,0.0,0.0,2.0,0.0,3.0,6.0,7.0,26.0,0.0,1.0,2.0,4.0,23.9,1,1,1,1,10801,12059,10158,4675,18861,5109,13237,15538,7214,8004,17214,11390,2748,9184,1.0,26:04,2015,2016
2015-16,201566,Russell Westbrook,Russell,1610612760,OKC,Oklahoma City Thunder,21500223,2015-11-25T00:00:00,OKC vs. BKN,W,35.2,10.0,4.0,14.0,16.0,17.0,14.0,12.0,46.0,0.0,0.0,1.0,7.0,65.7,1,1,1,1,3357,99,1596,20,275,24337,24300,22259,298,8004,1,4972,469,86,1.0,35:14,2015,2016
2015-16,200752,Rudy Gay,Rudy,1610612758,SAC,Sacramento Kings,21500221,2015-11-25T00:00:00,SAC @ MIL,W,36.1,8.0,2.0,4.0,12.0,8.0,6.0,25.0,40.0,1.0,1.0,4.0,6.0,51.0,1,1,1,1,2686,308,4731,1913,988,13914,13237,25980,983,2692,17214,22104,873,656,1.0,36:05,2015,2016
2015-16,202324,Derrick Favors,Derrick,1610612762,UTA,Utah Jazz,21500226,2015-11-25T00:00:00,UTA @ LAC,W,32.8,6.0,4.0,0.0,12.0,4.0,10.0,11.0,26.0,0.0,2.0,3.0,1.0,36.6,1,1,1,1,5301,878,1596,9917,988,6141,20509,21342,7214,8004,23588,17641,12373,3288,1.0,32:45,2015,2016
2015-16,203083,Andre Drummond,Andre,1610612765,DET,Detroit Pistons,21500218,2015-11-25T00:00:00,DET vs. MIA,W,32.7,4.0,8.0,0.0,18.0,3.0,8.0,9.0,28.0,5.0,4.0,0.0,1.0,62.0,1,1,1,1,5350,2460,137,9917,131,5109,17345,18829,5824,59,25926,1,12373,141,1.0,32:41,2015,2016
2015-16,202694,Marcus Morris Sr.,Marcus,1610612765,DET,Detroit Pistons,21500218,2015-11-25T00:00:00,DET vs. MIA,W,36.1,3.0,0.0,0.0,2.0,3.0,6.0,7.0,30.0,0.0,0.0,1.0,1.0,24.2,1,1,1,1,2669,4307,10158,9917,12984,5109,13237,15538,4541,8004,1,4972,12373,9009,1.0,36:06,2015,2016
2015-16,2546,Carmelo Anthony,Carmelo,1610612752,NYK,New York Knicks,21500216,2015-11-25T00:00:00,NYK @ ORL,L,35.3,2.0,9.0,0.0,2.0,4.0,10.0,3.0,24.0,0.0,3.0,4.0,7.0,47.9,1,13074,13074,13074,3321,6026,77,9917,12984,6141,20509,7328,8723,8004,25441,22104,469,970,1.0,35:17,2015,2016
2015-16,201567,Kevin Love,Kevin,1610612739,CLE,Cleveland Cavaliers,21500219,2015-11-25T00:00:00,CLE @ TOR,L,35.2,3.0,5.0,0.0,2.0,13.0,4.0,10.0,34.0,0.0,0.0,5.0,2.0,36.6,1,13074,13074,13074,3409,4307,995,9917,12984,21300,8458,20169,2701,8004,1,24686,7786,3288,1.0,35:11,2015,2016
2015-16,200794,Paul Millsap,Paul,1610612737,ATL,Atlanta Hawks,21500222,2015-11-25T00:00:00,ATL @ MIN,L,31.6,0.0,6.0,0.0,6.0,9.0,10.0,6.0,28.0,1.0,1.0,4.0,7.0,45.0,1,13074,13074,13074,6210,12059,481,9917,5299,15771,20509,13388,5824,2692,17214,22104,469,1357,1.0,31:37,2015,2016
2015-16,2747,JR Smith,JR,1610612739,CLE,Cleveland Cavaliers,21500219,2015-11-25T00:00:00,CLE @ TOR,L,35.6,0.0,0.0,0.0,4.0,13.0,5.0,10.0,40.0,0.0,1.0,4.0,1.0,29.4,1,13074,13074,13074,3095,12059,10158,9917,8599,21300,11469,20169,983,8004,17214,22104,12373,6143,1.0,35:33,2015,2016
2015-16,201142,Kevin Durant,Kevin,1610612760,OKC,Oklahoma City Thunder,21500223,2015-11-25T00:00:00,OKC vs. BKN,W,37.2,2.0,0.0,2.0,8.0,17.0,14.0,12.0,48.0,3.0,0.0,0.0,2.0,50.7,1,1,1,1,1973,6026,10158,4675,3109,24337,24300,22259,192,347,1,1,7786,677,1.0,37:11,2015,2016
2015-16,203076,Anthony Davis,Anthony,1610612740,NOP,New Orleans Pelicans,21500225,2015-11-25T00:00:00,NOP @ PHX,W,39.1,1.0,2.0,2.0,14.0,12.0,11.0,14.0,42.0,2.0,0.0,3.0,6.0,54.4,1,1,1,1,1052,11535,4731,4675,542,20178,21814,23710,670,932,1,17641,873,426,1.0,39:03,2015,2016
2015-16,202687,Bismack Biyombo,Bismack,1610612761,TOR,Toronto Raptors,21500219,2015-11-25T00:00:00,TOR vs. CLE,W,32.9,0.0,6.0,1.0,8.0,5.0,7.0,2.0,20.0,0.0,0.0,2.0,5.0,24.4,1,1,1,1,5227,12059,481,9347,3109,8403,15642,4025,11929,8004,1,11390,1539,8867,1.0,32:52,2015,2016
2015-16,2225,Tony Parker,Tony,1610612759,SAS,San Antonio Spurs,21500224,2015-11-25T00:00:00,SAS vs. DAL,W,35.5,2.0,0.0,4.0,10.0,13.0,1.0,7.0,26.0,0.0,0.0,0.0,2.0,36.6,1,1,1,1,3165,6026,10158,1913,1840,21300,3393,15538,7214,8004,1,1,7786,3288,1.0,35:28,2015,2016
2015-16,203507,Giannis Antetokounmpo,Giannis,1610612749,MIL,Milwaukee Bucks,21500221,2015-11-25T00:00:00,MIL vs. SAC,L,30.3,0.0,6.0,2.0,12.0,12.0,10.0,9.0,30.0,2.0,2.0,6.0,5.0,36.0,1,13074,13074,13074,7248,12059,481,4675,988,20178,20509,18829,4541,932,23588,25827,1539,3463,1.0,30:19,2015,2016
2015-16,203500,Steven Adams,Steven,1610612760,OKC,Oklahoma City Thunder,21500223,2015-11-25T00:00:00,OKC vs. BKN,W,21.7,2.0,0.0,0.0,4.0,13.0,8.0,8.0,34.0,2.0,0.0,3.0,2.0,19.3,1,1,1,1,14421,6026,10158,9917,8599,21300,17345,17194,2701,932,1,17641,7786,12228,1.0,21:44,2015,2016
2015-16,203087,Jeremy Lamb,Jeremy,1610612766,CHA,Charlotte Hornets,21500215,2015-11-25T00:00:00,CHA vs. WAS,W,31.8,0.0,0.0,0.0,4.0,12.0,0.0,14.0,16.0,1.0,0.0,2.0,2.0,33.9,1,1,1,1,6074,12059,10158,9917,8599,20178,1,23710,15259,2692,1,11390,7786,4208,1.0,31:48,2015,2016
2015-16,204014,Damjan Rudez,Damjan,1610612750,MIN,Minnesota Timberwolves,21500222,2015-11-25T00:00:00,MIN vs. ATL,W,17.0,0.0,0.0,0.0,2.0,4.0,1.0,8.0,16.0,0.0,0.0,2.0,1.0,14.2,1,1,1,1,18295,12059,10158,9917,12984,6141,3393,17194,15259,8004,1,11390,12373,16003,1.0,16:59,2015,2016
2015-16,202344,Trevor Booker,Trevor,1610612762,UTA,Utah Jazz,21500226,2015-11-25T00:00:00,UTA @ LAC,W,18.2,0.0,2.0,0.0,2.0,7.0,3.0,5.0,14.0,0.0,0.0,2.0,0.0,10.3,1,1,1,1,17330,12059,4731,9917,12984,12242,7138,11593,17019,8004,1,11390,18762,18965,1.0,18:14,2015,2016
2015-16,2548,Dwyane Wade,Dwyane,1610612748,MIA,Miami Heat,21500218,2015-11-25T00:00:00,MIA @ DET,L,23.4,0.0,0.0,2.0,0.0,12.0,9.0,3.0,22.0,2.0,1.0,0.0,3.0,14.4,1,13074,13074,13074,13018,12059,10158,4675,18861,20178,19144,7328,10265,932,17214,1,4736,15857,1.0,23:26,2015,2016
2015-16,1717,Dirk Nowitzki,Dirk,1610612742,DAL,Dallas Mavericks,21500224,2015-11-25T00:00:00,DAL @ SAS,L,35.4,0.0,0.0,0.0,4.0,10.0,6.0,6.0,14.0,0.0,0.0,2.0,2.0,34.8,1,13074,13074,13074,3224,12059,10158,9917,8599,17370,13237,13388,17019,8004,1,11390,7786,3891,1.0,35:24,2015,2016
2015-16,201585,Kosta Koufos,Kosta,1610612758,SAC,Sacramento Kings,21500221,2015-11-25T00:00:00,SAC @ MIL,W,35.1,0.0,4.0,0.0,8.0,11.0,8.0,26.0,38.0,2.0,0.0,2.0,2.0,33.8,1,1,1,1,3440,12059,1596,9917,3109,18886,17345,26007,1422,932,1,11390,7786,4244,1.0,35:08,2015,2016
2015-16,203934,Lamar Patterson,Lamar,1610612737,ATL,Atlanta Hawks,21500222,2015-11-25T00:00:00,ATL @ MIN,L,16.4,2.0,0.0,0.0,2.0,3.0,2.0,4.0,16.0,0.0,0.0,4.0,1.0,10.1,1,13074,13074,13074,18699,6026,10158,9917,12984,5109,3734,8806,15259,8004,1,22104,12373,19105,1.0,16:26,2015,2016
2015-16,203901,Elfrid Payton,Elfrid,1610612753,ORL,Orlando Magic,21500216,2015-11-25T00:00:00,ORL vs. NYK,W,35.5,0.0,2.0,0.0,6.0,9.0,11.0,0.0,20.0,0.0,2.0,2.0,1.0,33.7,1,1,1,1,3104,12059,4731,9917,5299,15771,21814,1,11929,8004,23588,11390,12373,4280,1.0,35:33,2015,2016
2015-16,2592,James Jones,James,1610612739,CLE,Cleveland Cavaliers,21500219,2015-11-25T00:00:00,CLE @ TOR,L,15.3,0.0,0.0,0.0,0.0,5.0,4.0,2.0,22.0,0.0,0.0,1.0,0.0,9.9,1,13074,13074,13074,19558,12059,10158,9917,18861,8403,8458,4025,10265,8004,1,4972,18762,19247,1.0,15:18,2015,2016
2015-16,201937,Ricky Rubio,Ricky,1610612750,MIN,Minnesota Timberwolves,21500222,2015-11-25T00:00:00,MIN vs. ATL,W,21.1,0.0,2.0,0.0,0.0,6.0,12.0,2.0,16.0,0.0,0.0,1.0,1.0,19.6,1,1,1,1,14960,12059,4731,9917,18861,10028,22832,4025,15259,8004,1,4972,12373,12024,1.0,21:07,2015,2016
2015-16,203096,Jared Sullinger,Jared,1610612738,BOS,Boston Celtics,21500217,2015-11-25T00:00:00,BOS vs. PHI,W,32.4,2.0,2.0,0.0,4.0,9.0,6.0,8.0,22.0,1.0,1.0,3.0,0.0,33.5,1,1,1,1,5583,6026,4731,9917,8599,15771,13237,17194,10265,2692,17214,17641,18762,4348,1.0,32:23,2015,2016
2015-16,201147,Corey Brewer,Corey,1610612745,HOU,Houston Rockets,21500220,2015-11-25T00:00:00,HOU vs. MEM,L,26.9,0.0,0.0,0.0,0.0,7.0,6.0,4.0,18.0,0.0,0.0,3.0,2.0,19.0,1,13074,13074,13074,10120,12059,10158,9917,18861,12242,13237,8806,13577,8004,1,17641,7786,12440,1.0,26:53,2015,2016
2015-16,201143,Al Horford,Al,1610612737,ATL,Atlanta Hawks,21500222,2015-11-25T00:00:00,ATL @ MIN,L,33.6,1.0,2.0,4.0,10.0,9.0,6.0,2.0,18.0,1.0,0.0,2.0,3.0,33.4,1,13074,13074,13074,4644,11535,4731,1913,1840,15771,13237,4025,13577,2692,1,11390,4736,4384,1.0,33:38,2015,2016
2015-16,203918,Rodney Hood,Rodney,1610612762,UTA,Utah Jazz,21500226,2015-11-25T00:00:00,UTA @ LAC,W,30.6,6.0,2.0,2.0,6.0,10.0,11.0,9.0,24.0,0.0,0.0,4.0,3.0,23.3,1,1,1,1,7022,878,4731,4675,5299,17370,21814,18829,8723,8004,1,22104,4736,9567,1.0,30:36,2015,2016
2015-16,203515,Phil Pressey,Phil,1610612755,PHI,Philadelphia 76ers,21500217,2015-11-25T00:00:00,PHI @ BOS,L,18.0,4.0,0.0,4.0,6.0,3.0,7.0,3.0,6.0,0.0,1.0,1.0,0.0,19.6,1,13074,13074,13074,17537,2460,10158,1913,5299,5109,15642,7328,22724,8004,17214,4972,18762,12024,1.0,17:59,2015,2016
2015-16,203079,Dion Waiters,Dion,1610612760,OKC,Oklahoma City Thunder,21500223,2015-11-25T00:00:00,OKC vs. BKN,W,27.4,0.0,0.0,0.0,2.0,11.0,4.0,6.0,30.0,0.0,0.0,2.0,3.0,23.6,1,1,1,1,9712,12059,10158,9917,12984,18886,8458,13388,4541,8004,1,11390,4736,9377,1.0,27:23,2015,2016
2015-16,203991,Clint Capela,Clint,1610612745,HOU,Houston Rockets,21500220,2015-11-25T00:00:00,HOU vs. MEM,L,8.2,0.0,2.0,0.0,6.0,0.0,2.0,2.0,6.0,3.0,0.0,2.0,0.0,24.9,1,13074,13074,13074,23119,12059,4731,9917,5299,1,3734,4025,22724,347,1,11390,18762,8553,1.0,8:11,2015,2016
2015-16,202349,Greivis Vasquez,Greivis,1610612749,MIL,Milwaukee Bucks,21500221,2015-11-25T00:00:00,MIL vs. SAC,L,15.8,0.0,0.0,3.0,2.0,6.0,2.0,2.0,8.0,0.0,0.0,1.0,1.0,18.9,1,13074,13074,13074,19205,12059,10158,3302,12984,10028,3734,4025,21543,8004,1,4972,12373,12513,1.0,15:47,2015,2016
2015-16,1626178,Rondae Hollis-Jefferson,Rondae,1610612751,BKN,Brooklyn Nets,21500223,2015-11-25T00:00:00,BKN @ OKC,L,28.4,7.0,2.0,6.0,6.0,12.0,4.0,12.0,28.0,0.0,0.0,3.0,3.0,25.7,1,13074,13074,13074,8949,548,4731,740,5299,20178,8458,22259,5824,8004,1,17641,4736,8088,1.0,28:23,2015,2016
2015-16,201158,Marco Belinelli,Marco,1610612758,SAC,Sacramento Kings,21500221,2015-11-25T00:00:00,SAC @ MIL,W,23.0,6.0,0.0,2.0,2.0,3.0,10.0,12.0,28.0,0.0,0.0,0.0,2.0,25.7,1,1,1,1,13361,878,10158,4675,12984,5109,20509,22259,5824,8004,1,1,7786,8088,1.0,23:01,2015,2016
2015-16,202328,Greg Monroe,Greg,1610612749,MIL,Milwaukee Bucks,21500221,2015-11-25T00:00:00,MIL vs. SAC,L,28.7,0.0,0.0,2.0,10.0,12.0,8.0,11.0,26.0,4.0,2.0,4.0,1.0,34.9,1,13074,13074,13074,8624,12059,10158,4675,1840,20178,17345,21342,7214,132,23588,22104,12373,3845,1.0,28:43,2015,2016
2015-16,203953,Jabari Parker,Jabari,1610612749,MIL,Milwaukee Bucks,21500221,2015-11-25T00:00:00,MIL vs. SAC,L,21.2,4.0,0.0,4.0,6.0,8.0,8.0,11.0,32.0,0.0,1.0,0.0,3.0,18.9,1,13074,13074,13074,14897,2460,10158,1913,5299,13914,17345,21342,3535,8004,17214,1,4736,12513,1.0,21:11,2015,2016
2015-16,201144,Mike Conley,Mike,1610612763,MEM,Memphis Grizzlies,21500220,2015-11-25T00:00:00,MEM @ HOU,W,33.3,0.0,0.0,3.0,2.0,16.0,5.0,15.0,28.0,0.0,0.0,2.0,5.0,25.7,1,1,1,1,4899,12059,10158,3302,12984,23774,11469,24242,5824,8004,1,11390,1539,8088,1.0,33:17,2015,2016
2015-16,2547,Chris Bosh,Chris,1610612748,MIA,Miami Heat,21500218,2015-11-25T00:00:00,MIA @ DET,L,30.3,0.0,0.0,0.0,2.0,10.0,11.0,5.0,24.0,0.0,0.0,1.0,1.0,23.6,1,13074,13074,13074,7262,12059,10158,9917,12984,17370,21814,11593,8723,8004,1,4972,12373,9377,1.0,30:18,2015,2016
2015-16,101123,Gerald Green,Gerald,1610612748,MIA,Miami Heat,21500218,2015-11-25T00:00:00,MIA @ DET,L,38.3,2.0,2.0,1.0,8.0,15.0,15.0,3.0,34.0,1.0,1.0,3.0,1.0,23.5,1,13074,13074,13074,1372,6026,4731,9347,3109,23079,24781,7328,2701,2692,17214,17641,12373,9452,1.0,38:18,2015,2016
2015-16,203078,Bradley Beal,Bradley,1610612764,WAS,Washington Wizards,21500215,2015-11-25T00:00:00,WAS @ CHA,L,37.8,2.0,3.0,0.0,2.0,14.0,13.0,6.0,34.0,1.0,0.0,1.0,2.0,25.8,1,13074,13074,13074,1619,6026,3104,9917,12984,22292,23668,13388,2701,2692,1,4972,7786,8022,1.0,37:46,2015,2016
2015-16,101109,Raymond Felton,Raymond,1610612742,DAL,Dallas Mavericks,21500224,2015-11-25T00:00:00,DAL @ SAS,L,37.2,3.0,0.0,0.0,2.0,9.0,4.0,5.0,16.0,0.0,1.0,1.0,0.0,19.3,1,13074,13074,13074,1973,4307,10158,9917,12984,15771,8458,11593,15259,8004,17214,4972,18762,12228,1.0,37:11,2015,2016
2015-16,202699,Tobias Harris,Tobias,1610612753,ORL,Orlando Magic,21500216,2015-11-25T00:00:00,ORL vs. NYK,W,33.5,2.0,7.0,2.0,4.0,6.0,11.0,0.0,20.0,1.0,0.0,2.0,4.0,34.0,1,1,1,1,4715,6026,292,4675,8599,10028,21814,1,11929,2692,1,11390,2748,4162,1.0,33:33,2015,2016
2015-16,1495,Tim Duncan,Tim,1610612759,SAS,San Antonio Spurs,21500224,2015-11-25T00:00:00,SAS vs. DAL,W,28.2,0.0,0.0,0.0,2.0,11.0,1.0,3.0,16.0,2.0,0.0,2.0,0.0,22.8,1,1,1,1,9113,12059,10158,9917,12984,18886,3393,7328,15259,932,1,11390,18762,9883,1.0,28:09,2015,2016
2015-16,202693,Markieff Morris,Markieff,1610612756,PHX,Phoenix Suns,21500225,2015-11-25T00:00:00,PHX vs. NOP,L,30.1,2.0,2.0,2.0,6.0,9.0,2.0,6.0,26.0,1.0,1.0,2.0,1.0,25.1,1,13074,13074,13074,7465,6026,4731,4675,5299,15771,3734,13388,7214,2692,17214,11390,12373,8429,1.0,30:05,2015,2016
2015-16,2590,Mo Williams,Mo,1610612739,CLE,Cleveland Cavaliers,21500219,2015-11-25T00:00:00,CLE @ TOR,L,31.6,0.0,0.0,3.0,4.0,11.0,6.0,7.0,36.0,1.0,0.0,1.0,2.0,23.1,1,13074,13074,13074,6210,12059,10158,3302,8599,18886,13237,15538,1943,2692,1,4972,7786,9699,1.0,31:37,2015,2016
2015-16,200826,J.J. Barea,J.J.,1610612742,DAL,Dallas Mavericks,21500224,2015-11-25T00:00:00,DAL @ SAS,L,12.6,0.0,0.0,0.0,4.0,1.0,0.0,5.0,4.0,0.0,0.0,1.0,2.0,14.5,1,13074,13074,13074,21207,12059,10158,9917,8599,2356,1,11593,23698,8004,1,4972,7786,15799,1.0,12:36,2015,2016
2015-16,203114,Khris Middleton,Khris,1610612749,MIL,Milwaukee Bucks,21500221,2015-11-25T00:00:00,MIL vs. SAC,L,24.3,2.0,0.0,8.0,2.0,8.0,6.0,12.0,32.0,0.0,0.0,5.0,2.0,34.4,1,13074,13074,13074,12350,6026,10158,280,12984,13914,13237,22259,3535,8004,1,24686,7786,4029,1.0,24:15,2015,2016
2015-16,203933,T.J. Warren,T.J.,1610612756,PHX,Phoenix Suns,21500225,2015-11-25T00:00:00,PHX vs. NOP,L,27.3,0.0,0.0,7.0,14.0,2.0,7.0,10.0,30.0,0.0,1.0,4.0,2.0,19.2,1,13074,13074,13074,9763,12059,10158,454,542,2619,15642,20169,4541,8004,17214,22104,7786,12284,1.0,27:18,2015,2016
2015-16,101181,Jose Calderon,Jose,1610612752,NYK,New York Knicks,21500216,2015-11-25T00:00:00,NYK @ ORL,L,34.9,2.0,0.0,0.0,6.0,4.0,12.0,3.0,24.0,0.0,0.0,1.0,3.0,34.6,1,13074,13074,13074,3649,6026,10158,9917,5299,6141,22832,7328,8723,8004,1,4972,4736,3963,1.0,34:51,2015,2016
2015-16,1626157,Karl-Anthony Towns,Karl-Anthony,1610612750,MIN,Minnesota Timberwolves,21500222,2015-11-25T00:00:00,MIN vs. ATL,W,22.4,0.0,0.0,0.0,6.0,6.0,10.0,6.0,16.0,1.0,0.0,0.0,1.0,14.7,1,1,1,1,13873,12059,10158,9917,5299,10028,20509,13388,15259,2692,1,1,12373,15631,1.0,22:21,2015,2016
2015-16,200757,Thabo Sefolosha,Thabo,1610612737,ATL,Atlanta Hawks,21500222,2015-11-25T00:00:00,ATL @ MIN,L,31.5,3.0,0.0,2.0,4.0,11.0,8.0,2.0,20.0,1.0,0.0,2.0,0.0,19.2,1,13074,13074,13074,6301,4307,10158,4675,8599,18886,17345,4025,11929,2692,1,11390,18762,12284,1.0,31:31,2015,2016
2015-16,2755,Kevin Martin,Kevin,1610612750,MIN,Minnesota Timberwolves,21500222,2015-11-25T00:00:00,MIN vs. ATL,W,23.2,2.0,2.0,2.0,2.0,4.0,12.0,4.0,16.0,0.0,2.0,2.0,4.0,14.6,1,1,1,1,13171,6026,4731,4675,12984,6141,22832,8806,15259,8004,23588,11390,2748,15699,1.0,23:14,2015,2016
2015-16,201942,DeMar DeRozan,DeMar,1610612761,TOR,Toronto Raptors,21500219,2015-11-25T00:00:00,TOR vs. CLE,W,40.3,2.0,0.0,1.0,12.0,8.0,10.0,2.0,20.0,1.0,1.0,2.0,4.0,34.6,1,1,1,1,647,6026,10158,9347,988,13914,20509,4025,11929,2692,17214,11390,2748,3963,1.0,40:19,2015,2016
2015-16,101179,Ronnie Price,Ronnie,1610612756,PHX,Phoenix Suns,21500225,2015-11-25T00:00:00,PHX vs. NOP,L,7.2,0.0,0.0,0.0,0.0,2.0,0.0,5.0,8.0,0.0,0.0,2.0,0.0,6.0,1,13074,13074,13074,23497,12059,10158,9917,18861,2619,1,11593,21543,8004,1,11390,18762,21878,1.0,7:11,2015,2016
2015-16,2365,Chris Andersen,Chris,1610612748,MIA,Miami Heat,21500218,2015-11-25T00:00:00,MIA @ DET,L,4.2,0.0,0.0,3.0,0.0,0.0,2.0,0.0,2.0,0.0,0.0,0.0,0.0,5.7,1,13074,13074,13074,24640,12059,10158,3302,18861,1,3734,1,24614,8004,1,1,18762,22054,1.0,4:12,2015,2016
2015-16,203939,Dwight Powell,Dwight,1610612742,DAL,Dallas Mavericks,21500224,2015-11-25T00:00:00,DAL @ SAS,L,12.1,2.0,0.0,0.0,2.0,0.0,4.0,4.0,12.0,0.0,0.0,1.0,1.0,5.6,1,13074,13074,13074,21500,6026,10158,9917,12984,1,8458,8806,18637,8004,1,4972,12373,22133,1.0,12:03,2015,2016
2015-16,101127,Jarrett Jack,Jarrett,1610612751,BKN,Brooklyn Nets,21500223,2015-11-25T00:00:00,BKN @ OKC,L,25.7,0.0,0.0,2.0,6.0,16.0,4.0,14.0,24.0,0.0,0.0,5.0,1.0,15.9,1,13074,13074,13074,11094,12059,10158,4675,5299,23774,8458,23710,8723,8004,1,24686,12373,14675,1.0,25:43,2015,2016
2015-16,201973,Jonas Jerebko,Jonas,1610612738,BOS,Boston Celtics,21500217,2015-11-25T00:00:00,BOS vs. PHI,W,7.9,0.0,0.0,0.0,0.0,2.0,0.0,5.0,6.0,0.0,0.0,1.0,0.0,1.2,1,1,1,1,23223,12059,10158,9917,18861,2619,1,11593,22724,8004,1,4972,18762,24661,1.0,7:54,2015,2016
2015-16,204038,Langston Galloway,Langston,1610612752,NYK,New York Knicks,21500216,2015-11-25T00:00:00,NYK @ ORL,L,15.7,0.0,0.0,0.0,0.0,6.0,8.0,0.0,10.0,0.0,1.0,5.0,0.0,1.7,1,13074,13074,13074,19279,12059,10158,9917,18861,10028,17345,1,20209,8004,17214,24686,18762,24436,1.0,15:41,2015,2016
2015-16,203482,Kelly Olynyk,Kelly,1610612738,BOS,Boston Celtics,21500217,2015-11-25T00:00:00,BOS vs. PHI,W,14.4,1.0,2.0,0.0,0.0,6.0,2.0,9.0,14.0,1.0,2.0,0.0,4.0,11.1,1,1,1,1,20163,11535,4731,9917,18861,10028,3734,18829,17019,2692,23588,1,2748,18370,1.0,14:24,2015,2016
2015-16,203493,Reggie Bullock Jr.,Reggie,1610612765,DET,Detroit Pistons,21500218,2015-11-25T00:00:00,DET vs. MIA,W,2.8,0.0,0.0,0.0,0.0,0.0,0.0,3.0,2.0,0.0,0.0,0.0,0.0,1.5,1,1,1,1,25223,12059,10158,9917,18861,1,1,7328,24614,8004,1,1,18762,24473,1.0,2:45,2015,2016
2015-16,203798,PJ Hairston,PJ,1610612766,CHA,Charlotte Hornets,21500215,2015-11-25T00:00:00,CHA vs. WAS,W,16.2,0.0,0.0,2.0,0.0,4.0,10.0,2.0,6.0,0.0,0.0,3.0,1.0,10.6,1,1,1,1,18882,12059,10158,4675,18861,6141,20509,4025,22724,8004,1,17641,12373,18723,1.0,16:12,2015,2016
2015-16,202711,Bojan Bogdanović,Bojan,1610612751,BKN,Brooklyn Nets,21500223,2015-11-25T00:00:00,BKN @ OKC,L,21.9,2.0,2.0,0.0,4.0,9.0,4.0,10.0,22.0,0.0,1.0,0.0,0.0,6.4,1,13074,13074,13074,14257,6026,4731,9917,8599,15771,8458,20169,10265,8004,17214,1,18762,21589,1.0,21:54,2015,2016
2015-16,201988,Patty Mills,Patty,1610612759,SAS,San Antonio Spurs,21500224,2015-11-25T00:00:00,SAS vs. DAL,W,16.9,0.0,0.0,0.0,0.0,6.0,3.0,8.0,22.0,0.0,0.0,2.0,1.0,11.4,1,1,1,1,18369,12059,10158,9917,18861,10028,7138,17194,10265,8004,1,11390,12373,18134,1.0,16:52,2015,2016
2015-16,2210,Richard Jefferson,Richard,1610612739,CLE,Cleveland Cavaliers,21500219,2015-11-25T00:00:00,CLE @ TOR,L,16.4,0.0,0.0,0.0,4.0,7.0,5.0,5.0,20.0,0.0,1.0,1.0,0.0,6.4,1,13074,13074,13074,18772,12059,10158,9917,8599,12242,11469,11593,11929,8004,17214,4972,18762,21589,1.0,16:21,2015,2016
2015-16,101111,Charlie Villanueva,Charlie,1610612742,DAL,Dallas Mavericks,21500224,2015-11-25T00:00:00,DAL @ SAS,L,11.9,4.0,0.0,4.0,4.0,1.0,0.0,2.0,2.0,0.0,0.0,2.0,0.0,11.0,1,13074,13074,13074,21620,2460,10158,1913,8599,2356,1,4025,24614,8004,1,11390,18762,18430,1.0,11:56,2015,2016
2015-16,201600,Omer Asik,Omer,1610612740,NOP,New Orleans Pelicans,21500225,2015-11-25T00:00:00,NOP @ PHX,W,10.5,0.0,0.0,0.0,0.0,7.0,7.0,4.0,12.0,1.0,0.0,2.0,2.0,5.6,1,1,1,1,22243,12059,10158,9917,18861,12242,15642,8806,18637,2692,1,11390,7786,22133,1.0,10:28,2015,2016
2015-16,1626154,RJ Hunter,RJ,1610612738,BOS,Boston Celtics,21500217,2015-11-25T00:00:00,BOS vs. PHI,W,8.7,0.0,0.0,0.0,0.0,8.0,0.0,4.0,12.0,0.0,0.0,1.0,0.0,1.4,1,1,1,1,22945,12059,10158,9917,18861,13914,1,8806,18637,8004,1,4972,18762,24615,1.0,8:44,2015,2016
2015-16,203080,Thomas Robinson,Thomas,1610612751,BKN,Brooklyn Nets,21500223,2015-11-25T00:00:00,BKN @ OKC,L,5.9,0.0,0.0,0.0,2.0,3.0,0.0,0.0,4.0,0.0,0.0,1.0,0.0,6.2,1,13074,13074,13074,24017,12059,10158,9917,12984,5109,1,1,23698,8004,1,4972,18762,21696,1.0,5:52,2015,2016
2015-16,203210,JaMychal Green,JaMychal,1610612763,MEM,Memphis Grizzlies,21500220,2015-11-25T00:00:00,MEM @ HOU,W,12.1,0.0,0.0,2.0,4.0,4.0,2.0,2.0,10.0,1.0,2.0,5.0,1.0,10.6,1,1,1,1,21474,12059,10158,4675,8599,6141,3734,4025,20209,2692,23588,24686,12373,18723,1.0,12:06,2015,2016
2015-16,201949,James Johnson,James,1610612761,TOR,Toronto Raptors,21500219,2015-11-25T00:00:00,TOR vs. CLE,W,5.5,0.0,0.0,0.0,0.0,0.0,0.0,0.0,0.0,0.0,0.0,1.0,0.0,1.2,1,1,1,1,24180,12059,10158,9917,18861,1,1,1,25429,8004,1,4972,18762,24661,1.0,5:28,2015,2016
2015-16,203092,Tyler Zeller,Tyler,1610612738,BOS,Boston Celtics,21500217,2015-11-25T00:00:00,BOS vs. PHI,W,5.9,0.0,0.0,0.0,0.0,3.0,4.0,3.0,8.0,1.0,0.0,2.0,1.0,6.2,1,1,1,1,24017,12059,10158,9917,18861,5109,8458,7328,21543,2692,1,11390,12373,21696,1.0,5:52,2015,2016
2015-16,203960,JaKarr Sampson,JaKarr,1610612755,PHI,Philadelphia 76ers,21500217,2015-11-25T00:00:00,PHI @ BOS,L,9.1,0.0,0.0,2.0,2.0,1.0,2.0,0.0,0.0,1.0,1.0,1.0,1.0,6.2,1,13074,13074,13074,22808,12059,10158,4675,12984,2356,3734,1,25429,2692,17214,4972,12373,21696,1.0,9:05,2015,2016
2015-16,1626199,Darrun Hilliard,Darrun,1610612765,DET,Detroit Pistons,21500218,2015-11-25T00:00:00,DET vs. MIA,W,2.8,0.0,0.0,0.0,0.0,0.0,0.0,3.0,2.0,0.0,0.0,0.0,1.0,6.2,1,1,1,1,25223,12059,10158,9917,18861,1,1,7328,24614,8004,1,1,12373,21696,1.0,2:45,2015,2016
2015-16,203085,Austin Rivers,Austin,1610612746,LAC,LA Clippers,21500226,2015-11-25T00:00:00,LAC vs. UTA,L,25.7,1.0,0.0,1.0,2.0,17.0,17.0,4.0,20.0,0.0,1.0,0.0,1.0,16.1,1,13074,13074,13074,11157,11535,10158,9347,12984,24337,25429,8806,11929,8004,17214,1,12373,14515,1.0,25:39,2015,2016
2015-16,101141,Ersan Ilyasova,Ersan,1610612765,DET,Detroit Pistons,21500218,2015-11-25T00:00:00,DET vs. MIA,W,22.9,0.0,0.0,0.0,0.0,1.0,8.0,7.0,18.0,0.0,0.0,2.0,3.0,21.1,1,1,1,1,13448,12059,10158,9917,18861,2356,17345,15538,13577,8004,1,11390,4736,11012,1.0,22:55,2015,2016
2015-16,204060,Joe Ingles,Joe,1610612762,UTA,Utah Jazz,21500226,2015-11-25T00:00:00,UTA @ LAC,W,7.0,0.0,0.0,0.0,0.0,2.0,0.0,2.0,2.0,0.0,0.0,0.0,0.0,2.4,1,1,1,1,23566,12059,10158,9917,18861,2619,1,4025,24614,8004,1,1,18762,24024,1.0,7:00,2015,2016
2015-16,1626159,Justise Winslow,Justise,1610612748,MIA,Miami Heat,21500218,2015-11-25T00:00:00,MIA @ DET,L,29.1,0.0,0.0,1.0,0.0,12.0,8.0,2.0,28.0,0.0,1.0,2.0,3.0,13.1,1,13074,13074,13074,8269,12059,10158,9347,18861,20178,17345,4025,5824,8004,17214,11390,4736,16874,1.0,29:08,2015,2016
2015-16,2446,Rasual Butler,Rasual,1610612759,SAS,San Antonio Spurs,21500224,2015-11-25T00:00:00,SAS vs. DAL,W,6.6,0.0,0.0,0.0,0.0,2.0,0.0,6.0,12.0,0.0,0.0,0.0,1.0,2.4,1,1,1,1,23716,12059,10158,9917,18861,2619,1,13388,18637,8004,1,1,12373,24024,1.0,6:35,2015,2016
2015-16,204020,Tyler Johnson,Tyler,1610612748,MIA,Miami Heat,21500218,2015-11-25T00:00:00,MIA @ DET,L,22.2,2.0,0.0,3.0,6.0,7.0,6.0,2.0,22.0,0.0,1.0,2.0,5.0,13.1,1,13074,13074,13074,14051,6026,10158,3302,5299,12242,13237,4025,10265,8004,17214,11390,1539,16874,1.0,22:09,2015,2016
2015-16,201229,Anthony Tolliver,Anthony,1610612765,DET,Detroit Pistons,21500218,2015-11-25T00:00:00,DET vs. MIA,W,25.1,0.0,0.0,0.0,0.0,4.0,0.0,9.0,20.0,0.0,0.0,1.0,1.0,21.0,1,1,1,1,11607,12059,10158,9917,18861,6141,1,18829,11929,8004,1,4972,12373,11077,1.0,25:05,2015,2016
2015-16,1626164,Devin Booker,Devin,1610612756,PHX,Phoenix Suns,21500225,2015-11-25T00:00:00,PHX vs. NOP,L,9.2,3.0,0.0,0.0,2.0,0.0,7.0,2.0,10.0,0.0,0.0,1.0,0.0,13.1,1,13074,13074,13074,22766,4307,10158,9917,12984,1,15642,4025,20209,8004,1,4972,18762,16874,1.0,9:12,2015,2016
2015-16,204456,T.J. McConnell,T.J.,1610612755,PHI,Philadelphia 76ers,21500217,2015-11-25T00:00:00,PHI @ BOS,L,20.3,0.0,0.0,0.0,2.0,6.0,5.0,3.0,14.0,1.0,0.0,1.0,0.0,13.1,1,13074,13074,13074,15626,12059,10158,9917,12984,10028,11469,7328,17019,2692,1,4972,18762,16874,1.0,20:20,2015,2016
2015-16,2757,Beno Udrih,Beno,1610612748,MIA,Miami Heat,21500218,2015-11-25T00:00:00,MIA @ DET,L,9.7,0.0,0.0,0.0,0.0,0.0,4.0,2.0,8.0,0.0,0.0,1.0,0.0,8.0,1,13074,13074,13074,22567,12059,10158,9917,18861,1,8458,4025,21543,8004,1,4972,18762,20564,1.0,9:40,2015,2016
2015-16,200811,Lou Amundson,Lou,1610612752,NYK,New York Knicks,21500216,2015-11-25T00:00:00,NYK @ ORL,L,4.3,0.0,0.0,0.0,0.0,0.0,0.0,0.0,0.0,0.0,0.0,0.0,0.0,2.4,1,13074,13074,13074,24601,12059,10158,9917,18861,1,1,1,25429,8004,1,1,18762,24024,1.0,4:21,2015,2016
2015-16,203187,Chris Johnson,Chris,1610612762,UTA,Utah Jazz,21500226,2015-11-25T00:00:00,UTA @ LAC,W,6.9,0.0,0.0,0.0,0.0,2.0,3.0,0.0,8.0,2.0,0.0,2.0,0.0,7.7,1,1,1,1,23589,12059,10158,9917,18861,2619,7138,1,21543,932,1,11390,18762,20733,1.0,6:55,2015,2016
2015-16,203141,Mirza Teletovic,Mirza,1610612756,PHX,Phoenix Suns,21500225,2015-11-25T00:00:00,PHX vs. NOP,L,21.2,0.0,0.0,3.0,2.0,7.0,7.0,7.0,24.0,0.0,0.0,2.0,2.0,8.2,1,13074,13074,13074,14913,12059,10158,3302,12984,12242,15642,15538,8723,8004,1,11390,7786,20416,1.0,21:11,2015,2016
2015-16,201160,Jason Smith,Jason,1610612753,ORL,Orlando Magic,21500216,2015-11-25T00:00:00,ORL vs. NYK,W,15.5,0.0,0.0,0.0,0.0,5.0,4.0,0.0,8.0,1.0,0.0,3.0,1.0,16.6,1,1,1,1,19433,12059,10158,9917,18861,8403,8458,1,21543,2692,1,17641,12373,14125,1.0,15:28,2015,2016
2015-16,203894,Shabazz Napier,Shabazz,1610612753,ORL,Orlando Magic,21500216,2015-11-25T00:00:00,ORL vs. NYK,W,12.5,0.0,0.0,0.0,0.0,2.0,6.0,0.0,6.0,0.0,0.0,1.0,1.0,2.2,1,1,1,1,21299,12059,10158,9917,18861,2619,13237,1,22724,8004,1,4972,12373,24138,1.0,12:27,2015,2016
2015-16,203469,Cody Zeller,Cody,1610612766,CHA,Charlotte Hornets,21500215,2015-11-25T00:00:00,CHA vs. WAS,W,21.8,2.0,0.0,2.0,10.0,10.0,2.0,12.0,10.0,0.0,0.0,3.0,3.0,18.6,1,1,1,1,14362,6026,10158,4675,1840,17370,3734,22259,20209,8004,1,17641,4736,12715,1.0,21:47,2015,2016
2015-16,201564,O.J. Mayo,O.J.,1610612749,MIL,Milwaukee Bucks,21500221,2015-11-25T00:00:00,MIL vs. SAC,L,29.4,0.0,0.0,2.0,4.0,10.0,2.0,6.0,18.0,0.0,1.0,1.0,0.0,18.6,1,13074,13074,13074,8078,12059,10158,4675,8599,17370,3734,13388,13577,8004,17214,4972,18762,12715,1.0,29:22,2015,2016
2015-16,200782,P.J. Tucker,P.J.,1610612756,PHX,Phoenix Suns,21500225,2015-11-25T00:00:00,PHX vs. NOP,L,24.5,0.0,0.0,2.0,4.0,9.0,2.0,3.0,18.0,0.0,2.0,4.0,4.0,12.5,1,13074,13074,13074,12079,12059,10158,4675,8599,15771,3734,7328,13577,8004,23588,22104,2748,17372,1.0,24:32,2015,2016
2015-16,1938,Manu Ginobili,Manu,1610612759,SAS,San Antonio Spurs,21500224,2015-11-25T00:00:00,SAS vs. DAL,W,28.5,2.0,0.0,0.0,2.0,7.0,2.0,11.0,24.0,0.0,0.0,2.0,6.0,18.5,1,1,1,1,8779,6026,10158,9917,12984,12242,3734,21342,8723,8004,1,11390,873,12794,1.0,28:32,2015,2016
2015-16,200745,Andrea Bargnani,Andrea,1610612751,BKN,Brooklyn Nets,21500223,2015-11-25T00:00:00,BKN @ OKC,L,16.0,2.0,0.0,0.0,6.0,5.0,2.0,6.0,16.0,1.0,1.0,2.0,1.0,18.4,1,13074,13074,13074,19060,6026,10158,9917,5299,8403,3734,13388,15259,2692,17214,11390,12373,12854,1.0,15:58,2015,2016
2015-16,2743,Kris Humphries,Kris,1610612764,WAS,Washington Wizards,21500215,2015-11-25T00:00:00,WAS @ CHA,L,17.0,0.0,2.0,0.0,2.0,4.0,6.0,2.0,16.0,1.0,0.0,1.0,1.0,18.4,1,13074,13074,13074,18268,12059,4731,9917,12984,6141,13237,4025,15259,2692,1,4972,12373,12854,1.0,17:01,2015,2016
2015-16,202391,Jeremy Lin,Jeremy,1610612766,CHA,Charlotte Hornets,21500215,2015-11-25T00:00:00,CHA vs. WAS,W,15.3,0.0,0.0,0.0,2.0,6.0,0.0,6.0,0.0,2.0,0.0,4.0,3.0,8.0,1,1,1,1,19588,12059,10158,9917,12984,10028,1,13388,25429,932,1,22104,4736,20564,1.0,15:16,2015,2016
2015-16,2734,Devin Harris,Devin,1610612742,DAL,Dallas Mavericks,21500224,2015-11-25T00:00:00,DAL @ SAS,L,15.9,0.0,2.0,2.0,6.0,1.0,4.0,3.0,4.0,0.0,0.0,6.0,2.0,12.6,1,13074,13074,13074,19125,12059,4731,4675,5299,2356,8458,7328,23698,8004,1,25827,7786,17277,1.0,15:53,2015,2016
2015-16,1626196,Josh Richardson,Josh,1610612748,MIA,Miami Heat,21500218,2015-11-25T00:00:00,MIA @ DET,L,5.7,0.0,0.0,0.0,0.0,0.0,2.0,0.0,2.0,0.0,1.0,0.0,0.0,2.7,1,13074,13074,13074,24118,12059,10158,9917,18861,1,3734,1,24614,8004,17214,1,18762,23884,1.0,5:39,2015,2016
2015-16,203382,Aron Baynes,Aron,1610612765,DET,Detroit Pistons,21500218,2015-11-25T00:00:00,DET vs. MIA,W,12.6,0.0,2.0,2.0,6.0,2.0,0.0,4.0,8.0,1.0,0.0,1.0,1.0,16.5,1,1,1,1,21233,12059,4731,4675,5299,2619,1,8806,21543,2692,1,4972,12373,14224,1.0,12:34,2015,2016
2015-16,202335,Patrick Patterson,Patrick,1610612761,TOR,Toronto Raptors,21500219,2015-11-25T00:00:00,TOR vs. CLE,W,25.8,0.0,2.0,0.0,2.0,2.0,2.0,3.0,14.0,0.0,0.0,2.0,0.0,16.5,1,1,1,1,11030,12059,4731,9917,12984,2619,3734,7328,17019,8004,1,11390,18762,14224,1.0,25:47,2015,2016
2015-16,202083,Wesley Matthews,Wesley,1610612742,DAL,Dallas Mavericks,21500224,2015-11-25T00:00:00,DAL @ SAS,L,36.1,6.0,0.0,5.0,4.0,10.0,8.0,7.0,24.0,0.0,0.0,3.0,0.0,21.3,1,13074,13074,13074,2697,878,10158,1277,8599,17370,17345,15538,8723,8004,1,17641,18762,10880,1.0,36:04,2015,2016
2015-16,2585,Zaza Pachulia,Zaza,1610612742,DAL,Dallas Mavericks,21500224,2015-11-25T00:00:00,DAL @ SAS,L,20.8,0.0,0.0,0.0,2.0,2.0,4.0,5.0,16.0,0.0,1.0,4.0,2.0,3.0,1,13074,13074,13074,15253,12059,10158,9917,12984,2619,8458,11593,15259,8004,17214,22104,7786,23648,1.0,20:47,2015,2016
2015-16,201960,DeMarre Carroll,DeMarre,1610612761,TOR,Toronto Raptors,21500219,2015-11-25T00:00:00,TOR vs. CLE,W,40.7,2.0,0.0,1.0,2.0,8.0,10.0,2.0,24.0,1.0,0.0,4.0,1.0,21.6,1,1,1,1,568,6026,10158,9347,12984,13914,20509,4025,8723,2692,1,22104,12373,10666,1.0,40:39,2015,2016
2015-16,101161,Amir Johnson,Amir,1610612738,BOS,Boston Celtics,21500217,2015-11-25T00:00:00,BOS vs. PHI,W,24.8,0.0,4.0,0.0,6.0,4.0,4.0,3.0,14.0,1.0,0.0,2.0,2.0,21.6,1,1,1,1,11797,12059,1596,9917,5299,6141,8458,7328,17019,2692,1,11390,7786,10666,1.0,24:50,2015,2016
2015-16,2581,Steve Blake,Steve,1610612765,DET,Detroit Pistons,21500218,2015-11-25T00:00:00,DET vs. MIA,W,21.8,3.0,0.0,0.0,0.0,2.0,0.0,8.0,18.0,0.0,0.0,2.0,2.0,8.4,1,1,1,1,14365,4307,10158,9917,18861,2619,1,17194,13577,8004,1,11390,7786,20273,1.0,21:46,2015,2016
2015-16,2617,Udonis Haslem,Udonis,1610612748,MIA,Miami Heat,21500218,2015-11-25T00:00:00,MIA @ DET,L,4.2,0.0,0.0,0.0,2.0,0.0,2.0,0.0,2.0,0.0,0.0,0.0,0.0,12.7,1,13074,13074,13074,24640,12059,10158,9917,12984,1,3734,1,24614,8004,1,1,18762,17201,1.0,4:12,2015,2016
2015-16,201976,Patrick Beverley,Patrick,1610612745,HOU,Houston Rockets,21500220,2015-11-25T00:00:00,HOU vs. MEM,L,18.9,0.0,0.0,0.0,2.0,7.0,8.0,5.0,20.0,0.0,0.0,1.0,0.0,8.4,1,13074,13074,13074,16806,12059,10158,9917,12984,12242,17345,11593,11929,8004,1,4972,18762,20273,1.0,18:52,2015,2016
2015-16,203093,Terrence Jones,Terrence,1610612745,HOU,Houston Rockets,21500220,2015-11-25T00:00:00,HOU vs. MEM,L,19.4,0.0,0.0,0.0,0.0,12.0,4.0,16.0,24.0,1.0,0.0,0.0,0.0,9.3,1,13074,13074,13074,16375,12059,10158,9917,18861,20178,8458,24641,8723,2692,1,1,18762,19656,1.0,19:25,2015,2016
2015-16,1718,Paul Pierce,Paul,1610612746,LAC,LA Clippers,21500226,2015-11-25T00:00:00,LAC vs. UTA,L,8.9,0.0,0.0,0.0,0.0,4.0,9.0,0.0,6.0,0.0,0.0,1.0,0.0,-1.0,1,13074,13074,13074,22877,12059,10158,9917,18861,6141,19144,1,22724,8004,1,4972,18762,25932,1.0,8:54,2015,2016
2015-16,202325,Wesley Johnson,Wesley,1610612746,LAC,LA Clippers,21500226,2015-11-25T00:00:00,LAC vs. UTA,L,19.7,0.0,0.0,0.0,0.0,9.0,8.0,2.0,22.0,0.0,0.0,3.0,0.0,-1.8,1,13074,13074,13074,16146,12059,10158,9917,18861,15771,17345,4025,10265,8004,1,17641,18762,26059,1.0,19:42,2015,2016
2015-16,203906,Devyn Marble,Devyn,1610612753,ORL,Orlando Magic,21500216,2015-11-25T00:00:00,ORL vs. NYK,W,0.7,0.0,0.0,0.0,0.0,0.0,0.0,0.0,0.0,0.0,0.0,1.0,0.0,0.0,1,1,1,1,25932,12059,10158,9917,18861,1,1,1,25429,8004,1,4972,18762,25170,1.0,0:42,2015,2016
2015-16,203504,Trey Burke,Trey,1610612762,UTA,Utah Jazz,21500226,2015-11-25T00:00:00,UTA @ LAC,W,8.3,0.0,0.0,0.0,0.0,6.0,0.0,6.0,8.0,0.0,0.0,1.0,0.0,-1.0,1,1,1,1,23090,12059,10158,9917,18861,10028,1,13388,21543,8004,1,4972,18762,25932,1.0,8:18,2015,2016
2015-16,201977,Marcus Thornton,Marcus,1610612745,HOU,Houston Rockets,21500220,2015-11-25T00:00:00,HOU vs. MEM,L,14.7,0.0,0.0,0.0,0.0,4.0,6.0,2.0,12.0,0.0,0.0,1.0,1.0,3.5,1,13074,13074,13074,19995,12059,10158,9917,18861,6141,13237,4025,18637,8004,1,4972,12373,23351,1.0,14:39,2015,2016
2015-16,202338,Kevin Seraphin,Kevin,1610612752,NYK,New York Knicks,21500216,2015-11-25T00:00:00,NYK @ ORL,L,8.2,0.0,0.0,0.0,0.0,4.0,1.0,2.0,6.0,0.0,0.0,2.0,0.0,0.5,1,13074,13074,13074,23109,12059,10158,9917,18861,6141,3393,4025,22724,8004,1,11390,18762,25056,1.0,8:14,2015,2016
2015-16,201571,D.J. Augustin,D.J.,1610612760,OKC,Oklahoma City Thunder,21500223,2015-11-25T00:00:00,OKC vs. BKN,W,12.8,0.0,0.0,0.0,0.0,7.0,0.0,2.0,18.0,0.0,0.0,2.0,0.0,4.5,1,1,1,1,21095,12059,10158,9917,18861,12242,1,4025,13577,8004,1,11390,18762,22773,1.0,12:46,2015,2016
2015-16,203508,Sergey Karasev,Sergey,1610612751,BKN,Brooklyn Nets,21500223,2015-11-25T00:00:00,BKN @ OKC,L,7.7,0.0,0.0,0.0,0.0,2.0,0.0,2.0,0.0,0.0,1.0,0.0,0.0,0.0,1,13074,13074,13074,23335,12059,10158,9917,18861,2619,1,4025,25429,8004,17214,1,18762,25170,1.0,7:39,2015,2016
2015-16,1626163,Frank Kaminsky,Frank,1610612766,CHA,Charlotte Hornets,21500215,2015-11-25T00:00:00,CHA vs. WAS,W,17.5,0.0,2.0,0.0,2.0,10.0,0.0,10.0,8.0,0.0,0.0,1.0,0.0,3.4,1,1,1,1,17934,12059,4731,9917,12984,17370,1,20169,21543,8004,1,4972,18762,23417,1.0,17:27,2015,2016
2015-16,2760,Anderson Varejao,Anderson,1610612739,CLE,Cleveland Cavaliers,21500219,2015-11-25T00:00:00,CLE @ TOR,L,8.1,0.0,0.0,0.0,0.0,0.0,2.0,1.0,4.0,0.0,1.0,1.0,3.0,0.0,1,13074,13074,13074,23148,12059,10158,9917,18861,1,3734,3646,23698,8004,17214,4972,4736,25170,1.0,8:07,2015,2016
2015-16,1626168,Trey Lyles,Trey,1610612762,UTA,Utah Jazz,21500226,2015-11-25T00:00:00,UTA @ LAC,W,2.5,0.0,2.0,0.0,2.0,2.0,0.0,0.0,2.0,0.0,0.0,0.0,1.0,4.0,1,1,1,1,25312,12059,4731,9917,12984,2619,1,1,24614,8004,1,1,12373,23142,1.0,2:31,2015,2016
2015-16,203937,Kyle Anderson,Kyle,1610612759,SAS,San Antonio Spurs,21500224,2015-11-25T00:00:00,SAS vs. DAL,W,1.9,0.0,0.0,0.0,0.0,2.0,0.0,0.0,0.0,0.0,0.0,1.0,0.0,-1.0,1,1,1,1,25544,12059,10158,9917,18861,2619,1,1,25429,8004,1,4972,18762,25932,1.0,1:56,2015,2016
2015-16,203498,Shabazz Muhammad,Shabazz,1610612750,MIN,Minnesota Timberwolves,21500222,2015-11-25T00:00:00,MIN vs. ATL,W,16.1,0.0,0.0,0.0,2.0,11.0,1.0,4.0,16.0,0.0,0.0,3.0,0.0,8.9,1,1,1,1,18971,12059,10158,9917,12984,18886,3393,8806,15259,8004,1,17641,18762,19914,1.0,16:05,2015,2016
2015-16,201962,Toney Douglas,Toney,1610612740,NOP,New Orleans Pelicans,21500225,2015-11-25T00:00:00,NOP @ PHX,W,10.3,0.0,0.0,0.0,0.0,5.0,2.0,9.0,14.0,0.0,0.0,1.0,2.0,7.0,1,1,1,1,22326,12059,10158,9917,18861,8403,3734,18829,17019,8004,1,4972,7786,21188,1.0,10:16,2015,2016
2015-16,202087,Alonzo Gee,Alonzo,1610612740,NOP,New Orleans Pelicans,21500225,2015-11-25T00:00:00,NOP @ PHX,W,15.6,0.0,0.0,0.0,0.0,5.0,5.0,5.0,16.0,1.0,0.0,4.0,0.0,5.2,1,1,1,1,19365,12059,10158,9917,18861,8403,11469,11593,15259,2692,1,22104,18762,22370,1.0,15:34,2015,2016
2015-16,201627,Anthony Morrow,Anthony,1610612760,OKC,Oklahoma City Thunder,21500223,2015-11-25T00:00:00,OKC vs. BKN,W,23.6,3.0,0.0,0.0,0.0,13.0,6.0,6.0,34.0,0.0,0.0,0.0,0.0,9.7,1,1,1,1,12893,4307,10158,9917,18861,21300,13237,13388,2701,8004,1,1,18762,19379,1.0,23:37,2015,2016
2015-16,201601,Luc Mbah a Moute,Luc,1610612746,LAC,LA Clippers,21500226,2015-11-25T00:00:00,LAC vs. UTA,L,0.8,0.0,0.0,0.0,0.0,0.0,0.0,0.0,0.0,0.0,0.0,1.0,0.0,0.0,1,13074,13074,13074,25917,12059,10158,9917,18861,1,1,1,25429,8004,1,4972,18762,25170,1.0,0:47,2015,2016
2015-16,201177,Josh McRoberts,Josh,1610612748,MIA,Miami Heat,21500218,2015-11-25T00:00:00,MIA @ DET,L,13.3,0.0,0.0,0.0,0.0,5.0,4.0,2.0,10.0,0.0,0.0,1.0,0.0,4.7,1,13074,13074,13074,20825,12059,10158,9917,18861,8403,8458,4025,20209,8004,1,4972,18762,22672,1.0,13:16,2015,2016
2015-16,1626170,Jerian Grant,Jerian,1610612752,NYK,New York Knicks,21500216,2015-11-25T00:00:00,NYK @ ORL,L,5.9,0.0,0.0,0.0,0.0,2.0,1.0,2.0,4.0,0.0,0.0,1.0,0.0,-0.8,1,13074,13074,13074,24029,12059,10158,9917,18861,2619,3393,4025,23698,8004,1,4972,18762,25914,1.0,5:51,2015,2016
2015-16,202709,Cory Joseph,Cory,1610612761,TOR,Toronto Raptors,21500219,2015-11-25T00:00:00,TOR vs. CLE,W,17.4,2.0,0.0,0.0,4.0,3.0,3.0,3.0,10.0,0.0,1.0,1.0,1.0,7.1,1,1,1,1,18004,6026,10158,9917,8599,5109,7138,7328,20209,8004,17214,4972,12373,21141,1.0,17:21,2015,2016
2015-16,202498,Lance Thomas,Lance,1610612752,NYK,New York Knicks,21500216,2015-11-25T00:00:00,NYK @ ORL,L,18.7,2.0,2.0,0.0,2.0,6.0,5.0,3.0,10.0,0.0,0.0,0.0,2.0,7.2,1,13074,13074,13074,16967,6026,4731,9917,12984,10028,11469,7328,20209,8004,1,1,7786,21035,1.0,18:41,2015,2016
2015-16,203460,Andre Roberson,Andre,1610612760,OKC,Oklahoma City Thunder,21500223,2015-11-25T00:00:00,OKC vs. BKN,W,21.9,0.0,0.0,4.0,4.0,11.0,8.0,8.0,30.0,0.0,1.0,0.0,1.0,8.7,1,1,1,1,14292,12059,10158,1913,8599,18886,17345,17194,4541,8004,17214,1,12373,20045,1.0,21:51,2015,2016
2015-16,1626147,Justin Anderson,Justin,1610612742,DAL,Dallas Mavericks,21500224,2015-11-25T00:00:00,DAL @ SAS,L,5.9,0.0,0.0,0.0,0.0,0.0,0.0,3.0,0.0,0.0,0.0,0.0,1.0,4.9,1,13074,13074,13074,24029,12059,10158,9917,18861,1,1,7328,25429,8004,1,1,12373,22621,1.0,5:51,2015,2016
2015-16,101112,Channing Frye,Channing,1610612753,ORL,Orlando Magic,21500216,2015-11-25T00:00:00,ORL vs. NYK,W,20.4,0.0,0.0,0.0,0.0,4.0,6.0,0.0,14.0,0.0,1.0,1.0,0.0,6.6,1,1,1,1,15535,12059,10158,9917,18861,6141,13237,1,17019,8004,17214,4972,18762,21445,1.0,20:26,2015,2016
2015-16,202066,Garrett Temple,Garrett,1610612764,WAS,Washington Wizards,21500215,2015-11-25T00:00:00,WAS @ CHA,L,10.1,0.0,0.0,0.0,0.0,2.0,2.0,2.0,12.0,0.0,1.0,0.0,0.0,7.2,1,13074,13074,13074,22415,12059,10158,9917,18861,2619,3734,4025,18637,8004,17214,1,18762,21035,1.0,10:03,2015,2016
2015-16,2037,Jamal Crawford,Jamal,1610612746,LAC,LA Clippers,21500226,2015-11-25T00:00:00,LAC vs. UTA,L,30.1,0.0,1.0,0.0,0.0,16.0,19.0,2.0,28.0,0.0,0.0,1.0,2.0,5.2,1,13074,13074,13074,7411,12059,9709,9917,18861,23774,25786,4025,5824,8004,1,4972,7786,22370,1.0,30:09,2015,2016
2015-16,203095,Evan Fournier,Evan,1610612753,ORL,Orlando Magic,21500216,2015-11-25T00:00:00,ORL vs. NYK,W,21.1,0.0,0.0,0.0,0.0,4.0,6.0,0.0,14.0,0.0,1.0,2.0,0.0,5.4,1,1,1,1,14960,12059,10158,9917,18861,6141,13237,1,17019,8004,17214,11390,18762,22242,1.0,21:07,2015,2016
2015-16,2564,Boris Diaw,Boris,1610612759,SAS,San Antonio Spurs,21500224,2015-11-25T00:00:00,SAS vs. DAL,W,10.2,0.0,0.0,0.0,0.0,2.0,2.0,2.0,10.0,0.0,0.0,1.0,0.0,5.1,1,1,1,1,22342,12059,10158,9917,18861,2619,3734,4025,20209,8004,1,4972,18762,22478,1.0,10:13,2015,2016
2015-16,2756,Sasha Vujacic,Sasha,1610612752,NYK,New York Knicks,21500216,2015-11-25T00:00:00,NYK @ ORL,L,13.8,0.0,0.0,0.0,0.0,6.0,2.0,3.0,10.0,1.0,0.0,4.0,2.0,5.2,1,13074,13074,13074,20530,12059,10158,9917,18861,10028,3734,7328,20209,2692,1,22104,7786,22370,1.0,13:48,2015,2016
2015-16,203490,Otto Porter Jr.,Otto,1610612764,WAS,Washington Wizards,21500215,2015-11-25T00:00:00,WAS @ CHA,L,27.0,0.0,3.0,0.0,0.0,7.0,11.0,6.0,28.0,0.0,0.0,2.0,1.0,6.7,1,13074,13074,13074,10014,12059,3104,9917,18861,12242,21814,13388,5824,8004,1,11390,12373,21376,1.0,27:00,2015,2016
2015-16,1626179,Terry Rozier,Terry,1610612738,BOS,Boston Celtics,21500217,2015-11-25T00:00:00,BOS vs. PHI,W,2.4,0.0,0.0,0.0,0.0,4.0,0.0,2.0,4.0,0.0,1.0,0.0,0.0,-0.8,1,1,1,1,25388,12059,10158,9917,18861,6141,1,4025,23698,8004,17214,1,18762,25914,1.0,2:22,2015,2016
2015-16,201202,Joel Anthony,Joel,1610612765,DET,Detroit Pistons,21500218,2015-11-25T00:00:00,DET vs. MIA,W,2.8,0.0,2.0,0.0,2.0,0.0,0.0,3.0,2.0,0.0,0.0,0.0,0.0,3.2,1,1,1,1,25223,12059,4731,9917,12984,1,1,7328,24614,8004,1,1,18762,23473,1.0,2:45,2015,2016
2015-16,2555,Nick Collison,Nick,1610612760,OKC,Oklahoma City Thunder,21500223,2015-11-25T00:00:00,OKC vs. BKN,W,12.2,0.0,0.0,0.0,2.0,7.0,2.0,2.0,18.0,0.0,0.0,2.0,0.0,7.3,1,1,1,1,21418,12059,10158,9917,12984,12242,3734,4025,13577,8004,1,11390,18762,21024,1.0,12:14,2015,2016
2015-16,101135,David Lee,David,1610612738,BOS,Boston Celtics,21500217,2015-11-25T00:00:00,BOS vs. PHI,W,4.6,0.0,0.0,0.0,0.0,6.0,0.0,4.0,8.0,0.0,1.0,0.0,2.0,4.2,1,1,1,1,24503,12059,10158,9917,18861,10028,1,8806,21543,8004,17214,1,7786,22976,1.0,4:37,2015,2016
2015-16,2561,David West,David,1610612759,SAS,San Antonio Spurs,21500224,2015-11-25T00:00:00,SAS vs. DAL,W,11.7,1.0,0.0,0.0,0.0,4.0,2.0,4.0,16.0,0.0,0.0,2.0,2.0,9.4,1,1,1,1,21749,11535,10158,9917,18861,6141,3734,8806,15259,8004,1,11390,7786,19568,1.0,11:39,2015,2016
2015-16,201196,Ramon Sessions,Ramon,1610612764,WAS,Washington Wizards,21500215,2015-11-25T00:00:00,WAS @ CHA,L,12.5,0.0,0.0,0.0,0.0,2.0,2.0,6.0,18.0,0.0,0.0,2.0,0.0,4.4,1,13074,13074,13074,21300,12059,10158,9917,18861,2619,3734,13388,13577,8004,1,11390,18762,22837,1.0,12:27,2015,2016
2015-16,1626209,Mario Hezonja,Mario,1610612753,ORL,Orlando Magic,21500216,2015-11-25T00:00:00,ORL vs. NYK,W,0.7,0.0,0.0,0.0,0.0,0.0,0.0,0.0,0.0,0.0,0.0,0.0,0.0,0.0,1,1,1,1,25932,12059,10158,9917,18861,1,1,1,25429,8004,1,1,18762,25170,1.0,0:42,2015,2016
2015-16,202362,Lance Stephenson,Lance,1610612746,LAC,LA Clippers,21500226,2015-11-25T00:00:00,LAC vs. UTA,L,11.5,0.0,0.0,0.0,0.0,7.0,11.0,0.0,8.0,0.0,0.0,1.0,0.0,4.4,1,13074,13074,13074,21811,12059,10158,9917,18861,12242,21814,1,21543,8004,1,4972,18762,22837,1.0,11:31,2015,2016
2015-16,203481,Jeff Withey,Jeff,1610612762,UTA,Utah Jazz,21500226,2015-11-25T00:00:00,UTA @ LAC,W,1.3,0.0,0.0,0.0,0.0,0.0,0.0,0.0,2.0,0.0,0.0,0.0,0.0,0.0,1,1,1,1,25777,12059,10158,9917,18861,1,1,1,24614,8004,1,1,18762,25170,1.0,1:15,2015,2016
2015-16,201951,Ty Lawson,Ty,1610612745,HOU,Houston Rockets,21500220,2015-11-25T00:00:00,HOU vs. MEM,L,2.7,0.0,0.0,0.0,0.0,2.0,2.0,0.0,4.0,0.0,0.0,0.0,0.0,0.0,1,13074,13074,13074,25258,12059,10158,9917,18861,2619,3734,1,23698,8004,1,1,18762,25170,1.0,2:41,2015,2016
2015-16,201961,Wayne Ellington,Wayne,1610612751,BKN,Brooklyn Nets,21500223,2015-11-25T00:00:00,BKN @ OKC,L,6.6,0.0,0.0,0.0,0.0,3.0,0.0,0.0,6.0,0.0,0.0,0.0,1.0,6.7,1,13074,13074,13074,23722,12059,10158,9917,18861,5109,1,1,22724,8004,1,1,12373,21376,1.0,6:34,2015,2016
2015-16,200755,JJ Redick,JJ,1610612746,LAC,LA Clippers,21500226,2015-11-25T00:00:00,LAC vs. UTA,L,21.2,0.0,0.0,0.0,0.0,10.0,6.0,4.0,22.0,0.0,0.0,5.0,0.0,4.5,1,13074,13074,13074,14897,12059,10158,9917,18861,17370,13237,8806,10265,8004,1,24686,18762,22773,1.0,21:11,2015,2016
2015-16,202337,Luke Babbitt,Luke,1610612740,NOP,New Orleans Pelicans,21500225,2015-11-25T00:00:00,NOP @ PHX,W,4.4,0.0,0.0,0.0,0.0,2.0,0.0,7.0,8.0,0.0,0.0,0.0,0.0,0.0,1,1,1,1,24581,12059,10158,9917,18861,2619,1,15538,21543,8004,1,1,18762,25170,1.0,4:24,2015,2016
2015-16,203142,Chris Copeland,Chris,1610612749,MIL,Milwaukee Bucks,21500221,2015-11-25T00:00:00,MIL vs. SAC,L,7.6,0.0,0.0,0.0,2.0,4.0,0.0,2.0,4.0,0.0,0.0,1.0,0.0,3.2,1,13074,13074,13074,23364,12059,10158,9917,12984,6141,1,4025,23698,8004,1,4972,18762,23473,1.0,7:34,2015,2016
2015-16,203524,Solomon Hill,Solomon,1610612754,IND,Indiana Pacers,21500209,2015-11-24T00:00:00,IND @ WAS,W,0.7,0.0,0.0,0.0,0.0,0.0,0.0,0.0,0.0,0.0,0.0,0.0,0.0,0.0,1,1,1,1,25934,12059,10158,9917,18861,1,1,1,25429,8004,1,1,18762,25170,1.0,0:42,2015,2016
2015-16,203893,Russ Smith,Russ,1610612763,MEM,Memphis Grizzlies,21500211,2015-11-24T00:00:00,MEM vs. DAL,W,1.4,0.0,0.0,0.0,0.0,0.0,0.0,0.0,0.0,0.0,1.0,0.0,0.0,0.0,1,1,1,1,25723,12059,10158,9917,18861,1,1,1,25429,8004,17214,1,18762,25170,1.0,1:26,2015,2016
2015-16,203482,Kelly Olynyk,Kelly,1610612738,BOS,Boston Celtics,21500210,2015-11-24T00:00:00,BOS @ ATL,L,15.8,0.0,0.0,0.0,2.0,2.0,7.0,7.0,14.0,0.0,1.0,2.0,2.0,9.4,1,13074,13074,13074,19160,12059,10158,9917,12984,2619,15642,15538,17019,8004,17214,11390,7786,19568,1.0,15:50,2015,2016
2015-16,202714,Shelvin Mack,Shelvin,1610612737,ATL,Atlanta Hawks,21500210,2015-11-24T00:00:00,ATL vs. BOS,W,3.2,0.0,0.0,0.0,0.0,3.0,0.0,0.0,0.0,0.0,0.0,0.0,0.0,4.7,1,1,1,1,25054,12059,10158,9917,18861,5109,1,1,25429,8004,1,1,18762,22672,1.0,3:11,2015,2016
2015-16,203922,Glenn Robinson III,Glenn,1610612754,IND,Indiana Pacers,21500209,2015-11-24T00:00:00,IND @ WAS,W,0.7,0.0,0.0,0.0,0.0,0.0,0.0,0.0,0.0,0.0,0.0,0.0,0.0,0.0,1,1,1,1,25934,12059,10158,9917,18861,1,1,1,25429,8004,1,1,18762,25170,1.0,0:42,2015,2016
2015-16,203090,Maurice Harkless,Maurice,1610612757,POR,Portland Trail Blazers,21500213,2015-11-24T00:00:00,POR vs. CHI,L,12.5,0.0,0.0,0.0,2.0,15.0,5.0,4.0,16.0,1.0,0.0,0.0,0.0,6.7,1,13074,13074,13074,21296,12059,10158,9917,12984,23079,11469,8806,15259,2692,1,1,18762,21376,1.0,12:28,2015,2016
2015-16,201973,Jonas Jerebko,Jonas,1610612738,BOS,Boston Celtics,21500210,2015-11-24T00:00:00,BOS @ ATL,L,14.8,0.0,0.0,0.0,0.0,0.0,5.0,0.0,10.0,0.0,1.0,1.0,2.0,8.6,1,13074,13074,13074,19902,12059,10158,9917,18861,1,11469,1,20209,8004,17214,4972,7786,20125,1.0,14:47,2015,2016
2015-16,203527,Ryan Kelly,Ryan,1610612747,LAL,Los Angeles Lakers,21500214,2015-11-24T00:00:00,LAL @ GSW,L,6.1,0.0,0.0,1.0,0.0,5.0,1.0,4.0,4.0,0.0,0.0,0.0,1.0,8.9,1,13074,13074,13074,23940,12059,10158,9347,18861,8403,3393,8806,23698,8004,1,1,12373,19914,1.0,6:03,2015,2016
2015-16,1897,Metta World Peace,Metta,1610612747,LAL,Los Angeles Lakers,21500214,2015-11-24T00:00:00,LAL @ GSW,L,9.1,0.0,0.0,0.0,0.0,5.0,1.0,4.0,8.0,0.0,0.0,0.0,0.0,8.9,1,13074,13074,13074,22794,12059,10158,9917,18861,8403,3393,8806,21543,8004,1,1,18762,19914,1.0,9:07,2015,2016
2015-16,101150,Lou Williams,Lou,1610612747,LAL,Los Angeles Lakers,21500214,2015-11-24T00:00:00,LAL @ GSW,L,22.5,2.0,0.0,3.0,2.0,9.0,11.0,6.0,34.0,0.0,1.0,4.0,3.0,9.2,1,13074,13074,13074,13764,6026,10158,3302,12984,15771,21814,13388,2701,8004,17214,22104,4736,19680,1.0,22:30,2015,2016
2015-16,2550,Kirk Hinrich,Kirk,1610612741,CHI,Chicago Bulls,21500213,2015-11-24T00:00:00,CHI @ POR,W,25.6,0.0,0.0,3.0,2.0,8.0,7.0,7.0,28.0,0.0,0.0,4.0,1.0,8.7,1,1,1,1,11241,12059,10158,3302,12984,13914,15642,15538,5824,8004,1,22104,12373,20045,1.0,25:34,2015,2016
2015-16,201162,Jared Dudley,Jared,1610612764,WAS,Washington Wizards,21500209,2015-11-24T00:00:00,WAS vs. IND,L,27.4,0.0,3.0,0.0,2.0,8.0,0.0,12.0,8.0,0.0,0.0,2.0,0.0,9.4,1,13074,13074,13074,9695,12059,3104,9917,12984,13914,1,22259,21543,8004,1,11390,18762,19568,1.0,27:24,2015,2016
2015-16,1626147,Justin Anderson,Justin,1610612742,DAL,Dallas Mavericks,21500211,2015-11-24T00:00:00,DAL @ MEM,L,4.6,2.0,0.0,2.0,0.0,0.0,0.0,4.0,2.0,0.0,0.0,0.0,1.0,3.2,1,13074,13074,13074,24512,6026,10158,4675,18861,1,1,8806,24614,8004,1,1,12373,23473,1.0,4:35,2015,2016
2015-16,201155,Rodney Stuckey,Rodney,1610612754,IND,Indiana Pacers,21500209,2015-11-24T00:00:00,IND @ WAS,W,23.5,3.0,0.0,0.0,0.0,14.0,8.0,7.0,20.0,0.0,0.0,1.0,0.0,8.9,1,1,1,1,13005,4307,10158,9917,18861,22292,17345,15538,11929,8004,1,4972,18762,19914,1.0,23:27,2015,2016
2015-16,201575,Brandon Rush,Brandon,1610612744,GSW,Golden State Warriors,21500214,2015-11-24T00:00:00,GSW vs. LAL,W,8.0,0.0,0.0,0.0,0.0,0.0,4.0,1.0,6.0,0.0,0.0,0.0,0.0,3.2,1,1,1,1,23174,12059,10158,9917,18861,1,8458,3646,22724,8004,1,1,18762,23473,1.0,8:01,2015,2016
2015-16,203098,John Jenkins,John,1610612742,DAL,Dallas Mavericks,21500211,2015-11-24T00:00:00,DAL @ MEM,L,2.3,0.0,0.0,0.0,0.0,0.0,0.0,0.0,0.0,0.0,0.0,0.0,0.0,3.5,1,13074,13074,13074,25433,12059,10158,9917,18861,1,1,1,25429,8004,1,1,18762,23351,1.0,2:16,2015,2016
2015-16,200751,Randy Foye,Randy,1610612743,DEN,Denver Nuggets,21500212,2015-11-24T00:00:00,DEN vs. LAC,L,12.6,0.0,0.0,0.0,0.0,0.0,2.0,2.0,12.0,0.0,0.0,2.0,1.0,8.6,1,13074,13074,13074,21233,12059,10158,9917,18861,1,3734,4025,18637,8004,1,11390,12373,20125,1.0,12:34,2015,2016
2015-16,203085,Austin Rivers,Austin,1610612746,LAC,LA Clippers,21500212,2015-11-24T00:00:00,LAC @ DEN,W,19.9,0.0,0.0,0.0,0.0,7.0,0.0,3.0,6.0,0.0,0.0,4.0,0.0,8.6,1,1,1,1,15975,12059,10158,9917,18861,12242,1,7328,22724,8004,1,22104,18762,20125,1.0,19:56,2015,2016
2015-16,202734,E'Twaun Moore,E'Twaun,1610612741,CHI,Chicago Bulls,21500213,2015-11-24T00:00:00,CHI @ POR,W,8.8,0.0,0.0,0.0,0.0,6.0,4.0,0.0,10.0,0.0,0.0,0.0,0.0,0.0,1,1,1,1,22915,12059,10158,9917,18861,10028,8458,1,20209,8004,1,1,18762,25170,1.0,8:49,2015,2016
2015-16,203501,Tim Hardaway Jr.,Tim,1610612737,ATL,Atlanta Hawks,21500210,2015-11-24T00:00:00,ATL vs. BOS,W,12.2,0.0,0.0,0.0,0.0,6.0,4.0,0.0,6.0,0.0,0.0,1.0,0.0,4.5,1,1,1,1,21443,12059,10158,9917,18861,10028,8458,1,22724,8004,1,4972,18762,22773,1.0,12:11,2015,2016
2015-16,2743,Kris Humphries,Kris,1610612764,WAS,Washington Wizards,21500209,2015-11-24T00:00:00,WAS vs. IND,L,8.9,0.0,0.0,0.0,0.0,8.0,0.0,2.0,8.0,0.0,0.0,0.0,0.0,0.2,1,13074,13074,13074,22898,12059,10158,9917,18861,13914,1,4025,21543,8004,1,1,18762,25103,1.0,8:51,2015,2016
2015-16,203123,Kostas Papanikolaou,Kostas,1610612743,DEN,Denver Nuggets,21500212,2015-11-24T00:00:00,DEN vs. LAC,L,1.9,0.0,0.0,0.0,0.0,0.0,0.0,0.0,0.0,0.0,0.0,0.0,0.0,-1.0,1,13074,13074,13074,25553,12059,10158,9917,18861,1,1,1,25429,8004,1,1,18762,25932,1.0,1:54,2015,2016
2015-16,1718,Paul Pierce,Paul,1610612746,LAC,LA Clippers,21500212,2015-11-24T00:00:00,LAC @ DEN,W,18.1,0.0,0.0,0.0,2.0,7.0,0.0,3.0,6.0,0.0,0.0,2.0,1.0,7.2,1,1,1,1,17425,12059,10158,9917,12984,12242,1,7328,22724,8004,1,11390,12373,21035,1.0,18:07,2015,2016
2015-16,203503,Tony Snell,Tony,1610612741,CHI,Chicago Bulls,21500213,2015-11-24T00:00:00,CHI @ POR,W,14.0,0.0,0.0,0.0,0.0,2.0,2.0,4.0,12.0,0.0,1.0,1.0,1.0,5.0,1,1,1,1,20427,12059,10158,9917,18861,2619,3734,8806,18637,8004,17214,4972,12373,22500,1.0,13:58,2015,2016
2015-16,201156,Nick Young,Nick,1610612747,LAL,Los Angeles Lakers,21500214,2015-11-24T00:00:00,LAL @ GSW,L,23.3,0.0,0.0,0.0,2.0,10.0,6.0,10.0,30.0,0.0,0.0,1.0,0.0,9.7,1,13074,13074,13074,13109,12059,10158,9917,12984,17370,13237,20169,4541,8004,1,4972,18762,19379,1.0,23:19,2015,2016
2015-16,1713,Vince Carter,Vince,1610612763,MEM,Memphis Grizzlies,21500211,2015-11-24T00:00:00,MEM vs. DAL,W,11.1,0.0,0.0,0.0,2.0,3.0,0.0,3.0,4.0,0.0,0.0,3.0,1.0,5.4,1,1,1,1,22005,12059,10158,9917,12984,5109,1,7328,23698,8004,1,17641,12373,22242,1.0,11:03,2015,2016
2015-16,203200,Justin Holiday,Justin,1610612737,ATL,Atlanta Hawks,21500210,2015-11-24T00:00:00,ATL vs. BOS,W,2.9,0.0,0.0,0.0,0.0,3.0,0.0,0.0,0.0,0.0,0.0,0.0,0.0,0.0,1,1,1,1,25179,12059,10158,9917,18861,5109,1,1,25429,8004,1,1,18762,25170,1.0,2:51,2015,2016
2015-16,1626162,Kelly Oubre Jr.,Kelly,1610612764,WAS,Washington Wizards,21500209,2015-11-24T00:00:00,WAS vs. IND,L,1.7,0.0,0.0,0.0,0.0,0.0,0.0,0.0,0.0,0.0,0.0,0.0,0.0,0.0,1,13074,13074,13074,25624,12059,10158,9917,18861,1,1,1,25429,8004,1,1,18762,25170,1.0,1:43,2015,2016
2015-16,201971,DeJuan Blair,DeJuan,1610612764,WAS,Washington Wizards,21500209,2015-11-24T00:00:00,WAS vs. IND,L,1.7,0.0,0.0,0.0,0.0,0.0,0.0,0.0,0.0,0.0,0.0,0.0,0.0,0.0,1,13074,13074,13074,25624,12059,10158,9917,18861,1,1,1,25429,8004,1,1,18762,25170,1.0,1:43,2015,2016
2015-16,202730,Lavoy Allen,Lavoy,1610612754,IND,Indiana Pacers,21500209,2015-11-24T00:00:00,IND @ WAS,W,14.8,0.0,0.0,0.0,2.0,9.0,4.0,7.0,10.0,0.0,0.0,2.0,0.0,4.6,1,1,1,1,19910,12059,10158,9917,12984,15771,8458,15538,20209,8004,1,11390,18762,22734,1.0,14:47,2015,2016
2015-16,201601,Luc Mbah a Moute,Luc,1610612746,LAC,LA Clippers,21500212,2015-11-24T00:00:00,LAC @ DEN,W,1.9,0.0,0.0,0.0,0.0,0.0,0.0,0.0,0.0,1.0,0.0,0.0,0.0,4.2,1,1,1,1,25543,12059,10158,9917,18861,1,1,1,25429,2692,1,1,18762,22976,1.0,1:57,2015,2016
2015-16,1626179,Terry Rozier,Terry,1610612738,BOS,Boston Celtics,21500210,2015-11-24T00:00:00,BOS @ ATL,L,3.2,0.0,0.0,0.0,0.0,0.0,0.0,0.0,0.0,0.0,0.0,0.0,0.0,5.0,1,13074,13074,13074,25054,12059,10158,9917,18861,1,1,1,25429,8004,1,1,18762,22500,1.0,3:11,2015,2016
2015-16,202332,Cole Aldrich,Cole,1610612746,LAC,LA Clippers,21500212,2015-11-24T00:00:00,LAC @ DEN,W,1.9,0.0,0.0,0.0,0.0,0.0,0.0,0.0,0.0,0.0,0.0,1.0,0.0,0.0,1,1,1,1,25553,12059,10158,9917,18861,1,1,1,25429,8004,1,4972,18762,25170,1.0,1:54,2015,2016
2015-16,2749,Jameer Nelson,Jameer,1610612743,DEN,Denver Nuggets,21500212,2015-11-24T00:00:00,DEN vs. LAC,L,24.4,0.0,0.0,0.0,0.0,4.0,3.0,2.0,16.0,0.0,0.0,1.0,2.0,6.7,1,13074,13074,13074,12177,12059,10158,9917,18861,6141,7138,4025,15259,8004,1,4972,7786,21376,1.0,24:26,2015,2016
2015-16,101108,Chris Paul,Chris,1610612746,LAC,LA Clippers,21500212,2015-11-24T00:00:00,LAC @ DEN,W,28.1,5.0,1.0,2.0,6.0,0.0,3.0,4.0,26.0,0.0,0.0,1.0,2.0,41.4,1,1,1,1,9140,1603,9709,4675,5299,1,7138,8806,7214,8004,1,4972,7786,2060,1.0,28:07,2015,2016
2015-16,200755,JJ Redick,JJ,1610612746,LAC,LA Clippers,21500212,2015-11-24T00:00:00,LAC @ DEN,W,28.1,0.0,3.0,0.0,2.0,0.0,3.0,4.0,26.0,0.0,0.0,2.0,2.0,20.4,1,1,1,1,9140,12059,3104,9917,12984,1,7138,8806,7214,8004,1,11390,7786,11453,1.0,28:07,2015,2016
2015-16,201588,George Hill,George,1610612754,IND,Indiana Pacers,21500209,2015-11-24T00:00:00,IND @ WAS,W,32.5,0.0,3.0,0.0,6.0,16.0,6.0,14.0,20.0,0.0,0.0,1.0,2.0,27.3,1,1,1,1,5518,12059,3104,9917,5299,23774,13237,23710,11929,8004,1,4972,7786,7236,1.0,32:29,2015,2016
2015-16,201933,Blake Griffin,Blake,1610612746,LAC,LA Clippers,21500212,2015-11-24T00:00:00,LAC @ DEN,W,33.1,2.0,0.0,0.0,0.0,2.0,3.0,4.0,28.0,1.0,0.0,2.0,5.0,41.0,1,1,1,1,5016,6026,10158,9917,18861,2619,7138,8806,5824,2692,1,11390,1539,2143,1.0,33:08,2015,2016
2015-16,201589,Darrell Arthur,Darrell,1610612743,DEN,Denver Nuggets,21500212,2015-11-24T00:00:00,DEN vs. LAC,L,29.6,0.0,3.0,0.0,6.0,13.0,9.0,4.0,14.0,0.0,1.0,5.0,3.0,15.5,1,13074,13074,13074,7864,12059,3104,9917,5299,21300,19144,8806,17019,8004,17214,24686,4736,15004,1.0,29:38,2015,2016
2015-16,202334,Ed Davis,Ed,1610612757,POR,Portland Trail Blazers,21500213,2015-11-24T00:00:00,POR vs. CHI,L,35.1,4.0,7.0,0.0,10.0,10.0,6.0,7.0,32.0,2.0,0.0,4.0,3.0,41.6,1,13074,13074,13074,3439,2460,292,9917,1840,17370,13237,15538,3535,932,1,22104,4736,2021,1.0,35:08,2015,2016
2015-16,203488,Mike Muscala,Mike,1610612737,ATL,Atlanta Hawks,21500210,2015-11-24T00:00:00,ATL vs. BOS,W,15.5,0.0,0.0,0.0,0.0,11.0,3.0,12.0,16.0,2.0,0.0,2.0,0.0,15.6,1,1,1,1,19414,12059,10158,9917,18861,18886,7138,22259,15259,932,1,11390,18762,14916,1.0,15:29,2015,2016
2015-16,1626204,Larry Nance Jr.,Larry,1610612747,LAL,Los Angeles Lakers,21500214,2015-11-24T00:00:00,LAL @ GSW,L,17.9,2.0,2.0,0.0,4.0,7.0,8.0,6.0,24.0,0.0,0.0,1.0,1.0,15.4,1,13074,13074,13074,17564,6026,4731,9917,8599,12242,17345,13388,8723,8004,1,4972,12373,15066,1.0,17:56,2015,2016
2015-16,203939,Dwight Powell,Dwight,1610612742,DAL,Dallas Mavericks,21500211,2015-11-24T00:00:00,DAL @ MEM,L,20.7,0.0,0.0,0.0,2.0,10.0,2.0,12.0,24.0,2.0,1.0,0.0,2.0,20.1,1,13074,13074,13074,15345,12059,10158,9917,12984,17370,3734,22259,8723,932,17214,1,7786,11685,1.0,20:39,2015,2016
2015-16,201579,Roy Hibbert,Roy,1610612747,LAL,Los Angeles Lakers,21500214,2015-11-24T00:00:00,LAL @ GSW,L,23.2,0.0,0.0,0.0,0.0,6.0,8.0,9.0,26.0,1.0,1.0,2.0,2.0,15.7,1,13074,13074,13074,13244,12059,10158,9917,18861,10028,17345,18829,7214,2692,17214,11390,7786,14841,1.0,23:09,2015,2016
2015-16,203471,Dennis Schröder,Dennis,1610612737,ATL,Atlanta Hawks,21500210,2015-11-24T00:00:00,ATL vs. BOS,W,19.4,0.0,2.0,0.0,2.0,9.0,4.0,8.0,14.0,0.0,0.0,0.0,4.0,11.8,1,1,1,1,16363,12059,4731,9917,12984,15771,8458,17194,17019,8004,1,1,2748,17832,1.0,19:26,2015,2016
2015-16,203110,Draymond Green,Draymond,1610612744,GSW,Golden State Warriors,21500214,2015-11-24T00:00:00,GSW vs. LAL,W,30.3,2.0,2.0,0.0,10.0,6.0,6.0,6.0,18.0,2.0,0.0,0.0,1.0,40.9,1,1,1,1,7284,6026,4731,9917,1840,10028,13237,13388,13577,932,1,1,12373,2166,1.0,30:16,2015,2016
2015-16,2440,Matt Barnes,Matt,1610612763,MEM,Memphis Grizzlies,21500211,2015-11-24T00:00:00,MEM vs. DAL,W,38.0,2.0,0.0,4.0,2.0,11.0,7.0,13.0,16.0,0.0,0.0,3.0,1.0,30.9,1,1,1,1,1515,6026,10158,1913,12984,18886,15642,23048,15259,8004,1,17641,12373,5452,1.0,37:59,2015,2016
2015-16,101138,Brandon Bass,Brandon,1610612747,LAL,Los Angeles Lakers,21500214,2015-11-24T00:00:00,LAL @ GSW,L,12.9,2.0,2.0,2.0,2.0,3.0,1.0,4.0,14.0,0.0,0.0,1.0,0.0,12.0,1,13074,13074,13074,21055,6026,4731,4675,12984,5109,3393,8806,17019,8004,1,4972,18762,17703,1.0,12:51,2015,2016
2015-16,101139,CJ Miles,CJ,1610612754,IND,Indiana Pacers,21500209,2015-11-24T00:00:00,IND @ WAS,W,32.8,9.0,2.0,2.0,2.0,16.0,9.0,9.0,26.0,0.0,0.0,1.0,2.0,41.1,1,1,1,1,5262,171,4731,4675,12984,23774,19144,18829,7214,8004,1,4972,7786,2123,1.0,32:49,2015,2016
2015-16,202710,Jimmy Butler III,Jimmy,1610612741,CHI,Chicago Bulls,21500213,2015-11-24T00:00:00,CHI @ POR,W,36.2,9.0,0.0,4.0,6.0,6.0,9.0,9.0,32.0,0.0,0.0,1.0,8.0,40.4,1,1,1,1,2620,171,10158,1913,5299,10028,19144,18829,3535,8004,1,4972,254,2274,1.0,36:12,2015,2016
2015-16,201149,Joakim Noah,Joakim,1610612741,CHI,Chicago Bulls,21500213,2015-11-24T00:00:00,CHI @ POR,W,20.2,2.0,0.0,0.0,4.0,4.0,2.0,2.0,20.0,2.0,1.0,3.0,1.0,20.7,1,1,1,1,15728,6026,10158,9917,8599,6141,3734,4025,11929,932,17214,17641,12373,11252,1.0,20:12,2015,2016
2015-16,202390,Gary Neal,Gary,1610612764,WAS,Washington Wizards,21500209,2015-11-24T00:00:00,WAS vs. IND,L,28.9,2.0,0.0,3.0,2.0,13.0,5.0,4.0,18.0,0.0,0.0,1.0,1.0,26.6,1,13074,13074,13074,8462,6026,10158,3302,12984,21300,11469,8806,13577,8004,1,4972,12373,7566,1.0,28:53,2015,2016
2015-16,202331,Paul George,Paul,1610612754,IND,Indiana Pacers,21500209,2015-11-24T00:00:00,IND @ WAS,W,36.6,4.0,0.0,8.0,6.0,16.0,12.0,11.0,26.0,0.0,0.0,1.0,5.0,57.6,1,1,1,1,2346,2460,10158,280,5299,23774,22832,21342,7214,8004,1,4972,1539,287,1.0,36:35,2015,2016
2015-16,203903,Jordan Clarkson,Jordan,1610612747,LAL,Los Angeles Lakers,21500214,2015-11-24T00:00:00,LAL @ GSW,L,26.5,0.0,2.0,0.0,4.0,4.0,5.0,11.0,30.0,0.0,2.0,1.0,1.0,7.4,1,13074,13074,13074,10422,12059,4731,9917,8599,6141,11469,21342,4541,8004,23588,4972,12373,20912,1.0,26:32,2015,2016
2015-16,2585,Zaza Pachulia,Zaza,1610612742,DAL,Dallas Mavericks,21500211,2015-11-24T00:00:00,DAL @ MEM,L,28.4,4.0,2.0,2.0,2.0,11.0,8.0,10.0,28.0,0.0,1.0,3.0,8.0,29.5,1,13074,13074,13074,8954,2460,4731,4675,12984,18886,17345,20169,5824,8004,17214,17641,254,6103,1.0,28:22,2015,2016
2015-16,2037,Jamal Crawford,Jamal,1610612746,LAC,LA Clippers,21500212,2015-11-24T00:00:00,LAC @ DEN,W,24.0,0.0,0.0,0.0,2.0,7.0,1.0,3.0,6.0,0.0,0.0,1.0,4.0,24.6,1,1,1,1,12534,12059,10158,9917,12984,12242,3393,7328,22724,8004,1,4972,2748,8724,1.0,24:01,2015,2016
2015-16,201599,DeAndre Jordan,DeAndre,1610612746,LAC,LA Clippers,21500212,2015-11-24T00:00:00,LAC @ DEN,W,26.9,4.0,3.0,0.0,6.0,0.0,3.0,4.0,24.0,4.0,0.0,4.0,15.0,50.7,1,1,1,1,10139,2460,3104,9917,5299,1,7138,8806,8723,132,1,22104,6,677,1.0,26:51,2015,2016
2015-16,200794,Paul Millsap,Paul,1610612737,ATL,Atlanta Hawks,21500210,2015-11-24T00:00:00,ATL vs. BOS,W,31.7,4.0,4.0,0.0,18.0,14.0,7.0,18.0,26.0,1.0,0.0,3.0,4.0,44.3,1,1,1,1,6184,2460,1596,9917,131,22292,15642,25228,7214,2692,1,17641,2748,1499,1.0,31:39,2015,2016
2015-16,201939,Stephen Curry,Stephen,1610612744,GSW,Golden State Warriors,21500214,2015-11-24T00:00:00,GSW vs. LAL,W,30.2,0.0,0.0,6.0,10.0,6.0,6.0,6.0,18.0,0.0,0.0,1.0,0.0,48.3,1,1,1,1,7398,12059,10158,740,1840,10028,13237,13388,13577,8004,1,4972,18762,932,1.0,30:10,2015,2016
2015-16,101162,Marcin Gortat,Marcin,1610612764,WAS,Washington Wizards,21500209,2015-11-24T00:00:00,WAS vs. IND,L,23.7,4.0,4.0,0.0,8.0,12.0,0.0,14.0,14.0,1.0,0.0,2.0,3.0,35.3,1,13074,13074,13074,12850,2460,1596,9917,3109,20178,1,23710,17019,2692,1,11390,4736,3719,1.0,23:40,2015,2016
2015-16,201568,Danilo Gallinari,Danilo,1610612743,DEN,Denver Nuggets,21500212,2015-11-24T00:00:00,DEN vs. LAC,L,36.7,0.0,0.0,0.0,2.0,15.0,10.0,4.0,18.0,0.0,1.0,3.0,10.0,44.1,1,13074,13074,13074,2301,12059,10158,9917,12984,23079,20509,8806,13577,8004,17214,17641,76,1542,1.0,36:40,2015,2016
2015-16,203081,Damian Lillard,Damian,1610612757,POR,Portland Trail Blazers,21500213,2015-11-24T00:00:00,POR vs. CHI,L,39.5,2.0,0.0,3.0,8.0,19.0,4.0,6.0,26.0,1.0,0.0,4.0,7.0,44.0,1,13074,13074,13074,888,6026,10158,3302,3109,25074,8458,13388,7214,2692,1,22104,469,1559,1.0,39:30,2015,2016
2015-16,201565,Derrick Rose,Derrick,1610612741,CHI,Chicago Bulls,21500213,2015-11-24T00:00:00,CHI @ POR,W,34.5,0.0,0.0,0.0,4.0,4.0,7.0,7.0,28.0,0.0,2.0,3.0,2.0,28.8,1,1,1,1,3928,12059,10158,9917,8599,6141,15642,15538,5824,8004,23588,17641,7786,6465,1.0,34:31,2015,2016
2015-16,201144,Mike Conley,Mike,1610612763,MEM,Memphis Grizzlies,21500211,2015-11-24T00:00:00,MEM vs. DAL,W,30.0,6.0,4.0,4.0,12.0,11.0,4.0,8.0,6.0,0.0,1.0,3.0,3.0,36.6,1,1,1,1,7555,878,1596,1913,988,18886,8458,17194,22724,8004,17214,17641,4736,3288,1.0,29:59,2015,2016
2015-16,201145,Jeff Green,Jeff,1610612763,MEM,Memphis Grizzlies,21500211,2015-11-24T00:00:00,MEM vs. DAL,W,34.8,8.0,4.0,8.0,14.0,10.0,4.0,10.0,12.0,2.0,2.0,3.0,2.0,36.9,1,1,1,1,3718,308,1596,280,542,17370,8458,20169,18637,932,23588,17641,7786,3210,1.0,34:46,2015,2016
2015-16,203468,CJ McCollum,CJ,1610612757,POR,Portland Trail Blazers,21500213,2015-11-24T00:00:00,POR vs. CHI,L,35.8,2.0,2.0,2.0,8.0,13.0,3.0,5.0,16.0,1.0,1.0,2.0,2.0,29.4,1,13074,13074,13074,2932,6026,4731,4675,3109,21300,7138,11593,15259,2692,17214,11390,7786,6143,1.0,35:45,2015,2016
2015-16,200757,Thabo Sefolosha,Thabo,1610612737,ATL,Atlanta Hawks,21500210,2015-11-24T00:00:00,ATL vs. BOS,W,26.1,5.0,2.0,3.0,12.0,5.0,8.0,4.0,16.0,3.0,0.0,3.0,2.0,44.9,1,1,1,1,10743,1603,4731,3302,988,8403,17345,8806,15259,347,1,17641,7786,1380,1.0,26:07,2015,2016
2015-16,101135,David Lee,David,1610612738,BOS,Boston Celtics,21500210,2015-11-24T00:00:00,BOS @ ATL,L,25.1,0.0,0.0,0.0,10.0,4.0,10.0,7.0,14.0,0.0,0.0,4.0,0.0,24.7,1,13074,13074,13074,11619,12059,10158,9917,1840,6141,20509,15538,17019,8004,1,22104,18762,8673,1.0,25:04,2015,2016
2015-16,2571,Leandro Barbosa,Leandro,1610612744,GSW,Golden State Warriors,21500214,2015-11-24T00:00:00,GSW vs. LAL,W,16.9,6.0,3.0,6.0,10.0,5.0,4.0,6.0,14.0,0.0,0.0,0.0,0.0,24.7,1,1,1,1,18331,878,3104,740,1840,8403,8458,13388,17019,8004,1,1,18762,8673,1.0,16:56,2015,2016
2015-16,203486,Mason Plumlee,Mason,1610612757,POR,Portland Trail Blazers,21500213,2015-11-24T00:00:00,POR vs. CHI,L,35.3,0.0,0.0,2.0,10.0,8.0,0.0,7.0,16.0,2.0,2.0,5.0,2.0,37.9,1,13074,13074,13074,3330,12059,10158,4675,1840,13914,1,15538,15259,932,23588,24686,7786,2931,1.0,35:17,2015,2016
2015-16,203943,Noah Vonleh,Noah,1610612757,POR,Portland Trail Blazers,21500213,2015-11-24T00:00:00,POR vs. CHI,L,12.4,2.0,2.0,2.0,4.0,6.0,1.0,0.0,4.0,1.0,0.0,3.0,0.0,13.6,1,13074,13074,13074,21347,6026,4731,4675,8599,10028,3393,1,23698,2692,1,17641,18762,16460,1.0,12:22,2015,2016
2015-16,1626154,RJ Hunter,RJ,1610612738,BOS,Boston Celtics,21500210,2015-11-24T00:00:00,BOS @ ATL,L,20.9,3.0,2.0,0.0,0.0,2.0,7.0,7.0,14.0,0.0,0.0,2.0,1.0,22.4,1,13074,13074,13074,15158,4307,4731,9917,18861,2619,15642,15538,17019,8004,1,11390,12373,10131,1.0,20:53,2015,2016
2015-16,201952,Jeff Teague,Jeff,1610612737,ATL,Atlanta Hawks,21500210,2015-11-24T00:00:00,ATL vs. BOS,W,25.7,4.0,0.0,2.0,4.0,8.0,7.0,10.0,20.0,0.0,1.0,5.0,5.0,32.5,1,1,1,1,11094,2460,10158,4675,8599,13914,15642,20169,11929,8004,17214,24686,1539,4726,1.0,25:43,2015,2016
2015-16,1717,Dirk Nowitzki,Dirk,1610612742,DAL,Dallas Mavericks,21500211,2015-11-24T00:00:00,DAL @ MEM,L,29.0,0.0,2.0,3.0,0.0,9.0,2.0,10.0,20.0,1.0,0.0,2.0,2.0,32.0,1,13074,13074,13074,8389,12059,4731,3302,18861,15771,3734,20169,11929,2692,1,11390,7786,4945,1.0,28:59,2015,2016
2015-16,1626156,D'Angelo Russell,D'Angelo,1610612747,LAL,Los Angeles Lakers,21500214,2015-11-24T00:00:00,LAL @ GSW,L,25.9,0.0,0.0,4.0,4.0,7.0,6.0,11.0,24.0,0.0,0.0,1.0,0.0,22.0,1,13074,13074,13074,10967,12059,10158,1913,8599,12242,13237,21342,8723,8004,1,4972,18762,10388,1.0,25:51,2015,2016
2015-16,201596,Mario Chalmers,Mario,1610612763,MEM,Memphis Grizzlies,21500211,2015-11-24T00:00:00,MEM vs. DAL,W,20.9,2.0,0.0,2.0,6.0,2.0,3.0,9.0,18.0,0.0,0.0,2.0,6.0,32.2,1,1,1,1,15140,6026,10158,4675,5299,2619,7138,18829,13577,8004,1,11390,873,4846,1.0,20:54,2015,2016
2015-16,202083,Wesley Matthews,Wesley,1610612742,DAL,Dallas Mavericks,21500211,2015-11-24T00:00:00,DAL @ MEM,L,32.6,0.0,0.0,0.0,0.0,11.0,6.0,10.0,26.0,0.0,1.0,4.0,2.0,21.8,1,13074,13074,13074,5421,12059,10158,9917,18861,18886,13237,20169,7214,8004,17214,22104,7786,10526,1.0,32:36,2015,2016
2015-16,203210,JaMychal Green,JaMychal,1610612763,MEM,Memphis Grizzlies,21500211,2015-11-24T00:00:00,MEM vs. DAL,W,17.0,0.0,0.0,2.0,6.0,4.0,0.0,6.0,14.0,0.0,0.0,4.0,2.0,21.7,1,1,1,1,18297,12059,10158,4675,5299,6141,1,13388,17019,8004,1,22104,7786,10592,1.0,16:58,2015,2016
2015-16,977,Kobe Bryant,Kobe,1610612747,LAL,Los Angeles Lakers,21500214,2015-11-24T00:00:00,LAL @ GSW,L,24.7,3.0,0.0,3.0,0.0,6.0,8.0,9.0,26.0,0.0,0.0,0.0,1.0,17.2,1,13074,13074,13074,11941,4307,10158,3302,18861,10028,17345,18829,7214,8004,1,1,12373,13725,1.0,24:41,2015,2016
2015-16,201941,Jordan Hill,Jordan,1610612754,IND,Indiana Pacers,21500209,2015-11-24T00:00:00,IND @ WAS,W,25.3,1.0,0.0,0.0,0.0,16.0,8.0,11.0,22.0,0.0,0.0,4.0,2.0,22.5,1,1,1,1,11446,11535,10158,9917,18861,23774,17345,21342,10265,8004,1,22104,7786,10082,1.0,25:18,2015,2016
2015-16,202340,Avery Bradley,Avery,1610612738,BOS,Boston Celtics,21500210,2015-11-24T00:00:00,BOS @ ATL,L,30.0,4.0,3.0,6.0,4.0,20.0,13.0,12.0,38.0,1.0,1.0,2.0,3.0,39.2,1,13074,13074,13074,7555,2460,3104,740,8599,25338,23668,22259,1422,2692,17214,11390,4736,2590,1.0,29:59,2015,2016
2015-16,202322,John Wall,John,1610612764,WAS,Washington Wizards,21500209,2015-11-24T00:00:00,WAS vs. IND,L,30.5,3.0,3.0,5.0,2.0,18.0,5.0,14.0,18.0,0.0,0.0,3.0,3.0,22.3,1,13074,13074,13074,7076,4307,3104,1277,12984,24749,11469,23710,13577,8004,1,17641,4736,10208,1.0,30:32,2015,2016
2015-16,2754,Tony Allen,Tony,1610612763,MEM,Memphis Grizzlies,21500211,2015-11-24T00:00:00,MEM vs. DAL,W,30.6,3.0,2.0,0.0,0.0,9.0,7.0,9.0,10.0,0.0,0.0,1.0,5.0,22.3,1,1,1,1,7012,4307,4731,9917,18861,15771,15642,18829,20209,8004,1,4972,1539,10208,1.0,30:37,2015,2016
2015-16,201188,Marc Gasol,Marc,1610612763,MEM,Memphis Grizzlies,21500211,2015-11-24T00:00:00,MEM vs. DAL,W,36.1,0.0,0.0,0.0,6.0,11.0,7.0,11.0,14.0,2.0,1.0,4.0,5.0,38.0,1,1,1,1,2658,12059,10158,9917,5299,18886,15642,21342,17019,932,17214,22104,1539,2903,1.0,36:07,2015,2016
2015-16,202718,Chandler Parsons,Chandler,1610612742,DAL,Dallas Mavericks,21500211,2015-11-24T00:00:00,DAL @ MEM,L,24.9,2.0,0.0,2.0,4.0,13.0,4.0,8.0,24.0,1.0,0.0,2.0,0.0,17.0,1,13074,13074,13074,11772,6026,10158,4675,8599,21300,8458,17194,8723,2692,1,11390,18762,13855,1.0,24:53,2015,2016
2015-16,2200,Pau Gasol,Pau,1610612741,CHI,Chicago Bulls,21500213,2015-11-24T00:00:00,CHI @ POR,W,28.6,0.0,0.0,0.0,8.0,6.0,9.0,7.0,24.0,1.0,3.0,1.0,3.0,31.8,1,1,1,1,8732,12059,10158,9917,3109,10028,19144,15538,8723,2692,25441,4972,4736,5041,1.0,28:36,2015,2016
2015-16,2738,Andre Iguodala,Andre,1610612744,GSW,Golden State Warriors,21500214,2015-11-24T00:00:00,GSW vs. LAL,W,22.0,2.0,0.0,2.0,4.0,11.0,6.0,7.0,18.0,0.0,0.0,0.0,1.0,25.8,1,1,1,1,14179,6026,10158,4675,8599,18886,13237,15538,13577,8004,1,1,12373,8022,1.0,21:59,2015,2016
2015-16,201196,Ramon Sessions,Ramon,1610612764,WAS,Washington Wizards,21500209,2015-11-24T00:00:00,WAS vs. IND,L,17.5,9.0,0.0,4.0,6.0,5.0,0.0,2.0,8.0,0.0,0.0,2.0,1.0,18.7,1,13074,13074,13074,17926,171,10158,1913,5299,8403,1,4025,21543,8004,1,11390,12373,12648,1.0,17:28,2015,2016
2015-16,101133,Ian Mahinmi,Ian,1610612754,IND,Indiana Pacers,21500209,2015-11-24T00:00:00,IND @ WAS,W,22.0,2.0,0.0,2.0,6.0,9.0,5.0,5.0,14.0,0.0,1.0,4.0,4.0,25.8,1,1,1,1,14163,6026,10158,4675,5299,15771,11469,11593,17019,8004,17214,22104,2748,8022,1.0,22:00,2015,2016
2015-16,2594,Kyle Korver,Kyle,1610612737,ATL,Atlanta Hawks,21500210,2015-11-24T00:00:00,ATL vs. BOS,W,33.0,7.0,2.0,4.0,2.0,14.0,7.0,18.0,26.0,0.0,1.0,2.0,1.0,25.9,1,1,1,1,5104,548,4731,1913,12984,22292,15642,25228,7214,8004,17214,11390,12373,7960,1.0,33:01,2015,2016
2015-16,202703,Nikola Mirotic,Nikola,1610612741,CHI,Chicago Bulls,21500213,2015-11-24T00:00:00,CHI @ POR,W,29.3,6.0,4.0,2.0,2.0,6.0,9.0,9.0,26.0,0.0,2.0,2.0,3.0,23.1,1,1,1,1,8106,878,1596,4675,12984,10028,19144,18829,7214,8004,23588,11390,4736,9699,1.0,29:20,2015,2016
2015-16,101109,Raymond Felton,Raymond,1610612742,DAL,Dallas Mavericks,21500211,2015-11-24T00:00:00,DAL @ MEM,L,23.4,3.0,3.0,0.0,0.0,10.0,6.0,12.0,26.0,0.0,0.0,4.0,3.0,23.8,1,13074,13074,13074,13048,4307,3104,9917,18861,17370,13237,22259,7214,8004,1,22104,4736,9261,1.0,23:24,2015,2016
2015-16,203105,Festus Ezeli,Festus,1610612744,GSW,Golden State Warriors,21500214,2015-11-24T00:00:00,GSW vs. LAL,W,16.0,2.0,1.0,0.0,8.0,7.0,2.0,3.0,12.0,0.0,0.0,3.0,4.0,18.9,1,1,1,1,19050,6026,9709,9917,3109,12242,3734,7328,18637,8004,1,17641,2748,12513,1.0,15:59,2015,2016
2015-16,203078,Bradley Beal,Bradley,1610612764,WAS,Washington Wizards,21500209,2015-11-24T00:00:00,WAS vs. IND,L,34.7,2.0,0.0,2.0,8.0,19.0,5.0,16.0,24.0,0.0,0.0,0.0,1.0,34.3,1,13074,13074,13074,3825,6026,10158,4675,3109,25074,11469,24641,8723,8004,1,1,12373,4063,1.0,34:39,2015,2016
2015-16,101161,Amir Johnson,Amir,1610612738,BOS,Boston Celtics,21500210,2015-11-24T00:00:00,BOS @ ATL,L,21.7,0.0,2.0,0.0,2.0,18.0,8.0,7.0,34.0,1.0,1.0,0.0,3.0,14.9,1,13074,13074,13074,14446,12059,4731,9917,12984,24749,17345,15538,2701,2692,17214,1,4736,15463,1.0,21:41,2015,2016
2015-16,201143,Al Horford,Al,1610612737,ATL,Atlanta Hawks,21500210,2015-11-24T00:00:00,ATL vs. BOS,W,26.7,2.0,2.0,0.0,4.0,4.0,8.0,6.0,18.0,1.0,0.0,2.0,1.0,22.8,1,1,1,1,10287,6026,4731,9917,8599,6141,17345,13388,13577,2692,1,11390,12373,9883,1.0,26:41,2015,2016
2015-16,202066,Garrett Temple,Garrett,1610612764,WAS,Washington Wizards,21500209,2015-11-24T00:00:00,WAS vs. IND,L,17.5,0.0,2.0,0.0,2.0,6.0,0.0,0.0,6.0,0.0,0.0,3.0,2.0,10.2,1,13074,13074,13074,17889,12059,4731,9917,12984,10028,1,1,22724,8004,1,17641,7786,19003,1.0,17:31,2015,2016
2015-16,203546,Ian Clark,Ian,1610612744,GSW,Golden State Warriors,21500214,2015-11-24T00:00:00,GSW vs. LAL,W,6.1,0.0,0.0,0.0,0.0,0.0,2.0,1.0,2.0,0.0,0.0,0.0,0.0,9.9,1,1,1,1,23940,12059,10158,9917,18861,1,3734,3646,24614,8004,1,1,18762,19247,1.0,6:03,2015,2016
2015-16,203944,Julius Randle,Julius,1610612747,LAL,Los Angeles Lakers,21500214,2015-11-24T00:00:00,LAL @ GSW,L,24.0,2.0,0.0,2.0,6.0,4.0,5.0,9.0,28.0,1.0,1.0,0.0,2.0,23.2,1,13074,13074,13074,12536,6026,10158,4675,5299,6141,11469,18829,5824,2692,17214,1,7786,9630,1.0,24:01,2015,2016
2015-16,2403,Nene,ene,1610612764,WAS,Washington Wizards,21500209,2015-11-24T00:00:00,WAS vs. IND,L,22.6,3.0,1.0,0.0,4.0,11.0,5.0,2.0,12.0,0.0,0.0,1.0,5.0,25.4,1,13074,13074,13074,13679,4307,9709,9917,8599,18886,11469,4025,18637,8004,1,4972,1539,8273,1.0,22:37,2015,2016
2015-16,101106,Andrew Bogut,Andrew,1610612744,GSW,Golden State Warriors,21500214,2015-11-24T00:00:00,GSW vs. LAL,W,20.9,0.0,0.0,0.0,8.0,2.0,2.0,9.0,12.0,2.0,1.0,2.0,2.0,25.4,1,1,1,1,15125,12059,10158,9917,3109,2619,3734,18829,18637,932,17214,11390,7786,8273,1.0,20:55,2015,2016
2015-16,101114,Deron Williams,Deron,1610612742,DAL,Dallas Mavericks,21500211,2015-11-24T00:00:00,DAL @ MEM,L,33.6,0.0,0.0,4.0,4.0,19.0,10.0,16.0,42.0,1.0,1.0,5.0,2.0,14.9,1,13074,13074,13074,4708,12059,10158,1913,8599,25074,20509,24641,670,2692,17214,24686,7786,15463,1.0,33:33,2015,2016
2015-16,203459,Allen Crabbe,Allen,1610612757,POR,Portland Trail Blazers,21500213,2015-11-24T00:00:00,POR vs. CHI,L,30.9,0.0,0.0,0.0,0.0,13.0,5.0,7.0,28.0,0.0,0.0,2.0,2.0,14.9,1,13074,13074,13074,6847,12059,10158,9917,18861,21300,11469,15538,5824,8004,1,11390,7786,15463,1.0,30:51,2015,2016
2015-16,201959,Taj Gibson,Taj,1610612741,CHI,Chicago Bulls,21500213,2015-11-24T00:00:00,CHI @ POR,W,17.5,4.0,2.0,0.0,4.0,4.0,2.0,0.0,18.0,0.0,0.0,2.0,2.0,22.9,1,1,1,1,17901,2460,4731,9917,8599,6141,3734,1,13577,8004,1,11390,7786,9811,1.0,17:29,2015,2016
2015-16,203926,Doug McDermott,Doug,1610612741,CHI,Chicago Bulls,21500213,2015-11-24T00:00:00,CHI @ POR,W,25.3,0.0,0.0,0.0,4.0,4.0,4.0,0.0,22.0,0.0,0.0,1.0,0.0,9.9,1,1,1,1,11440,12059,10158,9917,8599,6141,8458,1,10265,8004,1,4972,18762,19247,1.0,25:19,2015,2016
2015-16,202691,Klay Thompson,Klay,1610612744,GSW,Golden State Warriors,21500214,2015-11-24T00:00:00,GSW vs. LAL,W,27.7,3.0,0.0,2.0,2.0,4.0,6.0,9.0,16.0,1.0,0.0,0.0,3.0,19.6,1,1,1,1,9469,4307,10158,4675,12984,6141,13237,18829,15259,2692,1,1,4736,12024,1.0,27:41,2015,2016
2015-16,202329,Al-Farouq Aminu,Al-Farouq,1610612757,POR,Portland Trail Blazers,21500213,2015-11-24T00:00:00,POR vs. CHI,L,21.7,0.0,0.0,0.0,0.0,11.0,1.0,4.0,10.0,1.0,0.0,1.0,1.0,14.7,1,13074,13074,13074,14438,12059,10158,9917,18861,18886,3393,8806,20209,2692,1,4972,12373,15631,1.0,21:42,2015,2016
2015-16,201581,JJ Hickson,JJ,1610612743,DEN,Denver Nuggets,21500212,2015-11-24T00:00:00,DEN vs. LAC,L,19.3,4.0,0.0,0.0,6.0,2.0,5.0,2.0,10.0,0.0,0.0,1.0,4.0,19.0,1,13074,13074,13074,16469,2460,10158,9917,5299,2619,11469,4025,20209,8004,1,4972,2748,12440,1.0,19:17,2015,2016
2015-16,203934,Lamar Patterson,Lamar,1610612737,ATL,Atlanta Hawks,21500210,2015-11-24T00:00:00,ATL vs. BOS,W,22.9,0.0,3.0,3.0,0.0,12.0,3.0,14.0,20.0,0.0,0.0,4.0,1.0,23.7,1,1,1,1,13454,12059,3104,3302,18861,20178,7138,23710,11929,8004,1,22104,12373,9329,1.0,22:54,2015,2016
2015-16,203118,Mike Scott,Mike,1610612737,ATL,Atlanta Hawks,21500210,2015-11-24T00:00:00,ATL vs. BOS,W,17.9,0.0,3.0,2.0,8.0,8.0,4.0,0.0,8.0,0.0,0.0,3.0,1.0,14.7,1,1,1,1,17564,12059,3104,4675,3109,13914,8458,1,21543,8004,1,17641,12373,15631,1.0,17:56,2015,2016
2015-16,203999,Nikola Jokić,Nikola,1610612743,DEN,Denver Nuggets,21500212,2015-11-24T00:00:00,DEN vs. LAC,L,24.5,0.0,0.0,2.0,10.0,4.0,5.0,4.0,12.0,0.0,2.0,5.0,2.0,25.2,1,13074,13074,13074,12157,12059,10158,4675,1840,6141,11469,8806,18637,8004,23588,24686,7786,8383,1.0,24:27,2015,2016
2015-16,203516,James Ennis III,James,1610612763,MEM,Memphis Grizzlies,21500211,2015-11-24T00:00:00,MEM vs. DAL,W,2.3,0.0,0.0,0.0,0.0,2.0,0.0,2.0,0.0,0.0,0.0,0.0,0.0,3.0,1,1,1,1,25433,12059,10158,9917,18861,2619,1,4025,25429,8004,1,1,18762,23648,1.0,2:16,2015,2016
2015-16,201584,Courtney Lee,Courtney,1610612763,MEM,Memphis Grizzlies,21500211,2015-11-24T00:00:00,MEM vs. DAL,W,17.9,0.0,0.0,0.0,0.0,2.0,3.0,4.0,16.0,0.0,1.0,1.0,0.0,2.4,1,1,1,1,17579,12059,10158,9917,18861,2619,7138,8806,15259,8004,17214,4972,18762,24024,1.0,17:55,2015,2016
2015-16,2746,Josh Smith,Josh,1610612746,LAC,LA Clippers,21500212,2015-11-24T00:00:00,LAC @ DEN,W,18.4,0.0,1.0,0.0,6.0,7.0,0.0,3.0,8.0,1.0,0.0,2.0,2.0,21.2,1,1,1,1,17143,12059,9709,9917,5299,12242,1,7328,21543,2692,1,11390,7786,10936,1.0,18:27,2015,2016
2015-16,1626144,Emmanuel Mudiay,Emmanuel,1610612743,DEN,Denver Nuggets,21500212,2015-11-24T00:00:00,DEN vs. LAC,L,23.6,0.0,0.0,2.0,4.0,11.0,8.0,4.0,12.0,0.0,0.0,4.0,1.0,16.6,1,13074,13074,13074,12920,12059,10158,4675,8599,18886,17345,8806,18637,8004,1,22104,12373,14125,1.0,23:34,2015,2016
2015-16,2034,Mike Miller,Mike,1610612743,DEN,Denver Nuggets,21500212,2015-11-24T00:00:00,DEN vs. LAC,L,13.3,3.0,0.0,3.0,0.0,2.0,1.0,2.0,12.0,0.0,0.0,3.0,0.0,13.2,1,13074,13074,13074,20776,4307,10158,3302,18861,2619,3393,4025,18637,8004,1,17641,18762,16768,1.0,13:21,2015,2016
2015-16,203096,Jared Sullinger,Jared,1610612738,BOS,Boston Celtics,21500210,2015-11-24T00:00:00,BOS @ ATL,L,21.5,0.0,2.0,0.0,4.0,15.0,9.0,7.0,28.0,0.0,1.0,1.0,4.0,16.0,1,13074,13074,13074,14643,12059,4731,9917,8599,23079,19144,15538,5824,8004,17214,4972,2748,14590,1.0,21:27,2015,2016
2015-16,202325,Wesley Johnson,Wesley,1610612746,LAC,LA Clippers,21500212,2015-11-24T00:00:00,LAC @ DEN,W,24.6,2.0,3.0,2.0,2.0,0.0,2.0,4.0,26.0,1.0,0.0,5.0,0.0,17.9,1,1,1,1,12065,6026,3104,4675,12984,1,3734,8806,7214,2692,1,24686,18762,13229,1.0,24:33,2015,2016
2015-16,203490,Otto Porter Jr.,Otto,1610612764,WAS,Washington Wizards,21500209,2015-11-24T00:00:00,WAS vs. IND,L,25.0,2.0,0.0,2.0,2.0,15.0,5.0,14.0,14.0,0.0,0.0,4.0,2.0,21.1,1,13074,13074,13074,11691,6026,10158,4675,12984,23079,11469,23710,17019,8004,1,22104,7786,11012,1.0,24:59,2015,2016
2015-16,101145,Monta Ellis,Monta,1610612754,IND,Indiana Pacers,21500209,2015-11-24T00:00:00,IND @ WAS,W,35.3,2.0,0.0,2.0,2.0,18.0,12.0,11.0,28.0,0.0,0.0,3.0,3.0,21.5,1,1,1,1,3333,6026,10158,4675,12984,24749,22832,21342,5824,8004,1,17641,4736,10755,1.0,35:16,2015,2016
2015-16,200826,J.J. Barea,J.J.,1610612742,DAL,Dallas Mavericks,21500211,2015-11-24T00:00:00,DAL @ MEM,L,27.0,2.0,0.0,2.0,8.0,12.0,8.0,12.0,28.0,0.0,0.0,4.0,4.0,21.4,1,13074,13074,13074,10052,6026,10158,4675,3109,20178,17345,22259,5824,8004,1,22104,2748,10807,1.0,26:57,2015,2016
2015-16,201574,Jason Thompson,Jason,1610612744,GSW,Golden State Warriors,21500214,2015-11-24T00:00:00,GSW vs. LAL,W,12.0,1.0,3.0,0.0,2.0,0.0,4.0,1.0,10.0,1.0,0.0,2.0,1.0,12.9,1,1,1,1,21529,11535,3104,9917,12984,1,8458,3646,20209,2692,1,11390,12373,17049,1.0,12:00,2015,2016
2015-16,202379,Jeremy Evans,Jeremy,1610612742,DAL,Dallas Mavericks,21500211,2015-11-24T00:00:00,DAL @ MEM,L,4.4,0.0,0.0,0.0,0.0,4.0,0.0,2.0,4.0,1.0,0.0,1.0,0.0,8.4,1,13074,13074,13074,24596,12059,10158,9917,18861,6141,1,4025,23698,2692,1,4972,18762,20273,1.0,4:21,2015,2016
2015-16,1626273,Marcelo Huertas,Marcelo,1610612747,LAL,Los Angeles Lakers,21500214,2015-11-24T00:00:00,LAL @ GSW,L,12.0,0.0,2.0,0.0,2.0,7.0,5.0,6.0,16.0,0.0,1.0,1.0,0.0,8.2,1,13074,13074,13074,21529,12059,4731,9917,12984,12242,11469,13388,15259,8004,17214,4972,18762,20416,1.0,12:00,2015,2016
2015-16,1626202,Joe Young,Joe,1610612754,IND,Indiana Pacers,21500209,2015-11-24T00:00:00,IND @ WAS,W,0.7,0.0,0.0,0.0,0.0,0.0,0.0,0.0,0.0,0.0,0.0,0.0,0.0,2.7,1,1,1,1,25934,12059,10158,9917,18861,1,1,1,25429,8004,1,1,18762,23884,1.0,0:42,2015,2016
2015-16,202738,Isaiah Thomas,Isaiah,1610612738,BOS,Boston Celtics,21500210,2015-11-24T00:00:00,BOS @ ATL,L,26.9,4.0,0.0,4.0,2.0,15.0,9.0,7.0,36.0,0.0,1.0,4.0,5.0,21.0,1,13074,13074,13074,10099,2460,10158,1913,12984,23079,19144,15538,1943,8004,17214,22104,1539,11077,1.0,26:54,2015,2016
2015-16,202362,Lance Stephenson,Lance,1610612746,LAC,LA Clippers,21500212,2015-11-24T00:00:00,LAC @ DEN,W,14.9,2.0,0.0,2.0,2.0,5.0,0.0,3.0,4.0,0.0,0.0,1.0,1.0,8.4,1,1,1,1,19854,6026,10158,4675,12984,8403,1,7328,23698,8004,1,4972,12373,20273,1.0,14:52,2015,2016
2015-16,203115,Will Barton,Will,1610612743,DEN,Denver Nuggets,21500212,2015-11-24T00:00:00,DEN vs. LAC,L,19.6,0.0,0.0,0.0,0.0,11.0,2.0,2.0,16.0,0.0,1.0,3.0,1.0,2.6,1,13074,13074,13074,16225,12059,10158,9917,18861,18886,3734,4025,15259,8004,17214,17641,12373,23982,1.0,19:37,2015,2016
2015-16,203914,Gary Harris,Gary,1610612743,DEN,Denver Nuggets,21500212,2015-11-24T00:00:00,DEN vs. LAC,L,34.6,0.0,0.0,0.0,4.0,13.0,10.0,4.0,18.0,0.0,3.0,5.0,1.0,18.1,1,13074,13074,13074,3903,12059,10158,9917,8599,21300,20509,8806,13577,8004,25441,24686,12373,13090,1.0,34:33,2015,2016
2015-16,201578,Marreese Speights,Marreese,1610612744,GSW,Golden State Warriors,21500214,2015-11-24T00:00:00,GSW vs. LAL,W,11.8,0.0,0.0,0.0,0.0,5.0,2.0,9.0,6.0,0.0,1.0,2.0,0.0,2.4,1,1,1,1,21693,12059,10158,9917,18861,8403,3734,18829,22724,8004,17214,11390,18762,24024,1.0,11:47,2015,2016
2015-16,202323,Evan Turner,Evan,1610612738,BOS,Boston Celtics,21500210,2015-11-24T00:00:00,BOS @ ATL,L,25.9,2.0,2.0,4.0,4.0,9.0,12.0,9.0,22.0,0.0,0.0,1.0,3.0,21.3,1,13074,13074,13074,10918,6026,4731,1913,8599,15771,22832,18829,10265,8004,1,4972,4736,10880,1.0,25:54,2015,2016
2015-16,203109,Jae Crowder,Jae,1610612738,BOS,Boston Celtics,21500210,2015-11-24T00:00:00,BOS @ ATL,L,25.8,4.0,0.0,4.0,6.0,20.0,8.0,7.0,36.0,0.0,1.0,2.0,1.0,12.6,1,13074,13074,13074,11062,2460,10158,1913,5299,25338,17345,15538,1943,8004,17214,11390,12373,17277,1.0,25:45,2015,2016
2015-16,204028,Tarik Black,Tarik,1610612747,LAL,Los Angeles Lakers,21500214,2015-11-24T00:00:00,LAL @ GSW,L,12.0,0.0,2.0,0.0,6.0,7.0,5.0,6.0,16.0,0.0,0.0,3.0,2.0,13.2,1,13074,13074,13074,21529,12059,4731,9917,5299,12242,11469,13388,15259,8004,1,17641,7786,16768,1.0,12:00,2015,2016
2015-16,101111,Charlie Villanueva,Charlie,1610612742,DAL,Dallas Mavericks,21500211,2015-11-24T00:00:00,DAL @ MEM,L,9.4,0.0,0.0,0.0,2.0,6.0,4.0,4.0,16.0,0.0,0.0,0.0,0.0,2.0,1,13074,13074,13074,22667,12059,10158,9917,12984,10028,8458,8806,15259,8004,1,1,18762,24216,1.0,9:25,2015,2016
2015-16,204002,Edy Tavares,Edy,1610612737,ATL,Atlanta Hawks,21500210,2015-11-24T00:00:00,ATL vs. BOS,W,2.9,0.0,0.0,0.0,0.0,3.0,0.0,0.0,0.0,0.0,0.0,0.0,0.0,1.7,1,1,1,1,25179,12059,10158,9917,18861,5109,1,1,25429,8004,1,1,18762,24436,1.0,2:51,2015,2016
2015-16,203092,Tyler Zeller,Tyler,1610612738,BOS,Boston Celtics,21500210,2015-11-24T00:00:00,BOS @ ATL,L,5.4,0.0,0.0,0.0,0.0,5.0,2.0,0.0,4.0,0.0,0.0,0.0,1.0,2.0,1,13074,13074,13074,24212,12059,10158,9917,18861,8403,3734,1,23698,8004,1,1,12373,24216,1.0,5:24,2015,2016
2015-16,201978,Chase Budinger,Chase,1610612754,IND,Indiana Pacers,21500209,2015-11-24T00:00:00,IND @ WAS,W,15.2,2.0,0.0,2.0,2.0,11.0,1.0,5.0,14.0,0.0,0.0,1.0,0.0,10.7,1,1,1,1,19614,6026,10158,4675,12984,18886,3393,11593,17019,8004,1,4972,18762,18636,1.0,15:13,2015,2016
2015-16,203084,Harrison Barnes,Harrison,1610612744,GSW,Golden State Warriors,21500214,2015-11-24T00:00:00,GSW vs. LAL,W,23.1,0.0,3.0,3.0,0.0,2.0,4.0,9.0,14.0,0.0,0.0,1.0,2.0,10.9,1,1,1,1,13334,12059,3104,3302,18861,2619,8458,18829,17019,8004,1,4972,7786,18498,1.0,23:03,2015,2016
2015-16,203923,James Young,James,1610612738,BOS,Boston Celtics,21500210,2015-11-24T00:00:00,BOS @ ATL,L,3.2,3.0,0.0,0.0,0.0,0.0,0.0,0.0,0.0,0.0,0.0,0.0,0.0,6.0,1,13074,13074,13074,25054,4307,10158,9917,18861,1,1,1,25429,8004,1,1,18762,21878,1.0,3:11,2015,2016
2015-16,2733,Shaun Livingston,Shaun,1610612744,GSW,Golden State Warriors,21500214,2015-11-24T00:00:00,GSW vs. LAL,W,15.2,0.0,2.0,0.0,2.0,7.0,2.0,8.0,14.0,0.0,0.0,2.0,1.0,10.7,1,1,1,1,19627,12059,4731,9917,12984,12242,3734,17194,17019,8004,1,11390,12373,18636,1.0,15:11,2015,2016
2015-16,201945,Gerald Henderson,Gerald,1610612757,POR,Portland Trail Blazers,21500213,2015-11-24T00:00:00,POR vs. CHI,L,17.0,0.0,0.0,0.0,2.0,10.0,5.0,5.0,22.0,0.0,0.0,0.0,1.0,6.2,1,13074,13074,13074,18307,12059,10158,9917,12984,17370,11469,11593,10265,8004,1,1,12373,21696,1.0,16:57,2015,2016
2015-16,204038,Langston Galloway,Langston,1610612752,NYK,New York Knicks,21500204,2015-11-23T00:00:00,NYK @ MIA,L,23.5,0.0,0.0,0.0,0.0,4.0,9.0,4.0,16.0,0.0,1.0,4.0,0.0,11.3,1,13074,13074,13074,13005,12059,10158,9917,18861,6141,19144,8806,15259,8004,17214,22104,18762,18230,1.0,23:27,2015,2016
2015-16,203460,Andre Roberson,Andre,1610612760,OKC,Oklahoma City Thunder,21500208,2015-11-23T00:00:00,OKC @ UTA,W,16.5,2.0,0.0,0.0,2.0,7.0,2.0,8.0,16.0,0.0,0.0,2.0,0.0,5.6,1,1,1,1,18675,6026,10158,9917,12984,12242,3734,17194,15259,8004,1,11390,18762,22133,1.0,16:28,2015,2016
2015-16,203458,Alex Len,Alex,1610612756,PHX,Phoenix Suns,21500207,2015-11-23T00:00:00,PHX @ SAS,L,6.4,0.0,0.0,0.0,0.0,0.0,5.0,0.0,4.0,0.0,1.0,1.0,0.0,1.7,1,13074,13074,13074,23794,12059,10158,9917,18861,1,11469,1,23698,8004,17214,4972,18762,24436,1.0,6:22,2015,2016
2015-16,1626166,Cameron Payne,Cameron,1610612760,OKC,Oklahoma City Thunder,21500208,2015-11-23T00:00:00,OKC @ UTA,W,3.6,0.0,0.0,0.0,0.0,0.0,2.0,1.0,2.0,0.0,0.0,1.0,0.0,1.5,1,1,1,1,24872,12059,10158,9917,18861,1,3734,3646,24614,8004,1,4972,18762,24473,1.0,3:35,2015,2016
2015-16,2756,Sasha Vujacic,Sasha,1610612752,NYK,New York Knicks,21500204,2015-11-23T00:00:00,NYK @ MIA,L,3.0,0.0,0.0,0.0,0.0,2.0,4.0,2.0,4.0,0.0,0.0,1.0,0.0,1.2,1,13074,13074,13074,25119,12059,10158,9917,18861,2619,8458,4025,23698,8004,1,4972,18762,24661,1.0,3:01,2015,2016
2015-16,2419,Tayshaun Prince,Tayshaun,1610612750,MIN,Minnesota Timberwolves,21500206,2015-11-23T00:00:00,MIN vs. PHI,W,9.7,0.0,0.0,0.0,0.0,2.0,4.0,0.0,8.0,0.0,0.0,0.0,0.0,1.2,1,1,1,1,22553,12059,10158,9917,18861,2619,8458,1,21543,8004,1,1,18762,24661,1.0,9:43,2015,2016
2015-16,202498,Lance Thomas,Lance,1610612752,NYK,New York Knicks,21500204,2015-11-23T00:00:00,NYK @ MIA,L,5.3,0.0,0.0,0.0,0.0,4.0,5.0,2.0,8.0,0.0,0.0,2.0,0.0,1.2,1,13074,13074,13074,24263,12059,10158,9917,18861,6141,11469,4025,21543,8004,1,11390,18762,24661,1.0,5:17,2015,2016
2015-16,202713,Kyle Singler,Kyle,1610612760,OKC,Oklahoma City Thunder,21500208,2015-11-23T00:00:00,OKC @ UTA,W,3.6,0.0,0.0,0.0,0.0,0.0,2.0,1.0,2.0,0.0,0.0,1.0,1.0,1.2,1,1,1,1,24872,12059,10158,9917,18861,1,3734,3646,24614,8004,1,4972,12373,24661,1.0,3:35,2015,2016
2015-16,101141,Ersan Ilyasova,Ersan,1610612765,DET,Detroit Pistons,21500205,2015-11-23T00:00:00,DET @ MIL,L,24.1,0.0,0.0,0.0,0.0,12.0,6.0,11.0,32.0,1.0,0.0,2.0,0.0,10.6,1,13074,13074,13074,12442,12059,10158,9917,18861,20178,13237,21342,3535,2692,1,11390,18762,18723,1.0,24:07,2015,2016
2015-16,201619,Sasha Kaun,Sasha,1610612739,CLE,Cleveland Cavaliers,21500203,2015-11-23T00:00:00,CLE vs. ORL,W,1.1,0.0,0.0,0.0,0.0,1.0,1.0,0.0,0.0,0.0,0.0,0.0,0.0,1.2,1,1,1,1,25859,12059,10158,9917,18861,2356,3393,1,25429,8004,1,1,18762,24661,1.0,1:03,2015,2016
2015-16,203613,Jonathon Simmons,Jonathon,1610612759,SAS,San Antonio Spurs,21500207,2015-11-23T00:00:00,SAS vs. PHX,W,6.7,0.0,0.0,0.0,2.0,3.0,2.0,3.0,8.0,0.0,0.0,3.0,0.0,2.0,1,1,1,1,23671,12059,10158,9917,12984,5109,3734,7328,21543,8004,1,17641,18762,24216,1.0,6:43,2015,2016
2015-16,101179,Ronnie Price,Ronnie,1610612756,PHX,Phoenix Suns,21500207,2015-11-23T00:00:00,PHX @ SAS,L,20.4,0.0,0.0,0.0,0.0,12.0,9.0,5.0,16.0,0.0,0.0,3.0,0.0,11.0,1,13074,13074,13074,15562,12059,10158,9917,18861,20178,19144,11593,15259,8004,1,17641,18762,18430,1.0,20:24,2015,2016
2015-16,203142,Chris Copeland,Chris,1610612749,MIL,Milwaukee Bucks,21500205,2015-11-23T00:00:00,MIL vs. DET,W,2.3,0.0,0.0,0.0,0.0,0.0,0.0,0.0,0.0,0.0,0.0,0.0,0.0,1.5,1,1,1,1,25407,12059,10158,9917,18861,1,1,1,25429,8004,1,1,18762,24473,1.0,2:19,2015,2016
2015-16,1626170,Jerian Grant,Jerian,1610612752,NYK,New York Knicks,21500204,2015-11-23T00:00:00,NYK @ MIA,L,11.8,0.0,0.0,0.0,0.0,0.0,2.0,2.0,4.0,0.0,0.0,1.0,0.0,1.2,1,13074,13074,13074,21701,12059,10158,9917,18861,1,3734,4025,23698,8004,1,4972,18762,24661,1.0,11:45,2015,2016
2015-16,203187,Chris Johnson,Chris,1610612762,UTA,Utah Jazz,21500208,2015-11-23T00:00:00,UTA vs. OKC,L,5.8,0.0,0.0,0.0,0.0,3.0,0.0,3.0,0.0,0.0,0.0,0.0,0.0,6.0,1,13074,13074,13074,24049,12059,10158,9917,18861,5109,1,7328,25429,8004,1,1,18762,21878,1.0,5:49,2015,2016
2015-16,203901,Elfrid Payton,Elfrid,1610612753,ORL,Orlando Magic,21500203,2015-11-23T00:00:00,ORL @ CLE,L,18.8,0.0,0.0,0.0,0.0,9.0,7.0,5.0,22.0,0.0,1.0,1.0,0.0,11.4,1,13074,13074,13074,16840,12059,10158,9917,18861,15771,15642,11593,10265,8004,17214,4972,18762,18134,1.0,18:50,2015,2016
2015-16,203493,Reggie Bullock Jr.,Reggie,1610612765,DET,Detroit Pistons,21500205,2015-11-23T00:00:00,DET @ MIL,L,6.1,0.0,0.0,0.0,0.0,4.0,0.0,0.0,8.0,0.0,0.0,0.0,0.0,1.2,1,13074,13074,13074,23933,12059,10158,9917,18861,6141,1,1,21543,8004,1,1,18762,24661,1.0,6:04,2015,2016
2015-16,203917,Nik Stauskas,Nik,1610612755,PHI,Philadelphia 76ers,21500206,2015-11-23T00:00:00,PHI @ MIN,L,11.8,0.0,0.0,0.0,0.0,4.0,2.0,4.0,6.0,0.0,0.0,2.0,1.0,2.0,1,13074,13074,13074,21671,12059,10158,9917,18861,6141,3734,8806,22724,8004,1,11390,12373,24216,1.0,11:50,2015,2016
2015-16,1626173,Rashad Vaughn,Rashad,1610612749,MIL,Milwaukee Bucks,21500205,2015-11-23T00:00:00,MIL vs. DET,W,4.2,0.0,0.0,0.0,0.0,2.0,2.0,0.0,2.0,1.0,0.0,0.0,0.0,6.2,1,1,1,1,24635,12059,10158,9917,18861,2619,3734,1,24614,2692,1,1,18762,21696,1.0,4:13,2015,2016
2015-16,203948,Johnny O'Bryant III,Johnny,1610612749,MIL,Milwaukee Bucks,21500205,2015-11-23T00:00:00,MIL vs. DET,W,16.4,0.0,0.0,0.0,0.0,9.0,4.0,9.0,12.0,0.0,0.0,1.0,0.0,6.3,1,1,1,1,18720,12059,10158,9917,18861,15771,8458,18829,18637,8004,1,4972,18762,21682,1.0,16:25,2015,2016
2015-16,202682,Derrick Williams,Derrick,1610612752,NYK,New York Knicks,21500204,2015-11-23T00:00:00,NYK @ MIA,L,4.3,0.0,0.0,0.0,0.0,2.0,2.0,2.0,4.0,0.0,0.0,0.0,0.0,1.2,1,13074,13074,13074,24626,12059,10158,9917,18861,2619,3734,4025,23698,8004,1,1,18762,24661,1.0,4:15,2015,2016
2015-16,203956,Mitch McGary,Mitch,1610612760,OKC,Oklahoma City Thunder,21500208,2015-11-23T00:00:00,OKC @ UTA,W,2.8,0.0,0.0,0.0,0.0,0.0,2.0,0.0,2.0,1.0,0.0,1.0,0.0,5.4,1,1,1,1,25200,12059,10158,9917,18861,1,3734,1,24614,2692,1,4972,18762,22242,1.0,2:47,2015,2016
2015-16,2581,Steve Blake,Steve,1610612765,DET,Detroit Pistons,21500205,2015-11-23T00:00:00,DET @ MIL,L,6.8,2.0,0.0,0.0,2.0,4.0,0.0,0.0,8.0,0.0,0.0,1.0,0.0,5.0,1,13074,13074,13074,23631,6026,10158,9917,12984,6141,1,1,21543,8004,1,4972,18762,22500,1.0,6:48,2015,2016
2015-16,2592,James Jones,James,1610612739,CLE,Cleveland Cavaliers,21500203,2015-11-23T00:00:00,CLE vs. ORL,W,14.1,0.0,0.0,0.0,0.0,7.0,9.0,2.0,16.0,0.0,1.0,3.0,1.0,4.5,1,1,1,1,20379,12059,10158,9917,18861,12242,19144,4025,15259,8004,17214,17641,12373,22773,1.0,14:03,2015,2016
2015-16,203492,Ray McCallum,Ray,1610612759,SAS,San Antonio Spurs,21500207,2015-11-23T00:00:00,SAS vs. PHX,W,1.5,0.0,0.0,0.0,0.0,3.0,0.0,3.0,2.0,0.0,0.0,0.0,0.0,0.0,1,1,1,1,25706,12059,10158,9917,18861,5109,1,7328,24614,8004,1,1,18762,25170,1.0,1:28,2015,2016
2015-16,202407,Elijah Millsap,Elijah,1610612762,UTA,Utah Jazz,21500208,2015-11-23T00:00:00,UTA vs. OKC,L,3.6,0.0,0.0,1.0,0.0,0.0,0.0,3.0,0.0,0.0,0.0,1.0,2.0,4.7,1,13074,13074,13074,24872,12059,10158,9347,18861,1,1,7328,25429,8004,1,4972,7786,22672,1.0,3:35,2015,2016
2015-16,1626168,Trey Lyles,Trey,1610612762,UTA,Utah Jazz,21500208,2015-11-23T00:00:00,UTA vs. OKC,L,7.2,0.0,2.0,0.0,2.0,3.0,2.0,3.0,2.0,0.0,0.0,0.0,0.0,6.8,1,13074,13074,13074,23499,12059,4731,9917,12984,5109,3734,7328,24614,8004,1,1,18762,21328,1.0,7:11,2015,2016
2015-16,201150,Spencer Hawes,Spencer,1610612766,CHA,Charlotte Hornets,21500202,2015-11-23T00:00:00,CHA vs. SAC,W,7.7,0.0,0.0,0.0,0.0,3.0,3.0,3.0,8.0,0.0,0.0,1.0,0.0,4.4,1,1,1,1,23335,12059,10158,9917,18861,5109,7138,7328,21543,8004,1,4972,18762,22837,1.0,7:39,2015,2016
2015-16,201603,Sonny Weems,Sonny,1610612756,PHX,Phoenix Suns,21500207,2015-11-23T00:00:00,PHX @ SAS,L,1.5,0.0,0.0,0.0,0.0,0.0,0.0,0.0,0.0,0.0,0.0,0.0,0.0,4.5,1,13074,13074,13074,25706,12059,10158,9917,18861,1,1,1,25429,8004,1,1,18762,22773,1.0,1:28,2015,2016
2015-16,2564,Boris Diaw,Boris,1610612759,SAS,San Antonio Spurs,21500207,2015-11-23T00:00:00,SAS vs. PHX,W,13.0,0.0,0.0,0.0,0.0,11.0,0.0,11.0,8.0,0.0,1.0,2.0,0.0,0.4,1,1,1,1,21005,12059,10158,9917,18861,18886,1,21342,21543,8004,17214,11390,18762,25093,1.0,12:57,2015,2016
2015-16,101112,Channing Frye,Channing,1610612753,ORL,Orlando Magic,21500203,2015-11-23T00:00:00,ORL @ CLE,L,6.8,3.0,0.0,0.0,0.0,2.0,0.0,2.0,4.0,0.0,0.0,0.0,0.0,9.0,1,13074,13074,13074,23628,4307,10158,9917,18861,2619,1,4025,23698,8004,1,1,18762,19835,1.0,6:49,2015,2016
2015-16,203937,Kyle Anderson,Kyle,1610612759,SAS,San Antonio Spurs,21500207,2015-11-23T00:00:00,SAS vs. PHX,W,7.6,2.0,0.0,2.0,2.0,5.0,0.0,3.0,10.0,0.0,0.0,0.0,0.0,7.0,1,1,1,1,23350,6026,10158,4675,12984,8403,1,7328,20209,8004,1,1,18762,21188,1.0,7:37,2015,2016
2015-16,203101,Miles Plumlee,Miles,1610612749,MIL,Milwaukee Bucks,21500205,2015-11-23T00:00:00,MIL vs. DET,W,2.3,0.0,0.0,0.0,0.0,0.0,0.0,0.0,0.0,0.0,0.0,0.0,0.0,0.0,1,1,1,1,25407,12059,10158,9917,18861,1,1,1,25429,8004,1,1,18762,25170,1.0,2:19,2015,2016
2015-16,1626209,Mario Hezonja,Mario,1610612753,ORL,Orlando Magic,21500203,2015-11-23T00:00:00,ORL @ CLE,L,14.3,1.0,1.0,0.0,2.0,2.0,3.0,2.0,12.0,0.0,0.0,1.0,1.0,9.2,1,13074,13074,13074,20227,11535,9709,9917,12984,2619,7138,4025,18637,8004,1,4972,12373,19680,1.0,14:17,2015,2016
2015-16,201202,Joel Anthony,Joel,1610612765,DET,Detroit Pistons,21500205,2015-11-23T00:00:00,DET @ MIL,L,5.0,0.0,2.0,0.0,0.0,2.0,0.0,0.0,6.0,0.0,0.0,0.0,1.0,9.1,1,13074,13074,13074,24376,12059,4731,9917,18861,2619,1,1,22724,8004,1,1,12373,19789,1.0,4:59,2015,2016
2015-16,203925,Joe Harris,Joe,1610612739,CLE,Cleveland Cavaliers,21500203,2015-11-23T00:00:00,CLE vs. ORL,W,1.1,0.0,0.0,0.0,0.0,1.0,1.0,0.0,0.0,0.0,0.0,1.0,0.0,-1.0,1,1,1,1,25859,12059,10158,9917,18861,2356,3393,1,25429,8004,1,4972,18762,25932,1.0,1:03,2015,2016
2015-16,2446,Rasual Butler,Rasual,1610612759,SAS,San Antonio Spurs,21500207,2015-11-23T00:00:00,SAS vs. PHX,W,1.5,0.0,0.0,0.0,0.0,3.0,0.0,3.0,2.0,0.0,0.0,0.0,0.0,0.0,1,1,1,1,25706,12059,10158,9917,18861,5109,1,7328,24614,8004,1,1,18762,25170,1.0,1:28,2015,2016
2015-16,202338,Kevin Seraphin,Kevin,1610612752,NYK,New York Knicks,21500204,2015-11-23T00:00:00,NYK @ MIA,L,5.3,2.0,2.0,0.0,2.0,0.0,0.0,0.0,0.0,0.0,0.0,2.0,0.0,3.2,1,13074,13074,13074,24263,6026,4731,9917,12984,1,1,1,25429,8004,1,11390,18762,23473,1.0,5:17,2015,2016
2015-16,1626246,Boban Marjanović,Boban,1610612759,SAS,San Antonio Spurs,21500207,2015-11-23T00:00:00,SAS vs. PHX,W,4.9,0.0,0.0,0.0,2.0,2.0,0.0,0.0,2.0,1.0,0.0,1.0,1.0,5.2,1,1,1,1,24394,12059,10158,9917,12984,2619,1,1,24614,2692,1,4972,12373,22370,1.0,4:55,2015,2016
2015-16,203498,Shabazz Muhammad,Shabazz,1610612750,MIN,Minnesota Timberwolves,21500206,2015-11-23T00:00:00,MIN vs. PHI,W,16.0,0.0,2.0,0.0,2.0,8.0,4.0,3.0,12.0,0.0,1.0,3.0,2.0,7.2,1,1,1,1,19007,12059,4731,9917,12984,13914,8458,7328,18637,8004,17214,17641,7786,21035,1.0,16:02,2015,2016
2015-16,203462,Archie Goodwin,Archie,1610612756,PHX,Phoenix Suns,21500207,2015-11-23T00:00:00,PHX @ SAS,L,5.4,0.0,0.0,0.0,0.0,5.0,2.0,0.0,4.0,0.0,0.0,0.0,0.0,0.0,1,13074,13074,13074,24228,12059,10158,9917,18861,8403,3734,1,23698,8004,1,1,18762,25170,1.0,5:22,2015,2016
2015-16,203924,Jerami Grant,Jerami,1610612755,PHI,Philadelphia 76ers,21500206,2015-11-23T00:00:00,PHI @ MIN,L,31.7,0.0,1.0,2.0,4.0,12.0,10.0,6.0,24.0,2.0,2.0,4.0,2.0,21.7,1,13074,13074,13074,6184,12059,9709,4675,8599,20178,20509,13388,8723,932,23588,22104,7786,10592,1.0,31:39,2015,2016
2015-16,1626199,Darrun Hilliard,Darrun,1610612765,DET,Detroit Pistons,21500205,2015-11-23T00:00:00,DET @ MIL,L,12.7,0.0,0.0,0.0,0.0,0.0,4.0,3.0,12.0,0.0,0.0,0.0,1.0,3.6,1,13074,13074,13074,21161,12059,10158,9917,18861,1,8458,7328,18637,8004,1,1,12373,23310,1.0,12:40,2015,2016
2015-16,2555,Nick Collison,Nick,1610612760,OKC,Oklahoma City Thunder,21500208,2015-11-23T00:00:00,OKC @ UTA,W,18.4,2.0,0.0,0.0,2.0,6.0,10.0,4.0,14.0,0.0,1.0,4.0,2.0,6.7,1,1,1,1,17147,6026,10158,9917,12984,10028,20509,8806,17019,8004,17214,22104,7786,21376,1.0,18:26,2015,2016
2015-16,203124,Kyle O'Quinn,Kyle,1610612752,NYK,New York Knicks,21500204,2015-11-23T00:00:00,NYK @ MIA,L,4.3,0.0,0.0,0.0,0.0,2.0,2.0,2.0,4.0,1.0,0.0,1.0,0.0,3.4,1,13074,13074,13074,24626,12059,10158,9917,18861,2619,3734,4025,23698,2692,1,4972,18762,23417,1.0,4:15,2015,2016
2015-16,1889,Andre Miller,Andre,1610612750,MIN,Minnesota Timberwolves,21500206,2015-11-23T00:00:00,MIN vs. PHI,W,8.8,0.0,0.0,0.0,0.0,0.0,2.0,0.0,6.0,0.0,0.0,1.0,0.0,5.2,1,1,1,1,22924,12059,10158,9917,18861,1,3734,1,22724,8004,1,4972,18762,22370,1.0,8:47,2015,2016
2015-16,204060,Joe Ingles,Joe,1610612762,UTA,Utah Jazz,21500208,2015-11-23T00:00:00,UTA vs. OKC,L,12.7,0.0,0.0,0.0,0.0,9.0,2.0,0.0,8.0,0.0,0.0,1.0,0.0,0.9,1,13074,13074,13074,21161,12059,10158,9917,18861,15771,3734,1,21543,8004,1,4972,18762,25040,1.0,12:40,2015,2016
2015-16,201567,Kevin Love,Kevin,1610612739,CLE,Cleveland Cavaliers,21500203,2015-11-23T00:00:00,CLE vs. ORL,W,34.0,7.0,3.0,0.0,8.0,14.0,2.0,9.0,26.0,1.0,0.0,1.0,4.0,50.6,1,1,1,1,4385,548,3104,9917,3109,22292,3734,18829,7214,2692,1,4972,2748,691,1.0,33:57,2015,2016
2015-16,202326,DeMarcus Cousins,DeMarcus,1610612758,SAC,Sacramento Kings,21500202,2015-11-23T00:00:00,SAC @ CHA,L,30.9,3.0,2.0,0.0,12.0,17.0,6.0,8.0,34.0,3.0,1.0,5.0,5.0,52.7,1,13074,13074,13074,6815,4307,4731,9917,988,24337,13237,17194,2701,347,17214,24686,1539,536,1.0,30:53,2015,2016
2015-16,2546,Carmelo Anthony,Carmelo,1610612752,NYK,New York Knicks,21500204,2015-11-23T00:00:00,NYK @ MIA,L,41.4,2.0,2.0,0.0,2.0,12.0,14.0,4.0,34.0,1.0,0.0,0.0,6.0,47.6,1,13074,13074,13074,418,6026,4731,9917,12984,20178,24300,8806,2701,2692,1,1,873,1003,1.0,41:21,2015,2016
2015-16,201142,Kevin Durant,Kevin,1610612760,OKC,Oklahoma City Thunder,21500208,2015-11-23T00:00:00,OKC @ UTA,W,30.2,0.0,0.0,12.0,12.0,15.0,15.0,9.0,30.0,1.0,0.0,2.0,1.0,46.7,1,1,1,1,7383,12059,10158,42,988,23079,24781,18829,4541,2692,1,11390,12373,1112,1.0,30:10,2015,2016
2015-16,2547,Chris Bosh,Chris,1610612748,MIA,Miami Heat,21500204,2015-11-23T00:00:00,MIA vs. NYK,W,29.0,0.0,3.0,0.0,0.0,7.0,13.0,2.0,14.0,0.0,0.0,2.0,7.0,29.7,1,1,1,1,8343,12059,3104,9917,18861,12242,23668,4025,17019,8004,1,11390,469,6006,1.0,29:03,2015,2016
2015-16,201573,Jerryd Bayless,Jerryd,1610612749,MIL,Milwaukee Bucks,21500205,2015-11-23T00:00:00,MIL vs. DET,W,31.4,0.0,0.0,0.0,2.0,11.0,16.0,11.0,24.0,0.0,0.0,3.0,1.0,35.2,1,1,1,1,6386,12059,10158,9917,12984,18886,25155,21342,8723,8004,1,17641,12373,3745,1.0,31:24,2015,2016
2015-16,201587,Nicolas Batum,Nicolas,1610612766,CHA,Charlotte Hornets,21500202,2015-11-23T00:00:00,CHA vs. SAC,W,43.3,7.0,0.0,2.0,4.0,10.0,9.0,12.0,42.0,1.0,3.0,1.0,5.0,46.0,1,1,1,1,181,548,10158,4675,8599,17370,19144,22259,670,2692,25441,4972,1539,1198,1.0,43:18,2015,2016
2015-16,204001,Kristaps Porziņģis,Kristaps,1610612752,NYK,New York Knicks,21500204,2015-11-23T00:00:00,NYK @ MIA,L,37.4,0.0,5.0,0.0,6.0,10.0,11.0,4.0,30.0,2.0,2.0,4.0,3.0,46.3,1,13074,13074,13074,1797,12059,995,9917,5299,17370,21814,8806,4541,932,23588,22104,4736,1168,1.0,37:26,2015,2016
2015-16,201609,Goran Dragic,Goran,1610612748,MIA,Miami Heat,21500204,2015-11-23T00:00:00,MIA vs. NYK,W,31.0,4.0,2.0,0.0,6.0,9.0,15.0,2.0,16.0,0.0,0.0,2.0,2.0,37.3,1,1,1,1,6692,2460,4731,9917,5299,15771,24781,4025,15259,8004,1,11390,7786,3105,1.0,31:02,2015,2016
2015-16,202695,Kawhi Leonard,Kawhi,1610612759,SAS,San Antonio Spurs,21500207,2015-11-23T00:00:00,SAS vs. PHX,W,37.2,8.0,2.0,8.0,16.0,13.0,6.0,12.0,30.0,1.0,1.0,1.0,4.0,57.6,1,1,1,1,1950,308,4731,280,275,21300,13237,22259,4541,2692,17214,4972,2748,287,1.0,37:13,2015,2016
2015-16,202689,Kemba Walker,Kemba,1610612766,CHA,Charlotte Hornets,21500202,2015-11-23T00:00:00,CHA vs. SAC,W,46.7,9.0,4.0,7.0,16.0,10.0,11.0,9.0,44.0,3.0,0.0,0.0,6.0,66.7,1,1,1,1,43,171,1596,454,275,17370,21814,18829,454,347,1,1,873,79,1.0,46:43,2015,2016
2015-16,203952,Andrew Wiggins,Andrew,1610612750,MIN,Minnesota Timberwolves,21500206,2015-11-23T00:00:00,MIN vs. PHI,W,38.3,8.0,8.0,2.0,14.0,15.0,7.0,7.0,28.0,2.0,2.0,1.0,9.0,49.5,1,1,1,1,1383,308,137,4675,542,23079,15642,15538,5824,932,23588,4972,138,811,1.0,38:17,2015,2016
2015-16,200765,Rajon Rondo,Rajon,1610612758,SAC,Sacramento Kings,21500202,2015-11-23T00:00:00,SAC @ CHA,L,46.4,0.0,3.0,3.0,8.0,24.0,8.0,15.0,50.0,1.0,0.0,3.0,5.0,62.6,1,13074,13074,13074,48,12059,3104,3302,3109,25890,17345,24242,107,2692,1,17641,1539,129,1.0,46:22,2015,2016
2015-16,1626164,Devin Booker,Devin,1610612756,PHX,Phoenix Suns,21500207,2015-11-23T00:00:00,PHX @ SAS,L,24.4,0.0,0.0,0.0,2.0,7.0,14.0,5.0,22.0,0.0,1.0,1.0,1.0,12.3,1,13074,13074,13074,12175,12059,10158,9917,12984,12242,24300,11593,10265,8004,17214,4972,12373,17524,1.0,24:26,2015,2016
2015-16,202696,Nikola Vučević,Nikola,1610612753,ORL,Orlando Magic,21500203,2015-11-23T00:00:00,ORL @ CLE,L,25.7,0.0,0.0,0.0,2.0,11.0,7.0,5.0,26.0,0.0,0.0,2.0,0.0,20.0,1,13074,13074,13074,11078,12059,10158,9917,12984,18886,15642,11593,7214,8004,1,11390,18762,11752,1.0,25:44,2015,2016
2015-16,201937,Ricky Rubio,Ricky,1610612750,MIN,Minnesota Timberwolves,21500206,2015-11-23T00:00:00,MIN vs. PHI,W,32.7,2.0,0.0,2.0,2.0,7.0,7.0,4.0,24.0,0.0,0.0,5.0,4.0,30.7,1,1,1,1,5350,6026,10158,4675,12984,12242,15642,8806,8723,8004,1,24686,2748,5539,1.0,32:41,2015,2016
2015-16,201585,Kosta Koufos,Kosta,1610612758,SAC,Sacramento Kings,21500202,2015-11-23T00:00:00,SAC @ CHA,L,23.7,0.0,2.0,0.0,6.0,9.0,0.0,9.0,26.0,3.0,0.0,5.0,2.0,30.9,1,13074,13074,13074,12832,12059,4731,9917,5299,15771,1,18829,7214,347,1,24686,7786,5452,1.0,23:42,2015,2016
2015-16,1938,Manu Ginobili,Manu,1610612759,SAS,San Antonio Spurs,21500207,2015-11-23T00:00:00,SAS vs. PHX,W,19.5,5.0,5.0,3.0,2.0,10.0,2.0,8.0,22.0,0.0,1.0,1.0,3.0,15.8,1,1,1,1,16340,1603,995,3302,12984,17370,3734,17194,10265,8004,17214,4972,4736,14754,1.0,19:28,2015,2016
2015-16,202684,Tristan Thompson,Tristan,1610612739,CLE,Cleveland Cavaliers,21500203,2015-11-23T00:00:00,CLE vs. ORL,W,34.3,2.0,2.0,2.0,6.0,14.0,2.0,9.0,26.0,0.0,0.0,4.0,4.0,26.3,1,1,1,1,4082,6026,4731,4675,5299,22292,3734,18829,7214,8004,1,22104,2748,7733,1.0,34:19,2015,2016
2015-16,202693,Markieff Morris,Markieff,1610612756,PHX,Phoenix Suns,21500207,2015-11-23T00:00:00,PHX @ SAS,L,34.2,6.0,2.0,3.0,12.0,17.0,11.0,13.0,34.0,0.0,0.0,3.0,4.0,40.6,1,13074,13074,13074,4214,878,4731,3302,988,24337,21814,23048,2701,8004,1,17641,2748,2230,1.0,34:11,2015,2016
2015-16,202391,Jeremy Lin,Jeremy,1610612766,CHA,Charlotte Hornets,21500202,2015-11-23T00:00:00,CHA vs. SAC,W,30.7,3.0,0.0,0.0,6.0,8.0,10.0,7.0,30.0,1.0,0.0,1.0,5.0,27.1,1,1,1,1,6961,4307,10158,9917,5299,13914,20509,15538,4541,2692,1,4972,1539,7339,1.0,30:41,2015,2016
2015-16,2548,Dwyane Wade,Dwyane,1610612748,MIA,Miami Heat,21500204,2015-11-23T00:00:00,MIA vs. NYK,W,29.8,0.0,2.0,0.0,6.0,2.0,11.0,2.0,14.0,0.0,1.0,3.0,3.0,26.3,1,1,1,1,7721,12059,4731,9917,5299,2619,21814,4025,17019,8004,17214,17641,4736,7733,1.0,29:48,2015,2016
2015-16,1626143,Jahlil Okafor,Jahlil,1610612755,PHI,Philadelphia 76ers,21500206,2015-11-23T00:00:00,PHI @ MIN,L,33.0,4.0,8.0,2.0,16.0,10.0,10.0,4.0,26.0,2.0,0.0,3.0,6.0,42.9,1,13074,13074,13074,5167,2460,137,4675,275,17370,20509,8806,7214,932,1,17641,873,1754,1.0,32:57,2015,2016
2015-16,200752,Rudy Gay,Rudy,1610612758,SAC,Sacramento Kings,21500202,2015-11-23T00:00:00,SAC @ CHA,L,42.0,5.0,2.0,2.0,16.0,14.0,8.0,15.0,44.0,0.0,2.0,4.0,1.0,40.0,1,13074,13074,13074,309,1603,4731,4675,275,22292,17345,24242,454,8004,23588,22104,12373,2364,1.0,42:02,2015,2016
2015-16,201177,Josh McRoberts,Josh,1610612748,MIA,Miami Heat,21500204,2015-11-23T00:00:00,MIA vs. NYK,W,19.4,0.0,2.0,0.0,0.0,6.0,6.0,0.0,12.0,0.0,0.0,2.0,2.0,15.8,1,1,1,1,16415,12059,4731,9917,18861,10028,13237,1,18637,8004,1,11390,7786,14754,1.0,19:22,2015,2016
2015-16,201160,Jason Smith,Jason,1610612753,ORL,Orlando Magic,21500203,2015-11-23T00:00:00,ORL @ CLE,L,15.5,0.0,0.0,0.0,2.0,1.0,3.0,1.0,14.0,1.0,0.0,2.0,0.0,15.1,1,13074,13074,13074,19446,12059,10158,9917,12984,2356,7138,3646,17019,2692,1,11390,18762,15328,1.0,15:27,2015,2016
2015-16,203918,Rodney Hood,Rodney,1610612762,UTA,Utah Jazz,21500208,2015-11-23T00:00:00,UTA vs. OKC,L,20.4,3.0,0.0,3.0,2.0,6.0,0.0,12.0,20.0,0.0,1.0,2.0,3.0,19.9,1,13074,13074,13074,15535,4307,10158,3302,12984,10028,1,22259,11929,8004,17214,11390,4736,11824,1.0,20:26,2015,2016
2015-16,201980,Danny Green,Danny,1610612759,SAS,San Antonio Spurs,21500207,2015-11-23T00:00:00,SAS vs. PHX,W,33.9,5.0,7.0,0.0,2.0,12.0,4.0,9.0,24.0,0.0,0.0,2.0,0.0,30.2,1,1,1,1,4425,1603,292,9917,12984,20178,8458,18829,8723,8004,1,11390,18762,5751,1.0,33:54,2015,2016
2015-16,201566,Russell Westbrook,Russell,1610612760,OKC,Oklahoma City Thunder,21500208,2015-11-23T00:00:00,OKC @ UTA,W,27.3,2.0,4.0,6.0,6.0,15.0,13.0,7.0,28.0,0.0,1.0,3.0,6.0,40.9,1,1,1,1,9780,6026,1596,740,5299,23079,23668,15538,5824,8004,17214,17641,873,2166,1.0,27:18,2015,2016
2015-16,203932,Aaron Gordon,Aaron,1610612753,ORL,Orlando Magic,21500203,2015-11-23T00:00:00,ORL @ CLE,L,24.8,2.0,6.0,2.0,8.0,5.0,3.0,3.0,20.0,3.0,1.0,3.0,1.0,26.7,1,13074,13074,13074,11797,6026,481,4675,3109,8403,7138,7328,11929,347,17214,17641,12373,7525,1.0,24:50,2015,2016
2015-16,201954,Darren Collison,Darren,1610612758,SAC,Sacramento Kings,21500202,2015-11-23T00:00:00,SAC @ CHA,L,29.1,2.0,0.0,2.0,2.0,14.0,4.0,11.0,40.0,0.0,3.0,2.0,1.0,15.6,1,13074,13074,13074,8269,6026,10158,4675,12984,22292,8458,21342,983,8004,25441,11390,12373,14916,1.0,29:08,2015,2016
2015-16,203521,Matthew Dellavedova,Matthew,1610612739,CLE,Cleveland Cavaliers,21500203,2015-11-23T00:00:00,CLE vs. ORL,W,23.9,0.0,0.0,0.0,2.0,9.0,4.0,6.0,22.0,0.0,0.0,1.0,0.0,31.5,1,1,1,1,12701,12059,10158,9917,12984,15771,8458,13388,10265,8004,1,4972,18762,5180,1.0,23:51,2015,2016
2015-16,203798,PJ Hairston,PJ,1610612766,CHA,Charlotte Hornets,21500202,2015-11-23T00:00:00,CHA vs. SAC,W,19.5,0.0,0.0,2.0,2.0,7.0,10.0,7.0,20.0,1.0,0.0,2.0,2.0,15.7,1,1,1,1,16350,12059,10158,4675,12984,12242,20509,15538,11929,2692,1,11390,7786,14841,1.0,19:27,2015,2016
2015-16,202355,Hassan Whiteside,Hassan,1610612748,MIA,Miami Heat,21500204,2015-11-23T00:00:00,MIA vs. NYK,W,33.8,4.0,1.0,0.0,6.0,5.0,11.0,2.0,16.0,5.0,1.0,3.0,5.0,42.7,1,1,1,1,4484,2460,9709,9917,5299,8403,21814,4025,15259,59,17214,17641,1539,1800,1.0,33:50,2015,2016
2015-16,202328,Greg Monroe,Greg,1610612749,MIL,Milwaukee Bucks,21500205,2015-11-23T00:00:00,MIL vs. DET,W,31.3,0.0,6.0,0.0,18.0,9.0,14.0,5.0,20.0,0.0,1.0,3.0,3.0,42.1,1,1,1,1,6439,12059,481,9917,131,15771,24300,11593,11929,8004,17214,17641,4736,1910,1.0,31:20,2015,2016
2015-16,203504,Trey Burke,Trey,1610612762,UTA,Utah Jazz,21500208,2015-11-23T00:00:00,UTA vs. OKC,L,23.8,0.0,0.0,2.0,2.0,13.0,6.0,14.0,28.0,0.0,0.0,1.0,0.0,11.8,1,13074,13074,13074,12744,12059,10158,4675,12984,21300,13237,23710,5824,8004,1,4972,18762,17832,1.0,23:48,2015,2016
2015-16,203940,Adreian Payne,Adreian,1610612750,MIN,Minnesota Timberwolves,21500206,2015-11-23T00:00:00,MIN vs. PHI,W,11.9,0.0,0.0,0.0,2.0,13.0,4.0,3.0,8.0,1.0,0.0,6.0,0.0,12.1,1,1,1,1,21621,12059,10158,9917,12984,21300,8458,7328,21543,2692,1,25827,18762,17639,1.0,11:56,2015,2016
2015-16,2544,LeBron James,LeBron,1610612739,CLE,Cleveland Cavaliers,21500203,2015-11-23T00:00:00,CLE vs. ORL,W,35.0,0.0,2.0,3.0,12.0,10.0,8.0,11.0,28.0,0.0,1.0,0.0,5.0,42.7,1,1,1,1,3560,12059,4731,3302,988,17370,17345,21342,5824,8004,17214,1,1539,1800,1.0,34:58,2015,2016
2015-16,203507,Giannis Antetokounmpo,Giannis,1610612749,MIL,Milwaukee Bucks,21500205,2015-11-23T00:00:00,MIL vs. DET,W,26.8,6.0,4.0,2.0,10.0,9.0,8.0,5.0,24.0,1.0,0.0,3.0,3.0,31.2,1,1,1,1,10184,878,1596,4675,1840,15771,17345,11593,8723,2692,1,17641,4736,5304,1.0,26:48,2015,2016
2015-16,201158,Marco Belinelli,Marco,1610612758,SAC,Sacramento Kings,21500202,2015-11-23T00:00:00,SAC @ CHA,L,38.4,0.0,0.0,3.0,0.0,19.0,8.0,17.0,50.0,0.0,0.0,3.0,2.0,26.5,1,13074,13074,13074,1328,12059,10158,3302,18861,25074,17345,24967,107,8004,1,17641,7786,7627,1.0,38:23,2015,2016
2015-16,203526,Raul Neto,Raul,1610612762,UTA,Utah Jazz,21500208,2015-11-23T00:00:00,UTA vs. OKC,L,23.0,2.0,0.0,0.0,4.0,8.0,0.0,17.0,16.0,0.0,1.0,4.0,3.0,15.6,1,13074,13074,13074,13411,6026,10158,9917,8599,13914,1,24967,15259,8004,17214,22104,4736,14916,1.0,22:57,2015,2016
2015-16,203497,Rudy Gobert,Rudy,1610612762,UTA,Utah Jazz,21500208,2015-11-23T00:00:00,UTA vs. OKC,L,25.4,2.0,8.0,0.0,8.0,13.0,2.0,19.0,22.0,0.0,2.0,3.0,4.0,14.0,1,13074,13074,13074,11408,6026,137,9917,3109,21300,3734,25435,10265,8004,23588,17641,2748,16166,1.0,25:22,2015,2016
2015-16,2225,Tony Parker,Tony,1610612759,SAS,San Antonio Spurs,21500207,2015-11-23T00:00:00,SAS vs. PHX,W,32.2,4.0,2.0,0.0,12.0,5.0,4.0,4.0,20.0,0.0,0.0,4.0,3.0,38.2,1,1,1,1,5707,2460,4731,9917,988,8403,8458,8806,11929,8004,1,22104,4736,2854,1.0,32:13,2015,2016
2015-16,101107,Marvin Williams,Marvin,1610612766,CHA,Charlotte Hornets,21500202,2015-11-23T00:00:00,CHA vs. SAC,W,19.4,3.0,2.0,0.0,6.0,5.0,7.0,7.0,26.0,0.0,0.0,4.0,1.0,13.4,1,1,1,1,16362,4307,4731,9917,5299,8403,15642,15538,7214,8004,1,22104,12373,16614,1.0,19:26,2015,2016
2015-16,101181,Jose Calderon,Jose,1610612752,NYK,New York Knicks,21500204,2015-11-23T00:00:00,NYK @ MIA,L,31.6,2.0,2.0,0.0,0.0,12.0,9.0,2.0,28.0,0.0,0.0,1.0,2.0,13.6,1,13074,13074,13074,6228,6026,4731,9917,18861,20178,19144,4025,5824,8004,1,4972,7786,16460,1.0,31:36,2015,2016
2015-16,203496,Robert Covington,Robert,1610612755,PHI,Philadelphia 76ers,21500206,2015-11-23T00:00:00,PHI @ MIN,L,35.5,3.0,2.0,0.0,6.0,8.0,12.0,2.0,38.0,0.0,1.0,3.0,2.0,31.7,1,13074,13074,13074,3165,4307,4731,9917,5299,13914,22832,4025,1422,8004,17214,17641,7786,5088,1.0,35:28,2015,2016
2015-16,201167,Arron Afflalo,Arron,1610612752,NYK,New York Knicks,21500204,2015-11-23T00:00:00,NYK @ MIA,L,32.9,0.0,0.0,2.0,2.0,10.0,10.0,4.0,28.0,0.0,2.0,3.0,2.0,17.1,1,13074,13074,13074,5229,12059,10158,4675,12984,17370,20509,8806,5824,8004,23588,17641,7786,13791,1.0,32:52,2015,2016
2015-16,203094,Andrew Nicholson,Andrew,1610612753,ORL,Orlando Magic,21500203,2015-11-23T00:00:00,ORL @ CLE,L,24.3,7.0,2.0,0.0,6.0,5.0,3.0,3.0,22.0,0.0,0.0,4.0,3.0,28.6,1,13074,13074,13074,12350,548,4731,9917,5299,8403,7138,7328,10265,8004,1,22104,4736,6560,1.0,24:15,2015,2016
2015-16,201627,Anthony Morrow,Anthony,1610612760,OKC,Oklahoma City Thunder,21500208,2015-11-23T00:00:00,OKC @ UTA,W,18.9,0.0,0.0,3.0,4.0,0.0,8.0,3.0,12.0,0.0,0.0,1.0,0.0,22.5,1,1,1,1,16820,12059,10158,3302,8599,1,17345,7328,18637,8004,1,4972,18762,10082,1.0,18:51,2015,2016
2015-16,1626169,Stanley Johnson,Stanley,1610612765,DET,Detroit Pistons,21500205,2015-11-23T00:00:00,DET @ MIL,L,25.8,2.0,2.0,6.0,8.0,8.0,4.0,7.0,24.0,0.0,2.0,3.0,5.0,22.4,1,13074,13074,13074,11045,6026,4731,740,3109,13914,8458,15538,8723,8004,23588,17641,1539,10131,1.0,25:46,2015,2016
2015-16,202330,Gordon Hayward,Gordon,1610612762,UTA,Utah Jazz,21500208,2015-11-23T00:00:00,UTA vs. OKC,L,30.2,6.0,3.0,4.0,6.0,12.0,4.0,28.0,34.0,0.0,1.0,2.0,5.0,32.6,1,13074,13074,13074,7383,878,3104,1913,5299,20178,8458,26047,2701,8004,17214,11390,1539,4687,1.0,30:10,2015,2016
2015-16,203083,Andre Drummond,Andre,1610612765,DET,Detroit Pistons,21500205,2015-11-23T00:00:00,DET @ MIL,L,24.2,0.0,6.0,0.0,12.0,8.0,2.0,6.0,32.0,1.0,1.0,2.0,3.0,39.0,1,13074,13074,13074,12395,12059,481,9917,988,13914,3734,13388,3535,2692,17214,11390,4736,2642,1.0,24:11,2015,2016
2015-16,204020,Tyler Johnson,Tyler,1610612748,MIA,Miami Heat,21500204,2015-11-23T00:00:00,MIA vs. NYK,W,20.6,0.0,2.0,2.0,2.0,7.0,6.0,0.0,12.0,1.0,1.0,0.0,3.0,22.1,1,1,1,1,15420,12059,4731,4675,12984,12242,13237,1,18637,2692,17214,1,4736,10332,1.0,20:35,2015,2016
2015-16,203087,Jeremy Lamb,Jeremy,1610612766,CHA,Charlotte Hornets,21500202,2015-11-23T00:00:00,CHA vs. SAC,W,25.9,2.0,0.0,3.0,8.0,6.0,5.0,3.0,24.0,0.0,0.0,5.0,1.0,22.0,1,1,1,1,10918,6026,10158,3302,3109,10028,11469,7328,8723,8004,1,24686,12373,10388,1.0,25:54,2015,2016
2015-16,2760,Anderson Varejao,Anderson,1610612739,CLE,Cleveland Cavaliers,21500203,2015-11-23T00:00:00,CLE vs. ORL,W,12.6,0.0,0.0,0.0,2.0,6.0,8.0,2.0,16.0,0.0,0.0,0.0,3.0,13.6,1,1,1,1,21190,12059,10158,9917,12984,10028,17345,4025,15259,8004,1,1,4736,16460,1.0,12:38,2015,2016
2015-16,1626159,Justise Winslow,Justise,1610612748,MIA,Miami Heat,21500204,2015-11-23T00:00:00,MIA vs. NYK,W,30.6,2.0,0.0,2.0,4.0,6.0,10.0,0.0,20.0,1.0,1.0,5.0,0.0,21.7,1,1,1,1,7010,6026,10158,4675,8599,10028,20509,1,11929,2692,17214,24686,18762,10592,1.0,30:37,2015,2016
2015-16,203487,Michael Carter-Williams,Michael,1610612749,MIL,Milwaukee Bucks,21500205,2015-11-23T00:00:00,MIL vs. DET,W,26.1,2.0,0.0,0.0,6.0,7.0,12.0,3.0,20.0,1.0,1.0,2.0,1.0,37.6,1,1,1,1,10774,6026,10158,9917,5299,12242,22832,7328,11929,2692,17214,11390,12373,3018,1.0,26:05,2015,2016
2015-16,202349,Greivis Vasquez,Greivis,1610612749,MIL,Milwaukee Bucks,21500205,2015-11-23T00:00:00,MIL vs. DET,W,21.9,5.0,0.0,3.0,6.0,8.0,8.0,8.0,16.0,0.0,0.0,1.0,1.0,17.3,1,1,1,1,14245,1603,10158,3302,5299,13914,17345,17194,15259,8004,1,4972,12373,13671,1.0,21:55,2015,2016
2015-16,203953,Jabari Parker,Jabari,1610612749,MIL,Milwaukee Bucks,21500205,2015-11-23T00:00:00,MIL vs. DET,W,27.4,1.0,0.0,1.0,10.0,6.0,14.0,2.0,22.0,1.0,1.0,0.0,2.0,17.7,1,1,1,1,9712,11535,10158,9347,1840,10028,24300,4025,10265,2692,17214,1,7786,13380,1.0,27:23,2015,2016
2015-16,202688,Brandon Knight,Brandon,1610612756,PHX,Phoenix Suns,21500207,2015-11-23T00:00:00,PHX @ SAS,L,38.0,2.0,0.0,2.0,10.0,24.0,13.0,16.0,42.0,0.0,1.0,2.0,5.0,28.6,1,13074,13074,13074,1502,6026,10158,4675,1840,25890,23668,24641,670,8004,17214,11390,1539,6560,1.0,38:00,2015,2016
2015-16,202324,Derrick Favors,Derrick,1610612762,UTA,Utah Jazz,21500208,2015-11-23T00:00:00,UTA vs. OKC,L,29.5,0.0,2.0,0.0,8.0,10.0,4.0,23.0,36.0,2.0,3.0,1.0,4.0,32.4,1,13074,13074,13074,7944,12059,4731,9917,3109,17370,8458,25880,1943,932,25441,4972,2748,4768,1.0,29:32,2015,2016
2015-16,203114,Khris Middleton,Khris,1610612749,MIL,Milwaukee Bucks,21500205,2015-11-23T00:00:00,MIL vs. DET,W,22.6,2.0,0.0,2.0,4.0,4.0,12.0,0.0,18.0,0.0,0.0,2.0,4.0,27.6,1,1,1,1,13704,6026,10158,4675,8599,6141,22832,1,13577,8004,1,11390,2748,7080,1.0,22:35,2015,2016
2015-16,708,Kevin Garnett,Kevin,1610612750,MIN,Minnesota Timberwolves,21500206,2015-11-23T00:00:00,MIN vs. PHI,W,17.7,2.0,0.0,0.0,4.0,4.0,4.0,4.0,12.0,0.0,0.0,0.0,0.0,27.5,1,1,1,1,17723,6026,10158,9917,8599,6141,8458,8806,18637,8004,1,1,18762,7137,1.0,17:44,2015,2016
2015-16,203079,Dion Waiters,Dion,1610612760,OKC,Oklahoma City Thunder,21500208,2015-11-23T00:00:00,OKC @ UTA,W,28.5,5.0,0.0,4.0,6.0,8.0,15.0,4.0,16.0,1.0,0.0,2.0,3.0,37.6,1,1,1,1,8804,1603,10158,1913,5299,13914,24781,8806,15259,2692,1,11390,4736,3018,1.0,28:31,2015,2016
2015-16,202692,Alec Burks,Alec,1610612762,UTA,Utah Jazz,21500208,2015-11-23T00:00:00,UTA vs. OKC,L,24.6,2.0,4.0,2.0,4.0,12.0,6.0,16.0,26.0,0.0,1.0,2.0,7.0,13.9,1,13074,13074,13074,12034,6026,1596,4675,8599,20178,13237,24641,7214,8004,17214,11390,469,16232,1.0,24:35,2015,2016
2015-16,203099,Jared Cunningham,Jared,1610612739,CLE,Cleveland Cavaliers,21500203,2015-11-23T00:00:00,CLE vs. ORL,W,27.3,1.0,3.0,1.0,0.0,12.0,9.0,5.0,24.0,1.0,3.0,3.0,2.0,17.6,1,1,1,1,9784,11535,3104,9347,18861,20178,19144,11593,8723,2692,25441,17641,7786,13443,1.0,27:17,2015,2016
2015-16,203095,Evan Fournier,Evan,1610612753,ORL,Orlando Magic,21500203,2015-11-23T00:00:00,ORL @ CLE,L,23.0,3.0,0.0,0.0,2.0,9.0,7.0,5.0,24.0,0.0,0.0,4.0,1.0,16.7,1,13074,13074,13074,13369,4307,10158,9917,12984,15771,15642,11593,8723,8004,1,22104,12373,14064,1.0,23:00,2015,2016
2015-16,202699,Tobias Harris,Tobias,1610612753,ORL,Orlando Magic,21500203,2015-11-23T00:00:00,ORL @ CLE,L,25.0,3.0,0.0,5.0,6.0,11.0,7.0,5.0,26.0,1.0,0.0,1.0,2.0,20.9,1,13074,13074,13074,11698,4307,10158,1277,5299,18886,15642,11593,7214,2692,1,4972,7786,11132,1.0,24:58,2015,2016
2015-16,203960,JaKarr Sampson,JaKarr,1610612755,PHI,Philadelphia 76ers,21500206,2015-11-23T00:00:00,PHI @ MIN,L,7.8,0.0,0.0,0.0,0.0,0.0,0.0,0.0,12.0,0.0,2.0,0.0,2.0,2.2,1,13074,13074,13074,23288,12059,10158,9917,18861,1,1,1,18637,8004,23588,1,7786,24138,1.0,7:45,2015,2016
2015-16,201571,D.J. Augustin,D.J.,1610612760,OKC,Oklahoma City Thunder,21500208,2015-11-23T00:00:00,OKC @ UTA,W,20.7,6.0,0.0,3.0,0.0,0.0,8.0,5.0,10.0,0.0,0.0,1.0,1.0,13.2,1,1,1,1,15315,878,10158,3302,18861,1,17345,11593,20209,8004,1,4972,12373,16768,1.0,20:43,2015,2016
2015-16,203463,Ben McLemore,Ben,1610612758,SAC,Sacramento Kings,21500202,2015-11-23T00:00:00,SAC @ CHA,L,19.4,0.0,2.0,2.0,4.0,9.0,4.0,7.0,16.0,1.0,0.0,5.0,2.0,16.7,1,13074,13074,13074,16399,12059,4731,4675,8599,15771,8458,15538,15259,2692,1,24686,7786,14064,1.0,19:23,2015,2016
2015-16,2744,Al Jefferson,Al,1610612766,CHA,Charlotte Hornets,21500202,2015-11-23T00:00:00,CHA vs. SAC,W,23.0,2.0,0.0,3.0,6.0,4.0,7.0,7.0,24.0,1.0,2.0,1.0,2.0,21.1,1,1,1,1,13411,6026,10158,3302,5299,6141,15642,15538,8723,2692,23588,4972,7786,11012,1.0,22:57,2015,2016
2015-16,203089,John Henson,John,1610612749,MIL,Milwaukee Bucks,21500205,2015-11-23T00:00:00,MIL vs. DET,W,8.0,0.0,0.0,0.0,2.0,4.0,2.0,4.0,8.0,0.0,0.0,4.0,1.0,2.7,1,1,1,1,23170,12059,10158,9917,12984,6141,3734,8806,21543,8004,1,22104,12373,23884,1.0,8:02,2015,2016
2015-16,202704,Reggie Jackson,Reggie,1610612765,DET,Detroit Pistons,21500205,2015-11-23T00:00:00,DET @ MIL,L,23.7,0.0,2.0,0.0,2.0,9.0,6.0,5.0,32.0,0.0,1.0,1.0,2.0,18.7,1,13074,13074,13074,12804,12059,4731,9917,12984,15771,13237,11593,3535,8004,17214,4972,7786,12648,1.0,23:43,2015,2016
2015-16,1626157,Karl-Anthony Towns,Karl-Anthony,1610612750,MIN,Minnesota Timberwolves,21500206,2015-11-23T00:00:00,MIN vs. PHI,W,19.1,2.0,2.0,0.0,4.0,2.0,3.0,2.0,16.0,2.0,2.0,4.0,0.0,18.6,1,1,1,1,16614,6026,4731,9917,8599,2619,7138,4025,15259,932,23588,22104,18762,12715,1.0,19:06,2015,2016
2015-16,201564,O.J. Mayo,O.J.,1610612749,MIL,Milwaukee Bucks,21500205,2015-11-23T00:00:00,MIL vs. DET,W,19.2,0.0,0.0,3.0,0.0,6.0,8.0,8.0,14.0,0.0,0.0,4.0,2.0,18.6,1,1,1,1,16525,12059,10158,3302,18861,10028,17345,17194,17019,8004,1,22104,7786,12715,1.0,19:12,2015,2016
2015-16,203506,Victor Oladipo,Victor,1610612753,ORL,Orlando Magic,21500203,2015-11-23T00:00:00,ORL @ CLE,L,25.9,2.0,2.0,2.0,10.0,8.0,7.0,4.0,24.0,0.0,0.0,2.0,0.0,18.6,1,13074,13074,13074,10967,6026,4731,4675,1840,13914,15642,8806,8723,8004,1,11390,18762,12715,1.0,25:51,2015,2016
2015-16,203473,Dewayne Dedmon,Dewayne,1610612753,ORL,Orlando Magic,21500203,2015-11-23T00:00:00,ORL @ CLE,L,6.8,0.0,0.0,1.0,2.0,2.0,0.0,2.0,4.0,0.0,0.0,0.0,2.0,3.0,1,13074,13074,13074,23628,12059,10158,9347,12984,2619,1,4025,23698,8004,1,1,7786,23648,1.0,6:49,2015,2016
2015-16,1626161,Willie Cauley-Stein,Willie,1610612758,SAC,Sacramento Kings,21500202,2015-11-23T00:00:00,SAC @ CHA,L,8.3,0.0,0.0,0.0,0.0,5.0,0.0,6.0,12.0,0.0,0.0,0.0,0.0,2.7,1,13074,13074,13074,23073,12059,10158,9917,18861,8403,1,13388,18637,8004,1,1,18762,23884,1.0,8:21,2015,2016
2015-16,202683,Enes Freedom,Enes,1610612760,OKC,Oklahoma City Thunder,21500208,2015-11-23T00:00:00,OKC @ UTA,W,21.2,0.0,2.0,2.0,6.0,4.0,13.0,4.0,16.0,0.0,0.0,4.0,1.0,12.5,1,1,1,1,14894,12059,4731,4675,5299,6141,23668,8806,15259,8004,1,22104,12373,17372,1.0,21:11,2015,2016
2015-16,201988,Patty Mills,Patty,1610612759,SAS,San Antonio Spurs,21500207,2015-11-23T00:00:00,SAS vs. PHX,W,28.3,3.0,0.0,3.0,2.0,12.0,5.0,10.0,30.0,0.0,0.0,2.0,2.0,18.5,1,1,1,1,9014,4307,10158,3302,12984,20178,11469,20169,4541,8004,1,11390,7786,12794,1.0,28:18,2015,2016
2015-16,203484,Kentavious Caldwell-Pope,Kentavious,1610612765,DET,Detroit Pistons,21500205,2015-11-23T00:00:00,DET @ MIL,L,25.7,3.0,0.0,3.0,4.0,8.0,6.0,4.0,36.0,0.0,0.0,0.0,2.0,18.0,1,13074,13074,13074,11078,4307,10158,3302,8599,13914,13237,8806,1943,8004,1,1,7786,13164,1.0,25:44,2015,2016
2015-16,202344,Trevor Booker,Trevor,1610612762,UTA,Utah Jazz,21500208,2015-11-23T00:00:00,UTA vs. OKC,L,19.7,0.0,0.0,0.0,2.0,10.0,2.0,12.0,22.0,0.0,0.0,0.0,1.0,8.1,1,13074,13074,13074,16167,12059,10158,9917,12984,17370,3734,22259,10265,8004,1,1,12373,20521,1.0,19:41,2015,2016
2015-16,203382,Aron Baynes,Aron,1610612765,DET,Detroit Pistons,21500205,2015-11-23T00:00:00,DET @ MIL,L,18.8,2.0,6.0,0.0,4.0,6.0,8.0,5.0,20.0,0.0,0.0,2.0,3.0,18.3,1,13074,13074,13074,16840,6026,481,9917,8599,10028,17345,11593,11929,8004,1,11390,4736,12952,1.0,18:50,2015,2016
2015-16,2561,David West,David,1610612759,SAS,San Antonio Spurs,21500207,2015-11-23T00:00:00,SAS vs. PHX,W,22.0,0.0,2.0,0.0,2.0,3.0,1.0,2.0,6.0,0.0,0.0,1.0,1.0,18.1,1,1,1,1,14199,12059,4731,9917,12984,5109,3393,4025,22724,8004,1,4972,12373,13090,1.0,21:58,2015,2016
2015-16,202694,Marcus Morris Sr.,Marcus,1610612765,DET,Detroit Pistons,21500205,2015-11-23T00:00:00,DET @ MIL,L,25.8,4.0,0.0,0.0,0.0,12.0,6.0,8.0,36.0,0.0,0.0,1.0,1.0,8.5,1,13074,13074,13074,11045,2460,10158,9917,18861,20178,13237,17194,1943,8004,1,4972,12373,20215,1.0,25:46,2015,2016
2015-16,203469,Cody Zeller,Cody,1610612766,CHA,Charlotte Hornets,21500202,2015-11-23T00:00:00,CHA vs. SAC,W,28.0,0.0,2.0,0.0,8.0,6.0,4.0,3.0,18.0,0.0,2.0,4.0,7.0,21.2,1,1,1,1,9209,12059,4731,9917,3109,10028,8458,7328,13577,8004,23588,22104,469,10936,1.0,28:02,2015,2016
2015-16,201577,Robin Lopez,Robin,1610612752,NYK,New York Knicks,21500204,2015-11-23T00:00:00,NYK @ MIA,L,29.5,1.0,6.0,0.0,10.0,12.0,12.0,2.0,28.0,0.0,2.0,2.0,3.0,21.1,1,13074,13074,13074,7975,11535,481,9917,1840,20178,22832,4025,5824,8004,23588,11390,4736,11012,1.0,29:30,2015,2016
2015-16,200811,Lou Amundson,Lou,1610612752,NYK,New York Knicks,21500204,2015-11-23T00:00:00,NYK @ MIA,L,10.0,2.0,0.0,0.0,4.0,0.0,0.0,0.0,2.0,0.0,0.0,2.0,3.0,8.4,1,13074,13074,13074,22459,6026,10158,9917,8599,1,1,1,24614,8004,1,11390,4736,20273,1.0,9:58,2015,2016
2015-16,203915,Spencer Dinwiddie,Spencer,1610612765,DET,Detroit Pistons,21500205,2015-11-23T00:00:00,DET @ MIL,L,17.5,2.0,0.0,2.0,2.0,3.0,4.0,6.0,18.0,0.0,0.0,2.0,4.0,9.9,1,13074,13074,13074,17904,6026,10158,4675,12984,5109,8458,13388,13577,8004,1,11390,2748,19247,1.0,17:29,2015,2016
2015-16,2210,Richard Jefferson,Richard,1610612739,CLE,Cleveland Cavaliers,21500203,2015-11-23T00:00:00,CLE vs. ORL,W,19.1,0.0,0.0,0.0,6.0,11.0,9.0,2.0,22.0,0.0,1.0,1.0,1.0,10.2,1,1,1,1,16628,12059,10158,9917,5299,18886,19144,4025,10265,8004,17214,4972,12373,19003,1.0,19:05,2015,2016
2015-16,101123,Gerald Green,Gerald,1610612748,MIA,Miami Heat,21500204,2015-11-23T00:00:00,MIA vs. NYK,W,14.6,0.0,2.0,2.0,8.0,0.0,2.0,0.0,10.0,0.0,0.0,1.0,1.0,15.0,1,1,1,1,20048,12059,4731,4675,3109,1,3734,1,20209,8004,1,4972,12373,15404,1.0,14:35,2015,2016
2015-16,201229,Anthony Tolliver,Anthony,1610612765,DET,Detroit Pistons,21500205,2015-11-23T00:00:00,DET @ MIL,L,23.9,0.0,2.0,0.0,2.0,4.0,4.0,0.0,26.0,1.0,0.0,4.0,1.0,22.8,1,13074,13074,13074,12665,12059,4731,9917,12984,6141,8458,1,7214,2692,1,22104,12373,9883,1.0,23:53,2015,2016
2015-16,204456,T.J. McConnell,T.J.,1610612755,PHI,Philadelphia 76ers,21500206,2015-11-23T00:00:00,PHI @ MIN,L,26.0,0.0,0.0,0.0,0.0,8.0,2.0,6.0,12.0,0.0,0.0,4.0,1.0,25.6,1,13074,13074,13074,10813,12059,10158,9917,18861,13914,3734,13388,18637,8004,1,22104,12373,8157,1.0,26:02,2015,2016
2015-16,203476,Gorgui Dieng,Gorgui,1610612750,MIN,Minnesota Timberwolves,21500206,2015-11-23T00:00:00,MIN vs. PHI,W,28.9,0.0,0.0,0.0,8.0,15.0,8.0,5.0,20.0,2.0,0.0,3.0,7.0,26.0,1,1,1,1,8448,12059,10158,9917,3109,23079,17345,11593,11929,932,1,17641,469,7910,1.0,28:54,2015,2016
2015-16,1626163,Frank Kaminsky,Frank,1610612766,CHA,Charlotte Hornets,21500202,2015-11-23T00:00:00,CHA vs. SAC,W,20.9,0.0,0.0,2.0,6.0,6.0,4.0,2.0,14.0,0.0,1.0,0.0,1.0,15.0,1,1,1,1,15158,12059,10158,4675,5299,10028,8458,4025,17019,8004,17214,1,12373,15404,1.0,20:53,2015,2016
2015-16,203481,Jeff Withey,Jeff,1610612762,UTA,Utah Jazz,21500208,2015-11-23T00:00:00,UTA vs. OKC,L,14.2,0.0,2.0,0.0,0.0,6.0,2.0,5.0,6.0,1.0,1.0,1.0,2.0,15.0,1,13074,13074,13074,20260,12059,4731,9917,18861,10028,3734,11593,22724,2692,17214,4972,7786,15404,1.0,14:14,2015,2016
2015-16,2755,Kevin Martin,Kevin,1610612750,MIN,Minnesota Timberwolves,21500206,2015-11-23T00:00:00,MIN vs. PHI,W,32.0,0.0,0.0,0.0,2.0,9.0,7.0,4.0,24.0,0.0,1.0,0.0,2.0,14.2,1,1,1,1,5914,12059,10158,9917,12984,15771,15642,8806,8723,8004,17214,1,7786,16003,1.0,31:58,2015,2016
2015-16,201586,Serge Ibaka,Serge,1610612760,OKC,Oklahoma City Thunder,21500208,2015-11-23T00:00:00,OKC @ UTA,W,25.2,3.0,0.0,0.0,0.0,9.0,9.0,7.0,22.0,4.0,0.0,5.0,0.0,23.8,1,1,1,1,11528,4307,10158,9917,18861,15771,19144,15538,10265,132,1,24686,18762,9261,1.0,25:12,2015,2016
2015-16,203897,Zach LaVine,Zach,1610612750,MIN,Minnesota Timberwolves,21500206,2015-11-23T00:00:00,MIN vs. PHI,W,24.9,0.0,0.0,2.0,4.0,10.0,5.0,3.0,22.0,0.0,0.0,2.0,2.0,15.0,1,1,1,1,11778,12059,10158,4675,8599,17370,11469,7328,10265,8004,1,11390,7786,15404,1.0,24:52,2015,2016
2015-16,203894,Shabazz Napier,Shabazz,1610612753,ORL,Orlando Magic,21500203,2015-11-23T00:00:00,ORL @ CLE,L,29.2,0.0,0.0,1.0,2.0,5.0,3.0,3.0,22.0,1.0,1.0,1.0,5.0,34.1,1,13074,13074,13074,8241,12059,10158,9347,12984,8403,7138,7328,10265,2692,17214,4972,1539,4124,1.0,29:10,2015,2016
2015-16,203138,Hollis Thompson,Hollis,1610612755,PHI,Philadelphia 76ers,21500206,2015-11-23T00:00:00,PHI @ MIN,L,32.8,3.0,0.0,0.0,6.0,8.0,10.0,4.0,32.0,0.0,0.0,2.0,2.0,25.5,1,13074,13074,13074,5296,4307,10158,9917,5299,13914,20509,8806,3535,8004,1,11390,7786,8230,1.0,32:46,2015,2016
2015-16,203477,Isaiah Canaan,Isaiah,1610612755,PHI,Philadelphia 76ers,21500206,2015-11-23T00:00:00,PHI @ MIN,L,29.5,2.0,0.0,0.0,0.0,8.0,10.0,0.0,32.0,1.0,1.0,5.0,2.0,25.1,1,13074,13074,13074,7944,6026,10158,9917,18861,13914,20509,1,3535,2692,17214,24686,7786,8429,1.0,29:32,2015,2016
2015-16,2747,JR Smith,JR,1610612739,CLE,Cleveland Cavaliers,21500203,2015-11-23T00:00:00,CLE vs. ORL,W,37.8,4.0,0.0,2.0,8.0,20.0,2.0,9.0,30.0,1.0,0.0,1.0,1.0,34.0,1,1,1,1,1625,2460,10158,4675,3109,25338,3734,18829,4541,2692,1,4972,12373,4162,1.0,37:46,2015,2016
2015-16,202720,Jon Leuer,Jon,1610612756,PHX,Phoenix Suns,21500207,2015-11-23T00:00:00,PHX @ SAS,L,11.9,0.0,0.0,0.0,2.0,10.0,6.0,0.0,10.0,1.0,0.0,2.0,1.0,14.8,1,13074,13074,13074,21662,12059,10158,9917,12984,17370,13237,1,20209,2692,1,11390,12373,15561,1.0,11:51,2015,2016
2015-16,203141,Mirza Teletovic,Mirza,1610612756,PHX,Phoenix Suns,21500207,2015-11-23T00:00:00,PHX @ SAS,L,22.5,0.0,3.0,0.0,0.0,16.0,11.0,10.0,26.0,1.0,0.0,0.0,2.0,25.7,1,13074,13074,13074,13760,12059,3104,9917,18861,23774,21814,20169,7214,2692,1,1,7786,8088,1.0,22:30,2015,2016
2015-16,200782,P.J. Tucker,P.J.,1610612756,PHX,Phoenix Suns,21500207,2015-11-23T00:00:00,PHX @ SAS,L,29.6,0.0,0.0,0.0,0.0,15.0,11.0,8.0,28.0,0.0,0.0,2.0,3.0,9.9,1,13074,13074,13074,7863,12059,10158,9917,18861,23079,21814,17194,5824,8004,1,11390,4736,19247,1.0,29:38,2015,2016
2015-16,2199,Tyson Chandler,Tyson,1610612756,PHX,Phoenix Suns,21500207,2015-11-23T00:00:00,PHX @ SAS,L,19.6,0.0,1.0,0.0,0.0,11.0,7.0,9.0,18.0,0.0,0.0,0.0,1.0,10.2,1,13074,13074,13074,16202,12059,9709,9917,18861,18886,15642,18829,13577,8004,1,1,12373,19003,1.0,19:38,2015,2016
2015-16,203933,T.J. Warren,T.J.,1610612756,PHX,Phoenix Suns,21500207,2015-11-23T00:00:00,PHX @ SAS,L,26.2,10.0,0.0,10.0,12.0,18.0,11.0,14.0,26.0,1.0,0.0,3.0,3.0,23.6,1,13074,13074,13074,10713,99,10158,118,988,24749,21814,23710,7214,2692,1,17641,4736,9377,1.0,26:10,2015,2016
2015-16,1495,Tim Duncan,Tim,1610612759,SAS,San Antonio Spurs,21500207,2015-11-23T00:00:00,SAS vs. PHX,W,31.8,0.0,2.0,0.0,4.0,8.0,6.0,7.0,26.0,1.0,0.0,3.0,3.0,25.1,1,1,1,1,6074,12059,4731,9917,8599,13914,13237,15538,7214,2692,1,17641,4736,8429,1.0,31:48,2015,2016
2015-16,203500,Steven Adams,Steven,1610612760,OKC,Oklahoma City Thunder,21500208,2015-11-23T00:00:00,OKC @ UTA,W,23.2,1.0,0.0,1.0,6.0,11.0,6.0,7.0,20.0,3.0,1.0,4.0,3.0,19.6,1,1,1,1,13173,11535,10158,9347,5299,18886,13237,15538,11929,347,17214,22104,4736,12024,1.0,23:14,2015,2016
2015-16,203457,Nerlens Noel,Nerlens,1610612755,PHI,Philadelphia 76ers,21500206,2015-11-23T00:00:00,PHI @ MIN,L,32.0,5.0,0.0,3.0,4.0,12.0,4.0,4.0,28.0,1.0,1.0,3.0,7.0,19.0,1,13074,13074,13074,5868,1603,10158,3302,8599,20178,8458,8806,5824,2692,17214,17641,469,12440,1.0,32:01,2015,2016
2015-16,201956,Omri Casspi,Omri,1610612758,SAC,Sacramento Kings,21500202,2015-11-23T00:00:00,SAC @ CHA,L,26.8,3.0,3.0,0.0,2.0,19.0,2.0,7.0,38.0,0.0,1.0,3.0,1.0,14.5,1,13074,13074,13074,10219,4307,3104,9917,12984,25074,3734,15538,1422,8004,17214,17641,12373,15799,1.0,26:46,2015,2016
2015-16,2736,Luol Deng,Luol,1610612748,MIA,Miami Heat,21500204,2015-11-23T00:00:00,MIA vs. NYK,W,31.1,4.0,2.0,0.0,6.0,3.0,11.0,2.0,16.0,0.0,0.0,1.0,0.0,14.6,1,1,1,1,6616,2460,4731,9917,5299,5109,21814,4025,15259,8004,1,4972,18762,15699,1.0,31:08,2015,2016
2015-16,101109,Raymond Felton,Raymond,1610612742,DAL,Dallas Mavericks,21500199,2015-11-22T00:00:00,DAL @ OKC,L,17.8,0.0,0.0,0.0,2.0,8.0,6.0,8.0,20.0,0.0,1.0,2.0,2.0,10.2,1,13074,13074,13074,17667,12059,10158,9917,12984,13914,13237,17194,11929,8004,17214,11390,7786,19003,1.0,17:48,2015,2016
2015-16,202688,Brandon Knight,Brandon,1610612756,PHX,Phoenix Suns,21500198,2015-11-22T00:00:00,PHX @ NOP,L,37.4,0.0,0.0,7.0,2.0,19.0,8.0,17.0,36.0,0.0,1.0,5.0,4.0,35.1,1,13074,13074,13074,1797,12059,10158,454,12984,25074,17345,24967,1943,8004,17214,24686,2748,3777,1.0,37:26,2015,2016
2015-16,203999,Nikola Jokić,Nikola,1610612743,DEN,Denver Nuggets,21500200,2015-11-22T00:00:00,DEN vs. GSW,L,27.4,3.0,0.0,5.0,6.0,10.0,7.0,15.0,22.0,1.0,1.0,0.0,5.0,35.2,1,13074,13074,13074,9730,4307,10158,1277,5299,17370,15642,24242,10265,2692,17214,1,1539,3745,1.0,27:21,2015,2016
2015-16,2555,Nick Collison,Nick,1610612760,OKC,Oklahoma City Thunder,21500199,2015-11-22T00:00:00,OKC vs. DAL,W,16.6,4.0,2.0,0.0,4.0,4.0,0.0,4.0,18.0,1.0,0.0,3.0,1.0,19.5,1,1,1,1,18615,2460,4731,9917,8599,6141,1,8806,13577,2692,1,17641,12373,12096,1.0,16:33,2015,2016
2015-16,203096,Jared Sullinger,Jared,1610612738,BOS,Boston Celtics,21500197,2015-11-22T00:00:00,BOS @ BKN,L,30.3,0.0,2.0,0.0,2.0,19.0,12.0,5.0,32.0,0.0,1.0,3.0,2.0,23.5,1,13074,13074,13074,7261,12059,4731,9917,12984,25074,22832,11593,3535,8004,17214,17641,7786,9452,1.0,30:19,2015,2016
2015-16,1626144,Emmanuel Mudiay,Emmanuel,1610612743,DEN,Denver Nuggets,21500200,2015-11-22T00:00:00,DEN vs. GSW,L,32.7,4.0,4.0,0.0,10.0,8.0,6.0,15.0,30.0,1.0,1.0,2.0,2.0,34.4,1,13074,13074,13074,5337,2460,1596,9917,1840,13914,13237,24242,4541,2692,17214,11390,7786,4029,1.0,32:42,2015,2016
2015-16,203460,Andre Roberson,Andre,1610612760,OKC,Oklahoma City Thunder,21500199,2015-11-22T00:00:00,OKC vs. DAL,W,33.0,0.0,0.0,1.0,0.0,9.0,5.0,8.0,26.0,2.0,1.0,3.0,2.0,23.8,1,1,1,1,5137,12059,10158,9347,18861,15771,11469,17194,7214,932,17214,17641,7786,9261,1.0,32:59,2015,2016
2015-16,203500,Steven Adams,Steven,1610612760,OKC,Oklahoma City Thunder,21500199,2015-11-22T00:00:00,OKC vs. DAL,W,24.5,6.0,2.0,0.0,6.0,18.0,6.0,12.0,20.0,0.0,0.0,4.0,1.0,14.3,1,1,1,1,12077,878,4731,9917,5299,24749,13237,22259,11929,8004,1,22104,12373,15948,1.0,24:33,2015,2016
2015-16,201569,Eric Gordon,Eric,1610612740,NOP,New Orleans Pelicans,21500198,2015-11-22T00:00:00,NOP vs. PHX,W,39.3,6.0,0.0,6.0,2.0,9.0,11.0,20.0,22.0,0.0,0.0,2.0,3.0,33.8,1,1,1,1,967,878,10158,740,12984,15771,21814,25599,10265,8004,1,11390,4736,4244,1.0,39:15,2015,2016
2015-16,101127,Jarrett Jack,Jarrett,1610612751,BKN,Brooklyn Nets,21500197,2015-11-22T00:00:00,BKN vs. BOS,W,32.7,6.0,2.0,3.0,10.0,7.0,9.0,6.0,20.0,0.0,0.0,3.0,5.0,33.8,1,1,1,1,5337,878,4731,3302,1840,12242,19144,13388,11929,8004,1,17641,1539,4244,1.0,32:42,2015,2016
2015-16,2571,Leandro Barbosa,Leandro,1610612744,GSW,Golden State Warriors,21500200,2015-11-22T00:00:00,GSW @ DEN,W,17.9,0.0,0.0,3.0,0.0,6.0,3.0,6.0,16.0,0.0,0.0,1.0,0.0,14.7,1,1,1,1,17604,12059,10158,3302,18861,10028,7138,13388,15259,8004,1,4972,18762,15631,1.0,17:53,2015,2016
2015-16,977,Kobe Bryant,Kobe,1610612747,LAL,Los Angeles Lakers,21500201,2015-11-22T00:00:00,LAL vs. POR,L,31.4,0.0,0.0,0.0,6.0,8.0,9.0,14.0,34.0,1.0,3.0,1.0,3.0,34.8,1,13074,13074,13074,6391,12059,10158,9917,5299,13914,19144,23710,2701,2692,25441,4972,4736,3891,1.0,31:23,2015,2016
2015-16,202083,Wesley Matthews,Wesley,1610612742,DAL,Dallas Mavericks,21500199,2015-11-22T00:00:00,DAL @ OKC,L,31.9,2.0,0.0,3.0,4.0,16.0,15.0,7.0,28.0,0.0,0.0,1.0,0.0,25.1,1,13074,13074,13074,5965,6026,10158,3302,8599,23774,24781,15538,5824,8004,1,4972,18762,8429,1.0,31:55,2015,2016
2015-16,101150,Lou Williams,Lou,1610612747,LAL,Los Angeles Lakers,21500201,2015-11-22T00:00:00,LAL vs. POR,L,24.8,4.0,6.0,2.0,2.0,4.0,6.0,10.0,34.0,0.0,2.0,0.0,5.0,19.0,1,13074,13074,13074,11859,2460,481,4675,12984,6141,13237,20169,2701,8004,23588,1,1539,12440,1.0,24:46,2015,2016
2015-16,203084,Harrison Barnes,Harrison,1610612744,GSW,Golden State Warriors,21500200,2015-11-22T00:00:00,GSW @ DEN,W,33.0,4.0,2.0,5.0,8.0,11.0,7.0,16.0,36.0,0.0,1.0,2.0,4.0,33.6,1,1,1,1,5167,2460,4731,1277,3109,18886,15642,24641,1943,8004,17214,11390,2748,4305,1.0,32:57,2015,2016
2015-16,203482,Kelly Olynyk,Kelly,1610612738,BOS,Boston Celtics,21500197,2015-11-22T00:00:00,BOS @ BKN,L,18.8,0.0,0.0,0.0,0.0,2.0,4.0,1.0,18.0,0.0,0.0,3.0,1.0,14.9,1,13074,13074,13074,16840,12059,10158,9917,18861,2619,8458,3646,13577,8004,1,17641,12373,15463,1.0,18:50,2015,2016
2015-16,201601,Luc Mbah a Moute,Luc,1610612746,LAC,LA Clippers,21500196,2015-11-22T00:00:00,LAC vs. TOR,L,4.2,0.0,0.0,2.0,2.0,2.0,4.0,0.0,4.0,0.0,0.0,2.0,0.0,6.2,1,13074,13074,13074,24648,12059,10158,4675,12984,2619,8458,1,23698,8004,1,11390,18762,21696,1.0,4:10,2015,2016
2015-16,203933,T.J. Warren,T.J.,1610612756,PHX,Phoenix Suns,21500198,2015-11-22T00:00:00,PHX @ NOP,L,21.5,0.0,0.0,0.0,0.0,19.0,8.0,9.0,24.0,0.0,0.0,1.0,0.0,11.4,1,13074,13074,13074,14643,12059,10158,9917,18861,25074,17345,18829,8723,8004,1,4972,18762,18134,1.0,21:27,2015,2016
2015-16,1718,Paul Pierce,Paul,1610612746,LAC,LA Clippers,21500196,2015-11-22T00:00:00,LAC vs. TOR,L,18.8,2.0,0.0,2.0,0.0,11.0,0.0,9.0,16.0,0.0,0.0,2.0,2.0,1.2,1,13074,13074,13074,16840,6026,10158,4675,18861,18886,1,18829,15259,8004,1,11390,7786,24661,1.0,18:50,2015,2016
2015-16,203459,Allen Crabbe,Allen,1610612757,POR,Portland Trail Blazers,21500201,2015-11-22T00:00:00,POR @ LAL,W,25.9,0.0,0.0,2.0,2.0,4.0,9.0,2.0,14.0,0.0,0.0,4.0,0.0,10.6,1,1,1,1,10955,12059,10158,4675,12984,6141,19144,4025,17019,8004,1,22104,18762,18723,1.0,25:52,2015,2016
2015-16,1897,Metta World Peace,Metta,1610612747,LAL,Los Angeles Lakers,21500201,2015-11-22T00:00:00,LAL vs. POR,L,13.5,0.0,0.0,0.0,0.0,2.0,0.0,4.0,18.0,0.0,1.0,2.0,0.0,5.9,1,13074,13074,13074,20716,12059,10158,9917,18861,2619,1,8806,13577,8004,17214,11390,18762,21953,1.0,13:28,2015,2016
2015-16,203949,James Michael McAdoo,James Michael,1610612744,GSW,Golden State Warriors,21500200,2015-11-22T00:00:00,GSW @ DEN,W,4.9,2.0,2.0,2.0,2.0,4.0,0.0,0.0,6.0,0.0,1.0,0.0,1.0,10.6,1,1,1,1,24390,6026,4731,4675,12984,6141,1,1,22724,8004,17214,1,12373,18723,1.0,4:56,2015,2016
2015-16,202335,Patrick Patterson,Patrick,1610612761,TOR,Toronto Raptors,21500196,2015-11-22T00:00:00,TOR @ LAC,W,14.3,0.0,2.0,0.0,2.0,6.0,4.0,6.0,12.0,0.0,0.0,0.0,1.0,6.0,1,1,1,1,20220,12059,4731,9917,12984,10028,8458,13388,18637,8004,1,1,12373,21878,1.0,14:18,2015,2016
2015-16,201962,Toney Douglas,Toney,1610612740,NOP,New Orleans Pelicans,21500198,2015-11-22T00:00:00,NOP vs. PHX,W,5.3,0.0,0.0,0.0,0.0,4.0,0.0,2.0,4.0,0.0,0.0,1.0,1.0,2.0,1,1,1,1,24269,12059,10158,9917,18861,6141,1,4025,23698,8004,1,4972,12373,24216,1.0,5:16,2015,2016
2015-16,202337,Luke Babbitt,Luke,1610612740,NOP,New Orleans Pelicans,21500198,2015-11-22T00:00:00,NOP vs. PHX,W,7.8,3.0,0.0,0.0,0.0,9.0,0.0,0.0,0.0,0.0,0.0,3.0,1.0,5.5,1,1,1,1,23271,4307,10158,9917,18861,15771,1,1,25429,8004,1,17641,12373,22196,1.0,7:48,2015,2016
2015-16,101161,Amir Johnson,Amir,1610612738,BOS,Boston Celtics,21500197,2015-11-22T00:00:00,BOS @ BKN,L,17.8,2.0,0.0,0.0,2.0,19.0,10.0,9.0,22.0,0.0,0.0,2.0,1.0,5.5,1,13074,13074,13074,17684,6026,10158,9917,12984,25074,20509,18829,10265,8004,1,11390,12373,22196,1.0,17:47,2015,2016
2015-16,201600,Omer Asik,Omer,1610612740,NOP,New Orleans Pelicans,21500198,2015-11-22T00:00:00,NOP vs. PHX,W,14.7,0.0,0.0,0.0,0.0,0.0,0.0,3.0,4.0,0.0,0.0,0.0,2.0,5.8,1,1,1,1,19969,12059,10158,9917,18861,1,1,7328,23698,8004,1,1,7786,22018,1.0,14:41,2015,2016
2015-16,1626179,Terry Rozier,Terry,1610612738,BOS,Boston Celtics,21500197,2015-11-22T00:00:00,BOS @ BKN,L,5.0,0.0,3.0,0.0,0.0,6.0,0.0,5.0,8.0,0.0,0.0,0.0,0.0,2.0,1,13074,13074,13074,24354,12059,3104,9917,18861,10028,1,11593,21543,8004,1,1,18762,24216,1.0,5:02,2015,2016
2015-16,201578,Marreese Speights,Marreese,1610612744,GSW,Golden State Warriors,21500200,2015-11-22T00:00:00,GSW @ DEN,W,6.4,0.0,2.0,2.0,4.0,4.0,0.0,0.0,2.0,0.0,0.0,2.0,2.0,11.2,1,1,1,1,23783,12059,4731,4675,8599,6141,1,1,24614,8004,1,11390,7786,18267,1.0,6:23,2015,2016
2015-16,201566,Russell Westbrook,Russell,1610612760,OKC,Oklahoma City Thunder,21500199,2015-11-22T00:00:00,OKC vs. DAL,W,36.9,8.0,3.0,14.0,12.0,20.0,9.0,14.0,32.0,1.0,0.0,1.0,7.0,64.5,1,1,1,1,2154,308,3104,20,988,25338,19144,23710,3535,2692,1,4972,469,96,1.0,36:53,2015,2016
2015-16,201583,Ryan Anderson,Ryan,1610612740,NOP,New Orleans Pelicans,21500198,2015-11-22T00:00:00,NOP vs. PHX,W,33.3,6.0,0.0,3.0,2.0,18.0,11.0,17.0,18.0,1.0,2.0,2.0,5.0,37.0,1,1,1,1,4879,878,10158,3302,12984,24749,21814,24967,13577,2692,23588,11390,1539,3182,1.0,33:19,2015,2016
2015-16,202323,Evan Turner,Evan,1610612738,BOS,Boston Celtics,21500197,2015-11-22T00:00:00,BOS @ BKN,L,32.3,4.0,1.0,3.0,10.0,10.0,2.0,6.0,26.0,0.0,0.0,3.0,3.0,29.9,1,13074,13074,13074,5650,2460,9709,3302,1840,17370,3734,13388,7214,8004,1,17641,4736,5884,1.0,32:18,2015,2016
2015-16,203081,Damian Lillard,Damian,1610612757,POR,Portland Trail Blazers,21500201,2015-11-22T00:00:00,POR @ LAL,W,36.6,4.0,3.0,4.0,8.0,8.0,16.0,0.0,32.0,1.0,1.0,1.0,2.0,63.7,1,1,1,1,2344,2460,3104,1913,3109,13914,25155,1,3535,2692,17214,4972,7786,108,1.0,36:35,2015,2016
2015-16,202693,Markieff Morris,Markieff,1610612756,PHX,Phoenix Suns,21500198,2015-11-22T00:00:00,PHX @ NOP,L,35.9,2.0,1.0,0.0,4.0,16.0,10.0,16.0,30.0,1.0,1.0,5.0,5.0,36.1,1,13074,13074,13074,2857,6026,9709,9917,8599,23774,20509,24641,4541,2692,17214,24686,1539,3432,1.0,35:52,2015,2016
2015-16,201572,Brook Lopez,Brook,1610612751,BKN,Brooklyn Nets,21500197,2015-11-22T00:00:00,BKN vs. BOS,W,34.6,4.0,6.0,0.0,18.0,12.0,9.0,8.0,24.0,0.0,0.0,3.0,3.0,36.0,1,1,1,1,3840,2460,481,9917,131,20178,19144,17194,8723,8004,1,17641,4736,3463,1.0,34:39,2015,2016
2015-16,2738,Andre Iguodala,Andre,1610612744,GSW,Golden State Warriors,21500200,2015-11-22T00:00:00,GSW @ DEN,W,26.5,2.0,0.0,2.0,4.0,13.0,2.0,16.0,22.0,1.0,0.0,4.0,0.0,35.6,1,1,1,1,10422,6026,10158,4675,8599,21300,3734,24641,10265,2692,1,22104,18762,3615,1.0,26:32,2015,2016
2015-16,2449,Luis Scola,Luis,1610612761,TOR,Toronto Raptors,21500196,2015-11-22T00:00:00,TOR @ LAC,W,31.0,12.0,2.0,3.0,8.0,11.0,5.0,17.0,16.0,0.0,0.0,3.0,4.0,29.1,1,1,1,1,6707,27,4731,3302,3109,18886,11469,24967,15259,8004,1,17641,2748,6285,1.0,31:01,2015,2016
2015-16,202691,Klay Thompson,Klay,1610612744,GSW,Golden State Warriors,21500200,2015-11-22T00:00:00,GSW @ DEN,W,31.6,2.0,0.0,0.0,2.0,13.0,9.0,16.0,38.0,1.0,0.0,2.0,3.0,37.1,1,1,1,1,6210,6026,10158,9917,12984,21300,19144,24641,1422,2692,1,11390,4736,3151,1.0,31:37,2015,2016
2015-16,201152,Thaddeus Young,Thaddeus,1610612751,BKN,Brooklyn Nets,21500197,2015-11-22T00:00:00,BKN vs. BOS,W,28.1,2.0,2.0,2.0,4.0,11.0,5.0,7.0,20.0,0.0,1.0,3.0,7.0,28.9,1,1,1,1,9165,6026,4731,4675,8599,18886,11469,15538,11929,8004,17214,17641,469,6414,1.0,28:06,2015,2016
2015-16,101114,Deron Williams,Deron,1610612742,DAL,Dallas Mavericks,21500199,2015-11-22T00:00:00,DAL @ OKC,L,33.2,10.0,2.0,5.0,8.0,16.0,11.0,15.0,34.0,1.0,2.0,1.0,4.0,37.2,1,13074,13074,13074,4959,99,4731,1277,3109,23774,21814,24242,2701,2692,23588,4972,2748,3130,1.0,33:13,2015,2016
2015-16,202397,Ish Smith,Ish,1610612740,NOP,New Orleans Pelicans,21500198,2015-11-22T00:00:00,NOP vs. PHX,W,30.5,2.0,2.0,0.0,10.0,16.0,9.0,17.0,18.0,1.0,0.0,2.0,3.0,49.8,1,1,1,1,7123,6026,4731,9917,1840,23774,19144,24967,13577,2692,1,11390,4736,775,1.0,30:29,2015,2016
2015-16,201599,DeAndre Jordan,DeAndre,1610612746,LAC,LA Clippers,21500196,2015-11-22T00:00:00,LAC vs. TOR,L,39.1,3.0,1.0,4.0,12.0,15.0,4.0,11.0,30.0,5.0,0.0,1.0,5.0,49.5,1,13074,13074,13074,1038,4307,9709,1913,988,23079,8458,21342,4541,59,1,4972,1539,811,1.0,39:05,2015,2016
2015-16,1626156,D'Angelo Russell,D'Angelo,1610612747,LAL,Los Angeles Lakers,21500201,2015-11-22T00:00:00,LAL vs. POR,L,35.8,2.0,7.0,0.0,2.0,8.0,5.0,14.0,40.0,0.0,0.0,0.0,4.0,29.8,1,13074,13074,13074,2909,6026,292,9917,12984,13914,11469,23710,983,8004,1,1,2748,5948,1.0,35:47,2015,2016
2015-16,203944,Julius Randle,Julius,1610612747,LAL,Los Angeles Lakers,21500201,2015-11-22T00:00:00,LAL vs. POR,L,31.6,2.0,5.0,0.0,10.0,8.0,5.0,14.0,32.0,0.0,2.0,0.0,2.0,30.1,1,13074,13074,13074,6228,6026,995,9917,1840,13914,11469,23710,3535,8004,23588,1,7786,5794,1.0,31:36,2015,2016
2015-16,202339,Eric Bledsoe,Eric,1610612756,PHX,Phoenix Suns,21500198,2015-11-22T00:00:00,PHX @ NOP,L,33.8,9.0,0.0,11.0,2.0,11.0,10.0,13.0,30.0,0.0,0.0,5.0,9.0,44.4,1,13074,13074,13074,4504,171,10158,69,12984,18886,20509,23048,4541,8004,1,24686,138,1474,1.0,33:49,2015,2016
2015-16,203076,Anthony Davis,Anthony,1610612740,NOP,New Orleans Pelicans,21500198,2015-11-22T00:00:00,NOP vs. PHX,W,39.0,6.0,10.0,6.0,18.0,7.0,11.0,18.0,18.0,4.0,2.0,4.0,7.0,71.3,1,1,1,1,1054,878,34,740,131,12242,21814,25228,13577,132,23588,22104,469,38,1.0,39:03,2015,2016
2015-16,200768,Kyle Lowry,Kyle,1610612761,TOR,Toronto Raptors,21500196,2015-11-22T00:00:00,TOR @ LAC,W,37.6,0.0,2.0,0.0,2.0,9.0,7.0,11.0,16.0,0.0,2.0,4.0,11.0,36.6,1,1,1,1,1701,12059,4731,9917,12984,15771,15642,21342,15259,8004,23588,22104,44,3288,1.0,37:36,2015,2016
2015-16,1626154,RJ Hunter,RJ,1610612738,BOS,Boston Celtics,21500197,2015-11-22T00:00:00,BOS @ BKN,L,7.8,0.0,0.0,0.0,0.0,0.0,0.0,0.0,4.0,0.0,0.0,2.0,0.0,5.0,1,13074,13074,13074,23287,12059,10158,9917,18861,1,1,1,23698,8004,1,11390,18762,22500,1.0,7:46,2015,2016
2015-16,202713,Kyle Singler,Kyle,1610612760,OKC,Oklahoma City Thunder,21500199,2015-11-22T00:00:00,OKC vs. DAL,W,3.1,0.0,0.0,0.0,0.0,0.0,0.0,0.0,4.0,0.0,0.0,2.0,0.0,0.0,1,1,1,1,25079,12059,10158,9917,18861,1,1,1,23698,8004,1,11390,18762,25170,1.0,3:08,2015,2016
2015-16,201973,Jonas Jerebko,Jonas,1610612738,BOS,Boston Celtics,21500197,2015-11-22T00:00:00,BOS @ BKN,L,17.8,0.0,0.0,0.0,0.0,8.0,2.0,5.0,16.0,1.0,0.0,1.0,1.0,9.5,1,13074,13074,13074,17641,12059,10158,9917,18861,13914,3734,11593,15259,2692,1,4972,12373,19519,1.0,17:51,2015,2016
2015-16,201571,D.J. Augustin,D.J.,1610612760,OKC,Oklahoma City Thunder,21500199,2015-11-22T00:00:00,OKC vs. DAL,W,12.6,0.0,0.0,0.0,0.0,2.0,0.0,0.0,18.0,0.0,1.0,0.0,0.0,9.2,1,1,1,1,21244,12059,10158,9917,18861,2619,1,1,13577,8004,17214,1,18762,19680,1.0,12:33,2015,2016
2015-16,203943,Noah Vonleh,Noah,1610612757,POR,Portland Trail Blazers,21500201,2015-11-22T00:00:00,POR @ LAL,W,16.6,0.0,0.0,0.0,0.0,8.0,4.0,0.0,22.0,2.0,0.0,0.0,0.0,8.6,1,1,1,1,18616,12059,10158,9917,18861,13914,8458,1,10265,932,1,1,18762,20125,1.0,16:33,2015,2016
2015-16,201156,Nick Young,Nick,1610612747,LAL,Los Angeles Lakers,21500201,2015-11-22T00:00:00,LAL vs. POR,L,19.5,0.0,2.0,0.0,0.0,2.0,4.0,4.0,24.0,0.0,0.0,1.0,0.0,9.1,1,13074,13074,13074,16286,12059,4731,9917,18861,2619,8458,8806,8723,8004,1,4972,18762,19789,1.0,19:33,2015,2016
2015-16,203508,Sergey Karasev,Sergey,1610612751,BKN,Brooklyn Nets,21500197,2015-11-22T00:00:00,BKN vs. BOS,W,9.5,0.0,0.0,0.0,0.0,5.0,0.0,0.0,4.0,0.0,0.0,0.0,2.0,3.6,1,1,1,1,22616,12059,10158,9917,18861,8403,1,1,23698,8004,1,1,7786,23310,1.0,9:32,2015,2016
2015-16,200751,Randy Foye,Randy,1610612743,DEN,Denver Nuggets,21500200,2015-11-22T00:00:00,DEN vs. GSW,L,13.9,0.0,0.0,0.0,0.0,8.0,4.0,6.0,18.0,0.0,1.0,1.0,0.0,4.5,1,13074,13074,13074,20442,12059,10158,9917,18861,13914,8458,13388,13577,8004,17214,4972,18762,22773,1.0,13:56,2015,2016
2015-16,1626166,Cameron Payne,Cameron,1610612760,OKC,Oklahoma City Thunder,21500199,2015-11-22T00:00:00,OKC vs. DAL,W,5.2,0.0,0.0,0.0,0.0,7.0,2.0,2.0,12.0,0.0,0.0,1.0,0.0,4.9,1,1,1,1,24297,12059,10158,9917,18861,12242,3734,4025,18637,8004,1,4972,18762,22621,1.0,5:11,2015,2016
2015-16,203085,Austin Rivers,Austin,1610612746,LAC,LA Clippers,21500196,2015-11-22T00:00:00,LAC vs. TOR,L,18.7,2.0,2.0,0.0,4.0,6.0,10.0,2.0,12.0,0.0,0.0,3.0,0.0,8.9,1,13074,13074,13074,16916,6026,4731,9917,8599,10028,20509,4025,18637,8004,1,17641,18762,19914,1.0,18:45,2015,2016
2015-16,201945,Gerald Henderson,Gerald,1610612757,POR,Portland Trail Blazers,21500201,2015-11-22T00:00:00,POR @ LAL,W,18.3,0.0,0.0,0.0,2.0,4.0,11.0,2.0,10.0,0.0,0.0,0.0,1.0,9.6,1,1,1,1,17303,12059,10158,9917,12984,6141,21814,4025,20209,8004,1,1,12373,19434,1.0,18:15,2015,2016
2015-16,101179,Ronnie Price,Ronnie,1610612756,PHX,Phoenix Suns,21500198,2015-11-22T00:00:00,PHX @ NOP,L,5.8,0.0,0.0,0.0,0.0,4.0,4.0,0.0,4.0,0.0,0.0,1.0,1.0,0.0,1,13074,13074,13074,24047,12059,10158,9917,18861,6141,8458,1,23698,8004,1,4972,12373,25170,1.0,5:49,2015,2016
2015-16,201581,JJ Hickson,JJ,1610612743,DEN,Denver Nuggets,21500200,2015-11-22T00:00:00,DEN vs. GSW,L,9.9,0.0,0.0,0.0,2.0,8.0,2.0,6.0,14.0,0.0,1.0,1.0,1.0,8.6,1,13074,13074,13074,22480,12059,10158,9917,12984,13914,3734,13388,17019,8004,17214,4972,12373,20125,1.0,9:56,2015,2016
2015-16,2749,Jameer Nelson,Jameer,1610612743,DEN,Denver Nuggets,21500200,2015-11-22T00:00:00,DEN vs. GSW,L,24.0,0.0,0.0,0.0,2.0,14.0,7.0,19.0,28.0,0.0,0.0,3.0,1.0,5.4,1,13074,13074,13074,12584,12059,10158,9917,12984,22292,15642,25435,5824,8004,1,17641,12373,22242,1.0,23:59,2015,2016
2015-16,203458,Alex Len,Alex,1610612756,PHX,Phoenix Suns,21500198,2015-11-22T00:00:00,PHX @ NOP,L,1.8,0.0,0.0,0.0,0.0,5.0,4.0,0.0,4.0,0.0,0.0,1.0,0.0,0.0,1,13074,13074,13074,25589,12059,10158,9917,18861,8403,8458,1,23698,8004,1,4972,18762,25170,1.0,1:48,2015,2016
2015-16,201949,James Johnson,James,1610612761,TOR,Toronto Raptors,21500196,2015-11-22T00:00:00,TOR @ LAC,W,6.8,0.0,2.0,0.0,2.0,2.0,0.0,6.0,8.0,0.0,0.0,0.0,0.0,3.2,1,1,1,1,23624,12059,4731,9917,12984,2619,1,13388,21543,8004,1,1,18762,23473,1.0,6:50,2015,2016
2015-16,202711,Bojan Bogdanović,Bojan,1610612751,BKN,Brooklyn Nets,21500197,2015-11-22T00:00:00,BKN vs. BOS,W,18.4,0.0,0.0,0.0,0.0,9.0,3.0,6.0,16.0,0.0,0.0,0.0,1.0,6.6,1,1,1,1,17192,12059,10158,9917,18861,15771,7138,13388,15259,8004,1,1,12373,21445,1.0,18:24,2015,2016
2015-16,203546,Ian Clark,Ian,1610612744,GSW,Golden State Warriors,21500200,2015-11-22T00:00:00,GSW @ DEN,W,8.8,2.0,0.0,2.0,4.0,10.0,2.0,7.0,18.0,1.0,0.0,2.0,0.0,8.7,1,1,1,1,22911,6026,10158,4675,8599,17370,3734,15538,13577,2692,1,11390,18762,20045,1.0,8:49,2015,2016
2015-16,202720,Jon Leuer,Jon,1610612756,PHX,Phoenix Suns,21500198,2015-11-22T00:00:00,PHX @ NOP,L,7.3,0.0,0.0,0.0,0.0,6.0,2.0,2.0,10.0,0.0,0.0,1.0,0.0,6.8,1,13074,13074,13074,23448,12059,10158,9917,18861,10028,3734,4025,20209,8004,1,4972,18762,21328,1.0,7:20,2015,2016
2015-16,203486,Mason Plumlee,Mason,1610612757,POR,Portland Trail Blazers,21500201,2015-11-22T00:00:00,POR @ LAL,W,30.3,0.0,2.0,2.0,12.0,8.0,11.0,0.0,28.0,1.0,0.0,1.0,5.0,42.2,1,1,1,1,7237,12059,4731,4675,988,13914,21814,1,5824,2692,1,4972,1539,1892,1.0,30:20,2015,2016
2015-16,1626164,Devin Booker,Devin,1610612756,PHX,Phoenix Suns,21500198,2015-11-22T00:00:00,PHX @ NOP,L,16.4,4.0,3.0,2.0,8.0,13.0,6.0,7.0,16.0,0.0,0.0,1.0,2.0,20.4,1,13074,13074,13074,18720,2460,3104,4675,3109,21300,13237,15538,15259,8004,1,4972,7786,11453,1.0,16:25,2015,2016
2015-16,203090,Maurice Harkless,Maurice,1610612757,POR,Portland Trail Blazers,21500201,2015-11-22T00:00:00,POR @ LAL,W,25.0,2.0,0.0,6.0,10.0,4.0,16.0,2.0,14.0,1.0,2.0,3.0,0.0,19.8,1,1,1,1,11676,6026,10158,740,1840,6141,25155,4025,17019,2692,23588,17641,18762,11883,1.0,24:60,2015,2016
2015-16,203110,Draymond Green,Draymond,1610612744,GSW,Golden State Warriors,21500200,2015-11-22T00:00:00,GSW @ DEN,W,31.3,0.0,0.0,2.0,4.0,10.0,7.0,18.0,34.0,1.0,0.0,5.0,1.0,26.4,1,1,1,1,6498,12059,10158,4675,8599,17370,15642,25228,2701,2692,1,24686,12373,7672,1.0,31:16,2015,2016
2015-16,101138,Brandon Bass,Brandon,1610612747,LAL,Los Angeles Lakers,21500201,2015-11-22T00:00:00,LAL vs. POR,L,22.7,0.0,0.0,0.0,4.0,4.0,4.0,6.0,30.0,1.0,0.0,3.0,2.0,15.1,1,13074,13074,13074,13584,12059,10158,9917,8599,6141,8458,13388,4541,2692,1,17641,7786,15328,1.0,22:44,2015,2016
2015-16,200755,JJ Redick,JJ,1610612746,LAC,LA Clippers,21500196,2015-11-22T00:00:00,LAC vs. TOR,L,29.4,0.0,0.0,6.0,0.0,9.0,0.0,9.0,24.0,0.0,0.0,4.0,3.0,19.8,1,13074,13074,13074,8087,12059,10158,740,18861,15771,1,18829,8723,8004,1,22104,4736,11883,1.0,29:21,2015,2016
2015-16,1626178,Rondae Hollis-Jefferson,Rondae,1610612751,BKN,Brooklyn Nets,21500197,2015-11-22T00:00:00,BKN vs. BOS,W,30.6,1.0,4.0,0.0,2.0,13.0,11.0,7.0,22.0,1.0,0.0,5.0,4.0,40.4,1,1,1,1,7011,11535,1596,9917,12984,21300,21814,15538,10265,2692,1,24686,2748,2274,1.0,30:37,2015,2016
2015-16,101106,Andrew Bogut,Andrew,1610612744,GSW,Golden State Warriors,21500200,2015-11-22T00:00:00,GSW @ DEN,W,17.8,2.0,2.0,0.0,8.0,4.0,4.0,8.0,22.0,3.0,1.0,3.0,1.0,27.2,1,1,1,1,17667,6026,4731,9917,3109,6141,8458,17194,10265,347,17214,17641,12373,7289,1.0,17:48,2015,2016
2015-16,2585,Zaza Pachulia,Zaza,1610612742,DAL,Dallas Mavericks,21500199,2015-11-22T00:00:00,DAL @ OKC,L,33.6,2.0,3.0,0.0,6.0,16.0,11.0,15.0,34.0,3.0,1.0,5.0,6.0,40.0,1,13074,13074,13074,4678,6026,3104,9917,5299,23774,21814,24242,2701,347,17214,24686,873,2364,1.0,33:36,2015,2016
2015-16,202718,Chandler Parsons,Chandler,1610612742,DAL,Dallas Mavericks,21500199,2015-11-22T00:00:00,DAL @ OKC,L,24.3,2.0,0.0,0.0,6.0,12.0,7.0,14.0,22.0,0.0,2.0,1.0,1.0,15.6,1,13074,13074,13074,12315,6026,10158,9917,5299,20178,15642,23710,10265,8004,23588,4972,12373,14916,1.0,24:17,2015,2016
2015-16,203499,Shane Larkin,Shane,1610612751,BKN,Brooklyn Nets,21500197,2015-11-22T00:00:00,BKN vs. BOS,W,17.8,2.0,0.0,0.0,2.0,11.0,4.0,5.0,14.0,0.0,1.0,1.0,1.0,15.5,1,1,1,1,17645,6026,10158,9917,12984,18886,8458,11593,17019,8004,17214,4972,12373,15004,1.0,17:50,2015,2016
2015-16,202340,Avery Bradley,Avery,1610612738,BOS,Boston Celtics,21500197,2015-11-22T00:00:00,BOS @ BKN,L,39.8,8.0,3.0,2.0,2.0,19.0,14.0,5.0,38.0,1.0,0.0,3.0,3.0,40.3,1,13074,13074,13074,786,308,3104,4675,12984,25074,24300,11593,1422,2692,1,17641,4736,2302,1.0,39:48,2015,2016
2015-16,203468,CJ McCollum,CJ,1610612757,POR,Portland Trail Blazers,21500201,2015-11-22T00:00:00,POR @ LAL,W,33.0,2.0,2.0,2.0,8.0,12.0,12.0,2.0,28.0,2.0,1.0,2.0,0.0,40.3,1,1,1,1,5104,6026,4731,4675,3109,20178,22832,4025,5824,932,17214,11390,18762,2302,1.0,33:01,2015,2016
2015-16,202709,Cory Joseph,Cory,1610612761,TOR,Toronto Raptors,21500196,2015-11-22T00:00:00,TOR @ LAC,W,24.0,2.0,0.0,0.0,4.0,12.0,4.0,8.0,18.0,0.0,3.0,1.0,4.0,12.3,1,1,1,1,12599,6026,10158,9917,8599,20178,8458,17194,13577,8004,25441,4972,2748,17524,1.0,23:59,2015,2016
2015-16,203939,Dwight Powell,Dwight,1610612742,DAL,Dallas Mavericks,21500199,2015-11-22T00:00:00,DAL @ OKC,L,13.5,4.0,0.0,2.0,6.0,4.0,2.0,4.0,14.0,0.0,0.0,2.0,2.0,20.2,1,13074,13074,13074,20723,2460,10158,4675,5299,6141,3734,8806,17019,8004,1,11390,7786,11610,1.0,13:28,2015,2016
2015-16,2734,Devin Harris,Devin,1610612742,DAL,Dallas Mavericks,21500199,2015-11-22T00:00:00,DAL @ OKC,L,22.2,0.0,0.0,2.0,2.0,10.0,8.0,16.0,30.0,0.0,0.0,2.0,3.0,15.7,1,13074,13074,13074,14050,12059,10158,4675,12984,17370,17345,24641,4541,8004,1,11390,4736,14841,1.0,22:09,2015,2016
2015-16,101135,David Lee,David,1610612738,BOS,Boston Celtics,21500197,2015-11-22T00:00:00,BOS @ BKN,L,7.0,0.0,0.0,0.0,0.0,6.0,2.0,5.0,10.0,0.0,3.0,1.0,0.0,2.4,1,13074,13074,13074,23553,12059,10158,9917,18861,10028,3734,11593,20209,8004,25441,4972,18762,24024,1.0,7:02,2015,2016
2015-16,201580,JaVale McGee,JaVale,1610612742,DAL,Dallas Mavericks,21500199,2015-11-22T00:00:00,DAL @ OKC,L,10.9,0.0,0.0,0.0,8.0,6.0,6.0,6.0,12.0,0.0,0.0,1.0,1.0,13.2,1,13074,13074,13074,22091,12059,10158,9917,3109,10028,13237,13388,18637,8004,1,4972,12373,16768,1.0,10:51,2015,2016
2015-16,203123,Kostas Papanikolaou,Kostas,1610612743,DEN,Denver Nuggets,21500200,2015-11-22T00:00:00,DEN vs. GSW,L,2.2,0.0,0.0,0.0,0.0,0.0,0.0,0.0,0.0,0.0,0.0,0.0,0.0,3.0,1,13074,13074,13074,25462,12059,10158,9917,18861,1,1,1,25429,8004,1,1,18762,23648,1.0,2:10,2015,2016
2015-16,2199,Tyson Chandler,Tyson,1610612756,PHX,Phoenix Suns,21500198,2015-11-22T00:00:00,PHX @ NOP,L,16.0,0.0,1.0,0.0,0.0,3.0,2.0,8.0,12.0,1.0,2.0,4.0,2.0,13.0,1,13074,13074,13074,19015,12059,9709,9917,18861,5109,3734,17194,18637,2692,23588,22104,7786,16969,1.0,16:01,2015,2016
2015-16,201950,Jrue Holiday,Jrue,1610612740,NOP,New Orleans Pelicans,21500198,2015-11-22T00:00:00,NOP vs. PHX,W,23.0,2.0,2.0,3.0,6.0,9.0,2.0,3.0,4.0,0.0,0.0,6.0,4.0,13.0,1,1,1,1,13411,6026,4731,3302,5299,15771,3734,7328,23698,8004,1,25827,2748,16969,1.0,22:57,2015,2016
2015-16,204025,Tim Frazier,Tim,1610612757,POR,Portland Trail Blazers,21500201,2015-11-22T00:00:00,POR @ LAL,W,5.2,2.0,0.0,2.0,2.0,0.0,3.0,0.0,2.0,0.0,0.0,2.0,0.0,2.0,1,1,1,1,24290,6026,10158,4675,12984,1,7138,1,24614,8004,1,11390,18762,24216,1.0,5:13,2015,2016
2015-16,2037,Jamal Crawford,Jamal,1610612746,LAC,LA Clippers,21500196,2015-11-22T00:00:00,LAC vs. TOR,L,29.2,0.0,0.0,0.0,0.0,8.0,10.0,2.0,18.0,0.0,0.0,1.0,4.0,13.0,1,13074,13074,13074,8236,12059,10158,9917,18861,13914,20509,4025,13577,8004,1,4972,2748,16969,1.0,29:11,2015,2016
2015-16,202362,Lance Stephenson,Lance,1610612746,LAC,LA Clippers,21500196,2015-11-22T00:00:00,LAC vs. TOR,L,5.4,0.0,0.0,0.0,0.0,1.0,0.0,6.0,2.0,0.0,0.0,3.0,1.0,3.0,1,13074,13074,13074,24207,12059,10158,9917,18861,2356,1,13388,24614,8004,1,17641,12373,23648,1.0,5:25,2015,2016
2015-16,201967,Dante Cunningham,Dante,1610612740,NOP,New Orleans Pelicans,21500198,2015-11-22T00:00:00,NOP vs. PHX,W,9.0,0.0,0.0,0.0,2.0,11.0,0.0,2.0,4.0,0.0,0.0,3.0,0.0,2.2,1,1,1,1,22855,12059,10158,9917,12984,18886,1,4025,23698,8004,1,17641,18762,24138,1.0,8:57,2015,2016
2015-16,203105,Festus Ezeli,Festus,1610612744,GSW,Golden State Warriors,21500200,2015-11-22T00:00:00,GSW @ DEN,W,12.4,0.0,0.0,0.0,2.0,4.0,2.0,10.0,10.0,1.0,0.0,3.0,2.0,13.2,1,1,1,1,21347,12059,10158,9917,12984,6141,3734,20169,20209,2692,1,17641,7786,16768,1.0,12:22,2015,2016
2015-16,203079,Dion Waiters,Dion,1610612760,OKC,Oklahoma City Thunder,21500199,2015-11-22T00:00:00,OKC vs. DAL,W,29.2,2.0,2.0,4.0,6.0,20.0,9.0,12.0,28.0,0.0,1.0,2.0,1.0,21.4,1,1,1,1,8196,6026,4731,1913,5299,25338,19144,22259,5824,8004,17214,11390,12373,10807,1.0,29:13,2015,2016
2015-16,2733,Shaun Livingston,Shaun,1610612744,GSW,Golden State Warriors,21500200,2015-11-22T00:00:00,GSW @ DEN,W,21.8,2.0,0.0,2.0,4.0,8.0,3.0,8.0,18.0,0.0,0.0,1.0,0.0,16.1,1,1,1,1,14302,6026,10158,4675,8599,13914,7138,17194,13577,8004,1,4972,18762,14515,1.0,21:50,2015,2016
2015-16,101111,Charlie Villanueva,Charlie,1610612742,DAL,Dallas Mavericks,21500199,2015-11-22T00:00:00,DAL @ OKC,L,3.8,0.0,0.0,0.0,0.0,0.0,2.0,1.0,2.0,0.0,0.0,1.0,0.0,7.5,1,13074,13074,13074,24804,12059,10158,9917,18861,1,3734,3646,24614,8004,1,4972,18762,20874,1.0,3:47,2015,2016
2015-16,202334,Ed Davis,Ed,1610612757,POR,Portland Trail Blazers,21500201,2015-11-22T00:00:00,POR @ LAL,W,17.7,0.0,0.0,0.0,8.0,4.0,10.0,2.0,10.0,0.0,0.0,3.0,2.0,16.1,1,1,1,1,17777,12059,10158,9917,3109,6141,20509,4025,20209,8004,1,17641,7786,14515,1.0,17:40,2015,2016
2015-16,203092,Tyler Zeller,Tyler,1610612738,BOS,Boston Celtics,21500197,2015-11-22T00:00:00,BOS @ BKN,L,7.0,0.0,0.0,1.0,4.0,0.0,0.0,0.0,4.0,0.0,0.0,1.0,1.0,7.7,1,13074,13074,13074,23558,12059,10158,9347,8599,1,1,1,23698,8004,1,4972,12373,20733,1.0,7:01,2015,2016
2015-16,203109,Jae Crowder,Jae,1610612738,BOS,Boston Celtics,21500197,2015-11-22T00:00:00,BOS @ BKN,L,25.7,0.0,0.0,0.0,2.0,19.0,12.0,5.0,28.0,0.0,0.0,4.0,0.0,8.4,1,13074,13074,13074,11094,12059,10158,9917,12984,25074,22832,11593,5824,8004,1,22104,18762,20273,1.0,25:43,2015,2016
2015-16,202325,Wesley Johnson,Wesley,1610612746,LAC,LA Clippers,21500196,2015-11-22T00:00:00,LAC vs. TOR,L,18.1,2.0,0.0,2.0,2.0,4.0,8.0,2.0,10.0,2.0,0.0,2.0,0.0,13.0,1,13074,13074,13074,17402,6026,10158,4675,12984,6141,17345,4025,20209,932,1,11390,18762,16969,1.0,18:08,2015,2016
2015-16,203914,Gary Harris,Gary,1610612743,DEN,Denver Nuggets,21500200,2015-11-22T00:00:00,DEN vs. GSW,L,34.1,1.0,3.0,2.0,6.0,12.0,7.0,19.0,30.0,0.0,1.0,2.0,2.0,21.1,1,13074,13074,13074,4295,11535,3104,4675,5299,20178,15642,25435,4541,8004,17214,11390,7786,11012,1.0,34:04,2015,2016
2015-16,203082,Terrence Ross,Terrence,1610612761,TOR,Toronto Raptors,21500196,2015-11-22T00:00:00,TOR @ LAC,W,16.2,0.0,0.0,0.0,0.0,4.0,0.0,8.0,12.0,0.0,1.0,1.0,0.0,3.0,1,1,1,1,18898,12059,10158,9917,18861,6141,1,17194,18637,8004,17214,4972,18762,23648,1.0,16:11,2015,2016
2015-16,202329,Al-Farouq Aminu,Al-Farouq,1610612757,POR,Portland Trail Blazers,21500201,2015-11-22T00:00:00,POR @ LAL,W,31.5,0.0,2.0,0.0,2.0,8.0,13.0,0.0,30.0,1.0,2.0,2.0,2.0,21.2,1,1,1,1,6308,12059,4731,9917,12984,13914,23668,1,4541,2692,23588,11390,7786,10936,1.0,31:31,2015,2016
2015-16,2746,Josh Smith,Josh,1610612746,LAC,LA Clippers,21500196,2015-11-22T00:00:00,LAC vs. TOR,L,14.8,0.0,0.0,0.0,0.0,4.0,6.0,2.0,8.0,2.0,0.0,3.0,1.0,21.6,1,13074,13074,13074,19916,12059,10158,9917,18861,6141,13237,4025,21543,932,1,17641,12373,10666,1.0,14:46,2015,2016
2015-16,202687,Bismack Biyombo,Bismack,1610612761,TOR,Toronto Raptors,21500196,2015-11-22T00:00:00,TOR @ LAC,W,30.6,0.0,0.0,0.0,6.0,3.0,5.0,11.0,12.0,0.0,0.0,4.0,0.0,21.8,1,1,1,1,7002,12059,10158,9917,5299,5109,11469,21342,18637,8004,1,22104,18762,10526,1.0,30:38,2015,2016
2015-16,1717,Dirk Nowitzki,Dirk,1610612742,DAL,Dallas Mavericks,21500199,2015-11-22T00:00:00,DAL @ OKC,L,34.3,0.0,2.0,0.0,0.0,18.0,13.0,16.0,34.0,0.0,0.0,0.0,4.0,16.9,1,13074,13074,13074,4097,12059,4731,9917,18861,24749,23668,24641,2701,8004,1,1,2748,13911,1.0,34:18,2015,2016
2015-16,201586,Serge Ibaka,Serge,1610612760,OKC,Oklahoma City Thunder,21500199,2015-11-22T00:00:00,OKC vs. DAL,W,31.8,0.0,0.0,0.0,8.0,18.0,9.0,10.0,32.0,1.0,1.0,4.0,1.0,28.3,1,1,1,1,6106,12059,10158,9917,3109,24749,19144,20169,3535,2692,17214,22104,12373,6720,1.0,31:45,2015,2016
2015-16,200745,Andrea Bargnani,Andrea,1610612751,BKN,Brooklyn Nets,21500197,2015-11-22T00:00:00,BKN vs. BOS,W,21.4,2.0,0.0,2.0,4.0,11.0,7.0,5.0,16.0,1.0,0.0,2.0,1.0,17.6,1,1,1,1,14679,6026,10158,4675,8599,18886,15642,11593,15259,2692,1,11390,12373,13443,1.0,21:25,2015,2016
2015-16,203903,Jordan Clarkson,Jordan,1610612747,LAL,Los Angeles Lakers,21500201,2015-11-22T00:00:00,LAL vs. POR,L,35.5,4.0,0.0,0.0,8.0,8.0,7.0,12.0,34.0,0.0,0.0,1.0,1.0,22.3,1,13074,13074,13074,3184,2460,10158,9917,3109,13914,15642,22259,2701,8004,1,4972,12373,10208,1.0,35:27,2015,2016
2015-16,202738,Isaiah Thomas,Isaiah,1610612738,BOS,Boston Celtics,21500197,2015-11-22T00:00:00,BOS @ BKN,L,30.6,4.0,3.0,4.0,10.0,17.0,12.0,4.0,34.0,0.0,0.0,5.0,8.0,38.4,1,13074,13074,13074,7043,2460,3104,1913,1840,24337,22832,8806,2701,8004,1,24686,254,2802,1.0,30:34,2015,2016
2015-16,200782,P.J. Tucker,P.J.,1610612756,PHX,Phoenix Suns,21500198,2015-11-22T00:00:00,PHX @ NOP,L,40.2,0.0,6.0,0.0,4.0,14.0,10.0,20.0,34.0,1.0,1.0,4.0,1.0,27.6,1,13074,13074,13074,667,12059,481,9917,8599,22292,20509,25599,2701,2692,17214,22104,12373,7080,1.0,40:14,2015,2016
2015-16,201942,DeMar DeRozan,DeMar,1610612761,TOR,Toronto Raptors,21500196,2015-11-22T00:00:00,TOR @ LAC,W,40.3,0.0,2.0,2.0,4.0,9.0,5.0,15.0,20.0,0.0,3.0,2.0,7.0,28.7,1,1,1,1,664,12059,4731,4675,8599,15771,11469,24242,11929,8004,25441,11390,469,6514,1.0,40:15,2015,2016
2015-16,2207,Joe Johnson,Joe,1610612751,BKN,Brooklyn Nets,21500197,2015-11-22T00:00:00,BKN vs. BOS,W,36.4,6.0,0.0,1.0,4.0,9.0,9.0,6.0,20.0,0.0,0.0,3.0,3.0,27.8,1,1,1,1,2485,878,10158,9347,8599,15771,19144,13388,11929,8004,1,17641,4736,6950,1.0,36:23,2015,2016
2015-16,203115,Will Barton,Will,1610612743,DEN,Denver Nuggets,21500200,2015-11-22T00:00:00,DEN vs. GSW,L,27.5,7.0,0.0,9.0,10.0,14.0,7.0,10.0,26.0,1.0,0.0,0.0,3.0,32.7,1,13074,13074,13074,9616,548,10158,184,1840,22292,15642,20169,7214,2692,1,1,4736,4649,1.0,27:29,2015,2016
2015-16,200826,J.J. Barea,J.J.,1610612742,DAL,Dallas Mavericks,21500199,2015-11-22T00:00:00,DAL @ OKC,L,14.6,2.0,2.0,2.0,8.0,4.0,4.0,3.0,10.0,0.0,0.0,1.0,0.0,13.6,1,13074,13074,13074,20023,6026,4731,4675,3109,6141,8458,7328,20209,8004,1,4972,18762,16460,1.0,14:38,2015,2016
2015-16,201939,Stephen Curry,Stephen,1610612744,GSW,Golden State Warriors,21500200,2015-11-22T00:00:00,GSW @ DEN,W,27.6,4.0,3.0,5.0,6.0,8.0,6.0,15.0,28.0,0.0,0.0,0.0,1.0,39.3,1,1,1,1,9520,2460,3104,1277,5299,13914,13237,24242,5824,8004,1,1,12373,2563,1.0,27:37,2015,2016
2015-16,202683,Enes Freedom,Enes,1610612760,OKC,Oklahoma City Thunder,21500199,2015-11-22T00:00:00,OKC vs. DAL,W,23.2,2.0,6.0,0.0,8.0,4.0,3.0,2.0,30.0,0.0,0.0,3.0,3.0,21.9,1,1,1,1,13241,6026,481,9917,3109,6141,7138,4025,4541,8004,1,17641,4736,10460,1.0,23:09,2015,2016
2015-16,203141,Mirza Teletovic,Mirza,1610612756,PHX,Phoenix Suns,21500198,2015-11-22T00:00:00,PHX @ NOP,L,23.8,3.0,0.0,0.0,2.0,15.0,6.0,8.0,20.0,1.0,1.0,1.0,2.0,16.9,1,13074,13074,13074,12732,4307,10158,9917,12984,23079,13237,17194,11929,2692,17214,4972,7786,13911,1.0,23:49,2015,2016
2015-16,201589,Darrell Arthur,Darrell,1610612743,DEN,Denver Nuggets,21500200,2015-11-22T00:00:00,DEN vs. GSW,L,33.9,4.0,2.0,6.0,8.0,14.0,8.0,16.0,38.0,0.0,0.0,3.0,2.0,32.6,1,13074,13074,13074,4411,2460,4731,740,3109,22292,17345,24641,1422,8004,1,17641,7786,4687,1.0,33:55,2015,2016
2015-16,101108,Chris Paul,Chris,1610612746,LAC,LA Clippers,21500196,2015-11-22T00:00:00,LAC vs. TOR,L,33.4,4.0,4.0,3.0,6.0,15.0,2.0,9.0,28.0,0.0,0.0,5.0,2.0,38.5,1,13074,13074,13074,4825,2460,1596,3302,5299,23079,3734,18829,5824,8004,1,24686,7786,2771,1.0,33:23,2015,2016
2015-16,202087,Alonzo Gee,Alonzo,1610612740,NOP,New Orleans Pelicans,21500198,2015-11-22T00:00:00,NOP vs. PHX,W,38.2,0.0,0.0,2.0,4.0,7.0,11.0,18.0,18.0,0.0,0.0,3.0,3.0,31.9,1,1,1,1,1403,12059,10158,4675,8599,12242,21814,25228,13577,8004,1,17641,4736,4984,1.0,38:15,2015,2016
2015-16,201627,Anthony Morrow,Anthony,1610612760,OKC,Oklahoma City Thunder,21500199,2015-11-22T00:00:00,OKC vs. DAL,W,24.1,0.0,2.0,2.0,4.0,8.0,2.0,6.0,30.0,1.0,0.0,0.0,1.0,21.9,1,1,1,1,12508,12059,4731,4675,8599,13914,3734,13388,4541,2692,1,1,12373,10460,1.0,24:03,2015,2016
2015-16,201960,DeMarre Carroll,DeMarre,1610612761,TOR,Toronto Raptors,21500196,2015-11-22T00:00:00,TOR @ LAC,W,39.2,3.0,0.0,6.0,8.0,9.0,5.0,13.0,16.0,0.0,0.0,4.0,3.0,38.0,1,1,1,1,990,4307,10158,740,3109,15771,11469,23048,15259,8004,1,22104,4736,2903,1.0,39:12,2015,2016
2015-16,201933,Blake Griffin,Blake,1610612746,LAC,LA Clippers,21500196,2015-11-22T00:00:00,LAC vs. TOR,L,28.9,0.0,0.0,0.0,0.0,10.0,6.0,3.0,28.0,0.0,0.0,4.0,1.0,22.2,1,13074,13074,13074,8423,12059,10158,9917,18861,17370,13237,7328,5824,8004,1,22104,12373,10263,1.0,28:56,2015,2016
2015-16,201579,Roy Hibbert,Roy,1610612747,LAL,Los Angeles Lakers,21500201,2015-11-22T00:00:00,LAL vs. POR,L,25.3,0.0,1.0,0.0,6.0,6.0,5.0,12.0,24.0,4.0,0.0,4.0,1.0,27.6,1,13074,13074,13074,11480,12059,9709,9917,5299,10028,11469,22259,8723,132,1,22104,12373,7080,1.0,25:16,2015,2016
2015-16,201568,Danilo Gallinari,Danilo,1610612743,DEN,Denver Nuggets,21500200,2015-11-22T00:00:00,DEN vs. GSW,L,34.5,0.0,0.0,2.0,6.0,12.0,7.0,19.0,34.0,0.0,3.0,3.0,9.0,28.2,1,13074,13074,13074,3975,12059,10158,4675,5299,20178,15642,25435,2701,8004,25441,17641,138,6778,1.0,34:28,2015,2016
2015-16,203080,Thomas Robinson,Thomas,1610612751,BKN,Brooklyn Nets,21500197,2015-11-22T00:00:00,BKN vs. BOS,W,10.4,2.0,0.0,2.0,4.0,2.0,3.0,0.0,4.0,2.0,0.0,0.0,1.0,17.6,1,1,1,1,22289,6026,10158,4675,8599,2619,7138,1,23698,932,1,1,12373,13443,1.0,10:23,2015,2016
2015-16,101162,Marcin Gortat,Marcin,1610612764,WAS,Washington Wizards,21500192,2015-11-21T00:00:00,WAS @ DET,W,25.7,0.0,4.0,2.0,14.0,8.0,6.0,8.0,30.0,0.0,0.0,2.0,1.0,22.1,1,1,1,1,11100,12059,1596,4675,542,13914,13237,17194,4541,8004,1,11390,12373,10332,1.0,25:42,2015,2016
2015-16,2440,Matt Barnes,Matt,1610612763,MEM,Memphis Grizzlies,21500195,2015-11-21T00:00:00,MEM @ SAS,L,31.2,6.0,0.0,4.0,10.0,9.0,1.0,9.0,22.0,1.0,0.0,4.0,0.0,22.6,1,13074,13074,13074,6588,878,10158,1913,1840,15771,3393,18829,10265,2692,1,22104,18762,10000,1.0,31:10,2015,2016
2015-16,2547,Chris Bosh,Chris,1610612748,MIA,Miami Heat,21500193,2015-11-21T00:00:00,MIA vs. PHI,W,35.3,1.0,1.0,0.0,0.0,11.0,19.0,2.0,20.0,3.0,1.0,3.0,4.0,37.7,1,1,1,1,3298,11535,9709,9917,18861,18886,25786,4025,11929,347,17214,17641,2748,2990,1.0,35:19,2015,2016
2015-16,203521,Matthew Dellavedova,Matthew,1610612739,CLE,Cleveland Cavaliers,21500191,2015-11-21T00:00:00,CLE vs. ATL,W,28.1,0.0,2.0,0.0,6.0,8.0,11.0,8.0,18.0,0.0,0.0,5.0,2.0,21.9,1,1,1,1,9158,12059,4731,9917,5299,13914,21814,17194,13577,8004,1,24686,7786,10460,1.0,28:06,2015,2016
2015-16,201155,Rodney Stuckey,Rodney,1610612754,IND,Indiana Pacers,21500190,2015-11-21T00:00:00,IND vs. MIL,W,22.0,2.0,0.0,2.0,2.0,10.0,6.0,2.0,14.0,1.0,1.0,1.0,3.0,21.9,1,1,1,1,14199,6026,10158,4675,12984,17370,13237,4025,17019,2692,17214,4972,4736,10460,1.0,21:58,2015,2016
2015-16,202066,Garrett Temple,Garrett,1610612764,WAS,Washington Wizards,21500192,2015-11-21T00:00:00,WAS @ DET,W,25.7,3.0,0.0,3.0,4.0,6.0,6.0,3.0,14.0,0.0,0.0,1.0,2.0,17.5,1,1,1,1,11157,4307,10158,3302,8599,10028,13237,7328,17019,8004,1,4972,7786,13528,1.0,25:39,2015,2016
2015-16,203095,Evan Fournier,Evan,1610612753,ORL,Orlando Magic,21500189,2015-11-21T00:00:00,ORL vs. SAC,L,35.2,2.0,2.0,5.0,8.0,17.0,4.0,14.0,30.0,0.0,0.0,4.0,3.0,32.3,1,13074,13074,13074,3413,6026,4731,1277,3109,24337,8458,23710,4541,8004,1,22104,4736,4807,1.0,35:10,2015,2016
2015-16,203932,Aaron Gordon,Aaron,1610612753,ORL,Orlando Magic,21500189,2015-11-21T00:00:00,ORL vs. SAC,L,20.6,2.0,0.0,2.0,4.0,9.0,4.0,6.0,18.0,1.0,0.0,4.0,1.0,22.4,1,13074,13074,13074,15422,6026,10158,4675,8599,15771,8458,13388,13577,2692,1,22104,12373,10131,1.0,20:34,2015,2016
2015-16,202730,Lavoy Allen,Lavoy,1610612754,IND,Indiana Pacers,21500190,2015-11-21T00:00:00,IND vs. MIL,W,28.5,0.0,2.0,0.0,6.0,12.0,7.0,6.0,24.0,1.0,0.0,2.0,0.0,28.1,1,1,1,1,8779,12059,4731,9917,5299,20178,15642,13388,8723,2692,1,11390,18762,6818,1.0,28:32,2015,2016
2015-16,101139,CJ Miles,CJ,1610612754,IND,Indiana Pacers,21500190,2015-11-21T00:00:00,IND vs. MIL,W,24.5,5.0,3.0,12.0,8.0,17.0,4.0,6.0,28.0,0.0,1.0,3.0,5.0,31.7,1,1,1,1,12125,1603,3104,42,3109,24337,8458,13388,5824,8004,17214,17641,1539,5088,1.0,24:30,2015,2016
2015-16,1626161,Willie Cauley-Stein,Willie,1610612758,SAC,Sacramento Kings,21500189,2015-11-21T00:00:00,SAC @ ORL,W,17.3,0.0,0.0,0.0,2.0,2.0,4.0,6.0,18.0,2.0,1.0,3.0,1.0,14.0,1,1,1,1,18071,12059,10158,9917,12984,2619,8458,13388,13577,932,17214,17641,12373,16166,1.0,17:16,2015,2016
2015-16,2225,Tony Parker,Tony,1610612759,SAS,San Antonio Spurs,21500195,2015-11-21T00:00:00,SAS vs. MEM,W,31.6,2.0,0.0,0.0,10.0,18.0,4.0,12.0,34.0,1.0,1.0,1.0,5.0,27.7,1,1,1,1,6243,6026,10158,9917,1840,24749,8458,22259,2701,2692,17214,4972,1539,7008,1.0,31:35,2015,2016
2015-16,203922,Glenn Robinson III,Glenn,1610612754,IND,Indiana Pacers,21500190,2015-11-21T00:00:00,IND vs. MIL,W,20.6,2.0,3.0,1.0,2.0,10.0,2.0,4.0,14.0,0.0,0.0,0.0,1.0,22.0,1,1,1,1,15360,6026,3104,9347,12984,17370,3734,8806,17019,8004,1,1,12373,10388,1.0,20:38,2015,2016
2015-16,201143,Al Horford,Al,1610612737,ATL,Atlanta Hawks,21500191,2015-11-21T00:00:00,ATL @ CLE,L,33.6,3.0,5.0,3.0,4.0,11.0,11.0,4.0,32.0,1.0,1.0,0.0,2.0,28.5,1,13074,13074,13074,4710,4307,995,3302,8599,18886,21814,8806,3535,2692,17214,1,7786,6613,1.0,33:33,2015,2016
2015-16,202684,Tristan Thompson,Tristan,1610612739,CLE,Cleveland Cavaliers,21500191,2015-11-21T00:00:00,CLE vs. ATL,W,40.3,0.0,7.0,0.0,8.0,19.0,7.0,10.0,22.0,2.0,1.0,2.0,2.0,39.7,1,1,1,1,651,12059,292,9917,3109,25074,15642,20169,10265,932,17214,11390,7786,2451,1.0,40:18,2015,2016
2015-16,201577,Robin Lopez,Robin,1610612752,NYK,New York Knicks,21500194,2015-11-21T00:00:00,NYK @ HOU,W,24.9,0.0,2.0,0.0,6.0,12.0,10.0,6.0,28.0,0.0,0.0,3.0,2.0,17.2,1,1,1,1,11761,12059,4731,9917,5299,20178,20509,13388,5824,8004,1,17641,7786,13725,1.0,24:53,2015,2016
2015-16,203083,Andre Drummond,Andre,1610612765,DET,Detroit Pistons,21500192,2015-11-21T00:00:00,DET vs. WAS,L,37.1,0.0,2.0,2.0,6.0,15.0,6.0,9.0,42.0,2.0,0.0,4.0,2.0,32.1,1,13074,13074,13074,2021,12059,4731,4675,5299,23079,13237,18829,670,932,1,22104,7786,4889,1.0,37:06,2015,2016
2015-16,203089,John Henson,John,1610612749,MIL,Milwaukee Bucks,21500190,2015-11-21T00:00:00,MIL @ IND,L,12.2,4.0,0.0,2.0,4.0,8.0,7.0,5.0,12.0,0.0,0.0,3.0,1.0,10.1,1,13074,13074,13074,21457,2460,10158,4675,8599,13914,15642,11593,18637,8004,1,17641,12373,19105,1.0,12:09,2015,2016
2015-16,201584,Courtney Lee,Courtney,1610612763,MEM,Memphis Grizzlies,21500195,2015-11-21T00:00:00,MEM @ SAS,L,34.5,0.0,0.0,0.0,2.0,11.0,1.0,9.0,24.0,0.0,1.0,2.0,2.0,19.2,1,13074,13074,13074,3944,12059,10158,9917,12984,18886,3393,18829,8723,8004,17214,11390,7786,12284,1.0,34:30,2015,2016
2015-16,1626149,Montrezl Harrell,Montrezl,1610612745,HOU,Houston Rockets,21500194,2015-11-21T00:00:00,HOU vs. NYK,L,11.0,1.0,0.0,0.0,2.0,3.0,3.0,2.0,4.0,2.0,0.0,2.0,1.0,10.2,1,13074,13074,13074,22036,11535,10158,9917,12984,5109,7138,4025,23698,932,1,11390,12373,19003,1.0,10:60,2015,2016
2015-16,101133,Ian Mahinmi,Ian,1610612754,IND,Indiana Pacers,21500190,2015-11-21T00:00:00,IND vs. MIL,W,22.0,2.0,2.0,0.0,4.0,12.0,6.0,6.0,32.0,1.0,0.0,1.0,2.0,18.9,1,1,1,1,14221,6026,4731,9917,8599,20178,13237,13388,3535,2692,1,4972,7786,12513,1.0,21:57,2015,2016
2015-16,203487,Michael Carter-Williams,Michael,1610612749,MIL,Milwaukee Bucks,21500190,2015-11-21T00:00:00,MIL @ IND,L,25.7,1.0,0.0,0.0,6.0,13.0,17.0,14.0,24.0,0.0,2.0,3.0,4.0,10.1,1,13074,13074,13074,11157,11535,10158,9917,5299,21300,25429,23710,8723,8004,23588,17641,2748,19105,1.0,25:39,2015,2016
2015-16,201952,Jeff Teague,Jeff,1610612737,ATL,Atlanta Hawks,21500191,2015-11-21T00:00:00,ATL @ CLE,L,25.9,3.0,2.0,3.0,2.0,5.0,14.0,4.0,30.0,0.0,1.0,2.0,6.0,25.2,1,13074,13074,13074,10939,4307,4731,3302,12984,8403,24300,8806,4541,8004,17214,11390,873,8383,1.0,25:53,2015,2016
2015-16,2592,James Jones,James,1610612739,CLE,Cleveland Cavaliers,21500191,2015-11-21T00:00:00,CLE vs. ATL,W,5.0,0.0,0.0,0.0,0.0,3.0,3.0,5.0,6.0,1.0,0.0,1.0,0.0,10.2,1,1,1,1,24370,12059,10158,9917,18861,5109,7138,11593,22724,2692,1,4972,18762,19003,1.0,5:00,2015,2016
2015-16,203915,Spencer Dinwiddie,Spencer,1610612765,DET,Detroit Pistons,21500192,2015-11-21T00:00:00,DET vs. WAS,L,16.4,0.0,0.0,0.0,4.0,6.0,0.0,7.0,18.0,0.0,0.0,3.0,5.0,10.2,1,13074,13074,13074,18699,12059,10158,9917,8599,10028,1,15538,13577,8004,1,17641,1539,19003,1.0,16:26,2015,2016
2015-16,202694,Marcus Morris Sr.,Marcus,1610612765,DET,Detroit Pistons,21500192,2015-11-21T00:00:00,DET vs. WAS,L,37.1,2.0,2.0,2.0,4.0,10.0,6.0,7.0,34.0,0.0,0.0,0.0,3.0,33.8,1,13074,13074,13074,2015,6026,4731,4675,8599,17370,13237,15538,2701,8004,1,1,4736,4244,1.0,37:07,2015,2016
2015-16,201144,Mike Conley,Mike,1610612763,MEM,Memphis Grizzlies,21500195,2015-11-21T00:00:00,MEM @ SAS,L,32.0,4.0,0.0,4.0,10.0,12.0,1.0,10.0,32.0,1.0,0.0,2.0,4.0,35.1,1,13074,13074,13074,5868,2460,10158,1913,1840,20178,3393,20169,3535,2692,1,11390,2748,3777,1.0,32:01,2015,2016
2015-16,202695,Kawhi Leonard,Kawhi,1610612759,SAS,San Antonio Spurs,21500195,2015-11-21T00:00:00,SAS vs. MEM,W,40.3,4.0,1.0,6.0,4.0,22.0,6.0,12.0,38.0,1.0,0.0,1.0,5.0,34.9,1,1,1,1,657,2460,9709,740,8599,25683,13237,22259,1422,2692,1,4972,1539,3845,1.0,40:16,2015,2016
2015-16,101123,Gerald Green,Gerald,1610612748,MIA,Miami Heat,21500193,2015-11-21T00:00:00,MIA vs. PHI,W,22.9,2.0,0.0,0.0,0.0,11.0,9.0,0.0,10.0,1.0,0.0,3.0,4.0,10.2,1,1,1,1,13432,6026,10158,9917,18861,18886,19144,1,20209,2692,1,17641,2748,19003,1.0,22:56,2015,2016
2015-16,2747,JR Smith,JR,1610612739,CLE,Cleveland Cavaliers,21500191,2015-11-21T00:00:00,CLE vs. ATL,W,37.7,3.0,3.0,0.0,0.0,17.0,9.0,10.0,20.0,1.0,0.0,3.0,2.0,25.9,1,1,1,1,1661,4307,3104,9917,18861,24337,19144,20169,11929,2692,1,17641,7786,7960,1.0,37:41,2015,2016
2015-16,203101,Miles Plumlee,Miles,1610612749,MIL,Milwaukee Bucks,21500190,2015-11-21T00:00:00,MIL @ IND,L,12.0,0.0,2.0,2.0,4.0,8.0,6.0,2.0,16.0,0.0,0.0,0.0,0.0,10.3,1,13074,13074,13074,21529,12059,4731,4675,8599,13914,13237,4025,15259,8004,1,1,18762,18965,1.0,12:00,2015,2016
2015-16,2772,Trevor Ariza,Trevor,1610612745,HOU,Houston Rockets,21500194,2015-11-21T00:00:00,HOU vs. NYK,L,36.8,3.0,0.0,0.0,4.0,10.0,16.0,5.0,14.0,0.0,1.0,3.0,3.0,19.5,1,13074,13074,13074,2225,4307,10158,9917,8599,17370,25155,11593,17019,8004,17214,17641,4736,12096,1.0,36:48,2015,2016
2015-16,200757,Thabo Sefolosha,Thabo,1610612737,ATL,Atlanta Hawks,21500191,2015-11-21T00:00:00,ATL @ CLE,L,29.7,0.0,2.0,2.0,4.0,5.0,12.0,4.0,30.0,0.0,1.0,2.0,0.0,23.5,1,13074,13074,13074,7776,12059,4731,4675,8599,8403,22832,8806,4541,8004,17214,11390,18762,9452,1.0,29:44,2015,2016
2015-16,203477,Isaiah Canaan,Isaiah,1610612755,PHI,Philadelphia 76ers,21500193,2015-11-21T00:00:00,PHI @ MIA,L,28.0,2.0,10.0,0.0,2.0,10.0,4.0,3.0,12.0,0.0,0.0,2.0,2.0,26.0,1,13074,13074,13074,9262,6026,34,9917,12984,17370,8458,7328,18637,8004,1,11390,7786,7910,1.0,27:57,2015,2016
2015-16,101141,Ersan Ilyasova,Ersan,1610612765,DET,Detroit Pistons,21500192,2015-11-21T00:00:00,DET vs. WAS,L,32.5,5.0,4.0,0.0,10.0,12.0,6.0,9.0,34.0,0.0,0.0,1.0,3.0,26.0,1,13074,13074,13074,5483,1603,1596,9917,1840,20178,13237,18829,2701,8004,1,4972,4736,7910,1.0,32:31,2015,2016
2015-16,203506,Victor Oladipo,Victor,1610612753,ORL,Orlando Magic,21500189,2015-11-21T00:00:00,ORL vs. SAC,L,25.7,2.0,6.0,0.0,2.0,8.0,5.0,12.0,26.0,0.0,1.0,2.0,2.0,23.2,1,13074,13074,13074,11078,6026,481,9917,12984,13914,11469,22259,7214,8004,17214,11390,7786,9630,1.0,25:44,2015,2016
2015-16,202704,Reggie Jackson,Reggie,1610612765,DET,Detroit Pistons,21500192,2015-11-21T00:00:00,DET vs. WAS,L,31.6,0.0,0.0,2.0,14.0,12.0,6.0,7.0,32.0,0.0,0.0,2.0,4.0,34.1,1,13074,13074,13074,6254,12059,10158,4675,542,20178,13237,15538,3535,8004,1,11390,2748,4124,1.0,31:34,2015,2016
2015-16,201978,Chase Budinger,Chase,1610612754,IND,Indiana Pacers,21500190,2015-11-21T00:00:00,IND vs. MIL,W,30.0,0.0,0.0,2.0,4.0,16.0,9.0,8.0,40.0,0.0,0.0,1.0,1.0,19.7,1,1,1,1,7586,12059,10158,4675,8599,23774,19144,17194,983,8004,1,4972,12373,11962,1.0,29:57,2015,2016
2015-16,203200,Justin Holiday,Justin,1610612737,ATL,Atlanta Hawks,21500191,2015-11-21T00:00:00,ATL @ CLE,L,15.9,1.0,0.0,2.0,2.0,7.0,5.0,2.0,14.0,0.0,2.0,1.0,1.0,10.2,1,13074,13074,13074,19118,11535,10158,4675,12984,12242,11469,4025,17019,8004,23588,4972,12373,19003,1.0,15:54,2015,2016
2015-16,203953,Jabari Parker,Jabari,1610612749,MIL,Milwaukee Bucks,21500190,2015-11-21T00:00:00,MIL @ IND,L,21.4,4.0,2.0,4.0,8.0,13.0,13.0,16.0,22.0,1.0,1.0,1.0,1.0,23.3,1,13074,13074,13074,14679,2460,4731,1913,3109,21300,23668,24641,10265,2692,17214,4972,12373,9567,1.0,21:25,2015,2016
2015-16,201980,Danny Green,Danny,1610612759,SAS,San Antonio Spurs,21500195,2015-11-21T00:00:00,SAS vs. MEM,W,28.4,4.0,0.0,2.0,6.0,16.0,4.0,8.0,24.0,0.0,0.0,4.0,0.0,14.6,1,1,1,1,8965,2460,10158,4675,5299,23774,8458,17194,8723,8004,1,22104,18762,15699,1.0,28:22,2015,2016
2015-16,2403,Nene,ene,1610612764,WAS,Washington Wizards,21500192,2015-11-21T00:00:00,WAS @ DET,W,22.3,2.0,0.0,2.0,14.0,4.0,2.0,3.0,12.0,0.0,0.0,5.0,0.0,33.4,1,1,1,1,13920,6026,10158,4675,542,6141,3734,7328,18637,8004,1,24686,18762,4384,1.0,22:18,2015,2016
2015-16,201956,Omri Casspi,Omri,1610612758,SAC,Sacramento Kings,21500189,2015-11-21T00:00:00,SAC @ ORL,W,31.8,2.0,2.0,2.0,8.0,5.0,12.0,12.0,30.0,0.0,0.0,3.0,1.0,29.2,1,1,1,1,6061,6026,4731,4675,3109,8403,22832,22259,4541,8004,1,17641,12373,6243,1.0,31:49,2015,2016
2015-16,1626143,Jahlil Okafor,Jahlil,1610612755,PHI,Philadelphia 76ers,21500193,2015-11-21T00:00:00,PHI @ MIA,L,34.3,8.0,4.0,0.0,12.0,11.0,4.0,9.0,24.0,3.0,5.0,2.0,1.0,36.7,1,13074,13074,13074,4098,308,1596,9917,988,18886,8458,18829,8723,347,26042,11390,12373,3269,1.0,34:18,2015,2016
2015-16,203496,Robert Covington,Robert,1610612755,PHI,Philadelphia 76ers,21500193,2015-11-21T00:00:00,PHI @ MIA,L,32.0,11.0,0.0,3.0,6.0,11.0,2.0,6.0,18.0,1.0,2.0,5.0,4.0,36.2,1,13074,13074,13074,5883,55,10158,3302,5299,18886,3734,13388,13577,2692,23588,24686,2748,3407,1.0,32:00,2015,2016
2015-16,1938,Manu Ginobili,Manu,1610612759,SAS,San Antonio Spurs,21500195,2015-11-21T00:00:00,SAS vs. MEM,W,22.7,5.0,0.0,5.0,6.0,8.0,4.0,4.0,18.0,0.0,0.0,1.0,4.0,24.8,1,1,1,1,13644,1603,10158,1277,5299,13914,8458,8806,13577,8004,1,4972,2748,8614,1.0,22:39,2015,2016
2015-16,202699,Tobias Harris,Tobias,1610612753,ORL,Orlando Magic,21500189,2015-11-21T00:00:00,ORL vs. SAC,L,36.7,5.0,0.0,9.0,20.0,14.0,7.0,14.0,36.0,3.0,0.0,2.0,4.0,48.3,1,13074,13074,13074,2285,1603,10158,184,59,22292,15642,23710,1943,347,1,11390,2748,932,1.0,36:42,2015,2016
2015-16,202328,Greg Monroe,Greg,1610612749,MIL,Milwaukee Bucks,21500190,2015-11-21T00:00:00,MIL @ IND,L,23.9,0.0,3.0,0.0,8.0,13.0,15.0,14.0,22.0,1.0,1.0,2.0,2.0,36.3,1,13074,13074,13074,12702,12059,3104,9917,3109,21300,24781,23710,10265,2692,17214,11390,7786,3380,1.0,23:51,2015,2016
2015-16,201935,James Harden,James,1610612745,HOU,Houston Rockets,21500194,2015-11-21T00:00:00,HOU vs. NYK,L,38.3,8.0,5.0,6.0,8.0,12.0,18.0,5.0,16.0,2.0,3.0,3.0,5.0,59.4,1,13074,13074,13074,1382,308,995,740,3109,20178,25634,11593,15259,932,25441,17641,1539,229,1.0,38:18,2015,2016
2015-16,202322,John Wall,John,1610612764,WAS,Washington Wizards,21500192,2015-11-21T00:00:00,WAS @ DET,W,27.1,2.0,0.0,4.0,6.0,8.0,8.0,8.0,32.0,0.0,0.0,3.0,1.0,24.9,1,1,1,1,9954,6026,10158,1913,5299,13914,17345,17194,3535,8004,1,17641,12373,8553,1.0,27:04,2015,2016
2015-16,204001,Kristaps Porziņģis,Kristaps,1610612752,NYK,New York Knicks,21500194,2015-11-21T00:00:00,NYK @ HOU,W,35.8,0.0,6.0,0.0,2.0,14.0,21.0,10.0,30.0,7.0,0.0,1.0,5.0,61.8,1,1,1,1,2904,12059,481,9917,12984,22292,25962,20169,4541,8,1,4972,1539,151,1.0,35:48,2015,2016
2015-16,201196,Ramon Sessions,Ramon,1610612764,WAS,Washington Wizards,21500192,2015-11-21T00:00:00,WAS @ DET,W,20.9,3.0,0.0,0.0,0.0,4.0,0.0,3.0,10.0,0.0,0.0,4.0,6.0,35.3,1,1,1,1,15109,4307,10158,9917,18861,6141,1,7328,20209,8004,1,22104,873,3719,1.0,20:56,2015,2016
2015-16,201941,Jordan Hill,Jordan,1610612754,IND,Indiana Pacers,21500190,2015-11-21T00:00:00,IND vs. MIL,W,27.9,6.0,10.0,2.0,16.0,14.0,5.0,4.0,20.0,1.0,0.0,0.0,1.0,43.7,1,1,1,1,9296,878,34,4675,275,22292,11469,8806,11929,2692,1,1,12373,1610,1.0,27:55,2015,2016
2015-16,200794,Paul Millsap,Paul,1610612737,ATL,Atlanta Hawks,21500191,2015-11-21T00:00:00,ATL @ CLE,L,31.0,2.0,1.0,0.0,6.0,5.0,13.0,4.0,28.0,2.0,1.0,4.0,9.0,49.7,1,13074,13074,13074,6707,6026,9709,9917,5299,8403,23668,8806,5824,932,17214,22104,138,789,1.0,31:01,2015,2016
2015-16,201567,Kevin Love,Kevin,1610612739,CLE,Cleveland Cavaliers,21500191,2015-11-21T00:00:00,CLE vs. ATL,W,31.2,6.0,0.0,2.0,12.0,15.0,6.0,8.0,12.0,1.0,0.0,4.0,6.0,44.2,1,1,1,1,6588,878,10158,4675,988,23079,13237,17194,18637,2692,1,22104,873,1515,1.0,31:10,2015,2016
2015-16,202696,Nikola Vučević,Nikola,1610612753,ORL,Orlando Magic,21500189,2015-11-21T00:00:00,ORL vs. SAC,L,25.1,0.0,2.0,0.0,6.0,10.0,5.0,14.0,26.0,0.0,1.0,3.0,3.0,29.2,1,13074,13074,13074,11631,12059,4731,9917,5299,17370,11469,23710,7214,8004,17214,17641,4736,6243,1.0,25:03,2015,2016
2015-16,204038,Langston Galloway,Langston,1610612752,NYK,New York Knicks,21500194,2015-11-21T00:00:00,NYK @ HOU,W,24.1,0.0,8.0,0.0,4.0,7.0,20.0,6.0,16.0,1.0,0.0,3.0,1.0,24.6,1,1,1,1,12442,12059,137,9917,8599,12242,25875,13388,15259,2692,1,17641,12373,8724,1.0,24:07,2015,2016
2015-16,202326,DeMarcus Cousins,DeMarcus,1610612758,SAC,Sacramento Kings,21500189,2015-11-21T00:00:00,SAC @ ORL,W,40.5,2.0,2.0,4.0,16.0,9.0,10.0,14.0,38.0,3.0,3.0,2.0,11.0,66.4,1,1,1,1,608,6026,4731,1913,275,15771,20509,23710,1422,347,25441,11390,44,83,1.0,40:29,2015,2016
2015-16,2544,LeBron James,LeBron,1610612739,CLE,Cleveland Cavaliers,21500191,2015-11-21T00:00:00,CLE vs. ATL,W,33.3,2.0,0.0,2.0,6.0,13.0,9.0,11.0,16.0,2.0,1.0,1.0,3.0,47.2,1,1,1,1,4862,6026,10158,4675,5299,21300,19144,21342,15259,932,17214,4972,4736,1051,1.0,33:20,2015,2016
2015-16,101181,Jose Calderon,Jose,1610612752,NYK,New York Knicks,21500194,2015-11-21T00:00:00,NYK @ HOU,W,32.8,5.0,0.0,2.0,0.0,14.0,18.0,10.0,28.0,0.0,0.0,2.0,2.0,24.5,1,1,1,1,5296,1603,10158,4675,18861,22292,25634,20169,5824,8004,1,11390,7786,8801,1.0,32:46,2015,2016
2015-16,2548,Dwyane Wade,Dwyane,1610612748,MIA,Miami Heat,21500193,2015-11-21T00:00:00,MIA vs. PHI,W,36.0,6.0,4.0,3.0,10.0,16.0,14.0,5.0,28.0,1.0,1.0,3.0,7.0,52.4,1,1,1,1,2757,878,1596,3302,1840,23774,24300,11593,5824,2692,17214,17641,469,549,1.0,36:01,2015,2016
2015-16,203991,Clint Capela,Clint,1610612745,HOU,Houston Rockets,21500194,2015-11-21T00:00:00,HOU vs. NYK,L,30.1,0.0,10.0,2.0,14.0,5.0,8.0,4.0,14.0,0.0,1.0,6.0,4.0,35.3,1,13074,13074,13074,7484,12059,34,4675,542,8403,17345,8806,17019,8004,17214,25827,2748,3719,1.0,30:04,2015,2016
2015-16,203490,Otto Porter Jr.,Otto,1610612764,WAS,Washington Wizards,21500192,2015-11-21T00:00:00,WAS @ DET,W,31.3,3.0,2.0,3.0,6.0,10.0,6.0,6.0,30.0,0.0,1.0,2.0,3.0,29.5,1,1,1,1,6514,4307,4731,3302,5299,17370,13237,13388,4541,8004,17214,11390,4736,6103,1.0,31:15,2015,2016
2015-16,202355,Hassan Whiteside,Hassan,1610612748,MIA,Miami Heat,21500193,2015-11-21T00:00:00,MIA vs. PHI,W,29.4,0.0,0.0,2.0,6.0,16.0,17.0,5.0,26.0,8.0,2.0,1.0,7.0,47.8,1,1,1,1,8076,12059,10158,4675,5299,23774,25429,11593,7214,5,23588,4972,469,979,1.0,29:22,2015,2016
2015-16,2760,Anderson Varejao,Anderson,1610612739,CLE,Cleveland Cavaliers,21500191,2015-11-21T00:00:00,CLE vs. ATL,W,19.1,0.0,0.0,0.0,2.0,7.0,8.0,7.0,20.0,0.0,0.0,1.0,2.0,11.1,1,1,1,1,16614,12059,10158,9917,12984,12242,17345,15538,11929,8004,1,4972,7786,18370,1.0,19:06,2015,2016
2015-16,1626209,Mario Hezonja,Mario,1610612753,ORL,Orlando Magic,21500189,2015-11-21T00:00:00,ORL vs. SAC,L,16.7,0.0,0.0,0.0,0.0,9.0,2.0,5.0,16.0,0.0,0.0,2.0,0.0,6.1,1,13074,13074,13074,18488,12059,10158,9917,18861,15771,3734,11593,15259,8004,1,11390,18762,21845,1.0,16:43,2015,2016
2015-16,203524,Solomon Hill,Solomon,1610612754,IND,Indiana Pacers,21500190,2015-11-21T00:00:00,IND vs. MIL,W,5.2,3.0,0.0,0.0,0.0,2.0,0.0,2.0,8.0,0.0,0.0,0.0,0.0,2.0,1,1,1,1,24305,4307,10158,9917,18861,2619,1,4025,21543,8004,1,1,18762,24216,1.0,5:10,2015,2016
2015-16,203078,Bradley Beal,Bradley,1610612764,WAS,Washington Wizards,21500192,2015-11-21T00:00:00,WAS @ DET,W,28.4,2.0,0.0,0.0,2.0,8.0,8.0,8.0,34.0,0.0,0.0,0.0,1.0,11.2,1,1,1,1,8969,6026,10158,9917,12984,13914,17345,17194,2701,8004,1,1,12373,18267,1.0,28:21,2015,2016
2015-16,203894,Shabazz Napier,Shabazz,1610612753,ORL,Orlando Magic,21500189,2015-11-21T00:00:00,ORL vs. SAC,L,12.0,0.0,0.0,0.0,0.0,2.0,2.0,2.0,12.0,0.0,0.0,1.0,0.0,11.1,1,13074,13074,13074,21611,12059,10158,9917,18861,2619,3734,4025,18637,8004,1,4972,18762,18370,1.0,11:57,2015,2016
2015-16,101112,Channing Frye,Channing,1610612753,ORL,Orlando Magic,21500189,2015-11-21T00:00:00,ORL vs. SAC,L,10.0,0.0,0.0,0.0,0.0,4.0,2.0,3.0,6.0,1.0,0.0,1.0,1.0,10.8,1,13074,13074,13074,22459,12059,10158,9917,18861,6141,3734,7328,22724,2692,1,4972,12373,18579,1.0,9:58,2015,2016
2015-16,202682,Derrick Williams,Derrick,1610612752,NYK,New York Knicks,21500194,2015-11-21T00:00:00,NYK @ HOU,W,10.5,2.0,2.0,2.0,2.0,5.0,10.0,2.0,10.0,0.0,0.0,1.0,2.0,10.8,1,1,1,1,22213,6026,4731,4675,12984,8403,20509,4025,20209,8004,1,4972,7786,18579,1.0,10:32,2015,2016
2015-16,202349,Greivis Vasquez,Greivis,1610612749,MIL,Milwaukee Bucks,21500190,2015-11-21T00:00:00,MIL @ IND,L,15.0,0.0,0.0,0.0,2.0,12.0,6.0,4.0,20.0,0.0,0.0,2.0,0.0,5.7,1,13074,13074,13074,19789,12059,10158,9917,12984,20178,13237,8806,11929,8004,1,11390,18762,22054,1.0,14:58,2015,2016
2015-16,203473,Dewayne Dedmon,Dewayne,1610612753,ORL,Orlando Magic,21500189,2015-11-21T00:00:00,ORL vs. SAC,L,3.8,0.0,0.0,0.0,0.0,2.0,0.0,0.0,4.0,1.0,0.0,2.0,1.0,2.0,1,13074,13074,13074,24798,12059,10158,9917,18861,2619,1,1,23698,2692,1,11390,12373,24216,1.0,3:48,2015,2016
2015-16,201951,Ty Lawson,Ty,1610612745,HOU,Houston Rockets,21500194,2015-11-21T00:00:00,HOU vs. NYK,L,16.8,0.0,0.0,0.0,0.0,0.0,2.0,2.0,4.0,0.0,0.0,0.0,0.0,1.4,1,13074,13074,13074,18404,12059,10158,9917,18861,1,3734,4025,23698,8004,1,1,18762,24615,1.0,16:49,2015,2016
2015-16,203463,Ben McLemore,Ben,1610612758,SAC,Sacramento Kings,21500189,2015-11-21T00:00:00,SAC @ ORL,W,25.2,2.0,0.0,2.0,2.0,9.0,12.0,11.0,28.0,0.0,0.0,3.0,3.0,10.6,1,1,1,1,11548,6026,10158,4675,12984,15771,22832,21342,5824,8004,1,17641,4736,18723,1.0,25:10,2015,2016
2015-16,201988,Patty Mills,Patty,1610612759,SAS,San Antonio Spurs,21500195,2015-11-21T00:00:00,SAS vs. MEM,W,20.1,0.0,0.0,0.0,0.0,6.0,2.0,0.0,14.0,0.0,0.0,2.0,3.0,5.9,1,1,1,1,15834,12059,10158,9917,18861,10028,3734,1,17019,8004,1,11390,4736,21953,1.0,20:06,2015,2016
2015-16,201229,Anthony Tolliver,Anthony,1610612765,DET,Detroit Pistons,21500192,2015-11-21T00:00:00,DET vs. WAS,L,15.5,0.0,0.0,0.0,0.0,6.0,0.0,5.0,16.0,0.0,0.0,2.0,0.0,1.2,1,13074,13074,13074,19414,12059,10158,9917,18861,10028,1,11593,15259,8004,1,11390,18762,24661,1.0,15:29,2015,2016
2015-16,201160,Jason Smith,Jason,1610612753,ORL,Orlando Magic,21500189,2015-11-21T00:00:00,ORL vs. SAC,L,9.2,0.0,0.0,0.0,2.0,3.0,2.0,0.0,8.0,1.0,0.0,3.0,1.0,6.2,1,13074,13074,13074,22767,12059,10158,9917,12984,5109,3734,1,21543,2692,1,17641,12373,21696,1.0,9:11,2015,2016
2015-16,201573,Jerryd Bayless,Jerryd,1610612749,MIL,Milwaukee Bucks,21500190,2015-11-21T00:00:00,MIL @ IND,L,19.0,0.0,0.0,0.0,0.0,15.0,9.0,7.0,18.0,0.0,0.0,1.0,0.0,9.4,1,13074,13074,13074,16695,12059,10158,9917,18861,23079,19144,15538,13577,8004,1,4972,18762,19568,1.0,19:01,2015,2016
2015-16,202338,Kevin Seraphin,Kevin,1610612752,NYK,New York Knicks,21500194,2015-11-21T00:00:00,NYK @ HOU,W,6.6,0.0,0.0,0.0,0.0,3.0,10.0,0.0,10.0,0.0,0.0,1.0,0.0,7.1,1,1,1,1,23727,12059,10158,9917,18861,5109,20509,1,20209,8004,1,4972,18762,21141,1.0,6:33,2015,2016
2015-16,204020,Tyler Johnson,Tyler,1610612748,MIA,Miami Heat,21500193,2015-11-21T00:00:00,MIA vs. PHI,W,17.3,0.0,0.0,0.0,4.0,11.0,10.0,1.0,8.0,0.0,1.0,1.0,2.0,4.5,1,1,1,1,18032,12059,10158,9917,8599,18886,20509,3646,21543,8004,17214,4972,7786,22773,1.0,17:19,2015,2016
2015-16,1626173,Rashad Vaughn,Rashad,1610612749,MIL,Milwaukee Bucks,21500190,2015-11-21T00:00:00,MIL @ IND,L,5.2,2.0,0.0,0.0,4.0,3.0,2.0,0.0,8.0,0.0,0.0,0.0,0.0,9.7,1,13074,13074,13074,24305,6026,10158,9917,8599,5109,3734,1,21543,8004,1,1,18762,19379,1.0,5:10,2015,2016
2015-16,2564,Boris Diaw,Boris,1610612759,SAS,San Antonio Spurs,21500195,2015-11-21T00:00:00,SAS vs. MEM,W,11.7,0.0,0.0,0.0,2.0,4.0,0.0,2.0,8.0,0.0,1.0,1.0,0.0,5.4,1,1,1,1,21717,12059,10158,9917,12984,6141,1,4025,21543,8004,17214,4972,18762,22242,1.0,11:43,2015,2016
2015-16,200811,Lou Amundson,Lou,1610612752,NYK,New York Knicks,21500194,2015-11-21T00:00:00,NYK @ HOU,W,7.5,0.0,0.0,0.0,0.0,2.0,8.0,2.0,2.0,0.0,0.0,2.0,2.0,0.5,1,1,1,1,23379,12059,10158,9917,18861,2619,17345,4025,24614,8004,1,11390,7786,25056,1.0,7:32,2015,2016
2015-16,201977,Marcus Thornton,Marcus,1610612745,HOU,Houston Rockets,21500194,2015-11-21T00:00:00,HOU vs. NYK,L,19.0,2.0,4.0,0.0,4.0,2.0,8.0,5.0,6.0,0.0,0.0,2.0,1.0,13.4,1,13074,13074,13074,16678,6026,1596,9917,8599,2619,17345,11593,22724,8004,1,11390,12373,16614,1.0,19:02,2015,2016
2015-16,2588,Matt Bonner,Matt,1610612759,SAS,San Antonio Spurs,21500195,2015-11-21T00:00:00,SAS vs. MEM,W,0.1,0.0,0.0,0.0,0.0,0.0,0.0,0.0,0.0,0.0,0.0,0.0,0.0,0.0,1,1,1,1,26028,12059,10158,9917,18861,1,1,1,25429,8004,1,1,18762,25170,1.0,0:09,2015,2016
2015-16,203492,Ray McCallum,Ray,1610612759,SAS,San Antonio Spurs,21500195,2015-11-21T00:00:00,SAS vs. MEM,W,0.1,0.0,0.0,0.0,0.0,0.0,0.0,0.0,0.0,0.0,0.0,0.0,0.0,0.0,1,1,1,1,26028,12059,10158,9917,18861,1,1,1,25429,8004,1,1,18762,25170,1.0,0:09,2015,2016
2015-16,201619,Sasha Kaun,Sasha,1610612739,CLE,Cleveland Cavaliers,21500191,2015-11-21T00:00:00,CLE vs. ATL,W,1.7,0.0,0.0,0.0,0.0,0.0,0.0,2.0,4.0,0.0,0.0,0.0,0.0,0.0,1,1,1,1,25631,12059,10158,9917,18861,1,1,4025,23698,8004,1,1,18762,25170,1.0,1:41,2015,2016
2015-16,1626196,Josh Richardson,Josh,1610612748,MIA,Miami Heat,21500193,2015-11-21T00:00:00,MIA vs. PHI,W,4.4,0.0,0.0,0.0,0.0,3.0,4.0,0.0,2.0,0.0,0.0,0.0,0.0,-1.0,1,1,1,1,24581,12059,10158,9917,18861,5109,8458,1,24614,8004,1,1,18762,25932,1.0,4:24,2015,2016
2015-16,1626169,Stanley Johnson,Stanley,1610612765,DET,Detroit Pistons,21500192,2015-11-21T00:00:00,DET vs. WAS,L,16.1,0.0,0.0,0.0,0.0,8.0,0.0,7.0,18.0,0.0,0.0,0.0,1.0,3.5,1,13074,13074,13074,18997,12059,10158,9917,18861,13914,1,15538,13577,8004,1,1,12373,23351,1.0,16:03,2015,2016
2015-16,201168,Tiago Splitter,Tiago,1610612737,ATL,Atlanta Hawks,21500191,2015-11-21T00:00:00,ATL @ CLE,L,9.5,0.0,0.0,0.0,4.0,5.0,4.0,0.0,4.0,0.0,0.0,1.0,0.0,4.0,1,13074,13074,13074,22643,12059,10158,9917,8599,8403,8458,1,23698,8004,1,4972,18762,23142,1.0,9:28,2015,2016
2015-16,202714,Shelvin Mack,Shelvin,1610612737,ATL,Atlanta Hawks,21500191,2015-11-21T00:00:00,ATL @ CLE,L,6.0,0.0,0.0,0.0,2.0,2.0,0.0,2.0,6.0,0.0,0.0,0.0,0.0,7.0,1,13074,13074,13074,23989,12059,10158,9917,12984,2619,1,4025,22724,8004,1,1,18762,21188,1.0,5:57,2015,2016
2015-16,2743,Kris Humphries,Kris,1610612764,WAS,Washington Wizards,21500192,2015-11-21T00:00:00,WAS @ DET,W,16.8,0.0,0.0,0.0,0.0,0.0,2.0,6.0,22.0,0.0,1.0,0.0,0.0,5.0,1,1,1,1,18432,12059,10158,9917,18861,1,3734,13388,10265,8004,17214,1,18762,22500,1.0,16:48,2015,2016
2015-16,2754,Tony Allen,Tony,1610612763,MEM,Memphis Grizzlies,21500195,2015-11-21T00:00:00,MEM @ SAS,L,12.1,4.0,2.0,2.0,4.0,6.0,0.0,6.0,14.0,0.0,1.0,0.0,0.0,9.4,1,13074,13074,13074,21476,2460,4731,4675,8599,10028,1,13388,17019,8004,17214,1,18762,19568,1.0,12:06,2015,2016
2015-16,203960,JaKarr Sampson,JaKarr,1610612755,PHI,Philadelphia 76ers,21500193,2015-11-21T00:00:00,PHI @ MIA,L,10.1,0.0,0.0,0.0,0.0,2.0,0.0,0.0,2.0,0.0,0.0,3.0,2.0,5.4,1,13074,13074,13074,22381,12059,10158,9917,18861,2619,1,1,24614,8004,1,17641,7786,22242,1.0,10:09,2015,2016
2015-16,203484,Kentavious Caldwell-Pope,Kentavious,1610612765,DET,Detroit Pistons,21500192,2015-11-21T00:00:00,DET vs. WAS,L,37.1,3.0,0.0,5.0,2.0,16.0,6.0,10.0,40.0,0.0,0.0,2.0,0.0,21.7,1,13074,13074,13074,2026,4307,10158,1277,12984,23774,13237,20169,983,8004,1,11390,18762,10592,1.0,37:05,2015,2016
2015-16,2446,Rasual Butler,Rasual,1610612759,SAS,San Antonio Spurs,21500195,2015-11-21T00:00:00,SAS vs. MEM,W,6.3,0.0,0.0,0.0,0.0,2.0,0.0,0.0,6.0,1.0,0.0,0.0,0.0,2.0,1,1,1,1,23849,12059,10158,9917,18861,2619,1,1,22724,2692,1,1,18762,24216,1.0,6:17,2015,2016
2015-16,203094,Andrew Nicholson,Andrew,1610612753,ORL,Orlando Magic,21500189,2015-11-21T00:00:00,ORL vs. SAC,L,7.4,0.0,4.0,0.0,4.0,0.0,5.0,0.0,4.0,0.0,1.0,1.0,0.0,7.9,1,13074,13074,13074,23438,12059,1596,9917,8599,1,11469,1,23698,8004,17214,4972,18762,20646,1.0,7:21,2015,2016
2015-16,203948,Johnny O'Bryant III,Johnny,1610612749,MIL,Milwaukee Bucks,21500190,2015-11-21T00:00:00,MIL @ IND,L,16.5,2.0,2.0,0.0,4.0,8.0,9.0,3.0,18.0,0.0,0.0,1.0,0.0,8.4,1,13074,13074,13074,18690,6026,4731,9917,8599,13914,19144,7328,13577,8004,1,4972,18762,20273,1.0,16:27,2015,2016
2015-16,201177,Josh McRoberts,Josh,1610612748,MIA,Miami Heat,21500193,2015-11-21T00:00:00,MIA vs. PHI,W,13.7,1.0,0.0,0.0,2.0,7.0,6.0,0.0,6.0,1.0,1.0,1.0,1.0,12.9,1,1,1,1,20576,11535,10158,9917,12984,12242,13237,1,22724,2692,17214,4972,12373,17049,1.0,13:43,2015,2016
2015-16,201596,Mario Chalmers,Mario,1610612763,MEM,Memphis Grizzlies,21500195,2015-11-21T00:00:00,MEM @ SAS,L,21.1,2.0,0.0,0.0,2.0,7.0,0.0,7.0,12.0,0.0,2.0,4.0,5.0,16.4,1,13074,13074,13074,15010,6026,10158,9917,12984,12242,1,15538,18637,8004,23588,22104,1539,14289,1.0,21:03,2015,2016
2015-16,202498,Lance Thomas,Lance,1610612752,NYK,New York Knicks,21500194,2015-11-21T00:00:00,NYK @ HOU,W,24.4,0.0,0.0,0.0,0.0,8.0,25.0,2.0,20.0,0.0,0.0,2.0,4.0,16.6,1,1,1,1,12256,12059,10158,9917,18861,13914,26050,4025,11929,8004,1,11390,2748,14125,1.0,24:22,2015,2016
2015-16,203488,Mike Muscala,Mike,1610612737,ATL,Atlanta Hawks,21500191,2015-11-21T00:00:00,ATL @ CLE,L,18.8,0.0,0.0,0.0,0.0,5.0,6.0,2.0,20.0,1.0,0.0,1.0,2.0,12.4,1,13074,13074,13074,16860,12059,10158,9917,18861,8403,13237,4025,11929,2692,1,4972,7786,17418,1.0,18:49,2015,2016
2015-16,201954,Darren Collison,Darren,1610612758,SAC,Sacramento Kings,21500189,2015-11-21T00:00:00,SAC @ ORL,W,35.7,2.0,3.0,0.0,2.0,11.0,12.0,14.0,38.0,0.0,1.0,0.0,3.0,17.9,1,1,1,1,2971,6026,3104,9917,12984,18886,22832,23710,1422,8004,17214,1,4736,13229,1.0,35:43,2015,2016
2015-16,203924,Jerami Grant,Jerami,1610612755,PHI,Philadelphia 76ers,21500193,2015-11-21T00:00:00,PHI @ MIA,L,30.3,0.0,0.0,0.0,0.0,13.0,7.0,12.0,28.0,2.0,3.0,3.0,4.0,20.7,1,13074,13074,13074,7284,12059,10158,9917,18861,21300,15642,22259,5824,932,25441,17641,2748,11252,1.0,30:16,2015,2016
2015-16,202390,Gary Neal,Gary,1610612764,WAS,Washington Wizards,21500192,2015-11-21T00:00:00,WAS @ DET,W,14.8,0.0,0.0,0.0,2.0,2.0,0.0,5.0,10.0,0.0,0.0,0.0,2.0,8.3,1,1,1,1,19883,12059,10158,9917,12984,2619,1,11593,20209,8004,1,1,7786,20376,1.0,14:49,2015,2016
2015-16,203138,Hollis Thompson,Hollis,1610612755,PHI,Philadelphia 76ers,21500193,2015-11-21T00:00:00,PHI @ MIA,L,21.0,0.0,0.0,0.0,0.0,5.0,1.0,1.0,8.0,1.0,0.0,5.0,1.0,8.3,1,13074,13074,13074,15093,12059,10158,9917,18861,8403,3393,3646,21543,2692,1,24686,12373,20376,1.0,20:57,2015,2016
2015-16,203382,Aron Baynes,Aron,1610612765,DET,Detroit Pistons,21500192,2015-11-21T00:00:00,DET vs. WAS,L,10.9,2.0,0.0,0.0,2.0,3.0,0.0,5.0,8.0,0.0,0.0,2.0,1.0,7.8,1,13074,13074,13074,22073,6026,10158,9917,12984,5109,1,11593,21543,8004,1,11390,12373,20696,1.0,10:54,2015,2016
2015-16,201145,Jeff Green,Jeff,1610612763,MEM,Memphis Grizzlies,21500195,2015-11-21T00:00:00,MEM @ SAS,L,28.5,0.0,0.0,2.0,6.0,10.0,1.0,8.0,32.0,0.0,1.0,2.0,0.0,17.9,1,13074,13074,13074,8853,12059,10158,4675,5299,17370,3393,17194,3535,8004,17214,11390,18762,13229,1.0,28:28,2015,2016
2015-16,203099,Jared Cunningham,Jared,1610612739,CLE,Cleveland Cavaliers,21500191,2015-11-21T00:00:00,CLE vs. ATL,W,19.8,3.0,1.0,2.0,4.0,14.0,1.0,7.0,14.0,0.0,2.0,3.0,2.0,16.8,1,1,1,1,16056,4307,9709,4675,8599,22292,3393,15538,17019,8004,23588,17641,7786,13996,1.0,19:49,2015,2016
2015-16,203118,Mike Scott,Mike,1610612737,ATL,Atlanta Hawks,21500191,2015-11-21T00:00:00,ATL @ CLE,L,3.2,2.0,0.0,2.0,2.0,2.0,0.0,2.0,4.0,0.0,0.0,1.0,0.0,7.7,1,13074,13074,13074,25074,6026,10158,4675,12984,2619,1,4025,23698,8004,1,4972,18762,20733,1.0,3:09,2015,2016
2015-16,2736,Luol Deng,Luol,1610612748,MIA,Miami Heat,21500193,2015-11-21T00:00:00,MIA vs. PHI,W,25.2,2.0,0.0,0.0,2.0,14.0,9.0,5.0,22.0,0.0,0.0,0.0,2.0,18.4,1,1,1,1,11549,6026,10158,9917,12984,22292,19144,11593,10265,8004,1,1,7786,12854,1.0,25:10,2015,2016
2015-16,201585,Kosta Koufos,Kosta,1610612758,SAC,Sacramento Kings,21500189,2015-11-21T00:00:00,SAC @ ORL,W,20.8,2.0,2.0,0.0,8.0,6.0,4.0,8.0,22.0,0.0,1.0,1.0,2.0,21.0,1,1,1,1,15257,6026,4731,9917,3109,10028,8458,17194,10265,8004,17214,4972,7786,11077,1.0,20:46,2015,2016
2015-16,1626170,Jerian Grant,Jerian,1610612752,NYK,New York Knicks,21500194,2015-11-21T00:00:00,NYK @ HOU,W,13.3,0.0,0.0,0.0,0.0,5.0,15.0,2.0,14.0,0.0,1.0,2.0,4.0,8.0,1,1,1,1,20803,12059,10158,9917,18861,8403,24781,4025,17019,8004,17214,11390,2748,20564,1.0,13:18,2015,2016
2015-16,2757,Beno Udrih,Beno,1610612748,MIA,Miami Heat,21500193,2015-11-21T00:00:00,MIA vs. PHI,W,6.1,0.0,0.0,0.0,2.0,2.0,2.0,0.0,8.0,0.0,0.0,0.0,0.0,2.2,1,1,1,1,23923,12059,10158,9917,12984,2619,3734,1,21543,8004,1,1,18762,24138,1.0,6:05,2015,2016
2015-16,2546,Carmelo Anthony,Carmelo,1610612752,NYK,New York Knicks,21500194,2015-11-21T00:00:00,NYK @ HOU,W,25.0,2.0,2.0,3.0,4.0,11.0,10.0,10.0,24.0,0.0,1.0,5.0,3.0,18.2,1,1,1,1,11695,6026,4731,3302,8599,18886,20509,20169,8723,8004,17214,24686,4736,13004,1.0,24:58,2015,2016
2015-16,203934,Lamar Patterson,Lamar,1610612737,ATL,Atlanta Hawks,21500191,2015-11-21T00:00:00,ATL @ CLE,L,21.6,0.0,0.0,0.0,0.0,6.0,7.0,2.0,22.0,0.0,0.0,2.0,0.0,8.3,1,13074,13074,13074,14490,12059,10158,9917,18861,10028,15642,4025,10265,8004,1,11390,18762,20376,1.0,21:38,2015,2016
2015-16,2594,Kyle Korver,Kyle,1610612737,ATL,Atlanta Hawks,21500191,2015-11-21T00:00:00,ATL @ CLE,L,28.7,9.0,2.0,3.0,0.0,10.0,10.0,4.0,22.0,0.0,1.0,3.0,2.0,12.7,1,13074,13074,13074,8603,171,4731,3302,18861,17370,20509,8806,10265,8004,17214,17641,7786,17201,1.0,28:44,2015,2016
2015-16,203471,Dennis Schröder,Dennis,1610612737,ATL,Atlanta Hawks,21500191,2015-11-21T00:00:00,ATL @ CLE,L,16.2,2.0,0.0,0.0,4.0,7.0,3.0,0.0,8.0,0.0,1.0,3.0,0.0,16.4,1,13074,13074,13074,18913,6026,10158,9917,8599,12242,7138,1,21543,8004,17214,17641,18762,14289,1.0,16:10,2015,2016
2015-16,203493,Reggie Bullock Jr.,Reggie,1610612765,DET,Detroit Pistons,21500192,2015-11-21T00:00:00,DET vs. WAS,L,5.7,0.0,0.0,0.0,0.0,2.0,0.0,4.0,8.0,0.0,0.0,1.0,0.0,2.2,1,13074,13074,13074,24079,12059,10158,9917,18861,2619,1,8806,21543,8004,1,4972,18762,24138,1.0,5:45,2015,2016
2015-16,203937,Kyle Anderson,Kyle,1610612759,SAS,San Antonio Spurs,21500195,2015-11-21T00:00:00,SAS vs. MEM,W,18.0,0.0,0.0,0.0,0.0,10.0,2.0,2.0,12.0,0.0,0.0,1.0,1.0,18.2,1,1,1,1,17518,12059,10158,9917,18861,17370,3734,4025,18637,8004,1,4972,12373,13004,1.0,17:60,2015,2016
2015-16,203142,Chris Copeland,Chris,1610612749,MIL,Milwaukee Bucks,21500190,2015-11-21T00:00:00,MIL @ IND,L,10.3,0.0,0.0,0.0,2.0,7.0,6.0,2.0,14.0,0.0,0.0,0.0,1.0,3.0,1,13074,13074,13074,22333,12059,10158,9917,12984,12242,13237,4025,17019,8004,1,1,12373,23648,1.0,10:15,2015,2016
2015-16,203210,JaMychal Green,JaMychal,1610612763,MEM,Memphis Grizzlies,21500195,2015-11-21T00:00:00,MEM @ SAS,L,21.2,4.0,2.0,0.0,4.0,9.0,0.0,11.0,16.0,0.0,0.0,5.0,3.0,18.5,1,13074,13074,13074,14897,2460,4731,9917,8599,15771,1,21342,15259,8004,1,24686,4736,12794,1.0,21:11,2015,2016
2015-16,201564,O.J. Mayo,O.J.,1610612749,MIL,Milwaukee Bucks,21500190,2015-11-21T00:00:00,MIL @ IND,L,22.4,6.0,0.0,0.0,0.0,15.0,13.0,7.0,22.0,0.0,1.0,2.0,0.0,11.9,1,13074,13074,13074,13841,878,10158,9917,18861,23079,23668,15538,10265,8004,17214,11390,18762,17760,1.0,22:23,2015,2016
2015-16,200765,Rajon Rondo,Rajon,1610612758,SAC,Sacramento Kings,21500189,2015-11-21T00:00:00,SAC @ ORL,W,42.1,5.0,0.0,2.0,4.0,9.0,12.0,16.0,44.0,0.0,1.0,2.0,2.0,42.9,1,1,1,1,307,1603,10158,4675,8599,15771,22832,24641,454,8004,17214,11390,7786,1754,1.0,42:04,2015,2016
2015-16,1713,Vince Carter,Vince,1610612763,MEM,Memphis Grizzlies,21500195,2015-11-21T00:00:00,MEM @ SAS,L,19.8,4.0,0.0,0.0,0.0,7.0,0.0,5.0,10.0,0.0,0.0,1.0,3.0,11.8,1,13074,13074,13074,16056,2460,10158,9917,18861,12242,1,11593,20209,8004,1,4972,4736,17832,1.0,19:49,2015,2016
2015-16,202331,Paul George,Paul,1610612754,IND,Indiana Pacers,21500190,2015-11-21T00:00:00,IND vs. MIL,W,29.1,6.0,6.0,0.0,0.0,12.0,9.0,6.0,36.0,0.0,3.0,3.0,5.0,41.9,1,1,1,1,8295,878,481,9917,18861,20178,19144,13388,1943,8004,25441,17641,1539,1958,1.0,29:06,2015,2016
2015-16,201147,Corey Brewer,Corey,1610612745,HOU,Houston Rockets,21500194,2015-11-21T00:00:00,HOU vs. NYK,L,20.1,3.0,3.0,2.0,0.0,4.0,9.0,2.0,8.0,0.0,0.0,2.0,2.0,11.9,1,13074,13074,13074,15827,4307,3104,4675,18861,6141,19144,4025,21543,8004,1,11390,7786,17760,1.0,20:07,2015,2016
2015-16,101145,Monta Ellis,Monta,1610612754,IND,Indiana Pacers,21500190,2015-11-21T00:00:00,IND vs. MIL,W,30.3,3.0,2.0,2.0,8.0,15.0,7.0,6.0,34.0,1.0,0.0,2.0,1.0,31.5,1,1,1,1,7272,4307,4731,4675,3109,23079,15642,13388,2701,2692,1,11390,12373,5180,1.0,30:17,2015,2016
2015-16,1495,Tim Duncan,Tim,1610612759,SAS,San Antonio Spurs,21500195,2015-11-21T00:00:00,SAS vs. MEM,W,36.2,2.0,0.0,2.0,10.0,20.0,4.0,12.0,32.0,2.0,0.0,5.0,0.0,43.0,1,1,1,1,2611,6026,10158,4675,1840,25338,8458,22259,3535,932,1,24686,18762,1733,1.0,36:12,2015,2016
2015-16,201162,Jared Dudley,Jared,1610612764,WAS,Washington Wizards,21500192,2015-11-21T00:00:00,WAS @ DET,W,27.1,3.0,0.0,0.0,2.0,10.0,2.0,5.0,16.0,0.0,0.0,2.0,1.0,12.2,1,1,1,1,9897,4307,10158,9917,12984,17370,3734,11593,15259,8004,1,11390,12373,17566,1.0,27:08,2015,2016
2015-16,201167,Arron Afflalo,Arron,1610612752,NYK,New York Knicks,21500194,2015-11-21T00:00:00,NYK @ HOU,W,35.2,3.0,0.0,0.0,2.0,14.0,18.0,10.0,28.0,0.0,2.0,0.0,1.0,26.7,1,1,1,1,3411,4307,10158,9917,12984,22292,25634,20169,5824,8004,23588,1,12373,7525,1.0,35:11,2015,2016
2015-16,201609,Goran Dragic,Goran,1610612748,MIA,Miami Heat,21500193,2015-11-21T00:00:00,MIA vs. PHI,W,26.3,2.0,0.0,2.0,2.0,10.0,9.0,4.0,16.0,0.0,2.0,4.0,1.0,20.4,1,1,1,1,10643,6026,10158,4675,12984,17370,19144,8806,15259,8004,23588,22104,12373,11453,1.0,26:15,2015,2016
2015-16,203917,Nik Stauskas,Nik,1610612755,PHI,Philadelphia 76ers,21500193,2015-11-21T00:00:00,PHI @ MIA,L,24.6,0.0,6.0,0.0,0.0,10.0,3.0,9.0,26.0,1.0,0.0,1.0,0.0,15.2,1,13074,13074,13074,11989,12059,481,9917,18861,17370,7138,18829,7214,2692,1,4972,18762,15219,1.0,24:38,2015,2016
2015-16,2210,Richard Jefferson,Richard,1610612739,CLE,Cleveland Cavaliers,21500191,2015-11-21T00:00:00,CLE vs. ATL,W,23.8,0.0,4.0,0.0,6.0,14.0,6.0,7.0,18.0,1.0,0.0,2.0,1.0,15.7,1,1,1,1,12732,12059,1596,9917,5299,22292,13237,15538,13577,2692,1,11390,12373,14841,1.0,23:49,2015,2016
2015-16,203507,Giannis Antetokounmpo,Giannis,1610612749,MIL,Milwaukee Bucks,21500190,2015-11-21T00:00:00,MIL @ IND,L,29.1,2.0,2.0,2.0,6.0,17.0,17.0,16.0,28.0,2.0,0.0,3.0,3.0,27.0,1,13074,13074,13074,8295,6026,4731,4675,5299,24337,25429,24641,5824,932,1,17641,4736,7385,1.0,29:06,2015,2016
2015-16,203901,Elfrid Payton,Elfrid,1610612753,ORL,Orlando Magic,21500189,2015-11-21T00:00:00,ORL vs. SAC,L,37.8,0.0,0.0,2.0,2.0,17.0,7.0,15.0,34.0,0.0,2.0,1.0,0.0,20.0,1,13074,13074,13074,1592,12059,10158,4675,12984,24337,15642,24242,2701,8004,23588,4972,18762,11752,1.0,37:49,2015,2016
2015-16,201188,Marc Gasol,Marc,1610612763,MEM,Memphis Grizzlies,21500195,2015-11-21T00:00:00,MEM @ SAS,L,39.7,0.0,2.0,0.0,4.0,14.0,1.0,10.0,38.0,0.0,1.0,3.0,3.0,30.6,1,13074,13074,13074,818,12059,4731,9917,8599,22292,3393,20169,1422,8004,17214,17641,4736,5574,1.0,39:42,2015,2016
2015-16,204456,T.J. McConnell,T.J.,1610612755,PHI,Philadelphia 76ers,21500193,2015-11-21T00:00:00,PHI @ MIA,L,29.6,0.0,0.0,0.0,6.0,14.0,7.0,11.0,28.0,0.0,0.0,4.0,2.0,20.5,1,13074,13074,13074,7889,12059,10158,9917,5299,22292,15642,21342,5824,8004,1,22104,7786,11401,1.0,29:35,2015,2016
2015-16,201158,Marco Belinelli,Marco,1610612758,SAC,Sacramento Kings,21500189,2015-11-21T00:00:00,SAC @ ORL,W,26.7,4.0,0.0,7.0,2.0,4.0,4.0,9.0,22.0,0.0,0.0,2.0,3.0,19.9,1,1,1,1,10261,2460,10158,454,12984,6141,8458,18829,10265,8004,1,11390,4736,11824,1.0,26:43,2015,2016
2015-16,2561,David West,David,1610612759,SAS,San Antonio Spurs,21500195,2015-11-21T00:00:00,SAS vs. MEM,W,24.5,0.0,0.0,0.0,2.0,14.0,4.0,8.0,24.0,1.0,0.0,4.0,5.0,15.5,1,1,1,1,12083,12059,10158,9917,12984,22292,8458,17194,8723,2692,1,22104,1539,15004,1.0,24:32,2015,2016
2015-16,203093,Terrence Jones,Terrence,1610612745,HOU,Houston Rockets,21500194,2015-11-21T00:00:00,HOU vs. NYK,L,36.9,2.0,8.0,2.0,8.0,12.0,18.0,5.0,18.0,0.0,3.0,4.0,6.0,30.8,1,13074,13074,13074,2178,6026,137,4675,3109,20178,25634,11593,13577,8004,25441,22104,873,5493,1.0,36:51,2015,2016
2015-16,1891,Jason Terry,Jason,1610612745,HOU,Houston Rockets,21500194,2015-11-21T00:00:00,HOU vs. NYK,L,31.0,0.0,3.0,0.0,2.0,12.0,18.0,5.0,16.0,0.0,0.0,4.0,0.0,15.5,1,13074,13074,13074,6689,12059,3104,9917,12984,20178,25634,11593,15259,8004,1,22104,18762,15004,1.0,31:02,2015,2016
2015-16,203114,Khris Middleton,Khris,1610612749,MIL,Milwaukee Bucks,21500190,2015-11-21T00:00:00,MIL @ IND,L,27.6,3.0,0.0,0.0,2.0,13.0,20.0,15.0,26.0,1.0,0.0,1.0,1.0,19.9,1,13074,13074,13074,9520,4307,10158,9917,12984,21300,25875,24242,7214,2692,1,4972,12373,11824,1.0,27:37,2015,2016
2015-16,1626159,Justise Winslow,Justise,1610612748,MIA,Miami Heat,21500193,2015-11-21T00:00:00,MIA vs. PHI,W,23.4,4.0,2.0,5.0,6.0,14.0,6.0,3.0,14.0,0.0,0.0,3.0,2.0,15.5,1,1,1,1,13027,2460,4731,1277,5299,22292,13237,7328,17019,8004,1,17641,7786,15004,1.0,23:25,2015,2016
2015-16,203457,Nerlens Noel,Nerlens,1610612755,PHI,Philadelphia 76ers,21500193,2015-11-21T00:00:00,PHI @ MIA,L,30.2,2.0,1.0,2.0,6.0,14.0,7.0,9.0,24.0,0.0,4.0,5.0,3.0,26.6,1,13074,13074,13074,7396,6026,9709,4675,5299,22292,15642,18829,8723,8004,25926,24686,4736,7566,1.0,30:10,2015,2016
2015-16,202324,Derrick Favors,Derrick,1610612762,UTA,Utah Jazz,21500184,2015-11-20T00:00:00,UTA @ DAL,L,35.7,0.0,2.0,0.0,10.0,12.0,5.0,10.0,38.0,0.0,1.0,1.0,1.0,26.4,1,13074,13074,13074,2963,12059,4731,9917,1840,20178,11469,20169,1422,8004,17214,4972,12373,7672,1.0,35:43,2015,2016
2015-16,203918,Rodney Hood,Rodney,1610612762,UTA,Utah Jazz,21500184,2015-11-20T00:00:00,UTA @ DAL,L,36.1,4.0,1.0,4.0,8.0,10.0,5.0,10.0,38.0,0.0,0.0,3.0,2.0,20.2,1,13074,13074,13074,2720,2460,9709,1913,3109,17370,11469,20169,1422,8004,1,17641,7786,11610,1.0,36:03,2015,2016
2015-16,203096,Jared Sullinger,Jared,1610612738,BOS,Boston Celtics,21500179,2015-11-20T00:00:00,BOS vs. BKN,W,19.3,2.0,0.0,0.0,4.0,2.0,4.0,6.0,12.0,0.0,0.0,1.0,1.0,20.3,1,1,1,1,16480,6026,10158,9917,8599,2619,8458,13388,18637,8004,1,4972,12373,11534,1.0,19:16,2015,2016
2015-16,2585,Zaza Pachulia,Zaza,1610612742,DAL,Dallas Mavericks,21500184,2015-11-20T00:00:00,DAL vs. UTA,W,38.8,4.0,0.0,0.0,10.0,4.0,12.0,6.0,30.0,0.0,0.0,2.0,6.0,40.4,1,1,1,1,1130,2460,10158,9917,1840,6141,22832,13388,4541,8004,1,11390,873,2274,1.0,38:50,2015,2016
2015-16,202340,Avery Bradley,Avery,1610612738,BOS,Boston Celtics,21500179,2015-11-20T00:00:00,BOS vs. BKN,W,25.2,4.0,0.0,4.0,10.0,7.0,10.0,2.0,20.0,0.0,0.0,0.0,0.0,30.6,1,1,1,1,11499,2460,10158,1913,1840,12242,20509,4025,11929,8004,1,1,18762,5574,1.0,25:14,2015,2016
2015-16,203085,Austin Rivers,Austin,1610612746,LAC,LA Clippers,21500186,2015-11-20T00:00:00,LAC @ POR,L,22.3,2.0,0.0,2.0,8.0,5.0,12.0,1.0,22.0,0.0,1.0,0.0,0.0,15.7,1,13074,13074,13074,13903,6026,10158,4675,3109,8403,22832,3646,10265,8004,17214,1,18762,14841,1.0,22:19,2015,2016
2015-16,203138,Hollis Thompson,Hollis,1610612755,PHI,Philadelphia 76ers,21500178,2015-11-20T00:00:00,PHI @ CHA,L,28.5,0.0,0.0,0.0,0.0,20.0,4.0,3.0,26.0,2.0,1.0,1.0,0.0,19.8,1,13074,13074,13074,8779,12059,10158,9917,18861,25338,8458,7328,7214,932,17214,4972,18762,11883,1.0,28:32,2015,2016
2015-16,203477,Isaiah Canaan,Isaiah,1610612755,PHI,Philadelphia 76ers,21500178,2015-11-20T00:00:00,PHI @ CHA,L,20.7,0.0,0.0,0.0,2.0,14.0,4.0,0.0,22.0,0.0,0.0,2.0,2.0,15.4,1,13074,13074,13074,15334,12059,10158,9917,12984,22292,8458,1,10265,8004,1,11390,7786,15066,1.0,20:40,2015,2016
2015-16,203504,Trey Burke,Trey,1610612762,UTA,Utah Jazz,21500184,2015-11-20T00:00:00,UTA @ DAL,L,22.5,0.0,0.0,0.0,2.0,8.0,8.0,2.0,16.0,0.0,0.0,2.0,1.0,15.4,1,13074,13074,13074,13771,12059,10158,9917,12984,13914,17345,4025,15259,8004,1,11390,12373,15066,1.0,22:29,2015,2016
2015-16,203468,CJ McCollum,CJ,1610612757,POR,Portland Trail Blazers,21500186,2015-11-20T00:00:00,POR vs. LAC,W,32.0,4.0,0.0,0.0,8.0,8.0,9.0,6.0,26.0,0.0,1.0,2.0,4.0,26.9,1,1,1,1,5868,2460,10158,9917,3109,13914,19144,13388,7214,8004,17214,11390,2748,7438,1.0,32:01,2015,2016
2015-16,201582,Alexis Ajinca,Alexis,1610612740,NOP,New Orleans Pelicans,21500182,2015-11-20T00:00:00,NOP vs. SAS,W,11.5,2.0,2.0,0.0,2.0,2.0,0.0,2.0,8.0,0.0,0.0,3.0,2.0,11.6,1,1,1,1,21833,6026,4731,9917,12984,2619,1,4025,21543,8004,1,17641,7786,17970,1.0,11:30,2015,2016
2015-16,202709,Cory Joseph,Cory,1610612761,TOR,Toronto Raptors,21500188,2015-11-20T00:00:00,TOR @ LAL,W,22.6,2.0,0.0,0.0,2.0,5.0,3.0,2.0,14.0,0.0,0.0,0.0,3.0,20.2,1,1,1,1,13659,6026,10158,9917,12984,8403,7138,4025,17019,8004,1,1,4736,11610,1.0,22:38,2015,2016
2015-16,2225,Tony Parker,Tony,1610612759,SAS,San Antonio Spurs,21500182,2015-11-20T00:00:00,SAS @ NOP,L,31.8,0.0,0.0,2.0,4.0,5.0,2.0,5.0,32.0,0.0,1.0,3.0,4.0,26.5,1,13074,13074,13074,6096,12059,10158,4675,8599,8403,3734,11593,3535,8004,17214,17641,2748,7627,1.0,31:46,2015,2016
2015-16,203458,Alex Len,Alex,1610612756,PHX,Phoenix Suns,21500185,2015-11-20T00:00:00,PHX @ DEN,W,14.4,0.0,5.0,0.0,4.0,10.0,2.0,8.0,18.0,2.0,0.0,1.0,2.0,19.8,1,1,1,1,20184,12059,995,9917,8599,17370,3734,17194,13577,932,1,4972,7786,11883,1.0,14:22,2015,2016
2015-16,200826,J.J. Barea,J.J.,1610612742,DAL,Dallas Mavericks,21500184,2015-11-20T00:00:00,DAL vs. UTA,W,21.8,2.0,2.0,0.0,8.0,4.0,8.0,8.0,24.0,0.0,1.0,0.0,2.0,20.3,1,1,1,1,14389,6026,4731,9917,3109,6141,17345,17194,8723,8004,17214,1,7786,11534,1.0,21:45,2015,2016
2015-16,203939,Dwight Powell,Dwight,1610612742,DAL,Dallas Mavericks,21500184,2015-11-20T00:00:00,DAL vs. UTA,W,22.0,2.0,4.0,0.0,4.0,4.0,9.0,10.0,20.0,1.0,0.0,4.0,3.0,26.3,1,1,1,1,14215,6026,1596,9917,8599,6141,19144,20169,11929,2692,1,22104,4736,7733,1.0,21:58,2015,2016
2015-16,203141,Mirza Teletovic,Mirza,1610612756,PHX,Phoenix Suns,21500185,2015-11-20T00:00:00,PHX @ DEN,W,20.8,0.0,4.0,0.0,4.0,12.0,5.0,13.0,32.0,1.0,0.0,3.0,1.0,26.5,1,1,1,1,15274,12059,1596,9917,8599,20178,11469,23048,3535,2692,1,17641,12373,7627,1.0,20:45,2015,2016
2015-16,203482,Kelly Olynyk,Kelly,1610612738,BOS,Boston Celtics,21500179,2015-11-20T00:00:00,BOS vs. BKN,W,20.8,2.0,0.0,0.0,4.0,11.0,6.0,0.0,24.0,0.0,0.0,6.0,1.0,20.5,1,1,1,1,15206,6026,10158,9917,8599,18886,13237,1,8723,8004,1,25827,12373,11401,1.0,20:49,2015,2016
2015-16,101108,Chris Paul,Chris,1610612746,LAC,LA Clippers,21500186,2015-11-20T00:00:00,LAC @ POR,L,28.5,2.0,0.0,2.0,2.0,12.0,13.0,3.0,28.0,0.0,0.0,3.0,1.0,26.4,1,13074,13074,13074,8818,6026,10158,4675,12984,20178,23668,7328,5824,8004,1,17641,12373,7672,1.0,28:31,2015,2016
2015-16,203079,Dion Waiters,Dion,1610612760,OKC,Oklahoma City Thunder,21500183,2015-11-20T00:00:00,OKC vs. NYK,L,30.0,0.0,0.0,3.0,10.0,12.0,8.0,8.0,12.0,0.0,0.0,0.0,4.0,27.3,1,13074,13074,13074,7507,12059,10158,3302,1840,20178,17345,17194,18637,8004,1,1,2748,7236,1.0,30:02,2015,2016
2015-16,201586,Serge Ibaka,Serge,1610612760,OKC,Oklahoma City Thunder,21500183,2015-11-20T00:00:00,OKC vs. NYK,L,29.6,4.0,4.0,0.0,6.0,10.0,9.0,8.0,12.0,0.0,1.0,1.0,0.0,12.1,1,13074,13074,13074,7891,2460,1596,9917,5299,17370,19144,17194,18637,8004,17214,4972,18762,17639,1.0,29:35,2015,2016
2015-16,2440,Matt Barnes,Matt,1610612763,MEM,Memphis Grizzlies,21500180,2015-11-20T00:00:00,MEM vs. HOU,W,33.7,0.0,0.0,4.0,8.0,8.0,4.0,20.0,26.0,0.0,0.0,2.0,3.0,31.4,1,1,1,1,4629,12059,10158,1913,3109,13914,8458,25599,7214,8004,1,11390,4736,5218,1.0,33:39,2015,2016
2015-16,1626144,Emmanuel Mudiay,Emmanuel,1610612743,DEN,Denver Nuggets,21500185,2015-11-20T00:00:00,DEN vs. PHX,L,29.1,3.0,3.0,4.0,14.0,8.0,9.0,16.0,26.0,1.0,0.0,2.0,5.0,43.1,1,13074,13074,13074,8315,4307,3104,1913,542,13914,19144,24641,7214,2692,1,11390,1539,1713,1.0,29:04,2015,2016
2015-16,1626170,Jerian Grant,Jerian,1610612752,NYK,New York Knicks,21500183,2015-11-20T00:00:00,NYK @ OKC,W,13.0,1.0,0.0,1.0,0.0,6.0,9.0,0.0,12.0,0.0,0.0,0.0,1.0,11.8,1,1,1,1,20974,11535,10158,9347,18861,10028,19144,1,18637,8004,1,1,12373,17832,1.0,13:00,2015,2016
2015-16,201937,Ricky Rubio,Ricky,1610612750,MIN,Minnesota Timberwolves,21500181,2015-11-20T00:00:00,MIN vs. DET,L,30.4,0.0,0.0,2.0,4.0,8.0,2.0,10.0,36.0,0.0,1.0,4.0,4.0,20.7,1,13074,13074,13074,7154,12059,10158,4675,8599,13914,3734,20169,1943,8004,17214,22104,2748,11252,1.0,30:26,2015,2016
2015-16,203092,Tyler Zeller,Tyler,1610612738,BOS,Boston Celtics,21500179,2015-11-20T00:00:00,BOS vs. BKN,W,9.4,0.0,4.0,0.0,6.0,8.0,4.0,0.0,8.0,0.0,0.0,0.0,0.0,12.3,1,1,1,1,22657,12059,1596,9917,5299,13914,8458,1,21543,8004,1,1,18762,17524,1.0,9:26,2015,2016
2015-16,201977,Marcus Thornton,Marcus,1610612745,HOU,Houston Rockets,21500180,2015-11-20T00:00:00,HOU @ MEM,L,21.7,0.0,0.0,0.0,2.0,17.0,4.0,13.0,26.0,0.0,1.0,2.0,0.0,11.6,1,13074,13074,13074,14424,12059,10158,9917,12984,24337,8458,23048,7214,8004,17214,11390,18762,17970,1.0,21:43,2015,2016
2015-16,201935,James Harden,James,1610612745,HOU,Houston Rockets,21500180,2015-11-20T00:00:00,HOU @ MEM,L,35.6,2.0,0.0,2.0,10.0,21.0,2.0,19.0,26.0,2.0,0.0,1.0,7.0,42.7,1,13074,13074,13074,3061,6026,10158,4675,1840,25535,3734,25435,7214,932,1,4972,469,1800,1.0,35:36,2015,2016
2015-16,203999,Nikola Jokić,Nikola,1610612743,DEN,Denver Nuggets,21500185,2015-11-20T00:00:00,DEN vs. PHX,L,17.9,2.0,0.0,0.0,2.0,2.0,10.0,8.0,18.0,0.0,1.0,3.0,3.0,15.3,1,13074,13074,13074,17632,6026,10158,9917,12984,2619,20509,17194,13577,8004,17214,17641,4736,15150,1.0,17:51,2015,2016
2015-16,203081,Damian Lillard,Damian,1610612757,POR,Portland Trail Blazers,21500186,2015-11-20T00:00:00,POR vs. LAC,W,38.1,5.0,7.0,0.0,8.0,8.0,11.0,4.0,32.0,0.0,0.0,1.0,5.0,41.3,1,1,1,1,1462,1603,292,9917,3109,13914,21814,8806,3535,8004,1,4972,1539,2074,1.0,38:07,2015,2016
2015-16,201569,Eric Gordon,Eric,1610612740,NOP,New Orleans Pelicans,21500182,2015-11-20T00:00:00,NOP vs. SAS,W,34.9,5.0,0.0,2.0,4.0,4.0,2.0,6.0,18.0,0.0,2.0,0.0,6.0,20.2,1,1,1,1,3616,1603,10158,4675,8599,6141,3734,13388,13577,8004,23588,1,873,11610,1.0,34:54,2015,2016
2015-16,202397,Ish Smith,Ish,1610612740,NOP,New Orleans Pelicans,21500182,2015-11-20T00:00:00,NOP vs. SAS,W,30.9,0.0,2.0,0.0,10.0,4.0,2.0,4.0,18.0,0.0,1.0,3.0,1.0,39.3,1,1,1,1,6803,12059,4731,9917,1840,6141,3734,8806,13577,8004,17214,17641,12373,2563,1.0,30:54,2015,2016
2015-16,201988,Patty Mills,Patty,1610612759,SAS,San Antonio Spurs,21500182,2015-11-20T00:00:00,SAS @ NOP,L,22.0,0.0,0.0,0.0,0.0,13.0,4.0,2.0,22.0,1.0,0.0,1.0,3.0,22.7,1,13074,13074,13074,14199,12059,10158,9917,18861,21300,8458,4025,10265,2692,1,4972,4736,9938,1.0,21:58,2015,2016
2015-16,202720,Jon Leuer,Jon,1610612756,PHX,Phoenix Suns,21500185,2015-11-20T00:00:00,PHX @ DEN,W,21.3,0.0,0.0,0.0,0.0,9.0,4.0,6.0,22.0,0.0,0.0,6.0,1.0,17.0,1,1,1,1,14833,12059,10158,9917,18861,15771,8458,13388,10265,8004,1,25827,12373,13855,1.0,21:15,2015,2016
2015-16,201568,Danilo Gallinari,Danilo,1610612743,DEN,Denver Nuggets,21500185,2015-11-20T00:00:00,DEN vs. PHX,L,38.6,5.0,0.0,5.0,4.0,8.0,13.0,16.0,32.0,2.0,2.0,2.0,9.0,38.0,1,13074,13074,13074,1213,1603,10158,1277,8599,13914,23668,24641,3535,932,23588,11390,138,2903,1.0,38:37,2015,2016
2015-16,101135,David Lee,David,1610612738,BOS,Boston Celtics,21500179,2015-11-20T00:00:00,BOS vs. BKN,W,17.0,0.0,0.0,0.0,10.0,6.0,6.0,4.0,14.0,1.0,0.0,3.0,1.0,22.1,1,1,1,1,18307,12059,10158,9917,1840,10028,13237,8806,17019,2692,1,17641,12373,10332,1.0,16:57,2015,2016
2015-16,101106,Andrew Bogut,Andrew,1610612744,GSW,Golden State Warriors,21500187,2015-11-20T00:00:00,GSW vs. CHI,W,18.4,0.0,2.0,0.0,2.0,9.0,9.0,2.0,22.0,3.0,0.0,4.0,1.0,21.8,1,1,1,1,17200,12059,4731,9917,12984,15771,19144,4025,10265,347,1,22104,12373,10526,1.0,18:23,2015,2016
2015-16,202702,Kenneth Faried,Kenneth,1610612743,DEN,Denver Nuggets,21500185,2015-11-20T00:00:00,DEN vs. PHX,L,24.8,0.0,0.0,0.0,4.0,8.0,5.0,16.0,24.0,0.0,0.0,3.0,3.0,13.9,1,13074,13074,13074,11878,12059,10158,9917,8599,13914,11469,24641,8723,8004,1,17641,4736,16232,1.0,24:45,2015,2016
2015-16,2730,Dwight Howard,Dwight,1610612745,HOU,Houston Rockets,21500180,2015-11-20T00:00:00,HOU @ MEM,L,35.6,2.0,2.0,2.0,8.0,23.0,4.0,19.0,30.0,2.0,0.0,3.0,10.0,37.5,1,13074,13074,13074,3061,6026,4731,4675,3109,25803,8458,25435,4541,932,1,17641,76,3050,1.0,35:36,2015,2016
2015-16,2200,Pau Gasol,Pau,1610612741,CHI,Chicago Bulls,21500187,2015-11-20T00:00:00,CHI @ GSW,L,26.7,0.0,2.0,0.0,6.0,6.0,5.0,9.0,24.0,1.0,0.0,3.0,3.0,37.5,1,13074,13074,13074,10317,12059,4731,9917,5299,10028,11469,18829,8723,2692,1,17641,4736,3050,1.0,26:40,2015,2016
2015-16,2754,Tony Allen,Tony,1610612763,MEM,Memphis Grizzlies,21500180,2015-11-20T00:00:00,MEM vs. HOU,W,14.6,2.0,0.0,1.0,2.0,2.0,0.0,5.0,12.0,0.0,2.0,4.0,2.0,17.6,1,1,1,1,20026,6026,10158,9347,12984,2619,1,11593,18637,8004,23588,22104,7786,13443,1.0,14:37,2015,2016
2015-16,203083,Andre Drummond,Andre,1610612765,DET,Detroit Pistons,21500181,2015-11-20T00:00:00,DET @ MIN,W,29.1,2.0,2.0,5.0,20.0,5.0,5.0,4.0,28.0,1.0,1.0,5.0,3.0,39.2,1,1,1,1,8328,6026,4731,1277,59,8403,11469,8806,5824,2692,17214,24686,4736,2590,1.0,29:03,2015,2016
2015-16,101181,Jose Calderon,Jose,1610612752,NYK,New York Knicks,21500183,2015-11-20T00:00:00,NYK @ OKC,W,29.8,2.0,4.0,0.0,2.0,13.0,14.0,12.0,36.0,0.0,0.0,0.0,0.0,32.3,1,1,1,1,7723,6026,1596,9917,12984,21300,24300,22259,1943,8004,1,1,18762,4807,1.0,29:48,2015,2016
2015-16,101127,Jarrett Jack,Jarrett,1610612751,BKN,Brooklyn Nets,21500179,2015-11-20T00:00:00,BKN @ BOS,L,23.9,0.0,2.0,2.0,2.0,16.0,0.0,15.0,34.0,0.0,0.0,1.0,2.0,13.9,1,13074,13074,13074,12618,12059,4731,4675,12984,23774,1,24242,2701,8004,1,4972,7786,16232,1.0,23:57,2015,2016
2015-16,101150,Lou Williams,Lou,1610612747,LAL,Los Angeles Lakers,21500188,2015-11-20T00:00:00,LAL vs. TOR,L,15.9,0.0,0.0,0.0,2.0,12.0,6.0,3.0,12.0,1.0,1.0,0.0,1.0,17.5,1,13074,13074,13074,19118,12059,10158,9917,12984,20178,13237,7328,18637,2692,17214,1,12373,13528,1.0,15:54,2015,2016
2015-16,201945,Gerald Henderson,Gerald,1610612757,POR,Portland Trail Blazers,21500186,2015-11-20T00:00:00,POR vs. LAC,W,25.5,1.0,0.0,1.0,0.0,4.0,8.0,2.0,22.0,0.0,1.0,0.0,4.0,13.7,1,1,1,1,11293,11535,10158,9347,18861,6141,17345,4025,10265,8004,17214,1,2748,16393,1.0,25:30,2015,2016
2015-16,200746,LaMarcus Aldridge,LaMarcus,1610612759,SAS,San Antonio Spurs,21500182,2015-11-20T00:00:00,SAS @ NOP,L,31.9,0.0,4.0,2.0,10.0,5.0,0.0,3.0,34.0,1.0,1.0,2.0,2.0,39.2,1,13074,13074,13074,5947,12059,1596,4675,1840,8403,1,7328,2701,2692,17214,11390,7786,2590,1.0,31:56,2015,2016
2015-16,202703,Nikola Mirotic,Nikola,1610612741,CHI,Chicago Bulls,21500187,2015-11-20T00:00:00,CHI @ GSW,L,36.0,8.0,2.0,0.0,6.0,6.0,11.0,13.0,28.0,0.0,1.0,3.0,3.0,39.5,1,13074,13074,13074,2796,308,4731,9917,5299,10028,21814,23048,5824,8004,17214,17641,4736,2497,1.0,35:57,2015,2016
2015-16,203499,Shane Larkin,Shane,1610612751,BKN,Brooklyn Nets,21500179,2015-11-20T00:00:00,BKN @ BOS,L,29.7,4.0,0.0,0.0,2.0,7.0,6.0,5.0,38.0,0.0,0.0,0.0,1.0,28.1,1,13074,13074,13074,7827,2460,10158,9917,12984,12242,13237,11593,1422,8004,1,1,12373,6818,1.0,29:41,2015,2016
2015-16,1717,Dirk Nowitzki,Dirk,1610612742,DAL,Dallas Mavericks,21500184,2015-11-20T00:00:00,DAL vs. UTA,W,32.0,0.0,3.0,3.0,2.0,4.0,10.0,12.0,30.0,3.0,0.0,4.0,2.0,37.8,1,1,1,1,5878,12059,3104,3302,12984,6141,20509,22259,4541,347,1,22104,7786,2956,1.0,32:01,2015,2016
2015-16,2772,Trevor Ariza,Trevor,1610612745,HOU,Houston Rockets,21500180,2015-11-20T00:00:00,HOU @ MEM,L,35.4,2.0,2.0,6.0,8.0,23.0,2.0,19.0,28.0,1.0,0.0,5.0,4.0,33.3,1,13074,13074,13074,3249,6026,4731,740,3109,25803,3734,25435,5824,2692,1,24686,2748,4423,1.0,35:22,2015,2016
2015-16,201960,DeMarre Carroll,DeMarre,1610612761,TOR,Toronto Raptors,21500188,2015-11-20T00:00:00,TOR @ LAL,W,34.0,6.0,2.0,6.0,6.0,12.0,11.0,14.0,32.0,0.0,1.0,2.0,1.0,28.4,1,1,1,1,4380,878,4731,740,5299,20178,21814,23710,3535,8004,17214,11390,12373,6663,1.0,33:58,2015,2016
2015-16,203115,Will Barton,Will,1610612743,DEN,Denver Nuggets,21500185,2015-11-20T00:00:00,DEN vs. PHX,L,25.5,8.0,0.0,7.0,8.0,4.0,16.0,5.0,16.0,0.0,1.0,2.0,4.0,27.8,1,13074,13074,13074,11280,308,10158,454,3109,6141,25155,11593,15259,8004,17214,11390,2748,6950,1.0,25:31,2015,2016
2015-16,202339,Eric Bledsoe,Eric,1610612756,PHX,Phoenix Suns,21500185,2015-11-20T00:00:00,PHX @ DEN,W,37.5,6.0,0.0,8.0,12.0,10.0,7.0,14.0,44.0,1.0,1.0,2.0,1.0,32.7,1,1,1,1,1786,878,10158,280,988,17370,15642,23710,454,2692,17214,11390,12373,4649,1.0,37:27,2015,2016
2015-16,203382,Aron Baynes,Aron,1610612765,DET,Detroit Pistons,21500181,2015-11-20T00:00:00,DET @ MIN,W,18.8,2.0,6.0,0.0,4.0,6.0,4.0,2.0,12.0,2.0,0.0,3.0,1.0,28.7,1,1,1,1,16905,6026,481,9917,8599,10028,8458,4025,18637,932,1,17641,12373,6514,1.0,18:45,2015,2016
2015-16,202689,Kemba Walker,Kemba,1610612766,CHA,Charlotte Hornets,21500178,2015-11-20T00:00:00,CHA vs. PHI,W,34.9,6.0,2.0,0.0,8.0,5.0,10.0,4.0,28.0,0.0,0.0,1.0,3.0,39.9,1,1,1,1,3623,878,4731,9917,3109,8403,20509,8806,5824,8004,1,4972,4736,2396,1.0,34:53,2015,2016
2015-16,203497,Rudy Gobert,Rudy,1610612762,UTA,Utah Jazz,21500184,2015-11-20T00:00:00,UTA @ DAL,L,36.0,0.0,4.0,0.0,4.0,8.0,9.0,7.0,36.0,1.0,1.0,3.0,4.0,31.9,1,13074,13074,13074,2786,12059,1596,9917,8599,13914,19144,15538,1943,2692,17214,17641,2748,4984,1.0,35:58,2015,2016
2015-16,201596,Mario Chalmers,Mario,1610612763,MEM,Memphis Grizzlies,21500180,2015-11-20T00:00:00,MEM vs. HOU,W,16.5,0.0,2.0,2.0,4.0,2.0,0.0,8.0,14.0,0.0,2.0,5.0,4.0,22.3,1,1,1,1,18640,12059,4731,4675,8599,2619,1,17194,17019,8004,23588,24686,2748,10208,1.0,16:31,2015,2016
2015-16,202738,Isaiah Thomas,Isaiah,1610612738,BOS,Boston Celtics,21500179,2015-11-20T00:00:00,BOS vs. BKN,W,27.9,3.0,2.0,3.0,6.0,3.0,4.0,6.0,16.0,0.0,0.0,0.0,2.0,32.7,1,1,1,1,9341,4307,4731,3302,5299,5109,8458,13388,15259,8004,1,1,7786,4649,1.0,27:51,2015,2016
2015-16,202734,E'Twaun Moore,E'Twaun,1610612741,CHI,Chicago Bulls,21500187,2015-11-20T00:00:00,CHI @ GSW,L,24.3,0.0,2.0,0.0,2.0,6.0,10.0,9.0,18.0,0.0,0.0,2.0,2.0,17.0,1,13074,13074,13074,12346,12059,4731,9917,12984,10028,20509,18829,13577,8004,1,11390,7786,13855,1.0,24:16,2015,2016
2015-16,202498,Lance Thomas,Lance,1610612752,NYK,New York Knicks,21500183,2015-11-20T00:00:00,NYK @ OKC,W,19.5,2.0,2.0,2.0,2.0,6.0,9.0,3.0,18.0,0.0,0.0,0.0,1.0,17.1,1,1,1,1,16291,6026,4731,4675,12984,10028,19144,7328,13577,8004,1,1,12373,13791,1.0,19:32,2015,2016
2015-16,101179,Ronnie Price,Ronnie,1610612756,PHX,Phoenix Suns,21500185,2015-11-20T00:00:00,PHX @ DEN,W,20.1,0.0,0.0,0.0,0.0,14.0,3.0,10.0,22.0,1.0,0.0,2.0,2.0,16.9,1,1,1,1,15834,12059,10158,9917,18861,22292,7138,20169,10265,2692,1,11390,7786,13911,1.0,20:06,2015,2016
2015-16,1626178,Rondae Hollis-Jefferson,Rondae,1610612751,BKN,Brooklyn Nets,21500179,2015-11-20T00:00:00,BKN @ BOS,L,31.4,3.0,2.0,0.0,6.0,16.0,4.0,17.0,42.0,0.0,0.0,2.0,3.0,33.2,1,13074,13074,13074,6401,4307,4731,9917,5299,23774,8458,24967,670,8004,1,11390,4736,4462,1.0,31:23,2015,2016
2015-16,204456,T.J. McConnell,T.J.,1610612755,PHI,Philadelphia 76ers,21500178,2015-11-20T00:00:00,PHI @ CHA,L,27.1,0.0,0.0,2.0,2.0,13.0,2.0,6.0,20.0,0.0,1.0,2.0,1.0,24.4,1,13074,13074,13074,9897,12059,10158,4675,12984,21300,3734,13388,11929,8004,17214,11390,12373,8867,1.0,27:08,2015,2016
2015-16,202688,Brandon Knight,Brandon,1610612756,PHX,Phoenix Suns,21500185,2015-11-20T00:00:00,PHX @ DEN,W,36.3,2.0,6.0,4.0,6.0,12.0,7.0,16.0,42.0,1.0,1.0,1.0,5.0,64.2,1,1,1,1,2534,6026,481,1913,5299,20178,15642,24641,670,2692,17214,4972,1539,101,1.0,36:19,2015,2016
2015-16,203110,Draymond Green,Draymond,1610612744,GSW,Golden State Warriors,21500187,2015-11-20T00:00:00,GSW vs. CHI,W,35.1,0.0,2.0,2.0,6.0,11.0,11.0,5.0,30.0,0.0,0.0,0.0,4.0,24.3,1,1,1,1,3440,12059,4731,4675,5299,18886,21814,11593,4541,8004,1,1,2748,8939,1.0,35:08,2015,2016
2015-16,201188,Marc Gasol,Marc,1610612763,MEM,Memphis Grizzlies,21500180,2015-11-20T00:00:00,MEM vs. HOU,W,37.4,2.0,2.0,0.0,10.0,6.0,2.0,14.0,26.0,0.0,1.0,2.0,6.0,55.7,1,1,1,1,1797,6026,4731,9917,1840,10028,3734,23710,7214,8004,17214,11390,873,365,1.0,37:26,2015,2016
2015-16,2744,Al Jefferson,Al,1610612766,CHA,Charlotte Hornets,21500178,2015-11-20T00:00:00,CHA vs. PHI,W,30.7,6.0,2.0,0.0,14.0,5.0,10.0,4.0,24.0,5.0,1.0,5.0,3.0,58.0,1,1,1,1,6970,878,4731,9917,542,8403,20509,8806,8723,59,17214,24686,4736,267,1.0,30:40,2015,2016
2015-16,202710,Jimmy Butler III,Jimmy,1610612741,CHI,Chicago Bulls,21500187,2015-11-20T00:00:00,CHI @ GSW,L,38.8,4.0,3.0,0.0,12.0,9.0,15.0,15.0,36.0,0.0,1.0,1.0,4.0,57.3,1,13074,13074,13074,1137,2460,3104,9917,988,15771,24781,24242,1943,8004,17214,4972,2748,301,1.0,38:50,2015,2016
2015-16,203076,Anthony Davis,Anthony,1610612740,NOP,New Orleans Pelicans,21500182,2015-11-20T00:00:00,NOP vs. SAS,W,39.2,2.0,0.0,0.0,12.0,2.0,4.0,4.0,20.0,2.0,2.0,2.0,4.0,51.1,1,1,1,1,989,6026,10158,9917,988,2619,8458,8806,11929,932,23588,11390,2748,645,1.0,39:12,2015,2016
2015-16,201149,Joakim Noah,Joakim,1610612741,CHI,Chicago Bulls,21500187,2015-11-20T00:00:00,CHI @ GSW,L,17.2,0.0,0.0,0.0,0.0,6.0,10.0,5.0,16.0,0.0,1.0,2.0,0.0,7.4,1,13074,13074,13074,18112,12059,10158,9917,18861,10028,20509,11593,15259,8004,17214,11390,18762,20912,1.0,17:13,2015,2016
2015-16,201566,Russell Westbrook,Russell,1610612760,OKC,Oklahoma City Thunder,21500183,2015-11-20T00:00:00,OKC vs. NYK,L,37.6,9.0,4.0,9.0,14.0,15.0,9.0,8.0,14.0,1.0,0.0,4.0,6.0,64.9,1,13074,13074,13074,1690,171,1596,184,542,23079,19144,17194,17019,2692,1,22104,873,91,1.0,37:37,2015,2016
2015-16,202694,Marcus Morris Sr.,Marcus,1610612765,DET,Detroit Pistons,21500181,2015-11-20T00:00:00,DET @ MIN,W,35.8,2.0,0.0,4.0,2.0,5.0,5.0,2.0,32.0,1.0,1.0,4.0,3.0,35.2,1,1,1,1,2868,6026,10158,1913,12984,8403,11469,4025,3535,2692,17214,22104,4736,3745,1.0,35:50,2015,2016
2015-16,203917,Nik Stauskas,Nik,1610612755,PHI,Philadelphia 76ers,21500178,2015-11-20T00:00:00,PHI @ CHA,L,31.7,2.0,6.0,0.0,0.0,11.0,4.0,6.0,22.0,1.0,1.0,0.0,1.0,24.9,1,13074,13074,13074,6142,6026,481,9917,18861,18886,8458,13388,10265,2692,17214,1,12373,8553,1.0,31:42,2015,2016
2015-16,203944,Julius Randle,Julius,1610612747,LAL,Los Angeles Lakers,21500188,2015-11-20T00:00:00,LAL vs. TOR,L,30.0,0.0,2.0,6.0,12.0,4.0,5.0,3.0,16.0,1.0,0.0,5.0,6.0,35.9,1,13074,13074,13074,7571,12059,4731,740,988,6141,11469,7328,15259,2692,1,24686,873,3505,1.0,29:58,2015,2016
2015-16,201144,Mike Conley,Mike,1610612763,MEM,Memphis Grizzlies,21500180,2015-11-20T00:00:00,MEM vs. HOU,W,33.9,12.0,0.0,9.0,10.0,6.0,4.0,14.0,30.0,0.0,1.0,5.0,3.0,44.1,1,1,1,1,4396,27,10158,184,1840,10028,8458,23710,4541,8004,17214,24686,4736,1542,1.0,33:56,2015,2016
2015-16,202323,Evan Turner,Evan,1610612738,BOS,Boston Celtics,21500179,2015-11-20T00:00:00,BOS vs. BKN,W,25.6,2.0,0.0,2.0,8.0,14.0,10.0,2.0,24.0,1.0,0.0,0.0,3.0,29.5,1,1,1,1,11194,6026,10158,4675,3109,22292,20509,4025,8723,2692,1,1,4736,6103,1.0,25:37,2015,2016
2015-16,2546,Carmelo Anthony,Carmelo,1610612752,NYK,New York Knicks,21500183,2015-11-20T00:00:00,NYK @ OKC,W,34.7,4.0,2.0,2.0,6.0,13.0,18.0,12.0,40.0,1.0,0.0,0.0,7.0,35.5,1,1,1,1,3778,2460,4731,4675,5299,21300,25634,22259,983,2692,1,1,469,3657,1.0,34:42,2015,2016
2015-16,1626157,Karl-Anthony Towns,Karl-Anthony,1610612750,MIN,Minnesota Timberwolves,21500181,2015-11-20T00:00:00,MIN vs. DET,L,27.9,2.0,2.0,0.0,10.0,10.0,0.0,14.0,36.0,2.0,0.0,4.0,1.0,43.9,1,13074,13074,13074,9320,6026,4731,9917,1840,17370,1,23710,1943,932,1,22104,12373,1573,1.0,27:53,2015,2016
2015-16,202334,Ed Davis,Ed,1610612757,POR,Portland Trail Blazers,21500186,2015-11-20T00:00:00,POR vs. LAC,W,31.0,2.0,12.0,0.0,14.0,4.0,12.0,2.0,28.0,1.0,0.0,2.0,3.0,36.0,1,1,1,1,6743,6026,6,9917,542,6141,22832,4025,5824,2692,1,11390,4736,3463,1.0,30:58,2015,2016
2015-16,201933,Blake Griffin,Blake,1610612746,LAC,LA Clippers,21500186,2015-11-20T00:00:00,LAC @ POR,L,33.7,4.0,2.0,2.0,12.0,13.0,15.0,4.0,32.0,0.0,0.0,5.0,2.0,36.9,1,13074,13074,13074,4563,2460,4731,4675,988,21300,24781,8806,3535,8004,1,24686,7786,3210,1.0,33:45,2015,2016
2015-16,203924,Jerami Grant,Jerami,1610612755,PHI,Philadelphia 76ers,21500178,2015-11-20T00:00:00,PHI @ CHA,L,24.3,0.0,4.0,0.0,12.0,14.0,4.0,3.0,20.0,1.0,2.0,4.0,5.0,24.5,1,13074,13074,13074,12301,12059,1596,9917,988,22292,8458,7328,11929,2692,23588,22104,1539,8801,1.0,24:18,2015,2016
2015-16,203486,Mason Plumlee,Mason,1610612757,POR,Portland Trail Blazers,21500186,2015-11-20T00:00:00,POR vs. LAC,W,28.7,5.0,2.0,3.0,10.0,8.0,8.0,4.0,22.0,0.0,1.0,3.0,5.0,36.5,1,1,1,1,8689,1603,4731,3302,1840,13914,17345,8806,10265,8004,17214,17641,1539,3326,1.0,28:39,2015,2016
2015-16,101114,Deron Williams,Deron,1610612742,DAL,Dallas Mavericks,21500184,2015-11-20T00:00:00,DAL vs. UTA,W,35.7,2.0,0.0,4.0,4.0,4.0,10.0,8.0,24.0,0.0,1.0,3.0,6.0,48.2,1,1,1,1,3003,6026,10158,1913,8599,6141,20509,17194,8723,8004,17214,17641,873,941,1.0,35:40,2015,2016
2015-16,203952,Andrew Wiggins,Andrew,1610612750,MIN,Minnesota Timberwolves,21500181,2015-11-20T00:00:00,MIN vs. DET,L,36.3,3.0,1.0,0.0,12.0,10.0,4.0,14.0,46.0,0.0,0.0,1.0,7.0,29.5,1,13074,13074,13074,2542,4307,9709,9917,988,17370,8458,23710,298,8004,1,4972,469,6103,1.0,36:19,2015,2016
2015-16,201599,DeAndre Jordan,DeAndre,1610612746,LAC,LA Clippers,21500186,2015-11-20T00:00:00,LAC @ POR,L,34.5,0.0,7.0,0.0,10.0,13.0,17.0,4.0,32.0,2.0,0.0,3.0,4.0,36.5,1,13074,13074,13074,3959,12059,292,9917,1840,21300,25429,8806,3535,932,1,17641,2748,3326,1.0,34:29,2015,2016
2015-16,201939,Stephen Curry,Stephen,1610612744,GSW,Golden State Warriors,21500187,2015-11-20T00:00:00,GSW vs. CHI,W,36.1,2.0,3.0,6.0,10.0,11.0,11.0,5.0,28.0,0.0,0.0,2.0,7.0,45.0,1,1,1,1,2686,6026,3104,740,1840,18886,21814,11593,5824,8004,1,11390,469,1357,1.0,36:05,2015,2016
2015-16,101107,Marvin Williams,Marvin,1610612766,CHA,Charlotte Hornets,21500178,2015-11-20T00:00:00,CHA vs. PHI,W,28.5,0.0,2.0,0.0,2.0,5.0,10.0,2.0,22.0,2.0,2.0,2.0,2.0,29.8,1,1,1,1,8804,12059,4731,9917,12984,8403,20509,4025,10265,932,23588,11390,7786,5948,1.0,28:31,2015,2016
2015-16,1626156,D'Angelo Russell,D'Angelo,1610612747,LAL,Los Angeles Lakers,21500188,2015-11-20T00:00:00,LAL vs. TOR,L,33.6,5.0,3.0,2.0,6.0,9.0,5.0,3.0,16.0,1.0,0.0,3.0,0.0,30.0,1,13074,13074,13074,4668,1603,3104,4675,5299,15771,11469,7328,15259,2692,1,17641,18762,5840,1.0,33:36,2015,2016
2015-16,200768,Kyle Lowry,Kyle,1610612761,TOR,Toronto Raptors,21500188,2015-11-20T00:00:00,TOR @ LAL,W,36.2,5.0,0.0,0.0,0.0,14.0,14.0,12.0,30.0,0.0,1.0,2.0,3.0,46.5,1,1,1,1,2604,1603,10158,9917,18861,22292,24300,22259,4541,8004,17214,11390,4736,1137,1.0,36:13,2015,2016
2015-16,203457,Nerlens Noel,Nerlens,1610612755,PHI,Philadelphia 76ers,21500178,2015-11-20T00:00:00,PHI @ CHA,L,27.0,6.0,0.0,4.0,14.0,15.0,2.0,3.0,20.0,0.0,0.0,3.0,3.0,24.8,1,13074,13074,13074,9996,878,10158,1913,542,23079,3734,7328,11929,8004,1,17641,4736,8614,1.0,27:01,2015,2016
2015-16,202695,Kawhi Leonard,Kawhi,1610612759,SAS,San Antonio Spurs,21500182,2015-11-20T00:00:00,SAS @ NOP,L,36.6,4.0,0.0,2.0,8.0,11.0,2.0,7.0,42.0,1.0,0.0,2.0,3.0,37.0,1,13074,13074,13074,2326,2460,10158,4675,3109,18886,3734,15538,670,2692,1,11390,4736,3182,1.0,36:37,2015,2016
2015-16,2550,Kirk Hinrich,Kirk,1610612741,CHI,Chicago Bulls,21500187,2015-11-20T00:00:00,CHI @ GSW,L,34.4,2.0,0.0,5.0,4.0,6.0,7.0,13.0,30.0,0.0,0.0,6.0,1.0,24.9,1,13074,13074,13074,4026,6026,10158,1277,8599,10028,15642,23048,4541,8004,1,25827,12373,8553,1.0,34:25,2015,2016
2015-16,203109,Jae Crowder,Jae,1610612738,BOS,Boston Celtics,21500179,2015-11-20T00:00:00,BOS vs. BKN,W,28.2,8.0,0.0,9.0,10.0,7.0,6.0,6.0,24.0,0.0,0.0,1.0,0.0,36.0,1,1,1,1,9062,308,10158,184,1840,12242,13237,13388,8723,8004,1,4972,18762,3463,1.0,28:14,2015,2016
2015-16,201145,Jeff Green,Jeff,1610612763,MEM,Memphis Grizzlies,21500180,2015-11-20T00:00:00,MEM vs. HOU,W,28.5,2.0,0.0,2.0,0.0,4.0,4.0,7.0,20.0,1.0,2.0,2.0,3.0,24.7,1,1,1,1,8804,6026,10158,4675,18861,6141,8458,15538,11929,2692,23588,11390,4736,8673,1.0,28:31,2015,2016
2015-16,201583,Ryan Anderson,Ryan,1610612740,NOP,New Orleans Pelicans,21500182,2015-11-20T00:00:00,NOP vs. SAS,W,33.4,2.0,2.0,3.0,6.0,4.0,4.0,2.0,18.0,0.0,0.0,0.0,1.0,36.4,1,1,1,1,4787,6026,4731,3302,5299,6141,8458,4025,13577,8004,1,1,12373,3353,1.0,33:26,2015,2016
2015-16,202329,Al-Farouq Aminu,Al-Farouq,1610612757,POR,Portland Trail Blazers,21500186,2015-11-20T00:00:00,POR vs. LAC,W,34.8,0.0,2.0,0.0,4.0,10.0,10.0,6.0,30.0,2.0,1.0,1.0,1.0,36.9,1,1,1,1,3703,12059,4731,9917,8599,17370,20509,13388,4541,932,17214,4972,12373,3210,1.0,34:47,2015,2016
2015-16,202330,Gordon Hayward,Gordon,1610612762,UTA,Utah Jazz,21500184,2015-11-20T00:00:00,UTA @ DAL,L,38.4,2.0,5.0,2.0,6.0,12.0,11.0,9.0,38.0,0.0,1.0,2.0,5.0,36.4,1,13074,13074,13074,1319,6026,995,4675,5299,20178,21814,18829,1422,8004,17214,11390,1539,3353,1.0,38:24,2015,2016
2015-16,203526,Raul Neto,Raul,1610612762,UTA,Utah Jazz,21500184,2015-11-20T00:00:00,UTA @ DAL,L,15.1,0.0,0.0,2.0,2.0,4.0,3.0,5.0,20.0,0.0,1.0,3.0,1.0,9.9,1,13074,13074,13074,19663,12059,10158,4675,12984,6141,7138,11593,11929,8004,17214,17641,12373,19247,1.0,15:08,2015,2016
2015-16,2564,Boris Diaw,Boris,1610612759,SAS,San Antonio Spurs,21500182,2015-11-20T00:00:00,SAS @ NOP,L,25.0,0.0,0.0,0.0,2.0,10.0,4.0,4.0,28.0,0.0,0.0,1.0,0.0,14.8,1,13074,13074,13074,11698,12059,10158,9917,12984,17370,8458,8806,5824,8004,1,4972,18762,15561,1.0,24:58,2015,2016
2015-16,203496,Robert Covington,Robert,1610612755,PHI,Philadelphia 76ers,21500178,2015-11-20T00:00:00,PHI @ CHA,L,23.2,0.0,2.0,2.0,2.0,13.0,0.0,3.0,18.0,1.0,0.0,5.0,6.0,19.1,1,13074,13074,13074,13180,12059,4731,4675,12984,21300,1,7328,13577,2692,1,24686,873,12372,1.0,23:13,2015,2016
2015-16,201951,Ty Lawson,Ty,1610612745,HOU,Houston Rockets,21500180,2015-11-20T00:00:00,HOU @ MEM,L,16.0,0.0,0.0,6.0,2.0,11.0,4.0,10.0,26.0,1.0,1.0,2.0,3.0,23.2,1,13074,13074,13074,19017,12059,10158,740,12984,18886,8458,20169,7214,2692,17214,11390,4736,9630,1.0,16:01,2015,2016
2015-16,201579,Roy Hibbert,Roy,1610612747,LAL,Los Angeles Lakers,21500188,2015-11-20T00:00:00,LAL vs. TOR,L,26.6,0.0,0.0,0.0,4.0,10.0,3.0,3.0,10.0,1.0,0.0,3.0,2.0,25.1,1,13074,13074,13074,10393,12059,10158,9917,8599,17370,7138,7328,20209,2692,1,17641,7786,8429,1.0,26:34,2015,2016
2015-16,201587,Nicolas Batum,Nicolas,1610612766,CHA,Charlotte Hornets,21500178,2015-11-20T00:00:00,CHA vs. PHI,W,31.8,3.0,0.0,3.0,0.0,6.0,10.0,6.0,26.0,0.0,0.0,2.0,1.0,19.3,1,1,1,1,6048,4307,10158,3302,18861,10028,20509,13388,7214,8004,1,11390,12373,12228,1.0,31:50,2015,2016
2015-16,2733,Shaun Livingston,Shaun,1610612744,GSW,Golden State Warriors,21500187,2015-11-20T00:00:00,GSW vs. CHI,W,12.5,0.0,0.0,2.0,4.0,3.0,0.0,3.0,6.0,0.0,0.0,1.0,0.0,10.1,1,1,1,1,21300,12059,10158,4675,8599,5109,1,7328,22724,8004,1,4972,18762,19105,1.0,12:27,2015,2016
2015-16,1626163,Frank Kaminsky,Frank,1610612766,CHA,Charlotte Hornets,21500178,2015-11-20T00:00:00,CHA vs. PHI,W,19.5,3.0,0.0,0.0,6.0,3.0,4.0,6.0,20.0,2.0,0.0,3.0,1.0,23.1,1,1,1,1,16329,4307,10158,9917,5299,5109,8458,13388,11929,932,1,17641,12373,9699,1.0,19:29,2015,2016
2015-16,203084,Harrison Barnes,Harrison,1610612744,GSW,Golden State Warriors,21500187,2015-11-20T00:00:00,GSW vs. CHI,W,31.8,3.0,0.0,0.0,0.0,9.0,9.0,2.0,26.0,0.0,1.0,0.0,2.0,34.3,1,1,1,1,6061,4307,10158,9917,18861,15771,19144,4025,7214,8004,17214,1,7786,4063,1.0,31:49,2015,2016
2015-16,201950,Jrue Holiday,Jrue,1610612740,NOP,New Orleans Pelicans,21500182,2015-11-20T00:00:00,NOP vs. SAS,W,23.9,0.0,0.0,0.0,4.0,0.0,4.0,2.0,16.0,1.0,2.0,4.0,2.0,25.1,1,1,1,1,12682,12059,10158,9917,8599,1,8458,4025,15259,2692,23588,22104,7786,8429,1.0,23:52,2015,2016
2015-16,202682,Derrick Williams,Derrick,1610612752,NYK,New York Knicks,21500183,2015-11-20T00:00:00,NYK @ OKC,W,15.8,0.0,0.0,0.0,2.0,8.0,9.0,2.0,18.0,0.0,0.0,1.0,2.0,14.6,1,1,1,1,19178,12059,10158,9917,12984,13914,19144,4025,13577,8004,1,4972,7786,15699,1.0,15:49,2015,2016
2015-16,202704,Reggie Jackson,Reggie,1610612765,DET,Detroit Pistons,21500181,2015-11-20T00:00:00,DET @ MIN,W,27.5,2.0,0.0,0.0,12.0,5.0,3.0,2.0,24.0,0.0,0.0,3.0,2.0,34.5,1,1,1,1,9594,6026,10158,9917,988,8403,7138,4025,8723,8004,1,17641,7786,3997,1.0,27:31,2015,2016
2015-16,202691,Klay Thompson,Klay,1610612744,GSW,Golden State Warriors,21500187,2015-11-20T00:00:00,GSW vs. CHI,W,36.0,0.0,3.0,2.0,4.0,14.0,11.0,5.0,28.0,1.0,0.0,3.0,2.0,25.1,1,1,1,1,2748,12059,3104,4675,8599,22292,21814,11593,5824,2692,1,17641,7786,8429,1.0,36:01,2015,2016
2015-16,202683,Enes Freedom,Enes,1610612760,OKC,Oklahoma City Thunder,21500183,2015-11-20T00:00:00,OKC vs. NYK,L,24.8,2.0,7.0,0.0,8.0,10.0,4.0,3.0,8.0,0.0,1.0,0.0,3.0,25.1,1,13074,13074,13074,11828,6026,292,9917,3109,17370,8458,7328,21543,8004,17214,1,4736,8429,1.0,24:48,2015,2016
2015-16,202692,Alec Burks,Alec,1610612762,UTA,Utah Jazz,21500184,2015-11-20T00:00:00,UTA @ DAL,L,30.4,0.0,2.0,6.0,6.0,6.0,8.0,10.0,22.0,1.0,1.0,2.0,5.0,23.0,1,13074,13074,13074,7208,12059,4731,740,5299,10028,17345,20169,10265,2692,17214,11390,1539,9760,1.0,30:22,2015,2016
2015-16,201581,JJ Hickson,JJ,1610612743,DEN,Denver Nuggets,21500185,2015-11-20T00:00:00,DEN vs. PHX,L,14.4,0.0,2.0,2.0,8.0,2.0,6.0,0.0,6.0,1.0,1.0,1.0,1.0,22.9,1,13074,13074,13074,20147,12059,4731,4675,3109,2619,13237,1,22724,2692,17214,4972,12373,9811,1.0,14:26,2015,2016
2015-16,202335,Patrick Patterson,Patrick,1610612761,TOR,Toronto Raptors,21500188,2015-11-20T00:00:00,TOR @ LAL,W,26.1,0.0,4.0,0.0,4.0,10.0,6.0,4.0,16.0,0.0,0.0,2.0,0.0,22.9,1,1,1,1,10774,12059,1596,9917,8599,17370,13237,8806,15259,8004,1,11390,18762,9811,1.0,26:05,2015,2016
2015-16,201572,Brook Lopez,Brook,1610612751,BKN,Brooklyn Nets,21500179,2015-11-20T00:00:00,BKN @ BOS,L,26.9,0.0,4.0,0.0,8.0,15.0,2.0,14.0,38.0,0.0,0.0,1.0,5.0,23.4,1,13074,13074,13074,10099,12059,1596,9917,3109,23079,3734,23710,1422,8004,1,4972,1539,9501,1.0,26:54,2015,2016
2015-16,201167,Arron Afflalo,Arron,1610612752,NYK,New York Knicks,21500183,2015-11-20T00:00:00,NYK @ OKC,W,29.3,2.0,0.0,2.0,0.0,11.0,12.0,10.0,30.0,0.0,2.0,5.0,0.0,14.9,1,1,1,1,8167,6026,10158,4675,18861,18886,22832,20169,4541,8004,23588,24686,18762,15463,1.0,29:15,2015,2016
2015-16,201942,DeMar DeRozan,DeMar,1610612761,TOR,Toronto Raptors,21500188,2015-11-20T00:00:00,TOR @ LAL,W,33.7,3.0,2.0,0.0,8.0,14.0,11.0,12.0,32.0,0.0,1.0,2.0,6.0,25.8,1,1,1,1,4583,4307,4731,9917,3109,22292,21814,22259,3535,8004,17214,11390,873,8022,1.0,33:43,2015,2016
2015-16,200782,P.J. Tucker,P.J.,1610612756,PHX,Phoenix Suns,21500185,2015-11-20T00:00:00,PHX @ DEN,W,24.9,0.0,4.0,2.0,2.0,8.0,8.0,10.0,26.0,0.0,1.0,3.0,6.0,14.8,1,1,1,1,11734,12059,1596,4675,12984,13914,17345,20169,7214,8004,17214,17641,873,15561,1.0,24:55,2015,2016
2015-16,201156,Nick Young,Nick,1610612747,LAL,Los Angeles Lakers,21500188,2015-11-20T00:00:00,LAL vs. TOR,L,14.4,3.0,2.0,0.0,2.0,12.0,6.0,3.0,12.0,0.0,0.0,1.0,0.0,10.0,1,13074,13074,13074,20163,4307,4731,9917,12984,20178,13237,7328,18637,8004,1,4972,18762,19178,1.0,14:24,2015,2016
2015-16,977,Kobe Bryant,Kobe,1610612747,LAL,Los Angeles Lakers,21500188,2015-11-20T00:00:00,LAL vs. TOR,L,37.1,2.0,0.0,4.0,2.0,13.0,9.0,6.0,20.0,0.0,1.0,2.0,1.0,25.3,1,13074,13074,13074,2038,6026,10158,1913,12984,21300,19144,13388,11929,8004,17214,11390,12373,8340,1.0,37:04,2015,2016
2015-16,203105,Festus Ezeli,Festus,1610612744,GSW,Golden State Warriors,21500187,2015-11-20T00:00:00,GSW vs. CHI,W,23.4,2.0,3.0,0.0,6.0,6.0,2.0,6.0,12.0,2.0,0.0,3.0,1.0,25.3,1,1,1,1,13052,6026,3104,9917,5299,10028,3734,13388,18637,932,1,17641,12373,8340,1.0,23:23,2015,2016
2015-16,2561,David West,David,1610612759,SAS,San Antonio Spurs,21500182,2015-11-20T00:00:00,SAS @ NOP,L,11.2,0.0,0.0,0.0,2.0,8.0,4.0,2.0,4.0,1.0,0.0,2.0,2.0,10.4,1,13074,13074,13074,21955,12059,10158,9917,12984,13914,8458,4025,23698,2692,1,11390,7786,18859,1.0,11:10,2015,2016
2015-16,203903,Jordan Clarkson,Jordan,1610612747,LAL,Los Angeles Lakers,21500188,2015-11-20T00:00:00,LAL vs. TOR,L,32.1,4.0,3.0,2.0,8.0,9.0,5.0,3.0,16.0,0.0,1.0,1.0,1.0,23.3,1,13074,13074,13074,5802,2460,3104,4675,3109,15771,11469,7328,15259,8004,17214,4972,12373,9567,1.0,32:06,2015,2016
2015-16,101141,Ersan Ilyasova,Ersan,1610612765,DET,Detroit Pistons,21500181,2015-11-20T00:00:00,DET @ MIN,W,19.5,0.0,0.0,0.0,2.0,1.0,3.0,2.0,14.0,1.0,1.0,2.0,4.0,14.2,1,1,1,1,16340,12059,10158,9917,12984,2356,7138,4025,17019,2692,17214,11390,2748,16003,1.0,19:28,2015,2016
2015-16,201152,Thaddeus Young,Thaddeus,1610612751,BKN,Brooklyn Nets,21500179,2015-11-20T00:00:00,BKN @ BOS,L,28.8,6.0,2.0,4.0,14.0,21.0,0.0,18.0,34.0,0.0,1.0,1.0,1.0,33.5,1,13074,13074,13074,8534,878,4731,1913,542,25535,1,25228,2701,8004,17214,4972,12373,4348,1.0,28:48,2015,2016
2015-16,2749,Jameer Nelson,Jameer,1610612743,DEN,Denver Nuggets,21500185,2015-11-20T00:00:00,DEN vs. PHX,L,24.2,0.0,0.0,0.0,0.0,0.0,12.0,3.0,12.0,0.0,0.0,2.0,0.0,14.9,1,13074,13074,13074,12411,12059,10158,9917,18861,1,22832,7328,18637,8004,1,11390,18762,15463,1.0,24:10,2015,2016
2015-16,2449,Luis Scola,Luis,1610612761,TOR,Toronto Raptors,21500188,2015-11-20T00:00:00,TOR @ LAL,W,24.8,0.0,3.0,0.0,6.0,14.0,11.0,12.0,26.0,1.0,0.0,3.0,1.0,19.5,1,1,1,1,11811,12059,3104,9917,5299,22292,21814,22259,7214,2692,1,17641,12373,12096,1.0,24:49,2015,2016
2015-16,101138,Brandon Bass,Brandon,1610612747,LAL,Los Angeles Lakers,21500188,2015-11-20T00:00:00,LAL vs. TOR,L,15.4,0.0,0.0,0.0,4.0,11.0,6.0,3.0,12.0,0.0,0.0,0.0,2.0,15.0,1,13074,13074,13074,19465,12059,10158,9917,8599,18886,13237,7328,18637,8004,1,1,7786,15404,1.0,15:26,2015,2016
2015-16,1495,Tim Duncan,Tim,1610612759,SAS,San Antonio Spurs,21500182,2015-11-20T00:00:00,SAS @ NOP,L,19.2,0.0,0.0,0.0,2.0,0.0,0.0,5.0,20.0,1.0,0.0,2.0,1.0,15.0,1,13074,13074,13074,16540,12059,10158,9917,12984,1,1,11593,11929,2692,1,11390,12373,15404,1.0,19:11,2015,2016
2015-16,204038,Langston Galloway,Langston,1610612752,NYK,New York Knicks,21500183,2015-11-20T00:00:00,NYK @ OKC,W,19.5,3.0,0.0,0.0,0.0,8.0,13.0,2.0,22.0,0.0,0.0,3.0,0.0,23.4,1,1,1,1,16294,4307,10158,9917,18861,13914,23668,4025,10265,8004,1,17641,18762,9501,1.0,19:32,2015,2016
2015-16,202325,Wesley Johnson,Wesley,1610612746,LAC,LA Clippers,21500186,2015-11-20T00:00:00,LAC @ POR,L,22.0,0.0,0.0,0.0,0.0,6.0,14.0,0.0,28.0,0.0,0.0,1.0,0.0,10.1,1,13074,13074,13074,14142,12059,10158,9917,18861,10028,24300,1,5824,8004,1,4972,18762,19105,1.0,22:02,2015,2016
2015-16,201571,D.J. Augustin,D.J.,1610612760,OKC,Oklahoma City Thunder,21500183,2015-11-20T00:00:00,OKC vs. NYK,L,13.1,0.0,0.0,0.0,2.0,1.0,2.0,1.0,2.0,0.0,1.0,1.0,2.0,1.0,1,13074,13074,13074,20934,12059,10158,9917,12984,2356,3734,3646,24614,8004,17214,4972,7786,24960,1.0,13:04,2015,2016
2015-16,203937,Kyle Anderson,Kyle,1610612759,SAS,San Antonio Spurs,21500182,2015-11-20T00:00:00,SAS @ NOP,L,7.3,0.0,0.0,0.0,0.0,0.0,2.0,3.0,6.0,2.0,0.0,0.0,1.0,10.9,1,13074,13074,13074,23458,12059,10158,9917,18861,1,3734,7328,22724,932,1,1,12373,18498,1.0,7:19,2015,2016
2015-16,202338,Kevin Seraphin,Kevin,1610612752,NYK,New York Knicks,21500183,2015-11-20T00:00:00,NYK @ OKC,W,11.2,0.0,0.0,0.0,0.0,2.0,7.0,0.0,14.0,0.0,1.0,5.0,0.0,6.0,1,1,1,1,21966,12059,10158,9917,18861,2619,15642,1,17019,8004,17214,24686,18762,21878,1.0,11:09,2015,2016
2015-16,203613,Jonathon Simmons,Jonathon,1610612759,SAS,San Antonio Spurs,21500182,2015-11-20T00:00:00,SAS @ NOP,L,3.0,0.0,0.0,0.0,0.0,0.0,2.0,0.0,2.0,0.0,0.0,0.0,0.0,1.2,1,13074,13074,13074,25129,12059,10158,9917,18861,1,3734,1,24614,8004,1,1,18762,24661,1.0,2:59,2015,2016
2015-16,201150,Spencer Hawes,Spencer,1610612766,CHA,Charlotte Hornets,21500178,2015-11-20T00:00:00,CHA vs. PHI,W,14.9,2.0,0.0,0.0,0.0,3.0,4.0,4.0,18.0,0.0,0.0,3.0,1.0,11.0,1,1,1,1,19854,6026,10158,9917,18861,5109,8458,8806,13577,8004,1,17641,12373,18430,1.0,14:52,2015,2016
2015-16,1626246,Boban Marjanović,Boban,1610612759,SAS,San Antonio Spurs,21500182,2015-11-20T00:00:00,SAS @ NOP,L,3.0,0.0,0.0,0.0,0.0,0.0,2.0,0.0,2.0,0.0,0.0,1.0,0.0,1.0,1,13074,13074,13074,25129,12059,10158,9917,18861,1,3734,1,24614,8004,1,4972,18762,24960,1.0,2:59,2015,2016
2015-16,202362,Lance Stephenson,Lance,1610612746,LAC,LA Clippers,21500186,2015-11-20T00:00:00,LAC @ POR,L,18.8,0.0,0.0,0.0,2.0,5.0,11.0,0.0,16.0,1.0,1.0,1.0,3.0,6.5,1,13074,13074,13074,16905,12059,10158,9917,12984,8403,21814,1,15259,2692,17214,4972,4736,21519,1.0,18:45,2015,2016
2015-16,201949,James Johnson,James,1610612761,TOR,Toronto Raptors,21500188,2015-11-20T00:00:00,TOR @ LAL,W,15.2,0.0,0.0,0.0,2.0,3.0,3.0,2.0,10.0,1.0,0.0,1.0,0.0,10.8,1,1,1,1,19608,12059,10158,9917,12984,5109,7138,4025,20209,2692,1,4972,18762,18579,1.0,15:13,2015,2016
2015-16,708,Kevin Garnett,Kevin,1610612750,MIN,Minnesota Timberwolves,21500181,2015-11-20T00:00:00,MIN vs. DET,L,13.7,0.0,0.0,0.0,0.0,2.0,0.0,1.0,16.0,0.0,0.0,2.0,1.0,10.8,1,13074,13074,13074,20614,12059,10158,9917,18861,2619,1,3646,15259,8004,1,11390,12373,18579,1.0,13:39,2015,2016
2015-16,1626151,Aaron Harrison,Aaron,1610612766,CHA,Charlotte Hornets,21500178,2015-11-20T00:00:00,CHA vs. PHI,W,2.4,0.0,0.0,0.0,0.0,0.0,0.0,0.0,0.0,0.0,0.0,0.0,1.0,1.2,1,1,1,1,25388,12059,10158,9917,18861,1,1,1,25429,8004,1,1,12373,24661,1.0,2:22,2015,2016
2015-16,1626164,Devin Booker,Devin,1610612756,PHX,Phoenix Suns,21500185,2015-11-20T00:00:00,PHX @ DEN,W,9.6,0.0,0.0,0.0,0.0,6.0,2.0,2.0,6.0,0.0,0.0,2.0,0.0,1.7,1,1,1,1,22583,12059,10158,9917,18861,10028,3734,4025,22724,8004,1,11390,18762,24436,1.0,9:37,2015,2016
2015-16,204014,Damjan Rudez,Damjan,1610612750,MIN,Minnesota Timberwolves,21500181,2015-11-20T00:00:00,MIN vs. DET,L,6.5,0.0,0.0,0.0,0.0,2.0,2.0,0.0,6.0,0.0,0.0,0.0,0.0,1.2,1,13074,13074,13074,23758,12059,10158,9917,18861,2619,3734,1,22724,8004,1,1,18762,24661,1.0,6:28,2015,2016
2015-16,202713,Kyle Singler,Kyle,1610612760,OKC,Oklahoma City Thunder,21500183,2015-11-20T00:00:00,OKC vs. NYK,L,14.4,0.0,0.0,0.0,0.0,3.0,0.0,0.0,2.0,0.0,0.0,2.0,2.0,6.4,1,13074,13074,13074,20176,12059,10158,9917,18861,5109,1,1,24614,8004,1,11390,7786,21589,1.0,14:23,2015,2016
2015-16,203516,James Ennis III,James,1610612763,MEM,Memphis Grizzlies,21500180,2015-11-20T00:00:00,MEM vs. HOU,W,1.2,0.0,0.0,0.0,0.0,0.0,0.0,0.0,0.0,0.0,0.0,0.0,0.0,1.2,1,1,1,1,25791,12059,10158,9917,18861,1,1,1,25429,8004,1,1,18762,24661,1.0,1:13,2015,2016
2015-16,201601,Luc Mbah a Moute,Luc,1610612746,LAC,LA Clippers,21500186,2015-11-20T00:00:00,LAC @ POR,L,10.5,0.0,0.0,0.0,2.0,4.0,8.0,0.0,12.0,0.0,1.0,2.0,0.0,5.8,1,13074,13074,13074,22240,12059,10158,9917,12984,6141,17345,1,18637,8004,17214,11390,18762,22018,1.0,10:29,2015,2016
2015-16,2199,Tyson Chandler,Tyson,1610612756,PHX,Phoenix Suns,21500185,2015-11-20T00:00:00,PHX @ DEN,W,18.2,0.0,0.0,2.0,2.0,5.0,5.0,8.0,16.0,0.0,0.0,4.0,1.0,5.8,1,1,1,1,17354,12059,10158,4675,12984,8403,11469,17194,15259,8004,1,22104,12373,22018,1.0,18:12,2015,2016
2015-16,203124,Kyle O'Quinn,Kyle,1610612752,NYK,New York Knicks,21500183,2015-11-20T00:00:00,NYK @ OKC,W,3.9,0.0,0.0,0.0,0.0,2.0,2.0,0.0,2.0,0.0,0.0,1.0,0.0,1.5,1,1,1,1,24734,12059,10158,9917,18861,2619,3734,1,24614,8004,1,4972,18762,24473,1.0,3:55,2015,2016
2015-16,201962,Toney Douglas,Toney,1610612740,NOP,New Orleans Pelicans,21500182,2015-11-20T00:00:00,NOP vs. SAS,W,12.2,0.0,0.0,0.0,0.0,0.0,2.0,0.0,6.0,0.0,1.0,0.0,0.0,6.3,1,1,1,1,21426,12059,10158,9917,18861,1,3734,1,22724,8004,17214,1,18762,21682,1.0,12:12,2015,2016
2015-16,203459,Allen Crabbe,Allen,1610612757,POR,Portland Trail Blazers,21500186,2015-11-20T00:00:00,POR vs. LAC,W,21.9,0.0,0.0,0.0,0.0,4.0,6.0,4.0,20.0,0.0,0.0,6.0,0.0,5.5,1,1,1,1,14258,12059,10158,9917,18861,6141,13237,8806,11929,8004,1,25827,18762,22196,1.0,21:54,2015,2016
2015-16,201229,Anthony Tolliver,Anthony,1610612765,DET,Detroit Pistons,21500181,2015-11-20T00:00:00,DET @ MIN,W,20.1,0.0,0.0,0.0,0.0,6.0,4.0,4.0,14.0,0.0,0.0,2.0,1.0,5.4,1,1,1,1,15865,12059,10158,9917,18861,10028,8458,8806,17019,8004,1,11390,12373,22242,1.0,20:04,2015,2016
2015-16,1626204,Larry Nance Jr.,Larry,1610612747,LAL,Los Angeles Lakers,21500188,2015-11-20T00:00:00,LAL vs. TOR,L,18.4,0.0,0.0,0.0,0.0,18.0,6.0,3.0,12.0,0.0,0.0,1.0,0.0,5.4,1,13074,13074,13074,17141,12059,10158,9917,18861,24749,13237,7328,18637,8004,1,4972,18762,22242,1.0,18:27,2015,2016
2015-16,2419,Tayshaun Prince,Tayshaun,1610612750,MIN,Minnesota Timberwolves,21500181,2015-11-20T00:00:00,MIN vs. DET,L,21.1,0.0,0.0,0.0,0.0,4.0,2.0,5.0,22.0,1.0,0.0,0.0,1.0,5.9,1,13074,13074,13074,14996,12059,10158,9917,18861,6141,3734,11593,10265,2692,1,1,12373,21953,1.0,21:04,2015,2016
2015-16,2734,Devin Harris,Devin,1610612742,DAL,Dallas Mavericks,21500184,2015-11-20T00:00:00,DAL vs. UTA,W,17.1,2.0,0.0,2.0,2.0,4.0,8.0,8.0,16.0,0.0,0.0,1.0,2.0,10.7,1,1,1,1,18176,6026,10158,4675,12984,6141,17345,17194,15259,8004,1,4972,7786,18636,1.0,17:08,2015,2016
2015-16,203909,KJ McDaniels,KJ,1610612745,HOU,Houston Rockets,21500180,2015-11-20T00:00:00,HOU @ MEM,L,14.6,0.0,0.0,2.0,0.0,4.0,0.0,4.0,4.0,0.0,1.0,1.0,1.0,11.0,1,13074,13074,13074,20061,12059,10158,4675,18861,6141,1,8806,23698,8004,17214,4972,12373,18430,1.0,14:34,2015,2016
2015-16,201946,Tyler Hansbrough,Tyler,1610612766,CHA,Charlotte Hornets,21500178,2015-11-20T00:00:00,CHA vs. PHI,W,2.5,0.0,0.0,0.0,2.0,0.0,0.0,0.0,0.0,0.0,1.0,0.0,0.0,10.7,1,1,1,1,25345,12059,10158,9917,12984,1,1,1,25429,8004,17214,1,18762,18636,1.0,2:28,2015,2016
2015-16,203090,Maurice Harkless,Maurice,1610612757,POR,Portland Trail Blazers,21500186,2015-11-20T00:00:00,POR vs. LAC,W,7.5,0.0,0.0,0.0,0.0,0.0,3.0,0.0,4.0,0.0,0.0,0.0,0.0,1.2,1,1,1,1,23393,12059,10158,9917,18861,1,7138,1,23698,8004,1,1,18762,24661,1.0,7:29,2015,2016
2015-16,203897,Zach LaVine,Zach,1610612750,MIN,Minnesota Timberwolves,21500181,2015-11-20T00:00:00,MIN vs. DET,L,26.2,2.0,2.0,0.0,6.0,8.0,8.0,9.0,30.0,1.0,1.0,2.0,2.0,21.6,1,13074,13074,13074,10706,6026,4731,9917,5299,13914,17345,18829,4541,2692,17214,11390,7786,10666,1.0,26:11,2015,2016
2015-16,204001,Kristaps Porziņģis,Kristaps,1610612752,NYK,New York Knicks,21500183,2015-11-20T00:00:00,NYK @ OKC,W,25.9,2.0,0.0,2.0,2.0,11.0,14.0,7.0,28.0,1.0,0.0,1.0,3.0,18.2,1,1,1,1,10886,6026,10158,4675,12984,18886,24300,15538,5824,2692,1,4972,4736,13004,1.0,25:57,2015,2016
2015-16,2738,Andre Iguodala,Andre,1610612744,GSW,Golden State Warriors,21500187,2015-11-20T00:00:00,GSW vs. CHI,W,28.6,2.0,2.0,3.0,6.0,13.0,2.0,6.0,12.0,0.0,0.0,1.0,1.0,21.5,1,1,1,1,8733,6026,4731,3302,5299,21300,3734,13388,18637,8004,1,4972,12373,10755,1.0,28:36,2015,2016
2015-16,1626169,Stanley Johnson,Stanley,1610612765,DET,Detroit Pistons,21500181,2015-11-20T00:00:00,DET @ MIN,W,24.4,2.0,2.0,3.0,6.0,10.0,6.0,4.0,20.0,0.0,0.0,0.0,0.0,17.9,1,1,1,1,12256,6026,4731,3302,5299,17370,13237,8806,11929,8004,1,1,18762,13229,1.0,24:22,2015,2016
2015-16,201577,Robin Lopez,Robin,1610612752,NYK,New York Knicks,21500183,2015-11-20T00:00:00,NYK @ OKC,W,32.9,0.0,3.0,0.0,2.0,15.0,16.0,12.0,36.0,3.0,1.0,4.0,5.0,21.4,1,1,1,1,5183,12059,3104,9917,12984,23079,25155,22259,1943,347,17214,22104,1539,10807,1.0,32:56,2015,2016
2015-16,2755,Kevin Martin,Kevin,1610612750,MIN,Minnesota Timberwolves,21500181,2015-11-20T00:00:00,MIN vs. DET,L,21.6,2.0,0.0,2.0,2.0,8.0,8.0,7.0,24.0,0.0,1.0,1.0,3.0,17.9,1,13074,13074,13074,14527,6026,10158,4675,12984,13914,17345,15538,8723,8004,17214,4972,4736,13229,1.0,21:36,2015,2016
2015-16,203915,Spencer Dinwiddie,Spencer,1610612765,DET,Detroit Pistons,21500181,2015-11-20T00:00:00,DET @ MIN,W,20.5,0.0,0.0,0.0,4.0,6.0,6.0,4.0,16.0,0.0,0.0,2.0,4.0,13.2,1,1,1,1,15494,12059,10158,9917,8599,10028,13237,8806,15259,8004,1,11390,2748,16768,1.0,20:29,2015,2016
2015-16,202391,Jeremy Lin,Jeremy,1610612766,CHA,Charlotte Hornets,21500178,2015-11-20T00:00:00,CHA vs. PHI,W,29.3,5.0,0.0,0.0,4.0,4.0,12.0,4.0,30.0,1.0,1.0,1.0,2.0,18.6,1,1,1,1,8133,1603,10158,9917,8599,6141,22832,8806,4541,2692,17214,4972,7786,12715,1.0,29:17,2015,2016
2015-16,1713,Vince Carter,Vince,1610612763,MEM,Memphis Grizzlies,21500180,2015-11-20T00:00:00,MEM vs. HOU,W,17.7,3.0,0.0,0.0,0.0,4.0,0.0,11.0,8.0,2.0,0.0,3.0,0.0,18.6,1,1,1,1,17723,4307,10158,9917,18861,6141,1,21342,21543,932,1,17641,18762,12715,1.0,17:44,2015,2016
2015-16,201600,Omer Asik,Omer,1610612740,NOP,New Orleans Pelicans,21500182,2015-11-20T00:00:00,NOP vs. SAS,W,11.9,0.0,0.0,0.0,0.0,0.0,0.0,4.0,10.0,0.0,0.0,2.0,1.0,8.4,1,1,1,1,21653,12059,10158,9917,18861,1,1,8806,20209,8004,1,11390,12373,20273,1.0,11:52,2015,2016
2015-16,1626174,Christian Wood,Christian,1610612755,PHI,Philadelphia 76ers,21500178,2015-11-20T00:00:00,PHI @ CHA,L,4.1,0.0,0.0,0.0,0.0,4.0,2.0,0.0,8.0,1.0,1.0,0.0,0.0,3.0,1,13074,13074,13074,24686,12059,10158,9917,18861,6141,3734,1,21543,2692,17214,1,18762,23648,1.0,4:04,2015,2016
2015-16,201584,Courtney Lee,Courtney,1610612763,MEM,Memphis Grizzlies,21500180,2015-11-20T00:00:00,MEM vs. HOU,W,32.0,6.0,0.0,4.0,4.0,6.0,4.0,15.0,24.0,1.0,0.0,3.0,0.0,16.3,1,1,1,1,5899,878,10158,1913,8599,10028,8458,24242,8723,2692,1,17641,18762,14372,1.0,31:59,2015,2016
2015-16,203508,Sergey Karasev,Sergey,1610612751,BKN,Brooklyn Nets,21500179,2015-11-20T00:00:00,BKN @ BOS,L,24.1,0.0,0.0,0.0,0.0,5.0,6.0,5.0,34.0,0.0,0.0,3.0,1.0,8.5,1,13074,13074,13074,12505,12059,10158,9917,18861,8403,13237,11593,2701,8004,1,17641,12373,20215,1.0,24:03,2015,2016
2015-16,101161,Amir Johnson,Amir,1610612738,BOS,Boston Celtics,21500179,2015-11-20T00:00:00,BOS vs. BKN,W,20.5,0.0,0.0,2.0,8.0,3.0,6.0,4.0,16.0,2.0,0.0,1.0,1.0,21.4,1,1,1,1,15510,12059,10158,4675,3109,5109,13237,8806,15259,932,1,4972,12373,10807,1.0,20:28,2015,2016
2015-16,203080,Thomas Robinson,Thomas,1610612751,BKN,Brooklyn Nets,21500179,2015-11-20T00:00:00,BKN @ BOS,L,17.0,2.0,2.0,2.0,4.0,4.0,4.0,6.0,24.0,0.0,1.0,2.0,2.0,13.2,1,13074,13074,13074,18297,6026,4731,4675,8599,6141,8458,13388,8723,8004,17214,11390,7786,16768,1.0,16:58,2015,2016
2015-16,203093,Terrence Jones,Terrence,1610612745,HOU,Houston Rockets,21500180,2015-11-20T00:00:00,HOU @ MEM,L,28.8,2.0,0.0,2.0,6.0,11.0,0.0,10.0,18.0,0.0,0.0,2.0,2.0,18.3,1,13074,13074,13074,8589,6026,10158,4675,5299,18886,1,20169,13577,8004,1,11390,7786,12952,1.0,28:45,2015,2016
2015-16,203515,Phil Pressey,Phil,1610612755,PHI,Philadelphia 76ers,21500178,2015-11-20T00:00:00,PHI @ CHA,L,9.6,0.0,0.0,0.0,0.0,9.0,0.0,0.0,10.0,0.0,0.0,0.0,0.0,3.0,1,13074,13074,13074,22607,12059,10158,9917,18861,15771,1,1,20209,8004,1,1,18762,23648,1.0,9:33,2015,2016
2015-16,203476,Gorgui Dieng,Gorgui,1610612750,MIN,Minnesota Timberwolves,21500181,2015-11-20T00:00:00,MIN vs. DET,L,19.9,0.0,2.0,0.0,4.0,4.0,10.0,0.0,18.0,0.0,1.0,3.0,2.0,16.8,1,13074,13074,13074,15981,12059,4731,9917,8599,6141,20509,1,13577,8004,17214,17641,7786,13996,1.0,19:55,2015,2016
2015-16,202083,Wesley Matthews,Wesley,1610612742,DAL,Dallas Mavericks,21500184,2015-11-20T00:00:00,DAL vs. UTA,W,32.1,0.0,2.0,0.0,6.0,2.0,14.0,8.0,32.0,1.0,0.0,2.0,1.0,12.7,1,1,1,1,5785,12059,4731,9917,5299,2619,24300,17194,3535,2692,1,11390,12373,17201,1.0,32:07,2015,2016
2015-16,2746,Josh Smith,Josh,1610612746,LAC,LA Clippers,21500186,2015-11-20T00:00:00,LAC @ POR,L,17.1,0.0,0.0,0.0,2.0,4.0,10.0,0.0,20.0,2.0,0.0,4.0,0.0,21.6,1,13074,13074,13074,18230,12059,10158,9917,12984,6141,20509,1,11929,932,1,22104,18762,10666,1.0,17:03,2015,2016
2015-16,203498,Shabazz Muhammad,Shabazz,1610612750,MIN,Minnesota Timberwolves,21500181,2015-11-20T00:00:00,MIN vs. DET,L,17.2,0.0,0.0,0.0,0.0,6.0,6.0,2.0,16.0,0.0,1.0,1.0,0.0,2.6,1,13074,13074,13074,18110,12059,10158,9917,18861,10028,13237,4025,15259,8004,17214,4972,18762,23982,1.0,17:13,2015,2016
2015-16,202693,Markieff Morris,Markieff,1610612756,PHX,Phoenix Suns,21500185,2015-11-20T00:00:00,PHX @ DEN,W,20.8,0.0,2.0,0.0,6.0,8.0,2.0,9.0,18.0,1.0,0.0,1.0,2.0,18.0,1,1,1,1,15257,12059,4731,9917,5299,13914,3734,18829,13577,2692,1,4972,7786,13164,1.0,20:46,2015,2016
2015-16,203546,Ian Clark,Ian,1610612744,GSW,Golden State Warriors,21500187,2015-11-20T00:00:00,GSW vs. CHI,W,2.7,0.0,0.0,0.0,0.0,3.0,0.0,0.0,4.0,0.0,0.0,1.0,0.0,2.7,1,1,1,1,25260,12059,10158,9917,18861,5109,1,1,23698,8004,1,4972,18762,23884,1.0,2:40,2015,2016
2015-16,203500,Steven Adams,Steven,1610612760,OKC,Oklahoma City Thunder,21500183,2015-11-20T00:00:00,OKC vs. NYK,L,21.3,0.0,2.0,0.0,2.0,8.0,9.0,6.0,10.0,1.0,2.0,3.0,2.0,16.6,1,13074,13074,13074,14801,12059,4731,9917,12984,13914,19144,13388,20209,2692,23588,17641,7786,14125,1.0,21:17,2015,2016
2015-16,1626143,Jahlil Okafor,Jahlil,1610612755,PHI,Philadelphia 76ers,21500178,2015-11-20T00:00:00,PHI @ CHA,L,29.9,0.0,0.0,0.0,8.0,13.0,4.0,6.0,22.0,0.0,4.0,0.0,2.0,18.4,1,13074,13074,13074,7636,12059,10158,9917,3109,21300,8458,13388,10265,8004,25926,1,7786,12854,1.0,29:53,2015,2016
2015-16,203991,Clint Capela,Clint,1610612745,HOU,Houston Rockets,21500180,2015-11-20T00:00:00,HOU @ MEM,L,12.4,0.0,0.0,0.0,0.0,7.0,0.0,6.0,12.0,1.0,0.0,0.0,2.0,12.4,1,13074,13074,13074,21340,12059,10158,9917,18861,12242,1,13388,18637,2692,1,1,7786,17418,1.0,12:24,2015,2016
2015-16,201589,Darrell Arthur,Darrell,1610612743,DEN,Denver Nuggets,21500185,2015-11-20T00:00:00,DEN vs. PHX,L,18.7,0.0,2.0,0.0,4.0,0.0,5.0,0.0,8.0,0.0,1.0,2.0,0.0,13.1,1,13074,13074,13074,16946,12059,4731,9917,8599,1,11469,1,21543,8004,17214,11390,18762,16874,1.0,18:42,2015,2016
2015-16,203933,T.J. Warren,T.J.,1610612756,PHX,Phoenix Suns,21500185,2015-11-20T00:00:00,PHX @ DEN,W,11.1,0.0,0.0,0.0,0.0,8.0,0.0,8.0,16.0,0.0,0.0,1.0,1.0,3.0,1,1,1,1,22000,12059,10158,9917,18861,13914,1,17194,15259,8004,1,4972,12373,23648,1.0,11:05,2015,2016
2015-16,2555,Nick Collison,Nick,1610612760,OKC,Oklahoma City Thunder,21500183,2015-11-20T00:00:00,OKC vs. NYK,L,20.3,2.0,6.0,0.0,6.0,4.0,0.0,1.0,2.0,1.0,0.0,3.0,1.0,20.9,1,13074,13074,13074,15617,6026,481,9917,5299,6141,1,3646,24614,2692,1,17641,12373,11132,1.0,20:20,2015,2016
2015-16,203210,JaMychal Green,JaMychal,1610612763,MEM,Memphis Grizzlies,21500180,2015-11-20T00:00:00,MEM vs. HOU,W,23.0,3.0,0.0,3.0,4.0,2.0,2.0,6.0,20.0,0.0,1.0,4.0,2.0,8.5,1,1,1,1,13369,4307,10158,3302,8599,2619,3734,13388,11929,8004,17214,22104,7786,20215,1.0,23:00,2015,2016
2015-16,202718,Chandler Parsons,Chandler,1610612742,DAL,Dallas Mavericks,21500184,2015-11-20T00:00:00,DAL vs. UTA,W,22.2,2.0,0.0,3.0,6.0,2.0,3.0,6.0,12.0,0.0,0.0,2.0,1.0,12.4,1,1,1,1,14035,6026,10158,3302,5299,2619,7138,13388,18637,8004,1,11390,12373,17418,1.0,22:10,2015,2016
2015-16,202087,Alonzo Gee,Alonzo,1610612740,NOP,New Orleans Pelicans,21500182,2015-11-20T00:00:00,NOP vs. SAS,W,17.9,2.0,0.0,2.0,4.0,0.0,0.0,4.0,10.0,0.0,0.0,2.0,0.0,8.2,1,1,1,1,17617,6026,10158,4675,8599,1,1,8806,20209,8004,1,11390,18762,20416,1.0,17:52,2015,2016
2015-16,200755,JJ Redick,JJ,1610612746,LAC,LA Clippers,21500186,2015-11-20T00:00:00,LAC @ POR,L,25.9,2.0,2.0,0.0,0.0,11.0,11.0,4.0,20.0,0.0,0.0,3.0,2.0,16.2,1,13074,13074,13074,10951,6026,4731,9917,18861,18886,21814,8806,11929,8004,1,17641,7786,14436,1.0,25:53,2015,2016
2015-16,201961,Wayne Ellington,Wayne,1610612751,BKN,Brooklyn Nets,21500179,2015-11-20T00:00:00,BKN @ BOS,L,3.1,0.0,0.0,0.0,0.0,0.0,0.0,0.0,8.0,0.0,0.0,0.0,0.0,3.0,1,13074,13074,13074,25082,12059,10158,9917,18861,1,1,1,21543,8004,1,1,18762,23648,1.0,3:07,2015,2016
2015-16,203492,Ray McCallum,Ray,1610612759,SAS,San Antonio Spurs,21500182,2015-11-20T00:00:00,SAS @ NOP,L,6.6,0.0,0.0,0.0,0.0,0.0,2.0,0.0,4.0,0.0,1.0,1.0,0.0,2.4,1,13074,13074,13074,23716,12059,10158,9917,18861,1,3734,1,23698,8004,17214,4972,18762,24024,1.0,6:35,2015,2016
2015-16,203914,Gary Harris,Gary,1610612743,DEN,Denver Nuggets,21500185,2015-11-20T00:00:00,DEN vs. PHX,L,28.1,2.0,2.0,4.0,10.0,8.0,7.0,13.0,26.0,0.0,1.0,2.0,1.0,21.4,1,13074,13074,13074,9158,6026,4731,1913,1840,13914,15642,23048,7214,8004,17214,11390,12373,10807,1.0,28:06,2015,2016
2015-16,201980,Danny Green,Danny,1610612759,SAS,San Antonio Spurs,21500182,2015-11-20T00:00:00,SAS @ NOP,L,32.5,0.0,0.0,0.0,0.0,5.0,2.0,2.0,30.0,1.0,0.0,1.0,1.0,21.1,1,13074,13074,13074,5470,12059,10158,9917,18861,8403,3734,4025,4541,2692,1,4972,12373,11012,1.0,32:32,2015,2016
2015-16,202711,Bojan Bogdanović,Bojan,1610612751,BKN,Brooklyn Nets,21500179,2015-11-20T00:00:00,BKN @ BOS,L,16.6,0.0,0.0,0.0,0.0,5.0,2.0,3.0,26.0,0.0,1.0,1.0,2.0,8.2,1,13074,13074,13074,18557,12059,10158,9917,18861,8403,3734,7328,7214,8004,17214,4972,7786,20416,1.0,16:37,2015,2016
2015-16,203935,Marcus Smart,Marcus,1610612738,BOS,Boston Celtics,21500179,2015-11-20T00:00:00,BOS vs. BKN,W,21.1,0.0,0.0,0.0,2.0,4.0,4.0,8.0,16.0,0.0,0.0,5.0,2.0,16.4,1,1,1,1,15007,12059,10158,9917,12984,6141,8458,17194,15259,8004,1,24686,7786,14289,1.0,21:04,2015,2016
2015-16,203484,Kentavious Caldwell-Pope,Kentavious,1610612765,DET,Detroit Pistons,21500181,2015-11-20T00:00:00,DET @ MIN,W,38.2,4.0,0.0,2.0,4.0,5.0,5.0,2.0,34.0,0.0,1.0,1.0,1.0,16.2,1,1,1,1,1430,2460,10158,4675,8599,8403,11469,4025,2701,8004,17214,4972,12373,14436,1.0,38:11,2015,2016
2015-16,1891,Jason Terry,Jason,1610612745,HOU,Houston Rockets,21500180,2015-11-20T00:00:00,HOU @ MEM,L,21.2,0.0,0.0,0.0,0.0,17.0,0.0,15.0,14.0,1.0,1.0,4.0,0.0,8.1,1,13074,13074,13074,14897,12059,10158,9917,18861,24337,1,24242,17019,2692,17214,22104,18762,20521,1.0,21:11,2015,2016
2015-16,1626149,Montrezl Harrell,Montrezl,1610612745,HOU,Houston Rockets,21500180,2015-11-20T00:00:00,HOU @ MEM,L,5.1,0.0,0.0,0.0,0.0,5.0,0.0,2.0,4.0,0.0,0.0,1.0,1.0,-0.8,1,13074,13074,13074,24333,12059,10158,9917,18861,8403,1,4025,23698,8004,1,4972,12373,25914,1.0,5:06,2015,2016
2015-16,203187,Chris Johnson,Chris,1610612762,UTA,Utah Jazz,21500184,2015-11-20T00:00:00,UTA @ DAL,L,1.1,0.0,0.0,0.0,0.0,2.0,0.0,2.0,0.0,0.0,0.0,0.0,0.0,0.0,1,13074,13074,13074,25835,12059,10158,9917,18861,2619,1,4025,25429,8004,1,1,18762,25170,1.0,1:08,2015,2016
2015-16,204025,Tim Frazier,Tim,1610612757,POR,Portland Trail Blazers,21500186,2015-11-20T00:00:00,POR vs. LAC,W,0.5,0.0,0.0,0.0,0.0,0.0,0.0,0.0,0.0,0.0,0.0,0.0,0.0,0.0,1,1,1,1,25978,12059,10158,9917,18861,1,1,1,25429,8004,1,1,18762,25170,1.0,0:29,2015,2016
2015-16,203123,Kostas Papanikolaou,Kostas,1610612743,DEN,Denver Nuggets,21500185,2015-11-20T00:00:00,DEN vs. PHX,L,5.7,0.0,0.0,0.0,0.0,0.0,8.0,0.0,4.0,0.0,0.0,0.0,0.0,0.0,1,13074,13074,13074,24118,12059,10158,9917,18861,1,17345,1,23698,8004,1,1,18762,25170,1.0,5:39,2015,2016
2015-16,203462,Archie Goodwin,Archie,1610612756,PHX,Phoenix Suns,21500185,2015-11-20T00:00:00,PHX @ DEN,W,5.2,0.0,0.0,0.0,0.0,8.0,0.0,6.0,8.0,0.0,1.0,0.0,0.0,0.0,1,1,1,1,24297,12059,10158,9917,18861,13914,1,13388,21543,8004,17214,1,18762,25170,1.0,5:11,2015,2016
2015-16,203940,Adreian Payne,Adreian,1610612750,MIN,Minnesota Timberwolves,21500181,2015-11-20T00:00:00,MIN vs. DET,L,19.3,2.0,2.0,2.0,2.0,8.0,8.0,8.0,20.0,0.0,0.0,1.0,2.0,4.6,1,13074,13074,13074,16480,6026,4731,4675,12984,13914,17345,17194,11929,8004,1,4972,7786,22734,1.0,19:16,2015,2016
2015-16,203584,Troy Daniels,Troy,1610612766,CHA,Charlotte Hornets,21500178,2015-11-20T00:00:00,CHA vs. PHI,W,2.4,0.0,0.0,0.0,0.0,0.0,0.0,0.0,0.0,0.0,0.0,0.0,0.0,0.0,1,1,1,1,25388,12059,10158,9917,18861,1,1,1,25429,8004,1,1,18762,25170,1.0,2:22,2015,2016
2015-16,203148,Brian Roberts,Brian,1610612766,CHA,Charlotte Hornets,21500178,2015-11-20T00:00:00,CHA vs. PHI,W,13.1,2.0,0.0,0.0,2.0,3.0,4.0,4.0,14.0,0.0,0.0,1.0,0.0,6.5,1,1,1,1,20910,6026,10158,9917,12984,5109,8458,8806,17019,8004,1,4972,18762,21519,1.0,13:07,2015,2016
2015-16,2756,Sasha Vujacic,Sasha,1610612752,NYK,New York Knicks,21500183,2015-11-20T00:00:00,NYK @ OKC,W,4.4,0.0,0.0,0.0,0.0,0.0,2.0,0.0,4.0,0.0,0.0,0.0,0.0,-1.0,1,1,1,1,24575,12059,10158,9917,18861,1,3734,1,23698,8004,1,1,18762,25932,1.0,4:25,2015,2016
2015-16,203481,Jeff Withey,Jeff,1610612762,UTA,Utah Jazz,21500184,2015-11-20T00:00:00,UTA @ DAL,L,1.8,0.0,0.0,0.0,0.0,2.0,0.0,3.0,0.0,0.0,0.0,1.0,0.0,0.0,1,13074,13074,13074,25577,12059,10158,9917,18861,2619,1,7328,25429,8004,1,4972,18762,25170,1.0,1:49,2015,2016
2015-16,200745,Andrea Bargnani,Andrea,1610612751,BKN,Brooklyn Nets,21500179,2015-11-20T00:00:00,BKN @ BOS,L,14.7,0.0,2.0,0.0,4.0,2.0,2.0,0.0,24.0,0.0,0.0,1.0,1.0,8.9,1,13074,13074,13074,19960,12059,4731,9917,8599,2619,3734,1,8723,8004,1,4972,12373,19914,1.0,14:42,2015,2016
2015-16,201147,Corey Brewer,Corey,1610612745,HOU,Houston Rockets,21500180,2015-11-20T00:00:00,HOU @ MEM,L,13.7,0.0,0.0,0.0,0.0,11.0,4.0,8.0,22.0,1.0,0.0,2.0,0.0,5.0,1,13074,13074,13074,20589,12059,10158,9917,18861,18886,8458,17194,10265,2692,1,11390,18762,22500,1.0,13:42,2015,2016
2015-16,203493,Reggie Bullock Jr.,Reggie,1610612765,DET,Detroit Pistons,21500181,2015-11-20T00:00:00,DET @ MIN,W,6.3,0.0,0.0,0.0,0.0,6.0,4.0,4.0,6.0,0.0,0.0,1.0,0.0,-1.0,1,1,1,1,23834,12059,10158,9917,18861,10028,8458,8806,22724,8004,1,4972,18762,25932,1.0,6:17,2015,2016
2015-16,202379,Jeremy Evans,Jeremy,1610612742,DAL,Dallas Mavericks,21500184,2015-11-20T00:00:00,DAL vs. UTA,W,0.3,0.0,0.0,0.0,0.0,0.0,0.0,0.0,0.0,0.0,0.0,0.0,0.0,0.0,1,1,1,1,26003,12059,10158,9917,18861,1,1,1,25429,8004,1,1,18762,25170,1.0,0:17,2015,2016
2015-16,201967,Dante Cunningham,Dante,1610612740,NOP,New Orleans Pelicans,21500182,2015-11-20T00:00:00,NOP vs. SAS,W,24.3,0.0,0.0,0.0,4.0,4.0,2.0,2.0,16.0,0.0,0.0,1.0,0.0,9.0,1,1,1,1,12335,12059,10158,9917,8599,6141,3734,4025,15259,8004,1,4972,18762,19835,1.0,24:16,2015,2016
2015-16,203460,Andre Roberson,Andre,1610612760,OKC,Oklahoma City Thunder,21500183,2015-11-20T00:00:00,OKC vs. NYK,L,26.3,0.0,0.0,0.0,2.0,11.0,9.0,7.0,12.0,1.0,0.0,4.0,0.0,8.9,1,13074,13074,13074,10622,12059,10158,9917,12984,18886,19144,15538,18637,2692,1,22104,18762,19914,1.0,26:17,2015,2016
2015-16,203949,James Michael McAdoo,James Michael,1610612744,GSW,Golden State Warriors,21500187,2015-11-20T00:00:00,GSW vs. CHI,W,6.7,0.0,0.0,2.0,2.0,3.0,0.0,3.0,0.0,0.0,0.0,0.0,1.0,4.2,1,1,1,1,23684,12059,10158,4675,12984,5109,1,7328,25429,8004,1,1,12373,22976,1.0,6:41,2015,2016
2015-16,1626168,Trey Lyles,Trey,1610612762,UTA,Utah Jazz,21500184,2015-11-20T00:00:00,UTA @ DAL,L,4.7,0.0,0.0,0.0,0.0,0.0,2.0,0.0,2.0,0.0,0.0,2.0,0.0,0.0,1,13074,13074,13074,24471,12059,10158,9917,18861,1,3734,1,24614,8004,1,11390,18762,25170,1.0,4:41,2015,2016
2015-16,101111,Charlie Villanueva,Charlie,1610612742,DAL,Dallas Mavericks,21500184,2015-11-20T00:00:00,DAL vs. UTA,W,2.9,0.0,0.0,0.0,0.0,0.0,1.0,0.0,0.0,0.0,0.0,0.0,0.0,0.0,1,1,1,1,25163,12059,10158,9917,18861,1,3393,1,25429,8004,1,1,18762,25170,1.0,2:54,2015,2016
2015-16,203893,Russ Smith,Russ,1610612763,MEM,Memphis Grizzlies,21500180,2015-11-20T00:00:00,MEM vs. HOU,W,1.4,0.0,0.0,0.0,0.0,0.0,0.0,0.0,0.0,0.0,0.0,0.0,0.0,0.0,1,1,1,1,25739,12059,10158,9917,18861,1,1,1,25429,8004,1,1,18762,25170,1.0,1:24,2015,2016
2015-16,203900,Markel Brown,Markel,1610612751,BKN,Brooklyn Nets,21500179,2015-11-20T00:00:00,BKN @ BOS,L,5.5,2.0,0.0,0.0,0.0,0.0,4.0,2.0,8.0,0.0,1.0,1.0,1.0,3.5,1,13074,13074,13074,24156,6026,10158,9917,18861,1,8458,4025,21543,8004,17214,4972,12373,23351,1.0,5:31,2015,2016
2015-16,1626154,RJ Hunter,RJ,1610612738,BOS,Boston Celtics,21500179,2015-11-20T00:00:00,BOS vs. BKN,W,6.2,0.0,0.0,0.0,0.0,8.0,4.0,0.0,8.0,0.0,0.0,1.0,0.0,5.0,1,1,1,1,23868,12059,10158,9917,18861,13914,8458,1,21543,8004,1,4972,18762,22500,1.0,6:13,2015,2016
2015-16,2571,Leandro Barbosa,Leandro,1610612744,GSW,Golden State Warriors,21500187,2015-11-20T00:00:00,GSW vs. CHI,W,8.8,3.0,0.0,3.0,0.0,3.0,0.0,3.0,2.0,0.0,1.0,0.0,0.0,4.5,1,1,1,1,22924,4307,10158,3302,18861,5109,1,7328,24614,8004,17214,1,18762,22773,1.0,8:47,2015,2016
2015-16,201973,Jonas Jerebko,Jonas,1610612738,BOS,Boston Celtics,21500179,2015-11-20T00:00:00,BOS vs. BKN,W,18.9,0.0,0.0,0.0,0.0,12.0,6.0,2.0,18.0,0.0,0.0,1.0,2.0,6.9,1,1,1,1,16819,12059,10158,9917,18861,20178,13237,4025,13577,8004,1,4972,7786,21262,1.0,18:51,2015,2016
2015-16,202687,Bismack Biyombo,Bismack,1610612761,TOR,Toronto Raptors,21500188,2015-11-20T00:00:00,TOR @ LAL,W,15.7,0.0,0.0,0.0,0.0,6.0,2.0,2.0,14.0,1.0,0.0,1.0,1.0,8.8,1,1,1,1,19253,12059,10158,9917,18861,10028,3734,4025,17019,2692,1,4972,12373,19994,1.0,15:43,2015,2016
2015-16,200751,Randy Foye,Randy,1610612743,DEN,Denver Nuggets,21500185,2015-11-20T00:00:00,DEN vs. PHX,L,13.2,2.0,0.0,0.0,0.0,0.0,14.0,3.0,8.0,0.0,0.0,3.0,0.0,3.2,1,13074,13074,13074,20894,6026,10158,9917,18861,1,24300,7328,21543,8004,1,17641,18762,23473,1.0,13:09,2015,2016
2015-16,202685,Jonas Valančiūnas,Jonas,1610612761,TOR,Toronto Raptors,21500188,2015-11-20T00:00:00,TOR @ LAL,W,17.6,0.0,0.0,0.0,0.0,4.0,8.0,8.0,18.0,0.0,1.0,0.0,3.0,8.6,1,1,1,1,17824,12059,10158,9917,18861,6141,17345,17194,13577,8004,17214,1,4736,20125,1.0,17:36,2015,2016
2015-16,2037,Jamal Crawford,Jamal,1610612746,LAC,LA Clippers,21500186,2015-11-20T00:00:00,LAC @ POR,L,26.7,0.0,3.0,0.0,2.0,12.0,14.0,4.0,30.0,0.0,0.0,2.0,5.0,21.7,1,13074,13074,13074,10253,12059,3104,9917,12984,20178,24300,8806,4541,8004,1,11390,1539,10592,1.0,26:44,2015,2016
2015-16,203943,Noah Vonleh,Noah,1610612757,POR,Portland Trail Blazers,21500186,2015-11-20T00:00:00,POR vs. LAC,W,17.5,0.0,0.0,0.0,2.0,4.0,3.0,2.0,12.0,0.0,0.0,2.0,2.0,8.6,1,1,1,1,17880,12059,10158,9917,12984,6141,7138,4025,18637,8004,1,11390,7786,20125,1.0,17:31,2015,2016
2015-16,2207,Joe Johnson,Joe,1610612751,BKN,Brooklyn Nets,21500179,2015-11-20T00:00:00,BKN @ BOS,L,18.3,0.0,0.0,0.0,0.0,14.0,0.0,15.0,30.0,0.0,0.0,0.0,0.0,6.9,1,13074,13074,13074,17249,12059,10158,9917,18861,22292,1,24242,4541,8004,1,1,18762,21262,1.0,18:19,2015,2016
2015-16,202344,Trevor Booker,Trevor,1610612762,UTA,Utah Jazz,21500184,2015-11-20T00:00:00,UTA @ DAL,L,14.6,0.0,2.0,0.0,2.0,4.0,4.0,2.0,8.0,0.0,0.0,5.0,0.0,9.4,1,13074,13074,13074,20026,12059,4731,9917,12984,6141,8458,4025,21543,8004,1,24686,18762,19568,1.0,14:37,2015,2016
2015-16,201627,Anthony Morrow,Anthony,1610612760,OKC,Oklahoma City Thunder,21500183,2015-11-20T00:00:00,OKC vs. NYK,L,22.6,2.0,2.0,0.0,2.0,6.0,5.0,3.0,6.0,0.0,0.0,1.0,0.0,8.6,1,13074,13074,13074,13676,6026,4731,9917,12984,10028,11469,7328,22724,8004,1,4972,18762,20125,1.0,22:37,2015,2016
2015-16,203087,Jeremy Lamb,Jeremy,1610612766,CHA,Charlotte Hornets,21500178,2015-11-20T00:00:00,CHA vs. PHI,W,30.2,0.0,0.0,3.0,2.0,6.0,6.0,6.0,28.0,0.0,1.0,3.0,4.0,21.6,1,1,1,1,7399,12059,10158,3302,12984,10028,13237,13388,5824,8004,17214,17641,2748,10666,1.0,30:09,2015,2016
2015-16,203503,Tony Snell,Tony,1610612741,CHI,Chicago Bulls,21500187,2015-11-20T00:00:00,CHI @ GSW,L,28.4,0.0,2.0,0.0,2.0,6.0,9.0,7.0,24.0,0.0,1.0,1.0,0.0,8.6,1,13074,13074,13074,8967,12059,4731,9917,12984,10028,19144,15538,8723,8004,17214,4972,18762,20125,1.0,28:21,2015,2016
2015-16,204060,Joe Ingles,Joe,1610612762,UTA,Utah Jazz,21500184,2015-11-20T00:00:00,UTA @ DAL,L,3.6,0.0,0.0,0.0,0.0,2.0,0.0,0.0,2.0,0.0,0.0,0.0,0.0,0.0,1,13074,13074,13074,24860,12059,10158,9917,18861,2619,1,1,24614,8004,1,1,18762,25170,1.0,3:38,2015,2016
2015-16,203926,Doug McDermott,Doug,1610612741,CHI,Chicago Bulls,21500187,2015-11-20T00:00:00,CHI @ GSW,L,18.2,3.0,0.0,3.0,0.0,9.0,4.0,16.0,12.0,0.0,1.0,0.0,0.0,4.2,1,13074,13074,13074,17386,4307,10158,3302,18861,15771,8458,24641,18637,8004,17214,1,18762,22976,1.0,18:09,2015,2016
2015-16,201959,Taj Gibson,Taj,1610612741,CHI,Chicago Bulls,21500187,2015-11-20T00:00:00,CHI @ GSW,L,16.2,0.0,0.0,0.0,2.0,6.0,4.0,13.0,12.0,1.0,1.0,1.0,2.0,9.2,1,13074,13074,13074,18912,12059,10158,9917,12984,10028,8458,23048,18637,2692,17214,4972,7786,19680,1.0,16:10,2015,2016
2015-16,203082,Terrence Ross,Terrence,1610612761,TOR,Toronto Raptors,21500188,2015-11-20T00:00:00,TOR @ LAL,W,14.0,5.0,0.0,0.0,0.0,3.0,1.0,2.0,8.0,0.0,0.0,2.0,0.0,9.2,1,1,1,1,20389,1603,10158,9917,18861,5109,3393,4025,21543,8004,1,11390,18762,19680,1.0,14:02,2015,2016
2015-16,101109,Raymond Felton,Raymond,1610612742,DAL,Dallas Mavericks,21500184,2015-11-20T00:00:00,DAL vs. UTA,W,15.2,0.0,0.0,0.0,2.0,2.0,5.0,4.0,12.0,0.0,0.0,1.0,1.0,7.0,1,1,1,1,19639,12059,10158,9917,12984,2619,11469,8806,18637,8004,1,4972,12373,21188,1.0,15:10,2015,2016
2015-16,2446,Rasual Butler,Rasual,1610612759,SAS,San Antonio Spurs,21500182,2015-11-20T00:00:00,SAS @ NOP,L,10.0,0.0,0.0,0.0,0.0,8.0,4.0,2.0,4.0,0.0,0.0,1.0,0.0,3.4,1,13074,13074,13074,22441,12059,10158,9917,18861,13914,8458,4025,23698,8004,1,4972,18762,23417,1.0,10:00,2015,2016
2015-16,203960,JaKarr Sampson,JaKarr,1610612755,PHI,Philadelphia 76ers,21500178,2015-11-20T00:00:00,PHI @ CHA,L,13.9,0.0,2.0,0.0,2.0,9.0,4.0,0.0,12.0,0.0,0.0,1.0,1.0,8.6,1,13074,13074,13074,20442,12059,4731,9917,12984,15771,8458,1,18637,8004,1,4972,12373,20125,1.0,13:56,2015,2016
2015-16,1626146,Cliff Alexander,Cliff,1610612757,POR,Portland Trail Blazers,21500186,2015-11-20T00:00:00,POR vs. LAC,W,2.6,0.0,2.0,0.0,2.0,0.0,0.0,0.0,4.0,0.0,1.0,0.0,0.0,4.4,1,1,1,1,25290,12059,4731,9917,12984,1,1,1,23698,8004,17214,1,18762,22837,1.0,2:35,2015,2016
2015-16,1897,Metta World Peace,Metta,1610612747,LAL,Los Angeles Lakers,21500188,2015-11-20T00:00:00,LAL vs. TOR,L,16.5,3.0,4.0,0.0,0.0,7.0,4.0,0.0,14.0,0.0,0.0,2.0,2.0,5.2,1,13074,13074,13074,18639,4307,1596,9917,18861,12242,8458,1,17019,8004,1,11390,7786,22370,1.0,16:31,2015,2016
2015-16,203949,James Michael McAdoo,James Michael,1610612744,GSW,Golden State Warriors,21500177,2015-11-19T00:00:00,GSW @ LAC,W,0.6,0.0,0.0,0.0,0.0,0.0,0.0,0.0,2.0,0.0,0.0,0.0,0.0,0.0,1,1,1,1,25955,12059,10158,9917,18861,1,1,1,24614,8004,1,1,18762,25170,1.0,0:36,2015,2016
2015-16,202389,Timofey Mozgov,Timofey,1610612739,CLE,Cleveland Cavaliers,21500176,2015-11-19T00:00:00,CLE vs. MIL,W,11.3,0.0,0.0,0.0,2.0,7.0,2.0,2.0,12.0,0.0,0.0,2.0,0.0,1.0,1,1,1,1,21921,12059,10158,9917,12984,12242,3734,4025,18637,8004,1,11390,18762,24960,1.0,11:15,2015,2016
2015-16,202349,Greivis Vasquez,Greivis,1610612749,MIL,Milwaukee Bucks,21500176,2015-11-19T00:00:00,MIL @ CLE,L,21.3,0.0,0.0,0.0,0.0,13.0,16.0,4.0,22.0,0.0,0.0,3.0,1.0,8.7,1,13074,13074,13074,14819,12059,10158,9917,18861,21300,25155,8806,10265,8004,1,17641,12373,20045,1.0,21:16,2015,2016
2015-16,2406,Caron Butler,Caron,1610612758,SAC,Sacramento Kings,21500175,2015-11-19T00:00:00,SAC @ MIA,L,4.9,0.0,0.0,0.0,0.0,0.0,2.0,0.0,4.0,0.0,0.0,1.0,0.0,0.0,1,13074,13074,13074,24406,12059,10158,9917,18861,1,3734,1,23698,8004,1,4972,18762,25170,1.0,4:53,2015,2016
2015-16,201585,Kosta Koufos,Kosta,1610612758,SAC,Sacramento Kings,21500175,2015-11-19T00:00:00,SAC @ MIA,L,24.7,0.0,2.0,0.0,6.0,22.0,8.0,6.0,22.0,0.0,2.0,3.0,1.0,13.4,1,13074,13074,13074,11923,12059,4731,9917,5299,25683,17345,13388,10265,8004,23588,17641,12373,16614,1.0,24:43,2015,2016
2015-16,201601,Luc Mbah a Moute,Luc,1610612746,LAC,LA Clippers,21500177,2015-11-19T00:00:00,LAC vs. GSW,L,0.0,0.0,0.0,0.0,0.0,0.0,0.0,0.0,0.0,0.0,0.0,0.0,0.0,0.0,1,13074,13074,13074,26075,12059,10158,9917,18861,1,1,1,25429,8004,1,1,18762,25170,1.0,0:00,2015,2016
2015-16,203487,Michael Carter-Williams,Michael,1610612749,MIL,Milwaukee Bucks,21500176,2015-11-19T00:00:00,MIL @ CLE,L,26.7,0.0,0.0,2.0,6.0,6.0,5.0,4.0,16.0,0.0,0.0,5.0,5.0,15.7,1,13074,13074,13074,10255,12059,10158,4675,5299,10028,11469,8806,15259,8004,1,24686,1539,14841,1.0,26:44,2015,2016
2015-16,2544,LeBron James,LeBron,1610612739,CLE,Cleveland Cavaliers,21500176,2015-11-19T00:00:00,CLE vs. MIL,W,35.0,0.0,5.0,2.0,10.0,19.0,14.0,6.0,42.0,0.0,0.0,3.0,7.0,42.8,1,1,1,1,3549,12059,995,4675,1840,25074,24300,13388,670,8004,1,17641,469,1776,1.0,34:59,2015,2016
2015-16,2736,Luol Deng,Luol,1610612748,MIA,Miami Heat,21500175,2015-11-19T00:00:00,MIA vs. SAC,W,31.1,0.0,2.0,0.0,2.0,0.0,10.0,11.0,42.0,2.0,0.0,1.0,6.0,26.3,1,1,1,1,6670,12059,4731,9917,12984,1,20509,21342,670,932,1,4972,873,7733,1.0,31:03,2015,2016
2015-16,2738,Andre Iguodala,Andre,1610612744,GSW,Golden State Warriors,21500177,2015-11-19T00:00:00,GSW @ LAC,W,30.9,3.0,0.0,0.0,0.0,11.0,11.0,8.0,22.0,0.0,0.0,0.0,0.0,20.3,1,1,1,1,6838,4307,10158,9917,18861,18886,21814,17194,10265,8004,1,1,18762,11534,1.0,30:52,2015,2016
2015-16,201573,Jerryd Bayless,Jerryd,1610612749,MIL,Milwaukee Bucks,21500176,2015-11-19T00:00:00,MIL @ CLE,L,25.3,2.0,2.0,0.0,2.0,13.0,14.0,4.0,28.0,0.0,0.0,4.0,1.0,12.2,1,13074,13074,13074,11457,6026,4731,9917,12984,21300,24300,8806,5824,8004,1,22104,12373,17566,1.0,25:17,2015,2016
2015-16,201564,O.J. Mayo,O.J.,1610612749,MIL,Milwaukee Bucks,21500176,2015-11-19T00:00:00,MIL @ CLE,L,14.2,3.0,0.0,0.0,0.0,13.0,9.0,4.0,14.0,0.0,0.0,2.0,1.0,11.7,1,13074,13074,13074,20319,4307,10158,9917,18861,21300,19144,8806,17019,8004,1,11390,12373,17903,1.0,14:09,2015,2016
2015-16,1626159,Justise Winslow,Justise,1610612748,MIA,Miami Heat,21500175,2015-11-19T00:00:00,MIA vs. SAC,W,27.1,2.0,2.0,2.0,6.0,3.0,2.0,2.0,26.0,0.0,1.0,2.0,1.0,11.7,1,1,1,1,9934,6026,4731,4675,5299,5109,3734,4025,7214,8004,17214,11390,12373,17903,1.0,27:05,2015,2016
2015-16,203110,Draymond Green,Draymond,1610612744,GSW,Golden State Warriors,21500177,2015-11-19T00:00:00,GSW @ LAC,W,30.0,0.0,2.0,5.0,6.0,18.0,3.0,9.0,18.0,1.0,0.0,4.0,3.0,42.7,1,1,1,1,7525,12059,4731,1277,5299,24749,7138,18829,13577,2692,1,22104,4736,1800,1.0,30:01,2015,2016
2015-16,2405,Amar'e Stoudemire,Amar'e,1610612748,MIA,Miami Heat,21500175,2015-11-19T00:00:00,MIA vs. SAC,W,8.3,7.0,2.0,0.0,6.0,0.0,2.0,0.0,4.0,0.0,0.0,0.0,2.0,11.7,1,1,1,1,23091,548,4731,9917,5299,1,3734,1,23698,8004,1,1,7786,17903,1.0,8:17,2015,2016
2015-16,1626161,Willie Cauley-Stein,Willie,1610612758,SAC,Sacramento Kings,21500175,2015-11-19T00:00:00,SAC @ MIA,L,22.5,0.0,2.0,2.0,10.0,14.0,10.0,4.0,26.0,2.0,0.0,6.0,1.0,20.0,1,13074,13074,13074,13787,12059,4731,4675,1840,22292,20509,8806,7214,932,1,25827,12373,11752,1.0,22:28,2015,2016
2015-16,202691,Klay Thompson,Klay,1610612744,GSW,Golden State Warriors,21500177,2015-11-19T00:00:00,GSW @ LAC,W,39.0,2.0,1.0,2.0,2.0,26.0,9.0,11.0,32.0,0.0,0.0,2.0,8.0,29.6,1,1,1,1,1078,6026,9709,4675,12984,25979,19144,21342,3535,8004,1,11390,254,6050,1.0,38:59,2015,2016
2015-16,203084,Harrison Barnes,Harrison,1610612744,GSW,Golden State Warriors,21500177,2015-11-19T00:00:00,GSW @ LAC,W,35.1,2.0,0.0,2.0,8.0,19.0,9.0,11.0,30.0,0.0,0.0,1.0,1.0,29.9,1,1,1,1,3440,6026,10158,4675,3109,25074,19144,21342,4541,8004,1,4972,12373,5884,1.0,35:08,2015,2016
2015-16,2548,Dwyane Wade,Dwyane,1610612748,MIA,Miami Heat,21500175,2015-11-19T00:00:00,MIA vs. SAC,W,31.3,4.0,4.0,3.0,10.0,3.0,12.0,11.0,36.0,0.0,1.0,1.0,3.0,45.0,1,1,1,1,6487,2460,1596,3302,1840,5109,22832,21342,1943,8004,17214,4972,4736,1357,1.0,31:17,2015,2016
2015-16,200765,Rajon Rondo,Rajon,1610612758,SAC,Sacramento Kings,21500175,2015-11-19T00:00:00,SAC @ MIA,L,40.3,0.0,0.0,0.0,6.0,26.0,14.0,8.0,40.0,0.0,0.0,5.0,4.0,51.8,1,13074,13074,13074,650,12059,10158,9917,5299,25979,24300,17194,983,8004,1,24686,2748,586,1.0,40:18,2015,2016
2015-16,203521,Matthew Dellavedova,Matthew,1610612739,CLE,Cleveland Cavaliers,21500176,2015-11-19T00:00:00,CLE vs. MIL,W,38.5,3.0,2.0,0.0,2.0,21.0,10.0,8.0,42.0,0.0,1.0,2.0,4.0,24.7,1,1,1,1,1272,4307,4731,9917,12984,25535,20509,17194,670,8004,17214,11390,2748,8673,1.0,38:30,2015,2016
2015-16,201933,Blake Griffin,Blake,1610612746,LAC,LA Clippers,21500177,2015-11-19T00:00:00,LAC vs. GSW,L,37.5,6.0,2.0,2.0,10.0,7.0,4.0,11.0,22.0,1.0,0.0,2.0,5.0,44.7,1,13074,13074,13074,1765,878,4731,4675,1840,12242,8458,21342,10265,2692,1,11390,1539,1419,1.0,37:29,2015,2016
2015-16,101108,Chris Paul,Chris,1610612746,LAC,LA Clippers,21500177,2015-11-19T00:00:00,LAC vs. GSW,L,31.5,11.0,0.0,4.0,10.0,7.0,5.0,10.0,18.0,0.0,0.0,2.0,5.0,57.8,1,13074,13074,13074,6315,55,10158,1913,1840,12242,11469,20169,13577,8004,1,11390,1539,275,1.0,31:30,2015,2016
2015-16,201567,Kevin Love,Kevin,1610612739,CLE,Cleveland Cavaliers,21500176,2015-11-19T00:00:00,CLE vs. MIL,W,34.4,10.0,5.0,4.0,8.0,22.0,8.0,6.0,38.0,1.0,1.0,3.0,7.0,43.5,1,1,1,1,4038,99,995,1913,3109,25683,17345,13388,1422,2692,17214,17641,469,1646,1.0,34:23,2015,2016
2015-16,204020,Tyler Johnson,Tyler,1610612748,MIA,Miami Heat,21500175,2015-11-19T00:00:00,MIA vs. SAC,W,25.1,6.0,0.0,2.0,0.0,6.0,4.0,3.0,24.0,0.0,0.0,1.0,3.0,29.1,1,1,1,1,11619,878,10158,4675,18861,10028,8458,7328,8723,8004,1,4972,4736,6285,1.0,25:04,2015,2016
2015-16,203507,Giannis Antetokounmpo,Giannis,1610612749,MIL,Milwaukee Bucks,21500176,2015-11-19T00:00:00,MIL @ CLE,L,39.8,9.0,6.0,4.0,20.0,15.0,17.0,4.0,26.0,0.0,1.0,3.0,4.0,48.0,1,13074,13074,13074,800,171,481,1913,59,23079,25429,8806,7214,8004,17214,17641,2748,960,1.0,39:45,2015,2016
2015-16,2547,Chris Bosh,Chris,1610612748,MIA,Miami Heat,21500175,2015-11-19T00:00:00,MIA vs. SAC,W,34.6,2.0,4.0,0.0,8.0,6.0,12.0,9.0,34.0,1.0,0.0,0.0,6.0,44.2,1,1,1,1,3865,6026,1596,9917,3109,10028,22832,18829,2701,2692,1,1,873,1515,1.0,34:36,2015,2016
2015-16,201599,DeAndre Jordan,DeAndre,1610612746,LAC,LA Clippers,21500177,2015-11-19T00:00:00,LAC vs. GSW,L,38.9,2.0,4.0,0.0,4.0,5.0,12.0,10.0,22.0,0.0,2.0,5.0,5.0,24.5,1,13074,13074,13074,1112,6026,1596,9917,8599,8403,22832,20169,10265,8004,23588,24686,1539,8801,1.0,38:53,2015,2016
2015-16,202355,Hassan Whiteside,Hassan,1610612748,MIA,Miami Heat,21500175,2015-11-19T00:00:00,MIA vs. SAC,W,18.4,2.0,2.0,0.0,8.0,0.0,4.0,8.0,30.0,4.0,1.0,3.0,2.0,36.0,1,1,1,1,17176,6026,4731,9917,3109,1,8458,17194,4541,132,17214,17641,7786,3463,1.0,18:24,2015,2016
2015-16,201939,Stephen Curry,Stephen,1610612744,GSW,Golden State Warriors,21500177,2015-11-19T00:00:00,GSW @ LAC,W,36.8,2.0,6.0,4.0,8.0,26.0,5.0,13.0,30.0,0.0,1.0,2.0,6.0,61.2,1,1,1,1,2251,6026,481,1913,3109,25979,11469,23048,4541,8004,17214,11390,873,175,1.0,36:46,2015,2016
2015-16,2037,Jamal Crawford,Jamal,1610612746,LAC,LA Clippers,21500177,2015-11-19T00:00:00,LAC vs. GSW,L,39.5,0.0,2.0,0.0,4.0,9.0,11.0,9.0,24.0,0.0,0.0,5.0,2.0,22.0,1,13074,13074,13074,888,12059,4731,9917,8599,15771,21814,18829,8723,8004,1,24686,7786,10388,1.0,39:30,2015,2016
2015-16,201177,Josh McRoberts,Josh,1610612748,MIA,Miami Heat,21500175,2015-11-19T00:00:00,MIA vs. SAC,W,16.5,0.0,0.0,0.0,0.0,6.0,2.0,3.0,10.0,0.0,0.0,2.0,1.0,13.8,1,1,1,1,18640,12059,10158,9917,18861,10028,3734,7328,20209,8004,1,11390,12373,16311,1.0,16:31,2015,2016
2015-16,202684,Tristan Thompson,Tristan,1610612739,CLE,Cleveland Cavaliers,21500176,2015-11-19T00:00:00,CLE vs. MIL,W,25.6,0.0,2.0,0.0,10.0,12.0,8.0,4.0,30.0,0.0,0.0,4.0,3.0,27.7,1,1,1,1,11178,12059,4731,9917,1840,20178,17345,8806,4541,8004,1,22104,4736,7008,1.0,25:38,2015,2016
2015-16,202325,Wesley Johnson,Wesley,1610612746,LAC,LA Clippers,21500177,2015-11-19T00:00:00,LAC vs. GSW,L,16.1,2.0,0.0,2.0,4.0,2.0,5.0,5.0,14.0,0.0,0.0,1.0,0.0,13.9,1,13074,13074,13074,18952,6026,10158,4675,8599,2619,11469,11593,17019,8004,1,4972,18762,16232,1.0,16:07,2015,2016
2015-16,1718,Paul Pierce,Paul,1610612746,LAC,LA Clippers,21500177,2015-11-19T00:00:00,LAC vs. GSW,L,31.9,0.0,3.0,0.0,0.0,7.0,7.0,8.0,14.0,0.0,1.0,4.0,1.0,14.1,1,13074,13074,13074,5994,12059,3104,9917,18861,12242,15642,17194,17019,8004,17214,22104,12373,16094,1.0,31:53,2015,2016
2015-16,202328,Greg Monroe,Greg,1610612749,MIL,Milwaukee Bucks,21500176,2015-11-19T00:00:00,MIL @ CLE,L,33.6,4.0,4.0,0.0,12.0,9.0,10.0,4.0,22.0,0.0,1.0,0.0,5.0,32.1,1,13074,13074,13074,4642,2460,1596,9917,988,15771,20509,8806,10265,8004,17214,1,1539,4889,1.0,33:39,2015,2016
2015-16,2747,JR Smith,JR,1610612739,CLE,Cleveland Cavaliers,21500176,2015-11-19T00:00:00,CLE vs. MIL,W,39.4,3.0,3.0,0.0,2.0,22.0,14.0,6.0,46.0,0.0,0.0,3.0,0.0,21.9,1,1,1,1,916,4307,3104,9917,12984,25683,24300,13388,298,8004,1,17641,18762,10460,1.0,39:25,2015,2016
2015-16,200752,Rudy Gay,Rudy,1610612758,SAC,Sacramento Kings,21500175,2015-11-19T00:00:00,SAC @ MIA,L,24.7,0.0,6.0,0.0,10.0,9.0,10.0,5.0,30.0,0.0,2.0,3.0,0.0,32.4,1,13074,13074,13074,11912,12059,481,9917,1840,15771,20509,11593,4541,8004,23588,17641,18762,4768,1.0,24:43,2015,2016
2015-16,201956,Omri Casspi,Omri,1610612758,SAC,Sacramento Kings,21500175,2015-11-19T00:00:00,SAC @ MIA,L,38.5,3.0,0.0,2.0,10.0,16.0,12.0,7.0,36.0,1.0,0.0,5.0,3.0,25.2,1,13074,13074,13074,1270,4307,10158,4675,1840,23774,22832,15538,1943,2692,1,24686,4736,8383,1.0,38:31,2015,2016
2015-16,201158,Marco Belinelli,Marco,1610612758,SAC,Sacramento Kings,21500175,2015-11-19T00:00:00,SAC @ MIA,L,26.2,3.0,0.0,3.0,0.0,12.0,10.0,5.0,20.0,0.0,0.0,3.0,4.0,23.7,1,13074,13074,13074,10725,4307,10158,3302,18861,20178,20509,11593,11929,8004,1,17641,2748,9329,1.0,26:09,2015,2016
2015-16,203114,Khris Middleton,Khris,1610612749,MIL,Milwaukee Bucks,21500176,2015-11-19T00:00:00,MIL @ CLE,L,32.0,6.0,0.0,2.0,0.0,3.0,14.0,4.0,20.0,0.0,0.0,6.0,4.0,23.2,1,13074,13074,13074,5914,878,10158,4675,18861,5109,24300,8806,11929,8004,1,25827,2748,9630,1.0,31:58,2015,2016
2015-16,201609,Goran Dragic,Goran,1610612748,MIA,Miami Heat,21500175,2015-11-19T00:00:00,MIA vs. SAC,W,31.5,3.0,0.0,2.0,6.0,0.0,12.0,8.0,46.0,0.0,0.0,2.0,3.0,19.2,1,1,1,1,6282,4307,10158,4675,5299,1,22832,17194,298,8004,1,11390,4736,12284,1.0,31:32,2015,2016
2015-16,2592,James Jones,James,1610612739,CLE,Cleveland Cavaliers,21500176,2015-11-19T00:00:00,CLE vs. MIL,W,11.1,3.0,0.0,0.0,0.0,4.0,4.0,2.0,12.0,0.0,0.0,0.0,1.0,10.5,1,1,1,1,21972,4307,10158,9917,18861,6141,8458,4025,18637,8004,1,1,12373,18808,1.0,11:08,2015,2016
2015-16,203463,Ben McLemore,Ben,1610612758,SAC,Sacramento Kings,21500175,2015-11-19T00:00:00,SAC @ MIA,L,32.2,0.0,2.0,4.0,6.0,18.0,10.0,6.0,32.0,0.0,3.0,1.0,0.0,18.7,1,13074,13074,13074,5744,12059,4731,1913,5299,24749,20509,13388,3535,8004,25441,4972,18762,12648,1.0,32:11,2015,2016
2015-16,201578,Marreese Speights,Marreese,1610612744,GSW,Golden State Warriors,21500177,2015-11-19T00:00:00,GSW @ LAC,W,12.2,0.0,3.0,0.0,0.0,6.0,6.0,4.0,12.0,0.0,0.0,2.0,3.0,10.5,1,1,1,1,21426,12059,3104,9917,18861,10028,13237,8806,18637,8004,1,11390,4736,18808,1.0,12:12,2015,2016
2015-16,203099,Jared Cunningham,Jared,1610612739,CLE,Cleveland Cavaliers,21500176,2015-11-19T00:00:00,CLE vs. MIL,W,17.3,0.0,0.0,2.0,0.0,9.0,4.0,2.0,16.0,0.0,0.0,2.0,5.0,14.6,1,1,1,1,18061,12059,10158,4675,18861,15771,8458,4025,15259,8004,1,11390,1539,15699,1.0,17:17,2015,2016
2015-16,2760,Anderson Varejao,Anderson,1610612739,CLE,Cleveland Cavaliers,21500176,2015-11-19T00:00:00,CLE vs. MIL,W,11.1,0.0,4.0,0.0,2.0,7.0,4.0,2.0,10.0,0.0,0.0,2.0,1.0,12.9,1,1,1,1,21978,12059,1596,9917,12984,12242,8458,4025,20209,8004,1,11390,12373,17049,1.0,11:07,2015,2016
2015-16,203105,Festus Ezeli,Festus,1610612744,GSW,Golden State Warriors,21500177,2015-11-19T00:00:00,GSW @ LAC,W,21.3,0.0,0.0,0.0,2.0,17.0,6.0,9.0,14.0,2.0,0.0,3.0,4.0,18.3,1,1,1,1,14783,12059,10158,9917,12984,24337,13237,18829,17019,932,1,17641,2748,12952,1.0,21:18,2015,2016
2015-16,203948,Johnny O'Bryant III,Johnny,1610612749,MIL,Milwaukee Bucks,21500176,2015-11-19T00:00:00,MIL @ CLE,L,5.7,0.0,0.0,0.0,0.0,0.0,2.0,0.0,2.0,0.0,0.0,1.0,0.0,2.7,1,13074,13074,13074,24102,12059,10158,9917,18861,1,3734,1,24614,8004,1,4972,18762,23884,1.0,5:41,2015,2016
2015-16,203089,John Henson,John,1610612749,MIL,Milwaukee Bucks,21500176,2015-11-19T00:00:00,MIL @ CLE,L,11.0,0.0,0.0,0.0,0.0,10.0,9.0,4.0,14.0,1.0,0.0,2.0,0.0,3.0,1,13074,13074,13074,22048,12059,10158,9917,18861,17370,19144,8806,17019,2692,1,11390,18762,23648,1.0,10:58,2015,2016
2015-16,2210,Richard Jefferson,Richard,1610612739,CLE,Cleveland Cavaliers,21500176,2015-11-19T00:00:00,CLE vs. MIL,W,16.3,0.0,0.0,0.0,2.0,7.0,2.0,2.0,12.0,1.0,0.0,3.0,1.0,8.5,1,1,1,1,18820,12059,10158,9917,12984,12242,3734,4025,18637,2692,1,17641,12373,20215,1.0,16:18,2015,2016
2015-16,203085,Austin Rivers,Austin,1610612746,LAC,LA Clippers,21500177,2015-11-19T00:00:00,LAC vs. GSW,L,26.3,5.0,0.0,5.0,4.0,4.0,8.0,7.0,14.0,0.0,0.0,1.0,2.0,21.1,1,13074,13074,13074,10608,1603,10158,1277,8599,6141,17345,15538,17019,8004,1,4972,7786,11012,1.0,26:18,2015,2016
2015-16,201575,Brandon Rush,Brandon,1610612744,GSW,Golden State Warriors,21500177,2015-11-19T00:00:00,GSW @ LAC,W,6.0,0.0,0.0,0.0,0.0,4.0,0.0,2.0,4.0,0.0,0.0,0.0,0.0,2.7,1,1,1,1,23966,12059,10158,9917,18861,6141,1,4025,23698,8004,1,1,18762,23884,1.0,5:59,2015,2016
2015-16,2746,Josh Smith,Josh,1610612746,LAC,LA Clippers,21500177,2015-11-19T00:00:00,LAC vs. GSW,L,18.3,2.0,0.0,2.0,2.0,4.0,8.0,5.0,12.0,1.0,1.0,5.0,0.0,21.4,1,13074,13074,13074,17234,6026,10158,4675,12984,6141,17345,11593,18637,2692,17214,24686,18762,10807,1.0,18:20,2015,2016
2015-16,203953,Jabari Parker,Jabari,1610612749,MIL,Milwaukee Bucks,21500176,2015-11-19T00:00:00,MIL @ CLE,L,30.6,2.0,2.0,0.0,12.0,13.0,9.0,8.0,26.0,1.0,0.0,3.0,3.0,21.1,1,13074,13074,13074,7058,6026,4731,9917,988,21300,19144,17194,7214,2692,1,17641,4736,11012,1.0,30:33,2015,2016
2015-16,101123,Gerald Green,Gerald,1610612748,MIA,Miami Heat,21500175,2015-11-19T00:00:00,MIA vs. SAC,W,16.2,0.0,2.0,0.0,2.0,6.0,0.0,0.0,8.0,0.0,0.0,3.0,0.0,12.7,1,1,1,1,18910,12059,4731,9917,12984,10028,1,1,21543,8004,1,17641,18762,17201,1.0,16:11,2015,2016
2015-16,101106,Andrew Bogut,Andrew,1610612744,GSW,Golden State Warriors,21500177,2015-11-19T00:00:00,GSW @ LAC,W,20.4,0.0,0.0,0.0,2.0,11.0,2.0,6.0,20.0,0.0,0.0,2.0,0.0,6.2,1,1,1,1,15574,12059,10158,9917,12984,18886,3734,13388,11929,8004,1,11390,18762,21696,1.0,20:24,2015,2016
2015-16,203112,Quincy Acy,Quincy,1610612758,SAC,Sacramento Kings,21500175,2015-11-19T00:00:00,SAC @ MIA,L,5.4,0.0,0.0,0.0,0.0,0.0,4.0,1.0,8.0,0.0,0.0,0.0,0.0,1.2,1,13074,13074,13074,24229,12059,10158,9917,18861,1,8458,3646,21543,8004,1,1,18762,24661,1.0,5:21,2015,2016
2015-16,203546,Ian Clark,Ian,1610612744,GSW,Golden State Warriors,21500177,2015-11-19T00:00:00,GSW @ LAC,W,5.2,0.0,0.0,0.0,0.0,0.0,2.0,2.0,4.0,1.0,0.0,1.0,0.0,5.7,1,1,1,1,24278,12059,10158,9917,18861,1,3734,4025,23698,2692,1,4972,18762,22054,1.0,5:14,2015,2016
2015-16,201574,Jason Thompson,Jason,1610612744,GSW,Golden State Warriors,21500177,2015-11-19T00:00:00,GSW @ LAC,W,2.5,0.0,0.0,0.0,0.0,2.0,2.0,0.0,2.0,0.0,1.0,3.0,0.0,1.2,1,1,1,1,25315,12059,10158,9917,18861,2619,3734,1,24614,8004,17214,17641,18762,24661,1.0,2:31,2015,2016
2015-16,201954,Darren Collison,Darren,1610612758,SAC,Sacramento Kings,21500175,2015-11-19T00:00:00,SAC @ MIA,L,20.7,0.0,0.0,0.0,4.0,13.0,10.0,3.0,22.0,0.0,0.0,0.0,2.0,10.5,1,13074,13074,13074,15302,12059,10158,9917,8599,21300,20509,7328,10265,8004,1,1,7786,18808,1.0,20:43,2015,2016
2015-16,1626178,Rondae Hollis-Jefferson,Rondae,1610612751,BKN,Brooklyn Nets,21500165,2015-11-18T00:00:00,BKN @ CHA,L,24.6,3.0,0.0,2.0,4.0,8.0,9.0,6.0,24.0,0.0,0.0,4.0,3.0,10.9,1,13074,13074,13074,12052,4307,10158,4675,8599,13914,19144,13388,8723,8004,1,22104,4736,18498,1.0,24:34,2015,2016
2015-16,203187,Chris Johnson,Chris,1610612762,UTA,Utah Jazz,21500173,2015-11-18T00:00:00,UTA vs. TOR,W,4.8,0.0,0.0,0.0,0.0,4.0,2.0,2.0,4.0,0.0,0.0,1.0,0.0,1.2,1,1,1,1,24446,12059,10158,9917,18861,6141,3734,4025,23698,8004,1,4972,18762,24661,1.0,4:46,2015,2016
2015-16,1626146,Cliff Alexander,Cliff,1610612757,POR,Portland Trail Blazers,21500170,2015-11-18T00:00:00,POR @ HOU,L,4.0,2.0,0.0,0.0,2.0,4.0,0.0,4.0,2.0,0.0,0.0,0.0,0.0,2.0,1,13074,13074,13074,24705,6026,10158,9917,12984,6141,1,8806,24614,8004,1,1,18762,24216,1.0,4:00,2015,2016
2015-16,203141,Mirza Teletovic,Mirza,1610612756,PHX,Phoenix Suns,21500174,2015-11-18T00:00:00,PHX vs. CHI,L,13.0,0.0,3.0,0.0,0.0,2.0,8.0,2.0,10.0,0.0,0.0,0.0,0.0,11.1,1,13074,13074,13074,20972,12059,3104,9917,18861,2619,17345,4025,20209,8004,1,1,18762,18370,1.0,13:01,2015,2016
2015-16,1626161,Willie Cauley-Stein,Willie,1610612758,SAC,Sacramento Kings,21500169,2015-11-18T00:00:00,SAC @ ATL,L,14.2,0.0,0.0,0.0,0.0,6.0,2.0,3.0,10.0,0.0,0.0,2.0,0.0,6.0,1,13074,13074,13074,20318,12059,10158,9917,18861,10028,3734,7328,20209,8004,1,11390,18762,21878,1.0,14:09,2015,2016
2015-16,203498,Shabazz Muhammad,Shabazz,1610612750,MIN,Minnesota Timberwolves,21500166,2015-11-18T00:00:00,MIN @ ORL,L,17.5,0.0,0.0,2.0,4.0,9.0,7.0,7.0,16.0,0.0,2.0,2.0,0.0,6.4,1,13074,13074,13074,17904,12059,10158,4675,8599,15771,15642,15538,15259,8004,23588,11390,18762,21589,1.0,17:29,2015,2016
2015-16,202720,Jon Leuer,Jon,1610612756,PHX,Phoenix Suns,21500174,2015-11-18T00:00:00,PHX vs. CHI,L,6.3,0.0,0.0,0.0,0.0,0.0,0.0,0.0,2.0,0.0,0.0,0.0,1.0,6.4,1,13074,13074,13074,23833,12059,10158,9917,18861,1,1,1,24614,8004,1,1,12373,21589,1.0,6:17,2015,2016
2015-16,101112,Channing Frye,Channing,1610612753,ORL,Orlando Magic,21500166,2015-11-18T00:00:00,ORL vs. MIN,W,7.2,0.0,0.0,0.0,0.0,2.0,0.0,0.0,4.0,0.0,0.0,0.0,1.0,1.2,1,1,1,1,23497,12059,10158,9917,18861,2619,1,1,23698,8004,1,1,12373,24661,1.0,7:11,2015,2016
2015-16,203503,Tony Snell,Tony,1610612741,CHI,Chicago Bulls,21500174,2015-11-18T00:00:00,CHI @ PHX,W,18.9,0.0,0.0,0.0,0.0,6.0,6.0,6.0,18.0,0.0,0.0,1.0,1.0,1.2,1,1,1,1,16758,12059,10158,9917,18861,10028,13237,13388,13577,8004,1,4972,12373,24661,1.0,18:56,2015,2016
2015-16,202711,Bojan Bogdanović,Bojan,1610612751,BKN,Brooklyn Nets,21500165,2015-11-18T00:00:00,BKN @ CHA,L,17.9,2.0,0.0,2.0,0.0,2.0,0.0,2.0,14.0,0.0,1.0,1.0,1.0,11.3,1,13074,13074,13074,17604,6026,10158,4675,18861,2619,1,4025,17019,8004,17214,4972,12373,18230,1.0,17:53,2015,2016
2015-16,201627,Anthony Morrow,Anthony,1610612760,OKC,Oklahoma City Thunder,21500171,2015-11-18T00:00:00,OKC vs. NOP,W,13.6,3.0,3.0,0.0,0.0,0.0,0.0,0.0,16.0,0.0,0.0,1.0,0.0,11.4,1,1,1,1,20662,4307,3104,9917,18861,1,1,1,15259,8004,1,4972,18762,18134,1.0,13:34,2015,2016
2015-16,203469,Cody Zeller,Cody,1610612766,CHA,Charlotte Hornets,21500165,2015-11-18T00:00:00,CHA vs. BKN,W,13.9,0.0,0.0,0.0,0.0,3.0,3.0,7.0,16.0,1.0,0.0,3.0,0.0,9.0,1,1,1,1,20499,12059,10158,9917,18861,5109,7138,15538,15259,2692,1,17641,18762,19835,1.0,13:51,2015,2016
2015-16,203937,Kyle Anderson,Kyle,1610612759,SAS,San Antonio Spurs,21500172,2015-11-18T00:00:00,SAS vs. DEN,W,7.7,0.0,0.0,0.0,2.0,3.0,3.0,3.0,8.0,0.0,0.0,0.0,1.0,3.5,1,1,1,1,23333,12059,10158,9917,12984,5109,7138,7328,21543,8004,1,1,12373,23351,1.0,7:40,2015,2016
2015-16,203481,Jeff Withey,Jeff,1610612762,UTA,Utah Jazz,21500173,2015-11-18T00:00:00,UTA vs. TOR,W,7.9,0.0,0.0,0.0,2.0,3.0,0.0,2.0,6.0,1.0,0.0,1.0,0.0,5.2,1,1,1,1,23241,12059,10158,9917,12984,5109,1,4025,22724,2692,1,4972,18762,22370,1.0,7:52,2015,2016
2015-16,203112,Quincy Acy,Quincy,1610612758,SAC,Sacramento Kings,21500169,2015-11-18T00:00:00,SAC @ ATL,L,16.0,0.0,0.0,0.0,0.0,7.0,5.0,4.0,14.0,1.0,0.0,3.0,0.0,4.7,1,13074,13074,13074,19075,12059,10158,9917,18861,12242,11469,8806,17019,2692,1,17641,18762,22672,1.0,15:57,2015,2016
2015-16,201959,Taj Gibson,Taj,1610612741,CHI,Chicago Bulls,21500174,2015-11-18T00:00:00,CHI @ PHX,W,27.0,0.0,4.0,0.0,4.0,9.0,5.0,11.0,20.0,0.0,0.0,3.0,1.0,13.4,1,1,1,1,10040,12059,1596,9917,8599,15771,11469,21342,11929,8004,1,17641,12373,16614,1.0,26:59,2015,2016
2015-16,203123,Kostas Papanikolaou,Kostas,1610612743,DEN,Denver Nuggets,21500172,2015-11-18T00:00:00,DEN @ SAS,L,0.9,0.0,0.0,0.0,0.0,0.0,0.0,0.0,0.0,0.0,0.0,0.0,0.0,0.0,1,13074,13074,13074,25897,12059,10158,9917,18861,1,1,1,25429,8004,1,1,18762,25170,1.0,0:54,2015,2016
2015-16,203960,JaKarr Sampson,JaKarr,1610612755,PHI,Philadelphia 76ers,21500167,2015-11-18T00:00:00,PHI vs. IND,L,18.6,0.0,0.0,0.0,6.0,6.0,4.0,9.0,20.0,0.0,0.0,2.0,2.0,8.6,1,13074,13074,13074,17025,12059,10158,9917,5299,10028,8458,18829,11929,8004,1,11390,7786,20125,1.0,18:35,2015,2016
2015-16,203500,Steven Adams,Steven,1610612760,OKC,Oklahoma City Thunder,21500171,2015-11-18T00:00:00,OKC vs. NOP,W,11.4,0.0,0.0,0.0,0.0,0.0,0.0,0.0,14.0,1.0,1.0,1.0,1.0,5.4,1,1,1,1,21869,12059,10158,9917,18861,1,1,1,17019,2692,17214,4972,12373,22242,1.0,11:24,2015,2016
2015-16,201977,Marcus Thornton,Marcus,1610612745,HOU,Houston Rockets,21500170,2015-11-18T00:00:00,HOU vs. POR,W,15.0,0.0,0.0,0.0,0.0,6.0,3.0,4.0,12.0,0.0,0.0,0.0,0.0,6.9,1,1,1,1,19742,12059,10158,9917,18861,10028,7138,8806,18637,8004,1,1,18762,21262,1.0,15:01,2015,2016
2015-16,203080,Thomas Robinson,Thomas,1610612751,BKN,Brooklyn Nets,21500165,2015-11-18T00:00:00,BKN @ CHA,L,9.1,0.0,0.0,0.0,4.0,5.0,3.0,0.0,10.0,0.0,0.0,1.0,0.0,5.4,1,13074,13074,13074,22785,12059,10158,9917,8599,8403,7138,1,20209,8004,1,4972,18762,22242,1.0,9:09,2015,2016
2015-16,203462,Archie Goodwin,Archie,1610612756,PHX,Phoenix Suns,21500174,2015-11-18T00:00:00,PHX vs. CHI,L,6.7,0.0,0.0,0.0,0.0,0.0,0.0,0.0,2.0,0.0,0.0,0.0,1.0,0.0,1,13074,13074,13074,23688,12059,10158,9917,18861,1,1,1,24614,8004,1,1,12373,25170,1.0,6:40,2015,2016
2015-16,203900,Markel Brown,Markel,1610612751,BKN,Brooklyn Nets,21500165,2015-11-18T00:00:00,BKN @ CHA,L,4.6,0.0,0.0,0.0,0.0,4.0,2.0,0.0,6.0,0.0,1.0,0.0,0.0,0.0,1,13074,13074,13074,24518,12059,10158,9917,18861,6141,3734,1,22724,8004,17214,1,18762,25170,1.0,4:34,2015,2016
2015-16,101179,Ronnie Price,Ronnie,1610612756,PHX,Phoenix Suns,21500174,2015-11-18T00:00:00,PHX vs. CHI,L,10.9,2.0,0.0,0.0,2.0,2.0,6.0,0.0,6.0,0.0,0.0,2.0,1.0,13.4,1,13074,13074,13074,22091,6026,10158,9917,12984,2619,13237,1,22724,8004,1,11390,12373,16614,1.0,10:51,2015,2016
2015-16,201945,Gerald Henderson,Gerald,1610612757,POR,Portland Trail Blazers,21500170,2015-11-18T00:00:00,POR @ HOU,L,14.8,1.0,0.0,1.0,0.0,2.0,5.0,0.0,6.0,0.0,0.0,0.0,1.0,9.0,1,13074,13074,13074,19902,11535,10158,9347,18861,2619,11469,1,22724,8004,1,1,12373,19835,1.0,14:47,2015,2016
2015-16,203940,Adreian Payne,Adreian,1610612750,MIN,Minnesota Timberwolves,21500166,2015-11-18T00:00:00,MIN @ ORL,L,16.3,0.0,0.0,0.0,0.0,6.0,9.0,6.0,18.0,0.0,1.0,0.0,0.0,6.5,1,13074,13074,13074,18835,12059,10158,9917,18861,10028,19144,13388,13577,8004,17214,1,18762,21519,1.0,16:17,2015,2016
2015-16,2419,Tayshaun Prince,Tayshaun,1610612750,MIN,Minnesota Timberwolves,21500166,2015-11-18T00:00:00,MIN @ ORL,L,29.9,0.0,0.0,0.0,0.0,11.0,9.0,15.0,38.0,0.0,0.0,1.0,0.0,9.1,1,13074,13074,13074,7624,12059,10158,9917,18861,18886,19144,24242,1422,8004,1,4972,18762,19789,1.0,29:54,2015,2016
2015-16,202357,Nemanja Bjelica,Nemanja,1610612750,MIN,Minnesota Timberwolves,21500166,2015-11-18T00:00:00,MIN @ ORL,L,18.6,0.0,0.0,0.0,0.0,8.0,4.0,4.0,18.0,0.0,0.0,6.0,1.0,9.3,1,13074,13074,13074,16991,12059,10158,9917,18861,13914,8458,8806,13577,8004,1,25827,12373,19656,1.0,18:38,2015,2016
2015-16,203457,Nerlens Noel,Nerlens,1610612755,PHI,Philadelphia 76ers,21500167,2015-11-18T00:00:00,PHI vs. IND,L,23.6,0.0,0.0,0.0,2.0,26.0,9.0,16.0,16.0,0.0,0.0,0.0,2.0,3.6,1,13074,13074,13074,12870,12059,10158,9917,12984,25979,19144,24641,15259,8004,1,1,7786,23310,1.0,23:38,2015,2016
2015-16,202690,Jimmer Fredette,Jimmer,1610612740,NOP,New Orleans Pelicans,21500171,2015-11-18T00:00:00,NOP @ OKC,L,4.0,0.0,0.0,0.0,0.0,2.0,0.0,0.0,8.0,0.0,0.0,0.0,0.0,-1.0,1,13074,13074,13074,24725,12059,10158,9917,18861,2619,1,1,21543,8004,1,1,18762,25932,1.0,3:57,2015,2016
2015-16,203477,Isaiah Canaan,Isaiah,1610612755,PHI,Philadelphia 76ers,21500167,2015-11-18T00:00:00,PHI vs. IND,L,16.9,0.0,0.0,0.0,0.0,11.0,3.0,8.0,6.0,1.0,0.0,0.0,1.0,5.0,1,13074,13074,13074,18342,12059,10158,9917,18861,18886,7138,17194,22724,2692,1,1,12373,22500,1.0,16:54,2015,2016
2015-16,201951,Ty Lawson,Ty,1610612745,HOU,Houston Rockets,21500170,2015-11-18T00:00:00,HOU vs. POR,W,20.4,2.0,2.0,0.0,2.0,4.0,6.0,2.0,12.0,0.0,0.0,1.0,1.0,4.5,1,1,1,1,15576,6026,4731,9917,12984,6141,13237,4025,18637,8004,1,4972,12373,22773,1.0,20:23,2015,2016
2015-16,202334,Ed Davis,Ed,1610612757,POR,Portland Trail Blazers,21500170,2015-11-18T00:00:00,POR @ HOU,L,17.6,0.0,1.0,0.0,2.0,8.0,5.0,6.0,8.0,0.0,0.0,4.0,1.0,6.6,1,13074,13074,13074,17834,12059,9709,9917,12984,13914,11469,13388,21543,8004,1,22104,12373,21445,1.0,17:35,2015,2016
2015-16,202379,Jeremy Evans,Jeremy,1610612742,DAL,Dallas Mavericks,21500168,2015-11-18T00:00:00,DAL @ BOS,W,1.3,0.0,0.0,0.0,0.0,2.0,0.0,0.0,0.0,0.0,0.0,1.0,0.0,-1.0,1,1,1,1,25768,12059,10158,9917,18861,2619,1,1,25429,8004,1,4972,18762,25932,1.0,1:18,2015,2016
2015-16,202687,Bismack Biyombo,Bismack,1610612761,TOR,Toronto Raptors,21500173,2015-11-18T00:00:00,TOR @ UTA,L,14.9,3.0,0.0,0.0,2.0,1.0,2.0,3.0,10.0,0.0,0.0,1.0,2.0,4.4,1,13074,13074,13074,19816,4307,10158,9917,12984,2356,3734,7328,20209,8004,1,4972,7786,22837,1.0,14:55,2015,2016
2015-16,202734,E'Twaun Moore,E'Twaun,1610612741,CHI,Chicago Bulls,21500174,2015-11-18T00:00:00,CHI @ PHX,W,14.0,0.0,2.0,0.0,2.0,11.0,7.0,9.0,16.0,0.0,1.0,2.0,1.0,8.7,1,1,1,1,20406,12059,4731,9917,12984,18886,15642,18829,15259,8004,17214,11390,12373,20045,1.0,14:00,2015,2016
2015-16,204060,Joe Ingles,Joe,1610612762,UTA,Utah Jazz,21500173,2015-11-18T00:00:00,UTA vs. TOR,W,9.5,0.0,0.0,0.0,0.0,5.0,2.0,2.0,8.0,0.0,0.0,1.0,0.0,5.4,1,1,1,1,22639,12059,10158,9917,18861,8403,3734,4025,21543,8004,1,4972,18762,22242,1.0,9:29,2015,2016
2015-16,200751,Randy Foye,Randy,1610612743,DEN,Denver Nuggets,21500172,2015-11-18T00:00:00,DEN @ SAS,L,16.4,0.0,0.0,0.0,0.0,7.0,0.0,4.0,14.0,0.0,1.0,2.0,0.0,-0.5,1,13074,13074,13074,18734,12059,10158,9917,18861,12242,1,8806,17019,8004,17214,11390,18762,25908,1.0,16:24,2015,2016
2015-16,203476,Gorgui Dieng,Gorgui,1610612750,MIN,Minnesota Timberwolves,21500166,2015-11-18T00:00:00,MIN @ ORL,L,21.0,0.0,2.0,0.0,2.0,12.0,9.0,7.0,18.0,5.0,0.0,3.0,1.0,36.9,1,13074,13074,13074,15064,12059,4731,9917,12984,20178,19144,15538,13577,59,1,17641,12373,3210,1.0,20:60,2015,2016
2015-16,202397,Ish Smith,Ish,1610612740,NOP,New Orleans Pelicans,21500171,2015-11-18T00:00:00,NOP @ OKC,L,33.9,2.0,0.0,0.0,12.0,7.0,10.0,9.0,28.0,0.0,2.0,1.0,3.0,29.6,1,13074,13074,13074,4411,6026,10158,9917,988,12242,20509,18829,5824,8004,23588,4972,4736,6050,1.0,33:55,2015,2016
2015-16,202329,Al-Farouq Aminu,Al-Farouq,1610612757,POR,Portland Trail Blazers,21500170,2015-11-18T00:00:00,POR @ HOU,L,36.7,4.0,2.0,0.0,4.0,14.0,4.0,11.0,16.0,1.0,1.0,3.0,2.0,37.0,1,13074,13074,13074,2285,2460,4731,9917,8599,22292,8458,21342,15259,2692,17214,17641,7786,3182,1.0,36:42,2015,2016
2015-16,201569,Eric Gordon,Eric,1610612740,NOP,New Orleans Pelicans,21500171,2015-11-18T00:00:00,NOP @ OKC,L,36.9,12.0,2.0,0.0,6.0,9.0,10.0,9.0,34.0,0.0,1.0,3.0,4.0,35.9,1,13074,13074,13074,2180,27,4731,9917,5299,15771,20509,18829,2701,8004,17214,17641,2748,3505,1.0,36:51,2015,2016
2015-16,200752,Rudy Gay,Rudy,1610612758,SAC,Sacramento Kings,21500169,2015-11-18T00:00:00,SAC @ ATL,L,29.3,2.0,2.0,4.0,10.0,6.0,7.0,2.0,20.0,0.0,0.0,3.0,4.0,29.7,1,13074,13074,13074,8099,6026,4731,1913,1840,10028,15642,4025,11929,8004,1,17641,2748,6006,1.0,29:20,2015,2016
2015-16,203486,Mason Plumlee,Mason,1610612757,POR,Portland Trail Blazers,21500170,2015-11-18T00:00:00,POR @ HOU,L,35.4,2.0,3.0,0.0,6.0,10.0,4.0,7.0,16.0,6.0,1.0,5.0,3.0,36.8,1,13074,13074,13074,3208,6026,3104,9917,5299,17370,8458,15538,15259,19,17214,24686,4736,3241,1.0,35:25,2015,2016
2015-16,200794,Paul Millsap,Paul,1610612737,ATL,Atlanta Hawks,21500169,2015-11-18T00:00:00,ATL vs. SAC,W,34.8,4.0,6.0,2.0,18.0,10.0,10.0,17.0,32.0,2.0,0.0,4.0,6.0,59.7,1,1,1,1,3690,2460,481,4675,131,17370,20509,24967,3535,932,1,22104,873,221,1.0,34:48,2015,2016
2015-16,201566,Russell Westbrook,Russell,1610612760,OKC,Oklahoma City Thunder,21500171,2015-11-18T00:00:00,OKC vs. NOP,W,36.1,5.0,4.0,7.0,20.0,16.0,8.0,2.0,42.0,1.0,0.0,1.0,11.0,67.8,1,1,1,1,2697,1603,1596,454,59,23774,17345,4025,670,2692,1,4972,44,67,1.0,36:04,2015,2016
2015-16,1626209,Mario Hezonja,Mario,1610612753,ORL,Orlando Magic,21500166,2015-11-18T00:00:00,ORL vs. MIN,W,8.5,0.0,0.0,0.0,0.0,0.0,2.0,6.0,10.0,0.0,0.0,0.0,0.0,7.4,1,1,1,1,23032,12059,10158,9917,18861,1,3734,13388,20209,8004,1,1,18762,20912,1.0,8:28,2015,2016
2015-16,203081,Damian Lillard,Damian,1610612757,POR,Portland Trail Blazers,21500170,2015-11-18T00:00:00,POR @ HOU,L,40.8,0.0,0.0,0.0,6.0,14.0,4.0,11.0,20.0,0.0,2.0,1.0,8.0,29.6,1,13074,13074,13074,525,12059,10158,9917,5299,22292,8458,21342,11929,8004,23588,4972,254,6050,1.0,40:49,2015,2016
2015-16,201583,Ryan Anderson,Ryan,1610612740,NOP,New Orleans Pelicans,21500171,2015-11-18T00:00:00,NOP @ OKC,L,44.0,0.0,4.0,0.0,12.0,9.0,12.0,9.0,40.0,0.0,1.0,3.0,5.0,45.9,1,13074,13074,13074,135,12059,1596,9917,988,15771,22832,18829,983,8004,17214,17641,1539,1224,1.0,43:57,2015,2016
2015-16,2449,Luis Scola,Luis,1610612761,TOR,Toronto Raptors,21500173,2015-11-18T00:00:00,TOR @ UTA,L,29.8,4.0,0.0,4.0,6.0,7.0,1.0,6.0,32.0,0.0,0.0,5.0,1.0,29.5,1,13074,13074,13074,7690,2460,10158,1913,5299,12242,3393,13388,3535,8004,1,24686,12373,6103,1.0,29:50,2015,2016
2015-16,200765,Rajon Rondo,Rajon,1610612758,SAC,Sacramento Kings,21500169,2015-11-18T00:00:00,SAC @ ATL,L,31.2,2.0,2.0,0.0,8.0,16.0,9.0,4.0,28.0,0.0,1.0,1.0,0.0,37.4,1,13074,13074,13074,6605,6026,4731,9917,3109,23774,19144,8806,5824,8004,17214,4972,18762,3073,1.0,31:09,2015,2016
2015-16,202330,Gordon Hayward,Gordon,1610612762,UTA,Utah Jazz,21500173,2015-11-18T00:00:00,UTA vs. TOR,W,35.3,0.0,2.0,2.0,6.0,11.0,9.0,4.0,30.0,1.0,1.0,4.0,3.0,28.9,1,1,1,1,3298,12059,4731,4675,5299,18886,19144,8806,4541,2692,17214,22104,4736,6414,1.0,35:19,2015,2016
2015-16,202685,Jonas Valančiūnas,Jonas,1610612761,TOR,Toronto Raptors,21500173,2015-11-18T00:00:00,TOR @ UTA,L,32.5,5.0,4.0,0.0,10.0,6.0,7.0,8.0,34.0,2.0,3.0,1.0,1.0,29.8,1,13074,13074,13074,5498,1603,1596,9917,1840,10028,15642,17194,2701,932,25441,4972,12373,5948,1.0,32:31,2015,2016
2015-16,202324,Derrick Favors,Derrick,1610612762,UTA,Utah Jazz,21500173,2015-11-18T00:00:00,UTA vs. TOR,W,31.6,0.0,1.0,0.0,12.0,9.0,5.0,2.0,20.0,0.0,0.0,0.0,5.0,35.7,1,1,1,1,6264,12059,9709,9917,988,15771,11469,4025,11929,8004,1,1,1539,3578,1.0,31:34,2015,2016
2015-16,1626157,Karl-Anthony Towns,Karl-Anthony,1610612750,MIN,Minnesota Timberwolves,21500166,2015-11-18T00:00:00,MIN @ ORL,L,37.4,4.0,4.0,0.0,14.0,15.0,13.0,14.0,44.0,6.0,0.0,2.0,4.0,49.4,1,13074,13074,13074,1860,2460,1596,9917,542,23079,23668,23710,454,19,1,11390,2748,819,1.0,37:21,2015,2016
2015-16,203999,Nikola Jokić,Nikola,1610612743,DEN,Denver Nuggets,21500172,2015-11-18T00:00:00,DEN @ SAS,L,31.9,2.0,8.0,2.0,14.0,12.0,4.0,12.0,26.0,3.0,3.0,2.0,3.0,52.4,1,13074,13074,13074,5973,6026,137,4675,542,20178,8458,22259,7214,347,25441,11390,4736,549,1.0,31:54,2015,2016
2015-16,203901,Elfrid Payton,Elfrid,1610612753,ORL,Orlando Magic,21500166,2015-11-18T00:00:00,ORL vs. MIN,W,40.9,4.0,2.0,6.0,20.0,8.0,6.0,14.0,26.0,0.0,2.0,2.0,4.0,52.4,1,1,1,1,512,2460,4731,740,59,13914,13237,23710,7214,8004,23588,11390,2748,549,1.0,40:52,2015,2016
2015-16,202331,Paul George,Paul,1610612754,IND,Indiana Pacers,21500167,2015-11-18T00:00:00,IND @ PHI,W,32.0,9.0,5.0,3.0,6.0,4.0,5.0,2.0,28.0,0.0,1.0,3.0,2.0,61.1,1,1,1,1,5914,171,995,3302,5299,6141,11469,4025,5824,8004,17214,17641,7786,179,1.0,31:58,2015,2016
2015-16,200768,Kyle Lowry,Kyle,1610612761,TOR,Toronto Raptors,21500173,2015-11-18T00:00:00,TOR @ UTA,L,37.2,2.0,3.0,2.0,6.0,6.0,7.0,7.0,36.0,0.0,0.0,2.0,7.0,36.6,1,13074,13074,13074,1950,6026,3104,4675,5299,10028,15642,15538,1943,8004,1,11390,469,3288,1.0,37:13,2015,2016
2015-16,2744,Al Jefferson,Al,1610612766,CHA,Charlotte Hornets,21500165,2015-11-18T00:00:00,CHA vs. BKN,W,29.9,0.0,0.0,0.0,8.0,11.0,7.0,7.0,34.0,2.0,0.0,4.0,4.0,35.6,1,1,1,1,7602,12059,10158,9917,3109,18886,15642,15538,2701,932,1,22104,2748,3615,1.0,29:56,2015,2016
2015-16,1495,Tim Duncan,Tim,1610612759,SAS,San Antonio Spurs,21500172,2015-11-18T00:00:00,SAS vs. DEN,W,27.9,0.0,4.0,0.0,8.0,7.0,4.0,9.0,28.0,6.0,1.0,3.0,2.0,53.2,1,1,1,1,9303,12059,1596,9917,3109,12242,8458,18829,5824,19,17214,17641,7786,508,1.0,27:54,2015,2016
2015-16,201935,James Harden,James,1610612745,HOU,Houston Rockets,21500170,2015-11-18T00:00:00,HOU vs. POR,W,47.4,8.0,0.0,4.0,6.0,15.0,6.0,12.0,36.0,1.0,3.0,2.0,12.0,84.1,1,1,1,1,35,308,10158,1913,5299,23079,13237,22259,1943,2692,25441,11390,27,2,1.0,47:24,2015,2016
2015-16,202710,Jimmy Butler III,Jimmy,1610612741,CHI,Chicago Bulls,21500174,2015-11-18T00:00:00,CHI @ PHX,W,42.8,7.0,0.0,5.0,8.0,13.0,9.0,23.0,42.0,0.0,2.0,2.0,5.0,44.2,1,1,1,1,216,548,10158,1277,3109,21300,19144,25880,670,8004,23588,11390,1539,1515,1.0,42:49,2015,2016
2015-16,203914,Gary Harris,Gary,1610612743,DEN,Denver Nuggets,21500172,2015-11-18T00:00:00,DEN @ SAS,L,27.0,2.0,3.0,4.0,8.0,5.0,6.0,6.0,26.0,0.0,0.0,0.0,1.0,24.9,1,13074,13074,13074,10015,6026,3104,1913,3109,8403,13237,13388,7214,8004,1,1,12373,8553,1.0,27:00,2015,2016
2015-16,203093,Terrence Jones,Terrence,1610612745,HOU,Houston Rockets,21500170,2015-11-18T00:00:00,HOU vs. POR,W,30.2,2.0,0.0,0.0,2.0,9.0,4.0,8.0,18.0,1.0,1.0,3.0,2.0,15.4,1,1,1,1,7360,6026,10158,9917,12984,15771,8458,17194,13577,2692,17214,17641,7786,15066,1.0,30:12,2015,2016
2015-16,201582,Alexis Ajinca,Alexis,1610612740,NOP,New Orleans Pelicans,21500171,2015-11-18T00:00:00,NOP @ OKC,L,22.6,0.0,0.0,0.0,8.0,10.0,11.0,4.0,20.0,2.0,0.0,5.0,1.0,30.5,1,13074,13074,13074,13661,12059,10158,9917,3109,17370,21814,8806,11929,932,1,24686,12373,5620,1.0,22:38,2015,2016
2015-16,201158,Marco Belinelli,Marco,1610612758,SAC,Sacramento Kings,21500169,2015-11-18T00:00:00,SAC @ ATL,L,26.5,2.0,2.0,0.0,2.0,17.0,8.0,7.0,28.0,0.0,0.0,2.0,2.0,11.6,1,13074,13074,13074,10462,6026,4731,9917,12984,24337,17345,15538,5824,8004,1,11390,7786,17970,1.0,26:29,2015,2016
2015-16,2594,Kyle Korver,Kyle,1610612737,ATL,Atlanta Hawks,21500169,2015-11-18T00:00:00,ATL vs. SAC,W,32.0,0.0,0.0,0.0,0.0,8.0,7.0,17.0,36.0,1.0,0.0,1.0,3.0,20.0,1,1,1,1,5899,12059,10158,9917,18861,13914,15642,24967,1943,2692,1,4972,4736,11752,1.0,31:59,2015,2016
2015-16,202714,Shelvin Mack,Shelvin,1610612737,ATL,Atlanta Hawks,21500169,2015-11-18T00:00:00,ATL vs. SAC,W,15.5,2.0,0.0,2.0,2.0,4.0,4.0,0.0,20.0,0.0,0.0,0.0,3.0,20.3,1,1,1,1,19386,6026,10158,4675,12984,6141,8458,1,11929,8004,1,1,4736,11534,1.0,15:32,2015,2016
2015-16,201147,Corey Brewer,Corey,1610612745,HOU,Houston Rockets,21500170,2015-11-18T00:00:00,HOU vs. POR,W,26.6,2.0,0.0,7.0,4.0,3.0,4.0,1.0,16.0,0.0,0.0,1.0,2.0,19.8,1,1,1,1,10393,6026,10158,454,8599,5109,8458,3646,15259,8004,1,4972,7786,11883,1.0,26:34,2015,2016
2015-16,2207,Joe Johnson,Joe,1610612751,BKN,Brooklyn Nets,21500165,2015-11-18T00:00:00,BKN @ CHA,L,36.5,2.0,0.0,1.0,4.0,10.0,11.0,4.0,28.0,0.0,2.0,1.0,1.0,26.3,1,13074,13074,13074,2384,6026,10158,9347,8599,17370,21814,8806,5824,8004,23588,4972,12373,7733,1.0,36:31,2015,2016
2015-16,203095,Evan Fournier,Evan,1610612753,ORL,Orlando Magic,21500166,2015-11-18T00:00:00,ORL vs. MIN,W,42.9,7.0,6.0,4.0,8.0,8.0,6.0,16.0,26.0,0.0,3.0,1.0,3.0,41.3,1,1,1,1,206,548,481,1913,3109,13914,13237,24641,7214,8004,25441,4972,4736,2074,1.0,42:56,2015,2016
2015-16,203109,Jae Crowder,Jae,1610612738,BOS,Boston Celtics,21500168,2015-11-18T00:00:00,BOS vs. DAL,L,34.5,6.0,4.0,0.0,0.0,21.0,7.0,8.0,20.0,0.0,2.0,1.0,2.0,26.7,1,13074,13074,13074,3924,878,1596,9917,18861,25535,15642,17194,11929,8004,23588,4972,7786,7525,1.0,34:32,2015,2016
2015-16,203924,Jerami Grant,Jerami,1610612755,PHI,Philadelphia 76ers,21500167,2015-11-18T00:00:00,PHI vs. IND,L,29.2,0.0,3.0,2.0,8.0,22.0,20.0,21.0,20.0,3.0,1.0,1.0,4.0,26.3,1,13074,13074,13074,8209,12059,3104,4675,3109,25683,25875,25725,11929,347,17214,4972,2748,7733,1.0,29:12,2015,2016
2015-16,202702,Kenneth Faried,Kenneth,1610612743,DEN,Denver Nuggets,21500172,2015-11-18T00:00:00,DEN @ SAS,L,28.8,0.0,0.0,0.0,10.0,5.0,2.0,6.0,28.0,0.0,1.0,2.0,1.0,30.9,1,13074,13074,13074,8509,12059,10158,9917,1840,8403,3734,13388,5824,8004,17214,11390,12373,5452,1.0,28:50,2015,2016
2015-16,203115,Will Barton,Will,1610612743,DEN,Denver Nuggets,21500172,2015-11-18T00:00:00,DEN @ SAS,L,21.7,4.0,2.0,4.0,8.0,7.0,0.0,9.0,16.0,1.0,1.0,1.0,2.0,27.3,1,13074,13074,13074,14458,2460,4731,1913,3109,12242,1,18829,15259,2692,17214,4972,7786,7236,1.0,21:40,2015,2016
2015-16,202339,Eric Bledsoe,Eric,1610612756,PHX,Phoenix Suns,21500174,2015-11-18T00:00:00,PHX vs. CHI,L,39.2,3.0,0.0,9.0,8.0,5.0,6.0,7.0,32.0,0.0,1.0,1.0,6.0,42.7,1,13074,13074,13074,1002,4307,10158,184,3109,8403,13237,15538,3535,8004,17214,4972,873,1800,1.0,39:10,2015,2016
2015-16,2550,Kirk Hinrich,Kirk,1610612741,CHI,Chicago Bulls,21500174,2015-11-18T00:00:00,CHI @ PHX,W,23.5,0.0,0.0,0.0,6.0,8.0,4.0,15.0,26.0,0.0,0.0,0.0,1.0,27.4,1,1,1,1,12952,12059,10158,9917,5299,13914,8458,24242,7214,8004,1,1,12373,7179,1.0,23:32,2015,2016
2015-16,203496,Robert Covington,Robert,1610612755,PHI,Philadelphia 76ers,21500167,2015-11-18T00:00:00,PHI vs. IND,L,22.9,4.0,0.0,2.0,8.0,23.0,7.0,22.0,16.0,1.0,1.0,2.0,3.0,20.5,1,13074,13074,13074,13448,2460,10158,4675,3109,25803,15642,25811,15259,2692,17214,11390,4736,11401,1.0,22:55,2015,2016
2015-16,203515,Phil Pressey,Phil,1610612755,PHI,Philadelphia 76ers,21500167,2015-11-18T00:00:00,PHI vs. IND,L,18.6,0.0,0.0,4.0,6.0,15.0,2.0,18.0,20.0,0.0,2.0,2.0,0.0,20.1,1,13074,13074,13074,16991,12059,10158,1913,5299,23079,3734,25228,11929,8004,23588,11390,18762,11685,1.0,18:38,2015,2016
2015-16,101135,David Lee,David,1610612738,BOS,Boston Celtics,21500168,2015-11-18T00:00:00,BOS vs. DAL,L,15.1,4.0,2.0,0.0,6.0,2.0,8.0,2.0,18.0,0.0,2.0,2.0,3.0,15.7,1,13074,13074,13074,19706,2460,4731,9917,5299,2619,17345,4025,13577,8004,23588,11390,4736,14841,1.0,15:04,2015,2016
2015-16,201568,Danilo Gallinari,Danilo,1610612743,DEN,Denver Nuggets,21500172,2015-11-18T00:00:00,DEN @ SAS,L,30.9,0.0,0.0,3.0,0.0,5.0,6.0,5.0,28.0,1.0,1.0,2.0,4.0,26.1,1,13074,13074,13074,6775,12059,10158,3302,18861,8403,13237,11593,5824,2692,17214,11390,2748,7836,1.0,30:56,2015,2016
2015-16,101139,CJ Miles,CJ,1610612754,IND,Indiana Pacers,21500167,2015-11-18T00:00:00,IND @ PHI,W,30.0,7.0,3.0,10.0,2.0,2.0,7.0,2.0,26.0,0.0,2.0,2.0,5.0,30.4,1,1,1,1,7525,548,3104,118,12984,2619,15642,4025,7214,8004,23588,11390,1539,5661,1.0,30:01,2015,2016
2015-16,202688,Brandon Knight,Brandon,1610612756,PHX,Phoenix Suns,21500174,2015-11-18T00:00:00,PHX vs. CHI,L,38.3,6.0,0.0,6.0,10.0,7.0,8.0,7.0,36.0,0.0,0.0,2.0,3.0,30.6,1,13074,13074,13074,1372,878,10158,740,1840,12242,17345,15538,1943,8004,1,11390,4736,5574,1.0,38:18,2015,2016
2015-16,203463,Ben McLemore,Ben,1610612758,SAC,Sacramento Kings,21500169,2015-11-18T00:00:00,SAC @ ATL,L,17.9,2.0,3.0,5.0,2.0,7.0,2.0,2.0,14.0,0.0,1.0,0.0,1.0,15.2,1,13074,13074,13074,17579,6026,3104,1277,12984,12242,3734,4025,17019,8004,17214,1,12373,15219,1.0,17:55,2015,2016
2015-16,1626174,Christian Wood,Christian,1610612755,PHI,Philadelphia 76ers,21500167,2015-11-18T00:00:00,PHI vs. IND,L,10.7,2.0,0.0,2.0,2.0,4.0,2.0,9.0,12.0,2.0,0.0,2.0,0.0,15.1,1,13074,13074,13074,22160,6026,10158,4675,12984,6141,3734,18829,18637,932,1,11390,18762,15328,1.0,10:41,2015,2016
2015-16,202695,Kawhi Leonard,Kawhi,1610612759,SAS,San Antonio Spurs,21500172,2015-11-18T00:00:00,SAS vs. DEN,W,36.8,3.0,0.0,5.0,8.0,7.0,11.0,14.0,40.0,1.0,2.0,2.0,3.0,43.1,1,1,1,1,2204,4307,10158,1277,3109,12242,21814,23710,983,2692,23588,11390,4736,1713,1.0,36:49,2015,2016
2015-16,2730,Dwight Howard,Dwight,1610612745,HOU,Houston Rockets,21500170,2015-11-18T00:00:00,HOU vs. POR,W,40.3,0.0,2.0,0.0,4.0,11.0,5.0,5.0,30.0,3.0,1.0,4.0,6.0,41.8,1,1,1,1,659,12059,4731,9917,8599,18886,11469,11593,4541,347,17214,22104,873,1981,1.0,40:16,2015,2016
2015-16,201150,Spencer Hawes,Spencer,1610612766,CHA,Charlotte Hornets,21500165,2015-11-18T00:00:00,CHA vs. BKN,W,17.6,0.0,0.0,2.0,6.0,4.0,2.0,2.0,14.0,0.0,0.0,1.0,0.0,19.8,1,1,1,1,17820,12059,10158,4675,5299,6141,3734,4025,17019,8004,1,4972,18762,11883,1.0,17:37,2015,2016
2015-16,1891,Jason Terry,Jason,1610612745,HOU,Houston Rockets,21500170,2015-11-18T00:00:00,HOU vs. POR,W,28.9,0.0,2.0,0.0,0.0,11.0,1.0,10.0,24.0,0.0,0.0,5.0,1.0,15.3,1,1,1,1,8446,12059,4731,9917,18861,18886,3393,20169,8723,8004,1,24686,12373,15150,1.0,28:54,2015,2016
2015-16,202699,Tobias Harris,Tobias,1610612753,ORL,Orlando Magic,21500166,2015-11-18T00:00:00,ORL vs. MIN,W,42.4,0.0,0.0,4.0,6.0,11.0,10.0,20.0,34.0,0.0,2.0,2.0,2.0,27.0,1,1,1,1,262,12059,10158,1913,5299,18886,20509,25599,2701,8004,23588,11390,7786,7385,1.0,42:23,2015,2016
2015-16,2772,Trevor Ariza,Trevor,1610612745,HOU,Houston Rockets,21500170,2015-11-18T00:00:00,HOU vs. POR,W,37.1,2.0,3.0,2.0,2.0,12.0,3.0,11.0,26.0,0.0,1.0,2.0,2.0,30.6,1,1,1,1,2034,6026,3104,4675,12984,20178,7138,21342,7214,8004,17214,11390,7786,5574,1.0,37:05,2015,2016
2015-16,203934,Lamar Patterson,Lamar,1610612737,ATL,Atlanta Hawks,21500169,2015-11-18T00:00:00,ATL vs. SAC,W,25.1,2.0,0.0,0.0,2.0,8.0,7.0,6.0,28.0,0.0,0.0,3.0,2.0,20.0,1,1,1,1,11619,6026,10158,9917,12984,13914,15642,13388,5824,8004,1,17641,7786,11752,1.0,25:04,2015,2016
2015-16,203932,Aaron Gordon,Aaron,1610612753,ORL,Orlando Magic,21500166,2015-11-18T00:00:00,ORL vs. MIN,W,13.8,0.0,1.0,0.0,4.0,0.0,2.0,4.0,8.0,2.0,0.0,1.0,2.0,15.4,1,1,1,1,20547,12059,9709,9917,8599,1,3734,8806,21543,932,1,4972,7786,15066,1.0,13:46,2015,2016
2015-16,201152,Thaddeus Young,Thaddeus,1610612751,BKN,Brooklyn Nets,21500165,2015-11-18T00:00:00,BKN @ CHA,L,32.9,2.0,4.0,4.0,18.0,6.0,9.0,6.0,22.0,0.0,0.0,3.0,3.0,41.1,1,13074,13074,13074,5218,6026,1596,1913,131,10028,19144,13388,10265,8004,1,17641,4736,2123,1.0,32:53,2015,2016
2015-16,203200,Justin Holiday,Justin,1610612737,ATL,Atlanta Hawks,21500169,2015-11-18T00:00:00,ATL vs. SAC,W,17.6,0.0,0.0,0.0,0.0,6.0,6.0,12.0,22.0,0.0,1.0,0.0,0.0,12.1,1,1,1,1,17807,12059,10158,9917,18861,10028,13237,22259,10265,8004,17214,1,18762,17639,1.0,17:38,2015,2016
2015-16,101127,Jarrett Jack,Jarrett,1610612751,BKN,Brooklyn Nets,21500165,2015-11-18T00:00:00,BKN @ CHA,L,33.4,2.0,0.0,3.0,4.0,10.0,11.0,6.0,26.0,2.0,1.0,3.0,2.0,42.1,1,13074,13074,13074,4811,6026,10158,3302,8599,17370,21814,13388,7214,932,17214,17641,7786,1910,1.0,33:24,2015,2016
2015-16,201937,Ricky Rubio,Ricky,1610612750,MIN,Minnesota Timberwolves,21500166,2015-11-18T00:00:00,MIN @ ORL,L,34.9,2.0,0.0,4.0,4.0,13.0,13.0,12.0,42.0,0.0,0.0,3.0,3.0,40.4,1,13074,13074,13074,3581,6026,10158,1913,8599,21300,23668,22259,670,8004,1,17641,4736,2274,1.0,34:56,2015,2016
2015-16,101145,Monta Ellis,Monta,1610612754,IND,Indiana Pacers,21500167,2015-11-18T00:00:00,IND @ PHI,W,26.6,7.0,2.0,3.0,2.0,0.0,8.0,2.0,16.0,2.0,0.0,1.0,2.0,31.1,1,1,1,1,10360,548,4731,3302,12984,1,17345,4025,15259,932,1,4972,7786,5354,1.0,26:37,2015,2016
2015-16,202087,Alonzo Gee,Alonzo,1610612740,NOP,New Orleans Pelicans,21500171,2015-11-18T00:00:00,NOP @ OKC,L,30.7,0.0,0.0,0.0,0.0,8.0,11.0,7.0,28.0,1.0,0.0,2.0,1.0,15.2,1,13074,13074,13074,6970,12059,10158,9917,18861,13914,21814,15538,5824,2692,1,11390,12373,15219,1.0,30:40,2015,2016
2015-16,202337,Luke Babbitt,Luke,1610612740,NOP,New Orleans Pelicans,21500171,2015-11-18T00:00:00,NOP @ OKC,L,26.6,0.0,2.0,0.0,2.0,5.0,7.0,5.0,30.0,1.0,0.0,3.0,0.0,15.7,1,13074,13074,13074,10393,12059,4731,9917,12984,8403,15642,11593,4541,2692,1,17641,18762,14841,1.0,26:34,2015,2016
2015-16,201587,Nicolas Batum,Nicolas,1610612766,CHA,Charlotte Hornets,21500165,2015-11-18T00:00:00,CHA vs. BKN,W,40.6,0.0,2.0,2.0,4.0,15.0,5.0,12.0,44.0,2.0,0.0,1.0,4.0,42.2,1,1,1,1,578,12059,4731,4675,8599,23079,11469,22259,454,932,1,4972,2748,1892,1.0,40:36,2015,2016
2015-16,101107,Marvin Williams,Marvin,1610612766,CHA,Charlotte Hornets,21500165,2015-11-18T00:00:00,CHA vs. BKN,W,35.9,7.0,7.0,0.0,4.0,5.0,9.0,8.0,30.0,1.0,0.0,1.0,2.0,32.8,1,1,1,1,2819,548,292,9917,8599,8403,19144,17194,4541,2692,1,4972,7786,4609,1.0,35:55,2015,2016
2015-16,101114,Deron Williams,Deron,1610612742,DAL,Dallas Mavericks,21500168,2015-11-18T00:00:00,DAL @ BOS,W,36.8,9.0,2.0,0.0,2.0,17.0,17.0,5.0,34.0,1.0,0.0,1.0,5.0,37.6,1,1,1,1,2225,171,4731,9917,12984,24337,25429,11593,2701,2692,1,4972,1539,3018,1.0,36:48,2015,2016
2015-16,201589,Darrell Arthur,Darrell,1610612743,DEN,Denver Nuggets,21500172,2015-11-18T00:00:00,DEN @ SAS,L,18.3,0.0,2.0,0.0,2.0,7.0,4.0,6.0,14.0,0.0,0.0,1.0,0.0,14.0,1,13074,13074,13074,17292,12059,4731,9917,12984,12242,8458,13388,17019,8004,1,4972,18762,16166,1.0,18:16,2015,2016
2015-16,1626144,Emmanuel Mudiay,Emmanuel,1610612743,DEN,Denver Nuggets,21500172,2015-11-18T00:00:00,DEN @ SAS,L,26.8,3.0,0.0,3.0,4.0,8.0,2.0,6.0,26.0,0.0,2.0,2.0,1.0,17.1,1,13074,13074,13074,10155,4307,10158,3302,8599,13914,3734,13388,7214,8004,23588,11390,12373,13791,1.0,26:50,2015,2016
2015-16,203096,Jared Sullinger,Jared,1610612738,BOS,Boston Celtics,21500168,2015-11-18T00:00:00,BOS vs. DAL,L,30.4,0.0,6.0,0.0,10.0,21.0,4.0,10.0,18.0,0.0,2.0,3.0,3.0,38.9,1,13074,13074,13074,7155,12059,481,9917,1840,25535,8458,20169,13577,8004,23588,17641,4736,2667,1.0,30:26,2015,2016
2015-16,101109,Raymond Felton,Raymond,1610612742,DAL,Dallas Mavericks,21500168,2015-11-18T00:00:00,DAL @ BOS,W,25.2,2.0,0.0,2.0,6.0,13.0,6.0,0.0,18.0,0.0,0.0,3.0,2.0,22.4,1,1,1,1,11549,6026,10158,4675,5299,21300,13237,1,13577,8004,1,17641,7786,10131,1.0,25:10,2015,2016
2015-16,202692,Alec Burks,Alec,1610612762,UTA,Utah Jazz,21500173,2015-11-18T00:00:00,UTA vs. TOR,W,26.7,0.0,2.0,4.0,6.0,11.0,8.0,4.0,26.0,1.0,0.0,3.0,1.0,22.4,1,1,1,1,10321,12059,4731,1913,5299,18886,17345,8806,7214,2692,1,17641,12373,10131,1.0,26:39,2015,2016
2015-16,203468,CJ McCollum,CJ,1610612757,POR,Portland Trail Blazers,21500170,2015-11-18T00:00:00,POR @ HOU,L,38.5,4.0,0.0,6.0,10.0,12.0,7.0,9.0,14.0,0.0,1.0,3.0,4.0,38.6,1,13074,13074,13074,1302,2460,10158,740,1840,20178,15642,18829,17019,8004,17214,17641,2748,2744,1.0,38:27,2015,2016
2015-16,202340,Avery Bradley,Avery,1610612738,BOS,Boston Celtics,21500168,2015-11-18T00:00:00,BOS vs. DAL,L,31.4,3.0,5.0,3.0,4.0,19.0,8.0,8.0,22.0,0.0,1.0,6.0,1.0,39.7,1,13074,13074,13074,6402,4307,995,3302,8599,25074,17345,17194,10265,8004,17214,25827,12373,2451,1.0,31:23,2015,2016
2015-16,2734,Devin Harris,Devin,1610612742,DAL,Dallas Mavericks,21500168,2015-11-18T00:00:00,DAL @ BOS,W,16.2,0.0,0.0,2.0,2.0,10.0,9.0,5.0,16.0,1.0,1.0,1.0,1.0,13.9,1,1,1,1,18932,12059,10158,4675,12984,17370,19144,11593,15259,2692,17214,4972,12373,16232,1.0,16:09,2015,2016
2015-16,202683,Enes Freedom,Enes,1610612760,OKC,Oklahoma City Thunder,21500171,2015-11-18T00:00:00,OKC vs. NOP,W,31.5,4.0,6.0,0.0,16.0,17.0,4.0,4.0,30.0,0.0,1.0,3.0,7.0,39.8,1,1,1,1,6335,2460,481,9917,275,24337,8458,8806,4541,8004,17214,17641,469,2422,1.0,31:28,2015,2016
2015-16,101133,Ian Mahinmi,Ian,1610612754,IND,Indiana Pacers,21500167,2015-11-18T00:00:00,IND @ PHI,W,28.0,2.0,0.0,2.0,2.0,2.0,7.0,2.0,16.0,2.0,0.0,3.0,0.0,28.4,1,1,1,1,9228,6026,10158,4675,12984,2619,15642,4025,15259,932,1,17641,18762,6663,1.0,28:00,2015,2016
2015-16,2585,Zaza Pachulia,Zaza,1610612742,DAL,Dallas Mavericks,21500168,2015-11-18T00:00:00,DAL @ BOS,W,31.8,2.0,0.0,0.0,8.0,10.0,8.0,0.0,26.0,1.0,0.0,3.0,5.0,31.9,1,1,1,1,6045,6026,10158,9917,3109,17370,17345,1,7214,2692,1,17641,1539,4984,1.0,31:50,2015,2016
2015-16,202696,Nikola Vučević,Nikola,1610612753,ORL,Orlando Magic,21500166,2015-11-18T00:00:00,ORL vs. MIN,W,16.2,0.0,6.0,0.0,8.0,2.0,4.0,8.0,16.0,0.0,3.0,1.0,0.0,22.1,1,1,1,1,18932,12059,481,9917,3109,2619,8458,17194,15259,8004,25441,4972,18762,10332,1.0,16:09,2015,2016
2015-16,203918,Rodney Hood,Rodney,1610612762,UTA,Utah Jazz,21500173,2015-11-18T00:00:00,UTA vs. TOR,W,34.6,2.0,2.0,0.0,4.0,13.0,9.0,4.0,32.0,0.0,2.0,2.0,3.0,28.2,1,1,1,1,3878,6026,4731,9917,8599,21300,19144,8806,3535,8004,23588,11390,4736,6778,1.0,34:35,2015,2016
2015-16,202709,Cory Joseph,Cory,1610612761,TOR,Toronto Raptors,21500173,2015-11-18T00:00:00,TOR @ UTA,L,21.8,2.0,2.0,0.0,2.0,4.0,9.0,7.0,18.0,0.0,0.0,1.0,2.0,13.6,1,13074,13074,13074,14316,6026,4731,9917,12984,6141,19144,15538,13577,8004,1,4972,7786,16460,1.0,21:49,2015,2016
2015-16,201941,Jordan Hill,Jordan,1610612754,IND,Indiana Pacers,21500167,2015-11-18T00:00:00,IND @ PHI,W,21.2,2.0,2.0,0.0,8.0,8.0,5.0,10.0,34.0,1.0,2.0,3.0,2.0,21.9,1,1,1,1,14849,6026,4731,9917,3109,13914,11469,20169,2701,2692,23588,17641,7786,10460,1.0,21:14,2015,2016
2015-16,204456,T.J. McConnell,T.J.,1610612755,PHI,Philadelphia 76ers,21500167,2015-11-18T00:00:00,PHI vs. IND,L,20.1,0.0,0.0,0.0,4.0,15.0,15.0,10.0,18.0,0.0,0.0,0.0,0.0,22.7,1,13074,13074,13074,15851,12059,10158,9917,8599,23079,24781,20169,13577,8004,1,1,18762,9938,1.0,20:05,2015,2016
2015-16,201978,Chase Budinger,Chase,1610612754,IND,Indiana Pacers,21500167,2015-11-18T00:00:00,IND @ PHI,W,30.6,4.0,4.0,4.0,6.0,10.0,8.0,10.0,40.0,2.0,1.0,2.0,2.0,31.7,1,1,1,1,7022,2460,1596,1913,5299,17370,17345,20169,983,932,17214,11390,7786,5088,1.0,30:36,2015,2016
2015-16,201960,DeMarre Carroll,DeMarre,1610612761,TOR,Toronto Raptors,21500173,2015-11-18T00:00:00,TOR @ UTA,L,34.7,0.0,0.0,0.0,0.0,8.0,3.0,9.0,36.0,1.0,0.0,3.0,3.0,22.2,1,13074,13074,13074,3778,12059,10158,9917,18861,13914,7138,18829,1943,2692,1,17641,4736,10263,1.0,34:42,2015,2016
2015-16,203524,Solomon Hill,Solomon,1610612754,IND,Indiana Pacers,21500167,2015-11-18T00:00:00,IND @ PHI,W,10.6,0.0,0.0,2.0,2.0,4.0,5.0,10.0,18.0,0.0,1.0,1.0,0.0,13.5,1,1,1,1,22201,12059,10158,4675,12984,6141,11469,20169,13577,8004,17214,4972,18762,16552,1.0,10:34,2015,2016
2015-16,203894,Shabazz Napier,Shabazz,1610612753,ORL,Orlando Magic,21500166,2015-11-18T00:00:00,ORL vs. MIN,W,14.7,6.0,3.0,0.0,2.0,3.0,6.0,10.0,16.0,0.0,0.0,0.0,5.0,13.5,1,1,1,1,19947,878,3104,9917,12984,5109,13237,20169,15259,8004,1,1,1539,16552,1.0,14:43,2015,2016
2015-16,201942,DeMar DeRozan,DeMar,1610612761,TOR,Toronto Raptors,21500173,2015-11-18T00:00:00,TOR @ UTA,L,34.6,2.0,2.0,0.0,10.0,7.0,6.0,8.0,38.0,0.0,0.0,3.0,3.0,27.6,1,13074,13074,13074,3863,6026,4731,9917,1840,12242,13237,17194,1422,8004,1,17641,4736,7080,1.0,34:36,2015,2016
2015-16,203952,Andrew Wiggins,Andrew,1610612750,MIN,Minnesota Timberwolves,21500166,2015-11-18T00:00:00,MIN @ ORL,L,38.2,2.0,4.0,8.0,8.0,15.0,13.0,19.0,48.0,2.0,0.0,2.0,9.0,39.5,1,13074,13074,13074,1424,6026,1596,280,3109,23079,23668,25435,192,932,1,11390,138,2497,1.0,38:12,2015,2016
2015-16,203917,Nik Stauskas,Nik,1610612755,PHI,Philadelphia 76ers,21500167,2015-11-18T00:00:00,PHI vs. IND,L,21.1,0.0,5.0,2.0,4.0,12.0,11.0,10.0,16.0,1.0,2.0,2.0,1.0,13.7,1,13074,13074,13074,14974,12059,995,4675,8599,20178,21814,20169,15259,2692,23588,11390,12373,16393,1.0,21:06,2015,2016
2015-16,202689,Kemba Walker,Kemba,1610612766,CHA,Charlotte Hornets,21500165,2015-11-18T00:00:00,CHA vs. BKN,W,29.2,1.0,2.0,2.0,2.0,11.0,5.0,10.0,34.0,0.0,3.0,3.0,7.0,37.9,1,1,1,1,8230,11535,4731,4675,12984,18886,11469,20169,2701,8004,25441,17641,469,2931,1.0,29:11,2015,2016
2015-16,202730,Lavoy Allen,Lavoy,1610612754,IND,Indiana Pacers,21500167,2015-11-18T00:00:00,IND @ PHI,W,19.1,4.0,4.0,1.0,6.0,0.0,4.0,2.0,10.0,1.0,0.0,2.0,1.0,22.2,1,1,1,1,16600,2460,1596,9347,5299,1,8458,4025,20209,2692,1,11390,12373,10263,1.0,19:07,2015,2016
2015-16,203497,Rudy Gobert,Rudy,1610612762,UTA,Utah Jazz,21500173,2015-11-18T00:00:00,UTA vs. TOR,W,38.6,0.0,0.0,0.0,6.0,15.0,11.0,4.0,34.0,2.0,1.0,3.0,3.0,17.5,1,1,1,1,1211,12059,10158,9917,5299,23079,21814,8806,2701,932,17214,17641,4736,13528,1.0,38:37,2015,2016
2015-16,203922,Glenn Robinson III,Glenn,1610612754,IND,Indiana Pacers,21500167,2015-11-18T00:00:00,IND @ PHI,W,20.5,2.0,0.0,8.0,4.0,10.0,7.0,10.0,28.0,0.0,0.0,0.0,2.0,17.6,1,1,1,1,15477,6026,10158,280,8599,17370,15642,20169,5824,8004,1,1,7786,13443,1.0,20:30,2015,2016
2015-16,2225,Tony Parker,Tony,1610612759,SAS,San Antonio Spurs,21500172,2015-11-18T00:00:00,SAS vs. DEN,W,32.4,2.0,0.0,0.0,16.0,7.0,9.0,14.0,30.0,0.0,0.0,1.0,4.0,37.9,1,1,1,1,5604,6026,10158,9917,275,12242,19144,23710,4541,8004,1,4972,2748,2931,1.0,32:21,2015,2016
2015-16,2561,David West,David,1610612759,SAS,San Antonio Spurs,21500172,2015-11-18T00:00:00,SAS vs. DEN,W,16.3,2.0,0.0,0.0,4.0,4.0,8.0,4.0,18.0,0.0,0.0,1.0,1.0,13.6,1,1,1,1,18852,6026,10158,9917,8599,6141,17345,8806,13577,8004,1,4972,12373,16460,1.0,16:15,2015,2016
2015-16,1626202,Joe Young,Joe,1610612754,IND,Indiana Pacers,21500167,2015-11-18T00:00:00,IND @ PHI,W,21.4,0.0,0.0,0.0,2.0,10.0,4.0,10.0,34.0,0.0,1.0,0.0,1.0,13.7,1,1,1,1,14708,12059,10158,9917,12984,17370,8458,20169,2701,8004,17214,1,12373,16393,1.0,21:23,2015,2016
2015-16,200782,P.J. Tucker,P.J.,1610612756,PHX,Phoenix Suns,21500174,2015-11-18T00:00:00,PHX vs. CHI,L,33.9,2.0,2.0,5.0,12.0,5.0,2.0,7.0,28.0,0.0,0.0,2.0,2.0,28.4,1,13074,13074,13074,4454,6026,4731,1277,988,8403,3734,15538,5824,8004,1,11390,7786,6663,1.0,33:52,2015,2016
2015-16,201572,Brook Lopez,Brook,1610612751,BKN,Brooklyn Nets,21500165,2015-11-18T00:00:00,BKN @ CHA,L,35.2,2.0,3.0,0.0,10.0,5.0,8.0,6.0,28.0,2.0,2.0,5.0,4.0,38.5,1,13074,13074,13074,3397,6026,3104,9917,1840,8403,17345,13388,5824,932,23588,24686,2748,2771,1.0,35:12,2015,2016
2015-16,202323,Evan Turner,Evan,1610612738,BOS,Boston Celtics,21500168,2015-11-18T00:00:00,BOS vs. DAL,L,23.9,0.0,0.0,0.0,2.0,15.0,4.0,6.0,20.0,0.0,0.0,0.0,2.0,14.1,1,13074,13074,13074,12676,12059,10158,9917,12984,23079,8458,13388,11929,8004,1,1,7786,16094,1.0,23:53,2015,2016
2015-16,200746,LaMarcus Aldridge,LaMarcus,1610612759,SAS,San Antonio Spurs,21500172,2015-11-18T00:00:00,SAS vs. DEN,W,31.7,0.0,2.0,0.0,2.0,7.0,9.0,12.0,34.0,2.0,2.0,2.0,4.0,32.9,1,1,1,1,6167,12059,4731,9917,12984,12242,19144,22259,2701,932,23588,11390,2748,4566,1.0,31:40,2015,2016
2015-16,202326,DeMarcus Cousins,DeMarcus,1610612758,SAC,Sacramento Kings,21500169,2015-11-18T00:00:00,SAC @ ATL,L,34.3,2.0,3.0,5.0,8.0,14.0,9.0,6.0,34.0,0.0,2.0,4.0,7.0,39.9,1,13074,13074,13074,4067,6026,3104,1277,3109,22292,19144,13388,2701,8004,23588,22104,469,2396,1.0,34:21,2015,2016
2015-16,202738,Isaiah Thomas,Isaiah,1610612738,BOS,Boston Celtics,21500168,2015-11-18T00:00:00,BOS vs. DAL,L,32.8,5.0,2.0,2.0,10.0,12.0,10.0,10.0,26.0,0.0,0.0,3.0,8.0,33.2,1,13074,13074,13074,5295,1603,4731,4675,1840,20178,20509,20169,7214,8004,1,17641,254,4462,1.0,32:46,2015,2016
2015-16,203471,Dennis Schröder,Dennis,1610612737,ATL,Atlanta Hawks,21500169,2015-11-18T00:00:00,ATL vs. SAC,W,32.5,3.0,5.0,2.0,10.0,10.0,8.0,19.0,34.0,0.0,0.0,3.0,1.0,32.4,1,1,1,1,5530,4307,995,4675,1840,17370,17345,25435,2701,8004,1,17641,12373,4768,1.0,32:28,2015,2016
2015-16,2446,Rasual Butler,Rasual,1610612759,SAS,San Antonio Spurs,21500172,2015-11-18T00:00:00,SAS vs. DEN,W,14.5,0.0,0.0,0.0,0.0,4.0,6.0,2.0,18.0,2.0,0.0,0.0,0.0,17.1,1,1,1,1,20087,12059,10158,9917,18861,6141,13237,4025,13577,932,1,1,18762,13791,1.0,14:32,2015,2016
2015-16,201956,Omri Casspi,Omri,1610612758,SAC,Sacramento Kings,21500169,2015-11-18T00:00:00,SAC @ ATL,L,22.2,2.0,0.0,2.0,8.0,4.0,6.0,5.0,18.0,0.0,0.0,2.0,0.0,13.8,1,13074,13074,13074,13991,6026,10158,4675,3109,6141,13237,11593,13577,8004,1,11390,18762,16311,1.0,22:13,2015,2016
2015-16,202391,Jeremy Lin,Jeremy,1610612766,CHA,Charlotte Hornets,21500165,2015-11-18T00:00:00,CHA vs. BKN,W,28.9,2.0,0.0,2.0,10.0,8.0,4.0,6.0,24.0,0.0,1.0,3.0,3.0,28.8,1,1,1,1,8475,6026,10158,4675,1840,13914,8458,13388,8723,8004,17214,17641,4736,6465,1.0,28:52,2015,2016
2015-16,203087,Jeremy Lamb,Jeremy,1610612766,CHA,Charlotte Hornets,21500165,2015-11-18T00:00:00,CHA vs. BKN,W,21.4,2.0,0.0,0.0,2.0,8.0,4.0,4.0,20.0,1.0,0.0,0.0,1.0,14.1,1,1,1,1,14657,6026,10158,9917,12984,13914,8458,8806,11929,2692,1,1,12373,16094,1.0,21:26,2015,2016
2015-16,202344,Trevor Booker,Trevor,1610612762,UTA,Utah Jazz,21500173,2015-11-18T00:00:00,UTA vs. TOR,W,15.3,0.0,2.0,0.0,4.0,9.0,4.0,4.0,14.0,0.0,0.0,0.0,0.0,13.0,1,1,1,1,19569,12059,4731,9917,8599,15771,8458,8806,17019,8004,1,1,18762,16969,1.0,15:17,2015,2016
2015-16,203526,Raul Neto,Raul,1610612762,UTA,Utah Jazz,21500173,2015-11-18T00:00:00,UTA vs. TOR,W,17.7,4.0,0.0,4.0,6.0,7.0,3.0,2.0,12.0,0.0,0.0,1.0,0.0,13.0,1,1,1,1,17765,2460,10158,1913,5299,12242,7138,4025,18637,8004,1,4972,18762,16969,1.0,17:41,2015,2016
2015-16,203506,Victor Oladipo,Victor,1610612753,ORL,Orlando Magic,21500166,2015-11-18T00:00:00,ORL vs. MIN,W,20.1,0.0,0.0,0.0,0.0,7.0,6.0,8.0,16.0,1.0,0.0,4.0,3.0,12.6,1,1,1,1,15808,12059,10158,9917,18861,12242,13237,17194,15259,2692,1,22104,4736,17277,1.0,20:08,2015,2016
2015-16,203926,Doug McDermott,Doug,1610612741,CHI,Chicago Bulls,21500174,2015-11-18T00:00:00,CHI @ PHX,W,25.2,0.0,2.0,0.0,6.0,9.0,5.0,8.0,20.0,0.0,0.0,1.0,0.0,16.0,1,1,1,1,11511,12059,4731,9917,5299,15771,11469,17194,11929,8004,1,4972,18762,14590,1.0,25:14,2015,2016
2015-16,203460,Andre Roberson,Andre,1610612760,OKC,Oklahoma City Thunder,21500171,2015-11-18T00:00:00,OKC vs. NOP,W,29.4,0.0,1.0,2.0,4.0,14.0,6.0,0.0,34.0,0.0,0.0,2.0,1.0,21.1,1,1,1,1,8013,12059,9709,4675,8599,22292,13237,1,2701,8004,1,11390,12373,11012,1.0,29:27,2015,2016
2015-16,200826,J.J. Barea,J.J.,1610612742,DAL,Dallas Mavericks,21500168,2015-11-18T00:00:00,DAL @ BOS,W,18.3,2.0,0.0,2.0,6.0,7.0,6.0,0.0,14.0,0.0,0.0,5.0,2.0,13.1,1,1,1,1,17278,6026,10158,4675,5299,12242,13237,1,17019,8004,1,24686,7786,16874,1.0,18:17,2015,2016
2015-16,201973,Jonas Jerebko,Jonas,1610612738,BOS,Boston Celtics,21500168,2015-11-18T00:00:00,BOS vs. DAL,L,4.5,0.0,0.0,0.0,0.0,0.0,0.0,0.0,0.0,0.0,0.0,1.0,0.0,2.4,1,13074,13074,13074,24540,12059,10158,9917,18861,1,1,1,25429,8004,1,4972,18762,24024,1.0,4:31,2015,2016
2015-16,1626149,Montrezl Harrell,Montrezl,1610612745,HOU,Houston Rockets,21500170,2015-11-18T00:00:00,HOU vs. POR,W,6.5,0.0,0.0,0.0,0.0,0.0,1.0,0.0,0.0,0.0,0.0,1.0,1.0,3.0,1,1,1,1,23763,12059,10158,9917,18861,1,3393,1,25429,8004,1,4972,12373,23648,1.0,6:28,2015,2016
2015-16,203079,Dion Waiters,Dion,1610612760,OKC,Oklahoma City Thunder,21500171,2015-11-18T00:00:00,OKC vs. NOP,W,30.5,0.0,0.0,0.0,4.0,15.0,8.0,4.0,28.0,0.0,1.0,2.0,0.0,12.8,1,1,1,1,7077,12059,10158,9917,8599,23079,17345,8806,5824,8004,17214,11390,18762,17129,1.0,30:32,2015,2016
2015-16,101161,Amir Johnson,Amir,1610612738,BOS,Boston Celtics,21500168,2015-11-18T00:00:00,BOS vs. DAL,L,28.4,0.0,0.0,0.0,6.0,17.0,5.0,8.0,24.0,0.0,0.0,3.0,1.0,16.0,1,13074,13074,13074,8907,12059,10158,9917,5299,24337,11469,17194,8723,8004,1,17641,12373,14590,1.0,28:25,2015,2016
2015-16,201149,Joakim Noah,Joakim,1610612741,CHI,Chicago Bulls,21500174,2015-11-18T00:00:00,CHI @ PHX,W,20.1,0.0,0.0,0.0,0.0,5.0,5.0,9.0,18.0,1.0,0.0,3.0,1.0,16.2,1,1,1,1,15808,12059,10158,9917,18861,8403,11469,18829,13577,2692,1,17641,12373,14436,1.0,20:08,2015,2016
2015-16,201954,Darren Collison,Darren,1610612758,SAC,Sacramento Kings,21500169,2015-11-18T00:00:00,SAC @ ATL,L,27.7,0.0,0.0,3.0,4.0,11.0,11.0,7.0,26.0,0.0,1.0,4.0,0.0,20.9,1,13074,13074,13074,9430,12059,10158,3302,8599,18886,21814,15538,7214,8004,17214,22104,18762,11132,1.0,27:44,2015,2016
2015-16,201961,Wayne Ellington,Wayne,1610612751,BKN,Brooklyn Nets,21500165,2015-11-18T00:00:00,BKN @ CHA,L,14.1,0.0,2.0,0.0,0.0,4.0,0.0,4.0,16.0,0.0,0.0,1.0,0.0,7.9,1,13074,13074,13074,20359,12059,4731,9917,18861,6141,1,8806,15259,8004,1,4972,18762,20646,1.0,14:06,2015,2016
2015-16,2564,Boris Diaw,Boris,1610612759,SAS,San Antonio Spurs,21500172,2015-11-18T00:00:00,SAS vs. DEN,W,20.0,0.0,0.0,0.0,2.0,4.0,13.0,7.0,24.0,0.0,0.0,3.0,0.0,7.9,1,1,1,1,15899,12059,10158,9917,12984,6141,23668,15538,8723,8004,1,17641,18762,20646,1.0,20:01,2015,2016
2015-16,204025,Tim Frazier,Tim,1610612757,POR,Portland Trail Blazers,21500170,2015-11-18T00:00:00,POR @ HOU,L,5.9,0.0,0.0,0.0,0.0,2.0,2.0,0.0,2.0,0.0,0.0,0.0,0.0,7.7,1,13074,13074,13074,24017,12059,10158,9917,18861,2619,3734,1,24614,8004,1,1,18762,20733,1.0,5:52,2015,2016
2015-16,203094,Andrew Nicholson,Andrew,1610612753,ORL,Orlando Magic,21500166,2015-11-18T00:00:00,ORL vs. MIN,W,21.6,3.0,2.0,0.0,2.0,5.0,2.0,10.0,12.0,0.0,2.0,2.0,0.0,16.4,1,1,1,1,14552,4307,4731,9917,12984,8403,3734,20169,18637,8004,23588,11390,18762,14289,1.0,21:33,2015,2016
2015-16,1626143,Jahlil Okafor,Jahlil,1610612755,PHI,Philadelphia 76ers,21500167,2015-11-18T00:00:00,PHI vs. IND,L,31.4,4.0,3.0,0.0,10.0,26.0,18.0,19.0,32.0,0.0,2.0,1.0,3.0,21.2,1,13074,13074,13074,6407,2460,3104,9917,1840,25979,25634,25435,3535,8004,23588,4972,4736,10936,1.0,31:22,2015,2016
2015-16,200745,Andrea Bargnani,Andrea,1610612751,BKN,Brooklyn Nets,21500165,2015-11-18T00:00:00,BKN @ CHA,L,11.9,2.0,0.0,0.0,2.0,2.0,0.0,4.0,14.0,0.0,1.0,1.0,0.0,8.0,1,13074,13074,13074,21662,6026,10158,9917,12984,2619,1,8806,17019,8004,17214,4972,18762,20564,1.0,11:51,2015,2016
2015-16,203488,Mike Muscala,Mike,1610612737,ATL,Atlanta Hawks,21500169,2015-11-18T00:00:00,ATL vs. SAC,W,9.9,0.0,0.0,0.0,0.0,2.0,0.0,2.0,16.0,1.0,0.0,0.0,1.0,8.0,1,1,1,1,22478,12059,10158,9917,18861,2619,1,4025,15259,2692,1,1,12373,20564,1.0,9:56,2015,2016
2015-16,201166,Aaron Brooks,Aaron,1610612741,CHI,Chicago Bulls,21500174,2015-11-18T00:00:00,CHI @ PHX,W,19.5,0.0,0.0,0.0,4.0,4.0,2.0,8.0,16.0,0.0,0.0,2.0,0.0,16.7,1,1,1,1,16328,12059,10158,9917,8599,6141,3734,17194,15259,8004,1,11390,18762,14064,1.0,19:30,2015,2016
2015-16,201571,D.J. Augustin,D.J.,1610612760,OKC,Oklahoma City Thunder,21500171,2015-11-18T00:00:00,OKC vs. NOP,W,16.0,0.0,0.0,0.0,2.0,7.0,2.0,2.0,12.0,0.0,0.0,0.0,2.0,12.7,1,1,1,1,19048,12059,10158,9917,12984,12242,3734,4025,18637,8004,1,1,7786,17201,1.0,15:59,2015,2016
2015-16,201949,James Johnson,James,1610612761,TOR,Toronto Raptors,21500173,2015-11-18T00:00:00,TOR @ UTA,L,14.8,0.0,0.0,0.0,4.0,0.0,4.0,4.0,12.0,1.0,0.0,1.0,0.0,7.7,1,13074,13074,13074,19873,12059,10158,9917,8599,1,8458,8806,18637,2692,1,4972,18762,20733,1.0,14:50,2015,2016
2015-16,1626164,Devin Booker,Devin,1610612756,PHX,Phoenix Suns,21500174,2015-11-18T00:00:00,PHX vs. CHI,L,15.2,0.0,0.0,3.0,0.0,2.0,8.0,0.0,10.0,2.0,0.0,2.0,1.0,13.2,1,13074,13074,13074,19653,12059,10158,3302,18861,2619,17345,1,20209,932,1,11390,12373,16768,1.0,15:09,2015,2016
2015-16,203473,Dewayne Dedmon,Dewayne,1610612753,ORL,Orlando Magic,21500166,2015-11-18T00:00:00,ORL vs. MIN,W,9.9,2.0,0.0,2.0,4.0,0.0,2.0,2.0,6.0,0.0,0.0,4.0,1.0,3.0,1,1,1,1,22486,6026,10158,4675,8599,1,3734,4025,22724,8004,1,22104,12373,23648,1.0,9:55,2015,2016
2015-16,1626181,Norman Powell,Norman,1610612761,TOR,Toronto Raptors,21500173,2015-11-18T00:00:00,TOR @ UTA,L,3.4,0.0,0.0,0.0,0.0,0.0,0.0,0.0,2.0,0.0,2.0,0.0,0.0,3.0,1,13074,13074,13074,24976,12059,10158,9917,18861,1,1,1,24614,8004,23588,1,18762,23648,1.0,3:22,2015,2016
2015-16,203939,Dwight Powell,Dwight,1610612742,DAL,Dallas Mavericks,21500168,2015-11-18T00:00:00,DAL @ BOS,W,22.6,0.0,0.0,0.0,2.0,14.0,15.0,5.0,22.0,2.0,0.0,3.0,3.0,18.7,1,1,1,1,13723,12059,10158,9917,12984,22292,24781,11593,10265,932,1,17641,4736,12648,1.0,22:33,2015,2016
2015-16,202335,Patrick Patterson,Patrick,1610612761,TOR,Toronto Raptors,21500173,2015-11-18T00:00:00,TOR @ UTA,L,16.2,0.0,0.0,0.0,0.0,1.0,6.0,3.0,12.0,0.0,0.0,0.0,1.0,8.0,1,13074,13074,13074,18882,12059,10158,9917,18861,2356,13237,7328,18637,8004,1,1,12373,20564,1.0,16:12,2015,2016
2015-16,201586,Serge Ibaka,Serge,1610612760,OKC,Oklahoma City Thunder,21500171,2015-11-18T00:00:00,OKC vs. NOP,W,33.3,0.0,0.0,0.0,0.0,14.0,8.0,2.0,38.0,1.0,0.0,3.0,2.0,18.5,1,1,1,1,4891,12059,10158,9917,18861,22292,17345,4025,1422,2692,1,17641,7786,12794,1.0,33:18,2015,2016
2015-16,2755,Kevin Martin,Kevin,1610612750,MIN,Minnesota Timberwolves,21500166,2015-11-18T00:00:00,MIN @ ORL,L,21.4,3.0,0.0,6.0,2.0,9.0,9.0,4.0,16.0,0.0,1.0,0.0,3.0,21.3,1,13074,13074,13074,14708,4307,10158,740,12984,15771,19144,8806,15259,8004,17214,1,4736,10880,1.0,21:23,2015,2016
2015-16,2199,Tyson Chandler,Tyson,1610612756,PHX,Phoenix Suns,21500174,2015-11-18T00:00:00,PHX vs. CHI,L,30.9,2.0,4.0,0.0,6.0,5.0,4.0,7.0,28.0,1.0,1.0,1.0,1.0,23.8,1,13074,13074,13074,6775,6026,1596,9917,5299,8403,8458,15538,5824,2692,17214,4972,12373,9261,1.0,30:56,2015,2016
2015-16,201160,Jason Smith,Jason,1610612753,ORL,Orlando Magic,21500166,2015-11-18T00:00:00,ORL vs. MIN,W,26.9,0.0,0.0,3.0,2.0,9.0,4.0,12.0,16.0,1.0,1.0,4.0,2.0,19.5,1,1,1,1,10081,12059,10158,3302,12984,15771,8458,22259,15259,2692,17214,22104,7786,12096,1.0,26:56,2015,2016
2015-16,202693,Markieff Morris,Markieff,1610612756,PHX,Phoenix Suns,21500174,2015-11-18T00:00:00,PHX vs. CHI,L,28.7,0.0,0.0,0.0,2.0,5.0,2.0,5.0,26.0,0.0,0.0,2.0,0.0,19.5,1,13074,13074,13074,8646,12059,10158,9917,12984,8403,3734,11593,7214,8004,1,11390,18762,12096,1.0,28:42,2015,2016
2015-16,203138,Hollis Thompson,Hollis,1610612755,PHI,Philadelphia 76ers,21500167,2015-11-18T00:00:00,PHI vs. IND,L,26.9,0.0,1.0,0.0,0.0,25.0,9.0,23.0,24.0,0.0,0.0,5.0,1.0,22.8,1,13074,13074,13074,10099,12059,9709,9917,18861,25944,19144,25880,8723,8004,1,24686,12373,9883,1.0,26:54,2015,2016
2015-16,203499,Shane Larkin,Shane,1610612751,BKN,Brooklyn Nets,21500165,2015-11-18T00:00:00,BKN @ CHA,L,19.9,0.0,0.0,0.0,2.0,4.0,2.0,2.0,22.0,0.0,0.0,3.0,2.0,19.4,1,13074,13074,13074,16005,12059,10158,9917,12984,6141,3734,4025,10265,8004,1,17641,7786,12154,1.0,19:53,2015,2016
2015-16,203935,Marcus Smart,Marcus,1610612738,BOS,Boston Celtics,21500168,2015-11-18T00:00:00,BOS vs. DAL,L,25.9,0.0,0.0,0.0,2.0,6.0,12.0,6.0,24.0,0.0,0.0,3.0,0.0,10.3,1,13074,13074,13074,10886,12059,10158,9917,12984,10028,22832,13388,8723,8004,1,17641,18762,18965,1.0,25:57,2015,2016
2015-16,202713,Kyle Singler,Kyle,1610612760,OKC,Oklahoma City Thunder,21500171,2015-11-18T00:00:00,OKC vs. NOP,W,20.6,0.0,0.0,0.0,0.0,5.0,4.0,4.0,14.0,0.0,1.0,1.0,0.0,10.4,1,1,1,1,15368,12059,10158,9917,18861,8403,8458,8806,17019,8004,17214,4972,18762,18859,1.0,20:38,2015,2016
2015-16,201962,Toney Douglas,Toney,1610612740,NOP,New Orleans Pelicans,21500171,2015-11-18T00:00:00,NOP @ OKC,L,14.5,2.0,0.0,2.0,4.0,5.0,4.0,0.0,20.0,0.0,0.0,2.0,2.0,10.5,1,13074,13074,13074,20120,6026,10158,4675,8599,8403,8458,1,11929,8004,1,11390,7786,18808,1.0,14:29,2015,2016
2015-16,201585,Kosta Koufos,Kosta,1610612758,SAC,Sacramento Kings,21500169,2015-11-18T00:00:00,SAC @ ATL,L,20.7,2.0,0.0,0.0,12.0,7.0,6.0,5.0,18.0,0.0,1.0,1.0,1.0,23.2,1,13074,13074,13074,15302,6026,10158,9917,988,12242,13237,11593,13577,8004,17214,4972,12373,9630,1.0,20:43,2015,2016
2015-16,201143,Al Horford,Al,1610612737,ATL,Atlanta Hawks,21500169,2015-11-18T00:00:00,ATL vs. SAC,W,31.6,4.0,0.0,2.0,4.0,8.0,7.0,17.0,36.0,2.0,0.0,1.0,2.0,23.7,1,1,1,1,6206,2460,10158,4675,8599,13914,15642,24967,1943,932,1,4972,7786,9329,1.0,31:38,2015,2016
2015-16,201980,Danny Green,Danny,1610612759,SAS,San Antonio Spurs,21500172,2015-11-18T00:00:00,SAS vs. DEN,W,27.7,5.0,0.0,5.0,0.0,6.0,10.0,4.0,26.0,1.0,0.0,1.0,1.0,19.6,1,1,1,1,9496,1603,10158,1277,18861,10028,20509,8806,7214,2692,1,4972,12373,12024,1.0,27:39,2015,2016
2015-16,203458,Alex Len,Alex,1610612756,PHX,Phoenix Suns,21500174,2015-11-18T00:00:00,PHX vs. CHI,L,17.1,2.0,2.0,0.0,6.0,2.0,6.0,0.0,10.0,1.0,0.0,2.0,1.0,19.5,1,13074,13074,13074,18222,6026,4731,9917,5299,2619,13237,1,20209,2692,1,11390,12373,12096,1.0,17:04,2015,2016
2015-16,203943,Noah Vonleh,Noah,1610612757,POR,Portland Trail Blazers,21500170,2015-11-18T00:00:00,POR @ HOU,L,12.7,0.0,0.0,0.0,2.0,4.0,0.0,2.0,4.0,0.0,1.0,4.0,0.0,10.2,1,13074,13074,13074,21112,12059,10158,9917,12984,6141,1,4025,23698,8004,17214,22104,18762,19003,1.0,12:44,2015,2016
2015-16,202718,Chandler Parsons,Chandler,1610612742,DAL,Dallas Mavericks,21500168,2015-11-18T00:00:00,DAL @ BOS,W,21.4,2.0,0.0,2.0,2.0,6.0,8.0,0.0,24.0,2.0,0.0,1.0,3.0,14.4,1,1,1,1,14735,6026,10158,4675,12984,10028,17345,1,8723,932,1,4972,4736,15857,1.0,21:21,2015,2016
2015-16,202083,Wesley Matthews,Wesley,1610612742,DAL,Dallas Mavericks,21500168,2015-11-18T00:00:00,DAL @ BOS,W,32.5,2.0,6.0,4.0,2.0,11.0,15.0,5.0,28.0,0.0,0.0,1.0,4.0,25.9,1,1,1,1,5497,6026,481,1913,12984,18886,24781,11593,5824,8004,1,4972,2748,7960,1.0,32:31,2015,2016
2015-16,203459,Allen Crabbe,Allen,1610612757,POR,Portland Trail Blazers,21500170,2015-11-18T00:00:00,POR @ HOU,L,39.2,2.0,0.0,5.0,2.0,14.0,9.0,11.0,20.0,0.0,0.0,5.0,0.0,26.0,1,13074,13074,13074,997,6026,10158,1277,12984,22292,19144,21342,11929,8004,1,24686,18762,7910,1.0,39:11,2015,2016
2015-16,201581,JJ Hickson,JJ,1610612743,DEN,Denver Nuggets,21500172,2015-11-18T00:00:00,DEN @ SAS,L,16.1,0.0,2.0,0.0,4.0,0.0,2.0,0.0,16.0,0.0,3.0,2.0,1.0,18.9,1,13074,13074,13074,18959,12059,4731,9917,8599,1,3734,1,15259,8004,25441,11390,12373,12513,1.0,16:06,2015,2016
2015-16,200757,Thabo Sefolosha,Thabo,1610612737,ATL,Atlanta Hawks,21500169,2015-11-18T00:00:00,ATL vs. SAC,W,21.3,3.0,0.0,1.0,0.0,6.0,4.0,3.0,22.0,0.0,0.0,1.0,2.0,14.6,1,1,1,1,14763,4307,10158,9347,18861,10028,8458,7328,10265,8004,1,4972,7786,15699,1.0,21:19,2015,2016
2015-16,203482,Kelly Olynyk,Kelly,1610612738,BOS,Boston Celtics,21500168,2015-11-18T00:00:00,BOS vs. DAL,L,13.1,2.0,0.0,0.0,2.0,2.0,2.0,2.0,8.0,1.0,0.0,6.0,2.0,14.6,1,13074,13074,13074,20942,6026,10158,9917,12984,2619,3734,4025,21543,2692,1,25827,7786,15699,1.0,13:04,2015,2016
2015-16,203504,Trey Burke,Trey,1610612762,UTA,Utah Jazz,21500173,2015-11-18T00:00:00,UTA vs. TOR,W,18.2,2.0,0.0,1.0,0.0,3.0,2.0,0.0,14.0,0.0,0.0,4.0,2.0,19.2,1,1,1,1,17367,6026,10158,9347,18861,5109,3734,1,17019,8004,1,22104,7786,12284,1.0,18:11,2015,2016
2015-16,2555,Nick Collison,Nick,1610612760,OKC,Oklahoma City Thunder,21500171,2015-11-18T00:00:00,OKC vs. NOP,W,17.6,0.0,0.0,0.0,2.0,7.0,0.0,2.0,12.0,1.0,0.0,2.0,1.0,14.6,1,1,1,1,17823,12059,10158,9917,12984,12242,1,4025,18637,2692,1,11390,12373,15699,1.0,17:36,2015,2016
2015-16,201967,Dante Cunningham,Dante,1610612740,NOP,New Orleans Pelicans,21500171,2015-11-18T00:00:00,NOP @ OKC,L,27.0,3.0,0.0,2.0,4.0,5.0,5.0,2.0,32.0,0.0,0.0,6.0,0.0,25.2,1,13074,13074,13074,10030,4307,10158,4675,8599,8403,11469,4025,3535,8004,1,25827,18762,8383,1.0,26:59,2015,2016
2015-16,2200,Pau Gasol,Pau,1610612741,CHI,Chicago Bulls,21500174,2015-11-18T00:00:00,CHI @ PHX,W,27.9,0.0,0.0,2.0,6.0,12.0,6.0,14.0,28.0,1.0,0.0,1.0,2.0,34.1,1,1,1,1,9325,12059,10158,4675,5299,20178,13237,23710,5824,2692,1,4972,7786,4124,1.0,27:52,2015,2016
2015-16,203090,Maurice Harkless,Maurice,1610612757,POR,Portland Trail Blazers,21500170,2015-11-18T00:00:00,POR @ HOU,L,19.5,0.0,1.0,0.0,2.0,6.0,5.0,4.0,12.0,0.0,0.0,2.0,1.0,19.1,1,13074,13074,13074,16340,12059,9709,9917,12984,10028,11469,8806,18637,8004,1,11390,12373,12372,1.0,19:28,2015,2016
2015-16,1626163,Frank Kaminsky,Frank,1610612766,CHA,Charlotte Hornets,21500165,2015-11-18T00:00:00,CHA vs. BKN,W,22.6,0.0,0.0,0.0,6.0,10.0,6.0,4.0,24.0,1.0,0.0,0.0,2.0,19.1,1,1,1,1,13689,12059,10158,9917,5299,17370,13237,8806,8723,2692,1,1,7786,12372,1.0,22:36,2015,2016
2015-16,203897,Zach LaVine,Zach,1610612750,MIN,Minnesota Timberwolves,21500166,2015-11-18T00:00:00,MIN @ ORL,L,29.8,0.0,0.0,2.0,4.0,12.0,14.0,7.0,22.0,0.0,0.0,4.0,0.0,19.1,1,13074,13074,13074,7689,12059,10158,4675,8599,20178,24300,15538,10265,8004,1,22104,18762,12372,1.0,29:50,2015,2016
2015-16,201168,Tiago Splitter,Tiago,1610612737,ATL,Atlanta Hawks,21500169,2015-11-18T00:00:00,ATL vs. SAC,W,19.6,1.0,2.0,0.0,6.0,8.0,7.0,2.0,24.0,0.0,0.0,2.0,2.0,14.7,1,1,1,1,16210,11535,4731,9917,5299,13914,15642,4025,8723,8004,1,11390,7786,15631,1.0,19:38,2015,2016
2015-16,201988,Patty Mills,Patty,1610612759,SAS,San Antonio Spurs,21500172,2015-11-18T00:00:00,SAS vs. DEN,W,25.2,0.0,0.0,2.0,0.0,6.0,12.0,11.0,34.0,1.0,0.0,0.0,1.0,33.7,1,1,1,1,11557,12059,10158,4675,18861,10028,22832,21342,2701,2692,1,1,12373,4280,1.0,25:09,2015,2016
2015-16,2749,Jameer Nelson,Jameer,1610612743,DEN,Denver Nuggets,21500172,2015-11-18T00:00:00,DEN @ SAS,L,21.2,0.0,0.0,0.0,2.0,4.0,4.0,6.0,16.0,0.0,1.0,3.0,0.0,14.4,1,13074,13074,13074,14918,12059,10158,9917,12984,6141,8458,13388,15259,8004,17214,17641,18762,15857,1.0,21:10,2015,2016
2015-16,1717,Dirk Nowitzki,Dirk,1610612742,DAL,Dallas Mavericks,21500168,2015-11-18T00:00:00,DAL @ BOS,W,34.0,4.0,4.0,0.0,6.0,10.0,11.0,5.0,28.0,0.0,0.0,3.0,3.0,33.9,1,1,1,1,4314,2460,1596,9917,5299,17370,21814,11593,5824,8004,1,17641,4736,4208,1.0,34:03,2015,2016
2015-16,202703,Nikola Mirotic,Nikola,1610612741,CHI,Chicago Bulls,21500174,2015-11-18T00:00:00,CHI @ PHX,W,21.0,0.0,2.0,0.0,2.0,8.0,6.0,12.0,26.0,0.0,1.0,2.0,2.0,25.5,1,1,1,1,15037,12059,4731,9917,12984,13914,13237,22259,7214,8004,17214,11390,7786,8230,1.0,21:01,2015,2016
2015-16,203991,Clint Capela,Clint,1610612745,HOU,Houston Rockets,21500170,2015-11-18T00:00:00,HOU vs. POR,W,12.7,2.0,0.0,0.0,4.0,4.0,2.0,7.0,6.0,1.0,1.0,1.0,0.0,14.8,1,1,1,1,21121,6026,10158,9917,8599,6141,3734,15538,22724,2692,17214,4972,18762,15561,1.0,12:43,2015,2016
2015-16,2594,Kyle Korver,Kyle,1610612737,ATL,Atlanta Hawks,21500159,2015-11-17T00:00:00,ATL @ BKN,L,31.3,0.0,0.0,0.0,0.0,6.0,8.0,3.0,24.0,1.0,0.0,3.0,1.0,23.5,1,13074,13074,13074,6513,12059,10158,9917,18861,10028,17345,7328,8723,2692,1,17641,12373,9452,1.0,31:15,2015,2016
2015-16,202338,Kevin Seraphin,Kevin,1610612752,NYK,New York Knicks,21500162,2015-11-17T00:00:00,NYK vs. CHA,W,20.9,0.0,0.0,0.0,4.0,2.0,9.0,1.0,10.0,2.0,2.0,2.0,0.0,26.0,1,1,1,1,15103,12059,10158,9917,8599,2619,19144,3646,20209,932,23588,11390,18762,7910,1.0,20:57,2015,2016
2015-16,203498,Shabazz Muhammad,Shabazz,1610612750,MIN,Minnesota Timberwolves,21500161,2015-11-17T00:00:00,MIN @ MIA,W,20.3,3.0,0.0,0.0,6.0,0.0,8.0,4.0,26.0,0.0,0.0,1.0,3.0,19.0,1,1,1,1,15654,4307,10158,9917,5299,1,17345,8806,7214,8004,1,4972,4736,12440,1.0,20:17,2015,2016
2015-16,203471,Dennis Schröder,Dennis,1610612737,ATL,Atlanta Hawks,21500159,2015-11-17T00:00:00,ATL @ BKN,L,29.3,0.0,0.0,0.0,2.0,6.0,10.0,1.0,30.0,0.0,1.0,3.0,2.0,26.0,1,13074,13074,13074,8150,12059,10158,9917,12984,10028,20509,3646,4541,8004,17214,17641,7786,7910,1.0,29:16,2015,2016
2015-16,202390,Gary Neal,Gary,1610612764,WAS,Washington Wizards,21500158,2015-11-17T00:00:00,WAS vs. MIL,W,24.0,5.0,0.0,0.0,4.0,7.0,3.0,0.0,18.0,0.0,0.0,1.0,0.0,19.6,1,1,1,1,12549,1603,10158,9917,8599,12242,7138,1,13577,8004,1,4972,18762,12024,1.0,24:00,2015,2016
2015-16,101162,Marcin Gortat,Marcin,1610612764,WAS,Washington Wizards,21500158,2015-11-17T00:00:00,WAS vs. MIL,W,27.1,0.0,4.0,0.0,8.0,10.0,4.0,2.0,16.0,0.0,1.0,1.0,4.0,23.3,1,1,1,1,9974,12059,1596,9917,3109,17370,8458,4025,15259,8004,17214,4972,2748,9567,1.0,27:03,2015,2016
2015-16,204038,Langston Galloway,Langston,1610612752,NYK,New York Knicks,21500162,2015-11-17T00:00:00,NYK vs. CHA,W,27.7,0.0,0.0,0.0,0.0,2.0,9.0,3.0,16.0,0.0,0.0,3.0,0.0,23.3,1,1,1,1,9441,12059,10158,9917,18861,2619,19144,7328,15259,8004,1,17641,18762,9567,1.0,27:43,2015,2016
2015-16,201143,Al Horford,Al,1610612737,ATL,Atlanta Hawks,21500159,2015-11-17T00:00:00,ATL @ BKN,L,33.5,0.0,2.0,0.0,4.0,6.0,10.0,1.0,32.0,2.0,0.0,2.0,1.0,34.0,1,13074,13074,13074,4726,12059,4731,9917,8599,10028,20509,3646,3535,932,1,11390,12373,4162,1.0,33:31,2015,2016
2015-16,1626178,Rondae Hollis-Jefferson,Rondae,1610612751,BKN,Brooklyn Nets,21500159,2015-11-17T00:00:00,BKN vs. ATL,W,23.2,1.0,0.0,1.0,4.0,0.0,3.0,0.0,12.0,0.0,0.0,1.0,1.0,14.4,1,1,1,1,13193,11535,10158,9347,8599,1,7138,1,18637,8004,1,4972,12373,15857,1.0,23:13,2015,2016
2015-16,1626159,Justise Winslow,Justise,1610612748,MIA,Miami Heat,21500161,2015-11-17T00:00:00,MIA vs. MIN,L,31.4,1.0,0.0,0.0,0.0,13.0,10.0,6.0,26.0,0.0,0.0,5.0,5.0,19.7,1,13074,13074,13074,6418,11535,10158,9917,18861,21300,20509,13388,7214,8004,1,24686,1539,11962,1.0,31:21,2015,2016
2015-16,200751,Randy Foye,Randy,1610612743,DEN,Denver Nuggets,21500163,2015-11-17T00:00:00,DEN @ NOP,W,25.2,3.0,2.0,0.0,2.0,8.0,6.0,6.0,26.0,0.0,1.0,0.0,2.0,9.8,1,1,1,1,11549,4307,4731,9917,12984,13914,13237,13388,7214,8004,17214,1,7786,19331,1.0,25:10,2015,2016
2015-16,201569,Eric Gordon,Eric,1610612740,NOP,New Orleans Pelicans,21500163,2015-11-17T00:00:00,NOP vs. DEN,L,38.5,2.0,2.0,0.0,6.0,11.0,11.0,8.0,38.0,1.0,0.0,1.0,3.0,34.2,1,13074,13074,13074,1287,6026,4731,9917,5299,18886,21814,17194,1422,2692,1,4972,4736,4092,1.0,38:29,2015,2016
2015-16,201583,Ryan Anderson,Ryan,1610612740,NOP,New Orleans Pelicans,21500163,2015-11-17T00:00:00,NOP vs. DEN,L,34.0,6.0,2.0,0.0,4.0,16.0,9.0,2.0,36.0,0.0,1.0,1.0,6.0,34.2,1,13074,13074,13074,4346,878,4731,9917,8599,23774,19144,4025,1943,8004,17214,4972,873,4092,1.0,34:01,2015,2016
2015-16,201167,Arron Afflalo,Arron,1610612752,NYK,New York Knicks,21500162,2015-11-17T00:00:00,NYK vs. CHA,W,36.1,5.0,5.0,0.0,2.0,5.0,9.0,4.0,20.0,0.0,0.0,1.0,2.0,23.1,1,1,1,1,2686,1603,995,9917,12984,8403,19144,8806,11929,8004,1,4972,7786,9699,1.0,36:05,2015,2016
2015-16,1626144,Emmanuel Mudiay,Emmanuel,1610612743,DEN,Denver Nuggets,21500163,2015-11-17T00:00:00,DEN @ NOP,W,33.4,0.0,0.0,0.0,4.0,12.0,5.0,4.0,26.0,2.0,2.0,1.0,3.0,34.6,1,1,1,1,4825,12059,10158,9917,8599,20178,11469,8806,7214,932,23588,4972,4736,3963,1.0,33:23,2015,2016
2015-16,202322,John Wall,John,1610612764,WAS,Washington Wizards,21500158,2015-11-17T00:00:00,WAS vs. MIL,W,31.3,4.0,2.0,4.0,8.0,11.0,4.0,2.0,12.0,0.0,0.0,1.0,4.0,34.7,1,1,1,1,6485,2460,4731,1913,3109,18886,8458,4025,18637,8004,1,4972,2748,3935,1.0,31:17,2015,2016
2015-16,203469,Cody Zeller,Cody,1610612766,CHA,Charlotte Hornets,21500162,2015-11-17T00:00:00,CHA @ NYK,L,18.4,2.0,4.0,0.0,6.0,6.0,10.0,0.0,12.0,1.0,1.0,3.0,1.0,14.5,1,13074,13074,13074,17174,6026,1596,9917,5299,10028,20509,1,18637,2692,17214,17641,12373,15799,1.0,18:25,2015,2016
2015-16,203499,Shane Larkin,Shane,1610612751,BKN,Brooklyn Nets,21500159,2015-11-17T00:00:00,BKN vs. ATL,W,13.6,2.0,0.0,2.0,2.0,6.0,0.0,0.0,6.0,0.0,0.0,1.0,0.0,22.9,1,1,1,1,20667,6026,10158,4675,12984,10028,1,1,22724,8004,1,4972,18762,9811,1.0,13:34,2015,2016
2015-16,201150,Spencer Hawes,Spencer,1610612766,CHA,Charlotte Hornets,21500162,2015-11-17T00:00:00,CHA @ NYK,L,17.4,0.0,0.0,0.0,0.0,6.0,4.0,2.0,8.0,1.0,0.0,2.0,2.0,23.5,1,13074,13074,13074,17959,12059,10158,9917,18861,10028,8458,4025,21543,2692,1,11390,7786,9452,1.0,17:24,2015,2016
2015-16,2747,JR Smith,JR,1610612739,CLE,Cleveland Cavaliers,21500160,2015-11-17T00:00:00,CLE @ DET,L,36.3,2.0,0.0,2.0,4.0,12.0,10.0,14.0,38.0,1.0,0.0,5.0,1.0,25.2,1,13074,13074,13074,2579,6026,10158,4675,8599,20178,20509,23710,1422,2692,1,24686,12373,8383,1.0,36:15,2015,2016
2015-16,201196,Ramon Sessions,Ramon,1610612764,WAS,Washington Wizards,21500158,2015-11-17T00:00:00,WAS vs. MIL,W,19.8,1.0,0.0,1.0,4.0,7.0,3.0,0.0,18.0,0.0,0.0,3.0,3.0,10.5,1,1,1,1,16047,11535,10158,9347,8599,12242,7138,1,13577,8004,1,17641,4736,18808,1.0,19:50,2015,2016
2015-16,202389,Timofey Mozgov,Timofey,1610612739,CLE,Cleveland Cavaliers,21500160,2015-11-17T00:00:00,CLE @ DET,L,27.5,2.0,0.0,2.0,6.0,7.0,4.0,11.0,32.0,1.0,0.0,2.0,2.0,25.7,1,13074,13074,13074,9613,6026,10158,4675,5299,12242,8458,21342,3535,2692,1,11390,7786,8088,1.0,27:30,2015,2016
2015-16,201950,Jrue Holiday,Jrue,1610612740,NOP,New Orleans Pelicans,21500163,2015-11-17T00:00:00,NOP vs. DEN,L,22.7,2.0,0.0,0.0,8.0,3.0,10.0,10.0,26.0,1.0,2.0,1.0,1.0,23.7,1,13074,13074,13074,13603,6026,10158,9917,3109,5109,20509,20169,7214,2692,23588,4972,12373,9329,1.0,22:43,2015,2016
2015-16,2548,Dwyane Wade,Dwyane,1610612748,MIA,Miami Heat,21500161,2015-11-17T00:00:00,MIA vs. MIN,L,31.9,2.0,2.0,2.0,8.0,10.0,17.0,4.0,24.0,0.0,1.0,1.0,1.0,19.4,1,13074,13074,13074,5973,6026,4731,4675,3109,17370,25429,8806,8723,8004,17214,4972,12373,12154,1.0,31:54,2015,2016
2015-16,202337,Luke Babbitt,Luke,1610612740,NOP,New Orleans Pelicans,21500163,2015-11-17T00:00:00,NOP vs. DEN,L,25.7,2.0,0.0,0.0,2.0,12.0,8.0,2.0,22.0,0.0,1.0,2.0,0.0,19.4,1,13074,13074,13074,11078,6026,10158,9917,12984,20178,17345,4025,10265,8004,17214,11390,18762,12154,1.0,25:44,2015,2016
2015-16,202685,Jonas Valančiūnas,Jonas,1610612761,TOR,Toronto Raptors,21500164,2015-11-17T00:00:00,TOR @ GSW,L,31.2,3.0,4.0,0.0,6.0,13.0,8.0,16.0,38.0,0.0,3.0,5.0,4.0,19.2,1,13074,13074,13074,6567,4307,1596,9917,5299,21300,17345,24641,1422,8004,25441,24686,2748,12284,1.0,31:11,2015,2016
2015-16,201587,Nicolas Batum,Nicolas,1610612766,CHA,Charlotte Hornets,21500162,2015-11-17T00:00:00,CHA @ NYK,L,35.2,0.0,0.0,0.0,0.0,6.0,16.0,2.0,22.0,0.0,1.0,2.0,3.0,10.2,1,13074,13074,13074,3410,12059,10158,9917,18861,10028,25155,4025,10265,8004,17214,11390,4736,19003,1.0,35:11,2015,2016
2015-16,202714,Shelvin Mack,Shelvin,1610612737,ATL,Atlanta Hawks,21500159,2015-11-17T00:00:00,ATL @ BKN,L,18.7,3.0,0.0,0.0,2.0,6.0,0.0,4.0,10.0,0.0,0.0,1.0,0.0,19.4,1,13074,13074,13074,16943,4307,10158,9917,12984,10028,1,8806,20209,8004,1,4972,18762,12154,1.0,18:43,2015,2016
2015-16,202349,Greivis Vasquez,Greivis,1610612749,MIL,Milwaukee Bucks,21500158,2015-11-17T00:00:00,MIL @ WAS,L,19.6,0.0,0.0,0.0,2.0,16.0,3.0,5.0,12.0,0.0,0.0,2.0,3.0,18.9,1,13074,13074,13074,16202,12059,10158,9917,12984,23774,7138,11593,18637,8004,1,11390,4736,12513,1.0,19:38,2015,2016
2015-16,203087,Jeremy Lamb,Jeremy,1610612766,CHA,Charlotte Hornets,21500162,2015-11-17T00:00:00,CHA @ NYK,L,22.9,0.0,4.0,0.0,6.0,6.0,9.0,2.0,10.0,0.0,0.0,2.0,1.0,23.7,1,13074,13074,13074,13491,12059,1596,9917,5299,10028,19144,4025,20209,8004,1,11390,12373,9329,1.0,22:52,2015,2016
2015-16,203493,Reggie Bullock Jr.,Reggie,1610612765,DET,Detroit Pistons,21500160,2015-11-17T00:00:00,DET vs. CLE,W,5.5,0.0,0.0,0.0,0.0,5.0,0.0,5.0,2.0,0.0,0.0,0.0,0.0,1.5,1,1,1,1,24165,12059,10158,9917,18861,8403,1,11593,24614,8004,1,1,18762,24473,1.0,5:29,2015,2016
2015-16,203948,Johnny O'Bryant III,Johnny,1610612749,MIL,Milwaukee Bucks,21500158,2015-11-17T00:00:00,MIL @ WAS,L,24.8,0.0,0.0,0.0,0.0,13.0,3.0,6.0,16.0,0.0,0.0,2.0,0.0,5.5,1,13074,13074,13074,11859,12059,10158,9917,18861,21300,7138,13388,15259,8004,1,11390,18762,22196,1.0,24:46,2015,2016
2015-16,201961,Wayne Ellington,Wayne,1610612751,BKN,Brooklyn Nets,21500159,2015-11-17T00:00:00,BKN vs. ATL,W,23.1,2.0,0.0,0.0,0.0,12.0,4.0,2.0,12.0,0.0,0.0,1.0,1.0,10.7,1,1,1,1,13255,6026,10158,9917,18861,20178,8458,4025,18637,8004,1,4972,12373,18636,1.0,23:08,2015,2016
2015-16,203999,Nikola Jokić,Nikola,1610612743,DEN,Denver Nuggets,21500163,2015-11-17T00:00:00,DEN @ NOP,W,0.7,0.0,0.0,0.0,0.0,0.0,0.0,0.0,0.0,0.0,0.0,0.0,0.0,1.2,1,1,1,1,25944,12059,10158,9917,18861,1,1,1,25429,8004,1,1,18762,24661,1.0,0:40,2015,2016
2015-16,101107,Marvin Williams,Marvin,1610612766,CHA,Charlotte Hornets,21500162,2015-11-17T00:00:00,CHA @ NYK,L,29.9,0.0,0.0,0.0,0.0,6.0,12.0,0.0,16.0,1.0,0.0,2.0,0.0,10.7,1,13074,13074,13074,7654,12059,10158,9917,18861,10028,22832,1,15259,2692,1,11390,18762,18636,1.0,29:52,2015,2016
2015-16,201971,DeJuan Blair,DeJuan,1610612764,WAS,Washington Wizards,21500158,2015-11-17T00:00:00,WAS vs. MIL,W,4.6,0.0,0.0,1.0,0.0,2.0,0.0,0.0,4.0,0.0,0.0,0.0,2.0,5.5,1,1,1,1,24519,12059,10158,9347,18861,2619,1,1,23698,8004,1,1,7786,22196,1.0,4:34,2015,2016
2015-16,2210,Richard Jefferson,Richard,1610612739,CLE,Cleveland Cavaliers,21500160,2015-11-17T00:00:00,CLE @ DET,L,16.5,0.0,0.0,0.0,0.0,0.0,0.0,3.0,10.0,0.0,0.0,1.0,0.0,1.7,1,13074,13074,13074,18675,12059,10158,9917,18861,1,1,7328,20209,8004,1,4972,18762,24436,1.0,16:28,2015,2016
2015-16,202711,Bojan Bogdanović,Bojan,1610612751,BKN,Brooklyn Nets,21500159,2015-11-17T00:00:00,BKN vs. ATL,W,22.3,0.0,0.0,0.0,0.0,12.0,4.0,2.0,14.0,0.0,1.0,0.0,0.0,5.8,1,1,1,1,13936,12059,10158,9917,18861,20178,8458,4025,17019,8004,17214,1,18762,22018,1.0,22:16,2015,2016
2015-16,202357,Nemanja Bjelica,Nemanja,1610612750,MIN,Minnesota Timberwolves,21500161,2015-11-17T00:00:00,MIN @ MIA,W,15.6,0.0,0.0,0.0,0.0,5.0,4.0,2.0,8.0,2.0,1.0,3.0,1.0,10.8,1,1,1,1,19353,12059,10158,9917,18861,8403,8458,4025,21543,932,17214,17641,12373,18579,1.0,15:36,2015,2016
2015-16,204020,Tyler Johnson,Tyler,1610612748,MIA,Miami Heat,21500161,2015-11-17T00:00:00,MIA vs. MIN,L,18.4,0.0,0.0,0.0,2.0,9.0,2.0,6.0,14.0,0.0,1.0,2.0,1.0,5.9,1,13074,13074,13074,17181,12059,10158,9917,12984,15771,3734,13388,17019,8004,17214,11390,12373,21953,1.0,18:24,2015,2016
2015-16,203101,Miles Plumlee,Miles,1610612749,MIL,Milwaukee Bucks,21500158,2015-11-17T00:00:00,MIL @ WAS,L,6.4,2.0,0.0,0.0,2.0,2.0,0.0,3.0,2.0,0.0,0.0,0.0,0.0,2.0,1,13074,13074,13074,23783,6026,10158,9917,12984,2619,1,7328,24614,8004,1,1,18762,24216,1.0,6:23,2015,2016
2015-16,202694,Marcus Morris Sr.,Marcus,1610612765,DET,Detroit Pistons,21500160,2015-11-17T00:00:00,DET vs. CLE,W,36.3,3.0,2.0,4.0,4.0,12.0,0.0,5.0,34.0,0.0,0.0,5.0,7.0,24.3,1,1,1,1,2534,4307,4731,1913,8599,20178,1,11593,2701,8004,1,24686,469,8939,1.0,36:19,2015,2016
2015-16,203115,Will Barton,Will,1610612743,DEN,Denver Nuggets,21500163,2015-11-17T00:00:00,DEN @ NOP,W,37.3,0.0,3.0,0.0,8.0,14.0,5.0,4.0,28.0,2.0,2.0,1.0,1.0,36.4,1,1,1,1,1910,12059,3104,9917,3109,22292,11469,8806,5824,932,23588,4972,12373,3353,1.0,37:16,2015,2016
2015-16,201568,Danilo Gallinari,Danilo,1610612743,DEN,Denver Nuggets,21500163,2015-11-17T00:00:00,DEN @ NOP,W,36.9,6.0,6.0,6.0,14.0,12.0,5.0,6.0,34.0,0.0,1.0,1.0,6.0,50.6,1,1,1,1,2138,878,481,740,542,20178,11469,13388,2701,8004,17214,4972,873,691,1.0,36:55,2015,2016
2015-16,201937,Ricky Rubio,Ricky,1610612750,MIN,Minnesota Timberwolves,21500161,2015-11-17T00:00:00,MIN @ MIA,W,26.5,0.0,1.0,0.0,0.0,7.0,4.0,10.0,30.0,1.0,1.0,5.0,5.0,24.3,1,1,1,1,10417,12059,9709,9917,18861,12242,8458,20169,4541,2692,17214,24686,1539,8939,1.0,26:33,2015,2016
2015-16,202691,Klay Thompson,Klay,1610612744,GSW,Golden State Warriors,21500164,2015-11-17T00:00:00,GSW vs. TOR,W,34.3,4.0,3.0,0.0,6.0,19.0,12.0,14.0,40.0,0.0,0.0,3.0,2.0,24.7,1,1,1,1,4099,2460,3104,9917,5299,25074,22832,23710,983,8004,1,17641,7786,8673,1.0,34:18,2015,2016
2015-16,2749,Jameer Nelson,Jameer,1610612743,DEN,Denver Nuggets,21500163,2015-11-17T00:00:00,DEN @ NOP,W,26.0,0.0,0.0,0.0,0.0,8.0,4.0,4.0,18.0,0.0,1.0,4.0,1.0,29.8,1,1,1,1,10878,12059,10158,9917,18861,13914,8458,8806,13577,8004,17214,22104,12373,5948,1.0,25:58,2015,2016
2015-16,202704,Reggie Jackson,Reggie,1610612765,DET,Detroit Pistons,21500160,2015-11-17T00:00:00,DET vs. CLE,W,34.5,2.0,0.0,4.0,8.0,12.0,0.0,5.0,30.0,0.0,1.0,3.0,5.0,46.2,1,1,1,1,3990,6026,10158,1913,3109,20178,1,11593,4541,8004,17214,17641,1539,1175,1.0,34:27,2015,2016
2015-16,200794,Paul Millsap,Paul,1610612737,ATL,Atlanta Hawks,21500159,2015-11-17T00:00:00,ATL @ BKN,L,34.8,2.0,2.0,0.0,4.0,8.0,10.0,3.0,34.0,1.0,1.0,2.0,3.0,29.7,1,13074,13074,13074,3690,6026,4731,9917,8599,13914,20509,7328,2701,2692,17214,11390,4736,6006,1.0,34:48,2015,2016
2015-16,201572,Brook Lopez,Brook,1610612751,BKN,Brooklyn Nets,21500159,2015-11-17T00:00:00,BKN vs. ATL,W,35.4,0.0,3.0,0.0,14.0,2.0,5.0,0.0,14.0,3.0,2.0,3.0,6.0,48.5,1,1,1,1,3208,12059,3104,9917,542,2619,11469,1,17019,347,23588,17641,873,909,1.0,35:25,2015,2016
2015-16,202689,Kemba Walker,Kemba,1610612766,CHA,Charlotte Hornets,21500162,2015-11-17T00:00:00,CHA @ NYK,L,38.0,3.0,3.0,1.0,8.0,12.0,20.0,0.0,26.0,1.0,1.0,0.0,6.0,48.3,1,13074,13074,13074,1509,4307,3104,9347,3109,20178,25875,1,7214,2692,17214,1,873,932,1.0,37:59,2015,2016
2015-16,203914,Gary Harris,Gary,1610612743,DEN,Denver Nuggets,21500163,2015-11-17T00:00:00,DEN @ NOP,W,31.8,6.0,0.0,0.0,2.0,10.0,5.0,8.0,34.0,0.0,1.0,2.0,2.0,29.3,1,1,1,1,6042,878,10158,9917,12984,17370,11469,17194,2701,8004,17214,11390,7786,6202,1.0,31:51,2015,2016
2015-16,203898,Tyler Ennis,Tyler,1610612749,MIL,Milwaukee Bucks,21500158,2015-11-17T00:00:00,MIL @ WAS,L,6.6,0.0,0.0,0.0,0.0,2.0,0.0,3.0,2.0,0.0,0.0,0.0,2.0,7.4,1,13074,13074,13074,23727,12059,10158,9917,18861,2619,1,7328,24614,8004,1,1,7786,20912,1.0,6:33,2015,2016
2015-16,203897,Zach LaVine,Zach,1610612750,MIN,Minnesota Timberwolves,21500161,2015-11-17T00:00:00,MIN @ MIA,W,28.5,4.0,0.0,0.0,2.0,4.0,8.0,4.0,34.0,0.0,0.0,0.0,4.0,29.3,1,1,1,1,8840,2460,10158,9917,12984,6141,17345,8806,2701,8004,1,1,2748,6202,1.0,28:29,2015,2016
2015-16,2546,Carmelo Anthony,Carmelo,1610612752,NYK,New York Knicks,21500162,2015-11-17T00:00:00,NYK vs. CHA,W,37.3,4.0,1.0,0.0,6.0,5.0,6.0,5.0,24.0,2.0,0.0,2.0,5.0,43.7,1,1,1,1,1881,2460,9709,9917,5299,8403,13237,11593,8723,932,1,11390,1539,1610,1.0,37:19,2015,2016
2015-16,203083,Andre Drummond,Andre,1610612765,DET,Detroit Pistons,21500160,2015-11-17T00:00:00,DET vs. CLE,W,39.2,2.0,8.0,4.0,20.0,13.0,0.0,5.0,34.0,1.0,0.0,1.0,5.0,55.6,1,1,1,1,975,6026,137,1913,59,21300,1,11593,2701,2692,1,4972,1539,371,1.0,39:14,2015,2016
2015-16,203490,Otto Porter Jr.,Otto,1610612764,WAS,Washington Wizards,21500158,2015-11-17T00:00:00,WAS vs. MIL,W,30.4,7.0,2.0,4.0,6.0,8.0,2.0,2.0,12.0,1.0,0.0,4.0,3.0,37.4,1,1,1,1,7224,548,4731,1913,5299,13914,3734,4025,18637,2692,1,22104,4736,3073,1.0,30:21,2015,2016
2015-16,201939,Stephen Curry,Stephen,1610612744,GSW,Golden State Warriors,21500164,2015-11-17T00:00:00,GSW vs. TOR,W,39.6,7.0,6.0,7.0,10.0,20.0,14.0,12.0,48.0,0.0,1.0,1.0,7.0,51.9,1,1,1,1,857,548,481,454,1840,25338,24300,22259,192,8004,17214,4972,469,576,1.0,39:35,2015,2016
2015-16,1626157,Karl-Anthony Towns,Karl-Anthony,1610612750,MIN,Minnesota Timberwolves,21500161,2015-11-17T00:00:00,MIN @ MIA,W,26.0,6.0,8.0,2.0,6.0,6.0,6.0,10.0,36.0,1.0,2.0,4.0,1.0,35.8,1,1,1,1,10824,878,137,4675,5299,10028,13237,20169,1943,2692,23588,22104,12373,3541,1.0,26:02,2015,2016
2015-16,203382,Aron Baynes,Aron,1610612765,DET,Detroit Pistons,21500160,2015-11-17T00:00:00,DET vs. CLE,W,8.8,0.0,0.0,0.0,2.0,5.0,0.0,5.0,6.0,0.0,0.0,0.0,0.0,7.4,1,1,1,1,22932,12059,10158,9917,12984,8403,1,11593,22724,8004,1,1,18762,20912,1.0,8:46,2015,2016
2015-16,2590,Mo Williams,Mo,1610612739,CLE,Cleveland Cavaliers,21500160,2015-11-17T00:00:00,CLE @ DET,L,28.8,2.0,0.0,0.0,4.0,9.0,8.0,15.0,34.0,0.0,0.0,3.0,2.0,29.5,1,13074,13074,13074,8550,6026,10158,9917,8599,15771,17345,24242,2701,8004,1,17641,7786,6103,1.0,28:48,2015,2016
2015-16,204001,Kristaps Porziņģis,Kristaps,1610612752,NYK,New York Knicks,21500162,2015-11-17T00:00:00,NYK vs. CHA,W,31.1,0.0,9.0,0.0,10.0,5.0,4.0,4.0,22.0,1.0,2.0,2.0,4.0,44.2,1,1,1,1,6627,12059,77,9917,1840,8403,8458,8806,10265,2692,23588,11390,2748,1515,1.0,31:08,2015,2016
2015-16,200768,Kyle Lowry,Kyle,1610612761,TOR,Toronto Raptors,21500164,2015-11-17T00:00:00,TOR @ GSW,L,38.6,7.0,4.0,4.0,8.0,20.0,11.0,18.0,40.0,1.0,1.0,6.0,10.0,46.7,1,13074,13074,13074,1218,548,1596,1913,3109,25338,21814,25228,983,2692,17214,25827,76,1112,1.0,38:37,2015,2016
2015-16,202355,Hassan Whiteside,Hassan,1610612748,MIA,Miami Heat,21500161,2015-11-17T00:00:00,MIA vs. MIN,L,33.8,4.0,2.0,2.0,20.0,8.0,15.0,4.0,22.0,10.0,1.0,2.0,6.0,64.8,1,13074,13074,13074,4495,2460,4731,4675,59,13914,24781,8806,10265,2,17214,11390,873,92,1.0,33:49,2015,2016
2015-16,201582,Alexis Ajinca,Alexis,1610612740,NOP,New Orleans Pelicans,21500163,2015-11-17T00:00:00,NOP vs. DEN,L,4.2,0.0,0.0,0.0,0.0,0.0,3.0,3.0,2.0,1.0,0.0,3.0,1.0,7.0,1,13074,13074,13074,24657,12059,10158,9917,18861,1,7138,7328,24614,2692,1,17641,12373,21188,1.0,4:09,2015,2016
2015-16,2419,Tayshaun Prince,Tayshaun,1610612750,MIN,Minnesota Timberwolves,21500161,2015-11-17T00:00:00,MIN @ MIA,W,12.8,0.0,0.0,0.0,0.0,7.0,2.0,4.0,8.0,0.0,0.0,2.0,0.0,6.8,1,1,1,1,21103,12059,10158,9917,18861,12242,3734,8806,21543,8004,1,11390,18762,21328,1.0,12:45,2015,2016
2015-16,203487,Michael Carter-Williams,Michael,1610612749,MIL,Milwaukee Bucks,21500158,2015-11-17T00:00:00,MIL @ WAS,L,22.0,5.0,0.0,2.0,6.0,9.0,10.0,10.0,24.0,0.0,0.0,2.0,1.0,9.2,1,13074,13074,13074,14179,1603,10158,4675,5299,15771,20509,20169,8723,8004,1,11390,12373,19680,1.0,21:59,2015,2016
2015-16,202498,Lance Thomas,Lance,1610612752,NYK,New York Knicks,21500162,2015-11-17T00:00:00,NYK vs. CHA,W,9.8,0.0,0.0,0.0,0.0,2.0,6.0,1.0,12.0,0.0,0.0,1.0,0.0,0.0,1,1,1,1,22511,12059,10158,9917,18861,2619,13237,3646,18637,8004,1,4972,18762,25170,1.0,9:51,2015,2016
2015-16,201168,Tiago Splitter,Tiago,1610612737,ATL,Atlanta Hawks,21500159,2015-11-17T00:00:00,ATL @ BKN,L,12.1,0.0,0.0,0.0,2.0,0.0,1.0,0.0,6.0,1.0,1.0,2.0,1.0,6.6,1,13074,13074,13074,21469,12059,10158,9917,12984,1,3393,1,22724,2692,17214,11390,12373,21445,1.0,12:07,2015,2016
2015-16,203084,Harrison Barnes,Harrison,1610612744,GSW,Golden State Warriors,21500164,2015-11-17T00:00:00,GSW vs. TOR,W,32.1,0.0,0.0,2.0,2.0,14.0,8.0,10.0,40.0,0.0,0.0,3.0,0.0,13.3,1,1,1,1,5811,12059,10158,4675,12984,22292,17345,20169,983,8004,1,17641,18762,16712,1.0,32:05,2015,2016
2015-16,2034,Mike Miller,Mike,1610612743,DEN,Denver Nuggets,21500163,2015-11-17T00:00:00,DEN @ NOP,W,3.6,0.0,0.0,0.0,0.0,0.0,0.0,0.0,4.0,0.0,0.0,0.0,0.0,0.0,1,1,1,1,24884,12059,10158,9917,18861,1,1,1,23698,8004,1,1,18762,25170,1.0,3:34,2015,2016
2015-16,200745,Andrea Bargnani,Andrea,1610612751,BKN,Brooklyn Nets,21500159,2015-11-17T00:00:00,BKN vs. ATL,W,3.8,0.0,0.0,0.0,0.0,10.0,2.0,2.0,8.0,0.0,0.0,1.0,0.0,0.0,1,1,1,1,24798,12059,10158,9917,18861,17370,3734,4025,21543,8004,1,4972,18762,25170,1.0,3:48,2015,2016
2015-16,202335,Patrick Patterson,Patrick,1610612761,TOR,Toronto Raptors,21500164,2015-11-17T00:00:00,TOR @ GSW,L,19.7,0.0,0.0,0.0,0.0,10.0,6.0,13.0,12.0,0.0,0.0,0.0,0.0,3.9,1,13074,13074,13074,16148,12059,10158,9917,18861,17370,13237,23048,18637,8004,1,1,18762,23225,1.0,19:42,2015,2016
2015-16,201229,Anthony Tolliver,Anthony,1610612765,DET,Detroit Pistons,21500160,2015-11-17T00:00:00,DET vs. CLE,W,19.3,0.0,0.0,0.0,0.0,6.0,0.0,5.0,16.0,0.0,0.0,0.0,0.0,5.1,1,1,1,1,16457,12059,10158,9917,18861,10028,1,11593,15259,8004,1,1,18762,22478,1.0,19:18,2015,2016
2015-16,201962,Toney Douglas,Toney,1610612740,NOP,New Orleans Pelicans,21500163,2015-11-17T00:00:00,NOP vs. DEN,L,17.4,2.0,0.0,2.0,6.0,8.0,4.0,2.0,10.0,0.0,0.0,2.0,1.0,8.9,1,13074,13074,13074,17984,6026,10158,4675,5299,13914,8458,4025,20209,8004,1,11390,12373,19914,1.0,17:22,2015,2016
2015-16,203076,Anthony Davis,Anthony,1610612740,NOP,New Orleans Pelicans,21500163,2015-11-17T00:00:00,NOP vs. DEN,L,6.4,0.0,0.0,0.0,0.0,0.0,2.0,5.0,8.0,0.0,0.0,0.0,1.0,3.9,1,13074,13074,13074,23803,12059,10158,9917,18861,1,3734,11593,21543,8004,1,1,12373,23225,1.0,6:21,2015,2016
2015-16,1626173,Rashad Vaughn,Rashad,1610612749,MIL,Milwaukee Bucks,21500158,2015-11-17T00:00:00,MIL @ WAS,L,11.2,0.0,0.0,0.0,0.0,5.0,2.0,3.0,6.0,0.0,0.0,2.0,1.0,4.0,1,13074,13074,13074,21925,12059,10158,9917,18861,8403,3734,7328,22724,8004,1,11390,12373,23142,1.0,11:14,2015,2016
2015-16,202690,Jimmer Fredette,Jimmer,1610612740,NOP,New Orleans Pelicans,21500163,2015-11-17T00:00:00,NOP vs. DEN,L,0.7,0.0,0.0,0.0,0.0,0.0,0.0,0.0,0.0,0.0,0.0,0.0,0.0,0.0,1,13074,13074,13074,25944,12059,10158,9917,18861,1,1,1,25429,8004,1,1,18762,25170,1.0,0:40,2015,2016
2015-16,202682,Derrick Williams,Derrick,1610612752,NYK,New York Knicks,21500162,2015-11-17T00:00:00,NYK vs. CHA,W,5.7,0.0,0.0,2.0,2.0,2.0,2.0,0.0,10.0,1.0,2.0,1.0,1.0,7.0,1,1,1,1,24101,12059,10158,4675,12984,2619,3734,1,20209,2692,23588,4972,12373,21188,1.0,5:42,2015,2016
2015-16,203488,Mike Muscala,Mike,1610612737,ATL,Atlanta Hawks,21500159,2015-11-17T00:00:00,ATL @ BKN,L,14.5,0.0,0.0,0.0,2.0,6.0,0.0,4.0,8.0,0.0,0.0,1.0,0.0,9.1,1,13074,13074,13074,20120,12059,10158,9917,12984,10028,1,8806,21543,8004,1,4972,18762,19789,1.0,14:29,2015,2016
2015-16,201581,JJ Hickson,JJ,1610612743,DEN,Denver Nuggets,21500163,2015-11-17T00:00:00,DEN @ NOP,W,6.4,0.0,2.0,0.0,2.0,2.0,0.0,2.0,8.0,0.0,0.0,0.0,0.0,4.4,1,1,1,1,23803,12059,4731,9917,12984,2619,1,4025,21543,8004,1,1,18762,22837,1.0,6:21,2015,2016
2015-16,2400,Drew Gooden,Drew,1610612764,WAS,Washington Wizards,21500158,2015-11-17T00:00:00,WAS vs. MIL,W,4.6,0.0,0.0,0.0,0.0,2.0,0.0,0.0,4.0,0.0,0.0,0.0,0.0,-1.0,1,1,1,1,24519,12059,10158,9917,18861,2619,1,1,23698,8004,1,1,18762,25932,1.0,4:34,2015,2016
2015-16,203142,Chris Copeland,Chris,1610612749,MIL,Milwaukee Bucks,21500158,2015-11-17T00:00:00,MIL @ WAS,L,8.7,0.0,0.0,0.0,2.0,4.0,0.0,3.0,2.0,0.0,0.0,2.0,0.0,6.5,1,13074,13074,13074,22958,12059,10158,9917,12984,6141,1,7328,24614,8004,1,11390,18762,21519,1.0,8:42,2015,2016
2015-16,1626170,Jerian Grant,Jerian,1610612752,NYK,New York Knicks,21500162,2015-11-17T00:00:00,NYK vs. CHA,W,12.7,0.0,2.0,0.0,2.0,2.0,9.0,1.0,10.0,0.0,1.0,1.0,2.0,4.0,1,1,1,1,21112,12059,4731,9917,12984,2619,19144,3646,20209,8004,17214,4972,7786,23142,1.0,12:44,2015,2016
2015-16,1626162,Kelly Oubre Jr.,Kelly,1610612764,WAS,Washington Wizards,21500158,2015-11-17T00:00:00,WAS vs. MIL,W,8.1,2.0,0.0,2.0,2.0,2.0,2.0,0.0,10.0,0.0,0.0,1.0,2.0,9.6,1,1,1,1,23163,6026,10158,4675,12984,2619,3734,1,20209,8004,1,4972,7786,19434,1.0,8:04,2015,2016
2015-16,203099,Jared Cunningham,Jared,1610612739,CLE,Cleveland Cavaliers,21500160,2015-11-17T00:00:00,CLE @ DET,L,2.4,0.0,0.0,0.0,0.0,0.0,0.0,0.0,0.0,0.0,0.0,0.0,0.0,0.0,1,13074,13074,13074,25377,12059,10158,9917,18861,1,1,1,25429,8004,1,1,18762,25170,1.0,2:24,2015,2016
2015-16,201578,Marreese Speights,Marreese,1610612744,GSW,Golden State Warriors,21500164,2015-11-17T00:00:00,GSW vs. TOR,W,5.2,3.0,0.0,0.0,2.0,3.0,2.0,0.0,4.0,0.0,0.0,3.0,1.0,5.4,1,1,1,1,24297,4307,10158,9917,12984,5109,3734,1,23698,8004,1,17641,12373,22242,1.0,5:11,2015,2016
2015-16,202687,Bismack Biyombo,Bismack,1610612761,TOR,Toronto Raptors,21500164,2015-11-17T00:00:00,TOR @ GSW,L,6.7,0.0,0.0,0.0,0.0,1.0,6.0,6.0,0.0,1.0,0.0,1.0,0.0,5.4,1,13074,13074,13074,23688,12059,10158,9917,18861,2356,13237,13388,25429,2692,1,4972,18762,22242,1.0,6:40,2015,2016
2015-16,203123,Kostas Papanikolaou,Kostas,1610612743,DEN,Denver Nuggets,21500163,2015-11-17T00:00:00,DEN @ NOP,W,13.1,2.0,2.0,0.0,4.0,6.0,0.0,2.0,12.0,1.0,0.0,1.0,0.0,9.6,1,1,1,1,20904,6026,4731,9917,8599,10028,1,4025,18637,2692,1,4972,18762,19434,1.0,13:09,2015,2016
2015-16,201949,James Johnson,James,1610612761,TOR,Toronto Raptors,21500164,2015-11-17T00:00:00,TOR @ GSW,L,9.4,0.0,2.0,0.0,6.0,3.0,3.0,8.0,6.0,0.0,0.0,0.0,0.0,5.4,1,13074,13074,13074,22675,12059,4731,9917,5299,5109,7138,17194,22724,8004,1,1,18762,22242,1.0,9:23,2015,2016
2015-16,201162,Jared Dudley,Jared,1610612764,WAS,Washington Wizards,21500158,2015-11-17T00:00:00,WAS vs. MIL,W,22.7,2.0,0.0,0.0,0.0,3.0,2.0,0.0,12.0,1.0,0.0,0.0,1.0,27.4,1,1,1,1,13605,6026,10158,9917,18861,5109,3734,1,18637,2692,1,1,12373,7179,1.0,22:42,2015,2016
2015-16,203118,Mike Scott,Mike,1610612737,ATL,Atlanta Hawks,21500159,2015-11-17T00:00:00,ATL @ BKN,L,13.2,5.0,2.0,2.0,4.0,4.0,0.0,2.0,6.0,1.0,0.0,1.0,3.0,15.8,1,13074,13074,13074,20860,1603,4731,4675,8599,6141,1,4025,22724,2692,1,4972,4736,14754,1.0,13:13,2015,2016
2015-16,2738,Andre Iguodala,Andre,1610612744,GSW,Golden State Warriors,21500164,2015-11-17T00:00:00,GSW vs. TOR,W,32.0,2.0,0.0,4.0,4.0,15.0,10.0,11.0,32.0,0.0,0.0,4.0,1.0,20.1,1,1,1,1,5883,6026,10158,1913,8599,23079,20509,21342,3535,8004,1,22104,12373,11685,1.0,32:00,2015,2016
2015-16,101127,Jarrett Jack,Jarrett,1610612751,BKN,Brooklyn Nets,21500159,2015-11-17T00:00:00,BKN vs. ATL,W,34.5,3.0,0.0,0.0,2.0,6.0,7.0,2.0,18.0,0.0,0.0,3.0,4.0,30.6,1,1,1,1,3961,4307,10158,9917,12984,10028,15642,4025,13577,8004,1,17641,2748,5574,1.0,34:29,2015,2016
2015-16,708,Kevin Garnett,Kevin,1610612750,MIN,Minnesota Timberwolves,21500161,2015-11-17T00:00:00,MIN @ MIA,W,14.7,0.0,2.0,2.0,2.0,6.0,2.0,4.0,14.0,0.0,1.0,1.0,0.0,15.4,1,1,1,1,19946,12059,4731,4675,12984,10028,3734,8806,17019,8004,17214,4972,18762,15066,1.0,14:43,2015,2016
2015-16,1626163,Frank Kaminsky,Frank,1610612766,CHA,Charlotte Hornets,21500162,2015-11-17T00:00:00,CHA @ NYK,L,23.9,0.0,2.0,0.0,2.0,6.0,10.0,2.0,14.0,2.0,0.0,2.0,1.0,15.5,1,13074,13074,13074,12680,12059,4731,9917,12984,10028,20509,4025,17019,932,1,11390,12373,15004,1.0,23:52,2015,2016
2015-16,101106,Andrew Bogut,Andrew,1610612744,GSW,Golden State Warriors,21500164,2015-11-17T00:00:00,GSW vs. TOR,W,17.4,0.0,2.0,3.0,10.0,13.0,2.0,9.0,16.0,1.0,0.0,5.0,4.0,27.2,1,1,1,1,18004,12059,4731,3302,1840,21300,3734,18829,15259,2692,1,24686,2748,7289,1.0,17:21,2015,2016
2015-16,203110,Draymond Green,Draymond,1610612744,GSW,Golden State Warriors,21500164,2015-11-17T00:00:00,GSW vs. TOR,W,35.2,2.0,0.0,5.0,4.0,19.0,12.0,14.0,40.0,1.0,0.0,4.0,3.0,30.3,1,1,1,1,3430,6026,10158,1277,8599,25074,22832,23710,983,2692,1,22104,4736,5702,1.0,35:09,2015,2016
2015-16,2755,Kevin Martin,Kevin,1610612750,MIN,Minnesota Timberwolves,21500161,2015-11-17T00:00:00,MIN @ MIA,W,23.2,2.0,0.0,4.0,2.0,4.0,6.0,2.0,20.0,0.0,0.0,1.0,2.0,15.8,1,1,1,1,13231,6026,10158,1913,12984,6141,13237,4025,11929,8004,1,4972,7786,14754,1.0,23:10,2015,2016
2015-16,201967,Dante Cunningham,Dante,1610612740,NOP,New Orleans Pelicans,21500163,2015-11-17T00:00:00,NOP vs. DEN,L,31.4,2.0,3.0,2.0,6.0,11.0,10.0,8.0,32.0,3.0,0.0,2.0,1.0,31.0,1,13074,13074,13074,6375,6026,3104,4675,5299,18886,20509,17194,3535,347,1,11390,12373,5406,1.0,31:25,2015,2016
2015-16,2744,Al Jefferson,Al,1610612766,CHA,Charlotte Hornets,21500162,2015-11-17T00:00:00,CHA @ NYK,L,26.0,0.0,0.0,0.0,6.0,6.0,11.0,0.0,18.0,1.0,2.0,1.0,1.0,31.0,1,13074,13074,13074,10836,12059,10158,9917,5299,10028,21814,1,13577,2692,23588,4972,12373,5406,1.0,26:00,2015,2016
2015-16,203484,Kentavious Caldwell-Pope,Kentavious,1610612765,DET,Detroit Pistons,21500160,2015-11-17T00:00:00,DET vs. CLE,W,37.9,2.0,0.0,4.0,8.0,13.0,0.0,5.0,34.0,0.0,0.0,1.0,1.0,19.9,1,1,1,1,1568,6026,10158,1913,3109,21300,1,11593,2701,8004,1,4972,12373,11824,1.0,37:52,2015,2016
2015-16,200757,Thabo Sefolosha,Thabo,1610612737,ATL,Atlanta Hawks,21500159,2015-11-17T00:00:00,ATL @ BKN,L,29.8,2.0,1.0,0.0,4.0,10.0,6.0,3.0,30.0,1.0,0.0,1.0,3.0,19.9,1,13074,13074,13074,7707,6026,9709,9917,8599,17370,13237,7328,4541,2692,1,4972,4736,11824,1.0,29:49,2015,2016
2015-16,203940,Adreian Payne,Adreian,1610612750,MIN,Minnesota Timberwolves,21500161,2015-11-17T00:00:00,MIN @ MIA,W,17.5,2.0,2.0,2.0,6.0,0.0,6.0,6.0,32.0,0.0,1.0,4.0,2.0,15.8,1,1,1,1,17915,6026,4731,4675,5299,1,13237,13388,3535,8004,17214,22104,7786,14754,1.0,17:28,2015,2016
2015-16,202709,Cory Joseph,Cory,1610612761,TOR,Toronto Raptors,21500164,2015-11-17T00:00:00,TOR @ GSW,L,28.4,4.0,0.0,5.0,6.0,17.0,6.0,16.0,14.0,0.0,1.0,4.0,5.0,31.0,1,13074,13074,13074,8969,2460,10158,1277,5299,24337,13237,24641,17019,8004,17214,22104,1539,5406,1.0,28:21,2015,2016
2015-16,202397,Ish Smith,Ish,1610612740,NOP,New Orleans Pelicans,21500163,2015-11-17T00:00:00,NOP vs. DEN,L,37.5,0.0,0.0,4.0,10.0,17.0,10.0,2.0,36.0,1.0,1.0,1.0,1.0,31.6,1,13074,13074,13074,1749,12059,10158,1913,1840,24337,20509,4025,1943,2692,17214,4972,12373,5130,1.0,37:30,2015,2016
2015-16,201152,Thaddeus Young,Thaddeus,1610612751,BKN,Brooklyn Nets,21500159,2015-11-17T00:00:00,BKN vs. ATL,W,32.5,4.0,4.0,2.0,14.0,0.0,3.0,0.0,10.0,0.0,2.0,3.0,2.0,42.2,1,1,1,1,5468,2460,1596,4675,542,1,7138,1,20209,8004,23588,17641,7786,1892,1.0,32:32,2015,2016
2015-16,2592,James Jones,James,1610612739,CLE,Cleveland Cavaliers,21500160,2015-11-17T00:00:00,CLE @ DET,L,13.7,1.0,0.0,0.0,0.0,2.0,4.0,5.0,8.0,0.0,0.0,4.0,1.0,15.1,1,13074,13074,13074,20569,11535,10158,9917,18861,2619,8458,11593,21543,8004,1,22104,12373,15328,1.0,13:44,2015,2016
2015-16,2547,Chris Bosh,Chris,1610612748,MIA,Miami Heat,21500161,2015-11-17T00:00:00,MIA vs. MIN,L,31.5,0.0,4.0,0.0,6.0,19.0,15.0,10.0,26.0,1.0,0.0,2.0,3.0,20.4,1,13074,13074,13074,6298,12059,1596,9917,5299,25074,24781,20169,7214,2692,1,11390,4736,11453,1.0,31:31,2015,2016
2015-16,201942,DeMar DeRozan,DeMar,1610612761,TOR,Toronto Raptors,21500164,2015-11-17T00:00:00,TOR @ GSW,L,39.2,1.0,0.0,2.0,16.0,15.0,11.0,18.0,40.0,0.0,1.0,3.0,6.0,42.0,1,13074,13074,13074,1002,11535,10158,4675,275,23079,21814,25228,983,8004,17214,17641,873,1936,1.0,39:10,2015,2016
2015-16,203952,Andrew Wiggins,Andrew,1610612750,MIN,Minnesota Timberwolves,21500161,2015-11-17T00:00:00,MIN @ MIA,W,33.0,0.0,4.0,0.0,8.0,11.0,8.0,12.0,44.0,1.0,2.0,1.0,6.0,40.1,1,1,1,1,5137,12059,1596,9917,3109,18886,17345,22259,454,2692,23588,4972,873,2345,1.0,32:59,2015,2016
2015-16,203200,Justin Holiday,Justin,1610612737,ATL,Atlanta Hawks,21500159,2015-11-17T00:00:00,ATL @ BKN,L,22.8,0.0,0.0,0.0,0.0,8.0,5.0,4.0,20.0,0.0,0.0,1.0,0.0,11.8,1,13074,13074,13074,13523,12059,10158,9917,18861,13914,11469,8806,11929,8004,1,4972,18762,17832,1.0,22:49,2015,2016
2015-16,202702,Kenneth Faried,Kenneth,1610612743,DEN,Denver Nuggets,21500163,2015-11-17T00:00:00,DEN @ NOP,W,25.8,0.0,0.0,4.0,10.0,8.0,5.0,4.0,20.0,1.0,0.0,5.0,2.0,21.4,1,1,1,1,11059,12059,10158,1913,1840,13914,11469,8806,11929,2692,1,24686,7786,10807,1.0,25:46,2015,2016
2015-16,203476,Gorgui Dieng,Gorgui,1610612750,MIN,Minnesota Timberwolves,21500161,2015-11-17T00:00:00,MIN @ MIA,W,22.0,2.0,2.0,0.0,4.0,5.0,6.0,2.0,18.0,0.0,4.0,4.0,2.0,18.7,1,1,1,1,14196,6026,4731,9917,8599,8403,13237,4025,13577,8004,25926,22104,7786,12648,1.0,21:58,2015,2016
2015-16,2449,Luis Scola,Luis,1610612761,TOR,Toronto Raptors,21500164,2015-11-17T00:00:00,TOR @ GSW,L,27.8,2.0,2.0,0.0,6.0,15.0,8.0,14.0,38.0,0.0,0.0,5.0,2.0,13.0,1,13074,13074,13074,9383,6026,4731,9917,5299,23079,17345,23710,1422,8004,1,24686,7786,16969,1.0,27:48,2015,2016
2015-16,203114,Khris Middleton,Khris,1610612749,MIL,Milwaukee Bucks,21500158,2015-11-17T00:00:00,MIL @ WAS,L,27.3,3.0,2.0,0.0,4.0,19.0,11.0,14.0,26.0,0.0,0.0,4.0,1.0,18.4,1,13074,13074,13074,9753,4307,4731,9917,8599,25074,21814,23710,7214,8004,1,22104,12373,12854,1.0,27:19,2015,2016
2015-16,203915,Spencer Dinwiddie,Spencer,1610612765,DET,Detroit Pistons,21500160,2015-11-17T00:00:00,DET vs. CLE,W,13.6,0.0,0.0,0.0,0.0,6.0,0.0,5.0,10.0,0.0,0.0,2.0,2.0,7.7,1,1,1,1,20671,12059,10158,9917,18861,10028,1,11593,20209,8004,1,11390,7786,20733,1.0,13:33,2015,2016
2015-16,203546,Ian Clark,Ian,1610612744,GSW,Golden State Warriors,21500164,2015-11-17T00:00:00,GSW vs. TOR,W,6.3,1.0,3.0,1.0,0.0,2.0,0.0,2.0,6.0,0.0,0.0,0.0,2.0,8.0,1,1,1,1,23817,11535,3104,9347,18861,2619,1,4025,22724,8004,1,1,7786,20564,1.0,6:20,2015,2016
2015-16,2403,Nene,ene,1610612764,WAS,Washington Wizards,21500158,2015-11-17T00:00:00,WAS vs. MIL,W,16.4,1.0,0.0,0.0,2.0,3.0,3.0,0.0,10.0,0.0,1.0,4.0,3.0,18.2,1,1,1,1,18749,11535,10158,9917,12984,5109,7138,1,20209,8004,17214,22104,4736,13004,1.0,16:23,2015,2016
2015-16,101123,Gerald Green,Gerald,1610612748,MIA,Miami Heat,21500161,2015-11-17T00:00:00,MIA vs. MIN,L,11.8,0.0,2.0,0.0,2.0,9.0,2.0,6.0,10.0,0.0,1.0,3.0,0.0,8.3,1,13074,13074,13074,21684,12059,4731,9917,12984,15771,3734,13388,20209,8004,17214,17641,18762,20376,1.0,11:48,2015,2016
2015-16,200811,Lou Amundson,Lou,1610612752,NYK,New York Knicks,21500162,2015-11-17T00:00:00,NYK vs. CHA,W,7.4,0.0,0.0,0.0,0.0,0.0,3.0,0.0,4.0,0.0,0.0,3.0,1.0,2.7,1,1,1,1,23434,12059,10158,9917,18861,1,7138,1,23698,8004,1,17641,12373,23884,1.0,7:22,2015,2016
2015-16,201177,Josh McRoberts,Josh,1610612748,MIA,Miami Heat,21500161,2015-11-17T00:00:00,MIA vs. MIN,L,11.6,0.0,0.0,0.0,0.0,9.0,2.0,6.0,12.0,0.0,0.0,3.0,1.0,2.1,1,13074,13074,13074,21767,12059,10158,9917,18861,15771,3734,13388,18637,8004,1,17641,12373,24211,1.0,11:37,2015,2016
2015-16,202328,Greg Monroe,Greg,1610612749,MIL,Milwaukee Bucks,21500158,2015-11-17T00:00:00,MIL @ WAS,L,25.6,0.0,2.0,0.0,2.0,18.0,13.0,12.0,26.0,1.0,2.0,2.0,4.0,16.0,1,13074,13074,13074,11241,12059,4731,9917,12984,24749,23668,22259,7214,2692,23588,11390,2748,14590,1.0,25:34,2015,2016
2015-16,203089,John Henson,John,1610612749,MIL,Milwaukee Bucks,21500158,2015-11-17T00:00:00,MIL @ WAS,L,16.1,3.0,3.0,0.0,6.0,7.0,0.0,3.0,10.0,1.0,0.0,4.0,3.0,20.7,1,13074,13074,13074,18997,4307,3104,9917,5299,12242,1,7328,20209,2692,1,22104,4736,11252,1.0,16:03,2015,2016
2015-16,202391,Jeremy Lin,Jeremy,1610612766,CHA,Charlotte Hornets,21500162,2015-11-17T00:00:00,CHA @ NYK,L,28.4,2.0,0.0,4.0,6.0,6.0,8.0,2.0,14.0,0.0,1.0,2.0,5.0,21.5,1,13074,13074,13074,8894,6026,10158,1913,5299,10028,17345,4025,17019,8004,17214,11390,1539,10755,1.0,28:25,2015,2016
2015-16,101181,Jose Calderon,Jose,1610612752,NYK,New York Knicks,21500162,2015-11-17T00:00:00,NYK vs. CHA,W,30.7,3.0,3.0,0.0,0.0,5.0,4.0,4.0,22.0,0.0,0.0,1.0,0.0,18.1,1,1,1,1,6988,4307,3104,9917,18861,8403,8458,8806,10265,8004,1,4972,18762,13090,1.0,30:39,2015,2016
2015-16,203521,Matthew Dellavedova,Matthew,1610612739,CLE,Cleveland Cavaliers,21500160,2015-11-17T00:00:00,CLE @ DET,L,20.3,0.0,0.0,0.0,2.0,3.0,2.0,3.0,16.0,0.0,0.0,2.0,0.0,8.5,1,13074,13074,13074,15648,12059,10158,9917,12984,5109,3734,7328,15259,8004,1,11390,18762,20215,1.0,20:18,2015,2016
2015-16,2571,Leandro Barbosa,Leandro,1610612744,GSW,Golden State Warriors,21500164,2015-11-17T00:00:00,GSW vs. TOR,W,15.8,4.0,0.0,4.0,2.0,7.0,2.0,4.0,14.0,0.0,1.0,3.0,1.0,16.7,1,1,1,1,19205,2460,10158,1913,12984,12242,3734,8806,17019,8004,17214,17641,12373,14064,1.0,15:47,2015,2016
2015-16,203080,Thomas Robinson,Thomas,1610612751,BKN,Brooklyn Nets,21500159,2015-11-17T00:00:00,BKN vs. ATL,W,12.6,0.0,0.0,0.0,0.0,10.0,2.0,2.0,10.0,0.0,0.0,0.0,1.0,2.8,1,1,1,1,21218,12059,10158,9917,18861,17370,3734,4025,20209,8004,1,1,12373,23879,1.0,12:35,2015,2016
2015-16,202066,Garrett Temple,Garrett,1610612764,WAS,Washington Wizards,21500158,2015-11-17T00:00:00,WAS vs. MIL,W,30.5,5.0,3.0,4.0,2.0,10.0,7.0,2.0,20.0,0.0,1.0,3.0,1.0,21.4,1,1,1,1,7138,1603,3104,1913,12984,17370,15642,4025,11929,8004,17214,17641,12373,10807,1.0,30:28,2015,2016
2015-16,202087,Alonzo Gee,Alonzo,1610612740,NOP,New Orleans Pelicans,21500163,2015-11-17T00:00:00,NOP vs. DEN,L,21.6,0.0,0.0,0.0,0.0,7.0,8.0,8.0,20.0,1.0,1.0,4.0,0.0,8.2,1,13074,13074,13074,14502,12059,10158,9917,18861,12242,17345,17194,11929,2692,17214,22104,18762,20416,1.0,21:38,2015,2016
2015-16,2756,Sasha Vujacic,Sasha,1610612752,NYK,New York Knicks,21500162,2015-11-17T00:00:00,NYK vs. CHA,W,2.8,0.0,0.0,0.0,0.0,0.0,0.0,0.0,4.0,0.0,0.0,0.0,0.0,3.0,1,1,1,1,25211,12059,10158,9917,18861,1,1,1,23698,8004,1,1,18762,23648,1.0,2:46,2015,2016
2015-16,1626169,Stanley Johnson,Stanley,1610612765,DET,Detroit Pistons,21500160,2015-11-17T00:00:00,DET vs. CLE,W,16.3,0.0,0.0,0.0,4.0,6.0,0.0,5.0,10.0,0.0,0.0,1.0,2.0,13.7,1,1,1,1,18785,12059,10158,9917,8599,10028,1,11593,20209,8004,1,4972,7786,16393,1.0,16:20,2015,2016
2015-16,203105,Festus Ezeli,Festus,1610612744,GSW,Golden State Warriors,21500164,2015-11-17T00:00:00,GSW vs. TOR,W,22.2,0.0,0.0,0.0,6.0,8.0,8.0,4.0,30.0,4.0,0.0,3.0,4.0,32.7,1,1,1,1,13979,12059,10158,9917,5299,13914,17345,8806,4541,132,1,17641,2748,4649,1.0,22:14,2015,2016
2015-16,201573,Jerryd Bayless,Jerryd,1610612749,MIL,Milwaukee Bucks,21500158,2015-11-17T00:00:00,MIL @ WAS,L,36.8,2.0,0.0,0.0,2.0,22.0,10.0,15.0,34.0,0.0,0.0,3.0,0.0,28.7,1,13074,13074,13074,2200,6026,10158,9917,12984,25683,20509,24242,2701,8004,1,17641,18762,6514,1.0,36:50,2015,2016
2015-16,101141,Ersan Ilyasova,Ersan,1610612765,DET,Detroit Pistons,21500160,2015-11-17T00:00:00,DET vs. CLE,W,28.7,3.0,0.0,0.0,2.0,12.0,0.0,5.0,24.0,0.0,1.0,2.0,3.0,33.2,1,1,1,1,8647,4307,10158,9917,12984,20178,1,11593,8723,8004,17214,11390,4736,4462,1.0,28:42,2015,2016
2015-16,2736,Luol Deng,Luol,1610612748,MIA,Miami Heat,21500161,2015-11-17T00:00:00,MIA vs. MIN,L,33.5,4.0,0.0,4.0,8.0,8.0,15.0,4.0,20.0,1.0,0.0,2.0,2.0,31.7,1,13074,13074,13074,4781,2460,10158,1913,3109,13914,24781,8806,11929,2692,1,11390,7786,5088,1.0,33:27,2015,2016
2015-16,2544,LeBron James,LeBron,1610612739,CLE,Cleveland Cavaliers,21500160,2015-11-17T00:00:00,CLE @ DET,L,39.8,9.0,0.0,6.0,12.0,12.0,10.0,13.0,46.0,0.0,1.0,3.0,6.0,37.7,1,13074,13074,13074,786,171,10158,740,988,20178,20509,23048,298,8004,17214,17641,873,2990,1.0,39:48,2015,2016
2015-16,201609,Goran Dragic,Goran,1610612748,MIA,Miami Heat,21500161,2015-11-17T00:00:00,MIA vs. MIN,L,36.1,0.0,2.0,4.0,8.0,10.0,17.0,4.0,26.0,0.0,1.0,6.0,7.0,32.9,1,13074,13074,13074,2647,12059,4731,1913,3109,17370,25429,8806,7214,8004,17214,25827,469,4566,1.0,36:09,2015,2016
2015-16,201577,Robin Lopez,Robin,1610612752,NYK,New York Knicks,21500162,2015-11-17T00:00:00,NYK vs. CHA,W,17.8,0.0,0.0,0.0,2.0,5.0,4.0,2.0,16.0,0.0,0.0,3.0,1.0,13.9,1,1,1,1,17715,12059,10158,9917,12984,8403,8458,4025,15259,8004,1,17641,12373,16232,1.0,17:45,2015,2016
2015-16,2743,Kris Humphries,Kris,1610612764,WAS,Washington Wizards,21500158,2015-11-17T00:00:00,WAS vs. MIL,W,20.7,0.0,2.0,2.0,2.0,10.0,5.0,2.0,14.0,1.0,0.0,1.0,4.0,17.3,1,1,1,1,15296,12059,4731,4675,12984,17370,11469,4025,17019,2692,1,4972,2748,13671,1.0,20:44,2015,2016
2015-16,2207,Joe Johnson,Joe,1610612751,BKN,Brooklyn Nets,21500159,2015-11-17T00:00:00,BKN vs. ATL,W,39.0,0.0,3.0,0.0,4.0,2.0,5.0,0.0,16.0,0.0,2.0,1.0,2.0,37.9,1,1,1,1,1074,12059,3104,9917,8599,2619,11469,1,15259,8004,23588,4972,7786,2931,1.0,39:00,2015,2016
2015-16,203507,Giannis Antetokounmpo,Giannis,1610612749,MIL,Milwaukee Bucks,21500158,2015-11-17T00:00:00,MIL @ WAS,L,35.0,0.0,0.0,0.0,4.0,18.0,13.0,13.0,30.0,1.0,1.0,4.0,4.0,27.5,1,13074,13074,13074,3549,12059,10158,9917,8599,24749,23668,23048,4541,2692,17214,22104,2748,7137,1.0,34:59,2015,2016
2015-16,201567,Kevin Love,Kevin,1610612739,CLE,Cleveland Cavaliers,21500160,2015-11-17T00:00:00,CLE @ DET,L,33.8,2.0,0.0,0.0,8.0,10.0,6.0,11.0,40.0,0.0,0.0,4.0,3.0,33.3,1,13074,13074,13074,4506,6026,10158,9917,3109,17370,13237,21342,983,8004,1,22104,4736,4423,1.0,33:49,2015,2016
2015-16,202684,Tristan Thompson,Tristan,1610612739,CLE,Cleveland Cavaliers,21500160,2015-11-17T00:00:00,CLE @ DET,L,21.0,0.0,0.0,0.0,4.0,5.0,6.0,5.0,16.0,0.0,0.0,1.0,0.0,17.8,1,13074,13074,13074,15089,12059,10158,9917,8599,8403,13237,11593,15259,8004,1,4972,18762,13309,1.0,20:58,2015,2016
2015-16,201960,DeMarre Carroll,DeMarre,1610612761,TOR,Toronto Raptors,21500164,2015-11-17T00:00:00,TOR @ GSW,L,39.1,7.0,2.0,5.0,6.0,21.0,11.0,21.0,42.0,0.0,0.0,1.0,2.0,39.4,1,13074,13074,13074,1020,548,4731,1277,5299,25535,21814,25725,670,8004,1,4972,7786,2530,1.0,39:08,2015,2016
2015-16,203486,Mason Plumlee,Mason,1610612757,POR,Portland Trail Blazers,21500156,2015-11-16T00:00:00,POR @ SAS,L,30.8,2.0,0.0,2.0,6.0,10.0,2.0,4.0,20.0,0.0,0.0,1.0,3.0,22.5,1,13074,13074,13074,6897,6026,10158,4675,5299,17370,3734,8806,11929,8004,1,4972,4736,10082,1.0,30:48,2015,2016
2015-16,201188,Marc Gasol,Marc,1610612763,MEM,Memphis Grizzlies,21500155,2015-11-16T00:00:00,MEM vs. OKC,W,35.1,3.0,4.0,0.0,10.0,14.0,15.0,15.0,38.0,1.0,0.0,5.0,5.0,32.2,1,1,1,1,3489,4307,1596,9917,1840,22292,24781,24242,1422,2692,1,24686,1539,4846,1.0,35:04,2015,2016
2015-16,202331,Paul George,Paul,1610612754,IND,Indiana Pacers,21500153,2015-11-16T00:00:00,IND @ CHI,L,38.5,3.0,1.0,3.0,6.0,10.0,11.0,9.0,24.0,0.0,2.0,3.0,5.0,37.9,1,13074,13074,13074,1266,4307,9709,3302,5299,17370,21814,18829,8723,8004,23588,17641,1539,2931,1.0,38:31,2015,2016
2015-16,202323,Evan Turner,Evan,1610612738,BOS,Boston Celtics,21500154,2015-11-16T00:00:00,BOS @ HOU,W,18.1,2.0,2.0,0.0,2.0,4.0,4.0,4.0,18.0,0.0,0.0,3.0,1.0,14.0,1,1,1,1,17464,6026,4731,9917,12984,6141,8458,8806,13577,8004,1,17641,12373,16166,1.0,18:05,2015,2016
2015-16,203210,JaMychal Green,JaMychal,1610612763,MEM,Memphis Grizzlies,21500155,2015-11-16T00:00:00,MEM vs. OKC,W,30.4,0.0,2.0,0.0,0.0,13.0,12.0,17.0,26.0,2.0,1.0,3.0,1.0,17.6,1,1,1,1,7194,12059,4731,9917,18861,21300,22832,24967,7214,932,17214,17641,12373,13443,1.0,30:23,2015,2016
2015-16,203457,Nerlens Noel,Nerlens,1610612755,PHI,Philadelphia 76ers,21500152,2015-11-16T00:00:00,PHI vs. DAL,L,38.4,3.0,2.0,2.0,10.0,20.0,2.0,17.0,16.0,1.0,0.0,3.0,3.0,31.9,1,13074,13074,13074,1328,4307,4731,4675,1840,25338,3734,24967,15259,2692,1,17641,4736,4984,1.0,38:23,2015,2016
2015-16,2772,Trevor Ariza,Trevor,1610612745,HOU,Houston Rockets,21500154,2015-11-16T00:00:00,HOU vs. BOS,L,31.6,3.0,3.0,0.0,6.0,28.0,12.0,15.0,38.0,1.0,0.0,2.0,1.0,37.8,1,13074,13074,13074,6191,4307,3104,9917,5299,26034,22832,24242,1422,2692,1,11390,12373,2956,1.0,31:39,2015,2016
2015-16,203093,Terrence Jones,Terrence,1610612745,HOU,Houston Rockets,21500154,2015-11-16T00:00:00,HOU vs. BOS,L,28.0,10.0,2.0,11.0,12.0,12.0,5.0,9.0,36.0,0.0,2.0,2.0,3.0,32.6,1,13074,13074,13074,9262,99,4731,69,988,20178,11469,18829,1943,8004,23588,11390,4736,4687,1.0,27:57,2015,2016
2015-16,1626143,Jahlil Okafor,Jahlil,1610612755,PHI,Philadelphia 76ers,21500152,2015-11-16T00:00:00,PHI vs. DAL,L,32.6,3.0,3.0,0.0,14.0,23.0,0.0,14.0,16.0,2.0,1.0,5.0,4.0,38.7,1,13074,13074,13074,5457,4307,3104,9917,542,25803,1,23710,15259,932,17214,24686,2748,2717,1.0,32:33,2015,2016
2015-16,201935,James Harden,James,1610612745,HOU,Houston Rockets,21500154,2015-11-16T00:00:00,HOU vs. BOS,L,29.7,0.0,0.0,2.0,0.0,31.0,11.0,15.0,42.0,0.0,0.0,4.0,7.0,17.7,1,13074,13074,13074,7820,12059,10158,4675,18861,26070,21814,24242,670,8004,1,22104,469,13380,1.0,29:41,2015,2016
2015-16,1717,Dirk Nowitzki,Dirk,1610612742,DAL,Dallas Mavericks,21500152,2015-11-16T00:00:00,DAL @ PHI,W,30.7,6.0,0.0,3.0,0.0,13.0,9.0,14.0,30.0,1.0,0.0,4.0,7.0,32.0,1,1,1,1,6983,878,10158,3302,18861,21300,19144,23710,4541,2692,1,22104,469,4945,1.0,30:39,2015,2016
2015-16,1495,Tim Duncan,Tim,1610612759,SAS,San Antonio Spurs,21500156,2015-11-16T00:00:00,SAS vs. POR,W,28.6,0.0,2.0,0.0,6.0,2.0,2.0,2.0,22.0,2.0,1.0,0.0,2.0,27.8,1,1,1,1,8748,12059,4731,9917,5299,2619,3734,4025,10265,932,17214,1,7786,6950,1.0,28:35,2015,2016
2015-16,202718,Chandler Parsons,Chandler,1610612742,DAL,Dallas Mavericks,21500152,2015-11-16T00:00:00,DAL @ PHI,W,20.7,9.0,0.0,10.0,8.0,8.0,6.0,5.0,16.0,1.0,0.0,0.0,2.0,32.5,1,1,1,1,15302,171,10158,118,3109,13914,13237,11593,15259,2692,1,1,7786,4726,1.0,20:43,2015,2016
2015-16,2564,Boris Diaw,Boris,1610612759,SAS,San Antonio Spurs,21500156,2015-11-16T00:00:00,SAS vs. POR,W,21.9,0.0,2.0,0.0,10.0,0.0,0.0,0.0,6.0,1.0,0.0,1.0,3.0,32.1,1,1,1,1,14280,12059,4731,9917,1840,1,1,1,22724,2692,1,4972,4736,4889,1.0,21:52,2015,2016
2015-16,201988,Patty Mills,Patty,1610612759,SAS,San Antonio Spurs,21500156,2015-11-16T00:00:00,SAS vs. POR,W,21.4,2.0,0.0,0.0,2.0,2.0,0.0,2.0,8.0,0.0,1.0,0.0,2.0,14.1,1,1,1,1,14698,6026,10158,9917,12984,2619,1,4025,21543,8004,17214,1,7786,16094,1.0,21:24,2015,2016
2015-16,200746,LaMarcus Aldridge,LaMarcus,1610612759,SAS,San Antonio Spurs,21500156,2015-11-16T00:00:00,SAS vs. POR,W,33.5,0.0,0.0,0.0,2.0,2.0,2.0,2.0,18.0,1.0,0.0,3.0,2.0,17.7,1,1,1,1,4738,12059,10158,9917,12984,2619,3734,4025,13577,2692,1,17641,7786,13380,1.0,33:31,2015,2016
2015-16,202339,Eric Bledsoe,Eric,1610612756,PHX,Phoenix Suns,21500157,2015-11-16T00:00:00,PHX vs. LAL,W,28.3,6.0,0.0,4.0,8.0,6.0,4.0,0.0,18.0,0.0,1.0,3.0,4.0,27.7,1,1,1,1,9017,878,10158,1913,3109,10028,8458,1,13577,8004,17214,17641,2748,7008,1.0,28:17,2015,2016
2015-16,203096,Jared Sullinger,Jared,1610612738,BOS,Boston Celtics,21500154,2015-11-16T00:00:00,BOS @ HOU,W,25.4,0.0,2.0,0.0,6.0,5.0,5.0,7.0,12.0,1.0,1.0,1.0,0.0,23.7,1,1,1,1,11346,12059,4731,9917,5299,8403,11469,15538,18637,2692,17214,4972,18762,9329,1.0,25:26,2015,2016
2015-16,201627,Anthony Morrow,Anthony,1610612760,OKC,Oklahoma City Thunder,21500155,2015-11-16T00:00:00,OKC @ MEM,L,28.9,0.0,0.0,0.0,2.0,8.0,18.0,11.0,20.0,0.0,0.0,0.0,1.0,10.3,1,13074,13074,13074,8434,12059,10158,9917,12984,13914,25634,21342,11929,8004,1,1,12373,18965,1.0,28:55,2015,2016
2015-16,101138,Brandon Bass,Brandon,1610612747,LAL,Los Angeles Lakers,21500157,2015-11-16T00:00:00,LAL @ PHX,L,15.4,2.0,0.0,2.0,2.0,14.0,3.0,10.0,26.0,1.0,0.0,2.0,0.0,14.8,1,13074,13074,13074,19485,6026,10158,4675,12984,22292,7138,20169,7214,2692,1,11390,18762,15561,1.0,15:23,2015,2016
2015-16,203079,Dion Waiters,Dion,1610612760,OKC,Oklahoma City Thunder,21500155,2015-11-16T00:00:00,OKC @ MEM,L,37.7,2.0,4.0,3.0,8.0,17.0,18.0,20.0,26.0,0.0,0.0,2.0,2.0,25.4,1,13074,13074,13074,1646,6026,1596,3302,3109,24337,25634,25599,7214,8004,1,11390,7786,8273,1.0,37:43,2015,2016
2015-16,203935,Marcus Smart,Marcus,1610612738,BOS,Boston Celtics,21500154,2015-11-16T00:00:00,BOS @ HOU,W,30.3,1.0,0.0,1.0,2.0,5.0,5.0,9.0,14.0,0.0,1.0,3.0,6.0,33.8,1,1,1,1,7300,11535,10158,9347,12984,8403,11469,18829,17019,8004,17214,17641,873,4244,1.0,30:16,2015,2016
2015-16,203462,Archie Goodwin,Archie,1610612756,PHX,Phoenix Suns,21500157,2015-11-16T00:00:00,PHX vs. LAL,W,24.9,4.0,0.0,2.0,8.0,6.0,5.0,9.0,18.0,0.0,0.0,0.0,5.0,23.2,1,1,1,1,11777,2460,10158,4675,3109,10028,11469,18829,13577,8004,1,1,1539,9630,1.0,24:52,2015,2016
2015-16,101114,Deron Williams,Deron,1610612742,DAL,Dallas Mavericks,21500152,2015-11-16T00:00:00,DAL @ PHI,W,33.0,0.0,0.0,0.0,2.0,10.0,8.0,6.0,28.0,0.0,2.0,3.0,5.0,25.6,1,1,1,1,5167,12059,10158,9917,12984,17370,17345,13388,5824,8004,23588,17641,1539,8157,1.0,32:57,2015,2016
2015-16,203141,Mirza Teletovic,Mirza,1610612756,PHX,Phoenix Suns,21500157,2015-11-16T00:00:00,PHX vs. LAL,W,27.0,2.0,5.0,2.0,2.0,6.0,7.0,9.0,22.0,1.0,0.0,1.0,0.0,23.3,1,1,1,1,10044,6026,995,4675,12984,10028,15642,18829,10265,2692,1,4972,18762,9567,1.0,26:58,2015,2016
2015-16,203939,Dwight Powell,Dwight,1610612742,DAL,Dallas Mavericks,21500152,2015-11-16T00:00:00,DAL @ PHI,W,26.0,0.0,0.0,0.0,6.0,11.0,12.0,6.0,34.0,0.0,0.0,3.0,2.0,19.6,1,1,1,1,10867,12059,10158,9917,5299,18886,22832,13388,2701,8004,1,17641,7786,12024,1.0,25:58,2015,2016
2015-16,202710,Jimmy Butler III,Jimmy,1610612741,CHI,Chicago Bulls,21500153,2015-11-16T00:00:00,CHI vs. IND,W,36.4,2.0,2.0,3.0,6.0,10.0,10.0,8.0,24.0,1.0,0.0,5.0,5.0,33.6,1,1,1,1,2468,6026,4731,3302,5299,17370,20509,17194,8723,2692,1,24686,1539,4305,1.0,36:24,2015,2016
2015-16,1626156,D'Angelo Russell,D'Angelo,1610612747,LAL,Los Angeles Lakers,21500157,2015-11-16T00:00:00,LAL @ PHX,L,27.5,0.0,2.0,0.0,6.0,10.0,9.0,12.0,26.0,1.0,0.0,2.0,2.0,25.8,1,13074,13074,13074,9648,12059,4731,9917,5299,17370,19144,22259,7214,2692,1,11390,7786,8022,1.0,27:27,2015,2016
2015-16,201145,Jeff Green,Jeff,1610612763,MEM,Memphis Grizzlies,21500155,2015-11-16T00:00:00,MEM vs. OKC,W,34.2,2.0,2.0,7.0,6.0,6.0,15.0,12.0,26.0,1.0,1.0,2.0,5.0,34.5,1,1,1,1,4226,6026,4731,454,5299,10028,24781,22259,7214,2692,17214,11390,1539,3997,1.0,34:09,2015,2016
2015-16,202083,Wesley Matthews,Wesley,1610612742,DAL,Dallas Mavericks,21500152,2015-11-16T00:00:00,DAL @ PHI,W,29.1,2.0,0.0,4.0,2.0,7.0,7.0,7.0,28.0,0.0,1.0,4.0,1.0,14.9,1,1,1,1,8328,6026,10158,1913,12984,12242,15642,15538,5824,8004,17214,22104,12373,15463,1.0,29:03,2015,2016
2015-16,203138,Hollis Thompson,Hollis,1610612755,PHI,Philadelphia 76ers,21500152,2015-11-16T00:00:00,PHI vs. DAL,L,28.8,6.0,0.0,3.0,2.0,20.0,2.0,6.0,14.0,0.0,0.0,3.0,1.0,19.6,1,13074,13074,13074,8507,878,10158,3302,12984,25338,3734,13388,17019,8004,1,17641,12373,12024,1.0,28:50,2015,2016
2015-16,203468,CJ McCollum,CJ,1610612757,POR,Portland Trail Blazers,21500156,2015-11-16T00:00:00,POR @ SAS,L,33.9,0.0,0.0,0.0,2.0,8.0,0.0,7.0,20.0,0.0,1.0,1.0,3.0,23.6,1,13074,13074,13074,4453,12059,10158,9917,12984,13914,1,15538,11929,8004,17214,4972,4736,9377,1.0,33:52,2015,2016
2015-16,203496,Robert Covington,Robert,1610612755,PHI,Philadelphia 76ers,21500152,2015-11-16T00:00:00,PHI vs. DAL,L,20.2,0.0,4.0,3.0,2.0,9.0,0.0,3.0,6.0,0.0,0.0,4.0,4.0,15.0,1,13074,13074,13074,15694,12059,1596,3302,12984,15771,1,7328,22724,8004,1,22104,2748,15404,1.0,20:14,2015,2016
2015-16,2216,Zach Randolph,Zach,1610612763,MEM,Memphis Grizzlies,21500155,2015-11-16T00:00:00,MEM vs. OKC,W,29.4,2.0,4.0,0.0,4.0,11.0,17.0,8.0,22.0,0.0,2.0,1.0,5.0,26.0,1,1,1,1,8034,6026,1596,9917,8599,18886,25429,17194,10265,8004,23588,4972,1539,7910,1.0,29:26,2015,2016
2015-16,2754,Tony Allen,Tony,1610612763,MEM,Memphis Grizzlies,21500155,2015-11-16T00:00:00,MEM vs. OKC,W,27.1,2.0,0.0,4.0,6.0,13.0,18.0,8.0,28.0,0.0,1.0,3.0,0.0,19.2,1,1,1,1,9923,6026,10158,1913,5299,21300,25634,17194,5824,8004,17214,17641,18762,12284,1.0,27:06,2015,2016
2015-16,202720,Jon Leuer,Jon,1610612756,PHX,Phoenix Suns,21500157,2015-11-16T00:00:00,PHX vs. LAL,W,21.0,0.0,0.0,0.0,0.0,5.0,2.0,0.0,10.0,0.0,0.0,0.0,0.0,10.1,1,1,1,1,15021,12059,10158,9917,18861,8403,3734,1,20209,8004,1,1,18762,19105,1.0,21:02,2015,2016
2015-16,201941,Jordan Hill,Jordan,1610612754,IND,Indiana Pacers,21500153,2015-11-16T00:00:00,IND @ CHI,L,27.0,2.0,2.0,0.0,2.0,8.0,5.0,6.0,26.0,1.0,2.0,1.0,3.0,25.9,1,13074,13074,13074,10044,6026,4731,9917,12984,13914,11469,13388,7214,2692,23588,4972,4736,7960,1.0,26:58,2015,2016
2015-16,201596,Mario Chalmers,Mario,1610612763,MEM,Memphis Grizzlies,21500155,2015-11-16T00:00:00,MEM vs. OKC,W,22.8,6.0,3.0,7.0,4.0,13.0,7.0,14.0,24.0,0.0,0.0,3.0,8.0,34.9,1,1,1,1,13569,878,3104,454,8599,21300,15642,23710,8723,8004,1,17641,254,3845,1.0,22:45,2015,2016
2015-16,2225,Tony Parker,Tony,1610612759,SAS,San Antonio Spurs,21500156,2015-11-16T00:00:00,SAS vs. POR,W,27.7,4.0,0.0,0.0,0.0,2.0,2.0,2.0,18.0,0.0,1.0,2.0,2.0,29.5,1,1,1,1,9482,2460,10158,9917,18861,2619,3734,4025,13577,8004,17214,11390,7786,6103,1.0,27:40,2015,2016
2015-16,1626273,Marcelo Huertas,Marcelo,1610612747,LAL,Los Angeles Lakers,21500157,2015-11-16T00:00:00,LAL @ PHX,L,13.8,0.0,0.0,0.0,0.0,12.0,0.0,8.0,22.0,0.0,0.0,2.0,0.0,11.6,1,13074,13074,13074,20533,12059,10158,9917,18861,20178,1,17194,10265,8004,1,11390,18762,17970,1.0,13:47,2015,2016
2015-16,203500,Steven Adams,Steven,1610612760,OKC,Oklahoma City Thunder,21500155,2015-11-16T00:00:00,OKC @ MEM,L,26.8,4.0,7.0,0.0,8.0,6.0,11.0,9.0,26.0,1.0,0.0,6.0,4.0,24.9,1,13074,13074,13074,10178,2460,292,9917,3109,10028,21814,18829,7214,2692,1,25827,2748,8553,1.0,26:49,2015,2016
2015-16,201565,Derrick Rose,Derrick,1610612741,CHI,Chicago Bulls,21500153,2015-11-16T00:00:00,CHI vs. IND,W,33.2,0.0,3.0,8.0,4.0,7.0,9.0,6.0,24.0,1.0,1.0,3.0,2.0,43.4,1,1,1,1,4959,12059,3104,280,8599,12242,19144,13388,8723,2692,17214,17641,7786,1662,1.0,33:13,2015,2016
2015-16,203903,Jordan Clarkson,Jordan,1610612747,LAL,Los Angeles Lakers,21500157,2015-11-16T00:00:00,LAL @ PHX,L,33.2,0.0,0.0,0.0,6.0,12.0,18.0,14.0,32.0,0.0,0.0,2.0,3.0,23.9,1,13074,13074,13074,5001,12059,10158,9917,5299,20178,25634,23710,3535,8004,1,11390,4736,9184,1.0,33:09,2015,2016
2015-16,200782,P.J. Tucker,P.J.,1610612756,PHX,Phoenix Suns,21500157,2015-11-16T00:00:00,PHX vs. LAL,W,23.7,2.0,6.0,0.0,4.0,6.0,4.0,0.0,14.0,0.0,0.0,4.0,2.0,23.9,1,1,1,1,12804,6026,481,9917,8599,10028,8458,1,17019,8004,1,22104,7786,9184,1.0,23:43,2015,2016
2015-16,203991,Clint Capela,Clint,1610612745,HOU,Houston Rockets,21500154,2015-11-16T00:00:00,HOU vs. BOS,L,18.3,1.0,2.0,0.0,4.0,10.0,6.0,10.0,24.0,2.0,0.0,0.0,2.0,23.9,1,13074,13074,13074,17253,11535,4731,9917,8599,17370,13237,20169,8723,932,1,1,7786,9184,1.0,18:19,2015,2016
2015-16,1938,Manu Ginobili,Manu,1610612759,SAS,San Antonio Spurs,21500156,2015-11-16T00:00:00,SAS vs. POR,W,23.4,0.0,2.0,0.0,6.0,0.0,0.0,0.0,10.0,1.0,0.0,2.0,3.0,29.3,1,1,1,1,13065,12059,4731,9917,5299,1,1,1,20209,2692,1,11390,4736,6202,1.0,23:22,2015,2016
2015-16,101161,Amir Johnson,Amir,1610612738,BOS,Boston Celtics,21500154,2015-11-16T00:00:00,BOS @ HOU,W,22.3,2.0,0.0,2.0,6.0,5.0,5.0,2.0,8.0,1.0,1.0,2.0,1.0,29.7,1,1,1,1,13936,6026,10158,4675,5299,8403,11469,4025,21543,2692,17214,11390,12373,6006,1.0,22:16,2015,2016
2015-16,202683,Enes Freedom,Enes,1610612760,OKC,Oklahoma City Thunder,21500155,2015-11-16T00:00:00,OKC @ MEM,L,17.4,4.0,0.0,2.0,4.0,11.0,2.0,9.0,10.0,0.0,1.0,3.0,4.0,24.9,1,13074,13074,13074,17986,2460,10158,4675,8599,18886,3734,18829,20209,8004,17214,17641,2748,8553,1.0,17:22,2015,2016
2015-16,201149,Joakim Noah,Joakim,1610612741,CHI,Chicago Bulls,21500153,2015-11-16T00:00:00,CHI vs. IND,W,21.1,4.0,0.0,2.0,8.0,4.0,7.0,2.0,22.0,0.0,1.0,2.0,1.0,24.2,1,1,1,1,14995,2460,10158,4675,3109,6141,15642,4025,10265,8004,17214,11390,12373,9009,1.0,21:04,2015,2016
2015-16,101145,Monta Ellis,Monta,1610612754,IND,Indiana Pacers,21500153,2015-11-16T00:00:00,IND @ CHI,L,35.9,4.0,4.0,4.0,14.0,8.0,11.0,11.0,12.0,1.0,0.0,5.0,2.0,36.8,1,13074,13074,13074,2819,2460,1596,1913,542,13914,21814,21342,18637,2692,1,24686,7786,3241,1.0,35:55,2015,2016
2015-16,2730,Dwight Howard,Dwight,1610612745,HOU,Houston Rockets,21500154,2015-11-16T00:00:00,HOU vs. BOS,L,29.7,2.0,2.0,0.0,4.0,29.0,10.0,12.0,34.0,1.0,1.0,4.0,1.0,24.9,1,13074,13074,13074,7820,6026,4731,9917,8599,26052,20509,22259,2701,2692,17214,22104,12373,8553,1.0,29:41,2015,2016
2015-16,203933,T.J. Warren,T.J.,1610612756,PHX,Phoenix Suns,21500157,2015-11-16T00:00:00,PHX vs. LAL,W,24.3,7.0,2.0,6.0,12.0,5.0,5.0,9.0,18.0,0.0,1.0,1.0,1.0,29.8,1,1,1,1,12315,548,4731,740,988,8403,11469,18829,13577,8004,17214,4972,12373,5948,1.0,24:17,2015,2016
2015-16,201144,Mike Conley,Mike,1610612763,MEM,Memphis Grizzlies,21500155,2015-11-16T00:00:00,MEM vs. OKC,W,31.4,2.0,3.0,2.0,6.0,6.0,15.0,11.0,24.0,0.0,1.0,1.0,2.0,46.3,1,1,1,1,6393,6026,3104,4675,5299,10028,24781,21342,8723,8004,17214,4972,7786,1168,1.0,31:23,2015,2016
2015-16,203109,Jae Crowder,Jae,1610612738,BOS,Boston Celtics,21500154,2015-11-16T00:00:00,BOS @ HOU,W,28.1,12.0,4.0,4.0,12.0,5.0,7.0,4.0,12.0,0.0,0.0,2.0,3.0,24.6,1,1,1,1,9158,27,1596,1913,988,8403,15642,8806,18637,8004,1,11390,4736,8724,1.0,28:06,2015,2016
2015-16,101139,CJ Miles,CJ,1610612754,IND,Indiana Pacers,21500153,2015-11-16T00:00:00,IND @ CHI,L,27.1,3.0,3.0,1.0,0.0,4.0,9.0,9.0,8.0,0.0,1.0,2.0,2.0,24.4,1,13074,13074,13074,9962,4307,3104,9347,18861,6141,19144,18829,21543,8004,17214,11390,7786,8867,1.0,27:04,2015,2016
2015-16,202695,Kawhi Leonard,Kawhi,1610612759,SAS,San Antonio Spurs,21500156,2015-11-16T00:00:00,SAS vs. POR,W,30.8,6.0,0.0,4.0,8.0,2.0,2.0,2.0,20.0,2.0,0.0,1.0,3.0,46.3,1,1,1,1,6903,878,10158,1913,3109,2619,3734,4025,11929,932,1,4972,4736,1168,1.0,30:47,2015,2016
2015-16,2734,Devin Harris,Devin,1610612742,DAL,Dallas Mavericks,21500152,2015-11-16T00:00:00,DAL @ PHI,W,22.7,4.0,2.0,2.0,6.0,9.0,10.0,11.0,30.0,0.0,0.0,2.0,5.0,24.6,1,1,1,1,13607,2460,4731,4675,5299,15771,20509,21342,4541,8004,1,11390,1539,8724,1.0,22:42,2015,2016
2015-16,201566,Russell Westbrook,Russell,1610612760,OKC,Oklahoma City Thunder,21500155,2015-11-16T00:00:00,OKC @ MEM,L,38.5,4.0,3.0,10.0,10.0,11.0,18.0,13.0,32.0,0.0,0.0,1.0,7.0,66.8,1,13074,13074,13074,1252,2460,3104,118,1840,18886,25634,23048,3535,8004,1,4972,469,76,1.0,38:32,2015,2016
2015-16,204456,T.J. McConnell,T.J.,1610612755,PHI,Philadelphia 76ers,21500152,2015-11-16T00:00:00,PHI vs. DAL,L,34.4,2.0,4.0,3.0,4.0,20.0,2.0,14.0,12.0,1.0,0.0,4.0,1.0,35.4,1,13074,13074,13074,4053,6026,1596,3302,8599,25338,3734,23710,18637,2692,1,22104,12373,3684,1.0,34:22,2015,2016
2015-16,202688,Brandon Knight,Brandon,1610612756,PHX,Phoenix Suns,21500157,2015-11-16T00:00:00,PHX vs. LAL,W,40.8,3.0,5.0,6.0,12.0,10.0,7.0,9.0,22.0,0.0,0.0,3.0,6.0,74.5,1,1,1,1,536,4307,995,740,988,17370,15642,18829,10265,8004,1,17641,873,23,1.0,40:47,2015,2016
2015-16,203081,Damian Lillard,Damian,1610612757,POR,Portland Trail Blazers,21500156,2015-11-16T00:00:00,POR @ SAS,L,42.0,0.0,2.0,0.0,10.0,12.0,6.0,7.0,32.0,1.0,4.0,4.0,4.0,47.4,1,13074,13074,13074,316,12059,4731,9917,1840,20178,13237,15538,3535,2692,25926,22104,2748,1024,1.0,41:58,2015,2016
2015-16,201586,Serge Ibaka,Serge,1610612760,OKC,Oklahoma City Thunder,21500155,2015-11-16T00:00:00,OKC @ MEM,L,34.8,2.0,5.0,2.0,10.0,11.0,18.0,13.0,30.0,3.0,1.0,3.0,2.0,35.8,1,13074,13074,13074,3676,6026,995,4675,1840,18886,25634,23048,4541,347,17214,17641,7786,3541,1.0,34:49,2015,2016
2015-16,201147,Corey Brewer,Corey,1610612745,HOU,Houston Rockets,21500154,2015-11-16T00:00:00,HOU vs. BOS,L,24.4,4.0,2.0,2.0,4.0,17.0,12.0,11.0,28.0,0.0,0.0,2.0,3.0,24.6,1,13074,13074,13074,12241,2460,4731,4675,8599,24337,22832,21342,5824,8004,1,11390,4736,8724,1.0,24:22,2015,2016
2015-16,203090,Maurice Harkless,Maurice,1610612757,POR,Portland Trail Blazers,21500156,2015-11-16T00:00:00,POR @ SAS,L,12.2,0.0,0.0,0.0,0.0,2.0,4.0,0.0,16.0,0.0,0.0,2.0,0.0,6.2,1,13074,13074,13074,21445,12059,10158,9917,18861,2619,8458,1,15259,8004,1,11390,18762,21696,1.0,12:10,2015,2016
2015-16,201571,D.J. Augustin,D.J.,1610612760,OKC,Oklahoma City Thunder,21500155,2015-11-16T00:00:00,OKC @ MEM,L,15.7,3.0,3.0,0.0,0.0,11.0,2.0,11.0,16.0,0.0,2.0,4.0,1.0,10.7,1,13074,13074,13074,19279,4307,3104,9917,18861,18886,3734,21342,15259,8004,23588,22104,12373,18636,1.0,15:41,2015,2016
2015-16,201945,Gerald Henderson,Gerald,1610612757,POR,Portland Trail Blazers,21500156,2015-11-16T00:00:00,POR @ SAS,L,8.9,0.0,0.0,0.0,0.0,2.0,2.0,0.0,10.0,1.0,0.0,0.0,1.0,5.9,1,13074,13074,13074,22877,12059,10158,9917,18861,2619,3734,1,20209,2692,1,1,12373,21953,1.0,8:54,2015,2016
2015-16,200826,J.J. Barea,J.J.,1610612742,DAL,Dallas Mavericks,21500152,2015-11-16T00:00:00,DAL @ PHI,W,12.6,2.0,0.0,0.0,0.0,5.0,9.0,8.0,14.0,0.0,1.0,1.0,2.0,10.7,1,1,1,1,21197,6026,10158,9917,18861,8403,19144,17194,17019,8004,17214,4972,7786,18636,1.0,12:37,2015,2016
2015-16,203937,Kyle Anderson,Kyle,1610612759,SAS,San Antonio Spurs,21500156,2015-11-16T00:00:00,SAS vs. POR,W,7.0,0.0,0.0,0.0,0.0,0.0,0.0,0.0,4.0,1.0,0.0,1.0,0.0,6.1,1,1,1,1,23552,12059,10158,9917,18861,1,1,1,23698,2692,1,4972,18762,21845,1.0,7:03,2015,2016
2015-16,203944,Julius Randle,Julius,1610612747,LAL,Los Angeles Lakers,21500157,2015-11-16T00:00:00,LAL @ PHX,L,25.2,0.0,2.0,0.0,4.0,6.0,9.0,10.0,20.0,0.0,1.0,5.0,1.0,11.0,1,13074,13074,13074,11557,12059,4731,9917,8599,10028,19144,20169,11929,8004,17214,24686,12373,18430,1.0,25:09,2015,2016
2015-16,1626202,Joe Young,Joe,1610612754,IND,Indiana Pacers,21500153,2015-11-16T00:00:00,IND @ CHI,L,12.1,0.0,0.0,0.0,0.0,6.0,0.0,4.0,24.0,0.0,0.0,1.0,2.0,6.2,1,13074,13074,13074,21481,12059,10158,9917,18861,10028,1,8806,8723,8004,1,4972,7786,21696,1.0,12:05,2015,2016
2015-16,1626166,Cameron Payne,Cameron,1610612760,OKC,Oklahoma City Thunder,21500155,2015-11-16T00:00:00,OKC @ MEM,L,11.8,0.0,0.0,3.0,0.0,8.0,2.0,9.0,6.0,0.0,0.0,2.0,1.0,4.7,1,13074,13074,13074,21701,12059,10158,3302,18861,13914,3734,18829,22724,8004,1,11390,12373,22672,1.0,11:45,2015,2016
2015-16,1626149,Montrezl Harrell,Montrezl,1610612745,HOU,Houston Rockets,21500154,2015-11-16T00:00:00,HOU vs. BOS,L,11.9,0.0,0.0,0.0,2.0,15.0,4.0,7.0,10.0,0.0,0.0,1.0,1.0,4.4,1,13074,13074,13074,21619,12059,10158,9917,12984,23079,8458,15538,20209,8004,1,4972,12373,22837,1.0,11:57,2015,2016
2015-16,201973,Jonas Jerebko,Jonas,1610612738,BOS,Boston Celtics,21500154,2015-11-16T00:00:00,BOS @ HOU,W,13.9,6.0,2.0,0.0,6.0,13.0,2.0,10.0,14.0,0.0,0.0,3.0,1.0,9.4,1,1,1,1,20466,878,4731,9917,5299,21300,3734,20169,17019,8004,1,17641,12373,19568,1.0,13:54,2015,2016
2015-16,2440,Matt Barnes,Matt,1610612763,MEM,Memphis Grizzlies,21500155,2015-11-16T00:00:00,MEM vs. OKC,W,12.4,0.0,2.0,2.0,0.0,11.0,7.0,6.0,14.0,0.0,0.0,3.0,1.0,9.4,1,1,1,1,21331,12059,4731,4675,18861,18886,15642,13388,17019,8004,1,17641,12373,19568,1.0,12:25,2015,2016
2015-16,202379,Jeremy Evans,Jeremy,1610612742,DAL,Dallas Mavericks,21500152,2015-11-16T00:00:00,DAL @ PHI,W,1.4,0.0,0.0,0.0,0.0,1.0,0.0,0.0,0.0,0.0,0.0,0.0,0.0,-1.0,1,1,1,1,25746,12059,10158,9917,18861,2356,1,1,25429,8004,1,1,18762,25932,1.0,1:24,2015,2016
2015-16,203893,Russ Smith,Russ,1610612763,MEM,Memphis Grizzlies,21500155,2015-11-16T00:00:00,MEM vs. OKC,W,0.0,0.0,0.0,0.0,0.0,0.0,0.0,0.0,0.0,0.0,0.0,0.0,0.0,0.0,1,1,1,1,26059,12059,10158,9917,18861,1,1,1,25429,8004,1,1,18762,25170,1.0,0:03,2015,2016
2015-16,203459,Allen Crabbe,Allen,1610612757,POR,Portland Trail Blazers,21500156,2015-11-16T00:00:00,POR @ SAS,L,13.7,0.0,0.0,0.0,0.0,2.0,4.0,0.0,12.0,0.0,0.0,2.0,0.0,6.6,1,13074,13074,13074,20596,12059,10158,9917,18861,2619,8458,1,18637,8004,1,11390,18762,21445,1.0,13:41,2015,2016
2015-16,201978,Chase Budinger,Chase,1610612754,IND,Indiana Pacers,21500153,2015-11-16T00:00:00,IND @ CHI,L,18.3,0.0,0.0,0.0,0.0,6.0,5.0,9.0,10.0,0.0,1.0,1.0,0.0,6.8,1,13074,13074,13074,17292,12059,10158,9917,18861,10028,11469,18829,20209,8004,17214,4972,18762,21328,1.0,18:16,2015,2016
2015-16,101109,Raymond Felton,Raymond,1610612742,DAL,Dallas Mavericks,21500152,2015-11-16T00:00:00,DAL @ PHI,W,24.6,0.0,0.0,0.0,0.0,14.0,7.0,3.0,26.0,0.0,0.0,1.0,0.0,7.1,1,1,1,1,12000,12059,10158,9917,18861,22292,15642,7328,7214,8004,1,4972,18762,21141,1.0,24:37,2015,2016
2015-16,101111,Charlie Villanueva,Charlie,1610612742,DAL,Dallas Mavericks,21500152,2015-11-16T00:00:00,DAL @ PHI,W,8.3,3.0,0.0,0.0,0.0,0.0,3.0,0.0,8.0,0.0,0.0,2.0,0.0,6.6,1,1,1,1,23105,4307,10158,9917,18861,1,7138,1,21543,8004,1,11390,18762,21445,1.0,8:15,2015,2016
2015-16,1891,Jason Terry,Jason,1610612745,HOU,Houston Rockets,21500154,2015-11-16T00:00:00,HOU vs. BOS,L,18.3,0.0,0.0,0.0,0.0,17.0,6.0,15.0,20.0,1.0,0.0,3.0,0.0,8.7,1,13074,13074,13074,17303,12059,10158,9917,18861,24337,13237,24242,11929,2692,1,17641,18762,20045,1.0,18:15,2015,2016
2015-16,2555,Nick Collison,Nick,1610612760,OKC,Oklahoma City Thunder,21500155,2015-11-16T00:00:00,OKC @ MEM,L,16.9,0.0,0.0,0.0,2.0,10.0,9.0,13.0,10.0,2.0,0.0,3.0,0.0,13.3,1,13074,13074,13074,18354,12059,10158,9917,12984,17370,19144,23048,20209,932,1,17641,18762,16712,1.0,16:53,2015,2016
2015-16,2446,Rasual Butler,Rasual,1610612759,SAS,San Antonio Spurs,21500156,2015-11-16T00:00:00,SAS vs. POR,W,7.1,0.0,0.0,0.0,0.0,0.0,0.0,0.0,0.0,0.0,0.0,0.0,1.0,7.0,1,1,1,1,23517,12059,10158,9917,18861,1,1,1,25429,8004,1,1,12373,21188,1.0,7:07,2015,2016
2015-16,1626147,Justin Anderson,Justin,1610612742,DAL,Dallas Mavericks,21500152,2015-11-16T00:00:00,DAL @ PHI,W,1.9,0.0,0.0,0.0,0.0,1.0,1.0,2.0,2.0,0.0,0.0,0.0,0.0,0.0,1,1,1,1,25560,12059,10158,9917,18861,2356,3393,4025,24614,8004,1,1,18762,25170,1.0,1:53,2015,2016
2015-16,203960,JaKarr Sampson,JaKarr,1610612755,PHI,Philadelphia 76ers,21500152,2015-11-16T00:00:00,PHI vs. DAL,L,14.8,0.0,0.0,1.0,6.0,5.0,2.0,5.0,12.0,0.0,0.0,3.0,1.0,9.4,1,13074,13074,13074,19881,12059,10158,9347,5299,8403,3734,11593,18637,8004,1,17641,12373,19568,1.0,14:49,2015,2016
2015-16,203922,Glenn Robinson III,Glenn,1610612754,IND,Indiana Pacers,21500153,2015-11-16T00:00:00,IND @ CHI,L,16.0,0.0,2.0,0.0,2.0,6.0,0.0,6.0,24.0,0.0,2.0,3.0,1.0,5.2,1,13074,13074,13074,19075,12059,4731,9917,12984,10028,1,13388,8723,8004,23588,17641,12373,22370,1.0,15:57,2015,2016
2015-16,101135,David Lee,David,1610612738,BOS,Boston Celtics,21500154,2015-11-16T00:00:00,BOS @ HOU,W,5.1,0.0,0.0,0.0,0.0,0.0,4.0,0.0,6.0,0.0,0.0,2.0,0.0,3.6,1,1,1,1,24334,12059,10158,9917,18861,1,8458,1,22724,8004,1,11390,18762,23310,1.0,5:05,2015,2016
2015-16,203524,Solomon Hill,Solomon,1610612754,IND,Indiana Pacers,21500153,2015-11-16T00:00:00,IND @ CHI,L,13.0,0.0,2.0,0.0,4.0,6.0,0.0,6.0,12.0,0.0,0.0,0.0,1.0,4.2,1,13074,13074,13074,20989,12059,4731,9917,8599,10028,1,13388,18637,8004,1,1,12373,22976,1.0,12:59,2015,2016
2015-16,1626148,Anthony Brown,Anthony,1610612747,LAL,Los Angeles Lakers,21500157,2015-11-16T00:00:00,LAL @ PHX,L,2.1,0.0,0.0,0.0,0.0,0.0,0.0,0.0,0.0,0.0,0.0,0.0,0.0,0.0,1,13074,13074,13074,25493,12059,10158,9917,18861,1,1,1,25429,8004,1,1,18762,25170,1.0,2:04,2015,2016
2015-16,202734,E'Twaun Moore,E'Twaun,1610612741,CHI,Chicago Bulls,21500153,2015-11-16T00:00:00,CHI vs. IND,W,15.5,2.0,0.0,2.0,2.0,2.0,2.0,0.0,14.0,0.0,0.0,0.0,0.0,8.9,1,1,1,1,19386,6026,10158,4675,12984,2619,3734,1,17019,8004,1,1,18762,19914,1.0,15:32,2015,2016
2015-16,1626204,Larry Nance Jr.,Larry,1610612747,LAL,Los Angeles Lakers,21500157,2015-11-16T00:00:00,LAL @ PHX,L,22.9,0.0,0.0,0.0,0.0,18.0,9.0,12.0,34.0,0.0,0.0,2.0,0.0,7.1,1,13074,13074,13074,13496,12059,10158,9917,18861,24749,19144,22259,2701,8004,1,11390,18762,21141,1.0,22:51,2015,2016
2015-16,204028,Tarik Black,Tarik,1610612747,LAL,Los Angeles Lakers,21500157,2015-11-16T00:00:00,LAL @ PHX,L,2.1,0.0,0.0,0.0,0.0,0.0,0.0,0.0,0.0,0.0,0.0,0.0,0.0,0.0,1,13074,13074,13074,25493,12059,10158,9917,18861,1,1,1,25429,8004,1,1,18762,25170,1.0,2:04,2015,2016
2015-16,201980,Danny Green,Danny,1610612759,SAS,San Antonio Spurs,21500156,2015-11-16T00:00:00,SAS vs. POR,W,28.7,0.0,0.0,3.0,2.0,0.0,2.0,0.0,14.0,1.0,0.0,1.0,0.0,18.2,1,1,1,1,8677,12059,10158,3302,12984,1,3734,1,17019,2692,1,4972,18762,13004,1.0,28:40,2015,2016
2015-16,202713,Kyle Singler,Kyle,1610612760,OKC,Oklahoma City Thunder,21500155,2015-11-16T00:00:00,OKC @ MEM,L,11.5,0.0,0.0,0.0,0.0,2.0,2.0,2.0,14.0,0.0,0.0,4.0,0.0,3.0,1,13074,13074,13074,21812,12059,10158,9917,18861,2619,3734,4025,17019,8004,1,22104,18762,23648,1.0,11:31,2015,2016
2015-16,1897,Metta World Peace,Metta,1610612747,LAL,Los Angeles Lakers,21500157,2015-11-16T00:00:00,LAL @ PHX,L,20.7,4.0,0.0,0.0,2.0,8.0,9.0,8.0,16.0,0.0,1.0,1.0,3.0,18.3,1,13074,13074,13074,15334,2460,10158,9917,12984,13914,19144,17194,15259,8004,17214,4972,4736,12952,1.0,20:40,2015,2016
2015-16,1626164,Devin Booker,Devin,1610612756,PHX,Phoenix Suns,21500157,2015-11-16T00:00:00,PHX vs. LAL,W,2.1,0.0,0.0,0.0,0.0,0.0,2.0,0.0,6.0,0.0,0.0,0.0,0.0,3.0,1,1,1,1,25493,12059,10158,9917,18861,1,3734,1,22724,8004,1,1,18762,23648,1.0,2:04,2015,2016
2015-16,1626154,RJ Hunter,RJ,1610612738,BOS,Boston Celtics,21500154,2015-11-16T00:00:00,BOS @ HOU,W,11.0,0.0,0.0,0.0,0.0,13.0,2.0,11.0,12.0,0.0,0.0,1.0,0.0,3.0,1,1,1,1,22037,12059,10158,9917,18861,21300,3734,21342,18637,8004,1,4972,18762,23648,1.0,10:59,2015,2016
2015-16,2550,Kirk Hinrich,Kirk,1610612741,CHI,Chicago Bulls,21500153,2015-11-16T00:00:00,CHI vs. IND,W,13.3,1.0,0.0,0.0,2.0,3.0,5.0,2.0,14.0,0.0,1.0,2.0,4.0,16.7,1,1,1,1,20789,11535,10158,9917,12984,5109,11469,4025,17019,8004,17214,11390,2748,14064,1.0,13:20,2015,2016
2015-16,2549,Chris Kaman,Chris,1610612757,POR,Portland Trail Blazers,21500156,2015-11-16T00:00:00,POR @ SAS,L,19.9,0.0,0.0,0.0,2.0,8.0,0.0,4.0,14.0,0.0,1.0,2.0,0.0,8.3,1,13074,13074,13074,16012,12059,10158,9917,12984,13914,1,8806,17019,8004,17214,11390,18762,20376,1.0,19:53,2015,2016
2015-16,201977,Marcus Thornton,Marcus,1610612745,HOU,Houston Rockets,21500154,2015-11-16T00:00:00,HOU vs. BOS,L,12.0,0.0,0.0,2.0,2.0,6.0,2.0,4.0,14.0,0.0,0.0,1.0,1.0,12.5,1,13074,13074,13074,21529,12059,10158,4675,12984,10028,3734,8806,17019,8004,1,4972,12373,17372,1.0,12:00,2015,2016
2015-16,203917,Nik Stauskas,Nik,1610612755,PHI,Philadelphia 76ers,21500152,2015-11-16T00:00:00,PHI vs. DAL,L,16.0,0.0,0.0,0.0,0.0,12.0,0.0,12.0,10.0,0.0,0.0,2.0,1.0,2.9,1,13074,13074,13074,19017,12059,10158,9917,18861,20178,1,22259,20209,8004,1,11390,12373,23852,1.0,16:01,2015,2016
2015-16,2585,Zaza Pachulia,Zaza,1610612742,DAL,Dallas Mavericks,21500152,2015-11-16T00:00:00,DAL @ PHI,W,29.2,2.0,0.0,0.0,0.0,11.0,8.0,8.0,24.0,0.0,0.0,3.0,5.0,13.2,1,1,1,1,8222,6026,10158,9917,18861,18886,17345,17194,8723,8004,1,17641,1539,16768,1.0,29:12,2015,2016
2015-16,203503,Tony Snell,Tony,1610612741,CHI,Chicago Bulls,21500153,2015-11-16T00:00:00,CHI vs. IND,W,28.7,3.0,3.0,0.0,0.0,9.0,9.0,6.0,22.0,1.0,0.0,2.0,0.0,16.6,1,1,1,1,8689,4307,3104,9917,18861,15771,19144,13388,10265,2692,1,11390,18762,14125,1.0,28:39,2015,2016
2015-16,203482,Kelly Olynyk,Kelly,1610612738,BOS,Boston Celtics,21500154,2015-11-16T00:00:00,BOS @ HOU,W,22.6,0.0,0.0,0.0,4.0,17.0,6.0,12.0,26.0,1.0,1.0,2.0,4.0,21.2,1,1,1,1,13716,12059,10158,9917,8599,24337,13237,22259,7214,2692,17214,11390,2748,10936,1.0,22:34,2015,2016
2015-16,1626179,Terry Rozier,Terry,1610612738,BOS,Boston Celtics,21500154,2015-11-16T00:00:00,BOS @ HOU,W,5.7,0.0,0.0,0.0,2.0,13.0,2.0,8.0,10.0,0.0,0.0,0.0,0.0,2.5,1,1,1,1,24081,12059,10158,9917,12984,21300,3734,17194,20209,8004,1,1,18762,24003,1.0,5:44,2015,2016
2015-16,203477,Isaiah Canaan,Isaiah,1610612755,PHI,Philadelphia 76ers,21500152,2015-11-16T00:00:00,PHI vs. DAL,L,25.3,0.0,0.0,0.0,0.0,14.0,0.0,7.0,14.0,0.0,0.0,0.0,2.0,7.7,1,13074,13074,13074,11417,12059,10158,9917,18861,22292,1,15538,17019,8004,1,1,7786,20733,1.0,25:21,2015,2016
2015-16,203909,KJ McDaniels,KJ,1610612745,HOU,Houston Rockets,21500154,2015-11-16T00:00:00,HOU vs. BOS,L,9.7,0.0,0.0,0.0,0.0,0.0,0.0,2.0,8.0,1.0,0.0,1.0,1.0,7.7,1,13074,13074,13074,22569,12059,10158,9917,18861,1,1,4025,21543,2692,1,4972,12373,20733,1.0,9:39,2015,2016
2015-16,203092,Tyler Zeller,Tyler,1610612738,BOS,Boston Celtics,21500154,2015-11-16T00:00:00,BOS @ HOU,W,13.7,0.0,0.0,2.0,6.0,17.0,2.0,15.0,20.0,0.0,1.0,2.0,2.0,16.0,1,1,1,1,20597,12059,10158,4675,5299,24337,3734,24242,11929,8004,17214,11390,7786,14590,1.0,13:41,2015,2016
2015-16,101150,Lou Williams,Lou,1610612747,LAL,Los Angeles Lakers,21500157,2015-11-16T00:00:00,LAL @ PHX,L,21.6,3.0,3.0,5.0,6.0,14.0,9.0,10.0,28.0,0.0,2.0,2.0,3.0,16.4,1,13074,13074,13074,14514,4307,3104,1277,5299,22292,19144,20169,5824,8004,23588,11390,4736,14289,1.0,21:37,2015,2016
2015-16,1626146,Cliff Alexander,Cliff,1610612757,POR,Portland Trail Blazers,21500156,2015-11-16T00:00:00,POR @ SAS,L,3.3,0.0,0.0,0.0,0.0,0.0,2.0,0.0,4.0,1.0,0.0,0.0,0.0,3.0,1,13074,13074,13074,25008,12059,10158,9917,18861,1,3734,1,23698,2692,1,1,18762,23648,1.0,3:17,2015,2016
2015-16,201156,Nick Young,Nick,1610612747,LAL,Los Angeles Lakers,21500157,2015-11-16T00:00:00,LAL @ PHX,L,25.3,0.0,0.0,2.0,2.0,16.0,9.0,14.0,38.0,0.0,0.0,2.0,1.0,12.6,1,13074,13074,13074,11473,12059,10158,4675,12984,23774,19144,23710,1422,8004,1,11390,12373,17277,1.0,25:16,2015,2016
2015-16,203924,Jerami Grant,Jerami,1610612755,PHI,Philadelphia 76ers,21500152,2015-11-16T00:00:00,PHI vs. DAL,L,29.4,4.0,3.0,2.0,10.0,17.0,2.0,17.0,20.0,0.0,1.0,5.0,6.0,16.6,1,13074,13074,13074,8015,2460,3104,4675,1840,24337,3734,24967,11929,8004,17214,24686,873,14125,1.0,29:27,2015,2016
2015-16,202334,Ed Davis,Ed,1610612757,POR,Portland Trail Blazers,21500156,2015-11-16T00:00:00,POR @ SAS,L,17.2,0.0,0.0,0.0,0.0,2.0,4.0,3.0,16.0,0.0,1.0,1.0,1.0,2.8,1,13074,13074,13074,18127,12059,10158,9917,18861,2619,8458,7328,15259,8004,17214,4972,12373,23879,1.0,17:12,2015,2016
2015-16,203943,Noah Vonleh,Noah,1610612757,POR,Portland Trail Blazers,21500156,2015-11-16T00:00:00,POR @ SAS,L,22.4,0.0,0.0,0.0,0.0,4.0,4.0,3.0,16.0,0.0,0.0,3.0,0.0,11.7,1,13074,13074,13074,13832,12059,10158,9917,18861,6141,8458,7328,15259,8004,1,17641,18762,17903,1.0,22:25,2015,2016
2015-16,201584,Courtney Lee,Courtney,1610612763,MEM,Memphis Grizzlies,21500155,2015-11-16T00:00:00,MEM vs. OKC,W,17.3,2.0,0.0,0.0,2.0,8.0,4.0,9.0,18.0,0.0,0.0,1.0,1.0,12.2,1,1,1,1,18071,6026,10158,9917,12984,13914,8458,18829,13577,8004,1,4972,12373,17566,1.0,17:16,2015,2016
2015-16,202730,Lavoy Allen,Lavoy,1610612754,IND,Indiana Pacers,21500153,2015-11-16T00:00:00,IND @ CHI,L,24.2,0.0,0.0,0.0,6.0,8.0,8.0,6.0,30.0,1.0,0.0,2.0,1.0,20.2,1,13074,13074,13074,12377,12059,10158,9917,5299,13914,17345,13388,4541,2692,1,11390,12373,11610,1.0,24:12,2015,2016
2015-16,202340,Avery Bradley,Avery,1610612738,BOS,Boston Celtics,21500154,2015-11-16T00:00:00,BOS @ HOU,W,20.1,10.0,3.0,6.0,6.0,4.0,4.0,6.0,20.0,0.0,1.0,1.0,2.0,26.2,1,1,1,1,15865,99,3104,740,5299,6141,8458,13388,11929,8004,17214,4972,7786,7785,1.0,20:04,2015,2016
2015-16,201959,Taj Gibson,Taj,1610612741,CHI,Chicago Bulls,21500153,2015-11-16T00:00:00,CHI vs. IND,W,31.4,0.0,2.0,0.0,4.0,7.0,9.0,5.0,30.0,4.0,1.0,3.0,3.0,40.7,1,1,1,1,6362,12059,4731,9917,8599,12242,19144,11593,4541,132,17214,17641,4736,2199,1.0,31:27,2015,2016
2015-16,2561,David West,David,1610612759,SAS,San Antonio Spurs,21500156,2015-11-16T00:00:00,SAS vs. POR,W,10.0,0.0,0.0,0.0,0.0,0.0,0.0,0.0,0.0,1.0,0.0,2.0,0.0,15.8,1,1,1,1,22448,12059,10158,9917,18861,1,1,1,25429,2692,1,11390,18762,14754,1.0,9:59,2015,2016
2015-16,201951,Ty Lawson,Ty,1610612745,HOU,Houston Rockets,21500154,2015-11-16T00:00:00,HOU vs. BOS,L,26.5,2.0,0.0,2.0,4.0,30.0,12.0,10.0,36.0,0.0,0.0,0.0,2.0,15.9,1,13074,13074,13074,10439,6026,10158,4675,8599,26063,22832,20169,1943,8004,1,1,7786,14675,1.0,26:31,2015,2016
2015-16,202329,Al-Farouq Aminu,Al-Farouq,1610612757,POR,Portland Trail Blazers,21500156,2015-11-16T00:00:00,POR @ SAS,L,35.8,0.0,0.0,0.0,4.0,10.0,2.0,7.0,20.0,0.0,3.0,2.0,1.0,20.3,1,13074,13074,13074,2868,12059,10158,9917,8599,17370,3734,15538,11929,8004,25441,11390,12373,11534,1.0,35:50,2015,2016
2015-16,202738,Isaiah Thomas,Isaiah,1610612738,BOS,Boston Celtics,21500154,2015-11-16T00:00:00,BOS @ HOU,W,23.9,6.0,3.0,7.0,6.0,9.0,7.0,7.0,18.0,0.0,0.0,0.0,0.0,40.6,1,1,1,1,12702,878,3104,454,5299,15771,15642,15538,13577,8004,1,1,18762,2230,1.0,23:51,2015,2016
2015-16,202703,Nikola Mirotic,Nikola,1610612741,CHI,Chicago Bulls,21500153,2015-11-16T00:00:00,CHI vs. IND,W,16.6,0.0,0.0,0.0,2.0,5.0,5.0,3.0,8.0,0.0,0.0,1.0,2.0,12.2,1,1,1,1,18614,12059,10158,9917,12984,8403,11469,7328,21543,8004,1,4972,7786,17566,1.0,16:33,2015,2016
2015-16,2200,Pau Gasol,Pau,1610612741,CHI,Chicago Bulls,21500153,2015-11-16T00:00:00,CHI vs. IND,W,26.9,2.0,1.0,0.0,2.0,8.0,7.0,6.0,16.0,1.0,1.0,1.0,2.0,27.1,1,1,1,1,10081,6026,9709,9917,12984,13914,15642,13388,15259,2692,17214,4972,7786,7339,1.0,26:56,2015,2016
2015-16,203458,Alex Len,Alex,1610612756,PHX,Phoenix Suns,21500157,2015-11-16T00:00:00,PHX vs. LAL,W,25.4,0.0,0.0,2.0,8.0,5.0,5.0,9.0,18.0,3.0,0.0,2.0,2.0,26.2,1,1,1,1,11372,12059,10158,4675,3109,8403,11469,18829,13577,347,1,11390,7786,7785,1.0,25:24,2015,2016
2015-16,201579,Roy Hibbert,Roy,1610612747,LAL,Los Angeles Lakers,21500157,2015-11-16T00:00:00,LAL @ PHX,L,30.6,2.0,2.0,0.0,4.0,10.0,15.0,12.0,28.0,0.0,2.0,3.0,3.0,26.9,1,13074,13074,13074,7058,6026,4731,9917,8599,17370,24781,22259,5824,8004,23588,17641,4736,7438,1.0,30:33,2015,2016
2015-16,2199,Tyson Chandler,Tyson,1610612756,PHX,Phoenix Suns,21500157,2015-11-16T00:00:00,PHX vs. LAL,W,22.6,0.0,0.0,0.0,0.0,6.0,4.0,0.0,14.0,2.0,0.0,2.0,3.0,19.8,1,1,1,1,13689,12059,10158,9917,18861,10028,8458,1,17019,932,1,11390,4736,11883,1.0,22:36,2015,2016
2015-16,203926,Doug McDermott,Doug,1610612741,CHI,Chicago Bulls,21500153,2015-11-16T00:00:00,CHI vs. IND,W,16.9,0.0,0.0,0.0,6.0,5.0,7.0,2.0,16.0,1.0,0.0,1.0,2.0,15.2,1,1,1,1,18369,12059,10158,9917,5299,8403,15642,4025,15259,2692,1,4972,7786,15219,1.0,16:52,2015,2016
2015-16,101133,Ian Mahinmi,Ian,1610612754,IND,Indiana Pacers,21500153,2015-11-16T00:00:00,IND @ CHI,L,28.1,0.0,0.0,0.0,4.0,8.0,6.0,9.0,10.0,2.0,1.0,3.0,3.0,30.9,1,13074,13074,13074,9190,12059,10158,9917,8599,13914,13237,18829,20209,932,17214,17641,4736,5452,1.0,28:03,2015,2016
2015-16,201584,Courtney Lee,Courtney,1610612763,MEM,Memphis Grizzlies,21500146,2015-11-15T00:00:00,MEM @ MIN,W,28.2,2.0,0.0,3.0,2.0,6.0,8.0,8.0,28.0,1.0,0.0,2.0,0.0,20.2,1,1,1,1,9076,6026,10158,3302,12984,10028,17345,17194,5824,2692,1,11390,18762,11610,1.0,28:12,2015,2016
2015-16,202344,Trevor Booker,Trevor,1610612762,UTA,Utah Jazz,21500148,2015-11-15T00:00:00,UTA @ ATL,W,19.1,0.0,2.0,0.0,2.0,7.0,0.0,5.0,14.0,1.0,0.0,1.0,0.0,20.4,1,1,1,1,16638,12059,4731,9917,12984,12242,1,11593,17019,2692,1,4972,18762,11453,1.0,19:05,2015,2016
2015-16,1626146,Cliff Alexander,Cliff,1610612757,POR,Portland Trail Blazers,21500147,2015-11-15T00:00:00,POR @ CHA,L,17.4,0.0,2.0,0.0,4.0,2.0,7.0,0.0,6.0,1.0,0.0,0.0,0.0,11.8,1,13074,13074,13074,17960,12059,4731,9917,8599,2619,15642,1,22724,2692,1,1,18762,17832,1.0,17:24,2015,2016
2015-16,203096,Jared Sullinger,Jared,1610612738,BOS,Boston Celtics,21500149,2015-11-15T00:00:00,BOS @ OKC,W,31.4,0.0,3.0,0.0,4.0,15.0,9.0,3.0,12.0,1.0,0.0,3.0,4.0,42.5,1,1,1,1,6390,12059,3104,9917,8599,23079,19144,7328,18637,2692,1,17641,2748,1841,1.0,31:23,2015,2016
2015-16,1889,Andre Miller,Andre,1610612750,MIN,Minnesota Timberwolves,21500146,2015-11-15T00:00:00,MIN vs. MEM,L,33.5,2.0,0.0,2.0,8.0,8.0,2.0,9.0,28.0,0.0,0.0,4.0,0.0,30.6,1,13074,13074,13074,4728,6026,10158,4675,3109,13914,3734,18829,5824,8004,1,22104,18762,5574,1.0,33:31,2015,2016
2015-16,201579,Roy Hibbert,Roy,1610612747,LAL,Los Angeles Lakers,21500151,2015-11-15T00:00:00,LAL vs. DET,W,28.3,2.0,1.0,0.0,4.0,10.0,8.0,5.0,24.0,2.0,0.0,2.0,8.0,26.9,1,1,1,1,9005,6026,9709,9917,8599,17370,17345,11593,8723,932,1,11390,254,7438,1.0,28:18,2015,2016
2015-16,101161,Amir Johnson,Amir,1610612738,BOS,Boston Celtics,21500149,2015-11-15T00:00:00,BOS @ OKC,W,29.5,4.0,0.0,2.0,6.0,9.0,14.0,3.0,18.0,3.0,1.0,4.0,2.0,20.0,1,1,1,1,7944,2460,10158,4675,5299,15771,24300,7328,13577,347,17214,22104,7786,11752,1.0,29:32,2015,2016
2015-16,203918,Rodney Hood,Rodney,1610612762,UTA,Utah Jazz,21500148,2015-11-15T00:00:00,UTA @ ATL,W,36.8,2.0,2.0,0.0,6.0,12.0,7.0,11.0,32.0,0.0,0.0,3.0,1.0,26.5,1,1,1,1,2261,6026,4731,9917,5299,20178,15642,21342,3535,8004,1,17641,12373,7627,1.0,36:46,2015,2016
2015-16,203468,CJ McCollum,CJ,1610612757,POR,Portland Trail Blazers,21500147,2015-11-15T00:00:00,POR @ CHA,L,36.8,5.0,0.0,3.0,4.0,15.0,12.0,11.0,38.0,0.0,3.0,2.0,3.0,27.4,1,13074,13074,13074,2225,1603,10158,3302,8599,23079,22832,21342,1422,8004,25441,11390,4736,7179,1.0,36:48,2015,2016
2015-16,203943,Noah Vonleh,Noah,1610612757,POR,Portland Trail Blazers,21500147,2015-11-15T00:00:00,POR @ CHA,L,23.9,0.0,3.0,0.0,6.0,11.0,4.0,11.0,24.0,0.0,1.0,3.0,2.0,15.7,1,13074,13074,13074,12643,12059,3104,9917,5299,18886,8458,21342,8723,8004,17214,17641,7786,14841,1.0,23:55,2015,2016
2015-16,201158,Marco Belinelli,Marco,1610612758,SAC,Sacramento Kings,21500150,2015-11-15T00:00:00,SAC vs. TOR,W,26.3,2.0,0.0,2.0,2.0,10.0,2.0,7.0,12.0,0.0,0.0,3.0,1.0,11.9,1,1,1,1,10598,6026,10158,4675,12984,17370,3734,15538,18637,8004,1,17641,12373,17760,1.0,26:18,2015,2016
2015-16,203145,Kent Bazemore,Kent,1610612737,ATL,Atlanta Hawks,21500148,2015-11-15T00:00:00,ATL vs. UTA,L,29.8,6.0,0.0,2.0,6.0,9.0,6.0,5.0,30.0,0.0,1.0,0.0,1.0,26.1,1,13074,13074,13074,7761,878,10158,4675,5299,15771,13237,11593,4541,8004,17214,1,12373,7836,1.0,29:45,2015,2016
2015-16,202709,Cory Joseph,Cory,1610612761,TOR,Toronto Raptors,21500150,2015-11-15T00:00:00,TOR @ SAC,L,25.5,5.0,0.0,2.0,8.0,9.0,2.0,8.0,28.0,0.0,0.0,3.0,1.0,26.8,1,13074,13074,13074,11280,1603,10158,4675,3109,15771,3734,17194,5824,8004,1,17641,12373,7486,1.0,25:31,2015,2016
2015-16,203482,Kelly Olynyk,Kelly,1610612738,BOS,Boston Celtics,21500149,2015-11-15T00:00:00,BOS @ OKC,W,16.6,0.0,2.0,0.0,4.0,4.0,7.0,0.0,16.0,1.0,0.0,6.0,0.0,26.9,1,1,1,1,18588,12059,4731,9917,8599,6141,15642,1,15259,2692,1,25827,18762,7438,1.0,16:36,2015,2016
2015-16,202694,Marcus Morris Sr.,Marcus,1610612765,DET,Detroit Pistons,21500151,2015-11-15T00:00:00,DET @ LAL,L,31.5,2.0,0.0,0.0,0.0,4.0,6.0,0.0,22.0,2.0,0.0,3.0,5.0,27.4,1,13074,13074,13074,6297,6026,10158,9917,18861,6141,13237,1,10265,932,1,17641,1539,7179,1.0,31:32,2015,2016
2015-16,202687,Bismack Biyombo,Bismack,1610612761,TOR,Toronto Raptors,21500150,2015-11-15T00:00:00,TOR @ SAC,L,26.8,0.0,2.0,0.0,2.0,13.0,4.0,12.0,30.0,0.0,0.0,4.0,3.0,11.7,1,13074,13074,13074,10218,12059,4731,9917,12984,21300,8458,22259,4541,8004,1,22104,4736,17903,1.0,26:46,2015,2016
2015-16,202087,Alonzo Gee,Alonzo,1610612740,NOP,New Orleans Pelicans,21500145,2015-11-15T00:00:00,NOP @ NYK,L,25.7,2.0,0.0,2.0,2.0,11.0,10.0,0.0,18.0,0.0,1.0,3.0,1.0,12.3,1,13074,13074,13074,11157,6026,10158,4675,12984,18886,20509,1,13577,8004,17214,17641,12373,17524,1.0,25:39,2015,2016
2015-16,203476,Gorgui Dieng,Gorgui,1610612750,MIN,Minnesota Timberwolves,21500146,2015-11-15T00:00:00,MIN vs. MEM,L,16.4,0.0,2.0,0.0,0.0,8.0,0.0,2.0,12.0,0.0,0.0,1.0,2.0,12.0,1,13074,13074,13074,18699,12059,4731,9917,18861,13914,1,4025,18637,8004,1,4972,7786,17703,1.0,16:26,2015,2016
2015-16,203083,Andre Drummond,Andre,1610612765,DET,Detroit Pistons,21500151,2015-11-15T00:00:00,DET @ LAL,L,40.7,3.0,6.0,5.0,16.0,13.0,6.0,6.0,34.0,0.0,0.0,5.0,1.0,42.9,1,13074,13074,13074,553,4307,481,1277,275,21300,13237,13388,2701,8004,1,24686,12373,1754,1.0,40:42,2015,2016
2015-16,202689,Kemba Walker,Kemba,1610612766,CHA,Charlotte Hornets,21500147,2015-11-15T00:00:00,CHA vs. POR,W,36.5,0.0,3.0,0.0,2.0,6.0,16.0,6.0,40.0,0.0,0.0,2.0,3.0,30.3,1,1,1,1,2421,12059,3104,9917,12984,10028,25155,13388,983,8004,1,11390,4736,5702,1.0,36:28,2015,2016
2015-16,203498,Shabazz Muhammad,Shabazz,1610612750,MIN,Minnesota Timberwolves,21500146,2015-11-15T00:00:00,MIN vs. MEM,L,16.6,0.0,2.0,2.0,4.0,6.0,0.0,2.0,12.0,0.0,2.0,0.0,2.0,11.8,1,13074,13074,13074,18617,12059,4731,4675,8599,10028,1,4025,18637,8004,23588,1,7786,17832,1.0,16:33,2015,2016
2015-16,977,Kobe Bryant,Kobe,1610612747,LAL,Los Angeles Lakers,21500151,2015-11-15T00:00:00,LAL vs. DET,W,35.7,0.0,4.0,0.0,8.0,12.0,10.0,5.0,28.0,0.0,1.0,3.0,4.0,42.1,1,1,1,1,2960,12059,1596,9917,3109,20178,20509,11593,5824,8004,17214,17641,2748,1910,1.0,35:43,2015,2016
2015-16,201956,Omri Casspi,Omri,1610612758,SAC,Sacramento Kings,21500150,2015-11-15T00:00:00,SAC vs. TOR,W,25.7,7.0,2.0,8.0,10.0,18.0,2.0,7.0,14.0,1.0,0.0,1.0,1.0,27.0,1,1,1,1,11157,548,4731,280,1840,24749,3734,15538,17019,2692,1,4972,12373,7385,1.0,25:39,2015,2016
2015-16,1626157,Karl-Anthony Towns,Karl-Anthony,1610612750,MIN,Minnesota Timberwolves,21500146,2015-11-15T00:00:00,MIN vs. MEM,L,31.6,2.0,4.0,0.0,6.0,2.0,4.0,9.0,28.0,1.0,2.0,4.0,3.0,26.3,1,13074,13074,13074,6254,6026,1596,9917,5299,2619,8458,18829,5824,2692,23588,22104,4736,7733,1.0,31:34,2015,2016
2015-16,202324,Derrick Favors,Derrick,1610612762,UTA,Utah Jazz,21500148,2015-11-15T00:00:00,UTA @ ATL,W,32.3,2.0,4.0,0.0,14.0,7.0,9.0,11.0,28.0,2.0,1.0,2.0,2.0,40.3,1,1,1,1,5614,6026,1596,9917,542,12242,19144,21342,5824,932,17214,11390,7786,2302,1.0,32:21,2015,2016
2015-16,101141,Ersan Ilyasova,Ersan,1610612765,DET,Detroit Pistons,21500151,2015-11-15T00:00:00,DET @ LAL,L,28.9,0.0,1.0,0.0,2.0,7.0,4.0,4.0,18.0,0.0,0.0,2.0,4.0,12.2,1,13074,13074,13074,8490,12059,9709,9917,12984,12242,8458,8806,13577,8004,1,11390,2748,17566,1.0,28:51,2015,2016
2015-16,201967,Dante Cunningham,Dante,1610612740,NOP,New Orleans Pelicans,21500145,2015-11-15T00:00:00,NOP @ NYK,L,24.7,0.0,0.0,0.0,4.0,6.0,9.0,2.0,24.0,0.0,0.0,3.0,0.0,12.0,1,13074,13074,13074,11910,12059,10158,9917,8599,10028,19144,4025,8723,8004,1,17641,18762,17703,1.0,24:43,2015,2016
2015-16,202335,Patrick Patterson,Patrick,1610612761,TOR,Toronto Raptors,21500150,2015-11-15T00:00:00,TOR @ SAC,L,19.1,6.0,0.0,3.0,0.0,6.0,2.0,7.0,14.0,0.0,0.0,1.0,0.0,13.8,1,13074,13074,13074,16627,878,10158,3302,18861,10028,3734,15538,17019,8004,1,4972,18762,16311,1.0,19:05,2015,2016
2015-16,203497,Rudy Gobert,Rudy,1610612762,UTA,Utah Jazz,21500148,2015-11-15T00:00:00,UTA @ ATL,W,37.9,0.0,0.0,0.0,6.0,17.0,7.0,10.0,26.0,3.0,0.0,4.0,5.0,39.7,1,1,1,1,1567,12059,10158,9917,5299,24337,15642,20169,7214,347,1,22104,1539,2451,1.0,37:52,2015,2016
2015-16,203463,Ben McLemore,Ben,1610612758,SAC,Sacramento Kings,21500150,2015-11-15T00:00:00,SAC vs. TOR,W,25.4,0.0,3.0,0.0,2.0,10.0,4.0,5.0,18.0,0.0,0.0,1.0,0.0,17.3,1,1,1,1,11397,12059,3104,9917,12984,17370,8458,11593,13577,8004,1,4972,18762,13671,1.0,25:22,2015,2016
2015-16,203484,Kentavious Caldwell-Pope,Kentavious,1610612765,DET,Detroit Pistons,21500151,2015-11-15T00:00:00,DET @ LAL,L,33.0,2.0,0.0,2.0,4.0,7.0,4.0,4.0,18.0,0.0,3.0,1.0,2.0,22.6,1,13074,13074,13074,5097,6026,10158,4675,8599,12242,8458,8806,13577,8004,25441,4972,7786,10000,1.0,33:02,2015,2016
2015-16,203952,Andrew Wiggins,Andrew,1610612750,MIN,Minnesota Timberwolves,21500146,2015-11-15T00:00:00,MIN vs. MEM,L,37.3,2.0,4.0,4.0,8.0,6.0,4.0,9.0,30.0,1.0,1.0,2.0,4.0,27.7,1,13074,13074,13074,1890,6026,1596,1913,3109,10028,8458,18829,4541,2692,17214,11390,2748,7008,1.0,37:18,2015,2016
2015-16,203081,Damian Lillard,Damian,1610612757,POR,Portland Trail Blazers,21500147,2015-11-15T00:00:00,POR @ CHA,L,36.6,0.0,8.0,7.0,12.0,15.0,9.0,11.0,30.0,0.0,0.0,0.0,5.0,38.1,1,13074,13074,13074,2355,12059,137,454,988,23079,19144,21342,4541,8004,1,1,1539,2879,1.0,36:34,2015,2016
2015-16,201156,Nick Young,Nick,1610612747,LAL,Los Angeles Lakers,21500151,2015-11-15T00:00:00,LAL vs. DET,W,25.9,5.0,0.0,5.0,2.0,3.0,7.0,4.0,22.0,0.0,0.0,1.0,1.0,17.4,1,1,1,1,10918,1603,10158,1277,12984,5109,15642,8806,10265,8004,1,4972,12373,13595,1.0,25:54,2015,2016
2015-16,201596,Mario Chalmers,Mario,1610612763,MEM,Memphis Grizzlies,21500146,2015-11-15T00:00:00,MEM @ MIN,W,18.2,2.0,2.0,0.0,0.0,2.0,6.0,10.0,16.0,1.0,0.0,1.0,8.0,22.0,1,1,1,1,17383,6026,4731,9917,18861,2619,13237,20169,15259,2692,1,4972,254,10388,1.0,18:10,2015,2016
2015-16,202738,Isaiah Thomas,Isaiah,1610612738,BOS,Boston Celtics,21500149,2015-11-15T00:00:00,BOS @ OKC,W,33.6,5.0,2.0,2.0,6.0,14.0,12.0,0.0,16.0,0.0,0.0,2.0,2.0,32.4,1,1,1,1,4705,1603,4731,4675,5299,22292,22832,1,15259,8004,1,11390,7786,4768,1.0,33:33,2015,2016
2015-16,201188,Marc Gasol,Marc,1610612763,MEM,Memphis Grizzlies,21500146,2015-11-15T00:00:00,MEM @ MIN,W,37.3,2.0,0.0,2.0,8.0,11.0,10.0,20.0,34.0,2.0,0.0,4.0,2.0,32.4,1,1,1,1,1910,6026,10158,4675,3109,18886,20509,25599,2701,932,1,22104,7786,4768,1.0,37:16,2015,2016
2015-16,203460,Andre Roberson,Andre,1610612760,OKC,Oklahoma City Thunder,21500149,2015-11-15T00:00:00,OKC vs. BOS,L,25.0,0.0,0.0,2.0,4.0,10.0,7.0,5.0,24.0,0.0,0.0,0.0,0.0,16.9,1,13074,13074,13074,11653,12059,10158,4675,8599,17370,15642,11593,8723,8004,1,1,18762,13911,1.0,25:02,2015,2016
2015-16,202692,Alec Burks,Alec,1610612762,UTA,Utah Jazz,21500148,2015-11-15T00:00:00,UTA @ ATL,W,28.5,5.0,0.0,7.0,8.0,12.0,2.0,6.0,26.0,0.0,1.0,2.0,5.0,33.2,1,1,1,1,8853,1603,10158,454,3109,20178,3734,13388,7214,8004,17214,11390,1539,4462,1.0,28:28,2015,2016
2015-16,2555,Nick Collison,Nick,1610612760,OKC,Oklahoma City Thunder,21500149,2015-11-15T00:00:00,OKC vs. BOS,L,15.0,2.0,0.0,0.0,2.0,7.0,3.0,4.0,12.0,0.0,0.0,3.0,2.0,13.8,1,13074,13074,13074,19763,6026,10158,9917,12984,12242,7138,8806,18637,8004,1,17641,7786,16311,1.0,14:59,2015,2016
2015-16,1626169,Stanley Johnson,Stanley,1610612765,DET,Detroit Pistons,21500151,2015-11-15T00:00:00,DET @ LAL,L,16.5,2.0,0.0,2.0,4.0,9.0,4.0,6.0,16.0,0.0,0.0,5.0,0.0,14.1,1,13074,13074,13074,18671,6026,10158,4675,8599,15771,8458,13388,15259,8004,1,24686,18762,16094,1.0,16:29,2015,2016
2015-16,101138,Brandon Bass,Brandon,1610612747,LAL,Los Angeles Lakers,21500151,2015-11-15T00:00:00,LAL vs. DET,W,19.7,2.0,2.0,0.0,4.0,2.0,4.0,6.0,18.0,2.0,0.0,1.0,0.0,17.6,1,1,1,1,16148,6026,4731,9917,8599,2619,8458,13388,13577,932,1,4972,18762,13443,1.0,19:42,2015,2016
2015-16,203897,Zach LaVine,Zach,1610612750,MIN,Minnesota Timberwolves,21500146,2015-11-15T00:00:00,MIN vs. MEM,L,17.5,5.0,2.0,12.0,8.0,2.0,2.0,2.0,16.0,0.0,0.0,5.0,3.0,32.1,1,13074,13074,13074,17904,1603,4731,42,3109,2619,3734,4025,15259,8004,1,24686,4736,4889,1.0,17:29,2015,2016
2015-16,101107,Marvin Williams,Marvin,1610612766,CHA,Charlotte Hornets,21500147,2015-11-15T00:00:00,CHA vs. POR,W,34.5,1.0,2.0,1.0,2.0,7.0,15.0,7.0,30.0,2.0,0.0,2.0,3.0,27.6,1,1,1,1,3974,11535,4731,9347,12984,12242,24781,15538,4541,932,1,11390,4736,7080,1.0,34:28,2015,2016
2015-16,201145,Jeff Green,Jeff,1610612763,MEM,Memphis Grizzlies,21500146,2015-11-15T00:00:00,MEM @ MIN,W,35.1,2.0,2.0,2.0,12.0,11.0,10.0,18.0,32.0,0.0,0.0,2.0,3.0,28.3,1,1,1,1,3452,6026,4731,4675,988,18886,20509,25228,3535,8004,1,11390,4736,6720,1.0,35:07,2015,2016
2015-16,203459,Allen Crabbe,Allen,1610612757,POR,Portland Trail Blazers,21500147,2015-11-15T00:00:00,POR @ CHA,L,27.2,2.0,2.0,0.0,6.0,9.0,11.0,3.0,16.0,0.0,1.0,4.0,1.0,22.4,1,13074,13074,13074,9861,6026,4731,9917,5299,15771,21814,7328,15259,8004,17214,22104,12373,10131,1.0,27:11,2015,2016
2015-16,1626204,Larry Nance Jr.,Larry,1610612747,LAL,Los Angeles Lakers,21500151,2015-11-15T00:00:00,LAL vs. DET,W,17.4,2.0,0.0,0.0,6.0,2.0,4.0,2.0,12.0,0.0,0.0,1.0,0.0,13.8,1,1,1,1,18004,6026,10158,9917,5299,2619,8458,4025,18637,8004,1,4972,18762,16311,1.0,17:21,2015,2016
2015-16,200752,Rudy Gay,Rudy,1610612758,SAC,Sacramento Kings,21500150,2015-11-15T00:00:00,SAC vs. TOR,W,37.2,2.0,0.0,2.0,14.0,12.0,6.0,7.0,26.0,0.0,0.0,0.0,5.0,37.7,1,1,1,1,1962,6026,10158,4675,542,20178,13237,15538,7214,8004,1,1,1539,2990,1.0,37:12,2015,2016
2015-16,203471,Dennis Schröder,Dennis,1610612737,ATL,Atlanta Hawks,21500148,2015-11-15T00:00:00,ATL vs. UTA,L,33.5,2.0,3.0,0.0,2.0,9.0,6.0,5.0,30.0,0.0,3.0,4.0,4.0,31.7,1,13074,13074,13074,4770,6026,3104,9917,12984,15771,13237,11593,4541,8004,25441,22104,2748,5088,1.0,33:28,2015,2016
2015-16,1626156,D'Angelo Russell,D'Angelo,1610612747,LAL,Los Angeles Lakers,21500151,2015-11-15T00:00:00,LAL vs. DET,W,20.9,2.0,0.0,0.0,4.0,9.0,5.0,5.0,20.0,0.0,0.0,0.0,1.0,17.0,1,1,1,1,15140,6026,10158,9917,8599,15771,11469,11593,11929,8004,1,1,12373,13855,1.0,20:54,2015,2016
2015-16,202714,Shelvin Mack,Shelvin,1610612737,ATL,Atlanta Hawks,21500148,2015-11-15T00:00:00,ATL vs. UTA,L,14.5,0.0,2.0,0.0,4.0,7.0,5.0,4.0,12.0,0.0,1.0,1.0,0.0,14.0,1,13074,13074,13074,20104,12059,4731,9917,8599,12242,11469,8806,18637,8004,17214,4972,18762,16166,1.0,14:30,2015,2016
2015-16,202323,Evan Turner,Evan,1610612738,BOS,Boston Celtics,21500149,2015-11-15T00:00:00,BOS @ OKC,W,24.0,0.0,0.0,0.0,2.0,11.0,5.0,1.0,16.0,0.0,1.0,1.0,2.0,14.1,1,1,1,1,12536,12059,10158,9917,12984,18886,11469,3646,15259,8004,17214,4972,7786,16094,1.0,24:01,2015,2016
2015-16,203087,Jeremy Lamb,Jeremy,1610612766,CHA,Charlotte Hornets,21500147,2015-11-15T00:00:00,CHA vs. POR,W,27.9,4.0,2.0,0.0,8.0,2.0,14.0,9.0,24.0,2.0,0.0,2.0,0.0,28.5,1,1,1,1,9277,2460,4731,9917,3109,2619,24300,18829,8723,932,1,11390,18762,6613,1.0,27:56,2015,2016
2015-16,203935,Marcus Smart,Marcus,1610612738,BOS,Boston Celtics,21500149,2015-11-15T00:00:00,BOS @ OKC,W,34.0,3.0,2.0,0.0,6.0,9.0,14.0,3.0,20.0,1.0,2.0,3.0,6.0,45.1,1,1,1,1,4370,4307,4731,9917,5299,15771,24300,7328,11929,2692,23588,17641,873,1338,1.0,33:59,2015,2016
2015-16,2216,Zach Randolph,Zach,1610612763,MEM,Memphis Grizzlies,21500146,2015-11-15T00:00:00,MEM @ MIN,W,28.0,0.0,0.0,0.0,4.0,11.0,8.0,18.0,26.0,1.0,0.0,1.0,2.0,30.1,1,1,1,1,9260,12059,10158,9917,8599,18886,17345,25228,7214,2692,1,4972,7786,5794,1.0,27:57,2015,2016
2015-16,203944,Julius Randle,Julius,1610612747,LAL,Los Angeles Lakers,21500151,2015-11-15T00:00:00,LAL vs. DET,W,30.7,0.0,0.0,0.0,4.0,10.0,8.0,9.0,30.0,1.0,0.0,2.0,2.0,24.6,1,1,1,1,6988,12059,10158,9917,8599,17370,17345,18829,4541,2692,1,11390,7786,8724,1.0,30:39,2015,2016
2015-16,201586,Serge Ibaka,Serge,1610612760,OKC,Oklahoma City Thunder,21500149,2015-11-15T00:00:00,OKC vs. BOS,L,34.8,6.0,4.0,0.0,4.0,14.0,12.0,7.0,30.0,3.0,2.0,1.0,1.0,37.0,1,13074,13074,13074,3722,878,1596,9917,8599,22292,22832,15538,4541,347,23588,4972,12373,3182,1.0,34:46,2015,2016
2015-16,203915,Spencer Dinwiddie,Spencer,1610612765,DET,Detroit Pistons,21500151,2015-11-15T00:00:00,DET @ LAL,L,23.7,1.0,3.0,2.0,6.0,7.0,4.0,4.0,14.0,0.0,0.0,4.0,4.0,24.4,1,13074,13074,13074,12804,11535,3104,4675,5299,12242,8458,8806,17019,8004,1,22104,2748,8867,1.0,23:43,2015,2016
2015-16,200768,Kyle Lowry,Kyle,1610612761,TOR,Toronto Raptors,21500150,2015-11-15T00:00:00,TOR @ SAC,L,38.9,0.0,0.0,3.0,2.0,17.0,9.0,13.0,46.0,1.0,1.0,3.0,5.0,44.9,1,13074,13074,13074,1104,12059,10158,3302,12984,24337,19144,23048,298,2692,17214,17641,1539,1380,1.0,38:55,2015,2016
2015-16,708,Kevin Garnett,Kevin,1610612750,MIN,Minnesota Timberwolves,21500146,2015-11-15T00:00:00,MIN vs. MEM,L,23.9,0.0,0.0,0.0,2.0,2.0,4.0,6.0,22.0,0.0,0.0,1.0,0.0,29.0,1,13074,13074,13074,12650,12059,10158,9917,12984,2619,8458,13388,10265,8004,1,4972,18762,6346,1.0,23:54,2015,2016
2015-16,2744,Al Jefferson,Al,1610612766,CHA,Charlotte Hornets,21500147,2015-11-15T00:00:00,CHA vs. POR,W,30.5,5.0,4.0,3.0,16.0,2.0,16.0,6.0,32.0,1.0,2.0,4.0,5.0,43.5,1,1,1,1,7141,1603,1596,3302,275,2619,25155,13388,3535,2692,23588,22104,1539,1646,1.0,30:27,2015,2016
2015-16,200765,Rajon Rondo,Rajon,1610612758,SAC,Sacramento Kings,21500150,2015-11-15T00:00:00,SAC vs. TOR,W,43.3,0.0,0.0,2.0,2.0,17.0,4.0,12.0,26.0,0.0,1.0,3.0,0.0,35.4,1,1,1,1,183,12059,10158,4675,12984,24337,8458,22259,7214,8004,17214,17641,18762,3684,1.0,43:16,2015,2016
2015-16,203076,Anthony Davis,Anthony,1610612740,NOP,New Orleans Pelicans,21500145,2015-11-15T00:00:00,NOP @ NYK,L,40.4,2.0,0.0,2.0,14.0,17.0,16.0,2.0,32.0,4.0,1.0,4.0,6.0,61.7,1,13074,13074,13074,630,6026,10158,4675,542,24337,25155,4025,3535,132,17214,22104,873,154,1.0,40:23,2015,2016
2015-16,202326,DeMarcus Cousins,DeMarcus,1610612758,SAC,Sacramento Kings,21500150,2015-11-15T00:00:00,SAC vs. TOR,W,41.1,6.0,2.0,4.0,18.0,15.0,4.0,4.0,22.0,3.0,0.0,3.0,12.0,61.5,1,1,1,1,476,878,4731,1913,131,23079,8458,8806,10265,347,1,17641,27,163,1.0,41:03,2015,2016
2015-16,201587,Nicolas Batum,Nicolas,1610612766,CHA,Charlotte Hornets,21500147,2015-11-15T00:00:00,CHA vs. POR,W,38.9,5.0,2.0,5.0,8.0,6.0,16.0,9.0,44.0,0.0,0.0,2.0,8.0,46.0,1,1,1,1,1113,1603,4731,1277,3109,10028,25155,18829,454,8004,1,11390,254,1198,1.0,38:53,2015,2016
2015-16,200794,Paul Millsap,Paul,1610612737,ATL,Atlanta Hawks,21500148,2015-11-15T00:00:00,ATL vs. UTA,L,36.6,7.0,4.0,7.0,12.0,14.0,11.0,7.0,32.0,2.0,1.0,2.0,5.0,44.2,1,13074,13074,13074,2322,548,1596,454,988,22292,21814,15538,3535,932,17214,11390,1539,1515,1.0,36:38,2015,2016
2015-16,201566,Russell Westbrook,Russell,1610612760,OKC,Oklahoma City Thunder,21500149,2015-11-15T00:00:00,OKC vs. BOS,L,32.6,4.0,5.0,1.0,6.0,14.0,9.0,7.0,34.0,2.0,2.0,4.0,12.0,50.3,1,13074,13074,13074,5407,2460,995,9347,5299,22292,19144,15538,2701,932,23588,22104,27,722,1.0,32:37,2015,2016
2015-16,201942,DeMar DeRozan,DeMar,1610612761,TOR,Toronto Raptors,21500150,2015-11-15T00:00:00,TOR @ SAC,L,36.5,4.0,0.0,2.0,10.0,12.0,7.0,12.0,42.0,0.0,2.0,0.0,4.0,47.3,1,13074,13074,13074,2378,2460,10158,4675,1840,20178,15642,22259,670,8004,23588,1,2748,1036,1.0,36:32,2015,2016
2015-16,201144,Mike Conley,Mike,1610612763,MEM,Memphis Grizzlies,21500146,2015-11-15T00:00:00,MEM @ MIN,W,32.8,2.0,0.0,0.0,4.0,11.0,10.0,20.0,30.0,0.0,2.0,0.0,7.0,35.5,1,1,1,1,5264,6026,10158,9917,8599,18886,20509,25599,4541,8004,23588,1,469,3657,1.0,32:49,2015,2016
2015-16,2546,Carmelo Anthony,Carmelo,1610612752,NYK,New York Knicks,21500145,2015-11-15T00:00:00,NYK vs. NOP,W,39.3,4.0,7.0,0.0,10.0,7.0,0.0,3.0,24.0,0.0,1.0,2.0,6.0,50.1,1,1,1,1,962,2460,292,9917,1840,12242,1,7328,8723,8004,17214,11390,873,743,1.0,39:16,2015,2016
2015-16,203382,Aron Baynes,Aron,1610612765,DET,Detroit Pistons,21500151,2015-11-15T00:00:00,DET @ LAL,L,7.3,0.0,2.0,0.0,4.0,0.0,4.0,0.0,4.0,0.0,0.0,1.0,2.0,10.2,1,13074,13074,13074,23464,12059,4731,9917,8599,1,8458,1,23698,8004,1,4972,7786,19003,1.0,7:18,2015,2016
2015-16,202338,Kevin Seraphin,Kevin,1610612752,NYK,New York Knicks,21500145,2015-11-15T00:00:00,NYK vs. NOP,W,14.2,4.0,2.0,0.0,8.0,8.0,0.0,0.0,4.0,0.0,0.0,1.0,2.0,19.6,1,1,1,1,20297,2460,4731,9917,3109,13914,1,1,23698,8004,1,4972,7786,12024,1.0,14:11,2015,2016
2015-16,203486,Mason Plumlee,Mason,1610612757,POR,Portland Trail Blazers,21500147,2015-11-15T00:00:00,POR @ CHA,L,24.4,0.0,2.0,0.0,4.0,10.0,4.0,9.0,24.0,1.0,2.0,4.0,2.0,26.1,1,13074,13074,13074,12177,12059,4731,9917,8599,17370,8458,18829,8723,2692,23588,22104,7786,7836,1.0,24:26,2015,2016
2015-16,201577,Robin Lopez,Robin,1610612752,NYK,New York Knicks,21500145,2015-11-15T00:00:00,NYK vs. NOP,W,14.0,0.0,0.0,0.0,0.0,0.0,0.0,1.0,10.0,2.0,0.0,1.0,0.0,19.5,1,1,1,1,20407,12059,10158,9917,18861,1,1,3646,20209,932,1,4972,18762,12096,1.0,14:00,2015,2016
2015-16,202391,Jeremy Lin,Jeremy,1610612766,CHA,Charlotte Hornets,21500147,2015-11-15T00:00:00,CHA vs. POR,W,20.2,0.0,0.0,0.0,2.0,9.0,1.0,6.0,16.0,1.0,0.0,1.0,4.0,14.5,1,1,1,1,15694,12059,10158,9917,12984,15771,3393,13388,15259,2692,1,4972,2748,15799,1.0,20:14,2015,2016
2015-16,203109,Jae Crowder,Jae,1610612738,BOS,Boston Celtics,21500149,2015-11-15T00:00:00,BOS @ OKC,W,24.8,0.0,5.0,0.0,6.0,12.0,11.0,2.0,10.0,1.0,1.0,1.0,1.0,14.6,1,1,1,1,11797,12059,995,9917,5299,20178,21814,4025,20209,2692,17214,4972,12373,15699,1.0,24:50,2015,2016
2015-16,101181,Jose Calderon,Jose,1610612752,NYK,New York Knicks,21500145,2015-11-15T00:00:00,NYK vs. NOP,W,20.8,2.0,0.0,0.0,0.0,0.0,0.0,1.0,12.0,0.0,0.0,2.0,1.0,14.9,1,1,1,1,15245,6026,10158,9917,18861,1,1,3646,18637,8004,1,11390,12373,15463,1.0,20:47,2015,2016
2015-16,203504,Trey Burke,Trey,1610612762,UTA,Utah Jazz,21500148,2015-11-15T00:00:00,UTA @ ATL,W,23.1,3.0,0.0,0.0,2.0,5.0,2.0,7.0,22.0,0.0,1.0,1.0,2.0,19.5,1,1,1,1,13301,4307,10158,9917,12984,8403,3734,15538,10265,8004,17214,4972,7786,12096,1.0,23:06,2015,2016
2015-16,201962,Toney Douglas,Toney,1610612740,NOP,New Orleans Pelicans,21500145,2015-11-15T00:00:00,NOP @ NYK,L,10.8,2.0,0.0,2.0,0.0,4.0,5.0,4.0,10.0,0.0,1.0,1.0,2.0,10.0,1,13074,13074,13074,22127,6026,10158,4675,18861,6141,11469,8806,20209,8004,17214,4972,7786,19178,1.0,10:46,2015,2016
2015-16,201143,Al Horford,Al,1610612737,ATL,Atlanta Hawks,21500148,2015-11-15T00:00:00,ATL vs. UTA,L,30.7,0.0,0.0,2.0,8.0,8.0,4.0,4.0,30.0,1.0,1.0,1.0,0.0,34.5,1,13074,13074,13074,6959,12059,10158,4675,3109,13914,8458,8806,4541,2692,17214,4972,18762,3997,1.0,30:41,2015,2016
2015-16,202330,Gordon Hayward,Gordon,1610612762,UTA,Utah Jazz,21500148,2015-11-15T00:00:00,UTA @ ATL,W,38.0,4.0,3.0,2.0,2.0,15.0,7.0,11.0,24.0,0.0,2.0,1.0,1.0,14.2,1,1,1,1,1493,2460,3104,4675,12984,23079,15642,21342,8723,8004,23588,4972,12373,16003,1.0,38:02,2015,2016
2015-16,202397,Ish Smith,Ish,1610612740,NOP,New Orleans Pelicans,21500145,2015-11-15T00:00:00,NOP @ NYK,L,21.9,0.0,0.0,0.0,2.0,10.0,11.0,4.0,18.0,0.0,0.0,0.0,0.0,10.1,1,13074,13074,13074,14258,12059,10158,9917,12984,17370,21814,8806,13577,8004,1,1,18762,19105,1.0,21:54,2015,2016
2015-16,202340,Avery Bradley,Avery,1610612738,BOS,Boston Celtics,21500149,2015-11-15T00:00:00,BOS @ OKC,W,26.1,7.0,0.0,7.0,4.0,12.0,4.0,3.0,16.0,0.0,1.0,2.0,2.0,25.4,1,1,1,1,10774,548,10158,454,8599,20178,8458,7328,15259,8004,17214,11390,7786,8273,1.0,26:05,2015,2016
2015-16,202713,Kyle Singler,Kyle,1610612760,OKC,Oklahoma City Thunder,21500149,2015-11-15T00:00:00,OKC vs. BOS,L,18.6,3.0,0.0,0.0,2.0,11.0,5.0,6.0,14.0,0.0,0.0,1.0,0.0,10.4,1,13074,13074,13074,17025,4307,10158,9917,12984,18886,11469,13388,17019,8004,1,4972,18762,18859,1.0,18:35,2015,2016
2015-16,203210,JaMychal Green,JaMychal,1610612763,MEM,Memphis Grizzlies,21500146,2015-11-15T00:00:00,MEM @ MIN,W,24.6,0.0,0.0,2.0,6.0,4.0,8.0,4.0,22.0,1.0,0.0,1.0,2.0,25.9,1,1,1,1,11990,12059,10158,4675,5299,6141,17345,8806,10265,2692,1,4972,7786,7960,1.0,24:38,2015,2016
2015-16,201583,Ryan Anderson,Ryan,1610612740,NOP,New Orleans Pelicans,21500145,2015-11-15T00:00:00,NOP @ NYK,L,26.1,3.0,0.0,0.0,0.0,8.0,9.0,4.0,26.0,0.0,0.0,1.0,4.0,19.0,1,13074,13074,13074,10786,4307,10158,9917,18861,13914,19144,8806,7214,8004,1,4972,2748,12440,1.0,26:04,2015,2016
2015-16,204038,Langston Galloway,Langston,1610612752,NYK,New York Knicks,21500145,2015-11-15T00:00:00,NYK vs. NOP,W,26.1,4.0,2.0,2.0,6.0,12.0,0.0,6.0,18.0,0.0,0.0,0.0,3.0,25.1,1,1,1,1,10774,2460,4731,4675,5299,20178,1,13388,13577,8004,1,1,4736,8429,1.0,26:05,2015,2016
2015-16,2754,Tony Allen,Tony,1610612763,MEM,Memphis Grizzlies,21500146,2015-11-15T00:00:00,MEM @ MIN,W,22.9,0.0,0.0,2.0,4.0,7.0,6.0,18.0,20.0,0.0,0.0,4.0,0.0,14.7,1,1,1,1,13455,12059,10158,4675,8599,12242,13237,25228,11929,8004,1,22104,18762,15631,1.0,22:54,2015,2016
2015-16,202685,Jonas Valančiūnas,Jonas,1610612761,TOR,Toronto Raptors,21500150,2015-11-15T00:00:00,TOR @ SAC,L,20.3,0.0,2.0,0.0,4.0,6.0,5.0,6.0,22.0,0.0,0.0,2.0,1.0,10.0,1,13074,13074,13074,15627,12059,4731,9917,8599,10028,11469,13388,10265,8004,1,11390,12373,19178,1.0,20:20,2015,2016
2015-16,201960,DeMarre Carroll,DeMarre,1610612761,TOR,Toronto Raptors,21500150,2015-11-15T00:00:00,TOR @ SAC,L,36.8,5.0,2.0,2.0,2.0,15.0,7.0,15.0,44.0,0.0,1.0,2.0,2.0,23.8,1,13074,13074,13074,2225,1603,4731,4675,12984,23079,15642,24242,454,8004,17214,11390,7786,9261,1.0,36:48,2015,2016
2015-16,203903,Jordan Clarkson,Jordan,1610612747,LAL,Los Angeles Lakers,21500151,2015-11-15T00:00:00,LAL vs. DET,W,29.2,0.0,1.0,0.0,6.0,10.0,8.0,7.0,24.0,0.0,0.0,4.0,4.0,23.7,1,1,1,1,8181,12059,9709,9917,5299,17370,17345,15538,8723,8004,1,22104,2748,9329,1.0,29:14,2015,2016
2015-16,203798,PJ Hairston,PJ,1610612766,CHA,Charlotte Hornets,21500147,2015-11-15T00:00:00,CHA vs. POR,W,9.5,2.0,2.0,2.0,2.0,0.0,3.0,0.0,10.0,0.0,0.0,0.0,0.0,6.2,1,1,1,1,22643,6026,4731,4675,12984,1,7138,1,20209,8004,1,1,18762,21696,1.0,9:28,2015,2016
2015-16,101150,Lou Williams,Lou,1610612747,LAL,Los Angeles Lakers,21500151,2015-11-15T00:00:00,LAL vs. DET,W,20.0,0.0,0.0,1.0,0.0,2.0,4.0,6.0,18.0,0.0,0.0,2.0,2.0,11.4,1,1,1,1,15937,12059,10158,9347,18861,2619,8458,13388,13577,8004,1,11390,7786,18134,1.0,19:58,2015,2016
2015-16,2756,Sasha Vujacic,Sasha,1610612752,NYK,New York Knicks,21500145,2015-11-15T00:00:00,NYK vs. NOP,W,6.2,0.0,0.0,0.0,0.0,0.0,0.0,0.0,2.0,0.0,0.0,1.0,0.0,1.2,1,1,1,1,23882,12059,10158,9917,18861,1,1,1,24614,8004,1,4972,18762,24661,1.0,6:11,2015,2016
2015-16,204060,Joe Ingles,Joe,1610612762,UTA,Utah Jazz,21500148,2015-11-15T00:00:00,UTA @ ATL,W,3.3,0.0,0.0,0.0,0.0,0.0,2.0,0.0,2.0,0.0,0.0,0.0,0.0,1.0,1,1,1,1,24999,12059,10158,9917,18861,1,3734,1,24614,8004,1,1,18762,24960,1.0,3:19,2015,2016
2015-16,201600,Omer Asik,Omer,1610612740,NOP,New Orleans Pelicans,21500145,2015-11-15T00:00:00,NOP @ NYK,L,12.8,0.0,0.0,0.0,0.0,5.0,6.0,0.0,2.0,0.0,0.0,1.0,0.0,1.2,1,13074,13074,13074,21062,12059,10158,9917,18861,8403,13237,1,24614,8004,1,4972,18762,24661,1.0,12:50,2015,2016
2015-16,1626170,Jerian Grant,Jerian,1610612752,NYK,New York Knicks,21500145,2015-11-15T00:00:00,NYK vs. NOP,W,26.0,0.0,2.0,0.0,4.0,10.0,0.0,4.0,14.0,0.0,0.0,2.0,2.0,10.7,1,1,1,1,10827,12059,4731,9917,8599,17370,1,8806,17019,8004,1,11390,7786,18636,1.0,26:01,2015,2016
2015-16,2449,Luis Scola,Luis,1610612761,TOR,Toronto Raptors,21500150,2015-11-15T00:00:00,TOR @ SAC,L,20.0,0.0,0.0,0.0,0.0,10.0,7.0,8.0,24.0,0.0,1.0,4.0,1.0,10.8,1,13074,13074,13074,15888,12059,10158,9917,18861,17370,15642,17194,8723,8004,17214,22104,12373,18579,1.0,20:02,2015,2016
2015-16,203090,Maurice Harkless,Maurice,1610612757,POR,Portland Trail Blazers,21500147,2015-11-15T00:00:00,POR @ CHA,L,20.9,2.0,0.0,2.0,2.0,4.0,10.0,0.0,18.0,0.0,0.0,0.0,1.0,10.9,1,13074,13074,13074,15125,6026,10158,4675,12984,6141,20509,1,13577,8004,1,1,12373,18498,1.0,20:55,2015,2016
2015-16,201949,James Johnson,James,1610612761,TOR,Toronto Raptors,21500150,2015-11-15T00:00:00,TOR @ SAC,L,11.9,0.0,0.0,0.0,0.0,7.0,2.0,6.0,10.0,0.0,0.0,1.0,2.0,11.1,1,13074,13074,13074,21653,12059,10158,9917,18861,12242,3734,13388,20209,8004,1,4972,7786,18370,1.0,11:52,2015,2016
2015-16,201229,Anthony Tolliver,Anthony,1610612765,DET,Detroit Pistons,21500151,2015-11-15T00:00:00,DET @ LAL,L,19.2,0.0,0.0,0.0,0.0,6.0,6.0,2.0,20.0,0.0,1.0,3.0,0.0,5.7,1,13074,13074,13074,16573,12059,10158,9917,18861,10028,13237,4025,11929,8004,17214,17641,18762,22054,1.0,19:09,2015,2016
2015-16,2440,Matt Barnes,Matt,1610612763,MEM,Memphis Grizzlies,21500146,2015-11-15T00:00:00,MEM @ MIN,W,13.0,0.0,0.0,0.0,0.0,2.0,4.0,4.0,12.0,0.0,0.0,1.0,0.0,1.2,1,1,1,1,21005,12059,10158,9917,18861,2619,8458,8806,18637,8004,1,4972,18762,24661,1.0,12:57,2015,2016
2015-16,204025,Tim Frazier,Tim,1610612757,POR,Portland Trail Blazers,21500147,2015-11-15T00:00:00,POR @ CHA,L,1.1,0.0,0.0,0.0,0.0,0.0,0.0,0.0,0.0,0.0,0.0,0.0,0.0,1.5,1,13074,13074,13074,25835,12059,10158,9917,18861,1,1,1,25429,8004,1,1,18762,24473,1.0,1:08,2015,2016
2015-16,203481,Jeff Withey,Jeff,1610612762,UTA,Utah Jazz,21500148,2015-11-15T00:00:00,UTA @ ATL,W,6.1,0.0,0.0,0.0,0.0,0.0,2.0,0.0,8.0,1.0,0.0,0.0,0.0,3.0,1,1,1,1,23912,12059,10158,9917,18861,1,3734,1,21543,2692,1,1,18762,23648,1.0,6:07,2015,2016
2015-16,203148,Brian Roberts,Brian,1610612766,CHA,Charlotte Hornets,21500147,2015-11-15T00:00:00,CHA vs. POR,W,3.3,0.0,0.0,0.0,0.0,5.0,0.0,3.0,2.0,0.0,0.0,0.0,0.0,2.7,1,1,1,1,25017,12059,10158,9917,18861,8403,1,7328,24614,8004,1,1,18762,23884,1.0,3:16,2015,2016
2015-16,200757,Thabo Sefolosha,Thabo,1610612737,ATL,Atlanta Hawks,21500148,2015-11-15T00:00:00,ATL vs. UTA,L,23.1,0.0,0.0,0.0,2.0,10.0,5.0,9.0,14.0,2.0,0.0,2.0,2.0,18.2,1,13074,13074,13074,13324,12059,10158,9917,12984,17370,11469,18829,17019,932,1,11390,7786,13004,1.0,23:04,2015,2016
2015-16,203552,Seth Curry,Seth,1610612758,SAC,Sacramento Kings,21500150,2015-11-15T00:00:00,SAC vs. TOR,W,4.7,0.0,0.0,0.0,0.0,3.0,2.0,0.0,2.0,0.0,0.0,1.0,0.0,3.0,1,1,1,1,24458,12059,10158,9917,18861,5109,3734,1,24614,8004,1,4972,18762,23648,1.0,4:44,2015,2016
2015-16,1897,Metta World Peace,Metta,1610612747,LAL,Los Angeles Lakers,21500151,2015-11-15T00:00:00,LAL vs. DET,W,12.3,0.0,2.0,0.0,0.0,0.0,2.0,6.0,14.0,0.0,1.0,3.0,3.0,7.7,1,1,1,1,21397,12059,4731,9917,18861,1,3734,13388,17019,8004,17214,17641,4736,20733,1.0,12:17,2015,2016
2015-16,203469,Cody Zeller,Cody,1610612766,CHA,Charlotte Hornets,21500147,2015-11-15T00:00:00,CHA vs. POR,W,21.3,0.0,0.0,0.0,0.0,9.0,3.0,8.0,18.0,2.0,1.0,1.0,1.0,16.2,1,1,1,1,14814,12059,10158,9917,18861,15771,7138,17194,13577,932,17214,4972,12373,14436,1.0,21:17,2015,2016
2015-16,204001,Kristaps Porziņģis,Kristaps,1610612752,NYK,New York Knicks,21500145,2015-11-15T00:00:00,NYK vs. NOP,W,22.6,3.0,3.0,0.0,4.0,3.0,0.0,1.0,14.0,1.0,3.0,4.0,4.0,20.8,1,1,1,1,13689,4307,3104,9917,8599,5109,1,3646,17019,2692,25441,22104,2748,11195,1.0,22:36,2015,2016
2015-16,201569,Eric Gordon,Eric,1610612740,NOP,New Orleans Pelicans,21500145,2015-11-15T00:00:00,NOP @ NYK,L,38.6,3.0,0.0,0.0,4.0,15.0,14.0,0.0,30.0,0.0,0.0,4.0,2.0,16.4,1,13074,13074,13074,1231,4307,10158,9917,8599,23079,24300,1,4541,8004,1,22104,7786,14289,1.0,38:34,2015,2016
2015-16,203124,Kyle O'Quinn,Kyle,1610612752,NYK,New York Knicks,21500145,2015-11-15T00:00:00,NYK vs. NOP,W,8.7,0.0,0.0,0.0,0.0,5.0,0.0,2.0,4.0,1.0,0.0,3.0,0.0,7.7,1,1,1,1,22950,12059,10158,9917,18861,8403,1,4025,23698,2692,1,17641,18762,20733,1.0,8:43,2015,2016
2015-16,201167,Arron Afflalo,Arron,1610612752,NYK,New York Knicks,21500145,2015-11-15T00:00:00,NYK vs. NOP,W,25.7,0.0,0.0,0.0,2.0,2.0,0.0,3.0,16.0,0.0,1.0,1.0,1.0,7.6,1,1,1,1,11078,12059,10158,9917,12984,2619,1,7328,15259,8004,17214,4972,12373,20803,1.0,25:44,2015,2016
2015-16,2755,Kevin Martin,Kevin,1610612750,MIN,Minnesota Timberwolves,21500146,2015-11-15T00:00:00,MIN vs. MEM,L,17.5,2.0,0.0,4.0,6.0,4.0,0.0,5.0,14.0,0.0,1.0,0.0,2.0,18.4,1,13074,13074,13074,17895,6026,10158,1913,5299,6141,1,11593,17019,8004,17214,1,7786,12854,1.0,17:30,2015,2016
2015-16,201150,Spencer Hawes,Spencer,1610612766,CHA,Charlotte Hornets,21500147,2015-11-15T00:00:00,CHA vs. POR,W,17.6,0.0,0.0,0.0,0.0,9.0,1.0,6.0,14.0,1.0,0.0,2.0,1.0,12.4,1,1,1,1,17860,12059,10158,9917,18861,15771,3393,13388,17019,2692,1,11390,12373,17418,1.0,17:33,2015,2016
2015-16,202334,Ed Davis,Ed,1610612757,POR,Portland Trail Blazers,21500147,2015-11-15T00:00:00,POR @ CHA,L,22.4,2.0,0.0,0.0,6.0,7.0,11.0,2.0,16.0,1.0,2.0,6.0,0.0,21.5,1,13074,13074,13074,13807,6026,10158,9917,5299,12242,21814,4025,15259,2692,23588,25827,18762,10755,1.0,22:26,2015,2016
2015-16,2594,Kyle Korver,Kyle,1610612737,ATL,Atlanta Hawks,21500148,2015-11-15T00:00:00,ATL vs. UTA,L,33.6,2.0,0.0,2.0,2.0,6.0,6.0,0.0,34.0,0.0,0.0,2.0,0.0,18.3,1,13074,13074,13074,4707,6026,10158,4675,12984,10028,13237,1,2701,8004,1,11390,18762,12952,1.0,33:33,2015,2016
2015-16,202683,Enes Freedom,Enes,1610612760,OKC,Oklahoma City Thunder,21500149,2015-11-15T00:00:00,OKC vs. BOS,L,16.2,2.0,4.0,0.0,8.0,11.0,7.0,5.0,16.0,1.0,1.0,3.0,1.0,17.9,1,13074,13074,13074,18882,6026,1596,9917,3109,18886,15642,11593,15259,2692,17214,17641,12373,13229,1.0,16:12,2015,2016
2015-16,202329,Al-Farouq Aminu,Al-Farouq,1610612757,POR,Portland Trail Blazers,21500147,2015-11-15T00:00:00,POR @ CHA,L,21.5,0.0,0.0,0.0,2.0,5.0,3.0,6.0,18.0,0.0,0.0,5.0,2.0,16.6,1,13074,13074,13074,14578,12059,10158,9917,12984,8403,7138,13388,13577,8004,1,24686,7786,14125,1.0,21:31,2015,2016
2015-16,203500,Steven Adams,Steven,1610612760,OKC,Oklahoma City Thunder,21500149,2015-11-15T00:00:00,OKC vs. BOS,L,29.6,1.0,3.0,0.0,0.0,10.0,6.0,6.0,26.0,0.0,0.0,2.0,6.0,17.9,1,13074,13074,13074,7891,11535,3104,9917,18861,17370,13237,13388,7214,8004,1,11390,873,13229,1.0,29:35,2015,2016
2015-16,201950,Jrue Holiday,Jrue,1610612740,NOP,New Orleans Pelicans,21500145,2015-11-15T00:00:00,NOP @ NYK,L,24.8,0.0,0.0,1.0,4.0,9.0,8.0,0.0,18.0,0.0,1.0,3.0,3.0,16.6,1,13074,13074,13074,11859,12059,10158,9347,8599,15771,17345,1,13577,8004,17214,17641,4736,14125,1.0,24:46,2015,2016
2015-16,201627,Anthony Morrow,Anthony,1610612760,OKC,Oklahoma City Thunder,21500149,2015-11-15T00:00:00,OKC vs. BOS,L,14.9,0.0,0.0,0.0,0.0,6.0,0.0,4.0,12.0,0.0,0.0,2.0,0.0,2.0,1,13074,13074,13074,19800,12059,10158,9917,18861,10028,1,8806,18637,8004,1,11390,18762,24216,1.0,14:56,2015,2016
2015-16,201973,Jonas Jerebko,Jonas,1610612738,BOS,Boston Celtics,21500149,2015-11-15T00:00:00,BOS @ OKC,W,6.1,0.0,0.0,0.0,2.0,3.0,2.0,0.0,8.0,0.0,0.0,1.0,0.0,2.5,1,1,1,1,23940,12059,10158,9917,12984,5109,3734,1,21543,8004,1,4972,18762,24003,1.0,6:03,2015,2016
2015-16,203493,Reggie Bullock Jr.,Reggie,1610612765,DET,Detroit Pistons,21500151,2015-11-15T00:00:00,DET @ LAL,L,15.0,0.0,0.0,0.0,0.0,6.0,6.0,2.0,20.0,0.0,1.0,0.0,1.0,8.4,1,13074,13074,13074,19782,12059,10158,9917,18861,10028,13237,4025,11929,8004,17214,1,12373,20273,1.0,14:58,2015,2016
2015-16,202682,Derrick Williams,Derrick,1610612752,NYK,New York Knicks,21500145,2015-11-15T00:00:00,NYK vs. NOP,W,6.0,0.0,0.0,0.0,0.0,2.0,0.0,4.0,6.0,0.0,0.0,1.0,0.0,8.4,1,1,1,1,23966,12059,10158,9917,18861,2619,1,8806,22724,8004,1,4972,18762,20273,1.0,5:59,2015,2016
2015-16,203112,Quincy Acy,Quincy,1610612758,SAC,Sacramento Kings,21500150,2015-11-15T00:00:00,SAC vs. TOR,W,14.6,0.0,0.0,0.0,2.0,3.0,4.0,6.0,10.0,0.0,0.0,3.0,0.0,7.1,1,1,1,1,20021,12059,10158,9917,12984,5109,8458,13388,20209,8004,1,17641,18762,21141,1.0,14:38,2015,2016
2015-16,203187,Chris Johnson,Chris,1610612762,UTA,Utah Jazz,21500148,2015-11-15T00:00:00,UTA @ ATL,W,3.3,0.0,0.0,0.0,0.0,5.0,0.0,2.0,2.0,0.0,0.0,1.0,0.0,0.0,1,1,1,1,24998,12059,10158,9917,18861,8403,1,4025,24614,8004,1,4972,18762,25170,1.0,3:19,2015,2016
2015-16,201571,D.J. Augustin,D.J.,1610612760,OKC,Oklahoma City Thunder,21500149,2015-11-15T00:00:00,OKC vs. BOS,L,23.4,0.0,0.0,0.0,0.0,11.0,9.0,6.0,14.0,0.0,1.0,0.0,4.0,7.2,1,13074,13074,13074,13065,12059,10158,9917,18861,18886,19144,13388,17019,8004,17214,1,2748,21035,1.0,23:22,2015,2016
2015-16,203488,Mike Muscala,Mike,1610612737,ATL,Atlanta Hawks,21500148,2015-11-15T00:00:00,ATL vs. UTA,L,9.6,0.0,0.0,0.0,0.0,2.0,0.0,2.0,10.0,0.0,0.0,1.0,1.0,4.7,1,13074,13074,13074,22579,12059,10158,9917,18861,2619,1,4025,20209,8004,1,4972,12373,22672,1.0,9:38,2015,2016
2015-16,201585,Kosta Koufos,Kosta,1610612758,SAC,Sacramento Kings,21500150,2015-11-15T00:00:00,SAC vs. TOR,W,13.5,2.0,2.0,0.0,2.0,10.0,2.0,10.0,8.0,0.0,0.0,3.0,1.0,4.2,1,1,1,1,20724,6026,4731,9917,12984,17370,3734,20169,21543,8004,1,17641,12373,22976,1.0,13:27,2015,2016
2015-16,201168,Tiago Splitter,Tiago,1610612737,ATL,Atlanta Hawks,21500148,2015-11-15T00:00:00,ATL vs. UTA,L,18.3,0.0,0.0,0.0,2.0,8.0,7.0,5.0,12.0,0.0,0.0,2.0,2.0,5.4,1,13074,13074,13074,17303,12059,10158,9917,12984,13914,15642,11593,18637,8004,1,11390,7786,22242,1.0,18:15,2015,2016
2015-16,203526,Raul Neto,Raul,1610612762,UTA,Utah Jazz,21500148,2015-11-15T00:00:00,UTA @ ATL,W,11.6,0.0,0.0,0.0,2.0,5.0,7.0,2.0,6.0,0.0,0.0,0.0,0.0,3.7,1,1,1,1,21775,12059,10158,9917,12984,8403,15642,4025,22724,8004,1,1,18762,23278,1.0,11:36,2015,2016
2015-16,200811,Lou Amundson,Lou,1610612752,NYK,New York Knicks,21500145,2015-11-15T00:00:00,NYK vs. NOP,W,10.4,0.0,3.0,0.0,2.0,4.0,0.0,6.0,12.0,0.0,0.0,1.0,1.0,5.4,1,1,1,1,22257,12059,3104,9917,12984,6141,1,13388,18637,8004,1,4972,12373,22242,1.0,10:27,2015,2016
2015-16,203079,Dion Waiters,Dion,1610612760,OKC,Oklahoma City Thunder,21500149,2015-11-15T00:00:00,OKC vs. BOS,L,29.0,2.0,0.0,0.0,2.0,11.0,12.0,5.0,28.0,0.0,1.0,4.0,0.0,9.4,1,13074,13074,13074,8371,6026,10158,9917,12984,18886,22832,11593,5824,8004,17214,22104,18762,19568,1.0,29:00,2015,2016
2015-16,1626181,Norman Powell,Norman,1610612761,TOR,Toronto Raptors,21500150,2015-11-15T00:00:00,TOR @ SAC,L,4.2,0.0,0.0,0.0,0.0,0.0,0.0,3.0,0.0,0.0,0.0,0.0,0.0,-2.0,1,13074,13074,13074,24657,12059,10158,9917,18861,1,1,7328,25429,8004,1,1,18762,26061,1.0,4:09,2015,2016
2015-16,2419,Tayshaun Prince,Tayshaun,1610612750,MIN,Minnesota Timberwolves,21500146,2015-11-15T00:00:00,MIN vs. MEM,L,21.7,0.0,0.0,0.0,0.0,4.0,4.0,6.0,20.0,0.0,0.0,2.0,0.0,6.5,1,13074,13074,13074,14479,12059,10158,9917,18861,6141,8458,13388,11929,8004,1,11390,18762,21519,1.0,21:39,2015,2016
2015-16,203200,Justin Holiday,Justin,1610612737,ATL,Atlanta Hawks,21500148,2015-11-15T00:00:00,ATL vs. UTA,L,10.5,0.0,0.0,0.0,0.0,7.0,5.0,4.0,6.0,0.0,0.0,1.0,0.0,4.5,1,13074,13074,13074,22248,12059,10158,9917,18861,12242,11469,8806,22724,8004,1,4972,18762,22773,1.0,10:28,2015,2016
2015-16,101135,David Lee,David,1610612738,BOS,Boston Celtics,21500149,2015-11-15T00:00:00,BOS @ OKC,W,14.0,2.0,0.0,0.0,2.0,11.0,2.0,0.0,8.0,0.0,0.0,3.0,1.0,9.4,1,1,1,1,20428,6026,10158,9917,12984,18886,3734,1,21543,8004,1,17641,12373,19568,1.0,13:58,2015,2016
2015-16,201945,Gerald Henderson,Gerald,1610612757,POR,Portland Trail Blazers,21500147,2015-11-15T00:00:00,POR @ CHA,L,6.6,0.0,0.0,0.0,0.0,7.0,4.0,2.0,10.0,0.0,0.0,1.0,0.0,-0.8,1,13074,13074,13074,23725,12059,10158,9917,18861,12242,8458,4025,20209,8004,1,4972,18762,25914,1.0,6:34,2015,2016
2015-16,202704,Reggie Jackson,Reggie,1610612765,DET,Detroit Pistons,21500151,2015-11-15T00:00:00,DET @ LAL,L,24.3,2.0,0.0,0.0,6.0,6.0,6.0,2.0,24.0,0.0,0.0,1.0,0.0,13.3,1,13074,13074,13074,12315,6026,10158,9917,5299,10028,13237,4025,8723,8004,1,4972,18762,16712,1.0,24:17,2015,2016
2015-16,1626192,Pat Connaughton,Pat,1610612757,POR,Portland Trail Blazers,21500147,2015-11-15T00:00:00,POR @ CHA,L,1.1,0.0,0.0,0.0,0.0,0.0,0.0,0.0,0.0,0.0,0.0,0.0,0.0,0.0,1,13074,13074,13074,25835,12059,10158,9917,18861,1,1,1,25429,8004,1,1,18762,25170,1.0,1:08,2015,2016
2015-16,202498,Lance Thomas,Lance,1610612752,NYK,New York Knicks,21500145,2015-11-15T00:00:00,NYK vs. NOP,W,20.0,2.0,0.0,2.0,2.0,7.0,0.0,4.0,14.0,0.0,0.0,1.0,2.0,7.2,1,1,1,1,15906,6026,10158,4675,12984,12242,1,8806,17019,8004,1,4972,7786,21035,1.0,20:00,2015,2016
2015-16,1626161,Willie Cauley-Stein,Willie,1610612758,SAC,Sacramento Kings,21500150,2015-11-15T00:00:00,SAC vs. TOR,W,8.4,0.0,0.0,0.0,0.0,2.0,0.0,2.0,2.0,1.0,0.0,1.0,0.0,6.8,1,1,1,1,23071,12059,10158,9917,18861,2619,1,4025,24614,2692,1,4972,18762,21328,1.0,8:21,2015,2016
2015-16,201582,Alexis Ajinca,Alexis,1610612740,NOP,New Orleans Pelicans,21500145,2015-11-15T00:00:00,NOP @ NYK,L,7.0,0.0,0.0,0.0,0.0,6.0,2.0,2.0,6.0,0.0,0.0,2.0,1.0,-1.8,1,13074,13074,13074,23558,12059,10158,9917,18861,10028,3734,4025,22724,8004,1,11390,12373,26059,1.0,7:01,2015,2016
2015-16,202337,Luke Babbitt,Luke,1610612740,NOP,New Orleans Pelicans,21500145,2015-11-15T00:00:00,NOP @ NYK,L,7.3,0.0,0.0,0.0,0.0,4.0,5.0,2.0,6.0,1.0,0.0,0.0,1.0,8.7,1,13074,13074,13074,23455,12059,10158,9917,18861,6141,11469,4025,22724,2692,1,1,12373,20045,1.0,7:20,2015,2016
2015-16,203956,Mitch McGary,Mitch,1610612760,OKC,Oklahoma City Thunder,21500149,2015-11-15T00:00:00,OKC vs. BOS,L,0.5,0.0,0.0,0.0,0.0,0.0,0.0,0.0,0.0,0.0,0.0,0.0,0.0,0.0,1,13074,13074,13074,25982,12059,10158,9917,18861,1,1,1,25429,8004,1,1,18762,25170,1.0,0:28,2015,2016
2015-16,1626166,Cameron Payne,Cameron,1610612760,OKC,Oklahoma City Thunder,21500149,2015-11-15T00:00:00,OKC vs. BOS,L,0.5,0.0,0.0,0.0,0.0,0.0,0.0,0.0,0.0,0.0,0.0,0.0,0.0,0.0,1,13074,13074,13074,25982,12059,10158,9917,18861,1,1,1,25429,8004,1,1,18762,25170,1.0,0:28,2015,2016
2015-16,202357,Nemanja Bjelica,Nemanja,1610612750,MIN,Minnesota Timberwolves,21500146,2015-11-15T00:00:00,MIN vs. MEM,L,24.1,0.0,0.0,0.0,2.0,8.0,0.0,5.0,18.0,0.0,0.0,5.0,0.0,5.2,1,13074,13074,13074,12453,12059,10158,9917,12984,13914,1,11593,13577,8004,1,24686,18762,22370,1.0,24:06,2015,2016
2015-16,203928,Cory Jefferson,Cory,1610612756,PHX,Phoenix Suns,21500143,2015-11-14T00:00:00,PHX vs. DEN,W,5.4,0.0,0.0,2.0,2.0,0.0,0.0,8.0,10.0,0.0,1.0,1.0,1.0,4.4,1,1,1,1,24208,12059,10158,4675,12984,1,1,17194,20209,8004,17214,4972,12373,22837,1.0,5:25,2015,2016
2015-16,203099,Jared Cunningham,Jared,1610612739,CLE,Cleveland Cavaliers,21500141,2015-11-14T00:00:00,CLE @ MIL,L,3.4,0.0,0.0,0.0,0.0,2.0,0.0,0.0,6.0,0.0,0.0,1.0,0.0,0.0,1,13074,13074,13074,24965,12059,10158,9917,18861,2619,1,1,22724,8004,1,4972,18762,25170,1.0,3:23,2015,2016
2015-16,203917,Nik Stauskas,Nik,1610612755,PHI,Philadelphia 76ers,21500142,2015-11-14T00:00:00,PHI @ SAS,L,18.2,0.0,0.0,0.0,0.0,6.0,2.0,4.0,18.0,0.0,1.0,0.0,0.0,-2.0,1,13074,13074,13074,17345,12059,10158,9917,18861,10028,3734,8806,13577,8004,17214,1,18762,26061,1.0,18:12,2015,2016
2015-16,202362,Lance Stephenson,Lance,1610612746,LAC,LA Clippers,21500138,2015-11-14T00:00:00,LAC vs. DET,W,1.7,0.0,0.0,0.0,0.0,5.0,0.0,2.0,2.0,0.0,0.0,0.0,0.0,-1.0,1,1,1,1,25628,12059,10158,9917,18861,8403,1,4025,24614,8004,1,1,18762,25932,1.0,1:42,2015,2016
2015-16,203080,Thomas Robinson,Thomas,1610612751,BKN,Brooklyn Nets,21500144,2015-11-14T00:00:00,BKN @ GSW,L,0.1,0.0,0.0,0.0,0.0,0.0,0.0,0.0,0.0,0.0,0.0,0.0,0.0,0.0,1,13074,13074,13074,26038,12059,10158,9917,18861,1,1,1,25429,8004,1,1,18762,25170,1.0,0:07,2015,2016
2015-16,2592,James Jones,James,1610612739,CLE,Cleveland Cavaliers,21500141,2015-11-14T00:00:00,CLE @ MIL,L,3.7,0.0,0.0,0.0,0.0,2.0,0.0,0.0,0.0,0.0,0.0,0.0,1.0,0.0,1,13074,13074,13074,24814,12059,10158,9917,18861,2619,1,1,25429,8004,1,1,12373,25170,1.0,3:44,2015,2016
2015-16,2446,Rasual Butler,Rasual,1610612759,SAS,San Antonio Spurs,21500142,2015-11-14T00:00:00,SAS vs. PHI,W,16.2,0.0,0.0,0.0,0.0,4.0,2.0,0.0,12.0,0.0,0.0,0.0,1.0,5.4,1,1,1,1,18870,12059,10158,9917,18861,6141,3734,1,18637,8004,1,1,12373,22242,1.0,16:13,2015,2016
2015-16,203458,Alex Len,Alex,1610612756,PHX,Phoenix Suns,21500143,2015-11-14T00:00:00,PHX vs. DEN,W,16.3,0.0,2.0,0.0,0.0,10.0,4.0,0.0,16.0,0.0,1.0,3.0,3.0,6.8,1,1,1,1,18852,12059,4731,9917,18861,17370,8458,1,15259,8004,17214,17641,4736,21328,1.0,16:15,2015,2016
2015-16,203894,Shabazz Napier,Shabazz,1610612753,ORL,Orlando Magic,21500139,2015-11-14T00:00:00,ORL @ WAS,L,16.4,0.0,0.0,2.0,2.0,4.0,0.0,7.0,18.0,0.0,0.0,1.0,3.0,6.5,1,13074,13074,13074,18744,12059,10158,4675,12984,6141,1,15538,13577,8004,1,4972,4736,21519,1.0,16:24,2015,2016
2015-16,1626162,Kelly Oubre Jr.,Kelly,1610612764,WAS,Washington Wizards,21500139,2015-11-14T00:00:00,WAS vs. ORL,W,9.8,0.0,0.0,0.0,4.0,5.0,4.0,4.0,8.0,0.0,0.0,3.0,1.0,5.2,1,1,1,1,22537,12059,10158,9917,8599,8403,8458,8806,21543,8004,1,17641,12373,22370,1.0,9:46,2015,2016
2015-16,200745,Andrea Bargnani,Andrea,1610612751,BKN,Brooklyn Nets,21500144,2015-11-14T00:00:00,BKN @ GSW,L,8.2,0.0,2.0,2.0,2.0,4.0,4.0,2.0,8.0,0.0,0.0,0.0,0.0,5.2,1,13074,13074,13074,23126,12059,4731,4675,12984,6141,8458,4025,21543,8004,1,1,18762,22370,1.0,8:10,2015,2016
2015-16,202349,Greivis Vasquez,Greivis,1610612749,MIL,Milwaukee Bucks,21500141,2015-11-14T00:00:00,MIL vs. CLE,W,23.8,2.0,2.0,0.0,2.0,7.0,4.0,4.0,20.0,0.0,0.0,2.0,4.0,21.6,1,1,1,1,12726,6026,4731,9917,12984,12242,8458,8806,11929,8004,1,11390,2748,10666,1.0,23:50,2015,2016
2015-16,2564,Boris Diaw,Boris,1610612759,SAS,San Antonio Spurs,21500142,2015-11-14T00:00:00,SAS vs. PHI,W,16.3,0.0,0.0,0.0,0.0,6.0,4.0,0.0,10.0,0.0,0.0,0.0,1.0,13.3,1,1,1,1,18833,12059,10158,9917,18861,10028,8458,1,20209,8004,1,1,12373,16712,1.0,16:17,2015,2016
2015-16,2588,Matt Bonner,Matt,1610612759,SAS,San Antonio Spurs,21500142,2015-11-14T00:00:00,SAS vs. PHI,W,0.3,1.0,0.0,0.0,0.0,0.0,0.0,0.0,0.0,0.0,0.0,0.0,1.0,1.0,1,1,1,1,25994,11535,10158,9917,18861,1,1,1,25429,8004,1,1,12373,24960,1.0,0:20,2015,2016
2015-16,201961,Wayne Ellington,Wayne,1610612751,BKN,Brooklyn Nets,21500144,2015-11-14T00:00:00,BKN @ GSW,L,13.3,2.0,0.0,2.0,2.0,6.0,4.0,5.0,14.0,0.0,0.0,2.0,1.0,7.2,1,13074,13074,13074,20814,6026,10158,4675,12984,10028,8458,11593,17019,8004,1,11390,12373,21035,1.0,13:18,2015,2016
2015-16,201581,JJ Hickson,JJ,1610612743,DEN,Denver Nuggets,21500143,2015-11-14T00:00:00,DEN @ PHX,L,17.5,0.0,0.0,0.0,0.0,8.0,8.0,3.0,18.0,0.0,0.0,1.0,0.0,3.8,1,13074,13074,13074,17867,12059,10158,9917,18861,13914,17345,7328,13577,8004,1,4972,18762,23270,1.0,17:33,2015,2016
2015-16,2581,Steve Blake,Steve,1610612765,DET,Detroit Pistons,21500138,2015-11-14T00:00:00,DET @ LAC,L,13.7,0.0,2.0,0.0,2.0,4.0,5.0,0.0,14.0,0.0,0.0,2.0,0.0,9.0,1,13074,13074,13074,20581,12059,4731,9917,12984,6141,11469,1,17019,8004,1,11390,18762,19835,1.0,13:43,2015,2016
2015-16,2207,Joe Johnson,Joe,1610612751,BKN,Brooklyn Nets,21500144,2015-11-14T00:00:00,BKN @ GSW,L,41.4,0.0,0.0,0.0,0.0,18.0,7.0,22.0,40.0,0.0,0.0,1.0,2.0,13.3,1,13074,13074,13074,397,12059,10158,9917,18861,24749,15642,25811,983,8004,1,4972,7786,16712,1.0,41:26,2015,2016
2015-16,203948,Johnny O'Bryant III,Johnny,1610612749,MIL,Milwaukee Bucks,21500141,2015-11-14T00:00:00,MIL vs. CLE,W,4.7,0.0,0.0,0.0,0.0,0.0,0.0,3.0,4.0,0.0,0.0,1.0,0.0,0.0,1,1,1,1,24471,12059,10158,9917,18861,1,1,7328,23698,8004,1,4972,18762,25170,1.0,4:41,2015,2016
2015-16,2749,Jameer Nelson,Jameer,1610612743,DEN,Denver Nuggets,21500143,2015-11-14T00:00:00,DEN @ PHX,L,25.9,0.0,0.0,0.0,2.0,7.0,10.0,14.0,18.0,0.0,0.0,2.0,2.0,6.5,1,13074,13074,13074,10967,12059,10158,9917,12984,12242,20509,23710,13577,8004,1,11390,7786,21519,1.0,25:51,2015,2016
2015-16,201601,Luc Mbah a Moute,Luc,1610612746,LAC,LA Clippers,21500138,2015-11-14T00:00:00,LAC vs. DET,W,8.7,0.0,0.0,0.0,0.0,0.0,0.0,0.0,0.0,0.0,0.0,3.0,0.0,3.6,1,1,1,1,22957,12059,10158,9917,18861,1,1,1,25429,8004,1,17641,18762,23310,1.0,8:42,2015,2016
2015-16,201603,Sonny Weems,Sonny,1610612756,PHX,Phoenix Suns,21500143,2015-11-14T00:00:00,PHX vs. DEN,W,8.3,0.0,0.0,0.0,0.0,0.0,0.0,8.0,16.0,0.0,0.0,0.0,1.0,4.7,1,1,1,1,23076,12059,10158,9917,18861,1,1,17194,15259,8004,1,1,12373,22672,1.0,8:20,2015,2016
2015-16,2760,Anderson Varejao,Anderson,1610612739,CLE,Cleveland Cavaliers,21500141,2015-11-14T00:00:00,CLE @ MIL,L,5.2,0.0,0.0,0.0,2.0,0.0,0.0,0.0,6.0,0.0,0.0,0.0,0.0,4.7,1,13074,13074,13074,24315,12059,10158,9917,12984,1,1,1,22724,8004,1,1,18762,22672,1.0,5:09,2015,2016
2015-16,203101,Miles Plumlee,Miles,1610612749,MIL,Milwaukee Bucks,21500141,2015-11-14T00:00:00,MIL vs. CLE,W,1.6,0.0,0.0,0.0,0.0,0.0,2.0,0.0,2.0,0.0,0.0,0.0,0.0,0.0,1,1,1,1,25669,12059,10158,9917,18861,1,3734,1,24614,8004,1,1,18762,25170,1.0,1:34,2015,2016
2015-16,101112,Channing Frye,Channing,1610612753,ORL,Orlando Magic,21500139,2015-11-14T00:00:00,ORL @ WAS,L,16.3,0.0,0.0,2.0,2.0,2.0,2.0,12.0,14.0,0.0,0.0,3.0,0.0,11.6,1,13074,13074,13074,18820,12059,10158,4675,12984,2619,3734,22259,17019,8004,1,17641,18762,17970,1.0,16:18,2015,2016
2015-16,203093,Terrence Jones,Terrence,1610612745,HOU,Houston Rockets,21500140,2015-11-14T00:00:00,HOU vs. DAL,L,41.7,2.0,2.0,0.0,16.0,15.0,8.0,6.0,44.0,3.0,1.0,4.0,3.0,41.7,1,13074,13074,13074,360,6026,4731,9917,275,23079,17345,13388,454,347,17214,22104,4736,2002,1.0,41:39,2015,2016
2015-16,200751,Randy Foye,Randy,1610612743,DEN,Denver Nuggets,21500143,2015-11-14T00:00:00,DEN @ PHX,L,22.7,2.0,2.0,0.0,4.0,7.0,12.0,14.0,18.0,1.0,0.0,2.0,0.0,15.5,1,13074,13074,13074,13607,6026,4731,9917,8599,12242,22832,23710,13577,2692,1,11390,18762,15004,1.0,22:42,2015,2016
2015-16,2585,Zaza Pachulia,Zaza,1610612742,DAL,Dallas Mavericks,21500140,2015-11-14T00:00:00,DAL @ HOU,W,30.0,2.0,1.0,0.0,8.0,7.0,3.0,9.0,28.0,0.0,1.0,1.0,6.0,27.1,1,1,1,1,7540,6026,9709,9917,3109,12242,7138,18829,5824,8004,17214,4972,873,7339,1.0,30:01,2015,2016
2015-16,203457,Nerlens Noel,Nerlens,1610612755,PHI,Philadelphia 76ers,21500142,2015-11-14T00:00:00,PHI @ SAS,L,31.5,2.0,0.0,2.0,4.0,14.0,8.0,11.0,26.0,0.0,0.0,3.0,2.0,15.6,1,13074,13074,13074,6335,6026,10158,4675,8599,22292,17345,21342,7214,8004,1,17641,7786,14916,1.0,31:28,2015,2016
2015-16,201572,Brook Lopez,Brook,1610612751,BKN,Brooklyn Nets,21500144,2015-11-14T00:00:00,BKN @ GSW,L,41.9,2.0,2.0,0.0,12.0,16.0,5.0,25.0,36.0,3.0,1.0,3.0,4.0,41.3,1,13074,13074,13074,326,6026,4731,9917,988,23774,11469,25980,1943,347,17214,17641,2748,2074,1.0,41:52,2015,2016
2015-16,203999,Nikola Jokić,Nikola,1610612743,DEN,Denver Nuggets,21500143,2015-11-14T00:00:00,DEN @ PHX,L,18.3,0.0,0.0,2.0,4.0,2.0,6.0,9.0,10.0,0.0,0.0,3.0,2.0,20.2,1,13074,13074,13074,17278,12059,10158,4675,8599,2619,13237,18829,20209,8004,1,17641,7786,11610,1.0,18:17,2015,2016
2015-16,203490,Otto Porter Jr.,Otto,1610612764,WAS,Washington Wizards,21500139,2015-11-14T00:00:00,WAS vs. ORL,W,36.2,0.0,0.0,2.0,4.0,9.0,4.0,17.0,40.0,1.0,0.0,3.0,0.0,41.0,1,1,1,1,2636,12059,10158,4675,8599,15771,8458,24967,983,2692,1,17641,18762,2143,1.0,36:09,2015,2016
2015-16,201988,Patty Mills,Patty,1610612759,SAS,San Antonio Spurs,21500142,2015-11-14T00:00:00,SAS vs. PHI,W,21.4,2.0,0.0,2.0,2.0,8.0,2.0,0.0,14.0,0.0,0.0,0.0,0.0,15.7,1,1,1,1,14724,6026,10158,4675,12984,13914,3734,1,17019,8004,1,1,18762,14841,1.0,21:23,2015,2016
2015-16,201980,Danny Green,Danny,1610612759,SAS,San Antonio Spurs,21500142,2015-11-14T00:00:00,SAS vs. PHI,W,28.4,3.0,0.0,3.0,0.0,12.0,8.0,4.0,24.0,0.0,1.0,1.0,2.0,12.0,1,1,1,1,8954,4307,10158,3302,18861,20178,17345,8806,8723,8004,17214,4972,7786,17703,1.0,28:22,2015,2016
2015-16,1626143,Jahlil Okafor,Jahlil,1610612755,PHI,Philadelphia 76ers,21500142,2015-11-14T00:00:00,PHI @ SAS,L,39.0,4.0,6.0,0.0,14.0,11.0,10.0,13.0,32.0,2.0,0.0,3.0,5.0,42.4,1,13074,13074,13074,1073,2460,481,9917,542,18886,20509,23048,3535,932,1,17641,1539,1860,1.0,39:01,2015,2016
2015-16,203914,Gary Harris,Gary,1610612743,DEN,Denver Nuggets,21500143,2015-11-14T00:00:00,DEN @ PHX,L,26.3,5.0,0.0,2.0,6.0,11.0,8.0,6.0,28.0,1.0,0.0,2.0,1.0,12.2,1,13074,13074,13074,10626,1603,10158,4675,5299,18886,17345,13388,5824,2692,1,11390,12373,17566,1.0,26:16,2015,2016
2015-16,202328,Greg Monroe,Greg,1610612749,MIL,Milwaukee Bucks,21500141,2015-11-14T00:00:00,MIL vs. CLE,W,43.5,0.0,4.0,0.0,14.0,12.0,18.0,15.0,20.0,1.0,1.0,3.0,2.0,41.9,1,1,1,1,167,12059,1596,9917,542,20178,25634,24242,11929,2692,17214,17641,7786,1958,1.0,43:28,2015,2016
2015-16,202694,Marcus Morris Sr.,Marcus,1610612765,DET,Detroit Pistons,21500138,2015-11-14T00:00:00,DET @ LAC,L,38.4,0.0,2.0,0.0,2.0,2.0,11.0,5.0,32.0,0.0,0.0,2.0,1.0,12.4,1,13074,13074,13074,1321,12059,4731,9917,12984,2619,21814,11593,3535,8004,1,11390,12373,17418,1.0,38:24,2015,2016
2015-16,1626144,Emmanuel Mudiay,Emmanuel,1610612743,DEN,Denver Nuggets,21500143,2015-11-14T00:00:00,DEN @ PHX,L,24.4,2.0,2.0,4.0,4.0,7.0,8.0,4.0,24.0,1.0,0.0,0.0,0.0,20.5,1,13074,13074,13074,12241,6026,4731,1913,8599,12242,17345,8806,8723,2692,1,1,18762,11401,1.0,24:22,2015,2016
2015-16,203477,Isaiah Canaan,Isaiah,1610612755,PHI,Philadelphia 76ers,21500142,2015-11-14T00:00:00,PHI @ SAS,L,26.5,0.0,0.0,0.0,0.0,11.0,8.0,11.0,20.0,0.0,2.0,1.0,0.0,15.5,1,13074,13074,13074,10435,12059,10158,9917,18861,18886,17345,21342,11929,8004,23588,4972,18762,15004,1.0,26:32,2015,2016
2015-16,203110,Draymond Green,Draymond,1610612744,GSW,Golden State Warriors,21500144,2015-11-14T00:00:00,GSW vs. BKN,W,42.0,2.0,5.0,3.0,8.0,21.0,8.0,16.0,38.0,4.0,2.0,4.0,0.0,60.0,1,1,1,1,312,6026,995,3302,3109,25535,17345,24641,1422,132,23588,22104,18762,207,1.0,42:01,2015,2016
2015-16,201567,Kevin Love,Kevin,1610612739,CLE,Cleveland Cavaliers,21500141,2015-11-14T00:00:00,CLE @ MIL,L,44.0,0.0,6.0,2.0,4.0,20.0,18.0,5.0,42.0,0.0,2.0,2.0,8.0,44.8,1,13074,13074,13074,131,12059,481,4675,8599,25338,25634,11593,670,8004,23588,11390,254,1406,1.0,44:00,2015,2016
2015-16,201599,DeAndre Jordan,DeAndre,1610612746,LAC,LA Clippers,21500138,2015-11-14T00:00:00,LAC vs. DET,W,38.4,2.0,2.0,0.0,10.0,7.0,14.0,3.0,34.0,1.0,1.0,6.0,2.0,37.2,1,1,1,1,1327,6026,4731,9917,1840,12242,24300,7328,2701,2692,17214,25827,7786,3130,1.0,38:23,2015,2016
2015-16,203095,Evan Fournier,Evan,1610612753,ORL,Orlando Magic,21500139,2015-11-14T00:00:00,ORL @ WAS,L,36.6,3.0,0.0,2.0,12.0,7.0,7.0,19.0,34.0,0.0,0.0,1.0,2.0,37.2,1,13074,13074,13074,2316,4307,10158,4675,988,12242,15642,25435,2701,8004,1,4972,7786,3130,1.0,36:38,2015,2016
2015-16,202322,John Wall,John,1610612764,WAS,Washington Wizards,21500139,2015-11-14T00:00:00,WAS vs. ORL,W,34.5,3.0,2.0,4.0,4.0,9.0,4.0,17.0,40.0,1.0,0.0,2.0,5.0,37.1,1,1,1,1,3929,4307,4731,1913,8599,15771,8458,24967,983,2692,1,11390,1539,3151,1.0,34:31,2015,2016
2015-16,2037,Jamal Crawford,Jamal,1610612746,LAC,LA Clippers,21500138,2015-11-14T00:00:00,LAC vs. DET,W,40.5,0.0,0.0,3.0,8.0,7.0,14.0,3.0,34.0,1.0,0.0,4.0,7.0,56.2,1,1,1,1,603,12059,10158,3302,3109,12242,24300,7328,2701,2692,1,22104,469,342,1.0,40:31,2015,2016
2015-16,2199,Tyson Chandler,Tyson,1610612756,PHX,Phoenix Suns,21500143,2015-11-14T00:00:00,PHX vs. DEN,W,25.0,7.0,8.0,0.0,10.0,9.0,9.0,8.0,16.0,1.0,0.0,1.0,1.0,24.1,1,1,1,1,11698,548,137,9917,1840,15771,19144,17194,15259,2692,1,4972,12373,9068,1.0,24:58,2015,2016
2015-16,101162,Marcin Gortat,Marcin,1610612764,WAS,Washington Wizards,21500139,2015-11-14T00:00:00,WAS vs. ORL,W,27.8,0.0,3.0,0.0,8.0,8.0,4.0,17.0,34.0,1.0,0.0,3.0,5.0,29.5,1,1,1,1,9366,12059,3104,9917,3109,13914,8458,24967,2701,2692,1,17641,1539,6103,1.0,27:49,2015,2016
2015-16,101109,Raymond Felton,Raymond,1610612742,DAL,Dallas Mavericks,21500140,2015-11-14T00:00:00,DAL @ HOU,W,33.8,6.0,2.0,0.0,8.0,7.0,3.0,11.0,34.0,0.0,0.0,3.0,7.0,29.7,1,1,1,1,4537,878,4731,9917,3109,12242,7138,21342,2701,8004,1,17641,469,6006,1.0,33:46,2015,2016
2015-16,203083,Andre Drummond,Andre,1610612765,DET,Detroit Pistons,21500138,2015-11-14T00:00:00,DET @ LAC,L,33.8,2.0,6.0,0.0,10.0,5.0,6.0,5.0,28.0,1.0,2.0,3.0,8.0,47.8,1,13074,13074,13074,4501,6026,481,9917,1840,8403,13237,11593,5824,2692,23588,17641,254,979,1.0,33:49,2015,2016
2015-16,101127,Jarrett Jack,Jarrett,1610612751,BKN,Brooklyn Nets,21500144,2015-11-14T00:00:00,BKN @ GSW,L,43.8,9.0,2.0,7.0,8.0,14.0,9.0,25.0,34.0,0.0,4.0,3.0,7.0,50.3,1,13074,13074,13074,149,171,4731,454,3109,22292,19144,25980,2701,8004,25926,17641,469,722,1.0,43:45,2015,2016
2015-16,201939,Stephen Curry,Stephen,1610612744,GSW,Golden State Warriors,21500144,2015-11-14T00:00:00,GSW vs. BKN,W,43.7,0.0,0.0,10.0,10.0,23.0,8.0,20.0,40.0,0.0,0.0,1.0,2.0,45.6,1,1,1,1,150,12059,10158,118,1840,25803,17345,25599,983,8004,1,4972,7786,1263,1.0,43:45,2015,2016
2015-16,101106,Andrew Bogut,Andrew,1610612744,GSW,Golden State Warriors,21500144,2015-11-14T00:00:00,GSW vs. BKN,W,31.9,2.0,4.0,0.0,10.0,16.0,6.0,13.0,30.0,3.0,0.0,4.0,2.0,50.6,1,1,1,1,5994,6026,1596,9917,1840,23774,13237,23048,4541,347,1,22104,7786,691,1.0,31:53,2015,2016
2015-16,201933,Blake Griffin,Blake,1610612746,LAC,LA Clippers,21500138,2015-11-14T00:00:00,LAC vs. DET,W,41.9,4.0,9.0,2.0,20.0,18.0,14.0,5.0,38.0,1.0,1.0,4.0,9.0,64.1,1,1,1,1,319,2460,77,4675,59,24749,24300,11593,1422,2692,17214,22104,138,103,1.0,41:56,2015,2016
2015-16,2544,LeBron James,LeBron,1610612739,CLE,Cleveland Cavaliers,21500141,2015-11-14T00:00:00,CLE @ MIL,L,45.1,11.0,7.0,7.0,16.0,20.0,12.0,2.0,38.0,3.0,3.0,3.0,8.0,63.9,1,13074,13074,13074,81,55,292,454,275,25338,22832,4025,1422,347,25441,17641,254,105,1.0,45:03,2015,2016
2015-16,203901,Elfrid Payton,Elfrid,1610612753,ORL,Orlando Magic,21500139,2015-11-14T00:00:00,ORL @ WAS,L,38.2,0.0,2.0,13.0,10.0,7.0,7.0,17.0,36.0,0.0,1.0,3.0,5.0,29.5,1,13074,13074,13074,1415,12059,4731,26,1840,12242,15642,24967,1943,8004,17214,17641,1539,6103,1.0,38:13,2015,2016
2015-16,200746,LaMarcus Aldridge,LaMarcus,1610612759,SAS,San Antonio Spurs,21500142,2015-11-14T00:00:00,SAS vs. PHI,W,34.4,0.0,8.0,2.0,8.0,10.0,6.0,4.0,26.0,1.0,0.0,2.0,5.0,43.8,1,1,1,1,4047,12059,137,4675,3109,17370,13237,8806,7214,2692,1,11390,1539,1587,1.0,34:23,2015,2016
2015-16,203141,Mirza Teletovic,Mirza,1610612756,PHX,Phoenix Suns,21500143,2015-11-14T00:00:00,PHX vs. DEN,W,29.2,0.0,0.0,0.0,0.0,15.0,4.0,12.0,30.0,0.0,0.0,0.0,2.0,24.3,1,1,1,1,8230,12059,10158,9917,18861,23079,8458,22259,4541,8004,1,1,7786,8939,1.0,29:11,2015,2016
2015-16,201152,Thaddeus Young,Thaddeus,1610612751,BKN,Brooklyn Nets,21500144,2015-11-14T00:00:00,BKN @ GSW,L,38.6,10.0,4.0,6.0,22.0,12.0,9.0,25.0,30.0,0.0,3.0,2.0,2.0,50.5,1,13074,13074,13074,1230,99,1596,740,25,20178,19144,25980,4541,8004,25441,11390,7786,709,1.0,38:34,2015,2016
2015-16,200826,J.J. Barea,J.J.,1610612742,DAL,Dallas Mavericks,21500140,2015-11-14T00:00:00,DAL @ HOU,W,21.8,5.0,0.0,2.0,6.0,2.0,1.0,4.0,16.0,1.0,1.0,2.0,1.0,29.6,1,1,1,1,14388,1603,10158,4675,5299,2619,3393,8806,15259,2692,17214,11390,12373,6050,1.0,21:45,2015,2016
2015-16,2747,JR Smith,JR,1610612739,CLE,Cleveland Cavaliers,21500141,2015-11-14T00:00:00,CLE @ MIL,L,50.5,3.0,3.0,0.0,2.0,20.0,16.0,5.0,50.0,2.0,1.0,3.0,0.0,29.8,1,13074,13074,13074,9,4307,3104,9917,12984,25338,25155,11593,107,932,17214,17641,18762,5948,1.0,50:30,2015,2016
2015-16,201935,James Harden,James,1610612745,HOU,Houston Rockets,21500140,2015-11-14T00:00:00,HOU vs. DAL,L,41.7,2.0,0.0,8.0,8.0,18.0,12.0,9.0,46.0,1.0,3.0,4.0,9.0,51.4,1,13074,13074,13074,358,6026,10158,280,3109,24749,22832,18829,298,2692,25441,22104,138,620,1.0,41:40,2015,2016
2015-16,1495,Tim Duncan,Tim,1610612759,SAS,San Antonio Spurs,21500142,2015-11-14T00:00:00,SAS vs. PHI,W,27.4,2.0,2.0,0.0,12.0,6.0,4.0,4.0,22.0,4.0,2.0,2.0,3.0,36.8,1,1,1,1,9675,6026,4731,9917,988,10028,8458,8806,10265,132,23588,11390,4736,3241,1.0,27:26,2015,2016
2015-16,203115,Will Barton,Will,1610612743,DEN,Denver Nuggets,21500143,2015-11-14T00:00:00,DEN @ PHX,L,36.6,7.0,5.0,4.0,8.0,5.0,14.0,16.0,32.0,1.0,0.0,1.0,2.0,47.4,1,13074,13074,13074,2347,548,995,1913,3109,8403,24300,24641,3535,2692,1,4972,7786,1024,1.0,36:35,2015,2016
2015-16,203382,Aron Baynes,Aron,1610612765,DET,Detroit Pistons,21500138,2015-11-14T00:00:00,DET @ LAC,L,14.2,2.0,0.0,0.0,2.0,4.0,5.0,0.0,14.0,0.0,0.0,1.0,1.0,7.4,1,13074,13074,13074,20299,6026,10158,9917,12984,6141,11469,1,17019,8004,1,4972,12373,20912,1.0,14:11,2015,2016
2015-16,202339,Eric Bledsoe,Eric,1610612756,PHX,Phoenix Suns,21500143,2015-11-14T00:00:00,PHX vs. DEN,W,29.9,4.0,0.0,7.0,8.0,9.0,11.0,4.0,18.0,0.0,1.0,0.0,5.0,47.4,1,1,1,1,7617,2460,10158,454,3109,15771,21814,8806,13577,8004,17214,1,1539,1024,1.0,29:55,2015,2016
2015-16,202696,Nikola Vučević,Nikola,1610612753,ORL,Orlando Magic,21500139,2015-11-14T00:00:00,ORL @ WAS,L,35.7,1.0,0.0,0.0,6.0,9.0,7.0,19.0,36.0,1.0,1.0,4.0,3.0,39.6,1,13074,13074,13074,2954,11535,10158,9917,5299,15771,15642,25435,1943,2692,17214,22104,4736,2474,1.0,35:44,2015,2016
2015-16,203487,Michael Carter-Williams,Michael,1610612749,MIL,Milwaukee Bucks,21500141,2015-11-14T00:00:00,MIL vs. CLE,W,40.0,6.0,2.0,2.0,8.0,12.0,18.0,15.0,20.0,2.0,1.0,1.0,7.0,38.0,1,1,1,1,722,878,4731,4675,3109,20178,25634,24242,11929,932,17214,4972,469,2903,1.0,40:02,2015,2016
2015-16,203507,Giannis Antetokounmpo,Giannis,1610612749,MIL,Milwaukee Bucks,21500141,2015-11-14T00:00:00,MIL vs. CLE,W,44.5,8.0,6.0,0.0,8.0,13.0,13.0,16.0,34.0,3.0,3.0,6.0,5.0,37.7,1,1,1,1,101,308,481,9917,3109,21300,23668,24641,2701,347,25441,25827,1539,2990,1.0,44:31,2015,2016
2015-16,203924,Jerami Grant,Jerami,1610612755,PHI,Philadelphia 76ers,21500142,2015-11-14T00:00:00,PHI @ SAS,L,25.1,2.0,0.0,0.0,4.0,7.0,10.0,8.0,22.0,1.0,1.0,5.0,1.0,21.8,1,13074,13074,13074,11591,6026,10158,9917,8599,12242,20509,17194,10265,2692,17214,24686,12373,10526,1.0,25:06,2015,2016
2015-16,202389,Timofey Mozgov,Timofey,1610612739,CLE,Cleveland Cavaliers,21500141,2015-11-14T00:00:00,CLE @ MIL,L,15.6,0.0,0.0,4.0,2.0,12.0,12.0,0.0,14.0,3.0,2.0,3.0,3.0,21.8,1,13074,13074,13074,19341,12059,10158,1913,12984,20178,22832,1,17019,347,23588,17641,4736,10526,1.0,15:37,2015,2016
2015-16,2403,Nene,ene,1610612764,WAS,Washington Wizards,21500139,2015-11-14T00:00:00,WAS vs. ORL,W,20.2,4.0,0.0,0.0,8.0,6.0,4.0,6.0,16.0,1.0,1.0,3.0,2.0,22.7,1,1,1,1,15747,2460,10158,9917,3109,10028,8458,13388,15259,2692,17214,17641,7786,9938,1.0,20:11,2015,2016
2015-16,2772,Trevor Ariza,Trevor,1610612745,HOU,Houston Rockets,21500140,2015-11-14T00:00:00,HOU vs. DAL,L,24.6,0.0,0.0,1.0,0.0,11.0,8.0,0.0,20.0,0.0,0.0,5.0,1.0,22.2,1,13074,13074,13074,12000,12059,10158,9347,18861,18886,17345,1,11929,8004,1,24686,12373,10263,1.0,24:37,2015,2016
2015-16,1626149,Montrezl Harrell,Montrezl,1610612745,HOU,Houston Rockets,21500140,2015-11-14T00:00:00,HOU vs. DAL,L,11.1,0.0,1.0,0.0,4.0,5.0,6.0,3.0,16.0,1.0,1.0,1.0,1.0,17.3,1,13074,13074,13074,22005,12059,9709,9917,8599,8403,13237,7328,15259,2692,17214,4972,12373,13671,1.0,11:03,2015,2016
2015-16,203939,Dwight Powell,Dwight,1610612742,DAL,Dallas Mavericks,21500140,2015-11-14T00:00:00,DAL @ HOU,W,26.2,0.0,4.0,0.0,6.0,7.0,1.0,6.0,22.0,2.0,0.0,0.0,3.0,33.3,1,1,1,1,10726,12059,1596,9917,5299,12242,3393,13388,10265,932,1,1,4736,4423,1.0,26:09,2015,2016
2015-16,2225,Tony Parker,Tony,1610612759,SAS,San Antonio Spurs,21500142,2015-11-14T00:00:00,SAS vs. PHI,W,25.1,4.0,2.0,2.0,4.0,2.0,4.0,4.0,18.0,0.0,0.0,0.0,3.0,21.9,1,1,1,1,11619,2460,4731,4675,8599,2619,8458,8806,13577,8004,1,1,4736,10460,1.0,25:04,2015,2016
2015-16,202699,Tobias Harris,Tobias,1610612753,ORL,Orlando Magic,21500139,2015-11-14T00:00:00,ORL @ WAS,L,35.6,2.0,4.0,2.0,8.0,7.0,7.0,16.0,30.0,0.0,3.0,2.0,2.0,14.0,1,13074,13074,13074,3081,6026,1596,4675,3109,12242,15642,24641,4541,8004,25441,11390,7786,16166,1.0,35:34,2015,2016
2015-16,203932,Aaron Gordon,Aaron,1610612753,ORL,Orlando Magic,21500139,2015-11-14T00:00:00,ORL @ WAS,L,31.7,2.0,2.0,2.0,8.0,7.0,5.0,10.0,32.0,0.0,1.0,4.0,4.0,32.4,1,13074,13074,13074,6142,6026,4731,4675,3109,12242,11469,20169,3535,8004,17214,22104,2748,4768,1.0,31:42,2015,2016
2015-16,202066,Garrett Temple,Garrett,1610612764,WAS,Washington Wizards,21500139,2015-11-14T00:00:00,WAS vs. ORL,W,31.2,2.0,0.0,10.0,4.0,6.0,4.0,15.0,38.0,0.0,0.0,2.0,3.0,27.6,1,1,1,1,6603,6026,10158,118,8599,10028,8458,24242,1422,8004,1,11390,4736,7080,1.0,31:10,2015,2016
2015-16,2738,Andre Iguodala,Andre,1610612744,GSW,Golden State Warriors,21500144,2015-11-14T00:00:00,GSW vs. BKN,W,37.9,4.0,0.0,4.0,4.0,16.0,4.0,15.0,30.0,0.0,0.0,2.0,2.0,34.2,1,1,1,1,1559,2460,10158,1913,8599,23774,8458,24242,4541,8004,1,11390,7786,4092,1.0,37:53,2015,2016
2015-16,1718,Paul Pierce,Paul,1610612746,LAC,LA Clippers,21500138,2015-11-14T00:00:00,LAC vs. DET,W,30.3,0.0,0.0,0.0,0.0,7.0,12.0,3.0,32.0,0.0,0.0,1.0,1.0,10.1,1,1,1,1,7284,12059,10158,9917,18861,12242,22832,7328,3535,8004,1,4972,12373,19105,1.0,30:16,2015,2016
2015-16,203114,Khris Middleton,Khris,1610612749,MIL,Milwaukee Bucks,21500141,2015-11-14T00:00:00,MIL vs. CLE,W,41.8,4.0,0.0,0.0,2.0,12.0,18.0,15.0,20.0,0.0,0.0,4.0,1.0,25.3,1,1,1,1,340,2460,10158,9917,12984,20178,25634,24242,11929,8004,1,22104,12373,8340,1.0,41:48,2015,2016
2015-16,2743,Kris Humphries,Kris,1610612764,WAS,Washington Wizards,21500139,2015-11-14T00:00:00,WAS vs. ORL,W,29.7,0.0,2.0,0.0,6.0,8.0,4.0,19.0,30.0,2.0,0.0,2.0,1.0,34.0,1,1,1,1,7776,12059,4731,9917,5299,13914,8458,25435,4541,932,1,11390,12373,4162,1.0,29:44,2015,2016
2015-16,203937,Kyle Anderson,Kyle,1610612759,SAS,San Antonio Spurs,21500142,2015-11-14T00:00:00,SAS vs. PHI,W,31.2,0.0,0.0,4.0,4.0,4.0,4.0,4.0,22.0,1.0,0.0,1.0,1.0,33.9,1,1,1,1,6605,12059,10158,1913,8599,6141,8458,8806,10265,2692,1,4972,12373,4208,1.0,31:09,2015,2016
2015-16,202704,Reggie Jackson,Reggie,1610612765,DET,Detroit Pistons,21500138,2015-11-14T00:00:00,DET @ LAC,L,34.4,0.0,2.0,0.0,10.0,5.0,6.0,5.0,28.0,0.0,0.0,1.0,4.0,33.7,1,13074,13074,13074,4062,12059,4731,9917,1840,8403,13237,11593,5824,8004,1,4972,2748,4280,1.0,34:21,2015,2016
2015-16,1626178,Rondae Hollis-Jefferson,Rondae,1610612751,BKN,Brooklyn Nets,21500144,2015-11-14T00:00:00,BKN @ GSW,L,31.9,0.0,0.0,1.0,0.0,10.0,7.0,18.0,20.0,1.0,1.0,1.0,1.0,33.6,1,13074,13074,13074,5973,12059,10158,9347,18861,17370,15642,25228,11929,2692,17214,4972,12373,4305,1.0,31:54,2015,2016
2015-16,2561,David West,David,1610612759,SAS,San Antonio Spurs,21500142,2015-11-14T00:00:00,SAS vs. PHI,W,17.2,2.0,0.0,0.0,4.0,6.0,2.0,0.0,14.0,1.0,0.0,3.0,3.0,23.3,1,1,1,1,18096,6026,10158,9917,8599,10028,3734,1,17019,2692,1,17641,4736,9567,1.0,17:14,2015,2016
2015-16,101111,Charlie Villanueva,Charlie,1610612742,DAL,Dallas Mavericks,21500140,2015-11-14T00:00:00,DAL @ HOU,W,25.4,2.0,5.0,0.0,8.0,2.0,2.0,9.0,24.0,3.0,0.0,4.0,1.0,33.5,1,1,1,1,11358,6026,995,9917,3109,2619,3734,18829,8723,347,1,22104,12373,4348,1.0,25:25,2015,2016
2015-16,101141,Ersan Ilyasova,Ersan,1610612765,DET,Detroit Pistons,21500138,2015-11-14T00:00:00,DET @ LAC,L,29.5,3.0,4.0,3.0,4.0,5.0,6.0,5.0,24.0,1.0,0.0,4.0,7.0,23.4,1,13074,13074,13074,7998,4307,1596,3302,8599,8403,13237,11593,8723,2692,1,22104,469,9501,1.0,29:29,2015,2016
2015-16,203089,John Henson,John,1610612749,MIL,Milwaukee Bucks,21500141,2015-11-14T00:00:00,MIL vs. CLE,W,21.3,2.0,2.0,0.0,6.0,7.0,2.0,7.0,20.0,3.0,0.0,3.0,3.0,25.7,1,1,1,1,14801,6026,4731,9917,5299,12242,3734,15538,11929,347,1,17641,4736,8088,1.0,21:17,2015,2016
2015-16,203991,Clint Capela,Clint,1610612745,HOU,Houston Rockets,21500140,2015-11-14T00:00:00,HOU vs. DAL,L,23.1,0.0,1.0,0.0,4.0,6.0,11.0,2.0,26.0,0.0,0.0,1.0,3.0,23.5,1,13074,13074,13074,13305,12059,9709,9917,8599,10028,21814,4025,7214,8004,1,4972,4736,9452,1.0,23:05,2015,2016
2015-16,2733,Shaun Livingston,Shaun,1610612744,GSW,Golden State Warriors,21500144,2015-11-14T00:00:00,GSW vs. BKN,W,30.0,4.0,0.0,2.0,4.0,12.0,4.0,9.0,20.0,0.0,0.0,5.0,3.0,10.2,1,1,1,1,7586,2460,10158,4675,8599,20178,8458,18829,11929,8004,1,24686,4736,19003,1.0,29:57,2015,2016
2015-16,203515,Phil Pressey,Phil,1610612755,PHI,Philadelphia 76ers,21500142,2015-11-14T00:00:00,PHI @ SAS,L,15.6,2.0,0.0,0.0,4.0,4.0,4.0,0.0,8.0,0.0,0.0,1.0,0.0,23.6,1,13074,13074,13074,19343,6026,10158,9917,8599,6141,8458,1,21543,8004,1,4972,18762,9377,1.0,15:36,2015,2016
2015-16,201573,Jerryd Bayless,Jerryd,1610612749,MIL,Milwaukee Bucks,21500141,2015-11-14T00:00:00,MIL vs. CLE,W,38.8,0.0,0.0,3.0,6.0,13.0,13.0,10.0,30.0,0.0,1.0,3.0,1.0,25.9,1,1,1,1,1142,12059,10158,3302,5299,21300,23668,20169,4541,8004,17214,17641,12373,7960,1.0,38:48,2015,2016
2015-16,101114,Deron Williams,Deron,1610612742,DAL,Dallas Mavericks,21500140,2015-11-14T00:00:00,DAL @ HOU,W,34.6,0.0,0.0,0.0,2.0,7.0,3.0,11.0,30.0,0.0,1.0,4.0,2.0,25.9,1,1,1,1,3889,12059,10158,9917,12984,12242,7138,21342,4541,8004,17214,22104,7786,7960,1.0,34:35,2015,2016
2015-16,2734,Devin Harris,Devin,1610612742,DAL,Dallas Mavericks,21500140,2015-11-14T00:00:00,DAL @ HOU,W,29.3,5.0,2.0,7.0,12.0,7.0,1.0,10.0,24.0,0.0,0.0,4.0,2.0,25.8,1,1,1,1,8122,1603,4731,454,988,12242,3393,20169,8723,8004,1,22104,7786,8022,1.0,29:18,2015,2016
2015-16,201147,Corey Brewer,Corey,1610612745,HOU,Houston Rockets,21500140,2015-11-14T00:00:00,HOU vs. DAL,L,23.2,2.0,0.0,4.0,4.0,16.0,3.0,9.0,26.0,0.0,1.0,2.0,1.0,9.9,1,13074,13074,13074,13196,6026,10158,1913,8599,23774,7138,18829,7214,8004,17214,11390,12373,19247,1.0,23:12,2015,2016
2015-16,201568,Danilo Gallinari,Danilo,1610612743,DEN,Denver Nuggets,21500143,2015-11-14T00:00:00,DEN @ PHX,L,23.9,0.0,2.0,0.0,2.0,13.0,6.0,8.0,30.0,1.0,1.0,4.0,4.0,18.8,1,13074,13074,13074,12630,12059,4731,9917,12984,21300,13237,17194,4541,2692,17214,22104,2748,12588,1.0,23:55,2015,2016
2015-16,201196,Ramon Sessions,Ramon,1610612764,WAS,Washington Wizards,21500139,2015-11-14T00:00:00,WAS vs. ORL,W,13.9,0.0,0.0,3.0,4.0,5.0,4.0,6.0,10.0,0.0,1.0,1.0,2.0,14.3,1,1,1,1,20453,12059,10158,3302,8599,8403,8458,13388,20209,8004,17214,4972,7786,15948,1.0,13:55,2015,2016
2015-16,203123,Kostas Papanikolaou,Kostas,1610612743,DEN,Denver Nuggets,21500143,2015-11-14T00:00:00,DEN @ PHX,L,20.0,3.0,0.0,4.0,8.0,1.0,10.0,7.0,10.0,0.0,0.0,2.0,1.0,14.7,1,13074,13074,13074,15937,4307,10158,1913,3109,2356,20509,15538,20209,8004,1,11390,12373,15631,1.0,19:58,2015,2016
2015-16,1891,Jason Terry,Jason,1610612745,HOU,Houston Rockets,21500140,2015-11-14T00:00:00,HOU vs. DAL,L,26.3,3.0,0.0,0.0,2.0,14.0,9.0,3.0,28.0,0.0,0.0,5.0,2.0,19.5,1,13074,13074,13074,10598,4307,10158,9917,12984,22292,19144,7328,5824,8004,1,24686,7786,12096,1.0,26:18,2015,2016
2015-16,201575,Brandon Rush,Brandon,1610612744,GSW,Golden State Warriors,21500144,2015-11-14T00:00:00,GSW vs. BKN,W,20.8,2.0,0.0,5.0,2.0,11.0,6.0,11.0,28.0,1.0,0.0,0.0,0.0,18.8,1,1,1,1,15257,6026,10158,1277,12984,18886,13237,21342,5824,2692,1,1,18762,12588,1.0,20:46,2015,2016
2015-16,203960,JaKarr Sampson,JaKarr,1610612755,PHI,Philadelphia 76ers,21500142,2015-11-14T00:00:00,PHI @ SAS,L,15.4,2.0,2.0,0.0,4.0,6.0,6.0,5.0,12.0,0.0,3.0,3.0,1.0,10.4,1,13074,13074,13074,19511,6026,4731,9917,8599,10028,13237,11593,18637,8004,25441,17641,12373,18859,1.0,15:21,2015,2016
2015-16,203473,Dewayne Dedmon,Dewayne,1610612753,ORL,Orlando Magic,21500139,2015-11-14T00:00:00,ORL @ WAS,L,12.3,3.0,0.0,0.0,2.0,0.0,0.0,3.0,10.0,1.0,0.0,2.0,3.0,14.8,1,13074,13074,13074,21399,4307,10158,9917,12984,1,1,7328,20209,2692,1,11390,4736,15561,1.0,12:16,2015,2016
2015-16,201951,Ty Lawson,Ty,1610612745,HOU,Houston Rockets,21500140,2015-11-14T00:00:00,HOU vs. DAL,L,30.4,0.0,0.0,0.0,0.0,8.0,7.0,6.0,38.0,0.0,1.0,1.0,1.0,19.1,1,13074,13074,13074,7208,12059,10158,9917,18861,13914,15642,13388,1422,8004,17214,4972,12373,12372,1.0,30:22,2015,2016
2015-16,201229,Anthony Tolliver,Anthony,1610612765,DET,Detroit Pistons,21500138,2015-11-14T00:00:00,DET @ LAC,L,18.5,0.0,0.0,0.0,0.0,4.0,5.0,0.0,18.0,0.0,0.0,2.0,1.0,14.3,1,13074,13074,13074,17124,12059,10158,9917,18861,6141,11469,1,13577,8004,1,11390,12373,15948,1.0,18:27,2015,2016
2015-16,202720,Jon Leuer,Jon,1610612756,PHX,Phoenix Suns,21500143,2015-11-14T00:00:00,PHX vs. DEN,W,18.8,2.0,0.0,2.0,2.0,4.0,9.0,4.0,12.0,0.0,0.0,2.0,1.0,15.0,1,1,1,1,16860,6026,10158,4675,12984,6141,19144,8806,18637,8004,1,11390,12373,15404,1.0,18:49,2015,2016
2015-16,202379,Jeremy Evans,Jeremy,1610612742,DAL,Dallas Mavericks,21500140,2015-11-14T00:00:00,DAL @ HOU,W,14.3,0.0,0.0,0.0,4.0,2.0,2.0,2.0,6.0,1.0,1.0,3.0,1.0,14.5,1,1,1,1,20202,12059,10158,9917,8599,2619,3734,4025,22724,2692,17214,17641,12373,15799,1.0,14:20,2015,2016
2015-16,203484,Kentavious Caldwell-Pope,Kentavious,1610612765,DET,Detroit Pistons,21500138,2015-11-14T00:00:00,DET @ LAC,L,36.8,2.0,0.0,0.0,6.0,9.0,6.0,5.0,34.0,0.0,1.0,4.0,1.0,19.6,1,13074,13074,13074,2264,6026,10158,9917,5299,15771,13237,11593,2701,8004,17214,22104,12373,12024,1.0,36:45,2015,2016
2015-16,203521,Matthew Dellavedova,Matthew,1610612739,CLE,Cleveland Cavaliers,21500141,2015-11-14T00:00:00,CLE @ MIL,L,28.6,0.0,0.0,0.0,0.0,10.0,8.0,0.0,26.0,0.0,0.0,2.0,1.0,14.9,1,13074,13074,13074,8712,12059,10158,9917,18861,17370,17345,1,7214,8004,1,11390,12373,15463,1.0,28:38,2015,2016
2015-16,203613,Jonathon Simmons,Jonathon,1610612759,SAS,San Antonio Spurs,21500142,2015-11-14T00:00:00,SAS vs. PHI,W,8.5,0.0,0.0,0.0,0.0,6.0,2.0,0.0,8.0,0.0,0.0,0.0,1.0,10.4,1,1,1,1,23019,12059,10158,9917,18861,10028,3734,1,21543,8004,1,1,12373,18859,1.0,8:31,2015,2016
2015-16,2210,Richard Jefferson,Richard,1610612739,CLE,Cleveland Cavaliers,21500141,2015-11-14T00:00:00,CLE @ MIL,L,39.1,0.0,0.0,6.0,2.0,18.0,8.0,5.0,34.0,0.0,1.0,4.0,4.0,19.6,1,13074,13074,13074,1046,12059,10158,740,12984,24749,17345,11593,2701,8004,17214,22104,2748,12024,1.0,39:04,2015,2016
2015-16,201162,Jared Dudley,Jared,1610612764,WAS,Washington Wizards,21500139,2015-11-14T00:00:00,WAS vs. ORL,W,19.9,0.0,0.0,0.0,0.0,6.0,4.0,6.0,22.0,0.0,0.0,1.0,3.0,12.5,1,1,1,1,15982,12059,10158,9917,18861,10028,8458,13388,10265,8004,1,4972,4736,17372,1.0,19:55,2015,2016
2015-16,203933,T.J. Warren,T.J.,1610612756,PHX,Phoenix Suns,21500143,2015-11-14T00:00:00,PHX vs. DEN,W,17.0,0.0,6.0,2.0,4.0,15.0,4.0,4.0,14.0,0.0,0.0,2.0,1.0,18.4,1,1,1,1,18273,12059,481,4675,8599,23079,8458,8806,17019,8004,1,11390,12373,12854,1.0,17:00,2015,2016
2015-16,204456,T.J. McConnell,T.J.,1610612755,PHI,Philadelphia 76ers,21500142,2015-11-14T00:00:00,PHI @ SAS,L,25.8,2.0,0.0,2.0,4.0,12.0,8.0,13.0,26.0,0.0,0.0,2.0,0.0,18.5,1,13074,13074,13074,11027,6026,10158,4675,8599,20178,17345,23048,7214,8004,1,11390,18762,12794,1.0,25:47,2015,2016
2015-16,203462,Archie Goodwin,Archie,1610612756,PHX,Phoenix Suns,21500143,2015-11-14T00:00:00,PHX vs. DEN,W,28.8,1.0,2.0,3.0,6.0,12.0,4.0,12.0,30.0,0.0,0.0,1.0,4.0,18.0,1,1,1,1,8534,11535,4731,3302,5299,20178,8458,22259,4541,8004,1,4972,2748,13164,1.0,28:48,2015,2016
2015-16,2590,Mo Williams,Mo,1610612739,CLE,Cleveland Cavaliers,21500141,2015-11-14T00:00:00,CLE @ MIL,L,29.4,0.0,2.0,0.0,4.0,16.0,10.0,5.0,28.0,0.0,0.0,3.0,0.0,13.0,1,13074,13074,13074,8077,12059,4731,9917,8599,23774,20509,11593,5824,8004,1,17641,18762,16969,1.0,29:22,2015,2016
2015-16,1626169,Stanley Johnson,Stanley,1610612765,DET,Detroit Pistons,21500138,2015-11-14T00:00:00,DET @ LAC,L,20.9,9.0,0.0,2.0,4.0,7.0,5.0,0.0,18.0,0.0,1.0,4.0,0.0,16.3,1,13074,13074,13074,15177,171,10158,4675,8599,12242,11469,1,13577,8004,17214,22104,18762,14372,1.0,20:52,2015,2016
2015-16,203546,Ian Clark,Ian,1610612744,GSW,Golden State Warriors,21500144,2015-11-14T00:00:00,GSW vs. BKN,W,9.3,2.0,0.0,0.0,2.0,0.0,2.0,0.0,8.0,0.0,0.0,1.0,0.0,2.0,1,1,1,1,22735,6026,10158,9917,12984,1,3734,1,21543,8004,1,4972,18762,24216,1.0,9:15,2015,2016
2015-16,203084,Harrison Barnes,Harrison,1610612744,GSW,Golden State Warriors,21500144,2015-11-14T00:00:00,GSW vs. BKN,W,31.4,4.0,2.0,2.0,4.0,11.0,8.0,9.0,28.0,0.0,0.0,1.0,3.0,18.6,1,1,1,1,6418,2460,4731,4675,8599,18886,17345,18829,5824,8004,1,4972,4736,12715,1.0,31:21,2015,2016
2015-16,202325,Wesley Johnson,Wesley,1610612746,LAC,LA Clippers,21500138,2015-11-14T00:00:00,LAC vs. DET,W,13.0,0.0,0.0,0.0,0.0,11.0,4.0,2.0,8.0,0.0,0.0,1.0,0.0,8.4,1,1,1,1,20973,12059,10158,9917,18861,18886,8458,4025,21543,8004,1,4972,18762,20273,1.0,13:01,2015,2016
2015-16,201977,Marcus Thornton,Marcus,1610612745,HOU,Houston Rockets,21500140,2015-11-14T00:00:00,HOU vs. DAL,L,18.1,0.0,0.0,0.0,2.0,7.0,6.0,7.0,26.0,0.0,0.0,0.0,0.0,8.0,1,13074,13074,13074,17465,12059,10158,9917,12984,12242,13237,15538,7214,8004,1,1,18762,20564,1.0,18:04,2015,2016
2015-16,202711,Bojan Bogdanović,Bojan,1610612751,BKN,Brooklyn Nets,21500144,2015-11-14T00:00:00,BKN @ GSW,L,34.9,0.0,0.0,2.0,2.0,14.0,8.0,11.0,36.0,0.0,0.0,1.0,1.0,18.2,1,13074,13074,13074,3595,12059,10158,4675,12984,22292,17345,21342,1943,8004,1,4972,12373,13004,1.0,34:55,2015,2016
2015-16,1626147,Justin Anderson,Justin,1610612742,DAL,Dallas Mavericks,21500140,2015-11-14T00:00:00,DAL @ HOU,W,12.4,0.0,0.0,0.0,0.0,2.0,2.0,1.0,10.0,0.0,0.0,0.0,0.0,2.2,1,1,1,1,21333,12059,10158,9917,18861,2619,3734,3646,20209,8004,1,1,18762,24138,1.0,12:24,2015,2016
2015-16,1626174,Christian Wood,Christian,1610612755,PHI,Philadelphia 76ers,21500142,2015-11-14T00:00:00,PHI @ SAS,L,13.3,0.0,0.0,0.0,2.0,1.0,6.0,2.0,10.0,0.0,0.0,3.0,0.0,12.8,1,13074,13074,13074,20822,12059,10158,9917,12984,2356,13237,4025,20209,8004,1,17641,18762,17129,1.0,13:16,2015,2016
2015-16,203105,Festus Ezeli,Festus,1610612744,GSW,Golden State Warriors,21500144,2015-11-14T00:00:00,GSW vs. BKN,W,18.2,0.0,0.0,1.0,2.0,5.0,4.0,7.0,18.0,2.0,2.0,1.0,1.0,16.5,1,1,1,1,17384,12059,10158,9347,12984,8403,8458,15538,13577,932,23588,4972,12373,14224,1.0,18:10,2015,2016
2015-16,203085,Austin Rivers,Austin,1610612746,LAC,LA Clippers,21500138,2015-11-14T00:00:00,LAC vs. DET,W,41.8,3.0,0.0,0.0,2.0,13.0,14.0,3.0,36.0,0.0,0.0,3.0,2.0,16.1,1,1,1,1,348,4307,10158,9917,12984,21300,24300,7328,1943,8004,1,17641,7786,14515,1.0,41:45,2015,2016
2015-16,200782,P.J. Tucker,P.J.,1610612756,PHX,Phoenix Suns,21500143,2015-11-14T00:00:00,PHX vs. DEN,W,24.0,0.0,0.0,0.0,4.0,4.0,9.0,4.0,12.0,0.0,0.0,1.0,0.0,16.2,1,1,1,1,12528,12059,10158,9917,8599,6141,19144,8806,18637,8004,1,4972,18762,14436,1.0,24:02,2015,2016
2015-16,203499,Shane Larkin,Shane,1610612751,BKN,Brooklyn Nets,21500144,2015-11-14T00:00:00,BKN @ GSW,L,11.0,0.0,0.0,0.0,0.0,6.0,2.0,2.0,12.0,0.0,1.0,0.0,1.0,8.4,1,13074,13074,13074,22037,12059,10158,9917,18861,10028,3734,4025,18637,8004,17214,1,12373,20273,1.0,10:59,2015,2016
2015-16,203953,Jabari Parker,Jabari,1610612749,MIL,Milwaukee Bucks,21500141,2015-11-14T00:00:00,MIL vs. CLE,W,30.0,4.0,2.0,0.0,8.0,4.0,12.0,10.0,20.0,0.0,2.0,2.0,1.0,16.1,1,1,1,1,7525,2460,4731,9917,3109,6141,22832,20169,11929,8004,23588,11390,12373,14515,1.0,30:01,2015,2016
2015-16,202702,Kenneth Faried,Kenneth,1610612743,DEN,Denver Nuggets,21500143,2015-11-14T00:00:00,DEN @ PHX,L,14.3,0.0,2.0,0.0,2.0,9.0,4.0,4.0,16.0,0.0,0.0,1.0,1.0,11.4,1,13074,13074,13074,20249,12059,4731,9917,12984,15771,8458,8806,15259,8004,1,4972,12373,18134,1.0,14:15,2015,2016
2015-16,2746,Josh Smith,Josh,1610612746,LAC,LA Clippers,21500138,2015-11-14T00:00:00,LAC vs. DET,W,12.9,0.0,0.0,0.0,2.0,11.0,4.0,2.0,8.0,1.0,0.0,1.0,1.0,6.2,1,1,1,1,21038,12059,10158,9917,12984,18886,8458,4025,21543,2692,1,4972,12373,21696,1.0,12:53,2015,2016
2015-16,203143,Pablo Prigioni,Pablo,1610612746,LAC,LA Clippers,21500138,2015-11-14T00:00:00,LAC vs. DET,W,10.8,0.0,0.0,0.0,0.0,11.0,4.0,2.0,8.0,0.0,0.0,0.0,1.0,2.0,1,1,1,1,22097,12059,10158,9917,18861,18886,8458,4025,21543,8004,1,1,12373,24216,1.0,10:51,2015,2016
2015-16,202688,Brandon Knight,Brandon,1610612756,PHX,Phoenix Suns,21500143,2015-11-14T00:00:00,PHX vs. DEN,W,22.3,0.0,0.0,2.0,6.0,11.0,11.0,8.0,18.0,0.0,2.0,2.0,1.0,11.2,1,1,1,1,13890,12059,10158,4675,5299,18886,21814,17194,13577,8004,23588,11390,12373,18267,1.0,22:20,2015,2016
2015-16,203138,Hollis Thompson,Hollis,1610612755,PHI,Philadelphia 76ers,21500142,2015-11-14T00:00:00,PHI @ SAS,L,29.7,0.0,0.0,0.0,0.0,8.0,8.0,8.0,26.0,0.0,0.0,0.0,0.0,11.1,1,13074,13074,13074,7831,12059,10158,9917,18861,13914,17345,17194,7214,8004,1,1,18762,18370,1.0,29:40,2015,2016
2015-16,1626164,Devin Booker,Devin,1610612756,PHX,Phoenix Suns,21500143,2015-11-14T00:00:00,PHX vs. DEN,W,15.0,0.0,0.0,0.0,0.0,6.0,0.0,8.0,18.0,0.0,1.0,0.0,0.0,6.4,1,1,1,1,19791,12059,10158,9917,18861,10028,1,17194,13577,8004,17214,1,18762,21589,1.0,14:57,2015,2016
2015-16,202684,Tristan Thompson,Tristan,1610612739,CLE,Cleveland Cavaliers,21500141,2015-11-14T00:00:00,CLE @ MIL,L,25.5,2.0,2.0,0.0,6.0,10.0,6.0,3.0,26.0,0.0,0.0,3.0,0.0,10.8,1,13074,13074,13074,11292,6026,4731,9917,5299,17370,13237,7328,7214,8004,1,17641,18762,18579,1.0,25:30,2015,2016
2015-16,1626246,Boban Marjanović,Boban,1610612759,SAS,San Antonio Spurs,21500142,2015-11-14T00:00:00,SAS vs. PHI,W,0.3,0.0,0.0,0.0,0.0,0.0,0.0,0.0,0.0,0.0,0.0,0.0,0.0,1.2,1,1,1,1,25994,12059,10158,9917,18861,1,1,1,25429,8004,1,1,18762,24661,1.0,0:20,2015,2016
2015-16,201589,Darrell Arthur,Darrell,1610612743,DEN,Denver Nuggets,21500143,2015-11-14T00:00:00,DEN @ PHX,L,8.4,0.0,0.0,0.0,2.0,0.0,2.0,5.0,4.0,1.0,0.0,2.0,0.0,6.2,1,13074,13074,13074,23045,12059,10158,9917,12984,1,3734,11593,23698,2692,1,11390,18762,21696,1.0,8:26,2015,2016
2015-16,203098,John Jenkins,John,1610612742,DAL,Dallas Mavericks,21500140,2015-11-14T00:00:00,DAL @ HOU,W,12.3,0.0,0.0,0.0,0.0,2.0,2.0,2.0,6.0,0.0,1.0,0.0,0.0,6.4,1,1,1,1,21392,12059,10158,9917,18861,2619,3734,4025,22724,8004,17214,1,18762,21589,1.0,12:17,2015,2016
2015-16,203492,Ray McCallum,Ray,1610612759,SAS,San Antonio Spurs,21500142,2015-11-14T00:00:00,SAS vs. PHI,W,13.3,2.0,2.0,2.0,6.0,6.0,2.0,0.0,10.0,0.0,0.0,0.0,0.0,10.6,1,1,1,1,20803,6026,4731,4675,5299,10028,3734,1,20209,8004,1,1,18762,18723,1.0,13:18,2015,2016
2015-16,202390,Gary Neal,Gary,1610612764,WAS,Washington Wizards,21500139,2015-11-14T00:00:00,WAS vs. ORL,W,16.8,0.0,0.0,3.0,4.0,8.0,4.0,8.0,12.0,0.0,0.0,3.0,0.0,11.4,1,1,1,1,18392,12059,10158,3302,8599,13914,8458,17194,18637,8004,1,17641,18762,18134,1.0,16:50,2015,2016
2015-16,1626209,Mario Hezonja,Mario,1610612753,ORL,Orlando Magic,21500139,2015-11-14T00:00:00,ORL @ WAS,L,17.2,3.0,0.0,0.0,0.0,2.0,0.0,7.0,20.0,0.0,0.0,2.0,1.0,10.9,1,13074,13074,13074,18141,4307,10158,9917,18861,2619,1,15538,11929,8004,1,11390,12373,18498,1.0,17:11,2015,2016
2015-16,2034,Mike Miller,Mike,1610612743,DEN,Denver Nuggets,21500143,2015-11-14T00:00:00,DEN @ PHX,L,1.8,0.0,0.0,0.0,0.0,0.0,2.0,0.0,2.0,0.0,0.0,0.0,0.0,5.7,1,13074,13074,13074,25571,12059,10158,9917,18861,1,3734,1,24614,8004,1,1,18762,22054,1.0,1:50,2015,2016
2015-16,1626153,Delon Wright,Delon,1610612761,TOR,Toronto Raptors,21500131,2015-11-13T00:00:00,TOR vs. NOP,W,2.5,0.0,0.0,0.0,0.0,0.0,0.0,0.0,0.0,0.0,0.0,1.0,0.0,1.2,1,1,1,1,25332,12059,10158,9917,18861,1,1,1,25429,8004,1,4972,18762,24661,1.0,2:29,2015,2016
2015-16,204014,Damjan Rudez,Damjan,1610612750,MIN,Minnesota Timberwolves,21500127,2015-11-13T00:00:00,MIN @ IND,L,7.0,0.0,0.0,0.0,0.0,0.0,0.0,2.0,2.0,0.0,0.0,0.0,0.0,1.2,1,13074,13074,13074,23579,12059,10158,9917,18861,1,1,4025,24614,8004,1,1,18762,24661,1.0,6:57,2015,2016
2015-16,1626209,Mario Hezonja,Mario,1610612753,ORL,Orlando Magic,21500128,2015-11-13T00:00:00,ORL vs. UTA,W,9.0,0.0,0.0,0.0,2.0,6.0,4.0,6.0,14.0,0.0,0.0,1.0,1.0,6.0,1,1,1,1,22844,12059,10158,9917,12984,10028,8458,13388,17019,8004,1,4972,12373,21878,1.0,8:58,2015,2016
2015-16,203503,Tony Snell,Tony,1610612741,CHI,Chicago Bulls,21500132,2015-11-13T00:00:00,CHI vs. CHA,W,17.3,3.0,0.0,0.0,0.0,2.0,4.0,2.0,6.0,1.0,1.0,2.0,0.0,6.2,1,1,1,1,18032,4307,10158,9917,18861,2619,8458,4025,22724,2692,17214,11390,18762,21696,1.0,17:19,2015,2016
2015-16,204060,Joe Ingles,Joe,1610612762,UTA,Utah Jazz,21500128,2015-11-13T00:00:00,UTA @ ORL,L,8.2,0.0,0.0,0.0,0.0,8.0,0.0,2.0,6.0,0.0,0.0,2.0,0.0,11.0,1,13074,13074,13074,23129,12059,10158,9917,18861,13914,1,4025,22724,8004,1,11390,18762,18430,1.0,8:09,2015,2016
2015-16,1626149,Montrezl Harrell,Montrezl,1610612745,HOU,Houston Rockets,21500136,2015-11-13T00:00:00,HOU @ DEN,L,12.9,2.0,2.0,2.0,2.0,11.0,4.0,10.0,16.0,0.0,0.0,3.0,2.0,6.4,1,13074,13074,13074,21055,6026,4731,4675,12984,18886,8458,20169,15259,8004,1,17641,7786,21589,1.0,12:51,2015,2016
2015-16,201584,Courtney Lee,Courtney,1610612763,MEM,Memphis Grizzlies,21500133,2015-11-13T00:00:00,MEM vs. POR,W,25.9,2.0,0.0,3.0,2.0,0.0,4.0,8.0,22.0,0.0,0.0,0.0,2.0,10.9,1,1,1,1,10937,6026,10158,3302,12984,1,8458,17194,10265,8004,1,1,7786,18498,1.0,25:53,2015,2016
2015-16,203991,Clint Capela,Clint,1610612745,HOU,Houston Rockets,21500136,2015-11-13T00:00:00,HOU @ DEN,L,13.0,1.0,0.0,0.0,2.0,4.0,3.0,2.0,6.0,0.0,0.0,0.0,2.0,10.6,1,13074,13074,13074,20949,11535,10158,9917,12984,6141,7138,4025,22724,8004,1,1,7786,18723,1.0,13:03,2015,2016
2015-16,201166,Aaron Brooks,Aaron,1610612741,CHI,Chicago Bulls,21500132,2015-11-13T00:00:00,CHI vs. CHA,W,6.0,0.0,0.0,0.0,0.0,0.0,3.0,0.0,2.0,0.0,1.0,0.0,2.0,6.1,1,1,1,1,23959,12059,10158,9917,18861,1,7138,1,24614,8004,17214,1,7786,21845,1.0,6:00,2015,2016
2015-16,203460,Andre Roberson,Andre,1610612760,OKC,Oklahoma City Thunder,21500134,2015-11-13T00:00:00,OKC vs. PHI,W,18.8,4.0,1.0,2.0,4.0,5.0,4.0,0.0,16.0,0.0,0.0,0.0,1.0,10.9,1,1,1,1,16895,2460,9709,4675,8599,8403,8458,1,15259,8004,1,1,12373,18498,1.0,18:46,2015,2016
2015-16,1626170,Jerian Grant,Jerian,1610612752,NYK,New York Knicks,21500130,2015-11-13T00:00:00,NYK vs. CLE,L,15.0,2.0,0.0,2.0,0.0,2.0,0.0,3.0,10.0,0.0,0.0,1.0,3.0,11.3,1,13074,13074,13074,19752,6026,10158,4675,18861,2619,1,7328,20209,8004,1,4972,4736,18230,1.0,15:00,2015,2016
2015-16,202337,Luke Babbitt,Luke,1610612740,NOP,New Orleans Pelicans,21500131,2015-11-13T00:00:00,NOP @ TOR,L,17.2,0.0,2.0,0.0,2.0,4.0,7.0,2.0,8.0,0.0,0.0,4.0,1.0,6.4,1,13074,13074,13074,18164,12059,4731,9917,12984,6141,15642,4025,21543,8004,1,22104,12373,21589,1.0,17:09,2015,2016
2015-16,201577,Robin Lopez,Robin,1610612752,NYK,New York Knicks,21500130,2015-11-13T00:00:00,NYK vs. CLE,L,24.7,0.0,0.0,0.0,2.0,16.0,4.0,3.0,20.0,0.0,0.0,2.0,1.0,10.5,1,13074,13074,13074,11912,12059,10158,9917,12984,23774,8458,7328,11929,8004,1,11390,12373,18808,1.0,24:43,2015,2016
2015-16,202498,Lance Thomas,Lance,1610612752,NYK,New York Knicks,21500130,2015-11-13T00:00:00,NYK vs. CLE,L,16.0,0.0,0.0,0.0,0.0,6.0,0.0,3.0,12.0,0.0,0.0,3.0,0.0,1.2,1,13074,13074,13074,19017,12059,10158,9917,18861,10028,1,7328,18637,8004,1,17641,18762,24661,1.0,16:01,2015,2016
2015-16,1626147,Justin Anderson,Justin,1610612742,DAL,Dallas Mavericks,21500135,2015-11-13T00:00:00,DAL vs. LAL,W,3.4,2.0,0.0,2.0,2.0,2.0,2.0,0.0,2.0,0.0,0.0,1.0,0.0,2.0,1,1,1,1,24986,6026,10158,4675,12984,2619,3734,1,24614,8004,1,4972,18762,24216,1.0,3:21,2015,2016
2015-16,202083,Wesley Matthews,Wesley,1610612742,DAL,Dallas Mavericks,21500135,2015-11-13T00:00:00,DAL vs. LAL,W,30.3,2.0,0.0,0.0,0.0,17.0,9.0,13.0,14.0,0.0,1.0,2.0,3.0,15.9,1,1,1,1,7278,6026,10158,9917,18861,24337,19144,23048,17019,8004,17214,11390,4736,14675,1.0,30:17,2015,2016
2015-16,202357,Nemanja Bjelica,Nemanja,1610612750,MIN,Minnesota Timberwolves,21500127,2015-11-13T00:00:00,MIN @ IND,L,25.0,0.0,0.0,0.0,4.0,8.0,5.0,14.0,20.0,0.0,0.0,4.0,1.0,15.9,1,13074,13074,13074,11644,12059,10158,9917,8599,13914,11469,23710,11929,8004,1,22104,12373,14675,1.0,25:02,2015,2016
2015-16,201945,Gerald Henderson,Gerald,1610612757,POR,Portland Trail Blazers,21500133,2015-11-13T00:00:00,POR @ MEM,L,12.7,0.0,0.0,0.0,0.0,2.0,2.0,0.0,10.0,0.0,0.0,0.0,0.0,4.2,1,13074,13074,13074,21121,12059,10158,9917,18861,2619,3734,1,20209,8004,1,1,18762,22976,1.0,12:43,2015,2016
2015-16,203924,Jerami Grant,Jerami,1610612755,PHI,Philadelphia 76ers,21500134,2015-11-13T00:00:00,PHI @ OKC,L,31.9,0.0,3.0,0.0,4.0,15.0,15.0,17.0,32.0,2.0,1.0,5.0,3.0,21.7,1,13074,13074,13074,6028,12059,3104,9917,8599,23079,24781,24967,3535,932,17214,24686,4736,10592,1.0,31:52,2015,2016
2015-16,202690,Jimmer Fredette,Jimmer,1610612740,NOP,New Orleans Pelicans,21500131,2015-11-13T00:00:00,NOP @ TOR,L,2.5,0.0,0.0,0.0,0.0,0.0,0.0,0.0,0.0,0.0,0.0,0.0,0.0,0.0,1,13074,13074,13074,25332,12059,10158,9917,18861,1,1,1,25429,8004,1,1,18762,25170,1.0,2:29,2015,2016
2015-16,2550,Kirk Hinrich,Kirk,1610612741,CHI,Chicago Bulls,21500132,2015-11-13T00:00:00,CHI vs. CHA,W,9.1,0.0,0.0,2.0,0.0,0.0,0.0,0.0,2.0,0.0,0.0,1.0,0.0,6.5,1,1,1,1,22814,12059,10158,4675,18861,1,1,1,24614,8004,1,4972,18762,21519,1.0,9:05,2015,2016
2015-16,1626181,Norman Powell,Norman,1610612761,TOR,Toronto Raptors,21500131,2015-11-13T00:00:00,TOR vs. NOP,W,11.0,0.0,0.0,0.0,0.0,2.0,1.0,2.0,4.0,0.0,0.0,2.0,0.0,6.6,1,1,1,1,22044,12059,10158,9917,18861,2619,3393,4025,23698,8004,1,11390,18762,21445,1.0,10:59,2015,2016
2015-16,2034,Mike Miller,Mike,1610612743,DEN,Denver Nuggets,21500136,2015-11-13T00:00:00,DEN vs. HOU,W,0.1,0.0,0.0,0.0,0.0,0.0,0.0,0.0,0.0,0.0,0.0,0.0,0.0,0.0,1,1,1,1,26048,12059,10158,9917,18861,1,1,1,25429,8004,1,1,18762,25170,1.0,0:05,2015,2016
2015-16,203187,Chris Johnson,Chris,1610612762,UTA,Utah Jazz,21500128,2015-11-13T00:00:00,UTA @ ORL,L,20.1,0.0,0.0,0.0,0.0,7.0,4.0,3.0,6.0,0.0,2.0,3.0,1.0,9.5,1,13074,13074,13074,15794,12059,10158,9917,18861,12242,8458,7328,22724,8004,23588,17641,12373,19519,1.0,20:08,2015,2016
2015-16,203461,Anthony Bennett,Anthony,1610612761,TOR,Toronto Raptors,21500131,2015-11-13T00:00:00,TOR vs. NOP,W,2.5,0.0,0.0,0.0,0.0,0.0,0.0,0.0,0.0,0.0,0.0,0.0,0.0,0.2,1,1,1,1,25332,12059,10158,9917,18861,1,1,1,25429,8004,1,1,18762,25103,1.0,2:29,2015,2016
2015-16,2592,James Jones,James,1610612739,CLE,Cleveland Cavaliers,21500130,2015-11-13T00:00:00,CLE @ NYK,W,10.2,0.0,0.0,0.0,0.0,2.0,3.0,5.0,6.0,0.0,0.0,3.0,0.0,3.6,1,1,1,1,22337,12059,10158,9917,18861,2619,7138,11593,22724,8004,1,17641,18762,23310,1.0,10:15,2015,2016
2015-16,202353,Tibor Pleiss,Tibor,1610612762,UTA,Utah Jazz,21500128,2015-11-13T00:00:00,UTA @ ORL,L,9.5,0.0,0.0,0.0,2.0,8.0,6.0,1.0,6.0,1.0,1.0,2.0,0.0,4.0,1,13074,13074,13074,22628,12059,10158,9917,12984,13914,13237,3646,22724,2692,17214,11390,18762,23142,1.0,9:30,2015,2016
2015-16,203798,PJ Hairston,PJ,1610612766,CHA,Charlotte Hornets,21500132,2015-11-13T00:00:00,CHA @ CHI,L,15.2,0.0,0.0,0.0,0.0,0.0,2.0,4.0,12.0,0.0,0.0,3.0,1.0,7.2,1,13074,13074,13074,19618,12059,10158,9917,18861,1,3734,8806,18637,8004,1,17641,12373,21035,1.0,15:12,2015,2016
2015-16,2760,Anderson Varejao,Anderson,1610612739,CLE,Cleveland Cavaliers,21500130,2015-11-13T00:00:00,CLE @ NYK,W,3.4,0.0,0.0,0.0,0.0,0.0,3.0,3.0,2.0,0.0,1.0,0.0,0.0,3.6,1,1,1,1,24961,12059,10158,9917,18861,1,7138,7328,24614,8004,17214,1,18762,23310,1.0,3:24,2015,2016
2015-16,200745,Andrea Bargnani,Andrea,1610612751,BKN,Brooklyn Nets,21500137,2015-11-13T00:00:00,BKN @ SAC,L,13.9,3.0,5.0,0.0,2.0,4.0,0.0,4.0,16.0,0.0,0.0,0.0,0.0,8.6,1,13074,13074,13074,20453,4307,995,9917,12984,6141,1,8806,15259,8004,1,1,18762,20125,1.0,13:55,2015,2016
2015-16,1626166,Cameron Payne,Cameron,1610612760,OKC,Oklahoma City Thunder,21500134,2015-11-13T00:00:00,OKC vs. PHI,W,1.6,0.0,0.0,0.0,0.0,3.0,0.0,0.0,4.0,0.0,0.0,0.0,0.0,-1.0,1,1,1,1,25639,12059,10158,9917,18861,5109,1,1,23698,8004,1,1,18762,25932,1.0,1:38,2015,2016
2015-16,2419,Tayshaun Prince,Tayshaun,1610612750,MIN,Minnesota Timberwolves,21500127,2015-11-13T00:00:00,MIN @ IND,L,18.6,2.0,0.0,0.0,2.0,9.0,4.0,8.0,26.0,0.0,0.0,0.0,0.0,6.7,1,13074,13074,13074,17038,6026,10158,9917,12984,15771,8458,17194,7214,8004,1,1,18762,21376,1.0,18:35,2015,2016
2015-16,203894,Shabazz Napier,Shabazz,1610612753,ORL,Orlando Magic,21500128,2015-11-13T00:00:00,ORL vs. UTA,W,18.2,2.0,0.0,0.0,0.0,12.0,8.0,13.0,20.0,0.0,0.0,2.0,0.0,5.2,1,1,1,1,17321,6026,10158,9917,18861,20178,17345,23048,11929,8004,1,11390,18762,22370,1.0,18:14,2015,2016
2015-16,203200,Justin Holiday,Justin,1610612737,ATL,Atlanta Hawks,21500129,2015-11-13T00:00:00,ATL @ BOS,L,14.2,0.0,0.0,0.0,0.0,4.0,9.0,0.0,14.0,0.0,0.0,1.0,0.0,6.7,1,13074,13074,13074,20268,12059,10158,9917,18861,6141,19144,1,17019,8004,1,4972,18762,21376,1.0,14:13,2015,2016
2015-16,203943,Noah Vonleh,Noah,1610612757,POR,Portland Trail Blazers,21500133,2015-11-13T00:00:00,POR @ MEM,L,6.9,0.0,0.0,0.0,0.0,5.0,2.0,0.0,6.0,0.0,0.0,2.0,0.0,0.0,1,13074,13074,13074,23609,12059,10158,9917,18861,8403,3734,1,22724,8004,1,11390,18762,25170,1.0,6:52,2015,2016
2015-16,2210,Richard Jefferson,Richard,1610612739,CLE,Cleveland Cavaliers,21500130,2015-11-13T00:00:00,CLE @ NYK,W,19.2,0.0,0.0,0.0,0.0,2.0,8.0,7.0,6.0,0.0,0.0,3.0,0.0,4.2,1,1,1,1,16535,12059,10158,9917,18861,2619,17345,15538,22724,8004,1,17641,18762,22976,1.0,19:12,2015,2016
2015-16,200826,J.J. Barea,J.J.,1610612742,DAL,Dallas Mavericks,21500135,2015-11-13T00:00:00,DAL vs. LAL,W,13.1,0.0,0.0,0.0,0.0,9.0,7.0,5.0,8.0,0.0,1.0,0.0,1.0,-0.8,1,1,1,1,20934,12059,10158,9917,18861,15771,15642,11593,21543,8004,17214,1,12373,25914,1.0,13:04,2015,2016
2015-16,2207,Joe Johnson,Joe,1610612751,BKN,Brooklyn Nets,21500137,2015-11-13T00:00:00,BKN @ SAC,L,35.5,4.0,2.0,0.0,2.0,14.0,8.0,18.0,28.0,0.0,1.0,1.0,2.0,21.6,1,13074,13074,13074,3184,2460,4731,9917,12984,22292,17345,25228,5824,8004,17214,4972,7786,10666,1.0,35:27,2015,2016
2015-16,203123,Kostas Papanikolaou,Kostas,1610612743,DEN,Denver Nuggets,21500136,2015-11-13T00:00:00,DEN vs. HOU,W,3.9,0.0,0.0,0.0,0.0,4.0,0.0,0.0,6.0,0.0,0.0,0.0,0.0,0.2,1,1,1,1,24765,12059,10158,9917,18861,6141,1,1,22724,8004,1,1,18762,25103,1.0,3:51,2015,2016
2015-16,201168,Tiago Splitter,Tiago,1610612737,ATL,Atlanta Hawks,21500129,2015-11-13T00:00:00,ATL @ BOS,L,14.0,0.0,0.0,0.0,2.0,9.0,9.0,7.0,14.0,0.0,1.0,0.0,1.0,6.6,1,13074,13074,13074,20428,12059,10158,9917,12984,15771,19144,15538,17019,8004,17214,1,12373,21445,1.0,13:58,2015,2016
2015-16,201156,Nick Young,Nick,1610612747,LAL,Los Angeles Lakers,21500135,2015-11-13T00:00:00,LAL @ DAL,L,16.6,0.0,0.0,0.0,0.0,6.0,7.0,3.0,6.0,0.0,1.0,1.0,0.0,9.0,1,13074,13074,13074,18558,12059,10158,9917,18861,10028,15642,7328,22724,8004,17214,4972,18762,19835,1.0,16:37,2015,2016
2015-16,203552,Seth Curry,Seth,1610612758,SAC,Sacramento Kings,21500137,2015-11-13T00:00:00,SAC vs. BKN,W,4.3,0.0,0.0,0.0,0.0,2.0,0.0,4.0,4.0,0.0,0.0,0.0,0.0,0.0,1,1,1,1,24617,12059,10158,9917,18861,2619,1,8806,23698,8004,1,1,18762,25170,1.0,4:17,2015,2016
2015-16,203515,Phil Pressey,Phil,1610612755,PHI,Philadelphia 76ers,21500134,2015-11-13T00:00:00,PHI @ OKC,L,9.6,0.0,0.0,0.0,0.0,2.0,6.0,5.0,10.0,0.0,0.0,0.0,0.0,3.5,1,13074,13074,13074,22607,12059,10158,9917,18861,2619,13237,11593,20209,8004,1,1,18762,23351,1.0,9:33,2015,2016
2015-16,203498,Shabazz Muhammad,Shabazz,1610612750,MIN,Minnesota Timberwolves,21500127,2015-11-13T00:00:00,MIN @ IND,L,18.6,0.0,2.0,3.0,8.0,4.0,5.0,12.0,14.0,0.0,1.0,2.0,2.0,13.3,1,13074,13074,13074,16986,12059,4731,3302,3109,6141,11469,22259,17019,8004,17214,11390,7786,16712,1.0,18:39,2015,2016
2015-16,201976,Patrick Beverley,Patrick,1610612745,HOU,Houston Rockets,21500136,2015-11-13T00:00:00,HOU @ DEN,L,7.8,0.0,0.0,0.0,0.0,2.0,3.0,2.0,4.0,0.0,1.0,2.0,0.0,0.5,1,13074,13074,13074,23259,12059,10158,9917,18861,2619,7138,4025,23698,8004,17214,11390,18762,25056,1.0,7:50,2015,2016
2015-16,201147,Corey Brewer,Corey,1610612745,HOU,Houston Rockets,21500136,2015-11-13T00:00:00,HOU @ DEN,L,13.5,0.0,0.0,0.0,0.0,9.0,2.0,3.0,10.0,0.0,0.0,4.0,1.0,4.1,1,13074,13074,13074,20686,12059,10158,9917,18861,15771,3734,7328,20209,8004,1,22104,12373,23131,1.0,13:32,2015,2016
2015-16,201977,Marcus Thornton,Marcus,1610612745,HOU,Houston Rockets,21500136,2015-11-13T00:00:00,HOU @ DEN,L,17.9,0.0,0.0,0.0,0.0,8.0,7.0,8.0,20.0,0.0,1.0,0.0,0.0,13.3,1,13074,13074,13074,17579,12059,10158,9917,18861,13914,15642,17194,11929,8004,17214,1,18762,16712,1.0,17:55,2015,2016
2015-16,1897,Metta World Peace,Metta,1610612747,LAL,Los Angeles Lakers,21500135,2015-11-13T00:00:00,LAL @ DAL,L,18.1,0.0,0.0,0.0,0.0,8.0,7.0,3.0,4.0,0.0,0.0,3.0,1.0,6.6,1,13074,13074,13074,17425,12059,10158,9917,18861,13914,15642,7328,23698,8004,1,17641,12373,21445,1.0,18:07,2015,2016
2015-16,201956,Omri Casspi,Omri,1610612758,SAC,Sacramento Kings,21500137,2015-11-13T00:00:00,SAC vs. BKN,W,20.8,0.0,0.0,0.0,2.0,9.0,5.0,10.0,16.0,0.0,0.0,1.0,1.0,9.1,1,1,1,1,15194,12059,10158,9917,12984,15771,11469,20169,15259,8004,1,4972,12373,19789,1.0,20:51,2015,2016
2015-16,1626154,RJ Hunter,RJ,1610612738,BOS,Boston Celtics,21500129,2015-11-13T00:00:00,BOS vs. ATL,W,6.9,0.0,0.0,0.0,0.0,2.0,0.0,2.0,10.0,0.0,1.0,1.0,0.0,5.4,1,1,1,1,23613,12059,10158,9917,18861,2619,1,4025,20209,8004,17214,4972,18762,22242,1.0,6:51,2015,2016
2015-16,201967,Dante Cunningham,Dante,1610612740,NOP,New Orleans Pelicans,21500131,2015-11-13T00:00:00,NOP @ TOR,L,18.8,0.0,0.0,0.0,0.0,6.0,8.0,4.0,10.0,0.0,0.0,0.0,1.0,8.6,1,13074,13074,13074,16840,12059,10158,9917,18861,10028,17345,8806,20209,8004,1,1,12373,20125,1.0,18:50,2015,2016
2015-16,1891,Jason Terry,Jason,1610612745,HOU,Houston Rockets,21500136,2015-11-13T00:00:00,HOU @ DEN,L,16.2,0.0,0.0,0.0,0.0,9.0,0.0,3.0,6.0,0.0,0.0,2.0,0.0,9.0,1,13074,13074,13074,18913,12059,10158,9917,18861,15771,1,7328,22724,8004,1,11390,18762,19835,1.0,16:10,2015,2016
2015-16,203584,Troy Daniels,Troy,1610612766,CHA,Charlotte Hornets,21500132,2015-11-13T00:00:00,CHA @ CHI,L,2.1,0.0,0.0,0.0,0.0,0.0,0.0,0.0,0.0,0.0,0.0,0.0,1.0,4.0,1,13074,13074,13074,25500,12059,10158,9917,18861,1,1,1,25429,8004,1,1,12373,23142,1.0,2:03,2015,2016
2015-16,200779,Steve Novak,Steve,1610612760,OKC,Oklahoma City Thunder,21500134,2015-11-13T00:00:00,OKC vs. PHI,W,1.1,0.0,0.0,0.0,0.0,3.0,0.0,0.0,2.0,0.0,0.0,0.0,0.0,4.2,1,1,1,1,25835,12059,10158,9917,18861,5109,1,1,24614,8004,1,1,18762,22976,1.0,1:08,2015,2016
2015-16,203112,Quincy Acy,Quincy,1610612758,SAC,Sacramento Kings,21500137,2015-11-13T00:00:00,SAC vs. BKN,W,19.2,0.0,0.0,0.0,2.0,5.0,12.0,3.0,14.0,0.0,1.0,0.0,2.0,9.2,1,1,1,1,16558,12059,10158,9917,12984,8403,22832,7328,17019,8004,17214,1,7786,19680,1.0,19:10,2015,2016
2015-16,2755,Kevin Martin,Kevin,1610612750,MIN,Minnesota Timberwolves,21500127,2015-11-13T00:00:00,MIN @ IND,L,12.9,0.0,2.0,0.0,0.0,6.0,5.0,9.0,14.0,0.0,0.0,2.0,1.0,3.7,1,13074,13074,13074,21013,12059,4731,9917,18861,10028,11469,18829,17019,8004,1,11390,12373,23278,1.0,12:56,2015,2016
2015-16,203906,Devyn Marble,Devyn,1610612753,ORL,Orlando Magic,21500128,2015-11-13T00:00:00,ORL vs. UTA,W,1.0,0.0,0.0,0.0,0.0,0.0,0.0,2.0,2.0,0.0,0.0,1.0,0.0,0.0,1,1,1,1,25862,12059,10158,9917,18861,1,1,4025,24614,8004,1,4972,18762,25170,1.0,1:02,2015,2016
2015-16,203124,Kyle O'Quinn,Kyle,1610612752,NYK,New York Knicks,21500130,2015-11-13T00:00:00,NYK vs. CLE,L,3.2,0.0,0.0,0.0,0.0,2.0,0.0,0.0,8.0,0.0,0.0,2.0,0.0,-1.0,1,13074,13074,13074,25042,12059,10158,9917,18861,2619,1,1,21543,8004,1,11390,18762,25932,1.0,3:13,2015,2016
2015-16,101135,David Lee,David,1610612738,BOS,Boston Celtics,21500129,2015-11-13T00:00:00,BOS vs. ATL,W,11.7,0.0,2.0,0.0,4.0,2.0,3.0,2.0,14.0,0.0,1.0,0.0,0.0,6.7,1,1,1,1,21749,12059,4731,9917,8599,2619,7138,4025,17019,8004,17214,1,18762,21376,1.0,11:39,2015,2016
2015-16,201973,Jonas Jerebko,Jonas,1610612738,BOS,Boston Celtics,21500129,2015-11-13T00:00:00,BOS vs. ATL,W,12.1,2.0,2.0,0.0,2.0,1.0,3.0,2.0,12.0,0.0,0.0,2.0,1.0,6.6,1,1,1,1,21462,6026,4731,9917,12984,2356,7138,4025,18637,8004,1,11390,12373,21445,1.0,12:08,2015,2016
2015-16,202714,Shelvin Mack,Shelvin,1610612737,ATL,Atlanta Hawks,21500129,2015-11-13T00:00:00,ATL @ BOS,L,0.6,0.0,0.0,0.0,0.0,0.0,0.0,0.0,0.0,0.0,0.0,0.0,0.0,0.0,1,13074,13074,13074,25966,12059,10158,9917,18861,1,1,1,25429,8004,1,1,18762,25170,1.0,0:34,2015,2016
2015-16,203210,JaMychal Green,JaMychal,1610612763,MEM,Memphis Grizzlies,21500133,2015-11-13T00:00:00,MEM vs. POR,W,18.0,0.0,2.0,0.0,2.0,2.0,2.0,4.0,10.0,0.0,3.0,4.0,0.0,8.8,1,1,1,1,17488,12059,4731,9917,12984,2619,3734,8806,20209,8004,25441,22104,18762,19994,1.0,18:02,2015,2016
2015-16,202341,James Anderson,James,1610612758,SAC,Sacramento Kings,21500137,2015-11-13T00:00:00,SAC vs. BKN,W,5.5,0.0,0.0,0.0,0.0,4.0,2.0,0.0,4.0,0.0,0.0,0.0,0.0,0.0,1,1,1,1,24156,12059,10158,9917,18861,6141,3734,1,23698,8004,1,1,18762,25170,1.0,5:31,2015,2016
2015-16,202683,Enes Freedom,Enes,1610612760,OKC,Oklahoma City Thunder,21500134,2015-11-13T00:00:00,OKC vs. PHI,W,19.0,0.0,5.0,4.0,12.0,4.0,9.0,0.0,16.0,1.0,3.0,1.0,2.0,24.6,1,1,1,1,16684,12059,995,1913,988,6141,19144,1,15259,2692,25441,4972,7786,8724,1.0,19:01,2015,2016
2015-16,203081,Damian Lillard,Damian,1610612757,POR,Portland Trail Blazers,21500133,2015-11-13T00:00:00,POR @ MEM,L,38.1,1.0,0.0,2.0,10.0,10.0,11.0,5.0,34.0,0.0,0.0,2.0,2.0,29.1,1,13074,13074,13074,1454,11535,10158,4675,1840,17370,21814,11593,2701,8004,1,11390,7786,6285,1.0,38:08,2015,2016
2015-16,202329,Al-Farouq Aminu,Al-Farouq,1610612757,POR,Portland Trail Blazers,21500133,2015-11-13T00:00:00,POR @ MEM,L,33.9,0.0,2.0,2.0,4.0,10.0,9.0,3.0,22.0,3.0,0.0,4.0,4.0,37.1,1,13074,13074,13074,4442,12059,4731,4675,8599,17370,19144,7328,10265,347,1,22104,2748,3151,1.0,33:53,2015,2016
2015-16,200765,Rajon Rondo,Rajon,1610612758,SAC,Sacramento Kings,21500137,2015-11-13T00:00:00,SAC vs. BKN,W,43.8,2.0,0.0,6.0,14.0,17.0,14.0,13.0,42.0,0.0,0.0,2.0,3.0,58.0,1,1,1,1,145,6026,10158,740,542,24337,24300,23048,670,8004,1,11390,4736,267,1.0,43:49,2015,2016
2015-16,202699,Tobias Harris,Tobias,1610612753,ORL,Orlando Magic,21500128,2015-11-13T00:00:00,ORL vs. UTA,W,39.6,4.0,4.0,2.0,2.0,11.0,9.0,10.0,32.0,1.0,0.0,2.0,4.0,49.1,1,1,1,1,867,2460,1596,4675,12984,18886,19144,20169,3535,2692,1,11390,2748,850,1.0,39:34,2015,2016
2015-16,2590,Mo Williams,Mo,1610612739,CLE,Cleveland Cavaliers,21500130,2015-11-13T00:00:00,CLE @ NYK,W,32.0,2.0,0.0,0.0,2.0,5.0,9.0,6.0,16.0,0.0,0.0,2.0,3.0,23.9,1,1,1,1,5860,6026,10158,9917,12984,8403,19144,13388,15259,8004,1,11390,4736,9184,1.0,32:02,2015,2016
2015-16,201188,Marc Gasol,Marc,1610612763,MEM,Memphis Grizzlies,21500133,2015-11-13T00:00:00,MEM vs. POR,W,40.8,6.0,5.0,0.0,12.0,3.0,8.0,10.0,36.0,0.0,1.0,2.0,5.0,43.3,1,1,1,1,521,878,995,9917,988,5109,17345,20169,1943,8004,17214,11390,1539,1678,1.0,40:49,2015,2016
2015-16,202324,Derrick Favors,Derrick,1610612762,UTA,Utah Jazz,21500128,2015-11-13T00:00:00,UTA @ ORL,L,19.4,0.0,2.0,0.0,4.0,6.0,4.0,4.0,6.0,1.0,0.0,2.0,3.0,24.9,1,13074,13074,13074,16363,12059,4731,9917,8599,10028,8458,8806,22724,2692,1,11390,4736,8553,1.0,19:26,2015,2016
2015-16,201145,Jeff Green,Jeff,1610612763,MEM,Memphis Grizzlies,21500133,2015-11-13T00:00:00,MEM vs. POR,W,30.0,2.0,2.0,2.0,6.0,5.0,4.0,4.0,20.0,0.0,2.0,3.0,4.0,29.0,1,1,1,1,7571,6026,4731,4675,5299,8403,8458,8806,11929,8004,23588,17641,2748,6346,1.0,29:58,2015,2016
2015-16,201144,Mike Conley,Mike,1610612763,MEM,Memphis Grizzlies,21500133,2015-11-13T00:00:00,MEM vs. POR,W,33.3,0.0,0.0,0.0,2.0,3.0,6.0,8.0,30.0,0.0,0.0,2.0,6.0,24.7,1,1,1,1,4862,12059,10158,9917,12984,5109,13237,17194,4541,8004,1,11390,873,8673,1.0,33:20,2015,2016
2015-16,201586,Serge Ibaka,Serge,1610612760,OKC,Oklahoma City Thunder,21500134,2015-11-13T00:00:00,OKC vs. PHI,W,28.9,0.0,0.0,2.0,2.0,10.0,12.0,3.0,24.0,7.0,0.0,3.0,1.0,46.4,1,1,1,1,8490,12059,10158,4675,12984,17370,22832,7328,8723,8,1,17641,12373,1149,1.0,28:51,2015,2016
2015-16,201566,Russell Westbrook,Russell,1610612760,OKC,Oklahoma City Thunder,21500134,2015-11-13T00:00:00,OKC vs. PHI,W,34.8,6.0,3.0,9.0,10.0,10.0,14.0,3.0,26.0,0.0,0.0,1.0,4.0,60.9,1,1,1,1,3703,878,3104,184,1840,17370,24300,7328,7214,8004,1,4972,2748,186,1.0,34:47,2015,2016
2015-16,201935,James Harden,James,1610612745,HOU,Houston Rockets,21500136,2015-11-13T00:00:00,HOU @ DEN,L,37.9,4.0,0.0,6.0,14.0,20.0,12.0,14.0,26.0,2.0,1.0,4.0,7.0,56.1,1,13074,13074,13074,1559,2460,10158,740,542,25338,22832,23710,7214,932,17214,22104,469,347,1.0,37:53,2015,2016
2015-16,200768,Kyle Lowry,Kyle,1610612761,TOR,Toronto Raptors,21500131,2015-11-13T00:00:00,TOR vs. NOP,W,34.6,5.0,0.0,4.0,0.0,15.0,2.0,11.0,28.0,1.0,3.0,1.0,5.0,47.7,1,1,1,1,3842,1603,10158,1913,18861,23079,3734,21342,5824,2692,25441,4972,1539,989,1.0,34:38,2015,2016
2015-16,203096,Jared Sullinger,Jared,1610612738,BOS,Boston Celtics,21500129,2015-11-13T00:00:00,BOS vs. ATL,W,24.0,0.0,4.0,0.0,6.0,7.0,4.0,2.0,28.0,1.0,0.0,2.0,1.0,30.0,1,1,1,1,12584,12059,1596,9917,5299,12242,8458,4025,5824,2692,1,11390,12373,5840,1.0,23:59,2015,2016
2015-16,202326,DeMarcus Cousins,DeMarcus,1610612758,SAC,Sacramento Kings,21500137,2015-11-13T00:00:00,SAC vs. BKN,W,34.5,9.0,4.0,2.0,16.0,14.0,5.0,14.0,36.0,1.0,2.0,6.0,12.0,59.1,1,1,1,1,3953,171,1596,4675,275,22292,11469,23710,1943,2692,23588,25827,27,233,1.0,34:30,2015,2016
2015-16,101161,Amir Johnson,Amir,1610612738,BOS,Boston Celtics,21500129,2015-11-13T00:00:00,BOS vs. ATL,W,36.4,4.0,2.0,4.0,12.0,8.0,4.0,2.0,34.0,3.0,0.0,3.0,4.0,49.6,1,1,1,1,2509,2460,4731,1913,988,13914,8458,4025,2701,347,1,17641,2748,798,1.0,36:21,2015,2016
2015-16,2544,LeBron James,LeBron,1610612739,CLE,Cleveland Cavaliers,21500130,2015-11-13T00:00:00,CLE @ NYK,W,39.4,8.0,0.0,8.0,18.0,7.0,8.0,7.0,18.0,1.0,0.0,4.0,8.0,49.6,1,1,1,1,923,308,10158,280,131,12242,17345,15538,13577,2692,1,22104,254,798,1.0,39:23,2015,2016
2015-16,202682,Derrick Williams,Derrick,1610612752,NYK,New York Knicks,21500130,2015-11-13T00:00:00,NYK vs. CLE,L,16.3,0.0,1.0,1.0,2.0,2.0,2.0,3.0,14.0,1.0,0.0,1.0,5.0,23.9,1,13074,13074,13074,18785,12059,9709,9347,12984,2619,3734,7328,17019,2692,1,4972,1539,9184,1.0,16:20,2015,2016
2015-16,203932,Aaron Gordon,Aaron,1610612753,ORL,Orlando Magic,21500128,2015-11-13T00:00:00,ORL vs. UTA,W,27.3,4.0,4.0,1.0,4.0,11.0,9.0,12.0,26.0,4.0,2.0,4.0,3.0,35.5,1,1,1,1,9741,2460,1596,9347,8599,18886,19144,22259,7214,132,23588,22104,4736,3657,1.0,27:20,2015,2016
2015-16,202738,Isaiah Thomas,Isaiah,1610612738,BOS,Boston Celtics,21500129,2015-11-13T00:00:00,BOS vs. ATL,W,34.0,6.0,6.0,7.0,8.0,7.0,4.0,2.0,30.0,0.0,0.0,3.0,2.0,48.0,1,1,1,1,4352,878,481,454,3109,12242,8458,4025,4541,8004,1,17641,7786,960,1.0,34:00,2015,2016
2015-16,202689,Kemba Walker,Kemba,1610612766,CHA,Charlotte Hornets,21500132,2015-11-13T00:00:00,CHA @ CHI,L,36.8,0.0,0.0,0.0,2.0,2.0,9.0,8.0,28.0,2.0,2.0,1.0,3.0,47.3,1,13074,13074,13074,2225,12059,10158,9917,12984,2619,19144,17194,5824,932,23588,4972,4736,1036,1.0,36:48,2015,2016
2015-16,201587,Nicolas Batum,Nicolas,1610612766,CHA,Charlotte Hornets,21500132,2015-11-13T00:00:00,CHA @ CHI,L,34.7,0.0,5.0,2.0,4.0,6.0,6.0,9.0,30.0,0.0,0.0,1.0,2.0,44.6,1,13074,13074,13074,3778,12059,995,4675,8599,10028,13237,18829,4541,8004,1,4972,7786,1438,1.0,34:42,2015,2016
2015-16,202344,Trevor Booker,Trevor,1610612762,UTA,Utah Jazz,21500128,2015-11-13T00:00:00,UTA @ ORL,L,26.0,2.0,2.0,2.0,6.0,16.0,8.0,8.0,22.0,1.0,2.0,3.0,0.0,28.9,1,13074,13074,13074,10869,6026,4731,4675,5299,23774,17345,17194,10265,2692,23588,17641,18762,6414,1.0,25:58,2015,2016
2015-16,2734,Devin Harris,Devin,1610612742,DAL,Dallas Mavericks,21500135,2015-11-13T00:00:00,DAL vs. LAL,W,24.2,2.0,3.0,1.0,2.0,2.0,7.0,5.0,10.0,2.0,1.0,1.0,8.0,24.6,1,1,1,1,12360,6026,3104,9347,12984,2619,15642,11593,20209,932,17214,4972,254,8724,1.0,24:14,2015,2016
2015-16,202331,Paul George,Paul,1610612754,IND,Indiana Pacers,21500127,2015-11-13T00:00:00,IND vs. MIN,W,38.5,5.0,2.0,4.0,6.0,10.0,9.0,11.0,36.0,0.0,0.0,2.0,6.0,47.8,1,1,1,1,1272,1603,4731,1913,5299,17370,19144,21342,1943,8004,1,11390,873,979,1.0,38:30,2015,2016
2015-16,201579,Roy Hibbert,Roy,1610612747,LAL,Los Angeles Lakers,21500135,2015-11-13T00:00:00,LAL @ DAL,L,30.1,0.0,0.0,0.0,0.0,8.0,9.0,2.0,16.0,2.0,0.0,6.0,3.0,28.8,1,13074,13074,13074,7494,12059,10158,9917,18861,13914,19144,4025,15259,932,1,25827,4736,6465,1.0,30:03,2015,2016
2015-16,2772,Trevor Ariza,Trevor,1610612745,HOU,Houston Rockets,21500136,2015-11-13T00:00:00,HOU @ DEN,L,38.2,3.0,0.0,4.0,2.0,20.0,12.0,15.0,26.0,0.0,0.0,2.0,3.0,26.1,1,13074,13074,13074,1437,4307,10158,1913,12984,25338,22832,24242,7214,8004,1,11390,4736,7836,1.0,38:10,2015,2016
2015-16,203477,Isaiah Canaan,Isaiah,1610612755,PHI,Philadelphia 76ers,21500134,2015-11-13T00:00:00,PHI @ OKC,L,14.9,0.0,0.0,0.0,0.0,4.0,3.0,10.0,16.0,0.0,1.0,1.0,1.0,12.2,1,13074,13074,13074,19861,12059,10158,9917,18861,6141,7138,20169,15259,8004,17214,4972,12373,17566,1.0,14:52,2015,2016
2015-16,204001,Kristaps Porziņģis,Kristaps,1610612752,NYK,New York Knicks,21500130,2015-11-13T00:00:00,NYK vs. CLE,L,28.2,0.0,2.0,0.0,4.0,18.0,4.0,5.0,20.0,0.0,0.0,1.0,1.0,19.9,1,13074,13074,13074,9111,12059,4731,9917,8599,24749,8458,11593,11929,8004,1,4972,12373,11824,1.0,28:09,2015,2016
2015-16,203939,Dwight Powell,Dwight,1610612742,DAL,Dallas Mavericks,21500135,2015-11-13T00:00:00,DAL vs. LAL,W,21.9,2.0,4.0,0.0,2.0,4.0,9.0,5.0,10.0,0.0,1.0,0.0,3.0,30.4,1,1,1,1,14276,6026,1596,9917,12984,6141,19144,11593,20209,8004,17214,1,4736,5661,1.0,21:53,2015,2016
2015-16,101181,Jose Calderon,Jose,1610612752,NYK,New York Knicks,21500130,2015-11-13T00:00:00,NYK vs. CLE,L,22.3,0.0,2.0,0.0,0.0,16.0,4.0,2.0,20.0,0.0,0.0,3.0,0.0,20.4,1,13074,13074,13074,13936,12059,4731,9917,18861,23774,8458,4025,11929,8004,1,17641,18762,11453,1.0,22:16,2015,2016
2015-16,203457,Nerlens Noel,Nerlens,1610612755,PHI,Philadelphia 76ers,21500134,2015-11-13T00:00:00,PHI @ OKC,L,32.0,1.0,0.0,0.0,6.0,15.0,12.0,16.0,36.0,0.0,3.0,1.0,6.0,31.2,1,13074,13074,13074,5899,11535,10158,9917,5299,23079,22832,24641,1943,8004,25441,4972,873,5304,1.0,31:59,2015,2016
2015-16,101145,Monta Ellis,Monta,1610612754,IND,Indiana Pacers,21500127,2015-11-13T00:00:00,IND vs. MIN,W,36.9,8.0,0.0,8.0,16.0,10.0,9.0,11.0,36.0,1.0,0.0,2.0,1.0,42.1,1,1,1,1,2180,308,10158,280,275,17370,19144,21342,1943,2692,1,11390,12373,1910,1.0,36:51,2015,2016
2015-16,203500,Steven Adams,Steven,1610612760,OKC,Oklahoma City Thunder,21500134,2015-11-13T00:00:00,OKC vs. PHI,W,26.0,2.0,2.0,0.0,6.0,8.0,7.0,3.0,20.0,3.0,1.0,5.0,1.0,20.4,1,1,1,1,10854,6026,4731,9917,5299,13914,15642,7328,11929,347,17214,24686,12373,11453,1.0,25:59,2015,2016
2015-16,203526,Raul Neto,Raul,1610612762,UTA,Utah Jazz,21500128,2015-11-13T00:00:00,UTA @ ORL,L,23.8,2.0,3.0,2.0,2.0,4.0,6.0,6.0,12.0,0.0,1.0,1.0,1.0,20.7,1,13074,13074,13074,12715,6026,3104,4675,12984,6141,13237,13388,18637,8004,17214,4972,12373,11252,1.0,23:50,2015,2016
2015-16,201951,Ty Lawson,Ty,1610612745,HOU,Houston Rockets,21500136,2015-11-13T00:00:00,HOU @ DEN,L,34.1,0.0,0.0,0.0,0.0,15.0,13.0,13.0,28.0,1.0,0.0,2.0,1.0,15.5,1,13074,13074,13074,4281,12059,10158,9917,18861,23079,23668,23048,5824,2692,1,11390,12373,15004,1.0,34:05,2015,2016
2015-16,201596,Mario Chalmers,Mario,1610612763,MEM,Memphis Grizzlies,21500133,2015-11-13T00:00:00,MEM vs. POR,W,19.6,0.0,0.0,0.0,6.0,2.0,2.0,4.0,10.0,0.0,0.0,1.0,2.0,26.2,1,1,1,1,16211,12059,10158,9917,5299,2619,3734,8806,20209,8004,1,4972,7786,7785,1.0,19:37,2015,2016
2015-16,201941,Jordan Hill,Jordan,1610612754,IND,Indiana Pacers,21500127,2015-11-13T00:00:00,IND vs. MIN,W,16.2,0.0,3.0,0.0,4.0,2.0,8.0,0.0,18.0,0.0,0.0,0.0,2.0,11.9,1,1,1,1,18898,12059,3104,9917,8599,2619,17345,1,13577,8004,1,1,7786,17760,1.0,16:11,2015,2016
2015-16,202710,Jimmy Butler III,Jimmy,1610612741,CHI,Chicago Bulls,21500132,2015-11-13T00:00:00,CHI vs. CHA,W,37.8,2.0,4.0,3.0,8.0,9.0,10.0,4.0,14.0,1.0,0.0,1.0,7.0,41.0,1,1,1,1,1627,6026,1596,3302,3109,15771,20509,8806,17019,2692,1,4972,469,2143,1.0,37:45,2015,2016
2015-16,101109,Raymond Felton,Raymond,1610612742,DAL,Dallas Mavericks,21500135,2015-11-13T00:00:00,DAL vs. LAL,W,22.6,2.0,0.0,0.0,2.0,3.0,8.0,6.0,10.0,1.0,0.0,1.0,1.0,20.1,1,1,1,1,13716,6026,10158,9917,12984,5109,17345,13388,20209,2692,1,4972,12373,11685,1.0,22:34,2015,2016
2015-16,202397,Ish Smith,Ish,1610612740,NOP,New Orleans Pelicans,21500131,2015-11-13T00:00:00,NOP @ TOR,L,23.1,0.0,0.0,0.0,2.0,13.0,8.0,9.0,10.0,2.0,0.0,3.0,4.0,19.8,1,13074,13074,13074,13305,12059,10158,9917,12984,21300,17345,18829,20209,932,1,17641,2748,11883,1.0,23:05,2015,2016
2015-16,2200,Pau Gasol,Pau,1610612741,CHI,Chicago Bulls,21500132,2015-11-13T00:00:00,CHI vs. CHA,W,27.5,0.0,0.0,0.0,4.0,9.0,7.0,4.0,14.0,2.0,0.0,1.0,3.0,43.1,1,1,1,1,9592,12059,10158,9917,8599,15771,15642,8806,17019,932,1,4972,4736,1713,1.0,27:31,2015,2016
2015-16,203109,Jae Crowder,Jae,1610612738,BOS,Boston Celtics,21500129,2015-11-13T00:00:00,BOS vs. ATL,W,38.4,0.0,6.0,0.0,8.0,10.0,4.0,2.0,36.0,1.0,0.0,2.0,2.0,41.1,1,1,1,1,1349,12059,481,9917,3109,17370,8458,4025,1943,2692,1,11390,7786,2123,1.0,38:21,2015,2016
2015-16,101127,Jarrett Jack,Jarrett,1610612751,BKN,Brooklyn Nets,21500137,2015-11-13T00:00:00,BKN @ SAC,L,33.1,2.0,0.0,4.0,6.0,12.0,9.0,18.0,26.0,0.0,1.0,1.0,5.0,42.2,1,13074,13074,13074,5079,6026,10158,1913,5299,20178,19144,25228,7214,8004,17214,4972,1539,1892,1.0,33:03,2015,2016
2015-16,203922,Glenn Robinson III,Glenn,1610612754,IND,Indiana Pacers,21500127,2015-11-13T00:00:00,IND vs. MIN,W,21.3,0.0,0.0,2.0,6.0,2.0,6.0,2.0,24.0,1.0,0.0,0.0,1.0,20.5,1,1,1,1,14743,12059,10158,4675,5299,2619,13237,4025,8723,2692,1,1,12373,11401,1.0,21:20,2015,2016
2015-16,201565,Derrick Rose,Derrick,1610612741,CHI,Chicago Bulls,21500132,2015-11-13T00:00:00,CHI vs. CHA,W,34.6,0.0,0.0,4.0,6.0,11.0,8.0,6.0,18.0,1.0,1.0,2.0,2.0,26.2,1,1,1,1,3839,12059,10158,1913,5299,18886,17345,13388,13577,2692,17214,11390,7786,7785,1.0,34:39,2015,2016
2015-16,1626157,Karl-Anthony Towns,Karl-Anthony,1610612750,MIN,Minnesota Timberwolves,21500127,2015-11-13T00:00:00,MIN @ IND,L,27.2,2.0,4.0,2.0,6.0,11.0,4.0,14.0,36.0,0.0,2.0,0.0,1.0,27.3,1,13074,13074,13074,9862,6026,1596,4675,5299,18886,8458,23710,1943,8004,23588,1,12373,7236,1.0,27:11,2015,2016
2015-16,201959,Taj Gibson,Taj,1610612741,CHI,Chicago Bulls,21500132,2015-11-13T00:00:00,CHI vs. CHA,W,23.1,2.0,0.0,0.0,8.0,4.0,4.0,4.0,12.0,0.0,1.0,1.0,1.0,15.9,1,1,1,1,13334,6026,10158,9917,3109,6141,8458,8806,18637,8004,17214,4972,12373,14675,1.0,23:03,2015,2016
2015-16,201143,Al Horford,Al,1610612737,ATL,Atlanta Hawks,21500129,2015-11-13T00:00:00,ATL @ BOS,L,32.4,2.0,2.0,0.0,6.0,6.0,14.0,4.0,36.0,2.0,1.0,3.0,3.0,41.2,1,13074,13074,13074,5589,6026,4731,9917,5299,10028,24300,8806,1943,932,17214,17641,4736,2099,1.0,32:23,2015,2016
2015-16,2546,Carmelo Anthony,Carmelo,1610612752,NYK,New York Knicks,21500130,2015-11-13T00:00:00,NYK vs. CLE,L,35.8,3.0,4.0,3.0,4.0,20.0,6.0,5.0,26.0,1.0,1.0,3.0,4.0,40.0,1,13074,13074,13074,2892,4307,1596,3302,8599,25338,13237,11593,7214,2692,17214,17641,2748,2364,1.0,35:48,2015,2016
2015-16,203093,Terrence Jones,Terrence,1610612745,HOU,Houston Rockets,21500136,2015-11-13T00:00:00,HOU @ DEN,L,20.9,2.0,7.0,2.0,12.0,2.0,11.0,2.0,12.0,4.0,0.0,1.0,2.0,41.4,1,13074,13074,13074,15180,6026,292,4675,988,2619,21814,4025,18637,132,1,4972,7786,2060,1.0,20:51,2015,2016
2015-16,101133,Ian Mahinmi,Ian,1610612754,IND,Indiana Pacers,21500127,2015-11-13T00:00:00,IND vs. MIN,W,30.9,0.0,4.0,4.0,12.0,8.0,5.0,11.0,32.0,0.0,0.0,1.0,2.0,27.3,1,1,1,1,6812,12059,1596,1913,988,13914,11469,21342,3535,8004,1,4972,7786,7236,1.0,30:54,2015,2016
2015-16,1626144,Emmanuel Mudiay,Emmanuel,1610612743,DEN,Denver Nuggets,21500136,2015-11-13T00:00:00,DEN vs. HOU,W,33.4,0.0,0.0,0.0,0.0,11.0,9.0,14.0,28.0,2.0,0.0,2.0,1.0,26.3,1,1,1,1,4842,12059,10158,9917,18861,18886,19144,23710,5824,932,1,11390,12373,7733,1.0,33:22,2015,2016
2015-16,203473,Dewayne Dedmon,Dewayne,1610612753,ORL,Orlando Magic,21500128,2015-11-13T00:00:00,ORL vs. UTA,W,15.6,0.0,0.0,0.0,2.0,8.0,4.0,9.0,16.0,3.0,0.0,2.0,1.0,15.8,1,1,1,1,19322,12059,10158,9917,12984,13914,8458,18829,15259,347,1,11390,12373,14754,1.0,15:38,2015,2016
2015-16,200794,Paul Millsap,Paul,1610612737,ATL,Atlanta Hawks,21500129,2015-11-13T00:00:00,ATL @ BOS,L,32.1,0.0,2.0,0.0,8.0,10.0,16.0,11.0,36.0,0.0,1.0,3.0,4.0,20.6,1,13074,13074,13074,5807,12059,4731,9917,3109,17370,25155,21342,1943,8004,17214,17641,2748,11314,1.0,32:06,2015,2016
2015-16,203145,Kent Bazemore,Kent,1610612737,ATL,Atlanta Hawks,21500129,2015-11-13T00:00:00,ATL @ BOS,L,27.9,4.0,0.0,2.0,12.0,9.0,11.0,9.0,28.0,0.0,1.0,2.0,0.0,15.4,1,13074,13074,13074,9341,2460,10158,4675,988,15771,21814,18829,5824,8004,17214,11390,18762,15066,1.0,27:51,2015,2016
2015-16,203476,Gorgui Dieng,Gorgui,1610612750,MIN,Minnesota Timberwolves,21500127,2015-11-13T00:00:00,MIN @ IND,L,11.4,0.0,0.0,0.0,2.0,2.0,3.0,5.0,10.0,0.0,0.0,2.0,0.0,12.4,1,13074,13074,13074,21869,12059,10158,9917,12984,2619,7138,11593,20209,8004,1,11390,18762,17418,1.0,11:24,2015,2016
2015-16,203079,Dion Waiters,Dion,1610612760,OKC,Oklahoma City Thunder,21500134,2015-11-13T00:00:00,OKC vs. PHI,W,29.2,0.0,0.0,2.0,4.0,10.0,12.0,3.0,24.0,0.0,2.0,1.0,3.0,20.6,1,1,1,1,8181,12059,10158,4675,8599,17370,22832,7328,8723,8004,23588,4972,4736,11314,1.0,29:14,2015,2016
2015-16,202687,Bismack Biyombo,Bismack,1610612761,TOR,Toronto Raptors,21500131,2015-11-13T00:00:00,TOR vs. NOP,W,20.2,0.0,4.0,0.0,2.0,5.0,4.0,2.0,10.0,0.0,0.0,0.0,3.0,15.8,1,1,1,1,15694,12059,1596,9917,12984,8403,8458,4025,20209,8004,1,1,4736,14754,1.0,20:14,2015,2016
2015-16,201952,Jeff Teague,Jeff,1610612737,ATL,Atlanta Hawks,21500129,2015-11-13T00:00:00,ATL @ BOS,L,25.2,0.0,0.0,0.0,4.0,9.0,10.0,9.0,28.0,0.0,0.0,1.0,3.0,12.3,1,13074,13074,13074,11493,12059,10158,9917,8599,15771,20509,18829,5824,8004,1,4972,4736,17524,1.0,25:15,2015,2016
2015-16,203897,Zach LaVine,Zach,1610612750,MIN,Minnesota Timberwolves,21500127,2015-11-13T00:00:00,MIN @ IND,L,40.1,2.0,3.0,4.0,10.0,17.0,6.0,19.0,46.0,0.0,0.0,1.0,0.0,40.2,1,13074,13074,13074,706,6026,3104,1913,1840,24337,13237,25435,298,8004,1,4972,18762,2323,1.0,40:05,2015,2016
2015-16,203115,Will Barton,Will,1610612743,DEN,Denver Nuggets,21500136,2015-11-13T00:00:00,DEN vs. HOU,W,30.7,9.0,0.0,4.0,6.0,10.0,6.0,8.0,30.0,0.0,3.0,0.0,4.0,37.5,1,1,1,1,6937,171,10158,1913,5299,17370,13237,17194,4541,8004,25441,1,2748,3050,1.0,30:43,2015,2016
2015-16,203090,Maurice Harkless,Maurice,1610612757,POR,Portland Trail Blazers,21500133,2015-11-13T00:00:00,POR @ MEM,L,22.4,0.0,0.0,2.0,4.0,5.0,6.0,2.0,20.0,0.0,0.0,1.0,2.0,14.1,1,13074,13074,13074,13868,12059,10158,4675,8599,8403,13237,4025,11929,8004,1,4972,7786,16094,1.0,22:22,2015,2016
2015-16,203138,Hollis Thompson,Hollis,1610612755,PHI,Philadelphia 76ers,21500134,2015-11-13T00:00:00,PHI @ OKC,L,21.6,0.0,2.0,0.0,0.0,6.0,6.0,16.0,22.0,0.0,0.0,2.0,1.0,13.7,1,13074,13074,13074,14537,12059,4731,9917,18861,10028,13237,24641,10265,8004,1,11390,12373,16393,1.0,21:34,2015,2016
2015-16,201950,Jrue Holiday,Jrue,1610612740,NOP,New Orleans Pelicans,21500131,2015-11-13T00:00:00,NOP @ TOR,L,21.2,0.0,3.0,3.0,10.0,8.0,6.0,0.0,18.0,0.0,0.0,1.0,3.0,27.5,1,13074,13074,13074,14897,12059,3104,3302,1840,13914,13237,1,13577,8004,1,4972,4736,7137,1.0,21:11,2015,2016
2015-16,203504,Trey Burke,Trey,1610612762,UTA,Utah Jazz,21500128,2015-11-13T00:00:00,UTA @ ORL,L,21.5,4.0,0.0,5.0,6.0,16.0,6.0,3.0,12.0,0.0,2.0,0.0,3.0,22.2,1,13074,13074,13074,14578,2460,10158,1277,5299,23774,13237,7328,18637,8004,23588,1,4736,10263,1.0,21:31,2015,2016
2015-16,202692,Alec Burks,Alec,1610612762,UTA,Utah Jazz,21500128,2015-11-13T00:00:00,UTA @ ORL,L,24.8,2.0,4.0,0.0,0.0,5.0,8.0,3.0,12.0,0.0,1.0,2.0,4.0,16.9,1,13074,13074,13074,11793,6026,1596,9917,18861,8403,17345,7328,18637,8004,17214,11390,2748,13911,1.0,24:51,2015,2016
2015-16,201149,Joakim Noah,Joakim,1610612741,CHI,Chicago Bulls,21500132,2015-11-13T00:00:00,CHI vs. CHA,W,22.9,0.0,3.0,0.0,2.0,2.0,4.0,2.0,8.0,1.0,0.0,3.0,2.0,39.6,1,1,1,1,13480,12059,3104,9917,12984,2619,8458,4025,21543,2692,1,17641,7786,2474,1.0,22:53,2015,2016
2015-16,2744,Al Jefferson,Al,1610612766,CHA,Charlotte Hornets,21500132,2015-11-13T00:00:00,CHA @ CHI,L,30.7,0.0,0.0,0.0,0.0,4.0,4.0,8.0,24.0,0.0,1.0,4.0,2.0,22.5,1,13074,13074,13074,6946,12059,10158,9917,18861,6141,8458,17194,8723,8004,17214,22104,7786,10082,1.0,30:43,2015,2016
2015-16,201581,JJ Hickson,JJ,1610612743,DEN,Denver Nuggets,21500136,2015-11-13T00:00:00,DEN vs. HOU,W,23.1,2.0,6.0,6.0,10.0,9.0,7.0,8.0,20.0,0.0,0.0,4.0,1.0,22.2,1,1,1,1,13283,6026,481,740,1840,15771,15642,17194,11929,8004,1,22104,12373,10263,1.0,23:06,2015,2016
2015-16,1889,Andre Miller,Andre,1610612750,MIN,Minnesota Timberwolves,21500127,2015-11-13T00:00:00,MIN @ IND,L,22.7,4.0,0.0,2.0,4.0,2.0,3.0,10.0,12.0,0.0,1.0,5.0,1.0,22.3,1,13074,13074,13074,13607,2460,10158,4675,8599,2619,7138,20169,18637,8004,17214,24686,12373,10208,1.0,22:42,2015,2016
2015-16,203952,Andrew Wiggins,Andrew,1610612750,MIN,Minnesota Timberwolves,21500127,2015-11-13T00:00:00,MIN @ IND,L,41.6,0.0,2.0,0.0,12.0,17.0,6.0,19.0,46.0,0.0,1.0,3.0,3.0,28.4,1,13074,13074,13074,369,12059,4731,9917,988,24337,13237,25435,298,8004,17214,17641,4736,6663,1.0,41:36,2015,2016
2015-16,201588,George Hill,George,1610612754,IND,Indiana Pacers,21500127,2015-11-13T00:00:00,IND vs. MIN,W,32.4,0.0,0.0,0.0,0.0,6.0,7.0,9.0,36.0,0.0,0.0,1.0,2.0,17.2,1,1,1,1,5552,12059,10158,9917,18861,10028,15642,18829,1943,8004,1,4972,7786,13725,1.0,32:26,2015,2016
2015-16,2585,Zaza Pachulia,Zaza,1610612742,DAL,Dallas Mavericks,21500135,2015-11-13T00:00:00,DAL vs. LAL,W,31.0,0.0,3.0,0.0,8.0,15.0,4.0,11.0,10.0,0.0,1.0,3.0,7.0,38.2,1,1,1,1,6690,12059,3104,9917,3109,23079,8458,21342,20209,8004,17214,17641,469,2854,1.0,31:02,2015,2016
2015-16,201942,DeMar DeRozan,DeMar,1610612761,TOR,Toronto Raptors,21500131,2015-11-13T00:00:00,TOR vs. NOP,W,34.9,3.0,0.0,3.0,8.0,13.0,3.0,9.0,28.0,0.0,0.0,1.0,6.0,39.7,1,1,1,1,3613,4307,10158,3302,3109,21300,7138,18829,5824,8004,1,4972,873,2451,1.0,34:54,2015,2016
2015-16,202330,Gordon Hayward,Gordon,1610612762,UTA,Utah Jazz,21500128,2015-11-13T00:00:00,UTA @ ORL,L,29.7,6.0,0.0,6.0,8.0,12.0,8.0,4.0,12.0,0.0,1.0,2.0,3.0,28.3,1,13074,13074,13074,7834,878,10158,740,3109,20178,17345,8806,18637,8004,17214,11390,4736,6720,1.0,29:40,2015,2016
2015-16,202734,E'Twaun Moore,E'Twaun,1610612741,CHI,Chicago Bulls,21500132,2015-11-13T00:00:00,CHI vs. CHA,W,22.7,2.0,3.0,4.0,6.0,6.0,5.0,4.0,16.0,0.0,0.0,2.0,0.0,17.0,1,1,1,1,13594,6026,3104,1913,5299,10028,11469,8806,15259,8004,1,11390,18762,13855,1.0,22:43,2015,2016
2015-16,101138,Brandon Bass,Brandon,1610612747,LAL,Los Angeles Lakers,21500135,2015-11-13T00:00:00,LAL @ DAL,L,17.9,0.0,5.0,0.0,6.0,10.0,7.0,3.0,10.0,3.0,0.0,2.0,2.0,28.5,1,13074,13074,13074,17561,12059,995,9917,5299,17370,15642,7328,20209,347,1,11390,7786,6613,1.0,17:57,2015,2016
2015-16,202696,Nikola Vučević,Nikola,1610612753,ORL,Orlando Magic,21500128,2015-11-13T00:00:00,ORL vs. UTA,W,29.4,2.0,4.0,0.0,4.0,11.0,6.0,6.0,22.0,1.0,3.0,2.0,1.0,38.3,1,1,1,1,8071,6026,1596,9917,8599,18886,13237,13388,10265,2692,25441,11390,12373,2826,1.0,29:23,2015,2016
2015-16,201572,Brook Lopez,Brook,1610612751,BKN,Brooklyn Nets,21500137,2015-11-13T00:00:00,BKN @ SAC,L,35.7,0.0,3.0,0.0,8.0,16.0,2.0,18.0,28.0,4.0,1.0,5.0,4.0,39.5,1,13074,13074,13074,2954,12059,3104,9917,3109,23774,3734,25228,5824,132,17214,24686,2748,2497,1.0,35:44,2015,2016
2015-16,101114,Deron Williams,Deron,1610612742,DAL,Dallas Mavericks,21500135,2015-11-13T00:00:00,DAL vs. LAL,W,32.8,4.0,6.0,0.0,2.0,15.0,4.0,11.0,12.0,0.0,2.0,1.0,1.0,27.5,1,1,1,1,5301,2460,481,9917,12984,23079,8458,21342,18637,8004,23588,4972,12373,7137,1.0,32:45,2015,2016
2015-16,202087,Alonzo Gee,Alonzo,1610612740,NOP,New Orleans Pelicans,21500131,2015-11-13T00:00:00,NOP @ TOR,L,24.6,0.0,0.0,0.0,0.0,15.0,8.0,5.0,20.0,0.0,1.0,4.0,1.0,13.8,1,13074,13074,13074,11996,12059,10158,9917,18861,23079,17345,11593,11929,8004,17214,22104,12373,16311,1.0,24:38,2015,2016
2015-16,203087,Jeremy Lamb,Jeremy,1610612766,CHA,Charlotte Hornets,21500132,2015-11-13T00:00:00,CHA @ CHI,L,32.0,6.0,3.0,4.0,6.0,9.0,10.0,11.0,24.0,0.0,1.0,2.0,4.0,27.8,1,13074,13074,13074,5883,878,3104,1913,5299,15771,20509,21342,8723,8004,17214,11390,2748,6950,1.0,32:00,2015,2016
2015-16,2749,Jameer Nelson,Jameer,1610612743,DEN,Denver Nuggets,21500136,2015-11-13T00:00:00,DEN vs. HOU,W,27.9,0.0,0.0,1.0,4.0,9.0,4.0,6.0,22.0,0.0,0.0,2.0,4.0,22.5,1,1,1,1,9296,12059,10158,9347,8599,15771,8458,13388,10265,8004,1,11390,2748,10082,1.0,27:55,2015,2016
2015-16,203903,Jordan Clarkson,Jordan,1610612747,LAL,Los Angeles Lakers,21500135,2015-11-13T00:00:00,LAL @ DAL,L,30.9,4.0,2.0,4.0,8.0,12.0,9.0,2.0,18.0,1.0,2.0,2.0,0.0,39.3,1,13074,13074,13074,6775,2460,4731,1913,3109,20178,19144,4025,13577,2692,23588,11390,18762,2563,1.0,30:56,2015,2016
2015-16,202718,Chandler Parsons,Chandler,1610612742,DAL,Dallas Mavericks,21500135,2015-11-13T00:00:00,DAL vs. LAL,W,17.9,0.0,0.0,2.0,4.0,9.0,2.0,8.0,4.0,0.0,0.0,2.0,0.0,13.6,1,1,1,1,17632,12059,10158,4675,8599,15771,3734,17194,23698,8004,1,11390,18762,16460,1.0,17:51,2015,2016
2015-16,2216,Zach Randolph,Zach,1610612763,MEM,Memphis Grizzlies,21500133,2015-11-13T00:00:00,MEM vs. POR,W,28.6,2.0,4.0,0.0,10.0,5.0,6.0,10.0,26.0,0.0,3.0,2.0,2.0,32.1,1,1,1,1,8766,6026,1596,9917,1840,8403,13237,20169,7214,8004,25441,11390,7786,4889,1.0,28:33,2015,2016
2015-16,203521,Matthew Dellavedova,Matthew,1610612739,CLE,Cleveland Cavaliers,21500130,2015-11-13T00:00:00,CLE @ NYK,W,27.6,2.0,2.0,0.0,4.0,2.0,7.0,6.0,14.0,0.0,0.0,2.0,0.0,13.8,1,1,1,1,9507,6026,4731,9917,8599,2619,15642,13388,17019,8004,1,11390,18762,16311,1.0,27:38,2015,2016
2015-16,201152,Thaddeus Young,Thaddeus,1610612751,BKN,Brooklyn Nets,21500137,2015-11-13T00:00:00,BKN @ SAC,L,29.7,6.0,0.0,2.0,10.0,12.0,11.0,14.0,28.0,0.0,0.0,3.0,1.0,32.3,1,13074,13074,13074,7819,878,10158,4675,1840,20178,21814,23710,5824,8004,1,17641,12373,4807,1.0,29:41,2015,2016
2015-16,201960,DeMarre Carroll,DeMarre,1610612761,TOR,Toronto Raptors,21500131,2015-11-13T00:00:00,TOR vs. NOP,W,33.3,0.0,2.0,0.0,8.0,8.0,6.0,7.0,26.0,1.0,1.0,5.0,3.0,22.5,1,1,1,1,4897,12059,4731,9917,3109,13914,13237,15538,7214,2692,17214,24686,4736,10082,1.0,33:17,2015,2016
2015-16,204456,T.J. McConnell,T.J.,1610612755,PHI,Philadelphia 76ers,21500134,2015-11-13T00:00:00,PHI @ OKC,L,33.6,2.0,4.0,0.0,6.0,15.0,11.0,19.0,36.0,0.0,1.0,1.0,0.0,17.3,1,13074,13074,13074,4694,6026,1596,9917,5299,23079,21814,25435,1943,8004,17214,4972,18762,13671,1.0,33:34,2015,2016
2015-16,101139,CJ Miles,CJ,1610612754,IND,Indiana Pacers,21500127,2015-11-13T00:00:00,IND vs. MIN,W,20.6,0.0,0.0,3.0,4.0,6.0,7.0,9.0,26.0,2.0,0.0,0.0,2.0,13.5,1,1,1,1,15371,12059,10158,3302,8599,10028,15642,18829,7214,932,1,1,7786,16552,1.0,20:37,2015,2016
2015-16,203463,Ben McLemore,Ben,1610612758,SAC,Sacramento Kings,21500137,2015-11-13T00:00:00,SAC vs. BKN,W,25.0,2.0,2.0,2.0,4.0,8.0,7.0,9.0,30.0,0.0,0.0,2.0,2.0,22.7,1,1,1,1,11713,6026,4731,4675,8599,13914,15642,18829,4541,8004,1,11390,7786,9938,1.0,24:57,2015,2016
2015-16,101107,Marvin Williams,Marvin,1610612766,CHA,Charlotte Hornets,21500132,2015-11-13T00:00:00,CHA @ CHI,L,34.9,3.0,3.0,0.0,4.0,9.0,5.0,11.0,26.0,1.0,1.0,3.0,2.0,28.0,1,13074,13074,13074,3594,4307,3104,9917,8599,15771,11469,21342,7214,2692,17214,17641,7786,6864,1.0,34:55,2015,2016
2015-16,203095,Evan Fournier,Evan,1610612753,ORL,Orlando Magic,21500128,2015-11-13T00:00:00,ORL vs. UTA,W,37.0,4.0,0.0,5.0,8.0,15.0,9.0,14.0,28.0,0.0,1.0,3.0,4.0,32.0,1,1,1,1,2109,2460,10158,1277,3109,23079,19144,23710,5824,8004,17214,17641,2748,4945,1.0,36:57,2015,2016
2015-16,203486,Mason Plumlee,Mason,1610612757,POR,Portland Trail Blazers,21500133,2015-11-13T00:00:00,POR @ MEM,L,29.5,0.0,2.0,0.0,2.0,6.0,8.0,3.0,24.0,1.0,0.0,5.0,2.0,21.9,1,13074,13074,13074,7940,12059,4731,9917,12984,10028,17345,7328,8723,2692,1,24686,7786,10460,1.0,29:32,2015,2016
2015-16,2594,Kyle Korver,Kyle,1610612737,ATL,Atlanta Hawks,21500129,2015-11-13T00:00:00,ATL @ BOS,L,31.0,0.0,0.0,0.0,0.0,11.0,13.0,11.0,34.0,0.0,0.0,2.0,0.0,14.1,1,13074,13074,13074,6681,12059,10158,9917,18861,18886,23668,21342,2701,8004,1,11390,18762,16094,1.0,31:03,2015,2016
2015-16,202711,Bojan Bogdanović,Bojan,1610612751,BKN,Brooklyn Nets,21500137,2015-11-13T00:00:00,BKN @ SAC,L,33.8,0.0,4.0,4.0,8.0,11.0,7.0,13.0,34.0,0.0,0.0,3.0,1.0,17.6,1,13074,13074,13074,4537,12059,1596,1913,3109,18886,15642,23048,2701,8004,1,17641,12373,13443,1.0,33:46,2015,2016
2015-16,203901,Elfrid Payton,Elfrid,1610612753,ORL,Orlando Magic,21500128,2015-11-13T00:00:00,ORL vs. UTA,W,36.7,4.0,0.0,1.0,2.0,13.0,9.0,9.0,28.0,1.0,0.0,2.0,6.0,32.6,1,1,1,1,2309,2460,10158,9347,12984,21300,19144,18829,5824,2692,1,11390,873,4687,1.0,36:39,2015,2016
2015-16,708,Kevin Garnett,Kevin,1610612750,MIN,Minnesota Timberwolves,21500127,2015-11-13T00:00:00,MIN @ IND,L,14.9,0.0,0.0,0.0,2.0,9.0,4.0,8.0,24.0,0.0,0.0,0.0,0.0,2.4,1,13074,13074,13074,19828,12059,10158,9917,12984,15771,8458,17194,8723,8004,1,1,18762,24024,1.0,14:54,2015,2016
2015-16,202703,Nikola Mirotic,Nikola,1610612741,CHI,Chicago Bulls,21500132,2015-11-13T00:00:00,CHI vs. CHA,W,22.6,0.0,2.0,0.0,0.0,7.0,7.0,2.0,10.0,0.0,0.0,2.0,3.0,17.9,1,1,1,1,13726,12059,4731,9917,18861,12242,15642,4025,20209,8004,1,11390,4736,13229,1.0,22:33,2015,2016
2015-16,200751,Randy Foye,Randy,1610612743,DEN,Denver Nuggets,21500136,2015-11-13T00:00:00,DEN vs. HOU,W,25.7,2.0,0.0,0.0,2.0,10.0,7.0,9.0,26.0,0.0,0.0,1.0,3.0,20.7,1,1,1,1,11131,6026,10158,9917,12984,17370,15642,18829,7214,8004,1,4972,4736,11252,1.0,25:41,2015,2016
2015-16,203094,Andrew Nicholson,Andrew,1610612753,ORL,Orlando Magic,21500128,2015-11-13T00:00:00,ORL vs. UTA,W,3.0,0.0,0.0,0.0,0.0,0.0,3.0,3.0,4.0,1.0,0.0,1.0,0.0,3.0,1,1,1,1,25129,12059,10158,9917,18861,1,7138,7328,23698,2692,1,4972,18762,23648,1.0,2:59,2015,2016
2015-16,201600,Omer Asik,Omer,1610612740,NOP,New Orleans Pelicans,21500131,2015-11-13T00:00:00,NOP @ TOR,L,24.3,0.0,0.0,0.0,0.0,12.0,7.0,4.0,20.0,2.0,3.0,1.0,2.0,16.4,1,13074,13074,13074,12350,12059,10158,9917,18861,20178,15642,8806,11929,932,25441,4972,7786,14289,1.0,24:15,2015,2016
2015-16,203080,Thomas Robinson,Thomas,1610612751,BKN,Brooklyn Nets,21500137,2015-11-13T00:00:00,BKN @ SAC,L,12.2,0.0,0.0,0.0,4.0,0.0,9.0,4.0,16.0,0.0,0.0,4.0,1.0,8.0,1,13074,13074,13074,21445,12059,10158,9917,8599,1,19144,8806,15259,8004,1,22104,12373,20564,1.0,12:10,2015,2016
2015-16,1717,Dirk Nowitzki,Dirk,1610612742,DAL,Dallas Mavericks,21500135,2015-11-13T00:00:00,DAL vs. LAL,W,28.7,4.0,0.0,0.0,4.0,14.0,9.0,13.0,14.0,1.0,0.0,4.0,3.0,18.5,1,1,1,1,8687,2460,10158,9917,8599,22292,19144,23048,17019,2692,1,22104,4736,12794,1.0,28:39,2015,2016
2015-16,201627,Anthony Morrow,Anthony,1610612760,OKC,Oklahoma City Thunder,21500134,2015-11-13T00:00:00,OKC vs. PHI,W,21.1,3.0,0.0,0.0,2.0,5.0,6.0,0.0,18.0,0.0,0.0,2.0,0.0,16.2,1,1,1,1,14960,4307,10158,9917,12984,8403,13237,1,13577,8004,1,11390,18762,14436,1.0,21:07,2015,2016
2015-16,2449,Luis Scola,Luis,1610612761,TOR,Toronto Raptors,21500131,2015-11-13T00:00:00,TOR vs. NOP,W,21.7,3.0,2.0,0.0,2.0,6.0,0.0,5.0,16.0,0.0,0.0,2.0,0.0,12.6,1,1,1,1,14406,4307,4731,9917,12984,10028,1,11593,15259,8004,1,11390,18762,17277,1.0,21:44,2015,2016
2015-16,201150,Spencer Hawes,Spencer,1610612766,CHA,Charlotte Hornets,21500132,2015-11-13T00:00:00,CHA @ CHI,L,17.3,0.0,0.0,0.0,2.0,5.0,8.0,5.0,12.0,0.0,0.0,2.0,0.0,8.3,1,13074,13074,13074,18059,12059,10158,9917,12984,8403,17345,11593,18637,8004,1,11390,18762,20376,1.0,17:17,2015,2016
2015-16,202323,Evan Turner,Evan,1610612738,BOS,Boston Celtics,21500129,2015-11-13T00:00:00,BOS vs. ATL,W,24.2,0.0,2.0,0.0,2.0,4.0,3.0,0.0,18.0,0.0,0.0,3.0,2.0,16.0,1,1,1,1,12370,12059,4731,9917,12984,6141,7138,1,13577,8004,1,17641,7786,14590,1.0,24:13,2015,2016
2015-16,200811,Lou Amundson,Lou,1610612752,NYK,New York Knicks,21500130,2015-11-13T00:00:00,NYK vs. CLE,L,19.7,0.0,0.0,1.0,0.0,4.0,2.0,5.0,8.0,2.0,0.0,2.0,2.0,13.2,1,13074,13074,13074,16118,12059,10158,9347,18861,6141,3734,11593,21543,932,1,11390,7786,16768,1.0,19:45,2015,2016
2015-16,1626143,Jahlil Okafor,Jahlil,1610612755,PHI,Philadelphia 76ers,21500134,2015-11-13T00:00:00,PHI @ OKC,L,29.7,2.0,0.0,0.0,6.0,9.0,7.0,13.0,26.0,3.0,6.0,3.0,1.0,21.2,1,13074,13074,13074,7844,6026,10158,9917,5299,15771,15642,23048,7214,347,26070,17641,12373,10936,1.0,29:39,2015,2016
2015-16,203092,Tyler Zeller,Tyler,1610612738,BOS,Boston Celtics,21500129,2015-11-13T00:00:00,BOS vs. ATL,W,6.3,3.0,0.0,0.0,2.0,2.0,0.0,0.0,6.0,0.0,0.0,0.0,1.0,7.9,1,1,1,1,23834,4307,10158,9917,12984,2619,1,1,22724,8004,1,1,12373,20646,1.0,6:17,2015,2016
2015-16,203960,JaKarr Sampson,JaKarr,1610612755,PHI,Philadelphia 76ers,21500134,2015-11-13T00:00:00,PHI @ OKC,L,19.1,0.0,0.0,0.0,10.0,2.0,5.0,4.0,14.0,0.0,0.0,2.0,1.0,17.9,1,13074,13074,13074,16610,12059,10158,9917,1840,2619,11469,8806,17019,8004,1,11390,12373,13229,1.0,19:07,2015,2016
2015-16,101150,Lou Williams,Lou,1610612747,LAL,Los Angeles Lakers,21500135,2015-11-13T00:00:00,LAL @ DAL,L,28.5,3.0,0.0,5.0,4.0,16.0,11.0,5.0,16.0,0.0,1.0,3.0,4.0,16.0,1,13074,13074,13074,8866,4307,10158,1277,8599,23774,21814,11593,15259,8004,17214,17641,2748,14590,1.0,28:27,2015,2016
2015-16,2440,Matt Barnes,Matt,1610612763,MEM,Memphis Grizzlies,21500133,2015-11-13T00:00:00,MEM vs. POR,W,18.3,3.0,0.0,0.0,0.0,2.0,2.0,4.0,12.0,0.0,0.0,4.0,0.0,12.6,1,1,1,1,17264,4307,10158,9917,18861,2619,3734,8806,18637,8004,1,22104,18762,17277,1.0,18:18,2015,2016
2015-16,1626178,Rondae Hollis-Jefferson,Rondae,1610612751,BKN,Brooklyn Nets,21500137,2015-11-13T00:00:00,BKN @ SAC,L,16.8,0.0,0.0,2.0,4.0,5.0,7.0,13.0,14.0,0.0,0.0,3.0,0.0,12.9,1,13074,13074,13074,18412,12059,10158,4675,8599,8403,15642,23048,17019,8004,1,17641,18762,17049,1.0,16:49,2015,2016
2015-16,203956,Mitch McGary,Mitch,1610612760,OKC,Oklahoma City Thunder,21500134,2015-11-13T00:00:00,OKC vs. PHI,W,1.6,0.0,0.0,1.0,0.0,3.0,0.0,0.0,4.0,0.0,0.0,0.0,1.0,2.5,1,1,1,1,25639,12059,10158,9347,18861,5109,1,1,23698,8004,1,1,12373,24003,1.0,1:38,2015,2016
2015-16,201571,D.J. Augustin,D.J.,1610612760,OKC,Oklahoma City Thunder,21500134,2015-11-13T00:00:00,OKC vs. PHI,W,23.2,0.0,0.0,2.0,4.0,8.0,5.0,3.0,20.0,0.0,0.0,1.0,1.0,12.7,1,1,1,1,13160,12059,10158,4675,8599,13914,11469,7328,11929,8004,1,4972,12373,17201,1.0,23:14,2015,2016
2015-16,1626161,Willie Cauley-Stein,Willie,1610612758,SAC,Sacramento Kings,21500137,2015-11-13T00:00:00,SAC vs. BKN,W,18.1,0.0,0.0,0.0,0.0,10.0,4.0,2.0,20.0,1.0,0.0,0.0,1.0,16.8,1,1,1,1,17473,12059,10158,9917,18861,17370,8458,4025,11929,2692,1,1,12373,13996,1.0,18:04,2015,2016
2015-16,201585,Kosta Koufos,Kosta,1610612758,SAC,Sacramento Kings,21500137,2015-11-13T00:00:00,SAC vs. BKN,W,18.6,0.0,3.0,2.0,4.0,7.0,5.0,9.0,12.0,1.0,1.0,4.0,1.0,18.4,1,1,1,1,17023,12059,3104,4675,8599,12242,11469,18829,18637,2692,17214,22104,12373,12854,1.0,18:35,2015,2016
2015-16,201589,Darrell Arthur,Darrell,1610612743,DEN,Denver Nuggets,21500136,2015-11-13T00:00:00,DEN vs. HOU,W,12.4,0.0,0.0,0.0,0.0,3.0,2.0,2.0,8.0,0.0,0.0,2.0,0.0,8.1,1,1,1,1,21317,12059,10158,9917,18861,5109,3734,4025,21543,8004,1,11390,18762,20521,1.0,12:26,2015,2016
2015-16,1626204,Larry Nance Jr.,Larry,1610612747,LAL,Los Angeles Lakers,21500135,2015-11-13T00:00:00,LAL @ DAL,L,11.4,2.0,2.0,0.0,2.0,6.0,2.0,3.0,6.0,0.0,0.0,0.0,0.0,8.0,1,13074,13074,13074,21883,6026,4731,9917,12984,10028,3734,7328,22724,8004,1,1,18762,20564,1.0,11:23,2015,2016
2015-16,203999,Nikola Jokić,Nikola,1610612743,DEN,Denver Nuggets,21500136,2015-11-13T00:00:00,DEN vs. HOU,W,5.8,0.0,3.0,0.0,2.0,3.0,0.0,2.0,4.0,0.0,0.0,2.0,1.0,8.0,1,1,1,1,24055,12059,3104,9917,12984,5109,1,4025,23698,8004,1,11390,12373,20564,1.0,5:48,2015,2016
2015-16,202407,Elijah Millsap,Elijah,1610612762,UTA,Utah Jazz,21500128,2015-11-13T00:00:00,UTA @ ORL,L,15.9,3.0,0.0,1.0,0.0,8.0,4.0,6.0,12.0,0.0,1.0,3.0,3.0,16.3,1,13074,13074,13074,19151,4307,10158,9347,18861,13914,8458,13388,18637,8004,17214,17641,4736,14372,1.0,15:51,2015,2016
2015-16,202713,Kyle Singler,Kyle,1610612760,OKC,Oklahoma City Thunder,21500134,2015-11-13T00:00:00,OKC vs. PHI,W,15.2,0.0,2.0,0.0,0.0,4.0,7.0,0.0,12.0,1.0,0.0,1.0,1.0,13.0,1,1,1,1,19602,12059,4731,9917,18861,6141,15642,1,18637,2692,1,4972,12373,16969,1.0,15:14,2015,2016
2015-16,202389,Timofey Mozgov,Timofey,1610612739,CLE,Cleveland Cavaliers,21500130,2015-11-13T00:00:00,CLE @ NYK,W,26.6,4.0,2.0,0.0,6.0,5.0,8.0,3.0,12.0,0.0,0.0,1.0,3.0,21.4,1,1,1,1,10338,2460,4731,9917,5299,8403,17345,7328,18637,8004,1,4972,4736,10807,1.0,26:38,2015,2016
2015-16,202730,Lavoy Allen,Lavoy,1610612754,IND,Indiana Pacers,21500127,2015-11-13T00:00:00,IND vs. MIN,W,28.3,4.0,0.0,0.0,2.0,4.0,6.0,2.0,24.0,0.0,0.0,2.0,2.0,20.7,1,1,1,1,9004,2460,10158,9917,12984,6141,13237,4025,8723,8004,1,11390,7786,11252,1.0,28:18,2015,2016
2015-16,2406,Caron Butler,Caron,1610612758,SAC,Sacramento Kings,21500137,2015-11-13T00:00:00,SAC vs. BKN,W,19.0,0.0,0.0,3.0,2.0,12.0,4.0,10.0,24.0,0.0,0.0,0.0,0.0,17.8,1,1,1,1,16697,12059,10158,3302,12984,20178,8458,20169,8723,8004,1,1,18762,13309,1.0,19:00,2015,2016
2015-16,203488,Mike Muscala,Mike,1610612737,ATL,Atlanta Hawks,21500129,2015-11-13T00:00:00,ATL @ BOS,L,5.9,3.0,3.0,0.0,2.0,0.0,3.0,0.0,2.0,0.0,0.0,0.0,4.0,8.5,1,13074,13074,13074,24001,4307,3104,9917,12984,1,7138,1,24614,8004,1,1,2748,20215,1.0,5:54,2015,2016
2015-16,203118,Mike Scott,Mike,1610612737,ATL,Atlanta Hawks,21500129,2015-11-13T00:00:00,ATL @ BOS,L,11.7,0.0,0.0,0.0,2.0,5.0,6.0,0.0,12.0,0.0,0.0,1.0,1.0,7.7,1,13074,13074,13074,21747,12059,10158,9917,12984,8403,13237,1,18637,8004,1,4972,12373,20733,1.0,11:39,2015,2016
2015-16,202391,Jeremy Lin,Jeremy,1610612766,CHA,Charlotte Hornets,21500132,2015-11-13T00:00:00,CHA @ CHI,L,16.6,0.0,0.0,0.0,2.0,7.0,6.0,7.0,10.0,0.0,1.0,2.0,1.0,12.7,1,13074,13074,13074,18617,12059,10158,9917,12984,12242,13237,15538,20209,8004,17214,11390,12373,17201,1.0,16:33,2015,2016
2015-16,201962,Toney Douglas,Toney,1610612740,NOP,New Orleans Pelicans,21500131,2015-11-13T00:00:00,NOP @ TOR,L,15.5,2.0,0.0,2.0,2.0,4.0,5.0,2.0,8.0,0.0,0.0,2.0,1.0,12.5,1,13074,13074,13074,19414,6026,10158,4675,12984,6141,11469,4025,21543,8004,1,11390,12373,17372,1.0,15:29,2015,2016
2015-16,203471,Dennis Schröder,Dennis,1610612737,ATL,Atlanta Hawks,21500129,2015-11-13T00:00:00,ATL @ BOS,L,23.7,1.0,0.0,0.0,4.0,6.0,16.0,2.0,24.0,0.0,2.0,1.0,2.0,20.9,1,13074,13074,13074,12850,11535,10158,9917,8599,10028,25155,4025,8723,8004,23588,4972,7786,11132,1.0,23:40,2015,2016
2015-16,1626168,Trey Lyles,Trey,1610612762,UTA,Utah Jazz,21500128,2015-11-13T00:00:00,UTA @ ORL,L,16.7,0.0,0.0,2.0,6.0,4.0,2.0,1.0,2.0,1.0,0.0,2.0,0.0,13.1,1,13074,13074,13074,18473,12059,10158,4675,5299,6141,3734,3646,24614,2692,1,11390,18762,16874,1.0,16:44,2015,2016
2015-16,1626163,Frank Kaminsky,Frank,1610612766,CHA,Charlotte Hornets,21500132,2015-11-13T00:00:00,CHA @ CHI,L,19.8,2.0,0.0,0.0,2.0,3.0,10.0,2.0,14.0,1.0,0.0,3.0,0.0,13.1,1,13074,13074,13074,16094,6026,10158,9917,12984,5109,20509,4025,17019,2692,1,17641,18762,16874,1.0,19:47,2015,2016
2015-16,2747,JR Smith,JR,1610612739,CLE,Cleveland Cavaliers,21500130,2015-11-13T00:00:00,CLE @ NYK,W,26.8,3.0,2.0,0.0,2.0,5.0,10.0,7.0,12.0,0.0,0.0,0.0,2.0,13.0,1,1,1,1,10220,4307,4731,9917,12984,8403,20509,15538,18637,8004,1,1,7786,16969,1.0,26:46,2015,2016
2015-16,201569,Eric Gordon,Eric,1610612740,NOP,New Orleans Pelicans,21500131,2015-11-13T00:00:00,NOP @ TOR,L,36.3,11.0,1.0,4.0,14.0,17.0,11.0,7.0,28.0,0.0,0.0,2.0,4.0,35.1,1,13074,13074,13074,2579,55,9709,1913,542,24337,21814,15538,5824,8004,1,11390,2748,3777,1.0,36:15,2015,2016
2015-16,201583,Ryan Anderson,Ryan,1610612740,NOP,New Orleans Pelicans,21500131,2015-11-13T00:00:00,NOP @ TOR,L,32.9,0.0,0.0,0.0,2.0,17.0,7.0,7.0,26.0,0.0,1.0,0.0,2.0,14.2,1,13074,13074,13074,5207,12059,10158,9917,12984,24337,15642,15538,7214,8004,17214,1,7786,16003,1.0,32:54,2015,2016
2015-16,202685,Jonas Valančiūnas,Jonas,1610612761,TOR,Toronto Raptors,21500131,2015-11-13T00:00:00,TOR vs. NOP,W,27.8,6.0,5.0,2.0,8.0,10.0,2.0,9.0,24.0,2.0,0.0,3.0,3.0,34.0,1,1,1,1,9404,878,995,4675,3109,17370,3734,18829,8723,932,1,17641,4736,4162,1.0,27:46,2015,2016
2015-16,203459,Allen Crabbe,Allen,1610612757,POR,Portland Trail Blazers,21500133,2015-11-13T00:00:00,POR @ MEM,L,18.3,2.0,0.0,4.0,4.0,7.0,4.0,2.0,14.0,1.0,0.0,1.0,1.0,19.1,1,13074,13074,13074,17303,6026,10158,1913,8599,12242,8458,4025,17019,2692,1,4972,12373,12372,1.0,18:15,2015,2016
2015-16,202335,Patrick Patterson,Patrick,1610612761,TOR,Toronto Raptors,21500131,2015-11-13T00:00:00,TOR vs. NOP,W,22.3,0.0,2.0,0.0,4.0,9.0,6.0,6.0,16.0,0.0,0.0,2.0,0.0,10.2,1,1,1,1,13936,12059,4731,9917,8599,15771,13237,13388,15259,8004,1,11390,18762,19003,1.0,22:16,2015,2016
2015-16,2555,Nick Collison,Nick,1610612760,OKC,Oklahoma City Thunder,21500134,2015-11-13T00:00:00,OKC vs. PHI,W,19.4,2.0,4.0,2.0,4.0,2.0,4.0,0.0,14.0,1.0,1.0,4.0,2.0,19.6,1,1,1,1,16399,6026,1596,4675,8599,2619,8458,1,17019,2692,17214,22104,7786,12024,1.0,19:23,2015,2016
2015-16,101111,Charlie Villanueva,Charlie,1610612742,DAL,Dallas Mavericks,21500135,2015-11-13T00:00:00,DAL vs. LAL,W,14.3,0.0,0.0,0.0,0.0,5.0,4.0,3.0,6.0,0.0,0.0,0.0,0.0,10.1,1,1,1,1,20202,12059,10158,9917,18861,8403,8458,7328,22724,8004,1,1,18762,19105,1.0,14:20,2015,2016
2015-16,101112,Channing Frye,Channing,1610612753,ORL,Orlando Magic,21500128,2015-11-13T00:00:00,ORL vs. UTA,W,23.3,0.0,0.0,0.0,0.0,8.0,4.0,6.0,18.0,0.0,0.0,0.0,4.0,14.5,1,1,1,1,13136,12059,10158,9917,18861,13914,8458,13388,13577,8004,1,1,2748,15799,1.0,23:16,2015,2016
2015-16,202709,Cory Joseph,Cory,1610612761,TOR,Toronto Raptors,21500131,2015-11-13T00:00:00,TOR vs. NOP,W,29.2,4.0,0.0,0.0,0.0,7.0,6.0,4.0,18.0,1.0,0.0,2.0,2.0,19.6,1,1,1,1,8181,2460,10158,9917,18861,12242,13237,8806,13577,2692,1,11390,7786,12024,1.0,29:14,2015,2016
2015-16,2549,Chris Kaman,Chris,1610612757,POR,Portland Trail Blazers,21500133,2015-11-13T00:00:00,POR @ MEM,L,23.7,0.0,2.0,0.0,4.0,10.0,7.0,5.0,26.0,0.0,0.0,3.0,1.0,14.3,1,13074,13074,13074,12833,12059,4731,9917,8599,17370,15642,11593,7214,8004,1,17641,12373,15948,1.0,23:41,2015,2016
2015-16,202684,Tristan Thompson,Tristan,1610612739,CLE,Cleveland Cavaliers,21500130,2015-11-13T00:00:00,CLE @ NYK,W,20.5,0.0,0.0,0.0,2.0,2.0,3.0,6.0,8.0,0.0,1.0,1.0,4.0,19.5,1,1,1,1,15463,12059,10158,9917,12984,2619,7138,13388,21543,8004,17214,4972,2748,12096,1.0,20:31,2015,2016
2015-16,204038,Langston Galloway,Langston,1610612752,NYK,New York Knicks,21500130,2015-11-13T00:00:00,NYK vs. CLE,L,29.0,0.0,2.0,2.0,4.0,8.0,6.0,5.0,22.0,0.0,0.0,5.0,2.0,19.2,1,13074,13074,13074,8410,12059,4731,4675,8599,13914,13237,11593,10265,8004,1,24686,7786,12284,1.0,28:58,2015,2016
2015-16,1626174,Christian Wood,Christian,1610612755,PHI,Philadelphia 76ers,21500134,2015-11-13T00:00:00,PHI @ OKC,L,18.8,8.0,4.0,3.0,6.0,6.0,9.0,8.0,20.0,2.0,0.0,1.0,4.0,33.6,1,13074,13074,13074,16883,308,1596,3302,5299,10028,19144,17194,11929,932,1,4972,2748,4305,1.0,18:47,2015,2016
2015-16,201978,Chase Budinger,Chase,1610612754,IND,Indiana Pacers,21500127,2015-11-13T00:00:00,IND vs. MIN,W,14.9,0.0,0.0,3.0,0.0,2.0,8.0,0.0,18.0,1.0,0.0,1.0,1.0,19.5,1,1,1,1,19841,12059,10158,3302,18861,2619,17345,1,13577,2692,1,4972,12373,12096,1.0,14:53,2015,2016
2015-16,977,Kobe Bryant,Kobe,1610612747,LAL,Los Angeles Lakers,21500135,2015-11-13T00:00:00,LAL @ DAL,L,32.4,7.0,4.0,6.0,0.0,8.0,10.0,2.0,22.0,0.0,0.0,2.0,1.0,23.5,1,13074,13074,13074,5565,548,1596,740,18861,13914,20509,4025,10265,8004,1,11390,12373,9452,1.0,32:25,2015,2016
2015-16,201961,Wayne Ellington,Wayne,1610612751,BKN,Brooklyn Nets,21500137,2015-11-13T00:00:00,BKN @ SAC,L,14.5,2.0,0.0,3.0,0.0,2.0,0.0,4.0,12.0,0.0,0.0,2.0,0.0,14.2,1,13074,13074,13074,20122,6026,10158,3302,18861,2619,1,8806,18637,8004,1,11390,18762,16003,1.0,14:29,2015,2016
2015-16,203926,Doug McDermott,Doug,1610612741,CHI,Chicago Bulls,21500132,2015-11-13T00:00:00,CHI vs. CHA,W,16.5,0.0,0.0,0.0,2.0,5.0,3.0,2.0,8.0,0.0,0.0,1.0,1.0,10.4,1,1,1,1,18662,12059,10158,9917,12984,8403,7138,4025,21543,8004,1,4972,12373,18859,1.0,16:29,2015,2016
2015-16,201167,Arron Afflalo,Arron,1610612752,NYK,New York Knicks,21500130,2015-11-13T00:00:00,NYK vs. CLE,L,29.8,2.0,3.0,2.0,6.0,16.0,2.0,6.0,20.0,0.0,0.0,3.0,1.0,23.6,1,13074,13074,13074,7737,6026,3104,4675,5299,23774,3734,13388,11929,8004,1,17641,12373,9377,1.0,29:47,2015,2016
2015-16,202334,Ed Davis,Ed,1610612757,POR,Portland Trail Blazers,21500133,2015-11-13T00:00:00,POR @ MEM,L,18.5,0.0,2.0,0.0,4.0,9.0,5.0,2.0,16.0,3.0,0.0,1.0,3.0,26.1,1,13074,13074,13074,17121,12059,4731,9917,8599,15771,11469,4025,15259,347,1,4972,4736,7836,1.0,18:28,2015,2016
2015-16,203482,Kelly Olynyk,Kelly,1610612738,BOS,Boston Celtics,21500129,2015-11-13T00:00:00,BOS vs. ATL,W,16.7,0.0,0.0,0.0,4.0,1.0,3.0,2.0,14.0,2.0,0.0,1.0,1.0,26.1,1,1,1,1,18534,12059,10158,9917,8599,2356,7138,4025,17019,932,1,4972,12373,7836,1.0,16:39,2015,2016
2015-16,201568,Danilo Gallinari,Danilo,1610612743,DEN,Denver Nuggets,21500136,2015-11-13T00:00:00,DEN vs. HOU,W,35.5,2.0,2.0,0.0,0.0,10.0,9.0,14.0,28.0,0.0,0.0,3.0,7.0,33.7,1,1,1,1,3106,6026,4731,9917,18861,17370,19144,23710,5824,8004,1,17641,469,4280,1.0,35:33,2015,2016
2015-16,201567,Kevin Love,Kevin,1610612739,CLE,Cleveland Cavaliers,21500130,2015-11-13T00:00:00,CLE @ NYK,W,34.2,3.0,0.0,0.0,2.0,5.0,11.0,5.0,16.0,0.0,2.0,3.0,6.0,23.2,1,1,1,1,4205,4307,10158,9917,12984,8403,21814,11593,15259,8004,23588,17641,873,9630,1.0,34:11,2015,2016
2015-16,202702,Kenneth Faried,Kenneth,1610612743,DEN,Denver Nuggets,21500136,2015-11-13T00:00:00,DEN vs. HOU,W,30.1,6.0,4.0,6.0,12.0,9.0,9.0,12.0,22.0,2.0,4.0,3.0,4.0,34.7,1,1,1,1,7480,878,1596,740,988,15771,19144,22259,10265,932,25926,17641,2748,3935,1.0,30:04,2015,2016
2015-16,2730,Dwight Howard,Dwight,1610612745,HOU,Houston Rockets,21500136,2015-11-13T00:00:00,HOU @ DEN,L,27.7,4.0,2.0,2.0,8.0,20.0,8.0,13.0,26.0,1.0,1.0,5.0,5.0,25.5,1,13074,13074,13074,9482,2460,4731,4675,3109,25338,17345,23048,7214,2692,17214,24686,1539,8230,1.0,27:40,2015,2016
2015-16,203481,Jeff Withey,Jeff,1610612762,UTA,Utah Jazz,21500128,2015-11-13T00:00:00,UTA @ ORL,L,24.4,0.0,2.0,0.0,8.0,6.0,4.0,4.0,12.0,2.0,0.0,2.0,2.0,25.4,1,13074,13074,13074,12241,12059,4731,9917,3109,10028,8458,8806,18637,932,1,11390,7786,8273,1.0,24:22,2015,2016
2015-16,203944,Julius Randle,Julius,1610612747,LAL,Los Angeles Lakers,21500135,2015-11-13T00:00:00,LAL @ DAL,L,30.5,2.0,0.0,0.0,0.0,12.0,11.0,2.0,20.0,1.0,0.0,5.0,2.0,23.0,1,13074,13074,13074,7126,6026,10158,9917,18861,20178,21814,4025,11929,2692,1,24686,7786,9760,1.0,30:28,2015,2016
2015-16,203914,Gary Harris,Gary,1610612743,DEN,Denver Nuggets,21500136,2015-11-13T00:00:00,DEN vs. HOU,W,11.4,3.0,0.0,0.0,0.0,2.0,2.0,5.0,6.0,0.0,1.0,4.0,0.0,9.8,1,1,1,1,21858,4307,10158,9917,18861,2619,3734,11593,22724,8004,17214,22104,18762,19331,1.0,11:26,2015,2016
2015-16,203499,Shane Larkin,Shane,1610612751,BKN,Brooklyn Nets,21500137,2015-11-13T00:00:00,BKN @ SAC,L,15.0,2.0,0.0,2.0,2.0,4.0,2.0,4.0,18.0,0.0,0.0,2.0,2.0,18.9,1,13074,13074,13074,19791,6026,10158,4675,12984,6141,3734,8806,13577,8004,1,11390,7786,12513,1.0,14:57,2015,2016
2015-16,1626156,D'Angelo Russell,D'Angelo,1610612747,LAL,Los Angeles Lakers,21500135,2015-11-13T00:00:00,LAL @ DAL,L,23.6,1.0,0.0,1.0,0.0,4.0,7.0,0.0,12.0,0.0,0.0,3.0,2.0,25.7,1,13074,13074,13074,12884,11535,10158,9347,18861,6141,15642,1,18637,8004,1,17641,7786,8088,1.0,23:37,2015,2016
2015-16,201158,Marco Belinelli,Marco,1610612758,SAC,Sacramento Kings,21500137,2015-11-13T00:00:00,SAC vs. BKN,W,31.3,3.0,2.0,7.0,0.0,7.0,12.0,11.0,28.0,0.0,0.0,1.0,2.0,25.4,1,1,1,1,6498,4307,4731,454,18861,12242,22832,21342,5824,8004,1,4972,7786,8273,1.0,31:16,2015,2016
2015-16,203468,CJ McCollum,CJ,1610612757,POR,Portland Trail Blazers,21500133,2015-11-13T00:00:00,POR @ MEM,L,36.1,2.0,0.0,2.0,6.0,11.0,11.0,3.0,28.0,2.0,0.0,3.0,6.0,34.2,1,13074,13074,13074,2669,6026,10158,4675,5299,18886,21814,7328,5824,932,1,17641,873,4092,1.0,36:06,2015,2016
2015-16,201582,Alexis Ajinca,Alexis,1610612740,NOP,New Orleans Pelicans,21500131,2015-11-13T00:00:00,NOP @ TOR,L,23.8,2.0,0.0,2.0,2.0,9.0,8.0,5.0,12.0,0.0,0.0,5.0,0.0,22.8,1,13074,13074,13074,12778,6026,10158,4675,12984,15771,17345,11593,18637,8004,1,24686,18762,9883,1.0,23:45,2015,2016
2015-16,203917,Nik Stauskas,Nik,1610612755,PHI,Philadelphia 76ers,21500134,2015-11-13T00:00:00,PHI @ OKC,L,29.1,2.0,3.0,0.0,2.0,11.0,11.0,12.0,28.0,0.0,1.0,1.0,2.0,25.3,1,13074,13074,13074,8326,6026,3104,9917,12984,18886,21814,22259,5824,8004,17214,4972,7786,8340,1.0,29:04,2015,2016
2015-16,200757,Thabo Sefolosha,Thabo,1610612737,ATL,Atlanta Hawks,21500129,2015-11-13T00:00:00,ATL @ BOS,L,21.4,0.0,0.0,2.0,8.0,6.0,13.0,2.0,22.0,0.0,1.0,0.0,0.0,19.0,1,13074,13074,13074,14690,12059,10158,4675,3109,10028,23668,4025,10265,8004,17214,1,18762,12440,1.0,21:24,2015,2016
2015-16,203935,Marcus Smart,Marcus,1610612738,BOS,Boston Celtics,21500129,2015-11-13T00:00:00,BOS vs. ATL,W,29.5,0.0,0.0,0.0,2.0,6.0,7.0,4.0,38.0,0.0,0.0,1.0,0.0,10.1,1,1,1,1,7944,12059,10158,9917,12984,10028,15642,8806,1422,8004,1,4972,18762,19105,1.0,29:32,2015,2016
2015-16,2754,Tony Allen,Tony,1610612763,MEM,Memphis Grizzlies,21500133,2015-11-13T00:00:00,MEM vs. POR,W,25.5,0.0,0.0,0.0,0.0,3.0,6.0,8.0,24.0,0.0,1.0,3.0,1.0,10.4,1,1,1,1,11313,12059,10158,9917,18861,5109,13237,17194,8723,8004,17214,17641,12373,18859,1.0,25:29,2015,2016
2015-16,201609,Goran Dragic,Goran,1610612748,MIA,Miami Heat,21500124,2015-11-12T00:00:00,MIA vs. UTA,W,34.7,4.0,0.0,2.0,6.0,12.0,14.0,9.0,40.0,0.0,0.0,0.0,8.0,25.6,1,1,1,1,3744,2460,10158,4675,5299,20178,24300,18829,983,8004,1,1,254,8157,1.0,34:44,2015,2016
2015-16,201601,Luc Mbah a Moute,Luc,1610612746,LAC,LA Clippers,21500126,2015-11-12T00:00:00,LAC @ PHX,L,14.8,2.0,2.0,0.0,4.0,2.0,0.0,5.0,12.0,0.0,1.0,0.0,1.0,14.4,1,13074,13074,13074,19884,6026,4731,9917,8599,2619,1,11593,18637,8004,17214,1,12373,15857,1.0,14:49,2015,2016
2015-16,202693,Markieff Morris,Markieff,1610612756,PHX,Phoenix Suns,21500126,2015-11-12T00:00:00,PHX vs. LAC,W,6.4,0.0,0.0,0.0,2.0,2.0,2.0,3.0,4.0,0.0,0.0,1.0,0.0,10.4,1,1,1,1,23770,12059,10158,9917,12984,2619,3734,7328,23698,8004,1,4972,18762,18859,1.0,6:26,2015,2016
2015-16,201933,Blake Griffin,Blake,1610612746,LAC,LA Clippers,21500126,2015-11-12T00:00:00,LAC @ PHX,L,16.2,4.0,0.0,0.0,6.0,9.0,5.0,7.0,14.0,0.0,0.0,0.0,2.0,23.6,1,13074,13074,13074,18882,2460,10158,9917,5299,15771,11469,15538,17019,8004,1,1,7786,9377,1.0,16:12,2015,2016
2015-16,101106,Andrew Bogut,Andrew,1610612744,GSW,Golden State Warriors,21500125,2015-11-12T00:00:00,GSW @ MIN,W,21.1,0.0,2.0,0.0,4.0,8.0,11.0,2.0,24.0,3.0,0.0,2.0,0.0,25.2,1,1,1,1,15010,12059,4731,9917,8599,13914,21814,4025,8723,347,1,11390,18762,8383,1.0,21:03,2015,2016
2015-16,200782,P.J. Tucker,P.J.,1610612756,PHX,Phoenix Suns,21500126,2015-11-12T00:00:00,PHX vs. LAC,W,31.1,0.0,5.0,0.0,4.0,9.0,10.0,5.0,22.0,0.0,0.0,2.0,0.0,23.2,1,1,1,1,6616,12059,995,9917,8599,15771,20509,11593,10265,8004,1,11390,18762,9630,1.0,31:08,2015,2016
2015-16,203084,Harrison Barnes,Harrison,1610612744,GSW,Golden State Warriors,21500125,2015-11-12T00:00:00,GSW @ MIN,W,34.7,6.0,2.0,0.0,8.0,9.0,24.0,6.0,32.0,1.0,0.0,3.0,1.0,25.3,1,1,1,1,3794,878,4731,9917,3109,15771,26041,13388,3535,2692,1,17641,12373,8340,1.0,34:41,2015,2016
2015-16,202362,Lance Stephenson,Lance,1610612746,LAC,LA Clippers,21500126,2015-11-12T00:00:00,LAC @ PHX,L,30.0,6.0,2.0,4.0,10.0,10.0,4.0,13.0,36.0,1.0,1.0,2.0,1.0,25.0,1,13074,13074,13074,7525,878,4731,1913,1840,17370,8458,23048,1943,2692,17214,11390,12373,8485,1.0,30:01,2015,2016
2015-16,201599,DeAndre Jordan,DeAndre,1610612746,LAC,LA Clippers,21500126,2015-11-12T00:00:00,LAC @ PHX,L,27.0,0.0,4.0,3.0,6.0,12.0,9.0,12.0,32.0,1.0,0.0,1.0,7.0,25.3,1,13074,13074,13074,10015,12059,1596,3302,5299,20178,19144,22259,3535,2692,1,4972,469,8340,1.0,27:00,2015,2016
2015-16,1626159,Justise Winslow,Justise,1610612748,MIA,Miami Heat,21500124,2015-11-12T00:00:00,MIA vs. UTA,W,27.3,0.0,0.0,4.0,4.0,9.0,13.0,6.0,34.0,0.0,3.0,4.0,2.0,14.5,1,1,1,1,9784,12059,10158,1913,8599,15771,23668,13388,2701,8004,25441,22104,7786,15799,1.0,27:17,2015,2016
2015-16,202325,Wesley Johnson,Wesley,1610612746,LAC,LA Clippers,21500126,2015-11-12T00:00:00,LAC @ PHX,L,24.2,3.0,3.0,3.0,0.0,4.0,2.0,7.0,16.0,0.0,0.0,3.0,1.0,19.6,1,13074,13074,13074,12379,4307,3104,3302,18861,6141,3734,15538,15259,8004,1,17641,12373,12024,1.0,24:12,2015,2016
2015-16,203141,Mirza Teletovic,Mirza,1610612756,PHX,Phoenix Suns,21500126,2015-11-12T00:00:00,PHX vs. LAC,W,18.3,0.0,0.0,0.0,0.0,12.0,11.0,4.0,24.0,0.0,0.0,2.0,0.0,14.7,1,1,1,1,17253,12059,10158,9917,18861,20178,21814,8806,8723,8004,1,11390,18762,15631,1.0,18:19,2015,2016
2015-16,203462,Archie Goodwin,Archie,1610612756,PHX,Phoenix Suns,21500126,2015-11-12T00:00:00,PHX vs. LAC,W,7.4,0.0,0.0,0.0,0.0,2.0,4.0,5.0,8.0,0.0,0.0,2.0,0.0,1.2,1,1,1,1,23411,12059,10158,9917,18861,2619,8458,11593,21543,8004,1,11390,18762,24661,1.0,7:26,2015,2016
2015-16,203458,Alex Len,Alex,1610612756,PHX,Phoenix Suns,21500126,2015-11-12T00:00:00,PHX vs. LAC,W,18.9,2.0,0.0,0.0,2.0,11.0,14.0,5.0,16.0,0.0,0.0,2.0,1.0,5.8,1,1,1,1,16820,6026,10158,9917,12984,18886,24300,11593,15259,8004,1,11390,12373,22018,1.0,18:51,2015,2016
2015-16,1626164,Devin Booker,Devin,1610612756,PHX,Phoenix Suns,21500126,2015-11-12T00:00:00,PHX vs. LAC,W,1.1,0.0,0.0,0.0,0.0,0.0,0.0,2.0,4.0,0.0,0.0,0.0,0.0,1.5,1,1,1,1,25841,12059,10158,9917,18861,1,1,4025,23698,8004,1,1,18762,24473,1.0,1:07,2015,2016
2015-16,2757,Beno Udrih,Beno,1610612748,MIA,Miami Heat,21500124,2015-11-12T00:00:00,MIA vs. UTA,W,17.4,0.0,0.0,0.0,0.0,2.0,5.0,4.0,20.0,0.0,0.0,0.0,0.0,6.1,1,1,1,1,17986,12059,10158,9917,18861,2619,11469,8806,11929,8004,1,1,18762,21845,1.0,17:22,2015,2016
2015-16,2755,Kevin Martin,Kevin,1610612750,MIN,Minnesota Timberwolves,21500125,2015-11-12T00:00:00,MIN vs. GSW,L,28.4,2.0,2.0,2.0,6.0,9.0,10.0,10.0,18.0,0.0,0.0,2.0,3.0,28.8,1,13074,13074,13074,8954,6026,4731,4675,5299,15771,20509,20169,13577,8004,1,11390,4736,6465,1.0,28:22,2015,2016
2015-16,1626196,Josh Richardson,Josh,1610612748,MIA,Miami Heat,21500124,2015-11-12T00:00:00,MIA vs. UTA,W,20.8,0.0,0.0,0.0,2.0,3.0,4.0,5.0,18.0,0.0,1.0,4.0,2.0,11.6,1,1,1,1,15257,12059,10158,9917,12984,5109,8458,11593,13577,8004,17214,22104,7786,17970,1.0,20:46,2015,2016
2015-16,2199,Tyson Chandler,Tyson,1610612756,PHX,Phoenix Suns,21500126,2015-11-12T00:00:00,PHX vs. LAC,W,28.0,0.0,0.0,0.0,2.0,8.0,9.0,5.0,24.0,1.0,1.0,3.0,2.0,24.1,1,1,1,1,9239,12059,10158,9917,12984,13914,19144,11593,8723,2692,17214,17641,7786,9068,1.0,27:59,2015,2016
2015-16,202324,Derrick Favors,Derrick,1610612762,UTA,Utah Jazz,21500124,2015-11-12T00:00:00,UTA @ MIA,L,39.8,2.0,7.0,2.0,18.0,9.0,7.0,6.0,30.0,7.0,3.0,3.0,6.0,71.4,1,13074,13074,13074,800,6026,292,4675,131,15771,15642,13388,4541,8,25441,17641,873,36,1.0,39:45,2015,2016
2015-16,2547,Chris Bosh,Chris,1610612748,MIA,Miami Heat,21500124,2015-11-12T00:00:00,MIA vs. UTA,W,36.3,3.0,0.0,0.0,12.0,7.0,12.0,9.0,40.0,4.0,2.0,1.0,7.0,49.6,1,1,1,1,2545,4307,10158,9917,988,12242,22832,18829,983,132,23588,4972,469,798,1.0,36:18,2015,2016
2015-16,202339,Eric Bledsoe,Eric,1610612756,PHX,Phoenix Suns,21500126,2015-11-12T00:00:00,PHX vs. LAC,W,34.7,6.0,2.0,4.0,10.0,10.0,18.0,9.0,36.0,0.0,0.0,4.0,8.0,49.5,1,1,1,1,3826,878,4731,1913,1840,17370,25634,18829,1943,8004,1,22104,254,811,1.0,34:39,2015,2016
2015-16,202688,Brandon Knight,Brandon,1610612756,PHX,Phoenix Suns,21500126,2015-11-12T00:00:00,PHX vs. LAC,W,34.2,3.0,0.0,8.0,10.0,15.0,12.0,5.0,28.0,0.0,1.0,3.0,3.0,44.4,1,1,1,1,4150,4307,10158,280,1840,23079,22832,11593,5824,8004,17214,17641,4736,1474,1.0,34:14,2015,2016
2015-16,201939,Stephen Curry,Stephen,1610612744,GSW,Golden State Warriors,21500125,2015-11-12T00:00:00,GSW @ MIN,W,37.7,9.0,3.0,8.0,6.0,11.0,18.0,10.0,36.0,0.0,0.0,3.0,8.0,61.0,1,1,1,1,1654,171,3104,280,5299,18886,25634,20169,1943,8004,1,17641,254,182,1.0,37:42,2015,2016
2015-16,203110,Draymond Green,Draymond,1610612744,GSW,Golden State Warriors,21500125,2015-11-12T00:00:00,GSW @ MIN,W,35.1,2.0,4.0,0.0,8.0,11.0,16.0,10.0,34.0,2.0,0.0,3.0,6.0,60.6,1,1,1,1,3496,6026,1596,9917,3109,18886,25155,20169,2701,932,1,17641,873,191,1.0,35:03,2015,2016
2015-16,1626168,Trey Lyles,Trey,1610612762,UTA,Utah Jazz,21500124,2015-11-12T00:00:00,UTA @ MIA,L,17.7,0.0,0.0,0.0,2.0,4.0,0.0,4.0,20.0,0.0,0.0,0.0,1.0,7.0,1,13074,13074,13074,17790,12059,10158,9917,12984,6141,1,8806,11929,8004,1,1,12373,21188,1.0,17:39,2015,2016
2015-16,203546,Ian Clark,Ian,1610612744,GSW,Golden State Warriors,21500125,2015-11-12T00:00:00,GSW @ MIN,W,3.7,0.0,3.0,0.0,0.0,2.0,5.0,0.0,4.0,0.0,1.0,2.0,0.0,8.7,1,1,1,1,24849,12059,3104,9917,18861,2619,11469,1,23698,8004,17214,11390,18762,20045,1.0,3:40,2015,2016
2015-16,203949,James Michael McAdoo,James Michael,1610612744,GSW,Golden State Warriors,21500125,2015-11-12T00:00:00,GSW @ MIN,W,2.4,0.0,0.0,0.0,0.0,2.0,0.0,2.0,2.0,0.0,0.0,0.0,0.0,0.0,1,1,1,1,25371,12059,10158,9917,18861,2619,1,4025,24614,8004,1,1,18762,25170,1.0,2:25,2015,2016
2015-16,203940,Adreian Payne,Adreian,1610612750,MIN,Minnesota Timberwolves,21500125,2015-11-12T00:00:00,MIN vs. GSW,L,1.2,0.0,0.0,0.0,0.0,0.0,0.0,0.0,0.0,0.0,0.0,0.0,0.0,0.0,1,13074,13074,13074,25805,12059,10158,9917,18861,1,1,1,25429,8004,1,1,18762,25170,1.0,1:11,2015,2016
2015-16,204060,Joe Ingles,Joe,1610612762,UTA,Utah Jazz,21500124,2015-11-12T00:00:00,UTA @ MIA,L,9.7,0.0,0.0,0.0,0.0,4.0,0.0,4.0,20.0,1.0,0.0,0.0,0.0,5.4,1,13074,13074,13074,22563,12059,10158,9917,18861,6141,1,8806,11929,2692,1,1,18762,22242,1.0,9:41,2015,2016
2015-16,1626145,Tyus Jones,Tyus,1610612750,MIN,Minnesota Timberwolves,21500125,2015-11-12T00:00:00,MIN vs. GSW,L,1.2,0.0,0.0,0.0,0.0,0.0,0.0,0.0,0.0,0.0,0.0,0.0,0.0,0.0,1,13074,13074,13074,25805,12059,10158,9917,18861,1,1,1,25429,8004,1,1,18762,25170,1.0,1:11,2015,2016
2015-16,202332,Cole Aldrich,Cole,1610612746,LAC,LA Clippers,21500126,2015-11-12T00:00:00,LAC @ PHX,L,6.8,0.0,2.0,0.0,2.0,0.0,0.0,3.0,4.0,0.0,0.0,1.0,1.0,6.8,1,13074,13074,13074,23641,12059,4731,9917,12984,1,1,7328,23698,8004,1,4972,12373,21328,1.0,6:47,2015,2016
2015-16,201177,Josh McRoberts,Josh,1610612748,MIA,Miami Heat,21500124,2015-11-12T00:00:00,MIA vs. UTA,W,18.2,0.0,0.0,0.0,0.0,0.0,8.0,2.0,20.0,0.0,0.0,3.0,2.0,8.8,1,1,1,1,17321,12059,10158,9917,18861,1,17345,4025,11929,8004,1,17641,7786,19994,1.0,18:14,2015,2016
2015-16,203526,Raul Neto,Raul,1610612762,UTA,Utah Jazz,21500124,2015-11-12T00:00:00,UTA @ MIA,L,15.8,0.0,0.0,0.0,0.0,4.0,0.0,4.0,10.0,0.0,1.0,4.0,0.0,3.5,1,13074,13074,13074,19230,12059,10158,9917,18861,6141,1,8806,20209,8004,17214,22104,18762,23351,1.0,15:46,2015,2016
2015-16,202344,Trevor Booker,Trevor,1610612762,UTA,Utah Jazz,21500124,2015-11-12T00:00:00,UTA @ MIA,L,16.2,0.0,0.0,0.0,0.0,7.0,7.0,6.0,14.0,1.0,0.0,6.0,1.0,8.6,1,13074,13074,13074,18932,12059,10158,9917,18861,12242,15642,13388,17019,2692,1,25827,12373,20125,1.0,16:09,2015,2016
2015-16,204014,Damjan Rudez,Damjan,1610612750,MIN,Minnesota Timberwolves,21500125,2015-11-12T00:00:00,MIN vs. GSW,L,1.2,0.0,0.0,0.0,0.0,0.0,0.0,0.0,0.0,0.0,0.0,0.0,0.0,0.0,1,13074,13074,13074,25805,12059,10158,9917,18861,1,1,1,25429,8004,1,1,18762,25170,1.0,1:11,2015,2016
2015-16,101179,Ronnie Price,Ronnie,1610612756,PHX,Phoenix Suns,21500126,2015-11-12T00:00:00,PHX vs. LAC,W,4.4,0.0,0.0,0.0,0.0,6.0,0.0,3.0,6.0,0.0,0.0,0.0,0.0,-0.5,1,1,1,1,24581,12059,10158,9917,18861,10028,1,7328,22724,8004,1,1,18762,25908,1.0,4:24,2015,2016
2015-16,2419,Tayshaun Prince,Tayshaun,1610612750,MIN,Minnesota Timberwolves,21500125,2015-11-12T00:00:00,MIN vs. GSW,L,14.1,0.0,2.0,0.0,2.0,9.0,6.0,3.0,14.0,0.0,0.0,1.0,0.0,8.6,1,13074,13074,13074,20363,12059,4731,9917,12984,15771,13237,7328,17019,8004,1,4972,18762,20125,1.0,14:05,2015,2016
2015-16,202353,Tibor Pleiss,Tibor,1610612762,UTA,Utah Jazz,21500124,2015-11-12T00:00:00,UTA @ MIA,L,0.3,0.0,0.0,0.0,0.0,2.0,0.0,2.0,2.0,0.0,0.0,0.0,0.0,0.0,1,13074,13074,13074,26007,12059,10158,9917,18861,2619,1,4025,24614,8004,1,1,18762,25170,1.0,0:16,2015,2016
2015-16,2738,Andre Iguodala,Andre,1610612744,GSW,Golden State Warriors,21500125,2015-11-12T00:00:00,GSW @ MIN,W,29.6,3.0,0.0,0.0,0.0,15.0,18.0,10.0,38.0,0.0,0.0,3.0,0.0,19.8,1,1,1,1,7866,4307,10158,9917,18861,23079,25634,20169,1422,8004,1,17641,18762,11883,1.0,29:37,2015,2016
2015-16,202355,Hassan Whiteside,Hassan,1610612748,MIA,Miami Heat,21500124,2015-11-12T00:00:00,MIA vs. UTA,W,29.3,0.0,5.0,0.0,8.0,10.0,9.0,5.0,28.0,5.0,2.0,3.0,2.0,41.8,1,1,1,1,8121,12059,995,9917,3109,17370,19144,11593,5824,59,23588,17641,7786,1981,1.0,29:18,2015,2016
2015-16,202357,Nemanja Bjelica,Nemanja,1610612750,MIN,Minnesota Timberwolves,21500125,2015-11-12T00:00:00,MIN vs. GSW,L,33.3,0.0,2.0,0.0,4.0,11.0,10.0,12.0,28.0,0.0,0.0,2.0,3.0,26.3,1,13074,13074,13074,4862,12059,4731,9917,8599,18886,20509,22259,5824,8004,1,11390,4736,7733,1.0,33:20,2015,2016
2015-16,2037,Jamal Crawford,Jamal,1610612746,LAC,LA Clippers,21500126,2015-11-12T00:00:00,LAC @ PHX,L,24.8,2.0,3.0,0.0,4.0,9.0,4.0,14.0,24.0,0.0,1.0,2.0,3.0,26.2,1,13074,13074,13074,11828,6026,3104,9917,8599,15771,8458,23710,8723,8004,17214,11390,4736,7785,1.0,24:48,2015,2016
2015-16,203085,Austin Rivers,Austin,1610612746,LAC,LA Clippers,21500126,2015-11-12T00:00:00,LAC @ PHX,L,34.2,0.0,0.0,0.0,6.0,12.0,9.0,17.0,36.0,0.0,0.0,4.0,4.0,15.4,1,13074,13074,13074,4190,12059,10158,9917,5299,20178,19144,24967,1943,8004,1,22104,2748,15066,1.0,34:12,2015,2016
2015-16,202692,Alec Burks,Alec,1610612762,UTA,Utah Jazz,21500124,2015-11-12T00:00:00,UTA @ MIA,L,34.8,5.0,5.0,4.0,10.0,9.0,5.0,8.0,38.0,0.0,2.0,4.0,4.0,30.6,1,13074,13074,13074,3703,1603,995,1913,1840,15771,11469,17194,1422,8004,23588,22104,2748,5574,1.0,34:47,2015,2016
2015-16,2736,Luol Deng,Luol,1610612748,MIA,Miami Heat,21500124,2015-11-12T00:00:00,MIA vs. UTA,W,26.5,4.0,0.0,4.0,4.0,10.0,7.0,9.0,30.0,0.0,0.0,2.0,0.0,15.1,1,1,1,1,10432,2460,10158,1913,8599,17370,15642,18829,4541,8004,1,11390,18762,15328,1.0,26:32,2015,2016
2015-16,1718,Paul Pierce,Paul,1610612746,LAC,LA Clippers,21500126,2015-11-12T00:00:00,LAC @ PHX,L,19.5,0.0,2.0,0.0,2.0,3.0,5.0,9.0,18.0,0.0,0.0,1.0,1.0,15.2,1,13074,13074,13074,16316,12059,4731,9917,12984,5109,11469,18829,13577,8004,1,4972,12373,15219,1.0,19:30,2015,2016
2015-16,203918,Rodney Hood,Rodney,1610612762,UTA,Utah Jazz,21500124,2015-11-12T00:00:00,UTA @ MIA,L,38.4,1.0,3.0,1.0,6.0,6.0,4.0,10.0,36.0,0.0,3.0,3.0,2.0,20.7,1,13074,13074,13074,1307,11535,3104,9347,5299,10028,8458,20169,1943,8004,25441,17641,7786,11252,1.0,38:26,2015,2016
2015-16,202407,Elijah Millsap,Elijah,1610612762,UTA,Utah Jazz,21500124,2015-11-12T00:00:00,UTA @ MIA,L,2.6,0.0,0.0,0.0,0.0,0.0,0.0,0.0,2.0,0.0,0.0,0.0,0.0,2.4,1,13074,13074,13074,25290,12059,10158,9917,18861,1,1,1,24614,8004,1,1,18762,24024,1.0,2:35,2015,2016
2015-16,203897,Zach LaVine,Zach,1610612750,MIN,Minnesota Timberwolves,21500125,2015-11-12T00:00:00,MIN vs. GSW,L,25.5,5.0,6.0,4.0,4.0,14.0,4.0,7.0,30.0,0.0,2.0,2.0,4.0,17.9,1,13074,13074,13074,11265,1603,481,1913,8599,22292,8458,15538,4541,8004,23588,11390,2748,13229,1.0,25:33,2015,2016
2015-16,203504,Trey Burke,Trey,1610612762,UTA,Utah Jazz,21500124,2015-11-12T00:00:00,UTA @ MIA,L,27.1,0.0,0.0,2.0,6.0,7.0,5.0,6.0,28.0,0.0,1.0,1.0,0.0,18.6,1,13074,13074,13074,9965,12059,10158,4675,5299,12242,11469,13388,5824,8004,17214,4972,18762,12715,1.0,27:04,2015,2016
2015-16,201603,Sonny Weems,Sonny,1610612756,PHX,Phoenix Suns,21500126,2015-11-12T00:00:00,PHX vs. LAC,W,5.8,0.0,0.0,0.0,2.0,2.0,7.0,0.0,4.0,0.0,0.0,0.0,0.0,2.5,1,1,1,1,24062,12059,10158,9917,12984,2619,15642,1,23698,8004,1,1,18762,24003,1.0,5:47,2015,2016
2015-16,1889,Andre Miller,Andre,1610612750,MIN,Minnesota Timberwolves,21500125,2015-11-12T00:00:00,MIN vs. GSW,L,21.7,0.0,3.0,0.0,8.0,6.0,12.0,8.0,12.0,0.0,1.0,4.0,1.0,18.6,1,13074,13074,13074,14458,12059,3104,9917,3109,10028,22832,17194,18637,8004,17214,22104,12373,12715,1.0,21:40,2015,2016
2015-16,203933,T.J. Warren,T.J.,1610612756,PHX,Phoenix Suns,21500126,2015-11-12T00:00:00,PHX vs. LAC,W,25.3,0.0,0.0,4.0,8.0,13.0,18.0,7.0,24.0,1.0,0.0,3.0,2.0,21.2,1,1,1,1,11485,12059,10158,1913,3109,21300,25634,15538,8723,2692,1,17641,7786,10936,1.0,25:15,2015,2016
2015-16,708,Kevin Garnett,Kevin,1610612750,MIN,Minnesota Timberwolves,21500125,2015-11-12T00:00:00,MIN vs. GSW,L,11.6,0.0,0.0,0.0,0.0,9.0,4.0,3.0,12.0,0.0,0.0,2.0,1.0,8.0,1,13074,13074,13074,21797,12059,10158,9917,18861,15771,8458,7328,18637,8004,1,11390,12373,20564,1.0,11:33,2015,2016
2015-16,203476,Gorgui Dieng,Gorgui,1610612750,MIN,Minnesota Timberwolves,21500125,2015-11-12T00:00:00,MIN vs. GSW,L,17.8,0.0,3.0,2.0,2.0,6.0,8.0,5.0,10.0,1.0,1.0,0.0,3.0,20.8,1,13074,13074,13074,17694,12059,3104,4675,12984,10028,17345,11593,20209,2692,17214,1,4736,11195,1.0,17:46,2015,2016
2015-16,203498,Shabazz Muhammad,Shabazz,1610612750,MIN,Minnesota Timberwolves,21500125,2015-11-12T00:00:00,MIN vs. GSW,L,19.2,4.0,2.0,4.0,6.0,5.0,8.0,4.0,16.0,0.0,0.0,2.0,4.0,20.8,1,13074,13074,13074,16535,2460,4731,1913,5299,8403,17345,8806,15259,8004,1,11390,2748,11195,1.0,19:12,2015,2016
2015-16,2746,Josh Smith,Josh,1610612746,LAC,LA Clippers,21500126,2015-11-12T00:00:00,LAC @ PHX,L,19.4,2.0,2.0,2.0,4.0,2.0,2.0,4.0,14.0,1.0,0.0,0.0,0.0,14.1,1,13074,13074,13074,16420,6026,4731,4675,8599,2619,3734,8806,17019,2692,1,1,18762,16094,1.0,19:21,2015,2016
2015-16,203952,Andrew Wiggins,Andrew,1610612750,MIN,Minnesota Timberwolves,21500125,2015-11-12T00:00:00,MIN vs. GSW,L,34.7,4.0,2.0,0.0,6.0,17.0,10.0,13.0,38.0,0.0,1.0,1.0,4.0,27.9,1,13074,13074,13074,3770,2460,4731,9917,5299,24337,20509,23048,1422,8004,17214,4972,2748,6914,1.0,34:43,2015,2016
2015-16,2733,Shaun Livingston,Shaun,1610612744,GSW,Golden State Warriors,21500125,2015-11-12T00:00:00,GSW @ MIN,W,22.4,0.0,0.0,2.0,2.0,4.0,16.0,4.0,28.0,0.0,0.0,4.0,2.0,13.7,1,1,1,1,13841,12059,10158,4675,12984,6141,25155,8806,5824,8004,1,22104,7786,16393,1.0,22:23,2015,2016
2015-16,204020,Tyler Johnson,Tyler,1610612748,MIA,Miami Heat,21500124,2015-11-12T00:00:00,MIA vs. UTA,W,29.5,2.0,2.0,2.0,10.0,7.0,13.0,6.0,40.0,2.0,1.0,3.0,0.0,32.3,1,1,1,1,7988,6026,4731,4675,1840,12242,23668,13388,983,932,17214,17641,18762,4807,1.0,29:29,2015,2016
2015-16,202330,Gordon Hayward,Gordon,1610612762,UTA,Utah Jazz,21500124,2015-11-12T00:00:00,UTA @ MIA,L,37.9,4.0,2.0,2.0,12.0,13.0,7.0,10.0,30.0,0.0,1.0,2.0,6.0,39.7,1,13074,13074,13074,1559,2460,4731,4675,988,21300,15642,20169,4541,8004,17214,11390,873,2451,1.0,37:53,2015,2016
2015-16,203105,Festus Ezeli,Festus,1610612744,GSW,Golden State Warriors,21500125,2015-11-12T00:00:00,GSW @ MIN,W,16.0,0.0,2.0,2.0,10.0,0.0,11.0,6.0,16.0,0.0,0.0,4.0,1.0,16.9,1,1,1,1,19017,12059,4731,4675,1840,1,21814,13388,15259,8004,1,22104,12373,13911,1.0,16:01,2015,2016
2015-16,202691,Klay Thompson,Klay,1610612744,GSW,Golden State Warriors,21500125,2015-11-12T00:00:00,GSW @ MIN,W,37.4,0.0,0.0,3.0,4.0,13.0,21.0,10.0,36.0,1.0,0.0,1.0,0.0,22.4,1,1,1,1,1809,12059,10158,3302,8599,21300,25962,20169,1943,2692,1,4972,18762,10131,1.0,37:25,2015,2016
2015-16,1626157,Karl-Anthony Towns,Karl-Anthony,1610612750,MIN,Minnesota Timberwolves,21500125,2015-11-12T00:00:00,MIN vs. GSW,L,30.2,0.0,6.0,0.0,12.0,14.0,8.0,10.0,32.0,0.0,2.0,2.0,2.0,28.2,1,13074,13074,13074,7318,12059,481,9917,988,22292,17345,20169,3535,8004,23588,11390,7786,6778,1.0,30:14,2015,2016
2015-16,203143,Pablo Prigioni,Pablo,1610612746,LAC,LA Clippers,21500126,2015-11-12T00:00:00,LAC @ PHX,L,23.1,0.0,3.0,0.0,0.0,7.0,5.0,4.0,24.0,0.0,0.0,3.0,2.0,22.3,1,13074,13074,13074,13257,12059,3104,9917,18861,12242,11469,8806,8723,8004,1,17641,7786,10208,1.0,23:08,2015,2016
2015-16,202720,Jon Leuer,Jon,1610612756,PHX,Phoenix Suns,21500126,2015-11-12T00:00:00,PHX vs. LAC,W,24.4,3.0,2.0,3.0,6.0,5.0,10.0,7.0,20.0,1.0,1.0,1.0,1.0,28.2,1,1,1,1,12199,4307,4731,3302,5299,8403,20509,15538,11929,2692,17214,4972,12373,6778,1.0,24:25,2015,2016
2015-16,2546,Carmelo Anthony,Carmelo,1610612752,NYK,New York Knicks,21500113,2015-11-11T00:00:00,NYK @ CHA,L,34.7,0.0,0.0,0.0,6.0,16.0,2.0,10.0,26.0,0.0,1.0,2.0,4.0,39.2,1,13074,13074,13074,3794,12059,10158,9917,5299,23774,3734,20169,7214,8004,17214,11390,2748,2590,1.0,34:41,2015,2016
2015-16,203145,Kent Bazemore,Kent,1610612737,ATL,Atlanta Hawks,21500117,2015-11-11T00:00:00,ATL vs. NOP,W,32.1,0.0,0.0,2.0,6.0,10.0,12.0,6.0,26.0,0.0,0.0,3.0,2.0,13.6,1,1,1,1,5785,12059,10158,4675,5299,17370,22832,13388,7214,8004,1,17641,7786,16460,1.0,32:07,2015,2016
2015-16,203084,Harrison Barnes,Harrison,1610612744,GSW,Golden State Warriors,21500120,2015-11-11T00:00:00,GSW @ MEM,W,31.6,6.0,2.0,2.0,10.0,7.0,7.0,6.0,22.0,1.0,2.0,5.0,5.0,38.3,1,1,1,1,6265,878,4731,4675,1840,12242,15642,13388,10265,2692,23588,24686,1539,2826,1.0,31:34,2015,2016
2015-16,1626156,D'Angelo Russell,D'Angelo,1610612747,LAL,Los Angeles Lakers,21500114,2015-11-11T00:00:00,LAL @ ORL,L,31.4,0.0,3.0,2.0,6.0,9.0,13.0,5.0,20.0,1.0,0.0,1.0,1.0,28.7,1,13074,13074,13074,6404,12059,3104,4675,5299,15771,23668,11593,11929,2692,1,4972,12373,6514,1.0,31:23,2015,2016
2015-16,202349,Greivis Vasquez,Greivis,1610612749,MIL,Milwaukee Bucks,21500121,2015-11-11T00:00:00,MIL @ DEN,L,32.8,2.0,0.0,0.0,6.0,15.0,9.0,8.0,32.0,0.0,2.0,1.0,2.0,31.9,1,13074,13074,13074,5252,6026,10158,9917,5299,23079,19144,17194,3535,8004,23588,4972,7786,4984,1.0,32:50,2015,2016
2015-16,201949,James Johnson,James,1610612761,TOR,Toronto Raptors,21500115,2015-11-11T00:00:00,TOR @ PHI,W,30.0,0.0,0.0,0.0,6.0,6.0,2.0,7.0,30.0,1.0,0.0,1.0,2.0,22.5,1,1,1,1,7571,12059,10158,9917,5299,10028,3734,15538,4541,2692,1,4972,7786,10082,1.0,29:58,2015,2016
2015-16,203477,Isaiah Canaan,Isaiah,1610612755,PHI,Philadelphia 76ers,21500115,2015-11-11T00:00:00,PHI vs. TOR,L,28.7,0.0,0.0,6.0,0.0,5.0,12.0,14.0,36.0,0.0,0.0,2.0,1.0,17.5,1,13074,13074,13074,8622,12059,10158,740,18861,8403,22832,23710,1943,8004,1,11390,12373,13528,1.0,28:43,2015,2016
2015-16,101133,Ian Mahinmi,Ian,1610612754,IND,Indiana Pacers,21500116,2015-11-11T00:00:00,IND @ BOS,W,24.7,0.0,0.0,0.0,8.0,8.0,5.0,6.0,24.0,3.0,0.0,4.0,6.0,22.4,1,1,1,1,11941,12059,10158,9917,3109,13914,11469,13388,8723,347,1,22104,873,10131,1.0,24:41,2015,2016
2015-16,202083,Wesley Matthews,Wesley,1610612742,DAL,Dallas Mavericks,21500118,2015-11-11T00:00:00,DAL vs. LAC,W,32.8,2.0,0.0,0.0,4.0,12.0,12.0,6.0,24.0,0.0,0.0,3.0,1.0,38.7,1,1,1,1,5273,6026,10158,9917,8599,20178,22832,13388,8723,8004,1,17641,12373,2717,1.0,32:48,2015,2016
2015-16,201156,Nick Young,Nick,1610612747,LAL,Los Angeles Lakers,21500114,2015-11-11T00:00:00,LAL @ ORL,L,21.2,3.0,0.0,0.0,0.0,16.0,6.0,2.0,14.0,0.0,0.0,1.0,2.0,13.4,1,13074,13074,13074,14862,4307,10158,9917,18861,23774,13237,4025,17019,8004,1,4972,7786,16614,1.0,21:13,2015,2016
2015-16,203894,Shabazz Napier,Shabazz,1610612753,ORL,Orlando Magic,21500114,2015-11-11T00:00:00,ORL vs. LAL,W,30.2,6.0,0.0,0.0,2.0,3.0,4.0,2.0,28.0,0.0,0.0,3.0,1.0,27.5,1,1,1,1,7363,878,10158,9917,12984,5109,8458,4025,5824,8004,1,17641,12373,7137,1.0,30:11,2015,2016
2015-16,1626273,Marcelo Huertas,Marcelo,1610612747,LAL,Los Angeles Lakers,21500114,2015-11-11T00:00:00,LAL @ ORL,L,10.2,0.0,0.0,0.0,0.0,3.0,2.0,0.0,4.0,0.0,0.0,0.0,2.0,17.1,1,13074,13074,13074,22353,12059,10158,9917,18861,5109,3734,1,23698,8004,1,1,7786,13791,1.0,10:11,2015,2016
2015-16,2207,Joe Johnson,Joe,1610612751,BKN,Brooklyn Nets,21500119,2015-11-11T00:00:00,BKN @ HOU,W,37.9,2.0,2.0,0.0,6.0,10.0,10.0,12.0,56.0,0.0,0.0,2.0,3.0,39.4,1,1,1,1,1535,6026,4731,9917,5299,17370,20509,22259,21,8004,1,11390,4736,2530,1.0,37:56,2015,2016
2015-16,2772,Trevor Ariza,Trevor,1610612745,HOU,Houston Rockets,21500119,2015-11-11T00:00:00,HOU vs. BKN,L,32.4,0.0,2.0,0.0,6.0,8.0,22.0,8.0,34.0,0.0,1.0,2.0,1.0,22.4,1,13074,13074,13074,5564,12059,4731,9917,5299,13914,25991,17194,2701,8004,17214,11390,12373,10131,1.0,32:26,2015,2016
2015-16,101109,Raymond Felton,Raymond,1610612742,DAL,Dallas Mavericks,21500118,2015-11-11T00:00:00,DAL vs. LAC,W,30.1,2.0,0.0,2.0,2.0,9.0,13.0,6.0,22.0,0.0,0.0,3.0,3.0,17.6,1,1,1,1,7426,6026,10158,4675,12984,15771,23668,13388,10265,8004,1,17641,4736,13443,1.0,30:07,2015,2016
2015-16,200746,LaMarcus Aldridge,LaMarcus,1610612759,SAS,San Antonio Spurs,21500123,2015-11-11T00:00:00,SAS @ POR,W,34.6,0.0,2.0,0.0,8.0,2.0,10.0,14.0,26.0,1.0,2.0,3.0,3.0,32.2,1,1,1,1,3841,12059,4731,9917,3109,2619,20509,23710,7214,2692,23588,17641,4736,4846,1.0,34:38,2015,2016
2015-16,200752,Rudy Gay,Rudy,1610612758,SAC,Sacramento Kings,21500122,2015-11-11T00:00:00,SAC vs. DET,W,39.4,6.0,5.0,2.0,6.0,11.0,8.0,11.0,32.0,0.0,1.0,2.0,5.0,37.7,1,1,1,1,930,878,995,4675,5299,18886,17345,21342,3535,8004,17214,11390,1539,2990,1.0,39:22,2015,2016
2015-16,202331,Paul George,Paul,1610612754,IND,Indiana Pacers,21500116,2015-11-11T00:00:00,IND @ BOS,W,36.9,5.0,2.0,0.0,8.0,14.0,10.0,5.0,26.0,0.0,1.0,4.0,7.0,39.5,1,1,1,1,2117,1603,4731,9917,3109,22292,20509,11593,7214,8004,17214,22104,469,2497,1.0,36:56,2015,2016
2015-16,1626169,Stanley Johnson,Stanley,1610612765,DET,Detroit Pistons,21500122,2015-11-11T00:00:00,DET @ SAC,L,27.3,2.0,2.0,2.0,6.0,4.0,3.0,3.0,18.0,0.0,0.0,2.0,2.0,22.0,1,13074,13074,13074,9763,6026,4731,4675,5299,6141,7138,7328,13577,8004,1,11390,7786,10388,1.0,27:18,2015,2016
2015-16,201589,Darrell Arthur,Darrell,1610612743,DEN,Denver Nuggets,21500121,2015-11-11T00:00:00,DEN vs. MIL,W,17.7,2.0,0.0,0.0,0.0,8.0,3.0,5.0,10.0,2.0,0.0,2.0,0.0,13.7,1,1,1,1,17755,6026,10158,9917,18861,13914,7138,11593,20209,932,1,11390,18762,16393,1.0,17:42,2015,2016
2015-16,201962,Toney Douglas,Toney,1610612740,NOP,New Orleans Pelicans,21500117,2015-11-11T00:00:00,NOP @ ATL,L,24.3,0.0,0.0,2.0,2.0,9.0,8.0,4.0,30.0,0.0,1.0,1.0,0.0,22.2,1,13074,13074,13074,12315,12059,10158,4675,12984,15771,17345,8806,4541,8004,17214,4972,18762,10263,1.0,24:17,2015,2016
2015-16,203901,Elfrid Payton,Elfrid,1610612753,ORL,Orlando Magic,21500114,2015-11-11T00:00:00,ORL vs. LAL,W,28.6,0.0,0.0,2.0,2.0,2.0,9.0,7.0,28.0,0.0,3.0,1.0,2.0,28.0,1,1,1,1,8699,12059,10158,4675,12984,2619,19144,15538,5824,8004,25441,4972,7786,6864,1.0,28:38,2015,2016
2015-16,203085,Austin Rivers,Austin,1610612746,LAC,LA Clippers,21500118,2015-11-11T00:00:00,LAC @ DAL,L,26.9,4.0,2.0,2.0,8.0,10.0,6.0,6.0,12.0,0.0,0.0,0.0,1.0,32.7,1,13074,13074,13074,10065,2460,4731,4675,3109,17370,13237,13388,18637,8004,1,1,12373,4649,1.0,26:56,2015,2016
2015-16,2225,Tony Parker,Tony,1610612759,SAS,San Antonio Spurs,21500123,2015-11-11T00:00:00,SAS @ POR,W,29.7,0.0,0.0,2.0,10.0,2.0,12.0,10.0,20.0,0.0,0.0,3.0,1.0,22.7,1,1,1,1,7806,12059,10158,4675,1840,2619,22832,20169,11929,8004,1,17641,12373,9938,1.0,29:42,2015,2016
2015-16,202397,Ish Smith,Ish,1610612740,NOP,New Orleans Pelicans,21500117,2015-11-11T00:00:00,NOP @ ATL,L,38.7,0.0,5.0,2.0,12.0,20.0,10.0,15.0,36.0,0.0,1.0,0.0,0.0,39.0,1,13074,13074,13074,1169,12059,995,4675,988,25338,20509,24242,1943,8004,17214,1,18762,2642,1.0,38:44,2015,2016
2015-16,201587,Nicolas Batum,Nicolas,1610612766,CHA,Charlotte Hornets,21500113,2015-11-11T00:00:00,CHA vs. NYK,W,36.4,8.0,0.0,8.0,10.0,2.0,4.0,2.0,18.0,0.0,0.0,0.0,4.0,32.5,1,1,1,1,2509,308,10158,280,1840,2619,8458,4025,13577,8004,1,1,2748,4726,1.0,36:21,2015,2016
2015-16,203124,Kyle O'Quinn,Kyle,1610612752,NYK,New York Knicks,21500113,2015-11-11T00:00:00,NYK @ CHA,L,11.6,0.0,0.0,2.0,0.0,4.0,6.0,2.0,6.0,1.0,0.0,3.0,1.0,17.7,1,13074,13074,13074,21784,12059,10158,4675,18861,6141,13237,4025,22724,2692,1,17641,12373,13380,1.0,11:35,2015,2016
2015-16,1626144,Emmanuel Mudiay,Emmanuel,1610612743,DEN,Denver Nuggets,21500121,2015-11-11T00:00:00,DEN vs. MIL,W,35.3,2.0,0.0,4.0,4.0,19.0,12.0,12.0,42.0,0.0,1.0,1.0,6.0,38.1,1,1,1,1,3310,6026,10158,1913,8599,25074,22832,22259,670,8004,17214,4972,873,2879,1.0,35:18,2015,2016
2015-16,2564,Boris Diaw,Boris,1610612759,SAS,San Antonio Spurs,21500123,2015-11-11T00:00:00,SAS @ POR,W,17.7,2.0,0.0,0.0,6.0,4.0,9.0,7.0,16.0,0.0,0.0,2.0,0.0,17.0,1,1,1,1,17722,6026,10158,9917,5299,6141,19144,15538,15259,8004,1,11390,18762,13855,1.0,17:44,2015,2016
2015-16,203095,Evan Fournier,Evan,1610612753,ORL,Orlando Magic,21500114,2015-11-11T00:00:00,ORL vs. LAL,W,42.1,6.0,0.0,3.0,6.0,5.0,11.0,7.0,40.0,0.0,1.0,4.0,3.0,32.0,1,1,1,1,296,878,10158,3302,5299,8403,21814,15538,983,8004,17214,22104,4736,4945,1.0,42:07,2015,2016
2015-16,200745,Andrea Bargnani,Andrea,1610612751,BKN,Brooklyn Nets,21500119,2015-11-11T00:00:00,BKN @ HOU,W,16.9,0.0,0.0,0.0,2.0,4.0,4.0,6.0,22.0,1.0,1.0,2.0,1.0,13.9,1,1,1,1,18358,12059,10158,9917,12984,6141,8458,13388,10265,2692,17214,11390,12373,16232,1.0,16:53,2015,2016
2015-16,201942,DeMar DeRozan,DeMar,1610612761,TOR,Toronto Raptors,21500115,2015-11-11T00:00:00,TOR @ PHI,W,27.4,0.0,0.0,3.0,2.0,6.0,2.0,5.0,34.0,0.0,1.0,1.0,5.0,21.8,1,1,1,1,9695,12059,10158,3302,12984,10028,3734,11593,2701,8004,17214,4972,1539,10526,1.0,27:24,2015,2016
2015-16,201569,Eric Gordon,Eric,1610612740,NOP,New Orleans Pelicans,21500117,2015-11-11T00:00:00,NOP @ ATL,L,31.5,2.0,6.0,2.0,12.0,17.0,3.0,11.0,28.0,0.0,2.0,4.0,4.0,38.1,1,13074,13074,13074,6315,6026,481,4675,988,24337,7138,21342,5824,8004,23588,22104,2748,2879,1.0,31:30,2015,2016
2015-16,101141,Ersan Ilyasova,Ersan,1610612765,DET,Detroit Pistons,21500122,2015-11-11T00:00:00,DET @ SAC,L,16.9,0.0,0.0,0.0,2.0,6.0,7.0,6.0,14.0,1.0,0.0,4.0,2.0,13.9,1,13074,13074,13074,18332,12059,10158,9917,12984,10028,15642,13388,17019,2692,1,22104,7786,16232,1.0,16:55,2015,2016
2015-16,2216,Zach Randolph,Zach,1610612763,MEM,Memphis Grizzlies,21500120,2015-11-11T00:00:00,MEM vs. GSW,L,30.5,6.0,5.0,2.0,10.0,23.0,8.0,12.0,26.0,0.0,1.0,5.0,6.0,27.4,1,13074,13074,13074,7126,878,995,4675,1840,25803,17345,22259,7214,8004,17214,24686,873,7179,1.0,30:28,2015,2016
2015-16,201168,Tiago Splitter,Tiago,1610612737,ATL,Atlanta Hawks,21500117,2015-11-11T00:00:00,ATL vs. NOP,W,18.6,2.0,0.0,0.0,8.0,5.0,6.0,4.0,10.0,1.0,0.0,3.0,0.0,19.1,1,1,1,1,17052,6026,10158,9917,3109,8403,13237,8806,20209,2692,1,17641,18762,12372,1.0,18:33,2015,2016
2015-16,202325,Wesley Johnson,Wesley,1610612746,LAC,LA Clippers,21500118,2015-11-11T00:00:00,LAC @ DAL,L,13.0,0.0,0.0,0.0,0.0,4.0,4.0,4.0,6.0,0.0,0.0,1.0,1.0,9.7,1,13074,13074,13074,20974,12059,10158,9917,18861,6141,8458,8806,22724,8004,1,4972,12373,19379,1.0,13:00,2015,2016
2015-16,2754,Tony Allen,Tony,1610612763,MEM,Memphis Grizzlies,21500120,2015-11-11T00:00:00,MEM vs. GSW,L,23.7,6.0,2.0,2.0,6.0,4.0,8.0,7.0,22.0,1.0,1.0,2.0,2.0,25.8,1,13074,13074,13074,12804,878,4731,4675,5299,6141,17345,15538,10265,2692,17214,11390,7786,8022,1.0,23:43,2015,2016
2015-16,203486,Mason Plumlee,Mason,1610612757,POR,Portland Trail Blazers,21500123,2015-11-11T00:00:00,POR vs. SAS,L,30.2,0.0,4.0,2.0,4.0,6.0,0.0,2.0,30.0,1.0,1.0,2.0,3.0,34.8,1,13074,13074,13074,7336,12059,1596,4675,8599,10028,1,4025,4541,2692,17214,11390,4736,3891,1.0,30:13,2015,2016
2015-16,1626161,Willie Cauley-Stein,Willie,1610612758,SAC,Sacramento Kings,21500122,2015-11-11T00:00:00,SAC vs. DET,W,16.1,0.0,0.0,2.0,4.0,4.0,4.0,3.0,10.0,1.0,0.0,2.0,0.0,15.0,1,1,1,1,18971,12059,10158,4675,8599,6141,8458,7328,20209,2692,1,11390,18762,15404,1.0,16:05,2015,2016
2015-16,203110,Draymond Green,Draymond,1610612744,GSW,Golden State Warriors,21500120,2015-11-11T00:00:00,GSW @ MEM,W,28.0,0.0,4.0,0.0,2.0,16.0,4.0,4.0,20.0,2.0,1.0,6.0,4.0,23.2,1,1,1,1,9211,12059,1596,9917,12984,23774,8458,8806,11929,932,17214,25827,2748,9630,1.0,28:01,2015,2016
2015-16,201945,Gerald Henderson,Gerald,1610612757,POR,Portland Trail Blazers,21500123,2015-11-11T00:00:00,POR vs. SAS,L,17.7,0.0,4.0,0.0,6.0,4.0,4.0,2.0,24.0,0.0,1.0,1.0,1.0,14.4,1,13074,13074,13074,17790,12059,1596,9917,5299,6141,8458,4025,8723,8004,17214,4972,12373,15857,1.0,17:39,2015,2016
2015-16,203089,John Henson,John,1610612749,MIL,Milwaukee Bucks,21500121,2015-11-11T00:00:00,MIL @ DEN,L,15.4,0.0,0.0,0.0,4.0,15.0,7.0,4.0,14.0,1.0,2.0,2.0,0.0,9.9,1,13074,13074,13074,19474,12059,10158,9917,8599,23079,15642,8806,17019,2692,23588,11390,18762,19247,1.0,15:24,2015,2016
2015-16,2449,Luis Scola,Luis,1610612761,TOR,Toronto Raptors,21500115,2015-11-11T00:00:00,TOR @ PHI,W,18.6,4.0,2.0,4.0,12.0,0.0,2.0,0.0,20.0,1.0,0.0,4.0,0.0,33.5,1,1,1,1,17052,2460,4731,1913,988,1,3734,1,11929,2692,1,22104,18762,4348,1.0,18:33,2015,2016
2015-16,201573,Jerryd Bayless,Jerryd,1610612749,MIL,Milwaukee Bucks,21500121,2015-11-11T00:00:00,MIL @ DEN,L,28.4,10.0,6.0,7.0,8.0,11.0,5.0,8.0,30.0,0.0,1.0,4.0,4.0,33.4,1,13074,13074,13074,8894,99,481,454,3109,18886,11469,17194,4541,8004,17214,22104,2748,4384,1.0,28:25,2015,2016
2015-16,202328,Greg Monroe,Greg,1610612749,MIL,Milwaukee Bucks,21500121,2015-11-11T00:00:00,MIL @ DEN,L,32.6,2.0,4.0,0.0,18.0,6.0,4.0,10.0,32.0,0.0,1.0,2.0,1.0,34.0,1,13074,13074,13074,5424,6026,1596,9917,131,10028,8458,20169,3535,8004,17214,11390,12373,4162,1.0,32:36,2015,2016
2015-16,101112,Channing Frye,Channing,1610612753,ORL,Orlando Magic,21500114,2015-11-11T00:00:00,ORL vs. LAL,W,16.2,2.0,4.0,2.0,6.0,0.0,4.0,0.0,8.0,1.0,0.0,1.0,0.0,26.0,1,1,1,1,18932,6026,1596,4675,5299,1,8458,1,21543,2692,1,4972,18762,7910,1.0,16:09,2015,2016
2015-16,203087,Jeremy Lamb,Jeremy,1610612766,CHA,Charlotte Hornets,21500113,2015-11-11T00:00:00,CHA vs. NYK,W,23.7,8.0,2.0,0.0,8.0,2.0,8.0,4.0,14.0,0.0,0.0,0.0,1.0,23.8,1,1,1,1,12818,308,4731,9917,3109,2619,17345,8806,17019,8004,1,1,12373,9261,1.0,23:43,2015,2016
2015-16,2581,Steve Blake,Steve,1610612765,DET,Detroit Pistons,21500122,2015-11-11T00:00:00,DET @ SAC,L,15.3,0.0,0.0,0.0,0.0,4.0,0.0,5.0,12.0,0.0,0.0,0.0,0.0,14.9,1,13074,13074,13074,19549,12059,10158,9917,18861,6141,1,11593,18637,8004,1,1,18762,15463,1.0,15:19,2015,2016
2015-16,201568,Danilo Gallinari,Danilo,1610612743,DEN,Denver Nuggets,21500121,2015-11-11T00:00:00,DEN vs. MIL,W,37.6,5.0,2.0,0.0,2.0,21.0,12.0,14.0,46.0,0.0,1.0,0.0,6.0,34.9,1,1,1,1,1719,1603,4731,9917,12984,25535,22832,23710,298,8004,17214,1,873,3845,1.0,37:34,2015,2016
2015-16,101145,Monta Ellis,Monta,1610612754,IND,Indiana Pacers,21500116,2015-11-11T00:00:00,IND @ BOS,W,35.0,3.0,0.0,2.0,4.0,14.0,10.0,5.0,26.0,0.0,1.0,3.0,5.0,34.4,1,1,1,1,3509,4307,10158,4675,8599,22292,20509,11593,7214,8004,17214,17641,1539,4029,1.0,35:02,2015,2016
2015-16,201941,Jordan Hill,Jordan,1610612754,IND,Indiana Pacers,21500116,2015-11-11T00:00:00,IND @ BOS,W,22.7,0.0,5.0,0.0,10.0,10.0,5.0,3.0,18.0,0.0,0.0,2.0,2.0,26.1,1,1,1,1,13642,12059,995,9917,1840,17370,11469,7328,13577,8004,1,11390,7786,7836,1.0,22:39,2015,2016
2015-16,201980,Danny Green,Danny,1610612759,SAS,San Antonio Spurs,21500123,2015-11-11T00:00:00,SAS @ POR,W,30.7,0.0,2.0,0.0,2.0,6.0,12.0,10.0,22.0,0.0,0.0,2.0,1.0,18.8,1,1,1,1,6950,12059,4731,9917,12984,10028,22832,20169,10265,8004,1,11390,12373,12588,1.0,30:42,2015,2016
2015-16,202087,Alonzo Gee,Alonzo,1610612740,NOP,New Orleans Pelicans,21500117,2015-11-11T00:00:00,NOP @ ATL,L,29.6,5.0,0.0,2.0,4.0,15.0,8.0,4.0,38.0,0.0,0.0,5.0,0.0,10.2,1,13074,13074,13074,7866,1603,10158,4675,8599,23079,17345,8806,1422,8004,1,24686,18762,19003,1.0,29:37,2015,2016
2015-16,203109,Jae Crowder,Jae,1610612738,BOS,Boston Celtics,21500116,2015-11-11T00:00:00,BOS vs. IND,L,26.3,0.0,0.0,0.0,0.0,6.0,4.0,11.0,30.0,0.0,0.0,5.0,2.0,25.0,1,13074,13074,13074,10593,12059,10158,9917,18861,10028,8458,21342,4541,8004,1,24686,7786,8485,1.0,26:18,2015,2016
2015-16,200826,J.J. Barea,J.J.,1610612742,DAL,Dallas Mavericks,21500118,2015-11-11T00:00:00,DAL vs. LAC,W,15.6,0.0,0.0,0.0,0.0,11.0,4.0,4.0,12.0,0.0,1.0,1.0,1.0,9.7,1,1,1,1,19322,12059,10158,9917,18861,18886,8458,8806,18637,8004,17214,4972,12373,19379,1.0,15:38,2015,2016
2015-16,203798,PJ Hairston,PJ,1610612766,CHA,Charlotte Hornets,21500113,2015-11-11T00:00:00,CHA vs. NYK,W,25.9,0.0,0.0,0.0,0.0,2.0,4.0,2.0,16.0,1.0,0.0,3.0,1.0,14.6,1,1,1,1,10967,12059,10158,9917,18861,2619,8458,4025,15259,2692,1,17641,12373,15699,1.0,25:51,2015,2016
2015-16,201951,Ty Lawson,Ty,1610612745,HOU,Houston Rockets,21500119,2015-11-11T00:00:00,HOU vs. BKN,L,37.6,2.0,0.0,2.0,6.0,8.0,29.0,8.0,34.0,0.0,4.0,1.0,1.0,25.3,1,13074,13074,13074,1710,6026,10158,4675,5299,13914,26071,17194,2701,8004,25926,4972,12373,8340,1.0,37:35,2015,2016
2015-16,101161,Amir Johnson,Amir,1610612738,BOS,Boston Celtics,21500116,2015-11-11T00:00:00,BOS vs. IND,L,13.9,0.0,2.0,2.0,6.0,2.0,2.0,4.0,16.0,1.0,1.0,1.0,2.0,14.9,1,13074,13074,13074,20480,12059,4731,4675,5299,2619,3734,8806,15259,2692,17214,4972,7786,15463,1.0,13:53,2015,2016
2015-16,202695,Kawhi Leonard,Kawhi,1610612759,SAS,San Antonio Spurs,21500123,2015-11-11T00:00:00,SAS @ POR,W,34.8,2.0,0.0,0.0,6.0,2.0,12.0,14.0,26.0,0.0,0.0,3.0,3.0,34.9,1,1,1,1,3675,6026,10158,9917,5299,2619,22832,23710,7214,8004,1,17641,4736,3845,1.0,34:49,2015,2016
2015-16,1626163,Frank Kaminsky,Frank,1610612766,CHA,Charlotte Hornets,21500113,2015-11-11T00:00:00,CHA vs. NYK,W,9.5,2.0,0.0,0.0,2.0,0.0,2.0,0.0,8.0,0.0,0.0,0.0,1.0,14.9,1,1,1,1,22620,6026,10158,9917,12984,1,3734,1,21543,8004,1,1,12373,15463,1.0,9:31,2015,2016
2015-16,202689,Kemba Walker,Kemba,1610612766,CHA,Charlotte Hornets,21500113,2015-11-11T00:00:00,CHA vs. NYK,W,27.3,2.0,0.0,2.0,2.0,2.0,4.0,2.0,16.0,0.0,2.0,0.0,4.0,18.9,1,1,1,1,9781,6026,10158,4675,12984,2619,8458,4025,15259,8004,23588,1,2748,12513,1.0,27:17,2015,2016
2015-16,203960,JaKarr Sampson,JaKarr,1610612755,PHI,Philadelphia 76ers,21500115,2015-11-11T00:00:00,PHI vs. TOR,L,26.9,0.0,2.0,2.0,8.0,13.0,10.0,16.0,26.0,1.0,1.0,2.0,1.0,19.2,1,13074,13074,13074,10081,12059,4731,4675,3109,21300,20509,24641,7214,2692,17214,11390,12373,12284,1.0,26:56,2015,2016
2015-16,201579,Roy Hibbert,Roy,1610612747,LAL,Los Angeles Lakers,21500114,2015-11-11T00:00:00,LAL @ ORL,L,29.0,0.0,4.0,0.0,8.0,11.0,13.0,4.0,20.0,3.0,0.0,0.0,4.0,33.7,1,13074,13074,13074,8355,12059,1596,9917,3109,18886,23668,8806,11929,347,1,1,2748,4280,1.0,29:01,2015,2016
2015-16,101135,David Lee,David,1610612738,BOS,Boston Celtics,21500116,2015-11-11T00:00:00,BOS vs. IND,L,15.8,2.0,3.0,0.0,8.0,6.0,10.0,5.0,14.0,0.0,0.0,2.0,4.0,19.2,1,13074,13074,13074,19193,6026,3104,9917,3109,10028,20509,11593,17019,8004,1,11390,2748,12284,1.0,15:48,2015,2016
2015-16,1626170,Jerian Grant,Jerian,1610612752,NYK,New York Knicks,21500113,2015-11-11T00:00:00,NYK @ CHA,L,18.7,2.0,0.0,0.0,2.0,11.0,6.0,2.0,14.0,0.0,1.0,3.0,1.0,14.9,1,13074,13074,13074,16918,6026,10158,9917,12984,18886,13237,4025,17019,8004,17214,17641,12373,15463,1.0,18:44,2015,2016
2015-16,202329,Al-Farouq Aminu,Al-Farouq,1610612757,POR,Portland Trail Blazers,21500123,2015-11-11T00:00:00,POR vs. SAS,L,32.7,0.0,0.0,6.0,2.0,6.0,0.0,2.0,28.0,1.0,0.0,2.0,1.0,23.6,1,13074,13074,13074,5312,12059,10158,740,12984,10028,1,4025,5824,2692,1,11390,12373,9377,1.0,32:44,2015,2016
2015-16,202323,Evan Turner,Evan,1610612738,BOS,Boston Celtics,21500116,2015-11-11T00:00:00,BOS vs. IND,L,32.9,6.0,0.0,4.0,10.0,13.0,9.0,6.0,34.0,2.0,1.0,2.0,3.0,35.1,1,13074,13074,13074,5197,878,10158,1913,1840,21300,19144,13388,2701,932,17214,11390,4736,3777,1.0,32:55,2015,2016
2015-16,202691,Klay Thompson,Klay,1610612744,GSW,Golden State Warriors,21500120,2015-11-11T00:00:00,GSW @ MEM,W,34.6,2.0,2.0,0.0,0.0,17.0,4.0,6.0,22.0,2.0,1.0,3.0,1.0,25.4,1,1,1,1,3855,6026,4731,9917,18861,24337,8458,13388,10265,932,17214,17641,12373,8273,1.0,34:37,2015,2016
2015-16,203935,Marcus Smart,Marcus,1610612738,BOS,Boston Celtics,21500116,2015-11-11T00:00:00,BOS vs. IND,L,21.5,4.0,3.0,0.0,2.0,11.0,10.0,2.0,20.0,0.0,0.0,4.0,7.0,14.2,1,13074,13074,13074,14625,2460,3104,9917,12984,18886,20509,4025,11929,8004,1,22104,469,16003,1.0,21:28,2015,2016
2015-16,202704,Reggie Jackson,Reggie,1610612765,DET,Detroit Pistons,21500122,2015-11-11T00:00:00,DET @ SAC,L,32.7,5.0,0.0,4.0,6.0,11.0,7.0,6.0,26.0,0.0,0.0,2.0,4.0,23.3,1,13074,13074,13074,5350,1603,10158,1913,5299,18886,15642,13388,7214,8004,1,11390,2748,9567,1.0,32:41,2015,2016
2015-16,203210,JaMychal Green,JaMychal,1610612763,MEM,Memphis Grizzlies,21500120,2015-11-11T00:00:00,MEM vs. GSW,L,25.3,3.0,2.0,0.0,4.0,19.0,0.0,11.0,16.0,2.0,1.0,4.0,2.0,25.8,1,13074,13074,13074,11473,4307,4731,9917,8599,25074,1,21342,15259,932,17214,22104,7786,8022,1.0,25:16,2015,2016
2015-16,201599,DeAndre Jordan,DeAndre,1610612746,LAC,LA Clippers,21500118,2015-11-11T00:00:00,LAC @ DAL,L,27.1,3.0,2.0,0.0,6.0,10.0,2.0,7.0,14.0,1.0,0.0,5.0,8.0,23.2,1,13074,13074,13074,9963,4307,4731,9917,5299,17370,3734,15538,17019,2692,1,24686,254,9630,1.0,27:04,2015,2016
2015-16,203932,Aaron Gordon,Aaron,1610612753,ORL,Orlando Magic,21500114,2015-11-11T00:00:00,ORL vs. LAL,W,15.8,0.0,3.0,0.0,0.0,5.0,2.0,2.0,16.0,0.0,0.0,2.0,1.0,10.5,1,1,1,1,19160,12059,3104,9917,18861,8403,3734,4025,15259,8004,1,11390,12373,18808,1.0,15:50,2015,2016
2015-16,101127,Jarrett Jack,Jarrett,1610612751,BKN,Brooklyn Nets,21500119,2015-11-11T00:00:00,BKN @ HOU,W,27.7,0.0,0.0,0.0,0.0,13.0,8.0,15.0,42.0,0.0,1.0,3.0,2.0,25.2,1,1,1,1,9485,12059,10158,9917,18861,21300,17345,24242,670,8004,17214,17641,7786,8383,1.0,27:40,2015,2016
2015-16,203924,Jerami Grant,Jerami,1610612755,PHI,Philadelphia 76ers,21500115,2015-11-11T00:00:00,PHI vs. TOR,L,32.4,2.0,0.0,2.0,10.0,13.0,14.0,17.0,42.0,2.0,1.0,3.0,4.0,34.5,1,13074,13074,13074,5604,6026,10158,4675,1840,21300,24300,24967,670,932,17214,17641,2748,3997,1.0,32:21,2015,2016
2015-16,101106,Andrew Bogut,Andrew,1610612744,GSW,Golden State Warriors,21500120,2015-11-11T00:00:00,GSW @ MEM,W,15.0,0.0,0.0,0.0,0.0,7.0,5.0,4.0,6.0,0.0,0.0,5.0,1.0,9.9,1,1,1,1,19782,12059,10158,9917,18861,12242,11469,8806,22724,8004,1,24686,12373,19247,1.0,14:58,2015,2016
2015-16,202694,Marcus Morris Sr.,Marcus,1610612765,DET,Detroit Pistons,21500122,2015-11-11T00:00:00,DET @ SAC,L,35.8,6.0,0.0,2.0,8.0,11.0,4.0,11.0,30.0,0.0,1.0,1.0,6.0,43.3,1,13074,13074,13074,2868,878,10158,4675,3109,18886,8458,21342,4541,8004,17214,4972,873,1678,1.0,35:50,2015,2016
2015-16,202696,Nikola Vučević,Nikola,1610612753,ORL,Orlando Magic,21500114,2015-11-11T00:00:00,ORL vs. LAL,W,25.6,4.0,2.0,0.0,8.0,3.0,4.0,2.0,26.0,1.0,0.0,0.0,0.0,29.0,1,1,1,1,11241,2460,4731,9917,3109,5109,8458,4025,7214,2692,1,1,18762,6346,1.0,25:34,2015,2016
2015-16,2730,Dwight Howard,Dwight,1610612745,HOU,Houston Rockets,21500119,2015-11-11T00:00:00,HOU vs. BKN,L,37.2,4.0,6.0,0.0,20.0,6.0,23.0,8.0,32.0,5.0,4.0,0.0,3.0,55.9,1,13074,13074,13074,1936,2460,481,9917,59,10028,26017,17194,3535,59,25926,1,4736,360,1.0,37:14,2015,2016
2015-16,101107,Marvin Williams,Marvin,1610612766,CHA,Charlotte Hornets,21500113,2015-11-11T00:00:00,CHA vs. NYK,W,29.0,1.0,0.0,1.0,4.0,4.0,8.0,6.0,16.0,3.0,0.0,1.0,1.0,23.9,1,1,1,1,8368,11535,10158,9347,8599,6141,17345,13388,15259,347,1,4972,12373,9184,1.0,29:01,2015,2016
2015-16,1717,Dirk Nowitzki,Dirk,1610612742,DAL,Dallas Mavericks,21500118,2015-11-11T00:00:00,DAL vs. LAC,W,33.3,5.0,2.0,3.0,2.0,12.0,7.0,8.0,18.0,0.0,0.0,5.0,5.0,43.7,1,1,1,1,4876,1603,4731,3302,12984,20178,15642,17194,13577,8004,1,24686,1539,1610,1.0,33:19,2015,2016
2015-16,203083,Andre Drummond,Andre,1610612765,DET,Detroit Pistons,21500122,2015-11-11T00:00:00,DET @ SAC,L,34.6,4.0,10.0,0.0,14.0,11.0,7.0,6.0,26.0,0.0,0.0,5.0,1.0,35.4,1,13074,13074,13074,3862,2460,34,9917,542,18886,15642,13388,7214,8004,1,24686,12373,3684,1.0,34:37,2015,2016
2015-16,201939,Stephen Curry,Stephen,1610612744,GSW,Golden State Warriors,21500120,2015-11-11T00:00:00,GSW @ MEM,W,34.5,10.0,0.0,10.0,12.0,14.0,6.0,4.0,24.0,1.0,1.0,1.0,6.0,55.5,1,1,1,1,3944,99,10158,118,988,22292,13237,8806,8723,2692,17214,4972,873,375,1.0,34:30,2015,2016
2015-16,203948,Johnny O'Bryant III,Johnny,1610612749,MIL,Milwaukee Bucks,21500121,2015-11-11T00:00:00,MIL @ DEN,L,34.0,3.0,0.0,3.0,2.0,13.0,5.0,8.0,24.0,1.0,0.0,6.0,2.0,29.3,1,13074,13074,13074,4335,4307,10158,3302,12984,21300,11469,17194,8723,2692,1,25827,7786,6202,1.0,34:02,2015,2016
2015-16,101181,Jose Calderon,Jose,1610612752,NYK,New York Knicks,21500113,2015-11-11T00:00:00,NYK @ CHA,L,28.2,0.0,0.0,0.0,0.0,12.0,2.0,10.0,24.0,0.0,0.0,1.0,0.0,23.9,1,13074,13074,13074,9048,12059,10158,9917,18861,20178,3734,20169,8723,8004,1,4972,18762,9184,1.0,28:14,2015,2016
2015-16,202326,DeMarcus Cousins,DeMarcus,1610612758,SAC,Sacramento Kings,21500122,2015-11-11T00:00:00,SAC vs. DET,W,37.7,2.0,0.0,5.0,12.0,16.0,10.0,8.0,26.0,1.0,1.0,3.0,10.0,44.3,1,1,1,1,1637,6026,10158,1277,988,23774,20509,17194,7214,2692,17214,17641,76,1499,1.0,37:44,2015,2016
2015-16,200794,Paul Millsap,Paul,1610612737,ATL,Atlanta Hawks,21500117,2015-11-11T00:00:00,ATL vs. NOP,W,32.7,2.0,2.0,2.0,10.0,5.0,12.0,4.0,22.0,0.0,0.0,3.0,9.0,48.2,1,1,1,1,5323,6026,4731,4675,1840,8403,22832,8806,10265,8004,1,17641,138,941,1.0,32:43,2015,2016
2015-16,202702,Kenneth Faried,Kenneth,1610612743,DEN,Denver Nuggets,21500121,2015-11-11T00:00:00,DEN vs. MIL,W,33.4,8.0,7.0,4.0,16.0,16.0,9.0,12.0,44.0,3.0,0.0,0.0,7.0,44.3,1,1,1,1,4811,308,292,1913,275,23774,19144,22259,454,347,1,1,469,1499,1.0,33:24,2015,2016
2015-16,1626143,Jahlil Okafor,Jahlil,1610612755,PHI,Philadelphia 76ers,21500115,2015-11-11T00:00:00,PHI vs. TOR,L,32.7,4.0,2.0,0.0,24.0,14.0,12.0,21.0,40.0,4.0,2.0,5.0,4.0,43.9,1,13074,13074,13074,5384,2460,4731,9917,14,22292,22832,25725,983,132,23588,24686,2748,1573,1.0,32:39,2015,2016
2015-16,203999,Nikola Jokić,Nikola,1610612743,DEN,Denver Nuggets,21500121,2015-11-11T00:00:00,DEN vs. MIL,W,14.4,0.0,2.0,0.0,8.0,2.0,0.0,2.0,8.0,0.0,1.0,0.0,2.0,24.0,1,1,1,1,20147,12059,4731,9917,3109,2619,1,4025,21543,8004,17214,1,7786,9121,1.0,14:26,2015,2016
2015-16,200765,Rajon Rondo,Rajon,1610612758,SAC,Sacramento Kings,21500122,2015-11-11T00:00:00,SAC vs. DET,W,48.0,1.0,2.0,0.0,8.0,20.0,12.0,16.0,42.0,0.0,1.0,1.0,1.0,53.7,1,1,1,1,24,11535,4731,9917,3109,25338,22832,24641,670,8004,17214,4972,12373,479,1.0,48:00,2015,2016
2015-16,101114,Deron Williams,Deron,1610612742,DAL,Dallas Mavericks,21500118,2015-11-11T00:00:00,DAL vs. LAC,W,31.8,2.0,0.0,2.0,6.0,12.0,13.0,6.0,18.0,0.0,0.0,3.0,3.0,29.0,1,1,1,1,6044,6026,10158,4675,5299,20178,23668,13388,13577,8004,1,17641,4736,6346,1.0,31:50,2015,2016
2015-16,203138,Hollis Thompson,Hollis,1610612755,PHI,Philadelphia 76ers,21500115,2015-11-11T00:00:00,PHI vs. TOR,L,26.7,0.0,0.0,0.0,2.0,5.0,10.0,12.0,30.0,0.0,0.0,5.0,1.0,24.3,1,13074,13074,13074,10321,12059,10158,9917,12984,8403,20509,22259,4541,8004,1,24686,12373,8939,1.0,26:39,2015,2016
2015-16,201977,Marcus Thornton,Marcus,1610612745,HOU,Houston Rockets,21500119,2015-11-11T00:00:00,HOU vs. BKN,L,34.9,2.0,2.0,4.0,12.0,6.0,26.0,4.0,30.0,1.0,0.0,2.0,0.0,50.1,1,13074,13074,13074,3649,6026,4731,1913,988,10028,26061,8806,4541,2692,1,11390,18762,743,1.0,34:51,2015,2016
2015-16,201572,Brook Lopez,Brook,1610612751,BKN,Brooklyn Nets,21500119,2015-11-11T00:00:00,BKN @ HOU,W,35.4,2.0,6.0,0.0,4.0,15.0,6.0,13.0,46.0,5.0,2.0,1.0,2.0,45.4,1,1,1,1,3237,6026,481,9917,8599,23079,13237,23048,298,59,23588,4972,7786,1291,1.0,35:23,2015,2016
2015-16,201584,Courtney Lee,Courtney,1610612763,MEM,Memphis Grizzlies,21500120,2015-11-11T00:00:00,MEM vs. GSW,L,31.7,0.0,0.0,0.0,2.0,13.0,8.0,12.0,26.0,2.0,0.0,1.0,1.0,24.7,1,13074,13074,13074,6120,12059,10158,9917,12984,21300,17345,22259,7214,932,1,4972,12373,8673,1.0,31:44,2015,2016
2015-16,202362,Lance Stephenson,Lance,1610612746,LAC,LA Clippers,21500118,2015-11-11T00:00:00,LAC @ DAL,L,20.5,0.0,2.0,0.0,6.0,7.0,2.0,8.0,14.0,0.0,2.0,1.0,0.0,7.4,1,13074,13074,13074,15475,12059,4731,9917,5299,12242,3734,17194,17019,8004,23588,4972,18762,20912,1.0,20:30,2015,2016
2015-16,201143,Al Horford,Al,1610612737,ATL,Atlanta Hawks,21500117,2015-11-11T00:00:00,ATL vs. NOP,W,29.9,10.0,4.0,5.0,10.0,9.0,10.0,7.0,20.0,3.0,0.0,0.0,0.0,47.1,1,1,1,1,7632,99,1596,1277,1840,15771,20509,15538,11929,347,1,1,18762,1066,1.0,29:54,2015,2016
2015-16,202709,Cory Joseph,Cory,1610612761,TOR,Toronto Raptors,21500115,2015-11-11T00:00:00,TOR @ PHI,W,30.9,3.0,0.0,0.0,8.0,8.0,2.0,12.0,32.0,0.0,0.0,1.0,4.0,24.9,1,1,1,1,6851,4307,10158,9917,3109,13914,3734,22259,3535,8004,1,4972,2748,8553,1.0,30:51,2015,2016
2015-16,1938,Manu Ginobili,Manu,1610612759,SAS,San Antonio Spurs,21500123,2015-11-11T00:00:00,SAS @ POR,W,22.3,4.0,2.0,3.0,6.0,6.0,12.0,6.0,18.0,0.0,0.0,3.0,2.0,24.5,1,1,1,1,13916,2460,4731,3302,5299,10028,22832,13388,13577,8004,1,17641,7786,8801,1.0,22:18,2015,2016
2015-16,201952,Jeff Teague,Jeff,1610612737,ATL,Atlanta Hawks,21500117,2015-11-11T00:00:00,ATL vs. NOP,W,29.6,4.0,1.0,4.0,8.0,8.0,12.0,4.0,22.0,1.0,0.0,4.0,3.0,37.0,1,1,1,1,7923,2460,9709,1913,3109,13914,22832,8806,10265,2692,1,22104,4736,3182,1.0,29:33,2015,2016
2015-16,204456,T.J. McConnell,T.J.,1610612755,PHI,Philadelphia 76ers,21500115,2015-11-11T00:00:00,PHI vs. TOR,L,30.6,0.0,0.0,0.0,2.0,11.0,12.0,16.0,30.0,0.0,0.0,3.0,1.0,24.3,1,13074,13074,13074,7044,12059,10158,9917,12984,18886,22832,24641,4541,8004,1,17641,12373,8939,1.0,30:34,2015,2016
2015-16,201933,Blake Griffin,Blake,1610612746,LAC,LA Clippers,21500118,2015-11-11T00:00:00,LAC @ DAL,L,34.0,0.0,4.0,4.0,10.0,11.0,6.0,6.0,20.0,0.0,1.0,3.0,7.0,37.3,1,13074,13074,13074,4332,12059,1596,1913,1840,18886,13237,13388,11929,8004,17214,17641,469,3105,1.0,34:02,2015,2016
2015-16,203469,Cody Zeller,Cody,1610612766,CHA,Charlotte Hornets,21500113,2015-11-11T00:00:00,CHA vs. NYK,W,25.4,2.0,4.0,1.0,4.0,2.0,6.0,4.0,14.0,1.0,2.0,1.0,8.0,24.3,1,1,1,1,11344,6026,1596,9347,8599,2619,13237,8806,17019,2692,23588,4972,254,8939,1.0,25:27,2015,2016
2015-16,202711,Bojan Bogdanović,Bojan,1610612751,BKN,Brooklyn Nets,21500119,2015-11-11T00:00:00,BKN @ HOU,W,34.0,2.0,6.0,6.0,12.0,11.0,10.0,11.0,46.0,0.0,1.0,0.0,0.0,36.3,1,1,1,1,4379,6026,481,740,988,18886,20509,21342,298,8004,17214,1,18762,3380,1.0,33:58,2015,2016
2015-16,2037,Jamal Crawford,Jamal,1610612746,LAC,LA Clippers,21500118,2015-11-11T00:00:00,LAC @ DAL,L,28.7,5.0,0.0,2.0,2.0,8.0,4.0,8.0,12.0,0.0,0.0,4.0,3.0,11.5,1,13074,13074,13074,8675,1603,10158,4675,12984,13914,8458,17194,18637,8004,1,22104,4736,18079,1.0,28:41,2015,2016
2015-16,202685,Jonas Valančiūnas,Jonas,1610612761,TOR,Toronto Raptors,21500115,2015-11-11T00:00:00,TOR @ PHI,W,22.7,0.0,6.0,0.0,6.0,4.0,2.0,2.0,26.0,1.0,2.0,2.0,2.0,29.9,1,1,1,1,13631,12059,481,9917,5299,6141,3734,4025,7214,2692,23588,11390,7786,5884,1.0,22:40,2015,2016
2015-16,201144,Mike Conley,Mike,1610612763,MEM,Memphis Grizzlies,21500120,2015-11-11T00:00:00,MEM vs. GSW,L,33.1,2.0,0.0,0.0,2.0,8.0,8.0,7.0,22.0,0.0,1.0,5.0,2.0,24.9,1,13074,13074,13074,5027,6026,10158,9917,12984,13914,17345,15538,10265,8004,17214,24686,7786,8553,1.0,33:07,2015,2016
2015-16,201956,Omri Casspi,Omri,1610612758,SAC,Sacramento Kings,21500122,2015-11-11T00:00:00,SAC vs. DET,W,27.9,2.0,0.0,2.0,4.0,16.0,8.0,13.0,32.0,0.0,0.0,2.0,1.0,24.7,1,1,1,1,9277,6026,10158,4675,8599,23774,17345,23048,3535,8004,1,11390,12373,8673,1.0,27:56,2015,2016
2015-16,2588,Matt Bonner,Matt,1610612759,SAS,San Antonio Spurs,21500123,2015-11-11T00:00:00,SAS @ POR,W,0.9,0.0,0.0,0.0,0.0,0.0,0.0,0.0,0.0,0.0,0.0,0.0,0.0,1.2,1,1,1,1,25892,12059,10158,9917,18861,1,1,1,25429,8004,1,1,18762,24661,1.0,0:55,2015,2016
2015-16,203105,Festus Ezeli,Festus,1610612744,GSW,Golden State Warriors,21500120,2015-11-11T00:00:00,GSW @ MEM,W,20.2,0.0,0.0,0.0,2.0,9.0,0.0,4.0,14.0,0.0,0.0,4.0,3.0,11.0,1,1,1,1,15713,12059,10158,9917,12984,15771,1,8806,17019,8004,1,22104,4736,18430,1.0,20:13,2015,2016
2015-16,202730,Lavoy Allen,Lavoy,1610612754,IND,Indiana Pacers,21500116,2015-11-11T00:00:00,IND @ BOS,W,18.3,0.0,2.0,0.0,2.0,8.0,5.0,2.0,16.0,0.0,1.0,4.0,1.0,10.8,1,1,1,1,17303,12059,4731,9917,12984,13914,11469,4025,15259,8004,17214,22104,12373,18579,1.0,18:15,2015,2016
2015-16,201600,Omer Asik,Omer,1610612740,NOP,New Orleans Pelicans,21500117,2015-11-11T00:00:00,NOP @ ATL,L,20.8,0.0,0.0,2.0,0.0,9.0,4.0,9.0,20.0,0.0,0.0,4.0,5.0,10.6,1,13074,13074,13074,15195,12059,10158,4675,18861,15771,8458,18829,11929,8004,1,22104,1539,18723,1.0,20:50,2015,2016
2015-16,203200,Justin Holiday,Justin,1610612737,ATL,Atlanta Hawks,21500117,2015-11-11T00:00:00,ATL vs. NOP,W,4.3,0.0,0.0,0.0,0.0,1.0,3.0,1.0,4.0,0.0,0.0,1.0,1.0,1.2,1,1,1,1,24621,12059,10158,9917,18861,2356,7138,3646,23698,8004,1,4972,12373,24661,1.0,4:16,2015,2016
2015-16,201967,Dante Cunningham,Dante,1610612740,NOP,New Orleans Pelicans,21500117,2015-11-11T00:00:00,NOP @ ATL,L,21.7,1.0,0.0,1.0,0.0,10.0,0.0,4.0,20.0,0.0,0.0,3.0,2.0,11.3,1,13074,13074,13074,14443,11535,10158,9347,18861,17370,1,8806,11929,8004,1,17641,7786,18230,1.0,21:42,2015,2016
2015-16,203090,Maurice Harkless,Maurice,1610612757,POR,Portland Trail Blazers,21500123,2015-11-11T00:00:00,POR vs. SAS,L,15.6,0.0,0.0,0.0,0.0,4.0,6.0,5.0,16.0,0.0,0.0,0.0,0.0,1.5,1,13074,13074,13074,19365,12059,10158,9917,18861,6141,13237,11593,15259,8004,1,1,18762,24473,1.0,15:34,2015,2016
2015-16,201578,Marreese Speights,Marreese,1610612744,GSW,Golden State Warriors,21500120,2015-11-11T00:00:00,GSW @ MEM,W,5.4,0.0,0.0,0.0,0.0,4.0,6.0,0.0,8.0,2.0,0.0,2.0,0.0,6.0,1,1,1,1,24208,12059,10158,9917,18861,6141,13237,1,21543,932,1,11390,18762,21878,1.0,5:25,2015,2016
2015-16,1626192,Pat Connaughton,Pat,1610612757,POR,Portland Trail Blazers,21500123,2015-11-11T00:00:00,POR vs. SAS,L,0.9,0.0,0.0,0.0,0.0,0.0,0.0,0.0,2.0,0.0,0.0,0.0,0.0,1.2,1,13074,13074,13074,25892,12059,10158,9917,18861,1,1,1,24614,8004,1,1,18762,24661,1.0,0:55,2015,2016
2015-16,203459,Allen Crabbe,Allen,1610612757,POR,Portland Trail Blazers,21500123,2015-11-11T00:00:00,POR vs. SAS,L,19.7,2.0,0.0,0.0,0.0,4.0,4.0,7.0,26.0,0.0,0.0,2.0,2.0,10.7,1,13074,13074,13074,16189,6026,10158,9917,18861,6141,8458,15538,7214,8004,1,11390,7786,18636,1.0,19:39,2015,2016
2015-16,203123,Kostas Papanikolaou,Kostas,1610612743,DEN,Denver Nuggets,21500121,2015-11-11T00:00:00,DEN vs. MIL,W,10.4,0.0,0.0,0.0,0.0,0.0,0.0,0.0,6.0,0.0,0.0,1.0,0.0,5.6,1,1,1,1,22258,12059,10158,9917,18861,1,1,1,22724,8004,1,4972,18762,22133,1.0,10:26,2015,2016
2015-16,203949,James Michael McAdoo,James Michael,1610612744,GSW,Golden State Warriors,21500120,2015-11-11T00:00:00,GSW @ MEM,W,4.0,0.0,0.0,0.0,0.0,5.0,0.0,2.0,2.0,0.0,0.0,0.0,0.0,1.5,1,1,1,1,24700,12059,10158,9917,18861,8403,1,4025,24614,8004,1,1,18762,24473,1.0,4:01,2015,2016
2015-16,203922,Glenn Robinson III,Glenn,1610612754,IND,Indiana Pacers,21500116,2015-11-11T00:00:00,IND @ BOS,W,13.8,0.0,0.0,0.0,0.0,6.0,2.0,4.0,20.0,1.0,0.0,0.0,1.0,9.6,1,1,1,1,20560,12059,10158,9917,18861,10028,3734,8806,11929,2692,1,1,12373,19434,1.0,13:45,2015,2016
2015-16,203488,Mike Muscala,Mike,1610612737,ATL,Atlanta Hawks,21500117,2015-11-11T00:00:00,ATL vs. NOP,W,7.6,0.0,0.0,0.0,0.0,2.0,2.0,4.0,8.0,1.0,0.0,0.0,0.0,8.7,1,1,1,1,23345,12059,10158,9917,18861,2619,3734,8806,21543,2692,1,1,18762,20045,1.0,7:38,2015,2016
2015-16,203906,Devyn Marble,Devyn,1610612753,ORL,Orlando Magic,21500114,2015-11-11T00:00:00,ORL vs. LAL,W,5.9,0.0,0.0,0.0,0.0,0.0,0.0,2.0,4.0,0.0,1.0,0.0,0.0,4.2,1,1,1,1,24010,12059,10158,9917,18861,1,1,4025,23698,8004,17214,1,18762,22976,1.0,5:53,2015,2016
2015-16,1626257,Salah Mejri,Salah,1610612742,DAL,Dallas Mavericks,21500118,2015-11-11T00:00:00,DAL vs. LAC,W,0.0,0.0,0.0,0.0,0.0,0.0,0.0,0.0,0.0,0.0,0.0,2.0,0.0,0.0,1,1,1,1,26075,12059,10158,9917,18861,1,1,1,25429,8004,1,11390,18762,25170,1.0,0:00,2015,2016
2015-16,203115,Will Barton,Will,1610612743,DEN,Denver Nuggets,21500121,2015-11-11T00:00:00,DEN vs. MIL,W,17.1,2.0,0.0,4.0,4.0,5.0,3.0,2.0,16.0,0.0,0.0,2.0,0.0,8.9,1,1,1,1,18208,6026,10158,1913,8599,8403,7138,4025,15259,8004,1,11390,18762,19914,1.0,17:06,2015,2016
2015-16,203937,Kyle Anderson,Kyle,1610612759,SAS,San Antonio Spurs,21500123,2015-11-11T00:00:00,SAS @ POR,W,0.9,0.0,0.0,0.0,0.0,0.0,0.0,0.0,0.0,0.0,0.0,0.0,0.0,0.0,1,1,1,1,25892,12059,10158,9917,18861,1,1,1,25429,8004,1,1,18762,25170,1.0,0:55,2015,2016
2015-16,203118,Mike Scott,Mike,1610612737,ATL,Atlanta Hawks,21500117,2015-11-11T00:00:00,ATL vs. NOP,W,5.5,0.0,0.0,0.0,0.0,1.0,0.0,3.0,4.0,0.0,0.0,0.0,0.0,0.0,1,1,1,1,24151,12059,10158,9917,18861,2356,1,7328,23698,8004,1,1,18762,25170,1.0,5:32,2015,2016
2015-16,201147,Corey Brewer,Corey,1610612745,HOU,Houston Rockets,21500119,2015-11-11T00:00:00,HOU vs. BKN,L,15.4,0.0,0.0,4.0,4.0,2.0,9.0,4.0,16.0,0.0,0.0,0.0,1.0,5.2,1,13074,13074,13074,19497,12059,10158,1913,8599,2619,19144,8806,15259,8004,1,1,12373,22370,1.0,15:22,2015,2016
2015-16,203492,Ray McCallum,Ray,1610612759,SAS,San Antonio Spurs,21500123,2015-11-11T00:00:00,SAS @ POR,W,0.9,0.0,0.0,0.0,0.0,0.0,0.0,0.0,0.0,0.0,0.0,0.0,0.0,0.0,1,1,1,1,25892,12059,10158,9917,18861,1,1,1,25429,8004,1,1,18762,25170,1.0,0:55,2015,2016
2015-16,1626179,Terry Rozier,Terry,1610612738,BOS,Boston Celtics,21500116,2015-11-11T00:00:00,BOS vs. IND,L,16.1,2.0,0.0,2.0,4.0,0.0,5.0,2.0,14.0,0.0,1.0,2.0,0.0,6.7,1,13074,13074,13074,18971,6026,10158,4675,8599,1,11469,4025,17019,8004,17214,11390,18762,21376,1.0,16:05,2015,2016
2015-16,201988,Patty Mills,Patty,1610612759,SAS,San Antonio Spurs,21500123,2015-11-11T00:00:00,SAS @ POR,W,18.3,0.0,0.0,0.0,0.0,6.0,7.0,6.0,16.0,0.0,0.0,0.0,2.0,8.7,1,1,1,1,17274,12059,10158,9917,18861,10028,15642,13388,15259,8004,1,1,7786,20045,1.0,18:18,2015,2016
2015-16,1626173,Rashad Vaughn,Rashad,1610612749,MIL,Milwaukee Bucks,21500121,2015-11-11T00:00:00,MIL @ DEN,L,10.0,0.0,0.0,0.0,0.0,6.0,6.0,2.0,6.0,0.0,0.0,0.0,0.0,-1.0,1,13074,13074,13074,22449,12059,10158,9917,18861,10028,13237,4025,22724,8004,1,1,18762,25932,1.0,9:59,2015,2016
2015-16,101111,Charlie Villanueva,Charlie,1610612742,DAL,Dallas Mavericks,21500118,2015-11-11T00:00:00,DAL vs. LAC,W,12.1,0.0,0.0,0.0,2.0,4.0,1.0,4.0,8.0,0.0,0.0,0.0,0.0,9.1,1,1,1,1,21500,12059,10158,9917,12984,6141,3393,8806,21543,8004,1,1,18762,19789,1.0,12:03,2015,2016
2015-16,2571,Leandro Barbosa,Leandro,1610612744,GSW,Golden State Warriors,21500120,2015-11-11T00:00:00,GSW @ MEM,W,13.8,2.0,0.0,2.0,2.0,3.0,5.0,2.0,8.0,0.0,0.0,0.0,1.0,9.0,1,1,1,1,20504,6026,10158,4675,12984,5109,11469,4025,21543,8004,1,1,12373,19835,1.0,13:50,2015,2016
2015-16,203461,Anthony Bennett,Anthony,1610612761,TOR,Toronto Raptors,21500115,2015-11-11T00:00:00,TOR @ PHI,W,5.5,0.0,0.0,0.0,0.0,0.0,2.0,0.0,10.0,0.0,0.0,0.0,1.0,4.4,1,1,1,1,24180,12059,10158,9917,18861,1,3734,1,20209,8004,1,1,12373,22837,1.0,5:28,2015,2016
2015-16,2746,Josh Smith,Josh,1610612746,LAC,LA Clippers,21500118,2015-11-11T00:00:00,LAC @ DAL,L,12.9,3.0,1.0,0.0,0.0,3.0,2.0,3.0,6.0,0.0,0.0,2.0,2.0,9.6,1,13074,13074,13074,21028,4307,9709,9917,18861,5109,3734,7328,22724,8004,1,11390,7786,19434,1.0,12:54,2015,2016
2015-16,202738,Isaiah Thomas,Isaiah,1610612738,BOS,Boston Celtics,21500116,2015-11-11T00:00:00,BOS vs. IND,L,29.9,4.0,0.0,1.0,2.0,12.0,9.0,11.0,38.0,0.0,1.0,2.0,6.0,21.6,1,13074,13074,13074,7654,2460,10158,9347,12984,20178,19144,21342,1422,8004,17214,11390,873,10666,1.0,29:52,2015,2016
2015-16,1626178,Rondae Hollis-Jefferson,Rondae,1610612751,BKN,Brooklyn Nets,21500119,2015-11-11T00:00:00,BKN @ HOU,W,12.2,0.0,0.0,0.0,0.0,9.0,2.0,9.0,16.0,1.0,0.0,1.0,0.0,9.3,1,1,1,1,21445,12059,10158,9917,18861,15771,3734,18829,15259,2692,1,4972,18762,19656,1.0,12:10,2015,2016
2015-16,201601,Luc Mbah a Moute,Luc,1610612746,LAC,LA Clippers,21500118,2015-11-11T00:00:00,LAC @ DAL,L,6.5,0.0,0.0,0.0,0.0,2.0,4.0,0.0,4.0,0.0,0.0,2.0,0.0,4.2,1,13074,13074,13074,23748,12059,10158,9917,18861,2619,8458,1,23698,8004,1,11390,18762,22976,1.0,6:30,2015,2016
2015-16,1891,Jason Terry,Jason,1610612745,HOU,Houston Rockets,21500119,2015-11-11T00:00:00,HOU vs. BKN,L,8.6,0.0,0.0,0.0,0.0,0.0,4.0,0.0,10.0,0.0,0.0,0.0,0.0,0.0,1,13074,13074,13074,22993,12059,10158,9917,18861,1,8458,1,20209,8004,1,1,18762,25170,1.0,8:37,2015,2016
2015-16,202379,Jeremy Evans,Jeremy,1610612742,DAL,Dallas Mavericks,21500118,2015-11-11T00:00:00,DAL vs. LAC,W,0.7,0.0,0.0,0.0,0.0,3.0,0.0,0.0,0.0,0.0,0.0,0.0,0.0,0.2,1,1,1,1,25926,12059,10158,9917,18861,5109,1,1,25429,8004,1,1,18762,25103,1.0,0:45,2015,2016
2015-16,204028,Tarik Black,Tarik,1610612747,LAL,Los Angeles Lakers,21500114,2015-11-11T00:00:00,LAL @ ORL,L,6.2,0.0,0.0,0.0,0.0,2.0,2.0,0.0,2.0,1.0,0.0,1.0,0.0,6.6,1,13074,13074,13074,23868,12059,10158,9917,18861,2619,3734,1,24614,2692,1,4972,18762,21445,1.0,6:13,2015,2016
2015-16,203546,Ian Clark,Ian,1610612744,GSW,Golden State Warriors,21500120,2015-11-11T00:00:00,GSW @ MEM,W,2.3,0.0,0.0,0.0,0.0,5.0,0.0,2.0,2.0,0.0,0.0,0.0,0.0,-0.8,1,1,1,1,25401,12059,10158,9917,18861,8403,1,4025,24614,8004,1,1,18762,25914,1.0,2:21,2015,2016
2015-16,203463,Ben McLemore,Ben,1610612758,SAC,Sacramento Kings,21500122,2015-11-11T00:00:00,SAC vs. DET,W,3.0,0.0,0.0,0.0,0.0,0.0,2.0,0.0,4.0,0.0,0.0,1.0,0.0,0.0,1,1,1,1,25149,12059,10158,9917,18861,1,3734,1,23698,8004,1,4972,18762,25170,1.0,2:57,2015,2016
2015-16,203898,Tyler Ennis,Tyler,1610612749,MIL,Milwaukee Bucks,21500121,2015-11-11T00:00:00,MIL @ DEN,L,15.2,0.0,0.0,0.0,2.0,6.0,2.0,6.0,14.0,0.0,0.0,1.0,0.0,5.0,1,13074,13074,13074,19639,12059,10158,9917,12984,10028,3734,13388,17019,8004,1,4972,18762,22500,1.0,15:10,2015,2016
2015-16,203998,Bruno Caboclo,Bruno,1610612761,TOR,Toronto Raptors,21500115,2015-11-11T00:00:00,TOR @ PHI,W,1.2,0.0,0.0,0.0,0.0,0.0,0.0,0.0,2.0,0.0,0.0,0.0,0.0,0.0,1,1,1,1,25805,12059,10158,9917,18861,1,1,1,24614,8004,1,1,18762,25170,1.0,1:11,2015,2016
2015-16,204025,Tim Frazier,Tim,1610612757,POR,Portland Trail Blazers,21500123,2015-11-11T00:00:00,POR vs. SAS,L,0.9,0.0,0.0,0.0,0.0,0.0,0.0,0.0,2.0,0.0,0.0,0.0,0.0,0.0,1,13074,13074,13074,25892,12059,10158,9917,18861,1,1,1,24614,8004,1,1,18762,25170,1.0,0:55,2015,2016
2015-16,201145,Jeff Green,Jeff,1610612763,MEM,Memphis Grizzlies,21500120,2015-11-11T00:00:00,MEM vs. GSW,L,17.4,0.0,0.0,0.0,0.0,12.0,0.0,4.0,6.0,0.0,0.0,1.0,1.0,0.4,1,13074,13074,13074,18004,12059,10158,9917,18861,20178,1,8806,22724,8004,1,4972,12373,25093,1.0,17:21,2015,2016
2015-16,204038,Langston Galloway,Langston,1610612752,NYK,New York Knicks,21500113,2015-11-11T00:00:00,NYK @ CHA,L,19.5,0.0,2.0,0.0,0.0,11.0,6.0,2.0,18.0,0.0,1.0,2.0,0.0,4.0,1,13074,13074,13074,16339,12059,4731,9917,18861,18886,13237,4025,13577,8004,17214,11390,18762,23142,1.0,19:28,2015,2016
2015-16,202682,Derrick Williams,Derrick,1610612752,NYK,New York Knicks,21500113,2015-11-11T00:00:00,NYK @ CHA,L,4.0,0.0,0.0,0.0,0.0,5.0,0.0,0.0,8.0,0.0,0.0,1.0,0.0,4.0,1,13074,13074,13074,24694,12059,10158,9917,18861,8403,1,1,21543,8004,1,4972,18762,23142,1.0,4:02,2015,2016
2015-16,201585,Kosta Koufos,Kosta,1610612758,SAC,Sacramento Kings,21500122,2015-11-11T00:00:00,SAC vs. DET,W,22.9,0.0,0.0,0.0,4.0,13.0,6.0,13.0,26.0,0.0,0.0,2.0,1.0,9.6,1,1,1,1,13470,12059,10158,9917,8599,21300,13237,23048,7214,8004,1,11390,12373,19434,1.0,22:53,2015,2016
2015-16,1626154,RJ Hunter,RJ,1610612738,BOS,Boston Celtics,21500116,2015-11-11T00:00:00,BOS vs. IND,L,19.6,0.0,0.0,0.0,2.0,6.0,5.0,7.0,16.0,0.0,1.0,0.0,0.0,8.9,1,13074,13074,13074,16263,12059,10158,9917,12984,10028,11469,15538,15259,8004,17214,1,18762,19914,1.0,19:34,2015,2016
2015-16,201582,Alexis Ajinca,Alexis,1610612740,NOP,New Orleans Pelicans,21500117,2015-11-11T00:00:00,NOP @ ATL,L,8.7,0.0,0.0,0.0,0.0,1.0,0.0,0.0,8.0,0.0,0.0,1.0,1.0,5.3,1,13074,13074,13074,22968,12059,10158,9917,18861,2356,1,1,21543,8004,1,4972,12373,22358,1.0,8:41,2015,2016
2015-16,203506,Victor Oladipo,Victor,1610612753,ORL,Orlando Magic,21500114,2015-11-11T00:00:00,ORL vs. LAL,W,6.7,0.0,0.0,0.0,0.0,0.0,3.0,5.0,8.0,0.0,0.0,1.0,0.0,6.9,1,1,1,1,23684,12059,10158,9917,18861,1,7138,11593,21543,8004,1,4972,18762,21262,1.0,6:41,2015,2016
2015-16,200751,Randy Foye,Randy,1610612743,DEN,Denver Nuggets,21500121,2015-11-11T00:00:00,DEN vs. MIL,W,17.1,0.0,0.0,0.0,0.0,7.0,2.0,10.0,18.0,0.0,1.0,4.0,0.0,9.6,1,1,1,1,18196,12059,10158,9917,18861,12242,3734,20169,13577,8004,17214,22104,18762,19434,1.0,17:06,2015,2016
2015-16,1626174,Christian Wood,Christian,1610612755,PHI,Philadelphia 76ers,21500115,2015-11-11T00:00:00,PHI vs. TOR,L,15.6,2.0,0.0,2.0,4.0,3.0,6.0,7.0,20.0,0.0,2.0,1.0,3.0,9.1,1,13074,13074,13074,19343,6026,10158,4675,8599,5109,13237,15538,11929,8004,23588,4972,4736,19789,1.0,15:36,2015,2016
2015-16,201973,Jonas Jerebko,Jonas,1610612738,BOS,Boston Celtics,21500116,2015-11-11T00:00:00,BOS vs. IND,L,16.4,0.0,0.0,0.0,0.0,8.0,0.0,4.0,16.0,0.0,0.0,3.0,1.0,3.9,1,13074,13074,13074,18717,12059,10158,9917,18861,13914,1,8806,15259,8004,1,17641,12373,23225,1.0,16:26,2015,2016
2015-16,203943,Noah Vonleh,Noah,1610612757,POR,Portland Trail Blazers,21500123,2015-11-11T00:00:00,POR vs. SAS,L,7.4,2.0,0.0,2.0,2.0,0.0,2.0,0.0,6.0,0.0,0.0,1.0,0.0,4.4,1,13074,13074,13074,23410,6026,10158,4675,12984,1,3734,1,22724,8004,1,4972,18762,22837,1.0,7:27,2015,2016
2015-16,1626167,Myles Turner,Myles,1610612754,IND,Indiana Pacers,21500116,2015-11-11T00:00:00,IND @ BOS,W,1.3,0.0,0.0,0.0,0.0,2.0,2.0,0.0,2.0,0.0,0.0,0.0,0.0,0.0,1,1,1,1,25763,12059,10158,9917,18861,2619,3734,1,24614,8004,1,1,18762,25170,1.0,1:19,2015,2016
2015-16,203143,Pablo Prigioni,Pablo,1610612746,LAC,LA Clippers,21500118,2015-11-11T00:00:00,LAC @ DAL,L,0.5,0.0,0.0,0.0,0.0,0.0,0.0,2.0,0.0,0.0,0.0,0.0,0.0,0.0,1,13074,13074,13074,25985,12059,10158,9917,18861,1,1,4025,25429,8004,1,1,18762,25170,1.0,0:27,2015,2016
2015-16,203482,Kelly Olynyk,Kelly,1610612738,BOS,Boston Celtics,21500116,2015-11-11T00:00:00,BOS vs. IND,L,14.7,0.0,0.0,0.0,2.0,3.0,10.0,2.0,12.0,0.0,1.0,2.0,1.0,6.5,1,13074,13074,13074,19982,12059,10158,9917,12984,5109,20509,4025,18637,8004,17214,11390,12373,21519,1.0,14:40,2015,2016
2015-16,1897,Metta World Peace,Metta,1610612747,LAL,Los Angeles Lakers,21500114,2015-11-11T00:00:00,LAL @ ORL,L,27.2,0.0,0.0,3.0,2.0,5.0,13.0,5.0,18.0,1.0,1.0,0.0,1.0,17.9,1,13074,13074,13074,9862,12059,10158,3302,12984,8403,23668,11593,13577,2692,17214,1,12373,13229,1.0,27:11,2015,2016
2015-16,101138,Brandon Bass,Brandon,1610612747,LAL,Los Angeles Lakers,21500114,2015-11-11T00:00:00,LAL @ ORL,L,12.8,0.0,2.0,0.0,4.0,8.0,4.0,3.0,10.0,0.0,1.0,3.0,0.0,13.0,1,13074,13074,13074,21095,12059,4731,9917,8599,13914,8458,7328,20209,8004,17214,17641,18762,16969,1.0,12:46,2015,2016
2015-16,201167,Arron Afflalo,Arron,1610612752,NYK,New York Knicks,21500113,2015-11-11T00:00:00,NYK @ CHA,L,28.4,2.0,2.0,2.0,4.0,16.0,2.0,10.0,24.0,0.0,1.0,2.0,0.0,20.7,1,13074,13074,13074,8890,6026,4731,4675,8599,23774,3734,20169,8723,8004,17214,11390,18762,11252,1.0,28:26,2015,2016
2015-16,2744,Al Jefferson,Al,1610612766,CHA,Charlotte Hornets,21500113,2015-11-11T00:00:00,CHA vs. NYK,W,22.6,2.0,2.0,0.0,2.0,2.0,4.0,2.0,14.0,0.0,0.0,1.0,0.0,13.0,1,1,1,1,13724,6026,4731,9917,12984,2619,8458,4025,17019,8004,1,4972,18762,16969,1.0,22:33,2015,2016
2015-16,1626181,Norman Powell,Norman,1610612761,TOR,Toronto Raptors,21500115,2015-11-11T00:00:00,TOR @ PHI,W,24.6,4.0,2.0,6.0,8.0,6.0,2.0,7.0,24.0,0.0,2.0,2.0,1.0,16.3,1,1,1,1,12000,2460,4731,740,3109,10028,3734,15538,8723,8004,23588,11390,12373,14372,1.0,24:37,2015,2016
2015-16,201229,Anthony Tolliver,Anthony,1610612765,DET,Detroit Pistons,21500122,2015-11-11T00:00:00,DET @ SAC,L,23.8,3.0,0.0,3.0,0.0,9.0,0.0,5.0,22.0,1.0,0.0,1.0,1.0,20.8,1,13074,13074,13074,12767,4307,10158,3302,18861,15771,1,11593,10265,2692,1,4972,12373,11195,1.0,23:46,2015,2016
2015-16,200755,JJ Redick,JJ,1610612746,LAC,LA Clippers,21500118,2015-11-11T00:00:00,LAC @ DAL,L,13.8,2.0,0.0,2.0,2.0,3.0,0.0,4.0,10.0,1.0,0.0,2.0,2.0,13.0,1,13074,13074,13074,20504,6026,10158,4675,12984,5109,1,8806,20209,2692,1,11390,7786,16969,1.0,13:50,2015,2016
2015-16,202338,Kevin Seraphin,Kevin,1610612752,NYK,New York Knicks,21500113,2015-11-11T00:00:00,NYK @ CHA,L,2.6,0.0,0.0,0.0,2.0,5.0,0.0,0.0,6.0,0.0,0.0,0.0,0.0,2.2,1,13074,13074,13074,25298,12059,10158,9917,12984,8403,1,1,22724,8004,1,1,18762,24138,1.0,2:34,2015,2016
2015-16,202337,Luke Babbitt,Luke,1610612740,NOP,New Orleans Pelicans,21500117,2015-11-11T00:00:00,NOP @ ATL,L,29.7,3.0,0.0,0.0,0.0,12.0,7.0,15.0,34.0,0.0,1.0,2.0,1.0,12.6,1,13074,13074,13074,7847,4307,10158,9917,18861,20178,15642,24242,2701,8004,17214,11390,12373,17277,1.0,29:39,2015,2016
2015-16,203093,Terrence Jones,Terrence,1610612745,HOU,Houston Rockets,21500119,2015-11-11T00:00:00,HOU vs. BKN,L,15.8,0.0,0.0,0.0,0.0,0.0,11.0,0.0,12.0,0.0,1.0,2.0,1.0,7.8,1,13074,13074,13074,19160,12059,10158,9917,18861,1,21814,1,18637,8004,17214,11390,12373,20696,1.0,15:50,2015,2016
2015-16,202341,James Anderson,James,1610612758,SAC,Sacramento Kings,21500122,2015-11-11T00:00:00,SAC vs. DET,W,17.2,0.0,0.0,0.0,0.0,4.0,4.0,3.0,10.0,0.0,0.0,3.0,0.0,2.2,1,1,1,1,18112,12059,10158,9917,18861,6141,8458,7328,20209,8004,1,17641,18762,24138,1.0,17:13,2015,2016
2015-16,203468,CJ McCollum,CJ,1610612757,POR,Portland Trail Blazers,21500123,2015-11-11T00:00:00,POR vs. SAS,L,36.3,0.0,2.0,0.0,8.0,6.0,2.0,4.0,30.0,0.0,1.0,1.0,2.0,21.2,1,13074,13074,13074,2577,12059,4731,9917,3109,10028,3734,8806,4541,8004,17214,4972,7786,10936,1.0,36:15,2015,2016
2015-16,203893,Russ Smith,Russ,1610612763,MEM,Memphis Grizzlies,21500120,2015-11-11T00:00:00,MEM vs. GSW,L,13.0,2.0,0.0,2.0,2.0,17.0,0.0,9.0,12.0,0.0,0.0,1.0,2.0,8.2,1,13074,13074,13074,20974,6026,10158,4675,12984,24337,1,18829,18637,8004,1,4972,7786,20416,1.0,13:00,2015,2016
2015-16,201577,Robin Lopez,Robin,1610612752,NYK,New York Knicks,21500113,2015-11-11T00:00:00,NYK @ CHA,L,30.9,0.0,0.0,0.0,0.0,14.0,2.0,10.0,26.0,1.0,1.0,1.0,0.0,17.8,1,13074,13074,13074,6773,12059,10158,9917,18861,22292,3734,20169,7214,2692,17214,4972,18762,13309,1.0,30:56,2015,2016
2015-16,203917,Nik Stauskas,Nik,1610612755,PHI,Philadelphia 76ers,21500115,2015-11-11T00:00:00,PHI vs. TOR,L,30.0,2.0,0.0,0.0,2.0,13.0,8.0,15.0,42.0,0.0,1.0,1.0,1.0,12.7,1,13074,13074,13074,7581,6026,10158,9917,12984,21300,17345,24242,670,8004,17214,4972,12373,17201,1.0,29:58,2015,2016
2015-16,203914,Gary Harris,Gary,1610612743,DEN,Denver Nuggets,21500121,2015-11-11T00:00:00,DEN vs. MIL,W,28.1,0.0,0.0,0.0,2.0,11.0,7.0,4.0,34.0,0.0,0.0,0.0,1.0,20.7,1,1,1,1,9126,12059,10158,9917,12984,18886,15642,8806,2701,8004,1,1,12373,11252,1.0,28:08,2015,2016
2015-16,201588,George Hill,George,1610612754,IND,Indiana Pacers,21500116,2015-11-11T00:00:00,IND @ BOS,W,36.6,3.0,0.0,3.0,2.0,16.0,7.0,9.0,34.0,0.0,0.0,5.0,1.0,18.3,1,1,1,1,2316,4307,10158,3302,12984,23774,15642,18829,2701,8004,1,24686,12373,12952,1.0,36:38,2015,2016
2015-16,200811,Lou Amundson,Lou,1610612752,NYK,New York Knicks,21500113,2015-11-11T00:00:00,NYK @ CHA,L,14.3,0.0,2.0,2.0,6.0,6.0,6.0,2.0,8.0,1.0,0.0,5.0,1.0,21.3,1,13074,13074,13074,20202,12059,4731,4675,5299,10028,13237,4025,21543,2692,1,24686,12373,10880,1.0,14:20,2015,2016
2015-16,203484,Kentavious Caldwell-Pope,Kentavious,1610612765,DET,Detroit Pistons,21500122,2015-11-11T00:00:00,DET @ SAC,L,40.2,0.0,0.0,5.0,4.0,15.0,7.0,8.0,30.0,1.0,1.0,4.0,2.0,16.2,1,13074,13074,13074,686,12059,10158,1277,8599,23079,15642,17194,4541,2692,17214,22104,7786,14436,1.0,40:11,2015,2016
2015-16,202335,Patrick Patterson,Patrick,1610612761,TOR,Toronto Raptors,21500115,2015-11-11T00:00:00,TOR @ PHI,W,25.5,2.0,2.0,3.0,4.0,6.0,2.0,10.0,28.0,0.0,0.0,0.0,0.0,20.9,1,1,1,1,11293,6026,4731,3302,8599,10028,3734,20169,5824,8004,1,1,18762,11132,1.0,25:30,2015,2016
2015-16,203382,Aron Baynes,Aron,1610612765,DET,Detroit Pistons,21500122,2015-11-11T00:00:00,DET @ SAC,L,13.4,0.0,0.0,0.0,2.0,4.0,0.0,5.0,12.0,0.0,0.0,1.0,2.0,3.2,1,13074,13074,13074,20754,12059,10158,9917,12984,6141,1,11593,18637,8004,1,4972,7786,23473,1.0,13:23,2015,2016
2015-16,201581,JJ Hickson,JJ,1610612743,DEN,Denver Nuggets,21500121,2015-11-11T00:00:00,DEN vs. MIL,W,28.8,2.0,0.0,2.0,10.0,16.0,12.0,9.0,36.0,1.0,0.0,2.0,1.0,20.9,1,1,1,1,8504,6026,10158,4675,1840,23774,22832,18829,1943,2692,1,11390,12373,11132,1.0,28:51,2015,2016
2015-16,201976,Patrick Beverley,Patrick,1610612745,HOU,Houston Rockets,21500119,2015-11-11T00:00:00,HOU vs. BKN,L,8.9,0.0,0.0,0.0,0.0,0.0,5.0,0.0,2.0,1.0,0.0,3.0,1.0,12.6,1,13074,13074,13074,22885,12059,10158,9917,18861,1,11469,1,24614,2692,1,17641,12373,17277,1.0,8:53,2015,2016
2015-16,201158,Marco Belinelli,Marco,1610612758,SAC,Sacramento Kings,21500122,2015-11-11T00:00:00,SAC vs. DET,W,27.8,4.0,0.0,0.0,0.0,16.0,6.0,13.0,28.0,0.0,0.0,4.0,2.0,8.0,1,1,1,1,9352,2460,10158,9917,18861,23774,13237,23048,5824,8004,1,22104,7786,20564,1.0,27:50,2015,2016
2015-16,203512,Lucas Nogueira,Lucas,1610612761,TOR,Toronto Raptors,21500115,2015-11-11T00:00:00,TOR @ PHI,W,1.2,0.0,0.0,0.0,0.0,0.0,0.0,0.0,2.0,1.0,0.0,0.0,0.0,3.0,1,1,1,1,25805,12059,10158,9917,18861,1,1,1,24614,2692,1,1,18762,23648,1.0,1:11,2015,2016
2015-16,203086,Meyers Leonard,Meyers,1610612757,POR,Portland Trail Blazers,21500123,2015-11-11T00:00:00,POR vs. SAS,L,23.9,0.0,0.0,0.0,0.0,6.0,2.0,3.0,14.0,0.0,0.0,1.0,1.0,16.0,1,13074,13074,13074,12621,12059,10158,9917,18861,10028,3734,7328,17019,8004,1,4972,12373,14590,1.0,23:56,2015,2016
2015-16,1626153,Delon Wright,Delon,1610612761,TOR,Toronto Raptors,21500115,2015-11-11T00:00:00,TOR @ PHI,W,2.6,0.0,0.0,0.0,0.0,0.0,0.0,0.0,2.0,0.0,1.0,0.0,0.0,2.4,1,1,1,1,25286,12059,10158,9917,18861,1,1,1,24614,8004,17214,1,18762,24024,1.0,2:36,2015,2016
2015-16,1718,Paul Pierce,Paul,1610612746,LAC,LA Clippers,21500118,2015-11-11T00:00:00,LAC @ DAL,L,21.6,4.0,3.0,0.0,0.0,6.0,6.0,6.0,12.0,0.0,0.0,2.0,1.0,21.4,1,13074,13074,13074,14552,2460,3104,9917,18861,10028,13237,13388,18637,8004,1,11390,12373,10807,1.0,21:33,2015,2016
2015-16,1626204,Larry Nance Jr.,Larry,1610612747,LAL,Los Angeles Lakers,21500114,2015-11-11T00:00:00,LAL @ ORL,L,20.0,0.0,2.0,2.0,6.0,14.0,6.0,2.0,12.0,0.0,0.0,2.0,0.0,18.1,1,13074,13074,13074,15903,12059,4731,4675,5299,22292,13237,4025,18637,8004,1,11390,18762,13090,1.0,20:01,2015,2016
2015-16,203473,Dewayne Dedmon,Dewayne,1610612753,ORL,Orlando Magic,21500114,2015-11-11T00:00:00,ORL vs. LAL,W,12.7,0.0,0.0,0.0,2.0,2.0,5.0,7.0,12.0,0.0,0.0,2.0,0.0,16.6,1,1,1,1,21145,12059,10158,9917,12984,2619,11469,15538,18637,8004,1,11390,18762,14125,1.0,12:41,2015,2016
2015-16,203080,Thomas Robinson,Thomas,1610612751,BKN,Brooklyn Nets,21500119,2015-11-11T00:00:00,BKN @ HOU,W,12.6,2.0,4.0,2.0,6.0,2.0,6.0,6.0,20.0,1.0,0.0,1.0,0.0,18.2,1,1,1,1,21198,6026,1596,4675,5299,2619,13237,13388,11929,2692,1,4972,18762,13004,1.0,12:37,2015,2016
2015-16,200757,Thabo Sefolosha,Thabo,1610612737,ATL,Atlanta Hawks,21500117,2015-11-11T00:00:00,ATL vs. NOP,W,24.2,3.0,0.0,2.0,2.0,3.0,3.0,9.0,18.0,1.0,0.0,0.0,2.0,21.0,1,1,1,1,12369,4307,10158,4675,12984,5109,7138,18829,13577,2692,1,1,7786,11077,1.0,24:13,2015,2016
2015-16,202498,Lance Thomas,Lance,1610612752,NYK,New York Knicks,21500113,2015-11-11T00:00:00,NYK @ CHA,L,14.9,0.0,0.0,0.0,0.0,11.0,6.0,2.0,16.0,0.0,0.0,2.0,0.0,2.7,1,13074,13074,13074,19814,12059,10158,9917,18861,18886,13237,4025,15259,8004,1,11390,18762,23884,1.0,14:55,2015,2016
2015-16,201574,Jason Thompson,Jason,1610612744,GSW,Golden State Warriors,21500120,2015-11-11T00:00:00,GSW @ MEM,W,1.0,0.0,0.0,0.0,0.0,0.0,0.0,0.0,0.0,0.0,0.0,0.0,0.0,2.0,1,1,1,1,25874,12059,10158,9917,18861,1,1,1,25429,8004,1,1,18762,24216,1.0,0:60,2015,2016
2015-16,203114,Khris Middleton,Khris,1610612749,MIL,Milwaukee Bucks,21500121,2015-11-11T00:00:00,MIL @ DEN,L,42.4,2.0,0.0,2.0,0.0,19.0,9.0,12.0,42.0,0.0,0.0,2.0,0.0,27.2,1,13074,13074,13074,255,6026,10158,4675,18861,25074,19144,22259,670,8004,1,11390,18762,7289,1.0,42:26,2015,2016
2015-16,201188,Marc Gasol,Marc,1610612763,MEM,Memphis Grizzlies,21500120,2015-11-11T00:00:00,MEM vs. GSW,L,39.8,3.0,2.0,2.0,6.0,8.0,8.0,9.0,26.0,0.0,2.0,3.0,14.0,42.9,1,13074,13074,13074,778,4307,4731,4675,5299,13914,17345,18829,7214,8004,23588,17641,9,1754,1.0,39:49,2015,2016
2015-16,1626147,Justin Anderson,Justin,1610612742,DAL,Dallas Mavericks,21500118,2015-11-11T00:00:00,DAL vs. LAC,W,10.4,3.0,0.0,3.0,2.0,4.0,4.0,2.0,8.0,1.0,0.0,1.0,0.0,15.4,1,1,1,1,22275,4307,10158,3302,12984,6141,8458,4025,21543,2692,1,4972,18762,15066,1.0,10:24,2015,2016
2015-16,203991,Clint Capela,Clint,1610612745,HOU,Houston Rockets,21500119,2015-11-11T00:00:00,HOU vs. BKN,L,10.8,2.0,2.0,2.0,8.0,2.0,10.0,0.0,12.0,2.0,0.0,2.0,0.0,15.4,1,13074,13074,13074,22127,6026,4731,4675,3109,2619,20509,1,18637,932,1,11390,18762,15066,1.0,10:46,2015,2016
2015-16,2561,David West,David,1610612759,SAS,San Antonio Spurs,21500123,2015-11-11T00:00:00,SAS @ POR,W,12.5,0.0,0.0,0.0,2.0,6.0,9.0,2.0,10.0,1.0,1.0,2.0,0.0,11.6,1,1,1,1,21279,12059,10158,9917,12984,10028,19144,4025,20209,2692,17214,11390,18762,17970,1.0,12:30,2015,2016
2015-16,202334,Ed Davis,Ed,1610612757,POR,Portland Trail Blazers,21500123,2015-11-11T00:00:00,POR vs. SAS,L,17.8,2.0,6.0,0.0,10.0,4.0,6.0,5.0,16.0,1.0,0.0,2.0,2.0,30.7,1,13074,13074,13074,17684,6026,481,9917,1840,6141,13237,11593,15259,2692,1,11390,7786,5539,1.0,17:47,2015,2016
2015-16,201978,Chase Budinger,Chase,1610612754,IND,Indiana Pacers,21500116,2015-11-11T00:00:00,IND @ BOS,W,21.7,3.0,3.0,4.0,6.0,10.0,7.0,4.0,26.0,2.0,0.0,2.0,1.0,20.6,1,1,1,1,14479,4307,3104,1913,5299,17370,15642,8806,7214,932,1,11390,12373,11314,1.0,21:39,2015,2016
2015-16,202699,Tobias Harris,Tobias,1610612753,ORL,Orlando Magic,21500114,2015-11-11T00:00:00,ORL vs. LAL,W,37.0,0.0,8.0,0.0,6.0,2.0,9.0,9.0,36.0,1.0,2.0,3.0,1.0,30.7,1,1,1,1,2097,12059,137,9917,5299,2619,19144,18829,1943,2692,23588,17641,12373,5539,1.0,36:58,2015,2016
2015-16,203939,Dwight Powell,Dwight,1610612742,DAL,Dallas Mavericks,21500118,2015-11-11T00:00:00,DAL vs. LAC,W,16.3,0.0,4.0,0.0,4.0,11.0,10.0,2.0,16.0,0.0,1.0,4.0,1.0,15.7,1,1,1,1,18817,12059,1596,9917,8599,18886,20509,4025,15259,8004,17214,22104,12373,14841,1.0,16:19,2015,2016
2015-16,201150,Spencer Hawes,Spencer,1610612766,CHA,Charlotte Hornets,21500113,2015-11-11T00:00:00,CHA vs. NYK,W,19.1,0.0,0.0,0.0,0.0,2.0,4.0,4.0,12.0,0.0,0.0,1.0,0.0,12.3,1,1,1,1,16591,12059,10158,9917,18861,2619,8458,8806,18637,8004,1,4972,18762,17524,1.0,19:08,2015,2016
2015-16,201583,Ryan Anderson,Ryan,1610612740,NOP,New Orleans Pelicans,21500117,2015-11-11T00:00:00,NOP @ ATL,L,35.0,0.0,4.0,0.0,4.0,22.0,10.0,13.0,36.0,0.0,2.0,1.0,3.0,27.2,1,13074,13074,13074,3534,12059,1596,9917,8599,25683,20509,23048,1943,8004,23588,4972,4736,7289,1.0,35:00,2015,2016
2015-16,2733,Shaun Livingston,Shaun,1610612744,GSW,Golden State Warriors,21500120,2015-11-11T00:00:00,GSW @ MEM,W,22.8,0.0,0.0,0.0,4.0,9.0,11.0,2.0,14.0,0.0,0.0,1.0,0.0,12.0,1,1,1,1,13570,12059,10158,9917,8599,15771,21814,4025,17019,8004,1,4972,18762,17703,1.0,22:45,2015,2016
2015-16,203096,Jared Sullinger,Jared,1610612738,BOS,Boston Celtics,21500116,2015-11-11T00:00:00,BOS vs. IND,L,33.0,2.0,4.0,0.0,8.0,13.0,6.0,11.0,40.0,0.0,0.0,3.0,2.0,26.2,1,13074,13074,13074,5104,6026,1596,9917,3109,21300,13237,21342,983,8004,1,17641,7786,7785,1.0,33:01,2015,2016
2015-16,1495,Tim Duncan,Tim,1610612759,SAS,San Antonio Spurs,21500123,2015-11-11T00:00:00,SAS @ POR,W,21.3,2.0,0.0,0.0,4.0,0.0,8.0,9.0,14.0,2.0,0.0,3.0,3.0,30.2,1,1,1,1,14761,6026,10158,9917,8599,1,17345,18829,17019,932,1,17641,4736,5751,1.0,21:19,2015,2016
2015-16,202391,Jeremy Lin,Jeremy,1610612766,CHA,Charlotte Hornets,21500113,2015-11-11T00:00:00,CHA vs. NYK,W,21.1,0.0,0.0,0.0,8.0,2.0,6.0,4.0,12.0,0.0,1.0,2.0,4.0,30.9,1,1,1,1,14945,12059,10158,9917,3109,2619,13237,8806,18637,8004,17214,11390,2748,5452,1.0,21:08,2015,2016
2015-16,203507,Giannis Antetokounmpo,Giannis,1610612749,MIL,Milwaukee Bucks,21500121,2015-11-11T00:00:00,MIL @ DEN,L,29.1,2.0,2.0,2.0,12.0,14.0,8.0,12.0,36.0,2.0,0.0,5.0,3.0,30.9,1,13074,13074,13074,8267,6026,4731,4675,988,22292,17345,22259,1943,932,1,24686,4736,5452,1.0,29:09,2015,2016
2015-16,201152,Thaddeus Young,Thaddeus,1610612751,BKN,Brooklyn Nets,21500119,2015-11-11T00:00:00,BKN @ HOU,W,22.3,0.0,7.0,0.0,8.0,11.0,6.0,11.0,32.0,3.0,2.0,3.0,3.0,26.3,1,1,1,1,13954,12059,292,9917,3109,18886,13237,21342,3535,347,23588,17641,4736,7733,1.0,22:15,2015,2016
2015-16,2734,Devin Harris,Devin,1610612742,DAL,Dallas Mavericks,21500118,2015-11-11T00:00:00,DAL vs. LAC,W,26.0,1.0,0.0,2.0,0.0,17.0,8.0,6.0,22.0,0.0,0.0,3.0,4.0,15.7,1,1,1,1,10866,11535,10158,4675,18861,24337,17345,13388,10265,8004,1,17641,2748,14841,1.0,25:58,2015,2016
2015-16,101150,Lou Williams,Lou,1610612747,LAL,Los Angeles Lakers,21500114,2015-11-11T00:00:00,LAL @ ORL,L,28.9,0.0,0.0,0.0,2.0,18.0,8.0,2.0,18.0,0.0,0.0,1.0,4.0,20.1,1,13074,13074,13074,8434,12059,10158,9917,12984,24749,17345,4025,13577,8004,1,4972,2748,11685,1.0,28:55,2015,2016
2015-16,2594,Kyle Korver,Kyle,1610612737,ATL,Atlanta Hawks,21500117,2015-11-11T00:00:00,ATL vs. NOP,W,33.3,0.0,0.0,0.0,0.0,8.0,12.0,6.0,20.0,0.0,0.0,1.0,3.0,20.5,1,1,1,1,4888,12059,10158,9917,18861,13914,22832,13388,11929,8004,1,4972,4736,11401,1.0,33:19,2015,2016
2015-16,1626209,Mario Hezonja,Mario,1610612753,ORL,Orlando Magic,21500114,2015-11-11T00:00:00,ORL vs. LAL,W,19.3,3.0,2.0,0.0,0.0,3.0,4.0,2.0,14.0,1.0,0.0,2.0,3.0,12.4,1,1,1,1,16457,4307,4731,9917,18861,5109,8458,4025,17019,2692,1,11390,4736,17418,1.0,19:18,2015,2016
2015-16,204001,Kristaps Porziņģis,Kristaps,1610612752,NYK,New York Knicks,21500113,2015-11-11T00:00:00,NYK @ CHA,L,32.1,0.0,4.0,0.0,8.0,14.0,2.0,10.0,24.0,2.0,0.0,2.0,2.0,31.0,1,13074,13074,13074,5828,12059,1596,9917,3109,22292,3734,20169,8723,932,1,11390,7786,5406,1.0,32:04,2015,2016
2015-16,202687,Bismack Biyombo,Bismack,1610612761,TOR,Toronto Raptors,21500115,2015-11-11T00:00:00,TOR @ PHI,W,21.1,2.0,4.0,2.0,6.0,6.0,2.0,10.0,24.0,3.0,1.0,5.0,3.0,31.0,1,1,1,1,15008,6026,1596,4675,5299,10028,3734,20169,8723,347,17214,24686,4736,5406,1.0,21:04,2015,2016
2015-16,203515,Phil Pressey,Phil,1610612755,PHI,Philadelphia 76ers,21500115,2015-11-11T00:00:00,PHI vs. TOR,L,16.6,0.0,0.0,0.0,2.0,3.0,6.0,7.0,24.0,0.0,0.0,2.0,2.0,19.9,1,13074,13074,13074,18603,12059,10158,9917,12984,5109,13237,15538,8723,8004,1,11390,7786,11824,1.0,16:34,2015,2016
2015-16,200768,Kyle Lowry,Kyle,1610612761,TOR,Toronto Raptors,21500115,2015-11-11T00:00:00,TOR @ PHI,W,29.0,1.0,2.0,7.0,6.0,8.0,2.0,7.0,36.0,0.0,0.0,2.0,6.0,42.6,1,1,1,1,8413,11535,4731,454,5299,13914,3734,15538,1943,8004,1,11390,873,1822,1.0,28:57,2015,2016
2015-16,203944,Julius Randle,Julius,1610612747,LAL,Los Angeles Lakers,21500114,2015-11-11T00:00:00,LAL @ ORL,L,27.6,0.0,0.0,0.0,12.0,7.0,13.0,5.0,20.0,1.0,2.0,2.0,3.0,30.6,1,13074,13074,13074,9542,12059,10158,9917,988,12242,23668,11593,11929,2692,23588,11390,4736,5574,1.0,27:36,2015,2016
2015-16,2446,Rasual Butler,Rasual,1610612759,SAS,San Antonio Spurs,21500123,2015-11-11T00:00:00,SAS @ POR,W,15.2,0.0,0.0,2.0,2.0,6.0,4.0,2.0,12.0,0.0,0.0,0.0,0.0,15.1,1,1,1,1,19601,12059,10158,4675,12984,10028,8458,4025,18637,8004,1,1,18762,15328,1.0,15:14,2015,2016
2015-16,101139,CJ Miles,CJ,1610612754,IND,Indiana Pacers,21500116,2015-11-11T00:00:00,IND @ BOS,W,29.1,2.0,2.0,4.0,10.0,12.0,7.0,7.0,28.0,0.0,0.0,4.0,2.0,26.5,1,1,1,1,8304,6026,4731,1913,1840,20178,15642,15538,5824,8004,1,22104,7786,7627,1.0,29:06,2015,2016
2015-16,2738,Andre Iguodala,Andre,1610612744,GSW,Golden State Warriors,21500120,2015-11-11T00:00:00,GSW @ MEM,W,26.8,5.0,0.0,2.0,2.0,14.0,7.0,4.0,18.0,0.0,0.0,3.0,5.0,20.2,1,1,1,1,10235,1603,10158,4675,12984,22292,15642,8806,13577,8004,1,17641,1539,11610,1.0,26:45,2015,2016
2015-16,203499,Shane Larkin,Shane,1610612751,BKN,Brooklyn Nets,21500119,2015-11-11T00:00:00,BKN @ HOU,W,22.6,0.0,3.0,0.0,4.0,6.0,4.0,4.0,28.0,0.0,1.0,0.0,3.0,26.6,1,1,1,1,13676,12059,3104,9917,8599,10028,8458,8806,5824,8004,17214,1,4736,7566,1.0,22:37,2015,2016
2015-16,203471,Dennis Schröder,Dennis,1610612737,ATL,Atlanta Hawks,21500117,2015-11-11T00:00:00,ATL vs. NOP,W,22.2,2.0,3.0,0.0,6.0,3.0,3.0,7.0,16.0,0.0,0.0,1.0,1.0,20.4,1,1,1,1,14007,6026,3104,9917,5299,5109,7138,15538,15259,8004,1,4972,12373,11453,1.0,22:12,2015,2016
2015-16,2585,Zaza Pachulia,Zaza,1610612742,DAL,Dallas Mavericks,21500118,2015-11-11T00:00:00,DAL vs. LAC,W,30.8,0.0,2.0,0.0,4.0,10.0,13.0,6.0,22.0,2.0,0.0,4.0,6.0,30.5,1,1,1,1,6894,12059,4731,9917,8599,17370,23668,13388,10265,932,1,22104,873,5620,1.0,30:49,2015,2016
2015-16,2440,Matt Barnes,Matt,1610612763,MEM,Memphis Grizzlies,21500120,2015-11-11T00:00:00,MEM vs. GSW,L,25.5,0.0,0.0,0.0,0.0,21.0,0.0,9.0,14.0,0.0,2.0,4.0,0.0,11.6,1,13074,13074,13074,11274,12059,10158,9917,18861,25535,1,18829,17019,8004,23588,22104,18762,17970,1.0,25:32,2015,2016
2015-16,201961,Wayne Ellington,Wayne,1610612751,BKN,Brooklyn Nets,21500119,2015-11-11T00:00:00,BKN @ HOU,W,18.5,0.0,5.0,0.0,2.0,4.0,4.0,8.0,22.0,0.0,1.0,0.0,0.0,11.9,1,1,1,1,17080,12059,995,9917,12984,6141,8458,17194,10265,8004,17214,1,18762,17760,1.0,18:31,2015,2016
2015-16,101108,Chris Paul,Chris,1610612746,LAC,LA Clippers,21500118,2015-11-11T00:00:00,LAC @ DAL,L,34.5,0.0,3.0,0.0,0.0,11.0,4.0,6.0,20.0,0.0,0.0,2.0,4.0,26.7,1,13074,13074,13074,3914,12059,3104,9917,18861,18886,8458,13388,11929,8004,1,11390,2748,7525,1.0,34:33,2015,2016
2015-16,203081,Damian Lillard,Damian,1610612757,POR,Portland Trail Blazers,21500123,2015-11-11T00:00:00,POR vs. SAS,L,36.9,2.0,3.0,6.0,4.0,10.0,4.0,5.0,36.0,0.0,1.0,3.0,9.0,42.7,1,13074,13074,13074,2116,6026,3104,740,8599,17370,8458,11593,1943,8004,17214,17641,138,1800,1.0,36:56,2015,2016
2015-16,203903,Jordan Clarkson,Jordan,1610612747,LAL,Los Angeles Lakers,21500114,2015-11-11T00:00:00,LAL @ ORL,L,25.5,2.0,0.0,2.0,4.0,12.0,15.0,7.0,22.0,0.0,0.0,0.0,2.0,11.9,1,13074,13074,13074,11276,6026,10158,4675,8599,20178,24781,15538,10265,8004,1,1,7786,17760,1.0,25:32,2015,2016
2015-16,201935,James Harden,James,1610612745,HOU,Houston Rockets,21500119,2015-11-11T00:00:00,HOU vs. BKN,L,38.4,7.0,0.0,7.0,10.0,8.0,26.0,8.0,38.0,0.0,1.0,2.0,5.0,41.8,1,13074,13074,13074,1307,548,10158,454,1840,13914,26061,17194,1422,8004,17214,11390,1539,1981,1.0,38:26,2015,2016
2015-16,201156,Nick Young,Nick,1610612747,LAL,Los Angeles Lakers,21500108,2015-11-10T00:00:00,LAL @ MIA,L,25.5,0.0,6.0,0.0,0.0,11.0,9.0,4.0,24.0,1.0,1.0,0.0,0.0,27.4,1,13074,13074,13074,11280,12059,481,9917,18861,18886,19144,8806,8723,2692,17214,1,18762,7179,1.0,25:31,2015,2016
2015-16,203460,Andre Roberson,Andre,1610612760,OKC,Oklahoma City Thunder,21500107,2015-11-10T00:00:00,OKC @ WAS,W,24.9,0.0,0.0,2.0,4.0,8.0,8.0,13.0,26.0,1.0,0.0,2.0,0.0,15.7,1,1,1,1,11748,12059,10158,4675,8599,13914,17345,23048,7214,2692,1,11390,18762,14841,1.0,24:54,2015,2016
2015-16,202087,Alonzo Gee,Alonzo,1610612740,NOP,New Orleans Pelicans,21500112,2015-11-10T00:00:00,NOP vs. DAL,W,22.3,4.0,2.0,4.0,8.0,6.0,10.0,4.0,28.0,0.0,1.0,6.0,0.0,20.4,1,1,1,1,13936,2460,4731,1913,3109,10028,20509,8806,5824,8004,17214,25827,18762,11453,1.0,22:16,2015,2016
2015-16,200826,J.J. Barea,J.J.,1610612742,DAL,Dallas Mavericks,21500112,2015-11-10T00:00:00,DAL @ NOP,L,22.2,0.0,0.0,3.0,4.0,6.0,2.0,8.0,28.0,0.0,1.0,3.0,1.0,20.3,1,13074,13074,13074,14035,12059,10158,3302,8599,10028,3734,17194,5824,8004,17214,17641,12373,11534,1.0,22:10,2015,2016
2015-16,201587,Nicolas Batum,Nicolas,1610612766,CHA,Charlotte Hornets,21500111,2015-11-10T00:00:00,CHA @ MIN,W,35.1,3.0,0.0,0.0,4.0,15.0,12.0,17.0,24.0,2.0,1.0,3.0,1.0,30.7,1,1,1,1,3440,4307,10158,9917,8599,23079,22832,24967,8723,932,17214,17641,12373,5539,1.0,35:08,2015,2016
2015-16,203940,Adreian Payne,Adreian,1610612750,MIN,Minnesota Timberwolves,21500111,2015-11-10T00:00:00,MIN vs. CHA,L,20.1,0.0,2.0,0.0,2.0,6.0,2.0,5.0,16.0,0.0,0.0,2.0,1.0,20.0,1,13074,13074,13074,15811,12059,4731,9917,12984,10028,3734,11593,15259,8004,1,11390,12373,11752,1.0,20:07,2015,2016
2015-16,1626156,D'Angelo Russell,D'Angelo,1610612747,LAL,Los Angeles Lakers,21500108,2015-11-10T00:00:00,LAL @ MIA,L,21.1,0.0,0.0,0.0,2.0,12.0,16.0,6.0,20.0,0.0,0.0,1.0,0.0,15.8,1,13074,13074,13074,14986,12059,10158,9917,12984,20178,25155,13388,11929,8004,1,4972,18762,14754,1.0,21:05,2015,2016
2015-16,2547,Chris Bosh,Chris,1610612748,MIA,Miami Heat,21500108,2015-11-10T00:00:00,MIA vs. LAL,W,32.7,6.0,5.0,0.0,6.0,9.0,8.0,12.0,20.0,0.0,2.0,2.0,7.0,40.2,1,1,1,1,5350,878,995,9917,5299,15771,17345,22259,11929,8004,23588,11390,469,2323,1.0,32:41,2015,2016
2015-16,2546,Carmelo Anthony,Carmelo,1610612752,NYK,New York Knicks,21500109,2015-11-10T00:00:00,NYK @ TOR,W,33.0,3.0,2.0,0.0,2.0,9.0,13.0,9.0,38.0,0.0,1.0,2.0,4.0,41.3,1,1,1,1,5097,4307,4731,9917,12984,15771,23668,18829,1422,8004,17214,11390,2748,2074,1.0,33:02,2015,2016
2015-16,202337,Luke Babbitt,Luke,1610612740,NOP,New Orleans Pelicans,21500112,2015-11-10T00:00:00,NOP vs. DAL,W,24.1,0.0,0.0,3.0,0.0,7.0,0.0,7.0,28.0,0.0,0.0,3.0,0.0,11.9,1,1,1,1,12439,12059,10158,3302,18861,12242,1,15538,5824,8004,1,17641,18762,17760,1.0,24:08,2015,2016
2015-16,101111,Charlie Villanueva,Charlie,1610612742,DAL,Dallas Mavericks,21500112,2015-11-10T00:00:00,DAL @ NOP,L,26.5,2.0,0.0,0.0,8.0,9.0,10.0,9.0,28.0,1.0,1.0,1.0,1.0,30.8,1,13074,13074,13074,10481,6026,10158,9917,3109,15771,20509,18829,5824,2692,17214,4972,12373,5493,1.0,26:28,2015,2016
2015-16,203918,Rodney Hood,Rodney,1610612762,UTA,Utah Jazz,21500106,2015-11-10T00:00:00,UTA @ CLE,L,29.7,5.0,0.0,5.0,4.0,10.0,7.0,11.0,26.0,0.0,0.0,6.0,5.0,26.6,1,13074,13074,13074,7802,1603,10158,1277,8599,17370,15642,21342,7214,8004,1,25827,1539,7566,1.0,29:43,2015,2016
2015-16,201567,Kevin Love,Kevin,1610612739,CLE,Cleveland Cavaliers,21500106,2015-11-10T00:00:00,CLE vs. UTA,W,40.0,0.0,4.0,0.0,0.0,27.0,9.0,18.0,42.0,0.0,0.0,2.0,4.0,40.1,1,1,1,1,736,12059,1596,9917,18861,26014,19144,25228,670,8004,1,11390,2748,2345,1.0,39:59,2015,2016
2015-16,201942,DeMar DeRozan,DeMar,1610612761,TOR,Toronto Raptors,21500109,2015-11-10T00:00:00,TOR vs. NYK,L,38.7,3.0,4.0,6.0,16.0,11.0,16.0,7.0,30.0,0.0,1.0,1.0,5.0,40.0,1,13074,13074,13074,1189,4307,1596,740,275,18886,25155,15538,4541,8004,17214,4972,1539,2364,1.0,38:41,2015,2016
2015-16,2419,Tayshaun Prince,Tayshaun,1610612750,MIN,Minnesota Timberwolves,21500111,2015-11-10T00:00:00,MIN vs. CHA,L,30.5,3.0,0.0,0.0,0.0,8.0,2.0,5.0,26.0,0.0,0.0,2.0,4.0,15.2,1,13074,13074,13074,7105,4307,10158,9917,18861,13914,3734,11593,7214,8004,1,11390,2748,15219,1.0,30:30,2015,2016
2015-16,203079,Dion Waiters,Dion,1610612760,OKC,Oklahoma City Thunder,21500107,2015-11-10T00:00:00,OKC @ WAS,W,23.4,2.0,0.0,2.0,4.0,8.0,7.0,3.0,22.0,0.0,0.0,1.0,5.0,26.9,1,1,1,1,13052,6026,10158,4675,8599,13914,15642,7328,10265,8004,1,4972,1539,7438,1.0,23:23,2015,2016
2015-16,203114,Khris Middleton,Khris,1610612749,MIL,Milwaukee Bucks,21500110,2015-11-10T00:00:00,MIL vs. BOS,L,37.2,0.0,0.0,5.0,2.0,15.0,12.0,13.0,26.0,1.0,1.0,1.0,6.0,20.4,1,13074,13074,13074,1936,12059,10158,1277,12984,23079,22832,23048,7214,2692,17214,4972,873,11453,1.0,37:14,2015,2016
2015-16,201579,Roy Hibbert,Roy,1610612747,LAL,Los Angeles Lakers,21500108,2015-11-10T00:00:00,LAL @ MIA,L,24.0,0.0,0.0,0.0,2.0,18.0,18.0,6.0,24.0,3.0,0.0,2.0,1.0,15.9,1,13074,13074,13074,12549,12059,10158,9917,12984,24749,25634,13388,8723,347,1,11390,12373,14675,1.0,24:00,2015,2016
2015-16,203939,Dwight Powell,Dwight,1610612742,DAL,Dallas Mavericks,21500112,2015-11-10T00:00:00,DAL @ NOP,L,16.7,0.0,6.0,0.0,8.0,4.0,4.0,4.0,22.0,1.0,0.0,4.0,2.0,20.7,1,13074,13074,13074,18486,12059,481,9917,3109,6141,8458,8806,10265,2692,1,22104,7786,11252,1.0,16:43,2015,2016
2015-16,202397,Ish Smith,Ish,1610612740,NOP,New Orleans Pelicans,21500112,2015-11-10T00:00:00,NOP vs. DAL,W,27.1,0.0,0.0,2.0,12.0,11.0,6.0,9.0,46.0,1.0,0.0,2.0,4.0,42.6,1,1,1,1,9921,12059,10158,4675,988,18886,13237,18829,298,2692,1,11390,2748,1822,1.0,27:07,2015,2016
2015-16,202498,Lance Thomas,Lance,1610612752,NYK,New York Knicks,21500109,2015-11-10T00:00:00,NYK @ TOR,W,22.2,0.0,2.0,0.0,4.0,8.0,8.0,7.0,30.0,0.0,0.0,2.0,2.0,20.6,1,1,1,1,13976,12059,4731,9917,8599,13914,17345,15538,4541,8004,1,11390,7786,11314,1.0,22:14,2015,2016
2015-16,1626162,Kelly Oubre Jr.,Kelly,1610612764,WAS,Washington Wizards,21500107,2015-11-10T00:00:00,WAS vs. OKC,L,25.8,2.0,3.0,2.0,2.0,7.0,3.0,6.0,18.0,0.0,0.0,4.0,2.0,13.6,1,13074,13074,13074,10991,6026,3104,4675,12984,12242,7138,13388,13577,8004,1,22104,7786,16460,1.0,25:50,2015,2016
2015-16,202683,Enes Freedom,Enes,1610612760,OKC,Oklahoma City Thunder,21500107,2015-11-10T00:00:00,OKC @ WAS,W,23.1,0.0,1.0,0.0,6.0,5.0,7.0,7.0,24.0,0.0,1.0,1.0,2.0,17.7,1,1,1,1,13268,12059,9709,9917,5299,8403,15642,15538,8723,8004,17214,4972,7786,13380,1.0,23:07,2015,2016
2015-16,101181,Jose Calderon,Jose,1610612752,NYK,New York Knicks,21500109,2015-11-10T00:00:00,NYK @ TOR,W,29.2,0.0,0.0,0.0,0.0,6.0,14.0,5.0,34.0,0.0,1.0,3.0,0.0,17.6,1,1,1,1,8209,12059,10158,9917,18861,10028,24300,11593,2701,8004,17214,17641,18762,13443,1.0,29:12,2015,2016
2015-16,201586,Serge Ibaka,Serge,1610612760,OKC,Oklahoma City Thunder,21500107,2015-11-10T00:00:00,OKC @ WAS,W,30.4,0.0,7.0,2.0,10.0,11.0,10.0,11.0,26.0,0.0,0.0,3.0,3.0,32.7,1,1,1,1,7155,12059,292,4675,1840,18886,20509,21342,7214,8004,1,17641,4736,4649,1.0,30:26,2015,2016
2015-16,203109,Jae Crowder,Jae,1610612738,BOS,Boston Celtics,21500110,2015-11-10T00:00:00,BOS @ MIL,W,36.9,5.0,0.0,2.0,2.0,13.0,7.0,11.0,30.0,0.0,0.0,3.0,3.0,28.4,1,1,1,1,2162,1603,10158,4675,12984,21300,15642,21342,4541,8004,1,17641,4736,6663,1.0,36:53,2015,2016
2015-16,203526,Raul Neto,Raul,1610612762,UTA,Utah Jazz,21500106,2015-11-10T00:00:00,UTA @ CLE,L,12.6,0.0,0.0,0.0,0.0,2.0,0.0,4.0,8.0,0.0,0.0,3.0,0.0,13.5,1,13074,13074,13074,21244,12059,10158,9917,18861,2619,1,8806,21543,8004,1,17641,18762,16552,1.0,12:33,2015,2016
2015-16,204001,Kristaps Porziņģis,Kristaps,1610612752,NYK,New York Knicks,21500109,2015-11-10T00:00:00,NYK @ TOR,W,20.4,2.0,4.0,2.0,4.0,4.0,9.0,4.0,22.0,0.0,1.0,3.0,1.0,13.7,1,1,1,1,15545,6026,1596,4675,8599,6141,19144,8806,10265,8004,17214,17641,12373,16393,1.0,20:26,2015,2016
2015-16,2210,Richard Jefferson,Richard,1610612739,CLE,Cleveland Cavaliers,21500106,2015-11-10T00:00:00,CLE vs. UTA,W,25.7,0.0,0.0,3.0,4.0,12.0,5.0,7.0,26.0,1.0,0.0,3.0,4.0,16.9,1,1,1,1,11094,12059,10158,3302,8599,20178,11469,15538,7214,2692,1,17641,2748,13911,1.0,25:43,2015,2016
2015-16,201609,Goran Dragic,Goran,1610612748,MIA,Miami Heat,21500108,2015-11-10T00:00:00,MIA vs. LAL,W,29.5,0.0,0.0,0.0,2.0,9.0,0.0,8.0,18.0,0.0,2.0,3.0,0.0,13.5,1,1,1,1,7986,12059,10158,9917,12984,15771,1,17194,13577,8004,23588,17641,18762,16552,1.0,29:30,2015,2016
2015-16,201583,Ryan Anderson,Ryan,1610612740,NOP,New Orleans Pelicans,21500112,2015-11-10T00:00:00,NOP vs. DAL,W,28.5,0.0,8.0,0.0,8.0,8.0,10.0,4.0,28.0,0.0,0.0,3.0,4.0,37.7,1,1,1,1,8864,12059,137,9917,3109,13914,20509,8806,5824,8004,1,17641,2748,2990,1.0,28:27,2015,2016
2015-16,202324,Derrick Favors,Derrick,1610612762,UTA,Utah Jazz,21500106,2015-11-10T00:00:00,UTA @ CLE,L,35.4,2.0,4.0,0.0,12.0,10.0,7.0,11.0,30.0,0.0,1.0,3.0,4.0,38.8,1,13074,13074,13074,3264,6026,1596,9917,988,17370,15642,21342,4541,8004,17214,17641,2748,2692,1.0,35:21,2015,2016
2015-16,203500,Steven Adams,Steven,1610612760,OKC,Oklahoma City Thunder,21500107,2015-11-10T00:00:00,OKC @ WAS,W,20.6,0.0,0.0,0.0,4.0,9.0,8.0,7.0,18.0,1.0,0.0,4.0,3.0,17.2,1,1,1,1,15386,12059,10158,9917,8599,15771,17345,15538,13577,2692,1,22104,4736,13725,1.0,20:36,2015,2016
2015-16,204028,Tarik Black,Tarik,1610612747,LAL,Los Angeles Lakers,21500108,2015-11-10T00:00:00,LAL @ MIA,L,13.5,0.0,0.0,0.0,2.0,2.0,2.0,2.0,8.0,1.0,1.0,4.0,0.0,13.4,1,13074,13074,13074,20693,12059,10158,9917,12984,2619,3734,4025,21543,2692,17214,22104,18762,16614,1.0,13:31,2015,2016
2015-16,101135,David Lee,David,1610612738,BOS,Boston Celtics,21500110,2015-11-10T00:00:00,BOS @ MIL,W,21.0,2.0,4.0,0.0,8.0,9.0,4.0,3.0,16.0,2.0,0.0,2.0,2.0,28.5,1,1,1,1,15039,6026,1596,9917,3109,15771,8458,7328,15259,932,1,11390,7786,6613,1.0,21:01,2015,2016
2015-16,202689,Kemba Walker,Kemba,1610612766,CHA,Charlotte Hornets,21500111,2015-11-10T00:00:00,CHA @ MIN,W,35.0,4.0,0.0,0.0,6.0,15.0,10.0,17.0,28.0,0.0,0.0,0.0,4.0,22.0,1,1,1,1,3509,2460,10158,9917,5299,23079,20509,24967,5824,8004,1,1,2748,10388,1.0,35:02,2015,2016
2015-16,203497,Rudy Gobert,Rudy,1610612762,UTA,Utah Jazz,21500106,2015-11-10T00:00:00,UTA @ CLE,L,33.5,6.0,3.0,4.0,12.0,12.0,5.0,9.0,26.0,0.0,1.0,2.0,2.0,31.9,1,13074,13074,13074,4770,878,3104,1913,988,20178,11469,18829,7214,8004,17214,11390,7786,4984,1.0,33:28,2015,2016
2015-16,202709,Cory Joseph,Cory,1610612761,TOR,Toronto Raptors,21500109,2015-11-10T00:00:00,TOR vs. NYK,L,26.8,0.0,0.0,0.0,6.0,4.0,6.0,10.0,18.0,0.0,1.0,1.0,3.0,33.2,1,13074,13074,13074,10184,12059,10158,9917,5299,6141,13237,20169,13577,8004,17214,4972,4736,4462,1.0,26:48,2015,2016
2015-16,2756,Sasha Vujacic,Sasha,1610612752,NYK,New York Knicks,21500109,2015-11-10T00:00:00,NYK @ TOR,W,20.6,2.0,2.0,0.0,0.0,4.0,9.0,4.0,22.0,0.0,0.0,3.0,1.0,17.2,1,1,1,1,15404,6026,4731,9917,18861,6141,19144,8806,10265,8004,1,17641,12373,13725,1.0,20:35,2015,2016
2015-16,101161,Amir Johnson,Amir,1610612738,BOS,Boston Celtics,21500110,2015-11-10T00:00:00,BOS @ MIL,W,23.5,2.0,0.0,0.0,4.0,12.0,4.0,9.0,22.0,1.0,1.0,1.0,1.0,16.8,1,1,1,1,12976,6026,10158,9917,8599,20178,8458,18829,10265,2692,17214,4972,12373,13996,1.0,23:29,2015,2016
2015-16,101162,Marcin Gortat,Marcin,1610612764,WAS,Washington Wizards,21500107,2015-11-10T00:00:00,WAS vs. OKC,L,27.2,0.0,6.0,1.0,8.0,1.0,9.0,9.0,26.0,1.0,0.0,1.0,5.0,22.1,1,13074,13074,13074,9851,12059,481,9347,3109,2356,19144,18829,7214,2692,1,4972,1539,10332,1.0,27:12,2015,2016
2015-16,201973,Jonas Jerebko,Jonas,1610612738,BOS,Boston Celtics,21500110,2015-11-10T00:00:00,BOS @ MIL,W,15.1,0.0,0.0,0.0,2.0,5.0,4.0,2.0,10.0,1.0,0.0,3.0,2.0,13.7,1,1,1,1,19698,12059,10158,9917,12984,8403,8458,4025,20209,2692,1,17641,7786,16393,1.0,15:05,2015,2016
2015-16,201577,Robin Lopez,Robin,1610612752,NYK,New York Knicks,21500109,2015-11-10T00:00:00,NYK @ TOR,W,29.0,0.0,8.0,0.0,12.0,9.0,12.0,9.0,34.0,4.0,0.0,6.0,1.0,39.6,1,1,1,1,8386,12059,137,9917,988,15771,22832,18829,2701,132,1,25827,12373,2474,1.0,28:60,2015,2016
2015-16,1626147,Justin Anderson,Justin,1610612742,DAL,Dallas Mavericks,21500112,2015-11-10T00:00:00,DAL @ NOP,L,15.4,2.0,0.0,2.0,6.0,5.0,0.0,5.0,12.0,0.0,0.0,0.0,1.0,13.9,1,13074,13074,13074,19514,6026,10158,4675,5299,8403,1,11593,18637,8004,1,1,12373,16232,1.0,15:21,2015,2016
2015-16,203469,Cody Zeller,Cody,1610612766,CHA,Charlotte Hornets,21500111,2015-11-10T00:00:00,CHA @ MIN,W,24.3,7.0,5.0,0.0,10.0,2.0,6.0,6.0,10.0,0.0,2.0,4.0,3.0,27.7,1,1,1,1,12301,548,995,9917,1840,2619,13237,13388,20209,8004,23588,22104,4736,7008,1.0,24:18,2015,2016
2015-16,202323,Evan Turner,Evan,1610612738,BOS,Boston Celtics,21500110,2015-11-10T00:00:00,BOS @ MIL,W,28.6,4.0,4.0,2.0,10.0,6.0,7.0,5.0,12.0,0.0,0.0,2.0,1.0,39.0,1,1,1,1,8697,2460,1596,4675,1840,10028,15642,11593,18637,8004,1,11390,12373,2642,1.0,28:38,2015,2016
2015-16,202692,Alec Burks,Alec,1610612762,UTA,Utah Jazz,21500106,2015-11-10T00:00:00,UTA @ CLE,L,30.2,6.0,0.0,3.0,6.0,7.0,6.0,5.0,24.0,0.0,0.0,5.0,4.0,32.1,1,13074,13074,13074,7363,878,10158,3302,5299,12242,13237,11593,8723,8004,1,24686,2748,4889,1.0,30:11,2015,2016
2015-16,203903,Jordan Clarkson,Jordan,1610612747,LAL,Los Angeles Lakers,21500108,2015-11-10T00:00:00,LAL @ MIA,L,31.0,2.0,0.0,4.0,6.0,17.0,13.0,8.0,32.0,0.0,3.0,1.0,2.0,17.4,1,13074,13074,13074,6727,6026,10158,1913,5299,24337,23668,17194,3535,8004,25441,4972,7786,13595,1.0,30:59,2015,2016
2015-16,202713,Kyle Singler,Kyle,1610612760,OKC,Oklahoma City Thunder,21500107,2015-11-10T00:00:00,OKC @ WAS,W,19.0,0.0,0.0,0.0,0.0,3.0,5.0,10.0,20.0,0.0,0.0,4.0,1.0,13.6,1,1,1,1,16722,12059,10158,9917,18861,5109,11469,20169,11929,8004,1,22104,12373,16460,1.0,18:58,2015,2016
2015-16,203504,Trey Burke,Trey,1610612762,UTA,Utah Jazz,21500106,2015-11-10T00:00:00,UTA @ CLE,L,24.2,4.0,0.0,6.0,8.0,13.0,5.0,8.0,22.0,0.0,3.0,1.0,1.0,23.9,1,13074,13074,13074,12409,2460,10158,740,3109,21300,11469,17194,10265,8004,25441,4972,12373,9184,1.0,24:10,2015,2016
2015-16,202738,Isaiah Thomas,Isaiah,1610612738,BOS,Boston Celtics,21500110,2015-11-10T00:00:00,BOS @ MIL,W,34.2,2.0,2.0,6.0,4.0,11.0,7.0,9.0,32.0,0.0,1.0,0.0,5.0,23.9,1,1,1,1,4187,6026,4731,740,8599,18886,15642,18829,3535,8004,17214,1,1539,9184,1.0,34:12,2015,2016
2015-16,201566,Russell Westbrook,Russell,1610612760,OKC,Oklahoma City Thunder,21500107,2015-11-10T00:00:00,OKC @ WAS,W,27.8,3.0,2.0,2.0,4.0,8.0,8.0,13.0,24.0,0.0,1.0,0.0,3.0,49.7,1,1,1,1,9404,4307,4731,4675,8599,13914,17345,23048,8723,8004,17214,1,4736,789,1.0,27:46,2015,2016
2015-16,202344,Trevor Booker,Trevor,1610612762,UTA,Utah Jazz,21500106,2015-11-10T00:00:00,UTA @ CLE,L,19.3,0.0,0.0,0.0,2.0,4.0,4.0,5.0,14.0,0.0,0.0,4.0,1.0,7.5,1,13074,13074,13074,16443,12059,10158,9917,12984,6141,8458,11593,17019,8004,1,22104,12373,20874,1.0,19:19,2015,2016
2015-16,203897,Zach LaVine,Zach,1610612750,MIN,Minnesota Timberwolves,21500111,2015-11-10T00:00:00,MIN vs. CHA,L,36.6,5.0,3.0,6.0,12.0,13.0,4.0,5.0,32.0,0.0,1.0,2.0,2.0,36.0,1,13074,13074,13074,2364,1603,3104,740,988,21300,8458,11593,3535,8004,17214,11390,7786,3463,1.0,36:34,2015,2016
2015-16,202357,Nemanja Bjelica,Nemanja,1610612750,MIN,Minnesota Timberwolves,21500111,2015-11-10T00:00:00,MIN vs. CHA,L,27.7,2.0,0.0,2.0,2.0,16.0,5.0,0.0,28.0,1.0,0.0,4.0,2.0,29.4,1,13074,13074,13074,9430,6026,10158,4675,12984,23774,11469,1,5824,2692,1,22104,7786,6143,1.0,27:44,2015,2016
2015-16,202684,Tristan Thompson,Tristan,1610612739,CLE,Cleveland Cavaliers,21500106,2015-11-10T00:00:00,CLE vs. UTA,W,27.6,2.0,3.0,0.0,4.0,13.0,5.0,11.0,26.0,3.0,0.0,2.0,4.0,24.4,1,1,1,1,9557,6026,3104,9917,8599,21300,11469,21342,7214,347,1,11390,2748,8867,1.0,27:35,2015,2016
2015-16,201142,Kevin Durant,Kevin,1610612760,OKC,Oklahoma City Thunder,21500107,2015-11-10T00:00:00,OKC @ WAS,W,16.8,0.0,0.0,5.0,4.0,4.0,8.0,4.0,12.0,0.0,0.0,0.0,2.0,30.0,1,1,1,1,18459,12059,10158,1277,8599,6141,17345,8806,18637,8004,1,1,7786,5840,1.0,16:45,2015,2016
2015-16,201569,Eric Gordon,Eric,1610612740,NOP,New Orleans Pelicans,21500112,2015-11-10T00:00:00,NOP vs. DAL,W,33.9,2.0,3.0,2.0,2.0,10.0,10.0,7.0,30.0,1.0,3.0,1.0,1.0,29.9,1,1,1,1,4442,6026,3104,4675,12984,17370,20509,15538,4541,2692,25441,4972,12373,5884,1.0,33:53,2015,2016
2015-16,202322,John Wall,John,1610612764,WAS,Washington Wizards,21500107,2015-11-10T00:00:00,WAS vs. OKC,L,25.1,2.0,0.0,2.0,4.0,1.0,9.0,9.0,26.0,0.0,0.0,2.0,1.0,24.9,1,13074,13074,13074,11629,6026,10158,4675,8599,2356,19144,18829,7214,8004,1,11390,12373,8553,1.0,25:04,2015,2016
2015-16,1717,Dirk Nowitzki,Dirk,1610612742,DAL,Dallas Mavericks,21500112,2015-11-10T00:00:00,DAL @ NOP,L,19.8,4.0,0.0,0.0,6.0,9.0,6.0,14.0,16.0,0.0,0.0,0.0,3.0,24.8,1,13074,13074,13074,16065,2460,10158,9917,5299,15771,13237,23710,15259,8004,1,1,4736,8614,1.0,19:48,2015,2016
2015-16,203087,Jeremy Lamb,Jeremy,1610612766,CHA,Charlotte Hornets,21500111,2015-11-10T00:00:00,CHA @ MIN,W,22.9,4.0,2.0,3.0,8.0,10.0,14.0,4.0,18.0,0.0,0.0,1.0,0.0,24.8,1,1,1,1,13448,2460,4731,3302,3109,17370,24300,8806,13577,8004,1,4972,18762,8614,1.0,22:55,2015,2016
2015-16,202389,Timofey Mozgov,Timofey,1610612739,CLE,Cleveland Cavaliers,21500106,2015-11-10T00:00:00,CLE vs. UTA,W,19.0,0.0,0.0,0.0,0.0,14.0,4.0,9.0,24.0,1.0,0.0,3.0,3.0,7.4,1,1,1,1,16681,12059,10158,9917,18861,22292,8458,18829,8723,2692,1,17641,4736,20912,1.0,19:02,2015,2016
2015-16,204038,Langston Galloway,Langston,1610612752,NYK,New York Knicks,21500109,2015-11-10T00:00:00,NYK @ TOR,W,27.8,2.0,0.0,3.0,6.0,11.0,11.0,11.0,36.0,0.0,1.0,3.0,2.0,24.8,1,1,1,1,9366,6026,10158,3302,5299,18886,21814,21342,1943,8004,17214,17641,7786,8614,1.0,27:49,2015,2016
2015-16,202355,Hassan Whiteside,Hassan,1610612748,MIA,Miami Heat,21500108,2015-11-10T00:00:00,MIA vs. LAL,W,27.1,6.0,7.0,0.0,14.0,5.0,0.0,6.0,16.0,3.0,0.0,1.0,5.0,46.0,1,1,1,1,9912,878,292,9917,542,8403,1,13388,15259,347,1,4972,1539,1198,1.0,27:07,2015,2016
2015-16,202328,Greg Monroe,Greg,1610612749,MIL,Milwaukee Bucks,21500110,2015-11-10T00:00:00,MIL vs. BOS,L,32.9,2.0,4.0,0.0,12.0,10.0,12.0,13.0,22.0,1.0,1.0,2.0,3.0,43.8,1,13074,13074,13074,5241,6026,1596,9917,988,17370,22832,23048,10265,2692,17214,11390,4736,1587,1.0,32:51,2015,2016
2015-16,202391,Jeremy Lin,Jeremy,1610612766,CHA,Charlotte Hornets,21500111,2015-11-10T00:00:00,CHA @ MIN,W,25.9,0.0,0.0,0.0,6.0,2.0,6.0,4.0,12.0,0.0,0.0,1.0,6.0,24.7,1,1,1,1,10896,12059,10158,9917,5299,2619,13237,8806,18637,8004,1,4972,873,8673,1.0,25:56,2015,2016
2015-16,2590,Mo Williams,Mo,1610612739,CLE,Cleveland Cavaliers,21500106,2015-11-10T00:00:00,CLE vs. UTA,W,35.7,3.0,0.0,2.0,0.0,23.0,7.0,16.0,34.0,0.0,0.0,1.0,7.0,46.2,1,1,1,1,2957,4307,10158,4675,18861,25803,15642,24641,2701,8004,1,4972,469,1175,1.0,35:44,2015,2016
2015-16,201573,Jerryd Bayless,Jerryd,1610612749,MIL,Milwaukee Bucks,21500110,2015-11-10T00:00:00,MIL vs. BOS,L,29.6,2.0,0.0,2.0,0.0,12.0,8.0,8.0,20.0,0.0,1.0,3.0,2.0,24.4,1,13074,13074,13074,7923,6026,10158,4675,18861,20178,17345,17194,11929,8004,17214,17641,7786,8867,1.0,29:33,2015,2016
2015-16,2544,LeBron James,LeBron,1610612739,CLE,Cleveland Cavaliers,21500106,2015-11-10T00:00:00,CLE vs. UTA,W,37.9,5.0,2.0,5.0,20.0,27.0,10.0,18.0,44.0,0.0,0.0,2.0,10.0,52.4,1,1,1,1,1575,1603,4731,1277,59,26014,20509,25228,454,8004,1,11390,76,549,1.0,37:51,2015,2016
2015-16,101107,Marvin Williams,Marvin,1610612766,CHA,Charlotte Hornets,21500111,2015-11-10T00:00:00,CHA @ MIN,W,35.4,4.0,0.0,2.0,2.0,13.0,12.0,15.0,28.0,2.0,0.0,4.0,2.0,29.0,1,1,1,1,3208,2460,10158,4675,12984,21300,22832,24242,5824,932,1,22104,7786,6346,1.0,35:25,2015,2016
2015-16,202330,Gordon Hayward,Gordon,1610612762,UTA,Utah Jazz,21500106,2015-11-10T00:00:00,UTA @ CLE,L,34.6,6.0,4.0,2.0,8.0,10.0,5.0,11.0,30.0,0.0,1.0,5.0,4.0,29.6,1,13074,13074,13074,3878,878,1596,4675,3109,17370,11469,21342,4541,8004,17214,24686,2748,6050,1.0,34:35,2015,2016
2015-16,200768,Kyle Lowry,Kyle,1610612761,TOR,Toronto Raptors,21500109,2015-11-10T00:00:00,TOR vs. NYK,L,37.0,6.0,2.0,8.0,12.0,7.0,18.0,6.0,22.0,1.0,2.0,5.0,4.0,51.7,1,13074,13074,13074,2089,878,4731,280,988,12242,25634,13388,10265,2692,23588,24686,2748,595,1.0,36:59,2015,2016
2015-16,1626157,Karl-Anthony Towns,Karl-Anthony,1610612750,MIN,Minnesota Timberwolves,21500111,2015-11-10T00:00:00,MIN vs. CHA,L,30.2,3.0,3.0,2.0,6.0,11.0,4.0,5.0,24.0,3.0,2.0,3.0,4.0,47.6,1,13074,13074,13074,7396,4307,3104,4675,5299,18886,8458,11593,8723,347,23588,17641,2748,1003,1.0,30:10,2015,2016
2015-16,201571,D.J. Augustin,D.J.,1610612760,OKC,Oklahoma City Thunder,21500107,2015-11-10T00:00:00,OKC @ WAS,W,16.9,0.0,0.0,0.0,0.0,6.0,7.0,1.0,18.0,0.0,0.0,2.0,1.0,11.6,1,1,1,1,18369,12059,10158,9917,18861,10028,15642,3646,13577,8004,1,11390,12373,17970,1.0,16:52,2015,2016
2015-16,201196,Ramon Sessions,Ramon,1610612764,WAS,Washington Wizards,21500107,2015-11-10T00:00:00,WAS vs. OKC,L,22.8,4.0,0.0,5.0,8.0,6.0,3.0,4.0,16.0,1.0,0.0,2.0,3.0,28.9,1,13074,13074,13074,13553,2460,10158,1277,3109,10028,7138,8806,15259,2692,1,11390,4736,6414,1.0,22:46,2015,2016
2015-16,2449,Luis Scola,Luis,1610612761,TOR,Toronto Raptors,21500109,2015-11-10T00:00:00,TOR vs. NYK,L,21.7,2.0,3.0,0.0,6.0,7.0,10.0,2.0,14.0,0.0,1.0,0.0,5.0,23.9,1,13074,13074,13074,14477,6026,3104,9917,5299,12242,20509,4025,17019,8004,17214,1,1539,9184,1.0,21:39,2015,2016
2015-16,2755,Kevin Martin,Kevin,1610612750,MIN,Minnesota Timberwolves,21500111,2015-11-10T00:00:00,MIN vs. CHA,L,39.6,2.0,0.0,7.0,6.0,19.0,5.0,5.0,36.0,0.0,1.0,5.0,4.0,26.1,1,13074,13074,13074,857,6026,10158,454,5299,25074,11469,11593,1943,8004,17214,24686,2748,7836,1.0,39:35,2015,2016
2015-16,201177,Josh McRoberts,Josh,1610612748,MIA,Miami Heat,21500108,2015-11-10T00:00:00,MIA vs. LAL,W,18.4,2.0,0.0,2.0,4.0,5.0,8.0,2.0,6.0,0.0,1.0,1.0,1.0,14.3,1,1,1,1,17200,6026,10158,4675,8599,8403,17345,4025,22724,8004,17214,4972,12373,15948,1.0,18:23,2015,2016
2015-16,202685,Jonas Valančiūnas,Jonas,1610612761,TOR,Toronto Raptors,21500109,2015-11-10T00:00:00,TOR vs. NYK,L,31.8,2.0,6.0,0.0,12.0,9.0,16.0,6.0,24.0,0.0,0.0,1.0,4.0,26.0,1,13074,13074,13074,6074,6026,481,9917,988,15771,25155,13388,8723,8004,1,4972,2748,7910,1.0,31:48,2015,2016
2015-16,201962,Toney Douglas,Toney,1610612740,NOP,New Orleans Pelicans,21500112,2015-11-10T00:00:00,NOP vs. DAL,W,25.4,3.0,0.0,3.0,0.0,7.0,0.0,7.0,32.0,0.0,0.0,4.0,1.0,19.2,1,1,1,1,11410,4307,10158,3302,18861,12242,1,15538,3535,8004,1,22104,12373,12284,1.0,25:21,2015,2016
2015-16,2585,Zaza Pachulia,Zaza,1610612742,DAL,Dallas Mavericks,21500112,2015-11-10T00:00:00,DAL @ NOP,L,20.7,0.0,4.0,0.0,6.0,9.0,12.0,14.0,20.0,0.0,0.0,1.0,6.0,25.5,1,13074,13074,13074,15341,12059,1596,9917,5299,15771,22832,23710,11929,8004,1,4972,873,8230,1.0,20:40,2015,2016
2015-16,202335,Patrick Patterson,Patrick,1610612761,TOR,Toronto Raptors,21500109,2015-11-10T00:00:00,TOR vs. NYK,L,19.4,2.0,0.0,0.0,4.0,4.0,4.0,11.0,16.0,0.0,0.0,2.0,0.0,10.2,1,13074,13074,13074,16375,6026,10158,9917,8599,6141,8458,21342,15259,8004,1,11390,18762,19003,1.0,19:25,2015,2016
2015-16,2548,Dwyane Wade,Dwyane,1610612748,MIA,Miami Heat,21500108,2015-11-10T00:00:00,MIA vs. LAL,W,24.7,6.0,4.0,0.0,4.0,3.0,0.0,6.0,16.0,1.0,1.0,2.0,3.0,25.4,1,1,1,1,11898,878,1596,9917,8599,5109,1,13388,15259,2692,17214,11390,4736,8273,1.0,24:44,2015,2016
2015-16,203490,Otto Porter Jr.,Otto,1610612764,WAS,Washington Wizards,21500107,2015-11-10T00:00:00,WAS vs. OKC,L,27.9,2.0,2.0,2.0,4.0,3.0,9.0,11.0,28.0,0.0,0.0,2.0,4.0,25.0,1,13074,13074,13074,9277,6026,4731,4675,8599,5109,19144,21342,5824,8004,1,11390,2748,8485,1.0,27:56,2015,2016
2015-16,203953,Jabari Parker,Jabari,1610612749,MIL,Milwaukee Bucks,21500110,2015-11-10T00:00:00,MIL vs. BOS,L,23.6,2.0,4.0,0.0,6.0,4.0,8.0,6.0,16.0,0.0,0.0,1.0,0.0,25.1,1,13074,13074,13074,12935,6026,1596,9917,5299,6141,17345,13388,15259,8004,1,4972,18762,8429,1.0,23:33,2015,2016
2015-16,201949,James Johnson,James,1610612761,TOR,Toronto Raptors,21500109,2015-11-10T00:00:00,TOR vs. NYK,L,29.5,2.0,0.0,0.0,0.0,4.0,16.0,3.0,20.0,3.0,1.0,4.0,3.0,25.1,1,13074,13074,13074,7987,6026,10158,9917,18861,6141,25155,7328,11929,347,17214,22104,4736,8429,1.0,29:29,2015,2016
2015-16,2734,Devin Harris,Devin,1610612742,DAL,Dallas Mavericks,21500112,2015-11-10T00:00:00,DAL @ NOP,L,19.2,4.0,0.0,4.0,6.0,2.0,2.0,4.0,24.0,1.0,0.0,1.0,4.0,19.1,1,13074,13074,13074,16554,2460,10158,1913,5299,2619,3734,8806,8723,2692,1,4972,2748,12372,1.0,19:11,2015,2016
2015-16,202390,Gary Neal,Gary,1610612764,WAS,Washington Wizards,21500107,2015-11-10T00:00:00,WAS vs. OKC,L,25.8,2.0,2.0,4.0,8.0,0.0,9.0,7.0,26.0,0.0,0.0,0.0,2.0,18.7,1,13074,13074,13074,11045,6026,4731,1913,3109,1,19144,15538,7214,8004,1,1,7786,12648,1.0,25:46,2015,2016
2015-16,101114,Deron Williams,Deron,1610612742,DAL,Dallas Mavericks,21500112,2015-11-10T00:00:00,DAL @ NOP,L,23.1,2.0,0.0,0.0,8.0,13.0,16.0,16.0,28.0,0.0,1.0,3.0,0.0,14.5,1,13074,13074,13074,13303,6026,10158,9917,3109,21300,25155,24641,5824,8004,17214,17641,18762,15799,1.0,23:05,2015,2016
2015-16,203944,Julius Randle,Julius,1610612747,LAL,Los Angeles Lakers,21500108,2015-11-10T00:00:00,LAL @ MIA,L,25.6,0.0,0.0,2.0,2.0,14.0,13.0,6.0,30.0,0.0,0.0,3.0,3.0,19.4,1,13074,13074,13074,11252,12059,10158,4675,12984,22292,23668,13388,4541,8004,1,17641,4736,12154,1.0,25:33,2015,2016
2015-16,202066,Garrett Temple,Garrett,1610612764,WAS,Washington Wizards,21500107,2015-11-10T00:00:00,WAS vs. OKC,L,21.0,0.0,0.0,0.0,6.0,6.0,3.0,4.0,16.0,0.0,0.0,3.0,3.0,14.6,1,13074,13074,13074,15034,12059,10158,9917,5299,10028,7138,8806,15259,8004,1,17641,4736,15699,1.0,21:02,2015,2016
2015-16,204060,Joe Ingles,Joe,1610612762,UTA,Utah Jazz,21500106,2015-11-10T00:00:00,UTA @ CLE,L,13.2,0.0,0.0,0.0,0.0,6.0,4.0,3.0,12.0,0.0,0.0,5.0,0.0,10.1,1,13074,13074,13074,20861,12059,10158,9917,18861,10028,8458,7328,18637,8004,1,24686,18762,19105,1.0,13:13,2015,2016
2015-16,2736,Luol Deng,Luol,1610612748,MIA,Miami Heat,21500108,2015-11-10T00:00:00,MIA vs. LAL,W,29.6,3.0,3.0,6.0,4.0,11.0,0.0,12.0,24.0,0.0,0.0,2.0,1.0,33.8,1,1,1,1,7866,4307,3104,740,8599,18886,1,22259,8723,8004,1,11390,12373,4244,1.0,29:37,2015,2016
2015-16,203096,Jared Sullinger,Jared,1610612738,BOS,Boston Celtics,21500110,2015-11-10T00:00:00,BOS @ MIL,W,20.0,0.0,2.0,2.0,4.0,9.0,7.0,6.0,22.0,1.0,0.0,2.0,2.0,33.5,1,1,1,1,15899,12059,4731,4675,8599,15771,15642,13388,10265,2692,1,11390,7786,4348,1.0,20:01,2015,2016
2015-16,203076,Anthony Davis,Anthony,1610612740,NOP,New Orleans Pelicans,21500112,2015-11-10T00:00:00,NOP vs. DAL,W,18.8,2.0,0.0,2.0,8.0,5.0,2.0,0.0,18.0,1.0,0.0,2.0,4.0,33.4,1,1,1,1,16838,6026,10158,4675,3109,8403,3734,1,13577,2692,1,11390,2748,4384,1.0,18:50,2015,2016
2015-16,1626154,RJ Hunter,RJ,1610612738,BOS,Boston Celtics,21500110,2015-11-10T00:00:00,BOS @ MIL,W,18.9,2.0,2.0,0.0,0.0,9.0,4.0,0.0,12.0,1.0,0.0,1.0,0.0,19.4,1,1,1,1,16763,6026,4731,9917,18861,15771,8458,1,18637,2692,1,4972,18762,12154,1.0,18:55,2015,2016
2015-16,2743,Kris Humphries,Kris,1610612764,WAS,Washington Wizards,21500107,2015-11-10T00:00:00,WAS vs. OKC,L,17.6,0.0,2.0,0.0,4.0,3.0,7.0,4.0,22.0,2.0,2.0,1.0,0.0,23.5,1,13074,13074,13074,17860,12059,4731,9917,8599,5109,15642,8806,10265,932,23588,4972,18762,9452,1.0,17:33,2015,2016
2015-16,1897,Metta World Peace,Metta,1610612747,LAL,Los Angeles Lakers,21500108,2015-11-10T00:00:00,LAL @ MIA,L,22.5,3.0,0.0,0.0,2.0,14.0,12.0,6.0,22.0,2.0,1.0,3.0,2.0,23.5,1,13074,13074,13074,13771,4307,10158,9917,12984,22292,22832,13388,10265,932,17214,17641,7786,9452,1.0,22:29,2015,2016
2015-16,202682,Derrick Williams,Derrick,1610612752,NYK,New York Knicks,21500109,2015-11-10T00:00:00,NYK @ TOR,W,7.8,2.0,0.0,2.0,0.0,6.0,4.0,5.0,10.0,0.0,0.0,0.0,2.0,14.9,1,1,1,1,23288,6026,10158,4675,18861,10028,8458,11593,20209,8004,1,1,7786,15463,1.0,7:45,2015,2016
2015-16,1626273,Marcelo Huertas,Marcelo,1610612747,LAL,Los Angeles Lakers,21500108,2015-11-10T00:00:00,LAL @ MIA,L,15.0,0.0,0.0,0.0,0.0,6.0,4.0,2.0,12.0,0.0,1.0,0.0,0.0,10.4,1,13074,13074,13074,19782,12059,10158,9917,18861,10028,8458,4025,18637,8004,17214,1,18762,18859,1.0,14:58,2015,2016
2015-16,204014,Damjan Rudez,Damjan,1610612750,MIN,Minnesota Timberwolves,21500111,2015-11-10T00:00:00,MIN vs. CHA,L,7.6,0.0,3.0,0.0,0.0,4.0,4.0,0.0,10.0,0.0,0.0,0.0,0.0,5.7,1,13074,13074,13074,23359,12059,3104,9917,18861,6141,8458,1,20209,8004,1,1,18762,22054,1.0,7:35,2015,2016
2015-16,2617,Udonis Haslem,Udonis,1610612748,MIA,Miami Heat,21500108,2015-11-10T00:00:00,MIA vs. LAL,W,2.5,0.0,0.0,0.0,0.0,2.0,0.0,2.0,4.0,0.0,0.0,0.0,0.0,1.2,1,1,1,1,25350,12059,10158,9917,18861,2619,1,4025,23698,8004,1,1,18762,24661,1.0,2:27,2015,2016
2015-16,201967,Dante Cunningham,Dante,1610612740,NOP,New Orleans Pelicans,21500112,2015-11-10T00:00:00,NOP vs. DAL,W,18.1,2.0,0.0,2.0,2.0,8.0,6.0,7.0,32.0,0.0,0.0,0.0,0.0,5.6,1,1,1,1,17461,6026,10158,4675,12984,13914,13237,15538,3535,8004,1,1,18762,22133,1.0,18:05,2015,2016
2015-16,201600,Omer Asik,Omer,1610612740,NOP,New Orleans Pelicans,21500112,2015-11-10T00:00:00,NOP vs. DAL,W,15.5,0.0,0.0,0.0,2.0,9.0,2.0,0.0,18.0,1.0,0.0,2.0,0.0,11.0,1,1,1,1,19386,12059,10158,9917,12984,15771,3734,1,13577,2692,1,11390,18762,18430,1.0,15:32,2015,2016
2015-16,1626170,Jerian Grant,Jerian,1610612752,NYK,New York Knicks,21500109,2015-11-10T00:00:00,NYK @ TOR,W,18.4,0.0,0.0,0.0,2.0,13.0,4.0,8.0,28.0,0.0,0.0,2.0,2.0,11.4,1,1,1,1,17181,12059,10158,9917,12984,21300,8458,17194,5824,8004,1,11390,7786,18134,1.0,18:24,2015,2016
2015-16,203187,Chris Johnson,Chris,1610612762,UTA,Utah Jazz,21500106,2015-11-10T00:00:00,UTA @ CLE,L,1.4,0.0,0.0,0.0,0.0,2.0,0.0,0.0,2.0,0.0,0.0,0.0,0.0,2.0,1,13074,13074,13074,25756,12059,10158,9917,18861,2619,1,1,24614,8004,1,1,18762,24216,1.0,1:21,2015,2016
2015-16,202718,Chandler Parsons,Chandler,1610612742,DAL,Dallas Mavericks,21500112,2015-11-10T00:00:00,DAL @ NOP,L,16.7,3.0,0.0,0.0,0.0,9.0,10.0,11.0,18.0,0.0,0.0,1.0,2.0,10.7,1,13074,13074,13074,18488,4307,10158,9917,18861,15771,20509,21342,13577,8004,1,4972,7786,18636,1.0,16:43,2015,2016
2015-16,2760,Anderson Varejao,Anderson,1610612739,CLE,Cleveland Cavaliers,21500106,2015-11-10T00:00:00,CLE vs. UTA,W,5.6,0.0,0.0,0.0,2.0,2.0,2.0,0.0,4.0,1.0,0.0,1.0,0.0,6.2,1,1,1,1,24149,12059,10158,9917,12984,2619,3734,1,23698,2692,1,4972,18762,21696,1.0,5:33,2015,2016
2015-16,202690,Jimmer Fredette,Jimmer,1610612740,NOP,New Orleans Pelicans,21500112,2015-11-10T00:00:00,NOP vs. DAL,W,5.4,2.0,0.0,2.0,2.0,4.0,0.0,0.0,10.0,0.0,0.0,1.0,0.0,6.5,1,1,1,1,24200,6026,10158,4675,12984,6141,1,1,20209,8004,1,4972,18762,21519,1.0,5:26,2015,2016
2015-16,203101,Miles Plumlee,Miles,1610612749,MIL,Milwaukee Bucks,21500110,2015-11-10T00:00:00,MIL vs. BOS,L,3.4,0.0,0.0,0.0,0.0,0.0,2.0,0.0,4.0,0.0,0.0,0.0,0.0,1.2,1,13074,13074,13074,24976,12059,10158,9917,18861,1,3734,1,23698,8004,1,1,18762,24661,1.0,3:22,2015,2016
2015-16,203798,PJ Hairston,PJ,1610612766,CHA,Charlotte Hornets,21500111,2015-11-10T00:00:00,CHA @ MIN,W,7.6,0.0,0.0,0.0,0.0,3.0,0.0,7.0,4.0,0.0,0.0,2.0,1.0,5.5,1,1,1,1,23345,12059,10158,9917,18861,5109,1,15538,23698,8004,1,11390,12373,22196,1.0,7:38,2015,2016
2015-16,2747,JR Smith,JR,1610612739,CLE,Cleveland Cavaliers,21500106,2015-11-10T00:00:00,CLE vs. UTA,W,22.2,4.0,0.0,4.0,4.0,14.0,4.0,8.0,24.0,0.0,0.0,4.0,2.0,10.7,1,1,1,1,14051,2460,10158,1913,8599,22292,8458,17194,8723,8004,1,22104,7786,18636,1.0,22:09,2015,2016
2015-16,203956,Mitch McGary,Mitch,1610612760,OKC,Oklahoma City Thunder,21500107,2015-11-10T00:00:00,OKC @ WAS,W,12.7,0.0,0.0,0.0,2.0,1.0,5.0,3.0,12.0,0.0,1.0,1.0,2.0,11.3,1,1,1,1,21112,12059,10158,9917,12984,2356,11469,7328,18637,8004,17214,4972,7786,18230,1.0,12:44,2015,2016
2015-16,2744,Al Jefferson,Al,1610612766,CHA,Charlotte Hornets,21500111,2015-11-10T00:00:00,CHA @ MIN,W,25.9,0.0,0.0,0.0,6.0,13.0,9.0,13.0,24.0,1.0,1.0,2.0,3.0,17.8,1,1,1,1,10918,12059,10158,9917,5299,21300,19144,23048,8723,2692,17214,11390,4736,13309,1.0,25:54,2015,2016
2015-16,101109,Raymond Felton,Raymond,1610612742,DAL,Dallas Mavericks,21500112,2015-11-10T00:00:00,DAL @ NOP,L,22.6,0.0,0.0,0.0,0.0,5.0,14.0,8.0,14.0,0.0,1.0,1.0,2.0,7.6,1,13074,13074,13074,13661,12059,10158,9917,18861,8403,24300,17194,17019,8004,17214,4972,7786,20803,1.0,22:38,2015,2016
2015-16,203482,Kelly Olynyk,Kelly,1610612738,BOS,Boston Celtics,21500110,2015-11-10T00:00:00,BOS @ MIL,W,22.1,2.0,0.0,3.0,6.0,4.0,7.0,2.0,12.0,0.0,0.0,3.0,2.0,13.2,1,1,1,1,14132,6026,10158,3302,5299,6141,15642,4025,18637,8004,1,17641,7786,16768,1.0,22:03,2015,2016
2015-16,101138,Brandon Bass,Brandon,1610612747,LAL,Los Angeles Lakers,21500108,2015-11-10T00:00:00,LAL @ MIA,L,10.5,4.0,0.0,4.0,6.0,5.0,1.0,2.0,14.0,0.0,0.0,3.0,0.0,8.4,1,13074,13074,13074,22237,2460,10158,1913,5299,8403,3393,4025,17019,8004,1,17641,18762,20273,1.0,10:29,2015,2016
2015-16,1626204,Larry Nance Jr.,Larry,1610612747,LAL,Los Angeles Lakers,21500108,2015-11-10T00:00:00,LAL @ MIA,L,20.0,0.0,0.0,2.0,4.0,11.0,8.0,4.0,14.0,0.0,0.0,1.0,0.0,8.6,1,13074,13074,13074,15906,12059,10158,4675,8599,18886,17345,8806,17019,8004,1,4972,18762,20125,1.0,20:00,2015,2016
2015-16,203124,Kyle O'Quinn,Kyle,1610612752,NYK,New York Knicks,21500109,2015-11-10T00:00:00,NYK @ TOR,W,12.0,0.0,0.0,1.0,2.0,2.0,2.0,5.0,14.0,2.0,1.0,1.0,2.0,20.7,1,1,1,1,21605,12059,10158,9347,12984,2619,3734,11593,17019,932,17214,4972,7786,11252,1.0,11:58,2015,2016
2015-16,2555,Nick Collison,Nick,1610612760,OKC,Oklahoma City Thunder,21500107,2015-11-10T00:00:00,OKC @ WAS,W,5.5,0.0,0.0,0.0,0.0,0.0,0.0,2.0,10.0,0.0,0.0,0.0,0.0,2.0,1,1,1,1,24180,12059,10158,9917,18861,1,1,4025,20209,8004,1,1,18762,24216,1.0,5:28,2015,2016
2015-16,204020,Tyler Johnson,Tyler,1610612748,MIA,Miami Heat,21500108,2015-11-10T00:00:00,MIA vs. LAL,W,28.8,0.0,2.0,0.0,4.0,13.0,8.0,10.0,18.0,2.0,0.0,0.0,3.0,21.4,1,1,1,1,8534,12059,4731,9917,8599,21300,17345,20169,13577,932,1,1,4736,10807,1.0,28:48,2015,2016
2015-16,203521,Matthew Dellavedova,Matthew,1610612739,CLE,Cleveland Cavaliers,21500106,2015-11-10T00:00:00,CLE vs. UTA,W,23.0,2.0,0.0,0.0,6.0,11.0,9.0,11.0,30.0,0.0,0.0,3.0,1.0,20.7,1,1,1,1,13396,6026,10158,9917,5299,18886,19144,21342,4541,8004,1,17641,12373,11252,1.0,22:59,2015,2016
2015-16,201950,Jrue Holiday,Jrue,1610612740,NOP,New Orleans Pelicans,21500112,2015-11-10T00:00:00,NOP vs. DAL,W,15.5,3.0,3.0,3.0,2.0,6.0,4.0,0.0,10.0,0.0,0.0,2.0,3.0,20.7,1,1,1,1,19414,4307,3104,3302,12984,10028,8458,1,20209,8004,1,11390,4736,11252,1.0,15:29,2015,2016
2015-16,1626159,Justise Winslow,Justise,1610612748,MIA,Miami Heat,21500108,2015-11-10T00:00:00,MIA vs. LAL,W,32.0,2.0,0.0,2.0,8.0,16.0,8.0,8.0,18.0,1.0,1.0,0.0,0.0,21.1,1,1,1,1,5914,6026,10158,4675,3109,23774,17345,17194,13577,2692,17214,1,18762,11012,1.0,31:58,2015,2016
2015-16,202338,Kevin Seraphin,Kevin,1610612752,NYK,New York Knicks,21500109,2015-11-10T00:00:00,NYK @ TOR,W,8.5,0.0,0.0,0.0,0.0,8.0,5.0,0.0,12.0,1.0,1.0,0.0,0.0,3.0,1,1,1,1,23028,12059,10158,9917,18861,13914,11469,1,18637,2692,17214,1,18762,23648,1.0,8:29,2015,2016
2015-16,1626257,Salah Mejri,Salah,1610612742,DAL,Dallas Mavericks,21500112,2015-11-10T00:00:00,DAL @ NOP,L,9.6,0.0,0.0,0.0,0.0,5.0,0.0,5.0,2.0,1.0,0.0,0.0,2.0,3.2,1,13074,13074,13074,22601,12059,10158,9917,18861,8403,1,11593,24614,2692,1,1,7786,23473,1.0,9:34,2015,2016
2015-16,200811,Lou Amundson,Lou,1610612752,NYK,New York Knicks,21500109,2015-11-10T00:00:00,NYK @ TOR,W,5.3,0.0,0.0,0.0,0.0,5.0,2.0,3.0,10.0,0.0,0.0,2.0,0.0,3.0,1,1,1,1,24272,12059,10158,9917,18861,8403,3734,7328,20209,8004,1,11390,18762,23648,1.0,5:16,2015,2016
2015-16,202687,Bismack Biyombo,Bismack,1610612761,TOR,Toronto Raptors,21500109,2015-11-10T00:00:00,TOR vs. NYK,L,16.2,0.0,4.0,0.0,4.0,2.0,2.0,7.0,10.0,2.0,1.0,2.0,1.0,16.6,1,13074,13074,13074,18882,12059,1596,9917,8599,2619,3734,15538,20209,932,17214,11390,12373,14125,1.0,16:12,2015,2016
2015-16,1626173,Rashad Vaughn,Rashad,1610612749,MIL,Milwaukee Bucks,21500110,2015-11-10T00:00:00,MIL vs. BOS,L,6.4,0.0,0.0,0.0,0.0,4.0,2.0,2.0,10.0,0.0,2.0,0.0,0.0,3.0,1,13074,13074,13074,23776,12059,10158,9917,18861,6141,3734,4025,20209,8004,23588,1,18762,23648,1.0,6:25,2015,2016
2015-16,201971,DeJuan Blair,DeJuan,1610612764,WAS,Washington Wizards,21500107,2015-11-10T00:00:00,WAS vs. OKC,L,17.4,2.0,0.0,0.0,4.0,4.0,1.0,4.0,12.0,0.0,0.0,6.0,2.0,16.8,1,13074,13074,13074,17946,6026,10158,9917,8599,6141,3393,8806,18637,8004,1,25827,7786,13996,1.0,17:26,2015,2016
2015-16,1626148,Anthony Brown,Anthony,1610612747,LAL,Los Angeles Lakers,21500108,2015-11-10T00:00:00,LAL @ MIA,L,2.9,0.0,0.0,0.0,0.0,0.0,0.0,0.0,2.0,0.0,0.0,0.0,0.0,3.0,1,13074,13074,13074,25163,12059,10158,9917,18861,1,1,1,24614,8004,1,1,18762,23648,1.0,2:54,2015,2016
2015-16,101150,Lou Williams,Lou,1610612747,LAL,Los Angeles Lakers,21500108,2015-11-10T00:00:00,LAL @ MIA,L,26.1,7.0,2.0,2.0,2.0,15.0,9.0,4.0,26.0,0.0,0.0,3.0,4.0,21.3,1,13074,13074,13074,10786,548,4731,4675,12984,23079,19144,8806,7214,8004,1,17641,2748,10880,1.0,26:04,2015,2016
2015-16,202083,Wesley Matthews,Wesley,1610612742,DAL,Dallas Mavericks,21500112,2015-11-10T00:00:00,DAL @ NOP,L,15.3,0.0,0.0,0.0,0.0,9.0,4.0,12.0,12.0,0.0,1.0,1.0,1.0,0.7,1,13074,13074,13074,19559,12059,10158,9917,18861,15771,8458,22259,18637,8004,17214,4972,12373,25042,1.0,15:18,2015,2016
2015-16,2592,James Jones,James,1610612739,CLE,Cleveland Cavaliers,21500106,2015-11-10T00:00:00,CLE vs. UTA,W,3.5,0.0,0.0,0.0,0.0,2.0,0.0,2.0,6.0,0.0,0.0,0.0,0.0,0.0,1,1,1,1,24946,12059,10158,9917,18861,2619,1,4025,22724,8004,1,1,18762,25170,1.0,3:27,2015,2016
2015-16,1626179,Terry Rozier,Terry,1610612738,BOS,Boston Celtics,21500110,2015-11-10T00:00:00,BOS @ MIL,W,0.8,0.0,0.0,0.0,0.0,2.0,0.0,0.0,2.0,0.0,0.0,0.0,0.0,0.0,1,1,1,1,25915,12059,10158,9917,18861,2619,1,1,24614,8004,1,1,18762,25170,1.0,0:49,2015,2016
2015-16,203898,Tyler Ennis,Tyler,1610612749,MIL,Milwaukee Bucks,21500110,2015-11-10T00:00:00,MIL vs. BOS,L,23.7,2.0,0.0,2.0,4.0,4.0,8.0,7.0,20.0,0.0,0.0,1.0,1.0,9.0,1,13074,13074,13074,12850,6026,10158,4675,8599,6141,17345,15538,11929,8004,1,4972,12373,19835,1.0,23:40,2015,2016
2015-16,1889,Andre Miller,Andre,1610612750,MIN,Minnesota Timberwolves,21500111,2015-11-10T00:00:00,MIN vs. CHA,L,3.0,0.0,0.0,0.0,0.0,3.0,0.0,0.0,2.0,0.0,0.0,0.0,0.0,0.0,1,13074,13074,13074,25110,12059,10158,9917,18861,5109,1,1,24614,8004,1,1,18762,25170,1.0,3:02,2015,2016
2015-16,203142,Chris Copeland,Chris,1610612749,MIL,Milwaukee Bucks,21500110,2015-11-10T00:00:00,MIL vs. BOS,L,5.4,0.0,0.0,0.0,0.0,2.0,2.0,0.0,6.0,0.0,0.0,0.0,0.0,0.0,1,13074,13074,13074,24200,12059,10158,9917,18861,2619,3734,1,22724,8004,1,1,18762,25170,1.0,5:26,2015,2016
2015-16,203089,John Henson,John,1610612749,MIL,Milwaukee Bucks,21500110,2015-11-10T00:00:00,MIL vs. BOS,L,10.0,2.0,2.0,0.0,2.0,11.0,0.0,2.0,12.0,0.0,0.0,1.0,2.0,6.6,1,13074,13074,13074,22459,6026,4731,9917,12984,18886,1,4025,18637,8004,1,4972,7786,21445,1.0,9:58,2015,2016
2015-16,202340,Avery Bradley,Avery,1610612738,BOS,Boston Celtics,21500110,2015-11-10T00:00:00,BOS @ MIL,W,18.1,2.0,0.0,0.0,0.0,8.0,4.0,8.0,18.0,0.0,0.0,1.0,0.0,7.1,1,1,1,1,17454,6026,10158,9917,18861,13914,8458,17194,13577,8004,1,4972,18762,21141,1.0,18:05,2015,2016
2015-16,202379,Jeremy Evans,Jeremy,1610612742,DAL,Dallas Mavericks,21500112,2015-11-10T00:00:00,DAL @ NOP,L,12.3,0.0,0.0,0.0,6.0,5.0,0.0,5.0,6.0,0.0,0.0,1.0,2.0,7.0,1,13074,13074,13074,21366,12059,10158,9917,5299,8403,1,11593,22724,8004,1,4972,7786,21188,1.0,12:21,2015,2016
2015-16,1626166,Cameron Payne,Cameron,1610612760,OKC,Oklahoma City Thunder,21500107,2015-11-10T00:00:00,OKC @ WAS,W,3.4,0.0,0.0,0.0,2.0,0.0,0.0,2.0,6.0,0.0,1.0,1.0,0.0,3.5,1,1,1,1,24976,12059,10158,9917,12984,1,1,4025,22724,8004,17214,4972,18762,23351,1.0,3:22,2015,2016
2015-16,1626168,Trey Lyles,Trey,1610612762,UTA,Utah Jazz,21500106,2015-11-10T00:00:00,UTA @ CLE,L,6.1,0.0,0.0,0.0,0.0,4.0,2.0,3.0,6.0,0.0,0.0,1.0,0.0,4.4,1,13074,13074,13074,23922,12059,10158,9917,18861,6141,3734,7328,22724,8004,1,4972,18762,22837,1.0,6:06,2015,2016
2015-16,201162,Jared Dudley,Jared,1610612764,WAS,Washington Wizards,21500107,2015-11-10T00:00:00,WAS vs. OKC,L,17.4,0.0,0.0,0.0,0.0,4.0,3.0,2.0,6.0,0.0,0.0,0.0,0.0,9.6,1,13074,13074,13074,17986,12059,10158,9917,18861,6141,7138,4025,22724,8004,1,1,18762,19434,1.0,17:22,2015,2016
2015-16,1626196,Josh Richardson,Josh,1610612748,MIA,Miami Heat,21500108,2015-11-10T00:00:00,MIA vs. LAL,W,14.8,0.0,0.0,0.0,0.0,7.0,8.0,4.0,10.0,0.0,0.0,1.0,1.0,7.0,1,1,1,1,19925,12059,10158,9917,18861,12242,17345,8806,20209,8004,1,4972,12373,21188,1.0,14:45,2015,2016
2015-16,1626181,Norman Powell,Norman,1610612761,TOR,Toronto Raptors,21500109,2015-11-10T00:00:00,TOR vs. NYK,L,1.6,0.0,0.0,0.0,0.0,0.0,0.0,3.0,2.0,0.0,0.0,0.0,0.0,0.0,1,13074,13074,13074,25666,12059,10158,9917,18861,1,1,7328,24614,8004,1,1,18762,25170,1.0,1:35,2015,2016
2015-16,203498,Shabazz Muhammad,Shabazz,1610612750,MIN,Minnesota Timberwolves,21500111,2015-11-10T00:00:00,MIN vs. CHA,L,14.2,0.0,2.0,0.0,2.0,9.0,3.0,0.0,12.0,0.0,0.0,0.0,1.0,4.2,1,13074,13074,13074,20269,12059,4731,9917,12984,15771,7138,1,18637,8004,1,1,12373,22976,1.0,14:13,2015,2016
2015-16,203507,Giannis Antetokounmpo,Giannis,1610612749,MIL,Milwaukee Bucks,21500110,2015-11-10T00:00:00,MIL vs. BOS,L,24.1,4.0,0.0,2.0,10.0,13.0,8.0,8.0,20.0,0.0,0.0,5.0,2.0,21.6,1,13074,13074,13074,12442,2460,10158,4675,1840,21300,17345,17194,11929,8004,1,24686,7786,10666,1.0,24:07,2015,2016
2015-16,203921,Cleanthony Early,Cleanthony,1610612752,NYK,New York Knicks,21500109,2015-11-10T00:00:00,NYK @ TOR,W,5.8,0.0,0.0,5.0,2.0,0.0,2.0,0.0,10.0,0.0,0.0,0.0,0.0,5.0,1,1,1,1,24041,12059,10158,1277,12984,1,3734,1,20209,8004,1,1,18762,22500,1.0,5:50,2015,2016
2015-16,201150,Spencer Hawes,Spencer,1610612766,CHA,Charlotte Hornets,21500111,2015-11-10T00:00:00,CHA @ MIN,W,19.1,0.0,0.0,0.0,2.0,0.0,6.0,0.0,4.0,0.0,0.0,3.0,0.0,9.4,1,1,1,1,16654,12059,10158,9917,12984,1,13237,1,23698,8004,1,17641,18762,19568,1.0,19:03,2015,2016
2015-16,203461,Anthony Bennett,Anthony,1610612761,TOR,Toronto Raptors,21500109,2015-11-10T00:00:00,TOR vs. NYK,L,17.4,0.0,0.0,0.0,0.0,7.0,2.0,10.0,14.0,0.0,0.0,1.0,2.0,6.6,1,13074,13074,13074,17970,12059,10158,9917,18861,12242,3734,20169,17019,8004,1,4972,7786,21445,1.0,17:24,2015,2016
2015-16,201582,Alexis Ajinca,Alexis,1610612740,NOP,New Orleans Pelicans,21500112,2015-11-10T00:00:00,NOP vs. DAL,W,5.4,0.0,0.0,0.0,0.0,4.0,0.0,0.0,10.0,1.0,0.0,1.0,0.0,7.2,1,1,1,1,24200,12059,10158,9917,18861,6141,1,1,20209,2692,1,4972,18762,21035,1.0,5:26,2015,2016
2015-16,201627,Anthony Morrow,Anthony,1610612760,OKC,Oklahoma City Thunder,21500107,2015-11-10T00:00:00,OKC @ WAS,W,15.7,2.0,2.0,0.0,2.0,7.0,2.0,4.0,22.0,0.0,1.0,3.0,0.0,3.2,1,1,1,1,19308,6026,4731,9917,12984,12242,3734,8806,10265,8004,17214,17641,18762,23473,1.0,15:39,2015,2016
2015-16,203948,Johnny O'Bryant III,Johnny,1610612749,MIL,Milwaukee Bucks,21500110,2015-11-10T00:00:00,MIL vs. BOS,L,13.1,1.0,1.0,0.0,0.0,11.0,0.0,7.0,10.0,0.0,1.0,1.0,1.0,6.8,1,13074,13074,13074,20945,11535,9709,9917,18861,18886,1,15538,20209,8004,17214,4972,12373,21328,1.0,13:03,2015,2016
2015-16,203148,Brian Roberts,Brian,1610612766,CHA,Charlotte Hornets,21500111,2015-11-10T00:00:00,CHA @ MIN,W,6.1,0.0,0.0,0.0,0.0,0.0,0.0,0.0,4.0,0.0,0.0,0.0,1.0,4.2,1,1,1,1,23933,12059,10158,9917,18861,1,1,1,23698,8004,1,1,12373,22976,1.0,6:04,2015,2016
2015-16,1626145,Tyus Jones,Tyus,1610612750,MIN,Minnesota Timberwolves,21500111,2015-11-10T00:00:00,MIN vs. CHA,L,12.5,0.0,0.0,0.0,0.0,10.0,3.0,0.0,14.0,0.0,0.0,1.0,2.0,6.7,1,13074,13074,13074,21270,12059,10158,9917,18861,17370,7138,1,17019,8004,1,4972,7786,21376,1.0,12:31,2015,2016
2015-16,203476,Gorgui Dieng,Gorgui,1610612750,MIN,Minnesota Timberwolves,21500111,2015-11-10T00:00:00,MIN vs. CHA,L,18.0,0.0,2.0,0.0,2.0,11.0,3.0,0.0,20.0,0.0,1.0,2.0,0.0,7.2,1,13074,13074,13074,17523,12059,4731,9917,12984,18886,7138,1,11929,8004,17214,11390,18762,21035,1.0,17:59,2015,2016
2015-16,2400,Drew Gooden,Drew,1610612764,WAS,Washington Wizards,21500107,2015-11-10T00:00:00,WAS vs. OKC,L,12.1,0.0,0.0,0.0,0.0,0.0,4.0,5.0,14.0,1.0,0.0,1.0,0.0,9.0,1,13074,13074,13074,21490,12059,10158,9917,18861,1,8458,11593,17019,2692,1,4972,18762,19835,1.0,12:04,2015,2016
2015-16,203923,James Young,James,1610612738,BOS,Boston Celtics,21500110,2015-11-10T00:00:00,BOS @ MIL,W,0.8,0.0,0.0,0.0,0.0,2.0,0.0,0.0,2.0,0.0,0.0,0.0,0.0,0.0,1,1,1,1,25915,12059,10158,9917,18861,2619,1,1,24614,8004,1,1,18762,25170,1.0,0:49,2015,2016
2015-16,202349,Greivis Vasquez,Greivis,1610612749,MIL,Milwaukee Bucks,21500110,2015-11-10T00:00:00,MIL vs. BOS,L,18.6,0.0,0.0,0.0,0.0,15.0,6.0,4.0,18.0,0.0,0.0,2.0,0.0,3.2,1,13074,13074,13074,17015,12059,10158,9917,18861,23079,13237,8806,13577,8004,1,11390,18762,23473,1.0,18:36,2015,2016
2015-16,1626163,Frank Kaminsky,Frank,1610612766,CHA,Charlotte Hornets,21500111,2015-11-10T00:00:00,CHA @ MIN,W,2.6,0.0,0.0,0.0,0.0,2.0,0.0,2.0,4.0,0.0,0.0,0.0,0.0,-1.0,1,1,1,1,25281,12059,10158,9917,18861,2619,1,4025,23698,8004,1,1,18762,25932,1.0,2:37,2015,2016
2015-16,203527,Ryan Kelly,Ryan,1610612747,LAL,Los Angeles Lakers,21500108,2015-11-10T00:00:00,LAL @ MIA,L,2.5,0.0,0.0,0.0,2.0,0.0,0.0,0.0,2.0,0.0,0.0,0.0,0.0,3.2,1,13074,13074,13074,25350,12059,10158,9917,12984,1,1,1,24614,8004,1,1,18762,23473,1.0,2:27,2015,2016
2015-16,203996,Damien Inglis,Damien,1610612749,MIL,Milwaukee Bucks,21500110,2015-11-10T00:00:00,MIL vs. BOS,L,12.2,3.0,0.0,0.0,2.0,4.0,2.0,5.0,16.0,0.0,0.0,1.0,1.0,7.1,1,13074,13074,13074,21429,4307,10158,9917,12984,6141,3734,11593,15259,8004,1,4972,12373,21141,1.0,12:12,2015,2016
2015-16,201228,C.J. Watson,C.J.,1610612753,ORL,Orlando Magic,21500099,2015-11-09T00:00:00,ORL @ IND,L,16.9,4.0,0.0,2.0,2.0,8.0,3.0,4.0,12.0,0.0,0.0,1.0,1.0,9.0,1,13074,13074,13074,18369,2460,10158,4675,12984,13914,7138,8806,18637,8004,1,4972,12373,19835,1.0,16:52,2015,2016
2015-16,1889,Andre Miller,Andre,1610612750,MIN,Minnesota Timberwolves,21500101,2015-11-09T00:00:00,MIN @ ATL,W,4.7,0.0,0.0,0.0,0.0,4.0,2.0,2.0,4.0,0.0,0.0,1.0,0.0,3.5,1,1,1,1,24464,12059,10158,9917,18861,6141,3734,4025,23698,8004,1,4972,18762,23351,1.0,4:42,2015,2016
2015-16,203090,Maurice Harkless,Maurice,1610612757,POR,Portland Trail Blazers,21500102,2015-11-09T00:00:00,POR @ DEN,L,14.3,2.0,0.0,2.0,2.0,4.0,0.0,5.0,10.0,0.0,1.0,0.0,1.0,9.1,1,13074,13074,13074,20220,6026,10158,4675,12984,6141,1,11593,20209,8004,17214,1,12373,19789,1.0,14:18,2015,2016
2015-16,2419,Tayshaun Prince,Tayshaun,1610612750,MIN,Minnesota Timberwolves,21500101,2015-11-09T00:00:00,MIN @ ATL,W,24.1,0.0,2.0,0.0,2.0,16.0,7.0,2.0,24.0,0.0,0.0,0.0,0.0,5.4,1,1,1,1,12470,12059,4731,9917,12984,23774,15642,4025,8723,8004,1,1,18762,22242,1.0,24:05,2015,2016
2015-16,1626209,Mario Hezonja,Mario,1610612753,ORL,Orlando Magic,21500099,2015-11-09T00:00:00,ORL @ IND,L,13.9,0.0,2.0,0.0,2.0,3.0,0.0,4.0,10.0,0.0,1.0,1.0,0.0,5.4,1,13074,13074,13074,20442,12059,4731,9917,12984,5109,1,8806,20209,8004,17214,4972,18762,22242,1.0,13:56,2015,2016
2015-16,203492,Ray McCallum,Ray,1610612759,SAS,San Antonio Spurs,21500103,2015-11-09T00:00:00,SAS @ SAC,W,3.5,0.0,0.0,0.0,0.0,2.0,0.0,5.0,2.0,0.0,0.0,0.0,1.0,0.5,1,1,1,1,24935,12059,10158,9917,18861,2619,1,11593,24614,8004,1,1,12373,25056,1.0,3:28,2015,2016
2015-16,2757,Beno Udrih,Beno,1610612763,MEM,Memphis Grizzlies,21500105,2015-11-09T00:00:00,MEM @ LAC,L,12.7,0.0,0.0,0.0,0.0,9.0,4.0,1.0,6.0,0.0,4.0,1.0,1.0,5.1,1,13074,13074,13074,21111,12059,10158,9917,18861,15771,8458,3646,22724,8004,25926,4972,12373,22478,1.0,12:44,2015,2016
2015-16,202362,Lance Stephenson,Lance,1610612746,LAC,LA Clippers,21500105,2015-11-09T00:00:00,LAC vs. MEM,W,20.9,0.0,0.0,0.0,0.0,10.0,12.0,8.0,26.0,0.0,0.0,0.0,0.0,4.1,1,1,1,1,15109,12059,10158,9917,18861,17370,22832,17194,7214,8004,1,1,18762,23131,1.0,20:56,2015,2016
2015-16,203493,Reggie Bullock Jr.,Reggie,1610612765,DET,Detroit Pistons,21500104,2015-11-09T00:00:00,DET @ GSW,L,0.7,0.0,0.0,0.0,0.0,2.0,0.0,0.0,2.0,0.0,0.0,1.0,0.0,-1.0,1,13074,13074,13074,25943,12059,10158,9917,18861,2619,1,1,24614,8004,1,4972,18762,25932,1.0,0:40,2015,2016
2015-16,203200,Justin Holiday,Justin,1610612737,ATL,Atlanta Hawks,21500101,2015-11-09T00:00:00,ATL vs. MIN,L,5.6,0.0,0.0,0.0,0.0,7.0,2.0,6.0,12.0,0.0,0.0,2.0,0.0,3.5,1,13074,13074,13074,24131,12059,10158,9917,18861,12242,3734,13388,18637,8004,1,11390,18762,23351,1.0,5:38,2015,2016
2015-16,201145,Jeff Green,Jeff,1610612763,MEM,Memphis Grizzlies,21500105,2015-11-09T00:00:00,MEM @ LAC,L,17.3,3.0,0.0,0.0,4.0,8.0,2.0,4.0,8.0,1.0,0.0,3.0,2.0,9.6,1,13074,13074,13074,18021,4307,10158,9917,8599,13914,3734,8806,21543,2692,1,17641,7786,19434,1.0,17:21,2015,2016
2015-16,203498,Shabazz Muhammad,Shabazz,1610612750,MIN,Minnesota Timberwolves,21500101,2015-11-09T00:00:00,MIN @ ATL,W,10.4,0.0,0.0,0.0,6.0,9.0,2.0,2.0,10.0,0.0,0.0,0.0,0.0,5.2,1,1,1,1,22297,12059,10158,9917,5299,15771,3734,4025,20209,8004,1,1,18762,22370,1.0,10:21,2015,2016
2015-16,202710,Jimmy Butler III,Jimmy,1610612741,CHI,Chicago Bulls,21500100,2015-11-09T00:00:00,CHI @ PHI,W,25.7,4.0,0.0,0.0,2.0,6.0,4.0,4.0,22.0,0.0,0.0,1.0,1.0,21.7,1,1,1,1,11157,2460,10158,9917,12984,10028,8458,8806,10265,8004,1,4972,12373,10592,1.0,25:39,2015,2016
2015-16,201168,Tiago Splitter,Tiago,1610612737,ATL,Atlanta Hawks,21500101,2015-11-09T00:00:00,ATL vs. MIN,L,16.4,0.0,0.0,0.0,4.0,5.0,8.0,4.0,16.0,0.0,0.0,0.0,3.0,9.6,1,13074,13074,13074,18719,12059,10158,9917,8599,8403,17345,8806,15259,8004,1,1,4736,19434,1.0,16:25,2015,2016
2015-16,2581,Steve Blake,Steve,1610612765,DET,Detroit Pistons,21500104,2015-11-09T00:00:00,DET @ GSW,L,18.3,0.0,0.0,0.0,0.0,7.0,6.0,10.0,12.0,0.0,0.0,0.0,0.0,6.9,1,13074,13074,13074,17234,12059,10158,9917,18861,12242,13237,20169,18637,8004,1,1,18762,21262,1.0,18:20,2015,2016
2015-16,2594,Kyle Korver,Kyle,1610612737,ATL,Atlanta Hawks,21500101,2015-11-09T00:00:00,ATL vs. MIN,L,32.4,0.0,3.0,0.0,0.0,11.0,10.0,12.0,28.0,0.0,1.0,2.0,1.0,8.9,1,13074,13074,13074,5593,12059,3104,9917,18861,18886,20509,22259,5824,8004,17214,11390,12373,19914,1.0,32:23,2015,2016
2015-16,202341,James Anderson,James,1610612758,SAC,Sacramento Kings,21500103,2015-11-09T00:00:00,SAC vs. SAS,L,7.4,0.0,0.0,0.0,0.0,0.0,5.0,0.0,2.0,0.0,0.0,0.0,0.0,0.0,1,13074,13074,13074,23438,12059,10158,9917,18861,1,11469,1,24614,8004,1,1,18762,25170,1.0,7:21,2015,2016
2015-16,101141,Ersan Ilyasova,Ersan,1610612765,DET,Detroit Pistons,21500104,2015-11-09T00:00:00,DET @ GSW,L,16.9,0.0,2.0,0.0,2.0,10.0,2.0,22.0,22.0,0.0,1.0,2.0,0.0,6.9,1,13074,13074,13074,18342,12059,4731,9917,12984,17370,3734,25811,10265,8004,17214,11390,18762,21262,1.0,16:54,2015,2016
2015-16,202325,Wesley Johnson,Wesley,1610612746,LAC,LA Clippers,21500105,2015-11-09T00:00:00,LAC vs. MEM,W,1.2,0.0,0.0,0.0,0.0,0.0,0.0,0.0,0.0,0.0,0.0,0.0,1.0,0.0,1,1,1,1,25821,12059,10158,9917,18861,1,1,1,25429,8004,1,1,12373,25170,1.0,1:10,2015,2016
2015-16,201601,Luc Mbah a Moute,Luc,1610612746,LAC,LA Clippers,21500105,2015-11-09T00:00:00,LAC vs. MEM,W,0.2,0.0,0.0,0.0,0.0,0.0,0.0,0.0,0.0,0.0,0.0,0.0,0.0,0.0,1,1,1,1,26014,12059,10158,9917,18861,1,1,1,25429,8004,1,1,18762,25170,1.0,0:15,2015,2016
2015-16,203932,Aaron Gordon,Aaron,1610612753,ORL,Orlando Magic,21500099,2015-11-09T00:00:00,ORL @ IND,L,17.4,0.0,0.0,0.0,2.0,7.0,0.0,4.0,10.0,1.0,0.0,4.0,3.0,9.4,1,13074,13074,13074,17984,12059,10158,9917,12984,12242,1,8806,20209,2692,1,22104,4736,19568,1.0,17:22,2015,2016
2015-16,201568,Danilo Gallinari,Danilo,1610612743,DEN,Denver Nuggets,21500102,2015-11-09T00:00:00,DEN vs. POR,W,35.4,2.0,0.0,2.0,4.0,11.0,13.0,8.0,28.0,0.0,0.0,1.0,2.0,15.5,1,1,1,1,3220,6026,10158,4675,8599,18886,23668,17194,5824,8004,1,4972,7786,15004,1.0,35:25,2015,2016
2015-16,201565,Derrick Rose,Derrick,1610612741,CHI,Chicago Bulls,21500100,2015-11-09T00:00:00,CHI @ PHI,W,27.6,0.0,2.0,4.0,6.0,6.0,6.0,4.0,28.0,1.0,3.0,0.0,1.0,31.0,1,1,1,1,9571,12059,4731,1913,5299,10028,13237,8806,5824,2692,25441,1,12373,5406,1.0,27:33,2015,2016
2015-16,1626174,Christian Wood,Christian,1610612755,PHI,Philadelphia 76ers,21500100,2015-11-09T00:00:00,PHI vs. CHI,L,21.5,0.0,4.0,0.0,6.0,9.0,3.0,15.0,16.0,0.0,2.0,1.0,2.0,20.6,1,13074,13074,13074,14578,12059,1596,9917,5299,15771,7138,24242,15259,8004,23588,4972,7786,11314,1.0,21:31,2015,2016
2015-16,201188,Marc Gasol,Marc,1610612763,MEM,Memphis Grizzlies,21500105,2015-11-09T00:00:00,MEM @ LAC,L,37.1,1.0,3.0,0.0,6.0,13.0,8.0,10.0,26.0,0.0,0.0,5.0,7.0,26.9,1,13074,13074,13074,2033,11535,3104,9917,5299,21300,17345,20169,7214,8004,1,24686,469,7438,1.0,37:05,2015,2016
2015-16,203515,Phil Pressey,Phil,1610612755,PHI,Philadelphia 76ers,21500100,2015-11-09T00:00:00,PHI vs. CHI,L,13.1,2.0,0.0,1.0,2.0,7.0,0.0,10.0,12.0,0.0,0.0,1.0,1.0,15.5,1,13074,13074,13074,20907,6026,10158,9347,12984,12242,1,20169,18637,8004,1,4972,12373,15004,1.0,13:08,2015,2016
2015-16,201956,Omri Casspi,Omri,1610612758,SAC,Sacramento Kings,21500103,2015-11-09T00:00:00,SAC vs. SAS,L,24.4,11.0,2.0,4.0,10.0,6.0,4.0,6.0,20.0,0.0,0.0,2.0,0.0,31.0,1,13074,13074,13074,12241,55,4731,1913,1840,10028,8458,13388,11929,8004,1,11390,18762,5406,1.0,24:22,2015,2016
2015-16,201589,Darrell Arthur,Darrell,1610612743,DEN,Denver Nuggets,21500102,2015-11-09T00:00:00,DEN vs. POR,W,19.5,0.0,0.0,0.0,0.0,10.0,7.0,4.0,14.0,2.0,0.0,3.0,0.0,12.1,1,1,1,1,16294,12059,10158,9917,18861,17370,15642,8806,17019,932,1,17641,18762,17639,1.0,19:32,2015,2016
2015-16,101133,Ian Mahinmi,Ian,1610612754,IND,Indiana Pacers,21500099,2015-11-09T00:00:00,IND vs. ORL,W,28.2,2.0,0.0,0.0,8.0,20.0,7.0,9.0,20.0,2.0,0.0,2.0,2.0,27.3,1,1,1,1,9076,6026,10158,9917,3109,25338,15642,18829,11929,932,1,11390,7786,7236,1.0,28:12,2015,2016
2015-16,201978,Chase Budinger,Chase,1610612754,IND,Indiana Pacers,21500099,2015-11-09T00:00:00,IND vs. ORL,W,16.9,3.0,0.0,0.0,0.0,8.0,0.0,1.0,6.0,0.0,0.0,2.0,1.0,15.6,1,1,1,1,18383,4307,10158,9917,18861,13914,1,3646,22724,8004,1,11390,12373,14916,1.0,16:51,2015,2016
2015-16,202334,Ed Davis,Ed,1610612757,POR,Portland Trail Blazers,21500102,2015-11-09T00:00:00,POR @ DEN,L,15.4,0.0,2.0,0.0,0.0,4.0,0.0,3.0,10.0,0.0,0.0,4.0,4.0,15.5,1,13074,13074,13074,19497,12059,4731,9917,18861,6141,1,7328,20209,8004,1,22104,2748,15004,1.0,15:22,2015,2016
2015-16,1938,Manu Ginobili,Manu,1610612759,SAS,San Antonio Spurs,21500103,2015-11-09T00:00:00,SAS @ SAC,W,17.7,0.0,0.0,2.0,4.0,10.0,4.0,2.0,14.0,0.0,1.0,1.0,5.0,20.1,1,1,1,1,17790,12059,10158,4675,8599,17370,8458,4025,17019,8004,17214,4972,1539,11685,1.0,17:39,2015,2016
2015-16,2225,Tony Parker,Tony,1610612759,SAS,San Antonio Spurs,21500103,2015-11-09T00:00:00,SAS @ SAC,W,21.5,2.0,0.0,4.0,8.0,5.0,7.0,9.0,16.0,0.0,0.0,1.0,0.0,15.2,1,1,1,1,14601,6026,10158,1913,3109,8403,15642,18829,15259,8004,1,4972,18762,15219,1.0,21:29,2015,2016
2015-16,203473,Dewayne Dedmon,Dewayne,1610612753,ORL,Orlando Magic,21500099,2015-11-09T00:00:00,ORL @ IND,L,23.2,0.0,0.0,0.0,4.0,6.0,0.0,2.0,18.0,0.0,0.0,1.0,2.0,19.8,1,13074,13074,13074,13231,12059,10158,9917,8599,10028,1,4025,13577,8004,1,4972,7786,11883,1.0,23:10,2015,2016
2015-16,203476,Gorgui Dieng,Gorgui,1610612750,MIN,Minnesota Timberwolves,21500101,2015-11-09T00:00:00,MIN @ ATL,W,16.2,0.0,2.0,2.0,6.0,15.0,2.0,6.0,18.0,0.0,0.0,2.0,0.0,15.1,1,1,1,1,18898,12059,4731,4675,5299,23079,3734,13388,13577,8004,1,11390,18762,15328,1.0,16:11,2015,2016
2015-16,101139,CJ Miles,CJ,1610612754,IND,Indiana Pacers,21500099,2015-11-09T00:00:00,IND vs. ORL,W,26.8,2.0,0.0,2.0,2.0,17.0,3.0,10.0,16.0,0.0,0.0,2.0,3.0,15.4,1,1,1,1,10197,6026,10158,4675,12984,24337,7138,20169,15259,8004,1,11390,4736,15066,1.0,26:48,2015,2016
2015-16,202695,Kawhi Leonard,Kawhi,1610612759,SAS,San Antonio Spurs,21500103,2015-11-09T00:00:00,SAS @ SAC,W,31.6,6.0,5.0,6.0,12.0,10.0,7.0,6.0,22.0,2.0,0.0,2.0,1.0,42.6,1,1,1,1,6210,878,995,740,988,17370,15642,13388,10265,932,1,11390,12373,1822,1.0,31:37,2015,2016
2015-16,203085,Austin Rivers,Austin,1610612746,LAC,LA Clippers,21500105,2015-11-09T00:00:00,LAC vs. MEM,W,22.6,4.0,0.0,1.0,2.0,12.0,2.0,4.0,24.0,0.0,0.0,2.0,3.0,15.5,1,1,1,1,13676,2460,10158,9347,12984,20178,3734,8806,8723,8004,1,11390,4736,15004,1.0,22:37,2015,2016
2015-16,203115,Will Barton,Will,1610612743,DEN,Denver Nuggets,21500102,2015-11-09T00:00:00,DEN vs. POR,W,23.0,2.0,0.0,2.0,4.0,12.0,4.0,8.0,22.0,0.0,0.0,1.0,1.0,15.1,1,1,1,1,13349,6026,10158,4675,8599,20178,8458,17194,10265,8004,1,4972,12373,15328,1.0,23:02,2015,2016
2015-16,203926,Doug McDermott,Doug,1610612741,CHI,Chicago Bulls,21500100,2015-11-09T00:00:00,CHI @ PHI,W,28.1,0.0,2.0,9.0,6.0,4.0,10.0,7.0,32.0,0.0,0.0,2.0,1.0,20.4,1,1,1,1,9139,12059,4731,184,5299,6141,20509,15538,3535,8004,1,11390,12373,11453,1.0,28:07,2015,2016
2015-16,2754,Tony Allen,Tony,1610612763,MEM,Memphis Grizzlies,21500105,2015-11-09T00:00:00,MEM @ LAC,L,26.2,2.0,0.0,2.0,6.0,6.0,6.0,6.0,18.0,0.0,1.0,3.0,2.0,15.1,1,13074,13074,13074,10711,6026,10158,4675,5299,10028,13237,13388,13577,8004,17214,17641,7786,15328,1.0,26:11,2015,2016
2015-16,203960,JaKarr Sampson,JaKarr,1610612755,PHI,Philadelphia 76ers,21500100,2015-11-09T00:00:00,PHI vs. CHI,L,13.3,2.0,2.0,4.0,4.0,11.0,5.0,11.0,16.0,0.0,0.0,1.0,2.0,12.4,1,13074,13074,13074,20805,6026,4731,1913,8599,18886,11469,21342,15259,8004,1,4972,7786,17418,1.0,13:18,2015,2016
2015-16,2571,Leandro Barbosa,Leandro,1610612744,GSW,Golden State Warriors,21500104,2015-11-09T00:00:00,GSW vs. DET,W,13.6,0.0,0.0,0.0,2.0,2.0,6.0,0.0,12.0,0.0,0.0,2.0,0.0,20.5,1,1,1,1,20633,12059,10158,9917,12984,2619,13237,1,18637,8004,1,11390,18762,11401,1.0,13:37,2015,2016
2015-16,202694,Marcus Morris Sr.,Marcus,1610612765,DET,Detroit Pistons,21500104,2015-11-09T00:00:00,DET @ GSW,L,43.1,2.0,0.0,0.0,6.0,16.0,12.0,32.0,36.0,0.0,0.0,2.0,7.0,30.5,1,13074,13074,13074,195,6026,10158,9917,5299,23774,22832,26071,1943,8004,1,11390,469,5620,1.0,43:08,2015,2016
2015-16,203924,Jerami Grant,Jerami,1610612755,PHI,Philadelphia 76ers,21500100,2015-11-09T00:00:00,PHI vs. CHI,L,29.3,2.0,0.0,0.0,8.0,11.0,13.0,18.0,26.0,3.0,1.0,3.0,4.0,27.1,1,13074,13074,13074,8109,6026,10158,9917,3109,18886,23668,25228,7214,347,17214,17641,2748,7339,1.0,29:19,2015,2016
2015-16,203506,Victor Oladipo,Victor,1610612753,ORL,Orlando Magic,21500099,2015-11-09T00:00:00,ORL @ IND,L,37.9,4.0,0.0,4.0,8.0,14.0,5.0,6.0,32.0,2.0,1.0,3.0,0.0,31.4,1,13074,13074,13074,1559,2460,10158,1913,3109,22292,11469,13388,3535,932,17214,17641,18762,5218,1.0,37:53,2015,2016
2015-16,201937,Ricky Rubio,Ricky,1610612750,MIN,Minnesota Timberwolves,21500101,2015-11-09T00:00:00,MIN @ ATL,W,27.5,6.0,0.0,4.0,2.0,15.0,7.0,4.0,30.0,0.0,2.0,3.0,3.0,30.2,1,1,1,1,9616,878,10158,1913,12984,23079,15642,8806,4541,8004,23588,17641,4736,5751,1.0,27:29,2015,2016
2015-16,1495,Tim Duncan,Tim,1610612759,SAS,San Antonio Spurs,21500103,2015-11-09T00:00:00,SAS @ SAC,W,23.4,2.0,2.0,0.0,6.0,5.0,7.0,9.0,16.0,0.0,2.0,3.0,3.0,28.8,1,1,1,1,13065,6026,4731,9917,5299,8403,15642,18829,15259,8004,23588,17641,4736,6465,1.0,23:22,2015,2016
2015-16,203110,Draymond Green,Draymond,1610612744,GSW,Golden State Warriors,21500104,2015-11-09T00:00:00,GSW vs. DET,W,33.0,4.0,0.0,4.0,6.0,9.0,14.0,13.0,36.0,2.0,0.0,0.0,0.0,48.5,1,1,1,1,5152,2460,10158,1913,5299,15771,24300,23048,1943,932,1,1,18762,909,1.0,32:58,2015,2016
2015-16,203484,Kentavious Caldwell-Pope,Kentavious,1610612765,DET,Detroit Pistons,21500104,2015-11-09T00:00:00,DET @ GSW,L,37.6,0.0,2.0,2.0,6.0,11.0,14.0,25.0,40.0,1.0,1.0,3.0,1.0,29.1,1,13074,13074,13074,1690,12059,4731,4675,5299,18886,24300,25980,983,2692,17214,17641,12373,6285,1.0,37:37,2015,2016
2015-16,203081,Damian Lillard,Damian,1610612757,POR,Portland Trail Blazers,21500102,2015-11-09T00:00:00,POR @ DEN,L,38.4,4.0,6.0,2.0,8.0,4.0,15.0,4.0,46.0,0.0,3.0,4.0,6.0,46.1,1,13074,13074,13074,1321,2460,481,4675,3109,6141,24781,8806,298,8004,25441,22104,873,1185,1.0,38:24,2015,2016
2015-16,202329,Al-Farouq Aminu,Al-Farouq,1610612757,POR,Portland Trail Blazers,21500102,2015-11-09T00:00:00,POR @ DEN,L,33.7,5.0,5.0,2.0,6.0,4.0,15.0,4.0,42.0,1.0,1.0,2.0,2.0,24.8,1,13074,13074,13074,4594,1603,995,4675,5299,6141,24781,8806,670,2692,17214,11390,7786,8614,1.0,33:42,2015,2016
2015-16,203952,Andrew Wiggins,Andrew,1610612750,MIN,Minnesota Timberwolves,21500101,2015-11-09T00:00:00,MIN @ ATL,W,37.7,3.0,8.0,4.0,14.0,26.0,7.0,8.0,42.0,1.0,1.0,1.0,5.0,46.0,1,1,1,1,1673,4307,137,1913,542,25979,15642,17194,670,2692,17214,4972,1539,1198,1.0,37:39,2015,2016
2015-16,200794,Paul Millsap,Paul,1610612737,ATL,Atlanta Hawks,21500101,2015-11-09T00:00:00,ATL vs. MIN,L,35.2,8.0,2.0,0.0,12.0,14.0,16.0,11.0,26.0,2.0,0.0,1.0,5.0,46.0,1,13074,13074,13074,3388,308,4731,9917,988,22292,25155,21342,7214,932,1,4972,1539,1198,1.0,35:12,2015,2016
2015-16,203901,Elfrid Payton,Elfrid,1610612753,ORL,Orlando Magic,21500099,2015-11-09T00:00:00,ORL @ IND,L,37.5,6.0,0.0,3.0,4.0,18.0,2.0,4.0,26.0,0.0,1.0,1.0,4.0,28.9,1,13074,13074,13074,1765,878,10158,3302,8599,24749,3734,8806,7214,8004,17214,4972,2748,6414,1.0,37:29,2015,2016
2015-16,1626144,Emmanuel Mudiay,Emmanuel,1610612743,DEN,Denver Nuggets,21500102,2015-11-09T00:00:00,DEN vs. POR,W,28.3,0.0,2.0,0.0,6.0,9.0,8.0,8.0,26.0,2.0,1.0,3.0,3.0,36.7,1,1,1,1,8990,12059,4731,9917,5299,15771,17345,17194,7214,932,17214,17641,4736,3269,1.0,28:20,2015,2016
2015-16,2216,Zach Randolph,Zach,1610612763,MEM,Memphis Grizzlies,21500105,2015-11-09T00:00:00,MEM @ LAC,L,39.5,6.0,8.0,0.0,12.0,15.0,10.0,11.0,24.0,0.0,1.0,3.0,3.0,51.8,1,13074,13074,13074,883,878,137,9917,988,23079,20509,21342,8723,8004,17214,17641,4736,586,1.0,39:31,2015,2016
2015-16,203486,Mason Plumlee,Mason,1610612757,POR,Portland Trail Blazers,21500102,2015-11-09T00:00:00,POR @ DEN,L,32.6,2.0,0.0,2.0,10.0,4.0,15.0,6.0,42.0,2.0,2.0,4.0,4.0,37.4,1,13074,13074,13074,5398,6026,10158,4675,1840,6141,24781,13388,670,932,23588,22104,2748,3073,1.0,32:38,2015,2016
2015-16,201952,Jeff Teague,Jeff,1610612737,ATL,Atlanta Hawks,21500101,2015-11-09T00:00:00,ATL vs. MIN,L,34.9,11.0,0.0,4.0,16.0,18.0,12.0,15.0,30.0,3.0,3.0,3.0,4.0,45.9,1,13074,13074,13074,3646,55,10158,1913,275,24749,22832,24242,4541,347,25441,17641,2748,1224,1.0,34:52,2015,2016
2015-16,203095,Evan Fournier,Evan,1610612753,ORL,Orlando Magic,21500099,2015-11-09T00:00:00,ORL @ IND,L,39.6,12.0,0.0,7.0,4.0,20.0,5.0,6.0,30.0,0.0,0.0,4.0,4.0,28.9,1,13074,13074,13074,872,27,10158,454,8599,25338,11469,13388,4541,8004,1,22104,2748,6414,1.0,39:33,2015,2016
2015-16,201581,JJ Hickson,JJ,1610612743,DEN,Denver Nuggets,21500102,2015-11-09T00:00:00,DEN vs. POR,W,29.7,0.0,4.0,2.0,14.0,7.0,6.0,6.0,24.0,3.0,0.0,4.0,6.0,45.1,1,1,1,1,7847,12059,1596,4675,542,12242,13237,13388,8723,347,1,22104,873,1338,1.0,29:39,2015,2016
2015-16,202326,DeMarcus Cousins,DeMarcus,1610612758,SAC,Sacramento Kings,21500103,2015-11-09T00:00:00,SAC vs. SAS,L,31.9,4.0,5.0,2.0,8.0,12.0,11.0,16.0,40.0,1.0,3.0,2.0,11.0,44.9,1,13074,13074,13074,6008,2460,995,4675,3109,20178,21814,24641,983,2692,25441,11390,44,1380,1.0,31:53,2015,2016
2015-16,202702,Kenneth Faried,Kenneth,1610612743,DEN,Denver Nuggets,21500102,2015-11-09T00:00:00,DEN vs. POR,W,30.7,2.0,6.0,0.0,16.0,9.0,8.0,8.0,26.0,0.0,2.0,2.0,5.0,29.1,1,1,1,1,6950,6026,481,9917,275,15771,17345,17194,7214,8004,23588,11390,1539,6285,1.0,30:42,2015,2016
2015-16,201584,Courtney Lee,Courtney,1610612763,MEM,Memphis Grizzlies,21500105,2015-11-09T00:00:00,MEM @ LAC,L,29.5,2.0,0.0,2.0,2.0,9.0,12.0,7.0,22.0,0.0,2.0,5.0,1.0,23.9,1,13074,13074,13074,7974,6026,10158,4675,12984,15771,22832,15538,10265,8004,23588,24686,12373,9184,1.0,29:30,2015,2016
2015-16,202704,Reggie Jackson,Reggie,1610612765,DET,Detroit Pistons,21500104,2015-11-09T00:00:00,DET @ GSW,L,29.7,3.0,2.0,0.0,10.0,11.0,8.0,25.0,36.0,0.0,1.0,0.0,4.0,29.9,1,13074,13074,13074,7834,4307,4731,9917,1840,18886,17345,25980,1943,8004,17214,1,2748,5884,1.0,29:40,2015,2016
2015-16,2200,Pau Gasol,Pau,1610612741,CHI,Chicago Bulls,21500100,2015-11-09T00:00:00,CHI @ PHI,W,29.7,2.0,4.0,0.0,6.0,6.0,6.0,4.0,30.0,6.0,3.0,3.0,1.0,45.3,1,1,1,1,7844,6026,1596,9917,5299,10028,13237,8806,4541,19,25441,17641,12373,1310,1.0,29:39,2015,2016
2015-16,201933,Blake Griffin,Blake,1610612746,LAC,LA Clippers,21500105,2015-11-09T00:00:00,LAC vs. MEM,W,37.8,6.0,2.0,3.0,12.0,15.0,15.0,10.0,36.0,1.0,0.0,5.0,6.0,45.4,1,1,1,1,1607,878,4731,3302,988,23079,24781,20169,1943,2692,1,24686,873,1291,1.0,37:48,2015,2016
2015-16,203083,Andre Drummond,Andre,1610612765,DET,Detroit Pistons,21500104,2015-11-09T00:00:00,DET @ GSW,L,34.9,4.0,8.0,0.0,14.0,10.0,11.0,26.0,36.0,2.0,1.0,4.0,2.0,44.5,1,13074,13074,13074,3623,2460,137,9917,542,17370,21814,26007,1943,932,17214,22104,7786,1459,1.0,34:53,2015,2016
2015-16,201588,George Hill,George,1610612754,IND,Indiana Pacers,21500099,2015-11-09T00:00:00,IND vs. ORL,W,35.4,5.0,0.0,4.0,6.0,19.0,3.0,12.0,24.0,1.0,1.0,3.0,3.0,43.4,1,1,1,1,3237,1603,10158,1913,5299,25074,7138,22259,8723,2692,17214,17641,4736,1662,1.0,35:23,2015,2016
2015-16,1626143,Jahlil Okafor,Jahlil,1610612755,PHI,Philadelphia 76ers,21500100,2015-11-09T00:00:00,PHI vs. CHI,L,31.4,5.0,5.0,2.0,14.0,15.0,17.0,18.0,26.0,2.0,3.0,2.0,5.0,45.5,1,13074,13074,13074,6385,1603,995,4675,542,23079,25429,25228,7214,932,25441,11390,1539,1278,1.0,31:24,2015,2016
2015-16,1626169,Stanley Johnson,Stanley,1610612765,DET,Detroit Pistons,21500104,2015-11-09T00:00:00,DET @ GSW,L,32.1,4.0,2.0,11.0,12.0,10.0,11.0,16.0,32.0,0.0,0.0,2.0,2.0,28.4,1,13074,13074,13074,5811,2460,4731,69,988,17370,21814,24641,3535,8004,1,11390,7786,6663,1.0,32:05,2015,2016
2015-16,201158,Marco Belinelli,Marco,1610612758,SAC,Sacramento Kings,21500103,2015-11-09T00:00:00,SAC vs. SAS,L,31.8,2.0,0.0,6.0,2.0,18.0,6.0,14.0,40.0,0.0,0.0,0.0,2.0,22.7,1,13074,13074,13074,6095,6026,10158,740,12984,24749,13237,23710,983,8004,1,1,7786,9938,1.0,31:46,2015,2016
2015-16,203471,Dennis Schröder,Dennis,1610612737,ATL,Atlanta Hawks,21500101,2015-11-09T00:00:00,ATL vs. MIN,L,23.3,2.0,0.0,0.0,4.0,10.0,12.0,9.0,24.0,0.0,0.0,1.0,0.0,22.2,1,13074,13074,13074,13089,6026,10158,9917,8599,17370,22832,18829,8723,8004,1,4972,18762,10263,1.0,23:21,2015,2016
2015-16,201959,Taj Gibson,Taj,1610612741,CHI,Chicago Bulls,21500100,2015-11-09T00:00:00,CHI @ PHI,W,22.9,0.0,4.0,3.0,2.0,10.0,5.0,7.0,24.0,1.0,1.0,4.0,2.0,27.9,1,1,1,1,13427,12059,1596,3302,12984,17370,11469,15538,8723,2692,17214,22104,7786,6914,1.0,22:57,2015,2016
2015-16,201143,Al Horford,Al,1610612737,ATL,Atlanta Hawks,21500101,2015-11-09T00:00:00,ATL vs. MIN,L,33.1,5.0,2.0,2.0,2.0,13.0,6.0,14.0,26.0,0.0,0.0,3.0,1.0,27.7,1,13074,13074,13074,5079,1603,4731,4675,12984,21300,13237,23710,7214,8004,1,17641,12373,7008,1.0,33:03,2015,2016
2015-16,708,Kevin Garnett,Kevin,1610612750,MIN,Minnesota Timberwolves,21500101,2015-11-09T00:00:00,MIN @ ATL,W,18.1,0.0,0.0,0.0,0.0,6.0,7.0,0.0,14.0,1.0,0.0,3.0,0.0,17.1,1,1,1,1,17440,12059,10158,9917,18861,10028,15642,1,17019,2692,1,17641,18762,13791,1.0,18:06,2015,2016
2015-16,201939,Stephen Curry,Stephen,1610612744,GSW,Golden State Warriors,21500104,2015-11-09T00:00:00,GSW vs. DET,W,36.8,5.0,3.0,6.0,8.0,11.0,14.0,13.0,40.0,0.0,1.0,1.0,5.0,39.5,1,1,1,1,2190,1603,3104,740,3109,18886,24300,23048,983,8004,17214,4972,1539,2497,1.0,36:50,2015,2016
2015-16,200765,Rajon Rondo,Rajon,1610612758,SAC,Sacramento Kings,21500103,2015-11-09T00:00:00,SAC vs. SAS,L,48.0,0.0,2.0,2.0,2.0,20.0,13.0,18.0,52.0,0.0,0.0,3.0,1.0,33.2,1,13074,13074,13074,24,12059,4731,4675,12984,25338,23668,25228,59,8004,1,17641,12373,4462,1.0,48:00,2015,2016
2015-16,200746,LaMarcus Aldridge,LaMarcus,1610612759,SAS,San Antonio Spurs,21500103,2015-11-09T00:00:00,SAS @ SAC,W,25.7,4.0,2.0,2.0,8.0,8.0,7.0,9.0,14.0,2.0,1.0,4.0,1.0,32.3,1,1,1,1,11157,2460,4731,4675,3109,13914,15642,18829,17019,932,17214,22104,12373,4807,1.0,25:39,2015,2016
2015-16,203914,Gary Harris,Gary,1610612743,DEN,Denver Nuggets,21500102,2015-11-09T00:00:00,DEN vs. POR,W,25.5,0.0,3.0,0.0,2.0,5.0,13.0,2.0,20.0,0.0,0.0,2.0,0.0,14.1,1,1,1,1,11317,12059,3104,9917,12984,8403,23668,4025,11929,8004,1,11390,18762,16094,1.0,25:28,2015,2016
2015-16,200755,JJ Redick,JJ,1610612746,LAC,LA Clippers,21500105,2015-11-09T00:00:00,LAC vs. MEM,W,30.3,3.0,0.0,3.0,0.0,14.0,15.0,10.0,34.0,0.0,0.0,2.0,5.0,17.5,1,1,1,1,7299,4307,10158,3302,18861,22292,24781,20169,2701,8004,1,11390,1539,13528,1.0,30:16,2015,2016
2015-16,201599,DeAndre Jordan,DeAndre,1610612746,LAC,LA Clippers,21500105,2015-11-09T00:00:00,LAC vs. MEM,W,35.6,0.0,6.0,2.0,12.0,14.0,15.0,10.0,36.0,4.0,0.0,4.0,2.0,39.9,1,1,1,1,3043,12059,481,4675,988,22292,24781,20169,1943,132,1,22104,7786,2396,1.0,35:38,2015,2016
2015-16,2037,Jamal Crawford,Jamal,1610612746,LAC,LA Clippers,21500105,2015-11-09T00:00:00,LAC vs. MEM,W,20.1,0.0,0.0,0.0,2.0,6.0,1.0,0.0,12.0,0.0,1.0,0.0,4.0,13.7,1,1,1,1,15806,12059,10158,9917,12984,10028,3393,1,18637,8004,17214,1,2748,16393,1.0,20:08,2015,2016
2015-16,202734,E'Twaun Moore,E'Twaun,1610612741,CHI,Chicago Bulls,21500100,2015-11-09T00:00:00,CHI @ PHI,W,22.8,4.0,3.0,2.0,4.0,10.0,9.0,10.0,28.0,0.0,1.0,1.0,0.0,17.3,1,1,1,1,13568,2460,3104,4675,8599,17370,19144,20169,5824,8004,17214,4972,18762,13671,1.0,22:46,2015,2016
2015-16,2440,Matt Barnes,Matt,1610612763,MEM,Memphis Grizzlies,21500105,2015-11-09T00:00:00,MEM @ LAC,L,26.3,0.0,0.0,0.0,2.0,11.0,6.0,5.0,14.0,2.0,0.0,4.0,1.0,27.7,1,13074,13074,13074,10622,12059,10158,9917,12984,18886,13237,11593,17019,932,1,22104,12373,7008,1.0,26:17,2015,2016
2015-16,201144,Mike Conley,Mike,1610612763,MEM,Memphis Grizzlies,21500105,2015-11-09T00:00:00,MEM @ LAC,L,35.0,4.0,4.0,6.0,8.0,8.0,8.0,10.0,24.0,0.0,0.0,0.0,2.0,31.7,1,13074,13074,13074,3507,2460,1596,740,3109,13914,17345,20169,8723,8004,1,1,7786,5088,1.0,35:02,2015,2016
2015-16,202331,Paul George,Paul,1610612754,IND,Indiana Pacers,21500099,2015-11-09T00:00:00,IND vs. ORL,W,36.3,5.0,2.0,0.0,6.0,29.0,7.0,15.0,28.0,0.0,0.0,2.0,4.0,39.3,1,1,1,1,2520,1603,4731,9917,5299,26052,15642,24242,5824,8004,1,11390,2748,2563,1.0,36:20,2015,2016
2015-16,1626157,Karl-Anthony Towns,Karl-Anthony,1610612750,MIN,Minnesota Timberwolves,21500101,2015-11-09T00:00:00,MIN @ ATL,W,31.8,2.0,6.0,0.0,6.0,20.0,7.0,4.0,34.0,3.0,0.0,3.0,5.0,39.9,1,1,1,1,6061,6026,481,9917,5299,25338,15642,8806,2701,347,1,17641,1539,2396,1.0,31:49,2015,2016
2015-16,2446,Rasual Butler,Rasual,1610612759,SAS,San Antonio Spurs,21500103,2015-11-09T00:00:00,SAS @ SAC,W,13.9,2.0,0.0,2.0,2.0,5.0,0.0,8.0,6.0,0.0,0.0,0.0,0.0,17.4,1,1,1,1,20453,6026,10158,4675,12984,8403,1,17194,22724,8004,1,1,18762,13595,1.0,13:55,2015,2016
2015-16,203917,Nik Stauskas,Nik,1610612755,PHI,Philadelphia 76ers,21500100,2015-11-09T00:00:00,PHI vs. CHI,L,33.2,0.0,0.0,0.0,2.0,9.0,17.0,21.0,28.0,0.0,1.0,0.0,0.0,22.0,1,13074,13074,13074,4985,12059,10158,9917,12984,15771,25429,25725,5824,8004,17214,1,18762,10388,1.0,33:10,2015,2016
2015-16,204456,T.J. McConnell,T.J.,1610612755,PHI,Philadelphia 76ers,21500100,2015-11-09T00:00:00,PHI vs. CHI,L,29.0,0.0,2.0,2.0,4.0,7.0,15.0,17.0,24.0,2.0,1.0,0.0,0.0,28.0,1,13074,13074,13074,8400,12059,4731,4675,8599,12242,24781,24967,8723,932,17214,1,18762,6864,1.0,28:58,2015,2016
2015-16,202691,Klay Thompson,Klay,1610612744,GSW,Golden State Warriors,21500104,2015-11-09T00:00:00,GSW vs. DET,W,32.3,2.0,5.0,11.0,8.0,8.0,16.0,13.0,38.0,0.0,0.0,1.0,0.0,33.1,1,1,1,1,5650,6026,995,69,3109,13914,25155,23048,1422,8004,1,4972,18762,4505,1.0,32:18,2015,2016
2015-16,101145,Monta Ellis,Monta,1610612754,IND,Indiana Pacers,21500099,2015-11-09T00:00:00,IND vs. ORL,W,33.5,2.0,0.0,0.0,2.0,30.0,7.0,11.0,22.0,0.0,1.0,1.0,3.0,16.8,1,1,1,1,4781,6026,10158,9917,12984,26063,15642,21342,10265,8004,17214,4972,4736,13996,1.0,33:27,2015,2016
2015-16,201988,Patty Mills,Patty,1610612759,SAS,San Antonio Spurs,21500103,2015-11-09T00:00:00,SAS @ SAC,W,23.1,2.0,0.0,2.0,4.0,12.0,4.0,2.0,14.0,0.0,0.0,0.0,1.0,33.2,1,1,1,1,13334,6026,10158,4675,8599,20178,8458,4025,17019,8004,1,1,12373,4462,1.0,23:03,2015,2016
2015-16,201585,Kosta Koufos,Kosta,1610612758,SAC,Sacramento Kings,21500103,2015-11-09T00:00:00,SAC vs. SAS,L,25.9,0.0,0.0,0.0,2.0,14.0,4.0,6.0,18.0,3.0,1.0,1.0,2.0,21.7,1,13074,13074,13074,10939,12059,10158,9917,12984,22292,8458,13388,13577,347,17214,4972,7786,10592,1.0,25:53,2015,2016
2015-16,202699,Tobias Harris,Tobias,1610612753,ORL,Orlando Magic,21500099,2015-11-09T00:00:00,ORL @ IND,L,28.9,2.0,3.0,0.0,4.0,14.0,5.0,4.0,24.0,0.0,1.0,0.0,2.0,19.0,1,13074,13074,13074,8444,6026,3104,9917,8599,22292,11469,8806,8723,8004,17214,1,7786,12440,1.0,28:54,2015,2016
2015-16,203086,Meyers Leonard,Meyers,1610612757,POR,Portland Trail Blazers,21500102,2015-11-09T00:00:00,POR @ DEN,L,34.5,0.0,0.0,0.0,0.0,4.0,9.0,4.0,40.0,0.0,0.0,6.0,1.0,25.8,1,13074,13074,13074,3986,12059,10158,9917,18861,6141,19144,8806,983,8004,1,25827,12373,8022,1.0,34:28,2015,2016
2015-16,202703,Nikola Mirotic,Nikola,1610612741,CHI,Chicago Bulls,21500100,2015-11-09T00:00:00,CHI @ PHI,W,28.4,9.0,0.0,2.0,4.0,11.0,7.0,4.0,28.0,0.0,0.0,3.0,3.0,34.0,1,1,1,1,8952,171,10158,4675,8599,18886,15642,8806,5824,8004,1,17641,4736,4162,1.0,28:22,2015,2016
2015-16,2564,Boris Diaw,Boris,1610612759,SAS,San Antonio Spurs,21500103,2015-11-09T00:00:00,SAS @ SAC,W,20.1,0.0,2.0,0.0,4.0,12.0,4.0,2.0,14.0,0.0,0.0,1.0,1.0,14.9,1,1,1,1,15860,12059,4731,9917,8599,20178,8458,4025,17019,8004,1,4972,12373,15463,1.0,20:05,2015,2016
2015-16,101108,Chris Paul,Chris,1610612746,LAC,LA Clippers,21500105,2015-11-09T00:00:00,LAC vs. MEM,W,32.7,2.0,4.0,0.0,2.0,8.0,13.0,6.0,26.0,0.0,0.0,5.0,5.0,23.8,1,1,1,1,5380,6026,1596,9917,12984,13914,23668,13388,7214,8004,1,24686,1539,9261,1.0,32:40,2015,2016
2015-16,1626161,Willie Cauley-Stein,Willie,1610612758,SAC,Sacramento Kings,21500103,2015-11-09T00:00:00,SAC vs. SAS,L,22.2,0.0,0.0,2.0,4.0,6.0,9.0,6.0,20.0,0.0,0.0,2.0,0.0,14.2,1,13074,13074,13074,13973,12059,10158,4675,8599,10028,19144,13388,11929,8004,1,11390,18762,16003,1.0,22:14,2015,2016
2015-16,201155,Rodney Stuckey,Rodney,1610612754,IND,Indiana Pacers,21500099,2015-11-09T00:00:00,IND vs. ORL,W,17.8,2.0,0.0,2.0,6.0,11.0,4.0,9.0,16.0,1.0,0.0,1.0,0.0,23.4,1,1,1,1,17652,6026,10158,4675,5299,18886,8458,18829,15259,2692,1,4972,18762,9501,1.0,17:49,2015,2016
2015-16,2738,Andre Iguodala,Andre,1610612744,GSW,Golden State Warriors,21500104,2015-11-09T00:00:00,GSW vs. DET,W,29.4,5.0,0.0,5.0,6.0,9.0,6.0,13.0,32.0,0.0,1.0,2.0,2.0,23.0,1,1,1,1,8059,1603,10158,1277,5299,15771,13237,23048,3535,8004,17214,11390,7786,9760,1.0,29:24,2015,2016
2015-16,201941,Jordan Hill,Jordan,1610612754,IND,Indiana Pacers,21500099,2015-11-09T00:00:00,IND vs. ORL,W,21.2,0.0,3.0,0.0,4.0,17.0,4.0,6.0,16.0,0.0,1.0,1.0,2.0,19.4,1,1,1,1,14878,12059,3104,9917,8599,24337,8458,13388,15259,8004,17214,4972,7786,12154,1.0,21:12,2015,2016
2015-16,203897,Zach LaVine,Zach,1610612750,MIN,Minnesota Timberwolves,21500101,2015-11-09T00:00:00,MIN @ ATL,W,15.9,5.0,0.0,5.0,6.0,16.0,0.0,4.0,18.0,0.0,2.0,2.0,1.0,33.6,1,1,1,1,19125,1603,10158,1277,5299,23774,1,8806,13577,8004,23588,11390,12373,4305,1.0,15:53,2015,2016
2015-16,203999,Nikola Jokić,Nikola,1610612743,DEN,Denver Nuggets,21500102,2015-11-09T00:00:00,DEN vs. POR,W,15.6,2.0,0.0,0.0,6.0,8.0,7.0,2.0,14.0,0.0,0.0,2.0,3.0,18.9,1,1,1,1,19334,6026,10158,9917,5299,13914,15642,4025,17019,8004,1,11390,4736,12513,1.0,15:37,2015,2016
2015-16,203145,Kent Bazemore,Kent,1610612737,ATL,Atlanta Hawks,21500101,2015-11-09T00:00:00,ATL vs. MIN,L,31.1,2.0,2.0,0.0,6.0,12.0,12.0,9.0,16.0,1.0,1.0,6.0,3.0,33.7,1,13074,13074,13074,6669,6026,4731,9917,5299,20178,22832,18829,15259,2692,17214,25827,4736,4280,1.0,31:03,2015,2016
2015-16,2755,Kevin Martin,Kevin,1610612750,MIN,Minnesota Timberwolves,21500101,2015-11-09T00:00:00,MIN @ ATL,W,23.9,7.0,0.0,4.0,4.0,19.0,2.0,8.0,28.0,0.0,1.0,1.0,3.0,14.5,1,1,1,1,12702,548,10158,1913,8599,25074,3734,17194,5824,8004,17214,4972,4736,15799,1.0,23:51,2015,2016
2015-16,203084,Harrison Barnes,Harrison,1610612744,GSW,Golden State Warriors,21500104,2015-11-09T00:00:00,GSW vs. DET,W,28.4,0.0,0.0,7.0,4.0,8.0,10.0,2.0,30.0,0.0,0.0,1.0,2.0,14.4,1,1,1,1,8878,12059,10158,454,8599,13914,20509,4025,4541,8004,1,4972,7786,15857,1.0,28:26,2015,2016
2015-16,2561,David West,David,1610612759,SAS,San Antonio Spurs,21500103,2015-11-09T00:00:00,SAS @ SAC,W,19.3,2.0,2.0,0.0,2.0,11.0,4.0,7.0,14.0,0.0,0.0,3.0,0.0,19.2,1,1,1,1,16432,6026,4731,9917,12984,18886,8458,15538,17019,8004,1,17641,18762,12284,1.0,19:21,2015,2016
2015-16,201166,Aaron Brooks,Aaron,1610612741,CHI,Chicago Bulls,21500100,2015-11-09T00:00:00,CHI @ PHI,W,19.1,2.0,0.0,2.0,4.0,10.0,7.0,8.0,22.0,0.0,0.0,1.0,2.0,25.6,1,1,1,1,16642,6026,10158,4675,8599,17370,15642,17194,10265,8004,1,4972,7786,8157,1.0,19:04,2015,2016
2015-16,200752,Rudy Gay,Rudy,1610612758,SAC,Sacramento Kings,21500103,2015-11-09T00:00:00,SAC vs. SAS,L,32.1,2.0,2.0,0.0,2.0,16.0,9.0,16.0,46.0,1.0,3.0,4.0,2.0,23.0,1,13074,13074,13074,5771,6026,4731,9917,12984,23774,19144,24641,298,2692,25441,22104,7786,9760,1.0,32:08,2015,2016
2015-16,1718,Paul Pierce,Paul,1610612746,LAC,LA Clippers,21500105,2015-11-09T00:00:00,LAC vs. MEM,W,24.6,0.0,0.0,0.0,0.0,6.0,2.0,2.0,16.0,0.0,1.0,1.0,0.0,2.9,1,1,1,1,12052,12059,10158,9917,18861,10028,3734,4025,15259,8004,17214,4972,18762,23852,1.0,24:34,2015,2016
2015-16,203463,Ben McLemore,Ben,1610612758,SAC,Sacramento Kings,21500103,2015-11-09T00:00:00,SAC vs. SAS,L,12.9,0.0,0.0,0.0,2.0,6.0,2.0,8.0,20.0,0.0,0.0,0.0,1.0,8.2,1,13074,13074,13074,21026,12059,10158,9917,12984,10028,3734,17194,11929,8004,1,1,12373,20416,1.0,12:55,2015,2016
2015-16,203937,Kyle Anderson,Kyle,1610612759,SAS,San Antonio Spurs,21500103,2015-11-09T00:00:00,SAS @ SAC,W,10.0,0.0,0.0,0.0,0.0,6.0,4.0,7.0,10.0,1.0,1.0,1.0,0.0,7.8,1,1,1,1,22458,12059,10158,9917,18861,10028,8458,15538,20209,2692,17214,4972,18762,20696,1.0,9:58,2015,2016
2015-16,203894,Shabazz Napier,Shabazz,1610612753,ORL,Orlando Magic,21500099,2015-11-09T00:00:00,ORL @ IND,L,2.2,0.0,0.0,0.0,0.0,2.0,0.0,0.0,0.0,0.0,0.0,0.0,0.0,2.4,1,13074,13074,13074,25453,12059,10158,9917,18861,2619,1,1,25429,8004,1,1,18762,24024,1.0,2:11,2015,2016
2015-16,200757,Thabo Sefolosha,Thabo,1610612737,ATL,Atlanta Hawks,21500101,2015-11-09T00:00:00,ATL vs. MIN,L,16.7,5.0,0.0,2.0,4.0,11.0,6.0,12.0,28.0,0.0,0.0,1.0,0.0,18.7,1,13074,13074,13074,18470,1603,10158,4675,8599,18886,13237,22259,5824,8004,1,4972,18762,12648,1.0,16:44,2015,2016
2015-16,203943,Noah Vonleh,Noah,1610612757,POR,Portland Trail Blazers,21500102,2015-11-09T00:00:00,POR @ DEN,L,12.9,0.0,0.0,0.0,0.0,4.0,6.0,5.0,12.0,0.0,0.0,1.0,0.0,2.4,1,13074,13074,13074,21045,12059,10158,9917,18861,6141,13237,11593,18637,8004,1,4972,18762,24024,1.0,12:53,2015,2016
2015-16,1626158,Richaun Holmes,Richaun,1610612755,PHI,Philadelphia 76ers,21500100,2015-11-09T00:00:00,PHI vs. CHI,L,27.6,2.0,0.0,2.0,8.0,12.0,13.0,11.0,14.0,2.0,1.0,3.0,5.0,21.1,1,13074,13074,13074,9517,6026,10158,4675,3109,20178,23668,21342,17019,932,17214,17641,1539,11012,1.0,27:38,2015,2016
2015-16,101106,Andrew Bogut,Andrew,1610612744,GSW,Golden State Warriors,21500104,2015-11-09T00:00:00,GSW vs. DET,W,19.0,0.0,4.0,0.0,8.0,3.0,4.0,0.0,16.0,0.0,0.0,3.0,2.0,20.8,1,1,1,1,16722,12059,1596,9917,3109,5109,8458,1,15259,8004,1,17641,7786,11195,1.0,18:58,2015,2016
2015-16,203112,Quincy Acy,Quincy,1610612758,SAC,Sacramento Kings,21500103,2015-11-09T00:00:00,SAC vs. SAS,L,3.5,0.0,0.0,0.0,0.0,2.0,2.0,0.0,2.0,0.0,0.0,0.0,0.0,3.0,1,13074,13074,13074,24935,12059,10158,9917,18861,2619,3734,1,24614,8004,1,1,18762,23648,1.0,3:28,2015,2016
2015-16,203105,Festus Ezeli,Festus,1610612744,GSW,Golden State Warriors,21500104,2015-11-09T00:00:00,GSW vs. DET,W,23.1,0.0,2.0,0.0,4.0,8.0,10.0,11.0,30.0,2.0,1.0,4.0,3.0,18.4,1,1,1,1,13266,12059,4731,9917,8599,13914,20509,21342,4541,932,17214,22104,4736,12854,1.0,23:08,2015,2016
2015-16,203118,Mike Scott,Mike,1610612737,ATL,Atlanta Hawks,21500101,2015-11-09T00:00:00,ATL vs. MIN,L,11.3,2.0,0.0,2.0,4.0,14.0,6.0,13.0,24.0,0.0,0.0,0.0,1.0,8.2,1,13074,13074,13074,21898,6026,10158,4675,8599,22292,13237,23048,8723,8004,1,1,12373,20416,1.0,11:20,2015,2016
2015-16,203210,JaMychal Green,JaMychal,1610612763,MEM,Memphis Grizzlies,21500105,2015-11-09T00:00:00,MEM @ LAC,L,16.3,0.0,0.0,0.0,4.0,6.0,4.0,1.0,8.0,0.0,0.0,4.0,1.0,7.7,1,13074,13074,13074,18800,12059,10158,9917,8599,10028,8458,3646,21543,8004,1,22104,12373,20733,1.0,16:19,2015,2016
2015-16,203459,Allen Crabbe,Allen,1610612757,POR,Portland Trail Blazers,21500102,2015-11-09T00:00:00,POR @ DEN,L,22.7,4.0,2.0,0.0,6.0,8.0,6.0,5.0,18.0,0.0,0.0,1.0,1.0,16.1,1,13074,13074,13074,13601,2460,4731,9917,5299,13914,13237,11593,13577,8004,1,4972,12373,14515,1.0,22:43,2015,2016
2015-16,1626167,Myles Turner,Myles,1610612754,IND,Indiana Pacers,21500099,2015-11-09T00:00:00,IND vs. ORL,W,19.8,0.0,0.0,0.0,2.0,14.0,0.0,7.0,12.0,0.0,0.0,2.0,2.0,12.8,1,1,1,1,16071,12059,10158,9917,12984,22292,1,15538,18637,8004,1,11390,7786,17129,1.0,19:48,2015,2016
2015-16,203468,CJ McCollum,CJ,1610612757,POR,Portland Trail Blazers,21500102,2015-11-09T00:00:00,POR @ DEN,L,35.5,0.0,0.0,2.0,8.0,4.0,9.0,9.0,40.0,0.0,0.0,0.0,1.0,21.6,1,13074,13074,13074,3108,12059,10158,4675,3109,6141,19144,18829,983,8004,1,1,12373,10666,1.0,35:32,2015,2016
2015-16,101112,Channing Frye,Channing,1610612753,ORL,Orlando Magic,21500099,2015-11-09T00:00:00,ORL @ IND,L,22.7,6.0,2.0,0.0,2.0,13.0,5.0,6.0,18.0,0.0,0.0,5.0,0.0,21.6,1,13074,13074,13074,13645,878,4731,9917,12984,21300,11469,13388,13577,8004,1,24686,18762,10666,1.0,22:39,2015,2016
2015-16,202357,Nemanja Bjelica,Nemanja,1610612750,MIN,Minnesota Timberwolves,21500101,2015-11-09T00:00:00,MIN @ ATL,W,29.9,0.0,0.0,2.0,0.0,29.0,2.0,10.0,38.0,0.0,0.0,2.0,2.0,21.0,1,1,1,1,7624,12059,10158,4675,18861,26052,3734,20169,1422,8004,1,11390,7786,11077,1.0,29:54,2015,2016
2015-16,203503,Tony Snell,Tony,1610612741,CHI,Chicago Bulls,21500100,2015-11-09T00:00:00,CHI @ PHI,W,19.9,0.0,5.0,5.0,2.0,12.0,3.0,7.0,18.0,1.0,1.0,1.0,2.0,21.0,1,1,1,1,16012,12059,995,1277,12984,20178,7138,15538,13577,2692,17214,4972,7786,11077,1.0,19:53,2015,2016
2015-16,1626171,Bobby Portis,Bobby,1610612741,CHI,Chicago Bulls,21500100,2015-11-09T00:00:00,CHI @ PHI,W,10.5,0.0,0.0,0.0,2.0,5.0,4.0,10.0,12.0,1.0,0.0,1.0,0.0,8.5,1,1,1,1,22250,12059,10158,9917,12984,8403,8458,20169,18637,2692,1,4972,18762,20215,1.0,10:27,2015,2016
2015-16,2746,Josh Smith,Josh,1610612746,LAC,LA Clippers,21500105,2015-11-09T00:00:00,LAC vs. MEM,W,14.0,2.0,0.0,2.0,0.0,5.0,0.0,0.0,10.0,3.0,1.0,1.0,2.0,21.2,1,1,1,1,20412,6026,10158,4675,18861,8403,1,1,20209,347,17214,4972,7786,10936,1.0,13:59,2015,2016
2015-16,203138,Hollis Thompson,Hollis,1610612755,PHI,Philadelphia 76ers,21500100,2015-11-09T00:00:00,PHI vs. CHI,L,20.7,0.0,0.0,3.0,2.0,12.0,7.0,9.0,12.0,0.0,0.0,2.0,0.0,7.6,1,13074,13074,13074,15302,12059,10158,3302,12984,20178,15642,18829,18637,8004,1,11390,18762,20803,1.0,20:43,2015,2016
2015-16,203946,Cameron Bairstow,Cameron,1610612741,CHI,Chicago Bulls,21500100,2015-11-09T00:00:00,CHI @ PHI,W,4.2,0.0,0.0,0.0,0.0,0.0,4.0,3.0,6.0,0.0,0.0,2.0,0.0,2.4,1,1,1,1,24648,12059,10158,9917,18861,1,8458,7328,22724,8004,1,11390,18762,24024,1.0,4:10,2015,2016
2015-16,200751,Randy Foye,Randy,1610612743,DEN,Denver Nuggets,21500102,2015-11-09T00:00:00,DEN vs. POR,W,19.7,0.0,0.0,3.0,0.0,8.0,7.0,2.0,14.0,0.0,0.0,1.0,1.0,16.7,1,1,1,1,16181,12059,10158,3302,18861,13914,15642,4025,17019,8004,1,4972,12373,14064,1.0,19:41,2015,2016
2015-16,203123,Kostas Papanikolaou,Kostas,1610612743,DEN,Denver Nuggets,21500102,2015-11-09T00:00:00,DEN vs. POR,W,12.6,0.0,0.0,0.0,0.0,6.0,2.0,2.0,12.0,0.0,0.0,1.0,1.0,13.1,1,1,1,1,21215,12059,10158,9917,18861,10028,3734,4025,18637,8004,1,4972,12373,16874,1.0,12:35,2015,2016
2015-16,201980,Danny Green,Danny,1610612759,SAS,San Antonio Spurs,21500103,2015-11-09T00:00:00,SAS @ SAC,W,26.9,0.0,0.0,0.0,0.0,7.0,7.0,9.0,16.0,2.0,0.0,3.0,1.0,16.2,1,1,1,1,10064,12059,10158,9917,18861,12242,15642,18829,15259,932,1,17641,12373,14436,1.0,26:56,2015,2016
2015-16,1626246,Boban Marjanović,Boban,1610612759,SAS,San Antonio Spurs,21500103,2015-11-09T00:00:00,SAS @ SAC,W,3.5,0.0,0.0,0.0,2.0,2.0,0.0,5.0,2.0,0.0,0.0,0.0,0.0,2.0,1,1,1,1,24935,12059,10158,9917,12984,2619,1,11593,24614,8004,1,1,18762,24216,1.0,3:28,2015,2016
2015-16,203922,Glenn Robinson III,Glenn,1610612754,IND,Indiana Pacers,21500099,2015-11-09T00:00:00,IND vs. ORL,W,4.2,0.0,0.0,0.0,0.0,5.0,0.0,0.0,0.0,0.0,0.0,0.0,0.0,1.5,1,1,1,1,24648,12059,10158,9917,18861,8403,1,1,25429,8004,1,1,18762,24473,1.0,4:10,2015,2016
2015-16,203382,Aron Baynes,Aron,1610612765,DET,Detroit Pistons,21500104,2015-11-09T00:00:00,DET @ GSW,L,12.4,0.0,2.0,0.0,2.0,6.0,3.0,9.0,10.0,0.0,0.0,0.0,2.0,6.3,1,13074,13074,13074,21306,12059,4731,9917,12984,10028,7138,18829,20209,8004,1,1,7786,21682,1.0,12:27,2015,2016
2015-16,203477,Isaiah Canaan,Isaiah,1610612755,PHI,Philadelphia 76ers,21500100,2015-11-09T00:00:00,PHI vs. CHI,L,20.9,3.0,0.0,0.0,0.0,12.0,10.0,5.0,16.0,0.0,1.0,0.0,0.0,11.1,1,13074,13074,13074,15180,4307,10158,9917,18861,20178,20509,11593,15259,8004,17214,1,18762,18370,1.0,20:51,2015,2016
2015-16,203949,James Michael McAdoo,James Michael,1610612744,GSW,Golden State Warriors,21500104,2015-11-09T00:00:00,GSW vs. DET,W,1.0,0.0,0.0,0.0,0.0,0.0,0.0,0.0,2.0,0.0,0.0,0.0,0.0,1.5,1,1,1,1,25870,12059,10158,9917,18861,1,1,1,24614,8004,1,1,18762,24473,1.0,1:01,2015,2016
2015-16,201229,Anthony Tolliver,Anthony,1610612765,DET,Detroit Pistons,21500104,2015-11-09T00:00:00,DET @ GSW,L,14.3,0.0,0.0,0.0,0.0,7.0,3.0,10.0,14.0,0.0,0.0,0.0,0.0,1.2,1,13074,13074,13074,20234,12059,10158,9917,18861,12242,7138,20169,17019,8004,1,1,18762,24661,1.0,14:16,2015,2016
2015-16,201578,Marreese Speights,Marreese,1610612744,GSW,Golden State Warriors,21500104,2015-11-09T00:00:00,GSW vs. DET,W,4.0,0.0,0.0,0.0,0.0,2.0,4.0,0.0,4.0,0.0,0.0,2.0,0.0,5.6,1,1,1,1,24716,12059,10158,9917,18861,2619,8458,1,23698,8004,1,11390,18762,22133,1.0,3:59,2015,2016
2015-16,2733,Shaun Livingston,Shaun,1610612744,GSW,Golden State Warriors,21500104,2015-11-09T00:00:00,GSW vs. DET,W,19.4,2.0,0.0,2.0,2.0,5.0,6.0,0.0,20.0,0.0,0.0,2.0,0.0,11.4,1,1,1,1,16420,6026,10158,4675,12984,8403,13237,1,11929,8004,1,11390,18762,18134,1.0,19:21,2015,2016
2015-16,1626245,Cristiano Felicio,Cristiano,1610612741,CHI,Chicago Bulls,21500100,2015-11-09T00:00:00,CHI @ PHI,W,1.4,0.0,0.0,0.0,0.0,0.0,0.0,2.0,0.0,0.0,0.0,0.0,0.0,1.5,1,1,1,1,25747,12059,10158,9917,18861,1,1,4025,25429,8004,1,1,18762,24473,1.0,1:23,2015,2016
2015-16,202713,Kyle Singler,Kyle,1610612760,OKC,Oklahoma City Thunder,21500097,2015-11-08T00:00:00,OKC vs. PHX,W,15.2,0.0,2.0,0.0,2.0,12.0,6.0,7.0,16.0,0.0,0.0,2.0,2.0,5.8,1,1,1,1,19608,12059,4731,9917,12984,20178,13237,15538,15259,8004,1,11390,7786,22018,1.0,15:13,2015,2016
2015-16,203512,Lucas Nogueira,Lucas,1610612761,TOR,Toronto Raptors,21500096,2015-11-08T00:00:00,TOR @ MIA,L,3.4,3.0,0.0,0.0,2.0,0.0,0.0,0.0,0.0,0.0,0.0,0.0,1.0,6.0,1,13074,13074,13074,24957,4307,10158,9917,12984,1,1,1,25429,8004,1,1,12373,21878,1.0,3:26,2015,2016
2015-16,201978,Chase Budinger,Chase,1610612754,IND,Indiana Pacers,21500094,2015-11-08T00:00:00,IND @ CLE,L,18.0,3.0,0.0,2.0,2.0,7.0,4.0,11.0,24.0,0.0,0.0,1.0,1.0,6.4,1,13074,13074,13074,17508,4307,10158,4675,12984,12242,8458,21342,8723,8004,1,4972,12373,21589,1.0,18:00,2015,2016
2015-16,1626164,Devin Booker,Devin,1610612756,PHX,Phoenix Suns,21500097,2015-11-08T00:00:00,PHX @ OKC,L,9.8,0.0,0.0,0.0,0.0,4.0,6.0,5.0,18.0,0.0,1.0,3.0,0.0,1.5,1,13074,13074,13074,22527,12059,10158,9917,18861,6141,13237,11593,13577,8004,17214,17641,18762,24473,1.0,9:48,2015,2016
2015-16,1626181,Norman Powell,Norman,1610612761,TOR,Toronto Raptors,21500096,2015-11-08T00:00:00,TOR @ MIA,L,4.6,0.0,0.0,0.0,0.0,0.0,0.0,0.0,0.0,0.0,0.0,0.0,0.0,1.2,1,13074,13074,13074,24495,12059,10158,9917,18861,1,1,1,25429,8004,1,1,18762,24661,1.0,4:38,2015,2016
2015-16,2617,Udonis Haslem,Udonis,1610612748,MIA,Miami Heat,21500096,2015-11-08T00:00:00,MIA vs. TOR,W,2.2,0.0,0.0,0.0,0.0,0.0,0.0,0.0,0.0,0.0,0.0,0.0,0.0,1.2,1,1,1,1,25440,12059,10158,9917,18861,1,1,1,25429,8004,1,1,18762,24661,1.0,2:14,2015,2016
2015-16,203462,Archie Goodwin,Archie,1610612756,PHX,Phoenix Suns,21500097,2015-11-08T00:00:00,PHX @ OKC,L,14.1,0.0,0.0,1.0,2.0,8.0,8.0,6.0,16.0,0.0,0.0,1.0,4.0,6.4,1,13074,13074,13074,20346,12059,10158,9347,12984,13914,17345,13388,15259,8004,1,4972,2748,21589,1.0,14:06,2015,2016
2015-16,200782,P.J. Tucker,P.J.,1610612756,PHX,Phoenix Suns,21500097,2015-11-08T00:00:00,PHX @ OKC,L,21.4,0.0,0.0,0.0,0.0,14.0,14.0,9.0,26.0,0.0,0.0,1.0,2.0,11.3,1,13074,13074,13074,14657,12059,10158,9917,18861,22292,24300,18829,7214,8004,1,4972,7786,18230,1.0,21:26,2015,2016
2015-16,202498,Lance Thomas,Lance,1610612752,NYK,New York Knicks,21500095,2015-11-08T00:00:00,NYK vs. LAL,W,18.2,0.0,0.0,0.0,2.0,6.0,4.0,2.0,12.0,0.0,0.0,0.0,2.0,9.4,1,1,1,1,17319,12059,10158,9917,12984,10028,8458,4025,18637,8004,1,1,7786,19568,1.0,18:14,2015,2016
2015-16,203099,Jared Cunningham,Jared,1610612739,CLE,Cleveland Cavaliers,21500094,2015-11-08T00:00:00,CLE vs. IND,W,8.9,0.0,2.0,0.0,2.0,5.0,0.0,0.0,4.0,0.0,0.0,0.0,1.0,5.0,1,1,1,1,22887,12059,4731,9917,12984,8403,1,1,23698,8004,1,1,12373,22500,1.0,8:53,2015,2016
2015-16,203141,Mirza Teletovic,Mirza,1610612756,PHX,Phoenix Suns,21500097,2015-11-08T00:00:00,PHX @ OKC,L,6.4,0.0,3.0,0.0,0.0,2.0,7.0,0.0,8.0,0.0,0.0,1.0,0.0,4.2,1,13074,13074,13074,23803,12059,3104,9917,18861,2619,15642,1,21543,8004,1,4972,18762,22976,1.0,6:21,2015,2016
2015-16,2592,James Jones,James,1610612739,CLE,Cleveland Cavaliers,21500094,2015-11-08T00:00:00,CLE vs. IND,W,3.1,0.0,0.0,0.0,0.0,4.0,2.0,0.0,2.0,0.0,0.0,2.0,0.0,-1.0,1,1,1,1,25093,12059,10158,9917,18861,6141,3734,1,24614,8004,1,11390,18762,25932,1.0,3:05,2015,2016
2015-16,203461,Anthony Bennett,Anthony,1610612761,TOR,Toronto Raptors,21500096,2015-11-08T00:00:00,TOR @ MIA,L,7.5,0.0,0.0,0.0,0.0,8.0,0.0,8.0,10.0,0.0,0.0,1.0,0.0,0.0,1,13074,13074,13074,23408,12059,10158,9917,18861,13914,1,17194,20209,8004,1,4972,18762,25170,1.0,7:27,2015,2016
2015-16,203956,Mitch McGary,Mitch,1610612760,OKC,Oklahoma City Thunder,21500097,2015-11-08T00:00:00,OKC vs. PHX,W,11.5,2.0,0.0,2.0,2.0,12.0,4.0,9.0,12.0,0.0,0.0,3.0,1.0,3.6,1,1,1,1,21840,6026,10158,4675,12984,20178,8458,18829,18637,8004,1,17641,12373,23310,1.0,11:29,2015,2016
2015-16,203922,Glenn Robinson III,Glenn,1610612754,IND,Indiana Pacers,21500094,2015-11-08T00:00:00,IND @ CLE,L,13.1,0.0,0.0,0.0,2.0,2.0,4.0,2.0,14.0,0.0,0.0,0.0,1.0,4.9,1,13074,13074,13074,20924,12059,10158,9917,12984,2619,8458,4025,17019,8004,1,1,12373,22621,1.0,13:05,2015,2016
2015-16,1626166,Cameron Payne,Cameron,1610612760,OKC,Oklahoma City Thunder,21500097,2015-11-08T00:00:00,OKC vs. PHX,W,2.0,0.0,0.0,0.0,0.0,2.0,0.0,3.0,2.0,0.0,0.0,0.0,0.0,0.0,1,1,1,1,25528,12059,10158,9917,18861,2619,1,7328,24614,8004,1,1,18762,25170,1.0,1:59,2015,2016
2015-16,101179,Ronnie Price,Ronnie,1610612756,PHX,Phoenix Suns,21500097,2015-11-08T00:00:00,PHX @ OKC,L,6.2,0.0,0.0,0.0,0.0,4.0,4.0,5.0,12.0,0.0,0.0,2.0,1.0,5.0,1,13074,13074,13074,23881,12059,10158,9917,18861,6141,8458,11593,18637,8004,1,11390,12373,22500,1.0,6:11,2015,2016
2015-16,203124,Kyle O'Quinn,Kyle,1610612752,NYK,New York Knicks,21500095,2015-11-08T00:00:00,NYK vs. LAL,W,11.2,1.0,1.0,0.0,0.0,2.0,5.0,0.0,4.0,0.0,0.0,0.0,1.0,4.9,1,1,1,1,21955,11535,9709,9917,18861,2619,11469,1,23698,8004,1,1,12373,22621,1.0,11:10,2015,2016
2015-16,2581,Steve Blake,Steve,1610612765,DET,Detroit Pistons,21500098,2015-11-08T00:00:00,DET @ POR,W,13.7,0.0,3.0,0.0,0.0,4.0,2.0,2.0,16.0,0.0,0.0,1.0,0.0,8.7,1,1,1,1,20576,12059,3104,9917,18861,6141,3734,4025,15259,8004,1,4972,18762,20045,1.0,13:43,2015,2016
2015-16,203516,James Ennis III,James,1610612748,MIA,Miami Heat,21500096,2015-11-08T00:00:00,MIA vs. TOR,W,3.4,0.0,0.0,0.0,0.0,3.0,0.0,0.0,2.0,0.0,0.0,1.0,0.0,0.0,1,1,1,1,24957,12059,10158,9917,18861,5109,1,1,24614,8004,1,4972,18762,25170,1.0,3:26,2015,2016
2015-16,1626153,Delon Wright,Delon,1610612761,TOR,Toronto Raptors,21500096,2015-11-08T00:00:00,TOR @ MIA,L,2.7,0.0,0.0,0.0,0.0,0.0,0.0,0.0,0.0,0.0,0.0,0.0,0.0,0.0,1,13074,13074,13074,25266,12059,10158,9917,18861,1,1,1,25429,8004,1,1,18762,25170,1.0,2:39,2015,2016
2015-16,201609,Goran Dragic,Goran,1610612748,MIA,Miami Heat,21500096,2015-11-08T00:00:00,MIA vs. TOR,W,26.5,0.0,0.0,0.0,2.0,6.0,2.0,2.0,26.0,0.0,0.0,1.0,3.0,6.9,1,1,1,1,10488,12059,10158,9917,12984,10028,3734,4025,7214,8004,1,4972,4736,21262,1.0,26:27,2015,2016
2015-16,202704,Reggie Jackson,Reggie,1610612765,DET,Detroit Pistons,21500098,2015-11-08T00:00:00,DET @ POR,W,34.3,11.0,3.0,4.0,18.0,8.0,6.0,8.0,26.0,0.0,1.0,1.0,6.0,57.5,1,1,1,1,4106,55,3104,1913,131,13914,13237,17194,7214,8004,17214,4972,873,290,1.0,34:17,2015,2016
2015-16,201566,Russell Westbrook,Russell,1610612760,OKC,Oklahoma City Thunder,21500097,2015-11-08T00:00:00,OKC vs. PHX,W,34.0,7.0,6.0,4.0,12.0,7.0,10.0,7.0,24.0,0.0,0.0,3.0,2.0,57.7,1,1,1,1,4371,548,481,1913,988,12242,20509,15538,8723,8004,1,17641,7786,281,1.0,33:59,2015,2016
2015-16,201577,Robin Lopez,Robin,1610612752,NYK,New York Knicks,21500095,2015-11-08T00:00:00,NYK vs. LAL,W,31.0,0.0,6.0,0.0,10.0,6.0,14.0,4.0,12.0,1.0,0.0,3.0,2.0,36.6,1,1,1,1,6718,12059,481,9917,1840,10028,24300,8806,18637,2692,1,17641,7786,3288,1.0,31:00,2015,2016
2015-16,203082,Terrence Ross,Terrence,1610612761,TOR,Toronto Raptors,21500096,2015-11-08T00:00:00,TOR @ MIA,L,19.8,0.0,0.0,0.0,0.0,14.0,9.0,10.0,22.0,1.0,0.0,3.0,0.0,7.4,1,13074,13074,13074,16041,12059,10158,9917,18861,22292,19144,20169,10265,2692,1,17641,18762,20912,1.0,19:50,2015,2016
2015-16,201567,Kevin Love,Kevin,1610612739,CLE,Cleveland Cavaliers,21500094,2015-11-08T00:00:00,CLE vs. IND,W,39.0,2.0,4.0,6.0,14.0,9.0,9.0,9.0,30.0,3.0,0.0,3.0,1.0,54.8,1,1,1,1,1055,6026,1596,740,542,15771,19144,18829,4541,347,1,17641,12373,404,1.0,39:03,2015,2016
2015-16,203083,Andre Drummond,Andre,1610612765,DET,Detroit Pistons,21500098,2015-11-08T00:00:00,DET @ POR,W,35.9,4.0,12.0,0.0,26.0,6.0,4.0,10.0,32.0,3.0,0.0,3.0,4.0,75.4,1,1,1,1,2855,2460,6,9917,7,10028,8458,20169,3535,347,1,17641,2748,16,1.0,35:52,2015,2016
2015-16,201142,Kevin Durant,Kevin,1610612760,OKC,Oklahoma City Thunder,21500097,2015-11-08T00:00:00,OKC vs. PHX,W,31.5,4.0,5.0,9.0,10.0,5.0,8.0,9.0,22.0,0.0,0.0,2.0,4.0,58.2,1,1,1,1,6301,2460,995,184,1840,8403,17345,18829,10265,8004,1,11390,2748,262,1.0,31:31,2015,2016
2015-16,203468,CJ McCollum,CJ,1610612757,POR,Portland Trail Blazers,21500098,2015-11-08T00:00:00,POR vs. DET,L,33.7,2.0,0.0,0.0,10.0,20.0,25.0,6.0,42.0,0.0,1.0,5.0,2.0,24.8,1,13074,13074,13074,4590,6026,10158,9917,1840,25338,26050,13388,670,8004,17214,24686,7786,8614,1.0,33:42,2015,2016
2015-16,2547,Chris Bosh,Chris,1610612748,MIA,Miami Heat,21500096,2015-11-08T00:00:00,MIA vs. TOR,W,30.2,3.0,3.0,0.0,4.0,10.0,4.0,5.0,18.0,0.0,0.0,3.0,4.0,37.1,1,1,1,1,7331,4307,3104,9917,8599,17370,8458,11593,13577,8004,1,17641,2748,3151,1.0,30:14,2015,2016
2015-16,200768,Kyle Lowry,Kyle,1610612761,TOR,Toronto Raptors,21500096,2015-11-08T00:00:00,TOR @ MIA,L,36.9,4.0,0.0,2.0,4.0,13.0,17.0,2.0,34.0,0.0,2.0,2.0,6.0,35.2,1,13074,13074,13074,2167,2460,10158,4675,8599,21300,25429,4025,2701,8004,23588,11390,873,3745,1.0,36:52,2015,2016
2015-16,2199,Tyson Chandler,Tyson,1610612756,PHX,Phoenix Suns,21500097,2015-11-08T00:00:00,PHX @ OKC,L,24.3,0.0,0.0,0.0,0.0,15.0,16.0,18.0,28.0,0.0,0.0,2.0,1.0,11.6,1,13074,13074,13074,12298,12059,10158,9917,18861,23079,25155,25228,5824,8004,1,11390,12373,17970,1.0,24:18,2015,2016
2015-16,201596,Mario Chalmers,Mario,1610612748,MIA,Miami Heat,21500096,2015-11-08T00:00:00,MIA vs. TOR,W,25.2,2.0,0.0,0.0,4.0,10.0,2.0,5.0,12.0,1.0,2.0,3.0,1.0,29.4,1,1,1,1,11549,6026,10158,9917,8599,17370,3734,11593,18637,2692,23588,17641,12373,6143,1.0,25:10,2015,2016
2015-16,202355,Hassan Whiteside,Hassan,1610612748,MIA,Miami Heat,21500096,2015-11-08T00:00:00,MIA vs. TOR,W,24.6,3.0,11.0,0.0,14.0,6.0,2.0,2.0,28.0,6.0,0.0,2.0,4.0,54.2,1,1,1,1,11996,4307,19,9917,542,10028,3734,4025,5824,19,1,11390,2748,432,1.0,24:38,2015,2016
2015-16,101181,Jose Calderon,Jose,1610612752,NYK,New York Knicks,21500095,2015-11-08T00:00:00,NYK vs. LAL,W,35.4,2.0,2.0,2.0,2.0,8.0,12.0,4.0,14.0,0.0,0.0,1.0,4.0,29.5,1,1,1,1,3237,6026,4731,4675,12984,13914,22832,8806,17019,8004,1,4972,2748,6103,1.0,35:23,2015,2016
2015-16,201941,Jordan Hill,Jordan,1610612754,IND,Indiana Pacers,21500094,2015-11-08T00:00:00,IND @ CLE,L,32.2,3.0,3.0,0.0,4.0,11.0,6.0,11.0,26.0,0.0,0.0,2.0,2.0,29.7,1,13074,13074,13074,5717,4307,3104,9917,8599,18886,13237,21342,7214,8004,1,11390,7786,6006,1.0,32:12,2015,2016
2015-16,202339,Eric Bledsoe,Eric,1610612756,PHX,Phoenix Suns,21500097,2015-11-08T00:00:00,PHX @ OKC,L,37.1,7.0,2.0,4.0,12.0,18.0,23.0,18.0,46.0,0.0,3.0,4.0,5.0,44.9,1,13074,13074,13074,2037,548,4731,1913,988,24749,26017,25228,298,8004,25441,22104,1539,1380,1.0,37:05,2015,2016
2015-16,202331,Paul George,Paul,1610612754,IND,Indiana Pacers,21500094,2015-11-08T00:00:00,IND @ CLE,L,39.0,2.0,2.0,5.0,10.0,13.0,8.0,11.0,36.0,0.0,1.0,5.0,5.0,50.2,1,13074,13074,13074,1084,6026,4731,1277,1840,21300,17345,21342,1943,8004,17214,24686,1539,733,1.0,38:58,2015,2016
2015-16,201586,Serge Ibaka,Serge,1610612760,OKC,Oklahoma City Thunder,21500097,2015-11-08T00:00:00,OKC vs. PHX,W,36.5,2.0,4.0,0.0,4.0,7.0,10.0,7.0,28.0,0.0,0.0,4.0,1.0,24.3,1,1,1,1,2387,6026,1596,9917,8599,12242,20509,15538,5824,8004,1,22104,12373,8939,1.0,36:31,2015,2016
2015-16,203081,Damian Lillard,Damian,1610612757,POR,Portland Trail Blazers,21500098,2015-11-08T00:00:00,POR vs. DET,L,35.4,4.0,2.0,3.0,6.0,16.0,18.0,4.0,44.0,0.0,0.0,3.0,7.0,45.3,1,13074,13074,13074,3249,2460,4731,3302,5299,23774,25634,8806,454,8004,1,17641,469,1310,1.0,35:22,2015,2016
2015-16,201229,Anthony Tolliver,Anthony,1610612765,DET,Detroit Pistons,21500098,2015-11-08T00:00:00,DET @ POR,W,21.9,3.0,0.0,0.0,0.0,4.0,8.0,3.0,16.0,1.0,0.0,3.0,2.0,12.0,1,1,1,1,14235,4307,10158,9917,18861,6141,17345,7328,15259,2692,1,17641,7786,17703,1.0,21:56,2015,2016
2015-16,202688,Brandon Knight,Brandon,1610612756,PHX,Phoenix Suns,21500097,2015-11-08T00:00:00,PHX @ OKC,L,32.3,2.0,3.0,3.0,2.0,24.0,21.0,20.0,38.0,1.0,0.0,2.0,3.0,15.3,1,13074,13074,13074,5672,6026,3104,3302,12984,25890,25962,25599,1422,2692,1,11390,4736,15150,1.0,32:17,2015,2016
2015-16,2449,Luis Scola,Luis,1610612761,TOR,Toronto Raptors,21500096,2015-11-08T00:00:00,TOR @ MIA,L,22.3,0.0,0.0,0.0,4.0,9.0,13.0,0.0,18.0,1.0,0.0,3.0,1.0,15.3,1,13074,13074,13074,13928,12059,10158,9917,8599,15771,23668,1,13577,2692,1,17641,12373,15150,1.0,22:17,2015,2016
2015-16,202709,Cory Joseph,Cory,1610612761,TOR,Toronto Raptors,21500096,2015-11-08T00:00:00,TOR @ MIA,L,23.5,0.0,0.0,0.0,0.0,16.0,10.0,8.0,20.0,2.0,0.0,2.0,1.0,15.3,1,13074,13074,13074,13005,12059,10158,9917,18861,23774,20509,17194,11929,932,1,11390,12373,15150,1.0,23:27,2015,2016
2015-16,2548,Dwyane Wade,Dwyane,1610612748,MIA,Miami Heat,21500096,2015-11-08T00:00:00,MIA vs. TOR,W,24.9,3.0,0.0,2.0,4.0,6.0,2.0,2.0,28.0,1.0,0.0,1.0,3.0,20.6,1,1,1,1,11722,4307,10158,4675,8599,10028,3734,4025,5824,2692,1,4972,4736,11314,1.0,24:56,2015,2016
2015-16,1897,Metta World Peace,Metta,1610612747,LAL,Los Angeles Lakers,21500095,2015-11-08T00:00:00,LAL @ NYK,L,15.9,2.0,2.0,0.0,0.0,5.0,5.0,2.0,10.0,1.0,0.0,2.0,0.0,20.3,1,13074,13074,13074,19102,6026,4731,9917,18861,8403,11469,4025,20209,2692,1,11390,18762,11534,1.0,15:55,2015,2016
2015-16,2544,LeBron James,LeBron,1610612739,CLE,Cleveland Cavaliers,21500094,2015-11-08T00:00:00,CLE vs. IND,W,35.0,6.0,2.0,2.0,10.0,14.0,7.0,4.0,22.0,0.0,1.0,0.0,7.0,40.2,1,1,1,1,3522,878,4731,4675,1840,22292,15642,8806,10265,8004,17214,1,469,2323,1.0,35:01,2015,2016
2015-16,202338,Kevin Seraphin,Kevin,1610612752,NYK,New York Knicks,21500095,2015-11-08T00:00:00,NYK vs. LAL,W,7.8,0.0,0.0,0.0,0.0,2.0,0.0,2.0,6.0,2.0,0.0,0.0,0.0,11.6,1,1,1,1,23284,12059,10158,9917,18861,2619,1,4025,22724,932,1,1,18762,17970,1.0,7:46,2015,2016
2015-16,202730,Lavoy Allen,Lavoy,1610612754,IND,Indiana Pacers,21500094,2015-11-08T00:00:00,IND @ CLE,L,24.8,0.0,0.0,0.0,0.0,4.0,4.0,4.0,26.0,2.0,1.0,3.0,0.0,20.1,1,13074,13074,13074,11873,12059,10158,9917,18861,6141,8458,8806,7214,932,17214,17641,18762,11685,1.0,24:46,2015,2016
2015-16,2756,Sasha Vujacic,Sasha,1610612752,NYK,New York Knicks,21500095,2015-11-08T00:00:00,NYK vs. LAL,W,14.8,0.0,0.0,0.0,0.0,4.0,5.0,4.0,8.0,0.0,0.0,0.0,0.0,11.9,1,1,1,1,19902,12059,10158,9917,18861,6141,11469,8806,21543,8004,1,1,18762,17760,1.0,14:47,2015,2016
2015-16,977,Kobe Bryant,Kobe,1610612747,LAL,Los Angeles Lakers,21500095,2015-11-08T00:00:00,LAL @ NYK,L,32.1,2.0,0.0,0.0,0.0,7.0,11.0,6.0,16.0,0.0,0.0,2.0,4.0,26.9,1,13074,13074,13074,5811,6026,10158,9917,18861,12242,21814,13388,15259,8004,1,11390,2748,7438,1.0,32:05,2015,2016
2015-16,202687,Bismack Biyombo,Bismack,1610612761,TOR,Toronto Raptors,21500096,2015-11-08T00:00:00,TOR @ MIA,L,14.6,3.0,2.0,3.0,2.0,13.0,5.0,8.0,16.0,1.0,1.0,2.0,2.0,20.4,1,13074,13074,13074,20061,4307,4731,3302,12984,21300,11469,17194,15259,2692,17214,11390,7786,11453,1.0,14:34,2015,2016
2015-16,201942,DeMar DeRozan,DeMar,1610612761,TOR,Toronto Raptors,21500096,2015-11-08T00:00:00,TOR @ MIA,L,35.5,0.0,0.0,0.0,4.0,20.0,11.0,10.0,36.0,0.0,2.0,3.0,3.0,15.7,1,13074,13074,13074,3137,12059,10158,9917,8599,25338,21814,20169,1943,8004,23588,17641,4736,14841,1.0,35:30,2015,2016
2015-16,204001,Kristaps Porziņģis,Kristaps,1610612752,NYK,New York Knicks,21500095,2015-11-08T00:00:00,NYK vs. LAL,W,25.7,2.0,2.0,1.0,0.0,4.0,3.0,4.0,10.0,2.0,1.0,4.0,3.0,31.5,1,1,1,1,11072,6026,4731,9347,18861,6141,7138,8806,20209,932,17214,22104,4736,5180,1.0,25:45,2015,2016
2015-16,204028,Tarik Black,Tarik,1610612747,LAL,Los Angeles Lakers,21500095,2015-11-08T00:00:00,LAL @ NYK,L,15.2,0.0,0.0,0.0,6.0,10.0,3.0,5.0,8.0,0.0,1.0,2.0,1.0,12.3,1,13074,13074,13074,19653,12059,10158,9917,5299,17370,7138,11593,21543,8004,17214,11390,12373,17524,1.0,15:09,2015,2016
2015-16,203086,Meyers Leonard,Meyers,1610612757,POR,Portland Trail Blazers,21500098,2015-11-08T00:00:00,POR vs. DET,L,33.3,0.0,0.0,0.0,4.0,18.0,16.0,6.0,44.0,0.0,1.0,4.0,0.0,19.9,1,13074,13074,13074,4930,12059,10158,9917,8599,24749,25155,13388,454,8004,17214,22104,18762,11824,1.0,33:15,2015,2016
2015-16,203090,Maurice Harkless,Maurice,1610612757,POR,Portland Trail Blazers,21500098,2015-11-08T00:00:00,POR vs. DET,L,22.2,0.0,0.0,0.0,0.0,14.0,11.0,2.0,12.0,0.0,0.0,4.0,0.0,12.0,1,13074,13074,13074,13991,12059,10158,9917,18861,22292,21814,4025,18637,8004,1,22104,18762,17703,1.0,22:13,2015,2016
2015-16,202694,Marcus Morris Sr.,Marcus,1610612765,DET,Detroit Pistons,21500098,2015-11-08T00:00:00,DET @ POR,W,36.7,2.0,4.0,2.0,4.0,8.0,8.0,10.0,32.0,0.0,0.0,3.0,5.0,27.1,1,1,1,1,2267,6026,1596,4675,8599,13914,17345,20169,3535,8004,1,17641,1539,7339,1.0,36:44,2015,2016
2015-16,203933,T.J. Warren,T.J.,1610612756,PHX,Phoenix Suns,21500097,2015-11-08T00:00:00,PHX @ OKC,L,23.2,4.0,2.0,4.0,6.0,18.0,11.0,18.0,36.0,0.0,0.0,0.0,2.0,17.4,1,13074,13074,13074,13196,2460,4731,1913,5299,24749,21814,25228,1943,8004,1,1,7786,13595,1.0,23:12,2015,2016
2015-16,203500,Steven Adams,Steven,1610612760,OKC,Oklahoma City Thunder,21500097,2015-11-08T00:00:00,OKC vs. PHX,W,19.5,2.0,3.0,0.0,6.0,2.0,5.0,2.0,8.0,5.0,1.0,1.0,1.0,27.5,1,1,1,1,16306,6026,3104,9917,5299,2619,11469,4025,21543,59,17214,4972,12373,7137,1.0,19:31,2015,2016
2015-16,1626159,Justise Winslow,Justise,1610612748,MIA,Miami Heat,21500096,2015-11-08T00:00:00,MIA vs. TOR,W,32.2,4.0,2.0,4.0,6.0,14.0,2.0,7.0,24.0,0.0,1.0,2.0,4.0,17.5,1,1,1,1,5719,2460,4731,1913,5299,22292,3734,15538,8723,8004,17214,11390,2748,13528,1.0,32:12,2015,2016
2015-16,203382,Aron Baynes,Aron,1610612765,DET,Detroit Pistons,21500098,2015-11-08T00:00:00,DET @ POR,W,12.1,2.0,0.0,0.0,2.0,6.0,4.0,0.0,10.0,1.0,0.0,1.0,1.0,13.5,1,1,1,1,21460,6026,10158,9917,12984,10028,8458,1,20209,2692,1,4972,12373,16552,1.0,12:08,2015,2016
2015-16,202684,Tristan Thompson,Tristan,1610612739,CLE,Cleveland Cavaliers,21500094,2015-11-08T00:00:00,CLE vs. IND,W,30.5,3.0,2.0,3.0,14.0,11.0,6.0,4.0,24.0,0.0,0.0,3.0,3.0,33.1,1,1,1,1,7140,4307,4731,3302,542,18886,13237,8806,8723,8004,1,17641,4736,4505,1.0,30:27,2015,2016
2015-16,204020,Tyler Johnson,Tyler,1610612748,MIA,Miami Heat,21500096,2015-11-08T00:00:00,MIA vs. TOR,W,22.8,2.0,3.0,2.0,4.0,12.0,2.0,5.0,16.0,0.0,0.0,4.0,0.0,14.1,1,1,1,1,13553,6026,3104,4675,8599,20178,3734,11593,15259,8004,1,22104,18762,16094,1.0,22:46,2015,2016
2015-16,201579,Roy Hibbert,Roy,1610612747,LAL,Los Angeles Lakers,21500095,2015-11-08T00:00:00,LAL @ NYK,L,32.9,0.0,7.0,0.0,6.0,2.0,13.0,3.0,18.0,2.0,1.0,4.0,5.0,39.0,1,13074,13074,13074,5241,12059,292,9917,5299,2619,23668,7328,13577,932,17214,22104,1539,2642,1.0,32:51,2015,2016
2015-16,203484,Kentavious Caldwell-Pope,Kentavious,1610612765,DET,Detroit Pistons,21500098,2015-11-08T00:00:00,DET @ POR,W,39.1,2.0,5.0,0.0,2.0,10.0,6.0,8.0,28.0,0.0,0.0,2.0,3.0,31.8,1,1,1,1,1033,6026,995,9917,12984,17370,13237,17194,5824,8004,1,11390,4736,5041,1.0,39:06,2015,2016
2015-16,202683,Enes Freedom,Enes,1610612760,OKC,Oklahoma City Thunder,21500097,2015-11-08T00:00:00,OKC vs. PHX,W,28.5,2.0,9.0,3.0,18.0,17.0,9.0,14.0,32.0,1.0,0.0,5.0,3.0,31.9,1,1,1,1,8840,6026,77,3302,131,24337,19144,23710,3535,2692,1,24686,4736,4984,1.0,28:29,2015,2016
2015-16,201588,George Hill,George,1610612754,IND,Indiana Pacers,21500094,2015-11-08T00:00:00,IND @ CLE,L,40.0,2.0,4.0,0.0,8.0,8.0,8.0,6.0,38.0,0.0,1.0,2.0,4.0,27.5,1,13074,13074,13074,744,6026,1596,9917,3109,13914,17345,13388,1422,8004,17214,11390,2748,7137,1.0,39:57,2015,2016
2015-16,101145,Monta Ellis,Monta,1610612754,IND,Indiana Pacers,21500094,2015-11-08T00:00:00,IND @ CLE,L,34.5,4.0,0.0,2.0,6.0,9.0,6.0,9.0,34.0,0.0,0.0,2.0,3.0,38.5,1,13074,13074,13074,3990,2460,10158,4675,5299,15771,13237,18829,2701,8004,1,11390,4736,2771,1.0,34:27,2015,2016
2015-16,203460,Andre Roberson,Andre,1610612760,OKC,Oklahoma City Thunder,21500097,2015-11-08T00:00:00,OKC vs. PHX,W,22.6,3.0,0.0,5.0,6.0,2.0,8.0,5.0,10.0,1.0,0.0,2.0,3.0,17.2,1,1,1,1,13687,4307,10158,1277,5299,2619,17345,11593,20209,2692,1,11390,4736,13725,1.0,22:37,2015,2016
2015-16,201571,D.J. Augustin,D.J.,1610612760,OKC,Oklahoma City Thunder,21500097,2015-11-08T00:00:00,OKC vs. PHX,W,14.0,0.0,0.0,0.0,0.0,12.0,4.0,9.0,16.0,0.0,0.0,0.0,4.0,16.2,1,1,1,1,20436,12059,10158,9917,18861,20178,8458,18829,15259,8004,1,1,2748,14436,1.0,13:57,2015,2016
2015-16,101141,Ersan Ilyasova,Ersan,1610612765,DET,Detroit Pistons,21500098,2015-11-08T00:00:00,DET @ POR,W,26.1,0.0,0.0,0.0,0.0,8.0,0.0,7.0,26.0,0.0,0.0,2.0,0.0,16.2,1,1,1,1,10786,12059,10158,9917,18861,13914,1,15538,7214,8004,1,11390,18762,14436,1.0,26:04,2015,2016
2015-16,2736,Luol Deng,Luol,1610612748,MIA,Miami Heat,21500096,2015-11-08T00:00:00,MIA vs. TOR,W,28.5,1.0,0.0,0.0,2.0,6.0,2.0,2.0,28.0,0.0,0.0,2.0,1.0,16.5,1,1,1,1,8804,11535,10158,9917,12984,10028,3734,4025,5824,8004,1,11390,12373,14224,1.0,28:31,2015,2016
2015-16,1626169,Stanley Johnson,Stanley,1610612765,DET,Detroit Pistons,21500098,2015-11-08T00:00:00,DET @ POR,W,20.2,1.0,0.0,0.0,2.0,6.0,2.0,2.0,24.0,0.0,1.0,0.0,1.0,2.0,1,1,1,1,15764,11535,10158,9917,12984,10028,3734,4025,8723,8004,17214,1,12373,24216,1.0,20:10,2015,2016
2015-16,2210,Richard Jefferson,Richard,1610612739,CLE,Cleveland Cavaliers,21500094,2015-11-08T00:00:00,CLE vs. IND,W,30.3,2.0,0.0,2.0,2.0,11.0,11.0,7.0,30.0,0.0,0.0,4.0,0.0,12.7,1,1,1,1,7302,6026,10158,4675,12984,18886,21814,15538,4541,8004,1,22104,18762,17201,1.0,30:15,2015,2016
2015-16,202682,Derrick Williams,Derrick,1610612752,NYK,New York Knicks,21500095,2015-11-08T00:00:00,NYK vs. LAL,W,15.1,2.0,2.0,3.0,2.0,4.0,2.0,2.0,10.0,0.0,0.0,0.0,3.0,7.7,1,1,1,1,19663,6026,4731,3302,12984,6141,3734,4025,20209,8004,1,1,4736,20733,1.0,15:08,2015,2016
2015-16,203486,Mason Plumlee,Mason,1610612757,POR,Portland Trail Blazers,21500098,2015-11-08T00:00:00,POR vs. DET,L,25.7,0.0,0.0,3.0,6.0,15.0,13.0,2.0,34.0,0.0,3.0,0.0,3.0,16.5,1,13074,13074,13074,11123,12059,10158,3302,5299,23079,23668,4025,2701,8004,25441,1,4736,14224,1.0,25:41,2015,2016
2015-16,201177,Josh McRoberts,Josh,1610612748,MIA,Miami Heat,21500096,2015-11-08T00:00:00,MIA vs. TOR,W,19.4,5.0,0.0,2.0,4.0,7.0,2.0,5.0,8.0,0.0,2.0,1.0,1.0,21.1,1,1,1,1,16361,1603,10158,4675,8599,12242,3734,11593,21543,8004,23588,4972,12373,11012,1.0,19:27,2015,2016
2015-16,202335,Patrick Patterson,Patrick,1610612761,TOR,Toronto Raptors,21500096,2015-11-08T00:00:00,TOR @ MIA,L,15.2,2.0,0.0,0.0,0.0,3.0,6.0,2.0,16.0,0.0,1.0,1.0,0.0,8.2,1,13074,13074,13074,19602,6026,10158,9917,18861,5109,13237,4025,15259,8004,17214,4972,18762,20416,1.0,15:14,2015,2016
2015-16,1626204,Larry Nance Jr.,Larry,1610612747,LAL,Los Angeles Lakers,21500095,2015-11-08T00:00:00,LAL @ NYK,L,17.2,2.0,0.0,2.0,2.0,3.0,3.0,3.0,8.0,0.0,0.0,3.0,0.0,8.2,1,13074,13074,13074,18096,6026,10158,4675,12984,5109,7138,7328,21543,8004,1,17641,18762,20416,1.0,17:14,2015,2016
2015-16,203943,Noah Vonleh,Noah,1610612757,POR,Portland Trail Blazers,21500098,2015-11-08T00:00:00,POR vs. DET,L,9.9,2.0,2.0,0.0,4.0,5.0,7.0,0.0,4.0,0.0,0.0,1.0,0.0,8.1,1,13074,13074,13074,22480,6026,4731,9917,8599,8403,15642,1,23698,8004,1,4972,18762,20521,1.0,9:56,2015,2016
2015-16,203458,Alex Len,Alex,1610612756,PHX,Phoenix Suns,21500097,2015-11-08T00:00:00,PHX @ OKC,L,20.0,2.0,2.0,0.0,4.0,15.0,9.0,9.0,32.0,0.0,0.0,2.0,2.0,18.0,1,13074,13074,13074,15905,6026,4731,9917,8599,23079,19144,18829,3535,8004,1,11390,7786,13164,1.0,20:00,2015,2016
2015-16,101150,Lou Williams,Lou,1610612747,LAL,Los Angeles Lakers,21500095,2015-11-08T00:00:00,LAL @ NYK,L,21.2,0.0,0.0,0.0,0.0,3.0,5.0,3.0,14.0,0.0,1.0,1.0,2.0,20.9,1,13074,13074,13074,14879,12059,10158,9917,18861,5109,11469,7328,17019,8004,17214,4972,7786,11132,1.0,21:12,2015,2016
2015-16,2546,Carmelo Anthony,Carmelo,1610612752,NYK,New York Knicks,21500095,2015-11-08T00:00:00,NYK vs. LAL,W,35.0,0.0,0.0,0.0,4.0,6.0,14.0,4.0,12.0,0.0,1.0,4.0,4.0,34.6,1,1,1,1,3571,12059,10158,9917,8599,10028,24300,8806,18637,8004,17214,22104,2748,3963,1.0,34:57,2015,2016
2015-16,1626167,Myles Turner,Myles,1610612754,IND,Indiana Pacers,21500094,2015-11-08T00:00:00,IND @ CLE,L,18.3,2.0,2.0,0.0,0.0,7.0,8.0,9.0,26.0,1.0,0.0,2.0,2.0,10.2,1,13074,13074,13074,17286,6026,4731,9917,18861,12242,17345,18829,7214,2692,1,11390,7786,19003,1.0,18:17,2015,2016
2015-16,202693,Markieff Morris,Markieff,1610612756,PHX,Phoenix Suns,21500097,2015-11-08T00:00:00,PHX @ OKC,L,33.6,2.0,2.0,2.0,10.0,22.0,18.0,19.0,50.0,0.0,2.0,4.0,5.0,25.0,1,13074,13074,13074,4657,6026,4731,4675,1840,25683,25634,25435,107,8004,23588,22104,1539,8485,1.0,33:37,2015,2016
2015-16,201156,Nick Young,Nick,1610612747,LAL,Los Angeles Lakers,21500095,2015-11-08T00:00:00,LAL @ NYK,L,18.5,0.0,0.0,0.0,2.0,9.0,4.0,5.0,10.0,0.0,0.0,0.0,0.0,10.0,1,13074,13074,13074,17078,12059,10158,9917,12984,15771,8458,11593,20209,8004,1,1,18762,19178,1.0,18:32,2015,2016
2015-16,204038,Langston Galloway,Langston,1610612752,NYK,New York Knicks,21500095,2015-11-08T00:00:00,NYK vs. LAL,W,27.5,5.0,3.0,2.0,4.0,2.0,7.0,2.0,12.0,0.0,1.0,1.0,1.0,23.3,1,1,1,1,9616,1603,3104,4675,8599,2619,15642,4025,18637,8004,17214,4972,12373,9567,1.0,27:29,2015,2016
2015-16,203079,Dion Waiters,Dion,1610612760,OKC,Oklahoma City Thunder,21500097,2015-11-08T00:00:00,OKC vs. PHX,W,24.8,8.0,0.0,4.0,4.0,17.0,6.0,8.0,30.0,1.0,0.0,3.0,4.0,34.0,1,1,1,1,11878,308,10158,1913,8599,24337,13237,17194,4541,2692,1,17641,2748,4162,1.0,24:45,2015,2016
2015-16,202334,Ed Davis,Ed,1610612757,POR,Portland Trail Blazers,21500098,2015-11-08T00:00:00,POR vs. DET,L,19.6,0.0,2.0,0.0,4.0,10.0,11.0,2.0,16.0,1.0,0.0,2.0,1.0,14.7,1,13074,13074,13074,16228,12059,4731,9917,8599,17370,21814,4025,15259,2692,1,11390,12373,15631,1.0,19:36,2015,2016
2015-16,202720,Jon Leuer,Jon,1610612756,PHX,Phoenix Suns,21500097,2015-11-08T00:00:00,PHX @ OKC,L,11.7,2.0,0.0,2.0,4.0,6.0,8.0,8.0,10.0,0.0,2.0,3.0,0.0,10.0,1,13074,13074,13074,21749,6026,10158,4675,8599,10028,17345,17194,20209,8004,23588,17641,18762,19178,1.0,11:39,2015,2016
2015-16,1626156,D'Angelo Russell,D'Angelo,1610612747,LAL,Los Angeles Lakers,21500095,2015-11-08T00:00:00,LAL @ NYK,L,28.4,0.0,0.0,0.0,2.0,9.0,11.0,5.0,12.0,0.0,0.0,2.0,2.0,23.5,1,13074,13074,13074,8934,12059,10158,9917,12984,15771,21814,11593,18637,8004,1,11390,7786,9452,1.0,28:23,2015,2016
2015-16,203521,Matthew Dellavedova,Matthew,1610612739,CLE,Cleveland Cavaliers,21500094,2015-11-08T00:00:00,CLE vs. IND,W,32.6,0.0,0.0,0.0,2.0,9.0,6.0,7.0,22.0,0.0,0.0,3.0,1.0,23.1,1,1,1,1,5434,12059,10158,9917,12984,15771,13237,15538,10265,8004,1,17641,12373,9699,1.0,32:35,2015,2016
2015-16,2590,Mo Williams,Mo,1610612739,CLE,Cleveland Cavaliers,21500094,2015-11-08T00:00:00,CLE vs. IND,W,37.7,0.0,0.0,0.0,2.0,9.0,9.0,9.0,32.0,0.0,1.0,2.0,0.0,26.0,1,1,1,1,1646,12059,10158,9917,12984,15771,19144,18829,3535,8004,17214,11390,18762,7910,1.0,37:43,2015,2016
2015-16,202389,Timofey Mozgov,Timofey,1610612739,CLE,Cleveland Cavaliers,21500094,2015-11-08T00:00:00,CLE vs. IND,W,23.0,0.0,0.0,0.0,2.0,8.0,5.0,5.0,14.0,1.0,2.0,3.0,7.0,19.2,1,1,1,1,13399,12059,10158,9917,12984,13914,11469,11593,17019,2692,23588,17641,469,12284,1.0,22:58,2015,2016
2015-16,202685,Jonas Valančiūnas,Jonas,1610612761,TOR,Toronto Raptors,21500096,2015-11-08T00:00:00,TOR @ MIA,L,28.5,4.0,2.0,2.0,16.0,10.0,14.0,2.0,28.0,0.0,0.0,1.0,3.0,26.0,1,13074,13074,13074,8840,2460,4731,4675,275,17370,24300,4025,5824,8004,1,4972,4736,7910,1.0,28:29,2015,2016
2015-16,201949,James Johnson,James,1610612761,TOR,Toronto Raptors,21500096,2015-11-08T00:00:00,TOR @ MIA,L,25.6,0.0,0.0,0.0,6.0,9.0,10.0,0.0,20.0,0.0,2.0,3.0,3.0,19.4,1,13074,13074,13074,11194,12059,10158,9917,5299,15771,20509,1,11929,8004,23588,17641,4736,12154,1.0,25:37,2015,2016
2015-16,203903,Jordan Clarkson,Jordan,1610612747,LAL,Los Angeles Lakers,21500095,2015-11-08T00:00:00,LAL @ NYK,L,28.7,2.0,5.0,2.0,2.0,3.0,12.0,3.0,16.0,0.0,1.0,0.0,0.0,14.9,1,13074,13074,13074,8647,6026,995,4675,12984,5109,22832,7328,15259,8004,17214,1,18762,15463,1.0,28:42,2015,2016
2015-16,203459,Allen Crabbe,Allen,1610612757,POR,Portland Trail Blazers,21500098,2015-11-08T00:00:00,POR vs. DET,L,24.8,2.0,2.0,2.0,4.0,10.0,12.0,4.0,26.0,1.0,0.0,2.0,0.0,25.4,1,13074,13074,13074,11794,6026,4731,4675,8599,17370,22832,8806,7214,2692,1,11390,18762,8273,1.0,24:51,2015,2016
2015-16,1626170,Jerian Grant,Jerian,1610612752,NYK,New York Knicks,21500095,2015-11-08T00:00:00,NYK vs. LAL,W,18.4,0.0,0.0,0.0,2.0,6.0,4.0,2.0,10.0,0.0,0.0,2.0,0.0,14.4,1,1,1,1,17220,12059,10158,9917,12984,10028,8458,4025,20209,8004,1,11390,18762,15857,1.0,18:21,2015,2016
2015-16,203944,Julius Randle,Julius,1610612747,LAL,Los Angeles Lakers,21500095,2015-11-08T00:00:00,LAL @ NYK,L,30.0,2.0,0.0,2.0,2.0,9.0,13.0,5.0,18.0,0.0,1.0,4.0,1.0,23.7,1,13074,13074,13074,7585,6026,10158,4675,12984,15771,23668,11593,13577,8004,17214,22104,12373,9329,1.0,29:57,2015,2016
2015-16,101133,Ian Mahinmi,Ian,1610612754,IND,Indiana Pacers,21500094,2015-11-08T00:00:00,IND @ CLE,L,20.3,0.0,0.0,0.0,4.0,4.0,2.0,2.0,16.0,1.0,1.0,3.0,2.0,18.9,1,13074,13074,13074,15639,12059,10158,9917,8599,6141,3734,4025,15259,2692,17214,17641,7786,12513,1.0,20:18,2015,2016
2015-16,202329,Al-Farouq Aminu,Al-Farouq,1610612757,POR,Portland Trail Blazers,21500098,2015-11-08T00:00:00,POR vs. DET,L,35.4,2.0,0.0,2.0,4.0,17.0,22.0,4.0,48.0,0.0,0.0,1.0,3.0,19.3,1,13074,13074,13074,3224,6026,10158,4675,8599,24337,25991,8806,192,8004,1,4972,4736,12228,1.0,35:24,2015,2016
2015-16,203497,Rudy Gobert,Rudy,1610612762,UTA,Utah Jazz,21500091,2015-11-07T00:00:00,UTA vs. MEM,W,35.9,0.0,0.0,0.0,6.0,11.0,4.0,9.0,32.0,4.0,1.0,5.0,4.0,34.2,1,1,1,1,2845,12059,10158,9917,5299,18886,8458,18829,3535,132,17214,24686,2748,4092,1.0,35:53,2015,2016
2015-16,203473,Dewayne Dedmon,Dewayne,1610612753,ORL,Orlando Magic,21500087,2015-11-07T00:00:00,ORL @ PHI,W,30.0,2.0,6.0,0.0,4.0,7.0,6.0,9.0,34.0,3.0,2.0,5.0,5.0,34.8,1,1,1,1,7583,6026,481,9917,8599,12242,13237,18829,2701,347,23588,24686,1539,3891,1.0,29:58,2015,2016
2015-16,201196,Ramon Sessions,Ramon,1610612764,WAS,Washington Wizards,21500086,2015-11-07T00:00:00,WAS @ ATL,L,14.6,2.0,0.0,2.0,4.0,9.0,4.0,4.0,20.0,0.0,0.0,1.0,0.0,9.9,1,13074,13074,13074,20069,6026,10158,4675,8599,15771,8458,8806,11929,8004,1,4972,18762,19247,1.0,14:34,2015,2016
2015-16,201569,Eric Gordon,Eric,1610612740,NOP,New Orleans Pelicans,21500088,2015-11-07T00:00:00,NOP @ DAL,L,41.2,5.0,0.0,3.0,2.0,14.0,4.0,18.0,38.0,0.0,0.0,3.0,5.0,34.0,1,13074,13074,13074,448,1603,10158,3302,12984,22292,8458,25228,1422,8004,1,17641,1539,4162,1.0,41:11,2015,2016
2015-16,200757,Thabo Sefolosha,Thabo,1610612737,ATL,Atlanta Hawks,21500086,2015-11-07T00:00:00,ATL vs. WAS,W,20.4,2.0,0.0,2.0,6.0,8.0,2.0,8.0,14.0,1.0,0.0,2.0,1.0,23.0,1,1,1,1,15562,6026,10158,4675,5299,13914,3734,17194,17019,2692,1,11390,12373,9760,1.0,20:24,2015,2016
2015-16,1626158,Richaun Holmes,Richaun,1610612755,PHI,Philadelphia 76ers,21500087,2015-11-07T00:00:00,PHI vs. ORL,L,18.2,0.0,4.0,0.0,8.0,9.0,10.0,14.0,20.0,1.0,0.0,3.0,2.0,19.7,1,13074,13074,13074,17356,12059,1596,9917,3109,15771,20509,23710,11929,2692,1,17641,7786,11962,1.0,18:12,2015,2016
2015-16,203932,Aaron Gordon,Aaron,1610612753,ORL,Orlando Magic,21500087,2015-11-07T00:00:00,ORL @ PHI,W,22.4,2.0,4.0,2.0,6.0,5.0,2.0,12.0,18.0,0.0,1.0,1.0,2.0,23.2,1,1,1,1,13857,6026,1596,4675,5299,8403,3734,22259,13577,8004,17214,4972,7786,9630,1.0,22:22,2015,2016
2015-16,2744,Al Jefferson,Al,1610612766,CHA,Charlotte Hornets,21500090,2015-11-07T00:00:00,CHA @ SAS,L,30.2,0.0,2.0,0.0,6.0,6.0,2.0,2.0,20.0,0.0,0.0,4.0,2.0,22.9,1,13074,13074,13074,7318,12059,4731,9917,5299,10028,3734,4025,11929,8004,1,22104,7786,9811,1.0,30:14,2015,2016
2015-16,201583,Ryan Anderson,Ryan,1610612740,NOP,New Orleans Pelicans,21500088,2015-11-07T00:00:00,NOP @ DAL,L,35.2,0.0,4.0,5.0,6.0,13.0,4.0,15.0,44.0,1.0,0.0,2.0,4.0,34.3,1,13074,13074,13074,3388,12059,1596,1277,5299,21300,8458,24242,454,2692,1,11390,2748,4063,1.0,35:12,2015,2016
2015-16,201956,Omri Casspi,Omri,1610612758,SAC,Sacramento Kings,21500092,2015-11-07T00:00:00,SAC vs. GSW,L,28.9,8.0,3.0,2.0,4.0,23.0,17.0,18.0,38.0,0.0,0.0,3.0,1.0,19.6,1,13074,13074,13074,8448,308,3104,4675,8599,25803,25429,25228,1422,8004,1,17641,12373,12024,1.0,28:54,2015,2016
2015-16,201166,Aaron Brooks,Aaron,1610612741,CHI,Chicago Bulls,21500085,2015-11-07T00:00:00,CHI vs. MIN,L,15.5,2.0,0.0,0.0,4.0,5.0,4.0,7.0,10.0,1.0,1.0,1.0,1.0,14.5,1,13074,13074,13074,19414,6026,10158,9917,8599,8403,8458,15538,20209,2692,17214,4972,12373,15799,1.0,15:29,2015,2016
2015-16,1718,Paul Pierce,Paul,1610612746,LAC,LA Clippers,21500093,2015-11-07T00:00:00,LAC vs. HOU,L,24.0,3.0,0.0,3.0,0.0,5.0,6.0,10.0,24.0,0.0,0.0,4.0,1.0,25.1,1,13074,13074,13074,12535,4307,10158,3302,18861,8403,13237,20169,8723,8004,1,22104,12373,8429,1.0,24:01,2015,2016
2015-16,203515,Phil Pressey,Phil,1610612755,PHI,Philadelphia 76ers,21500087,2015-11-07T00:00:00,PHI vs. ORL,L,10.7,0.0,0.0,0.0,2.0,6.0,8.0,4.0,12.0,0.0,0.0,1.0,2.0,10.1,1,13074,13074,13074,22166,12059,10158,9917,12984,10028,17345,8806,18637,8004,1,4972,7786,19105,1.0,10:40,2015,2016
2015-16,201145,Jeff Green,Jeff,1610612763,MEM,Memphis Grizzlies,21500091,2015-11-07T00:00:00,MEM @ UTA,L,28.7,4.0,2.0,0.0,6.0,6.0,2.0,8.0,22.0,0.0,1.0,1.0,3.0,14.8,1,13074,13074,13074,8624,2460,4731,9917,5299,10028,3734,17194,10265,8004,17214,4972,4736,15561,1.0,28:43,2015,2016
2015-16,201587,Nicolas Batum,Nicolas,1610612766,CHA,Charlotte Hornets,21500090,2015-11-07T00:00:00,CHA @ SAS,L,32.5,4.0,0.0,4.0,2.0,18.0,2.0,8.0,26.0,0.0,0.0,3.0,2.0,25.8,1,13074,13074,13074,5530,2460,10158,1913,12984,24749,3734,17194,7214,8004,1,17641,7786,8022,1.0,32:28,2015,2016
2015-16,2403,Nene,ene,1610612764,WAS,Washington Wizards,21500086,2015-11-07T00:00:00,WAS @ ATL,L,21.8,2.0,4.0,0.0,8.0,16.0,2.0,11.0,28.0,0.0,0.0,4.0,3.0,34.5,1,13074,13074,13074,14351,6026,1596,9917,3109,23774,3734,21342,5824,8004,1,22104,4736,3997,1.0,21:47,2015,2016
2015-16,201952,Jeff Teague,Jeff,1610612737,ATL,Atlanta Hawks,21500086,2015-11-07T00:00:00,ATL vs. WAS,W,27.1,5.0,0.0,0.0,2.0,5.0,4.0,12.0,28.0,0.0,1.0,1.0,2.0,34.8,1,1,1,1,9911,1603,10158,9917,12984,8403,8458,22259,5824,8004,17214,4972,7786,3891,1.0,27:07,2015,2016
2015-16,200826,J.J. Barea,J.J.,1610612742,DAL,Dallas Mavericks,21500088,2015-11-07T00:00:00,DAL vs. NOP,W,23.8,3.0,0.0,2.0,4.0,9.0,6.0,6.0,18.0,0.0,1.0,0.0,3.0,14.2,1,1,1,1,12741,4307,10158,4675,8599,15771,13237,13388,13577,8004,17214,1,4736,16003,1.0,23:49,2015,2016
2015-16,201977,Marcus Thornton,Marcus,1610612745,HOU,Houston Rockets,21500093,2015-11-07T00:00:00,HOU @ LAC,W,37.5,2.0,0.0,2.0,6.0,18.0,7.0,5.0,44.0,0.0,1.0,4.0,0.0,33.3,1,1,1,1,1740,6026,10158,4675,5299,24749,15642,11593,454,8004,17214,22104,18762,4423,1.0,37:31,2015,2016
2015-16,201584,Courtney Lee,Courtney,1610612763,MEM,Memphis Grizzlies,21500091,2015-11-07T00:00:00,MEM @ UTA,L,26.7,0.0,0.0,0.0,0.0,11.0,0.0,4.0,16.0,0.0,1.0,2.0,0.0,15.0,1,13074,13074,13074,10255,12059,10158,9917,18861,18886,1,8806,15259,8004,17214,11390,18762,15404,1.0,26:44,2015,2016
2015-16,202337,Luke Babbitt,Luke,1610612740,NOP,New Orleans Pelicans,21500088,2015-11-07T00:00:00,NOP @ DAL,L,19.2,0.0,0.0,0.0,0.0,8.0,4.0,10.0,16.0,1.0,0.0,5.0,0.0,9.9,1,13074,13074,13074,16559,12059,10158,9917,18861,13914,8458,20169,15259,2692,1,24686,18762,19247,1.0,19:10,2015,2016
2015-16,2419,Tayshaun Prince,Tayshaun,1610612750,MIN,Minnesota Timberwolves,21500085,2015-11-07T00:00:00,MIN @ CHI,W,38.6,0.0,2.0,0.0,4.0,10.0,9.0,4.0,24.0,1.0,0.0,0.0,1.0,15.0,1,1,1,1,1231,12059,4731,9917,8599,17370,19144,8806,8723,2692,1,1,12373,15404,1.0,38:34,2015,2016
2015-16,200755,JJ Redick,JJ,1610612746,LAC,LA Clippers,21500093,2015-11-07T00:00:00,LAC vs. HOU,L,34.9,0.0,1.0,2.0,10.0,5.0,11.0,15.0,36.0,0.0,1.0,3.0,4.0,25.9,1,13074,13074,13074,3581,12059,9709,4675,1840,8403,21814,24242,1943,8004,17214,17641,2748,7960,1.0,34:56,2015,2016
2015-16,203138,Hollis Thompson,Hollis,1610612755,PHI,Philadelphia 76ers,21500087,2015-11-07T00:00:00,PHI vs. ORL,L,28.4,0.0,0.0,3.0,2.0,14.0,16.0,8.0,32.0,0.0,0.0,1.0,1.0,10.4,1,13074,13074,13074,8893,12059,10158,3302,12984,22292,25155,17194,3535,8004,1,4972,12373,18859,1.0,28:25,2015,2016
2015-16,201582,Alexis Ajinca,Alexis,1610612740,NOP,New Orleans Pelicans,21500088,2015-11-07T00:00:00,NOP @ DAL,L,16.4,0.0,4.0,0.0,4.0,5.0,0.0,3.0,6.0,0.0,0.0,1.0,0.0,14.2,1,13074,13074,13074,18699,12059,1596,9917,8599,8403,1,7328,22724,8004,1,4972,18762,16003,1.0,16:26,2015,2016
2015-16,2225,Tony Parker,Tony,1610612759,SAS,San Antonio Spurs,21500090,2015-11-07T00:00:00,SAS vs. CHA,W,25.4,3.0,0.0,2.0,4.0,16.0,3.0,13.0,20.0,0.0,0.0,1.0,3.0,19.2,1,1,1,1,11358,4307,10158,4675,8599,23774,7138,23048,11929,8004,1,4972,4736,12284,1.0,25:25,2015,2016
2015-16,203960,JaKarr Sampson,JaKarr,1610612755,PHI,Philadelphia 76ers,21500087,2015-11-07T00:00:00,PHI vs. ORL,L,5.4,1.0,0.0,1.0,0.0,3.0,4.0,8.0,6.0,0.0,1.0,0.0,1.0,1.0,1,13074,13074,13074,24217,11535,10158,9347,18861,5109,8458,17194,22724,8004,17214,1,12373,24960,1.0,5:23,2015,2016
2015-16,203584,Troy Daniels,Troy,1610612766,CHA,Charlotte Hornets,21500090,2015-11-07T00:00:00,CHA @ SAS,L,3.9,0.0,0.0,0.0,0.0,0.0,4.0,0.0,6.0,0.0,0.0,0.0,0.0,1.5,1,13074,13074,13074,24766,12059,10158,9917,18861,1,8458,1,22724,8004,1,1,18762,24473,1.0,3:51,2015,2016
2015-16,1626173,Rashad Vaughn,Rashad,1610612749,MIL,Milwaukee Bucks,21500089,2015-11-07T00:00:00,MIL vs. BKN,W,1.7,0.0,0.0,0.0,0.0,5.0,2.0,0.0,4.0,0.0,0.0,1.0,0.0,1.0,1,1,1,1,25616,12059,10158,9917,18861,8403,3734,1,23698,8004,1,4972,18762,24960,1.0,1:44,2015,2016
2015-16,1626161,Willie Cauley-Stein,Willie,1610612758,SAC,Sacramento Kings,21500092,2015-11-07T00:00:00,SAC vs. GSW,L,19.8,0.0,0.0,0.0,6.0,19.0,11.0,10.0,18.0,0.0,0.0,2.0,0.0,10.7,1,13074,13074,13074,16097,12059,10158,9917,5299,25074,21814,20169,13577,8004,1,11390,18762,18636,1.0,19:46,2015,2016
2015-16,203492,Ray McCallum,Ray,1610612759,SAS,San Antonio Spurs,21500090,2015-11-07T00:00:00,SAS vs. CHA,W,3.9,0.0,0.0,0.0,0.0,2.0,0.0,2.0,2.0,0.0,0.0,1.0,0.0,1.2,1,1,1,1,24766,12059,10158,9917,18861,2619,1,4025,24614,8004,1,4972,18762,24661,1.0,3:51,2015,2016
2015-16,1626149,Montrezl Harrell,Montrezl,1610612745,HOU,Houston Rockets,21500093,2015-11-07T00:00:00,HOU @ LAC,W,4.2,0.0,0.0,0.0,0.0,0.0,0.0,5.0,4.0,0.0,0.0,0.0,0.0,1.2,1,1,1,1,24648,12059,10158,9917,18861,1,1,11593,23698,8004,1,1,18762,24661,1.0,4:10,2015,2016
2015-16,203143,Pablo Prigioni,Pablo,1610612746,LAC,LA Clippers,21500093,2015-11-07T00:00:00,LAC vs. HOU,L,16.5,0.0,0.0,0.0,0.0,4.0,2.0,9.0,20.0,0.0,0.0,2.0,1.0,6.0,1,13074,13074,13074,18675,12059,10158,9917,18861,6141,3734,18829,11929,8004,1,11390,12373,21878,1.0,16:28,2015,2016
2015-16,203457,Nerlens Noel,Nerlens,1610612755,PHI,Philadelphia 76ers,21500087,2015-11-07T00:00:00,PHI vs. ORL,L,21.3,0.0,0.0,0.0,2.0,17.0,4.0,17.0,18.0,1.0,0.0,3.0,1.0,5.8,1,13074,13074,13074,14743,12059,10158,9917,12984,24337,8458,24967,13577,2692,1,17641,12373,22018,1.0,21:20,2015,2016
2015-16,101109,Raymond Felton,Raymond,1610612742,DAL,Dallas Mavericks,21500088,2015-11-07T00:00:00,DAL vs. NOP,W,18.0,0.0,0.0,3.0,4.0,2.0,4.0,10.0,12.0,0.0,2.0,1.0,2.0,10.7,1,1,1,1,17499,12059,10158,3302,8599,2619,8458,20169,18637,8004,23588,4972,7786,18636,1.0,18:01,2015,2016
2015-16,203498,Shabazz Muhammad,Shabazz,1610612750,MIN,Minnesota Timberwolves,21500085,2015-11-07T00:00:00,MIN @ CHI,W,21.3,0.0,2.0,2.0,2.0,15.0,7.0,4.0,22.0,0.0,1.0,3.0,2.0,5.9,1,1,1,1,14801,12059,4731,4675,12984,23079,15642,8806,10265,8004,17214,17641,7786,21953,1.0,21:17,2015,2016
2015-16,1626163,Frank Kaminsky,Frank,1610612766,CHA,Charlotte Hornets,21500090,2015-11-07T00:00:00,CHA @ SAS,L,9.3,2.0,0.0,0.0,2.0,3.0,4.0,0.0,10.0,0.0,0.0,1.0,2.0,11.0,1,13074,13074,13074,22692,6026,10158,9917,12984,5109,8458,1,20209,8004,1,4972,7786,18430,1.0,9:20,2015,2016
2015-16,201574,Jason Thompson,Jason,1610612744,GSW,Golden State Warriors,21500092,2015-11-07T00:00:00,GSW @ SAC,W,6.9,0.0,2.0,0.0,2.0,0.0,0.0,0.0,6.0,0.0,0.0,1.0,0.0,5.6,1,1,1,1,23589,12059,4731,9917,12984,1,1,1,22724,8004,1,4972,18762,22133,1.0,6:55,2015,2016
2015-16,203210,JaMychal Green,JaMychal,1610612763,MEM,Memphis Grizzlies,21500091,2015-11-07T00:00:00,MEM @ UTA,L,9.3,0.0,0.0,2.0,0.0,0.0,0.0,0.0,0.0,0.0,2.0,0.0,2.0,5.9,1,13074,13074,13074,22735,12059,10158,4675,18861,1,1,1,25429,8004,23588,1,7786,21953,1.0,9:15,2015,2016
2015-16,203080,Thomas Robinson,Thomas,1610612751,BKN,Brooklyn Nets,21500089,2015-11-07T00:00:00,BKN @ MIL,L,15.4,1.0,3.0,0.0,2.0,7.0,2.0,5.0,14.0,1.0,0.0,2.0,1.0,11.2,1,13074,13074,13074,19484,11535,3104,9917,12984,12242,3734,11593,17019,2692,1,11390,12373,18267,1.0,15:24,2015,2016
2015-16,201585,Kosta Koufos,Kosta,1610612758,SAC,Sacramento Kings,21500092,2015-11-07T00:00:00,SAC vs. GSW,L,26.7,4.0,2.0,2.0,12.0,10.0,4.0,10.0,24.0,1.0,1.0,5.0,2.0,30.0,1,13074,13074,13074,10284,2460,4731,4675,988,17370,8458,20169,8723,2692,17214,24686,7786,5840,1.0,26:42,2015,2016
2015-16,203488,Mike Muscala,Mike,1610612737,ATL,Atlanta Hawks,21500086,2015-11-07T00:00:00,ATL vs. WAS,W,19.3,0.0,0.0,0.0,2.0,5.0,4.0,10.0,24.0,0.0,0.0,1.0,1.0,11.4,1,1,1,1,16455,12059,10158,9917,12984,8403,8458,20169,8723,8004,1,4972,12373,18134,1.0,19:19,2015,2016
2015-16,202699,Tobias Harris,Tobias,1610612753,ORL,Orlando Magic,21500087,2015-11-07T00:00:00,ORL @ PHI,W,25.6,3.0,0.0,5.0,4.0,8.0,7.0,4.0,28.0,1.0,2.0,2.0,4.0,24.3,1,1,1,1,11252,4307,10158,1277,8599,13914,15642,8806,5824,2692,23588,11390,2748,8939,1.0,25:33,2015,2016
2015-16,201935,James Harden,James,1610612745,HOU,Houston Rockets,21500093,2015-11-07T00:00:00,HOU @ LAC,W,39.7,3.0,3.0,16.0,16.0,15.0,10.0,9.0,46.0,0.0,2.0,4.0,11.0,49.8,1,1,1,1,832,4307,3104,7,275,23079,20509,18829,298,8004,23588,22104,44,775,1.0,39:39,2015,2016
2015-16,200765,Rajon Rondo,Rajon,1610612758,SAC,Sacramento Kings,21500092,2015-11-07T00:00:00,SAC vs. GSW,L,44.5,0.0,2.0,2.0,10.0,25.0,17.0,16.0,38.0,0.0,0.0,3.0,0.0,59.9,1,13074,13074,13074,103,12059,4731,4675,1840,25944,25429,24641,1422,8004,1,17641,18762,210,1.0,44:27,2015,2016
2015-16,200794,Paul Millsap,Paul,1610612737,ATL,Atlanta Hawks,21500086,2015-11-07T00:00:00,ATL vs. WAS,W,34.0,4.0,2.0,2.0,6.0,4.0,6.0,12.0,32.0,2.0,0.0,0.0,3.0,46.7,1,1,1,1,4352,2460,4731,4675,5299,6141,13237,22259,3535,932,1,1,4736,1112,1.0,34:00,2015,2016
2015-16,201959,Taj Gibson,Taj,1610612741,CHI,Chicago Bulls,21500085,2015-11-07T00:00:00,CHI vs. MIN,L,24.7,2.0,0.0,0.0,2.0,5.0,12.0,12.0,28.0,0.0,1.0,3.0,2.0,11.6,1,13074,13074,13074,11936,6026,10158,9917,12984,8403,22832,22259,5824,8004,17214,17641,7786,17970,1.0,24:42,2015,2016
2015-16,101162,Marcin Gortat,Marcin,1610612764,WAS,Washington Wizards,21500086,2015-11-07T00:00:00,WAS @ ATL,L,26.2,0.0,0.0,0.0,6.0,15.0,6.0,5.0,18.0,1.0,2.0,1.0,1.0,29.5,1,13074,13074,13074,10673,12059,10158,9917,5299,23079,13237,11593,13577,2692,23588,4972,12373,6103,1.0,26:13,2015,2016
2015-16,202695,Kawhi Leonard,Kawhi,1610612759,SAS,San Antonio Spurs,21500090,2015-11-07T00:00:00,SAS vs. CHA,W,34.1,3.0,0.0,0.0,4.0,16.0,1.0,14.0,24.0,0.0,0.0,3.0,3.0,36.8,1,1,1,1,4265,4307,10158,9917,8599,23774,3393,23710,8723,8004,1,17641,4736,3241,1.0,34:06,2015,2016
2015-16,203469,Cody Zeller,Cody,1610612766,CHA,Charlotte Hornets,21500090,2015-11-07T00:00:00,CHA @ SAS,L,24.4,2.0,1.0,0.0,0.0,14.0,5.0,6.0,18.0,0.0,1.0,2.0,2.0,11.5,1,13074,13074,13074,12210,6026,9709,9917,18861,22292,11469,13388,13577,8004,17214,11390,7786,18079,1.0,24:24,2015,2016
2015-16,2216,Zach Randolph,Zach,1610612763,MEM,Memphis Grizzlies,21500091,2015-11-07T00:00:00,MEM @ UTA,L,38.0,0.0,2.0,0.0,8.0,13.0,2.0,10.0,30.0,0.0,0.0,3.0,2.0,24.8,1,13074,13074,13074,1496,12059,4731,9917,3109,21300,3734,20169,4541,8004,1,17641,7786,8614,1.0,38:01,2015,2016
2015-16,202718,Chandler Parsons,Chandler,1610612742,DAL,Dallas Mavericks,21500088,2015-11-07T00:00:00,DAL vs. NOP,W,15.0,2.0,2.0,0.0,4.0,9.0,2.0,5.0,8.0,0.0,0.0,2.0,0.0,7.4,1,1,1,1,19777,6026,4731,9917,8599,15771,3734,11593,21543,8004,1,11390,18762,20912,1.0,14:59,2015,2016
2015-16,201967,Dante Cunningham,Dante,1610612740,NOP,New Orleans Pelicans,21500088,2015-11-07T00:00:00,NOP @ DAL,L,18.9,0.0,0.0,0.0,0.0,8.0,0.0,6.0,28.0,0.0,0.0,1.0,0.0,7.5,1,13074,13074,13074,16820,12059,10158,9917,18861,13914,1,13388,5824,8004,1,4972,18762,20874,1.0,18:51,2015,2016
2015-16,202689,Kemba Walker,Kemba,1610612766,CHA,Charlotte Hornets,21500090,2015-11-07T00:00:00,CHA @ SAS,L,29.3,8.0,0.0,4.0,8.0,6.0,2.0,2.0,20.0,0.0,0.0,0.0,5.0,37.2,1,13074,13074,13074,8133,308,10158,1913,3109,10028,3734,4025,11929,8004,1,1,1539,3130,1.0,29:17,2015,2016
2015-16,201573,Jerryd Bayless,Jerryd,1610612749,MIL,Milwaukee Bucks,21500089,2015-11-07T00:00:00,MIL vs. BKN,W,31.5,3.0,0.0,2.0,8.0,8.0,8.0,2.0,30.0,2.0,0.0,1.0,5.0,45.2,1,1,1,1,6315,4307,10158,4675,3109,13914,17345,4025,4541,932,1,4972,1539,1324,1.0,31:30,2015,2016
2015-16,201599,DeAndre Jordan,DeAndre,1610612746,LAC,LA Clippers,21500093,2015-11-07T00:00:00,LAC vs. HOU,L,33.8,0.0,0.0,0.0,8.0,5.0,13.0,13.0,34.0,3.0,1.0,4.0,7.0,36.8,1,13074,13074,13074,4534,12059,10158,9917,3109,8403,23668,23048,2701,347,17214,22104,469,3241,1.0,33:47,2015,2016
2015-16,203114,Khris Middleton,Khris,1610612749,MIL,Milwaukee Bucks,21500089,2015-11-07T00:00:00,MIL vs. BKN,W,33.4,2.0,3.0,0.0,0.0,13.0,11.0,5.0,38.0,0.0,0.0,2.0,3.0,37.3,1,1,1,1,4825,6026,3104,9917,18861,21300,21814,11593,1422,8004,1,11390,4736,3105,1.0,33:23,2015,2016
2015-16,201933,Blake Griffin,Blake,1610612746,LAC,LA Clippers,21500093,2015-11-07T00:00:00,LAC vs. HOU,L,38.1,8.0,4.0,4.0,20.0,5.0,15.0,13.0,42.0,0.0,0.0,4.0,8.0,54.7,1,13074,13074,13074,1464,308,1596,1913,59,8403,24781,23048,670,8004,1,22104,254,406,1.0,38:06,2015,2016
2015-16,1717,Dirk Nowitzki,Dirk,1610612742,DAL,Dallas Mavericks,21500088,2015-11-07T00:00:00,DAL vs. NOP,W,29.6,0.0,0.0,3.0,4.0,9.0,6.0,4.0,18.0,0.0,0.0,0.0,2.0,28.9,1,1,1,1,7921,12059,10158,3302,8599,15771,13237,8806,13577,8004,1,1,7786,6414,1.0,29:34,2015,2016
2015-16,1626157,Karl-Anthony Towns,Karl-Anthony,1610612750,MIN,Minnesota Timberwolves,21500085,2015-11-07T00:00:00,MIN @ CHI,W,26.8,5.0,6.0,0.0,14.0,4.0,2.0,0.0,12.0,4.0,0.0,4.0,2.0,50.6,1,1,1,1,10201,1603,481,9917,542,6141,3734,1,18637,132,1,22104,7786,691,1.0,26:47,2015,2016
2015-16,2207,Joe Johnson,Joe,1610612751,BKN,Brooklyn Nets,21500089,2015-11-07T00:00:00,BKN @ MIL,L,35.3,2.0,0.0,0.0,6.0,15.0,7.0,18.0,38.0,0.0,0.0,2.0,2.0,28.8,1,13074,13074,13074,3285,6026,10158,9917,5299,23079,15642,25228,1422,8004,1,11390,7786,6465,1.0,35:20,2015,2016
2015-16,203076,Anthony Davis,Anthony,1610612740,NOP,New Orleans Pelicans,21500088,2015-11-07T00:00:00,NOP @ DAL,L,39.3,4.0,2.0,4.0,14.0,12.0,4.0,18.0,40.0,2.0,2.0,5.0,5.0,43.2,1,13074,13074,13074,941,2460,4731,1913,542,20178,8458,25228,983,932,23588,24686,1539,1699,1.0,39:20,2015,2016
2015-16,2730,Dwight Howard,Dwight,1610612745,HOU,Houston Rockets,21500093,2015-11-07T00:00:00,HOU @ LAC,W,29.0,2.0,8.0,0.0,16.0,17.0,7.0,3.0,34.0,1.0,1.0,5.0,4.0,46.5,1,1,1,1,8351,6026,137,9917,275,24337,15642,7328,2701,2692,17214,24686,2748,1137,1.0,29:02,2015,2016
2015-16,201149,Joakim Noah,Joakim,1610612741,CHI,Chicago Bulls,21500085,2015-11-07T00:00:00,CHI vs. MIN,L,24.7,0.0,3.0,0.0,2.0,11.0,6.0,7.0,22.0,1.0,1.0,4.0,3.0,29.7,1,13074,13074,13074,11941,12059,3104,9917,12984,18886,13237,15538,10265,2692,17214,22104,4736,6006,1.0,24:41,2015,2016
2015-16,201939,Stephen Curry,Stephen,1610612744,GSW,Golden State Warriors,21500092,2015-11-07T00:00:00,GSW @ SAC,W,39.1,8.0,5.0,4.0,10.0,20.0,7.0,16.0,42.0,0.0,0.0,1.0,5.0,35.7,1,1,1,1,1020,308,995,1913,1840,25338,15642,24641,670,8004,1,4972,1539,3578,1.0,39:08,2015,2016
2015-16,101114,Deron Williams,Deron,1610612742,DAL,Dallas Mavericks,21500088,2015-11-07T00:00:00,DAL vs. NOP,W,29.8,0.0,0.0,3.0,2.0,10.0,8.0,18.0,22.0,0.0,0.0,3.0,4.0,29.6,1,1,1,1,7723,12059,10158,3302,12984,17370,17345,25228,10265,8004,1,17641,2748,6050,1.0,29:48,2015,2016
2015-16,1938,Manu Ginobili,Manu,1610612759,SAS,San Antonio Spurs,21500090,2015-11-07T00:00:00,SAS vs. CHA,W,18.1,5.0,2.0,2.0,2.0,3.0,1.0,4.0,12.0,0.0,0.0,2.0,0.0,29.1,1,1,1,1,17425,1603,4731,4675,12984,5109,3393,8806,18637,8004,1,11390,18762,6285,1.0,18:07,2015,2016
2015-16,2200,Pau Gasol,Pau,1610612741,CHI,Chicago Bulls,21500085,2015-11-07T00:00:00,CHI vs. MIN,L,39.6,6.0,8.0,0.0,10.0,13.0,13.0,14.0,38.0,1.0,2.0,3.0,5.0,48.8,1,13074,13074,13074,856,878,137,9917,1840,21300,23668,23710,1422,2692,23588,17641,1539,881,1.0,39:36,2015,2016
2015-16,200746,LaMarcus Aldridge,LaMarcus,1610612759,SAS,San Antonio Spurs,21500090,2015-11-07T00:00:00,SAS vs. CHA,W,17.3,5.0,0.0,0.0,6.0,4.0,2.0,3.0,14.0,0.0,0.0,4.0,4.0,24.0,1,1,1,1,18032,1603,10158,9917,5299,6141,3734,7328,17019,8004,1,22104,2748,9121,1.0,17:19,2015,2016
2015-16,1626143,Jahlil Okafor,Jahlil,1610612755,PHI,Philadelphia 76ers,21500087,2015-11-07T00:00:00,PHI vs. ORL,L,32.9,2.0,3.0,0.0,14.0,16.0,16.0,13.0,34.0,3.0,4.0,2.0,7.0,35.5,1,13074,13074,13074,5238,6026,3104,9917,542,23774,25155,23048,2701,347,25926,11390,469,3657,1.0,32:52,2015,2016
2015-16,2772,Trevor Ariza,Trevor,1610612745,HOU,Houston Rockets,21500093,2015-11-07T00:00:00,HOU @ LAC,W,39.5,2.0,2.0,0.0,2.0,20.0,12.0,5.0,50.0,1.0,0.0,4.0,2.0,24.9,1,1,1,1,903,6026,4731,9917,12984,25338,22832,11593,107,2692,1,22104,7786,8553,1.0,39:27,2015,2016
2015-16,1626246,Boban Marjanović,Boban,1610612759,SAS,San Antonio Spurs,21500090,2015-11-07T00:00:00,SAS vs. CHA,W,3.8,0.0,2.0,0.0,2.0,2.0,0.0,1.0,2.0,0.0,0.0,3.0,0.0,3.2,1,1,1,1,24798,12059,4731,9917,12984,2619,1,3646,24614,8004,1,17641,18762,23473,1.0,3:48,2015,2016
2015-16,201946,Tyler Hansbrough,Tyler,1610612766,CHA,Charlotte Hornets,21500090,2015-11-07T00:00:00,CHA @ SAS,L,3.9,0.0,0.0,0.0,0.0,0.0,4.0,0.0,6.0,0.0,0.0,0.0,0.0,0.0,1,13074,13074,13074,24766,12059,10158,9917,18861,1,8458,1,22724,8004,1,1,18762,25170,1.0,3:51,2015,2016
2015-16,1626168,Trey Lyles,Trey,1610612762,UTA,Utah Jazz,21500091,2015-11-07T00:00:00,UTA vs. MEM,W,1.1,0.0,0.0,0.0,0.0,0.0,0.0,0.0,0.0,0.0,0.0,0.0,1.0,0.0,1,1,1,1,25834,12059,10158,9917,18861,1,1,1,25429,8004,1,1,12373,25170,1.0,1:08,2015,2016
2015-16,203950,Jarnell Stokes,Jarnell,1610612763,MEM,Memphis Grizzlies,21500091,2015-11-07T00:00:00,MEM @ UTA,L,1.1,0.0,0.0,0.0,0.0,2.0,0.0,2.0,4.0,0.0,0.0,0.0,0.0,0.0,1,13074,13074,13074,25835,12059,10158,9917,18861,2619,1,4025,23698,8004,1,1,18762,25170,1.0,1:08,2015,2016
2015-16,203095,Evan Fournier,Evan,1610612753,ORL,Orlando Magic,21500087,2015-11-07T00:00:00,ORL @ PHI,W,39.8,10.0,0.0,8.0,8.0,13.0,9.0,16.0,42.0,0.0,1.0,5.0,2.0,21.6,1,1,1,1,793,99,10158,280,3109,21300,19144,24641,670,8004,17214,24686,7786,10666,1.0,39:47,2015,2016
2015-16,202349,Greivis Vasquez,Greivis,1610612749,MIL,Milwaukee Bucks,21500089,2015-11-07T00:00:00,MIL vs. BKN,W,28.2,0.0,0.0,0.0,0.0,12.0,2.0,6.0,24.0,0.0,0.0,1.0,0.0,8.9,1,1,1,1,9053,12059,10158,9917,18861,20178,3734,13388,8723,8004,1,4972,18762,19914,1.0,28:14,2015,2016
2015-16,203087,Jeremy Lamb,Jeremy,1610612766,CHA,Charlotte Hornets,21500090,2015-11-07T00:00:00,CHA @ SAS,L,23.2,0.0,0.0,0.0,4.0,16.0,5.0,6.0,20.0,0.0,1.0,2.0,2.0,6.8,1,13074,13074,13074,13217,12059,10158,9917,8599,23774,11469,13388,11929,8004,17214,11390,7786,21328,1.0,23:11,2015,2016
2015-16,1626162,Kelly Oubre Jr.,Kelly,1610612764,WAS,Washington Wizards,21500086,2015-11-07T00:00:00,WAS @ ATL,L,0.9,0.0,0.0,0.0,0.0,0.0,0.0,0.0,0.0,0.0,0.0,0.0,1.0,0.0,1,13074,13074,13074,25883,12059,10158,9917,18861,1,1,1,25429,8004,1,1,12373,25170,1.0,0:57,2015,2016
2015-16,1626147,Justin Anderson,Justin,1610612742,DAL,Dallas Mavericks,21500088,2015-11-07T00:00:00,DAL vs. NOP,W,4.1,0.0,0.0,0.0,0.0,0.0,2.0,0.0,2.0,0.0,0.0,0.0,0.0,0.0,1,1,1,1,24675,12059,10158,9917,18861,1,3734,1,24614,8004,1,1,18762,25170,1.0,4:06,2015,2016
2015-16,201162,Jared Dudley,Jared,1610612764,WAS,Washington Wizards,21500086,2015-11-07T00:00:00,WAS @ ATL,L,20.2,0.0,0.0,0.0,0.0,11.0,4.0,6.0,28.0,1.0,1.0,0.0,0.0,7.2,1,13074,13074,13074,15694,12059,10158,9917,18861,18886,8458,13388,5824,2692,17214,1,18762,21035,1.0,20:14,2015,2016
2015-16,203798,PJ Hairston,PJ,1610612766,CHA,Charlotte Hornets,21500090,2015-11-07T00:00:00,CHA @ SAS,L,16.7,2.0,0.0,2.0,2.0,5.0,2.0,2.0,12.0,0.0,0.0,2.0,1.0,6.6,1,13074,13074,13074,18473,6026,10158,4675,12984,8403,3734,4025,18637,8004,1,11390,12373,21445,1.0,16:44,2015,2016
2015-16,201150,Spencer Hawes,Spencer,1610612766,CHA,Charlotte Hornets,21500090,2015-11-07T00:00:00,CHA @ SAS,L,13.9,0.0,0.0,0.0,4.0,15.0,5.0,6.0,14.0,0.0,0.0,1.0,0.0,4.4,1,13074,13074,13074,20453,12059,10158,9917,8599,23079,11469,13388,17019,8004,1,4972,18762,22837,1.0,13:55,2015,2016
2015-16,203953,Jabari Parker,Jabari,1610612749,MIL,Milwaukee Bucks,21500089,2015-11-07T00:00:00,MIL vs. BKN,W,24.2,2.0,2.0,2.0,4.0,7.0,5.0,5.0,22.0,0.0,0.0,0.0,2.0,9.4,1,1,1,1,12395,6026,4731,4675,8599,12242,11469,11593,10265,8004,1,1,7786,19568,1.0,24:11,2015,2016
2015-16,201578,Marreese Speights,Marreese,1610612744,GSW,Golden State Warriors,21500092,2015-11-07T00:00:00,GSW @ SAC,W,3.2,0.0,0.0,0.0,0.0,0.0,2.0,2.0,6.0,0.0,0.0,0.0,0.0,5.0,1,1,1,1,25064,12059,10158,9917,18861,1,3734,4025,22724,8004,1,1,18762,22500,1.0,3:10,2015,2016
2015-16,1891,Jason Terry,Jason,1610612745,HOU,Houston Rockets,21500093,2015-11-07T00:00:00,HOU @ LAC,W,13.0,0.0,0.0,0.0,2.0,2.0,2.0,5.0,12.0,0.0,0.0,0.0,0.0,6.5,1,1,1,1,20995,12059,10158,9917,12984,2619,3734,11593,18637,8004,1,1,18762,21519,1.0,12:58,2015,2016
2015-16,203996,Damien Inglis,Damien,1610612749,MIL,Milwaukee Bucks,21500089,2015-11-07T00:00:00,MIL vs. BKN,W,1.7,0.0,0.0,0.0,0.0,5.0,2.0,0.0,4.0,0.0,0.0,0.0,0.0,0.0,1,1,1,1,25616,12059,10158,9917,18861,8403,3734,1,23698,8004,1,1,18762,25170,1.0,1:44,2015,2016
2015-16,200745,Andrea Bargnani,Andrea,1610612751,BKN,Brooklyn Nets,21500089,2015-11-07T00:00:00,BKN @ MIL,L,7.9,2.0,0.0,0.0,2.0,2.0,2.0,0.0,6.0,0.0,0.0,1.0,1.0,5.2,1,13074,13074,13074,23248,6026,10158,9917,12984,2619,3734,1,22724,8004,1,4972,12373,22370,1.0,7:51,2015,2016
2015-16,1626174,Christian Wood,Christian,1610612755,PHI,Philadelphia 76ers,21500087,2015-11-07T00:00:00,PHI vs. ORL,L,0.4,0.0,0.0,0.0,0.0,0.0,0.0,0.0,0.0,0.0,0.0,1.0,0.0,0.0,1,13074,13074,13074,25992,12059,10158,9917,18861,1,1,1,25429,8004,1,4972,18762,25170,1.0,0:21,2015,2016
2015-16,202734,E'Twaun Moore,E'Twaun,1610612741,CHI,Chicago Bulls,21500085,2015-11-07T00:00:00,CHI vs. MIN,L,15.4,0.0,0.0,0.0,2.0,5.0,3.0,9.0,16.0,0.0,0.0,0.0,0.0,6.5,1,13074,13074,13074,19497,12059,10158,9917,12984,8403,7138,18829,15259,8004,1,1,18762,21519,1.0,15:22,2015,2016
2015-16,203101,Miles Plumlee,Miles,1610612749,MIL,Milwaukee Bucks,21500089,2015-11-07T00:00:00,MIL vs. BKN,W,4.1,0.0,0.0,0.0,0.0,6.0,3.0,0.0,6.0,0.0,0.0,1.0,0.0,0.2,1,1,1,1,24668,12059,10158,9917,18861,10028,7138,1,22724,8004,1,4972,18762,25103,1.0,4:08,2015,2016
2015-16,203142,Chris Copeland,Chris,1610612749,MIL,Milwaukee Bucks,21500089,2015-11-07T00:00:00,MIL vs. BKN,W,1.7,0.0,0.0,0.0,0.0,5.0,2.0,0.0,4.0,0.0,0.0,0.0,0.0,0.0,1,1,1,1,25616,12059,10158,9917,18861,8403,3734,1,23698,8004,1,1,18762,25170,1.0,1:44,2015,2016
2015-16,201601,Luc Mbah a Moute,Luc,1610612746,LAC,LA Clippers,21500093,2015-11-07T00:00:00,LAC vs. HOU,L,0.3,0.0,0.0,0.0,0.0,0.0,0.0,0.0,0.0,0.0,0.0,0.0,0.0,0.0,1,13074,13074,13074,26000,12059,10158,9917,18861,1,1,1,25429,8004,1,1,18762,25170,1.0,0:19,2015,2016
2015-16,2406,Caron Butler,Caron,1610612758,SAC,Sacramento Kings,21500092,2015-11-07T00:00:00,SAC vs. GSW,L,5.7,0.0,0.0,0.0,0.0,9.0,2.0,6.0,10.0,0.0,0.0,0.0,1.0,1.0,1,13074,13074,13074,24081,12059,10158,9917,18861,15771,3734,13388,20209,8004,1,1,12373,24960,1.0,5:44,2015,2016
2015-16,204060,Joe Ingles,Joe,1610612762,UTA,Utah Jazz,21500091,2015-11-07T00:00:00,UTA vs. MEM,W,13.0,0.0,0.0,0.0,2.0,10.0,4.0,3.0,8.0,0.0,0.0,0.0,0.0,9.5,1,1,1,1,21003,12059,10158,9917,12984,17370,8458,7328,21543,8004,1,1,18762,19519,1.0,12:57,2015,2016
2015-16,204002,Edy Tavares,Edy,1610612737,ATL,Atlanta Hawks,21500086,2015-11-07T00:00:00,ATL vs. WAS,W,0.9,0.0,0.0,0.0,0.0,0.0,0.0,0.0,2.0,0.0,0.0,1.0,0.0,0.0,1,1,1,1,25883,12059,10158,9917,18861,1,1,1,24614,8004,1,4972,18762,25170,1.0,0:57,2015,2016
2015-16,202379,Jeremy Evans,Jeremy,1610612742,DAL,Dallas Mavericks,21500088,2015-11-07T00:00:00,DAL vs. NOP,W,13.1,0.0,0.0,0.0,2.0,5.0,6.0,6.0,16.0,1.0,0.0,1.0,1.0,9.6,1,1,1,1,20933,12059,10158,9917,12984,8403,13237,13388,15259,2692,1,4972,12373,19434,1.0,13:04,2015,2016
2015-16,202703,Nikola Mirotic,Nikola,1610612741,CHI,Chicago Bulls,21500085,2015-11-07T00:00:00,CHI vs. MIN,L,17.0,2.0,0.0,2.0,2.0,3.0,5.0,1.0,12.0,0.0,0.0,5.0,2.0,9.6,1,13074,13074,13074,18252,6026,10158,4675,12984,5109,11469,3646,18637,8004,1,24686,7786,19434,1.0,17:02,2015,2016
2015-16,203148,Brian Roberts,Brian,1610612766,CHA,Charlotte Hornets,21500090,2015-11-07T00:00:00,CHA @ SAS,L,3.9,0.0,0.0,1.0,0.0,0.0,4.0,0.0,6.0,0.0,0.0,0.0,1.0,1.0,1,13074,13074,13074,24766,12059,10158,9347,18861,1,8458,1,22724,8004,1,1,12373,24960,1.0,3:51,2015,2016
2015-16,202066,Garrett Temple,Garrett,1610612764,WAS,Washington Wizards,21500086,2015-11-07T00:00:00,WAS @ ATL,L,0.9,0.0,0.0,0.0,0.0,0.0,0.0,0.0,0.0,0.0,0.0,0.0,1.0,1.0,1,13074,13074,13074,25883,12059,10158,9917,18861,1,1,1,25429,8004,1,1,12373,24960,1.0,0:57,2015,2016
2015-16,2743,Kris Humphries,Kris,1610612764,WAS,Washington Wizards,21500086,2015-11-07T00:00:00,WAS @ ATL,L,25.1,0.0,2.0,0.0,4.0,18.0,4.0,10.0,16.0,0.0,0.0,3.0,1.0,15.2,1,13074,13074,13074,11607,12059,4731,9917,8599,24749,8458,20169,15259,8004,1,17641,12373,15219,1.0,25:05,2015,2016
2015-16,202357,Nemanja Bjelica,Nemanja,1610612750,MIN,Minnesota Timberwolves,21500085,2015-11-07T00:00:00,MIN @ CHI,W,40.2,2.0,5.0,3.0,6.0,17.0,9.0,4.0,30.0,1.0,0.0,2.0,3.0,41.7,1,1,1,1,672,6026,995,3302,5299,24337,19144,8806,4541,2692,1,11390,4736,2002,1.0,40:13,2015,2016
2015-16,203105,Festus Ezeli,Festus,1610612744,GSW,Golden State Warriors,21500092,2015-11-07T00:00:00,GSW @ SAC,W,21.7,2.0,2.0,2.0,6.0,8.0,4.0,2.0,24.0,1.0,1.0,0.0,3.0,26.4,1,1,1,1,14438,6026,4731,4675,5299,13914,8458,4025,8723,2692,17214,1,4736,7672,1.0,21:42,2015,2016
2015-16,203937,Kyle Anderson,Kyle,1610612759,SAS,San Antonio Spurs,21500090,2015-11-07T00:00:00,SAS vs. CHA,W,12.9,0.0,2.0,0.0,4.0,3.0,2.0,2.0,10.0,1.0,0.0,1.0,1.0,12.4,1,1,1,1,21020,12059,4731,9917,8599,5109,3734,4025,20209,2692,1,4972,12373,17418,1.0,12:55,2015,2016
2015-16,1626178,Rondae Hollis-Jefferson,Rondae,1610612751,BKN,Brooklyn Nets,21500089,2015-11-07T00:00:00,BKN @ MIL,L,23.5,1.0,1.0,1.0,0.0,9.0,5.0,11.0,22.0,0.0,0.0,2.0,2.0,26.9,1,13074,13074,13074,12968,11535,9709,9347,18861,15771,11469,21342,10265,8004,1,11390,7786,7438,1.0,23:30,2015,2016
2015-16,203084,Harrison Barnes,Harrison,1610612744,GSW,Golden State Warriors,21500092,2015-11-07T00:00:00,GSW @ SAC,W,31.9,2.0,2.0,4.0,6.0,10.0,2.0,10.0,40.0,0.0,2.0,3.0,5.0,27.4,1,1,1,1,6031,6026,4731,1913,5299,17370,3734,20169,983,8004,23588,17641,1539,7179,1.0,31:51,2015,2016
2015-16,202328,Greg Monroe,Greg,1610612749,MIL,Milwaukee Bucks,21500089,2015-11-07T00:00:00,MIL vs. BKN,W,35.1,7.0,2.0,6.0,14.0,9.0,11.0,7.0,40.0,2.0,1.0,0.0,7.0,42.6,1,1,1,1,3440,548,4731,740,542,15771,21814,15538,983,932,17214,1,469,1822,1.0,35:08,2015,2016
2015-16,202344,Trevor Booker,Trevor,1610612762,UTA,Utah Jazz,21500091,2015-11-07T00:00:00,UTA vs. MEM,W,19.4,0.0,0.0,0.0,0.0,10.0,4.0,10.0,14.0,1.0,0.0,4.0,0.0,12.2,1,1,1,1,16382,12059,10158,9917,18861,17370,8458,20169,17019,2692,1,22104,18762,17566,1.0,19:25,2015,2016
2015-16,203506,Victor Oladipo,Victor,1610612753,ORL,Orlando Magic,21500087,2015-11-07T00:00:00,ORL @ PHI,W,34.2,4.0,4.0,5.0,10.0,8.0,7.0,13.0,32.0,0.0,2.0,0.0,1.0,30.5,1,1,1,1,4216,2460,1596,1277,1840,13914,15642,23048,3535,8004,23588,1,12373,5620,1.0,34:10,2015,2016
2015-16,2585,Zaza Pachulia,Zaza,1610612742,DAL,Dallas Mavericks,21500088,2015-11-07T00:00:00,DAL vs. NOP,W,27.6,2.0,2.0,0.0,6.0,8.0,6.0,16.0,18.0,0.0,1.0,1.0,4.0,30.3,1,1,1,1,9520,6026,4731,9917,5299,13914,13237,24641,13577,8004,17214,4972,2748,5702,1.0,27:37,2015,2016
2015-16,101127,Jarrett Jack,Jarrett,1610612751,BKN,Brooklyn Nets,21500089,2015-11-07T00:00:00,BKN @ MIL,L,29.7,0.0,0.0,0.0,4.0,14.0,9.0,15.0,32.0,0.0,1.0,1.0,3.0,15.2,1,13074,13074,13074,7793,12059,10158,9917,8599,22292,19144,24242,3535,8004,17214,4972,4736,15219,1.0,29:43,2015,2016
2015-16,203112,Quincy Acy,Quincy,1610612758,SAC,Sacramento Kings,21500092,2015-11-07T00:00:00,SAC vs. GSW,L,14.9,0.0,0.0,0.0,2.0,5.0,4.0,2.0,10.0,1.0,0.0,0.0,1.0,11.6,1,13074,13074,13074,19840,12059,10158,9917,12984,8403,8458,4025,20209,2692,1,1,12373,17970,1.0,14:53,2015,2016
2015-16,201144,Mike Conley,Mike,1610612763,MEM,Memphis Grizzlies,21500091,2015-11-07T00:00:00,MEM @ UTA,L,39.6,5.0,4.0,0.0,8.0,11.0,2.0,6.0,24.0,0.0,1.0,4.0,2.0,31.3,1,13074,13074,13074,836,1603,1596,9917,3109,18886,3734,13388,8723,8004,17214,22104,7786,5258,1.0,39:38,2015,2016
2015-16,201980,Danny Green,Danny,1610612759,SAS,San Antonio Spurs,21500090,2015-11-07T00:00:00,SAS vs. CHA,W,27.1,0.0,0.0,0.0,0.0,12.0,2.0,9.0,24.0,1.0,0.0,2.0,1.0,26.6,1,1,1,1,9954,12059,10158,9917,18861,20178,3734,18829,8723,2692,1,11390,12373,7566,1.0,27:04,2015,2016
2015-16,202691,Klay Thompson,Klay,1610612744,GSW,Golden State Warriors,21500092,2015-11-07T00:00:00,GSW @ SAC,W,35.7,3.0,2.0,0.0,4.0,20.0,7.0,16.0,40.0,1.0,0.0,4.0,0.0,26.1,1,1,1,1,3014,4307,4731,9917,8599,25338,15642,24641,983,2692,1,22104,18762,7836,1.0,35:39,2015,2016
2015-16,2571,Leandro Barbosa,Leandro,1610612744,GSW,Golden State Warriors,21500092,2015-11-07T00:00:00,GSW @ SAC,W,12.1,2.0,0.0,2.0,2.0,0.0,4.0,2.0,16.0,0.0,0.0,1.0,0.0,15.3,1,1,1,1,21500,6026,10158,4675,12984,1,8458,4025,15259,8004,1,4972,18762,15150,1.0,12:03,2015,2016
2015-16,1495,Tim Duncan,Tim,1610612759,SAS,San Antonio Spurs,21500090,2015-11-07T00:00:00,SAS vs. CHA,W,24.4,1.0,2.0,0.0,6.0,14.0,2.0,11.0,18.0,0.0,0.0,2.0,3.0,20.6,1,1,1,1,12177,11535,4731,9917,5299,22292,3734,21342,13577,8004,1,11390,4736,11314,1.0,24:26,2015,2016
2015-16,2564,Boris Diaw,Boris,1610612759,SAS,San Antonio Spurs,21500090,2015-11-07T00:00:00,SAS vs. CHA,W,15.7,0.0,0.0,0.0,4.0,1.0,1.0,2.0,14.0,1.0,0.0,2.0,0.0,15.4,1,1,1,1,19265,12059,10158,9917,8599,2356,3393,4025,17019,2692,1,11390,18762,15066,1.0,15:42,2015,2016
2015-16,203089,John Henson,John,1610612749,MIL,Milwaukee Bucks,21500089,2015-11-07T00:00:00,MIL vs. BKN,W,8.7,2.0,2.0,0.0,4.0,5.0,0.0,0.0,6.0,1.0,0.0,3.0,0.0,12.3,1,1,1,1,22945,6026,4731,9917,8599,8403,1,1,22724,2692,1,17641,18762,17524,1.0,8:44,2015,2016
2015-16,203504,Trey Burke,Trey,1610612762,UTA,Utah Jazz,21500091,2015-11-07T00:00:00,UTA vs. MEM,W,27.8,5.0,0.0,2.0,4.0,14.0,6.0,5.0,22.0,0.0,0.0,1.0,1.0,30.1,1,1,1,1,9379,1603,10158,4675,8599,22292,13237,11593,10265,8004,1,4972,12373,5794,1.0,27:49,2015,2016
2015-16,203490,Otto Porter Jr.,Otto,1610612764,WAS,Washington Wizards,21500086,2015-11-07T00:00:00,WAS @ ATL,L,39.4,4.0,2.0,12.0,8.0,25.0,6.0,16.0,36.0,0.0,0.0,2.0,4.0,30.1,1,13074,13074,13074,922,2460,4731,42,3109,25944,13237,24641,1943,8004,1,11390,2748,5794,1.0,39:23,2015,2016
2015-16,203499,Shane Larkin,Shane,1610612751,BKN,Brooklyn Nets,21500089,2015-11-07T00:00:00,BKN @ MIL,L,18.3,2.0,0.0,2.0,2.0,10.0,2.0,5.0,14.0,0.0,0.0,3.0,1.0,20.6,1,13074,13074,13074,17278,6026,10158,4675,12984,17370,3734,11593,17019,8004,1,17641,12373,11314,1.0,18:17,2015,2016
2015-16,201565,Derrick Rose,Derrick,1610612741,CHI,Chicago Bulls,21500085,2015-11-07T00:00:00,CHI vs. MIN,L,38.1,2.0,0.0,2.0,4.0,11.0,16.0,10.0,42.0,0.0,1.0,1.0,2.0,20.1,1,13074,13074,13074,1458,6026,10158,4675,8599,18886,25155,20169,670,8004,17214,4972,7786,11685,1.0,38:07,2015,2016
2015-16,203897,Zach LaVine,Zach,1610612750,MIN,Minnesota Timberwolves,21500085,2015-11-07T00:00:00,MIN @ CHI,W,19.3,3.0,3.0,0.0,2.0,10.0,4.0,4.0,18.0,0.0,0.0,3.0,1.0,15.8,1,1,1,1,16457,4307,3104,9917,12984,17370,8458,8806,13577,8004,1,17641,12373,14754,1.0,19:18,2015,2016
2015-16,203145,Kent Bazemore,Kent,1610612737,ATL,Atlanta Hawks,21500086,2015-11-07T00:00:00,ATL vs. WAS,W,29.2,5.0,4.0,8.0,8.0,4.0,6.0,12.0,28.0,0.0,1.0,0.0,1.0,40.3,1,1,1,1,8252,1603,1596,280,3109,6141,13237,22259,5824,8004,17214,1,12373,2302,1.0,29:09,2015,2016
2015-16,200752,Rudy Gay,Rudy,1610612758,SAC,Sacramento Kings,21500092,2015-11-07T00:00:00,SAC vs. GSW,L,34.4,2.0,2.0,4.0,14.0,12.0,11.0,10.0,32.0,0.0,0.0,2.0,3.0,30.9,1,13074,13074,13074,4034,6026,4731,1913,542,20178,21814,20169,3535,8004,1,11390,4736,5452,1.0,34:24,2015,2016
2015-16,2446,Rasual Butler,Rasual,1610612759,SAS,San Antonio Spurs,21500090,2015-11-07T00:00:00,SAS vs. CHA,W,9.8,0.0,0.0,0.0,2.0,3.0,0.0,2.0,6.0,0.0,0.0,0.0,0.0,2.2,1,1,1,1,22512,12059,10158,9917,12984,5109,1,4025,22724,8004,1,1,18762,24138,1.0,9:50,2015,2016
2015-16,203940,Adreian Payne,Adreian,1610612750,MIN,Minnesota Timberwolves,21500085,2015-11-07T00:00:00,MIN @ CHI,W,4.0,0.0,0.0,2.0,2.0,4.0,0.0,4.0,4.0,0.0,0.0,3.0,0.0,2.0,1,1,1,1,24716,12059,10158,4675,12984,6141,1,8806,23698,8004,1,17641,18762,24216,1.0,3:59,2015,2016
2015-16,201147,Corey Brewer,Corey,1610612745,HOU,Houston Rockets,21500093,2015-11-07T00:00:00,HOU @ LAC,W,17.5,0.0,0.0,4.0,4.0,5.0,5.0,6.0,16.0,0.0,1.0,2.0,1.0,3.0,1,1,1,1,17916,12059,10158,1913,8599,8403,11469,13388,15259,8004,17214,11390,12373,23648,1.0,17:28,2015,2016
2015-16,202362,Lance Stephenson,Lance,1610612746,LAC,LA Clippers,21500093,2015-11-07T00:00:00,LAC vs. HOU,L,21.9,3.0,2.0,0.0,2.0,4.0,6.0,12.0,30.0,0.0,0.0,2.0,2.0,21.1,1,13074,13074,13074,14245,4307,4731,9917,12984,6141,13237,22259,4541,8004,1,11390,7786,11012,1.0,21:55,2015,2016
2015-16,203463,Ben McLemore,Ben,1610612758,SAC,Sacramento Kings,21500092,2015-11-07T00:00:00,SAC vs. GSW,L,16.4,0.0,0.0,2.0,2.0,13.0,6.0,8.0,16.0,0.0,0.0,2.0,1.0,2.2,1,13074,13074,13074,18734,12059,10158,4675,12984,21300,13237,17194,15259,8004,1,11390,12373,24138,1.0,16:24,2015,2016
2015-16,202083,Wesley Matthews,Wesley,1610612742,DAL,Dallas Mavericks,21500088,2015-11-07T00:00:00,DAL vs. NOP,W,29.4,3.0,0.0,3.0,4.0,2.0,8.0,11.0,22.0,0.0,1.0,2.0,3.0,18.4,1,1,1,1,8019,4307,10158,3302,8599,2619,17345,21342,10265,8004,17214,11390,4736,12854,1.0,29:26,2015,2016
2015-16,203894,Shabazz Napier,Shabazz,1610612753,ORL,Orlando Magic,21500087,2015-11-07T00:00:00,ORL @ PHI,W,9.7,0.0,0.0,0.0,0.0,3.0,0.0,3.0,8.0,0.0,0.0,0.0,1.0,2.9,1,1,1,1,22569,12059,10158,9917,18861,5109,1,7328,21543,8004,1,1,12373,23852,1.0,9:39,2015,2016
2015-16,2754,Tony Allen,Tony,1610612763,MEM,Memphis Grizzlies,21500091,2015-11-07T00:00:00,MEM @ UTA,L,23.6,0.0,0.0,2.0,4.0,9.0,0.0,6.0,16.0,0.0,3.0,4.0,2.0,21.4,1,13074,13074,13074,12870,12059,10158,4675,8599,15771,1,13388,15259,8004,25441,22104,7786,10807,1.0,23:38,2015,2016
2015-16,203948,Johnny O'Bryant III,Johnny,1610612749,MIL,Milwaukee Bucks,21500089,2015-11-07T00:00:00,MIL vs. BKN,W,16.1,2.0,2.0,0.0,4.0,6.0,3.0,2.0,16.0,1.0,1.0,1.0,0.0,20.9,1,1,1,1,18959,6026,4731,9917,8599,10028,7138,4025,15259,2692,17214,4972,18762,11132,1.0,16:06,2015,2016
2015-16,203078,Bradley Beal,Bradley,1610612764,WAS,Washington Wizards,21500086,2015-11-07T00:00:00,WAS @ ATL,L,36.9,0.0,0.0,0.0,8.0,21.0,6.0,12.0,36.0,0.0,1.0,4.0,1.0,20.7,1,13074,13074,13074,2126,12059,10158,9917,3109,25535,13237,22259,1943,8004,17214,22104,12373,11252,1.0,36:56,2015,2016
2015-16,203508,Sergey Karasev,Sergey,1610612751,BKN,Brooklyn Nets,21500089,2015-11-07T00:00:00,BKN @ MIL,L,1.7,0.0,0.0,0.0,0.0,0.0,0.0,0.0,0.0,0.0,0.0,0.0,1.0,3.2,1,13074,13074,13074,25616,12059,10158,9917,18861,1,1,1,25429,8004,1,1,12373,23473,1.0,1:44,2015,2016
2015-16,203085,Austin Rivers,Austin,1610612746,LAC,LA Clippers,21500093,2015-11-07T00:00:00,LAC vs. HOU,L,31.3,1.0,3.0,0.0,6.0,5.0,13.0,13.0,34.0,1.0,1.0,3.0,1.0,16.5,1,13074,13074,13074,6491,11535,3104,9917,5299,8403,23668,23048,2701,2692,17214,17641,12373,14224,1.0,31:17,2015,2016
2015-16,2037,Jamal Crawford,Jamal,1610612746,LAC,LA Clippers,21500093,2015-11-07T00:00:00,LAC vs. HOU,L,18.7,0.0,0.0,0.0,0.0,4.0,7.0,9.0,22.0,0.0,0.0,0.0,1.0,8.0,1,13074,13074,13074,16959,12059,10158,9917,18861,6141,15642,18829,10265,8004,1,1,12373,20564,1.0,18:41,2015,2016
2015-16,202087,Alonzo Gee,Alonzo,1610612740,NOP,New Orleans Pelicans,21500088,2015-11-07T00:00:00,NOP @ DAL,L,9.5,0.0,0.0,0.0,2.0,2.0,0.0,2.0,6.0,1.0,0.0,1.0,2.0,8.2,1,13074,13074,13074,22633,12059,10158,9917,12984,2619,1,4025,22724,2692,1,4972,7786,20416,1.0,9:29,2015,2016
2015-16,203476,Gorgui Dieng,Gorgui,1610612750,MIN,Minnesota Timberwolves,21500085,2015-11-07T00:00:00,MIN @ CHI,W,22.8,0.0,0.0,0.0,6.0,11.0,10.0,0.0,20.0,0.0,1.0,1.0,2.0,18.4,1,1,1,1,13570,12059,10158,9917,5299,18886,20509,1,11929,8004,17214,4972,7786,12854,1.0,22:45,2015,2016
2015-16,203526,Raul Neto,Raul,1610612762,UTA,Utah Jazz,21500091,2015-11-07T00:00:00,UTA vs. MEM,W,12.4,4.0,0.0,2.0,4.0,2.0,2.0,2.0,8.0,0.0,0.0,0.0,0.0,8.4,1,1,1,1,21322,2460,10158,4675,8599,2619,3734,4025,21543,8004,1,1,18762,20273,1.0,12:25,2015,2016
2015-16,201951,Ty Lawson,Ty,1610612745,HOU,Houston Rockets,21500093,2015-11-07T00:00:00,HOU @ LAC,W,40.9,0.0,0.0,0.0,2.0,20.0,12.0,5.0,52.0,0.0,0.0,4.0,3.0,18.6,1,1,1,1,513,12059,10158,9917,12984,25338,22832,11593,59,8004,1,22104,4736,12715,1.0,40:51,2015,2016
2015-16,201228,C.J. Watson,C.J.,1610612753,ORL,Orlando Magic,21500087,2015-11-07T00:00:00,ORL @ PHI,W,15.4,0.0,0.0,0.0,0.0,5.0,2.0,6.0,14.0,0.0,0.0,1.0,1.0,16.1,1,1,1,1,19483,12059,10158,9917,18861,8403,3734,13388,17019,8004,1,4972,12373,14515,1.0,15:24,2015,2016
2015-16,202391,Jeremy Lin,Jeremy,1610612766,CHA,Charlotte Hornets,21500090,2015-11-07T00:00:00,CHA @ SAS,L,22.0,0.0,0.0,1.0,4.0,15.0,9.0,6.0,22.0,0.0,0.0,2.0,9.0,16.6,1,13074,13074,13074,14179,12059,10158,9347,8599,23079,19144,13388,10265,8004,1,11390,138,14125,1.0,21:59,2015,2016
2015-16,202390,Gary Neal,Gary,1610612764,WAS,Washington Wizards,21500086,2015-11-07T00:00:00,WAS @ ATL,L,17.6,3.0,0.0,3.0,2.0,16.0,4.0,0.0,18.0,0.0,0.0,1.0,0.0,18.7,1,13074,13074,13074,17803,4307,10158,3302,12984,23774,8458,1,13577,8004,1,4972,18762,12648,1.0,17:39,2015,2016
2015-16,2757,Beno Udrih,Beno,1610612763,MEM,Memphis Grizzlies,21500091,2015-11-07T00:00:00,MEM @ UTA,L,7.6,2.0,0.0,0.0,4.0,4.0,0.0,4.0,8.0,0.0,0.0,0.0,0.0,3.0,1,13074,13074,13074,23350,6026,10158,9917,8599,6141,1,8806,21543,8004,1,1,18762,23648,1.0,7:37,2015,2016
2015-16,201961,Wayne Ellington,Wayne,1610612751,BKN,Brooklyn Nets,21500089,2015-11-07T00:00:00,BKN @ MIL,L,15.7,0.0,0.0,0.0,0.0,11.0,6.0,2.0,14.0,0.0,2.0,0.0,0.0,2.7,1,13074,13074,13074,19292,12059,10158,9917,18861,18886,13237,4025,17019,8004,23588,1,18762,23884,1.0,15:40,2015,2016
2015-16,203991,Clint Capela,Clint,1610612745,HOU,Houston Rockets,21500093,2015-11-07T00:00:00,HOU @ LAC,W,18.9,0.0,2.0,0.0,6.0,3.0,5.0,7.0,22.0,1.0,0.0,4.0,2.0,21.6,1,1,1,1,16777,12059,4731,9917,5299,5109,11469,15538,10265,2692,1,22104,7786,10666,1.0,18:54,2015,2016
2015-16,202711,Bojan Bogdanović,Bojan,1610612751,BKN,Brooklyn Nets,21500089,2015-11-07T00:00:00,BKN @ MIL,L,24.3,4.0,0.0,0.0,4.0,16.0,4.0,12.0,24.0,0.0,2.0,3.0,1.0,18.7,1,13074,13074,13074,12335,2460,10158,9917,8599,23774,8458,22259,8723,8004,23588,17641,12373,12648,1.0,24:16,2015,2016
2015-16,101107,Marvin Williams,Marvin,1610612766,CHA,Charlotte Hornets,21500090,2015-11-07T00:00:00,CHA @ SAS,L,26.9,0.0,0.0,3.0,4.0,7.0,7.0,2.0,20.0,0.0,1.0,1.0,0.0,16.8,1,13074,13074,13074,10087,12059,10158,3302,8599,12242,15642,4025,11929,8004,17214,4972,18762,13996,1.0,26:55,2015,2016
2015-16,202341,James Anderson,James,1610612758,SAC,Sacramento Kings,21500092,2015-11-07T00:00:00,SAC vs. GSW,L,14.2,0.0,0.0,2.0,2.0,2.0,6.0,2.0,16.0,1.0,0.0,1.0,1.0,8.5,1,13074,13074,13074,20269,12059,10158,4675,12984,2619,13237,4025,15259,2692,1,4972,12373,20215,1.0,14:13,2015,2016
2015-16,2440,Matt Barnes,Matt,1610612763,MEM,Memphis Grizzlies,21500091,2015-11-07T00:00:00,MEM @ UTA,L,20.9,3.0,0.0,8.0,2.0,4.0,2.0,2.0,12.0,0.0,1.0,3.0,4.0,16.6,1,13074,13074,13074,15170,4307,10158,280,12984,6141,3734,4025,18637,8004,17214,17641,2748,14125,1.0,20:52,2015,2016
2015-16,201160,Jason Smith,Jason,1610612753,ORL,Orlando Magic,21500087,2015-11-07T00:00:00,ORL @ PHI,W,17.9,2.0,2.0,0.0,2.0,6.0,3.0,7.0,12.0,2.0,1.0,4.0,2.0,21.5,1,1,1,1,17576,6026,4731,9917,12984,10028,7138,15538,18637,932,17214,22104,7786,10755,1.0,17:56,2015,2016
2015-16,201148,Brandan Wright,Brandan,1610612763,MEM,Memphis Grizzlies,21500091,2015-11-07T00:00:00,MEM @ UTA,L,6.1,0.0,0.0,0.0,0.0,2.0,0.0,0.0,2.0,0.0,0.0,1.0,0.0,3.0,1,13074,13074,13074,23923,12059,10158,9917,18861,2619,1,1,24614,8004,1,4972,18762,23648,1.0,6:05,2015,2016
2015-16,203918,Rodney Hood,Rodney,1610612762,UTA,Utah Jazz,21500091,2015-11-07T00:00:00,UTA vs. MEM,W,30.9,0.0,0.0,0.0,2.0,6.0,4.0,7.0,26.0,3.0,0.0,3.0,2.0,21.4,1,1,1,1,6803,12059,10158,9917,12984,10028,8458,15538,7214,347,1,17641,7786,10807,1.0,30:54,2015,2016
2015-16,202330,Gordon Hayward,Gordon,1610612762,UTA,Utah Jazz,21500091,2015-11-07T00:00:00,UTA vs. MEM,W,35.0,6.0,0.0,4.0,4.0,6.0,4.0,9.0,30.0,1.0,0.0,2.0,6.0,32.2,1,1,1,1,3504,878,10158,1913,8599,10028,8458,18829,4541,2692,1,11390,873,4846,1.0,35:03,2015,2016
2015-16,2746,Josh Smith,Josh,1610612746,LAC,LA Clippers,21500093,2015-11-07T00:00:00,LAC vs. HOU,L,11.2,4.0,0.0,0.0,8.0,4.0,2.0,9.0,18.0,0.0,0.0,0.0,1.0,16.9,1,13074,13074,13074,21945,2460,10158,9917,3109,6141,3734,18829,13577,8004,1,1,12373,13911,1.0,11:12,2015,2016
2015-16,204456,T.J. McConnell,T.J.,1610612755,PHI,Philadelphia 76ers,21500087,2015-11-07T00:00:00,PHI vs. ORL,L,36.5,2.0,0.0,0.0,4.0,21.0,12.0,21.0,36.0,2.0,1.0,3.0,1.0,39.1,1,13074,13074,13074,2409,6026,10158,9917,8599,25535,22832,25725,1943,932,17214,17641,12373,2616,1.0,36:29,2015,2016
2015-16,202397,Ish Smith,Ish,1610612740,NOP,New Orleans Pelicans,21500088,2015-11-07T00:00:00,NOP @ DAL,L,32.7,0.0,2.0,0.0,2.0,5.0,2.0,10.0,22.0,1.0,0.0,2.0,0.0,32.9,1,13074,13074,13074,5323,12059,4731,9917,12984,8403,3734,20169,10265,2692,1,11390,18762,4566,1.0,32:43,2015,2016
2015-16,203477,Isaiah Canaan,Isaiah,1610612755,PHI,Philadelphia 76ers,21500087,2015-11-07T00:00:00,PHI vs. ORL,L,26.7,6.0,0.0,6.0,2.0,14.0,16.0,11.0,30.0,1.0,0.0,2.0,2.0,39.1,1,13074,13074,13074,10272,878,10158,740,12984,22292,25155,21342,4541,2692,1,11390,7786,2616,1.0,26:42,2015,2016
2015-16,2738,Andre Iguodala,Andre,1610612744,GSW,Golden State Warriors,21500092,2015-11-07T00:00:00,GSW @ SAC,W,33.7,10.0,2.0,4.0,8.0,15.0,7.0,12.0,36.0,0.0,0.0,0.0,0.0,38.2,1,1,1,1,4617,99,4731,1913,3109,23079,15642,22259,1943,8004,1,1,18762,2854,1.0,33:40,2015,2016
2015-16,201158,Marco Belinelli,Marco,1610612758,SAC,Sacramento Kings,21500092,2015-11-07T00:00:00,SAC vs. GSW,L,34.6,6.0,0.0,2.0,2.0,27.0,17.0,18.0,38.0,0.0,1.0,1.0,5.0,27.6,1,13074,13074,13074,3903,878,10158,4675,12984,26014,25429,25228,1422,8004,17214,4972,1539,7080,1.0,34:33,2015,2016
2015-16,2734,Devin Harris,Devin,1610612742,DAL,Dallas Mavericks,21500088,2015-11-07T00:00:00,DAL vs. NOP,W,23.9,2.0,0.0,2.0,4.0,7.0,6.0,4.0,18.0,0.0,0.0,3.0,3.0,22.4,1,1,1,1,12698,6026,10158,4675,8599,12242,13237,8806,13577,8004,1,17641,4736,10131,1.0,23:51,2015,2016
2015-16,203939,Dwight Powell,Dwight,1610612742,DAL,Dallas Mavericks,21500088,2015-11-07T00:00:00,DAL vs. NOP,W,25.8,4.0,0.0,2.0,14.0,4.0,6.0,10.0,16.0,1.0,1.0,4.0,2.0,27.9,1,1,1,1,11062,2460,10158,4675,542,6141,13237,20169,15259,2692,17214,22104,7786,6914,1.0,25:45,2015,2016
2015-16,203917,Nik Stauskas,Nik,1610612755,PHI,Philadelphia 76ers,21500087,2015-11-07T00:00:00,PHI vs. ORL,L,36.4,0.0,2.0,6.0,6.0,21.0,6.0,23.0,34.0,1.0,0.0,2.0,2.0,32.1,1,13074,13074,13074,2469,12059,4731,740,5299,25535,13237,25880,2701,2692,1,11390,7786,4889,1.0,36:24,2015,2016
2015-16,708,Kevin Garnett,Kevin,1610612750,MIN,Minnesota Timberwolves,21500085,2015-11-07T00:00:00,MIN @ CHI,W,12.3,0.0,0.0,0.0,0.0,2.0,7.0,0.0,6.0,0.0,0.0,1.0,1.0,14.0,1,1,1,1,21407,12059,10158,9917,18861,2619,15642,1,22724,8004,1,4972,12373,16166,1.0,12:16,2015,2016
2015-16,202325,Wesley Johnson,Wesley,1610612746,LAC,LA Clippers,21500093,2015-11-07T00:00:00,LAC vs. HOU,L,9.3,1.0,2.0,1.0,2.0,4.0,0.0,7.0,10.0,1.0,0.0,1.0,1.0,13.7,1,13074,13074,13074,22715,11535,4731,9347,12984,6141,1,15538,20209,2692,1,4972,12373,16393,1.0,9:18,2015,2016
2015-16,201572,Brook Lopez,Brook,1610612751,BKN,Brooklyn Nets,21500089,2015-11-07T00:00:00,BKN @ MIL,L,28.9,2.0,4.0,2.0,16.0,15.0,7.0,17.0,28.0,2.0,1.0,2.0,2.0,28.3,1,13074,13074,13074,8459,6026,1596,4675,275,23079,15642,24967,5824,932,17214,11390,7786,6720,1.0,28:53,2015,2016
2015-16,201962,Toney Douglas,Toney,1610612740,NOP,New Orleans Pelicans,21500088,2015-11-07T00:00:00,NOP @ DAL,L,27.6,4.0,0.0,6.0,4.0,13.0,2.0,8.0,40.0,0.0,0.0,4.0,1.0,22.7,1,13074,13074,13074,9509,2460,10158,740,8599,21300,3734,17194,983,8004,1,22104,12373,9938,1.0,27:38,2015,2016
2015-16,202322,John Wall,John,1610612764,WAS,Washington Wizards,21500086,2015-11-07T00:00:00,WAS @ ATL,L,36.3,2.0,0.0,4.0,6.0,24.0,4.0,16.0,30.0,1.0,0.0,2.0,3.0,39.9,1,13074,13074,13074,2564,6026,10158,1913,5299,25890,8458,24641,4541,2692,1,11390,4736,2396,1.0,36:16,2015,2016
2015-16,203924,Jerami Grant,Jerami,1610612755,PHI,Philadelphia 76ers,21500087,2015-11-07T00:00:00,PHI vs. ORL,L,23.2,2.0,0.0,0.0,6.0,14.0,8.0,6.0,18.0,1.0,1.0,2.0,4.0,17.8,1,13074,13074,13074,13196,6026,10158,9917,5299,22292,17345,13388,13577,2692,17214,11390,2748,13309,1.0,23:12,2015,2016
2015-16,203507,Giannis Antetokounmpo,Giannis,1610612749,MIL,Milwaukee Bucks,21500089,2015-11-07T00:00:00,MIL vs. BKN,W,37.0,2.0,0.0,6.0,6.0,11.0,11.0,7.0,42.0,0.0,0.0,4.0,1.0,22.2,1,1,1,1,2058,6026,10158,740,5299,18886,21814,15538,670,8004,1,22104,12373,10263,1.0,37:02,2015,2016
2015-16,203898,Tyler Ennis,Tyler,1610612749,MIL,Milwaukee Bucks,21500089,2015-11-07T00:00:00,MIL vs. BKN,W,16.4,4.0,0.0,4.0,6.0,8.0,10.0,1.0,24.0,0.0,1.0,2.0,0.0,13.7,1,1,1,1,18762,2460,10158,1913,5299,13914,20509,3646,8723,8004,17214,11390,18762,16393,1.0,16:22,2015,2016
2015-16,201988,Patty Mills,Patty,1610612759,SAS,San Antonio Spurs,21500090,2015-11-07T00:00:00,SAS vs. CHA,W,18.7,4.0,3.0,2.0,4.0,0.0,0.0,0.0,14.0,0.0,0.0,3.0,1.0,28.4,1,1,1,1,16918,2460,3104,4675,8599,1,1,1,17019,8004,1,17641,12373,6663,1.0,18:44,2015,2016
2015-16,201143,Al Horford,Al,1610612737,ATL,Atlanta Hawks,21500086,2015-11-07T00:00:00,ATL vs. WAS,W,28.7,2.0,0.0,2.0,10.0,8.0,4.0,11.0,22.0,1.0,0.0,1.0,3.0,31.8,1,1,1,1,8665,6026,10158,4675,1840,13914,8458,21342,10265,2692,1,4972,4736,5041,1.0,28:41,2015,2016
2015-16,203901,Elfrid Payton,Elfrid,1610612753,ORL,Orlando Magic,21500087,2015-11-07T00:00:00,ORL @ PHI,W,32.7,2.0,2.0,2.0,10.0,8.0,7.0,10.0,32.0,1.0,0.0,2.0,2.0,39.9,1,1,1,1,5323,6026,4731,4675,1840,13914,15642,20169,3535,2692,1,11390,7786,2396,1.0,32:43,2015,2016
2015-16,203952,Andrew Wiggins,Andrew,1610612750,MIN,Minnesota Timberwolves,21500085,2015-11-07T00:00:00,MIN @ CHI,W,41.0,6.0,0.0,10.0,14.0,11.0,12.0,0.0,22.0,1.0,3.0,3.0,9.0,39.6,1,1,1,1,485,878,10158,118,542,18886,22832,1,10265,2692,25441,17641,138,2474,1.0,41:01,2015,2016
2015-16,2594,Kyle Korver,Kyle,1610612737,ATL,Atlanta Hawks,21500086,2015-11-07T00:00:00,ATL vs. WAS,W,25.8,0.0,0.0,0.0,0.0,5.0,6.0,13.0,30.0,0.0,0.0,4.0,2.0,16.9,1,1,1,1,11026,12059,10158,9917,18861,8403,13237,23048,4541,8004,1,22104,7786,13911,1.0,25:47,2015,2016
2015-16,2733,Shaun Livingston,Shaun,1610612744,GSW,Golden State Warriors,21500092,2015-11-07T00:00:00,GSW @ SAC,W,18.0,2.0,2.0,2.0,4.0,10.0,5.0,4.0,18.0,0.0,0.0,2.0,0.0,13.7,1,1,1,1,17489,6026,4731,4675,8599,17370,11469,8806,13577,8004,1,11390,18762,16393,1.0,18:02,2015,2016
2015-16,202710,Jimmy Butler III,Jimmy,1610612741,CHI,Chicago Bulls,21500085,2015-11-07T00:00:00,CHI vs. MIN,L,41.1,2.0,0.0,0.0,6.0,13.0,13.0,15.0,40.0,2.0,0.0,5.0,6.0,27.6,1,13074,13074,13074,459,6026,10158,9917,5299,21300,23668,24242,983,932,1,24686,873,7080,1.0,41:08,2015,2016
2015-16,1626209,Mario Hezonja,Mario,1610612753,ORL,Orlando Magic,21500087,2015-11-07T00:00:00,ORL @ PHI,W,12.5,2.0,2.0,3.0,4.0,2.0,2.0,0.0,10.0,0.0,1.0,3.0,0.0,13.4,1,1,1,1,21283,6026,4731,3302,8599,2619,3734,1,20209,8004,17214,17641,18762,16614,1.0,12:29,2015,2016
2015-16,203200,Justin Holiday,Justin,1610612737,ATL,Atlanta Hawks,21500086,2015-11-07T00:00:00,ATL vs. WAS,W,16.7,3.0,0.0,0.0,0.0,9.0,0.0,9.0,14.0,0.0,1.0,1.0,1.0,14.1,1,1,1,1,18517,4307,10158,9917,18861,15771,1,18829,17019,8004,17214,4972,12373,16094,1.0,16:41,2015,2016
2015-16,203926,Doug McDermott,Doug,1610612741,CHI,Chicago Bulls,21500085,2015-11-07T00:00:00,CHI vs. MIN,L,21.0,0.0,3.0,0.0,2.0,14.0,9.0,3.0,20.0,0.0,1.0,2.0,0.0,13.4,1,13074,13074,13074,15083,12059,3104,9917,12984,22292,19144,7328,11929,8004,17214,11390,18762,16614,1.0,20:58,2015,2016
2015-16,203471,Dennis Schröder,Dennis,1610612737,ATL,Atlanta Hawks,21500086,2015-11-07T00:00:00,ATL vs. WAS,W,23.9,4.0,0.0,0.0,6.0,8.0,6.0,9.0,22.0,0.0,0.0,3.0,3.0,17.5,1,1,1,1,12643,2460,10158,9917,5299,13914,13237,18829,10265,8004,1,17641,4736,13528,1.0,23:55,2015,2016
2015-16,202692,Alec Burks,Alec,1610612762,UTA,Utah Jazz,21500091,2015-11-07T00:00:00,UTA vs. MEM,W,24.9,0.0,0.0,2.0,2.0,10.0,4.0,10.0,20.0,0.0,0.0,3.0,3.0,17.6,1,1,1,1,11776,12059,10158,4675,12984,17370,8458,20169,11929,8004,1,17641,4736,13443,1.0,24:52,2015,2016
2015-16,201152,Thaddeus Young,Thaddeus,1610612751,BKN,Brooklyn Nets,21500089,2015-11-07T00:00:00,BKN @ MIL,L,39.4,6.0,6.0,2.0,16.0,21.0,11.0,15.0,38.0,0.0,0.0,2.0,2.0,38.6,1,13074,13074,13074,930,878,481,4675,275,25535,21814,24242,1422,8004,1,11390,7786,2744,1.0,39:22,2015,2016
2015-16,203503,Tony Snell,Tony,1610612741,CHI,Chicago Bulls,21500085,2015-11-07T00:00:00,CHI vs. MIN,L,27.9,3.0,0.0,0.0,2.0,0.0,9.0,7.0,22.0,1.0,0.0,2.0,2.0,22.2,1,13074,13074,13074,9277,4307,10158,9917,12984,1,19144,15538,10265,2692,1,11390,7786,10263,1.0,27:56,2015,2016
2015-16,2561,David West,David,1610612759,SAS,San Antonio Spurs,21500090,2015-11-07T00:00:00,SAS vs. CHA,W,28.7,0.0,0.0,2.0,2.0,14.0,1.0,12.0,20.0,0.0,0.0,2.0,2.0,27.8,1,1,1,1,8624,12059,10158,4675,12984,22292,3393,22259,11929,8004,1,11390,7786,6950,1.0,28:43,2015,2016
2015-16,203118,Mike Scott,Mike,1610612737,ATL,Atlanta Hawks,21500086,2015-11-07T00:00:00,ATL vs. WAS,W,14.0,6.0,2.0,2.0,6.0,9.0,2.0,9.0,14.0,0.0,0.0,1.0,1.0,13.8,1,1,1,1,20407,878,4731,4675,5299,15771,3734,18829,17019,8004,1,4972,12373,16311,1.0,14:00,2015,2016
2015-16,203110,Draymond Green,Draymond,1610612744,GSW,Golden State Warriors,21500092,2015-11-07T00:00:00,GSW @ SAC,W,37.8,0.0,2.0,2.0,6.0,17.0,7.0,16.0,42.0,0.0,0.0,3.0,6.0,32.3,1,1,1,1,1590,12059,4731,4675,5299,24337,15642,24641,670,8004,1,17641,873,4807,1.0,37:50,2015,2016
2015-16,201937,Ricky Rubio,Ricky,1610612750,MIN,Minnesota Timberwolves,21500085,2015-11-07T00:00:00,MIN @ CHI,W,38.8,0.0,0.0,0.0,0.0,11.0,10.0,0.0,22.0,0.0,1.0,3.0,5.0,37.6,1,1,1,1,1132,12059,10158,9917,18861,18886,20509,1,10265,8004,17214,17641,1539,3018,1.0,38:50,2015,2016
2015-16,201188,Marc Gasol,Marc,1610612763,MEM,Memphis Grizzlies,21500091,2015-11-07T00:00:00,MEM @ UTA,L,38.3,2.0,0.0,0.0,6.0,13.0,2.0,8.0,26.0,1.0,1.0,3.0,5.0,33.0,1,13074,13074,13074,1366,6026,10158,9917,5299,21300,3734,17194,7214,2692,17214,17641,1539,4537,1.0,38:19,2015,2016
2015-16,202324,Derrick Favors,Derrick,1610612762,UTA,Utah Jazz,21500091,2015-11-07T00:00:00,UTA vs. MEM,W,39.6,0.0,2.0,0.0,8.0,11.0,8.0,5.0,30.0,1.0,0.0,2.0,4.0,39.2,1,1,1,1,867,12059,4731,9917,3109,18886,17345,11593,4541,2692,1,11390,2748,2590,1.0,39:34,2015,2016
2015-16,203145,Kent Bazemore,Kent,1610612737,ATL,Atlanta Hawks,21500081,2015-11-06T00:00:00,ATL @ NOP,W,32.8,3.0,0.0,7.0,4.0,6.0,14.0,8.0,30.0,1.0,0.0,3.0,5.0,32.0,1,1,1,1,5252,4307,10158,454,8599,10028,24300,17194,4541,2692,1,17641,1539,4945,1.0,32:50,2015,2016
2015-16,1897,Metta World Peace,Metta,1610612747,LAL,Los Angeles Lakers,21500077,2015-11-06T00:00:00,LAL @ BKN,W,17.0,0.0,0.0,0.0,0.0,6.0,4.0,4.0,16.0,1.0,0.0,0.0,0.0,14.1,1,1,1,1,18297,12059,10158,9917,18861,10028,8458,8806,15259,2692,1,1,18762,16094,1.0,16:58,2015,2016
2015-16,202738,Isaiah Thomas,Isaiah,1610612738,BOS,Boston Celtics,21500076,2015-11-06T00:00:00,BOS vs. WAS,W,25.8,8.0,0.0,10.0,8.0,17.0,9.0,18.0,28.0,0.0,4.0,0.0,6.0,32.2,1,1,1,1,11061,308,10158,118,3109,24337,19144,25228,5824,8004,25926,1,873,4846,1.0,25:45,2015,2016
2015-16,203507,Giannis Antetokounmpo,Giannis,1610612749,MIL,Milwaukee Bucks,21500079,2015-11-06T00:00:00,MIL @ NYK,W,35.7,6.0,2.0,2.0,10.0,13.0,19.0,7.0,34.0,1.0,1.0,4.0,5.0,37.9,1,1,1,1,3014,878,4731,4675,1840,21300,25786,15538,2701,2692,17214,22104,1539,2931,1.0,35:39,2015,2016
2015-16,201954,Darren Collison,Darren,1610612758,SAC,Sacramento Kings,21500084,2015-11-06T00:00:00,SAC vs. HOU,L,31.3,9.0,0.0,4.0,8.0,12.0,15.0,17.0,28.0,0.0,1.0,1.0,4.0,38.5,1,13074,13074,13074,6439,171,10158,1913,3109,20178,24781,24967,5824,8004,17214,4972,2748,2771,1.0,31:20,2015,2016
2015-16,203083,Andre Drummond,Andre,1610612765,DET,Detroit Pistons,21500082,2015-11-06T00:00:00,DET @ PHX,W,36.1,2.0,4.0,0.0,10.0,6.0,11.0,9.0,36.0,1.0,1.0,4.0,8.0,38.4,1,1,1,1,2647,6026,1596,9917,1840,10028,21814,18829,1943,2692,17214,22104,254,2802,1.0,36:09,2015,2016
2015-16,203924,Jerami Grant,Jerami,1610612755,PHI,Philadelphia 76ers,21500078,2015-11-06T00:00:00,PHI @ CLE,L,27.1,4.0,4.0,4.0,6.0,16.0,7.0,18.0,26.0,2.0,0.0,3.0,3.0,21.8,1,13074,13074,13074,9892,2460,1596,1913,5299,23774,15642,25228,7214,932,1,17641,4736,10526,1.0,27:09,2015,2016
2015-16,203138,Hollis Thompson,Hollis,1610612755,PHI,Philadelphia 76ers,21500078,2015-11-06T00:00:00,PHI @ CLE,L,25.9,0.0,2.0,0.0,2.0,2.0,7.0,4.0,16.0,0.0,0.0,2.0,1.0,22.1,1,13074,13074,13074,10892,12059,4731,9917,12984,2619,15642,8806,15259,8004,1,11390,12373,10332,1.0,25:57,2015,2016
2015-16,201196,Ramon Sessions,Ramon,1610612764,WAS,Washington Wizards,21500076,2015-11-06T00:00:00,WAS @ BOS,L,19.5,0.0,0.0,0.0,2.0,18.0,9.0,13.0,30.0,0.0,1.0,2.0,2.0,17.6,1,13074,13074,13074,16291,12059,10158,9917,12984,24749,19144,23048,4541,8004,17214,11390,7786,13443,1.0,19:32,2015,2016
2015-16,201143,Al Horford,Al,1610612737,ATL,Atlanta Hawks,21500081,2015-11-06T00:00:00,ATL @ NOP,W,30.3,2.0,4.0,2.0,8.0,11.0,12.0,13.0,36.0,2.0,0.0,5.0,0.0,33.0,1,1,1,1,7236,6026,1596,4675,3109,18886,22832,23048,1943,932,1,24686,18762,4537,1.0,30:20,2015,2016
2015-16,204038,Langston Galloway,Langston,1610612752,NYK,New York Knicks,21500079,2015-11-06T00:00:00,NYK vs. MIL,L,31.9,3.0,2.0,2.0,2.0,9.0,12.0,2.0,28.0,0.0,0.0,2.0,4.0,27.4,1,13074,13074,13074,6018,4307,4731,4675,12984,15771,22832,4025,5824,8004,1,11390,2748,7179,1.0,31:52,2015,2016
2015-16,201569,Eric Gordon,Eric,1610612740,NOP,New Orleans Pelicans,21500081,2015-11-06T00:00:00,NOP vs. ATL,L,39.1,4.0,3.0,6.0,10.0,16.0,10.0,15.0,40.0,1.0,1.0,5.0,4.0,32.4,1,13074,13074,13074,1025,2460,3104,740,1840,23774,20509,24242,983,2692,17214,24686,2748,4768,1.0,39:07,2015,2016
2015-16,204001,Kristaps Porziņģis,Kristaps,1610612752,NYK,New York Knicks,21500079,2015-11-06T00:00:00,NYK vs. MIL,L,28.1,2.0,11.0,0.0,8.0,17.0,7.0,8.0,32.0,1.0,0.0,3.0,5.0,32.1,1,13074,13074,13074,9183,6026,19,9917,3109,24337,15642,17194,3535,2692,1,17641,1539,4889,1.0,28:04,2015,2016
2015-16,201956,Omri Casspi,Omri,1610612758,SAC,Sacramento Kings,21500084,2015-11-06T00:00:00,SAC vs. HOU,L,32.7,5.0,5.0,8.0,12.0,12.0,15.0,20.0,28.0,0.0,0.0,4.0,6.0,32.3,1,13074,13074,13074,5323,1603,995,280,988,20178,24781,25599,5824,8004,1,22104,873,4807,1.0,32:43,2015,2016
2015-16,202691,Klay Thompson,Klay,1610612744,GSW,Golden State Warriors,21500083,2015-11-06T00:00:00,GSW vs. DEN,W,30.2,5.0,0.0,8.0,4.0,15.0,6.0,12.0,30.0,0.0,1.0,0.0,0.0,31.7,1,1,1,1,7336,1603,10158,280,8599,23079,13237,22259,4541,8004,17214,1,18762,5088,1.0,30:13,2015,2016
2015-16,1626143,Jahlil Okafor,Jahlil,1610612755,PHI,Philadelphia 76ers,21500078,2015-11-06T00:00:00,PHI @ CLE,L,37.1,2.0,0.0,2.0,12.0,16.0,11.0,20.0,38.0,0.0,0.0,3.0,5.0,27.7,1,13074,13074,13074,2045,6026,10158,4675,988,23774,21814,25599,1422,8004,1,17641,1539,7008,1.0,37:04,2015,2016
2015-16,201973,Jonas Jerebko,Jonas,1610612738,BOS,Boston Celtics,21500076,2015-11-06T00:00:00,BOS vs. WAS,W,19.9,2.0,2.0,0.0,0.0,2.0,4.0,7.0,12.0,0.0,0.0,2.0,3.0,13.4,1,1,1,1,16026,6026,4731,9917,18861,2619,8458,15538,18637,8004,1,11390,4736,16614,1.0,19:52,2015,2016
2015-16,202323,Evan Turner,Evan,1610612738,BOS,Boston Celtics,21500076,2015-11-06T00:00:00,BOS vs. WAS,W,29.5,5.0,0.0,4.0,8.0,8.0,5.0,5.0,18.0,0.0,1.0,3.0,2.0,33.2,1,1,1,1,7936,1603,10158,1913,3109,13914,11469,11593,13577,8004,17214,17641,7786,4462,1.0,29:33,2015,2016
2015-16,203477,Isaiah Canaan,Isaiah,1610612755,PHI,Philadelphia 76ers,21500078,2015-11-06T00:00:00,PHI @ CLE,L,21.5,2.0,0.0,0.0,2.0,0.0,5.0,0.0,8.0,0.0,0.0,1.0,6.0,22.0,1,13074,13074,13074,14578,6026,10158,9917,12984,1,11469,1,21543,8004,1,4972,873,10388,1.0,21:31,2015,2016
2015-16,1626170,Jerian Grant,Jerian,1610612752,NYK,New York Knicks,21500079,2015-11-06T00:00:00,NYK vs. MIL,L,23.4,2.0,0.0,8.0,4.0,4.0,8.0,0.0,14.0,0.0,0.0,4.0,6.0,16.9,1,13074,13074,13074,13052,6026,10158,280,8599,6141,17345,1,17019,8004,1,22104,873,13911,1.0,23:23,2015,2016
2015-16,202699,Tobias Harris,Tobias,1610612753,ORL,Orlando Magic,21500075,2015-11-06T00:00:00,ORL vs. TOR,W,36.1,4.0,2.0,2.0,10.0,11.0,14.0,8.0,28.0,0.0,0.0,2.0,2.0,32.8,1,1,1,1,2656,2460,4731,4675,1840,18886,24300,17194,5824,8004,1,11390,7786,4609,1.0,36:07,2015,2016
2015-16,101162,Marcin Gortat,Marcin,1610612764,WAS,Washington Wizards,21500076,2015-11-06T00:00:00,WAS @ BOS,L,25.6,0.0,0.0,4.0,8.0,7.0,9.0,9.0,20.0,3.0,0.0,2.0,4.0,38.1,1,13074,13074,13074,11194,12059,10158,1913,3109,12242,19144,18829,11929,347,1,11390,2748,2879,1.0,25:37,2015,2016
2015-16,203463,Ben McLemore,Ben,1610612758,SAC,Sacramento Kings,21500084,2015-11-06T00:00:00,SAC vs. HOU,L,22.6,9.0,0.0,6.0,4.0,9.0,8.0,20.0,24.0,0.0,0.0,2.0,4.0,27.8,1,13074,13074,13074,13660,171,10158,740,8599,15771,17345,25599,8723,8004,1,11390,2748,6950,1.0,22:38,2015,2016
2015-16,200782,P.J. Tucker,P.J.,1610612756,PHX,Phoenix Suns,21500082,2015-11-06T00:00:00,PHX vs. DET,L,33.8,0.0,2.0,0.0,2.0,9.0,4.0,7.0,30.0,0.0,0.0,2.0,1.0,22.0,1,13074,13074,13074,4550,12059,4731,9917,12984,15771,8458,15538,4541,8004,1,11390,12373,10388,1.0,33:45,2015,2016
2015-16,202349,Greivis Vasquez,Greivis,1610612749,MIL,Milwaukee Bucks,21500079,2015-11-06T00:00:00,MIL @ NYK,W,30.5,0.0,0.0,0.0,2.0,6.0,16.0,14.0,30.0,0.0,1.0,2.0,0.0,22.3,1,1,1,1,7069,12059,10158,9917,12984,10028,25155,23710,4541,8004,17214,11390,18762,10208,1.0,30:33,2015,2016
2015-16,201942,DeMar DeRozan,DeMar,1610612761,TOR,Toronto Raptors,21500075,2015-11-06T00:00:00,TOR @ ORL,L,41.4,5.0,0.0,2.0,10.0,16.0,10.0,4.0,28.0,2.0,1.0,1.0,6.0,38.4,1,13074,13074,13074,406,1603,10158,4675,1840,23774,20509,8806,5824,932,17214,4972,873,2802,1.0,41:23,2015,2016
2015-16,202704,Reggie Jackson,Reggie,1610612765,DET,Detroit Pistons,21500082,2015-11-06T00:00:00,DET @ PHX,W,30.3,2.0,0.0,0.0,12.0,8.0,6.0,9.0,32.0,1.0,0.0,3.0,6.0,39.7,1,1,1,1,7249,6026,10158,9917,988,13914,13237,18829,3535,2692,1,17641,873,2451,1.0,30:19,2015,2016
2015-16,200768,Kyle Lowry,Kyle,1610612761,TOR,Toronto Raptors,21500075,2015-11-06T00:00:00,TOR @ ORL,L,31.7,4.0,5.0,6.0,4.0,16.0,8.0,4.0,22.0,0.0,1.0,3.0,6.0,27.5,1,13074,13074,13074,6120,2460,995,740,8599,23774,17345,8806,10265,8004,17214,17641,873,7137,1.0,31:44,2015,2016
2015-16,201567,Kevin Love,Kevin,1610612739,CLE,Cleveland Cavaliers,21500078,2015-11-06T00:00:00,CLE vs. PHI,W,33.8,0.0,0.0,0.0,4.0,12.0,4.0,10.0,40.0,0.0,1.0,2.0,2.0,32.8,1,1,1,1,4519,12059,10158,9917,8599,20178,8458,20169,983,8004,17214,11390,7786,4609,1.0,33:47,2015,2016
2015-16,1626169,Stanley Johnson,Stanley,1610612765,DET,Detroit Pistons,21500082,2015-11-06T00:00:00,DET @ PHX,W,22.5,2.0,0.0,2.0,4.0,2.0,7.0,3.0,14.0,0.0,1.0,5.0,1.0,14.0,1,1,1,1,13781,6026,10158,4675,8599,2619,15642,7328,17019,8004,17214,24686,12373,16166,1.0,22:28,2015,2016
2015-16,2590,Mo Williams,Mo,1610612739,CLE,Cleveland Cavaliers,21500078,2015-11-06T00:00:00,CLE vs. PHI,W,30.5,4.0,2.0,2.0,2.0,8.0,4.0,8.0,34.0,0.0,0.0,2.0,1.0,34.4,1,1,1,1,7072,2460,4731,4675,12984,13914,8458,17194,2701,8004,1,11390,12373,4029,1.0,30:33,2015,2016
2015-16,201579,Roy Hibbert,Roy,1610612747,LAL,Los Angeles Lakers,21500077,2015-11-06T00:00:00,LAL @ BKN,W,26.9,0.0,0.0,0.0,2.0,15.0,9.0,16.0,36.0,3.0,1.0,4.0,0.0,18.9,1,1,1,1,10120,12059,10158,9917,12984,23079,19144,24641,1943,347,17214,22104,18762,12513,1.0,26:53,2015,2016
2015-16,2592,James Jones,James,1610612739,CLE,Cleveland Cavaliers,21500078,2015-11-06T00:00:00,CLE vs. PHI,W,12.6,0.0,0.0,0.0,0.0,0.0,2.0,0.0,10.0,0.0,0.0,1.0,0.0,9.8,1,1,1,1,21218,12059,10158,9917,18861,1,3734,1,20209,8004,1,4972,18762,19331,1.0,12:35,2015,2016
2015-16,201585,Kosta Koufos,Kosta,1610612758,SAC,Sacramento Kings,21500084,2015-11-06T00:00:00,SAC vs. HOU,L,25.2,0.0,4.0,0.0,6.0,7.0,8.0,17.0,28.0,1.0,0.0,3.0,0.0,19.4,1,13074,13074,13074,11491,12059,1596,9917,5299,12242,17345,24967,5824,2692,1,17641,18762,12154,1.0,25:15,2015,2016
2015-16,201162,Jared Dudley,Jared,1610612764,WAS,Washington Wizards,21500076,2015-11-06T00:00:00,WAS @ BOS,L,27.1,0.0,3.0,0.0,0.0,19.0,11.0,13.0,30.0,0.0,0.0,0.0,1.0,18.9,1,13074,13074,13074,9897,12059,3104,9917,18861,25074,21814,23048,4541,8004,1,1,12373,12513,1.0,27:08,2015,2016
2015-16,203105,Festus Ezeli,Festus,1610612744,GSW,Golden State Warriors,21500083,2015-11-06T00:00:00,GSW vs. DEN,W,17.9,0.0,2.0,2.0,14.0,10.0,2.0,6.0,18.0,2.0,0.0,4.0,2.0,33.4,1,1,1,1,17617,12059,4731,4675,542,17370,3734,13388,13577,932,1,22104,7786,4384,1.0,17:52,2015,2016
2015-16,1626178,Rondae Hollis-Jefferson,Rondae,1610612751,BKN,Brooklyn Nets,21500077,2015-11-06T00:00:00,BKN vs. LAL,L,25.4,4.0,0.0,5.0,4.0,9.0,2.0,8.0,20.0,0.0,0.0,5.0,2.0,23.7,1,13074,13074,13074,11395,2460,10158,1277,8599,15771,3734,17194,11929,8004,1,24686,7786,9329,1.0,25:22,2015,2016
2015-16,201609,Goran Dragic,Goran,1610612748,MIA,Miami Heat,21500080,2015-11-06T00:00:00,MIA @ IND,L,30.6,5.0,0.0,4.0,6.0,9.0,10.0,6.0,18.0,0.0,1.0,4.0,1.0,14.4,1,13074,13074,13074,7021,1603,10158,1913,5299,15771,20509,13388,13577,8004,17214,22104,12373,15857,1.0,30:36,2015,2016
2015-16,201941,Jordan Hill,Jordan,1610612754,IND,Indiana Pacers,21500080,2015-11-06T00:00:00,IND vs. MIA,W,23.7,0.0,2.0,0.0,10.0,2.0,9.0,0.0,24.0,1.0,1.0,2.0,1.0,23.0,1,1,1,1,12798,12059,4731,9917,1840,2619,19144,1,8723,2692,17214,11390,12373,9760,1.0,23:44,2015,2016
2015-16,203114,Khris Middleton,Khris,1610612749,MIL,Milwaukee Bucks,21500079,2015-11-06T00:00:00,MIL @ NYK,W,38.2,0.0,2.0,0.0,0.0,11.0,18.0,9.0,32.0,0.0,0.0,5.0,4.0,23.0,1,1,1,1,1402,12059,4731,9917,18861,18886,25634,18829,3535,8004,1,24686,2748,9760,1.0,38:15,2015,2016
2015-16,2749,Jameer Nelson,Jameer,1610612743,DEN,Denver Nuggets,21500083,2015-11-06T00:00:00,DEN @ GSW,L,21.4,2.0,0.0,2.0,0.0,12.0,13.0,18.0,18.0,0.0,0.0,3.0,1.0,19.2,1,13074,13074,13074,14679,6026,10158,4675,18861,20178,23668,25228,13577,8004,1,17641,12373,12284,1.0,21:25,2015,2016
2015-16,201960,DeMarre Carroll,DeMarre,1610612761,TOR,Toronto Raptors,21500075,2015-11-06T00:00:00,TOR @ ORL,L,36.1,0.0,4.0,0.0,2.0,16.0,8.0,4.0,30.0,0.0,0.0,2.0,2.0,14.4,1,13074,13074,13074,2669,12059,1596,9917,12984,23774,17345,8806,4541,8004,1,11390,7786,15857,1.0,36:06,2015,2016
2015-16,203948,Johnny O'Bryant III,Johnny,1610612749,MIL,Milwaukee Bucks,21500079,2015-11-06T00:00:00,MIL @ NYK,W,16.3,4.0,1.0,0.0,4.0,6.0,10.0,9.0,24.0,0.0,0.0,3.0,3.0,14.6,1,1,1,1,18833,2460,9709,9917,8599,10028,20509,18829,8723,8004,1,17641,4736,15699,1.0,16:17,2015,2016
2015-16,101161,Amir Johnson,Amir,1610612738,BOS,Boston Celtics,21500076,2015-11-06T00:00:00,BOS vs. WAS,W,18.1,0.0,2.0,2.0,4.0,15.0,7.0,18.0,24.0,0.0,0.0,4.0,1.0,10.2,1,1,1,1,17402,12059,4731,4675,8599,23079,15642,25228,8723,8004,1,22104,12373,19003,1.0,18:08,2015,2016
2015-16,202682,Derrick Williams,Derrick,1610612752,NYK,New York Knicks,21500079,2015-11-06T00:00:00,NYK vs. MIL,L,20.1,0.0,4.0,4.0,6.0,7.0,7.0,0.0,20.0,0.0,2.0,1.0,5.0,19.2,1,13074,13074,13074,15834,12059,1596,1913,5299,12242,15642,1,11929,8004,23588,4972,1539,12284,1.0,20:06,2015,2016
2015-16,202389,Timofey Mozgov,Timofey,1610612739,CLE,Cleveland Cavaliers,21500078,2015-11-06T00:00:00,CLE vs. PHI,W,18.9,4.0,4.0,0.0,10.0,4.0,2.0,4.0,22.0,0.0,0.0,2.0,3.0,19.2,1,1,1,1,16820,2460,1596,9917,1840,6141,3734,8806,10265,8004,1,11390,4736,12284,1.0,18:51,2015,2016
2015-16,977,Kobe Bryant,Kobe,1610612747,LAL,Los Angeles Lakers,21500077,2015-11-06T00:00:00,LAL @ BKN,W,31.0,4.0,0.0,0.0,6.0,11.0,12.0,12.0,36.0,0.0,1.0,3.0,4.0,23.1,1,1,1,1,6692,2460,10158,9917,5299,18886,22832,22259,1943,8004,17214,17641,2748,9699,1.0,31:02,2015,2016
2015-16,202709,Cory Joseph,Cory,1610612761,TOR,Toronto Raptors,21500075,2015-11-06T00:00:00,TOR @ ORL,L,28.8,2.0,2.0,2.0,8.0,7.0,4.0,0.0,20.0,0.0,0.0,2.0,5.0,19.2,1,13074,13074,13074,8509,6026,4731,4675,3109,12242,8458,1,11929,8004,1,11390,1539,12284,1.0,28:50,2015,2016
2015-16,2738,Andre Iguodala,Andre,1610612744,GSW,Golden State Warriors,21500083,2015-11-06T00:00:00,GSW vs. DEN,W,23.1,0.0,0.0,0.0,2.0,8.0,1.0,11.0,20.0,1.0,0.0,2.0,1.0,23.9,1,1,1,1,13268,12059,10158,9917,12984,13914,3393,21342,11929,2692,1,11390,12373,9184,1.0,23:07,2015,2016
2015-16,203458,Alex Len,Alex,1610612756,PHX,Phoenix Suns,21500082,2015-11-06T00:00:00,PHX vs. DET,L,8.9,0.0,2.0,0.0,2.0,6.0,2.0,2.0,8.0,0.0,0.0,2.0,2.0,10.4,1,13074,13074,13074,22898,12059,4731,9917,12984,10028,3734,4025,21543,8004,1,11390,7786,18859,1.0,8:51,2015,2016
2015-16,202693,Markieff Morris,Markieff,1610612756,PHX,Phoenix Suns,21500082,2015-11-06T00:00:00,PHX vs. DET,L,30.4,2.0,4.0,0.0,14.0,5.0,4.0,3.0,28.0,0.0,1.0,4.0,5.0,25.8,1,13074,13074,13074,7155,6026,1596,9917,542,8403,8458,7328,5824,8004,17214,22104,1539,8022,1.0,30:26,2015,2016
2015-16,200765,Rajon Rondo,Rajon,1610612758,SAC,Sacramento Kings,21500084,2015-11-06T00:00:00,SAC vs. HOU,L,24.4,4.0,2.0,2.0,8.0,9.0,2.0,22.0,22.0,0.0,1.0,1.0,2.0,34.1,1,13074,13074,13074,12210,2460,4731,4675,3109,15771,3734,25811,10265,8004,17214,4972,7786,4124,1.0,24:24,2015,2016
2015-16,2733,Shaun Livingston,Shaun,1610612744,GSW,Golden State Warriors,21500083,2015-11-06T00:00:00,GSW vs. DEN,W,18.6,0.0,0.0,2.0,2.0,8.0,3.0,7.0,12.0,1.0,0.0,2.0,0.0,9.8,1,1,1,1,17042,12059,10158,4675,12984,13914,7138,15538,18637,2692,1,11390,18762,19331,1.0,18:34,2015,2016
2015-16,203124,Kyle O'Quinn,Kyle,1610612752,NYK,New York Knicks,21500079,2015-11-06T00:00:00,NYK vs. MIL,L,16.9,2.0,2.0,0.0,4.0,4.0,6.0,0.0,14.0,3.0,0.0,1.0,0.0,19.0,1,13074,13074,13074,18369,6026,4731,9917,8599,6141,13237,1,17019,347,1,4972,18762,12440,1.0,16:52,2015,2016
2015-16,2772,Trevor Ariza,Trevor,1610612745,HOU,Houston Rockets,21500084,2015-11-06T00:00:00,HOU @ SAC,W,37.3,8.0,5.0,4.0,4.0,19.0,17.0,10.0,38.0,0.0,0.0,4.0,3.0,34.1,1,1,1,1,1871,308,995,1913,8599,25074,25429,20169,1422,8004,1,22104,4736,4124,1.0,37:20,2015,2016
2015-16,201952,Jeff Teague,Jeff,1610612737,ATL,Atlanta Hawks,21500081,2015-11-06T00:00:00,ATL @ NOP,W,31.9,6.0,2.0,8.0,8.0,10.0,12.0,12.0,28.0,1.0,4.0,2.0,6.0,34.9,1,1,1,1,5994,878,4731,280,3109,17370,22832,22259,5824,2692,25926,11390,873,3845,1.0,31:53,2015,2016
2015-16,203521,Matthew Dellavedova,Matthew,1610612739,CLE,Cleveland Cavaliers,21500078,2015-11-06T00:00:00,CLE vs. PHI,W,25.9,0.0,2.0,0.0,2.0,6.0,2.0,6.0,26.0,0.0,1.0,4.0,1.0,14.7,1,1,1,1,10932,12059,4731,9917,12984,10028,3734,13388,7214,8004,17214,22104,12373,15631,1.0,25:54,2015,2016
2015-16,2743,Kris Humphries,Kris,1610612764,WAS,Washington Wizards,21500076,2015-11-06T00:00:00,WAS @ BOS,L,20.9,3.0,0.0,3.0,0.0,5.0,7.0,5.0,18.0,1.0,0.0,3.0,2.0,19.2,1,13074,13074,13074,15170,4307,10158,3302,18861,8403,15642,11593,13577,2692,1,17641,7786,12284,1.0,20:52,2015,2016
2015-16,201951,Ty Lawson,Ty,1610612745,HOU,Houston Rockets,21500084,2015-11-06T00:00:00,HOU @ SAC,W,40.9,2.0,0.0,5.0,4.0,26.0,10.0,21.0,42.0,0.0,1.0,4.0,0.0,25.0,1,1,1,1,504,6026,10158,1277,8599,25979,20509,25725,670,8004,17214,22104,18762,8485,1.0,40:55,2015,2016
2015-16,2548,Dwyane Wade,Dwyane,1610612748,MIA,Miami Heat,21500080,2015-11-06T00:00:00,MIA @ IND,L,29.7,0.0,2.0,0.0,8.0,9.0,7.0,6.0,22.0,1.0,0.0,2.0,1.0,25.2,1,13074,13074,13074,7809,12059,4731,9917,3109,15771,15642,13388,10265,2692,1,11390,12373,8383,1.0,29:42,2015,2016
2015-16,2207,Joe Johnson,Joe,1610612751,BKN,Brooklyn Nets,21500077,2015-11-06T00:00:00,BKN vs. LAL,L,38.1,5.0,0.0,6.0,8.0,13.0,4.0,8.0,34.0,1.0,0.0,2.0,3.0,34.6,1,13074,13074,13074,1453,1603,10158,740,3109,21300,8458,17194,2701,2692,1,11390,4736,3963,1.0,38:08,2015,2016
2015-16,200752,Rudy Gay,Rudy,1610612758,SAC,Sacramento Kings,21500084,2015-11-06T00:00:00,SAC vs. HOU,L,25.7,2.0,1.0,0.0,8.0,10.0,9.0,13.0,20.0,0.0,2.0,4.0,3.0,25.0,1,13074,13074,13074,11157,6026,9709,9917,3109,17370,19144,23048,11929,8004,23588,22104,4736,8485,1.0,25:39,2015,2016
2015-16,203903,Jordan Clarkson,Jordan,1610612747,LAL,Los Angeles Lakers,21500077,2015-11-06T00:00:00,LAL @ BKN,W,32.8,1.0,0.0,2.0,10.0,15.0,14.0,16.0,42.0,0.0,0.0,2.0,7.0,25.9,1,1,1,1,5286,11535,10158,4675,1840,23079,24300,24641,670,8004,1,11390,469,7960,1.0,32:47,2015,2016
2015-16,203949,James Michael McAdoo,James Michael,1610612744,GSW,Golden State Warriors,21500083,2015-11-06T00:00:00,GSW vs. DEN,W,9.9,0.0,0.0,3.0,2.0,4.0,2.0,6.0,6.0,0.0,2.0,0.0,2.0,9.9,1,1,1,1,22492,12059,10158,3302,12984,6141,3734,13388,22724,8004,23588,1,7786,19247,1.0,9:54,2015,2016
2015-16,201156,Nick Young,Nick,1610612747,LAL,Los Angeles Lakers,21500077,2015-11-06T00:00:00,LAL @ BKN,W,15.6,2.0,0.0,2.0,2.0,2.0,2.0,0.0,10.0,1.0,0.0,1.0,2.0,14.2,1,1,1,1,19317,6026,10158,4675,12984,2619,3734,1,20209,2692,1,4972,7786,16003,1.0,15:39,2015,2016
2015-16,201573,Jerryd Bayless,Jerryd,1610612749,MIL,Milwaukee Bucks,21500079,2015-11-06T00:00:00,MIL @ NYK,W,27.8,2.0,0.0,2.0,2.0,6.0,17.0,12.0,26.0,0.0,0.0,3.0,0.0,14.4,1,1,1,1,9366,6026,10158,4675,12984,10028,25429,22259,7214,8004,1,17641,18762,15857,1.0,27:49,2015,2016
2015-16,101141,Ersan Ilyasova,Ersan,1610612765,DET,Detroit Pistons,21500082,2015-11-06T00:00:00,DET @ PHX,W,21.3,0.0,0.0,0.0,2.0,4.0,2.0,4.0,22.0,1.0,1.0,2.0,4.0,14.8,1,1,1,1,14763,12059,10158,9917,12984,6141,3734,8806,10265,2692,17214,11390,2748,15561,1.0,21:19,2015,2016
2015-16,2210,Richard Jefferson,Richard,1610612739,CLE,Cleveland Cavaliers,21500078,2015-11-06T00:00:00,CLE vs. PHI,W,29.1,0.0,0.0,4.0,8.0,8.0,4.0,6.0,32.0,0.0,0.0,3.0,1.0,19.2,1,1,1,1,8315,12059,10158,1913,3109,13914,8458,13388,3535,8004,1,17641,12373,12284,1.0,29:04,2015,2016
2015-16,2546,Carmelo Anthony,Carmelo,1610612752,NYK,New York Knicks,21500079,2015-11-06T00:00:00,NYK vs. MIL,L,33.8,2.0,3.0,0.0,6.0,19.0,12.0,8.0,34.0,0.0,1.0,2.0,2.0,25.8,1,13074,13074,13074,4509,6026,3104,9917,5299,25074,22832,17194,2701,8004,17214,11390,7786,8022,1.0,33:48,2015,2016
2015-16,203944,Julius Randle,Julius,1610612747,LAL,Los Angeles Lakers,21500077,2015-11-06T00:00:00,LAL @ BKN,W,32.0,2.0,0.0,4.0,8.0,15.0,14.0,16.0,42.0,1.0,1.0,2.0,3.0,29.9,1,1,1,1,5912,6026,10158,1913,3109,23079,24300,24641,670,2692,17214,11390,4736,5884,1.0,31:58,2015,2016
2015-16,202355,Hassan Whiteside,Hassan,1610612748,MIA,Miami Heat,21500080,2015-11-06T00:00:00,MIA @ IND,L,33.1,0.0,2.0,0.0,8.0,9.0,10.0,6.0,24.0,4.0,1.0,1.0,3.0,36.4,1,13074,13074,13074,5040,12059,4731,9917,3109,15771,20509,13388,8723,132,17214,4972,4736,3353,1.0,33:07,2015,2016
2015-16,202498,Lance Thomas,Lance,1610612752,NYK,New York Knicks,21500079,2015-11-06T00:00:00,NYK vs. MIL,L,17.5,0.0,0.0,0.0,2.0,4.0,4.0,2.0,16.0,0.0,1.0,1.0,1.0,7.4,1,13074,13074,13074,17916,12059,10158,9917,12984,6141,8458,4025,15259,8004,17214,4972,12373,20912,1.0,17:28,2015,2016
2015-16,203933,T.J. Warren,T.J.,1610612756,PHX,Phoenix Suns,21500082,2015-11-06T00:00:00,PHX vs. DET,L,16.5,0.0,2.0,1.0,4.0,10.0,4.0,5.0,16.0,0.0,0.0,3.0,3.0,11.6,1,13074,13074,13074,18675,12059,4731,9347,8599,17370,8458,11593,15259,8004,1,17641,4736,17970,1.0,16:28,2015,2016
2015-16,201572,Brook Lopez,Brook,1610612751,BKN,Brooklyn Nets,21500077,2015-11-06T00:00:00,BKN vs. LAL,L,38.7,2.0,5.0,0.0,14.0,18.0,4.0,9.0,28.0,4.0,1.0,3.0,5.0,46.5,1,13074,13074,13074,1196,6026,995,9917,542,24749,8458,18829,5824,132,17214,17641,1539,1137,1.0,38:41,2015,2016
2015-16,202331,Paul George,Paul,1610612754,IND,Indiana Pacers,21500080,2015-11-06T00:00:00,IND vs. MIA,W,37.9,7.0,8.0,4.0,6.0,18.0,8.0,6.0,30.0,1.0,1.0,0.0,7.0,62.9,1,1,1,1,1559,548,137,1913,5299,24749,17345,13388,4541,2692,17214,1,469,123,1.0,37:53,2015,2016
2015-16,203473,Dewayne Dedmon,Dewayne,1610612753,ORL,Orlando Magic,21500075,2015-11-06T00:00:00,ORL vs. TOR,W,30.2,4.0,3.0,0.0,6.0,13.0,18.0,10.0,28.0,3.0,1.0,6.0,4.0,24.3,1,1,1,1,7395,2460,3104,9917,5299,21300,25634,20169,5824,347,17214,25827,2748,8939,1.0,30:10,2015,2016
2015-16,2594,Kyle Korver,Kyle,1610612737,ATL,Atlanta Hawks,21500081,2015-11-06T00:00:00,ATL @ NOP,W,33.0,3.0,0.0,0.0,4.0,15.0,6.0,17.0,28.0,1.0,0.0,2.0,1.0,49.9,1,1,1,1,5122,4307,10158,9917,8599,23079,13237,24967,5824,2692,1,11390,12373,765,1.0,33:01,2015,2016
2015-16,2547,Chris Bosh,Chris,1610612748,MIA,Miami Heat,21500080,2015-11-06T00:00:00,MIA @ IND,L,35.2,6.0,4.0,2.0,6.0,5.0,9.0,4.0,16.0,1.0,1.0,0.0,5.0,43.2,1,13074,13074,13074,3413,878,1596,4675,5299,8403,19144,8806,15259,2692,17214,1,1539,1699,1.0,35:10,2015,2016
2015-16,1626159,Justise Winslow,Justise,1610612748,MIA,Miami Heat,21500080,2015-11-06T00:00:00,MIA @ IND,L,30.9,2.0,2.0,0.0,8.0,2.0,8.0,0.0,20.0,0.0,1.0,5.0,1.0,24.1,1,13074,13074,13074,6846,6026,4731,9917,3109,2619,17345,1,11929,8004,17214,24686,12373,9068,1.0,30:52,2015,2016
2015-16,201939,Stephen Curry,Stephen,1610612744,GSW,Golden State Warriors,21500083,2015-11-06T00:00:00,GSW vs. DEN,W,34.7,9.0,3.0,6.0,8.0,13.0,5.0,12.0,34.0,1.0,0.0,1.0,6.0,65.4,1,1,1,1,3826,171,3104,740,3109,21300,11469,22259,2701,2692,1,4972,873,89,1.0,34:39,2015,2016
2015-16,1626144,Emmanuel Mudiay,Emmanuel,1610612743,DEN,Denver Nuggets,21500083,2015-11-06T00:00:00,DEN @ GSW,L,30.4,3.0,0.0,0.0,10.0,10.0,12.0,16.0,30.0,1.0,2.0,3.0,3.0,36.3,1,13074,13074,13074,7196,4307,10158,9917,1840,17370,22832,24641,4541,2692,23588,17641,4736,3380,1.0,30:23,2015,2016
2015-16,201977,Marcus Thornton,Marcus,1610612745,HOU,Houston Rockets,21500084,2015-11-06T00:00:00,HOU @ SAC,W,42.2,0.0,4.0,6.0,4.0,25.0,14.0,21.0,44.0,0.0,0.0,5.0,0.0,29.4,1,1,1,1,280,12059,1596,740,8599,25944,24300,25725,454,8004,1,24686,18762,6143,1.0,42:14,2015,2016
2015-16,203484,Kentavious Caldwell-Pope,Kentavious,1610612765,DET,Detroit Pistons,21500082,2015-11-06T00:00:00,DET @ PHX,W,35.9,5.0,0.0,4.0,8.0,8.0,10.0,9.0,38.0,0.0,0.0,1.0,1.0,23.9,1,1,1,1,2806,1603,10158,1913,3109,13914,20509,18829,1422,8004,1,4972,12373,9184,1.0,35:56,2015,2016
2015-16,202702,Kenneth Faried,Kenneth,1610612743,DEN,Denver Nuggets,21500083,2015-11-06T00:00:00,DEN @ GSW,L,21.4,2.0,2.0,4.0,8.0,5.0,10.0,12.0,24.0,1.0,0.0,2.0,2.0,24.7,1,13074,13074,13074,14708,6026,4731,1913,3109,8403,20509,22259,8723,2692,1,11390,7786,8673,1.0,21:23,2015,2016
2015-16,201568,Danilo Gallinari,Danilo,1610612743,DEN,Denver Nuggets,21500083,2015-11-06T00:00:00,DEN @ GSW,L,34.5,2.0,2.0,2.0,6.0,15.0,18.0,21.0,40.0,0.0,0.0,1.0,6.0,29.1,1,13074,13074,13074,3955,6026,4731,4675,5299,23079,25634,25725,983,8004,1,4972,873,6285,1.0,34:29,2015,2016
2015-16,101133,Ian Mahinmi,Ian,1610612754,IND,Indiana Pacers,21500080,2015-11-06T00:00:00,IND vs. MIA,W,25.3,0.0,0.0,0.0,4.0,13.0,4.0,4.0,18.0,3.0,2.0,3.0,1.0,24.2,1,1,1,1,11456,12059,10158,9917,8599,21300,8458,8806,13577,347,23588,17641,12373,9009,1.0,25:17,2015,2016
2015-16,203078,Bradley Beal,Bradley,1610612764,WAS,Washington Wizards,21500076,2015-11-06T00:00:00,WAS @ BOS,L,30.6,3.0,3.0,5.0,8.0,14.0,9.0,16.0,34.0,1.0,1.0,1.0,1.0,37.0,1,13074,13074,13074,7020,4307,3104,1277,3109,22292,19144,24641,2701,2692,17214,4972,12373,3182,1.0,30:36,2015,2016
2015-16,202688,Brandon Knight,Brandon,1610612756,PHX,Phoenix Suns,21500082,2015-11-06T00:00:00,PHX vs. DET,L,38.7,6.0,5.0,6.0,8.0,12.0,6.0,8.0,40.0,2.0,0.0,1.0,3.0,35.9,1,13074,13074,13074,1178,878,995,740,3109,20178,13237,17194,983,932,1,4972,4736,3505,1.0,38:43,2015,2016
2015-16,202694,Marcus Morris Sr.,Marcus,1610612765,DET,Detroit Pistons,21500082,2015-11-06T00:00:00,DET @ PHX,W,39.2,7.0,2.0,5.0,8.0,6.0,17.0,6.0,40.0,0.0,0.0,1.0,5.0,35.2,1,1,1,1,990,548,4731,1277,3109,10028,25429,13388,983,8004,1,4972,1539,3745,1.0,39:12,2015,2016
2015-16,201935,James Harden,James,1610612745,HOU,Houston Rockets,21500084,2015-11-06T00:00:00,HOU @ SAC,W,41.9,7.0,2.0,12.0,14.0,22.0,17.0,16.0,48.0,0.0,0.0,0.0,10.0,68.7,1,1,1,1,331,548,4731,42,542,25683,25429,24641,192,8004,1,1,76,59,1.0,41:51,2015,2016
2015-16,203457,Nerlens Noel,Nerlens,1610612755,PHI,Philadelphia 76ers,21500078,2015-11-06T00:00:00,PHI @ CLE,L,35.7,0.0,0.0,2.0,16.0,12.0,8.0,14.0,26.0,2.0,0.0,1.0,2.0,53.4,1,13074,13074,13074,2985,12059,10158,4675,275,20178,17345,23710,7214,932,1,4972,7786,499,1.0,35:41,2015,2016
2015-16,2544,LeBron James,LeBron,1610612739,CLE,Cleveland Cavaliers,21500078,2015-11-06T00:00:00,CLE vs. PHI,W,36.3,8.0,5.0,14.0,12.0,10.0,4.0,8.0,36.0,0.0,1.0,1.0,6.0,59.3,1,1,1,1,2520,308,995,20,988,17370,8458,17194,1943,8004,17214,4972,873,230,1.0,36:20,2015,2016
2015-16,202685,Jonas Valančiūnas,Jonas,1610612761,TOR,Toronto Raptors,21500075,2015-11-06T00:00:00,TOR @ ORL,L,23.0,5.0,2.0,0.0,6.0,7.0,5.0,0.0,8.0,2.0,0.0,3.0,3.0,29.6,1,13074,13074,13074,13358,1603,4731,9917,5299,12242,11469,1,21543,932,1,17641,4736,6050,1.0,23:02,2015,2016
2015-16,202397,Ish Smith,Ish,1610612740,NOP,New Orleans Pelicans,21500081,2015-11-06T00:00:00,NOP vs. ATL,L,34.1,4.0,0.0,2.0,6.0,11.0,10.0,8.0,30.0,0.0,1.0,2.0,2.0,35.3,1,13074,13074,13074,4260,2460,10158,4675,5299,18886,20509,17194,4541,8004,17214,11390,7786,3719,1.0,34:07,2015,2016
2015-16,203110,Draymond Green,Draymond,1610612744,GSW,Golden State Warriors,21500083,2015-11-06T00:00:00,GSW vs. DEN,W,33.1,0.0,7.0,0.0,6.0,15.0,6.0,12.0,32.0,1.0,0.0,3.0,3.0,35.8,1,1,1,1,5079,12059,292,9917,5299,23079,13237,22259,3535,2692,1,17641,4736,3541,1.0,33:03,2015,2016
2015-16,203109,Jae Crowder,Jae,1610612738,BOS,Boston Celtics,21500076,2015-11-06T00:00:00,BOS vs. WAS,W,28.2,5.0,0.0,2.0,8.0,9.0,8.0,17.0,28.0,1.0,2.0,0.0,3.0,44.0,1,1,1,1,9048,1603,10158,4675,3109,15771,17345,24967,5824,2692,23588,1,4736,1559,1.0,28:14,2015,2016
2015-16,1626156,D'Angelo Russell,D'Angelo,1610612747,LAL,Los Angeles Lakers,21500077,2015-11-06T00:00:00,LAL @ BKN,W,23.4,4.0,2.0,0.0,2.0,9.0,8.0,12.0,32.0,0.0,1.0,1.0,1.0,28.8,1,1,1,1,13077,2460,4731,9917,12984,15771,17345,22259,3535,8004,17214,4972,12373,6465,1.0,23:21,2015,2016
2015-16,101127,Jarrett Jack,Jarrett,1610612751,BKN,Brooklyn Nets,21500077,2015-11-06T00:00:00,BKN vs. LAL,L,37.6,2.0,2.0,3.0,2.0,12.0,5.0,8.0,32.0,0.0,2.0,4.0,5.0,45.4,1,13074,13074,13074,1708,6026,4731,3302,12984,20178,11469,17194,3535,8004,23588,22104,1539,1291,1.0,37:35,2015,2016
2015-16,203482,Kelly Olynyk,Kelly,1610612738,BOS,Boston Celtics,21500076,2015-11-06T00:00:00,BOS vs. WAS,W,26.9,4.0,2.0,0.0,6.0,5.0,5.0,2.0,16.0,1.0,0.0,0.0,6.0,45.4,1,1,1,1,10096,2460,4731,9917,5299,8403,11469,4025,15259,2692,1,1,873,1291,1.0,26:55,2015,2016
2015-16,202339,Eric Bledsoe,Eric,1610612756,PHX,Phoenix Suns,21500082,2015-11-06T00:00:00,PHX vs. DET,L,37.1,0.0,0.0,2.0,12.0,12.0,4.0,7.0,36.0,0.0,2.0,6.0,4.0,35.4,1,13074,13074,13074,2040,12059,10158,4675,988,20178,8458,15538,1943,8004,23588,25827,2748,3684,1.0,37:04,2015,2016
2015-16,203076,Anthony Davis,Anthony,1610612740,NOP,New Orleans Pelicans,21500081,2015-11-06T00:00:00,NOP vs. ATL,L,41.4,7.0,6.0,7.0,14.0,17.0,8.0,15.0,42.0,3.0,1.0,5.0,10.0,79.5,1,13074,13074,13074,409,548,481,454,542,24337,17345,24242,670,347,17214,24686,76,6,1.0,41:23,2015,2016
2015-16,203914,Gary Harris,Gary,1610612743,DEN,Denver Nuggets,21500083,2015-11-06T00:00:00,DEN @ GSW,L,29.2,4.0,0.0,6.0,6.0,5.0,20.0,13.0,34.0,0.0,0.0,1.0,3.0,24.6,1,13074,13074,13074,8178,2460,10158,740,5299,8403,25875,23048,2701,8004,1,4972,4736,8724,1.0,29:15,2015,2016
2015-16,2581,Steve Blake,Steve,1610612765,DET,Detroit Pistons,21500082,2015-11-06T00:00:00,DET @ PHX,W,17.7,0.0,2.0,0.0,0.0,0.0,11.0,0.0,14.0,0.0,0.0,0.0,0.0,11.2,1,1,1,1,17765,12059,4731,9917,18861,1,21814,1,17019,8004,1,1,18762,18267,1.0,17:41,2015,2016
2015-16,201603,Sonny Weems,Sonny,1610612756,PHX,Phoenix Suns,21500082,2015-11-06T00:00:00,PHX vs. DET,L,5.7,0.0,0.0,0.0,0.0,5.0,2.0,2.0,4.0,0.0,0.0,1.0,0.0,1.4,1,13074,13074,13074,24095,12059,10158,9917,18861,8403,3734,4025,23698,8004,1,4972,18762,24615,1.0,5:42,2015,2016
2015-16,1626162,Kelly Oubre Jr.,Kelly,1610612764,WAS,Washington Wizards,21500076,2015-11-06T00:00:00,WAS @ BOS,L,14.4,0.0,0.0,2.0,6.0,4.0,7.0,2.0,12.0,0.0,0.0,3.0,2.0,11.4,1,13074,13074,13074,20147,12059,10158,4675,5299,6141,15642,4025,18637,8004,1,17641,7786,18134,1.0,14:26,2015,2016
2015-16,1626209,Mario Hezonja,Mario,1610612753,ORL,Orlando Magic,21500075,2015-11-06T00:00:00,ORL vs. TOR,W,21.5,0.0,0.0,2.0,2.0,8.0,12.0,5.0,10.0,0.0,0.0,0.0,1.0,10.5,1,1,1,1,14574,12059,10158,4675,12984,13914,22832,11593,20209,8004,1,1,12373,18808,1.0,21:32,2015,2016
2015-16,1626154,RJ Hunter,RJ,1610612738,BOS,Boston Celtics,21500076,2015-11-06T00:00:00,BOS vs. WAS,W,4.5,0.0,0.0,0.0,0.0,0.0,0.0,7.0,4.0,0.0,0.0,2.0,0.0,1.2,1,1,1,1,24530,12059,10158,9917,18861,1,1,15538,23698,8004,1,11390,18762,24661,1.0,4:32,2015,2016
2015-16,203552,Seth Curry,Seth,1610612758,SAC,Sacramento Kings,21500084,2015-11-06T00:00:00,SAC vs. HOU,L,15.2,3.0,0.0,3.0,2.0,8.0,11.0,5.0,10.0,0.0,0.0,0.0,1.0,11.0,1,13074,13074,13074,19653,4307,10158,3302,12984,13914,21814,11593,20209,8004,1,1,12373,18430,1.0,15:09,2015,2016
2015-16,203922,Glenn Robinson III,Glenn,1610612754,IND,Indiana Pacers,21500080,2015-11-06T00:00:00,IND vs. MIA,W,15.7,2.0,1.0,2.0,4.0,0.0,7.0,2.0,16.0,0.0,0.0,0.0,1.0,10.9,1,1,1,1,19289,6026,9709,4675,8599,1,15642,4025,15259,8004,1,1,12373,18498,1.0,15:41,2015,2016
2015-16,203499,Shane Larkin,Shane,1610612751,BKN,Brooklyn Nets,21500077,2015-11-06T00:00:00,BKN vs. LAL,L,10.4,0.0,0.0,0.0,0.0,7.0,0.0,2.0,6.0,0.0,0.0,4.0,1.0,1.7,1,13074,13074,13074,22272,12059,10158,9917,18861,12242,1,4025,22724,8004,1,22104,12373,24436,1.0,10:25,2015,2016
2015-16,203123,Kostas Papanikolaou,Kostas,1610612743,DEN,Denver Nuggets,21500083,2015-11-06T00:00:00,DEN @ GSW,L,1.8,0.0,0.0,0.0,0.0,0.0,0.0,0.0,0.0,0.0,0.0,0.0,0.0,1.2,1,13074,13074,13074,25600,12059,10158,9917,18861,1,1,1,25429,8004,1,1,18762,24661,1.0,1:46,2015,2016
2015-16,200751,Randy Foye,Randy,1610612743,DEN,Denver Nuggets,21500083,2015-11-06T00:00:00,DEN @ GSW,L,18.4,0.0,0.0,0.0,0.0,13.0,6.0,17.0,18.0,0.0,0.0,0.0,0.0,6.1,1,13074,13074,13074,17163,12059,10158,9917,18861,21300,13237,24967,13577,8004,1,1,18762,21845,1.0,18:25,2015,2016
2015-16,202087,Alonzo Gee,Alonzo,1610612740,NOP,New Orleans Pelicans,21500081,2015-11-06T00:00:00,NOP vs. ATL,L,4.3,0.0,0.0,0.0,0.0,2.0,2.0,2.0,8.0,0.0,1.0,0.0,0.0,1.2,1,13074,13074,13074,24618,12059,10158,9917,18861,2619,3734,4025,21543,8004,17214,1,18762,24661,1.0,4:17,2015,2016
2015-16,1626204,Larry Nance Jr.,Larry,1610612747,LAL,Los Angeles Lakers,21500077,2015-11-06T00:00:00,LAL @ BKN,W,15.6,0.0,0.0,1.0,0.0,2.0,2.0,0.0,10.0,0.0,1.0,3.0,2.0,11.0,1,1,1,1,19343,12059,10158,9347,18861,2619,3734,1,20209,8004,17214,17641,7786,18430,1.0,15:36,2015,2016
2015-16,202338,Kevin Seraphin,Kevin,1610612752,NYK,New York Knicks,21500079,2015-11-06T00:00:00,NYK vs. MIL,L,3.5,0.0,0.0,0.0,0.0,0.0,2.0,0.0,4.0,0.0,0.0,0.0,0.0,1.2,1,13074,13074,13074,24915,12059,10158,9917,18861,1,3734,1,23698,8004,1,1,18762,24661,1.0,3:31,2015,2016
2015-16,203118,Mike Scott,Mike,1610612737,ATL,Atlanta Hawks,21500081,2015-11-06T00:00:00,ATL @ NOP,W,13.8,0.0,2.0,0.0,4.0,9.0,0.0,9.0,14.0,0.0,0.0,1.0,2.0,10.9,1,1,1,1,20544,12059,4731,9917,8599,15771,1,18829,17019,8004,1,4972,7786,18498,1.0,13:47,2015,2016
2015-16,1626158,Richaun Holmes,Richaun,1610612755,PHI,Philadelphia 76ers,21500078,2015-11-06T00:00:00,PHI @ CLE,L,12.1,0.0,0.0,2.0,2.0,4.0,4.0,2.0,8.0,0.0,0.0,1.0,1.0,6.2,1,13074,13074,13074,21475,12059,10158,4675,12984,6141,8458,4025,21543,8004,1,4972,12373,21696,1.0,12:06,2015,2016
2015-16,201229,Anthony Tolliver,Anthony,1610612765,DET,Detroit Pistons,21500082,2015-11-06T00:00:00,DET @ PHX,W,25.1,0.0,0.0,0.0,0.0,4.0,15.0,5.0,24.0,0.0,0.0,2.0,2.0,11.2,1,1,1,1,11607,12059,10158,9917,18861,6141,24781,11593,8723,8004,1,11390,7786,18267,1.0,25:05,2015,2016
2015-16,201578,Marreese Speights,Marreese,1610612744,GSW,Golden State Warriors,21500083,2015-11-06T00:00:00,GSW vs. DEN,W,13.6,0.0,1.0,0.0,2.0,10.0,1.0,9.0,16.0,0.0,1.0,2.0,3.0,11.2,1,1,1,1,20648,12059,9709,9917,12984,17370,3393,18829,15259,8004,17214,11390,4736,18267,1.0,13:35,2015,2016
2015-16,201574,Jason Thompson,Jason,1610612744,GSW,Golden State Warriors,21500083,2015-11-06T00:00:00,GSW vs. DEN,W,7.1,0.0,0.0,2.0,2.0,3.0,2.0,4.0,8.0,0.0,0.0,2.0,0.0,1.2,1,1,1,1,23542,12059,10158,4675,12984,5109,3734,8806,21543,8004,1,11390,18762,24661,1.0,7:03,2015,2016
2015-16,1626179,Terry Rozier,Terry,1610612738,BOS,Boston Celtics,21500076,2015-11-06T00:00:00,BOS vs. WAS,W,19.4,0.0,2.0,0.0,0.0,0.0,3.0,9.0,14.0,0.0,0.0,2.0,1.0,10.7,1,1,1,1,16419,12059,4731,9917,18861,1,7138,18829,17019,8004,1,11390,12373,18636,1.0,19:22,2015,2016
2015-16,203925,Joe Harris,Joe,1610612739,CLE,Cleveland Cavaliers,21500078,2015-11-06T00:00:00,CLE vs. PHI,W,2.7,0.0,0.0,0.0,0.0,0.0,2.0,0.0,4.0,0.0,0.0,0.0,0.0,1.2,1,1,1,1,25257,12059,10158,9917,18861,1,3734,1,23698,8004,1,1,18762,24661,1.0,2:41,2015,2016
2015-16,202390,Gary Neal,Gary,1610612764,WAS,Washington Wizards,21500076,2015-11-06T00:00:00,WAS @ BOS,L,16.6,2.0,2.0,0.0,2.0,13.0,4.0,9.0,16.0,0.0,1.0,2.0,1.0,1.2,1,13074,13074,13074,18576,6026,4731,9917,12984,21300,8458,18829,15259,8004,17214,11390,12373,24661,1.0,16:36,2015,2016
2015-16,203960,JaKarr Sampson,JaKarr,1610612755,PHI,Philadelphia 76ers,21500078,2015-11-06T00:00:00,PHI @ CLE,L,10.0,0.0,0.0,0.0,2.0,0.0,6.0,2.0,10.0,0.0,0.0,4.0,1.0,9.4,1,13074,13074,13074,22420,12059,10158,9917,12984,1,13237,4025,20209,8004,1,22104,12373,19568,1.0,10:02,2015,2016
2015-16,200745,Andrea Bargnani,Andrea,1610612751,BKN,Brooklyn Nets,21500077,2015-11-06T00:00:00,BKN vs. LAL,L,9.6,0.0,0.0,0.0,0.0,1.0,1.0,1.0,10.0,0.0,1.0,4.0,1.0,-1.0,1,13074,13074,13074,22592,12059,10158,9917,18861,2356,3393,3646,20209,8004,17214,22104,12373,25932,1.0,9:35,2015,2016
2015-16,203092,Tyler Zeller,Tyler,1610612738,BOS,Boston Celtics,21500076,2015-11-06T00:00:00,BOS vs. WAS,W,4.5,0.0,2.0,0.0,4.0,0.0,0.0,7.0,4.0,0.0,0.0,2.0,1.0,9.4,1,1,1,1,24530,12059,4731,9917,8599,1,1,15538,23698,8004,1,11390,12373,19568,1.0,4:32,2015,2016
2015-16,101181,Jose Calderon,Jose,1610612752,NYK,New York Knicks,21500079,2015-11-06T00:00:00,NYK vs. MIL,L,16.1,0.0,0.0,0.0,0.0,12.0,4.0,6.0,20.0,0.0,0.0,2.0,0.0,8.9,1,13074,13074,13074,18942,12059,10158,9917,18861,20178,8458,13388,11929,8004,1,11390,18762,19914,1.0,16:08,2015,2016
2015-16,201155,Rodney Stuckey,Rodney,1610612754,IND,Indiana Pacers,21500080,2015-11-06T00:00:00,IND vs. MIA,W,10.4,0.0,0.0,0.0,2.0,3.0,5.0,4.0,12.0,0.0,1.0,0.0,0.0,8.7,1,1,1,1,22277,12059,10158,9917,12984,5109,11469,8806,18637,8004,17214,1,18762,20045,1.0,10:24,2015,2016
2015-16,201575,Brandon Rush,Brandon,1610612744,GSW,Golden State Warriors,21500083,2015-11-06T00:00:00,GSW vs. DEN,W,1.8,0.0,0.0,0.0,0.0,2.0,0.0,2.0,2.0,0.0,0.0,0.0,0.0,0.0,1,1,1,1,25600,12059,10158,9917,18861,2619,1,4025,24614,8004,1,1,18762,25170,1.0,1:46,2015,2016
2015-16,203934,Lamar Patterson,Lamar,1610612737,ATL,Atlanta Hawks,21500081,2015-11-06T00:00:00,ATL @ NOP,W,10.0,0.0,0.0,0.0,0.0,0.0,2.0,0.0,12.0,0.0,0.0,1.0,0.0,4.2,1,1,1,1,22438,12059,10158,9917,18861,1,3734,1,18637,8004,1,4972,18762,22976,1.0,10:01,2015,2016
2015-16,203932,Aaron Gordon,Aaron,1610612753,ORL,Orlando Magic,21500075,2015-11-06T00:00:00,ORL vs. TOR,W,11.8,0.0,2.0,0.0,2.0,5.0,0.0,2.0,6.0,1.0,0.0,2.0,1.0,13.3,1,1,1,1,21671,12059,4731,9917,12984,8403,1,4025,22724,2692,1,11390,12373,16712,1.0,11:50,2015,2016
2015-16,1626167,Myles Turner,Myles,1610612754,IND,Indiana Pacers,21500080,2015-11-06T00:00:00,IND vs. MIA,W,12.8,0.0,0.0,0.0,2.0,5.0,4.0,4.0,16.0,0.0,0.0,3.0,0.0,3.4,1,1,1,1,21103,12059,10158,9917,12984,8403,8458,8806,15259,8004,1,17641,18762,23417,1.0,12:45,2015,2016
2015-16,203101,Miles Plumlee,Miles,1610612749,MIL,Milwaukee Bucks,21500079,2015-11-06T00:00:00,MIL @ NYK,W,1.8,0.0,0.0,0.0,2.0,0.0,0.0,0.0,2.0,0.0,0.0,0.0,0.0,3.2,1,1,1,1,25594,12059,10158,9917,12984,1,1,1,24614,8004,1,1,18762,23473,1.0,1:47,2015,2016
2015-16,201581,JJ Hickson,JJ,1610612743,DEN,Denver Nuggets,21500083,2015-11-06T00:00:00,DEN @ GSW,L,6.8,2.0,1.0,0.0,2.0,5.0,8.0,5.0,8.0,1.0,0.0,2.0,1.0,7.2,1,13074,13074,13074,23644,6026,9709,9917,12984,8403,17345,11593,21543,2692,1,11390,12373,21035,1.0,6:46,2015,2016
2015-16,1626174,Christian Wood,Christian,1610612755,PHI,Philadelphia 76ers,21500078,2015-11-06T00:00:00,PHI @ CLE,L,0.7,0.0,0.0,0.0,0.0,0.0,0.0,0.0,0.0,0.0,0.0,0.0,0.0,0.0,1,13074,13074,13074,25925,12059,10158,9917,18861,1,1,1,25429,8004,1,1,18762,25170,1.0,0:45,2015,2016
2015-16,203515,Phil Pressey,Phil,1610612755,PHI,Philadelphia 76ers,21500078,2015-11-06T00:00:00,PHI @ CLE,L,7.5,0.0,0.0,0.0,0.0,2.0,0.0,2.0,4.0,0.0,0.0,0.0,1.0,6.7,1,13074,13074,13074,23383,12059,10158,9917,18861,2619,1,4025,23698,8004,1,1,12373,21376,1.0,7:31,2015,2016
2015-16,2760,Anderson Varejao,Anderson,1610612739,CLE,Cleveland Cavaliers,21500078,2015-11-06T00:00:00,CLE vs. PHI,W,6.9,0.0,0.0,0.0,2.0,4.0,4.0,2.0,10.0,0.0,0.0,1.0,1.0,4.0,1,1,1,1,23588,12059,10158,9917,12984,6141,8458,4025,20209,8004,1,4972,12373,23142,1.0,6:55,2015,2016
2015-16,202066,Garrett Temple,Garrett,1610612764,WAS,Washington Wizards,21500076,2015-11-06T00:00:00,WAS @ BOS,L,10.5,0.0,0.0,5.0,0.0,6.0,5.0,0.0,10.0,0.0,0.0,0.0,1.0,5.2,1,13074,13074,13074,22227,12059,10158,1277,18861,10028,11469,1,20209,8004,1,1,12373,22370,1.0,10:31,2015,2016
2015-16,201160,Jason Smith,Jason,1610612753,ORL,Orlando Magic,21500075,2015-11-06T00:00:00,ORL vs. TOR,W,7.5,0.0,0.0,0.0,0.0,3.0,0.0,0.0,6.0,0.0,0.0,3.0,0.0,3.6,1,1,1,1,23388,12059,10158,9917,18861,5109,1,1,22724,8004,1,17641,18762,23310,1.0,7:31,2015,2016
2015-16,2736,Luol Deng,Luol,1610612748,MIA,Miami Heat,21500080,2015-11-06T00:00:00,MIA @ IND,L,26.2,5.0,2.0,2.0,4.0,7.0,7.0,4.0,20.0,0.0,0.0,1.0,1.0,9.4,1,13074,13074,13074,10654,1603,4731,4675,8599,12242,15642,8806,11929,8004,1,4972,12373,19568,1.0,26:14,2015,2016
2015-16,201147,Corey Brewer,Corey,1610612745,HOU,Houston Rockets,21500084,2015-11-06T00:00:00,HOU @ SAC,W,16.6,0.0,2.0,2.0,2.0,27.0,5.0,21.0,26.0,0.0,0.0,3.0,2.0,8.7,1,1,1,1,18572,12059,4731,4675,12984,26014,11469,25725,7214,8004,1,17641,7786,20045,1.0,16:37,2015,2016
2015-16,203546,Ian Clark,Ian,1610612744,GSW,Golden State Warriors,21500083,2015-11-06T00:00:00,GSW vs. DEN,W,7.5,0.0,0.0,0.0,0.0,3.0,2.0,4.0,8.0,0.0,1.0,0.0,0.0,4.7,1,1,1,1,23384,12059,10158,9917,18861,5109,3734,8806,21543,8004,17214,1,18762,22672,1.0,7:31,2015,2016
2015-16,203141,Mirza Teletovic,Mirza,1610612756,PHX,Phoenix Suns,21500082,2015-11-06T00:00:00,PHX vs. DET,L,8.7,0.0,0.0,0.0,0.0,7.0,2.0,6.0,10.0,0.0,0.0,0.0,0.0,4.2,1,13074,13074,13074,22950,12059,10158,9917,18861,12242,3734,13388,20209,8004,1,1,18762,22976,1.0,8:43,2015,2016
2015-16,203901,Elfrid Payton,Elfrid,1610612753,ORL,Orlando Magic,21500075,2015-11-06T00:00:00,ORL vs. TOR,W,15.1,0.0,0.0,0.0,0.0,10.0,9.0,7.0,16.0,0.0,0.0,2.0,0.0,3.4,1,1,1,1,19663,12059,10158,9917,18861,17370,19144,15538,15259,8004,1,11390,18762,23417,1.0,15:08,2015,2016
2015-16,201158,Marco Belinelli,Marco,1610612758,SAC,Sacramento Kings,21500084,2015-11-06T00:00:00,SAC vs. HOU,L,23.0,0.0,2.0,0.0,2.0,9.0,6.0,19.0,28.0,0.0,0.0,0.0,4.0,9.2,1,13074,13074,13074,13349,12059,4731,9917,12984,15771,13237,25435,5824,8004,1,1,2748,19680,1.0,23:02,2015,2016
2015-16,203200,Justin Holiday,Justin,1610612737,ATL,Atlanta Hawks,21500081,2015-11-06T00:00:00,ATL @ NOP,W,14.9,4.0,0.0,0.0,4.0,9.0,3.0,9.0,14.0,0.0,1.0,2.0,1.0,6.9,1,1,1,1,19811,2460,10158,9917,8599,15771,7138,18829,17019,8004,17214,11390,12373,21262,1.0,14:55,2015,2016
2015-16,202720,Jon Leuer,Jon,1610612756,PHX,Phoenix Suns,21500082,2015-11-06T00:00:00,PHX vs. DET,L,13.1,0.0,0.0,0.0,0.0,6.0,2.0,2.0,12.0,0.0,0.0,1.0,0.0,7.3,1,13074,13074,13074,20943,12059,10158,9917,18861,10028,3734,4025,18637,8004,1,4972,18762,21024,1.0,13:04,2015,2016
2015-16,203909,KJ McDaniels,KJ,1610612745,HOU,Houston Rockets,21500084,2015-11-06T00:00:00,HOU @ SAC,W,0.2,0.0,0.0,0.0,0.0,0.0,0.0,0.0,2.0,0.0,0.0,0.0,0.0,0.0,1,1,1,1,26023,12059,10158,9917,18861,1,1,1,24614,8004,1,1,18762,25170,1.0,0:10,2015,2016
2015-16,201978,Chase Budinger,Chase,1610612754,IND,Indiana Pacers,21500080,2015-11-06T00:00:00,IND vs. MIA,W,15.3,0.0,1.0,0.0,0.0,5.0,5.0,6.0,20.0,0.0,0.0,1.0,2.0,3.2,1,1,1,1,19570,12059,9709,9917,18861,8403,11469,13388,11929,8004,1,4972,7786,23473,1.0,15:17,2015,2016
2015-16,202687,Bismack Biyombo,Bismack,1610612761,TOR,Toronto Raptors,21500075,2015-11-06T00:00:00,TOR @ ORL,L,16.0,0.0,0.0,0.0,2.0,7.0,3.0,0.0,14.0,0.0,0.0,1.0,1.0,9.2,1,13074,13074,13074,19005,12059,10158,9917,12984,12242,7138,1,17019,8004,1,4972,12373,19680,1.0,16:02,2015,2016
2015-16,1626149,Montrezl Harrell,Montrezl,1610612745,HOU,Houston Rockets,21500084,2015-11-06T00:00:00,HOU @ SAC,W,6.6,0.0,0.0,1.0,2.0,10.0,0.0,9.0,12.0,0.0,2.0,1.0,1.0,3.4,1,1,1,1,23715,12059,10158,9347,12984,17370,1,18829,18637,8004,23588,4972,12373,23417,1.0,6:36,2015,2016
2015-16,203099,Jared Cunningham,Jared,1610612739,CLE,Cleveland Cavaliers,21500078,2015-11-06T00:00:00,CLE vs. PHI,W,20.2,0.0,0.0,0.0,0.0,4.0,2.0,2.0,18.0,0.0,1.0,2.0,0.0,4.7,1,1,1,1,15710,12059,10158,9917,18861,6141,3734,4025,13577,8004,17214,11390,18762,22672,1.0,20:13,2015,2016
2015-16,203461,Anthony Bennett,Anthony,1610612761,TOR,Toronto Raptors,21500075,2015-11-06T00:00:00,TOR @ ORL,L,5.5,0.0,2.0,0.0,0.0,5.0,0.0,4.0,10.0,0.0,0.0,0.0,1.0,9.2,1,13074,13074,13074,24160,12059,4731,9917,18861,8403,1,8806,20209,8004,1,1,12373,19680,1.0,5:30,2015,2016
2015-16,1626155,Sam Dekker,Sam,1610612745,HOU,Houston Rockets,21500084,2015-11-06T00:00:00,HOU @ SAC,W,0.2,0.0,0.0,0.0,0.0,0.0,0.0,0.0,2.0,0.0,0.0,0.0,0.0,0.0,1,1,1,1,26023,12059,10158,9917,18861,1,1,1,24614,8004,1,1,18762,25170,1.0,0:10,2015,2016
2015-16,101138,Brandon Bass,Brandon,1610612747,LAL,Los Angeles Lakers,21500077,2015-11-06T00:00:00,LAL @ BKN,W,3.5,0.0,0.0,0.0,2.0,0.0,0.0,0.0,4.0,0.0,0.0,0.0,0.0,3.2,1,1,1,1,24946,12059,10158,9917,12984,1,1,1,23698,8004,1,1,18762,23473,1.0,3:27,2015,2016
2015-16,1626175,Jordan Mickey,Jordan,1610612738,BOS,Boston Celtics,21500076,2015-11-06T00:00:00,BOS vs. WAS,W,3.3,0.0,3.0,0.0,2.0,0.0,0.0,5.0,0.0,1.0,0.0,0.0,1.0,7.2,1,1,1,1,25008,12059,3104,9917,12984,1,1,11593,25429,2692,1,1,12373,21035,1.0,3:17,2015,2016
2015-16,203142,Chris Copeland,Chris,1610612749,MIL,Milwaukee Bucks,21500079,2015-11-06T00:00:00,MIL @ NYK,W,8.7,0.0,0.0,0.0,0.0,0.0,1.0,5.0,6.0,0.0,2.0,0.0,1.0,3.9,1,1,1,1,22944,12059,10158,9917,18861,1,3393,11593,22724,8004,23588,1,12373,23225,1.0,8:44,2015,2016
2015-16,101145,Monta Ellis,Monta,1610612754,IND,Indiana Pacers,21500080,2015-11-06T00:00:00,IND vs. MIA,W,36.5,0.0,0.0,0.0,2.0,18.0,10.0,6.0,34.0,0.0,1.0,1.0,1.0,20.8,1,1,1,1,2427,12059,10158,9917,12984,24749,20509,13388,2701,8004,17214,4972,12373,11195,1.0,36:27,2015,2016
2015-16,2756,Sasha Vujacic,Sasha,1610612752,NYK,New York Knicks,21500079,2015-11-06T00:00:00,NYK vs. MIL,L,26.6,0.0,0.0,0.0,2.0,17.0,10.0,8.0,34.0,0.0,0.0,3.0,0.0,8.3,1,13074,13074,13074,10393,12059,10158,9917,12984,24337,20509,17194,2701,8004,1,17641,18762,20376,1.0,26:34,2015,2016
2015-16,202328,Greg Monroe,Greg,1610612749,MIL,Milwaukee Bucks,21500079,2015-11-06T00:00:00,MIL @ NYK,W,22.7,4.0,2.0,0.0,4.0,11.0,11.0,7.0,18.0,1.0,0.0,2.0,2.0,20.9,1,1,1,1,13601,2460,4731,9917,8599,18886,21814,15538,13577,2692,1,11390,7786,11132,1.0,22:43,2015,2016
2015-16,203490,Otto Porter Jr.,Otto,1610612764,WAS,Washington Wizards,21500076,2015-11-06T00:00:00,WAS @ BOS,L,23.9,5.0,2.0,2.0,2.0,11.0,11.0,9.0,24.0,0.0,1.0,4.0,1.0,16.7,1,13074,13074,13074,12702,1603,4731,4675,12984,18886,21814,18829,8723,8004,17214,22104,12373,14064,1.0,23:51,2015,2016
2015-16,202684,Tristan Thompson,Tristan,1610612739,CLE,Cleveland Cavaliers,21500078,2015-11-06T00:00:00,CLE vs. PHI,W,23.1,0.0,0.0,0.0,0.0,4.0,0.0,4.0,18.0,0.0,0.0,2.0,3.0,16.2,1,1,1,1,13280,12059,10158,9917,18861,6141,1,8806,13577,8004,1,11390,4736,14436,1.0,23:07,2015,2016
2015-16,101179,Ronnie Price,Ronnie,1610612756,PHX,Phoenix Suns,21500082,2015-11-06T00:00:00,PHX vs. DET,L,12.3,0.0,0.0,0.0,0.0,6.0,4.0,4.0,12.0,1.0,0.0,4.0,0.0,13.2,1,13074,13074,13074,21385,12059,10158,9917,18861,10028,8458,8806,18637,2692,1,22104,18762,16768,1.0,12:18,2015,2016
2015-16,101135,David Lee,David,1610612738,BOS,Boston Celtics,21500076,2015-11-06T00:00:00,BOS vs. WAS,W,12.6,0.0,0.0,0.0,2.0,0.0,3.0,0.0,6.0,0.0,1.0,3.0,1.0,7.6,1,1,1,1,21187,12059,10158,9917,12984,1,7138,1,22724,8004,17214,17641,12373,20803,1.0,12:39,2015,2016
2015-16,201228,C.J. Watson,C.J.,1610612753,ORL,Orlando Magic,21500075,2015-11-06T00:00:00,ORL vs. TOR,W,27.4,3.0,0.0,0.0,4.0,3.0,4.0,0.0,20.0,0.0,0.0,4.0,3.0,21.0,1,1,1,1,9720,4307,10158,9917,8599,5109,8458,1,11929,8004,1,22104,4736,11077,1.0,27:22,2015,2016
2015-16,203953,Jabari Parker,Jabari,1610612749,MIL,Milwaukee Bucks,21500079,2015-11-06T00:00:00,MIL @ NYK,W,17.5,2.0,2.0,2.0,6.0,3.0,7.0,0.0,12.0,0.0,0.0,1.0,0.0,7.7,1,1,1,1,17880,6026,4731,4675,5299,5109,15642,1,18637,8004,1,4972,18762,20733,1.0,17:31,2015,2016
2015-16,1891,Jason Terry,Jason,1610612745,HOU,Houston Rockets,21500084,2015-11-06T00:00:00,HOU @ SAC,W,13.3,0.0,0.0,0.0,0.0,20.0,9.0,15.0,22.0,0.0,0.0,0.0,0.0,2.2,1,1,1,1,20823,12059,10158,9917,18861,25338,19144,24242,10265,8004,1,1,18762,24138,1.0,13:16,2015,2016
2015-16,101112,Channing Frye,Channing,1610612753,ORL,Orlando Magic,21500075,2015-11-06T00:00:00,ORL vs. TOR,W,14.5,3.0,0.0,0.0,0.0,0.0,4.0,0.0,4.0,0.0,0.0,3.0,2.0,7.6,1,1,1,1,20132,4307,10158,9917,18861,1,8458,1,23698,8004,1,17641,7786,20803,1.0,14:27,2015,2016
2015-16,201961,Wayne Ellington,Wayne,1610612751,BKN,Brooklyn Nets,21500077,2015-11-06T00:00:00,BKN vs. LAL,L,12.3,0.0,0.0,0.0,0.0,8.0,3.0,2.0,6.0,0.0,0.0,1.0,2.0,3.2,1,13074,13074,13074,21373,12059,10158,9917,18861,13914,7138,4025,22724,8004,1,4972,7786,23473,1.0,12:20,2015,2016
2015-16,201967,Dante Cunningham,Dante,1610612740,NOP,New Orleans Pelicans,21500081,2015-11-06T00:00:00,NOP vs. ATL,L,22.5,0.0,0.0,0.0,2.0,9.0,0.0,9.0,24.0,0.0,1.0,3.0,1.0,13.1,1,13074,13074,13074,13737,12059,10158,9917,12984,15771,1,18829,8723,8004,17214,17641,12373,16874,1.0,22:32,2015,2016
2015-16,201177,Josh McRoberts,Josh,1610612748,MIA,Miami Heat,21500080,2015-11-06T00:00:00,MIA @ IND,L,16.6,0.0,0.0,0.0,2.0,2.0,2.0,2.0,8.0,0.0,0.0,1.0,1.0,15.9,1,13074,13074,13074,18545,12059,10158,9917,12984,2619,3734,4025,21543,8004,1,4972,12373,14675,1.0,16:38,2015,2016
2015-16,202341,James Anderson,James,1610612758,SAC,Sacramento Kings,21500084,2015-11-06T00:00:00,SAC vs. HOU,L,17.8,0.0,2.0,0.0,0.0,7.0,2.0,12.0,16.0,0.0,0.0,0.0,1.0,8.0,1,13074,13074,13074,17667,12059,4731,9917,18861,12242,3734,22259,15259,8004,1,1,12373,20564,1.0,17:48,2015,2016
2015-16,201588,George Hill,George,1610612754,IND,Indiana Pacers,21500080,2015-11-06T00:00:00,IND vs. MIA,W,40.0,0.0,0.0,0.0,0.0,13.0,15.0,6.0,34.0,0.0,0.0,3.0,5.0,18.0,1,1,1,1,737,12059,10158,9917,18861,21300,24781,13388,2701,8004,1,17641,1539,13164,1.0,39:58,2015,2016
2015-16,2199,Tyson Chandler,Tyson,1610612756,PHX,Phoenix Suns,21500082,2015-11-06T00:00:00,PHX vs. DET,L,34.9,0.0,2.0,0.0,4.0,12.0,6.0,9.0,34.0,0.0,0.0,5.0,3.0,18.0,1,13074,13074,13074,3579,12059,4731,9917,8599,20178,13237,18829,2701,8004,1,24686,4736,13164,1.0,34:57,2015,2016
2015-16,202337,Luke Babbitt,Luke,1610612740,NOP,New Orleans Pelicans,21500081,2015-11-06T00:00:00,NOP vs. ATL,L,29.3,0.0,0.0,0.0,8.0,13.0,2.0,9.0,24.0,0.0,0.0,5.0,1.0,18.3,1,13074,13074,13074,8132,12059,10158,9917,3109,21300,3734,18829,8723,8004,1,24686,12373,12952,1.0,29:17,2015,2016
2015-16,2449,Luis Scola,Luis,1610612761,TOR,Toronto Raptors,21500075,2015-11-06T00:00:00,TOR @ ORL,L,21.1,0.0,3.0,0.0,4.0,10.0,7.0,4.0,14.0,0.0,1.0,1.0,0.0,21.2,1,13074,13074,13074,14996,12059,3104,9917,8599,17370,15642,8806,17019,8004,17214,4972,18762,10936,1.0,21:04,2015,2016
2015-16,202335,Patrick Patterson,Patrick,1610612761,TOR,Toronto Raptors,21500075,2015-11-06T00:00:00,TOR @ ORL,L,21.6,0.0,0.0,0.0,0.0,8.0,3.0,0.0,12.0,1.0,1.0,3.0,0.0,8.6,1,13074,13074,13074,14490,12059,10158,9917,18861,13914,7138,1,18637,2692,17214,17641,18762,20125,1.0,21:38,2015,2016
2015-16,201577,Robin Lopez,Robin,1610612752,NYK,New York Knicks,21500079,2015-11-06T00:00:00,NYK vs. MIL,L,22.2,2.0,2.0,0.0,10.0,12.0,8.0,6.0,24.0,1.0,1.0,3.0,1.0,16.4,1,13074,13074,13074,13979,6026,4731,9917,1840,20178,17345,13388,8723,2692,17214,17641,12373,14289,1.0,22:14,2015,2016
2015-16,202711,Bojan Bogdanović,Bojan,1610612751,BKN,Brooklyn Nets,21500077,2015-11-06T00:00:00,BKN vs. LAL,L,22.1,0.0,2.0,0.0,2.0,10.0,1.0,4.0,18.0,0.0,0.0,2.0,0.0,8.2,1,13074,13074,13074,14062,12059,4731,9917,12984,17370,3393,8806,13577,8004,1,11390,18762,20416,1.0,22:09,2015,2016
2015-16,203082,Terrence Ross,Terrence,1610612761,TOR,Toronto Raptors,21500075,2015-11-06T00:00:00,TOR @ ORL,L,14.7,0.0,0.0,0.0,0.0,3.0,2.0,0.0,12.0,0.0,0.0,2.0,1.0,3.0,1,13074,13074,13074,19969,12059,10158,9917,18861,5109,3734,1,18637,8004,1,11390,12373,23648,1.0,14:41,2015,2016
2015-16,202340,Avery Bradley,Avery,1610612738,BOS,Boston Celtics,21500076,2015-11-06T00:00:00,BOS vs. WAS,W,25.6,0.0,3.0,0.0,0.0,17.0,9.0,20.0,30.0,0.0,0.0,1.0,1.0,13.0,1,1,1,1,11252,12059,3104,9917,18861,24337,19144,25599,4541,8004,1,4972,12373,16969,1.0,25:33,2015,2016
2015-16,2403,Nene,ene,1610612764,WAS,Washington Wizards,21500076,2015-11-06T00:00:00,WAS @ BOS,L,14.7,0.0,0.0,0.0,2.0,12.0,4.0,9.0,20.0,0.0,0.0,1.0,4.0,7.8,1,13074,13074,13074,19947,12059,10158,9917,12984,20178,8458,18829,11929,8004,1,4972,2748,20696,1.0,14:43,2015,2016
2015-16,203080,Thomas Robinson,Thomas,1610612751,BKN,Brooklyn Nets,21500077,2015-11-06T00:00:00,BKN vs. LAL,L,12.0,2.0,3.0,0.0,8.0,4.0,0.0,1.0,8.0,0.0,0.0,2.0,3.0,16.4,1,13074,13074,13074,21600,6026,3104,9917,3109,6141,1,3646,21543,8004,1,11390,4736,14289,1.0,11:60,2015,2016
2015-16,203095,Evan Fournier,Evan,1610612753,ORL,Orlando Magic,21500075,2015-11-06T00:00:00,ORL vs. TOR,W,27.8,0.0,0.0,0.0,2.0,8.0,13.0,5.0,26.0,0.0,3.0,1.0,2.0,12.7,1,1,1,1,9417,12059,10158,9917,12984,13914,23668,11593,7214,8004,25441,4972,7786,17201,1.0,27:46,2015,2016
2015-16,202730,Lavoy Allen,Lavoy,1610612754,IND,Indiana Pacers,21500080,2015-11-06T00:00:00,IND vs. MIA,W,22.6,0.0,0.0,0.0,0.0,13.0,8.0,2.0,16.0,0.0,0.0,2.0,1.0,13.0,1,1,1,1,13721,12059,10158,9917,18861,21300,17345,4025,15259,8004,1,11390,12373,16969,1.0,22:34,2015,2016
2015-16,2034,Mike Miller,Mike,1610612743,DEN,Denver Nuggets,21500083,2015-11-06T00:00:00,DEN @ GSW,L,7.6,0.0,0.0,0.0,0.0,0.0,6.0,2.0,4.0,0.0,1.0,1.0,0.0,8.4,1,13074,13074,13074,23350,12059,10158,9917,18861,1,13237,4025,23698,8004,17214,4972,18762,20273,1.0,7:37,2015,2016
2015-16,201962,Toney Douglas,Toney,1610612740,NOP,New Orleans Pelicans,21500081,2015-11-06T00:00:00,NOP vs. ATL,L,8.0,0.0,0.0,0.0,0.0,3.0,0.0,4.0,14.0,0.0,0.0,0.0,0.0,2.0,1,13074,13074,13074,23183,12059,10158,9917,18861,5109,1,8806,17019,8004,1,1,18762,24216,1.0,8:00,2015,2016
2015-16,101150,Lou Williams,Lou,1610612747,LAL,Los Angeles Lakers,21500077,2015-11-06T00:00:00,LAL @ BKN,W,24.7,5.0,0.0,0.0,4.0,8.0,8.0,4.0,20.0,0.0,0.0,2.0,5.0,18.7,1,1,1,1,11970,1603,10158,9917,8599,13914,17345,8806,11929,8004,1,11390,1539,12648,1.0,24:39,2015,2016
2015-16,201596,Mario Chalmers,Mario,1610612748,MIA,Miami Heat,21500080,2015-11-06T00:00:00,MIA @ IND,L,18.9,0.0,0.0,0.0,0.0,0.0,5.0,0.0,8.0,0.0,0.0,3.0,0.0,7.7,1,13074,13074,13074,16806,12059,10158,9917,18861,1,11469,1,21543,8004,1,17641,18762,20733,1.0,18:52,2015,2016
2015-16,201971,DeJuan Blair,DeJuan,1610612764,WAS,Washington Wizards,21500076,2015-11-06T00:00:00,WAS @ BOS,L,7.7,0.0,0.0,0.0,0.0,5.0,5.0,0.0,8.0,0.0,1.0,5.0,1.0,2.4,1,13074,13074,13074,23330,12059,10158,9917,18861,8403,11469,1,21543,8004,17214,24686,12373,24024,1.0,7:40,2015,2016
2015-16,201950,Jrue Holiday,Jrue,1610612740,NOP,New Orleans Pelicans,21500081,2015-11-06T00:00:00,NOP vs. ATL,L,23.0,0.0,0.0,0.0,0.0,10.0,6.0,11.0,18.0,0.0,0.0,0.0,2.0,13.2,1,13074,13074,13074,13369,12059,10158,9917,18861,17370,13237,21342,13577,8004,1,1,7786,16768,1.0,23:00,2015,2016
2015-16,201582,Alexis Ajinca,Alexis,1610612740,NOP,New Orleans Pelicans,21500081,2015-11-06T00:00:00,NOP vs. ATL,L,8.7,0.0,0.0,0.0,2.0,2.0,2.0,4.0,8.0,1.0,0.0,1.0,0.0,12.4,1,13074,13074,13074,22943,12059,10158,9917,12984,2619,3734,8806,21543,2692,1,4972,18762,17418,1.0,8:44,2015,2016
2015-16,203382,Aron Baynes,Aron,1610612765,DET,Detroit Pistons,21500082,2015-11-06T00:00:00,DET @ PHX,W,11.9,0.0,0.0,0.0,2.0,2.0,6.0,0.0,10.0,0.0,0.0,3.0,2.0,8.5,1,1,1,1,21660,12059,10158,9917,12984,2619,13237,1,20209,8004,1,17641,7786,20215,1.0,11:51,2015,2016
2015-16,203471,Dennis Schröder,Dennis,1610612737,ATL,Atlanta Hawks,21500081,2015-11-06T00:00:00,ATL @ NOP,W,18.6,0.0,0.0,0.0,4.0,5.0,5.0,5.0,20.0,0.0,0.0,0.0,0.0,21.5,1,1,1,1,17025,12059,10158,9917,8599,8403,11469,11593,11929,8004,1,1,18762,10755,1.0,18:35,2015,2016
2015-16,200794,Paul Millsap,Paul,1610612737,ATL,Atlanta Hawks,21500081,2015-11-06T00:00:00,ATL @ NOP,W,34.2,1.0,0.0,0.0,10.0,6.0,14.0,8.0,32.0,1.0,0.0,4.0,6.0,42.9,1,1,1,1,4165,11535,10158,9917,1840,10028,24300,17194,3535,2692,1,22104,873,1754,1.0,34:13,2015,2016
2015-16,204456,T.J. McConnell,T.J.,1610612755,PHI,Philadelphia 76ers,21500078,2015-11-06T00:00:00,PHI @ CLE,L,24.6,2.0,0.0,0.0,0.0,14.0,8.0,18.0,30.0,0.0,0.0,1.0,0.0,15.2,1,13074,13074,13074,12050,6026,10158,9917,18861,22292,17345,25228,4541,8004,1,4972,18762,15219,1.0,24:34,2015,2016
2015-16,203084,Harrison Barnes,Harrison,1610612744,GSW,Golden State Warriors,21500083,2015-11-06T00:00:00,GSW vs. DEN,W,31.0,6.0,7.0,8.0,6.0,16.0,3.0,13.0,26.0,0.0,0.0,3.0,2.0,31.5,1,1,1,1,6727,878,292,280,5299,23774,7138,23048,7214,8004,1,17641,7786,5180,1.0,30:59,2015,2016
2015-16,203991,Clint Capela,Clint,1610612745,HOU,Houston Rockets,21500084,2015-11-06T00:00:00,HOU @ SAC,W,26.3,2.0,4.0,2.0,12.0,10.0,8.0,10.0,24.0,4.0,0.0,5.0,2.0,40.4,1,1,1,1,10577,6026,1596,4675,988,17370,17345,20169,8723,132,1,24686,7786,2274,1.0,26:20,2015,2016
2015-16,203115,Will Barton,Will,1610612743,DEN,Denver Nuggets,21500083,2015-11-06T00:00:00,DEN @ GSW,L,39.2,6.0,0.0,7.0,8.0,20.0,14.0,26.0,44.0,1.0,1.0,2.0,3.0,42.1,1,13074,13074,13074,1012,878,10158,454,3109,25338,24300,26007,454,2692,17214,11390,4736,1910,1.0,39:09,2015,2016
2015-16,202322,John Wall,John,1610612764,WAS,Washington Wizards,21500076,2015-11-06T00:00:00,WAS @ BOS,L,28.5,4.0,2.0,6.0,12.0,6.0,9.0,5.0,18.0,3.0,0.0,4.0,1.0,41.0,1,13074,13074,13074,8862,2460,4731,740,988,10028,19144,11593,13577,347,1,22104,12373,2143,1.0,28:28,2015,2016
2015-16,203898,Tyler Ennis,Tyler,1610612749,MIL,Milwaukee Bucks,21500079,2015-11-06T00:00:00,MIL @ NYK,W,17.5,0.0,0.0,2.0,2.0,7.0,8.0,0.0,14.0,0.0,0.0,3.0,2.0,12.3,1,1,1,1,17933,12059,10158,4675,12984,12242,17345,1,17019,8004,1,17641,7786,17524,1.0,17:27,2015,2016
2015-16,2571,Leandro Barbosa,Leandro,1610612744,GSW,Golden State Warriors,21500083,2015-11-06T00:00:00,GSW vs. DEN,W,11.7,0.0,3.0,0.0,0.0,8.0,2.0,7.0,8.0,0.0,0.0,3.0,1.0,12.1,1,1,1,1,21713,12059,3104,9917,18861,13914,3734,15538,21543,8004,1,17641,12373,17639,1.0,11:44,2015,2016
2015-16,101236,Chuck Hayes,Chuck,1610612745,HOU,Houston Rockets,21500084,2015-11-06T00:00:00,HOU @ SAC,W,14.5,0.0,0.0,0.0,2.0,11.0,10.0,7.0,20.0,0.0,0.0,4.0,1.0,12.4,1,1,1,1,20093,12059,10158,9917,12984,18886,20509,15538,11929,8004,1,22104,12373,17418,1.0,14:31,2015,2016
2015-16,1626161,Willie Cauley-Stein,Willie,1610612758,SAC,Sacramento Kings,21500084,2015-11-06T00:00:00,SAC vs. HOU,L,22.0,2.0,2.0,3.0,6.0,12.0,9.0,15.0,16.0,2.0,0.0,4.0,1.0,31.3,1,13074,13074,13074,14143,6026,4731,3302,5299,20178,19144,24242,15259,932,1,22104,12373,5258,1.0,22:02,2015,2016
2015-16,203089,John Henson,John,1610612749,MIL,Milwaukee Bucks,21500079,2015-11-06T00:00:00,MIL @ NYK,W,23.3,3.0,7.0,0.0,16.0,2.0,13.0,7.0,22.0,3.0,1.0,1.0,5.0,40.5,1,1,1,1,13149,4307,292,9917,275,2619,23668,15538,10265,347,17214,4972,1539,2257,1.0,23:15,2015,2016
2015-16,203894,Shabazz Napier,Shabazz,1610612753,ORL,Orlando Magic,21500075,2015-11-06T00:00:00,ORL vs. TOR,W,16.7,2.0,3.0,0.0,0.0,6.0,5.0,3.0,8.0,0.0,0.0,1.0,1.0,15.4,1,1,1,1,18534,6026,3104,9917,18861,10028,11469,7328,21543,8004,1,4972,12373,15066,1.0,16:39,2015,2016
2015-16,204028,Tarik Black,Tarik,1610612747,LAL,Los Angeles Lakers,21500077,2015-11-06T00:00:00,LAL @ BKN,W,17.7,1.0,3.0,1.0,2.0,2.0,7.0,0.0,12.0,0.0,1.0,4.0,5.0,15.2,1,1,1,1,17777,11535,3104,9347,12984,2619,15642,1,18637,8004,17214,22104,1539,15219,1.0,17:40,2015,2016
2015-16,201152,Thaddeus Young,Thaddeus,1610612751,BKN,Brooklyn Nets,21500077,2015-11-06T00:00:00,BKN vs. LAL,L,33.8,2.0,4.0,2.0,14.0,13.0,5.0,7.0,28.0,1.0,2.0,2.0,0.0,27.0,1,13074,13074,13074,4537,6026,1596,4675,542,21300,11469,15538,5824,2692,23588,11390,18762,7385,1.0,33:46,2015,2016
2015-16,204020,Tyler Johnson,Tyler,1610612748,MIA,Miami Heat,21500080,2015-11-06T00:00:00,MIA @ IND,L,18.8,0.0,3.0,0.0,2.0,2.0,2.0,2.0,14.0,0.0,1.0,2.0,2.0,12.2,1,13074,13074,13074,16859,12059,3104,9917,12984,2619,3734,4025,17019,8004,17214,11390,7786,17566,1.0,18:49,2015,2016
2015-16,201589,Darrell Arthur,Darrell,1610612743,DEN,Denver Nuggets,21500083,2015-11-06T00:00:00,DEN @ GSW,L,12.4,2.0,2.0,0.0,0.0,7.0,3.0,13.0,4.0,0.0,1.0,4.0,1.0,12.1,1,13074,13074,13074,21347,6026,4731,9917,18861,12242,7138,23048,23698,8004,17214,22104,12373,17639,1.0,12:22,2015,2016
2015-16,203506,Victor Oladipo,Victor,1610612753,ORL,Orlando Magic,21500075,2015-11-06T00:00:00,ORL vs. TOR,W,31.5,3.0,0.0,0.0,8.0,13.0,11.0,10.0,28.0,0.0,1.0,1.0,2.0,40.4,1,1,1,1,6332,4307,10158,9917,3109,21300,21814,20169,5824,8004,17214,4972,7786,2274,1.0,31:28,2015,2016
2015-16,203999,Nikola Jokić,Nikola,1610612743,DEN,Denver Nuggets,21500083,2015-11-06T00:00:00,DEN @ GSW,L,17.0,0.0,0.0,0.0,4.0,8.0,5.0,12.0,16.0,1.0,1.0,1.0,2.0,15.3,1,13074,13074,13074,18273,12059,10158,9917,8599,13914,11469,22259,15259,2692,17214,4972,7786,15150,1.0,17:00,2015,2016
2015-16,201583,Ryan Anderson,Ryan,1610612740,NOP,New Orleans Pelicans,21500081,2015-11-06T00:00:00,NOP vs. ATL,L,29.6,0.0,5.0,2.0,4.0,12.0,10.0,8.0,32.0,2.0,1.0,3.0,1.0,27.0,1,13074,13074,13074,7923,12059,995,4675,8599,20178,20509,17194,3535,932,17214,17641,12373,7385,1.0,29:33,2015,2016
2015-16,201168,Tiago Splitter,Tiago,1610612737,ATL,Atlanta Hawks,21500081,2015-11-06T00:00:00,ATL @ NOP,W,20.4,0.0,2.0,0.0,2.0,4.0,2.0,4.0,16.0,0.0,2.0,1.0,3.0,12.0,1,1,1,1,15547,12059,4731,9917,12984,6141,3734,8806,15259,8004,23588,4972,4736,17703,1.0,20:25,2015,2016
2015-16,203917,Nik Stauskas,Nik,1610612755,PHI,Philadelphia 76ers,21500078,2015-11-06T00:00:00,PHI @ CLE,L,37.7,2.0,0.0,0.0,8.0,14.0,9.0,20.0,34.0,0.0,0.0,2.0,0.0,20.6,1,13074,13074,13074,1672,6026,10158,9917,3109,22292,19144,25599,2701,8004,1,11390,18762,11314,1.0,37:39,2015,2016
2015-16,203096,Jared Sullinger,Jared,1610612738,BOS,Boston Celtics,21500076,2015-11-06T00:00:00,BOS vs. WAS,W,21.7,0.0,2.0,0.0,6.0,12.0,7.0,20.0,26.0,2.0,0.0,2.0,1.0,42.1,1,1,1,1,14476,12059,4731,9917,5299,20178,15642,25599,7214,932,1,11390,12373,1910,1.0,21:39,2015,2016
2015-16,203914,Gary Harris,Gary,1610612743,DEN,Denver Nuggets,21500073,2015-11-05T00:00:00,DEN vs. UTA,L,27.7,0.0,0.0,0.0,0.0,7.0,7.0,4.0,22.0,1.0,0.0,0.0,1.0,12.4,1,13074,13074,13074,9469,12059,10158,9917,18861,12242,15642,8806,10265,2692,1,1,12373,17418,1.0,27:41,2015,2016
2015-16,2749,Jameer Nelson,Jameer,1610612743,DEN,Denver Nuggets,21500073,2015-11-05T00:00:00,DEN vs. UTA,L,19.0,0.0,0.0,0.0,0.0,13.0,9.0,3.0,14.0,0.0,0.0,0.0,3.0,12.2,1,13074,13074,13074,16710,12059,10158,9917,18861,21300,19144,7328,17019,8004,1,1,4736,17566,1.0,18:60,2015,2016
2015-16,201568,Danilo Gallinari,Danilo,1610612743,DEN,Denver Nuggets,21500073,2015-11-05T00:00:00,DEN vs. UTA,L,36.9,0.0,7.0,2.0,8.0,15.0,9.0,10.0,30.0,2.0,0.0,2.0,6.0,31.5,1,13074,13074,13074,2153,12059,292,4675,3109,23079,19144,20169,4541,932,1,11390,873,5180,1.0,36:53,2015,2016
2015-16,2216,Zach Randolph,Zach,1610612763,MEM,Memphis Grizzlies,21500074,2015-11-05T00:00:00,MEM @ POR,L,32.5,2.0,2.0,0.0,10.0,11.0,15.0,4.0,30.0,0.0,1.0,1.0,1.0,31.0,1,13074,13074,13074,5470,6026,4731,9917,1840,18886,24781,8806,4541,8004,17214,4972,12373,5406,1.0,32:32,2015,2016
2015-16,201188,Marc Gasol,Marc,1610612763,MEM,Memphis Grizzlies,21500074,2015-11-05T00:00:00,MEM @ POR,L,27.7,0.0,4.0,0.0,8.0,9.0,12.0,4.0,28.0,2.0,0.0,2.0,6.0,30.5,1,13074,13074,13074,9496,12059,1596,9917,3109,15771,22832,8806,5824,932,1,11390,873,5620,1.0,27:39,2015,2016
2015-16,202710,Jimmy Butler III,Jimmy,1610612741,CHI,Chicago Bulls,21500070,2015-11-05T00:00:00,CHI vs. OKC,W,37.9,0.0,5.0,0.0,6.0,2.0,6.0,6.0,28.0,2.0,1.0,4.0,5.0,42.8,1,1,1,1,1546,12059,995,9917,5299,2619,13237,13388,5824,932,17214,22104,1539,1776,1.0,37:55,2015,2016
2015-16,201587,Nicolas Batum,Nicolas,1610612766,CHA,Charlotte Hornets,21500072,2015-11-05T00:00:00,CHA @ DAL,W,34.1,0.0,0.0,0.0,4.0,7.0,2.0,4.0,26.0,1.0,0.0,1.0,1.0,30.4,1,1,1,1,4295,12059,10158,9917,8599,12242,3734,8806,7214,2692,1,4972,12373,5661,1.0,34:04,2015,2016
2015-16,201144,Mike Conley,Mike,1610612763,MEM,Memphis Grizzlies,21500074,2015-11-05T00:00:00,MEM @ POR,L,31.2,0.0,2.0,0.0,4.0,7.0,17.0,4.0,30.0,0.0,0.0,0.0,5.0,11.9,1,13074,13074,13074,6588,12059,4731,9917,8599,12242,25429,8806,4541,8004,1,1,1539,17760,1.0,31:10,2015,2016
2015-16,203952,Andrew Wiggins,Andrew,1610612750,MIN,Minnesota Timberwolves,21500071,2015-11-05T00:00:00,MIN vs. MIA,L,31.3,0.0,2.0,1.0,6.0,11.0,4.0,11.0,36.0,0.0,3.0,1.0,1.0,19.8,1,13074,13074,13074,6457,12059,4731,9347,5299,18886,8458,21342,1943,8004,25441,4972,12373,11883,1.0,31:19,2015,2016
2015-16,201571,D.J. Augustin,D.J.,1610612760,OKC,Oklahoma City Thunder,21500070,2015-11-05T00:00:00,OKC @ CHI,L,13.7,0.0,0.0,0.0,2.0,2.0,5.0,3.0,18.0,1.0,0.0,0.0,1.0,12.1,1,13074,13074,13074,20614,12059,10158,9917,12984,2619,11469,7328,13577,2692,1,1,12373,17639,1.0,13:39,2015,2016
2015-16,2548,Dwyane Wade,Dwyane,1610612748,MIA,Miami Heat,21500071,2015-11-05T00:00:00,MIA @ MIN,W,31.2,10.0,0.0,3.0,10.0,10.0,10.0,9.0,20.0,0.0,1.0,1.0,6.0,41.0,1,1,1,1,6567,99,10158,3302,1840,17370,20509,18829,11929,8004,17214,4972,873,2143,1.0,31:11,2015,2016
2015-16,2754,Tony Allen,Tony,1610612763,MEM,Memphis Grizzlies,21500074,2015-11-05T00:00:00,MEM @ POR,L,23.6,0.0,0.0,2.0,4.0,6.0,11.0,2.0,24.0,1.0,0.0,3.0,0.0,11.7,1,13074,13074,13074,12935,12059,10158,4675,8599,10028,21814,4025,8723,2692,1,17641,18762,17903,1.0,23:33,2015,2016
2015-16,202734,E'Twaun Moore,E'Twaun,1610612741,CHI,Chicago Bulls,21500070,2015-11-05T00:00:00,CHI vs. OKC,W,21.8,0.0,0.0,0.0,0.0,2.0,7.0,0.0,20.0,1.0,0.0,1.0,2.0,12.0,1,1,1,1,14360,12059,10158,9917,18861,2619,15642,1,11929,2692,1,4972,7786,17703,1.0,21:47,2015,2016
2015-16,202329,Al-Farouq Aminu,Al-Farouq,1610612757,POR,Portland Trail Blazers,21500074,2015-11-05T00:00:00,POR vs. MEM,W,33.2,0.0,4.0,0.0,6.0,2.0,12.0,2.0,30.0,0.0,0.0,4.0,4.0,31.5,1,1,1,1,4979,12059,1596,9917,5299,2619,22832,4025,4541,8004,1,22104,2748,5180,1.0,33:11,2015,2016
2015-16,202334,Ed Davis,Ed,1610612757,POR,Portland Trail Blazers,21500074,2015-11-05T00:00:00,POR vs. MEM,W,22.7,4.0,2.0,0.0,6.0,2.0,4.0,2.0,16.0,0.0,0.0,1.0,2.0,20.6,1,1,1,1,13631,2460,4731,9917,5299,2619,8458,4025,15259,8004,1,4972,7786,11314,1.0,22:40,2015,2016
2015-16,202330,Gordon Hayward,Gordon,1610612762,UTA,Utah Jazz,21500073,2015-11-05T00:00:00,UTA @ DEN,W,33.9,6.0,3.0,5.0,6.0,4.0,11.0,8.0,24.0,0.0,0.0,2.0,2.0,31.1,1,1,1,1,4406,878,3104,1277,5299,6141,21814,17194,8723,8004,1,11390,7786,5354,1.0,33:56,2015,2016
2015-16,201565,Derrick Rose,Derrick,1610612741,CHI,Chicago Bulls,21500070,2015-11-05T00:00:00,CHI vs. OKC,W,37.5,2.0,4.0,0.0,14.0,2.0,8.0,6.0,26.0,0.0,0.0,1.0,3.0,42.0,1,1,1,1,1765,6026,1596,9917,542,2619,17345,13388,7214,8004,1,4972,4736,1936,1.0,37:29,2015,2016
2015-16,201586,Serge Ibaka,Serge,1610612760,OKC,Oklahoma City Thunder,21500070,2015-11-05T00:00:00,OKC @ CHI,L,40.1,0.0,0.0,0.0,4.0,6.0,11.0,5.0,32.0,2.0,1.0,2.0,1.0,30.7,1,13074,13074,13074,712,12059,10158,9917,8599,10028,21814,11593,3535,932,17214,11390,12373,5539,1.0,40:04,2015,2016
2015-16,203468,CJ McCollum,CJ,1610612757,POR,Portland Trail Blazers,21500074,2015-11-05T00:00:00,POR vs. MEM,W,30.1,3.0,0.0,0.0,2.0,4.0,10.0,2.0,20.0,0.0,1.0,2.0,2.0,31.3,1,1,1,1,7448,4307,10158,9917,12984,6141,20509,4025,11929,8004,17214,11390,7786,5258,1.0,30:06,2015,2016
2015-16,2755,Kevin Martin,Kevin,1610612750,MIN,Minnesota Timberwolves,21500071,2015-11-05T00:00:00,MIN vs. MIA,L,26.6,0.0,0.0,0.0,4.0,22.0,7.0,9.0,30.0,0.0,0.0,5.0,3.0,15.6,1,13074,13074,13074,10371,12059,10158,9917,8599,25683,15642,18829,4541,8004,1,24686,4736,14916,1.0,26:36,2015,2016
2015-16,203081,Damian Lillard,Damian,1610612757,POR,Portland Trail Blazers,21500074,2015-11-05T00:00:00,POR vs. MEM,W,32.6,0.0,0.0,0.0,4.0,2.0,10.0,0.0,32.0,1.0,1.0,0.0,1.0,38.7,1,1,1,1,5434,12059,10158,9917,8599,2619,20509,1,3535,2692,17214,1,12373,2717,1.0,32:35,2015,2016
2015-16,201149,Joakim Noah,Joakim,1610612741,CHI,Chicago Bulls,21500070,2015-11-05T00:00:00,CHI vs. OKC,W,25.9,2.0,2.0,0.0,4.0,2.0,9.0,2.0,16.0,1.0,2.0,4.0,1.0,21.9,1,1,1,1,10886,6026,4731,9917,8599,2619,19144,4025,15259,2692,23588,22104,12373,10460,1.0,25:57,2015,2016
2015-16,201148,Brandan Wright,Brandan,1610612763,MEM,Memphis Grizzlies,21500074,2015-11-05T00:00:00,MEM @ POR,L,17.7,0.0,0.0,0.0,2.0,4.0,8.0,0.0,12.0,1.0,0.0,1.0,3.0,13.8,1,13074,13074,13074,17790,12059,10158,9917,12984,6141,17345,1,18637,2692,1,4972,4736,16311,1.0,17:39,2015,2016
2015-16,101114,Deron Williams,Deron,1610612742,DAL,Dallas Mavericks,21500072,2015-11-05T00:00:00,DAL vs. CHA,L,28.3,3.0,0.0,2.0,12.0,15.0,3.0,2.0,36.0,0.0,0.0,3.0,3.0,28.1,1,13074,13074,13074,8994,4307,10158,4675,988,23079,7138,4025,1943,8004,1,17641,4736,6818,1.0,28:19,2015,2016
2015-16,203939,Dwight Powell,Dwight,1610612742,DAL,Dallas Mavericks,21500072,2015-11-05T00:00:00,DAL vs. CHA,L,23.5,0.0,3.0,2.0,10.0,6.0,4.0,4.0,26.0,1.0,2.0,2.0,4.0,32.3,1,13074,13074,13074,12992,12059,3104,4675,1840,10028,8458,8806,7214,2692,23588,11390,2748,4807,1.0,23:28,2015,2016
2015-16,202692,Alec Burks,Alec,1610612762,UTA,Utah Jazz,21500073,2015-11-05T00:00:00,UTA @ DEN,W,31.3,3.0,0.0,0.0,4.0,8.0,9.0,10.0,18.0,0.0,0.0,4.0,0.0,27.6,1,1,1,1,6456,4307,10158,9917,8599,13914,19144,20169,13577,8004,1,22104,18762,7080,1.0,31:19,2015,2016
2015-16,202357,Nemanja Bjelica,Nemanja,1610612750,MIN,Minnesota Timberwolves,21500071,2015-11-05T00:00:00,MIN vs. MIA,L,23.7,0.0,2.0,0.0,2.0,16.0,3.0,10.0,24.0,0.0,0.0,1.0,2.0,16.9,1,13074,13074,13074,12822,12059,4731,9917,12984,23774,7138,20169,8723,8004,1,4972,7786,13911,1.0,23:42,2015,2016
2015-16,201581,JJ Hickson,JJ,1610612743,DEN,Denver Nuggets,21500073,2015-11-05T00:00:00,DEN vs. UTA,L,24.6,2.0,2.0,2.0,8.0,8.0,3.0,4.0,16.0,1.0,2.0,2.0,2.0,16.9,1,13074,13074,13074,12030,6026,4731,4675,3109,13914,7138,8806,15259,2692,23588,11390,7786,13911,1.0,24:36,2015,2016
2015-16,202355,Hassan Whiteside,Hassan,1610612748,MIA,Miami Heat,21500071,2015-11-05T00:00:00,MIA @ MIN,W,29.7,2.0,0.0,2.0,10.0,10.0,11.0,7.0,20.0,4.0,3.0,5.0,3.0,27.8,1,1,1,1,7809,6026,10158,4675,1840,17370,21814,15538,11929,132,25441,24686,4736,6950,1.0,29:42,2015,2016
2015-16,201609,Goran Dragic,Goran,1610612748,MIA,Miami Heat,21500071,2015-11-05T00:00:00,MIA @ MIN,W,32.6,2.0,0.0,4.0,10.0,6.0,13.0,5.0,22.0,0.0,0.0,1.0,3.0,22.6,1,1,1,1,5459,6026,10158,1913,1840,10028,23668,11593,10265,8004,1,4972,4736,10000,1.0,32:33,2015,2016
2015-16,2200,Pau Gasol,Pau,1610612741,CHI,Chicago Bulls,21500070,2015-11-05T00:00:00,CHI vs. OKC,W,32.0,0.0,0.0,0.0,4.0,4.0,3.0,6.0,26.0,1.0,3.0,1.0,3.0,32.0,1,1,1,1,5929,12059,10158,9917,8599,6141,7138,13388,7214,2692,25441,4972,4736,4945,1.0,31:57,2015,2016
2015-16,203497,Rudy Gobert,Rudy,1610612762,UTA,Utah Jazz,21500073,2015-11-05T00:00:00,UTA @ DEN,W,34.8,3.0,3.0,0.0,4.0,8.0,11.0,10.0,26.0,3.0,3.0,2.0,7.0,38.2,1,1,1,1,3689,4307,3104,9917,8599,13914,21814,20169,7214,347,25441,11390,469,2854,1.0,34:48,2015,2016
2015-16,203918,Rodney Hood,Rodney,1610612762,UTA,Utah Jazz,21500073,2015-11-05T00:00:00,UTA @ DEN,W,22.8,0.0,2.0,0.0,2.0,4.0,5.0,8.0,16.0,1.0,0.0,4.0,1.0,17.2,1,1,1,1,13537,12059,4731,9917,12984,6141,11469,17194,15259,2692,1,22104,12373,13725,1.0,22:47,2015,2016
2015-16,203115,Will Barton,Will,1610612743,DEN,Denver Nuggets,21500073,2015-11-05T00:00:00,DEN vs. UTA,L,20.3,4.0,0.0,4.0,6.0,12.0,13.0,0.0,20.0,1.0,1.0,1.0,3.0,24.3,1,13074,13074,13074,15676,2460,10158,1913,5299,20178,23668,1,11929,2692,17214,4972,4736,8939,1.0,20:16,2015,2016
2015-16,201959,Taj Gibson,Taj,1610612741,CHI,Chicago Bulls,21500070,2015-11-05T00:00:00,CHI vs. OKC,W,22.1,2.0,2.0,0.0,6.0,0.0,8.0,2.0,16.0,2.0,0.0,2.0,2.0,24.3,1,1,1,1,14083,6026,4731,9917,5299,1,17345,4025,15259,932,1,11390,7786,8939,1.0,22:07,2015,2016
2015-16,202689,Kemba Walker,Kemba,1610612766,CHA,Charlotte Hornets,21500072,2015-11-05T00:00:00,CHA @ DAL,W,29.8,5.0,3.0,0.0,6.0,7.0,2.0,4.0,26.0,0.0,0.0,2.0,5.0,28.9,1,1,1,1,7738,1603,3104,9917,5299,12242,3734,8806,7214,8004,1,11390,1539,6414,1.0,29:47,2015,2016
2015-16,201566,Russell Westbrook,Russell,1610612760,OKC,Oklahoma City Thunder,21500070,2015-11-05T00:00:00,OKC @ CHI,L,38.6,2.0,4.0,4.0,12.0,8.0,10.0,2.0,34.0,0.0,2.0,2.0,4.0,45.6,1,13074,13074,13074,1231,6026,1596,1913,988,13914,20509,4025,2701,8004,23588,11390,2748,1263,1.0,38:34,2015,2016
2015-16,201142,Kevin Durant,Kevin,1610612760,OKC,Oklahoma City Thunder,21500070,2015-11-05T00:00:00,OKC @ CHI,L,40.8,0.0,0.0,2.0,6.0,4.0,11.0,5.0,36.0,2.0,2.0,2.0,6.0,50.7,1,13074,13074,13074,529,12059,10158,4675,5299,6141,21814,11593,1943,932,23588,11390,873,677,1.0,40:48,2015,2016
2015-16,203503,Tony Snell,Tony,1610612741,CHI,Chicago Bulls,21500070,2015-11-05T00:00:00,CHI vs. OKC,W,10.7,0.0,0.0,0.0,0.0,2.0,5.0,0.0,6.0,0.0,1.0,1.0,1.0,11.5,1,1,1,1,22138,12059,10158,9917,18861,2619,11469,1,22724,8004,17214,4972,12373,18079,1.0,10:44,2015,2016
2015-16,101107,Marvin Williams,Marvin,1610612766,CHA,Charlotte Hornets,21500072,2015-11-05T00:00:00,CHA @ DAL,W,32.2,0.0,0.0,0.0,2.0,12.0,3.0,2.0,26.0,1.0,0.0,3.0,1.0,36.4,1,1,1,1,5762,12059,10158,9917,12984,20178,7138,4025,7214,2692,1,17641,12373,3353,1.0,32:09,2015,2016
2015-16,202683,Enes Freedom,Enes,1610612760,OKC,Oklahoma City Thunder,21500070,2015-11-05T00:00:00,OKC @ CHI,L,22.2,0.0,7.0,0.0,6.0,6.0,6.0,0.0,22.0,1.0,1.0,3.0,4.0,24.1,1,13074,13074,13074,14019,12059,292,9917,5299,10028,13237,1,10265,2692,17214,17641,2748,9068,1.0,22:11,2015,2016
2015-16,2744,Al Jefferson,Al,1610612766,CHA,Charlotte Hornets,21500072,2015-11-05T00:00:00,CHA @ DAL,W,26.8,2.0,2.0,0.0,22.0,7.0,2.0,4.0,26.0,1.0,0.0,3.0,1.0,44.3,1,1,1,1,10184,6026,4731,9917,25,12242,3734,8806,7214,2692,1,17641,12373,1499,1.0,26:48,2015,2016
2015-16,202702,Kenneth Faried,Kenneth,1610612743,DEN,Denver Nuggets,21500073,2015-11-05T00:00:00,DEN vs. UTA,L,30.1,2.0,2.0,4.0,8.0,12.0,5.0,7.0,22.0,0.0,1.0,4.0,3.0,24.0,1,13074,13074,13074,7448,6026,4731,1913,3109,20178,11469,15538,10265,8004,17214,22104,4736,9121,1.0,30:06,2015,2016
2015-16,2547,Chris Bosh,Chris,1610612748,MIA,Miami Heat,21500071,2015-11-05T00:00:00,MIA @ MIN,W,28.1,6.0,3.0,2.0,6.0,6.0,14.0,6.0,20.0,0.0,0.0,1.0,6.0,35.4,1,1,1,1,9167,878,3104,4675,5299,10028,24300,13388,11929,8004,1,4972,873,3684,1.0,28:05,2015,2016
2015-16,2585,Zaza Pachulia,Zaza,1610612742,DAL,Dallas Mavericks,21500072,2015-11-05T00:00:00,DAL vs. CHA,L,25.7,4.0,0.0,0.0,6.0,5.0,5.0,0.0,30.0,1.0,1.0,1.0,5.0,36.0,1,13074,13074,13074,11135,2460,10158,9917,5299,8403,11469,1,4541,2692,17214,4972,1539,3463,1.0,25:40,2015,2016
2015-16,203498,Shabazz Muhammad,Shabazz,1610612750,MIN,Minnesota Timberwolves,21500071,2015-11-05T00:00:00,MIN vs. MIA,L,22.6,0.0,5.0,2.0,8.0,11.0,3.0,8.0,16.0,1.0,1.0,2.0,4.0,24.7,1,13074,13074,13074,13661,12059,995,4675,3109,18886,7138,17194,15259,2692,17214,11390,2748,8673,1.0,22:38,2015,2016
2015-16,203486,Mason Plumlee,Mason,1610612757,POR,Portland Trail Blazers,21500074,2015-11-05T00:00:00,POR vs. MEM,W,21.7,2.0,4.0,2.0,8.0,2.0,8.0,0.0,20.0,0.0,1.0,4.0,1.0,29.9,1,1,1,1,14396,6026,1596,4675,3109,2619,17345,1,11929,8004,17214,22104,12373,5884,1.0,21:45,2015,2016
2015-16,202344,Trevor Booker,Trevor,1610612762,UTA,Utah Jazz,21500073,2015-11-05T00:00:00,UTA @ DEN,W,28.5,0.0,2.0,0.0,8.0,8.0,6.0,4.0,16.0,1.0,1.0,3.0,0.0,33.3,1,1,1,1,8853,12059,4731,9917,3109,13914,13237,8806,15259,2692,17214,17641,18762,4423,1.0,28:28,2015,2016
2015-16,201589,Darrell Arthur,Darrell,1610612743,DEN,Denver Nuggets,21500073,2015-11-05T00:00:00,DEN vs. UTA,L,14.0,0.0,0.0,0.0,0.0,11.0,11.0,6.0,12.0,0.0,1.0,2.0,0.0,14.3,1,13074,13074,13074,20428,12059,10158,9917,18861,18886,21814,13388,18637,8004,17214,11390,18762,15948,1.0,13:58,2015,2016
2015-16,203460,Andre Roberson,Andre,1610612760,OKC,Oklahoma City Thunder,21500070,2015-11-05T00:00:00,OKC @ CHI,L,14.8,0.0,0.0,0.0,0.0,4.0,6.0,2.0,14.0,0.0,0.0,2.0,0.0,9.9,1,13074,13074,13074,19884,12059,10158,9917,18861,6141,13237,4025,17019,8004,1,11390,18762,19247,1.0,14:49,2015,2016
2015-16,200751,Randy Foye,Randy,1610612743,DEN,Denver Nuggets,21500073,2015-11-05T00:00:00,DEN vs. UTA,L,17.5,0.0,0.0,0.0,0.0,14.0,9.0,3.0,10.0,0.0,0.0,0.0,1.0,14.9,1,13074,13074,13074,17916,12059,10158,9917,18861,22292,19144,7328,20209,8004,1,1,12373,15463,1.0,17:28,2015,2016
2015-16,201937,Ricky Rubio,Ricky,1610612750,MIN,Minnesota Timberwolves,21500071,2015-11-05T00:00:00,MIN vs. MIA,L,23.8,2.0,3.0,2.0,2.0,7.0,4.0,6.0,32.0,0.0,0.0,0.0,4.0,23.7,1,13074,13074,13074,12715,6026,3104,4675,12984,12242,8458,13388,3535,8004,1,1,2748,9329,1.0,23:50,2015,2016
2015-16,201150,Spencer Hawes,Spencer,1610612766,CHA,Charlotte Hornets,21500072,2015-11-05T00:00:00,CHA @ DAL,W,18.4,0.0,0.0,0.0,0.0,5.0,1.0,0.0,8.0,1.0,0.0,3.0,0.0,10.3,1,1,1,1,17181,12059,10158,9917,18861,8403,3393,1,21543,2692,1,17641,18762,18965,1.0,18:24,2015,2016
2015-16,203476,Gorgui Dieng,Gorgui,1610612750,MIN,Minnesota Timberwolves,21500071,2015-11-05T00:00:00,MIN vs. MIA,L,25.8,4.0,4.0,2.0,8.0,7.0,2.0,7.0,18.0,1.0,0.0,3.0,1.0,23.2,1,13074,13074,13074,10980,2460,1596,4675,3109,12242,3734,15538,13577,2692,1,17641,12373,9630,1.0,25:50,2015,2016
2015-16,203210,JaMychal Green,JaMychal,1610612763,MEM,Memphis Grizzlies,21500074,2015-11-05T00:00:00,MEM @ POR,L,10.4,8.0,3.0,0.0,0.0,2.0,3.0,0.0,6.0,0.0,1.0,1.0,0.0,14.6,1,13074,13074,13074,22277,308,3104,9917,18861,2619,7138,1,22724,8004,17214,4972,18762,15699,1.0,10:24,2015,2016
2015-16,203090,Maurice Harkless,Maurice,1610612757,POR,Portland Trail Blazers,21500074,2015-11-05T00:00:00,POR vs. MEM,W,25.5,0.0,3.0,0.0,8.0,2.0,4.0,2.0,18.0,0.0,1.0,1.0,2.0,19.6,1,1,1,1,11317,12059,3104,9917,3109,2619,8458,4025,13577,8004,17214,4972,7786,12024,1.0,25:28,2015,2016
2015-16,203926,Doug McDermott,Doug,1610612741,CHI,Chicago Bulls,21500070,2015-11-05T00:00:00,CHI vs. OKC,W,23.1,4.0,0.0,2.0,2.0,4.0,7.0,6.0,24.0,0.0,0.0,1.0,1.0,10.2,1,1,1,1,13333,2460,10158,4675,12984,6141,15642,13388,8723,8004,1,4972,12373,19003,1.0,23:03,2015,2016
2015-16,201584,Courtney Lee,Courtney,1610612763,MEM,Memphis Grizzlies,21500074,2015-11-05T00:00:00,MEM @ POR,L,30.1,0.0,2.0,0.0,4.0,9.0,12.0,4.0,26.0,0.0,0.0,0.0,2.0,23.4,1,13074,13074,13074,7448,12059,4731,9917,8599,15771,22832,8806,7214,8004,1,1,7786,9501,1.0,30:06,2015,2016
2015-16,203086,Meyers Leonard,Meyers,1610612757,POR,Portland Trail Blazers,21500074,2015-11-05T00:00:00,POR vs. MEM,W,27.5,2.0,2.0,2.0,6.0,2.0,8.0,0.0,24.0,0.0,0.0,5.0,1.0,23.0,1,1,1,1,9629,6026,4731,4675,5299,2619,17345,1,8723,8004,1,24686,12373,9760,1.0,27:28,2015,2016
2015-16,203469,Cody Zeller,Cody,1610612766,CHA,Charlotte Hornets,21500072,2015-11-05T00:00:00,CHA @ DAL,W,18.7,2.0,0.0,2.0,8.0,3.0,1.0,2.0,12.0,1.0,1.0,3.0,3.0,23.6,1,1,1,1,16930,6026,10158,4675,3109,5109,3393,4025,18637,2692,17214,17641,4736,9377,1.0,18:43,2015,2016
2015-16,201145,Jeff Green,Jeff,1610612763,MEM,Memphis Grizzlies,21500074,2015-11-05T00:00:00,MEM @ POR,L,19.8,0.0,0.0,0.0,2.0,7.0,9.0,2.0,16.0,0.0,0.0,1.0,2.0,10.4,1,13074,13074,13074,16113,12059,10158,9917,12984,12242,19144,4025,15259,8004,1,4972,7786,18859,1.0,19:45,2015,2016
2015-16,202083,Wesley Matthews,Wesley,1610612742,DAL,Dallas Mavericks,21500072,2015-11-05T00:00:00,DAL vs. CHA,L,26.4,0.0,0.0,0.0,0.0,8.0,7.0,2.0,38.0,0.0,1.0,1.0,4.0,14.2,1,13074,13074,13074,10542,12059,10158,9917,18861,13914,15642,4025,1422,8004,17214,4972,2748,16003,1.0,26:23,2015,2016
2015-16,708,Kevin Garnett,Kevin,1610612750,MIN,Minnesota Timberwolves,21500071,2015-11-05T00:00:00,MIN vs. MIA,L,11.3,0.0,0.0,0.0,0.0,0.0,0.0,2.0,8.0,0.0,0.0,2.0,0.0,6.3,1,13074,13074,13074,21915,12059,10158,9917,18861,1,1,4025,21543,8004,1,11390,18762,21682,1.0,11:16,2015,2016
2015-16,1626147,Justin Anderson,Justin,1610612742,DAL,Dallas Mavericks,21500072,2015-11-05T00:00:00,DAL vs. CHA,L,3.8,0.0,0.0,0.0,0.0,0.0,0.0,0.0,0.0,0.0,0.0,0.0,0.0,1.2,1,13074,13074,13074,24784,12059,10158,9917,18861,1,1,1,25429,8004,1,1,18762,24661,1.0,3:49,2015,2016
2015-16,202718,Chandler Parsons,Chandler,1610612742,DAL,Dallas Mavericks,21500072,2015-11-05T00:00:00,DAL vs. CHA,L,14.2,0.0,0.0,0.0,0.0,8.0,0.0,2.0,22.0,0.0,1.0,0.0,1.0,6.2,1,13074,13074,13074,20269,12059,10158,9917,18861,13914,1,4025,10265,8004,17214,1,12373,21696,1.0,14:13,2015,2016
2015-16,203999,Nikola Jokić,Nikola,1610612743,DEN,Denver Nuggets,21500073,2015-11-05T00:00:00,DEN vs. UTA,L,17.7,0.0,4.0,0.0,2.0,11.0,13.0,3.0,16.0,1.0,0.0,1.0,3.0,10.6,1,13074,13074,13074,17723,12059,1596,9917,12984,18886,23668,7328,15259,2692,1,4972,4736,18723,1.0,17:44,2015,2016
2015-16,203798,PJ Hairston,PJ,1610612766,CHA,Charlotte Hornets,21500072,2015-11-05T00:00:00,CHA @ DAL,W,22.2,0.0,0.0,0.0,2.0,2.0,2.0,2.0,20.0,0.0,0.0,4.0,0.0,10.6,1,1,1,1,14000,12059,10158,9917,12984,2619,3734,4025,11929,8004,1,22104,18762,18723,1.0,22:13,2015,2016
2015-16,203148,Brian Roberts,Brian,1610612766,CHA,Charlotte Hornets,21500072,2015-11-05T00:00:00,CHA @ DAL,W,6.2,0.0,0.0,0.0,0.0,2.0,0.0,0.0,6.0,0.0,0.0,0.0,0.0,1.2,1,1,1,1,23882,12059,10158,9917,18861,2619,1,1,22724,8004,1,1,18762,24661,1.0,6:11,2015,2016
2015-16,1626168,Trey Lyles,Trey,1610612762,UTA,Utah Jazz,21500073,2015-11-05T00:00:00,UTA @ DEN,W,7.2,0.0,2.0,0.0,4.0,2.0,4.0,2.0,6.0,0.0,0.0,3.0,1.0,10.6,1,1,1,1,23492,12059,4731,9917,8599,2619,8458,4025,22724,8004,1,17641,12373,18723,1.0,7:12,2015,2016
2015-16,202703,Nikola Mirotic,Nikola,1610612741,CHI,Chicago Bulls,21500070,2015-11-05T00:00:00,CHI vs. OKC,W,16.0,0.0,2.0,0.0,2.0,2.0,2.0,2.0,18.0,0.0,0.0,1.0,0.0,6.3,1,1,1,1,19047,12059,4731,9917,12984,2619,3734,4025,13577,8004,1,4972,18762,21682,1.0,15:59,2015,2016
2015-16,203893,Russ Smith,Russ,1610612763,MEM,Memphis Grizzlies,21500074,2015-11-05T00:00:00,MEM @ POR,L,3.6,0.0,0.0,0.0,0.0,0.0,0.0,0.0,0.0,0.0,0.0,0.0,0.0,2.0,1,13074,13074,13074,24884,12059,10158,9917,18861,1,1,1,25429,8004,1,1,18762,24216,1.0,3:34,2015,2016
2015-16,202379,Jeremy Evans,Jeremy,1610612742,DAL,Dallas Mavericks,21500072,2015-11-05T00:00:00,DAL vs. CHA,L,9.6,0.0,0.0,0.0,0.0,1.0,0.0,0.0,4.0,0.0,0.0,0.0,0.0,1.2,1,13074,13074,13074,22591,12059,10158,9917,18861,2356,1,1,23698,8004,1,1,18762,24661,1.0,9:35,2015,2016
2015-16,201166,Aaron Brooks,Aaron,1610612741,CHI,Chicago Bulls,21500070,2015-11-05T00:00:00,CHI vs. OKC,W,13.0,0.0,0.0,3.0,6.0,0.0,0.0,0.0,10.0,0.0,1.0,1.0,0.0,11.4,1,1,1,1,20952,12059,10158,3302,5299,1,1,1,20209,8004,17214,4972,18762,18134,1.0,13:02,2015,2016
2015-16,203098,John Jenkins,John,1610612742,DAL,Dallas Mavericks,21500072,2015-11-05T00:00:00,DAL vs. CHA,L,3.8,0.0,0.0,0.0,0.0,0.0,0.0,0.0,0.0,0.0,1.0,0.0,1.0,5.9,1,13074,13074,13074,24784,12059,10158,9917,18861,1,1,1,25429,8004,17214,1,12373,21953,1.0,3:49,2015,2016
2015-16,203079,Dion Waiters,Dion,1610612760,OKC,Oklahoma City Thunder,21500070,2015-11-05T00:00:00,OKC @ CHI,L,27.3,0.0,0.0,0.0,2.0,6.0,6.0,3.0,20.0,0.0,0.0,3.0,0.0,10.5,1,13074,13074,13074,9784,12059,10158,9917,12984,10028,13237,7328,11929,8004,1,17641,18762,18808,1.0,27:17,2015,2016
2015-16,1717,Dirk Nowitzki,Dirk,1610612742,DAL,Dallas Mavericks,21500072,2015-11-05T00:00:00,DAL vs. CHA,L,27.7,2.0,0.0,0.0,0.0,14.0,5.0,4.0,44.0,0.0,0.0,1.0,5.0,21.2,1,13074,13074,13074,9466,6026,10158,9917,18861,22292,11469,8806,454,8004,1,4972,1539,10936,1.0,27:42,2015,2016
2015-16,2757,Beno Udrih,Beno,1610612763,MEM,Memphis Grizzlies,21500074,2015-11-05T00:00:00,MEM @ POR,L,15.9,0.0,0.0,2.0,0.0,6.0,3.0,0.0,10.0,0.0,1.0,2.0,0.0,18.0,1,13074,13074,13074,19151,12059,10158,4675,18861,10028,7138,1,20209,8004,17214,11390,18762,13164,1.0,15:51,2015,2016
2015-16,1626157,Karl-Anthony Towns,Karl-Anthony,1610612750,MIN,Minnesota Timberwolves,21500071,2015-11-05T00:00:00,MIN vs. MIA,L,22.2,2.0,2.0,0.0,2.0,15.0,5.0,9.0,30.0,3.0,1.0,3.0,1.0,21.3,1,13074,13074,13074,14035,6026,4731,9917,12984,23079,11469,18829,4541,347,17214,17641,12373,10880,1.0,22:10,2015,2016
2015-16,2736,Luol Deng,Luol,1610612748,MIA,Miami Heat,21500071,2015-11-05T00:00:00,MIA @ MIN,W,28.4,0.0,2.0,0.0,4.0,8.0,11.0,5.0,16.0,1.0,1.0,2.0,2.0,21.3,1,1,1,1,8969,12059,4731,9917,8599,13914,21814,11593,15259,2692,17214,11390,7786,10880,1.0,28:21,2015,2016
2015-16,203500,Steven Adams,Steven,1610612760,OKC,Oklahoma City Thunder,21500070,2015-11-05T00:00:00,OKC @ CHI,L,25.0,2.0,0.0,0.0,6.0,6.0,8.0,2.0,24.0,2.0,0.0,1.0,0.0,20.7,1,13074,13074,13074,11693,6026,10158,9917,5299,10028,17345,4025,8723,932,1,4972,18762,11252,1.0,24:58,2015,2016
2015-16,1626242,Luis Montero,Luis,1610612757,POR,Portland Trail Blazers,21500074,2015-11-05T00:00:00,POR vs. MEM,W,3.6,0.0,0.0,0.0,0.0,6.0,3.0,2.0,0.0,0.0,0.0,0.0,0.0,3.0,1,1,1,1,24884,12059,10158,9917,18861,10028,7138,4025,25429,8004,1,1,18762,23648,1.0,3:34,2015,2016
2015-16,203504,Trey Burke,Trey,1610612762,UTA,Utah Jazz,21500073,2015-11-05T00:00:00,UTA @ DEN,W,19.8,8.0,2.0,0.0,2.0,6.0,4.0,2.0,10.0,0.0,2.0,4.0,1.0,15.9,1,1,1,1,16111,308,4731,9917,12984,10028,8458,4025,20209,8004,23588,22104,12373,14675,1.0,19:45,2015,2016
2015-16,200826,J.J. Barea,J.J.,1610612742,DAL,Dallas Mavericks,21500072,2015-11-05T00:00:00,DAL vs. CHA,L,20.8,3.0,0.0,0.0,2.0,10.0,4.0,2.0,30.0,0.0,0.0,0.0,1.0,16.0,1,13074,13074,13074,15206,4307,10158,9917,12984,17370,8458,4025,4541,8004,1,1,12373,14590,1.0,20:49,2015,2016
2015-16,101109,Raymond Felton,Raymond,1610612742,DAL,Dallas Mavericks,21500072,2015-11-05T00:00:00,DAL vs. CHA,L,23.8,0.0,0.0,0.0,2.0,13.0,3.0,0.0,28.0,0.0,0.0,3.0,0.0,7.9,1,13074,13074,13074,12744,12059,10158,9917,12984,21300,7138,1,5824,8004,1,17641,18762,20646,1.0,23:48,2015,2016
2015-16,1626144,Emmanuel Mudiay,Emmanuel,1610612743,DEN,Denver Nuggets,21500073,2015-11-05T00:00:00,DEN vs. UTA,L,29.6,2.0,0.0,0.0,0.0,12.0,7.0,10.0,24.0,0.0,1.0,2.0,4.0,17.9,1,13074,13074,13074,7908,6026,10158,9917,18861,20178,15642,20169,8723,8004,17214,11390,2748,13229,1.0,29:34,2015,2016
2015-16,203584,Troy Daniels,Troy,1610612766,CHA,Charlotte Hornets,21500072,2015-11-05T00:00:00,CHA @ DAL,W,2.8,0.0,0.0,0.0,0.0,0.0,0.0,0.0,2.0,0.0,0.0,0.0,0.0,2.4,1,1,1,1,25197,12059,10158,9917,18861,1,1,1,24614,8004,1,1,18762,24024,1.0,2:48,2015,2016
2015-16,203087,Jeremy Lamb,Jeremy,1610612766,CHA,Charlotte Hornets,21500072,2015-11-05T00:00:00,CHA @ DAL,W,24.1,3.0,2.0,0.0,10.0,10.0,1.0,2.0,16.0,0.0,1.0,2.0,0.0,20.8,1,1,1,1,12470,4307,4731,9917,1840,17370,3393,4025,15259,8004,17214,11390,18762,11195,1.0,24:05,2015,2016
2015-16,2440,Matt Barnes,Matt,1610612763,MEM,Memphis Grizzlies,21500074,2015-11-05T00:00:00,MEM @ POR,L,24.5,0.0,2.0,0.0,2.0,4.0,10.0,0.0,18.0,1.0,0.0,3.0,0.0,18.5,1,13074,13074,13074,12138,12059,4731,9917,12984,6141,20509,1,13577,2692,1,17641,18762,12794,1.0,24:29,2015,2016
2015-16,202391,Jeremy Lin,Jeremy,1610612766,CHA,Charlotte Hornets,21500072,2015-11-05T00:00:00,CHA @ DAL,W,17.1,5.0,0.0,2.0,4.0,5.0,1.0,0.0,8.0,1.0,0.0,2.0,2.0,16.2,1,1,1,1,18183,1603,10158,4675,8599,8403,3393,1,21543,2692,1,11390,7786,14436,1.0,17:07,2015,2016
2015-16,101111,Charlie Villanueva,Charlie,1610612742,DAL,Dallas Mavericks,21500072,2015-11-05T00:00:00,DAL vs. CHA,L,12.8,0.0,0.0,0.0,4.0,1.0,0.0,0.0,8.0,0.0,0.0,1.0,0.0,16.4,1,13074,13074,13074,21062,12059,10158,9917,8599,2356,1,1,21543,8004,1,4972,18762,14289,1.0,12:50,2015,2016
2015-16,2734,Devin Harris,Devin,1610612742,DAL,Dallas Mavericks,21500072,2015-11-05T00:00:00,DAL vs. CHA,L,19.6,0.0,0.0,0.0,0.0,4.0,4.0,4.0,24.0,0.0,0.0,1.0,1.0,2.7,1,13074,13074,13074,16236,12059,10158,9917,18861,6141,8458,8806,8723,8004,1,4972,12373,23884,1.0,19:35,2015,2016
2015-16,203187,Chris Johnson,Chris,1610612762,UTA,Utah Jazz,21500073,2015-11-05T00:00:00,UTA @ DEN,W,5.2,3.0,0.0,3.0,0.0,2.0,4.0,0.0,2.0,0.0,0.0,1.0,0.0,3.0,1,1,1,1,24313,4307,10158,3302,18861,2619,8458,1,24614,8004,1,4972,18762,23648,1.0,5:10,2015,2016
2015-16,203950,Jarnell Stokes,Jarnell,1610612763,MEM,Memphis Grizzlies,21500074,2015-11-05T00:00:00,MEM @ POR,L,3.3,0.0,0.0,0.0,0.0,0.0,0.0,0.0,0.0,0.0,0.0,0.0,0.0,2.4,1,13074,13074,13074,25003,12059,10158,9917,18861,1,1,1,25429,8004,1,1,18762,24024,1.0,3:18,2015,2016
2015-16,204020,Tyler Johnson,Tyler,1610612748,MIA,Miami Heat,21500071,2015-11-05T00:00:00,MIA @ MIN,W,25.4,2.0,0.0,2.0,2.0,8.0,11.0,4.0,24.0,0.0,0.0,5.0,3.0,16.3,1,1,1,1,11346,6026,10158,4675,12984,13914,21814,8806,8723,8004,1,24686,4736,14372,1.0,25:26,2015,2016
2015-16,1626159,Justise Winslow,Justise,1610612748,MIA,Miami Heat,21500071,2015-11-05T00:00:00,MIA @ MIN,W,35.7,0.0,2.0,3.0,6.0,8.0,11.0,5.0,28.0,1.0,1.0,1.0,1.0,18.6,1,1,1,1,2946,12059,4731,3302,5299,13914,21814,11593,5824,2692,17214,4972,12373,12715,1.0,35:44,2015,2016
2015-16,203459,Allen Crabbe,Allen,1610612757,POR,Portland Trail Blazers,21500074,2015-11-05T00:00:00,POR vs. MEM,W,21.4,2.0,5.0,0.0,0.0,2.0,4.0,2.0,16.0,0.0,0.0,1.0,0.0,18.7,1,1,1,1,14690,6026,995,9917,18861,2619,8458,4025,15259,8004,1,4972,18762,12648,1.0,21:24,2015,2016
2015-16,203940,Adreian Payne,Adreian,1610612750,MIN,Minnesota Timberwolves,21500071,2015-11-05T00:00:00,MIN vs. MIA,L,13.0,4.0,0.0,0.0,2.0,6.0,4.0,4.0,16.0,1.0,0.0,5.0,2.0,18.7,1,13074,13074,13074,20952,2460,10158,9917,12984,10028,8458,8806,15259,2692,1,24686,7786,12648,1.0,13:02,2015,2016
2015-16,203943,Noah Vonleh,Noah,1610612757,POR,Portland Trail Blazers,21500074,2015-11-05T00:00:00,POR vs. MEM,W,11.1,0.0,0.0,0.0,0.0,8.0,3.0,2.0,4.0,2.0,1.0,1.0,0.0,9.6,1,1,1,1,21985,12059,10158,9917,18861,13914,7138,4025,23698,932,17214,4972,18762,19434,1.0,11:06,2015,2016
2015-16,1626196,Josh Richardson,Josh,1610612748,MIA,Miami Heat,21500071,2015-11-05T00:00:00,MIA @ MIN,W,6.8,0.0,0.0,0.0,0.0,4.0,2.0,0.0,6.0,0.0,0.0,2.0,1.0,-1.0,1,1,1,1,23624,12059,10158,9917,18861,6141,3734,1,22724,8004,1,11390,12373,25932,1.0,6:50,2015,2016
2015-16,202713,Kyle Singler,Kyle,1610612760,OKC,Oklahoma City Thunder,21500070,2015-11-05T00:00:00,OKC @ CHI,L,3.8,0.0,0.0,0.0,0.0,2.0,2.0,0.0,4.0,0.0,1.0,1.0,0.0,0.0,1,13074,13074,13074,24775,12059,10158,9917,18861,2619,3734,1,23698,8004,17214,4972,18762,25170,1.0,3:50,2015,2016
2015-16,2034,Mike Miller,Mike,1610612743,DEN,Denver Nuggets,21500073,2015-11-05T00:00:00,DEN vs. UTA,L,1.6,0.0,0.0,0.0,0.0,0.0,2.0,0.0,2.0,0.0,0.0,0.0,0.0,0.0,1,13074,13074,13074,25677,12059,10158,9917,18861,1,3734,1,24614,8004,1,1,18762,25170,1.0,1:33,2015,2016
2015-16,1626163,Frank Kaminsky,Frank,1610612766,CHA,Charlotte Hornets,21500072,2015-11-05T00:00:00,CHA @ DAL,W,4.9,0.0,0.0,0.0,0.0,0.0,0.0,0.0,2.0,0.0,0.0,1.0,0.0,0.0,1,1,1,1,24407,12059,10158,9917,18861,1,1,1,24614,8004,1,4972,18762,25170,1.0,4:53,2015,2016
2015-16,202324,Derrick Favors,Derrick,1610612762,UTA,Utah Jazz,21500073,2015-11-05T00:00:00,UTA @ DEN,W,15.1,0.0,4.0,0.0,6.0,2.0,7.0,6.0,16.0,0.0,0.0,1.0,1.0,8.6,1,1,1,1,19663,12059,1596,9917,5299,2619,15642,13388,15259,8004,1,4972,12373,20125,1.0,15:08,2015,2016
2015-16,204025,Tim Frazier,Tim,1610612757,POR,Portland Trail Blazers,21500074,2015-11-05T00:00:00,POR vs. MEM,W,3.6,0.0,0.0,0.0,0.0,6.0,3.0,2.0,0.0,0.0,0.0,0.0,1.0,0.0,1,1,1,1,24884,12059,10158,9917,18861,10028,7138,4025,25429,8004,1,1,12373,25170,1.0,3:34,2015,2016
2015-16,1626192,Pat Connaughton,Pat,1610612757,POR,Portland Trail Blazers,21500074,2015-11-05T00:00:00,POR vs. MEM,W,3.6,0.0,0.0,0.0,0.0,6.0,3.0,2.0,0.0,0.0,0.0,0.0,0.0,-1.0,1,1,1,1,24871,12059,10158,9917,18861,10028,7138,4025,25429,8004,1,1,18762,25932,1.0,3:35,2015,2016
2015-16,201946,Tyler Hansbrough,Tyler,1610612766,CHA,Charlotte Hornets,21500072,2015-11-05T00:00:00,CHA @ DAL,W,2.8,0.0,0.0,0.0,0.0,0.0,0.0,0.0,2.0,0.0,0.0,1.0,0.0,0.0,1,1,1,1,25197,12059,10158,9917,18861,1,1,1,24614,8004,1,4972,18762,25170,1.0,2:48,2015,2016
2015-16,203123,Kostas Papanikolaou,Kostas,1610612743,DEN,Denver Nuggets,21500073,2015-11-05T00:00:00,DEN vs. UTA,L,1.2,0.0,0.0,0.0,0.0,0.0,2.0,0.0,2.0,0.0,0.0,0.0,0.0,0.0,1,13074,13074,13074,25793,12059,10158,9917,18861,1,3734,1,24614,8004,1,1,18762,25170,1.0,1:12,2015,2016
2015-16,1889,Andre Miller,Andre,1610612750,MIN,Minnesota Timberwolves,21500071,2015-11-05T00:00:00,MIN vs. MIA,L,4.0,0.0,0.0,0.0,0.0,0.0,0.0,0.0,0.0,0.0,0.0,0.0,1.0,4.5,1,13074,13074,13074,24716,12059,10158,9917,18861,1,1,1,25429,8004,1,1,12373,22773,1.0,3:59,2015,2016
2015-16,2419,Tayshaun Prince,Tayshaun,1610612750,MIN,Minnesota Timberwolves,21500071,2015-11-05T00:00:00,MIN vs. MIA,L,13.0,2.0,0.0,2.0,2.0,0.0,0.0,4.0,14.0,0.0,0.0,1.0,0.0,3.2,1,13074,13074,13074,20997,6026,10158,4675,12984,1,1,8806,17019,8004,1,4972,18762,23473,1.0,12:58,2015,2016
2015-16,201177,Josh McRoberts,Josh,1610612748,MIA,Miami Heat,21500071,2015-11-05T00:00:00,MIA @ MIN,W,17.2,0.0,0.0,0.0,0.0,2.0,7.0,4.0,16.0,0.0,0.0,1.0,2.0,5.4,1,1,1,1,18153,12059,10158,9917,18861,2619,15642,8806,15259,8004,1,4972,7786,22242,1.0,17:10,2015,2016
2015-16,2555,Nick Collison,Nick,1610612760,OKC,Oklahoma City Thunder,21500070,2015-11-05T00:00:00,OKC @ CHI,L,8.7,0.0,0.0,0.0,0.0,2.0,5.0,3.0,10.0,0.0,0.0,2.0,0.0,-1.0,1,13074,13074,13074,22981,12059,10158,9917,18861,2619,11469,7328,20209,8004,1,11390,18762,25932,1.0,8:40,2015,2016
2015-16,203897,Zach LaVine,Zach,1610612750,MIN,Minnesota Timberwolves,21500071,2015-11-05T00:00:00,MIN vs. MIA,L,20.2,0.0,0.0,0.0,0.0,15.0,3.0,10.0,16.0,0.0,1.0,3.0,0.0,6.9,1,13074,13074,13074,15747,12059,10158,9917,18861,23079,7138,20169,15259,8004,17214,17641,18762,21262,1.0,20:11,2015,2016
2015-16,204060,Joe Ingles,Joe,1610612762,UTA,Utah Jazz,21500073,2015-11-05T00:00:00,UTA @ DEN,W,26.5,0.0,0.0,2.0,2.0,4.0,4.0,6.0,12.0,0.0,0.0,0.0,1.0,13.4,1,1,1,1,10483,12059,10158,4675,12984,6141,8458,13388,18637,8004,1,1,12373,16614,1.0,26:27,2015,2016
2015-16,203526,Raul Neto,Raul,1610612762,UTA,Utah Jazz,21500073,2015-11-05T00:00:00,UTA @ DEN,W,12.6,0.0,0.0,0.0,0.0,2.0,6.0,4.0,14.0,1.0,0.0,2.0,0.0,9.2,1,1,1,1,21212,12059,10158,9917,18861,2619,13237,8806,17019,2692,1,11390,18762,19680,1.0,12:36,2015,2016
2015-16,201627,Anthony Morrow,Anthony,1610612760,OKC,Oklahoma City Thunder,21500070,2015-11-05T00:00:00,OKC @ CHI,L,5.2,0.0,0.0,0.0,0.0,4.0,5.0,0.0,6.0,0.0,0.0,0.0,1.0,0.0,1,13074,13074,13074,24305,12059,10158,9917,18861,6141,11469,1,22724,8004,1,1,12373,25170,1.0,5:10,2015,2016
2015-16,203516,James Ennis III,James,1610612748,MIA,Miami Heat,21500071,2015-11-05T00:00:00,MIA @ MIN,W,2.5,0.0,0.0,0.0,0.0,4.0,0.0,0.0,4.0,0.0,0.0,0.0,0.0,0.0,1,1,1,1,25332,12059,10158,9917,18861,6141,1,1,23698,8004,1,1,18762,25170,1.0,2:29,2015,2016
2015-16,2549,Chris Kaman,Chris,1610612757,POR,Portland Trail Blazers,21500074,2015-11-05T00:00:00,POR vs. MEM,W,3.6,0.0,0.0,0.0,0.0,6.0,3.0,2.0,0.0,0.0,0.0,0.0,0.0,0.0,1,1,1,1,24884,12059,10158,9917,18861,10028,7138,4025,25429,8004,1,1,18762,25170,1.0,3:34,2015,2016
2015-16,204014,Damjan Rudez,Damjan,1610612750,MIN,Minnesota Timberwolves,21500071,2015-11-05T00:00:00,MIN vs. MIA,L,2.5,0.0,0.0,0.0,0.0,0.0,0.0,0.0,0.0,0.0,0.0,1.0,0.0,-1.0,1,13074,13074,13074,25332,12059,10158,9917,18861,1,1,1,25429,8004,1,4972,18762,25932,1.0,2:29,2015,2016
2015-16,202407,Elijah Millsap,Elijah,1610612762,UTA,Utah Jazz,21500073,2015-11-05T00:00:00,UTA @ DEN,W,1.2,0.0,0.0,0.0,0.0,0.0,2.0,0.0,0.0,0.0,0.0,0.0,0.0,0.0,1,1,1,1,25793,12059,10158,9917,18861,1,3734,1,25429,8004,1,1,18762,25170,1.0,1:12,2015,2016
2015-16,202353,Tibor Pleiss,Tibor,1610612762,UTA,Utah Jazz,21500073,2015-11-05T00:00:00,UTA @ DEN,W,1.2,0.0,0.0,0.0,0.0,0.0,2.0,0.0,0.0,0.0,0.0,0.0,0.0,0.0,1,1,1,1,25793,12059,10158,9917,18861,1,3734,1,25429,8004,1,1,18762,25170,1.0,1:12,2015,2016
2015-16,2365,Chris Andersen,Chris,1610612748,MIA,Miami Heat,21500071,2015-11-05T00:00:00,MIA @ MIN,W,2.5,0.0,0.0,0.0,0.0,4.0,0.0,0.0,4.0,0.0,0.0,0.0,0.0,0.0,1,1,1,1,25332,12059,10158,9917,18861,6141,1,1,23698,8004,1,1,18762,25170,1.0,2:29,2015,2016
2015-16,201571,D.J. Augustin,D.J.,1610612760,OKC,Oklahoma City Thunder,21500066,2015-11-04T00:00:00,OKC vs. TOR,L,12.7,0.0,0.0,0.0,0.0,6.0,5.0,4.0,14.0,0.0,0.0,2.0,0.0,0.5,1,13074,13074,13074,21156,12059,10158,9917,18861,10028,11469,8806,17019,8004,1,11390,18762,25056,1.0,12:41,2015,2016
2015-16,203101,Miles Plumlee,Miles,1610612749,MIL,Milwaukee Bucks,21500065,2015-11-04T00:00:00,MIL vs. PHI,W,11.7,0.0,2.0,0.0,2.0,2.0,10.0,3.0,18.0,2.0,0.0,2.0,0.0,13.3,1,1,1,1,21716,12059,4731,9917,12984,2619,20509,7328,13577,932,1,11390,18762,16712,1.0,11:44,2015,2016
2015-16,2561,David West,David,1610612759,SAS,San Antonio Spurs,21500061,2015-11-04T00:00:00,SAS @ WAS,L,11.9,0.0,0.0,0.0,2.0,10.0,2.0,7.0,16.0,0.0,0.0,2.0,1.0,4.9,1,13074,13074,13074,21644,12059,10158,9917,12984,17370,3734,15538,15259,8004,1,11390,12373,22621,1.0,11:53,2015,2016
2015-16,203898,Tyler Ennis,Tyler,1610612749,MIL,Milwaukee Bucks,21500065,2015-11-04T00:00:00,MIL vs. PHI,W,8.4,0.0,0.0,0.0,2.0,5.0,2.0,6.0,10.0,0.0,0.0,2.0,0.0,4.9,1,1,1,1,23045,12059,10158,9917,12984,8403,3734,13388,20209,8004,1,11390,18762,22621,1.0,8:26,2015,2016
2015-16,201573,Jerryd Bayless,Jerryd,1610612749,MIL,Milwaukee Bucks,21500065,2015-11-04T00:00:00,MIL vs. PHI,W,30.4,0.0,0.0,3.0,0.0,9.0,9.0,15.0,34.0,0.0,0.0,2.0,0.0,13.3,1,1,1,1,7177,12059,10158,3302,18861,15771,19144,24242,2701,8004,1,11390,18762,16712,1.0,30:24,2015,2016
2015-16,203459,Allen Crabbe,Allen,1610612757,POR,Portland Trail Blazers,21500068,2015-11-04T00:00:00,POR @ UTA,W,21.1,0.0,0.0,0.0,0.0,9.0,5.0,3.0,14.0,0.0,0.0,1.0,2.0,4.6,1,1,1,1,14984,12059,10158,9917,18861,15771,11469,7328,17019,8004,1,4972,7786,22734,1.0,21:06,2015,2016
2015-16,203894,Shabazz Napier,Shabazz,1610612753,ORL,Orlando Magic,21500064,2015-11-04T00:00:00,ORL @ HOU,L,9.1,0.0,0.0,0.0,0.0,3.0,2.0,1.0,4.0,0.0,0.0,0.0,1.0,5.2,1,13074,13074,13074,22793,12059,10158,9917,18861,5109,3734,3646,23698,8004,1,1,12373,22370,1.0,9:07,2015,2016
2015-16,203949,James Michael McAdoo,James Michael,1610612744,GSW,Golden State Warriors,21500069,2015-11-04T00:00:00,GSW vs. LAC,W,0.2,0.0,0.0,0.0,0.0,0.0,0.0,0.0,0.0,0.0,0.0,0.0,0.0,0.0,1,1,1,1,26025,12059,10158,9917,18861,1,1,1,25429,8004,1,1,18762,25170,1.0,0:10,2015,2016
2015-16,1891,Jason Terry,Jason,1610612745,HOU,Houston Rockets,21500064,2015-11-04T00:00:00,HOU vs. ORL,W,9.2,0.0,0.0,0.0,0.0,4.0,0.0,6.0,14.0,0.0,0.0,1.0,0.0,8.9,1,1,1,1,22759,12059,10158,9917,18861,6141,1,13388,17019,8004,1,4972,18762,19914,1.0,9:12,2015,2016
2015-16,1626173,Rashad Vaughn,Rashad,1610612749,MIL,Milwaukee Bucks,21500065,2015-11-04T00:00:00,MIL vs. PHI,W,16.6,0.0,3.0,0.0,0.0,2.0,10.0,3.0,16.0,0.0,0.0,0.0,1.0,5.4,1,1,1,1,18617,12059,3104,9917,18861,2619,20509,7328,15259,8004,1,1,12373,22242,1.0,16:33,2015,2016
2015-16,203508,Sergey Karasev,Sergey,1610612751,BKN,Brooklyn Nets,21500062,2015-11-04T00:00:00,BKN @ ATL,L,1.6,0.0,0.0,0.0,0.0,0.0,0.0,0.0,0.0,0.0,0.0,0.0,0.0,0.0,1,13074,13074,13074,25647,12059,10158,9917,18861,1,1,1,25429,8004,1,1,18762,25170,1.0,1:37,2015,2016
2015-16,1626149,Montrezl Harrell,Montrezl,1610612745,HOU,Houston Rockets,21500064,2015-11-04T00:00:00,HOU vs. ORL,W,3.0,0.0,0.0,0.0,0.0,2.0,0.0,4.0,6.0,0.0,0.0,0.0,0.0,0.0,1,1,1,1,25136,12059,10158,9917,18861,2619,1,8806,22724,8004,1,1,18762,25170,1.0,2:58,2015,2016
2015-16,203934,Lamar Patterson,Lamar,1610612737,ATL,Atlanta Hawks,21500062,2015-11-04T00:00:00,ATL vs. BKN,W,1.6,0.0,0.0,0.0,0.0,0.0,0.0,0.0,0.0,0.0,0.0,0.0,0.0,0.0,1,1,1,1,25647,12059,10158,9917,18861,1,1,1,25429,8004,1,1,18762,25170,1.0,1:37,2015,2016
2015-16,2592,James Jones,James,1610612739,CLE,Cleveland Cavaliers,21500063,2015-11-04T00:00:00,CLE vs. NYK,W,11.1,0.0,0.0,0.0,0.0,7.0,0.0,0.0,8.0,0.0,0.0,1.0,1.0,5.0,1,1,1,1,22005,12059,10158,9917,18861,12242,1,1,21543,8004,1,4972,12373,22500,1.0,11:03,2015,2016
2015-16,202390,Gary Neal,Gary,1610612764,WAS,Washington Wizards,21500061,2015-11-04T00:00:00,WAS vs. SAS,W,15.9,7.0,0.0,0.0,6.0,2.0,4.0,5.0,18.0,0.0,0.0,1.0,0.0,9.0,1,1,1,1,19118,548,10158,9917,5299,2619,8458,11593,13577,8004,1,4972,18762,19835,1.0,15:54,2015,2016
2015-16,2400,Drew Gooden,Drew,1610612764,WAS,Washington Wizards,21500061,2015-11-04T00:00:00,WAS vs. SAS,W,8.1,0.0,0.0,0.0,0.0,2.0,4.0,2.0,12.0,0.0,1.0,1.0,1.0,6.6,1,1,1,1,23137,12059,10158,9917,18861,2619,8458,4025,18637,8004,17214,4972,12373,21445,1.0,8:08,2015,2016
2015-16,203099,Jared Cunningham,Jared,1610612739,CLE,Cleveland Cavaliers,21500063,2015-11-04T00:00:00,CLE vs. NYK,W,10.1,1.0,0.0,1.0,0.0,7.0,0.0,0.0,8.0,0.0,0.0,1.0,3.0,1.0,1,1,1,1,22380,11535,10158,9347,18861,12242,1,1,21543,8004,1,4972,4736,24960,1.0,10:09,2015,2016
2015-16,203488,Mike Muscala,Mike,1610612737,ATL,Atlanta Hawks,21500062,2015-11-04T00:00:00,ATL vs. BKN,W,1.6,0.0,0.0,0.0,0.0,0.0,0.0,0.0,0.0,0.0,0.0,0.0,0.0,0.0,1,1,1,1,25647,12059,10158,9917,18861,1,1,1,25429,8004,1,1,18762,25170,1.0,1:37,2015,2016
2015-16,202498,Lance Thomas,Lance,1610612752,NYK,New York Knicks,21500063,2015-11-04T00:00:00,NYK @ CLE,L,15.4,0.0,0.0,0.0,2.0,6.0,4.0,4.0,8.0,0.0,1.0,3.0,2.0,3.7,1,13074,13074,13074,19455,12059,10158,9917,12984,10028,8458,8806,21543,8004,17214,17641,7786,23278,1.0,15:26,2015,2016
2015-16,203082,Terrence Ross,Terrence,1610612761,TOR,Toronto Raptors,21500066,2015-11-04T00:00:00,TOR @ OKC,W,14.3,0.0,0.0,0.0,0.0,6.0,0.0,2.0,10.0,0.0,0.0,0.0,0.0,4.4,1,1,1,1,20234,12059,10158,9917,18861,10028,1,4025,20209,8004,1,1,18762,22837,1.0,14:16,2015,2016
2015-16,203953,Jabari Parker,Jabari,1610612749,MIL,Milwaukee Bucks,21500065,2015-11-04T00:00:00,MIL vs. PHI,W,16.4,0.0,0.0,0.0,2.0,7.0,4.0,9.0,16.0,0.0,1.0,0.0,0.0,7.1,1,1,1,1,18772,12059,10158,9917,12984,12242,8458,18829,15259,8004,17214,1,18762,21141,1.0,16:21,2015,2016
2015-16,202338,Kevin Seraphin,Kevin,1610612752,NYK,New York Knicks,21500063,2015-11-04T00:00:00,NYK @ CLE,L,9.5,0.0,0.0,0.0,2.0,6.0,2.0,4.0,8.0,1.0,0.0,1.0,0.0,7.0,1,13074,13074,13074,22616,12059,10158,9917,12984,10028,3734,8806,21543,2692,1,4972,18762,21188,1.0,9:32,2015,2016
2015-16,203187,Chris Johnson,Chris,1610612762,UTA,Utah Jazz,21500068,2015-11-04T00:00:00,UTA vs. POR,L,0.9,0.0,0.0,0.0,0.0,0.0,3.0,0.0,0.0,0.0,0.0,0.0,0.0,0.0,1,13074,13074,13074,25898,12059,10158,9917,18861,1,7138,1,25429,8004,1,1,18762,25170,1.0,0:54,2015,2016
2015-16,203960,JaKarr Sampson,JaKarr,1610612755,PHI,Philadelphia 76ers,21500065,2015-11-04T00:00:00,PHI @ MIL,L,15.5,0.0,3.0,0.0,0.0,12.0,7.0,4.0,20.0,0.0,0.0,4.0,0.0,4.4,1,13074,13074,13074,19384,12059,3104,9917,18861,20178,15642,8806,11929,8004,1,22104,18762,22837,1.0,15:33,2015,2016
2015-16,203937,Kyle Anderson,Kyle,1610612759,SAS,San Antonio Spurs,21500061,2015-11-04T00:00:00,SAS @ WAS,L,4.5,0.0,0.0,0.0,2.0,2.0,0.0,0.0,2.0,0.0,0.0,1.0,1.0,5.2,1,13074,13074,13074,24530,12059,10158,9917,12984,2619,1,1,24614,8004,1,4972,12373,22370,1.0,4:32,2015,2016
2015-16,1718,Paul Pierce,Paul,1610612746,LAC,LA Clippers,21500069,2015-11-04T00:00:00,LAC @ GSW,L,17.9,0.0,1.0,0.0,0.0,9.0,2.0,18.0,14.0,0.0,0.0,0.0,3.0,9.4,1,13074,13074,13074,17574,12059,9709,9917,18861,15771,3734,25228,17019,8004,1,1,4736,19568,1.0,17:56,2015,2016
2015-16,203943,Noah Vonleh,Noah,1610612757,POR,Portland Trail Blazers,21500068,2015-11-04T00:00:00,POR @ UTA,W,13.3,0.0,1.0,0.0,0.0,5.0,7.0,1.0,6.0,0.0,0.0,3.0,2.0,0.0,1,1,1,1,20815,12059,9709,9917,18861,8403,15642,3646,22724,8004,1,17641,7786,25170,1.0,13:18,2015,2016
2015-16,202349,Greivis Vasquez,Greivis,1610612749,MIL,Milwaukee Bucks,21500065,2015-11-04T00:00:00,MIL vs. PHI,W,22.0,5.0,0.0,2.0,4.0,2.0,10.0,3.0,20.0,0.0,3.0,5.0,2.0,21.7,1,1,1,1,14164,1603,10158,4675,8599,2619,20509,7328,11929,8004,25441,24686,7786,10592,1.0,22:00,2015,2016
2015-16,203921,Cleanthony Early,Cleanthony,1610612752,NYK,New York Knicks,21500063,2015-11-04T00:00:00,NYK @ CLE,L,3.3,0.0,0.0,0.0,0.0,2.0,0.0,0.0,4.0,0.0,0.0,0.0,0.0,0.0,1,13074,13074,13074,25008,12059,10158,9917,18861,2619,1,1,23698,8004,1,1,18762,25170,1.0,3:17,2015,2016
2015-16,2564,Boris Diaw,Boris,1610612759,SAS,San Antonio Spurs,21500061,2015-11-04T00:00:00,SAS @ WAS,L,15.5,0.0,0.0,0.0,0.0,8.0,0.0,2.0,8.0,0.0,0.0,0.0,2.0,6.7,1,13074,13074,13074,19432,12059,10158,9917,18861,13914,1,4025,21543,8004,1,1,7786,21376,1.0,15:28,2015,2016
2015-16,202713,Kyle Singler,Kyle,1610612760,OKC,Oklahoma City Thunder,21500066,2015-11-04T00:00:00,OKC vs. TOR,L,5.8,0.0,0.0,0.0,0.0,6.0,1.0,2.0,2.0,0.0,0.0,3.0,0.0,-1.0,1,13074,13074,13074,24054,12059,10158,9917,18861,10028,3393,4025,24614,8004,1,17641,18762,25932,1.0,5:49,2015,2016
2015-16,202714,Shelvin Mack,Shelvin,1610612737,ATL,Atlanta Hawks,21500062,2015-11-04T00:00:00,ATL vs. BKN,W,7.8,0.0,0.0,0.0,0.0,4.0,0.0,2.0,4.0,0.0,0.0,1.0,0.0,0.4,1,1,1,1,23288,12059,10158,9917,18861,6141,1,4025,23698,8004,1,4972,18762,25093,1.0,7:45,2015,2016
2015-16,201988,Patty Mills,Patty,1610612759,SAS,San Antonio Spurs,21500061,2015-11-04T00:00:00,SAS @ WAS,L,21.3,0.0,0.0,2.0,2.0,18.0,0.0,5.0,20.0,0.0,0.0,3.0,0.0,4.7,1,13074,13074,13074,14743,12059,10158,4675,12984,24749,1,11593,11929,8004,1,17641,18762,22672,1.0,21:20,2015,2016
2015-16,203499,Shane Larkin,Shane,1610612751,BKN,Brooklyn Nets,21500062,2015-11-04T00:00:00,BKN @ ATL,L,16.5,2.0,0.0,0.0,0.0,12.0,4.0,8.0,20.0,0.0,1.0,2.0,2.0,5.4,1,13074,13074,13074,18640,6026,10158,9917,18861,20178,8458,17194,11929,8004,17214,11390,7786,22242,1.0,16:31,2015,2016
2015-16,1626179,Terry Rozier,Terry,1610612738,BOS,Boston Celtics,21500060,2015-11-04T00:00:00,BOS @ IND,L,6.2,0.0,0.0,0.0,0.0,1.0,2.0,0.0,2.0,0.0,0.0,1.0,1.0,4.0,1,13074,13074,13074,23898,12059,10158,9917,18861,2356,3734,1,24614,8004,1,4972,12373,23142,1.0,6:09,2015,2016
2015-16,201627,Anthony Morrow,Anthony,1610612760,OKC,Oklahoma City Thunder,21500066,2015-11-04T00:00:00,OKC vs. TOR,L,5.9,0.0,0.0,0.0,0.0,0.0,4.0,0.0,8.0,0.0,0.0,1.0,0.0,0.0,1,13074,13074,13074,23993,12059,10158,9917,18861,1,8458,1,21543,8004,1,4972,18762,25170,1.0,5:56,2015,2016
2015-16,202325,Wesley Johnson,Wesley,1610612746,LAC,LA Clippers,21500069,2015-11-04T00:00:00,LAC @ GSW,L,10.4,2.0,3.0,0.0,2.0,5.0,2.0,8.0,8.0,0.0,0.0,3.0,0.0,5.0,1,13074,13074,13074,22274,6026,3104,9917,12984,8403,3734,17194,21543,8004,1,17641,18762,22500,1.0,10:24,2015,2016
2015-16,203080,Thomas Robinson,Thomas,1610612751,BKN,Brooklyn Nets,21500062,2015-11-04T00:00:00,BKN @ ATL,L,10.4,0.0,0.0,0.0,0.0,4.0,0.0,6.0,12.0,1.0,0.0,0.0,0.0,7.2,1,13074,13074,13074,22291,12059,10158,9917,18861,6141,1,13388,18637,2692,1,1,18762,21035,1.0,10:22,2015,2016
2015-16,1626209,Mario Hezonja,Mario,1610612753,ORL,Orlando Magic,21500064,2015-11-04T00:00:00,ORL @ HOU,L,10.9,0.0,0.0,0.0,0.0,3.0,0.0,2.0,6.0,0.0,0.0,1.0,1.0,-1.0,1,13074,13074,13074,22086,12059,10158,9917,18861,5109,1,4025,22724,8004,1,4972,12373,25932,1.0,10:52,2015,2016
2015-16,202720,Jon Leuer,Jon,1610612756,PHX,Phoenix Suns,21500067,2015-11-04T00:00:00,PHX vs. SAC,W,15.0,0.0,0.0,0.0,0.0,6.0,0.0,6.0,12.0,0.0,0.0,3.0,2.0,8.6,1,1,1,1,19763,12059,10158,9917,18861,10028,1,13388,18637,8004,1,17641,7786,20125,1.0,14:59,2015,2016
2015-16,2760,Anderson Varejao,Anderson,1610612739,CLE,Cleveland Cavaliers,21500063,2015-11-04T00:00:00,CLE vs. NYK,W,5.1,0.0,0.0,0.0,0.0,2.0,0.0,0.0,0.0,0.0,0.0,1.0,0.0,4.4,1,1,1,1,24334,12059,10158,9917,18861,2619,1,1,25429,8004,1,4972,18762,22837,1.0,5:05,2015,2016
2015-16,101181,Jose Calderon,Jose,1610612752,NYK,New York Knicks,21500063,2015-11-04T00:00:00,NYK @ CLE,L,29.0,0.0,0.0,0.0,0.0,11.0,14.0,14.0,16.0,0.0,0.0,0.0,0.0,12.1,1,13074,13074,13074,8355,12059,10158,9917,18861,18886,24300,23710,15259,8004,1,1,18762,17639,1.0,29:01,2015,2016
2015-16,2207,Joe Johnson,Joe,1610612751,BKN,Brooklyn Nets,21500062,2015-11-04T00:00:00,BKN @ ATL,L,29.9,2.0,1.0,0.0,2.0,13.0,1.0,8.0,8.0,0.0,1.0,1.0,2.0,20.2,1,13074,13074,13074,7624,6026,9709,9917,12984,21300,3393,17194,21543,8004,17214,4972,7786,11610,1.0,29:54,2015,2016
2015-16,1938,Manu Ginobili,Manu,1610612759,SAS,San Antonio Spurs,21500061,2015-11-04T00:00:00,SAS @ WAS,L,21.9,2.0,0.0,0.0,4.0,15.0,0.0,2.0,16.0,0.0,0.0,0.0,4.0,20.4,1,13074,13074,13074,14289,6026,10158,9917,8599,23079,1,4025,15259,8004,1,1,2748,11453,1.0,21:52,2015,2016
2015-16,2756,Sasha Vujacic,Sasha,1610612752,NYK,New York Knicks,21500063,2015-11-04T00:00:00,NYK @ CLE,L,21.8,0.0,2.0,0.0,4.0,6.0,3.0,14.0,14.0,0.0,0.0,0.0,0.0,11.8,1,13074,13074,13074,14302,12059,4731,9917,8599,10028,7138,23710,17019,8004,1,1,18762,17832,1.0,21:50,2015,2016
2015-16,204001,Kristaps Porziņģis,Kristaps,1610612752,NYK,New York Knicks,21500063,2015-11-04T00:00:00,NYK @ CLE,L,20.7,0.0,2.0,0.0,6.0,6.0,5.0,12.0,18.0,2.0,0.0,5.0,1.0,31.3,1,13074,13074,13074,15345,12059,4731,9917,5299,10028,11469,22259,13577,932,1,24686,12373,5258,1.0,20:39,2015,2016
2015-16,101179,Ronnie Price,Ronnie,1610612756,PHX,Phoenix Suns,21500067,2015-11-04T00:00:00,PHX vs. SAC,W,17.0,0.0,0.0,3.0,0.0,11.0,0.0,6.0,10.0,0.0,0.0,1.0,0.0,15.5,1,1,1,1,18273,12059,10158,3302,18861,18886,1,13388,20209,8004,1,4972,18762,15004,1.0,17:00,2015,2016
2015-16,201152,Thaddeus Young,Thaddeus,1610612751,BKN,Brooklyn Nets,21500062,2015-11-04T00:00:00,BKN @ ATL,L,33.9,0.0,2.0,2.0,6.0,20.0,4.0,10.0,20.0,1.0,2.0,3.0,2.0,31.3,1,13074,13074,13074,4396,12059,4731,4675,5299,25338,8458,20169,11929,2692,23588,17641,7786,5258,1.0,33:56,2015,2016
2015-16,203110,Draymond Green,Draymond,1610612744,GSW,Golden State Warriors,21500069,2015-11-04T00:00:00,GSW vs. LAC,W,39.2,0.0,1.0,5.0,4.0,7.0,10.0,16.0,40.0,0.0,2.0,5.0,6.0,26.5,1,1,1,1,1002,12059,9709,1277,8599,12242,20509,24641,983,8004,23588,24686,873,7627,1.0,39:10,2015,2016
2015-16,201942,DeMar DeRozan,DeMar,1610612761,TOR,Toronto Raptors,21500066,2015-11-04T00:00:00,TOR @ OKC,W,38.6,6.0,0.0,2.0,10.0,13.0,6.0,17.0,26.0,0.0,1.0,1.0,10.0,42.5,1,1,1,1,1225,878,10158,4675,1840,21300,13237,24967,7214,8004,17214,4972,76,1841,1.0,38:35,2015,2016
2015-16,203145,Kent Bazemore,Kent,1610612737,ATL,Atlanta Hawks,21500062,2015-11-04T00:00:00,ATL vs. BKN,W,27.5,0.0,0.0,0.0,0.0,8.0,8.0,5.0,28.0,2.0,0.0,3.0,0.0,31.3,1,1,1,1,9648,12059,10158,9917,18861,13914,17345,11593,5824,932,1,17641,18762,5258,1.0,27:27,2015,2016
2015-16,203468,CJ McCollum,CJ,1610612757,POR,Portland Trail Blazers,21500068,2015-11-04T00:00:00,POR @ UTA,W,35.4,1.0,3.0,1.0,8.0,14.0,8.0,8.0,32.0,0.0,0.0,2.0,3.0,31.2,1,1,1,1,3207,11535,3104,9347,3109,22292,17345,17194,3535,8004,1,11390,4736,5304,1.0,35:26,2015,2016
2015-16,200752,Rudy Gay,Rudy,1610612758,SAC,Sacramento Kings,21500067,2015-11-04T00:00:00,SAC @ PHX,L,30.3,2.0,2.0,2.0,6.0,12.0,10.0,13.0,20.0,1.0,1.0,5.0,1.0,31.1,1,13074,13074,13074,7304,6026,4731,4675,5299,20178,20509,23048,11929,2692,17214,24686,12373,5354,1.0,30:15,2015,2016
2015-16,203114,Khris Middleton,Khris,1610612749,MIL,Milwaukee Bucks,21500065,2015-11-04T00:00:00,MIL vs. PHI,W,35.6,8.0,2.0,0.0,2.0,8.0,9.0,15.0,38.0,0.0,1.0,2.0,7.0,31.1,1,1,1,1,3031,308,4731,9917,12984,13914,19144,24242,1422,8004,17214,11390,469,5354,1.0,35:38,2015,2016
2015-16,201168,Tiago Splitter,Tiago,1610612737,ATL,Atlanta Hawks,21500062,2015-11-04T00:00:00,ATL vs. BKN,W,19.8,6.0,4.0,0.0,8.0,6.0,7.0,3.0,10.0,0.0,0.0,4.0,0.0,15.6,1,1,1,1,16071,878,1596,9917,3109,10028,15642,7328,20209,8004,1,22104,18762,14916,1.0,19:48,2015,2016
2015-16,201599,DeAndre Jordan,DeAndre,1610612746,LAC,LA Clippers,21500069,2015-11-04T00:00:00,LAC @ GSW,L,34.3,0.0,0.0,2.0,10.0,12.0,9.0,9.0,24.0,2.0,0.0,3.0,5.0,31.1,1,13074,13074,13074,4121,12059,10158,4675,1840,20178,19144,18829,8723,932,1,17641,1539,5354,1.0,34:16,2015,2016
2015-16,2446,Rasual Butler,Rasual,1610612759,SAS,San Antonio Spurs,21500061,2015-11-04T00:00:00,SAS @ WAS,L,8.9,0.0,0.0,0.0,2.0,5.0,0.0,5.0,14.0,2.0,0.0,0.0,0.0,20.4,1,13074,13074,13074,22863,12059,10158,9917,12984,8403,1,11593,17019,932,1,1,18762,11453,1.0,8:56,2015,2016
2015-16,203486,Mason Plumlee,Mason,1610612757,POR,Portland Trail Blazers,21500068,2015-11-04T00:00:00,POR @ UTA,W,34.5,3.0,2.0,2.0,10.0,18.0,7.0,7.0,32.0,2.0,0.0,4.0,5.0,41.2,1,1,1,1,3918,4307,4731,4675,1840,24749,15642,15538,3535,932,1,22104,1539,2099,1.0,34:32,2015,2016
2015-16,203490,Otto Porter Jr.,Otto,1610612764,WAS,Washington Wizards,21500061,2015-11-04T00:00:00,WAS vs. SAS,W,37.5,2.0,2.0,6.0,6.0,5.0,2.0,12.0,26.0,1.0,0.0,1.0,2.0,26.4,1,1,1,1,1749,6026,4731,740,5299,8403,3734,22259,7214,2692,1,4972,7786,7672,1.0,37:30,2015,2016
2015-16,203504,Trey Burke,Trey,1610612762,UTA,Utah Jazz,21500068,2015-11-04T00:00:00,UTA vs. POR,L,26.4,6.0,3.0,2.0,6.0,2.0,7.0,5.0,26.0,0.0,0.0,1.0,1.0,20.4,1,13074,13074,13074,10550,878,3104,4675,5299,2619,15642,11593,7214,8004,1,4972,12373,11453,1.0,26:22,2015,2016
2015-16,201978,Chase Budinger,Chase,1610612754,IND,Indiana Pacers,21500060,2015-11-04T00:00:00,IND vs. BOS,W,18.6,2.0,0.0,2.0,4.0,3.0,6.0,1.0,14.0,0.0,0.0,1.0,0.0,12.3,1,1,1,1,17000,6026,10158,4675,8599,5109,13237,3646,17019,8004,1,4972,18762,17524,1.0,18:38,2015,2016
2015-16,202685,Jonas Valančiūnas,Jonas,1610612761,TOR,Toronto Raptors,21500066,2015-11-04T00:00:00,TOR @ OKC,W,28.7,0.0,4.0,0.0,12.0,6.0,4.0,17.0,18.0,0.0,0.0,5.0,4.0,30.7,1,1,1,1,8667,12059,1596,9917,988,10028,8458,24967,13577,8004,1,24686,2748,5539,1.0,28:41,2015,2016
2015-16,201143,Al Horford,Al,1610612737,ATL,Atlanta Hawks,21500062,2015-11-04T00:00:00,ATL vs. BKN,W,29.9,6.0,0.0,6.0,6.0,12.0,5.0,10.0,32.0,2.0,0.0,0.0,2.0,42.6,1,1,1,1,7624,878,10158,740,5299,20178,11469,20169,3535,932,1,1,7786,1822,1.0,29:54,2015,2016
2015-16,202730,Lavoy Allen,Lavoy,1610612754,IND,Indiana Pacers,21500060,2015-11-04T00:00:00,IND vs. BOS,W,28.6,4.0,0.0,0.0,4.0,17.0,7.0,14.0,14.0,0.0,1.0,5.0,2.0,20.7,1,1,1,1,8698,2460,10158,9917,8599,24337,15642,23710,17019,8004,17214,24686,7786,11252,1.0,28:38,2015,2016
2015-16,201951,Ty Lawson,Ty,1610612745,HOU,Houston Rockets,21500064,2015-11-04T00:00:00,HOU vs. ORL,W,41.3,5.0,0.0,0.0,4.0,8.0,6.0,10.0,42.0,0.0,1.0,1.0,3.0,30.8,1,1,1,1,422,1603,10158,9917,8599,13914,13237,20169,670,8004,17214,4972,4736,5493,1.0,41:20,2015,2016
2015-16,200794,Paul Millsap,Paul,1610612737,ATL,Atlanta Hawks,21500062,2015-11-04T00:00:00,ATL vs. BKN,W,30.6,6.0,0.0,2.0,4.0,6.0,8.0,5.0,26.0,0.0,0.0,3.0,2.0,41.3,1,1,1,1,7022,878,10158,4675,8599,10028,17345,11593,7214,8004,1,17641,7786,2074,1.0,30:36,2015,2016
2015-16,101127,Jarrett Jack,Jarrett,1610612751,BKN,Brooklyn Nets,21500062,2015-11-04T00:00:00,BKN @ ATL,L,27.1,2.0,2.0,0.0,6.0,13.0,1.0,8.0,14.0,1.0,2.0,5.0,1.0,20.5,1,13074,13074,13074,9897,6026,4731,9917,5299,21300,3393,17194,17019,2692,23588,24686,12373,11401,1.0,27:08,2015,2016
2015-16,201155,Rodney Stuckey,Rodney,1610612754,IND,Indiana Pacers,21500060,2015-11-04T00:00:00,IND vs. BOS,W,27.0,5.0,0.0,2.0,2.0,13.0,5.0,6.0,16.0,0.0,0.0,3.0,1.0,12.0,1,1,1,1,9985,1603,10158,4675,12984,21300,11469,13388,15259,8004,1,17641,12373,17703,1.0,27:02,2015,2016
2015-16,201956,Omri Casspi,Omri,1610612758,SAC,Sacramento Kings,21500067,2015-11-04T00:00:00,SAC @ PHX,L,20.1,0.0,0.0,0.0,0.0,20.0,6.0,13.0,22.0,0.0,0.0,0.0,5.0,15.3,1,13074,13074,13074,15859,12059,10158,9917,18861,25338,13237,23048,10265,8004,1,1,1539,15150,1.0,20:05,2015,2016
2015-16,202709,Cory Joseph,Cory,1610612761,TOR,Toronto Raptors,21500066,2015-11-04T00:00:00,TOR @ OKC,W,25.5,0.0,4.0,0.0,8.0,9.0,0.0,6.0,12.0,0.0,0.0,0.0,1.0,26.3,1,1,1,1,11293,12059,1596,9917,3109,15771,1,13388,18637,8004,1,1,12373,7733,1.0,25:30,2015,2016
2015-16,101145,Monta Ellis,Monta,1610612754,IND,Indiana Pacers,21500060,2015-11-04T00:00:00,IND vs. BOS,W,33.5,0.0,3.0,0.0,2.0,12.0,5.0,11.0,14.0,0.0,0.0,2.0,1.0,31.0,1,1,1,1,4777,12059,3104,9917,12984,20178,11469,21342,17019,8004,1,11390,12373,5406,1.0,33:28,2015,2016
2015-16,203081,Damian Lillard,Damian,1610612757,POR,Portland Trail Blazers,21500068,2015-11-04T00:00:00,POR @ UTA,W,40.1,0.0,0.0,3.0,10.0,19.0,11.0,7.0,34.0,0.0,4.0,3.0,2.0,41.3,1,1,1,1,704,12059,10158,3302,1840,25074,21814,15538,2701,8004,25926,17641,7786,2074,1.0,40:07,2015,2016
2015-16,202328,Greg Monroe,Greg,1610612749,MIL,Milwaukee Bucks,21500065,2015-11-04T00:00:00,MIL vs. PHI,W,36.3,2.0,4.0,0.0,14.0,9.0,9.0,15.0,32.0,0.0,2.0,3.0,6.0,40.6,1,1,1,1,2564,6026,1596,9917,542,15771,19144,24242,3535,8004,23588,17641,873,2230,1.0,36:16,2015,2016
2015-16,202692,Alec Burks,Alec,1610612762,UTA,Utah Jazz,21500068,2015-11-04T00:00:00,UTA vs. POR,L,32.3,4.0,1.0,4.0,10.0,5.0,8.0,5.0,32.0,0.0,2.0,3.0,8.0,30.3,1,13074,13074,13074,5675,2460,9709,1913,1840,8403,17345,11593,3535,8004,23588,17641,254,5702,1.0,32:16,2015,2016
2015-16,203526,Raul Neto,Raul,1610612762,UTA,Utah Jazz,21500068,2015-11-04T00:00:00,UTA vs. POR,L,15.4,0.0,0.0,0.0,0.0,0.0,4.0,7.0,14.0,0.0,0.0,0.0,1.0,11.6,1,13074,13074,13074,19463,12059,10158,9917,18861,1,8458,15538,17019,8004,1,1,12373,17970,1.0,15:26,2015,2016
2015-16,203507,Giannis Antetokounmpo,Giannis,1610612749,MIL,Milwaukee Bucks,21500065,2015-11-04T00:00:00,MIL vs. PHI,W,40.5,7.0,0.0,7.0,10.0,9.0,19.0,18.0,44.0,1.0,2.0,2.0,5.0,30.5,1,1,1,1,595,548,10158,454,1840,15771,25786,25228,454,2692,23588,11390,1539,5620,1.0,40:32,2015,2016
2015-16,201566,Russell Westbrook,Russell,1610612760,OKC,Oklahoma City Thunder,21500066,2015-11-04T00:00:00,OKC vs. TOR,L,35.3,7.0,0.0,4.0,2.0,6.0,13.0,2.0,36.0,0.0,1.0,4.0,4.0,50.0,1,13074,13074,13074,3297,548,10158,1913,12984,10028,23668,4025,1943,8004,17214,22104,2748,756,1.0,35:20,2015,2016
2015-16,203095,Evan Fournier,Evan,1610612753,ORL,Orlando Magic,21500064,2015-11-04T00:00:00,ORL @ HOU,L,45.8,6.0,2.0,9.0,12.0,15.0,18.0,7.0,44.0,0.0,0.0,5.0,5.0,44.2,1,13074,13074,13074,67,878,4731,184,988,23079,25634,15538,454,8004,1,24686,1539,1515,1.0,45:45,2015,2016
2015-16,201572,Brook Lopez,Brook,1610612751,BKN,Brooklyn Nets,21500062,2015-11-04T00:00:00,BKN @ ATL,L,36.0,2.0,3.0,3.0,12.0,19.0,5.0,8.0,16.0,1.0,0.0,1.0,6.0,45.7,1,13074,13074,13074,2759,6026,3104,3302,988,25074,11469,17194,15259,2692,1,4972,873,1251,1.0,36:00,2015,2016
2015-16,202684,Tristan Thompson,Tristan,1610612739,CLE,Cleveland Cavaliers,21500063,2015-11-04T00:00:00,CLE vs. NYK,W,25.6,2.0,2.0,0.0,8.0,11.0,3.0,0.0,14.0,1.0,1.0,1.0,2.0,29.1,1,1,1,1,11220,6026,4731,9917,3109,18886,7138,1,17019,2692,17214,4972,7786,6285,1.0,25:36,2015,2016
2015-16,201142,Kevin Durant,Kevin,1610612760,OKC,Oklahoma City Thunder,21500066,2015-11-04T00:00:00,OKC vs. TOR,L,37.7,0.0,0.0,7.0,10.0,6.0,15.0,4.0,42.0,3.0,0.0,1.0,4.0,55.4,1,13074,13074,13074,1668,12059,10158,454,1840,10028,24781,8806,670,347,1,4972,2748,379,1.0,37:41,2015,2016
2015-16,203506,Victor Oladipo,Victor,1610612753,ORL,Orlando Magic,21500064,2015-11-04T00:00:00,ORL @ HOU,L,43.6,2.0,0.0,6.0,8.0,15.0,16.0,8.0,46.0,0.0,0.0,2.0,1.0,35.9,1,13074,13074,13074,155,6026,10158,740,3109,23079,25155,17194,298,8004,1,11390,12373,3505,1.0,43:36,2015,2016
2015-16,203917,Nik Stauskas,Nik,1610612755,PHI,Philadelphia 76ers,21500065,2015-11-04T00:00:00,PHI @ MIL,L,34.7,3.0,0.0,8.0,4.0,12.0,8.0,5.0,26.0,0.0,1.0,1.0,3.0,24.4,1,13074,13074,13074,3757,4307,10158,280,8599,20178,17345,11593,7214,8004,17214,4972,4736,8867,1.0,34:44,2015,2016
2015-16,203482,Kelly Olynyk,Kelly,1610612738,BOS,Boston Celtics,21500060,2015-11-04T00:00:00,BOS @ IND,L,10.5,0.0,0.0,0.0,0.0,6.0,7.0,0.0,4.0,2.0,1.0,1.0,0.0,7.4,1,13074,13074,13074,22220,12059,10158,9917,18861,10028,15642,1,23698,932,17214,4972,18762,20912,1.0,10:32,2015,2016
2015-16,203457,Nerlens Noel,Nerlens,1610612755,PHI,Philadelphia 76ers,21500065,2015-11-04T00:00:00,PHI @ MIL,L,33.1,0.0,8.0,2.0,14.0,9.0,9.0,5.0,22.0,1.0,0.0,5.0,2.0,35.9,1,13074,13074,13074,5077,12059,137,4675,542,15771,19144,11593,10265,2692,1,24686,7786,3505,1.0,33:03,2015,2016
2015-16,201952,Jeff Teague,Jeff,1610612737,ATL,Atlanta Hawks,21500062,2015-11-04T00:00:00,ATL vs. BKN,W,28.2,0.0,0.0,0.0,8.0,16.0,5.0,10.0,32.0,1.0,0.0,2.0,9.0,36.2,1,1,1,1,9089,12059,10158,9917,3109,23774,11469,20169,3535,2692,1,11390,138,3407,1.0,28:11,2015,2016
2015-16,201939,Stephen Curry,Stephen,1610612744,GSW,Golden State Warriors,21500069,2015-11-04T00:00:00,GSW vs. LAC,W,32.6,8.0,3.0,0.0,0.0,6.0,10.0,7.0,34.0,0.0,1.0,3.0,4.0,46.0,1,1,1,1,5396,308,3104,9917,18861,10028,20509,15538,2701,8004,17214,17641,2748,1198,1.0,32:38,2015,2016
2015-16,201933,Blake Griffin,Blake,1610612746,LAC,LA Clippers,21500069,2015-11-04T00:00:00,LAC @ GSW,L,37.8,0.0,2.0,2.0,10.0,13.0,9.0,17.0,26.0,1.0,1.0,4.0,4.0,45.0,1,13074,13074,13074,1592,12059,4731,4675,1840,21300,19144,24967,7214,2692,17214,22104,2748,1357,1.0,37:49,2015,2016
2015-16,201158,Marco Belinelli,Marco,1610612758,SAC,Sacramento Kings,21500067,2015-11-04T00:00:00,SAC @ PHX,L,26.2,6.0,0.0,6.0,8.0,16.0,12.0,13.0,26.0,0.0,0.0,2.0,2.0,23.9,1,13074,13074,13074,10673,878,10158,740,3109,23774,22832,23048,7214,8004,1,11390,7786,9184,1.0,26:13,2015,2016
2015-16,203901,Elfrid Payton,Elfrid,1610612753,ORL,Orlando Magic,21500064,2015-11-04T00:00:00,ORL @ HOU,L,29.2,0.0,0.0,0.0,2.0,9.0,14.0,8.0,38.0,1.0,0.0,4.0,1.0,23.9,1,13074,13074,13074,8236,12059,10158,9917,12984,15771,24300,17194,1422,2692,1,22104,12373,9184,1.0,29:11,2015,2016
2015-16,203078,Bradley Beal,Bradley,1610612764,WAS,Washington Wizards,21500061,2015-11-04T00:00:00,WAS vs. SAS,W,36.3,10.0,0.0,7.0,12.0,7.0,4.0,15.0,34.0,0.0,0.0,3.0,5.0,45.0,1,1,1,1,2566,99,10158,454,988,12242,8458,24242,2701,8004,1,17641,1539,1357,1.0,36:16,2015,2016
2015-16,202322,John Wall,John,1610612764,WAS,Washington Wizards,21500061,2015-11-04T00:00:00,WAS vs. SAS,W,35.3,4.0,0.0,5.0,6.0,5.0,2.0,15.0,28.0,1.0,0.0,3.0,5.0,52.9,1,1,1,1,3296,2460,10158,1277,5299,8403,3734,24242,5824,2692,1,17641,1539,529,1.0,35:20,2015,2016
2015-16,201935,James Harden,James,1610612745,HOU,Houston Rockets,21500064,2015-11-04T00:00:00,HOU vs. ORL,W,43.6,4.0,5.0,5.0,4.0,14.0,8.0,24.0,50.0,0.0,2.0,5.0,11.0,35.4,1,1,1,1,152,2460,995,1277,8599,22292,17345,25937,107,8004,23588,24686,44,3684,1.0,43:39,2015,2016
2015-16,2555,Nick Collison,Nick,1610612760,OKC,Oklahoma City Thunder,21500066,2015-11-04T00:00:00,OKC vs. TOR,L,15.1,0.0,0.0,0.0,2.0,2.0,9.0,4.0,20.0,0.0,1.0,2.0,0.0,11.6,1,13074,13074,13074,19663,12059,10158,9917,12984,2619,19144,8806,11929,8004,17214,11390,18762,17970,1.0,15:08,2015,2016
2015-16,202695,Kawhi Leonard,Kawhi,1610612759,SAS,San Antonio Spurs,21500061,2015-11-04T00:00:00,SAS @ WAS,L,34.8,2.0,0.0,4.0,10.0,18.0,2.0,22.0,34.0,0.0,2.0,4.0,2.0,35.8,1,13074,13074,13074,3673,6026,10158,1913,1840,24749,3734,25811,2701,8004,23588,22104,7786,3541,1.0,34:50,2015,2016
2015-16,1495,Tim Duncan,Tim,1610612759,SAS,San Antonio Spurs,21500061,2015-11-04T00:00:00,SAS @ WAS,L,26.6,0.0,2.0,0.0,6.0,15.0,0.0,19.0,24.0,0.0,0.0,4.0,1.0,24.7,1,13074,13074,13074,10356,12059,4731,9917,5299,23079,1,25435,8723,8004,1,22104,12373,8673,1.0,26:37,2015,2016
2015-16,203458,Alex Len,Alex,1610612756,PHX,Phoenix Suns,21500067,2015-11-04T00:00:00,PHX vs. SAC,W,22.2,6.0,6.0,0.0,12.0,9.0,0.0,6.0,14.0,0.0,1.0,2.0,2.0,24.9,1,1,1,1,14035,878,481,9917,988,15771,1,13388,17019,8004,17214,11390,7786,8553,1.0,22:10,2015,2016
2015-16,203109,Jae Crowder,Jae,1610612738,BOS,Boston Celtics,21500060,2015-11-04T00:00:00,BOS @ IND,L,32.9,1.0,3.0,1.0,4.0,13.0,20.0,2.0,18.0,0.0,0.0,1.0,5.0,24.7,1,13074,13074,13074,5196,11535,3104,9347,8599,21300,25875,4025,13577,8004,1,4972,1539,8673,1.0,32:55,2015,2016
2015-16,201588,George Hill,George,1610612754,IND,Indiana Pacers,21500060,2015-11-04T00:00:00,IND vs. BOS,W,34.1,3.0,0.0,0.0,0.0,17.0,10.0,11.0,24.0,0.0,1.0,2.0,6.0,24.4,1,1,1,1,4307,4307,10158,9917,18861,24337,20509,21342,8723,8004,17214,11390,873,8867,1.0,34:03,2015,2016
2015-16,200768,Kyle Lowry,Kyle,1610612761,TOR,Toronto Raptors,21500066,2015-11-04T00:00:00,TOR @ OKC,W,33.9,0.0,3.0,0.0,4.0,10.0,6.0,17.0,28.0,0.0,1.0,4.0,3.0,24.3,1,1,1,1,4471,12059,3104,9917,8599,17370,13237,24967,5824,8004,17214,22104,4736,8939,1.0,33:51,2015,2016
2015-16,202339,Eric Bledsoe,Eric,1610612756,PHX,Phoenix Suns,21500067,2015-11-04T00:00:00,PHX vs. SAC,W,32.6,2.0,0.0,11.0,4.0,7.0,6.0,9.0,30.0,1.0,0.0,0.0,4.0,49.2,1,1,1,1,5408,6026,10158,69,8599,12242,13237,18829,4541,2692,1,1,2748,842,1.0,32:37,2015,2016
2015-16,2544,LeBron James,LeBron,1610612739,CLE,Cleveland Cavaliers,21500063,2015-11-04T00:00:00,CLE vs. NYK,W,35.1,15.0,4.0,10.0,16.0,5.0,11.0,0.0,20.0,1.0,4.0,1.0,7.0,45.5,1,1,1,1,3488,4,1596,118,275,8403,21814,1,11929,2692,25926,4972,469,1278,1.0,35:04,2015,2016
2015-16,202691,Klay Thompson,Klay,1610612744,GSW,Golden State Warriors,21500069,2015-11-04T00:00:00,GSW vs. LAC,W,32.5,2.0,2.0,4.0,4.0,7.0,10.0,12.0,36.0,1.0,0.0,2.0,2.0,36.5,1,1,1,1,5538,6026,4731,1913,8599,12242,20509,22259,1943,2692,1,11390,7786,3326,1.0,32:27,2015,2016
2015-16,203200,Justin Holiday,Justin,1610612737,ATL,Atlanta Hawks,21500062,2015-11-04T00:00:00,ATL vs. BKN,W,29.1,0.0,0.0,0.0,0.0,8.0,7.0,5.0,14.0,4.0,2.0,1.0,1.0,24.2,1,1,1,1,8295,12059,10158,9917,18861,13914,15642,11593,17019,132,23588,4972,12373,9009,1.0,29:06,2015,2016
2015-16,202335,Patrick Patterson,Patrick,1610612761,TOR,Toronto Raptors,21500066,2015-11-04T00:00:00,TOR @ OKC,W,23.4,0.0,0.0,0.0,4.0,11.0,2.0,2.0,18.0,2.0,0.0,1.0,0.0,24.9,1,1,1,1,13077,12059,10158,9917,8599,18886,3734,4025,13577,932,1,4972,18762,8553,1.0,23:21,2015,2016
2015-16,202324,Derrick Favors,Derrick,1610612762,UTA,Utah Jazz,21500068,2015-11-04T00:00:00,UTA vs. POR,L,24.6,3.0,3.0,0.0,2.0,0.0,5.0,7.0,22.0,2.0,2.0,4.0,3.0,36.5,1,13074,13074,13074,12016,4307,3104,9917,12984,1,11469,15538,10265,932,23588,22104,4736,3326,1.0,24:36,2015,2016
2015-16,101108,Chris Paul,Chris,1610612746,LAC,LA Clippers,21500069,2015-11-04T00:00:00,LAC @ GSW,L,30.9,5.0,2.0,5.0,12.0,9.0,9.0,15.0,24.0,0.0,0.0,4.0,6.0,48.1,1,13074,13074,13074,6830,1603,4731,1277,988,15771,19144,24242,8723,8004,1,22104,873,952,1.0,30:53,2015,2016
2015-16,202331,Paul George,Paul,1610612754,IND,Indiana Pacers,21500060,2015-11-04T00:00:00,IND vs. BOS,W,31.2,5.0,9.0,0.0,2.0,16.0,5.0,10.0,14.0,0.0,1.0,4.0,4.0,46.5,1,1,1,1,6567,1603,77,9917,12984,23774,11469,20169,17019,8004,17214,22104,2748,1137,1.0,31:11,2015,2016
2015-16,203500,Steven Adams,Steven,1610612760,OKC,Oklahoma City Thunder,21500066,2015-11-04T00:00:00,OKC vs. TOR,L,26.6,0.0,4.0,2.0,8.0,4.0,12.0,4.0,28.0,4.0,0.0,3.0,2.0,29.9,1,13074,13074,13074,10371,12059,1596,4675,3109,6141,22832,8806,5824,132,1,17641,7786,5884,1.0,26:36,2015,2016
2015-16,2772,Trevor Ariza,Trevor,1610612745,HOU,Houston Rockets,21500064,2015-11-04T00:00:00,HOU vs. ORL,W,41.4,3.0,0.0,0.0,2.0,14.0,6.0,16.0,46.0,0.0,0.0,3.0,2.0,36.4,1,1,1,1,413,4307,10158,9917,12984,22292,13237,24641,298,8004,1,17641,7786,3353,1.0,41:22,2015,2016
2015-16,203096,Jared Sullinger,Jared,1610612738,BOS,Boston Celtics,21500060,2015-11-04T00:00:00,BOS @ IND,L,27.3,2.0,4.0,0.0,4.0,9.0,18.0,2.0,16.0,2.0,0.0,3.0,1.0,36.2,1,13074,13074,13074,9763,6026,1596,9917,8599,15771,25634,4025,15259,932,1,17641,12373,3407,1.0,27:18,2015,2016
2015-16,2546,Carmelo Anthony,Carmelo,1610612752,NYK,New York Knicks,21500063,2015-11-04T00:00:00,NYK @ CLE,L,36.8,1.0,4.0,0.0,4.0,17.0,14.0,20.0,26.0,2.0,1.0,4.0,3.0,45.4,1,13074,13074,13074,2190,11535,1596,9917,8599,24337,24300,25599,7214,932,17214,22104,4736,1291,1.0,36:50,2015,2016
2015-16,200755,JJ Redick,JJ,1610612746,LAC,LA Clippers,21500069,2015-11-04T00:00:00,LAC @ GSW,L,28.7,0.0,3.0,0.0,2.0,9.0,9.0,9.0,22.0,0.0,0.0,1.0,1.0,17.7,1,13074,13074,13074,8624,12059,3104,9917,12984,15771,19144,18829,10265,8004,1,4972,12373,13380,1.0,28:43,2015,2016
2015-16,202688,Brandon Knight,Brandon,1610612756,PHX,Phoenix Suns,21500067,2015-11-04T00:00:00,PHX vs. SAC,W,32.6,2.0,2.0,0.0,2.0,5.0,6.0,14.0,36.0,1.0,1.0,1.0,3.0,32.9,1,1,1,1,5408,6026,4731,9917,12984,8403,13237,23710,1943,2692,17214,4972,4736,4566,1.0,32:37,2015,2016
2015-16,201980,Danny Green,Danny,1610612759,SAS,San Antonio Spurs,21500061,2015-11-04T00:00:00,SAS @ WAS,L,29.3,3.0,0.0,3.0,0.0,15.0,2.0,19.0,30.0,1.0,0.0,2.0,2.0,17.6,1,13074,13074,13074,8166,4307,10158,3302,18861,23079,3734,25435,4541,2692,1,11390,7786,13443,1.0,29:15,2015,2016
2015-16,203124,Kyle O'Quinn,Kyle,1610612752,NYK,New York Knicks,21500063,2015-11-04T00:00:00,NYK @ CLE,L,19.0,4.0,0.0,0.0,2.0,9.0,5.0,14.0,16.0,2.0,0.0,3.0,1.0,22.5,1,13074,13074,13074,16684,2460,10158,9917,12984,15771,11469,23710,15259,932,1,17641,12373,10082,1.0,19:01,2015,2016
2015-16,2730,Dwight Howard,Dwight,1610612745,HOU,Houston Rockets,21500064,2015-11-04T00:00:00,HOU vs. ORL,W,31.2,2.0,9.0,2.0,20.0,12.0,6.0,10.0,36.0,0.0,0.0,4.0,6.0,39.8,1,1,1,1,6536,6026,77,4675,59,20178,13237,20169,1943,8004,1,22104,873,2422,1.0,31:13,2015,2016
2015-16,202738,Isaiah Thomas,Isaiah,1610612738,BOS,Boston Celtics,21500060,2015-11-04T00:00:00,BOS @ IND,L,35.8,12.0,3.0,8.0,8.0,21.0,18.0,4.0,20.0,0.0,0.0,1.0,7.0,39.7,1,13074,13074,13074,2915,27,3104,280,3109,25535,25634,8806,11929,8004,1,4972,469,2451,1.0,35:46,2015,2016
2015-16,203924,Jerami Grant,Jerami,1610612755,PHI,Philadelphia 76ers,21500065,2015-11-04T00:00:00,PHI @ MIL,L,22.9,0.0,0.0,2.0,6.0,2.0,6.0,0.0,10.0,4.0,1.0,2.0,1.0,32.9,1,13074,13074,13074,13494,12059,10158,4675,5299,2619,13237,1,20209,132,17214,11390,12373,4566,1.0,22:51,2015,2016
2015-16,203471,Dennis Schröder,Dennis,1610612737,ATL,Atlanta Hawks,21500062,2015-11-04T00:00:00,ATL vs. BKN,W,28.2,4.0,0.0,4.0,6.0,2.0,8.0,5.0,24.0,0.0,1.0,2.0,3.0,28.6,1,1,1,1,9053,2460,10158,1913,5299,2619,17345,11593,8723,8004,17214,11390,4736,6560,1.0,28:14,2015,2016
2015-16,202329,Al-Farouq Aminu,Al-Farouq,1610612757,POR,Portland Trail Blazers,21500068,2015-11-04T00:00:00,POR @ UTA,W,36.0,1.0,5.0,4.0,8.0,18.0,8.0,7.0,36.0,0.0,1.0,3.0,4.0,28.1,1,1,1,1,2773,11535,995,1913,3109,24749,17345,15538,1943,8004,17214,17641,2748,6818,1.0,35:59,2015,2016
2015-16,200746,LaMarcus Aldridge,LaMarcus,1610612759,SAS,San Antonio Spurs,21500061,2015-11-04T00:00:00,SAS @ WAS,L,35.1,0.0,4.0,2.0,8.0,18.0,2.0,17.0,28.0,0.0,0.0,4.0,3.0,27.5,1,13074,13074,13074,3463,12059,1596,4675,3109,24749,3734,24967,5824,8004,1,22104,4736,7137,1.0,35:06,2015,2016
2015-16,202683,Enes Freedom,Enes,1610612760,OKC,Oklahoma City Thunder,21500066,2015-11-04T00:00:00,OKC vs. TOR,L,17.3,6.0,2.0,0.0,6.0,6.0,4.0,2.0,16.0,0.0,1.0,2.0,1.0,22.7,1,13074,13074,13074,18032,878,4731,9917,5299,10028,8458,4025,15259,8004,17214,11390,12373,9938,1.0,17:19,2015,2016
2015-16,204038,Langston Galloway,Langston,1610612752,NYK,New York Knicks,21500063,2015-11-04T00:00:00,NYK @ CLE,L,28.5,3.0,3.0,0.0,2.0,18.0,11.0,14.0,26.0,0.0,0.0,1.0,1.0,21.8,1,13074,13074,13074,8779,4307,3104,9917,12984,24749,21814,23710,7214,8004,1,4972,12373,10526,1.0,28:32,2015,2016
2015-16,201196,Ramon Sessions,Ramon,1610612764,WAS,Washington Wizards,21500061,2015-11-04T00:00:00,WAS vs. SAS,W,16.2,3.0,0.0,2.0,0.0,2.0,4.0,2.0,16.0,0.0,2.0,0.0,1.0,16.9,1,1,1,1,18869,4307,10158,4675,18861,2619,8458,4025,15259,8004,23588,1,12373,13911,1.0,16:13,2015,2016
2015-16,203084,Harrison Barnes,Harrison,1610612744,GSW,Golden State Warriors,21500069,2015-11-04T00:00:00,GSW vs. LAC,W,35.7,0.0,3.0,4.0,6.0,13.0,10.0,13.0,38.0,1.0,0.0,1.0,4.0,33.3,1,1,1,1,3014,12059,3104,1913,5299,21300,20509,23048,1422,2692,1,4972,2748,4423,1.0,35:39,2015,2016
2015-16,201941,Jordan Hill,Jordan,1610612754,IND,Indiana Pacers,21500060,2015-11-04T00:00:00,IND vs. BOS,W,29.3,0.0,8.0,0.0,6.0,17.0,7.0,14.0,14.0,0.0,1.0,2.0,1.0,32.0,1,1,1,1,8108,12059,137,9917,5299,24337,15642,23710,17019,8004,17214,11390,12373,4945,1.0,29:19,2015,2016
2015-16,1626178,Rondae Hollis-Jefferson,Rondae,1610612751,BKN,Brooklyn Nets,21500062,2015-11-04T00:00:00,BKN @ ATL,L,11.4,0.0,0.0,0.0,0.0,1.0,1.0,0.0,2.0,0.0,2.0,0.0,0.0,14.1,1,13074,13074,13074,21862,12059,10158,9917,18861,2356,3393,1,24614,8004,23588,1,18762,16094,1.0,11:25,2015,2016
2015-16,200782,P.J. Tucker,P.J.,1610612756,PHX,Phoenix Suns,21500067,2015-11-04T00:00:00,PHX vs. SAC,W,20.6,6.0,0.0,0.0,0.0,4.0,4.0,7.0,20.0,0.0,0.0,2.0,1.0,14.0,1,1,1,1,15404,878,10158,9917,18861,6141,8458,15538,11929,8004,1,11390,12373,16166,1.0,20:35,2015,2016
2015-16,201147,Corey Brewer,Corey,1610612745,HOU,Houston Rockets,21500064,2015-11-04T00:00:00,HOU vs. ORL,W,35.4,0.0,0.0,0.0,2.0,6.0,6.0,12.0,30.0,0.0,2.0,3.0,2.0,17.3,1,1,1,1,3249,12059,10158,9917,12984,10028,13237,22259,4541,8004,23588,17641,7786,13671,1.0,35:22,2015,2016
2015-16,2210,Richard Jefferson,Richard,1610612739,CLE,Cleveland Cavaliers,21500063,2015-11-04T00:00:00,CLE vs. NYK,W,35.3,2.0,0.0,2.0,2.0,8.0,8.0,0.0,22.0,0.0,0.0,2.0,4.0,17.3,1,1,1,1,3321,6026,10158,4675,12984,13914,17345,1,10265,8004,1,11390,2748,13671,1.0,35:17,2015,2016
2015-16,202687,Bismack Biyombo,Bismack,1610612761,TOR,Toronto Raptors,21500066,2015-11-04T00:00:00,TOR @ OKC,W,19.3,2.0,2.0,0.0,4.0,11.0,2.0,2.0,18.0,1.0,0.0,2.0,6.0,14.0,1,1,1,1,16444,6026,4731,9917,8599,18886,3734,4025,13577,2692,1,11390,873,16166,1.0,19:19,2015,2016
2015-16,202693,Markieff Morris,Markieff,1610612756,PHX,Phoenix Suns,21500067,2015-11-04T00:00:00,PHX vs. SAC,W,24.8,4.0,2.0,0.0,6.0,5.0,6.0,11.0,26.0,1.0,2.0,0.0,3.0,22.1,1,1,1,1,11859,2460,4731,9917,5299,8403,13237,21342,7214,2692,23588,1,4736,10332,1.0,24:46,2015,2016
2015-16,201960,DeMarre Carroll,DeMarre,1610612761,TOR,Toronto Raptors,21500066,2015-11-04T00:00:00,TOR @ OKC,W,37.4,4.0,5.0,4.0,8.0,15.0,6.0,17.0,32.0,0.0,5.0,3.0,4.0,32.4,1,1,1,1,1797,2460,995,1913,3109,23079,13237,24967,3535,8004,26042,17641,2748,4768,1.0,37:26,2015,2016
2015-16,202340,Avery Bradley,Avery,1610612738,BOS,Boston Celtics,21500060,2015-11-04T00:00:00,BOS @ IND,L,35.4,2.0,0.0,3.0,2.0,11.0,24.0,2.0,22.0,0.0,0.0,3.0,2.0,32.5,1,13074,13074,13074,3196,6026,10158,3302,12984,18886,26041,4025,10265,8004,1,17641,7786,4726,1.0,35:26,2015,2016
2015-16,203497,Rudy Gobert,Rudy,1610612762,UTA,Utah Jazz,21500068,2015-11-04T00:00:00,UTA vs. POR,L,30.1,0.0,6.0,0.0,8.0,5.0,9.0,12.0,28.0,4.0,0.0,3.0,2.0,31.8,1,13074,13074,13074,7426,12059,481,9917,3109,8403,19144,22259,5824,132,1,17641,7786,5041,1.0,30:07,2015,2016
2015-16,200765,Rajon Rondo,Rajon,1610612758,SAC,Sacramento Kings,21500067,2015-11-04T00:00:00,SAC @ PHX,L,29.4,0.0,0.0,0.0,2.0,18.0,6.0,15.0,20.0,0.0,0.0,2.0,1.0,22.6,1,13074,13074,13074,8021,12059,10158,9917,12984,24749,13237,24242,11929,8004,1,11390,12373,10000,1.0,29:26,2015,2016
2015-16,1626143,Jahlil Okafor,Jahlil,1610612755,PHI,Philadelphia 76ers,21500065,2015-11-04T00:00:00,PHI @ MIL,L,34.7,6.0,3.0,2.0,18.0,21.0,10.0,12.0,34.0,2.0,1.0,3.0,3.0,32.2,1,13074,13074,13074,3771,878,3104,4675,131,25535,20509,22259,2701,932,17214,17641,4736,4846,1.0,34:43,2015,2016
2015-16,204060,Joe Ingles,Joe,1610612762,UTA,Utah Jazz,21500068,2015-11-04T00:00:00,UTA vs. POR,L,21.0,0.0,0.0,0.0,0.0,5.0,8.0,2.0,18.0,0.0,0.0,1.0,0.0,17.0,1,13074,13074,13074,15021,12059,10158,9917,18861,8403,17345,4025,13577,8004,1,4972,18762,13855,1.0,21:02,2015,2016
2015-16,203932,Aaron Gordon,Aaron,1610612753,ORL,Orlando Magic,21500064,2015-11-04T00:00:00,ORL @ HOU,L,32.0,4.0,4.0,2.0,12.0,8.0,4.0,3.0,20.0,1.0,0.0,1.0,6.0,32.1,1,13074,13074,13074,5860,2460,1596,4675,988,13914,8458,7328,11929,2692,1,4972,873,4889,1.0,32:02,2015,2016
2015-16,201585,Kosta Koufos,Kosta,1610612758,SAC,Sacramento Kings,21500067,2015-11-04T00:00:00,SAC @ PHX,L,28.4,0.0,4.0,2.0,14.0,20.0,14.0,10.0,20.0,2.0,0.0,5.0,0.0,32.4,1,13074,13074,13074,8969,12059,1596,4675,542,25338,24300,20169,11929,932,1,24686,18762,4768,1.0,28:21,2015,2016
2015-16,101135,David Lee,David,1610612738,BOS,Boston Celtics,21500060,2015-11-04T00:00:00,BOS @ IND,L,18.2,2.0,1.0,0.0,6.0,11.0,2.0,2.0,10.0,0.0,0.0,2.0,2.0,17.7,1,13074,13074,13074,17343,6026,9709,9917,5299,18886,3734,4025,20209,8004,1,11390,7786,13380,1.0,18:12,2015,2016
2015-16,201977,Marcus Thornton,Marcus,1610612745,HOU,Houston Rockets,21500064,2015-11-04T00:00:00,HOU vs. ORL,W,29.1,2.0,2.0,2.0,10.0,12.0,4.0,20.0,40.0,0.0,0.0,0.0,1.0,28.1,1,1,1,1,8315,6026,4731,4675,1840,20178,8458,25599,983,8004,1,1,12373,6818,1.0,29:04,2015,2016
2015-16,201162,Jared Dudley,Jared,1610612764,WAS,Washington Wizards,21500061,2015-11-04T00:00:00,WAS vs. SAS,W,17.2,0.0,0.0,0.0,0.0,0.0,0.0,4.0,10.0,0.0,0.0,1.0,0.0,9.9,1,1,1,1,18127,12059,10158,9917,18861,1,1,8806,20209,8004,1,4972,18762,19247,1.0,17:12,2015,2016
2015-16,203473,Dewayne Dedmon,Dewayne,1610612753,ORL,Orlando Magic,21500064,2015-11-04T00:00:00,ORL @ HOU,L,26.4,0.0,0.0,0.0,4.0,7.0,8.0,2.0,22.0,2.0,1.0,6.0,0.0,24.9,1,13074,13074,13074,10541,12059,10158,9917,8599,12242,17345,4025,10265,932,17214,25827,18762,8553,1.0,26:23,2015,2016
2015-16,202323,Evan Turner,Evan,1610612738,BOS,Boston Celtics,21500060,2015-11-04T00:00:00,BOS @ IND,L,21.4,3.0,0.0,0.0,2.0,11.0,6.0,2.0,12.0,1.0,0.0,1.0,0.0,23.8,1,13074,13074,13074,14706,4307,10158,9917,12984,18886,13237,4025,18637,2692,1,4972,18762,9261,1.0,21:23,2015,2016
2015-16,2746,Josh Smith,Josh,1610612746,LAC,LA Clippers,21500069,2015-11-04T00:00:00,LAC @ GSW,L,12.9,0.0,0.0,3.0,2.0,6.0,2.0,14.0,10.0,0.0,0.0,2.0,1.0,9.9,1,13074,13074,13074,21038,12059,10158,3302,12984,10028,3734,23710,20209,8004,1,11390,12373,19247,1.0,12:53,2015,2016
2015-16,1626170,Jerian Grant,Jerian,1610612752,NYK,New York Knicks,21500063,2015-11-04T00:00:00,NYK @ CLE,L,16.6,0.0,0.0,0.0,0.0,5.0,0.0,6.0,16.0,0.0,0.0,2.0,3.0,10.2,1,13074,13074,13074,18558,12059,10158,9917,18861,8403,1,13388,15259,8004,1,11390,4736,19003,1.0,16:37,2015,2016
2015-16,202330,Gordon Hayward,Gordon,1610612762,UTA,Utah Jazz,21500068,2015-11-04T00:00:00,UTA vs. POR,L,37.8,4.0,0.0,0.0,6.0,5.0,15.0,12.0,40.0,0.0,0.0,2.0,8.0,19.4,1,13074,13074,13074,1580,2460,10158,9917,5299,8403,24781,22259,983,8004,1,11390,254,12154,1.0,37:50,2015,2016
2015-16,201567,Kevin Love,Kevin,1610612739,CLE,Cleveland Cavaliers,21500063,2015-11-04T00:00:00,CLE vs. NYK,W,32.4,0.0,1.0,0.0,2.0,3.0,11.0,0.0,22.0,0.0,0.0,0.0,2.0,25.9,1,1,1,1,5603,12059,9709,9917,12984,5109,21814,1,10265,8004,1,1,7786,7960,1.0,32:21,2015,2016
2015-16,201954,Darren Collison,Darren,1610612758,SAC,Sacramento Kings,21500067,2015-11-04T00:00:00,SAC @ PHX,L,32.4,5.0,0.0,4.0,6.0,19.0,10.0,12.0,22.0,0.0,2.0,2.0,1.0,19.2,1,13074,13074,13074,5583,1603,10158,1913,5299,25074,20509,22259,10265,8004,23588,11390,12373,12284,1.0,32:23,2015,2016
2015-16,202699,Tobias Harris,Tobias,1610612753,ORL,Orlando Magic,21500064,2015-11-04T00:00:00,ORL @ HOU,L,21.0,2.0,2.0,5.0,10.0,10.0,14.0,6.0,30.0,0.0,0.0,3.0,3.0,26.0,1,13074,13074,13074,15081,6026,4731,1277,1840,17370,24300,13388,4541,8004,1,17641,4736,7910,1.0,20:58,2015,2016
2015-16,203463,Ben McLemore,Ben,1610612758,SAC,Sacramento Kings,21500067,2015-11-04T00:00:00,SAC @ PHX,L,14.5,0.0,0.0,0.0,4.0,9.0,4.0,6.0,10.0,0.0,0.0,4.0,0.0,9.9,1,13074,13074,13074,20112,12059,10158,9917,8599,15771,8458,13388,20209,8004,1,22104,18762,19247,1.0,14:29,2015,2016
2015-16,203138,Hollis Thompson,Hollis,1610612755,PHI,Philadelphia 76ers,21500065,2015-11-04T00:00:00,PHI @ MIL,L,27.8,0.0,0.0,0.0,0.0,21.0,13.0,12.0,32.0,1.0,0.0,2.0,1.0,14.3,1,13074,13074,13074,9404,12059,10158,9917,18861,25535,23668,22259,3535,2692,1,11390,12373,15948,1.0,27:46,2015,2016
2015-16,2733,Shaun Livingston,Shaun,1610612744,GSW,Golden State Warriors,21500069,2015-11-04T00:00:00,GSW vs. LAC,W,17.3,0.0,0.0,0.0,0.0,7.0,3.0,14.0,18.0,0.0,0.0,4.0,0.0,10.1,1,1,1,1,18032,12059,10158,9917,18861,12242,7138,23710,13577,8004,1,22104,18762,19105,1.0,17:19,2015,2016
2015-16,201228,C.J. Watson,C.J.,1610612753,ORL,Orlando Magic,21500064,2015-11-04T00:00:00,ORL @ HOU,L,20.5,2.0,0.0,2.0,4.0,9.0,4.0,1.0,12.0,0.0,0.0,1.0,1.0,26.0,1,13074,13074,13074,15494,6026,10158,4675,8599,15771,8458,3646,18637,8004,1,4972,12373,7910,1.0,20:29,2015,2016
2015-16,202711,Bojan Bogdanović,Bojan,1610612751,BKN,Brooklyn Nets,21500062,2015-11-04T00:00:00,BKN @ ATL,L,24.9,0.0,2.0,0.0,6.0,16.0,5.0,10.0,30.0,0.0,1.0,0.0,1.0,14.2,1,13074,13074,13074,11722,12059,4731,9917,5299,23774,11469,20169,4541,8004,17214,1,12373,16003,1.0,24:56,2015,2016
2015-16,203105,Festus Ezeli,Festus,1610612744,GSW,Golden State Warriors,21500069,2015-11-04T00:00:00,GSW vs. LAC,W,22.9,2.0,0.0,2.0,12.0,5.0,5.0,10.0,26.0,2.0,1.0,3.0,1.0,25.8,1,1,1,1,13494,6026,10158,4675,988,8403,11469,20169,7214,932,17214,17641,12373,8022,1.0,22:51,2015,2016
2015-16,201586,Serge Ibaka,Serge,1610612760,OKC,Oklahoma City Thunder,21500066,2015-11-04T00:00:00,OKC vs. TOR,L,32.9,4.0,0.0,2.0,6.0,10.0,9.0,2.0,30.0,3.0,0.0,5.0,3.0,25.2,1,13074,13074,13074,5229,2460,10158,4675,5299,17370,19144,4025,4541,347,1,24686,4736,8383,1.0,32:52,2015,2016
2015-16,2199,Tyson Chandler,Tyson,1610612756,PHX,Phoenix Suns,21500067,2015-11-04T00:00:00,PHX vs. SAC,W,25.8,2.0,0.0,1.0,2.0,7.0,6.0,11.0,28.0,0.0,0.0,0.0,3.0,23.2,1,1,1,1,10980,6026,10158,9347,12984,12242,13237,21342,5824,8004,1,1,4736,9630,1.0,25:50,2015,2016
2015-16,201578,Marreese Speights,Marreese,1610612744,GSW,Golden State Warriors,21500069,2015-11-04T00:00:00,GSW vs. LAC,W,14.7,4.0,2.0,2.0,2.0,6.0,3.0,7.0,12.0,1.0,0.0,0.0,3.0,15.0,1,1,1,1,19995,2460,4731,4675,12984,10028,7138,15538,18637,2692,1,1,4736,15404,1.0,14:39,2015,2016
2015-16,203922,Glenn Robinson III,Glenn,1610612754,IND,Indiana Pacers,21500060,2015-11-04T00:00:00,IND vs. BOS,W,19.2,3.0,2.0,0.0,4.0,10.0,6.0,3.0,16.0,0.0,0.0,0.0,3.0,14.4,1,1,1,1,16534,4307,4731,9917,8599,17370,13237,7328,15259,8004,1,1,4736,15857,1.0,19:12,2015,2016
2015-16,2743,Kris Humphries,Kris,1610612764,WAS,Washington Wizards,21500061,2015-11-04T00:00:00,WAS vs. SAS,W,22.7,0.0,0.0,2.0,4.0,5.0,2.0,11.0,20.0,0.0,0.0,2.0,2.0,14.2,1,1,1,1,13631,12059,10158,4675,8599,8403,3734,21342,11929,8004,1,11390,7786,16003,1.0,22:40,2015,2016
2015-16,1626164,Devin Booker,Devin,1610612756,PHX,Phoenix Suns,21500067,2015-11-04T00:00:00,PHX vs. SAC,W,6.1,0.0,2.0,0.0,2.0,6.0,0.0,2.0,4.0,1.0,0.0,0.0,1.0,10.0,1,1,1,1,23933,12059,4731,9917,12984,10028,1,4025,23698,2692,1,1,12373,19178,1.0,6:04,2015,2016
2015-16,203090,Maurice Harkless,Maurice,1610612757,POR,Portland Trail Blazers,21500068,2015-11-04T00:00:00,POR @ UTA,W,28.9,0.0,5.0,2.0,6.0,9.0,7.0,4.0,20.0,3.0,1.0,3.0,3.0,34.0,1,1,1,1,8490,12059,995,4675,5299,15771,15642,8806,11929,347,17214,17641,4736,4162,1.0,28:51,2015,2016
2015-16,201961,Wayne Ellington,Wayne,1610612751,BKN,Brooklyn Nets,21500062,2015-11-04T00:00:00,BKN @ ATL,L,18.1,6.0,0.0,6.0,4.0,12.0,4.0,8.0,26.0,0.0,1.0,1.0,2.0,22.8,1,13074,13074,13074,17440,878,10158,740,8599,20178,8458,17194,7214,8004,17214,4972,7786,9883,1.0,18:06,2015,2016
2015-16,202696,Nikola Vučević,Nikola,1610612753,ORL,Orlando Magic,21500064,2015-11-04T00:00:00,ORL @ HOU,L,16.8,0.0,0.0,0.0,4.0,8.0,8.0,4.0,22.0,1.0,0.0,1.0,1.0,14.4,1,13074,13074,13074,18459,12059,10158,9917,8599,13914,17345,8806,10265,2692,1,4972,12373,15857,1.0,16:45,2015,2016
2015-16,2590,Mo Williams,Mo,1610612739,CLE,Cleveland Cavaliers,21500063,2015-11-04T00:00:00,CLE vs. NYK,W,36.1,0.0,5.0,6.0,4.0,5.0,9.0,0.0,20.0,0.0,1.0,2.0,1.0,34.2,1,1,1,1,2693,12059,995,740,8599,8403,19144,1,11929,8004,17214,11390,12373,4092,1.0,36:05,2015,2016
2015-16,203933,T.J. Warren,T.J.,1610612756,PHX,Phoenix Suns,21500067,2015-11-04T00:00:00,PHX vs. SAC,W,26.7,6.0,4.0,4.0,6.0,8.0,2.0,8.0,22.0,0.0,0.0,1.0,2.0,22.8,1,1,1,1,10321,878,1596,1913,5299,13914,3734,17194,10265,8004,1,4972,7786,9883,1.0,26:39,2015,2016
2015-16,204456,T.J. McConnell,T.J.,1610612755,PHI,Philadelphia 76ers,21500065,2015-11-04T00:00:00,PHI @ MIL,L,34.6,0.0,3.0,2.0,4.0,15.0,8.0,7.0,28.0,0.0,1.0,2.0,3.0,34.8,1,13074,13074,13074,3902,12059,3104,4675,8599,23079,17345,15538,5824,8004,17214,11390,4736,3891,1.0,34:33,2015,2016
2015-16,201160,Jason Smith,Jason,1610612753,ORL,Orlando Magic,21500064,2015-11-04T00:00:00,ORL @ HOU,L,9.9,0.0,0.0,0.0,2.0,3.0,2.0,3.0,6.0,1.0,0.0,1.0,0.0,10.0,1,13074,13074,13074,22505,12059,10158,9917,12984,5109,3734,7328,22724,2692,1,4972,18762,19178,1.0,9:52,2015,2016
2015-16,2225,Tony Parker,Tony,1610612759,SAS,San Antonio Spurs,21500061,2015-11-04T00:00:00,SAS @ WAS,L,30.2,0.0,0.0,6.0,6.0,16.0,2.0,22.0,28.0,0.0,1.0,1.0,3.0,25.4,1,13074,13074,13074,7394,12059,10158,740,5299,23774,3734,25811,5824,8004,17214,4972,4736,8273,1.0,30:10,2015,2016
2015-16,202389,Timofey Mozgov,Timofey,1610612739,CLE,Cleveland Cavaliers,21500063,2015-11-04T00:00:00,CLE vs. NYK,W,21.9,0.0,0.0,2.0,4.0,1.0,8.0,0.0,16.0,0.0,1.0,1.0,2.0,16.6,1,1,1,1,14245,12059,10158,4675,8599,2356,17345,1,15259,8004,17214,4972,7786,14125,1.0,21:55,2015,2016
2015-16,202362,Lance Stephenson,Lance,1610612746,LAC,LA Clippers,21500069,2015-11-04T00:00:00,LAC @ GSW,L,22.9,0.0,0.0,1.0,0.0,6.0,8.0,4.0,20.0,0.0,1.0,3.0,1.0,16.5,1,13074,13074,13074,13446,12059,10158,9347,18861,10028,17345,8806,11929,8004,17214,17641,12373,14224,1.0,22:56,2015,2016
2015-16,203112,Quincy Acy,Quincy,1610612758,SAC,Sacramento Kings,21500067,2015-11-04T00:00:00,SAC @ PHX,L,3.5,0.0,0.0,0.0,0.0,0.0,2.0,0.0,4.0,0.0,0.0,0.0,0.0,2.7,1,13074,13074,13074,24915,12059,10158,9917,18861,1,3734,1,23698,8004,1,1,18762,23884,1.0,3:31,2015,2016
2015-16,202341,James Anderson,James,1610612758,SAC,Sacramento Kings,21500067,2015-11-04T00:00:00,SAC @ PHX,L,24.6,3.0,0.0,3.0,2.0,14.0,6.0,10.0,16.0,0.0,1.0,1.0,1.0,21.0,1,13074,13074,13074,12034,4307,10158,3302,12984,22292,13237,20169,15259,8004,17214,4972,12373,11077,1.0,24:35,2015,2016
2015-16,203918,Rodney Hood,Rodney,1610612762,UTA,Utah Jazz,21500068,2015-11-04T00:00:00,UTA vs. POR,L,23.2,4.0,0.0,2.0,8.0,3.0,10.0,7.0,22.0,0.0,1.0,4.0,1.0,21.4,1,13074,13074,13074,13243,2460,10158,4675,3109,5109,20509,15538,10265,8004,17214,22104,12373,10807,1.0,23:09,2015,2016
2015-16,201603,Sonny Weems,Sonny,1610612756,PHX,Phoenix Suns,21500067,2015-11-04T00:00:00,PHX vs. SAC,W,6.9,0.0,0.0,2.0,2.0,3.0,0.0,3.0,4.0,0.0,0.0,1.0,1.0,8.1,1,1,1,1,23603,12059,10158,4675,12984,5109,1,7328,23698,8004,1,4972,12373,20521,1.0,6:53,2015,2016
2015-16,203086,Meyers Leonard,Meyers,1610612757,POR,Portland Trail Blazers,21500068,2015-11-04T00:00:00,POR @ UTA,W,11.4,0.0,0.0,0.0,0.0,6.0,2.0,0.0,12.0,2.0,0.0,1.0,0.0,8.0,1,1,1,1,21857,12059,10158,9917,18861,10028,3734,1,18637,932,1,4972,18762,20564,1.0,11:26,2015,2016
2015-16,2406,Caron Butler,Caron,1610612758,SAC,Sacramento Kings,21500067,2015-11-04T00:00:00,SAC @ PHX,L,6.0,0.0,0.0,0.0,0.0,4.0,2.0,2.0,6.0,0.0,0.0,0.0,0.0,3.0,1,13074,13074,13074,23978,12059,10158,9917,18861,6141,3734,4025,22724,8004,1,1,18762,23648,1.0,5:58,2015,2016
2015-16,203092,Tyler Zeller,Tyler,1610612738,BOS,Boston Celtics,21500060,2015-11-04T00:00:00,BOS @ IND,L,3.5,0.0,0.0,0.0,0.0,0.0,2.0,0.0,2.0,0.0,0.0,0.0,0.0,2.7,1,13074,13074,13074,24932,12059,10158,9917,18861,1,3734,1,24614,8004,1,1,18762,23884,1.0,3:29,2015,2016
2015-16,2738,Andre Iguodala,Andre,1610612744,GSW,Golden State Warriors,21500069,2015-11-04T00:00:00,GSW vs. LAC,W,31.7,2.0,0.0,6.0,0.0,8.0,11.0,11.0,28.0,0.0,0.0,3.0,4.0,21.5,1,1,1,1,6164,6026,10158,740,18861,13914,21814,21342,5824,8004,1,17641,2748,10755,1.0,31:41,2015,2016
2015-16,202344,Trevor Booker,Trevor,1610612762,UTA,Utah Jazz,21500068,2015-11-04T00:00:00,UTA vs. POR,L,13.0,0.0,0.0,0.0,0.0,0.0,1.0,0.0,8.0,1.0,1.0,1.0,0.0,12.6,1,13074,13074,13074,20986,12059,10158,9917,18861,1,3393,1,21543,2692,17214,4972,18762,17277,1.0,12:60,2015,2016
2015-16,201976,Patrick Beverley,Patrick,1610612745,HOU,Houston Rockets,21500064,2015-11-04T00:00:00,HOU vs. ORL,W,12.0,0.0,0.0,0.0,0.0,6.0,2.0,8.0,10.0,0.0,0.0,2.0,0.0,8.4,1,1,1,1,21520,12059,10158,9917,18861,10028,3734,17194,20209,8004,1,11390,18762,20273,1.0,12:01,2015,2016
2015-16,2037,Jamal Crawford,Jamal,1610612746,LAC,LA Clippers,21500069,2015-11-04T00:00:00,LAC @ GSW,L,20.1,4.0,2.0,4.0,4.0,9.0,2.0,18.0,12.0,0.0,2.0,0.0,1.0,18.5,1,13074,13074,13074,15793,2460,4731,1913,8599,15771,3734,25228,18637,8004,23588,1,12373,12794,1.0,20:08,2015,2016
2015-16,200745,Andrea Bargnani,Andrea,1610612751,BKN,Brooklyn Nets,21500062,2015-11-04T00:00:00,BKN @ ATL,L,10.4,2.0,0.0,0.0,2.0,6.0,0.0,8.0,18.0,0.0,0.0,3.0,0.0,2.0,1,13074,13074,13074,22285,6026,10158,9917,12984,10028,1,17194,13577,8004,1,17641,18762,24216,1.0,10:23,2015,2016
2015-16,201973,Jonas Jerebko,Jonas,1610612738,BOS,Boston Celtics,21500060,2015-11-04T00:00:00,BOS @ IND,L,15.5,0.0,0.0,0.0,2.0,9.0,4.0,2.0,8.0,0.0,0.0,2.0,1.0,7.8,1,13074,13074,13074,19385,12059,10158,9917,12984,15771,8458,4025,21543,8004,1,11390,12373,20696,1.0,15:32,2015,2016
2015-16,1626161,Willie Cauley-Stein,Willie,1610612758,SAC,Sacramento Kings,21500067,2015-11-04T00:00:00,SAC @ PHX,L,16.3,0.0,0.0,0.0,0.0,8.0,0.0,11.0,14.0,1.0,0.0,1.0,0.0,7.8,1,13074,13074,13074,18804,12059,10158,9917,18861,13914,1,21342,17019,2692,1,4972,18762,20696,1.0,16:19,2015,2016
2015-16,200757,Thabo Sefolosha,Thabo,1610612737,ATL,Atlanta Hawks,21500062,2015-11-04T00:00:00,ATL vs. BKN,W,21.7,1.0,1.0,0.0,0.0,10.0,2.0,6.0,12.0,1.0,1.0,0.0,1.0,18.6,1,1,1,1,14458,11535,9709,9917,18861,17370,3734,13388,18637,2692,17214,1,12373,12715,1.0,21:40,2015,2016
2015-16,203521,Matthew Dellavedova,Matthew,1610612739,CLE,Cleveland Cavaliers,21500063,2015-11-04T00:00:00,CLE vs. NYK,W,27.4,0.0,2.0,3.0,0.0,11.0,5.0,0.0,20.0,0.0,0.0,2.0,1.0,16.1,1,1,1,1,9678,12059,4731,3302,18861,18886,11469,1,11929,8004,1,11390,12373,14515,1.0,27:25,2015,2016
2015-16,2449,Luis Scola,Luis,1610612761,TOR,Toronto Raptors,21500066,2015-11-04T00:00:00,TOR @ OKC,W,19.0,0.0,0.0,0.0,0.0,4.0,4.0,15.0,18.0,0.0,3.0,0.0,1.0,12.5,1,1,1,1,16684,12059,10158,9917,18861,6141,8458,24242,13577,8004,25441,1,12373,17372,1.0,19:01,2015,2016
2015-16,203079,Dion Waiters,Dion,1610612760,OKC,Oklahoma City Thunder,21500066,2015-11-04T00:00:00,OKC vs. TOR,L,23.9,0.0,0.0,2.0,2.0,8.0,8.0,2.0,26.0,0.0,0.0,2.0,0.0,20.7,1,13074,13074,13074,12621,12059,10158,4675,12984,13914,17345,4025,7214,8004,1,11390,18762,11252,1.0,23:56,2015,2016
2015-16,101162,Marcin Gortat,Marcin,1610612764,WAS,Washington Wizards,21500061,2015-11-04T00:00:00,WAS vs. SAS,W,28.1,0.0,0.0,2.0,6.0,5.0,4.0,17.0,26.0,1.0,0.0,3.0,3.0,21.1,1,1,1,1,9190,12059,10158,4675,5299,8403,8458,24967,7214,2692,1,17641,4736,11012,1.0,28:03,2015,2016
2015-16,203515,Phil Pressey,Phil,1610612755,PHI,Philadelphia 76ers,21500065,2015-11-04T00:00:00,PHI @ MIL,L,2.5,0.0,0.0,0.0,0.0,0.0,0.0,0.0,0.0,0.0,0.0,0.0,1.0,2.7,1,13074,13074,13074,25308,12059,10158,9917,18861,1,1,1,25429,8004,1,1,12373,23884,1.0,2:32,2015,2016
2015-16,1626167,Myles Turner,Myles,1610612754,IND,Indiana Pacers,21500060,2015-11-04T00:00:00,IND vs. BOS,W,18.5,0.0,2.0,0.0,2.0,5.0,4.0,0.0,14.0,1.0,1.0,1.0,4.0,16.3,1,1,1,1,17099,12059,4731,9917,12984,8403,8458,1,17019,2692,17214,4972,2748,14372,1.0,18:29,2015,2016
2015-16,202682,Derrick Williams,Derrick,1610612752,NYK,New York Knicks,21500063,2015-11-04T00:00:00,NYK @ CLE,L,10.9,4.0,0.0,0.0,2.0,3.0,0.0,4.0,10.0,0.0,0.0,1.0,1.0,8.4,1,13074,13074,13074,22068,2460,10158,9917,12984,5109,1,8806,20209,8004,1,4972,12373,20273,1.0,10:56,2015,2016
2015-16,203991,Clint Capela,Clint,1610612745,HOU,Houston Rockets,21500064,2015-11-04T00:00:00,HOU vs. ORL,W,18.8,2.0,2.0,0.0,8.0,2.0,2.0,10.0,16.0,1.0,1.0,1.0,0.0,21.5,1,1,1,1,16860,6026,4731,9917,3109,2619,3734,20169,15259,2692,17214,4972,18762,10755,1.0,18:49,2015,2016
2015-16,203552,Seth Curry,Seth,1610612758,SAC,Sacramento Kings,21500067,2015-11-04T00:00:00,SAC @ PHX,L,5.1,0.0,0.0,0.0,0.0,0.0,6.0,0.0,6.0,0.0,0.0,0.0,0.0,6.0,1,13074,13074,13074,24334,12059,10158,9917,18861,1,13237,1,22724,8004,1,1,18762,21878,1.0,5:05,2015,2016
2015-16,202407,Elijah Millsap,Elijah,1610612762,UTA,Utah Jazz,21500068,2015-11-04T00:00:00,UTA vs. POR,L,6.2,0.0,0.0,0.0,0.0,0.0,6.0,0.0,2.0,1.0,1.0,2.0,1.0,2.0,1,13074,13074,13074,23887,12059,10158,9917,18861,1,13237,1,24614,2692,17214,11390,12373,24216,1.0,6:11,2015,2016
2015-16,203961,Eric Moreland,Eric,1610612758,SAC,Sacramento Kings,21500067,2015-11-04T00:00:00,SAC @ PHX,L,3.3,0.0,0.0,0.0,0.0,0.0,2.0,0.0,4.0,0.0,0.0,0.0,0.0,1.2,1,13074,13074,13074,24992,12059,10158,9917,18861,1,3734,1,23698,8004,1,1,18762,24661,1.0,3:20,2015,2016
2015-16,201577,Robin Lopez,Robin,1610612752,NYK,New York Knicks,21500063,2015-11-04T00:00:00,NYK @ CLE,L,28.3,0.0,0.0,0.0,6.0,11.0,12.0,14.0,18.0,0.0,0.0,3.0,0.0,10.8,1,13074,13074,13074,8992,12059,10158,9917,5299,18886,22832,23710,13577,8004,1,17641,18762,18579,1.0,28:19,2015,2016
2015-16,203900,Markel Brown,Markel,1610612751,BKN,Brooklyn Nets,21500062,2015-11-04T00:00:00,BKN @ ATL,L,19.7,0.0,0.0,0.0,0.0,9.0,0.0,6.0,4.0,0.0,0.0,3.0,1.0,11.2,1,13074,13074,13074,16148,12059,10158,9917,18861,15771,1,13388,23698,8004,1,17641,12373,18267,1.0,19:42,2015,2016
2015-16,1626168,Trey Lyles,Trey,1610612762,UTA,Utah Jazz,21500068,2015-11-04T00:00:00,UTA vs. POR,L,9.1,0.0,0.0,0.0,0.0,0.0,4.0,3.0,8.0,0.0,0.0,1.0,0.0,1.5,1,13074,13074,13074,22798,12059,10158,9917,18861,1,8458,7328,21543,8004,1,4972,18762,24473,1.0,9:07,2015,2016
2015-16,203948,Johnny O'Bryant III,Johnny,1610612749,MIL,Milwaukee Bucks,21500065,2015-11-04T00:00:00,MIL vs. PHI,W,11.7,0.0,2.0,0.0,2.0,0.0,11.0,3.0,14.0,1.0,0.0,1.0,1.0,11.3,1,1,1,1,21729,12059,4731,9917,12984,1,21814,7328,17019,2692,1,4972,12373,18230,1.0,11:41,2015,2016
2015-16,202334,Ed Davis,Ed,1610612757,POR,Portland Trail Blazers,21500068,2015-11-04T00:00:00,POR @ UTA,W,19.3,0.0,0.0,0.0,2.0,7.0,10.0,3.0,14.0,0.0,2.0,5.0,1.0,10.7,1,1,1,1,16480,12059,10158,9917,12984,12242,20509,7328,17019,8004,23588,24686,12373,18636,1.0,19:16,2015,2016
2015-16,203085,Austin Rivers,Austin,1610612746,LAC,LA Clippers,21500069,2015-11-04T00:00:00,LAC @ GSW,L,24.0,2.0,0.0,2.0,6.0,12.0,3.0,13.0,10.0,1.0,1.0,6.0,0.0,11.0,1,13074,13074,13074,12526,6026,10158,4675,5299,20178,7138,23048,20209,2692,17214,25827,18762,18430,1.0,24:02,2015,2016
2015-16,101161,Amir Johnson,Amir,1610612738,BOS,Boston Celtics,21500060,2015-11-04T00:00:00,BOS @ IND,L,20.6,0.0,0.0,2.0,0.0,8.0,15.0,2.0,10.0,0.0,0.0,3.0,1.0,6.3,1,13074,13074,13074,15383,12059,10158,4675,18861,13914,24781,4025,20209,8004,1,17641,12373,21682,1.0,20:36,2015,2016
2015-16,1626154,RJ Hunter,RJ,1610612738,BOS,Boston Celtics,21500060,2015-11-04T00:00:00,BOS @ IND,L,12.7,0.0,0.0,0.0,0.0,10.0,2.0,2.0,6.0,0.0,0.0,4.0,0.0,1.0,1,13074,13074,13074,21145,12059,10158,9917,18861,17370,3734,4025,22724,8004,1,22104,18762,24960,1.0,12:41,2015,2016
2015-16,203477,Isaiah Canaan,Isaiah,1610612755,PHI,Philadelphia 76ers,21500065,2015-11-04T00:00:00,PHI @ MIL,L,15.0,2.0,0.0,2.0,0.0,10.0,7.0,8.0,16.0,1.0,0.0,2.0,2.0,10.7,1,13074,13074,13074,19752,6026,10158,4675,18861,17370,15642,17194,15259,2692,1,11390,7786,18636,1.0,15:00,2015,2016
2015-16,2403,Nene,ene,1610612764,WAS,Washington Wizards,21500061,2015-11-04T00:00:00,WAS vs. SAS,W,20.0,2.0,0.0,0.0,4.0,2.0,2.0,0.0,16.0,0.0,0.0,4.0,2.0,10.6,1,1,1,1,15952,6026,10158,9917,8599,2619,3734,1,15259,8004,1,22104,7786,18723,1.0,19:57,2015,2016
2015-16,2571,Leandro Barbosa,Leandro,1610612744,GSW,Golden State Warriors,21500069,2015-11-04T00:00:00,GSW vs. LAC,W,13.4,0.0,0.0,2.0,6.0,6.0,3.0,5.0,8.0,0.0,0.0,1.0,2.0,10.7,1,1,1,1,20727,12059,10158,4675,5299,10028,7138,11593,21543,8004,1,4972,7786,18636,1.0,13:26,2015,2016
2015-16,203462,Archie Goodwin,Archie,1610612756,PHX,Phoenix Suns,21500067,2015-11-04T00:00:00,PHX vs. SAC,W,3.5,0.0,0.0,0.0,2.0,3.0,0.0,0.0,0.0,0.0,0.0,0.0,0.0,1.0,1,1,1,1,24915,12059,10158,9917,12984,5109,1,1,25429,8004,1,1,18762,24960,1.0,3:31,2015,2016
2015-16,203142,Chris Copeland,Chris,1610612749,MIL,Milwaukee Bucks,21500065,2015-11-04T00:00:00,MIL vs. PHI,W,10.4,2.0,2.0,0.0,4.0,2.0,2.0,0.0,8.0,0.0,0.0,0.0,1.0,11.0,1,1,1,1,22264,6026,4731,9917,8599,2619,3734,1,21543,8004,1,1,12373,18430,1.0,10:25,2015,2016
2015-16,203460,Andre Roberson,Andre,1610612760,OKC,Oklahoma City Thunder,21500066,2015-11-04T00:00:00,OKC vs. TOR,L,26.7,0.0,0.0,2.0,0.0,6.0,10.0,4.0,28.0,0.0,0.0,4.0,2.0,6.2,1,13074,13074,13074,10255,12059,10158,4675,18861,10028,20509,8806,5824,8004,1,22104,7786,21696,1.0,26:44,2015,2016
2015-16,203141,Mirza Teletovic,Mirza,1610612756,PHX,Phoenix Suns,21500067,2015-11-04T00:00:00,PHX vs. SAC,W,6.3,0.0,0.0,0.0,0.0,6.0,0.0,2.0,4.0,0.0,0.0,0.0,0.0,11.4,1,1,1,1,23826,12059,10158,9917,18861,10028,1,4025,23698,8004,1,1,18762,18134,1.0,6:19,2015,2016
2015-16,202066,Garrett Temple,Garrett,1610612764,WAS,Washington Wizards,21500061,2015-11-04T00:00:00,WAS vs. SAS,W,2.8,0.0,0.0,0.0,0.0,0.0,2.0,2.0,4.0,0.0,0.0,0.0,0.0,1.5,1,1,1,1,25200,12059,10158,9917,18861,1,3734,4025,23698,8004,1,1,18762,24473,1.0,2:47,2015,2016
2015-16,203118,Mike Scott,Mike,1610612737,ATL,Atlanta Hawks,21500062,2015-11-04T00:00:00,ATL vs. BKN,W,14.1,2.0,0.0,4.0,2.0,8.0,0.0,4.0,8.0,0.0,0.0,1.0,1.0,5.5,1,1,1,1,20363,6026,10158,1913,12984,13914,1,8806,21543,8004,1,4972,12373,22196,1.0,14:05,2015,2016
2015-16,1626158,Richaun Holmes,Richaun,1610612755,PHI,Philadelphia 76ers,21500065,2015-11-04T00:00:00,PHI @ MIL,L,19.3,0.0,2.0,0.0,4.0,18.0,7.0,7.0,22.0,0.0,0.0,2.0,3.0,11.4,1,13074,13074,13074,16490,12059,4731,9917,8599,24749,15642,15538,10265,8004,1,11390,4736,18134,1.0,19:15,2015,2016
2015-16,203893,Russ Smith,Russ,1610612763,MEM,Memphis Grizzlies,21500058,2015-11-03T00:00:00,MEM @ SAC,W,3.0,0.0,0.0,0.0,0.0,3.0,0.0,3.0,2.0,0.0,0.0,0.0,1.0,2.0,1,1,1,1,25149,12059,10158,9917,18861,5109,1,7328,24614,8004,1,1,12373,24216,1.0,2:57,2015,2016
2015-16,1626171,Bobby Portis,Bobby,1610612741,CHI,Chicago Bulls,21500053,2015-11-03T00:00:00,CHI @ CHA,L,9.7,4.0,2.0,2.0,6.0,2.0,5.0,0.0,6.0,0.0,0.0,1.0,0.0,11.4,1,13074,13074,13074,22547,2460,4731,4675,5299,2619,11469,1,22724,8004,1,4972,18762,18134,1.0,9:44,2015,2016
2015-16,2365,Chris Andersen,Chris,1610612748,MIA,Miami Heat,21500055,2015-11-03T00:00:00,MIA vs. ATL,L,10.2,0.0,2.0,0.0,2.0,3.0,2.0,0.0,2.0,0.0,0.0,1.0,2.0,5.8,1,13074,13074,13074,22370,12059,4731,9917,12984,5109,3734,1,24614,8004,1,4972,7786,22018,1.0,10:09,2015,2016
2015-16,2581,Steve Blake,Steve,1610612765,DET,Detroit Pistons,21500054,2015-11-03T00:00:00,DET vs. IND,L,6.7,0.0,0.0,0.0,0.0,7.0,2.0,0.0,2.0,1.0,0.0,2.0,1.0,1.5,1,13074,13074,13074,23694,12059,10158,9917,18861,12242,3734,1,24614,2692,1,11390,12373,24473,1.0,6:39,2015,2016
2015-16,202087,Alonzo Gee,Alonzo,1610612740,NOP,New Orleans Pelicans,21500056,2015-11-03T00:00:00,NOP vs. ORL,L,10.0,0.0,2.0,0.0,2.0,2.0,3.0,4.0,16.0,0.0,0.0,0.0,0.0,6.4,1,13074,13074,13074,22471,12059,4731,9917,12984,2619,7138,8806,15259,8004,1,1,18762,21589,1.0,9:57,2015,2016
2015-16,2757,Beno Udrih,Beno,1610612763,MEM,Memphis Grizzlies,21500058,2015-11-03T00:00:00,MEM @ SAC,W,21.2,0.0,0.0,0.0,4.0,15.0,4.0,9.0,10.0,0.0,0.0,5.0,2.0,10.5,1,1,1,1,14879,12059,10158,9917,8599,23079,8458,18829,20209,8004,1,24686,7786,18808,1.0,21:12,2015,2016
2015-16,203552,Seth Curry,Seth,1610612758,SAC,Sacramento Kings,21500058,2015-11-03T00:00:00,SAC vs. MEM,L,3.3,2.0,0.0,0.0,0.0,0.0,0.0,0.0,0.0,0.0,0.0,0.0,0.0,5.5,1,13074,13074,13074,25017,6026,10158,9917,18861,1,1,1,25429,8004,1,1,18762,22196,1.0,3:16,2015,2016
2015-16,203118,Mike Scott,Mike,1610612737,ATL,Atlanta Hawks,21500055,2015-11-03T00:00:00,ATL @ MIA,W,12.0,2.0,2.0,0.0,2.0,2.0,4.0,3.0,10.0,0.0,0.0,1.0,1.0,10.6,1,1,1,1,21520,6026,4731,9917,12984,2619,8458,7328,20209,8004,1,4972,12373,18723,1.0,12:01,2015,2016
2015-16,202718,Chandler Parsons,Chandler,1610612742,DAL,Dallas Mavericks,21500057,2015-11-03T00:00:00,DAL vs. TOR,L,14.3,0.0,0.0,1.0,2.0,2.0,2.0,2.0,18.0,0.0,0.0,1.0,2.0,10.9,1,13074,13074,13074,20227,12059,10158,9347,12984,2619,3734,4025,13577,8004,1,4972,7786,18498,1.0,14:17,2015,2016
2015-16,203915,Spencer Dinwiddie,Spencer,1610612765,DET,Detroit Pistons,21500054,2015-11-03T00:00:00,DET vs. IND,L,7.1,0.0,0.0,0.0,2.0,3.0,0.0,3.0,4.0,0.0,0.0,3.0,2.0,1.2,1,13074,13074,13074,23536,12059,10158,9917,12984,5109,1,7328,23698,8004,1,17641,7786,24661,1.0,7:04,2015,2016
2015-16,1626273,Marcelo Huertas,Marcelo,1610612747,LAL,Los Angeles Lakers,21500059,2015-11-03T00:00:00,LAL vs. DEN,L,8.6,0.0,0.0,0.0,0.0,2.0,2.0,0.0,4.0,0.0,1.0,3.0,0.0,1.7,1,13074,13074,13074,23004,12059,10158,9917,18861,2619,3734,1,23698,8004,17214,17641,18762,24436,1.0,8:34,2015,2016
2015-16,201589,Darrell Arthur,Darrell,1610612743,DEN,Denver Nuggets,21500059,2015-11-03T00:00:00,DEN @ LAL,W,15.9,2.0,0.0,0.0,0.0,3.0,3.0,0.0,10.0,1.0,0.0,2.0,2.0,11.3,1,1,1,1,19087,6026,10158,9917,18861,5109,7138,1,20209,2692,1,11390,7786,18230,1.0,15:56,2015,2016
2015-16,1626169,Stanley Johnson,Stanley,1610612765,DET,Detroit Pistons,21500054,2015-11-03T00:00:00,DET vs. IND,L,11.6,0.0,0.0,0.0,0.0,5.0,2.0,3.0,6.0,0.0,1.0,4.0,1.0,5.6,1,13074,13074,13074,21797,12059,10158,9917,18861,8403,3734,7328,22724,8004,17214,22104,12373,22133,1.0,11:33,2015,2016
2015-16,203961,Eric Moreland,Eric,1610612758,SAC,Sacramento Kings,21500058,2015-11-03T00:00:00,SAC vs. MEM,L,4.3,0.0,0.0,0.0,0.0,0.0,2.0,0.0,0.0,0.0,1.0,0.0,1.0,1.2,1,13074,13074,13074,24626,12059,10158,9917,18861,1,3734,1,25429,8004,17214,1,12373,24661,1.0,4:15,2015,2016
2015-16,2034,Mike Miller,Mike,1610612743,DEN,Denver Nuggets,21500059,2015-11-03T00:00:00,DEN @ LAL,W,8.3,3.0,0.0,0.0,0.0,2.0,3.0,2.0,8.0,0.0,0.0,1.0,0.0,11.4,1,1,1,1,23076,4307,10158,9917,18861,2619,7138,4025,21543,8004,1,4972,18762,18134,1.0,8:20,2015,2016
2015-16,2736,Luol Deng,Luol,1610612748,MIA,Miami Heat,21500055,2015-11-03T00:00:00,MIA vs. ATL,L,25.1,4.0,0.0,2.0,4.0,13.0,11.0,7.0,28.0,1.0,0.0,1.0,0.0,10.9,1,13074,13074,13074,11619,2460,10158,4675,8599,21300,21814,15538,5824,2692,1,4972,18762,18498,1.0,25:04,2015,2016
2015-16,101111,Charlie Villanueva,Charlie,1610612742,DAL,Dallas Mavericks,21500057,2015-11-03T00:00:00,DAL vs. TOR,L,4.9,0.0,2.0,0.0,4.0,5.0,0.0,5.0,4.0,0.0,0.0,2.0,0.0,6.4,1,13074,13074,13074,24394,12059,4731,9917,8599,8403,1,11593,23698,8004,1,11390,18762,21589,1.0,4:55,2015,2016
2015-16,201978,Chase Budinger,Chase,1610612754,IND,Indiana Pacers,21500054,2015-11-03T00:00:00,IND @ DET,W,10.5,0.0,0.0,0.0,0.0,3.0,6.0,0.0,10.0,0.0,0.0,1.0,0.0,1.2,1,1,1,1,22243,12059,10158,9917,18861,5109,13237,1,20209,8004,1,4972,18762,24661,1.0,10:28,2015,2016
2015-16,1626159,Justise Winslow,Justise,1610612748,MIA,Miami Heat,21500055,2015-11-03T00:00:00,MIA vs. ATL,L,22.5,0.0,0.0,0.0,4.0,9.0,10.0,4.0,22.0,0.0,0.0,2.0,0.0,5.8,1,13074,13074,13074,13764,12059,10158,9917,8599,15771,20509,8806,10265,8004,1,11390,18762,22018,1.0,22:30,2015,2016
2015-16,2406,Caron Butler,Caron,1610612758,SAC,Sacramento Kings,21500058,2015-11-03T00:00:00,SAC vs. MEM,L,10.0,0.0,0.0,0.0,0.0,2.0,6.0,3.0,10.0,0.0,0.0,0.0,0.0,4.6,1,13074,13074,13074,22469,12059,10158,9917,18861,2619,13237,7328,20209,8004,1,1,18762,22734,1.0,9:57,2015,2016
2015-16,202709,Cory Joseph,Cory,1610612761,TOR,Toronto Raptors,21500057,2015-11-03T00:00:00,TOR @ DAL,W,20.0,0.0,0.0,0.0,2.0,7.0,0.0,11.0,16.0,0.0,0.0,1.0,2.0,7.0,1,1,1,1,15937,12059,10158,9917,12984,12242,1,21342,15259,8004,1,4972,7786,21188,1.0,19:58,2015,2016
2015-16,203934,Lamar Patterson,Lamar,1610612737,ATL,Atlanta Hawks,21500055,2015-11-03T00:00:00,ATL @ MIA,W,8.0,0.0,0.0,0.0,0.0,4.0,4.0,5.0,10.0,0.0,0.0,0.0,0.0,0.0,1,1,1,1,23174,12059,10158,9917,18861,6141,8458,11593,20209,8004,1,1,18762,25170,1.0,8:01,2015,2016
2015-16,1626209,Mario Hezonja,Mario,1610612753,ORL,Orlando Magic,21500056,2015-11-03T00:00:00,ORL @ NOP,W,14.5,0.0,0.0,0.0,0.0,9.0,0.0,4.0,14.0,0.0,0.0,0.0,0.0,3.9,1,1,1,1,20093,12059,10158,9917,18861,15771,1,8806,17019,8004,1,1,18762,23225,1.0,14:31,2015,2016
2015-16,201177,Josh McRoberts,Josh,1610612748,MIA,Miami Heat,21500055,2015-11-03T00:00:00,MIA vs. ATL,L,10.4,0.0,0.0,0.0,0.0,3.0,2.0,4.0,12.0,0.0,0.0,5.0,0.0,3.9,1,13074,13074,13074,22283,12059,10158,9917,18861,5109,3734,8806,18637,8004,1,24686,18762,23225,1.0,10:24,2015,2016
2015-16,202341,James Anderson,James,1610612758,SAC,Sacramento Kings,21500058,2015-11-03T00:00:00,SAC vs. MEM,L,4.3,1.0,0.0,3.0,0.0,0.0,2.0,0.0,0.0,0.0,0.0,0.0,2.0,7.2,1,13074,13074,13074,24626,11535,10158,3302,18861,1,3734,1,25429,8004,1,1,7786,21035,1.0,4:15,2015,2016
2015-16,203463,Ben McLemore,Ben,1610612758,SAC,Sacramento Kings,21500058,2015-11-03T00:00:00,SAC vs. MEM,L,20.5,0.0,0.0,2.0,2.0,9.0,2.0,7.0,22.0,0.0,0.0,3.0,0.0,5.4,1,13074,13074,13074,15526,12059,10158,4675,12984,15771,3734,15538,10265,8004,1,17641,18762,22242,1.0,20:27,2015,2016
2015-16,201228,C.J. Watson,C.J.,1610612753,ORL,Orlando Magic,21500056,2015-11-03T00:00:00,ORL @ NOP,W,20.5,0.0,0.0,0.0,0.0,10.0,2.0,5.0,16.0,0.0,0.0,0.0,4.0,9.4,1,1,1,1,15526,12059,10158,9917,18861,17370,3734,11593,15259,8004,1,1,2748,19568,1.0,20:27,2015,2016
2015-16,201946,Tyler Hansbrough,Tyler,1610612766,CHA,Charlotte Hornets,21500053,2015-11-03T00:00:00,CHA vs. CHI,W,7.1,0.0,2.0,0.0,2.0,6.0,2.0,2.0,12.0,0.0,0.0,1.0,2.0,8.6,1,1,1,1,23509,12059,4731,9917,12984,10028,3734,4025,18637,8004,1,4972,7786,20125,1.0,7:08,2015,2016
2015-16,201156,Nick Young,Nick,1610612747,LAL,Los Angeles Lakers,21500059,2015-11-03T00:00:00,LAL vs. DEN,L,15.2,0.0,0.0,0.0,0.0,5.0,4.0,0.0,6.0,0.0,0.0,0.0,1.0,8.6,1,13074,13074,13074,19618,12059,10158,9917,18861,8403,8458,1,22724,8004,1,1,12373,20125,1.0,15:12,2015,2016
2015-16,202687,Bismack Biyombo,Bismack,1610612761,TOR,Toronto Raptors,21500057,2015-11-03T00:00:00,TOR @ DAL,W,13.6,2.0,2.0,0.0,4.0,3.0,4.0,6.0,10.0,1.0,1.0,3.0,2.0,13.2,1,1,1,1,20627,6026,4731,9917,8599,5109,8458,13388,20209,2692,17214,17641,7786,16768,1.0,13:38,2015,2016
2015-16,203493,Reggie Bullock Jr.,Reggie,1610612765,DET,Detroit Pistons,21500054,2015-11-03T00:00:00,DET vs. IND,L,3.7,0.0,0.0,0.0,0.0,7.0,2.0,0.0,2.0,0.0,0.0,0.0,0.0,0.0,1,13074,13074,13074,24844,12059,10158,9917,18861,12242,3734,1,24614,8004,1,1,18762,25170,1.0,3:41,2015,2016
2015-16,1626181,Norman Powell,Norman,1610612761,TOR,Toronto Raptors,21500057,2015-11-03T00:00:00,TOR @ DAL,W,3.1,0.0,0.0,0.0,0.0,5.0,0.0,4.0,2.0,0.0,0.0,1.0,0.0,3.2,1,1,1,1,25100,12059,10158,9917,18861,8403,1,8806,24614,8004,1,4972,18762,23473,1.0,3:05,2015,2016
2015-16,101114,Deron Williams,Deron,1610612742,DAL,Dallas Mavericks,21500057,2015-11-03T00:00:00,DAL vs. TOR,L,36.2,2.0,2.0,2.0,0.0,12.0,9.0,4.0,34.0,0.0,1.0,4.0,2.0,21.6,1,13074,13074,13074,2610,6026,4731,4675,18861,20178,19144,8806,2701,8004,17214,22104,7786,10666,1.0,36:13,2015,2016
2015-16,201160,Jason Smith,Jason,1610612753,ORL,Orlando Magic,21500056,2015-11-03T00:00:00,ORL @ NOP,W,16.3,0.0,0.0,0.0,0.0,7.0,4.0,2.0,12.0,0.0,1.0,2.0,1.0,8.6,1,1,1,1,18845,12059,10158,9917,18861,12242,8458,4025,18637,8004,17214,11390,12373,20125,1.0,16:16,2015,2016
2015-16,201149,Joakim Noah,Joakim,1610612741,CHI,Chicago Bulls,21500053,2015-11-03T00:00:00,CHI @ CHA,L,17.1,0.0,0.0,0.0,0.0,16.0,3.0,2.0,14.0,0.0,0.0,4.0,0.0,5.0,1,13074,13074,13074,18230,12059,10158,9917,18861,23774,7138,4025,17019,8004,1,22104,18762,22500,1.0,17:03,2015,2016
2015-16,203584,Troy Daniels,Troy,1610612766,CHA,Charlotte Hornets,21500053,2015-11-03T00:00:00,CHA vs. CHI,W,5.7,0.0,0.0,0.0,0.0,6.0,2.0,2.0,12.0,0.0,0.0,1.0,0.0,3.2,1,1,1,1,24102,12059,10158,9917,18861,10028,3734,4025,18637,8004,1,4972,18762,23473,1.0,5:41,2015,2016
2015-16,101133,Ian Mahinmi,Ian,1610612754,IND,Indiana Pacers,21500054,2015-11-03T00:00:00,IND @ DET,W,5.5,0.0,0.0,0.0,0.0,2.0,6.0,2.0,8.0,0.0,0.0,1.0,1.0,-1.0,1,1,1,1,24165,12059,10158,9917,18861,2619,13237,4025,21543,8004,1,4972,12373,25932,1.0,5:29,2015,2016
2015-16,101109,Raymond Felton,Raymond,1610612742,DAL,Dallas Mavericks,21500057,2015-11-03T00:00:00,DAL vs. TOR,L,19.1,0.0,0.0,0.0,4.0,9.0,4.0,3.0,16.0,0.0,0.0,2.0,0.0,5.4,1,13074,13074,13074,16628,12059,10158,9917,8599,15771,8458,7328,15259,8004,1,11390,18762,22242,1.0,19:05,2015,2016
2015-16,203932,Aaron Gordon,Aaron,1610612753,ORL,Orlando Magic,21500056,2015-11-03T00:00:00,ORL @ NOP,W,4.5,0.0,0.0,0.0,2.0,0.0,0.0,2.0,6.0,0.0,1.0,2.0,0.0,3.4,1,1,1,1,24557,12059,10158,9917,12984,1,1,4025,22724,8004,17214,11390,18762,23417,1.0,4:28,2015,2016
2015-16,201229,Anthony Tolliver,Anthony,1610612765,DET,Detroit Pistons,21500054,2015-11-03T00:00:00,DET vs. IND,L,13.4,0.0,0.0,0.0,0.0,10.0,2.0,3.0,6.0,0.0,0.0,1.0,0.0,0.2,1,13074,13074,13074,20741,12059,10158,9917,18861,17370,3734,7328,22724,8004,1,4972,18762,25103,1.0,13:24,2015,2016
2015-16,202335,Patrick Patterson,Patrick,1610612761,TOR,Toronto Raptors,21500057,2015-11-03T00:00:00,TOR @ DAL,W,16.7,0.0,0.0,0.0,0.0,5.0,2.0,8.0,14.0,0.0,0.0,1.0,0.0,9.0,1,1,1,1,18508,12059,10158,9917,18861,8403,3734,17194,17019,8004,1,4972,18762,19835,1.0,16:41,2015,2016
2015-16,203382,Aron Baynes,Aron,1610612765,DET,Detroit Pistons,21500054,2015-11-03T00:00:00,DET vs. IND,L,4.8,0.0,0.0,0.0,0.0,7.0,2.0,0.0,2.0,0.0,0.0,0.0,0.0,0.0,1,13074,13074,13074,24436,12059,10158,9917,18861,12242,3734,1,24614,8004,1,1,18762,25170,1.0,4:47,2015,2016
2015-16,1626257,Salah Mejri,Salah,1610612742,DAL,Dallas Mavericks,21500057,2015-11-03T00:00:00,DAL vs. TOR,L,0.7,0.0,0.0,0.0,0.0,0.0,0.0,0.0,0.0,0.0,0.0,0.0,0.0,0.0,1,13074,13074,13074,25937,12059,10158,9917,18861,1,1,1,25429,8004,1,1,18762,25170,1.0,0:42,2015,2016
2015-16,2585,Zaza Pachulia,Zaza,1610612742,DAL,Dallas Mavericks,21500057,2015-11-03T00:00:00,DAL vs. TOR,L,28.1,0.0,0.0,0.0,2.0,13.0,11.0,4.0,36.0,0.0,0.0,5.0,3.0,9.4,1,13074,13074,13074,9140,12059,10158,9917,12984,21300,21814,8806,1943,8004,1,24686,4736,19568,1.0,28:07,2015,2016
2015-16,203527,Ryan Kelly,Ryan,1610612747,LAL,Los Angeles Lakers,21500059,2015-11-03T00:00:00,LAL vs. DEN,L,9.4,0.0,3.0,0.0,2.0,5.0,2.0,0.0,2.0,0.0,0.0,1.0,2.0,5.4,1,13074,13074,13074,22682,12059,3104,9917,12984,8403,3734,1,24614,8004,1,4972,7786,22242,1.0,9:22,2015,2016
2015-16,203894,Shabazz Napier,Shabazz,1610612753,ORL,Orlando Magic,21500056,2015-11-03T00:00:00,ORL @ NOP,W,0.9,0.0,0.0,0.0,0.0,0.0,0.0,2.0,0.0,0.0,0.0,0.0,0.0,0.0,1,1,1,1,25902,12059,10158,9917,18861,1,1,4025,25429,8004,1,1,18762,25170,1.0,0:53,2015,2016
2015-16,200751,Randy Foye,Randy,1610612743,DEN,Denver Nuggets,21500059,2015-11-03T00:00:00,DEN @ LAL,W,16.2,2.0,2.0,0.0,2.0,5.0,3.0,2.0,8.0,1.0,1.0,2.0,0.0,9.5,1,1,1,1,18932,6026,4731,9917,12984,8403,7138,4025,21543,2692,17214,11390,18762,19519,1.0,16:09,2015,2016
2015-16,203946,Cameron Bairstow,Cameron,1610612741,CHI,Chicago Bulls,21500053,2015-11-03T00:00:00,CHI @ CHA,L,5.7,2.0,0.0,0.0,2.0,2.0,2.0,0.0,2.0,0.0,0.0,1.0,0.0,3.2,1,13074,13074,13074,24102,6026,10158,9917,12984,2619,3734,1,24614,8004,1,4972,18762,23473,1.0,5:41,2015,2016
2015-16,2547,Chris Bosh,Chris,1610612748,MIA,Miami Heat,21500055,2015-11-03T00:00:00,MIA vs. ATL,L,39.2,0.0,4.0,3.0,6.0,15.0,11.0,7.0,38.0,2.0,0.0,4.0,1.0,43.8,1,13074,13074,13074,975,12059,1596,3302,5299,23079,21814,15538,1422,932,1,22104,12373,1587,1.0,39:14,2015,2016
2015-16,202355,Hassan Whiteside,Hassan,1610612748,MIA,Miami Heat,21500055,2015-11-03T00:00:00,MIA vs. ATL,L,31.0,4.0,7.0,0.0,18.0,19.0,13.0,9.0,42.0,4.0,0.0,0.0,2.0,48.8,1,13074,13074,13074,6705,2460,292,9917,131,25074,23668,18829,670,132,1,1,7786,881,1.0,31:02,2015,2016
2015-16,101145,Monta Ellis,Monta,1610612754,IND,Indiana Pacers,21500054,2015-11-03T00:00:00,IND @ DET,W,33.4,6.0,2.0,2.0,8.0,16.0,13.0,4.0,34.0,0.0,0.0,4.0,1.0,29.1,1,1,1,1,4798,878,4731,4675,3109,23774,23668,8806,2701,8004,1,22104,12373,6285,1.0,33:25,2015,2016
2015-16,203083,Andre Drummond,Andre,1610612765,DET,Detroit Pistons,21500054,2015-11-03T00:00:00,DET vs. IND,L,43.2,6.0,13.0,2.0,24.0,23.0,6.0,10.0,24.0,1.0,0.0,3.0,3.0,67.8,1,13074,13074,13074,186,878,1,4675,14,25803,13237,20169,8723,2692,1,17641,4736,67,1.0,43:13,2015,2016
2015-16,2744,Al Jefferson,Al,1610612766,CHA,Charlotte Hornets,21500053,2015-11-03T00:00:00,CHA vs. CHI,W,21.3,2.0,0.0,0.0,4.0,4.0,0.0,3.0,14.0,1.0,0.0,3.0,0.0,29.6,1,1,1,1,14801,6026,10158,9917,8599,6141,1,7328,17019,2692,1,17641,18762,6050,1.0,21:17,2015,2016
2015-16,203926,Doug McDermott,Doug,1610612741,CHI,Chicago Bulls,21500053,2015-11-03T00:00:00,CHI @ CHA,L,30.1,3.0,0.0,0.0,0.0,16.0,10.0,2.0,24.0,0.0,0.0,2.0,1.0,29.3,1,13074,13074,13074,7423,4307,10158,9917,18861,23774,20509,4025,8723,8004,1,11390,12373,6202,1.0,30:08,2015,2016
2015-16,203095,Evan Fournier,Evan,1610612753,ORL,Orlando Magic,21500056,2015-11-03T00:00:00,ORL @ NOP,W,42.8,2.0,0.0,2.0,14.0,18.0,6.0,17.0,28.0,0.0,1.0,2.0,2.0,46.0,1,1,1,1,224,6026,10158,4675,542,24749,13237,24967,5824,8004,17214,11390,7786,1198,1.0,42:45,2015,2016
2015-16,202391,Jeremy Lin,Jeremy,1610612766,CHA,Charlotte Hornets,21500053,2015-11-03T00:00:00,CHA vs. CHI,W,18.8,5.0,0.0,0.0,4.0,4.0,2.0,3.0,10.0,1.0,0.0,1.0,6.0,29.0,1,1,1,1,16885,1603,10158,9917,8599,6141,3734,7328,20209,2692,1,4972,873,6346,1.0,18:47,2015,2016
2015-16,201952,Jeff Teague,Jeff,1610612737,ATL,Atlanta Hawks,21500055,2015-11-03T00:00:00,ATL @ MIA,W,34.4,3.0,2.0,0.0,14.0,8.0,12.0,5.0,30.0,0.0,2.0,3.0,6.0,46.7,1,1,1,1,4037,4307,4731,9917,542,13914,22832,11593,4541,8004,23588,17641,873,1112,1.0,34:23,2015,2016
2015-16,202696,Nikola Vučević,Nikola,1610612753,ORL,Orlando Magic,21500056,2015-11-03T00:00:00,ORL @ NOP,W,33.7,2.0,6.0,0.0,16.0,13.0,4.0,15.0,20.0,1.0,2.0,3.0,2.0,46.1,1,1,1,1,4594,6026,481,9917,275,21300,8458,24242,11929,2692,23588,17641,7786,1185,1.0,33:42,2015,2016
2015-16,201609,Goran Dragic,Goran,1610612748,MIA,Miami Heat,21500055,2015-11-03T00:00:00,MIA vs. ATL,L,32.2,4.0,2.0,2.0,4.0,19.0,13.0,9.0,42.0,1.0,0.0,2.0,2.0,36.0,1,13074,13074,13074,5747,2460,4731,4675,8599,25074,23668,18829,670,2692,1,11390,7786,3463,1.0,32:10,2015,2016
2015-16,202702,Kenneth Faried,Kenneth,1610612743,DEN,Denver Nuggets,21500059,2015-11-03T00:00:00,DEN @ LAL,W,39.9,2.0,6.0,4.0,20.0,15.0,6.0,13.0,42.0,0.0,0.0,2.0,8.0,43.5,1,1,1,1,767,6026,481,1913,59,23079,13237,23048,670,8004,1,11390,254,1646,1.0,39:52,2015,2016
2015-16,101150,Lou Williams,Lou,1610612747,LAL,Los Angeles Lakers,21500059,2015-11-03T00:00:00,LAL vs. DEN,L,33.5,7.0,0.0,4.0,6.0,13.0,10.0,7.0,30.0,1.0,1.0,3.0,8.0,45.0,1,13074,13074,13074,4781,548,10158,1913,5299,21300,20509,15538,4541,2692,17214,17641,254,1357,1.0,33:27,2015,2016
2015-16,1626144,Emmanuel Mudiay,Emmanuel,1610612743,DEN,Denver Nuggets,21500059,2015-11-03T00:00:00,DEN @ LAL,W,31.5,0.0,0.0,0.0,0.0,10.0,6.0,11.0,36.0,1.0,1.0,4.0,2.0,29.4,1,1,1,1,6335,12059,10158,9917,18861,17370,13237,21342,1943,2692,17214,22104,7786,6143,1.0,31:28,2015,2016
2015-16,202704,Reggie Jackson,Reggie,1610612765,DET,Detroit Pistons,21500054,2015-11-03T00:00:00,DET vs. IND,L,34.3,5.0,2.0,0.0,10.0,20.0,6.0,7.0,20.0,1.0,2.0,3.0,2.0,29.0,1,13074,13074,13074,4106,1603,4731,9917,1840,25338,13237,15538,11929,2692,23588,17641,7786,6346,1.0,34:17,2015,2016
2015-16,203944,Julius Randle,Julius,1610612747,LAL,Los Angeles Lakers,21500059,2015-11-03T00:00:00,LAL vs. DEN,L,32.3,0.0,0.0,2.0,14.0,4.0,14.0,13.0,44.0,1.0,2.0,2.0,2.0,29.0,1,13074,13074,13074,5633,12059,10158,4675,542,6141,24300,23048,454,2692,23588,11390,7786,6346,1.0,32:19,2015,2016
2015-16,1626161,Willie Cauley-Stein,Willie,1610612758,SAC,Sacramento Kings,21500058,2015-11-03T00:00:00,SAC vs. MEM,L,34.0,1.0,6.0,3.0,6.0,11.0,6.0,10.0,34.0,1.0,0.0,3.0,4.0,23.9,1,13074,13074,13074,4319,11535,481,3302,5299,18886,13237,20169,2701,2692,1,17641,2748,9184,1.0,34:02,2015,2016
2015-16,201588,George Hill,George,1610612754,IND,Indiana Pacers,21500054,2015-11-03T00:00:00,IND @ DET,W,36.3,3.0,0.0,0.0,0.0,13.0,22.0,2.0,32.0,1.0,1.0,1.0,4.0,43.2,1,1,1,1,2534,4307,10158,9917,18861,21300,25991,4025,3535,2692,17214,4972,2748,1699,1.0,36:19,2015,2016
2015-16,200768,Kyle Lowry,Kyle,1610612761,TOR,Toronto Raptors,21500057,2015-11-03T00:00:00,TOR @ DAL,W,36.8,7.0,3.0,5.0,4.0,5.0,12.0,7.0,20.0,2.0,0.0,4.0,2.0,59.0,1,1,1,1,2219,548,3104,1277,8599,8403,22832,15538,11929,932,1,22104,7786,238,1.0,36:49,2015,2016
2015-16,201962,Toney Douglas,Toney,1610612740,NOP,New Orleans Pelicans,21500056,2015-11-03T00:00:00,NOP vs. ORL,L,19.5,2.0,0.0,0.0,6.0,6.0,4.0,4.0,30.0,0.0,0.0,5.0,1.0,26.2,1,13074,13074,13074,16294,6026,10158,9917,5299,10028,8458,8806,4541,8004,1,24686,12373,7785,1.0,19:32,2015,2016
2015-16,203484,Kentavious Caldwell-Pope,Kentavious,1610612765,DET,Detroit Pistons,21500054,2015-11-03T00:00:00,DET vs. IND,L,41.8,3.0,0.0,0.0,6.0,20.0,6.0,7.0,22.0,0.0,2.0,3.0,6.0,26.5,1,13074,13074,13074,347,4307,10158,9917,5299,25338,13237,15538,10265,8004,23588,17641,873,7627,1.0,41:46,2015,2016
2015-16,201585,Kosta Koufos,Kosta,1610612758,SAC,Sacramento Kings,21500058,2015-11-03T00:00:00,SAC vs. MEM,L,26.4,2.0,2.0,4.0,10.0,9.0,9.0,5.0,26.0,0.0,0.0,5.0,3.0,20.2,1,13074,13074,13074,10559,6026,4731,1913,1840,15771,19144,11593,7214,8004,1,24686,4736,11610,1.0,26:21,2015,2016
2015-16,101107,Marvin Williams,Marvin,1610612766,CHA,Charlotte Hornets,21500053,2015-11-03T00:00:00,CHA vs. CHI,W,25.0,0.0,2.0,0.0,4.0,2.0,0.0,5.0,18.0,0.0,0.0,0.0,1.0,20.5,1,1,1,1,11644,12059,4731,9917,8599,2619,1,11593,13577,8004,1,1,12373,11401,1.0,25:02,2015,2016
2015-16,203210,JaMychal Green,JaMychal,1610612763,MEM,Memphis Grizzlies,21500058,2015-11-03T00:00:00,MEM @ SAC,W,20.0,4.0,6.0,0.0,8.0,13.0,2.0,6.0,10.0,0.0,0.0,3.0,2.0,26.4,1,1,1,1,15950,2460,481,9917,3109,21300,3734,13388,20209,8004,1,17641,7786,7672,1.0,19:58,2015,2016
2015-16,203076,Anthony Davis,Anthony,1610612740,NOP,New Orleans Pelicans,21500056,2015-11-03T00:00:00,NOP vs. ORL,L,36.3,4.0,0.0,4.0,6.0,2.0,11.0,8.0,36.0,5.0,0.0,2.0,6.0,42.3,1,13074,13074,13074,2566,2460,10158,1913,5299,2619,21814,17194,1943,59,1,11390,873,1877,1.0,36:16,2015,2016
2015-16,201587,Nicolas Batum,Nicolas,1610612766,CHA,Charlotte Hornets,21500053,2015-11-03T00:00:00,CHA vs. CHI,W,28.5,0.0,0.0,4.0,4.0,8.0,2.0,8.0,20.0,0.0,0.0,1.0,4.0,31.1,1,1,1,1,8866,12059,10158,1913,8599,13914,3734,17194,11929,8004,1,4972,2748,5354,1.0,28:27,2015,2016
2015-16,2200,Pau Gasol,Pau,1610612741,CHI,Chicago Bulls,21500053,2015-11-03T00:00:00,CHI @ CHA,L,23.5,0.0,0.0,0.0,8.0,4.0,7.0,4.0,16.0,0.0,1.0,0.0,3.0,27.1,1,13074,13074,13074,12992,12059,10158,9917,3109,6141,15642,8806,15259,8004,17214,1,4736,7339,1.0,23:28,2015,2016
2015-16,202689,Kemba Walker,Kemba,1610612766,CHA,Charlotte Hornets,21500053,2015-11-03T00:00:00,CHA vs. CHI,W,26.1,0.0,5.0,0.0,4.0,6.0,0.0,8.0,18.0,2.0,0.0,0.0,1.0,26.9,1,1,1,1,10786,12059,995,9917,8599,10028,1,17194,13577,932,1,1,12373,7438,1.0,26:04,2015,2016
2015-16,201582,Alexis Ajinca,Alexis,1610612740,NOP,New Orleans Pelicans,21500056,2015-11-03T00:00:00,NOP vs. ORL,L,20.5,2.0,0.0,0.0,4.0,2.0,2.0,4.0,18.0,2.0,1.0,2.0,0.0,15.3,1,13074,13074,13074,15507,6026,10158,9917,8599,2619,3734,8806,13577,932,17214,11390,18762,15150,1.0,20:29,2015,2016
2015-16,201583,Ryan Anderson,Ryan,1610612740,NOP,New Orleans Pelicans,21500056,2015-11-03T00:00:00,NOP vs. ORL,L,26.6,0.0,2.0,0.0,2.0,6.0,4.0,4.0,40.0,1.0,1.0,1.0,5.0,30.8,1,13074,13074,13074,10369,12059,4731,9917,12984,10028,8458,8806,983,2692,17214,4972,1539,5493,1.0,26:36,2015,2016
2015-16,202703,Nikola Mirotic,Nikola,1610612741,CHI,Chicago Bulls,21500053,2015-11-03T00:00:00,CHI @ CHA,L,24.0,0.0,0.0,0.0,2.0,2.0,7.0,4.0,22.0,0.0,1.0,1.0,0.0,12.0,1,13074,13074,13074,12601,12059,10158,9917,12984,2619,15642,8806,10265,8004,17214,4972,18762,17703,1.0,23:58,2015,2016
2015-16,202694,Marcus Morris Sr.,Marcus,1610612765,DET,Detroit Pistons,21500054,2015-11-03T00:00:00,DET vs. IND,L,39.0,3.0,6.0,2.0,2.0,28.0,6.0,10.0,22.0,2.0,0.0,2.0,2.0,27.4,1,13074,13074,13074,1074,4307,481,4675,12984,26034,13237,20169,10265,932,1,11390,7786,7179,1.0,39:00,2015,2016
2015-16,201568,Danilo Gallinari,Danilo,1610612743,DEN,Denver Nuggets,21500059,2015-11-03T00:00:00,DEN @ LAL,W,34.6,4.0,8.0,5.0,8.0,10.0,6.0,11.0,38.0,1.0,1.0,1.0,7.0,41.1,1,1,1,1,3903,2460,137,1277,3109,17370,13237,21342,1422,2692,17214,4972,469,2123,1.0,34:33,2015,2016
2015-16,201188,Marc Gasol,Marc,1610612763,MEM,Memphis Grizzlies,21500058,2015-11-03T00:00:00,MEM @ SAC,W,17.6,0.0,0.0,0.0,4.0,5.0,5.0,10.0,12.0,1.0,0.0,1.0,3.0,15.4,1,1,1,1,17806,12059,10158,9917,8599,8403,11469,20169,18637,2692,1,4972,4736,15066,1.0,17:38,2015,2016
2015-16,201145,Jeff Green,Jeff,1610612763,MEM,Memphis Grizzlies,21500058,2015-11-03T00:00:00,MEM @ SAC,W,22.0,0.0,0.0,3.0,2.0,12.0,5.0,6.0,10.0,0.0,0.0,2.0,0.0,11.8,1,1,1,1,14199,12059,10158,3302,12984,20178,11469,13388,20209,8004,1,11390,18762,17832,1.0,21:58,2015,2016
2015-16,101141,Ersan Ilyasova,Ersan,1610612765,DET,Detroit Pistons,21500054,2015-11-03T00:00:00,DET vs. IND,L,34.6,2.0,2.0,0.0,2.0,20.0,6.0,7.0,20.0,0.0,0.0,0.0,2.0,19.8,1,13074,13074,13074,3865,6026,4731,9917,12984,25338,13237,15538,11929,8004,1,1,7786,11883,1.0,34:36,2015,2016
2015-16,203469,Cody Zeller,Cody,1610612766,CHA,Charlotte Hornets,21500053,2015-11-03T00:00:00,CHA vs. CHI,W,16.3,2.0,0.0,0.0,4.0,7.0,2.0,5.0,10.0,0.0,0.0,0.0,1.0,15.5,1,1,1,1,18804,6026,10158,9917,8599,12242,3734,11593,20209,8004,1,1,12373,15004,1.0,16:19,2015,2016
2015-16,200752,Rudy Gay,Rudy,1610612758,SAC,Sacramento Kings,21500058,2015-11-03T00:00:00,SAC vs. MEM,L,32.0,0.0,2.0,4.0,10.0,13.0,7.0,7.0,34.0,0.0,1.0,3.0,5.0,30.5,1,13074,13074,13074,5895,12059,4731,1913,1840,21300,15642,15538,2701,8004,17214,17641,1539,5620,1.0,31:60,2015,2016
2015-16,201158,Marco Belinelli,Marco,1610612758,SAC,Sacramento Kings,21500058,2015-11-03T00:00:00,SAC vs. MEM,L,24.9,7.0,0.0,0.0,0.0,6.0,12.0,3.0,26.0,0.0,0.0,3.0,6.0,15.5,1,13074,13074,13074,11722,548,10158,9917,18861,10028,22832,7328,7214,8004,1,17641,873,15004,1.0,24:56,2015,2016
2015-16,2449,Luis Scola,Luis,1610612761,TOR,Toronto Raptors,21500057,2015-11-03T00:00:00,TOR @ DAL,W,31.3,4.0,2.0,2.0,10.0,7.0,10.0,7.0,16.0,0.0,0.0,2.0,4.0,40.9,1,1,1,1,6457,2460,4731,4675,1840,12242,20509,15538,15259,8004,1,11390,2748,2166,1.0,31:19,2015,2016
2015-16,204028,Tarik Black,Tarik,1610612747,LAL,Los Angeles Lakers,21500059,2015-11-03T00:00:00,LAL vs. DEN,L,18.2,0.0,4.0,0.0,6.0,6.0,6.0,3.0,18.0,0.0,0.0,4.0,1.0,15.6,1,13074,13074,13074,17388,12059,1596,9917,5299,10028,13237,7328,13577,8004,1,22104,12373,14916,1.0,18:09,2015,2016
2015-16,201565,Derrick Rose,Derrick,1610612741,CHI,Chicago Bulls,21500053,2015-11-03T00:00:00,CHI @ CHA,L,23.9,0.0,0.0,0.0,2.0,11.0,7.0,4.0,16.0,0.0,1.0,0.0,0.0,11.9,1,13074,13074,13074,12682,12059,10158,9917,12984,18886,15642,8806,15259,8004,17214,1,18762,17760,1.0,23:52,2015,2016
2015-16,2216,Zach Randolph,Zach,1610612763,MEM,Memphis Grizzlies,21500058,2015-11-03T00:00:00,MEM @ SAC,W,29.1,4.0,4.0,0.0,10.0,7.0,11.0,14.0,26.0,0.0,0.0,2.0,1.0,32.2,1,1,1,1,8268,2460,1596,9917,1840,12242,21814,23710,7214,8004,1,11390,12373,4846,1.0,29:08,2015,2016
2015-16,203939,Dwight Powell,Dwight,1610612742,DAL,Dallas Mavericks,21500057,2015-11-03T00:00:00,DAL vs. TOR,L,25.8,2.0,2.0,0.0,2.0,9.0,2.0,5.0,14.0,0.0,3.0,2.0,2.0,32.5,1,13074,13074,13074,11059,6026,4731,9917,12984,15771,3734,11593,17019,8004,25441,11390,7786,4726,1.0,25:46,2015,2016
2015-16,201144,Mike Conley,Mike,1610612763,MEM,Memphis Grizzlies,21500058,2015-11-03T00:00:00,MEM @ SAC,W,25.2,0.0,0.0,2.0,4.0,8.0,9.0,12.0,22.0,0.0,0.0,2.0,1.0,28.6,1,1,1,1,11528,12059,10158,4675,8599,13914,19144,22259,10265,8004,1,11390,12373,6560,1.0,25:12,2015,2016
2015-16,201143,Al Horford,Al,1610612737,ATL,Atlanta Hawks,21500055,2015-11-03T00:00:00,ATL @ MIA,W,33.7,0.0,6.0,0.0,14.0,8.0,12.0,5.0,26.0,0.0,1.0,1.0,1.0,37.6,1,1,1,1,4568,12059,481,9917,542,13914,22832,11593,7214,8004,17214,4972,12373,3018,1.0,33:44,2015,2016
2015-16,1626163,Frank Kaminsky,Frank,1610612766,CHA,Charlotte Hornets,21500053,2015-11-03T00:00:00,CHA vs. CHI,W,20.5,0.0,0.0,0.0,0.0,9.0,2.0,6.0,20.0,0.0,0.0,0.0,0.0,17.1,1,1,1,1,15465,12059,10158,9917,18861,15771,3734,13388,11929,8004,1,1,18762,13791,1.0,20:31,2015,2016
2015-16,202083,Wesley Matthews,Wesley,1610612742,DAL,Dallas Mavericks,21500057,2015-11-03T00:00:00,DAL vs. TOR,L,27.6,0.0,3.0,1.0,2.0,13.0,7.0,7.0,30.0,0.0,0.0,5.0,4.0,14.1,1,13074,13074,13074,9542,12059,3104,9347,12984,21300,15642,15538,4541,8004,1,24686,2748,16094,1.0,27:36,2015,2016
2015-16,101139,CJ Miles,CJ,1610612754,IND,Indiana Pacers,21500054,2015-11-03T00:00:00,IND @ DET,W,29.8,3.0,0.0,2.0,0.0,14.0,13.0,4.0,30.0,0.0,1.0,1.0,1.0,17.1,1,1,1,1,7723,4307,10158,4675,18861,22292,23668,8806,4541,8004,17214,4972,12373,13791,1.0,29:48,2015,2016
2015-16,201960,DeMarre Carroll,DeMarre,1610612761,TOR,Toronto Raptors,21500057,2015-11-03T00:00:00,TOR @ DAL,W,33.6,0.0,0.0,0.0,2.0,7.0,10.0,8.0,22.0,1.0,0.0,3.0,3.0,13.5,1,1,1,1,4644,12059,10158,9917,12984,12242,20509,17194,10265,2692,1,17641,4736,16552,1.0,33:38,2015,2016
2015-16,200794,Paul Millsap,Paul,1610612737,ATL,Atlanta Hawks,21500055,2015-11-03T00:00:00,ATL @ MIA,W,35.6,4.0,1.0,0.0,6.0,12.0,16.0,9.0,42.0,1.0,0.0,3.0,8.0,39.5,1,1,1,1,3081,2460,9709,9917,5299,20178,25155,18829,670,2692,1,17641,254,2497,1.0,35:34,2015,2016
2015-16,202699,Tobias Harris,Tobias,1610612753,ORL,Orlando Magic,21500056,2015-11-03T00:00:00,ORL @ NOP,W,29.4,0.0,2.0,2.0,6.0,16.0,2.0,11.0,18.0,0.0,2.0,4.0,0.0,28.1,1,1,1,1,8071,12059,4731,4675,5299,23774,3734,21342,13577,8004,23588,22104,18762,6818,1.0,29:23,2015,2016
2015-16,2440,Matt Barnes,Matt,1610612763,MEM,Memphis Grizzlies,21500058,2015-11-03T00:00:00,MEM @ SAC,W,23.6,0.0,0.0,0.0,2.0,14.0,2.0,6.0,10.0,2.0,0.0,5.0,3.0,22.6,1,1,1,1,12899,12059,10158,9917,12984,22292,3734,13388,20209,932,1,24686,4736,10000,1.0,23:36,2015,2016
2015-16,201950,Jrue Holiday,Jrue,1610612740,NOP,New Orleans Pelicans,21500056,2015-11-03T00:00:00,NOP vs. ORL,L,23.4,3.0,0.0,5.0,0.0,0.0,4.0,4.0,22.0,1.0,1.0,0.0,4.0,28.4,1,13074,13074,13074,13042,4307,10158,1277,18861,1,8458,8806,10265,2692,17214,1,2748,6663,1.0,23:24,2015,2016
2015-16,201584,Courtney Lee,Courtney,1610612763,MEM,Memphis Grizzlies,21500058,2015-11-03T00:00:00,MEM @ SAC,W,30.6,5.0,2.0,3.0,6.0,12.0,11.0,18.0,22.0,0.0,1.0,4.0,1.0,22.5,1,1,1,1,7058,1603,4731,3302,5299,20178,21814,25228,10265,8004,17214,22104,12373,10082,1.0,30:33,2015,2016
2015-16,201954,Darren Collison,Darren,1610612758,SAC,Sacramento Kings,21500058,2015-11-03T00:00:00,SAC vs. MEM,L,30.8,7.0,0.0,4.0,0.0,10.0,15.0,5.0,36.0,0.0,2.0,1.0,5.0,22.7,1,13074,13074,13074,6924,548,10158,1913,18861,17370,24781,11593,1943,8004,23588,4972,1539,9938,1.0,30:45,2015,2016
2015-16,203903,Jordan Clarkson,Jordan,1610612747,LAL,Los Angeles Lakers,21500059,2015-11-03T00:00:00,LAL vs. DEN,L,37.2,4.0,0.0,3.0,10.0,13.0,16.0,13.0,50.0,0.0,1.0,2.0,3.0,39.6,1,13074,13074,13074,1962,2460,10158,3302,1840,21300,25155,23048,107,8004,17214,11390,4736,2474,1.0,37:12,2015,2016
2015-16,202337,Luke Babbitt,Luke,1610612740,NOP,New Orleans Pelicans,21500056,2015-11-03T00:00:00,NOP vs. ORL,L,28.2,2.0,0.0,0.0,2.0,2.0,9.0,8.0,34.0,0.0,0.0,1.0,0.0,22.1,1,13074,13074,13074,9105,6026,10158,9917,12984,2619,19144,17194,2701,8004,1,4972,18762,10332,1.0,28:10,2015,2016
2015-16,201155,Rodney Stuckey,Rodney,1610612754,IND,Indiana Pacers,21500054,2015-11-03T00:00:00,IND @ DET,W,26.3,6.0,2.0,4.0,8.0,9.0,11.0,2.0,26.0,0.0,0.0,2.0,10.0,31.8,1,1,1,1,10626,878,4731,1913,3109,15771,21814,4025,7214,8004,1,11390,76,5041,1.0,26:16,2015,2016
2015-16,2594,Kyle Korver,Kyle,1610612737,ATL,Atlanta Hawks,21500055,2015-11-03T00:00:00,ATL @ MIA,W,34.5,3.0,4.0,0.0,2.0,8.0,13.0,7.0,38.0,0.0,1.0,1.0,0.0,17.1,1,1,1,1,3956,4307,1596,9917,12984,13914,23668,15538,1422,8004,17214,4972,18762,13791,1.0,34:29,2015,2016
2015-16,1626156,D'Angelo Russell,D'Angelo,1610612747,LAL,Los Angeles Lakers,21500059,2015-11-03T00:00:00,LAL vs. DEN,L,20.4,2.0,0.0,2.0,2.0,4.0,12.0,6.0,28.0,0.0,2.0,4.0,0.0,17.4,1,13074,13074,13074,15547,6026,10158,4675,12984,6141,22832,13388,5824,8004,23588,22104,18762,13595,1.0,20:25,2015,2016
2015-16,203473,Dewayne Dedmon,Dewayne,1610612753,ORL,Orlando Magic,21500056,2015-11-03T00:00:00,ORL @ NOP,W,12.2,0.0,0.0,2.0,6.0,8.0,2.0,4.0,12.0,1.0,0.0,1.0,0.0,13.8,1,1,1,1,21436,12059,10158,4675,5299,13914,3734,8806,18637,2692,1,4972,18762,16311,1.0,12:11,2015,2016
2015-16,201942,DeMar DeRozan,DeMar,1610612761,TOR,Toronto Raptors,21500057,2015-11-03T00:00:00,TOR @ DAL,W,28.4,0.0,2.0,0.0,6.0,4.0,5.0,10.0,22.0,0.0,2.0,3.0,5.0,27.8,1,1,1,1,8934,12059,4731,9917,5299,6141,11469,20169,10265,8004,23588,17641,1539,6950,1.0,28:23,2015,2016
2015-16,203115,Will Barton,Will,1610612743,DEN,Denver Nuggets,21500059,2015-11-03T00:00:00,DEN @ LAL,W,21.5,2.0,2.0,0.0,4.0,7.0,5.0,4.0,16.0,1.0,0.0,2.0,3.0,22.3,1,1,1,1,14625,6026,4731,9917,8599,12242,11469,8806,15259,2692,1,11390,4736,10208,1.0,21:28,2015,2016
2015-16,201148,Brandan Wright,Brandan,1610612763,MEM,Memphis Grizzlies,21500058,2015-11-03T00:00:00,MEM @ SAC,W,27.7,0.0,3.0,0.0,8.0,20.0,8.0,11.0,16.0,4.0,0.0,3.0,7.0,32.7,1,1,1,1,9479,12059,3104,9917,3109,25338,17345,21342,15259,132,1,17641,469,4649,1.0,27:41,2015,2016
2015-16,202685,Jonas Valančiūnas,Jonas,1610612761,TOR,Toronto Raptors,21500057,2015-11-03T00:00:00,TOR @ DAL,W,33.7,3.0,2.0,0.0,12.0,7.0,8.0,7.0,18.0,2.0,0.0,3.0,5.0,27.6,1,1,1,1,4615,4307,4731,9917,988,12242,17345,15538,13577,932,1,17641,1539,7080,1.0,33:41,2015,2016
2015-16,202331,Paul George,Paul,1610612754,IND,Indiana Pacers,21500054,2015-11-03T00:00:00,IND @ DET,W,37.5,8.0,0.0,2.0,4.0,16.0,17.0,4.0,36.0,0.0,2.0,2.0,4.0,37.8,1,1,1,1,1730,308,10158,4675,8599,23774,25429,8806,1943,8004,23588,11390,2748,2956,1.0,37:32,2015,2016
2015-16,203200,Justin Holiday,Justin,1610612737,ATL,Atlanta Hawks,21500055,2015-11-03T00:00:00,ATL @ MIA,W,12.8,2.0,0.0,4.0,4.0,2.0,4.0,2.0,14.0,0.0,0.0,1.0,2.0,12.9,1,1,1,1,21074,6026,10158,1913,8599,2619,8458,4025,17019,8004,1,4972,7786,17049,1.0,12:49,2015,2016
2015-16,203148,Brian Roberts,Brian,1610612766,CHA,Charlotte Hornets,21500053,2015-11-03T00:00:00,CHA vs. CHI,W,5.7,0.0,0.0,0.0,0.0,6.0,2.0,2.0,12.0,0.0,0.0,0.0,0.0,2.0,1,1,1,1,24102,12059,10158,9917,18861,10028,3734,4025,18637,8004,1,1,18762,24216,1.0,5:41,2015,2016
2015-16,1626147,Justin Anderson,Justin,1610612742,DAL,Dallas Mavericks,21500057,2015-11-03T00:00:00,DAL vs. TOR,L,0.7,2.0,0.0,2.0,2.0,0.0,0.0,0.0,0.0,0.0,0.0,0.0,0.0,2.0,1,13074,13074,13074,25937,6026,10158,4675,12984,1,1,1,25429,8004,1,1,18762,24216,1.0,0:42,2015,2016
2015-16,203798,PJ Hairston,PJ,1610612766,CHA,Charlotte Hornets,21500053,2015-11-03T00:00:00,CHA vs. CHI,W,19.9,2.0,0.0,0.0,2.0,4.0,0.0,6.0,14.0,0.0,0.0,3.0,2.0,16.0,1,1,1,1,15999,6026,10158,9917,12984,6141,1,13388,17019,8004,1,17641,7786,14590,1.0,19:54,2015,2016
2015-16,200826,J.J. Barea,J.J.,1610612742,DAL,Dallas Mavericks,21500057,2015-11-03T00:00:00,DAL vs. TOR,L,23.2,0.0,0.0,2.0,2.0,6.0,4.0,6.0,18.0,0.0,1.0,1.0,1.0,21.4,1,13074,13074,13074,13196,12059,10158,4675,12984,10028,8458,13388,13577,8004,17214,4972,12373,10807,1.0,23:12,2015,2016
2015-16,2754,Tony Allen,Tony,1610612763,MEM,Memphis Grizzlies,21500058,2015-11-03T00:00:00,MEM @ SAC,W,20.1,2.0,0.0,2.0,2.0,6.0,8.0,10.0,20.0,0.0,0.0,4.0,0.0,12.8,1,1,1,1,15816,6026,10158,4675,12984,10028,17345,20169,11929,8004,1,22104,18762,17129,1.0,20:07,2015,2016
2015-16,203145,Kent Bazemore,Kent,1610612737,ATL,Atlanta Hawks,21500055,2015-11-03T00:00:00,ATL @ MIA,W,32.5,8.0,0.0,7.0,4.0,14.0,18.0,9.0,42.0,0.0,0.0,1.0,0.0,21.5,1,1,1,1,5538,308,10158,454,8599,22292,25634,18829,670,8004,1,4972,18762,10755,1.0,32:27,2015,2016
2015-16,202730,Lavoy Allen,Lavoy,1610612754,IND,Indiana Pacers,21500054,2015-11-03T00:00:00,IND @ DET,W,21.9,2.0,0.0,0.0,0.0,7.0,11.0,0.0,18.0,1.0,0.0,1.0,0.0,18.2,1,1,1,1,14272,6026,10158,9917,18861,12242,21814,1,13577,2692,1,4972,18762,13004,1.0,21:53,2015,2016
2015-16,201941,Jordan Hill,Jordan,1610612754,IND,Indiana Pacers,21500054,2015-11-03T00:00:00,IND @ DET,W,23.4,2.0,4.0,0.0,6.0,8.0,8.0,2.0,16.0,0.0,1.0,3.0,0.0,20.7,1,1,1,1,13077,6026,1596,9917,5299,13914,17345,4025,15259,8004,17214,17641,18762,11252,1.0,23:21,2015,2016
2015-16,204020,Tyler Johnson,Tyler,1610612748,MIA,Miami Heat,21500055,2015-11-03T00:00:00,MIA vs. ATL,L,20.6,2.0,0.0,0.0,4.0,5.0,4.0,4.0,16.0,0.0,0.0,1.0,1.0,15.9,1,13074,13074,13074,15386,6026,10158,9917,8599,8403,8458,8806,15259,8004,1,4972,12373,14675,1.0,20:36,2015,2016
2015-16,201150,Spencer Hawes,Spencer,1610612766,CHA,Charlotte Hornets,21500053,2015-11-03T00:00:00,CHA vs. CHI,W,19.6,3.0,3.0,0.0,4.0,6.0,2.0,8.0,14.0,0.0,0.0,1.0,1.0,18.6,1,1,1,1,16236,4307,3104,9917,8599,10028,3734,17194,17019,8004,1,4972,12373,12715,1.0,19:35,2015,2016
2015-16,201596,Mario Chalmers,Mario,1610612748,MIA,Miami Heat,21500055,2015-11-03T00:00:00,MIA vs. ATL,L,21.7,0.0,0.0,2.0,2.0,7.0,6.0,4.0,22.0,0.0,1.0,4.0,1.0,12.7,1,13074,13074,13074,14424,12059,10158,4675,12984,12242,13237,8806,10265,8004,17214,22104,12373,17201,1.0,21:43,2015,2016
2015-16,201967,Dante Cunningham,Dante,1610612740,NOP,New Orleans Pelicans,21500056,2015-11-03T00:00:00,NOP vs. ORL,L,21.2,3.0,0.0,2.0,4.0,4.0,5.0,4.0,22.0,0.0,0.0,1.0,1.0,16.7,1,13074,13074,13074,14897,4307,10158,4675,8599,6141,11469,8806,10265,8004,1,4972,12373,14064,1.0,21:11,2015,2016
2015-16,202734,E'Twaun Moore,E'Twaun,1610612741,CHI,Chicago Bulls,21500053,2015-11-03T00:00:00,CHI @ CHA,L,15.9,2.0,0.0,0.0,6.0,8.0,8.0,0.0,14.0,0.0,1.0,1.0,0.0,8.5,1,13074,13074,13074,19102,6026,10158,9917,5299,13914,17345,1,17019,8004,17214,4972,18762,20215,1.0,15:55,2015,2016
2015-16,202710,Jimmy Butler III,Jimmy,1610612741,CHI,Chicago Bulls,21500053,2015-11-03T00:00:00,CHI @ CHA,L,32.1,3.0,0.0,5.0,6.0,12.0,7.0,6.0,26.0,0.0,0.0,2.0,4.0,34.7,1,13074,13074,13074,5811,4307,10158,1277,5299,20178,15642,13388,7214,8004,1,11390,2748,3935,1.0,32:05,2015,2016
2015-16,203471,Dennis Schröder,Dennis,1610612737,ATL,Atlanta Hawks,21500055,2015-11-03T00:00:00,ATL @ MIA,W,16.0,0.0,0.0,0.0,2.0,6.0,11.0,7.0,22.0,0.0,1.0,1.0,2.0,9.9,1,1,1,1,19016,12059,10158,9917,12984,10028,21814,15538,10265,8004,17214,4972,7786,19247,1.0,16:01,2015,2016
2015-16,203087,Jeremy Lamb,Jeremy,1610612766,CHA,Charlotte Hornets,21500053,2015-11-03T00:00:00,CHA vs. CHI,W,25.6,6.0,3.0,2.0,8.0,12.0,4.0,7.0,26.0,0.0,0.0,0.0,1.0,34.3,1,1,1,1,11241,878,3104,4675,3109,20178,8458,15538,7214,8004,1,1,12373,4063,1.0,25:34,2015,2016
2015-16,201956,Omri Casspi,Omri,1610612758,SAC,Sacramento Kings,21500058,2015-11-03T00:00:00,SAC vs. MEM,L,22.8,1.0,3.0,1.0,0.0,4.0,11.0,3.0,30.0,0.0,2.0,2.0,3.0,14.6,1,13074,13074,13074,13537,11535,3104,9347,18861,6141,21814,7328,4541,8004,23588,11390,4736,15699,1.0,22:47,2015,2016
2015-16,203082,Terrence Ross,Terrence,1610612761,TOR,Toronto Raptors,21500057,2015-11-03T00:00:00,TOR @ DAL,W,22.8,2.0,0.0,2.0,4.0,10.0,9.0,7.0,10.0,0.0,0.0,5.0,2.0,10.2,1,1,1,1,13510,6026,10158,4675,8599,17370,19144,15538,20209,8004,1,24686,7786,19003,1.0,22:50,2015,2016
2015-16,2749,Jameer Nelson,Jameer,1610612743,DEN,Denver Nuggets,21500059,2015-11-03T00:00:00,DEN @ LAL,W,25.8,0.0,0.0,0.0,0.0,9.0,5.0,4.0,20.0,0.0,0.0,4.0,2.0,19.3,1,1,1,1,10980,12059,10158,9917,18861,15771,11469,8806,11929,8004,1,22104,7786,12228,1.0,25:50,2015,2016
2015-16,201166,Aaron Brooks,Aaron,1610612741,CHI,Chicago Bulls,21500053,2015-11-03T00:00:00,CHI @ CHA,L,17.0,0.0,0.0,6.0,2.0,7.0,6.0,2.0,18.0,0.0,0.0,4.0,1.0,23.0,1,13074,13074,13074,18273,12059,10158,740,12984,12242,13237,4025,13577,8004,1,22104,12373,9760,1.0,17:00,2015,2016
2015-16,203914,Gary Harris,Gary,1610612743,DEN,Denver Nuggets,21500059,2015-11-03T00:00:00,DEN @ LAL,W,21.7,0.0,0.0,4.0,8.0,6.0,4.0,9.0,26.0,0.0,1.0,1.0,1.0,23.6,1,1,1,1,14424,12059,10158,1913,3109,10028,8458,18829,7214,8004,17214,4972,12373,9377,1.0,21:43,2015,2016
2015-16,201569,Eric Gordon,Eric,1610612740,NOP,New Orleans Pelicans,21500056,2015-11-03T00:00:00,NOP vs. ORL,L,37.8,6.0,2.0,6.0,8.0,4.0,8.0,8.0,38.0,0.0,0.0,2.0,1.0,25.4,1,13074,13074,13074,1600,878,4731,740,3109,6141,17345,17194,1422,8004,1,11390,12373,8273,1.0,37:49,2015,2016
2015-16,201581,JJ Hickson,JJ,1610612743,DEN,Denver Nuggets,21500059,2015-11-03T00:00:00,DEN @ LAL,W,24.7,0.0,0.0,0.0,12.0,8.0,4.0,9.0,26.0,2.0,0.0,4.0,3.0,34.4,1,1,1,1,11941,12059,10158,9917,988,13914,8458,18829,7214,932,1,22104,4736,4029,1.0,24:41,2015,2016
2015-16,977,Kobe Bryant,Kobe,1610612747,LAL,Los Angeles Lakers,21500059,2015-11-03T00:00:00,LAL vs. DEN,L,29.2,2.0,0.0,0.0,2.0,8.0,10.0,13.0,44.0,0.0,0.0,5.0,1.0,25.9,1,13074,13074,13074,8241,6026,10158,9917,12984,13914,20509,23048,454,8004,1,24686,12373,7960,1.0,29:10,2015,2016
2015-16,203506,Victor Oladipo,Victor,1610612753,ORL,Orlando Magic,21500056,2015-11-03T00:00:00,ORL @ NOP,W,35.9,0.0,3.0,4.0,4.0,13.0,6.0,13.0,22.0,1.0,0.0,2.0,3.0,25.9,1,1,1,1,2806,12059,3104,1913,8599,21300,13237,23048,10265,2692,1,11390,4736,7960,1.0,35:56,2015,2016
2015-16,1717,Dirk Nowitzki,Dirk,1610612742,DAL,Dallas Mavericks,21500057,2015-11-03T00:00:00,DAL vs. TOR,L,35.2,6.0,3.0,0.0,4.0,9.0,9.0,4.0,34.0,1.0,0.0,1.0,5.0,33.4,1,13074,13074,13074,3398,878,3104,9917,8599,15771,19144,8806,2701,2692,1,4972,1539,4384,1.0,35:11,2015,2016
2015-16,101138,Brandon Bass,Brandon,1610612747,LAL,Los Angeles Lakers,21500059,2015-11-03T00:00:00,LAL vs. DEN,L,18.7,0.0,0.0,0.0,0.0,15.0,8.0,4.0,16.0,0.0,0.0,2.0,3.0,10.4,1,13074,13074,13074,16944,12059,10158,9917,18861,23079,17345,8806,15259,8004,1,11390,4736,18859,1.0,18:42,2015,2016
2015-16,200765,Rajon Rondo,Rajon,1610612758,SAC,Sacramento Kings,21500058,2015-11-03T00:00:00,SAC vs. MEM,L,27.0,2.0,0.0,0.0,4.0,11.0,3.0,7.0,32.0,0.0,1.0,1.0,2.0,19.2,1,13074,13074,13074,10032,6026,10158,9917,8599,18886,7138,15538,3535,8004,17214,4972,7786,12284,1.0,26:59,2015,2016
2015-16,1626167,Myles Turner,Myles,1610612754,IND,Indiana Pacers,21500054,2015-11-03T00:00:00,IND @ DET,W,15.5,0.0,0.0,0.0,0.0,7.0,8.0,0.0,20.0,3.0,0.0,3.0,0.0,22.8,1,1,1,1,19414,12059,10158,9917,18861,12242,17345,1,11929,347,1,17641,18762,9883,1.0,15:29,2015,2016
2015-16,201168,Tiago Splitter,Tiago,1610612737,ATL,Atlanta Hawks,21500055,2015-11-03T00:00:00,ATL @ MIA,W,20.5,0.0,2.0,0.0,4.0,6.0,6.0,8.0,26.0,0.0,4.0,2.0,1.0,18.9,1,1,1,1,15488,12059,4731,9917,8599,10028,13237,17194,7214,8004,25926,11390,12373,12513,1.0,20:30,2015,2016
2015-16,203901,Elfrid Payton,Elfrid,1610612753,ORL,Orlando Magic,21500056,2015-11-03T00:00:00,ORL @ NOP,W,29.5,2.0,0.0,0.0,8.0,16.0,4.0,10.0,22.0,0.0,2.0,2.0,2.0,25.8,1,1,1,1,8002,6026,10158,9917,3109,23774,8458,20169,10265,8004,23588,11390,7786,8022,1.0,29:28,2015,2016
2015-16,203503,Tony Snell,Tony,1610612741,CHI,Chicago Bulls,21500053,2015-11-03T00:00:00,CHI @ CHA,L,25.0,0.0,0.0,0.0,0.0,6.0,7.0,4.0,22.0,0.0,0.0,2.0,0.0,10.4,1,13074,13074,13074,11669,12059,10158,9917,18861,10028,15642,8806,10265,8004,1,11390,18762,18859,1.0,25:01,2015,2016
2015-16,201579,Roy Hibbert,Roy,1610612747,LAL,Los Angeles Lakers,21500059,2015-11-03T00:00:00,LAL vs. DEN,L,17.5,0.0,2.0,2.0,4.0,0.0,6.0,6.0,28.0,2.0,0.0,2.0,2.0,14.4,1,13074,13074,13074,17928,12059,4731,4675,8599,1,13237,13388,5824,932,1,11390,7786,15857,1.0,17:28,2015,2016
2015-16,201959,Taj Gibson,Taj,1610612741,CHI,Chicago Bulls,21500053,2015-11-03T00:00:00,CHI @ CHA,L,16.1,2.0,2.0,0.0,6.0,14.0,6.0,2.0,20.0,0.0,0.0,1.0,2.0,10.1,1,13074,13074,13074,18959,6026,4731,9917,5299,22292,13237,4025,11929,8004,1,4972,7786,19105,1.0,16:06,2015,2016
2015-16,2734,Devin Harris,Devin,1610612742,DAL,Dallas Mavericks,21500057,2015-11-03T00:00:00,DAL vs. TOR,L,24.3,0.0,0.0,7.0,6.0,12.0,7.0,5.0,16.0,2.0,1.0,2.0,7.0,25.7,1,13074,13074,13074,12332,12059,10158,454,5299,20178,15642,11593,15259,932,17214,11390,469,8088,1.0,24:17,2015,2016
2015-16,2548,Dwyane Wade,Dwyane,1610612748,MIA,Miami Heat,21500055,2015-11-03T00:00:00,MIA vs. ATL,L,27.2,0.0,5.0,3.0,8.0,17.0,13.0,7.0,36.0,1.0,0.0,1.0,5.0,25.7,1,13074,13074,13074,9883,12059,995,3302,3109,24337,23668,15538,1943,2692,1,4972,1539,8088,1.0,27:09,2015,2016
2015-16,202397,Ish Smith,Ish,1610612740,NOP,New Orleans Pelicans,21500056,2015-11-03T00:00:00,NOP vs. ORL,L,16.6,0.0,0.0,0.0,0.0,2.0,5.0,2.0,24.0,0.0,0.0,0.0,0.0,19.1,1,13074,13074,13074,18575,12059,10158,9917,18861,2619,11469,4025,8723,8004,1,1,18762,12372,1.0,16:36,2015,2016
2015-16,203114,Khris Middleton,Khris,1610612749,MIL,Milwaukee Bucks,21500047,2015-11-02T00:00:00,MIL @ BKN,W,39.0,4.0,2.0,0.0,2.0,11.0,7.0,14.0,28.0,1.0,0.0,2.0,2.0,33.5,1,1,1,1,1089,2460,4731,9917,12984,18886,15642,23710,5824,2692,1,11390,7786,4348,1.0,38:57,2015,2016
2015-16,203476,Gorgui Dieng,Gorgui,1610612750,MIN,Minnesota Timberwolves,21500050,2015-11-02T00:00:00,MIN vs. POR,L,21.1,0.0,2.0,0.0,10.0,5.0,12.0,4.0,18.0,0.0,0.0,2.0,1.0,19.5,1,13074,13074,13074,14972,12059,4731,9917,1840,8403,22832,8806,13577,8004,1,11390,12373,12096,1.0,21:06,2015,2016
2015-16,201575,Brandon Rush,Brandon,1610612744,GSW,Golden State Warriors,21500051,2015-11-02T00:00:00,GSW vs. MEM,W,13.4,0.0,0.0,0.0,0.0,3.0,2.0,3.0,8.0,0.0,0.0,1.0,2.0,10.2,1,1,1,1,20761,12059,10158,9917,18861,5109,3734,7328,21543,8004,1,4972,7786,19003,1.0,13:22,2015,2016
2015-16,202357,Nemanja Bjelica,Nemanja,1610612750,MIN,Minnesota Timberwolves,21500050,2015-11-02T00:00:00,MIN vs. POR,L,31.4,0.0,0.0,0.0,2.0,9.0,16.0,10.0,28.0,0.0,0.0,4.0,2.0,22.8,1,13074,13074,13074,6377,12059,10158,9917,12984,15771,25155,20169,5824,8004,1,22104,7786,9883,1.0,31:25,2015,2016
2015-16,203459,Allen Crabbe,Allen,1610612757,POR,Portland Trail Blazers,21500050,2015-11-02T00:00:00,POR @ MIN,W,25.5,2.0,0.0,2.0,2.0,9.0,2.0,10.0,28.0,0.0,0.0,0.0,1.0,10.5,1,1,1,1,11302,6026,10158,4675,12984,15771,3734,20169,5824,8004,1,1,12373,18808,1.0,25:29,2015,2016
2015-16,101127,Jarrett Jack,Jarrett,1610612751,BKN,Brooklyn Nets,21500047,2015-11-02T00:00:00,BKN vs. MIL,L,34.6,0.0,2.0,5.0,6.0,19.0,14.0,7.0,26.0,0.0,1.0,3.0,4.0,19.6,1,13074,13074,13074,3890,12059,4731,1277,5299,25074,24300,15538,7214,8004,17214,17641,2748,12024,1.0,34:34,2015,2016
2015-16,203948,Johnny O'Bryant III,Johnny,1610612749,MIL,Milwaukee Bucks,21500047,2015-11-02T00:00:00,MIL @ BKN,W,17.0,6.0,2.0,0.0,2.0,2.0,5.0,0.0,10.0,1.0,0.0,1.0,3.0,14.9,1,1,1,1,18243,878,4731,9917,12984,2619,11469,1,20209,2692,1,4972,4736,15463,1.0,17:02,2015,2016
2015-16,203085,Austin Rivers,Austin,1610612746,LAC,LA Clippers,21500052,2015-11-02T00:00:00,LAC vs. PHX,W,17.7,3.0,0.0,3.0,6.0,1.0,7.0,3.0,12.0,0.0,0.0,0.0,1.0,10.5,1,1,1,1,17790,4307,10158,3302,5299,2356,15642,7328,18637,8004,1,1,12373,18808,1.0,17:39,2015,2016
2015-16,203084,Harrison Barnes,Harrison,1610612744,GSW,Golden State Warriors,21500051,2015-11-02T00:00:00,GSW vs. MEM,W,20.2,2.0,2.0,4.0,2.0,4.0,6.0,3.0,12.0,0.0,0.0,0.0,2.0,19.6,1,1,1,1,15778,6026,4731,1913,12984,6141,13237,7328,18637,8004,1,1,7786,12024,1.0,20:09,2015,2016
2015-16,201144,Mike Conley,Mike,1610612763,MEM,Memphis Grizzlies,21500051,2015-11-02T00:00:00,MEM @ GSW,L,26.5,2.0,0.0,4.0,2.0,12.0,6.0,31.0,24.0,0.0,2.0,1.0,3.0,22.9,1,13074,13074,13074,10488,6026,10158,1913,12984,20178,13237,26065,8723,8004,23588,4972,4736,9811,1.0,26:27,2015,2016
2015-16,202682,Derrick Williams,Derrick,1610612752,NYK,New York Knicks,21500048,2015-11-02T00:00:00,NYK vs. SAS,L,10.5,4.0,0.0,0.0,6.0,6.0,2.0,4.0,18.0,1.0,0.0,0.0,0.0,10.4,1,13074,13074,13074,22229,2460,10158,9917,5299,10028,3734,8806,13577,2692,1,1,18762,18859,1.0,10:30,2015,2016
2015-16,201567,Kevin Love,Kevin,1610612739,CLE,Cleveland Cavaliers,21500046,2015-11-02T00:00:00,CLE @ PHI,W,28.6,2.0,3.0,0.0,12.0,10.0,4.0,6.0,26.0,0.0,1.0,2.0,2.0,25.6,1,1,1,1,8763,6026,3104,9917,988,17370,8458,13388,7214,8004,17214,11390,7786,8157,1.0,28:34,2015,2016
2015-16,201142,Kevin Durant,Kevin,1610612760,OKC,Oklahoma City Thunder,21500049,2015-11-02T00:00:00,OKC @ HOU,L,35.0,3.0,5.0,3.0,6.0,12.0,12.0,8.0,36.0,2.0,1.0,0.0,7.0,34.8,1,13074,13074,13074,3534,4307,995,3302,5299,20178,22832,17194,1943,932,17214,1,469,3891,1.0,35:00,2015,2016
2015-16,202362,Lance Stephenson,Lance,1610612746,LAC,LA Clippers,21500052,2015-11-02T00:00:00,LAC vs. PHX,W,18.3,0.0,2.0,0.0,4.0,7.0,2.0,4.0,14.0,0.0,0.0,3.0,1.0,14.2,1,1,1,1,17233,12059,4731,9917,8599,12242,3734,8806,17019,8004,1,17641,12373,16003,1.0,18:20,2015,2016
2015-16,203949,James Michael McAdoo,James Michael,1610612744,GSW,Golden State Warriors,21500051,2015-11-02T00:00:00,GSW vs. MEM,W,16.5,2.0,1.0,2.0,8.0,5.0,2.0,3.0,12.0,0.0,1.0,1.0,4.0,18.9,1,1,1,1,18675,6026,9709,4675,3109,8403,3734,7328,18637,8004,17214,4972,2748,12513,1.0,16:28,2015,2016
2015-16,203457,Nerlens Noel,Nerlens,1610612755,PHI,Philadelphia 76ers,21500046,2015-11-02T00:00:00,PHI vs. CLE,L,33.5,2.0,4.0,0.0,12.0,10.0,2.0,19.0,40.0,3.0,0.0,2.0,2.0,34.6,1,13074,13074,13074,4780,6026,1596,9917,988,17370,3734,25435,983,347,1,11390,7786,3963,1.0,33:27,2015,2016
2015-16,201571,D.J. Augustin,D.J.,1610612760,OKC,Oklahoma City Thunder,21500049,2015-11-02T00:00:00,OKC @ HOU,L,21.6,0.0,0.0,2.0,4.0,11.0,0.0,12.0,30.0,0.0,0.0,2.0,6.0,15.0,1,13074,13074,13074,14530,12059,10158,4675,8599,18886,1,22259,4541,8004,1,11390,873,15404,1.0,21:35,2015,2016
2015-16,202683,Enes Freedom,Enes,1610612760,OKC,Oklahoma City Thunder,21500049,2015-11-02T00:00:00,OKC @ HOU,L,22.2,2.0,4.0,0.0,6.0,12.0,2.0,8.0,26.0,1.0,2.0,1.0,0.0,25.9,1,13074,13074,13074,13991,6026,1596,9917,5299,20178,3734,17194,7214,2692,23588,4972,18762,7960,1.0,22:13,2015,2016
2015-16,203991,Clint Capela,Clint,1610612745,HOU,Houston Rockets,21500049,2015-11-02T00:00:00,HOU vs. OKC,W,10.7,0.0,0.0,0.0,4.0,0.0,5.0,0.0,4.0,1.0,0.0,4.0,0.0,10.2,1,1,1,1,22147,12059,10158,9917,8599,1,11469,1,23698,2692,1,22104,18762,19003,1.0,10:43,2015,2016
2015-16,1626157,Karl-Anthony Towns,Karl-Anthony,1610612750,MIN,Minnesota Timberwolves,21500050,2015-11-02T00:00:00,MIN vs. POR,L,26.9,0.0,0.0,0.0,8.0,6.0,12.0,9.0,24.0,4.0,1.0,5.0,1.0,25.0,1,13074,13074,13074,10065,12059,10158,9917,3109,10028,22832,18829,8723,132,17214,24686,12373,8485,1.0,26:56,2015,2016
2015-16,202389,Timofey Mozgov,Timofey,1610612739,CLE,Cleveland Cavaliers,21500046,2015-11-02T00:00:00,CLE @ PHI,W,22.1,0.0,0.0,2.0,4.0,13.0,4.0,7.0,24.0,4.0,0.0,2.0,3.0,25.9,1,1,1,1,14084,12059,10158,4675,8599,21300,8458,15538,8723,132,1,11390,4736,7960,1.0,22:06,2015,2016
2015-16,201627,Anthony Morrow,Anthony,1610612760,OKC,Oklahoma City Thunder,21500049,2015-11-02T00:00:00,OKC @ HOU,L,5.4,0.0,0.0,0.0,0.0,4.0,2.0,4.0,10.0,0.0,0.0,0.0,0.0,2.0,1,13074,13074,13074,24200,12059,10158,9917,18861,6141,3734,8806,20209,8004,1,1,18762,24216,1.0,5:26,2015,2016
2015-16,1626246,Boban Marjanović,Boban,1610612759,SAS,San Antonio Spurs,21500048,2015-11-02T00:00:00,SAS @ NYK,W,1.4,0.0,0.0,0.0,0.0,2.0,0.0,0.0,0.0,0.0,0.0,0.0,1.0,1.0,1,1,1,1,25752,12059,10158,9917,18861,2619,1,1,25429,8004,1,1,12373,24960,1.0,1:22,2015,2016
2015-16,202498,Lance Thomas,Lance,1610612752,NYK,New York Knicks,21500048,2015-11-02T00:00:00,NYK vs. SAS,L,16.1,0.0,0.0,0.0,0.0,4.0,4.0,4.0,20.0,0.0,0.0,0.0,0.0,2.0,1,13074,13074,13074,18952,12059,10158,9917,18861,6141,8458,8806,11929,8004,1,1,18762,24216,1.0,16:07,2015,2016
2015-16,203925,Joe Harris,Joe,1610612739,CLE,Cleveland Cavaliers,21500046,2015-11-02T00:00:00,CLE @ PHI,W,4.7,0.0,0.0,0.0,0.0,4.0,0.0,5.0,12.0,0.0,0.0,0.0,0.0,1.5,1,1,1,1,24490,12059,10158,9917,18861,6141,1,11593,18637,8004,1,1,18762,24473,1.0,4:39,2015,2016
2015-16,101181,Jose Calderon,Jose,1610612752,NYK,New York Knicks,21500048,2015-11-02T00:00:00,NYK vs. SAS,L,23.3,3.0,0.0,0.0,0.0,2.0,0.0,0.0,22.0,0.0,0.0,2.0,0.0,11.0,1,13074,13074,13074,13136,4307,10158,9917,18861,2619,1,1,10265,8004,1,11390,18762,18430,1.0,23:16,2015,2016
2015-16,202713,Kyle Singler,Kyle,1610612760,OKC,Oklahoma City Thunder,21500049,2015-11-02T00:00:00,OKC @ HOU,L,16.0,0.0,0.0,0.0,0.0,4.0,0.0,8.0,16.0,0.0,0.0,3.0,0.0,1.4,1,13074,13074,13074,19060,12059,10158,9917,18861,6141,1,17194,15259,8004,1,17641,18762,24615,1.0,15:58,2015,2016
2015-16,203099,Jared Cunningham,Jared,1610612739,CLE,Cleveland Cavaliers,21500046,2015-11-02T00:00:00,CLE @ PHI,W,17.1,0.0,0.0,3.0,2.0,13.0,2.0,5.0,26.0,0.0,1.0,2.0,2.0,6.4,1,1,1,1,18230,12059,10158,3302,12984,21300,3734,11593,7214,8004,17214,11390,7786,21589,1.0,17:03,2015,2016
2015-16,203090,Maurice Harkless,Maurice,1610612757,POR,Portland Trail Blazers,21500050,2015-11-02T00:00:00,POR @ MIN,W,17.3,0.0,2.0,0.0,4.0,5.0,4.0,8.0,20.0,0.0,0.0,2.0,1.0,11.3,1,1,1,1,18084,12059,4731,9917,8599,8403,8458,17194,11929,8004,1,11390,12373,18230,1.0,17:15,2015,2016
2015-16,201603,Sonny Weems,Sonny,1610612756,PHX,Phoenix Suns,21500052,2015-11-02T00:00:00,PHX @ LAC,L,7.6,0.0,0.0,0.0,0.0,5.0,0.0,9.0,10.0,0.0,0.0,1.0,0.0,1.4,1,13074,13074,13074,23372,12059,10158,9917,18861,8403,1,18829,20209,8004,1,4972,18762,24615,1.0,7:33,2015,2016
2015-16,203921,Cleanthony Early,Cleanthony,1610612752,NYK,New York Knicks,21500048,2015-11-02T00:00:00,NYK vs. SAS,L,1.4,0.0,0.0,0.0,0.0,0.0,0.0,0.0,0.0,0.0,0.0,0.0,0.0,1.2,1,13074,13074,13074,25752,12059,10158,9917,18861,1,1,1,25429,8004,1,1,18762,24661,1.0,1:22,2015,2016
2015-16,2561,David West,David,1610612759,SAS,San Antonio Spurs,21500048,2015-11-02T00:00:00,SAS @ NYK,W,7.3,0.0,0.0,0.0,2.0,2.0,2.0,0.0,2.0,0.0,0.0,0.0,0.0,10.9,1,1,1,1,23464,12059,10158,9917,12984,2619,3734,1,24614,8004,1,1,18762,18498,1.0,7:18,2015,2016
2015-16,203477,Isaiah Canaan,Isaiah,1610612755,PHI,Philadelphia 76ers,21500046,2015-11-02T00:00:00,PHI vs. CLE,L,30.9,3.0,0.0,2.0,2.0,10.0,2.0,18.0,36.0,0.0,1.0,0.0,3.0,10.9,1,13074,13074,13074,6775,4307,10158,4675,12984,17370,3734,25228,1943,8004,17214,1,4736,18498,1.0,30:56,2015,2016
2015-16,1713,Vince Carter,Vince,1610612763,MEM,Memphis Grizzlies,21500051,2015-11-02T00:00:00,MEM @ GSW,L,15.7,0.0,0.0,0.0,0.0,2.0,5.0,5.0,16.0,0.0,0.0,2.0,0.0,6.2,1,13074,13074,13074,19308,12059,10158,9917,18861,2619,11469,11593,15259,8004,1,11390,18762,21696,1.0,15:39,2015,2016
2015-16,203458,Alex Len,Alex,1610612756,PHX,Phoenix Suns,21500052,2015-11-02T00:00:00,PHX @ LAC,L,6.9,0.0,0.0,0.0,0.0,0.0,0.0,0.0,2.0,0.0,0.0,1.0,2.0,5.8,1,13074,13074,13074,23589,12059,10158,9917,18861,1,1,1,24614,8004,1,4972,7786,22018,1.0,6:55,2015,2016
2015-16,708,Kevin Garnett,Kevin,1610612750,MIN,Minnesota Timberwolves,21500050,2015-11-02T00:00:00,MIN vs. POR,L,16.6,0.0,0.0,0.0,0.0,2.0,8.0,3.0,14.0,0.0,0.0,0.0,1.0,5.7,1,13074,13074,13074,18592,12059,10158,9917,18861,2619,17345,7328,17019,8004,1,1,12373,22054,1.0,16:35,2015,2016
2015-16,2199,Tyson Chandler,Tyson,1610612756,PHX,Phoenix Suns,21500052,2015-11-02T00:00:00,PHX @ LAC,L,36.0,2.0,2.0,4.0,14.0,11.0,4.0,13.0,28.0,0.0,1.0,3.0,1.0,35.9,1,13074,13074,13074,2783,6026,4731,1913,542,18886,8458,23048,5824,8004,17214,17641,12373,3505,1.0,35:59,2015,2016
2015-16,201939,Stephen Curry,Stephen,1610612744,GSW,Golden State Warriors,21500051,2015-11-02T00:00:00,GSW vs. MEM,W,28.4,5.0,0.0,20.0,8.0,6.0,6.0,9.0,14.0,1.0,0.0,2.0,5.0,47.1,1,1,1,1,8915,1603,10158,1,3109,10028,13237,18829,17019,2692,1,11390,1539,1066,1.0,28:24,2015,2016
2015-16,201586,Serge Ibaka,Serge,1610612760,OKC,Oklahoma City Thunder,21500049,2015-11-02T00:00:00,OKC @ HOU,L,33.9,0.0,6.0,0.0,10.0,15.0,12.0,8.0,38.0,4.0,3.0,3.0,1.0,45.8,1,13074,13074,13074,4454,12059,481,9917,1840,23079,22832,17194,1422,132,25441,17641,12373,1242,1.0,33:52,2015,2016
2015-16,201152,Thaddeus Young,Thaddeus,1610612751,BKN,Brooklyn Nets,21500047,2015-11-02T00:00:00,BKN vs. MIL,L,25.3,0.0,2.0,5.0,12.0,12.0,2.0,4.0,18.0,1.0,3.0,2.0,2.0,29.7,1,13074,13074,13074,11443,12059,4731,1277,988,20178,3734,8806,13577,2692,25441,11390,7786,6006,1.0,25:19,2015,2016
2015-16,201935,James Harden,James,1610612745,HOU,Houston Rockets,21500049,2015-11-02T00:00:00,HOU vs. OKC,W,38.5,3.0,2.0,4.0,10.0,5.0,16.0,7.0,32.0,2.0,2.0,1.0,10.0,60.5,1,1,1,1,1289,4307,4731,1913,1840,8403,25155,15538,3535,932,23588,4972,76,195,1.0,38:28,2015,2016
2015-16,203081,Damian Lillard,Damian,1610612757,POR,Portland Trail Blazers,21500050,2015-11-02T00:00:00,POR @ MIN,W,38.0,4.0,9.0,7.0,12.0,12.0,6.0,11.0,38.0,1.0,3.0,4.0,5.0,53.9,1,1,1,1,1529,2460,77,454,988,20178,13237,21342,1422,2692,25441,22104,1539,459,1.0,37:57,2015,2016
2015-16,2544,LeBron James,LeBron,1610612739,CLE,Cleveland Cavaliers,21500046,2015-11-02T00:00:00,CLE @ PHI,W,33.3,4.0,0.0,6.0,16.0,11.0,4.0,8.0,30.0,2.0,1.0,3.0,2.0,64.3,1,1,1,1,4862,2460,10158,740,275,18886,8458,17194,4541,932,17214,17641,7786,99,1.0,33:20,2015,2016
2015-16,204456,T.J. McConnell,T.J.,1610612755,PHI,Philadelphia 76ers,21500046,2015-11-02T00:00:00,PHI vs. CLE,L,23.1,0.0,0.0,2.0,6.0,9.0,5.0,13.0,24.0,0.0,0.0,1.0,0.0,35.4,1,13074,13074,13074,13298,12059,10158,4675,5299,15771,11469,23048,8723,8004,1,4972,18762,3684,1.0,23:06,2015,2016
2015-16,201566,Russell Westbrook,Russell,1610612760,OKC,Oklahoma City Thunder,21500049,2015-11-02T00:00:00,OKC @ HOU,L,32.0,0.0,2.0,2.0,10.0,15.0,12.0,6.0,36.0,0.0,0.0,5.0,4.0,50.1,1,13074,13074,13074,5933,12059,4731,4675,1840,23079,22832,13388,1943,8004,1,24686,2748,743,1.0,31:57,2015,2016
2015-16,2755,Kevin Martin,Kevin,1610612750,MIN,Minnesota Timberwolves,21500050,2015-11-02T00:00:00,MIN vs. POR,L,35.0,4.0,2.0,7.0,8.0,7.0,20.0,11.0,26.0,0.0,1.0,3.0,5.0,24.9,1,13074,13074,13074,3522,2460,4731,454,3109,12242,25875,21342,7214,8004,17214,17641,1539,8553,1.0,35:01,2015,2016
2015-16,1495,Tim Duncan,Tim,1610612759,SAS,San Antonio Spurs,21500048,2015-11-02T00:00:00,SAS @ NYK,W,35.2,2.0,0.0,0.0,10.0,12.0,11.0,0.0,20.0,2.0,0.0,4.0,4.0,45.0,1,1,1,1,3413,6026,10158,9917,1840,20178,21814,1,11929,932,1,22104,2748,1357,1.0,35:10,2015,2016
2015-16,203500,Steven Adams,Steven,1610612760,OKC,Oklahoma City Thunder,21500049,2015-11-02T00:00:00,OKC @ HOU,L,19.2,2.0,1.0,0.0,4.0,7.0,8.0,6.0,22.0,0.0,0.0,1.0,2.0,11.6,1,13074,13074,13074,16525,6026,9709,9917,8599,12242,17345,13388,10265,8004,1,4972,7786,17970,1.0,19:12,2015,2016
2015-16,202691,Klay Thompson,Klay,1610612744,GSW,Golden State Warriors,21500051,2015-11-02T00:00:00,GSW vs. MEM,W,26.5,5.0,0.0,2.0,2.0,6.0,6.0,6.0,12.0,2.0,1.0,0.0,0.0,29.4,1,1,1,1,10488,1603,10158,4675,12984,10028,13237,13388,18637,932,17214,1,18762,6143,1.0,26:27,2015,2016
2015-16,202695,Kawhi Leonard,Kawhi,1610612759,SAS,San Antonio Spurs,21500048,2015-11-02T00:00:00,SAS @ NYK,W,36.1,2.0,2.0,0.0,10.0,12.0,12.0,0.0,22.0,4.0,1.0,4.0,3.0,52.3,1,1,1,1,2685,6026,4731,9917,1840,20178,22832,1,10265,132,17214,22104,4736,559,1.0,36:05,2015,2016
2015-16,202339,Eric Bledsoe,Eric,1610612756,PHX,Phoenix Suns,21500052,2015-11-02T00:00:00,PHX @ LAC,L,31.6,0.0,2.0,2.0,10.0,9.0,4.0,11.0,30.0,1.0,1.0,3.0,3.0,37.3,1,13074,13074,13074,6194,12059,4731,4675,1840,15771,8458,21342,4541,2692,17214,17641,4736,3105,1.0,31:38,2015,2016
2015-16,200746,LaMarcus Aldridge,LaMarcus,1610612759,SAS,San Antonio Spurs,21500048,2015-11-02T00:00:00,SAS @ NYK,W,32.2,0.0,4.0,0.0,12.0,14.0,10.0,0.0,24.0,0.0,0.0,1.0,5.0,24.2,1,1,1,1,5747,12059,1596,9917,988,22292,20509,1,8723,8004,1,4972,1539,9009,1.0,32:10,2015,2016
2015-16,201599,DeAndre Jordan,DeAndre,1610612746,LAC,LA Clippers,21500052,2015-11-02T00:00:00,LAC vs. PHX,W,31.9,2.0,0.0,2.0,4.0,9.0,8.0,8.0,32.0,3.0,0.0,3.0,1.0,28.8,1,1,1,1,6007,6026,10158,4675,8599,15771,17345,17194,3535,347,1,17641,12373,6465,1.0,31:53,2015,2016
2015-16,201188,Marc Gasol,Marc,1610612763,MEM,Memphis Grizzlies,21500051,2015-11-02T00:00:00,MEM @ GSW,L,25.7,2.0,2.0,0.0,4.0,12.0,8.0,31.0,22.0,1.0,0.0,2.0,3.0,29.3,1,13074,13074,13074,11153,6026,4731,9917,8599,20178,17345,26065,10265,2692,1,11390,4736,6202,1.0,25:40,2015,2016
2015-16,201951,Ty Lawson,Ty,1610612745,HOU,Houston Rockets,21500049,2015-11-02T00:00:00,HOU vs. OKC,W,36.8,7.0,1.0,4.0,10.0,9.0,17.0,9.0,40.0,0.0,0.0,3.0,5.0,44.5,1,1,1,1,2202,548,9709,1913,1840,15771,25429,18829,983,8004,1,17641,1539,1459,1.0,36:49,2015,2016
2015-16,203487,Michael Carter-Williams,Michael,1610612749,MIL,Milwaukee Bucks,21500047,2015-11-02T00:00:00,MIL @ BKN,W,22.6,2.0,0.0,2.0,4.0,4.0,4.0,5.0,14.0,2.0,0.0,5.0,3.0,28.9,1,1,1,1,13671,6026,10158,4675,8599,6141,8458,11593,17019,932,1,24686,4736,6414,1.0,22:38,2015,2016
2015-16,201977,Marcus Thornton,Marcus,1610612745,HOU,Houston Rockets,21500049,2015-11-02T00:00:00,HOU vs. OKC,W,37.3,5.0,2.0,2.0,6.0,5.0,17.0,7.0,40.0,0.0,0.0,1.0,0.0,23.9,1,1,1,1,1872,1603,4731,4675,5299,8403,25429,15538,983,8004,1,4972,18762,9184,1.0,37:20,2015,2016
2015-16,204001,Kristaps Porziņģis,Kristaps,1610612752,NYK,New York Knicks,21500048,2015-11-02T00:00:00,NYK vs. SAS,L,24.1,5.0,4.0,0.0,6.0,4.0,0.0,0.0,24.0,2.0,1.0,5.0,1.0,44.3,1,13074,13074,13074,12429,1603,1596,9917,5299,6141,1,1,8723,932,17214,24686,12373,1499,1.0,24:08,2015,2016
2015-16,202684,Tristan Thompson,Tristan,1610612739,CLE,Cleveland Cavaliers,21500046,2015-11-02T00:00:00,CLE @ PHI,W,26.3,0.0,2.0,2.0,8.0,14.0,2.0,6.0,30.0,3.0,1.0,2.0,2.0,29.3,1,1,1,1,10598,12059,4731,4675,3109,22292,3734,13388,4541,347,17214,11390,7786,6202,1.0,26:18,2015,2016
2015-16,201937,Ricky Rubio,Ricky,1610612750,MIN,Minnesota Timberwolves,21500050,2015-11-02T00:00:00,MIN vs. POR,L,31.9,4.0,0.0,4.0,2.0,6.0,12.0,9.0,28.0,0.0,1.0,4.0,5.0,44.3,1,13074,13074,13074,5944,2460,10158,1913,12984,10028,22832,18829,5824,8004,17214,22104,1539,1499,1.0,31:57,2015,2016
2015-16,201577,Robin Lopez,Robin,1610612752,NYK,New York Knicks,21500048,2015-11-02T00:00:00,NYK vs. SAS,L,32.2,2.0,2.0,0.0,4.0,6.0,2.0,0.0,36.0,0.0,0.0,2.0,1.0,24.0,1,13074,13074,13074,5747,6026,4731,9917,8599,10028,3734,1,1943,8004,1,11390,12373,9121,1.0,32:10,2015,2016
2015-16,202328,Greg Monroe,Greg,1610612749,MIL,Milwaukee Bucks,21500047,2015-11-02T00:00:00,MIL @ BKN,W,39.4,6.0,0.0,0.0,12.0,8.0,6.0,9.0,22.0,1.0,0.0,4.0,4.0,44.1,1,1,1,1,916,878,10158,9917,988,13914,13237,18829,10265,2692,1,22104,2748,1542,1.0,39:25,2015,2016
2015-16,203507,Giannis Antetokounmpo,Giannis,1610612749,MIL,Milwaukee Bucks,21500047,2015-11-02T00:00:00,MIL @ BKN,W,42.2,4.0,4.0,4.0,14.0,13.0,9.0,14.0,30.0,2.0,2.0,4.0,4.0,37.1,1,1,1,1,283,2460,1596,1913,542,21300,19144,23710,4541,932,23588,22104,2748,3151,1.0,42:12,2015,2016
2015-16,202693,Markieff Morris,Markieff,1610612756,PHX,Phoenix Suns,21500052,2015-11-02T00:00:00,PHX @ LAC,L,36.4,0.0,5.0,0.0,8.0,9.0,4.0,9.0,24.0,0.0,2.0,2.0,4.0,29.6,1,13074,13074,13074,2481,12059,995,9917,3109,15771,8458,18829,8723,8004,23588,11390,2748,6050,1.0,36:24,2015,2016
2015-16,201601,Luc Mbah a Moute,Luc,1610612746,LAC,LA Clippers,21500052,2015-11-02T00:00:00,LAC vs. PHX,W,0.4,0.0,0.0,0.0,0.0,0.0,0.0,0.0,0.0,0.0,0.0,0.0,0.0,0.0,1,1,1,1,25987,12059,10158,9917,18861,1,1,1,25429,8004,1,1,18762,25170,1.0,0:25,2015,2016
2015-16,203492,Ray McCallum,Ray,1610612759,SAS,San Antonio Spurs,21500048,2015-11-02T00:00:00,SAS @ NYK,W,1.4,0.0,0.0,0.0,0.0,2.0,0.0,0.0,0.0,0.0,0.0,0.0,0.0,0.0,1,1,1,1,25752,12059,10158,9917,18861,2619,1,1,25429,8004,1,1,18762,25170,1.0,1:22,2015,2016
2015-16,1938,Manu Ginobili,Manu,1610612759,SAS,San Antonio Spurs,21500048,2015-11-02T00:00:00,SAS @ NYK,W,17.1,2.0,0.0,2.0,4.0,8.0,0.0,0.0,18.0,0.0,0.0,0.0,2.0,9.5,1,1,1,1,18195,6026,10158,4675,8599,13914,1,1,13577,8004,1,1,7786,19519,1.0,17:06,2015,2016
2015-16,2446,Rasual Butler,Rasual,1610612759,SAS,San Antonio Spurs,21500048,2015-11-02T00:00:00,SAS @ NYK,W,1.4,0.0,0.0,0.0,0.0,2.0,0.0,0.0,0.0,0.0,0.0,0.0,0.0,0.0,1,1,1,1,25752,12059,10158,9917,18861,2619,1,1,25429,8004,1,1,18762,25170,1.0,1:22,2015,2016
2015-16,200745,Andrea Bargnani,Andrea,1610612751,BKN,Brooklyn Nets,21500047,2015-11-02T00:00:00,BKN vs. MIL,L,15.7,2.0,5.0,0.0,2.0,9.0,12.0,0.0,16.0,0.0,0.0,3.0,2.0,9.0,1,13074,13074,13074,19279,6026,995,9917,12984,15771,22832,1,15259,8004,1,17641,7786,19835,1.0,15:41,2015,2016
2015-16,202338,Kevin Seraphin,Kevin,1610612752,NYK,New York Knicks,21500048,2015-11-02T00:00:00,NYK vs. SAS,L,5.0,0.0,0.0,0.0,0.0,0.0,0.0,0.0,4.0,0.0,0.0,1.0,0.0,4.4,1,13074,13074,13074,24352,12059,10158,9917,18861,1,1,1,23698,8004,1,4972,18762,22837,1.0,5:03,2015,2016
2015-16,2747,JR Smith,JR,1610612739,CLE,Cleveland Cavaliers,21500046,2015-11-02T00:00:00,CLE @ PHI,W,5.0,0.0,0.0,0.0,0.0,6.0,2.0,4.0,4.0,0.0,0.0,2.0,0.0,-2.0,1,1,1,1,24385,12059,10158,9917,18861,10028,3734,8806,23698,8004,1,11390,18762,26061,1.0,4:57,2015,2016
2015-16,201145,Jeff Green,Jeff,1610612763,MEM,Memphis Grizzlies,21500051,2015-11-02T00:00:00,MEM @ GSW,L,19.6,0.0,0.0,0.0,0.0,3.0,8.0,4.0,18.0,0.0,3.0,1.0,0.0,4.1,1,13074,13074,13074,16228,12059,10158,9917,18861,5109,17345,8806,13577,8004,25441,4972,18762,23131,1.0,19:36,2015,2016
2015-16,203943,Noah Vonleh,Noah,1610612757,POR,Portland Trail Blazers,21500050,2015-11-02T00:00:00,POR @ MIN,W,19.1,0.0,0.0,0.0,2.0,8.0,2.0,7.0,22.0,0.0,0.0,3.0,3.0,6.6,1,1,1,1,16600,12059,10158,9917,12984,13914,3734,15538,10265,8004,1,17641,4736,21445,1.0,19:07,2015,2016
2015-16,203960,JaKarr Sampson,JaKarr,1610612755,PHI,Philadelphia 76ers,21500046,2015-11-02T00:00:00,PHI vs. CLE,L,4.3,0.0,0.0,0.0,2.0,0.0,0.0,4.0,8.0,0.0,0.0,0.0,0.0,3.4,1,13074,13074,13074,24602,12059,10158,9917,12984,1,1,8806,21543,8004,1,1,18762,23417,1.0,4:20,2015,2016
2015-16,2760,Anderson Varejao,Anderson,1610612739,CLE,Cleveland Cavaliers,21500046,2015-11-02T00:00:00,CLE @ PHI,W,4.0,0.0,0.0,0.0,0.0,5.0,2.0,2.0,8.0,0.0,0.0,0.0,0.0,-2.0,1,1,1,1,24716,12059,10158,9917,18861,8403,3734,4025,21543,8004,1,1,18762,26061,1.0,3:59,2015,2016
2015-16,203141,Mirza Teletovic,Mirza,1610612756,PHX,Phoenix Suns,21500052,2015-11-02T00:00:00,PHX @ LAC,L,4.8,0.0,0.0,0.0,0.0,0.0,0.0,0.0,4.0,0.0,0.0,2.0,0.0,0.0,1,13074,13074,13074,24426,12059,10158,9917,18861,1,1,1,23698,8004,1,11390,18762,25170,1.0,4:48,2015,2016
2015-16,203142,Chris Copeland,Chris,1610612749,MIL,Milwaukee Bucks,21500047,2015-11-02T00:00:00,MIL @ BKN,W,0.1,0.0,0.0,0.0,0.0,0.0,0.0,0.0,0.0,0.0,0.0,0.0,0.0,0.0,1,1,1,1,26046,12059,10158,9917,18861,1,1,1,25429,8004,1,1,18762,25170,1.0,0:05,2015,2016
2015-16,2754,Tony Allen,Tony,1610612763,MEM,Memphis Grizzlies,21500051,2015-11-02T00:00:00,MEM @ GSW,L,12.1,0.0,0.0,0.0,0.0,2.0,2.0,13.0,8.0,1.0,3.0,3.0,0.0,8.9,1,13074,13074,13074,21481,12059,10158,9917,18861,2619,3734,23048,21543,2692,25441,17641,18762,19914,1.0,12:05,2015,2016
2015-16,2225,Tony Parker,Tony,1610612759,SAS,San Antonio Spurs,21500048,2015-11-02T00:00:00,SAS @ NYK,W,29.4,2.0,0.0,0.0,12.0,10.0,11.0,0.0,16.0,0.0,1.0,0.0,1.0,21.7,1,1,1,1,8054,6026,10158,9917,988,17370,21814,1,15259,8004,17214,1,12373,10592,1.0,29:25,2015,2016
2015-16,1626174,Christian Wood,Christian,1610612755,PHI,Philadelphia 76ers,21500046,2015-11-02T00:00:00,PHI vs. CLE,L,5.1,2.0,0.0,0.0,2.0,0.0,2.0,1.0,0.0,0.0,1.0,0.0,1.0,6.5,1,13074,13074,13074,24334,6026,10158,9917,12984,1,3734,3646,25429,8004,17214,1,12373,21519,1.0,5:05,2015,2016
2015-16,203893,Russ Smith,Russ,1610612763,MEM,Memphis Grizzlies,21500051,2015-11-02T00:00:00,MEM @ GSW,L,6.4,0.0,0.0,0.0,2.0,2.0,1.0,3.0,6.0,0.0,1.0,1.0,1.0,5.2,1,13074,13074,13074,23770,12059,10158,9917,12984,2619,3393,7328,22724,8004,17214,4972,12373,22370,1.0,6:26,2015,2016
2015-16,2571,Leandro Barbosa,Leandro,1610612744,GSW,Golden State Warriors,21500051,2015-11-02T00:00:00,GSW vs. MEM,W,14.9,0.0,0.0,0.0,0.0,3.0,4.0,1.0,12.0,1.0,1.0,2.0,3.0,9.0,1,1,1,1,19816,12059,10158,9917,18861,5109,8458,3646,18637,2692,17214,11390,4736,19835,1.0,14:55,2015,2016
2015-16,2564,Boris Diaw,Boris,1610612759,SAS,San Antonio Spurs,21500048,2015-11-02T00:00:00,SAS @ NYK,W,20.0,0.0,0.0,0.0,2.0,10.0,1.0,0.0,18.0,0.0,0.0,2.0,1.0,9.3,1,1,1,1,15906,12059,10158,9917,12984,17370,3393,1,13577,8004,1,11390,12373,19656,1.0,20:00,2015,2016
2015-16,2756,Sasha Vujacic,Sasha,1610612752,NYK,New York Knicks,21500048,2015-11-02T00:00:00,NYK vs. SAS,L,20.5,0.0,2.0,0.0,2.0,4.0,0.0,0.0,28.0,0.0,0.0,0.0,0.0,9.3,1,13074,13074,13074,15494,12059,4731,9917,12984,6141,1,1,5824,8004,1,1,18762,19656,1.0,20:29,2015,2016
2015-16,1626178,Rondae Hollis-Jefferson,Rondae,1610612751,BKN,Brooklyn Nets,21500047,2015-11-02T00:00:00,BKN vs. MIL,L,4.4,0.0,0.0,0.0,0.0,0.0,0.0,0.0,4.0,0.0,0.0,1.0,0.0,0.0,1,13074,13074,13074,24580,12059,10158,9917,18861,1,1,1,23698,8004,1,4972,18762,25170,1.0,4:25,2015,2016
2015-16,201961,Wayne Ellington,Wayne,1610612751,BKN,Brooklyn Nets,21500047,2015-11-02T00:00:00,BKN vs. MIL,L,6.8,0.0,0.0,0.0,0.0,2.0,2.0,0.0,6.0,0.0,0.0,1.0,0.0,0.0,1,13074,13074,13074,23631,12059,10158,9917,18861,2619,3734,1,22724,8004,1,4972,18762,25170,1.0,6:48,2015,2016
2015-16,2207,Joe Johnson,Joe,1610612751,BKN,Brooklyn Nets,21500047,2015-11-02T00:00:00,BKN vs. MIL,L,40.8,5.0,0.0,2.0,0.0,25.0,16.0,7.0,34.0,0.0,1.0,2.0,3.0,26.6,1,13074,13074,13074,516,1603,10158,4675,18861,25944,25155,15538,2701,8004,17214,11390,4736,7566,1.0,40:50,2015,2016
2015-16,203086,Meyers Leonard,Meyers,1610612757,POR,Portland Trail Blazers,21500050,2015-11-02T00:00:00,POR @ MIN,W,23.9,0.0,0.0,0.0,0.0,6.0,4.0,7.0,24.0,1.0,0.0,3.0,2.0,15.9,1,1,1,1,12682,12059,10158,9917,18861,10028,8458,15538,8723,2692,1,17641,7786,14675,1.0,23:52,2015,2016
2015-16,203924,Jerami Grant,Jerami,1610612755,PHI,Philadelphia 76ers,21500046,2015-11-02T00:00:00,PHI vs. CLE,L,23.0,4.0,0.0,2.0,6.0,7.0,5.0,10.0,28.0,0.0,2.0,3.0,2.0,11.9,1,13074,13074,13074,13382,2460,10158,4675,5299,12242,11469,20169,5824,8004,23588,17641,7786,17760,1.0,22:59,2015,2016
2015-16,203138,Hollis Thompson,Hollis,1610612755,PHI,Philadelphia 76ers,21500046,2015-11-02T00:00:00,PHI vs. CLE,L,31.0,0.0,0.0,0.0,2.0,11.0,7.0,18.0,30.0,0.0,1.0,1.0,3.0,27.2,1,13074,13074,13074,6692,12059,10158,9917,12984,18886,15642,25228,4541,8004,17214,4972,4736,7289,1.0,31:02,2015,2016
2015-16,200782,P.J. Tucker,P.J.,1610612756,PHX,Phoenix Suns,21500052,2015-11-02T00:00:00,PHX @ LAC,L,26.6,3.0,0.0,0.0,0.0,6.0,4.0,4.0,14.0,0.0,0.0,2.0,3.0,15.6,1,13074,13074,13074,10367,4307,10158,9917,18861,10028,8458,8806,17019,8004,1,11390,4736,14916,1.0,26:37,2015,2016
2015-16,2730,Dwight Howard,Dwight,1610612745,HOU,Houston Rockets,21500049,2015-11-02T00:00:00,HOU vs. OKC,W,34.6,2.0,4.0,2.0,12.0,9.0,14.0,7.0,38.0,4.0,3.0,2.0,6.0,42.6,1,1,1,1,3842,6026,1596,4675,988,15771,24300,15538,1422,132,25441,11390,873,1822,1.0,34:38,2015,2016
2015-16,203110,Draymond Green,Draymond,1610612744,GSW,Golden State Warriors,21500051,2015-11-02T00:00:00,GSW vs. MEM,W,27.0,0.0,0.0,3.0,2.0,6.0,6.0,6.0,12.0,3.0,0.0,2.0,1.0,40.8,1,1,1,1,10052,12059,10158,3302,12984,10028,13237,13388,18637,347,1,11390,12373,2181,1.0,26:57,2015,2016
2015-16,200755,JJ Redick,JJ,1610612746,LAC,LA Clippers,21500052,2015-11-02T00:00:00,LAC vs. PHX,W,27.8,0.0,0.0,0.0,0.0,9.0,8.0,8.0,30.0,0.0,0.0,1.0,0.0,15.6,1,1,1,1,9364,12059,10158,9917,18861,15771,17345,17194,4541,8004,1,4972,18762,14916,1.0,27:50,2015,2016
2015-16,101108,Chris Paul,Chris,1610612746,LAC,LA Clippers,21500052,2015-11-02T00:00:00,LAC vs. PHX,W,30.8,4.0,2.0,0.0,4.0,9.0,11.0,10.0,34.0,0.0,1.0,3.0,3.0,26.1,1,1,1,1,6906,2460,4731,9917,8599,15771,21814,20169,2701,8004,17214,17641,4736,7836,1.0,30:47,2015,2016
2015-16,201578,Marreese Speights,Marreese,1610612744,GSW,Golden State Warriors,21500051,2015-11-02T00:00:00,GSW vs. MEM,W,18.9,0.0,0.0,0.0,2.0,2.0,6.0,3.0,14.0,0.0,3.0,4.0,1.0,15.1,1,1,1,1,16790,12059,10158,9917,12984,2619,13237,7328,17019,8004,25441,22104,12373,15328,1.0,18:53,2015,2016
2015-16,204038,Langston Galloway,Langston,1610612752,NYK,New York Knicks,21500048,2015-11-02T00:00:00,NYK vs. SAS,L,28.9,0.0,0.0,0.0,2.0,10.0,6.0,4.0,36.0,0.0,1.0,0.0,2.0,15.5,1,13074,13074,13074,8434,12059,10158,9917,12984,17370,13237,8806,1943,8004,17214,1,7786,15004,1.0,28:55,2015,2016
2015-16,203897,Zach LaVine,Zach,1610612750,MIN,Minnesota Timberwolves,21500050,2015-11-02T00:00:00,MIN vs. POR,L,16.0,0.0,0.0,2.0,4.0,5.0,12.0,4.0,14.0,0.0,1.0,1.0,3.0,15.5,1,13074,13074,13074,19017,12059,10158,4675,8599,8403,22832,8806,17019,8004,17214,4972,4736,15004,1.0,16:01,2015,2016
2015-16,201573,Jerryd Bayless,Jerryd,1610612749,MIL,Milwaukee Bucks,21500047,2015-11-02T00:00:00,MIL @ BKN,W,46.7,3.0,6.0,1.0,4.0,13.0,9.0,11.0,28.0,0.0,1.0,2.0,5.0,30.6,1,1,1,1,44,4307,481,9347,8599,21300,19144,21342,5824,8004,17214,11390,1539,5574,1.0,46:40,2015,2016
2015-16,203900,Markel Brown,Markel,1610612751,BKN,Brooklyn Nets,21500047,2015-11-02T00:00:00,BKN vs. MIL,L,25.6,2.0,0.0,0.0,2.0,15.0,14.0,7.0,20.0,1.0,0.0,2.0,0.0,15.4,1,13074,13074,13074,11250,6026,10158,9917,12984,23079,24300,15538,11929,2692,1,11390,18762,15066,1.0,25:33,2015,2016
2015-16,201988,Patty Mills,Patty,1610612759,SAS,San Antonio Spurs,21500048,2015-11-02T00:00:00,SAS @ NYK,W,25.2,0.0,0.0,0.0,0.0,10.0,3.0,0.0,20.0,0.0,0.0,1.0,0.0,15.4,1,1,1,1,11557,12059,10158,9917,18861,17370,7138,1,11929,8004,1,4972,18762,15066,1.0,25:09,2015,2016
2015-16,201976,Patrick Beverley,Patrick,1610612745,HOU,Houston Rockets,21500049,2015-11-02T00:00:00,HOU vs. OKC,W,20.9,0.0,0.0,0.0,0.0,4.0,9.0,2.0,24.0,0.0,2.0,4.0,0.0,15.4,1,1,1,1,15118,12059,10158,9917,18861,6141,19144,4025,8723,8004,23588,22104,18762,15066,1.0,20:56,2015,2016
2015-16,201933,Blake Griffin,Blake,1610612746,LAC,LA Clippers,21500052,2015-11-02T00:00:00,LAC vs. PHX,W,34.0,2.0,0.0,2.0,6.0,9.0,11.0,13.0,36.0,1.0,0.0,2.0,5.0,40.0,1,1,1,1,4385,6026,10158,4675,5299,15771,21814,23048,1943,2692,1,11390,1539,2364,1.0,33:57,2015,2016
2015-16,203210,JaMychal Green,JaMychal,1610612763,MEM,Memphis Grizzlies,21500051,2015-11-02T00:00:00,MEM @ GSW,L,21.5,2.0,2.0,0.0,2.0,7.0,5.0,17.0,14.0,0.0,0.0,1.0,0.0,15.3,1,13074,13074,13074,14643,6026,4731,9917,12984,12242,11469,24967,17019,8004,1,4972,18762,15150,1.0,21:27,2015,2016
2015-16,203105,Festus Ezeli,Festus,1610612744,GSW,Golden State Warriors,21500051,2015-11-02T00:00:00,GSW vs. MEM,W,20.4,0.0,6.0,2.0,8.0,4.0,4.0,4.0,10.0,3.0,1.0,2.0,3.0,31.0,1,1,1,1,15535,12059,481,4675,3109,6141,8458,8806,20209,347,17214,11390,4736,5406,1.0,20:26,2015,2016
2015-16,1626170,Jerian Grant,Jerian,1610612752,NYK,New York Knicks,21500048,2015-11-02T00:00:00,NYK vs. SAS,L,23.3,4.0,0.0,0.0,8.0,4.0,6.0,4.0,26.0,0.0,1.0,2.0,2.0,20.3,1,13074,13074,13074,13092,2460,10158,9917,3109,6141,13237,8806,7214,8004,17214,11390,7786,11534,1.0,23:20,2015,2016
2015-16,202349,Greivis Vasquez,Greivis,1610612749,MIL,Milwaukee Bucks,21500047,2015-11-02T00:00:00,MIL @ BKN,W,26.7,0.0,0.0,0.0,0.0,9.0,5.0,12.0,22.0,0.0,1.0,1.0,1.0,15.2,1,1,1,1,10271,12059,10158,9917,18861,15771,11469,22259,10265,8004,17214,4972,12373,15219,1.0,26:42,2015,2016
2015-16,203546,Ian Clark,Ian,1610612744,GSW,Golden State Warriors,21500051,2015-11-02T00:00:00,GSW vs. MEM,W,12.0,0.0,2.0,3.0,2.0,3.0,2.0,1.0,8.0,0.0,0.0,0.0,3.0,20.1,1,1,1,1,21529,12059,4731,3302,12984,5109,3734,3646,21543,8004,1,1,4736,11685,1.0,12:00,2015,2016
2015-16,201147,Corey Brewer,Corey,1610612745,HOU,Houston Rockets,21500049,2015-11-02T00:00:00,HOU vs. OKC,W,22.4,4.0,0.0,4.0,10.0,7.0,14.0,5.0,24.0,0.0,1.0,3.0,2.0,26.9,1,1,1,1,13822,2460,10158,1913,1840,12242,24300,11593,8723,8004,17214,17641,7786,7438,1.0,22:25,2015,2016
2015-16,2772,Trevor Ariza,Trevor,1610612745,HOU,Houston Rockets,21500049,2015-11-02T00:00:00,HOU vs. OKC,W,36.0,0.0,3.0,0.0,4.0,6.0,11.0,6.0,32.0,0.0,1.0,3.0,1.0,19.8,1,1,1,1,2735,12059,3104,9917,8599,10028,21814,13388,3535,8004,17214,17641,12373,11883,1.0,36:02,2015,2016
2015-16,1626143,Jahlil Okafor,Jahlil,1610612755,PHI,Philadelphia 76ers,21500046,2015-11-02T00:00:00,PHI vs. CLE,L,26.9,8.0,2.0,2.0,18.0,13.0,5.0,18.0,32.0,0.0,4.0,4.0,3.0,26.6,1,13074,13074,13074,10113,308,4731,4675,131,21300,11469,25228,3535,8004,25926,22104,4736,7566,1.0,26:54,2015,2016
2015-16,201574,Jason Thompson,Jason,1610612744,GSW,Golden State Warriors,21500051,2015-11-02T00:00:00,GSW vs. MEM,W,10.2,0.0,0.0,0.0,2.0,1.0,0.0,1.0,6.0,1.0,0.0,1.0,0.0,17.8,1,1,1,1,22361,12059,10158,9917,12984,2356,1,3646,22724,2692,1,4972,18762,13309,1.0,10:10,2015,2016
2015-16,203499,Shane Larkin,Shane,1610612751,BKN,Brooklyn Nets,21500047,2015-11-02T00:00:00,BKN vs. MIL,L,18.1,2.0,0.0,2.0,6.0,6.0,2.0,0.0,18.0,0.0,0.0,1.0,3.0,16.1,1,13074,13074,13074,17425,6026,10158,4675,5299,10028,3734,1,13577,8004,1,4972,4736,14515,1.0,18:07,2015,2016
2015-16,2733,Shaun Livingston,Shaun,1610612744,GSW,Golden State Warriors,21500051,2015-11-02T00:00:00,GSW vs. MEM,W,10.3,0.0,0.0,0.0,2.0,0.0,2.0,3.0,8.0,1.0,0.0,0.0,0.0,12.4,1,1,1,1,22308,12059,10158,9917,12984,1,3734,7328,21543,2692,1,1,18762,17418,1.0,10:19,2015,2016
2015-16,203460,Andre Roberson,Andre,1610612760,OKC,Oklahoma City Thunder,21500049,2015-11-02T00:00:00,OKC @ HOU,L,22.4,0.0,2.0,0.0,4.0,13.0,5.0,12.0,30.0,2.0,1.0,4.0,0.0,16.6,1,13074,13074,13074,13834,12059,4731,9917,8599,21300,11469,22259,4541,932,17214,22104,18762,14125,1.0,22:24,2015,2016
2015-16,2210,Richard Jefferson,Richard,1610612739,CLE,Cleveland Cavaliers,21500046,2015-11-02T00:00:00,CLE @ PHI,W,21.7,2.0,0.0,7.0,2.0,14.0,2.0,2.0,26.0,0.0,0.0,2.0,1.0,8.2,1,1,1,1,14424,6026,10158,454,12984,22292,3734,4025,7214,8004,1,11390,12373,20416,1.0,21:43,2015,2016
2015-16,1626149,Montrezl Harrell,Montrezl,1610612745,HOU,Houston Rockets,21500049,2015-11-02T00:00:00,HOU vs. OKC,W,2.7,0.0,0.0,0.0,0.0,0.0,2.0,2.0,6.0,0.0,0.0,1.0,0.0,3.0,1,1,1,1,25266,12059,10158,9917,18861,1,3734,4025,22724,8004,1,4972,18762,23648,1.0,2:39,2015,2016
2015-16,203937,Kyle Anderson,Kyle,1610612759,SAS,San Antonio Spurs,21500048,2015-11-02T00:00:00,SAS @ NYK,W,6.1,0.0,0.0,0.0,0.0,2.0,1.0,0.0,0.0,0.0,0.0,0.0,0.0,2.7,1,1,1,1,23919,12059,10158,9917,18861,2619,3393,1,25429,8004,1,1,18762,23884,1.0,6:06,2015,2016
2015-16,203101,Miles Plumlee,Miles,1610612749,MIL,Milwaukee Bucks,21500047,2015-11-02T00:00:00,MIL @ BKN,W,6.3,0.0,2.0,0.0,2.0,5.0,0.0,5.0,6.0,0.0,0.0,4.0,1.0,2.9,1,1,1,1,23830,12059,4731,9917,12984,8403,1,11593,22724,8004,1,22104,12373,23852,1.0,6:19,2015,2016
2015-16,101179,Ronnie Price,Ronnie,1610612756,PHX,Phoenix Suns,21500052,2015-11-02T00:00:00,PHX @ LAC,L,16.5,0.0,0.0,3.0,0.0,2.0,0.0,0.0,6.0,0.0,0.0,3.0,0.0,16.4,1,13074,13074,13074,18687,12059,10158,3302,18861,2619,1,1,22724,8004,1,17641,18762,14289,1.0,16:28,2015,2016
2015-16,203080,Thomas Robinson,Thomas,1610612751,BKN,Brooklyn Nets,21500047,2015-11-02T00:00:00,BKN vs. MIL,L,9.2,0.0,0.0,0.0,0.0,4.0,0.0,0.0,8.0,0.0,1.0,2.0,0.0,2.9,1,13074,13074,13074,22771,12059,10158,9917,18861,6141,1,1,21543,8004,17214,11390,18762,23852,1.0,9:11,2015,2016
2015-16,1718,Paul Pierce,Paul,1610612746,LAC,LA Clippers,21500052,2015-11-02T00:00:00,LAC vs. PHX,W,23.2,0.0,0.0,0.0,0.0,3.0,12.0,7.0,24.0,0.0,0.0,1.0,1.0,16.2,1,1,1,1,13228,12059,10158,9917,18861,5109,22832,15538,8723,8004,1,4972,12373,14436,1.0,23:10,2015,2016
2015-16,2592,James Jones,James,1610612739,CLE,Cleveland Cavaliers,21500046,2015-11-02T00:00:00,CLE @ PHI,W,15.1,3.0,0.0,0.0,0.0,6.0,0.0,5.0,20.0,0.0,1.0,0.0,0.0,13.2,1,1,1,1,19718,4307,10158,9917,18861,10028,1,11593,11929,8004,17214,1,18762,16768,1.0,15:03,2015,2016
2015-16,2757,Beno Udrih,Beno,1610612763,MEM,Memphis Grizzlies,21500051,2015-11-02T00:00:00,MEM @ GSW,L,15.1,0.0,0.0,0.0,0.0,0.0,6.0,2.0,12.0,0.0,1.0,1.0,1.0,12.9,1,13074,13074,13074,19680,12059,10158,9917,18861,1,13237,4025,18637,8004,17214,4972,12373,17049,1.0,15:07,2015,2016
2015-16,2419,Tayshaun Prince,Tayshaun,1610612750,MIN,Minnesota Timberwolves,21500050,2015-11-02T00:00:00,MIN vs. POR,L,20.2,0.0,0.0,0.0,0.0,4.0,8.0,2.0,22.0,0.0,0.0,0.0,1.0,8.0,1,13074,13074,13074,15729,12059,10158,9917,18861,6141,17345,4025,10265,8004,1,1,12373,20564,1.0,20:12,2015,2016
2015-16,2037,Jamal Crawford,Jamal,1610612746,LAC,LA Clippers,21500052,2015-11-02T00:00:00,LAC vs. PHX,W,26.3,0.0,0.0,2.0,2.0,1.0,14.0,7.0,24.0,0.0,0.0,2.0,4.0,20.9,1,1,1,1,10621,12059,10158,4675,12984,2356,24300,15538,8723,8004,1,11390,2748,11132,1.0,26:17,2015,2016
2015-16,203919,Jordan Adams,Jordan,1610612763,MEM,Memphis Grizzlies,21500051,2015-11-02T00:00:00,MEM @ GSW,L,7.6,1.0,0.0,1.0,2.0,0.0,2.0,0.0,6.0,0.0,0.0,2.0,1.0,12.9,1,13074,13074,13074,23356,11535,10158,9347,12984,1,3734,1,22724,8004,1,11390,12373,17049,1.0,7:36,2015,2016
2015-16,202325,Wesley Johnson,Wesley,1610612746,LAC,LA Clippers,21500052,2015-11-02T00:00:00,LAC vs. PHX,W,14.1,0.0,0.0,4.0,8.0,1.0,7.0,0.0,10.0,0.0,0.0,1.0,1.0,12.6,1,1,1,1,20379,12059,10158,1913,3109,2356,15642,1,20209,8004,1,4972,12373,17277,1.0,14:03,2015,2016
2015-16,2216,Zach Randolph,Zach,1610612763,MEM,Memphis Grizzlies,21500051,2015-11-02T00:00:00,MEM @ GSW,L,19.2,2.0,2.0,0.0,2.0,7.0,6.0,15.0,16.0,0.0,2.0,1.0,1.0,7.6,1,13074,13074,13074,16538,6026,4731,9917,12984,12242,13237,24242,15259,8004,23588,4972,12373,20803,1.0,19:11,2015,2016
2015-16,202711,Bojan Bogdanović,Bojan,1610612751,BKN,Brooklyn Nets,21500047,2015-11-02T00:00:00,BKN vs. MIL,L,25.1,0.0,0.0,0.0,2.0,14.0,4.0,3.0,24.0,0.0,1.0,1.0,3.0,20.9,1,13074,13074,13074,11568,12059,10158,9917,12984,22292,8458,7328,8723,8004,17214,4972,4736,11132,1.0,25:09,2015,2016
2015-16,201584,Courtney Lee,Courtney,1610612763,MEM,Memphis Grizzlies,21500051,2015-11-02T00:00:00,MEM @ GSW,L,24.6,0.0,2.0,2.0,4.0,12.0,6.0,31.0,24.0,0.0,0.0,3.0,2.0,12.6,1,13074,13074,13074,12000,12059,4731,4675,8599,20178,13237,26065,8723,8004,1,17641,7786,17277,1.0,24:37,2015,2016
2015-16,203933,T.J. Warren,T.J.,1610612756,PHX,Phoenix Suns,21500052,2015-11-02T00:00:00,PHX @ LAC,L,21.5,1.0,7.0,2.0,8.0,5.0,0.0,9.0,20.0,0.0,0.0,2.0,3.0,21.5,1,13074,13074,13074,14621,11535,292,4675,3109,8403,1,18829,11929,8004,1,11390,4736,10755,1.0,21:29,2015,2016
2015-16,2746,Josh Smith,Josh,1610612746,LAC,LA Clippers,21500052,2015-11-02T00:00:00,LAC vs. PHX,W,15.7,0.0,0.0,0.0,0.0,1.0,10.0,5.0,14.0,1.0,0.0,2.0,3.0,18.3,1,1,1,1,19308,12059,10158,9917,18861,2356,20509,11593,17019,2692,1,11390,4736,12952,1.0,15:39,2015,2016
2015-16,203124,Kyle O'Quinn,Kyle,1610612752,NYK,New York Knicks,21500048,2015-11-02T00:00:00,NYK vs. SAS,L,19.2,2.0,0.0,0.0,2.0,4.0,6.0,4.0,24.0,0.0,0.0,3.0,0.0,16.5,1,13074,13074,13074,16524,6026,10158,9917,12984,6141,13237,8806,8723,8004,1,17641,18762,14224,1.0,19:12,2015,2016
2015-16,1626158,Richaun Holmes,Richaun,1610612755,PHI,Philadelphia 76ers,21500046,2015-11-02T00:00:00,PHI vs. CLE,L,11.2,0.0,0.0,3.0,0.0,2.0,2.0,5.0,6.0,1.0,0.0,1.0,1.0,8.2,1,13074,13074,13074,21940,12059,10158,3302,18861,2619,3734,11593,22724,2692,1,4972,12373,20416,1.0,11:13,2015,2016
2015-16,203521,Matthew Dellavedova,Matthew,1610612739,CLE,Cleveland Cavaliers,21500046,2015-11-02T00:00:00,CLE @ PHI,W,34.4,2.0,2.0,0.0,4.0,14.0,4.0,9.0,38.0,0.0,0.0,2.0,5.0,28.5,1,1,1,1,4053,6026,4731,9917,8599,22292,8458,18829,1422,8004,1,11390,1539,6613,1.0,34:22,2015,2016
2015-16,203952,Andrew Wiggins,Andrew,1610612750,MIN,Minnesota Timberwolves,21500050,2015-11-02T00:00:00,MIN vs. POR,L,23.4,5.0,2.0,2.0,10.0,6.0,8.0,9.0,22.0,0.0,2.0,2.0,5.0,27.7,1,13074,13074,13074,13030,1603,4731,4675,1840,10028,17345,18829,10265,8004,23588,11390,1539,7008,1.0,23:25,2015,2016
2015-16,203498,Shabazz Muhammad,Shabazz,1610612750,MIN,Minnesota Timberwolves,21500050,2015-11-02T00:00:00,MIN vs. POR,L,17.4,3.0,0.0,1.0,4.0,5.0,12.0,4.0,14.0,0.0,0.0,1.0,3.0,16.8,1,13074,13074,13074,17986,4307,10158,9347,8599,8403,22832,8806,17019,8004,1,4972,4736,13996,1.0,17:22,2015,2016
2015-16,202329,Al-Farouq Aminu,Al-Farouq,1610612757,POR,Portland Trail Blazers,21500050,2015-11-02T00:00:00,POR @ MIN,W,32.4,0.0,2.0,4.0,8.0,11.0,4.0,8.0,28.0,1.0,0.0,5.0,2.0,32.3,1,1,1,1,5576,12059,4731,1913,3109,18886,8458,17194,5824,2692,1,24686,7786,4807,1.0,32:24,2015,2016
2015-16,203079,Dion Waiters,Dion,1610612760,OKC,Oklahoma City Thunder,21500049,2015-11-02T00:00:00,OKC @ HOU,L,32.4,2.0,1.0,2.0,4.0,12.0,7.0,8.0,36.0,0.0,0.0,5.0,2.0,17.3,1,13074,13074,13074,5583,6026,9709,4675,8599,20178,15642,17194,1943,8004,1,24686,7786,13671,1.0,32:23,2015,2016
2015-16,203496,Robert Covington,Robert,1610612755,PHI,Philadelphia 76ers,21500046,2015-11-02T00:00:00,PHI vs. CLE,L,22.5,0.0,0.0,2.0,2.0,12.0,3.0,17.0,30.0,1.0,0.0,3.0,1.0,13.4,1,13074,13074,13074,13793,12059,10158,4675,12984,20178,7138,24967,4541,2692,1,17641,12373,16614,1.0,22:27,2015,2016
2015-16,201572,Brook Lopez,Brook,1610612751,BKN,Brooklyn Nets,21500047,2015-11-02T00:00:00,BKN vs. MIL,L,34.4,2.0,0.0,0.0,2.0,19.0,14.0,7.0,26.0,2.0,0.0,5.0,6.0,32.3,1,13074,13074,13074,4035,6026,10158,9917,12984,25074,24300,15538,7214,932,1,24686,873,4807,1.0,34:24,2015,2016
2015-16,202688,Brandon Knight,Brandon,1610612756,PHX,Phoenix Suns,21500052,2015-11-02T00:00:00,PHX @ LAC,L,40.7,4.0,0.0,2.0,4.0,6.0,4.0,6.0,22.0,0.0,1.0,0.0,2.0,37.4,1,13074,13074,13074,568,2460,10158,4675,8599,10028,8458,13388,10265,8004,17214,1,7786,3073,1.0,40:39,2015,2016
2015-16,201148,Brandan Wright,Brandan,1610612763,MEM,Memphis Grizzlies,21500051,2015-11-02T00:00:00,MEM @ GSW,L,19.8,0.0,0.0,0.0,4.0,2.0,5.0,5.0,18.0,2.0,0.0,2.0,3.0,21.7,1,13074,13074,13074,16052,12059,10158,9917,8599,2619,11469,11593,13577,932,1,11390,4736,10592,1.0,19:49,2015,2016
2015-16,202720,Jon Leuer,Jon,1610612756,PHX,Phoenix Suns,21500052,2015-11-02T00:00:00,PHX @ LAC,L,11.5,0.0,2.0,0.0,2.0,2.0,0.0,4.0,10.0,0.0,0.0,1.0,0.0,13.6,1,13074,13074,13074,21804,12059,4731,9917,12984,2619,1,8806,20209,8004,1,4972,18762,16460,1.0,11:32,2015,2016
2015-16,2590,Mo Williams,Mo,1610612739,CLE,Cleveland Cavaliers,21500046,2015-11-02T00:00:00,CLE @ PHI,W,27.9,4.0,0.0,8.0,6.0,10.0,4.0,6.0,26.0,0.0,0.0,2.0,1.0,27.7,1,1,1,1,9277,2460,10158,280,5299,17370,8458,13388,7214,8004,1,11390,12373,7008,1.0,27:56,2015,2016
2015-16,203486,Mason Plumlee,Mason,1610612757,POR,Portland Trail Blazers,21500050,2015-11-02T00:00:00,POR @ MIN,W,27.7,0.0,4.0,0.0,8.0,10.0,4.0,9.0,22.0,1.0,1.0,2.0,2.0,13.8,1,1,1,1,9485,12059,1596,9917,3109,17370,8458,18829,10265,2692,17214,11390,7786,16311,1.0,27:40,2015,2016
2015-16,203917,Nik Stauskas,Nik,1610612755,PHI,Philadelphia 76ers,21500046,2015-11-02T00:00:00,PHI vs. CLE,L,28.5,5.0,0.0,0.0,2.0,11.0,2.0,17.0,36.0,0.0,0.0,3.0,3.0,22.3,1,13074,13074,13074,8804,1603,10158,9917,12984,18886,3734,24967,1943,8004,1,17641,4736,10208,1.0,28:31,2015,2016
2015-16,2546,Carmelo Anthony,Carmelo,1610612752,NYK,New York Knicks,21500048,2015-11-02T00:00:00,NYK vs. SAS,L,35.5,0.0,4.0,0.0,2.0,6.0,4.0,0.0,42.0,0.0,4.0,3.0,6.0,32.4,1,13074,13074,13074,3165,12059,1596,9917,12984,10028,8458,1,670,8004,25926,17641,873,4768,1.0,35:28,2015,2016
2015-16,202334,Ed Davis,Ed,1610612757,POR,Portland Trail Blazers,21500050,2015-11-02T00:00:00,POR @ MIN,W,20.3,0.0,4.0,0.0,4.0,6.0,2.0,7.0,26.0,1.0,0.0,4.0,3.0,27.7,1,1,1,1,15617,12059,1596,9917,8599,10028,3734,15538,7214,2692,1,22104,4736,7008,1.0,20:20,2015,2016
2015-16,201980,Danny Green,Danny,1610612759,SAS,San Antonio Spurs,21500048,2015-11-02T00:00:00,SAS @ NYK,W,27.4,2.0,0.0,2.0,4.0,14.0,9.0,0.0,20.0,1.0,1.0,0.0,1.0,13.5,1,1,1,1,9688,6026,10158,4675,8599,22292,19144,1,11929,2692,17214,1,12373,16552,1.0,27:25,2015,2016
2015-16,203468,CJ McCollum,CJ,1610612757,POR,Portland Trail Blazers,21500050,2015-11-02T00:00:00,POR @ MIN,W,35.9,5.0,3.0,0.0,2.0,13.0,2.0,13.0,32.0,1.0,0.0,4.0,3.0,33.2,1,1,1,1,2806,1603,3104,9917,12984,21300,3734,23048,3535,2692,1,22104,4736,4462,1.0,35:56,2015,2016
2015-16,2440,Matt Barnes,Matt,1610612763,MEM,Memphis Grizzlies,21500051,2015-11-02T00:00:00,MEM @ GSW,L,26.3,0.0,2.0,3.0,6.0,9.0,5.0,23.0,26.0,3.0,1.0,4.0,0.0,27.7,1,13074,13074,13074,10578,12059,4731,3302,5299,15771,11469,25880,7214,347,17214,22104,18762,7008,1.0,26:20,2015,2016
2015-16,2738,Andre Iguodala,Andre,1610612744,GSW,Golden State Warriors,21500051,2015-11-02T00:00:00,GSW vs. MEM,W,21.5,0.0,2.0,0.0,4.0,2.0,4.0,7.0,12.0,1.0,0.0,0.0,0.0,22.6,1,1,1,1,14591,12059,4731,9917,8599,2619,8458,15538,18637,2692,1,1,18762,10000,1.0,21:30,2015,2016
2015-16,2564,Boris Diaw,Boris,1610612759,SAS,San Antonio Spurs,21500040,2015-11-01T00:00:00,SAS @ BOS,W,23.8,3.0,2.0,0.0,8.0,9.0,11.0,2.0,36.0,0.0,0.0,1.0,3.0,17.2,1,1,1,1,12777,4307,4731,9917,3109,15771,21814,4025,1943,8004,1,4972,4736,13725,1.0,23:46,2015,2016
2015-16,2585,Zaza Pachulia,Zaza,1610612742,DAL,Dallas Mavericks,21500045,2015-11-01T00:00:00,DAL @ LAL,W,29.3,2.0,2.0,2.0,8.0,7.0,9.0,8.0,18.0,1.0,1.0,4.0,6.0,31.9,1,1,1,1,8133,6026,4731,4675,3109,12242,19144,17194,13577,2692,17214,22104,873,4984,1.0,29:17,2015,2016
2015-16,201980,Danny Green,Danny,1610612759,SAS,San Antonio Spurs,21500040,2015-11-01T00:00:00,SAS @ BOS,W,28.9,0.0,0.0,2.0,4.0,13.0,4.0,3.0,28.0,1.0,1.0,1.0,2.0,27.7,1,1,1,1,8490,12059,10158,4675,8599,21300,8458,7328,5824,2692,17214,4972,7786,7008,1.0,28:51,2015,2016
2015-16,2548,Dwyane Wade,Dwyane,1610612748,MIA,Miami Heat,21500041,2015-11-01T00:00:00,MIA vs. HOU,W,32.8,0.0,0.0,2.0,4.0,10.0,5.0,6.0,26.0,0.0,2.0,1.0,5.0,39.4,1,1,1,1,5252,12059,10158,4675,8599,17370,11469,13388,7214,8004,23588,4972,1539,2530,1.0,32:50,2015,2016
2015-16,1938,Manu Ginobili,Manu,1610612759,SAS,San Antonio Spurs,21500040,2015-11-01T00:00:00,SAS @ BOS,W,23.9,3.0,5.0,0.0,4.0,9.0,14.0,2.0,30.0,0.0,1.0,2.0,4.0,33.1,1,1,1,1,12648,4307,995,9917,8599,15771,24300,4025,4541,8004,17214,11390,2748,4505,1.0,23:54,2015,2016
2015-16,201627,Anthony Morrow,Anthony,1610612760,OKC,Oklahoma City Thunder,21500044,2015-11-01T00:00:00,OKC vs. DEN,W,15.8,3.0,0.0,0.0,0.0,9.0,10.0,4.0,12.0,0.0,0.0,0.0,1.0,14.1,1,1,1,1,19192,4307,10158,9917,18861,15771,20509,8806,18637,8004,1,1,12373,16094,1.0,15:48,2015,2016
2015-16,203460,Andre Roberson,Andre,1610612760,OKC,Oklahoma City Thunder,21500044,2015-11-01T00:00:00,OKC vs. DEN,W,20.4,2.0,0.0,4.0,6.0,6.0,11.0,3.0,18.0,0.0,0.0,3.0,1.0,21.9,1,1,1,1,15600,6026,10158,1913,5299,10028,21814,7328,13577,8004,1,17641,12373,10460,1.0,20:21,2015,2016
2015-16,203935,Marcus Smart,Marcus,1610612738,BOS,Boston Celtics,21500040,2015-11-01T00:00:00,BOS vs. SAS,L,38.5,3.0,3.0,5.0,12.0,12.0,12.0,3.0,24.0,1.0,0.0,3.0,6.0,37.9,1,13074,13074,13074,1271,4307,3104,1277,988,20178,22832,7328,8723,2692,1,17641,873,2931,1.0,38:30,2015,2016
2015-16,202702,Kenneth Faried,Kenneth,1610612743,DEN,Denver Nuggets,21500044,2015-11-01T00:00:00,DEN @ OKC,L,14.2,2.0,2.0,0.0,8.0,11.0,8.0,18.0,26.0,2.0,1.0,1.0,1.0,16.9,1,13074,13074,13074,20306,6026,4731,9917,3109,18886,17345,25228,7214,932,17214,4972,12373,13911,1.0,14:10,2015,2016
2015-16,201952,Jeff Teague,Jeff,1610612737,ATL,Atlanta Hawks,21500039,2015-11-01T00:00:00,ATL @ CHA,W,32.2,4.0,0.0,4.0,8.0,4.0,11.0,6.0,18.0,0.0,4.0,2.0,4.0,33.2,1,1,1,1,5742,2460,10158,1913,3109,6141,21814,13388,13577,8004,25926,11390,2748,4462,1.0,32:11,2015,2016
2015-16,201609,Goran Dragic,Goran,1610612748,MIA,Miami Heat,21500041,2015-11-01T00:00:00,MIA vs. HOU,W,24.3,2.0,2.0,2.0,6.0,11.0,5.0,4.0,22.0,0.0,0.0,4.0,3.0,22.6,1,1,1,1,12315,6026,4731,4675,5299,18886,11469,8806,10265,8004,1,22104,4736,10000,1.0,24:17,2015,2016
2015-16,201568,Danilo Gallinari,Danilo,1610612743,DEN,Denver Nuggets,21500044,2015-11-01T00:00:00,DEN @ OKC,L,27.3,2.0,0.0,0.0,0.0,18.0,14.0,20.0,40.0,0.0,2.0,2.0,6.0,21.8,1,13074,13074,13074,9753,6026,10158,9917,18861,24749,24300,25599,983,8004,23588,11390,873,10526,1.0,27:19,2015,2016
2015-16,201143,Al Horford,Al,1610612737,ATL,Atlanta Hawks,21500039,2015-11-01T00:00:00,ATL @ CHA,W,34.9,0.0,2.0,4.0,10.0,7.0,11.0,6.0,18.0,3.0,1.0,1.0,0.0,37.9,1,1,1,1,3595,12059,4731,1913,1840,12242,21814,13388,13577,347,17214,4972,18762,2931,1.0,34:55,2015,2016
2015-16,201959,Taj Gibson,Taj,1610612741,CHI,Chicago Bulls,21500043,2015-11-01T00:00:00,CHI vs. ORL,W,19.5,2.0,0.0,4.0,4.0,5.0,7.0,3.0,10.0,0.0,1.0,0.0,1.0,13.7,1,1,1,1,16288,6026,10158,1913,8599,8403,15642,7328,20209,8004,17214,1,12373,16393,1.0,19:33,2015,2016
2015-16,200794,Paul Millsap,Paul,1610612737,ATL,Atlanta Hawks,21500039,2015-11-01T00:00:00,ATL @ CHA,W,34.9,2.0,0.0,0.0,8.0,7.0,11.0,11.0,26.0,2.0,0.0,3.0,2.0,38.2,1,1,1,1,3581,6026,10158,9917,3109,12242,21814,21342,7214,932,1,17641,7786,2854,1.0,34:56,2015,2016
2015-16,101114,Deron Williams,Deron,1610612742,DAL,Dallas Mavericks,21500045,2015-11-01T00:00:00,DAL @ LAL,W,30.7,2.0,5.0,0.0,6.0,5.0,6.0,6.0,16.0,0.0,2.0,1.0,1.0,28.0,1,1,1,1,6930,6026,995,9917,5299,8403,13237,13388,15259,8004,23588,4972,12373,6864,1.0,30:44,2015,2016
2015-16,202685,Jonas Valančiūnas,Jonas,1610612761,TOR,Toronto Raptors,21500042,2015-11-01T00:00:00,TOR vs. MIL,W,29.0,2.0,3.0,0.0,12.0,6.0,4.0,11.0,28.0,0.0,1.0,3.0,6.0,32.6,1,1,1,1,8390,6026,3104,9917,988,10028,8458,21342,5824,8004,17214,17641,873,4687,1.0,28:59,2015,2016
2015-16,203087,Jeremy Lamb,Jeremy,1610612766,CHA,Charlotte Hornets,21500039,2015-11-01T00:00:00,CHA vs. ATL,L,18.3,3.0,0.0,0.0,2.0,5.0,2.0,6.0,14.0,2.0,1.0,1.0,0.0,22.8,1,13074,13074,13074,17292,4307,10158,9917,12984,8403,3734,13388,17019,932,17214,4972,18762,9883,1.0,18:16,2015,2016
2015-16,2200,Pau Gasol,Pau,1610612741,CHI,Chicago Bulls,21500043,2015-11-01T00:00:00,CHI vs. ORL,W,23.8,0.0,4.0,0.0,6.0,4.0,6.0,6.0,24.0,1.0,3.0,1.0,2.0,32.1,1,1,1,1,12758,12059,1596,9917,5299,6141,13237,13388,8723,2692,25441,4972,7786,4889,1.0,23:47,2015,2016
2015-16,2736,Luol Deng,Luol,1610612748,MIA,Miami Heat,21500041,2015-11-01T00:00:00,MIA vs. HOU,W,26.6,4.0,4.0,2.0,8.0,10.0,5.0,6.0,28.0,0.0,0.0,1.0,3.0,21.7,1,1,1,1,10352,2460,1596,4675,3109,17370,11469,13388,5824,8004,1,4972,4736,10592,1.0,26:38,2015,2016
2015-16,203469,Cody Zeller,Cody,1610612766,CHA,Charlotte Hornets,21500039,2015-11-01T00:00:00,CHA vs. ATL,L,22.8,0.0,0.0,2.0,6.0,11.0,4.0,6.0,20.0,1.0,0.0,0.0,1.0,17.0,1,13074,13074,13074,13525,12059,10158,4675,5299,18886,8458,13388,11929,2692,1,1,12373,13855,1.0,22:49,2015,2016
2015-16,201168,Tiago Splitter,Tiago,1610612737,ATL,Atlanta Hawks,21500039,2015-11-01T00:00:00,ATL @ CHA,W,17.5,2.0,3.0,0.0,6.0,7.0,0.0,7.0,16.0,0.0,1.0,2.0,1.0,21.9,1,1,1,1,17895,6026,3104,9917,5299,12242,1,15538,15259,8004,17214,11390,12373,10460,1.0,17:30,2015,2016
2015-16,203145,Kent Bazemore,Kent,1610612737,ATL,Atlanta Hawks,21500039,2015-11-01T00:00:00,ATL @ CHA,W,28.2,2.0,3.0,2.0,8.0,3.0,11.0,4.0,14.0,1.0,2.0,1.0,3.0,38.3,1,1,1,1,9070,6026,3104,4675,3109,5109,21814,8806,17019,2692,23588,4972,4736,2826,1.0,28:13,2015,2016
2015-16,203506,Victor Oladipo,Victor,1610612753,ORL,Orlando Magic,21500043,2015-11-01T00:00:00,ORL @ CHI,L,38.7,3.0,3.0,4.0,4.0,15.0,12.0,6.0,30.0,3.0,1.0,1.0,2.0,39.1,1,13074,13074,13074,1178,4307,3104,1913,8599,23079,22832,13388,4541,347,17214,4972,7786,2616,1.0,38:43,2015,2016
2015-16,202083,Wesley Matthews,Wesley,1610612742,DAL,Dallas Mavericks,21500045,2015-11-01T00:00:00,DAL @ LAL,W,26.3,0.0,0.0,1.0,0.0,0.0,7.0,0.0,20.0,0.0,0.0,1.0,3.0,13.9,1,1,1,1,10640,12059,10158,9347,18861,1,15642,1,11929,8004,1,4972,4736,16232,1.0,26:15,2015,2016
2015-16,1717,Dirk Nowitzki,Dirk,1610612742,DAL,Dallas Mavericks,21500045,2015-11-01T00:00:00,DAL @ LAL,W,29.9,8.0,4.0,0.0,4.0,8.0,7.0,9.0,14.0,0.0,0.0,3.0,4.0,39.3,1,1,1,1,7623,308,1596,9917,8599,13914,15642,18829,17019,8004,1,17641,2748,2563,1.0,29:54,2015,2016
2015-16,203482,Kelly Olynyk,Kelly,1610612738,BOS,Boston Celtics,21500040,2015-11-01T00:00:00,BOS vs. SAS,L,13.0,0.0,0.0,0.0,0.0,0.0,6.0,3.0,6.0,1.0,0.0,0.0,0.0,13.9,1,13074,13074,13074,20984,12059,10158,9917,18861,1,13237,7328,22724,2692,1,1,18762,16232,1.0,12:60,2015,2016
2015-16,1626144,Emmanuel Mudiay,Emmanuel,1610612743,DEN,Denver Nuggets,21500044,2015-11-01T00:00:00,DEN @ OKC,L,26.9,0.0,2.0,0.0,4.0,16.0,8.0,20.0,40.0,0.0,3.0,1.0,0.0,17.3,1,13074,13074,13074,10135,12059,4731,9917,8599,23774,17345,25599,983,8004,25441,4972,18762,13671,1.0,26:52,2015,2016
2015-16,101161,Amir Johnson,Amir,1610612738,BOS,Boston Celtics,21500040,2015-11-01T00:00:00,BOS vs. SAS,L,28.4,4.0,6.0,0.0,10.0,6.0,8.0,5.0,28.0,1.0,0.0,4.0,2.0,19.3,1,13074,13074,13074,8912,2460,481,9917,1840,10028,17345,11593,5824,2692,1,22104,7786,12228,1.0,28:24,2015,2016
2015-16,101138,Brandon Bass,Brandon,1610612747,LAL,Los Angeles Lakers,21500045,2015-11-01T00:00:00,LAL vs. DAL,L,20.4,5.0,2.0,5.0,8.0,7.0,4.0,4.0,22.0,0.0,0.0,0.0,3.0,19.0,1,13074,13074,13074,15578,1603,4731,1277,3109,12242,8458,8806,10265,8004,1,1,4736,12440,1.0,20:23,2015,2016
2015-16,203939,Dwight Powell,Dwight,1610612742,DAL,Dallas Mavericks,21500045,2015-11-01T00:00:00,DAL @ LAL,W,24.8,0.0,0.0,0.0,8.0,7.0,8.0,7.0,28.0,2.0,0.0,4.0,1.0,25.6,1,1,1,1,11797,12059,10158,9917,3109,12242,17345,15538,5824,932,1,22104,12373,8157,1.0,24:50,2015,2016
2015-16,2547,Chris Bosh,Chris,1610612748,MIA,Miami Heat,21500041,2015-11-01T00:00:00,MIA vs. HOU,W,24.8,2.0,0.0,2.0,4.0,9.0,9.0,6.0,22.0,2.0,0.0,1.0,1.0,25.6,1,1,1,1,11878,6026,10158,4675,8599,15771,19144,13388,10265,932,1,4972,12373,8157,1.0,24:45,2015,2016
2015-16,203932,Aaron Gordon,Aaron,1610612753,ORL,Orlando Magic,21500043,2015-11-01T00:00:00,ORL @ CHI,L,24.6,0.0,2.0,2.0,4.0,9.0,5.0,6.0,16.0,2.0,0.0,1.0,0.0,22.9,1,13074,13074,13074,12032,12059,4731,4675,8599,15771,11469,13388,15259,932,1,4972,18762,9811,1.0,24:35,2015,2016
2015-16,203101,Miles Plumlee,Miles,1610612749,MIL,Milwaukee Bucks,21500042,2015-11-01T00:00:00,MIL @ TOR,L,14.8,2.0,2.0,0.0,6.0,7.0,3.0,0.0,12.0,4.0,0.0,3.0,1.0,25.6,1,13074,13074,13074,19902,6026,4731,9917,5299,12242,7138,1,18637,132,1,17641,12373,8157,1.0,14:47,2015,2016
2015-16,2749,Jameer Nelson,Jameer,1610612743,DEN,Denver Nuggets,21500044,2015-11-01T00:00:00,DEN @ OKC,L,27.1,3.0,3.0,3.0,4.0,7.0,6.0,5.0,18.0,0.0,0.0,3.0,4.0,25.7,1,13074,13074,13074,9971,4307,3104,3302,8599,12242,13237,11593,13577,8004,1,17641,2748,8088,1.0,27:03,2015,2016
2015-16,201579,Roy Hibbert,Roy,1610612747,LAL,Los Angeles Lakers,21500045,2015-11-01T00:00:00,LAL vs. DAL,L,26.1,0.0,3.0,0.0,2.0,8.0,11.0,0.0,18.0,2.0,0.0,4.0,4.0,19.6,1,13074,13074,13074,10774,12059,3104,9917,12984,13914,21814,1,13577,932,1,22104,2748,12024,1.0,26:05,2015,2016
2015-16,203503,Tony Snell,Tony,1610612741,CHI,Chicago Bulls,21500043,2015-11-01T00:00:00,CHI vs. ORL,W,26.5,0.0,0.0,0.0,0.0,4.0,9.0,9.0,30.0,1.0,0.0,1.0,0.0,14.8,1,1,1,1,10462,12059,10158,9917,18861,6141,19144,18829,4541,2692,1,4972,18762,15561,1.0,26:29,2015,2016
2015-16,201150,Spencer Hawes,Spencer,1610612766,CHA,Charlotte Hornets,21500039,2015-11-01T00:00:00,CHA vs. ATL,L,18.4,0.0,0.0,0.0,0.0,7.0,2.0,8.0,14.0,1.0,1.0,4.0,0.0,14.8,1,13074,13074,13074,17181,12059,10158,9917,18861,12242,3734,17194,17019,2692,17214,22104,18762,15561,1.0,18:24,2015,2016
2015-16,202695,Kawhi Leonard,Kawhi,1610612759,SAS,San Antonio Spurs,21500040,2015-11-01T00:00:00,SAS @ BOS,W,34.3,4.0,0.0,0.0,6.0,12.0,12.0,3.0,30.0,1.0,1.0,2.0,2.0,35.0,1,1,1,1,4117,2460,10158,9917,5299,20178,22832,7328,4541,2692,17214,11390,7786,3813,1.0,34:17,2015,2016
2015-16,201951,Ty Lawson,Ty,1610612745,HOU,Houston Rockets,21500041,2015-11-01T00:00:00,HOU @ MIA,L,37.5,2.0,0.0,4.0,2.0,20.0,14.0,14.0,48.0,0.0,0.0,3.0,1.0,14.8,1,13074,13074,13074,1786,6026,10158,1913,12984,25338,24300,23710,192,8004,1,17641,12373,15561,1.0,37:27,2015,2016
2015-16,2594,Kyle Korver,Kyle,1610612737,ATL,Atlanta Hawks,21500039,2015-11-01T00:00:00,ATL @ CHA,W,31.3,0.0,2.0,0.0,0.0,5.0,11.0,7.0,20.0,0.0,0.0,3.0,1.0,10.4,1,1,1,1,6483,12059,4731,9917,18861,8403,21814,15538,11929,8004,1,17641,12373,18859,1.0,31:18,2015,2016
2015-16,203901,Elfrid Payton,Elfrid,1610612753,ORL,Orlando Magic,21500043,2015-11-01T00:00:00,ORL @ CHI,L,22.4,2.0,0.0,2.0,2.0,8.0,14.0,2.0,20.0,1.0,1.0,5.0,0.0,9.7,1,13074,13074,13074,13804,6026,10158,4675,12984,13914,24300,4025,11929,2692,17214,24686,18762,19379,1.0,22:27,2015,2016
2015-16,201565,Derrick Rose,Derrick,1610612741,CHI,Chicago Bulls,21500043,2015-11-01T00:00:00,CHI vs. ORL,W,32.3,2.0,0.0,0.0,4.0,7.0,11.0,9.0,34.0,0.0,1.0,1.0,4.0,23.4,1,1,1,1,5633,6026,10158,9917,8599,12242,21814,18829,2701,8004,17214,4972,2748,9501,1.0,32:19,2015,2016
2015-16,203530,Joffrey Lauvergne,Joffrey,1610612743,DEN,Denver Nuggets,21500044,2015-11-01T00:00:00,DEN @ OKC,L,18.8,3.0,5.0,0.0,4.0,18.0,10.0,15.0,28.0,0.0,1.0,3.0,1.0,25.9,1,13074,13074,13074,16840,4307,995,9917,8599,24749,20509,24242,5824,8004,17214,17641,12373,7960,1.0,18:50,2015,2016
2015-16,203903,Jordan Clarkson,Jordan,1610612747,LAL,Los Angeles Lakers,21500045,2015-11-01T00:00:00,LAL vs. DAL,L,30.0,0.0,3.0,0.0,2.0,15.0,9.0,0.0,26.0,2.0,0.0,2.0,1.0,19.5,1,13074,13074,13074,7547,12059,3104,9917,12984,23079,19144,1,7214,932,1,11390,12373,12096,1.0,30:00,2015,2016
2015-16,202683,Enes Freedom,Enes,1610612760,OKC,Oklahoma City Thunder,21500044,2015-11-01T00:00:00,OKC vs. DEN,W,17.6,0.0,0.0,0.0,12.0,8.0,2.0,11.0,8.0,0.0,0.0,5.0,2.0,19.5,1,1,1,1,17834,12059,10158,9917,988,13914,3734,21342,21543,8004,1,24686,7786,12096,1.0,17:35,2015,2016
2015-16,202703,Nikola Mirotic,Nikola,1610612741,CHI,Chicago Bulls,21500043,2015-11-01T00:00:00,CHI vs. ORL,W,28.4,0.0,5.0,0.0,2.0,4.0,9.0,9.0,30.0,2.0,2.0,1.0,4.0,23.6,1,1,1,1,8950,12059,995,9917,12984,6141,19144,18829,4541,932,23588,4972,2748,9377,1.0,28:23,2015,2016
2015-16,201156,Nick Young,Nick,1610612747,LAL,Los Angeles Lakers,21500045,2015-11-01T00:00:00,LAL vs. DAL,L,18.9,0.0,0.0,0.0,0.0,7.0,2.0,5.0,20.0,1.0,0.0,2.0,1.0,10.0,1,13074,13074,13074,16747,12059,10158,9917,18861,12242,3734,11593,11929,2692,1,11390,12373,19178,1.0,18:56,2015,2016
2015-16,101111,Charlie Villanueva,Charlie,1610612742,DAL,Dallas Mavericks,21500045,2015-11-01T00:00:00,DAL @ LAL,W,11.9,0.0,0.0,0.0,0.0,2.0,2.0,2.0,12.0,1.0,0.0,2.0,0.0,9.9,1,1,1,1,21621,12059,10158,9917,18861,2619,3734,4025,18637,2692,1,11390,18762,19247,1.0,11:56,2015,2016
2015-16,202699,Tobias Harris,Tobias,1610612753,ORL,Orlando Magic,21500043,2015-11-01T00:00:00,ORL @ CHI,L,21.8,0.0,2.0,2.0,10.0,8.0,9.0,0.0,18.0,0.0,2.0,2.0,2.0,19.4,1,13074,13074,13074,14331,12059,4731,4675,1840,13914,19144,1,13577,8004,23588,11390,7786,12154,1.0,21:48,2015,2016
2015-16,203115,Will Barton,Will,1610612743,DEN,Denver Nuggets,21500044,2015-11-01T00:00:00,DEN @ OKC,L,24.2,8.0,0.0,9.0,6.0,3.0,0.0,3.0,16.0,0.0,1.0,0.0,3.0,26.1,1,13074,13074,13074,12356,308,10158,184,5299,5109,1,7328,15259,8004,17214,1,4736,7836,1.0,24:15,2015,2016
2015-16,203082,Terrence Ross,Terrence,1610612761,TOR,Toronto Raptors,21500042,2015-11-01T00:00:00,TOR vs. MIL,W,21.0,5.0,2.0,0.0,2.0,9.0,4.0,5.0,22.0,0.0,0.0,2.0,0.0,23.8,1,1,1,1,15021,1603,4731,9917,12984,15771,8458,11593,10265,8004,1,11390,18762,9261,1.0,21:02,2015,2016
2015-16,1626149,Montrezl Harrell,Montrezl,1610612745,HOU,Houston Rockets,21500041,2015-11-01T00:00:00,HOU @ MIA,L,22.3,0.0,4.0,0.0,6.0,10.0,13.0,8.0,32.0,1.0,0.0,2.0,2.0,15.0,1,13074,13074,13074,13936,12059,1596,9917,5299,17370,23668,17194,3535,2692,1,11390,7786,15404,1.0,22:16,2015,2016
2015-16,201587,Nicolas Batum,Nicolas,1610612766,CHA,Charlotte Hornets,21500039,2015-11-01T00:00:00,CHA vs. ATL,L,36.3,0.0,0.0,2.0,2.0,10.0,10.0,6.0,34.0,2.0,0.0,2.0,2.0,44.0,1,13074,13074,13074,2579,12059,10158,4675,12984,17370,20509,13388,2701,932,1,11390,7786,1559,1.0,36:15,2015,2016
2015-16,1495,Tim Duncan,Tim,1610612759,SAS,San Antonio Spurs,21500040,2015-11-01T00:00:00,SAS @ BOS,W,28.8,2.0,4.0,1.0,6.0,9.0,5.0,3.0,24.0,1.0,0.0,4.0,1.0,24.3,1,1,1,1,8531,6026,1596,9347,5299,15771,11469,7328,8723,2692,1,22104,12373,8939,1.0,28:48,2015,2016
2015-16,202355,Hassan Whiteside,Hassan,1610612748,MIA,Miami Heat,21500041,2015-11-01T00:00:00,MIA vs. HOU,W,33.5,6.0,5.0,2.0,24.0,10.0,5.0,6.0,30.0,2.0,1.0,2.0,4.0,56.5,1,1,1,1,4728,878,995,4675,14,17370,11469,13388,4541,932,17214,11390,2748,332,1.0,33:31,2015,2016
2015-16,201586,Serge Ibaka,Serge,1610612760,OKC,Oklahoma City Thunder,21500044,2015-11-01T00:00:00,OKC vs. DEN,W,30.8,7.0,6.0,3.0,10.0,15.0,14.0,3.0,28.0,5.0,1.0,3.0,2.0,46.4,1,1,1,1,6863,548,481,3302,1840,23079,24300,7328,5824,59,17214,17641,7786,1149,1.0,30:50,2015,2016
2015-16,202738,Isaiah Thomas,Isaiah,1610612738,BOS,Boston Celtics,21500040,2015-11-01T00:00:00,BOS vs. SAS,L,26.6,2.0,3.0,0.0,6.0,8.0,6.0,5.0,26.0,0.0,2.0,1.0,5.0,24.7,1,13074,13074,13074,10379,6026,3104,9917,5299,13914,13237,11593,7214,8004,23588,4972,1539,8673,1.0,26:35,2015,2016
2015-16,202709,Cory Joseph,Cory,1610612761,TOR,Toronto Raptors,21500042,2015-11-01T00:00:00,TOR vs. MIL,W,18.6,4.0,0.0,2.0,4.0,6.0,4.0,5.0,20.0,0.0,2.0,0.0,2.0,24.4,1,1,1,1,17013,2460,10158,4675,8599,10028,8458,11593,11929,8004,23588,1,7786,8867,1.0,18:37,2015,2016
2015-16,200746,LaMarcus Aldridge,LaMarcus,1610612759,SAS,San Antonio Spurs,21500040,2015-11-01T00:00:00,SAS @ BOS,W,34.7,0.0,1.0,0.0,6.0,14.0,12.0,5.0,32.0,1.0,2.0,1.0,7.0,52.3,1,1,1,1,3778,12059,9709,9917,5299,22292,22832,11593,3535,2692,23588,4972,469,559,1.0,34:42,2015,2016
2015-16,202328,Greg Monroe,Greg,1610612749,MIL,Milwaukee Bucks,21500042,2015-11-01T00:00:00,MIL @ TOR,L,28.4,4.0,2.0,2.0,10.0,17.0,12.0,7.0,32.0,2.0,0.0,5.0,5.0,35.7,1,13074,13074,13074,8915,2460,4731,4675,1840,24337,22832,15538,3535,932,1,24686,1539,3578,1.0,28:24,2015,2016
2015-16,101107,Marvin Williams,Marvin,1610612766,CHA,Charlotte Hornets,21500039,2015-11-01T00:00:00,CHA vs. ATL,L,33.0,0.0,6.0,0.0,0.0,11.0,6.0,12.0,28.0,3.0,1.0,0.0,0.0,29.5,1,13074,13074,13074,5162,12059,481,9917,18861,18886,13237,22259,5824,347,17214,1,18762,6103,1.0,32:58,2015,2016
2015-16,201149,Joakim Noah,Joakim,1610612741,CHI,Chicago Bulls,21500043,2015-11-01T00:00:00,CHI vs. ORL,W,24.3,2.0,2.0,0.0,6.0,5.0,10.0,6.0,16.0,1.0,1.0,3.0,1.0,28.8,1,1,1,1,12312,6026,4731,9917,5299,8403,20509,13388,15259,2692,17214,17641,12373,6465,1.0,24:18,2015,2016
2015-16,203096,Jared Sullinger,Jared,1610612738,BOS,Boston Celtics,21500040,2015-11-01T00:00:00,BOS vs. SAS,L,23.5,0.0,2.0,0.0,2.0,6.0,4.0,2.0,22.0,0.0,1.0,3.0,1.0,24.6,1,13074,13074,13074,12960,12059,4731,9917,12984,10028,8458,4025,10265,8004,17214,17641,12373,8724,1.0,23:31,2015,2016
2015-16,201142,Kevin Durant,Kevin,1610612760,OKC,Oklahoma City Thunder,21500044,2015-11-01T00:00:00,OKC vs. DEN,W,27.7,3.0,2.0,7.0,8.0,15.0,14.0,3.0,28.0,1.0,0.0,2.0,4.0,35.9,1,1,1,1,9428,4307,4731,454,3109,23079,24300,7328,5824,2692,1,11390,2748,3505,1.0,27:44,2015,2016
2015-16,201973,Jonas Jerebko,Jonas,1610612738,BOS,Boston Celtics,21500040,2015-11-01T00:00:00,BOS vs. SAS,L,13.7,0.0,0.0,0.0,6.0,3.0,4.0,3.0,18.0,0.0,0.0,3.0,0.0,7.4,1,13074,13074,13074,20604,12059,10158,9917,5299,5109,8458,7328,13577,8004,1,17641,18762,20912,1.0,13:40,2015,2016
2015-16,202689,Kemba Walker,Kemba,1610612766,CHA,Charlotte Hornets,21500039,2015-11-01T00:00:00,CHA vs. ATL,L,31.3,0.0,5.0,0.0,4.0,8.0,10.0,4.0,30.0,0.0,1.0,3.0,7.0,37.2,1,13074,13074,13074,6498,12059,995,9917,8599,13914,20509,8806,4541,8004,17214,17641,469,3130,1.0,31:16,2015,2016
2015-16,202710,Jimmy Butler III,Jimmy,1610612741,CHI,Chicago Bulls,21500043,2015-11-01T00:00:00,CHI vs. ORL,W,32.8,4.0,0.0,2.0,6.0,5.0,12.0,12.0,34.0,2.0,0.0,0.0,7.0,44.3,1,1,1,1,5251,2460,10158,4675,5299,8403,22832,22259,2701,932,1,1,469,1499,1.0,32:51,2015,2016
2015-16,203944,Julius Randle,Julius,1610612747,LAL,Los Angeles Lakers,21500045,2015-11-01T00:00:00,LAL vs. DAL,L,33.6,4.0,3.0,6.0,16.0,11.0,13.0,3.0,20.0,1.0,1.0,2.0,6.0,59.0,1,13074,13074,13074,4657,2460,3104,740,275,18886,23668,7328,11929,2692,17214,11390,873,238,1.0,33:37,2015,2016
2015-16,202391,Jeremy Lin,Jeremy,1610612766,CHA,Charlotte Hornets,21500039,2015-11-01T00:00:00,CHA vs. ATL,L,21.5,2.0,0.0,2.0,2.0,7.0,5.0,8.0,16.0,2.0,0.0,2.0,3.0,24.9,1,13074,13074,13074,14625,6026,10158,4675,12984,12242,11469,17194,15259,932,1,11390,4736,8553,1.0,21:28,2015,2016
2015-16,203894,Shabazz Napier,Shabazz,1610612753,ORL,Orlando Magic,21500043,2015-11-01T00:00:00,ORL @ CHI,L,16.2,0.0,0.0,0.0,2.0,5.0,0.0,4.0,6.0,0.0,0.0,3.0,2.0,11.5,1,13074,13074,13074,18930,12059,10158,9917,12984,8403,1,8806,22724,8004,1,17641,7786,18079,1.0,16:09,2015,2016
2015-16,201977,Marcus Thornton,Marcus,1610612745,HOU,Houston Rockets,21500041,2015-11-01T00:00:00,HOU @ MIA,L,30.9,3.0,3.0,0.0,4.0,16.0,13.0,10.0,44.0,0.0,0.0,4.0,1.0,24.4,1,13074,13074,13074,6818,4307,3104,9917,8599,23774,23668,20169,454,8004,1,22104,12373,8867,1.0,30:53,2015,2016
2015-16,203507,Giannis Antetokounmpo,Giannis,1610612749,MIL,Milwaukee Bucks,21500042,2015-11-01T00:00:00,MIL @ TOR,L,32.7,5.0,0.0,7.0,14.0,16.0,12.0,5.0,32.0,1.0,1.0,1.0,2.0,36.8,1,13074,13074,13074,5350,1603,10158,454,542,23774,22832,11593,3535,2692,17214,4972,7786,3241,1.0,32:41,2015,2016
2015-16,1626209,Mario Hezonja,Mario,1610612753,ORL,Orlando Magic,21500043,2015-11-01T00:00:00,ORL @ CHI,L,5.1,0.0,0.0,0.0,0.0,2.0,0.0,2.0,4.0,0.0,2.0,1.0,0.0,1.2,1,13074,13074,13074,24326,12059,10158,9917,18861,2619,1,4025,23698,8004,23588,4972,18762,24661,1.0,5:06,2015,2016
2015-16,101135,David Lee,David,1610612738,BOS,Boston Celtics,21500040,2015-11-01T00:00:00,BOS vs. SAS,L,20.6,0.0,0.0,0.0,2.0,4.0,4.0,0.0,10.0,0.0,1.0,1.0,0.0,11.1,1,13074,13074,13074,15404,12059,10158,9917,12984,6141,8458,1,20209,8004,17214,4972,18762,18370,1.0,20:35,2015,2016
2015-16,2034,Mike Miller,Mike,1610612743,DEN,Denver Nuggets,21500044,2015-11-01T00:00:00,DEN @ OKC,L,2.8,0.0,0.0,0.0,0.0,3.0,0.0,0.0,2.0,0.0,0.0,0.0,0.0,1.5,1,13074,13074,13074,25223,12059,10158,9917,18861,5109,1,1,24614,8004,1,1,18762,24473,1.0,2:45,2015,2016
2015-16,2555,Nick Collison,Nick,1610612760,OKC,Oklahoma City Thunder,21500044,2015-11-01T00:00:00,OKC vs. DEN,W,9.9,0.0,0.0,0.0,0.0,5.0,2.0,7.0,6.0,0.0,0.0,0.0,1.0,11.3,1,1,1,1,22504,12059,10158,9917,18861,8403,3734,15538,22724,8004,1,1,12373,18230,1.0,9:52,2015,2016
2015-16,203092,Tyler Zeller,Tyler,1610612738,BOS,Boston Celtics,21500040,2015-11-01T00:00:00,BOS vs. SAS,L,6.5,0.0,0.0,0.0,0.0,2.0,0.0,0.0,4.0,0.0,0.0,0.0,0.0,1.7,1,13074,13074,13074,23758,12059,10158,9917,18861,2619,1,1,23698,8004,1,1,18762,24436,1.0,6:28,2015,2016
2015-16,203475,Erick Green,Erick,1610612743,DEN,Denver Nuggets,21500044,2015-11-01T00:00:00,DEN @ OKC,L,4.5,0.0,0.0,0.0,0.0,3.0,0.0,0.0,4.0,0.0,0.0,0.0,0.0,1.2,1,13074,13074,13074,24561,12059,10158,9917,18861,5109,1,1,23698,8004,1,1,18762,24661,1.0,4:27,2015,2016
2015-16,201573,Jerryd Bayless,Jerryd,1610612749,MIL,Milwaukee Bucks,21500042,2015-11-01T00:00:00,MIL @ TOR,L,22.2,0.0,0.0,0.0,2.0,16.0,7.0,2.0,20.0,1.0,0.0,1.0,0.0,6.2,1,13074,13074,13074,14035,12059,10158,9917,12984,23774,15642,4025,11929,2692,1,4972,18762,21696,1.0,22:10,2015,2016
2015-16,203500,Steven Adams,Steven,1610612760,OKC,Oklahoma City Thunder,21500044,2015-11-01T00:00:00,OKC vs. DEN,W,21.5,0.0,2.0,0.0,2.0,9.0,4.0,3.0,18.0,2.0,0.0,4.0,3.0,11.1,1,1,1,1,14572,12059,4731,9917,12984,15771,8458,7328,13577,932,1,22104,4736,18370,1.0,21:32,2015,2016
2015-16,101236,Chuck Hayes,Chuck,1610612745,HOU,Houston Rockets,21500041,2015-11-01T00:00:00,HOU @ MIA,L,9.3,0.0,0.0,0.0,0.0,2.0,0.0,2.0,10.0,0.0,0.0,2.0,0.0,1.2,1,13074,13074,13074,22703,12059,10158,9917,18861,2619,1,4025,20209,8004,1,11390,18762,24661,1.0,9:19,2015,2016
2015-16,202734,E'Twaun Moore,E'Twaun,1610612741,CHI,Chicago Bulls,21500043,2015-11-01T00:00:00,CHI vs. ORL,W,18.7,0.0,0.0,0.0,0.0,4.0,4.0,0.0,8.0,0.0,1.0,3.0,0.0,5.9,1,1,1,1,16930,12059,10158,9917,18861,6141,8458,1,21543,8004,17214,17641,18762,21953,1.0,18:43,2015,2016
2015-16,203798,PJ Hairston,PJ,1610612766,CHA,Charlotte Hornets,21500039,2015-11-01T00:00:00,CHA vs. ATL,L,23.2,5.0,0.0,5.0,4.0,8.0,3.0,4.0,26.0,0.0,0.0,1.0,2.0,11.3,1,13074,13074,13074,13196,1603,10158,1277,8599,13914,7138,8806,7214,8004,1,4972,7786,18230,1.0,23:12,2015,2016
2015-16,203461,Anthony Bennett,Anthony,1610612761,TOR,Toronto Raptors,21500042,2015-11-01T00:00:00,TOR vs. MIL,W,2.4,2.0,2.0,0.0,2.0,2.0,0.0,2.0,0.0,0.0,0.0,1.0,0.0,3.4,1,1,1,1,25388,6026,4731,9917,12984,2619,1,4025,25429,8004,1,4972,18762,23417,1.0,2:22,2015,2016
2015-16,201581,JJ Hickson,JJ,1610612743,DEN,Denver Nuggets,21500044,2015-11-01T00:00:00,DEN @ OKC,L,2.9,0.0,0.0,1.0,0.0,3.0,0.0,0.0,2.0,0.0,0.0,0.0,1.0,5.2,1,13074,13074,13074,25160,12059,10158,9347,18861,5109,1,1,24614,8004,1,1,12373,22370,1.0,2:55,2015,2016
2015-16,201988,Patty Mills,Patty,1610612759,SAS,San Antonio Spurs,21500040,2015-11-01T00:00:00,SAS @ BOS,W,20.6,0.0,0.0,0.0,0.0,8.0,11.0,2.0,30.0,0.0,0.0,1.0,2.0,8.7,1,1,1,1,15399,12059,10158,9917,18861,13914,21814,4025,4541,8004,1,4972,7786,20045,1.0,20:35,2015,2016
2015-16,200751,Randy Foye,Randy,1610612743,DEN,Denver Nuggets,21500044,2015-11-01T00:00:00,DEN @ OKC,L,16.2,0.0,0.0,0.0,0.0,0.0,2.0,3.0,6.0,0.0,0.0,0.0,1.0,4.5,1,13074,13074,13074,18932,12059,10158,9917,18861,1,3734,7328,22724,8004,1,1,12373,22773,1.0,16:09,2015,2016
2015-16,2446,Rasual Butler,Rasual,1610612759,SAS,San Antonio Spurs,21500040,2015-11-01T00:00:00,SAS @ BOS,W,8.0,0.0,0.0,0.0,0.0,2.0,2.0,2.0,14.0,2.0,0.0,0.0,2.0,9.2,1,1,1,1,23194,12059,10158,9917,18861,2619,3734,4025,17019,932,1,1,7786,19680,1.0,7:60,2015,2016
2015-16,201147,Corey Brewer,Corey,1610612745,HOU,Houston Rockets,21500041,2015-11-01T00:00:00,HOU @ MIA,L,21.3,4.0,0.0,2.0,10.0,10.0,8.0,8.0,24.0,0.0,2.0,3.0,1.0,21.7,1,13074,13074,13074,14819,2460,10158,4675,1840,17370,17345,17194,8723,8004,23588,17641,12373,10592,1.0,21:16,2015,2016
2015-16,101123,Gerald Green,Gerald,1610612748,MIA,Miami Heat,21500041,2015-11-01T00:00:00,MIA vs. HOU,W,18.4,2.0,0.0,4.0,2.0,7.0,4.0,2.0,14.0,0.0,0.0,2.0,1.0,7.0,1,1,1,1,17220,6026,10158,1913,12984,12242,8458,4025,17019,8004,1,11390,12373,21188,1.0,18:21,2015,2016
2015-16,203934,Lamar Patterson,Lamar,1610612737,ATL,Atlanta Hawks,21500039,2015-11-01T00:00:00,ATL @ CHA,W,9.1,0.0,0.0,0.0,0.0,2.0,0.0,4.0,6.0,0.0,1.0,0.0,1.0,3.2,1,1,1,1,22801,12059,10158,9917,18861,2619,1,8806,22724,8004,17214,1,12373,23473,1.0,9:06,2015,2016
2015-16,202379,Jeremy Evans,Jeremy,1610612742,DAL,Dallas Mavericks,21500045,2015-11-01T00:00:00,DAL @ LAL,W,1.0,0.0,0.0,0.0,0.0,2.0,1.0,2.0,2.0,0.0,0.0,0.0,0.0,0.0,1,1,1,1,25876,12059,10158,9917,18861,2619,3393,4025,24614,8004,1,1,18762,25170,1.0,0:59,2015,2016
2015-16,201177,Josh McRoberts,Josh,1610612748,MIA,Miami Heat,21500041,2015-11-01T00:00:00,MIA vs. HOU,W,5.2,0.0,0.0,0.0,0.0,5.0,2.0,2.0,2.0,0.0,0.0,0.0,1.0,0.4,1,1,1,1,24296,12059,10158,9917,18861,8403,3734,4025,24614,8004,1,1,12373,25093,1.0,5:11,2015,2016
2015-16,2225,Tony Parker,Tony,1610612759,SAS,San Antonio Spurs,21500040,2015-11-01T00:00:00,SAS @ BOS,W,27.4,0.0,0.0,2.0,2.0,10.0,5.0,3.0,22.0,0.0,0.0,2.0,0.0,9.3,1,1,1,1,9691,12059,10158,4675,12984,17370,11469,7328,10265,8004,1,11390,18762,19656,1.0,27:25,2015,2016
2015-16,101112,Channing Frye,Channing,1610612753,ORL,Orlando Magic,21500043,2015-11-01T00:00:00,ORL @ CHI,L,9.3,0.0,0.0,0.0,0.0,5.0,5.0,4.0,10.0,0.0,0.0,0.0,1.0,4.9,1,13074,13074,13074,22692,12059,10158,9917,18861,8403,11469,8806,20209,8004,1,1,12373,22621,1.0,9:20,2015,2016
2015-16,1626153,Delon Wright,Delon,1610612761,TOR,Toronto Raptors,21500042,2015-11-01T00:00:00,TOR vs. MIL,W,2.4,0.0,0.0,0.0,0.0,2.0,0.0,2.0,0.0,0.0,0.0,0.0,0.0,0.2,1,1,1,1,25388,12059,10158,9917,18861,2619,1,4025,25429,8004,1,1,18762,25103,1.0,2:22,2015,2016
2015-16,203937,Kyle Anderson,Kyle,1610612759,SAS,San Antonio Spurs,21500040,2015-11-01T00:00:00,SAS @ BOS,W,1.0,0.0,0.0,0.0,0.0,0.0,0.0,0.0,2.0,0.0,0.0,0.0,0.0,0.0,1,1,1,1,25877,12059,10158,9917,18861,1,1,1,24614,8004,1,1,18762,25170,1.0,0:58,2015,2016
2015-16,1626181,Norman Powell,Norman,1610612761,TOR,Toronto Raptors,21500042,2015-11-01T00:00:00,TOR vs. MIL,W,2.4,0.0,0.0,0.0,0.0,2.0,0.0,2.0,0.0,0.0,1.0,0.0,0.0,0.0,1,1,1,1,25388,12059,10158,9917,18861,2619,1,4025,25429,8004,17214,1,18762,25170,1.0,2:22,2015,2016
2015-16,203956,Mitch McGary,Mitch,1610612760,OKC,Oklahoma City Thunder,21500044,2015-11-01T00:00:00,OKC vs. DEN,W,4.5,0.0,0.0,0.0,0.0,3.0,0.0,2.0,2.0,0.0,0.0,0.0,0.0,-2.0,1,1,1,1,24561,12059,10158,9917,18861,5109,1,4025,24614,8004,1,1,18762,26061,1.0,4:27,2015,2016
2015-16,203996,Damien Inglis,Damien,1610612749,MIL,Milwaukee Bucks,21500042,2015-11-01T00:00:00,MIL @ TOR,L,3.6,0.0,0.0,2.0,0.0,2.0,2.0,0.0,4.0,0.0,0.0,0.0,1.0,4.0,1,13074,13074,13074,24895,12059,10158,4675,18861,2619,3734,1,23698,8004,1,1,12373,23142,1.0,3:33,2015,2016
2015-16,202323,Evan Turner,Evan,1610612738,BOS,Boston Celtics,21500040,2015-11-01T00:00:00,BOS vs. SAS,L,15.8,0.0,0.0,0.0,2.0,3.0,4.0,2.0,22.0,1.0,0.0,2.0,0.0,13.3,1,13074,13074,13074,19176,12059,10158,9917,12984,5109,8458,4025,10265,2692,1,11390,18762,16712,1.0,15:49,2015,2016
2015-16,203914,Gary Harris,Gary,1610612743,DEN,Denver Nuggets,21500044,2015-11-01T00:00:00,DEN @ OKC,L,26.7,3.0,0.0,1.0,2.0,18.0,12.0,20.0,42.0,0.0,0.0,0.0,3.0,8.8,1,13074,13074,13074,10287,4307,10158,9347,12984,24749,22832,25599,670,8004,1,1,4736,19994,1.0,26:41,2015,2016
2015-16,202713,Kyle Singler,Kyle,1610612760,OKC,Oklahoma City Thunder,21500044,2015-11-01T00:00:00,OKC vs. DEN,W,19.9,0.0,0.0,3.0,0.0,8.0,2.0,11.0,8.0,2.0,1.0,5.0,1.0,13.4,1,1,1,1,15962,12059,10158,3302,18861,13914,3734,21342,21543,932,17214,24686,12373,16614,1.0,19:56,2015,2016
2015-16,201949,James Johnson,James,1610612761,TOR,Toronto Raptors,21500042,2015-11-01T00:00:00,TOR vs. MIL,W,2.4,0.0,0.0,0.0,0.0,2.0,0.0,2.0,0.0,0.0,0.0,0.0,0.0,-1.0,1,1,1,1,25388,12059,10158,9917,18861,2619,1,4025,25429,8004,1,1,18762,25932,1.0,2:22,2015,2016
2015-16,201976,Patrick Beverley,Patrick,1610612745,HOU,Houston Rockets,21500041,2015-11-01T00:00:00,HOU @ MIA,L,19.8,0.0,0.0,0.0,4.0,6.0,11.0,6.0,22.0,0.0,0.0,3.0,1.0,9.6,1,13074,13074,13074,16085,12059,10158,9917,8599,10028,21814,13388,10265,8004,1,17641,12373,19434,1.0,19:47,2015,2016
2015-16,203118,Mike Scott,Mike,1610612737,ATL,Atlanta Hawks,21500039,2015-11-01T00:00:00,ATL @ CHA,W,13.1,0.0,0.0,0.0,0.0,5.0,0.0,2.0,4.0,0.0,1.0,1.0,0.0,6.6,1,1,1,1,20934,12059,10158,9917,18861,8403,1,4025,23698,8004,17214,4972,18762,21445,1.0,13:04,2015,2016
2015-16,1626173,Rashad Vaughn,Rashad,1610612749,MIL,Milwaukee Bucks,21500042,2015-11-01T00:00:00,MIL @ TOR,L,3.6,0.0,0.0,0.0,0.0,2.0,2.0,0.0,4.0,0.0,0.0,0.0,0.0,0.0,1,13074,13074,13074,24895,12059,10158,9917,18861,2619,3734,1,23698,8004,1,1,18762,25170,1.0,3:33,2015,2016
2015-16,203094,Andrew Nicholson,Andrew,1610612753,ORL,Orlando Magic,21500043,2015-11-01T00:00:00,ORL @ CHI,L,4.1,0.0,0.0,0.0,0.0,0.0,0.0,0.0,0.0,0.0,0.0,1.0,0.0,0.2,1,13074,13074,13074,24675,12059,10158,9917,18861,1,1,1,25429,8004,1,4972,18762,25103,1.0,4:06,2015,2016
2015-16,1626159,Justise Winslow,Justise,1610612748,MIA,Miami Heat,21500041,2015-11-01T00:00:00,MIA vs. HOU,W,30.7,0.0,0.0,0.0,4.0,15.0,4.0,4.0,28.0,0.0,0.0,2.0,0.0,21.6,1,1,1,1,6970,12059,10158,9917,8599,23079,8458,8806,5824,8004,1,11390,18762,10666,1.0,30:40,2015,2016
2015-16,202687,Bismack Biyombo,Bismack,1610612761,TOR,Toronto Raptors,21500042,2015-11-01T00:00:00,TOR vs. MIL,W,19.0,0.0,2.0,1.0,2.0,11.0,2.0,4.0,16.0,1.0,1.0,4.0,2.0,18.0,1,1,1,1,16684,12059,4731,9347,12984,18886,3734,8806,15259,2692,17214,22104,7786,13164,1.0,19:01,2015,2016
2015-16,203109,Jae Crowder,Jae,1610612738,BOS,Boston Celtics,21500040,2015-11-01T00:00:00,BOS vs. SAS,L,23.0,2.0,0.0,0.0,4.0,9.0,6.0,0.0,12.0,1.0,0.0,4.0,0.0,21.3,1,13074,13074,13074,13381,6026,10158,9917,8599,15771,13237,1,18637,2692,1,22104,18762,10880,1.0,22:59,2015,2016
2015-16,203142,Chris Copeland,Chris,1610612749,MIL,Milwaukee Bucks,21500042,2015-11-01T00:00:00,MIL @ TOR,L,20.5,0.0,0.0,2.0,2.0,11.0,8.0,3.0,22.0,0.0,0.0,0.0,1.0,8.0,1,13074,13074,13074,15449,12059,10158,4675,12984,18886,17345,7328,10265,8004,1,1,12373,20564,1.0,20:32,2015,2016
2015-16,1626273,Marcelo Huertas,Marcelo,1610612747,LAL,Los Angeles Lakers,21500045,2015-11-01T00:00:00,LAL vs. DAL,L,11.0,0.0,0.0,0.0,4.0,0.0,2.0,4.0,12.0,1.0,1.0,2.0,1.0,12.7,1,13074,13074,13074,22028,12059,10158,9917,8599,1,3734,8806,18637,2692,17214,11390,12373,17201,1.0,11:00,2015,2016
2015-16,101109,Raymond Felton,Raymond,1610612742,DAL,Dallas Mavericks,21500045,2015-11-01T00:00:00,DAL @ LAL,W,28.4,3.0,2.0,0.0,4.0,10.0,9.0,11.0,22.0,0.0,1.0,2.0,0.0,18.4,1,1,1,1,8969,4307,4731,9917,8599,17370,19144,21342,10265,8004,17214,11390,18762,12854,1.0,28:21,2015,2016
2015-16,201160,Jason Smith,Jason,1610612753,ORL,Orlando Magic,21500043,2015-11-01T00:00:00,ORL @ CHI,L,14.2,4.0,2.0,0.0,0.0,4.0,0.0,2.0,6.0,2.0,0.0,1.0,1.0,17.9,1,13074,13074,13074,20296,2460,4731,9917,18861,6141,1,4025,22724,932,1,4972,12373,13229,1.0,14:12,2015,2016
2015-16,201596,Mario Chalmers,Mario,1610612748,MIA,Miami Heat,21500041,2015-11-01T00:00:00,MIA vs. HOU,W,22.6,2.0,2.0,0.0,2.0,6.0,4.0,4.0,18.0,0.0,0.0,3.0,4.0,12.7,1,1,1,1,13704,6026,4731,9917,12984,10028,8458,8806,13577,8004,1,17641,2748,17201,1.0,22:35,2015,2016
2015-16,202349,Greivis Vasquez,Greivis,1610612749,MIL,Milwaukee Bucks,21500042,2015-11-01T00:00:00,MIL @ TOR,L,25.5,2.0,2.0,0.0,2.0,12.0,6.0,1.0,18.0,0.0,0.0,2.0,3.0,18.6,1,13074,13074,13074,11337,6026,4731,9917,12984,20178,13237,3646,13577,8004,1,11390,4736,12715,1.0,25:27,2015,2016
2015-16,1891,Jason Terry,Jason,1610612745,HOU,Houston Rockets,21500041,2015-11-01T00:00:00,HOU @ MIA,L,5.0,3.0,0.0,0.0,0.0,0.0,0.0,0.0,6.0,0.0,0.0,0.0,0.0,3.0,1,13074,13074,13074,24354,4307,10158,9917,18861,1,1,1,22724,8004,1,1,18762,23648,1.0,5:02,2015,2016
2015-16,2734,Devin Harris,Devin,1610612742,DAL,Dallas Mavericks,21500045,2015-11-01T00:00:00,DAL @ LAL,W,22.2,0.0,0.0,0.0,2.0,7.0,6.0,7.0,22.0,0.0,1.0,3.0,3.0,18.6,1,1,1,1,14001,12059,10158,9917,12984,12242,13237,15538,10265,8004,17214,17641,4736,12715,1.0,22:13,2015,2016
2015-16,203991,Clint Capela,Clint,1610612745,HOU,Houston Rockets,21500041,2015-11-01T00:00:00,HOU @ MIA,L,14.1,2.0,2.0,0.0,10.0,8.0,6.0,6.0,16.0,1.0,0.0,2.0,0.0,18.0,1,13074,13074,13074,20337,6026,4731,9917,1840,13914,13237,13388,15259,2692,1,11390,18762,13164,1.0,14:07,2015,2016
2015-16,201589,Darrell Arthur,Darrell,1610612743,DEN,Denver Nuggets,21500044,2015-11-01T00:00:00,DEN @ OKC,L,24.1,0.0,2.0,0.0,0.0,5.0,8.0,8.0,20.0,1.0,0.0,5.0,0.0,18.3,1,13074,13074,13074,12429,12059,4731,9917,18861,8403,17345,17194,11929,2692,1,24686,18762,12952,1.0,24:08,2015,2016
2015-16,1626163,Frank Kaminsky,Frank,1610612766,CHA,Charlotte Hornets,21500039,2015-11-01T00:00:00,CHA vs. ATL,L,6.0,0.0,0.0,0.0,0.0,2.0,0.0,2.0,10.0,0.0,0.0,0.0,0.0,3.0,1,13074,13074,13074,23966,12059,10158,9917,18861,2619,1,4025,20209,8004,1,1,18762,23648,1.0,5:59,2015,2016
2015-16,200757,Thabo Sefolosha,Thabo,1610612737,ATL,Atlanta Hawks,21500039,2015-11-01T00:00:00,ATL @ CHA,W,17.6,3.0,0.0,0.0,0.0,10.0,0.0,9.0,12.0,0.0,1.0,1.0,0.0,12.8,1,1,1,1,17822,4307,10158,9917,18861,17370,1,18829,18637,8004,17214,4972,18762,17129,1.0,17:36,2015,2016
2015-16,201960,DeMarre Carroll,DeMarre,1610612761,TOR,Toronto Raptors,21500042,2015-11-01T00:00:00,TOR vs. MIL,W,30.7,5.0,3.0,0.0,4.0,11.0,2.0,10.0,28.0,0.0,0.0,1.0,2.0,16.1,1,1,1,1,6970,1603,3104,9917,8599,18886,3734,20169,5824,8004,1,4972,7786,14515,1.0,30:40,2015,2016
2015-16,201571,D.J. Augustin,D.J.,1610612760,OKC,Oklahoma City Thunder,21500044,2015-11-01T00:00:00,OKC vs. DEN,W,18.1,0.0,0.0,0.0,2.0,8.0,7.0,9.0,12.0,0.0,1.0,0.0,0.0,20.9,1,1,1,1,17425,12059,10158,9917,12984,13914,15642,18829,18637,8004,17214,1,18762,11132,1.0,18:07,2015,2016
2015-16,202718,Chandler Parsons,Chandler,1610612742,DAL,Dallas Mavericks,21500045,2015-11-01T00:00:00,DAL @ LAL,W,11.9,0.0,0.0,0.0,2.0,0.0,2.0,0.0,2.0,0.0,2.0,2.0,1.0,13.1,1,1,1,1,21653,12059,10158,9917,12984,1,3734,1,24614,8004,23588,11390,12373,16874,1.0,11:52,2015,2016
2015-16,1626166,Cameron Payne,Cameron,1610612760,OKC,Oklahoma City Thunder,21500044,2015-11-01T00:00:00,OKC vs. DEN,W,4.5,0.0,0.0,0.0,0.0,3.0,0.0,2.0,2.0,0.0,0.0,1.0,0.0,7.5,1,1,1,1,24561,12059,10158,9917,18861,5109,1,4025,24614,8004,1,4972,18762,20874,1.0,4:27,2015,2016
2015-16,203948,Johnny O'Bryant III,Johnny,1610612749,MIL,Milwaukee Bucks,21500042,2015-11-01T00:00:00,MIL @ TOR,L,27.0,0.0,0.0,0.0,0.0,8.0,13.0,4.0,34.0,0.0,1.0,2.0,1.0,8.3,1,13074,13074,13074,9996,12059,10158,9917,18861,13914,23668,8806,2701,8004,17214,11390,12373,20376,1.0,27:01,2015,2016
2015-16,2561,David West,David,1610612759,SAS,San Antonio Spurs,21500040,2015-11-01T00:00:00,SAS @ BOS,W,8.7,0.0,0.0,0.0,2.0,4.0,4.0,0.0,12.0,0.0,0.0,2.0,0.0,2.4,1,1,1,1,22945,12059,10158,9917,12984,6141,8458,1,18637,8004,1,11390,18762,24024,1.0,8:44,2015,2016
2015-16,977,Kobe Bryant,Kobe,1610612747,LAL,Los Angeles Lakers,21500045,2015-11-01T00:00:00,LAL vs. DAL,L,31.4,3.0,2.0,0.0,2.0,8.0,13.0,3.0,20.0,0.0,0.0,5.0,3.0,21.5,1,13074,13074,13074,6418,4307,4731,9917,12984,13914,23668,7328,11929,8004,1,24686,4736,10755,1.0,31:21,2015,2016
2015-16,200826,J.J. Barea,J.J.,1610612742,DAL,Dallas Mavericks,21500045,2015-11-01T00:00:00,DAL @ LAL,W,23.7,0.0,2.0,3.0,6.0,12.0,8.0,13.0,24.0,0.0,2.0,0.0,1.0,21.1,1,1,1,1,12863,12059,4731,3302,5299,20178,17345,23048,8723,8004,23588,1,12373,11012,1.0,23:39,2015,2016
2015-16,203471,Dennis Schröder,Dennis,1610612737,ATL,Atlanta Hawks,21500039,2015-11-01T00:00:00,ATL @ CHA,W,21.2,2.0,0.0,2.0,4.0,10.0,0.0,9.0,16.0,0.0,2.0,2.0,2.0,16.1,1,1,1,1,14895,6026,10158,4675,8599,17370,1,18829,15259,8004,23588,11390,7786,14515,1.0,21:11,2015,2016
2015-16,203114,Khris Middleton,Khris,1610612749,MIL,Milwaukee Bucks,21500042,2015-11-01T00:00:00,MIL @ TOR,L,29.2,2.0,0.0,0.0,6.0,15.0,13.0,6.0,40.0,0.0,0.0,5.0,2.0,8.4,1,13074,13074,13074,8196,6026,10158,9917,5299,23079,23668,13388,983,8004,1,24686,7786,20273,1.0,29:13,2015,2016
2015-16,201166,Aaron Brooks,Aaron,1610612741,CHI,Chicago Bulls,21500043,2015-11-01T00:00:00,CHI vs. ORL,W,15.7,2.0,0.0,0.0,4.0,2.0,5.0,3.0,6.0,1.0,0.0,4.0,0.0,16.1,1,1,1,1,19279,6026,10158,9917,8599,2619,11469,7328,22724,2692,1,22104,18762,14515,1.0,15:41,2015,2016
2015-16,1626156,D'Angelo Russell,D'Angelo,1610612747,LAL,Los Angeles Lakers,21500045,2015-11-01T00:00:00,LAL vs. DAL,L,27.4,0.0,0.0,0.0,0.0,8.0,13.0,2.0,18.0,1.0,0.0,0.0,0.0,20.1,1,13074,13074,13074,9720,12059,10158,9917,18861,13914,23668,4025,13577,2692,1,1,18762,11685,1.0,27:22,2015,2016
2015-16,201942,DeMar DeRozan,DeMar,1610612761,TOR,Toronto Raptors,21500042,2015-11-01T00:00:00,TOR vs. MIL,W,37.3,0.0,0.0,0.0,10.0,10.0,6.0,11.0,36.0,1.0,2.0,1.0,4.0,26.2,1,1,1,1,1897,12059,10158,9917,1840,17370,13237,21342,1943,2692,23588,4972,2748,7785,1.0,37:17,2015,2016
2015-16,201228,C.J. Watson,C.J.,1610612753,ORL,Orlando Magic,21500043,2015-11-01T00:00:00,ORL @ CHI,L,13.9,0.0,3.0,0.0,0.0,4.0,2.0,0.0,10.0,0.0,0.0,0.0,2.0,11.6,1,13074,13074,13074,20466,12059,3104,9917,18861,6141,3734,1,20209,8004,1,1,7786,17970,1.0,13:54,2015,2016
2015-16,2449,Luis Scola,Luis,1610612761,TOR,Toronto Raptors,21500042,2015-11-01T00:00:00,TOR vs. MIL,W,21.5,2.0,3.0,2.0,6.0,6.0,4.0,8.0,26.0,1.0,0.0,2.0,1.0,19.9,1,1,1,1,14601,6026,3104,4675,5299,10028,8458,17194,7214,2692,1,11390,12373,11824,1.0,21:29,2015,2016
2015-16,2744,Al Jefferson,Al,1610612766,CHA,Charlotte Hornets,21500039,2015-11-01T00:00:00,CHA vs. ATL,L,29.4,2.0,0.0,2.0,10.0,6.0,8.0,4.0,28.0,2.0,2.0,1.0,1.0,31.0,1,13074,13074,13074,8069,6026,10158,4675,1840,10028,17345,8806,5824,932,23588,4972,12373,5406,1.0,29:24,2015,2016
2015-16,202696,Nikola Vučević,Nikola,1610612753,ORL,Orlando Magic,21500043,2015-11-01T00:00:00,ORL @ CHI,L,34.5,0.0,2.0,0.0,6.0,12.0,9.0,2.0,24.0,3.0,0.0,1.0,3.0,42.7,1,13074,13074,13074,3944,12059,4731,9917,5299,20178,19144,4025,8723,347,1,4972,4736,1800,1.0,34:30,2015,2016
2015-16,200768,Kyle Lowry,Kyle,1610612761,TOR,Toronto Raptors,21500042,2015-11-01T00:00:00,TOR vs. MIL,W,29.3,4.0,2.0,2.0,6.0,9.0,2.0,8.0,26.0,0.0,0.0,3.0,3.0,42.5,1,1,1,1,8119,2460,4731,4675,5299,15771,3734,17194,7214,8004,1,17641,4736,1841,1.0,29:19,2015,2016
2015-16,203527,Ryan Kelly,Ryan,1610612747,LAL,Los Angeles Lakers,21500045,2015-11-01T00:00:00,LAL vs. DAL,L,14.4,0.0,0.0,0.0,0.0,4.0,2.0,3.0,20.0,1.0,1.0,0.0,1.0,12.3,1,13074,13074,13074,20176,12059,10158,9917,18861,6141,3734,7328,11929,2692,17214,1,12373,17524,1.0,14:23,2015,2016
2015-16,101150,Lou Williams,Lou,1610612747,LAL,Los Angeles Lakers,21500045,2015-11-01T00:00:00,LAL vs. DAL,L,26.9,0.0,0.0,2.0,2.0,7.0,6.0,6.0,24.0,0.0,1.0,3.0,2.0,15.7,1,13074,13074,13074,10120,12059,10158,4675,12984,12242,13237,13388,8723,8004,17214,17641,7786,14841,1.0,26:53,2015,2016
2015-16,203999,Nikola Jokić,Nikola,1610612743,DEN,Denver Nuggets,21500044,2015-11-01T00:00:00,DEN @ OKC,L,24.4,2.0,2.0,0.0,8.0,0.0,2.0,3.0,16.0,0.0,2.0,2.0,3.0,11.8,1,13074,13074,13074,12177,6026,4731,9917,3109,1,3734,7328,15259,8004,23588,11390,4736,17832,1.0,24:26,2015,2016
2015-16,201566,Russell Westbrook,Russell,1610612760,OKC,Oklahoma City Thunder,21500044,2015-11-01T00:00:00,OKC vs. DEN,W,25.4,6.0,4.0,6.0,12.0,12.0,9.0,3.0,22.0,0.0,0.0,0.0,0.0,42.8,1,1,1,1,11346,878,1596,740,988,20178,19144,7328,10265,8004,1,1,18762,1776,1.0,25:26,2015,2016
2015-16,2772,Trevor Ariza,Trevor,1610612745,HOU,Houston Rockets,21500041,2015-11-01T00:00:00,HOU @ MIA,L,40.8,0.0,0.0,0.0,0.0,16.0,13.0,10.0,52.0,0.0,1.0,2.0,1.0,30.4,1,13074,13074,13074,531,12059,10158,9917,18861,23774,23668,20169,59,8004,17214,11390,12373,5661,1.0,40:47,2015,2016
2015-16,201935,James Harden,James,1610612745,HOU,Houston Rockets,21500041,2015-11-01T00:00:00,HOU @ MIA,L,39.1,3.0,0.0,2.0,4.0,22.0,17.0,16.0,56.0,1.0,2.0,2.0,9.0,40.7,1,13074,13074,13074,1033,4307,10158,4675,8599,25683,25429,24641,21,2692,23588,11390,138,2199,1.0,39:06,2015,2016
2015-16,202335,Patrick Patterson,Patrick,1610612761,TOR,Toronto Raptors,21500042,2015-11-01T00:00:00,TOR vs. MIL,W,24.2,0.0,2.0,0.0,4.0,9.0,2.0,5.0,18.0,0.0,1.0,2.0,1.0,20.1,1,1,1,1,12423,12059,4731,9917,8599,15771,3734,11593,13577,8004,17214,11390,12373,11685,1.0,24:09,2015,2016
2015-16,204020,Tyler Johnson,Tyler,1610612748,MIA,Miami Heat,21500041,2015-11-01T00:00:00,MIA vs. HOU,W,21.2,4.0,6.0,2.0,8.0,2.0,2.0,0.0,10.0,1.0,0.0,0.0,1.0,31.1,1,1,1,1,14879,2460,481,4675,3109,2619,3734,1,20209,2692,1,1,12373,5354,1.0,21:12,2015,2016
2015-16,203487,Michael Carter-Williams,Michael,1610612749,MIL,Milwaukee Bucks,21500042,2015-11-01T00:00:00,MIL @ TOR,L,32.7,2.0,0.0,2.0,2.0,14.0,17.0,7.0,42.0,0.0,1.0,2.0,3.0,30.5,1,13074,13074,13074,5384,6026,10158,4675,12984,22292,25429,15538,670,8004,17214,11390,4736,5620,1.0,32:39,2015,2016
2015-16,203079,Dion Waiters,Dion,1610612760,OKC,Oklahoma City Thunder,21500044,2015-11-01T00:00:00,OKC vs. DEN,W,23.9,0.0,0.0,0.0,0.0,14.0,5.0,9.0,16.0,0.0,0.0,0.0,2.0,20.2,1,1,1,1,12645,12059,10158,9917,18861,22292,11469,18829,15259,8004,1,1,7786,11610,1.0,23:55,2015,2016
2015-16,203095,Evan Fournier,Evan,1610612753,ORL,Orlando Magic,21500043,2015-11-01T00:00:00,ORL @ CHI,L,35.2,0.0,2.0,2.0,12.0,13.0,14.0,2.0,26.0,0.0,2.0,3.0,3.0,27.0,1,13074,13074,13074,3413,12059,4731,4675,988,21300,24300,4025,7214,8004,23588,17641,4736,7385,1.0,35:10,2015,2016
2015-16,202340,Avery Bradley,Avery,1610612738,BOS,Boston Celtics,21500040,2015-11-01T00:00:00,BOS vs. SAS,L,30.5,7.0,2.0,0.0,8.0,7.0,6.0,2.0,18.0,0.0,2.0,2.0,2.0,26.3,1,13074,13074,13074,7139,548,4731,9917,3109,12242,13237,4025,13577,8004,23588,11390,7786,7733,1.0,30:28,2015,2016
2015-16,203926,Doug McDermott,Doug,1610612741,CHI,Chicago Bulls,21500043,2015-11-01T00:00:00,CHI vs. ORL,W,18.0,5.0,3.0,0.0,2.0,5.0,7.0,3.0,8.0,0.0,2.0,2.0,0.0,12.2,1,1,1,1,17551,1603,3104,9917,12984,8403,15642,7328,21543,8004,23588,11390,18762,17566,1.0,17:57,2015,2016
2015-16,201585,Kosta Koufos,Kosta,1610612758,SAC,Sacramento Kings,21500038,2015-10-31T00:00:00,SAC @ LAC,L,29.2,0.0,2.0,0.0,4.0,8.0,11.0,6.0,34.0,1.0,0.0,6.0,0.0,15.4,1,13074,13074,13074,8206,12059,4731,9917,8599,13914,21814,13388,2701,2692,1,25827,18762,15066,1.0,29:13,2015,2016
2015-16,1626170,Jerian Grant,Jerian,1610612752,NYK,New York Knicks,21500034,2015-10-31T00:00:00,NYK @ WAS,W,21.2,2.0,3.0,2.0,2.0,13.0,8.0,8.0,18.0,0.0,2.0,3.0,2.0,15.4,1,1,1,1,14918,6026,3104,4675,12984,21300,17345,17194,13577,8004,23588,17641,7786,15066,1.0,21:10,2015,2016
2015-16,202324,Derrick Favors,Derrick,1610612762,UTA,Utah Jazz,21500033,2015-10-31T00:00:00,UTA @ IND,W,31.2,8.0,0.0,2.0,12.0,10.0,13.0,8.0,18.0,1.0,3.0,3.0,1.0,40.4,1,1,1,1,6567,308,10158,4675,988,17370,23668,17194,13577,2692,25441,17641,12373,2274,1.0,31:11,2015,2016
2015-16,201962,Toney Douglas,Toney,1610612740,NOP,New Orleans Pelicans,21500035,2015-10-31T00:00:00,NOP vs. GSW,L,22.8,0.0,2.0,0.0,8.0,13.0,1.0,20.0,22.0,0.0,1.0,3.0,1.0,26.6,1,13074,13074,13074,13515,12059,4731,9917,3109,21300,3393,25599,10265,8004,17214,17641,12373,7566,1.0,22:49,2015,2016
2015-16,101181,Jose Calderon,Jose,1610612752,NYK,New York Knicks,21500034,2015-10-31T00:00:00,NYK @ WAS,W,21.0,0.0,0.0,0.0,2.0,10.0,4.0,16.0,24.0,0.0,0.0,3.0,2.0,15.5,1,1,1,1,15021,12059,10158,9917,12984,17370,8458,24641,8723,8004,1,17641,7786,15004,1.0,21:02,2015,2016
2015-16,202330,Gordon Hayward,Gordon,1610612762,UTA,Utah Jazz,21500033,2015-10-31T00:00:00,UTA @ IND,W,28.3,2.0,0.0,0.0,4.0,10.0,13.0,11.0,14.0,0.0,0.0,4.0,4.0,15.5,1,1,1,1,9038,6026,10158,9917,8599,17370,23668,21342,17019,8004,1,22104,2748,15004,1.0,28:15,2015,2016
2015-16,201967,Dante Cunningham,Dante,1610612740,NOP,New Orleans Pelicans,21500035,2015-10-31T00:00:00,NOP vs. GSW,L,22.2,0.0,0.0,3.0,2.0,9.0,0.0,8.0,12.0,1.0,0.0,2.0,0.0,12.2,1,13074,13074,13074,14051,12059,10158,3302,12984,15771,1,17194,18637,2692,1,11390,18762,17566,1.0,22:09,2015,2016
2015-16,101162,Marcin Gortat,Marcin,1610612764,WAS,Washington Wizards,21500034,2015-10-31T00:00:00,WAS vs. NYK,L,25.6,1.0,0.0,0.0,2.0,16.0,12.0,5.0,14.0,0.0,3.0,5.0,5.0,15.5,1,13074,13074,13074,11252,11535,10158,9917,12984,23774,22832,11593,17019,8004,25441,24686,1539,15004,1.0,25:33,2015,2016
2015-16,201569,Eric Gordon,Eric,1610612740,NOP,New Orleans Pelicans,21500035,2015-10-31T00:00:00,NOP vs. GSW,L,24.5,0.0,3.0,2.0,4.0,6.0,0.0,9.0,18.0,0.0,1.0,5.0,2.0,19.8,1,13074,13074,13074,12138,12059,3104,4675,8599,10028,1,18829,13577,8004,17214,24686,7786,11883,1.0,24:29,2015,2016
2015-16,202337,Luke Babbitt,Luke,1610612740,NOP,New Orleans Pelicans,21500035,2015-10-31T00:00:00,NOP vs. GSW,L,30.5,0.0,0.0,0.0,0.0,22.0,1.0,18.0,28.0,0.0,0.0,2.0,1.0,11.7,1,13074,13074,13074,7117,12059,10158,9917,18861,25683,3393,25228,5824,8004,1,11390,12373,17903,1.0,30:29,2015,2016
2015-16,202322,John Wall,John,1610612764,WAS,Washington Wizards,21500034,2015-10-31T00:00:00,WAS vs. NYK,L,35.8,4.0,0.0,10.0,8.0,14.0,13.0,7.0,20.0,2.0,1.0,3.0,6.0,40.6,1,13074,13074,13074,2932,2460,10158,118,3109,22292,23668,15538,11929,932,17214,17641,873,2230,1.0,35:45,2015,2016
2015-16,203210,JaMychal Green,JaMychal,1610612763,MEM,Memphis Grizzlies,21500036,2015-10-31T00:00:00,MEM vs. BKN,W,11.3,0.0,0.0,0.0,2.0,2.0,2.0,0.0,8.0,1.0,0.0,2.0,1.0,11.6,1,1,1,1,21893,12059,10158,9917,12984,2619,3734,1,21543,2692,1,11390,12373,17970,1.0,11:20,2015,2016
2015-16,203081,Damian Lillard,Damian,1610612757,POR,Portland Trail Blazers,21500037,2015-10-31T00:00:00,POR vs. PHX,L,36.3,2.0,5.0,2.0,6.0,16.0,10.0,6.0,26.0,0.0,3.0,5.0,4.0,40.8,1,13074,13074,13074,2566,6026,995,4675,5299,23774,20509,13388,7214,8004,25441,24686,2748,2181,1.0,36:16,2015,2016
2015-16,202693,Markieff Morris,Markieff,1610612756,PHX,Phoenix Suns,21500037,2015-10-31T00:00:00,PHX @ POR,W,22.8,4.0,2.0,0.0,6.0,6.0,3.0,8.0,6.0,1.0,2.0,5.0,0.0,30.3,1,1,1,1,13534,2460,4731,9917,5299,10028,7138,17194,22724,2692,23588,24686,18762,5702,1.0,22:47,2015,2016
2015-16,202711,Bojan Bogdanović,Bojan,1610612751,BKN,Brooklyn Nets,21500036,2015-10-31T00:00:00,BKN @ MEM,L,33.8,0.0,4.0,0.0,12.0,6.0,12.0,6.0,28.0,0.0,0.0,3.0,4.0,26.4,1,13074,13074,13074,4521,12059,1596,9917,988,10028,22832,13388,5824,8004,1,17641,2748,7672,1.0,33:47,2015,2016
2015-16,202682,Derrick Williams,Derrick,1610612752,NYK,New York Knicks,21500034,2015-10-31T00:00:00,NYK @ WAS,W,15.4,2.0,1.0,1.0,0.0,8.0,4.0,5.0,12.0,0.0,0.0,2.0,2.0,11.7,1,1,1,1,19497,6026,9709,9347,18861,13914,8458,11593,18637,8004,1,11390,7786,17903,1.0,15:22,2015,2016
2015-16,201572,Brook Lopez,Brook,1610612751,BKN,Brooklyn Nets,21500036,2015-10-31T00:00:00,BKN @ MEM,L,28.3,0.0,2.0,2.0,8.0,6.0,4.0,9.0,22.0,1.0,0.0,3.0,6.0,27.0,1,13074,13074,13074,9005,12059,4731,4675,3109,10028,8458,18829,10265,2692,1,17641,873,7385,1.0,28:18,2015,2016
2015-16,2400,Drew Gooden,Drew,1610612764,WAS,Washington Wizards,21500034,2015-10-31T00:00:00,WAS vs. NYK,L,24.1,4.0,6.0,3.0,6.0,12.0,5.0,10.0,20.0,1.0,0.0,2.0,1.0,31.2,1,13074,13074,13074,12508,2460,481,3302,5299,20178,11469,20169,11929,2692,1,11390,12373,5304,1.0,24:03,2015,2016
2015-16,2733,Shaun Livingston,Shaun,1610612744,GSW,Golden State Warriors,21500035,2015-10-31T00:00:00,GSW @ NOP,W,21.8,0.0,0.0,0.0,0.0,8.0,12.0,0.0,22.0,0.0,0.0,2.0,1.0,11.7,1,1,1,1,14302,12059,10158,9917,18861,13914,22832,1,10265,8004,1,11390,12373,17903,1.0,21:50,2015,2016
2015-16,202326,DeMarcus Cousins,DeMarcus,1610612758,SAC,Sacramento Kings,21500038,2015-10-31T00:00:00,SAC @ LAC,L,15.3,2.0,4.0,2.0,8.0,7.0,3.0,5.0,16.0,0.0,1.0,3.0,2.0,26.3,1,13074,13074,13074,19545,6026,1596,4675,3109,12242,7138,11593,15259,8004,17214,17641,7786,7733,1.0,15:19,2015,2016
2015-16,202691,Klay Thompson,Klay,1610612744,GSW,Golden State Warriors,21500035,2015-10-31T00:00:00,GSW @ NOP,W,27.3,0.0,0.0,5.0,6.0,5.0,7.0,9.0,34.0,1.0,0.0,4.0,3.0,27.1,1,1,1,1,9750,12059,10158,1277,5299,8403,15642,18829,2701,2692,1,22104,4736,7339,1.0,27:20,2015,2016
2015-16,203090,Maurice Harkless,Maurice,1610612757,POR,Portland Trail Blazers,21500037,2015-10-31T00:00:00,POR vs. PHX,L,28.2,0.0,3.0,0.0,4.0,13.0,5.0,3.0,18.0,0.0,0.0,0.0,2.0,15.8,1,13074,13074,13074,9063,12059,3104,9917,8599,21300,11469,7328,13577,8004,1,1,7786,14754,1.0,28:13,2015,2016
2015-16,202498,Lance Thomas,Lance,1610612752,NYK,New York Knicks,21500034,2015-10-31T00:00:00,NYK @ WAS,W,26.1,0.0,0.0,0.0,8.0,14.0,10.0,13.0,28.0,0.0,0.0,2.0,2.0,15.7,1,1,1,1,10736,12059,10158,9917,3109,22292,20509,23048,5824,8004,1,11390,7786,14841,1.0,26:08,2015,2016
2015-16,1626167,Myles Turner,Myles,1610612754,IND,Indiana Pacers,21500033,2015-10-31T00:00:00,IND vs. UTA,L,22.7,4.0,2.0,2.0,4.0,14.0,8.0,4.0,26.0,1.0,0.0,1.0,1.0,16.8,1,13074,13074,13074,13622,2460,4731,4675,8599,22292,17345,8806,7214,2692,1,4972,12373,13996,1.0,22:41,2015,2016
2015-16,101108,Chris Paul,Chris,1610612746,LAC,LA Clippers,21500038,2015-10-31T00:00:00,LAC vs. SAC,W,38.5,1.0,3.0,3.0,4.0,19.0,16.0,7.0,44.0,0.0,0.0,2.0,8.0,38.7,1,1,1,1,1289,11535,3104,3302,8599,25074,25155,15538,454,8004,1,11390,254,2717,1.0,38:28,2015,2016
2015-16,201144,Mike Conley,Mike,1610612763,MEM,Memphis Grizzlies,21500036,2015-10-31T00:00:00,MEM vs. BKN,W,32.4,4.0,0.0,4.0,6.0,6.0,6.0,6.0,40.0,0.0,0.0,0.0,3.0,38.4,1,1,1,1,5552,2460,10158,1913,5299,10028,13237,13388,983,8004,1,1,4736,2802,1.0,32:26,2015,2016
2015-16,203497,Rudy Gobert,Rudy,1610612762,UTA,Utah Jazz,21500033,2015-10-31T00:00:00,UTA @ IND,W,31.2,4.0,5.0,2.0,6.0,10.0,13.0,9.0,16.0,3.0,1.0,2.0,4.0,39.4,1,1,1,1,6527,2460,995,4675,5299,17370,23668,18829,15259,347,17214,11390,2748,2530,1.0,31:14,2015,2016
2015-16,201584,Courtney Lee,Courtney,1610612763,MEM,Memphis Grizzlies,21500036,2015-10-31T00:00:00,MEM vs. BKN,W,33.6,0.0,0.0,0.0,6.0,6.0,6.0,8.0,46.0,0.0,0.0,0.0,3.0,22.7,1,1,1,1,4643,12059,10158,9917,5299,10028,13237,17194,298,8004,1,1,4736,9938,1.0,33:38,2015,2016
2015-16,202334,Ed Davis,Ed,1610612757,POR,Portland Trail Blazers,21500037,2015-10-31T00:00:00,POR vs. PHX,L,21.2,0.0,1.0,0.0,0.0,9.0,2.0,4.0,14.0,2.0,0.0,1.0,3.0,22.2,1,13074,13074,13074,14897,12059,9709,9917,18861,15771,3734,8806,17019,932,1,4972,4736,10263,1.0,21:11,2015,2016
2015-16,2207,Joe Johnson,Joe,1610612751,BKN,Brooklyn Nets,21500036,2015-10-31T00:00:00,BKN @ MEM,L,32.4,0.0,0.0,0.0,4.0,6.0,6.0,9.0,28.0,0.0,0.0,1.0,2.0,16.9,1,13074,13074,13074,5595,12059,10158,9917,8599,10028,13237,18829,5824,8004,1,4972,7786,13911,1.0,32:22,2015,2016
2015-16,203486,Mason Plumlee,Mason,1610612757,POR,Portland Trail Blazers,21500037,2015-10-31T00:00:00,POR vs. PHX,L,26.8,2.0,0.0,0.0,6.0,11.0,8.0,4.0,22.0,2.0,0.0,3.0,3.0,22.4,1,13074,13074,13074,10168,6026,10158,9917,5299,18886,17345,8806,10265,932,1,17641,4736,10131,1.0,26:49,2015,2016
2015-16,202362,Lance Stephenson,Lance,1610612746,LAC,LA Clippers,21500038,2015-10-31T00:00:00,LAC vs. SAC,W,24.3,2.0,1.0,0.0,6.0,7.0,11.0,3.0,30.0,0.0,0.0,3.0,1.0,13.4,1,1,1,1,12330,6026,9709,9917,5299,12242,21814,7328,4541,8004,1,17641,12373,16614,1.0,24:17,2015,2016
2015-16,201582,Alexis Ajinca,Alexis,1610612740,NOP,New Orleans Pelicans,21500035,2015-10-31T00:00:00,NOP vs. GSW,L,6.2,0.0,4.0,0.0,6.0,2.0,0.0,7.0,8.0,0.0,0.0,0.0,1.0,17.5,1,13074,13074,13074,23898,12059,1596,9917,5299,2619,1,15538,21543,8004,1,1,12373,13528,1.0,6:09,2015,2016
2015-16,1626161,Willie Cauley-Stein,Willie,1610612758,SAC,Sacramento Kings,21500038,2015-10-31T00:00:00,SAC @ LAC,L,22.8,0.0,5.0,0.0,6.0,11.0,5.0,2.0,24.0,1.0,0.0,5.0,3.0,28.8,1,13074,13074,13074,13527,12059,995,9917,5299,18886,11469,4025,8723,2692,1,24686,4736,6465,1.0,22:48,2015,2016
2015-16,201152,Thaddeus Young,Thaddeus,1610612751,BKN,Brooklyn Nets,21500036,2015-10-31T00:00:00,BKN @ MEM,L,31.7,2.0,0.0,4.0,10.0,6.0,8.0,9.0,28.0,1.0,0.0,4.0,2.0,31.8,1,13074,13074,13074,6127,6026,10158,1913,1840,10028,17345,18829,5824,2692,1,22104,7786,5041,1.0,31:44,2015,2016
2015-16,2199,Tyson Chandler,Tyson,1610612756,PHX,Phoenix Suns,21500037,2015-10-31T00:00:00,PHX @ POR,W,32.5,0.0,1.0,2.0,4.0,6.0,8.0,8.0,20.0,2.0,1.0,4.0,2.0,28.7,1,1,1,1,5503,12059,9709,4675,8599,10028,17345,17194,11929,932,17214,22104,7786,6514,1.0,32:30,2015,2016
2015-16,203076,Anthony Davis,Anthony,1610612740,NOP,New Orleans Pelicans,21500035,2015-10-31T00:00:00,NOP vs. GSW,L,37.2,3.0,6.0,0.0,10.0,19.0,1.0,17.0,26.0,2.0,1.0,2.0,9.0,53.0,1,13074,13074,13074,1973,4307,481,9917,1840,25074,3393,24967,7214,932,17214,11390,138,521,1.0,37:11,2015,2016
2015-16,2738,Andre Iguodala,Andre,1610612744,GSW,Golden State Warriors,21500035,2015-10-31T00:00:00,GSW @ NOP,W,29.5,4.0,1.0,4.0,4.0,9.0,16.0,5.0,30.0,0.0,0.0,3.0,1.0,23.9,1,1,1,1,7975,2460,9709,1913,8599,15771,25155,11593,4541,8004,1,17641,12373,9184,1.0,29:30,2015,2016
2015-16,200765,Rajon Rondo,Rajon,1610612758,SAC,Sacramento Kings,21500038,2015-10-31T00:00:00,SAC @ LAC,L,33.0,6.0,1.0,1.0,8.0,9.0,8.0,2.0,38.0,0.0,0.0,5.0,5.0,44.0,1,13074,13074,13074,5127,878,9709,9347,3109,15771,17345,4025,1422,8004,1,24686,1539,1559,1.0,33:00,2015,2016
2015-16,201583,Ryan Anderson,Ryan,1610612740,NOP,New Orleans Pelicans,21500035,2015-10-31T00:00:00,NOP vs. GSW,L,30.0,6.0,2.0,0.0,8.0,15.0,1.0,16.0,26.0,1.0,0.0,0.0,2.0,29.4,1,13074,13074,13074,7525,878,4731,9917,3109,23079,3393,24641,7214,2692,1,1,7786,6143,1.0,30:01,2015,2016
2015-16,101127,Jarrett Jack,Jarrett,1610612751,BKN,Brooklyn Nets,21500036,2015-10-31T00:00:00,BKN @ MEM,L,35.4,0.0,0.0,2.0,10.0,8.0,10.0,9.0,30.0,0.0,1.0,3.0,1.0,30.1,1,13074,13074,13074,3249,12059,10158,4675,1840,13914,20509,18829,4541,8004,17214,17641,12373,5794,1.0,35:22,2015,2016
2015-16,202688,Brandon Knight,Brandon,1610612756,PHX,Phoenix Suns,21500037,2015-10-31T00:00:00,PHX @ POR,W,34.5,4.0,0.0,1.0,4.0,10.0,9.0,15.0,20.0,1.0,0.0,2.0,4.0,47.5,1,1,1,1,3961,2460,10158,9347,8599,17370,19144,24242,11929,2692,1,11390,2748,1015,1.0,34:29,2015,2016
2015-16,201588,George Hill,George,1610612754,IND,Indiana Pacers,21500033,2015-10-31T00:00:00,IND vs. UTA,L,37.4,2.0,2.0,2.0,2.0,20.0,11.0,6.0,38.0,0.0,0.0,3.0,5.0,24.7,1,13074,13074,13074,1855,6026,4731,4675,12984,25338,21814,13388,1422,8004,1,17641,1539,8673,1.0,37:22,2015,2016
2015-16,201950,Jrue Holiday,Jrue,1610612740,NOP,New Orleans Pelicans,21500035,2015-10-31T00:00:00,NOP vs. GSW,L,26.8,2.0,2.0,4.0,12.0,13.0,0.0,9.0,16.0,0.0,1.0,4.0,7.0,29.4,1,13074,13074,13074,10237,6026,4731,1913,988,21300,1,18829,15259,8004,17214,22104,469,6143,1.0,26:45,2015,2016
2015-16,202329,Al-Farouq Aminu,Al-Farouq,1610612757,POR,Portland Trail Blazers,21500037,2015-10-31T00:00:00,POR vs. PHX,L,33.7,2.0,0.0,2.0,2.0,16.0,8.0,6.0,26.0,0.0,1.0,2.0,3.0,29.9,1,13074,13074,13074,4569,6026,10158,4675,12984,23774,17345,13388,7214,8004,17214,11390,4736,5884,1.0,33:44,2015,2016
2015-16,203078,Bradley Beal,Bradley,1610612764,WAS,Washington Wizards,21500034,2015-10-31T00:00:00,WAS vs. NYK,L,37.2,6.0,0.0,4.0,10.0,14.0,13.0,4.0,20.0,0.0,0.0,4.0,4.0,35.8,1,13074,13074,13074,1961,878,10158,1913,1840,22292,23668,8806,11929,8004,1,22104,2748,3541,1.0,37:13,2015,2016
2015-16,203468,CJ McCollum,CJ,1610612757,POR,Portland Trail Blazers,21500037,2015-10-31T00:00:00,POR vs. PHX,L,34.3,0.0,2.0,4.0,8.0,13.0,5.0,6.0,26.0,0.0,1.0,2.0,1.0,29.0,1,13074,13074,13074,4106,12059,4731,1913,3109,21300,11469,13388,7214,8004,17214,11390,12373,6346,1.0,34:17,2015,2016
2015-16,2546,Carmelo Anthony,Carmelo,1610612752,NYK,New York Knicks,21500034,2015-10-31T00:00:00,NYK @ WAS,W,35.8,6.0,2.0,0.0,0.0,15.0,8.0,25.0,34.0,1.0,0.0,3.0,10.0,52.4,1,1,1,1,2932,878,4731,9917,18861,23079,17345,25980,2701,2692,1,17641,76,549,1.0,35:45,2015,2016
2015-16,101145,Monta Ellis,Monta,1610612754,IND,Indiana Pacers,21500033,2015-10-31T00:00:00,IND vs. UTA,L,32.1,4.0,2.0,2.0,2.0,18.0,11.0,6.0,36.0,2.0,1.0,1.0,3.0,29.3,1,13074,13074,13074,5811,2460,4731,4675,12984,24749,21814,13388,1943,932,17214,4972,4736,6202,1.0,32:05,2015,2016
2015-16,2216,Zach Randolph,Zach,1610612763,MEM,Memphis Grizzlies,21500036,2015-10-31T00:00:00,MEM vs. BKN,W,29.6,2.0,6.0,0.0,8.0,6.0,6.0,6.0,42.0,0.0,1.0,2.0,2.0,29.1,1,1,1,1,7862,6026,481,9917,3109,10028,13237,13388,670,8004,17214,11390,7786,6285,1.0,29:38,2015,2016
2015-16,200755,JJ Redick,JJ,1610612746,LAC,LA Clippers,21500038,2015-10-31T00:00:00,LAC vs. SAC,W,32.7,3.0,2.0,0.0,6.0,19.0,14.0,7.0,38.0,1.0,0.0,4.0,2.0,29.0,1,1,1,1,5348,4307,4731,9917,5299,25074,24300,15538,1422,2692,1,22104,7786,6346,1.0,32:41,2015,2016
2015-16,202339,Eric Bledsoe,Eric,1610612756,PHX,Phoenix Suns,21500037,2015-10-31T00:00:00,PHX @ POR,W,38.4,6.0,5.0,3.0,12.0,8.0,8.0,10.0,22.0,2.0,1.0,1.0,10.0,61.6,1,1,1,1,1328,878,995,3302,988,13914,17345,20169,10265,932,17214,4972,76,159,1.0,38:23,2015,2016
2015-16,201939,Stephen Curry,Stephen,1610612744,GSW,Golden State Warriors,21500035,2015-10-31T00:00:00,GSW @ NOP,W,35.6,9.0,0.0,7.0,10.0,3.0,15.0,9.0,40.0,0.0,0.0,3.0,7.0,81.3,1,1,1,1,3031,171,10158,454,1840,5109,24781,18829,983,8004,1,17641,469,5,1.0,35:38,2015,2016
2015-16,201599,DeAndre Jordan,DeAndre,1610612746,LAC,LA Clippers,21500038,2015-10-31T00:00:00,LAC vs. SAC,W,35.7,3.0,2.0,0.0,10.0,17.0,13.0,7.0,38.0,7.0,0.0,1.0,8.0,61.1,1,1,1,1,2988,4307,4731,9917,1840,24337,23668,15538,1422,8,1,4972,254,179,1.0,35:41,2015,2016
2015-16,200752,Rudy Gay,Rudy,1610612758,SAC,Sacramento Kings,21500038,2015-10-31T00:00:00,SAC @ LAC,L,31.0,7.0,2.0,2.0,8.0,11.0,11.0,3.0,40.0,0.0,2.0,4.0,3.0,36.8,1,13074,13074,13074,6684,548,4731,4675,3109,18886,21814,7328,983,8004,23588,22104,4736,3241,1.0,31:03,2015,2016
2015-16,201933,Blake Griffin,Blake,1610612746,LAC,LA Clippers,21500038,2015-10-31T00:00:00,LAC vs. SAC,W,36.2,3.0,6.0,5.0,22.0,19.0,16.0,7.0,38.0,0.0,1.0,4.0,10.0,59.8,1,1,1,1,2593,4307,481,1277,25,25074,25155,15538,1422,8004,17214,22104,76,219,1.0,36:14,2015,2016
2015-16,203110,Draymond Green,Draymond,1610612744,GSW,Golden State Warriors,21500035,2015-10-31T00:00:00,GSW @ NOP,W,37.2,2.0,0.0,3.0,6.0,7.0,15.0,9.0,42.0,1.0,1.0,4.0,3.0,37.2,1,1,1,1,1973,6026,10158,3302,5299,12242,24781,18829,670,2692,17214,22104,4736,3130,1.0,37:11,2015,2016
2015-16,201578,Marreese Speights,Marreese,1610612744,GSW,Golden State Warriors,21500035,2015-10-31T00:00:00,GSW @ NOP,W,14.5,0.0,0.0,0.0,0.0,6.0,6.0,0.0,16.0,1.0,0.0,1.0,2.0,10.2,1,1,1,1,20109,12059,10158,9917,18861,10028,13237,1,15259,2692,1,4972,7786,19003,1.0,14:29,2015,2016
2015-16,201954,Darren Collison,Darren,1610612758,SAC,Sacramento Kings,21500038,2015-10-31T00:00:00,SAC @ LAC,L,35.0,6.0,0.0,2.0,8.0,9.0,12.0,6.0,42.0,0.0,5.0,4.0,3.0,25.6,1,13074,13074,13074,3534,878,10158,4675,3109,15771,22832,13388,670,8004,26042,22104,4736,8157,1.0,35:00,2015,2016
2015-16,204001,Kristaps Porziņģis,Kristaps,1610612752,NYK,New York Knicks,21500034,2015-10-31T00:00:00,NYK @ WAS,W,21.0,0.0,2.0,0.0,2.0,11.0,2.0,13.0,20.0,0.0,0.0,4.0,2.0,14.2,1,1,1,1,15021,12059,4731,9917,12984,18886,3734,23048,11929,8004,1,22104,7786,16003,1.0,21:02,2015,2016
2015-16,203504,Trey Burke,Trey,1610612762,UTA,Utah Jazz,21500033,2015-10-31T00:00:00,UTA @ IND,W,21.5,4.0,0.0,0.0,8.0,8.0,7.0,7.0,18.0,0.0,1.0,3.0,2.0,26.1,1,1,1,1,14643,2460,10158,9917,3109,13914,15642,15538,13577,8004,17214,17641,7786,7836,1.0,21:27,2015,2016
2015-16,202344,Trevor Booker,Trevor,1610612762,UTA,Utah Jazz,21500033,2015-10-31T00:00:00,UTA @ IND,W,27.7,2.0,2.0,2.0,4.0,12.0,7.0,7.0,16.0,0.0,1.0,3.0,0.0,10.0,1,1,1,1,9441,6026,4731,4675,8599,20178,15642,15538,15259,8004,17214,17641,18762,19178,1.0,27:43,2015,2016
2015-16,2743,Kris Humphries,Kris,1610612764,WAS,Washington Wizards,21500034,2015-10-31T00:00:00,WAS vs. NYK,L,14.6,0.0,2.0,0.0,0.0,5.0,4.0,0.0,4.0,0.0,0.0,2.0,1.0,10.1,1,13074,13074,13074,20060,12059,4731,9917,18861,8403,8458,1,23698,8004,1,11390,12373,19105,1.0,14:34,2015,2016
2015-16,201145,Jeff Green,Jeff,1610612763,MEM,Memphis Grizzlies,21500036,2015-10-31T00:00:00,MEM vs. BKN,W,27.0,0.0,2.0,5.0,0.0,2.0,4.0,2.0,24.0,0.0,0.0,3.0,7.0,25.3,1,1,1,1,10015,12059,4731,1277,18861,2619,8458,4025,8723,8004,1,17641,469,8340,1.0,27:00,2015,2016
2015-16,201577,Robin Lopez,Robin,1610612752,NYK,New York Knicks,21500034,2015-10-31T00:00:00,NYK @ WAS,W,30.9,2.0,4.0,0.0,6.0,9.0,2.0,21.0,24.0,2.0,0.0,4.0,3.0,25.1,1,1,1,1,6792,6026,1596,9917,5299,15771,3734,25725,8723,932,1,22104,4736,8429,1.0,30:55,2015,2016
2015-16,101179,Ronnie Price,Ronnie,1610612756,PHX,Phoenix Suns,21500037,2015-10-31T00:00:00,PHX @ POR,W,16.9,2.0,0.0,0.0,4.0,0.0,3.0,3.0,14.0,0.0,0.0,0.0,1.0,9.7,1,1,1,1,18319,6026,10158,9917,8599,1,7138,7328,17019,8004,1,1,12373,19379,1.0,16:56,2015,2016
2015-16,201575,Brandon Rush,Brandon,1610612744,GSW,Golden State Warriors,21500035,2015-10-31T00:00:00,GSW @ NOP,W,10.9,5.0,0.0,0.0,0.0,4.0,2.0,0.0,14.0,0.0,0.0,0.0,0.0,14.3,1,1,1,1,22091,1603,10158,9917,18861,6141,3734,1,17019,8004,1,1,18762,15948,1.0,10:51,2015,2016
2015-16,201956,Omri Casspi,Omri,1610612758,SAC,Sacramento Kings,21500038,2015-10-31T00:00:00,SAC @ LAC,L,21.4,5.0,4.0,0.0,6.0,5.0,1.0,0.0,14.0,0.0,0.0,2.0,1.0,14.8,1,13074,13074,13074,14702,1603,1596,9917,5299,8403,3393,1,17019,8004,1,11390,12373,15561,1.0,21:23,2015,2016
2015-16,203490,Otto Porter Jr.,Otto,1610612764,WAS,Washington Wizards,21500034,2015-10-31T00:00:00,WAS vs. NYK,L,35.0,6.0,4.0,8.0,12.0,17.0,12.0,8.0,22.0,0.0,0.0,3.0,4.0,33.3,1,13074,13074,13074,3533,878,1596,280,988,24337,22832,17194,10265,8004,1,17641,2748,4423,1.0,35:01,2015,2016
2015-16,204060,Joe Ingles,Joe,1610612762,UTA,Utah Jazz,21500033,2015-10-31T00:00:00,UTA @ IND,W,19.3,3.0,0.0,0.0,0.0,6.0,7.0,2.0,16.0,0.0,0.0,1.0,2.0,19.6,1,1,1,1,16480,4307,10158,9917,18861,10028,15642,4025,15259,8004,1,4972,7786,12024,1.0,19:16,2015,2016
2015-16,2756,Sasha Vujacic,Sasha,1610612752,NYK,New York Knicks,21500034,2015-10-31T00:00:00,NYK @ WAS,W,26.2,2.0,2.0,2.0,2.0,9.0,4.0,19.0,24.0,0.0,0.0,2.0,2.0,19.2,1,1,1,1,10697,6026,4731,4675,12984,15771,8458,25435,8723,8004,1,11390,7786,12284,1.0,26:11,2015,2016
2015-16,2403,Nene,ene,1610612764,WAS,Washington Wizards,21500034,2015-10-31T00:00:00,WAS vs. NYK,L,18.1,0.0,0.0,0.0,4.0,3.0,2.0,5.0,12.0,0.0,0.0,6.0,4.0,14.9,1,13074,13074,13074,17451,12059,10158,9917,8599,5109,3734,11593,18637,8004,1,25827,2748,15463,1.0,18:06,2015,2016
2015-16,203124,Kyle O'Quinn,Kyle,1610612752,NYK,New York Knicks,21500034,2015-10-31T00:00:00,NYK @ WAS,W,14.8,2.0,0.0,0.0,4.0,12.0,10.0,7.0,20.0,1.0,0.0,4.0,2.0,14.9,1,1,1,1,19896,6026,10158,9917,8599,20178,20509,15538,11929,2692,1,22104,7786,15463,1.0,14:48,2015,2016
2015-16,203080,Thomas Robinson,Thomas,1610612751,BKN,Brooklyn Nets,21500036,2015-10-31T00:00:00,BKN @ MEM,L,15.1,2.0,2.0,0.0,8.0,4.0,8.0,2.0,12.0,1.0,0.0,1.0,2.0,23.4,1,13074,13074,13074,19705,6026,4731,9917,3109,6141,17345,4025,18637,2692,1,4972,7786,9501,1.0,15:05,2015,2016
2015-16,204038,Langston Galloway,Langston,1610612752,NYK,New York Knicks,21500034,2015-10-31T00:00:00,NYK @ WAS,W,27.6,3.0,0.0,5.0,4.0,14.0,8.0,13.0,26.0,1.0,1.0,3.0,5.0,33.4,1,1,1,1,9520,4307,10158,1277,8599,22292,17345,23048,7214,2692,17214,17641,1539,4384,1.0,27:37,2015,2016
2015-16,2754,Tony Allen,Tony,1610612763,MEM,Memphis Grizzlies,21500036,2015-10-31T00:00:00,MEM vs. BKN,W,28.8,0.0,0.0,0.0,6.0,6.0,6.0,6.0,40.0,0.0,0.0,4.0,0.0,23.4,1,1,1,1,8548,12059,10158,9917,5299,10028,13237,13388,983,8004,1,22104,18762,9501,1.0,28:48,2015,2016
2015-16,203918,Rodney Hood,Rodney,1610612762,UTA,Utah Jazz,21500033,2015-10-31T00:00:00,UTA @ IND,W,28.7,4.0,6.0,2.0,8.0,10.0,11.0,9.0,12.0,0.0,1.0,4.0,0.0,33.5,1,1,1,1,8624,2460,481,4675,3109,17370,21814,18829,18637,8004,17214,22104,18762,4348,1.0,28:43,2015,2016
2015-16,203459,Allen Crabbe,Allen,1610612757,POR,Portland Trail Blazers,21500037,2015-10-31T00:00:00,POR vs. PHX,L,17.0,4.0,0.0,4.0,2.0,8.0,5.0,4.0,16.0,0.0,0.0,5.0,1.0,10.0,1,13074,13074,13074,18273,2460,10158,1913,12984,13914,11469,8806,15259,8004,1,24686,12373,19178,1.0,17:00,2015,2016
2015-16,203105,Festus Ezeli,Festus,1610612744,GSW,Golden State Warriors,21500035,2015-10-31T00:00:00,GSW @ NOP,W,15.1,0.0,0.0,0.0,0.0,0.0,5.0,4.0,20.0,1.0,1.0,3.0,4.0,14.5,1,1,1,1,19706,12059,10158,9917,18861,1,11469,8806,11929,2692,17214,17641,2748,15799,1.0,15:04,2015,2016
2015-16,201155,Rodney Stuckey,Rodney,1610612754,IND,Indiana Pacers,21500033,2015-10-31T00:00:00,IND vs. UTA,L,22.7,0.0,0.0,0.0,2.0,14.0,8.0,4.0,26.0,0.0,0.0,1.0,0.0,9.9,1,13074,13074,13074,13622,12059,10158,9917,12984,22292,17345,8806,7214,8004,1,4972,18762,19247,1.0,22:41,2015,2016
2015-16,200782,P.J. Tucker,P.J.,1610612756,PHX,Phoenix Suns,21500037,2015-10-31T00:00:00,PHX @ POR,W,31.0,2.0,2.0,0.0,4.0,6.0,5.0,8.0,20.0,0.0,0.0,1.0,2.0,11.2,1,1,1,1,6727,6026,4731,9917,8599,10028,11469,17194,11929,8004,1,4972,7786,18267,1.0,30:59,2015,2016
2015-16,203499,Shane Larkin,Shane,1610612751,BKN,Brooklyn Nets,21500036,2015-10-31T00:00:00,BKN @ MEM,L,12.6,0.0,0.0,0.0,0.0,2.0,2.0,4.0,12.0,0.0,1.0,1.0,0.0,6.2,1,13074,13074,13074,21190,12059,10158,9917,18861,2619,3734,8806,18637,8004,17214,4972,18762,21696,1.0,12:38,2015,2016
2015-16,2037,Jamal Crawford,Jamal,1610612746,LAC,LA Clippers,21500038,2015-10-31T00:00:00,LAC vs. SAC,W,23.0,2.0,0.0,0.0,2.0,16.0,7.0,7.0,18.0,0.0,1.0,1.0,3.0,11.2,1,1,1,1,13396,6026,10158,9917,12984,23774,15642,15538,13577,8004,17214,4972,4736,18267,1.0,22:59,2015,2016
2015-16,201961,Wayne Ellington,Wayne,1610612751,BKN,Brooklyn Nets,21500036,2015-10-31T00:00:00,BKN @ MEM,L,8.7,0.0,0.0,0.0,0.0,2.0,0.0,2.0,8.0,0.0,0.0,0.0,0.0,6.0,1,13074,13074,13074,22956,12059,10158,9917,18861,2619,1,4025,21543,8004,1,1,18762,21878,1.0,8:43,2015,2016
2015-16,202325,Wesley Johnson,Wesley,1610612746,LAC,LA Clippers,21500038,2015-10-31T00:00:00,LAC vs. SAC,W,11.4,0.0,0.0,0.0,0.0,7.0,4.0,3.0,8.0,0.0,0.0,3.0,0.0,1.2,1,1,1,1,21875,12059,10158,9917,18861,12242,8458,7328,21543,8004,1,17641,18762,24661,1.0,11:24,2015,2016
2015-16,202390,Gary Neal,Gary,1610612764,WAS,Washington Wizards,21500034,2015-10-31T00:00:00,WAS vs. NYK,L,15.4,2.0,0.0,0.0,2.0,7.0,1.0,6.0,14.0,0.0,1.0,1.0,0.0,5.5,1,13074,13074,13074,19513,6026,10158,9917,12984,12242,3393,13388,17019,8004,17214,4972,18762,22196,1.0,15:21,2015,2016
2015-16,1626168,Trey Lyles,Trey,1610612762,UTA,Utah Jazz,21500033,2015-10-31T00:00:00,UTA @ IND,W,4.5,0.0,2.0,0.0,0.0,0.0,3.0,2.0,2.0,0.0,0.0,1.0,2.0,5.8,1,1,1,1,24540,12059,4731,9917,18861,1,7138,4025,24614,8004,1,4972,7786,22018,1.0,4:31,2015,2016
2015-16,203933,T.J. Warren,T.J.,1610612756,PHX,Phoenix Suns,21500037,2015-10-31T00:00:00,PHX @ POR,W,18.8,0.0,0.0,0.0,0.0,4.0,6.0,7.0,12.0,0.0,0.0,3.0,0.0,1.2,1,1,1,1,16895,12059,10158,9917,18861,6141,13237,15538,18637,8004,1,17641,18762,24661,1.0,18:46,2015,2016
2015-16,201148,Brandan Wright,Brandan,1610612763,MEM,Memphis Grizzlies,21500036,2015-10-31T00:00:00,MEM vs. BKN,W,16.4,0.0,2.0,0.0,6.0,4.0,2.0,4.0,16.0,0.0,0.0,0.0,0.0,11.0,1,1,1,1,18772,12059,4731,9917,5299,6141,3734,8806,15259,8004,1,1,18762,18430,1.0,16:21,2015,2016
2015-16,203943,Noah Vonleh,Noah,1610612757,POR,Portland Trail Blazers,21500037,2015-10-31T00:00:00,POR vs. PHX,L,6.5,0.0,0.0,0.0,0.0,4.0,0.0,2.0,6.0,0.0,0.0,0.0,0.0,6.3,1,13074,13074,13074,23754,12059,10158,9917,18861,6141,1,4025,22724,8004,1,1,18762,21682,1.0,6:29,2015,2016
2015-16,204025,Tim Frazier,Tim,1610612757,POR,Portland Trail Blazers,21500037,2015-10-31T00:00:00,POR vs. PHX,L,5.1,0.0,0.0,0.0,0.0,0.0,0.0,0.0,4.0,0.0,1.0,1.0,0.0,1.4,1,13074,13074,13074,24346,12059,10158,9917,18861,1,1,1,23698,8004,17214,4972,18762,24615,1.0,5:03,2015,2016
2015-16,101133,Ian Mahinmi,Ian,1610612754,IND,Indiana Pacers,21500033,2015-10-31T00:00:00,IND vs. UTA,L,23.4,0.0,4.0,0.0,6.0,12.0,7.0,4.0,24.0,2.0,2.0,5.0,0.0,18.0,1,13074,13074,13074,13052,12059,1596,9917,5299,20178,15642,8806,8723,932,23588,24686,18762,13164,1.0,23:23,2015,2016
2015-16,201196,Ramon Sessions,Ramon,1610612764,WAS,Washington Wizards,21500034,2015-10-31T00:00:00,WAS vs. NYK,L,12.3,0.0,0.0,3.0,2.0,5.0,1.0,3.0,10.0,0.0,0.0,1.0,3.0,12.9,1,13074,13074,13074,21410,12059,10158,3302,12984,8403,3393,7328,20209,8004,1,4972,4736,17049,1.0,12:15,2015,2016
2015-16,201158,Marco Belinelli,Marco,1610612758,SAC,Sacramento Kings,21500038,2015-10-31T00:00:00,SAC @ LAC,L,28.1,0.0,0.0,3.0,0.0,8.0,10.0,6.0,26.0,0.0,1.0,2.0,3.0,17.9,1,13074,13074,13074,9183,12059,10158,3302,18861,13914,20509,13388,7214,8004,17214,11390,4736,13229,1.0,28:04,2015,2016
2015-16,203900,Markel Brown,Markel,1610612751,BKN,Brooklyn Nets,21500036,2015-10-31T00:00:00,BKN @ MEM,L,14.2,2.0,0.0,0.0,0.0,4.0,0.0,7.0,14.0,0.0,0.0,2.0,0.0,3.0,1,13074,13074,13074,20269,6026,10158,9917,18861,6141,1,15538,17019,8004,1,11390,18762,23648,1.0,14:13,2015,2016
2015-16,202397,Ish Smith,Ish,1610612740,NOP,New Orleans Pelicans,21500035,2015-10-31T00:00:00,NOP vs. GSW,L,11.0,0.0,0.0,0.0,2.0,5.0,1.0,6.0,6.0,0.0,0.0,1.0,1.0,7.9,1,13074,13074,13074,22037,12059,10158,9917,12984,8403,3393,13388,22724,8004,1,4972,12373,20646,1.0,10:59,2015,2016
2015-16,2757,Beno Udrih,Beno,1610612763,MEM,Memphis Grizzlies,21500036,2015-10-31T00:00:00,MEM vs. BKN,W,15.3,0.0,0.0,0.0,2.0,2.0,2.0,2.0,16.0,1.0,0.0,0.0,1.0,17.9,1,1,1,1,19566,12059,10158,9917,12984,2619,3734,4025,15259,2692,1,1,12373,13229,1.0,15:18,2015,2016
2015-16,2440,Matt Barnes,Matt,1610612763,MEM,Memphis Grizzlies,21500036,2015-10-31T00:00:00,MEM vs. BKN,W,15.7,2.0,2.0,2.0,4.0,2.0,2.0,0.0,10.0,0.0,0.0,4.0,0.0,8.2,1,1,1,1,19290,6026,4731,4675,8599,2619,3734,1,20209,8004,1,22104,18762,20416,1.0,15:41,2015,2016
2015-16,203458,Alex Len,Alex,1610612756,PHX,Phoenix Suns,21500037,2015-10-31T00:00:00,PHX @ POR,W,13.0,0.0,0.0,0.0,0.0,2.0,3.0,5.0,10.0,0.0,1.0,2.0,0.0,7.8,1,1,1,1,20962,12059,10158,9917,18861,2619,7138,11593,20209,8004,17214,11390,18762,20696,1.0,13:01,2015,2016
2015-16,202720,Jon Leuer,Jon,1610612756,PHX,Phoenix Suns,21500037,2015-10-31T00:00:00,PHX @ POR,W,21.9,2.0,0.0,2.0,2.0,6.0,8.0,9.0,22.0,0.0,0.0,2.0,0.0,18.1,1,1,1,1,14269,6026,10158,4675,12984,10028,17345,18829,10265,8004,1,11390,18762,13090,1.0,21:54,2015,2016
2015-16,101139,CJ Miles,CJ,1610612754,IND,Indiana Pacers,21500033,2015-10-31T00:00:00,IND vs. UTA,L,26.4,0.0,0.0,1.0,0.0,12.0,9.0,4.0,26.0,1.0,1.0,2.0,3.0,18.4,1,13074,13074,13074,10552,12059,10158,9347,18861,20178,19144,8806,7214,2692,17214,11390,4736,12854,1.0,26:22,2015,2016
2015-16,201188,Marc Gasol,Marc,1610612763,MEM,Memphis Grizzlies,21500036,2015-10-31T00:00:00,MEM vs. BKN,W,29.8,2.0,0.0,2.0,2.0,4.0,4.0,6.0,38.0,0.0,2.0,4.0,5.0,17.8,1,1,1,1,7691,6026,10158,4675,12984,6141,8458,13388,1422,8004,23588,22104,1539,13309,1.0,29:50,2015,2016
2015-16,203526,Raul Neto,Raul,1610612762,UTA,Utah Jazz,21500033,2015-10-31T00:00:00,UTA @ IND,W,19.8,0.0,0.0,0.0,0.0,8.0,4.0,6.0,4.0,0.0,0.0,1.0,2.0,2.4,1,1,1,1,16100,12059,10158,9917,18861,13914,8458,13388,23698,8004,1,4972,7786,24024,1.0,19:46,2015,2016
2015-16,201978,Chase Budinger,Chase,1610612754,IND,Indiana Pacers,21500033,2015-10-31T00:00:00,IND vs. UTA,L,14.4,0.0,3.0,0.0,0.0,10.0,2.0,1.0,12.0,0.0,0.0,1.0,2.0,8.1,1,13074,13074,13074,20183,12059,3104,9917,18861,17370,3734,3646,18637,8004,1,4972,7786,20521,1.0,14:23,2015,2016
2015-16,203084,Harrison Barnes,Harrison,1610612744,GSW,Golden State Warriors,21500035,2015-10-31T00:00:00,GSW @ NOP,W,32.2,2.0,0.0,0.0,4.0,7.0,13.0,9.0,38.0,0.0,2.0,2.0,1.0,21.4,1,1,1,1,5704,6026,10158,9917,8599,12242,23668,18829,1422,8004,23588,11390,12373,10807,1.0,32:14,2015,2016
2015-16,202692,Alec Burks,Alec,1610612762,UTA,Utah Jazz,21500033,2015-10-31T00:00:00,UTA @ IND,W,20.6,2.0,0.0,0.0,8.0,6.0,8.0,4.0,12.0,0.0,0.0,1.0,1.0,13.2,1,1,1,1,15436,6026,10158,9917,3109,10028,17345,8806,18637,8004,1,4972,12373,16768,1.0,20:33,2015,2016
2015-16,202331,Paul George,Paul,1610612754,IND,Indiana Pacers,21500033,2015-10-31T00:00:00,IND vs. UTA,L,33.6,6.0,2.0,6.0,8.0,20.0,13.0,8.0,38.0,0.0,0.0,3.0,9.0,21.1,1,13074,13074,13074,4655,878,4731,740,3109,25338,23668,17194,1422,8004,1,17641,138,11012,1.0,33:37,2015,2016
2015-16,203086,Meyers Leonard,Meyers,1610612757,POR,Portland Trail Blazers,21500037,2015-10-31T00:00:00,POR vs. PHX,L,31.0,0.0,0.0,3.0,2.0,10.0,7.0,5.0,22.0,1.0,0.0,1.0,3.0,16.2,1,13074,13074,13074,6753,12059,10158,3302,12984,17370,15642,11593,10265,2692,1,4972,4736,14436,1.0,30:58,2015,2016
2015-16,2571,Leandro Barbosa,Leandro,1610612744,GSW,Golden State Warriors,21500035,2015-10-31T00:00:00,GSW @ NOP,W,11.9,2.0,0.0,5.0,6.0,6.0,4.0,0.0,14.0,0.0,0.0,2.0,1.0,9.0,1,1,1,1,21661,6026,10158,1277,5299,10028,8458,1,17019,8004,1,11390,12373,19835,1.0,11:51,2015,2016
2015-16,203141,Mirza Teletovic,Mirza,1610612756,PHX,Phoenix Suns,21500037,2015-10-31T00:00:00,PHX @ POR,W,4.1,0.0,0.0,0.0,0.0,0.0,0.0,0.0,0.0,0.0,0.0,0.0,0.0,0.0,1,1,1,1,24692,12059,10158,9917,18861,1,1,1,25429,8004,1,1,18762,25170,1.0,4:03,2015,2016
2015-16,203481,Jeff Withey,Jeff,1610612762,UTA,Utah Jazz,21500033,2015-10-31T00:00:00,UTA @ IND,W,1.4,0.0,0.0,0.0,0.0,0.0,0.0,0.0,0.0,0.0,0.0,0.0,0.0,0.0,1,1,1,1,25756,12059,10158,9917,18861,1,1,1,25429,8004,1,1,18762,25170,1.0,1:21,2015,2016
2015-16,2406,Caron Butler,Caron,1610612758,SAC,Sacramento Kings,21500038,2015-10-31T00:00:00,SAC @ LAC,L,13.8,0.0,0.0,0.0,0.0,5.0,8.0,5.0,18.0,0.0,0.0,2.0,1.0,4.0,1,13074,13074,13074,20560,12059,10158,9917,18861,8403,17345,11593,13577,8004,1,11390,12373,23142,1.0,13:45,2015,2016
2015-16,201971,DeJuan Blair,DeJuan,1610612764,WAS,Washington Wizards,21500034,2015-10-31T00:00:00,WAS vs. NYK,L,4.4,0.0,0.0,0.0,0.0,0.0,0.0,0.0,4.0,0.0,0.0,2.0,2.0,-0.8,1,13074,13074,13074,24595,12059,10158,9917,18861,1,1,1,23698,8004,1,11390,7786,25914,1.0,4:21,2015,2016
2015-16,1626202,Joe Young,Joe,1610612754,IND,Indiana Pacers,21500033,2015-10-31T00:00:00,IND vs. UTA,L,1.9,0.0,0.0,0.0,0.0,4.0,0.0,1.0,0.0,0.0,0.0,0.0,0.0,-1.0,1,13074,13074,13074,25544,12059,10158,9917,18861,6141,1,3646,25429,8004,1,1,18762,25932,1.0,1:56,2015,2016
2015-16,203524,Solomon Hill,Solomon,1610612754,IND,Indiana Pacers,21500033,2015-10-31T00:00:00,IND vs. UTA,L,1.9,0.0,0.0,0.0,0.0,4.0,0.0,1.0,0.0,0.0,0.0,0.0,0.0,0.0,1,13074,13074,13074,25544,12059,10158,9917,18861,6141,1,3646,25429,8004,1,1,18762,25170,1.0,1:56,2015,2016
2015-16,2570,Kendrick Perkins,Kendrick,1610612740,NOP,New Orleans Pelicans,21500035,2015-10-31T00:00:00,NOP vs. GSW,L,2.4,0.0,0.0,0.0,2.0,0.0,0.0,0.0,2.0,0.0,0.0,1.0,0.0,3.5,1,13074,13074,13074,25365,12059,10158,9917,12984,1,1,1,24614,8004,1,4972,18762,23351,1.0,2:26,2015,2016
2015-16,203546,Ian Clark,Ian,1610612744,GSW,Golden State Warriors,21500035,2015-10-31T00:00:00,GSW @ NOP,W,0.5,0.0,0.0,0.0,0.0,0.0,0.0,0.0,2.0,0.0,0.0,0.0,0.0,0.0,1,1,1,1,25974,12059,10158,9917,18861,1,1,1,24614,8004,1,1,18762,25170,1.0,0:30,2015,2016
2015-16,203187,Chris Johnson,Chris,1610612762,UTA,Utah Jazz,21500033,2015-10-31T00:00:00,UTA @ IND,W,2.4,1.0,0.0,1.0,0.0,0.0,0.0,0.0,0.0,0.0,0.0,0.0,1.0,4.0,1,1,1,1,25376,11535,10158,9347,18861,1,1,1,25429,8004,1,1,12373,23142,1.0,2:25,2015,2016
2015-16,1718,Paul Pierce,Paul,1610612746,LAC,LA Clippers,21500038,2015-10-31T00:00:00,LAC vs. SAC,W,13.8,0.0,0.0,0.0,0.0,10.0,2.0,3.0,14.0,0.0,0.0,1.0,0.0,3.4,1,1,1,1,20556,12059,10158,9917,18861,17370,3734,7328,17019,8004,1,4972,18762,23417,1.0,13:46,2015,2016
2015-16,203085,Austin Rivers,Austin,1610612746,LAC,LA Clippers,21500038,2015-10-31T00:00:00,LAC vs. SAC,W,12.0,0.0,0.0,0.0,0.0,7.0,2.0,3.0,10.0,0.0,0.0,3.0,0.0,-2.0,1,1,1,1,21604,12059,10158,9917,18861,12242,3734,7328,20209,8004,1,17641,18762,26061,1.0,11:58,2015,2016
2015-16,203963,Shayne Whittington,Shayne,1610612754,IND,Indiana Pacers,21500033,2015-10-31T00:00:00,IND vs. UTA,L,1.9,0.0,0.0,0.0,0.0,4.0,0.0,1.0,0.0,0.0,0.0,1.0,0.0,-2.0,1,13074,13074,13074,25544,12059,10158,9917,18861,6141,1,3646,25429,8004,1,4972,18762,26061,1.0,1:56,2015,2016
2015-16,201601,Luc Mbah a Moute,Luc,1610612746,LAC,LA Clippers,21500038,2015-10-31T00:00:00,LAC vs. SAC,W,0.3,0.0,0.0,0.0,0.0,0.0,0.0,0.0,0.0,0.0,0.0,0.0,0.0,0.0,1,1,1,1,26004,12059,10158,9917,18861,1,1,1,25429,8004,1,1,18762,25170,1.0,0:17,2015,2016
2015-16,202087,Alonzo Gee,Alonzo,1610612740,NOP,New Orleans Pelicans,21500035,2015-10-31T00:00:00,NOP vs. GSW,L,16.2,0.0,0.0,0.0,2.0,14.0,0.0,4.0,10.0,0.0,0.0,1.0,0.0,4.4,1,13074,13074,13074,18870,12059,10158,9917,12984,22292,1,8806,20209,8004,1,4972,18762,22837,1.0,16:13,2015,2016
2015-16,200745,Andrea Bargnani,Andrea,1610612751,BKN,Brooklyn Nets,21500036,2015-10-31T00:00:00,BKN @ MEM,L,14.9,2.0,0.0,0.0,4.0,2.0,4.0,4.0,16.0,0.0,0.0,2.0,1.0,4.2,1,13074,13074,13074,19841,6026,10158,9917,8599,2619,8458,8806,15259,8004,1,11390,12373,22976,1.0,14:53,2015,2016
2015-16,201162,Jared Dudley,Jared,1610612764,WAS,Washington Wizards,21500034,2015-10-31T00:00:00,WAS vs. NYK,L,17.8,0.0,0.0,0.0,0.0,2.0,7.0,2.0,10.0,0.0,0.0,3.0,0.0,7.1,1,13074,13074,13074,17665,12059,10158,9917,18861,2619,15642,4025,20209,8004,1,17641,18762,21141,1.0,17:49,2015,2016
2015-16,1626178,Rondae Hollis-Jefferson,Rondae,1610612751,BKN,Brooklyn Nets,21500036,2015-10-31T00:00:00,BKN @ MEM,L,12.9,0.0,0.0,0.0,0.0,4.0,6.0,4.0,12.0,0.0,0.0,2.0,1.0,5.1,1,13074,13074,13074,21013,12059,10158,9917,18861,6141,13237,8806,18637,8004,1,11390,12373,22478,1.0,12:56,2015,2016
2015-16,203463,Ben McLemore,Ben,1610612758,SAC,Sacramento Kings,21500038,2015-10-31T00:00:00,SAC @ LAC,L,10.4,0.0,0.0,0.0,2.0,7.0,1.0,5.0,8.0,0.0,0.0,1.0,1.0,4.2,1,13074,13074,13074,22264,12059,10158,9917,12984,12242,3393,11593,21543,8004,1,4972,12373,22976,1.0,10:25,2015,2016
2015-16,202730,Lavoy Allen,Lavoy,1610612754,IND,Indiana Pacers,21500033,2015-10-31T00:00:00,IND vs. UTA,L,21.6,0.0,3.0,0.0,2.0,18.0,6.0,5.0,24.0,1.0,0.0,1.0,1.0,9.5,1,13074,13074,13074,14490,12059,3104,9917,12984,24749,13237,11593,8723,2692,1,4972,12373,19519,1.0,21:38,2015,2016
2015-16,2746,Josh Smith,Josh,1610612746,LAC,LA Clippers,21500038,2015-10-31T00:00:00,LAC vs. SAC,W,12.3,2.0,0.0,0.0,2.0,9.0,5.0,3.0,12.0,1.0,0.0,0.0,2.0,6.9,1,1,1,1,21410,6026,10158,9917,12984,15771,11469,7328,18637,2692,1,1,7786,21262,1.0,12:15,2015,2016
2015-16,203949,James Michael McAdoo,James Michael,1610612744,GSW,Golden State Warriors,21500035,2015-10-31T00:00:00,GSW @ NOP,W,3.5,0.0,0.0,0.0,0.0,0.0,0.0,0.0,8.0,0.0,0.0,0.0,0.0,0.0,1,1,1,1,24905,12059,10158,9917,18861,1,1,1,21543,8004,1,1,18762,25170,1.0,3:32,2015,2016
2015-16,201600,Omer Asik,Omer,1610612740,NOP,New Orleans Pelicans,21500035,2015-10-31T00:00:00,NOP vs. GSW,L,10.3,0.0,0.0,0.0,0.0,2.0,0.0,6.0,6.0,0.0,0.0,2.0,0.0,4.2,1,13074,13074,13074,22305,12059,10158,9917,18861,2619,1,13388,22724,8004,1,11390,18762,22976,1.0,10:20,2015,2016
2015-16,202407,Elijah Millsap,Elijah,1610612762,UTA,Utah Jazz,21500033,2015-10-31T00:00:00,UTA @ IND,W,3.6,0.0,0.0,0.0,0.0,0.0,4.0,0.0,2.0,0.0,0.0,1.0,0.0,0.0,1,1,1,1,24872,12059,10158,9917,18861,1,8458,1,24614,8004,1,4972,18762,25170,1.0,3:35,2015,2016
2015-16,201603,Sonny Weems,Sonny,1610612756,PHX,Phoenix Suns,21500037,2015-10-31T00:00:00,PHX @ POR,W,6.2,0.0,0.0,0.0,0.0,2.0,2.0,2.0,4.0,0.0,0.0,0.0,1.0,4.5,1,1,1,1,23876,12059,10158,9917,18861,2619,3734,4025,23698,8004,1,1,12373,22773,1.0,6:12,2015,2016
2015-16,204025,Tim Frazier,Tim,1610612757,POR,Portland Trail Blazers,21500032,2015-10-30T00:00:00,POR @ PHX,L,2.4,0.0,0.0,0.0,0.0,0.0,0.0,0.0,2.0,0.0,0.0,1.0,0.0,4.5,1,13074,13074,13074,25377,12059,10158,9917,18861,1,1,1,24614,8004,1,4972,18762,22773,1.0,2:24,2015,2016
2015-16,200751,Randy Foye,Randy,1610612743,DEN,Denver Nuggets,21500029,2015-10-30T00:00:00,DEN vs. MIN,L,8.4,0.0,0.0,0.0,0.0,2.0,0.0,0.0,6.0,0.0,0.0,0.0,0.0,-1.0,1,13074,13074,13074,23065,12059,10158,9917,18861,2619,1,1,22724,8004,1,1,18762,25932,1.0,8:22,2015,2016
2015-16,203135,Robert Sacre,Robert,1610612747,LAL,Los Angeles Lakers,21500031,2015-10-30T00:00:00,LAL @ SAC,L,4.1,0.0,2.0,0.0,2.0,3.0,0.0,2.0,6.0,0.0,1.0,0.0,0.0,3.4,1,13074,13074,13074,24686,12059,4731,9917,12984,5109,1,4025,22724,8004,17214,1,18762,23417,1.0,4:04,2015,2016
2015-16,203492,Ray McCallum,Ray,1610612759,SAS,San Antonio Spurs,21500028,2015-10-30T00:00:00,SAS vs. BKN,W,5.8,2.0,0.0,2.0,2.0,0.0,0.0,0.0,2.0,0.0,0.0,1.0,0.0,7.0,1,1,1,1,24041,6026,10158,4675,12984,1,1,1,24614,8004,1,4972,18762,21188,1.0,5:50,2015,2016
2015-16,203461,Anthony Bennett,Anthony,1610612761,TOR,Toronto Raptors,21500024,2015-10-30T00:00:00,TOR @ BOS,W,2.7,0.0,0.0,0.0,0.0,3.0,0.0,1.0,2.0,0.0,0.0,3.0,0.0,4.6,1,1,1,1,25241,12059,10158,9917,18861,5109,1,3646,24614,8004,1,17641,18762,22734,1.0,2:43,2015,2016
2015-16,2747,JR Smith,JR,1610612739,CLE,Cleveland Cavaliers,21500021,2015-10-30T00:00:00,CLE vs. MIA,W,22.2,0.0,0.0,0.0,0.0,6.0,4.0,7.0,14.0,1.0,0.0,4.0,0.0,5.4,1,1,1,1,13971,12059,10158,9917,18861,10028,8458,15538,17019,2692,1,22104,18762,22242,1.0,22:15,2015,2016
2015-16,203476,Gorgui Dieng,Gorgui,1610612750,MIN,Minnesota Timberwolves,21500029,2015-10-30T00:00:00,MIN @ DEN,W,13.3,0.0,0.0,0.0,0.0,8.0,0.0,2.0,10.0,1.0,0.0,1.0,0.0,5.2,1,1,1,1,20825,12059,10158,9917,18861,13914,1,4025,20209,2692,1,4972,18762,22370,1.0,13:16,2015,2016
2015-16,203086,Meyers Leonard,Meyers,1610612757,POR,Portland Trail Blazers,21500032,2015-10-30T00:00:00,POR @ PHX,L,17.6,0.0,0.0,0.0,0.0,15.0,5.0,10.0,18.0,0.0,0.0,5.0,1.0,4.6,1,13074,13074,13074,17855,12059,10158,9917,18861,23079,11469,20169,13577,8004,1,24686,12373,22734,1.0,17:33,2015,2016
2015-16,201575,Brandon Rush,Brandon,1610612744,GSW,Golden State Warriors,21500030,2015-10-30T00:00:00,GSW @ HOU,W,5.9,0.0,0.0,0.0,2.0,2.0,4.0,4.0,8.0,0.0,1.0,0.0,0.0,4.4,1,1,1,1,24002,12059,10158,9917,12984,2619,8458,8806,21543,8004,17214,1,18762,22837,1.0,5:54,2015,2016
2015-16,1626242,Luis Montero,Luis,1610612757,POR,Portland Trail Blazers,21500032,2015-10-30T00:00:00,POR @ PHX,L,2.4,0.0,0.0,0.0,0.0,0.0,0.0,0.0,2.0,0.0,0.0,0.0,0.0,0.2,1,13074,13074,13074,25377,12059,10158,9917,18861,1,1,1,24614,8004,1,1,18762,25103,1.0,2:24,2015,2016
2015-16,202734,E'Twaun Moore,E'Twaun,1610612741,CHI,Chicago Bulls,21500025,2015-10-30T00:00:00,CHI @ DET,L,18.2,0.0,0.0,0.0,0.0,8.0,1.0,4.0,18.0,1.0,0.0,0.0,0.0,4.4,1,13074,13074,13074,17317,12059,10158,9917,18861,13914,3393,8806,13577,2692,1,1,18762,22837,1.0,18:15,2015,2016
2015-16,201619,Sasha Kaun,Sasha,1610612739,CLE,Cleveland Cavaliers,21500021,2015-10-30T00:00:00,CLE vs. MIA,W,1.5,0.0,0.0,0.0,0.0,2.0,0.0,2.0,4.0,0.0,0.0,1.0,0.0,0.0,1,1,1,1,25706,12059,10158,9917,18861,2619,1,4025,23698,8004,1,4972,18762,25170,1.0,1:28,2015,2016
2015-16,1626209,Mario Hezonja,Mario,1610612753,ORL,Orlando Magic,21500022,2015-10-30T00:00:00,ORL vs. OKC,L,14.3,3.0,0.0,0.0,0.0,2.0,7.0,2.0,12.0,0.0,0.0,2.0,0.0,4.0,1,13074,13074,13074,20233,4307,10158,9917,18861,2619,15642,4025,18637,8004,1,11390,18762,23142,1.0,14:16,2015,2016
2015-16,202066,Garrett Temple,Garrett,1610612764,WAS,Washington Wizards,21500027,2015-10-30T00:00:00,WAS @ MIL,W,0.1,0.0,0.0,0.0,0.0,0.0,0.0,0.0,0.0,0.0,0.0,1.0,0.0,0.0,1,1,1,1,26039,12059,10158,9917,18861,1,1,1,25429,8004,1,4972,18762,25170,1.0,0:07,2015,2016
2015-16,101141,Ersan Ilyasova,Ersan,1610612765,DET,Detroit Pistons,21500025,2015-10-30T00:00:00,DET vs. CHI,W,21.8,0.0,0.0,2.0,2.0,9.0,6.0,5.0,16.0,0.0,0.0,3.0,1.0,7.0,1,1,1,1,14351,12059,10158,4675,12984,15771,13237,11593,15259,8004,1,17641,12373,21188,1.0,21:47,2015,2016
2015-16,2561,David West,David,1610612759,SAS,San Antonio Spurs,21500028,2015-10-30T00:00:00,SAS vs. BKN,W,14.1,0.0,0.0,0.0,2.0,2.0,0.0,0.0,16.0,0.0,2.0,2.0,0.0,3.6,1,1,1,1,20379,12059,10158,9917,12984,2619,1,1,15259,8004,23588,11390,18762,23310,1.0,14:03,2015,2016
2015-16,202407,Elijah Millsap,Elijah,1610612762,UTA,Utah Jazz,21500023,2015-10-30T00:00:00,UTA @ PHI,W,5.4,0.0,2.0,0.0,2.0,0.0,1.0,0.0,0.0,0.0,0.0,2.0,0.0,3.2,1,1,1,1,24212,12059,4731,9917,12984,1,3393,1,25429,8004,1,11390,18762,23473,1.0,5:24,2015,2016
2015-16,2400,Drew Gooden,Drew,1610612764,WAS,Washington Wizards,21500027,2015-10-30T00:00:00,WAS @ MIL,W,8.5,0.0,0.0,0.0,0.0,0.0,7.0,0.0,10.0,1.0,0.0,0.0,1.0,9.2,1,1,1,1,23037,12059,10158,9917,18861,1,15642,1,20209,2692,1,1,12373,19680,1.0,8:27,2015,2016
2015-16,203894,Shabazz Napier,Shabazz,1610612753,ORL,Orlando Magic,21500022,2015-10-30T00:00:00,ORL vs. OKC,L,0.5,0.0,0.0,0.0,0.0,0.0,0.0,0.0,0.0,0.0,0.0,0.0,0.0,0.0,1,13074,13074,13074,25977,12059,10158,9917,18861,1,1,1,25429,8004,1,1,18762,25170,1.0,0:30,2015,2016
2015-16,201627,Anthony Morrow,Anthony,1610612760,OKC,Oklahoma City Thunder,21500022,2015-10-30T00:00:00,OKC @ ORL,W,14.1,0.0,3.0,0.0,0.0,10.0,8.0,15.0,22.0,0.0,0.0,0.0,1.0,9.2,1,1,1,1,20373,12059,3104,9917,18861,17370,17345,24242,10265,8004,1,1,12373,19680,1.0,14:04,2015,2016
2015-16,2733,Shaun Livingston,Shaun,1610612744,GSW,Golden State Warriors,21500030,2015-10-30T00:00:00,GSW @ HOU,W,20.0,0.0,0.0,0.0,0.0,2.0,9.0,2.0,18.0,0.0,1.0,0.0,2.0,5.2,1,1,1,1,15922,12059,10158,9917,18861,2619,19144,4025,13577,8004,17214,1,7786,22370,1.0,19:59,2015,2016
2015-16,202353,Tibor Pleiss,Tibor,1610612762,UTA,Utah Jazz,21500023,2015-10-30T00:00:00,UTA @ PHI,W,2.2,0.0,0.0,0.0,2.0,2.0,0.0,0.0,2.0,0.0,0.0,2.0,0.0,3.2,1,1,1,1,25453,12059,10158,9917,12984,2619,1,1,24614,8004,1,11390,18762,23473,1.0,2:11,2015,2016
2015-16,203914,Gary Harris,Gary,1610612743,DEN,Denver Nuggets,21500029,2015-10-30T00:00:00,DEN vs. MIN,L,17.9,0.0,2.0,0.0,2.0,10.0,4.0,5.0,22.0,0.0,0.0,3.0,0.0,8.7,1,13074,13074,13074,17604,12059,4731,9917,12984,17370,8458,11593,10265,8004,1,17641,18762,20045,1.0,17:53,2015,2016
2015-16,203900,Markel Brown,Markel,1610612751,BKN,Brooklyn Nets,21500028,2015-10-30T00:00:00,BKN @ SAS,L,8.4,0.0,0.0,0.0,0.0,2.0,2.0,4.0,12.0,0.0,0.0,2.0,0.0,4.5,1,13074,13074,13074,23056,12059,10158,9917,18861,2619,3734,8806,18637,8004,1,11390,18762,22773,1.0,8:24,2015,2016
2015-16,1626164,Devin Booker,Devin,1610612756,PHX,Phoenix Suns,21500032,2015-10-30T00:00:00,PHX vs. POR,W,2.4,0.0,0.0,0.0,0.0,0.0,0.0,0.0,0.0,0.0,0.0,1.0,0.0,-1.0,1,1,1,1,25377,12059,10158,9917,18861,1,1,1,25429,8004,1,4972,18762,25932,1.0,2:24,2015,2016
2015-16,203475,Erick Green,Erick,1610612743,DEN,Denver Nuggets,21500029,2015-10-30T00:00:00,DEN vs. MIN,L,1.5,0.0,0.0,0.0,0.0,2.0,0.0,0.0,2.0,0.0,0.0,0.0,0.0,0.0,1,13074,13074,13074,25687,12059,10158,9917,18861,2619,1,1,24614,8004,1,1,18762,25170,1.0,1:32,2015,2016
2015-16,203546,Ian Clark,Ian,1610612744,GSW,Golden State Warriors,21500030,2015-10-30T00:00:00,GSW @ HOU,W,4.6,0.0,0.0,0.0,0.0,2.0,4.0,4.0,8.0,0.0,1.0,1.0,0.0,5.0,1,1,1,1,24510,12059,10158,9917,18861,2619,8458,8806,21543,8004,17214,4972,18762,22500,1.0,4:36,2015,2016
2015-16,203460,Andre Roberson,Andre,1610612760,OKC,Oklahoma City Thunder,21500022,2015-10-30T00:00:00,OKC @ ORL,W,18.8,0.0,0.0,0.0,0.0,10.0,2.0,5.0,22.0,0.0,0.0,0.0,0.0,0.4,1,1,1,1,16874,12059,10158,9917,18861,17370,3734,11593,10265,8004,1,1,18762,25093,1.0,18:48,2015,2016
2015-16,201973,Jonas Jerebko,Jonas,1610612738,BOS,Boston Celtics,21500024,2015-10-30T00:00:00,BOS vs. TOR,L,8.1,0.0,0.0,0.0,0.0,8.0,2.0,0.0,8.0,0.0,0.0,0.0,1.0,3.4,1,13074,13074,13074,23164,12059,10158,9917,18861,13914,3734,1,21543,8004,1,1,12373,23417,1.0,8:04,2015,2016
2015-16,203552,Seth Curry,Seth,1610612758,SAC,Sacramento Kings,21500031,2015-10-30T00:00:00,SAC vs. LAL,W,3.8,0.0,0.0,0.0,2.0,2.0,2.0,5.0,4.0,0.0,0.0,0.0,0.0,4.7,1,1,1,1,24784,12059,10158,9917,12984,2619,3734,11593,23698,8004,1,1,18762,22672,1.0,3:49,2015,2016
2015-16,2446,Rasual Butler,Rasual,1610612759,SAS,San Antonio Spurs,21500028,2015-10-30T00:00:00,SAS vs. BKN,W,11.2,0.0,0.0,3.0,0.0,0.0,0.0,0.0,12.0,0.0,0.0,0.0,0.0,4.2,1,1,1,1,21955,12059,10158,3302,18861,1,1,1,18637,8004,1,1,18762,22976,1.0,11:10,2015,2016
2015-16,1626148,Anthony Brown,Anthony,1610612747,LAL,Los Angeles Lakers,21500031,2015-10-30T00:00:00,LAL @ SAC,L,4.1,0.0,0.0,3.0,0.0,3.0,0.0,2.0,6.0,0.0,0.0,0.0,1.0,5.0,1,13074,13074,13074,24686,12059,10158,3302,18861,5109,1,4025,22724,8004,1,1,12373,22500,1.0,4:04,2015,2016
2015-16,203093,Terrence Jones,Terrence,1610612745,HOU,Houston Rockets,21500030,2015-10-30T00:00:00,HOU vs. GSW,L,18.2,0.0,0.0,0.0,2.0,6.0,6.0,6.0,22.0,1.0,0.0,0.0,1.0,13.3,1,13074,13074,13074,17388,12059,10158,9917,12984,10028,13237,13388,10265,2692,1,1,12373,16712,1.0,18:09,2015,2016
2015-16,203099,Jared Cunningham,Jared,1610612739,CLE,Cleveland Cavaliers,21500021,2015-10-30T00:00:00,CLE vs. MIA,W,9.2,0.0,0.0,0.0,4.0,2.0,4.0,2.0,8.0,0.0,0.0,1.0,0.0,7.0,1,1,1,1,22759,12059,10158,9917,8599,2619,8458,4025,21543,8004,1,4972,18762,21188,1.0,9:12,2015,2016
2015-16,203949,James Michael McAdoo,James Michael,1610612744,GSW,Golden State Warriors,21500030,2015-10-30T00:00:00,GSW @ HOU,W,7.4,0.0,0.0,0.0,0.0,2.0,4.0,4.0,10.0,0.0,0.0,3.0,1.0,4.7,1,1,1,1,23421,12059,10158,9917,18861,2619,8458,8806,20209,8004,1,17641,12373,22672,1.0,7:24,2015,2016
2015-16,202711,Bojan Bogdanović,Bojan,1610612751,BKN,Brooklyn Nets,21500028,2015-10-30T00:00:00,BKN @ SAS,L,19.6,2.0,0.0,0.0,6.0,10.0,6.0,3.0,18.0,0.0,0.0,1.0,1.0,8.8,1,13074,13074,13074,16263,6026,10158,9917,5299,17370,13237,7328,13577,8004,1,4972,12373,19994,1.0,19:34,2015,2016
2015-16,2210,Richard Jefferson,Richard,1610612739,CLE,Cleveland Cavaliers,21500021,2015-10-30T00:00:00,CLE vs. MIA,W,24.4,0.0,2.0,3.0,2.0,6.0,6.0,4.0,24.0,0.0,0.0,1.0,1.0,5.0,1,1,1,1,12221,12059,4731,3302,12984,10028,13237,8806,8723,8004,1,4972,12373,22500,1.0,24:23,2015,2016
2015-16,1626158,Richaun Holmes,Richaun,1610612755,PHI,Philadelphia 76ers,21500023,2015-10-30T00:00:00,PHI vs. UTA,L,6.2,0.0,0.0,0.0,0.0,0.0,2.0,0.0,6.0,1.0,0.0,0.0,1.0,4.0,1,13074,13074,13074,23882,12059,10158,9917,18861,1,3734,1,22724,2692,1,1,12373,23142,1.0,6:11,2015,2016
2015-16,203798,PJ Hairston,PJ,1610612766,CHA,Charlotte Hornets,21500026,2015-10-30T00:00:00,CHA @ ATL,L,16.6,0.0,0.0,3.0,0.0,8.0,2.0,2.0,16.0,1.0,1.0,1.0,1.0,7.2,1,13074,13074,13074,18576,12059,10158,3302,18861,13914,3734,4025,15259,2692,17214,4972,12373,21035,1.0,16:36,2015,2016
2015-16,201149,Joakim Noah,Joakim,1610612741,CHI,Chicago Bulls,21500025,2015-10-30T00:00:00,CHI @ DET,L,17.5,0.0,0.0,0.0,2.0,2.0,2.0,2.0,10.0,1.0,0.0,0.0,2.0,9.6,1,13074,13074,13074,17930,12059,10158,9917,12984,2619,3734,4025,20209,2692,1,1,7786,19434,1.0,17:27,2015,2016
2015-16,202341,James Anderson,James,1610612758,SAC,Sacramento Kings,21500031,2015-10-30T00:00:00,SAC vs. LAL,W,4.5,3.0,0.0,0.0,0.0,2.0,4.0,5.0,6.0,0.0,0.0,0.0,0.0,1.0,1,1,1,1,24551,4307,10158,9917,18861,2619,8458,11593,22724,8004,1,1,18762,24960,1.0,4:30,2015,2016
2015-16,203187,Chris Johnson,Chris,1610612762,UTA,Utah Jazz,21500023,2015-10-30T00:00:00,UTA @ PHI,W,3.8,0.0,2.0,0.0,2.0,2.0,0.0,0.0,2.0,0.0,0.0,0.0,0.0,7.1,1,1,1,1,24784,12059,4731,9917,12984,2619,1,1,24614,8004,1,1,18762,21141,1.0,3:49,2015,2016
2015-16,1626155,Sam Dekker,Sam,1610612745,HOU,Houston Rockets,21500030,2015-10-30T00:00:00,HOU vs. GSW,L,4.5,0.0,0.0,0.0,0.0,0.0,0.0,0.0,4.0,0.0,0.0,0.0,0.0,4.2,1,13074,13074,13074,24544,12059,10158,9917,18861,1,1,1,23698,8004,1,1,18762,22976,1.0,4:30,2015,2016
2015-16,1626162,Kelly Oubre Jr.,Kelly,1610612764,WAS,Washington Wizards,21500027,2015-10-30T00:00:00,WAS @ MIL,W,1.1,0.0,0.0,0.0,0.0,0.0,2.0,0.0,2.0,0.0,0.0,0.0,0.0,0.0,1,1,1,1,25848,12059,10158,9917,18861,1,3734,1,24614,8004,1,1,18762,25170,1.0,1:07,2015,2016
2015-16,203462,Archie Goodwin,Archie,1610612756,PHX,Phoenix Suns,21500032,2015-10-30T00:00:00,PHX vs. POR,W,2.4,0.0,0.0,0.0,0.0,0.0,0.0,0.0,0.0,1.0,0.0,0.0,1.0,4.2,1,1,1,1,25377,12059,10158,9917,18861,1,1,1,25429,2692,1,1,12373,22976,1.0,2:24,2015,2016
2015-16,201177,Josh McRoberts,Josh,1610612748,MIA,Miami Heat,21500021,2015-10-30T00:00:00,MIA @ CLE,L,13.4,0.0,0.0,0.0,2.0,0.0,5.0,3.0,16.0,0.0,0.0,2.0,0.0,4.9,1,13074,13074,13074,20761,12059,10158,9917,12984,1,11469,7328,15259,8004,1,11390,18762,22621,1.0,13:22,2015,2016
2015-16,101123,Gerald Green,Gerald,1610612748,MIA,Miami Heat,21500021,2015-10-30T00:00:00,MIA @ CLE,L,16.1,0.0,2.0,0.0,0.0,0.0,5.0,3.0,16.0,0.0,0.0,1.0,2.0,5.2,1,13074,13074,13074,18952,12059,4731,9917,18861,1,11469,7328,15259,8004,1,4972,7786,22370,1.0,16:07,2015,2016
2015-16,204020,Tyler Johnson,Tyler,1610612748,MIA,Miami Heat,21500021,2015-10-30T00:00:00,MIA @ CLE,L,1.5,0.0,0.0,0.0,0.0,0.0,0.0,0.0,0.0,0.0,0.0,0.0,0.0,0.0,1,13074,13074,13074,25706,12059,10158,9917,18861,1,1,1,25429,8004,1,1,18762,25170,1.0,1:28,2015,2016
2015-16,1626192,Pat Connaughton,Pat,1610612757,POR,Portland Trail Blazers,21500032,2015-10-30T00:00:00,POR @ PHX,L,2.7,0.0,0.0,0.0,0.0,0.0,0.0,0.0,2.0,0.0,1.0,0.0,1.0,5.0,1,13074,13074,13074,25256,12059,10158,9917,18861,1,1,1,24614,8004,17214,1,12373,22500,1.0,2:42,2015,2016
2015-16,201954,Darren Collison,Darren,1610612758,SAC,Sacramento Kings,21500031,2015-10-30T00:00:00,SAC vs. LAL,W,23.8,2.0,0.0,4.0,10.0,6.0,6.0,15.0,16.0,0.0,1.0,0.0,1.0,21.7,1,1,1,1,12715,6026,10158,1913,1840,10028,13237,24242,15259,8004,17214,1,12373,10592,1.0,23:50,2015,2016
2015-16,203101,Miles Plumlee,Miles,1610612749,MIL,Milwaukee Bucks,21500027,2015-10-30T00:00:00,MIL vs. WAS,L,13.1,0.0,0.0,0.0,4.0,5.0,2.0,7.0,12.0,0.0,0.0,2.0,0.0,5.4,1,13074,13074,13074,20934,12059,10158,9917,8599,8403,3734,15538,18637,8004,1,11390,18762,22242,1.0,13:04,2015,2016
2015-16,202357,Nemanja Bjelica,Nemanja,1610612750,MIN,Minnesota Timberwolves,21500029,2015-10-30T00:00:00,MIN @ DEN,W,25.7,0.0,0.0,0.0,0.0,12.0,2.0,3.0,22.0,0.0,0.0,4.0,1.0,15.1,1,1,1,1,11123,12059,10158,9917,18861,20178,3734,7328,10265,8004,1,22104,12373,15328,1.0,25:41,2015,2016
2015-16,203457,Nerlens Noel,Nerlens,1610612755,PHI,Philadelphia 76ers,21500023,2015-10-30T00:00:00,PHI vs. UTA,L,35.8,0.0,4.0,0.0,4.0,13.0,17.0,6.0,24.0,2.0,0.0,3.0,2.0,27.0,1,13074,13074,13074,2879,12059,1596,9917,8599,21300,25429,13388,8723,932,1,17641,7786,7385,1.0,35:49,2015,2016
2015-16,2738,Andre Iguodala,Andre,1610612744,GSW,Golden State Warriors,21500030,2015-10-30T00:00:00,GSW @ HOU,W,29.8,5.0,2.0,2.0,6.0,4.0,13.0,2.0,26.0,0.0,0.0,0.0,2.0,31.2,1,1,1,1,7738,1603,4731,4675,5299,6141,23668,4025,7214,8004,1,1,7786,5304,1.0,29:47,2015,2016
2015-16,202703,Nikola Mirotic,Nikola,1610612741,CHI,Chicago Bulls,21500025,2015-10-30T00:00:00,CHI @ DET,L,38.5,6.0,2.0,5.0,8.0,15.0,12.0,8.0,38.0,0.0,0.0,1.0,5.0,31.2,1,13074,13074,13074,1272,878,4731,1277,3109,23079,22832,17194,1422,8004,1,4972,1539,5304,1.0,38:30,2015,2016
2015-16,201596,Mario Chalmers,Mario,1610612748,MIA,Miami Heat,21500021,2015-10-30T00:00:00,MIA @ CLE,L,14.4,0.0,2.0,0.0,4.0,2.0,5.0,3.0,16.0,0.0,0.0,1.0,1.0,12.2,1,13074,13074,13074,20163,12059,4731,9917,8599,2619,11469,7328,15259,8004,1,4972,12373,17566,1.0,14:24,2015,2016
2015-16,200746,LaMarcus Aldridge,LaMarcus,1610612759,SAS,San Antonio Spurs,21500028,2015-10-30T00:00:00,SAS vs. BKN,W,29.6,0.0,8.0,0.0,8.0,6.0,0.0,0.0,14.0,1.0,1.0,0.0,1.0,31.2,1,1,1,1,7923,12059,137,9917,3109,10028,1,1,17019,2692,17214,1,12373,5304,1.0,29:33,2015,2016
2015-16,203114,Khris Middleton,Khris,1610612749,MIL,Milwaukee Bucks,21500027,2015-10-30T00:00:00,MIL vs. WAS,L,38.9,0.0,4.0,0.0,4.0,14.0,7.0,8.0,18.0,0.0,0.0,4.0,4.0,31.1,1,13074,13074,13074,1113,12059,1596,9917,8599,22292,15642,17194,13577,8004,1,22104,2748,5354,1.0,38:53,2015,2016
2015-16,203080,Thomas Robinson,Thomas,1610612751,BKN,Brooklyn Nets,21500028,2015-10-30T00:00:00,BKN @ SAS,L,15.3,2.0,0.0,0.0,2.0,5.0,4.0,4.0,12.0,2.0,0.0,1.0,1.0,11.8,1,13074,13074,13074,19532,6026,10158,9917,12984,8403,8458,8806,18637,932,1,4972,12373,17832,1.0,15:20,2015,2016
2015-16,203500,Steven Adams,Steven,1610612760,OKC,Oklahoma City Thunder,21500022,2015-10-30T00:00:00,OKC @ ORL,W,35.9,0.0,3.0,0.0,6.0,16.0,8.0,16.0,38.0,2.0,0.0,5.0,2.0,31.6,1,1,1,1,2831,12059,3104,9917,5299,23774,17345,24641,1422,932,1,24686,7786,5130,1.0,35:55,2015,2016
2015-16,201158,Marco Belinelli,Marco,1610612758,SAC,Sacramento Kings,21500031,2015-10-30T00:00:00,SAC vs. LAL,W,22.2,3.0,5.0,0.0,2.0,4.0,6.0,13.0,16.0,0.0,0.0,2.0,3.0,12.4,1,1,1,1,14007,4307,995,9917,12984,6141,13237,23048,15259,8004,1,11390,4736,17418,1.0,22:12,2015,2016
2015-16,203473,Dewayne Dedmon,Dewayne,1610612753,ORL,Orlando Magic,21500022,2015-10-30T00:00:00,ORL vs. OKC,L,12.9,0.0,2.0,0.0,2.0,8.0,6.0,2.0,16.0,2.0,0.0,2.0,2.0,15.2,1,13074,13074,13074,21033,12059,4731,9917,12984,13914,13237,4025,15259,932,1,11390,7786,15219,1.0,12:54,2015,2016
2015-16,201143,Al Horford,Al,1610612737,ATL,Atlanta Hawks,21500026,2015-10-30T00:00:00,ATL vs. CHA,W,34.9,7.0,0.0,4.0,8.0,5.0,17.0,5.0,26.0,1.0,0.0,2.0,1.0,30.7,1,1,1,1,3640,548,10158,1913,3109,8403,25429,11593,7214,2692,1,11390,12373,5539,1.0,34:52,2015,2016
2015-16,202693,Markieff Morris,Markieff,1610612756,PHX,Phoenix Suns,21500032,2015-10-30T00:00:00,PHX vs. POR,W,34.4,0.0,4.0,0.0,6.0,17.0,12.0,10.0,32.0,2.0,2.0,3.0,1.0,31.6,1,1,1,1,4062,12059,1596,9917,5299,24337,22832,20169,3535,932,23588,17641,12373,5130,1.0,34:21,2015,2016
2015-16,101127,Jarrett Jack,Jarrett,1610612751,BKN,Brooklyn Nets,21500028,2015-10-30T00:00:00,BKN @ SAS,L,27.0,0.0,0.0,0.0,0.0,4.0,11.0,2.0,24.0,0.0,0.0,0.0,1.0,30.7,1,13074,13074,13074,10052,12059,10158,9917,18861,6141,21814,4025,8723,8004,1,1,12373,5539,1.0,26:57,2015,2016
2015-16,2544,LeBron James,LeBron,1610612739,CLE,Cleveland Cavaliers,21500021,2015-10-30T00:00:00,CLE vs. MIA,W,33.9,6.0,2.0,5.0,16.0,9.0,7.0,9.0,24.0,0.0,0.0,3.0,3.0,40.0,1,1,1,1,4396,878,4731,1277,275,15771,15642,18829,8723,8004,1,17641,4736,2364,1.0,33:56,2015,2016
2015-16,203526,Raul Neto,Raul,1610612762,UTA,Utah Jazz,21500023,2015-10-30T00:00:00,UTA @ PHI,W,20.5,0.0,3.0,0.0,0.0,2.0,1.0,0.0,8.0,0.0,2.0,2.0,3.0,20.5,1,1,1,1,15449,12059,3104,9917,18861,2619,3393,1,21543,8004,23588,11390,4736,11401,1.0,20:32,2015,2016
2015-16,203903,Jordan Clarkson,Jordan,1610612747,LAL,Los Angeles Lakers,21500031,2015-10-30T00:00:00,LAL @ SAC,L,28.5,2.0,0.0,2.0,10.0,25.0,12.0,17.0,44.0,1.0,1.0,1.0,3.0,30.8,1,13074,13074,13074,8779,6026,10158,4675,1840,25944,22832,24967,454,2692,17214,4972,4736,5493,1.0,28:32,2015,2016
2015-16,201229,Anthony Tolliver,Anthony,1610612765,DET,Detroit Pistons,21500025,2015-10-30T00:00:00,DET vs. CHI,W,30.2,0.0,0.0,0.0,0.0,10.0,2.0,11.0,20.0,0.0,0.0,1.0,1.0,20.6,1,1,1,1,7362,12059,10158,9917,18861,17370,3734,21342,11929,8004,1,4972,12373,11314,1.0,30:12,2015,2016
2015-16,201937,Ricky Rubio,Ricky,1610612750,MIN,Minnesota Timberwolves,21500029,2015-10-30T00:00:00,MIN @ DEN,W,30.4,0.0,0.0,0.0,2.0,6.0,14.0,5.0,34.0,0.0,0.0,3.0,5.0,31.0,1,1,1,1,7177,12059,10158,9917,12984,10028,24300,11593,2701,8004,1,17641,1539,5406,1.0,30:24,2015,2016
2015-16,203138,Hollis Thompson,Hollis,1610612755,PHI,Philadelphia 76ers,21500023,2015-10-30T00:00:00,PHI vs. UTA,L,31.5,0.0,0.0,3.0,2.0,17.0,18.0,10.0,20.0,0.0,1.0,4.0,1.0,15.3,1,13074,13074,13074,6282,12059,10158,3302,12984,24337,25634,20169,11929,8004,17214,22104,12373,15150,1.0,31:32,2015,2016
2015-16,203999,Nikola Jokić,Nikola,1610612743,DEN,Denver Nuggets,21500029,2015-10-30T00:00:00,DEN vs. MIN,L,18.1,2.0,2.0,0.0,10.0,6.0,0.0,2.0,12.0,0.0,0.0,3.0,3.0,20.3,1,13074,13074,13074,17400,6026,4731,9917,1840,10028,1,4025,18637,8004,1,17641,4736,11534,1.0,18:09,2015,2016
2015-16,1626169,Stanley Johnson,Stanley,1610612765,DET,Detroit Pistons,21500025,2015-10-30T00:00:00,DET vs. CHI,W,12.0,2.0,0.0,2.0,6.0,5.0,0.0,8.0,10.0,0.0,2.0,1.0,2.0,15.3,1,1,1,1,21602,6026,10158,4675,5299,8403,1,17194,20209,8004,23588,4972,7786,15150,1.0,11:59,2015,2016
2015-16,101161,Amir Johnson,Amir,1610612738,BOS,Boston Celtics,21500024,2015-10-30T00:00:00,BOS vs. TOR,L,19.0,2.0,4.0,0.0,4.0,13.0,7.0,0.0,12.0,0.0,0.0,1.0,3.0,26.6,1,13074,13074,13074,16722,6026,1596,9917,8599,21300,15642,1,18637,8004,1,4972,4736,7566,1.0,18:58,2015,2016
2015-16,203087,Jeremy Lamb,Jeremy,1610612766,CHA,Charlotte Hornets,21500026,2015-10-30T00:00:00,CHA @ ATL,L,14.6,0.0,0.0,6.0,0.0,12.0,3.0,10.0,12.0,2.0,0.0,0.0,0.0,19.9,1,13074,13074,13074,20010,12059,10158,740,18861,20178,7138,20169,18637,932,1,1,18762,11824,1.0,14:38,2015,2016
2015-16,203897,Zach LaVine,Zach,1610612750,MIN,Minnesota Timberwolves,21500029,2015-10-30T00:00:00,MIN @ DEN,W,17.6,2.0,0.0,2.0,4.0,8.0,0.0,2.0,10.0,0.0,0.0,3.0,3.0,15.3,1,1,1,1,17824,6026,10158,4675,8599,13914,1,4025,20209,8004,1,17641,4736,15150,1.0,17:36,2015,2016
2015-16,202704,Reggie Jackson,Reggie,1610612765,DET,Detroit Pistons,21500025,2015-10-30T00:00:00,DET vs. CHI,W,37.1,4.0,6.0,1.0,16.0,17.0,8.0,8.0,26.0,0.0,2.0,3.0,5.0,41.9,1,1,1,1,2027,2460,481,9347,275,24337,17345,17194,7214,8004,23588,17641,1539,1958,1.0,37:05,2015,2016
2015-16,101138,Brandon Bass,Brandon,1610612747,LAL,Los Angeles Lakers,21500031,2015-10-30T00:00:00,LAL @ SAC,L,20.2,0.0,0.0,0.0,4.0,6.0,17.0,17.0,40.0,0.0,0.0,4.0,4.0,12.1,1,13074,13074,13074,15764,12059,10158,9917,8599,10028,25429,24967,983,8004,1,22104,2748,17639,1.0,20:10,2015,2016
2015-16,203145,Kent Bazemore,Kent,1610612737,ATL,Atlanta Hawks,21500026,2015-10-30T00:00:00,ATL vs. CHA,W,30.6,2.0,5.0,3.0,6.0,7.0,15.0,11.0,24.0,0.0,2.0,3.0,1.0,30.3,1,1,1,1,7009,6026,995,3302,5299,12242,24781,21342,8723,8004,23588,17641,12373,5702,1.0,30:38,2015,2016
2015-16,202355,Hassan Whiteside,Hassan,1610612748,MIA,Miami Heat,21500021,2015-10-30T00:00:00,MIA @ CLE,L,36.0,0.0,2.0,3.0,8.0,10.0,12.0,5.0,32.0,6.0,0.0,2.0,4.0,40.8,1,13074,13074,13074,2735,12059,4731,3302,3109,17370,22832,11593,3535,19,1,11390,2748,2181,1.0,36:02,2015,2016
2015-16,202689,Kemba Walker,Kemba,1610612766,CHA,Charlotte Hornets,21500026,2015-10-30T00:00:00,CHA @ ATL,L,34.6,0.0,0.0,2.0,6.0,15.0,9.0,13.0,32.0,0.0,1.0,3.0,2.0,26.8,1,13074,13074,13074,3865,12059,10158,4675,5299,23079,19144,23048,3535,8004,17214,17641,7786,7486,1.0,34:36,2015,2016
2015-16,201586,Serge Ibaka,Serge,1610612760,OKC,Oklahoma City Thunder,21500022,2015-10-30T00:00:00,OKC @ ORL,W,32.7,0.0,6.0,0.0,6.0,20.0,8.0,20.0,44.0,2.0,1.0,3.0,2.0,30.4,1,1,1,1,5350,12059,481,9917,5299,25338,17345,25599,454,932,17214,17641,7786,5661,1.0,32:41,2015,2016
2015-16,203935,Marcus Smart,Marcus,1610612738,BOS,Boston Celtics,21500024,2015-10-30T00:00:00,BOS vs. TOR,L,28.4,0.0,3.0,0.0,0.0,12.0,7.0,3.0,22.0,0.0,0.0,3.0,6.0,15.6,1,13074,13074,13074,8876,12059,3104,9917,18861,20178,15642,7328,10265,8004,1,17641,873,14916,1.0,28:26,2015,2016
2015-16,203487,Michael Carter-Williams,Michael,1610612749,MIL,Milwaukee Bucks,21500027,2015-10-30T00:00:00,MIL vs. WAS,L,35.5,2.0,0.0,0.0,6.0,8.0,7.0,10.0,16.0,2.0,0.0,3.0,0.0,42.7,1,13074,13074,13074,3109,6026,10158,9917,5299,13914,15642,20169,15259,932,1,17641,18762,1800,1.0,35:32,2015,2016
2015-16,201166,Aaron Brooks,Aaron,1610612741,CHI,Chicago Bulls,21500025,2015-10-30T00:00:00,CHI @ DET,L,18.0,0.0,0.0,2.0,2.0,2.0,2.0,4.0,10.0,0.0,0.0,1.0,1.0,15.8,1,13074,13074,13074,17540,12059,10158,4675,12984,2619,3734,8806,20209,8004,1,4972,12373,14754,1.0,17:58,2015,2016
2015-16,203486,Mason Plumlee,Mason,1610612757,POR,Portland Trail Blazers,21500032,2015-10-30T00:00:00,POR @ PHX,L,25.6,7.0,5.0,2.0,12.0,23.0,11.0,14.0,32.0,0.0,2.0,4.0,3.0,30.5,1,13074,13074,13074,11206,548,995,4675,988,25803,21814,23710,3535,8004,23588,22104,4736,5620,1.0,25:36,2015,2016
2015-16,201196,Ramon Sessions,Ramon,1610612764,WAS,Washington Wizards,21500027,2015-10-30T00:00:00,WAS @ MIL,W,26.2,8.0,0.0,9.0,8.0,10.0,8.0,2.0,24.0,0.0,0.0,2.0,4.0,27.0,1,1,1,1,10655,308,10158,184,3109,17370,17345,4025,8723,8004,1,11390,2748,7385,1.0,26:14,2015,2016
2015-16,2755,Kevin Martin,Kevin,1610612750,MIN,Minnesota Timberwolves,21500029,2015-10-30T00:00:00,MIN @ DEN,W,21.3,4.0,0.0,3.0,4.0,10.0,2.0,2.0,18.0,0.0,1.0,1.0,3.0,20.1,1,1,1,1,14743,2460,10158,3302,8599,17370,3734,4025,13577,8004,17214,4972,4736,11685,1.0,21:20,2015,2016
2015-16,203471,Dennis Schröder,Dennis,1610612737,ATL,Atlanta Hawks,21500026,2015-10-30T00:00:00,ATL vs. CHA,W,33.0,4.0,0.0,4.0,10.0,9.0,8.0,7.0,20.0,0.0,3.0,2.0,1.0,27.0,1,1,1,1,5102,2460,10158,1913,1840,15771,17345,15538,11929,8004,25441,11390,12373,7385,1.0,33:01,2015,2016
2015-16,201942,DeMar DeRozan,DeMar,1610612761,TOR,Toronto Raptors,21500024,2015-10-30T00:00:00,TOR @ BOS,W,34.8,0.0,0.0,0.0,2.0,18.0,11.0,12.0,26.0,0.0,1.0,4.0,7.0,43.4,1,1,1,1,3735,12059,10158,9917,12984,24749,21814,22259,7214,8004,17214,22104,469,1662,1.0,34:45,2015,2016
2015-16,201579,Roy Hibbert,Roy,1610612747,LAL,Los Angeles Lakers,21500031,2015-10-30T00:00:00,LAL @ SAC,L,21.3,0.0,2.0,0.0,6.0,14.0,8.0,14.0,30.0,5.0,1.0,4.0,3.0,30.0,1,13074,13074,13074,14819,12059,4731,9917,5299,22292,17345,23710,4541,59,17214,22104,4736,5840,1.0,21:16,2015,2016
2015-16,201585,Kosta Koufos,Kosta,1610612758,SAC,Sacramento Kings,21500031,2015-10-30T00:00:00,SAC vs. LAL,W,21.3,0.0,4.0,0.0,8.0,4.0,0.0,12.0,12.0,1.0,3.0,4.0,0.0,24.0,1,1,1,1,14833,12059,1596,9917,3109,6141,1,22259,18637,2692,25441,22104,18762,9121,1.0,21:15,2015,2016
2015-16,203083,Andre Drummond,Andre,1610612765,DET,Detroit Pistons,21500025,2015-10-30T00:00:00,DET vs. CHI,W,39.1,6.0,9.0,0.0,16.0,15.0,8.0,7.0,30.0,2.0,2.0,3.0,7.0,53.0,1,1,1,1,1039,878,77,9917,275,23079,17345,15538,4541,932,23588,17641,469,521,1.0,39:05,2015,2016
2015-16,201939,Stephen Curry,Stephen,1610612744,GSW,Golden State Warriors,21500030,2015-10-30T00:00:00,GSW @ HOU,W,27.4,7.0,2.0,10.0,10.0,7.0,8.0,7.0,24.0,0.0,0.0,4.0,2.0,44.4,1,1,1,1,9695,548,4731,118,1840,12242,17345,15538,8723,8004,1,22104,7786,1474,1.0,27:24,2015,2016
2015-16,2200,Pau Gasol,Pau,1610612741,CHI,Chicago Bulls,21500025,2015-10-30T00:00:00,CHI @ DET,L,32.1,0.0,4.0,0.0,10.0,17.0,13.0,10.0,42.0,3.0,0.0,4.0,2.0,46.9,1,13074,13074,13074,5843,12059,1596,9917,1840,24337,23668,20169,670,347,1,22104,7786,1095,1.0,32:03,2015,2016
2015-16,2760,Anderson Varejao,Anderson,1610612739,CLE,Cleveland Cavaliers,21500021,2015-10-30T00:00:00,CLE vs. MIA,W,15.8,0.0,0.0,0.0,0.0,4.0,4.0,4.0,6.0,0.0,0.0,1.0,3.0,11.6,1,1,1,1,19160,12059,10158,9917,18861,6141,8458,8806,22724,8004,1,4972,4736,17970,1.0,15:50,2015,2016
2015-16,203081,Damian Lillard,Damian,1610612757,POR,Portland Trail Blazers,21500032,2015-10-30T00:00:00,POR @ PHX,L,36.8,2.0,3.0,0.0,6.0,29.0,15.0,16.0,46.0,0.0,1.0,4.0,6.0,29.6,1,13074,13074,13074,2188,6026,3104,9917,5299,26052,24781,24641,298,8004,17214,22104,873,6050,1.0,36:50,2015,2016
2015-16,201142,Kevin Durant,Kevin,1610612760,OKC,Oklahoma City Thunder,21500022,2015-10-30T00:00:00,OKC @ ORL,W,53.5,2.0,2.0,2.0,12.0,23.0,17.0,16.0,56.0,2.0,2.0,4.0,7.0,67.4,1,1,1,1,6,6026,4731,4675,988,25803,25429,24641,21,932,23588,22104,469,71,1.0,53:32,2015,2016
2015-16,203507,Giannis Antetokounmpo,Giannis,1610612749,MIL,Milwaukee Bucks,21500027,2015-10-30T00:00:00,MIL vs. WAS,L,34.1,8.0,3.0,11.0,16.0,7.0,5.0,15.0,28.0,0.0,2.0,6.0,7.0,43.8,1,13074,13074,13074,4235,308,3104,69,275,12242,11469,24242,5824,8004,23588,25827,469,1587,1.0,34:09,2015,2016
2015-16,203115,Will Barton,Will,1610612743,DEN,Denver Nuggets,21500029,2015-10-30T00:00:00,DEN vs. MIN,L,29.7,6.0,0.0,2.0,6.0,8.0,0.0,5.0,16.0,1.0,1.0,4.0,5.0,29.3,1,13074,13074,13074,7820,878,10158,4675,5299,13914,1,11593,15259,2692,17214,22104,1539,6202,1.0,29:41,2015,2016
2015-16,202696,Nikola Vučević,Nikola,1610612753,ORL,Orlando Magic,21500022,2015-10-30T00:00:00,ORL vs. OKC,L,45.1,6.0,4.0,2.0,12.0,9.0,14.0,10.0,48.0,5.0,1.0,5.0,6.0,51.4,1,13074,13074,13074,79,878,1596,4675,988,15771,24300,20169,192,59,17214,24686,873,620,1.0,45:05,2015,2016
2015-16,203110,Draymond Green,Draymond,1610612744,GSW,Golden State Warriors,21500030,2015-10-30T00:00:00,GSW @ HOU,W,31.2,2.0,3.0,0.0,4.0,7.0,8.0,7.0,22.0,1.0,3.0,2.0,6.0,35.9,1,1,1,1,6527,6026,3104,9917,8599,12242,17345,15538,10265,2692,25441,11390,873,3505,1.0,31:14,2015,2016
2015-16,203468,CJ McCollum,CJ,1610612757,POR,Portland Trail Blazers,21500032,2015-10-30T00:00:00,POR @ PHX,L,33.3,5.0,0.0,7.0,4.0,23.0,9.0,16.0,42.0,0.0,2.0,4.0,1.0,29.3,1,13074,13074,13074,4893,1603,10158,454,8599,25803,19144,24641,670,8004,23588,22104,12373,6202,1.0,33:18,2015,2016
2015-16,2199,Tyson Chandler,Tyson,1610612756,PHX,Phoenix Suns,21500032,2015-10-30T00:00:00,PHX vs. POR,W,25.9,4.0,5.0,2.0,6.0,10.0,7.0,8.0,22.0,1.0,0.0,2.0,6.0,37.1,1,1,1,1,10918,2460,995,4675,5299,17370,15642,17194,10265,2692,1,11390,873,3151,1.0,25:54,2015,2016
2015-16,203497,Rudy Gobert,Rudy,1610612762,UTA,Utah Jazz,21500023,2015-10-30T00:00:00,UTA @ PHI,W,31.5,4.0,6.0,0.0,6.0,4.0,5.0,2.0,10.0,7.0,0.0,2.0,3.0,44.2,1,1,1,1,6282,2460,481,9917,5299,6141,11469,4025,20209,8,1,11390,4736,1515,1.0,31:32,2015,2016
2015-16,202688,Brandon Knight,Brandon,1610612756,PHX,Phoenix Suns,21500032,2015-10-30T00:00:00,PHX vs. POR,W,33.1,11.0,2.0,2.0,10.0,16.0,8.0,13.0,26.0,0.0,0.0,3.0,4.0,35.8,1,1,1,1,5064,55,4731,4675,1840,23774,17345,23048,7214,8004,1,17641,2748,3541,1.0,33:04,2015,2016
2015-16,202694,Marcus Morris Sr.,Marcus,1610612765,DET,Detroit Pistons,21500025,2015-10-30T00:00:00,DET vs. CHI,W,41.8,7.0,0.0,5.0,4.0,14.0,10.0,8.0,32.0,0.0,0.0,4.0,5.0,35.4,1,1,1,1,348,548,10158,1277,8599,22292,20509,17194,3535,8004,1,22104,1539,3684,1.0,41:45,2015,2016
2015-16,200794,Paul Millsap,Paul,1610612737,ATL,Atlanta Hawks,21500026,2015-10-30T00:00:00,ATL vs. CHA,W,36.9,6.0,2.0,3.0,6.0,12.0,15.0,7.0,24.0,2.0,0.0,3.0,5.0,44.0,1,1,1,1,2154,878,4731,3302,5299,20178,24781,15538,8723,932,1,17641,1539,1559,1.0,36:53,2015,2016
2015-16,1626157,Karl-Anthony Towns,Karl-Anthony,1610612750,MIN,Minnesota Timberwolves,21500029,2015-10-30T00:00:00,MIN @ DEN,W,33.2,5.0,2.0,5.0,14.0,6.0,14.0,5.0,32.0,4.0,1.0,3.0,6.0,58.8,1,1,1,1,4966,1603,4731,1277,542,10028,24300,11593,3535,132,17214,17641,873,243,1.0,33:12,2015,2016
2015-16,202324,Derrick Favors,Derrick,1610612762,UTA,Utah Jazz,21500023,2015-10-30T00:00:00,UTA @ PHI,W,29.3,1.0,4.0,0.0,8.0,3.0,5.0,7.0,16.0,2.0,1.0,2.0,6.0,50.9,1,1,1,1,8133,11535,1596,9917,3109,5109,11469,15538,15259,932,17214,11390,873,664,1.0,29:17,2015,2016
2015-16,201587,Nicolas Batum,Nicolas,1610612766,CHA,Charlotte Hornets,21500026,2015-10-30T00:00:00,CHA @ ATL,L,33.4,5.0,2.0,0.0,4.0,14.0,6.0,11.0,30.0,0.0,0.0,2.0,3.0,29.2,1,13074,13074,13074,4842,1603,4731,9917,8599,22292,13237,21342,4541,8004,1,11390,4736,6243,1.0,33:22,2015,2016
2015-16,200768,Kyle Lowry,Kyle,1610612761,TOR,Toronto Raptors,21500024,2015-10-30T00:00:00,TOR @ BOS,W,34.2,5.0,0.0,6.0,6.0,18.0,11.0,16.0,26.0,2.0,0.0,4.0,9.0,47.9,1,1,1,1,4162,1603,10158,740,5299,24749,21814,24641,7214,932,1,22104,138,970,1.0,34:14,2015,2016
2015-16,203092,Tyler Zeller,Tyler,1610612738,BOS,Boston Celtics,21500024,2015-10-30T00:00:00,BOS vs. TOR,L,16.5,0.0,0.0,2.0,8.0,5.0,4.0,6.0,10.0,0.0,0.0,3.0,4.0,11.5,1,13074,13074,13074,18663,12059,10158,4675,3109,8403,8458,13388,20209,8004,1,17641,2748,18079,1.0,16:29,2015,2016
2015-16,201959,Taj Gibson,Taj,1610612741,CHI,Chicago Bulls,21500025,2015-10-30T00:00:00,CHI @ DET,L,19.6,2.0,2.0,2.0,6.0,8.0,5.0,4.0,16.0,3.0,1.0,5.0,1.0,24.4,1,13074,13074,13074,16258,6026,4731,4675,5299,13914,11469,8806,15259,347,17214,24686,12373,8867,1.0,19:34,2015,2016
2015-16,201566,Russell Westbrook,Russell,1610612760,OKC,Oklahoma City Thunder,21500022,2015-10-30T00:00:00,OKC @ ORL,W,47.6,8.0,2.0,6.0,26.0,22.0,15.0,18.0,50.0,1.0,5.0,3.0,14.0,73.2,1,1,1,1,31,308,4731,740,7,25683,24781,25228,107,2692,26042,17641,9,27,1.0,47:35,2015,2016
2015-16,202710,Jimmy Butler III,Jimmy,1610612741,CHI,Chicago Bulls,21500025,2015-10-30T00:00:00,CHI @ DET,L,42.1,5.0,0.0,4.0,6.0,15.0,14.0,10.0,42.0,0.0,0.0,3.0,8.0,44.2,1,13074,13074,13074,299,1603,10158,1913,5299,23079,24300,20169,670,8004,1,17641,254,1515,1.0,42:06,2015,2016
2015-16,202692,Alec Burks,Alec,1610612762,UTA,Utah Jazz,21500023,2015-10-30T00:00:00,UTA @ PHI,W,26.8,2.0,0.0,1.0,6.0,4.0,4.0,3.0,10.0,0.0,0.0,1.0,3.0,24.9,1,1,1,1,10168,6026,10158,9347,5299,6141,8458,7328,20209,8004,1,4972,4736,8553,1.0,26:49,2015,2016
2015-16,1626246,Boban Marjanović,Boban,1610612759,SAS,San Antonio Spurs,21500028,2015-10-30T00:00:00,SAS vs. BKN,W,4.6,0.0,2.0,0.0,2.0,0.0,0.0,0.0,2.0,0.0,0.0,0.0,1.0,11.5,1,1,1,1,24503,12059,4731,9917,12984,1,1,1,24614,8004,1,1,12373,18079,1.0,4:37,2015,2016
2015-16,200765,Rajon Rondo,Rajon,1610612758,SAC,Sacramento Kings,21500031,2015-10-30T00:00:00,SAC vs. LAL,W,23.8,4.0,0.0,8.0,14.0,6.0,4.0,4.0,18.0,0.0,0.0,1.0,2.0,35.6,1,1,1,1,12758,2460,10158,280,542,10028,8458,8806,13577,8004,1,4972,7786,3615,1.0,23:47,2015,2016
2015-16,201567,Kevin Love,Kevin,1610612739,CLE,Cleveland Cavaliers,21500021,2015-10-30T00:00:00,CLE vs. MIA,W,33.1,2.0,11.0,0.0,6.0,11.0,7.0,9.0,32.0,1.0,2.0,2.0,6.0,51.3,1,1,1,1,5027,6026,19,9917,5299,18886,15642,18829,3535,2692,23588,11390,873,631,1.0,33:07,2015,2016
2015-16,203078,Bradley Beal,Bradley,1610612764,WAS,Washington Wizards,21500027,2015-10-30T00:00:00,WAS @ MIL,W,29.7,2.0,3.0,4.0,4.0,13.0,3.0,11.0,32.0,0.0,1.0,5.0,3.0,29.1,1,1,1,1,7802,6026,3104,1913,8599,21300,7138,21342,3535,8004,17214,24686,4736,6285,1.0,29:43,2015,2016
2015-16,203506,Victor Oladipo,Victor,1610612753,ORL,Orlando Magic,21500022,2015-10-30T00:00:00,ORL vs. OKC,L,50.7,2.0,2.0,5.0,10.0,17.0,18.0,8.0,60.0,1.0,5.0,5.0,3.0,58.6,1,13074,13074,13074,8,6026,4731,1277,1840,24337,25634,17194,11,2692,26042,24686,4736,250,1.0,50:40,2015,2016
2015-16,203924,Jerami Grant,Jerami,1610612755,PHI,Philadelphia 76ers,21500023,2015-10-30T00:00:00,PHI vs. UTA,L,25.5,5.0,0.0,2.0,4.0,7.0,6.0,3.0,20.0,2.0,2.0,1.0,3.0,24.0,1,13074,13074,13074,11302,1603,10158,4675,8599,12242,13237,7328,11929,932,23588,4972,4736,9121,1.0,25:29,2015,2016
2015-16,203521,Matthew Dellavedova,Matthew,1610612739,CLE,Cleveland Cavaliers,21500021,2015-10-30T00:00:00,CLE vs. MIA,W,27.0,0.0,0.0,0.0,0.0,3.0,7.0,0.0,22.0,0.0,0.0,0.0,2.0,29.0,1,1,1,1,10043,12059,10158,9917,18861,5109,15642,1,10265,8004,1,1,7786,6346,1.0,26:58,2015,2016
2015-16,203095,Evan Fournier,Evan,1610612753,ORL,Orlando Magic,21500022,2015-10-30T00:00:00,ORL vs. OKC,L,44.7,3.0,0.0,5.0,12.0,12.0,13.0,12.0,52.0,0.0,1.0,3.0,5.0,36.5,1,13074,13074,13074,93,4307,10158,1277,988,20178,23668,22259,59,8004,17214,17641,1539,3326,1.0,44:42,2015,2016
2015-16,203933,T.J. Warren,T.J.,1610612756,PHX,Phoenix Suns,21500032,2015-10-30T00:00:00,PHX vs. POR,W,21.9,6.0,0.0,3.0,12.0,12.0,7.0,9.0,22.0,0.0,0.0,2.0,2.0,24.7,1,1,1,1,14293,878,10158,3302,988,20178,15642,18829,10265,8004,1,11390,7786,8673,1.0,21:51,2015,2016
2015-16,1495,Tim Duncan,Tim,1610612759,SAS,San Antonio Spurs,21500028,2015-10-30T00:00:00,SAS vs. BKN,W,29.1,0.0,0.0,0.0,6.0,6.0,0.0,0.0,14.0,0.0,0.0,2.0,4.0,24.1,1,1,1,1,8315,12059,10158,9917,5299,10028,1,1,17019,8004,1,11390,2748,9068,1.0,29:04,2015,2016
2015-16,203458,Alex Len,Alex,1610612756,PHX,Phoenix Suns,21500032,2015-10-30T00:00:00,PHX vs. POR,W,18.8,0.0,2.0,0.0,8.0,5.0,4.0,9.0,14.0,2.0,0.0,1.0,3.0,24.3,1,1,1,1,16907,12059,4731,9917,3109,8403,8458,18829,17019,932,1,4972,4736,8939,1.0,18:45,2015,2016
2015-16,202702,Kenneth Faried,Kenneth,1610612743,DEN,Denver Nuggets,21500029,2015-10-30T00:00:00,DEN vs. MIN,L,26.8,2.0,2.0,1.0,6.0,8.0,4.0,10.0,26.0,0.0,0.0,1.0,3.0,29.5,1,13074,13074,13074,10204,6026,4731,9347,5299,13914,8458,20169,7214,8004,1,4972,4736,6103,1.0,26:47,2015,2016
2015-16,202328,Greg Monroe,Greg,1610612749,MIL,Milwaukee Bucks,21500027,2015-10-30T00:00:00,MIL vs. WAS,L,34.9,6.0,5.0,2.0,18.0,11.0,5.0,10.0,20.0,0.0,0.0,2.0,3.0,36.5,1,13074,13074,13074,3581,878,995,4675,131,18886,11469,20169,11929,8004,1,11390,4736,3326,1.0,34:56,2015,2016
2015-16,201951,Ty Lawson,Ty,1610612745,HOU,Houston Rockets,21500030,2015-10-30T00:00:00,HOU vs. GSW,L,35.5,0.0,0.0,6.0,2.0,17.0,12.0,17.0,42.0,1.0,1.0,2.0,5.0,24.3,1,13074,13074,13074,3125,12059,10158,740,12984,24337,22832,24967,670,2692,17214,11390,1539,8939,1.0,35:31,2015,2016
2015-16,202326,DeMarcus Cousins,DeMarcus,1610612758,SAC,Sacramento Kings,21500031,2015-10-30T00:00:00,SAC vs. LAL,W,28.4,5.0,3.0,2.0,10.0,6.0,8.0,7.0,22.0,2.0,1.0,3.0,9.0,44.7,1,1,1,1,8929,1603,3104,4675,1840,10028,17345,15538,10265,932,17214,17641,138,1419,1.0,28:23,2015,2016
2015-16,1938,Manu Ginobili,Manu,1610612759,SAS,San Antonio Spurs,21500028,2015-10-30T00:00:00,SAS vs. BKN,W,21.6,0.0,0.0,2.0,6.0,8.0,0.0,0.0,22.0,1.0,2.0,0.0,5.0,29.0,1,1,1,1,14504,12059,10158,4675,5299,13914,1,1,10265,2692,23588,1,1539,6346,1.0,21:37,2015,2016
2015-16,2548,Dwyane Wade,Dwyane,1610612748,MIA,Miami Heat,21500021,2015-10-30T00:00:00,MIA @ CLE,L,30.4,6.0,2.0,2.0,8.0,10.0,10.0,5.0,30.0,1.0,0.0,4.0,4.0,36.3,1,13074,13074,13074,7166,878,4731,4675,3109,17370,20509,11593,4541,2692,1,22104,2748,3380,1.0,30:25,2015,2016
2015-16,202699,Tobias Harris,Tobias,1610612753,ORL,Orlando Magic,21500022,2015-10-30T00:00:00,ORL vs. OKC,L,46.3,4.0,4.0,6.0,14.0,13.0,16.0,10.0,52.0,1.0,1.0,3.0,7.0,44.8,1,13074,13074,13074,50,2460,1596,740,542,21300,25155,20169,59,2692,17214,17641,469,1406,1.0,46:17,2015,2016
2015-16,200752,Rudy Gay,Rudy,1610612758,SAC,Sacramento Kings,21500031,2015-10-30T00:00:00,SAC vs. LAL,W,31.3,6.0,0.0,8.0,6.0,4.0,6.0,13.0,26.0,0.0,2.0,1.0,2.0,36.7,1,1,1,1,6432,878,10158,280,5299,6141,13237,23048,7214,8004,23588,4972,7786,3269,1.0,31:21,2015,2016
2015-16,2547,Chris Bosh,Chris,1610612748,MIA,Miami Heat,21500021,2015-10-30T00:00:00,MIA @ CLE,L,33.2,2.0,2.0,2.0,4.0,10.0,10.0,5.0,30.0,0.0,3.0,0.0,1.0,29.5,1,13074,13074,13074,4985,6026,4731,4675,8599,17370,20509,11593,4541,8004,25441,1,12373,6103,1.0,33:10,2015,2016
2015-16,204456,T.J. McConnell,T.J.,1610612755,PHI,Philadelphia 76ers,21500023,2015-10-30T00:00:00,PHI vs. UTA,L,26.5,2.0,0.0,0.0,2.0,10.0,12.0,3.0,22.0,0.0,0.0,1.0,0.0,13.4,1,13074,13074,13074,10462,6026,10158,9917,12984,17370,22832,7328,10265,8004,1,4972,18762,16614,1.0,26:29,2015,2016
2015-16,1626144,Emmanuel Mudiay,Emmanuel,1610612743,DEN,Denver Nuggets,21500029,2015-10-30T00:00:00,DEN vs. MIN,L,26.5,2.0,0.0,2.0,6.0,8.0,4.0,10.0,26.0,2.0,1.0,2.0,4.0,28.4,1,13074,13074,13074,10451,6026,10158,4675,5299,13914,8458,20169,7214,932,17214,11390,2748,6663,1.0,26:30,2015,2016
2015-16,201228,C.J. Watson,C.J.,1610612753,ORL,Orlando Magic,21500022,2015-10-30T00:00:00,ORL vs. OKC,L,21.0,3.0,0.0,0.0,0.0,10.0,11.0,4.0,24.0,0.0,0.0,1.0,0.0,14.1,1,13074,13074,13074,15083,4307,10158,9917,18861,17370,21814,8806,8723,8004,1,4972,18762,16094,1.0,20:58,2015,2016
2015-16,2744,Al Jefferson,Al,1610612766,CHA,Charlotte Hornets,21500026,2015-10-30T00:00:00,CHA @ ATL,L,29.9,2.0,4.0,0.0,6.0,12.0,6.0,11.0,30.0,2.0,1.0,1.0,1.0,32.2,1,13074,13074,13074,7650,6026,1596,9917,5299,20178,13237,21342,4541,932,17214,4972,12373,4846,1.0,29:52,2015,2016
2015-16,203917,Nik Stauskas,Nik,1610612755,PHI,Philadelphia 76ers,21500023,2015-10-30T00:00:00,PHI vs. UTA,L,21.3,0.0,0.0,2.0,2.0,7.0,12.0,4.0,18.0,0.0,1.0,0.0,2.0,17.6,1,13074,13074,13074,14798,12059,10158,4675,12984,12242,22832,8806,13577,8004,17214,1,7786,13443,1.0,21:17,2015,2016
2015-16,202720,Jon Leuer,Jon,1610612756,PHX,Phoenix Suns,21500032,2015-10-30T00:00:00,PHX vs. POR,W,14.6,0.0,0.0,1.0,0.0,8.0,5.0,7.0,12.0,0.0,1.0,2.0,3.0,13.6,1,1,1,1,20038,12059,10158,9347,18861,13914,11469,15538,18637,8004,17214,11390,4736,16460,1.0,14:36,2015,2016
2015-16,202340,Avery Bradley,Avery,1610612738,BOS,Boston Celtics,21500024,2015-10-30T00:00:00,BOS vs. TOR,L,29.7,5.0,2.0,3.0,0.0,9.0,8.0,6.0,22.0,1.0,1.0,3.0,1.0,27.5,1,13074,13074,13074,7847,1603,4731,3302,18861,15771,17345,13388,10265,2692,17214,17641,12373,7137,1.0,29:39,2015,2016
2015-16,201573,Jerryd Bayless,Jerryd,1610612749,MIL,Milwaukee Bucks,21500027,2015-10-30T00:00:00,MIL vs. WAS,L,27.0,2.0,2.0,0.0,2.0,14.0,2.0,14.0,20.0,0.0,1.0,1.0,2.0,22.0,1,13074,13074,13074,9986,6026,4731,9917,12984,22292,3734,23710,11929,8004,17214,4972,7786,10388,1.0,27:02,2015,2016
2015-16,101107,Marvin Williams,Marvin,1610612766,CHA,Charlotte Hornets,21500026,2015-10-30T00:00:00,CHA @ ATL,L,35.6,0.0,4.0,0.0,4.0,16.0,4.0,10.0,26.0,1.0,0.0,2.0,0.0,32.9,1,13074,13074,13074,3064,12059,1596,9917,8599,23774,8458,20169,7214,2692,1,11390,18762,4566,1.0,35:36,2015,2016
2015-16,1626156,D'Angelo Russell,D'Angelo,1610612747,LAL,Los Angeles Lakers,21500031,2015-10-30T00:00:00,LAL @ SAC,L,23.0,2.0,0.0,2.0,4.0,21.0,5.0,14.0,32.0,0.0,0.0,0.0,1.0,17.4,1,13074,13074,13074,13349,6026,10158,4675,8599,25535,11469,23710,3535,8004,1,1,12373,13595,1.0,23:02,2015,2016
2015-16,2449,Luis Scola,Luis,1610612761,TOR,Toronto Raptors,21500024,2015-10-30T00:00:00,TOR @ BOS,W,22.4,3.0,2.0,0.0,4.0,11.0,5.0,8.0,16.0,0.0,0.0,2.0,1.0,22.3,1,1,1,1,13807,4307,4731,9917,8599,18886,11469,17194,15259,8004,1,11390,12373,10208,1.0,22:26,2015,2016
2015-16,201960,DeMarre Carroll,DeMarre,1610612761,TOR,Toronto Raptors,21500024,2015-10-30T00:00:00,TOR @ BOS,W,34.7,5.0,7.0,0.0,8.0,20.0,11.0,19.0,24.0,0.0,0.0,3.0,2.0,32.0,1,1,1,1,3744,1603,292,9917,3109,25338,21814,25435,8723,8004,1,17641,7786,4945,1.0,34:44,2015,2016
2015-16,202330,Gordon Hayward,Gordon,1610612762,UTA,Utah Jazz,21500023,2015-10-30T00:00:00,UTA @ PHI,W,31.2,2.0,0.0,3.0,4.0,5.0,7.0,4.0,16.0,0.0,1.0,2.0,4.0,28.4,1,1,1,1,6588,6026,10158,3302,8599,8403,15642,8806,15259,8004,17214,11390,2748,6663,1.0,31:10,2015,2016
2015-16,1626161,Willie Cauley-Stein,Willie,1610612758,SAC,Sacramento Kings,21500031,2015-10-30T00:00:00,SAC vs. LAL,W,30.2,0.0,6.0,0.0,14.0,6.0,4.0,9.0,28.0,3.0,0.0,5.0,3.0,39.3,1,1,1,1,7363,12059,481,9917,542,10028,8458,18829,5824,347,1,24686,4736,2563,1.0,30:11,2015,2016
2015-16,203948,Johnny O'Bryant III,Johnny,1610612749,MIL,Milwaukee Bucks,21500027,2015-10-30T00:00:00,MIL vs. WAS,L,27.7,2.0,1.0,0.0,0.0,9.0,5.0,5.0,22.0,0.0,0.0,4.0,3.0,17.4,1,13074,13074,13074,9460,6026,9709,9917,18861,15771,11469,11593,10265,8004,1,22104,4736,13595,1.0,27:43,2015,2016
2015-16,202322,John Wall,John,1610612764,WAS,Washington Wizards,21500027,2015-10-30T00:00:00,WAS @ MIL,W,33.9,0.0,0.0,2.0,4.0,17.0,10.0,13.0,36.0,1.0,1.0,1.0,5.0,39.2,1,1,1,1,4450,12059,10158,4675,8599,24337,20509,23048,1943,2692,17214,4972,1539,2590,1.0,33:53,2015,2016
2015-16,203109,Jae Crowder,Jae,1610612738,BOS,Boston Celtics,21500024,2015-10-30T00:00:00,BOS vs. TOR,L,33.9,3.0,0.0,0.0,0.0,11.0,8.0,6.0,26.0,1.0,0.0,3.0,2.0,27.8,1,13074,13074,13074,4411,4307,10158,9917,18861,18886,17345,13388,7214,2692,1,17641,7786,6950,1.0,33:55,2015,2016
2015-16,203527,Ryan Kelly,Ryan,1610612747,LAL,Los Angeles Lakers,21500031,2015-10-30T00:00:00,LAL @ SAC,L,27.7,0.0,2.0,0.0,4.0,9.0,20.0,19.0,50.0,3.0,1.0,0.0,2.0,28.7,1,13074,13074,13074,9441,12059,4731,9917,8599,15771,25875,25435,107,347,17214,1,7786,6514,1.0,27:43,2015,2016
2015-16,203918,Rodney Hood,Rodney,1610612762,UTA,Utah Jazz,21500023,2015-10-30T00:00:00,UTA @ PHI,W,22.6,7.0,6.0,4.0,2.0,3.0,6.0,7.0,10.0,0.0,0.0,3.0,1.0,17.5,1,1,1,1,13679,548,481,1913,12984,5109,13237,15538,20209,8004,1,17641,12373,13528,1.0,22:37,2015,2016
2015-16,203901,Elfrid Payton,Elfrid,1610612753,ORL,Orlando Magic,21500022,2015-10-30T00:00:00,ORL vs. OKC,L,36.8,2.0,3.0,0.0,4.0,7.0,9.0,8.0,40.0,0.0,1.0,5.0,1.0,28.1,1,13074,13074,13074,2236,6026,3104,9917,8599,12242,19144,17194,983,8004,17214,24686,12373,6818,1.0,36:47,2015,2016
2015-16,1626273,Marcelo Huertas,Marcelo,1610612747,LAL,Los Angeles Lakers,21500031,2015-10-30T00:00:00,LAL @ SAC,L,18.3,0.0,0.0,0.0,0.0,5.0,13.0,16.0,36.0,0.0,0.0,3.0,0.0,13.4,1,13074,13074,13074,17266,12059,10158,9917,18861,8403,23668,24641,1943,8004,1,17641,18762,16614,1.0,18:18,2015,2016
2015-16,203991,Clint Capela,Clint,1610612745,HOU,Houston Rockets,21500030,2015-10-30T00:00:00,HOU vs. GSW,L,17.8,2.0,2.0,0.0,6.0,9.0,4.0,9.0,14.0,2.0,0.0,2.0,1.0,22.1,1,13074,13074,13074,17715,6026,4731,9917,5299,15771,8458,18829,17019,932,1,11390,12373,10332,1.0,17:45,2015,2016
2015-16,2730,Dwight Howard,Dwight,1610612745,HOU,Houston Rockets,21500030,2015-10-30T00:00:00,HOU vs. GSW,L,21.8,2.0,0.0,0.0,8.0,8.0,7.0,6.0,24.0,1.0,1.0,5.0,2.0,22.4,1,13074,13074,13074,14316,6026,10158,9917,3109,13914,15642,13388,8723,2692,17214,24686,7786,10131,1.0,21:49,2015,2016
2015-16,202389,Timofey Mozgov,Timofey,1610612739,CLE,Cleveland Cavaliers,21500021,2015-10-30T00:00:00,CLE vs. MIA,W,18.1,0.0,0.0,0.0,8.0,2.0,4.0,3.0,6.0,1.0,1.0,2.0,1.0,17.0,1,1,1,1,17465,12059,10158,9917,3109,2619,8458,7328,22724,2692,17214,11390,12373,13855,1.0,18:04,2015,2016
2015-16,202738,Isaiah Thomas,Isaiah,1610612738,BOS,Boston Celtics,21500024,2015-10-30T00:00:00,BOS vs. TOR,L,29.1,10.0,0.0,13.0,12.0,13.0,9.0,3.0,16.0,0.0,1.0,5.0,7.0,39.7,1,13074,13074,13074,8286,99,10158,26,988,21300,19144,7328,15259,8004,17214,24686,469,2451,1.0,29:07,2015,2016
2015-16,201980,Danny Green,Danny,1610612759,SAS,San Antonio Spurs,21500028,2015-10-30T00:00:00,SAS vs. BKN,W,26.6,0.0,5.0,0.0,2.0,4.0,0.0,0.0,12.0,0.0,0.0,0.0,0.0,13.8,1,1,1,1,10412,12059,995,9917,12984,6141,1,1,18637,8004,1,1,18762,16311,1.0,26:33,2015,2016
2015-16,201156,Nick Young,Nick,1610612747,LAL,Los Angeles Lakers,21500031,2015-10-30T00:00:00,LAL @ SAC,L,21.7,2.0,0.0,8.0,0.0,9.0,20.0,15.0,42.0,0.0,1.0,0.0,3.0,32.9,1,13074,13074,13074,14406,6026,10158,280,18861,15771,25875,24242,670,8004,17214,1,4736,4566,1.0,21:44,2015,2016
2015-16,2749,Jameer Nelson,Jameer,1610612743,DEN,Denver Nuggets,21500029,2015-10-30T00:00:00,DEN vs. MIN,L,25.7,0.0,0.0,0.0,0.0,6.0,0.0,4.0,10.0,0.0,1.0,2.0,3.0,13.4,1,13074,13074,13074,11100,12059,10158,9917,18861,10028,1,8806,20209,8004,17214,11390,4736,16614,1.0,25:42,2015,2016
2015-16,2736,Luol Deng,Luol,1610612748,MIA,Miami Heat,21500021,2015-10-30T00:00:00,MIA @ CLE,L,29.2,3.0,1.0,2.0,6.0,7.0,10.0,5.0,30.0,0.0,1.0,3.0,2.0,22.2,1,13074,13074,13074,8209,4307,9709,4675,5299,12242,20509,11593,4541,8004,17214,17641,7786,10263,1.0,29:12,2015,2016
2015-16,708,Kevin Garnett,Kevin,1610612750,MIN,Minnesota Timberwolves,21500029,2015-10-30T00:00:00,MIN @ DEN,W,22.3,0.0,0.0,2.0,2.0,2.0,12.0,4.0,22.0,0.0,0.0,2.0,1.0,17.2,1,1,1,1,13905,12059,10158,4675,12984,2619,22832,8806,10265,8004,1,11390,12373,13725,1.0,22:19,2015,2016
2015-16,203943,Noah Vonleh,Noah,1610612757,POR,Portland Trail Blazers,21500032,2015-10-30T00:00:00,POR @ PHX,L,21.0,0.0,2.0,0.0,2.0,10.0,6.0,6.0,24.0,1.0,0.0,2.0,0.0,13.7,1,13074,13074,13074,15036,12059,4731,9917,12984,17370,13237,13388,8723,2692,1,11390,18762,16393,1.0,21:02,2015,2016
2015-16,201572,Brook Lopez,Brook,1610612751,BKN,Brooklyn Nets,21500028,2015-10-30T00:00:00,BKN @ SAS,L,32.0,2.0,0.0,0.0,6.0,6.0,11.0,2.0,28.0,1.0,1.0,3.0,3.0,27.6,1,13074,13074,13074,5899,6026,10158,9917,5299,10028,21814,4025,5824,2692,17214,17641,4736,7080,1.0,31:59,2015,2016
2015-16,202684,Tristan Thompson,Tristan,1610612739,CLE,Cleveland Cavaliers,21500021,2015-10-30T00:00:00,CLE vs. MIA,W,26.1,0.0,0.0,0.0,10.0,5.0,7.0,2.0,24.0,1.0,2.0,1.0,3.0,28.3,1,1,1,1,10803,12059,10158,9917,1840,8403,15642,4025,8723,2692,23588,4972,4736,6720,1.0,26:03,2015,2016
2015-16,202329,Al-Farouq Aminu,Al-Farouq,1610612757,POR,Portland Trail Blazers,21500032,2015-10-30T00:00:00,POR @ PHX,L,31.5,2.0,2.0,6.0,6.0,23.0,11.0,10.0,40.0,2.0,1.0,5.0,3.0,28.0,1,13074,13074,13074,6282,6026,4731,740,5299,25803,21814,20169,983,932,17214,24686,4736,6864,1.0,31:32,2015,2016
2015-16,101179,Ronnie Price,Ronnie,1610612756,PHX,Phoenix Suns,21500032,2015-10-30T00:00:00,PHX vs. POR,W,10.5,4.0,0.0,6.0,2.0,2.0,6.0,4.0,10.0,0.0,0.0,1.0,3.0,17.4,1,1,1,1,22229,2460,10158,740,12984,2619,13237,8806,20209,8004,1,4972,4736,13595,1.0,10:30,2015,2016
2015-16,2772,Trevor Ariza,Trevor,1610612745,HOU,Houston Rockets,21500030,2015-10-30T00:00:00,HOU vs. GSW,L,29.7,0.0,0.0,0.0,2.0,15.0,7.0,15.0,26.0,0.0,0.0,1.0,1.0,17.5,1,13074,13074,13074,7820,12059,10158,9917,12984,23079,15642,24242,7214,8004,1,4972,12373,13528,1.0,29:41,2015,2016
2015-16,201571,D.J. Augustin,D.J.,1610612760,OKC,Oklahoma City Thunder,21500022,2015-10-30T00:00:00,OKC @ ORL,W,28.2,0.0,2.0,2.0,4.0,5.0,9.0,2.0,16.0,0.0,0.0,3.0,2.0,21.9,1,1,1,1,9052,12059,4731,4675,8599,8403,19144,4025,15259,8004,1,17641,7786,10460,1.0,28:14,2015,2016
2015-16,1626143,Jahlil Okafor,Jahlil,1610612755,PHI,Philadelphia 76ers,21500023,2015-10-30T00:00:00,PHI vs. UTA,L,36.1,0.0,4.0,0.0,6.0,20.0,18.0,9.0,30.0,0.0,2.0,3.0,4.0,19.7,1,13074,13074,13074,2697,12059,1596,9917,5299,25338,25634,18829,4541,8004,23588,17641,2748,11962,1.0,36:04,2015,2016
2015-16,203105,Festus Ezeli,Festus,1610612744,GSW,Golden State Warriors,21500030,2015-10-30T00:00:00,GSW @ HOU,W,24.7,1.0,0.0,1.0,8.0,7.0,4.0,7.0,14.0,2.0,2.0,2.0,2.0,22.9,1,1,1,1,11927,11535,10158,9347,3109,12242,8458,15538,17019,932,23588,11390,7786,9811,1.0,24:42,2015,2016
2015-16,203504,Trey Burke,Trey,1610612762,UTA,Utah Jazz,21500023,2015-10-30T00:00:00,UTA @ PHI,W,27.5,4.0,0.0,2.0,6.0,7.0,8.0,7.0,14.0,0.0,0.0,0.0,0.0,25.6,1,1,1,1,9629,2460,10158,4675,5299,12242,17345,15538,17019,8004,1,1,18762,8157,1.0,27:28,2015,2016
2015-16,1626163,Frank Kaminsky,Frank,1610612766,CHA,Charlotte Hornets,21500026,2015-10-30T00:00:00,CHA @ ATL,L,13.5,0.0,0.0,0.0,2.0,6.0,5.0,16.0,12.0,0.0,0.0,1.0,0.0,10.1,1,13074,13074,13074,20693,12059,10158,9917,12984,10028,11469,24641,18637,8004,1,4972,18762,19105,1.0,13:31,2015,2016
2015-16,203079,Dion Waiters,Dion,1610612760,OKC,Oklahoma City Thunder,21500022,2015-10-30T00:00:00,OKC @ ORL,W,28.6,3.0,0.0,0.0,0.0,5.0,9.0,0.0,14.0,1.0,0.0,3.0,0.0,14.4,1,1,1,1,8760,4307,10158,9917,18861,8403,19144,1,17019,2692,1,17641,18762,15857,1.0,28:34,2015,2016
2015-16,200782,P.J. Tucker,P.J.,1610612756,PHX,Phoenix Suns,21500032,2015-10-30T00:00:00,PHX vs. POR,W,23.8,2.0,2.0,0.0,4.0,8.0,7.0,8.0,18.0,0.0,0.0,2.0,2.0,14.3,1,1,1,1,12778,6026,4731,9917,8599,13914,15642,17194,13577,8004,1,11390,7786,15948,1.0,23:45,2015,2016
2015-16,2403,Nene,ene,1610612764,WAS,Washington Wizards,21500027,2015-10-30T00:00:00,WAS @ MIL,W,21.5,1.0,2.0,0.0,6.0,5.0,10.0,0.0,18.0,0.0,0.0,2.0,5.0,23.6,1,1,1,1,14578,11535,4731,9917,5299,8403,20509,1,13577,8004,1,11390,1539,9377,1.0,21:31,2015,2016
2015-16,201609,Goran Dragic,Goran,1610612748,MIA,Miami Heat,21500021,2015-10-30T00:00:00,MIA @ CLE,L,33.6,2.0,0.0,2.0,4.0,8.0,10.0,5.0,30.0,0.0,0.0,3.0,4.0,25.6,1,13074,13074,13074,4668,6026,10158,4675,8599,13914,20509,11593,4541,8004,1,17641,2748,8157,1.0,33:36,2015,2016
2015-16,201565,Derrick Rose,Derrick,1610612741,CHI,Chicago Bulls,21500025,2015-10-30T00:00:00,CHI @ DET,L,34.5,2.0,0.0,0.0,4.0,19.0,13.0,8.0,42.0,0.0,1.0,3.0,0.0,14.4,1,13074,13074,13074,3956,6026,10158,9917,8599,25074,23668,17194,670,8004,17214,17641,18762,15857,1.0,34:29,2015,2016
2015-16,203477,Isaiah Canaan,Isaiah,1610612755,PHI,Philadelphia 76ers,21500023,2015-10-30T00:00:00,PHI vs. UTA,L,31.2,2.0,1.0,0.0,0.0,11.0,13.0,6.0,22.0,0.0,1.0,4.0,4.0,15.0,1,13074,13074,13074,6561,6026,9709,9917,18861,18886,23668,13388,10265,8004,17214,22104,2748,15404,1.0,31:12,2015,2016
2015-16,203482,Kelly Olynyk,Kelly,1610612738,BOS,Boston Celtics,21500024,2015-10-30T00:00:00,BOS vs. TOR,L,16.6,1.0,0.0,3.0,6.0,6.0,2.0,0.0,12.0,0.0,0.0,0.0,4.0,19.4,1,13074,13074,13074,18576,11535,10158,3302,5299,10028,3734,1,18637,8004,1,1,2748,12154,1.0,16:36,2015,2016
2015-16,1626149,Montrezl Harrell,Montrezl,1610612745,HOU,Houston Rockets,21500030,2015-10-30T00:00:00,HOU vs. GSW,L,21.2,4.0,4.0,2.0,14.0,8.0,4.0,9.0,24.0,1.0,0.0,1.0,3.0,23.6,1,13074,13074,13074,14918,2460,1596,4675,542,13914,8458,18829,8723,2692,1,4972,4736,9377,1.0,21:10,2015,2016
2015-16,203530,Joffrey Lauvergne,Joffrey,1610612743,DEN,Denver Nuggets,21500029,2015-10-30T00:00:00,DEN vs. MIN,L,16.3,0.0,6.0,2.0,8.0,3.0,4.0,4.0,14.0,0.0,1.0,3.0,2.0,19.0,1,13074,13074,13074,18852,12059,481,4675,3109,5109,8458,8806,17019,8004,17214,17641,7786,12440,1.0,16:15,2015,2016
2015-16,201150,Spencer Hawes,Spencer,1610612766,CHA,Charlotte Hornets,21500026,2015-10-30T00:00:00,CHA @ ATL,L,17.9,0.0,2.0,0.0,6.0,13.0,3.0,10.0,12.0,0.0,0.0,5.0,3.0,22.8,1,13074,13074,13074,17632,12059,4731,9917,5299,21300,7138,20169,18637,8004,1,24686,4736,9883,1.0,17:51,2015,2016
2015-16,977,Kobe Bryant,Kobe,1610612747,LAL,Los Angeles Lakers,21500031,2015-10-30T00:00:00,LAL @ SAC,L,22.2,2.0,4.0,3.0,4.0,18.0,5.0,16.0,32.0,0.0,0.0,2.0,1.0,19.3,1,13074,13074,13074,14007,6026,1596,3302,8599,24749,11469,24641,3535,8004,1,11390,12373,12228,1.0,22:12,2015,2016
2015-16,2419,Tayshaun Prince,Tayshaun,1610612750,MIN,Minnesota Timberwolves,21500029,2015-10-30T00:00:00,MIN @ DEN,W,29.3,0.0,0.0,0.0,0.0,4.0,12.0,5.0,28.0,0.0,0.0,2.0,0.0,14.6,1,1,1,1,8099,12059,10158,9917,18861,6141,22832,11593,5824,8004,1,11390,18762,15699,1.0,29:20,2015,2016
2015-16,202685,Jonas Valančiūnas,Jonas,1610612761,TOR,Toronto Raptors,21500024,2015-10-30T00:00:00,TOR @ BOS,W,23.3,2.0,2.0,0.0,4.0,13.0,2.0,12.0,18.0,0.0,2.0,4.0,3.0,19.0,1,1,1,1,13136,6026,4731,9917,8599,21300,3734,22259,13577,8004,23588,22104,4736,12440,1.0,23:16,2015,2016
2015-16,202391,Jeremy Lin,Jeremy,1610612766,CHA,Charlotte Hornets,21500026,2015-10-30T00:00:00,CHA @ ATL,L,27.1,5.0,3.0,2.0,0.0,18.0,7.0,19.0,22.0,0.0,1.0,2.0,5.0,22.8,1,13074,13074,13074,9912,1603,3104,4675,18861,24749,15642,25435,10265,8004,17214,11390,1539,9883,1.0,27:07,2015,2016
2015-16,201961,Wayne Ellington,Wayne,1610612751,BKN,Brooklyn Nets,21500028,2015-10-30T00:00:00,BKN @ SAS,L,18.3,0.0,0.0,0.0,0.0,2.0,7.0,2.0,14.0,0.0,1.0,2.0,1.0,10.2,1,13074,13074,13074,17291,12059,10158,9917,18861,2619,15642,4025,17019,8004,17214,11390,12373,19003,1.0,18:16,2015,2016
2015-16,203960,JaKarr Sampson,JaKarr,1610612755,PHI,Philadelphia 76ers,21500023,2015-10-30T00:00:00,PHI vs. UTA,L,20.5,0.0,0.0,0.0,2.0,13.0,11.0,7.0,28.0,0.0,2.0,6.0,2.0,10.3,1,13074,13074,13074,15494,12059,10158,9917,12984,21300,21814,15538,5824,8004,23588,25827,7786,18965,1.0,20:29,2015,2016
2015-16,203082,Terrence Ross,Terrence,1610612761,TOR,Toronto Raptors,21500024,2015-10-30T00:00:00,TOR @ BOS,W,21.1,3.0,0.0,0.0,6.0,16.0,0.0,13.0,22.0,0.0,0.0,0.0,2.0,23.8,1,1,1,1,14974,4307,10158,9917,5299,23774,1,23048,10265,8004,1,1,7786,9261,1.0,21:06,2015,2016
2015-16,201956,Omri Casspi,Omri,1610612758,SAC,Sacramento Kings,21500031,2015-10-30T00:00:00,SAC vs. LAL,W,22.0,2.0,5.0,7.0,10.0,4.0,4.0,15.0,16.0,0.0,1.0,3.0,2.0,25.8,1,1,1,1,14179,6026,995,454,1840,6141,8458,24242,15259,8004,17214,17641,7786,8022,1.0,21:59,2015,2016
2015-16,203469,Cody Zeller,Cody,1610612766,CHA,Charlotte Hornets,21500026,2015-10-30T00:00:00,CHA @ ATL,L,16.8,0.0,2.0,0.0,4.0,16.0,0.0,3.0,18.0,0.0,0.0,3.0,2.0,10.4,1,13074,13074,13074,18391,12059,4731,9917,8599,23774,1,7328,13577,8004,1,17641,7786,18859,1.0,16:51,2015,2016
2015-16,202691,Klay Thompson,Klay,1610612744,GSW,Golden State Warriors,21500030,2015-10-30T00:00:00,GSW @ HOU,W,24.1,2.0,0.0,4.0,4.0,5.0,0.0,7.0,14.0,0.0,0.0,3.0,1.0,14.4,1,1,1,1,12508,6026,10158,1913,8599,8403,1,15538,17019,8004,1,17641,12373,15857,1.0,24:03,2015,2016
2015-16,203142,Chris Copeland,Chris,1610612749,MIL,Milwaukee Bucks,21500027,2015-10-30T00:00:00,MIL vs. WAS,L,8.8,0.0,0.0,0.0,0.0,4.0,0.0,4.0,2.0,0.0,0.0,5.0,0.0,9.9,1,13074,13074,13074,22903,12059,10158,9917,18861,6141,1,8806,24614,8004,1,24686,18762,19247,1.0,8:50,2015,2016
2015-16,201935,James Harden,James,1610612745,HOU,Houston Rockets,21500030,2015-10-30T00:00:00,HOU vs. GSW,L,37.0,1.0,2.0,3.0,2.0,17.0,11.0,17.0,40.0,1.0,1.0,2.0,6.0,33.9,1,13074,13074,13074,2077,11535,4731,3302,12984,24337,21814,24967,983,2692,17214,11390,873,4208,1.0,37:00,2015,2016
2015-16,201988,Patty Mills,Patty,1610612759,SAS,San Antonio Spurs,21500028,2015-10-30T00:00:00,SAS vs. BKN,W,18.4,3.0,0.0,0.0,2.0,6.0,0.0,0.0,18.0,0.0,0.0,0.0,1.0,19.1,1,1,1,1,17181,4307,10158,9917,12984,10028,1,1,13577,8004,1,1,12373,12372,1.0,18:24,2015,2016
2015-16,202339,Eric Bledsoe,Eric,1610612756,PHX,Phoenix Suns,21500032,2015-10-30T00:00:00,PHX vs. POR,W,33.2,2.0,0.0,4.0,8.0,15.0,10.0,10.0,28.0,1.0,2.0,0.0,6.0,34.9,1,1,1,1,4944,6026,10158,1913,3109,23079,20509,20169,5824,2692,23588,1,873,3845,1.0,33:14,2015,2016
2015-16,203499,Shane Larkin,Shane,1610612751,BKN,Brooklyn Nets,21500028,2015-10-30T00:00:00,BKN @ SAS,L,16.4,0.0,0.0,0.0,2.0,8.0,2.0,5.0,14.0,1.0,0.0,0.0,2.0,15.0,1,13074,13074,13074,18699,12059,10158,9917,12984,13914,3734,11593,17019,2692,1,1,7786,15404,1.0,16:26,2015,2016
2015-16,203932,Aaron Gordon,Aaron,1610612753,ORL,Orlando Magic,21500022,2015-10-30T00:00:00,ORL vs. OKC,L,17.8,2.0,2.0,2.0,4.0,7.0,6.0,4.0,16.0,1.0,0.0,5.0,4.0,23.6,1,13074,13074,13074,17642,6026,4731,4675,8599,12242,13237,8806,15259,2692,1,24686,2748,9377,1.0,17:51,2015,2016
2015-16,202335,Patrick Patterson,Patrick,1610612761,TOR,Toronto Raptors,21500024,2015-10-30T00:00:00,TOR @ BOS,W,24.7,0.0,2.0,0.0,0.0,10.0,4.0,11.0,24.0,0.0,0.0,3.0,2.0,10.0,1,1,1,1,11894,12059,4731,9917,18861,17370,8458,21342,8723,8004,1,17641,7786,19178,1.0,24:44,2015,2016
2015-16,203952,Andrew Wiggins,Andrew,1610612750,MIN,Minnesota Timberwolves,21500029,2015-10-30T00:00:00,MIN @ DEN,W,30.7,5.0,2.0,0.0,8.0,6.0,12.0,5.0,32.0,1.0,2.0,2.0,8.0,23.3,1,1,1,1,6961,1603,4731,9917,3109,10028,22832,11593,3535,2692,23588,11390,254,9567,1.0,30:41,2015,2016
2015-16,202695,Kawhi Leonard,Kawhi,1610612759,SAS,San Antonio Spurs,21500028,2015-10-30T00:00:00,SAS vs. BKN,W,25.8,6.0,0.0,2.0,6.0,6.0,0.0,0.0,10.0,1.0,0.0,3.0,4.0,34.5,1,1,1,1,11030,878,10158,4675,5299,10028,1,1,20209,2692,1,17641,2748,3997,1.0,25:47,2015,2016
2015-16,201589,Darrell Arthur,Darrell,1610612743,DEN,Denver Nuggets,21500029,2015-10-30T00:00:00,DEN vs. MIN,L,26.4,0.0,0.0,0.0,0.0,13.0,0.0,8.0,16.0,1.0,0.0,5.0,0.0,18.8,1,13074,13074,13074,10501,12059,10158,9917,18861,21300,1,17194,15259,2692,1,24686,18762,12588,1.0,26:26,2015,2016
2015-16,201578,Marreese Speights,Marreese,1610612744,GSW,Golden State Warriors,21500030,2015-10-30T00:00:00,GSW @ HOU,W,12.7,0.0,4.0,0.0,8.0,0.0,9.0,2.0,16.0,1.0,0.0,3.0,2.0,23.3,1,1,1,1,21161,12059,1596,9917,3109,1,19144,4025,15259,2692,1,17641,7786,9567,1.0,12:40,2015,2016
2015-16,203934,Lamar Patterson,Lamar,1610612737,ATL,Atlanta Hawks,21500026,2015-10-30T00:00:00,ATL vs. CHA,W,21.2,1.0,2.0,2.0,0.0,7.0,2.0,10.0,10.0,0.0,0.0,1.0,2.0,14.9,1,1,1,1,14915,11535,4731,4675,18861,12242,3734,20169,20209,8004,1,4972,7786,15463,1.0,21:11,2015,2016
2015-16,202334,Ed Davis,Ed,1610612757,POR,Portland Trail Blazers,21500032,2015-10-30T00:00:00,POR @ PHX,L,19.7,0.0,0.0,0.0,4.0,6.0,4.0,4.0,24.0,1.0,0.0,2.0,2.0,9.9,1,13074,13074,13074,16148,12059,10158,9917,8599,10028,8458,8806,8723,2692,1,11390,7786,19247,1.0,19:42,2015,2016
2015-16,203493,Reggie Bullock Jr.,Reggie,1610612765,DET,Detroit Pistons,21500025,2015-10-30T00:00:00,DET vs. CHI,W,14.7,0.0,0.0,0.0,0.0,5.0,2.0,10.0,12.0,0.0,0.0,1.0,0.0,2.4,1,1,1,1,19992,12059,10158,9917,18861,8403,3734,20169,18637,8004,1,4972,18762,24024,1.0,14:40,2015,2016
2015-16,202390,Gary Neal,Gary,1610612764,WAS,Washington Wizards,21500027,2015-10-30T00:00:00,WAS @ MIL,W,22.0,0.0,0.0,2.0,2.0,3.0,12.0,0.0,20.0,0.0,0.0,1.0,4.0,18.4,1,1,1,1,14197,12059,10158,4675,12984,5109,22832,1,11929,8004,1,4972,2748,12854,1.0,21:58,2015,2016
2015-16,203084,Harrison Barnes,Harrison,1610612744,GSW,Golden State Warriors,21500030,2015-10-30T00:00:00,GSW @ HOU,W,26.5,2.0,0.0,0.0,6.0,3.0,7.0,9.0,20.0,0.0,0.0,2.0,2.0,21.0,1,1,1,1,10474,6026,10158,9917,5299,5109,15642,18829,11929,8004,1,11390,7786,11077,1.0,26:28,2015,2016
2015-16,201168,Tiago Splitter,Tiago,1610612737,ATL,Atlanta Hawks,21500026,2015-10-30T00:00:00,ATL vs. CHA,W,15.8,2.0,0.0,3.0,4.0,5.0,0.0,8.0,8.0,0.0,0.0,1.0,4.0,12.6,1,1,1,1,19193,6026,10158,3302,8599,8403,1,17194,21543,8004,1,4972,2748,17277,1.0,15:48,2015,2016
2015-16,101150,Lou Williams,Lou,1610612747,LAL,Los Angeles Lakers,21500031,2015-10-30T00:00:00,LAL @ SAC,L,26.1,2.0,0.0,4.0,4.0,9.0,20.0,19.0,48.0,0.0,1.0,2.0,3.0,21.3,1,13074,13074,13074,10736,6026,10158,1913,8599,15771,25875,25435,192,8004,17214,11390,4736,10880,1.0,26:08,2015,2016
2015-16,202349,Greivis Vasquez,Greivis,1610612749,MIL,Milwaukee Bucks,21500027,2015-10-30T00:00:00,MIL vs. WAS,L,16.6,0.0,0.0,0.0,0.0,8.0,0.0,9.0,16.0,0.0,1.0,4.0,1.0,7.9,1,13074,13074,13074,18576,12059,10158,9917,18861,13914,1,18829,15259,8004,17214,22104,12373,20646,1.0,16:36,2015,2016
2015-16,2571,Leandro Barbosa,Leandro,1610612744,GSW,Golden State Warriors,21500030,2015-10-30T00:00:00,GSW @ HOU,W,19.4,0.0,0.0,0.0,0.0,2.0,13.0,6.0,20.0,0.0,0.0,3.0,0.0,18.4,1,1,1,1,16399,12059,10158,9917,18861,2619,23668,13388,11929,8004,1,17641,18762,12854,1.0,19:23,2015,2016
2015-16,2225,Tony Parker,Tony,1610612759,SAS,San Antonio Spurs,21500028,2015-10-30T00:00:00,SAS vs. BKN,W,23.8,0.0,0.0,0.0,4.0,4.0,0.0,0.0,12.0,0.0,0.0,3.0,0.0,16.2,1,1,1,1,12769,12059,10158,9917,8599,6141,1,1,18637,8004,1,17641,18762,14436,1.0,23:46,2015,2016
2015-16,203937,Kyle Anderson,Kyle,1610612759,SAS,San Antonio Spurs,21500028,2015-10-30T00:00:00,SAS vs. BKN,W,10.9,0.0,0.0,0.0,0.0,2.0,0.0,0.0,8.0,1.0,0.0,3.0,1.0,8.4,1,1,1,1,22077,12059,10158,9917,18861,2619,1,1,21543,2692,1,17641,12373,20273,1.0,10:53,2015,2016
2015-16,203490,Otto Porter Jr.,Otto,1610612764,WAS,Washington Wizards,21500027,2015-10-30T00:00:00,WAS @ MIL,W,31.0,1.0,0.0,0.0,2.0,17.0,10.0,13.0,36.0,1.0,0.0,3.0,3.0,18.3,1,1,1,1,6739,11535,10158,9917,12984,24337,20509,23048,1943,2692,1,17641,4736,12952,1.0,30:59,2015,2016
2015-16,201949,James Johnson,James,1610612761,TOR,Toronto Raptors,21500024,2015-10-30T00:00:00,TOR @ BOS,W,7.9,0.0,0.0,0.0,0.0,1.0,4.0,5.0,6.0,0.0,0.0,1.0,0.0,2.7,1,1,1,1,23223,12059,10158,9917,18861,2356,8458,11593,22724,8004,1,4972,18762,23884,1.0,7:54,2015,2016
2015-16,1626174,Christian Wood,Christian,1610612755,PHI,Philadelphia 76ers,21500023,2015-10-30T00:00:00,PHI vs. UTA,L,5.5,0.0,0.0,0.0,0.0,2.0,6.0,2.0,10.0,0.0,0.0,0.0,3.0,3.0,1,13074,13074,13074,24180,12059,10158,9917,18861,2619,13237,4025,20209,8004,1,1,4736,23648,1.0,5:28,2015,2016
2015-16,203118,Mike Scott,Mike,1610612737,ATL,Atlanta Hawks,21500026,2015-10-30T00:00:00,ATL vs. CHA,W,13.0,0.0,0.0,0.0,0.0,2.0,2.0,8.0,8.0,0.0,0.0,2.0,0.0,8.1,1,1,1,1,20952,12059,10158,9917,18861,2619,3734,17194,21543,8004,1,11390,18762,20521,1.0,13:02,2015,2016
2015-16,201147,Corey Brewer,Corey,1610612745,HOU,Houston Rockets,21500030,2015-10-30T00:00:00,HOU vs. GSW,L,29.0,0.0,7.0,2.0,0.0,11.0,11.0,4.0,30.0,1.0,1.0,1.0,5.0,21.0,1,13074,13074,13074,8355,12059,292,4675,18861,18886,21814,8806,4541,2692,17214,4972,1539,11077,1.0,29:01,2015,2016
2015-16,203498,Shabazz Muhammad,Shabazz,1610612750,MIN,Minnesota Timberwolves,21500029,2015-10-30T00:00:00,MIN @ DEN,W,16.2,0.0,0.0,0.0,2.0,8.0,2.0,2.0,12.0,0.0,0.0,3.0,0.0,2.2,1,1,1,1,18898,12059,10158,9917,12984,13914,3734,4025,18637,8004,1,17641,18762,24138,1.0,16:11,2015,2016
2015-16,201162,Jared Dudley,Jared,1610612764,WAS,Washington Wizards,21500027,2015-10-30T00:00:00,WAS @ MIL,W,25.4,0.0,0.0,0.0,2.0,10.0,8.0,2.0,20.0,1.0,0.0,3.0,3.0,21.2,1,1,1,1,11397,12059,10158,9917,12984,17370,17345,4025,11929,2692,1,17641,4736,10936,1.0,25:22,2015,2016
2015-16,203926,Doug McDermott,Doug,1610612741,CHI,Chicago Bulls,21500025,2015-10-30T00:00:00,CHI @ DET,L,14.5,0.0,0.0,3.0,0.0,8.0,1.0,3.0,10.0,0.0,0.0,3.0,0.0,8.2,1,13074,13074,13074,20081,12059,10158,3302,18861,13914,3393,7328,20209,8004,1,17641,18762,20416,1.0,14:32,2015,2016
2015-16,2207,Joe Johnson,Joe,1610612751,BKN,Brooklyn Nets,21500028,2015-10-30T00:00:00,BKN @ SAS,L,25.2,0.0,0.0,0.0,0.0,4.0,9.0,2.0,22.0,0.0,1.0,5.0,2.0,7.9,1,13074,13074,13074,11499,12059,10158,9917,18861,6141,19144,4025,10265,8004,17214,24686,7786,20646,1.0,25:14,2015,2016
2015-16,101162,Marcin Gortat,Marcin,1610612764,WAS,Washington Wizards,21500027,2015-10-30T00:00:00,WAS @ MIL,W,26.5,2.0,0.0,0.0,4.0,15.0,5.0,13.0,32.0,1.0,0.0,2.0,3.0,21.3,1,1,1,1,10462,6026,10158,9917,8599,23079,11469,23048,3535,2692,1,11390,4736,10880,1.0,26:29,2015,2016
2015-16,2743,Kris Humphries,Kris,1610612764,WAS,Washington Wizards,21500027,2015-10-30T00:00:00,WAS @ MIL,W,14.2,2.0,2.0,0.0,0.0,10.0,0.0,11.0,20.0,0.0,0.0,0.0,1.0,7.6,1,1,1,1,20300,6026,4731,9917,18861,17370,1,21342,11929,8004,1,1,12373,20803,1.0,14:11,2015,2016
2015-16,101135,David Lee,David,1610612738,BOS,Boston Celtics,21500024,2015-10-30T00:00:00,BOS vs. TOR,L,17.0,2.0,2.0,0.0,4.0,7.0,4.0,6.0,12.0,0.0,0.0,2.0,1.0,18.2,1,13074,13074,13074,18243,6026,4731,9917,8599,12242,8458,13388,18637,8004,1,11390,12373,13004,1.0,17:02,2015,2016
2015-16,203090,Maurice Harkless,Maurice,1610612757,POR,Portland Trail Blazers,21500032,2015-10-30T00:00:00,POR @ PHX,L,24.0,4.0,2.0,2.0,6.0,6.0,8.0,4.0,32.0,1.0,0.0,3.0,0.0,18.5,1,13074,13074,13074,12536,2460,4731,4675,5299,10028,17345,8806,3535,2692,1,17641,18762,12794,1.0,24:01,2015,2016
2015-16,201568,Danilo Gallinari,Danilo,1610612743,DEN,Denver Nuggets,21500029,2015-10-30T00:00:00,DEN vs. MIN,L,33.4,2.0,2.0,0.0,6.0,10.0,4.0,10.0,26.0,0.0,2.0,4.0,4.0,12.9,1,13074,13074,13074,4825,6026,4731,9917,5299,17370,8458,20169,7214,8004,23588,22104,2748,17049,1.0,33:23,2015,2016
2015-16,203925,Joe Harris,Joe,1610612739,CLE,Cleveland Cavaliers,21500021,2015-10-30T00:00:00,CLE vs. MIA,W,1.5,0.0,0.0,0.0,0.0,2.0,0.0,2.0,4.0,0.0,0.0,0.0,0.0,3.0,1,1,1,1,25706,12059,10158,9917,18861,2619,1,4025,23698,8004,1,1,18762,23648,1.0,1:28,2015,2016
2015-16,202687,Bismack Biyombo,Bismack,1610612761,TOR,Toronto Raptors,21500024,2015-10-30T00:00:00,TOR @ BOS,W,16.0,2.0,0.0,0.0,2.0,7.0,5.0,7.0,12.0,1.0,0.0,5.0,1.0,13.2,1,1,1,1,19072,6026,10158,9917,12984,12242,11469,15538,18637,2692,1,24686,12373,16768,1.0,15:58,2015,2016
2015-16,201152,Thaddeus Young,Thaddeus,1610612751,BKN,Brooklyn Nets,21500028,2015-10-30T00:00:00,BKN @ SAS,L,28.4,2.0,0.0,0.0,6.0,7.0,11.0,5.0,28.0,0.0,1.0,2.0,3.0,16.4,1,13074,13074,13074,8908,6026,10158,9917,5299,12242,21814,11593,5824,8004,17214,11390,4736,14289,1.0,28:25,2015,2016
2015-16,203484,Kentavious Caldwell-Pope,Kentavious,1610612765,DET,Detroit Pistons,21500025,2015-10-30T00:00:00,DET vs. CHI,W,38.6,0.0,0.0,2.0,4.0,14.0,10.0,6.0,30.0,0.0,0.0,2.0,1.0,17.8,1,1,1,1,1208,12059,10158,4675,8599,22292,20509,13388,4541,8004,1,11390,12373,13309,1.0,38:38,2015,2016
2015-16,203459,Allen Crabbe,Allen,1610612757,POR,Portland Trail Blazers,21500032,2015-10-30T00:00:00,POR @ PHX,L,22.9,0.0,0.0,0.0,0.0,10.0,6.0,10.0,26.0,0.0,0.0,3.0,0.0,13.1,1,13074,13074,13074,13439,12059,10158,9917,18861,17370,13237,20169,7214,8004,1,17641,18762,16874,1.0,22:56,2015,2016
2015-16,203141,Mirza Teletovic,Mirza,1610612756,PHX,Phoenix Suns,21500032,2015-10-30T00:00:00,PHX vs. POR,W,2.4,0.0,0.0,0.0,0.0,0.0,0.0,0.0,0.0,0.0,0.0,0.0,0.0,3.0,1,1,1,1,25377,12059,10158,9917,18861,1,1,1,25429,8004,1,1,18762,23648,1.0,2:24,2015,2016
2015-16,201574,Jason Thompson,Jason,1610612744,GSW,Golden State Warriors,21500030,2015-10-30T00:00:00,GSW @ HOU,W,6.4,0.0,2.0,0.0,2.0,2.0,2.0,4.0,10.0,0.0,1.0,1.0,0.0,7.6,1,1,1,1,23770,12059,4731,9917,12984,2619,3734,8806,20209,8004,17214,4972,18762,20803,1.0,6:26,2015,2016
2015-16,203382,Aron Baynes,Aron,1610612765,DET,Detroit Pistons,21500025,2015-10-30T00:00:00,DET vs. CHI,W,13.9,2.0,0.0,0.0,4.0,4.0,2.0,9.0,10.0,0.0,1.0,1.0,2.0,12.7,1,1,1,1,20464,6026,10158,9917,8599,6141,3734,18829,20209,8004,17214,4972,7786,17201,1.0,13:55,2015,2016
2015-16,203096,Jared Sullinger,Jared,1610612738,BOS,Boston Celtics,21500024,2015-10-30T00:00:00,BOS vs. TOR,L,14.2,2.0,0.0,0.0,2.0,11.0,7.0,0.0,12.0,1.0,0.0,6.0,2.0,16.1,1,13074,13074,13074,20264,6026,10158,9917,12984,18886,15642,1,18637,2692,1,25827,7786,14515,1.0,14:14,2015,2016
2015-16,202683,Enes Freedom,Enes,1610612760,OKC,Oklahoma City Thunder,21500022,2015-10-30T00:00:00,OKC @ ORL,W,18.0,2.0,2.0,0.0,8.0,7.0,7.0,4.0,14.0,1.0,1.0,6.0,2.0,18.2,1,1,1,1,17487,6026,4731,9917,3109,12242,15642,8806,17019,2692,17214,25827,7786,13004,1.0,18:02,2015,2016
2015-16,1626178,Rondae Hollis-Jefferson,Rondae,1610612751,BKN,Brooklyn Nets,21500028,2015-10-30T00:00:00,BKN @ SAS,L,26.1,2.0,0.0,0.0,10.0,10.0,8.0,7.0,20.0,2.0,0.0,1.0,1.0,17.8,1,13074,13074,13074,10733,6026,10158,9917,1840,17370,17345,15538,11929,932,1,4972,12373,13309,1.0,26:09,2015,2016
2015-16,2590,Mo Williams,Mo,1610612739,CLE,Cleveland Cavaliers,21500021,2015-10-30T00:00:00,CLE vs. MIA,W,25.8,2.0,0.0,0.0,0.0,11.0,5.0,9.0,18.0,0.0,2.0,3.0,1.0,12.5,1,1,1,1,11011,6026,10158,9917,18861,18886,11469,18829,13577,8004,23588,17641,12373,17372,1.0,25:48,2015,2016
2015-16,1626159,Justise Winslow,Justise,1610612748,MIA,Miami Heat,21500021,2015-10-30T00:00:00,MIA @ CLE,L,18.8,0.0,0.0,0.0,2.0,3.0,5.0,3.0,16.0,0.0,0.0,2.0,0.0,8.3,1,13074,13074,13074,16874,12059,10158,9917,12984,5109,11469,7328,15259,8004,1,11390,18762,20376,1.0,18:48,2015,2016
2015-16,2564,Boris Diaw,Boris,1610612759,SAS,San Antonio Spurs,21500028,2015-10-30T00:00:00,SAS vs. BKN,W,18.7,3.0,0.0,0.0,2.0,6.0,0.0,0.0,18.0,0.0,1.0,2.0,0.0,16.1,1,1,1,1,16930,4307,10158,9917,12984,10028,1,1,13577,8004,17214,11390,18762,14515,1.0,18:43,2015,2016
2015-16,201952,Jeff Teague,Jeff,1610612737,ATL,Atlanta Hawks,21500026,2015-10-30T00:00:00,ATL vs. CHA,W,33.7,2.0,0.0,0.0,6.0,5.0,15.0,9.0,24.0,1.0,1.0,2.0,4.0,21.2,1,1,1,1,4614,6026,10158,9917,5299,8403,24781,18829,8723,2692,17214,11390,2748,10936,1.0,33:41,2015,2016
2015-16,200757,Thabo Sefolosha,Thabo,1610612737,ATL,Atlanta Hawks,21500026,2015-10-30T00:00:00,ATL vs. CHA,W,20.9,2.0,0.0,2.0,2.0,8.0,11.0,0.0,16.0,0.0,0.0,1.0,2.0,20.7,1,1,1,1,15138,6026,10158,4675,12984,13914,21814,1,15259,8004,1,4972,7786,11252,1.0,20:55,2015,2016
2015-16,202709,Cory Joseph,Cory,1610612761,TOR,Toronto Raptors,21500024,2015-10-30T00:00:00,TOR @ BOS,W,18.2,2.0,0.0,0.0,2.0,13.0,2.0,6.0,14.0,0.0,0.0,4.0,1.0,13.2,1,1,1,1,17368,6026,10158,9917,12984,21300,3734,13388,17019,8004,1,22104,12373,16768,1.0,18:11,2015,2016
2015-16,201603,Sonny Weems,Sonny,1610612756,PHX,Phoenix Suns,21500032,2015-10-30T00:00:00,PHX vs. POR,W,16.8,0.0,0.0,0.0,2.0,7.0,4.0,7.0,16.0,0.0,0.0,0.0,2.0,2.6,1,1,1,1,18417,12059,10158,9917,12984,12242,8458,15538,15259,8004,1,1,7786,23982,1.0,16:48,2015,2016
2015-16,203463,Ben McLemore,Ben,1610612758,SAC,Sacramento Kings,21500031,2015-10-30T00:00:00,SAC vs. LAL,W,25.0,5.0,2.0,2.0,2.0,4.0,4.0,7.0,22.0,0.0,1.0,4.0,2.0,11.1,1,1,1,1,11678,1603,4731,4675,12984,6141,8458,15538,10265,8004,17214,22104,7786,18370,1.0,24:59,2015,2016
2015-16,202323,Evan Turner,Evan,1610612738,BOS,Boston Celtics,21500024,2015-10-30T00:00:00,BOS vs. TOR,L,27.5,1.0,0.0,1.0,2.0,15.0,7.0,0.0,18.0,0.0,1.0,2.0,2.0,11.3,1,13074,13074,13074,9606,11535,10158,9347,12984,23079,15642,1,13577,8004,17214,11390,7786,18230,1.0,27:30,2015,2016
2015-16,2592,James Jones,James,1610612739,CLE,Cleveland Cavaliers,21500021,2015-10-30T00:00:00,CLE vs. MIA,W,1.5,0.0,0.0,0.0,0.0,2.0,0.0,2.0,4.0,0.0,0.0,0.0,0.0,1.2,1,1,1,1,25706,12059,10158,9917,18861,2619,1,4025,23698,8004,1,1,18762,24661,1.0,1:28,2015,2016
2015-16,201976,Patrick Beverley,Patrick,1610612745,HOU,Houston Rockets,21500030,2015-10-30T00:00:00,HOU vs. GSW,L,20.9,0.0,2.0,0.0,4.0,4.0,3.0,2.0,20.0,0.0,0.0,5.0,0.0,10.8,1,13074,13074,13074,15140,12059,4731,9917,8599,6141,7138,4025,11929,8004,1,24686,18762,18579,1.0,20:54,2015,2016
2015-16,203503,Tony Snell,Tony,1610612741,CHI,Chicago Bulls,21500025,2015-10-30T00:00:00,CHI @ DET,L,30.1,4.0,2.0,0.0,2.0,11.0,12.0,7.0,32.0,0.0,0.0,4.0,0.0,10.9,1,13074,13074,13074,7467,2460,4731,9917,12984,18886,22832,15538,3535,8004,1,22104,18762,18498,1.0,30:05,2015,2016
2015-16,204028,Tarik Black,Tarik,1610612747,LAL,Los Angeles Lakers,21500031,2015-10-30T00:00:00,LAL @ SAC,L,6.6,0.0,0.0,0.0,0.0,10.0,0.0,2.0,10.0,0.0,1.0,3.0,0.0,1.2,1,13074,13074,13074,23722,12059,10158,9917,18861,17370,1,4025,20209,8004,17214,17641,18762,24661,1.0,6:34,2015,2016
2015-16,1626168,Trey Lyles,Trey,1610612762,UTA,Utah Jazz,21500023,2015-10-30T00:00:00,UTA @ PHI,W,7.6,0.0,0.0,0.0,0.0,2.0,0.0,0.0,4.0,0.0,0.0,2.0,0.0,1.4,1,1,1,1,23372,12059,10158,9917,18861,2619,1,1,23698,8004,1,11390,18762,24615,1.0,7:33,2015,2016
2015-16,2034,Mike Miller,Mike,1610612743,DEN,Denver Nuggets,21500029,2015-10-30T00:00:00,DEN vs. MIN,L,9.3,0.0,0.0,0.0,0.0,4.0,0.0,2.0,4.0,0.0,0.0,0.0,0.0,1.4,1,13074,13074,13074,22692,12059,10158,9917,18861,6141,1,4025,23698,8004,1,1,18762,24615,1.0,9:20,2015,2016
2015-16,202388,Donald Sloan,Donald,1610612751,BKN,Brooklyn Nets,21500028,2015-10-30T00:00:00,BKN @ SAS,L,4.6,0.0,0.0,0.0,0.0,2.0,2.0,2.0,4.0,0.0,0.0,0.0,0.0,2.0,1,13074,13074,13074,24503,12059,10158,9917,18861,2619,3734,4025,23698,8004,1,1,18762,24216,1.0,4:37,2015,2016
2015-16,202344,Trevor Booker,Trevor,1610612762,UTA,Utah Jazz,21500023,2015-10-30T00:00:00,UTA @ PHI,W,17.9,0.0,0.0,0.0,2.0,5.0,2.0,5.0,8.0,0.0,1.0,2.0,1.0,5.6,1,1,1,1,17579,12059,10158,9917,12984,8403,3734,11593,21543,8004,17214,11390,12373,22133,1.0,17:55,2015,2016
2015-16,203508,Sergey Karasev,Sergey,1610612751,BKN,Brooklyn Nets,21500028,2015-10-30T00:00:00,BKN @ SAS,L,2.4,0.0,0.0,0.0,0.0,2.0,0.0,2.0,2.0,0.0,0.0,0.0,1.0,1.0,1,13074,13074,13074,25399,12059,10158,9917,18861,2619,1,4025,24614,8004,1,1,12373,24960,1.0,2:21,2015,2016
2015-16,203944,Julius Randle,Julius,1610612747,LAL,Los Angeles Lakers,21500031,2015-10-30T00:00:00,LAL @ SAC,L,16.2,0.0,0.0,0.0,0.0,18.0,5.0,12.0,24.0,0.0,0.0,5.0,2.0,1.9,1,13074,13074,13074,18870,12059,10158,9917,18861,24749,11469,22259,8723,8004,1,24686,7786,24429,1.0,16:13,2015,2016
2015-16,2405,Amar'e Stoudemire,Amar'e,1610612748,MIA,Miami Heat,21500021,2015-10-30T00:00:00,MIA @ CLE,L,12.0,0.0,0.0,0.0,0.0,0.0,3.0,3.0,14.0,0.0,0.0,2.0,1.0,5.6,1,13074,13074,13074,21606,12059,10158,9917,18861,1,7138,7328,17019,8004,1,11390,12373,22133,1.0,11:58,2015,2016
2015-16,2581,Steve Blake,Steve,1610612765,DET,Detroit Pistons,21500025,2015-10-30T00:00:00,DET vs. CHI,W,15.9,0.0,0.0,0.0,0.0,2.0,2.0,8.0,14.0,0.0,1.0,0.0,0.0,11.1,1,1,1,1,19102,12059,10158,9917,18861,2619,3734,17194,17019,8004,17214,1,18762,18370,1.0,15:55,2015,2016
2015-16,203516,James Ennis III,James,1610612748,MIA,Miami Heat,21500021,2015-10-30T00:00:00,MIA @ CLE,L,1.5,0.0,0.0,0.0,0.0,0.0,0.0,0.0,0.0,0.0,0.0,0.0,0.0,1.5,1,13074,13074,13074,25706,12059,10158,9917,18861,1,1,1,25429,8004,1,1,18762,24473,1.0,1:28,2015,2016
2015-16,203996,Damien Inglis,Damien,1610612749,MIL,Milwaukee Bucks,21500027,2015-10-30T00:00:00,MIL vs. WAS,L,3.3,0.0,0.0,0.0,0.0,0.0,2.0,3.0,6.0,0.0,1.0,1.0,0.0,1.2,1,13074,13074,13074,25028,12059,10158,9917,18861,1,3734,7328,22724,8004,17214,4972,18762,24661,1.0,3:15,2015,2016
2015-16,203909,KJ McDaniels,KJ,1610612745,HOU,Houston Rockets,21500030,2015-10-30T00:00:00,HOU vs. GSW,L,4.5,0.0,0.0,0.0,2.0,0.0,0.0,0.0,4.0,1.0,0.0,1.0,0.0,6.2,1,13074,13074,13074,24544,12059,10158,9917,12984,1,1,1,23698,2692,1,4972,18762,21696,1.0,4:30,2015,2016
2015-16,200745,Andrea Bargnani,Andrea,1610612751,BKN,Brooklyn Nets,21500028,2015-10-30T00:00:00,BKN @ SAS,L,16.3,0.0,0.0,0.0,0.0,8.0,2.0,5.0,12.0,0.0,0.0,0.0,0.0,6.2,1,13074,13074,13074,18818,12059,10158,9917,18861,13914,3734,11593,18637,8004,1,1,18762,21696,1.0,16:18,2015,2016
2015-16,203961,Eric Moreland,Eric,1610612758,SAC,Sacramento Kings,21500031,2015-10-30T00:00:00,SAC vs. LAL,W,3.7,0.0,0.0,2.0,2.0,2.0,2.0,5.0,4.0,1.0,0.0,0.0,0.0,6.2,1,1,1,1,24814,12059,10158,4675,12984,2619,3734,11593,23698,2692,1,1,18762,21696,1.0,3:44,2015,2016
2015-16,202713,Kyle Singler,Kyle,1610612760,OKC,Oklahoma City Thunder,21500022,2015-10-30T00:00:00,OKC @ ORL,W,12.6,2.0,0.0,2.0,2.0,7.0,2.0,4.0,14.0,0.0,1.0,1.0,1.0,6.2,1,1,1,1,21218,6026,10158,4675,12984,12242,3734,8806,17019,8004,17214,4972,12373,21696,1.0,12:35,2015,2016
2015-16,204060,Joe Ingles,Joe,1610612762,UTA,Utah Jazz,21500023,2015-10-30T00:00:00,UTA @ PHI,W,13.7,0.0,0.0,0.0,0.0,6.0,6.0,0.0,10.0,0.0,0.0,2.0,1.0,6.2,1,1,1,1,20576,12059,10158,9917,18861,10028,13237,1,20209,8004,1,11390,12373,21696,1.0,13:43,2015,2016
2015-16,203210,JaMychal Green,JaMychal,1610612763,MEM,Memphis Grizzlies,21500018,2015-10-29T00:00:00,MEM @ IND,W,12.8,0.0,2.0,0.0,2.0,8.0,2.0,4.0,8.0,1.0,1.0,2.0,2.0,10.8,1,1,1,1,21103,12059,4731,9917,12984,13914,3734,8806,21543,2692,17214,11390,7786,18579,1.0,12:45,2015,2016
2015-16,202332,Cole Aldrich,Cole,1610612746,LAC,LA Clippers,21500020,2015-10-29T00:00:00,LAC vs. DAL,W,6.9,0.0,0.0,0.0,2.0,4.0,0.0,6.0,10.0,0.0,0.0,1.0,0.0,1.0,1,1,1,1,23596,12059,10158,9917,12984,6141,1,13388,20209,8004,1,4972,18762,24960,1.0,6:54,2015,2016
2015-16,201601,Luc Mbah a Moute,Luc,1610612746,LAC,LA Clippers,21500020,2015-10-29T00:00:00,LAC vs. DAL,W,6.9,0.0,0.0,0.0,0.0,4.0,0.0,6.0,10.0,0.0,0.0,0.0,0.0,1.5,1,1,1,1,23596,12059,10158,9917,18861,6141,1,13388,20209,8004,1,1,18762,24473,1.0,6:54,2015,2016
2015-16,201584,Courtney Lee,Courtney,1610612763,MEM,Memphis Grizzlies,21500018,2015-10-29T00:00:00,MEM @ IND,W,29.2,2.0,4.0,2.0,4.0,2.0,11.0,8.0,16.0,0.0,0.0,1.0,0.0,15.9,1,1,1,1,8181,6026,1596,4675,8599,2619,21814,17194,15259,8004,1,4972,18762,14675,1.0,29:14,2015,2016
2015-16,101109,Raymond Felton,Raymond,1610612742,DAL,Dallas Mavericks,21500020,2015-10-29T00:00:00,DAL @ LAC,L,25.3,0.0,0.0,0.0,2.0,11.0,9.0,12.0,24.0,0.0,2.0,4.0,0.0,11.2,1,13074,13074,13074,11485,12059,10158,9917,12984,18886,19144,22259,8723,8004,23588,22104,18762,18267,1.0,25:15,2015,2016
2015-16,201941,Jordan Hill,Jordan,1610612754,IND,Indiana Pacers,21500018,2015-10-29T00:00:00,IND vs. MEM,L,19.8,0.0,0.0,0.0,0.0,8.0,11.0,4.0,18.0,0.0,0.0,4.0,2.0,11.2,1,13074,13074,13074,16056,12059,10158,9917,18861,13914,21814,8806,13577,8004,1,22104,7786,18267,1.0,19:49,2015,2016
2015-16,203143,Pablo Prigioni,Pablo,1610612746,LAC,LA Clippers,21500020,2015-10-29T00:00:00,LAC vs. DAL,W,7.1,0.0,0.0,0.0,0.0,4.0,0.0,6.0,10.0,0.0,1.0,0.0,0.0,1.7,1,1,1,1,23526,12059,10158,9917,18861,6141,1,13388,20209,8004,17214,1,18762,24436,1.0,7:05,2015,2016
2015-16,202379,Jeremy Evans,Jeremy,1610612742,DAL,Dallas Mavericks,21500020,2015-10-29T00:00:00,DAL @ LAC,L,24.0,0.0,0.0,0.0,0.0,13.0,4.0,12.0,20.0,0.0,0.0,1.0,1.0,5.8,1,13074,13074,13074,12533,12059,10158,9917,18861,21300,8458,22259,11929,8004,1,4972,12373,22018,1.0,24:02,2015,2016
2015-16,203200,Justin Holiday,Justin,1610612737,ATL,Atlanta Hawks,21500019,2015-10-29T00:00:00,ATL @ NYK,W,12.9,2.0,0.0,0.0,2.0,2.0,2.0,4.0,6.0,0.0,0.0,1.0,1.0,2.0,1,1,1,1,21013,6026,10158,9917,12984,2619,3734,8806,22724,8004,1,4972,12373,24216,1.0,12:56,2015,2016
2015-16,202498,Lance Thomas,Lance,1610612752,NYK,New York Knicks,21500019,2015-10-29T00:00:00,NYK vs. ATL,L,22.4,2.0,0.0,0.0,0.0,14.0,2.0,12.0,30.0,0.0,0.0,3.0,1.0,11.1,1,13074,13074,13074,13841,6026,10158,9917,18861,22292,3734,22259,4541,8004,1,17641,12373,18370,1.0,22:23,2015,2016
2015-16,203921,Cleanthony Early,Cleanthony,1610612752,NYK,New York Knicks,21500019,2015-10-29T00:00:00,NYK vs. ATL,L,1.2,0.0,0.0,0.0,0.0,0.0,1.0,0.0,0.0,0.0,0.0,1.0,0.0,0.0,1,13074,13074,13074,25791,12059,10158,9917,18861,1,3393,1,25429,8004,1,4972,18762,25170,1.0,1:13,2015,2016
2015-16,1626257,Salah Mejri,Salah,1610612742,DAL,Dallas Mavericks,21500020,2015-10-29T00:00:00,DAL @ LAC,L,7.2,0.0,0.0,0.0,0.0,1.0,0.0,0.0,0.0,1.0,0.0,1.0,0.0,9.6,1,13074,13074,13074,23490,12059,10158,9917,18861,2356,1,1,25429,2692,1,4972,18762,19434,1.0,7:13,2015,2016
2015-16,203118,Mike Scott,Mike,1610612737,ATL,Atlanta Hawks,21500019,2015-10-29T00:00:00,ATL @ NYK,W,11.2,0.0,0.0,0.0,2.0,0.0,2.0,0.0,6.0,0.0,0.0,2.0,0.0,4.7,1,1,1,1,21955,12059,10158,9917,12984,1,3734,1,22724,8004,1,11390,18762,22672,1.0,11:10,2015,2016
2015-16,2546,Carmelo Anthony,Carmelo,1610612752,NYK,New York Knicks,21500019,2015-10-29T00:00:00,NYK vs. ATL,L,31.9,4.0,4.0,6.0,16.0,21.0,5.0,22.0,38.0,0.0,1.0,4.0,6.0,45.9,1,13074,13074,13074,5973,2460,1596,740,275,25535,11469,25811,1422,8004,17214,22104,873,1224,1.0,31:54,2015,2016
2015-16,2440,Matt Barnes,Matt,1610612763,MEM,Memphis Grizzlies,21500018,2015-10-29T00:00:00,MEM @ IND,W,21.1,0.0,1.0,0.0,0.0,10.0,4.0,7.0,12.0,0.0,1.0,2.0,1.0,24.1,1,1,1,1,14945,12059,9709,9917,18861,17370,8458,15538,18637,8004,17214,11390,12373,9068,1.0,21:08,2015,2016
2015-16,201933,Blake Griffin,Blake,1610612746,LAC,LA Clippers,21500020,2015-10-29T00:00:00,LAC vs. DAL,W,26.8,2.0,6.0,9.0,16.0,2.0,10.0,0.0,16.0,1.0,0.0,1.0,4.0,44.0,1,1,1,1,10204,6026,481,184,275,2619,20509,1,15259,2692,1,4972,2748,1559,1.0,26:47,2015,2016
2015-16,202331,Paul George,Paul,1610612754,IND,Indiana Pacers,21500018,2015-10-29T00:00:00,IND vs. MEM,L,34.7,0.0,3.0,0.0,2.0,14.0,18.0,8.0,34.0,1.0,2.0,3.0,6.0,37.1,1,13074,13074,13074,3808,12059,3104,9917,12984,22292,25634,17194,2701,2692,23588,17641,873,3151,1.0,34:40,2015,2016
2015-16,201188,Marc Gasol,Marc,1610612763,MEM,Memphis Grizzlies,21500018,2015-10-29T00:00:00,MEM @ IND,W,32.5,2.0,2.0,0.0,10.0,2.0,11.0,8.0,16.0,1.0,0.0,1.0,6.0,37.1,1,1,1,1,5483,6026,4731,9917,1840,2619,21814,17194,15259,2692,1,4972,873,3151,1.0,32:31,2015,2016
2015-16,203124,Kyle O'Quinn,Kyle,1610612752,NYK,New York Knicks,21500019,2015-10-29T00:00:00,NYK vs. ATL,L,22.1,0.0,4.0,0.0,4.0,11.0,3.0,3.0,20.0,1.0,1.0,1.0,2.0,29.5,1,13074,13074,13074,14132,12059,1596,9917,8599,18886,7138,7328,11929,2692,17214,4972,7786,6103,1.0,22:03,2015,2016
2015-16,202362,Lance Stephenson,Lance,1610612746,LAC,LA Clippers,21500020,2015-10-29T00:00:00,LAC vs. DAL,W,20.9,0.0,0.0,0.0,0.0,2.0,10.0,0.0,10.0,0.0,0.0,3.0,0.0,7.4,1,1,1,1,15169,12059,10158,9917,18861,2619,20509,1,20209,8004,1,17641,18762,20912,1.0,20:53,2015,2016
2015-16,201143,Al Horford,Al,1610612737,ATL,Atlanta Hawks,21500019,2015-10-29T00:00:00,ATL @ NYK,W,30.6,4.0,2.0,3.0,10.0,9.0,9.0,11.0,28.0,3.0,1.0,0.0,2.0,45.3,1,1,1,1,7044,2460,4731,3302,1840,15771,19144,21342,5824,347,17214,1,7786,1310,1.0,30:34,2015,2016
2015-16,200794,Paul Millsap,Paul,1610612737,ATL,Atlanta Hawks,21500019,2015-10-29T00:00:00,ATL @ NYK,W,34.5,4.0,2.0,0.0,4.0,15.0,13.0,15.0,42.0,0.0,1.0,2.0,5.0,43.7,1,1,1,1,3941,2460,4731,9917,8599,23079,23668,24242,670,8004,17214,11390,1539,1610,1.0,34:30,2015,2016
2015-16,201155,Rodney Stuckey,Rodney,1610612754,IND,Indiana Pacers,21500018,2015-10-29T00:00:00,IND vs. MEM,L,25.5,0.0,0.0,5.0,6.0,12.0,4.0,8.0,24.0,1.0,1.0,0.0,3.0,24.3,1,13074,13074,13074,11278,12059,10158,1277,5299,20178,8458,17194,8723,2692,17214,1,4736,8939,1.0,25:31,2015,2016
2015-16,200826,J.J. Barea,J.J.,1610612742,DAL,Dallas Mavericks,21500020,2015-10-29T00:00:00,DAL @ LAC,L,21.2,0.0,5.0,0.0,4.0,1.0,5.0,6.0,18.0,0.0,2.0,5.0,4.0,24.7,1,13074,13074,13074,14913,12059,995,9917,8599,2356,11469,13388,13577,8004,23588,24686,2748,8673,1.0,21:11,2015,2016
2015-16,101133,Ian Mahinmi,Ian,1610612754,IND,Indiana Pacers,21500018,2015-10-29T00:00:00,IND vs. MEM,L,29.5,2.0,2.0,0.0,8.0,12.0,15.0,6.0,28.0,1.0,0.0,3.0,1.0,24.8,1,13074,13074,13074,7984,6026,4731,9917,3109,20178,24781,13388,5824,2692,1,17641,12373,8614,1.0,29:30,2015,2016
2015-16,2037,Jamal Crawford,Jamal,1610612746,LAC,LA Clippers,21500020,2015-10-29T00:00:00,LAC vs. DAL,W,17.4,0.0,0.0,0.0,4.0,0.0,2.0,2.0,16.0,0.0,0.0,0.0,2.0,20.4,1,1,1,1,17972,12059,10158,9917,8599,1,3734,4025,15259,8004,1,1,7786,11453,1.0,17:24,2015,2016
2015-16,203098,John Jenkins,John,1610612742,DAL,Dallas Mavericks,21500020,2015-10-29T00:00:00,DAL @ LAC,L,35.3,0.0,2.0,0.0,8.0,13.0,8.0,18.0,34.0,0.0,0.0,1.0,1.0,26.7,1,13074,13074,13074,3310,12059,4731,9917,3109,21300,17345,25228,2701,8004,1,4972,12373,7525,1.0,35:18,2015,2016
2015-16,1717,Dirk Nowitzki,Dirk,1610612742,DAL,Dallas Mavericks,21500020,2015-10-29T00:00:00,DAL @ LAC,L,25.0,2.0,3.0,0.0,4.0,9.0,7.0,12.0,22.0,0.0,1.0,1.0,2.0,30.4,1,13074,13074,13074,11642,6026,3104,9917,8599,15771,15642,22259,10265,8004,17214,4972,7786,5661,1.0,25:02,2015,2016
2015-16,1626167,Myles Turner,Myles,1610612754,IND,Indiana Pacers,21500018,2015-10-29T00:00:00,IND vs. MEM,L,18.0,4.0,2.0,0.0,2.0,6.0,4.0,6.0,18.0,1.0,0.0,4.0,3.0,19.8,1,13074,13074,13074,17540,2460,4731,9917,12984,10028,8458,13388,13577,2692,1,22104,4736,11883,1.0,17:58,2015,2016
2015-16,1718,Paul Pierce,Paul,1610612746,LAC,LA Clippers,21500020,2015-10-29T00:00:00,LAC vs. DAL,W,19.5,2.0,2.0,2.0,2.0,0.0,2.0,2.0,14.0,0.0,0.0,2.0,2.0,19.8,1,1,1,1,16306,6026,4731,4675,12984,1,3734,4025,17019,8004,1,11390,7786,11883,1.0,19:31,2015,2016
2015-16,204038,Langston Galloway,Langston,1610612752,NYK,New York Knicks,21500019,2015-10-29T00:00:00,NYK vs. ATL,L,25.3,0.0,3.0,2.0,0.0,10.0,2.0,3.0,22.0,0.0,0.0,2.0,1.0,20.3,1,13074,13074,13074,11446,12059,3104,4675,18861,17370,3734,7328,10265,8004,1,11390,12373,11534,1.0,25:18,2015,2016
2015-16,101145,Monta Ellis,Monta,1610612754,IND,Indiana Pacers,21500018,2015-10-29T00:00:00,IND vs. MEM,L,32.3,2.0,0.0,2.0,2.0,8.0,18.0,6.0,36.0,0.0,1.0,3.0,4.0,11.9,1,13074,13074,13074,5681,6026,10158,4675,12984,13914,25634,13388,1943,8004,17214,17641,2748,17760,1.0,32:16,2015,2016
2015-16,2757,Beno Udrih,Beno,1610612763,MEM,Memphis Grizzlies,21500018,2015-10-29T00:00:00,MEM @ IND,W,17.8,4.0,0.0,2.0,4.0,4.0,8.0,5.0,8.0,0.0,0.0,1.0,3.0,26.4,1,1,1,1,17667,2460,10158,4675,8599,6141,17345,11593,21543,8004,1,4972,4736,7672,1.0,17:48,2015,2016
2015-16,201577,Robin Lopez,Robin,1610612752,NYK,New York Knicks,21500019,2015-10-29T00:00:00,NYK vs. ATL,L,21.3,2.0,2.0,0.0,14.0,15.0,3.0,20.0,22.0,1.0,0.0,0.0,1.0,22.3,1,13074,13074,13074,14801,6026,4731,9917,542,23079,7138,25599,10265,2692,1,1,12373,10208,1.0,21:17,2015,2016
2015-16,201588,George Hill,George,1610612754,IND,Indiana Pacers,21500018,2015-10-29T00:00:00,IND vs. MEM,L,38.8,2.0,8.0,2.0,6.0,16.0,16.0,10.0,38.0,0.0,1.0,2.0,4.0,27.6,1,13074,13074,13074,1159,6026,137,4675,5299,23774,25155,20169,1422,8004,17214,11390,2748,7080,1.0,38:46,2015,2016
2015-16,2594,Kyle Korver,Kyle,1610612737,ATL,Atlanta Hawks,21500019,2015-10-29T00:00:00,ATL @ NYK,W,32.3,5.0,0.0,3.0,2.0,9.0,11.0,9.0,34.0,0.0,1.0,2.0,2.0,28.4,1,1,1,1,5686,1603,10158,3302,12984,15771,21814,18829,2701,8004,17214,11390,7786,6663,1.0,32:15,2015,2016
2015-16,203939,Dwight Powell,Dwight,1610612742,DAL,Dallas Mavericks,21500020,2015-10-29T00:00:00,DAL @ LAC,L,19.1,0.0,2.0,0.0,2.0,8.0,5.0,4.0,22.0,0.0,0.0,3.0,1.0,17.6,1,13074,13074,13074,16641,12059,4731,9917,12984,13914,11469,8806,10265,8004,1,17641,12373,13443,1.0,19:04,2015,2016
2015-16,202682,Derrick Williams,Derrick,1610612752,NYK,New York Knicks,21500019,2015-10-29T00:00:00,NYK vs. ATL,L,18.1,0.0,0.0,2.0,4.0,9.0,0.0,3.0,20.0,0.0,0.0,0.0,2.0,13.4,1,13074,13074,13074,17421,12059,10158,4675,8599,15771,1,7328,11929,8004,1,1,7786,16614,1.0,18:07,2015,2016
2015-16,2585,Zaza Pachulia,Zaza,1610612742,DAL,Dallas Mavericks,21500020,2015-10-29T00:00:00,DAL @ LAC,L,18.4,0.0,0.0,0.0,4.0,2.0,4.0,9.0,14.0,0.0,0.0,3.0,2.0,14.1,1,13074,13074,13074,17213,12059,10158,9917,8599,2619,8458,18829,17019,8004,1,17641,7786,16094,1.0,18:22,2015,2016
2015-16,201952,Jeff Teague,Jeff,1610612737,ATL,Atlanta Hawks,21500019,2015-10-29T00:00:00,ATL @ NYK,W,29.8,5.0,0.0,12.0,14.0,13.0,8.0,13.0,36.0,0.0,0.0,1.0,6.0,39.8,1,1,1,1,7761,1603,10158,42,542,21300,17345,23048,1943,8004,1,4972,873,2422,1.0,29:45,2015,2016
2015-16,201978,Chase Budinger,Chase,1610612754,IND,Indiana Pacers,21500018,2015-10-29T00:00:00,IND vs. MEM,L,13.3,0.0,0.0,0.0,0.0,4.0,1.0,4.0,14.0,0.0,0.0,0.0,0.0,13.5,1,13074,13074,13074,20778,12059,10158,9917,18861,6141,3393,8806,17019,8004,1,1,18762,16552,1.0,13:20,2015,2016
2015-16,1626147,Justin Anderson,Justin,1610612742,DAL,Dallas Mavericks,21500020,2015-10-29T00:00:00,DAL @ LAC,L,18.4,0.0,0.0,2.0,2.0,3.0,2.0,4.0,12.0,1.0,2.0,0.0,0.0,17.7,1,13074,13074,13074,17213,12059,10158,4675,12984,5109,3734,8806,18637,2692,23588,1,18762,13380,1.0,18:22,2015,2016
2015-16,2754,Tony Allen,Tony,1610612763,MEM,Memphis Grizzlies,21500018,2015-10-29T00:00:00,MEM @ IND,W,22.2,2.0,5.0,2.0,8.0,4.0,10.0,7.0,18.0,0.0,0.0,5.0,3.0,28.4,1,1,1,1,14002,6026,995,4675,3109,6141,20509,15538,13577,8004,1,24686,4736,6663,1.0,22:13,2015,2016
2015-16,201599,DeAndre Jordan,DeAndre,1610612746,LAC,LA Clippers,21500020,2015-10-29T00:00:00,LAC vs. DAL,W,25.9,2.0,1.0,0.0,4.0,2.0,12.0,0.0,14.0,4.0,0.0,1.0,6.0,38.0,1,1,1,1,10953,6026,9709,9917,8599,2619,22832,1,17019,132,1,4972,873,2903,1.0,25:53,2015,2016
2015-16,202325,Wesley Johnson,Wesley,1610612746,LAC,LA Clippers,21500020,2015-10-29T00:00:00,LAC vs. DAL,W,21.8,0.0,0.0,2.0,4.0,4.0,0.0,8.0,22.0,1.0,0.0,2.0,0.0,17.4,1,1,1,1,14351,12059,10158,4675,8599,6141,1,17194,10265,2692,1,11390,18762,13595,1.0,21:47,2015,2016
2015-16,2734,Devin Harris,Devin,1610612742,DAL,Dallas Mavericks,21500020,2015-10-29T00:00:00,DAL @ LAC,L,23.2,0.0,0.0,2.0,4.0,4.0,5.0,7.0,16.0,0.0,0.0,3.0,5.0,22.2,1,13074,13074,13074,13216,12059,10158,4675,8599,6141,11469,15538,15259,8004,1,17641,1539,10263,1.0,23:11,2015,2016
2015-16,204001,Kristaps Porziņģis,Kristaps,1610612752,NYK,New York Knicks,21500019,2015-10-29T00:00:00,NYK vs. ATL,L,25.6,2.0,2.0,2.0,8.0,14.0,4.0,15.0,24.0,1.0,1.0,5.0,1.0,27.6,1,13074,13074,13074,11204,6026,4731,4675,3109,22292,8458,24242,8723,2692,17214,24686,12373,7080,1.0,25:37,2015,2016
2015-16,204002,Edy Tavares,Edy,1610612737,ATL,Atlanta Hawks,21500019,2015-10-29T00:00:00,ATL @ NYK,W,1.2,0.0,1.0,0.0,0.0,0.0,0.0,0.0,0.0,0.0,0.0,0.0,1.0,2.2,1,1,1,1,25828,12059,9709,9917,18861,1,1,1,25429,8004,1,1,12373,24138,1.0,1:09,2015,2016
2015-16,1626170,Jerian Grant,Jerian,1610612752,NYK,New York Knicks,21500019,2015-10-29T00:00:00,NYK vs. ATL,L,28.8,0.0,0.0,0.0,2.0,15.0,4.0,10.0,30.0,0.0,0.0,3.0,3.0,20.9,1,13074,13074,13074,8589,12059,10158,9917,12984,23079,8458,20169,4541,8004,1,17641,4736,11132,1.0,28:45,2015,2016
2015-16,202730,Lavoy Allen,Lavoy,1610612754,IND,Indiana Pacers,21500018,2015-10-29T00:00:00,IND vs. MEM,L,7.4,0.0,0.0,0.0,0.0,2.0,2.0,0.0,8.0,0.0,0.0,0.0,1.0,2.7,1,13074,13074,13074,23415,12059,10158,9917,18861,2619,3734,1,21543,8004,1,1,12373,23884,1.0,7:25,2015,2016
2015-16,201168,Tiago Splitter,Tiago,1610612737,ATL,Atlanta Hawks,21500019,2015-10-29T00:00:00,ATL @ NYK,W,23.3,2.0,0.0,0.0,8.0,9.0,6.0,11.0,24.0,1.0,1.0,4.0,3.0,16.4,1,1,1,1,13146,6026,10158,9917,3109,15771,13237,21342,8723,2692,17214,22104,4736,14289,1.0,23:16,2015,2016
2015-16,203085,Austin Rivers,Austin,1610612746,LAC,LA Clippers,21500020,2015-10-29T00:00:00,LAC vs. DAL,W,24.5,4.0,0.0,3.0,4.0,4.0,2.0,8.0,26.0,0.0,1.0,1.0,3.0,20.9,1,1,1,1,12149,2460,10158,3302,8599,6141,3734,17194,7214,8004,17214,4972,4736,11132,1.0,24:29,2015,2016
2015-16,201148,Brandan Wright,Brandan,1610612763,MEM,Memphis Grizzlies,21500018,2015-10-29T00:00:00,MEM @ IND,W,15.4,0.0,0.0,0.0,8.0,10.0,4.0,4.0,10.0,2.0,0.0,1.0,1.0,16.2,1,1,1,1,19472,12059,10158,9917,3109,17370,8458,8806,20209,932,1,4972,12373,14436,1.0,15:25,2015,2016
2015-16,101181,Jose Calderon,Jose,1610612752,NYK,New York Knicks,21500019,2015-10-29T00:00:00,NYK vs. ATL,L,18.2,2.0,0.0,2.0,0.0,11.0,2.0,17.0,22.0,0.0,0.0,2.0,1.0,7.7,1,13074,13074,13074,17332,6026,10158,4675,18861,18886,3734,24967,10265,8004,1,11390,12373,20733,1.0,18:13,2015,2016
2015-16,2756,Sasha Vujacic,Sasha,1610612752,NYK,New York Knicks,21500019,2015-10-29T00:00:00,NYK vs. ATL,L,25.2,3.0,0.0,3.0,0.0,20.0,4.0,20.0,32.0,1.0,1.0,3.0,0.0,12.4,1,13074,13074,13074,11549,4307,10158,3302,18861,25338,8458,25599,3535,2692,17214,17641,18762,17418,1.0,25:10,2015,2016
2015-16,2216,Zach Randolph,Zach,1610612763,MEM,Memphis Grizzlies,21500018,2015-10-29T00:00:00,MEM @ IND,W,29.5,2.0,3.0,2.0,4.0,2.0,11.0,5.0,12.0,0.0,2.0,3.0,4.0,21.6,1,1,1,1,7939,6026,3104,4675,8599,2619,21814,11593,18637,8004,23588,17641,2748,10666,1.0,29:33,2015,2016
2015-16,203145,Kent Bazemore,Kent,1610612737,ATL,Atlanta Hawks,21500019,2015-10-29T00:00:00,ATL @ NYK,W,25.2,0.0,0.0,2.0,2.0,8.0,10.0,8.0,32.0,0.0,0.0,2.0,2.0,18.7,1,1,1,1,11556,12059,10158,4675,12984,13914,20509,17194,3535,8004,1,11390,7786,12648,1.0,25:10,2015,2016
2015-16,203471,Dennis Schröder,Dennis,1610612737,ATL,Atlanta Hawks,21500019,2015-10-29T00:00:00,ATL @ NYK,W,18.3,2.0,0.0,0.0,6.0,2.0,7.0,4.0,12.0,0.0,0.0,0.0,1.0,16.2,1,1,1,1,17303,6026,10158,9917,5299,2619,15642,8806,18637,8004,1,1,12373,14436,1.0,18:15,2015,2016
2015-16,101111,Charlie Villanueva,Charlie,1610612742,DAL,Dallas Mavericks,21500020,2015-10-29T00:00:00,DAL @ LAC,L,23.0,4.0,0.0,4.0,6.0,5.0,6.0,6.0,18.0,0.0,1.0,4.0,1.0,13.0,1,13074,13074,13074,13377,2460,10158,1913,5299,8403,13237,13388,13577,8004,17214,22104,12373,16969,1.0,22:60,2015,2016
2015-16,101139,CJ Miles,CJ,1610612754,IND,Indiana Pacers,21500018,2015-10-29T00:00:00,IND vs. MEM,L,20.8,2.0,0.0,3.0,0.0,8.0,6.0,8.0,22.0,0.0,0.0,3.0,1.0,23.2,1,13074,13074,13074,15257,6026,10158,3302,18861,13914,13237,17194,10265,8004,1,17641,12373,9630,1.0,20:46,2015,2016
2015-16,201145,Jeff Green,Jeff,1610612763,MEM,Memphis Grizzlies,21500018,2015-10-29T00:00:00,MEM @ IND,W,29.1,0.0,0.0,0.0,2.0,10.0,7.0,5.0,12.0,1.0,0.0,5.0,1.0,23.1,1,1,1,1,8269,12059,10158,9917,12984,17370,15642,11593,18637,2692,1,24686,12373,9699,1.0,29:08,2015,2016
2015-16,201144,Mike Conley,Mike,1610612763,MEM,Memphis Grizzlies,21500018,2015-10-29T00:00:00,MEM @ IND,W,30.3,6.0,2.0,4.0,6.0,8.0,7.0,7.0,18.0,0.0,0.0,4.0,1.0,34.8,1,1,1,1,7281,878,4731,1913,5299,13914,15642,15538,13577,8004,1,22104,12373,3891,1.0,30:17,2015,2016
2015-16,101108,Chris Paul,Chris,1610612746,LAC,LA Clippers,21500020,2015-10-29T00:00:00,LAC vs. DAL,W,24.4,4.0,0.0,2.0,2.0,2.0,10.0,0.0,12.0,0.0,0.0,1.0,4.0,23.1,1,1,1,1,12235,2460,10158,4675,12984,2619,20509,1,18637,8004,1,4972,2748,9699,1.0,24:23,2015,2016
2015-16,200755,JJ Redick,JJ,1610612746,LAC,LA Clippers,21500020,2015-10-29T00:00:00,LAC vs. DAL,W,23.9,0.0,0.0,0.0,0.0,2.0,10.0,0.0,10.0,0.0,0.0,1.0,1.0,19.2,1,1,1,1,12682,12059,10158,9917,18861,2619,20509,1,20209,8004,1,4972,12373,12284,1.0,23:52,2015,2016
2015-16,203934,Lamar Patterson,Lamar,1610612737,ATL,Atlanta Hawks,21500019,2015-10-29T00:00:00,ATL @ NYK,W,21.0,4.0,1.0,5.0,2.0,8.0,7.0,10.0,20.0,0.0,0.0,4.0,1.0,10.4,1,1,1,1,15052,2460,9709,1277,12984,13914,15642,20169,11929,8004,1,22104,12373,18859,1.0,21:01,2015,2016
2015-16,2746,Josh Smith,Josh,1610612746,LAC,LA Clippers,21500020,2015-10-29T00:00:00,LAC vs. DAL,W,14.2,0.0,2.0,0.0,2.0,0.0,2.0,2.0,10.0,2.0,0.0,4.0,4.0,18.7,1,1,1,1,20305,12059,4731,9917,12984,1,3734,4025,20209,932,1,22104,2748,12648,1.0,14:11,2015,2016
2015-16,202682,Derrick Williams,Derrick,1610612752,NYK,New York Knicks,21500012,2015-10-28T00:00:00,NYK @ MIL,W,21.3,4.0,7.0,6.0,10.0,4.0,6.0,4.0,18.0,1.0,1.0,1.0,6.0,34.9,1,1,1,1,14763,2460,292,740,1840,6141,13237,8806,13577,2692,17214,4972,873,3845,1.0,21:19,2015,2016
2015-16,202362,Lance Stephenson,Lance,1610612746,LAC,LA Clippers,21500016,2015-10-28T00:00:00,LAC @ SAC,W,19.1,2.0,0.0,0.0,2.0,8.0,8.0,2.0,20.0,0.0,0.0,0.0,0.0,14.4,1,1,1,1,16592,6026,10158,9917,12984,13914,17345,4025,11929,8004,1,1,18762,15857,1.0,19:08,2015,2016
2015-16,201577,Robin Lopez,Robin,1610612752,NYK,New York Knicks,21500012,2015-10-28T00:00:00,NYK @ MIL,W,19.9,0.0,2.0,0.0,6.0,10.0,14.0,2.0,20.0,2.0,0.0,3.0,1.0,14.4,1,1,1,1,16019,12059,4731,9917,5299,17370,24300,4025,11929,932,1,17641,12373,15857,1.0,19:52,2015,2016
2015-16,2585,Zaza Pachulia,Zaza,1610612742,DAL,Dallas Mavericks,21500014,2015-10-28T00:00:00,DAL @ PHX,W,25.0,0.0,2.0,2.0,2.0,4.0,6.0,10.0,18.0,1.0,0.0,2.0,6.0,34.5,1,1,1,1,11671,12059,4731,4675,12984,6141,13237,20169,13577,2692,1,11390,873,3997,1.0,25:00,2015,2016
2015-16,2756,Sasha Vujacic,Sasha,1610612752,NYK,New York Knicks,21500012,2015-10-28T00:00:00,NYK @ MIL,W,28.7,4.0,0.0,4.0,4.0,10.0,14.0,2.0,18.0,0.0,0.0,1.0,1.0,34.7,1,1,1,1,8597,2460,10158,1913,8599,17370,24300,4025,13577,8004,1,4972,12373,3935,1.0,28:45,2015,2016
2015-16,101133,Ian Mahinmi,Ian,1610612754,IND,Indiana Pacers,21500009,2015-10-28T00:00:00,IND @ TOR,L,24.8,2.0,2.0,0.0,8.0,7.0,13.0,3.0,26.0,2.0,0.0,6.0,1.0,35.1,1,13074,13074,13074,11841,6026,4731,9917,3109,12242,23668,7328,7214,932,1,25827,12373,3777,1.0,24:47,2015,2016
2015-16,201599,DeAndre Jordan,DeAndre,1610612746,LAC,LA Clippers,21500016,2015-10-28T00:00:00,LAC @ SAC,W,27.1,4.0,2.0,2.0,8.0,4.0,4.0,4.0,24.0,4.0,2.0,5.0,5.0,34.9,1,1,1,1,9923,2460,4731,4675,3109,6141,8458,8806,8723,132,23588,24686,1539,3845,1.0,27:06,2015,2016
2015-16,1626159,Justise Winslow,Justise,1610612748,MIA,Miami Heat,21500008,2015-10-28T00:00:00,MIA vs. CHA,W,25.5,2.0,0.0,3.0,2.0,9.0,3.0,4.0,14.0,0.0,0.0,4.0,0.0,14.4,1,1,1,1,11293,6026,10158,3302,12984,15771,7138,8806,17019,8004,1,22104,18762,15857,1.0,25:30,2015,2016
2015-16,201951,Ty Lawson,Ty,1610612745,HOU,Houston Rockets,21500010,2015-10-28T00:00:00,HOU vs. DEN,L,36.7,4.0,0.0,2.0,2.0,11.0,6.0,5.0,34.0,0.0,1.0,0.0,4.0,22.8,1,13074,13074,13074,2285,2460,10158,4675,12984,18886,13237,11593,2701,8004,17214,1,2748,9883,1.0,36:42,2015,2016
2015-16,203530,Joffrey Lauvergne,Joffrey,1610612743,DEN,Denver Nuggets,21500010,2015-10-28T00:00:00,DEN @ HOU,W,21.6,0.0,2.0,2.0,4.0,12.0,6.0,3.0,18.0,1.0,1.0,3.0,2.0,22.9,1,1,1,1,14555,12059,4731,4675,8599,20178,13237,7328,13577,2692,17214,17641,7786,9811,1.0,21:33,2015,2016
2015-16,2736,Luol Deng,Luol,1610612748,MIA,Miami Heat,21500008,2015-10-28T00:00:00,MIA vs. CHA,W,30.4,2.0,2.0,2.0,4.0,10.0,10.0,4.0,32.0,1.0,0.0,2.0,0.0,23.1,1,1,1,1,7166,6026,4731,4675,8599,17370,20509,8806,3535,2692,1,11390,18762,9699,1.0,30:25,2015,2016
2015-16,203939,Dwight Powell,Dwight,1610612742,DAL,Dallas Mavericks,21500014,2015-10-28T00:00:00,DAL @ PHX,W,17.3,0.0,0.0,1.0,8.0,2.0,0.0,4.0,12.0,0.0,0.0,4.0,4.0,19.7,1,1,1,1,18032,12059,10158,9347,3109,2619,1,8806,18637,8004,1,22104,2748,11962,1.0,17:19,2015,2016
2015-16,201609,Goran Dragic,Goran,1610612748,MIA,Miami Heat,21500008,2015-10-28T00:00:00,MIA vs. CHA,W,30.9,2.0,0.0,4.0,8.0,8.0,10.0,4.0,32.0,2.0,0.0,4.0,1.0,23.2,1,1,1,1,6818,6026,10158,1913,3109,13914,20509,8806,3535,932,1,22104,12373,9630,1.0,30:53,2015,2016
2015-16,101123,Gerald Green,Gerald,1610612748,MIA,Miami Heat,21500008,2015-10-28T00:00:00,MIA vs. CHA,W,30.4,0.0,0.0,6.0,4.0,12.0,7.0,4.0,26.0,0.0,0.0,4.0,0.0,19.7,1,1,1,1,7166,12059,10158,740,8599,20178,15642,8806,7214,8004,1,22104,18762,11962,1.0,30:25,2015,2016
2015-16,203486,Mason Plumlee,Mason,1610612757,POR,Portland Trail Blazers,21500015,2015-10-28T00:00:00,POR vs. NOP,W,18.9,0.0,2.0,0.0,6.0,2.0,4.0,3.0,16.0,0.0,0.0,4.0,4.0,23.2,1,1,1,1,16790,12059,4731,9917,5299,2619,8458,7328,15259,8004,1,22104,2748,9630,1.0,18:53,2015,2016
2015-16,201571,D.J. Augustin,D.J.,1610612760,OKC,Oklahoma City Thunder,21500013,2015-10-28T00:00:00,OKC vs. SAS,W,12.9,0.0,0.0,0.0,4.0,1.0,2.0,1.0,14.0,0.0,1.0,1.0,2.0,23.2,1,1,1,1,21018,12059,10158,9917,8599,2356,3734,3646,17019,8004,17214,4972,7786,9630,1.0,12:55,2015,2016
2015-16,203469,Cody Zeller,Cody,1610612766,CHA,Charlotte Hornets,21500008,2015-10-28T00:00:00,CHA @ MIA,L,30.0,1.0,2.0,0.0,4.0,7.0,1.0,9.0,16.0,0.0,0.0,2.0,2.0,23.4,1,13074,13074,13074,7555,11535,4731,9917,8599,12242,3393,18829,15259,8004,1,11390,7786,9501,1.0,29:59,2015,2016
2015-16,203900,Markel Brown,Markel,1610612751,BKN,Brooklyn Nets,21500006,2015-10-28T00:00:00,BKN vs. CHI,L,9.3,2.0,0.0,0.0,0.0,2.0,4.0,0.0,8.0,0.0,0.0,0.0,2.0,10.2,1,13074,13074,13074,22703,6026,10158,9917,18861,2619,8458,1,21543,8004,1,1,7786,19003,1.0,9:19,2015,2016
2015-16,202704,Reggie Jackson,Reggie,1610612765,DET,Detroit Pistons,21500007,2015-10-28T00:00:00,DET vs. UTA,W,31.3,4.0,0.0,0.0,12.0,17.0,2.0,2.0,38.0,0.0,1.0,1.0,4.0,23.4,1,1,1,1,6514,2460,10158,9917,988,24337,3734,4025,1422,8004,17214,4972,2748,9501,1.0,31:15,2015,2016
2015-16,201586,Serge Ibaka,Serge,1610612760,OKC,Oklahoma City Thunder,21500013,2015-10-28T00:00:00,OKC vs. SAS,W,34.0,2.0,2.0,0.0,0.0,8.0,12.0,5.0,38.0,2.0,0.0,1.0,3.0,19.5,1,1,1,1,4372,6026,4731,9917,18861,13914,22832,11593,1422,932,1,4972,4736,12096,1.0,33:58,2015,2016
2015-16,200765,Rajon Rondo,Rajon,1610612758,SAC,Sacramento Kings,21500016,2015-10-28T00:00:00,SAC vs. LAC,L,25.2,0.0,0.0,0.0,4.0,20.0,6.0,4.0,24.0,0.0,2.0,3.0,0.0,19.4,1,13074,13074,13074,11493,12059,10158,9917,8599,25338,13237,8806,8723,8004,23588,17641,18762,12154,1.0,25:15,2015,2016
2015-16,201229,Anthony Tolliver,Anthony,1610612765,DET,Detroit Pistons,21500007,2015-10-28T00:00:00,DET vs. UTA,W,19.2,0.0,0.0,0.0,0.0,0.0,1.0,0.0,16.0,0.0,0.0,1.0,1.0,10.2,1,1,1,1,16559,12059,10158,9917,18861,1,3393,1,15259,8004,1,4972,12373,19003,1.0,19:10,2015,2016
2015-16,1718,Paul Pierce,Paul,1610612746,LAC,LA Clippers,21500016,2015-10-28T00:00:00,LAC @ SAC,W,24.0,0.0,2.0,0.0,4.0,7.0,6.0,6.0,26.0,0.0,0.0,0.0,5.0,19.4,1,1,1,1,12579,12059,4731,9917,8599,12242,13237,13388,7214,8004,1,1,1539,12154,1.0,23:60,2015,2016
2015-16,203521,Matthew Dellavedova,Matthew,1610612739,CLE,Cleveland Cavaliers,21500011,2015-10-28T00:00:00,CLE @ MEM,W,18.0,7.0,0.0,4.0,6.0,3.0,2.0,1.0,6.0,0.0,1.0,2.0,2.0,23.7,1,1,1,1,17523,548,10158,1913,5299,5109,3734,3646,22724,8004,17214,11390,7786,9329,1.0,17:59,2015,2016
2015-16,202688,Brandon Knight,Brandon,1610612756,PHX,Phoenix Suns,21500014,2015-10-28T00:00:00,PHX vs. DAL,L,34.4,2.0,0.0,6.0,8.0,13.0,6.0,19.0,42.0,1.0,0.0,4.0,2.0,23.7,1,13074,13074,13074,4012,6026,10158,740,3109,21300,13237,25435,670,2692,1,22104,7786,9329,1.0,34:25,2015,2016
2015-16,203498,Shabazz Muhammad,Shabazz,1610612750,MIN,Minnesota Timberwolves,21500017,2015-10-28T00:00:00,MIN @ LAL,W,18.9,3.0,0.0,2.0,4.0,2.0,10.0,7.0,18.0,0.0,0.0,1.0,2.0,10.2,1,1,1,1,16764,4307,10158,4675,8599,2619,20509,15538,13577,8004,1,4972,7786,19003,1.0,18:55,2015,2016
2015-16,202391,Jeremy Lin,Jeremy,1610612766,CHA,Charlotte Hornets,21500008,2015-10-28T00:00:00,CHA @ MIA,L,27.0,3.0,0.0,2.0,6.0,7.0,1.0,9.0,16.0,0.0,0.0,3.0,6.0,19.2,1,13074,13074,13074,9996,4307,10158,4675,5299,12242,3393,18829,15259,8004,1,17641,873,12284,1.0,27:01,2015,2016
2015-16,203473,Dewayne Dedmon,Dewayne,1610612753,ORL,Orlando Magic,21500004,2015-10-28T00:00:00,ORL vs. WAS,L,14.7,2.0,2.0,0.0,4.0,4.0,2.0,2.0,0.0,2.0,1.0,4.0,0.0,19.2,1,13074,13074,13074,19944,6026,4731,9917,8599,6141,3734,4025,25429,932,17214,22104,18762,12284,1.0,14:44,2015,2016
2015-16,203897,Zach LaVine,Zach,1610612750,MIN,Minnesota Timberwolves,21500017,2015-10-28T00:00:00,MIN @ LAL,W,19.9,2.0,2.0,2.0,8.0,2.0,8.0,7.0,18.0,0.0,0.0,0.0,1.0,19.1,1,1,1,1,15962,6026,4731,4675,3109,2619,17345,15538,13577,8004,1,1,12373,12372,1.0,19:56,2015,2016
2015-16,201954,Darren Collison,Darren,1610612758,SAC,Sacramento Kings,21500016,2015-10-28T00:00:00,SAC vs. LAC,L,30.4,0.0,2.0,4.0,6.0,9.0,4.0,6.0,22.0,0.0,1.0,3.0,5.0,25.2,1,13074,13074,13074,7208,12059,4731,1913,5299,15771,8458,13388,10265,8004,17214,17641,1539,8383,1.0,30:22,2015,2016
2015-16,204038,Langston Galloway,Langston,1610612752,NYK,New York Knicks,21500012,2015-10-28T00:00:00,NYK @ MIL,W,24.8,0.0,0.0,0.0,2.0,9.0,12.0,6.0,22.0,0.0,0.0,4.0,2.0,25.3,1,1,1,1,11827,12059,10158,9917,12984,15771,22832,13388,10265,8004,1,22104,7786,8340,1.0,24:48,2015,2016
2015-16,101107,Marvin Williams,Marvin,1610612766,CHA,Charlotte Hornets,21500008,2015-10-28T00:00:00,CHA @ MIA,L,37.9,2.0,6.0,2.0,6.0,9.0,3.0,12.0,28.0,0.0,0.0,1.0,1.0,25.5,1,13074,13074,13074,1568,6026,481,4675,5299,15771,7138,22259,5824,8004,1,4972,12373,8230,1.0,37:52,2015,2016
2015-16,1626144,Emmanuel Mudiay,Emmanuel,1610612743,DEN,Denver Nuggets,21500010,2015-10-28T00:00:00,DEN @ HOU,W,37.9,0.0,0.0,1.0,4.0,21.0,12.0,8.0,34.0,0.0,2.0,4.0,2.0,25.5,1,1,1,1,1552,12059,10158,9347,8599,25535,22832,17194,2701,8004,23588,22104,7786,8230,1.0,37:54,2015,2016
2015-16,201565,Derrick Rose,Derrick,1610612741,CHI,Chicago Bulls,21500006,2015-10-28T00:00:00,CHI @ BKN,W,29.4,0.0,0.0,2.0,10.0,12.0,8.0,2.0,28.0,0.0,1.0,2.0,3.0,22.9,1,1,1,1,8021,12059,10158,4675,1840,20178,17345,4025,5824,8004,17214,11390,4736,9811,1.0,29:26,2015,2016
2015-16,203903,Jordan Clarkson,Jordan,1610612747,LAL,Los Angeles Lakers,21500017,2015-10-28T00:00:00,LAL vs. MIN,L,29.7,0.0,0.0,2.0,6.0,12.0,11.0,5.0,20.0,0.0,1.0,4.0,5.0,18.9,1,13074,13074,13074,7793,12059,10158,4675,5299,20178,21814,11593,11929,8004,17214,22104,1539,12513,1.0,29:43,2015,2016
2015-16,200752,Rudy Gay,Rudy,1610612758,SAC,Sacramento Kings,21500016,2015-10-28T00:00:00,SAC vs. LAC,L,31.4,2.0,2.0,0.0,8.0,16.0,6.0,6.0,26.0,0.0,0.0,2.0,2.0,25.7,1,13074,13074,13074,6418,6026,4731,9917,3109,23774,13237,13388,7214,8004,1,11390,7786,8088,1.0,31:21,2015,2016
2015-16,202734,E'Twaun Moore,E'Twaun,1610612741,CHI,Chicago Bulls,21500006,2015-10-28T00:00:00,CHI @ BKN,W,17.0,5.0,0.0,0.0,6.0,8.0,9.0,2.0,18.0,0.0,1.0,0.0,0.0,10.0,1,1,1,1,18307,1603,10158,9917,5299,13914,19144,4025,13577,8004,17214,1,18762,19178,1.0,16:57,2015,2016
2015-16,203115,Will Barton,Will,1610612743,DEN,Denver Nuggets,21500010,2015-10-28T00:00:00,DEN @ HOU,W,19.6,4.0,0.0,4.0,8.0,11.0,4.0,7.0,16.0,0.0,1.0,0.0,2.0,18.8,1,1,1,1,16263,2460,10158,1913,3109,18886,8458,15538,15259,8004,17214,1,7786,12588,1.0,19:34,2015,2016
2015-16,203095,Evan Fournier,Evan,1610612753,ORL,Orlando Magic,21500004,2015-10-28T00:00:00,ORL vs. WAS,L,27.0,0.0,0.0,0.0,2.0,4.0,8.0,9.0,14.0,0.0,0.0,1.0,1.0,14.3,1,13074,13074,13074,10038,12059,10158,9917,12984,6141,17345,18829,17019,8004,1,4972,12373,15948,1.0,26:59,2015,2016
2015-16,2617,Udonis Haslem,Udonis,1610612748,MIA,Miami Heat,21500008,2015-10-28T00:00:00,MIA vs. CHA,W,10.6,0.0,0.0,0.0,6.0,3.0,4.0,2.0,14.0,0.0,0.0,2.0,1.0,14.3,1,1,1,1,22180,12059,10158,9917,5299,5109,8458,4025,17019,8004,1,11390,12373,15948,1.0,10:38,2015,2016
2015-16,203085,Austin Rivers,Austin,1610612746,LAC,LA Clippers,21500016,2015-10-28T00:00:00,LAC @ SAC,W,16.1,0.0,0.0,0.0,0.0,6.0,4.0,4.0,14.0,1.0,0.0,1.0,3.0,14.9,1,1,1,1,18951,12059,10158,9917,18861,10028,8458,8806,17019,2692,1,4972,4736,15463,1.0,16:07,2015,2016
2015-16,201960,DeMarre Carroll,DeMarre,1610612761,TOR,Toronto Raptors,21500009,2015-10-28T00:00:00,TOR vs. IND,W,41.2,4.0,2.0,3.0,8.0,16.0,10.0,14.0,32.0,0.0,1.0,2.0,3.0,33.6,1,1,1,1,448,2460,4731,3302,3109,23774,20509,23710,3535,8004,17214,11390,4736,4305,1.0,41:11,2015,2016
2015-16,203124,Kyle O'Quinn,Kyle,1610612752,NYK,New York Knicks,21500012,2015-10-28T00:00:00,NYK @ MIL,W,23.5,2.0,4.0,0.0,6.0,4.0,6.0,6.0,18.0,2.0,2.0,4.0,1.0,33.7,1,1,1,1,12976,6026,1596,9917,5299,6141,13237,13388,13577,932,23588,22104,12373,4280,1.0,23:29,2015,2016
2015-16,2544,LeBron James,LeBron,1610612739,CLE,Cleveland Cavaliers,21500011,2015-10-28T00:00:00,CLE @ MEM,W,30.8,2.0,0.0,6.0,6.0,7.0,2.0,7.0,26.0,0.0,0.0,1.0,5.0,33.9,1,1,1,1,6897,6026,10158,740,5299,12242,3734,15538,7214,8004,1,4972,1539,4208,1.0,30:48,2015,2016
2015-16,203090,Maurice Harkless,Maurice,1610612757,POR,Portland Trail Blazers,21500015,2015-10-28T00:00:00,POR vs. NOP,W,18.2,0.0,0.0,0.0,2.0,8.0,3.0,5.0,18.0,1.0,1.0,0.0,1.0,14.8,1,1,1,1,17341,12059,10158,9917,12984,13914,7138,11593,13577,2692,17214,1,12373,15561,1.0,18:13,2015,2016
2015-16,201579,Roy Hibbert,Roy,1610612747,LAL,Los Angeles Lakers,21500017,2015-10-28T00:00:00,LAL vs. MIN,L,28.1,0.0,8.0,0.0,2.0,9.0,13.0,6.0,22.0,2.0,0.0,4.0,8.0,34.0,1,13074,13074,13074,9140,12059,137,9917,12984,15771,23668,13388,10265,932,1,22104,254,4162,1.0,28:07,2015,2016
2015-16,201567,Kevin Love,Kevin,1610612739,CLE,Cleveland Cavaliers,21500011,2015-10-28T00:00:00,CLE @ MEM,W,28.9,5.0,4.0,2.0,8.0,8.0,5.0,7.0,22.0,0.0,0.0,2.0,1.0,34.1,1,1,1,1,8490,1603,1596,4675,3109,13914,11469,15538,10265,8004,1,11390,12373,4124,1.0,28:51,2015,2016
2015-16,202683,Enes Freedom,Enes,1610612760,OKC,Oklahoma City Thunder,21500013,2015-10-28T00:00:00,OKC vs. SAS,W,24.1,4.0,9.0,0.0,12.0,3.0,6.0,7.0,32.0,0.0,3.0,1.0,1.0,34.2,1,1,1,1,12470,2460,77,9917,988,5109,13237,15538,3535,8004,25441,4972,12373,4092,1.0,24:05,2015,2016
2015-16,201583,Ryan Anderson,Ryan,1610612740,NOP,New Orleans Pelicans,21500015,2015-10-28T00:00:00,NOP @ POR,L,38.5,3.0,5.0,0.0,4.0,10.0,11.0,10.0,38.0,0.0,0.0,1.0,1.0,34.3,1,13074,13074,13074,1252,4307,995,9917,8599,17370,21814,20169,1422,8004,1,4972,12373,4063,1.0,38:32,2015,2016
2015-16,2772,Trevor Ariza,Trevor,1610612745,HOU,Houston Rockets,21500010,2015-10-28T00:00:00,HOU vs. DEN,L,33.2,4.0,0.0,0.0,0.0,9.0,6.0,5.0,28.0,1.0,0.0,2.0,1.0,18.9,1,13074,13074,13074,4985,2460,10158,9917,18861,15771,13237,11593,5824,2692,1,11390,12373,12513,1.0,33:10,2015,2016
2015-16,1626173,Rashad Vaughn,Rashad,1610612749,MIL,Milwaukee Bucks,21500012,2015-10-28T00:00:00,MIL vs. NYK,L,12.7,0.0,2.0,0.0,4.0,7.0,5.0,8.0,14.0,1.0,0.0,0.0,0.0,11.4,1,13074,13074,13074,21145,12059,4731,9917,8599,12242,11469,17194,17019,2692,1,1,18762,18134,1.0,12:41,2015,2016
2015-16,203459,Allen Crabbe,Allen,1610612757,POR,Portland Trail Blazers,21500015,2015-10-28T00:00:00,POR vs. NOP,W,21.6,0.0,0.0,0.0,2.0,9.0,5.0,6.0,22.0,0.0,0.0,3.0,0.0,11.1,1,1,1,1,14537,12059,10158,9917,12984,15771,11469,13388,10265,8004,1,17641,18762,18370,1.0,21:34,2015,2016
2015-16,2440,Matt Barnes,Matt,1610612763,MEM,Memphis Grizzlies,21500011,2015-10-28T00:00:00,MEM vs. CLE,L,17.5,0.0,0.0,0.0,0.0,16.0,7.0,13.0,28.0,0.0,0.0,2.0,1.0,1.9,1,13074,13074,13074,17895,12059,10158,9917,18861,23774,15642,23048,5824,8004,1,11390,12373,24429,1.0,17:30,2015,2016
2015-16,201150,Spencer Hawes,Spencer,1610612766,CHA,Charlotte Hornets,21500008,2015-10-28T00:00:00,CHA @ MIA,L,18.3,0.0,0.0,0.0,6.0,7.0,3.0,7.0,16.0,0.0,0.0,2.0,1.0,10.6,1,13074,13074,13074,17253,12059,10158,9917,5299,12242,7138,15538,15259,8004,1,11390,12373,18723,1.0,18:19,2015,2016
2015-16,2550,Kirk Hinrich,Kirk,1610612741,CHI,Chicago Bulls,21500006,2015-10-28T00:00:00,CHI @ BKN,W,5.0,0.0,0.0,0.0,0.0,4.0,5.0,2.0,2.0,0.0,0.0,0.0,0.0,1.5,1,1,1,1,24385,12059,10158,9917,18861,6141,11469,4025,24614,8004,1,1,18762,24473,1.0,4:57,2015,2016
2015-16,1626273,Marcelo Huertas,Marcelo,1610612747,LAL,Los Angeles Lakers,21500017,2015-10-28T00:00:00,LAL vs. MIN,L,13.0,0.0,0.0,0.0,2.0,2.0,4.0,8.0,14.0,0.0,0.0,2.0,0.0,6.4,1,13074,13074,13074,20974,12059,10158,9917,12984,2619,8458,17194,17019,8004,1,11390,18762,21589,1.0,13:00,2015,2016
2015-16,201228,C.J. Watson,C.J.,1610612753,ORL,Orlando Magic,21500004,2015-10-28T00:00:00,ORL vs. WAS,L,21.0,0.0,0.0,0.0,0.0,1.0,6.0,2.0,16.0,0.0,1.0,2.0,0.0,5.5,1,13074,13074,13074,15038,12059,10158,9917,18861,2356,13237,4025,15259,8004,17214,11390,18762,22196,1.0,21:01,2015,2016
2015-16,202087,Alonzo Gee,Alonzo,1610612740,NOP,New Orleans Pelicans,21500015,2015-10-28T00:00:00,NOP @ POR,L,17.9,3.0,0.0,3.0,2.0,9.0,14.0,10.0,30.0,0.0,2.0,2.0,1.0,6.2,1,13074,13074,13074,17579,4307,10158,3302,12984,15771,24300,20169,4541,8004,23588,11390,12373,21696,1.0,17:55,2015,2016
2015-16,101126,Nate Robinson,Nate,1610612740,NOP,New Orleans Pelicans,21500015,2015-10-28T00:00:00,NOP @ POR,L,4.3,0.0,0.0,0.0,0.0,0.0,0.0,0.0,2.0,0.0,0.0,0.0,0.0,1.5,1,13074,13074,13074,24626,12059,10158,9917,18861,1,1,1,24614,8004,1,1,18762,24473,1.0,4:15,2015,2016
2015-16,1626175,Jordan Mickey,Jordan,1610612738,BOS,Boston Celtics,21500005,2015-10-28T00:00:00,BOS vs. PHI,W,2.0,0.0,2.0,0.0,0.0,0.0,0.0,0.0,4.0,0.0,0.0,1.0,1.0,5.9,1,1,1,1,25529,12059,4731,9917,18861,1,1,1,23698,8004,1,4972,12373,21953,1.0,1:58,2015,2016
2015-16,203114,Khris Middleton,Khris,1610612749,MIL,Milwaukee Bucks,21500012,2015-10-28T00:00:00,MIL vs. NYK,L,35.3,3.0,0.0,0.0,0.0,18.0,12.0,11.0,36.0,0.0,1.0,4.0,2.0,11.4,1,13074,13074,13074,3298,4307,10158,9917,18861,24749,22832,21342,1943,8004,17214,22104,7786,18134,1.0,35:19,2015,2016
2015-16,203943,Noah Vonleh,Noah,1610612757,POR,Portland Trail Blazers,21500015,2015-10-28T00:00:00,POR vs. NOP,W,13.8,0.0,0.0,0.0,0.0,8.0,3.0,5.0,16.0,0.0,0.0,2.0,0.0,1.0,1,1,1,1,20547,12059,10158,9917,18861,13914,7138,11593,15259,8004,1,11390,18762,24960,1.0,13:46,2015,2016
2015-16,201627,Anthony Morrow,Anthony,1610612760,OKC,Oklahoma City Thunder,21500013,2015-10-28T00:00:00,OKC vs. SAS,W,21.6,3.0,0.0,0.0,0.0,6.0,4.0,7.0,26.0,0.0,0.0,1.0,1.0,11.0,1,1,1,1,14488,4307,10158,9917,18861,10028,8458,15538,7214,8004,1,4972,12373,18430,1.0,21:38,2015,2016
2015-16,201959,Taj Gibson,Taj,1610612741,CHI,Chicago Bulls,21500006,2015-10-28T00:00:00,CHI @ BKN,W,18.4,0.0,0.0,0.0,2.0,16.0,9.0,8.0,22.0,0.0,2.0,3.0,2.0,1.2,1,1,1,1,17195,12059,10158,9917,12984,23774,19144,17194,10265,8004,23588,17641,7786,24661,1.0,18:23,2015,2016
2015-16,2592,James Jones,James,1610612739,CLE,Cleveland Cavaliers,21500011,2015-10-28T00:00:00,CLE @ MEM,W,5.3,3.0,0.0,3.0,0.0,0.0,2.0,0.0,8.0,0.0,0.0,1.0,0.0,2.0,1,1,1,1,24274,4307,10158,3302,18861,1,3734,1,21543,8004,1,4972,18762,24216,1.0,5:15,2015,2016
2015-16,203999,Nikola Jokić,Nikola,1610612743,DEN,Denver Nuggets,21500010,2015-10-28T00:00:00,DEN @ HOU,W,3.9,0.0,0.0,0.0,2.0,2.0,0.0,3.0,4.0,0.0,0.0,0.0,1.0,1.0,1,1,1,1,24734,12059,10158,9917,12984,2619,1,7328,23698,8004,1,1,12373,24960,1.0,3:55,2015,2016
2015-16,201160,Jason Smith,Jason,1610612753,ORL,Orlando Magic,21500004,2015-10-28T00:00:00,ORL vs. WAS,L,4.7,0.0,0.0,0.0,0.0,0.0,4.0,2.0,6.0,0.0,0.0,1.0,0.0,6.2,1,13074,13074,13074,24471,12059,10158,9917,18861,1,8458,4025,22724,8004,1,4972,18762,21696,1.0,4:41,2015,2016
2015-16,203082,Terrence Ross,Terrence,1610612761,TOR,Toronto Raptors,21500009,2015-10-28T00:00:00,TOR vs. IND,W,8.5,0.0,4.0,0.0,0.0,4.0,2.0,6.0,4.0,0.0,0.0,4.0,1.0,6.5,1,1,1,1,23037,12059,1596,9917,18861,6141,3734,13388,23698,8004,1,22104,12373,21519,1.0,8:27,2015,2016
2015-16,2419,Tayshaun Prince,Tayshaun,1610612750,MIN,Minnesota Timberwolves,21500017,2015-10-28T00:00:00,MIN @ LAL,W,14.6,0.0,0.0,2.0,0.0,2.0,8.0,0.0,8.0,0.0,0.0,2.0,3.0,5.9,1,1,1,1,20036,12059,10158,4675,18861,2619,17345,1,21543,8004,1,11390,4736,21953,1.0,14:37,2015,2016
2015-16,1626179,Terry Rozier,Terry,1610612738,BOS,Boston Celtics,21500005,2015-10-28T00:00:00,BOS vs. PHI,W,2.0,0.0,0.0,0.0,0.0,0.0,0.0,0.0,4.0,0.0,0.0,0.0,0.0,1.2,1,1,1,1,25529,12059,10158,9917,18861,1,1,1,23698,8004,1,1,18762,24661,1.0,1:58,2015,2016
2015-16,203382,Aron Baynes,Aron,1610612765,DET,Detroit Pistons,21500007,2015-10-28T00:00:00,DET vs. UTA,W,11.9,0.0,0.0,0.0,2.0,0.0,0.0,0.0,12.0,1.0,0.0,3.0,2.0,10.6,1,1,1,1,21644,12059,10158,9917,12984,1,1,1,18637,2692,1,17641,7786,18723,1.0,11:53,2015,2016
2015-16,202325,Wesley Johnson,Wesley,1610612746,LAC,LA Clippers,21500016,2015-10-28T00:00:00,LAC @ SAC,W,10.6,0.0,0.0,0.0,0.0,4.0,2.0,4.0,10.0,0.0,0.0,0.0,0.0,6.0,1,1,1,1,22189,12059,10158,9917,18861,6141,3734,8806,20209,8004,1,1,18762,21878,1.0,10:36,2015,2016
2015-16,204060,Joe Ingles,Joe,1610612762,UTA,Utah Jazz,21500007,2015-10-28T00:00:00,UTA @ DET,L,16.4,0.0,0.0,0.0,2.0,0.0,4.0,2.0,14.0,0.0,0.0,1.0,0.0,6.4,1,13074,13074,13074,18749,12059,10158,9917,12984,1,8458,4025,17019,8004,1,4972,18762,21589,1.0,16:23,2015,2016
2015-16,101111,Charlie Villanueva,Charlie,1610612742,DAL,Dallas Mavericks,21500014,2015-10-28T00:00:00,DAL @ PHX,W,14.7,0.0,0.0,3.0,2.0,2.0,5.0,0.0,8.0,0.0,0.0,3.0,0.0,11.2,1,1,1,1,19995,12059,10158,3302,12984,2619,11469,1,21543,8004,1,17641,18762,18267,1.0,14:39,2015,2016
2015-16,203504,Trey Burke,Trey,1610612762,UTA,Utah Jazz,21500007,2015-10-28T00:00:00,UTA @ DET,L,15.6,0.0,0.0,0.0,0.0,6.0,2.0,0.0,12.0,0.0,1.0,2.0,0.0,1.7,1,13074,13074,13074,19362,12059,10158,9917,18861,10028,3734,1,18637,8004,17214,11390,18762,24436,1.0,15:35,2015,2016
2015-16,2561,David West,David,1610612759,SAS,San Antonio Spurs,21500013,2015-10-28T00:00:00,SAS @ OKC,L,18.0,0.0,2.0,0.0,6.0,4.0,7.0,2.0,24.0,0.0,0.0,1.0,0.0,10.9,1,13074,13074,13074,17507,12059,4731,9917,5299,6141,15642,4025,8723,8004,1,4972,18762,18498,1.0,18:00,2015,2016
2015-16,202323,Evan Turner,Evan,1610612738,BOS,Boston Celtics,21500005,2015-10-28T00:00:00,BOS vs. PHI,W,22.0,0.0,0.0,2.0,0.0,5.0,6.0,5.0,16.0,0.0,0.0,0.0,1.0,10.8,1,1,1,1,14154,12059,10158,4675,18861,8403,13237,11593,15259,8004,1,1,12373,18579,1.0,22:01,2015,2016
2015-16,203996,Damien Inglis,Damien,1610612749,MIL,Milwaukee Bucks,21500012,2015-10-28T00:00:00,MIL vs. NYK,L,14.7,0.0,0.0,0.0,0.0,9.0,2.0,2.0,12.0,0.0,0.0,3.0,0.0,11.3,1,13074,13074,13074,19938,12059,10158,9917,18861,15771,3734,4025,18637,8004,1,17641,18762,18230,1.0,14:44,2015,2016
2015-16,1626163,Frank Kaminsky,Frank,1610612766,CHA,Charlotte Hornets,21500008,2015-10-28T00:00:00,CHA @ MIA,L,6.1,0.0,0.0,0.0,0.0,2.0,2.0,4.0,12.0,0.0,0.0,0.0,0.0,1.2,1,13074,13074,13074,23912,12059,10158,9917,18861,2619,3734,8806,18637,8004,1,1,18762,24661,1.0,6:07,2015,2016
2015-16,1626257,Salah Mejri,Salah,1610612742,DAL,Dallas Mavericks,21500014,2015-10-28T00:00:00,DAL @ PHX,W,2.2,0.0,0.0,0.0,0.0,0.0,0.0,7.0,4.0,0.0,0.0,0.0,0.0,1.2,1,1,1,1,25445,12059,10158,9917,18861,1,1,15538,23698,8004,1,1,18762,24661,1.0,2:13,2015,2016
2015-16,203475,Erick Green,Erick,1610612743,DEN,Denver Nuggets,21500010,2015-10-28T00:00:00,DEN @ HOU,W,1.5,0.0,0.0,0.0,0.0,0.0,0.0,1.0,0.0,0.0,0.0,0.0,0.0,1.5,1,1,1,1,25699,12059,10158,9917,18861,1,1,3646,25429,8004,1,1,18762,24473,1.0,1:29,2015,2016
2015-16,203798,PJ Hairston,PJ,1610612766,CHA,Charlotte Hornets,21500008,2015-10-28T00:00:00,CHA @ MIA,L,18.4,0.0,0.0,0.0,0.0,2.0,2.0,2.0,16.0,0.0,0.0,1.0,3.0,6.0,1,13074,13074,13074,17147,12059,10158,9917,18861,2619,3734,4025,15259,8004,1,4972,4736,21878,1.0,18:26,2015,2016
2015-16,203468,CJ McCollum,CJ,1610612757,POR,Portland Trail Blazers,21500015,2015-10-28T00:00:00,POR vs. NOP,W,37.4,9.0,5.0,4.0,8.0,8.0,5.0,3.0,22.0,0.0,0.0,3.0,3.0,48.7,1,1,1,1,1844,171,995,1913,3109,13914,11469,7328,10265,8004,1,17641,4736,890,1.0,37:23,2015,2016
2015-16,203932,Aaron Gordon,Aaron,1610612753,ORL,Orlando Magic,21500004,2015-10-28T00:00:00,ORL vs. WAS,L,17.0,4.0,6.0,0.0,8.0,4.0,8.0,8.0,8.0,1.0,0.0,0.0,5.0,24.9,1,13074,13074,13074,18254,2460,481,9917,3109,6141,17345,17194,21543,2692,1,1,1539,8553,1.0,17:01,2015,2016
2015-16,201148,Brandan Wright,Brandan,1610612763,MEM,Memphis Grizzlies,21500011,2015-10-28T00:00:00,MEM vs. CLE,L,16.7,0.0,2.0,0.0,4.0,16.0,2.0,12.0,24.0,1.0,0.0,1.0,2.0,11.4,1,13074,13074,13074,18508,12059,4731,9917,8599,23774,3734,22259,8723,2692,1,4972,7786,18134,1.0,16:41,2015,2016
2015-16,203484,Kentavious Caldwell-Pope,Kentavious,1610612765,DET,Detroit Pistons,21500007,2015-10-28T00:00:00,DET vs. UTA,W,35.8,0.0,3.0,4.0,6.0,17.0,3.0,2.0,44.0,1.0,0.0,2.0,2.0,24.5,1,1,1,1,2892,12059,3104,1913,5299,24337,7138,4025,454,2692,1,11390,7786,8801,1.0,35:48,2015,2016
2015-16,202738,Isaiah Thomas,Isaiah,1610612738,BOS,Boston Celtics,21500005,2015-10-28T00:00:00,BOS vs. PHI,W,29.2,7.0,3.0,7.0,18.0,11.0,6.0,7.0,26.0,0.0,1.0,1.0,4.0,45.9,1,1,1,1,8254,548,3104,454,131,18886,13237,15538,7214,8004,17214,4972,2748,1224,1.0,29:09,2015,2016
2015-16,203457,Nerlens Noel,Nerlens,1610612755,PHI,Philadelphia 76ers,21500005,2015-10-28T00:00:00,PHI @ BOS,L,35.0,0.0,2.0,0.0,8.0,19.0,6.0,15.0,34.0,2.0,2.0,4.0,7.0,44.6,1,13074,13074,13074,3508,12059,4731,9917,3109,25074,13237,24242,2701,932,23588,22104,469,1438,1.0,35:02,2015,2016
2015-16,202328,Greg Monroe,Greg,1610612749,MIL,Milwaukee Bucks,21500012,2015-10-28T00:00:00,MIL vs. NYK,L,34.5,2.0,9.0,0.0,12.0,18.0,12.0,11.0,34.0,2.0,2.0,3.0,6.0,56.8,1,13074,13074,13074,3927,6026,77,9917,988,24749,22832,21342,2701,932,23588,17641,873,323,1.0,34:31,2015,2016
2015-16,2754,Tony Allen,Tony,1610612763,MEM,Memphis Grizzlies,21500011,2015-10-28T00:00:00,MEM vs. CLE,L,22.7,2.0,0.0,0.0,6.0,12.0,5.0,4.0,20.0,1.0,0.0,1.0,1.0,24.4,1,13074,13074,13074,13645,6026,10158,9917,5299,20178,11469,8806,11929,2692,1,4972,12373,8867,1.0,22:39,2015,2016
2015-16,2755,Kevin Martin,Kevin,1610612750,MIN,Minnesota Timberwolves,21500017,2015-10-28T00:00:00,MIN @ LAL,W,29.0,0.0,4.0,5.0,6.0,4.0,13.0,7.0,28.0,0.0,0.0,2.0,6.0,24.2,1,1,1,1,8399,12059,1596,1277,5299,6141,23668,15538,5824,8004,1,11390,873,9009,1.0,28:58,2015,2016
2015-16,203458,Alex Len,Alex,1610612756,PHX,Phoenix Suns,21500014,2015-10-28T00:00:00,PHX vs. DAL,L,13.6,0.0,0.0,2.0,2.0,7.0,0.0,8.0,12.0,0.0,0.0,2.0,2.0,11.6,1,13074,13074,13074,20668,12059,10158,4675,12984,12242,1,17194,18637,8004,1,11390,7786,17970,1.0,13:33,2015,2016
2015-16,203893,Russ Smith,Russ,1610612763,MEM,Memphis Grizzlies,21500011,2015-10-28T00:00:00,MEM vs. CLE,L,6.0,0.0,0.0,0.0,2.0,5.0,0.0,5.0,6.0,0.0,2.0,1.0,1.0,7.4,1,13074,13074,13074,23966,12059,10158,9917,12984,8403,1,11593,22724,8004,23588,4972,12373,20912,1.0,5:59,2015,2016
2015-16,1938,Manu Ginobili,Manu,1610612759,SAS,San Antonio Spurs,21500013,2015-10-28T00:00:00,SAS @ OKC,L,18.8,3.0,0.0,0.0,4.0,9.0,11.0,2.0,26.0,0.0,0.0,0.0,1.0,24.5,1,13074,13074,13074,16838,4307,10158,9917,8599,15771,21814,4025,7214,8004,1,1,12373,8801,1.0,18:50,2015,2016
2015-16,202699,Tobias Harris,Tobias,1610612753,ORL,Orlando Magic,21500004,2015-10-28T00:00:00,ORL vs. WAS,L,31.1,6.0,4.0,3.0,10.0,10.0,4.0,9.0,22.0,1.0,1.0,4.0,2.0,28.9,1,13074,13074,13074,6647,878,1596,3302,1840,17370,8458,18829,10265,2692,17214,22104,7786,6414,1.0,31:05,2015,2016
2015-16,201569,Eric Gordon,Eric,1610612740,NOP,New Orleans Pelicans,21500015,2015-10-28T00:00:00,NOP @ POR,L,40.8,0.0,0.0,1.0,6.0,13.0,14.0,12.0,42.0,0.0,0.0,1.0,4.0,28.9,1,13074,13074,13074,531,12059,10158,9347,5299,21300,24300,22259,670,8004,1,4972,2748,6414,1.0,40:47,2015,2016
2015-16,201568,Danilo Gallinari,Danilo,1610612743,DEN,Denver Nuggets,21500010,2015-10-28T00:00:00,DEN @ HOU,W,35.6,2.0,0.0,0.0,6.0,21.0,8.0,6.0,32.0,3.0,0.0,1.0,6.0,49.1,1,1,1,1,3064,6026,10158,9917,5299,25535,17345,13388,3535,347,1,4972,873,850,1.0,35:36,2015,2016
2015-16,2747,JR Smith,JR,1610612739,CLE,Cleveland Cavaliers,21500011,2015-10-28T00:00:00,CLE @ MEM,W,33.9,0.0,0.0,3.0,2.0,10.0,4.0,5.0,28.0,0.0,0.0,2.0,0.0,29.9,1,1,1,1,4471,12059,10158,3302,12984,17370,8458,11593,5824,8004,1,11390,18762,5884,1.0,33:51,2015,2016
2015-16,201155,Rodney Stuckey,Rodney,1610612754,IND,Indiana Pacers,21500009,2015-10-28T00:00:00,IND @ TOR,L,24.2,8.0,2.0,10.0,8.0,5.0,9.0,7.0,16.0,0.0,0.0,2.0,3.0,24.8,1,13074,13074,13074,12377,308,4731,118,3109,8403,19144,15538,15259,8004,1,11390,4736,8614,1.0,24:12,2015,2016
2015-16,201933,Blake Griffin,Blake,1610612746,LAC,LA Clippers,21500016,2015-10-28T00:00:00,LAC @ SAC,W,38.2,9.0,4.0,4.0,16.0,13.0,12.0,4.0,38.0,0.0,1.0,3.0,4.0,46.6,1,1,1,1,1403,171,1596,1913,275,21300,22832,8806,1422,8004,17214,17641,2748,1122,1.0,38:15,2015,2016
2015-16,201572,Brook Lopez,Brook,1610612751,BKN,Brooklyn Nets,21500006,2015-10-28T00:00:00,BKN vs. CHI,L,33.3,2.0,7.0,0.0,8.0,7.0,7.0,10.0,26.0,1.0,1.0,2.0,5.0,37.4,1,13074,13074,13074,4862,6026,292,9917,3109,12242,15642,20169,7214,2692,17214,11390,1539,3073,1.0,33:20,2015,2016
2015-16,203081,Damian Lillard,Damian,1610612757,POR,Portland Trail Blazers,21500015,2015-10-28T00:00:00,POR vs. NOP,W,35.9,2.0,3.0,6.0,12.0,11.0,4.0,9.0,28.0,0.0,1.0,2.0,4.0,45.5,1,1,1,1,2833,6026,3104,740,988,18886,8458,18829,5824,8004,17214,11390,2748,1278,1.0,35:54,2015,2016
2015-16,203901,Elfrid Payton,Elfrid,1610612753,ORL,Orlando Magic,21500004,2015-10-28T00:00:00,ORL vs. WAS,L,34.8,0.0,2.0,0.0,2.0,11.0,4.0,17.0,20.0,0.0,2.0,1.0,3.0,36.0,1,13074,13074,13074,3724,12059,4731,9917,12984,18886,8458,24967,11929,8004,23588,4972,4736,3463,1.0,34:46,2015,2016
2015-16,2546,Carmelo Anthony,Carmelo,1610612752,NYK,New York Knicks,21500012,2015-10-28T00:00:00,NYK @ MIL,W,29.3,0.0,0.0,2.0,6.0,10.0,15.0,4.0,20.0,1.0,0.0,4.0,3.0,29.7,1,1,1,1,8150,12059,10158,4675,5299,17370,24781,8806,11929,2692,1,22104,4736,6006,1.0,29:16,2015,2016
2015-16,201942,DeMar DeRozan,DeMar,1610612761,TOR,Toronto Raptors,21500009,2015-10-28T00:00:00,TOR vs. IND,W,35.9,0.0,2.0,0.0,6.0,12.0,8.0,16.0,28.0,0.0,1.0,2.0,8.0,44.0,1,1,1,1,2853,12059,4731,9917,5299,20178,17345,24641,5824,8004,17214,11390,254,1559,1.0,35:52,2015,2016
2015-16,202695,Kawhi Leonard,Kawhi,1610612759,SAS,San Antonio Spurs,21500013,2015-10-28T00:00:00,SAS @ OKC,L,35.3,5.0,2.0,5.0,14.0,9.0,8.0,5.0,24.0,2.0,0.0,3.0,6.0,53.6,1,13074,13074,13074,3298,1603,4731,1277,542,15771,17345,11593,8723,932,1,17641,873,483,1.0,35:19,2015,2016
2015-16,203487,Michael Carter-Williams,Michael,1610612749,MIL,Milwaukee Bucks,21500012,2015-10-28T00:00:00,MIL vs. NYK,L,33.9,5.0,2.0,0.0,12.0,17.0,8.0,13.0,34.0,0.0,3.0,4.0,9.0,29.0,1,13074,13074,13074,4442,1603,4731,9917,988,24337,17345,23048,2701,8004,25441,22104,138,6346,1.0,33:53,2015,2016
2015-16,202329,Al-Farouq Aminu,Al-Farouq,1610612757,POR,Portland Trail Blazers,21500015,2015-10-28T00:00:00,POR vs. NOP,W,31.1,0.0,0.0,2.0,4.0,6.0,4.0,4.0,18.0,2.0,0.0,0.0,3.0,24.6,1,1,1,1,6616,12059,10158,4675,8599,10028,8458,8806,13577,932,1,1,4736,8724,1.0,31:08,2015,2016
2015-16,201566,Russell Westbrook,Russell,1610612760,OKC,Oklahoma City Thunder,21500013,2015-10-28T00:00:00,OKC vs. SAS,W,37.0,2.0,6.0,3.0,14.0,12.0,10.0,9.0,40.0,0.0,3.0,3.0,7.0,51.4,1,1,1,1,2096,6026,481,3302,542,20178,20509,18829,983,8004,25441,17641,469,620,1.0,36:59,2015,2016
2015-16,203490,Otto Porter Jr.,Otto,1610612764,WAS,Washington Wizards,21500004,2015-10-28T00:00:00,WAS @ ORL,W,36.9,0.0,2.0,3.0,2.0,10.0,12.0,10.0,30.0,0.0,1.0,1.0,2.0,29.1,1,1,1,1,2130,12059,4731,3302,12984,17370,22832,20169,4541,8004,17214,4972,7786,6285,1.0,36:55,2015,2016
2015-16,203076,Anthony Davis,Anthony,1610612740,NOP,New Orleans Pelicans,21500015,2015-10-28T00:00:00,NOP @ POR,L,40.7,3.0,2.0,2.0,10.0,9.0,12.0,4.0,34.0,2.0,0.0,1.0,5.0,47.0,1,13074,13074,13074,568,4307,4731,4675,1840,15771,22832,8806,2701,932,1,4972,1539,1078,1.0,40:39,2015,2016
2015-16,202720,Jon Leuer,Jon,1610612756,PHX,Phoenix Suns,21500014,2015-10-28T00:00:00,PHX vs. DAL,L,20.2,2.0,3.0,0.0,4.0,7.0,4.0,10.0,22.0,1.0,0.0,3.0,3.0,29.9,1,13074,13074,13074,15726,6026,3104,9917,8599,12242,8458,20169,10265,2692,1,17641,4736,5884,1.0,20:13,2015,2016
2015-16,202703,Nikola Mirotic,Nikola,1610612741,CHI,Chicago Bulls,21500006,2015-10-28T00:00:00,CHI @ BKN,W,29.6,3.0,0.0,4.0,0.0,6.0,6.0,0.0,24.0,1.0,0.0,3.0,4.0,37.3,1,1,1,1,7876,4307,10158,1913,18861,10028,13237,1,8723,2692,1,17641,2748,3105,1.0,29:37,2015,2016
2015-16,101161,Amir Johnson,Amir,1610612738,BOS,Boston Celtics,21500005,2015-10-28T00:00:00,BOS vs. PHI,W,20.0,4.0,5.0,0.0,10.0,9.0,2.0,5.0,20.0,2.0,0.0,3.0,2.0,29.9,1,1,1,1,15886,2460,995,9917,1840,15771,3734,11593,11929,932,1,17641,7786,5884,1.0,20:02,2015,2016
2015-16,203141,Mirza Teletovic,Mirza,1610612756,PHX,Phoenix Suns,21500014,2015-10-28T00:00:00,PHX vs. DAL,L,17.6,0.0,0.0,3.0,0.0,2.0,0.0,9.0,16.0,0.0,0.0,2.0,1.0,11.5,1,13074,13074,13074,17807,12059,10158,3302,18861,2619,1,18829,15259,8004,1,11390,12373,18079,1.0,17:38,2015,2016
2015-16,203918,Rodney Hood,Rodney,1610612762,UTA,Utah Jazz,21500007,2015-10-28T00:00:00,UTA @ DET,L,29.4,0.0,0.0,0.0,8.0,6.0,2.0,4.0,20.0,0.0,1.0,5.0,1.0,24.8,1,13074,13074,13074,8044,12059,10158,9917,3109,10028,3734,8806,11929,8004,17214,24686,12373,8614,1.0,29:25,2015,2016
2015-16,1626143,Jahlil Okafor,Jahlil,1610612755,PHI,Philadelphia 76ers,21500005,2015-10-28T00:00:00,PHI @ BOS,L,38.1,8.0,6.0,2.0,20.0,27.0,12.0,26.0,44.0,2.0,0.0,4.0,6.0,36.9,1,13074,13074,13074,1471,308,481,4675,59,26014,22832,26007,454,932,1,22104,873,3210,1.0,38:05,2015,2016
2015-16,977,Kobe Bryant,Kobe,1610612747,LAL,Los Angeles Lakers,21500017,2015-10-28T00:00:00,LAL vs. MIN,L,28.9,2.0,3.0,0.0,4.0,14.0,10.0,6.0,26.0,0.0,0.0,1.0,3.0,36.3,1,13074,13074,13074,8423,6026,3104,9917,8599,22292,20509,13388,7214,8004,1,4972,4736,3380,1.0,28:56,2015,2016
2015-16,101108,Chris Paul,Chris,1610612746,LAC,LA Clippers,21500016,2015-10-28T00:00:00,LAC @ SAC,W,36.6,0.0,0.0,0.0,0.0,13.0,12.0,4.0,38.0,0.0,0.0,1.0,3.0,44.5,1,1,1,1,2356,12059,10158,9917,18861,21300,22832,8806,1422,8004,1,4972,4736,1459,1.0,36:34,2015,2016
2015-16,202322,John Wall,John,1610612764,WAS,Washington Wizards,21500004,2015-10-28T00:00:00,WAS @ ORL,W,39.4,6.0,4.0,2.0,4.0,12.0,12.0,7.0,36.0,5.0,0.0,3.0,4.0,57.4,1,1,1,1,924,878,1596,4675,8599,20178,22832,15538,1943,59,1,17641,2748,296,1.0,39:23,2015,2016
2015-16,201158,Marco Belinelli,Marco,1610612758,SAC,Sacramento Kings,21500016,2015-10-28T00:00:00,SAC vs. LAC,L,32.0,3.0,0.0,0.0,0.0,9.0,4.0,4.0,22.0,0.0,0.0,3.0,3.0,24.9,1,13074,13074,13074,5932,4307,10158,9917,18861,15771,8458,8806,10265,8004,1,17641,4736,8553,1.0,31:57,2015,2016
2015-16,202326,DeMarcus Cousins,DeMarcus,1610612758,SAC,Sacramento Kings,21500016,2015-10-28T00:00:00,SAC vs. LAC,L,34.6,4.0,2.0,0.0,12.0,18.0,4.0,8.0,30.0,1.0,6.0,6.0,9.0,47.1,1,13074,13074,13074,3851,2460,4731,9917,988,24749,8458,17194,4541,2692,26070,25827,138,1066,1.0,34:37,2015,2016
2015-16,2207,Joe Johnson,Joe,1610612751,BKN,Brooklyn Nets,21500006,2015-10-28T00:00:00,BKN vs. CHI,L,32.4,0.0,2.0,0.0,8.0,7.0,7.0,10.0,28.0,0.0,1.0,3.0,1.0,29.5,1,13074,13074,13074,5604,12059,4731,9917,3109,12242,15642,20169,5824,8004,17214,17641,12373,6103,1.0,32:21,2015,2016
2015-16,201937,Ricky Rubio,Ricky,1610612750,MIN,Minnesota Timberwolves,21500017,2015-10-28T00:00:00,MIN @ LAL,W,32.5,3.0,0.0,4.0,6.0,4.0,13.0,0.0,18.0,0.0,2.0,3.0,7.0,53.4,1,1,1,1,5519,4307,10158,1913,5299,6141,23668,1,13577,8004,23588,17641,469,499,1.0,32:29,2015,2016
2015-16,200768,Kyle Lowry,Kyle,1610612761,TOR,Toronto Raptors,21500009,2015-10-28T00:00:00,TOR vs. IND,W,39.0,8.0,5.0,5.0,12.0,12.0,6.0,14.0,32.0,0.0,1.0,4.0,8.0,36.6,1,1,1,1,1084,308,995,1277,988,20178,13237,23710,3535,8004,17214,22104,254,3288,1.0,38:58,2015,2016
2015-16,201935,James Harden,James,1610612745,HOU,Houston Rockets,21500010,2015-10-28T00:00:00,HOU vs. DEN,L,36.4,5.0,0.0,2.0,8.0,12.0,6.0,8.0,34.0,2.0,0.0,2.0,7.0,47.2,1,13074,13074,13074,2485,1603,10158,4675,3109,20178,13237,17194,2701,932,1,11390,469,1051,1.0,36:23,2015,2016
2015-16,203477,Isaiah Canaan,Isaiah,1610612755,PHI,Philadelphia 76ers,21500005,2015-10-28T00:00:00,PHI @ BOS,L,38.0,2.0,4.0,0.0,4.0,20.0,6.0,17.0,38.0,0.0,1.0,0.0,2.0,29.4,1,13074,13074,13074,1508,6026,1596,9917,8599,25338,13237,24967,1422,8004,17214,1,7786,6143,1.0,37:59,2015,2016
2015-16,203914,Gary Harris,Gary,1610612743,DEN,Denver Nuggets,21500010,2015-10-28T00:00:00,DEN @ HOU,W,29.5,0.0,2.0,0.0,2.0,14.0,8.0,2.0,22.0,1.0,0.0,4.0,1.0,29.5,1,1,1,1,7988,12059,4731,9917,12984,22292,17345,4025,10265,2692,1,22104,12373,6103,1.0,29:29,2015,2016
2015-16,202331,Paul George,Paul,1610612754,IND,Indiana Pacers,21500009,2015-10-28T00:00:00,IND @ TOR,L,36.6,2.0,4.0,2.0,6.0,12.0,15.0,8.0,38.0,0.0,0.0,3.0,8.0,49.4,1,13074,13074,13074,2347,6026,1596,4675,5299,20178,24781,17194,1422,8004,1,17641,254,819,1.0,36:35,2015,2016
2015-16,1495,Tim Duncan,Tim,1610612759,SAS,San Antonio Spurs,21500013,2015-10-28T00:00:00,SAS @ OKC,L,25.9,0.0,4.0,0.0,4.0,9.0,6.0,5.0,16.0,3.0,0.0,2.0,2.0,29.2,1,13074,13074,13074,10885,12059,1596,9917,8599,15771,13237,11593,15259,347,1,11390,7786,6243,1.0,25:57,2015,2016
2015-16,203493,Reggie Bullock Jr.,Reggie,1610612765,DET,Detroit Pistons,21500007,2015-10-28T00:00:00,DET vs. UTA,W,6.2,0.0,0.0,0.0,0.0,0.0,0.0,0.0,4.0,0.0,0.0,0.0,0.0,0.0,1,1,1,1,23876,12059,10158,9917,18861,1,1,1,23698,8004,1,1,18762,25170,1.0,6:12,2015,2016
2015-16,202709,Cory Joseph,Cory,1610612761,TOR,Toronto Raptors,21500009,2015-10-28T00:00:00,TOR vs. IND,W,27.7,0.0,0.0,1.0,2.0,12.0,6.0,9.0,20.0,0.0,0.0,1.0,1.0,3.9,1,1,1,1,9441,12059,10158,9347,12984,20178,13237,18829,11929,8004,1,4972,12373,23225,1.0,27:43,2015,2016
2015-16,1626147,Justin Anderson,Justin,1610612742,DAL,Dallas Mavericks,21500014,2015-10-28T00:00:00,DAL @ PHX,W,3.5,0.0,0.0,0.0,2.0,0.0,0.0,7.0,6.0,0.0,0.0,2.0,0.0,3.2,1,1,1,1,24935,12059,10158,9917,12984,1,1,15538,22724,8004,1,11390,18762,23473,1.0,3:28,2015,2016
2015-16,1626161,Willie Cauley-Stein,Willie,1610612758,SAC,Sacramento Kings,21500016,2015-10-28T00:00:00,SAC vs. LAC,L,7.9,0.0,2.0,0.0,2.0,2.0,4.0,0.0,2.0,0.0,0.0,0.0,0.0,4.4,1,13074,13074,13074,23248,12059,4731,9917,12984,2619,8458,1,24614,8004,1,1,18762,22837,1.0,7:51,2015,2016
2015-16,200826,J.J. Barea,J.J.,1610612742,DAL,Dallas Mavericks,21500014,2015-10-28T00:00:00,DAL @ PHX,W,24.8,4.0,0.0,5.0,6.0,0.0,7.0,9.0,22.0,0.0,1.0,3.0,5.0,13.3,1,1,1,1,11859,2460,10158,1277,5299,1,15642,18829,10265,8004,17214,17641,1539,16712,1.0,24:46,2015,2016
2015-16,201177,Josh McRoberts,Josh,1610612748,MIA,Miami Heat,21500008,2015-10-28T00:00:00,MIA vs. CHA,W,13.5,0.0,0.0,0.0,0.0,7.0,0.0,2.0,6.0,0.0,0.0,1.0,0.0,6.6,1,1,1,1,20716,12059,10158,9917,18861,12242,1,4025,22724,8004,1,4972,18762,21445,1.0,13:28,2015,2016
2015-16,201582,Alexis Ajinca,Alexis,1610612740,NOP,New Orleans Pelicans,21500015,2015-10-28T00:00:00,NOP @ POR,L,7.4,0.0,0.0,0.0,0.0,4.0,2.0,8.0,12.0,0.0,0.0,2.0,2.0,4.4,1,13074,13074,13074,23438,12059,10158,9917,18861,6141,3734,17194,18637,8004,1,11390,7786,22837,1.0,7:21,2015,2016
2015-16,1626155,Sam Dekker,Sam,1610612745,HOU,Houston Rockets,21500010,2015-10-28T00:00:00,HOU vs. DEN,L,1.5,0.0,0.0,0.0,0.0,0.0,0.0,0.0,2.0,0.0,0.0,0.0,0.0,0.0,1,13074,13074,13074,25699,12059,10158,9917,18861,1,1,1,24614,8004,1,1,18762,25170,1.0,1:29,2015,2016
2015-16,203909,KJ McDaniels,KJ,1610612745,HOU,Houston Rockets,21500010,2015-10-28T00:00:00,HOU vs. DEN,L,1.5,0.0,0.0,0.0,0.0,0.0,0.0,0.0,2.0,0.0,0.0,0.0,0.0,0.0,1,13074,13074,13074,25699,12059,10158,9917,18861,1,1,1,24614,8004,1,1,18762,25170,1.0,1:29,2015,2016
2015-16,101181,Jose Calderon,Jose,1610612752,NYK,New York Knicks,21500012,2015-10-28T00:00:00,NYK @ MIL,W,18.0,3.0,0.0,0.0,0.0,5.0,11.0,2.0,16.0,0.0,0.0,4.0,1.0,7.1,1,1,1,1,17540,4307,10158,9917,18861,8403,21814,4025,15259,8004,1,22104,12373,21141,1.0,17:58,2015,2016
2015-16,2403,Nene,ene,1610612764,WAS,Washington Wizards,21500004,2015-10-28T00:00:00,WAS @ ORL,W,12.4,1.0,0.0,0.0,0.0,2.0,8.0,0.0,14.0,0.0,1.0,2.0,3.0,6.9,1,1,1,1,21358,11535,10158,9917,18861,2619,17345,1,17019,8004,17214,11390,4736,21262,1.0,12:21,2015,2016
2015-16,201949,James Johnson,James,1610612761,TOR,Toronto Raptors,21500009,2015-10-28T00:00:00,TOR vs. IND,W,3.0,0.0,0.0,0.0,0.0,2.0,0.0,2.0,2.0,0.0,0.0,0.0,0.0,0.0,1,1,1,1,25110,12059,10158,9917,18861,2619,1,4025,24614,8004,1,1,18762,25170,1.0,3:02,2015,2016
2015-16,201978,Chase Budinger,Chase,1610612754,IND,Indiana Pacers,21500009,2015-10-28T00:00:00,IND @ TOR,L,14.9,0.0,0.0,0.0,0.0,0.0,7.0,2.0,10.0,0.0,0.0,1.0,0.0,3.9,1,13074,13074,13074,19862,12059,10158,9917,18861,1,15642,4025,20209,8004,1,4972,18762,23225,1.0,14:51,2015,2016
2015-16,201603,Sonny Weems,Sonny,1610612756,PHX,Phoenix Suns,21500014,2015-10-28T00:00:00,PHX vs. DAL,L,15.3,0.0,0.0,0.0,0.0,2.0,2.0,5.0,12.0,0.0,0.0,1.0,1.0,8.6,1,13074,13074,13074,19590,12059,10158,9917,18861,2619,3734,11593,18637,8004,1,4972,12373,20125,1.0,15:15,2015,2016
2015-16,203098,John Jenkins,John,1610612742,DAL,Dallas Mavericks,21500014,2015-10-28T00:00:00,DAL @ PHX,W,3.7,0.0,0.0,0.0,0.0,0.0,0.0,7.0,6.0,0.0,0.0,1.0,0.0,0.0,1,1,1,1,24855,12059,10158,9917,18861,1,1,15538,22724,8004,1,4972,18762,25170,1.0,3:39,2015,2016
2015-16,101138,Brandon Bass,Brandon,1610612747,LAL,Los Angeles Lakers,21500017,2015-10-28T00:00:00,LAL vs. MIN,L,17.2,0.0,0.0,0.0,2.0,7.0,6.0,11.0,20.0,0.0,1.0,2.0,0.0,7.2,1,13074,13074,13074,18141,12059,10158,9917,12984,12242,13237,21342,11929,8004,17214,11390,18762,21035,1.0,17:11,2015,2016
2015-16,203092,Tyler Zeller,Tyler,1610612738,BOS,Boston Celtics,21500005,2015-10-28T00:00:00,BOS vs. PHI,W,10.7,0.0,0.0,2.0,2.0,6.0,4.0,0.0,20.0,1.0,0.0,3.0,1.0,9.2,1,1,1,1,22173,12059,10158,4675,12984,10028,8458,1,11929,2692,1,17641,12373,19680,1.0,10:39,2015,2016
2015-16,203940,Adreian Payne,Adreian,1610612750,MIN,Minnesota Timberwolves,21500017,2015-10-28T00:00:00,MIN @ LAL,W,3.8,0.0,0.0,0.0,0.0,2.0,0.0,5.0,6.0,0.0,0.0,0.0,1.0,0.0,1,1,1,1,24805,12059,10158,9917,18861,2619,1,11593,22724,8004,1,1,12373,25170,1.0,3:47,2015,2016
2015-16,201975,Jodie Meeks,Jodie,1610612765,DET,Detroit Pistons,21500007,2015-10-28T00:00:00,DET vs. UTA,W,6.0,0.0,0.0,0.0,0.0,0.0,0.0,0.0,2.0,0.0,0.0,1.0,0.0,0.0,1,1,1,1,23959,12059,10158,9917,18861,1,1,1,24614,8004,1,4972,18762,25170,1.0,6:00,2015,2016
2015-16,1626202,Joe Young,Joe,1610612754,IND,Indiana Pacers,21500009,2015-10-28T00:00:00,IND @ TOR,L,2.1,0.0,0.0,0.0,0.0,0.0,0.0,0.0,2.0,0.0,0.0,1.0,0.0,0.0,1,13074,13074,13074,25492,12059,10158,9917,18861,1,1,1,24614,8004,1,4972,18762,25170,1.0,2:04,2015,2016
2015-16,202711,Bojan Bogdanović,Bojan,1610612751,BKN,Brooklyn Nets,21500006,2015-10-28T00:00:00,BKN vs. CHI,L,28.7,2.0,0.0,2.0,2.0,7.0,9.0,4.0,24.0,0.0,0.0,1.0,4.0,9.7,1,13074,13074,13074,8603,6026,10158,4675,12984,12242,19144,8806,8723,8004,1,4972,2748,19379,1.0,28:44,2015,2016
2015-16,203948,Johnny O'Bryant III,Johnny,1610612749,MIL,Milwaukee Bucks,21500012,2015-10-28T00:00:00,MIL vs. NYK,L,16.5,0.0,0.0,0.0,0.0,9.0,7.0,12.0,22.0,0.0,0.0,3.0,0.0,3.6,1,13074,13074,13074,18631,12059,10158,9917,18861,15771,15642,22259,10265,8004,1,17641,18762,23310,1.0,16:32,2015,2016
2015-16,203925,Joe Harris,Joe,1610612739,CLE,Cleveland Cavaliers,21500011,2015-10-28T00:00:00,CLE @ MEM,W,5.3,0.0,0.0,0.0,0.0,0.0,2.0,0.0,8.0,0.0,0.0,0.0,0.0,3.9,1,1,1,1,24274,12059,10158,9917,18861,1,3734,1,21543,8004,1,1,18762,23225,1.0,5:15,2015,2016
2015-16,203089,John Henson,John,1610612749,MIL,Milwaukee Bucks,21500012,2015-10-28T00:00:00,MIL vs. NYK,L,10.1,0.0,0.0,0.0,4.0,2.0,5.0,4.0,8.0,1.0,1.0,2.0,0.0,8.7,1,13074,13074,13074,22398,12059,10158,9917,8599,2619,11469,8806,21543,2692,17214,11390,18762,20045,1.0,10:06,2015,2016
2015-16,2570,Kendrick Perkins,Kendrick,1610612740,NOP,New Orleans Pelicans,21500015,2015-10-28T00:00:00,NOP @ POR,L,9.5,0.0,0.0,0.0,2.0,3.0,3.0,2.0,8.0,0.0,1.0,0.0,1.0,8.8,1,13074,13074,13074,22643,12059,10158,9917,12984,5109,7138,4025,21543,8004,17214,1,12373,19994,1.0,9:28,2015,2016
2015-16,202730,Lavoy Allen,Lavoy,1610612754,IND,Indiana Pacers,21500009,2015-10-28T00:00:00,IND @ TOR,L,12.4,0.0,0.0,0.0,2.0,0.0,7.0,3.0,6.0,0.0,0.0,1.0,0.0,4.4,1,13074,13074,13074,21346,12059,10158,9917,12984,1,15642,7328,22724,8004,1,4972,18762,22837,1.0,12:22,2015,2016
2015-16,201961,Wayne Ellington,Wayne,1610612751,BKN,Brooklyn Nets,21500006,2015-10-28T00:00:00,BKN vs. CHI,L,12.1,0.0,0.0,0.0,0.0,5.0,0.0,6.0,14.0,1.0,0.0,0.0,0.0,6.9,1,13074,13074,13074,21497,12059,10158,9917,18861,8403,1,13388,17019,2692,1,1,18762,21262,1.0,12:03,2015,2016
2015-16,101179,Ronnie Price,Ronnie,1610612756,PHX,Phoenix Suns,21500014,2015-10-28T00:00:00,PHX vs. DAL,L,11.3,0.0,0.0,0.0,0.0,0.0,2.0,3.0,10.0,0.0,0.0,2.0,1.0,-2.0,1,13074,13074,13074,21903,12059,10158,9917,18861,1,3734,7328,20209,8004,1,11390,12373,26061,1.0,11:18,2015,2016
2015-16,1626158,Richaun Holmes,Richaun,1610612755,PHI,Philadelphia 76ers,21500005,2015-10-28T00:00:00,PHI @ BOS,L,6.1,0.0,2.0,0.0,2.0,4.0,4.0,0.0,4.0,1.0,0.0,1.0,0.0,8.6,1,13074,13074,13074,23929,12059,4731,9917,12984,6141,8458,1,23698,2692,1,4972,18762,20125,1.0,6:05,2015,2016
2015-16,200782,P.J. Tucker,P.J.,1610612756,PHX,Phoenix Suns,21500014,2015-10-28T00:00:00,PHX vs. DAL,L,9.2,0.0,0.0,2.0,2.0,4.0,4.0,3.0,8.0,0.0,1.0,2.0,1.0,3.2,1,13074,13074,13074,22773,12059,10158,4675,12984,6141,8458,7328,21543,8004,17214,11390,12373,23473,1.0,9:10,2015,2016
2015-16,203926,Doug McDermott,Doug,1610612741,CHI,Chicago Bulls,21500006,2015-10-28T00:00:00,CHI @ BKN,W,20.2,0.0,0.0,0.0,2.0,12.0,7.0,6.0,22.0,0.0,0.0,2.0,0.0,8.9,1,1,1,1,15729,12059,10158,9917,12984,20178,15642,13388,10265,8004,1,11390,18762,19914,1.0,20:12,2015,2016
2015-16,202407,Elijah Millsap,Elijah,1610612762,UTA,Utah Jazz,21500007,2015-10-28T00:00:00,UTA @ DET,L,9.9,0.0,0.0,0.0,0.0,0.0,2.0,2.0,12.0,0.0,0.0,2.0,1.0,4.2,1,13074,13074,13074,22478,12059,10158,9917,18861,1,3734,4025,18637,8004,1,11390,12373,22976,1.0,9:56,2015,2016
2015-16,2757,Beno Udrih,Beno,1610612763,MEM,Memphis Grizzlies,21500011,2015-10-28T00:00:00,MEM vs. CLE,L,14.7,0.0,0.0,0.0,2.0,12.0,0.0,15.0,16.0,0.0,0.0,1.0,4.0,4.0,1,13074,13074,13074,19938,12059,10158,9917,12984,20178,1,24242,15259,8004,1,4972,2748,23142,1.0,14:44,2015,2016
2015-16,203101,Miles Plumlee,Miles,1610612749,MIL,Milwaukee Bucks,21500012,2015-10-28T00:00:00,MIL vs. NYK,L,3.4,0.0,0.0,0.0,0.0,5.0,0.0,4.0,8.0,0.0,0.0,1.0,0.0,0.2,1,13074,13074,13074,24965,12059,10158,9917,18861,8403,1,8806,21543,8004,1,4972,18762,25103,1.0,3:23,2015,2016
2015-16,202332,Cole Aldrich,Cole,1610612746,LAC,LA Clippers,21500016,2015-10-28T00:00:00,LAC @ SAC,W,0.1,0.0,0.0,0.0,0.0,0.0,0.0,0.0,0.0,0.0,0.0,0.0,0.0,0.0,1,1,1,1,26054,12059,10158,9917,18861,1,1,1,25429,8004,1,1,18762,25170,1.0,0:03,2015,2016
2015-16,2034,Mike Miller,Mike,1610612743,DEN,Denver Nuggets,21500010,2015-10-28T00:00:00,DEN @ HOU,W,1.5,0.0,0.0,0.0,0.0,0.0,0.0,1.0,0.0,0.0,0.0,1.0,0.0,0.0,1,1,1,1,25699,12059,10158,9917,18861,1,1,3646,25429,8004,1,4972,18762,25170,1.0,1:29,2015,2016
2015-16,2406,Caron Butler,Caron,1610612758,SAC,Sacramento Kings,21500016,2015-10-28T00:00:00,SAC vs. LAC,L,12.7,0.0,2.0,0.0,2.0,2.0,2.0,0.0,6.0,0.0,0.0,1.0,0.0,13.4,1,13074,13074,13074,21161,12059,4731,9917,12984,2619,3734,1,22724,8004,1,4972,18762,16614,1.0,12:40,2015,2016
2015-16,202388,Donald Sloan,Donald,1610612751,BKN,Brooklyn Nets,21500006,2015-10-28T00:00:00,BKN vs. CHI,L,15.5,0.0,0.0,2.0,0.0,2.0,2.0,6.0,8.0,0.0,0.0,1.0,3.0,7.4,1,13074,13074,13074,19433,12059,10158,4675,18861,2619,3734,13388,21543,8004,1,4972,4736,20912,1.0,15:28,2015,2016
2015-16,1891,Jason Terry,Jason,1610612745,HOU,Houston Rockets,21500010,2015-10-28T00:00:00,HOU vs. DEN,L,10.8,0.0,0.0,0.0,0.0,3.0,2.0,0.0,8.0,0.0,0.0,0.0,0.0,7.2,1,13074,13074,13074,22108,12059,10158,9917,18861,5109,3734,1,21543,8004,1,1,18762,21035,1.0,10:49,2015,2016
2015-16,204014,Damjan Rudez,Damjan,1610612750,MIN,Minnesota Timberwolves,21500017,2015-10-28T00:00:00,MIN @ LAL,W,4.5,2.0,2.0,0.0,2.0,2.0,3.0,0.0,4.0,0.0,0.0,1.0,0.0,3.2,1,1,1,1,24530,6026,4731,9917,12984,2619,7138,1,23698,8004,1,4972,18762,23473,1.0,4:32,2015,2016
2015-16,2400,Drew Gooden,Drew,1610612764,WAS,Washington Wizards,21500004,2015-10-28T00:00:00,WAS @ ORL,W,19.8,0.0,0.0,0.0,0.0,5.0,10.0,9.0,24.0,1.0,1.0,2.0,1.0,15.9,1,1,1,1,16041,12059,10158,9917,18861,8403,20509,18829,8723,2692,17214,11390,12373,14675,1.0,19:50,2015,2016
2015-16,201988,Patty Mills,Patty,1610612759,SAS,San Antonio Spurs,21500013,2015-10-28T00:00:00,SAS @ OKC,L,22.2,1.0,0.0,1.0,2.0,7.0,14.0,2.0,30.0,0.0,0.0,3.0,5.0,15.6,1,13074,13074,13074,14020,11535,10158,9347,12984,12242,24300,4025,4541,8004,1,17641,1539,14916,1.0,22:11,2015,2016
2015-16,2210,Richard Jefferson,Richard,1610612739,CLE,Cleveland Cavaliers,21500011,2015-10-28T00:00:00,CLE @ MEM,W,18.3,0.0,2.0,3.0,4.0,7.0,3.0,4.0,6.0,0.0,0.0,3.0,1.0,15.6,1,1,1,1,17234,12059,4731,3302,8599,12242,7138,8806,22724,8004,1,17641,12373,14916,1.0,18:20,2015,2016
2015-16,203944,Julius Randle,Julius,1610612747,LAL,Los Angeles Lakers,21500017,2015-10-28T00:00:00,LAL vs. MIN,L,30.1,0.0,4.0,0.0,10.0,12.0,15.0,6.0,22.0,0.0,1.0,3.0,4.0,30.2,1,13074,13074,13074,7484,12059,1596,9917,1840,20178,24781,13388,10265,8004,17214,17641,2748,5751,1.0,30:04,2015,2016
2015-16,203142,Chris Copeland,Chris,1610612749,MIL,Milwaukee Bucks,21500012,2015-10-28T00:00:00,MIL vs. NYK,L,19.5,0.0,5.0,0.0,2.0,12.0,8.0,7.0,22.0,0.0,0.0,3.0,1.0,12.4,1,13074,13074,13074,16329,12059,995,9917,12984,20178,17345,15538,10265,8004,1,17641,12373,17418,1.0,19:29,2015,2016
2015-16,203991,Clint Capela,Clint,1610612745,HOU,Houston Rockets,21500010,2015-10-28T00:00:00,HOU vs. DEN,L,24.9,0.0,6.0,0.0,8.0,15.0,4.0,8.0,32.0,3.0,3.0,2.0,3.0,31.4,1,13074,13074,13074,11737,12059,481,9917,3109,23079,8458,17194,3535,347,25441,11390,4736,5218,1.0,24:55,2015,2016
2015-16,203086,Meyers Leonard,Meyers,1610612757,POR,Portland Trail Blazers,21500015,2015-10-28T00:00:00,POR vs. NOP,W,34.0,0.0,0.0,0.0,2.0,6.0,4.0,4.0,20.0,1.0,0.0,2.0,1.0,30.1,1,1,1,1,4316,12059,10158,9917,12984,10028,8458,8806,11929,2692,1,11390,12373,5794,1.0,34:02,2015,2016
2015-16,202389,Timofey Mozgov,Timofey,1610612739,CLE,Cleveland Cavaliers,21500011,2015-10-28T00:00:00,CLE @ MEM,W,25.1,3.0,3.0,0.0,8.0,7.0,2.0,7.0,24.0,0.0,1.0,2.0,4.0,11.8,1,1,1,1,11619,4307,3104,9917,3109,12242,3734,15538,8723,8004,17214,11390,2748,17832,1.0,25:04,2015,2016
2015-16,201950,Jrue Holiday,Jrue,1610612740,NOP,New Orleans Pelicans,21500015,2015-10-28T00:00:00,NOP @ POR,L,21.1,0.0,0.0,0.0,8.0,9.0,6.0,4.0,20.0,0.0,1.0,2.0,3.0,15.7,1,13074,13074,13074,14960,12059,10158,9917,3109,15771,13237,8806,11929,8004,17214,11390,4736,14841,1.0,21:07,2015,2016
2015-16,2760,Anderson Varejao,Anderson,1610612739,CLE,Cleveland Cavaliers,21500011,2015-10-28T00:00:00,CLE @ MEM,W,10.9,0.0,0.0,0.0,4.0,2.0,2.0,1.0,4.0,0.0,0.0,2.0,1.0,12.0,1,1,1,1,22086,12059,10158,9917,8599,2619,3734,3646,23698,8004,1,11390,12373,17703,1.0,10:52,2015,2016
2015-16,2746,Josh Smith,Josh,1610612746,LAC,LA Clippers,21500016,2015-10-28T00:00:00,LAC @ SAC,W,16.3,0.0,0.0,0.0,0.0,13.0,6.0,4.0,16.0,4.0,0.0,4.0,2.0,15.2,1,1,1,1,18820,12059,10158,9917,18861,21300,13237,8806,15259,132,1,22104,7786,15219,1.0,16:18,2015,2016
2015-16,101150,Lou Williams,Lou,1610612747,LAL,Los Angeles Lakers,21500017,2015-10-28T00:00:00,LAL vs. MIN,L,27.5,4.0,3.0,2.0,6.0,13.0,11.0,11.0,18.0,1.0,0.0,3.0,4.0,26.9,1,13074,13074,13074,9648,2460,3104,4675,5299,21300,21814,21342,13577,2692,1,17641,2748,7438,1.0,27:27,2015,2016
2015-16,2200,Pau Gasol,Pau,1610612741,CHI,Chicago Bulls,21500006,2015-10-28T00:00:00,CHI @ BKN,W,30.2,0.0,0.0,0.0,6.0,12.0,8.0,2.0,30.0,1.0,0.0,2.0,2.0,31.3,1,1,1,1,7318,12059,10158,9917,5299,20178,17345,4025,4541,2692,1,11390,7786,5258,1.0,30:14,2015,2016
2015-16,203138,Hollis Thompson,Hollis,1610612755,PHI,Philadelphia 76ers,21500005,2015-10-28T00:00:00,PHI @ BOS,L,36.1,3.0,0.0,0.0,0.0,32.0,12.0,24.0,36.0,0.0,2.0,6.0,1.0,15.1,1,13074,13074,13074,2714,4307,10158,9917,18861,26072,22832,25937,1943,8004,23588,25827,12373,15328,1.0,36:04,2015,2016
2015-16,2734,Devin Harris,Devin,1610612742,DAL,Dallas Mavericks,21500014,2015-10-28T00:00:00,DAL @ PHX,W,23.2,4.0,0.0,4.0,6.0,0.0,3.0,2.0,16.0,0.0,0.0,1.0,7.0,15.2,1,1,1,1,13217,2460,10158,1913,5299,1,7138,4025,15259,8004,1,4972,469,15219,1.0,23:11,2015,2016
2015-16,200751,Randy Foye,Randy,1610612743,DEN,Denver Nuggets,21500010,2015-10-28T00:00:00,DEN @ HOU,W,18.0,0.0,0.0,0.0,0.0,12.0,4.0,8.0,20.0,0.0,0.0,1.0,0.0,15.8,1,1,1,1,17510,12059,10158,9917,18861,20178,8458,17194,11929,8004,1,4972,18762,14754,1.0,18:00,2015,2016
2015-16,101162,Marcin Gortat,Marcin,1610612764,WAS,Washington Wizards,21500004,2015-10-28T00:00:00,WAS @ ORL,W,35.7,0.0,0.0,0.0,8.0,13.0,10.0,12.0,32.0,2.0,0.0,1.0,1.0,26.6,1,1,1,1,3014,12059,10158,9917,3109,21300,20509,22259,3535,932,1,4972,12373,7566,1.0,35:39,2015,2016
2015-16,202355,Hassan Whiteside,Hassan,1610612748,MIA,Miami Heat,21500008,2015-10-28T00:00:00,MIA vs. CHA,W,20.3,0.0,0.0,0.0,4.0,8.0,7.0,6.0,18.0,2.0,0.0,3.0,0.0,15.2,1,1,1,1,15679,12059,10158,9917,8599,13914,15642,13388,13577,932,1,17641,18762,15219,1.0,20:15,2015,2016
2015-16,201166,Aaron Brooks,Aaron,1610612741,CHI,Chicago Bulls,21500006,2015-10-28T00:00:00,CHI @ BKN,W,16.4,0.0,2.0,0.0,4.0,8.0,4.0,4.0,16.0,0.0,0.0,4.0,1.0,19.7,1,1,1,1,18734,12059,4731,9917,8599,13914,8458,8806,15259,8004,1,22104,12373,11962,1.0,16:24,2015,2016
2015-16,101114,Deron Williams,Deron,1610612742,DAL,Dallas Mavericks,21500014,2015-10-28T00:00:00,DAL @ PHX,W,20.1,2.0,2.0,3.0,6.0,4.0,8.0,8.0,14.0,0.0,0.0,2.0,0.0,26.9,1,1,1,1,15878,6026,4731,3302,5299,6141,17345,17194,17019,8004,1,11390,18762,7438,1.0,20:03,2015,2016
2015-16,203935,Marcus Smart,Marcus,1610612738,BOS,Boston Celtics,21500005,2015-10-28T00:00:00,BOS vs. PHI,W,32.4,5.0,0.0,3.0,0.0,9.0,10.0,2.0,28.0,1.0,1.0,3.0,4.0,30.9,1,1,1,1,5589,1603,10158,3302,18861,15771,20509,4025,5824,2692,17214,17641,2748,5452,1.0,32:23,2015,2016
2015-16,201967,Dante Cunningham,Dante,1610612740,NOP,New Orleans Pelicans,21500015,2015-10-28T00:00:00,NOP @ POR,L,31.4,0.0,0.0,0.0,0.0,4.0,0.0,2.0,18.0,0.0,0.0,3.0,0.0,11.7,1,13074,13074,13074,6418,12059,10158,9917,18861,6141,1,4025,13577,8004,1,17641,18762,17903,1.0,31:21,2015,2016
2015-16,202340,Avery Bradley,Avery,1610612738,BOS,Boston Celtics,21500005,2015-10-28T00:00:00,BOS vs. PHI,W,32.6,4.0,0.0,4.0,4.0,16.0,8.0,5.0,44.0,0.0,0.0,2.0,0.0,12.2,1,1,1,1,5423,2460,10158,1913,8599,23774,17345,11593,454,8004,1,11390,18762,17566,1.0,32:36,2015,2016
2015-16,204456,T.J. McConnell,T.J.,1610612755,PHI,Philadelphia 76ers,21500005,2015-10-28T00:00:00,PHI @ BOS,L,27.6,2.0,0.0,2.0,4.0,21.0,14.0,18.0,36.0,1.0,0.0,4.0,1.0,20.2,1,13074,13074,13074,9547,6026,10158,4675,8599,25535,24300,25228,1943,2692,1,22104,12373,11610,1.0,27:35,2015,2016
2015-16,202710,Jimmy Butler III,Jimmy,1610612741,CHI,Chicago Bulls,21500006,2015-10-28T00:00:00,CHI @ BKN,W,34.3,4.0,7.0,2.0,10.0,14.0,6.0,6.0,28.0,0.0,0.0,0.0,4.0,42.8,1,1,1,1,4082,2460,292,4675,1840,22292,13237,13388,5824,8004,1,1,2748,1776,1.0,34:19,2015,2016
2015-16,2037,Jamal Crawford,Jamal,1610612746,LAC,LA Clippers,21500016,2015-10-28T00:00:00,LAC @ SAC,W,21.1,2.0,0.0,2.0,4.0,9.0,6.0,4.0,20.0,0.0,0.0,2.0,2.0,15.5,1,1,1,1,14956,6026,10158,4675,8599,15771,13237,8806,11929,8004,1,11390,7786,15004,1.0,21:08,2015,2016
2015-16,203460,Andre Roberson,Andre,1610612760,OKC,Oklahoma City Thunder,21500013,2015-10-28T00:00:00,OKC vs. SAS,W,16.6,0.0,0.0,0.0,2.0,7.0,8.0,3.0,22.0,1.0,0.0,1.0,0.0,12.2,1,1,1,1,18590,12059,10158,9917,12984,12242,17345,7328,10265,2692,1,4972,18762,17566,1.0,16:35,2015,2016
2015-16,101139,CJ Miles,CJ,1610612754,IND,Indiana Pacers,21500009,2015-10-28T00:00:00,IND @ TOR,L,35.7,2.0,2.0,5.0,4.0,12.0,15.0,6.0,40.0,0.0,0.0,3.0,1.0,26.7,1,13074,13074,13074,3003,6026,4731,1277,8599,20178,24781,13388,983,8004,1,17641,12373,7525,1.0,35:40,2015,2016
2015-16,202692,Alec Burks,Alec,1610612762,UTA,Utah Jazz,21500007,2015-10-28T00:00:00,UTA @ DET,L,26.4,4.0,0.0,0.0,8.0,2.0,7.0,4.0,22.0,0.0,2.0,4.0,6.0,26.7,1,13074,13074,13074,10505,2460,10158,9917,3109,2619,15642,8806,10265,8004,23588,22104,873,7525,1.0,26:26,2015,2016
2015-16,201941,Jordan Hill,Jordan,1610612754,IND,Indiana Pacers,21500009,2015-10-28T00:00:00,IND @ TOR,L,23.2,0.0,0.0,0.0,4.0,5.0,9.0,6.0,20.0,0.0,1.0,4.0,4.0,20.6,1,13074,13074,13074,13157,12059,10158,9917,8599,8403,19144,13388,11929,8004,17214,22104,2748,11314,1.0,23:15,2015,2016
2015-16,201145,Jeff Green,Jeff,1610612763,MEM,Memphis Grizzlies,21500011,2015-10-28T00:00:00,MEM vs. CLE,L,20.1,2.0,0.0,1.0,2.0,6.0,7.0,17.0,20.0,0.0,0.0,5.0,1.0,12.2,1,13074,13074,13074,15865,6026,10158,9347,12984,10028,15642,24967,11929,8004,1,24686,12373,17566,1.0,20:04,2015,2016
2015-16,200745,Andrea Bargnani,Andrea,1610612751,BKN,Brooklyn Nets,21500006,2015-10-28T00:00:00,BKN vs. CHI,L,22.2,4.0,2.0,0.0,8.0,5.0,7.0,2.0,16.0,1.0,0.0,4.0,6.0,30.4,1,13074,13074,13074,14051,2460,4731,9917,3109,8403,15642,4025,15259,2692,1,22104,873,5661,1.0,22:09,2015,2016
2015-16,202702,Kenneth Faried,Kenneth,1610612743,DEN,Denver Nuggets,21500010,2015-10-28T00:00:00,DEN @ HOU,W,30.8,4.0,2.0,2.0,12.0,17.0,8.0,4.0,24.0,3.0,1.0,5.0,4.0,40.3,1,1,1,1,6863,2460,4731,4675,988,24337,17345,8806,8723,347,17214,24686,2748,2302,1.0,30:50,2015,2016
2015-16,202397,Ish Smith,Ish,1610612740,NOP,New Orleans Pelicans,21500015,2015-10-28T00:00:00,NOP @ POR,L,28.6,5.0,0.0,3.0,4.0,4.0,8.0,8.0,26.0,0.0,0.0,5.0,4.0,26.8,1,13074,13074,13074,8748,1603,10158,3302,8599,6141,17345,17194,7214,8004,1,24686,2748,7486,1.0,28:35,2015,2016
2015-16,202379,Jeremy Evans,Jeremy,1610612742,DAL,Dallas Mavericks,21500014,2015-10-28T00:00:00,DAL @ PHX,W,25.7,3.0,2.0,0.0,4.0,2.0,5.0,4.0,18.0,1.0,0.0,1.0,0.0,20.2,1,1,1,1,11093,4307,4731,9917,8599,2619,11469,8806,13577,2692,1,4972,18762,11610,1.0,25:44,2015,2016
2015-16,1626157,Karl-Anthony Towns,Karl-Anthony,1610612750,MIN,Minnesota Timberwolves,21500017,2015-10-28T00:00:00,MIN @ LAL,W,31.9,4.0,6.0,0.0,8.0,4.0,13.0,2.0,20.0,0.0,0.0,4.0,4.0,26.9,1,1,1,1,5994,2460,481,9917,3109,6141,23668,4025,11929,8004,1,22104,2748,7438,1.0,31:53,2015,2016
2015-16,1626164,Devin Booker,Devin,1610612756,PHX,Phoenix Suns,21500014,2015-10-28T00:00:00,PHX vs. DAL,L,21.3,0.0,0.0,2.0,8.0,5.0,2.0,5.0,24.0,0.0,0.0,2.0,2.0,20.6,1,13074,13074,13074,14743,12059,10158,4675,3109,8403,3734,11593,8723,8004,1,11390,7786,11314,1.0,21:20,2015,2016
2015-16,202335,Patrick Patterson,Patrick,1610612761,TOR,Toronto Raptors,21500009,2015-10-28T00:00:00,TOR vs. IND,W,19.3,0.0,0.0,0.0,0.0,4.0,2.0,13.0,10.0,0.0,0.0,0.0,0.0,15.3,1,1,1,1,16457,12059,10158,9917,18861,6141,3734,23048,20209,8004,1,1,18762,15150,1.0,19:18,2015,2016
2015-16,2744,Al Jefferson,Al,1610612766,CHA,Charlotte Hornets,21500008,2015-10-28T00:00:00,CHA @ MIA,L,21.8,7.0,0.0,2.0,12.0,4.0,4.0,5.0,22.0,0.0,3.0,1.0,2.0,26.5,1,13074,13074,13074,14365,548,10158,4675,988,6141,8458,11593,10265,8004,25441,4972,7786,7627,1.0,21:46,2015,2016
2015-16,203093,Terrence Jones,Terrence,1610612745,HOU,Houston Rockets,21500010,2015-10-28T00:00:00,HOU vs. DEN,L,28.5,6.0,4.0,3.0,12.0,9.0,4.0,3.0,24.0,1.0,4.0,4.0,3.0,26.2,1,13074,13074,13074,8779,878,1596,3302,988,15771,8458,7328,8723,2692,25926,22104,4736,7785,1.0,28:32,2015,2016
2015-16,203497,Rudy Gobert,Rudy,1610612762,UTA,Utah Jazz,21500007,2015-10-28T00:00:00,UTA @ DET,L,37.4,0.0,0.0,0.0,6.0,6.0,7.0,4.0,26.0,3.0,0.0,4.0,1.0,30.9,1,13074,13074,13074,1809,12059,10158,9917,5299,10028,15642,8806,7214,347,1,22104,12373,5452,1.0,37:25,2015,2016
2015-16,202357,Nemanja Bjelica,Nemanja,1610612750,MIN,Minnesota Timberwolves,21500017,2015-10-28T00:00:00,MIN @ LAL,W,22.6,3.0,3.0,2.0,2.0,0.0,8.0,2.0,14.0,1.0,1.0,5.0,0.0,20.0,1,1,1,1,13701,4307,3104,4675,12984,1,17345,4025,17019,2692,17214,24686,18762,11752,1.0,22:36,2015,2016
2015-16,203078,Bradley Beal,Bradley,1610612764,WAS,Washington Wizards,21500004,2015-10-28T00:00:00,WAS @ ORL,W,37.6,5.0,2.0,4.0,10.0,13.0,14.0,8.0,34.0,1.0,0.0,2.0,5.0,30.2,1,1,1,1,1701,1603,4731,1913,1840,21300,24300,17194,2701,2692,1,11390,1539,5751,1.0,37:36,2015,2016
2015-16,2749,Jameer Nelson,Jameer,1610612743,DEN,Denver Nuggets,21500010,2015-10-28T00:00:00,DEN @ HOU,W,24.5,2.0,0.0,0.0,2.0,11.0,6.0,6.0,22.0,0.0,1.0,6.0,0.0,20.5,1,1,1,1,12125,6026,10158,9917,12984,18886,13237,13388,10265,8004,17214,25827,18762,11401,1.0,24:30,2015,2016
2015-16,202685,Jonas Valančiūnas,Jonas,1610612761,TOR,Toronto Raptors,21500009,2015-10-28T00:00:00,TOR vs. IND,W,32.3,0.0,4.0,0.0,12.0,14.0,8.0,10.0,26.0,1.0,0.0,4.0,5.0,40.0,1,1,1,1,5662,12059,1596,9917,988,22292,17345,20169,7214,2692,1,22104,1539,2364,1.0,32:17,2015,2016
2015-16,203503,Tony Snell,Tony,1610612741,CHI,Chicago Bulls,21500006,2015-10-28T00:00:00,CHI @ BKN,W,21.8,0.0,0.0,2.0,2.0,8.0,6.0,2.0,24.0,0.0,1.0,3.0,1.0,16.0,1,1,1,1,14389,12059,10158,4675,12984,13914,13237,4025,8723,8004,17214,17641,12373,14590,1.0,21:45,2015,2016
2015-16,202687,Bismack Biyombo,Bismack,1610612761,TOR,Toronto Raptors,21500009,2015-10-28T00:00:00,TOR vs. IND,W,15.7,0.0,5.0,0.0,6.0,4.0,2.0,10.0,10.0,1.0,0.0,6.0,2.0,16.0,1,1,1,1,19263,12059,995,9917,5299,6141,3734,20169,20209,2692,1,25827,7786,14590,1.0,15:43,2015,2016
2015-16,200746,LaMarcus Aldridge,LaMarcus,1610612759,SAS,San Antonio Spurs,21500013,2015-10-28T00:00:00,SAS @ OKC,L,31.9,2.0,2.0,2.0,4.0,12.0,10.0,5.0,22.0,1.0,1.0,2.0,3.0,21.5,1,13074,13074,13074,5989,6026,4731,4675,8599,20178,20509,11593,10265,2692,17214,11390,4736,10755,1.0,31:54,2015,2016
2015-16,201596,Mario Chalmers,Mario,1610612748,MIA,Miami Heat,21500008,2015-10-28T00:00:00,MIA vs. CHA,W,17.1,3.0,0.0,0.0,0.0,11.0,3.0,4.0,10.0,0.0,1.0,2.0,3.0,21.6,1,1,1,1,18185,4307,10158,9917,18861,18886,7138,8806,20209,8004,17214,11390,4736,10666,1.0,17:07,2015,2016
2015-16,2199,Tyson Chandler,Tyson,1610612756,PHX,Phoenix Suns,21500014,2015-10-28T00:00:00,PHX vs. DAL,L,17.0,0.0,3.0,0.0,2.0,4.0,6.0,14.0,18.0,1.0,0.0,3.0,2.0,12.7,1,13074,13074,13074,18254,12059,3104,9917,12984,6141,13237,23710,13577,2692,1,17641,7786,17201,1.0,17:01,2015,2016
2015-16,203526,Raul Neto,Raul,1610612762,UTA,Utah Jazz,21500007,2015-10-28T00:00:00,UTA @ DET,L,26.5,0.0,0.0,0.0,0.0,2.0,3.0,4.0,22.0,0.0,0.0,1.0,1.0,12.7,1,13074,13074,13074,10488,12059,10158,9917,18861,2619,7138,8806,10265,8004,1,4972,12373,17201,1.0,26:27,2015,2016
2015-16,201584,Courtney Lee,Courtney,1610612763,MEM,Memphis Grizzlies,21500011,2015-10-28T00:00:00,MEM vs. CLE,L,31.3,2.0,0.0,5.0,0.0,8.0,14.0,15.0,26.0,1.0,0.0,0.0,1.0,21.4,1,13074,13074,13074,6498,6026,10158,1277,18861,13914,24300,24242,7214,2692,1,1,12373,10807,1.0,31:16,2015,2016
2015-16,200755,JJ Redick,JJ,1610612746,LAC,LA Clippers,21500016,2015-10-28T00:00:00,LAC @ SAC,W,30.8,5.0,2.0,0.0,2.0,8.0,10.0,4.0,34.0,0.0,0.0,3.0,3.0,16.0,1,1,1,1,6924,1603,4731,9917,12984,13914,20509,8806,2701,8004,1,17641,4736,14590,1.0,30:45,2015,2016
2015-16,2743,Kris Humphries,Kris,1610612764,WAS,Washington Wizards,21500004,2015-10-28T00:00:00,WAS @ ORL,W,26.0,2.0,2.0,7.0,4.0,10.0,8.0,3.0,22.0,0.0,2.0,2.0,1.0,18.2,1,1,1,1,10838,6026,4731,454,8599,17370,17345,7328,10265,8004,23588,11390,12373,13004,1.0,26:00,2015,2016
2015-16,203919,Jordan Adams,Jordan,1610612763,MEM,Memphis Grizzlies,21500011,2015-10-28T00:00:00,MEM vs. CLE,L,7.1,3.0,0.0,0.0,0.0,5.0,0.0,5.0,6.0,0.0,0.0,0.0,1.0,8.0,1,13074,13074,13074,23536,4307,10158,9917,18861,8403,1,11593,22724,8004,1,1,12373,20564,1.0,7:04,2015,2016
2015-16,1626168,Trey Lyles,Trey,1610612762,UTA,Utah Jazz,21500007,2015-10-28T00:00:00,UTA @ DET,L,8.2,0.0,0.0,0.0,0.0,2.0,2.0,2.0,8.0,0.0,0.0,0.0,0.0,2.7,1,13074,13074,13074,23109,12059,10158,9917,18861,2619,3734,4025,21543,8004,1,1,18762,23884,1.0,8:14,2015,2016
2015-16,203476,Gorgui Dieng,Gorgui,1610612750,MIN,Minnesota Timberwolves,21500017,2015-10-28T00:00:00,MIN @ LAL,W,20.3,0.0,2.0,0.0,2.0,2.0,13.0,5.0,20.0,2.0,1.0,3.0,2.0,18.3,1,1,1,1,15631,12059,4731,9917,12984,2619,23668,11593,11929,932,17214,17641,7786,12952,1.0,20:19,2015,2016
2015-16,201152,Thaddeus Young,Thaddeus,1610612751,BKN,Brooklyn Nets,21500006,2015-10-28T00:00:00,BKN vs. CHI,L,24.5,4.0,2.0,0.0,8.0,7.0,0.0,8.0,24.0,0.0,0.0,4.0,0.0,18.0,1,13074,13074,13074,12152,2460,4731,9917,3109,12242,1,17194,8723,8004,1,22104,18762,13164,1.0,24:28,2015,2016
2015-16,203080,Thomas Robinson,Thomas,1610612751,BKN,Brooklyn Nets,21500006,2015-10-28T00:00:00,BKN vs. CHI,L,14.7,4.0,2.0,2.0,2.0,5.0,2.0,0.0,16.0,0.0,0.0,0.0,2.0,18.0,1,13074,13074,13074,19982,2460,4731,4675,12984,8403,3734,1,15259,8004,1,1,7786,13164,1.0,14:40,2015,2016
2015-16,708,Kevin Garnett,Kevin,1610612750,MIN,Minnesota Timberwolves,21500017,2015-10-28T00:00:00,MIN @ LAL,W,12.9,2.0,0.0,0.0,2.0,2.0,5.0,0.0,8.0,1.0,0.0,2.0,1.0,18.4,1,1,1,1,21036,6026,10158,9917,12984,2619,11469,1,21543,2692,1,11390,12373,12854,1.0,12:53,2015,2016
2015-16,2555,Nick Collison,Nick,1610612760,OKC,Oklahoma City Thunder,21500013,2015-10-28T00:00:00,OKC vs. SAS,W,8.4,0.0,0.0,0.0,0.0,6.0,0.0,4.0,8.0,0.0,0.0,3.0,0.0,2.1,1,1,1,1,23065,12059,10158,9917,18861,10028,1,8806,21543,8004,1,17641,18762,24211,1.0,8:22,2015,2016
2015-16,203462,Archie Goodwin,Archie,1610612756,PHX,Phoenix Suns,21500014,2015-10-28T00:00:00,PHX vs. DAL,L,17.4,0.0,0.0,2.0,4.0,2.0,2.0,5.0,14.0,0.0,2.0,0.0,3.0,18.5,1,13074,13074,13074,17960,12059,10158,4675,8599,2619,3734,11593,17019,8004,23588,1,4736,12794,1.0,17:24,2015,2016
2015-16,201156,Nick Young,Nick,1610612747,LAL,Los Angeles Lakers,21500017,2015-10-28T00:00:00,LAL vs. MIN,L,19.1,0.0,3.0,3.0,2.0,5.0,9.0,11.0,16.0,0.0,0.0,3.0,0.0,16.4,1,13074,13074,13074,16642,12059,3104,3302,12984,8403,19144,21342,15259,8004,1,17641,18762,14289,1.0,19:04,2015,2016
2015-16,203960,JaKarr Sampson,JaKarr,1610612755,PHI,Philadelphia 76ers,21500005,2015-10-28T00:00:00,PHI @ BOS,L,27.0,3.0,0.0,3.0,10.0,18.0,10.0,14.0,28.0,0.0,0.0,1.0,2.0,17.8,1,13074,13074,13074,10052,4307,10158,3302,1840,24749,20509,23710,5824,8004,1,4972,7786,13309,1.0,26:57,2015,2016
2015-16,203148,Brian Roberts,Brian,1610612766,CHA,Charlotte Hornets,21500008,2015-10-28T00:00:00,CHA @ MIA,L,13.3,0.0,0.0,0.0,0.0,5.0,1.0,3.0,4.0,0.0,0.0,1.0,3.0,7.7,1,13074,13074,13074,20795,12059,10158,9917,18861,8403,3393,7328,23698,8004,1,4972,4736,20733,1.0,13:19,2015,2016
2015-16,2581,Steve Blake,Steve,1610612765,DET,Detroit Pistons,21500007,2015-10-28T00:00:00,DET vs. UTA,W,16.8,0.0,0.0,0.0,2.0,0.0,1.0,0.0,12.0,0.0,0.0,0.0,0.0,16.3,1,1,1,1,18459,12059,10158,9917,12984,1,3393,1,18637,8004,1,1,18762,14372,1.0,16:45,2015,2016
2015-16,203937,Kyle Anderson,Kyle,1610612759,SAS,San Antonio Spurs,21500013,2015-10-28T00:00:00,SAS @ OKC,L,12.7,0.0,0.0,0.0,2.0,7.0,9.0,2.0,20.0,0.0,0.0,0.0,0.0,8.2,1,13074,13074,13074,21145,12059,10158,9917,12984,12242,19144,4025,11929,8004,1,1,18762,20416,1.0,12:41,2015,2016
2015-16,202694,Marcus Morris Sr.,Marcus,1610612765,DET,Detroit Pistons,21500007,2015-10-28T00:00:00,DET vs. UTA,W,35.5,2.0,0.0,0.0,2.0,17.0,3.0,2.0,38.0,0.0,1.0,3.0,5.0,20.7,1,1,1,1,3147,6026,10158,9917,12984,24337,7138,4025,1422,8004,17214,17641,1539,11252,1.0,35:29,2015,2016
2015-16,203952,Andrew Wiggins,Andrew,1610612750,MIN,Minnesota Timberwolves,21500017,2015-10-28T00:00:00,MIN @ LAL,W,29.1,0.0,0.0,0.0,2.0,4.0,11.0,0.0,18.0,0.0,0.0,3.0,2.0,8.2,1,1,1,1,8306,12059,10158,9917,12984,6141,21814,1,13577,8004,1,17641,7786,20416,1.0,29:05,2015,2016
2015-16,2449,Luis Scola,Luis,1610612761,TOR,Toronto Raptors,21500009,2015-10-28T00:00:00,TOR vs. IND,W,17.5,0.0,0.0,0.0,0.0,10.0,6.0,6.0,16.0,0.0,0.0,1.0,2.0,8.6,1,1,1,1,17904,12059,10158,9917,18861,17370,13237,13388,15259,8004,1,4972,7786,20125,1.0,17:29,2015,2016
2015-16,201619,Sasha Kaun,Sasha,1610612739,CLE,Cleveland Cavaliers,21500011,2015-10-28T00:00:00,CLE @ MEM,W,6.0,0.0,0.0,0.0,0.0,1.0,2.0,0.0,8.0,1.0,0.0,3.0,0.0,7.7,1,1,1,1,23966,12059,10158,9917,18861,2356,3734,1,21543,2692,1,17641,18762,20733,1.0,5:59,2015,2016
2015-16,201144,Mike Conley,Mike,1610612763,MEM,Memphis Grizzlies,21500011,2015-10-28T00:00:00,MEM vs. CLE,L,29.4,0.0,0.0,2.0,2.0,8.0,11.0,11.0,30.0,0.0,0.0,1.0,5.0,20.8,1,13074,13074,13074,8021,12059,10158,4675,12984,13914,21814,21342,4541,8004,1,4972,1539,11195,1.0,29:26,2015,2016
2015-16,202693,Markieff Morris,Markieff,1610612756,PHX,Phoenix Suns,21500014,2015-10-28T00:00:00,PHX vs. DAL,L,11.2,0.0,2.0,0.0,0.0,2.0,4.0,7.0,10.0,0.0,0.0,5.0,1.0,8.2,1,13074,13074,13074,21937,12059,4731,9917,18861,2619,8458,15538,20209,8004,1,24686,12373,20416,1.0,11:13,2015,2016
2015-16,203921,Cleanthony Early,Cleanthony,1610612752,NYK,New York Knicks,21500012,2015-10-28T00:00:00,NYK @ MIL,W,6.6,2.0,0.0,2.0,2.0,0.0,5.0,0.0,2.0,0.0,0.0,1.0,0.0,7.7,1,1,1,1,23712,6026,10158,4675,12984,1,11469,1,24614,8004,1,4972,18762,20733,1.0,6:36,2015,2016
2015-16,203463,Ben McLemore,Ben,1610612758,SAC,Sacramento Kings,21500016,2015-10-28T00:00:00,SAC vs. LAC,L,20.1,2.0,0.0,2.0,2.0,13.0,6.0,4.0,18.0,0.0,0.0,4.0,0.0,8.0,1,13074,13074,13074,15863,6026,10158,4675,12984,21300,13237,8806,13577,8004,1,22104,18762,20564,1.0,20:04,2015,2016
2015-16,203527,Ryan Kelly,Ryan,1610612747,LAL,Los Angeles Lakers,21500017,2015-10-28T00:00:00,LAL vs. MIN,L,20.6,0.0,0.0,0.0,2.0,10.0,4.0,11.0,20.0,1.0,1.0,4.0,2.0,16.7,1,13074,13074,13074,15360,12059,10158,9917,12984,17370,8458,21342,11929,2692,17214,22104,7786,14064,1.0,20:38,2015,2016
2015-16,203099,Jared Cunningham,Jared,1610612739,CLE,Cleveland Cavaliers,21500011,2015-10-28T00:00:00,CLE @ MEM,W,15.2,2.0,0.0,4.0,6.0,3.0,5.0,0.0,12.0,1.0,0.0,2.0,2.0,16.7,1,1,1,1,19653,6026,10158,1913,5299,5109,11469,1,18637,2692,1,11390,7786,14064,1.0,15:09,2015,2016
2015-16,1626156,D'Angelo Russell,D'Angelo,1610612747,LAL,Los Angeles Lakers,21500017,2015-10-28T00:00:00,LAL vs. MIN,L,25.8,0.0,0.0,0.0,0.0,11.0,12.0,10.0,32.0,0.0,0.0,3.0,0.0,7.6,1,13074,13074,13074,10980,12059,10158,9917,18861,18886,22832,20169,3535,8004,1,17641,18762,20803,1.0,25:50,2015,2016
2015-16,2225,Tony Parker,Tony,1610612759,SAS,San Antonio Spurs,21500013,2015-10-28T00:00:00,SAS @ OKC,L,25.8,2.0,0.0,0.0,8.0,9.0,3.0,5.0,14.0,0.0,1.0,5.0,0.0,16.1,1,13074,13074,13074,10993,6026,10158,9917,3109,15771,7138,11593,17019,8004,17214,24686,18762,14515,1.0,25:49,2015,2016
2015-16,1626149,Montrezl Harrell,Montrezl,1610612745,HOU,Houston Rockets,21500010,2015-10-28T00:00:00,HOU vs. DEN,L,15.8,4.0,0.0,2.0,8.0,0.0,0.0,3.0,10.0,0.0,0.0,4.0,1.0,13.1,1,13074,13074,13074,19160,2460,10158,4675,3109,1,1,7328,20209,8004,1,22104,12373,16874,1.0,15:50,2015,2016
2015-16,201956,Omri Casspi,Omri,1610612758,SAC,Sacramento Kings,21500016,2015-10-28T00:00:00,SAC vs. LAC,L,20.1,2.0,0.0,2.0,2.0,4.0,6.0,2.0,6.0,0.0,0.0,2.0,0.0,16.8,1,13074,13074,13074,15829,6026,10158,4675,12984,6141,13237,4025,22724,8004,1,11390,18762,13996,1.0,20:07,2015,2016
2015-16,201973,Jonas Jerebko,Jonas,1610612738,BOS,Boston Celtics,21500005,2015-10-28T00:00:00,BOS vs. PHI,W,15.0,0.0,0.0,0.0,2.0,5.0,4.0,5.0,10.0,1.0,1.0,1.0,2.0,16.1,1,1,1,1,19739,12059,10158,9917,12984,8403,8458,11593,20209,2692,17214,4972,7786,14515,1.0,15:02,2015,2016
2015-16,203210,JaMychal Green,JaMychal,1610612763,MEM,Memphis Grizzlies,21500011,2015-10-28T00:00:00,MEM vs. CLE,L,14.0,0.0,2.0,0.0,2.0,12.0,2.0,13.0,20.0,0.0,0.0,2.0,2.0,12.4,1,13074,13074,13074,20407,12059,4731,9917,12984,20178,3734,23048,11929,8004,1,11390,7786,17418,1.0,14:00,2015,2016
2015-16,202390,Gary Neal,Gary,1610612764,WAS,Washington Wizards,21500004,2015-10-28T00:00:00,WAS @ ORL,W,18.2,0.0,2.0,0.0,2.0,5.0,8.0,4.0,18.0,0.0,0.0,0.0,0.0,8.4,1,1,1,1,17353,12059,4731,9917,12984,8403,17345,8806,13577,8004,1,1,18762,20273,1.0,18:12,2015,2016
2015-16,202341,James Anderson,James,1610612758,SAC,Sacramento Kings,21500016,2015-10-28T00:00:00,SAC vs. LAC,L,3.2,0.0,0.0,0.0,0.0,2.0,0.0,2.0,8.0,0.0,0.0,1.0,0.0,3.0,1,13074,13074,13074,25036,12059,10158,9917,18861,2619,1,4025,21543,8004,1,4972,18762,23648,1.0,3:14,2015,2016
2015-16,202330,Gordon Hayward,Gordon,1610612762,UTA,Utah Jazz,21500007,2015-10-28T00:00:00,UTA @ DET,L,35.5,7.0,0.0,2.0,8.0,8.0,3.0,4.0,28.0,1.0,0.0,3.0,5.0,21.3,1,13074,13074,13074,3184,548,10158,4675,3109,13914,7138,8806,5824,2692,1,17641,1539,10880,1.0,35:27,2015,2016
2015-16,201147,Corey Brewer,Corey,1610612745,HOU,Houston Rockets,21500010,2015-10-28T00:00:00,HOU vs. DEN,L,29.4,0.0,0.0,2.0,2.0,8.0,2.0,6.0,20.0,1.0,1.0,3.0,4.0,21.4,1,13074,13074,13074,8044,12059,10158,4675,12984,13914,3734,13388,11929,2692,17214,17641,2748,10807,1.0,29:25,2015,2016
2015-16,203933,T.J. Warren,T.J.,1610612756,PHX,Phoenix Suns,21500014,2015-10-28T00:00:00,PHX vs. DAL,L,20.1,0.0,0.0,0.0,2.0,9.0,2.0,17.0,20.0,0.0,0.0,0.0,1.0,12.8,1,13074,13074,13074,15816,12059,10158,9917,12984,15771,3734,24967,11929,8004,1,1,12373,17129,1.0,20:07,2015,2016
2015-16,203079,Dion Waiters,Dion,1610612760,OKC,Oklahoma City Thunder,21500013,2015-10-28T00:00:00,OKC vs. SAS,W,21.4,2.0,0.0,2.0,4.0,3.0,2.0,5.0,22.0,0.0,0.0,2.0,0.0,12.8,1,1,1,1,14699,6026,10158,4675,8599,5109,3734,11593,10265,8004,1,11390,18762,17129,1.0,21:24,2015,2016
2015-16,1626174,Christian Wood,Christian,1610612755,PHI,Philadelphia 76ers,21500005,2015-10-28T00:00:00,PHI @ BOS,L,5.6,0.0,0.0,0.0,0.0,7.0,6.0,3.0,8.0,0.0,1.0,0.0,0.0,2.4,1,13074,13074,13074,24143,12059,10158,9917,18861,12242,13237,7328,21543,8004,17214,1,18762,24024,1.0,5:36,2015,2016
2015-16,2564,Boris Diaw,Boris,1610612759,SAS,San Antonio Spurs,21500013,2015-10-28T00:00:00,SAS @ OKC,L,20.1,0.0,0.0,2.0,6.0,7.0,11.0,2.0,26.0,3.0,0.0,1.0,1.0,32.0,1,13074,13074,13074,15797,12059,10158,4675,5299,12242,21814,4025,7214,347,1,4972,12373,4945,1.0,20:08,2015,2016
2015-16,2590,Mo Williams,Mo,1610612739,CLE,Cleveland Cavaliers,21500011,2015-10-28T00:00:00,CLE @ MEM,W,22.6,0.0,3.0,0.0,0.0,6.0,3.0,7.0,22.0,0.0,1.0,1.0,0.0,16.9,1,1,1,1,13661,12059,3104,9917,18861,10028,7138,15538,10265,8004,17214,4972,18762,13911,1.0,22:38,2015,2016
2015-16,202083,Wesley Matthews,Wesley,1610612742,DAL,Dallas Mavericks,21500014,2015-10-28T00:00:00,DAL @ PHX,W,26.1,0.0,0.0,0.0,2.0,2.0,11.0,6.0,16.0,0.0,1.0,2.0,3.0,17.1,1,1,1,1,10755,12059,10158,9917,12984,2619,21814,13388,15259,8004,17214,11390,4736,13791,1.0,26:06,2015,2016
2015-16,201188,Marc Gasol,Marc,1610612763,MEM,Memphis Grizzlies,21500011,2015-10-28T00:00:00,MEM vs. CLE,L,29.7,0.0,0.0,0.0,8.0,10.0,10.0,10.0,20.0,0.0,0.0,3.0,2.0,17.0,1,13074,13074,13074,7793,12059,10158,9917,3109,17370,20509,20169,11929,8004,1,17641,7786,13855,1.0,29:43,2015,2016
2015-16,1626169,Stanley Johnson,Stanley,1610612765,DET,Detroit Pistons,21500007,2015-10-28T00:00:00,DET vs. UTA,W,19.6,0.0,2.0,2.0,4.0,2.0,2.0,0.0,18.0,0.0,2.0,3.0,2.0,17.0,1,1,1,1,16236,12059,4731,4675,8599,2619,3734,1,13577,8004,23588,17641,7786,13855,1.0,19:35,2015,2016
2015-16,203500,Steven Adams,Steven,1610612760,OKC,Oklahoma City Thunder,21500013,2015-10-28T00:00:00,OKC vs. SAS,W,29.6,0.0,0.0,0.0,6.0,9.0,6.0,4.0,26.0,1.0,0.0,4.0,0.0,16.9,1,1,1,1,7919,12059,10158,9917,5299,15771,13237,8806,7214,2692,1,22104,18762,13911,1.0,29:34,2015,2016
2015-16,202324,Derrick Favors,Derrick,1610612762,UTA,Utah Jazz,21500007,2015-10-28T00:00:00,UTA @ DET,L,34.7,6.0,3.0,0.0,18.0,8.0,3.0,4.0,26.0,1.0,0.0,3.0,5.0,38.7,1,13074,13074,13074,3778,878,3104,9917,131,13914,7138,8806,7214,2692,1,17641,1539,2717,1.0,34:42,2015,2016
2015-16,201588,George Hill,George,1610612754,IND,Indiana Pacers,21500009,2015-10-28T00:00:00,IND @ TOR,L,37.7,2.0,0.0,2.0,2.0,9.0,22.0,3.0,40.0,1.0,0.0,5.0,4.0,32.6,1,13074,13074,13074,1661,6026,10158,4675,12984,15771,25991,7328,983,2692,1,24686,2748,4687,1.0,37:41,2015,2016
2015-16,203924,Jerami Grant,Jerami,1610612755,PHI,Philadelphia 76ers,21500005,2015-10-28T00:00:00,PHI @ BOS,L,26.6,0.0,0.0,0.0,4.0,22.0,10.0,13.0,32.0,0.0,1.0,2.0,4.0,22.2,1,13074,13074,13074,10358,12059,10158,9917,8599,25683,20509,23048,3535,8004,17214,11390,2748,10263,1.0,26:37,2015,2016
2015-16,203109,Jae Crowder,Jae,1610612738,BOS,Boston Celtics,21500005,2015-10-28T00:00:00,BOS vs. PHI,W,31.2,4.0,0.0,4.0,4.0,13.0,12.0,2.0,42.0,0.0,0.0,3.0,3.0,28.7,1,1,1,1,6553,2460,10158,1913,8599,21300,22832,4025,670,8004,1,17641,4736,6514,1.0,31:12,2015,2016
2015-16,204001,Kristaps Porziņģis,Kristaps,1610612752,NYK,New York Knicks,21500012,2015-10-28T00:00:00,NYK @ MIL,W,24.3,5.0,2.0,3.0,4.0,10.0,14.0,4.0,18.0,1.0,0.0,3.0,6.0,27.5,1,1,1,1,12350,1603,4731,3302,8599,17370,24300,8806,13577,2692,1,17641,873,7137,1.0,24:15,2015,2016
2015-16,203499,Shane Larkin,Shane,1610612751,BKN,Brooklyn Nets,21500006,2015-10-28T00:00:00,BKN vs. CHI,L,23.2,2.0,0.0,0.0,4.0,8.0,3.0,4.0,26.0,1.0,0.0,3.0,1.0,28.0,1,13074,13074,13074,13180,6026,10158,9917,8599,13914,7138,8806,7214,2692,1,17641,12373,6864,1.0,23:13,2015,2016
2015-16,1717,Dirk Nowitzki,Dirk,1610612742,DAL,Dallas Mavericks,21500014,2015-10-28T00:00:00,DAL @ PHX,W,20.7,0.0,2.0,3.0,2.0,0.0,6.0,6.0,14.0,1.0,1.0,2.0,2.0,32.3,1,1,1,1,15300,12059,4731,3302,12984,1,13237,13388,17019,2692,17214,11390,7786,4807,1.0,20:43,2015,2016
2015-16,1626209,Mario Hezonja,Mario,1610612753,ORL,Orlando Magic,21500004,2015-10-28T00:00:00,ORL vs. WAS,L,25.3,0.0,0.0,5.0,2.0,13.0,6.0,8.0,16.0,0.0,0.0,3.0,1.0,13.6,1,13074,13074,13074,11473,12059,10158,1277,12984,21300,13237,17194,15259,8004,1,17641,12373,16460,1.0,25:16,2015,2016
2015-16,2216,Zach Randolph,Zach,1610612763,MEM,Memphis Grizzlies,21500011,2015-10-28T00:00:00,MEM vs. CLE,L,30.9,3.0,3.0,0.0,8.0,5.0,12.0,10.0,24.0,0.0,0.0,1.0,4.0,22.6,1,13074,13074,13074,6803,4307,3104,9917,3109,8403,22832,20169,8723,8004,1,4972,2748,10000,1.0,30:54,2015,2016
2015-16,201196,Ramon Sessions,Ramon,1610612764,WAS,Washington Wizards,21500004,2015-10-28T00:00:00,WAS @ ORL,W,14.1,0.0,0.0,1.0,0.0,5.0,8.0,7.0,20.0,0.0,1.0,1.0,5.0,13.6,1,1,1,1,20373,12059,10158,9347,18861,8403,17345,15538,11929,8004,17214,4972,1539,16460,1.0,14:04,2015,2016
2015-16,101109,Raymond Felton,Raymond,1610612742,DAL,Dallas Mavericks,21500014,2015-10-28T00:00:00,DAL @ PHX,W,33.2,0.0,0.0,4.0,8.0,4.0,4.0,15.0,26.0,0.0,0.0,2.0,3.0,31.8,1,1,1,1,5003,12059,10158,1913,3109,6141,8458,24242,7214,8004,1,11390,4736,5041,1.0,33:09,2015,2016
2015-16,201142,Kevin Durant,Kevin,1610612760,OKC,Oklahoma City Thunder,21500013,2015-10-28T00:00:00,OKC vs. SAS,W,34.5,3.0,0.0,2.0,2.0,10.0,10.0,5.0,32.0,0.0,2.0,2.0,4.0,28.2,1,1,1,1,3944,4307,10158,4675,12984,17370,20509,11593,3535,8004,23588,11390,2748,6778,1.0,34:30,2015,2016
2015-16,201976,Patrick Beverley,Patrick,1610612745,HOU,Houston Rockets,21500010,2015-10-28T00:00:00,HOU vs. DEN,L,21.3,3.0,2.0,0.0,2.0,8.0,0.0,7.0,16.0,0.0,1.0,2.0,3.0,22.1,1,13074,13074,13074,14819,4307,4731,9917,12984,13914,1,15538,15259,8004,17214,11390,4736,10332,1.0,21:16,2015,2016
2015-16,101141,Ersan Ilyasova,Ersan,1610612765,DET,Detroit Pistons,21500007,2015-10-28T00:00:00,DET vs. UTA,W,21.8,0.0,0.0,0.0,0.0,15.0,0.0,2.0,28.0,0.0,1.0,4.0,3.0,13.9,1,1,1,1,14365,12059,10158,9917,18861,23079,1,4025,5824,8004,17214,22104,4736,16232,1.0,21:46,2015,2016
2015-16,201589,Darrell Arthur,Darrell,1610612743,DEN,Denver Nuggets,21500010,2015-10-28T00:00:00,DEN @ HOU,W,15.7,3.0,0.0,0.0,2.0,9.0,4.0,6.0,18.0,2.0,2.0,1.0,1.0,13.9,1,1,1,1,19279,4307,10158,9917,12984,15771,8458,13388,13577,932,23588,4972,12373,16232,1.0,15:41,2015,2016
2015-16,1626170,Jerian Grant,Jerian,1610612752,NYK,New York Knicks,21500012,2015-10-28T00:00:00,NYK @ MIL,W,24.2,0.0,0.0,2.0,6.0,4.0,9.0,6.0,20.0,0.0,1.0,2.0,2.0,27.7,1,1,1,1,12392,12059,10158,4675,5299,6141,19144,13388,11929,8004,17214,11390,7786,7008,1.0,24:11,2015,2016
2015-16,203083,Andre Drummond,Andre,1610612765,DET,Detroit Pistons,21500007,2015-10-28T00:00:00,DET vs. UTA,W,36.1,2.0,2.0,0.0,10.0,17.0,3.0,2.0,38.0,2.0,0.0,2.0,6.0,39.0,1,1,1,1,2658,6026,4731,9917,1840,24337,7138,4025,1422,932,1,11390,873,2642,1.0,36:07,2015,2016
2015-16,201587,Nicolas Batum,Nicolas,1610612766,CHA,Charlotte Hornets,21500008,2015-10-28T00:00:00,CHA @ MIA,L,32.5,4.0,2.0,0.0,2.0,6.0,4.0,12.0,34.0,0.0,1.0,3.0,2.0,17.7,1,13074,13074,13074,5503,2460,4731,9917,12984,10028,8458,22259,2701,8004,17214,17641,7786,13380,1.0,32:30,2015,2016
2015-16,202696,Nikola Vučević,Nikola,1610612753,ORL,Orlando Magic,21500004,2015-10-28T00:00:00,ORL vs. WAS,L,28.5,0.0,0.0,0.0,8.0,10.0,6.0,13.0,24.0,2.0,1.0,4.0,1.0,28.4,1,13074,13074,13074,8840,12059,10158,9917,3109,17370,13237,23048,8723,932,17214,22104,12373,6663,1.0,28:29,2015,2016
2015-16,101135,David Lee,David,1610612738,BOS,Boston Celtics,21500005,2015-10-28T00:00:00,BOS vs. PHI,W,22.0,2.0,4.0,0.0,4.0,7.0,10.0,0.0,28.0,1.0,3.0,3.0,2.0,22.5,1,1,1,1,14221,6026,1596,9917,8599,12242,20509,1,5824,2692,25441,17641,7786,10082,1.0,21:57,2015,2016
2015-16,203506,Victor Oladipo,Victor,1610612753,ORL,Orlando Magic,21500004,2015-10-28T00:00:00,ORL vs. WAS,L,36.0,3.0,4.0,4.0,10.0,13.0,12.0,15.0,24.0,0.0,3.0,2.0,1.0,38.2,1,13074,13074,13074,2786,4307,1596,1913,1840,21300,22832,24242,8723,8004,25441,11390,12373,2854,1.0,35:58,2015,2016
2015-16,2547,Chris Bosh,Chris,1610612748,MIA,Miami Heat,21500008,2015-10-28T00:00:00,MIA vs. CHA,W,32.3,2.0,1.0,0.0,4.0,16.0,11.0,6.0,28.0,1.0,0.0,1.0,6.0,39.5,1,1,1,1,5633,6026,9709,9917,8599,23774,21814,13388,5824,2692,1,4972,873,2497,1.0,32:19,2015,2016
2015-16,201573,Jerryd Bayless,Jerryd,1610612749,MIL,Milwaukee Bucks,21500012,2015-10-28T00:00:00,MIL vs. NYK,L,30.1,0.0,0.0,4.0,0.0,17.0,15.0,13.0,30.0,0.0,0.0,2.0,3.0,17.2,1,13074,13074,13074,7496,12059,10158,1913,18861,24337,24781,23048,4541,8004,1,11390,4736,13725,1.0,30:03,2015,2016
2015-16,201149,Joakim Noah,Joakim,1610612741,CHI,Chicago Bulls,21500006,2015-10-28T00:00:00,CHI @ BKN,W,17.8,0.0,0.0,0.0,0.0,10.0,7.0,6.0,16.0,1.0,0.0,5.0,1.0,17.2,1,1,1,1,17694,12059,10158,9917,18861,17370,15642,13388,15259,2692,1,24686,12373,13725,1.0,17:46,2015,2016
2015-16,202349,Greivis Vasquez,Greivis,1610612749,MIL,Milwaukee Bucks,21500012,2015-10-28T00:00:00,MIL vs. NYK,L,29.3,4.0,5.0,4.0,4.0,11.0,11.0,10.0,30.0,0.0,0.0,2.0,7.0,31.9,1,13074,13074,13074,8109,2460,995,1913,8599,18886,21814,20169,4541,8004,1,11390,469,4984,1.0,29:19,2015,2016
2015-16,202334,Ed Davis,Ed,1610612757,POR,Portland Trail Blazers,21500015,2015-10-28T00:00:00,POR vs. NOP,W,29.1,2.0,4.0,0.0,10.0,12.0,3.0,6.0,20.0,0.0,0.0,5.0,1.0,28.2,1,1,1,1,8286,6026,1596,9917,1840,20178,7138,13388,11929,8004,1,24686,12373,6778,1.0,29:07,2015,2016
2015-16,1626178,Rondae Hollis-Jefferson,Rondae,1610612751,BKN,Brooklyn Nets,21500006,2015-10-28T00:00:00,BKN vs. CHI,L,24.2,2.0,0.0,2.0,6.0,5.0,4.0,0.0,20.0,1.0,1.0,0.0,0.0,22.0,1,13074,13074,13074,12356,6026,10158,4675,5299,8403,8458,1,11929,2692,17214,1,18762,10388,1.0,24:15,2015,2016
2015-16,101145,Monta Ellis,Monta,1610612754,IND,Indiana Pacers,21500009,2015-10-28T00:00:00,IND @ TOR,L,28.5,2.0,0.0,1.0,2.0,10.0,13.0,7.0,32.0,0.0,1.0,4.0,3.0,22.0,1,13074,13074,13074,8776,6026,10158,9347,12984,17370,23668,15538,3535,8004,17214,22104,4736,10388,1.0,28:33,2015,2016
2015-16,202339,Eric Bledsoe,Eric,1610612756,PHX,Phoenix Suns,21500014,2015-10-28T00:00:00,PHX vs. DAL,L,31.4,0.0,3.0,0.0,4.0,8.0,6.0,20.0,32.0,0.0,0.0,4.0,5.0,21.8,1,13074,13074,13074,6393,12059,3104,9917,8599,13914,13237,25599,3535,8004,1,22104,1539,10526,1.0,31:23,2015,2016
2015-16,202684,Tristan Thompson,Tristan,1610612739,CLE,Cleveland Cavaliers,21500011,2015-10-28T00:00:00,CLE @ MEM,W,20.0,1.0,2.0,1.0,4.0,6.0,1.0,1.0,6.0,0.0,0.0,4.0,2.0,14.1,1,1,1,1,15922,11535,4731,9347,8599,10028,3393,3646,22724,8004,1,22104,7786,16094,1.0,19:59,2015,2016
2015-16,202689,Kemba Walker,Kemba,1610612766,CHA,Charlotte Hornets,21500008,2015-10-28T00:00:00,CHA @ MIA,L,34.7,2.0,3.0,2.0,6.0,6.0,4.0,12.0,36.0,1.0,3.0,2.0,5.0,38.8,1,13074,13074,13074,3794,6026,3104,4675,5299,10028,8458,22259,1943,2692,25441,11390,1539,2692,1.0,34:41,2015,2016
2015-16,203096,Jared Sullinger,Jared,1610612738,BOS,Boston Celtics,21500005,2015-10-28T00:00:00,BOS vs. PHI,W,21.1,8.0,2.0,4.0,8.0,9.0,8.0,4.0,18.0,1.0,0.0,3.0,2.0,28.4,1,1,1,1,15009,308,4731,1913,3109,15771,17345,8806,13577,2692,1,17641,7786,6663,1.0,21:03,2015,2016
2015-16,201585,Kosta Koufos,Kosta,1610612758,SAC,Sacramento Kings,21500016,2015-10-28T00:00:00,SAC vs. LAC,L,22.5,4.0,4.0,0.0,10.0,15.0,8.0,4.0,16.0,2.0,0.0,2.0,0.0,27.9,1,13074,13074,13074,13737,2460,1596,9917,1840,23079,17345,8806,15259,932,1,11390,18762,6914,1.0,22:32,2015,2016
2015-16,2548,Dwyane Wade,Dwyane,1610612748,MIA,Miami Heat,21500008,2015-10-28T00:00:00,MIA vs. CHA,W,29.0,0.0,2.0,0.0,8.0,11.0,10.0,4.0,30.0,1.0,0.0,2.0,5.0,33.1,1,1,1,1,8373,12059,4731,9917,3109,18886,20509,8806,4541,2692,1,11390,1539,4505,1.0,29:00,2015,2016
2015-16,202498,Lance Thomas,Lance,1610612752,NYK,New York Knicks,21500012,2015-10-28T00:00:00,NYK @ MIL,W,19.5,5.0,2.0,0.0,4.0,4.0,9.0,4.0,18.0,0.0,0.0,1.0,4.0,17.1,1,1,1,1,16315,1603,4731,9917,8599,6141,19144,8806,13577,8004,1,4972,2748,13791,1.0,19:31,2015,2016
2015-16,201980,Danny Green,Danny,1610612759,SAS,San Antonio Spurs,21500013,2015-10-28T00:00:00,SAS @ OKC,L,29.2,0.0,2.0,0.0,2.0,7.0,6.0,5.0,18.0,0.0,2.0,1.0,1.0,17.6,1,13074,13074,13074,8230,12059,4731,9917,12984,12242,13237,11593,13577,8004,23588,4972,12373,13443,1.0,29:11,2015,2016
2015-16,201143,Al Horford,Al,1610612737,ATL,Atlanta Hawks,21500001,2015-10-27T00:00:00,ATL vs. DET,L,30.2,3.0,2.0,3.0,6.0,14.0,9.0,7.0,26.0,3.0,0.0,1.0,4.0,39.8,1,13074,13074,13074,7318,4307,4731,3302,5299,22292,19144,15538,7214,347,1,4972,2748,2422,1.0,30:14,2015,2016
2015-16,201583,Ryan Anderson,Ryan,1610612740,NOP,New Orleans Pelicans,21500003,2015-10-27T00:00:00,NOP @ GSW,L,28.7,4.0,2.0,3.0,0.0,15.0,17.0,2.0,30.0,0.0,0.0,2.0,4.0,17.7,1,13074,13074,13074,8678,2460,4731,3302,18861,23079,25429,4025,4541,8004,1,11390,2748,13380,1.0,28:40,2015,2016
2015-16,202397,Ish Smith,Ish,1610612740,NOP,New Orleans Pelicans,21500003,2015-10-27T00:00:00,NOP @ GSW,L,38.0,2.0,2.0,2.0,10.0,19.0,16.0,10.0,38.0,0.0,2.0,5.0,9.0,39.9,1,13074,13074,13074,1495,6026,4731,4675,1840,25074,25155,20169,1422,8004,23588,24686,138,2396,1.0,38:01,2015,2016
2015-16,2590,Mo Williams,Mo,1610612739,CLE,Cleveland Cavaliers,21500002,2015-10-27T00:00:00,CLE @ CHI,L,37.2,3.0,3.0,5.0,2.0,11.0,9.0,13.0,28.0,1.0,0.0,2.0,4.0,39.3,1,13074,13074,13074,1995,4307,3104,1277,12984,18886,19144,23048,5824,2692,1,11390,2748,2563,1.0,37:09,2015,2016
2015-16,2210,Richard Jefferson,Richard,1610612739,CLE,Cleveland Cavaliers,21500002,2015-10-27T00:00:00,CLE @ CHI,L,17.0,4.0,3.0,2.0,4.0,4.0,3.0,6.0,8.0,0.0,0.0,3.0,0.0,13.5,1,13074,13074,13074,18307,2460,3104,4675,8599,6141,7138,13388,21543,8004,1,17641,18762,16552,1.0,16:57,2015,2016
2015-16,202389,Timofey Mozgov,Timofey,1610612739,CLE,Cleveland Cavaliers,21500002,2015-10-27T00:00:00,CLE @ CHI,L,20.9,0.0,2.0,0.0,4.0,5.0,6.0,5.0,18.0,2.0,2.0,2.0,2.0,17.0,1,13074,13074,13074,15140,12059,4731,9917,8599,8403,13237,11593,13577,932,23588,11390,7786,13855,1.0,20:54,2015,2016
2015-16,203484,Kentavious Caldwell-Pope,Kentavious,1610612765,DET,Detroit Pistons,21500001,2015-10-27T00:00:00,DET @ ATL,W,37.0,6.0,0.0,5.0,4.0,12.0,6.0,8.0,30.0,0.0,0.0,1.0,2.0,28.3,1,1,1,1,2054,878,10158,1277,8599,20178,13237,17194,4541,8004,1,4972,7786,6720,1.0,37:03,2015,2016
2015-16,201578,Marreese Speights,Marreese,1610612744,GSW,Golden State Warriors,21500003,2015-10-27T00:00:00,GSW vs. NOP,W,10.7,2.0,2.0,0.0,2.0,13.0,4.0,5.0,10.0,1.0,0.0,1.0,3.0,17.5,1,1,1,1,22153,6026,4731,9917,12984,21300,8458,11593,20209,2692,1,4972,4736,13528,1.0,10:42,2015,2016
2015-16,203076,Anthony Davis,Anthony,1610612740,NOP,New Orleans Pelicans,21500003,2015-10-27T00:00:00,NOP @ GSW,L,34.5,6.0,0.0,4.0,2.0,20.0,15.0,11.0,40.0,3.0,1.0,4.0,9.0,32.2,1,13074,13074,13074,3939,878,10158,1913,12984,25338,24781,21342,983,347,17214,22104,138,4846,1.0,34:31,2015,2016
2015-16,201565,Derrick Rose,Derrick,1610612741,CHI,Chicago Bulls,21500002,2015-10-27T00:00:00,CHI vs. CLE,W,32.5,0.0,0.0,1.0,10.0,9.0,9.0,8.0,36.0,0.0,4.0,0.0,3.0,27.7,1,1,1,1,5530,12059,10158,9347,1840,15771,19144,17194,1943,8004,25926,1,4736,7008,1.0,32:28,2015,2016
2015-16,201567,Kevin Love,Kevin,1610612739,CLE,Cleveland Cavaliers,21500002,2015-10-27T00:00:00,CLE @ CHI,L,34.8,0.0,2.0,0.0,4.0,11.0,9.0,10.0,28.0,2.0,4.0,0.0,6.0,37.6,1,13074,13074,13074,3676,12059,4731,9917,8599,18886,19144,20169,5824,932,25926,1,873,3018,1.0,34:49,2015,2016
2015-16,201967,Dante Cunningham,Dante,1610612740,NOP,New Orleans Pelicans,21500003,2015-10-27T00:00:00,NOP @ GSW,L,26.5,8.0,2.0,3.0,4.0,16.0,9.0,11.0,36.0,0.0,1.0,2.0,1.0,15.4,1,13074,13074,13074,10450,308,4731,3302,8599,23774,19144,21342,1943,8004,17214,11390,12373,15066,1.0,26:31,2015,2016
2015-16,201168,Tiago Splitter,Tiago,1610612737,ATL,Atlanta Hawks,21500001,2015-10-27T00:00:00,ATL vs. DET,L,16.3,0.0,2.0,0.0,4.0,6.0,5.0,3.0,8.0,1.0,1.0,4.0,0.0,11.8,1,13074,13074,13074,18830,12059,4731,9917,8599,10028,11469,7328,21543,2692,17214,22104,18762,17832,1.0,16:18,2015,2016
2015-16,203521,Matthew Dellavedova,Matthew,1610612739,CLE,Cleveland Cavaliers,21500002,2015-10-27T00:00:00,CLE @ CHI,L,20.2,4.0,2.0,0.0,2.0,4.0,7.0,5.0,4.0,0.0,0.0,1.0,1.0,15.8,1,13074,13074,13074,15729,2460,4731,9917,12984,6141,15642,11593,23698,8004,1,4972,12373,14754,1.0,20:12,2015,2016
2015-16,200794,Paul Millsap,Paul,1610612737,ATL,Atlanta Hawks,21500001,2015-10-27T00:00:00,ATL vs. DET,L,36.0,3.0,2.0,0.0,6.0,15.0,16.0,10.0,30.0,0.0,1.0,4.0,4.0,31.1,1,13074,13074,13074,2759,4307,4731,9917,5299,23079,25155,20169,4541,8004,17214,22104,2748,5354,1.0,36:00,2015,2016
2015-16,101106,Andrew Bogut,Andrew,1610612744,GSW,Golden State Warriors,21500003,2015-10-27T00:00:00,GSW vs. NOP,W,18.7,0.0,4.0,0.0,12.0,8.0,2.0,7.0,14.0,2.0,0.0,2.0,1.0,31.5,1,1,1,1,16946,12059,1596,9917,988,13914,3734,15538,17019,932,1,11390,12373,5180,1.0,18:42,2015,2016
2015-16,200757,Thabo Sefolosha,Thabo,1610612737,ATL,Atlanta Hawks,21500001,2015-10-27T00:00:00,ATL vs. DET,L,18.9,2.0,0.0,0.0,2.0,6.0,9.0,3.0,12.0,0.0,0.0,1.0,1.0,26.9,1,13074,13074,13074,16747,6026,10158,9917,12984,10028,19144,7328,18637,8004,1,4972,12373,7438,1.0,18:56,2015,2016
2015-16,1626169,Stanley Johnson,Stanley,1610612765,DET,Detroit Pistons,21500001,2015-10-27T00:00:00,DET @ ATL,W,24.5,5.0,2.0,0.0,4.0,14.0,4.0,7.0,28.0,0.0,1.0,1.0,1.0,15.3,1,1,1,1,12138,1603,4731,9917,8599,22292,8458,15538,5824,8004,17214,4972,12373,15150,1.0,24:29,2015,2016
2015-16,202703,Nikola Mirotic,Nikola,1610612741,CHI,Chicago Bulls,21500002,2015-10-27T00:00:00,CHI vs. CLE,W,25.2,0.0,2.0,3.0,4.0,4.0,6.0,8.0,30.0,0.0,1.0,5.0,3.0,30.3,1,1,1,1,11499,12059,4731,3302,8599,6141,13237,17194,4541,8004,17214,24686,4736,5702,1.0,25:14,2015,2016
2015-16,2733,Shaun Livingston,Shaun,1610612744,GSW,Golden State Warriors,21500003,2015-10-27T00:00:00,GSW vs. NOP,W,21.3,0.0,4.0,0.0,4.0,15.0,4.0,5.0,10.0,1.0,0.0,1.0,0.0,15.6,1,1,1,1,14743,12059,1596,9917,8599,23079,8458,11593,20209,2692,1,4972,18762,14916,1.0,21:20,2015,2016
2015-16,202734,E'Twaun Moore,E'Twaun,1610612741,CHI,Chicago Bulls,21500002,2015-10-27T00:00:00,CHI vs. CLE,W,14.4,4.0,0.0,5.0,6.0,4.0,3.0,5.0,8.0,0.0,1.0,3.0,0.0,16.1,1,1,1,1,20184,2460,10158,1277,5299,6141,7138,11593,21543,8004,17214,17641,18762,14515,1.0,14:22,2015,2016
2015-16,101126,Nate Robinson,Nate,1610612740,NOP,New Orleans Pelicans,21500003,2015-10-27T00:00:00,NOP @ GSW,L,19.0,0.0,0.0,0.0,0.0,11.0,7.0,5.0,24.0,0.0,0.0,5.0,0.0,7.5,1,13074,13074,13074,16664,12059,10158,9917,18861,18886,15642,11593,8723,8004,1,24686,18762,20874,1.0,19:03,2015,2016
2015-16,202087,Alonzo Gee,Alonzo,1610612740,NOP,New Orleans Pelicans,21500003,2015-10-27T00:00:00,NOP @ GSW,L,26.9,4.0,0.0,6.0,8.0,13.0,15.0,2.0,24.0,0.0,0.0,3.0,2.0,21.5,1,13074,13074,13074,10063,2460,10158,740,3109,21300,24781,4025,8723,8004,1,17641,7786,10755,1.0,26:56,2015,2016
2015-16,203949,James Michael McAdoo,James Michael,1610612744,GSW,Golden State Warriors,21500003,2015-10-27T00:00:00,GSW vs. NOP,W,2.5,0.0,0.0,0.0,0.0,4.0,2.0,0.0,2.0,0.0,0.0,4.0,1.0,3.0,1,1,1,1,25313,12059,10158,9917,18861,6141,3734,1,24614,8004,1,22104,12373,23648,1.0,2:31,2015,2016
2015-16,2570,Kendrick Perkins,Kendrick,1610612740,NOP,New Orleans Pelicans,21500003,2015-10-27T00:00:00,NOP @ GSW,L,15.9,0.0,0.0,0.0,10.0,8.0,4.0,11.0,24.0,0.0,0.0,1.0,2.0,16.3,1,13074,13074,13074,19124,12059,10158,9917,1840,13914,8458,21342,8723,8004,1,4972,7786,14372,1.0,15:53,2015,2016
2015-16,202691,Klay Thompson,Klay,1610612744,GSW,Golden State Warriors,21500003,2015-10-27T00:00:00,GSW vs. NOP,W,26.4,2.0,0.0,0.0,6.0,18.0,4.0,16.0,30.0,1.0,0.0,5.0,2.0,18.5,1,1,1,1,10505,6026,10158,9917,5299,24749,8458,24641,4541,2692,1,24686,7786,12794,1.0,26:26,2015,2016
2015-16,2594,Kyle Korver,Kyle,1610612737,ATL,Atlanta Hawks,21500001,2015-10-27T00:00:00,ATL vs. DET,L,28.7,2.0,0.0,0.0,0.0,13.0,5.0,8.0,14.0,0.0,0.0,4.0,0.0,12.9,1,13074,13074,13074,8647,6026,10158,9917,18861,21300,11469,17194,17019,8004,1,22104,18762,17049,1.0,28:42,2015,2016
2015-16,2592,James Jones,James,1610612739,CLE,Cleveland Cavaliers,21500002,2015-10-27T00:00:00,CLE @ CHI,L,3.8,0.0,0.0,0.0,0.0,2.0,4.0,2.0,2.0,1.0,0.0,1.0,0.0,3.0,1,13074,13074,13074,24784,12059,10158,9917,18861,2619,8458,4025,24614,2692,1,4972,18762,23648,1.0,3:49,2015,2016
2015-16,203503,Tony Snell,Tony,1610612741,CHI,Chicago Bulls,21500002,2015-10-27T00:00:00,CHI vs. CLE,W,28.8,5.0,3.0,4.0,2.0,7.0,9.0,8.0,32.0,0.0,1.0,4.0,2.0,12.4,1,1,1,1,8534,1603,3104,1913,12984,12242,19144,17194,3535,8004,17214,22104,7786,17418,1.0,28:48,2015,2016
2015-16,2747,JR Smith,JR,1610612739,CLE,Cleveland Cavaliers,21500002,2015-10-27T00:00:00,CLE @ CHI,L,30.5,2.0,0.0,0.0,6.0,7.0,6.0,10.0,28.0,0.0,1.0,4.0,3.0,21.5,1,13074,13074,13074,7141,6026,10158,9917,5299,12242,13237,20169,5824,8004,17214,22104,4736,10755,1.0,30:27,2015,2016
2015-16,202684,Tristan Thompson,Tristan,1610612739,CLE,Cleveland Cavaliers,21500002,2015-10-27T00:00:00,CLE @ CHI,L,24.9,0.0,0.0,0.0,2.0,8.0,4.0,10.0,12.0,0.0,0.0,4.0,2.0,18.4,1,13074,13074,13074,11737,12059,10158,9917,12984,13914,8458,20169,18637,8004,1,22104,7786,12854,1.0,24:55,2015,2016
2015-16,203926,Doug McDermott,Doug,1610612741,CHI,Chicago Bulls,21500002,2015-10-27T00:00:00,CHI vs. CLE,W,16.2,0.0,0.0,0.0,0.0,8.0,3.0,5.0,8.0,0.0,0.0,0.0,1.0,12.8,1,1,1,1,18882,12059,10158,9917,18861,13914,7138,11593,21543,8004,1,1,12373,17129,1.0,16:12,2015,2016
2015-16,201952,Jeff Teague,Jeff,1610612737,ATL,Atlanta Hawks,21500001,2015-10-27T00:00:00,ATL vs. DET,L,31.9,2.0,0.0,8.0,8.0,18.0,12.0,10.0,22.0,0.0,1.0,1.0,2.0,21.4,1,13074,13074,13074,6018,6026,10158,280,3109,24749,22832,20169,10265,8004,17214,4972,7786,10807,1.0,31:52,2015,2016
2015-16,203145,Kent Bazemore,Kent,1610612737,ATL,Atlanta Hawks,21500001,2015-10-27T00:00:00,ATL vs. DET,L,20.8,0.0,0.0,0.0,0.0,14.0,4.0,7.0,22.0,0.0,0.0,3.0,0.0,5.9,1,13074,13074,13074,15197,12059,10158,9917,18861,22292,8458,15538,10265,8004,1,17641,18762,21953,1.0,20:50,2015,2016
2015-16,201166,Aaron Brooks,Aaron,1610612741,CHI,Chicago Bulls,21500002,2015-10-27T00:00:00,CHI vs. CLE,W,15.5,0.0,2.0,0.0,2.0,6.0,3.0,5.0,6.0,0.0,0.0,1.0,0.0,6.4,1,1,1,1,19386,12059,4731,9917,12984,10028,7138,11593,22724,8004,1,4972,18762,21589,1.0,15:32,2015,2016
2015-16,203382,Aron Baynes,Aron,1610612765,DET,Detroit Pistons,21500001,2015-10-27T00:00:00,DET @ ATL,W,10.9,0.0,0.0,0.0,4.0,10.0,0.0,7.0,14.0,0.0,0.0,2.0,1.0,11.0,1,1,1,1,22091,12059,10158,9917,8599,17370,1,15538,17019,8004,1,11390,12373,18430,1.0,10:51,2015,2016
2015-16,202694,Marcus Morris Sr.,Marcus,1610612765,DET,Detroit Pistons,21500001,2015-10-27T00:00:00,DET @ ATL,W,37.1,7.0,3.0,2.0,2.0,12.0,6.0,8.0,30.0,0.0,0.0,1.0,3.0,36.0,1,1,1,1,2027,548,3104,4675,12984,20178,13237,17194,4541,8004,1,4972,4736,3463,1.0,37:05,2015,2016
2015-16,101141,Ersan Ilyasova,Ersan,1610612765,DET,Detroit Pistons,21500001,2015-10-27T00:00:00,DET @ ATL,W,34.4,0.0,3.0,0.0,4.0,12.0,2.0,15.0,26.0,1.0,1.0,4.0,4.0,28.9,1,1,1,1,4001,12059,3104,9917,8599,20178,3734,24242,7214,2692,17214,22104,2748,6414,1.0,34:26,2015,2016
2015-16,203105,Festus Ezeli,Festus,1610612744,GSW,Golden State Warriors,21500003,2015-10-27T00:00:00,GSW vs. NOP,W,17.0,0.0,0.0,0.0,12.0,10.0,2.0,8.0,16.0,1.0,2.0,2.0,3.0,24.3,1,1,1,1,18268,12059,10158,9917,988,17370,3734,17194,15259,2692,23588,11390,4736,8939,1.0,17:01,2015,2016
2015-16,203110,Draymond Green,Draymond,1610612744,GSW,Golden State Warriors,21500003,2015-10-27T00:00:00,GSW vs. NOP,W,29.4,5.0,0.0,0.0,0.0,11.0,4.0,13.0,26.0,0.0,0.0,5.0,8.0,24.6,1,1,1,1,8021,1603,10158,9917,18861,18886,8458,23048,7214,8004,1,24686,254,8724,1.0,29:26,2015,2016
2015-16,202704,Reggie Jackson,Reggie,1610612765,DET,Detroit Pistons,21500001,2015-10-27T00:00:00,DET @ ATL,W,32.1,0.0,0.0,3.0,4.0,7.0,4.0,6.0,22.0,0.0,0.0,0.0,5.0,36.1,1,1,1,1,5785,12059,10158,3302,8599,12242,8458,13388,10265,8004,1,1,1539,3432,1.0,32:07,2015,2016
2015-16,203083,Andre Drummond,Andre,1610612765,DET,Detroit Pistons,21500001,2015-10-27T00:00:00,DET @ ATL,W,37.2,0.0,8.0,0.0,12.0,9.0,6.0,8.0,28.0,2.0,1.0,4.0,8.0,52.3,1,1,1,1,1995,12059,137,9917,988,15771,13237,17194,5824,932,17214,22104,254,559,1.0,37:09,2015,2016
2015-16,2760,Anderson Varejao,Anderson,1610612739,CLE,Cleveland Cavaliers,21500002,2015-10-27T00:00:00,CLE @ CHI,L,11.6,0.0,0.0,0.0,0.0,0.0,3.0,3.0,4.0,1.0,0.0,1.0,1.0,7.4,1,13074,13074,13074,21797,12059,10158,9917,18861,1,7138,7328,23698,2692,1,4972,12373,20912,1.0,11:33,2015,2016
2015-16,2544,LeBron James,LeBron,1610612739,CLE,Cleveland Cavaliers,21500002,2015-10-27T00:00:00,CLE @ CHI,L,36.1,2.0,0.0,6.0,18.0,11.0,10.0,9.0,26.0,0.0,2.0,3.0,3.0,46.5,1,13074,13074,13074,2697,6026,10158,740,131,18886,20509,18829,7214,8004,23588,17641,4736,1137,1.0,36:04,2015,2016
2015-16,201939,Stephen Curry,Stephen,1610612744,GSW,Golden State Warriors,21500003,2015-10-27T00:00:00,GSW vs. NOP,W,35.6,10.0,8.0,11.0,14.0,16.0,4.0,13.0,30.0,0.0,1.0,1.0,6.0,61.7,1,1,1,1,3047,99,137,69,542,23774,8458,23048,4541,8004,17214,4972,873,154,1.0,35:37,2015,2016
2015-16,203084,Harrison Barnes,Harrison,1610612744,GSW,Golden State Warriors,21500003,2015-10-27T00:00:00,GSW vs. NOP,W,32.7,5.0,3.0,0.0,2.0,12.0,4.0,11.0,28.0,0.0,0.0,3.0,2.0,25.3,1,1,1,1,5344,1603,3104,9917,12984,20178,8458,21342,5824,8004,1,17641,7786,8340,1.0,32:42,2015,2016
2015-16,2200,Pau Gasol,Pau,1610612741,CHI,Chicago Bulls,21500002,2015-10-27T00:00:00,CHI vs. CLE,W,31.6,0.0,0.0,0.0,0.0,11.0,7.0,10.0,34.0,6.0,0.0,1.0,2.0,25.4,1,1,1,1,6271,12059,10158,9917,18861,18886,15642,20169,2701,19,1,4972,7786,8273,1.0,31:33,2015,2016
2015-16,201569,Eric Gordon,Eric,1610612740,NOP,New Orleans Pelicans,21500003,2015-10-27T00:00:00,NOP @ GSW,L,33.5,5.0,0.0,0.0,2.0,19.0,16.0,11.0,40.0,0.0,3.0,1.0,2.0,23.8,1,13074,13074,13074,4755,1603,10158,9917,12984,25074,25155,21342,983,8004,25441,4972,7786,9261,1.0,33:29,2015,2016
2015-16,201149,Joakim Noah,Joakim,1610612741,CHI,Chicago Bulls,21500002,2015-10-27T00:00:00,CHI vs. CLE,W,17.1,0.0,0.0,0.0,0.0,9.0,6.0,5.0,8.0,0.0,0.0,1.0,5.0,18.8,1,1,1,1,18185,12059,10158,9917,18861,15771,13237,11593,21543,8004,1,4972,1539,12588,1.0,17:07,2015,2016
2015-16,2571,Leandro Barbosa,Leandro,1610612744,GSW,Golden State Warriors,21500003,2015-10-27T00:00:00,GSW vs. NOP,W,20.5,0.0,0.0,0.0,0.0,18.0,4.0,5.0,14.0,1.0,0.0,3.0,0.0,10.2,1,1,1,1,15477,12059,10158,9917,18861,24749,8458,11593,17019,2692,1,17641,18762,19003,1.0,20:30,2015,2016
2015-16,2738,Andre Iguodala,Andre,1610612744,GSW,Golden State Warriors,21500003,2015-10-27T00:00:00,GSW vs. NOP,W,23.4,2.0,0.0,2.0,2.0,18.0,4.0,7.0,18.0,0.0,0.0,2.0,0.0,14.5,1,1,1,1,13052,6026,10158,4675,12984,24749,8458,15538,13577,8004,1,11390,18762,15799,1.0,23:23,2015,2016
2015-16,203471,Dennis Schröder,Dennis,1610612737,ATL,Atlanta Hawks,21500001,2015-10-27T00:00:00,ATL vs. DET,L,25.4,4.0,0.0,2.0,12.0,7.0,13.0,2.0,24.0,0.0,0.0,1.0,2.0,34.6,1,13074,13074,13074,11397,2460,10158,4675,988,12242,23668,4025,8723,8004,1,4972,7786,3963,1.0,25:22,2015,2016
2015-16,202710,Jimmy Butler III,Jimmy,1610612741,CHI,Chicago Bulls,21500002,2015-10-27T00:00:00,CHI vs. CLE,W,36.6,2.0,4.0,2.0,6.0,11.0,9.0,8.0,36.0,1.0,0.0,1.0,3.0,35.0,1,1,1,1,2316,6026,1596,4675,5299,18886,19144,17194,1943,2692,1,4972,4736,3813,1.0,36:38,2015,2016
2015-16,201959,Taj Gibson,Taj,1610612741,CHI,Chicago Bulls,21500002,2015-10-27T00:00:00,CHI vs. CLE,W,22.1,2.0,2.0,0.0,2.0,6.0,5.0,3.0,12.0,3.0,0.0,6.0,2.0,23.0,1,1,1,1,14084,6026,4731,9917,12984,10028,11469,7328,18637,347,1,25827,7786,9760,1.0,22:06,2015,2016
2015-16,201582,Alexis Ajinca,Alexis,1610612740,NOP,New Orleans Pelicans,21500003,2015-10-27T00:00:00,NOP @ GSW,L,16.9,0.0,2.0,0.0,4.0,9.0,6.0,2.0,14.0,0.0,0.0,3.0,0.0,9.8,1,13074,13074,13074,18318,12059,4731,9917,8599,15771,13237,4025,17019,8004,1,17641,18762,19331,1.0,16:56,2015,2016
2015-16,201575,Brandon Rush,Brandon,1610612744,GSW,Golden State Warriors,21500003,2015-10-27T00:00:00,GSW vs. NOP,W,1.7,0.0,0.0,0.0,0.0,2.0,2.0,0.0,2.0,0.0,0.0,0.0,0.0,0.0,1,1,1,1,25633,12059,10158,9917,18861,2619,3734,1,24614,8004,1,1,18762,25170,1.0,1:40,2015,2016
2015-16,2581,Steve Blake,Steve,1610612765,DET,Detroit Pistons,21500001,2015-10-27T00:00:00,DET @ ATL,W,15.9,0.0,0.0,0.0,0.0,12.0,2.0,9.0,20.0,0.0,0.0,1.0,1.0,9.0,1,1,1,1,19125,12059,10158,9917,18861,20178,3734,18829,11929,8004,1,4972,12373,19835,1.0,15:53,2015,2016
2015-16,203099,Jared Cunningham,Jared,1610612739,CLE,Cleveland Cavaliers,21500002,2015-10-27T00:00:00,CLE @ CHI,L,3.2,0.0,0.0,0.0,0.0,2.0,4.0,2.0,2.0,0.0,1.0,0.0,0.0,0.0,1,13074,13074,13074,25054,12059,10158,9917,18861,2619,8458,4025,24614,8004,17214,1,18762,25170,1.0,3:11,2015,2016
2015-16,203488,Mike Muscala,Mike,1610612737,ATL,Atlanta Hawks,21500001,2015-10-27T00:00:00,ATL vs. DET,L,8.0,0.0,0.0,0.0,0.0,3.0,0.0,0.0,4.0,0.0,0.0,2.0,0.0,0.2,1,13074,13074,13074,23195,12059,10158,9917,18861,5109,1,1,23698,8004,1,11390,18762,25103,1.0,7:59,2015,2016
2015-16,203934,Lamar Patterson,Lamar,1610612737,ATL,Atlanta Hawks,21500001,2015-10-27T00:00:00,ATL vs. DET,L,18.3,3.0,0.0,0.0,0.0,2.0,5.0,0.0,14.0,0.0,0.0,4.0,2.0,9.2,1,13074,13074,13074,17266,4307,10158,9917,18861,2619,11469,1,17019,8004,1,22104,7786,19680,1.0,18:18,2015,2016
2015-16,201975,Jodie Meeks,Jodie,1610612765,DET,Detroit Pistons,21500001,2015-10-27T00:00:00,DET @ ATL,W,11.0,2.0,0.0,0.0,2.0,7.0,0.0,7.0,12.0,0.0,1.0,1.0,0.0,3.4,1,1,1,1,22054,6026,10158,9917,12984,12242,1,15538,18637,8004,17214,4972,18762,23417,1.0,10:57,2015,2016
2015-16,203118,Mike Scott,Mike,1610612737,ATL,Atlanta Hawks,21500001,2015-10-27T00:00:00,ATL vs. DET,L,5.5,0.0,0.0,2.0,4.0,2.0,2.0,0.0,4.0,0.0,0.0,0.0,0.0,5.2,1,13074,13074,13074,24165,12059,10158,4675,8599,2619,3734,1,23698,8004,1,1,18762,22370,1.0,5:29,2015,2016
