season,player_id,player,nickname,team_id,team,team_name,game_id,game_date,matchup,wl,min,e_off_rating,off_rating,sp_work_off_rating,e_def_rating,def_rating,sp_work_def_rating,e_net_rating,net_rating,sp_work_net_rating,ast_pct,ast_to,ast_ratio,oreb_pct,dreb_pct,reb_pct,tm_tov_pct,e_tov_pct,efg_pct,ts_pct,usg_pct,e_usg_pct,e_pace,pace,pace_per40,sp_work_pace,pie,poss,fgm,fga,fgm_pg,fga_pg,fg_pct,gp_rank,w_rank,l_rank,w_pct_rank,min_rank,e_off_rating_rank,off_rating_rank,sp_work_off_rating_rank,e_def_rating_rank,def_rating_rank,sp_work_def_rating_rank,e_net_rating_rank,net_rating_rank,sp_work_net_rating_rank,ast_pct_rank,ast_to_rank,ast_ratio_rank,oreb_pct_rank,dreb_pct_rank,reb_pct_rank,tm_tov_pct_rank,e_tov_pct_rank,efg_pct_rank,ts_pct_rank,usg_pct_rank,e_usg_pct_rank,e_pace_rank,pace_rank,sp_work_pace_rank,pie_rank,fgm_rank,fga_rank,fgm_pg_rank,fga_pg_rank,fg_pct_rank,available_flag,min_sec,season_start,season_end
2021-22,202699,Tobias Harris,Tobias,1610612755,PHI,Philadelphia 76ers,42100206,2022-05-12T00:00:00,PHI vs. MIA,L,38.4,86.2,91.8,91.8,109.1,116.7,116.7,-23.0,-24.9,-24.9,0.048,1.0,6.7,0.022,0.2,0.1,0.067,0.067,0.00538,0.00538,0.165,0.167,96.83,90.74,75.62,90.74,0.121,73,6,13,6.0,13.0,0.462,1,931,931,931,260,1526,1418,1418,989,1243,1243,1456,1473,1473,1180,476,1173,831,399,661,974,984,752,884,987,1008,1073,1630,1630,615,361,371,361,371,826,1,38:21,2021,2022
2021-22,1629680,Matisse Thybulle,Matisse,1610612755,PHI,Philadelphia 76ers,42100206,2022-05-12T00:00:00,PHI vs. MIA,L,12.0,66.8,65.2,65.2,116.5,136.4,136.4,-49.6,-71.1,-71.1,0.0,0.0,0.0,0.0,0.0,0.0,0.0,0.0,0.0025,0.00338,0.148,0.175,96.66,90.24,75.2,90.24,0.013,23,1,4,1.0,4.0,0.25,1,931,931,931,1359,1741,1744,1744,1245,1695,1695,1715,1793,1793,1245,854,1245,865,1540,1609,1,1,1377,1370,1116,951,1094,1664,1664,1448,1186,1122,1186,1122,1318,1,11:58,2021,2022
2021-22,1627777,Georges Niang,Georges,1610612755,PHI,Philadelphia 76ers,42100206,2022-05-12T00:00:00,PHI vs. MIA,L,15.3,131.2,132.1,132.1,90.0,89.7,89.7,41.2,42.5,42.5,0.154,1.0,40.0,0.0,0.125,0.077,0.4,0.4,0.0,0.0,0.103,0.106,89.64,89.52,74.6,89.52,0.0,28,0,1,0.0,1.0,0.0,1,931,931,931,1225,239,218,218,370,361,361,169,162,162,657,476,145,865,853,922,1823,1824,1479,1538,1432,1441,1677,1706,1706,1490,1479,1511,1479,1511,1479,1,15:17,2021,2022
2021-22,203954,Joel Embiid,Joel,1610612755,PHI,Philadelphia 76ers,42100206,2022-05-12T00:00:00,PHI vs. MIA,L,44.1,95.4,102.4,102.4,108.5,111.0,111.0,-13.1,-8.6,-8.6,0.074,1.0,6.7,0.082,0.195,0.133,0.067,0.067,0.00333,0.00388,0.292,0.292,94.21,89.9,74.91,89.9,0.065,83,7,24,7.0,24.0,0.292,1,931,931,931,39,1332,1151,1151,966,1039,1039,1265,1147,1147,1046,476,1173,302,458,382,974,991,1260,1297,223,258,1347,1685,1685,1106,261,39,261,39,1272,1,44:03,2021,2022
2021-22,201935,James Harden,James,1610612755,PHI,Philadelphia 76ers,42100206,2022-05-12T00:00:00,PHI vs. MIA,L,43.0,86.6,92.6,92.6,106.0,112.3,112.3,-19.4,-19.8,-19.8,0.346,2.25,40.9,0.0,0.095,0.044,0.182,0.182,0.00611,0.00611,0.138,0.14,96.31,90.45,75.38,90.45,0.096,81,4,9,4.0,9.0,0.444,1,931,931,931,59,1517,1407,1407,870,1093,1093,1391,1392,1393,149,237,144,865,1091,1335,1566,1569,590,672,1183,1205,1140,1648,1648,848,602,618,602,618,859,1,42:59,2021,2022
2021-22,1630178,Tyrese Maxey,Tyrese,1610612755,PHI,Philadelphia 76ers,42100206,2022-05-12T00:00:00,PHI vs. MIA,L,41.8,81.9,86.3,86.3,112.3,119.2,119.2,-30.3,-33.0,-33.0,0.2,1.0,13.3,0.021,0.05,0.034,0.133,0.131,0.00432,0.00446,0.28,0.293,95.84,90.65,75.54,90.65,0.042,80,9,22,9.0,22.0,0.409,1,931,931,931,87,1595,1513,1513,1106,1301,1301,1553,1572,1572,490,476,907,848,1403,1435,1363,1364,1087,1179,267,254,1180,1635,1635,1284,134,59,134,59,970,1,41:50,2021,2022
2021-22,1630198,Isaiah Joe,Isaiah,1610612755,PHI,Philadelphia 76ers,42100206,2022-05-12T00:00:00,PHI vs. MIA,L,1.1,166.7,166.7,166.7,0.0,0.0,0.0,166.7,166.7,166.7,0.0,0.0,0.0,0.0,1.0,0.5,0.0,0.0,0.005,0.005,0.667,0.667,105.88,127.06,105.88,127.06,0.5,3,1,2,1.0,2.0,0.5,1,931,931,931,1839,33,35,35,1,1,1,20,23,23,1245,854,1245,865,1,5,1,1,793,989,5,7,296,57,57,18,1186,1375,1186,1375,565,1,1:08,2021,2022
2021-22,1629003,Shake Milton,Shake,1610612755,PHI,Philadelphia 76ers,42100206,2022-05-12T00:00:00,PHI vs. MIA,L,28.4,100.4,105.4,105.4,97.8,96.4,96.4,2.6,9.0,9.0,0.167,0.0,27.3,0.0,0.088,0.048,0.0,0.0,0.00938,0.00889,0.129,0.139,95.5,93.85,78.21,93.85,0.188,56,6,8,6.0,8.0,0.75,1,931,931,931,729,1197,1041,1041,549,512,512,831,670,670,598,854,352,865,1156,1285,1,1,172,190,1255,1215,1218,1363,1363,241,361,686,361,686,177,1,28:23,2021,2022
2021-22,1630531,Jaden Springer,Jaden,1610612755,PHI,Philadelphia 76ers,42100206,2022-05-12T00:00:00,PHI vs. MIA,L,1.1,166.7,166.7,166.7,0.0,0.0,0.0,166.7,166.7,166.7,0.0,0.0,0.0,0.0,0.0,0.0,0.0,0.0,0.0,0.0,0.0,0.0,105.88,127.06,105.88,127.06,0.0,3,0,0,0.0,0.0,0.0,1,931,931,931,1839,33,35,35,1,1,1,20,23,23,1245,854,1245,865,1540,1609,1,1,1479,1538,1742,1743,296,57,57,1490,1479,1696,1479,1696,1479,1,1:08,2021,2022
2021-22,1630194,Paul Reed,Paul,1610612755,PHI,Philadelphia 76ers,42100206,2022-05-12T00:00:00,PHI vs. MIA,L,4.0,62.5,55.6,55.6,72.7,88.9,88.9,-10.2,-33.3,-33.3,0.0,0.0,0.0,0.0,0.0,0.0,0.0,0.0,0.0,0.0,0.0,0.0,115.44,109.37,91.14,109.37,0.0,9,0,0,0.0,0.0,0.0,1,931,931,931,1654,1758,1768,1768,143,344,344,1190,1575,1581,1245,854,1245,865,1540,1609,1,1,1479,1538,1742,1743,77,225,238,1490,1479,1696,1479,1696,1479,1,3:57,2021,2022
2021-22,201980,Danny Green,Danny,1610612755,PHI,Philadelphia 76ers,42100206,2022-05-12T00:00:00,PHI vs. MIA,L,3.1,112.5,112.5,112.5,114.2,112.5,112.5,-1.7,0.0,0.0,0.0,0.0,0.0,0.0,0.0,0.0,0.0,0.0,0.015,0.015,0.111,0.125,122.94,123.87,103.23,123.87,0.162,8,1,1,1.0,1.0,1.0,1,931,931,931,1690,746,768,768,1179,1095,1095,975,898,898,1245,854,1245,865,1540,1609,1,1,1,1,1372,1323,42,65,65,355,1186,1511,1186,1511,1,1,3:06,2021,2022
2021-22,1627788,Furkan Korkmaz,Furkan,1610612755,PHI,Philadelphia 76ers,42100206,2022-05-12T00:00:00,PHI vs. MIA,L,7.8,116.4,126.7,126.7,76.9,71.4,71.4,39.5,55.2,55.2,0.0,0.0,0.0,0.0,0.25,0.133,0.0,0.0,0.00333,0.00333,0.176,0.173,89.83,88.85,74.04,88.85,0.042,15,1,3,1.0,3.0,0.333,1,931,931,931,1500,614,323,323,185,144,144,183,104,104,1245,854,1245,865,233,382,1,1,1260,1376,888,964,1669,1748,1748,1284,1186,1255,1186,1255,1120,1,7:50,2021,2022
2021-22,1629646,Charles Bassey,Charles,1610612755,PHI,Philadelphia 76ers,42100205,2022-05-10T00:00:00,PHI @ MIA,L,6.5,71.4,76.9,76.9,121.2,123.1,123.1,-49.8,-46.2,-46.2,0.0,0.0,0.0,0.0,0.333,0.118,0.0,0.0,0.0,0.0,0.056,0.059,100.43,96.0,80.0,96.0,0.0,13,0,1,0.0,1.0,0.0,1,931,931,931,1533,1711,1636,1636,1388,1431,1431,1716,1698,1698,1245,854,1245,865,104,500,1,1,1479,1538,1672,1675,674,1133,1133,1490,1479,1511,1479,1511,1479,1,6:30,2021,2022
2021-22,1627777,Georges Niang,Georges,1610612755,PHI,Philadelphia 76ers,42100205,2022-05-10T00:00:00,PHI @ MIA,L,16.5,116.8,121.9,121.9,123.0,133.3,133.3,-6.2,-11.5,-11.5,0.0,0.0,0.0,0.0,0.063,0.03,0.0,0.0,0.0,0.0,0.158,0.156,95.98,90.27,75.23,90.27,-0.111,32,0,6,0.0,6.0,0.0,1,931,931,931,1179,605,442,442,1433,1641,1641,1087,1213,1213,1245,854,1245,865,1332,1464,1,1,1479,1538,1040,1098,1169,1658,1658,1791,1479,891,1479,891,1479,1,16:29,2021,2022
2021-22,1629680,Matisse Thybulle,Matisse,1610612755,PHI,Philadelphia 76ers,42100205,2022-05-10T00:00:00,PHI @ MIA,L,10.8,79.7,77.3,77.3,126.4,133.3,133.3,-46.6,-56.1,-56.1,0.2,0.0,33.3,0.0,0.0,0.0,0.0,0.0,0.0075,0.0075,0.087,0.09,103.48,102.06,85.05,102.06,0.04,22,1,2,1.0,2.0,0.5,1,931,931,931,1397,1628,1635,1635,1515,1641,1641,1691,1745,1745,490,854,210,865,1540,1609,1,1,303,351,1547,1559,424,579,579,1294,1186,1375,1186,1375,565,1,10:49,2021,2022
2021-22,1630531,Jaden Springer,Jaden,1610612755,PHI,Philadelphia 76ers,42100205,2022-05-10T00:00:00,PHI @ MIA,L,7.0,80.6,85.7,85.7,133.8,135.7,135.7,-53.2,-50.0,-50.0,0.25,0.0,25.0,0.0,0.333,0.111,0.0,0.0,0.00333,0.00333,0.15,0.159,99.94,96.23,80.19,96.23,0.111,14,1,3,1.0,3.0,0.333,1,931,931,931,1521,1609,1517,1517,1654,1692,1692,1743,1727,1710,335,854,389,865,104,553,1,1,1260,1376,1105,1081,733,1107,1107,698,1186,1255,1186,1255,1120,1,6:59,2021,2022
2021-22,203954,Joel Embiid,Joel,1610612755,PHI,Philadelphia 76ers,42100205,2022-05-10T00:00:00,PHI @ MIA,L,33.0,88.3,93.3,93.3,128.5,134.9,134.9,-40.1,-41.6,-41.6,0.154,1.0,11.8,0.031,0.129,0.079,0.11800000000000001,0.115,0.005829999999999999,0.00638,0.227,0.227,94.18,89.41,74.51,89.41,0.139,60,7,12,7.0,12.0,0.583,1,931,931,931,508,1485,1384,1384,1555,1684,1684,1651,1665,1665,657,476,983,704,839,900,1275,1273,643,598,539,574,1349,1712,1712,492,261,428,261,428,423,1,33:01,2021,2022
2021-22,201980,Danny Green,Danny,1610612755,PHI,Philadelphia 76ers,42100205,2022-05-10T00:00:00,PHI @ MIA,L,20.8,77.7,78.0,78.0,122.1,128.2,128.2,-44.4,-50.2,-50.2,0.111,0.33,12.5,0.053,0.053,0.053,0.375,0.375,0.0075,0.0075,0.159,0.166,94.83,92.34,76.95,92.34,0.029,41,2,4,2.0,4.0,0.5,1,931,931,931,1036,1648,1625,1625,1416,1566,1566,1683,1728,1728,825,818,942,490,1387,1226,1817,1819,303,351,1032,1023,1280,1512,1512,1371,971,1122,971,1122,565,1,20:48,2021,2022
2021-22,1627788,Furkan Korkmaz,Furkan,1610612755,PHI,Philadelphia 76ers,42100205,2022-05-10T00:00:00,PHI @ MIA,L,8.3,83.9,88.2,88.2,129.6,131.3,131.3,-45.7,-43.0,-43.0,0.333,1.0,12.5,0.0,0.0,0.0,0.125,0.125,0.005,0.005,0.304,0.32,98.54,95.42,79.52,95.42,0.125,17,3,6,3.0,6.0,0.5,1,931,931,931,1485,1556,1480,1480,1581,1618,1618,1688,1674,1674,154,476,942,865,1540,1609,1296,1310,793,989,190,173,895,1199,1199,579,769,891,769,891,565,1,8:18,2021,2022
2021-22,1630194,Paul Reed,Paul,1610612755,PHI,Philadelphia 76ers,42100205,2022-05-10T00:00:00,PHI @ MIA,L,15.9,82.4,85.3,85.3,115.3,118.8,118.8,-32.9,-33.5,-33.5,0.25,2.0,22.2,0.25,0.143,0.211,0.111,0.106,0.005,0.005430000000000001,0.159,0.176,102.67,99.41,82.85,99.41,0.167,34,3,6,3.0,6.0,0.5,1,931,931,931,1197,1590,1533,1533,1208,1293,1293,1584,1585,1585,335,244,520,26,726,115,1211,1205,793,871,1032,936,492,806,805,330,769,891,769,891,565,1,15:56,2021,2022
2021-22,1630178,Tyrese Maxey,Tyrese,1610612755,PHI,Philadelphia 76ers,42100205,2022-05-10T00:00:00,PHI @ MIA,L,31.5,82.1,85.5,85.5,124.4,123.8,123.8,-42.2,-38.3,-38.3,0.059,0.5,6.7,0.0,0.107,0.048,0.133,0.136,0.0025,0.00383,0.203,0.198,96.87,95.17,79.31,95.17,0.017,62,2,10,2.0,10.0,0.2,1,931,931,931,586,1593,1529,1529,1469,1449,1449,1665,1631,1631,1121,740,1173,865,1016,1289,1363,1383,1377,1304,699,791,1066,1220,1220,1422,971,551,971,551,1401,1,31:31,2021,2022
2021-22,202699,Tobias Harris,Tobias,1610612755,PHI,Philadelphia 76ers,42100205,2022-05-10T00:00:00,PHI @ MIA,L,32.7,80.1,85.5,85.5,124.7,125.0,125.0,-44.6,-39.5,-39.5,0.0,0.0,0.0,0.0,0.12,0.05,0.0,0.0,0.0042899999999999995,0.0042899999999999995,0.206,0.202,95.63,92.43,77.02,92.43,0.034,62,5,14,5.0,14.0,0.357,1,931,931,931,526,1615,1529,1529,1481,1474,1474,1685,1640,1640,1245,854,1245,865,925,1262,1,1,1090,1217,676,747,1203,1505,1505,1336,471,324,471,324,1101,1,32:43,2021,2022
2021-22,1629003,Shake Milton,Shake,1610612755,PHI,Philadelphia 76ers,42100205,2022-05-10T00:00:00,PHI @ MIA,L,19.6,99.3,107.7,107.7,109.3,115.4,115.4,-10.0,-7.7,-7.7,0.083,0.5,7.7,0.042,0.15,0.091,0.154,0.157,0.00313,0.00461,0.235,0.234,102.08,95.43,79.52,95.43,0.054,39,2,8,2.0,8.0,0.25,1,931,931,931,1079,1246,946,946,996,1209,1209,1186,1128,1128,1002,740,1144,586,694,755,1459,1476,1311,1150,494,540,540,1196,1196,1193,971,686,971,686,1318,1,19:37,2021,2022
2021-22,201935,James Harden,James,1610612755,PHI,Philadelphia 76ers,42100205,2022-05-10T00:00:00,PHI @ MIA,L,37.3,90.9,95.7,95.7,126.2,131.5,131.5,-35.4,-35.8,-35.8,0.211,1.0,19.0,0.028,0.139,0.083,0.19,0.179,0.00462,0.00489,0.221,0.233,96.32,91.97,76.64,91.97,0.066,70,5,13,5.0,13.0,0.385,1,931,931,931,310,1438,1339,1339,1511,1623,1623,1602,1606,1606,467,476,668,763,771,844,1589,1565,1021,1096,587,550,1136,1534,1534,1093,471,371,471,371,1028,1,37:19,2021,2022
2021-22,1630194,Paul Reed,Paul,1610612755,PHI,Philadelphia 76ers,42100204,2022-05-08T00:00:00,PHI vs. MIA,W,10.0,130.4,135.3,135.3,101.2,105.3,105.3,29.2,30.0,30.0,0.0,0.0,0.0,0.0,0.111,0.063,0.0,0.0,0.01,0.01,0.056,0.057,90.0,86.63,72.19,86.63,0.029,17,1,1,1.0,1.0,1.0,1,1,1,1,1430,252,183,183,686,830,830,278,275,275,1245,854,1245,865,966,1103,1,1,60,84,1672,1681,1659,1818,1818,1370,1186,1511,1186,1511,1,1,9:58,2021,2022
2021-22,201935,James Harden,James,1610612755,PHI,Philadelphia 76ers,42100204,2022-05-08T00:00:00,PHI vs. MIA,W,40.9,117.8,118.1,118.1,105.4,108.4,108.4,12.4,9.6,9.6,0.409,1.5,23.7,0.034,0.158,0.104,0.158,0.16,0.00611,0.006919999999999999,0.33,0.326,99.03,97.53,81.27,97.53,0.185,83,8,18,8.0,18.0,0.444,1,1,1,1,129,571,565,565,854,942,942,593,655,655,89,398,486,664,639,633,1474,1484,590,479,130,155,844,961,961,257,200,169,200,169,859,1,40:51,2021,2022
2021-22,1629680,Matisse Thybulle,Matisse,1610612755,PHI,Philadelphia 76ers,42100204,2022-05-08T00:00:00,PHI vs. MIA,W,15.1,103.1,100.0,100.0,92.4,97.1,97.1,10.7,2.9,2.9,0.143,0.0,25.0,0.0,0.059,0.034,0.0,0.0,0.008329999999999999,0.008329999999999999,0.094,0.097,106.36,105.14,87.62,105.14,0.108,32,2,3,2.0,3.0,0.667,1,1,1,1,1232,1093,1180,1180,419,527,527,625,836,836,690,854,389,865,1355,1427,1,1,228,246,1502,1508,266,385,385,738,971,1255,971,1255,254,1,15:04,2021,2022
2021-22,203954,Joel Embiid,Joel,1610612755,PHI,Philadelphia 76ers,42100204,2022-05-08T00:00:00,PHI vs. MIA,W,38.2,118.7,117.7,117.7,105.3,110.0,110.0,13.4,7.7,7.7,0.087,0.5,8.0,0.071,0.243,0.169,0.16,0.162,0.00577,0.00641,0.277,0.276,101.79,99.98,83.32,99.98,0.124,79,7,13,7.0,13.0,0.538,1,1,1,1,271,535,575,575,843,992,992,569,705,705,990,740,1140,359,289,219,1480,1488,662,594,279,319,558,752,752,594,261,371,261,371,522,1,38:10,2021,2022
2021-22,1630178,Tyrese Maxey,Tyrese,1610612755,PHI,Philadelphia 76ers,42100204,2022-05-08T00:00:00,PHI vs. MIA,W,42.2,125.0,122.4,122.4,99.5,103.4,103.4,25.5,18.9,18.9,0.143,4.0,22.2,0.032,0.047,0.041,0.055999999999999994,0.057,0.006,0.00712,0.156,0.156,99.32,98.39,81.99,98.39,0.098,85,5,10,5.0,10.0,0.5,1,1,1,1,79,354,429,429,625,760,760,335,458,458,690,59,520,688,1432,1374,918,930,605,439,1056,1097,815,897,897,827,471,551,471,551,565,1,42:12,2021,2022
2021-22,202699,Tobias Harris,Tobias,1610612755,PHI,Philadelphia 76ers,42100204,2022-05-08T00:00:00,PHI vs. MIA,W,35.2,123.2,124.6,124.6,113.3,117.1,117.1,9.9,7.5,7.5,0.182,2.0,25.0,0.0,0.103,0.055,0.125,0.125,0.006500000000000001,0.006500000000000001,0.162,0.163,96.86,94.71,78.92,94.71,0.077,69,6,10,6.0,10.0,0.6,1,1,1,1,405,395,375,375,1148,1257,1257,640,712,712,562,244,389,865,1037,1208,1296,1310,502,563,1005,1048,1069,1270,1270,1008,361,551,361,551,380,1,35:13,2021,2022
2021-22,201980,Danny Green,Danny,1610612755,PHI,Philadelphia 76ers,42100204,2022-05-08T00:00:00,PHI vs. MIA,W,24.1,132.4,131.9,131.9,115.7,114.3,114.3,16.7,17.6,17.6,0.056,0.5,11.1,0.0,0.111,0.063,0.222,0.212,0.009170000000000001,0.008539999999999999,0.163,0.173,95.03,95.79,79.82,95.79,0.067,47,4,6,4.0,6.0,0.667,1,1,1,1,897,229,221,221,1223,1165,1165,505,484,484,1134,740,994,865,966,1103,1655,1646,179,225,998,965,1256,1156,1156,1087,602,891,602,891,254,1,24:03,2021,2022
2021-22,1629003,Shake Milton,Shake,1610612755,PHI,Philadelphia 76ers,42100204,2022-05-08T00:00:00,PHI vs. MIA,W,13.3,120.7,123.1,123.1,121.4,125.0,125.0,-0.7,-1.9,-1.9,0.091,0.0,33.3,0.0,0.167,0.087,0.0,0.0,0.01,0.00532,0.074,0.071,99.91,97.46,81.21,97.46,0.033,26,1,1,1.0,1.0,1.0,1,1,1,1,1303,469,412,412,1393,1474,1474,939,982,982,949,854,210,865,561,807,1,1,60,907,1611,1640,737,967,967,1339,1186,1511,1186,1511,1,1,13:18,2021,2022
2021-22,1627777,Georges Niang,Georges,1610612755,PHI,Philadelphia 76ers,42100204,2022-05-08T00:00:00,PHI vs. MIA,W,21.2,115.6,113.6,113.6,97.5,104.7,104.7,18.1,9.0,9.0,0.273,3.0,27.3,0.0,0.091,0.051,0.091,0.092,0.006670000000000001,0.0072699999999999996,0.174,0.174,101.35,98.63,82.19,98.63,0.133,44,3,6,3.0,6.0,0.5,1,1,1,1,1016,637,723,723,543,807,807,477,671,671,299,119,352,865,1116,1250,1118,1137,444,402,900,955,598,878,880,538,769,891,769,891,565,1,21:10,2021,2022
2021-22,1629003,Shake Milton,Shake,1610612755,PHI,Philadelphia 76ers,42100203,2022-05-06T00:00:00,PHI vs. MIA,W,8.6,136.9,126.7,126.7,31.1,28.6,28.6,105.8,98.1,98.1,0.0,0.0,0.0,0.25,0.0,0.095,0.0,0.0,0.00375,0.0040999999999999995,0.263,0.289,74.8,81.06,67.55,81.06,0.0,15,1,4,1.0,4.0,0.25,1,1,1,1,1478,173,323,323,72,72,72,40,53,53,1245,854,1245,26,1540,716,1,1,1194,1260,338,269,1865,1867,1867,1490,1186,1122,1186,1122,1318,1,8:35,2021,2022
2021-22,1627788,Furkan Korkmaz,Furkan,1610612755,PHI,Philadelphia 76ers,42100203,2022-05-06T00:00:00,PHI vs. MIA,W,6.0,71.2,64.3,64.3,70.5,69.2,69.2,0.7,-4.9,-4.9,0.0,0.0,0.0,0.0,0.0,0.0,0.0,0.0,0.0,0.0,0.0,0.0,100.98,107.34,89.45,107.34,0.0,14,0,0,0.0,0.0,0.0,1,1,1,1,1544,1715,1746,1746,129,130,130,884,1070,1070,1245,854,1245,865,1540,1609,1,1,1479,1538,1742,1743,630,296,296,1490,1479,1696,1479,1696,1479,1,6:02,2021,2022
2021-22,202699,Tobias Harris,Tobias,1610612755,PHI,Philadelphia 76ers,42100203,2022-05-06T00:00:00,PHI vs. MIA,W,38.9,110.5,106.8,106.8,92.1,93.2,93.2,18.4,13.6,13.6,0.381,4.0,34.8,0.094,0.167,0.135,0.087,0.087,0.0034599999999999995,0.0034599999999999995,0.181,0.189,89.75,90.81,75.68,90.81,0.093,74,4,13,4.0,13.0,0.308,1,1,1,1,238,826,991,991,412,442,442,469,573,573,112,59,204,244,561,377,1099,1103,1256,1364,858,849,1675,1625,1625,879,602,371,602,371,1246,1,38:51,2021,2022
2021-22,1630178,Tyrese Maxey,Tyrese,1610612755,PHI,Philadelphia 76ers,42100203,2022-05-06T00:00:00,PHI vs. MIA,W,38.6,111.7,106.7,106.7,87.9,86.3,86.3,23.8,20.4,20.4,0.316,3.0,30.0,0.0,0.049,0.028,0.1,0.10099999999999999,0.00864,0.00884,0.165,0.174,89.09,92.02,76.68,92.02,0.217,75,7,11,7.0,11.0,0.636,1,1,1,1,249,777,993,993,324,302,302,359,431,431,211,119,306,865,1417,1483,1158,1182,209,199,987,952,1699,1528,1528,168,261,492,261,492,339,1,38:36,2021,2022
2021-22,1627777,Georges Niang,Georges,1610612755,PHI,Philadelphia 76ers,42100203,2022-05-06T00:00:00,PHI vs. MIA,W,8.6,92.6,83.3,83.3,89.5,88.2,88.2,3.1,-4.9,-4.9,0.0,0.0,0.0,0.0,0.333,0.231,0.2,0.2,0.00375,0.00375,0.25,0.291,91.63,97.3,81.08,97.3,0.121,18,1,4,1.0,4.0,0.25,1,1,1,1,1477,1396,1556,1556,361,331,331,822,1068,1068,1245,854,1245,865,104,86,1596,1603,1194,1312,382,261,1564,985,985,611,1186,1122,1186,1122,1318,1,8:38,2021,2022
2021-22,1629680,Matisse Thybulle,Matisse,1610612755,PHI,Philadelphia 76ers,42100203,2022-05-06T00:00:00,PHI vs. MIA,W,19.7,102.7,92.1,92.1,108.5,113.5,113.5,-5.8,-21.4,-21.4,0.0,0.0,0.0,0.0,0.0,0.0,0.0,0.0,0.01,0.01,0.051,0.057,88.8,91.48,76.23,91.48,0.06,38,2,2,2.0,2.0,1.0,1,1,1,1,1075,1110,1413,1413,958,1133,1133,1071,1426,1426,1245,854,1245,865,1540,1609,1,1,60,84,1689,1680,1712,1576,1576,1143,971,1375,971,1375,1,1,19:41,2021,2022
2021-22,201980,Danny Green,Danny,1610612755,PHI,Philadelphia 76ers,42100203,2022-05-06T00:00:00,PHI vs. MIA,W,33.7,120.9,123.0,123.0,95.0,93.5,93.5,25.9,29.4,29.4,0.0,0.0,0.0,0.0,0.121,0.07,0.182,0.182,0.01167,0.01167,0.167,0.167,87.57,87.51,72.92,87.51,0.179,61,7,9,7.0,9.0,0.778,1,1,1,1,475,465,417,417,481,445,445,327,289,289,1245,854,1245,865,914,1010,1566,1569,43,42,941,1020,1742,1794,1794,282,261,618,261,618,174,1,33:44,2021,2022
2021-22,1630194,Paul Reed,Paul,1610612755,PHI,Philadelphia 76ers,42100203,2022-05-06T00:00:00,PHI vs. MIA,W,11.7,125.8,119.0,119.0,72.7,61.9,61.9,53.0,57.1,57.1,0.125,0.0,50.0,0.143,0.154,0.15,0.0,0.0,0.01,0.01,0.043,0.046,77.68,86.4,72.0,86.4,0.104,21,1,1,1.0,1.0,1.0,1,1,1,1,1369,336,536,536,142,107,107,107,94,94,761,854,48,111,663,301,1,1,60,84,1711,1709,1860,1826,1826,768,1186,1511,1186,1511,1,1,11:40,2021,2022
2021-22,201935,James Harden,James,1610612755,PHI,Philadelphia 76ers,42100203,2022-05-06T00:00:00,PHI vs. MIA,W,37.9,122.1,121.7,121.7,80.7,82.6,82.6,41.4,39.1,39.1,0.261,0.86,21.4,0.037,0.175,0.119,0.25,0.254,0.00409,0.005849999999999999,0.293,0.296,88.31,87.43,72.86,87.43,0.121,69,4,11,4.0,11.0,0.364,1,1,1,1,286,431,447,447,224,256,256,167,191,191,330,684,561,637,534,492,1682,1733,1147,738,218,239,1725,1796,1796,608,602,492,602,492,1087,1,37:53,2021,2022
2021-22,203954,Joel Embiid,Joel,1610612755,PHI,Philadelphia 76ers,42100203,2022-05-06T00:00:00,PHI vs. MIA,W,36.3,109.1,107.2,107.2,92.1,94.3,94.3,17.1,13.0,13.0,0.056,0.25,4.8,0.034,0.256,0.162,0.19,0.187,0.00417,0.00549,0.26,0.276,92.13,91.82,76.51,91.82,0.143,69,5,12,5.0,12.0,0.417,1,1,1,1,364,878,966,966,410,459,459,495,589,589,1134,837,1226,664,230,259,1589,1589,1117,857,353,317,1526,1554,1554,459,471,428,471,428,951,1,36:20,2021,2022
2021-22,1629646,Charles Bassey,Charles,1610612755,PHI,Philadelphia 76ers,42100202,2022-05-04T00:00:00,PHI @ MIA,L,1.4,51.5,50.0,50.0,145.3,100.0,100.0,-93.8,-50.0,-50.0,0.0,0.0,0.0,0.0,0.5,0.333,0.0,0.0,0.0,0.0,0.0,0.0,127.0,156.14,130.12,156.14,0.2,4,0,0,0.0,0.0,0.0,1,931,931,931,1803,1788,1779,1779,1764,583,583,1837,1710,1711,1245,854,1245,865,21,17,1,1,1479,1538,1742,1743,26,25,25,201,1479,1696,1479,1696,1479,1,1:23,2021,2022
2021-22,1629003,Shake Milton,Shake,1610612755,PHI,Philadelphia 76ers,42100202,2022-05-04T00:00:00,PHI @ MIA,L,1.4,51.5,50.0,50.0,145.3,100.0,100.0,-93.8,-50.0,-50.0,0.0,0.0,0.0,0.0,0.0,0.0,0.33299999999999996,0.34700000000000003,0.0,0.00532,0.75,0.742,127.0,156.14,130.12,156.14,0.0,4,0,1,0.0,1.0,0.0,1,931,931,931,1803,1788,1779,1779,1764,583,583,1837,1710,1711,1245,854,1245,865,1540,1609,1773,1811,1479,907,2,3,26,25,25,1490,1479,1511,1479,1511,1479,1,1:23,2021,2022
2021-22,1627788,Furkan Korkmaz,Furkan,1610612755,PHI,Philadelphia 76ers,42100202,2022-05-04T00:00:00,PHI @ MIA,L,18.3,116.4,117.9,117.9,130.2,134.2,134.2,-13.8,-16.3,-16.3,0.0,0.0,0.0,0.053,0.313,0.171,0.111,0.111,0.005,0.005,0.22,0.222,103.47,101.26,84.38,101.26,0.041,39,3,8,3.0,8.0,0.375,1,931,931,931,1126,615,569,569,1587,1679,1679,1278,1326,1326,1245,854,1245,490,149,212,1211,1221,793,989,594,616,427,633,633,1286,769,686,769,686,1041,1,18:15,2021,2022
2021-22,1629680,Matisse Thybulle,Matisse,1610612755,PHI,Philadelphia 76ers,42100202,2022-05-04T00:00:00,PHI @ MIA,L,20.6,89.9,84.4,84.4,107.7,100.0,100.0,-17.9,-15.6,-15.6,0.0,0.0,0.0,0.043,0.048,0.045,1.0,1.0,0.0,0.0,0.02,0.022,97.0,103.86,86.55,103.86,0.015,45,0,0,0.0,0.0,0.0,1,931,931,931,1047,1454,1542,1542,930,583,583,1356,1312,1312,1245,854,1245,573,1420,1314,1870,1871,1479,1538,1740,1741,1051,454,454,1442,1479,1696,1479,1696,1479,1,20:34,2021,2022
2021-22,1630178,Tyrese Maxey,Tyrese,1610612755,PHI,Philadelphia 76ers,42100202,2022-05-04T00:00:00,PHI @ MIA,L,43.5,106.9,111.6,111.6,119.9,124.7,124.7,-13.0,-13.1,-13.1,0.042,0.0,3.7,0.022,0.053,0.036,0.0,0.0,0.005679999999999999,0.00633,0.277,0.286,98.44,94.44,78.7,94.44,0.153,86,12,22,12.0,22.0,0.545,1,931,931,931,52,964,796,796,1353,1471,1471,1260,1248,1248,1210,854,1240,831,1387,1408,1,1,683,611,281,276,907,1302,1302,399,30,59,30,59,504,1,43:27,2021,2022
2021-22,201935,James Harden,James,1610612755,PHI,Philadelphia 76ers,42100202,2022-05-04T00:00:00,PHI @ MIA,L,41.5,111.0,115.0,115.0,122.4,127.5,127.5,-11.5,-12.5,-12.5,0.31,3.0,30.0,0.024,0.088,0.053,0.1,0.1,0.00433,0.00553,0.239,0.24,96.23,92.62,77.18,92.62,0.108,80,6,15,6.0,15.0,0.4,1,931,931,931,100,808,672,672,1424,1547,1547,1225,1235,1235,222,119,306,813,1156,1224,1158,1169,1084,842,474,511,1146,1490,1490,735,361,283,361,283,973,1,41:28,2021,2022
2021-22,201980,Danny Green,Danny,1610612755,PHI,Philadelphia 76ers,42100202,2022-05-04T00:00:00,PHI @ MIA,L,23.3,85.1,83.0,83.0,123.2,126.7,126.7,-38.1,-43.7,-43.7,0.0,0.0,0.0,0.0,0.105,0.047,0.091,0.091,0.0015,0.0015,0.216,0.23,94.82,94.7,78.91,94.7,-0.048,47,1,10,1.0,10.0,0.1,1,931,931,931,926,1540,1566,1566,1438,1518,1518,1630,1679,1679,1245,854,1245,865,1026,1305,1118,1123,1466,1525,620,565,1282,1273,1273,1741,1186,551,1186,551,1476,1,23:19,2021,2022
2021-22,1630198,Isaiah Joe,Isaiah,1610612755,PHI,Philadelphia 76ers,42100202,2022-05-04T00:00:00,PHI @ MIA,L,1.4,51.5,50.0,50.0,145.3,100.0,100.0,-93.8,-50.0,-50.0,0.0,0.0,0.0,0.0,0.5,0.333,1.0,1.0,0.0,0.0,0.25,0.258,127.0,156.14,130.12,156.14,-0.133,4,0,0,0.0,0.0,0.0,1,931,931,931,1803,1788,1779,1779,1764,583,583,1837,1710,1711,1245,854,1245,865,21,17,1870,1871,1479,1538,382,398,26,25,25,1809,1479,1696,1479,1696,1479,1,1:23,2021,2022
2021-22,1627777,Georges Niang,Georges,1610612755,PHI,Philadelphia 76ers,42100202,2022-05-04T00:00:00,PHI @ MIA,L,10.3,129.3,122.7,122.7,115.2,104.3,104.3,14.1,18.4,18.4,0.111,0.0,20.0,0.0,0.222,0.105,0.0,0.0,0.00625,0.00625,0.174,0.183,96.8,104.42,87.01,104.42,0.0,22,2,4,2.0,4.0,0.5,1,931,931,931,1419,267,423,423,1203,797,797,559,468,468,825,854,593,865,328,612,1,1,548,625,900,886,1076,422,422,1490,971,1122,971,1122,565,1,10:21,2021,2022
2021-22,1630194,Paul Reed,Paul,1610612755,PHI,Philadelphia 76ers,42100202,2022-05-04T00:00:00,PHI @ MIA,L,25.3,108.8,109.6,109.6,113.6,120.4,120.4,-4.9,-10.8,-10.8,0.053,0.0,20.0,0.0,0.182,0.082,0.0,0.0,0.005,0.0045000000000000005,0.067,0.079,98.83,95.68,79.74,95.68,0.067,52,2,4,2.0,4.0,0.5,1,931,931,931,848,896,864,864,1156,1354,1354,1050,1195,1195,1152,854,593,865,491,873,1,1,793,1172,1637,1611,861,1168,1168,1086,971,1122,971,1122,565,1,25:20,2021,2022
2021-22,1630531,Jaden Springer,Jaden,1610612755,PHI,Philadelphia 76ers,42100202,2022-05-04T00:00:00,PHI @ MIA,L,1.4,51.5,50.0,50.0,145.3,100.0,100.0,-93.8,-50.0,-50.0,0.0,0.0,0.0,0.0,0.0,0.0,0.0,0.0,0.0,0.0,0.0,0.0,127.0,156.14,130.12,156.14,0.0,4,0,0,0.0,0.0,0.0,1,931,931,931,1803,1788,1779,1779,1764,583,583,1837,1710,1711,1245,854,1245,865,1540,1609,1,1,1479,1538,1742,1743,26,25,25,1490,1479,1696,1479,1696,1479,1,1:23,2021,2022
2021-22,201599,DeAndre Jordan,DeAndre,1610612755,PHI,Philadelphia 76ers,42100202,2022-05-04T00:00:00,PHI @ MIA,L,13.4,108.7,103.7,103.7,134.4,142.3,142.3,-25.8,-38.6,-38.6,0.111,0.0,25.0,0.083,0.4,0.227,0.0,0.0,0.01,0.01,0.107,0.112,95.43,94.93,79.1,94.93,0.148,27,3,3,3.0,3.0,1.0,1,931,931,931,1295,897,1102,1102,1660,1753,1753,1495,1636,1636,825,854,389,281,69,93,1,1,60,84,1408,1398,1224,1248,1248,424,769,1255,769,1255,1,1,13:24,2021,2022
2021-22,202699,Tobias Harris,Tobias,1610612755,PHI,Philadelphia 76ers,42100202,2022-05-04T00:00:00,PHI @ MIA,L,38.3,107.0,110.5,110.5,124.8,128.4,128.4,-17.8,-17.9,-17.9,0.174,0.0,19.0,0.0,0.121,0.055,0.0,0.0,0.00588,0.00602,0.205,0.211,96.78,93.9,78.25,93.9,0.135,76,9,17,9.0,17.0,0.529,1,931,931,931,261,952,829,829,1484,1569,1569,1355,1352,1352,587,854,668,865,914,1207,1,1,639,690,684,683,1080,1360,1360,525,134,205,134,205,544,1,38:20,2021,2022
2021-22,1629003,Shake Milton,Shake,1610612755,PHI,Philadelphia 76ers,42100201,2022-05-02T00:00:00,PHI @ MIA,L,15.1,117.5,113.8,113.8,77.3,83.9,83.9,40.2,29.9,29.9,0.091,1.0,16.7,0.0,0.05,0.029,0.16699999999999998,0.17,0.00333,0.00515,0.147,0.148,98.42,95.68,79.73,95.68,0.043,29,1,3,1.0,3.0,0.333,1,931,931,931,1233,581,717,717,188,272,272,175,281,281,949,476,725,865,1403,1478,1485,1534,1260,947,1127,1158,909,1169,1169,1277,1186,1255,1186,1255,1120,1,15:03,2021,2022
2021-22,1629680,Matisse Thybulle,Matisse,1610612755,PHI,Philadelphia 76ers,42100201,2022-05-02T00:00:00,PHI @ MIA,L,15.4,102.4,96.7,96.7,102.5,110.0,110.0,-0.1,-13.3,-13.3,0.091,0.0,25.0,0.0,0.154,0.069,0.0,0.0,0.00333,0.00333,0.086,0.093,94.42,93.61,78.01,93.61,0.06,30,1,3,1.0,3.0,0.333,1,931,931,931,1220,1121,1316,1316,747,992,992,922,1254,1259,949,854,389,865,663,1018,1,1,1260,1376,1551,1530,1327,1396,1396,1150,1186,1255,1186,1255,1120,1,15:23,2021,2022
2021-22,201980,Danny Green,Danny,1610612755,PHI,Philadelphia 76ers,42100201,2022-05-02T00:00:00,PHI @ MIA,L,26.5,93.1,90.9,90.9,95.6,98.1,98.1,-2.5,-7.2,-7.2,0.063,0.0,14.3,0.04,0.1,0.073,0.0,0.0,0.00417,0.00417,0.1,0.104,98.11,98.0,81.66,98.0,0.05,55,2,6,2.0,6.0,0.333,1,931,931,931,801,1387,1436,1436,499,555,555,998,1117,1117,1099,854,854,604,1051,979,1,1,1117,1242,1454,1462,939,920,920,1224,971,891,971,891,1120,1,26:27,2021,2022
2021-22,201599,DeAndre Jordan,DeAndre,1610612755,PHI,Philadelphia 76ers,42100201,2022-05-02T00:00:00,PHI @ MIA,L,17.3,85.9,87.9,87.9,152.1,159.4,159.4,-66.2,-71.5,-71.5,0.0,0.0,0.0,0.0,0.125,0.074,0.5,0.5,0.01,0.01,0.114,0.118,93.5,90.33,75.28,90.33,0.043,33,2,2,2.0,2.0,1.0,1,931,931,931,1156,1529,1488,1488,1806,1829,1829,1778,1798,1798,1245,854,1245,865,853,957,1839,1840,60,84,1354,1355,1414,1655,1655,1274,971,1375,971,1375,1,1,17:16,2021,2022
2021-22,1627777,Georges Niang,Georges,1610612755,PHI,Philadelphia 76ers,42100201,2022-05-02T00:00:00,PHI @ MIA,L,21.7,98.3,93.3,93.3,82.7,85.7,85.7,15.6,7.6,7.6,0.071,0.0,12.5,0.0,0.0,0.0,0.0,0.0,0.0,0.0,0.143,0.153,95.57,96.41,80.34,96.41,-0.109,45,0,7,0.0,7.0,0.0,1,931,931,931,997,1268,1384,1384,247,292,292,523,708,708,1053,854,942,865,1540,1609,1,1,1479,1538,1141,1125,1212,1080,1080,1790,1479,781,1479,781,1479,1,21:39,2021,2022
2021-22,1630194,Paul Reed,Paul,1610612755,PHI,Philadelphia 76ers,42100201,2022-05-02T00:00:00,PHI @ MIA,L,13.0,105.0,104.0,104.0,109.4,100.0,100.0,-4.3,4.0,4.0,0.571,4.0,36.4,0.313,0.222,0.265,0.091,0.091,0.00333,0.00333,0.226,0.228,94.36,99.36,82.8,99.36,0.145,25,2,6,2.0,6.0,0.333,1,931,931,931,1317,1028,1093,1093,997,583,583,1037,806,806,22,59,184,20,328,57,1118,1123,1260,1376,545,573,1335,810,810,447,971,891,971,891,1120,1,13:03,2021,2022
2021-22,201935,James Harden,James,1610612755,PHI,Philadelphia 76ers,42100201,2022-05-02T00:00:00,PHI @ MIA,L,34.6,91.8,91.4,91.4,101.4,105.9,105.9,-9.6,-14.5,-14.5,0.263,1.0,20.0,0.031,0.195,0.123,0.2,0.20199999999999999,0.00462,0.00542,0.263,0.268,97.68,95.77,79.81,95.77,0.144,70,5,13,5.0,13.0,0.385,1,931,931,931,440,1413,1432,1432,693,845,845,1170,1289,1289,321,476,593,704,458,461,1596,1629,1021,874,338,351,985,1158,1158,452,471,371,471,371,1028,1,34:35,2021,2022
2021-22,1630178,Tyrese Maxey,Tyrese,1610612755,PHI,Philadelphia 76ers,42100201,2022-05-02T00:00:00,PHI @ MIA,L,35.3,88.9,89.9,89.9,125.8,129.9,129.9,-36.9,-40.0,-40.0,0.118,1.0,9.1,0.0,0.0,0.0,0.091,0.092,0.00433,0.005390000000000001,0.253,0.256,94.35,92.39,77.0,92.39,0.082,69,6,15,6.0,15.0,0.4,1,931,931,931,400,1471,1455,1455,1500,1594,1594,1616,1645,1645,811,476,1092,865,1540,1609,1118,1143,1084,883,376,410,1336,1509,1509,959,361,283,361,283,973,1,35:20,2021,2022
2021-22,1630198,Isaiah Joe,Isaiah,1610612755,PHI,Philadelphia 76ers,42100201,2022-05-02T00:00:00,PHI @ MIA,L,4.7,156.3,144.4,144.4,80.0,88.9,88.9,76.3,55.6,55.6,0.0,0.0,0.0,0.0,0.0,0.0,0.0,0.0,0.0,0.0,0.0,0.0,94.22,92.57,77.14,92.57,0.0,9,0,0,0.0,0.0,0.0,1,931,931,931,1620,66,110,110,216,344,344,66,97,100,1245,854,1245,865,1540,1609,1,1,1479,1538,1742,1743,1346,1493,1493,1490,1479,1696,1479,1696,1479,1,4:40,2021,2022
2021-22,200794,Paul Millsap,Paul,1610612755,PHI,Philadelphia 76ers,42100201,2022-05-02T00:00:00,PHI @ MIA,L,5.6,123.0,120.0,120.0,108.7,127.3,127.3,14.3,-7.3,-7.3,0.25,0.0,100.0,0.0,0.2,0.1,0.0,0.0,0.0,0.0,0.0,0.0,96.45,89.47,74.56,89.47,0.048,10,0,0,0.0,0.0,0.0,1,931,931,931,1556,404,495,495,972,1536,1536,554,1118,1118,335,854,1,865,399,661,1,1,1479,1538,1742,1743,1119,1709,1709,1243,1479,1696,1479,1696,1479,1,5:38,2021,2022
2021-22,1629646,Charles Bassey,Charles,1610612755,PHI,Philadelphia 76ers,42100201,2022-05-02T00:00:00,PHI @ MIA,L,4.6,156.3,144.4,144.4,80.0,88.9,88.9,76.3,55.6,55.6,0.25,0.0,50.0,0.25,0.2,0.222,0.0,0.0,0.01,0.006939999999999999,0.1,0.155,95.58,93.91,78.26,93.91,0.167,9,1,1,1.0,1.0,1.0,1,931,931,931,1625,66,110,110,216,344,344,66,97,100,335,854,48,26,399,97,1,1,60,465,1454,1112,1207,1347,1355,330,1186,1511,1186,1511,1,1,4:36,2021,2022
2021-22,1627788,Furkan Korkmaz,Furkan,1610612755,PHI,Philadelphia 76ers,42100201,2022-05-02T00:00:00,PHI @ MIA,L,9.5,104.6,100.0,100.0,109.5,121.1,121.1,-4.9,-21.1,-21.1,0.0,0.0,0.0,0.0,0.077,0.045,0.0,0.0,0.006999999999999999,0.0076500000000000005,0.24,0.266,103.49,100.77,83.97,100.77,0.227,21,3,5,3.0,5.0,0.6,1,931,931,931,1450,1047,1180,1180,1003,1369,1369,1052,1418,1418,1245,854,1245,865,1234,1314,1,1,403,333,469,362,422,667,667,148,769,1031,769,1031,380,1,9:32,2021,2022
2021-22,202699,Tobias Harris,Tobias,1610612755,PHI,Philadelphia 76ers,42100201,2022-05-02T00:00:00,PHI @ MIA,L,36.8,92.0,93.0,93.0,126.9,128.2,128.2,-34.9,-35.2,-35.2,0.071,0.33,4.2,0.027,0.135,0.081,0.125,0.124,0.00639,0.00668,0.284,0.295,93.52,92.58,77.15,92.58,0.168,71,11,18,11.0,18.0,0.611,1,931,931,931,339,1403,1398,1398,1523,1564,1564,1599,1600,1600,1053,818,1232,778,802,878,1296,1307,528,518,254,244,1413,1492,1492,324,59,169,59,169,375,1,36:49,2021,2022
2021-22,1630194,Paul Reed,Paul,1610612755,PHI,Philadelphia 76ers,42100136,2022-04-28T00:00:00,PHI @ TOR,W,12.5,148.0,144.0,144.0,113.1,114.8,114.8,34.9,29.2,29.2,0.091,0.5,12.5,0.375,0.067,0.174,0.25,0.237,0.008,0.00827,0.241,0.263,99.46,100.0,83.33,100.0,0.11,25,4,5,4.0,5.0,0.8,1,1,1,1,1338,99,116,116,1142,1190,1190,222,292,292,949,740,942,8,1309,205,1682,1681,261,262,464,376,798,744,744,710,602,1031,602,1031,155,1,12:29,2021,2022
2021-22,202699,Tobias Harris,Tobias,1610612755,PHI,Philadelphia 76ers,42100136,2022-04-28T00:00:00,PHI @ TOR,W,37.7,149.9,148.6,148.6,102.7,106.8,106.8,47.2,41.8,41.8,0.065,0.0,11.1,0.04,0.263,0.175,0.0,0.0,0.00567,0.00598,0.2,0.2,93.68,92.23,76.86,92.23,0.123,72,7,15,7.0,15.0,0.467,1,1,1,1,292,94,91,91,757,889,889,136,168,168,1096,854,994,604,216,203,1,1,687,705,706,765,1402,1522,1522,595,261,283,261,283,815,1,37:44,2021,2022
2021-22,1627777,Georges Niang,Georges,1610612755,PHI,Philadelphia 76ers,42100136,2022-04-28T00:00:00,PHI @ TOR,W,21.1,134.9,133.3,133.3,97.8,92.7,92.7,37.0,40.7,40.7,0.105,2.0,33.3,0.167,0.037,0.089,0.16699999999999998,0.16699999999999998,0.01,0.01,0.082,0.084,91.46,94.47,78.72,94.47,0.07,42,2,3,2.0,3.0,0.667,1,1,1,1,1023,195,198,198,551,429,429,205,177,177,874,244,210,79,1473,793,1485,1498,60,84,1578,1584,1580,1300,1300,1060,971,1255,971,1255,254,1,21:05,2021,2022
2021-22,201980,Danny Green,Danny,1610612755,PHI,Philadelphia 76ers,42100136,2022-04-28T00:00:00,PHI @ TOR,W,29.4,147.3,145.6,145.6,102.0,103.4,103.4,45.3,42.2,42.2,0.045,0.5,10.0,0.0,0.147,0.093,0.2,0.2,0.00857,0.00857,0.145,0.149,94.07,93.91,78.26,93.91,0.109,57,4,7,4.0,7.0,0.571,1,1,1,1,676,104,100,100,728,761,761,142,165,165,1196,740,1051,865,715,751,1596,1603,213,219,1137,1150,1360,1358,1358,728,602,781,602,781,439,1,29:23,2021,2022
2021-22,203954,Joel Embiid,Joel,1610612755,PHI,Philadelphia 76ers,42100136,2022-04-28T00:00:00,PHI @ TOR,W,35.9,141.6,139.1,139.1,99.3,95.8,95.8,42.3,43.4,43.4,0.05,1.0,4.0,0.115,0.167,0.147,0.04,0.040999999999999995,0.006670000000000001,0.00737,0.316,0.317,91.15,93.64,78.03,93.64,0.245,69,12,18,12.0,18.0,0.667,1,1,1,1,376,133,144,144,611,499,499,161,154,154,1168,476,1237,180,561,314,862,863,444,393,153,179,1598,1393,1393,120,30,169,30,169,254,1,35:53,2021,2022
2021-22,201935,James Harden,James,1610612755,PHI,Philadelphia 76ers,42100136,2022-04-28T00:00:00,PHI @ TOR,W,42.1,149.8,148.1,148.1,98.9,100.0,100.0,50.9,48.1,48.1,0.441,5.0,45.5,0.0,0.125,0.078,0.091,0.092,0.006670000000000001,0.00751,0.198,0.198,93.02,93.0,77.5,93.0,0.178,81,7,12,7.0,12.0,0.583,1,1,1,1,83,96,93,93,596,583,583,118,141,141,76,37,117,865,853,919,1118,1137,444,346,746,790,1462,1451,1451,283,261,428,261,428,423,1,42:04,2021,2022
2021-22,1627788,Furkan Korkmaz,Furkan,1610612755,PHI,Philadelphia 76ers,42100136,2022-04-28T00:00:00,PHI @ TOR,W,5.1,120.0,109.1,109.1,117.3,108.3,108.3,2.7,0.8,0.8,0.333,0.0,100.0,0.0,0.222,0.154,0.0,0.0,0.0,0.0,0.0,0.0,99.2,108.24,90.2,108.24,0.15,11,0,0,0.0,0.0,0.0,1,1,1,1,1575,493,887,887,1275,934,934,827,883,883,154,854,1,865,328,281,1,1,1479,1538,1742,1743,827,261,261,418,1479,1696,1479,1696,1479,1,5:06,2021,2022
2021-22,1630531,Jaden Springer,Jaden,1610612755,PHI,Philadelphia 76ers,42100136,2022-04-28T00:00:00,PHI @ TOR,W,2.2,150.0,120.0,120.0,67.6,60.0,60.0,82.4,60.0,60.0,0.0,0.0,0.0,0.0,0.167,0.143,0.0,0.0,0.01,0.01,0.333,0.4,91.38,108.27,90.23,108.27,0.471,5,2,2,2.0,2.0,1.0,1,1,1,1,1729,85,495,495,113,105,105,64,88,88,1245,854,1245,865,561,325,1,1,60,84,101,58,1585,260,260,25,971,1375,971,1375,1,1,2:13,2021,2022
2021-22,1630198,Isaiah Joe,Isaiah,1610612755,PHI,Philadelphia 76ers,42100136,2022-04-28T00:00:00,PHI @ TOR,W,2.2,150.0,120.0,120.0,56.4,60.0,60.0,93.6,60.0,60.0,0.0,0.0,0.0,0.0,0.0,0.0,0.0,0.0,0.0,0.0,0.167,0.2,100.16,107.46,89.55,107.46,-0.182,5,0,1,0.0,1.0,0.0,1,1,1,1,1723,85,495,495,100,105,105,50,88,88,1245,854,1245,865,1540,1609,1,1,1479,1538,941,766,695,285,284,1831,1479,1511,1479,1511,1479,1,2:14,2021,2022
2021-22,1630178,Tyrese Maxey,Tyrese,1610612755,PHI,Philadelphia 76ers,42100136,2022-04-28T00:00:00,PHI @ TOR,W,44.1,143.1,141.9,141.9,103.8,102.3,102.3,39.3,39.6,39.6,0.229,4.0,28.6,0.0,0.06,0.036,0.071,0.07200000000000001,0.00656,0.007039999999999999,0.208,0.21,93.49,94.62,78.85,94.62,0.122,86,8,16,8.0,16.0,0.5,1,1,1,1,35,125,128,128,796,719,719,187,188,188,421,59,331,865,1354,1408,1006,1018,496,447,665,697,1415,1283,1283,601,200,239,200,239,565,1,44:08,2021,2022
2021-22,1629003,Shake Milton,Shake,1610612755,PHI,Philadelphia 76ers,42100136,2022-04-28T00:00:00,PHI @ TOR,W,7.7,100.8,94.1,94.1,126.0,105.6,105.6,-25.2,-11.4,-11.4,0.0,0.0,0.0,0.0,0.1,0.067,0.0,0.0,0.005,0.005,0.111,0.118,96.79,109.42,91.19,109.42,0.057,17,1,2,1.0,2.0,0.5,1,1,1,1,1503,1184,1369,1369,1504,837,837,1488,1212,1212,1245,854,1245,865,1051,1047,1,1,793,989,1372,1355,1079,223,223,1180,1186,1375,1186,1375,565,1,7:41,2021,2022
2021-22,203954,Joel Embiid,Joel,1610612755,PHI,Philadelphia 76ers,42100135,2022-04-25T00:00:00,PHI vs. TOR,L,39.6,98.9,103.9,103.9,109.8,109.1,109.1,-10.9,-5.2,-5.2,0.19,1.0,16.0,0.026,0.303,0.153,0.16,0.156,0.0046700000000000005,0.00567,0.244,0.255,95.33,93.24,77.7,93.24,0.12,77,7,15,7.0,15.0,0.467,1,931,931,931,198,1260,1098,1098,1015,963,963,1208,1079,1079,538,476,804,796,158,292,1480,1474,1016,804,453,416,1232,1432,1432,621,261,283,261,283,815,1,39:38,2021,2022
2021-22,1629680,Matisse Thybulle,Matisse,1610612755,PHI,Philadelphia 76ers,42100135,2022-04-25T00:00:00,PHI vs. TOR,L,14.0,85.0,89.3,89.3,89.0,86.7,86.7,-4.0,2.6,2.6,0.0,0.0,0.0,0.053,0.077,0.063,0.125,0.127,0.00167,0.00145,0.211,0.223,100.46,99.43,82.86,99.43,-0.186,28,1,6,1.0,6.0,0.167,1,931,931,931,1280,1543,1463,1463,343,309,309,1031,844,844,1245,854,1245,490,1234,1103,1296,1341,1447,1527,647,611,671,803,803,1838,1186,891,1186,891,1435,1,14:00,2021,2022
2021-22,1627777,Georges Niang,Georges,1610612755,PHI,Philadelphia 76ers,42100135,2022-04-25T00:00:00,PHI vs. TOR,L,13.3,74.5,72.4,72.4,82.9,79.3,79.3,-8.4,-6.9,-6.9,0.0,0.0,0.0,0.0,0.077,0.034,0.0,0.0,0.0075,0.0075,0.065,0.066,101.11,104.79,87.33,104.79,0.054,29,1,2,1.0,2.0,0.5,1,931,931,931,1304,1683,1686,1686,251,225,225,1144,1109,1110,1245,854,1245,865,1234,1427,1,1,303,351,1650,1654,615,399,399,1196,1186,1375,1186,1375,565,1,13:17,2021,2022
2021-22,1630194,Paul Reed,Paul,1610612755,PHI,Philadelphia 76ers,42100135,2022-04-25T00:00:00,PHI vs. TOR,L,8.4,47.4,44.4,44.4,110.5,105.6,105.6,-63.1,-61.1,-61.1,0.0,0.0,0.0,0.286,0.286,0.286,0.16699999999999998,0.17,0.0025,0.00307,0.273,0.282,97.82,103.33,86.11,103.33,0.089,18,1,4,1.0,4.0,0.25,1,931,931,931,1484,1808,1806,1806,1033,837,837,1770,1765,1766,1245,854,1245,23,177,43,1485,1534,1377,1412,289,292,971,487,487,912,1186,1122,1186,1122,1318,1,8:22,2021,2022
2021-22,201980,Danny Green,Danny,1610612755,PHI,Philadelphia 76ers,42100135,2022-04-25T00:00:00,PHI vs. TOR,L,24.6,93.7,93.9,93.9,128.3,125.0,125.0,-34.6,-31.1,-31.1,0.0,0.0,0.0,0.042,0.158,0.093,0.0,0.0,0.006999999999999999,0.006999999999999999,0.196,0.2,93.57,94.7,78.92,94.7,0.144,49,5,10,5.0,10.0,0.5,1,931,931,931,877,1374,1372,1372,1552,1474,1474,1598,1555,1555,1245,854,1245,586,639,746,1,1,403,450,754,774,1406,1272,1272,458,471,551,471,551,565,1,24:35,2021,2022
2021-22,201935,James Harden,James,1610612755,PHI,Philadelphia 76ers,42100135,2022-04-25T00:00:00,PHI vs. TOR,L,39.6,90.1,94.9,94.9,109.9,107.7,107.7,-19.9,-12.8,-12.8,0.304,1.4,26.9,0.0,0.059,0.026,0.192,0.195,0.00455,0.0055000000000000005,0.218,0.216,96.06,94.51,78.75,94.51,0.08,78,4,11,4.0,11.0,0.364,1,931,931,931,201,1450,1353,1353,1021,911,911,1399,1240,1240,229,447,362,865,1355,1504,1593,1599,1036,855,600,644,1161,1298,1298,977,602,492,602,492,1087,1,39:37,2021,2022
2021-22,1630178,Tyrese Maxey,Tyrese,1610612755,PHI,Philadelphia 76ers,42100135,2022-04-25T00:00:00,PHI vs. TOR,L,41.9,86.7,88.0,88.0,108.0,107.2,107.2,-21.3,-19.3,-19.3,0.19,4.0,20.0,0.0,0.056,0.025,0.05,0.05,0.00357,0.004030000000000001,0.18,0.182,95.48,95.16,79.3,95.16,0.048,83,5,14,5.0,14.0,0.357,1,931,931,931,86,1513,1487,1487,939,899,899,1424,1381,1381,538,59,593,865,1374,1509,891,896,1239,1272,866,889,1221,1221,1221,1241,471,324,471,324,1101,1,41:52,2021,2022
2021-22,202699,Tobias Harris,Tobias,1610612755,PHI,Philadelphia 76ers,42100135,2022-04-25T00:00:00,PHI vs. TOR,L,44.2,87.6,91.8,91.8,111.4,110.6,110.6,-23.8,-18.8,-18.8,0.19,4.0,18.2,0.0,0.194,0.085,0.045,0.046,0.00438,0.004739999999999999,0.191,0.192,94.28,92.41,77.01,92.41,0.089,85,6,16,6.0,16.0,0.375,1,931,931,931,34,1496,1419,1419,1069,1026,1026,1469,1371,1371,538,59,688,865,462,830,876,880,1064,1123,790,823,1342,1508,1508,912,361,239,361,239,1041,1,44:09,2021,2022
2021-22,1627788,Furkan Korkmaz,Furkan,1610612755,PHI,Philadelphia 76ers,42100135,2022-04-25T00:00:00,PHI vs. TOR,L,2.3,123.0,120.0,120.0,162.0,140.0,140.0,-39.1,-20.0,-20.0,0.0,0.0,0.0,0.0,1.0,0.2,0.0,0.0,0.015,0.015,0.125,0.127,97.41,105.88,88.24,105.88,0.421,5,1,1,1.0,1.0,1.0,1,931,931,931,1722,403,495,495,1828,1730,1730,1638,1398,1398,1245,854,1245,865,1,126,1,1,1,1,1276,1303,1013,354,354,33,1186,1511,1186,1511,1,1,2:16,2021,2022
2021-22,1630198,Isaiah Joe,Isaiah,1610612755,PHI,Philadelphia 76ers,42100135,2022-04-25T00:00:00,PHI vs. TOR,L,2.0,154.6,150.0,150.0,162.0,140.0,140.0,-7.4,10.0,10.0,0.0,0.0,0.0,0.0,0.0,0.0,0.5,0.5,0.0,0.0,0.286,0.291,99.23,108.91,90.76,108.91,-0.19,4,0,1,0.0,1.0,0.0,1,931,931,931,1754,74,79,79,1828,1730,1730,1116,652,652,1245,854,1245,865,1540,1609,1839,1840,1479,1538,240,261,823,246,246,1840,1479,1511,1479,1511,1479,1,1:59,2021,2022
2021-22,1629003,Shake Milton,Shake,1610612755,PHI,Philadelphia 76ers,42100135,2022-04-25T00:00:00,PHI vs. TOR,L,10.3,112.7,115.0,115.0,113.9,104.8,104.8,-1.1,10.2,10.2,0.286,2.0,50.0,0.077,0.0,0.05,0.25,0.25,0.0,0.0,0.071,0.076,93.0,96.0,80.0,96.0,-0.016,20,0,1,0.0,1.0,0.0,1,931,931,931,1423,738,672,672,1168,812,812,957,649,649,255,244,48,320,1540,1262,1682,1689,1479,1538,1616,1620,1464,1133,1133,1658,1479,1511,1479,1511,1479,1,10:15,2021,2022
2021-22,1627777,Georges Niang,Georges,1610612755,PHI,Philadelphia 76ers,42100134,2022-04-23T00:00:00,PHI @ TOR,L,22.1,88.6,93.3,93.3,118.1,119.6,119.6,-29.5,-26.2,-26.2,0.091,0.0,20.0,0.0,0.045,0.023,0.0,0.0,0.01125,0.01125,0.078,0.079,102.11,98.89,82.41,98.89,0.058,45,3,4,3.0,4.0,0.75,1,931,931,931,978,1480,1384,1384,1294,1311,1311,1543,1494,1494,949,854,593,865,1436,1523,1,1,50,54,1588,1609,536,850,850,1160,769,1122,769,1122,177,1,22:05,2021,2022
2021-22,201980,Danny Green,Danny,1610612755,PHI,Philadelphia 76ers,42100134,2022-04-23T00:00:00,PHI @ TOR,L,27.8,96.9,96.4,96.4,106.9,103.6,103.6,-9.9,-7.1,-7.1,0.125,0.0,16.7,0.031,0.065,0.048,0.0,0.0,0.003,0.003,0.161,0.167,95.03,96.75,80.63,96.75,0.005,56,2,10,2.0,10.0,0.2,1,931,931,931,754,1298,1320,1320,903,767,767,1182,1113,1115,761,854,725,704,1327,1289,1,1,1323,1417,1008,1003,1257,1045,1045,1486,971,551,971,551,1401,1,27:47,2021,2022
2021-22,1630178,Tyrese Maxey,Tyrese,1610612755,PHI,Philadelphia 76ers,42100134,2022-04-23T00:00:00,PHI @ TOR,L,39.5,94.9,95.0,95.0,106.9,110.0,110.0,-12.0,-15.0,-15.0,0.286,6.0,30.0,0.0,0.13,0.069,0.05,0.049,0.00375,0.00413,0.161,0.166,98.74,97.26,81.05,97.26,0.093,80,4,12,4.0,12.0,0.333,1,931,931,931,207,1348,1349,1349,905,992,992,1241,1302,1302,255,19,306,865,828,1018,891,893,1194,1258,1016,1021,867,990,990,871,602,428,602,428,1120,1,39:29,2021,2022
2021-22,201935,James Harden,James,1610612755,PHI,Philadelphia 76ers,42100134,2022-04-23T00:00:00,PHI @ TOR,L,42.2,95.3,96.5,96.5,111.4,114.1,114.1,-16.1,-17.6,-17.6,0.391,2.25,25.7,0.024,0.089,0.058,0.114,0.115,0.0035299999999999997,0.00504,0.274,0.277,99.03,97.21,81.01,97.21,0.135,86,5,17,5.0,17.0,0.294,1,931,931,931,78,1337,1319,1319,1070,1163,1163,1321,1348,1348,105,237,386,813,1153,1172,1265,1267,1248,986,288,311,843,996,996,522,471,205,471,205,1269,1,42:13,2021,2022
2021-22,202699,Tobias Harris,Tobias,1610612755,PHI,Philadelphia 76ers,42100134,2022-04-23T00:00:00,PHI @ TOR,L,40.8,103.5,103.6,103.6,106.4,109.5,109.5,-3.0,-5.9,-5.9,0.091,0.67,11.8,0.0,0.234,0.129,0.17600000000000002,0.17600000000000002,0.00625,0.00625,0.169,0.17,99.7,98.2,81.83,98.2,0.119,83,7,12,7.0,12.0,0.583,1,931,931,931,132,1087,1112,1112,891,978,978,1007,1091,1091,949,704,983,865,307,412,1555,1555,548,625,938,985,773,912,912,627,261,428,261,428,423,1,40:49,2021,2022
2021-22,203954,Joel Embiid,Joel,1610612755,PHI,Philadelphia 76ers,42100134,2022-04-23T00:00:00,PHI @ TOR,L,39.3,100.9,101.2,101.2,105.7,107.4,107.4,-4.7,-6.2,-6.2,0.143,0.6,10.7,0.053,0.133,0.096,0.179,0.179,0.00438,0.00526,0.294,0.293,99.78,98.83,82.36,98.83,0.077,81,7,16,7.0,16.0,0.438,1,931,931,931,212,1178,1174,1174,860,901,901,1048,1096,1096,690,731,1036,490,806,707,1565,1564,1064,926,211,255,753,855,855,999,261,239,261,239,888,1,39:21,2021,2022
2021-22,1630531,Jaden Springer,Jaden,1610612755,PHI,Philadelphia 76ers,42100134,2022-04-23T00:00:00,PHI @ TOR,L,1.4,163.9,160.0,160.0,75.2,80.0,80.0,88.7,80.0,80.0,0.5,0.0,50.0,0.0,0.5,0.333,0.0,0.0,0.0,0.0,0.167,0.205,176.96,173.49,144.58,173.49,0.125,5,0,1,0.0,1.0,0.0,1,931,931,931,1803,51,52,52,164,228,228,54,62,62,32,854,48,865,21,17,1,1,1479,1538,941,727,7,18,18,579,1479,1511,1479,1511,1479,1,1:23,2021,2022
2021-22,1630194,Paul Reed,Paul,1610612755,PHI,Philadelphia 76ers,42100134,2022-04-23T00:00:00,PHI @ TOR,L,8.7,101.2,105.3,105.3,120.5,127.8,127.8,-19.3,-22.5,-22.5,0.0,0.0,0.0,0.222,0.375,0.294,0.33299999999999996,0.33299999999999996,0.01,0.01,0.24,0.276,107.66,102.56,85.47,102.56,0.25,19,3,4,3.0,4.0,0.75,1,931,931,931,1473,1167,1044,1044,1371,1554,1554,1388,1442,1442,1245,854,1245,42,88,41,1773,1774,60,84,469,320,219,532,532,112,769,1122,769,1122,177,1,8:40,2021,2022
2021-22,1630198,Isaiah Joe,Isaiah,1610612755,PHI,Philadelphia 76ers,42100134,2022-04-23T00:00:00,PHI @ TOR,L,1.4,163.9,160.0,160.0,75.2,80.0,80.0,88.7,80.0,80.0,0.0,0.0,0.0,0.0,0.0,0.0,0.0,0.0,0.015,0.015,0.167,0.205,176.96,173.49,144.58,173.49,0.375,5,1,1,1.0,1.0,1.0,1,931,931,931,1803,51,52,52,164,228,228,54,62,62,1245,854,1245,865,1540,1609,1,1,1,1,941,727,7,18,18,50,1186,1511,1186,1511,1,1,1:23,2021,2022
2021-22,1629003,Shake Milton,Shake,1610612755,PHI,Philadelphia 76ers,42100134,2022-04-23T00:00:00,PHI @ TOR,L,15.5,119.8,122.9,122.9,115.3,111.8,111.8,4.6,11.1,11.1,0.0,0.0,0.0,0.0,0.067,0.037,0.0,0.0,0.008329999999999999,0.00902,0.105,0.108,106.82,107.07,89.22,107.07,0.08,35,2,3,2.0,3.0,0.667,1,931,931,931,1217,503,420,420,1208,1069,1069,783,632,632,1245,854,1245,865,1309,1403,1,1,228,177,1421,1427,254,302,302,978,971,1255,971,1255,254,1,15:28,2021,2022
2021-22,1627788,Furkan Korkmaz,Furkan,1610612755,PHI,Philadelphia 76ers,42100134,2022-04-23T00:00:00,PHI @ TOR,L,1.4,163.9,160.0,160.0,75.2,80.0,80.0,88.7,80.0,80.0,0.0,0.0,0.0,0.0,0.0,0.0,0.0,0.0,0.0,0.0,0.0,0.0,176.96,173.49,144.58,173.49,-0.125,5,0,0,0.0,0.0,0.0,1,931,931,931,1803,51,52,52,164,228,228,54,62,62,1245,854,1245,865,1540,1609,1,1,1479,1538,1742,1743,7,18,18,1803,1479,1696,1479,1696,1479,1,1:23,2021,2022
2021-22,1630178,Tyrese Maxey,Tyrese,1610612755,PHI,Philadelphia 76ers,42100133,2022-04-20T00:00:00,PHI @ TOR,W,47.3,109.3,110.6,110.6,102.9,101.2,101.2,6.4,9.4,9.4,0.037,0.2,4.2,0.029,0.067,0.051,0.20800000000000002,0.201,0.004719999999999999,0.00503,0.24,0.251,86.01,86.2,71.83,86.2,0.045,85,8,18,8.0,18.0,0.444,1,1,1,1,3,873,828,828,761,686,686,731,661,661,1233,848,1232,739,1309,1258,1643,1625,1009,987,472,442,1776,1830,1830,1269,200,169,200,169,859,1,47:20,2021,2022
2021-22,201980,Danny Green,Danny,1610612755,PHI,Philadelphia 76ers,42100133,2022-04-20T00:00:00,PHI @ TOR,W,46.2,106.6,112.2,112.2,99.4,97.6,97.6,7.2,14.6,14.6,0.03,0.5,9.1,0.061,0.109,0.089,0.182,0.182,0.00563,0.00563,0.106,0.106,87.59,86.16,71.8,86.16,0.052,82,3,8,3.0,8.0,0.375,1,1,1,1,8,971,776,776,618,542,542,710,551,551,1244,740,1092,426,1008,797,1566,1569,696,822,1415,1445,1741,1832,1832,1214,769,686,769,686,1041,1,46:15,2021,2022
2021-22,202699,Tobias Harris,Tobias,1610612755,PHI,Philadelphia 76ers,42100133,2022-04-20T00:00:00,PHI @ TOR,W,46.7,106.9,109.8,109.8,98.1,97.6,97.6,8.8,12.1,12.1,0.067,0.67,13.3,0.059,0.217,0.15,0.2,0.20199999999999999,0.005,0.00557,0.138,0.138,86.67,85.76,71.47,85.76,0.118,82,4,9,4.0,9.0,0.444,1,1,1,1,6,961,857,857,560,545,545,660,611,611,1080,704,907,438,355,301,1596,1627,793,833,1183,1226,1767,1838,1838,630,602,618,602,618,859,1,46:44,2021,2022
2021-22,203954,Joel Embiid,Joel,1610612755,PHI,Philadelphia 76ers,42100133,2022-04-20T00:00:00,PHI @ TOR,W,44.5,108.0,112.8,112.8,99.4,98.8,98.8,8.6,14.1,14.1,0.1,0.33,6.3,0.031,0.25,0.163,0.188,0.188,0.006750000000000001,0.006889999999999999,0.337,0.339,87.41,85.82,71.51,85.82,0.216,78,12,20,12.0,20.0,0.6,1,1,1,1,26,925,754,754,616,579,579,673,563,563,895,818,1181,704,233,255,1586,1591,441,487,98,118,1745,1837,1837,171,30,104,30,104,380,1,44:28,2021,2022
2021-22,1629003,Shake Milton,Shake,1610612755,PHI,Philadelphia 76ers,42100133,2022-04-20T00:00:00,PHI @ TOR,W,10.9,98.1,105.0,105.0,121.3,127.3,127.3,-23.2,-22.3,-22.3,0.2,0.0,50.0,0.0,0.083,0.059,0.0,0.0,0.0,0.011359999999999999,0.045,0.041,97.79,92.34,76.95,92.34,0.09,20,0,0,0.0,0.0,0.0,1,1,1,1,1394,1275,1055,1055,1390,1536,1536,1459,1440,1440,490,854,48,865,1182,1151,1,1,1479,45,1708,1718,975,1513,1513,905,1479,1696,1479,1696,1479,1,10:55,2021,2022
2021-22,1627777,Georges Niang,Georges,1610612755,PHI,Philadelphia 76ers,42100133,2022-04-20T00:00:00,PHI @ TOR,W,22.7,97.0,97.7,97.7,118.5,111.6,111.6,-21.4,-14.0,-14.0,0.0,0.0,0.0,0.059,0.043,0.05,0.2,0.2,0.01125,0.01125,0.102,0.106,88.72,91.05,75.87,91.05,0.115,43,3,4,3.0,4.0,0.75,1,1,1,1,952,1296,1291,1291,1310,1066,1066,1426,1274,1274,1245,854,1245,438,1446,1262,1596,1603,50,54,1446,1450,1714,1609,1609,665,769,1122,769,1122,177,1,22:40,2021,2022
2021-22,201599,DeAndre Jordan,DeAndre,1610612755,PHI,Philadelphia 76ers,42100133,2022-04-20T00:00:00,PHI @ TOR,W,0.0,0.0,0.0,0.0,0.0,0.0,0.0,0.0,0.0,0.0,0.0,0.0,0.0,0.0,0.0,0.0,0.0,0.0,0.0,0.0,0.0,0.0,0.0,1800.0,1500.0,1800.05,0.0,0,0,0,0.0,0.0,0.0,1,1,1,1,1891,1824,1824,1824,1,1,1,900,898,898,1245,854,1245,865,1540,1609,1,1,1479,1538,1742,1743,1889,1,1,1490,1479,1696,1479,1696,1479,1,0:01,2021,2022
2021-22,201935,James Harden,James,1610612755,PHI,Philadelphia 76ers,42100133,2022-04-20T00:00:00,PHI @ TOR,W,38.1,109.9,114.9,114.9,111.0,113.2,113.2,-1.0,1.7,1.7,0.476,3.33,35.7,0.08,0.111,0.098,0.107,0.106,0.00615,0.00625,0.237,0.239,87.86,85.06,70.88,85.06,0.138,67,7,13,7.0,13.0,0.538,1,1,1,1,274,850,677,677,1054,1126,1126,953,865,865,64,116,197,308,966,692,1209,1212,582,625,485,513,1737,1845,1845,505,261,371,261,371,522,1,38:06,2021,2022
2021-22,1630194,Paul Reed,Paul,1610612755,PHI,Philadelphia 76ers,42100133,2022-04-20T00:00:00,PHI @ TOR,W,8.5,98.0,100.0,100.0,136.0,131.3,131.3,-38.0,-31.3,-31.3,0.2,0.5,20.0,0.0,0.25,0.111,0.4,0.4,0.005,0.005,0.222,0.218,89.33,90.0,75.0,90.0,0.016,16,1,2,1.0,2.0,0.5,1,1,1,1,1479,1277,1180,1180,1678,1618,1618,1628,1557,1557,490,740,593,865,233,553,1823,1824,793,989,562,632,1687,1674,1675,1428,1186,1375,1186,1375,565,1,8:32,2021,2022
2021-22,1627777,Georges Niang,Georges,1610612755,PHI,Philadelphia 76ers,42100132,2022-04-18T00:00:00,PHI vs. TOR,W,9.0,137.4,138.9,138.9,177.0,183.3,183.3,-39.7,-44.4,-44.4,0.167,1.0,20.0,0.0,0.0,0.0,0.2,0.2,0.008329999999999999,0.008329999999999999,0.19,0.208,97.88,95.65,79.7,95.65,0.0,18,2,3,2.0,3.0,0.667,1,1,1,1,1464,164,148,148,1857,1865,1865,1645,1689,1687,598,476,593,865,1540,1609,1596,1603,228,246,793,705,963,1174,1174,1490,971,1255,971,1255,254,1,9:02,2021,2022
2021-22,1630194,Paul Reed,Paul,1610612755,PHI,Philadelphia 76ers,42100132,2022-04-18T00:00:00,PHI vs. TOR,W,10.8,180.1,173.7,173.7,129.4,125.0,125.0,50.7,48.7,48.7,0.0,0.0,0.0,0.2,0.111,0.143,0.0,0.0,0.0,0.0,0.048,0.049,83.9,86.93,72.45,86.93,-0.03,19,0,1,0.0,1.0,0.0,1,1,1,1,1399,32,29,29,1580,1474,1474,119,139,139,1245,854,1245,51,966,325,1,1,1479,1538,1699,1702,1809,1815,1815,1703,1479,1511,1479,1511,1479,1,10:46,2021,2022
2021-22,1630178,Tyrese Maxey,Tyrese,1610612755,PHI,Philadelphia 76ers,42100132,2022-04-18T00:00:00,PHI vs. TOR,W,41.1,122.6,125.3,125.3,96.2,100.0,100.0,26.4,25.3,25.3,0.348,8.0,36.4,0.036,0.174,0.122,0.045,0.046,0.00864,0.00901,0.159,0.16,94.04,91.21,76.0,91.21,0.245,79,8,11,8.0,11.0,0.727,1,1,1,1,116,421,352,352,511,583,583,317,347,347,147,6,184,649,537,476,876,883,209,183,1032,1066,1368,1597,1597,120,200,492,200,492,220,1,41:03,2021,2022
2021-22,1629680,Matisse Thybulle,Matisse,1610612755,PHI,Philadelphia 76ers,42100132,2022-04-18T00:00:00,PHI vs. TOR,W,10.5,136.8,145.0,145.0,147.1,160.0,160.0,-10.3,-15.0,-15.0,0.125,0.0,25.0,0.0,0.0,0.0,0.0,0.0,0.008329999999999999,0.008329999999999999,0.13,0.135,98.57,91.78,76.48,91.78,0.098,20,2,3,2.0,3.0,0.667,1,1,1,1,1413,175,105,105,1775,1830,1830,1194,1302,1302,761,854,389,865,1540,1609,1,1,228,246,1244,1251,892,1556,1556,831,971,1255,971,1255,254,1,10:28,2021,2022
2021-22,203954,Joel Embiid,Joel,1610612755,PHI,Philadelphia 76ers,42100132,2022-04-18T00:00:00,PHI vs. TOR,W,37.2,108.4,111.3,111.3,98.7,102.9,102.9,9.7,8.4,8.4,0.0,0.0,0.0,0.069,0.205,0.151,0.154,0.153,0.00594,0.00699,0.325,0.336,94.01,90.89,75.74,90.89,0.213,71,9,16,9.0,16.0,0.563,1,1,1,1,313,911,802,802,581,742,742,643,689,689,1245,854,1245,377,397,300,1459,1461,631,455,138,125,1371,1619,1619,179,134,239,134,239,472,1,37:14,2021,2022
2021-22,201935,James Harden,James,1610612755,PHI,Philadelphia 76ers,42100132,2022-04-18T00:00:00,PHI vs. TOR,W,41.3,119.7,119.5,119.5,95.0,98.7,98.7,24.7,20.8,20.8,0.231,1.2,26.1,0.033,0.104,0.077,0.217,0.213,0.0038900000000000002,0.00559,0.2,0.211,90.52,88.87,74.06,88.87,0.115,77,3,9,3.0,9.0,0.333,1,1,1,1,105,509,525,525,478,573,573,349,418,418,410,471,379,676,1035,922,1651,1650,1180,829,706,685,1625,1747,1747,669,769,618,769,618,1120,1,41:19,2021,2022
2021-22,201980,Danny Green,Danny,1610612755,PHI,Philadelphia 76ers,42100132,2022-04-18T00:00:00,PHI vs. TOR,W,37.5,118.6,116.9,116.9,92.2,94.2,94.2,26.4,22.7,22.7,0.136,3.0,18.8,0.036,0.0,0.014,0.063,0.063,0.00458,0.00458,0.165,0.171,89.84,89.5,74.59,89.5,0.047,71,4,12,4.0,12.0,0.333,1,1,1,1,302,542,605,605,414,458,458,318,394,394,731,119,675,649,1540,1599,951,959,1026,1157,989,979,1667,1708,1708,1246,602,428,602,428,1120,1,37:32,2021,2022
2021-22,202699,Tobias Harris,Tobias,1610612755,PHI,Philadelphia 76ers,42100132,2022-04-18T00:00:00,PHI vs. TOR,W,39.0,119.2,120.8,120.8,86.9,88.9,88.9,32.3,31.9,31.9,0.048,0.5,6.3,0.034,0.191,0.132,0.125,0.127,0.00773,0.00784,0.188,0.187,90.32,88.69,73.91,88.69,0.184,72,7,11,7.0,11.0,0.636,1,1,1,1,230,518,476,476,311,344,344,251,252,252,1180,740,1181,664,470,396,1296,1341,299,309,809,863,1638,1757,1757,263,261,492,261,492,339,1,38:58,2021,2022
2021-22,1629003,Shake Milton,Shake,1610612755,PHI,Philadelphia 76ers,42100132,2022-04-18T00:00:00,PHI vs. TOR,W,13.6,133.3,137.5,137.5,164.6,168.0,168.0,-31.3,-30.5,-30.5,0.0,0.0,0.0,0.0,0.167,0.091,0.0,0.0,0.005,0.005,0.103,0.108,88.51,86.26,71.88,86.26,0.053,24,1,3,1.0,3.0,0.333,1,1,1,1,1291,213,161,161,1837,1855,1855,1560,1545,1545,1245,854,1245,865,561,755,1,1,793,989,1432,1429,1722,1829,1829,1208,1186,1255,1186,1255,1120,1,13:38,2021,2022
2021-22,201935,James Harden,James,1610612755,PHI,Philadelphia 76ers,42100131,2022-04-16T00:00:00,PHI vs. TOR,W,40.1,139.5,144.6,144.6,124.1,124.0,124.0,15.4,20.6,20.6,0.452,14.0,40.0,0.051,0.091,0.069,0.028999999999999998,0.028999999999999998,0.00471,0.0054800000000000005,0.241,0.243,90.66,89.1,74.25,89.1,0.144,74,6,17,6.0,17.0,0.353,1,1,1,1,174,146,109,109,1463,1452,1452,530,425,425,70,1,145,508,1116,1016,837,837,1011,858,464,487,1619,1738,1738,457,361,205,361,205,1110,1,40:08,2021,2022
2021-22,203954,Joel Embiid,Joel,1610612755,PHI,Philadelphia 76ers,42100131,2022-04-16T00:00:00,PHI vs. TOR,W,37.2,146.6,150.7,150.7,123.9,126.9,126.9,22.7,23.9,23.9,0.148,0.0,16.7,0.121,0.355,0.234,0.0,0.0,0.00333,0.00479,0.256,0.255,88.82,86.57,72.14,86.57,0.11,67,5,15,5.0,15.0,0.333,1,1,1,1,315,107,78,78,1454,1525,1525,383,375,375,685,854,725,165,96,81,1,1,1260,1114,366,417,1711,1820,1820,711,471,283,471,283,1120,1,37:09,2021,2022
2021-22,1627788,Furkan Korkmaz,Furkan,1610612755,PHI,Philadelphia 76ers,42100131,2022-04-16T00:00:00,PHI vs. TOR,W,2.8,72.7,71.4,71.4,74.0,71.4,71.4,-1.3,0.0,0.0,0.5,0.0,100.0,0.0,0.0,0.0,0.0,0.0,0.0,0.0,0.0,0.0,118.32,121.45,101.2,121.45,0.222,7,0,0,0.0,0.0,0.0,1,1,1,1,1700,1705,1691,1691,152,144,144,960,898,898,32,854,1,865,1540,1609,1,1,1479,1538,1742,1743,54,72,72,152,1479,1696,1479,1696,1479,1,2:46,2021,2022
2021-22,202699,Tobias Harris,Tobias,1610612755,PHI,Philadelphia 76ers,42100131,2022-04-16T00:00:00,PHI vs. TOR,W,37.1,140.3,145.6,145.6,117.3,118.8,118.8,23.0,26.7,26.7,0.25,6.0,25.0,0.029,0.172,0.094,0.042,0.042,0.0075,0.00781,0.225,0.222,90.96,88.71,73.92,88.71,0.176,68,9,14,9.0,14.0,0.643,1,1,1,1,324,140,101,101,1272,1296,1296,378,321,321,335,19,389,752,543,738,864,869,303,311,552,617,1606,1754,1754,292,134,324,134,324,336,1,37:04,2021,2022
2021-22,1630178,Tyrese Maxey,Tyrese,1610612755,PHI,Philadelphia 76ers,42100131,2022-04-16T00:00:00,PHI vs. TOR,W,38.4,149.1,154.9,154.9,122.7,125.0,125.0,26.4,29.9,29.9,0.095,0.0,8.3,0.029,0.091,0.06,0.0,0.0,0.00786,0.00819,0.265,0.277,91.87,89.3,74.41,89.3,0.193,71,14,21,14.0,21.0,0.667,1,1,1,1,254,97,68,68,1427,1474,1474,316,280,280,928,854,1123,739,1116,1143,1,1,279,273,328,314,1549,1721,1721,224,11,80,11,80,254,1,38:26,2021,2022
2021-22,1630198,Isaiah Joe,Isaiah,1610612755,PHI,Philadelphia 76ers,42100131,2022-04-16T00:00:00,PHI vs. TOR,W,1.9,102.5,100.0,100.0,82.0,80.0,80.0,20.5,20.0,20.0,0.0,0.0,0.0,0.0,0.0,0.0,1.0,1.0,0.0,0.0,0.2,0.205,122.21,125.22,104.35,125.22,-0.182,5,0,0,0.0,0.0,0.0,1,1,1,1,1760,1117,1180,1180,236,228,228,420,434,436,1245,854,1245,865,1540,1609,1870,1871,1479,1538,706,727,43,62,63,1831,1479,1696,1479,1696,1479,1,1:55,2021,2022
2021-22,1629680,Matisse Thybulle,Matisse,1610612755,PHI,Philadelphia 76ers,42100131,2022-04-16T00:00:00,PHI vs. TOR,W,18.8,157.7,155.9,155.9,136.5,135.1,135.1,21.3,20.7,20.7,0.0,0.0,0.0,0.0,0.133,0.071,0.0,0.0,0.015,0.015,0.027,0.028,89.6,90.57,75.48,90.57,0.03,34,1,1,1.0,1.0,1.0,1,1,1,1,1106,65,64,64,1688,1686,1686,407,421,421,1245,854,1245,865,806,986,1,1,1,1,1733,1735,1682,1639,1639,1360,1186,1511,1186,1511,1,1,18:49,2021,2022
2021-22,201980,Danny Green,Danny,1610612755,PHI,Philadelphia 76ers,42100131,2022-04-16T00:00:00,PHI vs. TOR,W,22.4,127.1,135.7,135.7,102.9,104.7,104.7,24.2,31.1,31.1,0.0,0.0,0.0,0.08,0.048,0.065,0.0,0.0,0.00167,0.00167,0.115,0.114,94.89,91.07,75.89,91.07,-0.032,42,1,6,1.0,6.0,0.167,1,1,1,1,964,306,179,179,762,807,807,354,260,260,1245,854,1245,308,1420,1070,1,1,1447,1514,1347,1388,1273,1607,1607,1710,1186,891,1186,891,1435,1,22:24,2021,2022
2021-22,1630194,Paul Reed,Paul,1610612755,PHI,Philadelphia 76ers,42100131,2022-04-16T00:00:00,PHI vs. TOR,W,10.9,124.6,130.4,130.4,106.0,104.0,104.0,18.5,26.4,26.4,0.0,0.0,0.0,0.0,0.25,0.136,0.0,0.0,0.005,0.00521,0.12,0.115,107.5,106.18,88.48,106.18,0.029,23,1,2,1.0,2.0,0.5,1,1,1,1,1396,366,248,248,872,785,785,464,326,326,1245,854,1245,865,233,369,1,1,793,935,1317,1379,225,344,345,1367,1186,1375,1186,1375,565,1,10:51,2021,2022
2021-22,1627777,Georges Niang,Georges,1610612755,PHI,Philadelphia 76ers,42100131,2022-04-16T00:00:00,PHI vs. TOR,W,16.3,163.2,165.6,165.6,130.4,127.3,127.3,32.7,38.4,38.4,0.0,0.0,0.0,0.0,0.0,0.0,0.0,0.0,0.01,0.01,0.121,0.119,95.02,95.49,79.58,95.49,0.063,32,3,4,3.0,4.0,0.75,1,1,1,1,1183,56,43,43,1595,1536,1536,248,194,194,1245,854,1245,865,1540,1609,1,1,60,84,1312,1353,1258,1190,1190,1119,769,1122,769,1122,177,1,16:20,2021,2022
2021-22,1629003,Shake Milton,Shake,1610612755,PHI,Philadelphia 76ers,42100131,2022-04-16T00:00:00,PHI vs. TOR,W,14.1,124.3,125.0,125.0,109.7,110.0,110.0,14.6,15.0,15.0,0.286,0.0,28.6,0.0,0.063,0.036,0.0,0.0,0.00875,0.009399999999999999,0.172,0.189,98.9,98.49,82.08,98.49,0.22,28,3,4,3.0,4.0,0.75,1,1,1,1,1271,370,353,353,1014,992,992,548,531,532,255,854,331,865,1332,1411,1,1,197,159,912,846,856,889,889,159,769,1122,769,1122,177,1,14:08,2021,2022
