player_id,player,team_id,team,age,gp,g,fga_frequency,fgm,fga,fg_pct,efg_pct,fg2a_frequency,fg2m,fg2a,fg2_pct,fg3a_frequency,fg3m,fg3a,fg3_pct
1628369,Jayson Tatum,1610612738,BOS,25.0,74,74,1.0,727,1559,0.466,0.543,0.56,487,873,0.558,0.44,240,686,0.35
1630162,Anthony Edwards,1610612750,MIN,21.0,78,78,1.0,694,1517,0.457,0.526,0.624,485,947,0.512,0.376,209,570,0.367
1629029,Luka Dončić,1610612742,DAL,24.0,66,66,1.0,719,1449,0.496,0.56,0.627,534,908,0.588,0.373,185,541,0.342
203944,Julius Randle,1610612752,NYK,28.0,77,77,1.0,658,1431,0.46,0.536,0.556,440,795,0.553,0.444,218,636,0.343
1628378,Donovan Mitchell,1610612739,CLE,26.0,68,68,1.0,679,1402,0.484,0.572,0.547,434,767,0.566,0.453,245,635,0.386
1629027,Trae Young,1610612737,ATL,24.0,73,73,1.0,597,1390,0.429,0.485,0.669,443,930,0.476,0.331,154,460,0.335
1627759,Jaylen Brown,1610612738,BOS,26.0,67,67,1.0,679,1383,0.491,0.55,0.648,516,896,0.576,0.352,163,487,0.335
1628983,Shai Gilgeous-Alexander,1610612760,OKC,24.0,68,68,1.0,704,1381,0.51,0.531,0.878,646,1213,0.533,0.122,58,168,0.345
203897,Zach LaVine,1610612741,CHI,28.0,76,76,1.0,663,1368,0.485,0.558,0.607,461,830,0.555,0.393,202,538,0.375
1630224,Jalen Green,1610612745,HOU,21.0,76,76,1.0,566,1357,0.417,0.486,0.592,379,804,0.471,0.408,187,553,0.338
203468,CJ McCollum,1610612740,NOP,31.0,75,75,1.0,587,1342,0.437,0.516,0.596,376,800,0.47,0.404,211,542,0.389
1628368,De'Aaron Fox,1610612758,SAC,25.0,73,73,1.0,682,1331,0.512,0.557,0.724,563,964,0.584,0.276,119,367,0.324
203954,Joel Embiid,1610612755,PHI,29.0,66,66,1.0,728,1328,0.548,0.573,0.849,662,1128,0.587,0.151,66,200,0.33
1627749,Dejounte Murray,1610612737,ATL,26.0,74,73,1.0,612,1319,0.464,0.514,0.707,479,932,0.514,0.293,133,387,0.344
1627783,Pascal Siakam,1610612761,TOR,29.0,71,71,1.0,630,1313,0.48,0.515,0.781,537,1026,0.523,0.219,93,287,0.324
201942,DeMar DeRozan,1610612741,CHI,33.0,73,73,1.0,648,1285,0.504,0.522,0.89,602,1144,0.526,0.11,46,141,0.326
203507,Giannis Antetokounmpo,1610612749,MIL,28.0,63,63,1.0,707,1279,0.553,0.571,0.866,660,1108,0.596,0.134,47,171,0.275
1628969,Mikal Bridges,1610612751,BKN,26.0,83,82,1.0,593,1267,0.468,0.535,0.651,424,825,0.514,0.349,169,442,0.382
1629673,Jordan Poole,1610612744,GSW,24.0,81,81,1.0,542,1262,0.429,0.513,0.5,330,631,0.523,0.5,212,631,0.336
202691,Klay Thompson,1610612744,GSW,33.0,68,68,1.0,539,1242,0.434,0.554,0.414,240,514,0.467,0.586,299,728,0.411
2544,LeBron James,1610612747,LAL,38.0,55,55,1.0,609,1217,0.5,0.55,0.69,488,840,0.581,0.31,121,377,0.321
1629630,Ja Morant,1610612763,MEM,23.0,61,61,1.0,566,1214,0.466,0.504,0.753,474,914,0.519,0.247,92,300,0.307
202681,Kyrie Irving,1610612742,DAL,31.0,60,60,1.0,594,1203,0.494,0.572,0.588,406,707,0.574,0.412,188,496,0.379
203081,Damian Lillard,1610612757,POR,32.0,58,58,1.0,556,1202,0.463,0.564,0.453,312,544,0.574,0.547,244,658,0.371
1628973,Jalen Brunson,1610612752,NYK,26.0,68,68,1.0,587,1195,0.491,0.547,0.731,453,873,0.519,0.269,134,322,0.416
1626179,Terry Rozier,1610612766,CHA,29.0,63,63,1.0,491,1179,0.416,0.486,0.577,328,680,0.482,0.423,163,499,0.327
1629628,RJ Barrett,1610612752,NYK,23.0,73,73,1.0,510,1176,0.434,0.485,0.668,389,786,0.495,0.332,121,390,0.31
1628374,Lauri Markkanen,1610612762,UTA,26.0,66,66,1.0,571,1145,0.499,0.586,0.554,371,634,0.585,0.446,200,511,0.391
1628398,Kyle Kuzma,1610612764,WAS,27.0,64,64,1.0,512,1142,0.448,0.518,0.579,352,661,0.533,0.421,160,481,0.333
1629636,Darius Garland,1610612739,CLE,23.0,69,69,1.0,522,1129,0.462,0.537,0.635,353,717,0.492,0.365,169,412,0.41
202696,Nikola Vučević,1610612741,CHI,32.0,81,81,1.0,588,1127,0.522,0.575,0.697,467,785,0.595,0.303,121,342,0.354
1631094,Paolo Banchero,1610612753,ORL,20.0,72,72,1.0,479,1122,0.427,0.465,0.746,394,837,0.471,0.254,85,285,0.298
201939,Stephen Curry,1610612744,GSW,35.0,55,55,1.0,553,1121,0.493,0.614,0.436,282,489,0.577,0.564,271,632,0.429
1630581,Josh Giddey,1610612760,OKC,20.0,76,76,1.0,539,1118,0.482,0.516,0.791,463,884,0.524,0.209,76,234,0.325
1630532,Franz Wagner,1610612753,ORL,21.0,80,80,1.0,542,1117,0.485,0.543,0.678,412,757,0.544,0.322,130,360,0.361
1628389,Bam Adebayo,1610612748,MIA,25.0,75,75,1.0,602,1114,0.54,0.541,0.989,601,1102,0.545,0.011,1,12,0.083
1627832,Fred VanVleet,1610612761,TOR,29.0,69,69,1.0,437,1112,0.393,0.486,0.455,230,506,0.455,0.545,207,606,0.342
1629639,Tyler Herro,1610612748,MIA,23.0,67,67,1.0,487,1109,0.439,0.531,0.516,284,572,0.497,0.484,203,537,0.378
1629640,Keldon Johnson,1610612759,SAS,23.0,61,61,1.0,488,1078,0.453,0.514,0.632,356,681,0.523,0.368,132,397,0.332
1626164,Devin Booker,1610612756,PHX,26.0,53,53,1.0,527,1067,0.494,0.546,0.704,416,751,0.554,0.296,111,316,0.351
203915,Spencer Dinwiddie,1610612751,BKN,30.0,79,79,1.0,460,1050,0.438,0.524,0.533,279,560,0.498,0.467,181,490,0.369
1629014,Anfernee Simons,1610612757,POR,24.0,62,62,1.0,467,1045,0.447,0.548,0.462,255,483,0.528,0.538,212,562,0.377
1627750,Jamal Murray,1610612743,DEN,26.0,65,65,1.0,473,1041,0.454,0.537,0.585,301,609,0.494,0.415,172,432,0.398
1627741,Buddy Hield,1610612754,IND,30.0,80,80,1.0,475,1038,0.458,0.596,0.348,187,361,0.518,0.652,288,677,0.425
203903,Jordan Clarkson,1610612762,UTA,31.0,61,61,1.0,458,1030,0.445,0.52,0.555,303,572,0.53,0.445,155,458,0.338
201950,Jrue Holiday,1610612749,MIL,33.0,67,67,1.0,490,1023,0.479,0.556,0.598,332,612,0.542,0.402,158,411,0.384
203999,Nikola Jokić,1610612743,DEN,28.0,69,69,1.0,646,1022,0.632,0.66,0.854,589,873,0.675,0.146,57,149,0.383
204001,Kristaps Porziņģis,1610612764,WAS,27.0,65,65,1.0,507,1018,0.498,0.565,0.65,370,662,0.559,0.35,137,356,0.385
1630567,Scottie Barnes,1610612761,TOR,21.0,77,77,1.0,463,1016,0.456,0.487,0.78,400,792,0.505,0.22,63,224,0.281
202331,Paul George,1610612746,LAC,33.0,56,56,1.0,459,1004,0.457,0.536,0.576,301,578,0.521,0.424,158,426,0.371
1628415,Dillon Brooks,1610612763,MEM,27.0,73,73,1.0,392,990,0.396,0.468,0.557,249,551,0.452,0.443,143,439,0.326
201566,Russell Westbrook,1610612746,LAC,34.0,73,73,1.0,430,987,0.436,0.481,0.71,341,701,0.486,0.29,89,286,0.311
1629023,P.J. Washington,1610612766,CHA,24.0,73,73,1.0,431,974,0.443,0.518,0.564,284,549,0.517,0.436,147,425,0.346
1631093,Jaden Ivey,1610612765,DET,21.0,73,73,1.0,401,966,0.415,0.477,0.644,282,622,0.453,0.356,119,344,0.346
203076,Anthony Davis,1610612747,LAL,30.0,56,55,1.0,540,959,0.563,0.573,0.924,521,886,0.588,0.076,19,73,0.26
1631097,Bennedict Mathurin,1610612754,IND,21.0,78,78,1.0,413,951,0.434,0.487,0.674,313,641,0.488,0.326,100,310,0.323
1630596,Evan Mobley,1610612739,CLE,22.0,79,79,1.0,525,948,0.554,0.565,0.892,503,846,0.595,0.108,22,102,0.216
1626156,D'Angelo Russell,1610612747,LAL,27.0,71,71,1.0,445,947,0.47,0.572,0.484,251,458,0.548,0.516,194,489,0.397
1627734,Domantas Sabonis,1610612758,SAC,27.0,79,79,1.0,577,939,0.614,0.631,0.912,546,856,0.638,0.088,31,83,0.373
1630217,Desmond Bane,1610612763,MEM,25.0,58,58,1.0,449,938,0.479,0.567,0.567,284,532,0.534,0.433,165,406,0.406
1627736,Malik Beasley,1610612747,LAL,26.0,81,81,1.0,370,937,0.395,0.52,0.298,135,279,0.484,0.702,235,658,0.357
1630193,Immanuel Quickley,1610612752,NYK,24.0,81,81,1.0,419,936,0.448,0.537,0.515,251,482,0.521,0.485,168,454,0.37
1629018,Gary Trent Jr.,1610612761,TOR,24.0,66,66,1.0,405,935,0.433,0.522,0.519,239,485,0.493,0.481,166,450,0.369
1630178,Tyrese Maxey,1610612755,PHI,22.0,60,60,1.0,439,913,0.481,0.568,0.595,279,543,0.514,0.405,160,370,0.432
203924,Jerami Grant,1610612757,POR,29.0,63,63,1.0,434,913,0.475,0.554,0.607,290,554,0.523,0.393,144,359,0.401
201572,Brook Lopez,1610612749,MIL,35.0,78,78,1.0,477,899,0.531,0.606,0.595,341,535,0.637,0.405,136,364,0.374
1631095,Jabari Smith Jr.,1610612745,HOU,20.0,79,79,1.0,364,892,0.408,0.475,0.562,244,501,0.487,0.438,120,391,0.307
202710,Jimmy Butler III,1610612748,MIA,33.0,64,64,1.0,479,888,0.539,0.56,0.884,443,785,0.564,0.116,36,103,0.35
1629028,Deandre Ayton,1610612756,PHX,24.0,67,67,1.0,522,887,0.589,0.592,0.973,515,863,0.597,0.027,7,24,0.292
1628384,OG Anunoby,1610612761,TOR,25.0,67,67,1.0,421,885,0.476,0.556,0.585,279,518,0.539,0.415,142,367,0.387
1629645,Kevin Porter Jr.,1610612745,HOU,23.0,59,59,1.0,391,884,0.442,0.522,0.564,250,499,0.501,0.436,141,385,0.366
203078,Bradley Beal,1610612764,WAS,30.0,50,50,1.0,444,877,0.506,0.552,0.75,364,658,0.553,0.25,80,219,0.365
1629652,Luguentz Dort,1610612760,OKC,24.0,74,74,1.0,339,873,0.388,0.466,0.532,204,464,0.44,0.468,135,409,0.33
202695,Kawhi Leonard,1610612746,LAC,32.0,52,52,1.0,446,871,0.512,0.572,0.713,342,621,0.551,0.287,104,250,0.416
1628989,Kevin Huerter,1610612758,SAC,24.0,75,75,1.0,420,866,0.485,0.603,0.411,215,356,0.604,0.589,205,510,0.402
202711,Bojan Bogdanović,1610612765,DET,34.0,58,58,1.0,420,859,0.489,0.572,0.602,278,517,0.538,0.398,142,342,0.415
201142,Kevin Durant,1610612756,PHX,34.0,47,47,1.0,480,857,0.56,0.614,0.734,388,629,0.617,0.266,92,228,0.404
203501,Tim Hardaway Jr.,1610612742,DAL,31.0,71,71,1.0,340,847,0.401,0.527,0.351,128,297,0.431,0.649,212,550,0.385
202699,Tobias Harris,1610612755,PHI,30.0,74,74,1.0,423,845,0.501,0.575,0.617,297,521,0.57,0.383,126,324,0.389
201935,James Harden,1610612755,PHI,33.0,58,58,1.0,371,843,0.44,0.536,0.503,210,424,0.495,0.497,161,419,0.384
1630169,Tyrese Haliburton,1610612754,IND,23.0,56,56,1.0,412,841,0.49,0.586,0.522,251,439,0.572,0.478,161,402,0.4
1627742,Brandon Ingram,1610612740,NOP,25.0,45,45,1.0,404,834,0.484,0.523,0.803,340,670,0.507,0.197,64,164,0.39
1628991,Jaren Jackson Jr.,1610612763,MEM,23.0,63,63,1.0,416,822,0.506,0.567,0.657,316,540,0.585,0.343,100,282,0.355
1629631,De'Andre Hunter,1610612737,ATL,25.0,67,67,1.0,379,822,0.461,0.522,0.652,279,536,0.521,0.348,100,286,0.35
1630180,Saddiq Bey,1610612737,ATL,24.0,76,76,1.0,347,818,0.424,0.515,0.496,198,406,0.488,0.504,149,412,0.362
1629008,Michael Porter Jr.,1610612743,DEN,25.0,62,62,1.0,398,817,0.487,0.602,0.444,210,363,0.579,0.556,188,454,0.414
1626162,Kelly Oubre Jr.,1610612766,CHA,27.0,48,48,1.0,353,816,0.433,0.499,0.588,245,480,0.51,0.412,108,336,0.321
202685,Jonas Valančiūnas,1610612740,NOP,31.0,79,78,1.0,445,815,0.546,0.569,0.866,407,706,0.576,0.134,38,109,0.349
1626171,Bobby Portis,1610612749,MIL,28.0,70,70,1.0,398,803,0.496,0.555,0.68,303,546,0.555,0.32,95,257,0.37
1630530,Trey Murphy III,1610612740,NOP,23.0,79,79,1.0,387,799,0.484,0.611,0.378,185,302,0.613,0.622,202,497,0.406
1630578,Alperen Sengun,1610612745,HOU,20.0,75,75,1.0,441,798,0.553,0.565,0.929,422,741,0.57,0.071,19,57,0.333
1630165,Killian Hayes,1610612765,DET,21.0,75,75,1.0,303,798,0.38,0.429,0.652,224,520,0.431,0.348,79,278,0.284
1628370,Malik Monk,1610612758,SAC,25.0,77,77,1.0,357,796,0.448,0.538,0.5,214,398,0.538,0.5,143,398,0.359
1631114,Jalen Williams,1610612760,OKC,22.0,75,75,1.0,414,794,0.521,0.567,0.742,341,589,0.579,0.258,73,205,0.356
203084,Harrison Barnes,1610612758,SAC,31.0,82,82,1.0,374,792,0.472,0.556,0.554,242,439,0.551,0.446,132,353,0.374
1629622,Max Strus,1610612748,MIA,27.0,80,79,1.0,324,790,0.41,0.535,0.287,127,227,0.559,0.713,197,563,0.35
1631099,Keegan Murray,1610612758,SAC,22.0,80,80,1.0,354,782,0.453,0.584,0.359,148,281,0.527,0.641,206,501,0.411
1626174,Christian Wood,1610612742,DAL,27.0,67,67,1.0,396,769,0.515,0.583,0.637,291,490,0.594,0.363,105,279,0.376
203932,Aaron Gordon,1610612743,DEN,27.0,68,68,1.0,429,761,0.564,0.603,0.773,369,588,0.628,0.227,60,173,0.347
1628401,Derrick White,1610612738,BOS,28.0,82,82,1.0,350,758,0.462,0.56,0.484,201,367,0.548,0.516,149,391,0.381
1627747,Caris LeVert,1610612739,CLE,28.0,74,74,1.0,320,742,0.431,0.517,0.563,193,418,0.462,0.437,127,324,0.392
1628971,Bruce Brown,1610612743,DEN,26.0,80,80,1.0,358,741,0.483,0.545,0.657,267,487,0.548,0.343,91,254,0.358
1626167,Myles Turner,1610612754,IND,27.0,62,62,1.0,402,733,0.548,0.612,0.66,309,484,0.638,0.34,93,249,0.373
1627763,Malcolm Brogdon,1610612738,BOS,30.0,67,67,1.0,354,732,0.484,0.574,0.594,222,435,0.51,0.406,132,297,0.444
1630163,LaMelo Ball,1610612766,CHA,21.0,36,36,1.0,296,721,0.411,0.51,0.469,152,338,0.45,0.531,144,383,0.376
1630231,KJ Martin,1610612745,HOU,22.0,82,82,1.0,410,720,0.569,0.617,0.7,342,504,0.679,0.3,68,216,0.315
1626181,Norman Powell,1610612746,LAC,30.0,60,60,1.0,340,710,0.479,0.559,0.596,226,423,0.534,0.404,114,287,0.397
1626145,Tyus Jones,1610612763,MEM,27.0,80,80,1.0,311,710,0.438,0.523,0.541,190,384,0.495,0.459,121,326,0.371
1630183,Jaden McDaniels,1610612750,MIN,22.0,78,78,1.0,364,709,0.513,0.586,0.626,261,444,0.588,0.374,103,265,0.389
1628381,John Collins,1610612737,ATL,25.0,71,71,1.0,359,707,0.508,0.557,0.661,289,467,0.619,0.339,70,240,0.292
1630200,Tre Jones,1610612759,SAS,23.0,65,64,1.0,320,707,0.453,0.482,0.788,279,557,0.501,0.212,41,150,0.273
1628365,Markelle Fultz,1610612753,ORL,25.0,60,60,1.0,349,679,0.514,0.534,0.872,322,592,0.544,0.128,27,87,0.31
1630172,Patrick Williams,1610612741,CHI,21.0,81,81,1.0,310,671,0.462,0.546,0.592,197,397,0.496,0.408,113,274,0.412
101108,Chris Paul,1610612756,PHX,38.0,59,59,1.0,294,668,0.44,0.513,0.609,196,407,0.482,0.391,98,261,0.375
1631106,Tari Eason,1610612745,HOU,22.0,82,82,1.0,296,660,0.448,0.493,0.739,237,488,0.486,0.261,59,172,0.343
201569,Eric Gordon,1610612746,LAC,34.0,69,69,1.0,291,653,0.446,0.547,0.455,159,297,0.535,0.545,132,356,0.371
1629001,De'Anthony Melton,1610612755,PHI,25.0,77,77,1.0,277,651,0.425,0.546,0.381,120,248,0.484,0.619,157,403,0.39
203471,Dennis Schröder,1610612747,LAL,29.0,66,66,1.0,270,651,0.415,0.472,0.654,196,426,0.46,0.346,74,225,0.329
1631101,Shaedon Sharpe,1610612757,POR,20.0,80,78,1.0,306,648,0.472,0.551,0.563,204,365,0.559,0.437,102,283,0.36
1629614,Andrew Nembhard,1610612754,IND,23.0,75,75,1.0,284,644,0.441,0.512,0.592,192,381,0.504,0.408,92,263,0.35
202694,Marcus Morris Sr.,1610612746,LAC,33.0,65,65,1.0,274,643,0.426,0.513,0.521,162,335,0.484,0.479,112,308,0.364
202704,Reggie Jackson,1610612743,DEN,33.0,68,68,1.0,263,640,0.411,0.486,0.55,167,352,0.474,0.45,96,288,0.333
203484,Kentavious Caldwell-Pope,1610612743,DEN,30.0,76,76,1.0,292,632,0.462,0.569,0.495,157,313,0.502,0.505,135,319,0.423
1628386,Jarrett Allen,1610612739,CLE,25.0,68,67,1.0,403,626,0.644,0.645,0.984,402,616,0.653,0.016,1,10,0.1
1629669,Jaylen Nowell,1610612750,MIN,23.0,65,65,1.0,280,624,0.449,0.502,0.63,213,393,0.542,0.37,67,231,0.29
1629667,Jalen McDaniels,1610612755,PHI,25.0,80,79,1.0,281,615,0.457,0.52,0.626,204,385,0.53,0.374,77,230,0.335
1629659,Talen Horton-Tucker,1610612762,UTA,22.0,65,64,1.0,257,613,0.419,0.467,0.669,199,410,0.485,0.331,58,203,0.286
1628976,Wendell Carter Jr.,1610612753,ORL,24.0,57,57,1.0,322,612,0.526,0.592,0.632,242,387,0.625,0.368,80,225,0.356
203992,Bogdan Bogdanović,1610612737,ATL,30.0,54,54,1.0,273,611,0.447,0.566,0.411,127,251,0.506,0.589,146,360,0.406
1630175,Cole Anthony,1610612753,ORL,23.0,60,60,1.0,277,610,0.454,0.516,0.662,202,404,0.5,0.338,75,206,0.364
1627751,Jakob Poeltl,1610612761,TOR,27.0,71,71,1.0,387,609,0.635,0.635,0.998,387,608,0.637,0.002,0,1,0.0
1629656,Quentin Grimes,1610612752,NYK,23.0,71,71,1.0,282,602,0.468,0.599,0.324,125,195,0.641,0.676,157,407,0.386
203935,Marcus Smart,1610612738,BOS,29.0,61,61,1.0,250,602,0.415,0.511,0.432,135,260,0.519,0.568,115,342,0.336
201144,Mike Conley,1610612750,MIN,35.0,66,66,1.0,255,601,0.424,0.532,0.428,125,257,0.486,0.572,130,344,0.378
1630170,Devin Vassell,1610612759,SAS,22.0,38,38,1.0,261,595,0.439,0.525,0.553,158,329,0.48,0.447,103,266,0.387
1626220,Royce O'Neale,1610612751,BKN,30.0,76,76,1.0,229,592,0.387,0.524,0.294,66,174,0.379,0.706,163,418,0.39
1630174,Aaron Nesmith,1610612754,IND,23.0,73,73,1.0,252,590,0.427,0.525,0.468,137,276,0.496,0.532,115,314,0.366
1629632,Coby White,1610612741,CHI,23.0,73,72,1.0,259,589,0.44,0.547,0.419,133,247,0.538,0.581,126,342,0.368
1629651,Nic Claxton,1610612751,BKN,24.0,76,76,1.0,414,586,0.706,0.706,0.997,414,584,0.709,0.003,0,2,0.0
1630557,Corey Kispert,1610612764,WAS,24.0,74,74,1.0,291,586,0.497,0.636,0.343,128,201,0.637,0.657,163,385,0.423
1629060,Rui Hachimura,1610612747,LAL,25.0,63,63,1.0,284,584,0.486,0.53,0.726,233,424,0.55,0.274,51,160,0.319
202330,Gordon Hayward,1610612766,CHA,33.0,50,50,1.0,276,581,0.475,0.52,0.725,224,421,0.532,0.275,52,160,0.325
1631103,Malaki Branham,1610612759,SAS,20.0,63,63,1.0,258,581,0.444,0.509,0.58,183,337,0.543,0.42,75,244,0.307
1630166,Deni Avdija,1610612764,WAS,22.0,76,76,1.0,253,579,0.437,0.497,0.599,184,347,0.53,0.401,69,232,0.297
1629675,Naz Reid,1610612750,MIN,23.0,68,67,1.0,310,577,0.537,0.602,0.624,235,360,0.653,0.376,75,217,0.346
1630230,Naji Marshall,1610612740,NOP,25.0,77,77,1.0,247,571,0.433,0.49,0.618,181,353,0.513,0.382,66,218,0.303
1630538,Bones Hyland,1610612746,LAC,22.0,56,56,1.0,228,571,0.399,0.502,0.448,111,256,0.434,0.552,117,315,0.371
1629216,Gabe Vincent,1610612748,MIA,27.0,68,68,1.0,228,567,0.402,0.505,0.383,111,217,0.512,0.617,117,350,0.334
1628975,Jevon Carter,1610612749,MIL,27.0,81,80,1.0,239,565,0.423,0.549,0.404,97,228,0.425,0.596,142,337,0.421
1630245,Ayo Dosunmu,1610612741,CHI,23.0,79,78,1.0,275,562,0.489,0.541,0.669,217,376,0.577,0.331,58,186,0.312
203482,Kelly Olynyk,1610612762,UTA,32.0,68,68,1.0,278,557,0.499,0.583,0.576,185,321,0.576,0.424,93,236,0.394
1628960,Grayson Allen,1610612749,MIL,27.0,72,72,1.0,245,557,0.44,0.571,0.343,99,191,0.518,0.657,146,366,0.399
1628997,Caleb Martin,1610612748,MIA,27.0,71,71,1.0,254,548,0.464,0.54,0.569,170,312,0.545,0.431,84,236,0.356
1626196,Josh Richardson,1610612740,NOP,29.0,64,64,1.0,235,545,0.431,0.528,0.472,129,257,0.502,0.528,106,288,0.368
1631110,Jeremy Sochan,1610612759,SAS,20.0,55,55,1.0,248,543,0.457,0.487,0.755,215,410,0.524,0.245,33,133,0.248
203497,Rudy Gobert,1610612750,MIN,31.0,69,68,1.0,356,541,0.658,0.658,0.994,356,538,0.662,0.006,0,3,0.0
203991,Clint Capela,1610612737,ATL,29.0,65,65,1.0,350,536,0.653,0.653,0.998,350,535,0.654,0.002,0,1,0.0
1631100,AJ Griffin,1610612737,ATL,19.0,72,72,1.0,248,533,0.465,0.56,0.514,147,274,0.536,0.486,101,259,0.39
1626224,Cedi Osman,1610612739,CLE,28.0,77,75,1.0,239,530,0.451,0.56,0.411,123,218,0.564,0.589,116,312,0.372
1628449,Chris Boucher,1610612761,TOR,30.0,76,75,1.0,261,528,0.494,0.553,0.642,199,339,0.587,0.358,62,189,0.328
1628380,Zach Collins,1610612759,SAS,25.0,61,61,1.0,274,527,0.52,0.571,0.727,220,383,0.574,0.273,54,144,0.375
1630583,Santi Aldama,1610612763,MEM,22.0,77,77,1.0,247,525,0.47,0.56,0.493,153,259,0.591,0.507,94,266,0.353
1629611,Terance Mann,1610612746,LAC,26.0,81,79,1.0,272,523,0.52,0.594,0.621,195,325,0.6,0.379,77,198,0.389
1628978,Donte DiVincenzo,1610612744,GSW,26.0,71,71,1.0,228,523,0.436,0.576,0.3,82,157,0.522,0.7,146,366,0.399
1629022,Lonnie Walker IV,1610612747,LAL,24.0,56,56,1.0,234,522,0.448,0.535,0.525,143,274,0.522,0.475,91,248,0.367
204456,T.J. McConnell,1610612754,IND,31.0,75,75,1.0,283,521,0.543,0.568,0.887,257,462,0.556,0.113,26,59,0.441
1628404,Josh Hart,1610612752,NYK,28.0,76,76,1.0,275,520,0.529,0.588,0.685,214,356,0.601,0.315,61,164,0.372
203926,Doug McDermott,1610612759,SAS,31.0,63,63,1.0,234,516,0.453,0.572,0.428,112,221,0.507,0.572,122,295,0.414
1628420,Monté Morris,1610612764,WAS,28.0,62,62,1.0,247,515,0.48,0.555,0.604,169,311,0.543,0.396,78,204,0.382
1627826,Ivica Zubac,1610612746,LAC,26.0,76,76,1.0,326,514,0.634,0.634,0.996,326,512,0.637,0.004,0,2,0.0
203952,Andrew Wiggins,1610612744,GSW,28.0,36,36,1.0,243,512,0.475,0.56,0.576,156,295,0.529,0.424,87,217,0.401
1630188,Jalen Smith,1610612754,IND,23.0,68,68,1.0,242,508,0.476,0.53,0.624,188,317,0.593,0.376,54,191,0.283
1630198,Isaiah Joe,1610612760,OKC,23.0,73,69,1.0,224,508,0.441,0.599,0.224,63,114,0.553,0.776,161,394,0.409
203994,Jusuf Nurkić,1610612757,POR,28.0,52,52,1.0,262,505,0.519,0.561,0.764,219,386,0.567,0.236,43,119,0.361
1629003,Shake Milton,1610612755,PHI,26.0,76,74,1.0,241,503,0.479,0.535,0.706,185,355,0.521,0.294,56,148,0.378
1627777,Georges Niang,1610612755,PHI,30.0,78,78,1.0,222,502,0.442,0.596,0.235,68,118,0.576,0.765,154,384,0.401
1630544,Tre Mann,1610612760,OKC,22.0,67,66,1.0,197,501,0.393,0.474,0.487,116,244,0.475,0.513,81,257,0.315
1627827,Dorian Finney-Smith,1610612751,BKN,30.0,66,66,1.0,196,501,0.391,0.505,0.325,82,163,0.503,0.675,114,338,0.337
1630529,Herbert Jones,1610612740,NOP,24.0,66,66,1.0,235,500,0.47,0.526,0.666,179,333,0.538,0.334,56,167,0.335
1628470,Torrey Craig,1610612756,PHX,32.0,79,79,1.0,228,500,0.456,0.556,0.492,128,246,0.52,0.508,100,254,0.394
1630168,Onyeka Okongwu,1610612737,ATL,22.0,80,79,1.0,317,497,0.638,0.642,0.974,313,484,0.647,0.026,4,13,0.308
1630228,Jonathan Kuminga,1610612744,GSW,20.0,67,66,1.0,261,497,0.525,0.579,0.706,207,351,0.59,0.294,54,146,0.37
1630559,Austin Reaves,1610612747,LAL,25.0,64,64,1.0,258,489,0.528,0.615,0.562,173,275,0.629,0.438,85,214,0.397
1630631,Jose Alvarado,1610612740,NOP,25.0,61,61,1.0,201,489,0.411,0.496,0.495,118,242,0.488,0.505,83,247,0.336
203937,Kyle Anderson,1610612750,MIN,29.0,68,65,1.0,249,488,0.51,0.553,0.791,207,386,0.536,0.209,42,102,0.412
200768,Kyle Lowry,1610612748,MIA,37.0,55,55,1.0,196,485,0.404,0.514,0.361,89,175,0.509,0.639,107,310,0.345
203486,Mason Plumlee,1610612746,LAC,33.0,79,79,1.0,328,483,0.679,0.679,1.0,328,483,0.679,0.0,0,0,
201143,Al Horford,1610612738,BOS,37.0,63,63,1.0,228,479,0.476,0.627,0.322,83,154,0.539,0.678,145,325,0.446
1629626,Bol Bol,1610612753,ORL,23.0,70,69,1.0,261,478,0.546,0.577,0.764,231,365,0.633,0.236,30,113,0.265
1629684,Grant Williams,1610612738,BOS,24.0,79,77,1.0,216,476,0.454,0.575,0.389,101,185,0.546,0.611,115,291,0.395
1629661,Cameron Johnson,1610612751,BKN,27.0,42,42,1.0,223,474,0.47,0.579,0.462,120,219,0.548,0.538,103,255,0.404
203493,Reggie Bullock Jr.,1610612742,DAL,32.0,78,78,1.0,192,470,0.409,0.569,0.155,41,73,0.562,0.845,151,397,0.38
203110,Draymond Green,1610612744,GSW,33.0,72,72,1.0,247,469,0.527,0.569,0.723,207,339,0.611,0.277,40,130,0.308
1629012,Collin Sexton,1610612762,UTA,24.0,48,48,1.0,237,469,0.505,0.557,0.74,189,347,0.545,0.26,48,122,0.393
1629627,Zion Williamson,1610612740,NOP,22.0,29,29,1.0,285,467,0.61,0.618,0.959,278,448,0.621,0.041,7,19,0.368
1628972,Troy Brown Jr.,1610612747,LAL,23.0,76,75,1.0,200,465,0.43,0.545,0.396,93,184,0.505,0.604,107,281,0.381
203082,Terrence Ross,1610612756,PHX,32.0,63,61,1.0,200,465,0.43,0.532,0.445,105,207,0.507,0.555,95,258,0.368
1626166,Cameron Payne,1610612756,PHX,28.0,48,48,1.0,188,453,0.415,0.49,0.592,120,268,0.448,0.408,68,185,0.368
1627814,Damion Lee,1610612756,PHX,30.0,74,73,1.0,200,452,0.442,0.564,0.454,90,205,0.439,0.546,110,247,0.445
1628372,Dennis Smith Jr.,1610612766,CHA,25.0,54,54,1.0,186,452,0.412,0.438,0.754,162,341,0.475,0.246,24,111,0.216
1629020,Jarred Vanderbilt,1610612747,LAL,24.0,78,78,1.0,247,451,0.548,0.58,0.8,218,361,0.604,0.2,29,90,0.322
202692,Alec Burks,1610612765,DET,31.0,50,50,1.0,198,450,0.44,0.549,0.478,100,215,0.465,0.522,98,235,0.417
1630560,Cam Thomas,1610612751,BKN,21.0,57,53,1.0,198,449,0.441,0.498,0.706,147,317,0.464,0.294,51,132,0.386
1629134,Kendrick Nunn,1610612764,WAS,27.0,70,69,1.0,190,449,0.423,0.511,0.503,111,226,0.491,0.497,79,223,0.354
203552,Seth Curry,1610612751,BKN,32.0,61,60,1.0,208,447,0.465,0.57,0.483,114,216,0.528,0.517,94,231,0.407
1629670,Jordan Nwora,1610612754,IND,24.0,62,60,1.0,194,445,0.436,0.533,0.526,108,234,0.462,0.474,86,211,0.408
1630591,Jalen Suggs,1610612753,ORL,22.0,53,53,1.0,186,445,0.418,0.492,0.546,120,243,0.494,0.454,66,202,0.327
1628966,Keita Bates-Diop,1610612759,SAS,27.0,64,59,1.0,219,436,0.502,0.561,0.7,168,305,0.551,0.3,51,131,0.389
203925,Joe Harris,1610612751,BKN,31.0,74,74,1.0,200,436,0.459,0.62,0.245,59,107,0.551,0.755,141,329,0.429
1630191,Isaiah Stewart,1610612765,DET,22.0,49,49,1.0,194,431,0.45,0.528,0.534,127,230,0.552,0.466,67,201,0.333
1628984,Devonte' Graham,1610612759,SAS,28.0,73,73,1.0,161,431,0.374,0.512,0.216,42,93,0.452,0.784,119,338,0.352
201567,Kevin Love,1610612748,MIA,34.0,62,62,1.0,165,424,0.389,0.506,0.302,66,128,0.516,0.698,99,296,0.334
1626192,Pat Connaughton,1610612749,MIL,30.0,61,60,1.0,165,421,0.392,0.521,0.235,56,99,0.566,0.765,109,322,0.339
1631223,David Roddy,1610612763,MEM,22.0,70,68,1.0,180,420,0.429,0.506,0.495,115,208,0.553,0.505,65,212,0.307
1630167,Obi Toppin,1610612752,NYK,25.0,67,67,1.0,187,419,0.446,0.548,0.411,102,172,0.593,0.589,85,247,0.344
1631117,Walker Kessler,1610612762,UTA,21.0,74,72,1.0,298,414,0.72,0.721,0.993,297,411,0.723,0.007,1,3,0.333
1629006,Josh Okogie,1610612756,PHX,24.0,72,65,1.0,162,414,0.391,0.471,0.524,96,217,0.442,0.476,66,197,0.335
1626157,Karl-Anthony Towns,1610612750,MIN,27.0,28,28,1.0,202,409,0.494,0.565,0.614,144,251,0.574,0.386,58,158,0.367
1626168,Trey Lyles,1610612758,SAC,27.0,74,72,1.0,187,408,0.458,0.565,0.412,100,168,0.595,0.588,87,240,0.363
203114,Khris Middleton,1610612749,MIL,31.0,33,33,1.0,177,406,0.436,0.499,0.601,126,244,0.516,0.399,51,162,0.315
1630173,Precious Achiuwa,1610612761,TOR,23.0,55,55,1.0,196,404,0.485,0.521,0.733,167,296,0.564,0.267,29,108,0.269
203506,Victor Oladipo,1610612748,MIA,31.0,42,42,1.0,160,403,0.397,0.484,0.474,90,191,0.471,0.526,70,212,0.33
1630558,Davion Mitchell,1610612758,SAC,24.0,80,80,1.0,181,399,0.454,0.533,0.506,118,202,0.584,0.494,63,197,0.32
1629021,Moritz Wagner,1610612753,ORL,26.0,57,56,1.0,198,396,0.5,0.564,0.588,147,233,0.631,0.412,51,163,0.313
1630573,Sam Hauser,1610612738,BOS,25.0,80,75,1.0,180,396,0.455,0.631,0.154,40,61,0.656,0.846,140,335,0.418
1629655,Daniel Gafford,1610612764,WAS,24.0,78,76,1.0,289,395,0.732,0.732,1.0,289,395,0.732,0.0,0,0,
1631105,Jalen Duren,1610612765,DET,19.0,66,65,1.0,253,393,0.644,0.644,0.995,253,391,0.647,0.005,0,2,0.0
1630534,Ochai Agbaji,1610612762,UTA,23.0,59,53,1.0,165,386,0.427,0.532,0.409,84,158,0.532,0.591,81,228,0.355
1630182,Josh Green,1610612742,DAL,22.0,60,59,1.0,205,382,0.537,0.626,0.558,137,213,0.643,0.442,68,169,0.402
1628379,Luke Kennard,1610612763,MEM,27.0,59,57,1.0,188,382,0.492,0.666,0.296,55,113,0.487,0.704,133,269,0.494
201587,Nicolas Batum,1610612746,LAC,34.0,78,77,1.0,160,381,0.42,0.583,0.168,36,64,0.563,0.832,124,317,0.391
1628963,Marvin Bagley III,1610612765,DET,24.0,42,42,1.0,201,379,0.53,0.555,0.826,182,313,0.581,0.174,19,66,0.288
1626172,Kevon Looney,1610612744,GSW,27.0,81,80,1.0,236,377,0.626,0.626,0.997,236,376,0.628,0.003,0,1,0.0
1627752,Taurean Prince,1610612750,MIN,29.0,53,53,1.0,173,370,0.468,0.564,0.489,102,181,0.564,0.511,71,189,0.376
1628418,Thomas Bryant,1610612743,DEN,25.0,59,59,1.0,230,369,0.623,0.659,0.84,204,310,0.658,0.16,26,59,0.441
1628977,Hamidou Diallo,1610612765,DET,24.0,55,55,1.0,208,367,0.567,0.574,0.943,203,346,0.587,0.057,5,21,0.238
1629056,Terence Davis,1610612758,SAC,26.0,64,63,1.0,154,364,0.423,0.545,0.332,65,121,0.537,0.668,89,243,0.366
203115,Will Barton,1610612761,TOR,32.0,56,53,1.0,139,364,0.382,0.474,0.505,72,184,0.391,0.495,67,180,0.372
1630598,Aaron Wiggins,1610612760,OKC,24.0,70,67,1.0,186,363,0.512,0.579,0.664,138,241,0.573,0.336,48,122,0.393
201976,Patrick Beverley,1610612741,CHI,34.0,67,67,1.0,143,359,0.398,0.508,0.337,64,121,0.529,0.663,79,238,0.332
1630171,Isaac Okoro,1610612739,CLE,22.0,76,74,1.0,175,354,0.494,0.582,0.517,113,183,0.617,0.483,62,171,0.363
1630692,Jordan Goodwin,1610612764,WAS,24.0,62,60,1.0,158,353,0.448,0.501,0.666,120,235,0.511,0.334,38,118,0.322
202709,Cory Joseph,1610612765,DET,31.0,62,61,1.0,150,351,0.427,0.527,0.487,80,171,0.468,0.513,70,180,0.389
1629634,Brandon Clarke,1610612763,MEM,26.0,56,56,1.0,229,349,0.656,0.658,0.983,228,343,0.665,0.017,1,6,0.167
1629026,Kenrich Williams,1610612760,OKC,28.0,53,53,1.0,179,346,0.517,0.59,0.613,129,212,0.608,0.387,50,134,0.373
1630164,James Wiseman,1610612765,DET,22.0,45,43,1.0,189,339,0.558,0.563,0.941,185,319,0.58,0.059,4,20,0.2
202322,John Wall,1610612746,LAC,32.0,34,34,1.0,138,338,0.408,0.457,0.678,105,229,0.459,0.322,33,109,0.303
1629111,Jock Landale,1610612756,PHX,27.0,69,66,1.0,178,337,0.528,0.559,0.751,157,253,0.621,0.249,21,84,0.25
1630702,Jaden Hardy,1610612742,DAL,20.0,48,47,1.0,146,333,0.438,0.533,0.532,83,177,0.469,0.468,63,156,0.404
1630537,Chris Duarte,1610612754,IND,26.0,46,46,1.0,123,333,0.369,0.452,0.477,68,159,0.428,0.523,55,174,0.316
201609,Goran Dragic,1610612749,MIL,37.0,57,56,1.0,140,332,0.422,0.5,0.566,88,188,0.468,0.434,52,144,0.361
1630528,Josh Christopher,1610612745,HOU,21.0,64,61,1.0,153,329,0.465,0.497,0.729,132,240,0.55,0.271,21,89,0.236
201145,Jeff Green,1610612743,DEN,36.0,56,56,1.0,160,328,0.488,0.534,0.683,130,224,0.58,0.317,30,104,0.288
1628392,Isaiah Hartenstein,1610612752,NYK,25.0,82,81,1.0,175,327,0.535,0.547,0.887,167,290,0.576,0.113,8,37,0.216
1630552,Jalen Johnson,1610612737,ATL,21.0,70,67,1.0,158,322,0.491,0.537,0.677,128,218,0.587,0.323,30,104,0.288
1629234,Drew Eubanks,1610612757,POR,26.0,77,74,1.0,205,321,0.639,0.645,0.956,201,307,0.655,0.044,4,14,0.286
1629723,John Konchar,1610612763,MEM,27.0,72,68,1.0,138,320,0.431,0.525,0.447,78,143,0.545,0.553,60,177,0.339
1629052,Oshae Brissett,1610612754,IND,25.0,65,62,1.0,123,319,0.386,0.461,0.514,75,164,0.457,0.486,48,155,0.31
1630543,Isaiah Jackson,1610612754,IND,21.0,63,59,1.0,179,318,0.563,0.566,0.956,177,304,0.582,0.044,2,14,0.143
1628995,Kevin Knox II,1610612757,POR,23.0,62,59,1.0,143,317,0.451,0.549,0.432,81,137,0.591,0.568,62,180,0.344
1629629,Cam Reddish,1610612757,POR,23.0,40,40,1.0,139,313,0.444,0.516,0.54,94,169,0.556,0.46,45,144,0.313
1631323,Simone Fontecchio,1610612762,UTA,27.0,52,47,1.0,115,312,0.369,0.47,0.388,52,121,0.43,0.612,63,191,0.33
1630570,Trendon Watford,1610612757,POR,22.0,61,60,1.0,174,311,0.559,0.6,0.797,149,248,0.601,0.203,25,63,0.397
1630208,Nick Richards,1610612766,CHA,25.0,65,62,1.0,195,310,0.629,0.631,0.997,194,309,0.628,0.003,1,1,1.0
1630237,Anthony Lamb,1610612744,GSW,25.0,61,60,1.0,143,307,0.466,0.58,0.365,73,112,0.652,0.635,70,195,0.359
203914,Gary Harris,1610612753,ORL,28.0,48,48,1.0,138,307,0.45,0.603,0.29,44,89,0.494,0.71,94,218,0.431
1630214,Xavier Tillman,1610612763,MEM,24.0,61,59,1.0,188,306,0.614,0.621,0.951,184,291,0.632,0.049,4,15,0.267
1626204,Larry Nance Jr.,1610612740,NOP,30.0,65,62,1.0,186,305,0.61,0.633,0.862,172,263,0.654,0.138,14,42,0.333
1629642,Nassir Little,1610612757,POR,23.0,54,53,1.0,134,303,0.442,0.538,0.479,76,145,0.524,0.521,58,158,0.367
1629013,Landry Shamet,1610612756,PHX,26.0,40,39,1.0,113,300,0.377,0.502,0.337,38,101,0.376,0.663,75,199,0.377
203488,Mike Muscala,1610612738,BOS,31.0,63,58,1.0,131,292,0.449,0.587,0.291,50,85,0.588,0.709,81,207,0.391
1626153,Delon Wright,1610612764,WAS,31.0,50,50,1.0,137,291,0.471,0.54,0.591,97,172,0.564,0.409,40,119,0.336
1631128,Christian Braun,1610612743,DEN,22.0,76,63,1.0,143,289,0.495,0.554,0.668,109,193,0.565,0.332,34,96,0.354
1630205,Lamar Stevens,1610612739,CLE,25.0,62,59,1.0,129,288,0.448,0.5,0.67,99,193,0.513,0.33,30,95,0.316
1629638,Nickeil Alexander-Walker,1610612750,MIN,24.0,58,54,1.0,125,287,0.436,0.535,0.463,68,133,0.511,0.537,57,154,0.37
200752,Rudy Gay,1610612762,UTA,36.0,56,55,1.0,109,287,0.38,0.437,0.547,76,157,0.484,0.453,33,130,0.254
1630587,Isaiah Livers,1610612765,DET,24.0,51,51,1.0,118,284,0.415,0.542,0.292,46,83,0.554,0.708,72,201,0.358
1627936,Alex Caruso,1610612741,CHI,29.0,66,64,1.0,129,282,0.457,0.555,0.468,74,132,0.561,0.532,55,150,0.367
1629011,Mitchell Robinson,1610612752,NYK,25.0,59,57,1.0,188,280,0.671,0.671,1.0,188,280,0.671,0.0,0,0,
203967,Dario Šarić,1610612760,OKC,29.0,57,54,1.0,127,277,0.458,0.54,0.585,82,162,0.506,0.415,45,115,0.391
203083,Andre Drummond,1610612741,CHI,29.0,67,62,1.0,166,274,0.606,0.606,0.989,166,271,0.613,0.011,0,3,0.0
203933,T.J. Warren,1610612756,PHX,29.0,42,39,1.0,132,270,0.489,0.53,0.752,110,203,0.542,0.248,22,67,0.328
203939,Dwight Powell,1610612742,DAL,31.0,76,71,1.0,197,269,0.732,0.732,0.981,197,264,0.746,0.019,0,5,0.0
1628410,Edmond Sumner,1610612751,BKN,27.0,53,49,1.0,124,269,0.461,0.519,0.677,93,182,0.511,0.323,31,87,0.356
203500,Steven Adams,1610612763,MEM,29.0,42,42,1.0,157,263,0.597,0.597,0.996,157,262,0.599,0.004,0,1,0.0
1629117,Wenyen Gabriel,1610612747,LAL,26.0,68,63,1.0,153,258,0.593,0.612,0.86,143,222,0.644,0.14,10,36,0.278
1630613,Duane Washington Jr.,1610612752,NYK,23.0,31,30,1.0,94,256,0.367,0.445,0.566,54,145,0.372,0.434,40,111,0.36
1629680,Matisse Thybulle,1610612757,POR,26.0,71,58,1.0,110,253,0.435,0.542,0.415,56,105,0.533,0.585,54,148,0.365
203210,JaMychal Green,1610612744,GSW,33.0,57,54,1.0,136,252,0.54,0.623,0.56,94,141,0.667,0.44,42,111,0.378
1630177,Theo Maledon,1610612766,CHA,22.0,44,41,1.0,101,252,0.401,0.456,0.627,73,158,0.462,0.373,28,94,0.298
1631109,Mark Williams,1610612766,CHA,21.0,43,41,1.0,160,251,0.637,0.637,1.0,160,251,0.637,0.0,0,0,
1630197,Aleksej Pokusevski,1610612760,OKC,21.0,34,34,1.0,108,249,0.434,0.51,0.582,70,145,0.483,0.418,38,104,0.365
1630526,Jeremiah Robinson-Earl,1610612760,OKC,22.0,43,41,1.0,110,248,0.444,0.518,0.552,73,137,0.533,0.448,37,111,0.333
204060,Joe Ingles,1610612749,MIL,35.0,46,46,1.0,108,248,0.435,0.603,0.181,25,45,0.556,0.819,83,203,0.409
1630202,Payton Pritchard,1610612738,BOS,25.0,48,44,1.0,101,245,0.412,0.527,0.371,45,91,0.495,0.629,56,154,0.364
1629641,Romeo Langford,1610612759,SAS,23.0,40,39,1.0,114,243,0.469,0.502,0.761,98,185,0.53,0.239,16,58,0.276
1630699,MarJon Beauchamp,1610612749,MIL,22.0,52,47,1.0,96,243,0.395,0.492,0.416,49,101,0.485,0.584,47,142,0.331
1629660,Ty Jerome,1610612744,GSW,25.0,45,42,1.0,118,242,0.488,0.56,0.628,83,152,0.546,0.372,35,90,0.389
1630201,Malachi Flynn,1610612761,TOR,25.0,53,50,1.0,87,242,0.36,0.457,0.45,40,109,0.367,0.55,47,133,0.353
1628964,Mo Bamba,1610612747,LAL,25.0,49,45,1.0,117,241,0.485,0.585,0.485,69,117,0.59,0.515,48,124,0.387
1630181,R.J. Hampton,1610612765,DET,22.0,47,42,1.0,102,237,0.43,0.517,0.511,61,121,0.504,0.489,41,116,0.353
1629130,Duncan Robinson,1610612748,MIA,29.0,42,41,1.0,88,237,0.371,0.504,0.19,25,45,0.556,0.81,63,192,0.328
1630227,Daishen Nix,1610612745,HOU,21.0,57,53,1.0,81,237,0.342,0.426,0.409,41,97,0.423,0.591,40,140,0.286
1630550,JT Thor,1610612766,CHA,20.0,69,61,1.0,94,236,0.398,0.479,0.487,56,115,0.487,0.513,38,121,0.314
1627732,Ben Simmons,1610612751,BKN,26.0,42,42,1.0,133,235,0.566,0.566,0.991,133,233,0.571,0.009,0,2,0.0
1631119,Jaylin Williams,1610612760,OKC,21.0,49,47,1.0,102,234,0.436,0.534,0.517,56,121,0.463,0.483,46,113,0.407
1630256,Jae'Sean Tate,1610612745,HOU,27.0,31,31,1.0,110,229,0.48,0.509,0.799,97,183,0.53,0.201,13,46,0.283
203496,Robert Covington,1610612746,LAC,32.0,48,45,1.0,102,229,0.445,0.563,0.406,48,93,0.516,0.594,54,136,0.397
1629139,Yuta Watanabe,1610612751,BKN,28.0,58,57,1.0,112,228,0.491,0.621,0.417,53,95,0.558,0.583,59,133,0.444
1630647,Eugene Omoruyi,1610612765,DET,26.0,40,38,1.0,101,228,0.443,0.498,0.61,76,139,0.547,0.39,25,89,0.281
1628427,Vlatko Čančar,1610612743,DEN,26.0,60,49,1.0,108,227,0.476,0.57,0.493,65,112,0.58,0.507,43,115,0.374
1630688,Ish Wainright,1610612756,PHX,28.0,60,53,1.0,84,227,0.37,0.496,0.238,27,54,0.5,0.762,57,173,0.329
200782,P.J. Tucker,1610612755,PHI,38.0,75,68,1.0,96,225,0.427,0.549,0.378,41,85,0.482,0.622,55,140,0.393
1627884,Derrick Jones Jr.,1610612741,CHI,26.0,63,56,1.0,110,224,0.491,0.551,0.647,83,145,0.572,0.353,27,79,0.342
1630595,Cade Cunningham,1610612765,DET,21.0,12,12,1.0,93,224,0.415,0.453,0.728,76,163,0.466,0.272,17,61,0.279
1630541,Moses Moody,1610612744,GSW,21.0,62,55,1.0,104,220,0.473,0.58,0.409,57,90,0.633,0.591,47,130,0.362
1628988,Aaron Holiday,1610612737,ATL,26.0,63,54,1.0,92,220,0.418,0.5,0.6,56,132,0.424,0.4,36,88,0.409
1629002,Chimezie Metu,1610612758,SAC,26.0,66,60,1.0,129,219,0.589,0.61,0.826,120,181,0.663,0.174,9,38,0.237
1627739,Kris Dunn,1610612762,UTA,29.0,22,22,1.0,116,216,0.537,0.576,0.833,99,180,0.55,0.167,17,36,0.472
1629312,Haywood Highsmith,1610612748,MIA,26.0,54,47,1.0,93,216,0.431,0.516,0.495,56,107,0.523,0.505,37,109,0.339
1630540,Miles McBride,1610612752,NYK,22.0,64,54,1.0,77,215,0.358,0.451,0.377,37,81,0.457,0.623,40,134,0.299
1626149,Montrezl Harrell,1610612755,PHI,29.0,57,52,1.0,125,209,0.598,0.598,0.971,125,203,0.616,0.029,0,6,0.0
1630194,Paul Reed,1610612755,PHI,24.0,69,56,1.0,124,209,0.593,0.596,0.971,123,203,0.606,0.029,1,6,0.167
203085,Austin Rivers,1610612750,MIN,30.0,52,48,1.0,91,209,0.435,0.538,0.411,48,86,0.558,0.589,43,123,0.35
1630572,Sandro Mamukelashvili,1610612759,SAS,24.0,41,39,1.0,88,209,0.421,0.488,0.555,60,116,0.517,0.445,28,93,0.301
1630700,Dyson Daniels,1610612740,NOP,20.0,59,54,1.0,87,209,0.416,0.481,0.589,60,123,0.488,0.411,27,86,0.314
202687,Bismack Biyombo,1610612756,PHX,30.0,61,54,1.0,119,206,0.578,0.578,1.0,119,206,0.578,0.0,0,0,
201988,Patty Mills,1610612751,BKN,34.0,40,39,1.0,84,205,0.41,0.524,0.366,37,75,0.493,0.634,47,130,0.362
203200,Justin Holiday,1610612742,DAL,34.0,46,45,1.0,77,204,0.377,0.49,0.299,31,61,0.508,0.701,46,143,0.322
1631121,Bryce McGowens,1610612766,CHA,20.0,46,42,1.0,80,202,0.396,0.46,0.604,54,122,0.443,0.396,26,80,0.325
1629726,Garrison Mathews,1610612737,ATL,26.0,54,51,1.0,73,201,0.363,0.52,0.104,10,21,0.476,0.896,63,180,0.35
1631104,Blake Wesley,1610612759,SAS,20.0,34,34,1.0,61,201,0.303,0.348,0.751,43,151,0.285,0.249,18,50,0.36
201152,Thaddeus Young,1610612761,TOR,35.0,54,49,1.0,108,198,0.545,0.561,0.828,102,164,0.622,0.172,6,34,0.176
1626159,Justise Winslow,1610612757,POR,27.0,29,28,1.0,81,198,0.409,0.444,0.773,67,153,0.438,0.227,14,45,0.311
1627863,Danuel House Jr.,1610612755,PHI,30.0,56,50,1.0,93,197,0.472,0.566,0.442,56,87,0.644,0.558,37,110,0.336
1630192,Zeke Nnaji,1610612743,DEN,22.0,53,46,1.0,110,196,0.561,0.605,0.668,93,131,0.71,0.332,17,65,0.262
1630533,Ziaire Williams,1610612763,MEM,21.0,37,34,1.0,84,196,0.429,0.492,0.505,59,99,0.596,0.495,25,97,0.258
1630547,James Bouknight,1610612766,CHA,22.0,34,30,1.0,69,188,0.367,0.455,0.436,36,82,0.439,0.564,33,106,0.311
1631133,Jabari Walker,1610612757,POR,20.0,55,47,1.0,79,186,0.425,0.468,0.71,63,132,0.477,0.29,16,54,0.296
1629647,Darius Bazley,1610612756,PHX,23.0,43,37,1.0,83,183,0.454,0.508,0.71,63,130,0.485,0.29,20,53,0.377
1631216,Caleb Houstan,1610612753,ORL,20.0,51,48,1.0,66,183,0.361,0.486,0.257,20,47,0.426,0.743,46,136,0.338
1631172,Ousmane Dieng,1610612760,OKC,20.0,39,38,1.0,76,181,0.42,0.492,0.459,50,83,0.602,0.541,26,98,0.265
1630322,Lindy Waters III,1610612760,OKC,25.0,41,39,1.0,70,178,0.393,0.556,0.09,12,16,0.75,0.91,58,162,0.358
1630553,Keon Johnson,1610612757,POR,21.0,40,37,1.0,67,178,0.376,0.455,0.545,39,97,0.402,0.455,28,81,0.346
201937,Ricky Rubio,1610612739,CLE,32.0,33,33,1.0,61,178,0.343,0.402,0.539,40,96,0.417,0.461,21,82,0.256
1630586,Usman Garuba,1610612745,HOU,21.0,75,66,1.0,86,177,0.486,0.554,0.667,62,118,0.525,0.333,24,59,0.407
1629731,Dean Wade,1610612739,CLE,26.0,44,40,1.0,73,177,0.412,0.54,0.282,28,50,0.56,0.718,45,127,0.354
1629004,Svi Mykhailiuk,1610612766,CHA,26.0,32,27,1.0,77,173,0.445,0.566,0.428,35,74,0.473,0.572,42,99,0.424
1630549,Day'Ron Sharpe,1610612751,BKN,21.0,48,41,1.0,93,171,0.544,0.561,0.936,87,160,0.544,0.064,6,11,0.545
1631098,Johnny Davis,1610612764,WAS,21.0,28,23,1.0,66,171,0.386,0.436,0.591,49,101,0.485,0.409,17,70,0.243
1629057,Robert Williams III,1610612738,BOS,25.0,35,34,1.0,127,170,0.747,0.747,0.994,127,169,0.751,0.006,0,1,0.0
1628436,Luke Kornet,1610612738,BOS,27.0,69,51,1.0,113,170,0.665,0.674,0.924,110,157,0.701,0.076,3,13,0.231
1626195,Willy Hernangomez,1610612740,NOP,29.0,38,35,1.0,89,169,0.527,0.536,0.935,86,158,0.544,0.065,3,11,0.273
1628467,Maxi Kleber,1610612742,DAL,31.0,37,36,1.0,77,169,0.456,0.571,0.337,38,57,0.667,0.663,39,112,0.348
201588,George Hill,1610612754,IND,37.0,46,40,1.0,78,166,0.47,0.572,0.428,44,71,0.62,0.572,34,95,0.358
203095,Evan Fournier,1610612752,NYK,30.0,27,27,1.0,56,166,0.337,0.443,0.313,21,52,0.404,0.687,35,114,0.307
202722,Dāvis Bertāns,1610612742,DAL,30.0,45,43,1.0,69,160,0.431,0.603,0.119,14,19,0.737,0.881,55,141,0.39
1631102,TyTy Washington Jr.,1610612745,HOU,21.0,31,30,1.0,58,160,0.363,0.422,0.5,39,80,0.488,0.5,19,80,0.238
202083,Wesley Matthews,1610612749,MIL,36.0,52,49,1.0,58,160,0.363,0.484,0.225,19,36,0.528,0.775,39,124,0.315
201565,Derrick Rose,1610612752,NYK,34.0,27,27,1.0,61,159,0.384,0.443,0.604,42,96,0.438,0.396,19,63,0.302
1629637,Jaxson Hayes,1610612740,NOP,23.0,47,42,1.0,86,156,0.551,0.561,0.814,83,127,0.654,0.186,3,29,0.103
203585,Rodney McGruder,1610612765,DET,31.0,32,28,1.0,62,152,0.408,0.543,0.362,21,55,0.382,0.638,41,97,0.423
203473,Dewayne Dedmon,1610612755,PHI,33.0,38,37,1.0,77,151,0.51,0.55,0.742,65,112,0.58,0.258,12,39,0.308
1629676,Isaiah Roby,1610612752,NYK,25.0,41,35,1.0,65,151,0.43,0.49,0.616,47,93,0.505,0.384,18,58,0.31
1631132,Christian Koloko,1610612761,TOR,23.0,58,50,1.0,72,150,0.48,0.483,0.92,71,138,0.514,0.08,1,12,0.083
1629599,Amir Coffey,1610612746,LAC,26.0,50,34,1.0,56,145,0.386,0.424,0.724,45,105,0.429,0.276,11,40,0.275
1629308,Juan Toscano-Anderson,1610612762,UTA,30.0,52,45,1.0,64,143,0.448,0.476,0.699,56,100,0.56,0.301,8,43,0.186
1629162,Jordan McLaughlin,1610612750,MIN,27.0,42,42,1.0,60,143,0.42,0.5,0.462,37,66,0.561,0.538,23,77,0.299
1629646,Charles Bassey,1610612759,SAS,22.0,35,31,1.0,87,135,0.644,0.656,0.941,84,127,0.661,0.059,3,8,0.375
1630264,Anthony Gill,1610612764,WAS,30.0,59,44,1.0,71,132,0.538,0.553,0.78,67,103,0.65,0.22,4,29,0.138
1628373,Frank Ntilikina,1610612742,DAL,24.0,47,38,1.0,48,132,0.364,0.428,0.492,31,65,0.477,0.508,17,67,0.254
1630625,Dalano Banton,1610612761,TOR,23.0,31,29,1.0,55,131,0.42,0.477,0.611,40,80,0.5,0.389,15,51,0.294
202397,Ish Smith,1610612743,DEN,34.0,43,31,1.0,52,131,0.397,0.405,0.908,50,119,0.42,0.092,2,12,0.167
201933,Blake Griffin,1610612738,BOS,34.0,41,34,1.0,63,130,0.485,0.573,0.492,40,64,0.625,0.508,23,66,0.348
201580,JaVale McGee,1610612742,DAL,35.0,42,39,1.0,80,125,0.64,0.648,0.96,78,120,0.65,0.04,2,5,0.4
1629048,Goga Bitadze,1610612753,ORL,23.0,38,33,1.0,69,125,0.552,0.576,0.792,63,99,0.636,0.208,6,26,0.231
201959,Taj Gibson,1610612764,WAS,38.0,49,43,1.0,65,125,0.52,0.552,0.808,57,101,0.564,0.192,8,24,0.333
1631260,AJ Green,1610612749,MIL,23.0,35,27,1.0,53,125,0.424,0.6,0.16,9,20,0.45,0.84,44,105,0.419
1629678,Admiral Schofield,1610612753,ORL,26.0,37,29,1.0,55,122,0.451,0.549,0.393,31,48,0.646,0.607,24,74,0.324
1630527,Brandon Boston,1610612746,LAC,21.0,22,20,1.0,51,122,0.418,0.467,0.762,39,93,0.419,0.238,12,29,0.414
1629643,Chuma Okeke,1610612753,ORL,24.0,27,27,1.0,43,122,0.352,0.459,0.295,17,36,0.472,0.705,26,86,0.302
1626169,Stanley Johnson,1610612759,SAS,27.0,29,29,1.0,64,121,0.529,0.603,0.669,46,81,0.568,0.331,18,40,0.45
1630240,Saben Lee,1610612756,PHX,24.0,25,22,1.0,49,121,0.405,0.45,0.752,38,91,0.418,0.248,11,30,0.367
1630539,Kai Jones,1610612766,CHA,22.0,46,39,1.0,67,120,0.558,0.575,0.842,63,101,0.624,0.158,4,19,0.211
201599,DeAndre Jordan,1610612743,DEN,34.0,39,37,1.0,88,115,0.765,0.77,0.991,87,114,0.763,0.009,1,1,1.0
202693,Markieff Morris,1610612742,DAL,33.0,35,33,1.0,47,115,0.409,0.53,0.383,19,44,0.432,0.617,28,71,0.394
1627823,Juancho Hernangomez,1610612761,TOR,27.0,42,34,1.0,48,114,0.421,0.496,0.412,31,47,0.66,0.588,17,67,0.254
1628981,Bruno Fernando,1610612737,ATL,24.0,39,35,1.0,59,112,0.527,0.527,0.964,59,108,0.546,0.036,0,4,0.0
1630568,Luka Garza,1610612750,MIN,24.0,27,25,1.0,61,111,0.55,0.613,0.658,47,73,0.644,0.342,14,38,0.368
1627788,Furkan Korkmaz,1610612755,PHI,25.0,37,30,1.0,48,111,0.432,0.514,0.586,30,65,0.462,0.414,18,46,0.391
203526,Raul Neto,1610612739,CLE,31.0,48,36,1.0,57,110,0.518,0.573,0.618,45,68,0.662,0.382,12,42,0.286
1631116,Patrick Baldwin Jr.,1610612744,GSW,20.0,31,24,1.0,43,109,0.394,0.541,0.229,11,25,0.44,0.771,32,84,0.381
203476,Gorgui Dieng,1610612759,SAS,33.0,30,26,1.0,42,109,0.385,0.477,0.339,22,37,0.595,0.661,20,72,0.278
1629750,Javonte Green,1610612741,CHI,29.0,32,29,1.0,61,108,0.565,0.625,0.676,48,73,0.658,0.324,13,35,0.371
1630579,Jericho Sims,1610612752,NYK,24.0,52,39,1.0,83,107,0.776,0.776,0.991,83,106,0.783,0.009,0,1,0.0
1630284,Kevon Harris,1610612753,ORL,26.0,34,29,1.0,47,107,0.439,0.514,0.598,31,64,0.484,0.402,16,43,0.372
1630346,Matt Ryan,1610612750,MIN,26.0,33,26,1.0,40,107,0.374,0.523,0.224,8,24,0.333,0.776,32,83,0.386
1631108,Max Christie,1610612747,LAL,20.0,41,32,1.0,44,106,0.415,0.538,0.415,18,44,0.409,0.585,26,62,0.419
1630548,Johnny Juzang,1610612762,UTA,22.0,18,18,1.0,35,104,0.337,0.409,0.394,20,41,0.488,0.606,15,63,0.238
1630577,Julian Champagnie,1610612759,SAS,22.0,15,15,1.0,43,100,0.43,0.545,0.36,20,36,0.556,0.64,23,64,0.359
1630593,McKinley Wright IV,1610612742,DAL,24.0,27,22,1.0,46,98,0.469,0.515,0.714,37,70,0.529,0.286,9,28,0.321
1629650,Moses Brown,1610612751,BKN,23.0,36,28,1.0,61,96,0.635,0.635,1.0,61,96,0.635,0.0,0,0,
1631222,Jake LaRavia,1610612763,MEM,21.0,35,27,1.0,37,95,0.389,0.516,0.253,13,24,0.542,0.747,24,71,0.338
203109,Jae Crowder,1610612749,MIL,32.0,18,18,1.0,45,94,0.479,0.606,0.415,21,39,0.538,0.585,24,55,0.436
1631254,Kenneth Lofton Jr.,1610612763,MEM,20.0,24,21,1.0,49,93,0.527,0.559,0.817,43,76,0.566,0.183,6,17,0.353
1630556,Kessler Edwards,1610612758,SAC,22.0,36,30,1.0,36,93,0.387,0.478,0.409,19,38,0.5,0.591,17,55,0.309
1626158,Richaun Holmes,1610612758,SAC,29.0,42,32,1.0,55,89,0.618,0.646,0.91,50,81,0.617,0.09,5,8,0.625
1631115,Orlando Robinson,1610612748,MIA,22.0,31,28,1.0,47,89,0.528,0.528,0.933,47,83,0.566,0.067,0,6,0.0
1630184,Kira Lewis Jr.,1610612740,NOP,22.0,25,21,1.0,40,88,0.455,0.54,0.614,25,54,0.463,0.386,15,34,0.441
1629033,Theo Pinson,1610612742,DAL,27.0,40,24,1.0,31,87,0.356,0.483,0.287,9,25,0.36,0.713,22,62,0.355
1627745,Damian Jones,1610612762,UTA,28.0,41,27,1.0,55,86,0.64,0.698,0.802,45,69,0.652,0.198,10,17,0.588
1628432,Davon Reed,1610612747,LAL,28.0,43,29,1.0,28,84,0.333,0.435,0.452,11,38,0.289,0.548,17,46,0.37
1631113,Kennedy Chandler,1610612763,MEM,20.0,36,26,1.0,35,83,0.422,0.434,0.819,33,68,0.485,0.181,2,15,0.133
1627854,Bryn Forbes,1610612750,MIN,29.0,25,23,1.0,30,83,0.361,0.446,0.446,16,37,0.432,0.554,14,46,0.304
1630233,Nathan Knight,1610612750,MIN,25.0,37,25,1.0,45,80,0.563,0.613,0.725,37,58,0.638,0.275,8,22,0.364
1630561,David Duke Jr.,1610612751,BKN,23.0,23,19,1.0,36,78,0.462,0.468,0.846,35,66,0.53,0.154,1,12,0.083
1631230,Dominick Barlow,1610612759,SAS,20.0,26,23,1.0,42,76,0.553,0.553,0.947,42,72,0.583,0.053,0,4,0.0
201577,Robin Lopez,1610612739,CLE,35.0,37,27,1.0,48,75,0.64,0.653,0.947,46,71,0.648,0.053,2,4,0.5
1630678,Terry Taylor,1610612741,CHI,23.0,31,24,1.0,39,75,0.52,0.553,0.747,34,56,0.607,0.253,5,19,0.263
1628962,Udoka Azubuike,1610612762,UTA,23.0,36,24,1.0,59,72,0.819,0.819,1.0,59,72,0.819,0.0,0,0,
1631207,Dalen Terry,1610612741,CHI,20.0,37,26,1.0,30,70,0.429,0.479,0.614,23,43,0.535,0.386,7,27,0.259
1627780,Gary Payton II,1610612744,GSW,30.0,22,20,1.0,41,69,0.594,0.688,0.623,28,43,0.651,0.377,13,26,0.5
1631107,Nikola Jović,1610612748,MIA,20.0,15,13,1.0,28,69,0.406,0.464,0.493,20,34,0.588,0.507,8,35,0.229
1631288,Jamal Cain,1610612748,MIA,24.0,18,16,1.0,37,66,0.561,0.614,0.697,30,46,0.652,0.303,7,20,0.35
1626163,Frank Kaminsky,1610612745,HOU,30.0,36,24,1.0,31,63,0.492,0.595,0.476,18,30,0.6,0.524,13,33,0.394
1630219,Skylar Mays,1610612757,POR,25.0,5,5,1.0,30,61,0.492,0.582,0.623,19,38,0.5,0.377,11,23,0.478
1626246,Boban Marjanović,1610612745,HOU,34.0,31,23,1.0,41,60,0.683,0.683,0.983,41,59,0.695,0.017,0,1,0.0
1630235,Trent Forrest,1610612737,ATL,25.0,23,19,1.0,25,60,0.417,0.417,0.967,25,58,0.431,0.033,0,2,0.0
203469,Cody Zeller,1610612748,MIA,30.0,15,15,1.0,37,59,0.627,0.627,0.966,37,57,0.649,0.034,0,2,0.0
1631212,Peyton Watson,1610612743,DEN,20.0,23,18,1.0,29,59,0.492,0.542,0.763,23,45,0.511,0.237,6,14,0.429
1629677,Luka Samanic,1610612762,UTA,23.0,7,7,1.0,26,57,0.456,0.526,0.456,18,26,0.692,0.544,8,31,0.258
1630288,Jeff Dowtin Jr.,1610612761,TOR,26.0,25,18,1.0,25,57,0.439,0.482,0.719,20,41,0.488,0.281,5,16,0.313
202689,Kemba Walker,1610612742,DAL,33.0,9,9,1.0,24,57,0.421,0.482,0.509,17,29,0.586,0.491,7,28,0.25
201586,Serge Ibaka,1610612749,MIL,33.0,16,16,1.0,26,54,0.481,0.537,0.667,20,36,0.556,0.333,6,18,0.333
1628371,Jonathan Isaac,1610612753,ORL,25.0,11,11,1.0,22,53,0.415,0.472,0.717,16,38,0.421,0.283,6,15,0.4
1629603,Mamadi Diakite,1610612739,CLE,26.0,22,19,1.0,24,50,0.48,0.55,0.58,17,29,0.586,0.42,7,21,0.333
203521,Matthew Dellavedova,1610612758,SAC,32.0,32,21,1.0,17,50,0.34,0.43,0.46,8,23,0.348,0.54,9,27,0.333
201949,James Johnson,1610612754,IND,36.0,18,14,1.0,22,49,0.449,0.48,0.694,19,34,0.559,0.306,3,15,0.2
201980,Danny Green,1610612739,CLE,36.0,11,10,1.0,22,49,0.449,0.612,0.245,6,12,0.5,0.755,16,37,0.432
1631217,Moussa Diabaté,1610612746,LAC,21.0,22,15,1.0,24,47,0.511,0.521,0.957,23,45,0.511,0.043,1,2,0.5
203648,Thanasis Antetokounmpo,1610612749,MIL,30.0,37,17,1.0,20,46,0.435,0.435,0.826,20,38,0.526,0.174,0,8,0.0
202066,Garrett Temple,1610612740,NOP,37.0,25,21,1.0,18,45,0.4,0.522,0.422,7,19,0.368,0.578,11,26,0.423
1630696,Dru Smith,1610612751,BKN,25.0,15,12,1.0,18,45,0.4,0.456,0.578,13,26,0.5,0.422,5,19,0.263
1630639,A.J. Lawson,1610612742,DAL,22.0,15,12,1.0,22,44,0.5,0.614,0.432,12,19,0.632,0.568,10,25,0.4
1628464,Daniel Theis,1610612754,IND,31.0,7,7,1.0,21,44,0.477,0.5,0.75,19,33,0.576,0.25,2,11,0.182
1631197,Jared Rhoden,1610612765,DET,23.0,14,12,1.0,17,44,0.386,0.443,0.545,12,24,0.5,0.455,5,20,0.25
1631111,Wendell Moore Jr.,1610612750,MIN,21.0,28,21,1.0,18,43,0.419,0.442,0.605,16,26,0.615,0.395,2,17,0.118
1629633,Jarrett Culver,1610612737,ATL,24.0,10,9,1.0,17,43,0.395,0.407,0.721,16,31,0.516,0.279,1,12,0.083
1631245,Quenton Jackson,1610612764,WAS,24.0,9,9,1.0,19,42,0.452,0.464,0.714,18,30,0.6,0.286,1,12,0.083
1631219,John Butler Jr.,1610612757,POR,20.0,18,11,1.0,13,42,0.31,0.381,0.31,7,13,0.538,0.69,6,29,0.207
1630554,Jason Preston,1610612746,LAC,23.0,14,12,1.0,18,41,0.439,0.5,0.561,13,23,0.565,0.439,5,18,0.278
1631246,Vince Williams Jr.,1610612763,MEM,22.0,15,12,1.0,12,40,0.3,0.35,0.3,8,12,0.667,0.7,4,28,0.143
1629644,KZ Okpala,1610612758,SAC,24.0,35,18,1.0,16,38,0.421,0.513,0.447,9,17,0.529,0.553,7,21,0.333
1629623,Lindell Wigginton,1610612749,MIL,25.0,7,5,1.0,18,37,0.486,0.568,0.514,12,19,0.632,0.486,6,18,0.333
1630249,Vít Krejčí,1610612737,ATL,23.0,29,18,1.0,15,37,0.405,0.473,0.432,10,16,0.625,0.568,5,21,0.238
1627853,Ryan Arcidiacono,1610612757,POR,29.0,20,11,1.0,9,37,0.243,0.351,0.378,1,14,0.071,0.622,8,23,0.348
1628998,Cody Martin,1610612766,CHA,27.0,7,6,1.0,14,36,0.389,0.431,0.611,11,22,0.5,0.389,3,14,0.214
203457,Nerlens Noel,1610612751,BKN,29.0,17,15,1.0,13,36,0.361,0.375,0.944,12,34,0.353,0.056,1,2,0.5
1630531,Jaden Springer,1610612755,PHI,20.0,16,14,1.0,17,35,0.486,0.514,0.857,15,30,0.5,0.143,2,5,0.4
1631169,Josh Minott,1610612750,MIN,20.0,14,11,1.0,18,34,0.529,0.559,0.824,16,28,0.571,0.176,2,6,0.333
1628408,PJ Dozier,1610612758,SAC,26.0,16,11,1.0,10,33,0.303,0.333,0.515,8,17,0.471,0.485,2,16,0.125
203920,Khem Birch,1610612759,SAS,30.0,20,15,1.0,19,32,0.594,0.609,0.938,18,30,0.6,0.063,1,2,0.5
1630215,Jared Butler,1610612760,OKC,22.0,6,5,1.0,15,32,0.469,0.578,0.563,8,18,0.444,0.438,7,14,0.5
203458,Alex Len,1610612758,SAC,30.0,26,15,1.0,16,30,0.533,0.533,0.933,16,28,0.571,0.067,0,2,0.0
1630846,Olivier Sarr,1610612760,OKC,24.0,9,7,1.0,15,30,0.5,0.517,0.733,14,22,0.636,0.267,1,8,0.125
203490,Otto Porter Jr.,1610612761,TOR,30.0,8,8,1.0,15,30,0.5,0.6,0.433,9,13,0.692,0.567,6,17,0.353
1631466,Nate Williams,1610612757,POR,24.0,4,4,1.0,16,29,0.552,0.603,0.759,13,22,0.591,0.241,3,7,0.429
203086,Meyers Leonard,1610612749,MIL,31.0,9,9,1.0,14,29,0.483,0.603,0.379,7,11,0.636,0.621,7,18,0.389
2617,Udonis Haslem,1610612748,MIA,43.0,7,7,1.0,10,29,0.345,0.397,0.69,7,20,0.35,0.31,3,9,0.333
1630243,Trevelin Queen,1610612754,IND,26.0,7,7,1.0,7,29,0.241,0.276,0.483,5,14,0.357,0.517,2,15,0.133
1641645,Xavier Cooks,1610612764,WAS,27.0,10,6,1.0,17,28,0.607,0.607,0.964,17,27,0.63,0.036,0,1,0.0
1630600,Isaiah Mobley,1610612739,CLE,23.0,12,8,1.0,12,28,0.429,0.482,0.714,9,20,0.45,0.286,3,8,0.375
1627885,Shaquille Harrison,1610612747,LAL,29.0,4,4,1.0,12,28,0.429,0.482,0.714,9,20,0.45,0.286,3,8,0.375
1630535,Greg Brown III,1610612757,POR,21.0,16,12,1.0,11,28,0.393,0.411,0.75,10,21,0.476,0.25,1,7,0.143
1631160,Jordan Hall,1610612759,SAS,21.0,9,8,1.0,9,28,0.321,0.375,0.464,6,13,0.462,0.536,3,15,0.2
1630209,Omer Yurtseven,1610612748,MIA,25.0,9,9,1.0,16,27,0.593,0.648,0.741,13,20,0.65,0.259,3,7,0.429
1628382,Justin Jackson,1610612738,BOS,28.0,23,15,1.0,7,27,0.259,0.352,0.259,2,7,0.286,0.741,5,20,0.25
1631205,Buddy Boeheim,1610612765,DET,23.0,10,7,1.0,5,27,0.185,0.259,0.074,1,2,0.5,0.926,4,25,0.16
1630563,Joshua Primo,1610612759,SAS,20.0,4,4,1.0,9,26,0.346,0.404,0.538,6,14,0.429,0.462,3,12,0.25
1630643,Jay Huff,1610612764,WAS,25.0,7,5,1.0,15,25,0.6,0.72,0.52,9,13,0.692,0.48,6,12,0.5
203943,Noah Vonleh,1610612738,BOS,27.0,23,10,1.0,11,24,0.458,0.479,0.833,10,20,0.5,0.167,1,4,0.25
1631213,Tyrese Martin,1610612737,ATL,24.0,16,11,1.0,9,23,0.391,0.413,0.696,8,16,0.5,0.304,1,7,0.143
1630241,Sam Merrill,1610612739,CLE,27.0,5,5,1.0,9,22,0.409,0.523,0.182,4,4,1.0,0.818,5,18,0.278
1628221,Gabe York,1610612754,IND,29.0,3,3,1.0,8,21,0.381,0.524,0.143,2,3,0.667,0.857,6,18,0.333
1630644,Mac McClung,1610612755,PHI,24.0,2,2,1.0,9,20,0.45,0.55,0.45,5,9,0.556,0.55,4,11,0.364
1631157,Ryan Rollins,1610612744,GSW,20.0,12,9,1.0,7,20,0.35,0.425,0.55,4,11,0.364,0.45,3,9,0.333
1631298,Jack White,1610612743,DEN,25.0,17,9,1.0,8,19,0.421,0.5,0.526,5,10,0.5,0.474,3,9,0.333
1631120,JD Davison,1610612738,BOS,20.0,12,7,1.0,8,19,0.421,0.474,0.632,6,12,0.5,0.368,2,7,0.286
1630195,Leandro Bolmaro,1610612762,UTA,22.0,14,11,1.0,3,19,0.158,0.158,0.789,3,15,0.2,0.211,0,4,0.0
1630225,Isaiah Todd,1610612764,WAS,21.0,6,5,1.0,3,18,0.167,0.194,0.444,2,8,0.25,0.556,1,10,0.1
1631199,Ron Harper Jr.,1610612761,TOR,23.0,9,8,1.0,8,16,0.5,0.594,0.438,5,7,0.714,0.563,3,9,0.333
1631165,Keon Ellis,1610612758,SAC,23.0,16,8,1.0,7,16,0.438,0.625,0.25,1,4,0.25,0.75,6,12,0.5
1630695,Micah Potter,1610612762,UTA,25.0,7,4,1.0,10,15,0.667,0.8,0.533,6,8,0.75,0.467,4,7,0.571
1630551,Justin Champagnie,1610612738,BOS,22.0,5,3,1.0,5,15,0.333,0.367,0.667,4,10,0.4,0.333,1,5,0.2
1631303,Justin Minaya,1610612757,POR,24.0,3,3,1.0,4,15,0.267,0.333,0.4,2,6,0.333,0.6,2,9,0.222
1629714,Jarrell Brantley,1610612762,UTA,27.0,4,3,1.0,8,14,0.571,0.714,0.357,4,5,0.8,0.643,4,9,0.444
203487,Michael Carter-Williams,1610612753,ORL,31.0,4,3,1.0,6,14,0.429,0.464,0.786,5,11,0.455,0.214,1,3,0.333
1631123,Jamaree Bouyea,1610612764,WAS,24.0,5,4,1.0,6,14,0.429,0.5,0.571,4,8,0.5,0.429,2,6,0.333
1630637,Carlik Jones,1610612741,CHI,25.0,6,4,1.0,5,14,0.357,0.464,0.571,2,8,0.25,0.429,3,6,0.5
1630580,Joe Wieskamp,1610612761,TOR,23.0,9,4,1.0,3,14,0.214,0.321,0.143,0,2,0.0,0.857,3,12,0.25
1629663,Louis King,1610612755,PHI,24.0,1,1,1.0,8,13,0.615,0.769,0.385,4,5,0.8,0.615,4,8,0.5
1630267,Facundo Campazzo,1610612742,DAL,32.0,8,4,1.0,3,13,0.231,0.346,0.154,0,2,0.0,0.846,3,11,0.273
1630564,RaiQuan Gray,1610612751,BKN,23.0,1,1,1.0,6,12,0.5,0.583,0.583,4,7,0.571,0.417,2,5,0.4
2738,Andre Iguodala,1610612744,GSW,39.0,7,6,1.0,5,12,0.417,0.417,0.417,5,5,1.0,0.583,0,7,0.0
1630620,Darius Days,1610612745,HOU,23.0,4,4,1.0,5,12,0.417,0.542,0.167,2,2,1.0,0.833,3,10,0.3
1630590,Scotty Pippen Jr.,1610612747,LAL,22.0,6,5,1.0,4,12,0.333,0.375,0.75,3,9,0.333,0.25,1,3,0.333
1628396,Tony Bradley,1610612741,CHI,25.0,11,8,1.0,6,11,0.545,0.682,0.545,3,6,0.5,0.455,3,5,0.6
1630270,Xavier Sneed,1610612766,CHA,25.0,4,4,1.0,5,10,0.5,0.65,0.4,2,4,0.5,0.6,3,6,0.5
1629674,Neemias Queta,1610612758,SAC,23.0,5,3,1.0,6,9,0.667,0.667,1.0,6,9,0.667,0.0,0,0,
1629875,Xavier Moon,1610612746,LAC,28.0,4,3,1.0,3,9,0.333,0.389,0.667,2,6,0.333,0.333,1,3,0.333
1631306,Cole Swider,1610612747,LAL,24.0,7,4,1.0,3,9,0.333,0.5,0.111,0,1,0.0,0.889,3,8,0.375
1631309,Trevor Hudgins,1610612745,HOU,24.0,5,2,1.0,2,9,0.222,0.333,0.111,0,1,0.0,0.889,2,8,0.25
1629653,Devon Dotson,1610612764,WAS,23.0,6,5,1.0,1,9,0.111,0.167,0.667,0,6,0.0,0.333,1,3,0.333
1630176,Vernon Carey Jr.,1610612762,UTA,22.0,11,5,1.0,2,8,0.25,0.25,1.0,2,8,0.25,0.0,0,0,
1630206,Jay Scrubb,1610612753,ORL,22.0,2,2,1.0,5,7,0.714,0.857,0.714,3,5,0.6,0.286,2,2,1.0
1631112,Kendall Brown,1610612754,IND,20.0,6,4,1.0,4,7,0.571,0.571,0.857,4,6,0.667,0.143,0,1,0.0
1630250,Marko Simonovic,1610612741,CHI,23.0,6,4,1.0,2,7,0.286,0.357,0.429,1,3,0.333,0.571,1,4,0.25
1629662,Mfiondu Kabengele,1610612738,BOS,25.0,4,3,1.0,2,7,0.286,0.286,0.571,2,4,0.5,0.429,0,3,0.0
1628993,Alize Johnson,1610612759,SAS,27.0,4,2,1.0,3,6,0.5,0.5,0.667,3,4,0.75,0.333,0,2,0.0
1628424,Kobi Simmons,1610612766,CHA,25.0,5,3,1.0,1,6,0.167,0.25,0.167,0,1,0.0,0.833,1,5,0.2
1628416,Tyler Dorsey,1610612742,DAL,27.0,3,2,1.0,4,5,0.8,0.9,0.6,3,3,1.0,0.4,1,2,0.5
1628435,Chance Comanche,1610612757,POR,27.0,1,1,1.0,3,5,0.6,0.6,1.0,3,5,0.6,0.0,0,0,
1631220,Dereon Seabron,1610612740,NOP,23.0,5,3,1.0,2,5,0.4,0.4,1.0,2,5,0.4,0.0,0,0,
1631311,Lester Quinones,1610612744,GSW,22.0,4,3,1.0,2,5,0.4,0.6,0.2,0,1,0.0,0.8,2,4,0.5
1631495,Donovan Williams,1610612737,ATL,21.0,2,2,1.0,2,5,0.4,0.4,0.6,2,3,0.667,0.4,0,2,0.0
1630792,Malcolm Hill,1610612741,CHI,27.0,4,1,1.0,2,4,0.5,0.625,0.25,1,1,1.0,0.75,1,3,0.333
1631211,Trevor Keels,1610612752,NYK,19.0,3,3,1.0,1,4,0.25,0.375,0.0,0,0,,1.0,1,4,0.25
1628425,Sterling Brown,1610612747,LAL,28.0,4,2,1.0,0,4,0.0,0.0,0.5,0,2,0.0,0.5,0,2,0.0
1629685,Dylan Windler,1610612739,CLE,26.0,3,2,1.0,2,3,0.667,0.833,0.333,1,1,1.0,0.667,1,2,0.5
1631367,Jacob Gilyard,1610612763,MEM,24.0,1,1,1.0,1,3,0.333,0.5,0.0,0,0,,1.0,1,3,0.333
1628402,Frank Jackson,1610612762,UTA,25.0,1,1,1.0,0,3,0.0,0.0,0.667,0,2,0.0,0.333,0,1,0.0
1630648,Jordan Schakel,1610612764,WAS,25.0,2,1,1.0,1,2,0.5,0.75,0.5,0,1,0.0,0.5,1,1,1.0
1631320,Chima Moneke,1610612758,SAC,27.0,2,2,1.0,1,2,0.5,0.5,1.0,1,2,0.5,0.0,0,0,
1629126,Deonte Burton,1610612758,SAC,29.0,2,2,1.0,0,2,0.0,0.0,0.5,0,1,0.0,0.5,0,1,0.0
1629735,Chris Silva,1610612742,DAL,26.0,1,1,1.0,1,1,1.0,1.0,1.0,1,1,1.0,0.0,0,0,
1630296,Braxton Key,1610612765,DET,26.0,3,1,1.0,1,1,1.0,1.0,1.0,1,1,1.0,0.0,0,0,
1630649,Stanley Umude,1610612765,DET,24.0,1,1,1.0,0,1,0.0,0.0,0.0,0,0,,1.0,0,1,0.0
