season,player_id,player,nickname,team_id,team,team_name,game_id,game_date,matchup,wl,min,pts_off_tov,pts_2nd_chance,pts_fb,pts_paint,opp_pts_off_tov,opp_pts_2nd_chance,opp_pts_fb,opp_pts_paint,blk,blka,pf,pfd,nba_fantasy_pts,gp_rank,w_rank,l_rank,w_pct_rank,min_rank,pts_off_tov_rank,pts_2nd_chance_rank,pts_fb_rank,pts_paint_rank,opp_pts_off_tov_rank,opp_pts_2nd_chance_rank,opp_pts_fb_rank,opp_pts_paint_rank,blk_rank,blka_rank,pf_rank,pfd_rank,nba_fantasy_pts_rank,available_flag,min_sec,season_start,season_end
2022-23,1631254,Kenneth Lofton Jr.,Kenneth,1610612763,MEM,Memphis Grizzlies,22201226,2023-04-09T00:00:00,MEM @ OKC,L,40.35,2.4,10.7,2.4,35.7,15.5,14.3,15.5,64.2,0.0,1.2,3.6,10.7,71.1,1,12947,12947,12947,547,11676,1306,9898,289,12461,14902,16190,4588,7930,17663,12695,1207,1942,1,40:21,2022,2023
2022-23,1631223,David Roddy,David,1610612763,MEM,Memphis Grizzlies,22201226,2023-04-09T00:00:00,MEM @ OKC,L,42.56166666666667,4.5,0.0,0.0,6.8,14.7,10.1,16.9,63.2,0.0,1.1,1.1,1.1,27.4,1,12947,12947,12947,212,7501,10381,10252,14225,11543,10134,17565,5025,7930,17545,5215,17910,20149,1,42:34,2022,2023
2022-23,1631367,Jacob Gilyard,Jacob,1610612763,MEM,Memphis Grizzlies,22201226,2023-04-09T00:00:00,MEM @ OKC,L,40.78333333333333,0.0,0.0,0.0,0.0,12.9,14.1,15.3,61.2,0.0,0.0,3.5,0.0,29.8,1,12947,12947,12947,455,12084,10381,10252,19499,9648,14726,15998,5839,7930,1,12605,17929,19118,1,40:47,2022,2023
2022-23,1631246,Vince Williams Jr.,Vince,1610612763,MEM,Memphis Grizzlies,22201226,2023-04-09T00:00:00,MEM @ OKC,L,48.0,5.0,0.0,2.0,10.0,13.0,12.0,15.0,60.0,1.0,0.0,5.0,3.0,31.1,1,12947,12947,12947,19,6701,10381,10038,10411,9713,12281,15688,6394,7924,1,17165,12513,18541,1,48:00,2022,2023
2022-23,1630533,Ziaire Williams,Ziaire,1610612763,MEM,Memphis Grizzlies,22201226,2023-04-09T00:00:00,MEM @ OKC,L,32.65,4.4,0.0,2.9,11.8,2.9,14.7,8.8,52.9,1.5,0.0,1.5,5.9,65.1,1,12947,12947,12947,5786,7672,10381,8650,8590,2534,15384,8917,10672,6401,1,6288,5888,3144,1,32:39,2022,2023
2022-23,1629723,John Konchar,John,1610612763,MEM,Memphis Grizzlies,22201226,2023-04-09T00:00:00,MEM @ OKC,L,35.655,2.7,0.0,2.7,2.7,17.5,6.7,17.5,56.5,2.7,0.0,4.0,0.0,38.1,1,12947,12947,12947,3202,11043,10381,9261,19229,14595,6482,18046,8327,3281,1,14308,17929,15011,1,35:39,2022,2023
2022-23,1628415,Dillon Brooks,Dillon,1610612763,MEM,Memphis Grizzlies,22201208,2023-04-07T00:00:00,MEM @ MIL,W,31.13833333333333,3.1,0.0,7.7,6.2,9.2,10.8,10.8,33.9,1.5,0.0,4.6,1.5,33.6,1,1,1,1,7149,10127,10381,2592,14924,6130,10857,11005,21966,6057,1,16145,16884,17344,1,31:08,2022,2023
2022-23,1628379,Luke Kennard,Luke,1610612763,MEM,Memphis Grizzlies,22201208,2023-04-07T00:00:00,MEM @ MIL,W,32.23833333333334,0.0,3.0,13.4,3.0,13.4,10.4,10.4,35.7,0.0,0.0,3.0,1.5,46.6,1,1,1,1,6143,12084,8660,566,18900,10140,10428,10606,21190,7930,1,10947,17083,10374,1,32:14,2022,2023
2022-23,1631254,Kenneth Lofton Jr.,Kenneth,1610612763,MEM,Memphis Grizzlies,22201208,2023-04-07T00:00:00,MEM @ MIL,W,3.066666666666667,0.0,0.0,0.0,0.0,0.0,31.3,0.0,62.6,0.0,0.0,31.3,0.0,50.1,1,1,1,1,24777,12084,10381,10252,19499,1,24703,1,5261,7930,1,25824,17929,8614,1,3:04,2022,2023
2022-23,1631246,Vince Williams Jr.,Vince,1610612763,MEM,Memphis Grizzlies,22201208,2023-04-07T00:00:00,MEM @ MIL,W,2.6333333333333333,0.0,0.0,0.0,0.0,0.0,36.5,0.0,36.5,0.0,0.0,18.2,0.0,54.7,1,1,1,1,24990,12084,10381,10252,19499,1,25242,1,20859,7930,1,25549,17929,6526,1,2:38,2022,2023
2022-23,1629723,John Konchar,John,1610612763,MEM,Memphis Grizzlies,22201208,2023-04-07T00:00:00,MEM @ MIL,W,29.78333333333333,3.2,3.2,3.2,16.1,17.7,21.0,8.1,25.8,0.0,0.0,3.2,0.0,65.9,1,1,1,1,8297,9838,8159,8062,4917,14827,21169,8166,24094,7930,1,11703,17929,2947,1,29:47,2022,2023
2022-23,1630217,Desmond Bane,Desmond,1610612763,MEM,Memphis Grizzlies,22201208,2023-04-07T00:00:00,MEM @ MIL,W,31.345,7.7,0.0,15.3,6.1,12.3,12.3,9.2,39.8,0.0,1.5,4.6,1.5,49.9,1,1,1,1,6971,3351,10381,363,14976,8937,12571,9278,19162,7930,19665,16059,16916,8699,1,31:21,2022,2023
2022-23,1631113,Kennedy Chandler,Kennedy,1610612763,MEM,Memphis Grizzlies,22201208,2023-04-07T00:00:00,MEM @ MIL,W,2.6333333333333333,0.0,0.0,0.0,36.5,0.0,36.5,0.0,36.5,0.0,0.0,0.0,0.0,62.0,1,1,1,1,24990,12084,10381,10252,260,1,25242,1,20859,7930,1,1,17929,3944,1,2:38,2022,2023
2022-23,1629630,Ja Morant,Ja,1610612763,MEM,Memphis Grizzlies,22201208,2023-04-07T00:00:00,MEM @ MIL,W,24.2,7.9,0.0,0.0,19.8,17.9,7.9,13.9,39.7,0.0,2.0,2.0,9.9,54.0,1,1,1,1,12720,3091,10381,10252,2897,14951,7721,14515,19235,7930,21301,7825,1584,6836,1,24:12,2022,2023
2022-23,1626145,Tyus Jones,Tyus,1610612763,MEM,Memphis Grizzlies,22201208,2023-04-07T00:00:00,MEM @ MIL,W,22.266666666666666,8.6,0.0,10.8,8.6,17.2,19.4,4.3,30.2,0.0,0.0,2.2,2.2,57.1,1,1,1,1,14213,2583,10381,1124,11989,14334,20024,4746,23146,7930,1,8219,15026,5608,1,22:16,2022,2023
2022-23,1631223,David Roddy,David,1610612763,MEM,Memphis Grizzlies,22201208,2023-04-07T00:00:00,MEM @ MIL,W,15.761666666666668,0.0,0.0,0.0,12.2,15.2,24.4,6.1,30.5,3.0,3.0,3.0,0.0,31.1,1,1,1,1,18940,12084,10381,10252,8197,12189,22825,6234,23071,2652,23654,11176,17929,18570,1,15:46,2022,2023
2022-23,1628991,Jaren Jackson Jr.,Jaren,1610612763,MEM,Memphis Grizzlies,22201208,2023-04-07T00:00:00,MEM @ MIL,W,27.03333333333333,5.3,0.0,0.0,24.9,14.2,12.4,16.0,35.5,5.3,0.0,5.3,8.9,93.8,1,1,1,1,10556,6210,10381,10252,1305,11065,12781,16713,21283,900,1,18014,2268,371,1,27:02,2022,2023
2022-23,1630214,Xavier Tillman,Xavier,1610612763,MEM,Memphis Grizzlies,22201208,2023-04-07T00:00:00,MEM @ MIL,W,17.9,5.4,16.1,5.4,21.5,16.1,16.1,0.0,26.8,2.7,0.0,2.7,2.7,76.2,1,1,1,1,17466,6152,372,4814,2273,13167,16911,1,23921,3303,1,9818,13535,1316,1,17:54,2022,2023
2022-23,1628991,Jaren Jackson Jr.,Jaren,1610612763,MEM,Memphis Grizzlies,22201194,2023-04-05T00:00:00,MEM @ NOP,L,40.64666666666667,4.7,7.1,9.4,21.3,24.8,11.8,21.3,30.7,4.7,2.4,4.7,10.6,79.5,1,12947,12947,12947,477,7154,3258,1634,2352,20812,12060,20817,23009,1178,22112,16409,1246,1021,1,40:39,2022,2023
2022-23,1626145,Tyus Jones,Tyus,1610612763,MEM,Memphis Grizzlies,22201194,2023-04-05T00:00:00,MEM @ NOP,L,42.79166666666666,2.2,2.2,4.5,9.0,20.2,11.2,16.8,31.4,1.1,0.0,1.1,2.2,59.0,1,12947,12947,12947,191,11766,10096,6029,11596,17191,11365,17493,22794,7873,1,5211,14805,4889,1,42:48,2022,2023
2022-23,1631246,Vince Williams Jr.,Vince,1610612763,MEM,Memphis Grizzlies,22201194,2023-04-05T00:00:00,MEM @ NOP,L,0.615,0.0,156.1,0.0,156.1,0.0,0.0,0.0,0.0,0.0,78.0,0.0,0.0,156.1,1,12947,12947,12947,25801,12084,2,10252,5,1,1,1,25269,7930,25894,1,17929,40,1,0:37,2022,2023
2022-23,1629723,John Konchar,John,1610612763,MEM,Memphis Grizzlies,22201194,2023-04-05T00:00:00,MEM @ NOP,L,22.505,4.3,12.8,0.0,21.3,12.8,6.4,8.5,29.9,2.1,2.1,2.1,4.3,70.0,1,12947,12947,12947,14019,7931,773,10252,2327,9489,6166,8615,23218,4388,21647,8165,9204,2131,1,22:30,2022,2023
2022-23,1631113,Kennedy Chandler,Kennedy,1610612763,MEM,Memphis Grizzlies,22201194,2023-04-05T00:00:00,MEM @ NOP,L,10.165,0.0,0.0,9.4,9.4,14.2,4.7,14.2,28.3,0.0,0.0,0.0,0.0,22.2,1,12947,12947,12947,22016,12084,10381,1639,11069,11018,4696,14800,23622,7930,1,1,17929,22036,1,10:10,2022,2023
2022-23,1631254,Kenneth Lofton Jr.,Kenneth,1610612763,MEM,Memphis Grizzlies,22201194,2023-04-05T00:00:00,MEM @ NOP,L,22.84,0.0,0.0,0.0,12.6,6.3,10.5,12.6,29.4,0.0,0.0,6.3,6.3,38.9,1,12947,12947,12947,13758,12084,10381,10252,7786,3884,10536,13089,23343,7930,1,20069,5216,14579,1,22:50,2022,2023
2022-23,1631223,David Roddy,David,1610612763,MEM,Memphis Grizzlies,22201194,2023-04-05T00:00:00,MEM @ NOP,L,38.10666666666667,0.0,2.5,0.0,5.0,21.4,6.3,10.1,25.2,0.0,0.0,3.8,0.0,20.4,1,12947,12947,12947,1459,12084,9766,10252,16511,18317,6067,10239,24181,7930,1,13395,17929,22551,1,38:06,2022,2023
2022-23,1630217,Desmond Bane,Desmond,1610612763,MEM,Memphis Grizzlies,22201194,2023-04-05T00:00:00,MEM @ NOP,L,42.55166666666667,5.6,3.4,2.3,13.5,20.3,10.2,16.9,31.6,0.0,3.4,6.8,3.4,43.2,1,12947,12947,12947,213,5725,7892,9968,6894,17308,10136,17568,22749,7930,24097,20882,11456,12212,1,42:33,2022,2023
2022-23,1628415,Dillon Brooks,Dillon,1610612763,MEM,Memphis Grizzlies,22201194,2023-04-05T00:00:00,MEM @ NOP,L,37.82833333333333,2.5,3.8,6.3,7.6,24.1,10.2,21.6,30.5,0.0,1.3,7.6,3.8,47.2,1,12947,12947,12947,1627,11418,7243,3711,13287,20365,10135,21005,23072,7930,18014,22081,10394,10064,1,37:50,2022,2023
2022-23,1630583,Santi Aldama,Santi,1610612763,MEM,Memphis Grizzlies,22201194,2023-04-05T00:00:00,MEM @ NOP,L,6.95,0.0,0.0,0.0,13.8,0.0,27.6,27.6,69.1,0.0,0.0,6.9,0.0,32.5,1,12947,12947,12947,23154,12084,10381,10252,6646,1,23943,23588,3012,7930,1,21112,17929,17925,1,6:57,2022,2023
2022-23,1628991,Jaren Jackson Jr.,Jaren,1610612763,MEM,Memphis Grizzlies,22201184,2023-04-04T00:00:00,MEM vs. POR,W,32.55,0.0,0.0,2.9,14.7,14.7,13.3,0.0,38.3,1.5,0.0,5.9,8.8,43.4,1,1,1,1,5878,12084,10381,8634,5898,11635,13760,1,19934,6370,1,19283,2292,12124,1,32:33,2022,2023
2022-23,1626145,Tyus Jones,Tyus,1610612763,MEM,Memphis Grizzlies,22201184,2023-04-04T00:00:00,MEM vs. POR,W,21.766666666666666,0.0,0.0,4.4,0.0,35.3,15.4,8.8,44.1,0.0,0.0,0.0,2.2,33.3,1,1,1,1,14608,12084,10381,6146,19499,24351,16214,8917,16587,7930,1,1,14893,17501,1,21:46,2022,2023
2022-23,1630583,Santi Aldama,Santi,1610612763,MEM,Memphis Grizzlies,22201184,2023-04-04T00:00:00,MEM vs. POR,W,23.28333333333333,0.0,4.1,0.0,8.2,20.6,18.6,4.1,61.8,0.0,0.0,2.1,2.1,58.1,1,1,1,1,13429,12084,6708,10252,12413,17596,19349,4613,5570,7930,1,7991,15261,5242,1,23:17,2022,2023
2022-23,1631223,David Roddy,David,1610612763,MEM,Memphis Grizzlies,22201184,2023-04-04T00:00:00,MEM vs. POR,W,27.076666666666668,0.0,8.9,8.9,7.1,23.0,19.5,10.6,46.1,1.8,1.8,3.5,0.0,38.8,1,1,1,1,10520,12084,2079,1892,13879,19618,20102,10838,15276,5259,20722,12630,17929,14612,1,27:05,2022,2023
2022-23,1630214,Xavier Tillman,Xavier,1610612763,MEM,Memphis Grizzlies,22201184,2023-04-04T00:00:00,MEM vs. POR,W,13.0,0.0,0.0,0.0,0.0,14.8,7.4,14.8,66.5,0.0,14.8,0.0,0.0,19.6,1,1,1,1,20598,12084,10381,10252,19499,11663,7161,15432,3779,7930,25853,1,17929,22759,1,13:00,2022,2023
2022-23,1629723,John Konchar,John,1610612763,MEM,Memphis Grizzlies,22201184,2023-04-04T00:00:00,MEM vs. POR,W,12.883333333333333,0.0,0.0,0.0,0.0,33.5,14.9,14.9,52.2,3.7,0.0,3.7,0.0,30.2,1,1,1,1,20666,12084,10381,10252,19499,24023,15626,15581,11184,1889,1,13212,17929,18960,1,12:53,2022,2023
2022-23,1628379,Luke Kennard,Luke,1610612763,MEM,Memphis Grizzlies,22201184,2023-04-04T00:00:00,MEM vs. POR,W,34.15,4.2,0.0,4.2,0.0,15.5,19.7,2.8,50.6,0.0,0.0,0.0,1.4,47.8,1,1,1,1,4477,8002,10381,6424,19499,12457,20237,3871,12287,7930,1,1,17370,9772,1,34:09,2022,2023
2022-23,1630217,Desmond Bane,Desmond,1610612763,MEM,Memphis Grizzlies,22201184,2023-04-04T00:00:00,MEM vs. POR,W,36.46666666666667,3.9,7.9,14.5,18.4,14.5,11.8,7.9,55.3,1.3,2.6,2.6,2.6,63.0,1,1,1,1,2581,8470,2662,431,3535,11368,12104,8012,9131,7213,22749,9627,13684,3668,1,36:28,2022,2023
2022-23,1631254,Kenneth Lofton Jr.,Kenneth,1610612763,MEM,Memphis Grizzlies,22201184,2023-04-04T00:00:00,MEM vs. POR,W,3.7066666666666666,0.0,0.0,0.0,25.9,64.7,38.8,0.0,25.9,0.0,0.0,0.0,12.9,54.4,1,1,1,1,24501,12084,10381,10252,1122,25684,25407,1,24080,7930,1,1,568,6657,1,3:42,2022,2023
2022-23,1629630,Ja Morant,Ja,1610612763,MEM,Memphis Grizzlies,22201184,2023-04-04T00:00:00,MEM vs. POR,W,35.11666666666667,6.8,2.7,6.8,19.1,15.0,16.4,2.7,49.2,1.4,0.0,0.0,8.2,65.2,1,1,1,1,3651,4197,9259,3270,3166,11951,17244,3826,13206,6935,1,1,2849,3132,1,35:07,2022,2023
2022-23,1630217,Desmond Bane,Desmond,1610612763,MEM,Memphis Grizzlies,22201165,2023-04-02T00:00:00,MEM @ CHI,L,33.15833333333333,0.0,0.0,7.2,14.5,36.2,10.1,30.4,72.4,1.4,1.4,5.8,1.4,46.3,1,12947,12947,12947,5357,12084,10381,2930,6108,24506,10099,24242,2200,6507,19205,19050,17228,10498,1,33:10,2022,2023
2022-23,1629630,Ja Morant,Ja,1610612763,MEM,Memphis Grizzlies,22201165,2023-04-02T00:00:00,MEM @ CHI,L,34.09166666666667,0.0,0.0,0.0,11.3,40.8,8.4,36.6,76.0,0.0,2.8,1.4,2.8,54.9,1,12947,12947,12947,4536,12084,10381,10252,9074,25020,8303,25075,1575,7930,23206,6048,13072,6444,1,34:06,2022,2023
2022-23,1628415,Dillon Brooks,Dillon,1610612763,MEM,Memphis Grizzlies,22201165,2023-04-02T00:00:00,MEM @ CHI,L,32.208333333333336,0.0,0.0,4.5,3.0,43.2,8.9,38.7,77.5,0.0,0.0,1.5,1.5,37.0,1,12947,12947,12947,6169,12084,10381,6058,18895,25189,8786,25239,1370,7930,1,6367,17075,15627,1,32:13,2022,2023
2022-23,1626145,Tyus Jones,Tyus,1610612763,MEM,Memphis Grizzlies,22201165,2023-04-02T00:00:00,MEM @ CHI,L,17.125,0.0,0.0,0.0,0.0,11.2,14.0,11.2,61.7,0.0,2.8,0.0,0.0,37.0,1,12947,12947,12947,18047,12084,10381,10252,19499,7932,14599,11502,5649,7930,23171,1,17929,15605,1,17:08,2022,2023
2022-23,1631223,David Roddy,David,1610612763,MEM,Memphis Grizzlies,22201165,2023-04-02T00:00:00,MEM @ CHI,L,11.766666666666667,0.0,0.0,0.0,0.0,8.2,20.4,16.3,73.4,4.1,0.0,8.2,0.0,47.3,1,12947,12947,12947,21319,12084,10381,10252,19499,5230,20780,17022,2011,1589,1,22702,17929,10009,1,11:46,2022,2023
2022-23,1631222,Jake LaRavia,Jake,1610612763,MEM,Memphis Grizzlies,22201165,2023-04-02T00:00:00,MEM @ CHI,L,1.4833333333333334,0.0,0.0,0.0,0.0,0.0,0.0,0.0,0.0,0.0,0.0,0.0,0.0,0.0,1,12947,12947,12947,25530,12084,10381,10252,19499,1,1,1,25269,7930,1,1,17929,24963,1,1:29,2022,2023
2022-23,1631254,Kenneth Lofton Jr.,Kenneth,1610612763,MEM,Memphis Grizzlies,22201165,2023-04-02T00:00:00,MEM @ CHI,L,1.4833333333333334,0.0,0.0,0.0,0.0,0.0,0.0,0.0,0.0,0.0,0.0,32.4,0.0,-25.9,1,12947,12947,12947,25530,12084,10381,10252,19499,1,1,1,25269,7930,1,25832,17929,25873,1,1:29,2022,2023
2022-23,1630583,Santi Aldama,Santi,1610612763,MEM,Memphis Grizzlies,22201165,2023-04-02T00:00:00,MEM @ CHI,L,17.566666666666666,0.0,8.2,0.0,0.0,32.8,19.1,30.1,87.4,0.0,0.0,5.5,2.7,22.1,1,12947,12947,12947,17713,12084,2455,10252,19499,23873,19808,24168,631,7930,1,18349,13357,22058,1,17:34,2022,2023
2022-23,1629723,John Konchar,John,1610612763,MEM,Memphis Grizzlies,22201165,2023-04-02T00:00:00,MEM @ CHI,L,1.4833333333333334,0.0,0.0,0.0,0.0,0.0,0.0,0.0,0.0,0.0,0.0,0.0,0.0,38.8,1,12947,12947,12947,25530,12084,10381,10252,19499,1,1,1,25269,7930,1,1,17929,14602,1,1:29,2022,2023
2022-23,1628379,Luke Kennard,Luke,1610612763,MEM,Memphis Grizzlies,22201165,2023-04-02T00:00:00,MEM @ CHI,L,27.75333333333333,0.0,0.0,0.0,0.0,13.8,15.6,15.6,65.7,0.0,0.0,3.5,0.0,21.8,1,12947,12947,12947,9948,12084,10381,10252,19499,10640,16372,16288,4049,7930,1,12377,17929,22174,1,27:45,2022,2023
2022-23,1628991,Jaren Jackson Jr.,Jaren,1610612763,MEM,Memphis Grizzlies,22201165,2023-04-02T00:00:00,MEM @ CHI,L,28.933333333333334,0.0,8.3,0.0,19.9,31.5,6.6,24.9,59.7,1.7,3.3,8.3,8.3,73.2,1,12947,12947,12947,8990,12084,2388,10252,2874,23573,6390,22628,6544,5636,24028,22853,2752,1647,1,28:56,2022,2023
2022-23,1631246,Vince Williams Jr.,Vince,1610612763,MEM,Memphis Grizzlies,22201165,2023-04-02T00:00:00,MEM @ CHI,L,1.4833333333333334,0.0,0.0,0.0,0.0,0.0,0.0,0.0,0.0,0.0,0.0,0.0,0.0,0.0,1,12947,12947,12947,25530,12084,10381,10252,19499,1,1,1,25269,7930,1,1,17929,24963,1,1:29,2022,2023
2022-23,1630214,Xavier Tillman,Xavier,1610612763,MEM,Memphis Grizzlies,22201165,2023-04-02T00:00:00,MEM @ CHI,L,29.98,0.0,0.0,3.2,6.4,43.2,9.6,38.4,76.9,0.0,0.0,6.4,3.2,24.2,1,12947,12947,12947,8141,12084,10381,8109,14623,25192,9521,25216,1456,7930,1,20265,11917,21381,1,29:59,2022,2023
2022-23,1631113,Kennedy Chandler,Kennedy,1610612763,MEM,Memphis Grizzlies,22201165,2023-04-02T00:00:00,MEM @ CHI,L,1.4833333333333334,0.0,0.0,0.0,0.0,0.0,0.0,0.0,0.0,0.0,0.0,0.0,32.4,0.0,1,12947,12947,12947,25530,12084,10381,10252,19499,1,1,1,25269,7930,1,1,18,24963,1,1:29,2022,2023
2022-23,1630583,Santi Aldama,Santi,1610612763,MEM,Memphis Grizzlies,22201156,2023-03-31T00:00:00,MEM vs. LAC,W,16.333333333333332,5.9,5.9,5.9,23.5,20.6,14.7,26.4,23.5,2.9,0.0,5.9,11.8,69.4,1,1,1,1,18564,5382,4485,4190,1629,17556,15372,23229,24422,2820,1,19235,834,2224,1,16:20,2022,2023
2022-23,1630214,Xavier Tillman,Xavier,1610612763,MEM,Memphis Grizzlies,22201156,2023-03-31T00:00:00,MEM vs. LAC,W,32.21666666666667,11.9,6.0,11.9,20.9,13.4,7.4,11.9,44.7,3.0,1.5,0.0,1.5,56.0,1,1,1,1,6159,1091,4395,842,2513,10150,7235,12335,16208,2756,19425,1,17077,6001,1,32:13,2022,2023
2022-23,1631223,David Roddy,David,1610612763,MEM,Memphis Grizzlies,22201156,2023-03-31T00:00:00,MEM vs. LAC,W,20.133333333333333,4.8,4.8,0.0,9.5,4.8,14.3,0.0,47.7,0.0,0.0,4.8,0.0,34.3,1,1,1,1,15851,7082,5811,10252,10950,3110,14938,1,14249,7930,1,16534,17929,16987,1,20:08,2022,2023
2022-23,1629630,Ja Morant,Ja,1610612763,MEM,Memphis Grizzlies,22201156,2023-03-31T00:00:00,MEM vs. LAC,W,25.633333333333333,1.9,0.0,0.0,7.5,22.5,7.5,20.6,56.2,0.0,5.6,1.9,5.6,35.6,1,1,1,1,11629,11856,10381,10252,13432,19178,7272,20420,8548,7930,25383,7534,6338,16328,1,25:38,2022,2023
2022-23,1628415,Dillon Brooks,Dillon,1610612763,MEM,Memphis Grizzlies,22201156,2023-03-31T00:00:00,MEM vs. LAC,W,25.633333333333333,3.7,0.0,3.7,11.2,22.5,7.5,20.6,56.2,0.0,0.0,3.7,3.7,43.6,1,1,1,1,11629,8855,10381,7196,9096,19178,7272,20420,8548,7930,1,13269,10555,12002,1,25:38,2022,2023
2022-23,1628379,Luke Kennard,Luke,1610612763,MEM,Memphis Grizzlies,22201156,2023-03-31T00:00:00,MEM vs. LAC,W,33.46666666666667,0.0,0.0,4.3,2.9,10.0,11.5,12.9,34.4,0.0,0.0,4.3,0.0,32.6,1,1,1,1,5076,12084,10381,6306,19047,6805,11662,13403,21763,7930,1,15199,17929,17882,1,33:28,2022,2023
2022-23,1630217,Desmond Bane,Desmond,1610612763,MEM,Memphis Grizzlies,22201156,2023-03-31T00:00:00,MEM vs. LAC,W,38.4,6.3,6.3,11.3,17.5,16.3,10.0,10.0,47.5,0.0,2.5,2.5,2.5,58.9,1,1,1,1,1293,4901,4065,1003,4055,13343,9937,10150,14379,7930,22431,9083,14121,4936,1,38:24,2022,2023
2022-23,1626145,Tyus Jones,Tyus,1610612763,MEM,Memphis Grizzlies,22201156,2023-03-31T00:00:00,MEM vs. LAC,W,22.366666666666667,4.3,6.4,0.0,0.0,8.6,12.9,4.3,30.0,2.1,0.0,0.0,0.0,58.8,1,1,1,1,14135,7880,3867,10252,19499,5578,13298,4731,23174,4359,1,1,17929,4957,1,22:22,2022,2023
2022-23,1628991,Jaren Jackson Jr.,Jaren,1610612763,MEM,Memphis Grizzlies,22201156,2023-03-31T00:00:00,MEM vs. LAC,W,25.816666666666663,3.7,1.9,0.0,14.9,26.0,7.4,13.0,48.3,5.6,3.7,7.4,3.7,58.8,1,1,1,1,11490,8900,10199,10252,5792,21490,7221,13518,13811,819,24404,21864,10622,4984,1,25:49,2022,2023
2022-23,1630583,Santi Aldama,Santi,1610612763,MEM,Memphis Grizzlies,22201141,2023-03-29T00:00:00,MEM vs. LAC,L,32.63333333333333,2.9,4.4,7.4,8.8,22.1,5.9,10.3,32.4,1.5,0.0,2.9,7.4,47.2,1,12947,12947,12947,5802,10455,6304,2845,11756,18875,5696,10475,22490,6392,1,10819,3755,10054,1,32:38,2022,2023
2022-23,1631254,Kenneth Lofton Jr.,Kenneth,1610612763,MEM,Memphis Grizzlies,22201141,2023-03-29T00:00:00,MEM vs. LAC,L,9.15,10.5,15.7,0.0,10.5,0.0,10.5,15.7,52.5,0.0,0.0,5.2,5.2,43.5,1,12947,12947,12947,22379,1572,400,10252,9852,1,10512,16455,10978,7930,1,17793,7103,12031,1,9:09,2022,2023
2022-23,1628379,Luke Kennard,Luke,1610612763,MEM,Memphis Grizzlies,22201141,2023-03-29T00:00:00,MEM vs. LAC,L,32.776666666666664,0.0,0.0,0.0,11.7,22.0,0.0,16.1,58.6,1.5,0.0,1.5,1.5,33.4,1,12947,12947,12947,5687,12084,10381,10252,8637,18785,1,16837,7153,6430,1,6267,17179,17458,1,32:47,2022,2023
2022-23,1629630,Ja Morant,Ja,1610612763,MEM,Memphis Grizzlies,22201141,2023-03-29T00:00:00,MEM vs. LAC,L,35.28333333333333,5.4,2.7,12.2,24.5,23.1,2.7,13.6,46.3,0.0,1.4,4.1,8.2,75.2,1,12947,12947,12947,3525,6021,9282,755,1371,19681,3490,14181,15177,7930,18645,14461,2882,1416,1,35:17,2022,2023
2022-23,1630214,Xavier Tillman,Xavier,1610612763,MEM,Memphis Grizzlies,22201141,2023-03-29T00:00:00,MEM vs. LAC,L,31.166666666666668,3.1,3.1,6.2,21.6,24.6,3.1,13.9,55.4,1.5,1.5,7.7,3.1,60.5,1,12947,12947,12947,7125,10131,8441,3881,2236,20721,3689,14476,9003,6064,19703,22176,12279,4381,1,31:10,2022,2023
2022-23,1631223,David Roddy,David,1610612763,MEM,Memphis Grizzlies,22201141,2023-03-29T00:00:00,MEM vs. LAC,L,31.066666666666663,0.0,3.1,0.0,3.1,17.0,3.1,18.5,68.0,0.0,0.0,3.1,0.0,28.6,1,12947,12947,12947,7217,12084,8422,10252,18740,14101,3692,18894,3302,7930,1,11316,17929,19657,1,31:04,2022,2023
2022-23,1631222,Jake LaRavia,Jake,1610612763,MEM,Memphis Grizzlies,22201141,2023-03-29T00:00:00,MEM vs. LAC,L,21.5,0.0,0.0,0.0,0.0,11.2,4.5,22.3,53.6,0.0,0.0,2.2,0.0,21.4,1,12947,12947,12947,14793,12084,10381,10252,19499,7868,4520,21413,10248,7930,1,8382,17929,22276,1,21:30,2022,2023
2022-23,1628415,Dillon Brooks,Dillon,1610612763,MEM,Memphis Grizzlies,22201141,2023-03-29T00:00:00,MEM vs. LAC,L,33.70666666666666,5.7,12.8,15.7,25.6,19.9,5.7,11.4,34.2,1.4,2.8,4.3,7.1,70.1,1,12947,12947,12947,4868,5644,770,335,1168,16942,5535,11721,21846,6628,23288,15107,4036,2111,1,33:42,2022,2023
2022-23,1631113,Kennedy Chandler,Kennedy,1610612763,MEM,Memphis Grizzlies,22201141,2023-03-29T00:00:00,MEM vs. LAC,L,12.716666666666669,0.0,0.0,0.0,15.1,7.5,7.5,18.9,60.4,0.0,0.0,7.5,3.8,48.7,1,12947,12947,12947,20760,12084,10381,10252,5638,4710,7323,19187,6200,7930,1,22005,10479,9354,1,12:43,2022,2023
2022-23,1628991,Jaren Jackson Jr.,Jaren,1610612763,MEM,Memphis Grizzlies,22201133,2023-03-28T00:00:00,MEM vs. ORL,W,25.581666666666667,0.0,5.6,0.0,18.8,20.6,16.9,9.4,26.3,5.6,3.8,11.3,1.9,63.8,1,1,1,1,11667,12084,4751,10252,3357,17619,17725,9485,24014,794,24428,24505,15756,3469,1,25:35,2022,2023
2022-23,1628379,Luke Kennard,Luke,1610612763,MEM,Memphis Grizzlies,22201133,2023-03-28T00:00:00,MEM vs. ORL,W,27.64333333333333,5.2,0.0,0.0,3.5,26.0,13.9,5.2,31.3,0.0,0.0,1.7,0.0,54.7,1,1,1,1,10063,6395,10381,10252,18256,21497,14458,5438,22844,7930,1,7196,17929,6520,1,27:39,2022,2023
2022-23,1630583,Santi Aldama,Santi,1610612763,MEM,Memphis Grizzlies,22201133,2023-03-28T00:00:00,MEM vs. ORL,W,23.93166666666667,0.0,4.0,0.0,8.0,16.0,16.0,2.0,32.1,2.0,2.0,4.0,4.0,47.1,1,1,1,1,12953,12084,6886,10252,12718,13128,16873,3633,22585,4671,21352,14204,9818,10093,1,23:56,2022,2023
2022-23,1628415,Dillon Brooks,Dillon,1610612763,MEM,Memphis Grizzlies,22201133,2023-03-28T00:00:00,MEM vs. ORL,W,31.7,3.0,3.0,1.5,6.1,19.7,33.3,4.5,42.4,0.0,1.5,3.0,3.0,33.5,1,1,1,1,6638,10248,8544,10149,15059,16717,25002,4897,17680,7930,19566,11127,12425,17414,1,31:42,2022,2023
2022-23,1631223,David Roddy,David,1610612763,MEM,Memphis Grizzlies,22201133,2023-03-28T00:00:00,MEM vs. ORL,W,10.983333333333333,0.0,0.0,0.0,0.0,48.1,0.0,8.7,35.0,0.0,4.4,0.0,0.0,27.5,1,1,1,1,21664,12084,10381,10252,19499,25410,1,8818,21530,7930,24941,1,17929,20091,1,10:59,2022,2023
2022-23,1626145,Tyus Jones,Tyus,1610612763,MEM,Memphis Grizzlies,22201133,2023-03-28T00:00:00,MEM vs. ORL,W,33.81666666666667,0.0,0.0,0.0,8.5,21.3,31.2,4.3,42.6,0.0,1.4,0.0,1.4,42.9,1,1,1,1,4774,12084,10381,10252,12106,18203,24694,4711,17567,7930,19022,1,17317,12400,1,33:49,2022,2023
2022-23,1630217,Desmond Bane,Desmond,1610612763,MEM,Memphis Grizzlies,22201133,2023-03-28T00:00:00,MEM vs. ORL,W,36.18333333333333,8.0,0.0,21.2,13.3,27.9,21.2,5.3,37.1,0.0,1.3,4.0,9.3,61.4,1,1,1,1,2784,3068,10381,116,7127,22384,21320,5520,20524,7930,18406,14067,1978,4084,1,36:11,2022,2023
2022-23,1629723,John Konchar,John,1610612763,MEM,Memphis Grizzlies,22201133,2023-03-28T00:00:00,MEM vs. ORL,W,14.806666666666668,3.2,0.0,3.2,0.0,29.2,16.2,6.5,25.9,6.5,0.0,6.5,3.2,53.8,1,1,1,1,19554,9800,10381,8026,19499,22849,17033,6594,24071,559,1,20389,11812,6903,1,14:48,2022,2023
2022-23,1630214,Xavier Tillman,Xavier,1610612763,MEM,Memphis Grizzlies,22201133,2023-03-28T00:00:00,MEM vs. ORL,W,35.35333333333333,5.4,2.7,2.7,24.4,23.1,27.2,2.7,40.7,0.0,1.4,1.4,1.4,47.9,1,1,1,1,3470,6042,9299,9188,1387,19647,23782,3815,18651,7930,18629,5847,17520,9703,1,35:21,2022,2023
2022-23,1630217,Desmond Bane,Desmond,1610612763,MEM,Memphis Grizzlies,22201115,2023-03-26T00:00:00,MEM @ ATL,W,33.655,2.9,0.0,7.1,17.1,5.7,31.4,14.3,62.8,0.0,1.4,4.3,0.0,48.6,1,1,1,1,4902,10646,10381,3027,4300,3539,24715,14906,5195,7930,19060,15126,17929,9383,1,33:39,2022,2023
2022-23,1626145,Tyus Jones,Tyus,1610612763,MEM,Memphis Grizzlies,22201115,2023-03-26T00:00:00,MEM @ ATL,W,22.57333333333333,6.4,4.3,6.4,8.5,4.3,31.9,10.6,80.8,0.0,0.0,0.0,4.3,48.7,1,1,1,1,13968,4739,6538,3680,12118,2919,24800,10833,1030,7930,1,1,9226,9352,1,22:34,2022,2023
2022-23,1628379,Luke Kennard,Luke,1610612763,MEM,Memphis Grizzlies,22201115,2023-03-26T00:00:00,MEM @ ATL,W,22.933333333333334,0.0,4.2,6.3,4.2,4.2,37.7,4.2,67.0,0.0,0.0,2.1,0.0,57.3,1,1,1,1,13694,12084,6629,3770,17446,2891,25343,4662,3621,7930,1,8068,17929,5533,1,22:56,2022,2023
2022-23,1628991,Jaren Jackson Jr.,Jaren,1610612763,MEM,Memphis Grizzlies,22201115,2023-03-26T00:00:00,MEM @ ATL,W,34.31666666666667,0.0,2.8,4.2,14.0,8.4,28.0,16.8,58.7,7.0,2.8,4.2,4.2,62.4,1,1,1,1,4336,12084,9083,6450,6510,5423,24036,17454,7076,450,23154,14860,9370,3842,1,34:19,2022,2023
2022-23,1630583,Santi Aldama,Santi,1610612763,MEM,Memphis Grizzlies,22201115,2023-03-26T00:00:00,MEM @ ATL,W,18.566666666666663,0.0,0.0,0.0,0.0,5.2,23.3,5.2,51.7,0.0,0.0,5.2,0.0,16.3,1,1,1,1,16990,12084,10381,10252,19499,3293,22383,5402,11501,7930,1,17599,17929,23516,1,18:34,2022,2023
2022-23,1628415,Dillon Brooks,Dillon,1610612763,MEM,Memphis Grizzlies,22201115,2023-03-26T00:00:00,MEM @ ATL,W,22.933333333333334,0.0,0.0,0.0,0.0,8.4,33.5,14.7,67.0,0.0,0.0,12.6,2.1,29.1,1,1,1,1,13694,12084,10381,10252,19499,5412,25017,15319,3621,7930,1,24911,15194,19453,1,22:56,2022,2023
2022-23,1629723,John Konchar,John,1610612763,MEM,Memphis Grizzlies,22201115,2023-03-26T00:00:00,MEM @ ATL,W,12.411666666666669,0.0,0.0,7.7,7.7,7.7,15.5,7.7,61.9,0.0,0.0,7.7,0.0,8.5,1,1,1,1,20954,12084,10381,2576,13124,4854,16264,7857,5554,7930,1,22219,17929,24621,1,12:25,2022,2023
2022-23,1631223,David Roddy,David,1610612763,MEM,Memphis Grizzlies,22201115,2023-03-26T00:00:00,MEM @ ATL,W,12.476666666666668,0.0,0.0,7.7,7.7,0.0,42.3,0.0,84.6,0.0,0.0,7.7,3.8,33.5,1,1,1,1,20911,12084,10381,2600,13171,1,25543,1,779,7930,1,22169,10276,17410,1,12:29,2022,2023
2022-23,1629630,Ja Morant,Ja,1610612763,MEM,Memphis Grizzlies,22201115,2023-03-26T00:00:00,MEM @ ATL,W,29.3,0.0,4.9,3.3,26.2,6.6,29.5,16.4,59.0,0.0,1.6,4.9,11.5,68.2,1,1,1,1,8720,12084,5635,7956,1063,4046,24371,17091,6954,7930,20197,16939,926,2459,1,29:18,2022,2023
2022-23,1630214,Xavier Tillman,Xavier,1610612763,MEM,Memphis Grizzlies,22201115,2023-03-26T00:00:00,MEM @ ATL,W,30.83333333333333,3.1,0.0,6.2,21.8,6.2,34.2,15.6,74.7,3.1,1.6,0.0,1.6,68.7,1,1,1,1,7425,10060,10381,3824,2144,3839,25093,16291,1767,2529,19799,1,16832,2357,1,30:50,2022,2023
2022-23,1631113,Kennedy Chandler,Kennedy,1610612763,MEM,Memphis Grizzlies,22201100,2023-03-24T00:00:00,MEM vs. HOU,W,10.0,0.0,0.0,0.0,19.2,9.6,19.2,38.4,76.8,0.0,0.0,0.0,0.0,46.6,1,1,1,1,22060,12084,10381,10252,3141,6439,19870,25206,1459,7930,1,1,17929,10396,1,10:00,2022,2023
2022-23,1630214,Xavier Tillman,Xavier,1610612763,MEM,Memphis Grizzlies,22201100,2023-03-24T00:00:00,MEM vs. HOU,W,21.15,9.1,4.5,4.5,18.2,22.7,4.5,29.5,77.2,0.0,0.0,4.5,2.3,40.4,1,1,1,1,15093,2298,6115,5955,3706,19350,4574,24078,1410,7930,1,15888,14727,13742,1,21:09,2022,2023
2022-23,1628379,Luke Kennard,Luke,1610612763,MEM,Memphis Grizzlies,22201100,2023-03-24T00:00:00,MEM vs. HOU,W,23.933333333333334,0.0,0.0,12.0,0.0,22.1,8.0,34.1,68.2,0.0,0.0,2.0,0.0,75.2,1,1,1,1,12946,12084,10381,805,19499,18872,7815,24800,3230,7930,1,7876,17929,1419,1,23:56,2022,2023
2022-23,1628991,Jaren Jackson Jr.,Jaren,1610612763,MEM,Memphis Grizzlies,22201100,2023-03-24T00:00:00,MEM vs. HOU,W,25.55,7.5,3.8,7.5,18.8,15.0,0.0,31.9,78.9,3.8,1.9,5.6,11.3,74.0,1,1,1,1,11685,3490,7324,2742,3342,11944,1,24513,1207,1860,21032,18729,993,1550,1,25:33,2022,2023
2022-23,1631254,Kenneth Lofton Jr.,Kenneth,1610612763,MEM,Memphis Grizzlies,22201100,2023-03-24T00:00:00,MEM vs. HOU,W,10.0,24.0,0.0,9.6,28.8,9.6,19.2,38.4,76.8,4.8,0.0,4.8,0.0,129.1,1,1,1,1,22060,132,10381,1562,701,6439,19870,25206,1459,1135,1,16625,17929,67,1,10:00,2022,2023
2022-23,1629630,Ja Morant,Ja,1610612763,MEM,Memphis Grizzlies,22201100,2023-03-24T00:00:00,MEM vs. HOU,W,19.45,4.9,0.0,4.9,34.6,17.3,9.9,27.1,59.2,2.5,0.0,0.0,2.5,84.9,1,1,1,1,16344,6808,10381,5403,330,14363,9811,23452,6817,3773,1,1,14213,702,1,19:27,2022,2023
2022-23,1630217,Desmond Bane,Desmond,1610612763,MEM,Memphis Grizzlies,22201100,2023-03-24T00:00:00,MEM vs. HOU,W,20.416666666666668,4.7,11.8,16.5,23.5,7.1,4.7,18.8,61.1,2.4,0.0,9.4,0.0,92.4,1,1,1,1,15648,7187,986,280,1632,4380,4679,19123,5875,3992,1,23714,17929,410,1,20:25,2022,2023
2022-23,1630583,Santi Aldama,Santi,1610612763,MEM,Memphis Grizzlies,22201100,2023-03-24T00:00:00,MEM vs. HOU,W,26.266666666666666,0.0,5.5,0.0,0.0,12.8,14.6,31.1,65.8,0.0,0.0,1.8,1.8,35.1,1,1,1,1,11128,12084,4906,10252,19499,9482,15296,24372,4024,7930,1,7428,15887,16602,1,26:16,2022,2023
2022-23,1628415,Dillon Brooks,Dillon,1610612763,MEM,Memphis Grizzlies,22201100,2023-03-24T00:00:00,MEM vs. HOU,W,17.716666666666665,0.0,0.0,5.4,10.8,16.3,0.0,35.2,81.3,2.7,0.0,13.5,8.1,53.4,1,1,1,1,17605,12084,10381,4735,9487,13349,1,24946,984,3233,1,25094,2919,7090,1,17:43,2022,2023
2022-23,1626145,Tyus Jones,Tyus,1610612763,MEM,Memphis Grizzlies,22201100,2023-03-24T00:00:00,MEM vs. HOU,W,23.15,6.2,0.0,12.4,4.1,16.6,0.0,31.1,82.9,0.0,2.1,0.0,0.0,56.2,1,1,1,1,13530,4933,10381,717,17489,13686,1,24384,864,7930,21509,1,17929,5947,1,23:09,2022,2023
2022-23,1631223,David Roddy,David,1610612763,MEM,Memphis Grizzlies,22201100,2023-03-24T00:00:00,MEM vs. HOU,W,24.0,0.0,4.0,4.0,8.0,14.0,16.0,34.0,64.0,0.0,0.0,4.0,4.0,16.8,1,1,1,1,12890,12084,6913,6750,12744,10842,16815,24782,4668,7930,1,14142,9844,23393,1,24:00,2022,2023
2022-23,1629723,John Konchar,John,1610612763,MEM,Memphis Grizzlies,22201100,2023-03-24T00:00:00,MEM vs. HOU,W,18.366666666666667,0.0,0.0,0.0,0.0,10.5,10.5,41.8,78.4,2.6,2.6,0.0,0.0,38.2,1,1,1,1,17147,12084,10381,10252,19499,7198,10465,25403,1266,3462,22709,1,17929,14987,1,18:22,2022,2023
2022-23,1630583,Santi Aldama,Santi,1610612763,MEM,Memphis Grizzlies,22201088,2023-03-22T00:00:00,MEM vs. HOU,W,21.08333333333333,0.0,0.0,0.0,4.6,9.1,13.7,18.2,72.9,0.0,0.0,2.3,0.0,24.4,1,1,1,1,15146,12084,10381,10252,17077,6025,14222,18644,2110,7930,1,8490,17929,21337,1,21:05,2022,2023
2022-23,1631223,David Roddy,David,1610612763,MEM,Memphis Grizzlies,22201088,2023-03-22T00:00:00,MEM vs. HOU,W,24.685,9.7,7.8,3.9,11.7,13.6,3.9,21.4,62.2,1.9,1.9,3.9,3.9,41.0,1,1,1,1,12361,1932,2734,6922,8685,10389,4148,20911,5392,4829,21198,13761,10173,13376,1,24:41,2022,2023
2022-23,1629723,John Konchar,John,1610612763,MEM,Memphis Grizzlies,22201088,2023-03-22T00:00:00,MEM vs. HOU,W,15.3,6.3,0.0,6.3,6.3,12.5,12.5,12.5,69.0,0.0,0.0,6.3,0.0,38.9,1,1,1,1,19246,4861,10381,3772,14779,9229,12922,13035,3025,7930,1,20019,17929,14566,1,15:18,2022,2023
2022-23,1630214,Xavier Tillman,Xavier,1610612763,MEM,Memphis Grizzlies,22201088,2023-03-22T00:00:00,MEM vs. HOU,W,19.33333333333333,0.0,0.0,0.0,9.9,19.9,5.0,39.7,69.5,0.0,0.0,7.4,0.0,14.6,1,1,1,1,16445,12084,10381,10252,10499,16875,4882,25289,2872,7930,1,21876,17929,23833,1,19:20,2022,2023
2022-23,1628379,Luke Kennard,Luke,1610612763,MEM,Memphis Grizzlies,22201088,2023-03-22T00:00:00,MEM vs. HOU,W,24.766666666666666,11.6,0.0,5.8,0.0,9.7,15.5,25.2,62.0,0.0,0.0,0.0,3.9,35.5,1,1,1,1,12300,1171,10381,4266,19499,6531,16309,22743,5488,7930,1,1,10200,16390,1,24:46,2022,2023
2022-23,1626145,Tyus Jones,Tyus,1610612763,MEM,Memphis Grizzlies,22201088,2023-03-22T00:00:00,MEM vs. HOU,W,26.8,0.0,0.0,5.4,7.2,14.3,7.2,28.7,71.6,0.0,0.0,1.8,1.8,50.3,1,1,1,1,10729,12084,10381,4803,13801,11183,6927,23867,2361,7930,1,7343,15983,8488,1,26:48,2022,2023
2022-23,1630217,Desmond Bane,Desmond,1610612763,MEM,Memphis Grizzlies,22201088,2023-03-22T00:00:00,MEM vs. HOU,W,35.13333333333333,2.7,2.7,8.2,8.2,16.4,13.7,16.4,43.7,0.0,1.4,1.4,4.1,50.7,1,1,1,1,3633,10960,9262,2261,12485,13473,14224,17105,16829,7930,18680,5876,9595,8309,1,35:08,2022,2023
2022-23,1628991,Jaren Jackson Jr.,Jaren,1610612763,MEM,Memphis Grizzlies,22201088,2023-03-22T00:00:00,MEM vs. HOU,W,35.335,8.2,8.2,0.0,35.3,16.3,10.9,16.3,48.9,2.7,1.4,5.4,9.5,77.4,1,1,1,1,3483,2916,2486,10252,301,13393,10968,17011,13431,3216,18633,18276,1809,1209,1,35:20,2022,2023
2022-23,1629630,Ja Morant,Ja,1610612763,MEM,Memphis Grizzlies,22201088,2023-03-22T00:00:00,MEM vs. HOU,W,23.78333333333333,6.1,6.1,0.0,24.2,12.1,20.2,8.1,44.4,2.0,0.0,6.1,16.1,73.3,1,1,1,1,13057,5172,4291,10252,1442,8781,20617,8180,16389,4639,1,19618,208,1638,1,23:47,2022,2023
2022-23,1631254,Kenneth Lofton Jr.,Kenneth,1610612763,MEM,Memphis Grizzlies,22201088,2023-03-22T00:00:00,MEM vs. HOU,W,13.78,0.0,0.0,7.0,13.9,13.9,20.9,13.9,48.8,0.0,0.0,13.9,7.0,44.6,1,1,1,1,20173,12084,10381,3164,6552,10769,21139,14568,13523,7930,1,25159,4258,11444,1,13:47,2022,2023
2022-23,1628991,Jaren Jackson Jr.,Jaren,1610612763,MEM,Memphis Grizzlies,22201075,2023-03-20T00:00:00,MEM vs. DAL,W,23.166666666666668,4.1,16.6,4.1,37.3,10.4,8.3,10.4,62.2,2.1,2.1,10.4,12.4,77.3,1,1,1,1,13516,8131,331,6539,235,7104,8134,10541,5417,4519,21506,24197,668,1223,1,23:10,2022,2023
2022-23,1630583,Santi Aldama,Santi,1610612763,MEM,Memphis Grizzlies,22201075,2023-03-20T00:00:00,MEM vs. DAL,W,27.866666666666667,8.6,13.8,0.0,13.8,15.5,3.4,10.3,34.4,0.0,0.0,1.7,10.3,72.0,1,1,1,1,9841,2592,637,10252,6679,12510,3892,10515,21751,7930,1,7148,1378,1812,1,27:52,2022,2023
2022-23,1628379,Luke Kennard,Luke,1610612763,MEM,Memphis Grizzlies,22201075,2023-03-20T00:00:00,MEM vs. DAL,W,24.85,0.0,3.9,0.0,3.9,3.9,7.7,7.7,34.8,0.0,0.0,1.9,0.0,31.5,1,1,1,1,12230,12084,7145,10252,17794,2779,7518,7846,21626,7930,1,7692,17929,18374,1,24:51,2022,2023
2022-23,1631223,David Roddy,David,1610612763,MEM,Memphis Grizzlies,22201075,2023-03-20T00:00:00,MEM vs. DAL,W,20.29833333333333,0.0,4.7,4.7,9.5,16.6,4.7,4.7,14.2,0.0,2.4,4.7,2.4,27.7,1,1,1,1,15744,12084,5864,5707,11046,13645,4704,5046,25148,7930,22118,16423,14478,20036,1,20:18,2022,2023
2022-23,1628415,Dillon Brooks,Dillon,1610612763,MEM,Memphis Grizzlies,22201075,2023-03-20T00:00:00,MEM vs. DAL,W,29.65,3.2,0.0,3.2,6.5,11.3,6.5,11.3,58.3,0.0,0.0,4.9,3.2,39.3,1,1,1,1,8405,9807,10381,8035,14539,8040,6234,11652,7329,7930,1,16792,11821,14328,1,29:39,2022,2023
2022-23,1630214,Xavier Tillman,Xavier,1610612763,MEM,Memphis Grizzlies,22201075,2023-03-20T00:00:00,MEM vs. DAL,W,26.116666666666667,0.0,3.7,0.0,3.7,22.1,7.4,16.5,47.8,1.8,0.0,3.7,1.8,25.0,1,1,1,1,11238,12084,7468,10252,18015,18864,7134,17246,14173,5105,1,13023,15860,21090,1,26:07,2022,2023
2022-23,1630217,Desmond Bane,Desmond,1610612763,MEM,Memphis Grizzlies,22201075,2023-03-20T00:00:00,MEM vs. DAL,W,34.56666666666667,2.8,0.0,5.6,13.9,19.4,8.3,15.3,44.4,0.0,2.8,2.8,2.8,33.6,1,1,1,1,4125,10844,10381,4572,6590,16485,8189,15966,16364,7930,23108,10189,13193,17345,1,34:34,2022,2023
2022-23,1629723,John Konchar,John,1610612763,MEM,Memphis Grizzlies,22201075,2023-03-20T00:00:00,MEM vs. DAL,W,18.066666666666663,0.0,0.0,0.0,0.0,18.6,0.0,5.3,31.9,2.7,0.0,5.3,2.7,47.6,1,1,1,1,17350,12084,10381,10252,19499,15661,1,5522,22669,3355,1,17984,13617,9899,1,18:04,2022,2023
2022-23,1626145,Tyus Jones,Tyus,1610612763,MEM,Memphis Grizzlies,22201075,2023-03-20T00:00:00,MEM vs. DAL,W,35.41833333333334,0.0,0.0,0.0,2.7,9.5,5.4,12.2,54.2,0.0,0.0,0.0,0.0,39.8,1,1,1,1,3408,12084,10381,10252,19215,6338,5308,12655,9839,7930,1,1,17929,14045,1,35:25,2022,2023
2022-23,1630217,Desmond Bane,Desmond,1610612763,MEM,Memphis Grizzlies,22201061,2023-03-18T00:00:00,MEM vs. GSW,W,34.11666666666667,4.2,0.0,11.3,11.3,4.2,26.7,2.8,36.6,0.0,1.4,1.4,7.0,46.1,1,1,1,1,4508,7994,10381,1002,9079,2910,23652,3874,20819,7930,18935,6038,4158,10595,1,34:07,2022,2023
2022-23,1631254,Kenneth Lofton Jr.,Kenneth,1610612763,MEM,Memphis Grizzlies,22201061,2023-03-18T00:00:00,MEM vs. GSW,W,3.0,0.0,32.0,0.0,32.0,96.0,32.0,32.0,96.0,0.0,0.0,16.0,0.0,51.2,1,1,1,1,24818,12084,64,10252,439,25814,24807,24517,389,7930,1,25391,17929,8074,1,3:00,2022,2023
2022-23,1628415,Dillon Brooks,Dillon,1610612763,MEM,Memphis Grizzlies,22201061,2023-03-18T00:00:00,MEM vs. GSW,W,29.016666666666666,0.0,5.0,5.0,9.9,9.9,33.1,6.6,46.3,0.0,0.0,8.3,3.3,43.2,1,1,1,1,8936,12084,5577,5361,10506,6713,24961,6713,15131,7930,1,22829,11631,12232,1,29:01,2022,2023
2022-23,1631222,Jake LaRavia,Jake,1610612763,MEM,Memphis Grizzlies,22201061,2023-03-18T00:00:00,MEM vs. GSW,W,3.0,0.0,0.0,0.0,0.0,96.0,32.0,32.0,96.0,0.0,0.0,16.0,0.0,0.0,1,1,1,1,24818,12084,10381,10252,19499,25814,24807,24517,389,7930,1,25391,17929,24963,1,3:00,2022,2023
2022-23,1631223,David Roddy,David,1610612763,MEM,Memphis Grizzlies,22201061,2023-03-18T00:00:00,MEM vs. GSW,W,20.063333333333333,0.0,4.8,0.0,0.0,7.2,16.7,0.0,38.3,0.0,2.4,4.8,4.8,35.6,1,1,1,1,15912,12084,5788,10252,19499,4467,17584,1,19961,7930,22181,16591,8074,16286,1,20:04,2022,2023
2022-23,1629723,John Konchar,John,1610612763,MEM,Memphis Grizzlies,22201061,2023-03-18T00:00:00,MEM vs. GSW,W,15.066666666666666,0.0,0.0,0.0,0.0,19.1,28.7,12.7,57.3,0.0,0.0,12.7,6.4,30.6,1,1,1,1,19392,12084,10381,10252,19499,16174,24209,13224,7858,7930,1,24952,5116,18791,1,15:04,2022,2023
2022-23,1630583,Santi Aldama,Santi,1610612763,MEM,Memphis Grizzlies,22201061,2023-03-18T00:00:00,MEM vs. GSW,W,18.04,10.6,0.0,5.3,10.6,16.0,23.9,16.0,53.2,2.7,0.0,5.3,0.0,32.2,1,1,1,1,17378,1510,10381,4872,9701,13018,22647,16703,10491,3347,1,18005,17929,18060,1,18:02,2022,2023
2022-23,1628991,Jaren Jackson Jr.,Jaren,1610612763,MEM,Memphis Grizzlies,22201061,2023-03-18T00:00:00,MEM vs. GSW,W,29.16333333333333,4.9,8.2,0.0,29.6,9.9,37.9,9.9,39.5,6.6,3.3,4.9,11.5,92.0,1,1,1,1,8827,6807,2435,10252,615,6674,25352,10034,19329,537,24000,16995,907,416,1,29:10,2022,2023
2022-23,1626145,Tyus Jones,Tyus,1610612763,MEM,Memphis Grizzlies,22201061,2023-03-18T00:00:00,MEM vs. GSW,W,30.196666666666665,3.2,3.2,4.8,12.7,9.5,41.3,9.5,41.3,0.0,0.0,0.0,3.2,57.9,1,1,1,1,7962,9929,8246,5651,7665,6382,25517,9661,18299,7930,1,1,11987,5335,1,30:12,2022,2023
2022-23,1630214,Xavier Tillman,Xavier,1610612763,MEM,Memphis Grizzlies,22201061,2023-03-18T00:00:00,MEM vs. GSW,W,32.483333333333334,5.9,3.0,3.0,17.7,4.4,23.6,0.0,35.5,0.0,3.0,3.0,1.5,56.9,1,1,1,1,5936,5341,8699,8619,3942,2973,22538,1,21314,7930,23506,10878,17126,5700,1,32:29,2022,2023
2022-23,1628379,Luke Kennard,Luke,1610612763,MEM,Memphis Grizzlies,22201061,2023-03-18T00:00:00,MEM vs. GSW,W,22.85333333333333,0.0,6.3,6.3,4.2,6.3,31.5,12.6,42.0,0.0,2.1,6.3,0.0,53.1,1,1,1,1,13743,12084,4022,3750,17437,3881,24741,13082,17904,7930,21573,20063,17929,7178,1,22:51,2022,2023
2022-23,1631113,Kennedy Chandler,Kennedy,1610612763,MEM,Memphis Grizzlies,22201061,2023-03-18T00:00:00,MEM vs. GSW,W,3.0,0.0,0.0,0.0,0.0,96.0,32.0,32.0,96.0,0.0,16.0,0.0,0.0,24.0,1,1,1,1,24818,12084,10381,10252,19499,25814,24807,24517,389,7930,25863,1,17929,21446,1,3:00,2022,2023
2022-23,1631223,David Roddy,David,1610612763,MEM,Memphis Grizzlies,22201052,2023-03-17T00:00:00,MEM @ SAS,W,12.693333333333332,0.0,0.0,0.0,7.6,18.9,18.9,0.0,30.3,0.0,3.8,11.3,0.0,16.6,1,1,1,1,20779,12084,10381,10252,13337,15970,19644,1,23128,7930,24467,24542,17929,23434,1,12:42,2022,2023
2022-23,1630217,Desmond Bane,Desmond,1610612763,MEM,Memphis Grizzlies,22201052,2023-03-17T00:00:00,MEM @ SAS,W,38.89,3.7,0.0,2.5,12.3,13.6,13.6,3.7,27.2,1.2,2.5,6.2,2.5,65.5,1,1,1,1,1064,8929,10381,9786,8039,10350,14124,4381,23862,7618,22354,19841,14212,3040,1,38:53,2022,2023
2022-23,1628415,Dillon Brooks,Dillon,1610612763,MEM,Memphis Grizzlies,22201052,2023-03-17T00:00:00,MEM @ SAS,W,40.38333333333333,3.6,2.4,0.0,2.4,11.9,9.5,5.9,33.3,1.2,0.0,1.2,3.6,38.6,1,1,1,1,532,9176,9995,10252,19463,8526,9388,6106,22191,7762,1,5272,11013,14723,1,40:23,2022,2023
2022-23,1630214,Xavier Tillman,Xavier,1610612763,MEM,Memphis Grizzlies,22201052,2023-03-17T00:00:00,MEM @ SAS,W,21.05333333333333,4.6,9.1,4.6,18.2,11.4,11.4,0.0,27.4,0.0,0.0,4.6,2.3,51.8,1,1,1,1,15176,7413,1949,5926,3660,8114,11591,1,23818,7930,1,15962,14702,7823,1,21:03,2022,2023
2022-23,1630583,Santi Aldama,Santi,1610612763,MEM,Memphis Grizzlies,22201052,2023-03-17T00:00:00,MEM @ SAS,W,17.216666666666665,0.0,0.0,0.0,0.0,25.1,33.5,5.6,39.0,2.8,2.8,5.6,0.0,30.7,1,1,1,1,17981,12084,10381,10252,19499,20989,25010,5756,19596,3077,23133,18594,17929,18747,1,17:13,2022,2023
2022-23,1628991,Jaren Jackson Jr.,Jaren,1610612763,MEM,Memphis Grizzlies,22201052,2023-03-17T00:00:00,MEM @ SAS,W,42.78333333333333,4.5,4.5,0.0,26.9,9.0,3.4,5.6,29.2,4.5,0.0,5.6,6.7,51.0,1,1,1,1,192,7544,6205,10252,964,5910,3846,5788,23411,1324,1,18680,4585,8138,1,42:47,2022,2023
2022-23,1628379,Luke Kennard,Luke,1610612763,MEM,Memphis Grizzlies,22201052,2023-03-17T00:00:00,MEM @ SAS,W,31.53333333333333,6.1,0.0,1.5,0.0,12.2,12.2,7.6,42.6,0.0,0.0,3.0,1.5,44.0,1,1,1,1,6794,5122,10381,10144,19499,8849,12487,7715,17536,7930,1,11170,16947,11799,1,31:32,2022,2023
2022-23,1631254,Kenneth Lofton Jr.,Kenneth,1610612763,MEM,Memphis Grizzlies,22201052,2023-03-17T00:00:00,MEM @ SAS,W,13.516666666666667,0.0,7.1,7.1,21.3,17.8,17.8,0.0,35.5,3.6,0.0,7.1,7.1,77.8,1,1,1,1,20311,12084,3240,3049,2332,14846,18608,1,21283,2041,1,21395,4058,1175,1,13:31,2022,2023
2022-23,1626145,Tyus Jones,Tyus,1610612763,MEM,Memphis Grizzlies,22201052,2023-03-17T00:00:00,MEM @ SAS,W,42.38666666666666,2.3,6.8,0.0,9.1,13.6,9.1,5.7,31.7,0.0,0.0,2.3,4.5,57.8,1,1,1,1,231,11757,3522,10252,11473,10363,8929,5853,22713,7930,1,8464,8637,5372,1,42:23,2022,2023
2022-23,1629723,John Konchar,John,1610612763,MEM,Memphis Grizzlies,22201052,2023-03-17T00:00:00,MEM @ SAS,W,4.543333333333333,0.0,0.0,0.0,0.0,21.1,0.0,0.0,42.3,10.6,0.0,0.0,0.0,72.9,1,1,1,1,24107,12084,10381,10252,19499,18051,1,1,17757,148,1,1,17929,1679,1,4:33,2022,2023
2022-23,1628991,Jaren Jackson Jr.,Jaren,1610612763,MEM,Memphis Grizzlies,22201036,2023-03-15T00:00:00,MEM @ MIA,L,28.166666666666668,5.1,3.4,0.0,20.4,34.1,20.4,17.0,47.7,1.7,0.0,3.4,6.8,77.2,1,12947,12947,12947,9593,6534,7858,10252,2652,24135,20825,17645,14220,5489,1,12226,4453,1227,1,28:10,2022,2023
2022-23,1631113,Kennedy Chandler,Kennedy,1610612763,MEM,Memphis Grizzlies,22201036,2023-03-15T00:00:00,MEM @ MIA,L,7.866666666666666,0.0,0.0,0.0,24.4,12.2,24.4,24.4,109.8,0.0,0.0,0.0,6.1,58.0,1,12947,12947,12947,22816,12084,10381,10252,1392,8881,22842,22418,184,7930,1,1,5518,5311,1,7:52,2022,2023
2022-23,1630533,Ziaire Williams,Ziaire,1610612763,MEM,Memphis Grizzlies,22201036,2023-03-15T00:00:00,MEM @ MIA,L,12.0,28.0,0.0,20.0,32.0,8.0,16.0,16.0,88.0,0.0,0.0,4.0,8.0,67.6,1,12947,12947,12947,21149,95,10381,146,439,5083,16815,16733,610,7930,1,14142,3059,2586,1,12:00,2022,2023
2022-23,1631254,Kenneth Lofton Jr.,Kenneth,1610612763,MEM,Memphis Grizzlies,22201036,2023-03-15T00:00:00,MEM @ MIA,L,12.0,0.0,8.0,12.0,16.0,8.0,16.0,16.0,88.0,0.0,4.0,12.0,4.0,62.4,1,12947,12947,12947,21149,12084,2589,818,4978,5083,16815,16733,610,7930,24659,24748,9844,3837,1,12:00,2022,2023
2022-23,1629723,John Konchar,John,1610612763,MEM,Memphis Grizzlies,22201036,2023-03-15T00:00:00,MEM @ MIA,L,22.1,0.0,0.0,0.0,0.0,19.5,19.5,13.0,65.2,0.0,0.0,4.3,0.0,34.3,1,12947,12947,12947,14351,12084,10381,10252,19499,16588,20145,13536,4249,7930,1,15341,17929,16993,1,22:06,2022,2023
2022-23,1628415,Dillon Brooks,Dillon,1610612763,MEM,Memphis Grizzlies,22201036,2023-03-15T00:00:00,MEM @ MIA,L,26.5,0.0,0.0,0.0,3.6,32.6,18.1,14.5,47.1,0.0,0.0,5.4,5.4,14.3,1,12947,12947,12947,10967,12084,10381,10252,18066,23843,18928,15143,14650,7930,1,18277,6705,23895,1,26:30,2022,2023
2022-23,1631223,David Roddy,David,1610612763,MEM,Memphis Grizzlies,22201036,2023-03-15T00:00:00,MEM @ MIA,L,17.85,0.0,5.4,0.0,0.0,21.5,18.8,18.8,59.2,0.0,0.0,2.7,2.7,32.0,1,12947,12947,12947,17500,12084,5049,10252,19499,18397,19569,19134,6852,7930,1,9847,13503,18136,1,17:51,2022,2023
2022-23,1630214,Xavier Tillman,Xavier,1610612763,MEM,Memphis Grizzlies,22201036,2023-03-15T00:00:00,MEM @ MIA,L,22.841666666666665,0.0,4.2,0.0,16.8,23.1,10.5,14.7,63.0,0.0,2.1,4.2,0.0,33.8,1,12947,12947,12947,13757,12084,6616,10252,4490,19677,10534,15383,5075,7930,21576,14882,17929,17235,1,22:51,2022,2023
2022-23,1626145,Tyus Jones,Tyus,1610612763,MEM,Memphis Grizzlies,22201036,2023-03-15T00:00:00,MEM @ MIA,L,28.275,5.1,0.0,3.4,13.6,34.0,20.4,17.0,47.5,0.0,0.0,1.7,0.0,34.5,1,12947,12947,12947,9508,6562,10381,7775,6854,24111,20762,17607,14364,7930,1,7084,17929,16930,1,28:17,2022,2023
2022-23,1630217,Desmond Bane,Desmond,1610612763,MEM,Memphis Grizzlies,22201036,2023-03-15T00:00:00,MEM @ MIA,L,21.9,0.0,0.0,0.0,8.8,24.1,11.0,15.3,61.4,0.0,4.4,6.6,2.2,40.1,1,12947,12947,12947,14491,12084,10381,10252,11832,20367,11072,16047,5764,7930,24946,20566,14928,13897,1,21:54,2022,2023
2022-23,1630583,Santi Aldama,Santi,1610612763,MEM,Memphis Grizzlies,22201036,2023-03-15T00:00:00,MEM @ MIA,L,20.78333333333333,0.0,4.6,0.0,9.2,25.4,4.6,16.2,50.8,0.0,0.0,0.0,2.3,36.5,1,12947,12947,12947,15357,12084,6011,10252,11270,21156,4619,16890,12135,7930,1,1,14624,15877,1,20:47,2022,2023
2022-23,1628379,Luke Kennard,Luke,1610612763,MEM,Memphis Grizzlies,22201036,2023-03-15T00:00:00,MEM @ MIA,L,19.716666666666665,7.3,7.3,0.0,0.0,14.6,14.6,14.6,82.8,0.0,2.4,4.9,4.9,50.9,1,12947,12947,12947,16155,3698,3095,10252,19499,11491,15281,15272,873,7930,22277,16818,7887,8215,1,19:43,2022,2023
2022-23,1630583,Santi Aldama,Santi,1610612763,MEM,Memphis Grizzlies,22201023,2023-03-13T00:00:00,MEM @ DAL,W,21.5,4.5,0.0,8.9,13.4,4.5,6.7,20.1,40.2,0.0,0.0,4.5,4.5,49.8,1,1,1,1,14793,7583,10381,1846,7018,2984,6452,20091,18947,7930,1,15667,8770,8793,1,21:30,2022,2023
2022-23,1630217,Desmond Bane,Desmond,1610612763,MEM,Memphis Grizzlies,22201023,2023-03-13T00:00:00,MEM @ DAL,W,29.17,0.0,3.3,6.6,13.2,6.6,0.0,9.9,39.5,0.0,0.0,3.3,6.6,66.0,1,1,1,1,8814,12084,8046,3476,7211,4064,1,10031,19338,7930,1,11906,4823,2921,1,29:10,2022,2023
2022-23,1628991,Jaren Jackson Jr.,Jaren,1610612763,MEM,Memphis Grizzlies,22201023,2023-03-13T00:00:00,MEM @ DAL,W,23.9,0.0,4.0,0.0,4.0,8.0,10.0,10.0,24.1,0.0,2.0,8.0,4.0,26.1,1,1,1,1,12970,12084,6871,10252,17618,5128,9996,10190,24338,7930,21355,22557,9809,20678,1,23:54,2022,2023
2022-23,1629723,John Konchar,John,1610612763,MEM,Memphis Grizzlies,22201023,2023-03-13T00:00:00,MEM @ DAL,W,24.6,2.0,2.0,2.0,0.0,2.0,11.7,17.6,23.4,2.0,0.0,2.0,3.9,22.2,1,1,1,1,12426,11836,10181,10048,19499,2406,11926,18097,24444,4808,1,7752,10141,22014,1,24:36,2022,2023
2022-23,1628379,Luke Kennard,Luke,1610612763,MEM,Memphis Grizzlies,22201023,2023-03-13T00:00:00,MEM @ DAL,W,17.35,0.0,0.0,0.0,5.5,2.8,5.5,16.6,38.7,0.0,0.0,5.5,0.0,20.5,1,1,1,1,17880,12084,10381,10252,15833,2488,5399,17305,19737,7930,1,18488,17929,22532,1,17:21,2022,2023
2022-23,1626145,Tyus Jones,Tyus,1610612763,MEM,Memphis Grizzlies,22201023,2023-03-13T00:00:00,MEM @ DAL,W,32.416666666666664,3.0,0.0,4.4,3.0,8.9,11.8,14.8,29.6,0.0,0.0,0.0,0.0,30.4,1,1,1,1,5983,10408,10381,6098,18924,5840,12102,15478,23283,7930,1,1,17929,18879,1,32:25,2022,2023
2022-23,1631254,Kenneth Lofton Jr.,Kenneth,1610612763,MEM,Memphis Grizzlies,22201023,2023-03-13T00:00:00,MEM @ DAL,W,2.6,0.0,36.9,0.0,36.9,18.5,36.9,36.9,73.8,0.0,18.5,18.5,0.0,103.4,1,1,1,1,25013,12084,46,10252,245,15526,25284,25102,1924,7930,25870,25561,17929,206,1,2:36,2022,2023
2022-23,1631223,David Roddy,David,1610612763,MEM,Memphis Grizzlies,22201023,2023-03-13T00:00:00,MEM @ DAL,W,26.26333333333333,11.0,3.7,14.6,18.3,3.7,12.8,21.9,29.2,1.8,1.8,5.5,1.8,57.6,1,1,1,1,11137,1389,7490,419,3637,2715,13202,21215,23386,5130,20898,18393,15886,5448,1,26:16,2022,2023
2022-23,1630214,Xavier Tillman,Xavier,1610612763,MEM,Memphis Grizzlies,22201023,2023-03-13T00:00:00,MEM @ DAL,W,24.5,0.0,0.0,7.8,11.8,11.8,9.8,13.7,39.2,2.0,0.0,2.0,7.8,56.8,1,1,1,1,12496,12084,10381,2502,8593,8412,9719,14313,19502,4785,1,7769,3212,5732,1,24:30,2022,2023
2022-23,1628415,Dillon Brooks,Dillon,1610612763,MEM,Memphis Grizzlies,22201023,2023-03-13T00:00:00,MEM @ DAL,W,32.5,3.0,4.4,0.0,5.9,8.9,11.8,14.8,32.5,0.0,0.0,1.5,1.5,53.3,1,1,1,1,5921,10421,6282,10252,15275,5818,12071,15432,22453,7930,1,6321,17129,7114,1,32:30,2022,2023
2022-23,1631113,Kennedy Chandler,Kennedy,1610612763,MEM,Memphis Grizzlies,22201023,2023-03-13T00:00:00,MEM @ DAL,W,2.6,0.0,0.0,0.0,0.0,18.5,36.9,36.9,73.8,0.0,0.0,0.0,0.0,0.0,1,1,1,1,25013,12084,10381,10252,19499,15526,25284,25102,1924,7930,1,1,17929,24963,1,2:36,2022,2023
2022-23,1630533,Ziaire Williams,Ziaire,1610612763,MEM,Memphis Grizzlies,22201023,2023-03-13T00:00:00,MEM @ DAL,W,2.6,0.0,0.0,0.0,0.0,18.5,36.9,36.9,73.8,0.0,0.0,0.0,0.0,0.0,1,1,1,1,25013,12084,10381,10252,19499,15526,25284,25102,1924,7930,1,1,17929,24963,1,2:36,2022,2023
2022-23,1630214,Xavier Tillman,Xavier,1610612763,MEM,Memphis Grizzlies,22201010,2023-03-11T00:00:00,MEM vs. DAL,W,27.6,3.5,7.0,3.5,20.9,26.1,13.9,13.9,38.3,1.7,1.7,1.7,3.5,48.0,1,1,1,1,10087,9325,3359,7614,2508,21519,14475,14542,19975,5356,20597,7201,11213,9669,1,27:36,2022,2023
2022-23,1629723,John Konchar,John,1610612763,MEM,Memphis Grizzlies,22201010,2023-03-11T00:00:00,MEM vs. DAL,W,11.6,0.0,0.0,0.0,0.0,20.7,0.0,16.6,33.1,0.0,0.0,8.3,0.0,9.9,1,1,1,1,21401,12084,10381,10252,19499,17666,1,17256,22262,7930,1,22831,17929,24479,1,11:36,2022,2023
2022-23,1628415,Dillon Brooks,Dillon,1610612763,MEM,Memphis Grizzlies,22201010,2023-03-11T00:00:00,MEM vs. DAL,W,33.9,0.0,0.0,0.0,5.7,15.6,8.5,8.5,34.0,0.0,0.0,4.2,1.4,29.0,1,1,1,1,4713,12084,10381,10252,15621,12595,8353,8576,21932,7930,1,15039,17332,19479,1,33:54,2022,2023
2022-23,1628991,Jaren Jackson Jr.,Jaren,1610612763,MEM,Memphis Grizzlies,22201010,2023-03-11T00:00:00,MEM vs. DAL,W,33.266666666666666,4.3,2.9,0.0,8.7,13.0,8.7,11.5,37.5,2.9,0.0,4.3,8.7,39.5,1,1,1,1,5247,7815,8867,10252,11942,9691,8505,11892,20334,2915,1,15285,2461,14217,1,33:16,2022,2023
2022-23,1630583,Santi Aldama,Santi,1610612763,MEM,Memphis Grizzlies,22201010,2023-03-11T00:00:00,MEM vs. DAL,W,22.616666666666667,0.0,8.5,4.2,21.2,12.7,10.6,8.5,42.4,2.1,0.0,4.2,0.0,41.4,1,1,1,1,13927,12084,2286,6384,2364,9424,10635,8573,17649,4409,1,15027,17929,13202,1,22:37,2022,2023
2022-23,1626145,Tyus Jones,Tyus,1610612763,MEM,Memphis Grizzlies,22201010,2023-03-11T00:00:00,MEM vs. DAL,W,33.016666666666666,0.0,0.0,4.4,2.9,18.9,8.7,8.7,29.1,0.0,0.0,0.0,2.9,49.1,1,1,1,1,5463,12084,10381,6218,19001,15962,8572,8798,23438,7930,1,1,12785,9109,1,33:01,2022,2023
2022-23,1628379,Luke Kennard,Luke,1610612763,MEM,Memphis Grizzlies,22201010,2023-03-11T00:00:00,MEM vs. DAL,W,20.8,0.0,6.9,0.0,0.0,23.1,18.5,9.2,36.9,0.0,0.0,4.6,0.0,44.1,1,1,1,1,15342,12084,3392,10252,19499,19641,19262,9317,20644,7930,1,16108,17929,11744,1,20:48,2022,2023
2022-23,1631223,David Roddy,David,1610612763,MEM,Memphis Grizzlies,22201010,2023-03-11T00:00:00,MEM vs. DAL,W,22.53333333333333,4.3,8.5,10.7,25.6,17.0,17.0,4.3,42.6,2.1,0.0,0.0,2.1,76.3,1,1,1,1,14000,7939,2265,1167,1178,14140,17885,4713,17548,4391,1,1,15101,1309,1,22:32,2022,2023
2022-23,1630217,Desmond Bane,Desmond,1610612763,MEM,Memphis Grizzlies,22201010,2023-03-11T00:00:00,MEM vs. DAL,W,34.666666666666664,6.9,0.0,9.7,11.1,11.1,11.1,11.1,47.1,0.0,2.8,4.2,6.9,58.7,1,1,1,1,4029,4094,10381,1524,9255,7785,11214,11319,14667,7930,23083,14706,4313,4996,1,34:40,2022,2023
2022-23,1628415,Dillon Brooks,Dillon,1610612763,MEM,Memphis Grizzlies,22200996,2023-03-09T00:00:00,MEM vs. GSW,W,34.49166666666667,9.7,0.0,2.8,13.9,0.0,12.5,15.3,41.7,1.4,0.0,4.2,2.8,47.0,1,1,1,1,4185,1919,10381,9015,6563,1,12885,16006,18053,6804,1,14776,13181,10142,1,34:30,2022,2023
2022-23,1630214,Xavier Tillman,Xavier,1610612763,MEM,Memphis Grizzlies,22200996,2023-03-09T00:00:00,MEM vs. GSW,W,22.25,0.0,4.3,4.3,21.6,0.0,8.6,12.9,34.5,0.0,0.0,8.6,2.2,50.9,1,1,1,1,14223,12084,6460,6287,2230,1,8477,13433,21726,7930,1,23141,15019,8199,1,22:15,2022,2023
2022-23,1631223,David Roddy,David,1610612763,MEM,Memphis Grizzlies,22200996,2023-03-09T00:00:00,MEM vs. GSW,W,6.725,0.0,0.0,0.0,28.6,57.1,14.3,21.4,42.8,7.1,0.0,0.0,7.1,100.6,1,1,1,1,23240,12084,10381,10252,738,25604,14903,20926,17404,425,1,1,4012,238,1,6:44,2022,2023
2022-23,1628991,Jaren Jackson Jr.,Jaren,1610612763,MEM,Memphis Grizzlies,22200996,2023-03-09T00:00:00,MEM vs. GSW,W,32.255,1.5,6.0,0.0,8.9,0.0,13.4,16.4,38.7,1.5,4.5,6.0,7.4,60.0,1,1,1,1,6129,11974,4399,10252,11647,1,13901,17080,19760,6315,24980,19391,3654,4550,1,32:15,2022,2023
2022-23,1631254,Kenneth Lofton Jr.,Kenneth,1610612763,MEM,Memphis Grizzlies,22200996,2023-03-09T00:00:00,MEM vs. GSW,W,1.7166666666666666,83.9,0.0,0.0,0.0,0.0,55.9,0.0,55.9,0.0,0.0,28.0,0.0,125.8,1,1,1,1,25405,9,10381,10252,19499,1,25737,1,8710,7930,1,25788,17929,76,1,1:43,2022,2023
2022-23,1630583,Santi Aldama,Santi,1610612763,MEM,Memphis Grizzlies,22200996,2023-03-09T00:00:00,MEM vs. GSW,W,29.566666666666663,0.0,8.1,0.0,3.2,13.0,8.1,13.0,26.0,0.0,0.0,0.0,3.2,38.8,1,1,1,1,8474,12084,2512,10252,18532,9696,7945,13487,24064,7930,1,1,11796,14629,1,29:34,2022,2023
2022-23,1629723,John Konchar,John,1610612763,MEM,Memphis Grizzlies,22200996,2023-03-09T00:00:00,MEM vs. GSW,W,22.188333333333333,4.3,4.3,0.0,4.3,0.0,10.8,4.3,26.0,0.0,0.0,6.5,0.0,30.1,1,1,1,1,14279,7821,6444,10252,17304,1,10899,4767,24066,7930,1,20401,17929,19002,1,22:11,2022,2023
2022-23,1628379,Luke Kennard,Luke,1610612763,MEM,Memphis Grizzlies,22200996,2023-03-09T00:00:00,MEM vs. GSW,W,17.333333333333332,0.0,0.0,0.0,0.0,22.2,5.5,8.3,33.2,0.0,0.0,0.0,2.8,28.2,1,1,1,1,17890,12084,10381,10252,19499,18936,5403,8397,22209,7930,1,1,13221,19814,1,17:20,2022,2023
2022-23,1631113,Kennedy Chandler,Kennedy,1610612763,MEM,Memphis Grizzlies,22200996,2023-03-09T00:00:00,MEM vs. GSW,W,1.7166666666666666,0.0,0.0,0.0,0.0,0.0,55.9,0.0,55.9,0.0,0.0,0.0,0.0,0.0,1,1,1,1,25405,12084,10381,10252,19499,1,25737,1,8710,7930,1,1,17929,24963,1,1:43,2022,2023
2022-23,1630533,Ziaire Williams,Ziaire,1610612763,MEM,Memphis Grizzlies,22200996,2023-03-09T00:00:00,MEM vs. GSW,W,6.7,0.0,0.0,14.3,14.3,57.3,14.3,21.5,43.0,0.0,0.0,0.0,0.0,31.5,1,1,1,1,23246,12084,10381,447,6208,25607,14966,20964,17299,7930,1,1,17929,18354,1,6:42,2022,2023
2022-23,1630217,Desmond Bane,Desmond,1610612763,MEM,Memphis Grizzlies,22200996,2023-03-09T00:00:00,MEM vs. GSW,W,31.85,3.0,4.5,6.0,18.1,12.1,6.0,18.1,39.2,0.0,0.0,3.0,4.5,48.8,1,1,1,1,6502,10287,6147,4017,3732,8712,5823,18535,19502,7930,1,11075,8657,9279,1,31:51,2022,2023
2022-23,1626145,Tyus Jones,Tyus,1610612763,MEM,Memphis Grizzlies,22200996,2023-03-09T00:00:00,MEM vs. GSW,W,33.20666666666666,1.4,0.0,0.0,11.6,0.0,13.0,15.9,37.6,0.0,0.0,1.4,2.9,71.3,1,1,1,1,5315,11988,10381,10252,8795,1,13463,16648,20295,7930,1,6201,12834,1922,1,33:12,2022,2023
2022-23,1626145,Tyus Jones,Tyus,1610612763,MEM,Memphis Grizzlies,22200984,2023-03-07T00:00:00,MEM @ LAL,L,33.916666666666664,2.8,0.0,0.0,11.3,9.9,11.3,25.5,56.6,0.0,0.0,0.0,1.4,34.1,1,12947,12947,12947,4697,10704,10381,10252,9016,6697,11494,22865,8272,7930,1,1,17337,17117,1,33:55,2022,2023
2022-23,1630217,Desmond Bane,Desmond,1610612763,MEM,Memphis Grizzlies,22200984,2023-03-07T00:00:00,MEM @ LAL,L,34.75,0.0,0.0,5.5,8.3,16.6,5.5,18.0,47.0,1.4,0.0,4.1,2.8,29.7,1,12947,12947,12947,3956,12084,10381,4606,12366,13668,5393,18418,14733,6858,1,14670,13246,19164,1,34:45,2022,2023
2022-23,1629723,John Konchar,John,1610612763,MEM,Memphis Grizzlies,22200984,2023-03-07T00:00:00,MEM @ LAL,L,21.425,0.0,0.0,4.5,9.0,24.6,4.5,15.7,53.8,0.0,0.0,4.5,6.7,28.2,1,12947,12947,12947,14863,12084,10381,6042,11614,20724,4531,16405,10126,7930,1,15721,4603,19825,1,21:26,2022,2023
2022-23,1630533,Ziaire Williams,Ziaire,1610612763,MEM,Memphis Grizzlies,22200984,2023-03-07T00:00:00,MEM @ LAL,L,5.283333333333333,0.0,0.0,0.0,18.2,27.3,0.0,18.2,54.5,0.0,0.0,9.1,0.0,33.6,1,12947,12947,12947,23804,12084,10381,10252,3695,22079,1,18616,9632,7930,1,23504,17929,17334,1,5:17,2022,2023
2022-23,1628379,Luke Kennard,Luke,1610612763,MEM,Memphis Grizzlies,22200984,2023-03-07T00:00:00,MEM @ LAL,L,18.78333333333333,5.1,5.1,0.0,0.0,12.8,15.3,12.8,51.1,0.0,0.0,2.6,7.7,50.9,1,12947,12947,12947,16852,6538,5391,10252,19499,9467,16101,13260,11914,7930,1,9299,3389,8236,1,18:47,2022,2023
2022-23,1630583,Santi Aldama,Santi,1610612763,MEM,Memphis Grizzlies,22200984,2023-03-07T00:00:00,MEM @ LAL,L,26.45833333333333,0.0,5.4,0.0,7.3,16.3,7.3,27.2,54.4,1.8,0.0,9.1,1.8,37.2,1,12947,12947,12947,10997,12084,4959,10252,13708,13420,7030,23488,9697,5166,1,23495,15925,15508,1,26:28,2022,2023
2022-23,1628415,Dillon Brooks,Dillon,1610612763,MEM,Memphis Grizzlies,22200984,2023-03-07T00:00:00,MEM @ LAL,L,26.575,5.4,0.0,3.6,7.2,7.2,10.8,23.5,50.6,1.8,0.0,9.0,0.0,29.3,1,12947,12947,12947,10908,6068,10381,7397,13734,4495,10932,22003,12298,5187,1,23465,17929,19377,1,26:35,2022,2023
2022-23,1628991,Jaren Jackson Jr.,Jaren,1610612763,MEM,Memphis Grizzlies,22200984,2023-03-07T00:00:00,MEM @ LAL,L,31.15,1.5,0.0,0.0,18.5,10.8,12.3,20.0,58.6,3.1,1.5,7.7,9.2,68.7,1,12947,12947,12947,7135,11941,10381,10252,3500,7492,12659,20046,7167,2583,19708,22192,2011,2339,1,31:09,2022,2023
2022-23,1630214,Xavier Tillman,Xavier,1610612763,MEM,Memphis Grizzlies,22200984,2023-03-07T00:00:00,MEM @ LAL,L,32.041666666666664,9.0,7.5,4.5,15.0,16.5,3.0,15.0,41.9,1.5,1.5,3.0,1.5,61.4,1,12947,12947,12947,6340,2354,2942,6017,5720,13559,3636,15673,17941,6258,19483,11018,17029,4085,1,32:03,2022,2023
2022-23,1631223,David Roddy,David,1610612763,MEM,Memphis Grizzlies,22200984,2023-03-07T00:00:00,MEM @ LAL,L,9.616666666666667,0.0,0.0,10.0,0.0,29.9,0.0,20.0,59.9,0.0,0.0,5.0,5.0,44.4,1,12947,12947,12947,22195,12084,10381,1394,19499,23132,1,19988,6453,7930,1,17142,7639,11550,1,9:37,2022,2023
2022-23,1626145,Tyus Jones,Tyus,1610612763,MEM,Memphis Grizzlies,22200970,2023-03-05T00:00:00,MEM @ LAC,L,36.48333333333333,3.9,0.0,11.8,10.5,7.9,27.6,7.9,50.0,0.0,0.0,0.0,1.3,81.0,1,12947,12947,12947,2567,8472,10381,863,9811,4989,23944,8010,12709,7930,1,1,17618,909,1,36:29,2022,2023
2022-23,1628991,Jaren Jackson Jr.,Jaren,1610612763,MEM,Memphis Grizzlies,22200970,2023-03-05T00:00:00,MEM @ LAC,L,34.79833333333333,6.9,2.8,4.1,16.6,5.5,29.0,5.5,46.9,2.8,2.8,6.9,9.7,59.3,1,12947,12947,12947,3924,4129,9188,6551,4644,3450,24267,5696,14785,3135,23066,21099,1724,4774,1,34:48,2022,2023
2022-23,1630217,Desmond Bane,Desmond,1610612763,MEM,Memphis Grizzlies,22200970,2023-03-05T00:00:00,MEM @ LAC,L,35.38333333333333,6.8,0.0,6.8,21.7,17.6,19.0,9.5,43.4,1.4,0.0,5.4,6.8,62.1,1,12947,12947,12947,3438,4252,10381,3311,2175,14741,19708,9619,17013,6989,1,18265,4504,3902,1,35:23,2022,2023
2022-23,1629723,John Konchar,John,1610612763,MEM,Memphis Grizzlies,22200970,2023-03-05T00:00:00,MEM @ LAC,L,20.001666666666665,0.0,0.0,0.0,4.8,9.6,16.8,4.8,72.0,0.0,0.0,2.4,2.4,35.0,1,12947,12947,12947,15953,12084,10381,10252,16810,6438,17630,5095,2292,7930,1,8777,14392,16627,1,20:00,2022,2023
2022-23,1630583,Santi Aldama,Santi,1610612763,MEM,Memphis Grizzlies,22200970,2023-03-05T00:00:00,MEM @ LAC,L,19.666666666666668,4.9,0.0,0.0,14.6,26.8,7.3,12.2,68.3,0.0,0.0,7.3,2.4,22.0,1,12947,12947,12947,16200,6893,10381,10252,5978,21881,7096,12658,3188,7930,1,21682,14283,22114,1,19:40,2022,2023
2022-23,1628379,Luke Kennard,Luke,1610612763,MEM,Memphis Grizzlies,22200970,2023-03-05T00:00:00,MEM @ LAC,L,28.8,5.0,0.0,5.0,0.0,15.0,13.3,11.7,56.7,0.0,0.0,1.7,0.0,39.3,1,12947,12947,12947,9095,6701,10381,5309,19499,11910,13825,12051,8248,7930,1,6988,17929,14333,1,28:48,2022,2023
2022-23,1630533,Ziaire Williams,Ziaire,1610612763,MEM,Memphis Grizzlies,22200970,2023-03-05T00:00:00,MEM @ LAC,L,5.533333333333333,0.0,0.0,0.0,0.0,26.0,0.0,26.0,17.3,0.0,0.0,26.0,0.0,26.0,1,12947,12947,12947,23694,12084,10381,10252,19499,21484,1,23069,25009,7930,1,25768,17929,20715,1,5:32,2022,2023
2022-23,1630214,Xavier Tillman,Xavier,1610612763,MEM,Memphis Grizzlies,22200970,2023-03-05T00:00:00,MEM @ LAC,L,34.333333333333336,0.0,0.0,0.0,16.8,15.4,19.6,9.8,41.9,0.0,0.0,2.8,2.8,37.0,1,12947,12947,12947,4327,12084,10381,10252,4514,12365,20167,9921,17944,7930,1,10277,13140,15577,1,34:20,2022,2023
2022-23,1631223,David Roddy,David,1610612763,MEM,Memphis Grizzlies,22200970,2023-03-05T00:00:00,MEM @ LAC,L,25.0,15.4,0.0,11.5,15.4,7.7,32.6,7.7,42.2,0.0,0.0,7.7,0.0,40.5,1,12947,12947,12947,12120,487,10381,940,5446,4810,24909,7784,17764,7930,1,22148,17929,13688,1,25:00,2022,2023
2022-23,1631246,Vince Williams Jr.,Vince,1610612763,MEM,Memphis Grizzlies,22200952,2023-03-03T00:00:00,MEM @ DEN,L,2.6166666666666667,0.0,55.0,0.0,0.0,0.0,0.0,0.0,36.7,0.0,0.0,0.0,0.0,55.0,1,12947,12947,12947,24998,12084,19,10252,19499,1,1,1,20763,7930,1,1,17929,6387,1,2:37,2022,2023
2022-23,1631254,Kenneth Lofton Jr.,Kenneth,1610612763,MEM,Memphis Grizzlies,22200952,2023-03-03T00:00:00,MEM @ DEN,L,2.6166666666666667,0.0,0.0,0.0,0.0,0.0,0.0,0.0,36.7,0.0,0.0,0.0,0.0,55.0,1,12947,12947,12947,24998,12084,10381,10252,19499,1,1,1,20763,7930,1,1,17929,6387,1,2:37,2022,2023
2022-23,1628991,Jaren Jackson Jr.,Jaren,1610612763,MEM,Memphis Grizzlies,22200952,2023-03-03T00:00:00,MEM @ DEN,L,30.8,3.1,0.0,0.0,18.7,6.2,15.6,14.0,53.0,4.7,0.0,6.2,6.2,49.4,1,12947,12947,12947,7453,10053,10381,10252,3384,3847,16391,14672,10627,1201,1,19959,5323,8971,1,30:48,2022,2023
2022-23,1630217,Desmond Bane,Desmond,1610612763,MEM,Memphis Grizzlies,22200952,2023-03-03T00:00:00,MEM @ DEN,L,29.956666666666667,11.2,4.8,3.2,6.4,11.2,24.0,17.6,54.5,0.0,1.6,3.2,4.8,34.9,1,12947,12947,12947,8158,1305,5759,8104,14611,7940,22693,18159,9659,7930,20010,11656,8020,16685,1,29:57,2022,2023
2022-23,1629634,Brandon Clarke,Brandon,1610612763,MEM,Memphis Grizzlies,22200952,2023-03-03T00:00:00,MEM @ DEN,L,2.1166666666666667,0.0,22.7,0.0,0.0,0.0,0.0,45.4,45.4,0.0,0.0,0.0,22.7,49.9,1,12947,12947,12947,25208,12084,153,10252,19499,1,1,25532,15750,7930,1,1,63,8724,1,2:07,2022,2023
2022-23,1630214,Xavier Tillman,Xavier,1610612763,MEM,Memphis Grizzlies,22200952,2023-03-03T00:00:00,MEM @ DEN,L,29.55,0.0,1.6,0.0,9.7,13.0,21.1,24.4,71.5,0.0,1.6,6.5,3.2,47.1,1,12947,12947,12947,8487,12084,10251,10252,10714,9706,21259,22401,2393,7930,20124,20417,11791,10107,1,29:33,2022,2023
2022-23,1630583,Santi Aldama,Santi,1610612763,MEM,Memphis Grizzlies,22200952,2023-03-03T00:00:00,MEM @ DEN,L,23.455,0.0,0.0,0.0,0.0,8.2,14.3,20.5,49.1,2.0,0.0,6.1,2.0,20.1,1,12947,12947,12947,13308,12084,10381,10252,19499,5259,14964,20352,13270,4578,1,19776,15289,22622,1,23:27,2022,2023
2022-23,1631113,Kennedy Chandler,Kennedy,1610612763,MEM,Memphis Grizzlies,22200952,2023-03-03T00:00:00,MEM @ DEN,L,2.6166666666666667,0.0,0.0,0.0,0.0,0.0,0.0,0.0,36.7,0.0,0.0,0.0,18.3,22.0,1,12947,12947,12947,24998,12084,10381,10252,19499,1,1,1,20763,7930,1,1,130,22104,1,2:37,2022,2023
2022-23,1626145,Tyus Jones,Tyus,1610612763,MEM,Memphis Grizzlies,22200952,2023-03-03T00:00:00,MEM @ DEN,L,12.45,0.0,0.0,0.0,0.0,3.9,15.4,7.7,30.8,0.0,3.9,0.0,0.0,20.8,1,12947,12947,12947,20926,12084,10381,10252,19499,2777,16187,7827,22971,7930,24536,1,17929,22451,1,12:27,2022,2023
2022-23,1628415,Dillon Brooks,Dillon,1610612763,MEM,Memphis Grizzlies,22200952,2023-03-03T00:00:00,MEM @ DEN,L,33.23,0.0,0.0,0.0,2.9,10.1,24.6,21.7,69.3,0.0,1.4,2.9,1.4,22.5,1,12947,12947,12947,5298,12084,10381,10252,19017,6868,22897,21068,2937,7930,19187,10640,17235,21929,1,33:14,2022,2023
2022-23,1631222,Jake LaRavia,Jake,1610612763,MEM,Memphis Grizzlies,22200952,2023-03-03T00:00:00,MEM @ DEN,L,2.6166666666666667,0.0,0.0,0.0,0.0,0.0,0.0,0.0,36.7,0.0,0.0,0.0,0.0,77.0,1,12947,12947,12947,24998,12084,10381,10252,19499,1,1,1,20763,7930,1,1,17929,1239,1,2:37,2022,2023
2022-23,1629723,John Konchar,John,1610612763,MEM,Memphis Grizzlies,22200952,2023-03-03T00:00:00,MEM @ DEN,L,14.01,0.0,10.3,0.0,0.0,3.4,0.0,13.7,41.1,6.9,3.4,17.1,3.4,79.1,1,12947,12947,12947,20038,12084,1456,10252,19499,2655,1,14304,18425,474,24139,25485,11364,1048,1,14:01,2022,2023
2022-23,1629630,Ja Morant,Ja,1610612763,MEM,Memphis Grizzlies,22200952,2023-03-03T00:00:00,MEM @ DEN,L,32.93333333333333,5.8,4.4,7.3,17.5,10.2,18.9,24.8,70.0,0.0,0.0,2.9,10.2,72.6,1,12947,12947,12947,5546,5449,6373,2896,4057,6967,19679,22576,2739,7930,1,10733,1442,1724,1,32:56,2022,2023
2022-23,1628379,Luke Kennard,Luke,1610612763,MEM,Memphis Grizzlies,22200952,2023-03-03T00:00:00,MEM @ DEN,L,18.415,0.0,0.0,0.0,0.0,2.6,15.6,26.1,67.8,0.0,0.0,5.2,0.0,18.8,1,12947,12947,12947,17123,12084,10381,10252,19499,2462,16442,23089,3361,7930,1,17721,17929,22949,1,18:25,2022,2023
2022-23,1631223,David Roddy,David,1610612763,MEM,Memphis Grizzlies,22200952,2023-03-03T00:00:00,MEM @ DEN,L,2.6166666666666667,0.0,0.0,0.0,0.0,0.0,0.0,0.0,36.7,0.0,0.0,0.0,0.0,0.0,1,12947,12947,12947,24998,12084,10381,10252,19499,1,1,1,20763,7930,1,1,17929,24963,1,2:37,2022,2023
2022-23,1630583,Santi Aldama,Santi,1610612763,MEM,Memphis Grizzlies,22200938,2023-03-01T00:00:00,MEM @ HOU,W,20.826666666666668,0.0,0.0,0.0,13.8,9.2,25.4,18.4,55.3,2.3,2.3,2.3,0.0,44.9,1,1,1,1,15332,12084,10381,10252,6636,6110,23198,18815,9115,4069,22008,8545,17929,11243,1,20:50,2022,2023
2022-23,1628415,Dillon Brooks,Dillon,1610612763,MEM,Memphis Grizzlies,22200938,2023-03-01T00:00:00,MEM @ HOU,W,27.48333333333333,5.2,0.0,3.5,3.5,8.7,15.7,3.5,41.9,0.0,1.7,5.2,3.5,43.0,1,1,1,1,10198,6333,10381,7586,18231,5717,16517,4262,17957,7930,20632,17781,11185,12350,1,27:29,2022,2023
2022-23,1626145,Tyus Jones,Tyus,1610612763,MEM,Memphis Grizzlies,22200938,2023-03-01T00:00:00,MEM @ HOU,W,21.48333333333333,0.0,0.0,0.0,4.5,13.4,26.8,24.6,49.2,0.0,2.2,0.0,0.0,28.4,1,1,1,1,14808,12084,10381,10252,17172,10146,23682,22489,13236,7930,21867,1,17929,19761,1,21:29,2022,2023
2022-23,1630533,Ziaire Williams,Ziaire,1610612763,MEM,Memphis Grizzlies,22200938,2023-03-01T00:00:00,MEM @ HOU,W,4.516666666666667,0.0,0.0,0.0,0.0,0.0,21.3,42.5,63.8,0.0,0.0,0.0,0.0,0.0,1,1,1,1,24111,12084,10381,10252,19499,1,21340,25434,4764,7930,1,1,17929,24963,1,4:31,2022,2023
2022-23,1630214,Xavier Tillman,Xavier,1610612763,MEM,Memphis Grizzlies,22200938,2023-03-01T00:00:00,MEM @ HOU,W,26.666666666666668,0.0,3.6,0.0,3.6,16.2,25.2,16.2,50.4,3.6,1.8,7.2,3.6,35.1,1,1,1,1,10833,12084,7568,10252,18092,13294,23140,16923,12429,1997,20805,21514,10918,16592,1,26:40,2022,2023
2022-23,1628379,Luke Kennard,Luke,1610612763,MEM,Memphis Grizzlies,22200938,2023-03-01T00:00:00,MEM @ HOU,W,20.2,0.0,0.0,0.0,0.0,11.9,23.8,14.3,57.0,0.0,0.0,0.0,2.4,11.6,1,1,1,1,15801,12084,10381,10252,19499,8522,22579,14901,8054,7930,1,1,14456,24288,1,20:12,2022,2023
2022-23,1629634,Brandon Clarke,Brandon,1610612763,MEM,Memphis Grizzlies,22200938,2023-03-01T00:00:00,MEM @ HOU,W,19.933333333333334,4.8,0.0,0.0,9.6,0.0,14.4,4.8,38.5,0.0,0.0,9.6,2.4,49.1,1,1,1,1,16000,7002,10381,10252,10831,1,15094,5105,19839,7930,1,23853,14369,9119,1,19:56,2022,2023
2022-23,1629723,John Konchar,John,1610612763,MEM,Memphis Grizzlies,22200938,2023-03-01T00:00:00,MEM @ HOU,W,14.633333333333333,0.0,0.0,0.0,0.0,19.7,32.8,23.0,52.5,0.0,0.0,3.3,0.0,33.5,1,1,1,1,19670,12084,10381,10252,19499,16713,24922,21780,10963,7930,1,11875,17929,17419,1,14:38,2022,2023
2022-23,1628991,Jaren Jackson Jr.,Jaren,1610612763,MEM,Memphis Grizzlies,22200938,2023-03-01T00:00:00,MEM @ HOU,W,28.57333333333333,5.0,0.0,0.0,13.4,15.1,18.5,11.8,40.3,8.4,0.0,6.7,6.7,60.1,1,1,1,1,9268,6636,10381,10252,6983,12064,19281,12155,18885,283,1,20796,4604,4504,1,28:34,2022,2023
2022-23,1629630,Ja Morant,Ja,1610612763,MEM,Memphis Grizzlies,22200938,2023-03-01T00:00:00,MEM @ HOU,W,26.516666666666666,1.8,10.9,0.0,14.5,9.1,16.3,3.6,43.4,0.0,1.8,0.0,12.7,81.3,1,1,1,1,10954,11871,1251,10252,6103,5974,17132,4338,16992,7930,20840,1,626,897,1,26:31,2022,2023
2022-23,1630217,Desmond Bane,Desmond,1610612763,MEM,Memphis Grizzlies,22200938,2023-03-01T00:00:00,MEM @ HOU,W,29.166666666666668,13.2,8.2,4.9,19.7,9.9,18.1,11.5,36.2,1.6,0.0,6.6,1.6,85.2,1,1,1,1,8815,804,2436,5400,2932,6672,18918,11864,20983,5675,1,20582,16495,683,1,29:10,2022,2023
2022-23,1629630,Ja Morant,Ja,1610612763,MEM,Memphis Grizzlies,22200927,2023-02-28T00:00:00,MEM vs. LAL,W,33.748333333333335,19.9,2.8,12.8,42.7,12.8,11.4,10.0,51.2,0.0,2.8,0.0,12.8,98.1,1,1,1,1,4841,215,8959,650,145,9500,11567,10105,11853,7930,23277,1,591,275,1,33:45,2022,2023
2022-23,1628991,Jaren Jackson Jr.,Jaren,1610612763,MEM,Memphis Grizzlies,22200927,2023-02-28T00:00:00,MEM vs. LAL,W,31.566666666666663,7.6,3.0,9.1,18.2,13.7,16.7,21.3,60.8,6.1,3.0,7.6,1.5,56.9,1,1,1,1,6764,3390,8521,1766,3655,10467,17562,20841,6017,645,23649,22066,16950,5708,1,31:34,2022,2023
2022-23,1626145,Tyus Jones,Tyus,1610612763,MEM,Memphis Grizzlies,22200927,2023-02-28T00:00:00,MEM vs. LAL,W,13.566666666666666,0.0,0.0,10.6,14.2,0.0,17.7,28.3,42.5,0.0,0.0,0.0,0.0,71.5,1,1,1,1,20286,12084,10381,1179,6358,1,18551,23786,17640,7930,1,1,17929,1887,1,13:34,2022,2023
2022-23,1630214,Xavier Tillman,Xavier,1610612763,MEM,Memphis Grizzlies,22200927,2023-02-28T00:00:00,MEM vs. LAL,W,32.5,8.9,8.9,3.0,26.6,13.3,11.8,13.3,53.2,1.5,3.0,3.0,0.0,62.3,1,1,1,1,5921,2437,2080,8621,1010,10023,12071,13824,10513,6361,23498,10872,17929,3862,1,32:30,2022,2023
2022-23,1631246,Vince Williams Jr.,Vince,1610612763,MEM,Memphis Grizzlies,22200927,2023-02-28T00:00:00,MEM vs. LAL,W,0.685,0.0,0.0,0.0,0.0,0.0,0.0,0.0,0.0,0.0,0.0,0.0,0.0,0.0,1,1,1,1,25778,12084,10381,10252,19499,1,1,1,25269,7930,1,1,17929,24963,1,0:41,2022,2023
2022-23,1631113,Kennedy Chandler,Kennedy,1610612763,MEM,Memphis Grizzlies,22200927,2023-02-28T00:00:00,MEM vs. LAL,W,0.9833333333333332,0.0,0.0,0.0,0.0,0.0,0.0,0.0,0.0,0.0,0.0,0.0,0.0,0.0,1,1,1,1,25692,12084,10381,10252,19499,1,1,1,25269,7930,1,1,17929,24963,1,0:59,2022,2023
2022-23,1631254,Kenneth Lofton Jr.,Kenneth,1610612763,MEM,Memphis Grizzlies,22200927,2023-02-28T00:00:00,MEM vs. LAL,W,0.9833333333333332,0.0,0.0,0.0,0.0,0.0,0.0,0.0,0.0,0.0,0.0,0.0,0.0,0.0,1,1,1,1,25692,12084,10381,10252,19499,1,1,1,25269,7930,1,1,17929,24963,1,0:59,2022,2023
2022-23,1630533,Ziaire Williams,Ziaire,1610612763,MEM,Memphis Grizzlies,22200927,2023-02-28T00:00:00,MEM vs. LAL,W,1.1466666666666667,0.0,0.0,0.0,0.0,0.0,0.0,0.0,0.0,0.0,0.0,0.0,0.0,0.0,1,1,1,1,25652,12084,10381,10252,19499,1,1,1,25269,7930,1,1,17929,24963,1,1:09,2022,2023
2022-23,1631223,David Roddy,David,1610612763,MEM,Memphis Grizzlies,22200927,2023-02-28T00:00:00,MEM vs. LAL,W,0.9833333333333332,0.0,0.0,0.0,0.0,0.0,0.0,0.0,0.0,0.0,0.0,0.0,0.0,0.0,1,1,1,1,25692,12084,10381,10252,19499,1,1,1,25269,7930,1,1,17929,24963,1,0:59,2022,2023
2022-23,1628379,Luke Kennard,Luke,1610612763,MEM,Memphis Grizzlies,22200927,2023-02-28T00:00:00,MEM vs. LAL,W,22.73333333333333,12.7,0.0,6.3,0.0,0.0,4.2,16.9,38.0,0.0,0.0,4.2,2.1,18.4,1,1,1,1,13836,909,10381,3725,19499,1,4349,17540,20094,7930,1,14949,15144,23057,1,22:44,2022,2023
2022-23,1629723,John Konchar,John,1610612763,MEM,Memphis Grizzlies,22200927,2023-02-28T00:00:00,MEM vs. LAL,W,13.996666666666666,0.0,0.0,0.0,0.0,0.0,10.3,24.0,61.7,0.0,6.9,0.0,6.9,4.1,1,1,1,1,20048,12084,10381,10252,19499,1,10286,22249,5626,7930,25596,1,4391,24858,1,13:60,2022,2023
2022-23,1630583,Santi Aldama,Santi,1610612763,MEM,Memphis Grizzlies,22200927,2023-02-28T00:00:00,MEM vs. LAL,W,15.45,6.2,6.2,6.2,18.6,0.0,6.2,3.1,24.9,0.0,0.0,0.0,0.0,34.5,1,1,1,1,19140,4948,4106,3839,3409,1,5984,4041,24236,7930,1,1,17929,16918,1,15:27,2022,2023
2022-23,1628415,Dillon Brooks,Dillon,1610612763,MEM,Memphis Grizzlies,22200927,2023-02-28T00:00:00,MEM vs. LAL,W,26.97,0.0,0.0,0.0,0.0,16.0,14.2,14.2,42.7,0.0,0.0,8.9,3.6,34.9,1,1,1,1,10608,12084,10381,10252,19499,13090,14865,14891,17475,7930,1,23370,11032,16713,1,26:58,2022,2023
2022-23,1629634,Brandon Clarke,Brandon,1610612763,MEM,Memphis Grizzlies,22200927,2023-02-28T00:00:00,MEM vs. LAL,W,14.516666666666667,6.6,0.0,6.6,13.2,0.0,16.5,19.8,39.7,0.0,0.0,3.3,3.3,49.6,1,1,1,1,19733,4451,10381,3442,7156,1,17363,19898,19228,7930,1,11948,11634,8875,1,14:31,2022,2023
2022-23,1630217,Desmond Bane,Desmond,1610612763,MEM,Memphis Grizzlies,22200927,2023-02-28T00:00:00,MEM vs. LAL,W,30.17,9.5,0.0,9.5,19.1,14.3,20.7,11.1,57.3,1.6,3.2,3.2,4.8,66.0,1,1,1,1,7978,2018,10381,1585,3181,11179,20987,11399,7908,5884,23862,11585,8098,2911,1,30:10,2022,2023
2022-23,1630533,Ziaire Williams,Ziaire,1610612763,MEM,Memphis Grizzlies,22200907,2023-02-25T00:00:00,MEM vs. DEN,W,4.25,0.0,0.0,0.0,0.0,22.6,0.0,33.9,22.6,0.0,0.0,11.3,0.0,2.3,1,1,1,1,24232,12084,10381,10252,19499,19265,1,24760,24543,7930,1,24520,17929,24906,1,4:15,2022,2023
2022-23,1631222,Jake LaRavia,Jake,1610612763,MEM,Memphis Grizzlies,22200907,2023-02-25T00:00:00,MEM vs. DEN,W,4.25,0.0,0.0,0.0,0.0,22.6,0.0,33.9,22.6,0.0,0.0,0.0,0.0,0.0,1,1,1,1,24232,12084,10381,10252,19499,19265,1,24760,24543,7930,1,1,17929,24963,1,4:15,2022,2023
2022-23,1628379,Luke Kennard,Luke,1610612763,MEM,Memphis Grizzlies,22200907,2023-02-25T00:00:00,MEM vs. DEN,W,24.616666666666667,5.8,0.0,0.0,0.0,7.8,15.6,7.8,46.8,0.0,1.9,0.0,1.9,33.9,1,1,1,1,12410,5428,10381,10252,19499,4895,16402,7923,14851,7930,21213,1,15542,17193,1,24:37,2022,2023
2022-23,1631223,David Roddy,David,1610612763,MEM,Memphis Grizzlies,22200907,2023-02-25T00:00:00,MEM vs. DEN,W,4.25,0.0,0.0,0.0,0.0,22.6,0.0,33.9,22.6,0.0,0.0,0.0,11.3,13.6,1,1,1,1,24232,12084,10381,10252,19499,19265,1,24760,24543,7930,1,1,979,24007,1,4:15,2022,2023
2022-23,1630583,Santi Aldama,Santi,1610612763,MEM,Memphis Grizzlies,22200907,2023-02-25T00:00:00,MEM vs. DEN,W,22.83333333333333,4.2,0.0,4.2,4.2,8.4,21.0,8.4,63.1,0.0,0.0,4.2,0.0,39.3,1,1,1,1,13760,8022,10381,6440,17431,5442,21198,8499,5059,7930,1,14884,17929,14346,1,22:50,2022,2023
2022-23,1628991,Jaren Jackson Jr.,Jaren,1610612763,MEM,Memphis Grizzlies,22200907,2023-02-25T00:00:00,MEM vs. DEN,W,20.916666666666668,0.0,0.0,0.0,4.6,9.2,9.2,9.2,22.9,2.3,2.3,9.2,4.6,33.5,1,1,1,1,15258,12084,10381,10252,17050,6076,9029,9266,24500,4086,21987,23559,8495,17393,1,20:55,2022,2023
2022-23,1628415,Dillon Brooks,Dillon,1610612763,MEM,Memphis Grizzlies,22200907,2023-02-25T00:00:00,MEM vs. DEN,W,24.22,5.9,0.0,0.0,11.9,11.9,11.9,7.9,43.6,0.0,0.0,0.0,2.0,39.8,1,1,1,1,12707,5293,10381,10252,8464,8530,12164,8040,16899,7930,1,1,15453,14051,1,24:13,2022,2023
2022-23,1629634,Brandon Clarke,Brandon,1610612763,MEM,Memphis Grizzlies,22200907,2023-02-25T00:00:00,MEM vs. DEN,W,18.51333333333333,0.0,15.6,0.0,20.7,15.6,15.6,10.4,36.3,0.0,0.0,0.0,2.6,47.4,1,1,1,1,17056,12084,417,10252,2553,12572,16363,10560,20932,7930,1,1,13816,9954,1,18:31,2022,2023
2022-23,1631113,Kennedy Chandler,Kennedy,1610612763,MEM,Memphis Grizzlies,22200907,2023-02-25T00:00:00,MEM vs. DEN,W,4.25,0.0,0.0,0.0,22.6,22.6,0.0,33.9,22.6,0.0,0.0,0.0,0.0,87.0,1,1,1,1,24232,12084,10381,10252,1882,19265,1,24760,24543,7930,1,1,17929,598,1,4:15,2022,2023
2022-23,1630217,Desmond Bane,Desmond,1610612763,MEM,Memphis Grizzlies,22200907,2023-02-25T00:00:00,MEM vs. DEN,W,24.546666666666667,2.0,3.9,3.9,11.7,7.8,11.7,7.8,35.2,2.0,3.9,2.0,2.0,52.8,1,1,1,1,12469,11835,7057,6882,8620,4915,11965,7945,21424,4795,24593,7760,15528,7324,1,24:33,2022,2023
2022-23,1626145,Tyus Jones,Tyus,1610612763,MEM,Memphis Grizzlies,22200907,2023-02-25T00:00:00,MEM vs. DEN,W,19.53,7.4,0.0,7.4,4.9,4.9,19.7,9.8,44.2,0.0,0.0,0.0,4.9,66.1,1,1,1,1,16294,3633,10381,2836,16676,3173,20224,9978,16502,7930,1,1,7783,2886,1,19:32,2022,2023
2022-23,1631254,Kenneth Lofton Jr.,Kenneth,1610612763,MEM,Memphis Grizzlies,22200907,2023-02-25T00:00:00,MEM vs. DEN,W,4.25,0.0,0.0,0.0,22.6,22.6,0.0,33.9,22.6,0.0,0.0,0.0,0.0,73.4,1,1,1,1,24232,12084,10381,10252,1882,19265,1,24760,24543,7930,1,1,17929,1616,1,4:15,2022,2023
2022-23,1629723,John Konchar,John,1610612763,MEM,Memphis Grizzlies,22200907,2023-02-25T00:00:00,MEM vs. DEN,W,14.116666666666667,6.8,0.0,6.8,6.8,6.8,27.2,13.6,54.4,0.0,0.0,0.0,0.0,44.5,1,1,1,1,19974,4234,10381,3291,14187,4194,23800,14171,9709,7930,1,1,17929,11474,1,14:07,2022,2023
2022-23,1630214,Xavier Tillman,Xavier,1610612763,MEM,Memphis Grizzlies,22200907,2023-02-25T00:00:00,MEM vs. DEN,W,25.236666666666668,3.8,3.8,3.8,22.8,3.8,15.2,7.6,49.5,1.9,0.0,5.7,0.0,54.0,1,1,1,1,11928,8742,7249,7096,1798,2765,15973,7713,13055,4927,1,18876,17929,6796,1,25:14,2022,2023
2022-23,1629630,Ja Morant,Ja,1610612763,MEM,Memphis Grizzlies,22200907,2023-02-25T00:00:00,MEM vs. DEN,W,24.22,7.9,0.0,15.9,31.7,11.9,11.9,7.9,43.6,0.0,0.0,4.0,7.9,72.1,1,1,1,1,12707,3104,10381,319,461,8530,12164,8040,16899,7930,1,14009,3126,1800,1,24:13,2022,2023
2022-23,1628415,Dillon Brooks,Dillon,1610612763,MEM,Memphis Grizzlies,22200889,2023-02-23T00:00:00,MEM @ PHI,L,31.855,0.0,3.0,0.0,3.0,15.1,9.0,16.6,24.1,0.0,1.5,3.0,6.0,27.1,1,12947,12947,12947,6499,12084,8578,10252,18842,11994,8905,17281,24337,7930,19530,11073,5655,20267,1,31:51,2022,2023
2022-23,1629723,John Konchar,John,1610612763,MEM,Memphis Grizzlies,22200889,2023-02-23T00:00:00,MEM @ PHI,L,17.366666666666667,0.0,13.8,5.5,16.6,5.5,2.8,11.1,44.2,0.0,0.0,8.3,5.5,41.5,1,12947,12947,12947,17871,12084,631,4602,4623,3455,3509,11288,16507,7930,1,22848,6511,13156,1,17:22,2022,2023
2022-23,1626145,Tyus Jones,Tyus,1610612763,MEM,Memphis Grizzlies,22200889,2023-02-23T00:00:00,MEM @ PHI,L,15.798333333333334,0.0,0.0,0.0,6.1,15.2,3.0,9.1,66.8,0.0,0.0,3.0,0.0,37.7,1,12947,12947,12947,18919,12084,10381,10252,15037,12155,3668,9210,3669,7930,1,11153,17929,15240,1,15:48,2022,2023
2022-23,1630214,Xavier Tillman,Xavier,1610612763,MEM,Memphis Grizzlies,22200889,2023-02-23T00:00:00,MEM @ PHI,L,32.196666666666665,0.0,1.5,0.0,6.0,8.9,13.4,16.4,23.9,1.5,3.0,7.5,6.0,49.8,1,12947,12947,12947,6183,12084,10289,10252,15206,5889,13932,17116,24382,6296,23560,21885,5750,8789,1,32:12,2022,2023
2022-23,1628991,Jaren Jackson Jr.,Jaren,1610612763,MEM,Memphis Grizzlies,22200889,2023-02-23T00:00:00,MEM @ PHI,L,32.971666666666664,2.9,2.9,0.0,11.6,16.0,7.3,17.5,43.7,5.8,5.8,4.4,5.8,65.9,1,12947,12947,12947,5510,10533,8807,10252,8705,13086,7054,18029,16858,723,25428,15410,5993,2936,1,32:58,2022,2023
2022-23,1631223,David Roddy,David,1610612763,MEM,Memphis Grizzlies,22200889,2023-02-23T00:00:00,MEM @ PHI,L,14.378333333333334,0.0,0.0,13.4,20.0,16.7,16.7,3.3,60.1,0.0,0.0,6.7,0.0,34.7,1,12947,12947,12947,19836,12084,10381,574,2808,13800,17521,4178,6349,7930,1,20729,17929,16794,1,14:23,2022,2023
2022-23,1630217,Desmond Bane,Desmond,1610612763,MEM,Memphis Grizzlies,22200889,2023-02-23T00:00:00,MEM @ PHI,L,32.4,4.4,3.0,8.9,17.8,16.3,8.9,17.8,32.6,0.0,1.5,3.0,1.5,51.3,1,12947,12947,12947,5996,7619,8686,1869,3911,13385,8722,18264,22426,7930,19393,10893,17116,8040,1,32:24,2022,2023
2022-23,1630583,Santi Aldama,Santi,1610612763,MEM,Memphis Grizzlies,22200889,2023-02-23T00:00:00,MEM @ PHI,L,15.166666666666666,6.3,0.0,0.0,12.7,9.5,12.7,6.3,19.0,3.2,0.0,15.8,6.3,33.2,1,12947,12947,12947,19331,4801,10381,10252,7735,6343,13042,6455,24896,2458,1,25379,5180,17541,1,15:10,2022,2023
2022-23,1629634,Brandon Clarke,Brandon,1610612763,MEM,Memphis Grizzlies,22200889,2023-02-23T00:00:00,MEM @ PHI,L,15.433333333333334,0.0,0.0,6.2,6.2,24.9,0.0,9.3,62.2,3.1,0.0,12.4,9.3,40.7,1,12947,12947,12947,19154,12084,10381,3832,14853,20861,1,9426,5400,2533,1,24879,1942,13556,1,15:26,2022,2023
2022-23,1629630,Ja Morant,Ja,1610612763,MEM,Memphis Grizzlies,22200889,2023-02-23T00:00:00,MEM @ PHI,L,32.43333333333333,4.4,0.0,3.0,5.9,13.3,11.8,16.3,20.7,0.0,3.0,0.0,8.9,43.1,1,12947,12947,12947,5968,7623,10381,8612,15262,10052,12094,16992,24748,7930,23515,1,2264,12290,1,32:26,2022,2023
2022-23,1629634,Brandon Clarke,Brandon,1610612763,MEM,Memphis Grizzlies,22200879,2023-02-15T00:00:00,MEM vs. UTA,W,31.171666666666667,3.1,9.2,3.1,12.3,1.5,21.6,18.5,43.1,4.6,1.5,4.6,1.5,65.4,1,1,1,1,7120,10132,1873,8351,8059,2390,21505,18852,17225,1244,19702,16126,16890,3064,1,31:10,2022,2023
2022-23,1630583,Santi Aldama,Santi,1610612763,MEM,Memphis Grizzlies,22200879,2023-02-15T00:00:00,MEM vs. UTA,W,21.39333333333333,9.0,4.5,4.5,9.0,4.5,15.7,13.5,53.8,0.0,2.2,0.0,4.5,50.7,1,1,1,1,14888,2365,6206,6028,11595,2996,16505,14006,10063,7930,21891,1,8727,8301,1,21:24,2022,2023
2022-23,1628379,Luke Kennard,Luke,1610612763,MEM,Memphis Grizzlies,22200879,2023-02-15T00:00:00,MEM vs. UTA,W,20.78,18.5,0.0,13.9,0.0,4.6,34.6,13.9,64.7,0.0,0.0,6.9,2.3,30.5,1,1,1,1,15371,269,10381,500,19499,3050,25125,14472,4433,7930,1,21160,14623,18829,1,20:47,2022,2023
2022-23,1630214,Xavier Tillman,Xavier,1610612763,MEM,Memphis Grizzlies,22200879,2023-02-15T00:00:00,MEM vs. UTA,W,12.271666666666668,0.0,7.8,0.0,7.8,7.8,23.5,23.5,93.9,3.9,3.9,3.9,7.8,34.0,1,1,1,1,21017,12084,2706,10252,13001,4916,22453,21999,448,1737,24595,13832,3232,17148,1,12:16,2022,2023
2022-23,1628415,Dillon Brooks,Dillon,1610612763,MEM,Memphis Grizzlies,22200879,2023-02-15T00:00:00,MEM vs. UTA,W,32.053333333333335,4.5,3.0,0.0,6.0,3.0,24.0,18.0,59.9,1.5,0.0,6.0,1.5,28.2,1,1,1,1,6321,7536,8620,10252,15165,2547,22657,18433,6451,6262,1,19462,17034,19862,1,32:03,2022,2023
2022-23,1626145,Tyus Jones,Tyus,1610612763,MEM,Memphis Grizzlies,22200879,2023-02-15T00:00:00,MEM vs. UTA,W,13.913333333333334,0.0,0.0,0.0,0.0,3.4,6.9,20.7,62.1,0.0,0.0,3.4,0.0,15.5,1,1,1,1,20090,12084,10381,10252,19499,2668,6652,20484,5455,7930,1,12343,17929,23682,1,13:55,2022,2023
2022-23,1630217,Desmond Bane,Desmond,1610612763,MEM,Memphis Grizzlies,22200879,2023-02-15T00:00:00,MEM vs. UTA,W,31.8,22.6,6.0,7.5,12.1,1.5,7.5,21.1,54.3,0.0,4.5,4.5,4.5,59.2,1,1,1,1,6546,153,4311,2706,8301,2388,7321,20742,9750,7930,25018,15857,8638,4819,1,31:48,2022,2023
2022-23,1628991,Jaren Jackson Jr.,Jaren,1610612763,MEM,Memphis Grizzlies,22200879,2023-02-15T00:00:00,MEM vs. UTA,W,31.11833333333333,4.6,4.6,3.1,12.3,1.5,13.9,18.5,61.7,6.2,1.5,6.2,7.7,96.9,1,1,1,1,7167,7309,6003,8342,8042,2391,14451,18871,5645,631,19717,19838,3348,298,1,31:07,2022,2023
2022-23,1629630,Ja Morant,Ja,1610612763,MEM,Memphis Grizzlies,22200879,2023-02-15T00:00:00,MEM vs. UTA,W,34.03333333333333,7.1,0.0,1.4,19.7,2.8,22.6,16.9,53.6,0.0,1.4,2.8,7.1,66.4,1,1,1,1,4586,3945,10381,10180,2934,2506,22017,17571,10242,7930,18957,10373,4131,2826,1,34:02,2022,2023
2022-23,1629723,John Konchar,John,1610612763,MEM,Memphis Grizzlies,22200879,2023-02-15T00:00:00,MEM vs. UTA,W,11.465,0.0,12.6,0.0,0.0,4.2,0.0,16.7,58.6,0.0,0.0,0.0,0.0,45.2,1,1,1,1,21477,12084,802,10252,19499,2893,1,17424,7133,7930,1,1,17929,11081,1,11:28,2022,2023
2022-23,1629630,Ja Morant,Ja,1610612763,MEM,Memphis Grizzlies,22200855,2023-02-12T00:00:00,MEM @ BOS,L,33.916666666666664,8.5,0.0,5.7,25.5,8.5,18.4,7.1,36.8,0.0,1.4,1.4,9.9,59.0,1,12947,12947,12947,4697,2661,10381,4435,1196,5506,19207,7163,20709,7930,18991,6073,1588,4881,1,33:55,2022,2023
2022-23,1630217,Desmond Bane,Desmond,1610612763,MEM,Memphis Grizzlies,22200855,2023-02-12T00:00:00,MEM @ BOS,L,33.833333333333336,0.0,8.5,0.0,11.3,9.9,5.7,5.7,34.0,2.8,1.4,2.8,1.4,60.6,1,12947,12947,12947,4763,12084,2271,10252,8991,6715,5522,5862,21900,2994,19017,10446,17320,4365,1,33:50,2022,2023
2022-23,1630583,Santi Aldama,Santi,1610612763,MEM,Memphis Grizzlies,22200855,2023-02-12T00:00:00,MEM @ BOS,L,27.49833333333333,0.0,0.0,0.0,0.0,8.7,19.2,5.2,41.9,3.5,1.7,3.5,1.7,45.2,1,12947,12947,12947,10192,12084,10381,10252,19499,5712,19882,5462,17969,2089,20629,12477,16129,11084,1,27:30,2022,2023
2022-23,1630214,Xavier Tillman,Xavier,1610612763,MEM,Memphis Grizzlies,22200855,2023-02-12T00:00:00,MEM @ BOS,L,24.385,3.9,0.0,3.9,11.8,7.9,17.7,9.8,35.4,2.0,0.0,5.9,0.0,25.4,1,12947,12947,12947,12586,8493,10381,6845,8534,4958,18576,9992,21323,4761,1,19291,17929,20941,1,24:23,2022,2023
2022-23,1628415,Dillon Brooks,Dillon,1610612763,MEM,Memphis Grizzlies,22200855,2023-02-12T00:00:00,MEM @ BOS,L,35.96666666666667,4.0,0.0,4.0,2.7,8.0,17.3,6.7,34.7,0.0,0.0,4.0,0.0,27.9,1,12947,12947,12947,2942,8372,10381,6744,19252,5103,18229,6776,21649,7930,1,14171,17929,19950,1,35:58,2022,2023
2022-23,1628379,Luke Kennard,Luke,1610612763,MEM,Memphis Grizzlies,22200855,2023-02-12T00:00:00,MEM @ BOS,L,21.601666666666667,0.0,0.0,0.0,0.0,11.1,20.0,6.7,31.1,0.0,0.0,6.7,2.2,17.6,1,12947,12947,12947,14713,12084,10381,10252,19499,7821,20472,6768,22886,7930,1,20714,14859,23223,1,21:36,2022,2023
2022-23,1626145,Tyus Jones,Tyus,1610612763,MEM,Memphis Grizzlies,22200855,2023-02-12T00:00:00,MEM @ BOS,L,14.083333333333334,0.0,0.0,0.0,13.6,10.2,0.0,6.8,27.3,0.0,0.0,0.0,0.0,18.7,1,12947,12947,12947,19995,12084,10381,10252,6804,6985,1,6916,23841,7930,1,1,17929,22954,1,14:05,2022,2023
2022-23,1628991,Jaren Jackson Jr.,Jaren,1610612763,MEM,Memphis Grizzlies,22200855,2023-02-12T00:00:00,MEM @ BOS,L,20.4,4.7,0.0,7.1,18.8,9.4,4.7,9.4,23.5,0.0,0.0,14.1,4.7,65.6,1,12947,12947,12947,15662,7181,10381,3085,3315,6279,4682,9525,24419,7930,1,25194,8221,3007,1,20:24,2022,2023
2022-23,1629723,John Konchar,John,1610612763,MEM,Memphis Grizzlies,22200855,2023-02-12T00:00:00,MEM @ BOS,L,4.883333333333334,0.0,0.0,0.0,0.0,0.0,0.0,19.7,39.3,0.0,0.0,9.8,0.0,29.5,1,12947,12947,12947,23972,12084,10381,10252,19499,1,1,19767,19437,7930,1,23964,17929,19268,1,4:53,2022,2023
2022-23,1629634,Brandon Clarke,Brandon,1610612763,MEM,Memphis Grizzlies,22200855,2023-02-12T00:00:00,MEM @ BOS,L,23.43166666666667,8.2,4.1,4.1,28.7,10.2,8.2,4.1,32.8,0.0,0.0,2.0,4.1,33.6,1,12947,12947,12947,13332,2889,6752,6607,719,6999,8030,4594,22368,7930,1,7974,9600,17351,1,23:26,2022,2023
2022-23,1629634,Brandon Clarke,Brandon,1610612763,MEM,Memphis Grizzlies,22200841,2023-02-10T00:00:00,MEM vs. MIN,W,19.35,0.0,5.0,0.0,29.8,19.8,5.0,5.0,49.6,0.0,0.0,5.0,7.4,64.0,1,1,1,1,16433,12084,5578,10252,603,16857,4879,5232,12956,7930,1,17060,3649,3421,1,19:21,2022,2023
2022-23,1630214,Xavier Tillman,Xavier,1610612763,MEM,Memphis Grizzlies,22200841,2023-02-10T00:00:00,MEM vs. MIN,W,25.08333333333333,0.0,0.0,3.8,15.3,15.3,13.4,17.2,49.8,0.0,0.0,5.7,3.8,49.2,1,1,1,1,12049,12084,10381,7041,5491,12277,13908,17808,12869,7930,1,18954,10330,9082,1,25:05,2022,2023
2022-23,1631254,Kenneth Lofton Jr.,Kenneth,1610612763,MEM,Memphis Grizzlies,22200841,2023-02-10T00:00:00,MEM vs. MIN,W,1.65,0.0,0.0,0.0,0.0,0.0,0.0,0.0,0.0,0.0,0.0,29.1,0.0,34.9,1,1,1,1,25446,12084,10381,10252,19499,1,1,1,25269,7930,1,25806,17929,16697,1,1:39,2022,2023
2022-23,1628415,Dillon Brooks,Dillon,1610612763,MEM,Memphis Grizzlies,22200841,2023-02-10T00:00:00,MEM vs. MIN,W,14.016666666666667,6.8,6.8,0.0,6.8,34.2,10.3,17.1,47.9,3.4,0.0,20.5,3.4,40.1,1,1,1,1,20033,4181,3465,10252,14140,24161,10273,17720,14068,2165,1,25645,11366,13923,1,14:01,2022,2023
2022-23,1629723,John Konchar,John,1610612763,MEM,Memphis Grizzlies,22200841,2023-02-10T00:00:00,MEM vs. MIN,W,26.766666666666666,0.0,0.0,0.0,0.0,12.6,16.1,10.8,57.4,0.0,0.0,1.8,0.0,20.4,1,1,1,1,10766,12084,10381,10252,19499,9237,16952,10962,7838,7930,1,7354,17929,22539,1,26:46,2022,2023
2022-23,1630533,Ziaire Williams,Ziaire,1610612763,MEM,Memphis Grizzlies,22200841,2023-02-10T00:00:00,MEM vs. MIN,W,1.65,0.0,0.0,0.0,0.0,0.0,0.0,0.0,0.0,0.0,0.0,0.0,0.0,0.0,1,1,1,1,25446,12084,10381,10252,19499,1,1,1,25269,7930,1,1,17929,24963,1,1:39,2022,2023
2022-23,1631222,Jake LaRavia,Jake,1610612763,MEM,Memphis Grizzlies,22200841,2023-02-10T00:00:00,MEM vs. MIN,W,1.65,0.0,0.0,0.0,0.0,0.0,0.0,0.0,0.0,0.0,0.0,0.0,0.0,0.0,1,1,1,1,25446,12084,10381,10252,19499,1,1,1,25269,7930,1,1,17929,24963,1,1:39,2022,2023
2022-23,1626145,Tyus Jones,Tyus,1610612763,MEM,Memphis Grizzlies,22200841,2023-02-10T00:00:00,MEM vs. MIN,W,20.716666666666665,0.0,0.0,0.0,13.9,18.5,13.9,9.3,55.6,2.3,2.3,2.3,0.0,31.0,1,1,1,1,15419,12084,10381,10252,6575,15607,14469,9368,8907,4041,22032,8571,17929,18577,1,20:43,2022,2023
2022-23,1631223,David Roddy,David,1610612763,MEM,Memphis Grizzlies,22200841,2023-02-10T00:00:00,MEM vs. MIN,W,14.316666666666666,0.0,0.0,10.1,0.0,20.1,0.0,13.4,46.9,0.0,0.0,6.7,3.4,21.5,1,1,1,1,19865,12084,10381,1362,19499,17122,1,13944,14751,7930,1,20777,11522,22268,1,14:19,2022,2023
2022-23,1629630,Ja Morant,Ja,1610612763,MEM,Memphis Grizzlies,22200841,2023-02-10T00:00:00,MEM vs. MIN,W,32.81666666666667,14.6,2.9,11.7,29.3,11.7,13.2,13.2,52.7,0.0,0.0,0.0,7.3,88.2,1,1,1,1,5642,565,8772,891,651,8366,13647,13679,10845,7930,1,1,3795,524,1,32:49,2022,2023
2022-23,1630217,Desmond Bane,Desmond,1610612763,MEM,Memphis Grizzlies,22200841,2023-02-10T00:00:00,MEM vs. MIN,W,32.06666666666667,6.0,0.0,6.0,12.0,13.5,0.0,7.5,35.9,0.0,3.0,1.5,6.0,62.7,1,1,1,1,6310,5246,10381,4057,8382,10220,1,7592,21108,7930,23581,6395,5703,3758,1,32:04,2022,2023
2022-23,1628991,Jaren Jackson Jr.,Jaren,1610612763,MEM,Memphis Grizzlies,22200841,2023-02-10T00:00:00,MEM vs. MIN,W,27.95833333333333,3.4,0.0,0.0,17.2,18.9,0.0,8.6,34.3,6.9,1.7,3.4,3.4,63.0,1,1,1,1,9765,9423,10381,10252,4264,15946,1,8656,21797,471,20500,12297,11343,3684,1,27:58,2022,2023
2022-23,1630583,Santi Aldama,Santi,1610612763,MEM,Memphis Grizzlies,22200841,2023-02-10T00:00:00,MEM vs. MIN,W,20.308333333333334,0.0,9.5,0.0,14.2,11.8,21.3,14.2,70.9,0.0,0.0,0.0,4.7,53.9,1,1,1,1,15739,12084,1761,10252,6333,8473,21354,14814,2536,7930,1,1,8179,6874,1,20:19,2022,2023
2022-23,1631113,Kennedy Chandler,Kennedy,1610612763,MEM,Memphis Grizzlies,22200841,2023-02-10T00:00:00,MEM vs. MIN,W,1.65,0.0,0.0,0.0,0.0,0.0,0.0,0.0,0.0,0.0,0.0,0.0,0.0,0.0,1,1,1,1,25446,12084,10381,10252,19499,1,1,1,25269,7930,1,1,17929,24963,1,1:39,2022,2023
2022-23,1628991,Jaren Jackson Jr.,Jaren,1610612763,MEM,Memphis Grizzlies,22200819,2023-02-07T00:00:00,MEM vs. CHI,W,31.97,10.5,0.0,0.0,21.0,9.0,21.0,13.5,36.0,7.5,0.0,7.5,4.5,73.7,1,1,1,1,6405,1567,10381,10252,2444,5935,21197,14050,21056,376,1,21955,8688,1586,1,31:58,2022,2023
2022-23,1629630,Ja Morant,Ja,1610612763,MEM,Memphis Grizzlies,22200819,2023-02-07T00:00:00,MEM vs. CHI,W,35.333333333333336,2.7,4.1,5.4,21.7,10.9,19.0,17.7,35.3,0.0,1.4,2.7,9.5,70.2,1,1,1,1,3484,10992,6788,4712,2164,7586,19731,18183,21373,7930,18634,9964,1808,2082,1,35:20,2022,2023
2022-23,1630217,Desmond Bane,Desmond,1610612763,MEM,Memphis Grizzlies,22200819,2023-02-07T00:00:00,MEM vs. CHI,W,34.666666666666664,0.0,0.0,4.2,5.5,9.7,24.9,20.8,41.5,1.4,0.0,4.2,1.4,53.6,1,1,1,1,4029,12084,10381,6525,15819,6532,23033,20523,18159,6843,1,14706,17440,6999,1,34:40,2022,2023
2022-23,1629634,Brandon Clarke,Brandon,1610612763,MEM,Memphis Grizzlies,22200819,2023-02-07T00:00:00,MEM vs. CHI,W,24.696666666666665,3.9,7.8,3.9,19.4,0.0,19.4,15.5,23.3,0.0,1.9,0.0,7.8,53.6,1,1,1,1,12356,8587,2738,6923,3043,1,20047,16270,24451,7930,21196,1,3287,6976,1,24:42,2022,2023
2022-23,1630214,Xavier Tillman,Xavier,1610612763,MEM,Memphis Grizzlies,22200819,2023-02-07T00:00:00,MEM vs. CHI,W,22.5,8.5,0.0,4.3,12.8,17.1,14.9,21.3,42.7,0.0,0.0,4.3,2.1,23.3,1,1,1,1,14022,2635,10381,6354,7578,14168,15657,20869,17493,7930,1,15089,15088,21694,1,22:30,2022,2023
2022-23,1626145,Tyus Jones,Tyus,1610612763,MEM,Memphis Grizzlies,22200819,2023-02-07T00:00:00,MEM vs. CHI,W,14.521666666666668,0.0,0.0,0.0,0.0,0.0,29.7,16.5,33.1,0.0,0.0,3.3,0.0,21.5,1,1,1,1,19731,12084,10381,10252,19499,1,24406,17235,22288,7930,1,11947,17929,22259,1,14:31,2022,2023
2022-23,1629723,John Konchar,John,1610612763,MEM,Memphis Grizzlies,22200819,2023-02-07T00:00:00,MEM vs. CHI,W,10.2,0.0,0.0,0.0,0.0,0.0,18.8,14.1,18.8,0.0,0.0,9.4,0.0,12.2,1,1,1,1,21991,12084,10381,10252,19499,1,19572,14765,24906,7930,1,23722,17929,24207,1,10:12,2022,2023
2022-23,201980,Danny Green,Danny,1610612763,MEM,Memphis Grizzlies,22200819,2023-02-07T00:00:00,MEM vs. CHI,W,14.65,0.0,0.0,0.0,0.0,3.3,13.1,16.4,26.2,0.0,0.0,6.6,0.0,0.0,1,1,1,1,19664,12084,10381,10252,19499,2613,13579,17091,24021,7930,1,20522,17929,24963,1,14:39,2022,2023
2022-23,1628415,Dillon Brooks,Dillon,1610612763,MEM,Memphis Grizzlies,22200819,2023-02-07T00:00:00,MEM vs. CHI,W,34.62833333333333,4.2,0.0,0.0,2.8,11.1,15.2,18.0,33.3,0.0,0.0,2.8,0.0,23.8,1,1,1,1,4068,8104,10381,10252,19159,7797,16022,18477,22196,7930,1,10172,17929,21499,1,34:38,2022,2023
2022-23,1630583,Santi Aldama,Santi,1610612763,MEM,Memphis Grizzlies,22200819,2023-02-07T00:00:00,MEM vs. CHI,W,16.833333333333332,0.0,5.7,5.7,5.7,5.7,25.7,25.7,34.2,2.9,2.9,5.7,0.0,49.9,1,1,1,1,18237,12084,4665,4387,15572,3537,23304,22933,21836,2977,23300,18867,17929,8710,1,16:50,2022,2023
2022-23,1629634,Brandon Clarke,Brandon,1610612763,MEM,Memphis Grizzlies,22200805,2023-02-05T00:00:00,MEM vs. TOR,L,15.9,6.0,0.0,6.0,12.1,24.2,30.2,12.1,60.4,0.0,0.0,6.0,3.0,49.8,1,12947,12947,12947,18847,5190,10381,4004,8301,20396,24488,12522,6208,7930,1,19574,12456,8777,1,15:54,2022,2023
2022-23,1631223,David Roddy,David,1610612763,MEM,Memphis Grizzlies,22200805,2023-02-05T00:00:00,MEM vs. TOR,L,13.116666666666667,0.0,0.0,0.0,7.3,29.3,22.0,14.6,95.1,0.0,0.0,3.7,3.7,50.1,1,12947,12947,12947,20536,12084,10381,10252,13642,22897,21706,15298,418,7930,1,12967,10770,8589,1,13:07,2022,2023
2022-23,1628991,Jaren Jackson Jr.,Jaren,1610612763,MEM,Memphis Grizzlies,22200805,2023-02-05T00:00:00,MEM vs. TOR,L,31.968333333333334,0.0,0.0,0.0,21.0,28.5,18.0,16.5,60.1,6.0,1.5,4.5,6.0,55.0,1,12947,12947,12947,6409,12084,10381,10252,2443,22638,18839,17223,6364,662,19498,15799,5678,6427,1,31:58,2022,2023
2022-23,1630583,Santi Aldama,Santi,1610612763,MEM,Memphis Grizzlies,22200805,2023-02-05T00:00:00,MEM vs. TOR,L,32.016666666666666,4.5,0.0,7.5,9.0,30.0,22.5,13.5,48.0,3.0,0.0,0.0,6.0,46.8,1,12947,12947,12947,6366,7522,10381,2748,11563,23140,21957,14035,14053,2729,1,1,5691,10272,1,32:01,2022,2023
2022-23,1630533,Ziaire Williams,Ziaire,1610612763,MEM,Memphis Grizzlies,22200805,2023-02-05T00:00:00,MEM vs. TOR,L,11.083333333333334,0.0,0.0,0.0,8.7,26.0,26.0,17.3,103.9,0.0,0.0,4.3,0.0,27.7,1,12947,12947,12947,21618,12084,10381,10252,11935,21461,23419,17900,251,7930,1,15291,17929,20025,1,11:05,2022,2023
2022-23,201980,Danny Green,Danny,1610612763,MEM,Memphis Grizzlies,22200805,2023-02-05T00:00:00,MEM vs. TOR,L,18.98,0.0,0.0,0.0,0.0,27.8,22.8,15.2,65.8,0.0,0.0,5.1,2.5,13.9,1,12947,12947,12947,16727,12084,10381,10252,19499,22365,22122,15865,4040,7930,1,17304,14027,23961,1,18:59,2022,2023
2022-23,1629723,John Konchar,John,1610612763,MEM,Memphis Grizzlies,22200805,2023-02-05T00:00:00,MEM vs. TOR,L,18.461666666666662,0.0,0.0,0.0,0.0,23.4,23.4,23.4,41.6,5.2,0.0,5.2,0.0,27.6,1,12947,12947,12947,17087,12084,10381,10252,19499,19903,22430,21971,18126,949,1,17685,17929,20080,1,18:28,2022,2023
2022-23,1630217,Desmond Bane,Desmond,1610612763,MEM,Memphis Grizzlies,22200805,2023-02-05T00:00:00,MEM vs. TOR,L,32.75,11.7,4.4,4.4,14.7,32.2,22.0,8.8,70.4,1.5,1.5,2.9,1.5,69.5,1,12947,12947,12947,5702,1144,6337,6170,5965,23760,21716,8887,2649,6421,19310,10791,17173,2197,1,32:45,2022,2023
2022-23,1626145,Tyus Jones,Tyus,1610612763,MEM,Memphis Grizzlies,22200805,2023-02-05T00:00:00,MEM vs. TOR,L,33.85666666666667,2.8,0.0,2.8,11.3,29.8,17.0,15.6,51.0,0.0,1.4,1.4,0.0,48.3,1,12947,12947,12947,4749,10691,10381,8887,8999,23079,17867,16319,11961,7930,19010,6084,17929,9514,1,33:51,2022,2023
2022-23,1630214,Xavier Tillman,Xavier,1610612763,MEM,Memphis Grizzlies,22200805,2023-02-05T00:00:00,MEM vs. TOR,L,31.866666666666667,3.0,6.0,3.0,12.1,31.6,16.6,16.6,63.3,0.0,0.0,3.0,6.0,42.6,1,12947,12947,12947,6485,10290,4321,8484,8326,23607,17391,17275,4983,7930,1,11065,5659,12536,1,31:52,2022,2023
2022-23,1629630,Ja Morant,Ja,1610612763,MEM,Memphis Grizzlies,22200779,2023-02-02T00:00:00,MEM @ CLE,L,30.35,9.5,0.0,3.2,15.8,25.3,14.2,25.3,69.6,1.6,3.2,7.9,6.3,76.9,1,12947,12947,12947,7807,2047,10381,8193,5118,21102,14861,22786,2843,5912,23831,22403,5190,1260,1,30:21,2022,2023
2022-23,1630583,Santi Aldama,Santi,1610612763,MEM,Memphis Grizzlies,22200779,2023-02-02T00:00:00,MEM @ CLE,L,33.968333333333334,4.2,0.0,2.8,8.5,14.1,9.9,12.7,62.2,0.0,0.0,4.2,1.4,48.8,1,12947,12947,12947,4654,7969,10381,8909,12146,10982,9826,13196,5415,7930,1,15013,17342,9322,1,33:58,2022,2023
2022-23,1631223,David Roddy,David,1610612763,MEM,Memphis Grizzlies,22200779,2023-02-02T00:00:00,MEM @ CLE,L,10.598333333333333,0.0,0.0,9.1,27.2,36.2,18.1,27.2,72.5,0.0,4.5,9.1,9.1,62.5,1,12947,12947,12947,21814,12084,10381,1790,919,24514,18943,23469,2171,7930,25026,23486,2130,3813,1,10:36,2022,2023
2022-23,1630533,Ziaire Williams,Ziaire,1610612763,MEM,Memphis Grizzlies,22200779,2023-02-02T00:00:00,MEM @ CLE,L,3.55,0.0,0.0,27.0,27.0,0.0,0.0,0.0,0.0,0.0,0.0,0.0,0.0,27.0,1,12947,12947,12947,24558,12084,10381,59,943,1,1,1,25269,7930,1,1,17929,20298,1,3:33,2022,2023
2022-23,1629634,Brandon Clarke,Brandon,1610612763,MEM,Memphis Grizzlies,22200779,2023-02-02T00:00:00,MEM @ CLE,L,20.961666666666662,9.2,9.2,4.6,22.9,29.8,22.9,27.5,87.0,2.3,0.0,2.3,0.0,35.7,1,12947,12947,12947,15235,2242,1923,5907,1775,23078,22203,23551,662,4099,1,8517,17929,16259,1,20:58,2022,2023
2022-23,1626145,Tyus Jones,Tyus,1610612763,MEM,Memphis Grizzlies,22200779,2023-02-02T00:00:00,MEM @ CLE,L,23.7,4.1,0.0,4.1,8.1,20.3,16.2,12.2,64.8,2.0,4.1,0.0,4.1,35.8,1,12947,12947,12947,13128,8289,10381,6679,12601,17260,17026,12609,4379,4621,24707,1,9725,16187,1,23:42,2022,2023
2022-23,1629723,John Konchar,John,1610612763,MEM,Memphis Grizzlies,22200779,2023-02-02T00:00:00,MEM @ CLE,L,28.35,3.4,0.0,3.4,3.4,23.7,16.9,13.5,64.3,0.0,0.0,3.4,5.1,38.8,1,12947,12947,12947,9435,9519,10381,7794,18369,20089,17776,14095,4553,7930,1,12161,7459,14649,1,28:21,2022,2023
2022-23,1628415,Dillon Brooks,Dillon,1610612763,MEM,Memphis Grizzlies,22200779,2023-02-02T00:00:00,MEM @ CLE,L,22.1,0.0,4.3,0.0,0.0,17.4,19.5,17.4,78.2,0.0,2.2,4.3,6.5,30.2,1,12947,12947,12947,14351,12084,6410,10252,19499,14462,20145,17948,1295,7930,21747,15341,4908,18954,1,22:06,2022,2023
2022-23,1630214,Xavier Tillman,Xavier,1610612763,MEM,Memphis Grizzlies,22200779,2023-02-02T00:00:00,MEM @ CLE,L,27.03333333333333,3.6,3.6,0.0,3.6,12.4,8.9,7.1,46.2,3.6,0.0,1.8,0.0,42.1,1,12947,12947,12947,10556,9194,7638,10252,18156,9118,8711,7180,15226,2041,1,7305,17929,12814,1,27:02,2022,2023
2022-23,1631222,Jake LaRavia,Jake,1610612763,MEM,Memphis Grizzlies,22200779,2023-02-02T00:00:00,MEM @ CLE,L,6.983333333333333,0.0,0.0,0.0,0.0,13.7,27.5,6.9,27.5,0.0,0.0,27.5,0.0,1.4,1,12947,12947,12947,23141,12084,10381,10252,19499,10541,23898,6976,23797,7930,1,25786,17929,24936,1,6:59,2022,2023
2022-23,1630217,Desmond Bane,Desmond,1610612763,MEM,Memphis Grizzlies,22200779,2023-02-02T00:00:00,MEM @ CLE,L,32.405,0.0,0.0,4.4,3.0,17.8,13.3,14.8,62.2,0.0,1.5,4.4,3.0,39.8,1,12947,12947,12947,5995,12084,10381,6097,18923,14864,13824,15491,5396,7930,19392,15590,12631,14043,1,32:24,2022,2023
2022-23,1626145,Tyus Jones,Tyus,1610612763,MEM,Memphis Grizzlies,22200771,2023-02-01T00:00:00,MEM vs. POR,L,17.226666666666667,2.8,2.8,0.0,0.0,19.5,5.6,8.4,27.9,0.0,0.0,0.0,5.6,36.5,1,12947,12947,12947,17975,10820,9111,10252,19499,16541,5435,8455,23734,7930,1,1,6424,15871,1,17:14,2022,2023
2022-23,1630214,Xavier Tillman,Xavier,1610612763,MEM,Memphis Grizzlies,22200771,2023-02-01T00:00:00,MEM vs. POR,L,27.883333333333333,5.2,5.2,0.0,3.4,29.3,6.9,10.3,41.3,0.0,1.7,3.4,5.2,57.7,1,12947,12947,12947,9818,6465,5318,10252,18302,22891,6636,10508,18310,7930,20515,12318,7280,5406,1,27:53,2022,2023
2022-23,1629630,Ja Morant,Ja,1610612763,MEM,Memphis Grizzlies,22200771,2023-02-01T00:00:00,MEM vs. POR,L,34.36666666666667,7.0,2.8,9.8,14.0,32.1,5.6,12.6,41.9,0.0,1.4,2.8,18.2,82.1,1,12947,12947,12947,4297,4032,9093,1489,6525,23726,5450,13059,17963,7930,18874,10267,135,843,1,34:22,2022,2023
2022-23,1630583,Santi Aldama,Santi,1610612763,MEM,Memphis Grizzlies,22200771,2023-02-01T00:00:00,MEM vs. POR,L,17.52166666666667,5.5,0.0,5.5,27.4,35.6,5.5,5.5,38.4,0.0,0.0,0.0,2.7,34.0,1,12947,12947,12947,17758,5970,10381,4663,883,24407,5345,5664,19928,7930,1,1,13333,17176,1,17:31,2022,2023
2022-23,1630533,Ziaire Williams,Ziaire,1610612763,MEM,Memphis Grizzlies,22200771,2023-02-01T00:00:00,MEM vs. POR,L,18.83333333333333,5.1,0.0,0.0,5.1,51.0,10.2,5.1,51.0,0.0,0.0,2.5,2.5,15.8,1,12947,12947,12947,16822,6555,10381,10252,16421,25464,10190,5344,11995,7930,1,9270,13963,23607,1,18:50,2022,2023
2022-23,1628415,Dillon Brooks,Dillon,1610612763,MEM,Memphis Grizzlies,22200771,2023-02-01T00:00:00,MEM vs. POR,L,38.17333333333333,3.8,0.0,0.0,5.0,31.4,5.0,15.1,42.8,0.0,0.0,6.3,1.3,20.4,1,12947,12947,12947,1426,8802,10381,10252,16522,23560,4936,15774,17448,7930,1,20042,17763,22558,1,38:10,2022,2023
2022-23,1628991,Jaren Jackson Jr.,Jaren,1610612763,MEM,Memphis Grizzlies,22200771,2023-02-01T00:00:00,MEM vs. POR,L,33.76166666666666,0.0,2.8,2.8,25.6,21.3,5.7,14.2,37.0,8.5,1.4,4.3,0.0,63.1,1,12947,12947,12947,4821,12084,8965,8873,1174,18237,5529,14856,20619,272,19036,15088,17929,3647,1,33:46,2022,2023
2022-23,201980,Danny Green,Danny,1610612763,MEM,Memphis Grizzlies,22200771,2023-02-01T00:00:00,MEM vs. POR,L,9.866666666666667,0.0,0.0,0.0,0.0,0.0,9.7,0.0,9.7,0.0,0.0,9.7,0.0,55.0,1,12947,12947,12947,22110,12084,10381,10252,19499,1,9632,1,25236,7930,1,23908,17929,6417,1,9:52,2022,2023
2022-23,1629634,Brandon Clarke,Brandon,1610612763,MEM,Memphis Grizzlies,22200771,2023-02-01T00:00:00,MEM vs. POR,L,16.833333333333332,0.0,11.4,5.7,17.1,31.4,5.7,17.1,45.6,0.0,2.9,8.6,2.9,55.3,1,12947,12947,12947,18237,12084,1080,4387,4303,23543,5541,17708,15584,7930,23300,23089,12963,6272,1,16:50,2022,2023
2022-23,1630217,Desmond Bane,Desmond,1610612763,MEM,Memphis Grizzlies,22200771,2023-02-01T00:00:00,MEM vs. POR,L,25.53333333333333,3.8,0.0,7.5,18.8,16.9,3.8,18.8,45.1,1.9,1.9,7.5,0.0,46.1,1,12947,12947,12947,11709,8831,10381,2737,3336,14018,4065,19116,15914,4982,21038,21965,17929,10654,1,25:32,2022,2023
2022-23,1629634,Brandon Clarke,Brandon,1610612763,MEM,Memphis Grizzlies,22200753,2023-01-29T00:00:00,MEM vs. IND,W,17.5,0.0,0.0,13.7,27.4,0.0,11.0,13.7,43.9,5.5,0.0,13.7,8.2,72.4,1,1,1,1,17776,12084,10381,522,876,1,11089,14313,16719,842,1,25128,2819,1751,1,17:30,2022,2023
2022-23,1628991,Jaren Jackson Jr.,Jaren,1610612763,MEM,Memphis Grizzlies,22200753,2023-01-29T00:00:00,MEM vs. IND,W,38.11666666666667,7.6,6.3,2.5,22.7,6.3,13.9,16.4,42.8,6.3,3.8,5.0,7.6,70.6,1,1,1,1,1454,3448,4026,9683,1857,3879,14413,17082,17414,599,24461,17255,3521,2017,1,38:07,2022,2023
2022-23,1630214,Xavier Tillman,Xavier,1610612763,MEM,Memphis Grizzlies,22200753,2023-01-29T00:00:00,MEM vs. IND,W,25.183333333333334,7.6,5.7,0.0,15.2,9.5,22.9,19.1,53.4,0.0,1.9,1.9,3.8,48.0,1,1,1,1,11971,3374,4656,10252,5528,6373,22188,19326,10378,7930,21103,7625,10374,9649,1,25:11,2022,2023
2022-23,1628415,Dillon Brooks,Dillon,1610612763,MEM,Memphis Grizzlies,22200753,2023-01-29T00:00:00,MEM vs. IND,W,30.816666666666663,0.0,0.0,0.0,3.1,7.8,17.1,14.0,37.4,0.0,1.6,6.2,0.0,16.7,1,1,1,1,7443,12084,10381,10252,18704,4884,17987,14664,20399,7930,19804,19952,17929,23423,1,30:49,2022,2023
2022-23,1631222,Jake LaRavia,Jake,1610612763,MEM,Memphis Grizzlies,22200753,2023-01-29T00:00:00,MEM vs. IND,W,5.416666666666667,0.0,0.0,0.0,0.0,26.6,0.0,0.0,35.4,0.0,0.0,8.9,0.0,0.0,1,1,1,1,23749,12084,10381,10252,19499,21741,1,1,21319,7930,1,23333,17929,24963,1,5:25,2022,2023
2022-23,1630533,Ziaire Williams,Ziaire,1610612763,MEM,Memphis Grizzlies,22200753,2023-01-29T00:00:00,MEM vs. IND,W,20.33333333333333,4.7,7.1,4.7,4.7,0.0,26.0,16.5,47.2,0.0,0.0,2.4,2.4,22.2,1,1,1,1,15711,7157,3260,5721,16890,1,23411,17232,14579,7930,1,8674,14487,22038,1,20:20,2022,2023
2022-23,1631223,David Roddy,David,1610612763,MEM,Memphis Grizzlies,22200753,2023-01-29T00:00:00,MEM vs. IND,W,16.15,5.9,17.8,0.0,17.8,5.9,14.9,23.8,53.5,0.0,0.0,3.0,3.0,43.4,1,1,1,1,18675,5295,272,10252,3874,3673,15577,22138,10309,7930,1,10927,12603,12110,1,16:09,2022,2023
2022-23,1626145,Tyus Jones,Tyus,1610612763,MEM,Memphis Grizzlies,22200753,2023-01-29T00:00:00,MEM vs. IND,W,29.766666666666666,4.8,0.0,4.8,6.5,8.1,19.4,12.9,51.6,0.0,0.0,0.0,1.6,47.1,1,1,1,1,8312,6959,10381,5553,14571,5153,19982,13395,11576,7930,1,1,16622,10122,1,29:46,2022,2023
2022-23,1630583,Santi Aldama,Santi,1610612763,MEM,Memphis Grizzlies,22200753,2023-01-29T00:00:00,MEM vs. IND,W,15.2,0.0,0.0,0.0,0.0,0.0,28.4,6.3,44.2,0.0,0.0,3.2,3.2,36.6,1,1,1,1,19306,12084,10381,10252,19499,1,24150,6439,16519,7930,1,11516,12048,15791,1,15:12,2022,2023
2022-23,1629630,Ja Morant,Ja,1610612763,MEM,Memphis Grizzlies,22200753,2023-01-29T00:00:00,MEM vs. IND,W,41.516666666666666,2.3,4.6,11.6,18.5,0.0,17.3,15.0,46.2,1.2,1.2,3.5,8.1,79.2,1,1,1,1,325,11731,6006,927,3495,1,18226,15710,15182,7832,17589,12413,2961,1043,1,41:31,2022,2023
2022-23,1628415,Dillon Brooks,Dillon,1610612763,MEM,Memphis Grizzlies,22200737,2023-01-27T00:00:00,MEM @ MIN,L,36.98333333333333,3.9,0.0,5.2,13.0,7.8,20.8,15.6,57.1,0.0,0.0,2.6,2.6,32.8,1,12947,12947,12947,2185,8573,10381,5066,7407,4882,21048,16303,8023,7930,1,9476,13803,17755,1,36:59,2022,2023
2022-23,1630214,Xavier Tillman,Xavier,1610612763,MEM,Memphis Grizzlies,22200737,2023-01-27T00:00:00,MEM @ MIN,L,15.948333333333334,9.0,15.0,0.0,12.0,18.1,12.0,33.1,66.2,0.0,0.0,3.0,3.0,84.6,1,12947,12947,12947,18816,2324,474,10252,8336,15157,12329,24674,3862,7930,1,11059,12485,716,1,15:57,2022,2023
2022-23,1629634,Brandon Clarke,Brandon,1610612763,MEM,Memphis Grizzlies,22200737,2023-01-27T00:00:00,MEM @ MIN,L,27.816666666666663,0.0,6.9,0.0,17.3,6.9,20.7,17.3,51.8,0.0,0.0,3.5,5.2,60.2,1,12947,12947,12947,9880,12084,3418,10252,4205,4275,21004,17837,11463,7930,1,12348,7251,4477,1,27:49,2022,2023
2022-23,1630533,Ziaire Williams,Ziaire,1610612763,MEM,Memphis Grizzlies,22200737,2023-01-27T00:00:00,MEM @ MIN,L,26.33333333333333,0.0,0.0,3.6,7.3,3.6,25.5,16.4,54.7,0.0,0.0,0.0,1.8,22.6,1,12947,12947,12947,11082,12084,10381,7348,13668,2712,23251,17126,9509,7930,1,1,15903,21906,1,26:20,2022,2023
2022-23,1626145,Tyus Jones,Tyus,1610612763,MEM,Memphis Grizzlies,22200737,2023-01-27T00:00:00,MEM @ MIN,L,19.766666666666666,0.0,0.0,0.0,0.0,19.4,14.6,26.7,77.7,0.0,0.0,0.0,0.0,28.9,1,12947,12947,12947,16115,12084,10381,10252,19499,16473,15236,23312,1346,7930,1,1,17929,19539,1,19:46,2022,2023
2022-23,1630583,Santi Aldama,Santi,1610612763,MEM,Memphis Grizzlies,22200737,2023-01-27T00:00:00,MEM @ MIN,L,18.566666666666663,0.0,0.0,0.0,5.2,15.5,10.3,25.9,56.9,0.0,0.0,0.0,5.2,26.6,1,12947,12947,12947,16990,12084,10381,10252,16335,12522,10330,23007,8140,7930,1,1,7266,20482,1,18:34,2022,2023
2022-23,1631223,David Roddy,David,1610612763,MEM,Memphis Grizzlies,22200737,2023-01-27T00:00:00,MEM @ MIN,L,15.583333333333334,6.2,6.2,0.0,12.3,24.6,6.2,37.0,55.4,0.0,6.2,6.2,0.0,12.9,1,12947,12947,12947,19050,5018,4159,10252,8057,20721,5946,25108,9003,7930,25496,19819,17929,24111,1,15:35,2022,2023
2022-23,1631222,Jake LaRavia,Jake,1610612763,MEM,Memphis Grizzlies,22200737,2023-01-27T00:00:00,MEM @ MIN,L,12.733333333333333,3.8,0.0,0.0,7.5,7.5,22.6,22.6,90.5,0.0,0.0,0.0,3.8,31.7,1,12947,12947,12947,20752,8806,10381,10252,13371,4704,22045,21586,538,7930,1,1,10486,18293,1,12:44,2022,2023
2022-23,1629630,Ja Morant,Ja,1610612763,MEM,Memphis Grizzlies,22200737,2023-01-27T00:00:00,MEM @ MIN,L,38.06666666666667,12.6,0.0,5.0,17.7,12.6,17.7,18.9,50.4,0.0,2.5,1.3,5.0,62.4,1,12947,12947,12947,1480,920,10381,5255,3980,9296,18507,19215,12395,7930,22486,5461,7526,3834,1,38:04,2022,2023
2022-23,1628991,Jaren Jackson Jr.,Jaren,1610612763,MEM,Memphis Grizzlies,22200737,2023-01-27T00:00:00,MEM @ MIN,L,28.201666666666668,3.4,10.2,3.4,17.0,13.6,20.4,15.3,47.7,3.4,3.4,6.8,8.5,55.1,1,12947,12947,12947,9557,9484,1474,7761,4355,10395,20802,16013,14267,2181,24111,20947,2578,6342,1,28:12,2022,2023
2022-23,1630217,Desmond Bane,Desmond,1610612763,MEM,Memphis Grizzlies,22200726,2023-01-25T00:00:00,MEM @ GSW,L,34.11666666666667,8.4,2.8,5.6,11.3,18.3,8.4,5.6,39.4,1.4,0.0,4.2,4.2,45.9,1,12947,12947,12947,4508,2700,9038,4470,9079,15365,8297,5815,19400,6715,1,14943,9311,10749,1,34:07,2022,2023
2022-23,1628415,Dillon Brooks,Dillon,1610612763,MEM,Memphis Grizzlies,22200726,2023-01-25T00:00:00,MEM @ GSW,L,30.816666666666663,3.1,0.0,4.7,3.1,24.9,20.2,6.2,56.1,0.0,0.0,6.2,3.1,34.7,1,12947,12947,12947,7443,10056,10381,5788,18704,20885,20662,6359,8616,7930,1,19952,12171,16787,1,30:49,2022,2023
2022-23,1630533,Ziaire Williams,Ziaire,1610612763,MEM,Memphis Grizzlies,22200726,2023-01-25T00:00:00,MEM @ GSW,L,23.655,0.0,0.0,0.0,4.1,14.2,18.3,6.1,32.5,2.0,0.0,6.1,6.1,19.1,1,12947,12947,12947,13168,12084,10381,10252,17578,11063,19090,6231,22459,4612,1,19676,5547,22878,1,23:39,2022,2023
2022-23,1631223,David Roddy,David,1610612763,MEM,Memphis Grizzlies,22200726,2023-01-25T00:00:00,MEM @ GSW,L,3.083333333333333,0.0,0.0,0.0,0.0,31.1,31.1,0.0,62.3,0.0,0.0,0.0,0.0,-15.6,1,12947,12947,12947,24771,12084,10381,10252,19499,23488,24678,1,5378,7930,1,1,17929,25840,1,3:05,2022,2023
2022-23,1630583,Santi Aldama,Santi,1610612763,MEM,Memphis Grizzlies,22200726,2023-01-25T00:00:00,MEM @ GSW,L,20.551666666666662,11.7,4.7,0.0,14.0,14.0,14.0,7.0,56.1,0.0,0.0,4.7,2.3,38.8,1,12947,12947,12947,15544,1158,5936,10252,6489,10857,14597,7095,8629,7930,1,16286,14557,14651,1,20:33,2022,2023
2022-23,1628991,Jaren Jackson Jr.,Jaren,1610612763,MEM,Memphis Grizzlies,22200726,2023-01-25T00:00:00,MEM @ GSW,L,27.866666666666667,5.2,3.4,5.2,6.9,12.1,12.1,6.9,37.9,0.0,0.0,10.3,10.3,40.0,1,12947,12947,12947,9841,6457,7798,5099,14098,8714,12360,6990,20153,7930,1,24191,1378,13996,1,27:52,2022,2023
2022-23,1626145,Tyus Jones,Tyus,1610612763,MEM,Memphis Grizzlies,22200726,2023-01-25T00:00:00,MEM @ GSW,L,18.99,10.1,2.5,5.1,15.2,15.2,5.1,7.6,20.2,0.0,0.0,0.0,0.0,47.3,1,12947,12947,12947,16713,1743,9750,5240,5583,12126,4958,7689,24791,7930,1,1,17929,10030,1,18:59,2022,2023
2022-23,1629634,Brandon Clarke,Brandon,1610612763,MEM,Memphis Grizzlies,22200726,2023-01-25T00:00:00,MEM @ GSW,L,32.02,3.0,0.0,3.0,24.0,28.5,22.5,10.5,57.0,0.0,0.0,6.0,7.5,50.4,1,12947,12947,12947,6365,10322,10381,8517,1500,22626,21955,10676,8105,7930,1,19474,3586,8467,1,32:01,2022,2023
2022-23,1629630,Ja Morant,Ja,1610612763,MEM,Memphis Grizzlies,22200726,2023-01-25T00:00:00,MEM @ GSW,L,35.43333333333333,6.8,2.7,8.1,21.7,25.7,20.3,9.5,56.9,1.4,4.1,4.1,8.1,75.6,1,12947,12947,12947,3398,4261,9312,2299,2185,21334,20718,9608,8129,7001,24721,14400,2919,1361,1,35:26,2022,2023
2022-23,1630214,Xavier Tillman,Xavier,1610612763,MEM,Memphis Grizzlies,22200726,2023-01-25T00:00:00,MEM @ GSW,L,13.466666666666669,0.0,0.0,0.0,7.1,0.0,0.0,0.0,7.1,0.0,7.1,3.6,3.6,60.6,1,12947,12947,12947,20343,12084,10381,10252,13837,1,1,1,25261,7930,25625,12682,11015,4360,1,13:28,2022,2023
2022-23,1630217,Desmond Bane,Desmond,1610612763,MEM,Memphis Grizzlies,22200712,2023-01-23T00:00:00,MEM @ SAC,L,28.65,8.4,0.0,8.4,20.1,23.5,13.4,28.5,40.2,0.0,1.7,1.7,0.0,54.1,1,12947,12947,12947,9217,2747,10381,2151,2778,19935,13916,23826,18939,7930,20351,7018,17929,6762,1,28:39,2022,2023
2022-23,1628991,Jaren Jackson Jr.,Jaren,1610612763,MEM,Memphis Grizzlies,22200712,2023-01-23T00:00:00,MEM @ SAC,L,28.25,11.9,3.4,0.0,13.6,25.5,8.5,34.0,37.4,1.7,1.7,6.8,5.1,56.1,1,12947,12947,12947,9524,1097,7870,10252,6838,21206,8353,24779,20404,5508,20437,20930,7414,5990,1,28:15,2022,2023
2022-23,1629723,John Konchar,John,1610612763,MEM,Memphis Grizzlies,22200712,2023-01-23T00:00:00,MEM @ SAC,L,9.883333333333333,0.0,0.0,0.0,0.0,34.0,9.7,34.0,68.0,0.0,4.9,4.9,4.9,35.0,1,12947,12947,12947,22101,12084,10381,10252,19499,24121,9617,24780,3298,7930,25168,16792,7913,16667,1,9:53,2022,2023
2022-23,1631246,Vince Williams Jr.,Vince,1610612763,MEM,Memphis Grizzlies,22200712,2023-01-23T00:00:00,MEM @ SAC,L,4.25,0.0,0.0,0.0,0.0,79.1,0.0,56.5,67.8,0.0,0.0,11.3,0.0,15.8,1,12947,12947,12947,24232,12084,10381,10252,19499,25761,1,25728,3363,7930,1,24520,17929,23605,1,4:15,2022,2023
2022-23,1631254,Kenneth Lofton Jr.,Kenneth,1610612763,MEM,Memphis Grizzlies,22200712,2023-01-23T00:00:00,MEM @ SAC,L,5.45,0.0,0.0,0.0,0.0,61.7,0.0,44.0,52.8,0.0,0.0,8.8,8.8,8.8,1,12947,12947,12947,23731,12084,10381,10252,19499,25660,1,25487,10730,7930,1,23296,2328,24594,1,5:27,2022,2023
2022-23,1631223,David Roddy,David,1610612763,MEM,Memphis Grizzlies,22200712,2023-01-23T00:00:00,MEM @ SAC,L,17.6,0.0,0.0,0.0,0.0,51.8,13.6,32.7,54.5,0.0,0.0,8.2,0.0,21.0,1,12947,12947,12947,17691,12084,10381,10252,19499,25488,14193,24619,9608,7930,1,22726,17929,22397,1,17:36,2022,2023
2022-23,1631113,Kennedy Chandler,Kennedy,1610612763,MEM,Memphis Grizzlies,22200712,2023-01-23T00:00:00,MEM @ SAC,L,5.45,0.0,0.0,0.0,0.0,61.7,0.0,44.0,52.8,0.0,0.0,0.0,0.0,-8.8,1,12947,12947,12947,23731,12084,10381,10252,19499,25660,1,25487,10730,7930,1,1,17929,25800,1,5:27,2022,2023
2022-23,1629634,Brandon Clarke,Brandon,1610612763,MEM,Memphis Grizzlies,22200712,2023-01-23T00:00:00,MEM @ SAC,L,12.65,15.2,15.2,7.6,22.8,45.5,11.4,49.3,53.1,0.0,3.8,15.2,0.0,31.9,1,12947,12947,12947,20802,509,462,2670,1819,25312,11572,25621,10540,7930,24478,25317,17929,18189,1,12:39,2022,2023
2022-23,1630533,Ziaire Williams,Ziaire,1610612763,MEM,Memphis Grizzlies,22200712,2023-01-23T00:00:00,MEM @ SAC,L,16.916666666666668,14.2,5.7,0.0,11.3,31.2,34.0,19.9,51.1,0.0,2.8,5.7,8.5,49.4,1,12947,12947,12947,18182,627,4696,10252,8991,23513,25070,19912,11939,7930,23249,18807,2576,8984,1,16:55,2022,2023
2022-23,1628415,Dillon Brooks,Dillon,1610612763,MEM,Memphis Grizzlies,22200712,2023-01-23T00:00:00,MEM @ SAC,L,30.166666666666668,3.2,0.0,3.2,15.9,17.5,14.3,25.5,35.0,1.6,0.0,1.6,0.0,46.5,1,12947,12947,12947,7980,9919,10381,8152,5039,14596,14961,22855,21513,5883,1,6763,17929,10438,1,30:10,2022,2023
2022-23,1626145,Tyus Jones,Tyus,1610612763,MEM,Memphis Grizzlies,22200712,2023-01-23T00:00:00,MEM @ SAC,L,31.08333333333333,0.0,6.2,0.0,9.3,21.6,9.3,32.4,34.0,0.0,0.0,0.0,0.0,55.9,1,12947,12947,12947,7203,12084,4143,10252,11243,18499,9132,24577,21942,7930,1,1,17929,6045,1,31:05,2022,2023
2022-23,1630583,Santi Aldama,Santi,1610612763,MEM,Memphis Grizzlies,22200712,2023-01-23T00:00:00,MEM @ SAC,L,14.3,0.0,0.0,10.1,0.0,26.9,30.2,16.8,53.7,0.0,0.0,3.4,6.7,36.9,1,12947,12947,12947,19877,12084,10381,1359,19499,21884,24491,17450,10170,7930,1,12082,4609,15644,1,14:18,2022,2023
2022-23,1631222,Jake LaRavia,Jake,1610612763,MEM,Memphis Grizzlies,22200712,2023-01-23T00:00:00,MEM @ SAC,L,5.45,0.0,0.0,0.0,0.0,61.7,0.0,44.0,52.8,0.0,0.0,0.0,0.0,37.0,1,12947,12947,12947,23731,12084,10381,10252,19499,25660,1,25487,10730,7930,1,1,17929,15610,1,5:27,2022,2023
2022-23,1630214,Xavier Tillman,Xavier,1610612763,MEM,Memphis Grizzlies,22200712,2023-01-23T00:00:00,MEM @ SAC,L,29.9,0.0,3.2,0.0,16.1,17.7,17.7,19.3,38.5,1.6,0.0,3.2,1.6,43.7,1,12947,12947,12947,8198,12084,8186,10252,4948,14760,18516,19490,19839,5832,1,11671,16650,11978,1,29:54,2022,2023
2022-23,1629634,Brandon Clarke,Brandon,1610612763,MEM,Memphis Grizzlies,22200703,2023-01-22T00:00:00,MEM @ PHX,L,15.45,6.2,0.0,0.0,12.4,24.9,24.9,12.4,37.3,3.1,0.0,0.0,3.1,50.3,1,12947,12947,12947,19140,4948,10381,10252,7959,20845,23006,12896,20441,2539,1,1,12197,8484,1,15:27,2022,2023
2022-23,1629630,Ja Morant,Ja,1610612763,MEM,Memphis Grizzlies,22200703,2023-01-22T00:00:00,MEM @ PHX,L,36.55,13.1,2.6,0.0,21.0,17.1,11.8,7.9,34.1,0.0,2.6,1.3,9.2,59.1,1,12947,12947,12947,2500,814,9512,10252,2447,14177,12077,7991,21858,7930,22738,5672,2047,4845,1,36:33,2022,2023
2022-23,1630217,Desmond Bane,Desmond,1610612763,MEM,Memphis Grizzlies,22200703,2023-01-22T00:00:00,MEM @ PHX,L,34.28666666666667,7.0,8.4,4.2,22.4,15.4,2.8,14.0,30.8,0.0,1.4,5.6,11.2,61.0,1,12947,12947,12947,4358,4019,2335,6446,1953,12378,3532,14637,22985,7930,18893,18652,1014,4213,1,34:17,2022,2023
2022-23,1630533,Ziaire Williams,Ziaire,1610612763,MEM,Memphis Grizzlies,22200703,2023-01-22T00:00:00,MEM @ PHX,L,25.96,1.8,0.0,5.5,11.1,16.6,16.6,0.0,29.6,0.0,0.0,3.7,5.5,35.1,1,12947,12947,12947,11369,11861,10381,4585,9237,13748,17465,1,23295,7930,1,13105,6480,16571,1,25:58,2022,2023
2022-23,1630583,Santi Aldama,Santi,1610612763,MEM,Memphis Grizzlies,22200703,2023-01-22T00:00:00,MEM @ PHX,L,11.846666666666666,0.0,0.0,0.0,0.0,40.5,28.4,8.1,56.7,0.0,0.0,8.1,4.1,21.1,1,12947,12947,12947,21292,12084,10381,10252,19499,24987,24137,8213,8223,7930,1,22641,9724,22383,1,11:51,2022,2023
2022-23,1626145,Tyus Jones,Tyus,1610612763,MEM,Memphis Grizzlies,22200703,2023-01-22T00:00:00,MEM @ PHX,L,24.57,9.8,5.9,5.9,3.9,15.6,15.6,7.8,39.1,0.0,0.0,2.0,2.0,39.5,1,12947,12947,12947,12449,1908,4496,4205,17758,12654,16434,7934,19577,7930,1,7757,15534,14257,1,24:34,2022,2023
2022-23,1628415,Dillon Brooks,Dillon,1610612763,MEM,Memphis Grizzlies,22200703,2023-01-22T00:00:00,MEM @ PHX,L,30.08333333333333,0.0,0.0,3.2,6.4,20.7,4.8,12.8,31.9,0.0,3.2,8.0,0.0,31.1,1,12947,12947,12947,8042,12084,10381,8128,14653,17709,4742,13248,22655,7930,23869,22479,17929,18531,1,30:05,2022,2023
2022-23,203500,Steven Adams,Steven,1610612763,MEM,Memphis Grizzlies,22200703,2023-01-22T00:00:00,MEM @ PHX,L,32.55,0.0,4.4,0.0,8.8,16.2,4.4,8.8,32.4,0.0,0.0,2.9,7.4,56.3,1,12947,12947,12947,5878,12084,6291,10252,11735,13313,4483,8944,22466,7930,1,10853,3735,5896,1,32:33,2022,2023
2022-23,1629723,John Konchar,John,1610612763,MEM,Memphis Grizzlies,22200703,2023-01-22T00:00:00,MEM @ PHX,L,5.983333333333333,0.0,0.0,0.0,0.0,32.1,16.0,16.0,32.1,0.0,0.0,8.0,0.0,45.7,1,12947,12947,12947,23526,12084,10381,10252,19499,23717,16872,16780,22586,7930,1,22541,17929,10820,1,5:59,2022,2023
2022-23,1628991,Jaren Jackson Jr.,Jaren,1610612763,MEM,Memphis Grizzlies,22200703,2023-01-22T00:00:00,MEM @ PHX,L,22.72,0.0,0.0,0.0,4.2,16.9,8.5,16.9,29.6,6.3,0.0,8.5,0.0,37.6,1,12947,12947,12947,13846,12084,10381,10252,17415,14003,8305,17551,23296,590,1,22985,17929,15277,1,22:43,2022,2023
2022-23,1629723,John Konchar,John,1610612763,MEM,Memphis Grizzlies,22200690,2023-01-20T00:00:00,MEM @ LAL,L,8.933333333333334,0.0,0.0,0.0,0.0,0.0,16.1,5.4,43.0,0.0,0.0,16.1,0.0,50.0,1,12947,12947,12947,22450,12084,10381,10252,19499,1,16935,5567,17299,7930,1,25407,17929,8672,1,8:56,2022,2023
2022-23,1628991,Jaren Jackson Jr.,Jaren,1610612763,MEM,Memphis Grizzlies,22200690,2023-01-20T00:00:00,MEM @ LAL,L,33.016666666666666,1.5,5.8,0.0,5.8,17.4,21.8,20.4,49.4,5.8,0.0,7.3,5.8,45.4,1,12947,12947,12947,5463,11987,4553,10252,15397,14540,21638,20281,13068,724,1,21609,6006,11008,1,33:01,2022,2023
2022-23,1630583,Santi Aldama,Santi,1610612763,MEM,Memphis Grizzlies,22200690,2023-01-20T00:00:00,MEM @ LAL,L,14.983333333333333,0.0,3.2,0.0,6.4,12.8,22.4,19.2,32.0,0.0,0.0,3.2,9.6,38.4,1,12947,12947,12947,19454,12084,8200,10252,14614,9507,21931,19455,22603,7930,1,11650,1742,14836,1,14:59,2022,2023
2022-23,1630533,Ziaire Williams,Ziaire,1610612763,MEM,Memphis Grizzlies,22200690,2023-01-20T00:00:00,MEM @ LAL,L,17.77,0.0,0.0,0.0,0.0,18.9,10.8,35.1,37.8,0.0,2.7,13.5,0.0,23.2,1,12947,12947,12947,17570,12084,10381,10252,19499,15971,10884,24927,20181,7930,22920,25087,17929,21700,1,17:46,2022,2023
2022-23,1628415,Dillon Brooks,Dillon,1610612763,MEM,Memphis Grizzlies,22200690,2023-01-20T00:00:00,MEM @ LAL,L,30.616666666666667,3.1,6.3,3.1,9.4,20.4,17.2,18.8,47.0,0.0,1.6,9.4,0.0,35.6,1,12947,12947,12947,7602,10020,4044,8236,11099,17383,18118,19130,14689,7930,19856,23719,17929,16321,1,30:37,2022,2023
2022-23,1629630,Ja Morant,Ja,1610612763,MEM,Memphis Grizzlies,22200690,2023-01-20T00:00:00,MEM @ LAL,L,33.53333333333333,0.0,7.2,0.0,22.9,22.9,24.3,27.2,45.8,0.0,2.9,4.3,5.7,46.7,1,12947,12947,12947,5011,12084,3192,10252,1772,19507,22813,23481,15473,7930,23329,15177,6151,10340,1,33:32,2022,2023
2022-23,1630217,Desmond Bane,Desmond,1610612763,MEM,Memphis Grizzlies,22200690,2023-01-20T00:00:00,MEM @ LAL,L,33.28333333333333,2.9,0.0,2.9,11.5,17.3,24.5,20.2,43.3,0.0,4.3,2.9,1.4,51.3,1,12947,12947,12947,5230,10579,10381,8768,8820,14396,22879,20157,17112,7930,24901,10613,17250,8011,1,33:17,2022,2023
2022-23,1626145,Tyus Jones,Tyus,1610612763,MEM,Memphis Grizzlies,22200690,2023-01-20T00:00:00,MEM @ LAL,L,19.925,0.0,14.5,0.0,4.8,7.2,33.7,9.6,48.2,0.0,0.0,0.0,4.8,58.3,1,12947,12947,12947,16011,12084,539,10252,16785,4497,25039,9767,13915,7930,1,1,7986,5160,1,19:56,2022,2023
2022-23,1629634,Brandon Clarke,Brandon,1610612763,MEM,Memphis Grizzlies,22200690,2023-01-20T00:00:00,MEM @ LAL,L,22.14,4.3,19.5,0.0,30.4,0.0,30.4,8.7,34.7,4.3,0.0,8.7,13.0,86.7,1,12947,12947,12947,14323,7799,219,10252,565,1,24522,8730,21666,1425,1,23171,551,612,1,22:08,2022,2023
2022-23,203500,Steven Adams,Steven,1610612763,MEM,Memphis Grizzlies,22200690,2023-01-20T00:00:00,MEM @ LAL,L,25.79833333333333,0.0,18.6,0.0,22.3,24.2,14.9,24.2,48.4,1.9,0.0,3.7,11.2,77.0,1,12947,12947,12947,11514,12084,249,10252,1978,20418,15610,22326,13788,5032,1,13200,1023,1242,1,25:48,2022,2023
2022-23,1629630,Ja Morant,Ja,1610612763,MEM,Memphis Grizzlies,22200672,2023-01-18T00:00:00,MEM vs. CLE,W,32.65,8.8,0.0,8.8,26.5,13.2,11.8,17.6,55.9,0.0,2.9,1.5,7.4,59.4,1,1,1,1,5786,2458,10381,1911,1025,9952,12002,18170,8764,7930,23468,6288,3758,4747,1,32:39,2022,2023
2022-23,1628991,Jaren Jackson Jr.,Jaren,1610612763,MEM,Memphis Grizzlies,22200672,2023-01-18T00:00:00,MEM vs. CLE,W,28.48333333333333,5.1,3.4,5.1,10.1,10.1,10.1,15.2,43.8,6.7,1.7,8.4,6.7,72.3,1,1,1,1,9336,6613,7918,5238,10280,6867,10069,15861,16762,494,20387,22964,4560,1771,1,28:29,2022,2023
2022-23,1629634,Brandon Clarke,Brandon,1610612763,MEM,Memphis Grizzlies,22200672,2023-01-18T00:00:00,MEM vs. CLE,W,19.55,4.9,4.9,0.0,14.7,12.3,9.8,12.3,29.5,2.5,2.5,7.4,2.5,71.0,1,1,1,1,16279,6847,5641,10252,5907,8963,9741,12735,23330,3805,22327,21745,14247,1969,1,19:33,2022,2023
2022-23,1630217,Desmond Bane,Desmond,1610612763,MEM,Memphis Grizzlies,22200672,2023-01-18T00:00:00,MEM vs. CLE,W,32.50333333333333,19.2,3.0,11.8,8.9,8.9,8.9,13.3,38.4,0.0,1.5,3.0,3.0,54.3,1,1,1,1,5920,237,8705,866,11723,5816,8697,13822,19902,7930,19379,10871,12655,6672,1,32:30,2022,2023
2022-23,1630583,Santi Aldama,Santi,1610612763,MEM,Memphis Grizzlies,22200672,2023-01-18T00:00:00,MEM vs. CLE,W,19.516666666666666,0.0,12.3,0.0,4.9,14.8,9.8,19.7,44.3,2.5,0.0,2.5,0.0,57.6,1,1,1,1,16297,12084,851,10252,16671,11651,9768,19780,16483,3794,1,8937,17929,5455,1,19:31,2022,2023
2022-23,1626145,Tyus Jones,Tyus,1610612763,MEM,Memphis Grizzlies,22200672,2023-01-18T00:00:00,MEM vs. CLE,W,18.116666666666667,0.0,0.0,0.0,5.3,13.2,10.6,18.5,31.8,0.0,0.0,2.6,5.3,30.7,1,1,1,1,17310,12084,10381,10252,16151,9967,10619,18897,22692,7930,1,9680,6987,18724,1,18:07,2022,2023
2022-23,1630533,Ziaire Williams,Ziaire,1610612763,MEM,Memphis Grizzlies,22200672,2023-01-18T00:00:00,MEM vs. CLE,W,16.64666666666667,0.0,0.0,0.0,0.0,17.3,11.5,23.1,51.9,0.0,0.0,2.9,2.9,13.0,1,1,1,1,18359,12084,10381,10252,19499,14392,11723,21829,11377,7930,1,10611,12861,24101,1,16:39,2022,2023
2022-23,1629723,John Konchar,John,1610612763,MEM,Memphis Grizzlies,22200672,2023-01-18T00:00:00,MEM vs. CLE,W,13.366666666666667,0.0,0.0,0.0,7.2,10.8,7.2,18.0,28.7,0.0,0.0,3.6,0.0,26.2,1,1,1,1,20409,12084,10381,10252,13780,7480,6958,18414,23509,7930,1,12761,17929,20642,1,13:22,2022,2023
2022-23,1628415,Dillon Brooks,Dillon,1610612763,MEM,Memphis Grizzlies,22200672,2023-01-18T00:00:00,MEM vs. CLE,W,30.716666666666665,0.0,0.0,0.0,6.3,10.9,9.4,15.6,46.9,1.6,1.6,1.6,1.6,19.7,1,1,1,1,7513,12084,10381,10252,14817,7649,9246,16351,14799,5981,19826,6651,16808,22724,1,30:43,2022,2023
2022-23,203500,Steven Adams,Steven,1610612763,MEM,Memphis Grizzlies,22200672,2023-01-18T00:00:00,MEM vs. CLE,W,28.45,3.4,16.9,0.0,20.2,11.8,10.1,20.2,54.0,0.0,1.7,5.1,1.7,55.7,1,1,1,1,9355,9549,314,10252,2744,8464,10087,20200,9974,7930,20396,17310,16333,6137,1,28:27,2022,2023
2022-23,203500,Steven Adams,Steven,1610612763,MEM,Memphis Grizzlies,22200663,2023-01-16T00:00:00,MEM vs. PHX,W,24.116666666666667,0.0,15.9,0.0,15.9,10.0,4.0,8.0,59.7,0.0,0.0,6.0,2.0,41.4,1,1,1,1,12800,12084,389,10252,5036,6732,4194,8071,6549,7930,1,19431,15432,13195,1,24:07,2022,2023
2022-23,1631222,Jake LaRavia,Jake,1610612763,MEM,Memphis Grizzlies,22200663,2023-01-16T00:00:00,MEM vs. PHX,W,3.95,0.0,0.0,0.0,0.0,24.3,24.3,24.3,72.9,0.0,0.0,0.0,0.0,36.5,1,1,1,1,24393,12084,10381,10252,19499,20491,22799,22374,2103,7930,1,1,17929,15893,1,3:57,2022,2023
2022-23,1628415,Dillon Brooks,Dillon,1610612763,MEM,Memphis Grizzlies,22200663,2023-01-16T00:00:00,MEM vs. PHX,W,23.9,0.0,0.0,0.0,16.1,4.0,4.0,4.0,56.2,0.0,0.0,6.0,2.0,29.9,1,1,1,1,12970,12084,10381,10252,4941,2833,4221,4558,8507,7930,1,19548,15376,19072,1,23:54,2022,2023
2022-23,1630214,Xavier Tillman,Xavier,1610612763,MEM,Memphis Grizzlies,22200663,2023-01-16T00:00:00,MEM vs. PHX,W,5.883333333333334,0.0,0.0,0.0,0.0,16.3,16.3,16.3,65.3,0.0,0.0,0.0,0.0,12.2,1,1,1,1,23561,12084,10381,10252,19499,13410,17151,17022,4217,7930,1,1,17929,24205,1,5:53,2022,2023
2022-23,1629630,Ja Morant,Ja,1610612763,MEM,Memphis Grizzlies,22200663,2023-01-16T00:00:00,MEM vs. PHX,W,27.23333333333333,0.0,0.0,7.1,21.2,12.3,3.5,10.6,63.5,0.0,1.8,1.8,12.3,77.4,1,1,1,1,10394,12084,10381,3094,2389,9023,3942,10751,4904,7930,20678,7266,685,1215,1,27:14,2022,2023
2022-23,1629634,Brandon Clarke,Brandon,1610612763,MEM,Memphis Grizzlies,22200663,2023-01-16T00:00:00,MEM vs. PHX,W,17.856666666666666,0.0,0.0,2.7,26.9,26.9,21.5,5.4,43.0,0.0,0.0,5.4,8.1,58.3,1,1,1,1,17498,12084,10381,9277,970,21899,21479,5573,17284,7930,1,18147,2994,5151,1,17:51,2022,2023
2022-23,1628991,Jaren Jackson Jr.,Jaren,1610612763,MEM,Memphis Grizzlies,22200663,2023-01-16T00:00:00,MEM vs. PHX,W,25.58333333333333,13.1,9.4,3.8,15.0,11.3,11.3,3.8,48.8,11.3,1.9,0.0,9.4,97.8,1,1,1,1,11656,813,1800,7183,5705,7972,11416,4409,13506,111,21025,1,1898,284,1,25:35,2022,2023
2022-23,1630217,Desmond Bane,Desmond,1610612763,MEM,Memphis Grizzlies,22200663,2023-01-16T00:00:00,MEM vs. PHX,W,26.96,12.5,0.0,12.5,17.8,10.7,14.2,3.6,46.3,0.0,0.0,3.6,5.3,79.4,1,1,1,1,10621,952,10381,711,3896,7393,14874,4301,15154,7930,1,12676,6902,1030,1,26:58,2022,2023
2022-23,1631223,David Roddy,David,1610612763,MEM,Memphis Grizzlies,22200663,2023-01-16T00:00:00,MEM vs. PHX,W,18.23333333333333,10.5,5.3,0.0,10.5,18.4,21.1,5.3,42.1,0.0,2.6,5.3,0.0,56.9,1,1,1,1,17234,1558,5174,10252,9802,15501,21218,5483,17827,7930,22749,17843,17929,5711,1,18:14,2022,2023
2022-23,1626145,Tyus Jones,Tyus,1610612763,MEM,Memphis Grizzlies,22200663,2023-01-16T00:00:00,MEM vs. PHX,W,21.85,6.6,0.0,0.0,8.8,33.0,17.6,8.8,52.7,0.0,0.0,2.2,0.0,56.7,1,1,1,1,14540,4480,10381,10252,11805,23910,18434,8875,10798,7930,1,8303,17929,5780,1,21:51,2022,2023
2022-23,1631113,Kennedy Chandler,Kennedy,1610612763,MEM,Memphis Grizzlies,22200663,2023-01-16T00:00:00,MEM vs. PHX,W,4.716666666666667,0.0,20.4,0.0,20.4,20.4,20.4,20.4,61.1,0.0,10.2,0.0,10.2,47.8,1,1,1,1,24020,12084,192,10252,2697,17350,20744,20281,5902,7930,25776,1,1454,9748,1,4:43,2022,2023
2022-23,1630583,Santi Aldama,Santi,1610612763,MEM,Memphis Grizzlies,22200663,2023-01-16T00:00:00,MEM vs. PHX,W,22.416666666666668,6.4,0.0,0.0,0.0,23.6,12.8,12.8,60.0,0.0,0.0,4.3,2.1,24.6,1,1,1,1,14095,4672,10381,10252,19499,20003,13265,13342,6424,7930,1,15133,15062,21225,1,22:25,2022,2023
2022-23,1630533,Ziaire Williams,Ziaire,1610612763,MEM,Memphis Grizzlies,22200663,2023-01-16T00:00:00,MEM vs. PHX,W,17.3,0.0,0.0,0.0,0.0,27.7,11.1,11.1,55.5,0.0,0.0,8.3,0.0,18.3,1,1,1,1,17922,12084,10381,10252,19499,22324,11238,11343,8975,7930,1,22874,17929,23072,1,17:18,2022,2023
2022-23,1630217,Desmond Bane,Desmond,1610612763,MEM,Memphis Grizzlies,22200643,2023-01-14T00:00:00,MEM @ IND,W,29.066666666666663,5.0,0.0,14.9,16.5,8.3,28.1,0.0,36.3,1.7,3.3,3.3,0.0,72.8,1,1,1,1,8892,6778,10381,405,4669,5329,24064,1,20911,5663,24013,11937,17929,1687,1,29:04,2022,2023
2022-23,1628991,Jaren Jackson Jr.,Jaren,1610612763,MEM,Memphis Grizzlies,22200643,2023-01-14T00:00:00,MEM @ IND,W,21.9,4.4,0.0,11.0,13.2,11.0,26.3,4.4,35.1,4.4,2.2,6.6,2.2,71.2,1,1,1,1,14491,7708,10381,1068,7218,7669,23534,4801,21484,1393,21785,20566,14928,1925,1,21:54,2022,2023
2022-23,1626145,Tyus Jones,Tyus,1610612763,MEM,Memphis Grizzlies,22200643,2023-01-14T00:00:00,MEM @ IND,W,23.6,0.0,0.0,6.1,0.0,8.1,28.5,12.2,48.8,0.0,0.0,0.0,4.1,48.6,1,1,1,1,13208,12084,10381,3944,19499,5216,24163,12658,13487,7930,1,1,9680,9391,1,23:36,2022,2023
2022-23,1630583,Santi Aldama,Santi,1610612763,MEM,Memphis Grizzlies,22200643,2023-01-14T00:00:00,MEM @ IND,W,26.1,7.4,0.0,14.7,18.4,22.1,23.9,20.2,55.2,0.0,0.0,1.8,5.5,53.9,1,1,1,1,11248,3648,10381,415,3567,18877,22626,20187,9215,7930,1,7452,6537,6875,1,26:06,2022,2023
2022-23,1630214,Xavier Tillman,Xavier,1610612763,MEM,Memphis Grizzlies,22200643,2023-01-14T00:00:00,MEM @ IND,W,6.366666666666666,0.0,15.1,0.0,0.0,60.3,30.2,37.7,60.3,0.0,7.5,7.5,7.5,16.6,1,1,1,1,23378,12084,471,10252,19499,25649,24478,25158,6233,7930,25665,21990,3538,23444,1,6:22,2022,2023
2022-23,1631222,Jake LaRavia,Jake,1610612763,MEM,Memphis Grizzlies,22200643,2023-01-14T00:00:00,MEM @ IND,W,14.433333333333334,0.0,0.0,0.0,6.7,26.6,29.9,6.7,46.6,3.3,0.0,13.3,3.3,38.9,1,1,1,1,19796,12084,10381,10252,14341,21753,24446,6748,14993,2270,1,25054,11589,14560,1,14:26,2022,2023
2022-23,203500,Steven Adams,Steven,1610612763,MEM,Memphis Grizzlies,22200643,2023-01-14T00:00:00,MEM @ IND,W,22.15,0.0,4.3,0.0,17.3,15.2,19.5,13.0,52.0,2.2,0.0,6.5,4.3,51.6,1,1,1,1,14315,12084,6424,10252,4152,12128,20110,13503,11301,4317,1,20428,9046,7910,1,22:09,2022,2023
2022-23,1631113,Kennedy Chandler,Kennedy,1610612763,MEM,Memphis Grizzlies,22200643,2023-01-14T00:00:00,MEM @ IND,W,6.366666666666666,0.0,0.0,0.0,0.0,60.3,30.2,37.7,60.3,0.0,0.0,0.0,0.0,0.0,1,1,1,1,23378,12084,10381,10252,19499,25649,24478,25158,6233,7930,1,1,17929,24963,1,6:22,2022,2023
2022-23,1630533,Ziaire Williams,Ziaire,1610612763,MEM,Memphis Grizzlies,22200643,2023-01-14T00:00:00,MEM @ IND,W,27.75,3.5,0.0,12.1,13.8,12.1,19.0,15.6,45.0,1.7,1.7,3.5,1.7,40.5,1,1,1,1,9949,9368,10381,795,6626,8780,19736,16291,16017,5397,20555,12378,16185,13703,1,27:45,2022,2023
2022-23,1631223,David Roddy,David,1610612763,MEM,Memphis Grizzlies,22200643,2023-01-14T00:00:00,MEM @ IND,W,17.533333333333335,0.0,0.0,0.0,11.0,32.9,30.1,24.6,49.3,2.7,5.5,5.5,0.0,44.1,1,1,1,1,17745,12084,10381,10252,9376,23889,24473,22522,13167,3175,25340,18374,17929,11745,1,17:32,2022,2023
2022-23,1629630,Ja Morant,Ja,1610612763,MEM,Memphis Grizzlies,22200643,2023-01-14T00:00:00,MEM @ IND,W,25.25,3.8,0.0,7.6,26.6,13.3,17.1,15.2,49.4,1.9,1.9,1.9,13.3,81.0,1,1,1,1,11912,8744,10381,2655,1005,10038,17965,15901,13072,4928,21088,7612,498,915,1,25:15,2022,2023
2022-23,1629634,Brandon Clarke,Brandon,1610612763,MEM,Memphis Grizzlies,22200643,2023-01-14T00:00:00,MEM @ IND,W,19.48333333333333,0.0,0.0,4.9,19.7,4.9,29.6,4.9,34.5,0.0,0.0,4.9,4.9,60.1,1,1,1,1,16325,12084,10381,5417,2953,3183,24380,5199,21735,7930,1,16971,7766,4509,1,19:29,2022,2023
2022-23,1630214,Xavier Tillman,Xavier,1610612763,MEM,Memphis Grizzlies,22200623,2023-01-11T00:00:00,MEM vs. SAS,W,13.721666666666666,0.0,14.0,0.0,28.0,24.5,21.0,21.0,77.0,3.5,3.5,3.5,7.0,55.3,1,1,1,1,20201,12084,599,10252,805,20617,21183,20651,1438,2084,24218,12494,4223,6297,1,13:43,2022,2023
2022-23,1630533,Ziaire Williams,Ziaire,1610612763,MEM,Memphis Grizzlies,22200623,2023-01-11T00:00:00,MEM vs. SAS,W,25.933333333333334,3.7,0.0,3.7,7.4,11.1,14.8,18.5,59.2,0.0,1.9,5.6,1.9,23.1,1,1,1,1,11387,8932,10381,7258,13531,7813,15518,18868,6817,7930,20957,18540,15817,21734,1,25:56,2022,2023
2022-23,1628415,Dillon Brooks,Dillon,1610612763,MEM,Memphis Grizzlies,22200623,2023-01-11T00:00:00,MEM vs. SAS,W,26.28333333333333,0.0,0.0,0.0,0.0,21.9,27.4,20.1,87.7,0.0,3.7,7.3,0.0,30.1,1,1,1,1,11117,12084,10381,10252,19499,18730,23867,20090,626,7930,24350,21663,17929,18982,1,26:17,2022,2023
2022-23,1629723,John Konchar,John,1610612763,MEM,Memphis Grizzlies,22200623,2023-01-11T00:00:00,MEM vs. SAS,W,12.333333333333334,0.0,0.0,0.0,0.0,31.1,38.9,23.4,77.8,0.0,3.9,3.9,0.0,15.2,1,1,1,1,20989,12084,10381,10252,19499,23488,25409,21950,1322,7930,24580,13770,17929,23744,1,12:20,2022,2023
2022-23,1630583,Santi Aldama,Santi,1610612763,MEM,Memphis Grizzlies,22200623,2023-01-11T00:00:00,MEM vs. SAS,W,22.766666666666666,6.3,0.0,0.0,0.0,19.0,25.3,21.1,59.0,2.1,0.0,0.0,2.1,31.6,1,1,1,1,13811,4809,10381,10252,19499,16036,23176,20713,6923,4443,1,1,15155,18311,1,22:46,2022,2023
2022-23,203500,Steven Adams,Steven,1610612763,MEM,Memphis Grizzlies,22200623,2023-01-11T00:00:00,MEM vs. SAS,W,32.516666666666666,0.0,8.9,0.0,14.8,10.3,22.1,19.2,67.9,4.4,1.5,3.0,5.9,75.4,1,1,1,1,5907,12084,2085,10252,5882,7077,21798,19431,3318,1356,19374,10868,5855,1382,1,32:31,2022,2023
2022-23,1628991,Jaren Jackson Jr.,Jaren,1610612763,MEM,Memphis Grizzlies,22200623,2023-01-11T00:00:00,MEM vs. SAS,W,26.995,0.0,5.3,3.6,17.8,16.0,16.0,16.0,78.2,3.6,1.8,8.9,8.9,76.3,1,1,1,1,10595,12084,5103,7497,3910,13071,16837,16749,1287,2032,20745,23364,2252,1308,1,26:60,2022,2023
2022-23,1630217,Desmond Bane,Desmond,1610612763,MEM,Memphis Grizzlies,22200623,2023-01-11T00:00:00,MEM vs. SAS,W,29.566666666666663,0.0,8.1,4.9,9.7,9.7,14.6,17.9,64.9,0.0,4.9,1.6,0.0,48.2,1,1,1,1,8474,12084,2512,5499,10722,6570,15286,18325,4323,7930,25172,6864,17929,9571,1,29:34,2022,2023
2022-23,1629630,Ja Morant,Ja,1610612763,MEM,Memphis Grizzlies,22200623,2023-01-11T00:00:00,MEM vs. SAS,W,32.233333333333334,0.0,8.9,7.4,32.8,20.8,25.3,16.4,83.4,1.5,1.5,0.0,7.4,71.5,1,1,1,1,6146,12084,2045,2776,408,17794,23182,17087,834,6306,19420,1,3644,1885,1,32:14,2022,2023
2022-23,1626145,Tyus Jones,Tyus,1610612763,MEM,Memphis Grizzlies,22200623,2023-01-11T00:00:00,MEM vs. SAS,W,17.65,16.3,16.3,10.9,21.8,5.4,10.9,21.8,38.1,0.0,0.0,0.0,0.0,69.3,1,1,1,1,17657,402,352,1089,2156,3417,10980,21124,20057,7930,1,1,17929,2227,1,17:39,2022,2023
2022-23,1630214,Xavier Tillman,Xavier,1610612763,MEM,Memphis Grizzlies,22200608,2023-01-09T00:00:00,MEM vs. SAS,W,17.2,0.0,5.6,5.6,11.2,27.9,19.5,33.5,61.4,0.0,2.8,2.8,8.4,56.9,1,1,1,1,17992,12084,4799,4528,9165,22413,20134,24709,5757,7930,23139,10254,2685,5684,1,17:12,2022,2023
2022-23,1628991,Jaren Jackson Jr.,Jaren,1610612763,MEM,Memphis Grizzlies,22200608,2023-01-09T00:00:00,MEM vs. SAS,W,30.216666666666665,4.8,6.4,3.2,9.5,14.3,6.4,19.1,57.2,7.9,0.0,3.2,4.8,62.3,1,1,1,1,7937,7088,3965,8166,10960,11156,6119,19329,7970,321,1,11574,8110,3875,1,30:13,2022,2023
2022-23,1630217,Desmond Bane,Desmond,1610612763,MEM,Memphis Grizzlies,22200608,2023-01-09T00:00:00,MEM vs. SAS,W,29.066666666666663,5.0,0.0,13.2,6.6,14.9,6.6,19.8,59.4,0.0,0.0,3.3,1.7,32.0,1,1,1,1,8892,6778,10381,591,14393,11771,6353,19880,6684,7930,1,11937,16478,18125,1,29:04,2022,2023
2022-23,1629723,John Konchar,John,1610612763,MEM,Memphis Grizzlies,22200608,2023-01-09T00:00:00,MEM vs. SAS,W,14.766666666666667,0.0,0.0,0.0,0.0,6.5,16.3,22.8,52.0,3.3,0.0,0.0,0.0,32.2,1,1,1,1,19572,12084,10381,10252,19499,4012,17072,21660,11302,2351,1,1,17929,18067,1,14:46,2022,2023
2022-23,1631113,Kennedy Chandler,Kennedy,1610612763,MEM,Memphis Grizzlies,22200608,2023-01-09T00:00:00,MEM vs. SAS,W,12.956666666666669,0.0,0.0,0.0,7.4,29.6,7.4,37.0,66.7,0.0,0.0,7.4,0.0,38.5,1,1,1,1,20625,12084,10381,10252,13527,23036,7179,25114,3708,7930,1,21815,17929,14776,1,12:57,2022,2023
2022-23,203500,Steven Adams,Steven,1610612763,MEM,Memphis Grizzlies,22200608,2023-01-09T00:00:00,MEM vs. SAS,W,28.316666666666663,3.4,3.4,0.0,17.0,1.7,3.4,11.9,54.2,0.0,0.0,0.0,13.6,64.4,1,1,1,1,9469,9511,7879,10252,4394,2392,3859,12275,9815,7930,1,1,451,3308,1,28:19,2022,2023
2022-23,1630533,Ziaire Williams,Ziaire,1610612763,MEM,Memphis Grizzlies,22200608,2023-01-09T00:00:00,MEM vs. SAS,W,22.7,0.0,4.2,0.0,12.7,21.1,14.8,25.4,50.7,2.1,0.0,2.1,4.2,40.2,1,1,1,1,13861,12084,6580,10252,7701,18066,15513,22818,12176,4426,1,8118,9286,13862,1,22:42,2022,2023
2022-23,1628415,Dillon Brooks,Dillon,1610612763,MEM,Memphis Grizzlies,22200608,2023-01-09T00:00:00,MEM vs. SAS,W,31.95,0.0,3.0,1.5,3.0,1.5,3.0,10.5,48.1,0.0,0.0,7.5,4.5,50.3,1,1,1,1,6423,12084,8594,10152,18851,2387,3643,10699,13982,7930,1,21958,8677,8487,1,31:57,2022,2023
2022-23,1626145,Tyus Jones,Tyus,1610612763,MEM,Memphis Grizzlies,22200608,2023-01-09T00:00:00,MEM vs. SAS,W,35.04333333333334,5.5,0.0,9.6,16.4,4.1,9.6,12.3,49.3,0.0,0.0,1.4,1.4,59.7,1,1,1,1,3722,5970,10381,1571,4715,2866,9493,12788,13150,7930,1,5893,17485,4621,1,35:03,2022,2023
2022-23,1630583,Santi Aldama,Santi,1610612763,MEM,Memphis Grizzlies,22200608,2023-01-09T00:00:00,MEM vs. SAS,W,17.783333333333335,5.4,10.8,10.8,16.2,5.4,13.5,18.9,48.6,0.0,0.0,2.7,8.1,58.3,1,1,1,1,17558,6101,1275,1116,4870,3397,14038,19201,13633,7930,1,9900,2949,5159,1,17:47,2022,2023
2022-23,1630583,Santi Aldama,Santi,1610612763,MEM,Memphis Grizzlies,22200600,2023-01-08T00:00:00,MEM vs. UTA,W,17.305,5.5,13.9,5.5,16.6,5.5,5.5,5.5,55.5,2.8,8.3,2.8,0.0,66.6,1,1,1,1,17921,5874,621,4584,4595,3467,5411,5724,8986,3102,25709,10178,17929,2796,1,17:18,2022,2023
2022-23,1628991,Jaren Jackson Jr.,Jaren,1610612763,MEM,Memphis Grizzlies,22200600,2023-01-08T00:00:00,MEM vs. UTA,W,28.53333333333333,6.7,6.7,0.0,20.2,18.5,20.2,26.9,67.3,8.4,3.4,10.1,5.0,85.1,1,1,1,1,9299,4323,3590,10252,2755,15575,20622,23382,3528,281,24078,24092,7522,691,1,28:32,2022,2023
2022-23,1630217,Desmond Bane,Desmond,1610612763,MEM,Memphis Grizzlies,22200600,2023-01-08T00:00:00,MEM vs. UTA,W,30.73333333333333,7.8,7.8,10.9,12.5,20.3,21.9,23.4,68.7,1.6,1.6,0.0,6.2,79.2,1,1,1,1,7496,3213,2718,1075,7892,17306,21662,21983,3093,5983,19820,1,5304,1046,1,30:44,2022,2023
2022-23,1626145,Tyus Jones,Tyus,1610612763,MEM,Memphis Grizzlies,22200600,2023-01-08T00:00:00,MEM vs. UTA,W,33.983333333333334,15.5,2.8,7.1,11.3,12.7,11.3,19.8,59.3,0.0,0.0,1.4,5.6,61.3,1,1,1,1,4638,469,9015,3082,9041,9395,11473,19859,6767,7930,1,6063,6283,4130,1,33:59,2022,2023
2022-23,1630533,Ziaire Williams,Ziaire,1610612763,MEM,Memphis Grizzlies,22200600,2023-01-08T00:00:00,MEM vs. UTA,W,17.836666666666666,13.5,0.0,13.5,10.8,10.8,21.5,18.8,75.4,0.0,0.0,2.7,2.7,38.8,1,1,1,1,17509,749,10381,559,9587,7473,21493,19155,1661,7930,1,9855,13501,14663,1,17:50,2022,2023
2022-23,1629723,John Konchar,John,1610612763,MEM,Memphis Grizzlies,22200600,2023-01-08T00:00:00,MEM vs. UTA,W,15.6,0.0,9.2,0.0,0.0,6.2,12.3,0.0,61.5,0.0,3.1,3.1,3.1,26.2,1,1,1,1,19034,12084,1875,10252,19499,3792,12632,1,5698,7930,23701,11277,12287,20659,1,15:36,2022,2023
2022-23,1628415,Dillon Brooks,Dillon,1610612763,MEM,Memphis Grizzlies,22200600,2023-01-08T00:00:00,MEM vs. UTA,W,32.18333333333333,0.0,7.5,0.0,8.9,10.4,8.9,20.9,53.7,0.0,1.5,4.5,3.0,32.2,1,1,1,1,6190,12084,2969,10252,11631,7185,8798,20598,10181,7930,19432,15702,12569,18049,1,32:11,2022,2023
2022-23,1631223,David Roddy,David,1610612763,MEM,Memphis Grizzlies,22200600,2023-01-08T00:00:00,MEM vs. UTA,W,17.258333333333333,0.0,0.0,0.0,11.1,11.1,27.8,11.1,77.9,0.0,0.0,0.0,0.0,39.2,1,1,1,1,17953,12084,10381,10252,9208,7832,23989,11380,1320,7930,1,1,17929,14396,1,17:16,2022,2023
2022-23,1631113,Kennedy Chandler,Kennedy,1610612763,MEM,Memphis Grizzlies,22200600,2023-01-08T00:00:00,MEM vs. UTA,W,14.016666666666667,0.0,0.0,6.8,6.8,13.7,27.4,13.7,75.3,0.0,3.4,6.8,0.0,38.4,1,1,1,1,20033,12084,10381,3259,14140,10484,23868,14295,1664,7930,24133,21021,17929,14879,1,14:01,2022,2023
2022-23,1630214,Xavier Tillman,Xavier,1610612763,MEM,Memphis Grizzlies,22200600,2023-01-08T00:00:00,MEM vs. UTA,W,32.55,0.0,0.0,5.9,11.8,13.3,11.8,20.6,59.0,0.0,0.0,5.9,4.4,47.6,1,1,1,1,5878,12084,10381,4159,8546,9991,12043,20454,6950,7930,1,19283,8841,9854,1,32:33,2022,2023
2022-23,1629723,John Konchar,John,1610612763,MEM,Memphis Grizzlies,22200576,2023-01-05T00:00:00,MEM @ ORL,W,23.683333333333334,0.0,0.0,0.0,0.0,16.2,16.2,14.2,44.6,0.0,2.0,2.0,2.0,24.1,1,1,1,1,13140,12084,10381,10252,19499,13306,17038,14818,16278,7930,21397,7921,15336,21409,1,23:41,2022,2023
2022-23,1630214,Xavier Tillman,Xavier,1610612763,MEM,Memphis Grizzlies,22200576,2023-01-05T00:00:00,MEM @ ORL,W,17.833333333333332,0.0,10.8,0.0,10.8,5.4,13.5,24.2,37.7,0.0,0.0,0.0,2.7,46.0,1,1,1,1,17510,12084,1284,10252,9576,3389,13987,22345,20252,7930,1,1,13494,10669,1,17:50,2022,2023
2022-23,1629630,Ja Morant,Ja,1610612763,MEM,Memphis Grizzlies,22200576,2023-01-05T00:00:00,MEM @ ORL,W,35.5,6.8,8.1,2.7,27.0,13.5,13.5,20.3,43.3,0.0,1.4,0.0,10.8,63.5,1,1,1,1,3335,4281,2514,9228,945,10296,14065,20227,17107,7930,18584,1,1156,3521,1,35:30,2022,2023
2022-23,1630533,Ziaire Williams,Ziaire,1610612763,MEM,Memphis Grizzlies,22200576,2023-01-05T00:00:00,MEM @ ORL,W,14.133333333333333,0.0,0.0,20.4,20.4,13.6,10.2,13.6,34.0,0.0,0.0,6.8,3.4,55.0,1,1,1,1,19961,12084,10381,133,2689,10357,10181,14146,21945,7930,1,20922,11416,6395,1,14:08,2022,2023
2022-23,1626145,Tyus Jones,Tyus,1610612763,MEM,Memphis Grizzlies,22200576,2023-01-05T00:00:00,MEM @ ORL,W,24.7,9.7,0.0,9.7,7.8,11.7,9.7,15.5,35.0,0.0,0.0,0.0,1.9,65.3,1,1,1,1,12345,1935,10381,1515,13066,8321,9626,16268,21520,7930,1,1,15557,3110,1,24:42,2022,2023
2022-23,1628415,Dillon Brooks,Dillon,1610612763,MEM,Memphis Grizzlies,22200576,2023-01-05T00:00:00,MEM @ ORL,W,32.016666666666666,0.0,0.0,0.0,9.0,18.0,13.5,16.5,36.0,0.0,0.0,6.0,0.0,39.3,1,1,1,1,6366,12084,10381,10252,11563,15090,14030,17202,21082,7930,1,19476,17929,14361,1,32:01,2022,2023
2022-23,1630583,Santi Aldama,Santi,1610612763,MEM,Memphis Grizzlies,22200576,2023-01-05T00:00:00,MEM @ ORL,W,12.996666666666666,0.0,0.0,0.0,0.0,7.4,22.2,22.2,44.3,0.0,0.0,11.1,0.0,7.0,1,1,1,1,20610,12084,10381,10252,19499,4602,21814,21326,16437,7930,1,24464,17929,24727,1,12:60,2022,2023
2022-23,203500,Steven Adams,Steven,1610612763,MEM,Memphis Grizzlies,22200576,2023-01-05T00:00:00,MEM @ ORL,W,30.166666666666668,3.2,0.0,0.0,6.4,19.1,12.7,12.7,41.4,0.0,0.0,8.0,4.8,19.4,1,1,1,1,7980,9919,10381,10252,14670,16154,13133,13212,18269,7930,1,22457,8095,22798,1,30:10,2022,2023
2022-23,1631223,David Roddy,David,1610612763,MEM,Memphis Grizzlies,22200576,2023-01-05T00:00:00,MEM @ ORL,W,17.0,0.0,0.0,0.0,0.0,5.6,11.3,22.6,45.2,0.0,2.8,11.3,5.6,26.0,1,1,1,1,18135,12084,10381,10252,19499,3510,11465,21569,15867,7930,23222,24520,6289,20733,1,17:00,2022,2023
2022-23,1628991,Jaren Jackson Jr.,Jaren,1610612763,MEM,Memphis Grizzlies,22200576,2023-01-05T00:00:00,MEM @ ORL,W,31.97,3.0,6.0,9.0,30.0,18.0,10.5,13.5,39.0,4.5,0.0,4.5,7.5,81.8,1,1,1,1,6405,10310,4340,1812,588,15121,10538,14050,19592,1313,1,15796,3576,859,1,31:58,2022,2023
2022-23,1630217,Desmond Bane,Desmond,1610612763,MEM,Memphis Grizzlies,22200564,2023-01-04T00:00:00,MEM @ CHA,W,26.12333333333333,5.5,0.0,9.2,14.7,3.7,12.9,22.0,36.7,0.0,0.0,5.5,3.7,72.0,1,1,1,1,11236,5924,10381,1737,5942,2723,13277,21269,20735,7930,1,18455,10747,1810,1,26:07,2022,2023
2022-23,1628991,Jaren Jackson Jr.,Jaren,1610612763,MEM,Memphis Grizzlies,22200564,2023-01-04T00:00:00,MEM @ CHA,W,24.08333333333333,6.0,4.0,8.0,19.9,4.0,4.0,19.9,43.8,6.0,6.0,6.0,6.0,72.0,1,1,1,1,12824,5254,6937,2407,2863,2819,4197,19966,16746,671,25462,19443,5721,1826,1,24:05,2022,2023
2022-23,1631223,David Roddy,David,1610612763,MEM,Memphis Grizzlies,22200564,2023-01-04T00:00:00,MEM @ CHA,W,19.126666666666665,0.0,0.0,5.0,15.1,25.1,5.0,22.6,65.2,0.0,0.0,0.0,5.0,35.4,1,1,1,1,16602,12084,10381,5294,5667,20991,4932,21568,4223,7930,1,1,7590,16445,1,19:08,2022,2023
2022-23,1629723,John Konchar,John,1610612763,MEM,Memphis Grizzlies,22200564,2023-01-04T00:00:00,MEM @ CHA,W,18.816666666666663,0.0,0.0,5.1,5.1,20.4,12.8,25.5,56.1,0.0,0.0,2.6,0.0,31.6,1,1,1,1,16834,12084,10381,5183,16414,17408,13157,22884,8588,7930,1,9276,17929,18307,1,18:49,2022,2023
2022-23,1631246,Vince Williams Jr.,Vince,1610612763,MEM,Memphis Grizzlies,22200564,2023-01-04T00:00:00,MEM @ CHA,W,3.733333333333333,0.0,0.0,0.0,0.0,51.4,25.7,38.6,102.9,0.0,0.0,0.0,0.0,19.3,1,1,1,1,24483,12084,10381,10252,19499,25476,23325,25224,263,7930,1,1,17929,22837,1,3:44,2022,2023
2022-23,1626145,Tyus Jones,Tyus,1610612763,MEM,Memphis Grizzlies,22200564,2023-01-04T00:00:00,MEM @ CHA,W,14.766666666666667,0.0,0.0,0.0,0.0,13.0,0.0,16.3,45.5,0.0,0.0,0.0,0.0,55.3,1,1,1,1,19572,12084,10381,10252,19499,9714,1,16972,15651,7930,1,1,17929,6300,1,14:46,2022,2023
2022-23,1628415,Dillon Brooks,Dillon,1610612763,MEM,Memphis Grizzlies,22200564,2023-01-04T00:00:00,MEM @ CHA,W,25.366666666666667,5.7,0.0,0.0,11.4,3.8,3.8,18.9,45.4,1.9,1.9,3.8,5.7,46.2,1,1,1,1,11827,5670,10381,10252,8988,2760,4079,19219,15713,4947,21064,13418,6235,10578,1,25:22,2022,2023
2022-23,203500,Steven Adams,Steven,1610612763,MEM,Memphis Grizzlies,22200564,2023-01-04T00:00:00,MEM @ CHA,W,27.205,0.0,7.1,0.0,10.6,10.6,12.4,26.5,45.9,3.5,1.8,1.8,8.8,65.3,1,1,1,1,10422,12084,3275,10252,9752,7320,12690,23236,15430,2061,20684,7270,2314,3112,1,27:12,2022,2023
2022-23,1630583,Santi Aldama,Santi,1610612763,MEM,Memphis Grizzlies,22200564,2023-01-04T00:00:00,MEM @ CHA,W,20.183333333333334,4.8,0.0,0.0,14.3,19.0,11.9,23.8,52.3,2.4,0.0,2.4,2.4,41.9,1,1,1,1,15809,7101,10381,10252,6272,16082,12161,22141,11068,3951,1,8708,14447,12927,1,20:11,2022,2023
2022-23,1631113,Kennedy Chandler,Kennedy,1610612763,MEM,Memphis Grizzlies,22200564,2023-01-04T00:00:00,MEM @ CHA,W,6.566666666666666,0.0,7.3,7.3,0.0,43.9,14.6,36.5,87.7,0.0,0.0,0.0,7.3,43.1,1,1,1,1,23301,12084,3090,2876,19499,25227,15296,25071,621,7930,1,1,3797,12259,1,6:34,2022,2023
2022-23,1630214,Xavier Tillman,Xavier,1610612763,MEM,Memphis Grizzlies,22200564,2023-01-04T00:00:00,MEM @ CHA,W,20.795,0.0,0.0,4.6,23.1,18.5,4.6,18.5,60.0,2.3,4.6,2.3,0.0,67.4,1,1,1,1,15353,12084,10381,5864,1722,15542,4618,18845,6388,4063,25070,8551,17929,2626,1,20:48,2022,2023
2022-23,1630533,Ziaire Williams,Ziaire,1610612763,MEM,Memphis Grizzlies,22200564,2023-01-04T00:00:00,MEM @ CHA,W,6.566666666666666,0.0,14.6,0.0,0.0,43.9,14.6,36.5,87.7,0.0,0.0,21.9,7.3,59.9,1,1,1,1,23301,12084,524,10252,19499,25227,15296,25071,621,7930,1,25689,3797,4560,1,6:34,2022,2023
2022-23,1629630,Ja Morant,Ja,1610612763,MEM,Memphis Grizzlies,22200564,2023-01-04T00:00:00,MEM @ CHA,W,26.666666666666668,5.4,0.0,7.2,18.0,7.2,12.6,23.4,46.8,0.0,1.8,1.8,9.0,74.2,1,1,1,1,10833,6100,10381,2965,3776,4476,12982,21972,14850,7930,20805,7369,2156,1528,1,26:40,2022,2023
2022-23,1631223,David Roddy,David,1610612763,MEM,Memphis Grizzlies,22200547,2023-01-01T00:00:00,MEM vs. SAC,W,15.1,9.5,0.0,0.0,12.7,0.0,12.7,12.7,50.9,0.0,0.0,3.2,6.4,40.7,1,1,1,1,19368,2022,10381,10252,7666,1,13113,13192,12087,7930,1,11576,5136,13584,1,15:06,2022,2023
2022-23,1628415,Dillon Brooks,Dillon,1610612763,MEM,Memphis Grizzlies,22200547,2023-01-01T00:00:00,MEM vs. SAC,W,36.08833333333333,0.0,0.0,0.0,10.6,9.3,9.3,20.0,37.2,1.3,1.3,2.7,0.0,29.1,1,1,1,1,2848,12084,10381,10252,9702,6190,9176,19976,20465,7141,18426,9728,17929,19435,1,36:05,2022,2023
2022-23,1626145,Tyus Jones,Tyus,1610612763,MEM,Memphis Grizzlies,22200547,2023-01-01T00:00:00,MEM vs. SAC,W,32.31333333333333,20.8,5.9,13.4,0.0,7.4,13.4,13.4,47.5,0.0,0.0,0.0,3.0,59.7,1,1,1,1,6075,189,4412,570,19499,4622,13877,13902,14361,7930,1,1,12610,4624,1,32:19,2022,2023
2022-23,1629723,John Konchar,John,1610612763,MEM,Memphis Grizzlies,22200547,2023-01-01T00:00:00,MEM vs. SAC,W,27.633333333333333,6.9,0.0,12.2,13.9,6.9,10.4,22.6,45.2,0.0,0.0,0.0,1.7,57.7,1,1,1,1,10066,4070,10381,784,6581,4312,10427,21565,15882,7930,1,1,16162,5405,1,27:38,2022,2023
2022-23,203500,Steven Adams,Steven,1610612763,MEM,Memphis Grizzlies,22200547,2023-01-01T00:00:00,MEM vs. SAC,W,34.48,0.0,7.0,0.0,13.9,9.7,12.5,18.1,39.0,2.8,0.0,5.6,4.2,67.0,1,1,1,1,4204,12084,3354,10252,6559,6576,12888,18553,19614,3085,1,18579,9425,2718,1,34:29,2022,2023
2022-23,1629630,Ja Morant,Ja,1610612763,MEM,Memphis Grizzlies,22200547,2023-01-01T00:00:00,MEM vs. SAC,W,32.788333333333334,1.5,5.9,0.0,32.2,5.9,8.8,16.1,35.1,1.5,1.5,5.9,11.7,78.9,1,1,1,1,5677,11985,4501,10252,425,3623,8626,16834,21454,6432,19306,19191,850,1071,1,32:47,2022,2023
2022-23,1631113,Kennedy Chandler,Kennedy,1610612763,MEM,Memphis Grizzlies,22200547,2023-01-01T00:00:00,MEM vs. SAC,W,14.061666666666667,6.8,0.0,0.0,6.8,10.2,10.2,20.5,68.3,3.4,3.4,6.8,0.0,48.5,1,1,1,1,20009,4207,10381,10252,14161,6998,10238,20360,3215,2170,24121,20986,17929,9454,1,14:04,2022,2023
2022-23,1630214,Xavier Tillman,Xavier,1610612763,MEM,Memphis Grizzlies,22200547,2023-01-01T00:00:00,MEM vs. SAC,W,12.595,0.0,0.0,7.6,15.2,0.0,7.6,15.2,61.0,0.0,3.8,7.6,0.0,42.7,1,1,1,1,20846,12084,10381,2644,5533,1,7419,15941,5938,7930,24494,22095,17929,12503,1,12:36,2022,2023
2022-23,1628991,Jaren Jackson Jr.,Jaren,1610612763,MEM,Memphis Grizzlies,22200547,2023-01-01T00:00:00,MEM vs. SAC,W,28.955,0.0,3.3,0.0,9.9,8.3,11.6,16.6,33.2,5.0,0.0,5.0,3.3,57.0,1,1,1,1,8980,12084,8005,10252,10482,5348,11811,17284,22243,1049,1,17092,11615,5647,1,28:57,2022,2023
2022-23,1631254,Kenneth Lofton Jr.,Kenneth,1610612763,MEM,Memphis Grizzlies,22200547,2023-01-01T00:00:00,MEM vs. SAC,W,0.9783333333333334,0.0,0.0,0.0,0.0,0.0,0.0,0.0,98.1,0.0,0.0,0.0,0.0,0.0,1,1,1,1,25696,12084,10381,10252,19499,1,1,1,346,7930,1,1,17929,24963,1,0:59,2022,2023
2022-23,1631222,Jake LaRavia,Jake,1610612763,MEM,Memphis Grizzlies,22200547,2023-01-01T00:00:00,MEM vs. SAC,W,4.028333333333333,0.0,0.0,0.0,0.0,0.0,23.8,0.0,71.5,0.0,0.0,0.0,0.0,0.0,1,1,1,1,24366,12084,10381,10252,19499,1,22600,1,2389,7930,1,1,17929,24963,1,4:02,2022,2023
2022-23,1631246,Vince Williams Jr.,Vince,1610612763,MEM,Memphis Grizzlies,22200547,2023-01-01T00:00:00,MEM vs. SAC,W,0.9783333333333334,0.0,0.0,0.0,0.0,0.0,0.0,0.0,98.1,0.0,0.0,0.0,0.0,0.0,1,1,1,1,25696,12084,10381,10252,19499,1,1,1,346,7930,1,1,17929,24963,1,0:59,2022,2023
2022-23,1631222,Jake LaRavia,Jake,1610612763,MEM,Memphis Grizzlies,22200543,2022-12-31T00:00:00,MEM vs. NOP,W,1.4833333333333334,0.0,0.0,0.0,0.0,0.0,0.0,0.0,64.7,0.0,0.0,32.4,0.0,0.0,1,1,1,1,25530,12084,10381,10252,19499,1,1,1,4396,7930,1,25832,17929,24963,1,1:29,2022,2023
2022-23,1631113,Kennedy Chandler,Kennedy,1610612763,MEM,Memphis Grizzlies,22200543,2022-12-31T00:00:00,MEM vs. NOP,W,1.4833333333333334,0.0,0.0,0.0,0.0,0.0,0.0,0.0,64.7,0.0,0.0,0.0,0.0,0.0,1,1,1,1,25530,12084,10381,10252,19499,1,1,1,4396,7930,1,1,17929,24963,1,1:29,2022,2023
2022-23,1629723,John Konchar,John,1610612763,MEM,Memphis Grizzlies,22200543,2022-12-31T00:00:00,MEM vs. NOP,W,23.216666666666665,4.1,4.1,8.3,16.5,14.5,24.8,10.3,37.2,0.0,0.0,4.1,0.0,49.8,1,1,1,1,13482,8150,6696,2217,4652,11355,22987,10516,20485,7930,1,14636,17929,8771,1,23:13,2022,2023
2022-23,1631223,David Roddy,David,1610612763,MEM,Memphis Grizzlies,22200543,2022-12-31T00:00:00,MEM vs. NOP,W,28.25,3.4,0.0,3.4,3.4,34.0,17.0,17.0,61.2,1.7,0.0,8.5,1.7,16.0,1,1,1,1,9524,9493,10381,7767,18354,24119,17847,17618,5856,5508,1,23031,16288,23570,1,28:15,2022,2023
2022-23,1628415,Dillon Brooks,Dillon,1610612763,MEM,Memphis Grizzlies,22200543,2022-12-31T00:00:00,MEM vs. NOP,W,27.433333333333334,3.5,0.0,0.0,7.0,22.7,17.5,12.2,38.5,0.0,1.7,8.7,0.0,15.7,1,1,1,1,10235,9284,10381,10252,13963,19393,18364,12710,19852,7930,20644,23246,17929,23621,1,27:26,2022,2023
2022-23,1630217,Desmond Bane,Desmond,1610612763,MEM,Memphis Grizzlies,22200543,2022-12-31T00:00:00,MEM vs. NOP,W,28.05,3.4,6.8,3.4,17.1,30.8,12.0,22.2,44.5,1.7,3.4,3.4,1.7,50.3,1,1,1,1,9665,9447,3470,7730,4301,23378,12265,21376,16335,5468,24129,12260,16245,8502,1,28:03,2022,2023
2022-23,1629634,Brandon Clarke,Brandon,1610612763,MEM,Memphis Grizzlies,22200543,2022-12-31T00:00:00,MEM vs. NOP,W,19.383333333333333,5.0,9.9,9.9,19.8,24.8,17.3,7.4,44.6,2.5,0.0,12.4,9.9,59.4,1,1,1,1,16402,6781,1579,1434,2908,20791,18222,7541,16285,3750,1,24862,1589,4737,1,19:23,2022,2023
2022-23,1629630,Ja Morant,Ja,1610612763,MEM,Memphis Grizzlies,22200543,2022-12-31T00:00:00,MEM vs. NOP,W,30.866666666666667,6.2,0.0,12.4,28.0,29.5,14.0,14.0,34.2,0.0,0.0,0.0,9.3,77.1,1,1,1,1,7392,4933,10381,717,803,23004,14569,14631,21840,7930,1,1,1942,1233,1,30:52,2022,2023
2022-23,1628991,Jaren Jackson Jr.,Jaren,1610612763,MEM,Memphis Grizzlies,22200543,2022-12-31T00:00:00,MEM vs. NOP,W,30.25,6.3,3.2,0.0,19.0,19.0,17.5,9.5,38.1,9.5,1.6,6.3,6.3,79.7,1,1,1,1,7906,4771,8260,10252,3210,16102,18332,9641,20052,192,19945,20148,5149,1007,1,30:15,2022,2023
2022-23,1630214,Xavier Tillman,Xavier,1610612763,MEM,Memphis Grizzlies,22200543,2022-12-31T00:00:00,MEM vs. NOP,W,1.45,0.0,0.0,0.0,66.2,0.0,0.0,0.0,66.2,0.0,0.0,0.0,0.0,105.9,1,1,1,1,25548,12084,10381,10252,39,1,1,1,3863,7930,1,1,17929,175,1,1:27,2022,2023
2022-23,203500,Steven Adams,Steven,1610612763,MEM,Memphis Grizzlies,22200543,2022-12-31T00:00:00,MEM vs. NOP,W,27.166666666666668,3.5,8.8,7.1,14.1,26.5,19.4,17.7,42.4,3.5,0.0,5.3,7.1,91.3,1,1,1,1,10450,9228,2094,3075,6379,21701,20046,18185,17673,2055,1,17944,4108,434,1,27:10,2022,2023
2022-23,1626145,Tyus Jones,Tyus,1610612763,MEM,Memphis Grizzlies,22200543,2022-12-31T00:00:00,MEM vs. NOP,W,20.966666666666665,6.9,0.0,4.6,4.6,25.2,29.8,4.6,54.9,0.0,0.0,0.0,2.3,56.8,1,1,1,1,15227,4163,10381,5910,17061,21043,24408,4927,9361,7930,1,1,14676,5745,1,20:58,2022,2023
2022-23,203500,Steven Adams,Steven,1610612763,MEM,Memphis Grizzlies,22200526,2022-12-29T00:00:00,MEM @ TOR,W,32.281666666666666,3.0,5.9,5.9,20.8,8.9,22.3,13.4,47.6,0.0,0.0,1.5,7.4,59.3,1,1,1,1,6114,10378,4407,4111,2526,5868,21880,13919,14322,7930,1,6356,3660,4768,1,32:17,2022,2023
2022-23,1629630,Ja Morant,Ja,1610612763,MEM,Memphis Grizzlies,22200526,2022-12-29T00:00:00,MEM @ TOR,W,35.583333333333336,2.7,2.7,10.8,21.6,9.4,20.2,14.8,45.9,1.3,4.0,1.3,6.7,66.5,1,1,1,1,3261,11028,9342,1121,2229,6299,20652,15520,15440,7036,24702,5805,4556,2809,1,35:35,2022,2023
2022-23,1628415,Dillon Brooks,Dillon,1610612763,MEM,Memphis Grizzlies,22200526,2022-12-29T00:00:00,MEM @ TOR,W,34.13333333333333,0.0,1.4,4.2,8.4,8.4,21.1,12.7,45.0,0.0,1.4,4.2,7.0,52.9,1,1,1,1,4484,12084,10318,6423,12194,5466,21243,13131,15992,7930,18925,14932,4164,7291,1,34:08,2022,2023
2022-23,1628991,Jaren Jackson Jr.,Jaren,1610612763,MEM,Memphis Grizzlies,22200526,2022-12-29T00:00:00,MEM @ TOR,W,29.08333333333333,0.0,8.3,0.0,19.8,19.8,26.4,18.2,52.8,3.3,1.7,1.7,0.0,48.7,1,1,1,1,8876,12084,2425,10252,2911,16819,23564,18603,10748,2298,20244,6945,17929,9358,1,29:05,2022,2023
2022-23,1629634,Brandon Clarke,Brandon,1610612763,MEM,Memphis Grizzlies,22200526,2022-12-29T00:00:00,MEM @ TOR,W,15.733333333333333,0.0,0.0,0.0,12.2,24.4,24.4,27.5,54.9,0.0,0.0,6.1,3.1,28.1,1,1,1,1,18953,12084,10381,10252,8169,20556,22842,23543,9380,7930,1,19708,12368,19895,1,15:44,2022,2023
2022-23,1630533,Ziaire Williams,Ziaire,1610612763,MEM,Memphis Grizzlies,22200526,2022-12-29T00:00:00,MEM @ TOR,W,7.5,0.0,19.2,0.0,12.8,12.8,32.0,19.2,76.8,0.0,0.0,12.8,12.8,19.2,1,1,1,1,22942,12084,232,10252,7578,9490,24807,19436,1459,7930,1,24961,592,22852,1,7:30,2022,2023
2022-23,1626145,Tyus Jones,Tyus,1610612763,MEM,Memphis Grizzlies,22200526,2022-12-29T00:00:00,MEM @ TOR,W,19.766666666666666,0.0,0.0,0.0,9.7,17.0,29.1,26.7,58.3,0.0,2.4,2.4,0.0,24.8,1,1,1,1,16115,12084,10381,10252,10747,14106,24299,23312,7329,7930,22257,8855,17929,21167,1,19:46,2022,2023
2022-23,1630217,Desmond Bane,Desmond,1610612763,MEM,Memphis Grizzlies,22200526,2022-12-29T00:00:00,MEM @ TOR,W,28.51833333333333,6.7,0.0,3.4,10.1,20.2,23.6,18.5,50.5,0.0,1.7,10.1,0.0,55.5,1,1,1,1,9309,4315,10381,7830,10294,17198,22499,18874,12363,7930,20377,24094,17929,6188,1,28:31,2022,2023
2022-23,1629723,John Konchar,John,1610612763,MEM,Memphis Grizzlies,22200526,2022-12-29T00:00:00,MEM @ TOR,W,23.766666666666666,0.0,0.0,0.0,8.1,16.2,20.2,26.3,44.4,2.0,0.0,4.0,2.0,46.2,1,1,1,1,13072,12084,10381,10252,12632,13243,20630,23159,16368,4636,1,14310,15352,10535,1,23:46,2022,2023
2022-23,1630583,Santi Aldama,Santi,1610612763,MEM,Memphis Grizzlies,22200526,2022-12-29T00:00:00,MEM @ TOR,W,13.633333333333333,0.0,0.0,14.1,7.0,7.0,17.6,10.6,49.3,0.0,0.0,3.5,3.5,44.0,1,1,1,1,20254,12084,10381,475,13925,4370,18459,10738,13157,7930,1,12573,11114,11780,1,13:38,2022,2023
2022-23,1629723,John Konchar,John,1610612763,MEM,Memphis Grizzlies,22200510,2022-12-27T00:00:00,MEM vs. PHX,L,14.066666666666666,0.0,0.0,17.1,6.8,30.7,13.6,17.1,40.9,3.4,0.0,6.8,0.0,65.2,1,12947,12947,12947,20003,12084,10381,242,14162,23346,14203,17669,18530,2171,1,20983,17929,3139,1,14:04,2022,2023
2022-23,1631113,Kennedy Chandler,Kennedy,1610612763,MEM,Memphis Grizzlies,22200510,2022-12-27T00:00:00,MEM vs. PHX,L,7.2,6.7,0.0,6.7,13.3,13.3,13.3,13.3,66.7,0.0,0.0,0.0,6.7,43.3,1,12947,12947,12947,23056,4387,10381,3396,7071,10072,13825,13861,3711,7930,1,1,4684,12139,1,7:12,2022,2023
2022-23,1626145,Tyus Jones,Tyus,1610612763,MEM,Memphis Grizzlies,22200510,2022-12-27T00:00:00,MEM vs. PHX,L,12.85,3.7,0.0,0.0,0.0,26.1,18.7,26.1,22.4,0.0,0.0,0.0,3.7,30.6,1,12947,12947,12947,20691,8870,10381,10252,19499,21544,19462,23120,24567,7930,1,1,10583,18768,1,12:51,2022,2023
2022-23,1630217,Desmond Bane,Desmond,1610612763,MEM,Memphis Grizzlies,22200510,2022-12-27T00:00:00,MEM vs. PHX,L,27.4,3.5,3.5,5.3,7.0,15.8,12.3,10.5,35.0,0.0,3.5,3.5,7.0,25.2,1,12947,12947,12947,10265,9278,7706,4966,13957,12795,12593,10690,21498,7930,24227,12517,4206,21005,1,27:24,2022,2023
2022-23,1630583,Santi Aldama,Santi,1610612763,MEM,Memphis Grizzlies,22200510,2022-12-27T00:00:00,MEM vs. PHX,L,14.733333333333333,0.0,0.0,0.0,0.0,22.8,6.5,13.0,52.1,3.3,0.0,0.0,3.3,19.5,1,12947,12947,12947,19610,12084,10381,10252,19499,19429,6267,13536,11199,2336,1,1,11757,22764,1,14:44,2022,2023
2022-23,1631222,Jake LaRavia,Jake,1610612763,MEM,Memphis Grizzlies,22200510,2022-12-27T00:00:00,MEM vs. PHX,L,7.2,0.0,0.0,0.0,0.0,13.3,13.3,13.3,66.7,0.0,0.0,0.0,6.7,6.7,1,12947,12947,12947,23056,12084,10381,10252,19499,10072,13825,13861,3711,7930,1,1,4684,24748,1,7:12,2022,2023
2022-23,203500,Steven Adams,Steven,1610612763,MEM,Memphis Grizzlies,22200510,2022-12-27T00:00:00,MEM vs. PHX,L,25.3,0.0,7.6,0.0,11.4,13.3,7.6,5.7,45.5,1.9,1.9,1.9,0.0,38.5,1,12947,12947,12947,11879,12084,2872,10252,8949,10010,7373,5874,15637,4936,21078,7604,17929,14787,1,25:18,2022,2023
2022-23,1630533,Ziaire Williams,Ziaire,1610612763,MEM,Memphis Grizzlies,22200510,2022-12-27T00:00:00,MEM vs. PHX,L,17.883333333333333,5.4,0.0,0.0,10.7,18.8,0.0,18.8,53.7,0.0,0.0,10.7,0.0,30.1,1,12947,12947,12947,17475,6148,10381,10252,9610,15855,1,19105,10185,7930,1,24341,17929,19008,1,17:53,2022,2023
2022-23,1629630,Ja Morant,Ja,1610612763,MEM,Memphis Grizzlies,22200510,2022-12-27T00:00:00,MEM vs. PHX,L,31.133333333333333,7.7,7.7,10.8,15.4,13.9,9.3,10.8,52.4,0.0,3.1,4.6,13.9,73.4,1,12947,12947,12947,7150,3309,2781,1120,5408,10693,9113,11007,11005,7930,23709,16146,395,1621,1,31:08,2022,2023
2022-23,1630214,Xavier Tillman,Xavier,1610612763,MEM,Memphis Grizzlies,22200510,2022-12-27T00:00:00,MEM vs. PHX,L,7.2,0.0,26.7,0.0,40.0,13.3,13.3,13.3,66.7,0.0,0.0,0.0,13.3,77.3,1,12947,12947,12947,23056,12084,103,10252,175,10072,13825,13861,3711,7930,1,1,493,1217,1,7:12,2022,2023
2022-23,1629634,Brandon Clarke,Brandon,1610612763,MEM,Memphis Grizzlies,22200510,2022-12-27T00:00:00,MEM vs. PHX,L,15.5,6.2,6.2,0.0,18.6,27.9,15.5,21.7,37.2,0.0,3.1,9.3,6.2,80.8,1,12947,12947,12947,19111,4978,4125,10252,3445,22396,16286,21074,20505,7930,23730,23628,5377,933,1,15:30,2022,2023
2022-23,1628991,Jaren Jackson Jr.,Jaren,1610612763,MEM,Memphis Grizzlies,22200510,2022-12-27T00:00:00,MEM vs. PHX,L,26.066666666666663,3.7,3.7,0.0,7.4,16.6,12.9,11.0,36.8,5.5,3.7,3.7,1.8,53.6,1,12947,12947,12947,11283,8969,7454,10252,13586,13666,13314,11283,20687,833,24376,13047,15852,6998,1,26:04,2022,2023
2022-23,1628415,Dillon Brooks,Dillon,1610612763,MEM,Memphis Grizzlies,22200510,2022-12-27T00:00:00,MEM vs. PHX,L,26.266666666666666,5.5,0.0,0.0,3.7,16.4,12.8,0.0,47.5,0.0,1.8,9.1,1.8,16.8,1,12947,12947,12947,11128,5964,10381,10252,18035,13528,13199,1,14374,7930,20894,23536,15887,23389,1,26:16,2022,2023
2022-23,1631223,David Roddy,David,1610612763,MEM,Memphis Grizzlies,22200510,2022-12-27T00:00:00,MEM vs. PHX,L,7.2,0.0,0.0,0.0,13.3,13.3,13.3,13.3,66.7,0.0,0.0,6.7,0.0,24.7,1,12947,12947,12947,23056,12084,10381,10252,7071,10072,13825,13861,3711,7930,1,20715,17929,21204,1,7:12,2022,2023
2022-23,203500,Steven Adams,Steven,1610612763,MEM,Memphis Grizzlies,22200496,2022-12-25T00:00:00,MEM @ GSW,L,21.19333333333333,0.0,4.5,0.0,9.1,4.5,13.6,6.8,13.6,2.3,2.3,4.5,13.6,61.8,1,12947,12947,12947,15067,12084,6138,10252,11473,3014,14138,6899,25172,4140,21936,15864,439,3974,1,21:12,2022,2023
2022-23,1629630,Ja Morant,Ja,1610612763,MEM,Memphis Grizzlies,22200496,2022-12-25T00:00:00,MEM @ GSW,L,40.9,7.0,2.3,15.3,28.2,14.1,9.4,9.4,28.2,0.0,1.2,1.2,4.7,62.7,1,12947,12947,12947,434,3967,10024,371,778,10931,9268,9490,23652,7930,17631,5252,8247,3767,1,40:54,2022,2023
2022-23,1629723,John Konchar,John,1610612763,MEM,Memphis Grizzlies,22200496,2022-12-25T00:00:00,MEM @ GSW,L,20.15,0.0,0.0,0.0,0.0,9.5,2.4,7.1,28.6,2.4,2.4,2.4,0.0,23.6,1,12947,12947,12947,15832,12084,10381,10252,19499,6372,3373,7234,23554,3941,22156,8720,17929,21593,1,20:09,2022,2023
2022-23,1628415,Dillon Brooks,Dillon,1610612763,MEM,Memphis Grizzlies,22200496,2022-12-25T00:00:00,MEM @ GSW,L,30.25,6.3,0.0,4.8,6.3,12.7,12.7,7.9,22.2,0.0,1.6,7.9,3.2,20.8,1,12947,12947,12947,7906,4771,10381,5663,14690,9382,13087,8045,24594,7930,19945,22427,12002,22460,1,30:15,2022,2023
2022-23,1630217,Desmond Bane,Desmond,1610612763,MEM,Memphis Grizzlies,22200496,2022-12-25T00:00:00,MEM @ GSW,L,24.416666666666668,3.9,0.0,9.8,7.9,7.9,17.7,9.8,27.5,2.0,0.0,5.9,3.9,30.7,1,12947,12947,12947,12563,8503,10381,1467,12949,4950,18555,9972,23795,4767,1,19282,10060,18748,1,24:25,2022,2023
2022-23,1630533,Ziaire Williams,Ziaire,1610612763,MEM,Memphis Grizzlies,22200496,2022-12-25T00:00:00,MEM @ GSW,L,14.683333333333334,0.0,0.0,0.0,0.0,19.6,6.5,3.3,26.2,0.0,0.0,6.5,0.0,21.6,1,12947,12947,12947,19633,12084,10381,10252,19499,16659,6293,4140,24031,7930,1,20493,17929,22229,1,14:41,2022,2023
2022-23,1629634,Brandon Clarke,Brandon,1610612763,MEM,Memphis Grizzlies,22200496,2022-12-25T00:00:00,MEM @ GSW,L,26.80666666666667,5.4,3.6,0.0,10.7,17.9,7.2,9.0,35.8,0.0,0.0,1.8,1.8,39.2,1,12947,12947,12947,10728,6141,7599,10252,9606,15003,6925,9049,21163,7930,1,7342,15988,14400,1,26:48,2022,2023
2022-23,1628991,Jaren Jackson Jr.,Jaren,1610612763,MEM,Memphis Grizzlies,22200496,2022-12-25T00:00:00,MEM @ GSW,L,20.65,0.0,0.0,0.0,18.6,9.3,16.3,4.6,18.6,4.6,2.3,11.6,2.3,49.7,1,12947,12947,12947,15473,12084,10381,10252,3437,6179,17111,4981,24923,1225,22043,24643,14582,8814,1,20:39,2022,2023
2022-23,1630583,Santi Aldama,Santi,1610612763,MEM,Memphis Grizzlies,22200496,2022-12-25T00:00:00,MEM @ GSW,L,20.78333333333333,0.0,6.9,0.0,0.0,4.6,2.3,4.6,13.9,2.3,0.0,4.6,2.3,37.9,1,12947,12947,12947,15357,12084,3386,10252,19499,3049,3365,4953,25166,4057,1,16121,14624,15120,1,20:47,2022,2023
2022-23,1626145,Tyus Jones,Tyus,1610612763,MEM,Memphis Grizzlies,22200496,2022-12-25T00:00:00,MEM @ GSW,L,20.166666666666668,7.1,4.8,14.3,0.0,19.0,9.5,14.3,42.8,0.0,0.0,2.4,2.4,58.8,1,12947,12947,12947,15820,3855,5821,452,19499,16102,9402,14925,17390,7930,1,8716,14444,4964,1,20:10,2022,2023
2022-23,203500,Steven Adams,Steven,1610612763,MEM,Memphis Grizzlies,22200490,2022-12-23T00:00:00,MEM @ PHX,W,22.25,0.0,8.6,0.0,12.9,12.9,15.1,6.5,38.8,2.2,0.0,0.0,8.6,60.8,1,1,1,1,14223,12084,2209,10252,7430,9636,15847,6580,19682,4339,1,1,2487,4276,1,22:15,2022,2023
2022-23,1628991,Jaren Jackson Jr.,Jaren,1610612763,MEM,Memphis Grizzlies,22200490,2022-12-23T00:00:00,MEM @ PHX,W,27.816666666666663,6.9,10.4,0.0,27.6,5.2,1.7,6.9,41.4,3.5,3.5,1.7,6.9,80.2,1,1,1,1,9880,4122,1431,10252,854,3299,3309,7001,18240,2136,24167,7156,4346,962,1,27:49,2022,2023
2022-23,1629634,Brandon Clarke,Brandon,1610612763,MEM,Memphis Grizzlies,22200490,2022-12-23T00:00:00,MEM @ PHX,W,21.2,11.3,18.1,6.8,27.2,9.1,11.3,2.3,54.3,0.0,0.0,2.3,13.6,92.8,1,1,1,1,15054,1274,260,3299,920,5979,11492,3660,9750,7930,1,8457,440,398,1,21:12,2022,2023
2022-23,1630583,Santi Aldama,Santi,1610612763,MEM,Memphis Grizzlies,22200490,2022-12-23T00:00:00,MEM @ PHX,W,20.183333333333334,7.1,4.8,0.0,9.5,21.4,33.3,0.0,42.8,4.8,4.8,4.8,2.4,53.0,1,1,1,1,15809,3865,5829,10252,10982,18303,24996,1,17417,1161,25139,16499,14447,7221,1,20:11,2022,2023
2022-23,1629630,Ja Morant,Ja,1610612763,MEM,Memphis Grizzlies,22200490,2022-12-23T00:00:00,MEM @ PHX,W,28.0,1.7,3.4,0.0,10.3,13.7,18.9,5.1,41.1,0.0,0.0,1.7,6.9,54.0,1,1,1,1,9711,11886,7827,10252,10094,10506,19600,5382,18397,7930,1,7118,4392,6810,1,28:00,2022,2023
2022-23,1631222,Jake LaRavia,Jake,1610612763,MEM,Memphis Grizzlies,22200490,2022-12-23T00:00:00,MEM @ PHX,W,4.666666666666667,0.0,0.0,0.0,0.0,20.6,30.9,0.0,0.0,0.0,0.0,20.6,0.0,27.8,1,1,1,1,24052,12084,10381,10252,19499,17551,24621,1,25269,7930,1,25646,17929,20006,1,4:40,2022,2023
2022-23,1630214,Xavier Tillman,Xavier,1610612763,MEM,Memphis Grizzlies,22200490,2022-12-23T00:00:00,MEM @ PHX,W,4.55,0.0,0.0,0.0,21.1,21.1,31.6,0.0,0.0,0.0,0.0,0.0,0.0,33.8,1,1,1,1,24094,12084,10381,10252,2406,18018,24761,1,25269,7930,1,1,17929,17268,1,4:33,2022,2023
2022-23,1629723,John Konchar,John,1610612763,MEM,Memphis Grizzlies,22200490,2022-12-23T00:00:00,MEM @ PHX,W,18.766666666666666,0.0,0.0,0.0,0.0,15.3,10.2,0.0,46.0,0.0,0.0,5.1,2.6,42.5,1,1,1,1,16862,12084,10381,10252,19499,12325,10226,1,15312,7930,1,17459,13946,12608,1,18:46,2022,2023
2022-23,1626145,Tyus Jones,Tyus,1610612763,MEM,Memphis Grizzlies,22200490,2022-12-23T00:00:00,MEM @ PHX,W,15.333333333333334,6.3,0.0,6.3,6.3,6.3,3.1,3.1,56.3,0.0,0.0,0.0,0.0,38.8,1,1,1,1,19222,4883,10381,3788,14799,3861,3722,4056,8436,7930,1,1,17929,14617,1,15:20,2022,2023
2022-23,1630533,Ziaire Williams,Ziaire,1610612763,MEM,Memphis Grizzlies,22200490,2022-12-23T00:00:00,MEM @ PHX,W,23.116666666666667,4.2,0.0,8.3,12.5,14.5,27.0,2.1,45.7,0.0,0.0,10.4,4.2,23.7,1,1,1,1,13547,8113,10381,2190,7928,11419,23739,3637,15551,7930,1,24209,9476,21566,1,23:07,2022,2023
2022-23,1628415,Dillon Brooks,Dillon,1610612763,MEM,Memphis Grizzlies,22200490,2022-12-23T00:00:00,MEM @ PHX,W,25.1,5.7,0.0,5.7,22.9,11.5,13.4,5.7,38.2,0.0,0.0,5.7,1.9,45.9,1,1,1,1,12037,5597,10381,4354,1756,8171,13893,5925,19978,7930,1,18945,15652,10728,1,25:06,2022,2023
2022-23,1631223,David Roddy,David,1610612763,MEM,Memphis Grizzlies,22200490,2022-12-23T00:00:00,MEM @ PHX,W,4.666666666666667,0.0,0.0,0.0,20.6,20.6,30.9,0.0,0.0,0.0,0.0,10.3,0.0,63.8,1,1,1,1,24052,12084,10381,10252,2614,17551,24621,1,25269,7930,1,24174,17929,3474,1,4:40,2022,2023
2022-23,1630217,Desmond Bane,Desmond,1610612763,MEM,Memphis Grizzlies,22200490,2022-12-23T00:00:00,MEM @ PHX,W,24.35,3.9,0.0,3.9,7.9,5.9,5.9,7.9,47.3,0.0,2.0,7.9,5.9,50.5,1,1,1,1,12605,8480,10381,6835,12919,3656,5723,8001,14519,7930,21275,22383,5840,8424,1,24:21,2022,2023
2022-23,1631223,David Roddy,David,1610612763,MEM,Memphis Grizzlies,22200465,2022-12-20T00:00:00,MEM @ DEN,L,22.98333333333333,6.3,0.0,4.2,8.4,6.3,6.3,10.4,37.6,2.1,0.0,0.0,4.2,45.3,1,12947,12947,12947,13651,4876,10381,6481,12284,3864,6039,10621,20289,4484,1,1,9422,11027,1,22:59,2022,2023
2022-23,1629630,Ja Morant,Ja,1610612763,MEM,Memphis Grizzlies,22200465,2022-12-20T00:00:00,MEM @ DEN,L,38.06666666666667,6.3,0.0,5.0,22.7,13.9,10.1,16.4,53.0,0.0,2.5,2.5,8.8,55.7,1,12947,12947,12947,1480,4840,10381,5255,1848,10688,10048,17103,10655,7930,22486,9154,2311,6111,1,38:04,2022,2023
2022-23,203500,Steven Adams,Steven,1610612763,MEM,Memphis Grizzlies,22200465,2022-12-20T00:00:00,MEM @ DEN,L,30.08333333333333,0.0,0.0,0.0,6.4,14.4,8.0,17.6,54.2,0.0,0.0,3.2,3.2,31.9,1,12947,12947,12947,8042,12084,10381,10252,14653,11222,7760,18092,9813,7930,1,11610,11957,18175,1,30:05,2022,2023
2022-23,1631222,Jake LaRavia,Jake,1610612763,MEM,Memphis Grizzlies,22200465,2022-12-20T00:00:00,MEM @ DEN,L,1.8666666666666667,0.0,0.0,0.0,0.0,0.0,0.0,0.0,0.0,0.0,0.0,0.0,0.0,0.0,1,12947,12947,12947,25326,12084,10381,10252,19499,1,1,1,25269,7930,1,1,17929,24963,1,1:52,2022,2023
2022-23,1630533,Ziaire Williams,Ziaire,1610612763,MEM,Memphis Grizzlies,22200465,2022-12-20T00:00:00,MEM @ DEN,L,16.54,0.0,0.0,0.0,5.8,5.8,14.5,20.3,29.0,0.0,0.0,2.9,0.0,31.3,1,12947,12947,12947,18429,12084,10381,10252,15417,3600,15163,20259,23448,7930,1,10679,17929,18433,1,16:32,2022,2023
2022-23,1629723,John Konchar,John,1610612763,MEM,Memphis Grizzlies,22200465,2022-12-20T00:00:00,MEM @ DEN,L,15.566666666666666,0.0,0.0,0.0,0.0,27.8,12.3,24.7,74.0,0.0,0.0,0.0,0.0,8.3,1,12947,12947,12947,19060,12084,10381,10252,19499,22329,12668,22533,1899,7930,1,1,17929,24632,1,15:34,2022,2023
2022-23,1626145,Tyus Jones,Tyus,1610612763,MEM,Memphis Grizzlies,22200465,2022-12-20T00:00:00,MEM @ DEN,L,29.916666666666668,4.8,0.0,4.8,6.4,4.8,9.6,8.0,44.9,0.0,0.0,0.0,3.2,25.7,1,12947,12947,12947,8185,7007,10381,5590,14600,3131,9541,8133,16054,7930,1,1,11902,20839,1,29:55,2022,2023
2022-23,1631113,Kennedy Chandler,Kennedy,1610612763,MEM,Memphis Grizzlies,22200465,2022-12-20T00:00:00,MEM @ DEN,L,1.8666666666666667,0.0,0.0,0.0,0.0,0.0,0.0,0.0,0.0,0.0,0.0,0.0,0.0,30.9,1,12947,12947,12947,25326,12084,10381,10252,19499,1,1,1,25269,7930,1,1,17929,18666,1,1:52,2022,2023
2022-23,1628415,Dillon Brooks,Dillon,1610612763,MEM,Memphis Grizzlies,22200465,2022-12-20T00:00:00,MEM @ DEN,L,29.39333333333333,3.3,0.0,3.3,16.3,22.9,11.4,19.6,55.5,0.0,3.3,8.2,1.6,47.2,1,12947,12947,12947,8630,9742,10381,7982,4788,19477,11621,19721,8957,7930,23966,22710,16544,10070,1,29:24,2022,2023
2022-23,1628991,Jaren Jackson Jr.,Jaren,1610612763,MEM,Memphis Grizzlies,22200465,2022-12-20T00:00:00,MEM @ DEN,L,21.75,6.6,0.0,0.0,8.8,22.1,13.2,13.2,61.8,11.0,0.0,11.0,2.2,77.0,1,12947,12947,12947,14616,4441,10381,10252,11752,18880,13729,13757,5593,125,1,24450,14889,1243,1,21:45,2022,2023
2022-23,1630214,Xavier Tillman,Xavier,1610612763,MEM,Memphis Grizzlies,22200465,2022-12-20T00:00:00,MEM @ DEN,L,1.8666666666666667,0.0,0.0,0.0,51.4,0.0,0.0,0.0,0.0,0.0,0.0,0.0,0.0,113.1,1,12947,12947,12947,25326,12084,10381,10252,76,1,1,1,25269,7930,1,1,17929,123,1,1:52,2022,2023
2022-23,1630583,Santi Aldama,Santi,1610612763,MEM,Memphis Grizzlies,22200465,2022-12-20T00:00:00,MEM @ DEN,L,14.05,0.0,0.0,0.0,20.5,13.7,3.4,13.7,54.7,0.0,0.0,10.2,0.0,44.8,1,12947,12947,12947,20013,12084,10381,10252,2633,10446,3874,14257,9529,7930,1,24161,17929,11346,1,14:03,2022,2023
2022-23,1629634,Brandon Clarke,Brandon,1610612763,MEM,Memphis Grizzlies,22200465,2022-12-20T00:00:00,MEM @ DEN,L,16.05,0.0,9.0,3.0,23.9,15.0,15.0,12.0,47.9,3.0,3.0,9.0,12.0,56.8,1,12947,12947,12947,18742,12084,2022,8536,1519,11855,15686,12382,14128,2737,23576,23418,784,5728,1,16:03,2022,2023
2022-23,1626145,Tyus Jones,Tyus,1610612763,MEM,Memphis Grizzlies,22200443,2022-12-17T00:00:00,MEM @ OKC,L,33.553333333333335,5.7,0.0,7.2,8.6,10.0,15.7,2.9,37.2,0.0,0.0,1.4,1.4,33.2,1,12947,12947,12947,4993,5619,10381,3006,12031,6789,16531,3899,20495,7930,1,6135,17282,17566,1,33:33,2022,2023
2022-23,1631113,Kennedy Chandler,Kennedy,1610612763,MEM,Memphis Grizzlies,22200443,2022-12-17T00:00:00,MEM @ OKC,L,4.566666666666666,0.0,21.0,0.0,21.0,0.0,0.0,21.0,42.0,0.0,0.0,0.0,0.0,33.6,1,12947,12947,12947,24089,12084,179,10252,2438,1,1,20672,17864,7930,1,1,17929,17328,1,4:34,2022,2023
2022-23,1630583,Santi Aldama,Santi,1610612763,MEM,Memphis Grizzlies,22200443,2022-12-17T00:00:00,MEM @ OKC,L,16.683333333333334,0.0,0.0,0.0,5.8,14.4,0.0,11.5,23.0,2.9,0.0,2.9,11.5,50.3,1,12947,12947,12947,18328,12084,10381,10252,15493,11248,1,11857,24490,2937,1,10585,912,8475,1,16:41,2022,2023
2022-23,1628991,Jaren Jackson Jr.,Jaren,1610612763,MEM,Memphis Grizzlies,22200443,2022-12-17T00:00:00,MEM @ OKC,L,28.4,3.4,3.4,5.1,3.4,8.5,22.0,0.0,37.2,0.0,0.0,1.7,11.8,44.1,1,12947,12947,12947,9392,9533,7899,5218,18377,5472,21713,1,20501,7930,1,7058,817,11716,1,28:24,2022,2023
2022-23,1631223,David Roddy,David,1610612763,MEM,Memphis Grizzlies,22200443,2022-12-17T00:00:00,MEM @ OKC,L,19.25,5.0,5.0,0.0,10.0,12.5,5.0,10.0,34.9,0.0,0.0,2.5,2.5,47.1,1,12947,12947,12947,16501,6726,5556,10252,10448,9156,4910,10128,21548,7930,1,9048,14140,10096,1,19:15,2022,2023
2022-23,203500,Steven Adams,Steven,1610612763,MEM,Memphis Grizzlies,22200443,2022-12-17T00:00:00,MEM @ OKC,L,28.63,0.0,6.7,0.0,10.1,20.1,11.7,3.4,26.8,3.4,0.0,10.1,5.0,51.0,1,12947,12947,12947,9233,12084,3612,10252,10343,17126,11972,4185,23919,2239,1,24077,7561,8183,1,28:38,2022,2023
2022-23,1629634,Brandon Clarke,Brandon,1610612763,MEM,Memphis Grizzlies,22200443,2022-12-17T00:00:00,MEM @ OKC,L,19.37,0.0,0.0,0.0,9.9,0.0,14.9,5.0,44.6,2.5,0.0,5.0,7.4,59.7,1,12947,12947,12947,16418,12084,10381,10252,10532,1,15589,5228,16264,3745,1,17039,3661,4620,1,19:22,2022,2023
2022-23,1628415,Dillon Brooks,Dillon,1610612763,MEM,Memphis Grizzlies,22200443,2022-12-17T00:00:00,MEM @ OKC,L,37.06666666666667,2.6,6.5,0.0,7.8,9.1,16.8,2.6,36.3,1.3,0.0,5.2,5.2,52.2,1,12947,12947,12947,2133,11293,3835,10252,13072,5989,17670,3741,20951,7330,1,17628,7237,7604,1,37:04,2022,2023
2022-23,1630533,Ziaire Williams,Ziaire,1610612763,MEM,Memphis Grizzlies,22200443,2022-12-17T00:00:00,MEM @ OKC,L,13.15,0.0,0.0,0.0,7.3,7.3,14.6,0.0,43.8,0.0,0.0,7.3,7.3,25.9,1,12947,12947,12947,20522,12084,10381,10252,13656,4549,15275,1,16765,7930,1,21656,3812,20745,1,13:09,2022,2023
2022-23,1629630,Ja Morant,Ja,1610612763,MEM,Memphis Grizzlies,22200443,2022-12-17T00:00:00,MEM @ OKC,L,16.013333333333332,0.0,0.0,0.0,12.0,27.0,6.0,6.0,30.0,0.0,0.0,3.0,0.0,39.0,1,12947,12947,12947,18774,12084,10381,10252,8377,21945,5799,6152,23190,7930,1,11023,17929,14523,1,16:01,2022,2023
2022-23,1629723,John Konchar,John,1610612763,MEM,Memphis Grizzlies,22200443,2022-12-17T00:00:00,MEM @ OKC,L,23.316666666666663,0.0,0.0,0.0,0.0,16.5,14.4,0.0,24.7,0.0,0.0,2.1,0.0,25.3,1,12947,12947,12947,13402,12084,10381,10252,19499,13553,15053,1,24265,7930,1,7986,17929,20966,1,23:19,2022,2023
2022-23,1629723,John Konchar,John,1610612763,MEM,Memphis Grizzlies,22200425,2022-12-15T00:00:00,MEM vs. MIL,W,16.55,0.0,0.0,0.0,5.8,0.0,17.4,11.6,52.2,0.0,0.0,0.0,0.0,24.9,1,1,1,1,18421,12084,10381,10252,15419,1,18275,11969,11148,7930,1,1,17929,21117,1,16:33,2022,2023
2022-23,1630583,Santi Aldama,Santi,1610612763,MEM,Memphis Grizzlies,22200425,2022-12-15T00:00:00,MEM vs. MIL,W,26.916666666666668,5.3,0.0,16.0,7.1,3.6,14.3,14.3,42.8,0.0,0.0,3.6,7.1,37.6,1,1,1,1,10649,6173,10381,302,13834,2695,14897,14909,17423,7930,1,12689,4021,15263,1,26:55,2022,2023
2022-23,1631223,David Roddy,David,1610612763,MEM,Memphis Grizzlies,22200425,2022-12-15T00:00:00,MEM vs. MIL,W,23.516666666666666,0.0,8.2,8.2,24.5,16.3,4.1,22.5,28.6,0.0,0.0,2.0,0.0,49.8,1,1,1,1,13262,12084,2481,2279,1368,13421,4265,21506,23559,7930,1,7953,17929,8785,1,23:31,2022,2023
2022-23,1631222,Jake LaRavia,Jake,1610612763,MEM,Memphis Grizzlies,22200425,2022-12-15T00:00:00,MEM vs. MIL,W,12.0,0.0,0.0,0.0,8.0,24.0,8.0,24.0,48.0,0.0,0.0,8.0,0.0,35.6,1,1,1,1,21149,12084,10381,10252,12744,20282,7779,22234,14018,7930,1,22501,17929,16312,1,12:00,2022,2023
2022-23,1631113,Kennedy Chandler,Kennedy,1610612763,MEM,Memphis Grizzlies,22200425,2022-12-15T00:00:00,MEM vs. MIL,W,12.0,0.0,8.0,0.0,8.0,24.0,8.0,24.0,48.0,0.0,4.0,8.0,0.0,50.8,1,1,1,1,21149,12084,2589,10252,12744,20282,7779,22234,14018,7930,24659,22501,17929,8259,1,12:00,2022,2023
2022-23,1629634,Brandon Clarke,Brandon,1610612763,MEM,Memphis Grizzlies,22200425,2022-12-15T00:00:00,MEM vs. MIL,W,15.366666666666667,0.0,6.2,0.0,31.2,0.0,9.4,6.2,12.5,0.0,0.0,6.2,3.1,60.0,1,1,1,1,19200,12084,4067,10252,491,1,9236,6375,25202,7930,1,19977,12150,4548,1,15:22,2022,2023
2022-23,1629630,Ja Morant,Ja,1610612763,MEM,Memphis Grizzlies,22200425,2022-12-15T00:00:00,MEM vs. MIL,W,25.63833333333333,5.6,1.9,5.6,26.2,3.7,15.0,11.2,41.2,0.0,0.0,1.9,9.4,101.1,1,1,1,1,11625,5761,10196,4493,1064,2751,15722,11531,18375,7930,1,7532,1919,230,1,25:38,2022,2023
2022-23,203500,Steven Adams,Steven,1610612763,MEM,Memphis Grizzlies,22200425,2022-12-15T00:00:00,MEM vs. MIL,W,20.633333333333333,0.0,4.7,0.0,18.6,4.7,18.6,14.0,51.2,11.6,0.0,4.7,2.3,83.1,1,1,1,1,15485,12084,5957,10252,3429,3062,19392,14601,11864,101,1,16226,14578,791,1,20:38,2022,2023
2022-23,1630214,Xavier Tillman,Xavier,1610612763,MEM,Memphis Grizzlies,22200425,2022-12-15T00:00:00,MEM vs. MIL,W,12.0,0.0,0.0,0.0,24.0,24.0,8.0,24.0,48.0,4.0,0.0,4.0,8.0,48.8,1,1,1,1,21149,12084,10381,10252,1493,20282,7779,22234,14018,1644,1,14142,3059,9292,1,12:00,2022,2023
2022-23,1630533,Ziaire Williams,Ziaire,1610612763,MEM,Memphis Grizzlies,22200425,2022-12-15T00:00:00,MEM vs. MIL,W,22.1,0.0,0.0,4.3,17.4,17.4,10.9,21.7,34.8,2.2,0.0,0.0,2.2,47.8,1,1,1,1,14351,12084,10381,6241,4127,14462,10961,21101,21633,4309,1,1,14974,9778,1,22:06,2022,2023
2022-23,1628991,Jaren Jackson Jr.,Jaren,1610612763,MEM,Memphis Grizzlies,22200425,2022-12-15T00:00:00,MEM vs. MIL,W,12.883333333333333,3.7,0.0,11.2,0.0,0.0,18.6,0.0,22.4,0.0,0.0,14.9,7.5,52.9,1,1,1,1,20666,8886,10381,1018,19499,1,19416,1,24579,7930,1,25287,3633,7276,1,12:53,2022,2023
2022-23,1628415,Dillon Brooks,Dillon,1610612763,MEM,Memphis Grizzlies,22200425,2022-12-15T00:00:00,MEM vs. MIL,W,21.345,9.0,9.0,0.0,27.0,0.0,20.2,6.7,45.0,0.0,0.0,4.5,4.5,62.1,1,1,1,1,14934,2348,2010,10252,952,1,20656,6854,16015,7930,1,15775,8704,3923,1,21:21,2022,2023
2022-23,1626145,Tyus Jones,Tyus,1610612763,MEM,Memphis Grizzlies,22200425,2022-12-15T00:00:00,MEM vs. MIL,W,19.05,0.0,0.0,15.1,15.1,0.0,12.6,5.0,20.2,0.0,0.0,0.0,0.0,56.9,1,1,1,1,16668,12084,10381,383,5624,1,12980,5294,24794,7930,1,1,17929,5679,1,19:03,2022,2023
2022-23,1629634,Brandon Clarke,Brandon,1610612763,MEM,Memphis Grizzlies,22200404,2022-12-12T00:00:00,MEM vs. ATL,W,23.266666666666666,0.0,4.1,4.1,20.6,14.4,16.5,8.3,33.0,2.1,0.0,8.3,8.3,52.0,1,1,1,1,13439,12084,6705,6569,2592,11313,17333,8347,22296,4539,1,22803,2796,7712,1,23:16,2022,2023
2022-23,1628991,Jaren Jackson Jr.,Jaren,1610612763,MEM,Memphis Grizzlies,22200404,2022-12-12T00:00:00,MEM vs. ATL,W,23.6,4.1,0.0,0.0,20.3,14.2,16.3,8.1,32.5,16.3,2.0,4.1,6.1,98.4,1,1,1,1,13208,8255,10381,10252,2707,11095,17101,8235,22433,43,21418,14412,5521,270,1,23:36,2022,2023
2022-23,1626145,Tyus Jones,Tyus,1610612763,MEM,Memphis Grizzlies,22200404,2022-12-12T00:00:00,MEM vs. ATL,W,25.166666666666668,17.2,3.8,19.1,15.3,21.0,19.1,7.6,53.4,0.0,0.0,0.0,3.8,87.2,1,1,1,1,11982,340,7224,168,5520,17916,19771,7738,10363,7930,1,1,10365,577,1,25:10,2022,2023
2022-23,1631113,Kennedy Chandler,Kennedy,1610612763,MEM,Memphis Grizzlies,22200404,2022-12-12T00:00:00,MEM vs. ATL,W,22.83333333333333,0.0,0.0,0.0,16.8,14.7,14.7,12.6,29.4,2.1,0.0,0.0,2.1,58.2,1,1,1,1,13760,12084,10381,10252,4482,11595,15402,13090,23337,4457,1,1,15178,5194,1,22:50,2022,2023
2022-23,1631254,Kenneth Lofton Jr.,Kenneth,1610612763,MEM,Memphis Grizzlies,22200404,2022-12-12T00:00:00,MEM vs. ATL,W,4.116666666666666,0.0,0.0,0.0,46.6,23.3,58.3,0.0,23.3,0.0,0.0,0.0,0.0,78.1,1,1,1,1,24292,12084,10381,10252,103,19841,25759,1,24452,7930,1,1,17929,1137,1,4:07,2022,2023
2022-23,1630533,Ziaire Williams,Ziaire,1610612763,MEM,Memphis Grizzlies,22200404,2022-12-12T00:00:00,MEM vs. ATL,W,20.916666666666668,4.6,0.0,0.0,4.6,18.4,18.4,13.8,32.1,2.3,0.0,2.3,4.6,31.2,1,1,1,1,15258,7375,10381,10252,17050,15426,19164,14366,22576,4086,1,8524,8495,18492,1,20:55,2022,2023
2022-23,1631223,David Roddy,David,1610612763,MEM,Memphis Grizzlies,22200404,2022-12-12T00:00:00,MEM vs. ATL,W,21.8,4.4,0.0,4.4,22.0,15.4,19.8,13.2,48.4,0.0,0.0,4.4,2.2,29.9,1,1,1,1,14575,7686,10381,6158,2069,12401,20322,13726,13740,7930,1,15495,14901,19061,1,21:48,2022,2023
2022-23,1631222,Jake LaRavia,Jake,1610612763,MEM,Memphis Grizzlies,22200404,2022-12-12T00:00:00,MEM vs. ATL,W,4.116666666666666,0.0,0.0,0.0,0.0,23.3,58.3,0.0,23.3,0.0,0.0,0.0,0.0,14.0,1,1,1,1,24292,12084,10381,10252,19499,19841,25759,1,24452,7930,1,1,17929,23944,1,4:07,2022,2023
2022-23,1628415,Dillon Brooks,Dillon,1610612763,MEM,Memphis Grizzlies,22200404,2022-12-12T00:00:00,MEM vs. ATL,W,29.4,4.9,14.7,0.0,3.3,18.0,13.1,6.5,32.7,0.0,0.0,4.9,0.0,39.2,1,1,1,1,8620,6866,515,10252,18507,15062,13532,6637,22408,7930,1,16895,17929,14413,1,29:24,2022,2023
2022-23,1629723,John Konchar,John,1610612763,MEM,Memphis Grizzlies,22200404,2022-12-12T00:00:00,MEM vs. ATL,W,23.883333333333333,4.0,0.0,6.0,8.0,20.1,18.1,8.0,56.3,0.0,0.0,4.0,0.0,56.1,1,1,1,1,12985,8341,10381,4016,12694,17107,18898,8151,8491,7930,1,14230,17929,5989,1,23:53,2022,2023
2022-23,1630583,Santi Aldama,Santi,1610612763,MEM,Memphis Grizzlies,22200404,2022-12-12T00:00:00,MEM vs. ATL,W,20.616666666666667,16.3,4.7,4.7,9.3,21.0,9.3,14.0,55.9,0.0,0.0,2.3,9.3,55.9,1,1,1,1,15497,404,5953,5810,11184,17898,9177,14609,8755,7930,1,8594,1955,6058,1,20:37,2022,2023
2022-23,1630214,Xavier Tillman,Xavier,1610612763,MEM,Memphis Grizzlies,22200404,2022-12-12T00:00:00,MEM vs. ATL,W,20.28333333333333,0.0,4.7,0.0,23.7,21.3,9.5,14.2,56.8,2.4,0.0,4.7,0.0,49.2,1,1,1,1,15748,12084,5858,10252,1599,18214,9337,14832,8187,3965,1,16431,17929,9064,1,20:17,2022,2023
2022-23,1629630,Ja Morant,Ja,1610612763,MEM,Memphis Grizzlies,22200383,2022-12-09T00:00:00,MEM vs. DET,W,32.53333333333333,8.9,0.0,3.0,17.7,14.8,25.1,13.3,38.4,1.5,1.5,4.4,7.4,71.1,1,1,1,1,5892,2443,10381,8629,3958,11647,23100,13808,19920,6367,19371,15556,3727,1947,1,32:32,2022,2023
2022-23,203500,Steven Adams,Steven,1610612763,MEM,Memphis Grizzlies,22200383,2022-12-09T00:00:00,MEM vs. DET,W,23.0,4.2,4.2,0.0,20.9,4.2,39.7,14.6,45.9,2.1,2.1,2.1,10.4,61.8,1,1,1,1,13640,8069,6647,10252,2508,2884,25450,15274,15395,4492,21539,8049,1327,3991,1,23:00,2022,2023
2022-23,1630533,Ziaire Williams,Ziaire,1610612763,MEM,Memphis Grizzlies,22200383,2022-12-09T00:00:00,MEM vs. DET,W,16.5,5.8,0.0,5.8,5.8,20.4,5.8,5.8,34.9,0.0,0.0,0.0,0.0,14.0,1,1,1,1,18458,5468,10381,4257,15392,17366,5634,5993,21548,7930,1,1,17929,23951,1,16:30,2022,2023
2022-23,1630214,Xavier Tillman,Xavier,1610612763,MEM,Memphis Grizzlies,22200383,2022-12-09T00:00:00,MEM vs. DET,W,1.05,0.0,0.0,0.0,0.0,91.4,0.0,0.0,0.0,0.0,0.0,0.0,0.0,0.0,1,1,1,1,25670,12084,10381,10252,19499,25800,1,1,25269,7930,1,1,17929,24963,1,1:03,2022,2023
2022-23,1628415,Dillon Brooks,Dillon,1610612763,MEM,Memphis Grizzlies,22200383,2022-12-09T00:00:00,MEM vs. DET,W,31.55,1.5,6.1,0.0,15.2,0.0,16.7,6.1,36.5,0.0,0.0,4.6,6.1,33.8,1,1,1,1,6780,11952,4258,10252,5553,1,17568,6228,20842,7930,1,15972,5551,17263,1,31:33,2022,2023
2022-23,1631223,David Roddy,David,1610612763,MEM,Memphis Grizzlies,22200383,2022-12-09T00:00:00,MEM vs. DET,W,15.15,3.2,6.3,0.0,0.0,22.2,25.3,9.5,57.0,6.3,3.2,6.3,9.5,41.8,1,1,1,1,19339,9953,3975,10252,19499,18947,23197,9625,8054,591,23838,20127,1811,12951,1,15:09,2022,2023
2022-23,1631113,Kennedy Chandler,Kennedy,1610612763,MEM,Memphis Grizzlies,22200383,2022-12-09T00:00:00,MEM vs. DET,W,1.05,0.0,0.0,0.0,0.0,91.4,0.0,0.0,0.0,0.0,0.0,0.0,0.0,54.9,1,1,1,1,25670,12084,10381,10252,19499,25800,1,1,25269,7930,1,1,17929,6463,1,1:03,2022,2023
2022-23,1630583,Santi Aldama,Santi,1610612763,MEM,Memphis Grizzlies,22200383,2022-12-09T00:00:00,MEM vs. DET,W,18.36833333333333,0.0,2.6,13.1,0.0,18.3,20.9,13.1,52.3,0.0,2.6,2.6,5.2,54.9,1,1,1,1,17146,12084,9557,616,19499,15369,21143,13575,11105,7930,22708,9540,7151,6453,1,18:22,2022,2023
2022-23,1626145,Tyus Jones,Tyus,1610612763,MEM,Memphis Grizzlies,22200383,2022-12-09T00:00:00,MEM vs. DET,W,22.33333333333333,15.0,4.3,0.0,4.3,10.7,12.9,6.4,43.0,0.0,2.1,0.0,2.1,63.8,1,1,1,1,14158,525,6476,10252,17334,7458,13317,6560,17293,7930,21687,1,15037,3464,1,22:20,2022,2023
2022-23,1629723,John Konchar,John,1610612763,MEM,Memphis Grizzlies,22200383,2022-12-09T00:00:00,MEM vs. DET,W,24.883333333333333,11.6,0.0,3.9,15.4,9.6,25.1,11.6,38.6,0.0,0.0,3.9,1.9,33.4,1,1,1,1,12199,1190,10381,6976,5397,6486,23097,11930,19813,7930,1,13662,15601,17467,1,24:53,2022,2023
2022-23,1629634,Brandon Clarke,Brandon,1610612763,MEM,Memphis Grizzlies,22200383,2022-12-09T00:00:00,MEM vs. DET,W,23.95,0.0,10.0,4.0,28.1,16.0,0.0,4.0,36.1,0.0,0.0,8.0,10.0,60.9,1,1,1,1,12933,12084,1538,6737,794,13112,1,4555,21032,7930,1,22539,1531,4246,1,23:57,2022,2023
2022-23,1628991,Jaren Jackson Jr.,Jaren,1610612763,MEM,Memphis Grizzlies,22200383,2022-12-09T00:00:00,MEM vs. DET,W,29.631666666666668,0.0,4.9,0.0,16.2,8.1,17.8,6.5,32.4,6.5,3.2,4.9,4.9,68.0,1,1,1,1,8429,12084,5696,10252,4869,5188,18666,6589,22482,560,23930,16804,7907,2486,1,29:38,2022,2023
2022-23,203500,Steven Adams,Steven,1610612763,MEM,Memphis Grizzlies,22200368,2022-12-07T00:00:00,MEM vs. OKC,W,20.85,0.0,9.2,0.0,18.4,20.7,25.3,16.1,59.9,4.6,0.0,0.0,2.3,50.6,1,1,1,1,15307,12084,1889,10252,3540,17681,23186,16844,6478,1249,1,1,14645,8329,1,20:51,2022,2023
2022-23,1631223,David Roddy,David,1610612763,MEM,Memphis Grizzlies,22200368,2022-12-07T00:00:00,MEM vs. OKC,W,15.193333333333332,0.0,6.3,0.0,6.3,28.4,15.8,12.6,44.2,0.0,0.0,3.2,0.0,37.0,1,1,1,1,19317,12084,3998,10252,14727,22612,16591,13113,16505,7930,1,11524,17929,15625,1,15:12,2022,2023
2022-23,1626145,Tyus Jones,Tyus,1610612763,MEM,Memphis Grizzlies,22200368,2022-12-07T00:00:00,MEM vs. OKC,W,21.933333333333334,6.6,0.0,6.6,0.0,19.7,4.4,4.4,21.9,0.0,0.0,0.0,2.2,37.0,1,1,1,1,14469,4506,10381,3493,19499,16728,4455,4797,24634,7930,1,1,14937,15612,1,21:56,2022,2023
2022-23,1629630,Ja Morant,Ja,1610612763,MEM,Memphis Grizzlies,22200368,2022-12-07T00:00:00,MEM vs. OKC,W,30.15,17.5,3.2,6.4,19.1,27.1,22.3,11.1,47.8,0.0,1.6,3.2,12.7,97.3,1,1,1,1,7991,312,8242,3688,3177,21995,21869,11413,14191,7930,19970,11594,611,291,1,30:09,2022,2023
2022-23,1629634,Brandon Clarke,Brandon,1610612763,MEM,Memphis Grizzlies,22200368,2022-12-07T00:00:00,MEM vs. OKC,W,24.816666666666663,3.9,0.0,3.9,30.9,23.2,9.7,3.9,19.3,1.9,0.0,5.8,3.9,58.2,1,1,1,1,12255,8615,10381,6957,511,19750,9577,4468,24867,4852,1,19080,10226,5199,1,24:49,2022,2023
2022-23,1629723,John Konchar,John,1610612763,MEM,Memphis Grizzlies,22200368,2022-12-07T00:00:00,MEM vs. OKC,W,27.773333333333333,0.0,0.0,5.2,10.4,24.2,27.7,12.1,48.4,0.0,0.0,3.5,1.7,31.6,1,1,1,1,9926,12084,10381,5076,9995,20422,23948,12544,13779,7930,1,12361,16191,18308,1,27:46,2022,2023
2022-23,1628991,Jaren Jackson Jr.,Jaren,1610612763,MEM,Memphis Grizzlies,22200368,2022-12-07T00:00:00,MEM vs. OKC,W,25.75,0.0,0.0,0.0,11.2,16.8,18.6,13.0,37.3,9.3,1.9,3.7,3.7,69.2,1,1,1,1,11545,12084,10381,10252,9142,13880,19427,13562,20447,205,20994,13225,10598,2265,1,25:45,2022,2023
2022-23,1630583,Santi Aldama,Santi,1610612763,MEM,Memphis Grizzlies,22200368,2022-12-07T00:00:00,MEM vs. OKC,W,22.25,4.3,4.3,4.3,8.6,30.2,17.3,4.3,38.8,0.0,0.0,6.5,2.2,57.2,1,1,1,1,14223,7841,6460,6287,11979,23218,18137,4749,19682,7930,1,20363,15019,5597,1,22:15,2022,2023
2022-23,1630214,Xavier Tillman,Xavier,1610612763,MEM,Memphis Grizzlies,22200368,2022-12-07T00:00:00,MEM vs. OKC,W,2.333333333333333,0.0,0.0,0.0,0.0,41.1,41.1,0.0,41.1,0.0,0.0,0.0,0.0,61.7,1,1,1,1,25137,12084,10381,10252,19499,25048,25510,1,18414,7930,1,1,17929,4006,1,2:20,2022,2023
2022-23,1630533,Ziaire Williams,Ziaire,1610612763,MEM,Memphis Grizzlies,22200368,2022-12-07T00:00:00,MEM vs. OKC,W,18.73333333333333,5.1,0.0,5.1,10.2,23.1,17.9,0.0,20.5,0.0,2.6,7.7,0.0,55.6,1,1,1,1,16890,6518,10381,5148,10132,19625,18766,1,24762,7930,22574,22159,17929,6166,1,18:44,2022,2023
2022-23,1628415,Dillon Brooks,Dillon,1610612763,MEM,Memphis Grizzlies,22200368,2022-12-07T00:00:00,MEM vs. OKC,W,30.216666666666665,1.6,3.2,3.2,6.4,17.5,15.9,11.1,38.1,1.6,0.0,4.8,0.0,55.0,1,1,1,1,7937,11925,8252,8166,14683,14562,16695,11368,20034,5892,1,16527,17929,6422,1,30:13,2022,2023
2022-23,1629634,Brandon Clarke,Brandon,1610612763,MEM,Memphis Grizzlies,22200357,2022-12-05T00:00:00,MEM vs. MIA,W,20.15,4.8,7.1,9.5,23.8,26.2,0.0,4.8,19.1,0.0,0.0,4.8,2.4,37.6,1,1,1,1,15832,7091,3203,1593,1557,21569,1,5071,24890,7930,1,16518,14435,15256,1,20:09,2022,2023
2022-23,1630583,Santi Aldama,Santi,1610612763,MEM,Memphis Grizzlies,22200357,2022-12-05T00:00:00,MEM vs. MIA,W,33.61666666666667,0.0,0.0,0.0,14.3,11.4,7.1,20.0,28.6,1.4,0.0,4.3,1.4,55.7,1,1,1,1,4930,12084,10381,10252,6261,8133,6898,20010,23564,6615,1,15139,17286,6133,1,33:37,2022,2023
2022-23,1630214,Xavier Tillman,Xavier,1610612763,MEM,Memphis Grizzlies,22200357,2022-12-05T00:00:00,MEM vs. MIA,W,14.383333333333333,6.7,6.7,6.7,13.3,23.4,0.0,6.7,20.0,3.3,0.0,3.3,0.0,54.4,1,1,1,1,19830,4380,3639,3388,7055,19875,1,6781,24806,2253,1,12029,17929,6654,1,14:23,2022,2023
2022-23,1631246,Vince Williams Jr.,Vince,1610612763,MEM,Memphis Grizzlies,22200357,2022-12-05T00:00:00,MEM vs. MIA,W,13.911666666666669,0.0,0.0,0.0,0.0,24.2,0.0,6.9,20.7,0.0,0.0,3.5,0.0,29.0,1,1,1,1,20091,12084,10381,10252,19499,20398,1,6997,24750,7930,1,12344,17929,19498,1,13:55,2022,2023
2022-23,1628415,Dillon Brooks,Dillon,1610612763,MEM,Memphis Grizzlies,22200357,2022-12-05T00:00:00,MEM vs. MIA,W,34.483333333333334,7.0,0.0,4.2,13.9,15.3,7.0,18.1,27.8,0.0,0.0,5.6,1.4,31.7,1,1,1,1,4191,4058,10381,6484,6560,12281,6718,18550,23738,7930,1,18576,17413,18249,1,34:29,2022,2023
2022-23,203500,Steven Adams,Steven,1610612763,MEM,Memphis Grizzlies,22200357,2022-12-05T00:00:00,MEM vs. MIA,W,27.85,3.4,3.4,0.0,13.8,6.9,8.6,24.1,31.0,0.0,0.0,3.4,1.7,22.9,1,1,1,1,9853,9396,7796,10252,6671,4273,8463,22307,22921,7930,1,12333,16203,21800,1,27:51,2022,2023
2022-23,1631223,David Roddy,David,1610612763,MEM,Memphis Grizzlies,22200357,2022-12-05T00:00:00,MEM vs. MIA,W,33.61666666666667,0.0,2.9,0.0,5.7,11.4,7.1,20.0,28.6,2.9,1.4,1.4,1.4,30.0,1,1,1,1,4930,12084,8937,10252,15561,8133,6898,20010,23564,2969,19073,6117,17286,19042,1,33:37,2022,2023
2022-23,1631113,Kennedy Chandler,Kennedy,1610612763,MEM,Memphis Grizzlies,22200357,2022-12-05T00:00:00,MEM vs. MIA,W,25.73333333333333,3.7,0.0,9.3,11.2,20.5,0.0,9.3,18.7,1.9,3.7,0.0,3.7,52.4,1,1,1,1,11560,8875,10381,1678,9137,17510,1,9421,24920,5019,24414,1,10594,7489,1,25:44,2022,2023
2022-23,1626145,Tyus Jones,Tyus,1610612763,MEM,Memphis Grizzlies,22200357,2022-12-05T00:00:00,MEM vs. MIA,W,36.255,5.3,0.0,7.9,15.9,10.6,6.6,18.5,29.1,0.0,0.0,0.0,5.3,71.5,1,1,1,1,2726,6252,10381,2427,5067,7324,6368,18892,23426,7930,1,1,6994,1881,1,36:15,2022,2023
2022-23,1629630,Ja Morant,Ja,1610612763,MEM,Memphis Grizzlies,22200347,2022-12-04T00:00:00,MEM @ DET,W,34.983333333333334,5.5,4.1,8.2,24.7,13.7,2.7,15.1,41.2,0.0,2.7,2.7,9.6,72.7,1,1,1,1,3771,5952,6718,2235,1331,10518,3498,15782,18388,7930,23035,10078,1746,1702,1,34:59,2022,2023
2022-23,1628991,Jaren Jackson Jr.,Jaren,1610612763,MEM,Memphis Grizzlies,22200347,2022-12-04T00:00:00,MEM @ DET,W,29.816666666666663,1.6,4.8,0.0,16.1,19.3,9.7,16.1,35.4,1.6,1.6,3.2,9.7,42.8,1,1,1,1,8274,11917,5731,10252,4924,16373,9571,16828,21327,5813,20053,11697,1723,12428,1,29:49,2022,2023
2022-23,1626145,Tyus Jones,Tyus,1610612763,MEM,Memphis Grizzlies,22200347,2022-12-04T00:00:00,MEM @ DET,W,20.48333333333333,0.0,0.0,0.0,4.7,18.7,18.7,16.4,37.5,0.0,0.0,0.0,0.0,26.7,1,1,1,1,15592,12084,10381,10252,16931,15806,19514,17123,20344,7930,1,1,17929,20440,1,20:29,2022,2023
2022-23,1631223,David Roddy,David,1610612763,MEM,Memphis Grizzlies,22200347,2022-12-04T00:00:00,MEM @ DET,W,24.03333333333333,0.0,0.0,0.0,0.0,24.0,12.0,14.0,47.9,0.0,0.0,2.0,2.0,11.4,1,1,1,1,12873,12084,10381,10252,19499,20261,12267,14618,14076,7930,1,7861,15414,24318,1,24:02,2022,2023
2022-23,1629723,John Konchar,John,1610612763,MEM,Memphis Grizzlies,22200347,2022-12-04T00:00:00,MEM @ DET,W,31.65,10.6,4.5,10.6,9.1,15.2,3.0,16.7,39.4,0.0,0.0,3.0,3.0,42.5,1,1,1,1,6682,1522,6099,1178,11420,12124,3664,17369,19380,7930,1,11138,12420,12607,1,31:39,2022,2023
2022-23,1630214,Xavier Tillman,Xavier,1610612763,MEM,Memphis Grizzlies,22200347,2022-12-04T00:00:00,MEM @ DET,W,18.183333333333334,0.0,2.6,0.0,5.3,15.8,5.3,15.8,47.5,5.3,2.6,10.6,5.3,64.1,1,1,1,1,17270,12084,9472,10252,16184,12881,5161,16578,14372,916,22764,24274,7035,3386,1,18:11,2022,2023
2022-23,1629634,Brandon Clarke,Brandon,1610612763,MEM,Memphis Grizzlies,22200347,2022-12-04T00:00:00,MEM @ DET,W,29.816666666666663,0.0,9.7,0.0,19.3,19.3,9.7,16.1,35.4,0.0,0.0,4.8,6.4,51.2,1,1,1,1,8274,12084,1684,10252,3100,16373,9571,16828,21327,7930,1,16719,5027,8081,1,29:49,2022,2023
2022-23,1630583,Santi Aldama,Santi,1610612763,MEM,Memphis Grizzlies,22200347,2022-12-04T00:00:00,MEM @ DET,W,18.183333333333334,13.2,0.0,5.3,5.3,15.8,5.3,15.8,47.5,5.3,0.0,7.9,0.0,68.4,1,1,1,1,17270,795,10381,4929,16184,12881,5161,16578,14372,916,1,22415,17929,2403,1,18:11,2022,2023
2022-23,1628415,Dillon Brooks,Dillon,1610612763,MEM,Memphis Grizzlies,22200347,2022-12-04T00:00:00,MEM @ DET,W,32.85,0.0,0.0,2.9,5.8,20.5,8.8,17.5,35.1,0.0,4.4,5.8,2.9,60.6,1,1,1,1,5621,12084,10381,8681,15346,17456,8607,18070,21487,7930,24945,19164,12739,4344,1,32:51,2022,2023
2022-23,1628991,Jaren Jackson Jr.,Jaren,1610612763,MEM,Memphis Grizzlies,22200332,2022-12-02T00:00:00,MEM vs. PHI,W,26.2,5.5,18.3,9.2,18.3,16.5,7.3,5.5,36.6,7.3,0.0,9.2,9.2,82.1,1,1,1,1,11180,5943,254,1749,3614,13570,7108,5679,20792,399,1,23543,2070,845,1,26:12,2022,2023
2022-23,203500,Steven Adams,Steven,1610612763,MEM,Memphis Grizzlies,22200332,2022-12-02T00:00:00,MEM vs. PHI,W,33.516666666666666,2.9,4.3,5.7,11.5,10.0,4.3,10.0,45.8,4.3,2.9,5.7,2.9,74.8,1,1,1,1,5029,10618,6481,4362,8894,6796,4397,10174,15461,1452,23333,18927,12920,1470,1,33:31,2022,2023
2022-23,1629634,Brandon Clarke,Brandon,1610612763,MEM,Memphis Grizzlies,22200332,2022-12-02T00:00:00,MEM vs. PHI,W,14.483333333333333,13.3,6.6,6.6,33.1,23.2,26.5,6.6,46.4,3.3,0.0,3.3,0.0,68.9,1,1,1,1,19765,784,3672,3433,388,19740,23599,6724,15089,2280,1,11975,17929,2303,1,14:29,2022,2023
2022-23,1629723,John Konchar,John,1610612763,MEM,Memphis Grizzlies,22200332,2022-12-02T00:00:00,MEM vs. PHI,W,32.083333333333336,4.5,9.0,3.0,0.0,12.0,3.0,13.5,41.9,0.0,1.5,1.5,1.5,25.7,1,1,1,1,6293,7540,2017,8532,19499,8620,3631,14007,17971,7930,19468,6390,17039,20811,1,32:05,2022,2023
2022-23,1628415,Dillon Brooks,Dillon,1610612763,MEM,Memphis Grizzlies,22200332,2022-12-02T00:00:00,MEM vs. PHI,W,35.53333333333333,0.0,4.1,2.7,16.2,14.9,10.8,6.8,40.5,0.0,0.0,1.4,4.1,38.9,1,1,1,1,3308,12084,6820,9235,4859,11767,10886,6865,18771,7930,1,5818,9717,14564,1,35:32,2022,2023
2022-23,1631223,David Roddy,David,1610612763,MEM,Memphis Grizzlies,22200332,2022-12-02T00:00:00,MEM vs. PHI,W,24.966666666666665,3.8,0.0,3.8,7.7,15.4,21.1,7.7,57.7,0.0,0.0,1.9,1.9,21.3,1,1,1,1,12140,8656,10381,7004,13176,12368,21273,7799,7660,7930,1,7670,15616,22304,1,24:58,2022,2023
2022-23,1626145,Tyus Jones,Tyus,1610612763,MEM,Memphis Grizzlies,22200332,2022-12-02T00:00:00,MEM vs. PHI,W,15.916666666666666,9.0,0.0,0.0,0.0,18.1,27.1,0.0,54.3,0.0,0.0,3.0,3.0,47.9,1,1,1,1,18834,2309,10381,10252,19499,15185,23775,1,9798,7930,1,11080,12465,9694,1,15:55,2022,2023
2022-23,1630583,Santi Aldama,Santi,1610612763,MEM,Memphis Grizzlies,22200332,2022-12-02T00:00:00,MEM vs. PHI,W,21.8,0.0,2.2,4.4,4.4,11.0,15.4,13.2,57.2,6.6,0.0,2.2,6.6,69.4,1,1,1,1,14575,12084,10114,6158,17242,7726,16176,13726,7927,531,1,8315,4786,2221,1,21:48,2022,2023
2022-23,1629630,Ja Morant,Ja,1610612763,MEM,Memphis Grizzlies,22200332,2022-12-02T00:00:00,MEM vs. PHI,W,35.5,6.8,0.0,6.8,18.9,12.2,4.1,12.2,43.3,0.0,2.7,4.1,6.8,55.6,1,1,1,1,3335,4281,10381,3329,3260,8844,4243,12620,17107,7930,22924,14373,4537,6178,1,35:30,2022,2023
2022-23,1631223,David Roddy,David,1610612763,MEM,Memphis Grizzlies,22200317,2022-11-30T00:00:00,MEM @ MIN,L,25.05,0.0,0.0,5.7,7.7,15.3,3.8,15.3,46.0,0.0,3.8,0.0,0.0,38.3,1,12947,12947,12947,12075,12084,10381,4343,13209,12309,4112,16034,15352,7930,24514,1,17929,14893,1,25:03,2022,2023
2022-23,1629723,John Konchar,John,1610612763,MEM,Memphis Grizzlies,22200317,2022-11-30T00:00:00,MEM @ MIN,L,30.48333333333333,11.0,0.0,0.0,6.3,23.6,4.7,25.2,53.5,0.0,0.0,1.6,4.7,35.9,1,12947,12947,12947,7708,1365,10381,10252,14744,20049,4698,22741,10286,7930,1,6703,8183,16159,1,30:29,2022,2023
2022-23,1629634,Brandon Clarke,Brandon,1610612763,MEM,Memphis Grizzlies,22200317,2022-11-30T00:00:00,MEM @ MIN,L,15.666666666666666,0.0,0.0,0.0,12.3,12.3,6.1,18.4,61.3,3.1,9.2,12.3,6.1,27.3,1,12947,12947,12947,18997,12084,10381,10252,8118,8939,5913,18770,5796,2615,25739,24819,5480,20209,1,15:40,2022,2023
2022-23,1630583,Santi Aldama,Santi,1610612763,MEM,Memphis Grizzlies,22200317,2022-11-30T00:00:00,MEM @ MIN,L,16.883333333333333,0.0,5.7,0.0,11.4,25.6,8.5,28.4,68.2,0.0,0.0,11.4,0.0,27.3,1,12947,12947,12947,18206,12084,4686,10252,8965,21269,8385,23814,3223,7930,1,24546,17929,20196,1,16:53,2022,2023
2022-23,1628415,Dillon Brooks,Dillon,1610612763,MEM,Memphis Grizzlies,22200317,2022-11-30T00:00:00,MEM @ MIN,L,33.7,2.8,2.8,0.0,8.5,21.4,7.1,14.2,62.7,0.0,4.3,4.3,7.1,35.2,1,12947,12947,12947,4871,10654,8953,10252,12072,18271,6879,14895,5237,7930,24874,15109,4035,16543,1,33:42,2022,2023
2022-23,1626145,Tyus Jones,Tyus,1610612763,MEM,Memphis Grizzlies,22200317,2022-11-30T00:00:00,MEM @ MIN,L,29.73333333333333,3.2,3.2,12.9,9.7,11.3,3.2,14.5,58.1,0.0,1.6,0.0,1.6,31.8,1,12947,12947,12947,8337,9823,8149,638,10775,8016,3780,15184,7420,7930,20074,1,16612,18219,1,29:44,2022,2023
2022-23,203500,Steven Adams,Steven,1610612763,MEM,Memphis Grizzlies,22200317,2022-11-30T00:00:00,MEM @ MIN,L,29.316666666666663,0.0,6.5,0.0,9.8,24.6,4.9,19.6,58.9,1.6,1.6,1.6,4.9,51.4,1,12947,12947,12947,8701,12084,3758,10252,10636,20673,4840,19757,6974,5701,20194,6906,7796,7978,1,29:19,2022,2023
2022-23,1628991,Jaren Jackson Jr.,Jaren,1610612763,MEM,Memphis Grizzlies,22200317,2022-11-30T00:00:00,MEM @ MIN,L,24.78333333333333,0.0,11.6,0.0,15.5,19.4,0.0,15.5,54.2,3.9,0.0,9.7,9.7,60.4,1,12947,12947,12947,12279,12084,1020,10252,5346,16409,1,16222,9822,1760,1,23885,1709,4411,1,24:47,2022,2023
2022-23,1629630,Ja Morant,Ja,1610612763,MEM,Memphis Grizzlies,22200317,2022-11-30T00:00:00,MEM @ MIN,L,34.38333333333333,5.6,2.8,8.4,16.8,23.7,7.0,22.3,61.4,0.0,1.4,2.8,8.4,53.0,1,12947,12947,12947,4282,5811,9098,2152,4527,20111,6737,21427,5745,7930,18869,10261,2682,7215,1,34:23,2022,2023
2022-23,1629723,John Konchar,John,1610612763,MEM,Memphis Grizzlies,22200296,2022-11-27T00:00:00,MEM @ NYK,W,29.166666666666668,0.0,0.0,8.2,9.9,4.9,6.6,19.7,56.0,0.0,0.0,4.9,1.6,37.2,1,1,1,1,8815,12084,10381,2238,10570,3187,6333,19839,8695,7930,1,16992,16495,15505,1,29:10,2022,2023
2022-23,1630583,Santi Aldama,Santi,1610612763,MEM,Memphis Grizzlies,22200296,2022-11-27T00:00:00,MEM @ NYK,W,17.7,0.0,0.0,0.0,10.8,19.0,10.8,10.8,81.4,0.0,5.4,8.1,8.1,33.4,1,1,1,1,17619,12084,10381,10252,9474,16047,10940,11073,980,7930,25330,22678,2910,17475,1,17:42,2022,2023
2022-23,1628991,Jaren Jackson Jr.,Jaren,1610612763,MEM,Memphis Grizzlies,22200296,2022-11-27T00:00:00,MEM @ NYK,W,30.3,0.0,11.1,4.8,15.8,7.9,22.2,12.7,53.9,0.0,4.8,3.2,1.6,47.5,1,1,1,1,7861,12084,1186,5674,5104,5017,21819,13145,10053,7930,25136,11549,16734,9912,1,30:18,2022,2023
2022-23,203500,Steven Adams,Steven,1610612763,MEM,Memphis Grizzlies,22200296,2022-11-27T00:00:00,MEM @ NYK,W,31.33333333333333,0.0,9.2,0.0,18.4,4.6,9.2,18.4,61.3,1.5,0.0,1.5,9.2,52.1,1,1,1,1,6973,12084,1904,10252,3573,3040,9039,18770,5796,6107,1,6533,2048,7661,1,31:20,2022,2023
2022-23,1629630,Ja Morant,Ja,1610612763,MEM,Memphis Grizzlies,22200296,2022-11-27T00:00:00,MEM @ NYK,W,35.24166666666667,0.0,2.7,2.7,19.1,6.8,16.3,16.3,62.7,0.0,2.7,4.1,10.9,80.4,1,1,1,1,3553,12084,9277,9162,3198,4204,17174,17052,5243,7930,22982,14481,1123,954,1,35:15,2022,2023
2022-23,1631222,Jake LaRavia,Jake,1610612763,MEM,Memphis Grizzlies,22200296,2022-11-27T00:00:00,MEM @ NYK,W,15.333333333333334,0.0,0.0,0.0,0.0,12.5,18.8,12.5,68.9,0.0,0.0,3.1,0.0,35.1,1,1,1,1,19222,12084,10381,10252,19499,9196,19546,12995,3056,7930,1,11435,17929,16614,1,15:20,2022,2023
2022-23,1631223,David Roddy,David,1610612763,MEM,Memphis Grizzlies,22200296,2022-11-27T00:00:00,MEM @ NYK,W,12.541666666666666,11.5,0.0,11.5,0.0,19.1,30.6,0.0,84.2,0.0,0.0,7.7,7.7,27.6,1,1,1,1,20870,1223,10381,946,19499,16191,24566,1,797,7930,1,22123,3409,20083,1,12:33,2022,2023
2022-23,1628415,Dillon Brooks,Dillon,1610612763,MEM,Memphis Grizzlies,22200296,2022-11-27T00:00:00,MEM @ NYK,W,32.545,1.5,5.9,4.4,14.7,14.7,14.7,11.8,56.0,0.0,0.0,8.8,4.4,48.7,1,1,1,1,5890,11980,4462,6116,5896,11639,15445,12194,8633,7930,1,23324,8840,9367,1,32:33,2022,2023
2022-23,1629634,Brandon Clarke,Brandon,1610612763,MEM,Memphis Grizzlies,22200296,2022-11-27T00:00:00,MEM @ NYK,W,16.798333333333332,0.0,0.0,0.0,17.1,25.7,34.3,0.0,68.6,2.9,0.0,5.7,5.7,53.7,1,1,1,1,18266,12084,10381,10252,4277,21322,25099,1,3126,2966,1,18900,6173,6941,1,16:48,2022,2023
2022-23,1626145,Tyus Jones,Tyus,1610612763,MEM,Memphis Grizzlies,22200296,2022-11-27T00:00:00,MEM @ NYK,W,19.04,0.0,0.0,0.0,5.0,22.7,35.3,0.0,75.6,0.0,0.0,0.0,2.5,37.6,1,1,1,1,16679,12084,10381,10252,16500,19343,25169,1,1629,7930,1,1,14059,15306,1,19:02,2022,2023
2022-23,1626145,Tyus Jones,Tyus,1610612763,MEM,Memphis Grizzlies,22200279,2022-11-25T00:00:00,MEM vs. NOP,W,21.4,6.7,0.0,20.2,0.0,15.7,22.4,4.5,53.8,0.0,0.0,0.0,0.0,40.8,1,1,1,1,14876,4317,10381,138,19499,12725,21935,4860,10064,7930,1,1,17929,13500,1,21:24,2022,2023
2022-23,1631222,Jake LaRavia,Jake,1610612763,MEM,Memphis Grizzlies,22200279,2022-11-25T00:00:00,MEM vs. NOP,W,26.2,0.0,0.0,0.0,0.0,20.2,22.0,9.2,55.0,0.0,0.0,3.7,0.0,12.5,1,1,1,1,11180,12084,10381,10252,19499,17162,21716,9245,9352,7930,1,12984,17929,24174,1,26:12,2022,2023
2022-23,1629723,John Konchar,John,1610612763,MEM,Memphis Grizzlies,22200279,2022-11-25T00:00:00,MEM vs. NOP,W,25.383333333333333,0.0,0.0,0.0,0.0,15.1,11.3,11.3,37.8,0.0,0.0,1.9,1.9,34.4,1,1,1,1,11817,12084,10381,10252,19499,12076,11527,11676,20176,7930,1,7582,15717,16949,1,25:23,2022,2023
2022-23,1631223,David Roddy,David,1610612763,MEM,Memphis Grizzlies,22200279,2022-11-25T00:00:00,MEM vs. NOP,W,24.496666666666663,0.0,0.0,5.9,7.8,29.4,15.7,21.6,62.7,0.0,2.0,5.9,2.0,22.3,1,1,1,1,12509,12084,10381,4189,12984,22943,16479,20995,5217,7930,21243,19248,15519,21992,1,24:30,2022,2023
2022-23,1631246,Vince Williams Jr.,Vince,1610612763,MEM,Memphis Grizzlies,22200279,2022-11-25T00:00:00,MEM vs. NOP,W,4.716666666666667,0.0,0.0,30.5,0.0,40.7,20.4,20.4,101.8,0.0,0.0,0.0,0.0,30.5,1,1,1,1,24020,12084,10381,44,19499,25003,20744,20281,284,7930,1,1,17929,18813,1,4:43,2022,2023
2022-23,1631113,Kennedy Chandler,Kennedy,1610612763,MEM,Memphis Grizzlies,22200279,2022-11-25T00:00:00,MEM vs. NOP,W,7.783333333333333,0.0,0.0,0.0,0.0,24.7,12.3,30.8,86.3,0.0,0.0,6.2,0.0,29.0,1,1,1,1,22850,12084,10381,10252,19499,20736,12668,24325,699,7930,1,19830,17929,19496,1,7:47,2022,2023
2022-23,1628991,Jaren Jackson Jr.,Jaren,1610612763,MEM,Memphis Grizzlies,22200279,2022-11-25T00:00:00,MEM vs. NOP,W,21.8,0.0,4.4,0.0,17.6,4.4,17.6,6.6,44.0,6.6,0.0,8.8,11.0,78.8,1,1,1,1,14575,12084,6324,10252,3997,2967,18467,6706,16627,531,1,23296,1086,1082,1,21:48,2022,2023
2022-23,203500,Steven Adams,Steven,1610612763,MEM,Memphis Grizzlies,22200279,2022-11-25T00:00:00,MEM vs. NOP,W,25.03333333333333,1.9,11.5,0.0,26.8,7.7,11.5,7.7,30.7,0.0,1.9,1.9,3.8,58.9,1,1,1,1,12092,11847,1052,10252,978,4802,11698,7771,23011,7930,21140,7659,10302,4941,1,25:02,2022,2023
2022-23,1631254,Kenneth Lofton Jr.,Kenneth,1610612763,MEM,Memphis Grizzlies,22200279,2022-11-25T00:00:00,MEM vs. NOP,W,4.716666666666667,0.0,0.0,0.0,20.4,40.7,20.4,20.4,101.8,0.0,0.0,0.0,0.0,52.9,1,1,1,1,24020,12084,10381,10252,2697,25003,20744,20281,284,7930,1,1,17929,7270,1,4:43,2022,2023
2022-23,1628415,Dillon Brooks,Dillon,1610612763,MEM,Memphis Grizzlies,22200279,2022-11-25T00:00:00,MEM vs. NOP,W,29.30666666666667,9.8,0.0,6.6,13.1,9.8,13.1,6.6,29.5,0.0,0.0,6.6,3.3,53.1,1,1,1,1,8718,1873,10381,3505,7267,6641,13575,6657,23326,7930,1,20520,11710,7205,1,29:18,2022,2023
2022-23,1629634,Brandon Clarke,Brandon,1610612763,MEM,Memphis Grizzlies,22200279,2022-11-25T00:00:00,MEM vs. NOP,W,21.166666666666668,4.5,9.1,0.0,18.1,20.4,18.1,11.3,49.9,2.3,2.3,6.8,2.3,62.4,1,1,1,1,15080,7459,1967,10252,3712,17410,18961,11655,12771,4131,21940,20941,14735,3851,1,21:10,2022,2023
2022-23,1629630,Ja Morant,Ja,1610612763,MEM,Memphis Grizzlies,22200279,2022-11-25T00:00:00,MEM vs. NOP,W,27.996666666666663,15.4,0.0,5.1,20.6,18.9,13.7,10.3,41.1,0.0,1.7,1.7,17.1,72.5,1,1,1,1,9729,483,10381,5130,2609,15928,14281,10462,18395,7930,20492,7123,170,1731,1,27:60,2022,2023
2022-23,1629630,Ja Morant,Ja,1610612763,MEM,Memphis Grizzlies,22200257,2022-11-22T00:00:00,MEM vs. SAC,L,33.833333333333336,15.6,4.3,11.3,31.2,24.1,14.2,15.6,34.0,0.0,0.0,2.8,18.4,74.3,1,12947,12947,12947,4763,459,6531,976,495,20377,14791,16331,21900,7930,1,10446,127,1508,1,33:50,2022,2023
2022-23,1628991,Jaren Jackson Jr.,Jaren,1610612763,MEM,Memphis Grizzlies,22200257,2022-11-22T00:00:00,MEM vs. SAC,L,27.466666666666665,3.5,0.0,0.0,24.5,21.0,17.5,10.5,38.4,8.7,0.0,7.0,8.7,84.1,1,12947,12947,12947,10207,9297,10381,10252,1380,17908,18346,10668,19872,246,1,21246,2384,739,1,27:28,2022,2023
2022-23,1629723,John Konchar,John,1610612763,MEM,Memphis Grizzlies,22200257,2022-11-22T00:00:00,MEM vs. SAC,L,30.598333333333333,3.1,0.0,3.1,3.1,20.4,11.0,11.0,34.5,3.1,0.0,4.7,1.6,45.2,1,12947,12947,12947,7626,10015,10381,8232,18667,17397,11103,11213,21727,2496,1,16373,16782,11096,1,30:36,2022,2023
2022-23,1630583,Santi Aldama,Santi,1610612763,MEM,Memphis Grizzlies,22200257,2022-11-22T00:00:00,MEM vs. SAC,L,16.383333333333333,5.9,0.0,8.8,11.7,41.0,14.6,20.5,52.7,2.9,0.0,8.8,0.0,71.5,1,12947,12947,12947,18533,5410,10381,1930,8632,25039,15331,20374,10788,2832,1,23279,17929,1884,1,16:23,2022,2023
2022-23,1626145,Tyus Jones,Tyus,1610612763,MEM,Memphis Grizzlies,22200257,2022-11-22T00:00:00,MEM vs. SAC,L,27.273333333333333,0.0,0.0,0.0,0.0,22.9,14.1,10.6,49.3,0.0,0.0,3.5,0.0,45.1,1,12947,12947,12947,10366,12084,10381,10252,19499,19492,14668,10735,13166,7930,1,12571,17929,11168,1,27:16,2022,2023
2022-23,1631223,David Roddy,David,1610612763,MEM,Memphis Grizzlies,22200257,2022-11-22T00:00:00,MEM vs. SAC,L,14.85,0.0,0.0,0.0,0.0,35.6,16.2,12.9,64.6,0.0,0.0,3.2,3.2,14.2,1,12947,12947,12947,19529,12084,10381,10252,19499,24392,16977,13423,4444,7930,1,11731,11842,23913,1,14:51,2022,2023
2022-23,1631222,Jake LaRavia,Jake,1610612763,MEM,Memphis Grizzlies,22200257,2022-11-22T00:00:00,MEM vs. SAC,L,9.866666666666667,0.0,0.0,0.0,0.0,34.1,24.3,9.7,58.4,0.0,0.0,0.0,0.0,24.3,1,12947,12947,12947,22110,12084,10381,10252,19499,24131,22805,9863,7268,7930,1,1,17929,21344,1,9:52,2022,2023
2022-23,203500,Steven Adams,Steven,1610612763,MEM,Memphis Grizzlies,22200257,2022-11-22T00:00:00,MEM vs. SAC,L,30.186666666666667,0.0,0.0,3.2,6.4,27.0,15.9,14.3,31.8,1.6,0.0,4.8,3.2,38.5,1,12947,12947,12947,7965,12084,10381,8159,14676,21969,16715,14947,22691,5889,1,16543,11985,14809,1,30:11,2022,2023
2022-23,1629634,Brandon Clarke,Brandon,1610612763,MEM,Memphis Grizzlies,22200257,2022-11-22T00:00:00,MEM vs. SAC,L,17.958333333333332,5.3,5.3,0.0,16.0,24.1,13.4,10.7,58.8,2.7,2.7,2.7,0.0,38.5,1,12947,12947,12947,17425,6179,5091,10252,4963,20317,13871,10887,7046,3325,22838,9779,17929,14801,1,17:58,2022,2023
2022-23,1628415,Dillon Brooks,Dillon,1610612763,MEM,Memphis Grizzlies,22200257,2022-11-22T00:00:00,MEM vs. SAC,L,31.58333333333333,6.1,9.1,3.0,15.2,25.8,15.2,13.7,33.4,0.0,1.5,6.1,4.6,41.8,1,12947,12947,12947,6752,5138,1950,8429,5558,21388,15954,14272,22128,7930,19599,19661,8569,12970,1,31:35,2022,2023
2022-23,1631246,Vince Williams Jr.,Vince,1610612763,MEM,Memphis Grizzlies,22200243,2022-11-20T00:00:00,MEM @ BKN,L,2.65,36.2,36.2,0.0,36.2,0.0,0.0,0.0,36.2,0.0,0.0,0.0,0.0,36.2,1,12947,12947,12947,24974,60,48,10252,267,1,1,1,20963,7930,1,1,17929,15990,1,2:39,2022,2023
2022-23,1630583,Santi Aldama,Santi,1610612763,MEM,Memphis Grizzlies,22200243,2022-11-20T00:00:00,MEM @ BKN,L,21.1,4.5,6.8,4.5,4.5,15.9,4.5,27.3,36.4,0.0,2.3,2.3,11.4,36.6,1,12947,12947,12947,15135,7433,3492,5938,17081,12982,4581,23504,20885,7930,21953,8484,959,15795,1,21:06,2022,2023
2022-23,1631222,Jake LaRavia,Jake,1610612763,MEM,Memphis Grizzlies,22200243,2022-11-20T00:00:00,MEM @ BKN,L,28.85,0.0,0.0,0.0,3.3,6.7,6.7,8.3,53.2,0.0,1.7,1.7,0.0,35.4,1,12947,12947,12947,9063,12084,10381,10252,18429,4104,6408,8410,10476,7930,20309,6984,17929,16412,1,28:51,2022,2023
2022-23,1631223,David Roddy,David,1610612763,MEM,Memphis Grizzlies,22200243,2022-11-20T00:00:00,MEM @ BKN,L,24.28333333333333,0.0,4.0,4.0,7.9,11.9,11.9,15.8,47.4,0.0,0.0,7.9,2.0,30.2,1,12947,12947,12947,12659,12084,6994,6816,12891,8507,12129,16541,14423,7930,1,22400,15471,18926,1,24:17,2022,2023
2022-23,1626145,Tyus Jones,Tyus,1610612763,MEM,Memphis Grizzlies,22200243,2022-11-20T00:00:00,MEM @ BKN,L,34.35,4.2,0.0,5.6,5.6,12.6,8.4,9.8,53.1,0.0,0.0,0.0,1.4,34.4,1,12947,12947,12947,4312,8040,10381,4521,15731,9262,8243,9919,10560,7930,1,1,17396,16966,1,34:21,2022,2023
2022-23,1630214,Xavier Tillman,Xavier,1610612763,MEM,Memphis Grizzlies,22200243,2022-11-20T00:00:00,MEM @ BKN,L,2.65,0.0,0.0,0.0,36.2,0.0,0.0,0.0,36.2,0.0,0.0,0.0,18.1,90.6,1,12947,12947,12947,24974,12084,10381,10252,267,1,1,1,20963,7930,1,1,137,455,1,2:39,2022,2023
2022-23,1631113,Kennedy Chandler,Kennedy,1610612763,MEM,Memphis Grizzlies,22200243,2022-11-20T00:00:00,MEM @ BKN,L,13.65,10.5,0.0,14.1,14.1,7.0,7.0,28.1,28.1,0.0,0.0,3.5,7.0,60.1,1,12947,12947,12947,20246,1552,10381,477,6443,4363,6792,23738,23665,7930,1,12557,4160,4506,1,13:39,2022,2023
2022-23,1629723,John Konchar,John,1610612763,MEM,Memphis Grizzlies,22200243,2022-11-20T00:00:00,MEM @ BKN,L,33.266666666666666,2.9,2.9,2.9,5.8,10.1,8.7,7.2,51.9,0.0,0.0,4.3,5.8,61.0,1,12947,12947,12947,5247,10577,8867,8764,15471,6858,8505,7315,11356,7930,1,15285,6079,4215,1,33:16,2022,2023
2022-23,1628415,Dillon Brooks,Dillon,1610612763,MEM,Memphis Grizzlies,22200243,2022-11-20T00:00:00,MEM @ BKN,L,33.85,12.8,2.8,9.9,22.7,12.8,8.5,21.3,39.7,0.0,1.4,0.0,5.7,78.0,1,12947,12947,12947,4751,894,8986,1425,1852,9449,8365,20823,19214,7930,19011,1,6245,1149,1,33:51,2022,2023
2022-23,203500,Steven Adams,Steven,1610612763,MEM,Memphis Grizzlies,22200243,2022-11-20T00:00:00,MEM @ BKN,L,28.633333333333333,3.4,10.1,3.4,23.5,8.4,3.4,16.8,43.6,0.0,1.7,3.4,10.1,57.0,1,12947,12947,12947,9226,9582,1522,7847,1641,5421,3840,17435,16909,7930,20352,12068,1515,5664,1,28:38,2022,2023
2022-23,1629634,Brandon Clarke,Brandon,1610612763,MEM,Memphis Grizzlies,22200243,2022-11-20T00:00:00,MEM @ BKN,L,16.716666666666665,0.0,0.0,0.0,5.7,17.2,17.2,14.4,51.7,0.0,2.9,0.0,2.9,17.5,1,12947,12947,12947,18311,12084,10381,10252,15509,14322,18107,15005,11516,7930,23349,1,12897,23230,1,16:43,2022,2023
2022-23,1631222,Jake LaRavia,Jake,1610612763,MEM,Memphis Grizzlies,22200229,2022-11-18T00:00:00,MEM vs. OKC,W,9.481666666666667,0.0,0.0,10.1,10.1,0.0,20.2,0.0,60.7,0.0,0.0,10.1,0.0,23.8,1,1,1,1,22251,12084,10381,1345,10266,1,20663,1,6048,7930,1,24109,17929,21526,1,9:29,2022,2023
2022-23,1631223,David Roddy,David,1610612763,MEM,Memphis Grizzlies,22200229,2022-11-18T00:00:00,MEM vs. OKC,W,15.015,0.0,0.0,6.4,6.4,16.0,6.4,12.8,44.8,0.0,0.0,3.2,6.4,17.9,1,1,1,1,19440,12084,10381,3659,14635,13050,6164,13274,16171,7930,1,11633,5089,23155,1,15:01,2022,2023
2022-23,203500,Steven Adams,Steven,1610612763,MEM,Memphis Grizzlies,22200229,2022-11-18T00:00:00,MEM vs. OKC,W,25.3,3.8,3.8,3.8,11.4,17.1,11.4,3.8,68.3,0.0,0.0,1.9,5.7,23.5,1,1,1,1,11879,8758,7265,7111,8949,14181,11572,4436,3199,7930,1,7604,6214,21608,1,25:18,2022,2023
2022-23,1630583,Santi Aldama,Santi,1610612763,MEM,Memphis Grizzlies,22200229,2022-11-18T00:00:00,MEM vs. OKC,W,23.096666666666668,0.0,4.2,12.5,4.2,14.5,16.6,8.3,66.5,0.0,0.0,2.1,4.2,51.7,1,1,1,1,13566,12084,6668,707,17480,11433,17447,8406,3765,7930,1,8028,9468,7826,1,23:06,2022,2023
2022-23,1626145,Tyus Jones,Tyus,1610612763,MEM,Memphis Grizzlies,22200229,2022-11-18T00:00:00,MEM vs. OKC,W,23.151666666666667,4.1,4.1,6.2,8.3,18.7,16.6,8.3,58.1,2.1,0.0,4.1,6.2,51.6,1,1,1,1,13529,8129,6685,3835,12362,15715,17406,8385,7457,4518,1,14682,5350,7887,1,23:09,2022,2023
2022-23,1628415,Dillon Brooks,Dillon,1610612763,MEM,Memphis Grizzlies,22200229,2022-11-18T00:00:00,MEM vs. OKC,W,35.48833333333334,0.0,2.7,4.1,8.1,10.8,16.2,2.7,59.5,0.0,4.1,2.7,4.1,41.4,1,1,1,1,3353,12084,9323,6667,12590,7543,17051,3810,6654,7930,24716,9925,9709,13200,1,35:29,2022,2023
2022-23,1629634,Brandon Clarke,Brandon,1610612763,MEM,Memphis Grizzlies,22200229,2022-11-18T00:00:00,MEM vs. OKC,W,22.7,0.0,0.0,0.0,4.2,8.5,12.7,8.5,42.3,2.1,0.0,2.1,0.0,29.6,1,1,1,1,13861,12084,10381,10252,17408,5477,13073,8544,17739,4426,1,8118,17929,19210,1,22:42,2022,2023
2022-23,1629723,John Konchar,John,1610612763,MEM,Memphis Grizzlies,22200229,2022-11-18T00:00:00,MEM vs. OKC,W,28.85,0.0,3.3,8.3,6.7,13.3,10.0,3.3,59.9,1.7,1.7,0.0,0.0,59.9,1,1,1,1,9063,12084,7988,2180,14338,10041,9918,4172,6453,5619,20309,1,17929,4575,1,28:51,2022,2023
2022-23,1628991,Jaren Jackson Jr.,Jaren,1610612763,MEM,Memphis Grizzlies,22200229,2022-11-18T00:00:00,MEM vs. OKC,W,24.90333333333333,1.9,3.9,13.5,15.4,11.6,7.7,3.9,46.3,5.8,3.9,3.9,11.6,101.0,1,1,1,1,12187,11844,7160,554,5407,8246,7496,4462,15176,739,24534,13650,892,233,1,24:54,2022,2023
2022-23,1629630,Ja Morant,Ja,1610612763,MEM,Memphis Grizzlies,22200229,2022-11-18T00:00:00,MEM vs. OKC,W,32.013333333333335,3.0,3.0,0.0,15.0,13.5,6.0,9.0,51.0,1.5,4.5,1.5,13.5,67.3,1,1,1,1,6380,10317,8606,10252,5712,10266,5802,9091,11993,6247,25000,6410,463,2636,1,32:01,2022,2023
2022-23,1630583,Santi Aldama,Santi,1610612763,MEM,Memphis Grizzlies,22200206,2022-11-15T00:00:00,MEM @ NOP,L,24.85833333333333,5.8,3.9,0.0,7.7,13.5,13.5,9.7,42.5,0.0,0.0,5.8,5.8,40.4,1,12947,12947,12947,12225,5513,7151,10252,13142,10293,14061,9787,17629,7930,1,19057,6045,13764,1,24:52,2022,2023
2022-23,1631223,David Roddy,David,1610612763,MEM,Memphis Grizzlies,22200206,2022-11-15T00:00:00,MEM @ NOP,L,14.5,0.0,0.0,0.0,0.0,16.6,19.9,19.9,53.0,0.0,0.0,3.3,0.0,18.9,1,12947,12947,12947,19748,12084,10381,10252,19499,13634,20363,19915,10640,7930,1,11960,17929,22927,1,14:30,2022,2023
2022-23,1628415,Dillon Brooks,Dillon,1610612763,MEM,Memphis Grizzlies,22200206,2022-11-15T00:00:00,MEM @ NOP,L,37.34166666666667,0.0,1.3,3.9,10.3,14.1,19.3,6.4,38.6,0.0,0.0,3.9,3.9,32.0,1,12947,12947,12947,1930,12084,10353,6981,10100,10988,19927,6540,19825,7930,1,13659,10253,18135,1,37:21,2022,2023
2022-23,203500,Steven Adams,Steven,1610612763,MEM,Memphis Grizzlies,22200206,2022-11-15T00:00:00,MEM @ NOP,L,12.816666666666666,0.0,7.5,0.0,7.5,18.7,18.7,0.0,37.5,0.0,0.0,11.2,3.7,28.1,1,12947,12947,12947,20708,12084,2943,10252,13432,15782,19496,1,20362,7930,1,24501,10555,19887,1,12:49,2022,2023
2022-23,1629723,John Konchar,John,1610612763,MEM,Memphis Grizzlies,22200206,2022-11-15T00:00:00,MEM @ NOP,L,36.525,2.6,2.6,5.3,7.9,15.8,9.2,7.9,44.7,0.0,0.0,5.3,0.0,31.0,1,12947,12947,12947,2536,11199,9500,4965,12918,12805,9052,8002,16219,7930,1,17829,17929,18595,1,36:32,2022,2023
2022-23,1626145,Tyus Jones,Tyus,1610612763,MEM,Memphis Grizzlies,22200206,2022-11-15T00:00:00,MEM @ NOP,L,19.6,0.0,0.0,0.0,0.0,12.2,4.9,26.9,63.7,0.0,0.0,0.0,0.0,21.3,1,12947,12947,12947,16245,12084,10381,10252,19499,8934,4825,23391,4799,7930,1,1,17929,22313,1,19:36,2022,2023
2022-23,1629630,Ja Morant,Ja,1610612763,MEM,Memphis Grizzlies,22200206,2022-11-15T00:00:00,MEM @ NOP,L,36.03333333333333,8.0,1.3,6.7,26.6,12.0,20.0,6.7,34.6,0.0,6.7,1.3,10.7,76.7,1,12947,12947,12947,2885,3050,10341,3402,1001,8641,20462,6763,21698,7930,25566,5746,1234,1273,1,36:02,2022,2023
2022-23,1628991,Jaren Jackson Jr.,Jaren,1610612763,MEM,Memphis Grizzlies,22200206,2022-11-15T00:00:00,MEM @ NOP,L,25.041666666666668,0.0,7.7,0.0,7.7,13.4,15.3,11.5,42.2,9.6,1.9,1.9,5.8,52.1,1,12947,12947,12947,12089,12084,2818,10252,13205,10159,16104,11850,17805,189,21139,7657,6110,7634,1,25:03,2022,2023
2022-23,1629634,Brandon Clarke,Brandon,1610612763,MEM,Memphis Grizzlies,22200206,2022-11-15T00:00:00,MEM @ NOP,L,33.28333333333333,0.0,8.7,0.0,14.4,13.0,14.4,15.9,49.0,4.3,2.9,1.4,2.9,60.7,1,12947,12947,12947,5230,12084,2197,10252,6146,9682,15062,16604,13339,1432,23375,6181,12855,4322,1,33:17,2022,2023
2022-23,203500,Steven Adams,Steven,1610612763,MEM,Memphis Grizzlies,22200194,2022-11-13T00:00:00,MEM @ WAS,L,29.383333333333333,6.5,6.5,0.0,19.6,11.4,4.9,13.1,42.5,0.0,0.0,8.2,3.3,53.9,1,12947,12947,12947,8633,4543,3772,10252,2988,8144,4831,13579,17635,7930,1,22714,11739,6863,1,29:23,2022,2023
2022-23,1631222,Jake LaRavia,Jake,1610612763,MEM,Memphis Grizzlies,22200194,2022-11-13T00:00:00,MEM @ WAS,L,25.898333333333333,0.0,0.0,3.7,3.7,13.0,7.4,11.1,22.2,1.9,1.9,3.7,1.9,28.7,1,12947,12947,12947,11432,12084,10381,7251,17978,9678,7185,11379,24588,5051,20967,13143,15808,19593,1,25:54,2022,2023
2022-23,1629634,Brandon Clarke,Brandon,1610612763,MEM,Memphis Grizzlies,22200194,2022-11-13T00:00:00,MEM @ WAS,L,15.3,0.0,6.3,0.0,6.3,6.3,9.4,6.3,25.1,3.1,3.1,6.3,9.4,37.6,1,12947,12947,12947,19246,12084,4040,10252,14779,3871,9292,6404,24199,2497,23794,20019,1876,15251,1,15:18,2022,2023
2022-23,1626145,Tyus Jones,Tyus,1610612763,MEM,Memphis Grizzlies,22200194,2022-11-13T00:00:00,MEM @ WAS,L,36.25,2.6,0.0,4.0,5.3,14.6,6.6,7.9,37.1,0.0,0.0,1.3,2.6,46.5,1,12947,12947,12947,2728,11153,10381,6794,16157,11451,6370,8057,20558,7930,1,5720,13641,10435,1,36:15,2022,2023
2022-23,1629723,John Konchar,John,1610612763,MEM,Memphis Grizzlies,22200194,2022-11-13T00:00:00,MEM @ WAS,L,36.55,3.9,0.0,2.6,5.3,14.4,6.6,7.9,36.8,0.0,0.0,3.9,0.0,29.3,1,12947,12947,12947,2500,8486,10381,9439,16228,11323,6321,7991,20722,7930,1,13924,17929,19365,1,36:33,2022,2023
2022-23,1628415,Dillon Brooks,Dillon,1610612763,MEM,Memphis Grizzlies,22200194,2022-11-13T00:00:00,MEM @ WAS,L,28.468333333333334,5.1,5.1,5.1,13.5,8.4,5.1,6.7,40.5,0.0,1.7,8.4,1.7,40.1,1,12947,12947,12947,9340,6609,5474,5235,6945,5461,4961,6852,18797,7930,20390,22967,16341,13883,1,28:28,2022,2023
2022-23,1631113,Kennedy Chandler,Kennedy,1610612763,MEM,Memphis Grizzlies,22200194,2022-11-13T00:00:00,MEM @ WAS,L,11.75,0.0,0.0,0.0,8.2,4.1,4.1,16.3,24.5,0.0,4.1,4.1,8.2,43.3,1,12947,12947,12947,21334,12084,10381,10252,12523,2854,4269,17047,24281,7930,24738,14471,2876,12154,1,11:45,2022,2023
2022-23,1631223,David Roddy,David,1610612763,MEM,Memphis Grizzlies,22200194,2022-11-13T00:00:00,MEM @ WAS,L,27.666666666666668,0.0,6.9,3.5,17.3,13.9,5.2,13.9,27.8,1.7,0.0,0.0,1.7,33.0,1,12947,12947,12947,10033,12084,3374,7632,4141,10698,5090,14502,23752,5377,1,1,16171,17695,1,27:40,2022,2023
2022-23,1630583,Santi Aldama,Santi,1610612763,MEM,Memphis Grizzlies,22200194,2022-11-13T00:00:00,MEM @ WAS,L,28.73333333333333,10.0,16.7,5.0,10.0,13.4,5.0,10.0,36.8,5.0,3.3,8.4,5.0,60.8,1,12947,12947,12947,9155,1782,320,5299,10388,10111,4928,10172,20734,1024,24063,22904,7603,4286,1,28:44,2022,2023
2022-23,1628415,Dillon Brooks,Dillon,1610612763,MEM,Memphis Grizzlies,22200181,2022-11-11T00:00:00,MEM vs. MIN,W,32.56666666666667,2.9,0.0,2.9,17.7,17.7,5.9,4.4,59.0,0.0,0.0,1.5,4.4,36.6,1,1,1,1,5859,10436,10381,8638,3964,14787,5711,4827,6965,7930,1,6303,8846,15845,1,32:34,2022,2023
2022-23,1630583,Santi Aldama,Santi,1610612763,MEM,Memphis Grizzlies,22200181,2022-11-11T00:00:00,MEM vs. MIN,W,34.333333333333336,4.2,11.2,0.0,11.2,19.6,12.6,5.6,41.9,1.4,0.0,4.2,4.2,39.7,1,1,1,1,4327,8039,1159,10252,9144,16618,12966,5775,17944,6767,1,14852,9376,14133,1,34:20,2022,2023
2022-23,1631223,David Roddy,David,1610612763,MEM,Memphis Grizzlies,22200181,2022-11-11T00:00:00,MEM vs. MIN,W,6.21,23.2,15.5,23.2,15.5,0.0,15.5,0.0,0.0,0.0,0.0,0.0,0.0,68.8,1,1,1,1,23444,144,432,90,5376,1,16250,1,25269,7930,1,1,17929,2329,1,6:13,2022,2023
2022-23,1629630,Ja Morant,Ja,1610612763,MEM,Memphis Grizzlies,22200181,2022-11-11T00:00:00,MEM vs. MIN,W,33.666666666666664,0.0,15.7,0.0,22.8,24.2,10.0,7.1,54.2,0.0,2.9,5.7,10.0,77.0,1,1,1,1,4893,12084,406,10252,1804,20451,9916,7213,9863,7930,23300,18867,1553,1246,1,33:40,2022,2023
2022-23,1626145,Tyus Jones,Tyus,1610612763,MEM,Memphis Grizzlies,22200181,2022-11-11T00:00:00,MEM vs. MIN,W,19.016666666666666,5.0,5.0,0.0,10.1,12.6,12.6,5.0,25.2,0.0,0.0,0.0,0.0,27.0,1,1,1,1,16688,6625,5484,10252,10295,9309,13001,5301,24173,7930,1,1,17929,20316,1,19:01,2022,2023
2022-23,1629723,John Konchar,John,1610612763,MEM,Memphis Grizzlies,22200181,2022-11-11T00:00:00,MEM vs. MIN,W,22.516666666666666,0.0,0.0,0.0,0.0,21.3,6.4,6.4,46.9,0.0,0.0,0.0,0.0,21.1,1,1,1,1,14008,12084,10381,10252,19499,18231,6165,6514,14786,7930,1,1,17929,22371,1,22:31,2022,2023
2022-23,1631222,Jake LaRavia,Jake,1610612763,MEM,Memphis Grizzlies,22200181,2022-11-11T00:00:00,MEM vs. MIN,W,12.133333333333333,0.0,0.0,0.0,0.0,11.9,0.0,4.0,55.4,0.0,0.0,4.0,0.0,23.3,1,1,1,1,21078,12084,10381,10252,19499,8512,1,4525,9040,7930,1,13979,17929,21675,1,12:08,2022,2023
2022-23,1630217,Desmond Bane,Desmond,1610612763,MEM,Memphis Grizzlies,22200181,2022-11-11T00:00:00,MEM vs. MIN,W,33.27333333333333,11.5,10.1,4.3,11.5,13.0,8.7,2.9,46.2,0.0,2.9,4.3,5.8,49.2,1,1,1,1,5245,1207,1508,6266,8819,9688,8503,3913,15228,7930,23377,15284,6082,9073,1,33:16,2022,2023
2022-23,1629634,Brandon Clarke,Brandon,1610612763,MEM,Memphis Grizzlies,22200181,2022-11-11T00:00:00,MEM vs. MIN,W,19.433333333333334,0.0,0.0,4.9,24.7,22.2,12.3,7.4,29.6,2.5,0.0,7.4,7.4,65.9,1,1,1,1,16361,12084,10381,5396,1330,18991,12685,7517,23277,3765,1,21816,3685,2934,1,19:26,2022,2023
2022-23,203500,Steven Adams,Steven,1610612763,MEM,Memphis Grizzlies,22200181,2022-11-11T00:00:00,MEM vs. MIN,W,26.85,0.0,3.6,0.0,3.6,10.7,7.2,3.6,57.2,1.8,0.0,7.2,8.9,41.7,1,1,1,1,10696,12084,7602,10252,18120,7434,6913,4307,7957,5228,1,21455,2205,13038,1,26:51,2022,2023
2022-23,1626145,Tyus Jones,Tyus,1610612763,MEM,Memphis Grizzlies,22200169,2022-11-09T00:00:00,MEM @ SAS,W,19.63833333333333,0.0,0.0,4.9,4.9,24.4,17.1,17.1,44.0,0.0,0.0,0.0,0.0,38.4,1,1,1,1,16224,12084,10381,5477,16714,20583,17970,17712,16648,7930,1,1,17929,14867,1,19:38,2022,2023
2022-23,1631223,David Roddy,David,1610612763,MEM,Memphis Grizzlies,22200169,2022-11-09T00:00:00,MEM @ SAS,W,9.05,0.0,0.0,0.0,31.8,26.5,10.6,21.2,42.4,0.0,0.0,5.3,0.0,38.2,1,1,1,1,22404,12084,10381,10252,455,21710,10629,20788,17654,7930,1,17957,17929,14956,1,9:03,2022,2023
2022-23,1629630,Ja Morant,Ja,1610612763,MEM,Memphis Grizzlies,22200169,2022-11-09T00:00:00,MEM @ SAS,W,39.55,12.1,2.4,4.9,24.3,13.4,23.1,10.9,60.7,0.0,0.0,1.2,7.3,55.2,1,1,1,1,806,1032,9926,5529,1429,10091,22275,11138,6074,7930,1,5326,3848,6315,1,39:33,2022,2023
2022-23,1629723,John Konchar,John,1610612763,MEM,Memphis Grizzlies,22200169,2022-11-09T00:00:00,MEM @ SAS,W,28.33333333333333,0.0,0.0,3.4,6.8,15.2,25.4,11.9,57.6,0.0,0.0,1.7,0.0,22.0,1,1,1,1,9456,12084,10381,7787,14207,12219,23221,12267,7694,7930,1,7071,17929,22101,1,28:20,2022,2023
2022-23,203500,Steven Adams,Steven,1610612763,MEM,Memphis Grizzlies,22200169,2022-11-09T00:00:00,MEM @ SAS,W,37.443333333333335,0.0,7.7,1.3,7.7,17.9,21.8,11.5,61.5,1.3,0.0,3.8,3.8,42.0,1,1,1,1,1879,12084,2796,10228,13174,15054,21630,11887,5702,7407,1,13632,10280,12834,1,37:27,2022,2023
2022-23,1628415,Dillon Brooks,Dillon,1610612763,MEM,Memphis Grizzlies,22200169,2022-11-09T00:00:00,MEM @ SAS,W,36.36666666666667,7.9,6.6,0.0,5.3,18.5,21.1,11.9,60.7,0.0,0.0,6.6,0.0,27.1,1,1,1,1,2654,3109,3695,10252,16184,15553,21261,12291,6058,7930,1,20607,17929,20294,1,36:22,2022,2023
2022-23,1631222,Jake LaRavia,Jake,1610612763,MEM,Memphis Grizzlies,22200169,2022-11-09T00:00:00,MEM @ SAS,W,16.733333333333334,0.0,0.0,0.0,17.2,28.7,37.3,17.2,68.8,0.0,0.0,8.6,0.0,22.9,1,1,1,1,18300,12084,10381,10252,4239,22688,25313,17801,3062,7930,1,23126,17929,21794,1,16:44,2022,2023
2022-23,1629634,Brandon Clarke,Brandon,1610612763,MEM,Memphis Grizzlies,22200169,2022-11-09T00:00:00,MEM @ SAS,W,15.485,0.0,3.1,0.0,6.2,21.7,18.6,21.7,49.6,0.0,0.0,12.4,9.3,33.5,1,1,1,1,19119,12084,8405,10252,14886,18562,19381,21090,12968,7930,1,24868,1963,17408,1,15:29,2022,2023
2022-23,1630217,Desmond Bane,Desmond,1610612763,MEM,Memphis Grizzlies,22200169,2022-11-09T00:00:00,MEM @ SAS,W,39.41666666666666,2.4,12.2,9.7,14.6,19.5,14.6,19.5,60.9,0.0,2.4,2.4,6.1,56.3,1,1,1,1,849,11603,873,1504,6003,16524,15291,19631,5983,7930,22281,8873,5540,5924,1,39:25,2022,2023
2022-23,1630583,Santi Aldama,Santi,1610612763,MEM,Memphis Grizzlies,22200169,2022-11-09T00:00:00,MEM @ SAS,W,22.98333333333333,0.0,8.4,0.0,8.4,18.8,16.7,12.5,54.3,2.1,0.0,4.2,0.0,47.8,1,1,1,1,13651,12084,2359,10252,12284,15868,17538,13009,9786,4484,1,14785,17929,9752,1,22:59,2022,2023
2022-23,1630217,Desmond Bane,Desmond,1610612763,MEM,Memphis Grizzlies,22200152,2022-11-07T00:00:00,MEM vs. BOS,L,35.46666666666667,10.8,10.8,2.7,13.5,9.5,9.5,17.6,46.0,0.0,0.0,4.1,1.4,42.6,1,12947,12947,12947,3369,1436,1259,9218,6896,6326,9342,18126,15334,7930,1,14386,17528,12531,1,35:28,2022,2023
2022-23,1630214,Xavier Tillman,Xavier,1610612763,MEM,Memphis Grizzlies,22200152,2022-11-07T00:00:00,MEM vs. BOS,L,17.33,5.5,0.0,5.5,5.5,16.6,11.1,11.1,44.3,0.0,0.0,5.5,2.8,23.8,1,12947,12947,12947,17900,5883,10381,4593,15818,13723,11219,11326,16438,7930,1,18510,13220,21507,1,17:20,2022,2023
2022-23,1631223,David Roddy,David,1610612763,MEM,Memphis Grizzlies,22200152,2022-11-07T00:00:00,MEM vs. BOS,L,4.75,0.0,0.0,0.0,0.0,50.5,30.3,0.0,60.6,0.0,10.1,0.0,10.1,24.3,1,12947,12947,12947,24010,12084,10381,10252,19499,25456,24511,1,6100,7930,25772,1,1481,21364,1,4:45,2022,2023
2022-23,1630583,Santi Aldama,Santi,1610612763,MEM,Memphis Grizzlies,22200152,2022-11-07T00:00:00,MEM vs. BOS,L,18.48333333333333,0.0,7.8,0.0,5.2,18.2,13.0,7.8,57.1,0.0,0.0,2.6,0.0,23.9,1,12947,12947,12947,17073,12084,2727,10252,16297,15274,13432,7918,7997,7930,1,9479,17929,21479,1,18:29,2022,2023
2022-23,1631222,Jake LaRavia,Jake,1610612763,MEM,Memphis Grizzlies,22200152,2022-11-07T00:00:00,MEM vs. BOS,L,24.611666666666668,0.0,0.0,0.0,0.0,11.7,7.8,19.5,46.8,0.0,0.0,3.9,0.0,25.5,1,12947,12947,12947,12421,12084,10381,10252,19499,8369,7588,19650,14842,7930,1,13795,17929,20884,1,24:37,2022,2023
2022-23,1629634,Brandon Clarke,Brandon,1610612763,MEM,Memphis Grizzlies,22200152,2022-11-07T00:00:00,MEM vs. BOS,L,30.67,3.1,0.0,3.1,15.7,11.0,7.8,17.2,50.1,0.0,0.0,4.7,3.1,29.9,1,12947,12947,12947,7557,10033,10381,8252,5233,7668,7613,17804,12650,7930,1,16346,12138,19078,1,30:40,2022,2023
2022-23,1628415,Dillon Brooks,Dillon,1610612763,MEM,Memphis Grizzlies,22200152,2022-11-07T00:00:00,MEM vs. BOS,L,31.86833333333333,6.0,0.0,3.0,15.1,12.0,6.0,13.6,48.2,3.0,0.0,9.0,3.0,55.6,1,12947,12947,12947,6483,5209,10381,8488,5664,8702,5819,14110,13908,2712,1,23469,12477,6175,1,31:52,2022,2023
2022-23,1629723,John Konchar,John,1610612763,MEM,Memphis Grizzlies,22200152,2022-11-07T00:00:00,MEM vs. BOS,L,26.316666666666663,0.0,5.5,0.0,0.0,10.9,7.3,18.2,40.1,1.8,0.0,3.6,5.5,41.8,1,12947,12947,12947,11088,12084,4923,10252,19499,7653,7071,18659,18978,5141,1,12928,6632,12981,1,26:19,2022,2023
2022-23,1626145,Tyus Jones,Tyus,1610612763,MEM,Memphis Grizzlies,22200152,2022-11-07T00:00:00,MEM vs. BOS,L,15.186666666666667,6.3,0.0,0.0,12.6,28.4,15.8,6.3,44.2,0.0,0.0,0.0,0.0,37.0,1,12947,12947,12947,19318,4818,10381,10252,7756,22615,16597,6444,16499,7930,1,1,17929,15617,1,15:11,2022,2023
2022-23,1629630,Ja Morant,Ja,1610612763,MEM,Memphis Grizzlies,22200152,2022-11-07T00:00:00,MEM vs. BOS,L,35.31666666666667,0.0,2.7,4.1,13.6,5.4,5.4,17.7,51.6,1.4,6.8,5.4,12.2,79.0,1,12947,12947,12947,3495,12084,9291,6641,6839,3416,5316,18185,11548,6976,25585,18290,709,1065,1,35:19,2022,2023
2022-23,1629630,Ja Morant,Ja,1610612763,MEM,Memphis Grizzlies,22200142,2022-11-06T00:00:00,MEM vs. WAS,W,33.25,0.0,4.3,4.3,23.1,8.7,24.5,2.9,46.2,0.0,4.3,0.0,8.7,60.3,1,1,1,1,5264,12084,6430,6258,1719,5645,22892,3915,15210,7930,24907,1,2453,4439,1,33:15,2022,2023
2022-23,1630217,Desmond Bane,Desmond,1610612763,MEM,Memphis Grizzlies,22200142,2022-11-06T00:00:00,MEM vs. WAS,W,35.35,4.1,8.1,6.8,8.1,19.0,35.3,8.1,67.9,0.0,1.4,1.4,6.8,53.8,1,1,1,1,3471,8246,2489,3304,12549,16067,25170,8245,3321,7930,18630,5848,4495,6922,1,35:21,2022,2023
2022-23,1631223,David Roddy,David,1610612763,MEM,Memphis Grizzlies,22200142,2022-11-06T00:00:00,MEM vs. WAS,W,15.56,0.0,0.0,9.3,0.0,18.5,30.8,12.3,43.2,0.0,0.0,0.0,3.1,13.0,1,1,1,1,19068,12084,10381,1707,19499,15578,24620,12793,17174,7930,1,1,12265,24107,1,15:34,2022,2023
2022-23,1626145,Tyus Jones,Tyus,1610612763,MEM,Memphis Grizzlies,22200142,2022-11-06T00:00:00,MEM vs. WAS,W,19.15,0.0,0.0,7.5,5.0,20.1,22.6,15.0,65.2,0.0,0.0,0.0,2.5,33.8,1,1,1,1,16577,12084,10381,2734,16550,17057,22011,15723,4244,7930,1,1,14105,17231,1,19:09,2022,2023
2022-23,1629723,John Konchar,John,1610612763,MEM,Memphis Grizzlies,22200142,2022-11-06T00:00:00,MEM vs. WAS,W,15.133333333333333,0.0,0.0,0.0,6.3,19.0,15.9,12.7,38.1,0.0,0.0,6.3,0.0,26.3,1,1,1,1,19349,12084,10381,10252,14695,16087,16663,13162,20064,7930,1,20136,17929,20603,1,15:08,2022,2023
2022-23,1631222,Jake LaRavia,Jake,1610612763,MEM,Memphis Grizzlies,22200142,2022-11-06T00:00:00,MEM vs. WAS,W,16.166666666666668,8.9,0.0,0.0,0.0,5.9,23.8,11.9,77.2,0.0,0.0,5.9,0.0,25.8,1,1,1,1,18662,2401,10381,10252,19499,3669,22576,12283,1405,7930,1,19359,17929,20780,1,16:10,2022,2023
2022-23,1630214,Xavier Tillman,Xavier,1610612763,MEM,Memphis Grizzlies,22200142,2022-11-06T00:00:00,MEM vs. WAS,W,4.416666666666667,0.0,10.9,0.0,0.0,65.2,54.3,43.5,108.7,0.0,0.0,32.6,10.9,15.2,1,1,1,1,24159,12084,1249,10252,19499,25689,25720,25470,204,7930,1,25836,1132,23733,1,4:25,2022,2023
2022-23,1628415,Dillon Brooks,Dillon,1610612763,MEM,Memphis Grizzlies,22200142,2022-11-06T00:00:00,MEM vs. WAS,W,30.49,3.1,3.1,3.1,9.4,9.4,23.6,3.1,47.2,0.0,0.0,1.6,4.7,35.4,1,1,1,1,7704,9993,8317,8210,11067,6303,22527,4072,14575,7930,1,6702,8186,16423,1,30:29,2022,2023
2022-23,203500,Steven Adams,Steven,1610612763,MEM,Memphis Grizzlies,22200142,2022-11-06T00:00:00,MEM vs. WAS,W,22.183333333333334,4.3,4.3,4.3,8.7,6.5,21.6,0.0,47.6,0.0,0.0,6.5,0.0,35.7,1,1,1,1,14281,7816,6441,6267,11945,4007,21551,1,14316,7930,1,20403,17929,16266,1,22:11,2022,2023
2022-23,1630583,Santi Aldama,Santi,1610612763,MEM,Memphis Grizzlies,22200142,2022-11-06T00:00:00,MEM vs. WAS,W,26.9,0.0,0.0,7.1,7.1,14.3,25.0,7.1,60.7,0.0,1.8,5.4,1.8,50.0,1,1,1,1,10655,12084,10381,3018,13828,11136,23061,7220,6080,7930,20761,18079,16008,8675,1,26:54,2022,2023
2022-23,1629634,Brandon Clarke,Brandon,1610612763,MEM,Memphis Grizzlies,22200142,2022-11-06T00:00:00,MEM vs. WAS,W,21.4,0.0,6.7,0.0,26.9,11.2,24.7,9.0,53.8,4.5,0.0,4.5,6.7,63.9,1,1,1,1,14876,12084,3586,10252,965,7936,22939,9069,10064,1326,1,15735,4586,3442,1,21:24,2022,2023
2022-23,1631222,Jake LaRavia,Jake,1610612763,MEM,Memphis Grizzlies,22200125,2022-11-04T00:00:00,MEM vs. CHA,W,19.166666666666668,0.0,5.0,0.0,5.0,22.5,7.5,30.1,65.1,0.0,2.5,0.0,2.5,34.6,1,1,1,1,16567,12084,5529,10252,16561,19235,7290,24167,4261,7930,22437,1,14111,16883,1,19:10,2022,2023
2022-23,1629630,Ja Morant,Ja,1610612763,MEM,Memphis Grizzlies,22200125,2022-11-04T00:00:00,MEM vs. CHA,W,24.9,5.8,0.0,0.0,11.6,5.8,9.6,13.5,27.0,0.0,0.0,0.0,3.9,54.6,1,1,1,1,12188,5527,10381,10252,8789,3589,9553,14036,23887,7930,1,1,10255,6589,1,24:54,2022,2023
2022-23,1629723,John Konchar,John,1610612763,MEM,Memphis Grizzlies,22200125,2022-11-04T00:00:00,MEM vs. CHA,W,20.883333333333333,11.5,0.0,6.9,4.6,11.5,25.3,9.2,36.8,2.3,0.0,2.3,0.0,39.8,1,1,1,1,15283,1221,10381,3217,17041,8194,23173,9281,20720,4077,1,8533,17929,14098,1,20:53,2022,2023
2022-23,1630217,Desmond Bane,Desmond,1610612763,MEM,Memphis Grizzlies,22200125,2022-11-04T00:00:00,MEM vs. CHA,W,24.335,7.9,5.9,13.8,15.8,19.7,9.9,17.8,35.5,0.0,3.9,5.9,3.9,51.7,1,1,1,1,12621,3133,4443,505,5142,16759,9796,18249,21293,7930,24622,19315,10022,7854,1,24:20,2022,2023
2022-23,1631223,David Roddy,David,1610612763,MEM,Memphis Grizzlies,22200125,2022-11-04T00:00:00,MEM vs. CHA,W,27.683333333333334,3.5,5.2,3.5,6.9,10.4,17.3,13.9,41.6,1.7,0.0,5.2,5.2,26.7,1,1,1,1,10017,9344,5265,7637,14046,7147,18224,14493,18118,5382,1,17689,7194,20452,1,27:41,2022,2023
2022-23,1629634,Brandon Clarke,Brandon,1610612763,MEM,Memphis Grizzlies,22200125,2022-11-04T00:00:00,MEM vs. CHA,W,15.916666666666666,0.0,0.0,15.1,24.1,27.1,18.1,18.1,42.2,9.0,0.0,9.0,12.1,79.6,1,1,1,1,18834,12084,10381,386,1465,22036,18905,18548,17772,227,1,23479,758,1010,1,15:55,2022,2023
2022-23,203500,Steven Adams,Steven,1610612763,MEM,Memphis Grizzlies,22200125,2022-11-04T00:00:00,MEM vs. CHA,W,21.73333333333333,0.0,19.9,4.4,26.5,6.6,6.6,15.5,26.5,4.4,0.0,4.4,2.2,114.4,1,1,1,1,14626,12084,208,6132,1020,4085,6379,16184,23976,1364,1,15532,14886,118,1,21:44,2022,2023
2022-23,1626145,Tyus Jones,Tyus,1610612763,MEM,Memphis Grizzlies,22200125,2022-11-04T00:00:00,MEM vs. CHA,W,14.133333333333333,0.0,0.0,0.0,27.2,30.6,13.6,20.4,47.5,0.0,0.0,0.0,0.0,60.8,1,1,1,1,19961,12084,10381,10252,920,23309,14132,20303,14347,7930,1,1,17929,4294,1,14:08,2022,2023
2022-23,1630583,Santi Aldama,Santi,1610612763,MEM,Memphis Grizzlies,22200125,2022-11-04T00:00:00,MEM vs. CHA,W,21.031666666666663,4.6,6.8,0.0,9.1,20.5,2.3,25.1,41.1,4.6,2.3,4.6,4.6,60.5,1,1,1,1,15195,7404,3469,10252,11383,17528,3363,22707,18440,1275,21972,15977,8551,4391,1,21:02,2022,2023
2022-23,1631113,Kennedy Chandler,Kennedy,1610612763,MEM,Memphis Grizzlies,22200125,2022-11-04T00:00:00,MEM vs. CHA,W,10.35,9.3,0.0,9.3,9.3,13.9,9.3,27.8,74.2,0.0,9.3,0.0,0.0,71.4,1,1,1,1,21922,2170,10381,1700,11234,10740,9142,23647,1863,7930,25743,1,17929,1893,1,10:21,2022,2023
2022-23,1631246,Vince Williams Jr.,Vince,1610612763,MEM,Memphis Grizzlies,22200125,2022-11-04T00:00:00,MEM vs. CHA,W,7.383333333333334,0.0,0.0,0.0,0.0,19.5,0.0,39.0,65.0,6.5,0.0,13.0,0.0,48.8,1,1,1,1,22982,12084,10381,10252,19499,16537,1,25255,4296,553,1,24997,17929,9317,1,7:23,2022,2023
2022-23,1628415,Dillon Brooks,Dillon,1610612763,MEM,Memphis Grizzlies,22200125,2022-11-04T00:00:00,MEM vs. CHA,W,22.133333333333333,8.7,0.0,0.0,4.3,6.5,6.5,15.2,26.0,0.0,0.0,8.7,4.3,71.1,1,1,1,1,14324,2537,10381,10252,17289,4015,6258,15875,24053,7930,1,23172,9037,1944,1,22:08,2022,2023
2022-23,1630214,Xavier Tillman,Xavier,1610612763,MEM,Memphis Grizzlies,22200125,2022-11-04T00:00:00,MEM vs. CHA,W,10.35,0.0,0.0,0.0,9.3,13.9,9.3,27.8,74.2,0.0,4.6,0.0,0.0,17.2,1,1,1,1,21922,12084,10381,10252,11234,10740,9142,23647,1863,7930,25078,1,17929,23315,1,10:21,2022,2023
2022-23,1630217,Desmond Bane,Desmond,1610612763,MEM,Memphis Grizzlies,22200116,2022-11-02T00:00:00,MEM @ POR,W,36.81666666666667,15.6,2.6,9.1,5.2,15.6,22.2,11.7,41.7,0.0,2.6,1.3,6.5,56.2,1,1,1,1,2307,453,9564,1762,16273,12665,21815,12123,18071,7930,22695,5629,4904,5946,1,36:49,2022,2023
2022-23,203500,Steven Adams,Steven,1610612763,MEM,Memphis Grizzlies,22200116,2022-11-02T00:00:00,MEM @ POR,W,33.605,2.9,2.9,0.0,17.1,20.0,20.0,10.0,42.9,2.9,0.0,2.9,2.9,56.7,1,1,1,1,4944,10634,8935,10252,4285,16992,20471,10149,17385,2968,1,10514,12949,5767,1,33:36,2022,2023
2022-23,1628415,Dillon Brooks,Dillon,1610612763,MEM,Memphis Grizzlies,22200116,2022-11-02T00:00:00,MEM @ POR,W,29.566666666666663,0.0,0.0,0.0,6.5,17.9,19.5,4.9,32.5,0.0,0.0,4.9,3.2,23.4,1,1,1,1,8474,12084,10381,10252,14512,14957,20081,5145,22458,7930,1,16824,11796,21658,1,29:34,2022,2023
2022-23,1630583,Santi Aldama,Santi,1610612763,MEM,Memphis Grizzlies,22200116,2022-11-02T00:00:00,MEM @ POR,W,28.986666666666668,1.7,3.3,0.0,6.6,9.9,14.9,14.9,43.1,3.3,0.0,5.0,1.7,42.1,1,1,1,1,8951,11901,8015,10252,14371,6720,15630,15583,17259,2282,1,17077,16463,12830,1,28:59,2022,2023
2022-23,1626145,Tyus Jones,Tyus,1610612763,MEM,Memphis Grizzlies,22200116,2022-11-02T00:00:00,MEM @ POR,W,23.86,0.0,0.0,0.0,0.0,18.1,26.2,16.1,56.3,0.0,0.0,4.0,0.0,25.1,1,1,1,1,13010,12084,10381,10252,19499,15196,23483,16822,8447,7930,1,14247,17929,21031,1,23:52,2022,2023
2022-23,1631223,David Roddy,David,1610612763,MEM,Memphis Grizzlies,22200116,2022-11-02T00:00:00,MEM @ POR,W,19.01333333333333,2.5,0.0,0.0,0.0,25.2,30.3,2.5,35.3,0.0,0.0,7.6,2.5,51.0,1,1,1,1,16699,11443,10381,10252,19499,21071,24507,3713,21358,7930,1,22039,14042,8165,1,19:01,2022,2023
2022-23,1629634,Brandon Clarke,Brandon,1610612763,MEM,Memphis Grizzlies,22200116,2022-11-02T00:00:00,MEM @ POR,W,14.0,13.7,0.0,0.0,13.7,6.9,17.1,10.3,27.4,3.4,0.0,6.9,0.0,39.8,1,1,1,1,20039,696,10381,10252,6730,4238,18000,10458,23803,2162,1,21030,17929,14091,1,14:00,2022,2023
2022-23,1629630,Ja Morant,Ja,1610612763,MEM,Memphis Grizzlies,22200116,2022-11-02T00:00:00,MEM @ POR,W,32.06666666666667,0.0,0.0,3.0,18.0,16.5,18.0,4.5,29.9,0.0,1.5,1.5,7.5,58.8,1,1,1,1,6310,12084,10381,8530,3799,13552,18794,4864,23200,7930,19475,6395,3598,4951,1,32:04,2022,2023
2022-23,1629723,John Konchar,John,1610612763,MEM,Memphis Grizzlies,22200116,2022-11-02T00:00:00,MEM @ POR,W,22.085,0.0,0.0,0.0,8.7,10.9,23.9,15.2,47.8,0.0,0.0,4.3,2.2,52.2,1,1,1,1,14366,12084,10381,10252,11902,7585,22625,15905,14155,7930,1,15352,14971,7619,1,22:05,2022,2023
2022-23,1630214,Xavier Tillman,Xavier,1610612763,MEM,Memphis Grizzlies,22200101,2022-10-31T00:00:00,MEM @ UTA,L,17.116666666666667,5.6,16.8,0.0,16.8,14.0,14.0,5.6,56.1,0.0,0.0,2.8,11.2,36.5,1,12947,12947,12947,18051,5772,318,10252,4479,10870,14607,5786,8609,7930,1,10304,1005,15890,1,17:07,2022,2023
2022-23,1629634,Brandon Clarke,Brandon,1610612763,MEM,Memphis Grizzlies,22200101,2022-10-31T00:00:00,MEM @ UTA,L,15.983333333333333,12.0,6.0,6.0,24.0,39.0,12.0,6.0,60.1,0.0,0.0,3.0,3.0,46.5,1,12947,12947,12947,18790,1059,4337,4044,1488,24835,12304,6161,6362,7930,1,11036,12504,10404,1,15:59,2022,2023
2022-23,1631246,Vince Williams Jr.,Vince,1610612763,MEM,Memphis Grizzlies,22200101,2022-10-31T00:00:00,MEM @ UTA,L,4.666666666666667,0.0,20.6,0.0,20.6,0.0,0.0,0.0,20.6,0.0,0.0,0.0,0.0,103.9,1,12947,12947,12947,24052,12084,185,10252,2614,1,1,1,24757,7930,1,1,17929,200,1,4:40,2022,2023
2022-23,1626145,Tyus Jones,Tyus,1610612763,MEM,Memphis Grizzlies,22200101,2022-10-31T00:00:00,MEM @ UTA,L,27.3,3.5,0.0,0.0,10.5,22.9,10.5,3.5,49.2,0.0,0.0,1.8,0.0,27.1,1,12947,12947,12947,10342,9257,10381,10252,9781,19458,10582,4275,13198,7930,1,7256,17929,20285,1,27:18,2022,2023
2022-23,203500,Steven Adams,Steven,1610612763,MEM,Memphis Grizzlies,22200101,2022-10-31T00:00:00,MEM @ UTA,L,18.516666666666666,0.0,5.2,0.0,5.2,18.1,13.0,5.2,25.9,2.6,0.0,2.6,2.6,42.3,1,12947,12947,12947,17041,12084,5288,10252,16311,15238,13415,5420,24072,3507,1,9457,13817,12706,1,18:31,2022,2023
2022-23,1631223,David Roddy,David,1610612763,MEM,Memphis Grizzlies,22200101,2022-10-31T00:00:00,MEM @ UTA,L,28.773333333333333,0.0,3.3,0.0,0.0,21.7,20.0,6.7,40.0,1.7,0.0,1.7,1.7,30.4,1,12947,12947,12947,9126,12084,7970,10252,19499,18550,20504,6776,19031,5605,1,6997,16407,18874,1,28:46,2022,2023
2022-23,1631113,Kennedy Chandler,Kennedy,1610612763,MEM,Memphis Grizzlies,22200101,2022-10-31T00:00:00,MEM @ UTA,L,12.183333333333334,11.8,0.0,7.9,7.9,19.7,0.0,0.0,47.3,0.0,0.0,3.9,7.9,30.3,1,12947,12947,12947,21059,1122,10381,2470,12929,16732,1,1,14547,7930,1,13922,3173,18886,1,12:11,2022,2023
2022-23,1628415,Dillon Brooks,Dillon,1610612763,MEM,Memphis Grizzlies,22200101,2022-10-31T00:00:00,MEM @ UTA,L,29.83333333333333,0.0,6.4,3.2,9.7,11.3,14.5,3.2,41.8,0.0,1.6,3.2,8.0,39.1,1,12947,12947,12947,8260,12084,3870,8073,10810,7978,15134,4113,18005,7930,20046,11690,3012,14465,1,29:50,2022,2023
2022-23,1629630,Ja Morant,Ja,1610612763,MEM,Memphis Grizzlies,22200101,2022-10-31T00:00:00,MEM @ UTA,L,31.495,6.1,3.0,6.1,24.4,22.9,18.3,3.0,30.5,0.0,4.6,3.0,13.7,70.1,1,12947,12947,12947,6840,5109,8506,3950,1401,19476,19110,4013,23059,7930,25048,11190,413,2106,1,31:30,2022,2023
2022-23,1630583,Santi Aldama,Santi,1610612763,MEM,Memphis Grizzlies,22200101,2022-10-31T00:00:00,MEM @ UTA,L,23.683333333333334,0.0,0.0,0.0,4.1,14.2,14.2,4.1,32.4,2.0,0.0,6.1,6.1,34.7,1,12947,12947,12947,13140,12084,10381,10252,17584,11041,14792,4573,22471,4618,1,19664,5559,16828,1,23:41,2022,2023
2022-23,1629723,John Konchar,John,1610612763,MEM,Memphis Grizzlies,22200101,2022-10-31T00:00:00,MEM @ UTA,L,25.781666666666663,3.7,0.0,0.0,7.4,27.9,18.6,3.7,37.2,1.9,1.9,7.4,5.6,34.6,1,12947,12947,12947,11529,8892,10381,10252,13479,22420,19403,4397,20472,5028,20988,21875,6395,16847,1,25:47,2022,2023
2022-23,1631254,Kenneth Lofton Jr.,Kenneth,1610612763,MEM,Memphis Grizzlies,22200101,2022-10-31T00:00:00,MEM @ UTA,L,4.666666666666667,0.0,20.6,0.0,41.1,0.0,0.0,0.0,20.6,0.0,10.3,0.0,10.3,63.8,1,12947,12947,12947,24052,12084,185,10252,160,1,1,1,24757,7930,25782,1,1402,3474,1,4:40,2022,2023
2022-23,1626145,Tyus Jones,Tyus,1610612763,MEM,Memphis Grizzlies,22200087,2022-10-29T00:00:00,MEM @ UTA,L,32.94,2.9,0.0,11.7,20.4,35.0,14.6,18.9,67.0,0.0,0.0,0.0,2.9,64.4,1,12947,12947,12947,5542,10524,10381,898,2676,24287,15241,19230,3614,7930,1,1,12765,3309,1,32:56,2022,2023
2022-23,1631223,David Roddy,David,1610612763,MEM,Memphis Grizzlies,22200087,2022-10-29T00:00:00,MEM @ UTA,L,27.148333333333333,3.5,5.3,3.5,7.1,44.2,15.9,14.1,53.0,3.5,0.0,5.3,3.5,55.5,1,12947,12947,12947,10472,9220,5131,7521,13898,25237,16735,14781,10587,2054,1,17967,11080,6202,1,27:09,2022,2023
2022-23,1629634,Brandon Clarke,Brandon,1610612763,MEM,Memphis Grizzlies,22200087,2022-10-29T00:00:00,MEM @ UTA,L,14.946666666666667,12.8,12.8,0.0,25.7,54.6,12.8,25.7,70.7,3.2,3.2,12.8,3.2,54.9,1,12947,12947,12947,19480,880,764,10252,1155,25552,13263,22940,2582,2395,23907,24970,11895,6439,1,14:57,2022,2023
2022-23,1629723,John Konchar,John,1610612763,MEM,Memphis Grizzlies,22200087,2022-10-29T00:00:00,MEM @ UTA,L,27.98,0.0,0.0,0.0,0.0,44.6,15.4,20.6,58.3,0.0,0.0,3.4,0.0,20.1,1,12947,12947,12947,9753,12084,10381,10252,19499,25262,16222,20414,7308,7930,1,12291,17929,22619,1,27:59,2022,2023
2022-23,1630214,Xavier Tillman,Xavier,1610612763,MEM,Memphis Grizzlies,22200087,2022-10-29T00:00:00,MEM @ UTA,L,10.808333333333334,0.0,0.0,0.0,17.8,40.0,8.9,17.8,53.3,0.0,4.4,0.0,0.0,30.6,1,12947,12947,12947,21729,12084,10381,10252,3921,24946,8715,18259,10446,7930,24969,1,17929,18759,1,10:49,2022,2023
2022-23,1631113,Kennedy Chandler,Kennedy,1610612763,MEM,Memphis Grizzlies,22200087,2022-10-29T00:00:00,MEM @ UTA,L,13.76,14.0,0.0,0.0,14.0,24.4,3.5,20.9,20.9,0.0,0.0,3.5,0.0,15.7,1,12947,12947,12947,20184,666,10381,10252,6533,20566,3923,20629,24727,7930,1,12468,17929,23634,1,13:46,2022,2023
2022-23,1630583,Santi Aldama,Santi,1610612763,MEM,Memphis Grizzlies,22200087,2022-10-29T00:00:00,MEM @ UTA,L,29.566666666666663,8.1,3.2,0.0,13.0,22.7,3.2,21.1,42.2,0.0,0.0,8.1,3.2,21.3,1,12947,12947,12947,8474,2941,8120,10252,7399,19380,3791,20730,17779,7930,1,22653,11796,22323,1,29:34,2022,2023
2022-23,203500,Steven Adams,Steven,1610612763,MEM,Memphis Grizzlies,22200087,2022-10-29T00:00:00,MEM @ UTA,L,19.216666666666665,0.0,0.0,5.0,5.0,12.5,12.5,17.5,45.0,2.5,0.0,10.0,2.5,43.7,1,12947,12947,12947,16537,12084,10381,5312,16580,9173,12831,18037,16025,3716,1,24042,14128,11944,1,19:13,2022,2023
2022-23,1628415,Dillon Brooks,Dillon,1610612763,MEM,Memphis Grizzlies,22200087,2022-10-29T00:00:00,MEM @ UTA,L,29.165,16.5,3.3,8.2,23.0,16.5,11.5,11.5,59.2,0.0,0.0,8.2,1.6,74.7,1,12947,12947,12947,8826,387,8044,2237,1733,13545,11716,11873,6809,7930,1,22779,16494,1472,1,29:10,2022,2023
2022-23,1630217,Desmond Bane,Desmond,1610612763,MEM,Memphis Grizzlies,22200087,2022-10-29T00:00:00,MEM @ UTA,L,34.468333333333334,5.6,0.0,12.5,19.5,25.1,8.4,23.7,41.8,1.4,5.6,2.8,11.1,60.2,1,12947,12947,12947,4208,5837,10381,694,3025,20977,8216,22082,18034,6800,25371,10226,1028,4498,1,34:28,2022,2023
2022-23,1629634,Brandon Clarke,Brandon,1610612763,MEM,Memphis Grizzlies,22200069,2022-10-27T00:00:00,MEM @ SAC,W,22.55,4.3,0.0,4.3,25.5,25.5,21.3,21.3,55.3,2.1,0.0,0.0,12.8,68.3,1,1,1,1,13985,7943,10381,6367,1182,21242,21360,20838,9091,4397,1,1,606,2414,1,22:33,2022,2023
2022-23,1630217,Desmond Bane,Desmond,1610612763,MEM,Memphis Grizzlies,22200069,2022-10-27T00:00:00,MEM @ SAC,W,33.30166666666667,8.6,10.1,4.3,11.5,18.7,21.6,7.2,51.9,0.0,1.4,2.9,5.8,62.3,1,1,1,1,5215,2563,1511,6274,8829,15794,21539,7306,11394,7930,19158,10606,6090,3877,1,33:18,2022,2023
2022-23,1630583,Santi Aldama,Santi,1610612763,MEM,Memphis Grizzlies,22200069,2022-10-27T00:00:00,MEM @ SAC,W,29.898333333333333,6.4,0.0,0.0,6.4,24.1,20.9,11.2,51.4,3.2,0.0,6.4,1.6,31.9,1,1,1,1,8209,4677,10381,10252,14594,20343,21116,11535,11730,2397,1,20293,16649,18161,1,29:54,2022,2023
2022-23,1629630,Ja Morant,Ja,1610612763,MEM,Memphis Grizzlies,22200069,2022-10-27T00:00:00,MEM @ SAC,W,31.485,0.0,4.6,3.0,21.3,22.9,7.6,21.3,57.9,0.0,0.0,1.5,4.6,51.8,1,1,1,1,6842,12084,6066,8417,2312,19478,7420,20884,7527,7930,1,6505,8536,7791,1,31:29,2022,2023
2022-23,1628415,Dillon Brooks,Dillon,1610612763,MEM,Memphis Grizzlies,22200069,2022-10-27T00:00:00,MEM @ SAC,W,26.235,5.5,0.0,5.5,3.7,18.3,16.5,12.8,58.5,0.0,0.0,1.8,0.0,26.3,1,1,1,1,11153,5951,10381,4654,18029,15371,17299,13295,7178,7930,1,7436,17929,20598,1,26:14,2022,2023
2022-23,1631113,Kennedy Chandler,Kennedy,1610612763,MEM,Memphis Grizzlies,22200069,2022-10-27T00:00:00,MEM @ SAC,W,0.5816666666666667,0.0,0.0,0.0,0.0,0.0,0.0,0.0,0.0,0.0,0.0,0.0,0.0,0.0,1,1,1,1,25803,12084,10381,10252,19499,1,1,1,25269,7930,1,1,17929,24963,1,0:35,2022,2023
2022-23,1631254,Kenneth Lofton Jr.,Kenneth,1610612763,MEM,Memphis Grizzlies,22200069,2022-10-27T00:00:00,MEM @ SAC,W,0.42,0.0,0.0,0.0,0.0,0.0,0.0,0.0,0.0,0.0,0.0,0.0,0.0,0.0,1,1,1,1,25831,12084,10381,10252,19499,1,1,1,25269,7930,1,1,17929,24963,1,0:25,2022,2023
2022-23,1631223,David Roddy,David,1610612763,MEM,Memphis Grizzlies,22200069,2022-10-27T00:00:00,MEM @ SAC,W,18.265,0.0,0.0,0.0,0.0,13.1,0.0,18.4,63.1,0.0,0.0,0.0,2.6,18.7,1,1,1,1,17218,12084,10381,10252,19499,9858,1,18782,5058,7930,1,1,13705,22978,1,18:16,2022,2023
2022-23,1631222,Jake LaRavia,Jake,1610612763,MEM,Memphis Grizzlies,22200069,2022-10-27T00:00:00,MEM @ SAC,W,29.83333333333333,3.2,0.0,3.2,6.4,19.3,12.9,14.5,45.1,0.0,0.0,8.0,0.0,45.5,1,1,1,1,8260,9849,10381,8073,14581,16359,13289,15132,15961,7930,1,22571,17929,10912,1,29:50,2022,2023
2022-23,203500,Steven Adams,Steven,1610612763,MEM,Memphis Grizzlies,22200069,2022-10-27T00:00:00,MEM @ SAC,W,23.88,0.0,4.0,0.0,24.1,16.1,10.1,8.0,56.3,0.0,0.0,8.0,8.0,54.7,1,1,1,1,12996,12084,6869,10252,1467,13160,10005,8153,8487,7930,1,22569,3018,6530,1,23:53,2022,2023
2022-23,1626145,Tyus Jones,Tyus,1610612763,MEM,Memphis Grizzlies,22200069,2022-10-27T00:00:00,MEM @ SAC,W,23.55,4.1,0.0,0.0,20.4,20.4,20.4,14.3,53.0,0.0,2.0,2.0,2.0,46.7,1,1,1,1,13237,8242,10381,10252,2687,17385,20771,14912,10620,7930,21424,7945,15309,10334,1,23:33,2022,2023
2022-23,1631223,David Roddy,David,1610612763,MEM,Memphis Grizzlies,22200049,2022-10-24T00:00:00,MEM vs. BKN,W,7.668333333333333,0.0,0.0,0.0,0.0,12.5,37.6,0.0,62.6,0.0,6.3,6.3,0.0,16.9,1,1,1,1,22891,12084,10381,10252,19499,9193,25337,1,5275,7930,25517,20002,17929,23368,1,7:40,2022,2023
2022-23,1629634,Brandon Clarke,Brandon,1610612763,MEM,Memphis Grizzlies,22200049,2022-10-24T00:00:00,MEM vs. BKN,W,16.735,0.0,0.0,0.0,22.9,17.2,22.9,22.9,63.1,0.0,0.0,11.5,11.5,49.9,1,1,1,1,18299,12084,10381,10252,1759,14298,22225,21765,5046,7930,1,24579,924,8708,1,16:44,2022,2023
2022-23,1630583,Santi Aldama,Santi,1610612763,MEM,Memphis Grizzlies,22200049,2022-10-24T00:00:00,MEM vs. BKN,W,32.4,3.0,5.9,3.0,8.9,11.9,8.9,17.8,53.3,1.5,0.0,1.5,7.4,41.2,1,1,1,1,5996,10401,4433,8604,11690,8502,8722,18264,10391,6341,1,6343,3689,13304,1,32:24,2022,2023
2022-23,1628415,Dillon Brooks,Dillon,1610612763,MEM,Memphis Grizzlies,22200049,2022-10-24T00:00:00,MEM vs. BKN,W,24.166666666666668,4.0,0.0,0.0,7.9,11.9,7.9,15.9,39.7,0.0,2.0,6.0,4.0,7.0,1,1,1,1,12748,8440,10381,10252,12837,8552,7730,16636,19196,7930,21306,19402,9943,24734,1,24:10,2022,2023
2022-23,1631222,Jake LaRavia,Jake,1610612763,MEM,Memphis Grizzlies,22200049,2022-10-24T00:00:00,MEM vs. BKN,W,11.05,0.0,0.0,0.0,0.0,17.4,17.4,21.7,52.1,0.0,0.0,8.7,0.0,10.4,1,1,1,1,21634,12084,10381,10252,19499,14462,18255,21101,11199,7930,1,23187,17929,24428,1,11:03,2022,2023
2022-23,1626145,Tyus Jones,Tyus,1610612763,MEM,Memphis Grizzlies,22200049,2022-10-24T00:00:00,MEM vs. BKN,W,24.281666666666663,0.0,0.0,0.0,15.8,11.9,19.8,15.8,67.2,0.0,0.0,4.0,0.0,21.9,1,1,1,1,12669,12084,10381,10252,5121,8508,20290,16543,3547,7930,1,13974,17929,22121,1,24:17,2022,2023
2022-23,203500,Steven Adams,Steven,1610612763,MEM,Memphis Grizzlies,22200049,2022-10-24T00:00:00,MEM vs. BKN,W,31.265,3.1,7.7,0.0,9.2,9.2,9.2,10.7,49.1,1.5,1.5,3.1,9.2,51.6,1,1,1,1,7043,10151,2808,10252,11300,6104,9074,10955,13260,6088,19688,11261,2037,7905,1,31:16,2022,2023
2022-23,1629723,John Konchar,John,1610612763,MEM,Memphis Grizzlies,22200049,2022-10-24T00:00:00,MEM vs. BKN,W,26.2,1.8,0.0,1.8,0.0,14.7,14.7,18.3,62.3,0.0,0.0,1.8,1.8,32.6,1,1,1,1,11180,11866,10381,10070,19499,11540,15338,18719,5369,7930,1,7440,15870,17864,1,26:12,2022,2023
2022-23,1630217,Desmond Bane,Desmond,1610612763,MEM,Memphis Grizzlies,22200049,2022-10-24T00:00:00,MEM vs. BKN,W,32.06666666666667,4.5,4.5,4.5,18.0,12.0,15.0,13.5,53.9,1.5,1.5,7.5,6.0,81.9,1,1,1,1,6310,7537,6196,6022,3799,8624,15710,14016,10034,6264,19475,21927,5703,856,1,32:04,2022,2023
2022-23,1629630,Ja Morant,Ja,1610612763,MEM,Memphis Grizzlies,22200049,2022-10-24T00:00:00,MEM vs. BKN,W,34.166666666666664,8.4,5.6,14.0,19.7,8.4,11.2,11.2,47.8,0.0,4.2,1.4,11.2,87.2,1,1,1,1,4460,2712,4764,479,2966,5460,11395,11537,14188,7930,24832,6030,1004,574,1,34:10,2022,2023
2022-23,1630214,Xavier Tillman,Xavier,1610612763,MEM,Memphis Grizzlies,22200034,2022-10-22T00:00:00,MEM @ DAL,L,8.9,10.8,0.0,16.2,0.0,21.6,27.0,27.0,0.0,0.0,0.0,0.0,5.4,53.4,1,12947,12947,12947,22455,1453,10381,293,19499,18450,23731,23399,25269,7930,1,1,6785,7083,1,8:54,2022,2023
2022-23,1629630,Ja Morant,Ja,1610612763,MEM,Memphis Grizzlies,22200034,2022-10-22T00:00:00,MEM @ DAL,L,29.516666666666666,6.5,0.0,6.5,19.5,27.6,30.9,9.8,68.3,0.0,3.3,4.9,8.1,44.2,1,12947,12947,12947,8515,4585,10381,3543,3017,22274,24626,9901,3199,7930,23947,16841,2917,11653,1,29:31,2022,2023
2022-23,1626145,Tyus Jones,Tyus,1610612763,MEM,Memphis Grizzlies,22200034,2022-10-22T00:00:00,MEM @ DAL,L,24.08333333333333,2.0,0.0,0.0,0.0,14.0,33.9,21.9,55.8,2.0,0.0,0.0,8.0,44.8,1,12947,12947,12947,12824,11829,10381,10252,19499,10793,25052,21207,8791,4694,1,1,3089,11297,1,24:05,2022,2023
2022-23,1629723,John Konchar,John,1610612763,MEM,Memphis Grizzlies,22200034,2022-10-22T00:00:00,MEM @ DAL,L,20.433333333333334,0.0,0.0,0.0,4.7,39.9,35.2,4.7,70.5,0.0,0.0,4.7,2.3,15.0,1,12947,12947,12947,15634,12084,10381,10252,16919,24940,25163,5015,2619,7930,1,16352,14519,23768,1,20:26,2022,2023
2022-23,1630583,Santi Aldama,Santi,1610612763,MEM,Memphis Grizzlies,22200034,2022-10-22T00:00:00,MEM @ DAL,L,20.78333333333333,0.0,0.0,4.6,4.6,37.0,18.5,11.5,37.0,0.0,0.0,11.5,2.3,30.5,1,12947,12947,12947,15357,12084,10381,5860,17017,24615,19280,11902,20624,7930,1,24611,14624,18831,1,20:47,2022,2023
2022-23,1631222,Jake LaRavia,Jake,1610612763,MEM,Memphis Grizzlies,22200034,2022-10-22T00:00:00,MEM @ DAL,L,22.433333333333334,0.0,0.0,0.0,0.0,15.0,23.5,15.0,42.8,0.0,0.0,10.7,4.3,15.8,1,12947,12947,12947,14086,12084,10381,10252,19499,11891,22488,15666,17428,7930,1,24327,9172,23601,1,22:26,2022,2023
2022-23,1631246,Vince Williams Jr.,Vince,1610612763,MEM,Memphis Grizzlies,22200034,2022-10-22T00:00:00,MEM @ DAL,L,6.266666666666667,0.0,0.0,0.0,0.0,15.3,38.3,38.3,0.0,0.0,0.0,15.3,0.0,0.0,1,12947,12947,12947,23410,12084,10381,10252,19499,12293,25377,25198,25269,7930,1,25335,17929,24963,1,6:16,2022,2023
2022-23,1630217,Desmond Bane,Desmond,1610612763,MEM,Memphis Grizzlies,22200034,2022-10-22T00:00:00,MEM @ DAL,L,27.25,7.0,8.8,8.8,7.0,19.4,15.9,10.6,52.8,0.0,1.8,3.5,5.3,49.3,1,12947,12947,12947,10380,3959,2107,1918,13920,16425,16657,10744,10717,7930,20675,12581,7016,9013,1,27:15,2022,2023
2022-23,1631113,Kennedy Chandler,Kennedy,1610612763,MEM,Memphis Grizzlies,22200034,2022-10-22T00:00:00,MEM @ DAL,L,8.9,0.0,0.0,0.0,0.0,21.6,27.0,27.0,0.0,10.8,5.4,0.0,5.4,37.8,1,12947,12947,12947,22455,12084,10381,10252,19499,18450,23731,23399,25269,139,25319,1,6785,15193,1,8:54,2022,2023
2022-23,1631223,David Roddy,David,1610612763,MEM,Memphis Grizzlies,22200034,2022-10-22T00:00:00,MEM @ DAL,L,23.433333333333334,0.0,8.2,4.1,20.5,22.5,28.7,24.6,36.9,0.0,0.0,8.2,4.1,33.0,1,12947,12947,12947,13321,12084,2459,6608,2641,19230,24211,22490,20669,7930,1,22744,9601,17685,1,23:26,2022,2023
2022-23,1629634,Brandon Clarke,Brandon,1610612763,MEM,Memphis Grizzlies,22200034,2022-10-22T00:00:00,MEM @ DAL,L,16.783333333333335,0.0,0.0,5.7,22.9,14.3,20.0,25.7,40.0,2.9,2.9,5.7,2.9,43.2,1,12947,12947,12947,18269,12084,10381,4369,1779,11160,20507,22954,19027,2963,23322,18905,12937,12229,1,16:47,2022,2023
2022-23,203500,Steven Adams,Steven,1610612763,MEM,Memphis Grizzlies,22200034,2022-10-22T00:00:00,MEM @ DAL,L,22.316666666666663,0.0,0.0,0.0,4.3,32.3,32.3,4.3,68.8,8.6,4.3,2.2,4.3,43.7,1,12947,12947,12947,14169,12084,10381,10252,17327,23768,24858,4739,3064,264,24891,8207,9119,11979,1,22:19,2022,2023
2022-23,1631254,Kenneth Lofton Jr.,Kenneth,1610612763,MEM,Memphis Grizzlies,22200034,2022-10-22T00:00:00,MEM @ DAL,L,8.9,0.0,10.8,0.0,21.6,21.6,27.0,27.0,0.0,0.0,0.0,16.2,5.4,36.1,1,12947,12947,12947,22455,12084,1277,10252,2230,18450,23731,23399,25269,7930,1,25411,6785,16037,1,8:54,2022,2023
2022-23,203500,Steven Adams,Steven,1610612763,MEM,Memphis Grizzlies,22200024,2022-10-21T00:00:00,MEM @ HOU,W,33.24,0.0,2.9,0.0,8.7,5.8,26.0,5.8,49.1,2.9,0.0,7.2,2.9,37.3,1,1,1,1,5278,12084,8863,10252,11934,3580,23423,5958,13286,2912,1,21549,12848,15477,1,33:14,2022,2023
2022-23,1629630,Ja Morant,Ja,1610612763,MEM,Memphis Grizzlies,22200024,2022-10-21T00:00:00,MEM @ HOU,W,31.23333333333333,7.7,6.1,6.1,33.8,6.1,27.7,6.1,49.2,3.1,3.1,3.1,10.8,110.3,1,1,1,1,7060,3325,4181,3897,365,3790,23950,6290,13223,2601,23692,11268,1176,141,1,31:14,2022,2023
2022-23,1626145,Tyus Jones,Tyus,1610612763,MEM,Memphis Grizzlies,22200024,2022-10-21T00:00:00,MEM @ HOU,W,21.87333333333333,0.0,6.6,6.6,0.0,26.3,11.0,15.4,43.9,0.0,0.0,0.0,4.4,47.8,1,1,1,1,14523,12084,3715,3474,19499,21621,11094,16068,16717,7930,1,1,8911,9743,1,21:52,2022,2023
2022-23,1631222,Jake LaRavia,Jake,1610612763,MEM,Memphis Grizzlies,22200024,2022-10-21T00:00:00,MEM @ HOU,W,15.166666666666666,9.5,9.5,9.5,6.3,31.6,15.8,3.2,50.6,3.2,3.2,9.5,3.2,63.3,1,1,1,1,19331,2043,1743,1612,14712,23613,16617,4078,12261,2458,23833,23775,12027,3596,1,15:10,2022,2023
2022-23,1630583,Santi Aldama,Santi,1610612763,MEM,Memphis Grizzlies,22200024,2022-10-21T00:00:00,MEM @ HOU,W,31.023333333333333,6.2,3.1,0.0,9.3,9.3,30.9,6.2,43.3,4.6,1.5,1.5,4.6,53.1,1,1,1,1,7252,4986,8416,10252,11227,6163,24637,6324,17067,1232,19743,6594,8366,7202,1,31:01,2022,2023
2022-23,1630214,Xavier Tillman,Xavier,1610612763,MEM,Memphis Grizzlies,22200024,2022-10-21T00:00:00,MEM @ HOU,W,6.65,0.0,0.0,0.0,0.0,28.9,0.0,50.5,72.2,0.0,0.0,7.2,0.0,17.3,1,1,1,1,23277,12084,10381,10252,19499,22753,1,25640,2245,7930,1,21544,17929,23275,1,6:39,2022,2023
2022-23,1631223,David Roddy,David,1610612763,MEM,Memphis Grizzlies,22200024,2022-10-21T00:00:00,MEM @ HOU,W,22.55333333333333,0.0,4.3,0.0,4.3,25.5,23.4,17.0,51.1,0.0,0.0,8.5,0.0,24.3,1,1,1,1,13984,12084,6530,10252,17380,21241,22432,17639,11936,7930,1,23047,17929,21361,1,22:33,2022,2023
2022-23,1629723,John Konchar,John,1610612763,MEM,Memphis Grizzlies,22200024,2022-10-21T00:00:00,MEM @ HOU,W,30.25,6.3,0.0,6.3,12.7,6.3,28.6,7.9,50.8,1.6,0.0,1.6,1.6,55.5,1,1,1,1,7906,4771,10381,3709,7696,3913,24182,8045,12157,5896,1,6751,16717,6191,1,30:15,2022,2023
2022-23,1630217,Desmond Bane,Desmond,1610612763,MEM,Memphis Grizzlies,22200024,2022-10-21T00:00:00,MEM @ HOU,W,33.25,0.0,0.0,0.0,0.0,17.3,21.7,11.5,54.9,0.0,2.9,2.9,5.8,50.1,1,1,1,1,5264,12084,10381,10252,19499,14411,21558,11906,9405,7930,23382,10627,6073,8606,1,33:15,2022,2023
2022-23,1629634,Brandon Clarke,Brandon,1610612763,MEM,Memphis Grizzlies,22200024,2022-10-21T00:00:00,MEM @ HOU,W,14.76,0.0,3.3,6.5,6.5,39.0,16.3,22.8,52.0,3.3,0.0,6.5,6.5,41.6,1,1,1,1,19589,12084,8111,3545,14502,24831,17088,21665,11283,2349,1,20434,4936,13057,1,14:46,2022,2023
2022-23,1630217,Desmond Bane,Desmond,1610612763,MEM,Memphis Grizzlies,22200009,2022-10-19T00:00:00,MEM vs. NYK,W,37.46833333333333,2.6,0.0,3.8,7.7,15.4,21.8,7.7,58.9,1.3,1.3,3.8,1.3,39.5,1,1,1,1,1861,11360,10381,7009,13189,12354,21624,7791,6976,7408,18103,13615,17710,14262,1,37:28,2022,2023
2022-23,1631223,David Roddy,David,1610612763,MEM,Memphis Grizzlies,22200009,2022-10-19T00:00:00,MEM vs. NYK,W,12.773333333333332,0.0,0.0,0.0,0.0,7.5,7.5,15.0,37.6,0.0,3.8,3.8,3.8,14.7,1,1,1,1,20734,12084,10381,10252,19499,4683,7295,15712,20297,7930,24437,13325,10524,23831,1,12:46,2022,2023
2022-23,1626145,Tyus Jones,Tyus,1610612763,MEM,Memphis Grizzlies,22200009,2022-10-19T00:00:00,MEM vs. NYK,W,24.975,3.8,0.0,0.0,7.7,13.5,13.5,11.5,61.5,0.0,1.9,0.0,1.9,50.5,1,1,1,1,12137,8662,10381,10252,13185,10200,13983,11878,5712,7930,21151,1,15619,8383,1,24:59,2022,2023
2022-23,1629634,Brandon Clarke,Brandon,1610612763,MEM,Memphis Grizzlies,22200009,2022-10-19T00:00:00,MEM vs. NYK,W,18.666666666666668,5.1,5.1,15.4,20.6,23.1,5.1,38.6,72.0,0.0,0.0,10.3,0.0,36.5,1,1,1,1,16928,6498,5350,356,2614,19692,5031,25224,2275,7930,1,24174,17929,15859,1,18:40,2022,2023
2022-23,1630583,Santi Aldama,Santi,1610612763,MEM,Memphis Grizzlies,22200009,2022-10-19T00:00:00,MEM vs. NYK,W,38.98333333333333,2.5,8.6,0.0,9.9,11.1,20.9,7.4,54.2,1.2,0.0,1.2,4.9,47.7,1,1,1,1,1027,11558,2212,10252,10599,7791,21159,7499,9865,7624,1,5364,7771,9842,1,38:59,2022,2023
2022-23,203500,Steven Adams,Steven,1610612763,MEM,Memphis Grizzlies,22200009,2022-10-19T00:00:00,MEM vs. NYK,W,32.53333333333333,1.5,3.0,1.5,3.0,13.3,17.7,22.1,67.9,1.5,0.0,1.5,10.3,43.2,1,1,1,1,5892,11979,8711,10158,18938,10004,18570,21314,3330,6367,1,6312,1384,12200,1,32:32,2022,2023
2022-23,1631222,Jake LaRavia,Jake,1610612763,MEM,Memphis Grizzlies,22200009,2022-10-19T00:00:00,MEM vs. NYK,W,12.533333333333331,7.7,7.7,0.0,0.0,23.0,26.8,34.5,76.6,3.8,0.0,7.7,3.8,57.1,1,1,1,1,20873,3344,2825,10252,19499,19565,23677,24847,1488,1802,1,22129,10317,5626,1,12:32,2022,2023
2022-23,1629723,John Konchar,John,1610612763,MEM,Memphis Grizzlies,22200009,2022-10-19T00:00:00,MEM vs. NYK,W,33.36666666666667,0.0,0.0,4.3,0.0,14.4,17.3,21.6,63.3,0.0,1.4,0.0,2.9,47.8,1,1,1,1,5163,12084,10381,6284,19499,11248,18140,21015,4954,7930,19138,1,12878,9787,1,33:22,2022,2023
2022-23,1629630,Ja Morant,Ja,1610612763,MEM,Memphis Grizzlies,22200009,2022-10-19T00:00:00,MEM vs. NYK,W,37.88333333333333,0.0,6.3,7.6,20.3,13.9,15.2,21.5,65.9,1.3,0.0,5.1,11.4,62.5,1,1,1,1,1583,12084,3977,2658,2735,10773,15963,20985,3989,7478,1,17327,947,3822,1,37:53,2022,2023
2022-23,1630214,Xavier Tillman,Xavier,1610612763,MEM,Memphis Grizzlies,22200009,2022-10-19T00:00:00,MEM vs. NYK,W,15.816666666666666,0.0,6.1,6.1,12.1,15.2,21.2,6.1,54.6,6.1,3.0,3.0,0.0,53.7,1,1,1,1,18903,12084,4275,3977,8239,12134,21333,6214,9561,649,23638,11140,17929,6944,1,15:49,2022,2023
