season,player_id,player,nickname,team_id,team,team_name,game_id,game_date,matchup,wl,min,fgm,fga,fg_pct,fg3m,fg3a,fg3_pct,ftm,fta,ft_pct,oreb,dreb,reb,ast,tov,stl,blk,blka,pf,pfd,pts,plus_minus,nba_fantasy_pts,dd2,td3,wnba_fantasy_pts,gp_rank,w_rank,l_rank,w_pct_rank,min_rank,fgm_rank,fga_rank,fg_pct_rank,fg3m_rank,fg3a_rank,fg3_pct_rank,ftm_rank,fta_rank,ft_pct_rank,oreb_rank,dreb_rank,reb_rank,ast_rank,tov_rank,stl_rank,blk_rank,blka_rank,pf_rank,pfd_rank,pts_rank,plus_minus_rank,nba_fantasy_pts_rank,dd2_rank,td3_rank,wnba_fantasy_pts_rank,available_flag,min_sec,season_start,season_end
2020-21,1629027,Trae Young,Trae,1610612737,ATL,Atlanta Hawks,42000306,2021-07-03T00:00:00,ATL vs. MIL,L,35.5,4.0,17.0,0.235,0.0,6.0,0.0,6.0,7.0,0.857,0.0,4.0,4.0,9.0,5.0,1.0,0.0,0.0,2.0,6.0,14.0,-5.0,30.3,0,0,29.0,1,933,1,933,406,606,215,1379,957,291,957,114,136,459,853,454,637,55,29,264,521,546,628,100,498,1260,459,193,11,453,1,35:28,2020,2021
2020-21,203524,Solomon Hill,Solomon,1610612737,ATL,Atlanta Hawks,42000306,2021-07-03T00:00:00,ATL vs. MIL,L,0.1,0.0,0.0,0.0,0.0,0.0,0.0,0.0,0.0,0.0,0.0,0.0,0.0,0.0,0.0,0.0,0.0,0.0,0.0,0.0,0.0,0.0,0.0,0,0,0.0,1,933,1,933,1861,1470,1686,1470,957,1340,957,839,897,839,853,1474,1540,1145,963,757,521,546,1392,1193,1524,848,1720,193,11,1725,1,0:03,2020,2021
2020-21,101150,Lou Williams,Lou,1610612737,ATL,Atlanta Hawks,42000306,2021-07-03T00:00:00,ATL vs. MIL,L,11.9,0.0,3.0,0.0,0.0,1.0,0.0,4.0,4.0,1.0,0.0,1.0,1.0,1.0,1.0,0.0,0.0,0.0,0.0,2.0,4.0,-6.0,5.7,0,0,6.0,1,933,1,933,1335,1470,1249,1470,957,1109,957,202,274,1,853,1157,1289,758,491,757,521,546,1392,527,1167,1316,1402,193,11,1353,1,11:53,2020,2021
2020-21,1628381,John Collins,John,1610612737,ATL,Atlanta Hawks,42000306,2021-07-03T00:00:00,ATL vs. MIL,L,31.1,6.0,9.0,0.667,0.0,1.0,0.0,1.0,1.0,1.0,0.0,11.0,11.0,1.0,3.0,1.0,1.0,0.0,2.0,4.0,13.0,-1.0,30.7,1,0,29.0,1,933,1,933,591,370,619,219,957,1109,957,670,811,1,853,36,94,758,139,264,152,546,628,242,551,978,449,1,11,453,1,31:06,2020,2021
2020-21,1630168,Onyeka Okongwu,Onyeka,1610612737,ATL,Atlanta Hawks,42000306,2021-07-03T00:00:00,ATL vs. MIL,L,11.9,0.0,1.0,0.0,0.0,1.0,0.0,3.0,4.0,0.75,2.0,0.0,2.0,0.0,0.0,0.0,1.0,0.0,1.0,2.0,3.0,-11.0,8.4,0,0,7.0,1,933,1,933,1334,1470,1522,1470,957,1109,957,304,274,537,212,1474,1054,1145,963,757,152,546,997,527,1255,1570,1268,193,11,1307,1,11:53,2020,2021
2020-21,1629629,Cam Reddish,Cam,1610612737,ATL,Atlanta Hawks,42000306,2021-07-03T00:00:00,ATL vs. MIL,L,28.8,7.0,12.0,0.583,6.0,7.0,0.857,1.0,2.0,0.5,1.0,2.0,3.0,3.0,1.0,1.0,0.0,2.0,2.0,5.0,21.0,4.0,31.1,0,0,35.0,1,933,1,933,691,288,408,423,20,196,83,670,500,675,434,883,832,358,491,264,521,38,628,166,246,558,431,193,11,304,1,28:46,2020,2021
2020-21,1628989,Kevin Huerter,Kevin,1610612737,ATL,Atlanta Hawks,42000306,2021-07-03T00:00:00,ATL vs. MIL,L,29.4,2.0,10.0,0.2,1.0,6.0,0.167,0.0,0.0,0.0,1.0,2.0,3.0,4.0,1.0,4.0,0.0,0.0,2.0,0.0,5.0,-22.0,25.6,0,0,21.0,1,933,1,933,660,949,540,1397,569,291,902,839,897,839,434,883,832,267,491,5,521,546,628,1193,1075,1813,593,193,11,718,1,29:24,2020,2021
2020-21,201568,Danilo Gallinari,Danilo,1610612737,ATL,Atlanta Hawks,42000306,2021-07-03T00:00:00,ATL vs. MIL,L,23.2,5.0,13.0,0.385,3.0,5.0,0.6,0.0,0.0,0.0,2.0,6.0,8.0,0.0,0.0,0.0,0.0,1.0,3.0,0.0,13.0,-5.0,22.6,0,0,24.0,1,933,1,933,894,474,364,1038,145,404,177,839,897,839,212,236,234,1145,963,757,521,147,326,1193,551,1260,700,193,11,615,1,23:12,2020,2021
2020-21,203991,Clint Capela,Clint,1610612737,ATL,Atlanta Hawks,42000306,2021-07-03T00:00:00,ATL vs. MIL,L,29.1,7.0,13.0,0.538,0.0,0.0,0.0,0.0,0.0,0.0,7.0,2.0,9.0,1.0,2.0,1.0,0.0,0.0,1.0,1.0,14.0,-5.0,27.3,0,0,26.0,1,933,1,933,675,288,364,526,957,1340,957,839,897,839,7,883,182,758,256,264,521,546,997,752,498,1260,540,193,11,548,1,29:07,2020,2021
2020-21,1630219,Skylar Mays,Skylar,1610612737,ATL,Atlanta Hawks,42000306,2021-07-03T00:00:00,ATL vs. MIL,L,0.7,0.0,0.0,0.0,0.0,0.0,0.0,0.0,0.0,0.0,0.0,0.0,0.0,0.0,0.0,0.0,0.0,0.0,0.0,0.0,0.0,0.0,0.0,0,0,0.0,1,933,1,933,1822,1470,1686,1470,957,1340,957,839,897,839,853,1474,1540,1145,963,757,521,546,1392,1193,1524,848,1720,193,11,1725,1,0:39,2020,2021
2020-21,1630233,Nathan Knight,Nathan,1610612737,ATL,Atlanta Hawks,42000306,2021-07-03T00:00:00,ATL vs. MIL,L,0.7,0.0,1.0,0.0,0.0,0.0,0.0,0.0,0.0,0.0,0.0,0.0,0.0,0.0,0.0,0.0,0.0,1.0,0.0,0.0,0.0,0.0,0.0,0,0,0.0,1,933,1,933,1822,1470,1522,1470,957,1340,957,839,897,839,853,1474,1540,1145,963,757,521,147,1392,1193,1524,848,1720,193,11,1725,1,0:39,2020,2021
2020-21,1627739,Kris Dunn,Kris,1610612737,ATL,Atlanta Hawks,42000306,2021-07-03T00:00:00,ATL vs. MIL,L,0.7,0.0,0.0,0.0,0.0,0.0,0.0,0.0,0.0,0.0,0.0,0.0,0.0,0.0,0.0,0.0,0.0,0.0,0.0,0.0,0.0,0.0,0.0,0,0,0.0,1,933,1,933,1822,1470,1686,1470,957,1340,957,839,897,839,853,1474,1540,1145,963,757,521,546,1392,1193,1524,848,1720,193,11,1725,1,0:39,2020,2021
2020-21,203992,Bogdan Bogdanović,Bogdan,1610612737,ATL,Atlanta Hawks,42000306,2021-07-03T00:00:00,ATL vs. MIL,L,36.5,7.0,12.0,0.583,2.0,5.0,0.4,4.0,5.0,0.8,0.0,2.0,2.0,3.0,3.0,3.0,0.0,1.0,3.0,3.0,20.0,-4.0,32.9,0,0,33.0,1,933,1,933,337,288,408,423,312,404,510,202,223,505,853,883,1054,358,139,29,521,147,326,348,283,1189,387,193,11,349,1,36:32,2020,2021
2020-21,1628981,Bruno Fernando,Bruno,1610612737,ATL,Atlanta Hawks,42000306,2021-07-03T00:00:00,ATL vs. MIL,L,0.7,0.0,1.0,0.0,0.0,0.0,0.0,0.0,0.0,0.0,0.0,0.0,0.0,0.0,0.0,0.0,0.0,0.0,0.0,0.0,0.0,0.0,0.0,0,0,0.0,1,933,1,933,1822,1470,1522,1470,957,1340,957,839,897,839,853,1474,1540,1145,963,757,521,546,1392,1193,1524,848,1720,193,11,1725,1,0:39,2020,2021
2020-21,203992,Bogdan Bogdanović,Bogdan,1610612737,ATL,Atlanta Hawks,42000305,2021-07-01T00:00:00,ATL @ MIL,L,38.8,10.0,22.0,0.455,7.0,16.0,0.438,1.0,1.0,1.0,1.0,4.0,5.0,4.0,0.0,0.0,0.0,1.0,3.0,2.0,28.0,-17.0,40.0,0,0,44.0,1,933,1,933,220,118,101,848,6,3,472,670,811,1,434,454,509,267,963,757,521,147,326,527,120,1748,239,193,11,156,1,38:47,2020,2021
2020-21,101150,Lou Williams,Lou,1610612737,ATL,Atlanta Hawks,42000305,2021-07-01T00:00:00,ATL @ MIL,L,35.2,8.0,15.0,0.533,1.0,4.0,0.25,0.0,0.0,0.0,0.0,2.0,2.0,5.0,6.0,1.0,0.0,1.0,1.0,0.0,17.0,-15.0,23.9,0,0,27.0,1,933,1,933,422,210,279,534,569,546,767,839,897,839,853,883,1054,197,11,264,521,147,997,1193,381,1700,654,193,11,514,1,35:12,2020,2021
2020-21,1628989,Kevin Huerter,Kevin,1610612737,ATL,Atlanta Hawks,42000305,2021-07-01T00:00:00,ATL @ MIL,L,37.7,3.0,12.0,0.25,2.0,7.0,0.286,0.0,0.0,0.0,1.0,2.0,3.0,7.0,2.0,2.0,1.0,1.0,4.0,0.0,8.0,-12.0,29.1,0,0,26.0,1,933,1,933,274,757,408,1316,312,196,734,839,897,839,434,883,832,112,256,84,152,147,120,1193,836,1606,487,193,11,548,1,37:43,2020,2021
2020-21,1627739,Kris Dunn,Kris,1610612737,ATL,Atlanta Hawks,42000305,2021-07-01T00:00:00,ATL @ MIL,L,7.6,0.0,1.0,0.0,0.0,0.0,0.0,0.0,0.0,0.0,0.0,1.0,1.0,1.0,2.0,1.0,0.0,0.0,3.0,0.0,0.0,6.0,3.7,0,0,4.0,1,933,1,933,1477,1470,1522,1470,957,1340,957,839,897,839,853,1157,1289,758,256,264,521,546,326,1193,1524,450,1523,193,11,1461,1,7:39,2020,2021
2020-21,203991,Clint Capela,Clint,1610612737,ATL,Atlanta Hawks,42000305,2021-07-01T00:00:00,ATL @ MIL,L,21.1,2.0,3.0,0.667,0.0,0.0,0.0,2.0,4.0,0.5,4.0,4.0,8.0,1.0,1.0,0.0,3.0,0.0,2.0,2.0,6.0,-11.0,25.1,0,0,21.0,1,933,1,933,977,949,1249,219,957,1340,957,428,274,675,45,454,234,758,491,757,19,546,628,527,987,1570,603,193,11,718,1,21:08,2020,2021
2020-21,201568,Danilo Gallinari,Danilo,1610612737,ATL,Atlanta Hawks,42000305,2021-07-01T00:00:00,ATL @ MIL,L,22.8,5.0,11.0,0.455,2.0,4.0,0.5,7.0,7.0,1.0,0.0,3.0,3.0,1.0,1.0,0.0,0.0,0.0,2.0,5.0,19.0,-3.0,23.1,0,0,25.0,1,933,1,933,915,474,471,848,312,546,246,83,136,1,853,648,832,758,491,757,521,546,628,166,312,1132,684,193,11,584,1,22:47,2020,2021
2020-21,1630168,Onyeka Okongwu,Onyeka,1610612737,ATL,Atlanta Hawks,42000305,2021-07-01T00:00:00,ATL @ MIL,L,16.0,2.0,3.0,0.667,0.0,0.0,0.0,2.0,4.0,0.5,4.0,2.0,6.0,0.0,0.0,0.0,0.0,0.0,1.0,3.0,6.0,4.0,13.2,0,0,12.0,1,933,1,933,1167,949,1249,219,957,1340,957,428,274,675,45,883,387,1145,963,757,521,546,997,348,987,558,1059,193,11,1062,1,15:58,2020,2021
2020-21,203524,Solomon Hill,Solomon,1610612737,ATL,Atlanta Hawks,42000305,2021-07-01T00:00:00,ATL @ MIL,L,1.1,0.0,1.0,0.0,0.0,1.0,0.0,0.0,0.0,0.0,0.0,0.0,0.0,0.0,0.0,0.0,0.0,0.0,0.0,0.0,0.0,2.0,0.0,0,0,0.0,1,933,1,933,1794,1470,1522,1470,957,1109,957,839,897,839,853,1474,1540,1145,963,757,521,546,1392,1193,1524,682,1720,193,11,1725,1,1:07,2020,2021
2020-21,1628981,Bruno Fernando,Bruno,1610612737,ATL,Atlanta Hawks,42000305,2021-07-01T00:00:00,ATL @ MIL,L,0.9,0.0,0.0,0.0,0.0,0.0,0.0,0.0,0.0,0.0,0.0,0.0,0.0,0.0,0.0,0.0,0.0,0.0,0.0,0.0,0.0,2.0,0.0,0,0,0.0,1,933,1,933,1808,1470,1686,1470,957,1340,957,839,897,839,853,1474,1540,1145,963,757,521,546,1392,1193,1524,682,1720,193,11,1725,1,0:53,2020,2021
2020-21,1630219,Skylar Mays,Skylar,1610612737,ATL,Atlanta Hawks,42000305,2021-07-01T00:00:00,ATL @ MIL,L,0.9,1.0,1.0,1.0,0.0,0.0,0.0,0.0,0.0,0.0,0.0,0.0,0.0,0.0,0.0,0.0,0.0,0.0,0.0,0.0,2.0,2.0,2.0,0,0,2.0,1,933,1,933,1808,1202,1522,1,957,1340,957,839,897,839,853,1474,1540,1145,963,757,521,546,1392,1193,1344,682,1622,193,11,1578,1,0:53,2020,2021
2020-21,1628381,John Collins,John,1610612737,ATL,Atlanta Hawks,42000305,2021-07-01T00:00:00,ATL @ MIL,L,34.1,7.0,16.0,0.438,3.0,5.0,0.6,2.0,2.0,1.0,3.0,5.0,8.0,3.0,0.0,0.0,0.0,2.0,3.0,3.0,19.0,-16.0,33.1,0,0,33.0,1,933,1,933,471,288,241,896,145,404,177,428,500,1,99,322,234,358,963,757,521,38,326,348,312,1728,380,193,11,349,1,34:07,2020,2021
2020-21,1630233,Nathan Knight,Nathan,1610612737,ATL,Atlanta Hawks,42000305,2021-07-01T00:00:00,ATL @ MIL,L,0.9,0.0,0.0,0.0,0.0,0.0,0.0,0.0,0.0,0.0,0.0,0.0,0.0,0.0,0.0,0.0,0.0,0.0,0.0,1.0,0.0,2.0,0.0,0,0,0.0,1,933,1,933,1808,1470,1686,1470,957,1340,957,839,897,839,853,1474,1540,1145,963,757,521,546,1392,752,1524,682,1720,193,11,1725,1,0:53,2020,2021
2020-21,1629629,Cam Reddish,Cam,1610612737,ATL,Atlanta Hawks,42000305,2021-07-01T00:00:00,ATL @ MIL,L,22.9,3.0,5.0,0.6,0.0,1.0,0.0,1.0,1.0,1.0,0.0,4.0,4.0,2.0,2.0,2.0,1.0,0.0,3.0,1.0,7.0,1.0,21.8,0,0,19.0,1,933,1,933,910,757,999,362,957,1109,957,670,811,1,853,454,637,520,256,84,152,546,326,752,920,762,735,193,11,786,1,22:53,2020,2021
2020-21,201568,Danilo Gallinari,Danilo,1610612737,ATL,Atlanta Hawks,42000304,2021-06-29T00:00:00,ATL vs. MIL,W,19.1,3.0,8.0,0.375,2.0,6.0,0.333,2.0,2.0,1.0,0.0,2.0,2.0,0.0,2.0,0.0,0.0,0.0,2.0,2.0,10.0,3.0,10.4,0,0,14.0,1,1,933,1,1056,757,698,1057,312,291,588,428,500,1,853,883,1054,1145,256,757,521,546,628,527,713,616,1178,193,11,978,1,19:05,2020,2021
2020-21,1630168,Onyeka Okongwu,Onyeka,1610612737,ATL,Atlanta Hawks,42000304,2021-06-29T00:00:00,ATL vs. MIL,W,14.8,3.0,3.0,1.0,0.0,0.0,0.0,1.0,1.0,1.0,1.0,2.0,3.0,0.0,0.0,0.0,1.0,0.0,2.0,3.0,7.0,-1.0,13.6,0,0,12.0,1,1,933,1,1214,757,1249,1,957,1340,957,670,811,1,434,883,832,1145,963,757,152,546,628,348,920,978,1035,193,11,1062,1,14:51,2020,2021
2020-21,1627739,Kris Dunn,Kris,1610612737,ATL,Atlanta Hawks,42000304,2021-06-29T00:00:00,ATL vs. MIL,W,11.0,0.0,2.0,0.0,0.0,1.0,0.0,0.0,0.0,0.0,0.0,1.0,1.0,2.0,2.0,1.0,1.0,1.0,1.0,0.0,0.0,3.0,8.2,0,0,7.0,1,1,933,1,1379,1470,1378,1470,957,1109,957,839,897,839,853,1157,1289,520,256,264,152,147,997,1193,1524,616,1279,193,11,1307,1,10:57,2020,2021
2020-21,1630233,Nathan Knight,Nathan,1610612737,ATL,Atlanta Hawks,42000304,2021-06-29T00:00:00,ATL vs. MIL,W,3.5,1.0,2.0,0.5,0.0,0.0,0.0,0.0,0.0,0.0,0.0,3.0,3.0,0.0,0.0,0.0,0.0,0.0,0.0,0.0,2.0,0.0,5.6,0,0,5.0,1,1,933,1,1670,1202,1378,565,957,1340,957,839,897,839,853,648,832,1145,963,757,521,546,1392,1193,1344,848,1408,193,11,1408,1,3:28,2020,2021
2020-21,101150,Lou Williams,Lou,1610612737,ATL,Atlanta Hawks,42000304,2021-06-29T00:00:00,ATL vs. MIL,W,35.0,7.0,9.0,0.778,2.0,3.0,0.667,5.0,6.0,0.833,1.0,4.0,5.0,8.0,1.0,1.0,0.0,0.0,2.0,4.0,21.0,15.0,41.0,0,0,38.0,1,1,933,1,432,288,619,132,312,711,118,155,170,475,434,454,509,82,491,264,521,546,628,242,246,159,217,193,11,241,1,35:00,2020,2021
2020-21,1630219,Skylar Mays,Skylar,1610612737,ATL,Atlanta Hawks,42000304,2021-06-29T00:00:00,ATL vs. MIL,W,3.4,2.0,2.0,1.0,0.0,0.0,0.0,0.0,0.0,0.0,0.0,1.0,1.0,0.0,0.0,0.0,0.0,0.0,1.0,0.0,4.0,0.0,5.2,0,0,5.0,1,1,933,1,1678,949,1378,1,957,1340,957,839,897,839,853,1157,1289,1145,963,757,521,546,997,1193,1167,848,1431,193,11,1408,1,3:22,2020,2021
2020-21,1628989,Kevin Huerter,Kevin,1610612737,ATL,Atlanta Hawks,42000304,2021-06-29T00:00:00,ATL vs. MIL,W,36.0,7.0,15.0,0.467,1.0,7.0,0.143,0.0,0.0,0.0,2.0,4.0,6.0,7.0,0.0,1.0,0.0,0.0,1.0,1.0,15.0,20.0,35.7,0,0,31.0,1,1,933,1,376,288,279,817,569,196,924,839,897,839,212,454,387,112,963,264,521,546,997,752,448,78,313,193,11,392,1,36:02,2020,2021
2020-21,203991,Clint Capela,Clint,1610612737,ATL,Atlanta Hawks,42000304,2021-06-29T00:00:00,ATL vs. MIL,W,27.9,6.0,7.0,0.857,0.0,0.0,0.0,3.0,4.0,0.75,2.0,5.0,7.0,1.0,1.0,1.0,0.0,1.0,2.0,4.0,15.0,18.0,26.9,0,0,25.0,1,1,933,1,732,370,796,105,957,1340,957,304,274,537,212,322,300,758,491,264,521,147,628,242,448,106,555,193,11,584,1,27:51,2020,2021
2020-21,203503,Tony Snell,Tony,1610612737,ATL,Atlanta Hawks,42000304,2021-06-29T00:00:00,ATL vs. MIL,W,2.0,0.0,1.0,0.0,0.0,1.0,0.0,0.0,0.0,0.0,0.0,0.0,0.0,0.0,1.0,0.0,0.0,0.0,0.0,0.0,0.0,-2.0,-1.0,0,0,0.0,1,1,933,1,1732,1470,1522,1470,957,1109,957,839,897,839,853,1474,1540,1145,491,757,521,546,1392,1193,1524,1049,1858,193,11,1725,1,1:58,2020,2021
2020-21,1628981,Bruno Fernando,Bruno,1610612737,ATL,Atlanta Hawks,42000304,2021-06-29T00:00:00,ATL vs. MIL,W,1.0,0.0,0.0,0.0,0.0,0.0,0.0,0.0,0.0,0.0,0.0,0.0,0.0,0.0,0.0,0.0,0.0,0.0,0.0,0.0,0.0,-2.0,0.0,0,0,0.0,1,1,933,1,1797,1470,1686,1470,957,1340,957,839,897,839,853,1474,1540,1145,963,757,521,546,1392,1193,1524,1049,1720,193,11,1725,1,1:00,2020,2021
2020-21,203992,Bogdan Bogdanović,Bogdan,1610612737,ATL,Atlanta Hawks,42000304,2021-06-29T00:00:00,ATL vs. MIL,W,33.4,7.0,19.0,0.368,6.0,14.0,0.429,0.0,0.0,0.0,1.0,2.0,3.0,5.0,2.0,4.0,0.0,1.0,4.0,0.0,20.0,25.0,41.1,0,0,42.0,1,1,933,1,503,288,168,1089,20,10,473,839,897,839,434,883,832,197,256,5,521,147,120,1193,283,35,214,193,11,181,1,33:21,2020,2021
2020-21,1628381,John Collins,John,1610612737,ATL,Atlanta Hawks,42000304,2021-06-29T00:00:00,ATL vs. MIL,W,29.8,2.0,8.0,0.25,0.0,3.0,0.0,0.0,0.0,0.0,1.0,6.0,7.0,1.0,0.0,1.0,1.0,0.0,3.0,4.0,4.0,26.0,19.9,0,0,16.0,1,1,933,1,646,949,698,1316,957,711,957,839,897,839,434,236,300,758,963,264,152,546,326,242,1167,31,795,193,11,901,1,29:45,2020,2021
2020-21,1629629,Cam Reddish,Cam,1610612737,ATL,Atlanta Hawks,42000304,2021-06-29T00:00:00,ATL vs. MIL,W,23.3,5.0,9.0,0.556,2.0,3.0,0.667,0.0,0.0,0.0,0.0,5.0,5.0,2.0,2.0,2.0,1.0,0.0,4.0,0.0,12.0,5.0,28.0,0,0,27.0,1,1,933,1,885,474,619,482,312,711,118,839,897,839,853,322,509,520,256,84,152,546,120,1193,597,507,523,193,11,514,1,23:20,2020,2021
2020-21,101150,Lou Williams,Lou,1610612737,ATL,Atlanta Hawks,42000303,2021-06-27T00:00:00,ATL vs. MIL,L,17.9,1.0,3.0,0.333,1.0,1.0,1.0,2.0,2.0,1.0,0.0,2.0,2.0,3.0,1.0,0.0,1.0,0.0,1.0,1.0,5.0,-12.0,13.9,0,0,13.0,1,933,1,933,1099,1202,1249,1124,569,1109,1,428,500,1,853,883,1054,358,491,757,152,546,997,752,1075,1606,1021,193,11,1018,1,17:55,2020,2021
2020-21,201568,Danilo Gallinari,Danilo,1610612737,ATL,Atlanta Hawks,42000303,2021-06-27T00:00:00,ATL vs. MIL,L,36.0,7.0,14.0,0.5,2.0,3.0,0.667,2.0,2.0,1.0,1.0,3.0,4.0,0.0,3.0,2.0,0.0,0.0,2.0,4.0,18.0,-18.0,25.8,0,0,28.0,1,933,1,933,380,288,320,565,312,711,118,428,500,1,434,648,637,1145,139,84,521,546,628,242,344,1769,588,193,11,478,1,35:57,2020,2021
2020-21,203992,Bogdan Bogdanović,Bogdan,1610612737,ATL,Atlanta Hawks,42000303,2021-06-27T00:00:00,ATL vs. MIL,L,35.4,3.0,16.0,0.188,2.0,10.0,0.2,0.0,0.0,0.0,0.0,2.0,2.0,3.0,1.0,3.0,1.0,3.0,1.0,0.0,8.0,-2.0,25.9,0,0,23.0,1,933,1,933,409,757,241,1431,312,55,856,839,897,839,853,883,1054,358,491,29,152,14,997,1193,836,1049,584,193,11,646,1,35:24,2020,2021
2020-21,1629027,Trae Young,Trae,1610612737,ATL,Atlanta Hawks,42000303,2021-06-27T00:00:00,ATL vs. MIL,L,39.3,12.0,23.0,0.522,6.0,14.0,0.429,5.0,6.0,0.833,0.0,0.0,0.0,4.0,4.0,1.0,0.0,1.0,1.0,8.0,35.0,-13.0,40.0,0,0,47.0,1,933,1,933,194,60,77,556,20,10,473,155,170,475,853,1474,1540,267,64,264,521,147,997,43,53,1637,239,193,11,131,1,39:21,2020,2021
2020-21,1628989,Kevin Huerter,Kevin,1610612737,ATL,Atlanta Hawks,42000303,2021-06-27T00:00:00,ATL vs. MIL,L,36.6,4.0,11.0,0.364,3.0,7.0,0.429,0.0,0.0,0.0,0.0,4.0,4.0,7.0,0.0,0.0,3.0,0.0,3.0,0.0,11.0,9.0,35.3,0,0,31.0,1,933,1,933,332,606,471,1093,145,196,473,839,897,839,853,454,637,112,963,757,19,546,326,1193,649,333,328,193,11,392,1,36:36,2020,2021
2020-21,1628381,John Collins,John,1610612737,ATL,Atlanta Hawks,42000303,2021-06-27T00:00:00,ATL vs. MIL,L,23.2,6.0,8.0,0.75,1.0,2.0,0.5,0.0,2.0,0.0,2.0,6.0,8.0,1.0,2.0,0.0,0.0,0.0,5.0,2.0,13.0,-6.0,22.1,0,0,23.0,1,933,1,933,895,370,698,144,569,888,246,839,500,839,212,236,234,758,256,757,521,546,26,527,551,1316,725,193,11,646,1,23:11,2020,2021
2020-21,1630168,Onyeka Okongwu,Onyeka,1610612737,ATL,Atlanta Hawks,42000303,2021-06-27T00:00:00,ATL vs. MIL,L,9.0,2.0,2.0,1.0,0.0,0.0,0.0,0.0,0.0,0.0,0.0,2.0,2.0,0.0,0.0,1.0,1.0,0.0,3.0,0.0,4.0,-10.0,12.4,0,0,10.0,1,933,1,933,1439,949,1378,1,957,1340,957,839,897,839,853,883,1054,1145,963,264,152,546,326,1193,1167,1533,1091,193,11,1150,1,9:00,2020,2021
2020-21,203524,Solomon Hill,Solomon,1610612737,ATL,Atlanta Hawks,42000303,2021-06-27T00:00:00,ATL vs. MIL,L,15.1,0.0,0.0,0.0,0.0,0.0,0.0,0.0,0.0,0.0,0.0,2.0,2.0,0.0,0.0,0.0,0.0,0.0,3.0,1.0,0.0,-14.0,2.4,0,0,2.0,1,933,1,933,1203,1470,1686,1470,957,1340,957,839,897,839,853,883,1054,1145,963,757,521,546,326,752,1524,1664,1594,193,11,1578,1,15:06,2020,2021
2020-21,203991,Clint Capela,Clint,1610612737,ATL,Atlanta Hawks,42000303,2021-06-27T00:00:00,ATL vs. MIL,L,27.5,4.0,7.0,0.571,0.0,0.0,0.0,0.0,4.0,0.0,6.0,5.0,11.0,2.0,1.0,1.0,1.0,1.0,3.0,2.0,8.0,11.0,29.2,0,0,25.0,1,933,1,933,739,606,796,441,957,1340,957,839,274,839,14,322,94,520,491,264,152,147,326,527,836,275,483,193,11,584,1,27:30,2020,2021
2020-21,1628381,John Collins,John,1610612737,ATL,Atlanta Hawks,42000302,2021-06-25T00:00:00,ATL @ MIL,L,24.0,5.0,9.0,0.556,1.0,4.0,0.25,0.0,0.0,0.0,3.0,5.0,8.0,0.0,1.0,0.0,0.0,1.0,4.0,0.0,11.0,-33.0,19.6,0,0,20.0,1,933,1,933,857,474,619,482,569,546,767,839,897,839,99,322,234,1145,491,757,521,147,120,1193,649,1862,804,193,11,751,1,24:02,2020,2021
2020-21,1629629,Cam Reddish,Cam,1610612737,ATL,Atlanta Hawks,42000302,2021-06-25T00:00:00,ATL @ MIL,L,17.0,4.0,10.0,0.4,1.0,3.0,0.333,2.0,2.0,1.0,0.0,2.0,2.0,0.0,0.0,1.0,0.0,1.0,2.0,1.0,11.0,-11.0,16.4,0,0,16.0,1,933,1,933,1138,606,540,969,569,711,588,428,500,1,853,883,1054,1145,963,264,521,147,628,752,649,1570,921,193,11,901,1,17:03,2020,2021
2020-21,1628989,Kevin Huerter,Kevin,1610612737,ATL,Atlanta Hawks,42000302,2021-06-25T00:00:00,ATL @ MIL,L,30.4,3.0,10.0,0.3,2.0,5.0,0.4,0.0,0.0,0.0,0.0,2.0,2.0,1.0,3.0,0.0,1.0,0.0,2.0,0.0,8.0,-31.0,11.9,0,0,15.0,1,933,1,933,620,757,540,1262,312,404,510,839,897,839,853,883,1054,758,139,757,152,546,628,1193,836,1860,1119,193,11,936,1,30:21,2020,2021
2020-21,201568,Danilo Gallinari,Danilo,1610612737,ATL,Atlanta Hawks,42000302,2021-06-25T00:00:00,ATL @ MIL,L,15.7,4.0,7.0,0.571,1.0,4.0,0.25,3.0,4.0,0.75,0.0,2.0,2.0,0.0,1.0,0.0,0.0,0.0,4.0,2.0,12.0,-25.0,13.4,0,0,15.0,1,933,1,933,1178,606,796,441,569,546,767,304,274,537,853,883,1054,1145,491,757,521,546,120,527,597,1838,1051,193,11,936,1,15:41,2020,2021
2020-21,1628981,Bruno Fernando,Bruno,1610612737,ATL,Atlanta Hawks,42000302,2021-06-25T00:00:00,ATL @ MIL,L,6.7,1.0,1.0,1.0,0.0,0.0,0.0,2.0,2.0,1.0,0.0,0.0,0.0,0.0,0.0,0.0,0.0,0.0,0.0,1.0,4.0,7.0,4.0,0,0,4.0,1,933,1,933,1512,1202,1522,1,957,1340,957,428,500,1,853,1474,1540,1145,963,757,521,546,1392,752,1167,422,1505,193,11,1461,1,6:41,2020,2021
2020-21,1630219,Skylar Mays,Skylar,1610612737,ATL,Atlanta Hawks,42000302,2021-06-25T00:00:00,ATL @ MIL,L,6.7,1.0,1.0,1.0,0.0,0.0,0.0,0.0,0.0,0.0,0.0,1.0,1.0,1.0,0.0,2.0,0.0,0.0,0.0,0.0,2.0,7.0,10.7,0,0,8.0,1,933,1,933,1512,1202,1522,1,957,1340,957,839,897,839,853,1157,1289,758,963,84,521,546,1392,1193,1344,422,1161,193,11,1255,1,6:41,2020,2021
2020-21,1629027,Trae Young,Trae,1610612737,ATL,Atlanta Hawks,42000302,2021-06-25T00:00:00,ATL @ MIL,L,28.3,6.0,16.0,0.375,1.0,8.0,0.125,2.0,3.0,0.667,0.0,2.0,2.0,3.0,9.0,2.0,0.0,1.0,0.0,1.0,15.0,-29.0,18.9,0,0,25.0,1,933,1,933,713,370,241,1057,569,132,943,428,420,611,853,883,1054,358,1,84,521,147,1392,752,448,1856,825,193,11,584,1,28:15,2020,2021
2020-21,1630168,Onyeka Okongwu,Onyeka,1610612737,ATL,Atlanta Hawks,42000302,2021-06-25T00:00:00,ATL @ MIL,L,13.5,2.0,4.0,0.5,0.0,0.0,0.0,0.0,0.0,0.0,1.0,2.0,3.0,0.0,1.0,1.0,0.0,0.0,1.0,4.0,4.0,-5.0,9.6,0,0,9.0,1,933,1,933,1266,949,1121,565,957,1340,957,839,897,839,434,883,832,1145,491,264,521,546,997,242,1167,1260,1211,193,11,1204,1,13:27,2020,2021
2020-21,203503,Tony Snell,Tony,1610612737,ATL,Atlanta Hawks,42000302,2021-06-25T00:00:00,ATL @ MIL,L,9.4,1.0,3.0,0.333,0.0,2.0,0.0,0.0,0.0,0.0,0.0,0.0,0.0,0.0,2.0,0.0,0.0,0.0,1.0,0.0,2.0,2.0,0.0,0,0,2.0,1,933,1,933,1423,1202,1249,1124,957,888,957,839,897,839,853,1474,1540,1145,256,757,521,546,997,1193,1344,682,1720,193,11,1578,1,9:25,2020,2021
2020-21,101150,Lou Williams,Lou,1610612737,ATL,Atlanta Hawks,42000302,2021-06-25T00:00:00,ATL @ MIL,L,12.8,2.0,6.0,0.333,1.0,3.0,0.333,0.0,0.0,0.0,0.0,1.0,1.0,2.0,0.0,0.0,0.0,0.0,0.0,2.0,5.0,-12.0,9.2,0,0,9.0,1,933,1,933,1295,949,878,1124,569,711,588,839,897,839,853,1157,1289,520,963,757,521,546,1392,527,1075,1606,1228,193,11,1204,1,12:45,2020,2021
2020-21,203524,Solomon Hill,Solomon,1610612737,ATL,Atlanta Hawks,42000302,2021-06-25T00:00:00,ATL @ MIL,L,17.7,0.0,2.0,0.0,0.0,2.0,0.0,1.0,2.0,0.5,0.0,2.0,2.0,0.0,0.0,1.0,0.0,0.0,1.0,3.0,1.0,-3.0,6.4,0,0,5.0,1,933,1,933,1109,1470,1378,1470,957,888,957,670,500,675,853,883,1054,1145,963,264,521,546,997,348,1501,1132,1363,193,11,1408,1,17:40,2020,2021
2020-21,203992,Bogdan Bogdanović,Bogdan,1610612737,ATL,Atlanta Hawks,42000302,2021-06-25T00:00:00,ATL @ MIL,L,18.2,3.0,6.0,0.5,2.0,4.0,0.5,0.0,0.0,0.0,0.0,0.0,0.0,4.0,0.0,1.0,0.0,0.0,3.0,0.0,8.0,-23.0,17.0,0,0,16.0,1,933,1,933,1090,757,878,565,312,546,246,839,897,839,853,1474,1540,267,963,264,521,546,326,1193,836,1823,899,193,11,901,1,18:11,2020,2021
2020-21,1630233,Nathan Knight,Nathan,1610612737,ATL,Atlanta Hawks,42000302,2021-06-25T00:00:00,ATL @ MIL,L,4.2,0.0,1.0,0.0,0.0,1.0,0.0,0.0,0.0,0.0,0.0,1.0,1.0,0.0,0.0,0.0,2.0,0.0,1.0,0.0,0.0,0.0,7.2,0,0,5.0,1,933,1,933,1642,1470,1522,1470,957,1109,957,839,897,839,853,1157,1289,1145,963,757,49,546,997,1193,1524,848,1332,193,11,1408,1,4:12,2020,2021
2020-21,1627739,Kris Dunn,Kris,1610612737,ATL,Atlanta Hawks,42000302,2021-06-25T00:00:00,ATL @ MIL,L,10.9,1.0,1.0,1.0,0.0,0.0,0.0,4.0,4.0,1.0,0.0,2.0,2.0,2.0,0.0,0.0,1.0,0.0,1.0,3.0,6.0,7.0,14.4,0,0,12.0,1,933,1,933,1382,1202,1522,1,957,1340,957,202,274,1,853,883,1054,520,963,757,152,546,997,348,987,422,993,193,11,1062,1,10:53,2020,2021
2020-21,203991,Clint Capela,Clint,1610612737,ATL,Atlanta Hawks,42000302,2021-06-25T00:00:00,ATL @ MIL,L,24.7,1.0,5.0,0.2,0.0,0.0,0.0,0.0,0.0,0.0,3.0,5.0,8.0,0.0,2.0,0.0,0.0,0.0,2.0,3.0,2.0,-21.0,9.6,0,0,10.0,1,933,1,933,835,1202,999,1397,957,1340,957,839,897,839,99,322,234,1145,256,757,521,546,628,348,1344,1803,1211,193,11,1150,1,24:43,2020,2021
2020-21,101150,Lou Williams,Lou,1610612737,ATL,Atlanta Hawks,42000301,2021-06-23T00:00:00,ATL @ MIL,W,12.2,1.0,5.0,0.2,1.0,1.0,1.0,0.0,0.0,0.0,0.0,0.0,0.0,0.0,0.0,0.0,0.0,0.0,1.0,0.0,3.0,-12.0,3.0,0,0,4.0,1,1,933,1,1317,1202,999,1397,569,1109,1,839,897,839,853,1474,1540,1145,963,757,521,546,997,1193,1255,1606,1551,193,11,1461,1,12:11,2020,2021
2020-21,203991,Clint Capela,Clint,1610612737,ATL,Atlanta Hawks,42000301,2021-06-23T00:00:00,ATL @ MIL,W,37.5,6.0,9.0,0.667,0.0,0.0,0.0,0.0,0.0,0.0,4.0,15.0,19.0,2.0,0.0,1.0,1.0,2.0,1.0,1.0,12.0,8.0,43.8,1,0,37.0,1,1,933,1,284,370,619,219,957,1340,957,839,897,839,45,7,6,520,963,264,152,38,997,752,597,372,184,1,11,260,1,37:30,2020,2021
2020-21,1628989,Kevin Huerter,Kevin,1610612737,ATL,Atlanta Hawks,42000301,2021-06-23T00:00:00,ATL @ MIL,W,36.4,5.0,12.0,0.417,1.0,6.0,0.167,2.0,2.0,1.0,0.0,2.0,2.0,1.0,0.0,0.0,0.0,0.0,3.0,1.0,13.0,15.0,16.9,0,0,17.0,1,1,933,1,345,474,408,947,569,291,902,428,500,1,853,883,1054,758,963,757,521,546,326,752,551,159,904,193,11,856,1,36:26,2020,2021
2020-21,1628381,John Collins,John,1610612737,ATL,Atlanta Hawks,42000301,2021-06-23T00:00:00,ATL @ MIL,W,37.0,11.0,16.0,0.688,1.0,5.0,0.2,0.0,0.0,0.0,5.0,10.0,15.0,1.0,2.0,0.0,0.0,0.0,3.0,0.0,23.0,12.0,40.5,1,0,40.0,1,1,933,1,313,82,241,213,569,404,856,839,897,839,26,55,23,758,256,757,521,546,326,1193,196,244,226,1,11,210,1,36:57,2020,2021
2020-21,203992,Bogdan Bogdanović,Bogdan,1610612737,ATL,Atlanta Hawks,42000301,2021-06-23T00:00:00,ATL @ MIL,W,27.5,1.0,6.0,0.167,0.0,2.0,0.0,2.0,2.0,1.0,0.0,3.0,3.0,2.0,2.0,3.0,0.0,1.0,2.0,2.0,4.0,8.0,17.6,0,0,15.0,1,1,933,1,742,1202,878,1436,957,888,957,428,500,1,853,648,832,520,256,29,521,147,628,527,1167,372,876,193,11,936,1,27:27,2020,2021
2020-21,1630168,Onyeka Okongwu,Onyeka,1610612737,ATL,Atlanta Hawks,42000301,2021-06-23T00:00:00,ATL @ MIL,W,2.6,0.0,0.0,0.0,0.0,0.0,0.0,0.0,0.0,0.0,1.0,0.0,1.0,0.0,0.0,0.0,1.0,0.0,0.0,0.0,0.0,-6.0,4.2,0,0,3.0,1,1,933,1,1709,1470,1686,1470,957,1340,957,839,897,839,434,1474,1289,1145,963,757,152,546,1392,1193,1524,1316,1489,193,11,1536,1,2:38,2020,2021
2020-21,1629027,Trae Young,Trae,1610612737,ATL,Atlanta Hawks,42000301,2021-06-23T00:00:00,ATL @ MIL,W,41.1,17.0,34.0,0.5,4.0,13.0,0.308,10.0,12.0,0.833,1.0,6.0,7.0,11.0,6.0,1.0,0.0,1.0,3.0,9.0,48.0,10.0,69.9,1,0,72.0,1,1,933,1,114,2,3,565,74,16,726,28,30,475,434,236,300,24,11,264,521,147,326,27,5,303,14,1,11,5,1,41:05,2020,2021
2020-21,203524,Solomon Hill,Solomon,1610612737,ATL,Atlanta Hawks,42000301,2021-06-23T00:00:00,ATL @ MIL,W,20.3,2.0,4.0,0.5,0.0,2.0,0.0,0.0,0.0,0.0,1.0,2.0,3.0,2.0,0.0,0.0,0.0,0.0,2.0,0.0,4.0,-5.0,10.6,0,0,9.0,1,1,933,1,1006,949,1121,565,957,888,957,839,897,839,434,883,832,520,963,757,521,546,628,1193,1167,1260,1169,193,11,1204,1,20:20,2020,2021
2020-21,201568,Danilo Gallinari,Danilo,1610612737,ATL,Atlanta Hawks,42000301,2021-06-23T00:00:00,ATL @ MIL,W,25.4,4.0,9.0,0.444,1.0,3.0,0.333,0.0,0.0,0.0,0.0,1.0,1.0,0.0,1.0,0.0,0.0,0.0,2.0,1.0,9.0,-15.0,9.2,0,0,11.0,1,1,933,1,816,606,619,873,569,711,588,839,897,839,853,1157,1289,1145,491,757,521,546,628,752,777,1700,1228,193,11,1120,1,25:26,2020,2021
2020-21,203991,Clint Capela,Clint,1610612737,ATL,Atlanta Hawks,42000207,2021-06-20T00:00:00,ATL @ PHI,W,32.3,6.0,8.0,0.75,0.0,0.0,0.0,1.0,4.0,0.25,0.0,6.0,6.0,1.0,0.0,1.0,0.0,1.0,3.0,2.0,13.0,-2.0,24.7,0,0,22.0,1,1,933,1,548,370,698,144,957,1340,957,670,274,834,853,236,387,758,963,264,521,147,326,527,551,1049,616,193,11,681,1,32:20,2020,2021
2020-21,203524,Solomon Hill,Solomon,1610612737,ATL,Atlanta Hawks,42000207,2021-06-20T00:00:00,ATL @ PHI,W,5.0,0.0,0.0,0.0,0.0,0.0,0.0,0.0,0.0,0.0,0.0,0.0,0.0,0.0,0.0,0.0,0.0,0.0,0.0,0.0,0.0,5.0,0.0,0,0,0.0,1,1,933,1,1583,1470,1686,1470,957,1340,957,839,897,839,853,1474,1540,1145,963,757,521,546,1392,1193,1524,507,1720,193,11,1725,1,5:01,2020,2021
2020-21,203992,Bogdan Bogdanović,Bogdan,1610612737,ATL,Atlanta Hawks,42000207,2021-06-20T00:00:00,ATL @ PHI,W,21.5,2.0,8.0,0.25,0.0,4.0,0.0,0.0,0.0,0.0,0.0,2.0,2.0,2.0,0.0,2.0,0.0,0.0,1.0,1.0,4.0,-8.0,15.4,0,0,12.0,1,1,933,1,967,949,698,1316,957,546,957,839,897,839,853,883,1054,520,963,84,521,546,997,752,1167,1428,959,193,11,1062,1,21:27,2020,2021
2020-21,101150,Lou Williams,Lou,1610612737,ATL,Atlanta Hawks,42000207,2021-06-20T00:00:00,ATL @ PHI,W,11.3,2.0,4.0,0.5,0.0,0.0,0.0,2.0,2.0,1.0,0.0,2.0,2.0,2.0,0.0,3.0,0.0,0.0,2.0,1.0,6.0,1.0,20.4,0,0,16.0,1,1,933,1,1355,949,1121,565,957,1340,957,428,500,1,853,883,1054,520,963,29,521,546,628,752,987,762,780,193,11,901,1,11:19,2020,2021
2020-21,1628989,Kevin Huerter,Kevin,1610612737,ATL,Atlanta Hawks,42000207,2021-06-20T00:00:00,ATL @ PHI,W,39.6,10.0,18.0,0.556,2.0,4.0,0.5,5.0,7.0,0.714,1.0,6.0,7.0,3.0,1.0,1.0,0.0,1.0,4.0,5.0,27.0,8.0,41.9,0,0,41.0,1,1,933,1,180,118,196,482,312,546,246,155,136,603,434,236,300,358,491,264,521,147,120,166,132,372,205,193,11,199,1,39:35,2020,2021
2020-21,201568,Danilo Gallinari,Danilo,1610612737,ATL,Atlanta Hawks,42000207,2021-06-20T00:00:00,ATL @ PHI,W,30.4,6.0,13.0,0.462,3.0,7.0,0.429,2.0,2.0,1.0,1.0,4.0,5.0,2.0,1.0,1.0,0.0,0.0,2.0,3.0,17.0,8.0,28.0,0,0,29.0,1,1,933,1,617,370,364,830,145,196,473,428,500,1,434,454,509,520,491,264,521,546,628,348,381,372,523,193,11,453,1,30:26,2020,2021
2020-21,1630168,Onyeka Okongwu,Onyeka,1610612737,ATL,Atlanta Hawks,42000207,2021-06-20T00:00:00,ATL @ PHI,W,15.7,0.0,1.0,0.0,0.0,0.0,0.0,1.0,2.0,0.5,1.0,2.0,3.0,1.0,0.0,0.0,0.0,1.0,3.0,1.0,1.0,9.0,6.1,0,0,5.0,1,1,933,1,1182,1470,1522,1470,957,1340,957,670,500,675,434,883,832,758,963,757,521,147,326,752,1501,333,1389,193,11,1408,1,15:40,2020,2021
2020-21,1629027,Trae Young,Trae,1610612737,ATL,Atlanta Hawks,42000207,2021-06-20T00:00:00,ATL @ PHI,W,43.0,5.0,23.0,0.217,2.0,11.0,0.182,9.0,11.0,0.818,0.0,3.0,3.0,10.0,6.0,0.0,0.0,1.0,4.0,8.0,21.0,7.0,33.6,1,0,36.0,1,1,933,1,48,474,77,1390,312,39,901,40,36,496,853,648,832,36,11,757,521,147,120,43,246,422,370,1,11,282,1,43:00,2020,2021
2020-21,1628381,John Collins,John,1610612737,ATL,Atlanta Hawks,42000207,2021-06-20T00:00:00,ATL @ PHI,W,41.2,5.0,6.0,0.833,0.0,1.0,0.0,4.0,4.0,1.0,3.0,13.0,16.0,1.0,2.0,1.0,1.0,0.0,4.0,7.0,14.0,7.0,38.7,1,0,35.0,1,1,933,1,109,474,878,109,957,1109,957,202,274,1,99,14,16,758,256,264,152,546,120,74,498,422,263,1,11,304,1,41:12,2020,2021
2020-21,1629027,Trae Young,Trae,1610612737,ATL,Atlanta Hawks,42000206,2021-06-18T00:00:00,ATL vs. PHI,L,40.2,13.0,30.0,0.433,5.0,10.0,0.5,3.0,5.0,0.6,0.0,5.0,5.0,12.0,4.0,3.0,0.0,2.0,4.0,4.0,34.0,7.0,63.0,1,0,62.0,1,933,1,933,157,47,9,907,40,55,246,304,223,652,853,322,509,18,64,29,521,38,120,242,56,422,37,1,11,30,1,40:11,2020,2021
2020-21,203992,Bogdan Bogdanović,Bogdan,1610612737,ATL,Atlanta Hawks,42000206,2021-06-18T00:00:00,ATL vs. PHI,L,28.6,3.0,11.0,0.273,1.0,6.0,0.167,0.0,2.0,0.0,0.0,2.0,2.0,1.0,3.0,2.0,1.0,1.0,2.0,2.0,7.0,0.0,16.9,0,0,17.0,1,933,1,933,698,757,471,1301,569,291,902,839,500,839,853,883,1054,758,139,84,152,147,628,527,920,848,904,193,11,856,1,28:37,2020,2021
2020-21,1628381,John Collins,John,1610612737,ATL,Atlanta Hawks,42000206,2021-06-18T00:00:00,ATL vs. PHI,L,37.1,2.0,8.0,0.25,0.0,3.0,0.0,3.0,3.0,1.0,1.0,9.0,10.0,0.0,2.0,0.0,0.0,0.0,2.0,6.0,7.0,7.0,17.0,0,0,17.0,1,933,1,933,300,949,698,1316,957,711,957,304,420,1,434,85,137,1145,256,757,521,546,628,100,920,422,899,193,11,856,1,37:09,2020,2021
2020-21,203991,Clint Capela,Clint,1610612737,ATL,Atlanta Hawks,42000206,2021-06-18T00:00:00,ATL vs. PHI,L,37.9,6.0,10.0,0.6,0.0,0.0,0.0,2.0,6.0,0.333,3.0,8.0,11.0,1.0,1.0,0.0,0.0,1.0,2.0,5.0,14.0,-1.0,27.7,1,0,26.0,1,933,1,933,265,370,540,362,957,1340,957,428,170,822,99,127,94,758,491,757,521,147,628,166,498,978,531,1,11,548,1,37:54,2020,2021
2020-21,101150,Lou Williams,Lou,1610612737,ATL,Atlanta Hawks,42000206,2021-06-18T00:00:00,ATL vs. PHI,L,11.2,0.0,5.0,0.0,0.0,1.0,0.0,0.0,0.0,0.0,0.0,3.0,3.0,1.0,2.0,0.0,0.0,1.0,3.0,0.0,0.0,-10.0,3.1,0,0,4.0,1,933,1,933,1364,1470,999,1470,957,1109,957,839,897,839,853,648,832,758,256,757,521,147,326,1193,1524,1533,1550,193,11,1461,1,11:11,2020,2021
2020-21,1628989,Kevin Huerter,Kevin,1610612737,ATL,Atlanta Hawks,42000206,2021-06-18T00:00:00,ATL vs. PHI,L,44.2,7.0,15.0,0.467,2.0,6.0,0.333,1.0,2.0,0.5,2.0,9.0,11.0,4.0,0.0,1.0,1.0,0.0,3.0,3.0,17.0,-6.0,42.2,1,0,38.0,1,933,1,933,37,288,279,817,312,291,588,670,500,675,212,85,94,267,963,264,152,546,326,348,381,1316,201,1,11,241,1,44:13,2020,2021
2020-21,1630168,Onyeka Okongwu,Onyeka,1610612737,ATL,Atlanta Hawks,42000206,2021-06-18T00:00:00,ATL vs. PHI,L,9.8,2.0,3.0,0.667,0.0,0.0,0.0,0.0,2.0,0.0,1.0,1.0,2.0,0.0,0.0,0.0,1.0,0.0,0.0,1.0,4.0,-6.0,9.4,0,0,8.0,1,933,1,933,1415,949,1249,219,957,1340,957,839,500,839,434,1157,1054,1145,963,757,152,546,1392,752,1167,1316,1217,193,11,1255,1,9:46,2020,2021
2020-21,201568,Danilo Gallinari,Danilo,1610612737,ATL,Atlanta Hawks,42000206,2021-06-18T00:00:00,ATL vs. PHI,L,23.4,5.0,10.0,0.5,2.0,5.0,0.4,4.0,4.0,1.0,0.0,1.0,1.0,0.0,0.0,0.0,0.0,0.0,4.0,3.0,16.0,-3.0,17.2,0,0,19.0,1,933,1,933,882,474,540,565,312,404,510,202,274,1,853,1157,1289,1145,963,757,521,546,120,348,418,1132,890,193,11,786,1,23:23,2020,2021
2020-21,203524,Solomon Hill,Solomon,1610612737,ATL,Atlanta Hawks,42000206,2021-06-18T00:00:00,ATL vs. PHI,L,7.6,0.0,0.0,0.0,0.0,0.0,0.0,0.0,0.0,0.0,1.0,1.0,2.0,0.0,0.0,0.0,0.0,0.0,2.0,0.0,0.0,-13.0,2.4,0,0,2.0,1,933,1,933,1479,1470,1686,1470,957,1340,957,839,897,839,434,1157,1054,1145,963,757,521,546,628,1193,1524,1637,1594,193,11,1578,1,7:36,2020,2021
2020-21,1628381,John Collins,John,1610612737,ATL,Atlanta Hawks,42000205,2021-06-16T00:00:00,ATL @ PHI,W,36.2,7.0,12.0,0.583,3.0,4.0,0.75,2.0,4.0,0.5,2.0,9.0,11.0,1.0,1.0,0.0,2.0,0.0,1.0,3.0,19.0,-3.0,38.7,1,0,38.0,1,1,933,1,361,288,408,423,145,546,95,428,274,675,212,85,94,758,491,757,49,546,997,348,312,1132,263,1,11,241,1,36:10,2020,2021
2020-21,201568,Danilo Gallinari,Danilo,1610612737,ATL,Atlanta Hawks,42000205,2021-06-16T00:00:00,ATL @ PHI,W,30.4,6.0,10.0,0.6,3.0,4.0,0.75,1.0,2.0,0.5,1.0,7.0,8.0,1.0,1.0,0.0,0.0,0.0,4.0,1.0,16.0,13.0,26.1,0,0,28.0,1,1,933,1,619,370,540,362,145,546,95,670,500,675,434,172,234,758,491,757,521,546,120,752,418,217,579,193,11,478,1,30:22,2020,2021
2020-21,1628989,Kevin Huerter,Kevin,1610612737,ATL,Atlanta Hawks,42000205,2021-06-16T00:00:00,ATL @ PHI,W,27.5,0.0,7.0,0.0,0.0,4.0,0.0,0.0,0.0,0.0,0.0,2.0,2.0,1.0,1.0,0.0,1.0,1.0,4.0,0.0,0.0,-23.0,5.9,0,0,5.0,1,1,933,1,740,1470,796,1470,957,546,957,839,897,839,853,883,1054,758,491,757,152,147,120,1193,1524,1823,1396,193,11,1408,1,27:30,2020,2021
2020-21,1629027,Trae Young,Trae,1610612737,ATL,Atlanta Hawks,42000205,2021-06-16T00:00:00,ATL @ PHI,W,40.3,10.0,23.0,0.435,2.0,6.0,0.333,17.0,19.0,0.895,1.0,0.0,1.0,7.0,2.0,3.0,0.0,2.0,4.0,10.0,39.0,-6.0,57.7,0,0,55.0,1,1,933,1,151,118,77,902,312,291,588,2,3,436,434,1474,1289,112,256,29,521,38,120,12,29,1316,62,193,11,60,1,40:17,2020,2021
2020-21,203503,Tony Snell,Tony,1610612737,ATL,Atlanta Hawks,42000205,2021-06-16T00:00:00,ATL @ PHI,W,2.9,0.0,1.0,0.0,0.0,1.0,0.0,0.0,0.0,0.0,0.0,0.0,0.0,0.0,0.0,1.0,0.0,0.0,0.0,0.0,0.0,-4.0,3.0,0,0,2.0,1,1,933,1,1696,1470,1522,1470,957,1109,957,839,897,839,853,1474,1540,1145,963,264,521,546,1392,1193,1524,1189,1551,193,11,1578,1,2:51,2020,2021
2020-21,203524,Solomon Hill,Solomon,1610612737,ATL,Atlanta Hawks,42000205,2021-06-16T00:00:00,ATL @ PHI,W,12.6,1.0,2.0,0.5,0.0,0.0,0.0,0.0,0.0,0.0,0.0,0.0,0.0,0.0,0.0,0.0,0.0,0.0,1.0,0.0,2.0,13.0,2.0,0,0,2.0,1,1,933,1,1299,1202,1378,565,957,1340,957,839,897,839,853,1474,1540,1145,963,757,521,546,997,1193,1344,217,1622,193,11,1578,1,12:39,2020,2021
2020-21,203992,Bogdan Bogdanović,Bogdan,1610612737,ATL,Atlanta Hawks,42000205,2021-06-16T00:00:00,ATL @ PHI,W,21.4,3.0,9.0,0.333,0.0,4.0,0.0,0.0,0.0,0.0,1.0,2.0,3.0,1.0,2.0,1.0,0.0,0.0,5.0,4.0,6.0,-10.0,12.1,0,0,12.0,1,1,933,1,969,757,619,1124,957,546,957,839,897,839,434,883,832,758,256,264,521,546,26,242,987,1533,1110,193,11,1062,1,21:24,2020,2021
2020-21,101150,Lou Williams,Lou,1610612737,ATL,Atlanta Hawks,42000205,2021-06-16T00:00:00,ATL @ PHI,W,22.6,7.0,11.0,0.636,1.0,3.0,0.333,0.0,0.0,0.0,0.0,2.0,2.0,3.0,2.0,2.0,0.0,1.0,3.0,1.0,15.0,31.0,25.9,0,0,25.0,1,1,933,1,927,288,471,315,569,711,588,839,897,839,853,883,1054,358,256,84,521,147,326,752,448,10,584,193,11,584,1,22:33,2020,2021
2020-21,203991,Clint Capela,Clint,1610612737,ATL,Atlanta Hawks,42000205,2021-06-16T00:00:00,ATL @ PHI,W,38.0,3.0,8.0,0.375,0.0,0.0,0.0,0.0,1.0,0.0,3.0,5.0,8.0,0.0,2.0,2.0,0.0,2.0,5.0,1.0,6.0,-8.0,19.6,0,0,18.0,1,1,933,1,261,757,698,1057,957,1340,957,839,811,839,99,322,234,1145,256,84,521,38,26,752,987,1428,804,193,11,821,1,37:58,2020,2021
2020-21,1630168,Onyeka Okongwu,Onyeka,1610612737,ATL,Atlanta Hawks,42000205,2021-06-16T00:00:00,ATL @ PHI,W,8.3,2.0,2.0,1.0,0.0,0.0,0.0,2.0,2.0,1.0,2.0,3.0,5.0,0.0,0.0,1.0,1.0,0.0,1.0,1.0,6.0,12.0,18.0,0,0,15.0,1,1,933,1,1454,949,1378,1,957,1340,957,428,500,1,212,648,509,1145,963,264,152,546,997,752,987,244,867,193,11,936,1,8:16,2020,2021
2020-21,1629027,Trae Young,Trae,1610612737,ATL,Atlanta Hawks,42000204,2021-06-14T00:00:00,ATL vs. PHI,W,40.0,8.0,26.0,0.308,3.0,11.0,0.273,6.0,8.0,0.75,1.0,3.0,4.0,18.0,2.0,1.0,0.0,4.0,3.0,7.0,25.0,7.0,57.8,1,0,52.0,1,1,933,1,167,210,28,1259,145,39,761,114,98,537,434,648,637,1,256,264,521,6,326,74,164,422,61,1,11,87,1,40:01,2020,2021
2020-21,1630168,Onyeka Okongwu,Onyeka,1610612737,ATL,Atlanta Hawks,42000204,2021-06-14T00:00:00,ATL vs. PHI,W,6.4,1.0,3.0,0.333,0.0,0.0,0.0,2.0,2.0,1.0,1.0,2.0,3.0,0.0,0.0,0.0,2.0,1.0,1.0,1.0,4.0,0.0,13.6,0,0,11.0,1,1,933,1,1523,1202,1249,1124,957,1340,957,428,500,1,434,883,832,1145,963,757,49,147,997,752,1167,848,1035,193,11,1120,1,6:21,2020,2021
2020-21,203503,Tony Snell,Tony,1610612737,ATL,Atlanta Hawks,42000204,2021-06-14T00:00:00,ATL vs. PHI,W,7.7,0.0,3.0,0.0,0.0,3.0,0.0,0.0,0.0,0.0,0.0,0.0,0.0,1.0,0.0,0.0,0.0,0.0,0.0,0.0,0.0,-6.0,1.5,0,0,1.0,1,1,933,1,1473,1470,1249,1470,957,711,957,839,897,839,853,1474,1540,758,963,757,521,546,1392,1193,1524,1316,1644,193,11,1655,1,7:43,2020,2021
2020-21,101150,Lou Williams,Lou,1610612737,ATL,Atlanta Hawks,42000204,2021-06-14T00:00:00,ATL vs. PHI,W,13.6,2.0,5.0,0.4,1.0,2.0,0.5,4.0,4.0,1.0,0.0,2.0,2.0,0.0,0.0,1.0,0.0,0.0,1.0,3.0,9.0,3.0,14.4,0,0,14.0,1,1,933,1,1263,949,999,969,569,888,246,202,274,1,853,883,1054,1145,963,264,521,546,997,348,777,616,993,193,11,978,1,13:35,2020,2021
2020-21,1628381,John Collins,John,1610612737,ATL,Atlanta Hawks,42000204,2021-06-14T00:00:00,ATL vs. PHI,W,36.5,6.0,15.0,0.4,1.0,3.0,0.333,1.0,2.0,0.5,5.0,7.0,12.0,1.0,1.0,1.0,1.0,0.0,3.0,2.0,14.0,9.0,34.9,1,0,32.0,1,1,933,1,334,370,279,969,569,711,588,670,500,675,26,172,69,758,491,264,152,546,326,527,498,333,336,1,11,371,1,36:32,2020,2021
2020-21,201568,Danilo Gallinari,Danilo,1610612737,ATL,Atlanta Hawks,42000204,2021-06-14T00:00:00,ATL vs. PHI,W,22.7,1.0,6.0,0.167,1.0,3.0,0.333,4.0,4.0,1.0,1.0,5.0,6.0,1.0,0.0,0.0,0.0,1.0,2.0,2.0,7.0,8.0,15.7,0,0,15.0,1,1,933,1,920,1202,878,1436,569,711,588,202,274,1,434,322,387,758,963,757,521,147,628,527,920,372,952,193,11,936,1,22:42,2020,2021
2020-21,203992,Bogdan Bogdanović,Bogdan,1610612737,ATL,Atlanta Hawks,42000204,2021-06-14T00:00:00,ATL vs. PHI,W,42.3,9.0,24.0,0.375,4.0,13.0,0.308,0.0,1.0,0.0,0.0,5.0,5.0,0.0,1.0,0.0,0.0,0.0,1.0,2.0,22.0,-1.0,27.0,0,0,31.0,1,1,933,1,67,156,55,1057,74,16,726,839,811,839,853,322,509,1145,491,757,521,546,997,527,217,978,548,193,11,392,1,42:18,2020,2021
2020-21,203991,Clint Capela,Clint,1610612737,ATL,Atlanta Hawks,42000204,2021-06-14T00:00:00,ATL vs. PHI,W,35.4,6.0,9.0,0.667,0.0,0.0,0.0,0.0,0.0,0.0,3.0,10.0,13.0,1.0,0.0,0.0,1.0,0.0,3.0,1.0,12.0,-5.0,32.1,1,0,28.0,1,1,933,1,413,370,619,219,957,1340,957,839,897,839,99,55,41,758,963,757,152,546,326,752,597,1260,411,1,11,478,1,35:21,2020,2021
2020-21,1628989,Kevin Huerter,Kevin,1610612737,ATL,Atlanta Hawks,42000204,2021-06-14T00:00:00,ATL vs. PHI,W,35.4,4.0,10.0,0.4,2.0,5.0,0.4,0.0,0.0,0.0,1.0,3.0,4.0,2.0,0.0,2.0,0.0,0.0,4.0,0.0,10.0,0.0,23.8,0,0,22.0,1,1,933,1,407,606,540,969,312,404,510,839,897,839,434,648,637,520,963,84,521,546,120,1193,713,848,655,193,11,681,1,35:27,2020,2021
2020-21,1630219,Skylar Mays,Skylar,1610612737,ATL,Atlanta Hawks,42000203,2021-06-11T00:00:00,ATL vs. PHI,L,0.8,0.0,0.0,0.0,0.0,0.0,0.0,0.0,0.0,0.0,0.0,0.0,0.0,0.0,0.0,0.0,0.0,0.0,0.0,0.0,0.0,0.0,0.0,0,0,0.0,1,933,1,933,1814,1470,1686,1470,957,1340,957,839,897,839,853,1474,1540,1145,963,757,521,546,1392,1193,1524,848,1720,193,11,1725,1,0:50,2020,2021
2020-21,201568,Danilo Gallinari,Danilo,1610612737,ATL,Atlanta Hawks,42000203,2021-06-11T00:00:00,ATL vs. PHI,L,29.6,4.0,9.0,0.444,0.0,4.0,0.0,9.0,9.0,1.0,0.0,3.0,3.0,0.0,0.0,0.0,0.0,1.0,2.0,5.0,17.0,-7.0,20.6,0,0,20.0,1,933,1,933,650,606,619,873,957,546,957,40,75,1,853,648,832,1145,963,757,521,147,628,166,381,1383,772,193,11,751,1,29:37,2020,2021
2020-21,1628989,Kevin Huerter,Kevin,1610612737,ATL,Atlanta Hawks,42000203,2021-06-11T00:00:00,ATL vs. PHI,L,23.2,1.0,6.0,0.167,1.0,5.0,0.2,0.0,0.0,0.0,0.0,0.0,0.0,1.0,0.0,0.0,0.0,0.0,4.0,0.0,3.0,-12.0,4.5,0,0,5.0,1,933,1,933,893,1202,878,1436,569,404,856,839,897,839,853,1474,1540,758,963,757,521,546,120,1193,1255,1606,1472,193,11,1408,1,23:14,2020,2021
2020-21,203992,Bogdan Bogdanović,Bogdan,1610612737,ATL,Atlanta Hawks,42000203,2021-06-11T00:00:00,ATL vs. PHI,L,39.4,7.0,13.0,0.538,2.0,5.0,0.4,3.0,4.0,0.75,1.0,3.0,4.0,1.0,4.0,1.0,0.0,0.0,3.0,2.0,19.0,-3.0,24.3,0,0,28.0,1,933,1,933,190,288,364,526,312,404,510,304,274,537,434,648,637,758,64,264,521,546,326,527,312,1132,631,193,11,478,1,39:24,2020,2021
2020-21,203524,Solomon Hill,Solomon,1610612737,ATL,Atlanta Hawks,42000203,2021-06-11T00:00:00,ATL vs. PHI,L,14.2,0.0,2.0,0.0,0.0,1.0,0.0,1.0,2.0,0.5,0.0,1.0,1.0,0.0,1.0,0.0,0.0,0.0,3.0,1.0,1.0,-5.0,1.2,0,0,2.0,1,933,1,933,1243,1470,1378,1470,957,1109,957,670,500,675,853,1157,1289,1145,491,757,521,546,326,752,1501,1260,1665,193,11,1578,1,14:13,2020,2021
2020-21,1629027,Trae Young,Trae,1610612737,ATL,Atlanta Hawks,42000203,2021-06-11T00:00:00,ATL vs. PHI,L,36.7,9.0,17.0,0.529,3.0,6.0,0.5,7.0,8.0,0.875,0.0,0.0,0.0,8.0,3.0,2.0,0.0,0.0,4.0,10.0,28.0,-10.0,43.0,0,0,43.0,1,933,1,933,324,156,215,545,145,291,246,83,98,442,853,1474,1540,82,139,84,521,546,120,12,120,1533,191,193,11,167,1,36:44,2020,2021
2020-21,1628981,Bruno Fernando,Bruno,1610612737,ATL,Atlanta Hawks,42000203,2021-06-11T00:00:00,ATL vs. PHI,L,0.8,1.0,1.0,1.0,0.0,0.0,0.0,0.0,0.0,0.0,1.0,0.0,1.0,0.0,0.0,0.0,0.0,0.0,0.0,0.0,2.0,0.0,3.2,0,0,3.0,1,933,1,933,1814,1202,1522,1,957,1340,957,839,897,839,434,1474,1289,1145,963,757,521,546,1392,1193,1344,848,1535,193,11,1536,1,0:50,2020,2021
2020-21,1628381,John Collins,John,1610612737,ATL,Atlanta Hawks,42000203,2021-06-11T00:00:00,ATL vs. PHI,L,33.1,10.0,14.0,0.714,0.0,2.0,0.0,3.0,3.0,1.0,3.0,4.0,7.0,0.0,3.0,0.0,0.0,0.0,5.0,4.0,23.0,-3.0,28.4,0,0,30.0,1,933,1,933,511,118,320,189,957,888,957,304,420,1,99,454,300,1145,139,757,521,546,26,242,196,1132,510,193,11,423,1,33:08,2020,2021
2020-21,203991,Clint Capela,Clint,1610612737,ATL,Atlanta Hawks,42000203,2021-06-11T00:00:00,ATL vs. PHI,L,28.1,3.0,8.0,0.375,0.0,0.0,0.0,2.0,4.0,0.5,6.0,10.0,16.0,2.0,0.0,2.0,1.0,1.0,3.0,3.0,8.0,-12.0,39.2,0,0,32.0,1,933,1,933,718,757,698,1057,957,1340,957,428,274,675,14,55,16,520,963,84,152,147,326,348,836,1606,254,193,11,371,1,28:03,2020,2021
2020-21,1630168,Onyeka Okongwu,Onyeka,1610612737,ATL,Atlanta Hawks,42000203,2021-06-11T00:00:00,ATL vs. PHI,L,8.9,1.0,4.0,0.25,0.0,0.0,0.0,0.0,0.0,0.0,0.0,2.0,2.0,0.0,0.0,0.0,0.0,2.0,1.0,0.0,2.0,-8.0,4.4,0,0,4.0,1,933,1,933,1443,1202,1121,1316,957,1340,957,839,897,839,853,883,1054,1145,963,757,521,38,997,1193,1344,1428,1475,193,11,1461,1,8:51,2020,2021
2020-21,203503,Tony Snell,Tony,1610612737,ATL,Atlanta Hawks,42000203,2021-06-11T00:00:00,ATL vs. PHI,L,11.8,0.0,1.0,0.0,0.0,0.0,0.0,0.0,0.0,0.0,0.0,1.0,1.0,0.0,0.0,0.0,0.0,0.0,3.0,0.0,0.0,-14.0,1.2,0,0,1.0,1,933,1,933,1338,1470,1522,1470,957,1340,957,839,897,839,853,1157,1289,1145,963,757,521,546,326,1193,1524,1664,1665,193,11,1655,1,11:51,2020,2021
2020-21,101150,Lou Williams,Lou,1610612737,ATL,Atlanta Hawks,42000203,2021-06-11T00:00:00,ATL vs. PHI,L,13.3,3.0,7.0,0.429,0.0,0.0,0.0,2.0,2.0,1.0,0.0,1.0,1.0,3.0,0.0,1.0,0.0,0.0,0.0,1.0,8.0,-6.0,16.7,0,0,14.0,1,933,1,933,1270,757,796,908,957,1340,957,428,500,1,853,1157,1289,358,963,264,521,546,1392,752,836,1316,910,193,11,978,1,13:16,2020,2021
2020-21,101150,Lou Williams,Lou,1610612737,ATL,Atlanta Hawks,42000202,2021-06-08T00:00:00,ATL @ PHI,L,15.2,1.0,3.0,0.333,0.0,0.0,0.0,4.0,4.0,1.0,1.0,0.0,1.0,1.0,3.0,0.0,0.0,0.0,0.0,4.0,6.0,-11.0,5.7,0,0,8.0,1,933,1,933,1198,1202,1249,1124,957,1340,957,202,274,1,434,1474,1289,758,139,757,521,546,1392,242,987,1570,1402,193,11,1255,1,15:09,2020,2021
2020-21,203991,Clint Capela,Clint,1610612737,ATL,Atlanta Hawks,42000202,2021-06-08T00:00:00,ATL @ PHI,L,27.6,5.0,7.0,0.714,0.0,0.0,0.0,0.0,0.0,0.0,3.0,5.0,8.0,1.0,3.0,0.0,0.0,0.0,5.0,0.0,10.0,-25.0,18.1,0,0,19.0,1,933,1,933,735,474,796,189,957,1340,957,839,897,839,99,322,234,758,139,757,521,546,26,1193,713,1838,858,193,11,786,1,27:37,2020,2021
2020-21,1630168,Onyeka Okongwu,Onyeka,1610612737,ATL,Atlanta Hawks,42000202,2021-06-08T00:00:00,ATL @ PHI,L,5.9,0.0,1.0,0.0,0.0,0.0,0.0,0.0,0.0,0.0,1.0,1.0,2.0,0.0,0.0,0.0,1.0,1.0,2.0,0.0,0.0,0.0,5.4,0,0,4.0,1,933,1,933,1545,1470,1522,1470,957,1340,957,839,897,839,434,1157,1054,1145,963,757,152,147,628,1193,1524,848,1418,193,11,1461,1,5:52,2020,2021
2020-21,1630219,Skylar Mays,Skylar,1610612737,ATL,Atlanta Hawks,42000202,2021-06-08T00:00:00,ATL @ PHI,L,1.6,0.0,0.0,0.0,0.0,0.0,0.0,0.0,0.0,0.0,0.0,0.0,0.0,0.0,0.0,0.0,0.0,0.0,0.0,0.0,0.0,0.0,0.0,0,0,0.0,1,933,1,933,1745,1470,1686,1470,957,1340,957,839,897,839,853,1474,1540,1145,963,757,521,546,1392,1193,1524,848,1720,193,11,1725,1,1:38,2020,2021
2020-21,203524,Solomon Hill,Solomon,1610612737,ATL,Atlanta Hawks,42000202,2021-06-08T00:00:00,ATL @ PHI,L,8.2,0.0,2.0,0.0,0.0,2.0,0.0,0.0,0.0,0.0,0.0,2.0,2.0,0.0,0.0,0.0,0.0,0.0,0.0,1.0,0.0,-18.0,2.4,0,0,2.0,1,933,1,933,1459,1470,1378,1470,957,888,957,839,897,839,853,883,1054,1145,963,757,521,546,1392,752,1524,1769,1594,193,11,1578,1,8:10,2020,2021
2020-21,1628989,Kevin Huerter,Kevin,1610612737,ATL,Atlanta Hawks,42000202,2021-06-08T00:00:00,ATL @ PHI,L,35.6,8.0,10.0,0.8,3.0,5.0,0.6,1.0,1.0,1.0,0.0,2.0,2.0,2.0,4.0,0.0,2.0,0.0,2.0,2.0,20.0,4.0,27.4,0,0,31.0,1,933,1,933,394,210,540,116,145,404,177,670,811,1,853,883,1054,520,64,757,49,546,628,527,283,558,536,193,11,392,1,35:38,2020,2021
2020-21,1628381,John Collins,John,1610612737,ATL,Atlanta Hawks,42000202,2021-06-08T00:00:00,ATL @ PHI,L,34.8,4.0,11.0,0.364,0.0,1.0,0.0,0.0,0.0,0.0,4.0,6.0,10.0,1.0,1.0,0.0,2.0,1.0,6.0,2.0,8.0,-9.0,26.5,0,0,23.0,1,933,1,933,439,606,471,1093,957,1109,957,839,897,839,45,236,137,758,491,757,49,147,1,527,836,1494,561,193,11,646,1,34:51,2020,2021
2020-21,1628981,Bruno Fernando,Bruno,1610612737,ATL,Atlanta Hawks,42000202,2021-06-08T00:00:00,ATL @ PHI,L,1.6,0.0,0.0,0.0,0.0,0.0,0.0,0.0,0.0,0.0,0.0,0.0,0.0,0.0,0.0,0.0,0.0,0.0,0.0,0.0,0.0,0.0,0.0,0,0,0.0,1,933,1,933,1745,1470,1686,1470,957,1340,957,839,897,839,853,1474,1540,1145,963,757,521,546,1392,1193,1524,848,1720,193,11,1725,1,1:38,2020,2021
2020-21,201568,Danilo Gallinari,Danilo,1610612737,ATL,Atlanta Hawks,42000202,2021-06-08T00:00:00,ATL @ PHI,L,26.0,7.0,15.0,0.467,5.0,9.0,0.556,2.0,2.0,1.0,0.0,9.0,9.0,2.0,0.0,0.0,0.0,1.0,2.0,2.0,21.0,2.0,34.8,0,0,37.0,1,933,1,933,791,288,279,817,40,80,233,428,500,1,853,85,182,520,963,757,521,147,628,527,246,682,340,193,11,260,1,26:02,2020,2021
2020-21,1629027,Trae Young,Trae,1610612737,ATL,Atlanta Hawks,42000202,2021-06-08T00:00:00,ATL @ PHI,L,37.8,6.0,16.0,0.375,1.0,7.0,0.143,8.0,9.0,0.889,1.0,2.0,3.0,11.0,4.0,1.0,0.0,4.0,1.0,6.0,21.0,-11.0,40.1,1,0,38.0,1,933,1,933,268,370,241,1057,569,196,924,65,75,438,434,883,832,24,64,264,521,6,997,100,246,1570,236,1,11,241,1,37:50,2020,2021
2020-21,1630233,Nathan Knight,Nathan,1610612737,ATL,Atlanta Hawks,42000202,2021-06-08T00:00:00,ATL @ PHI,L,1.6,1.0,1.0,1.0,0.0,0.0,0.0,0.0,2.0,0.0,0.0,1.0,1.0,0.0,0.0,0.0,0.0,0.0,0.0,1.0,2.0,0.0,3.2,0,0,3.0,1,933,1,933,1745,1202,1522,1,957,1340,957,839,500,839,853,1157,1289,1145,963,757,521,546,1392,752,1344,848,1535,193,11,1536,1,1:38,2020,2021
2020-21,203503,Tony Snell,Tony,1610612737,ATL,Atlanta Hawks,42000202,2021-06-08T00:00:00,ATL @ PHI,L,2.7,0.0,1.0,0.0,0.0,0.0,0.0,0.0,0.0,0.0,0.0,0.0,0.0,0.0,0.0,0.0,0.0,0.0,0.0,0.0,0.0,-2.0,0.0,0,0,0.0,1,933,1,933,1703,1470,1522,1470,957,1340,957,839,897,839,853,1474,1540,1145,963,757,521,546,1392,1193,1524,1049,1720,193,11,1725,1,2:43,2020,2021
2020-21,203992,Bogdan Bogdanović,Bogdan,1610612737,ATL,Atlanta Hawks,42000202,2021-06-08T00:00:00,ATL @ PHI,L,41.2,6.0,16.0,0.375,2.0,6.0,0.333,0.0,0.0,0.0,2.0,5.0,7.0,2.0,2.0,1.0,0.0,1.0,3.0,0.0,14.0,-10.0,26.4,0,0,27.0,1,933,1,933,107,370,241,1057,312,291,588,839,897,839,212,322,300,520,256,264,521,147,326,1193,498,1533,565,193,11,514,1,41:14,2020,2021
2020-21,203503,Tony Snell,Tony,1610612737,ATL,Atlanta Hawks,42000201,2021-06-06T00:00:00,ATL @ PHI,W,3.9,0.0,1.0,0.0,0.0,1.0,0.0,0.0,0.0,0.0,0.0,0.0,0.0,0.0,0.0,0.0,0.0,0.0,0.0,0.0,0.0,9.0,0.0,0,0,0.0,1,1,933,1,1647,1470,1522,1470,957,1109,957,839,897,839,853,1474,1540,1145,963,757,521,546,1392,1193,1524,333,1720,193,11,1725,1,3:55,2020,2021
2020-21,203524,Solomon Hill,Solomon,1610612737,ATL,Atlanta Hawks,42000201,2021-06-06T00:00:00,ATL @ PHI,W,25.0,2.0,7.0,0.286,2.0,7.0,0.286,0.0,0.0,0.0,0.0,3.0,3.0,0.0,0.0,1.0,1.0,0.0,4.0,1.0,6.0,-10.0,15.6,0,0,15.0,1,1,933,1,828,949,796,1275,312,196,734,839,897,839,853,648,832,1145,963,264,152,546,120,752,987,1533,955,193,11,936,1,24:59,2020,2021
2020-21,203992,Bogdan Bogdanović,Bogdan,1610612737,ATL,Atlanta Hawks,42000201,2021-06-06T00:00:00,ATL @ PHI,W,36.1,7.0,17.0,0.412,5.0,12.0,0.417,2.0,2.0,1.0,0.0,4.0,4.0,5.0,3.0,1.0,0.0,0.0,3.0,3.0,21.0,0.0,33.3,0,0,37.0,1,1,933,1,374,288,215,962,40,22,506,428,500,1,853,454,637,197,139,264,521,546,326,348,246,848,375,193,11,260,1,36:04,2020,2021
2020-21,1628381,John Collins,John,1610612737,ATL,Atlanta Hawks,42000201,2021-06-06T00:00:00,ATL @ PHI,W,33.9,7.0,9.0,0.778,3.0,4.0,0.75,4.0,4.0,1.0,1.0,3.0,4.0,2.0,3.0,2.0,0.0,1.0,4.0,3.0,21.0,-12.0,31.8,0,0,34.0,1,1,933,1,480,288,619,132,145,546,95,202,274,1,434,648,637,520,139,84,521,147,120,348,246,1606,420,193,11,329,1,33:52,2020,2021
2020-21,1628989,Kevin Huerter,Kevin,1610612737,ATL,Atlanta Hawks,42000201,2021-06-06T00:00:00,ATL @ PHI,W,28.8,6.0,9.0,0.667,3.0,6.0,0.5,0.0,0.0,0.0,0.0,5.0,5.0,4.0,1.0,1.0,0.0,1.0,3.0,2.0,15.0,8.0,29.0,0,0,29.0,1,1,933,1,687,370,619,219,145,291,246,839,897,839,853,322,509,267,491,264,521,147,326,527,448,372,491,193,11,453,1,28:51,2020,2021
2020-21,101150,Lou Williams,Lou,1610612737,ATL,Atlanta Hawks,42000201,2021-06-06T00:00:00,ATL @ PHI,W,11.1,3.0,6.0,0.5,2.0,4.0,0.5,0.0,0.0,0.0,0.0,2.0,2.0,1.0,1.0,0.0,0.0,0.0,0.0,1.0,8.0,16.0,10.9,0,0,13.0,1,1,933,1,1371,757,878,565,312,546,246,839,897,839,853,883,1054,758,491,757,521,546,1392,752,836,138,1153,193,11,1018,1,11:05,2020,2021
2020-21,203991,Clint Capela,Clint,1610612737,ATL,Atlanta Hawks,42000201,2021-06-06T00:00:00,ATL @ PHI,W,32.4,5.0,9.0,0.556,0.0,0.0,0.0,1.0,2.0,0.5,2.0,8.0,10.0,0.0,1.0,1.0,1.0,1.0,5.0,3.0,11.0,-4.0,28.0,1,0,25.0,1,1,933,1,544,474,619,482,957,1340,957,670,500,675,212,127,137,1145,491,264,152,147,26,348,649,1189,523,1,11,584,1,32:26,2020,2021
2020-21,1629027,Trae Young,Trae,1610612737,ATL,Atlanta Hawks,42000201,2021-06-06T00:00:00,ATL @ PHI,W,39.0,11.0,23.0,0.478,4.0,11.0,0.364,9.0,9.0,1.0,0.0,2.0,2.0,10.0,4.0,2.0,0.0,2.0,3.0,6.0,35.0,-11.0,54.4,1,0,55.0,1,1,933,1,206,82,77,802,74,39,582,40,75,1,853,883,1054,36,64,84,521,38,326,100,53,1570,78,1,11,60,1,39:01,2020,2021
2020-21,201568,Danilo Gallinari,Danilo,1610612737,ATL,Atlanta Hawks,42000201,2021-06-06T00:00:00,ATL @ PHI,W,17.9,2.0,4.0,0.5,1.0,2.0,0.5,4.0,4.0,1.0,0.0,2.0,2.0,0.0,1.0,0.0,0.0,0.0,0.0,2.0,9.0,11.0,10.4,0,0,12.0,1,1,933,1,1101,949,1121,565,569,888,246,202,274,1,853,883,1054,1145,491,757,521,546,1392,527,777,275,1178,193,11,1062,1,17:53,2020,2021
2020-21,1630168,Onyeka Okongwu,Onyeka,1610612737,ATL,Atlanta Hawks,42000201,2021-06-06T00:00:00,ATL @ PHI,W,11.9,1.0,1.0,1.0,0.0,0.0,0.0,0.0,0.0,0.0,0.0,3.0,3.0,1.0,1.0,2.0,1.0,0.0,4.0,1.0,2.0,13.0,15.1,0,0,12.0,1,1,933,1,1333,1202,1522,1,957,1340,957,839,897,839,853,648,832,758,491,84,152,546,120,752,1344,217,971,193,11,1062,1,11:54,2020,2021
2020-21,1630168,Onyeka Okongwu,Onyeka,1610612737,ATL,Atlanta Hawks,42000135,2021-06-02T00:00:00,ATL @ NYK,W,6.2,1.0,1.0,1.0,0.0,0.0,0.0,0.0,0.0,0.0,4.0,0.0,4.0,0.0,0.0,0.0,2.0,0.0,1.0,1.0,2.0,2.0,12.8,0,0,10.0,1,1,933,1,1525,1202,1522,1,957,1340,957,839,897,839,45,1474,637,1145,963,757,49,546,997,752,1344,682,1073,193,11,1150,1,6:13,2020,2021
2020-21,1629027,Trae Young,Trae,1610612737,ATL,Atlanta Hawks,42000135,2021-06-02T00:00:00,ATL @ NYK,W,41.2,10.0,28.0,0.357,3.0,11.0,0.273,13.0,15.0,0.867,1.0,3.0,4.0,9.0,4.0,2.0,0.0,2.0,0.0,7.0,36.0,16.0,56.3,0,0,56.0,1,1,933,1,105,118,19,1109,145,39,761,8,14,456,434,648,637,55,64,84,521,38,1392,74,47,138,69,193,11,54,1,41:14,2020,2021
2020-21,1628989,Kevin Huerter,Kevin,1610612737,ATL,Atlanta Hawks,42000135,2021-06-02T00:00:00,ATL @ NYK,W,20.1,3.0,8.0,0.375,2.0,6.0,0.333,0.0,0.0,0.0,0.0,3.0,3.0,1.0,4.0,0.0,1.0,0.0,1.0,0.0,8.0,-3.0,12.1,0,0,16.0,1,1,933,1,1019,757,698,1057,312,291,588,839,897,839,853,648,832,758,64,757,152,546,997,1193,836,1132,1110,193,11,901,1,20:03,2020,2021
2020-21,203992,Bogdan Bogdanović,Bogdan,1610612737,ATL,Atlanta Hawks,42000135,2021-06-02T00:00:00,ATL @ NYK,W,34.9,4.0,11.0,0.364,1.0,7.0,0.143,0.0,0.0,0.0,1.0,6.0,7.0,5.0,0.0,2.0,1.0,0.0,4.0,1.0,9.0,16.0,33.9,0,0,28.0,1,1,933,1,436,606,471,1093,569,196,924,839,897,839,434,236,300,197,963,84,152,546,120,752,777,138,361,193,11,478,1,34:55,2020,2021
2020-21,1629631,De'Andre Hunter,De'Andre,1610612737,ATL,Atlanta Hawks,42000135,2021-06-02T00:00:00,ATL @ NYK,W,34.5,6.0,11.0,0.545,1.0,1.0,1.0,2.0,4.0,0.5,2.0,1.0,3.0,1.0,2.0,1.0,1.0,2.0,1.0,4.0,15.0,19.0,24.1,0,0,24.0,1,1,933,1,457,370,471,508,569,1109,1,428,274,675,212,1157,832,758,256,264,152,38,997,242,448,84,643,193,11,615,1,34:30,2020,2021
2020-21,1628381,John Collins,John,1610612737,ATL,Atlanta Hawks,42000135,2021-06-02T00:00:00,ATL @ NYK,W,35.2,5.0,9.0,0.556,1.0,4.0,0.25,2.0,3.0,0.667,1.0,6.0,7.0,0.0,0.0,0.0,1.0,0.0,2.0,4.0,13.0,13.0,24.4,0,0,23.0,1,1,933,1,423,474,619,482,569,546,767,428,420,611,434,236,300,1145,963,757,152,546,628,242,551,217,626,193,11,646,1,35:11,2020,2021
2020-21,201568,Danilo Gallinari,Danilo,1610612737,ATL,Atlanta Hawks,42000135,2021-06-02T00:00:00,ATL @ NYK,W,17.8,0.0,7.0,0.0,0.0,1.0,0.0,1.0,2.0,0.5,0.0,2.0,2.0,0.0,1.0,1.0,0.0,0.0,3.0,3.0,1.0,-8.0,5.4,0,0,5.0,1,1,933,1,1107,1470,796,1470,957,1109,957,670,500,675,853,883,1054,1145,491,264,521,546,326,348,1501,1428,1418,193,11,1408,1,17:47,2020,2021
2020-21,101150,Lou Williams,Lou,1610612737,ATL,Atlanta Hawks,42000135,2021-06-02T00:00:00,ATL @ NYK,W,6.8,2.0,4.0,0.5,1.0,3.0,0.333,0.0,0.0,0.0,0.0,2.0,2.0,1.0,0.0,0.0,0.0,0.0,1.0,0.0,5.0,-2.0,8.9,0,0,9.0,1,1,933,1,1509,949,1121,565,569,711,588,839,897,839,853,883,1054,758,963,757,521,546,997,1193,1075,1049,1247,193,11,1204,1,6:46,2020,2021
2020-21,203991,Clint Capela,Clint,1610612737,ATL,Atlanta Hawks,42000135,2021-06-02T00:00:00,ATL @ NYK,W,36.8,6.0,7.0,0.857,0.0,0.0,0.0,2.0,2.0,1.0,5.0,10.0,15.0,0.0,0.0,1.0,2.0,0.0,3.0,2.0,14.0,21.0,41.0,1,0,35.0,1,1,933,1,320,370,796,105,957,1340,957,428,500,1,26,55,23,1145,963,264,49,546,326,527,498,67,217,1,11,304,1,36:49,2020,2021
2020-21,203524,Solomon Hill,Solomon,1610612737,ATL,Atlanta Hawks,42000135,2021-06-02T00:00:00,ATL @ NYK,W,6.5,0.0,1.0,0.0,0.0,1.0,0.0,0.0,0.0,0.0,0.0,1.0,1.0,0.0,0.0,0.0,0.0,0.0,0.0,0.0,0.0,-4.0,1.2,0,0,1.0,1,1,933,1,1518,1470,1522,1470,957,1109,957,839,897,839,853,1157,1289,1145,963,757,521,546,1392,1193,1524,1189,1665,193,11,1655,1,6:32,2020,2021
2020-21,201568,Danilo Gallinari,Danilo,1610612737,ATL,Atlanta Hawks,42000134,2021-05-30T00:00:00,ATL vs. NYK,W,25.3,6.0,9.0,0.667,1.0,4.0,0.25,8.0,8.0,1.0,0.0,4.0,4.0,1.0,0.0,0.0,1.0,0.0,2.0,4.0,21.0,17.0,30.3,0,0,29.0,1,1,933,1,820,370,619,219,569,546,767,65,98,1,853,454,637,758,963,757,152,546,628,242,246,121,459,193,11,453,1,25:18,2020,2021
2020-21,203524,Solomon Hill,Solomon,1610612737,ATL,Atlanta Hawks,42000134,2021-05-30T00:00:00,ATL vs. NYK,W,7.0,1.0,2.0,0.5,1.0,1.0,1.0,0.0,0.0,0.0,1.0,1.0,2.0,1.0,0.0,0.0,0.0,0.0,1.0,0.0,3.0,-10.0,6.9,0,0,7.0,1,1,933,1,1492,1202,1378,565,569,1109,1,839,897,839,434,1157,1054,758,963,757,521,546,997,1193,1255,1533,1342,193,11,1307,1,7:02,2020,2021
2020-21,1630168,Onyeka Okongwu,Onyeka,1610612737,ATL,Atlanta Hawks,42000134,2021-05-30T00:00:00,ATL vs. NYK,W,11.0,0.0,2.0,0.0,0.0,0.0,0.0,2.0,2.0,1.0,2.0,1.0,3.0,0.0,1.0,0.0,0.0,0.0,3.0,1.0,2.0,-8.0,4.6,0,0,5.0,1,1,933,1,1376,1470,1378,1470,957,1340,957,428,500,1,212,1157,832,1145,491,757,521,546,326,752,1344,1428,1470,193,11,1408,1,10:58,2020,2021
2020-21,101150,Lou Williams,Lou,1610612737,ATL,Atlanta Hawks,42000134,2021-05-30T00:00:00,ATL vs. NYK,W,10.6,0.0,3.0,0.0,0.0,0.0,0.0,0.0,0.0,0.0,0.0,0.0,0.0,3.0,0.0,1.0,0.0,0.0,0.0,1.0,0.0,11.0,7.5,0,0,5.0,1,1,933,1,1390,1470,1249,1470,957,1340,957,839,897,839,853,1474,1540,358,963,264,521,546,1392,752,1524,275,1316,193,11,1408,1,10:39,2020,2021
2020-21,1628989,Kevin Huerter,Kevin,1610612737,ATL,Atlanta Hawks,42000134,2021-05-30T00:00:00,ATL vs. NYK,W,24.5,4.0,7.0,0.571,3.0,5.0,0.6,0.0,0.0,0.0,0.0,3.0,3.0,1.0,0.0,0.0,0.0,0.0,4.0,0.0,11.0,13.0,16.1,0,0,18.0,1,1,933,1,842,606,796,441,145,404,177,839,897,839,853,648,832,758,963,757,521,546,120,1193,649,217,935,193,11,821,1,24:31,2020,2021
2020-21,203991,Clint Capela,Clint,1610612737,ATL,Atlanta Hawks,42000134,2021-05-30T00:00:00,ATL vs. NYK,W,28.1,4.0,6.0,0.667,0.0,0.0,0.0,2.0,4.0,0.5,3.0,12.0,15.0,2.0,2.0,0.0,0.0,0.0,1.0,2.0,10.0,19.0,29.0,1,0,27.0,1,1,933,1,717,606,878,219,957,1340,957,428,274,675,99,21,23,520,256,757,521,546,997,527,713,84,491,1,11,514,1,28:04,2020,2021
2020-21,1630233,Nathan Knight,Nathan,1610612737,ATL,Atlanta Hawks,42000134,2021-05-30T00:00:00,ATL vs. NYK,W,3.1,0.0,2.0,0.0,0.0,1.0,0.0,0.0,0.0,0.0,0.0,1.0,1.0,0.0,0.0,0.0,0.0,1.0,1.0,0.0,0.0,-9.0,1.2,0,0,1.0,1,1,933,1,1686,1470,1378,1470,957,1109,957,839,897,839,853,1157,1289,1145,963,757,521,147,997,1193,1524,1494,1665,193,11,1655,1,3:05,2020,2021
2020-21,1627739,Kris Dunn,Kris,1610612737,ATL,Atlanta Hawks,42000134,2021-05-30T00:00:00,ATL vs. NYK,W,2.8,0.0,1.0,0.0,0.0,0.0,0.0,0.0,0.0,0.0,0.0,1.0,1.0,0.0,0.0,0.0,0.0,0.0,0.0,0.0,0.0,-7.0,1.2,0,0,1.0,1,1,933,1,1697,1470,1522,1470,957,1340,957,839,897,839,853,1157,1289,1145,963,757,521,546,1392,1193,1524,1383,1665,193,11,1655,1,2:48,2020,2021
2020-21,1630219,Skylar Mays,Skylar,1610612737,ATL,Atlanta Hawks,42000134,2021-05-30T00:00:00,ATL vs. NYK,W,3.1,0.0,1.0,0.0,0.0,0.0,0.0,0.0,0.0,0.0,0.0,0.0,0.0,0.0,1.0,0.0,0.0,0.0,0.0,0.0,0.0,-9.0,-1.0,0,0,0.0,1,1,933,1,1686,1470,1522,1470,957,1340,957,839,897,839,853,1474,1540,1145,491,757,521,546,1392,1193,1524,1494,1858,193,11,1725,1,3:05,2020,2021
2020-21,203992,Bogdan Bogdanović,Bogdan,1610612737,ATL,Atlanta Hawks,42000134,2021-05-30T00:00:00,ATL vs. NYK,W,34.8,4.0,11.0,0.364,4.0,9.0,0.444,0.0,0.0,0.0,1.0,7.0,8.0,6.0,2.0,2.0,0.0,0.0,2.0,0.0,12.0,29.0,34.6,0,0,34.0,1,1,933,1,441,606,471,1093,74,80,461,839,897,839,434,172,234,150,256,84,521,546,628,1193,597,18,344,193,11,329,1,34:47,2020,2021
2020-21,1628381,John Collins,John,1610612737,ATL,Atlanta Hawks,42000134,2021-05-30T00:00:00,ATL vs. NYK,W,28.6,6.0,10.0,0.6,2.0,3.0,0.667,8.0,8.0,1.0,2.0,6.0,8.0,1.0,0.0,0.0,0.0,1.0,2.0,6.0,22.0,15.0,33.1,0,0,33.0,1,1,933,1,700,370,540,362,312,711,118,65,98,1,212,236,234,758,963,757,521,147,628,100,217,159,380,193,11,349,1,28:35,2020,2021
2020-21,1629027,Trae Young,Trae,1610612737,ATL,Atlanta Hawks,42000134,2021-05-30T00:00:00,ATL vs. NYK,W,33.2,9.0,21.0,0.429,4.0,14.0,0.286,5.0,5.0,1.0,0.0,1.0,1.0,9.0,2.0,1.0,0.0,0.0,3.0,3.0,27.0,17.0,42.7,0,0,43.0,1,1,933,1,507,156,123,908,74,10,734,155,223,1,853,1157,1289,55,256,264,521,546,326,348,132,121,195,193,11,167,1,33:12,2020,2021
2020-21,1629631,De'Andre Hunter,De'Andre,1610612737,ATL,Atlanta Hawks,42000134,2021-05-30T00:00:00,ATL vs. NYK,W,27.9,2.0,7.0,0.286,0.0,2.0,0.0,1.0,1.0,1.0,0.0,2.0,2.0,0.0,2.0,0.0,1.0,0.0,3.0,3.0,5.0,7.0,8.4,0,0,9.0,1,1,933,1,726,949,796,1275,957,888,957,670,811,1,853,883,1054,1145,256,757,152,546,326,348,1075,422,1268,193,11,1204,1,27:56,2020,2021
2020-21,201568,Danilo Gallinari,Danilo,1610612737,ATL,Atlanta Hawks,42000133,2021-05-28T00:00:00,ATL vs. NYK,W,23.7,4.0,8.0,0.5,4.0,4.0,1.0,0.0,0.0,0.0,0.0,4.0,4.0,1.0,1.0,1.0,0.0,0.0,4.0,2.0,12.0,3.0,20.3,0,0,23.0,1,1,933,1,872,606,698,565,74,546,1,839,897,839,853,454,637,758,491,264,521,546,120,527,597,616,782,193,11,646,1,23:43,2020,2021
2020-21,1630168,Onyeka Okongwu,Onyeka,1610612737,ATL,Atlanta Hawks,42000133,2021-05-28T00:00:00,ATL vs. NYK,W,5.8,0.0,0.0,0.0,0.0,0.0,0.0,0.0,0.0,0.0,0.0,2.0,2.0,0.0,1.0,0.0,1.0,0.0,2.0,0.0,0.0,-3.0,4.4,0,0,4.0,1,1,933,1,1548,1470,1686,1470,957,1340,957,839,897,839,853,883,1054,1145,491,757,152,546,628,1193,1524,1132,1475,193,11,1461,1,5:49,2020,2021
2020-21,1628381,John Collins,John,1610612737,ATL,Atlanta Hawks,42000133,2021-05-28T00:00:00,ATL vs. NYK,W,30.6,6.0,11.0,0.545,2.0,5.0,0.4,0.0,0.0,0.0,0.0,6.0,6.0,2.0,0.0,0.0,0.0,1.0,4.0,3.0,14.0,10.0,24.2,0,0,24.0,1,1,933,1,608,370,471,508,312,404,510,839,897,839,853,236,387,520,963,757,521,147,120,348,498,303,636,193,11,615,1,30:35,2020,2021
2020-21,203992,Bogdan Bogdanović,Bogdan,1610612737,ATL,Atlanta Hawks,42000133,2021-05-28T00:00:00,ATL vs. NYK,W,39.2,6.0,12.0,0.5,3.0,4.0,0.75,0.0,0.0,0.0,1.0,7.0,8.0,3.0,1.0,1.0,0.0,0.0,4.0,2.0,15.0,11.0,31.1,0,0,31.0,1,1,933,1,201,370,408,565,145,546,95,839,897,839,434,172,234,358,491,264,521,546,120,527,448,275,431,193,11,392,1,39:12,2020,2021
2020-21,203991,Clint Capela,Clint,1610612737,ATL,Atlanta Hawks,42000133,2021-05-28T00:00:00,ATL vs. NYK,W,33.9,6.0,8.0,0.75,0.0,0.0,0.0,1.0,2.0,0.5,2.0,10.0,12.0,2.0,1.0,0.0,2.0,0.0,2.0,2.0,13.0,15.0,35.4,1,0,31.0,1,1,933,1,478,370,698,144,957,1340,957,670,500,675,212,55,69,520,491,757,49,546,628,527,551,159,326,1,11,392,1,33:54,2020,2021
2020-21,101150,Lou Williams,Lou,1610612737,ATL,Atlanta Hawks,42000133,2021-05-28T00:00:00,ATL vs. NYK,W,11.1,4.0,6.0,0.667,1.0,2.0,0.5,0.0,0.0,0.0,0.0,0.0,0.0,2.0,3.0,0.0,0.0,0.0,0.0,1.0,9.0,2.0,9.0,0,0,12.0,1,1,933,1,1368,606,878,219,569,888,246,839,897,839,853,1474,1540,520,139,757,521,546,1392,752,777,682,1244,193,11,1062,1,11:07,2020,2021
2020-21,203524,Solomon Hill,Solomon,1610612737,ATL,Atlanta Hawks,42000133,2021-05-28T00:00:00,ATL vs. NYK,W,4.6,0.0,1.0,0.0,0.0,1.0,0.0,0.0,0.0,0.0,0.0,1.0,1.0,0.0,0.0,0.0,0.0,0.0,1.0,0.0,0.0,-4.0,1.2,0,0,1.0,1,1,933,1,1606,1470,1522,1470,957,1109,957,839,897,839,853,1157,1289,1145,963,757,521,546,997,1193,1524,1189,1665,193,11,1655,1,4:36,2020,2021
2020-21,1629027,Trae Young,Trae,1610612737,ATL,Atlanta Hawks,42000133,2021-05-28T00:00:00,ATL vs. NYK,W,36.9,8.0,19.0,0.421,2.0,6.0,0.333,3.0,4.0,0.75,0.0,1.0,1.0,14.0,2.0,0.0,0.0,0.0,2.0,6.0,21.0,9.0,41.2,1,0,38.0,1,1,933,1,317,210,168,944,312,291,588,304,274,537,853,1157,1289,8,256,757,521,546,628,100,246,333,213,1,11,241,1,36:53,2020,2021
2020-21,1629631,De'Andre Hunter,De'Andre,1610612737,ATL,Atlanta Hawks,42000133,2021-05-28T00:00:00,ATL vs. NYK,W,35.0,5.0,11.0,0.455,1.0,1.0,1.0,0.0,0.0,0.0,0.0,5.0,5.0,2.0,1.0,0.0,1.0,1.0,2.0,4.0,11.0,10.0,22.0,0,0,21.0,1,1,933,1,430,474,471,848,569,1109,1,839,897,839,853,322,509,520,491,757,152,147,628,242,649,303,727,193,11,718,1,35:01,2020,2021
2020-21,1628989,Kevin Huerter,Kevin,1610612737,ATL,Atlanta Hawks,42000133,2021-05-28T00:00:00,ATL vs. NYK,W,19.2,3.0,5.0,0.6,3.0,4.0,0.75,1.0,2.0,0.5,1.0,2.0,3.0,2.0,1.0,0.0,1.0,0.0,2.0,1.0,10.0,2.0,18.6,0,0,20.0,1,1,933,1,1051,757,999,362,145,546,95,670,500,675,434,883,832,520,491,757,152,546,628,752,713,682,838,193,11,751,1,19:10,2020,2021
2020-21,203991,Clint Capela,Clint,1610612737,ATL,Atlanta Hawks,42000132,2021-05-26T00:00:00,ATL @ NYK,L,36.1,2.0,5.0,0.4,0.0,0.0,0.0,0.0,0.0,0.0,1.0,11.0,12.0,0.0,1.0,1.0,5.0,0.0,3.0,1.0,4.0,-4.0,35.4,0,0,28.0,1,933,1,933,368,949,999,969,957,1340,957,839,897,839,434,36,69,1145,491,264,3,546,326,752,1167,1189,326,193,11,478,1,36:07,2020,2021
2020-21,1630168,Onyeka Okongwu,Onyeka,1610612737,ATL,Atlanta Hawks,42000132,2021-05-26T00:00:00,ATL @ NYK,L,5.8,0.0,0.0,0.0,0.0,0.0,0.0,1.0,2.0,0.5,0.0,2.0,2.0,0.0,0.0,0.0,0.0,0.0,1.0,1.0,1.0,-2.0,3.4,0,0,3.0,1,933,1,933,1549,1470,1686,1470,957,1340,957,670,500,675,853,883,1054,1145,963,757,521,546,997,752,1501,1049,1532,193,11,1536,1,5:48,2020,2021
2020-21,101150,Lou Williams,Lou,1610612737,ATL,Atlanta Hawks,42000132,2021-05-26T00:00:00,ATL @ NYK,L,12.5,1.0,6.0,0.167,0.0,1.0,0.0,3.0,3.0,1.0,0.0,0.0,0.0,1.0,2.0,2.0,0.0,0.0,0.0,3.0,5.0,-14.0,10.5,0,0,10.0,1,933,1,933,1304,1202,878,1436,957,1109,957,304,420,1,853,1474,1540,758,256,84,521,546,1392,348,1075,1664,1175,193,11,1150,1,12:31,2020,2021
2020-21,1629027,Trae Young,Trae,1610612737,ATL,Atlanta Hawks,42000132,2021-05-26T00:00:00,ATL @ NYK,L,35.5,11.0,20.0,0.55,4.0,7.0,0.571,4.0,4.0,1.0,0.0,1.0,1.0,7.0,5.0,0.0,0.0,1.0,1.0,6.0,30.0,5.0,36.7,0,0,42.0,1,933,1,933,403,82,143,506,74,196,218,202,274,1,853,1157,1289,112,29,757,521,147,997,100,97,507,295,193,11,181,1,35:29,2020,2021
2020-21,203992,Bogdan Bogdanović,Bogdan,1610612737,ATL,Atlanta Hawks,42000132,2021-05-26T00:00:00,ATL @ NYK,L,35.5,8.0,21.0,0.381,2.0,13.0,0.154,0.0,0.0,0.0,1.0,5.0,6.0,3.0,0.0,0.0,2.0,0.0,2.0,0.0,18.0,5.0,35.7,0,0,33.0,1,933,1,933,403,210,123,1052,312,16,923,839,897,839,434,322,387,358,963,757,49,546,628,1193,344,507,313,193,11,349,1,35:29,2020,2021
2020-21,201568,Danilo Gallinari,Danilo,1610612737,ATL,Atlanta Hawks,42000132,2021-05-26T00:00:00,ATL @ NYK,L,29.6,2.0,10.0,0.2,2.0,9.0,0.222,0.0,0.0,0.0,2.0,3.0,5.0,4.0,1.0,0.0,1.0,0.0,2.0,2.0,6.0,-2.0,20.0,0,0,19.0,1,933,1,933,652,949,540,1397,312,80,846,839,897,839,212,648,509,267,491,757,152,546,628,527,987,1049,793,193,11,786,1,29:35,2020,2021
2020-21,203503,Tony Snell,Tony,1610612737,ATL,Atlanta Hawks,42000132,2021-05-26T00:00:00,ATL @ NYK,L,12.5,0.0,2.0,0.0,0.0,1.0,0.0,0.0,0.0,0.0,0.0,2.0,2.0,0.0,1.0,0.0,1.0,0.0,1.0,0.0,0.0,-14.0,4.4,0,0,4.0,1,933,1,933,1304,1470,1378,1470,957,1109,957,839,897,839,853,883,1054,1145,491,757,152,546,997,1193,1524,1664,1475,193,11,1461,1,12:31,2020,2021
2020-21,1628381,John Collins,John,1610612737,ATL,Atlanta Hawks,42000132,2021-05-26T00:00:00,ATL @ NYK,L,14.6,0.0,2.0,0.0,0.0,2.0,0.0,0.0,0.0,0.0,0.0,2.0,2.0,0.0,1.0,1.0,0.0,0.0,5.0,0.0,0.0,-5.0,4.4,0,0,4.0,1,933,1,933,1225,1470,1378,1470,957,888,957,839,897,839,853,883,1054,1145,491,264,521,546,26,1193,1524,1260,1475,193,11,1461,1,14:38,2020,2021
2020-21,1629631,De'Andre Hunter,De'Andre,1610612737,ATL,Atlanta Hawks,42000132,2021-05-26T00:00:00,ATL @ NYK,L,32.0,3.0,10.0,0.3,3.0,8.0,0.375,9.0,11.0,0.818,0.0,6.0,6.0,0.0,1.0,0.0,0.0,0.0,4.0,6.0,18.0,5.0,24.2,0,0,27.0,1,933,1,933,565,757,540,1262,145,132,563,40,36,496,853,236,387,1145,491,757,521,546,120,100,344,507,636,193,11,514,1,31:59,2020,2021
2020-21,1628989,Kevin Huerter,Kevin,1610612737,ATL,Atlanta Hawks,42000132,2021-05-26T00:00:00,ATL @ NYK,L,25.9,4.0,8.0,0.5,1.0,3.0,0.333,1.0,2.0,0.5,2.0,3.0,5.0,2.0,1.0,1.0,3.0,1.0,2.0,1.0,10.0,-19.0,30.0,0,0,26.0,1,933,1,933,797,606,698,565,569,711,588,670,500,675,212,648,509,520,491,264,19,147,628,752,713,1786,472,193,11,548,1,25:53,2020,2021
2020-21,1629027,Trae Young,Trae,1610612737,ATL,Atlanta Hawks,42000131,2021-05-23T00:00:00,ATL @ NYK,W,35.3,11.0,23.0,0.478,1.0,3.0,0.333,9.0,9.0,1.0,2.0,5.0,7.0,10.0,2.0,0.0,0.0,2.0,0.0,5.0,32.0,0.0,53.4,1,0,50.0,1,1,933,1,416,82,77,802,569,711,588,40,75,1,212,322,300,36,256,757,521,38,1392,166,76,848,87,1,11,102,1,35:16,2020,2021
2020-21,1630168,Onyeka Okongwu,Onyeka,1610612737,ATL,Atlanta Hawks,42000131,2021-05-23T00:00:00,ATL @ NYK,W,2.7,0.0,0.0,0.0,0.0,0.0,0.0,0.0,0.0,0.0,0.0,0.0,0.0,0.0,0.0,0.0,0.0,0.0,1.0,0.0,0.0,-3.0,0.0,0,0,0.0,1,1,933,1,1706,1470,1686,1470,957,1340,957,839,897,839,853,1474,1540,1145,963,757,521,546,997,1193,1524,1132,1720,193,11,1725,1,2:40,2020,2021
2020-21,1628989,Kevin Huerter,Kevin,1610612737,ATL,Atlanta Hawks,42000131,2021-05-23T00:00:00,ATL @ NYK,W,27.4,3.0,7.0,0.429,1.0,4.0,0.25,1.0,1.0,1.0,0.0,4.0,4.0,1.0,0.0,1.0,2.0,0.0,1.0,3.0,8.0,2.0,23.3,0,0,20.0,1,1,933,1,747,757,796,908,569,546,767,670,811,1,853,454,637,758,963,264,49,546,997,348,836,682,675,193,11,751,1,27:21,2020,2021
2020-21,101150,Lou Williams,Lou,1610612737,ATL,Atlanta Hawks,42000131,2021-05-23T00:00:00,ATL @ NYK,W,12.7,6.0,9.0,0.667,1.0,1.0,1.0,0.0,0.0,0.0,0.0,0.0,0.0,2.0,0.0,0.0,0.0,0.0,1.0,1.0,13.0,2.0,16.0,0,0,16.0,1,1,933,1,1297,370,619,219,569,1109,1,839,897,839,853,1474,1540,520,963,757,521,546,997,752,551,682,941,193,11,901,1,12:43,2020,2021
2020-21,203992,Bogdan Bogdanović,Bogdan,1610612737,ATL,Atlanta Hawks,42000131,2021-05-23T00:00:00,ATL @ NYK,W,33.6,7.0,15.0,0.467,4.0,9.0,0.444,0.0,0.0,0.0,1.0,3.0,4.0,2.0,1.0,2.0,0.0,0.0,4.0,0.0,18.0,17.0,30.8,0,0,32.0,1,1,933,1,491,288,279,817,74,80,461,839,897,839,434,648,637,520,491,84,521,546,120,1193,344,121,442,193,11,371,1,33:35,2020,2021
2020-21,1628381,John Collins,John,1610612737,ATL,Atlanta Hawks,42000131,2021-05-23T00:00:00,ATL @ NYK,W,35.2,5.0,9.0,0.556,2.0,4.0,0.5,0.0,0.0,0.0,0.0,7.0,7.0,0.0,1.0,1.0,2.0,1.0,1.0,3.0,12.0,3.0,28.4,0,0,27.0,1,1,933,1,420,474,619,482,312,546,246,839,897,839,853,172,300,1145,491,264,49,147,997,348,597,616,510,193,11,514,1,35:14,2020,2021
2020-21,203991,Clint Capela,Clint,1610612737,ATL,Atlanta Hawks,42000131,2021-05-23T00:00:00,ATL @ NYK,W,34.6,4.0,7.0,0.571,0.0,0.0,0.0,1.0,2.0,0.5,4.0,9.0,13.0,0.0,0.0,0.0,2.0,1.0,0.0,1.0,9.0,8.0,30.6,0,0,26.0,1,1,933,1,451,606,796,441,957,1340,957,670,500,675,45,85,41,1145,963,757,49,147,1392,752,777,372,453,193,11,548,1,34:34,2020,2021
2020-21,203503,Tony Snell,Tony,1610612737,ATL,Atlanta Hawks,42000131,2021-05-23T00:00:00,ATL @ NYK,W,12.8,1.0,3.0,0.333,1.0,2.0,0.5,0.0,0.0,0.0,0.0,2.0,2.0,1.0,0.0,1.0,0.0,0.0,0.0,0.0,3.0,-8.0,9.9,0,0,9.0,1,1,933,1,1292,1202,1249,1124,569,888,246,839,897,839,853,883,1054,758,963,264,521,546,1392,1193,1255,1428,1200,193,11,1204,1,12:48,2020,2021
2020-21,1629631,De'Andre Hunter,De'Andre,1610612737,ATL,Atlanta Hawks,42000131,2021-05-23T00:00:00,ATL @ NYK,W,22.3,2.0,6.0,0.333,1.0,4.0,0.25,0.0,0.0,0.0,0.0,4.0,4.0,0.0,1.0,0.0,0.0,0.0,1.0,3.0,5.0,-7.0,8.8,0,0,10.0,1,1,933,1,935,949,878,1124,569,546,767,839,897,839,853,454,637,1145,491,757,521,546,997,348,1075,1383,1256,193,11,1150,1,22:16,2020,2021
2020-21,201568,Danilo Gallinari,Danilo,1610612737,ATL,Atlanta Hawks,42000131,2021-05-23T00:00:00,ATL @ NYK,W,23.5,3.0,11.0,0.273,1.0,7.0,0.143,0.0,0.0,0.0,0.0,1.0,1.0,1.0,1.0,1.0,1.0,0.0,4.0,0.0,7.0,-4.0,14.7,0,0,14.0,1,1,933,1,879,757,471,1301,569,196,924,839,897,839,853,1157,1289,758,491,264,152,546,120,1193,920,1189,981,193,11,978,1,23:33,2020,2021
